9.999997615814208984e-01,3.128053843975067139e-01,1.190881729125976562e-01,6.033798679709434509e-02,2.079814374446868896e-01,9.194788336753845215e-02,-1.086420938372612000e-01,2.401488274335861206e-01,1.378161758184432983e-01,7.136687636375427246e-02,2.097005099058151245e-01,1.439436525106430054e-01,9.198936074972152710e-02,2.641749382019042969e-01,1.865779012441635132e-01,9.174448251724243164e-02,1.224968209862709045e-02,-3.788093104958534241e-02,1.410192400217056274e-01,1.142180338501930237e-01,5.420927330851554871e-02,2.094199322164058685e-02,1.125144213438034058e-02,1.974645256996154785e-01,3.396482765674591064e-01,-7.632617652416229248e-02,1.132259294390678406e-01,4.285881519317626953e-01,3.020079135894775391e-01,1.825406700372695923e-01,1.077423244714736938e-01,8.345200121402740479e-02,2.575087547302246094e-01,1.187929287552833557e-01,7.808007299900054932e-02,1.920204013586044312e-01,2.095329761505126953e-01,2.108425796031951904e-01,1.205273568630218506e-01,1.377533525228500366e-01,1.976865530014038086e-01,2.455713301897048950e-01,9.764234721660614014e-02,2.442280203104019165e-01,2.026478797197341919e-01,8.779072016477584839e-02,5.648915842175483704e-02,1.270081941038370132e-02
3.128053843975067139e-01,9.999995231628417969e-01,2.641730606555938721e-01,4.774463474750518799e-01,4.873788356781005859e-01,3.405925035476684570e-01,1.408250927925109863e-01,4.410867989063262939e-01,4.196101054549217224e-02,2.524346113204956055e-01,3.547967374324798584e-01,4.043695628643035889e-01,9.783023595809936523e-02,4.060886502265930176e-01,3.506275713443756104e-01,2.080014795064926147e-01,-4.359876736998558044e-02,-4.378386586904525757e-02,-3.075886145234107971e-02,-1.007256284356117249e-01,-9.273827075958251953e-02,3.693276643753051758e-02,-1.724798381328582764e-01,1.570091247558593750e-01,9.519503265619277954e-02,2.014528363943099976e-01,2.315846532583236694e-01,3.725391030311584473e-01,4.677454829216003418e-01,4.109675586223602295e-01,2.516094446182250977e-01,1.411783844232559204e-01,2.375068962574005127e-01,2.838194966316223145e-01,2.038198262453079224e-01,1.838008612394332886e-01,4.513573646545410156e-01,3.183881044387817383e-01,2.055735439062118530e-01,-2.693692781031131744e-02,6.735296249389648438e-01,4.960089027881622314e-01,2.773032486438751221e-01,3.026031851768493652e-01,3.785072267055511475e-01,2.105132639408111572e-01,-2.615543315187096596e-03,5.175716057419776917e-02
1.190881729125976562e-01,2.641730606555938721e-01,1.000000476837158203e+00,5.902060866355895996e-01,7.079727947711944580e-02,2.163818664848804474e-02,-2.632606923580169678e-01,4.277794063091278076e-02,-6.338275223970413208e-02,3.245685398578643799e-01,-6.890171766281127930e-02,2.863804399967193604e-01,1.279741972684860229e-01,-7.307393010705709457e-03,2.005283832550048828e-01,1.732242256402969360e-01,-3.015328049659729004e-01,-9.749498963356018066e-02,-6.373904645442962646e-02,-1.858564764261245728e-01,-1.105601415038108826e-01,7.981230318546295166e-02,-1.521947681903839111e-01,7.614164799451828003e-02,9.193541109561920166e-02,4.736085236072540283e-01,2.259372174739837646e-02,4.502945244312286377e-01,3.797267079353332520e-01,1.176443621516227722e-01,1.786203682422637939e-01,2.273034006357192993e-01,5.922139063477516174e-02,1.948725432157516479e-01,1.634880602359771729e-01,4.100908711552619934e-02,5.894284695386886597e-02,2.368114739656448364e-01,1.208432391285896301e-01,-1.958514563739299774e-02,2.601656317710876465e-01,2.570278644561767578e-01,1.564967185258865356e-01,2.350454181432723999e-01,2.515943646430969238e-01,1.970790326595306396e-01,9.766823798418045044e-02,-1.506270617246627808e-01
6.033798679709434509e-02,4.774463474750518799e-01,5.902060866355895996e-01,1.000000119209289551e+00,2.577314972877502441e-01,2.506004273891448975e-01,-1.148467883467674255e-03,1.432078033685684204e-01,-6.334053352475166321e-03,2.756881415843963623e-01,1.248692423105239868e-01,3.332500457763671875e-01,-5.238896980881690979e-02,1.336824297904968262e-01,1.893921941518783569e-01,7.502480410039424896e-03,-1.421213001012802124e-01,-1.174116414040327072e-02,-4.688481613993644714e-02,-2.294561564922332764e-01,-1.248240321874618530e-01,7.348613440990447998e-02,-2.371168732643127441e-01,-1.346461195498704910e-02,-2.789284288883209229e-02,4.309236109256744385e-01,6.217953562736511230e-02,1.545774936676025391e-01,2.355894446372985840e-01,2.217675149440765381e-01,2.551034688949584961e-01,1.512297689914703369e-01,-8.994742529466748238e-04,1.708656698465347290e-01,9.629146754741668701e-02,6.444118171930313110e-02,1.465801000595092773e-01,1.488893032073974609e-01,3.040418401360511780e-02,-2.959741652011871338e-02,5.771037340164184570e-01,2.856328189373016357e-01,2.067847549915313721e-01,1.370518654584884644e-01,2.525469064712524414e-01,1.581715047359466553e-01,-8.200661092996597290e-02,8.621889166533946991e-03
2.079814374446868896e-01,4.873788356781005859e-01,7.079727947711944580e-02,2.577314972877502441e-01,1.000000119209289551e+00,3.367063403129577637e-01,4.553087800741195679e-02,3.468492627143859863e-01,-7.748199999332427979e-02,3.617981821298599243e-02,2.252501547336578369e-01,2.321906834840774536e-01,1.717164367437362671e-01,3.178688287734985352e-01,1.259417086839675903e-01,1.614260971546173096e-01,-1.799873411655426025e-01,1.490049064159393311e-02,-1.054408401250839233e-01,-2.583940885961055756e-02,-5.308657884597778320e-02,-3.741387650370597839e-02,-1.814099252223968506e-01,5.937172472476959229e-02,1.384442895650863647e-01,2.358463406562805176e-02,2.029099911451339722e-01,2.877778708934783936e-01,2.309368997812271118e-01,7.124329358339309692e-02,5.751207098364830017e-02,9.303274750709533691e-02,2.900112569332122803e-01,2.073864191770553589e-01,6.864923518151044846e-03,-4.352677986025810242e-02,2.947652935981750488e-01,1.309205293655395508e-01,1.677663475275039673e-01,-1.596937179565429688e-01,4.460871815681457520e-01,1.801892966032028198e-01,1.879500299692153931e-01,1.166878342628479004e-01,8.628374338150024414e-02,1.183090507984161377e-01,-5.171767249703407288e-02,-7.230663299560546875e-02
9.194788336753845215e-02,3.405925035476684570e-01,2.163818664848804474e-02,2.506004273891448975e-01,3.367063403129577637e-01,9.999998807907104492e-01,2.899093627929687500e-01,1.107363328337669373e-01,-8.262632787227630615e-02,1.946081221103668213e-01,1.877457350492477417e-01,1.661371290683746338e-01,2.810381650924682617e-01,1.191152110695838928e-01,2.107454091310501099e-01,2.144738435745239258e-01,7.051687687635421753e-02,2.223855704069137573e-01,-1.369586437940597534e-01,2.385620772838592529e-01,2.536669969558715820e-01,2.088752388954162598e-01,1.023346632719039917e-01,-2.993318811058998108e-02,-7.229547947645187378e-02,-9.236530959606170654e-02,1.117138043045997620e-01,5.623302236199378967e-02,1.002701371908187866e-01,-4.944349080324172974e-02,4.201424121856689453e-02,3.318203240633010864e-02,1.128264144062995911e-01,-4.671598318964242935e-03,2.288603186607360840e-01,-1.317778378725051880e-01,1.932859718799591064e-01,1.902298480272293091e-01,4.134966805577278137e-02,-7.286857813596725464e-02,3.122773766517639160e-01,2.098373770713806152e-01,1.480681598186492920e-01,1.192153897136449814e-02,2.703790664672851562e-01,2.420211136341094971e-01,-8.482840657234191895e-02,1.042276173830032349e-01
-1.086420938372612000e-01,1.408250927925109863e-01,-2.632606923580169678e-01,-1.148467883467674255e-03,4.553087800741195679e-02,2.899093627929687500e-01,1.000000000000000000e+00,6.733562052249908447e-02,1.835567206144332886e-01,-1.222262084484100342e-01,3.705130517482757568e-01,-9.965480118989944458e-02,-8.779323846101760864e-02,1.541187763214111328e-01,-1.485771834850311279e-01,1.044941842555999756e-01,5.758555531501770020e-01,-2.206544950604438782e-02,1.231196150183677673e-02,-2.333598956465721130e-02,-1.135936900973320007e-01,4.593826457858085632e-02,1.938945651054382324e-01,4.499054979532957077e-03,-1.121636386960744858e-02,-9.262961149215698242e-02,1.948759853839874268e-01,-1.552926748991012573e-01,8.725146949291229248e-02,2.385604232549667358e-01,-1.195860505104064941e-01,-2.044872343540191650e-01,-3.730559721589088440e-02,-2.742720954120159149e-02,1.498614102602005005e-01,3.290918096899986267e-02,1.514680683612823486e-01,-8.997023850679397583e-02,3.784649539738893509e-03,3.274028003215789795e-02,5.372605472803115845e-02,1.301453113555908203e-01,-8.527052402496337891e-02,1.946881599724292755e-02,-2.946804976090788841e-03,-1.271789669990539551e-01,-7.782366871833801270e-02,2.997601628303527832e-01
2.401488274335861206e-01,4.410867989063262939e-01,4.277794063091278076e-02,1.432078033685684204e-01,3.468492627143859863e-01,1.107363328337669373e-01,6.733562052249908447e-02,9.999996423721313477e-01,2.742556333541870117e-01,1.763407438993453979e-01,3.787225484848022461e-01,3.184385299682617188e-01,6.138265132904052734e-02,5.491006374359130859e-01,3.097721934318542480e-01,2.454895377159118652e-01,1.554304957389831543e-01,5.738583579659461975e-02,1.831407397985458374e-01,4.091141745448112488e-02,-4.029501229524612427e-03,1.529835611581802368e-01,-6.131440401077270508e-02,1.954692602157592773e-01,1.118862107396125793e-01,4.204025864601135254e-02,1.166451722383499146e-01,2.316276878118515015e-01,1.737439185380935669e-01,3.939206004142761230e-01,2.458689957857131958e-01,1.391747444868087769e-01,4.007767736911773682e-01,3.388347923755645752e-01,1.997058689594268799e-01,2.331681996583938599e-01,5.721747279167175293e-01,3.489249050617218018e-01,2.771045267581939697e-01,5.507389828562736511e-02,3.537940084934234619e-01,3.445279300212860107e-01,2.410416901111602783e-01,3.510466814041137695e-01,1.530466228723526001e-01,1.703754663467407227e-01,7.233462482690811157e-02,1.625368893146514893e-01
1.378161758184432983e-01,4.196101054549217224e-02,-6.338275223970413208e-02,-6.334053352475166321e-03,-7.748199999332427979e-02,-8.262632787227630615e-02,1.835567206144332886e-01,2.742556333541870117e-01,9.999997615814208984e-01,6.409465521574020386e-02,4.658702313899993896e-01,1.400998681783676147e-01,-1.720493882894515991e-01,3.335403501987457275e-01,1.067219004034996033e-01,1.785166412591934204e-01,4.304948151111602783e-01,-2.599183619022369385e-01,2.849542200565338135e-01,-7.820048183202743530e-02,-1.745790541172027588e-01,-3.935666754841804504e-02,7.778673619031906128e-02,1.257484555244445801e-01,2.874820120632648468e-02,3.539124736562371254e-03,1.340497285127639771e-01,-3.240321949124336243e-02,-2.842156216502189636e-02,2.666876614093780518e-01,-7.775167375802993774e-02,-1.723369508981704712e-01,1.115172132849693298e-01,1.980332583189010620e-01,1.270017921924591064e-01,2.628400921821594238e-01,2.959210872650146484e-01,1.589625328779220581e-01,2.261212170124053955e-01,1.315462738275527954e-01,-5.961281713098287582e-03,1.810669451951980591e-01,-3.222775179892778397e-03,4.831224381923675537e-01,3.786697238683700562e-02,-6.775017082691192627e-02,-1.146344095468521118e-02,3.009259402751922607e-01
7.136687636375427246e-02,2.524346113204956055e-01,3.245685398578643799e-01,2.756881415843963623e-01,3.617981821298599243e-02,1.946081221103668213e-01,-1.222262084484100342e-01,1.763407438993453979e-01,6.409465521574020386e-02,1.000000119209289551e+00,2.035972848534584045e-02,7.357284426689147949e-01,4.245382845401763916e-01,-9.039707481861114502e-03,5.646471977233886719e-01,3.598459064960479736e-01,-1.494242716580629349e-02,9.520424157381057739e-02,2.237545549869537354e-01,1.829384863376617432e-01,3.273011147975921631e-01,4.517422616481781006e-01,4.797284305095672607e-02,2.040274739265441895e-01,3.183076158165931702e-02,1.385095864534378052e-01,1.285856217145919800e-02,1.026638895273208618e-01,-2.197613567113876343e-02,3.464138507843017578e-02,4.088799059391021729e-01,3.538766205310821533e-01,1.938533037900924683e-02,1.778264492750167847e-01,1.983969062566757202e-01,6.670647114515304565e-02,6.845387816429138184e-02,2.525307238101959229e-01,1.674627363681793213e-01,6.513991206884384155e-02,1.720259636640548706e-01,4.902106225490570068e-01,5.467032790184020996e-01,3.433481156826019287e-01,5.145267248153686523e-01,7.201958894729614258e-01,1.356976926326751709e-01,1.384094916284084320e-02
2.097005099058151245e-01,3.547967374324798584e-01,-6.890171766281127930e-02,1.248692423105239868e-01,2.252501547336578369e-01,1.877457350492477417e-01,3.705130517482757568e-01,3.787225484848022461e-01,4.658702313899993896e-01,2.035972848534584045e-02,9.999997615814208984e-01,2.655492424964904785e-01,-1.204923316836357117e-01,6.625803112983703613e-01,1.804072707891464233e-01,1.906685829162597656e-01,3.734540939331054688e-01,-2.212885767221450806e-01,-1.555516477674245834e-02,-2.364122718572616577e-01,-2.232032269239425659e-01,-6.496449559926986694e-02,-1.356256306171417236e-01,2.493963576853275299e-03,3.945391252636909485e-02,-2.363038435578346252e-02,2.878735959529876709e-01,8.738767355680465698e-02,2.928840816020965576e-01,3.639468252658843994e-01,-1.549275871366262436e-02,-9.976232051849365234e-02,1.241462677717208862e-01,2.026814222335815430e-01,1.734395921230316162e-01,2.108652591705322266e-01,4.234677553176879883e-01,7.406629621982574463e-02,9.325116872787475586e-02,-1.409697383642196655e-01,3.698416948318481445e-01,2.981042563915252686e-01,3.834082186222076416e-02,2.943565547466278076e-01,1.683825105428695679e-01,-5.781255662441253662e-02,-1.604058593511581421e-01,2.167691737413406372e-01
1.439436525106430054e-01,4.043695628643035889e-01,2.863804399967193604e-01,3.332500457763671875e-01,2.321906834840774536e-01,1.661371290683746338e-01,-9.965480118989944458e-02,3.184385299682617188e-01,1.400998681783676147e-01,7.357284426689147949e-01,2.655492424964904785e-01,1.000000238418579102e+00,3.920147418975830078e-01,2.511863410472869873e-01,6.470157504081726074e-01,3.403882980346679688e-01,-2.675080485641956329e-02,5.963011831045150757e-02,1.679645031690597534e-01,8.096545934677124023e-02,2.267135828733444214e-01,3.716621696949005127e-01,-6.857582181692123413e-02,2.358639389276504517e-01,4.877401143312454224e-02,1.481673419475555420e-01,1.109015718102455139e-01,2.028578966856002808e-01,1.282787173986434937e-01,1.872703284025192261e-01,4.726225435733795166e-01,3.687467873096466064e-01,1.156089678406715393e-01,2.448742836713790894e-01,2.573376893997192383e-01,1.881012171506881714e-01,2.043776363134384155e-01,2.872073054313659668e-01,2.982946634292602539e-01,2.675293013453483582e-02,4.008232951164245605e-01,4.873926341533660889e-01,5.789352655410766602e-01,4.236977398395538330e-01,4.566344022750854492e-01,6.364566087722778320e-01,7.012775540351867676e-02,1.608262024819850922e-02
9.198936074972152710e-02,9.783023595809936523e-02,1.279741972684860229e-01,-5.238896980881690979e-02,1.717164367437362671e-01,2.810381650924682617e-01,-8.779323846101760864e-02,6.138265132904052734e-02,-1.720493882894515991e-01,4.245382845401763916e-01,-1.204923316836357117e-01,3.920147418975830078e-01,1.000000715255737305e+00,-2.071800455451011658e-02,4.736835360527038574e-01,4.965568780899047852e-01,-1.083049103617668152e-01,3.908446729183197021e-01,1.620763242244720459e-01,5.252227783203125000e-01,5.279336571693420410e-01,4.887478351593017578e-01,2.673480212688446045e-01,2.897244393825531006e-01,5.409757047891616821e-02,-1.094691976904869080e-01,3.610866889357566833e-02,2.421480119228363037e-01,4.992644861340522766e-02,-1.652308106422424316e-01,2.838055491447448730e-01,4.845328330993652344e-01,1.284295916557312012e-01,-2.538834139704704285e-02,2.337605059146881104e-01,7.902189344167709351e-02,6.384089589118957520e-02,2.340499013662338257e-01,4.038314223289489746e-01,1.702474504709243774e-01,6.535646319389343262e-02,2.494721263647079468e-01,4.166928529739379883e-01,1.462827920913696289e-01,2.399146705865859985e-01,5.404326915740966797e-01,3.118166029453277588e-01,-3.417154774069786072e-02
2.641749382019042969e-01,4.060886502265930176e-01,-7.307393010705709457e-03,1.336824297904968262e-01,3.178688287734985352e-01,1.191152110695838928e-01,1.541187763214111328e-01,5.491006374359130859e-01,3.335403501987457275e-01,-9.039707481861114502e-03,6.625803112983703613e-01,2.511863410472869873e-01,-2.071800455451011658e-02,1.000000238418579102e+00,2.255386412143707275e-01,1.988511383533477783e-01,2.488752752542495728e-01,-9.616028517484664917e-02,7.835598289966583252e-02,-8.274418860673904419e-02,-1.250193119049072266e-01,-2.472787722945213318e-02,-6.241523846983909607e-02,1.090727671980857849e-01,2.451719902455806732e-02,3.608882054686546326e-02,1.679247915744781494e-01,2.234517335891723633e-01,3.113321661949157715e-01,4.496605694293975830e-01,9.611931443214416504e-02,1.742523536086082458e-02,2.298607081174850464e-01,1.171909347176551819e-01,2.325395196676254272e-01,3.329227268695831299e-01,5.984069108963012695e-01,2.427568286657333374e-01,2.506130635738372803e-01,-1.292913686484098434e-02,4.428666830062866211e-01,2.660119533538818359e-01,7.698658108711242676e-02,3.258594572544097900e-01,1.738170087337493896e-01,-6.107562780380249023e-02,-7.100094854831695557e-02,1.953084319829940796e-01
1.865779012441635132e-01,3.506275713443756104e-01,2.005283832550048828e-01,1.893921941518783569e-01,1.259417086839675903e-01,2.107454091310501099e-01,-1.485771834850311279e-01,3.097721934318542480e-01,1.067219004034996033e-01,5.646471977233886719e-01,1.804072707891464233e-01,6.470157504081726074e-01,4.736835360527038574e-01,2.255386412143707275e-01,1.000000238418579102e+00,5.033770799636840820e-01,4.358955472707748413e-02,1.399605721235275269e-01,2.632787227630615234e-01,1.855120360851287842e-01,2.521329820156097412e-01,3.649165034294128418e-01,2.902852138504385948e-03,1.906674951314926147e-01,1.793330907821655273e-02,1.272275447845458984e-01,1.812687218189239502e-01,2.984139919281005859e-01,1.921504735946655273e-01,1.571174710988998413e-01,4.110404551029205322e-01,4.331053495407104492e-01,1.657021939754486084e-01,2.086635529994964600e-01,3.252392411231994629e-01,2.214070856571197510e-01,2.189122289419174194e-01,4.493325948715209961e-01,3.153990209102630615e-01,2.907180227339267731e-02,3.180048167705535889e-01,5.924127697944641113e-01,4.249667525291442871e-01,4.637956321239471436e-01,4.631198644638061523e-01,5.570285320281982422e-01,2.154794931411743164e-01,9.276341646909713745e-02
9.174448251724243164e-02,2.080014795064926147e-01,1.732242256402969360e-01,7.502480410039424896e-03,1.614260971546173096e-01,2.144738435745239258e-01,1.044941842555999756e-01,2.454895377159118652e-01,1.785166412591934204e-01,3.598459064960479736e-01,1.906685829162597656e-01,3.403882980346679688e-01,4.965568780899047852e-01,1.988511383533477783e-01,5.033770799636840820e-01,1.000000238418579102e+00,1.559900194406509399e-01,-2.370422333478927612e-02,1.716586351394653320e-01,7.181954383850097656e-02,8.229886740446090698e-02,3.354957103729248047e-01,2.098619341850280762e-01,2.353273779153823853e-01,1.100231260061264038e-01,-1.006824243813753128e-02,1.447049230337142944e-01,2.851084470748901367e-01,1.535122245550155640e-01,7.636895030736923218e-02,8.902807533740997314e-02,2.885220050811767578e-01,1.953592896461486816e-01,1.827032715082168579e-01,2.807537317276000977e-01,1.187393292784690857e-01,2.741663157939910889e-01,2.788240313529968262e-01,4.302761852741241455e-01,1.623957045376300812e-02,1.176262423396110535e-01,5.264139175415039062e-01,2.914606630802154541e-01,3.767232894897460938e-01,3.310876190662384033e-01,4.030891358852386475e-01,2.600950002670288086e-01,1.993145942687988281e-01
1.224968209862709045e-02,-4.359876736998558044e-02,-3.015328049659729004e-01,-1.421213001012802124e-01,-1.799873411655426025e-01,7.051687687635421753e-02,5.758555531501770020e-01,1.554304957389831543e-01,4.304948151111602783e-01,-1.494242716580629349e-02,3.734540939331054688e-01,-2.675080485641956329e-02,-1.083049103617668152e-01,2.488752752542495728e-01,4.358955472707748413e-02,1.559900194406509399e-01,1.000000119209289551e+00,2.891009859740734100e-02,4.154394865036010742e-01,1.146138086915016174e-01,4.066805914044380188e-02,2.236118167638778687e-01,3.922450840473175049e-01,8.192130178213119507e-02,-6.396041065454483032e-02,-5.200280621647834778e-02,1.161883100867271423e-01,-2.379044890403747559e-01,-9.625630080699920654e-02,2.281027585268020630e-01,-3.595014661550521851e-02,-7.304412871599197388e-02,-3.298694640398025513e-02,-6.445275992155075073e-02,1.581997424364089966e-01,1.993543058633804321e-01,1.868729889392852783e-01,-4.825488664209842682e-03,3.722549974918365479e-02,1.795197129249572754e-01,-1.123712286353111267e-01,2.441309839487075806e-01,-7.262435555458068848e-02,2.363141030073165894e-01,5.847818404436111450e-02,-8.449332416057586670e-02,4.052938893437385559e-02,4.862305819988250732e-01
-3.788093104958534241e-02,-4.378386586904525757e-02,-9.749498963356018066e-02,-1.174116414040327072e-02,1.490049064159393311e-02,2.223855704069137573e-01,-2.206544950604438782e-02,5.738583579659461975e-02,-2.599183619022369385e-01,9.520424157381057739e-02,-2.212885767221450806e-01,5.963011831045150757e-02,3.908446729183197021e-01,-9.616028517484664917e-02,1.399605721235275269e-01,-2.370422333478927612e-02,2.891009859740734100e-02,9.999995231628417969e-01,9.157495200634002686e-02,5.248330831527709961e-01,6.478115916252136230e-01,5.427962541580200195e-01,2.878835499286651611e-01,1.850146055221557617e-01,-8.648683130741119385e-02,-1.022378653287887573e-01,-1.255584955215454102e-01,-8.375918865203857422e-02,-2.099193632602691650e-01,-2.271602451801300049e-01,4.022251963615417480e-01,2.870919108390808105e-01,4.379121959209442139e-02,-1.749509125947952271e-01,4.957014322280883789e-02,2.356546930968761444e-02,5.765105783939361572e-02,5.670859292149543762e-02,1.159014105796813965e-01,1.975421458482742310e-01,2.511011203750967979e-03,-8.449340611696243286e-02,2.208218872547149658e-01,-1.195608526468276978e-01,-7.032318413257598877e-02,1.975435465574264526e-01,2.007250934839248657e-01,5.330304149538278580e-03
1.410192400217056274e-01,-3.075886145234107971e-02,-6.373904645442962646e-02,-4.688481613993644714e-02,-1.054408401250839233e-01,-1.369586437940597534e-01,1.231196150183677673e-02,1.831407397985458374e-01,2.849542200565338135e-01,2.237545549869537354e-01,-1.555516477674245834e-02,1.679645031690597534e-01,1.620763242244720459e-01,7.835598289966583252e-02,2.632787227630615234e-01,1.716586351394653320e-01,4.154394865036010742e-01,9.157495200634002686e-02,1.000000119209289551e+00,3.233677148818969727e-01,1.881438046693801880e-01,3.091371655464172363e-01,2.625923454761505127e-01,2.727967500686645508e-01,1.254816949367523193e-01,4.977635294198989868e-02,1.023878678679466248e-01,3.390175057575106621e-03,-1.386040449142456055e-01,1.767349988222122192e-01,1.961200088262557983e-01,2.363609373569488525e-01,1.886743903160095215e-01,8.932553976774215698e-02,1.454391181468963623e-01,3.035184442996978760e-01,1.192703247070312500e-01,1.707259416580200195e-01,3.181064724922180176e-01,3.559571504592895508e-01,-7.818434387445449829e-02,2.456080764532089233e-01,3.072639405727386475e-01,3.858580291271209717e-01,1.205661743879318237e-01,2.394738346338272095e-01,1.839330047369003296e-01,3.830736279487609863e-01
1.142180338501930237e-01,-1.007256284356117249e-01,-1.858564764261245728e-01,-2.294561564922332764e-01,-2.583940885961055756e-02,2.385620772838592529e-01,-2.333598956465721130e-02,4.091141745448112488e-02,-7.820048183202743530e-02,1.829384863376617432e-01,-2.364122718572616577e-01,8.096545934677124023e-02,5.252227783203125000e-01,-8.274418860673904419e-02,1.855120360851287842e-01,7.181954383850097656e-02,1.146138086915016174e-01,5.248330831527709961e-01,3.233677148818969727e-01,1.000000119209289551e+00,7.456657290458679199e-01,4.470106363296508789e-01,4.838500916957855225e-01,2.185759693384170532e-01,1.102791354060173035e-02,-1.920677572488784790e-01,-9.289100766181945801e-02,-2.986200153827667236e-02,-2.163777947425842285e-01,-1.511531323194503784e-01,1.842141002416610718e-01,1.765116751194000244e-01,8.366437256336212158e-02,-1.987557560205459595e-01,1.396280080080032349e-01,9.253276139497756958e-02,6.677241623401641846e-02,1.213469877839088440e-01,1.925096660852432251e-01,4.021445810794830322e-01,-1.331740766763687134e-01,-6.147397309541702271e-02,1.746567487716674805e-01,-3.862559795379638672e-02,2.197695896029472351e-02,2.451771795749664307e-01,1.807903498411178589e-01,1.293614655733108521e-01
5.420927330851554871e-02,-9.273827075958251953e-02,-1.105601415038108826e-01,-1.248240321874618530e-01,-5.308657884597778320e-02,2.536669969558715820e-01,-1.135936900973320007e-01,-4.029501229524612427e-03,-1.745790541172027588e-01,3.273011147975921631e-01,-2.232032269239425659e-01,2.267135828733444214e-01,5.279336571693420410e-01,-1.250193119049072266e-01,2.521329820156097412e-01,8.229886740446090698e-02,4.066805914044380188e-02,6.478115916252136230e-01,1.881438046693801880e-01,7.456657290458679199e-01,9.999998807907104492e-01,5.893852710723876953e-01,4.549283981323242188e-01,2.334083020687103271e-01,-7.493613660335540771e-02,-1.740791648626327515e-01,-1.302999556064605713e-01,-7.283364981412887573e-02,-2.438529580831527710e-01,-2.445602864027023315e-01,3.659758269786834717e-01,2.806018292903900146e-01,3.524097427725791931e-02,-1.980769634246826172e-01,7.459016144275665283e-02,7.214394956827163696e-02,2.696583978831768036e-02,9.227573871612548828e-02,1.484816819429397583e-01,3.618738949298858643e-01,-7.753311097621917725e-02,-1.950003020465373993e-02,2.817905545234680176e-01,-7.134494930505752563e-02,3.097336739301681519e-02,4.002691209316253662e-01,2.047138512134552002e-01,4.658599197864532471e-02
2.094199322164058685e-02,3.693276643753051758e-02,7.981230318546295166e-02,7.348613440990447998e-02,-3.741387650370597839e-02,2.088752388954162598e-01,4.593826457858085632e-02,1.529835611581802368e-01,-3.935666754841804504e-02,4.517422616481781006e-01,-6.496449559926986694e-02,3.716621696949005127e-01,4.887478351593017578e-01,-2.472787722945213318e-02,3.649165034294128418e-01,3.354957103729248047e-01,2.236118167638778687e-01,5.427962541580200195e-01,3.091371655464172363e-01,4.470106363296508789e-01,5.893852710723876953e-01,1.000000000000000000e+00,4.663436710834503174e-01,3.114931881427764893e-01,-4.147617891430854797e-02,1.594561338424682617e-02,1.096548978239297867e-03,-4.898160696029663086e-02,-1.506171673536300659e-01,-4.770887270569801331e-02,4.678808152675628662e-01,4.897497594356536865e-01,1.061322540044784546e-01,-1.267427112907171249e-02,2.116594314575195312e-01,1.386358588933944702e-01,1.509309411048889160e-01,1.697377860546112061e-01,2.808918952941894531e-01,2.351148873567581177e-01,6.717846542596817017e-02,2.411467581987380981e-01,3.455870449542999268e-01,8.134306222200393677e-02,2.209437489509582520e-01,4.559369385242462158e-01,3.324290215969085693e-01,4.215002954006195068e-01
1.125144213438034058e-02,-1.724798381328582764e-01,-1.521947681903839111e-01,-2.371168732643127441e-01,-1.814099252223968506e-01,1.023346632719039917e-01,1.938945651054382324e-01,-6.131440401077270508e-02,7.778673619031906128e-02,4.797284305095672607e-02,-1.356256306171417236e-01,-6.857582181692123413e-02,2.673480212688446045e-01,-6.241523846983909607e-02,2.902852138504385948e-03,2.098619341850280762e-01,3.922450840473175049e-01,2.878835499286651611e-01,2.625923454761505127e-01,4.838500916957855225e-01,4.549283981323242188e-01,4.663436710834503174e-01,9.999994039535522461e-01,4.361151158809661865e-01,2.022215537726879120e-02,-9.984564781188964844e-02,-1.575862765312194824e-01,-7.177536189556121826e-02,-1.837048381567001343e-01,-5.323005467653274536e-02,5.191220343112945557e-02,1.394346505403518677e-01,4.806059226393699646e-02,-1.752160638570785522e-01,1.080580279231071472e-01,3.299674689769744873e-01,1.137107983231544495e-01,9.658943861722946167e-03,2.143267691135406494e-01,5.275322198867797852e-01,-2.007274329662322998e-01,-4.081107303500175476e-02,-7.290963083505630493e-02,5.619077943265438080e-03,-1.545467413961887360e-02,3.783405944705009460e-02,4.130323529243469238e-01,3.717063367366790771e-01
1.974645256996154785e-01,1.570091247558593750e-01,7.614164799451828003e-02,-1.346461195498704910e-02,5.937172472476959229e-02,-2.993318811058998108e-02,4.499054979532957077e-03,1.954692602157592773e-01,1.257484555244445801e-01,2.040274739265441895e-01,2.493963576853275299e-03,2.358639389276504517e-01,2.897244393825531006e-01,1.090727671980857849e-01,1.906674951314926147e-01,2.353273779153823853e-01,8.192130178213119507e-02,1.850146055221557617e-01,2.727967500686645508e-01,2.185759693384170532e-01,2.334083020687103271e-01,3.114931881427764893e-01,4.361151158809661865e-01,1.000000119209289551e+00,2.138479650020599365e-01,3.266344219446182251e-02,-5.817246064543724060e-02,2.952325344085693359e-01,1.355995386838912964e-01,2.038340121507644653e-01,3.483367264270782471e-01,3.288912773132324219e-01,2.340107262134552002e-01,2.170836478471755981e-01,1.971488595008850098e-01,5.598586797714233398e-01,2.284781187772750854e-01,2.048478424549102783e-01,3.873576223850250244e-01,4.701944291591644287e-01,9.357398003339767456e-02,1.585675626993179321e-01,2.246145755052566528e-01,2.841560542583465576e-01,1.131122112274169922e-01,2.107194364070892334e-01,5.612761378288269043e-01,1.617071777582168579e-01
3.396482765674591064e-01,9.519503265619277954e-02,9.193541109561920166e-02,-2.789284288883209229e-02,1.384442895650863647e-01,-7.229547947645187378e-02,-1.121636386960744858e-02,1.118862107396125793e-01,2.874820120632648468e-02,3.183076158165931702e-02,3.945391252636909485e-02,4.877401143312454224e-02,5.409757047891616821e-02,2.451719902455806732e-02,1.793330907821655273e-02,1.100231260061264038e-01,-6.396041065454483032e-02,-8.648683130741119385e-02,1.254816949367523193e-01,1.102791354060173035e-02,-7.493613660335540771e-02,-4.147617891430854797e-02,2.022215537726879120e-02,2.138479650020599365e-01,1.000000119209289551e+00,-3.140780143439769745e-03,-9.165314026176929474e-03,2.298631370067596436e-01,4.810903593897819519e-02,3.196480497717857361e-02,3.359612450003623962e-02,2.292306395247578621e-03,2.255317121744155884e-01,2.892505750060081482e-02,9.175776690244674683e-02,2.203890383243560791e-01,1.027533933520317078e-01,-8.303368836641311646e-02,1.129249483346939087e-01,8.598170429468154907e-02,1.305885054171085358e-02,1.084482595324516296e-01,1.349226534366607666e-01,8.721666038036346436e-02,1.320597827434539795e-01,6.619984656572341919e-02,1.280803978443145752e-01,-6.199090275913476944e-04
-7.632617652416229248e-02,2.014528363943099976e-01,4.736085236072540283e-01,4.309236109256744385e-01,2.358463406562805176e-02,-9.236530959606170654e-02,-9.262961149215698242e-02,4.204025864601135254e-02,3.539124736562371254e-03,1.385095864534378052e-01,-2.363038435578346252e-02,1.481673419475555420e-01,-1.094691976904869080e-01,3.608882054686546326e-02,1.272275447845458984e-01,-1.006824243813753128e-02,-5.200280621647834778e-02,-1.022378653287887573e-01,4.977635294198989868e-02,-1.920677572488784790e-01,-1.740791648626327515e-01,1.594561338424682617e-02,-9.984564781188964844e-02,3.266344219446182251e-02,-3.140780143439769745e-03,1.000000357627868652e+00,4.454980418086051941e-02,2.271076142787933350e-01,3.427779674530029297e-01,3.492104411125183105e-01,1.633898019790649414e-01,1.054307818412780762e-01,-4.776217415928840637e-02,1.286588162183761597e-01,8.569511026144027710e-02,1.193533763289451599e-01,3.081422485411167145e-02,4.377632215619087219e-02,4.457922652363777161e-02,6.389977782964706421e-02,2.722057104110717773e-01,1.672421395778656006e-01,3.397236019372940063e-02,1.891738623380661011e-01,1.157122850418090820e-01,-9.674151660874485970e-04,5.769202485680580139e-02,3.382025286555290222e-02
1.132259294390678406e-01,2.315846532583236694e-01,2.259372174739837646e-02,6.217953562736511230e-02,2.029099911451339722e-01,1.117138043045997620e-01,1.948759853839874268e-01,1.166451722383499146e-01,1.340497285127639771e-01,1.285856217145919800e-02,2.878735959529876709e-01,1.109015718102455139e-01,3.610866889357566833e-02,1.679247915744781494e-01,1.812687218189239502e-01,1.447049230337142944e-01,1.161883100867271423e-01,-1.255584955215454102e-01,1.023878678679466248e-01,-9.289100766181945801e-02,-1.302999556064605713e-01,1.096548978239297867e-03,-1.575862765312194824e-01,-5.817246064543724060e-02,-9.165314026176929474e-03,4.454980418086051941e-02,9.999995231628417969e-01,1.741559952497482300e-01,2.717703878879547119e-01,1.253551542758941650e-01,8.207545429468154907e-02,6.525567267090082169e-03,3.176928162574768066e-01,6.264636665582656860e-02,1.243266165256500244e-01,2.355869300663471222e-02,1.671101748943328857e-01,1.225078925490379333e-01,1.279670596122741699e-01,-9.607785940170288086e-02,1.934390813112258911e-01,1.632909029722213745e-01,1.389867663383483887e-01,1.981464475393295288e-01,9.665822982788085938e-02,8.815906941890716553e-02,-3.890482336282730103e-02,9.397451579570770264e-02
4.285881519317626953e-01,3.725391030311584473e-01,4.502945244312286377e-01,1.545774936676025391e-01,2.877778708934783936e-01,5.623302236199378967e-02,-1.552926748991012573e-01,2.316276878118515015e-01,-3.240321949124336243e-02,1.026638895273208618e-01,8.738767355680465698e-02,2.028578966856002808e-01,2.421480119228363037e-01,2.234517335891723633e-01,2.984139919281005859e-01,2.851084470748901367e-01,-2.379044890403747559e-01,-8.375918865203857422e-02,3.390175057575106621e-03,-2.986200153827667236e-02,-7.283364981412887573e-02,-4.898160696029663086e-02,-7.177536189556121826e-02,2.952325344085693359e-01,2.298631370067596436e-01,2.271076142787933350e-01,1.741559952497482300e-01,1.000000238418579102e+00,6.118102669715881348e-01,2.153746187686920166e-01,1.565832495689392090e-01,2.591885030269622803e-01,2.922992110252380371e-01,2.332072407007217407e-01,2.574200928211212158e-01,2.291220575571060181e-01,2.091079652309417725e-01,3.156810998916625977e-01,2.877576053142547607e-01,7.331167906522750854e-02,3.081421554088592529e-01,2.449030429124832153e-01,1.234459802508354187e-01,3.341639637947082520e-01,1.784606426954269409e-01,1.164043098688125610e-01,2.667936086654663086e-01,-1.883356720209121704e-01
3.020079135894775391e-01,4.677454829216003418e-01,3.797267079353332520e-01,2.355894446372985840e-01,2.309368997812271118e-01,1.002701371908187866e-01,8.725146949291229248e-02,1.737439185380935669e-01,-2.842156216502189636e-02,-2.197613567113876343e-02,2.928840816020965576e-01,1.282787173986434937e-01,4.992644861340522766e-02,3.113321661949157715e-01,1.921504735946655273e-01,1.535122245550155640e-01,-9.625630080699920654e-02,-2.099193632602691650e-01,-1.386040449142456055e-01,-2.163777947425842285e-01,-2.438529580831527710e-01,-1.506171673536300659e-01,-1.837048381567001343e-01,1.355995386838912964e-01,4.810903593897819519e-02,3.427779674530029297e-01,2.717703878879547119e-01,6.118102669715881348e-01,1.000000000000000000e+00,4.059581756591796875e-01,6.656757742166519165e-02,6.948195397853851318e-02,1.642982810735702515e-01,2.343797683715820312e-01,2.637640833854675293e-01,1.832621097564697266e-01,2.516110241413116455e-01,3.194211125373840332e-01,1.364752650260925293e-01,-2.809336967766284943e-02,4.142141044139862061e-01,2.362788021564483643e-01,-2.375015802681446075e-02,2.366359680891036987e-01,2.308849692344665527e-01,-6.124678626656532288e-02,9.361463785171508789e-02,-6.820926070213317871e-02
1.825406700372695923e-01,4.109675586223602295e-01,1.176443621516227722e-01,2.217675149440765381e-01,7.124329358339309692e-02,-4.944349080324172974e-02,2.385604232549667358e-01,3.939206004142761230e-01,2.666876614093780518e-01,3.464138507843017578e-02,3.639468252658843994e-01,1.872703284025192261e-01,-1.652308106422424316e-01,4.496605694293975830e-01,1.571174710988998413e-01,7.636895030736923218e-02,2.281027585268020630e-01,-2.271602451801300049e-01,1.767349988222122192e-01,-1.511531323194503784e-01,-2.445602864027023315e-01,-4.770887270569801331e-02,-5.323005467653274536e-02,2.038340121507644653e-01,3.196480497717857361e-02,3.492104411125183105e-01,1.253551542758941650e-01,2.153746187686920166e-01,4.059581756591796875e-01,9.999998807907104492e-01,1.863976716995239258e-01,-2.973615750670433044e-02,1.187550798058509827e-01,2.864734232425689697e-01,2.302933782339096069e-01,4.286641478538513184e-01,3.444835841655731201e-01,3.255915641784667969e-01,2.467430531978607178e-01,1.518980562686920166e-01,3.448076844215393066e-01,2.690953016281127930e-01,7.675100862979888916e-02,3.696546256542205811e-01,1.011084318161010742e-01,-4.753927886486053467e-02,6.349053233861923218e-02,2.456831783056259155e-01
1.077423244714736938e-01,2.516094446182250977e-01,1.786203682422637939e-01,2.551034688949584961e-01,5.751207098364830017e-02,4.201424121856689453e-02,-1.195860505104064941e-01,2.458689957857131958e-01,-7.775167375802993774e-02,4.088799059391021729e-01,-1.549275871366262436e-02,4.726225435733795166e-01,2.838055491447448730e-01,9.611931443214416504e-02,4.110404551029205322e-01,8.902807533740997314e-02,-3.595014661550521851e-02,4.022251963615417480e-01,1.961200088262557983e-01,1.842141002416610718e-01,3.659758269786834717e-01,4.678808152675628662e-01,5.191220343112945557e-02,3.483367264270782471e-01,3.359612450003623962e-02,1.633898019790649414e-01,8.207545429468154907e-02,1.565832495689392090e-01,6.656757742166519165e-02,1.863976716995239258e-01,1.000000119209289551e+00,4.693761169910430908e-01,1.456585973501205444e-01,9.831165522336959839e-02,2.207724899053573608e-01,3.174485266208648682e-01,1.399089097976684570e-01,2.393358647823333740e-01,2.153577208518981934e-01,3.145684599876403809e-01,2.751929163932800293e-01,2.364970445632934570e-01,4.587625563144683838e-01,1.914698928594589233e-01,2.539105117321014404e-01,4.127117395401000977e-01,1.957987695932388306e-01,-2.490004152059555054e-02
8.345200121402740479e-02,1.411783844232559204e-01,2.273034006357192993e-01,1.512297689914703369e-01,9.303274750709533691e-02,3.318203240633010864e-02,-2.044872343540191650e-01,1.391747444868087769e-01,-1.723369508981704712e-01,3.538766205310821533e-01,-9.976232051849365234e-02,3.687467873096466064e-01,4.845328330993652344e-01,1.742523536086082458e-02,4.331053495407104492e-01,2.885220050811767578e-01,-7.304412871599197388e-02,2.870919108390808105e-01,2.363609373569488525e-01,1.765116751194000244e-01,2.806018292903900146e-01,4.897497594356536865e-01,1.394346505403518677e-01,3.288912773132324219e-01,2.292306395247578621e-03,1.054307818412780762e-01,6.525567267090082169e-03,2.591885030269622803e-01,6.948195397853851318e-02,-2.973615750670433044e-02,4.693761169910430908e-01,1.000000119209289551e+00,7.393697649240493774e-02,1.078837290406227112e-01,2.567640841007232666e-01,1.939391791820526123e-01,9.094341844320297241e-02,2.184252291917800903e-01,2.624221444129943848e-01,1.437310278415679932e-01,1.784089058637619019e-01,2.785258293151855469e-01,3.294836580753326416e-01,1.437022984027862549e-01,2.064345479011535645e-01,4.195180535316467285e-01,4.253521561622619629e-01,3.053520992398262024e-02
2.575087547302246094e-01,2.375068962574005127e-01,5.922139063477516174e-02,-8.994742529466748238e-04,2.900112569332122803e-01,1.128264144062995911e-01,-3.730559721589088440e-02,4.007767736911773682e-01,1.115172132849693298e-01,1.938533037900924683e-02,1.241462677717208862e-01,1.156089678406715393e-01,1.284295916557312012e-01,2.298607081174850464e-01,1.657021939754486084e-01,1.953592896461486816e-01,-3.298694640398025513e-02,4.379121959209442139e-02,1.886743903160095215e-01,8.366437256336212158e-02,3.524097427725791931e-02,1.061322540044784546e-01,4.806059226393699646e-02,2.340107262134552002e-01,2.255317121744155884e-01,-4.776217415928840637e-02,3.176928162574768066e-01,2.922992110252380371e-01,1.642982810735702515e-01,1.187550798058509827e-01,1.456585973501205444e-01,7.393697649240493774e-02,1.000000119209289551e+00,2.498616576194763184e-01,1.896358281373977661e-01,2.081006467342376709e-01,3.487639725208282471e-01,3.028532862663269043e-01,2.280529737472534180e-01,1.654368489980697632e-01,1.804250925779342651e-01,1.072546839714050293e-01,1.397127360105514526e-01,2.318727821111679077e-01,1.122150793671607971e-01,8.953219652175903320e-02,1.409334838390350342e-01,1.628488749265670776e-01
