9.999997019767761230e-01,1.537130922079086304e-01,1.996594965457916260e-01,2.788523137569427490e-01,2.575751543045043945e-01,1.790295988321304321e-01,2.869312167167663574e-01,1.891195923089981079e-01,1.194909662008285522e-01,3.375330567359924316e-02,2.783678472042083740e-01,3.246350288391113281e-01,1.453434973955154419e-01,3.057028353214263916e-01,3.341310322284698486e-01,9.333754330873489380e-02,2.996648848056793213e-01,4.150039851665496826e-01,9.177271276712417603e-02,1.519541740417480469e-01,2.866255044937133789e-01,2.722750902175903320e-01,-1.816724687814712524e-01,-1.529028117656707764e-01,5.174214839935302734e-01,1.598705053329467773e-01,4.563869237899780273e-01,6.644113063812255859e-01,5.143102407455444336e-01,4.418468475341796875e-01,2.987820208072662354e-01,1.229298114776611328e-01,4.336847364902496338e-01,1.716765463352203369e-01,1.303375214338302612e-01,-2.539316117763519287e-01,1.308466792106628418e-01,3.068096637725830078e-01,-5.766653269529342651e-02,-3.359098732471466064e-01,1.642719507217407227e-01,1.583291403949260712e-02,2.148273140192031860e-01,3.184763714671134949e-02,6.897629052400588989e-02,7.781191170215606689e-02,-1.049115583300590515e-01,-2.575184702873229980e-01
1.537130922079086304e-01,1.000000357627868652e+00,6.483756005764007568e-02,2.920864820480346680e-01,6.382744312286376953e-01,6.137906312942504883e-01,3.970414102077484131e-01,5.697967410087585449e-01,6.973178386688232422e-01,7.676854133605957031e-01,3.592410385608673096e-01,3.718607425689697266e-01,4.753025770187377930e-01,3.425064384937286377e-01,-2.117376588284969330e-02,1.258359849452972412e-01,2.584508657455444336e-01,2.655030190944671631e-01,4.164125919342041016e-01,4.088454842567443848e-01,3.200190961360931396e-01,-3.592432662844657898e-02,1.342195421457290649e-01,3.050825595855712891e-01,7.279034703969955444e-02,2.492658495903015137e-01,5.708799511194229126e-02,3.475746512413024902e-01,5.430429577827453613e-01,2.515738606452941895e-01,1.178126782178878784e-01,1.284450590610504150e-01,3.968630135059356689e-01,4.889745414257049561e-01,2.200722694396972656e-01,-1.199075113981962204e-02,4.415511786937713623e-01,4.296594560146331787e-01,4.391798079013824463e-01,2.044236809015274048e-01,8.005610704421997070e-01,7.662722468376159668e-01,5.705640912055969238e-01,5.272624492645263672e-01,5.720341205596923828e-01,5.616250634193420410e-01,2.485351115465164185e-01,-2.585981190204620361e-01
1.996594965457916260e-01,6.483756005764007568e-02,9.999998211860656738e-01,6.186626553535461426e-01,2.508521080017089844e-01,2.883747816085815430e-01,5.929847359657287598e-01,-5.401538684964179993e-02,-5.320556927472352982e-03,-2.512977644801139832e-02,3.744374494999647141e-03,1.131397709250450134e-01,1.254307478666305542e-01,-1.296335607767105103e-01,-8.657139539718627930e-02,1.042782589793205261e-01,4.605174362659454346e-01,2.175540179014205933e-01,2.936634421348571777e-01,1.175748631358146667e-01,-5.773035436868667603e-02,6.978280842304229736e-02,-2.027117647230625153e-02,1.036927178502082825e-01,4.708514735102653503e-02,6.370281577110290527e-01,9.818397462368011475e-02,3.440514504909515381e-01,2.110959887504577637e-01,2.943515591323375702e-02,-4.055576026439666748e-02,-5.476436391472816467e-02,1.297177225351333618e-01,-7.700715214014053345e-02,1.130543723702430725e-01,-7.246305793523788452e-02,-1.407927125692367554e-01,-5.270653590559959412e-02,-4.998571705073118210e-03,1.672907359898090363e-02,1.738122105598449707e-01,1.514866650104522705e-01,1.254189908504486084e-01,-8.853110671043395996e-02,-4.325388744473457336e-02,6.867913901805877686e-02,1.428878605365753174e-01,-1.790758520364761353e-01
2.788523137569427490e-01,2.920864820480346680e-01,6.186626553535461426e-01,1.000000476837158203e+00,3.264186680316925049e-01,3.013862371444702148e-01,6.645172238349914551e-01,-3.745632013306021690e-03,1.095070242881774902e-01,2.308463901281356812e-01,-6.557931751012802124e-02,1.552163660526275635e-01,3.371574878692626953e-01,-2.123776525259017944e-01,-2.559535801410675049e-01,1.099314466118812561e-01,4.733095467090606689e-01,3.542821705341339111e-01,4.381273984909057617e-01,3.533523678779602051e-01,2.647344172000885010e-01,1.751493811607360840e-01,1.168782189488410950e-01,1.486417204141616821e-01,-7.327531278133392334e-02,5.985685586929321289e-01,8.930374681949615479e-02,3.709709346294403076e-01,3.841232955455780029e-01,2.204769104719161987e-01,7.656252384185791016e-02,-5.204592272639274597e-02,6.831430643796920776e-02,-7.443223148584365845e-02,5.235183984041213989e-02,-6.351844966411590576e-02,-1.641287207603454590e-01,-8.490602672100067139e-02,-5.056112073361873627e-03,8.723688125610351562e-02,3.535663485527038574e-01,3.168883621692657471e-01,2.498863935470581055e-01,1.565558910369873047e-01,1.594242602586746216e-01,1.922697722911834717e-01,1.228344663977622986e-01,-9.630691260099411011e-02
2.575751543045043945e-01,6.382744312286376953e-01,2.508521080017089844e-01,3.264186680316925049e-01,9.999995231628417969e-01,8.105258345603942871e-01,5.323396921157836914e-01,5.045093297958374023e-01,5.846185684204101562e-01,4.779861569404602051e-01,3.225646615028381348e-01,2.941624224185943604e-01,2.984167039394378662e-01,2.375352829694747925e-01,-1.253030598163604736e-01,3.987002372741699219e-02,3.777032792568206787e-01,3.046151399612426758e-01,5.477875471115112305e-01,4.184682071208953857e-01,1.449944674968719482e-01,-1.078241840004920959e-01,-7.984369993209838867e-02,1.247359141707420349e-01,1.479882746934890747e-01,4.425713419914245605e-01,-5.221267417073249817e-02,4.186646342277526855e-01,5.045705437660217285e-01,2.931221947073936462e-02,-4.034933820366859436e-02,1.466548591852188110e-01,3.936687111854553223e-01,3.542183041572570801e-01,1.455285102128982544e-01,-1.113373637199401855e-01,3.566037416458129883e-01,2.177750319242477417e-01,2.415237128734588623e-01,1.500058323144912720e-01,7.245265841484069824e-01,7.196877002716064453e-01,5.959851145744323730e-01,2.604478895664215088e-01,3.089111745357513428e-01,4.997651576995849609e-01,1.614178866147994995e-01,-4.431160986423492432e-01
1.790295988321304321e-01,6.137906312942504883e-01,2.883747816085815430e-01,3.013862371444702148e-01,8.105258345603942871e-01,1.000000119209289551e+00,5.782487392425537109e-01,4.923286437988281250e-01,6.106478571891784668e-01,4.926306009292602539e-01,3.773850202560424805e-01,3.344079256057739258e-01,3.656980693340301514e-01,2.478344142436981201e-01,-1.236785352230072021e-01,7.491755485534667969e-02,4.380002021789550781e-01,2.853241860866546631e-01,6.322593688964843750e-01,4.845693409442901611e-01,1.130264177918434143e-01,-1.045079752802848816e-01,-4.916273988783359528e-03,2.074197232723236084e-01,1.376842260360717773e-01,4.916966259479522705e-01,-1.234197095036506653e-01,3.694420158863067627e-01,4.626064598560333252e-01,1.642856560647487640e-02,-3.650859743356704712e-02,2.089637815952301025e-01,4.606099128723144531e-01,3.926590383052825928e-01,2.414838969707489014e-01,-3.206396009773015976e-03,3.745660483837127686e-01,2.852897942066192627e-01,3.806523978710174561e-01,2.142970710992813110e-01,7.077745795249938965e-01,7.415601611137390137e-01,6.653637290000915527e-01,2.658072113990783691e-01,1.736167520284652710e-01,4.750518202781677246e-01,2.553567886352539062e-01,-4.371615946292877197e-01
2.869312167167663574e-01,3.970414102077484131e-01,5.929847359657287598e-01,6.645172238349914551e-01,5.323396921157836914e-01,5.782487392425537109e-01,1.000000119209289551e+00,2.786929011344909668e-01,3.576285839080810547e-01,2.943575680255889893e-01,2.249943017959594727e-01,3.274129927158355713e-01,4.531646668910980225e-01,8.607032895088195801e-02,-9.723568707704544067e-02,1.921448260545730591e-01,7.939742207527160645e-01,6.432470083236694336e-01,7.157880067825317383e-01,5.535565018653869629e-01,2.731753587722778320e-01,1.324201971292495728e-01,1.477309912443161011e-01,2.141485661268234253e-01,6.979126483201980591e-02,7.433019280433654785e-01,4.618114326149225235e-03,3.557269275188446045e-01,4.519378542900085449e-01,2.060823887586593628e-01,1.449645459651947021e-01,1.820876747369766235e-01,3.482857942581176758e-01,1.933100521564483643e-01,1.954796463251113892e-01,-6.020060740411281586e-03,1.793241500854492188e-01,1.748856455087661743e-01,2.318629771471023560e-01,2.055568993091583252e-01,4.414963424205780029e-01,5.048531293869018555e-01,5.858345031738281250e-01,1.806601881980895996e-01,8.089563250541687012e-02,3.569672405719757080e-01,2.092287540435791016e-01,-2.587823867797851562e-01
1.891195923089981079e-01,5.697967410087585449e-01,-5.401538684964179993e-02,-3.745632013306021690e-03,5.045093297958374023e-01,4.923286437988281250e-01,2.786929011344909668e-01,9.999996423721313477e-01,5.966796875000000000e-01,4.471398591995239258e-01,6.157795786857604980e-01,3.915767371654510498e-01,2.765405178070068359e-01,6.637412309646606445e-01,2.161102443933486938e-01,2.092799246311187744e-01,1.467476040124893188e-01,2.527529895305633545e-01,2.217669188976287842e-01,3.073230981826782227e-01,2.471488416194915771e-01,-3.310754522681236267e-02,8.008659631013870239e-02,9.345372021198272705e-02,5.503924563527107239e-02,1.224809139966964722e-01,6.771465390920639038e-02,1.549150794744491577e-01,3.296988606452941895e-01,1.630854606628417969e-01,1.761246323585510254e-01,2.486975193023681641e-01,5.444308519363403320e-01,7.962230443954467773e-01,4.519084393978118896e-01,-2.739533782005310059e-02,7.523813247680664062e-01,6.151452064514160156e-01,5.125647783279418945e-01,2.809163630008697510e-01,4.889407455921173096e-01,5.173223614692687988e-01,4.922555088996887207e-01,1.988515704870223999e-01,3.157310485839843750e-01,4.569087922573089600e-01,8.401820808649063110e-02,-3.803096711635589600e-01
1.194909662008285522e-01,6.973178386688232422e-01,-5.320556927472352982e-03,1.095070242881774902e-01,5.846185684204101562e-01,6.106478571891784668e-01,3.576285839080810547e-01,5.966796875000000000e-01,9.999997019767761230e-01,5.692093372344970703e-01,4.883575737476348877e-01,4.611820280551910400e-01,4.043700098991394043e-01,3.855977058410644531e-01,-1.510696951299905777e-02,9.200441092252731323e-02,2.752578556537628174e-01,2.090643644332885742e-01,4.173435568809509277e-01,3.147666752338409424e-01,1.597310900688171387e-01,-1.332628577947616577e-01,8.168573677539825439e-02,2.254279702901840210e-01,2.421483546495437622e-01,2.051401585340499878e-01,3.875060752034187317e-02,2.820866107940673828e-01,3.825503885746002197e-01,2.805392444133758545e-02,2.550710923969745636e-02,2.168967425823211670e-01,5.492506027221679688e-01,4.701426923274993896e-01,2.096214443445205688e-01,1.360958814620971680e-01,4.690844118595123291e-01,3.616732358932495117e-01,5.065323114395141602e-01,2.742541134357452393e-01,5.843762755393981934e-01,6.192126274108886719e-01,5.225023031234741211e-01,5.399931073188781738e-01,2.092624008655548096e-01,3.219719529151916504e-01,1.492674499750137329e-01,-4.204319417476654053e-01
3.375330567359924316e-02,7.676854133605957031e-01,-2.512977644801139832e-02,2.308463901281356812e-01,4.779861569404602051e-01,4.926306009292602539e-01,2.943575680255889893e-01,4.471398591995239258e-01,5.692093372344970703e-01,9.999999403953552246e-01,2.729049623012542725e-01,3.321523666381835938e-01,6.156814098358154297e-01,2.254237383604049683e-01,-7.502955198287963867e-02,1.530140191316604614e-01,2.336080819368362427e-01,2.130902409553527832e-01,3.363642990589141846e-01,4.259541034698486328e-01,3.936087489128112793e-01,5.361632257699966431e-02,3.363183736801147461e-01,4.581258594989776611e-01,-1.047884821891784668e-01,1.807271540164947510e-01,-7.017654180526733398e-02,1.706996113061904907e-01,4.125458300113677979e-01,3.170134127140045166e-01,2.262649983167648315e-01,2.349780499935150146e-01,2.521809935569763184e-01,4.073300659656524658e-01,2.166911959648132324e-01,1.045363321900367737e-01,3.054648935794830322e-01,3.655276000499725342e-01,4.723830819129943848e-01,3.210092186927795410e-01,6.704548597335815430e-01,7.244084477424621582e-01,5.292999148368835449e-01,3.441046774387359619e-01,5.479620695114135742e-01,6.648254394531250000e-01,3.946493864059448242e-01,-7.112121582031250000e-02
2.783678472042083740e-01,3.592410385608673096e-01,3.744374494999647141e-03,-6.557931751012802124e-02,3.225646615028381348e-01,3.773850202560424805e-01,2.249943017959594727e-01,6.157795786857604980e-01,4.883575737476348877e-01,2.729049623012542725e-01,1.000000238418579102e+00,5.720908641815185547e-01,3.072750866413116455e-01,5.273271203041076660e-01,4.015407264232635498e-01,2.721460163593292236e-01,1.664358824491500854e-01,2.632787525653839111e-01,1.158823668956756592e-01,2.876195311546325684e-01,2.791611254215240479e-01,1.422693878412246704e-01,2.012524455785751343e-01,4.428097233176231384e-02,1.884695887565612793e-01,8.529390394687652588e-02,1.266207993030548096e-01,2.105770260095596313e-01,2.780285477638244629e-01,1.877711862325668335e-01,2.395262867212295532e-01,3.093990683555603027e-01,5.716660618782043457e-01,6.025698184967041016e-01,5.284934639930725098e-01,8.494617789983749390e-02,5.769745707511901855e-01,6.302493810653686523e-01,5.654397010803222656e-01,2.194678187370300293e-01,2.969191670417785645e-01,2.920019924640655518e-01,3.763955533504486084e-01,1.415652185678482056e-01,-5.879325792193412781e-02,2.437186837196350098e-01,8.532167971134185791e-02,-3.372349441051483154e-01
3.246350288391113281e-01,3.718607425689697266e-01,1.131397709250450134e-01,1.552163660526275635e-01,2.941624224185943604e-01,3.344079256057739258e-01,3.274129927158355713e-01,3.915767371654510498e-01,4.611820280551910400e-01,3.321523666381835938e-01,5.720908641815185547e-01,1.000000357627868652e+00,5.325704813003540039e-01,2.462225258350372314e-01,2.783823907375335693e-01,2.651507854461669922e-01,3.003260791301727295e-01,3.422222137451171875e-01,2.347290217876434326e-01,2.969168722629547119e-01,3.855911791324615479e-01,2.964019179344177246e-01,2.381342202425003052e-01,2.127022296190261841e-01,3.344159424304962158e-01,2.228999584913253784e-01,2.637372314929962158e-01,3.859619200229644775e-01,3.358511328697204590e-01,4.389102160930633545e-01,3.439500927925109863e-01,2.606937587261199951e-01,4.420946836471557617e-01,3.166170418262481689e-01,3.760351538658142090e-01,2.120601683855056763e-01,2.445411980152130127e-01,3.770897388458251953e-01,3.968509137630462646e-01,8.483529090881347656e-02,2.608024477958679199e-01,2.542705237865447998e-01,3.375501036643981934e-01,3.356423676013946533e-01,-1.509591098874807358e-02,1.520614624023437500e-01,2.770861983299255371e-01,-2.331075370311737061e-01
1.453434973955154419e-01,4.753025770187377930e-01,1.254307478666305542e-01,3.371574878692626953e-01,2.984167039394378662e-01,3.656980693340301514e-01,4.531646668910980225e-01,2.765405178070068359e-01,4.043700098991394043e-01,6.156814098358154297e-01,3.072750866413116455e-01,5.325704813003540039e-01,9.999997019767761230e-01,7.057784497737884521e-02,-5.033504962921142578e-02,3.353253602981567383e-01,3.859013617038726807e-01,4.531245827674865723e-01,3.606270849704742432e-01,5.247185826301574707e-01,5.838950872421264648e-01,4.716019034385681152e-01,5.808337926864624023e-01,5.164829492568969727e-01,-6.040210276842117310e-02,3.291887342929840088e-01,-1.566190645098686218e-02,1.367768943309783936e-01,2.998591065406799316e-01,4.731225669384002686e-01,4.814719259738922119e-01,3.440775573253631592e-01,3.012876212596893311e-01,2.417357563972473145e-01,2.473595738410949707e-01,2.563854753971099854e-01,1.352013498544692993e-01,2.979911565780639648e-01,4.385228455066680908e-01,3.323242366313934326e-01,4.099382162094116211e-01,4.553058445453643799e-01,4.729487299919128418e-01,2.519118785858154297e-01,1.601989269256591797e-01,4.103196859359741211e-01,4.294933378696441650e-01,1.317589581012725830e-01
3.057028353214263916e-01,3.425064384937286377e-01,-1.296335607767105103e-01,-2.123776525259017944e-01,2.375352829694747925e-01,2.478344142436981201e-01,8.607032895088195801e-02,6.637412309646606445e-01,3.855977058410644531e-01,2.254237383604049683e-01,5.273271203041076660e-01,2.462225258350372314e-01,7.057784497737884521e-02,1.000000357627868652e+00,5.249950885772705078e-01,6.091576069593429565e-02,1.167685762047767639e-01,1.861465126276016235e-01,-5.718971951864659786e-04,6.512420624494552612e-02,1.257703751325607300e-01,-5.253608897328376770e-02,-6.063418462872505188e-02,-8.338384330272674561e-02,2.492868751287460327e-01,-5.041814595460891724e-02,1.547039300203323364e-01,1.984005570411682129e-01,2.592618167400360107e-01,1.678099036216735840e-01,1.547059118747711182e-01,1.613509505987167358e-01,5.543264746665954590e-01,6.748813390731811523e-01,2.453926652669906616e-01,-1.663156300783157349e-01,7.573891282081604004e-01,7.066022753715515137e-01,3.217123150825500488e-01,-6.797368638217449188e-03,2.760428190231323242e-01,2.244684845209121704e-01,2.982768714427947998e-01,3.789508715271949768e-02,1.963070482015609741e-01,2.128748446702957153e-01,-9.018050134181976318e-02,-3.149904906749725342e-01
3.341310322284698486e-01,-2.117376588284969330e-02,-8.657139539718627930e-02,-2.559535801410675049e-01,-1.253030598163604736e-01,-1.236785352230072021e-01,-9.723568707704544067e-02,2.161102443933486938e-01,-1.510696951299905777e-02,-7.502955198287963867e-02,4.015407264232635498e-01,2.783823907375335693e-01,-5.033504962921142578e-02,5.249950885772705078e-01,1.000000357627868652e+00,2.217086106538772583e-01,-3.477355092763900757e-02,7.508079707622528076e-02,-2.532341480255126953e-01,-1.085532382130622864e-01,9.456353634595870972e-02,1.658491790294647217e-01,-8.999907411634922028e-03,-1.216755360364913940e-01,3.238970935344696045e-01,-2.159745842218399048e-01,2.457098662853240967e-01,1.939047724008560181e-01,1.574346572160720825e-01,2.594469189643859863e-01,2.263203859329223633e-01,1.442873775959014893e-01,2.923664748668670654e-01,2.863517701625823975e-01,2.127481549978256226e-01,-1.477259099483489990e-01,2.873379886150360107e-01,5.196151137351989746e-01,1.435129642486572266e-01,-2.312626391649246216e-01,-1.375736296176910400e-01,-2.299899309873580933e-01,-7.840674370527267456e-02,-6.490579247474670410e-02,-1.882030814886093140e-02,-3.222628682851791382e-02,-4.389019310474395752e-02,-1.556395888328552246e-01
9.333754330873489380e-02,1.258359849452972412e-01,1.042782589793205261e-01,1.099314466118812561e-01,3.987002372741699219e-02,7.491755485534667969e-02,1.921448260545730591e-01,2.092799246311187744e-01,9.200441092252731323e-02,1.530140191316604614e-01,2.721460163593292236e-01,2.651507854461669922e-01,3.353253602981567383e-01,6.091576069593429565e-02,2.217086106538772583e-01,1.000000119209289551e+00,-3.120528720319271088e-02,1.955820024013519287e-01,7.534693926572799683e-02,2.047130316495895386e-01,2.065173238515853882e-01,4.899294674396514893e-01,4.863750636577606201e-01,3.334204256534576416e-01,-1.759022325277328491e-01,1.105413436889648438e-01,-2.945009618997573853e-02,-9.871910512447357178e-02,3.100751340389251709e-02,3.139349818229675293e-01,4.666113853454589844e-01,1.788047850131988525e-01,1.438240706920623779e-01,1.976009458303451538e-01,3.941189348697662354e-01,3.276323974132537842e-01,1.457647085189819336e-01,3.581551909446716309e-01,3.387034237384796143e-01,2.925693094730377197e-01,6.029637996107339859e-03,9.467130154371261597e-02,2.171588689088821411e-01,7.317048311233520508e-02,-5.099815502762794495e-02,1.152770519256591797e-01,2.787299454212188721e-01,1.176531314849853516e-01
2.996648848056793213e-01,2.584508657455444336e-01,4.605174362659454346e-01,4.733095467090606689e-01,3.777032792568206787e-01,4.380002021789550781e-01,7.939742207527160645e-01,1.467476040124893188e-01,2.752578556537628174e-01,2.336080819368362427e-01,1.664358824491500854e-01,3.003260791301727295e-01,3.859013617038726807e-01,1.167685762047767639e-01,-3.477355092763900757e-02,-3.120528720319271088e-02,1.000000357627868652e+00,6.855427622795104980e-01,6.827341914176940918e-01,4.614290595054626465e-01,2.425308972597122192e-01,6.482092291116714478e-02,6.631419062614440918e-02,1.370760202407836914e-01,2.136573493480682373e-01,6.056246757507324219e-01,7.517612725496292114e-02,3.501772284507751465e-01,4.298639595508575439e-01,2.456258833408355713e-01,1.404887884855270386e-01,1.900999993085861206e-01,3.257966041564941406e-01,9.914183616638183594e-02,6.872548162937164307e-02,-7.143525779247283936e-02,1.005442589521408081e-01,1.359938681125640869e-01,1.594111025333404541e-01,7.071870565414428711e-02,2.723697125911712646e-01,3.610972166061401367e-01,5.112437009811401367e-01,1.172691807150840759e-01,4.042246192693710327e-02,2.995051145553588867e-01,1.758246570825576782e-01,-2.114524543285369873e-01
4.150039851665496826e-01,2.655030190944671631e-01,2.175540179014205933e-01,3.542821705341339111e-01,3.046151399612426758e-01,2.853241860866546631e-01,6.432470083236694336e-01,2.527529895305633545e-01,2.090643644332885742e-01,2.130902409553527832e-01,2.632787525653839111e-01,3.422222137451171875e-01,4.531245827674865723e-01,1.861465126276016235e-01,7.508079707622528076e-02,1.955820024013519287e-01,6.855427622795104980e-01,9.999999403953552246e-01,5.413277745246887207e-01,5.649984478950500488e-01,5.085281133651733398e-01,4.007813036441802979e-01,2.303708791732788086e-01,1.588862985372543335e-01,1.271193921566009521e-01,4.825893044471740723e-01,2.325461804866790771e-02,3.510281741619110107e-01,4.602659940719604492e-01,4.384514093399047852e-01,4.454905688762664795e-01,3.543029725551605225e-01,2.298260778188705444e-01,2.354047596454620361e-01,1.551233381032943726e-01,-2.938513085246086121e-02,2.239975184202194214e-01,2.861795127391815186e-01,1.625432670116424561e-01,1.172553822398185730e-01,2.328767925500869751e-01,2.793254256248474121e-01,5.340498685836791992e-01,1.259303092956542969e-01,1.481694541871547699e-02,2.788412272930145264e-01,1.432489007711410522e-01,-3.313968703150749207e-02
9.177271276712417603e-02,4.164125919342041016e-01,2.936634421348571777e-01,4.381273984909057617e-01,5.477875471115112305e-01,6.322593688964843750e-01,7.157880067825317383e-01,2.217669188976287842e-01,4.173435568809509277e-01,3.363642990589141846e-01,1.158823668956756592e-01,2.347290217876434326e-01,3.606270849704742432e-01,-5.718971951864659786e-04,-2.532341480255126953e-01,7.534693926572799683e-02,6.827341914176940918e-01,5.413277745246887207e-01,1.000000476837158203e+00,5.941401124000549316e-01,1.749306321144104004e-01,4.062809422612190247e-02,7.327828556299209595e-02,2.558115124702453613e-01,8.351784199476242065e-02,5.243432521820068359e-01,-1.099087968468666077e-01,2.511593401432037354e-01,3.795386850833892822e-01,5.749363079667091370e-02,8.704164624214172363e-02,2.229798585176467896e-01,2.558451294898986816e-01,1.090631857514381409e-01,1.171691194176673889e-01,9.345535933971405029e-02,1.528180390596389771e-01,5.958161130547523499e-02,1.803497672080993652e-01,2.146598994731903076e-01,4.206087887287139893e-01,5.687087178230285645e-01,6.526229977607727051e-01,3.308652937412261963e-01,9.754127264022827148e-02,3.681071698665618896e-01,2.597765922546386719e-01,-2.199295014142990112e-01
1.519541740417480469e-01,4.088454842567443848e-01,1.175748631358146667e-01,3.533523678779602051e-01,4.184682071208953857e-01,4.845693409442901611e-01,5.535565018653869629e-01,3.073230981826782227e-01,3.147666752338409424e-01,4.259541034698486328e-01,2.876195311546325684e-01,2.969168722629547119e-01,5.247185826301574707e-01,6.512420624494552612e-02,-1.085532382130622864e-01,2.047130316495895386e-01,4.614290595054626465e-01,5.649984478950500488e-01,5.941401124000549316e-01,9.999996423721313477e-01,6.659659743309020996e-01,3.586589097976684570e-01,3.609443902969360352e-01,2.745063304901123047e-01,-5.072146281599998474e-02,3.575579226016998291e-01,-2.386545091867446899e-01,2.561933696269989014e-01,4.990253746509552002e-01,2.377002388238906860e-01,2.668697834014892578e-01,4.436421394348144531e-01,2.103607356548309326e-01,3.187560141086578369e-01,2.926396727561950684e-01,7.144352793693542480e-02,2.236145138740539551e-01,2.894006967544555664e-01,3.229748904705047607e-01,2.613586783409118652e-01,3.774537146091461182e-01,4.739001095294952393e-01,5.913941264152526855e-01,2.326598316431045532e-01,6.579165905714035034e-02,5.103313922882080078e-01,2.766333520412445068e-01,7.477927953004837036e-02
2.866255044937133789e-01,3.200190961360931396e-01,-5.773035436868667603e-02,2.647344172000885010e-01,1.449944674968719482e-01,1.130264177918434143e-01,2.731753587722778320e-01,2.471488416194915771e-01,1.597310900688171387e-01,3.936087489128112793e-01,2.791611254215240479e-01,3.855911791324615479e-01,5.838950872421264648e-01,1.257703751325607300e-01,9.456353634595870972e-02,2.065173238515853882e-01,2.425308972597122192e-01,5.085281133651733398e-01,1.749306321144104004e-01,6.659659743309020996e-01,9.999995827674865723e-01,6.012017130851745605e-01,4.523244202136993408e-01,2.380345165729522705e-01,-2.269862033426761627e-02,7.540366798639297485e-02,-7.997886277735233307e-03,2.486912012100219727e-01,4.154038131237030029e-01,4.870907962322235107e-01,5.018272995948791504e-01,4.684884250164031982e-01,1.699599921703338623e-01,2.935145795345306396e-01,2.359850704669952393e-01,1.954952068626880646e-02,1.441453099250793457e-01,3.437832295894622803e-01,2.519321441650390625e-01,1.556386500597000122e-01,2.307790368795394897e-01,2.218795269727706909e-01,3.444870114326477051e-01,1.222892999649047852e-01,9.123133122920989990e-02,3.876095116138458252e-01,2.275445163249969482e-01,2.706185877323150635e-01
2.722750902175903320e-01,-3.592432662844657898e-02,6.978280842304229736e-02,1.751493811607360840e-01,-1.078241840004920959e-01,-1.045079752802848816e-01,1.324201971292495728e-01,-3.310754522681236267e-02,-1.332628577947616577e-01,5.361632257699966431e-02,1.422693878412246704e-01,2.964019179344177246e-01,4.716019034385681152e-01,-5.253608897328376770e-02,1.658491790294647217e-01,4.899294674396514893e-01,6.482092291116714478e-02,4.007813036441802979e-01,4.062809422612190247e-02,3.586589097976684570e-01,6.012017130851745605e-01,9.999997615814208984e-01,5.545118451118469238e-01,3.473790585994720459e-01,-7.238729298114776611e-02,2.405758760869503021e-02,1.304183434695005417e-02,6.196613609790802002e-02,7.530692964792251587e-02,5.065229535102844238e-01,7.515321373939514160e-01,4.315080046653747559e-01,7.593612186610698700e-03,3.000254929065704346e-02,2.490871697664260864e-01,2.292318493127822876e-01,-8.637642860412597656e-02,2.538828551769256592e-01,8.799649029970169067e-02,1.381826251745223999e-01,-1.071368530392646790e-01,-1.081898435950279236e-01,7.115686684846878052e-02,-4.256402328610420227e-02,-1.748451143503189087e-01,3.743356838822364807e-02,3.286011219024658203e-01,4.361796677112579346e-01
-1.816724687814712524e-01,1.342195421457290649e-01,-2.027117647230625153e-02,1.168782189488410950e-01,-7.984369993209838867e-02,-4.916273988783359528e-03,1.477309912443161011e-01,8.008659631013870239e-02,8.168573677539825439e-02,3.363183736801147461e-01,2.012524455785751343e-01,2.381342202425003052e-01,5.808337926864624023e-01,-6.063418462872505188e-02,-8.999907411634922028e-03,4.863750636577606201e-01,6.631419062614440918e-02,2.303708791732788086e-01,7.327828556299209595e-02,3.609443902969360352e-01,4.523244202136993408e-01,5.545118451118469238e-01,1.000000000000000000e+00,4.719545543193817139e-01,-4.391306042671203613e-01,7.985880225896835327e-02,-2.038425356149673462e-01,-2.988871932029724121e-01,-6.051405519247055054e-02,3.262456655502319336e-01,5.327624678611755371e-01,3.396274447441101074e-01,1.319017377682030201e-03,1.267979592084884644e-01,3.122774660587310791e-01,5.277743935585021973e-01,4.063496738672256470e-02,2.686136066913604736e-01,3.985807001590728760e-01,6.326207518577575684e-01,5.238950252532958984e-02,1.633156985044479370e-01,1.705523133277893066e-01,6.224470213055610657e-02,-7.185676693916320801e-02,1.853407323360443115e-01,3.855566382408142090e-01,4.882416725158691406e-01
-1.529028117656707764e-01,3.050825595855712891e-01,1.036927178502082825e-01,1.486417204141616821e-01,1.247359141707420349e-01,2.074197232723236084e-01,2.141485661268234253e-01,9.345372021198272705e-02,2.254279702901840210e-01,4.581258594989776611e-01,4.428097233176231384e-02,2.127022296190261841e-01,5.164829492568969727e-01,-8.338384330272674561e-02,-1.216755360364913940e-01,3.334204256534576416e-01,1.370760202407836914e-01,1.588862985372543335e-01,2.558115124702453613e-01,2.745063304901123047e-01,2.380345165729522705e-01,3.473790585994720459e-01,4.719545543193817139e-01,1.000000119209289551e+00,-2.428260147571563721e-01,1.663778275251388550e-01,-1.444230377674102783e-01,-1.093878373503684998e-01,1.816917583346366882e-02,3.045780062675476074e-01,4.692150354385375977e-01,4.171731173992156982e-01,2.431983873248100281e-02,1.149275451898574829e-01,2.549775242805480957e-01,5.470383167266845703e-01,-4.450251813977956772e-03,8.393281698226928711e-02,4.065303504467010498e-01,4.230223894119262695e-01,2.532116174697875977e-01,3.777805566787719727e-01,3.360924124717712402e-01,1.813166886568069458e-01,2.221454083919525146e-01,3.433344364166259766e-01,7.918379902839660645e-01,2.297594547271728516e-01
5.174214839935302734e-01,7.279034703969955444e-02,4.708514735102653503e-02,-7.327531278133392334e-02,1.479882746934890747e-01,1.376842260360717773e-01,6.979126483201980591e-02,5.503924563527107239e-02,2.421483546495437622e-01,-1.047884821891784668e-01,1.884695887565612793e-01,3.344159424304962158e-01,-6.040210276842117310e-02,2.492868751287460327e-01,3.238970935344696045e-01,-1.759022325277328491e-01,2.136573493480682373e-01,1.271193921566009521e-01,8.351784199476242065e-02,-5.072146281599998474e-02,-2.269862033426761627e-02,-7.238729298114776611e-02,-4.391306042671203613e-01,-2.428260147571563721e-01,9.999996423721313477e-01,-4.169033095240592957e-02,4.874759018421173096e-01,5.918169617652893066e-01,3.127263784408569336e-01,3.238462284207344055e-02,-9.271024167537689209e-02,8.791633881628513336e-03,4.749600589275360107e-01,2.192190848290920258e-02,-4.993018135428428650e-02,-2.240081280469894409e-01,6.958909332752227783e-02,8.515704423189163208e-02,-6.918230652809143066e-02,-4.749999642372131348e-01,-9.519093669950962067e-03,-1.399486362934112549e-01,3.528367355465888977e-02,2.563112676143646240e-01,-1.060753241181373596e-01,-1.950736492872238159e-01,-1.751271486282348633e-01,-3.788473606109619141e-01
1.598705053329467773e-01,2.492658495903015137e-01,6.370281577110290527e-01,5.985685586929321289e-01,4.425713419914245605e-01,4.916966259479522705e-01,7.433019280433654785e-01,1.224809139966964722e-01,2.051401585340499878e-01,1.807271540164947510e-01,8.529390394687652588e-02,2.228999584913253784e-01,3.291887342929840088e-01,-5.041814595460891724e-02,-2.159745842218399048e-01,1.105413436889648438e-01,6.056246757507324219e-01,4.825893044471740723e-01,5.243432521820068359e-01,3.575579226016998291e-01,7.540366798639297485e-02,2.405758760869503021e-02,7.985880225896835327e-02,1.663778275251388550e-01,-4.169033095240592957e-02,1.000000476837158203e+00,-1.093897596001625061e-01,2.874779105186462402e-01,2.789845168590545654e-01,1.423071622848510742e-01,2.092923596501350403e-02,9.167239186353981495e-04,1.584722399711608887e-01,7.497253268957138062e-02,1.067536398768424988e-01,-2.628082595765590668e-02,-2.055270364508032799e-03,6.758670788258314133e-03,7.734560221433639526e-02,1.649678051471710205e-01,3.763121068477630615e-01,3.923591673374176025e-01,4.012403488159179688e-01,7.035385072231292725e-02,2.254561148583889008e-02,1.956249624490737915e-01,1.523317098617553711e-01,-2.354695498943328857e-01
4.563869237899780273e-01,5.708799511194229126e-02,9.818397462368011475e-02,8.930374681949615479e-02,-5.221267417073249817e-02,-1.234197095036506653e-01,4.618114326149225235e-03,6.771465390920639038e-02,3.875060752034187317e-02,-7.017654180526733398e-02,1.266207993030548096e-01,2.637372314929962158e-01,-1.566190645098686218e-02,1.547039300203323364e-01,2.457098662853240967e-01,-2.945009618997573853e-02,7.517612725496292114e-02,2.325461804866790771e-02,-1.099087968468666077e-01,-2.386545091867446899e-01,-7.997886277735233307e-03,1.304183434695005417e-02,-2.038425356149673462e-01,-1.444230377674102783e-01,4.874759018421173096e-01,-1.093897596001625061e-01,1.000000119209289551e+00,3.165531158447265625e-01,1.282963305711746216e-01,1.923488974571228027e-01,5.600842833518981934e-02,-1.498015820980072021e-01,3.552646338939666748e-01,2.544149942696094513e-02,1.122239306569099426e-01,-1.119942814111709595e-01,2.441662736237049103e-02,3.069194592535495758e-02,-7.937870919704437256e-02,-2.418503612279891968e-01,-7.937680929899215698e-02,-1.602169722318649292e-01,-1.209017038345336914e-01,1.476106494665145874e-01,1.432884484529495239e-01,-1.272444278001785278e-01,-1.089668795466423035e-01,-1.341588199138641357e-01
6.644113063812255859e-01,3.475746512413024902e-01,3.440514504909515381e-01,3.709709346294403076e-01,4.186646342277526855e-01,3.694420158863067627e-01,3.557269275188446045e-01,1.549150794744491577e-01,2.820866107940673828e-01,1.706996113061904907e-01,2.105770260095596313e-01,3.859619200229644775e-01,1.367768943309783936e-01,1.984005570411682129e-01,1.939047724008560181e-01,-9.871910512447357178e-02,3.501772284507751465e-01,3.510281741619110107e-01,2.511593401432037354e-01,2.561933696269989014e-01,2.486912012100219727e-01,6.196613609790802002e-02,-2.988871932029724121e-01,-1.093878373503684998e-01,5.918169617652893066e-01,2.874779105186462402e-01,3.165531158447265625e-01,9.999999403953552246e-01,7.096486091613769531e-01,2.577979266643524170e-01,2.298739179968833923e-02,1.068093627691268921e-01,3.398348391056060791e-01,1.433752775192260742e-01,1.538158394396305084e-02,-3.434015810489654541e-01,7.892072945833206177e-02,1.767375916242599487e-01,-2.134209312498569489e-02,-3.565236330032348633e-01,3.526134192943572998e-01,1.782807856798171997e-01,2.555538415908813477e-01,2.234605699777603149e-01,1.392917037010192871e-01,1.274582892656326294e-01,-3.074721619486808777e-02,-3.399815857410430908e-01
5.143102407455444336e-01,5.430429577827453613e-01,2.110959887504577637e-01,3.841232955455780029e-01,5.045705437660217285e-01,4.626064598560333252e-01,4.519378542900085449e-01,3.296988606452941895e-01,3.825503885746002197e-01,4.125458300113677979e-01,2.780285477638244629e-01,3.358511328697204590e-01,2.998591065406799316e-01,2.592618167400360107e-01,1.574346572160720825e-01,3.100751340389251709e-02,4.298639595508575439e-01,4.602659940719604492e-01,3.795386850833892822e-01,4.990253746509552002e-01,4.154038131237030029e-01,7.530692964792251587e-02,-6.051405519247055054e-02,1.816917583346366882e-02,3.127263784408569336e-01,2.789845168590545654e-01,1.282963305711746216e-01,7.096486091613769531e-01,1.000000000000000000e+00,3.371325731277465820e-01,1.173690259456634521e-01,2.152767777442932129e-01,3.318786621093750000e-01,3.091987967491149902e-01,8.989766240119934082e-02,-2.918978929519653320e-01,2.589444518089294434e-01,3.413814902305603027e-01,1.558555066585540771e-01,-1.279217004776000977e-01,4.752962291240692139e-01,4.288827180862426758e-01,4.468600451946258545e-01,2.393189668655395508e-01,3.120345473289489746e-01,4.144182503223419189e-01,9.998331964015960693e-02,-2.460828423500061035e-01
4.418468475341796875e-01,2.515738606452941895e-01,2.943515591323375702e-02,2.204769104719161987e-01,2.931221947073936462e-02,1.642856560647487640e-02,2.060823887586593628e-01,1.630854606628417969e-01,2.805392444133758545e-02,3.170134127140045166e-01,1.877711862325668335e-01,4.389102160930633545e-01,4.731225669384002686e-01,1.678099036216735840e-01,2.594469189643859863e-01,3.139349818229675293e-01,2.456258833408355713e-01,4.384514093399047852e-01,5.749363079667091370e-02,2.377002388238906860e-01,4.870907962322235107e-01,5.065229535102844238e-01,3.262456655502319336e-01,3.045780062675476074e-01,3.238462284207344055e-02,1.423071622848510742e-01,1.923488974571228027e-01,2.577979266643524170e-01,3.371325731277465820e-01,1.000000238418579102e+00,6.932570934295654297e-01,2.367097735404968262e-01,1.168579161167144775e-01,1.721735894680023193e-01,1.785456091165542603e-01,7.051121443510055542e-02,6.314159929752349854e-02,3.606770634651184082e-01,1.346875578165054321e-01,-3.540834411978721619e-02,1.631038933992385864e-01,1.419778019189834595e-01,2.393477708101272583e-01,3.648107498884201050e-02,2.577749490737915039e-01,2.577561736106872559e-01,3.188591599464416504e-01,1.165577396750450134e-01
2.987820208072662354e-01,1.178126782178878784e-01,-4.055576026439666748e-02,7.656252384185791016e-02,-4.034933820366859436e-02,-3.650859743356704712e-02,1.449645459651947021e-01,1.761246323585510254e-01,2.550710923969745636e-02,2.262649983167648315e-01,2.395262867212295532e-01,3.439500927925109863e-01,4.814719259738922119e-01,1.547059118747711182e-01,2.263203859329223633e-01,4.666113853454589844e-01,1.404887884855270386e-01,4.454905688762664795e-01,8.704164624214172363e-02,2.668697834014892578e-01,5.018272995948791504e-01,7.515321373939514160e-01,5.327624678611755371e-01,4.692150354385375977e-01,-9.271024167537689209e-02,2.092923596501350403e-02,5.600842833518981934e-02,2.298739179968833923e-02,1.173690259456634521e-01,6.932570934295654297e-01,1.000000476837158203e+00,5.427679419517517090e-01,9.218481928110122681e-02,2.216635048389434814e-01,3.001605868339538574e-01,3.047192990779876709e-01,1.102996021509170532e-01,3.866069912910461426e-01,2.595516145229339600e-01,2.270966768264770508e-01,3.386424481868743896e-02,9.531661868095397949e-02,2.640510499477386475e-01,-3.381399810314178467e-02,3.949773684144020081e-02,1.937092244625091553e-01,4.359063804149627686e-01,2.453826069831848145e-01
1.229298114776611328e-01,1.284450590610504150e-01,-5.476436391472816467e-02,-5.204592272639274597e-02,1.466548591852188110e-01,2.089637815952301025e-01,1.820876747369766235e-01,2.486975193023681641e-01,2.168967425823211670e-01,2.349780499935150146e-01,3.093990683555603027e-01,2.606937587261199951e-01,3.440775573253631592e-01,1.613509505987167358e-01,1.442873775959014893e-01,1.788047850131988525e-01,1.900999993085861206e-01,3.543029725551605225e-01,2.229798585176467896e-01,4.436421394348144531e-01,4.684884250164031982e-01,4.315080046653747559e-01,3.396274447441101074e-01,4.171731173992156982e-01,8.791633881628513336e-03,9.167239186353981495e-04,-1.498015820980072021e-01,1.068093627691268921e-01,2.152767777442932129e-01,2.367097735404968262e-01,5.427679419517517090e-01,1.000000119209289551e+00,1.699195355176925659e-01,3.261046409606933594e-01,2.669758498668670654e-01,1.993598490953445435e-01,2.162578850984573364e-01,2.720668315887451172e-01,3.535475432872772217e-01,3.242327272891998291e-01,1.338583678007125854e-01,2.572400867938995361e-01,3.912494182586669922e-01,-5.965390801429748535e-02,-9.754398465156555176e-02,3.564330041408538818e-01,4.414126574993133545e-01,8.918439596891403198e-02
4.336847364902496338e-01,3.968630135059356689e-01,1.297177225351333618e-01,6.831430643796920776e-02,3.936687111854553223e-01,4.606099128723144531e-01,3.482857942581176758e-01,5.444308519363403320e-01,5.492506027221679688e-01,2.521809935569763184e-01,5.716660618782043457e-01,4.420946836471557617e-01,3.012876212596893311e-01,5.543264746665954590e-01,2.923664748668670654e-01,1.438240706920623779e-01,3.257966041564941406e-01,2.298260778188705444e-01,2.558451294898986816e-01,2.103607356548309326e-01,1.699599921703338623e-01,7.593612186610698700e-03,1.319017377682030201e-03,2.431983873248100281e-02,4.749600589275360107e-01,1.584722399711608887e-01,3.552646338939666748e-01,3.398348391056060791e-01,3.318786621093750000e-01,1.168579161167144775e-01,9.218481928110122681e-02,1.699195355176925659e-01,1.000000357627868652e+00,4.981326162815093994e-01,3.496618866920471191e-01,1.315905340015888214e-02,4.743815362453460693e-01,5.121607780456542969e-01,3.891648054122924805e-01,5.946507304906845093e-02,3.425916135311126709e-01,2.887347936630249023e-01,3.363701999187469482e-01,2.581005692481994629e-01,-1.287497114390134811e-02,1.478107124567031860e-01,6.761389318853616714e-03,-4.478843808174133301e-01
