9.999999403953552246e-01,3.655818998813629150e-01,-2.878244817256927490e-01,2.510314807295799255e-02,5.138248205184936523e-01,3.985916972160339355e-01,-3.783652484416961670e-01,4.255804419517517090e-01,1.873999089002609253e-01,-1.237765029072761536e-01,2.906962633132934570e-01,-2.839694917201995850e-02,-8.457539975643157959e-02,2.630093991756439209e-01,2.213122844696044922e-01,-6.645115464925765991e-02,-3.796450793743133545e-01,-3.219507336616516113e-01,-2.045693397521972656e-01,-2.250475883483886719e-01,-2.705216705799102783e-01,-1.048765704035758972e-01,-1.183312609791755676e-01,-1.683586835861206055e-01,4.662698209285736084e-01,-4.288844764232635498e-01,3.627063930034637451e-01,5.410502552986145020e-01,3.630895912647247314e-01,-1.341793835163116455e-01,-2.386938780546188354e-01,-1.063386164605617523e-02,4.542408287525177002e-01,1.723450273275375366e-01,5.058963433839380741e-04,-7.462695986032485962e-02,3.155543506145477295e-01,1.155087500810623169e-01,-1.314336508512496948e-01,-5.447813495993614197e-02,5.090779066085815430e-01,-1.401808671653270721e-02,-1.973190307617187500e-01,2.750117778778076172e-01,-8.444374799728393555e-02,-1.728292256593704224e-01,-8.069507777690887451e-02,1.535804420709609985e-01
3.655818998813629150e-01,9.999998211860656738e-01,-8.245306462049484253e-02,3.889101445674896240e-01,4.203027486801147461e-01,6.970539689064025879e-01,-3.047852590680122375e-02,2.900213301181793213e-01,5.486969351768493652e-01,3.250089585781097412e-01,3.364847004413604736e-01,4.196343421936035156e-01,2.991139423102140427e-03,2.963326573371887207e-01,4.899109303951263428e-01,1.103969812393188477e-01,-1.566960215568542480e-01,-1.932131201028823853e-01,-4.640031605958938599e-02,-1.384305953979492188e-01,-1.447728127241134644e-01,-1.369029581546783447e-01,-7.578731328248977661e-02,-5.824078246951103210e-02,1.987342536449432373e-01,-2.280549108982086182e-01,4.011416733264923096e-01,4.183145165443420410e-01,5.450532436370849609e-01,-5.948088690638542175e-02,-8.816106617450714111e-02,-1.049977764487266541e-01,3.555120229721069336e-01,3.470108807086944580e-01,3.539104461669921875e-01,2.303925715386867523e-02,4.675589501857757568e-01,4.461178481578826904e-01,1.773836314678192139e-01,-2.945013903081417084e-02,7.089782357215881348e-01,4.540937542915344238e-01,6.260273605585098267e-02,6.869563460350036621e-01,3.636015653610229492e-01,1.975174695253372192e-01,-3.534156829118728638e-02,-9.031409770250320435e-02
-2.878244817256927490e-01,-8.245306462049484253e-02,1.000000119209289551e+00,4.774034321308135986e-01,-4.001005887985229492e-01,-2.618318609893321991e-02,2.951427102088928223e-01,-3.530844449996948242e-01,-9.001023322343826294e-02,1.294463127851486206e-01,-3.168739676475524902e-01,9.037441015243530273e-02,-1.314620673656463623e-01,-2.630536258220672607e-01,-7.761763781309127808e-02,-1.281838417053222656e-01,4.116548597812652588e-02,-9.851574897766113281e-02,3.061972185969352722e-02,-5.658366158604621887e-02,-8.000022917985916138e-02,-3.314201235771179199e-01,-3.205262720584869385e-01,-2.512973845005035400e-01,-1.552599817514419556e-01,4.174189567565917969e-01,-2.294108420610427856e-01,-2.800775505602359772e-02,3.445560857653617859e-02,-9.312667697668075562e-02,-1.635802537202835083e-01,-3.107848167419433594e-01,-3.842809796333312988e-01,-4.978312179446220398e-02,2.105734683573246002e-02,-3.102997839450836182e-01,-5.559540167450904846e-02,2.360771037638187408e-02,-1.019356921315193176e-01,-3.139410614967346191e-01,-7.249041646718978882e-02,2.035550624132156372e-01,8.084777742624282837e-02,-1.119106486439704895e-01,1.414324045181274414e-01,1.209651455283164978e-01,-2.897307872772216797e-01,-5.347412228584289551e-01
2.510314807295799255e-02,3.889101445674896240e-01,4.774034321308135986e-01,1.000000119209289551e+00,7.251626253128051758e-02,5.353373289108276367e-01,2.272751182317733765e-01,-8.937819302082061768e-02,3.526999950408935547e-01,2.931508123874664307e-01,-6.443929672241210938e-02,2.298025935888290405e-01,-7.403957098722457886e-02,-6.518997997045516968e-02,1.727462559938430786e-01,-9.761922061443328857e-02,-5.459069833159446716e-02,-1.016297861933708191e-01,-8.627633005380630493e-02,-1.364758759737014771e-01,-1.334432810544967651e-01,-2.411046177148818970e-01,-2.331881672143936157e-01,-1.923382878303527832e-01,-7.515592966228723526e-03,-4.578088410198688507e-03,-5.801999568939208984e-02,1.360649615526199341e-01,3.009352385997772217e-01,-1.368636190891265869e-01,-1.498044133186340332e-01,-2.033829092979431152e-01,-1.934623271226882935e-01,1.122522428631782532e-01,4.379626363515853882e-02,-2.420839220285415649e-01,1.916549205780029297e-01,1.563300639390945435e-01,-8.467782288789749146e-02,-2.171030044555664062e-01,4.205634593963623047e-01,3.744097948074340820e-01,-9.287770837545394897e-02,3.331563472747802734e-01,1.709854006767272949e-01,1.169868484139442444e-01,-1.842078119516372681e-01,-3.820610046386718750e-01
5.138248205184936523e-01,4.203027486801147461e-01,-4.001005887985229492e-01,7.251626253128051758e-02,1.000000119209289551e+00,3.994750976562500000e-01,-1.904622018337249756e-01,4.820797443389892578e-01,3.286073207855224609e-01,-8.084779838100075722e-04,4.055827260017395020e-01,5.845437571406364441e-02,-5.105063691735267639e-02,3.253841102123260498e-01,1.539558917284011841e-01,-9.022098034620285034e-02,-1.360643804073333740e-01,-1.984383016824722290e-01,-1.168616339564323425e-01,-9.211210161447525024e-02,-1.563732028007507324e-01,-7.014427334070205688e-02,6.002684682607650757e-02,-8.570706099271774292e-02,1.685707867145538330e-01,-5.531940460205078125e-01,1.156934797763824463e-01,1.747891306877136230e-01,1.163249164819717407e-01,-1.390591263771057129e-01,-2.030400782823562622e-01,-8.595764636993408203e-02,2.495258897542953491e-01,8.931712806224822998e-02,-4.159560427069664001e-02,-1.764874905347824097e-02,1.947578787803649902e-01,-3.457258641719818115e-02,-1.225207820534706116e-01,4.311000183224678040e-02,5.152082443237304688e-01,8.647919446229934692e-02,-2.752339243888854980e-01,3.695879876613616943e-01,-5.485550314188003540e-02,-1.713121533393859863e-01,-1.016414240002632141e-01,1.833647787570953369e-01
3.985916972160339355e-01,6.970539689064025879e-01,-2.618318609893321991e-02,5.353373289108276367e-01,3.994750976562500000e-01,1.000000119209289551e+00,-1.002296507358551025e-01,1.912150532007217407e-01,6.015288233757019043e-01,2.072903215885162354e-01,3.005293309688568115e-01,2.620529532432556152e-01,1.938723213970661163e-02,1.725731790065765381e-01,4.067170321941375732e-01,1.773003372363746166e-03,-2.727149426937103271e-01,-2.247416824102401733e-01,-2.064446955919265747e-01,-2.172727286815643311e-01,-2.045824229717254639e-01,-1.620577424764633179e-01,-1.152926757931709290e-01,-1.473264545202255249e-01,1.964936256408691406e-01,-3.376100063323974609e-01,3.198479413986206055e-01,4.595834314823150635e-01,5.350698828697204590e-01,-1.456709504127502441e-01,-1.707810014486312866e-01,-1.042119413614273071e-01,2.399592697620391846e-01,3.179914057254791260e-01,1.059153154492378235e-01,-8.708444982767105103e-02,4.055310785770416260e-01,3.206548690795898438e-01,-3.600090742111206055e-02,-5.828081071376800537e-02,7.508818507194519043e-01,3.113723397254943848e-01,-1.546974629163742065e-01,6.903535127639770508e-01,1.360324323177337646e-01,1.935404352843761444e-02,-7.983003556728363037e-02,-1.011927202343940735e-01
-3.783652484416961670e-01,-3.047852590680122375e-02,2.951427102088928223e-01,2.272751182317733765e-01,-1.904622018337249756e-01,-1.002296507358551025e-01,1.000000119209289551e+00,-3.044293522834777832e-01,-8.948256075382232666e-02,2.560786306858062744e-01,-3.105784654617309570e-01,1.725079566240310669e-01,2.029890865087509155e-01,-2.246914803981781006e-01,-1.156552508473396301e-01,9.271623939275741577e-02,6.952139735221862793e-01,4.164559841156005859e-01,6.157567501068115234e-01,5.133754014968872070e-01,3.696205615997314453e-01,5.604205280542373657e-02,1.916583925485610962e-01,2.015666216611862183e-01,-2.293897867202758789e-01,4.633611142635345459e-01,-2.228007167577743530e-01,-2.863140106201171875e-01,-8.832120150327682495e-02,4.933702051639556885e-01,3.528606891632080078e-01,-1.514798123389482498e-02,-2.590281069278717041e-01,-1.844937056303024292e-01,1.430130153894424438e-01,1.679974645376205444e-01,-1.706251353025436401e-01,-6.520411372184753418e-02,1.800388842821121216e-01,1.450401693582534790e-01,-1.689507663249969482e-01,2.017822861671447754e-01,4.092573523521423340e-01,-7.596720010042190552e-02,2.687972187995910645e-01,3.483523130416870117e-01,1.221711635589599609e-01,-1.975722759962081909e-01
4.255804419517517090e-01,2.900213301181793213e-01,-3.530844449996948242e-01,-8.937819302082061768e-02,4.820797443389892578e-01,1.912150532007217407e-01,-3.044293522834777832e-01,1.000000000000000000e+00,3.097261786460876465e-01,6.193167716264724731e-02,5.751753449440002441e-01,1.764125823974609375e-01,7.202193886041641235e-02,6.674226522445678711e-01,3.416035473346710205e-01,5.231799185276031494e-02,-2.323191612958908081e-01,-1.667744666337966919e-01,-1.894138753414154053e-01,-1.078422293066978455e-01,-6.186638027429580688e-02,1.269024461507797241e-01,9.559755027294158936e-02,1.246818248182535172e-02,2.903105616569519043e-01,-3.978778123855590820e-01,9.129092842340469360e-02,1.620885878801345825e-01,1.082636937499046326e-01,-2.140436768531799316e-01,-6.765043735504150391e-02,1.228429228067398071e-01,4.593993127346038818e-01,1.697550863027572632e-01,-5.216914694756269455e-03,1.560457888990640640e-02,4.321983456611633301e-01,1.125464960932731628e-01,-7.759889960289001465e-02,8.305273950099945068e-02,2.959503233432769775e-01,9.172402322292327881e-02,-2.620005011558532715e-01,3.132811784744262695e-01,-1.931535266339778900e-02,-1.015707179903984070e-01,7.651802897453308105e-02,2.379880845546722412e-01
1.873999089002609253e-01,5.486969351768493652e-01,-9.001023322343826294e-02,3.526999950408935547e-01,3.286073207855224609e-01,6.015288233757019043e-01,-8.948256075382232666e-02,3.097261786460876465e-01,9.999997019767761230e-01,2.427822500467300415e-01,6.049412488937377930e-01,2.859681248664855957e-01,1.147662773728370667e-01,3.005935549736022949e-01,3.848142325878143311e-01,8.329384028911590576e-02,-1.402207016944885254e-01,-1.063346937298774719e-01,-2.025843709707260132e-01,-1.240167766809463501e-01,-6.085315719246864319e-02,-4.330833256244659424e-02,6.359166651964187622e-02,-2.863799966871738434e-02,2.930380776524543762e-02,-3.380087912082672119e-01,1.658685207366943359e-01,1.995926350355148315e-01,3.082139492034912109e-01,-1.237108930945396423e-01,-9.536120295524597168e-02,-7.860137522220611572e-02,1.454505473375320435e-01,3.830412328243255615e-01,-2.019513398408889771e-02,4.605326335877180099e-03,3.397676050662994385e-01,2.901551723480224609e-01,-5.254828371107578278e-03,5.942774936556816101e-02,5.502356886863708496e-01,2.988809049129486084e-01,-2.293517291545867920e-01,7.378520965576171875e-01,7.276652008295059204e-02,-1.443148776888847351e-02,-2.670499309897422791e-02,-8.890052558854222298e-04
-1.237765029072761536e-01,3.250089585781097412e-01,1.294463127851486206e-01,2.931508123874664307e-01,-8.084779838100075722e-04,2.072903215885162354e-01,2.560786306858062744e-01,6.193167716264724731e-02,2.427822500467300415e-01,1.000000000000000000e+00,3.709346428513526917e-02,7.809845805168151855e-01,2.977697253227233887e-01,1.650622934103012085e-01,5.764654874801635742e-01,5.552149415016174316e-01,1.444418728351593018e-01,-1.123826112598180771e-02,1.415389925241470337e-01,-9.363273158669471741e-03,1.934062875807285309e-02,-2.839598804712295532e-02,-2.273707184940576553e-03,9.845358878374099731e-02,-8.349993824958801270e-02,2.135347723960876465e-01,-1.943352073431015015e-02,7.729819481028243899e-05,2.818743288516998291e-01,1.010453999042510986e-01,7.377970963716506958e-02,7.814045995473861694e-02,3.844587877392768860e-02,5.167982354760169983e-02,5.742942094802856445e-01,7.334595173597335815e-02,1.829321384429931641e-01,5.080812573432922363e-01,5.277019143104553223e-01,-3.287644684314727783e-02,1.342559158802032471e-01,6.199120283126831055e-01,4.535287320613861084e-01,3.297525048255920410e-01,6.926617622375488281e-01,7.045998573303222656e-01,1.274844110012054443e-01,-1.515807658433914185e-01
2.906962633132934570e-01,3.364847004413604736e-01,-3.168739676475524902e-01,-6.443929672241210938e-02,4.055827260017395020e-01,3.005293309688568115e-01,-3.105784654617309570e-01,5.751753449440002441e-01,6.049412488937377930e-01,3.709346428513526917e-02,1.000000119209289551e+00,1.400607377290725708e-01,7.799188047647476196e-02,6.019772887229919434e-01,3.094241917133331299e-01,1.045034900307655334e-01,-1.770159602165222168e-01,-1.145170480012893677e-01,-1.800803840160369873e-01,-8.604747802019119263e-02,-2.589586004614830017e-02,7.491651177406311035e-02,1.189120337367057800e-01,3.430084139108657837e-02,1.236247569322586060e-01,-4.042830169200897217e-01,1.215712279081344604e-01,1.047327443957328796e-01,7.548321783542633057e-02,-1.512652039527893066e-01,-6.263634562492370605e-02,2.844082005321979523e-02,3.349769115447998047e-01,3.334951102733612061e-01,-6.563802063465118408e-02,5.327666923403739929e-02,3.584243655204772949e-01,1.866277605295181274e-01,-7.185435388237237930e-03,1.210788786411285400e-01,3.954659700393676758e-01,6.786241382360458374e-02,-2.494658529758453369e-01,4.720373153686523438e-01,-4.419450461864471436e-02,-1.070996671915054321e-01,3.847957774996757507e-02,1.938947141170501709e-01
-2.839694917201995850e-02,4.196343421936035156e-01,9.037441015243530273e-02,2.298025935888290405e-01,5.845437571406364441e-02,2.620529532432556152e-01,1.725079566240310669e-01,1.764125823974609375e-01,2.859681248664855957e-01,7.809845805168151855e-01,1.400607377290725708e-01,9.999995231628417969e-01,2.502259016036987305e-01,2.890944480895996094e-01,7.067160606384277344e-01,5.201322436332702637e-01,4.430204257369041443e-02,-1.343911737203598022e-01,1.120280772447586060e-01,-6.943430751562118530e-02,-6.848863512277603149e-02,-1.024448871612548828e-01,-6.072175875306129456e-02,2.712718024849891663e-02,-3.955257683992385864e-02,1.429587751626968384e-01,1.048154979944229126e-01,7.611165195703506470e-02,3.619286417961120605e-01,4.554053768515586853e-02,-1.313744951039552689e-02,6.591982673853635788e-03,1.464341580867767334e-01,1.817645728588104248e-01,6.136302351951599121e-01,5.553552135825157166e-02,3.144566118717193604e-01,6.171498894691467285e-01,4.844118356704711914e-01,-4.544981196522712708e-02,2.310450673103332520e-01,6.450976729393005371e-01,3.968696892261505127e-01,4.198262095451354980e-01,6.749101877212524414e-01,6.347793340682983398e-01,6.428402662277221680e-02,-1.747448593378067017e-01
-8.457539975643157959e-02,2.991139423102140427e-03,-1.314620673656463623e-01,-7.403957098722457886e-02,-5.105063691735267639e-02,1.938723213970661163e-02,2.029890865087509155e-01,7.202193886041641235e-02,1.147662773728370667e-01,2.977697253227233887e-01,7.799188047647476196e-02,2.502259016036987305e-01,1.000000238418579102e+00,1.286896765232086182e-01,2.289355099201202393e-01,5.279299020767211914e-01,2.638320028781890869e-01,2.194340676069259644e-01,3.680814206600189209e-01,4.416427016258239746e-01,4.430746734142303467e-01,3.312225639820098877e-01,5.395105481147766113e-01,4.577200710773468018e-01,-4.688426852226257324e-02,3.307366371154785156e-02,-4.255777969956398010e-02,-3.744298964738845825e-02,-5.200012028217315674e-02,4.989210069179534912e-01,4.138466417789459229e-01,3.361880183219909668e-01,1.452310681343078613e-01,-1.124380156397819519e-02,1.763095259666442871e-01,5.884882211685180664e-01,9.425067156553268433e-02,1.866534650325775146e-01,3.998381197452545166e-01,5.824606418609619141e-01,-8.122685551643371582e-02,-2.223452925682067871e-02,3.135818243026733398e-01,1.199651882052421570e-01,1.278825551271438599e-01,3.297238945960998535e-01,4.466628134250640869e-01,2.677889764308929443e-01
2.630093991756439209e-01,2.963326573371887207e-01,-2.630536258220672607e-01,-6.518997997045516968e-02,3.253841102123260498e-01,1.725731790065765381e-01,-2.246914803981781006e-01,6.674226522445678711e-01,3.005935549736022949e-01,1.650622934103012085e-01,6.019772887229919434e-01,2.890944480895996094e-01,1.286896765232086182e-01,1.000000000000000000e+00,4.346243739128112793e-01,1.626146733760833740e-01,-1.774770617485046387e-01,-1.702888906002044678e-01,-1.348916888236999512e-01,-1.269298493862152100e-01,-5.342966318130493164e-02,5.621316656470298767e-02,3.275657445192337036e-02,-1.831402629613876343e-02,1.943777501583099365e-01,-2.633680701255798340e-01,9.787563979625701904e-02,1.223363280296325684e-01,1.085397601127624512e-01,-1.265493631362915039e-01,-6.644489616155624390e-02,8.820661902427673340e-02,4.871692657470703125e-01,2.677821218967437744e-01,9.905526041984558105e-02,3.788625076413154602e-02,6.139144897460937500e-01,2.680064439773559570e-01,7.218094170093536377e-02,6.726037710905075073e-02,2.420445978641510010e-01,1.550396084785461426e-01,-1.485201418399810791e-01,3.124521076679229736e-01,4.960652813315391541e-02,1.442423276603221893e-02,4.661963880062103271e-02,1.352978497743606567e-01
2.213122844696044922e-01,4.899109303951263428e-01,-7.761763781309127808e-02,1.727462559938430786e-01,1.539558917284011841e-01,4.067170321941375732e-01,-1.156552508473396301e-01,3.416035473346710205e-01,3.848142325878143311e-01,5.764654874801635742e-01,3.094241917133331299e-01,7.067160606384277344e-01,2.289355099201202393e-01,4.346243739128112793e-01,9.999995827674865723e-01,4.760581254959106445e-01,-2.163888812065124512e-01,-2.665058374404907227e-01,-6.656900793313980103e-02,-2.095258384943008423e-01,-1.772620528936386108e-01,-8.895700424909591675e-02,-8.334048092365264893e-02,-3.690414130687713623e-02,1.321439743041992188e-01,-9.300655871629714966e-02,2.875562310218811035e-01,2.932006120681762695e-01,4.503178894519805908e-01,-9.319917112588882446e-02,-9.863112866878509521e-02,3.791899234056472778e-02,3.314353227615356445e-01,3.684972524642944336e-01,4.959397912025451660e-01,3.311753645539283752e-02,5.011187791824340820e-01,7.241967916488647461e-01,3.692605793476104736e-01,-1.892115734517574310e-02,3.810135722160339355e-01,5.000439286231994629e-01,1.649458557367324829e-01,5.317463278770446777e-01,4.850327968597412109e-01,3.867202401161193848e-01,4.564476013183593750e-02,-4.790607467293739319e-02
-6.645115464925765991e-02,1.103969812393188477e-01,-1.281838417053222656e-01,-9.761922061443328857e-02,-9.022098034620285034e-02,1.773003372363746166e-03,9.271623939275741577e-02,5.231799185276031494e-02,8.329384028911590576e-02,5.552149415016174316e-01,1.045034900307655334e-01,5.201322436332702637e-01,5.279299020767211914e-01,1.626146733760833740e-01,4.760581254959106445e-01,1.000000238418579102e+00,1.883380562067031860e-01,1.046581491827964783e-01,2.075556516647338867e-01,1.490021646022796631e-01,1.713854968547821045e-01,1.478712707757949829e-01,3.231786489486694336e-01,3.471418619155883789e-01,-6.808858364820480347e-02,1.365274041891098022e-01,8.112629503011703491e-02,4.938787780702114105e-03,5.644370242953300476e-02,2.460238784551620483e-01,2.336911410093307495e-01,2.051111310720443726e-01,1.894613504409790039e-01,9.949147701263427734e-02,5.736796259880065918e-01,4.020662605762481689e-01,1.276382356882095337e-01,5.043608546257019043e-01,7.591940164566040039e-01,2.905592620372772217e-01,-4.948888346552848816e-02,2.474951297044754028e-01,4.906737506389617920e-01,1.292167454957962036e-01,5.111942887306213379e-01,5.995639562606811523e-01,3.526611626148223877e-01,1.714501827955245972e-01
-3.796450793743133545e-01,-1.566960215568542480e-01,4.116548597812652588e-02,-5.459069833159446716e-02,-1.360643804073333740e-01,-2.727149426937103271e-01,6.952139735221862793e-01,-2.323191612958908081e-01,-1.402207016944885254e-01,1.444418728351593018e-01,-1.770159602165222168e-01,4.430204257369041443e-02,2.638320028781890869e-01,-1.774770617485046387e-01,-2.163888812065124512e-01,1.883380562067031860e-01,1.000000357627868652e+00,6.951139569282531738e-01,6.864382028579711914e-01,7.224062085151672363e-01,6.380630731582641602e-01,3.816301822662353516e-01,4.768144488334655762e-01,4.765587747097015381e-01,-2.859384119510650635e-01,3.674684464931488037e-01,-2.499243915081024170e-01,-3.928256928920745850e-01,-3.056095540523529053e-01,5.017445087432861328e-01,5.902474522590637207e-01,2.035418897867202759e-01,-1.803379505872726440e-01,-1.873995512723922729e-01,8.162217587232589722e-02,3.437487781047821045e-01,-2.859338223934173584e-01,-1.614268124103546143e-01,2.663698792457580566e-01,2.977706491947174072e-01,-2.689477503299713135e-01,-3.249734640121459961e-03,4.249043464660644531e-01,-1.811847984790802002e-01,1.485763490200042725e-01,3.316565454006195068e-01,3.649385869503021240e-01,1.164020672440528870e-01
-3.219507336616516113e-01,-1.932131201028823853e-01,-9.851574897766113281e-02,-1.016297861933708191e-01,-1.984383016824722290e-01,-2.247416824102401733e-01,4.164559841156005859e-01,-1.667744666337966919e-01,-1.063346937298774719e-01,-1.123826112598180771e-02,-1.145170480012893677e-01,-1.343911737203598022e-01,2.194340676069259644e-01,-1.702888906002044678e-01,-2.665058374404907227e-01,1.046581491827964783e-01,6.951139569282531738e-01,1.000000238418579102e+00,4.806368052959442139e-01,6.880230307579040527e-01,7.295408844947814941e-01,6.747130155563354492e-01,5.293512940406799316e-01,5.762735605239868164e-01,-2.088778167963027954e-01,2.482168078422546387e-01,-1.316531300544738770e-01,-2.754334807395935059e-01,-2.594088017940521240e-01,4.019360244274139404e-01,7.281602025032043457e-01,4.664610624313354492e-01,-3.089607134461402893e-02,-1.520040631294250488e-01,-5.799575522541999817e-02,3.442692458629608154e-01,-2.652245163917541504e-01,-2.162101566791534424e-01,1.682487726211547852e-01,3.280154764652252197e-01,-2.774323225021362305e-01,-2.364299595355987549e-01,2.682583034038543701e-01,-1.981999576091766357e-01,-3.828088939189910889e-02,1.638310253620147705e-01,5.467298626899719238e-01,2.944782078266143799e-01
-2.045693397521972656e-01,-4.640031605958938599e-02,3.061972185969352722e-02,-8.627633005380630493e-02,-1.168616339564323425e-01,-2.064446955919265747e-01,6.157567501068115234e-01,-1.894138753414154053e-01,-2.025843709707260132e-01,1.415389925241470337e-01,-1.800803840160369873e-01,1.120280772447586060e-01,3.680814206600189209e-01,-1.348916888236999512e-01,-6.656900793313980103e-02,2.075556516647338867e-01,6.864382028579711914e-01,4.806368052959442139e-01,1.000000000000000000e+00,6.998771429061889648e-01,5.161120891571044922e-01,2.852858304977416992e-01,3.668291866779327393e-01,4.158577024936676025e-01,-1.007519736886024475e-01,4.142578542232513428e-01,-9.371458739042282104e-02,-2.214514613151550293e-01,-1.630599945783615112e-01,6.106642484664916992e-01,5.626236200332641602e-01,2.085209935903549194e-01,-4.502740874886512756e-02,-1.174615994095802307e-01,1.987619847059249878e-01,4.019173681735992432e-01,-1.850171536207199097e-01,-1.437173970043659210e-02,2.745352983474731445e-01,3.378151953220367432e-01,-1.639242023229598999e-01,5.350982770323753357e-03,5.572397112846374512e-01,-1.553699076175689697e-01,2.081729322671890259e-01,3.785518109798431396e-01,3.504524827003479004e-01,7.642089575529098511e-02
-2.250475883483886719e-01,-1.384305953979492188e-01,-5.658366158604621887e-02,-1.364758759737014771e-01,-9.211210161447525024e-02,-2.172727286815643311e-01,5.133754014968872070e-01,-1.078422293066978455e-01,-1.240167766809463501e-01,-9.363273158669471741e-03,-8.604747802019119263e-02,-6.943430751562118530e-02,4.416427016258239746e-01,-1.269298493862152100e-01,-2.095258384943008423e-01,1.490021646022796631e-01,7.224062085151672363e-01,6.880230307579040527e-01,6.998771429061889648e-01,9.999995827674865723e-01,7.823702096939086914e-01,5.007478594779968262e-01,6.397260427474975586e-01,5.900958180427551270e-01,-1.771594882011413574e-01,2.296039760112762451e-01,-1.580276936292648315e-01,-2.550123631954193115e-01,-2.770331501960754395e-01,6.057793498039245605e-01,6.804858446121215820e-01,2.875177860260009766e-01,-2.430746331810951233e-02,-1.567611843347549438e-01,4.243694618344306946e-02,5.464980602264404297e-01,-2.263655960559844971e-01,-1.582561731338500977e-01,2.083202600479125977e-01,5.234338641166687012e-01,-2.384502738714218140e-01,-1.740795522928237915e-01,3.698881864547729492e-01,-1.522096097469329834e-01,1.804264076054096222e-02,2.092345207929611206e-01,4.783259630203247070e-01,2.203729301691055298e-01
-2.705216705799102783e-01,-1.447728127241134644e-01,-8.000022917985916138e-02,-1.334432810544967651e-01,-1.563732028007507324e-01,-2.045824229717254639e-01,3.696205615997314453e-01,-6.186638027429580688e-02,-6.085315719246864319e-02,1.934062875807285309e-02,-2.589586004614830017e-02,-6.848863512277603149e-02,4.430746734142303467e-01,-5.342966318130493164e-02,-1.772620528936386108e-01,1.713854968547821045e-01,6.380630731582641602e-01,7.295408844947814941e-01,5.161120891571044922e-01,7.823702096939086914e-01,1.000000119209289551e+00,6.264608502388000488e-01,6.919881105422973633e-01,6.639582514762878418e-01,-2.084786444902420044e-01,2.288346439599990845e-01,-1.386907100677490234e-01,-1.824594736099243164e-01,-2.067713290452957153e-01,5.069231390953063965e-01,7.331936359405517578e-01,4.003261923789978027e-01,3.442620486021041870e-02,-1.368798613548278809e-01,-4.878856998402625322e-04,5.476890802383422852e-01,-1.738544851541519165e-01,-1.488687396049499512e-01,2.023115009069442749e-01,5.436408519744873047e-01,-2.535733580589294434e-01,-1.948157548904418945e-01,2.884845733642578125e-01,-1.285408139228820801e-01,-9.049438871443271637e-03,2.036449164152145386e-01,5.713313817977905273e-01,2.846822440624237061e-01
-1.048765704035758972e-01,-1.369029581546783447e-01,-3.314201235771179199e-01,-2.411046177148818970e-01,-7.014427334070205688e-02,-1.620577424764633179e-01,5.604205280542373657e-02,1.269024461507797241e-01,-4.330833256244659424e-02,-2.839598804712295532e-02,7.491651177406311035e-02,-1.024448871612548828e-01,3.312225639820098877e-01,5.621316656470298767e-02,-8.895700424909591675e-02,1.478712707757949829e-01,3.816301822662353516e-01,6.747130155563354492e-01,2.852858304977416992e-01,5.007478594779968262e-01,6.264608502388000488e-01,1.000000119209289551e+00,5.535618066787719727e-01,6.129201650619506836e-01,-4.805659502744674683e-02,3.958805650472640991e-02,6.268813740462064743e-03,-7.963988929986953735e-02,-1.210261285305023193e-01,2.971224486827850342e-01,7.189786434173583984e-01,7.344406247138977051e-01,1.836586296558380127e-01,-1.193339526653289795e-01,-8.304120600223541260e-02,4.024042785167694092e-01,-8.443698287010192871e-02,-1.409257203340530396e-01,1.250512301921844482e-01,4.141065180301666260e-01,-1.814695745706558228e-01,-2.925465703010559082e-01,1.522618234157562256e-01,-1.110311895608901978e-01,-9.075763821601867676e-02,1.015424355864524841e-01,6.701732873916625977e-01,6.132249832153320312e-01
-1.183312609791755676e-01,-7.578731328248977661e-02,-3.205262720584869385e-01,-2.331881672143936157e-01,6.002684682607650757e-02,-1.152926757931709290e-01,1.916583925485610962e-01,9.559755027294158936e-02,6.359166651964187622e-02,-2.273707184940576553e-03,1.189120337367057800e-01,-6.072175875306129456e-02,5.395105481147766113e-01,3.275657445192337036e-02,-8.334048092365264893e-02,3.231786489486694336e-01,4.768144488334655762e-01,5.293512940406799316e-01,3.668291866779327393e-01,6.397260427474975586e-01,6.919881105422973633e-01,5.535618066787719727e-01,1.000000119209289551e+00,7.508068084716796875e-01,-1.510360687971115112e-01,-4.777070134878158569e-02,-5.949070677161216736e-02,-1.207800209522247314e-01,-2.239700406789779663e-01,4.587365090847015381e-01,6.164675354957580566e-01,3.822613656520843506e-01,1.137570068240165710e-01,-1.471101641654968262e-01,4.120843112468719482e-02,7.475019693374633789e-01,-6.770759075880050659e-02,-9.287454932928085327e-02,2.909466326236724854e-01,7.690986990928649902e-01,-1.488293856382369995e-01,-2.284752726554870605e-01,1.621922850608825684e-01,-8.498754352331161499e-03,-3.519541397690773010e-02,1.119746193289756775e-01,6.361775398254394531e-01,5.337983369827270508e-01
-1.683586835861206055e-01,-5.824078246951103210e-02,-2.512973845005035400e-01,-1.923382878303527832e-01,-8.570706099271774292e-02,-1.473264545202255249e-01,2.015666216611862183e-01,1.246818248182535172e-02,-2.863799966871738434e-02,9.845358878374099731e-02,3.430084139108657837e-02,2.712718024849891663e-02,4.577200710773468018e-01,-1.831402629613876343e-02,-3.690414130687713623e-02,3.471418619155883789e-01,4.765587747097015381e-01,5.762735605239868164e-01,4.158577024936676025e-01,5.900958180427551270e-01,6.639582514762878418e-01,6.129201650619506836e-01,7.508068084716796875e-01,9.999993443489074707e-01,-1.333197206258773804e-01,1.468914449214935303e-01,7.354604080319404602e-03,-1.126132756471633911e-01,-1.262730509042739868e-01,4.598661065101623535e-01,7.444966435432434082e-01,5.290999412536621094e-01,1.243709996342658997e-01,-1.502488553524017334e-01,1.335481107234954834e-01,7.236822843551635742e-01,-4.896583780646324158e-02,-1.664677262306213379e-02,3.791786730289459229e-01,6.507097482681274414e-01,-1.431539952754974365e-01,-1.750279217958450317e-01,3.476935327053070068e-01,-7.974456250667572021e-02,9.383876621723175049e-02,2.748451530933380127e-01,8.082333803176879883e-01,4.960490763187408447e-01
4.662698209285736084e-01,1.987342536449432373e-01,-1.552599817514419556e-01,-7.515592966228723526e-03,1.685707867145538330e-01,1.964936256408691406e-01,-2.293897867202758789e-01,2.903105616569519043e-01,2.930380776524543762e-02,-8.349993824958801270e-02,1.236247569322586060e-01,-3.955257683992385864e-02,-4.688426852226257324e-02,1.943777501583099365e-01,1.321439743041992188e-01,-6.808858364820480347e-02,-2.859384119510650635e-01,-2.088778167963027954e-01,-1.007519736886024475e-01,-1.771594882011413574e-01,-2.084786444902420044e-01,-4.805659502744674683e-02,-1.510360687971115112e-01,-1.333197206258773804e-01,1.000000000000000000e+00,-1.349332034587860107e-01,2.716996371746063232e-01,3.534294366836547852e-01,2.706716656684875488e-01,-9.232386201620101929e-02,-1.021747961640357971e-01,4.008787125349044800e-02,3.616510629653930664e-01,1.575599759817123413e-01,-3.802122175693511963e-02,-6.747413426637649536e-02,2.279429137706756592e-01,5.319954082369804382e-02,-1.122329980134963989e-01,-3.873559832572937012e-02,2.637468278408050537e-01,-8.726862259209156036e-03,-1.247196719050407410e-01,9.347134083509445190e-02,-6.286254525184631348e-02,-1.480032205581665039e-01,-6.258399784564971924e-02,1.089781001210212708e-01
-4.288844764232635498e-01,-2.280549108982086182e-01,4.174189567565917969e-01,-4.578088410198688507e-03,-5.531940460205078125e-01,-3.376100063323974609e-01,4.633611142635345459e-01,-3.978778123855590820e-01,-3.380087912082672119e-01,2.135347723960876465e-01,-4.042830169200897217e-01,1.429587751626968384e-01,3.307366371154785156e-02,-2.633680701255798340e-01,-9.300655871629714966e-02,1.365274041891098022e-01,3.674684464931488037e-01,2.482168078422546387e-01,4.142578542232513428e-01,2.296039760112762451e-01,2.288346439599990845e-01,3.958805650472640991e-02,-4.777070134878158569e-02,1.468914449214935303e-01,-1.349332034587860107e-01,1.000000000000000000e+00,-1.244083642959594727e-01,-6.346920877695083618e-02,6.997137516736984253e-02,2.576723694801330566e-01,3.036566078662872314e-01,2.606519870460033417e-02,-1.446369439363479614e-01,-9.522147476673126221e-02,2.321950197219848633e-01,1.825243607163429260e-02,-1.838886141777038574e-01,7.521555572748184204e-02,2.139652371406555176e-01,-5.993910878896713257e-02,-3.478977084159851074e-01,8.765065670013427734e-02,4.858969449996948242e-01,-3.293917179107666016e-01,3.039609491825103760e-01,3.907674849033355713e-01,1.173903346061706543e-01,-2.475865632295608521e-01
3.627063930034637451e-01,4.011416733264923096e-01,-2.294108420610427856e-01,-5.801999568939208984e-02,1.156934797763824463e-01,3.198479413986206055e-01,-2.228007167577743530e-01,9.129092842340469360e-02,1.658685207366943359e-01,-1.943352073431015015e-02,1.215712279081344604e-01,1.048154979944229126e-01,-4.255777969956398010e-02,9.787563979625701904e-02,2.875562310218811035e-01,8.112629503011703491e-02,-2.499243915081024170e-01,-1.316531300544738770e-01,-9.371458739042282104e-02,-1.580276936292648315e-01,-1.386907100677490234e-01,6.268813740462064743e-03,-5.949070677161216736e-02,7.354604080319404602e-03,2.716996371746063232e-01,-1.244083642959594727e-01,1.000000357627868652e+00,4.724823534488677979e-01,4.446732997894287109e-01,5.161543190479278564e-02,6.238959729671478271e-03,7.553699612617492676e-02,5.142846703529357910e-01,3.222487270832061768e-01,1.984113752841949463e-01,8.278905600309371948e-02,2.746816277503967285e-01,3.394946753978729248e-01,1.037355437874794006e-01,4.402559995651245117e-02,3.265561163425445557e-01,2.159169875085353851e-02,4.010963812470436096e-02,2.916280925273895264e-01,1.019615679979324341e-01,-6.593686412088572979e-04,8.939415216445922852e-02,1.296541094779968262e-01
5.410502552986145020e-01,4.183145165443420410e-01,-2.800775505602359772e-02,1.360649615526199341e-01,1.747891306877136230e-01,4.595834314823150635e-01,-2.863140106201171875e-01,1.620885878801345825e-01,1.995926350355148315e-01,7.729819481028243899e-05,1.047327443957328796e-01,7.611165195703506470e-02,-3.744298964738845825e-02,1.223363280296325684e-01,2.932006120681762695e-01,4.938787780702114105e-03,-3.928256928920745850e-01,-2.754334807395935059e-01,-2.214514613151550293e-01,-2.550123631954193115e-01,-1.824594736099243164e-01,-7.963988929986953735e-02,-1.207800209522247314e-01,-1.126132756471633911e-01,3.534294366836547852e-01,-6.346920877695083618e-02,4.724823534488677979e-01,9.999998211860656738e-01,6.950309276580810547e-01,-7.886367291212081909e-02,-1.238359510898590088e-01,-1.905241748318076134e-03,4.377280771732330322e-01,2.108401209115982056e-01,1.296259760856628418e-01,-5.357270315289497375e-02,3.238943517208099365e-01,2.685505747795104980e-01,-3.054987080395221710e-02,-3.987803682684898376e-02,4.267506003379821777e-01,1.012655049562454224e-01,-8.729413896799087524e-02,3.356160819530487061e-01,9.290973842144012451e-02,-3.951806575059890747e-02,-1.474352553486824036e-02,6.794349104166030884e-02
3.630895912647247314e-01,5.450532436370849609e-01,3.445560857653617859e-02,3.009352385997772217e-01,1.163249164819717407e-01,5.350698828697204590e-01,-8.832120150327682495e-02,1.082636937499046326e-01,3.082139492034912109e-01,2.818743288516998291e-01,7.548321783542633057e-02,3.619286417961120605e-01,-5.200012028217315674e-02,1.085397601127624512e-01,4.503178894519805908e-01,5.644370242953300476e-02,-3.056095540523529053e-01,-2.594088017940521240e-01,-1.630599945783615112e-01,-2.770331501960754395e-01,-2.067713290452957153e-01,-1.210261285305023193e-01,-2.239700406789779663e-01,-1.262730509042739868e-01,2.706716656684875488e-01,6.997137516736984253e-02,4.446732997894287109e-01,6.950309276580810547e-01,9.999997019767761230e-01,-5.264304950833320618e-02,-8.962474018335342407e-02,-2.266374044120311737e-02,3.147124648094177246e-01,2.727994620800018311e-01,2.925745248794555664e-01,-1.034797579050064087e-01,3.659736216068267822e-01,4.236351847648620605e-01,6.700859218835830688e-02,-1.302264332771301270e-01,4.874021708965301514e-01,4.136266112327575684e-01,6.114583835005760193e-02,4.718908667564392090e-01,3.553373515605926514e-01,1.875224411487579346e-01,-3.268873319029808044e-02,-1.125076413154602051e-01
-1.341793835163116455e-01,-5.948088690638542175e-02,-9.312667697668075562e-02,-1.368636190891265869e-01,-1.390591263771057129e-01,-1.456709504127502441e-01,4.933702051639556885e-01,-2.140436768531799316e-01,-1.237108930945396423e-01,1.010453999042510986e-01,-1.512652039527893066e-01,4.554053768515586853e-02,4.989210069179534912e-01,-1.265493631362915039e-01,-9.319917112588882446e-02,2.460238784551620483e-01,5.017445087432861328e-01,4.019360244274139404e-01,6.106642484664916992e-01,6.057793498039245605e-01,5.069231390953063965e-01,2.971224486827850342e-01,4.587365090847015381e-01,4.598661065101623535e-01,-9.232386201620101929e-02,2.576723694801330566e-01,5.161543190479278564e-02,-7.886367291212081909e-02,-5.264304950833320618e-02,1.000000000000000000e+00,5.318130850791931152e-01,2.667217254638671875e-01,4.482376202940940857e-02,-1.857364475727081299e-01,1.761033385992050171e-01,6.004934906959533691e-01,-1.630841791629791260e-01,-1.158300321549177170e-02,3.162834942340850830e-01,5.437352657318115234e-01,-1.931631714105606079e-01,-5.665092170238494873e-02,4.886125326156616211e-01,-7.434958964586257935e-02,1.641215980052947998e-01,3.272523581981658936e-01,4.053018093109130859e-01,2.077059447765350342e-01
-2.386938780546188354e-01,-8.816106617450714111e-02,-1.635802537202835083e-01,-1.498044133186340332e-01,-2.030400782823562622e-01,-1.707810014486312866e-01,3.528606891632080078e-01,-6.765043735504150391e-02,-9.536120295524597168e-02,7.377970963716506958e-02,-6.263634562492370605e-02,-1.313744951039552689e-02,4.138466417789459229e-01,-6.644489616155624390e-02,-9.863112866878509521e-02,2.336911410093307495e-01,5.902474522590637207e-01,7.281602025032043457e-01,5.626236200332641602e-01,6.804858446121215820e-01,7.331936359405517578e-01,7.189786434173583984e-01,6.164675354957580566e-01,7.444966435432434082e-01,-1.021747961640357971e-01,3.036566078662872314e-01,6.238959729671478271e-03,-1.238359510898590088e-01,-8.962474018335342407e-02,5.318130850791931152e-01,1.000000000000000000e+00,6.154676675796508789e-01,1.071939468383789062e-01,-1.452692598104476929e-01,6.085334345698356628e-02,5.688362121582031250e-01,-1.079511418938636780e-01,-7.580655068159103394e-02,2.710285782814025879e-01,5.267361998558044434e-01,-1.883674710988998413e-01,-1.855432838201522827e-01,3.997460007667541504e-01,-1.320860236883163452e-01,7.567039877176284790e-02,2.809149324893951416e-01,7.275847196578979492e-01,3.916329741477966309e-01
-1.063386164605617523e-02,-1.049977764487266541e-01,-3.107848167419433594e-01,-2.033829092979431152e-01,-8.595764636993408203e-02,-1.042119413614273071e-01,-1.514798123389482498e-02,1.228429228067398071e-01,-7.860137522220611572e-02,7.814045995473861694e-02,2.844082005321979523e-02,6.591982673853635788e-03,3.361880183219909668e-01,8.820661902427673340e-02,3.791899234056472778e-02,2.051111310720443726e-01,2.035418897867202759e-01,4.664610624313354492e-01,2.085209935903549194e-01,2.875177860260009766e-01,4.003261923789978027e-01,7.344406247138977051e-01,3.822613656520843506e-01,5.290999412536621094e-01,4.008787125349044800e-02,2.606519870460033417e-02,7.553699612617492676e-02,-1.905241748318076134e-03,-2.266374044120311737e-02,2.667217254638671875e-01,6.154676675796508789e-01,1.000000119209289551e+00,2.118167877197265625e-01,-1.698083877563476562e-01,-2.405209280550479889e-02,3.449139893054962158e-01,8.981868741102516651e-04,-7.103246450424194336e-02,1.391841918230056763e-01,3.203023970127105713e-01,-1.191524490714073181e-01,-1.898556202650070190e-01,1.860369890928268433e-01,-7.882589101791381836e-02,-2.320061624050140381e-02,1.566832810640335083e-01,6.731508374214172363e-01,5.741466283798217773e-01
