9.999998211860656738e-01,6.048084795475006104e-02,1.156603321433067322e-01,1.571815647184848785e-02,1.964237391948699951e-01,7.595628499984741211e-02,1.161326002329587936e-02,4.060469940304756165e-02,2.952252030372619629e-01,1.240802407264709473e-01,8.216676115989685059e-02,1.387439072132110596e-01,1.248245686292648315e-01,-8.845523744821548462e-02,7.915830612182617188e-02,1.303003877401351929e-01,2.463646233081817627e-01,8.784664422273635864e-02,7.081473618745803833e-02,3.121048398315906525e-02,1.266786456108093262e-01,1.989318430423736572e-01,2.261013537645339966e-01,2.044194489717483521e-01,1.704200059175491333e-01,-6.547443568706512451e-02,-9.486360847949981689e-02,1.899187266826629639e-01,6.894550472497940063e-02,1.430068016052246094e-01,1.692459434270858765e-01,5.837333202362060547e-02,5.690126866102218628e-02,-1.939433813095092773e-02,7.419221103191375732e-02,9.152796864509582520e-02,-4.464925453066825867e-02,1.491423696279525757e-02,-2.004553563892841339e-02,9.581662714481353760e-03,-1.222917344421148300e-02,1.648643910884857178e-01,-5.561958253383636475e-02,1.499091386795043945e-01,4.555493127554655075e-03,1.771138608455657959e-02,1.233216077089309692e-01,2.532790601253509521e-01
6.048084795475006104e-02,1.000000357627868652e+00,3.213965594768524170e-01,3.687710464000701904e-01,4.403622746467590332e-01,4.413951635360717773e-01,4.417619705200195312e-01,4.723854660987854004e-01,3.190235495567321777e-01,3.634761869907379150e-01,2.617416977882385254e-01,4.219897389411926270e-01,2.574578225612640381e-01,4.205972850322723389e-01,3.777818679809570312e-01,2.861120700836181641e-01,1.968765556812286377e-01,2.187745273113250732e-01,2.003940790891647339e-01,1.557963788509368896e-01,1.924925148487091064e-01,2.937503755092620850e-01,-9.102491661906242371e-03,1.386433690786361694e-01,2.294935435056686401e-01,2.791180610656738281e-01,3.875133693218231201e-01,5.121790766716003418e-01,5.799900889396667480e-01,3.802640140056610107e-01,3.511369228363037109e-01,2.700186371803283691e-01,4.788604974746704102e-01,3.998447358608245850e-01,5.238994956016540527e-01,3.990454077720642090e-01,4.084416627883911133e-01,3.444644808769226074e-01,3.737188577651977539e-01,2.415688633918762207e-01,6.520980596542358398e-01,5.641817450523376465e-01,3.570373952388763428e-01,6.028518080711364746e-01,4.681110084056854248e-01,3.878198266029357910e-01,1.649603545665740967e-01,-8.499743789434432983e-02
1.156603321433067322e-01,3.213965594768524170e-01,1.000000357627868652e+00,6.055406928062438965e-01,7.916799932718276978e-02,1.092313528060913086e-01,2.021605372428894043e-01,1.230155974626541138e-01,9.825180470943450928e-02,1.805597990751266479e-01,-2.176675945520401001e-02,1.563335061073303223e-01,1.269048005342483521e-01,1.185155436396598816e-01,2.065614014863967896e-01,1.843965947628021240e-01,-4.637765884399414062e-02,1.184330508112907410e-01,7.871852070093154907e-02,2.556773461401462555e-02,1.201077178120613098e-01,1.524230688810348511e-01,-1.543273404240608215e-02,1.012441664934158325e-01,2.536530792713165283e-01,4.806355535984039307e-01,1.801290363073348999e-01,4.748273491859436035e-01,2.560813128948211670e-01,5.471175163984298706e-02,2.229909896850585938e-01,1.618693619966506958e-01,2.633998095989227295e-01,1.500722020864486694e-01,1.416269838809967041e-01,2.264265418052673340e-01,1.226257160305976868e-01,2.015523165464401245e-01,1.659797728061676025e-01,1.390174329280853271e-01,2.707405388355255127e-01,2.687593102455139160e-01,1.389764994382858276e-01,2.173394262790679932e-01,2.279184609651565552e-01,1.449650824069976807e-01,5.344448983669281006e-02,-6.735623627901077271e-02
1.571815647184848785e-02,3.687710464000701904e-01,6.055406928062438965e-01,1.000000357627868652e+00,2.682006955146789551e-01,2.548576593399047852e-01,3.451122343540191650e-01,4.708451777696609497e-02,-6.130868569016456604e-02,3.761614486575126648e-02,-8.021085709333419800e-02,5.331478640437126160e-02,-2.789466083049774170e-02,1.270721405744552612e-01,7.445792853832244873e-02,6.806356459856033325e-02,-6.292065232992172241e-02,1.310295611619949341e-01,-9.104238450527191162e-02,-3.661659359931945801e-02,6.328181177377700806e-02,4.252652451395988464e-02,-6.700951606035232544e-02,2.923324704170227051e-02,2.492704093456268311e-01,2.577852308750152588e-01,1.463291794061660767e-01,3.385549187660217285e-01,2.049068808555603027e-01,4.849867522716522217e-02,1.942553371191024780e-01,9.866606444120407104e-02,2.583203911781311035e-01,9.618687629699707031e-02,1.769834756851196289e-01,1.678318232297897339e-01,1.089248582720756531e-01,9.341689199209213257e-02,1.191120818257331848e-01,6.535878032445907593e-02,5.187364220619201660e-01,1.577729135751724243e-01,1.049709394574165344e-01,6.583480536937713623e-02,2.355751693248748779e-01,6.994014978408813477e-02,-2.646885067224502563e-02,-1.865529567003250122e-01
1.964237391948699951e-01,4.403622746467590332e-01,7.916799932718276978e-02,2.682006955146789551e-01,1.000000000000000000e+00,5.901988744735717773e-01,2.071388959884643555e-01,1.263118833303451538e-01,6.501501798629760742e-02,2.831395715475082397e-03,3.440296649932861328e-02,1.083593070507049561e-01,9.155482798814773560e-02,2.383406162261962891e-01,-3.241216391324996948e-02,5.857779458165168762e-02,9.871438145637512207e-02,2.622214853763580322e-01,-8.000868558883666992e-02,9.910891205072402954e-02,4.865998402237892151e-02,1.553084254264831543e-01,1.649447530508041382e-02,4.227659851312637329e-02,2.169807404279708862e-01,-1.727620661258697510e-01,1.307655423879623413e-01,2.662260532379150391e-01,2.251186370849609375e-01,9.307572990655899048e-02,1.330252289772033691e-01,7.961770147085189819e-02,3.060377836227416992e-01,7.895644754171371460e-02,2.600646913051605225e-01,7.072318345308303833e-02,1.733563691377639771e-01,6.173080299049615860e-03,1.386819481849670410e-01,4.890083335340023041e-03,5.226361155509948730e-01,1.593849509954452515e-01,1.271259188652038574e-01,2.017207890748977661e-01,8.787617832422256470e-02,5.431688204407691956e-02,1.520195901393890381e-01,-1.206407994031906128e-01
7.595628499984741211e-02,4.413951635360717773e-01,1.092313528060913086e-01,2.548576593399047852e-01,5.901988744735717773e-01,1.000000119209289551e+00,3.290732204914093018e-01,2.627167403697967529e-01,2.123629897832870483e-01,1.210031360387802124e-01,1.010037362575531006e-01,1.043206900358200073e-01,2.574824988842010498e-01,1.684586107730865479e-01,9.997341781854629517e-03,2.056387066841125488e-01,2.863227128982543945e-01,5.247828960418701172e-01,1.132450401782989502e-01,3.881982862949371338e-01,3.052075505256652832e-01,2.923417091369628906e-01,1.688875257968902588e-01,2.556513808667659760e-02,9.378575533628463745e-02,-1.323151290416717529e-01,1.960438787937164307e-01,1.963112503290176392e-01,2.574630379676818848e-01,2.123060077428817749e-01,2.686810791492462158e-01,1.094670146703720093e-01,2.828373610973358154e-01,1.744097918272018433e-01,2.346152365207672119e-01,1.796557754278182983e-01,1.519034355878829956e-01,6.583012640476226807e-02,3.226596117019653320e-01,1.321836709976196289e-01,4.815758168697357178e-01,1.591740399599075317e-01,3.320168554782867432e-01,2.816373407840728760e-01,2.428868561983108521e-01,2.406935989856719971e-01,1.627284586429595947e-01,-8.570900559425354004e-02
1.161326002329587936e-02,4.417619705200195312e-01,2.021605372428894043e-01,3.451122343540191650e-01,2.071388959884643555e-01,3.290732204914093018e-01,1.000000119209289551e+00,2.943811416625976562e-01,1.756318509578704834e-01,1.201141104102134705e-01,3.159372806549072266e-01,1.333828568458557129e-01,1.313481032848358154e-01,3.081108033657073975e-01,4.879369586706161499e-02,2.720438838005065918e-01,6.181471943855285645e-01,2.031443268060684204e-01,5.120174214243888855e-02,3.901567682623863220e-02,1.793369650840759277e-01,1.947599351406097412e-01,1.257748454809188843e-01,5.330373719334602356e-02,1.452701836824417114e-01,3.780806064605712891e-01,1.874988228082656860e-01,3.402013182640075684e-01,4.450205564498901367e-01,5.005115270614624023e-01,3.082492351531982422e-01,8.884388208389282227e-02,2.917151153087615967e-01,1.547331362962722778e-01,2.614097893238067627e-01,2.159872204065322876e-01,2.234376370906829834e-01,9.537900239229202271e-02,2.015808671712875366e-01,1.508250683546066284e-01,4.396311044692993164e-01,1.408600360155105591e-01,1.046643033623695374e-01,2.313385605812072754e-01,2.631644308567047119e-01,1.056361570954322815e-01,-3.154215216636657715e-02,-1.590527780354022980e-02
4.060469940304756165e-02,4.723854660987854004e-01,1.230155974626541138e-01,4.708451777696609497e-02,1.263118833303451538e-01,2.627167403697967529e-01,2.943811416625976562e-01,9.999996423721313477e-01,4.951482713222503662e-01,1.612670272588729858e-01,5.165812373161315918e-01,1.393074691295623779e-01,2.068326324224472046e-01,6.217088103294372559e-01,3.398837745189666748e-01,2.257944345474243164e-01,2.735093533992767334e-01,2.222163975238800049e-01,1.820405721664428711e-01,1.551632136106491089e-01,1.449741274118423462e-01,1.656452715396881104e-01,-1.131004393100738525e-01,1.370539367198944092e-01,6.043869256973266602e-02,1.284456998109817505e-01,2.283537089824676514e-01,1.828875094652175903e-01,2.198612391948699951e-01,4.095522463321685791e-01,2.600063681602478027e-01,9.980768710374832153e-02,3.226146996021270752e-01,3.455797135829925537e-01,2.756054997444152832e-01,2.727859616279602051e-01,6.831380128860473633e-01,2.843139171600341797e-01,1.798429936170578003e-01,1.202926710247993469e-01,2.472619712352752686e-01,2.164627313613891602e-01,1.868075877428054810e-01,3.597329556941986084e-01,2.337228953838348389e-01,2.331384867429733276e-01,3.968213126063346863e-02,-1.228463575243949890e-01
2.952252030372619629e-01,3.190235495567321777e-01,9.825180470943450928e-02,-6.130868569016456604e-02,6.501501798629760742e-02,2.123629897832870483e-01,1.756318509578704834e-01,4.951482713222503662e-01,9.999995827674865723e-01,1.553898900747299194e-01,6.563428044319152832e-01,1.996427625417709351e-01,1.138829812407493591e-01,3.101234436035156250e-01,2.506177127361297607e-01,1.879590451717376709e-01,3.703272342681884766e-01,1.861783326603472233e-03,1.506371796131134033e-01,-7.025103084743022919e-03,6.370420008897781372e-02,5.137651041150093079e-02,-2.920281141996383667e-02,1.252227723598480225e-01,-1.121370587497949600e-02,5.204788595438003540e-02,1.545959413051605225e-01,1.178818941116333008e-01,1.950324177742004395e-01,4.358732104301452637e-01,1.611732840538024902e-01,-8.968184143304824829e-02,7.081401348114013672e-02,3.392077982425689697e-01,2.541520893573760986e-01,2.257533371448516846e-01,3.304135501384735107e-01,1.576658785343170166e-01,7.601403445005416870e-02,1.537825465202331543e-01,3.260808438062667847e-02,2.033911794424057007e-01,4.793012142181396484e-02,4.914835095405578613e-01,1.733051240444183350e-01,1.282260715961456299e-01,-4.662679135799407959e-02,1.430677324533462524e-01
1.240802407264709473e-01,3.634761869907379150e-01,1.805597990751266479e-01,3.761614486575126648e-02,2.831395715475082397e-03,1.210031360387802124e-01,1.201141104102134705e-01,1.612670272588729858e-01,1.553898900747299194e-01,1.000000119209289551e+00,5.962347239255905151e-02,7.668622732162475586e-01,5.996824502944946289e-01,1.534689664840698242e-01,6.191018223762512207e-01,5.233120322227478027e-01,1.534308493137359619e-01,2.438342720270156860e-01,4.669496715068817139e-01,4.312121868133544922e-01,5.103302597999572754e-01,5.450853109359741211e-01,3.574804067611694336e-01,3.788723647594451904e-01,1.144569888710975647e-01,2.182727456092834473e-01,3.548362851142883301e-01,2.503482997417449951e-01,3.218929469585418701e-01,3.029524683952331543e-01,4.876943528652191162e-01,5.288048982620239258e-01,3.421209454536437988e-01,2.958761751651763916e-01,4.629491865634918213e-01,5.619539022445678711e-01,1.341826617717742920e-01,4.018453359603881836e-01,4.722002744674682617e-01,4.930792152881622314e-01,2.091208100318908691e-01,6.222546100616455078e-01,6.117450594902038574e-01,4.184998273849487305e-01,6.884421706199645996e-01,7.973288297653198242e-01,4.232280254364013672e-01,2.045688182115554810e-01
8.216676115989685059e-02,2.617416977882385254e-01,-2.176675945520401001e-02,-8.021085709333419800e-02,3.440296649932861328e-02,1.010037362575531006e-01,3.159372806549072266e-01,5.165812373161315918e-01,6.563428044319152832e-01,5.962347239255905151e-02,1.000000000000000000e+00,1.342300623655319214e-01,-3.971260040998458862e-02,5.586907267570495605e-01,1.517059355974197388e-01,8.897685259580612183e-02,3.835729360580444336e-01,-1.565080136060714722e-01,-3.941065818071365356e-02,-2.117028087377548218e-01,-5.862132087349891663e-02,-5.971114709973335266e-02,-1.909107416868209839e-01,3.646400943398475647e-02,-8.947845548391342163e-03,7.354611530900001526e-03,1.747439354658126831e-01,3.654390573501586914e-02,1.971246302127838135e-01,3.705812096595764160e-01,3.676111251115798950e-02,-1.708660870790481567e-01,1.154200360178947449e-01,3.011630177497863770e-01,1.947720944881439209e-01,8.184448629617691040e-02,4.922533333301544189e-01,1.179693192243576050e-01,-1.000682190060615540e-01,1.014522388577461243e-01,3.407256305217742920e-02,7.317445427179336548e-02,-6.776006519794464111e-02,2.791363894939422607e-01,1.676806807518005371e-01,3.313172981142997742e-02,-1.624748706817626953e-01,9.051325917243957520e-02
1.387439072132110596e-01,4.219897389411926270e-01,1.563335061073303223e-01,5.331478640437126160e-02,1.083593070507049561e-01,1.043206900358200073e-01,1.333828568458557129e-01,1.393074691295623779e-01,1.996427625417709351e-01,7.668622732162475586e-01,1.342300623655319214e-01,1.000000119209289551e+00,5.231396555900573730e-01,2.268640846014022827e-01,6.828979253768920898e-01,4.466083049774169922e-01,8.121555298566818237e-02,8.023098111152648926e-02,3.051356971263885498e-01,2.383436411619186401e-01,4.157364070415496826e-01,4.899187982082366943e-01,2.149981409311294556e-01,3.442921936511993408e-01,1.092813089489936829e-01,1.932178288698196411e-01,3.196023404598236084e-01,2.877924442291259766e-01,3.975741565227508545e-01,2.728577852249145508e-01,4.218420684337615967e-01,4.894258379936218262e-01,2.969443500041961670e-01,3.350705802440643311e-01,5.608443617820739746e-01,5.240129828453063965e-01,2.081849575042724609e-01,4.241085052490234375e-01,3.327330648899078369e-01,4.350908100605010986e-01,1.916376501321792603e-01,6.656810045242309570e-01,4.493704736232757568e-01,5.362770557403564453e-01,6.159778833389282227e-01,6.818572282791137695e-01,3.615497648715972900e-01,1.565782725811004639e-01
1.248245686292648315e-01,2.574578225612640381e-01,1.269048005342483521e-01,-2.789466083049774170e-02,9.155482798814773560e-02,2.574824988842010498e-01,1.313481032848358154e-01,2.068326324224472046e-01,1.138829812407493591e-01,5.996824502944946289e-01,-3.971260040998458862e-02,5.231396555900573730e-01,9.999999403953552246e-01,1.447570621967315674e-01,5.121523737907409668e-01,6.168662309646606445e-01,2.278138101100921631e-01,4.299724102020263672e-01,5.788671970367431641e-01,5.989779233932495117e-01,5.639830231666564941e-01,6.498337388038635254e-01,4.198124408721923828e-01,3.232764899730682373e-01,1.261422783136367798e-02,3.302650153636932373e-02,2.255173772573471069e-01,1.999832391738891602e-01,2.050736397504806519e-01,3.226530253887176514e-01,5.241475701332092285e-01,6.078760027885437012e-01,2.807366251945495605e-01,2.292082756757736206e-01,3.431670963764190674e-01,5.337647199630737305e-01,1.133266016840934753e-01,3.728596866130828857e-01,5.881521105766296387e-01,4.191587567329406738e-01,1.823322921991348267e-01,4.072558879852294922e-01,5.415890812873840332e-01,3.520281314849853516e-01,4.510627985000610352e-01,6.018333435058593750e-01,5.208622217178344727e-01,2.242727428674697876e-01
-8.845523744821548462e-02,4.205972850322723389e-01,1.185155436396598816e-01,1.270721405744552612e-01,2.383406162261962891e-01,1.684586107730865479e-01,3.081108033657073975e-01,6.217088103294372559e-01,3.101234436035156250e-01,1.534689664840698242e-01,5.586907267570495605e-01,2.268640846014022827e-01,1.447570621967315674e-01,9.999999403953552246e-01,2.226627171039581299e-01,1.818785220384597778e-01,1.654792875051498413e-01,4.781021177768707275e-02,1.002680696547031403e-02,-6.180320866405963898e-03,6.355208158493041992e-02,8.433202654123306274e-02,-1.878383606672286987e-01,1.103859320282936096e-01,1.605978906154632568e-01,1.002678945660591125e-01,3.176566958427429199e-01,2.562069594860076904e-01,2.735880613327026367e-01,3.245517909526824951e-01,1.726744621992111206e-01,5.113096535205841064e-02,4.736971259117126465e-01,3.101022541522979736e-01,3.072243332862854004e-01,1.861808747053146362e-01,7.544508576393127441e-01,2.413408756256103516e-01,1.349684000015258789e-01,9.759496152400970459e-02,2.909534871578216553e-01,1.992094814777374268e-01,1.554519683122634888e-01,2.960332036018371582e-01,2.469537854194641113e-01,1.697532981634140015e-01,2.053573029115796089e-03,-1.133158057928085327e-01
7.915830612182617188e-02,3.777818679809570312e-01,2.065614014863967896e-01,7.445792853832244873e-02,-3.241216391324996948e-02,9.997341781854629517e-03,4.879369586706161499e-02,3.398837745189666748e-01,2.506177127361297607e-01,6.191018223762512207e-01,1.517059355974197388e-01,6.828979253768920898e-01,5.121523737907409668e-01,2.226627171039581299e-01,9.999995231628417969e-01,5.193008780479431152e-01,7.028461433947086334e-03,2.235431410372257233e-02,3.908990919589996338e-01,1.729904264211654663e-01,2.500794529914855957e-01,3.885268867015838623e-01,6.740806996822357178e-02,2.257563620805740356e-01,4.515141248703002930e-02,2.282165437936782837e-01,3.071829974651336670e-01,2.792955040931701660e-01,3.097211718559265137e-01,2.874709963798522949e-01,3.002763092517852783e-01,4.813287854194641113e-01,2.186292856931686401e-01,4.002849161624908447e-01,4.811016023159027100e-01,4.821035563945770264e-01,2.491559982299804688e-01,5.755878686904907227e-01,2.899786233901977539e-01,3.464172184467315674e-01,1.888194829225540161e-01,5.985763072967529297e-01,3.241324126720428467e-01,5.210421681404113770e-01,5.540417432785034180e-01,5.353078246116638184e-01,3.009904325008392334e-01,1.234787926077842712e-01
1.303003877401351929e-01,2.861120700836181641e-01,1.843965947628021240e-01,6.806356459856033325e-02,5.857779458165168762e-02,2.056387066841125488e-01,2.720438838005065918e-01,2.257944345474243164e-01,1.879590451717376709e-01,5.233120322227478027e-01,8.897685259580612183e-02,4.466083049774169922e-01,6.168662309646606445e-01,1.818785220384597778e-01,5.193008780479431152e-01,1.000000357627868652e+00,2.713678181171417236e-01,1.606112271547317505e-01,3.776187896728515625e-01,2.306585609912872314e-01,3.512841761112213135e-01,5.067842006683349609e-01,3.701773583889007568e-01,2.738674283027648926e-01,6.431337678804993629e-04,1.120404377579689026e-01,1.683681011199951172e-01,2.229450047016143799e-01,2.419892847537994385e-01,3.088497519493103027e-01,3.627243936061859131e-01,4.792421460151672363e-01,2.410946637392044067e-01,1.879455596208572388e-01,3.945966362953186035e-01,4.650034010410308838e-01,8.163314312696456909e-02,2.764322161674499512e-01,6.023200154304504395e-01,2.536541819572448730e-01,2.184912264347076416e-01,4.377351999282836914e-01,3.248662352561950684e-01,3.576529622077941895e-01,5.378087162971496582e-01,4.533687233924865723e-01,4.411454498767852783e-01,2.383822947740554810e-01
2.463646233081817627e-01,1.968765556812286377e-01,-4.637765884399414062e-02,-6.292065232992172241e-02,9.871438145637512207e-02,2.863227128982543945e-01,6.181471943855285645e-01,2.735093533992767334e-01,3.703272342681884766e-01,1.534308493137359619e-01,3.835729360580444336e-01,8.121555298566818237e-02,2.278138101100921631e-01,1.654792875051498413e-01,7.028461433947086334e-03,2.713678181171417236e-01,9.999997019767761230e-01,3.538126647472381592e-01,3.113867938518524170e-01,2.216137945652008057e-01,2.194522917270660400e-01,2.260971516370773315e-01,3.507952690124511719e-01,2.180838137865066528e-01,3.435017168521881104e-02,1.604478359222412109e-01,9.371556341648101807e-02,1.796750724315643311e-01,2.549280822277069092e-01,5.164150595664978027e-01,3.383269309997558594e-01,-9.656423702836036682e-03,2.211453020572662354e-01,9.707882255315780640e-02,1.374728530645370483e-01,2.244458347558975220e-01,6.744249165058135986e-02,-5.254591628909111023e-02,2.361748367547988892e-01,2.803197503089904785e-01,1.312402337789535522e-01,5.580015107989311218e-02,1.362345516681671143e-01,2.312090396881103516e-01,1.349102258682250977e-01,1.079655662178993225e-01,1.117085292935371399e-01,2.668675482273101807e-01
8.784664422273635864e-02,2.187745273113250732e-01,1.184330508112907410e-01,1.310295611619949341e-01,2.622214853763580322e-01,5.247828960418701172e-01,2.031443268060684204e-01,2.222163975238800049e-01,1.861783326603472233e-03,2.438342720270156860e-01,-1.565080136060714722e-01,8.023098111152648926e-02,4.299724102020263672e-01,4.781021177768707275e-02,2.235431410372257233e-02,1.606112271547317505e-01,3.538126647472381592e-01,9.999996423721313477e-01,3.608377873897552490e-01,7.117139101028442383e-01,5.573753714561462402e-01,4.795680642127990723e-01,3.761266469955444336e-01,3.035036623477935791e-01,1.437658965587615967e-01,8.799227070994675159e-04,1.450771987438201904e-01,1.459521949291229248e-01,1.244718059897422791e-01,2.122591584920883179e-01,5.703737139701843262e-01,3.215544223785400391e-01,3.252743184566497803e-01,9.957441687583923340e-02,1.290964484214782715e-01,3.370012044906616211e-01,4.175068065524101257e-02,1.393357068300247192e-01,4.135273694992065430e-01,2.452690601348876953e-01,2.463725954294204712e-01,7.373075187206268311e-02,5.253559350967407227e-01,7.675264775753021240e-02,1.906025707721710205e-01,3.588617444038391113e-01,3.972038328647613525e-01,1.533930096775293350e-02
7.081473618745803833e-02,2.003940790891647339e-01,7.871852070093154907e-02,-9.104238450527191162e-02,-8.000868558883666992e-02,1.132450401782989502e-01,5.120174214243888855e-02,1.820405721664428711e-01,1.506371796131134033e-01,4.669496715068817139e-01,-3.941065818071365356e-02,3.051356971263885498e-01,5.788671970367431641e-01,1.002680696547031403e-02,3.908990919589996338e-01,3.776187896728515625e-01,3.113867938518524170e-01,3.608377873897552490e-01,9.999997615814208984e-01,5.641582012176513672e-01,3.497103154659271240e-01,4.375630915164947510e-01,2.995557188987731934e-01,2.266138195991516113e-01,-5.862568505108356476e-03,1.120755374431610107e-01,1.840022504329681396e-01,1.020080670714378357e-01,1.246404647827148438e-01,3.028497397899627686e-01,3.698781430721282959e-01,3.875388503074645996e-01,2.654749751091003418e-01,1.703810095787048340e-01,1.698220670223236084e-01,4.006358087062835693e-01,-5.537179112434387207e-02,2.052118927240371704e-01,4.509313702583312988e-01,4.292755424976348877e-01,7.407846301794052124e-02,3.141414225101470947e-01,5.239697098731994629e-01,3.035535514354705811e-01,3.073914349079132080e-01,4.751080274581909180e-01,3.506149649620056152e-01,3.250313401222229004e-01
3.121048398315906525e-02,1.557963788509368896e-01,2.556773461401462555e-02,-3.661659359931945801e-02,9.910891205072402954e-02,3.881982862949371338e-01,3.901567682623863220e-02,1.551632136106491089e-01,-7.025103084743022919e-03,4.312121868133544922e-01,-2.117028087377548218e-01,2.383436411619186401e-01,5.989779233932495117e-01,-6.180320866405963898e-03,1.729904264211654663e-01,2.306585609912872314e-01,2.216137945652008057e-01,7.117139101028442383e-01,5.641582012176513672e-01,1.000000000000000000e+00,7.045626640319824219e-01,5.314674973487854004e-01,5.156000852584838867e-01,3.401603102684020996e-01,2.293960191309452057e-02,-6.306058168411254883e-02,1.405862569808959961e-01,4.895972087979316711e-02,4.046051576733589172e-02,1.638164222240447998e-01,4.830424487590789795e-01,3.898121118545532227e-01,2.436381280422210693e-01,1.441146582365036011e-01,1.848977357149124146e-01,4.401075541973114014e-01,-1.698865182697772980e-02,1.941017210483551025e-01,4.517683684825897217e-01,4.146672785282135010e-01,1.149638891220092773e-01,1.472252458333969116e-01,6.035025715827941895e-01,1.292180418968200684e-01,2.539915740489959717e-01,5.271773934364318848e-01,4.387993216514587402e-01,1.846140921115875244e-01
1.266786456108093262e-01,1.924925148487091064e-01,1.201077178120613098e-01,6.328181177377700806e-02,4.865998402237892151e-02,3.052075505256652832e-01,1.793369650840759277e-01,1.449741274118423462e-01,6.370420008897781372e-02,5.103302597999572754e-01,-5.862132087349891663e-02,4.157364070415496826e-01,5.639830231666564941e-01,6.355208158493041992e-02,2.500794529914855957e-01,3.512841761112213135e-01,2.194522917270660400e-01,5.573753714561462402e-01,3.497103154659271240e-01,7.045626640319824219e-01,1.000000476837158203e+00,6.519339680671691895e-01,5.227503180503845215e-01,4.452865719795227051e-01,6.503581255674362183e-02,3.348541213199496269e-03,1.673740148544311523e-01,1.070902273058891296e-01,1.523369997739791870e-01,1.507529616355895996e-01,5.635389089584350586e-01,4.958331584930419922e-01,2.692241668701171875e-01,2.047334462404251099e-01,3.076398670673370361e-01,4.998708665370941162e-01,4.825233295559883118e-02,2.425728440284729004e-01,3.970404863357543945e-01,3.872214555740356445e-01,9.275311976671218872e-02,2.442949712276458740e-01,5.345954895019531250e-01,1.710703521966934204e-01,3.949937820434570312e-01,5.789970755577087402e-01,4.588215053081512451e-01,1.933862864971160889e-01
1.989318430423736572e-01,2.937503755092620850e-01,1.524230688810348511e-01,4.252652451395988464e-02,1.553084254264831543e-01,2.923417091369628906e-01,1.947599351406097412e-01,1.656452715396881104e-01,5.137651041150093079e-02,5.450853109359741211e-01,-5.971114709973335266e-02,4.899187982082366943e-01,6.498337388038635254e-01,8.433202654123306274e-02,3.885268867015838623e-01,5.067842006683349609e-01,2.260971516370773315e-01,4.795680642127990723e-01,4.375630915164947510e-01,5.314674973487854004e-01,6.519339680671691895e-01,1.000000357627868652e+00,5.673457384109497070e-01,4.119904339313507080e-01,5.124694854021072388e-02,2.918933145701885223e-02,2.326944470405578613e-01,1.900830864906311035e-01,1.648111939430236816e-01,1.788567751646041870e-01,5.690979957580566406e-01,6.768383979797363281e-01,3.213821649551391602e-01,1.689174026250839233e-01,3.395965993404388428e-01,4.856530129909515381e-01,4.362148046493530273e-02,2.519544959068298340e-01,4.697655737400054932e-01,3.427138328552246094e-01,2.338203787803649902e-01,3.685049712657928467e-01,5.230117440223693848e-01,2.171052247285842896e-01,4.185913503170013428e-01,5.666743516921997070e-01,5.186473131179809570e-01,3.984274864196777344e-01
2.261013537645339966e-01,-9.102491661906242371e-03,-1.543273404240608215e-02,-6.700951606035232544e-02,1.649447530508041382e-02,1.688875257968902588e-01,1.257748454809188843e-01,-1.131004393100738525e-01,-2.920281141996383667e-02,3.574804067611694336e-01,-1.909107416868209839e-01,2.149981409311294556e-01,4.198124408721923828e-01,-1.878383606672286987e-01,6.740806996822357178e-02,3.701773583889007568e-01,3.507952690124511719e-01,3.761266469955444336e-01,2.995557188987731934e-01,5.156000852584838867e-01,5.227503180503845215e-01,5.673457384109497070e-01,9.999999403953552246e-01,4.709617793560028076e-01,-2.713957987725734711e-02,-6.637588143348693848e-02,-7.357090711593627930e-03,3.133587539196014404e-03,-8.772986382246017456e-02,3.970997035503387451e-02,3.128606379032135010e-01,3.319315910339355469e-01,8.307798951864242554e-02,-4.640391841530799866e-02,1.175402402877807617e-01,3.488688468933105469e-01,-2.471340447664260864e-01,-1.426498591899871826e-02,3.669401109218597412e-01,3.307441473007202148e-01,3.188090026378631592e-02,1.243594512343406677e-01,2.778571546077728271e-01,3.402989823371171951e-03,1.949288398027420044e-01,3.106752932071685791e-01,4.937574565410614014e-01,5.365453958511352539e-01
2.044194489717483521e-01,1.386433690786361694e-01,1.012441664934158325e-01,2.923324704170227051e-02,4.227659851312637329e-02,2.556513808667659760e-02,5.330373719334602356e-02,1.370539367198944092e-01,1.252227723598480225e-01,3.788723647594451904e-01,3.646400943398475647e-02,3.442921936511993408e-01,3.232764899730682373e-01,1.103859320282936096e-01,2.257563620805740356e-01,2.738674283027648926e-01,2.180838137865066528e-01,3.035036623477935791e-01,2.266138195991516113e-01,3.401603102684020996e-01,4.452865719795227051e-01,4.119904339313507080e-01,4.709617793560028076e-01,1.000000476837158203e+00,1.154638528823852539e-01,1.593293249607086182e-02,5.151552334427833557e-02,1.294267028570175171e-01,1.060423329472541809e-01,2.153056114912033081e-01,5.735002756118774414e-01,3.918789029121398926e-01,2.086783498525619507e-01,6.035152822732925415e-02,3.061509132385253906e-01,5.964389443397521973e-01,1.211959347128868103e-01,2.214721590280532837e-01,3.405551314353942871e-01,3.973993360996246338e-01,-2.749462844803929329e-03,2.839506566524505615e-01,3.430446982383728027e-01,1.805767714977264404e-01,3.009172976016998291e-01,3.937131166458129883e-01,6.548335552215576172e-01,2.447025775909423828e-01
1.704200059175491333e-01,2.294935435056686401e-01,2.536530792713165283e-01,2.492704093456268311e-01,2.169807404279708862e-01,9.378575533628463745e-02,1.452701836824417114e-01,6.043869256973266602e-02,-1.121370587497949600e-02,1.144569888710975647e-01,-8.947845548391342163e-03,1.092813089489936829e-01,1.261422783136367798e-02,1.605978906154632568e-01,4.515141248703002930e-02,6.431337678804993629e-04,3.435017168521881104e-02,1.437658965587615967e-01,-5.862568505108356476e-03,2.293960191309452057e-02,6.503581255674362183e-02,5.124694854021072388e-02,-2.713957987725734711e-02,1.154638528823852539e-01,9.999995231628417969e-01,1.629814207553863525e-01,2.010083049535751343e-01,3.348811268806457520e-01,2.153589725494384766e-01,1.369013637304306030e-01,1.408442407846450806e-01,7.771319150924682617e-02,3.350843191146850586e-01,1.924362964928150177e-02,2.083905190229415894e-01,8.950357884168624878e-02,1.125831902027130127e-01,1.664700806140899658e-01,2.710430137813091278e-02,6.710161268711090088e-02,1.469228416681289673e-01,1.754865348339080811e-01,1.096806079149246216e-01,9.792220592498779297e-02,2.034981846809387207e-01,6.854383647441864014e-02,4.710862413048744202e-02,-1.376946866512298584e-01
-6.547443568706512451e-02,2.791180610656738281e-01,4.806355535984039307e-01,2.577852308750152588e-01,-1.727620661258697510e-01,-1.323151290416717529e-01,3.780806064605712891e-01,1.284456998109817505e-01,5.204788595438003540e-02,2.182727456092834473e-01,7.354611530900001526e-03,1.932178288698196411e-01,3.302650153636932373e-02,1.002678945660591125e-01,2.282165437936782837e-01,1.120404377579689026e-01,1.604478359222412109e-01,8.799227070994675159e-04,1.120755374431610107e-01,-6.306058168411254883e-02,3.348541213199496269e-03,2.918933145701885223e-02,-6.637588143348693848e-02,1.593293249607086182e-02,1.629814207553863525e-01,1.000000000000000000e+00,1.835998594760894775e-01,5.109506249427795410e-01,4.351087510585784912e-01,1.972677260637283325e-01,1.514507234096527100e-01,1.410542577505111694e-01,2.183849215507507324e-01,1.346563994884490967e-01,1.298363357782363892e-01,1.491219848394393921e-01,1.273231357336044312e-01,1.620399355888366699e-01,1.097025722265243530e-01,1.349987834692001343e-01,2.088707685470581055e-01,2.814749181270599365e-01,1.041379123926162720e-01,2.519243359565734863e-01,1.674197018146514893e-01,1.581437885761260986e-01,-5.729740485548973083e-02,-1.350659877061843872e-01
-9.486360847949981689e-02,3.875133693218231201e-01,1.801290363073348999e-01,1.463291794061660767e-01,1.307655423879623413e-01,1.960438787937164307e-01,1.874988228082656860e-01,2.283537089824676514e-01,1.545959413051605225e-01,3.548362851142883301e-01,1.747439354658126831e-01,3.196023404598236084e-01,2.255173772573471069e-01,3.176566958427429199e-01,3.071829974651336670e-01,1.683681011199951172e-01,9.371556341648101807e-02,1.450771987438201904e-01,1.840022504329681396e-01,1.405862569808959961e-01,1.673740148544311523e-01,2.326944470405578613e-01,-7.357090711593627930e-03,5.151552334427833557e-02,2.010083049535751343e-01,1.835998594760894775e-01,1.000000357627868652e+00,2.981744706630706787e-01,3.921371996402740479e-01,2.851448953151702881e-01,2.494459003210067749e-01,2.079673707485198975e-01,4.989358186721801758e-01,4.190670251846313477e-01,2.627967298030853271e-01,2.139145582914352417e-01,3.288810551166534424e-01,3.891797065734863281e-01,1.999045610427856445e-01,1.998036801815032959e-01,2.384659051895141602e-01,2.595411241054534912e-01,3.889830708503723145e-01,2.957259416580200195e-01,3.569096028804779053e-01,3.352756500244140625e-01,1.170989722013473511e-01,-2.455982193350791931e-02
1.899187266826629639e-01,5.121790766716003418e-01,4.748273491859436035e-01,3.385549187660217285e-01,2.662260532379150391e-01,1.963112503290176392e-01,3.402013182640075684e-01,1.828875094652175903e-01,1.178818941116333008e-01,2.503482997417449951e-01,3.654390573501586914e-02,2.877924442291259766e-01,1.999832391738891602e-01,2.562069594860076904e-01,2.792955040931701660e-01,2.229450047016143799e-01,1.796750724315643311e-01,1.459521949291229248e-01,1.020080670714378357e-01,4.895972087979316711e-02,1.070902273058891296e-01,1.900830864906311035e-01,3.133587539196014404e-03,1.294267028570175171e-01,3.348811268806457520e-01,5.109506249427795410e-01,2.981744706630706787e-01,9.999999403953552246e-01,6.943566203117370605e-01,3.292340934276580811e-01,3.294076919555664062e-01,2.801253199577331543e-01,5.210169553756713867e-01,2.629033327102661133e-01,2.884050905704498291e-01,3.035970330238342285e-01,2.306383550167083740e-01,3.172273933887481689e-01,2.720225155353546143e-01,2.039158195257186890e-01,4.365307390689849854e-01,3.602837324142456055e-01,2.293696254491806030e-01,4.063012599945068359e-01,3.055424690246582031e-01,2.220261842012405396e-01,1.906781643629074097e-01,-9.353717416524887085e-02
6.894550472497940063e-02,5.799900889396667480e-01,2.560813128948211670e-01,2.049068808555603027e-01,2.251186370849609375e-01,2.574630379676818848e-01,4.450205564498901367e-01,2.198612391948699951e-01,1.950324177742004395e-01,3.218929469585418701e-01,1.971246302127838135e-01,3.975741565227508545e-01,2.050736397504806519e-01,2.735880613327026367e-01,3.097211718559265137e-01,2.419892847537994385e-01,2.549280822277069092e-01,1.244718059897422791e-01,1.246404647827148438e-01,4.046051576733589172e-02,1.523369997739791870e-01,1.648111939430236816e-01,-8.772986382246017456e-02,1.060423329472541809e-01,2.153589725494384766e-01,4.351087510585784912e-01,3.921371996402740479e-01,6.943566203117370605e-01,1.000000357627868652e+00,4.912109971046447754e-01,3.880375325679779053e-01,2.658881247043609619e-01,4.488142132759094238e-01,3.681283295154571533e-01,3.867394328117370605e-01,3.702770173549652100e-01,2.698428034782409668e-01,3.716717958450317383e-01,3.390173316001892090e-01,2.922355532646179199e-01,4.232123494148254395e-01,4.018432199954986572e-01,3.041642308235168457e-01,5.039255619049072266e-01,4.396276473999023438e-01,3.292320668697357178e-01,1.750003844499588013e-01,-1.435952484607696533e-01
1.430068016052246094e-01,3.802640140056610107e-01,5.471175163984298706e-02,4.849867522716522217e-02,9.307572990655899048e-02,2.123060077428817749e-01,5.005115270614624023e-01,4.095522463321685791e-01,4.358732104301452637e-01,3.029524683952331543e-01,3.705812096595764160e-01,2.728577852249145508e-01,3.226530253887176514e-01,3.245517909526824951e-01,2.874709963798522949e-01,3.088497519493103027e-01,5.164150595664978027e-01,2.122591584920883179e-01,3.028497397899627686e-01,1.638164222240447998e-01,1.507529616355895996e-01,1.788567751646041870e-01,3.970997035503387451e-02,2.153056114912033081e-01,1.369013637304306030e-01,1.972677260637283325e-01,2.851448953151702881e-01,3.292340934276580811e-01,4.912109971046447754e-01,1.000000119209289551e+00,5.003881454467773438e-01,1.555705964565277100e-01,3.573156297206878662e-01,4.006892144680023193e-01,3.100475966930389404e-01,4.582093060016632080e-01,3.484997749328613281e-01,3.661795854568481445e-01,3.585730195045471191e-01,3.205635249614715576e-01,2.245845645666122437e-01,2.245528846979141235e-01,3.409066498279571533e-01,4.111555814743041992e-01,3.518369495868682861e-01,2.904291152954101562e-01,2.067419737577438354e-01,9.797617048025131226e-02
1.692459434270858765e-01,3.511369228363037109e-01,2.229909896850585938e-01,1.942553371191024780e-01,1.330252289772033691e-01,2.686810791492462158e-01,3.082492351531982422e-01,2.600063681602478027e-01,1.611732840538024902e-01,4.876943528652191162e-01,3.676111251115798950e-02,4.218420684337615967e-01,5.241475701332092285e-01,1.726744621992111206e-01,3.002763092517852783e-01,3.627243936061859131e-01,3.383269309997558594e-01,5.703737139701843262e-01,3.698781430721282959e-01,4.830424487590789795e-01,5.635389089584350586e-01,5.690979957580566406e-01,3.128606379032135010e-01,5.735002756118774414e-01,1.408442407846450806e-01,1.514507234096527100e-01,2.494459003210067749e-01,3.294076919555664062e-01,3.880375325679779053e-01,5.003881454467773438e-01,9.999996423721313477e-01,5.181503295898437500e-01,3.936460614204406738e-01,3.203573524951934814e-01,3.765750825405120850e-01,6.733422875404357910e-01,2.009853571653366089e-01,3.848618865013122559e-01,5.069625377655029297e-01,5.087808966636657715e-01,2.616393864154815674e-01,3.164083361625671387e-01,5.508918762207031250e-01,3.021781444549560547e-01,4.371927976608276367e-01,5.292671322822570801e-01,5.217850804328918457e-01,6.426298618316650391e-02
5.837333202362060547e-02,2.700186371803283691e-01,1.618693619966506958e-01,9.866606444120407104e-02,7.961770147085189819e-02,1.094670146703720093e-01,8.884388208389282227e-02,9.980768710374832153e-02,-8.968184143304824829e-02,5.288048982620239258e-01,-1.708660870790481567e-01,4.894258379936218262e-01,6.078760027885437012e-01,5.113096535205841064e-02,4.813287854194641113e-01,4.792421460151672363e-01,-9.656423702836036682e-03,3.215544223785400391e-01,3.875388503074645996e-01,3.898121118545532227e-01,4.958331584930419922e-01,6.768383979797363281e-01,3.319315910339355469e-01,3.918789029121398926e-01,7.771319150924682617e-02,1.410542577505111694e-01,2.079673707485198975e-01,2.801253199577331543e-01,2.658881247043609619e-01,1.555705964565277100e-01,5.181503295898437500e-01,1.000000238418579102e+00,2.817476987838745117e-01,1.656741648912429810e-01,3.857807219028472900e-01,5.327190756797790527e-01,5.268241837620735168e-02,3.612101972103118896e-01,4.649931788444519043e-01,3.275522589683532715e-01,2.301161289215087891e-01,4.377983510494232178e-01,4.754439890384674072e-01,2.204202413558959961e-01,4.627299606800079346e-01,5.405041575431823730e-01,5.953646898269653320e-01,1.684484928846359253e-01
5.690126866102218628e-02,4.788604974746704102e-01,2.633998095989227295e-01,2.583203911781311035e-01,3.060377836227416992e-01,2.828373610973358154e-01,2.917151153087615967e-01,3.226146996021270752e-01,7.081401348114013672e-02,3.421209454536437988e-01,1.154200360178947449e-01,2.969443500041961670e-01,2.807366251945495605e-01,4.736971259117126465e-01,2.186292856931686401e-01,2.410946637392044067e-01,2.211453020572662354e-01,3.252743184566497803e-01,2.654749751091003418e-01,2.436381280422210693e-01,2.692241668701171875e-01,3.213821649551391602e-01,8.307798951864242554e-02,2.086783498525619507e-01,3.350843191146850586e-01,2.183849215507507324e-01,4.989358186721801758e-01,5.210169553756713867e-01,4.488142132759094238e-01,3.573156297206878662e-01,3.936460614204406738e-01,2.817476987838745117e-01,1.000000119209289551e+00,2.481456995010375977e-01,2.537478506565093994e-01,2.806803882122039795e-01,4.152305424213409424e-01,2.312120050191879272e-01,3.443140089511871338e-01,2.117465883493423462e-01,4.149348437786102295e-01,2.741065621376037598e-01,4.331477284431457520e-01,2.864950001239776611e-01,3.247449696063995361e-01,3.479923009872436523e-01,2.633186876773834229e-01,4.552944377064704895e-02
