9.999995827674865723e-01,1.404794603586196899e-01,1.735851913690567017e-01,3.759865462779998779e-01,4.330619573593139648e-01,1.651879400014877319e-01,9.314470738172531128e-02,3.220307230949401855e-01,1.820183098316192627e-01,3.100148774683475494e-02,3.143987357616424561e-01,1.000711843371391296e-01,1.031292453408241272e-01,3.453684151172637939e-01,2.460269927978515625e-01,2.806068062782287598e-01,9.471037983894348145e-02,1.404292732477188110e-01,1.566156297922134399e-01,1.188749223947525024e-01,-1.199277043342590332e-01,-7.376109808683395386e-02,-4.585241898894309998e-02,-2.119684070348739624e-01,4.894269406795501709e-01,1.262231320142745972e-01,4.564533531665802002e-01,4.215448796749114990e-01,4.065918922424316406e-01,1.151986718177795410e-01,-5.169189348816871643e-02,-5.315367132425308228e-02,3.104979991912841797e-01,6.995434314012527466e-02,8.809785544872283936e-02,-7.090978324413299561e-02,4.279709458351135254e-01,1.322859525680541992e-01,6.133027840405702591e-03,-2.692593336105346680e-01,2.731374502182006836e-01,8.703656494617462158e-02,-3.966879099607467651e-03,1.176296919584274292e-01,1.804648488759994507e-01,6.795828044414520264e-02,-1.305375993251800537e-01,1.721139438450336456e-02
1.404794603586196899e-01,1.000000238418579102e+00,1.463751494884490967e-01,3.391355276107788086e-01,8.369952440261840820e-02,5.268680453300476074e-01,4.805260300636291504e-01,1.095019131898880005e-01,4.503428339958190918e-01,4.377310872077941895e-01,4.677728191018104553e-02,3.672490715980529785e-01,2.486280351877212524e-01,1.122230570763349533e-02,3.704983592033386230e-01,3.056902587413787842e-01,3.826245665550231934e-01,3.110470175743103027e-01,3.321869075298309326e-01,4.531840384006500244e-01,4.144538044929504395e-01,6.965477019548416138e-02,-5.237235128879547119e-02,-2.212450839579105377e-02,-2.294573485851287842e-01,2.757406830787658691e-01,3.038958907127380371e-01,8.610659092664718628e-02,1.248312219977378845e-01,1.223731264472007751e-01,2.687941789627075195e-01,-1.008252874016761780e-01,4.558079838752746582e-01,2.012323141098022461e-01,1.672911942005157471e-01,6.278969347476959229e-02,1.236516088247299194e-01,3.788976669311523438e-01,2.738413810729980469e-01,1.272243410348892212e-01,4.783385992050170898e-01,5.127332210540771484e-01,2.938724160194396973e-01,5.119014978408813477e-01,3.076390326023101807e-01,4.543713033199310303e-01,-1.304156482219696045e-01,-1.928803175687789917e-01
1.735851913690567017e-01,1.463751494884490967e-01,9.999999403953552246e-01,2.942883372306823730e-01,1.576188504695892334e-01,1.871816664934158325e-01,3.035257756710052490e-01,-2.261583805084228516e-01,1.277075558900833130e-01,8.646819740533828735e-02,-1.418383568525314331e-01,4.811877757310867310e-02,2.691416628658771515e-02,-1.869028061628341675e-01,3.628125041723251343e-02,7.477273792028427124e-02,1.033946871757507324e-01,-1.012094244360923767e-01,1.307929307222366333e-01,1.218856722116470337e-01,6.287810206413269043e-02,-7.189688086509704590e-02,1.353882253170013428e-01,1.332551613450050354e-02,3.385588526725769043e-02,2.507674098014831543e-01,1.661571264266967773e-01,3.504385650157928467e-01,2.142230868339538574e-01,-1.515071988105773926e-01,-9.328091889619827271e-02,-9.705714881420135498e-02,1.014548018574714661e-01,2.780935466289520264e-01,3.920173621736466885e-04,2.955701202154159546e-02,3.086089529097080231e-02,2.284322232007980347e-01,1.359498053789138794e-01,1.539635807275772095e-01,1.190287545323371887e-01,8.223918080329895020e-02,6.838691979646682739e-02,1.133867576718330383e-01,9.928473830223083496e-02,8.098939806222915649e-02,-1.770446822047233582e-02,-4.472841694951057434e-02
3.759865462779998779e-01,3.391355276107788086e-01,2.942883372306823730e-01,9.999999403953552246e-01,2.713024616241455078e-01,4.735864102840423584e-01,5.652521252632141113e-01,-1.316200494766235352e-01,1.709922105073928833e-01,3.002342581748962402e-01,-9.294363111257553101e-02,1.528112739324569702e-01,1.685055345296859741e-01,-5.536141619086265564e-02,1.147385537624359131e-01,2.711715698242187500e-01,4.866680502891540527e-01,2.828169167041778564e-01,3.940461874008178711e-01,4.035306870937347412e-01,2.694519758224487305e-01,1.584171354770660400e-01,2.290697395801544189e-02,3.042884171009063721e-02,1.015002354979515076e-01,1.708083003759384155e-01,3.194620013236999512e-01,4.775896370410919189e-01,4.575814902782440186e-01,3.069286644458770752e-01,2.335236221551895142e-01,1.520146336406469345e-02,9.618228673934936523e-02,7.927411049604415894e-02,1.568662971258163452e-01,7.397835724987089634e-04,1.452047824859619141e-01,1.475262790918350220e-01,2.801010608673095703e-01,3.589464351534843445e-02,3.970920741558074951e-01,2.434521466493606567e-01,3.406103849411010742e-01,2.220898717641830444e-01,1.264827102422714233e-01,2.896062731742858887e-01,-3.025846928358078003e-02,-1.033668443560600281e-01
4.330619573593139648e-01,8.369952440261840820e-02,1.576188504695892334e-01,2.713024616241455078e-01,1.000000238418579102e+00,8.973259478807449341e-02,3.968501836061477661e-02,2.414493411779403687e-01,3.245905637741088867e-01,-3.061044216156005859e-02,3.224952518939971924e-01,-9.045348502695560455e-03,3.239327296614646912e-02,2.557059526443481445e-01,1.575985737144947052e-02,1.840119659900665283e-01,6.797648966312408447e-02,4.355161264538764954e-02,2.398412823677062988e-01,1.241802051663398743e-01,-6.772951781749725342e-02,8.439184725284576416e-02,3.010526895523071289e-01,-1.544978320598602295e-01,2.850935757160186768e-01,1.217973232269287109e-01,1.724202781915664673e-01,1.655956059694290161e-01,4.690535739064216614e-02,-7.563718408346176147e-02,2.193290553987026215e-02,7.332923263311386108e-02,-1.897639594972133636e-02,2.291079312562942505e-01,-6.570387631654739380e-02,-1.920671314001083374e-01,2.850641906261444092e-01,2.150638401508331299e-02,9.551201015710830688e-02,1.097215339541435242e-01,2.715657651424407959e-01,-9.102900512516498566e-04,-1.026740595698356628e-01,2.174571752548217773e-01,7.382702548056840897e-03,-1.349176317453384399e-01,5.464735999703407288e-02,1.416552364826202393e-01
1.651879400014877319e-01,5.268680453300476074e-01,1.871816664934158325e-01,4.735864102840423584e-01,8.973259478807449341e-02,1.000000119209289551e+00,5.512213110923767090e-01,-1.067831814289093018e-01,3.396505415439605713e-01,5.040379762649536133e-01,-1.293435692787170410e-01,4.604998230934143066e-01,4.408199787139892578e-01,-1.053304225206375122e-01,3.350298106670379639e-01,3.608893752098083496e-01,3.603540956974029541e-01,3.344567120075225830e-01,1.595665365457534790e-01,3.824829161167144775e-01,4.524827599525451660e-01,1.544779390096664429e-01,-1.698331087827682495e-01,-2.324332855641841888e-02,-1.504514217376708984e-01,2.409899234771728516e-01,3.216235339641571045e-01,5.790970101952552795e-02,1.041949316859245300e-01,5.572305247187614441e-02,1.825208961963653564e-01,-9.278295561671257019e-03,3.231178522109985352e-01,-7.533773314207792282e-03,2.296088337898254395e-01,4.732502251863479614e-02,-8.543412387371063232e-02,3.498305976390838623e-01,2.199783176183700562e-01,2.767163095995783806e-03,4.015784561634063721e-01,5.938936471939086914e-01,3.120776712894439697e-01,3.596740961074829102e-01,3.375914096832275391e-01,5.119299292564392090e-01,-1.179604530334472656e-01,-8.379834145307540894e-02
9.314470738172531128e-02,4.805260300636291504e-01,3.035257756710052490e-01,5.652521252632141113e-01,3.968501836061477661e-02,5.512213110923767090e-01,9.999995827674865723e-01,-2.111194729804992676e-01,2.035900950431823730e-01,4.686368703842163086e-01,-3.024411797523498535e-01,2.217408567667007446e-01,3.556284606456756592e-01,-2.523766756057739258e-01,1.596212834119796753e-01,2.225290387868881226e-01,6.613601446151733398e-01,4.438752830028533936e-01,3.785820007324218750e-01,4.638588428497314453e-01,4.198595285415649414e-01,2.880291342735290527e-01,3.895784541964530945e-02,1.204679608345031738e-01,-1.076654419302940369e-01,2.833248972892761230e-01,2.051459550857543945e-01,2.292475998401641846e-01,2.348584681749343872e-01,2.493589371442794800e-01,4.303925633430480957e-01,6.181354820728302002e-02,1.729886233806610107e-01,1.081336662173271179e-01,2.225989997386932373e-01,1.595658659934997559e-01,-9.209060110151767731e-03,3.506778478622436523e-01,2.831506133079528809e-01,1.624193042516708374e-01,2.976275682449340820e-01,5.298485159873962402e-01,4.287525415420532227e-01,2.741317749023437500e-01,2.866479158401489258e-01,5.149109363555908203e-01,-2.457178011536598206e-02,-1.270974874496459961e-01
3.220307230949401855e-01,1.095019131898880005e-01,-2.261583805084228516e-01,-1.316200494766235352e-01,2.414493411779403687e-01,-1.067831814289093018e-01,-2.111194729804992676e-01,9.999999403953552246e-01,2.919365763664245605e-01,3.728633373975753784e-02,6.640428304672241211e-01,1.168319210410118103e-01,5.631392449140548706e-02,7.190750241279602051e-01,3.411099612712860107e-01,8.605813235044479370e-02,-7.571116089820861816e-02,5.651859194040298462e-02,1.005416363477706909e-01,7.805617898702621460e-02,-2.224688045680522919e-02,-1.297065764665603638e-01,6.412217020988464355e-02,-2.889128923416137695e-01,1.766689568758010864e-01,9.921246767044067383e-02,1.012604162096977234e-01,-1.826239675283432007e-01,-9.148962795734405518e-02,-1.692634634673595428e-02,-1.375516653060913086e-01,-2.233307212591171265e-01,2.896912395954132080e-01,5.835003033280372620e-02,-1.329039484262466431e-01,-2.065136134624481201e-01,5.975719690322875977e-01,-9.696948528289794922e-02,-1.191586554050445557e-01,-2.893914878368377686e-01,1.004301309585571289e-01,-1.739390194416046143e-03,-8.592516928911209106e-02,1.349436044692993164e-01,2.075923606753349304e-02,4.082114249467849731e-02,-3.049081861972808838e-01,-1.934930980205535889e-01
1.820183098316192627e-01,4.503428339958190918e-01,1.277075558900833130e-01,1.709922105073928833e-01,3.245905637741088867e-01,3.396505415439605713e-01,2.035900950431823730e-01,2.919365763664245605e-01,9.999994039535522461e-01,3.590873181819915771e-01,3.789688348770141602e-01,4.784898161888122559e-01,3.641144558787345886e-02,2.225383520126342773e-01,5.069774389266967773e-01,3.008652627468109131e-01,1.282770633697509766e-01,9.846042841672897339e-02,1.802961230278015137e-01,2.921644747257232666e-01,2.669275104999542236e-01,8.739877492189407349e-02,2.470486983656883240e-02,-1.853304505348205566e-01,-7.588250935077667236e-02,2.350393980741500854e-01,8.306907862424850464e-02,-3.140365472063422203e-03,-7.432755082845687866e-02,-1.209654510021209717e-01,6.089777685701847076e-03,-1.405900716781616211e-01,1.493555158376693726e-01,1.286979913711547852e-01,1.843311339616775513e-01,-2.232553958892822266e-01,2.150888144969940186e-01,4.113369584083557129e-01,3.427164554595947266e-01,1.304862089455127716e-02,3.101263642311096191e-01,3.297744095325469971e-01,5.266360193490982056e-02,6.366659998893737793e-01,1.572248935699462891e-01,2.991856634616851807e-01,-2.262244373559951782e-01,-1.086149141192436218e-01
3.100148774683475494e-02,4.377310872077941895e-01,8.646819740533828735e-02,3.002342581748962402e-01,-3.061044216156005859e-02,5.040379762649536133e-01,4.686368703842163086e-01,3.728633373975753784e-02,3.590873181819915771e-01,1.000000238418579102e+00,7.787506282329559326e-02,5.928565859794616699e-01,3.975301384925842285e-01,2.807485125958919525e-02,4.471032619476318359e-01,2.562526762485504150e-01,4.731729924678802490e-01,2.496706396341323853e-01,2.664099037647247314e-01,4.298390746116638184e-01,4.903823435306549072e-01,1.366509944200515747e-01,-4.971726611256599426e-02,-5.291359871625900269e-02,-8.000163733959197998e-02,2.498705685138702393e-01,1.337024662643671036e-02,-5.449154227972030640e-02,-5.871936306357383728e-02,-5.268974229693412781e-02,1.374582797288894653e-01,-2.161004841327667236e-01,2.023665904998779297e-01,1.316370163112878799e-02,9.935436397790908813e-02,-1.062748115509748459e-02,2.362389583140611649e-03,2.693392038345336914e-01,2.128866612911224365e-01,5.324960127472877502e-02,2.837718129158020020e-01,6.323954463005065918e-01,4.643940329551696777e-01,2.272825837135314941e-01,3.908546566963195801e-01,6.666604280471801758e-01,-2.058153152465820312e-01,-1.751482337713241577e-01
3.143987357616424561e-01,4.677728191018104553e-02,-1.418383568525314331e-01,-9.294363111257553101e-02,3.224952518939971924e-01,-1.293435692787170410e-01,-3.024411797523498535e-01,6.640428304672241211e-01,3.789688348770141602e-01,7.787506282329559326e-02,1.000000000000000000e+00,1.476083844900131226e-01,-9.693349152803421021e-02,6.194009780883789062e-01,3.741222321987152100e-01,9.389091283082962036e-02,-7.556159049272537231e-02,1.354635879397392273e-02,1.717950850725173950e-01,1.107755303382873535e-01,1.227443758398294449e-02,-3.294289484620094299e-02,1.020009741187095642e-01,-2.784186601638793945e-01,2.675360739231109619e-01,3.788361325860023499e-02,5.991160124540328979e-02,-1.246545389294624329e-01,-1.281242221593856812e-01,-1.532853245735168457e-01,-2.089620381593704224e-01,-1.990313529968261719e-01,1.560998260974884033e-01,6.878440082073211670e-02,-1.401206105947494507e-01,-2.693694829940795898e-01,4.738519787788391113e-01,2.727497369050979614e-02,-4.118565469980239868e-02,-1.047029644250869751e-01,9.630864858627319336e-02,-3.501152619719505310e-02,-4.956906661391258240e-02,1.498843878507614136e-01,6.239209324121475220e-02,-3.156815888360142708e-03,-1.971063762903213501e-01,-7.907541096210479736e-02
1.000711843371391296e-01,3.672490715980529785e-01,4.811877757310867310e-02,1.528112739324569702e-01,-9.045348502695560455e-03,4.604998230934143066e-01,2.217408567667007446e-01,1.168319210410118103e-01,4.784898161888122559e-01,5.928565859794616699e-01,1.476083844900131226e-01,1.000000476837158203e+00,2.051253765821456909e-01,5.644392967224121094e-02,6.575590372085571289e-01,4.356602728366851807e-01,1.625481247901916504e-01,1.269970685243606567e-01,-9.409272670745849609e-02,1.867632567882537842e-01,4.081784784793853760e-01,5.842312239110469818e-03,-2.831612229347229004e-01,-8.094772696495056152e-02,-2.064148709177970886e-02,2.861632108688354492e-01,9.199214726686477661e-02,-5.039865896105766296e-02,1.197797339409589767e-02,-6.426527351140975952e-02,7.324677426367998123e-03,-1.648298501968383789e-01,3.274621069431304932e-01,-3.380157798528671265e-02,2.257913500070571899e-01,-8.676242083311080933e-02,-1.173929721117019653e-01,3.280002772808074951e-01,2.941704094409942627e-01,-7.073023170232772827e-02,3.189513087272644043e-01,3.918967247009277344e-01,2.124301046133041382e-01,3.952682912349700928e-01,2.475343942642211914e-01,3.810924589633941650e-01,-1.972412914037704468e-01,-8.741845190525054932e-02
1.031292453408241272e-01,2.486280351877212524e-01,2.691416628658771515e-02,1.685055345296859741e-01,3.239327296614646912e-02,4.408199787139892578e-01,3.556284606456756592e-01,5.631392449140548706e-02,3.641144558787345886e-02,3.975301384925842285e-01,-9.693349152803421021e-02,2.051253765821456909e-01,1.000000119209289551e+00,3.345790132880210876e-02,1.952561885118484497e-01,2.817325890064239502e-01,3.639168441295623779e-01,2.389903962612152100e-01,2.534869313240051270e-01,3.865180313587188721e-01,3.805497288703918457e-01,1.339676976203918457e-01,2.493499368429183960e-01,-6.302386056631803513e-03,2.673180215060710907e-02,1.047849655151367188e-01,1.652944982051849365e-01,9.799971431493759155e-02,3.712151944637298584e-02,-3.768815658986568451e-03,1.115811467170715332e-01,-9.933445602655410767e-02,1.125683411955833435e-01,1.365079451352357864e-02,9.472399950027465820e-02,2.305951267480850220e-01,1.060903295874595642e-01,2.727198302745819092e-01,8.274202048778533936e-02,8.486539125442504883e-02,2.053383365273475647e-02,4.824771881103515625e-01,3.617918491363525391e-01,2.760168723762035370e-02,4.197770357131958008e-01,5.016161799430847168e-01,-2.090184688568115234e-01,-1.511642634868621826e-01
3.453684151172637939e-01,1.122230570763349533e-02,-1.869028061628341675e-01,-5.536141619086265564e-02,2.557059526443481445e-01,-1.053304225206375122e-01,-2.523766756057739258e-01,7.190750241279602051e-01,2.225383520126342773e-01,2.807485125958919525e-02,6.194009780883789062e-01,5.644392967224121094e-02,3.345790132880210876e-02,9.999999403953552246e-01,2.875856459140777588e-01,1.575803160667419434e-01,-1.138156950473785400e-01,7.637123018503189087e-02,1.277407258749008179e-01,6.502990424633026123e-02,-7.849445194005966187e-02,-7.304749637842178345e-02,4.460597038269042969e-02,-2.831158339977264404e-01,1.816032230854034424e-01,-1.967730000615119934e-02,1.904132589697837830e-02,-1.174017041921615601e-01,-1.120763272047042847e-01,-7.805700600147247314e-02,-1.288119554519653320e-01,-1.290009766817092896e-01,3.516305983066558838e-02,-7.805859297513961792e-02,-4.572570789605379105e-03,-1.992476284503936768e-01,6.185205578804016113e-01,-5.531526729464530945e-02,-1.441250443458557129e-01,-2.893566191196441650e-01,-1.965561136603355408e-02,2.140418626368045807e-02,-8.834914118051528931e-02,8.198865503072738647e-02,8.542190492153167725e-02,4.021179676055908203e-02,-1.821142882108688354e-01,-1.440095063298940659e-02
2.460269927978515625e-01,3.704983592033386230e-01,3.628125041723251343e-02,1.147385537624359131e-01,1.575985737144947052e-02,3.350298106670379639e-01,1.596212834119796753e-01,3.411099612712860107e-01,5.069774389266967773e-01,4.471032619476318359e-01,3.741222321987152100e-01,6.575590372085571289e-01,1.952561885118484497e-01,2.875856459140777588e-01,9.999995827674865723e-01,2.629437148571014404e-01,1.334113776683807373e-01,1.146311014890670776e-01,4.995937459170818329e-03,1.963380873203277588e-01,3.204613029956817627e-01,3.298032656311988831e-02,-1.999944150447845459e-01,-3.016081750392913818e-01,8.369681239128112793e-02,2.122088819742202759e-01,2.194611877202987671e-01,5.792619660496711731e-02,8.951125293970108032e-02,-2.604764699935913086e-02,-1.157046630978584290e-01,-2.508076727390289307e-01,3.196046948432922363e-01,-6.082709878683090210e-02,1.818515509366989136e-01,-1.830135583877563477e-01,1.377257257699966431e-01,4.942683577537536621e-01,5.095112696290016174e-02,-1.415992230176925659e-01,9.360583871603012085e-02,4.230535924434661865e-01,1.692702025175094604e-01,3.082571029663085938e-01,4.549544453620910645e-01,4.131157100200653076e-01,-3.511508107185363770e-01,-1.293700784444808960e-01
2.806068062782287598e-01,3.056902587413787842e-01,7.477273792028427124e-02,2.711715698242187500e-01,1.840119659900665283e-01,3.608893752098083496e-01,2.225290387868881226e-01,8.605813235044479370e-02,3.008652627468109131e-01,2.562526762485504150e-01,9.389091283082962036e-02,4.356602728366851807e-01,2.817325890064239502e-01,1.575803160667419434e-01,2.629437148571014404e-01,1.000000119209289551e+00,2.408121228218078613e-01,2.211855351924896240e-01,2.636411190032958984e-01,4.163555800914764404e-01,3.957890868186950684e-01,6.430752109736204147e-03,-7.675769925117492676e-02,-2.674390748143196106e-02,-2.437497489154338837e-02,1.631702780723571777e-01,1.491042226552963257e-01,1.110220029950141907e-01,6.818993389606475830e-02,-7.296460121870040894e-02,2.037454210221767426e-02,-6.860758364200592041e-02,2.516385018825531006e-01,3.978303447365760803e-02,2.220842242240905762e-01,-6.759656220674514771e-02,1.807152330875396729e-01,2.084075212478637695e-01,6.123275756835937500e-01,1.728918403387069702e-03,4.720785319805145264e-01,1.795491129159927368e-01,2.280734181404113770e-01,5.029155611991882324e-01,-2.614276856184005737e-02,2.029485553503036499e-01,-9.670725464820861816e-02,-1.375864893198013306e-01
9.471037983894348145e-02,3.826245665550231934e-01,1.033946871757507324e-01,4.866680502891540527e-01,6.797648966312408447e-02,3.603540956974029541e-01,6.613601446151733398e-01,-7.571116089820861816e-02,1.282770633697509766e-01,4.731729924678802490e-01,-7.556159049272537231e-02,1.625481247901916504e-01,3.639168441295623779e-01,-1.138156950473785400e-01,1.334113776683807373e-01,2.408121228218078613e-01,9.999998211860656738e-01,5.442981719970703125e-01,5.886244177818298340e-01,6.118696331977844238e-01,5.435426831245422363e-01,3.902866244316101074e-01,2.421845495700836182e-01,2.040562182664871216e-01,-6.595574785023927689e-03,2.017472088336944580e-01,1.168530285358428955e-01,2.032237499952316284e-01,1.556122153997421265e-01,1.611552387475967407e-01,4.239101111888885498e-01,2.777239540591835976e-03,1.468410044908523560e-01,1.315228343009948730e-01,8.457269519567489624e-02,1.617229580879211426e-01,1.150148063898086548e-01,2.062481790781021118e-01,3.327574133872985840e-01,3.018859326839447021e-01,2.612925469875335693e-01,4.332120418548583984e-01,5.544811487197875977e-01,2.263454943895339966e-01,1.803833097219467163e-01,4.835293889045715332e-01,1.711912825703620911e-02,-1.940649598836898804e-01
1.404292732477188110e-01,3.110470175743103027e-01,-1.012094244360923767e-01,2.828169167041778564e-01,4.355161264538764954e-02,3.344567120075225830e-01,4.438752830028533936e-01,5.651859194040298462e-02,9.846042841672897339e-02,2.496706396341323853e-01,1.354635879397392273e-02,1.269970685243606567e-01,2.389903962612152100e-01,7.637123018503189087e-02,1.146311014890670776e-01,2.211855351924896240e-01,5.442981719970703125e-01,9.999997615814208984e-01,2.739576995372772217e-01,4.280323684215545654e-01,4.373996257781982422e-01,2.653073370456695557e-01,-3.983412310481071472e-02,1.212320178747177124e-01,-8.926655352115631104e-02,2.355946227908134460e-02,1.287336796522140503e-01,-5.220235884189605713e-02,2.353205531835556030e-02,3.190675675868988037e-01,4.802081286907196045e-01,1.220322623848915100e-01,2.534519135951995850e-01,-3.797536715865135193e-02,2.282439619302749634e-01,1.963069736957550049e-01,1.200875863432884216e-01,1.262294948101043701e-01,1.757899224758148193e-01,1.179617494344711304e-01,2.310625761747360229e-01,2.744084894657135010e-01,2.613088190555572510e-01,1.839989870786666870e-01,1.007914096117019653e-01,2.110165953636169434e-01,7.270880788564682007e-02,-4.853948950767517090e-02
1.566156297922134399e-01,3.321869075298309326e-01,1.307929307222366333e-01,3.940461874008178711e-01,2.398412823677062988e-01,1.595665365457534790e-01,3.785820007324218750e-01,1.005416363477706909e-01,1.802961230278015137e-01,2.664099037647247314e-01,1.717950850725173950e-01,-9.409272670745849609e-02,2.534869313240051270e-01,1.277407258749008179e-01,4.995937459170818329e-03,2.636411190032958984e-01,5.886244177818298340e-01,2.739576995372772217e-01,1.000000000000000000e+00,6.879675388336181641e-01,3.822896480560302734e-01,2.633492946624755859e-01,3.928234875202178955e-01,-1.140772644430398941e-02,-8.176472038030624390e-02,1.316607743501663208e-01,-5.146588198840618134e-03,1.487666070461273193e-01,3.138962015509605408e-02,-7.206147164106369019e-02,9.966340661048889160e-02,-8.994214236736297607e-02,3.273205831646919250e-02,1.863217651844024658e-01,-9.566849470138549805e-02,-5.219243094325065613e-02,4.114507436752319336e-01,1.139335259795188904e-01,3.293401896953582764e-01,2.630429267883300781e-01,2.531035840511322021e-01,2.461069673299789429e-01,4.260709583759307861e-01,2.196697443723678589e-01,5.852049961686134338e-02,3.263480663299560547e-01,-9.638535231351852417e-02,-3.090780079364776611e-01
1.188749223947525024e-01,4.531840384006500244e-01,1.218856722116470337e-01,4.035306870937347412e-01,1.241802051663398743e-01,3.824829161167144775e-01,4.638588428497314453e-01,7.805617898702621460e-02,2.921644747257232666e-01,4.298390746116638184e-01,1.107755303382873535e-01,1.867632567882537842e-01,3.865180313587188721e-01,6.502990424633026123e-02,1.963380873203277588e-01,4.163555800914764404e-01,6.118696331977844238e-01,4.280323684215545654e-01,6.879675388336181641e-01,9.999999403953552246e-01,6.882932782173156738e-01,1.921325176954269409e-01,2.597407102584838867e-01,4.916451126337051392e-02,-1.548213809728622437e-01,1.983817070722579956e-01,2.831386961042881012e-02,5.900400131940841675e-02,4.196580033749341965e-03,-5.915440153330564499e-03,1.462904959917068481e-01,-2.119056880474090576e-01,1.951821893453598022e-01,1.713844835758209229e-01,5.012914538383483887e-02,-8.643963932991027832e-02,2.564092874526977539e-01,2.487592101097106934e-01,4.108636081218719482e-01,2.011288255453109741e-01,3.612085580825805664e-01,3.586332201957702637e-01,5.701243877410888672e-01,3.846452832221984863e-01,9.095938503742218018e-02,4.630771279335021973e-01,-2.074666619300842285e-01,-3.411996662616729736e-01
-1.199277043342590332e-01,4.144538044929504395e-01,6.287810206413269043e-02,2.694519758224487305e-01,-6.772951781749725342e-02,4.524827599525451660e-01,4.198595285415649414e-01,-2.224688045680522919e-02,2.669275104999542236e-01,4.903823435306549072e-01,1.227443758398294449e-02,4.081784784793853760e-01,3.805497288703918457e-01,-7.849445194005966187e-02,3.204613029956817627e-01,3.957890868186950684e-01,5.435426831245422363e-01,4.373996257781982422e-01,3.822896480560302734e-01,6.882932782173156738e-01,1.000000000000000000e+00,2.434894889593124390e-01,1.102472618222236633e-01,8.479427546262741089e-02,-2.425527125597000122e-01,2.211198359727859497e-01,-4.416467249393463135e-02,-9.230400621891021729e-02,-1.039144471287727356e-01,3.200943768024444580e-02,1.386682689189910889e-01,-2.521564662456512451e-01,2.456369698047637939e-01,1.114667281508445740e-01,7.980663329362869263e-02,2.576651796698570251e-02,-5.892666429281234741e-02,2.596448957920074463e-01,4.057548046112060547e-01,2.941466569900512695e-01,3.082390427589416504e-01,3.665825128555297852e-01,5.081327557563781738e-01,3.548754453659057617e-01,1.173835098743438721e-01,4.125343859195709229e-01,-1.956679821014404297e-01,-3.161478936672210693e-01
-7.376109808683395386e-02,6.965477019548416138e-02,-7.189688086509704590e-02,1.584171354770660400e-01,8.439184725284576416e-02,1.544779390096664429e-01,2.880291342735290527e-01,-1.297065764665603638e-01,8.739877492189407349e-02,1.366509944200515747e-01,-3.294289484620094299e-02,5.842312239110469818e-03,1.339676976203918457e-01,-7.304749637842178345e-02,3.298032656311988831e-02,6.430752109736204147e-03,3.902866244316101074e-01,2.653073370456695557e-01,2.633492946624755859e-01,1.921325176954269409e-01,2.434894889593124390e-01,1.000000000000000000e+00,2.494621127843856812e-01,2.809214293956756592e-01,-5.469001457095146179e-02,-8.815392106771469116e-02,-2.472580410540103912e-02,1.112801358103752136e-01,-4.326628521084785461e-02,-4.486094042658805847e-02,3.402767479419708252e-01,3.669787943363189697e-01,-1.379067599773406982e-01,3.202211111783981323e-02,1.102382242679595947e-01,1.155853793025016785e-01,-9.834723174571990967e-02,2.882363796234130859e-01,1.577464044094085693e-01,4.397644996643066406e-01,-2.351073175668716431e-02,2.510186135768890381e-01,2.634935677051544189e-01,1.028354242444038391e-01,1.297827959060668945e-01,2.229894995689392090e-01,2.890114784240722656e-01,3.221535682678222656e-01
-4.585241898894309998e-02,-5.237235128879547119e-02,1.353882253170013428e-01,2.290697395801544189e-02,3.010526895523071289e-01,-1.698331087827682495e-01,3.895784541964530945e-02,6.412217020988464355e-02,2.470486983656883240e-02,-4.971726611256599426e-02,1.020009741187095642e-01,-2.831612229347229004e-01,2.493499368429183960e-01,4.460597038269042969e-02,-1.999944150447845459e-01,-7.675769925117492676e-02,2.421845495700836182e-01,-3.983412310481071472e-02,3.928234875202178955e-01,2.597407102584838867e-01,1.102472618222236633e-01,2.494621127843856812e-01,1.000000715255737305e+00,1.859045475721359253e-01,1.954046040773391724e-01,-1.135968510061502457e-02,-6.050087884068489075e-02,2.261357903480529785e-01,1.873741112649440765e-02,-9.942732751369476318e-02,7.738889008760452271e-02,1.252315752208232880e-02,-2.391233593225479126e-01,3.902473151683807373e-01,-1.925966590642929077e-01,1.151000261306762695e-01,2.547760903835296631e-01,9.561140835285186768e-02,1.030375659465789795e-01,4.852496683597564697e-01,-1.129259839653968811e-01,2.248163893818855286e-02,2.011185437440872192e-01,-3.173279017210006714e-02,4.782518371939659119e-02,6.920658797025680542e-02,5.279717594385147095e-02,7.211362011730670929e-03
-2.119684070348739624e-01,-2.212450839579105377e-02,1.332551613450050354e-02,3.042884171009063721e-02,-1.544978320598602295e-01,-2.324332855641841888e-02,1.204679608345031738e-01,-2.889128923416137695e-01,-1.853304505348205566e-01,-5.291359871625900269e-02,-2.784186601638793945e-01,-8.094772696495056152e-02,-6.302386056631803513e-03,-2.831158339977264404e-01,-3.016081750392913818e-01,-2.674390748143196106e-02,2.040562182664871216e-01,1.212320178747177124e-01,-1.140772644430398941e-02,4.916451126337051392e-02,8.479427546262741089e-02,2.809214293956756592e-01,1.859045475721359253e-01,9.999997615814208984e-01,-4.538172855973243713e-02,-9.117427468299865723e-02,-1.556552499532699585e-01,4.313722997903823853e-02,5.500719323754310608e-02,6.451781839132308960e-02,5.013944506645202637e-01,4.843367338180541992e-01,-6.912562996149063110e-02,9.472832083702087402e-02,1.823440790176391602e-01,4.091582894325256348e-01,-2.842696309089660645e-01,9.090923704206943512e-03,2.633974552154541016e-01,4.006127119064331055e-01,8.655624091625213623e-02,-6.381551176309585571e-02,3.339368700981140137e-01,3.135670349001884460e-02,-1.925535649061203003e-01,2.894160524010658264e-02,6.202493309974670410e-01,3.013911545276641846e-01
4.894269406795501709e-01,-2.294573485851287842e-01,3.385588526725769043e-02,1.015002354979515076e-01,2.850935757160186768e-01,-1.504514217376708984e-01,-1.076654419302940369e-01,1.766689568758010864e-01,-7.588250935077667236e-02,-8.000163733959197998e-02,2.675360739231109619e-01,-2.064148709177970886e-02,2.673180215060710907e-02,1.816032230854034424e-01,8.369681239128112793e-02,-2.437497489154338837e-02,-6.595574785023927689e-03,-8.926655352115631104e-02,-8.176472038030624390e-02,-1.548213809728622437e-01,-2.425527125597000122e-01,-5.469001457095146179e-02,1.954046040773391724e-01,-4.538172855973243713e-02,1.000000476837158203e+00,-3.645959123969078064e-02,2.539103627204895020e-01,3.993557393550872803e-01,3.127167224884033203e-01,8.621987700462341309e-02,-7.185422629117965698e-02,8.395974524319171906e-03,-1.158955227583646774e-02,2.225603908300399780e-01,-1.562052778899669647e-02,-5.834830552339553833e-02,1.522143483161926270e-01,7.954648882150650024e-02,-1.472220420837402344e-01,-1.609355658292770386e-01,-4.321110248565673828e-02,-1.003343760967254639e-01,1.512032654136419296e-02,-1.711736321449279785e-01,1.317513436079025269e-01,-5.460257083177566528e-02,-2.522785030305385590e-02,1.301617026329040527e-01
1.262231320142745972e-01,2.757406830787658691e-01,2.507674098014831543e-01,1.708083003759384155e-01,1.217973232269287109e-01,2.409899234771728516e-01,2.833248972892761230e-01,9.921246767044067383e-02,2.350393980741500854e-01,2.498705685138702393e-01,3.788361325860023499e-02,2.861632108688354492e-01,1.047849655151367188e-01,-1.967730000615119934e-02,2.122088819742202759e-01,1.631702780723571777e-01,2.017472088336944580e-01,2.355946227908134460e-02,1.316607743501663208e-01,1.983817070722579956e-01,2.211198359727859497e-01,-8.815392106771469116e-02,-1.135968510061502457e-02,-9.117427468299865723e-02,-3.645959123969078064e-02,1.000000119209289551e+00,8.379413187503814697e-02,4.130613803863525391e-02,1.082176715135574341e-01,-5.159973166882991791e-03,-3.992235660552978516e-02,-1.371501982212066650e-01,2.742180824279785156e-01,2.046082466840744019e-01,-8.269071578979492188e-02,-9.808520227670669556e-02,7.680523395538330078e-02,5.247117206454277039e-02,1.513311713933944702e-01,3.125928342342376709e-02,3.171615898609161377e-01,2.131326794624328613e-01,1.535971313714981079e-01,2.238183617591857910e-01,8.694472908973693848e-02,1.621965467929840088e-01,-1.160837486386299133e-01,-1.901165097951889038e-01
4.564533531665802002e-01,3.038958907127380371e-01,1.661571264266967773e-01,3.194620013236999512e-01,1.724202781915664673e-01,3.216235339641571045e-01,2.051459550857543945e-01,1.012604162096977234e-01,8.306907862424850464e-02,1.337024662643671036e-02,5.991160124540328979e-02,9.199214726686477661e-02,1.652944982051849365e-01,1.904132589697837830e-02,2.194611877202987671e-01,1.491042226552963257e-01,1.168530285358428955e-01,1.287336796522140503e-01,-5.146588198840618134e-03,2.831386961042881012e-02,-4.416467249393463135e-02,-2.472580410540103912e-02,-6.050087884068489075e-02,-1.556552499532699585e-01,2.539103627204895020e-01,8.379413187503814697e-02,1.000000238418579102e+00,4.286445081233978271e-01,3.743202388286590576e-01,2.231210917234420776e-01,8.405539393424987793e-02,-3.552820160984992981e-02,4.836162030696868896e-01,1.219419315457344055e-01,1.039730235934257507e-01,7.270037382841110229e-02,1.241752058267593384e-01,2.087469696998596191e-01,-8.864574134349822998e-02,-9.904148429632186890e-02,1.983438432216644287e-01,1.538428366184234619e-01,-9.683040902018547058e-03,4.890517890453338623e-02,1.990526318550109863e-01,9.916318953037261963e-02,-7.890543341636657715e-02,-5.382660403847694397e-02
4.215448796749114990e-01,8.610659092664718628e-02,3.504385650157928467e-01,4.775896370410919189e-01,1.655956059694290161e-01,5.790970101952552795e-02,2.292475998401641846e-01,-1.826239675283432007e-01,-3.140365472063422203e-03,-5.449154227972030640e-02,-1.246545389294624329e-01,-5.039865896105766296e-02,9.799971431493759155e-02,-1.174017041921615601e-01,5.792619660496711731e-02,1.110220029950141907e-01,2.032237499952316284e-01,-5.220235884189605713e-02,1.487666070461273193e-01,5.900400131940841675e-02,-9.230400621891021729e-02,1.112801358103752136e-01,2.261357903480529785e-01,4.313722997903823853e-02,3.993557393550872803e-01,4.130613803863525391e-02,4.286445081233978271e-01,9.999999403953552246e-01,6.642894744873046875e-01,2.411380708217620850e-01,6.110120564699172974e-02,3.707638755440711975e-02,-2.709736488759517670e-02,1.427850127220153809e-01,1.550142914056777954e-01,9.956328570842742920e-02,1.523111313581466675e-01,2.656407356262207031e-01,1.036709025502204895e-01,7.584009319543838501e-02,5.014471337199211121e-02,3.941639326512813568e-03,1.193932741880416870e-01,2.829129062592983246e-02,1.921411603689193726e-01,6.501961499452590942e-02,-3.587495535612106323e-03,3.056347928941249847e-02
4.065918922424316406e-01,1.248312219977378845e-01,2.142230868339538574e-01,4.575814902782440186e-01,4.690535739064216614e-02,1.041949316859245300e-01,2.348584681749343872e-01,-9.148962795734405518e-02,-7.432755082845687866e-02,-5.871936306357383728e-02,-1.281242221593856812e-01,1.197797339409589767e-02,3.712151944637298584e-02,-1.120763272047042847e-01,8.951125293970108032e-02,6.818993389606475830e-02,1.556122153997421265e-01,2.353205531835556030e-02,3.138962015509605408e-02,4.196580033749341965e-03,-1.039144471287727356e-01,-4.326628521084785461e-02,1.873741112649440765e-02,5.500719323754310608e-02,3.127167224884033203e-01,1.082176715135574341e-01,3.743202388286590576e-01,6.642894744873046875e-01,1.000000476837158203e+00,4.252790808677673340e-01,6.757455319166183472e-02,7.737334072589874268e-02,1.137171611189842224e-01,1.006455644965171814e-01,2.038789838552474976e-01,6.861576437950134277e-02,1.592086106538772583e-01,1.230341345071792603e-01,7.306118309497833252e-02,-9.768188744783401489e-02,1.348826587200164795e-01,1.176197174936532974e-02,1.445747613906860352e-01,4.864154756069183350e-02,1.623306721448898315e-01,8.489276468753814697e-02,-4.183685034513473511e-02,-2.405136823654174805e-03
1.151986718177795410e-01,1.223731264472007751e-01,-1.515071988105773926e-01,3.069286644458770752e-01,-7.563718408346176147e-02,5.572305247187614441e-02,2.493589371442794800e-01,-1.692634634673595428e-02,-1.209654510021209717e-01,-5.268974229693412781e-02,-1.532853245735168457e-01,-6.426527351140975952e-02,-3.768815658986568451e-03,-7.805700600147247314e-02,-2.604764699935913086e-02,-7.296460121870040894e-02,1.611552387475967407e-01,3.190675675868988037e-01,-7.206147164106369019e-02,-5.915440153330564499e-03,3.200943768024444580e-02,-4.486094042658805847e-02,-9.942732751369476318e-02,6.451781839132308960e-02,8.621987700462341309e-02,-5.159973166882991791e-03,2.231210917234420776e-01,2.411380708217620850e-01,4.252790808677673340e-01,9.999998211860656738e-01,3.578391671180725098e-01,3.456437215209007263e-02,9.560447931289672852e-02,-7.014276832342147827e-02,1.604088395833969116e-01,2.092335224151611328e-01,2.315278351306915283e-02,-7.198638468980789185e-02,-7.162904739379882812e-02,-1.154871955513954163e-01,2.713004685938358307e-02,-4.915908351540565491e-02,5.824936181306838989e-02,-8.865113556385040283e-02,5.766482278704643250e-02,5.296151153743267059e-03,-2.012754790484905243e-02,-4.620733112096786499e-02
-5.169189348816871643e-02,2.687941789627075195e-01,-9.328091889619827271e-02,2.335236221551895142e-01,2.193290553987026215e-02,1.825208961963653564e-01,4.303925633430480957e-01,-1.375516653060913086e-01,6.089777685701847076e-03,1.374582797288894653e-01,-2.089620381593704224e-01,7.324677426367998123e-03,1.115811467170715332e-01,-1.288119554519653320e-01,-1.157046630978584290e-01,2.037454210221767426e-02,4.239101111888885498e-01,4.802081286907196045e-01,9.966340661048889160e-02,1.462904959917068481e-01,1.386682689189910889e-01,3.402767479419708252e-01,7.738889008760452271e-02,5.013944506645202637e-01,-7.185422629117965698e-02,-3.992235660552978516e-02,8.405539393424987793e-02,6.110120564699172974e-02,6.757455319166183472e-02,3.578391671180725098e-01,1.000000715255737305e+00,5.128114223480224609e-01,3.577546030282974243e-02,4.152178391814231873e-02,2.167627215385437012e-01,3.571622371673583984e-01,-1.049997881054878235e-01,7.990990579128265381e-02,1.475656926631927490e-01,2.987408041954040527e-01,1.564366817474365234e-01,2.049845755100250244e-01,1.921249181032180786e-01,8.761817961931228638e-02,4.691228270530700684e-02,1.661916673183441162e-01,4.765366613864898682e-01,2.937246561050415039e-01
-5.315367132425308228e-02,-1.008252874016761780e-01,-9.705714881420135498e-02,1.520146336406469345e-02,7.332923263311386108e-02,-9.278295561671257019e-03,6.181354820728302002e-02,-2.233307212591171265e-01,-1.405900716781616211e-01,-2.161004841327667236e-01,-1.990313529968261719e-01,-1.648298501968383789e-01,-9.933445602655410767e-02,-1.290009766817092896e-01,-2.508076727390289307e-01,-6.860758364200592041e-02,2.777239540591835976e-03,1.220322623848915100e-01,-8.994214236736297607e-02,-2.119056880474090576e-01,-2.521564662456512451e-01,3.669787943363189697e-01,1.252315752208232880e-02,4.843367338180541992e-01,8.395974524319171906e-03,-1.371501982212066650e-01,-3.552820160984992981e-02,3.707638755440711975e-02,7.737334072589874268e-02,3.456437215209007263e-02,5.128114223480224609e-01,1.000000238418579102e+00,-1.690124720335006714e-01,-8.265853673219680786e-02,1.927043795585632324e-01,1.616322845220565796e-01,-1.676640957593917847e-01,1.149543747305870056e-02,4.160944744944572449e-02,2.370412349700927734e-01,-1.418127119541168213e-02,-4.013179987668991089e-02,-6.380052864551544189e-02,4.251815844327211380e-03,-5.723853409290313721e-02,-1.240741387009620667e-01,7.359555363655090332e-01,5.932505726814270020e-01
