1.000000000000000000e+00,1.137631107121706009e-02,5.009704232215881348e-01,5.838414430618286133e-01,3.162989616394042969e-01,2.727667987346649170e-01,1.585774570703506470e-01,2.360313534736633301e-01,7.841239124536514282e-02,7.416864484548568726e-02,2.989886999130249023e-01,3.363980352878570557e-01,1.557094417512416840e-02,1.865901201963424683e-01,1.778086572885513306e-01,-1.521751284599304199e-01,5.757119879126548767e-02,1.041529998183250427e-01,-5.652408301830291748e-02,3.981151580810546875e-01,5.123912692070007324e-01,1.585517376661300659e-01,-2.248725146055221558e-01,-1.525838226079940796e-01,3.708750605583190918e-01,1.204115897417068481e-01,2.030220925807952881e-01,5.483416318893432617e-01,3.009831607341766357e-01,4.512476027011871338e-01,2.657471299171447754e-01,-4.240483511239290237e-03,3.582588434219360352e-01,1.356419771909713745e-01,1.833207905292510986e-01,-1.933660209178924561e-01,-7.511423435062170029e-03,7.635411620140075684e-02,-1.920140236616134644e-01,-8.186865597963333130e-02,1.279530972242355347e-01,-7.775811105966567993e-02,-1.626643836498260498e-01,-1.342214047908782959e-01,-1.996795833110809326e-02,-1.226279214024543762e-01,-6.434219330549240112e-02,5.293802544474601746e-02
1.137631107121706009e-02,9.999997615814208984e-01,5.187483504414558411e-02,-3.534854203462600708e-02,2.747307419776916504e-01,4.820919334888458252e-01,4.407279491424560547e-01,3.194689750671386719e-01,3.548825979232788086e-01,2.909593582153320312e-01,7.140188477933406830e-03,2.325879037380218506e-02,3.337795734405517578e-01,1.544821560382843018e-01,-1.053978353738784790e-01,1.547747254371643066e-01,3.769446909427642822e-01,1.854147911071777344e-01,4.999531209468841553e-01,1.601163893938064575e-01,-1.135110631585121155e-01,-1.977676898241043091e-01,7.023088634014129639e-02,-9.707397222518920898e-02,6.435428559780120850e-02,4.556595087051391602e-01,-1.860038749873638153e-02,1.777545809745788574e-01,3.223384022712707520e-01,3.744822368025779724e-02,-5.765764787793159485e-02,-2.187246270477771759e-02,2.574645876884460449e-01,3.608882427215576172e-02,9.275854378938674927e-02,-8.669494837522506714e-02,1.744555681943893433e-01,9.746574610471725464e-02,1.970908045768737793e-02,-6.067960336804389954e-02,6.007967591285705566e-01,7.265157103538513184e-01,6.029039025306701660e-01,5.380794405937194824e-01,4.850635528564453125e-01,4.770112633705139160e-01,-5.148788169026374817e-02,-6.330494582653045654e-02
5.009704232215881348e-01,5.187483504414558411e-02,1.000000119209289551e+00,6.661607623100280762e-01,8.444045484066009521e-02,2.516657412052154541e-01,4.091156721115112305e-01,2.916303873062133789e-01,1.168090626597404480e-01,1.160953640937805176e-01,2.473810017108917236e-01,3.088182806968688965e-01,8.744064718484878540e-02,1.019869744777679443e-01,1.857856363058090210e-01,8.839922398328781128e-02,2.758626341819763184e-01,2.047506868839263916e-01,6.111093983054161072e-02,3.893393576145172119e-01,4.292486906051635742e-01,1.173863410949707031e-01,-6.149440631270408630e-02,-1.751411557197570801e-01,1.112836599349975586e-01,2.750679552555084229e-01,-1.684975810348987579e-02,3.107253611087799072e-01,6.346412748098373413e-02,2.241655290126800537e-01,5.301743745803833008e-02,-1.408951133489608765e-01,1.209536492824554443e-01,1.138456836342811584e-01,1.084744185209274292e-01,-1.522372812032699585e-01,3.637059777975082397e-02,1.448128521442413330e-01,9.173783473670482635e-03,5.473669618368148804e-02,1.109376922249794006e-01,8.274029195308685303e-02,5.371852219104766846e-02,2.430695481598377228e-02,4.275514557957649231e-02,4.328004643321037292e-02,-1.616911143064498901e-01,2.875836752355098724e-02
5.838414430618286133e-01,-3.534854203462600708e-02,6.661607623100280762e-01,9.999998211860656738e-01,2.007599622011184692e-01,2.429398596286773682e-01,3.024485111236572266e-01,1.331390440464019775e-01,1.596546359360218048e-02,-7.680136244744062424e-03,8.471448719501495361e-02,2.402806580066680908e-01,1.630581468343734741e-01,-4.698484763503074646e-02,8.373091369867324829e-02,2.376042120158672333e-02,1.657676249742507935e-01,1.534319967031478882e-01,9.635928273200988770e-02,5.348039269447326660e-01,5.185360312461853027e-01,3.620199561119079590e-01,-1.487776786088943481e-01,-1.315056681632995605e-01,-7.774938829243183136e-03,8.329336345195770264e-02,-1.718458235263824463e-01,3.928031325340270996e-01,1.382026970386505127e-01,2.302415668964385986e-01,2.435938268899917603e-01,-6.199304759502410889e-02,5.730775650590658188e-03,-3.710873425006866455e-02,1.095814108848571777e-01,-1.732567399740219116e-01,-6.553063541650772095e-02,-2.907160297036170959e-02,-1.091867014765739441e-01,-1.932327169924974442e-03,7.666669785976409912e-02,-5.709236860275268555e-02,-5.703204125165939331e-02,-1.297768354415893555e-01,-6.367676705121994019e-02,-1.184024512767791748e-01,-1.016013920307159424e-01,3.020930290222167969e-02
3.162989616394042969e-01,2.747307419776916504e-01,8.444045484066009521e-02,2.007599622011184692e-01,1.000000000000000000e+00,5.911800265312194824e-01,2.730405628681182861e-01,6.949799507856369019e-02,1.342120766639709473e-01,1.301619410514831543e-01,9.512692689895629883e-02,1.173993125557899475e-01,3.943491578102111816e-01,2.005398720502853394e-01,1.463468372821807861e-01,1.296667605638504028e-01,1.706194132566452026e-01,2.138801962137222290e-01,2.872188985347747803e-01,2.619378864765167236e-01,8.926457166671752930e-02,6.284166127443313599e-02,1.643173582851886749e-02,-1.175981089472770691e-01,2.901681661605834961e-01,1.713935136795043945e-01,1.783117949962615967e-01,1.727102696895599365e-01,1.456591039896011353e-01,9.384982287883758545e-02,4.434269294142723083e-02,-9.868670254945755005e-02,2.882098257541656494e-01,1.051498204469680786e-01,7.634590566158294678e-02,-4.223565384745597839e-02,1.503529101610183716e-01,1.518356502056121826e-01,-2.079389058053493500e-02,-5.078330263495445251e-02,3.896302580833435059e-01,1.610224545001983643e-01,1.944831460714340210e-01,8.880110085010528564e-02,1.503674387931823730e-01,1.596111655235290527e-01,-7.926096767187118530e-02,1.621982431970536709e-03
2.727667987346649170e-01,4.820919334888458252e-01,2.516657412052154541e-01,2.429398596286773682e-01,5.911800265312194824e-01,1.000000238418579102e+00,5.864362120628356934e-01,1.938806772232055664e-01,2.355200648307800293e-01,2.635624408721923828e-01,4.732025414705276489e-02,4.275929927825927734e-02,3.318128287792205811e-01,1.295708566904067993e-01,8.340974897146224976e-02,1.472910493612289429e-01,4.131241142749786377e-01,3.205549120903015137e-01,5.049239993095397949e-01,4.763406813144683838e-01,9.385132044553756714e-02,-5.735872685909271240e-02,9.111559949815273285e-03,-1.736331880092620850e-01,7.717540860176086426e-02,4.763294756412506104e-01,-1.902901940047740936e-02,2.321437895298004150e-01,2.177632749080657959e-01,5.777131021022796631e-02,-9.462557733058929443e-02,-1.278711557388305664e-01,3.088843226432800293e-01,5.424525588750839233e-02,1.872939802706241608e-02,-1.641518920660018921e-01,5.067009851336479187e-02,3.083060123026371002e-02,-2.904922328889369965e-02,-6.502199172973632812e-02,5.959107875823974609e-01,4.679635763168334961e-01,4.211215674877166748e-01,2.383664250373840332e-01,2.796897590160369873e-01,3.010691702365875244e-01,-1.105457842350006104e-01,-2.024505985900759697e-03
1.585774570703506470e-01,4.407279491424560547e-01,4.091156721115112305e-01,3.024485111236572266e-01,2.730405628681182861e-01,5.864362120628356934e-01,1.000000000000000000e+00,2.884125113487243652e-01,4.268472492694854736e-01,5.021712779998779297e-01,9.529186785221099854e-02,1.321451961994171143e-01,3.592188656330108643e-01,1.706042736768722534e-01,1.451597511768341064e-01,2.262914478778839111e-01,7.832452654838562012e-01,5.602591633796691895e-01,4.479163885116577148e-01,3.199355304241180420e-01,4.011386632919311523e-02,5.237808451056480408e-02,1.067591384053230286e-01,-1.984348893165588379e-01,1.357604190707206726e-02,5.510327816009521484e-01,-1.047800630331039429e-01,1.842601038515567780e-02,7.803355902433395386e-02,-7.046333700418472290e-02,-1.944805383682250977e-01,-1.518135070800781250e-01,1.335210502147674561e-01,7.736074179410934448e-02,3.517121076583862305e-04,-1.736688166856765747e-01,2.227891236543655396e-02,1.367250531911849976e-01,5.122840404510498047e-02,-2.769516315311193466e-03,3.398020863533020020e-01,5.908855795860290527e-01,5.774307847023010254e-01,3.869589269161224365e-01,4.608468413352966309e-01,5.614985227584838867e-01,-1.214300096035003662e-01,-2.528929524123668671e-02
2.360313534736633301e-01,3.194689750671386719e-01,2.916303873062133789e-01,1.331390440464019775e-01,6.949799507856369019e-02,1.938806772232055664e-01,2.884125113487243652e-01,9.999995827674865723e-01,5.431457757949829102e-01,4.691023528575897217e-01,5.768452882766723633e-01,4.811238646507263184e-01,3.182803988456726074e-01,4.705162346363067627e-01,1.156788542866706848e-01,1.974349617958068848e-01,3.080215454101562500e-01,1.490823030471801758e-01,5.057378113269805908e-02,2.002182155847549438e-01,2.593180239200592041e-01,-1.591718196868896484e-01,2.872534841299057007e-02,-2.069458216428756714e-01,3.451870977878570557e-01,2.353119701147079468e-01,1.944586038589477539e-01,2.051327079534530640e-01,5.742345750331878662e-02,7.980372756719589233e-02,-5.646225437521934509e-02,-1.571446657180786133e-01,4.248988628387451172e-01,3.430492877960205078e-01,2.748862206935882568e-01,-1.369747072458267212e-01,3.835587203502655029e-01,3.140661418437957764e-01,5.327736586332321167e-02,-3.966498374938964844e-02,1.526446044445037842e-01,3.196386694908142090e-01,2.902148663997650146e-01,3.589862585067749023e-01,3.557443618774414062e-01,3.329626917839050293e-01,-1.547856330871582031e-01,-1.217838227748870850e-01
7.841239124536514282e-02,3.548825979232788086e-01,1.168090626597404480e-01,1.596546359360218048e-02,1.342120766639709473e-01,2.355200648307800293e-01,4.268472492694854736e-01,5.431457757949829102e-01,1.000000357627868652e+00,7.416348457336425781e-01,4.537346959114074707e-01,4.247131347656250000e-01,4.198129475116729736e-01,3.495770692825317383e-01,8.874448947608470917e-03,7.069567590951919556e-02,4.081797599792480469e-01,2.029279172420501709e-01,3.575667366385459900e-02,1.541355252265930176e-01,1.064539402723312378e-01,-1.642612963914871216e-01,2.009348571300506592e-02,-1.912312954664230347e-01,3.328101038932800293e-01,2.517057955265045166e-01,1.709145307540893555e-01,2.751662209630012512e-02,1.993166282773017883e-02,1.949957013130187988e-02,-6.507612764835357666e-02,-7.389521598815917969e-02,2.710750401020050049e-01,1.663946062326431274e-01,1.209450811147689819e-01,-1.509343385696411133e-01,1.833192855119705200e-01,2.030910402536392212e-01,-3.893653675913810730e-02,-8.275179564952850342e-02,1.380991041660308838e-01,4.504741728305816650e-01,3.999721109867095947e-01,6.032400727272033691e-01,5.938705801963806152e-01,6.211502552032470703e-01,-7.292618602514266968e-02,-9.976151585578918457e-02
7.416864484548568726e-02,2.909593582153320312e-01,1.160953640937805176e-01,-7.680136244744062424e-03,1.301619410514831543e-01,2.635624408721923828e-01,5.021712779998779297e-01,4.691023528575897217e-01,7.416348457336425781e-01,1.000000000000000000e+00,3.811188042163848877e-01,4.629302620887756348e-01,4.748536348342895508e-01,3.864561021327972412e-01,9.113396704196929932e-02,1.548286974430084229e-01,5.406212210655212402e-01,2.817844152450561523e-01,3.970724344253540039e-02,1.357728540897369385e-01,9.876021742820739746e-02,-2.394593805074691772e-01,1.484308242797851562e-01,-3.064014911651611328e-01,2.650100290775299072e-01,2.603388428688049316e-01,1.479679197072982788e-01,-4.545078799128532410e-02,-7.922383397817611694e-02,-1.258562803268432617e-01,-2.633487880229949951e-01,-1.874461919069290161e-01,2.891276776790618896e-01,9.966233372688293457e-02,7.084801048040390015e-02,-2.381768077611923218e-01,9.038884192705154419e-02,2.006999701261520386e-01,5.825247243046760559e-02,-7.225021719932556152e-02,5.550278723239898682e-02,4.487954974174499512e-01,4.130929708480834961e-01,5.872267484664916992e-01,5.653669238090515137e-01,6.754284501075744629e-01,-1.344851255416870117e-01,-1.771338433027267456e-01
2.989886999130249023e-01,7.140188477933406830e-03,2.473810017108917236e-01,8.471448719501495361e-02,9.512692689895629883e-02,4.732025414705276489e-02,9.529186785221099854e-02,5.768452882766723633e-01,4.537346959114074707e-01,3.811188042163848877e-01,1.000000596046447754e+00,7.114560604095458984e-01,2.255655974149703979e-01,4.944664537906646729e-01,3.514612615108489990e-01,7.111156731843948364e-02,1.411224156618118286e-01,1.010973528027534485e-01,-2.360205352306365967e-01,2.062840163707733154e-01,4.651330113410949707e-01,-1.786656379699707031e-01,-5.702414363622665405e-02,-1.750535219907760620e-01,5.965929627418518066e-01,5.877792835235595703e-03,4.812200069427490234e-01,2.396579980850219727e-01,-1.601067371666431427e-02,2.152933925390243530e-01,6.770609319210052490e-02,-1.507313251495361328e-01,4.783205687999725342e-01,5.157995223999023438e-01,3.151775896549224854e-01,-8.243250846862792969e-02,2.442576736211776733e-01,4.618299901485443115e-01,-8.982939645648002625e-03,-4.616175591945648193e-02,-1.114585846662521362e-01,2.261401340365409851e-02,2.431482076644897461e-02,1.044911965727806091e-01,1.949145644903182983e-01,1.481050699949264526e-01,-1.144140809774398804e-01,-5.770205333828926086e-02
3.363980352878570557e-01,2.325879037380218506e-02,3.088182806968688965e-01,2.402806580066680908e-01,1.173993125557899475e-01,4.275929927825927734e-02,1.321451961994171143e-01,4.811238646507263184e-01,4.247131347656250000e-01,4.629302620887756348e-01,7.114560604095458984e-01,9.999996423721313477e-01,4.146804809570312500e-01,4.190898835659027100e-01,3.981750905513763428e-01,1.336641311645507812e-01,1.923159658908843994e-01,1.131329759955406189e-01,-1.965460032224655151e-01,3.124735057353973389e-01,5.983056426048278809e-01,-9.734687954187393188e-02,2.126530511304736137e-03,-2.689171433448791504e-01,5.071682333946228027e-01,3.247458254918456078e-03,4.168417155742645264e-01,1.947794854640960693e-01,-1.954723149538040161e-02,1.819321215152740479e-01,3.455405682325363159e-02,-2.205403447151184082e-01,3.633230924606323242e-01,3.833407163619995117e-01,2.670466601848602295e-01,-2.225414216518402100e-01,5.926017463207244873e-02,3.478979766368865967e-01,-4.763527214527130127e-02,-7.236777991056442261e-02,-1.443279385566711426e-01,4.526399448513984680e-02,6.655167788267135620e-02,1.532100290060043335e-01,2.078790068626403809e-01,2.020595222711563110e-01,-1.750958263874053955e-01,-7.587282359600067139e-02
1.557094417512416840e-02,3.337795734405517578e-01,8.744064718484878540e-02,1.630581468343734741e-01,3.943491578102111816e-01,3.318128287792205811e-01,3.592188656330108643e-01,3.182803988456726074e-01,4.198129475116729736e-01,4.748536348342895508e-01,2.255655974149703979e-01,4.146804809570312500e-01,9.999995827674865723e-01,2.877982854843139648e-01,1.849518269300460815e-01,4.642530083656311035e-01,4.254439473152160645e-01,3.610779345035552979e-01,3.615282773971557617e-01,3.719714283943176270e-01,2.075498551130294800e-01,8.399939537048339844e-02,2.310587465763092041e-01,-1.942616999149322510e-01,1.232896670699119568e-01,8.795782178640365601e-02,2.626126259565353394e-02,3.815216571092605591e-02,1.322764251381158829e-02,-7.070246338844299316e-02,1.050423830747604370e-02,-1.594979763031005859e-01,1.835971474647521973e-01,1.367084383964538574e-01,9.810401499271392822e-02,-1.263109594583511353e-01,2.110985964536666870e-01,2.473841011524200439e-01,1.337559670209884644e-01,-4.617406800389289856e-02,1.879248619079589844e-01,3.054265379905700684e-01,4.240322709083557129e-01,3.795730471611022949e-01,2.989066243171691895e-01,4.001877903938293457e-01,-9.336437284946441650e-02,-1.962752193212509155e-01
1.865901201963424683e-01,1.544821560382843018e-01,1.019869744777679443e-01,-4.698484763503074646e-02,2.005398720502853394e-01,1.295708566904067993e-01,1.706042736768722534e-01,4.705162346363067627e-01,3.495770692825317383e-01,3.864561021327972412e-01,4.944664537906646729e-01,4.190898835659027100e-01,2.877982854843139648e-01,9.999999403953552246e-01,3.526012003421783447e-01,1.911987066268920898e-01,2.870203852653503418e-01,2.602298855781555176e-01,4.784309864044189453e-02,5.611924082040786743e-02,9.689330309629440308e-02,-1.596184521913528442e-01,1.315012872219085693e-01,-1.508438140153884888e-01,5.480972528457641602e-01,1.225840151309967041e-01,4.843930602073669434e-01,4.671534895896911621e-02,6.149444263428449631e-03,-8.984868973493576050e-02,-8.739861845970153809e-02,-1.302742958068847656e-01,3.990171849727630615e-01,4.901981353759765625e-01,8.123856037855148315e-02,-5.504624545574188232e-02,3.683922588825225830e-01,4.435228705406188965e-01,-1.341808121651411057e-02,2.765122242271900177e-02,1.786569016985595226e-03,1.661309003829956055e-01,1.178352162241935730e-01,2.821559906005859375e-01,2.503488957881927490e-01,2.871588468551635742e-01,-1.004277840256690979e-01,-9.470731019973754883e-02
1.778086572885513306e-01,-1.053978353738784790e-01,1.857856363058090210e-01,8.373091369867324829e-02,1.463468372821807861e-01,8.340974897146224976e-02,1.451597511768341064e-01,1.156788542866706848e-01,8.874448947608470917e-03,9.113396704196929932e-02,3.514612615108489990e-01,3.981750905513763428e-01,1.849518269300460815e-01,3.526012003421783447e-01,1.000000238418579102e+00,4.067432284355163574e-01,1.321728974580764771e-01,3.036813139915466309e-01,3.138617426156997681e-02,1.270821243524551392e-01,2.243989408016204834e-01,-2.599968574941158295e-02,9.496911615133285522e-02,-1.334337741136550903e-01,2.397190332412719727e-01,6.694627553224563599e-02,3.877110183238983154e-01,-3.599134460091590881e-02,-1.959556341171264648e-02,6.803186982870101929e-02,-1.096902694553136826e-02,-1.927969008684158325e-01,1.705344468355178833e-01,5.906189084053039551e-01,-2.561228908598423004e-02,-1.450218558311462402e-01,1.083393767476081848e-01,5.775649547576904297e-01,1.047821268439292908e-01,2.991554699838161469e-02,-1.689450740814208984e-01,-7.077183574438095093e-02,-3.228222578763961792e-02,-3.204047679901123047e-02,-2.735707722604274750e-02,1.776953041553497314e-02,-9.864709526300430298e-02,-4.116930812597274780e-02
-1.521751284599304199e-01,1.547747254371643066e-01,8.839922398328781128e-02,2.376042120158672333e-02,1.296667605638504028e-01,1.472910493612289429e-01,2.262914478778839111e-01,1.974349617958068848e-01,7.069567590951919556e-02,1.548286974430084229e-01,7.111156731843948364e-02,1.336641311645507812e-01,4.642530083656311035e-01,1.911987066268920898e-01,4.067432284355163574e-01,1.000000000000000000e+00,2.699866890907287598e-01,3.747010231018066406e-01,2.798227369785308838e-01,3.106279857456684113e-02,-3.271796554327011108e-02,1.423431038856506348e-01,4.513236582279205322e-01,-9.077621251344680786e-02,-3.688180074095726013e-02,8.676486462354660034e-02,-9.585052030161023140e-04,-8.663260936737060547e-02,-1.415788009762763977e-02,-1.717937439680099487e-01,-1.527504026889801025e-01,-2.173358500003814697e-01,1.947625353932380676e-02,3.036730885505676270e-01,2.675196342170238495e-02,-2.552679553627967834e-02,3.332282900810241699e-01,4.728959500789642334e-01,3.748484253883361816e-01,1.866989433765411377e-01,3.243194893002510071e-02,1.850073635578155518e-01,2.472589910030364990e-01,1.384462416172027588e-01,6.296363472938537598e-02,1.480730623006820679e-01,-7.204518467187881470e-02,-9.408372640609741211e-02
5.757119879126548767e-02,3.769446909427642822e-01,2.758626341819763184e-01,1.657676249742507935e-01,1.706194132566452026e-01,4.131241142749786377e-01,7.832452654838562012e-01,3.080215454101562500e-01,4.081797599792480469e-01,5.406212210655212402e-01,1.411224156618118286e-01,1.923159658908843994e-01,4.254439473152160645e-01,2.870203852653503418e-01,1.321728974580764771e-01,2.699866890907287598e-01,9.999998211860656738e-01,6.935236454010009766e-01,4.780722260475158691e-01,2.940133810043334961e-01,5.440202355384826660e-02,4.651362076401710510e-02,2.202304303646087646e-01,-1.961801350116729736e-01,5.142730474472045898e-02,3.799466490745544434e-01,-3.885109350085258484e-02,-5.471821129322052002e-02,5.789649859070777893e-02,-1.799823194742202759e-01,-2.428565621376037598e-01,-1.477510035037994385e-01,1.582930088043212891e-01,7.622976601123809814e-02,2.417626231908798218e-02,-1.621219962835311890e-01,1.636121072806417942e-03,1.391425579786300659e-01,8.643057942390441895e-02,1.610565185546875000e-02,2.112194001674652100e-01,5.139033198356628418e-01,5.504860281944274902e-01,4.265094101428985596e-01,4.219574928283691406e-01,5.454363822937011719e-01,-8.940924704074859619e-02,-7.959082722663879395e-02
1.041529998183250427e-01,1.854147911071777344e-01,2.047506868839263916e-01,1.534319967031478882e-01,2.138801962137222290e-01,3.205549120903015137e-01,5.602591633796691895e-01,1.490823030471801758e-01,2.029279172420501709e-01,2.817844152450561523e-01,1.010973528027534485e-01,1.131329759955406189e-01,3.610779345035552979e-01,2.602298855781555176e-01,3.036813139915466309e-01,3.747010231018066406e-01,6.935236454010009766e-01,9.999997615814208984e-01,4.964026808738708496e-01,3.373986780643463135e-01,1.026051044464111328e-01,2.631205022335052490e-01,2.607688605785369873e-01,-1.471923142671585083e-01,4.976855963468551636e-02,2.519800662994384766e-01,7.755698263645172119e-02,-5.221961811184883118e-02,8.321577310562133789e-02,-9.168219566345214844e-02,-3.009479492902755737e-02,-9.410994499921798706e-02,1.641439497470855713e-01,1.557907462120056152e-01,-5.244113877415657043e-02,-9.724908322095870972e-02,3.979709371924400330e-02,1.883405745029449463e-01,1.624253988265991211e-01,5.982066318392753601e-02,1.148469820618629456e-01,2.269656360149383545e-01,3.699854314327239990e-01,1.840196251869201660e-01,1.546012163162231445e-01,3.008304238319396973e-01,-8.608300983905792236e-02,-9.701953828334808350e-02
-5.652408301830291748e-02,4.999531209468841553e-01,6.111093983054161072e-02,9.635928273200988770e-02,2.872188985347747803e-01,5.049239993095397949e-01,4.479163885116577148e-01,5.057378113269805908e-02,3.575667366385459900e-02,3.970724344253540039e-02,-2.360205352306365967e-01,-1.965460032224655151e-01,3.615282773971557617e-01,4.784309864044189453e-02,3.138617426156997681e-02,2.798227369785308838e-01,4.780722260475158691e-01,4.964026808738708496e-01,1.000000238418579102e+00,3.626712858676910400e-01,-1.353307962417602539e-01,1.085853353142738342e-01,7.816040515899658203e-02,-2.553462237119674683e-02,-1.898012459278106689e-01,3.080163002014160156e-01,-1.623281091451644897e-01,2.784751728177070618e-02,2.340855747461318970e-01,-1.092242076992988586e-01,-1.774945296347141266e-02,3.024989739060401917e-02,3.322306275367736816e-02,-5.873054265975952148e-02,-9.348372370004653931e-02,-2.363393083214759827e-02,4.015224054455757141e-02,-2.841097116470336914e-02,8.684962242841720581e-02,-3.050165250897407532e-02,5.078568458557128906e-01,4.652789831161499023e-01,5.277173519134521484e-01,2.609695494174957275e-01,1.106305718421936035e-01,2.319123744964599609e-01,-3.565553575754165649e-02,-1.123223304748535156e-01
3.981151580810546875e-01,1.601163893938064575e-01,3.893393576145172119e-01,5.348039269447326660e-01,2.619378864765167236e-01,4.763406813144683838e-01,3.199355304241180420e-01,2.002182155847549438e-01,1.541355252265930176e-01,1.357728540897369385e-01,2.062840163707733154e-01,3.124735057353973389e-01,3.719714283943176270e-01,5.611924082040786743e-02,1.270821243524551392e-01,3.106279857456684113e-02,2.940133810043334961e-01,3.373986780643463135e-01,3.626712858676910400e-01,1.000000119209289551e+00,5.751012563705444336e-01,1.916029453277587891e-01,-1.151217818260192871e-01,-9.512145817279815674e-02,-6.437083706259727478e-03,1.439279466867446899e-01,-4.563988745212554932e-02,3.861126899719238281e-01,2.260224372148513794e-01,1.754824519157409668e-01,2.410619258880615234e-01,3.658280894160270691e-02,1.975692808628082275e-01,-1.463866047561168671e-02,7.592531293630599976e-02,-1.084555611014366150e-01,-7.453053444623947144e-02,-7.998181134462356567e-02,6.806016433984041214e-03,-3.101625666022300720e-02,3.355485200881958008e-01,1.038454473018646240e-01,1.946249753236770630e-01,8.506531827151775360e-03,6.121252104640007019e-02,5.912526324391365051e-02,-4.552530497312545776e-02,-4.143185541033744812e-02
5.123912692070007324e-01,-1.135110631585121155e-01,4.292486906051635742e-01,5.185360312461853027e-01,8.926457166671752930e-02,9.385132044553756714e-02,4.011386632919311523e-02,2.593180239200592041e-01,1.064539402723312378e-01,9.876021742820739746e-02,4.651330113410949707e-01,5.983056426048278809e-01,2.075498551130294800e-01,9.689330309629440308e-02,2.243989408016204834e-01,-3.271796554327011108e-02,5.440202355384826660e-02,1.026051044464111328e-01,-1.353307962417602539e-01,5.751012563705444336e-01,1.000000715255737305e+00,1.848847270011901855e-01,-1.201322376728057861e-01,-1.957616657018661499e-01,2.868432998657226562e-01,-1.418737918138504028e-01,1.641732901334762573e-01,3.905316591262817383e-01,1.849714666604995728e-02,3.829955160617828369e-01,2.803282439708709717e-01,-1.335069090127944946e-01,2.436448484659194946e-01,1.073566079139709473e-01,1.896566897630691528e-01,-2.016845345497131348e-01,-2.921027131378650665e-02,8.288637548685073853e-02,-8.246083743870258331e-03,-4.204458743333816528e-02,-1.216863393783569336e-01,-1.885673850774765015e-01,-1.388533413410186768e-01,-2.005994468927383423e-01,-7.919909805059432983e-02,-1.324870139360427856e-01,-1.221451237797737122e-01,9.984910488128662109e-03
1.585517376661300659e-01,-1.977676898241043091e-01,1.173863410949707031e-01,3.620199561119079590e-01,6.284166127443313599e-02,-5.735872685909271240e-02,5.237808451056480408e-02,-1.591718196868896484e-01,-1.642612963914871216e-01,-2.394593805074691772e-01,-1.786656379699707031e-01,-9.734687954187393188e-02,8.399939537048339844e-02,-1.596184521913528442e-01,-2.599968574941158295e-02,1.423431038856506348e-01,4.651362076401710510e-02,2.631205022335052490e-01,1.085853353142738342e-01,1.916029453277587891e-01,1.848847270011901855e-01,9.999997019767761230e-01,1.280006468296051025e-01,2.912724316120147705e-01,-1.324813216924667358e-01,-1.458476334810256958e-01,-1.703337877988815308e-01,-1.367876539006829262e-03,3.287719562649726868e-02,6.453563272953033447e-02,3.288214802742004395e-01,2.763803601264953613e-01,-2.340273559093475342e-01,-1.541661769151687622e-01,1.356509979814291000e-02,2.639372348785400391e-01,-9.758482128381729126e-02,-1.346051245927810669e-01,1.115712076425552368e-01,1.901109665632247925e-01,-7.094459235668182373e-02,-2.284936457872390747e-01,-1.445389986038208008e-01,-2.760896384716033936e-01,-1.915148645639419556e-01,-2.018347829580307007e-01,2.550712823867797852e-01,1.691380739212036133e-01
-2.248725146055221558e-01,7.023088634014129639e-02,-6.149440631270408630e-02,-1.487776786088943481e-01,1.643173582851886749e-02,9.111559949815273285e-03,1.067591384053230286e-01,2.872534841299057007e-02,2.009348571300506592e-02,1.484308242797851562e-01,-5.702414363622665405e-02,2.126530511304736137e-03,2.310587465763092041e-01,1.315012872219085693e-01,9.496911615133285522e-02,4.513236582279205322e-01,2.202304303646087646e-01,2.607688605785369873e-01,7.816040515899658203e-02,-1.151217818260192871e-01,-1.201322376728057861e-01,1.280006468296051025e-01,1.000000119209289551e+00,1.234363671392202377e-02,-4.448963701725006104e-02,4.456203896552324295e-03,1.871595345437526703e-02,-2.025700658559799194e-01,-5.701869726181030273e-02,-1.865975558757781982e-01,-1.708099544048309326e-01,-7.821451127529144287e-02,-4.419082775712013245e-02,9.112504310905933380e-03,4.725166782736778259e-02,8.971013128757476807e-02,4.068601876497268677e-02,1.753263622522354126e-01,3.597814738750457764e-01,4.857610464096069336e-01,-5.522469058632850647e-02,5.535656586289405823e-02,5.733048915863037109e-02,8.727339655160903931e-02,1.978473924100399017e-02,1.236363351345062256e-01,7.713295519351959229e-02,2.000793665647506714e-01
-1.525838226079940796e-01,-9.707397222518920898e-02,-1.751411557197570801e-01,-1.315056681632995605e-01,-1.175981089472770691e-01,-1.736331880092620850e-01,-1.984348893165588379e-01,-2.069458216428756714e-01,-1.912312954664230347e-01,-3.064014911651611328e-01,-1.750535219907760620e-01,-2.689171433448791504e-01,-1.942616999149322510e-01,-1.508438140153884888e-01,-1.334337741136550903e-01,-9.077621251344680786e-02,-1.961801350116729736e-01,-1.471923142671585083e-01,-2.553462237119674683e-02,-9.512145817279815674e-02,-1.957616657018661499e-01,2.912724316120147705e-01,1.234363671392202377e-02,1.000000119209289551e+00,-2.140990346670150757e-01,2.893836237490177155e-02,-1.085269972681999207e-01,-5.787281319499015808e-03,1.849263459444046021e-01,-1.620152406394481659e-02,2.884558737277984619e-01,7.258177995681762695e-01,-1.237883716821670532e-01,-1.397761851549148560e-01,2.053264155983924866e-02,7.718925476074218750e-01,-9.064900875091552734e-02,-1.432828009128570557e-01,2.450860440731048584e-01,3.474389016628265381e-01,4.664255678653717041e-02,-1.340292543172836304e-01,-1.214496716856956482e-01,-1.905471980571746826e-01,-1.291258484125137329e-01,-1.781747192144393921e-01,7.485223412513732910e-01,3.493690192699432373e-01
3.708750605583190918e-01,6.435428559780120850e-02,1.112836599349975586e-01,-7.774938829243183136e-03,2.901681661605834961e-01,7.717540860176086426e-02,1.357604190707206726e-02,3.451870977878570557e-01,3.328101038932800293e-01,2.650100290775299072e-01,5.965929627418518066e-01,5.071682333946228027e-01,1.232896670699119568e-01,5.480972528457641602e-01,2.397190332412719727e-01,-3.688180074095726013e-02,5.142730474472045898e-02,4.976855963468551636e-02,-1.898012459278106689e-01,-6.437083706259727478e-03,2.868432998657226562e-01,-1.324813216924667358e-01,-4.448963701725006104e-02,-2.140990346670150757e-01,1.000000357627868652e+00,-4.652093723416328430e-02,6.953269839286804199e-01,2.883417606353759766e-01,4.641341418027877808e-02,2.769893705844879150e-01,9.468990564346313477e-02,-1.714472919702529907e-01,5.113165974617004395e-01,4.473472237586975098e-01,2.725855112075805664e-01,-1.205225586891174316e-01,1.707625538110733032e-01,3.887165784835815430e-01,-1.418702751398086548e-01,-9.001072496175765991e-02,-7.366716861724853516e-02,3.043332835659384727e-03,-7.390433549880981445e-02,7.047377526760101318e-02,2.013793885707855225e-01,1.201077401638031006e-01,-1.397584825754165649e-01,-1.757175847887992859e-02
1.204115897417068481e-01,4.556595087051391602e-01,2.750679552555084229e-01,8.329336345195770264e-02,1.713935136795043945e-01,4.763294756412506104e-01,5.510327816009521484e-01,2.353119701147079468e-01,2.517057955265045166e-01,2.603388428688049316e-01,5.877792835235595703e-03,3.247458254918456078e-03,8.795782178640365601e-02,1.225840151309967041e-01,6.694627553224563599e-02,8.676486462354660034e-02,3.799466490745544434e-01,2.519800662994384766e-01,3.080163002014160156e-01,1.439279466867446899e-01,-1.418737918138504028e-01,-1.458476334810256958e-01,4.456203896552324295e-03,2.893836237490177155e-02,-4.652093723416328430e-02,1.000000476837158203e+00,-1.241489797830581665e-01,1.324568986892700195e-01,3.198635876178741455e-01,2.396380342543125153e-02,-5.209087952971458435e-02,8.082122355699539185e-02,1.653284579515457153e-01,-6.770114414393901825e-03,-3.103170730173587799e-02,3.511208109557628632e-03,1.356295403093099594e-02,2.377042360603809357e-02,1.179693713784217834e-01,5.877317860722541809e-02,5.192787647247314453e-01,4.932728409767150879e-01,4.742714464664459229e-01,2.517905831336975098e-01,2.763791382312774658e-01,3.061710894107818604e-01,-1.575954374857246876e-03,-1.854178868234157562e-02
2.030220925807952881e-01,-1.860038749873638153e-02,-1.684975810348987579e-02,-1.718458235263824463e-01,1.783117949962615967e-01,-1.902901940047740936e-02,-1.047800630331039429e-01,1.944586038589477539e-01,1.709145307540893555e-01,1.479679197072982788e-01,4.812200069427490234e-01,4.168417155742645264e-01,2.626126259565353394e-02,4.843930602073669434e-01,3.877110183238983154e-01,-9.585052030161023140e-04,-3.885109350085258484e-02,7.755698263645172119e-02,-1.623281091451644897e-01,-4.563988745212554932e-02,1.641732901334762573e-01,-1.703337877988815308e-01,1.871595345437526703e-02,-1.085269972681999207e-01,6.953269839286804199e-01,-1.241489797830581665e-01,1.000000119209289551e+00,1.077466234564781189e-01,6.122435256838798523e-02,1.458286792039871216e-01,2.359579131007194519e-02,-9.632040560245513916e-02,4.656132161617279053e-01,4.961192309856414795e-01,2.122266292572021484e-01,-6.209220364689826965e-02,5.044006928801536560e-02,4.106652140617370605e-01,-1.161474138498306274e-01,4.338277038186788559e-03,-1.765831410884857178e-01,-1.167624518275260925e-01,-1.486408412456512451e-01,9.738215059041976929e-02,9.376229345798492432e-02,9.894619882106781006e-02,-6.538414210081100464e-02,6.466043740510940552e-02
5.483416318893432617e-01,1.777545809745788574e-01,3.107253611087799072e-01,3.928031325340270996e-01,1.727102696895599365e-01,2.321437895298004150e-01,1.842601038515567780e-02,2.051327079534530640e-01,2.751662209630012512e-02,-4.545078799128532410e-02,2.396579980850219727e-01,1.947794854640960693e-01,3.815216571092605591e-02,4.671534895896911621e-02,-3.599134460091590881e-02,-8.663260936737060547e-02,-5.471821129322052002e-02,-5.221961811184883118e-02,2.784751728177070618e-02,3.861126899719238281e-01,3.905316591262817383e-01,-1.367876539006829262e-03,-2.025700658559799194e-01,-5.787281319499015808e-03,2.883417606353759766e-01,1.324568986892700195e-01,1.077466234564781189e-01,9.999995827674865723e-01,6.035612225532531738e-01,4.712923765182495117e-01,3.669518530368804932e-01,8.384224027395248413e-02,3.057872653007507324e-01,2.758869901299476624e-02,2.702303826808929443e-01,-2.833269163966178894e-02,4.896327853202819824e-02,2.284015342593193054e-02,-8.450012654066085815e-02,-2.467047795653343201e-02,2.926472723484039307e-01,1.179449725896120071e-02,-3.403391689062118530e-02,-1.739136576652526855e-01,-2.741035073995590210e-02,-1.600421369075775146e-01,-2.657512389123439789e-02,3.771500661969184875e-02
3.009831607341766357e-01,3.223384022712707520e-01,6.346412748098373413e-02,1.382026970386505127e-01,1.456591039896011353e-01,2.177632749080657959e-01,7.803355902433395386e-02,5.742345750331878662e-02,1.993166282773017883e-02,-7.922383397817611694e-02,-1.601067371666431427e-02,-1.954723149538040161e-02,1.322764251381158829e-02,6.149444263428449631e-03,-1.959556341171264648e-02,-1.415788009762763977e-02,5.789649859070777893e-02,8.321577310562133789e-02,2.340855747461318970e-01,2.260224372148513794e-01,1.849714666604995728e-02,3.287719562649726868e-02,-5.701869726181030273e-02,1.849263459444046021e-01,4.641341418027877808e-02,3.198635876178741455e-01,6.122435256838798523e-02,6.035612225532531738e-01,1.000000357627868652e+00,3.635243475437164307e-01,3.509058356285095215e-01,2.916092872619628906e-01,1.950716525316238403e-01,-3.342454135417938232e-02,2.290173023939132690e-01,9.286185353994369507e-02,-9.488424658775329590e-02,-2.921081893146038055e-02,-6.497876346111297607e-02,5.404055863618850708e-02,3.874816000461578369e-01,1.167232468724250793e-01,1.387071907520294189e-01,1.385986153036355972e-02,3.680961951613426208e-02,-6.448221951723098755e-02,1.467961072921752930e-01,1.046834513545036316e-01
4.512476027011871338e-01,3.744822368025779724e-02,2.241655290126800537e-01,2.302415668964385986e-01,9.384982287883758545e-02,5.777131021022796631e-02,-7.046333700418472290e-02,7.980372756719589233e-02,1.949957013130187988e-02,-1.258562803268432617e-01,2.152933925390243530e-01,1.819321215152740479e-01,-7.070246338844299316e-02,-8.984868973493576050e-02,6.803186982870101929e-02,-1.717937439680099487e-01,-1.799823194742202759e-01,-9.168219566345214844e-02,-1.092242076992988586e-01,1.754824519157409668e-01,3.829955160617828369e-01,6.453563272953033447e-02,-1.865975558757781982e-01,-1.620152406394481659e-02,2.769893705844879150e-01,2.396380342543125153e-02,1.458286792039871216e-01,4.712923765182495117e-01,3.635243475437164307e-01,9.999997019767761230e-01,6.358200907707214355e-01,1.477054357528686523e-01,1.734863221645355225e-01,7.581969350576400757e-02,2.187414765357971191e-01,-7.264655828475952148e-02,2.025923505425453186e-02,8.130834251642227173e-02,-7.338619977235794067e-02,-4.009543731808662415e-02,5.738985911011695862e-02,-1.067074686288833618e-01,-1.077026650309562683e-01,-1.915444880723953247e-01,-7.413281500339508057e-02,-2.107294648885726929e-01,6.728805601596832275e-02,1.095290929079055786e-01
2.657471299171447754e-01,-5.765764787793159485e-02,5.301743745803833008e-02,2.435938268899917603e-01,4.434269294142723083e-02,-9.462557733058929443e-02,-1.944805383682250977e-01,-5.646225437521934509e-02,-6.507612764835357666e-02,-2.633487880229949951e-01,6.770609319210052490e-02,3.455405682325363159e-02,1.050423830747604370e-02,-8.739861845970153809e-02,-1.096902694553136826e-02,-1.527504026889801025e-01,-2.428565621376037598e-01,-3.009479492902755737e-02,-1.774945296347141266e-02,2.410619258880615234e-01,2.803282439708709717e-01,3.288214802742004395e-01,-1.708099544048309326e-01,2.884558737277984619e-01,9.468990564346313477e-02,-5.209087952971458435e-02,2.359579131007194519e-02,3.669518530368804932e-01,3.509058356285095215e-01,6.358200907707214355e-01,9.999997019767761230e-01,4.833917021751403809e-01,5.034689791500568390e-03,-1.848847791552543640e-02,1.459658741950988770e-01,2.429650276899337769e-01,2.173965051770210266e-02,1.017986424267292023e-02,7.945281267166137695e-02,7.150315493345260620e-02,5.632751062512397766e-02,-2.305246293544769287e-01,-1.380974352359771729e-01,-2.734997868537902832e-01,-1.621046215295791626e-01,-2.874483764171600342e-01,3.014434874057769775e-01,2.690706588327884674e-02
-4.240483511239290237e-03,-2.187246270477771759e-02,-1.408951133489608765e-01,-6.199304759502410889e-02,-9.868670254945755005e-02,-1.278711557388305664e-01,-1.518135070800781250e-01,-1.571446657180786133e-01,-7.389521598815917969e-02,-1.874461919069290161e-01,-1.507313251495361328e-01,-2.205403447151184082e-01,-1.594979763031005859e-01,-1.302742958068847656e-01,-1.927969008684158325e-01,-2.173358500003814697e-01,-1.477510035037994385e-01,-9.410994499921798706e-02,3.024989739060401917e-02,3.658280894160270691e-02,-1.335069090127944946e-01,2.763803601264953613e-01,-7.821451127529144287e-02,7.258177995681762695e-01,-1.714472919702529907e-01,8.082122355699539185e-02,-9.632040560245513916e-02,8.384224027395248413e-02,2.916092872619628906e-01,1.477054357528686523e-01,4.833917021751403809e-01,9.999997019767761230e-01,-1.209179535508155823e-01,-2.277760803699493408e-01,1.524733379483222961e-02,5.998989343643188477e-01,-1.465025246143341064e-01,-2.205868363380432129e-01,1.443696171045303345e-01,2.092301845550537109e-01,1.157150641083717346e-01,-7.696554809808731079e-02,-8.919000625610351562e-02,-1.032946705818176270e-01,-8.238145709037780762e-02,-1.105471923947334290e-01,7.237226963043212891e-01,2.259934395551681519e-01
