1.000000119209289551e+00,1.978307664394378662e-01,4.164423644542694092e-01,4.966698884963989258e-01,3.651296496391296387e-01,4.622859358787536621e-01,1.666689217090606689e-01,2.386934906244277954e-01,1.834096908569335938e-01,1.817230880260467529e-01,2.193831056356430054e-01,2.820938527584075928e-01,1.537089943885803223e-01,2.886029481887817383e-01,2.605444192886352539e-01,7.502533495426177979e-02,1.464669853448867798e-01,1.621840596199035645e-01,5.926831066608428955e-02,3.134311437606811523e-01,3.417705893516540527e-01,1.765759438276290894e-01,1.026245020329952240e-02,5.419375374913215637e-04,2.422432899475097656e-01,3.727247938513755798e-02,2.797401845455169678e-01,5.352123975753784180e-01,2.859459817409515381e-01,1.693596094846725464e-01,1.128892004489898682e-01,5.123934149742126465e-02,3.378719985485076904e-01,2.666674256324768066e-01,7.949367165565490723e-02,-2.018676884472370148e-02,3.044323027133941650e-01,1.196917966008186340e-01,-8.495088666677474976e-02,2.893522381782531738e-02,3.113484382629394531e-01,1.675869822502136230e-01,1.784499883651733398e-01,1.818006783723831177e-01,1.242513954639434814e-01,1.659501045942306519e-01,-1.374822226352989674e-03,2.489378899335861206e-01
1.978307664394378662e-01,9.999999403953552246e-01,1.554318815469741821e-01,3.597193956375122070e-02,3.321997225284576416e-01,3.850032091140747070e-01,1.478032469749450684e-01,5.571494698524475098e-01,3.227276206016540527e-01,3.086444735527038574e-01,2.637626528739929199e-01,2.665644586086273193e-01,2.368723452091217041e-01,3.627659976482391357e-01,3.485065102577209473e-01,2.797313928604125977e-01,2.361521497368812561e-02,-6.338397972285747528e-03,4.433294385671615601e-02,5.551625788211822510e-02,1.001417730003595352e-02,3.059585019946098328e-02,1.232961118221282959e-01,2.392794638872146606e-01,1.648821532726287842e-01,2.014676332473754883e-01,4.456537067890167236e-01,3.051667511463165283e-01,3.581086993217468262e-01,2.230889946222305298e-01,9.022826701402664185e-02,2.036738097667694092e-01,5.210499167442321777e-01,4.598232507705688477e-01,2.131363302469253540e-01,2.565617561340332031e-01,4.756624400615692139e-01,3.749399781227111816e-01,1.811499595642089844e-01,1.818512231111526489e-01,5.204503536224365234e-01,5.057551860809326172e-01,2.606727182865142822e-01,4.310782849788665771e-01,5.276674628257751465e-01,3.717456758022308350e-01,2.025042176246643066e-01,1.434569656848907471e-01
4.164423644542694092e-01,1.554318815469741821e-01,9.999994635581970215e-01,6.583095192909240723e-01,1.351578533649444580e-01,2.717783451080322266e-01,3.538972437381744385e-01,1.800745576620101929e-01,3.955147415399551392e-02,3.596628829836845398e-02,1.228815391659736633e-01,1.288040578365325928e-01,9.856543689966201782e-02,1.748179942369461060e-01,7.081404328346252441e-02,2.681341720744967461e-03,2.402522414922714233e-01,3.030357956886291504e-01,3.055440261960029602e-02,3.463630676269531250e-01,3.149144351482391357e-01,1.273578107357025146e-01,-9.334875643253326416e-02,1.016200333833694458e-01,-8.369874209165573120e-02,3.512188196182250977e-01,1.942717656493186951e-02,3.625777661800384521e-01,2.606348693370819092e-01,1.592531800270080566e-01,9.030395746231079102e-02,4.386394098401069641e-02,1.061720028519630432e-01,1.292122900485992432e-01,1.090137735009193420e-01,3.344614058732986450e-02,1.499369293451309204e-01,4.858456924557685852e-02,-1.716825217008590698e-01,3.438757732510566711e-02,2.062634676694869995e-01,5.730352923274040222e-02,5.461921915411949158e-02,2.616646289825439453e-01,4.957444593310356140e-02,5.576248466968536377e-02,9.759574383497238159e-02,1.921673566102981567e-01
4.966698884963989258e-01,3.597193956375122070e-02,6.583095192909240723e-01,9.999997615814208984e-01,1.787610501050949097e-01,2.881215512752532959e-01,3.784998953342437744e-01,-3.943214658647775650e-03,-1.192129682749509811e-02,-2.911078371107578278e-02,-2.991406433284282684e-02,5.972651392221450806e-02,1.359172910451889038e-01,5.081637296825647354e-03,-6.551706697791814804e-03,7.096017152070999146e-02,2.912606298923492432e-01,4.036809206008911133e-01,1.395100951194763184e-01,4.571897387504577637e-01,4.063961207866668701e-01,2.539150118827819824e-01,-5.736669525504112244e-02,5.573438853025436401e-02,-7.911143451929092407e-02,3.115694224834442139e-01,-3.111972846090793610e-02,4.302158653736114502e-01,2.998638749122619629e-01,1.662603020668029785e-01,2.174450308084487915e-01,6.915161758661270142e-02,-3.572447970509529114e-02,-3.043054603040218353e-03,1.237585246562957764e-01,4.268201440572738647e-02,1.625899970531463623e-02,-2.050495520234107971e-02,-1.417785733938217163e-01,2.235625497996807098e-02,1.922056525945663452e-01,7.951519638299942017e-02,1.137456893920898438e-01,6.155143305659294128e-02,-1.323031634092330933e-02,3.135937079787254333e-02,4.952947050333023071e-02,1.453763991594314575e-01
3.651296496391296387e-01,3.321997225284576416e-01,1.351578533649444580e-01,1.787610501050949097e-01,9.999995827674865723e-01,5.780236721038818359e-01,1.172471940517425537e-01,3.546755611896514893e-01,2.081369459629058838e-01,2.085160017013549805e-01,1.945253312587738037e-01,2.713224589824676514e-01,3.920780718326568604e-01,2.858028113842010498e-01,3.121757805347442627e-01,2.667027413845062256e-01,-2.871950855478644371e-03,-2.682584337890148163e-03,2.100906670093536377e-01,1.933804005384445190e-01,4.813748970627784729e-02,9.342941641807556152e-02,3.184301406145095825e-02,-1.158976331353187561e-01,2.275090366601943970e-01,7.976866327226161957e-03,3.318924307823181152e-01,3.079419732093811035e-01,1.153466477990150452e-01,1.003068909049034119e-01,8.506774157285690308e-02,-9.777361899614334106e-02,4.644699096679687500e-01,2.912034988403320312e-01,1.075501367449760437e-01,-3.513937070965766907e-02,3.667835295200347900e-01,3.128789961338043213e-01,6.470905989408493042e-02,-5.374838784337043762e-02,3.450767993927001953e-01,1.777133196592330933e-01,2.274075299501419067e-01,1.803545355796813965e-01,2.168287485837936401e-01,1.897437572479248047e-01,-3.039690852165222168e-02,-6.742238998413085938e-02
4.622859358787536621e-01,3.850032091140747070e-01,2.717783451080322266e-01,2.881215512752532959e-01,5.780236721038818359e-01,9.999997615814208984e-01,2.281991392374038696e-01,3.525338768959045410e-01,2.959851622581481934e-01,3.458989262580871582e-01,2.652883827686309814e-01,3.036113977432250977e-01,2.898085117340087891e-01,3.402712047100067139e-01,2.342958897352218628e-01,9.849344938993453979e-02,1.061267554759979248e-01,5.988187342882156372e-02,1.683739572763442993e-01,2.907938659191131592e-01,1.860654503107070923e-01,-2.392155304551124573e-02,-1.398721523582935333e-02,1.885765418410301208e-02,1.966548860073089600e-01,2.000198066234588623e-01,2.198555916547775269e-01,4.866781830787658691e-01,3.214468955993652344e-01,2.286518365144729614e-01,1.048289462924003601e-01,6.527219712734222412e-02,3.976937830448150635e-01,2.508716285228729248e-01,9.681743383407592773e-02,2.727345004677772522e-02,2.830452620983123779e-01,1.491406410932540894e-01,-7.286510616540908813e-02,-5.915234331041574478e-03,4.270799160003662109e-01,2.864854037761688232e-01,2.322500050067901611e-01,2.344782352447509766e-01,3.452990651130676270e-01,2.772722840309143066e-01,1.245635300874710083e-01,1.231192052364349365e-01
1.666689217090606689e-01,1.478032469749450684e-01,3.538972437381744385e-01,3.784998953342437744e-01,1.172471940517425537e-01,2.281991392374038696e-01,1.000000119209289551e+00,1.382737159729003906e-01,2.113616764545440674e-01,2.123658955097198486e-01,1.796648651361465454e-01,8.534478396177291870e-02,1.619261354207992554e-01,9.116546064615249634e-02,9.661561995744705200e-02,2.313695102930068970e-01,7.244980931282043457e-01,4.413124322891235352e-01,2.450693547725677490e-01,1.444646120071411133e-01,-7.480103056877851486e-03,2.416606545448303223e-01,2.355586737394332886e-01,1.045645400881767273e-01,2.145511656999588013e-02,5.841292142868041992e-01,2.456284873187541962e-02,1.863343566656112671e-01,1.741052716970443726e-01,7.767158746719360352e-02,1.627952009439468384e-01,2.476676404476165771e-01,-3.308655694127082825e-02,5.774663761258125305e-02,8.607304841279983521e-02,1.048513874411582947e-01,1.158847734332084656e-01,1.307530254125595093e-01,1.258819848299026489e-01,9.690957516431808472e-02,8.953236788511276245e-02,3.830014467239379883e-01,1.830003112554550171e-01,8.531044423580169678e-02,1.956453025341033936e-01,2.744739353656768799e-01,1.284900456666946411e-01,-5.381554365158081055e-02
2.386934906244277954e-01,5.571494698524475098e-01,1.800745576620101929e-01,-3.943214658647775650e-03,3.546755611896514893e-01,3.525338768959045410e-01,1.382737159729003906e-01,1.000000357627868652e+00,5.282444953918457031e-01,4.751551449298858643e-01,5.943869352340698242e-01,5.153473615646362305e-01,3.647537827491760254e-01,6.158164143562316895e-01,4.349984824657440186e-01,1.859723478555679321e-01,7.139144837856292725e-02,-5.058317631483078003e-02,-3.466910496354103088e-02,-3.485519066452980042e-02,1.116060167551040649e-01,-2.972262352705001831e-02,6.324522197246551514e-02,1.390367299318313599e-01,3.039155602455139160e-01,8.658827841281890869e-02,4.648681879043579102e-01,2.710179388523101807e-01,1.634522080421447754e-01,1.678538173437118530e-01,6.979361176490783691e-02,9.952996671199798584e-02,6.509578824043273926e-01,5.909650921821594238e-01,2.663622796535491943e-01,1.753931045532226562e-01,5.900846123695373535e-01,4.350291490554809570e-01,1.129365339875221252e-01,1.340410392731428146e-02,3.082480430603027344e-01,3.113024830818176270e-01,1.300159245729446411e-01,5.223512053489685059e-01,3.609884083271026611e-01,3.269768953323364258e-01,2.557631731033325195e-01,2.781307697296142578e-02
1.834096908569335938e-01,3.227276206016540527e-01,3.955147415399551392e-02,-1.192129682749509811e-02,2.081369459629058838e-01,2.959851622581481934e-01,2.113616764545440674e-01,5.282444953918457031e-01,9.999995231628417969e-01,6.637153029441833496e-01,5.038175582885742188e-01,3.660499155521392822e-01,2.709777951240539551e-01,3.776714801788330078e-01,1.685739606618881226e-01,-9.255306795239448547e-03,2.031819075345993042e-01,8.327303826808929443e-02,1.012434884905815125e-01,-2.811310812830924988e-02,8.005473762750625610e-02,-1.538367569446563721e-02,3.655407577753067017e-02,1.920346021652221680e-01,2.344566434621810913e-01,1.428108662366867065e-01,2.244099378585815430e-01,2.673556208610534668e-01,1.491953134536743164e-01,1.721566766500473022e-01,1.459000855684280396e-01,2.003050446510314941e-01,4.675928950309753418e-01,3.421313166618347168e-01,1.856784373521804810e-01,1.390050202608108521e-01,3.510992228984832764e-01,2.015429288148880005e-01,6.738387793302536011e-02,-3.058966062963008881e-02,1.551590561866760254e-01,3.137849271297454834e-01,2.049686610698699951e-01,4.362033009529113770e-01,2.506844997406005859e-01,3.326995372772216797e-01,3.254984617233276367e-01,1.125104725360870361e-02
1.817230880260467529e-01,3.086444735527038574e-01,3.596628829836845398e-02,-2.911078371107578278e-02,2.085160017013549805e-01,3.458989262580871582e-01,2.123658955097198486e-01,4.751551449298858643e-01,6.637153029441833496e-01,1.000000119209289551e+00,4.276211559772491455e-01,3.996740877628326416e-01,3.782839775085449219e-01,3.810166716575622559e-01,2.412888854742050171e-01,1.063038781285285950e-01,2.357648760080337524e-01,9.646259248256683350e-02,1.502450406551361084e-01,1.065623909235000610e-01,1.244086101651191711e-01,-1.144754141569137573e-01,6.781248748302459717e-02,9.137865155935287476e-02,2.538748979568481445e-01,1.251260340213775635e-01,2.622842788696289062e-01,1.658656150102615356e-01,1.317962855100631714e-01,1.332233846187591553e-01,1.530551016330718994e-01,2.116165906190872192e-01,4.203197062015533447e-01,2.989505231380462646e-01,1.552331894636154175e-01,8.435776084661483765e-02,3.352338373661041260e-01,2.135766148567199707e-01,3.985285013914108276e-02,-5.988688394427299500e-02,1.109369546175003052e-01,3.054350614547729492e-01,2.546881735324859619e-01,4.544160962104797363e-01,3.535701334476470947e-01,4.998498558998107910e-01,3.296471834182739258e-01,-6.049496307969093323e-02
2.193831056356430054e-01,2.637626528739929199e-01,1.228815391659736633e-01,-2.991406433284282684e-02,1.945253312587738037e-01,2.652883827686309814e-01,1.796648651361465454e-01,5.943869352340698242e-01,5.038175582885742188e-01,4.276211559772491455e-01,9.999999403953552246e-01,6.050904393196105957e-01,3.736196458339691162e-01,6.105651855468750000e-01,4.207861721515655518e-01,1.763140410184860229e-01,1.467872560024261475e-01,-9.361790120601654053e-02,-1.539143025875091553e-01,-2.133231461048126221e-01,2.053605020046234131e-01,8.230218291282653809e-02,1.659198552370071411e-01,1.260818541049957275e-01,3.331660330295562744e-01,5.469776317477226257e-02,3.914250731468200684e-01,3.242291212081909180e-01,2.795182727277278900e-02,2.795959115028381348e-01,1.627499610185623169e-01,1.379605084657669067e-01,5.060119628906250000e-01,4.360150396823883057e-01,3.085766732692718506e-01,2.008870989084243774e-01,4.391742944717407227e-01,4.461054205894470215e-01,2.039467394351959229e-01,6.303443759679794312e-02,7.651641219854354858e-02,2.547526061534881592e-01,9.766403585672378540e-02,2.672131955623626709e-01,3.324158787727355957e-01,2.936504483222961426e-01,2.760080397129058838e-01,4.753378033638000488e-02
2.820938527584075928e-01,2.665644586086273193e-01,1.288040578365325928e-01,5.972651392221450806e-02,2.713224589824676514e-01,3.036113977432250977e-01,8.534478396177291870e-02,5.153473615646362305e-01,3.660499155521392822e-01,3.996740877628326416e-01,6.050904393196105957e-01,9.999997615814208984e-01,5.362018346786499023e-01,5.820046067237854004e-01,5.380848050117492676e-01,3.521773517131805420e-01,-3.824175568297505379e-03,-1.910811513662338257e-01,-2.125150710344314575e-01,-4.707117006182670593e-02,3.912181258201599121e-01,1.075329035520553589e-01,9.469523280858993530e-02,1.203544996678829193e-02,4.060290157794952393e-01,-1.477002911269664764e-02,4.969044923782348633e-01,3.426945209503173828e-01,-2.814441686496138573e-03,3.403559625148773193e-01,1.853320151567459106e-01,6.150342896580696106e-02,5.469964146614074707e-01,3.644663095474243164e-01,2.616062164306640625e-01,7.535038888454437256e-02,4.457621872425079346e-01,5.032562613487243652e-01,1.138159632682800293e-01,5.918130045756697655e-04,1.101116742938756943e-02,1.351320892572402954e-01,-7.113204337656497955e-03,3.178419172763824463e-01,3.571625947952270508e-01,2.483969330787658691e-01,3.052040636539459229e-01,5.699265003204345703e-02
1.537089943885803223e-01,2.368723452091217041e-01,9.856543689966201782e-02,1.359172910451889038e-01,3.920780718326568604e-01,2.898085117340087891e-01,1.619261354207992554e-01,3.647537827491760254e-01,2.709777951240539551e-01,3.782839775085449219e-01,3.736196458339691162e-01,5.362018346786499023e-01,1.000000596046447754e+00,3.709741532802581787e-01,4.003607034683227539e-01,4.993094503879547119e-01,1.271636337041854858e-01,2.971551194787025452e-02,8.611381053924560547e-02,2.156037539243698120e-01,3.328482508659362793e-01,2.389725744724273682e-01,1.955206543207168579e-01,-7.734396308660507202e-02,1.674378961324691772e-01,-3.393772058188915253e-03,2.831849455833435059e-01,1.847237497568130493e-01,-7.159413397312164307e-02,1.716661602258682251e-01,3.196166157722473145e-01,3.906534612178802490e-02,3.653610944747924805e-01,3.142374753952026367e-01,2.399180084466934204e-01,6.636344641447067261e-02,4.306401908397674561e-01,4.401033222675323486e-01,2.122438549995422363e-01,-4.374792426824569702e-02,5.089462175965309143e-02,1.699448376893997192e-01,1.966892033815383911e-01,2.630169987678527832e-01,2.755587995052337646e-01,3.103278577327728271e-01,1.836722344160079956e-01,-1.117443889379501343e-01
2.886029481887817383e-01,3.627659976482391357e-01,1.748179942369461060e-01,5.081637296825647354e-03,2.858028113842010498e-01,3.402712047100067139e-01,9.116546064615249634e-02,6.158164143562316895e-01,3.776714801788330078e-01,3.810166716575622559e-01,6.105651855468750000e-01,5.820046067237854004e-01,3.709741532802581787e-01,1.000000357627868652e+00,5.957753658294677734e-01,1.831849813461303711e-01,4.811074212193489075e-02,-1.206999868154525757e-01,-1.239258050918579102e-01,-7.727011293172836304e-02,2.048961669206619263e-01,-1.995509490370750427e-02,1.580248326063156128e-01,1.118656918406486511e-01,4.070383608341217041e-01,2.516242116689682007e-02,4.960305094718933105e-01,3.042819797992706299e-01,3.610354661941528320e-02,1.547616869211196899e-01,8.411690592765808105e-02,1.129231750965118408e-01,6.075475811958312988e-01,4.369736611843109131e-01,1.763823032379150391e-01,1.383113563060760498e-01,5.860960483551025391e-01,5.282497406005859375e-01,1.867847740650177002e-01,1.358697563409805298e-01,2.145270854234695435e-01,2.022857517004013062e-01,1.116607412695884705e-01,3.351836502552032471e-01,3.038005530834197998e-01,2.710408866405487061e-01,2.541512548923492432e-01,1.342303454875946045e-01
2.605444192886352539e-01,3.485065102577209473e-01,7.081404328346252441e-02,-6.551706697791814804e-03,3.121757805347442627e-01,2.342958897352218628e-01,9.661561995744705200e-02,4.349984824657440186e-01,1.685739606618881226e-01,2.412888854742050171e-01,4.207861721515655518e-01,5.380848050117492676e-01,4.003607034683227539e-01,5.957753658294677734e-01,1.000000000000000000e+00,4.728690385818481445e-01,2.810892462730407715e-02,-1.192403063178062439e-01,-6.748040765523910522e-02,-7.115968316793441772e-02,6.566438823938369751e-02,8.811866492033004761e-02,2.807641029357910156e-01,4.068097844719886780e-02,4.782311022281646729e-01,-4.051209613680839539e-02,6.077955961227416992e-01,2.009048610925674438e-01,-3.475723415613174438e-02,1.089796498417854309e-01,1.307199448347091675e-01,1.240586489439010620e-01,5.125567317008972168e-01,3.502409160137176514e-01,1.186334639787673950e-01,1.218855306506156921e-01,5.011683702468872070e-01,7.224428057670593262e-01,3.247395157814025879e-01,1.967241168022155762e-01,4.962847381830215454e-02,1.805789917707443237e-01,1.134592145681381226e-01,2.227476388216018677e-01,3.557772338390350342e-01,3.035513758659362793e-01,2.018233090639114380e-01,1.680689677596092224e-02
7.502533495426177979e-02,2.797313928604125977e-01,2.681341720744967461e-03,7.096017152070999146e-02,2.667027413845062256e-01,9.849344938993453979e-02,2.313695102930068970e-01,1.859723478555679321e-01,-9.255306795239448547e-03,1.063038781285285950e-01,1.763140410184860229e-01,3.521773517131805420e-01,4.993094503879547119e-01,1.831849813461303711e-01,4.728690385818481445e-01,1.000000119209289551e+00,1.331696063280105591e-01,-1.993487821891903877e-03,9.186445921659469604e-02,3.302494063973426819e-02,1.627996750175952911e-02,3.127580583095550537e-01,4.295218288898468018e-01,-5.972309410572052002e-02,1.893747299909591675e-01,2.630665712058544159e-02,3.298453986644744873e-01,6.321123987436294556e-02,-1.078237816691398621e-01,6.508201360702514648e-02,1.680709570646286011e-01,7.933790981769561768e-02,2.039312273263931274e-01,2.140429317951202393e-01,2.130635082721710205e-01,1.193370968103408813e-01,3.186019659042358398e-01,5.198680758476257324e-01,4.221206605434417725e-01,1.892236173152923584e-01,-1.028659567236900330e-02,2.290446758270263672e-01,1.234330609440803528e-01,7.736696302890777588e-02,3.052597343921661377e-01,2.924703657627105713e-01,5.798814073204994202e-02,-9.936084598302841187e-02
1.464669853448867798e-01,2.361521497368812561e-02,2.402522414922714233e-01,2.912606298923492432e-01,-2.871950855478644371e-03,1.061267554759979248e-01,7.244980931282043457e-01,7.139144837856292725e-02,2.031819075345993042e-01,2.357648760080337524e-01,1.467872560024261475e-01,-3.824175568297505379e-03,1.271636337041854858e-01,4.811074212193489075e-02,2.810892462730407715e-02,1.331696063280105591e-01,1.000000119209289551e+00,5.667303204536437988e-01,3.678551614284515381e-01,1.817628145217895508e-01,1.679829880595207214e-02,2.164431363344192505e-01,2.468035072088241577e-01,5.908198654651641846e-02,3.570193424820899963e-02,4.554945826530456543e-01,-3.315056487917900085e-02,7.021997869014739990e-02,1.107911616563796997e-01,2.948546316474676132e-03,2.086781114339828491e-01,3.083782494068145752e-01,-1.041178777813911438e-01,1.668039895594120026e-02,1.671121828258037567e-02,5.598401278257369995e-02,4.682415723800659180e-02,3.740005195140838623e-02,1.200645044445991516e-01,7.393382489681243896e-02,1.216514129191637039e-02,3.488226532936096191e-01,2.743614912033081055e-01,7.292508333921432495e-02,1.512837409973144531e-01,3.289297223091125488e-01,1.248991340398788452e-01,-9.674689173698425293e-02
1.621840596199035645e-01,-6.338397972285747528e-03,3.030357956886291504e-01,4.036809206008911133e-01,-2.682584337890148163e-03,5.988187342882156372e-02,4.413124322891235352e-01,-5.058317631483078003e-02,8.327303826808929443e-02,9.646259248256683350e-02,-9.361790120601654053e-02,-1.910811513662338257e-01,2.971551194787025452e-02,-1.206999868154525757e-01,-1.192403063178062439e-01,-1.993487821891903877e-03,5.667303204536437988e-01,9.999995231628417969e-01,5.494305491447448730e-01,4.381358921527862549e-01,8.922903239727020264e-02,2.674320340156555176e-01,9.593971818685531616e-02,3.627874702215194702e-02,-1.248590499162673950e-01,3.040820956230163574e-01,-1.464898586273193359e-01,1.703858375549316406e-03,1.618144959211349487e-01,-6.295549124479293823e-02,2.865689396858215332e-01,2.307994961738586426e-01,-1.573271006345748901e-01,-5.992722883820533752e-02,-2.583709312602877617e-03,-1.215796452015638351e-02,-5.231921002268791199e-02,-8.977579325437545776e-02,-2.490413375198841095e-02,-1.472508721053600311e-02,6.725419312715530396e-02,1.956775784492492676e-01,3.594272136688232422e-01,7.386966049671173096e-02,5.548919737339019775e-02,2.425559014081954956e-01,7.485760003328323364e-02,-2.390718646347522736e-02
5.926831066608428955e-02,4.433294385671615601e-02,3.055440261960029602e-02,1.395100951194763184e-01,2.100906670093536377e-01,1.683739572763442993e-01,2.450693547725677490e-01,-3.466910496354103088e-02,1.012434884905815125e-01,1.502450406551361084e-01,-1.539143025875091553e-01,-2.125150710344314575e-01,8.611381053924560547e-02,-1.239258050918579102e-01,-6.748040765523910522e-02,9.186445921659469604e-02,3.678551614284515381e-01,5.494305491447448730e-01,1.000000000000000000e+00,4.519711136817932129e-01,-1.442706435918807983e-01,7.599516212940216064e-02,1.042118966579437256e-01,-7.504078000783920288e-02,-1.016626879572868347e-01,1.187094524502754211e-01,-1.576060354709625244e-01,-1.123476475477218628e-01,2.809262461960315704e-02,-2.125782817602157593e-01,1.469741314649581909e-01,1.032022312283515930e-01,-5.816610902547836304e-02,9.846359491348266602e-03,-2.485224604606628418e-02,-7.457510381937026978e-02,4.581431671977043152e-02,-6.149218231439590454e-02,3.380043804645538330e-02,-9.006484597921371460e-02,1.110031008720397949e-01,2.289574444293975830e-01,4.536070525646209717e-01,2.360855462029576302e-03,7.399431616067886353e-02,3.048909008502960205e-01,-3.146194666624069214e-02,-1.692119836807250977e-01
3.134311437606811523e-01,5.551625788211822510e-02,3.463630676269531250e-01,4.571897387504577637e-01,1.933804005384445190e-01,2.907938659191131592e-01,1.444646120071411133e-01,-3.485519066452980042e-02,-2.811310812830924988e-02,1.065623909235000610e-01,-2.133231461048126221e-01,-4.707117006182670593e-02,2.156037539243698120e-01,-7.727011293172836304e-02,-7.115968316793441772e-02,3.302494063973426819e-02,1.817628145217895508e-01,4.381358921527862549e-01,4.519711136817932129e-01,1.000000357627868652e+00,3.545929491519927979e-01,8.145125210285186768e-02,-1.449652165174484253e-01,-1.774353533983230591e-01,-1.399502307176589966e-01,1.002361699938774109e-01,-1.089666634798049927e-01,8.941414207220077515e-02,1.598552018404006958e-01,-5.832403525710105896e-02,1.849885582923889160e-01,-4.065047577023506165e-02,-2.909203059971332550e-02,-1.091219205409288406e-02,-3.504922986030578613e-02,-2.062563002109527588e-01,7.033879309892654419e-02,-1.711018979549407959e-01,-2.597329318523406982e-01,-2.166532874107360840e-01,2.353274524211883545e-01,6.530473381280899048e-02,2.541534602642059326e-01,9.096083790063858032e-02,3.354077041149139404e-02,1.916745901107788086e-01,-7.518897950649261475e-02,3.291191905736923218e-02
3.417705893516540527e-01,1.001417730003595352e-02,3.149144351482391357e-01,4.063961207866668701e-01,4.813748970627784729e-02,1.860654503107070923e-01,-7.480103056877851486e-03,1.116060167551040649e-01,8.005473762750625610e-02,1.244086101651191711e-01,2.053605020046234131e-01,3.912181258201599121e-01,3.328482508659362793e-01,2.048961669206619263e-01,6.566438823938369751e-02,1.627996750175952911e-02,1.679829880595207214e-02,8.922903239727020264e-02,-1.442706435918807983e-01,3.545929491519927979e-01,1.000000476837158203e+00,1.968416124582290649e-01,-1.761665046215057373e-01,-6.269068270921707153e-02,5.640094354748725891e-02,-1.494561089202761650e-03,1.075225919485092163e-01,3.335132002830505371e-01,1.336431801319122314e-01,4.134309887886047363e-01,3.859374821186065674e-01,5.869339779019355774e-02,1.104723513126373291e-01,5.498681217432022095e-02,1.181493699550628662e-01,-8.976583927869796753e-02,5.782935395836830139e-02,5.683028604835271835e-03,-2.412565052509307861e-01,-1.623391956090927124e-01,1.709138788282871246e-02,-6.308520585298538208e-02,-5.278213880956172943e-03,1.716798245906829834e-01,6.297867745161056519e-02,2.782409824430942535e-02,2.096832692623138428e-01,1.417032629251480103e-01
1.765759438276290894e-01,3.059585019946098328e-02,1.273578107357025146e-01,2.539150118827819824e-01,9.342941641807556152e-02,-2.392155304551124573e-02,2.416606545448303223e-01,-2.972262352705001831e-02,-1.538367569446563721e-02,-1.144754141569137573e-01,8.230218291282653809e-02,1.075329035520553589e-01,2.389725744724273682e-01,-1.995509490370750427e-02,8.811866492033004761e-02,3.127580583095550537e-01,2.164431363344192505e-01,2.674320340156555176e-01,7.599516212940216064e-02,8.145125210285186768e-02,1.968416124582290649e-01,9.999999403953552246e-01,3.386738300323486328e-01,7.433342188596725464e-02,-6.360960006713867188e-02,-2.202741336077451706e-03,2.705613896250724792e-02,1.465015113353729248e-01,-7.746864110231399536e-02,7.762308418750762939e-02,2.544804215431213379e-01,1.457932591438293457e-01,-4.491798579692840576e-02,5.095254257321357727e-02,7.251822948455810547e-02,1.632967740297317505e-01,7.894396781921386719e-02,2.031581699848175049e-01,3.612346947193145752e-01,2.026801258325576782e-01,-4.078442603349685669e-02,9.051324427127838135e-02,4.996711388230323792e-02,-6.007809191942214966e-02,4.021922126412391663e-02,-2.255484461784362793e-02,-2.418907731771469116e-02,9.093587845563888550e-02
1.026245020329952240e-02,1.232961118221282959e-01,-9.334875643253326416e-02,-5.736669525504112244e-02,3.184301406145095825e-02,-1.398721523582935333e-02,2.355586737394332886e-01,6.324522197246551514e-02,3.655407577753067017e-02,6.781248748302459717e-02,1.659198552370071411e-01,9.469523280858993530e-02,1.955206543207168579e-01,1.580248326063156128e-01,2.807641029357910156e-01,4.295218288898468018e-01,2.468035072088241577e-01,9.593971818685531616e-02,1.042118966579437256e-01,-1.449652165174484253e-01,-1.761665046215057373e-01,3.386738300323486328e-01,1.000000000000000000e+00,4.817564040422439575e-02,1.312343031167984009e-01,1.130646560341119766e-02,1.449680328369140625e-01,3.958172723650932312e-02,-3.330510109663009644e-02,-8.726090937852859497e-02,8.678366988897323608e-02,2.111417949199676514e-01,5.656583607196807861e-02,1.115427389740943909e-01,1.093645021319389343e-01,1.792062371969223022e-01,1.792509257793426514e-01,3.279990255832672119e-01,6.300256252288818359e-01,5.889562964439392090e-01,3.564632683992385864e-02,2.440805584192276001e-01,2.126155197620391846e-01,-5.922885239124298096e-02,2.189954221248626709e-01,2.630297541618347168e-01,6.782261282205581665e-02,1.439003050327301025e-01
5.419375374913215637e-04,2.392794638872146606e-01,1.016200333833694458e-01,5.573438853025436401e-02,-1.158976331353187561e-01,1.885765418410301208e-02,1.045645400881767273e-01,1.390367299318313599e-01,1.920346021652221680e-01,9.137865155935287476e-02,1.260818541049957275e-01,1.203544996678829193e-02,-7.734396308660507202e-02,1.118656918406486511e-01,4.068097844719886780e-02,-5.972309410572052002e-02,5.908198654651641846e-02,3.627874702215194702e-02,-7.504078000783920288e-02,-1.774353533983230591e-01,-6.269068270921707153e-02,7.433342188596725464e-02,4.817564040422439575e-02,9.999999403953552246e-01,2.193451300263404846e-02,1.276950091123580933e-01,9.750700555741786957e-03,2.017186582088470459e-01,2.491621375083923340e-01,1.205062940716743469e-01,1.233873590826988220e-01,5.460837483406066895e-01,6.465172022581100464e-02,1.397910565137863159e-01,1.308551132678985596e-01,6.920380592346191406e-01,9.120190888643264771e-02,8.569432795047760010e-02,2.337978482246398926e-01,3.175319731235504150e-01,1.717833727598190308e-01,2.437175363302230835e-01,1.004666537046432495e-01,1.894922852516174316e-01,1.771204173564910889e-01,1.453382968902587891e-01,4.529822766780853271e-01,2.737843990325927734e-01
2.422432899475097656e-01,1.648821532726287842e-01,-8.369874209165573120e-02,-7.911143451929092407e-02,2.275090366601943970e-01,1.966548860073089600e-01,2.145511656999588013e-02,3.039155602455139160e-01,2.344566434621810913e-01,2.538748979568481445e-01,3.331660330295562744e-01,4.060290157794952393e-01,1.674378961324691772e-01,4.070383608341217041e-01,4.782311022281646729e-01,1.893747299909591675e-01,3.570193424820899963e-02,-1.248590499162673950e-01,-1.016626879572868347e-01,-1.399502307176589966e-01,5.640094354748725891e-02,-6.360960006713867188e-02,1.312343031167984009e-01,2.193451300263404846e-02,9.999995231628417969e-01,-3.482178226113319397e-02,5.962244272232055664e-01,2.752179801464080811e-01,6.725122034549713135e-02,1.481021940708160400e-01,1.382379084825515747e-01,1.436118185520172119e-01,4.720168411731719971e-01,2.204125523567199707e-01,3.624222055077552795e-02,3.419699892401695251e-02,2.243504375219345093e-01,4.085869491100311279e-01,1.767842471599578857e-01,7.991943508386611938e-02,3.736001625657081604e-02,1.233311519026756287e-01,4.700503870844841003e-02,1.803259551525115967e-01,2.119988352060317993e-01,2.548213601112365723e-01,2.135091722011566162e-01,-8.134003728628158569e-02
3.727247938513755798e-02,2.014676332473754883e-01,3.512188196182250977e-01,3.115694224834442139e-01,7.976866327226161957e-03,2.000198066234588623e-01,5.841292142868041992e-01,8.658827841281890869e-02,1.428108662366867065e-01,1.251260340213775635e-01,5.469776317477226257e-02,-1.477002911269664764e-02,-3.393772058188915253e-03,2.516242116689682007e-02,-4.051209613680839539e-02,2.630665712058544159e-02,4.554945826530456543e-01,3.040820956230163574e-01,1.187094524502754211e-01,1.002361699938774109e-01,-1.494561089202761650e-03,-2.202741336077451706e-03,1.130646560341119766e-02,1.276950091123580933e-01,-3.482178226113319397e-02,9.999999403953552246e-01,-7.990041375160217285e-02,1.799501776695251465e-01,2.956157922744750977e-01,2.358950972557067871e-01,1.634384244680404663e-01,1.843374371528625488e-01,-5.494941398501396179e-02,5.528707522898912430e-03,7.554629445075988770e-02,7.739813625812530518e-02,-1.822235062718391418e-02,1.122722495347261429e-02,-6.441136449575424194e-02,5.821172147989273071e-02,1.242886036634445190e-01,2.882964015007019043e-01,1.184415891766548157e-01,1.419579684734344482e-01,1.263298541307449341e-01,1.694694012403488159e-01,1.770204603672027588e-01,-3.141463920474052429e-02
2.797401845455169678e-01,4.456537067890167236e-01,1.942717656493186951e-02,-3.111972846090793610e-02,3.318924307823181152e-01,2.198555916547775269e-01,2.456284873187541962e-02,4.648681879043579102e-01,2.244099378585815430e-01,2.622842788696289062e-01,3.914250731468200684e-01,4.969044923782348633e-01,2.831849455833435059e-01,4.960305094718933105e-01,6.077955961227416992e-01,3.298453986644744873e-01,-3.315056487917900085e-02,-1.464898586273193359e-01,-1.576060354709625244e-01,-1.089666634798049927e-01,1.075225919485092163e-01,2.705613896250724792e-02,1.449680328369140625e-01,9.750700555741786957e-03,5.962244272232055664e-01,-7.990041375160217285e-02,1.000000119209289551e+00,2.971582710742950439e-01,1.104211658239364624e-01,2.057925313711166382e-01,1.328743696212768555e-01,1.026520431041717529e-01,6.032007336616516113e-01,3.304570019245147705e-01,5.723471567034721375e-02,6.365231424570083618e-02,4.214887619018554688e-01,5.445520877838134766e-01,2.138752341270446777e-01,1.301715224981307983e-01,1.671926975250244141e-01,2.083935290575027466e-01,4.327731579542160034e-02,2.246921360492706299e-01,3.590193688869476318e-01,2.451071888208389282e-01,1.558576822280883789e-01,-8.472566492855548859e-03
5.352123975753784180e-01,3.051667511463165283e-01,3.625777661800384521e-01,4.302158653736114502e-01,3.079419732093811035e-01,4.866781830787658691e-01,1.863343566656112671e-01,2.710179388523101807e-01,2.673556208610534668e-01,1.658656150102615356e-01,3.242291212081909180e-01,3.426945209503173828e-01,1.847237497568130493e-01,3.042819797992706299e-01,2.009048610925674438e-01,6.321123987436294556e-02,7.021997869014739990e-02,1.703858375549316406e-03,-1.123476475477218628e-01,8.941414207220077515e-02,3.335132002830505371e-01,1.465015113353729248e-01,3.958172723650932312e-02,2.017186582088470459e-01,2.752179801464080811e-01,1.799501776695251465e-01,2.971582710742950439e-01,1.000000000000000000e+00,5.091097354888916016e-01,4.112104177474975586e-01,1.971736848354339600e-01,1.442292779684066772e-01,3.489325046539306641e-01,2.404755353927612305e-01,1.934193670749664307e-01,2.062311023473739624e-01,2.410165220499038696e-01,1.731477677822113037e-01,4.234237968921661377e-02,1.618927568197250366e-01,3.647695481777191162e-01,2.490561753511428833e-01,1.470064222812652588e-01,1.713434904813766479e-01,2.177156507968902588e-01,1.069730594754219055e-01,1.955179423093795776e-01,2.878558933734893799e-01
2.859459817409515381e-01,3.581086993217468262e-01,2.606348693370819092e-01,2.998638749122619629e-01,1.153466477990150452e-01,3.214468955993652344e-01,1.741052716970443726e-01,1.634522080421447754e-01,1.491953134536743164e-01,1.317962855100631714e-01,2.795182727277278900e-02,-2.814441686496138573e-03,-7.159413397312164307e-02,3.610354661941528320e-02,-3.475723415613174438e-02,-1.078237816691398621e-01,1.107911616563796997e-01,1.618144959211349487e-01,2.809262461960315704e-02,1.598552018404006958e-01,1.336431801319122314e-01,-7.746864110231399536e-02,-3.330510109663009644e-02,2.491621375083923340e-01,6.725122034549713135e-02,2.956157922744750977e-01,1.104211658239364624e-01,5.091097354888916016e-01,1.000000238418579102e+00,3.799167573451995850e-01,2.343194782733917236e-01,2.093605548143386841e-01,1.315926015377044678e-01,1.337239444255828857e-01,1.313538700342178345e-01,2.016157954931259155e-01,7.794573158025741577e-02,-5.063690617680549622e-02,-1.075734570622444153e-01,7.445554435253143311e-02,4.356689155101776123e-01,3.262474536895751953e-01,2.419506609439849854e-01,1.981156617403030396e-01,2.726966738700866699e-01,1.556970477104187012e-01,2.261712849140167236e-01,1.880052983760833740e-01
1.693596094846725464e-01,2.230889946222305298e-01,1.592531800270080566e-01,1.662603020668029785e-01,1.003068909049034119e-01,2.286518365144729614e-01,7.767158746719360352e-02,1.678538173437118530e-01,1.721566766500473022e-01,1.332233846187591553e-01,2.795959115028381348e-01,3.403559625148773193e-01,1.716661602258682251e-01,1.547616869211196899e-01,1.089796498417854309e-01,6.508201360702514648e-02,2.948546316474676132e-03,-6.295549124479293823e-02,-2.125782817602157593e-01,-5.832403525710105896e-02,4.134309887886047363e-01,7.762308418750762939e-02,-8.726090937852859497e-02,1.205062940716743469e-01,1.481021940708160400e-01,2.358950972557067871e-01,2.057925313711166382e-01,4.112104177474975586e-01,3.799167573451995850e-01,1.000000000000000000e+00,5.364726781845092773e-01,1.874516457319259644e-01,1.744937151670455933e-01,1.512975096702575684e-01,2.519707083702087402e-01,1.206014677882194519e-01,4.431611672043800354e-02,1.522862762212753296e-01,-7.397551089525222778e-02,-2.931382041424512863e-03,4.819913953542709351e-02,1.404593139886856079e-01,8.489293605089187622e-02,2.369213253259658813e-01,2.634537518024444580e-01,1.074507758021354675e-01,3.795751035213470459e-01,4.443885758519172668e-02
1.128892004489898682e-01,9.022826701402664185e-02,9.030395746231079102e-02,2.174450308084487915e-01,8.506774157285690308e-02,1.048289462924003601e-01,1.627952009439468384e-01,6.979361176490783691e-02,1.459000855684280396e-01,1.530551016330718994e-01,1.627499610185623169e-01,1.853320151567459106e-01,3.196166157722473145e-01,8.411690592765808105e-02,1.307199448347091675e-01,1.680709570646286011e-01,2.086781114339828491e-01,2.865689396858215332e-01,1.469741314649581909e-01,1.849885582923889160e-01,3.859374821186065674e-01,2.544804215431213379e-01,8.678366988897323608e-02,1.233873590826988220e-01,1.382379084825515747e-01,1.634384244680404663e-01,1.328743696212768555e-01,1.971736848354339600e-01,2.343194782733917236e-01,5.364726781845092773e-01,9.999998211860656738e-01,3.589105606079101562e-01,2.792078256607055664e-02,5.816497653722763062e-02,1.937670558691024780e-01,1.477940231561660767e-01,5.580661073327064514e-02,2.024035006761550903e-01,1.070508360862731934e-01,1.658554933965206146e-02,-1.485997624695301056e-02,1.786611229181289673e-01,3.258692622184753418e-01,1.589400172233581543e-01,2.238150238990783691e-01,2.854438722133636475e-01,4.259776175022125244e-01,-9.398611634969711304e-02
5.123934149742126465e-02,2.036738097667694092e-01,4.386394098401069641e-02,6.915161758661270142e-02,-9.777361899614334106e-02,6.527219712734222412e-02,2.476676404476165771e-01,9.952996671199798584e-02,2.003050446510314941e-01,2.116165906190872192e-01,1.379605084657669067e-01,6.150342896580696106e-02,3.906534612178802490e-02,1.129231750965118408e-01,1.240586489439010620e-01,7.933790981769561768e-02,3.083782494068145752e-01,2.307994961738586426e-01,1.032022312283515930e-01,-4.065047577023506165e-02,5.869339779019355774e-02,1.457932591438293457e-01,2.111417949199676514e-01,5.460837483406066895e-01,1.436118185520172119e-01,1.843374371528625488e-01,1.026520431041717529e-01,1.442292779684066772e-01,2.093605548143386841e-01,1.874516457319259644e-01,3.589105606079101562e-01,1.000000119209289551e+00,9.432565420866012573e-03,6.014776974916458130e-02,7.312151044607162476e-02,4.646747708320617676e-01,7.251936197280883789e-02,1.349556744098663330e-01,2.470810711383819580e-01,3.064368069171905518e-01,8.406620472669601440e-02,3.560833036899566650e-01,2.444023936986923218e-01,1.804908365011215210e-01,3.066502511501312256e-01,4.065801799297332764e-01,5.955416560173034668e-01,1.068502068519592285e-01
3.378719985485076904e-01,5.210499167442321777e-01,1.061720028519630432e-01,-3.572447970509529114e-02,4.644699096679687500e-01,3.976937830448150635e-01,-3.308655694127082825e-02,6.509578824043273926e-01,4.675928950309753418e-01,4.203197062015533447e-01,5.060119628906250000e-01,5.469964146614074707e-01,3.653610944747924805e-01,6.075475811958312988e-01,5.125567317008972168e-01,2.039312273263931274e-01,-1.041178777813911438e-01,-1.573271006345748901e-01,-5.816610902547836304e-02,-2.909203059971332550e-02,1.104723513126373291e-01,-4.491798579692840576e-02,5.656583607196807861e-02,6.465172022581100464e-02,4.720168411731719971e-01,-5.494941398501396179e-02,6.032007336616516113e-01,3.489325046539306641e-01,1.315926015377044678e-01,1.744937151670455933e-01,2.792078256607055664e-02,9.432565420866012573e-03,1.000000476837158203e+00,5.348973870277404785e-01,2.397835850715637207e-01,1.007710620760917664e-01,5.933313965797424316e-01,4.963668882846832275e-01,1.431904584169387817e-01,3.760049119591712952e-02,2.958146035671234131e-01,2.141433209180831909e-01,1.245155483484268188e-01,4.017015993595123291e-01,3.381232321262359619e-01,2.693305611610412598e-01,1.533528715372085571e-01,8.904876559972763062e-02
