1.000000119209289551e+00,5.678058862686157227e-01,-1.537993252277374268e-01,-4.002943262457847595e-02,6.546707153320312500e-01,4.609244167804718018e-01,-1.825843900442123413e-01,3.183304369449615479e-01,2.358192205429077148e-01,6.325208395719528198e-02,6.643164157867431641e-02,-6.282204389572143555e-02,-7.871781289577484131e-02,-7.490511983633041382e-02,-1.549863517284393311e-01,-1.378475129604339600e-01,-2.884902358055114746e-01,-1.896714121103286743e-01,-1.779890805482864380e-01,-1.543732434511184692e-01,-1.988095939159393311e-01,-1.360812932252883911e-01,2.599530518054962158e-01,2.272453457117080688e-01,6.184141635894775391e-01,-1.358969956636428833e-01,6.602029204368591309e-01,7.372820377349853516e-01,3.391567468643188477e-01,-1.885811239480972290e-01,-2.187724262475967407e-01,5.824766680598258972e-02,6.726332902908325195e-01,-9.981264919042587280e-02,-6.779636442661285400e-02,2.850659489631652832e-01,-3.278698772192001343e-02,-1.535097658634185791e-01,-2.029877454042434692e-01,7.403679937124252319e-02,6.185936927795410156e-01,2.636854052543640137e-01,-1.311294436454772949e-01,3.782021105289459229e-01,-1.655369810760021210e-02,-9.743610396981239319e-03,9.133362770080566406e-02,2.549836933612823486e-01
5.678058862686157227e-01,9.999995827674865723e-01,-9.657117724418640137e-02,-9.188632667064666748e-02,5.741472840309143066e-01,4.467112123966217041e-01,-9.574141353368759155e-02,1.780622005462646484e-01,3.594139516353607178e-01,3.229111433029174805e-01,5.910122394561767578e-02,2.107670605182647705e-01,-5.964124202728271484e-02,-1.556589305400848389e-01,1.880445331335067749e-02,3.378697112202644348e-02,-2.181914150714874268e-01,-1.598916947841644287e-01,-1.564336866140365601e-01,-1.148887947201728821e-01,-1.389545649290084839e-01,-1.766931861639022827e-01,5.364534631371498108e-02,5.200561881065368652e-02,4.010393321514129639e-01,-4.375761747360229492e-02,5.423883199691772461e-01,5.710104107856750488e-01,3.206302523612976074e-01,-1.449458897113800049e-01,-1.766551733016967773e-01,-3.067474812269210815e-02,5.587025284767150879e-01,6.697388738393783569e-02,1.021776497364044189e-01,1.111730262637138367e-01,-1.034322530031204224e-01,3.274045139551162720e-02,-3.923131618648767471e-03,8.981256932020187378e-02,6.492872834205627441e-01,4.418940842151641846e-01,-4.859840497374534607e-02,5.657673478126525879e-01,1.693432331085205078e-01,5.764427408576011658e-02,-1.415055338293313980e-02,4.782754182815551758e-02
-1.537993252277374268e-01,-9.657117724418640137e-02,9.999999403953552246e-01,2.586179077625274658e-01,-1.693735569715499878e-01,-4.700287058949470520e-02,2.947966754436492920e-01,-1.768965125083923340e-01,-5.670054256916046143e-02,8.592498302459716797e-02,-1.570342779159545898e-01,1.082013770937919617e-01,9.521286934614181519e-02,-2.221971191465854645e-02,1.067233178764581680e-02,1.137504652142524719e-01,2.589716315269470215e-01,1.145593971014022827e-01,2.872655987739562988e-01,2.019363045692443848e-01,1.715417355298995972e-01,4.656768590211868286e-02,-3.577905893325805664e-02,-4.843300580978393555e-02,-2.240137904882431030e-01,2.404146939516067505e-01,-2.102076113224029541e-01,-2.285212278366088867e-02,-1.494154334068298340e-01,-1.495949923992156982e-01,4.867056012153625488e-02,-7.741827517747879028e-02,-1.911668926477432251e-01,9.201821684837341309e-02,-2.381255291402339935e-02,-5.414039641618728638e-02,-1.520477607846260071e-02,6.427052617073059082e-02,1.443367451429367065e-01,-2.681758999824523926e-02,-1.706324368715286255e-01,3.437724709510803223e-02,1.489259600639343262e-01,-5.704678222537040710e-02,-8.058283478021621704e-03,1.347178816795349121e-01,-7.383802533149719238e-02,-1.390008032321929932e-01
-4.002943262457847595e-02,-9.188632667064666748e-02,2.586179077625274658e-01,9.999998211860656738e-01,-1.642428711056709290e-02,1.982042044401168823e-01,5.581349134445190430e-01,-1.474248059093952179e-02,4.470131918787956238e-02,-2.456874353811144829e-03,3.294176608324050903e-02,7.213344424962997437e-02,5.973836407065391541e-02,1.182213947176933289e-01,6.907704472541809082e-02,1.143994508311152458e-03,4.445602595806121826e-01,2.473414838314056396e-01,4.704179465770721436e-01,3.836435079574584961e-01,3.343458473682403564e-01,1.681434065103530884e-01,7.136682979762554169e-04,-2.952976152300834656e-02,-1.802509278059005737e-01,1.532785892486572266e-01,-1.197825521230697632e-01,5.470971763134002686e-02,2.150098085403442383e-01,2.305713295936584473e-01,2.149899899959564209e-01,5.783399101346731186e-03,-1.996806114912033081e-01,1.323866695165634155e-01,1.354525387287139893e-01,-8.748085796833038330e-02,1.075725257396697998e-01,1.337805390357971191e-01,9.993024915456771851e-02,-6.527832895517349243e-02,-7.645484805107116699e-02,1.365126669406890869e-01,2.737823128700256348e-01,-3.283988684415817261e-03,8.095197379589080811e-02,1.956588029861450195e-01,-3.515839576721191406e-02,-1.188407093286514282e-01
6.546707153320312500e-01,5.741472840309143066e-01,-1.693735569715499878e-01,-1.642428711056709290e-02,9.999999403953552246e-01,5.832183957099914551e-01,-1.089273095130920410e-01,3.476291596889495850e-01,4.580504298210144043e-01,5.443908646702766418e-02,2.078966796398162842e-01,-8.534560352563858032e-02,-3.249265998601913452e-02,7.460077293217182159e-03,-7.422538101673126221e-02,-1.745168417692184448e-01,-2.414577007293701172e-01,-1.794975548982620239e-01,-1.961566507816314697e-01,-1.102391723543405533e-02,-1.596912182867527008e-02,-4.104232043027877808e-02,2.288629263639450073e-01,1.517854183912277222e-01,5.302934050559997559e-01,-1.867805123329162598e-01,5.181729793548583984e-01,5.837062001228332520e-01,3.457856476306915283e-01,-8.017236739397048950e-02,-1.827142238616943359e-01,-1.383348833769559860e-02,5.110981464385986328e-01,-1.336224097758531570e-02,-7.802321761846542358e-02,1.332399547100067139e-01,4.168375581502914429e-02,-1.174971386790275574e-01,-1.774898469448089600e-01,1.357783284038305283e-02,6.916970014572143555e-01,3.183284103870391846e-01,-2.190550323575735092e-03,5.340738892555236816e-01,-3.258391469717025757e-02,2.150196768343448639e-02,-3.664715215563774109e-03,2.370190769433975220e-01
4.609244167804718018e-01,4.467112123966217041e-01,-4.700287058949470520e-02,1.982042044401168823e-01,5.832183957099914551e-01,1.000000119209289551e+00,1.470896750688552856e-01,1.457049697637557983e-01,3.244521617889404297e-01,1.585574150085449219e-01,7.476704567670822144e-02,2.110349247232079506e-03,1.191989108920097351e-01,-6.455345451831817627e-02,-1.126735508441925049e-01,-3.087578341364860535e-02,-3.980414196848869324e-02,-1.424573212862014771e-01,4.967390000820159912e-02,2.240798063576221466e-02,-1.963024027645587921e-02,-1.199244558811187744e-01,1.365595161914825439e-01,1.607103496789932251e-01,2.913553416728973389e-01,-3.567514568567276001e-02,3.908701241016387939e-01,4.777082800865173340e-01,4.814950227737426758e-01,3.281509876251220703e-02,-1.162478178739547729e-01,6.297799199819564819e-02,3.189188838005065918e-01,5.207133293151855469e-02,2.651700004935264587e-02,1.340424418449401855e-01,-4.166302829980850220e-02,3.414449281990528107e-03,-9.961345046758651733e-02,2.975170873105525970e-02,4.405537843704223633e-01,5.263730883598327637e-01,2.171243876218795776e-01,4.042901098728179932e-01,1.994995176792144775e-01,2.326005846261978149e-01,9.556475281715393066e-02,1.259919553995132446e-01
-1.825843900442123413e-01,-9.574141353368759155e-02,2.947966754436492920e-01,5.581349134445190430e-01,-1.089273095130920410e-01,1.470896750688552856e-01,1.000000119209289551e+00,-6.225301325321197510e-02,6.524998694658279419e-02,1.567133963108062744e-01,1.514805573970079422e-02,1.817326098680496216e-01,1.779569387435913086e-01,8.992564678192138672e-02,1.105579659342765808e-01,1.331076472997665405e-01,6.133543252944946289e-01,3.538729846477508545e-01,4.736226499080657959e-01,3.998038470745086670e-01,3.502358794212341309e-01,1.441788971424102783e-01,1.887095626443624496e-03,-6.032382696866989136e-02,-2.588318586349487305e-01,4.050589203834533691e-01,-2.072390019893646240e-01,-1.089957877993583679e-01,6.994082778692245483e-02,2.768614590167999268e-01,3.084060549736022949e-01,2.771881222724914551e-02,-2.725395858287811279e-01,1.728016436100006104e-01,1.912501603364944458e-01,-6.815956532955169678e-02,1.420715004205703735e-01,1.610303074121475220e-01,1.753353476524353027e-01,-3.261354938149452209e-02,-1.442108005285263062e-01,2.169094085693359375e-01,2.751472294330596924e-01,1.378264650702476501e-02,8.101304620504379272e-02,2.679798007011413574e-01,-3.239754214882850647e-02,-1.827205270528793335e-01
3.183304369449615479e-01,1.780622005462646484e-01,-1.768965125083923340e-01,-1.474248059093952179e-02,3.476291596889495850e-01,1.457049697637557983e-01,-6.225301325321197510e-02,1.000000000000000000e+00,3.153768181800842285e-01,-1.286461353302001953e-01,5.668388605117797852e-01,-6.431692838668823242e-02,-1.067365929484367371e-01,5.904772281646728516e-01,2.045423239469528198e-01,-3.101414740085601807e-01,-9.504250437021255493e-02,-2.396116405725479126e-02,-9.514699876308441162e-02,6.634668260812759399e-02,6.675568968057632446e-02,-1.682110503315925598e-02,1.150553375482559204e-01,-3.600644320249557495e-02,5.437057614326477051e-01,-7.929151505231857300e-02,3.566787242889404297e-01,1.968051344156265259e-01,1.050541475415229797e-01,-3.525678813457489014e-02,-1.228781566023826599e-01,-1.194484755396842957e-01,3.730631470680236816e-01,2.864870429039001465e-01,-2.030084282159805298e-01,-1.116921454668045044e-01,5.981668233871459961e-01,-8.036047220230102539e-02,-3.026485443115234375e-01,-2.002494335174560547e-01,2.644149959087371826e-01,-1.912791747599840164e-03,-6.130631640553474426e-02,2.716165184974670410e-01,-9.022225439548492432e-02,-2.508240193128585815e-02,-1.605344414710998535e-01,6.299610435962677002e-02
2.358192205429077148e-01,3.594139516353607178e-01,-5.670054256916046143e-02,4.470131918787956238e-02,4.580504298210144043e-01,3.244521617889404297e-01,6.524998694658279419e-02,3.153768181800842285e-01,9.999999403953552246e-01,1.778331547975540161e-01,4.745773077011108398e-01,2.040621936321258545e-01,1.207814831286668777e-02,1.765740662813186646e-01,3.170030415058135986e-01,9.793691337108612061e-03,-9.641990065574645996e-03,-9.847971796989440918e-02,-1.785328611731529236e-02,2.600281536579132080e-01,1.933567374944686890e-01,-3.658971935510635376e-02,7.008544355630874634e-02,-1.513602286577224731e-01,2.674091160297393799e-01,-7.759248465299606323e-02,1.919599026441574097e-01,1.517432034015655518e-01,1.781127899885177612e-01,6.876186281442642212e-02,-1.291101723909378052e-01,-2.646361291408538818e-01,1.582251787185668945e-01,9.297593683004379272e-02,1.089116036891937256e-01,-1.691402643918991089e-01,1.904275864362716675e-01,1.622942388057708740e-01,1.738257408142089844e-01,-9.273384511470794678e-02,3.224622309207916260e-01,2.640227973461151123e-01,1.240127310156822205e-01,6.501944065093994141e-01,-4.522059112787246704e-02,9.012384712696075439e-02,-3.294734656810760498e-01,-1.739436984062194824e-01
6.325208395719528198e-02,3.229111433029174805e-01,8.592498302459716797e-02,-2.456874353811144829e-03,5.443908646702766418e-02,1.585574150085449219e-01,1.567133963108062744e-01,-1.286461353302001953e-01,1.778331547975540161e-01,1.000000119209289551e+00,1.721295528113842010e-02,5.880185365676879883e-01,3.302488625049591064e-01,-2.130792886018753052e-01,3.174065351486206055e-01,3.945002257823944092e-01,1.611789911985397339e-01,9.433435648679733276e-02,5.844867229461669922e-02,1.207608208060264587e-01,3.555914759635925293e-02,-1.910207420587539673e-01,1.739908941090106964e-02,-2.149483375251293182e-02,-3.032747097313404083e-02,4.271471127867698669e-02,8.351040631532669067e-02,1.015529707074165344e-01,6.169970333576202393e-02,7.626047730445861816e-02,6.330738961696624756e-02,-1.606217771768569946e-02,8.671014755964279175e-02,-4.617634695023298264e-03,2.763672769069671631e-01,1.351305693387985229e-01,-1.178454980254173279e-01,2.662662863731384277e-01,2.782747447490692139e-01,8.858920633792877197e-02,1.138168722391128540e-01,4.617188870906829834e-01,2.646499276161193848e-01,3.041397035121917725e-01,4.095354676246643066e-01,4.852861762046813965e-01,1.226327568292617798e-02,-1.488258093595504761e-01
6.643164157867431641e-02,5.910122394561767578e-02,-1.570342779159545898e-01,3.294176608324050903e-02,2.078966796398162842e-01,7.476704567670822144e-02,1.514805573970079422e-02,5.668388605117797852e-01,4.745773077011108398e-01,1.721295528113842010e-02,9.999997615814208984e-01,1.284627020359039307e-01,6.064532324671745300e-03,5.284591913223266602e-01,4.407123327255249023e-01,-1.326426714658737183e-01,5.713128950446844101e-03,2.026281505823135376e-02,4.301379621028900146e-02,2.262882590293884277e-01,1.752905845642089844e-01,3.942585363984107971e-02,-3.420389024540781975e-03,-2.268259525299072266e-01,2.697350680828094482e-01,-6.445487588644027710e-02,6.135996431112289429e-02,-9.133651107549667358e-02,2.668483741581439972e-02,6.939530372619628906e-02,-9.728834033012390137e-02,-1.883533000946044922e-01,7.042188197374343872e-02,2.434349060058593750e-01,-4.789428040385246277e-02,-2.804460823535919189e-01,4.481772184371948242e-01,8.898082375526428223e-02,-5.005181953310966492e-02,-1.827004253864288330e-01,1.367794275283813477e-01,5.419171974062919617e-02,4.180745035409927368e-02,3.184696733951568604e-01,-3.285805508494377136e-02,6.645864993333816528e-02,-3.228626251220703125e-01,-1.269496977329254150e-01
-6.282204389572143555e-02,2.107670605182647705e-01,1.082013770937919617e-01,7.213344424962997437e-02,-8.534560352563858032e-02,2.110349247232079506e-03,1.817326098680496216e-01,-6.431692838668823242e-02,2.040621936321258545e-01,5.880185365676879883e-01,1.284627020359039307e-01,9.999998211860656738e-01,1.370026022195816040e-01,-2.650080993771553040e-02,5.180223584175109863e-01,5.037601590156555176e-01,1.695856451988220215e-01,9.337342530488967896e-02,8.494547009468078613e-02,5.981306731700897217e-02,-9.826639667153358459e-03,-1.650086492300033569e-01,-5.803745985031127930e-02,-2.028075605630874634e-01,-5.916486680507659912e-02,1.863828450441360474e-01,8.167836815118789673e-03,-2.305393340066075325e-03,1.145289614796638489e-01,-3.245898708701133728e-02,2.775844372808933258e-02,-5.394331738352775574e-02,1.913256570696830750e-02,1.462754141539335251e-02,2.541035711765289307e-01,-3.766535222530364990e-02,-6.171931046992540359e-03,3.748106062412261963e-01,4.272941052913665771e-01,1.762675046920776367e-01,-1.501641329377889633e-02,2.585328519344329834e-01,5.413664877414703369e-02,2.470829337835311890e-01,3.600657880306243896e-01,2.162359654903411865e-01,-1.564728468656539917e-01,-2.796298861503601074e-01
-7.871781289577484131e-02,-5.964124202728271484e-02,9.521286934614181519e-02,5.973836407065391541e-02,-3.249265998601913452e-02,1.191989108920097351e-01,1.779569387435913086e-01,-1.067365929484367371e-01,1.207814831286668777e-02,3.302488625049591064e-01,6.064532324671745300e-03,1.370026022195816040e-01,9.999999403953552246e-01,-9.825714677572250366e-02,6.296344567090272903e-03,3.103068470954895020e-01,2.852191925048828125e-01,1.842729300260543823e-01,2.539775669574737549e-01,2.886762320995330811e-01,2.905419170856475830e-01,1.715152561664581299e-01,3.642453551292419434e-01,2.761548459529876709e-01,-1.351326853036880493e-01,5.847216770052909851e-02,-7.399572432041168213e-02,-9.230217337608337402e-02,9.166690520942211151e-03,1.415902376174926758e-01,2.135733664035797119e-01,1.749265044927597046e-01,-1.197864487767219543e-01,-1.497498597018420696e-04,1.368326991796493530e-01,3.228556215763092041e-01,9.127820841968059540e-03,1.020840108394622803e-01,1.129273474216461182e-01,2.586884200572967529e-01,-9.452825039625167847e-02,2.382439523935317993e-01,4.055684804916381836e-01,3.691299259662628174e-02,1.757231205701828003e-01,4.278392195701599121e-01,1.791017353534698486e-01,1.740086078643798828e-01
-7.490511983633041382e-02,-1.556589305400848389e-01,-2.221971191465854645e-02,1.182213947176933289e-01,7.460077293217182159e-03,-6.455345451831817627e-02,8.992564678192138672e-02,5.904772281646728516e-01,1.765740662813186646e-01,-2.130792886018753052e-01,5.284591913223266602e-01,-2.650080993771553040e-02,-9.825714677572250366e-02,9.999995827674865723e-01,2.749228477478027344e-01,-2.072226405143737793e-01,9.019846469163894653e-02,6.886994838714599609e-02,1.339044719934463501e-01,1.962094306945800781e-01,1.689788997173309326e-01,7.461375743150711060e-02,8.567320182919502258e-03,-2.471729665994644165e-01,1.509249359369277954e-01,5.521992221474647522e-02,-6.526586413383483887e-02,-1.596247106790542603e-01,-9.599385410547256470e-02,1.356664672493934631e-02,-9.388343989849090576e-02,-1.712270081043243408e-01,-1.038446873426437378e-01,1.557597219944000244e-01,-1.600122302770614624e-01,-2.749146521091461182e-01,6.442776918411254883e-01,-3.321062400937080383e-02,-1.598983108997344971e-01,-2.277215570211410522e-01,-4.509545490145683289e-02,-1.372823119163513184e-01,2.981479465961456299e-02,7.213816791772842407e-02,-9.375432878732681274e-02,1.090169418603181839e-03,-2.630791664123535156e-01,-1.284983456134796143e-01
-1.549863517284393311e-01,1.880445331335067749e-02,1.067233178764581680e-02,6.907704472541809082e-02,-7.422538101673126221e-02,-1.126735508441925049e-01,1.105579659342765808e-01,2.045423239469528198e-01,3.170030415058135986e-01,3.174065351486206055e-01,4.407123327255249023e-01,5.180223584175109863e-01,6.296344567090272903e-03,2.749228477478027344e-01,9.999999403953552246e-01,3.171427249908447266e-01,1.897646486759185791e-01,5.503614991903305054e-02,7.181205600500106812e-02,1.969413310289382935e-01,9.685249626636505127e-02,-1.126844063401222229e-01,-1.024362593889236450e-01,-2.966728508472442627e-01,2.280495874583721161e-02,2.411775058135390282e-03,-9.975606948137283325e-02,-1.758885532617568970e-01,5.613915622234344482e-02,9.598766267299652100e-02,3.149632737040519714e-02,-2.537256479263305664e-01,-8.583918958902359009e-02,1.108020842075347900e-01,2.449586391448974609e-01,-1.818768680095672607e-01,2.521455883979797363e-01,5.267928838729858398e-01,3.709065616130828857e-01,5.594631191343069077e-03,-1.839182339608669281e-02,7.823232561349868774e-02,4.504834115505218506e-02,2.358988672494888306e-01,2.315767705440521240e-01,1.003875210881233215e-01,-3.755634725093841553e-01,-4.223315119743347168e-01
-1.378475129604339600e-01,3.378697112202644348e-02,1.137504652142524719e-01,1.143994508311152458e-03,-1.745168417692184448e-01,-3.087578341364860535e-02,1.331076472997665405e-01,-3.101414740085601807e-01,9.793691337108612061e-03,3.945002257823944092e-01,-1.326426714658737183e-01,5.037601590156555176e-01,3.103068470954895020e-01,-2.072226405143737793e-01,3.171427249908447266e-01,9.999999403953552246e-01,2.789109945297241211e-01,7.877948880195617676e-02,1.700354069471359253e-01,2.345480024814605713e-02,-2.654104679822921753e-02,-1.326343715190887451e-01,-6.890861317515373230e-03,-9.832110255956649780e-02,-2.161524593830108643e-01,1.817019283771514893e-01,-1.014589816331863403e-01,-9.130895882844924927e-02,3.718994557857513428e-02,4.711283743381500244e-02,8.243458718061447144e-02,3.224563226103782654e-02,-9.607975184917449951e-02,-1.641778498888015747e-01,4.324757754802703857e-01,1.366906613111495972e-01,-2.042371630668640137e-01,4.529874920845031738e-01,6.204819679260253906e-01,4.388233125209808350e-01,-5.989143252372741699e-02,2.134397178888320923e-01,1.504825055599212646e-01,8.736763894557952881e-02,3.261810541152954102e-01,2.239132672548294067e-01,-1.548102870583534241e-02,-2.429178506135940552e-01
-2.884902358055114746e-01,-2.181914150714874268e-01,2.589716315269470215e-01,4.445602595806121826e-01,-2.414577007293701172e-01,-3.980414196848869324e-02,6.133543252944946289e-01,-9.504250437021255493e-02,-9.641990065574645996e-03,1.611789911985397339e-01,5.713128950446844101e-03,1.695856451988220215e-01,2.852191925048828125e-01,9.019846469163894653e-02,1.897646486759185791e-01,2.789109945297241211e-01,1.000000119209289551e+00,5.976194739341735840e-01,5.754322409629821777e-01,5.155655145645141602e-01,4.682852625846862793e-01,1.709375083446502686e-01,5.829705297946929932e-02,-5.853563547134399414e-02,-2.992699444293975830e-01,1.889504194259643555e-01,-3.098398745059967041e-01,-2.579700052738189697e-01,-9.694058448076248169e-02,3.209907412528991699e-01,3.866795599460601807e-01,-5.083201918751001358e-03,-3.591960966587066650e-01,9.583811461925506592e-02,2.846680581569671631e-01,-5.291943624615669250e-02,1.057499051094055176e-01,2.469683587551116943e-01,2.596785128116607666e-01,1.764832250773906708e-02,-2.255638390779495239e-01,4.480109736323356628e-02,4.155961573123931885e-01,-9.432263672351837158e-02,4.547240957617759705e-02,3.194504082202911377e-01,-6.002519279718399048e-02,-2.771700322628021240e-01
-1.896714121103286743e-01,-1.598916947841644287e-01,1.145593971014022827e-01,2.473414838314056396e-01,-1.794975548982620239e-01,-1.424573212862014771e-01,3.538729846477508545e-01,-2.396116405725479126e-02,-9.847971796989440918e-02,9.433435648679733276e-02,2.026281505823135376e-02,9.337342530488967896e-02,1.842729300260543823e-01,6.886994838714599609e-02,5.503614991903305054e-02,7.877948880195617676e-02,5.976194739341735840e-01,1.000000119209289551e+00,3.642619550228118896e-01,4.037853181362152100e-01,4.428675472736358643e-01,2.550017237663269043e-01,5.186069756746292114e-02,-3.622613102197647095e-02,-1.206152215600013733e-01,-1.200200431048870087e-02,-2.071943134069442749e-01,-2.082510888576507568e-01,-2.179164141416549683e-01,2.561888098716735840e-01,4.473443329334259033e-01,9.886127710342407227e-02,-1.888592392206192017e-01,9.075211733579635620e-02,1.070837676525115967e-01,-9.822902083396911621e-02,5.465538427233695984e-02,2.655397541821002960e-02,7.957519590854644775e-02,-9.728989005088806152e-02,-1.587207317352294922e-01,-1.062260717153549194e-01,2.689013481140136719e-01,-1.512151509523391724e-01,-5.222726985812187195e-02,2.286595702171325684e-01,6.523894611746072769e-03,-1.303920000791549683e-01
-1.779890805482864380e-01,-1.564336866140365601e-01,2.872655987739562988e-01,4.704179465770721436e-01,-1.961566507816314697e-01,4.967390000820159912e-02,4.736226499080657959e-01,-9.514699876308441162e-02,-1.785328611731529236e-02,5.844867229461669922e-02,4.301379621028900146e-02,8.494547009468078613e-02,2.539775669574737549e-01,1.339044719934463501e-01,7.181205600500106812e-02,1.700354069471359253e-01,5.754322409629821777e-01,3.642619550228118896e-01,9.999998807907104492e-01,5.800630450248718262e-01,5.067395567893981934e-01,1.883275210857391357e-01,1.648745089769363403e-01,-9.651997685432434082e-02,-2.408807724714279175e-01,1.726399660110473633e-01,-2.141644805669784546e-01,-1.216871812939643860e-01,-4.380959644913673401e-02,2.231549322605133057e-01,1.370200812816619873e-01,-7.042733579874038696e-02,-3.068220913410186768e-01,1.012708097696304321e-01,1.964785158634185791e-01,-7.537913322448730469e-02,1.256674379110336304e-01,1.708080768585205078e-01,2.002752870321273804e-01,4.585205018520355225e-02,-1.899281889200210571e-01,7.355314493179321289e-02,3.759222924709320068e-01,-3.658132255077362061e-02,6.411799043416976929e-02,3.345423340797424316e-01,-1.465894430875778198e-01,-2.695417404174804688e-01
-1.543732434511184692e-01,-1.148887947201728821e-01,2.019363045692443848e-01,3.836435079574584961e-01,-1.102391723543405533e-02,2.240798063576221466e-02,3.998038470745086670e-01,6.634668260812759399e-02,2.600281536579132080e-01,1.207608208060264587e-01,2.262882590293884277e-01,5.981306731700897217e-02,2.886762320995330811e-01,1.962094306945800781e-01,1.969413310289382935e-01,2.345480024814605713e-02,5.155655145645141602e-01,4.037853181362152100e-01,5.800630450248718262e-01,9.999995827674865723e-01,7.375249266624450684e-01,2.903882861137390137e-01,2.780325710773468018e-01,-6.208674237132072449e-02,-1.458752006292343140e-01,-2.080794423818588257e-02,-2.279007732868194580e-01,-1.616001576185226440e-01,-7.698983699083328247e-02,3.314232826232910156e-01,1.735075563192367554e-01,-1.889541000127792358e-01,-3.017316758632659912e-01,1.257482469081878662e-01,1.420764327049255371e-01,-9.517879784107208252e-02,2.588380277156829834e-01,1.706388890743255615e-01,1.917089968919754028e-01,-4.126920923590660095e-02,-8.473255485296249390e-02,2.488342300057411194e-02,4.846543967723846436e-01,1.549163758754730225e-01,-6.260733306407928467e-02,3.498614728450775146e-01,-2.593529224395751953e-01,-2.305318713188171387e-01
-1.988095939159393311e-01,-1.389545649290084839e-01,1.715417355298995972e-01,3.343458473682403564e-01,-1.596912182867527008e-02,-1.963024027645587921e-02,3.502358794212341309e-01,6.675568968057632446e-02,1.933567374944686890e-01,3.555914759635925293e-02,1.752905845642089844e-01,-9.826639667153358459e-03,2.905419170856475830e-01,1.689788997173309326e-01,9.685249626636505127e-02,-2.654104679822921753e-02,4.682852625846862793e-01,4.428675472736358643e-01,5.067395567893981934e-01,7.375249266624450684e-01,9.999998211860656738e-01,4.153973758220672607e-01,2.402077019214630127e-01,-5.279039219021797180e-02,-1.714342832565307617e-01,-2.290128357708454132e-02,-2.448426634073257446e-01,-2.004431933164596558e-01,-8.759392797946929932e-02,2.810457050800323486e-01,1.955120712518692017e-01,-1.688647270202636719e-01,-2.856878042221069336e-01,1.955851167440414429e-01,5.541329458355903625e-02,-1.355719566345214844e-01,2.252905368804931641e-01,9.383493661880493164e-02,1.207287460565567017e-01,-5.495559424161911011e-02,-9.855076670646667480e-02,-6.324898451566696167e-02,4.226855039596557617e-01,9.816023707389831543e-02,-1.304970085620880127e-01,2.522817254066467285e-01,-2.413222193717956543e-01,-1.520029008388519287e-01
-1.360812932252883911e-01,-1.766931861639022827e-01,4.656768590211868286e-02,1.681434065103530884e-01,-4.104232043027877808e-02,-1.199244558811187744e-01,1.441788971424102783e-01,-1.682110503315925598e-02,-3.658971935510635376e-02,-1.910207420587539673e-01,3.942585363984107971e-02,-1.650086492300033569e-01,1.715152561664581299e-01,7.461375743150711060e-02,-1.126844063401222229e-01,-1.326343715190887451e-01,1.709375083446502686e-01,2.550017237663269043e-01,1.883275210857391357e-01,2.903882861137390137e-01,4.153973758220672607e-01,9.999995827674865723e-01,1.872479766607284546e-01,1.193122938275337219e-01,-1.862244158983230591e-01,-3.337873890995979309e-02,-2.060762196779251099e-01,-1.479296386241912842e-01,-6.243300810456275940e-02,8.964823186397552490e-02,3.236100375652313232e-01,1.870094090700149536e-01,-2.123744189739227295e-01,1.271706819534301758e-01,-4.255179688334465027e-02,-3.866236284375190735e-02,1.392115056514739990e-01,-4.662944003939628601e-02,-5.899629369378089905e-02,6.901795417070388794e-02,-1.195991486310958862e-01,-1.083814799785614014e-01,2.562148123979568481e-02,-9.176173061132431030e-02,-1.754722446203231812e-01,-6.039756909012794495e-02,-4.999971389770507812e-02,2.893671095371246338e-01
2.599530518054962158e-01,5.364534631371498108e-02,-3.577905893325805664e-02,7.136682979762554169e-04,2.288629263639450073e-01,1.365595161914825439e-01,1.887095626443624496e-03,1.150553375482559204e-01,7.008544355630874634e-02,1.739908941090106964e-02,-3.420389024540781975e-03,-5.803745985031127930e-02,3.642453551292419434e-01,8.567320182919502258e-03,-1.024362593889236450e-01,-6.890861317515373230e-03,5.829705297946929932e-02,5.186069756746292114e-02,1.648745089769363403e-01,2.780325710773468018e-01,2.402077019214630127e-01,1.872479766607284546e-01,1.000000000000000000e+00,4.579923748970031738e-01,1.546035856008529663e-01,-4.170506820082664490e-02,1.478854119777679443e-01,2.372660189867019653e-01,1.327579915523529053e-01,6.212871894240379333e-02,6.697063893079757690e-02,8.228477090597152710e-02,8.760480582714080811e-02,-5.324000492691993713e-02,4.760312149301171303e-04,5.388829112052917480e-01,2.006648033857345581e-01,-6.063515902496874332e-04,-3.462625667452812195e-02,3.843258619308471680e-01,1.353783905506134033e-01,1.546300761401653290e-02,2.463419362902641296e-02,9.273260086774826050e-02,-5.502251163125038147e-02,4.593899846076965332e-02,1.187272667884826660e-01,2.767632305622100830e-01
2.272453457117080688e-01,5.200561881065368652e-02,-4.843300580978393555e-02,-2.952976152300834656e-02,1.517854183912277222e-01,1.607103496789932251e-01,-6.032382696866989136e-02,-3.600644320249557495e-02,-1.513602286577224731e-01,-2.149483375251293182e-02,-2.268259525299072266e-01,-2.028075605630874634e-01,2.761548459529876709e-01,-2.471729665994644165e-01,-2.966728508472442627e-01,-9.832110255956649780e-02,-5.853563547134399414e-02,-3.622613102197647095e-02,-9.651997685432434082e-02,-6.208674237132072449e-02,-5.279039219021797180e-02,1.193122938275337219e-01,4.579923748970031738e-01,9.999999403953552246e-01,4.960472509264945984e-02,-1.026167124509811401e-01,1.726007312536239624e-01,2.652485072612762451e-01,1.765443682670593262e-01,4.612263664603233337e-02,3.331986665725708008e-01,4.419218003749847412e-01,1.568665653467178345e-01,-4.167112335562705994e-02,-1.396113820374011993e-02,5.938010215759277344e-01,-4.545463249087333679e-02,-8.287493139505386353e-02,-1.997255831956863403e-01,2.876904010772705078e-01,7.735151797533035278e-02,1.127393469214439392e-01,1.198789011687040329e-02,-9.571637958288192749e-02,2.715022489428520203e-02,4.673735797405242920e-02,6.318624019622802734e-01,5.154419541358947754e-01
6.184141635894775391e-01,4.010393321514129639e-01,-2.240137904882431030e-01,-1.802509278059005737e-01,5.302934050559997559e-01,2.913553416728973389e-01,-2.588318586349487305e-01,5.437057614326477051e-01,2.674091160297393799e-01,-3.032747097313404083e-02,2.697350680828094482e-01,-5.916486680507659912e-02,-1.351326853036880493e-01,1.509249359369277954e-01,2.280495874583721161e-02,-2.161524593830108643e-01,-2.992699444293975830e-01,-1.206152215600013733e-01,-2.408807724714279175e-01,-1.458752006292343140e-01,-1.714342832565307617e-01,-1.862244158983230591e-01,1.546035856008529663e-01,4.960472509264945984e-02,1.000000000000000000e+00,-1.991002112627029419e-01,6.568022966384887695e-01,5.282552838325500488e-01,1.796459108591079712e-01,-1.512871235609054565e-01,-2.019615471363067627e-01,-1.445819903165102005e-02,6.582660079002380371e-01,5.212727468460798264e-03,-1.245688647031784058e-01,7.208434492349624634e-02,1.503180265426635742e-01,-9.444536268711090088e-02,-2.596583664417266846e-01,-9.359279274940490723e-02,4.597192108631134033e-01,9.806343913078308105e-02,-1.633808016777038574e-01,3.085034489631652832e-01,-2.244487032294273376e-02,-4.940640181303024292e-02,-4.913527145981788635e-02,1.693096160888671875e-01
-1.358969956636428833e-01,-4.375761747360229492e-02,2.404146939516067505e-01,1.532785892486572266e-01,-1.867805123329162598e-01,-3.567514568567276001e-02,4.050589203834533691e-01,-7.929151505231857300e-02,-7.759248465299606323e-02,4.271471127867698669e-02,-6.445487588644027710e-02,1.863828450441360474e-01,5.847216770052909851e-02,5.521992221474647522e-02,2.411775058135390282e-03,1.817019283771514893e-01,1.889504194259643555e-01,-1.200200431048870087e-02,1.726399660110473633e-01,-2.080794423818588257e-02,-2.290128357708454132e-02,-3.337873890995979309e-02,-4.170506820082664490e-02,-1.026167124509811401e-01,-1.991002112627029419e-01,9.999995827674865723e-01,-7.829497754573822021e-02,-6.433246284723281860e-02,9.842190146446228027e-02,-8.470221608877182007e-02,1.570204459130764008e-02,8.251240476965904236e-03,-1.190089806914329529e-01,1.342238336801528931e-01,8.157267421483993530e-02,2.293276973068714142e-02,8.165276795625686646e-02,1.398373842239379883e-01,1.885837316513061523e-01,1.178310662508010864e-01,-1.286994367837905884e-01,2.826084569096565247e-02,-4.623842984437942505e-02,-3.459822013974189758e-02,1.065124347805976868e-01,8.175597526133060455e-03,-2.294699102640151978e-02,-9.003007411956787109e-02
6.602029204368591309e-01,5.423883199691772461e-01,-2.102076113224029541e-01,-1.197825521230697632e-01,5.181729793548583984e-01,3.908701241016387939e-01,-2.072390019893646240e-01,3.566787242889404297e-01,1.919599026441574097e-01,8.351040631532669067e-02,6.135996431112289429e-02,8.167836815118789673e-03,-7.399572432041168213e-02,-6.526586413383483887e-02,-9.975606948137283325e-02,-1.014589816331863403e-01,-3.098398745059967041e-01,-2.071943134069442749e-01,-2.141644805669784546e-01,-2.279007732868194580e-01,-2.448426634073257446e-01,-2.060762196779251099e-01,1.478854119777679443e-01,1.726007312536239624e-01,6.568022966384887695e-01,-7.829497754573822021e-02,1.000000000000000000e+00,6.483144164085388184e-01,3.436678349971771240e-01,-1.451640129089355469e-01,-1.738707274198532104e-01,7.473231852054595947e-02,7.444368600845336914e-01,-2.027614414691925049e-02,5.747405439615249634e-02,2.289410978555679321e-01,1.348748616874217987e-02,-1.376748271286487579e-02,-1.609738171100616455e-01,6.581756472587585449e-02,5.088890194892883301e-01,2.678417265415191650e-01,-1.011197641491889954e-01,3.236245512962341309e-01,1.368156224489212036e-01,3.333023935556411743e-02,1.132244840264320374e-01,2.279071807861328125e-01
7.372820377349853516e-01,5.710104107856750488e-01,-2.285212278366088867e-02,5.470971763134002686e-02,5.837062001228332520e-01,4.777082800865173340e-01,-1.089957877993583679e-01,1.968051344156265259e-01,1.517432034015655518e-01,1.015529707074165344e-01,-9.133651107549667358e-02,-2.305393340066075325e-03,-9.230217337608337402e-02,-1.596247106790542603e-01,-1.758885532617568970e-01,-9.130895882844924927e-02,-2.579700052738189697e-01,-2.082510888576507568e-01,-1.216871812939643860e-01,-1.616001576185226440e-01,-2.004431933164596558e-01,-1.479296386241912842e-01,2.372660189867019653e-01,2.652485072612762451e-01,5.282552838325500488e-01,-6.433246284723281860e-02,6.483144164085388184e-01,1.000000119209289551e+00,4.286308884620666504e-01,-1.637276113033294678e-01,-1.311717033386230469e-01,1.225177645683288574e-01,6.218439936637878418e-01,-1.087680757045745850e-01,-2.306566387414932251e-02,3.143636286258697510e-01,-8.267863839864730835e-02,-9.435079246759414673e-02,-1.585721373558044434e-01,1.173673197627067566e-01,5.774427652359008789e-01,3.191503584384918213e-01,-1.012302115559577942e-01,3.324426710605621338e-01,1.074505746364593506e-01,1.024243794381618500e-02,1.486120223999023438e-01,2.639973461627960205e-01
3.391567468643188477e-01,3.206302523612976074e-01,-1.494154334068298340e-01,2.150098085403442383e-01,3.457856476306915283e-01,4.814950227737426758e-01,6.994082778692245483e-02,1.050541475415229797e-01,1.781127899885177612e-01,6.169970333576202393e-02,2.668483741581439972e-02,1.145289614796638489e-01,9.166690520942211151e-03,-9.599385410547256470e-02,5.613915622234344482e-02,3.718994557857513428e-02,-9.694058448076248169e-02,-2.179164141416549683e-01,-4.380959644913673401e-02,-7.698983699083328247e-02,-8.759392797946929932e-02,-6.243300810456275940e-02,1.327579915523529053e-01,1.765443682670593262e-01,1.796459108591079712e-01,9.842190146446228027e-02,3.436678349971771240e-01,4.286308884620666504e-01,9.999999403953552246e-01,8.589400351047515869e-02,-2.717527560889720917e-02,5.567318201065063477e-02,2.882768511772155762e-01,4.661644995212554932e-02,8.057168126106262207e-02,2.310473620891571045e-01,-2.239616587758064270e-02,1.665511131286621094e-01,-6.518677342683076859e-03,1.491430401802062988e-01,2.908974885940551758e-01,3.440051972866058350e-01,1.362651586532592773e-02,2.817875146865844727e-01,2.507007718086242676e-01,-4.203588888049125671e-02,6.161156296730041504e-02,9.367454051971435547e-02
-1.885811239480972290e-01,-1.449458897113800049e-01,-1.495949923992156982e-01,2.305713295936584473e-01,-8.017236739397048950e-02,3.281509876251220703e-02,2.768614590167999268e-01,-3.525678813457489014e-02,6.876186281442642212e-02,7.626047730445861816e-02,6.939530372619628906e-02,-3.245898708701133728e-02,1.415902376174926758e-01,1.356664672493934631e-02,9.598766267299652100e-02,4.711283743381500244e-02,3.209907412528991699e-01,2.561888098716735840e-01,2.231549322605133057e-01,3.314232826232910156e-01,2.810457050800323486e-01,8.964823186397552490e-02,6.212871894240379333e-02,4.612263664603233337e-02,-1.512871235609054565e-01,-8.470221608877182007e-02,-1.451640129089355469e-01,-1.637276113033294678e-01,8.589400351047515869e-02,9.999993443489074707e-01,3.398292660713195801e-01,7.346049696207046509e-02,-2.429137378931045532e-01,3.235992789268493652e-02,2.785306274890899658e-01,2.494714222848415375e-02,5.590302124619483948e-02,1.364713013172149658e-01,1.245697513222694397e-01,-7.748367264866828918e-03,-6.465259939432144165e-02,9.634631127119064331e-02,3.238481581211090088e-01,-4.447770118713378906e-02,1.140731349587440491e-01,2.746278345584869385e-01,4.526006802916526794e-02,-7.818650454282760620e-02
-2.187724262475967407e-01,-1.766551733016967773e-01,4.867056012153625488e-02,2.149899899959564209e-01,-1.827142238616943359e-01,-1.162478178739547729e-01,3.084060549736022949e-01,-1.228781566023826599e-01,-1.291101723909378052e-01,6.330738961696624756e-02,-9.728834033012390137e-02,2.775844372808933258e-02,2.135733664035797119e-01,-9.388343989849090576e-02,3.149632737040519714e-02,8.243458718061447144e-02,3.866795599460601807e-01,4.473443329334259033e-01,1.370200812816619873e-01,1.735075563192367554e-01,1.955120712518692017e-01,3.236100375652313232e-01,6.697063893079757690e-02,3.331986665725708008e-01,-2.019615471363067627e-01,1.570204459130764008e-02,-1.738707274198532104e-01,-1.311717033386230469e-01,-2.717527560889720917e-02,3.398292660713195801e-01,9.999999403953552246e-01,5.015988349914550781e-01,-1.939274519681930542e-01,8.623959869146347046e-02,1.469771713018417358e-01,1.326879262924194336e-01,4.057008307427167892e-03,1.168513521552085876e-01,4.869151860475540161e-02,5.629843845963478088e-02,-1.762968152761459351e-01,5.322231911122798920e-03,1.752411276102066040e-01,-1.905317306518554688e-01,9.196563810110092163e-02,1.395287066698074341e-01,3.505281507968902588e-01,2.024206519126892090e-01
5.824766680598258972e-02,-3.067474812269210815e-02,-7.741827517747879028e-02,5.783399101346731186e-03,-1.383348833769559860e-02,6.297799199819564819e-02,2.771881222724914551e-02,-1.194484755396842957e-01,-2.646361291408538818e-01,-1.606217771768569946e-02,-1.883533000946044922e-01,-5.394331738352775574e-02,1.749265044927597046e-01,-1.712270081043243408e-01,-2.537256479263305664e-01,3.224563226103782654e-02,-5.083201918751001358e-03,9.886127710342407227e-02,-7.042733579874038696e-02,-1.889541000127792358e-01,-1.688647270202636719e-01,1.870094090700149536e-01,8.228477090597152710e-02,4.419218003749847412e-01,-1.445819903165102005e-02,8.251240476965904236e-03,7.473231852054595947e-02,1.225177645683288574e-01,5.567318201065063477e-02,7.346049696207046509e-02,5.015988349914550781e-01,9.999999403953552246e-01,5.658388882875442505e-02,-8.064196258783340454e-02,-8.952389471232891083e-03,2.731519937515258789e-01,-1.626854687929153442e-01,-1.438459753990173340e-01,-1.474848538637161255e-01,2.020176202058792114e-01,-1.630689017474651337e-02,1.057494282722473145e-01,1.007449440658092499e-02,-2.109385877847671509e-01,1.431359797716140747e-01,9.638005495071411133e-02,5.896809697151184082e-01,5.145791172981262207e-01
