1.000000357627868652e+00,-2.872631549835205078e-01,3.514089286327362061e-01,3.478528261184692383e-01,5.104086995124816895e-01,2.433088719844818115e-01,6.814727187156677246e-02,4.205271601676940918e-01,1.115281041711568832e-02,-1.190470308065414429e-01,2.050266265869140625e-01,1.459039300680160522e-01,-1.262539923191070557e-01,-1.425063610076904297e-01,-1.083208099007606506e-01,7.072117924690246582e-02,-3.644850850105285645e-02,-1.041460409760475159e-01,-1.372217088937759399e-01,-8.426551520824432373e-02,1.881092786788940430e-01,1.734807193279266357e-01,1.579686626791954041e-02,-2.512745559215545654e-01,6.830882430076599121e-01,-6.749702244997024536e-02,4.035774767398834229e-01,7.747660875320434570e-01,2.849776744842529297e-01,-1.133781448006629944e-01,-3.841605782508850098e-01,-2.573359906673431396e-01,5.232628583908081055e-01,-3.040482401847839355e-01,-3.533999919891357422e-01,-3.177330493927001953e-01,-3.844813704490661621e-01,-2.750748395919799805e-01,-1.122805848717689514e-01,-4.799485206604003906e-02,3.950800299644470215e-01,-2.736321091651916504e-01,-4.128293395042419434e-01,-3.176385164260864258e-01,-2.693250775337219238e-01,-3.684159517288208008e-01,-2.970159649848937988e-01,1.239944845438003540e-01
-2.872631549835205078e-01,1.000000000000000000e+00,2.035413235425949097e-01,1.699157804250717163e-01,7.956342399120330811e-02,3.658931851387023926e-01,4.239273369312286377e-01,1.165980696678161621e-01,2.121533006429672241e-01,3.620937466621398926e-01,1.274674534797668457e-01,1.167644858360290527e-01,3.714423775672912598e-01,2.905872464179992676e-01,2.702628672122955322e-01,2.435828447341918945e-01,4.140026271343231201e-01,3.989332318305969238e-01,4.766125679016113281e-01,4.309576451778411865e-01,1.577057093381881714e-01,2.207605727016925812e-02,5.767221748828887939e-02,2.146163024008274078e-02,-1.480220407247543335e-01,3.656308948993682861e-01,1.662299036979675293e-01,-4.201836138963699341e-02,3.301891088485717773e-01,3.854158222675323486e-01,3.741528391838073730e-01,8.024320751428604126e-02,5.221271142363548279e-02,4.403752088546752930e-01,3.878386020660400391e-01,1.523497998714447021e-01,4.180241525173187256e-01,3.098740279674530029e-01,2.367419749498367310e-01,5.686845630407333374e-02,2.424978166818618774e-01,6.598986983299255371e-01,5.991974472999572754e-01,4.157330393791198730e-01,5.314002037048339844e-01,6.076429486274719238e-01,3.249215707182884216e-02,-1.364824026823043823e-01
3.514089286327362061e-01,2.035413235425949097e-01,1.000000357627868652e+00,6.138975620269775391e-01,3.238653838634490967e-01,3.564965724945068359e-01,4.515002071857452393e-01,2.349723726511001587e-01,1.364871114492416382e-01,1.604163199663162231e-01,4.887777864933013916e-01,4.494772851467132568e-01,3.021527528762817383e-01,1.874157190322875977e-01,1.770329177379608154e-01,3.176100850105285645e-01,3.021121621131896973e-01,2.049247920513153076e-01,6.581813842058181763e-02,2.396922707557678223e-01,5.446503162384033203e-01,2.203859537839889526e-01,-2.029106952250003815e-02,-1.890811473131179810e-01,1.636531651020050049e-01,4.129688441753387451e-01,3.418835401535034180e-01,4.990020692348480225e-01,3.190554976463317871e-01,2.685108482837677002e-01,-4.920687153935432434e-02,-1.391298621892929077e-01,1.741031259298324585e-01,5.739495903253555298e-02,1.283196806907653809e-01,-6.299150735139846802e-02,7.571391761302947998e-02,1.654241532087326050e-01,1.847561746835708618e-01,-1.600425839424133301e-01,3.302531838417053223e-01,1.273404210805892944e-01,2.743701823055744171e-02,-8.375241607427597046e-02,1.950609982013702393e-01,6.982258707284927368e-02,-1.952091157436370850e-01,-8.482262492179870605e-02
3.478528261184692383e-01,1.699157804250717163e-01,6.138975620269775391e-01,1.000000000000000000e+00,4.259507358074188232e-01,3.942939639091491699e-01,6.463990807533264160e-01,1.327213048934936523e-01,-1.070910990238189697e-01,-7.789348810911178589e-02,8.374175429344177246e-02,1.220289170742034912e-01,2.004878968000411987e-01,-1.770554110407829285e-02,1.914752423763275146e-01,2.165641784667968750e-01,3.364126682281494141e-01,3.513775467872619629e-01,3.615800142288208008e-01,4.144969284534454346e-01,3.432641923427581787e-01,2.836633622646331787e-01,-1.613566428422927856e-01,-2.103521972894668579e-01,1.248998120427131653e-01,3.394697904586791992e-01,2.097377628087997437e-01,3.598238527774810791e-01,3.280560076236724854e-01,7.776328176259994507e-02,-8.103547990322113037e-02,-2.151104658842086792e-01,1.608365327119827271e-01,9.218185395002365112e-02,7.828407734632492065e-02,-1.122032105922698975e-01,6.920326501131057739e-02,7.169783860445022583e-02,5.379617214202880859e-02,-9.506060183048248291e-02,3.480465710163116455e-01,9.966730326414108276e-02,5.854392051696777344e-02,-1.653225719928741455e-01,-3.318467736244201660e-02,-3.483605012297630310e-02,-2.150066643953323364e-01,-9.320802241563796997e-02
5.104086995124816895e-01,7.956342399120330811e-02,3.238653838634490967e-01,4.259507358074188232e-01,1.000000000000000000e+00,6.414943337440490723e-01,4.108896851539611816e-01,1.643847972154617310e-01,-1.585476547479629517e-01,8.479190059006214142e-03,2.179606445133686066e-02,2.715093493461608887e-01,2.841361761093139648e-01,-1.734715327620506287e-02,2.167686372995376587e-01,1.528052538633346558e-01,4.487716034054756165e-02,3.704174607992172241e-02,1.595973968505859375e-01,3.298744261264801025e-01,3.124460577964782715e-01,2.104462385177612305e-01,-1.945665776729583740e-01,-2.869209647178649902e-01,3.355174064636230469e-01,1.506256163120269775e-01,3.057179152965545654e-01,4.292915463447570801e-01,1.497200131416320801e-01,-6.051529571413993835e-02,-3.290809094905853271e-01,-2.931984663009643555e-01,3.481645584106445312e-01,3.716071601957082748e-03,-4.991557821631431580e-02,-3.598200082778930664e-01,-1.891014352440834045e-02,-3.028571978211402893e-02,-1.493062525987625122e-01,-1.363002061843872070e-01,5.211391448974609375e-01,2.681989409029483795e-02,-8.118856698274612427e-02,-2.147451490163803101e-01,-1.086148098111152649e-01,-1.249338909983634949e-01,-2.653519511222839355e-01,-1.312446743249893188e-01
2.433088719844818115e-01,3.658931851387023926e-01,3.564965724945068359e-01,3.942939639091491699e-01,6.414943337440490723e-01,9.999997615814208984e-01,6.442031860351562500e-01,2.612380385398864746e-01,2.475357055664062500e-01,3.293410837650299072e-01,2.698581516742706299e-01,3.298532962799072266e-01,3.624267280101776123e-01,1.930363029241561890e-01,3.670555651187896729e-01,2.454201430082321167e-01,4.319646358489990234e-01,3.644147217273712158e-01,3.927615582942962646e-01,3.774508833885192871e-01,2.270706146955490112e-01,1.585440337657928467e-01,-6.496383994817733765e-02,-1.857750266790390015e-01,2.015172839164733887e-01,3.999117910861968994e-01,3.228023350238800049e-01,3.214638531208038330e-01,2.319526225328445435e-01,4.195167869329452515e-02,-9.388703852891921997e-02,-1.811049133539199829e-01,2.433737963438034058e-01,1.807384938001632690e-01,3.995443880558013916e-02,-1.406968832015991211e-01,1.715217530727386475e-01,1.834613829851150513e-01,3.347322111949324608e-03,-1.134978085756301880e-01,6.325033307075500488e-01,3.561598360538482666e-01,1.921917647123336792e-01,-1.258977949619293213e-01,1.483174413442611694e-01,1.519568413496017456e-01,-1.772273629903793335e-01,-1.243539974093437195e-01
6.814727187156677246e-02,4.239273369312286377e-01,4.515002071857452393e-01,6.463990807533264160e-01,4.108896851539611816e-01,6.442031860351562500e-01,1.000000000000000000e+00,1.083171516656875610e-01,8.729341626167297363e-02,1.359508633613586426e-01,1.157160475850105286e-01,1.413627117872238159e-01,2.402085512876510620e-01,8.578536659479141235e-02,3.252905607223510742e-01,2.186851203441619873e-01,6.497199535369873047e-01,5.890895724296569824e-01,5.340421199798583984e-01,3.740620911121368408e-01,1.377159804105758667e-01,1.992468386888504028e-01,-1.450749039649963379e-01,-1.443099677562713623e-01,3.090600855648517609e-02,5.939812064170837402e-01,1.799519509077072144e-01,1.785065382719039917e-01,2.665557861328125000e-01,1.133602932095527649e-01,7.184147089719772339e-02,-1.507480144500732422e-01,7.523132115602493286e-02,2.742443084716796875e-01,1.857659369707107544e-01,-1.629897742532193661e-03,2.532844841480255127e-01,2.323737889528274536e-01,6.793709099292755127e-02,-9.310165792703628540e-02,4.593589603900909424e-01,4.039567410945892334e-01,3.178634047508239746e-01,-8.646522462368011475e-02,1.506384313106536865e-01,2.261237055063247681e-01,-1.607427895069122314e-01,-1.281946748495101929e-01
4.205271601676940918e-01,1.165980696678161621e-01,2.349723726511001587e-01,1.327213048934936523e-01,1.643847972154617310e-01,2.612380385398864746e-01,1.083171516656875610e-01,9.999999403953552246e-01,4.817298948764801025e-01,2.129154205322265625e-01,5.790953636169433594e-01,3.466837108135223389e-01,5.781070888042449951e-02,3.260183334350585938e-01,1.637389361858367920e-01,3.354936242103576660e-01,2.341741323471069336e-01,2.067321985960006714e-01,2.711349539458751678e-02,-8.756897598505020142e-02,5.796314030885696411e-02,7.324583083391189575e-02,3.555541038513183594e-01,-1.332499980926513672e-01,5.924953818321228027e-01,2.754058688879013062e-02,2.090862691402435303e-01,4.817301034927368164e-01,2.644518315792083740e-01,5.102547258138656616e-02,-1.026360392570495605e-01,-1.066117212176322937e-01,6.786368489265441895e-01,1.876504123210906982e-01,-1.503030396997928619e-02,-2.289121970534324646e-02,1.004465222358703613e-01,1.077802479267120361e-01,2.079491764307022095e-01,1.987182348966598511e-01,3.386322557926177979e-01,1.059606224298477173e-01,8.375328779220581055e-02,1.734959483146667480e-01,-9.547042101621627808e-02,4.079347476363182068e-02,-2.023199945688247681e-01,1.329965889453887939e-01
1.115281041711568832e-02,2.121533006429672241e-01,1.364871114492416382e-01,-1.070910990238189697e-01,-1.585476547479629517e-01,2.475357055664062500e-01,8.729341626167297363e-02,4.817298948764801025e-01,1.000000000000000000e+00,7.149038314819335938e-01,6.466145515441894531e-01,4.157032966613769531e-01,1.330162584781646729e-01,2.911612391471862793e-01,9.801980108022689819e-02,2.533418834209442139e-01,3.892570436000823975e-01,2.872670888900756836e-01,2.458925358951091766e-02,-1.122810989618301392e-01,4.723821207880973816e-02,-5.334396660327911377e-02,3.357819616794586182e-01,-2.711125649511814117e-02,1.143434271216392517e-01,1.383311897516250610e-01,1.486865431070327759e-01,1.255230456590652466e-01,-1.350641716271638870e-02,9.253629297018051147e-02,1.168268918991088867e-01,-3.099927213042974472e-03,2.148124724626541138e-01,1.192759275436401367e-01,5.744417198002338409e-03,2.047304511070251465e-01,6.771402806043624878e-02,1.152438074350357056e-01,2.350308299064636230e-01,1.075263693928718567e-01,1.980489492416381836e-01,2.540318667888641357e-01,1.823075860738754272e-01,3.106822073459625244e-01,3.243258595466613770e-01,3.725113868713378906e-01,-6.672535091638565063e-02,2.470620349049568176e-02
-1.190470308065414429e-01,3.620937466621398926e-01,1.604163199663162231e-01,-7.789348810911178589e-02,8.479190059006214142e-03,3.293410837650299072e-01,1.359508633613586426e-01,2.129154205322265625e-01,7.149038314819335938e-01,1.000000119209289551e+00,4.802573621273040771e-01,4.685599803924560547e-01,3.965949416160583496e-01,2.964287400245666504e-01,1.832483261823654175e-01,3.223114907741546631e-01,3.015505075454711914e-01,2.185369729995727539e-01,7.224436104297637939e-02,1.388991326093673706e-01,2.567776143550872803e-01,2.165928855538368225e-02,2.677015662193298340e-01,-8.978975564241409302e-02,-1.091765388846397400e-01,1.595418900251388550e-01,1.606405377388000488e-01,-1.012448221445083618e-02,-1.116459071636199951e-01,1.309223920106887817e-01,1.747010201215744019e-01,1.371310930699110031e-02,-5.183320354262832552e-06,1.630296558141708374e-01,1.140359044075012207e-01,1.293487101793289185e-01,1.712739169597625732e-01,1.897968798875808716e-01,2.698419392108917236e-01,6.424985826015472412e-02,1.660623550415039062e-01,3.346687257289886475e-01,2.460687011480331421e-01,2.980123460292816162e-01,5.021749138832092285e-01,5.432769656181335449e-01,-8.289286494255065918e-02,-1.010512560606002808e-01
2.050266265869140625e-01,1.274674534797668457e-01,4.887777864933013916e-01,8.374175429344177246e-02,2.179606445133686066e-02,2.698581516742706299e-01,1.157160475850105286e-01,5.790953636169433594e-01,6.466145515441894531e-01,4.802573621273040771e-01,1.000000119209289551e+00,6.670969128608703613e-01,2.404705435037612915e-01,4.273031055927276611e-01,2.554652690887451172e-01,4.334559142589569092e-01,2.781634926795959473e-01,2.007668018341064453e-01,-1.035533919930458069e-01,-5.317837372422218323e-02,3.438678085803985596e-01,9.520723670721054077e-02,3.190824389457702637e-01,-1.384529918432235718e-01,1.983627080917358398e-01,1.947346478700637817e-01,2.161200195550918579e-01,3.933953046798706055e-01,1.421481817960739136e-01,2.424011528491973877e-01,2.849966660141944885e-02,-3.527702018618583679e-02,2.466591149568557739e-01,1.824179440736770630e-01,1.510377377271652222e-01,9.175993502140045166e-02,1.049384623765945435e-01,2.448837608098983765e-01,2.997551858425140381e-01,4.593188688158988953e-02,2.913607954978942871e-01,1.383651494979858398e-01,6.066543608903884888e-02,9.642834961414337158e-02,1.995756775140762329e-01,1.572819650173187256e-01,-1.561044305562973022e-01,-5.037503782659769058e-03
1.459039300680160522e-01,1.167644858360290527e-01,4.494772851467132568e-01,1.220289170742034912e-01,2.715093493461608887e-01,3.298532962799072266e-01,1.413627117872238159e-01,3.466837108135223389e-01,4.157032966613769531e-01,4.685599803924560547e-01,6.670969128608703613e-01,1.000000119209289551e+00,4.171067774295806885e-01,3.273324370384216309e-01,3.066070973873138428e-01,3.585327565670013428e-01,1.609131842851638794e-01,9.494084119796752930e-02,-1.742176264524459839e-01,1.135241463780403137e-01,5.541467666625976562e-01,1.103326007723808289e-01,1.254869252443313599e-01,-6.056279689073562622e-02,1.005837097764015198e-01,1.152429059147834778e-01,1.455580145120620728e-01,2.648578584194183350e-01,-3.707522898912429810e-02,2.110108733177185059e-01,4.695166368037462234e-03,-4.225004091858863831e-02,1.891103684902191162e-01,1.640590727329254150e-01,2.207210063934326172e-01,7.803796976804733276e-02,1.029365658760070801e-01,2.113319635391235352e-01,2.023874670267105103e-01,-4.856108874082565308e-02,2.567188441753387451e-01,1.270171850919723511e-01,7.355416566133499146e-02,1.092046201229095459e-01,1.694475710391998291e-01,1.526655107736587524e-01,-7.316512614488601685e-02,-9.690741449594497681e-02
-1.262539923191070557e-01,3.714423775672912598e-01,3.021527528762817383e-01,2.004878968000411987e-01,2.841361761093139648e-01,3.624267280101776123e-01,2.402085512876510620e-01,5.781070888042449951e-02,1.330162584781646729e-01,3.965949416160583496e-01,2.404705435037612915e-01,4.171067774295806885e-01,9.999995827674865723e-01,3.024298250675201416e-01,3.976673781871795654e-01,4.457952082157135010e-01,1.397523656487464905e-02,1.323035806417465210e-01,2.539476156234741211e-01,5.590205788612365723e-01,5.560452342033386230e-01,3.618323802947998047e-01,2.227016836404800415e-01,-2.076675891876220703e-01,-2.310875505208969116e-01,1.347371637821197510e-01,6.318742036819458008e-02,1.460743322968482971e-02,7.583468407392501831e-02,3.540970981121063232e-01,1.756997406482696533e-01,-1.872450113296508789e-01,-4.698431119322776794e-03,2.710962295532226562e-01,3.529883027076721191e-01,-3.476648777723312378e-02,2.963345348834991455e-01,3.538005650043487549e-01,3.010168671607971191e-01,1.444224175065755844e-02,2.320633381605148315e-01,2.585798203945159912e-01,3.447970747947692871e-01,9.148739278316497803e-02,2.313458174467086792e-01,3.457019031047821045e-01,-1.308214068412780762e-01,-1.715944260358810425e-01
-1.425063610076904297e-01,2.905872464179992676e-01,1.874157190322875977e-01,-1.770554110407829285e-02,-1.734715327620506287e-02,1.930363029241561890e-01,8.578536659479141235e-02,3.260183334350585938e-01,2.911612391471862793e-01,2.964287400245666504e-01,4.273031055927276611e-01,3.273324370384216309e-01,3.024298250675201416e-01,9.999995827674865723e-01,4.718860387802124023e-01,3.213910758495330811e-01,2.101173400878906250e-01,2.030442953109741211e-01,1.583600640296936035e-01,2.010475099086761475e-01,1.660866737365722656e-01,3.758151829242706299e-02,1.837824881076812744e-01,-8.695963025093078613e-02,-4.595005520968697965e-05,1.576828211545944214e-01,8.632715046405792236e-02,4.697618074715137482e-03,1.066941767930984497e-01,1.815084517002105713e-01,9.037263691425323486e-02,4.079143982380628586e-03,1.005004197359085083e-01,3.495965003967285156e-01,2.684697806835174561e-01,1.236139312386512756e-01,5.998049974441528320e-01,5.216895937919616699e-01,3.755851089954376221e-01,1.074002757668495178e-01,9.326267987489700317e-02,2.666198909282684326e-01,2.563873529434204102e-01,9.131548553705215454e-02,1.682211905717849731e-01,2.518657147884368896e-01,-4.123386740684509277e-02,-1.821755617856979370e-01
-1.083208099007606506e-01,2.702628672122955322e-01,1.770329177379608154e-01,1.914752423763275146e-01,2.167686372995376587e-01,3.670555651187896729e-01,3.252905607223510742e-01,1.637389361858367920e-01,9.801980108022689819e-02,1.832483261823654175e-01,2.554652690887451172e-01,3.066070973873138428e-01,3.976673781871795654e-01,4.718860387802124023e-01,1.000000715255737305e+00,5.030292272567749023e-01,2.098052799701690674e-01,2.513395547866821289e-01,2.295223325490951538e-01,3.284021317958831787e-01,1.814310401678085327e-01,1.331384927034378052e-01,1.008687391877174377e-01,-2.734209410846233368e-02,-1.162428259849548340e-01,1.576071679592132568e-01,-7.123037241399288177e-03,-1.416657585650682449e-02,8.844447135925292969e-02,1.951604485511779785e-01,1.104387268424034119e-01,-2.966858819127082825e-02,3.880006819963455200e-02,5.604749321937561035e-01,4.243023693561553955e-01,1.265663057565689087e-01,4.030469655990600586e-01,6.857576370239257812e-01,2.128302305936813354e-01,6.902770698070526123e-02,9.318139404058456421e-02,2.196514010429382324e-01,2.359837889671325684e-01,5.191465467214584351e-02,1.182536557316780090e-01,1.817512959241867065e-01,5.878354981541633606e-02,-1.457397192716598511e-01
7.072117924690246582e-02,2.435828447341918945e-01,3.176100850105285645e-01,2.165641784667968750e-01,1.528052538633346558e-01,2.454201430082321167e-01,2.186851203441619873e-01,3.354936242103576660e-01,2.533418834209442139e-01,3.223114907741546631e-01,4.334559142589569092e-01,3.585327565670013428e-01,4.457952082157135010e-01,3.213910758495330811e-01,5.030292272567749023e-01,9.999999403953552246e-01,1.453091651201248169e-01,2.348496019840240479e-01,1.785617172718048096e-01,1.875487565994262695e-01,2.399926334619522095e-01,3.066231608390808105e-01,4.777099192142486572e-01,-3.367261588573455811e-01,4.379570856690406799e-02,3.245965763926506042e-02,1.636853814125061035e-01,1.454035490751266479e-01,8.634782582521438599e-02,1.488155722618103027e-01,-9.920307202264666557e-04,-1.800382733345031738e-01,1.352341473102569580e-01,4.179556071758270264e-01,3.291306495666503906e-01,2.167808264493942261e-02,2.338726669549942017e-01,5.094926953315734863e-01,5.059934258460998535e-01,1.785896569490432739e-01,2.636156380176544189e-01,1.737612187862396240e-01,1.565793603658676147e-01,-8.215708658099174500e-03,2.173958271741867065e-01,2.376952767372131348e-01,-2.869386374950408936e-01,-2.431932464241981506e-02
-3.644850850105285645e-02,4.140026271343231201e-01,3.021121621131896973e-01,3.364126682281494141e-01,4.487716034054756165e-02,4.319646358489990234e-01,6.497199535369873047e-01,2.341741323471069336e-01,3.892570436000823975e-01,3.015505075454711914e-01,2.781634926795959473e-01,1.609131842851638794e-01,1.397523656487464905e-02,2.101173400878906250e-01,2.098052799701690674e-01,1.453091651201248169e-01,1.000000119209289551e+00,7.304142713546752930e-01,4.614527821540832520e-01,1.788580864667892456e-01,7.086540572345256805e-03,2.052145078778266907e-02,1.823973096907138824e-02,-5.791132152080535889e-02,3.609908372163772583e-02,5.326559543609619141e-01,1.290744543075561523e-01,9.770573675632476807e-02,2.425597757101058960e-01,1.113049909472465515e-01,2.203565388917922974e-01,4.624509811401367188e-02,4.775979556143283844e-03,2.468179315328598022e-01,1.069110408425331116e-01,1.951575726270675659e-01,2.488227486610412598e-01,1.814987808465957642e-01,1.871833056211471558e-01,-5.785047635436058044e-02,2.667576372623443604e-01,4.949470460414886475e-01,3.840021789073944092e-01,7.859967648983001709e-02,2.541946470737457275e-01,3.413241207599639893e-01,-1.306137740612030029e-01,-7.544714212417602539e-02
-1.041460409760475159e-01,3.989332318305969238e-01,2.049247920513153076e-01,3.513775467872619629e-01,3.704174607992172241e-02,3.644147217273712158e-01,5.890895724296569824e-01,2.067321985960006714e-01,2.872670888900756836e-01,2.185369729995727539e-01,2.007668018341064453e-01,9.494084119796752930e-02,1.323035806417465210e-01,2.030442953109741211e-01,2.513395547866821289e-01,2.348496019840240479e-01,7.304142713546752930e-01,9.999999403953552246e-01,5.788128376007080078e-01,3.123063743114471436e-01,5.954705178737640381e-02,2.698764503002166748e-01,8.933800458908081055e-02,-1.053654849529266357e-01,-3.159553185105323792e-02,3.790619969367980957e-01,1.530867666006088257e-01,3.216658532619476318e-02,1.961019039154052734e-01,8.679015934467315674e-02,3.296993076801300049e-01,9.698324650526046753e-02,-1.254006940871477127e-02,3.253733515739440918e-01,1.750560253858566284e-01,1.748066842555999756e-01,2.677373588085174561e-01,2.512401938438415527e-01,2.636921107769012451e-01,-7.844823412597179413e-03,2.415284067392349243e-01,4.264506697654724121e-01,5.084178447723388672e-01,3.423945978283882141e-02,2.424230426549911499e-01,3.782580792903900146e-01,-1.413405388593673706e-01,-1.285484433174133301e-01
-1.372217088937759399e-01,4.766125679016113281e-01,6.581813842058181763e-02,3.615800142288208008e-01,1.595973968505859375e-01,3.927615582942962646e-01,5.340421199798583984e-01,2.711349539458751678e-02,2.458925358951091766e-02,7.224436104297637939e-02,-1.035533919930458069e-01,-1.742176264524459839e-01,2.539476156234741211e-01,1.583600640296936035e-01,2.295223325490951538e-01,1.785617172718048096e-01,4.614527821540832520e-01,5.788128376007080078e-01,9.999998211860656738e-01,5.927137136459350586e-01,1.053075585514307022e-02,1.596971750259399414e-01,-4.329671338200569153e-02,-2.837918102741241455e-01,-1.288782954216003418e-01,2.632521092891693115e-01,4.473339021205902100e-02,-1.079149395227432251e-01,2.321318089962005615e-01,6.767378002405166626e-02,8.994743973016738892e-02,-2.271086573600769043e-01,-2.887779101729393005e-02,2.569648325443267822e-01,1.536418944597244263e-01,-6.240972504019737244e-02,3.336416184902191162e-01,1.815850734710693359e-01,1.174821332097053528e-01,1.086811423301696777e-01,2.655954062938690186e-01,4.548866450786590576e-01,5.336897373199462891e-01,-6.383890751749277115e-03,1.078535765409469604e-01,3.303674757480621338e-01,-2.608480155467987061e-01,-1.919152736663818359e-01
-8.426551520824432373e-02,4.309576451778411865e-01,2.396922707557678223e-01,4.144969284534454346e-01,3.298744261264801025e-01,3.774508833885192871e-01,3.740620911121368408e-01,-8.756897598505020142e-02,-1.122810989618301392e-01,1.388991326093673706e-01,-5.317837372422218323e-02,1.135241463780403137e-01,5.590205788612365723e-01,2.010475099086761475e-01,3.284021317958831787e-01,1.875487565994262695e-01,1.788580864667892456e-01,3.123063743114471436e-01,5.927137136459350586e-01,1.000000119209289551e+00,5.588322877883911133e-01,3.029645383358001709e-01,-1.356342285871505737e-01,-2.293645739555358887e-01,-2.244940996170043945e-01,1.696712821722030640e-01,1.028824448585510254e-01,-5.456468090415000916e-03,2.201753705739974976e-01,2.679943740367889404e-01,2.087866812944412231e-01,-1.461871564388275146e-01,-8.772922307252883911e-02,2.195704430341720581e-01,2.827047407627105713e-01,-7.839097827672958374e-02,2.421322017908096313e-01,1.858893930912017822e-01,5.472296848893165588e-02,-6.068286020308732986e-03,2.820560634136199951e-01,4.253092408180236816e-01,4.767559468746185303e-01,-2.248785831034183502e-02,2.315743416547775269e-01,3.263433277606964111e-01,-1.596000492572784424e-01,-2.657473981380462646e-01
1.881092786788940430e-01,1.577057093381881714e-01,5.446503162384033203e-01,3.432641923427581787e-01,3.124460577964782715e-01,2.270706146955490112e-01,1.377159804105758667e-01,5.796314030885696411e-02,4.723821207880973816e-02,2.567776143550872803e-01,3.438678085803985596e-01,5.541467666625976562e-01,5.560452342033386230e-01,1.660866737365722656e-01,1.814310401678085327e-01,2.399926334619522095e-01,7.086540572345256805e-03,5.954705178737640381e-02,1.053075585514307022e-02,5.588322877883911133e-01,9.999997019767761230e-01,4.023793041706085205e-01,1.515792915597558022e-03,-1.895183622837066650e-01,-3.376313671469688416e-02,1.051931828260421753e-01,2.349245846271514893e-01,3.166638612747192383e-01,1.371110975742340088e-01,3.720966577529907227e-01,1.542351692914962769e-01,-8.598560839891433716e-02,3.735546721145510674e-03,2.585797570645809174e-02,1.824772953987121582e-01,-9.001904726028442383e-02,8.860900066792964935e-03,9.782792627811431885e-02,1.299454718828201294e-01,-7.593008130788803101e-02,2.220715880393981934e-01,1.246177181601524353e-01,1.358622312545776367e-01,-2.758900634944438934e-02,2.433446347713470459e-01,1.533668637275695801e-01,-1.428333073854446411e-01,-1.315062642097473145e-01
1.734807193279266357e-01,2.207605727016925812e-02,2.203859537839889526e-01,2.836633622646331787e-01,2.104462385177612305e-01,1.585440337657928467e-01,1.992468386888504028e-01,7.324583083391189575e-02,-5.334396660327911377e-02,2.165928855538368225e-02,9.520723670721054077e-02,1.103326007723808289e-01,3.618323802947998047e-01,3.758151829242706299e-02,1.331384927034378052e-01,3.066231608390808105e-01,2.052145078778266907e-02,2.698764503002166748e-01,1.596971750259399414e-01,3.029645383358001709e-01,4.023793041706085205e-01,9.999997615814208984e-01,1.971738189458847046e-01,-1.394539773464202881e-01,8.618243038654327393e-02,-4.872608557343482971e-02,1.913818120956420898e-01,2.552240788936614990e-01,1.119360402226448059e-01,2.160521000623703003e-01,2.790189683437347412e-01,4.988154023885726929e-02,2.122064866125583649e-02,9.852116554975509644e-02,1.503242105245590210e-01,3.490871563553810120e-02,9.838512539863586426e-02,2.381229400634765625e-01,3.387924730777740479e-01,-6.253315135836601257e-03,2.252724617719650269e-01,-4.646134003996849060e-02,8.296304196119308472e-02,-2.029221057891845703e-01,1.874621212482452393e-02,4.494348168373107910e-02,-9.939598292112350464e-02,7.623659819364547729e-02
1.579686626791954041e-02,5.767221748828887939e-02,-2.029106952250003815e-02,-1.613566428422927856e-01,-1.945665776729583740e-01,-6.496383994817733765e-02,-1.450749039649963379e-01,3.555541038513183594e-01,3.357819616794586182e-01,2.677015662193298340e-01,3.190824389457702637e-01,1.254869252443313599e-01,2.227016836404800415e-01,1.837824881076812744e-01,1.008687391877174377e-01,4.777099192142486572e-01,1.823973096907138824e-02,8.933800458908081055e-02,-4.329671338200569153e-02,-1.356342285871505737e-01,1.515792915597558022e-03,1.971738189458847046e-01,1.000000357627868652e+00,-8.930872380733489990e-02,1.298149228096008301e-01,-1.268254220485687256e-01,1.773406714200973511e-01,9.707324206829071045e-02,-5.135905928909778595e-03,1.376559585332870483e-01,6.068948283791542053e-02,-1.835285918787121773e-03,1.438313722610473633e-01,1.150248497724533081e-01,-2.902284637093544006e-02,9.777784347534179688e-02,5.342218652367591858e-02,1.655214428901672363e-01,4.906219840049743652e-01,4.600064158439636230e-01,5.261545255780220032e-02,1.144364774227142334e-01,1.791737228631973267e-01,1.156302168965339661e-01,9.607112407684326172e-02,1.856618523597717285e-01,-1.193009391427040100e-01,3.686387240886688232e-01
-2.512745559215545654e-01,2.146163024008274078e-02,-1.890811473131179810e-01,-2.103521972894668579e-01,-2.869209647178649902e-01,-1.857750266790390015e-01,-1.443099677562713623e-01,-1.332499980926513672e-01,-2.711125649511814117e-02,-8.978975564241409302e-02,-1.384529918432235718e-01,-6.056279689073562622e-02,-2.076675891876220703e-01,-8.695963025093078613e-02,-2.734209410846233368e-02,-3.367261588573455811e-01,-5.791132152080535889e-02,-1.053654849529266357e-01,-2.837918102741241455e-01,-2.293645739555358887e-01,-1.895183622837066650e-01,-1.394539773464202881e-01,-8.930872380733489990e-02,9.999994635581970215e-01,-1.090020015835762024e-01,3.062464855611324310e-02,-9.224258363246917725e-02,-1.693149507045745850e-01,-3.523990884423255920e-02,1.101235672831535339e-01,3.578130900859832764e-01,5.999745726585388184e-01,-6.698932498693466187e-02,1.621801406145095825e-02,1.300476640462875366e-01,5.682311058044433594e-01,-6.205069366842508316e-03,5.785919725894927979e-02,-9.602951258420944214e-02,-1.025378778576850891e-01,-2.233237624168395996e-01,4.543481394648551941e-02,3.972085192799568176e-02,1.877981275320053101e-01,1.294484734535217285e-01,5.608778819441795349e-02,8.477662801742553711e-01,1.999513953924179077e-01
6.830882430076599121e-01,-1.480220407247543335e-01,1.636531651020050049e-01,1.248998120427131653e-01,3.355174064636230469e-01,2.015172839164733887e-01,3.090600855648517609e-02,5.924953818321228027e-01,1.143434271216392517e-01,-1.091765388846397400e-01,1.983627080917358398e-01,1.005837097764015198e-01,-2.310875505208969116e-01,-4.595005520968697965e-05,-1.162428259849548340e-01,4.379570856690406799e-02,3.609908372163772583e-02,-3.159553185105323792e-02,-1.288782954216003418e-01,-2.244940996170043945e-01,-3.376313671469688416e-02,8.618243038654327393e-02,1.298149228096008301e-01,-1.090020015835762024e-01,9.999994039535522461e-01,-8.983608335256576538e-02,4.402871727943420410e-01,6.278399825096130371e-01,2.293320894241333008e-01,-1.308238953351974487e-01,-3.090335428714752197e-01,-1.183704659342765808e-01,6.933010220527648926e-01,-1.027816087007522583e-01,-2.941838502883911133e-01,-2.501133382320404053e-01,-1.385456472635269165e-01,-1.457171589136123657e-01,-5.606373772025108337e-02,3.928274661302566528e-02,3.063638806343078613e-01,-1.307747066020965576e-01,-2.340282797813415527e-01,-1.504643112421035767e-01,-2.070325314998626709e-01,-2.286886870861053467e-01,-1.670461297035217285e-01,2.115363329648971558e-01
-6.749702244997024536e-02,3.656308948993682861e-01,4.129688441753387451e-01,3.394697904586791992e-01,1.506256163120269775e-01,3.999117910861968994e-01,5.939812064170837402e-01,2.754058688879013062e-02,1.383311897516250610e-01,1.595418900251388550e-01,1.947346478700637817e-01,1.152429059147834778e-01,1.347371637821197510e-01,1.576828211545944214e-01,1.576071679592132568e-01,3.245965763926506042e-02,5.326559543609619141e-01,3.790619969367980957e-01,2.632521092891693115e-01,1.696712821722030640e-01,1.051931828260421753e-01,-4.872608557343482971e-02,-1.268254220485687256e-01,3.062464855611324310e-02,-8.983608335256576538e-02,9.999997019767761230e-01,1.701616495847702026e-01,1.341484487056732178e-01,4.260146915912628174e-01,3.115447461605072021e-01,2.061300724744796753e-01,9.784649126231670380e-03,-2.238524146378040314e-02,1.309343129396438599e-01,1.474784761667251587e-01,8.605016767978668213e-02,2.140936553478240967e-01,1.325247138738632202e-01,7.952350191771984100e-03,-1.282825320959091187e-01,2.295740097761154175e-01,2.996292412281036377e-01,1.929012089967727661e-01,1.101223099976778030e-02,1.798292994499206543e-01,1.558150798082351685e-01,-2.798595279455184937e-02,-2.615583240985870361e-01
4.035774767398834229e-01,1.662299036979675293e-01,3.418835401535034180e-01,2.097377628087997437e-01,3.057179152965545654e-01,3.228023350238800049e-01,1.799519509077072144e-01,2.090862691402435303e-01,1.486865431070327759e-01,1.606405377388000488e-01,2.161200195550918579e-01,1.455580145120620728e-01,6.318742036819458008e-02,8.632715046405792236e-02,-7.123037241399288177e-03,1.636853814125061035e-01,1.290744543075561523e-01,1.530867666006088257e-01,4.473339021205902100e-02,1.028824448585510254e-01,2.349245846271514893e-01,1.913818120956420898e-01,1.773406714200973511e-01,-9.224258363246917725e-02,4.402871727943420410e-01,1.701616495847702026e-01,1.000000357627868652e+00,4.938369095325469971e-01,3.291991651058197021e-01,9.380123019218444824e-02,7.460193242877721786e-03,2.509724535048007965e-02,2.983752191066741943e-01,-8.009948581457138062e-02,-1.847778856754302979e-01,-1.368671953678131104e-01,-1.731068640947341919e-02,-2.809636667370796204e-02,9.536758810281753540e-02,-1.231937669217586517e-02,3.235597014427185059e-01,1.711316704750061035e-01,5.327515304088592529e-02,-2.543128728866577148e-01,2.117101699113845825e-01,9.969938546419143677e-02,-1.286292523145675659e-01,-3.745488822460174561e-02
7.747660875320434570e-01,-4.201836138963699341e-02,4.990020692348480225e-01,3.598238527774810791e-01,4.292915463447570801e-01,3.214638531208038330e-01,1.785065382719039917e-01,4.817301034927368164e-01,1.255230456590652466e-01,-1.012448221445083618e-02,3.933953046798706055e-01,2.648578584194183350e-01,1.460743322968482971e-02,4.697618074715137482e-03,-1.416657585650682449e-02,1.454035490751266479e-01,9.770573675632476807e-02,3.216658532619476318e-02,-1.079149395227432251e-01,-5.456468090415000916e-03,3.166638612747192383e-01,2.552240788936614990e-01,9.707324206829071045e-02,-1.693149507045745850e-01,6.278399825096130371e-01,1.341484487056732178e-01,4.938369095325469971e-01,9.999997615814208984e-01,4.923123121261596680e-01,1.883926540613174438e-01,-1.275918185710906982e-01,-1.192474290728569031e-01,5.046530365943908691e-01,-6.198193877935409546e-02,-1.306735277175903320e-01,-1.902430206537246704e-01,-1.914289295673370361e-01,-9.089601784944534302e-02,1.170528773218393326e-02,-9.389091283082962036e-02,4.996725916862487793e-01,-6.376312673091888428e-02,-1.833958029747009277e-01,-2.110616862773895264e-01,-9.204235672950744629e-02,-1.768600046634674072e-01,-2.236403226852416992e-01,9.804108738899230957e-02
2.849776744842529297e-01,3.301891088485717773e-01,3.190554976463317871e-01,3.280560076236724854e-01,1.497200131416320801e-01,2.319526225328445435e-01,2.665557861328125000e-01,2.644518315792083740e-01,-1.350641716271638870e-02,-1.116459071636199951e-01,1.421481817960739136e-01,-3.707522898912429810e-02,7.583468407392501831e-02,1.066941767930984497e-01,8.844447135925292969e-02,8.634782582521438599e-02,2.425597757101058960e-01,1.961019039154052734e-01,2.321318089962005615e-01,2.201753705739974976e-01,1.371110975742340088e-01,1.119360402226448059e-01,-5.135905928909778595e-03,-3.523990884423255920e-02,2.293320894241333008e-01,4.260146915912628174e-01,3.291991651058197021e-01,4.923123121261596680e-01,1.000000119209289551e+00,4.915087819099426270e-01,2.323339134454727173e-01,-6.792326166760176420e-05,2.531282603740692139e-01,1.328666359186172485e-01,1.034318059682846069e-01,-1.326172612607479095e-02,6.260032951831817627e-02,9.250936657190322876e-02,6.264433264732360840e-02,-3.264981135725975037e-02,3.239920735359191895e-01,1.837288588285446167e-01,1.398170292377471924e-01,-3.693144768476486206e-02,-4.221007227897644043e-03,1.368201803416013718e-02,-8.047349005937576294e-02,-1.203681007027626038e-01
-1.133781448006629944e-01,3.854158222675323486e-01,2.685108482837677002e-01,7.776328176259994507e-02,-6.051529571413993835e-02,4.195167869329452515e-02,1.133602932095527649e-01,5.102547258138656616e-02,9.253629297018051147e-02,1.309223920106887817e-01,2.424011528491973877e-01,2.110108733177185059e-01,3.540970981121063232e-01,1.815084517002105713e-01,1.951604485511779785e-01,1.488155722618103027e-01,1.113049909472465515e-01,8.679015934467315674e-02,6.767378002405166626e-02,2.679943740367889404e-01,3.720966577529907227e-01,2.160521000623703003e-01,1.376559585332870483e-01,1.101235672831535339e-01,-1.308238953351974487e-01,3.115447461605072021e-01,9.380123019218444824e-02,1.883926540613174438e-01,4.915087819099426270e-01,1.000000357627868652e+00,5.532445907592773438e-01,1.454633176326751709e-01,-1.039591245353221893e-02,2.710133492946624756e-01,4.179889559745788574e-01,1.521459221839904785e-01,1.627461612224578857e-01,2.534700930118560791e-01,1.975536048412322998e-01,1.495240535587072372e-02,5.925241857767105103e-02,2.002831995487213135e-01,2.999786734580993652e-01,2.575013637542724609e-01,2.070067375898361206e-01,2.368185073137283325e-01,1.030930578708648682e-01,-9.872803837060928345e-02
-3.841605782508850098e-01,3.741528391838073730e-01,-4.920687153935432434e-02,-8.103547990322113037e-02,-3.290809094905853271e-01,-9.388703852891921997e-02,7.184147089719772339e-02,-1.026360392570495605e-01,1.168268918991088867e-01,1.747010201215744019e-01,2.849966660141944885e-02,4.695166368037462234e-03,1.756997406482696533e-01,9.037263691425323486e-02,1.104387268424034119e-01,-9.920307202264666557e-04,2.203565388917922974e-01,3.296993076801300049e-01,8.994743973016738892e-02,2.087866812944412231e-01,1.542351692914962769e-01,2.790189683437347412e-01,6.068948283791542053e-02,3.578130900859832764e-01,-3.090335428714752197e-01,2.061300724744796753e-01,7.460193242877721786e-03,-1.275918185710906982e-01,2.323339134454727173e-01,5.532445907592773438e-01,1.000000000000000000e+00,5.565280914306640625e-01,-2.098080664873123169e-01,2.944009900093078613e-01,3.990386426448822021e-01,4.847866296768188477e-01,1.886199265718460083e-01,2.639058530330657959e-01,2.214330732822418213e-01,-1.102244406938552856e-01,-1.009969115257263184e-01,3.092433512210845947e-01,4.325918555259704590e-01,2.478350996971130371e-01,3.463956415653228760e-01,4.055330455303192139e-01,3.192339837551116943e-01,-1.434250324964523315e-01
-2.573359906673431396e-01,8.024320751428604126e-02,-1.391298621892929077e-01,-2.151104658842086792e-01,-2.931984663009643555e-01,-1.811049133539199829e-01,-1.507480144500732422e-01,-1.066117212176322937e-01,-3.099927213042974472e-03,1.371310930699110031e-02,-3.527702018618583679e-02,-4.225004091858863831e-02,-1.872450113296508789e-01,4.079143982380628586e-03,-2.966858819127082825e-02,-1.800382733345031738e-01,4.624509811401367188e-02,9.698324650526046753e-02,-2.271086573600769043e-01,-1.461871564388275146e-01,-8.598560839891433716e-02,4.988154023885726929e-02,-1.835285918787121773e-03,5.999745726585388184e-01,-1.183704659342765808e-01,9.784649126231670380e-03,2.509724535048007965e-02,-1.192474290728569031e-01,-6.792326166760176420e-05,1.454633176326751709e-01,5.565280914306640625e-01,9.999997019767761230e-01,-1.739950478076934814e-01,1.112173870205879211e-01,1.826018095016479492e-01,5.282460451126098633e-01,4.769584536552429199e-02,8.749773353338241577e-02,1.302893459796905518e-01,-2.185411304235458374e-01,-2.501762211322784424e-01,9.216350317001342773e-02,9.117606282234191895e-02,1.445531398057937622e-01,2.794260680675506592e-01,1.866664588451385498e-01,5.463614463806152344e-01,3.614530712366104126e-02
5.232628583908081055e-01,5.221271142363548279e-02,1.741031259298324585e-01,1.608365327119827271e-01,3.481645584106445312e-01,2.433737963438034058e-01,7.523132115602493286e-02,6.786368489265441895e-01,2.148124724626541138e-01,-5.183320354262832552e-06,2.466591149568557739e-01,1.891103684902191162e-01,-4.698431119322776794e-03,1.005004197359085083e-01,3.880006819963455200e-02,1.352341473102569580e-01,4.775979556143283844e-03,-1.254006940871477127e-02,-2.887779101729393005e-02,-8.772922307252883911e-02,3.735546721145510674e-03,2.122064866125583649e-02,1.438313722610473633e-01,-6.698932498693466187e-02,6.933010220527648926e-01,-2.238524146378040314e-02,2.983752191066741943e-01,5.046530365943908691e-01,2.531282603740692139e-01,-1.039591245353221893e-02,-2.098080664873123169e-01,-1.739950478076934814e-01,1.000000357627868652e+00,7.050433754920959473e-02,-9.237767010927200317e-02,-1.174248531460762024e-01,-4.629124328494071960e-02,-4.933083802461624146e-02,-7.157883048057556152e-02,9.356609731912612915e-02,3.279993236064910889e-01,-3.555515781044960022e-02,-2.121231891214847565e-02,1.911039948463439941e-01,-2.090062648057937622e-01,-6.003511324524879456e-02,-1.110026314854621887e-01,6.831507384777069092e-02
