9.999997019767761230e-01,2.997888922691345215e-01,4.724279940128326416e-01,5.607109069824218750e-01,5.762512087821960449e-01,4.946058392524719238e-01,5.183675289154052734e-01,3.924475610256195068e-01,3.667049705982208252e-01,4.115088582038879395e-01,2.969345748424530029e-01,4.892294406890869141e-01,3.022591769695281982e-01,3.177545070648193359e-01,2.203688472509384155e-01,3.414023518562316895e-01,4.329255521297454834e-01,2.762671411037445068e-01,2.855261862277984619e-01,2.827545106410980225e-01,2.302523553371429443e-01,9.229097515344619751e-02,1.909394413232803345e-01,2.905110418796539307e-01,3.167901635169982910e-01,4.341863989830017090e-01,2.191368490457534790e-01,5.582317709922790527e-01,5.004866719245910645e-01,4.468516409397125244e-01,3.004941642284393311e-01,2.483022809028625488e-01,4.347215890884399414e-01,2.841598689556121826e-01,2.076572924852371216e-01,3.430554568767547607e-01,2.797144837677478790e-02,3.470943123102188110e-02,2.592741847038269043e-01,3.650757670402526855e-01,4.532154202461242676e-01,4.917392134666442871e-01,2.262064367532730103e-01,1.140941753983497620e-01,2.086365371942520142e-01,3.473522961139678955e-01,3.073698878288269043e-01,9.856290370225906372e-02
2.997888922691345215e-01,9.999998211860656738e-01,2.961785793304443359e-01,3.587222695350646973e-01,2.345754057168960571e-01,2.972244024276733398e-01,3.747823834419250488e-01,3.039878904819488525e-01,3.601645529270172119e-01,5.304557681083679199e-01,7.575482130050659180e-02,3.383192121982574463e-01,3.469932079315185547e-01,1.153136864304542542e-01,1.107010096311569214e-01,1.447608172893524170e-01,3.351017236709594727e-01,2.290480285882949829e-01,1.823062300682067871e-01,1.302752792835235596e-01,-1.260812208056449890e-02,1.096554547548294067e-01,2.019379138946533203e-01,2.499212920665740967e-01,5.468232184648513794e-02,2.243749499320983887e-01,2.457271665334701538e-01,2.007625848054885864e-01,2.893680930137634277e-01,1.633971333503723145e-01,1.344685852527618408e-01,6.305477768182754517e-02,2.392950654029846191e-01,1.940103918313980103e-01,1.212977841496467590e-01,4.131412208080291748e-01,1.293570697307586670e-01,1.768892630934715271e-02,1.129773855209350586e-01,2.726214826107025146e-01,5.013312101364135742e-01,5.824435353279113770e-01,1.647041290998458862e-01,6.239435076713562012e-01,7.553146481513977051e-01,4.524052739143371582e-01,2.511864900588989258e-01,2.577130496501922607e-01
4.724279940128326416e-01,2.961785793304443359e-01,9.999994635581970215e-01,6.254440546035766602e-01,2.285554260015487671e-01,2.256254553794860840e-01,6.022872924804687500e-01,2.537647783756256104e-01,3.764967620372772217e-01,2.521252036094665527e-01,6.648656725883483887e-02,3.234300613403320312e-01,3.207664787769317627e-01,4.961594194173812866e-02,-3.257186338305473328e-02,1.471090167760848999e-01,5.682483315467834473e-01,4.918844401836395264e-01,2.722775936126708984e-01,2.940473556518554688e-01,3.815337717533111572e-01,3.329252004623413086e-01,2.688690423965454102e-01,1.906458884477615356e-01,1.086851656436920166e-01,5.744390487670898438e-01,1.034340411424636841e-01,5.717640519142150879e-01,4.621204733848571777e-01,4.220218956470489502e-01,3.959552645683288574e-01,2.916721999645233154e-01,2.197741717100143433e-01,1.320919692516326904e-01,1.408555507659912109e-01,2.927691340446472168e-01,5.173807218670845032e-02,-1.911365240812301636e-01,1.783128231763839722e-01,2.570649087429046631e-01,3.706729710102081299e-01,3.773999810218811035e-01,1.636277437210083008e-01,2.435837686061859131e-01,2.992148995399475098e-01,2.101262658834457397e-01,2.513498365879058838e-01,3.765946924686431885e-01
5.607109069824218750e-01,3.587222695350646973e-01,6.254440546035766602e-01,9.999998211860656738e-01,3.869374990463256836e-01,3.486596941947937012e-01,7.588047385215759277e-01,2.172635644674301147e-01,4.917896389961242676e-01,3.366596996784210205e-01,3.255939483642578125e-02,3.455951511859893799e-01,1.765964180231094360e-01,2.932693064212799072e-02,1.957848109304904938e-02,1.513565480709075928e-01,6.437466740608215332e-01,4.615076184272766113e-01,6.015968322753906250e-01,4.309640526771545410e-01,1.748955696821212769e-01,1.746229529380798340e-01,6.668625026941299438e-02,3.452968895435333252e-01,-1.047799289226531982e-01,4.602725803852081299e-01,-2.152021825313568115e-01,4.190436005592346191e-01,5.083465576171875000e-01,3.082003295421600342e-01,3.035860955715179443e-01,3.054701685905456543e-01,2.273421548306941986e-02,1.605574637651443481e-01,1.647702604532241821e-01,3.871687054634094238e-01,-1.993951201438903809e-02,-6.388718634843826294e-02,2.901650965213775635e-01,3.527664542198181152e-01,5.064074397087097168e-01,5.851654410362243652e-01,3.124808371067047119e-01,2.182372510433197021e-01,2.470576912164688110e-01,3.756624460220336914e-01,4.007745981216430664e-01,1.505589187145233154e-01
5.762512087821960449e-01,2.345754057168960571e-01,2.285554260015487671e-01,3.869374990463256836e-01,1.000000238418579102e+00,8.121789097785949707e-01,4.492646157741546631e-01,2.976747453212738037e-01,2.948518991470336914e-01,3.959882259368896484e-01,2.404799610376358032e-01,3.304802477359771729e-01,2.096383869647979736e-01,1.970241516828536987e-01,2.133467793464660645e-01,2.734469175338745117e-01,3.223294615745544434e-01,1.658219546079635620e-01,3.121627569198608398e-01,2.259376645088195801e-01,1.021272167563438416e-01,3.476590290665626526e-02,1.012522131204605103e-01,3.312014341354370117e-01,1.214614808559417725e-01,3.645971715450286865e-01,5.983768403530120850e-02,4.049609005451202393e-01,4.274252057075500488e-01,2.509849071502685547e-01,2.318014651536941528e-01,2.241135537624359131e-01,2.515127956867218018e-01,1.661589443683624268e-01,1.126660853624343872e-01,2.678391337394714355e-01,3.670410066843032837e-02,1.265102326869964600e-01,2.504557073116302490e-01,2.813554108142852783e-01,5.590395331382751465e-01,4.679597914218902588e-01,2.843388319015502930e-01,3.448150679469108582e-02,1.561156213283538818e-01,3.067848384380340576e-01,3.204355239868164062e-01,-4.055225104093551636e-02
4.946058392524719238e-01,2.972244024276733398e-01,2.256254553794860840e-01,3.486596941947937012e-01,8.121789097785949707e-01,9.999995231628417969e-01,4.744703769683837891e-01,2.770885527133941650e-01,2.496660351753234863e-01,4.012230038642883301e-01,2.695491909980773926e-01,3.693214058876037598e-01,2.836679220199584961e-01,2.885717451572418213e-01,2.614891827106475830e-01,2.937501370906829834e-01,3.601156175136566162e-01,2.533414959907531738e-01,3.006651997566223145e-01,2.948948740959167480e-01,2.187996953725814819e-01,1.635388135910034180e-01,1.643723845481872559e-01,3.572407364845275879e-01,9.586862474679946899e-02,4.329890906810760498e-01,7.621106505393981934e-02,3.971236348152160645e-01,4.648184776306152344e-01,3.067675530910491943e-01,3.271469771862030029e-01,3.409776091575622559e-01,1.835640817880630493e-01,1.267061382532119751e-01,1.090173199772834778e-01,3.221303224563598633e-01,1.373616307973861694e-01,1.654628366231918335e-01,2.405614256858825684e-01,3.463992178440093994e-01,6.093920469284057617e-01,5.323362350463867188e-01,3.677039742469787598e-01,3.885344415903091431e-02,2.355574667453765869e-01,3.335577845573425293e-01,3.987151980400085449e-01,5.122966319322586060e-02
5.183675289154052734e-01,3.747823834419250488e-01,6.022872924804687500e-01,7.588047385215759277e-01,4.492646157741546631e-01,4.744703769683837891e-01,1.000000238418579102e+00,3.143338859081268311e-01,5.460640788078308105e-01,4.827972650527954102e-01,1.396170556545257568e-01,4.078589677810668945e-01,3.253536820411682129e-01,1.038250699639320374e-01,9.600526094436645508e-02,2.675631940364837646e-01,8.796392679214477539e-01,7.476310729980468750e-01,7.425119876861572266e-01,6.281327605247497559e-01,3.691048324108123779e-01,4.734057784080505371e-01,2.820496857166290283e-01,5.068960189819335938e-01,-7.043390721082687378e-02,6.524939537048339844e-01,-9.330265969038009644e-02,3.600967824459075928e-01,5.731889009475708008e-01,5.501994490623474121e-01,5.912317633628845215e-01,5.523510575294494629e-01,3.612013906240463257e-02,1.781138628721237183e-01,2.754842638969421387e-01,5.398075580596923828e-01,4.895223677158355713e-02,6.199437379837036133e-02,4.504441320896148682e-01,5.214109420776367188e-01,4.708259105682373047e-01,7.213036417961120605e-01,5.406687259674072266e-01,1.635081022977828979e-01,3.501091003417968750e-01,5.820005536079406738e-01,5.255447030067443848e-01,3.052620589733123779e-01
3.924475610256195068e-01,3.039878904819488525e-01,2.537647783756256104e-01,2.172635644674301147e-01,2.976747453212738037e-01,2.770885527133941650e-01,3.143338859081268311e-01,9.999997019767761230e-01,5.369170308113098145e-01,5.378520488739013672e-01,6.296960711479187012e-01,6.641148924827575684e-01,4.916878938674926758e-01,4.022361934185028076e-01,2.944526374340057373e-01,5.574607849121093750e-01,3.242649137973785400e-01,2.762453258037567139e-01,1.399528384208679199e-01,3.261688649654388428e-01,2.187456041574478149e-01,3.177486658096313477e-01,5.257461667060852051e-01,5.023092031478881836e-01,4.568377509713172913e-02,4.391933977603912354e-01,-6.839419156312942505e-02,2.262201011180877686e-01,4.045206308364868164e-01,4.231112599372863770e-01,3.775991201400756836e-01,3.677908480167388916e-01,4.624920785427093506e-01,4.739524126052856445e-01,4.979957640171051025e-01,5.091739296913146973e-01,1.964249014854431152e-01,8.613990247249603271e-02,3.509334623813629150e-01,4.286754131317138672e-01,3.126336932182312012e-01,4.301195740699768066e-01,3.421700596809387207e-01,4.962752163410186768e-01,1.944333612918853760e-01,4.674484133720397949e-01,3.037476837635040283e-01,4.532992839813232422e-01
3.667049705982208252e-01,3.601645529270172119e-01,3.764967620372772217e-01,4.917896389961242676e-01,2.948518991470336914e-01,2.496660351753234863e-01,5.460640788078308105e-01,5.369170308113098145e-01,1.000000357627868652e+00,6.036345958709716797e-01,3.287437856197357178e-01,5.659847855567932129e-01,2.788052558898925781e-01,5.030035972595214844e-02,1.109293177723884583e-01,3.081902265548706055e-01,5.161363482475280762e-01,4.121016561985015869e-01,3.768380582332611084e-01,4.252267777919769287e-01,9.965504705905914307e-02,2.501235902309417725e-01,2.715279459953308105e-01,4.696829617023468018e-01,-2.190823107957839966e-01,4.285634756088256836e-01,-1.956693828105926514e-01,1.951609700918197632e-01,3.899512588977813721e-01,3.579863607883453369e-01,3.732034564018249512e-01,3.725657761096954346e-01,1.756178885698318481e-01,2.455134540796279907e-01,3.642501235008239746e-01,5.406539440155029297e-01,2.955716289579868317e-02,3.265433944761753082e-03,3.295615911483764648e-01,4.292553365230560303e-01,3.886225521564483643e-01,5.684785842895507812e-01,3.359186947345733643e-01,4.451525807380676270e-01,3.117864727973937988e-01,4.840349853038787842e-01,3.523036241531372070e-01,3.764277696609497070e-01
4.115088582038879395e-01,5.304557681083679199e-01,2.521252036094665527e-01,3.366596996784210205e-01,3.959882259368896484e-01,4.012230038642883301e-01,4.827972650527954102e-01,5.378520488739013672e-01,6.036345958709716797e-01,9.999998211860656738e-01,3.007952868938446045e-01,5.978826284408569336e-01,5.034793019294738770e-01,2.375104874372482300e-01,1.984257400035858154e-01,4.445161223411560059e-01,4.753478169441223145e-01,4.008069336414337158e-01,3.384758234024047852e-01,4.642916917800903320e-01,1.914092600345611572e-01,3.136128187179565430e-01,4.439009428024291992e-01,4.929862618446350098e-01,-8.561013638973236084e-02,4.120387732982635498e-01,3.376220911741256714e-02,1.912695765495300293e-01,4.238277375698089600e-01,4.325341582298278809e-01,4.004551470279693604e-01,4.402690529823303223e-01,2.523500919342041016e-01,2.829084992408752441e-01,2.926393151283264160e-01,5.165226459503173828e-01,1.181679517030715942e-01,1.173617094755172729e-01,3.039165139198303223e-01,4.558874666690826416e-01,4.506708979606628418e-01,6.161773204803466797e-01,3.912985920906066895e-01,4.118831157684326172e-01,4.825225770473480225e-01,6.728910207748413086e-01,4.293945729732513428e-01,4.534429311752319336e-01
2.969345748424530029e-01,7.575482130050659180e-02,6.648656725883483887e-02,3.255939483642578125e-02,2.404799610376358032e-01,2.695491909980773926e-01,1.396170556545257568e-01,6.296960711479187012e-01,3.287437856197357178e-01,3.007952868938446045e-01,1.000000357627868652e+00,5.871612429618835449e-01,2.804174423217773438e-01,3.330473899841308594e-01,5.834726095199584961e-01,5.357706546783447266e-01,1.474995464086532593e-01,1.295236647129058838e-01,4.519938305020332336e-02,1.637518405914306641e-01,1.955948024988174438e-01,1.669464111328125000e-01,3.242170810699462891e-01,3.150283396244049072e-01,1.811603754758834839e-01,2.769328355789184570e-01,-5.055894330143928528e-02,2.018888443708419800e-01,2.827178239822387695e-01,2.959732711315155029e-01,2.757877111434936523e-01,2.509270310401916504e-01,2.764350175857543945e-01,2.347250282764434814e-01,3.530807793140411377e-01,3.579052984714508057e-01,1.531686186790466309e-01,2.936869859695434570e-01,3.153354823589324951e-01,2.868859767913818359e-01,2.119511663913726807e-01,2.819469273090362549e-01,2.222850322723388672e-01,9.935679286718368530e-02,1.999424211680889130e-02,2.028210461139678955e-01,1.894163191318511963e-01,1.748158633708953857e-01
4.892294406890869141e-01,3.383192121982574463e-01,3.234300613403320312e-01,3.455951511859893799e-01,3.304802477359771729e-01,3.693214058876037598e-01,4.078589677810668945e-01,6.641148924827575684e-01,5.659847855567932129e-01,5.978826284408569336e-01,5.871612429618835449e-01,9.999998211860656738e-01,5.019164681434631348e-01,3.991862535476684570e-01,4.249255657196044922e-01,5.357360243797302246e-01,3.984296321868896484e-01,3.489182293415069580e-01,2.151386886835098267e-01,3.955017328262329102e-01,3.417832553386688232e-01,2.646485567092895508e-01,4.131033420562744141e-01,4.162192344665527344e-01,7.525114715099334717e-02,4.905330538749694824e-01,-3.403442353010177612e-02,3.011149168014526367e-01,4.036133885383605957e-01,5.377458333969116211e-01,4.402824938297271729e-01,4.276149570941925049e-01,3.370528221130371094e-01,3.413816690444946289e-01,4.568096995353698730e-01,5.257118940353393555e-01,1.529529094696044922e-01,2.230586558580398560e-01,3.621760010719299316e-01,5.038926601409912109e-01,4.098631441593170166e-01,5.112228989601135254e-01,3.367198407649993896e-01,3.125842213630676270e-01,2.015945166349411011e-01,4.099732041358947754e-01,3.677203059196472168e-01,3.310559988021850586e-01
3.022591769695281982e-01,3.469932079315185547e-01,3.207664787769317627e-01,1.765964180231094360e-01,2.096383869647979736e-01,2.836679220199584961e-01,3.253536820411682129e-01,4.916878938674926758e-01,2.788052558898925781e-01,5.034793019294738770e-01,2.804174423217773438e-01,5.019164681434631348e-01,9.999999403953552246e-01,3.812965154647827148e-01,1.933466941118240356e-01,6.682125926017761230e-01,3.343781828880310059e-01,3.767187297344207764e-01,7.593420892953872681e-02,4.029705524444580078e-01,4.213927388191223145e-01,4.170677363872528076e-01,7.448419332504272461e-01,4.299058616161346436e-01,2.094760686159133911e-01,3.794465363025665283e-01,2.193319797515869141e-01,1.625469475984573364e-01,2.338218688964843750e-01,4.869574606418609619e-01,5.374943614006042480e-01,3.992263674736022949e-01,4.103384613990783691e-01,2.418994903564453125e-01,3.226362168788909912e-01,4.848015010356903076e-01,1.148527190089225769e-01,2.034373283386230469e-01,3.504844307899475098e-01,4.413562715053558350e-01,2.573733329772949219e-01,3.863576948642730713e-01,3.909084498882293701e-01,2.921928167343139648e-01,3.558585941791534424e-01,5.325258374214172363e-01,3.890646994113922119e-01,4.777845144271850586e-01
3.177545070648193359e-01,1.153136864304542542e-01,4.961594194173812866e-02,2.932693064212799072e-02,1.970241516828536987e-01,2.885717451572418213e-01,1.038250699639320374e-01,4.022361934185028076e-01,5.030035972595214844e-02,2.375104874372482300e-01,3.330473899841308594e-01,3.991862535476684570e-01,3.812965154647827148e-01,9.999998211860656738e-01,3.700439929962158203e-01,4.192214608192443848e-01,7.612665742635726929e-02,1.118037849664688110e-01,3.865847364068031311e-02,2.068949192762374878e-01,2.952681779861450195e-01,1.961452066898345947e-01,3.037277460098266602e-01,2.738896310329437256e-01,2.976311445236206055e-01,2.211853861808776855e-01,1.831673681735992432e-01,2.158885896205902100e-01,2.267501950263977051e-01,3.144618570804595947e-01,2.912339866161346436e-01,2.595074772834777832e-01,4.400074779987335205e-01,2.318591028451919556e-01,2.010497599840164185e-01,1.840822547674179077e-01,1.686136573553085327e-01,2.363862544298171997e-01,1.177536696195602417e-01,2.597111761569976807e-01,2.106302231550216675e-01,1.931509375572204590e-01,2.261497229337692261e-01,3.780207410454750061e-02,3.520014882087707520e-02,2.083092629909515381e-01,2.529461681842803955e-01,9.643117338418960571e-02
2.203688472509384155e-01,1.107010096311569214e-01,-3.257186338305473328e-02,1.957848109304904938e-02,2.133467793464660645e-01,2.614891827106475830e-01,9.600526094436645508e-02,2.944526374340057373e-01,1.109293177723884583e-01,1.984257400035858154e-01,5.834726095199584961e-01,4.249255657196044922e-01,1.933466941118240356e-01,3.700439929962158203e-01,1.000000238418579102e+00,5.040431618690490723e-01,1.231709793210029602e-01,9.828463196754455566e-02,8.774404972791671753e-02,1.534341126680374146e-01,1.982908695936203003e-01,1.064371466636657715e-01,2.001452594995498657e-01,1.721924394369125366e-01,2.510122954845428467e-01,1.193310469388961792e-01,1.228314265608787537e-01,1.632189452648162842e-01,1.791748851537704468e-01,2.355430424213409424e-01,2.345695942640304565e-01,2.429160326719284058e-01,2.387938946485519409e-01,4.643967002630233765e-02,1.487573683261871338e-01,3.275205492973327637e-01,1.720981299877166748e-01,5.328977704048156738e-01,2.729122042655944824e-01,2.812679111957550049e-01,1.986962258815765381e-01,2.322559207677841187e-01,2.409942597150802612e-01,-3.204353898763656616e-02,3.071529604494571686e-02,1.508359014987945557e-01,1.717049777507781982e-01,7.075316458940505981e-02
3.414023518562316895e-01,1.447608172893524170e-01,1.471090167760848999e-01,1.513565480709075928e-01,2.734469175338745117e-01,2.937501370906829834e-01,2.675631940364837646e-01,5.574607849121093750e-01,3.081902265548706055e-01,4.445161223411560059e-01,5.357706546783447266e-01,5.357360243797302246e-01,6.682125926017761230e-01,4.192214608192443848e-01,5.040431618690490723e-01,1.000000476837158203e+00,2.492960095405578613e-01,2.793204486370086670e-01,1.242138966917991638e-01,3.771617412567138672e-01,3.488191962242126465e-01,3.145599067211151123e-01,6.845311522483825684e-01,4.240061044692993164e-01,1.896588504314422607e-01,2.614794373512268066e-01,1.219175532460212708e-01,1.554598957300186157e-01,2.408216893672943115e-01,4.063130021095275879e-01,4.595966041088104248e-01,3.621427714824676514e-01,4.028475284576416016e-01,2.812768816947937012e-01,3.027505278587341309e-01,5.171729922294616699e-01,2.156967073678970337e-01,3.308075964450836182e-01,3.980027735233306885e-01,4.522185921669006348e-01,2.045875191688537598e-01,3.099176287651062012e-01,4.390870034694671631e-01,1.576581448316574097e-01,1.709293723106384277e-01,4.245804548263549805e-01,3.308041393756866455e-01,4.308457672595977783e-01
4.329255521297454834e-01,3.351017236709594727e-01,5.682483315467834473e-01,6.437466740608215332e-01,3.223294615745544434e-01,3.601156175136566162e-01,8.796392679214477539e-01,3.242649137973785400e-01,5.161363482475280762e-01,4.753478169441223145e-01,1.474995464086532593e-01,3.984296321868896484e-01,3.343781828880310059e-01,7.612665742635726929e-02,1.231709793210029602e-01,2.492960095405578613e-01,9.999999403953552246e-01,8.071042895317077637e-01,7.123713493347167969e-01,6.322083473205566406e-01,4.104387462139129639e-01,5.169381499290466309e-01,3.110209703445434570e-01,4.600001275539398193e-01,-6.883030384778976440e-02,6.149249672889709473e-01,-5.239951610565185547e-02,3.130858242511749268e-01,5.340394377708435059e-01,5.555573105812072754e-01,6.228238344192504883e-01,5.685848593711853027e-01,2.431525103747844696e-02,1.446307301521301270e-01,2.160683423280715942e-01,5.154658555984497070e-01,-2.928883582353591919e-02,8.142459392547607422e-02,4.537134170532226562e-01,4.750791490077972412e-01,4.066706597805023193e-01,6.917905807495117188e-01,5.148254632949829102e-01,1.655276119709014893e-01,3.631509244441986084e-01,5.712575912475585938e-01,4.799065887928009033e-01,3.699716627597808838e-01
2.762671411037445068e-01,2.290480285882949829e-01,4.918844401836395264e-01,4.615076184272766113e-01,1.658219546079635620e-01,2.533414959907531738e-01,7.476310729980468750e-01,2.762453258037567139e-01,4.121016561985015869e-01,4.008069336414337158e-01,1.295236647129058838e-01,3.489182293415069580e-01,3.767187297344207764e-01,1.118037849664688110e-01,9.828463196754455566e-02,2.793204486370086670e-01,8.071042895317077637e-01,1.000000000000000000e+00,6.832522153854370117e-01,7.540868520736694336e-01,5.999312996864318848e-01,7.315409183502197266e-01,3.548847436904907227e-01,3.837664127349853516e-01,-1.267280578613281250e-01,5.929748415946960449e-01,-4.967859014868736267e-02,2.734558582305908203e-01,4.847328364849090576e-01,6.572228074073791504e-01,7.877930998802185059e-01,6.563255786895751953e-01,-7.753700017929077148e-02,1.005063802003860474e-01,2.081645578145980835e-01,4.056873619556427002e-01,7.503882050514221191e-02,1.018002331256866455e-01,4.221606254577636719e-01,4.212244749069213867e-01,2.340954542160034180e-01,5.507621765136718750e-01,5.972242951393127441e-01,9.442775696516036987e-02,3.213896751403808594e-01,5.558747649192810059e-01,4.369884729385375977e-01,3.857000768184661865e-01
2.855261862277984619e-01,1.823062300682067871e-01,2.722775936126708984e-01,6.015968322753906250e-01,3.121627569198608398e-01,3.006651997566223145e-01,7.425119876861572266e-01,1.399528384208679199e-01,3.768380582332611084e-01,3.384758234024047852e-01,4.519938305020332336e-02,2.151386886835098267e-01,7.593420892953872681e-02,3.865847364068031311e-02,8.774404972791671753e-02,1.242138966917991638e-01,7.123713493347167969e-01,6.832522153854370117e-01,9.999996423721313477e-01,6.639772653579711914e-01,2.792638838291168213e-01,4.226846694946289062e-01,9.117216616868972778e-02,3.507385551929473877e-01,-1.926844120025634766e-01,3.555389046669006348e-01,-2.705416083335876465e-01,2.225168049335479736e-01,4.733105897903442383e-01,4.109953045845031738e-01,4.616383016109466553e-01,4.331103563308715820e-01,-1.572620868682861328e-01,9.760181605815887451e-02,1.451763808727264404e-01,3.424215316772460938e-01,3.618979826569557190e-02,9.715322405099868774e-02,3.699328601360321045e-01,3.399215042591094971e-01,2.835519909858703613e-01,5.642058849334716797e-01,6.153507232666015625e-01,6.952645257115364075e-03,2.025600969791412354e-01,5.141752362251281738e-01,4.102855026721954346e-01,1.560504585504531860e-01
2.827545106410980225e-01,1.302752792835235596e-01,2.940473556518554688e-01,4.309640526771545410e-01,2.259376645088195801e-01,2.948948740959167480e-01,6.281327605247497559e-01,3.261688649654388428e-01,4.252267777919769287e-01,4.642916917800903320e-01,1.637518405914306641e-01,3.955017328262329102e-01,4.029705524444580078e-01,2.068949192762374878e-01,1.534341126680374146e-01,3.771617412567138672e-01,6.322083473205566406e-01,7.540868520736694336e-01,6.639772653579711914e-01,1.000000119209289551e+00,6.853587627410888672e-01,6.740871667861938477e-01,3.867147862911224365e-01,4.991901814937591553e-01,-2.558161914348602295e-01,5.407785177230834961e-01,-2.478400617837905884e-01,1.933919340372085571e-01,4.909673929214477539e-01,6.297771334648132324e-01,7.097632884979248047e-01,7.274572253227233887e-01,-1.022269949316978455e-01,8.142913877964019775e-02,2.387793660163879395e-01,4.194702506065368652e-01,7.753166556358337402e-02,1.587637364864349365e-01,4.817022681236267090e-01,4.762412607669830322e-01,2.134672701358795166e-01,5.232788324356079102e-01,6.860551238059997559e-01,1.013564243912696838e-01,2.200076878070831299e-01,6.563959717750549316e-01,5.096309781074523926e-01,3.568186163902282715e-01
2.302523553371429443e-01,-1.260812208056449890e-02,3.815337717533111572e-01,1.748955696821212769e-01,1.021272167563438416e-01,2.187996953725814819e-01,3.691048324108123779e-01,2.187456041574478149e-01,9.965504705905914307e-02,1.914092600345611572e-01,1.955948024988174438e-01,3.417832553386688232e-01,4.213927388191223145e-01,2.952681779861450195e-01,1.982908695936203003e-01,3.488191962242126465e-01,4.104387462139129639e-01,5.999312996864318848e-01,2.792638838291168213e-01,6.853587627410888672e-01,9.999998211860656738e-01,7.032838463783264160e-01,3.718568980693817139e-01,2.455386370420455933e-01,4.688319563865661621e-02,4.110997021198272705e-01,2.687931619584560394e-02,2.631526589393615723e-01,3.216279149055480957e-01,6.619844436645507812e-01,7.091900110244750977e-01,6.623697876930236816e-01,-3.390330076217651367e-02,5.970509350299835205e-02,1.807702481746673584e-01,2.232106477022171021e-01,9.601822495460510254e-02,8.311675488948822021e-02,3.119269311428070068e-01,2.739131152629852295e-01,2.241847105324268341e-02,2.659908533096313477e-01,4.432712793350219727e-01,-3.848468884825706482e-02,1.013438999652862549e-01,3.354733586311340332e-01,3.811622262001037598e-01,2.969946265220642090e-01
9.229097515344619751e-02,1.096554547548294067e-01,3.329252004623413086e-01,1.746229529380798340e-01,3.476590290665626526e-02,1.635388135910034180e-01,4.734057784080505371e-01,3.177486658096313477e-01,2.501235902309417725e-01,3.136128187179565430e-01,1.669464111328125000e-01,2.646485567092895508e-01,4.170677363872528076e-01,1.961452066898345947e-01,1.064371466636657715e-01,3.145599067211151123e-01,5.169381499290466309e-01,7.315409183502197266e-01,4.226846694946289062e-01,6.740871667861938477e-01,7.032838463783264160e-01,9.999997615814208984e-01,5.347338318824768066e-01,4.486010968685150146e-01,-1.082300618290901184e-01,4.413464367389678955e-01,-2.041322551667690277e-02,2.158321887254714966e-01,3.899413943290710449e-01,6.567854285240173340e-01,7.987860441207885742e-01,6.976646184921264648e-01,-8.256953954696655273e-02,9.031774848699569702e-02,2.348314225673675537e-01,3.896211683750152588e-01,1.539004594087600708e-01,7.316640764474868774e-02,4.011734724044799805e-01,4.296063780784606934e-01,9.159000962972640991e-02,3.394606709480285645e-01,5.463004708290100098e-01,1.078179478645324707e-01,2.298781871795654297e-01,4.445703029632568359e-01,4.124580025672912598e-01,5.679816603660583496e-01
1.909394413232803345e-01,2.019379138946533203e-01,2.688690423965454102e-01,6.668625026941299438e-02,1.012522131204605103e-01,1.643723845481872559e-01,2.820496857166290283e-01,5.257461667060852051e-01,2.715279459953308105e-01,4.439009428024291992e-01,3.242170810699462891e-01,4.131033420562744141e-01,7.448419332504272461e-01,3.037277460098266602e-01,2.001452594995498657e-01,6.845311522483825684e-01,3.110209703445434570e-01,3.548847436904907227e-01,9.117216616868972778e-02,3.867147862911224365e-01,3.718568980693817139e-01,5.347338318824768066e-01,1.000000357627868652e+00,5.458785891532897949e-01,9.521146118640899658e-02,3.220457732677459717e-01,1.511787772178649902e-01,1.553884893655776978e-01,2.661820352077484131e-01,4.776335358619689941e-01,5.107536315917968750e-01,3.874832391738891602e-01,3.713256716728210449e-01,2.263256907463073730e-01,3.006541430950164795e-01,5.647816061973571777e-01,1.537674367427825928e-01,1.296683400869369507e-01,4.168628454208374023e-01,5.692936778068542480e-01,1.704716682434082031e-01,3.047457933425903320e-01,4.556959569454193115e-01,2.539696693420410156e-01,2.946780323982238770e-01,4.923171699047088623e-01,3.620413839817047119e-01,7.111864686012268066e-01
2.905110418796539307e-01,2.499212920665740967e-01,1.906458884477615356e-01,3.452968895435333252e-01,3.312014341354370117e-01,3.572407364845275879e-01,5.068960189819335938e-01,5.023092031478881836e-01,4.696829617023468018e-01,4.929862618446350098e-01,3.150283396244049072e-01,4.162192344665527344e-01,4.299058616161346436e-01,2.738896310329437256e-01,1.721924394369125366e-01,4.240061044692993164e-01,4.600001275539398193e-01,3.837664127349853516e-01,3.507385551929473877e-01,4.991901814937591553e-01,2.455386370420455933e-01,4.486010968685150146e-01,5.458785891532897949e-01,1.000000000000000000e+00,-1.043131425976753235e-01,4.747049808502197266e-01,-1.909923404455184937e-01,1.441636234521865845e-01,4.145983159542083740e-01,4.330138862133026123e-01,5.346403121948242188e-01,5.905326604843139648e-01,1.125149056315422058e-01,2.310225963592529297e-01,3.904673457145690918e-01,7.332837581634521484e-01,4.888909682631492615e-02,1.989163607358932495e-01,5.539064407348632812e-01,6.752759218215942383e-01,3.359098136425018311e-01,5.080972909927368164e-01,4.865709245204925537e-01,2.269309014081954956e-01,2.204404622316360474e-01,5.818473100662231445e-01,7.146422863006591797e-01,4.177698791027069092e-01
3.167901635169982910e-01,5.468232184648513794e-02,1.086851656436920166e-01,-1.047799289226531982e-01,1.214614808559417725e-01,9.586862474679946899e-02,-7.043390721082687378e-02,4.568377509713172913e-02,-2.190823107957839966e-01,-8.561013638973236084e-02,1.811603754758834839e-01,7.525114715099334717e-02,2.094760686159133911e-01,2.976311445236206055e-01,2.510122954845428467e-01,1.896588504314422607e-01,-6.883030384778976440e-02,-1.267280578613281250e-01,-1.926844120025634766e-01,-2.558161914348602295e-01,4.688319563865661621e-02,-1.082300618290901184e-01,9.521146118640899658e-02,-1.043131425976753235e-01,9.999992847442626953e-01,-3.958667069673538208e-02,5.705767273902893066e-01,2.513505518436431885e-01,-4.483929276466369629e-02,7.159505039453506470e-02,1.036136876791715622e-02,-1.027617380023002625e-01,5.434613823890686035e-01,1.561320424079895020e-01,7.720409333705902100e-02,4.103296995162963867e-02,4.046474024653434753e-02,1.038399487733840942e-01,-8.058500476181507111e-03,-1.697371341288089752e-02,-2.733920514583587646e-02,-8.905779570341110229e-02,-1.757596582174301147e-01,-3.609312698245048523e-02,-7.617090642452239990e-02,-1.457833349704742432e-01,-4.055036604404449463e-02,-1.104557216167449951e-01
4.341863989830017090e-01,2.243749499320983887e-01,5.744390487670898438e-01,4.602725803852081299e-01,3.645971715450286865e-01,4.329890906810760498e-01,6.524939537048339844e-01,4.391933977603912354e-01,4.285634756088256836e-01,4.120387732982635498e-01,2.769328355789184570e-01,4.905330538749694824e-01,3.794465363025665283e-01,2.211853861808776855e-01,1.193310469388961792e-01,2.614794373512268066e-01,6.149249672889709473e-01,5.929748415946960449e-01,3.555389046669006348e-01,5.407785177230834961e-01,4.110997021198272705e-01,4.413464367389678955e-01,3.220457732677459717e-01,4.747049808502197266e-01,-3.958667069673538208e-02,9.999999403953552246e-01,-7.756798714399337769e-02,4.259276688098907471e-01,6.219828724861145020e-01,5.960187911987304688e-01,5.850108861923217773e-01,5.728810429573059082e-01,1.677849590778350830e-01,1.501874029636383057e-01,3.030996918678283691e-01,3.957003355026245117e-01,9.596750885248184204e-02,5.329252779483795166e-02,3.535894155502319336e-01,4.533375501632690430e-01,4.594497084617614746e-01,4.926644563674926758e-01,3.820271193981170654e-01,1.823757886886596680e-01,1.955822557210922241e-01,4.349022507667541504e-01,4.223120808601379395e-01,3.149280548095703125e-01
2.191368490457534790e-01,2.457271665334701538e-01,1.034340411424636841e-01,-2.152021825313568115e-01,5.983768403530120850e-02,7.621106505393981934e-02,-9.330265969038009644e-02,-6.839419156312942505e-02,-1.956693828105926514e-01,3.376220911741256714e-02,-5.055894330143928528e-02,-3.403442353010177612e-02,2.193319797515869141e-01,1.831673681735992432e-01,1.228314265608787537e-01,1.219175532460212708e-01,-5.239951610565185547e-02,-4.967859014868736267e-02,-2.705416083335876465e-01,-2.478400617837905884e-01,2.687931619584560394e-02,-2.041322551667690277e-02,1.511787772178649902e-01,-1.909923404455184937e-01,5.705767273902893066e-01,-7.756798714399337769e-02,1.000000238418579102e+00,2.410067021846771240e-01,-1.348999049514532089e-02,7.536328583955764771e-02,3.368297591805458069e-02,-1.499028056859970093e-01,4.379465281963348389e-01,-1.007054466754198074e-02,-1.149960979819297791e-01,-1.724278554320335388e-02,2.095809765160083771e-02,8.848929777741432190e-03,-1.962253302335739136e-01,-6.209757551550865173e-02,1.304625067859888077e-02,-5.841786414384841919e-02,-1.409315615892410278e-01,4.584430903196334839e-02,2.600211203098297119e-01,-4.971929639577865601e-02,-9.349683672189712524e-02,7.418596744537353516e-02
5.582317709922790527e-01,2.007625848054885864e-01,5.717640519142150879e-01,4.190436005592346191e-01,4.049609005451202393e-01,3.971236348152160645e-01,3.600967824459075928e-01,2.262201011180877686e-01,1.951609700918197632e-01,1.912695765495300293e-01,2.018888443708419800e-01,3.011149168014526367e-01,1.625469475984573364e-01,2.158885896205902100e-01,1.632189452648162842e-01,1.554598957300186157e-01,3.130858242511749268e-01,2.734558582305908203e-01,2.225168049335479736e-01,1.933919340372085571e-01,2.631526589393615723e-01,2.158321887254714966e-01,1.553884893655776978e-01,1.441636234521865845e-01,2.513505518436431885e-01,4.259276688098907471e-01,2.410067021846771240e-01,1.000000357627868652e+00,7.296981811523437500e-01,4.368426799774169922e-01,2.929269075393676758e-01,1.618814170360565186e-01,3.085710704326629639e-01,4.099144041538238525e-02,4.873813688755035400e-02,1.622863709926605225e-01,4.644242674112319946e-02,-4.033008962869644165e-02,1.376547962427139282e-01,1.811515539884567261e-01,4.762631654739379883e-01,3.543310761451721191e-01,2.120167315006256104e-01,1.032844707369804382e-01,2.281885296106338501e-01,1.880401223897933960e-01,2.365767061710357666e-01,1.813284009695053101e-01
5.004866719245910645e-01,2.893680930137634277e-01,4.621204733848571777e-01,5.083465576171875000e-01,4.274252057075500488e-01,4.648184776306152344e-01,5.731889009475708008e-01,4.045206308364868164e-01,3.899512588977813721e-01,4.238277375698089600e-01,2.827178239822387695e-01,4.036133885383605957e-01,2.338218688964843750e-01,2.267501950263977051e-01,1.791748851537704468e-01,2.408216893672943115e-01,5.340394377708435059e-01,4.847328364849090576e-01,4.733105897903442383e-01,4.909673929214477539e-01,3.216279149055480957e-01,3.899413943290710449e-01,2.661820352077484131e-01,4.145983159542083740e-01,-4.483929276466369629e-02,6.219828724861145020e-01,-1.348999049514532089e-02,7.296981811523437500e-01,1.000000238418579102e+00,5.594607591629028320e-01,4.717148244380950928e-01,4.126019179821014404e-01,1.564108878374099731e-01,1.386222243309020996e-01,1.946092247962951660e-01,3.487429320812225342e-01,6.369180977344512939e-02,3.730683028697967529e-02,3.266517519950866699e-01,3.838101625442504883e-01,5.677400231361389160e-01,6.160635948181152344e-01,4.895601868629455566e-01,1.796270608901977539e-01,3.301146328449249268e-01,5.059357881546020508e-01,4.259371459484100342e-01,3.052383661270141602e-01
4.468516409397125244e-01,1.633971333503723145e-01,4.220218956470489502e-01,3.082003295421600342e-01,2.509849071502685547e-01,3.067675530910491943e-01,5.501994490623474121e-01,4.231112599372863770e-01,3.579863607883453369e-01,4.325341582298278809e-01,2.959732711315155029e-01,5.377458333969116211e-01,4.869574606418609619e-01,3.144618570804595947e-01,2.355430424213409424e-01,4.063130021095275879e-01,5.555573105812072754e-01,6.572228074073791504e-01,4.109953045845031738e-01,6.297771334648132324e-01,6.619844436645507812e-01,6.567854285240173340e-01,4.776335358619689941e-01,4.330138862133026123e-01,7.159505039453506470e-02,5.960187911987304688e-01,7.536328583955764771e-02,4.368426799774169922e-01,5.594607591629028320e-01,1.000000000000000000e+00,7.824162840843200684e-01,6.557844877243041992e-01,1.656227856874465942e-01,2.803598046302795410e-01,4.094022810459136963e-01,4.188633263111114502e-01,1.606116592884063721e-01,1.283787488937377930e-01,4.097855985164642334e-01,4.982532262802124023e-01,2.528069913387298584e-01,4.824382364749908447e-01,5.130446553230285645e-01,7.288638502359390259e-02,1.880078613758087158e-01,5.095421075820922852e-01,4.618181288242340088e-01,3.600801527500152588e-01
3.004941642284393311e-01,1.344685852527618408e-01,3.959552645683288574e-01,3.035860955715179443e-01,2.318014651536941528e-01,3.271469771862030029e-01,5.912317633628845215e-01,3.775991201400756836e-01,3.732034564018249512e-01,4.004551470279693604e-01,2.757877111434936523e-01,4.402824938297271729e-01,5.374943614006042480e-01,2.912339866161346436e-01,2.345695942640304565e-01,4.595966041088104248e-01,6.228238344192504883e-01,7.877930998802185059e-01,4.616383016109466553e-01,7.097632884979248047e-01,7.091900110244750977e-01,7.987860441207885742e-01,5.107536315917968750e-01,5.346403121948242188e-01,1.036136876791715622e-02,5.850108861923217773e-01,3.368297591805458069e-02,2.929269075393676758e-01,4.717148244380950928e-01,7.824162840843200684e-01,1.000000119209289551e+00,7.869845628738403320e-01,4.103458672761917114e-02,1.288148015737533569e-01,3.178568482398986816e-01,5.002696514129638672e-01,1.333019882440567017e-01,1.935197114944458008e-01,4.800336062908172607e-01,4.967236220836639404e-01,2.113523334264755249e-01,4.509363174438476562e-01,5.709057450294494629e-01,6.364648044109344482e-02,2.097244262695312500e-01,5.313657522201538086e-01,5.545150637626647949e-01,3.939852416515350342e-01
2.483022809028625488e-01,6.305477768182754517e-02,2.916721999645233154e-01,3.054701685905456543e-01,2.241135537624359131e-01,3.409776091575622559e-01,5.523510575294494629e-01,3.677908480167388916e-01,3.725657761096954346e-01,4.402690529823303223e-01,2.509270310401916504e-01,4.276149570941925049e-01,3.992263674736022949e-01,2.595074772834777832e-01,2.429160326719284058e-01,3.621427714824676514e-01,5.685848593711853027e-01,6.563255786895751953e-01,4.331103563308715820e-01,7.274572253227233887e-01,6.623697876930236816e-01,6.976646184921264648e-01,3.874832391738891602e-01,5.905326604843139648e-01,-1.027617380023002625e-01,5.728810429573059082e-01,-1.499028056859970093e-01,1.618814170360565186e-01,4.126019179821014404e-01,6.557844877243041992e-01,7.869845628738403320e-01,9.999994635581970215e-01,-1.745230890810489655e-02,1.094217449426651001e-01,3.042869865894317627e-01,4.839360713958740234e-01,8.715527504682540894e-02,1.981634497642517090e-01,4.479068517684936523e-01,5.027681589126586914e-01,1.929331272840499878e-01,4.125127494335174561e-01,5.034106373786926270e-01,4.808969423174858093e-02,8.555532246828079224e-02,5.000244975090026855e-01,6.194859147071838379e-01,3.565033376216888428e-01
4.347215890884399414e-01,2.392950654029846191e-01,2.197741717100143433e-01,2.273421548306941986e-02,2.515127956867218018e-01,1.835640817880630493e-01,3.612013906240463257e-02,4.624920785427093506e-01,1.756178885698318481e-01,2.523500919342041016e-01,2.764350175857543945e-01,3.370528221130371094e-01,4.103384613990783691e-01,4.400074779987335205e-01,2.387938946485519409e-01,4.028475284576416016e-01,2.431525103747844696e-02,-7.753700017929077148e-02,-1.572620868682861328e-01,-1.022269949316978455e-01,-3.390330076217651367e-02,-8.256953954696655273e-02,3.713256716728210449e-01,1.125149056315422058e-01,5.434613823890686035e-01,1.677849590778350830e-01,4.379465281963348389e-01,3.085710704326629639e-01,1.564108878374099731e-01,1.656227856874465942e-01,4.103458672761917114e-02,-1.745230890810489655e-02,1.000000357627868652e+00,2.684933543205261230e-01,1.285274922847747803e-01,2.092406600713729858e-01,1.064748764038085938e-01,2.359562739729881287e-02,-1.725631393492221832e-02,1.493944078683853149e-01,2.263926267623901367e-01,6.967572867870330811e-02,-2.478286810219287872e-02,2.746722698211669922e-01,7.065666466951370239e-02,7.064822316169738770e-02,2.926172316074371338e-02,2.124226540327072144e-01
