1.000000119209289551e+00,2.344419807195663452e-01,3.711272478103637695e-01,2.918975651264190674e-01,3.861224353313446045e-01,3.893987461924552917e-02,2.236127704381942749e-01,3.748873174190521240e-01,1.178540661931037903e-01,-1.936732381582260132e-01,2.902167737483978271e-01,-9.214416146278381348e-02,-8.829043060541152954e-02,1.167873442173004150e-01,-1.229009777307510376e-02,1.497396677732467651e-01,1.812382340431213379e-01,1.362778246402740479e-02,2.713816165924072266e-01,5.168298631906509399e-02,-6.739470362663269043e-02,-8.777314797043800354e-03,1.375706344842910767e-01,4.293106868863105774e-02,4.889413118362426758e-01,4.969889670610427856e-02,4.108228981494903564e-01,4.150270223617553711e-01,2.895295917987823486e-01,-8.110143244266510010e-02,-9.688612818717956543e-02,1.592921167612075806e-01,6.152364611625671387e-01,1.622735708951950073e-01,8.878403156995773315e-02,1.054084207862615585e-02,1.693380773067474365e-01,3.056486696004867554e-02,5.690897628664970398e-02,7.778865750879049301e-03,3.639277815818786621e-01,-5.917167291045188904e-02,8.160423487424850464e-02,1.689767092466354370e-01,-8.184004575014114380e-02,-1.573870182037353516e-01,1.615131646394729614e-01,1.709739714860916138e-01
2.344419807195663452e-01,1.000000119209289551e+00,2.836388051509857178e-01,3.473613858222961426e-01,2.691483497619628906e-01,3.123894929885864258e-01,3.818141818046569824e-01,-9.236775338649749756e-02,3.412524461746215820e-01,3.426974415779113770e-01,5.565838515758514404e-02,3.459514975547790527e-01,2.881143689155578613e-01,-4.533503577113151550e-02,2.421220988035202026e-01,1.839806884527206421e-01,4.351696372032165527e-01,4.453408420085906982e-01,2.519268691539764404e-01,3.620943129062652588e-01,2.841328084468841553e-01,1.826129108667373657e-01,2.130566537380218506e-01,1.396266520023345947e-01,1.795186549425125122e-01,-1.246941182762384415e-02,4.330429434776306152e-01,3.456878960132598877e-01,3.619426786899566650e-01,4.231467843055725098e-01,3.927812278270721436e-01,3.034904366359114647e-03,2.260531336069107056e-01,3.963552117347717285e-01,4.062748253345489502e-01,2.339417338371276855e-01,-1.631980761885643005e-02,3.903915882110595703e-01,1.089371517300605774e-01,1.377216428518295288e-01,4.722175896167755127e-01,5.685635805130004883e-01,3.560414612293243408e-01,5.635966658592224121e-01,5.308206677436828613e-01,4.128393530845642090e-01,1.036198511719703674e-01,7.039108779281377792e-03
3.711272478103637695e-01,2.836388051509857178e-01,1.000000476837158203e+00,5.496351122856140137e-01,1.970074176788330078e-01,1.434661895036697388e-01,4.113773703575134277e-01,-5.209007859230041504e-02,-5.686610564589500427e-02,-1.679624244570732117e-02,-8.737080544233322144e-02,-1.357701420783996582e-01,-2.617445960640907288e-02,-6.927093863487243652e-02,-1.172492578625679016e-01,-1.114433854818344116e-01,2.243368178606033325e-01,2.069941312074661255e-01,1.996505558490753174e-01,1.098348721861839294e-01,1.376078575849533081e-01,1.044400706887245178e-01,7.628992199897766113e-02,2.281279712915420532e-01,1.379856765270233154e-01,3.705566227436065674e-01,2.497642785310745239e-01,4.676775634288787842e-01,3.291597068309783936e-01,1.119970008730888367e-01,2.393150329589843750e-01,1.040478572249412537e-01,1.352242827415466309e-01,1.192048341035842896e-01,6.342290341854095459e-02,5.353034287691116333e-02,-1.963229291141033173e-02,3.837777068838477135e-03,-1.936317682266235352e-01,-4.832471162080764771e-02,2.582019269466400146e-01,1.473740935325622559e-01,1.000871211290359497e-01,8.189362287521362305e-02,9.259949624538421631e-02,5.702642723917961121e-02,2.260466068983078003e-01,7.634630054235458374e-02
2.918975651264190674e-01,3.473613858222961426e-01,5.496351122856140137e-01,1.000000119209289551e+00,2.999332249164581299e-01,5.134975314140319824e-01,4.653224647045135498e-01,-2.112092673778533936e-01,-4.446530342102050781e-02,2.455341517925262451e-01,-1.307665705680847168e-01,-5.707690957933664322e-03,1.651442497968673706e-01,-2.083296030759811401e-01,-2.134853005409240723e-01,-1.634758859872817993e-01,2.488758862018585205e-01,1.524570435285568237e-01,2.097645401954650879e-01,7.423909753561019897e-02,1.541306525468826294e-01,1.435725297778844833e-02,6.317605078220367432e-02,2.365615516901016235e-01,9.649148583412170410e-02,3.104866743087768555e-01,1.772270202636718750e-01,4.246647655963897705e-01,3.017320930957794189e-01,3.338752686977386475e-01,3.240884840488433838e-01,1.511430293321609497e-01,2.002050541341304779e-02,-1.778744347393512726e-02,5.522865802049636841e-02,1.333615779876708984e-01,-2.176574170589447021e-01,-8.889185637235641479e-02,-2.392517626285552979e-01,-2.095561288297176361e-02,3.032725453376770020e-01,4.027943313121795654e-01,2.082903236150741577e-01,2.399322390556335449e-02,3.157580494880676270e-01,2.834554910659790039e-01,1.922695934772491455e-01,1.203082427382469177e-01
3.861224353313446045e-01,2.691483497619628906e-01,1.970074176788330078e-01,2.999332249164581299e-01,1.000000000000000000e+00,4.884738028049468994e-01,3.253741264343261719e-01,2.970165573060512543e-02,2.489927709102630615e-01,-4.998090211302042007e-03,1.548051238059997559e-01,1.361963748931884766e-01,1.888478398323059082e-01,3.388201585039496422e-03,1.172021776437759399e-01,2.487434446811676025e-01,1.669563949108123779e-01,1.858310848474502563e-01,1.864597648382186890e-01,2.262464165687561035e-01,2.273720204830169678e-01,1.572601050138473511e-01,2.010869681835174561e-01,7.591609656810760498e-02,9.030326455831527710e-02,-8.107069879770278931e-02,1.789487153291702271e-01,4.044599533081054688e-01,3.626493811607360840e-01,8.742021024227142334e-02,-2.825549803674221039e-02,3.506735339760780334e-02,2.467277199029922485e-01,2.630941271781921387e-01,6.486707367002964020e-03,2.390330843627452850e-02,3.380592539906501770e-02,1.794096529483795166e-01,1.678861230611801147e-01,1.108679696917533875e-01,4.613910019397735596e-01,1.375024616718292236e-01,2.048384547233581543e-01,3.123486638069152832e-01,-1.099562272429466248e-02,4.220100119709968567e-02,9.104520827531814575e-02,4.962657764554023743e-02
3.893987461924552917e-02,3.123894929885864258e-01,1.434661895036697388e-01,5.134975314140319824e-01,4.884738028049468994e-01,1.000000476837158203e+00,2.957480549812316895e-01,-2.008747160434722900e-01,1.966695487499237061e-01,3.916658461093902588e-01,-5.686255637556314468e-03,2.281974107027053833e-01,2.869235873222351074e-01,-1.036010310053825378e-01,7.378124445676803589e-02,-2.913990803062915802e-02,1.229050606489181519e-01,1.522205322980880737e-01,9.836167097091674805e-02,1.661113500595092773e-01,1.829641312360763550e-01,1.170211099088191986e-02,-4.040647670626640320e-02,2.756929583847522736e-02,-8.772096782922744751e-02,8.335550129413604736e-02,4.981711506843566895e-03,2.033266127109527588e-01,2.585727274417877197e-01,2.562974393367767334e-01,1.307260692119598389e-01,-6.844966113567352295e-02,-1.092786490917205811e-01,3.486079350113868713e-02,-2.773226797580718994e-02,3.245709836483001709e-02,-1.092314347624778748e-01,9.975855797529220581e-02,-1.308593899011611938e-01,-3.729212284088134766e-02,2.266246527433395386e-01,5.085891485214233398e-01,2.005322426557540894e-01,1.575811803340911865e-01,3.894365429878234863e-01,3.914758861064910889e-01,-5.829253047704696655e-02,-5.335296690464019775e-02
2.236127704381942749e-01,3.818141818046569824e-01,4.113773703575134277e-01,4.653224647045135498e-01,3.253741264343261719e-01,2.957480549812316895e-01,9.999994635581970215e-01,-3.477496281266212463e-02,1.536048203706741333e-01,1.747123301029205322e-01,-1.044752192683517933e-03,1.577194780111312866e-01,1.975176334381103516e-01,8.678453974425792694e-03,8.351300656795501709e-02,1.916875094175338745e-01,4.780551791191101074e-01,3.113923668861389160e-01,2.593061625957489014e-01,2.094884365797042847e-01,2.911058366298675537e-01,2.003899216651916504e-01,2.230411469936370850e-01,2.345732152462005615e-01,6.126471608877182007e-02,1.595344394445419312e-01,2.097606211900711060e-01,3.510372340679168701e-01,3.153372108936309814e-01,3.099119663238525391e-01,3.014684319496154785e-01,8.555933088064193726e-02,9.709623456001281738e-02,2.531079649925231934e-01,1.662917733192443848e-01,2.208569049835205078e-01,3.236420825123786926e-02,2.295091450214385986e-01,1.578364372253417969e-01,2.109251916408538818e-01,3.032201826572418213e-01,3.502555191516876221e-01,2.166771739721298218e-01,2.932115495204925537e-01,2.446448206901550293e-01,2.266662865877151489e-01,1.882275044918060303e-01,5.961993336677551270e-02
3.748873174190521240e-01,-9.236775338649749756e-02,-5.209007859230041504e-02,-2.112092673778533936e-01,2.970165573060512543e-02,-2.008747160434722900e-01,-3.477496281266212463e-02,1.000000000000000000e+00,2.131769657135009766e-01,-2.422896027565002441e-01,5.222733020782470703e-01,-4.064387828111648560e-02,-1.906004250049591064e-01,5.221709012985229492e-01,2.937901318073272705e-01,2.890272438526153564e-01,1.226455196738243103e-01,-9.759851545095443726e-02,2.231926769018173218e-01,6.529733538627624512e-02,-8.515331894159317017e-02,-3.829972818493843079e-02,1.538531929254531860e-01,-1.669163554906845093e-01,2.174595594406127930e-01,-1.876661553978919983e-02,1.626986563205718994e-01,-3.122502192854881287e-02,-5.035497620701789856e-02,-2.857118844985961914e-01,-2.074334025382995605e-01,9.342471510171890259e-02,4.112867116928100586e-01,2.159657627344131470e-01,2.733970992267131805e-02,-5.959701910614967346e-02,6.593952775001525879e-01,1.758491992950439453e-01,2.215703427791595459e-01,6.855084747076034546e-02,-8.193546533584594727e-02,-2.803230881690979004e-01,-1.559520959854125977e-01,1.083718314766883850e-01,-2.229054570198059082e-01,-2.662391066551208496e-01,-1.412741001695394516e-02,5.477583035826683044e-02
1.178540661931037903e-01,3.412524461746215820e-01,-5.686610564589500427e-02,-4.446530342102050781e-02,2.489927709102630615e-01,1.966695487499237061e-01,1.536048203706741333e-01,2.131769657135009766e-01,9.999998807907104492e-01,3.416293263435363770e-01,3.639825582504272461e-01,5.413585305213928223e-01,2.617152035236358643e-01,2.748583853244781494e-01,5.369271636009216309e-01,3.700048923492431641e-01,2.370659410953521729e-01,3.284197747707366943e-01,2.254244983196258545e-01,3.702901005744934082e-01,2.625866532325744629e-01,1.014333069324493408e-01,1.817311942577362061e-01,-4.256127774715423584e-02,8.626421540975570679e-02,-2.748819887638092041e-01,1.389897316694259644e-01,1.365404427051544189e-01,2.230806052684783936e-01,1.430066823959350586e-01,9.170962870121002197e-02,-1.252625733613967896e-01,1.941115111112594604e-01,2.969173491001129150e-01,2.594915404915809631e-02,9.426006674766540527e-02,2.718283534049987793e-01,4.772205352783203125e-01,3.039034605026245117e-01,1.045250296592712402e-01,1.985043883323669434e-01,2.723340392112731934e-01,3.400418162345886230e-01,5.523252487182617188e-01,2.320318073034286499e-01,3.582504689693450928e-01,-7.963582873344421387e-02,-7.430548965930938721e-02
-1.936732381582260132e-01,3.426974415779113770e-01,-1.679624244570732117e-02,2.455341517925262451e-01,-4.998090211302042007e-03,3.916658461093902588e-01,1.747123301029205322e-01,-2.422896027565002441e-01,3.416293263435363770e-01,1.000000119209289551e+00,4.153305198997259140e-03,6.031046509742736816e-01,5.432366728782653809e-01,-9.228008240461349487e-02,2.786507904529571533e-01,1.986085996031761169e-02,1.331014037132263184e-01,2.737179398536682129e-01,2.446343889459967613e-03,2.067078649997711182e-01,3.015173077583312988e-01,-2.792832069098949432e-02,-1.229078602045774460e-02,1.648748479783535004e-02,-4.896235466003417969e-02,7.931979745626449585e-02,-1.032856777310371399e-01,-3.191195428371429443e-02,3.868720028549432755e-03,2.920749485492706299e-01,2.993050813674926758e-01,-2.154093831777572632e-01,-2.685658633708953857e-01,2.072606422007083893e-02,8.261439204216003418e-02,1.651592999696731567e-01,-1.233885213732719421e-01,1.920872628688812256e-01,-1.358871906995773315e-01,-1.576609164476394653e-02,1.076027899980545044e-01,6.566584110260009766e-01,3.245443701744079590e-01,1.695573180913925171e-01,6.505392193794250488e-01,7.261443734169006348e-01,-1.519875377416610718e-01,-1.873604208230972290e-01
2.902167737483978271e-01,5.565838515758514404e-02,-8.737080544233322144e-02,-1.307665705680847168e-01,1.548051238059997559e-01,-5.686255637556314468e-03,-1.044752192683517933e-03,5.222733020782470703e-01,3.639825582504272461e-01,4.153305198997259140e-03,1.000000000000000000e+00,2.882377207279205322e-01,7.015199959278106689e-02,5.091377496719360352e-01,4.396702051162719727e-01,3.618056774139404297e-01,5.173303931951522827e-02,-6.329450011253356934e-02,1.150114014744758606e-01,2.493756636977195740e-02,-8.389895409345626831e-02,8.824901655316352844e-03,1.331050246953964233e-01,-4.690425097942352295e-02,1.304772198200225830e-01,-1.196769401431083679e-01,5.132215097546577454e-02,-5.198212340474128723e-02,4.978558514267206192e-03,-2.056383341550827026e-01,-1.720144450664520264e-01,8.174762874841690063e-02,2.629811763763427734e-01,1.644158512353897095e-01,3.608607500791549683e-02,5.790901929140090942e-02,3.781926333904266357e-01,1.851725727319717407e-01,1.836543530225753784e-01,1.320189684629440308e-01,9.596045315265655518e-02,-4.145568981766700745e-02,-7.030095160007476807e-02,2.127891629934310913e-01,-2.457399480044841766e-02,-5.272205173969268799e-02,4.480889439582824707e-02,5.315768346190452576e-02
-9.214416146278381348e-02,3.459514975547790527e-01,-1.357701420783996582e-01,-5.707690957933664322e-03,1.361963748931884766e-01,2.281974107027053833e-01,1.577194780111312866e-01,-4.064387828111648560e-02,5.413585305213928223e-01,6.031046509742736816e-01,2.882377207279205322e-01,1.000000119209289551e+00,5.242630839347839355e-01,1.680403500795364380e-01,5.642858743667602539e-01,3.415127396583557129e-01,1.384314298629760742e-01,2.674963474273681641e-01,-3.171885386109352112e-02,1.703196018934249878e-01,2.234652489423751831e-01,1.005740240216255188e-01,7.228421419858932495e-02,7.090062648057937622e-02,1.050836313515901566e-02,-1.285504400730133057e-01,-5.470170639455318451e-03,-4.298372194170951843e-02,9.058949351310729980e-02,1.834499239921569824e-01,1.779273599386215210e-01,-1.175178661942481995e-01,-5.452179163694381714e-02,2.356692701578140259e-01,1.631114333868026733e-01,1.895296275615692139e-01,4.352037608623504639e-02,3.902841508388519287e-01,1.627418398857116699e-01,1.294218450784683228e-01,2.308853417634963989e-01,4.817709922790527344e-01,2.475471347570419312e-01,3.688592314720153809e-01,4.570490717887878418e-01,5.343940854072570801e-01,-3.253991156816482544e-02,-1.142423823475837708e-01
-8.829043060541152954e-02,2.881143689155578613e-01,-2.617445960640907288e-02,1.651442497968673706e-01,1.888478398323059082e-01,2.869235873222351074e-01,1.975176334381103516e-01,-1.906004250049591064e-01,2.617152035236358643e-01,5.432366728782653809e-01,7.015199959278106689e-02,5.242630839347839355e-01,1.000000476837158203e+00,2.744224481284618378e-02,1.938227713108062744e-01,2.981491386890411377e-01,1.615419834852218628e-01,2.828869521617889404e-01,6.411323696374893188e-02,2.422878146171569824e-01,3.689201772212982178e-01,1.459713578224182129e-01,2.794224619865417480e-01,1.050440967082977295e-01,-7.571297883987426758e-02,2.442668564617633820e-02,-7.461093366146087646e-02,5.610706750303506851e-03,1.022403165698051453e-01,2.529265880584716797e-01,2.790241241455078125e-01,-5.868804454803466797e-02,-1.768242865800857544e-01,2.199471555650234222e-02,6.389413774013519287e-02,3.115382790565490723e-01,-1.079893708229064941e-01,1.249811947345733643e-01,6.901954859495162964e-02,1.363882273435592651e-01,2.846786677837371826e-01,4.359224438667297363e-01,3.725181519985198975e-01,1.687406897544860840e-01,4.054938256740570068e-01,5.285769701004028320e-01,1.800056546926498413e-02,-5.308281630277633667e-02
1.167873442173004150e-01,-4.533503577113151550e-02,-6.927093863487243652e-02,-2.083296030759811401e-01,3.388201585039496422e-03,-1.036010310053825378e-01,8.678453974425792694e-03,5.221709012985229492e-01,2.748583853244781494e-01,-9.228008240461349487e-02,5.091377496719360352e-01,1.680403500795364380e-01,2.744224481284618378e-02,9.999995231628417969e-01,4.299681186676025391e-01,3.655152320861816406e-01,1.499259769916534424e-01,6.325492262840270996e-02,1.754773557186126709e-01,7.667068392038345337e-02,-3.763722022995352745e-03,1.180163547396659851e-01,2.242774367332458496e-01,-6.550438236445188522e-03,-1.312205642461776733e-01,-1.462416499853134155e-01,-6.554224342107772827e-02,-9.364181756973266602e-02,2.222584746778011322e-02,-1.667162626981735229e-01,-1.300382018089294434e-01,1.239644289016723633e-01,8.603885024785995483e-02,8.250863105058670044e-02,2.096760272979736328e-02,7.332924008369445801e-02,5.225090384483337402e-01,2.654806077480316162e-01,2.642364203929901123e-01,1.526179313659667969e-01,-8.238492906093597412e-02,-1.287689507007598877e-01,-1.546024251729249954e-02,1.825660467147827148e-01,-1.186793819069862366e-01,-9.677848219871520996e-02,2.640638686716556549e-02,1.221067756414413452e-01
-1.229009777307510376e-02,2.421220988035202026e-01,-1.172492578625679016e-01,-2.134853005409240723e-01,1.172021776437759399e-01,7.378124445676803589e-02,8.351300656795501709e-02,2.937901318073272705e-01,5.369271636009216309e-01,2.786507904529571533e-01,4.396702051162719727e-01,5.642858743667602539e-01,1.938227713108062744e-01,4.299681186676025391e-01,1.000000119209289551e+00,3.498412966728210449e-01,2.424686849117279053e-01,3.485704958438873291e-01,9.249775856733322144e-02,2.601370215415954590e-01,2.951708137989044189e-01,3.034718036651611328e-01,1.555278748273849487e-01,2.666424959897994995e-02,-9.234610013663768768e-03,-2.226915210485458374e-01,2.264312654733657837e-02,1.037647016346454620e-02,6.982659548521041870e-02,3.687934949994087219e-02,1.223700344562530518e-01,-6.437858939170837402e-02,1.142176613211631775e-01,4.075262546539306641e-01,1.745767742395401001e-01,1.064750924706459045e-01,4.317733943462371826e-01,6.728588342666625977e-01,2.891042828559875488e-01,1.838878244161605835e-01,1.591774821281433105e-02,2.144025415182113647e-01,1.591345071792602539e-01,4.665547907352447510e-01,2.252797782421112061e-01,2.543724179267883301e-01,-3.002552129328250885e-02,3.972565289586782455e-03
1.497396677732467651e-01,1.839806884527206421e-01,-1.114433854818344116e-01,-1.634758859872817993e-01,2.487434446811676025e-01,-2.913990803062915802e-02,1.916875094175338745e-01,2.890272438526153564e-01,3.700048923492431641e-01,1.986085996031761169e-02,3.618056774139404297e-01,3.415127396583557129e-01,2.981491386890411377e-01,3.655152320861816406e-01,3.498412966728210449e-01,1.000000238418579102e+00,2.522097826004028320e-01,2.491659373044967651e-01,2.422585189342498779e-01,2.883459925651550293e-01,1.866188347339630127e-01,1.320962160825729370e-01,3.629449903964996338e-01,2.455033920705318451e-02,7.505317777395248413e-02,-2.375677525997161865e-01,1.827627122402191162e-01,2.233967930078506470e-02,2.161044031381607056e-01,1.054011508822441101e-01,1.240307465195655823e-02,9.269287437200546265e-02,2.355445176362991333e-01,2.375230193138122559e-01,1.592716872692108154e-01,1.938798576593399048e-01,2.818895280361175537e-01,2.917608320713043213e-01,5.903919935226440430e-01,2.879875898361206055e-01,2.386191487312316895e-01,7.372281700372695923e-02,1.381361037492752075e-01,3.700064718723297119e-01,2.484874986112117767e-02,4.713343456387519836e-02,1.007177233695983887e-01,5.051075667142868042e-02
1.812382340431213379e-01,4.351696372032165527e-01,2.243368178606033325e-01,2.488758862018585205e-01,1.669563949108123779e-01,1.229050606489181519e-01,4.780551791191101074e-01,1.226455196738243103e-01,2.370659410953521729e-01,1.331014037132263184e-01,5.173303931951522827e-02,1.384314298629760742e-01,1.615419834852218628e-01,1.499259769916534424e-01,2.424686849117279053e-01,2.522097826004028320e-01,1.000000238418579102e+00,5.288313627243041992e-01,5.228644013404846191e-01,4.654790461063385010e-01,4.253752827644348145e-01,3.355831801891326904e-01,3.882520794868469238e-01,5.702625960111618042e-02,1.344343181699514389e-02,-4.477169737219810486e-02,2.746102511882781982e-01,3.538348972797393799e-01,3.816906213760375977e-01,4.732084572315216064e-01,4.768276214599609375e-01,1.474621295928955078e-01,1.366629451513290405e-01,3.190444111824035645e-01,2.590377032756805420e-01,1.873027682304382324e-01,2.443751990795135498e-01,4.224633872509002686e-01,3.061569929122924805e-01,1.844618022441864014e-01,2.220533639192581177e-01,2.807776331901550293e-01,3.837845921516418457e-01,4.030836522579193115e-01,2.368685901165008545e-01,2.318207174539566040e-01,8.583834767341613770e-02,8.693007379770278931e-02
1.362778246402740479e-02,4.453408420085906982e-01,2.069941312074661255e-01,1.524570435285568237e-01,1.858310848474502563e-01,1.522205322980880737e-01,3.113923668861389160e-01,-9.759851545095443726e-02,3.284197747707366943e-01,2.737179398536682129e-01,-6.329450011253356934e-02,2.674963474273681641e-01,2.828869521617889404e-01,6.325492262840270996e-02,3.485704958438873291e-01,2.491659373044967651e-01,5.288313627243041992e-01,9.999999403953552246e-01,3.534725904464721680e-01,5.368915200233459473e-01,5.993988513946533203e-01,4.740703105926513672e-01,3.735829591751098633e-01,8.886231482028961182e-02,-6.824594736099243164e-02,-1.526743769645690918e-01,1.010031402111053467e-01,3.590453863143920898e-01,3.131778240203857422e-01,4.169774949550628662e-01,5.241152048110961914e-01,-5.620995536446571350e-02,3.488701209425926208e-02,3.511307835578918457e-01,2.031152695417404175e-01,1.793307960033416748e-01,1.710365414619445801e-01,5.065127015113830566e-01,2.264847457408905029e-01,1.270858049392700195e-01,1.796857714653015137e-01,3.440868258476257324e-01,5.013707876205444336e-01,4.346274137496948242e-01,3.123630881309509277e-01,3.644753992557525635e-01,-1.185825746506452560e-02,2.269895188510417938e-02
2.713816165924072266e-01,2.519268691539764404e-01,1.996505558490753174e-01,2.097645401954650879e-01,1.864597648382186890e-01,9.836167097091674805e-02,2.593061625957489014e-01,2.231926769018173218e-01,2.254244983196258545e-01,2.446343889459967613e-03,1.150114014744758606e-01,-3.171885386109352112e-02,6.411323696374893188e-02,1.754773557186126709e-01,9.249775856733322144e-02,2.422585189342498779e-01,5.228644013404846191e-01,3.534725904464721680e-01,1.000000238418579102e+00,6.248982548713684082e-01,3.401346206665039062e-01,6.189433485269546509e-02,3.569732606410980225e-01,-1.869139522314071655e-01,7.214092463254928589e-02,-1.530570387840270996e-01,2.311435937881469727e-01,3.993207216262817383e-01,2.933685481548309326e-01,2.486063390970230103e-01,1.544822603464126587e-01,-2.588925510644912720e-02,1.804356426000595093e-01,1.656632870435714722e-01,-7.157738786190748215e-03,-6.237253174185752869e-02,2.606132626533508301e-01,2.456578761339187622e-01,2.035863697528839111e-01,-1.005253791809082031e-01,1.447518616914749146e-01,7.942613214254379272e-02,4.207292795181274414e-01,3.023625612258911133e-01,6.522867828607559204e-02,9.554938226938247681e-02,-1.219752579927444458e-01,-3.334156051278114319e-02
5.168298631906509399e-02,3.620943129062652588e-01,1.098348721861839294e-01,7.423909753561019897e-02,2.262464165687561035e-01,1.661113500595092773e-01,2.094884365797042847e-01,6.529733538627624512e-02,3.702901005744934082e-01,2.067078649997711182e-01,2.493756636977195740e-02,1.703196018934249878e-01,2.422878146171569824e-01,7.667068392038345337e-02,2.601370215415954590e-01,2.883459925651550293e-01,4.654790461063385010e-01,5.368915200233459473e-01,6.248982548713684082e-01,1.000000238418579102e+00,5.756493806838989258e-01,1.523455530405044556e-01,3.691565096378326416e-01,-2.404599785804748535e-01,-2.659009210765361786e-02,-1.951515674591064453e-01,1.240020170807838440e-01,3.477010428905487061e-01,3.127166926860809326e-01,3.234514892101287842e-01,2.496608346700668335e-01,-2.317015081644058228e-01,2.497099712491035461e-02,2.911752164363861084e-01,4.977579042315483093e-02,-7.259371131658554077e-02,2.404961884021759033e-01,4.069321155548095703e-01,2.318282872438430786e-01,-6.231186911463737488e-02,1.674596965312957764e-01,2.459257692098617554e-01,5.483236312866210938e-01,4.340862631797790527e-01,2.306480854749679565e-01,3.011617362499237061e-01,-2.709117233753204346e-01,-1.656386554241180420e-01
-6.739470362663269043e-02,2.841328084468841553e-01,1.376078575849533081e-01,1.541306525468826294e-01,2.273720204830169678e-01,1.829641312360763550e-01,2.911058366298675537e-01,-8.515331894159317017e-02,2.625866532325744629e-01,3.015173077583312988e-01,-8.389895409345626831e-02,2.234652489423751831e-01,3.689201772212982178e-01,-3.763722022995352745e-03,2.951708137989044189e-01,1.866188347339630127e-01,4.253752827644348145e-01,5.993988513946533203e-01,3.401346206665039062e-01,5.756493806838989258e-01,9.999998807907104492e-01,3.858365714550018311e-01,3.820913136005401611e-01,-1.228876784443855286e-02,-6.570886075496673584e-02,-7.102771848440170288e-02,2.840020693838596344e-02,2.630961835384368896e-01,1.876749843358993530e-01,2.994861304759979248e-01,3.897406160831451416e-01,-1.224622428417205811e-01,-4.930724203586578369e-02,3.490052223205566406e-01,8.635827898979187012e-02,5.376474559307098389e-02,1.888206601142883301e-01,4.445855319499969482e-01,1.705744862556457520e-01,6.825157999992370605e-02,1.162918284535408020e-01,2.548392713069915771e-01,4.650192558765411377e-01,3.686347901821136475e-01,2.102926224470138550e-01,3.284257650375366211e-01,-9.883233159780502319e-02,-9.011912345886230469e-02
-8.777314797043800354e-03,1.826129108667373657e-01,1.044400706887245178e-01,1.435725297778844833e-02,1.572601050138473511e-01,1.170211099088191986e-02,2.003899216651916504e-01,-3.829972818493843079e-02,1.014333069324493408e-01,-2.792832069098949432e-02,8.824901655316352844e-03,1.005740240216255188e-01,1.459713578224182129e-01,1.180163547396659851e-01,3.034718036651611328e-01,1.320962160825729370e-01,3.355831801891326904e-01,4.740703105926513672e-01,6.189433485269546509e-02,1.523455530405044556e-01,3.858365714550018311e-01,1.000000119209289551e+00,3.875455856323242188e-01,3.358868360519409180e-01,-2.278901636600494385e-02,-1.740200370550155640e-01,6.764631718397140503e-02,1.774201393127441406e-01,1.368078589439392090e-01,2.126064300537109375e-01,4.155710637569427490e-01,2.891424894332885742e-01,8.709292113780975342e-02,3.372333943843841553e-01,1.838118880987167358e-01,3.224257528781890869e-01,1.433455348014831543e-01,4.125144779682159424e-01,2.217884510755538940e-01,4.177360236644744873e-01,8.026312291622161865e-02,2.651170268654823303e-02,1.643411815166473389e-01,2.797109782695770264e-01,-3.369063511490821838e-02,2.324369549751281738e-02,3.041799068450927734e-01,3.314834833145141602e-01
1.375706344842910767e-01,2.130566537380218506e-01,7.628992199897766113e-02,6.317605078220367432e-02,2.010869681835174561e-01,-4.040647670626640320e-02,2.230411469936370850e-01,1.538531929254531860e-01,1.817311942577362061e-01,-1.229078602045774460e-02,1.331050246953964233e-01,7.228421419858932495e-02,2.794224619865417480e-01,2.242774367332458496e-01,1.555278748273849487e-01,3.629449903964996338e-01,3.882520794868469238e-01,3.735829591751098633e-01,3.569732606410980225e-01,3.691565096378326416e-01,3.820913136005401611e-01,3.875455856323242188e-01,1.000000238418579102e+00,1.620566993951797485e-01,2.632576972246170044e-02,-1.519841104745864868e-01,1.148081794381141663e-01,2.739591002464294434e-01,2.577981948852539062e-01,2.369923889636993408e-01,2.826714813709259033e-01,1.474288105964660645e-01,1.328760683536529541e-01,2.186191380023956299e-01,1.799712330102920532e-01,3.592749536037445068e-01,2.004580050706863403e-01,2.762278318405151367e-01,4.059819579124450684e-01,4.368902444839477539e-01,1.364970952272415161e-01,-2.053031697869300842e-03,2.946495115756988525e-01,3.188011348247528076e-01,1.570295542478561401e-02,2.249736897647380829e-02,1.883065253496170044e-01,2.616299092769622803e-01
4.293106868863105774e-02,1.396266520023345947e-01,2.281279712915420532e-01,2.365615516901016235e-01,7.591609656810760498e-02,2.756929583847522736e-02,2.345732152462005615e-01,-1.669163554906845093e-01,-4.256127774715423584e-02,1.648748479783535004e-02,-4.690425097942352295e-02,7.090062648057937622e-02,1.050440967082977295e-01,-6.550438236445188522e-03,2.666424959897994995e-02,2.455033920705318451e-02,5.702625960111618042e-02,8.886231482028961182e-02,-1.869139522314071655e-01,-2.404599785804748535e-01,-1.228876784443855286e-02,3.358868360519409180e-01,1.620566993951797485e-01,1.000000476837158203e+00,-7.600370049476623535e-02,2.118565514683723450e-02,7.242453098297119141e-02,1.471300274133682251e-01,1.491023153066635132e-01,1.909641325473785400e-01,3.621577322483062744e-01,4.244162440299987793e-01,-7.769862189888954163e-03,3.516486287117004395e-02,1.559185087680816650e-01,5.919871926307678223e-01,-1.645662635564804077e-01,7.863692194223403931e-02,1.096183955669403076e-01,5.180076360702514648e-01,1.323156356811523438e-01,8.667238801717758179e-02,1.106065977364778519e-02,1.447068993002176285e-02,3.336538746953010559e-02,6.129349768161773682e-02,7.085083127021789551e-01,5.265501737594604492e-01
4.889413118362426758e-01,1.795186549425125122e-01,1.379856765270233154e-01,9.649148583412170410e-02,9.030326455831527710e-02,-8.772096782922744751e-02,6.126471608877182007e-02,2.174595594406127930e-01,8.626421540975570679e-02,-4.896235466003417969e-02,1.304772198200225830e-01,1.050836313515901566e-02,-7.571297883987426758e-02,-1.312205642461776733e-01,-9.234610013663768768e-03,7.505317777395248413e-02,1.344343181699514389e-02,-6.824594736099243164e-02,7.214092463254928589e-02,-2.659009210765361786e-02,-6.570886075496673584e-02,-2.278901636600494385e-02,2.632576972246170044e-02,-7.600370049476623535e-02,1.000000476837158203e+00,6.965796649456024170e-02,5.178489685058593750e-01,1.716405898332595825e-01,6.253784149885177612e-02,-4.263619333505630493e-02,-8.813790977001190186e-02,7.691735867410898209e-03,5.913310050964355469e-01,2.447019219398498535e-01,2.079473584890365601e-01,-2.865560911595821381e-02,3.877054527401924133e-02,9.770555421710014343e-03,-1.060451194643974304e-02,-4.908670857548713684e-02,2.195159643888473511e-01,-1.824272610247135162e-02,-7.977146655321121216e-02,1.551103740930557251e-01,-5.644890945404767990e-03,-1.488685309886932373e-01,1.918979920446872711e-02,-4.947832226753234863e-02
4.969889670610427856e-02,-1.246941182762384415e-02,3.705566227436065674e-01,3.104866743087768555e-01,-8.107069879770278931e-02,8.335550129413604736e-02,1.595344394445419312e-01,-1.876661553978919983e-02,-2.748819887638092041e-01,7.931979745626449585e-02,-1.196769401431083679e-01,-1.285504400730133057e-01,2.442668564617633820e-02,-1.462416499853134155e-01,-2.226915210485458374e-01,-2.375677525997161865e-01,-4.477169737219810486e-02,-1.526743769645690918e-01,-1.530570387840270996e-01,-1.951515674591064453e-01,-7.102771848440170288e-02,-1.740200370550155640e-01,-1.519841104745864868e-01,2.118565514683723450e-02,6.965796649456024170e-02,1.000000476837158203e+00,1.575029455125331879e-02,-4.707319289445877075e-02,1.493080519139766693e-02,-2.928085066378116608e-02,9.847342222929000854e-02,3.835638239979743958e-02,-9.850659221410751343e-02,-1.031254157423973083e-01,6.923660635948181152e-02,1.787169091403484344e-02,-1.160088703036308289e-01,-2.436275780200958252e-01,-3.453323841094970703e-01,-1.003154441714286804e-01,9.644995443522930145e-03,8.021980524063110352e-02,-1.776370704174041748e-01,-2.337496131658554077e-01,1.195528954267501831e-01,4.191282764077186584e-02,2.593014948070049286e-02,-1.478124111890792847e-01
4.108228981494903564e-01,4.330429434776306152e-01,2.497642785310745239e-01,1.772270202636718750e-01,1.789487153291702271e-01,4.981711506843566895e-03,2.097606211900711060e-01,1.626986563205718994e-01,1.389897316694259644e-01,-1.032856777310371399e-01,5.132215097546577454e-02,-5.470170639455318451e-03,-7.461093366146087646e-02,-6.554224342107772827e-02,2.264312654733657837e-02,1.827627122402191162e-01,2.746102511882781982e-01,1.010031402111053467e-01,2.311435937881469727e-01,1.240020170807838440e-01,2.840020693838596344e-02,6.764631718397140503e-02,1.148081794381141663e-01,7.242453098297119141e-02,5.178489685058593750e-01,1.575029455125331879e-02,9.999999403953552246e-01,3.558130562305450439e-01,2.896453738212585449e-01,2.400512248277664185e-01,1.447198390960693359e-01,1.512124836444854736e-01,5.749028921127319336e-01,4.226150512695312500e-01,3.232701122760772705e-01,1.109929904341697693e-01,7.717450708150863647e-02,1.401266455650329590e-01,1.719942390918731689e-01,9.918808937072753906e-02,3.572273850440979004e-01,8.243450522422790527e-02,-3.680853405967354774e-03,3.608964979648590088e-01,4.022423550486564636e-02,-1.240610033273696899e-01,1.770841032266616821e-01,9.770657867193222046e-03
4.150270223617553711e-01,3.456878960132598877e-01,4.676775634288787842e-01,4.246647655963897705e-01,4.044599533081054688e-01,2.033266127109527588e-01,3.510372340679168701e-01,-3.122502192854881287e-02,1.365404427051544189e-01,-3.191195428371429443e-02,-5.198212340474128723e-02,-4.298372194170951843e-02,5.610706750303506851e-03,-9.364181756973266602e-02,1.037647016346454620e-02,2.233967930078506470e-02,3.538348972797393799e-01,3.590453863143920898e-01,3.993207216262817383e-01,3.477010428905487061e-01,2.630961835384368896e-01,1.774201393127441406e-01,2.739591002464294434e-01,1.471300274133682251e-01,1.716405898332595825e-01,-4.707319289445877075e-02,3.558130562305450439e-01,1.000000238418579102e+00,4.411019384860992432e-01,3.027780354022979736e-01,2.967417836189270020e-01,4.557742550969123840e-02,2.523558735847473145e-01,2.864162623882293701e-01,6.232285127043724060e-02,5.881890654563903809e-02,2.714776434004306793e-02,1.900008916854858398e-01,4.972613602876663208e-02,-5.748227238655090332e-03,3.531703650951385498e-01,1.416343003511428833e-01,3.620701730251312256e-01,2.552734315395355225e-01,5.734400823712348938e-02,6.450077146291732788e-02,1.274180412292480469e-01,8.819188922643661499e-02
2.895295917987823486e-01,3.619426786899566650e-01,3.291597068309783936e-01,3.017320930957794189e-01,3.626493811607360840e-01,2.585727274417877197e-01,3.153372108936309814e-01,-5.035497620701789856e-02,2.230806052684783936e-01,3.868720028549432755e-03,4.978558514267206192e-03,9.058949351310729980e-02,1.022403165698051453e-01,2.222584746778011322e-02,6.982659548521041870e-02,2.161044031381607056e-01,3.816906213760375977e-01,3.131778240203857422e-01,2.933685481548309326e-01,3.127166926860809326e-01,1.876749843358993530e-01,1.368078589439392090e-01,2.577981948852539062e-01,1.491023153066635132e-01,6.253784149885177612e-02,1.493080519139766693e-02,2.896453738212585449e-01,4.411019384860992432e-01,9.999997019767761230e-01,5.012142062187194824e-01,3.194333910942077637e-01,1.337265316396951675e-02,1.664055287837982178e-01,1.864887028932571411e-01,1.842106878757476807e-01,2.102197557687759399e-01,-4.263578355312347412e-02,2.433266937732696533e-01,2.801404595375061035e-01,2.143607735633850098e-01,4.248069226741790771e-01,1.235022395849227905e-01,3.655974268913269043e-01,3.625397086143493652e-01,6.881893426179885864e-02,1.070136800408363342e-01,1.635134369134902954e-01,1.085558682680130005e-01
-8.110143244266510010e-02,4.231467843055725098e-01,1.119970008730888367e-01,3.338752686977386475e-01,8.742021024227142334e-02,2.562974393367767334e-01,3.099119663238525391e-01,-2.857118844985961914e-01,1.430066823959350586e-01,2.920749485492706299e-01,-2.056383341550827026e-01,1.834499239921569824e-01,2.529265880584716797e-01,-1.667162626981735229e-01,3.687934949994087219e-02,1.054011508822441101e-01,4.732084572315216064e-01,4.169774949550628662e-01,2.486063390970230103e-01,3.234514892101287842e-01,2.994861304759979248e-01,2.126064300537109375e-01,2.369923889636993408e-01,1.909641325473785400e-01,-4.263619333505630493e-02,-2.928085066378116608e-02,2.400512248277664185e-01,3.027780354022979736e-01,5.012142062187194824e-01,1.000000238418579102e+00,6.101583242416381836e-01,6.050835177302360535e-02,-9.722189605236053467e-02,1.314116120338439941e-01,2.531804442405700684e-01,3.636343479156494141e-01,-2.229135036468505859e-01,2.216743677854537964e-01,2.367173731327056885e-01,2.438349425792694092e-01,2.585372030735015869e-01,3.738856911659240723e-01,4.125749468803405762e-01,2.616822421550750732e-01,3.456669449806213379e-01,3.670671284198760986e-01,1.357807815074920654e-01,1.006898507475852966e-01
-9.688612818717956543e-02,3.927812278270721436e-01,2.393150329589843750e-01,3.240884840488433838e-01,-2.825549803674221039e-02,1.307260692119598389e-01,3.014684319496154785e-01,-2.074334025382995605e-01,9.170962870121002197e-02,2.993050813674926758e-01,-1.720144450664520264e-01,1.779273599386215210e-01,2.790241241455078125e-01,-1.300382018089294434e-01,1.223700344562530518e-01,1.240307465195655823e-02,4.768276214599609375e-01,5.241152048110961914e-01,1.544822603464126587e-01,2.496608346700668335e-01,3.897406160831451416e-01,4.155710637569427490e-01,2.826714813709259033e-01,3.621577322483062744e-01,-8.813790977001190186e-02,9.847342222929000854e-02,1.447198390960693359e-01,2.967417836189270020e-01,3.194333910942077637e-01,6.101583242416381836e-01,1.000000238418579102e+00,2.062052041292190552e-01,-1.153442263603210449e-01,2.221425473690032959e-01,2.673430442810058594e-01,4.417898952960968018e-01,-5.875909700989723206e-02,2.817194163799285889e-01,9.614396095275878906e-02,3.099260330200195312e-01,1.929909884929656982e-01,3.442553281784057617e-01,3.914633691310882568e-01,2.022717893123626709e-01,3.405421972274780273e-01,3.849031627178192139e-01,2.832435965538024902e-01,1.923851221799850464e-01
1.592921167612075806e-01,3.034904366359114647e-03,1.040478572249412537e-01,1.511430293321609497e-01,3.506735339760780334e-02,-6.844966113567352295e-02,8.555933088064193726e-02,9.342471510171890259e-02,-1.252625733613967896e-01,-2.154093831777572632e-01,8.174762874841690063e-02,-1.175178661942481995e-01,-5.868804454803466797e-02,1.239644289016723633e-01,-6.437858939170837402e-02,9.269287437200546265e-02,1.474621295928955078e-01,-5.620995536446571350e-02,-2.588925510644912720e-02,-2.317015081644058228e-01,-1.224622428417205811e-01,2.891424894332885742e-01,1.474288105964660645e-01,4.244162440299987793e-01,7.691735867410898209e-03,3.835638239979743958e-02,1.512124836444854736e-01,4.557742550969123840e-02,1.337265316396951675e-02,6.050835177302360535e-02,2.062052041292190552e-01,9.999999403953552246e-01,1.568871587514877319e-01,2.324888855218887329e-02,1.491970717906951904e-01,3.193375170230865479e-01,-3.847752697765827179e-03,2.364072017371654510e-03,1.805143058300018311e-01,3.427646160125732422e-01,5.213027819991111755e-02,-6.630942225456237793e-02,-8.705659955739974976e-02,-3.516996279358863831e-02,-1.372700035572052002e-01,-1.249734833836555481e-01,5.381972789764404297e-01,5.463204383850097656e-01
6.152364611625671387e-01,2.260531336069107056e-01,1.352242827415466309e-01,2.002050541341304779e-02,2.467277199029922485e-01,-1.092786490917205811e-01,9.709623456001281738e-02,4.112867116928100586e-01,1.941115111112594604e-01,-2.685658633708953857e-01,2.629811763763427734e-01,-5.452179163694381714e-02,-1.768242865800857544e-01,8.603885024785995483e-02,1.142176613211631775e-01,2.355445176362991333e-01,1.366629451513290405e-01,3.488701209425926208e-02,1.804356426000595093e-01,2.497099712491035461e-02,-4.930724203586578369e-02,8.709292113780975342e-02,1.328760683536529541e-01,-7.769862189888954163e-03,5.913310050964355469e-01,-9.850659221410751343e-02,5.749028921127319336e-01,2.523558735847473145e-01,1.664055287837982178e-01,-9.722189605236053467e-02,-1.153442263603210449e-01,1.568871587514877319e-01,1.000000119209289551e+00,3.745750486850738525e-01,2.091437131166458130e-01,-1.697385497391223907e-02,2.504653930664062500e-01,1.886866688728332520e-01,2.032177001237869263e-01,6.831608712673187256e-02,2.685261368751525879e-01,-1.397297829389572144e-01,-2.743609994649887085e-02,2.902763783931732178e-01,-1.624950766563415527e-01,-2.491331994533538818e-01,1.407601982355117798e-01,9.719543904066085815e-02
