1.000000357627868652e+00,1.337480545043945312e-01,3.337803184986114502e-01,2.626974284648895264e-01,5.153372287750244141e-01,3.264708518981933594e-01,8.786746859550476074e-02,1.279772520065307617e-01,3.608889281749725342e-01,3.871861398220062256e-01,4.318946599960327148e-01,4.829665124416351318e-01,9.510933607816696167e-02,1.140512824058532715e-01,2.723444998264312744e-01,-1.367092877626419067e-01,2.485262416303157806e-02,-1.492487043142318726e-01,-5.780518427491188049e-02,-1.297018826007843018e-01,8.079265058040618896e-02,-5.032732710242271423e-02,-1.414900571107864380e-01,6.918630748987197876e-02,5.654046535491943359e-01,1.619523018598556519e-02,5.862298607826232910e-01,7.827026247978210449e-01,2.709026932716369629e-01,2.059928774833679199e-01,4.136984422802925110e-02,1.625925675034523010e-02,8.568555861711502075e-02,1.263114158064126968e-02,-2.705075405538082123e-02,-4.711021482944488525e-02,7.318165153264999390e-02,-6.189246475696563721e-02,-2.192165851593017578e-01,-1.903900206089019775e-01,2.798051238059997559e-01,8.052383363246917725e-02,7.096104323863983154e-02,4.116481170058250427e-02,-5.848072841763496399e-02,-2.459523640573024750e-02,-5.326407495886087418e-03,1.233481839299201965e-01
1.337480545043945312e-01,9.999998211860656738e-01,1.201665699481964111e-01,-1.259530484676361084e-01,3.581637740135192871e-01,3.832529187202453613e-01,1.608807146549224854e-01,3.718377351760864258e-01,3.068295121192932129e-01,8.933663368225097656e-02,1.625263541936874390e-01,1.789644919335842133e-02,1.872242987155914307e-01,3.857430517673492432e-01,1.679768227040767670e-02,-3.679430782794952393e-01,8.902437239885330200e-02,1.833408921957015991e-01,4.659691452980041504e-01,4.203926920890808105e-01,4.685971438884735107e-01,-1.290543824434280396e-01,-8.950509130954742432e-02,5.137635469436645508e-01,2.463645115494728088e-02,3.384044468402862549e-01,1.124387606978416443e-01,3.238908946514129639e-01,5.925575494766235352e-01,2.171626240015029907e-01,5.302941426634788513e-02,4.403062760829925537e-01,3.649416267871856689e-01,2.673646807670593262e-01,-9.496607817709445953e-03,3.508571684360504150e-01,3.232538700103759766e-01,-2.328166514635086060e-01,-2.460321485996246338e-01,3.722189366817474365e-02,5.923917293548583984e-01,5.632408261299133301e-01,4.373093843460083008e-01,6.022434830665588379e-01,4.269142448902130127e-01,2.575379908084869385e-01,3.482774198055267334e-01,2.271893173456192017e-01
3.337803184986114502e-01,1.201665699481964111e-01,1.000000119209289551e+00,5.640453100204467773e-01,3.114127218723297119e-01,2.465607374906539917e-01,5.089721679687500000e-01,2.990840971469879150e-01,4.072800576686859131e-01,3.421620726585388184e-01,4.354223310947418213e-01,3.352599143981933594e-01,8.838668465614318848e-02,2.368394136428833008e-01,2.113537937402725220e-01,6.496346741914749146e-02,4.720441401004791260e-01,3.487018644809722900e-01,1.098614409565925598e-01,1.801643967628479004e-01,3.074575960636138916e-01,4.000684618949890137e-01,5.357763171195983887e-02,1.057543754577636719e-01,1.028100121766328812e-02,3.305846154689788818e-01,-5.682140588760375977e-03,3.074505627155303955e-01,2.873865365982055664e-01,2.350370734930038452e-01,2.940412759780883789e-01,9.506846219301223755e-02,1.442732661962509155e-02,1.079770401120185852e-01,4.040942713618278503e-02,2.654148265719413757e-02,1.358371973037719727e-01,1.707093045115470886e-02,1.370467990636825562e-01,-1.078588608652353287e-02,3.382856547832489014e-01,3.531029820442199707e-02,2.503279782831668854e-02,-3.557395190000534058e-03,1.202785745263099670e-01,1.390733271837234497e-01,1.576416790485382080e-01,2.964144805446267128e-03
2.626974284648895264e-01,-1.259530484676361084e-01,5.640453100204467773e-01,1.000000000000000000e+00,1.186396405100822449e-01,3.597547709941864014e-01,3.809585869312286377e-01,-1.449222713708877563e-01,5.723996832966804504e-02,1.359627693891525269e-01,1.796269416809082031e-01,2.126056700944900513e-01,1.847034245729446411e-01,-8.734174072742462158e-02,2.325028479099273682e-01,4.595788121223449707e-01,2.365762591361999512e-01,1.178926527500152588e-01,-1.840826869010925293e-01,-3.681683540344238281e-02,-4.658633377403020859e-03,5.842435359954833984e-01,3.385135531425476074e-02,-1.608747988939285278e-01,-5.448647215962409973e-02,-8.572717756032943726e-02,-7.749736774712800980e-03,9.390670061111450195e-02,-1.737656593322753906e-01,7.569085806608200073e-02,2.596422433853149414e-01,-2.118141353130340576e-01,-2.248256951570510864e-01,5.773512646555900574e-02,2.623013257980346680e-01,-1.380455642938613892e-01,9.016831219196319580e-02,3.045063018798828125e-01,2.827168107032775879e-01,-1.052850931882858276e-01,8.622050285339355469e-02,-2.427768409252166748e-01,-2.448320686817169189e-01,-2.420118749141693115e-01,-1.301365531980991364e-02,-2.272242866456508636e-02,6.407424807548522949e-04,-9.607928246259689331e-02
5.153372287750244141e-01,3.581637740135192871e-01,3.114127218723297119e-01,1.186396405100822449e-01,1.000000119209289551e+00,4.739303588867187500e-01,2.662063762545585632e-02,3.739724457263946533e-01,3.709886074066162109e-01,2.602978646755218506e-01,4.830932319164276123e-01,4.062079191207885742e-01,2.441645860671997070e-01,4.134811460971832275e-01,2.050766646862030029e-01,-2.779903709888458252e-01,-2.346601523458957672e-02,-1.200279500335454941e-02,1.507809907197952271e-01,1.933916211128234863e-01,4.031850993633270264e-01,-2.052212655544281006e-01,-1.119593009352684021e-01,2.661679089069366455e-01,2.368700206279754639e-01,1.347311884164810181e-01,2.400480359792709351e-01,5.072591900825500488e-01,2.824564278125762939e-01,7.667281478643417358e-02,-1.507966816425323486e-01,2.227526605129241943e-01,4.467963874340057373e-01,7.719937711954116821e-02,-1.584531962871551514e-01,1.909681707620620728e-01,2.297436594963073730e-01,-2.308740168809890747e-01,-3.075914680957794189e-01,3.873762488365173340e-02,5.907251834869384766e-01,2.532857060432434082e-01,1.908538490533828735e-01,2.183752804994583130e-01,-2.092023193836212158e-02,1.759479939937591553e-02,5.603465810418128967e-02,1.653555482625961304e-01
3.264708518981933594e-01,3.832529187202453613e-01,2.465607374906539917e-01,3.597547709941864014e-01,4.739303588867187500e-01,9.999997019767761230e-01,3.955295979976654053e-01,8.688724040985107422e-02,1.654369086027145386e-01,3.207420930266380310e-02,9.595783054828643799e-02,6.687406916171312332e-03,3.158452212810516357e-01,2.343223392963409424e-01,3.202200829982757568e-01,4.773441329598426819e-02,1.695840954780578613e-01,3.352094888687133789e-01,3.206391930580139160e-01,3.866100311279296875e-01,2.957137227058410645e-01,3.031498752534389496e-02,1.765824556350708008e-01,1.960976570844650269e-01,1.145401373505592346e-01,7.280073314905166626e-02,1.460060328245162964e-01,2.886482477188110352e-01,1.639952957630157471e-01,-8.983952552080154419e-02,-2.364131249487400055e-02,8.699118345975875854e-02,4.660128802061080933e-02,1.005950719118118286e-01,-4.987112712115049362e-03,1.298520416021347046e-01,2.414422780275344849e-01,5.387726426124572754e-02,-8.129546046257019043e-02,4.060442000627517700e-02,5.241999030113220215e-01,1.816375404596328735e-01,1.272936314344406128e-01,1.205496490001678467e-01,-9.568842127919197083e-03,1.929797977209091187e-02,1.103955134749412537e-01,8.059352636337280273e-02
8.786746859550476074e-02,1.608807146549224854e-01,5.089721679687500000e-01,3.809585869312286377e-01,2.662063762545585632e-02,3.955295979976654053e-01,9.999995231628417969e-01,9.425293654203414917e-02,2.901602685451507568e-01,2.941699922084808350e-01,4.614204913377761841e-02,-3.188273310661315918e-02,2.486017197370529175e-01,2.371351718902587891e-01,2.065389305353164673e-01,2.019173055887222290e-01,8.167950510978698730e-01,7.027845978736877441e-01,4.295506775379180908e-01,5.294324755668640137e-01,3.135268390178680420e-01,2.972105443477630615e-01,2.998136878013610840e-01,1.921940296888351440e-01,-1.240218952298164368e-01,4.906823337078094482e-01,-1.232439577579498291e-01,5.472174286842346191e-02,2.541503310203552246e-01,1.462982743978500366e-01,2.375061213970184326e-01,1.676089167594909668e-01,-1.817551404237747192e-01,1.989709138870239258e-01,-5.953255295753479004e-02,9.164796024560928345e-02,1.823794245719909668e-01,1.203501895070075989e-01,1.589777171611785889e-01,5.415538325905799866e-02,1.571765691041946411e-01,2.061568945646286011e-01,2.931066751480102539e-01,1.802349537611007690e-01,2.368065267801284790e-01,3.265026509761810303e-01,1.574379354715347290e-01,3.895532712340354919e-02
1.279772520065307617e-01,3.718377351760864258e-01,2.990840971469879150e-01,-1.449222713708877563e-01,3.739724457263946533e-01,8.688724040985107422e-02,9.425293654203414917e-02,1.000000000000000000e+00,5.378050804138183594e-01,3.460119664669036865e-01,5.718494057655334473e-01,3.983733654022216797e-01,9.303072839975357056e-02,6.940167546272277832e-01,1.331764012575149536e-01,-3.711245954036712646e-01,2.231849282979965210e-01,1.084186509251594543e-01,2.328627854585647583e-01,1.551966220140457153e-01,4.730148017406463623e-01,-2.242371626198291779e-02,-1.657100915908813477e-01,3.715495765209197998e-01,1.311505585908889771e-01,3.829373121261596680e-01,3.173387423157691956e-02,2.813544273376464844e-01,4.677082598209381104e-01,2.352291792631149292e-01,1.087174937129020691e-01,4.283251464366912842e-01,5.238298773765563965e-01,4.296152591705322266e-01,-1.061740666627883911e-01,3.149162232875823975e-01,4.453556239604949951e-01,-1.650940328836441040e-01,-1.867383271455764771e-01,6.517091393470764160e-02,3.253668844699859619e-01,3.331651091575622559e-01,3.016046285629272461e-01,4.073182344436645508e-01,1.438136100769042969e-01,1.658189147710800171e-01,2.862873673439025879e-01,7.746939361095428467e-02
3.608889281749725342e-01,3.068295121192932129e-01,4.072800576686859131e-01,5.723996832966804504e-02,3.709886074066162109e-01,1.654369086027145386e-01,2.901602685451507568e-01,5.378050804138183594e-01,1.000000119209289551e+00,6.088413596153259277e-01,5.434776544570922852e-01,5.327716469764709473e-01,1.737835407257080078e-01,4.532321989536285400e-01,1.923486888408660889e-01,-1.670488417148590088e-01,3.904015719890594482e-01,1.513350754976272583e-01,1.985079944133758545e-01,1.547981202602386475e-01,3.166825771331787109e-01,7.006275653839111328e-02,3.589317575097084045e-02,2.703295052051544189e-01,1.566597074270248413e-01,3.460881710052490234e-01,2.022307068109512329e-01,4.089716374874114990e-01,3.717694580554962158e-01,3.537116348743438721e-01,2.220889180898666382e-01,2.805576324462890625e-01,2.375974953174591064e-01,2.363129705190658569e-01,-1.878454908728599548e-02,2.485395222902297974e-01,3.318416178226470947e-01,-4.865696281194686890e-02,-7.976781576871871948e-03,8.224611729383468628e-02,2.364787012338638306e-01,3.068466484546661377e-01,3.373449444770812988e-01,3.998730778694152832e-01,1.937584131956100464e-01,3.010264635086059570e-01,1.774590164422988892e-01,2.107989341020584106e-01
3.871861398220062256e-01,8.933663368225097656e-02,3.421620726585388184e-01,1.359627693891525269e-01,2.602978646755218506e-01,3.207420930266380310e-02,2.941699922084808350e-01,3.460119664669036865e-01,6.088413596153259277e-01,1.000000357627868652e+00,5.331870317459106445e-01,5.520117282867431641e-01,2.804186642169952393e-01,2.944205999374389648e-01,2.945359945297241211e-01,-1.750915683805942535e-02,4.340233802795410156e-01,1.004546880722045898e-01,1.125836521387100220e-01,9.218166768550872803e-02,2.473217099905014038e-01,1.633931994438171387e-01,7.576991617679595947e-02,1.292394846677780151e-01,1.892234236001968384e-01,2.724741995334625244e-01,2.533910274505615234e-01,3.812440633773803711e-01,2.304609864950180054e-01,4.184575676918029785e-01,2.965551316738128662e-01,1.267926394939422607e-01,1.187270283699035645e-01,2.271398156881332397e-01,-3.637152491137385368e-03,4.983662068843841553e-02,1.826539933681488037e-01,1.629788130521774292e-01,1.020083352923393250e-01,5.094075575470924377e-02,3.686618804931640625e-02,1.549335718154907227e-01,2.319476455450057983e-01,2.449117600917816162e-01,2.115187793970108032e-01,3.040376007556915283e-01,8.825186640024185181e-02,9.874250739812850952e-02
4.318946599960327148e-01,1.625263541936874390e-01,4.354223310947418213e-01,1.796269416809082031e-01,4.830932319164276123e-01,9.595783054828643799e-02,4.614204913377761841e-02,5.718494057655334473e-01,5.434776544570922852e-01,5.331870317459106445e-01,1.000000000000000000e+00,7.362532615661621094e-01,2.065988481044769287e-01,4.945980310440063477e-01,3.849022984504699707e-01,-8.399144560098648071e-02,1.456425487995147705e-01,-4.707262292504310608e-02,-2.269663102924823761e-02,-1.094375327229499817e-01,2.890174090862274170e-01,1.576014757156372070e-01,-1.600396484136581421e-01,1.714083552360534668e-01,3.398225307464599609e-01,1.505823731422424316e-01,2.771790027618408203e-01,4.632937610149383545e-01,2.547053694725036621e-01,3.541351854801177979e-01,2.372775077819824219e-01,2.100092619657516479e-01,4.706768691539764404e-01,3.626847863197326660e-01,8.819870650768280029e-02,1.172960624098777771e-01,3.462547361850738525e-01,1.078303381800651550e-01,1.979708671569824219e-02,-4.594657942652702332e-02,2.726366519927978516e-01,1.550992578268051147e-01,1.037938073277473450e-01,1.333527565002441406e-01,1.011420711874961853e-01,1.482303440570831299e-01,1.448709517717361450e-01,-5.014840979129076004e-03
4.829665124416351318e-01,1.789644919335842133e-02,3.352599143981933594e-01,2.126056700944900513e-01,4.062079191207885742e-01,6.687406916171312332e-03,-3.188273310661315918e-02,3.983733654022216797e-01,5.327716469764709473e-01,5.520117282867431641e-01,7.362532615661621094e-01,9.999999403953552246e-01,3.528954684734344482e-01,3.517184257507324219e-01,4.368363022804260254e-01,7.934407144784927368e-02,8.340478688478469849e-02,-1.661275774240493774e-01,-1.813142448663711548e-01,-1.973600536584854126e-01,2.303454577922821045e-01,2.361871302127838135e-01,-1.259746253490447998e-01,1.919194683432579041e-02,2.592543661594390869e-01,2.378546819090843201e-02,3.066935539245605469e-01,4.806622564792633057e-01,8.400680869817733765e-02,3.783485293388366699e-01,2.409789562225341797e-01,3.841651976108551025e-02,3.774337768554687500e-01,2.275865972042083740e-01,1.170917302370071411e-01,3.196018189191818237e-02,2.500264346599578857e-01,1.571181416511535645e-01,5.416176468133926392e-02,-1.039940863847732544e-01,3.758742287755012512e-02,3.614139556884765625e-02,9.225627034902572632e-02,1.091523021459579468e-01,7.990745455026626587e-02,1.058251112699508667e-01,-2.069230005145072937e-02,-1.050832029432058334e-02
9.510933607816696167e-02,1.872242987155914307e-01,8.838668465614318848e-02,1.847034245729446411e-01,2.441645860671997070e-01,3.158452212810516357e-01,2.486017197370529175e-01,9.303072839975357056e-02,1.737835407257080078e-01,2.804186642169952393e-01,2.065988481044769287e-01,3.528954684734344482e-01,9.999994635581970215e-01,2.855920195579528809e-01,5.033687949180603027e-01,1.810749918222427368e-01,1.714147031307220459e-01,2.156192511320114136e-01,1.119686141610145569e-01,3.566337227821350098e-01,4.893139600753784180e-01,2.093095779418945312e-01,1.536763012409210205e-01,9.830189496278762817e-02,-9.162390604615211487e-03,1.035618409514427185e-01,3.481541201472282410e-02,9.274214506149291992e-02,-1.003338992595672607e-01,1.567487865686416626e-01,1.855185478925704956e-01,7.201405614614486694e-02,1.766159385442733765e-01,1.572205126285552979e-01,-7.709440588951110840e-02,3.460594266653060913e-02,2.034158408641815186e-01,1.635068804025650024e-01,3.753794357180595398e-02,-2.614797838032245636e-02,6.768894195556640625e-02,1.381745338439941406e-01,1.928919106721878052e-01,1.374889463186264038e-01,2.693203389644622803e-01,1.921568959951400757e-01,2.790135145187377930e-02,-5.161866173148155212e-02
1.140512824058532715e-01,3.857430517673492432e-01,2.368394136428833008e-01,-8.734174072742462158e-02,4.134811460971832275e-01,2.343223392963409424e-01,2.371351718902587891e-01,6.940167546272277832e-01,4.532321989536285400e-01,2.944205999374389648e-01,4.945980310440063477e-01,3.517184257507324219e-01,2.855920195579528809e-01,9.999997615814208984e-01,3.573296070098876953e-01,-2.806787788867950439e-01,2.853122949600219727e-01,3.037918508052825928e-01,3.542522192001342773e-01,3.642536997795104980e-01,5.743032097816467285e-01,-7.558898068964481354e-03,-6.861510127782821655e-02,3.949134349822998047e-01,1.337862461805343628e-01,4.066005945205688477e-01,2.404749020934104919e-02,2.621382772922515869e-01,3.709972500801086426e-01,1.859133690595626831e-01,1.291654706001281738e-01,4.606082737445831299e-01,5.855233073234558105e-01,4.007618129253387451e-01,-1.398945599794387817e-01,3.096656501293182373e-01,4.939020872116088867e-01,-8.795415610074996948e-02,-2.080394178628921509e-01,4.600047320127487183e-02,3.781110048294067383e-01,3.797754347324371338e-01,3.981693983078002930e-01,3.867271542549133301e-01,2.119318842887878418e-01,2.392152398824691772e-01,2.816974818706512451e-01,4.774674400687217712e-02
2.723444998264312744e-01,1.679768227040767670e-02,2.113537937402725220e-01,2.325028479099273682e-01,2.050766646862030029e-01,3.202200829982757568e-01,2.065389305353164673e-01,1.331764012575149536e-01,1.923486888408660889e-01,2.945359945297241211e-01,3.849022984504699707e-01,4.368363022804260254e-01,5.033687949180603027e-01,3.573296070098876953e-01,1.000000119209289551e+00,2.821078896522521973e-01,1.303369253873825073e-01,1.897896826267242432e-01,2.920452272519469261e-03,1.201765388250350952e-01,2.354601472616195679e-01,1.435765922069549561e-01,1.958080679178237915e-01,1.808838918805122375e-02,1.743240207433700562e-01,-5.543926358222961426e-02,2.389201968908309937e-01,2.431011199951171875e-01,-8.861305564641952515e-02,1.237124130129814148e-01,1.338210254907608032e-01,-2.658374235033988953e-02,2.364127933979034424e-01,3.487980961799621582e-01,1.455994136631488800e-02,-5.371668189764022827e-02,2.220315039157867432e-01,4.735421240329742432e-01,1.630983799695968628e-01,-7.829415053129196167e-02,2.866323478519916534e-02,-9.395015984773635864e-02,-4.778399318456649780e-02,-7.215722650289535522e-02,4.100722819566726685e-02,1.904784142971038818e-02,-4.797609150409698486e-02,-6.621830165386199951e-02
-1.367092877626419067e-01,-3.679430782794952393e-01,6.496346741914749146e-02,4.595788121223449707e-01,-2.779903709888458252e-01,4.773441329598426819e-02,2.019173055887222290e-01,-3.711245954036712646e-01,-1.670488417148590088e-01,-1.750915683805942535e-02,-8.399144560098648071e-02,7.934407144784927368e-02,1.810749918222427368e-01,-2.806787788867950439e-01,2.821078896522521973e-01,1.000000119209289551e+00,1.190905719995498657e-01,1.285006105899810791e-01,-2.994437217712402344e-01,-1.183362901210784912e-01,-3.509944081306457520e-01,4.125332534313201904e-01,3.571597039699554443e-01,-3.578177392482757568e-01,-1.851500123739242554e-01,-2.861077189445495605e-01,-5.677942931652069092e-02,-2.683165967464447021e-01,-4.136202633380889893e-01,-1.260268595069646835e-02,1.148681342601776123e-01,-4.001244306564331055e-01,-2.614174783229827881e-01,1.407632082700729370e-01,3.644675910472869873e-01,-2.401759177446365356e-01,2.797778137028217316e-02,6.223712563514709473e-01,5.824496746063232422e-01,-8.140391111373901367e-02,-3.444419801235198975e-01,-3.710626363754272461e-01,-3.421946167945861816e-01,-4.243511557579040527e-01,-8.285198360681533813e-02,-2.662325464189052582e-02,-2.007930427789688110e-01,-2.386093288660049438e-01
2.485262416303157806e-02,8.902437239885330200e-02,4.720441401004791260e-01,2.365762591361999512e-01,-2.346601523458957672e-02,1.695840954780578613e-01,8.167950510978698730e-01,2.231849282979965210e-01,3.904015719890594482e-01,4.340233802795410156e-01,1.456425487995147705e-01,8.340478688478469849e-02,1.714147031307220459e-01,2.853122949600219727e-01,1.303369253873825073e-01,1.190905719995498657e-01,1.000000119209289551e+00,6.075463294982910156e-01,3.931391835212707520e-01,4.164895713329315186e-01,3.104148209095001221e-01,3.071050643920898438e-01,1.730830073356628418e-01,1.724575906991958618e-01,-1.185051277279853821e-01,5.440216660499572754e-01,-1.605296134948730469e-01,3.840611875057220459e-02,2.963170409202575684e-01,2.264853566884994507e-01,3.197628259658813477e-01,1.905871480703353882e-01,-1.063975989818572998e-01,2.308694422245025635e-01,-3.338072076439857483e-02,8.800400048494338989e-02,2.272750884294509888e-01,1.111860796809196472e-01,1.801147758960723877e-01,1.927280798554420471e-02,3.774555400013923645e-02,2.591914236545562744e-01,3.515321016311645508e-01,2.242557108402252197e-01,2.688113451004028320e-01,4.073663651943206787e-01,1.455705761909484863e-01,2.825365774333477020e-02
-1.492487043142318726e-01,1.833408921957015991e-01,3.487018644809722900e-01,1.178926527500152588e-01,-1.200279500335454941e-02,3.352094888687133789e-01,7.027845978736877441e-01,1.084186509251594543e-01,1.513350754976272583e-01,1.004546880722045898e-01,-4.707262292504310608e-02,-1.661275774240493774e-01,2.156192511320114136e-01,3.037918508052825928e-01,1.897896826267242432e-01,1.285006105899810791e-01,6.075463294982910156e-01,9.999999403953552246e-01,5.852333903312683105e-01,6.668207645416259766e-01,3.485614061355590820e-01,1.435927152633666992e-01,3.999437689781188965e-01,1.186476796865463257e-01,-1.791634857654571533e-01,4.183517992496490479e-01,-1.768842786550521851e-01,-6.688182055950164795e-02,2.000664919614791870e-01,-1.068859640508890152e-02,1.277898401021957397e-01,1.239354610443115234e-01,-6.428770720958709717e-02,1.026453673839569092e-01,-1.631091088056564331e-01,3.781893476843833923e-02,9.869458526372909546e-02,4.203218594193458557e-02,5.244324728846549988e-02,8.043421804904937744e-02,1.888198107481002808e-01,1.926993429660797119e-01,2.975894510746002197e-01,1.186493113636970520e-01,2.603627741336822510e-01,2.924902737140655518e-01,5.779229849576950073e-02,-7.525356858968734741e-02
-5.780518427491188049e-02,4.659691452980041504e-01,1.098614409565925598e-01,-1.840826869010925293e-01,1.507809907197952271e-01,3.206391930580139160e-01,4.295506775379180908e-01,2.328627854585647583e-01,1.985079944133758545e-01,1.125836521387100220e-01,-2.269663102924823761e-02,-1.813142448663711548e-01,1.119686141610145569e-01,3.542522192001342773e-01,2.920452272519469261e-03,-2.994437217712402344e-01,3.931391835212707520e-01,5.852333903312683105e-01,9.999999403953552246e-01,6.558495759963989258e-01,4.182151854038238525e-01,-1.983015239238739014e-01,1.463155597448348999e-01,4.083956480026245117e-01,-1.190221384167671204e-01,4.576080739498138428e-01,-1.643757820129394531e-01,2.138688787817955017e-02,4.268648922443389893e-01,2.998518384993076324e-02,-1.956139504909515381e-02,3.845195174217224121e-01,1.269950568675994873e-01,8.738557994365692139e-02,-3.346397876739501953e-01,3.237707614898681641e-01,1.425488591194152832e-01,-2.120505571365356445e-01,-1.955991238355636597e-01,2.313193976879119873e-01,3.682078421115875244e-01,4.827731549739837646e-01,5.693065524101257324e-01,5.009779334068298340e-01,3.147453665733337402e-01,3.260764777660369873e-01,2.483300566673278809e-01,5.546338483691215515e-02
-1.297018826007843018e-01,4.203926920890808105e-01,1.801643967628479004e-01,-3.681683540344238281e-02,1.933916211128234863e-01,3.866100311279296875e-01,5.294324755668640137e-01,1.551966220140457153e-01,1.547981202602386475e-01,9.218166768550872803e-02,-1.094375327229499817e-01,-1.973600536584854126e-01,3.566337227821350098e-01,3.642536997795104980e-01,1.201765388250350952e-01,-1.183362901210784912e-01,4.164895713329315186e-01,6.668207645416259766e-01,6.558495759963989258e-01,1.000000000000000000e+00,6.023336648941040039e-01,-6.247361749410629272e-02,2.510586977005004883e-01,3.164668679237365723e-01,-2.744371592998504639e-01,4.207522869110107422e-01,-2.135004401206970215e-01,-6.500007212162017822e-02,2.690377235412597656e-01,-1.818534359335899353e-02,-1.370590273290872574e-02,2.949984371662139893e-01,9.701814502477645874e-02,5.377070605754852295e-02,-2.943062186241149902e-01,2.290849089622497559e-01,1.295223385095596313e-01,-1.600751578807830811e-01,-1.713226437568664551e-01,1.586769968271255493e-01,3.259957432746887207e-01,3.538187146186828613e-01,4.010442197322845459e-01,3.549999594688415527e-01,3.048717677593231201e-01,3.552398681640625000e-01,1.780753582715988159e-01,5.764349922537803650e-02
8.079265058040618896e-02,4.685971438884735107e-01,3.074575960636138916e-01,-4.658633377403020859e-03,4.031850993633270264e-01,2.957137227058410645e-01,3.135268390178680420e-01,4.730148017406463623e-01,3.166825771331787109e-01,2.473217099905014038e-01,2.890174090862274170e-01,2.303454577922821045e-01,4.893139600753784180e-01,5.743032097816467285e-01,2.354601472616195679e-01,-3.509944081306457520e-01,3.104148209095001221e-01,3.485614061355590820e-01,4.182151854038238525e-01,6.023336648941040039e-01,9.999992251396179199e-01,8.312282711267471313e-02,-5.300694704055786133e-02,3.440200984477996826e-01,-6.437588483095169067e-02,3.984834849834442139e-01,-8.019947260618209839e-02,2.358288466930389404e-01,3.466971516609191895e-01,1.785032302141189575e-01,2.113544195890426636e-01,4.325515031814575195e-01,3.273822963237762451e-01,1.416491866111755371e-01,-2.274696975946426392e-01,2.238710075616836548e-01,2.278772294521331787e-01,-2.411096990108489990e-01,-2.768582999706268311e-01,3.629679605364799500e-02,4.265009462833404541e-01,3.971868455410003662e-01,3.984422087669372559e-01,4.287132024765014648e-01,3.290454447269439697e-01,2.790819406509399414e-01,2.559039890766143799e-01,3.302745893597602844e-02
-5.032732710242271423e-02,-1.290543824434280396e-01,4.000684618949890137e-01,5.842435359954833984e-01,-2.052212655544281006e-01,3.031498752534389496e-02,2.972105443477630615e-01,-2.242371626198291779e-02,7.006275653839111328e-02,1.633931994438171387e-01,1.576014757156372070e-01,2.361871302127838135e-01,2.093095779418945312e-01,-7.558898068964481354e-03,1.435765922069549561e-01,4.125332534313201904e-01,3.071050643920898438e-01,1.435927152633666992e-01,-1.983015239238739014e-01,-6.247361749410629272e-02,8.312282711267471313e-02,9.999996423721313477e-01,1.299193352460861206e-01,-1.442057639360427856e-01,-1.459248661994934082e-01,-4.857940971851348877e-02,-1.174788847565650940e-01,-1.171346567571163177e-02,-8.314867317676544189e-02,3.077729046344757080e-01,6.323861479759216309e-01,-5.068647116422653198e-02,-2.433250695466995239e-01,1.773575395345687866e-01,3.709116578102111816e-01,-9.342981129884719849e-02,1.270814239978790283e-01,3.835904300212860107e-01,4.626922011375427246e-01,-3.728006780147552490e-02,-1.229661479592323303e-01,-1.924380511045455933e-01,-1.407381296157836914e-01,-1.774174720048904419e-01,2.014288753271102905e-01,1.140017136931419373e-01,1.317534446716308594e-01,-5.536762252449989319e-02
-1.414900571107864380e-01,-8.950509130954742432e-02,5.357763171195983887e-02,3.385135531425476074e-02,-1.119593009352684021e-01,1.765824556350708008e-01,2.998136878013610840e-01,-1.657100915908813477e-01,3.589317575097084045e-02,7.576991617679595947e-02,-1.600396484136581421e-01,-1.259746253490447998e-01,1.536763012409210205e-01,-6.861510127782821655e-02,1.958080679178237915e-01,3.571597039699554443e-01,1.730830073356628418e-01,3.999437689781188965e-01,1.463155597448348999e-01,2.510586977005004883e-01,-5.300694704055786133e-02,1.299193352460861206e-01,1.000000119209289551e+00,1.527905929833650589e-02,-6.816101819276809692e-02,3.055384382605552673e-02,-2.256498858332633972e-02,-1.139374449849128723e-01,-7.743731886148452759e-02,-1.066672131419181824e-01,1.853783801198005676e-02,-1.317038945853710175e-02,-2.371019870042800903e-01,3.097060509026050568e-02,6.655198335647583008e-02,1.784632205963134766e-01,-5.524243041872978210e-02,2.243117839097976685e-01,4.756288528442382812e-01,5.373403429985046387e-01,-4.531449079513549805e-02,-9.818933159112930298e-02,-7.519511878490447998e-02,-8.567377179861068726e-02,1.280272006988525391e-02,6.925238668918609619e-02,6.073691695928573608e-02,2.366108000278472900e-01
6.918630748987197876e-02,5.137635469436645508e-01,1.057543754577636719e-01,-1.608747988939285278e-01,2.661679089069366455e-01,1.960976570844650269e-01,1.921940296888351440e-01,3.715495765209197998e-01,2.703295052051544189e-01,1.292394846677780151e-01,1.714083552360534668e-01,1.919194683432579041e-02,9.830189496278762817e-02,3.949134349822998047e-01,1.808838918805122375e-02,-3.578177392482757568e-01,1.724575906991958618e-01,1.186476796865463257e-01,4.083956480026245117e-01,3.164668679237365723e-01,3.440200984477996826e-01,-1.442057639360427856e-01,1.527905929833650589e-02,1.000000357627868652e+00,9.513927251100540161e-02,4.605302512645721436e-01,-7.997298613190650940e-03,1.961689591407775879e-01,5.003225207328796387e-01,2.189002484083175659e-01,1.085773855447769165e-01,8.098945021629333496e-01,3.603326678276062012e-01,2.456376850605010986e-01,-1.256503611803054810e-01,7.577661871910095215e-01,2.351523190736770630e-01,-2.084676623344421387e-01,-8.570189028978347778e-02,3.922630846500396729e-01,4.474186599254608154e-01,4.736928343772888184e-01,5.081613063812255859e-01,4.270671308040618896e-01,2.708883583545684814e-01,3.288536071777343750e-01,7.093347907066345215e-01,4.449559748172760010e-01
5.654046535491943359e-01,2.463645115494728088e-02,1.028100121766328812e-02,-5.448647215962409973e-02,2.368700206279754639e-01,1.145401373505592346e-01,-1.240218952298164368e-01,1.311505585908889771e-01,1.566597074270248413e-01,1.892234236001968384e-01,3.398225307464599609e-01,2.592543661594390869e-01,-9.162390604615211487e-03,1.337862461805343628e-01,1.743240207433700562e-01,-1.851500123739242554e-01,-1.185051277279853821e-01,-1.791634857654571533e-01,-1.190221384167671204e-01,-2.744371592998504639e-01,-6.437588483095169067e-02,-1.459248661994934082e-01,-6.816101819276809692e-02,9.513927251100540161e-02,9.999996423721313477e-01,-7.051725685596466064e-02,7.127651572227478027e-01,5.364331603050231934e-01,1.318952441215515137e-01,9.505189210176467896e-02,1.087667346000671387e-01,1.339052617549896240e-01,2.176771014928817749e-01,1.330348104238510132e-01,1.264970302581787109e-01,7.183497771620750427e-03,8.033850789070129395e-02,2.029686421155929565e-02,-1.453500390052795410e-01,-8.833004534244537354e-02,1.400160044431686401e-01,1.914339885115623474e-02,-2.496544830501079559e-02,-5.055131763219833374e-02,-1.354437768459320068e-01,-1.304622739553451538e-01,1.468635350465774536e-01,1.097926795482635498e-01
1.619523018598556519e-02,3.384044468402862549e-01,3.305846154689788818e-01,-8.572717756032943726e-02,1.347311884164810181e-01,7.280073314905166626e-02,4.906823337078094482e-01,3.829373121261596680e-01,3.460881710052490234e-01,2.724741995334625244e-01,1.505823731422424316e-01,2.378546819090843201e-02,1.035618409514427185e-01,4.066005945205688477e-01,-5.543926358222961426e-02,-2.861077189445495605e-01,5.440216660499572754e-01,4.183517992496490479e-01,4.576080739498138428e-01,4.207522869110107422e-01,3.984834849834442139e-01,-4.857940971851348877e-02,3.055384382605552673e-02,4.605302512645721436e-01,-7.051725685596466064e-02,1.000000357627868652e+00,-1.973229795694351196e-01,1.332055330276489258e-01,5.243844389915466309e-01,1.430347859859466553e-01,8.538137376308441162e-02,4.778151810169219971e-01,1.362844109535217285e-01,1.198576986789703369e-01,-1.670546382665634155e-01,3.797666430473327637e-01,1.876552850008010864e-01,-2.696206867694854736e-01,-7.004157453775405884e-02,1.980935931205749512e-01,3.132565319538116455e-01,5.525660514831542969e-01,5.819574594497680664e-01,4.397106766700744629e-01,3.032847642898559570e-01,4.237013161182403564e-01,3.084371685981750488e-01,2.372120767831802368e-01
5.862298607826232910e-01,1.124387606978416443e-01,-5.682140588760375977e-03,-7.749736774712800980e-03,2.400480359792709351e-01,1.460060328245162964e-01,-1.232439577579498291e-01,3.173387423157691956e-02,2.022307068109512329e-01,2.533910274505615234e-01,2.771790027618408203e-01,3.066935539245605469e-01,3.481541201472282410e-02,2.404749020934104919e-02,2.389201968908309937e-01,-5.677942931652069092e-02,-1.605296134948730469e-01,-1.768842786550521851e-01,-1.643757820129394531e-01,-2.135004401206970215e-01,-8.019947260618209839e-02,-1.174788847565650940e-01,-2.256498858332633972e-02,-7.997298613190650940e-03,7.127651572227478027e-01,-1.973229795694351196e-01,9.999997019767761230e-01,5.593011975288391113e-01,9.004118293523788452e-02,1.867811083793640137e-01,1.047129929065704346e-01,-1.877436786890029907e-02,1.915880590677261353e-01,3.302491083741188049e-02,1.650135666131973267e-01,-9.603400528430938721e-02,-9.945216588675975800e-03,1.491576731204986572e-01,-1.318136304616928101e-01,-1.731604933738708496e-01,5.248443037271499634e-02,-9.819374978542327881e-02,-7.231847196817398071e-02,-4.686953499913215637e-02,-7.452959567308425903e-02,-1.335540562868118286e-01,-2.345648966729640961e-02,2.849437296390533447e-02
7.827026247978210449e-01,3.238908946514129639e-01,3.074505627155303955e-01,9.390670061111450195e-02,5.072591900825500488e-01,2.886482477188110352e-01,5.472174286842346191e-02,2.813544273376464844e-01,4.089716374874114990e-01,3.812440633773803711e-01,4.632937610149383545e-01,4.806622564792633057e-01,9.274214506149291992e-02,2.621382772922515869e-01,2.431011199951171875e-01,-2.683165967464447021e-01,3.840611875057220459e-02,-6.688182055950164795e-02,2.138688787817955017e-02,-6.500007212162017822e-02,2.358288466930389404e-01,-1.171346567571163177e-02,-1.139374449849128723e-01,1.961689591407775879e-01,5.364331603050231934e-01,1.332055330276489258e-01,5.593011975288391113e-01,9.999997615814208984e-01,5.137070417404174805e-01,3.051083087921142578e-01,1.477026641368865967e-01,1.758697926998138428e-01,2.249822020530700684e-01,9.908856451511383057e-02,5.276694521307945251e-02,5.097920820116996765e-02,1.375977545976638794e-01,-1.048958823084831238e-01,-2.321352064609527588e-01,-1.681508272886276245e-01,4.119233191013336182e-01,2.202061414718627930e-01,1.654594838619232178e-01,1.870481520891189575e-01,7.835803925991058350e-02,6.006099283695220947e-02,9.683740139007568359e-02,2.132495790719985962e-01
2.709026932716369629e-01,5.925575494766235352e-01,2.873865365982055664e-01,-1.737656593322753906e-01,2.824564278125762939e-01,1.639952957630157471e-01,2.541503310203552246e-01,4.677082598209381104e-01,3.717694580554962158e-01,2.304609864950180054e-01,2.547053694725036621e-01,8.400680869817733765e-02,-1.003338992595672607e-01,3.709972500801086426e-01,-8.861305564641952515e-02,-4.136202633380889893e-01,2.963170409202575684e-01,2.000664919614791870e-01,4.268648922443389893e-01,2.690377235412597656e-01,3.466971516609191895e-01,-8.314867317676544189e-02,-7.743731886148452759e-02,5.003225207328796387e-01,1.318952441215515137e-01,5.243844389915466309e-01,9.004118293523788452e-02,5.137070417404174805e-01,1.000000238418579102e+00,3.481679856777191162e-01,1.517971605062484741e-01,5.117832422256469727e-01,2.544484436511993408e-01,2.651810050010681152e-01,-2.683675102889537811e-02,3.427505493164062500e-01,2.880009710788726807e-01,-2.669485509395599365e-01,-2.060314416885375977e-01,7.753462344408035278e-02,5.089834332466125488e-01,5.229997634887695312e-01,4.253374934196472168e-01,4.944551587104797363e-01,2.013242989778518677e-01,2.769527137279510498e-01,3.793547749519348145e-01,2.734203040599822998e-01
2.059928774833679199e-01,2.171626240015029907e-01,2.350370734930038452e-01,7.569085806608200073e-02,7.667281478643417358e-02,-8.983952552080154419e-02,1.462982743978500366e-01,2.352291792631149292e-01,3.537116348743438721e-01,4.184575676918029785e-01,3.541351854801177979e-01,3.783485293388366699e-01,1.567487865686416626e-01,1.859133690595626831e-01,1.237124130129814148e-01,-1.260268595069646835e-02,2.264853566884994507e-01,-1.068859640508890152e-02,2.998518384993076324e-02,-1.818534359335899353e-02,1.785032302141189575e-01,3.077729046344757080e-01,-1.066672131419181824e-01,2.189002484083175659e-01,9.505189210176467896e-02,1.430347859859466553e-01,1.867811083793640137e-01,3.051083087921142578e-01,3.481679856777191162e-01,9.999998211860656738e-01,6.743092536926269531e-01,3.881723880767822266e-01,1.899025887250900269e-01,3.305361568927764893e-01,2.069971710443496704e-01,1.116944923996925354e-01,1.931890100240707397e-01,1.702719181776046753e-01,8.232650905847549438e-02,-7.568562775850296021e-02,6.867113709449768066e-02,1.329267919063568115e-01,2.462958544492721558e-01,2.131573557853698730e-01,2.357643544673919678e-01,2.628036439418792725e-01,2.487652152776718140e-01,4.142716154456138611e-02
4.136984422802925110e-02,5.302941426634788513e-02,2.940412759780883789e-01,2.596422433853149414e-01,-1.507966816425323486e-01,-2.364131249487400055e-02,2.375061213970184326e-01,1.087174937129020691e-01,2.220889180898666382e-01,2.965551316738128662e-01,2.372775077819824219e-01,2.409789562225341797e-01,1.855185478925704956e-01,1.291654706001281738e-01,1.338210254907608032e-01,1.148681342601776123e-01,3.197628259658813477e-01,1.277898401021957397e-01,-1.956139504909515381e-02,-1.370590273290872574e-02,2.113544195890426636e-01,6.323861479759216309e-01,1.853783801198005676e-02,1.085773855447769165e-01,1.087667346000671387e-01,8.538137376308441162e-02,1.047129929065704346e-01,1.477026641368865967e-01,1.517971605062484741e-01,6.743092536926269531e-01,1.000000357627868652e+00,3.110181093215942383e-01,1.902274601161479950e-02,2.534957230091094971e-01,3.659567534923553467e-01,5.112988501787185669e-02,1.373839527368545532e-01,3.350808620452880859e-01,2.827943265438079834e-01,-5.918380245566368103e-02,-1.008051563985645771e-03,5.136540904641151428e-02,1.356821358203887939e-01,1.284304168075323105e-02,2.782637476921081543e-01,2.884202301502227783e-01,3.501257598400115967e-01,-5.087484791874885559e-02
1.625925675034523010e-02,4.403062760829925537e-01,9.506846219301223755e-02,-2.118141353130340576e-01,2.227526605129241943e-01,8.699118345975875854e-02,1.676089167594909668e-01,4.283251464366912842e-01,2.805576324462890625e-01,1.267926394939422607e-01,2.100092619657516479e-01,3.841651976108551025e-02,7.201405614614486694e-02,4.606082737445831299e-01,-2.658374235033988953e-02,-4.001244306564331055e-01,1.905871480703353882e-01,1.239354610443115234e-01,3.845195174217224121e-01,2.949984371662139893e-01,4.325515031814575195e-01,-5.068647116422653198e-02,-1.317038945853710175e-02,8.098945021629333496e-01,1.339052617549896240e-01,4.778151810169219971e-01,-1.877436786890029907e-02,1.758697926998138428e-01,5.117832422256469727e-01,3.881723880767822266e-01,3.110181093215942383e-01,1.000000000000000000e+00,3.700781166553497314e-01,2.502155900001525879e-01,-9.762983024120330811e-02,6.913571357727050781e-01,2.487436532974243164e-01,-2.324448525905609131e-01,-9.238826483488082886e-02,3.660267889499664307e-01,4.014071524143218994e-01,4.749325513839721680e-01,5.315969586372375488e-01,4.147785902023315430e-01,2.743596732616424561e-01,3.571847379207611084e-01,7.027711868286132812e-01,3.409659564495086670e-01
8.568555861711502075e-02,3.649416267871856689e-01,1.442732661962509155e-02,-2.248256951570510864e-01,4.467963874340057373e-01,4.660128802061080933e-02,-1.817551404237747192e-01,5.238298773765563965e-01,2.375974953174591064e-01,1.187270283699035645e-01,4.706768691539764404e-01,3.774337768554687500e-01,1.766159385442733765e-01,5.855233073234558105e-01,2.364127933979034424e-01,-2.614174783229827881e-01,-1.063975989818572998e-01,-6.428770720958709717e-02,1.269950568675994873e-01,9.701814502477645874e-02,3.273822963237762451e-01,-2.433250695466995239e-01,-2.371019870042800903e-01,3.603326678276062012e-01,2.176771014928817749e-01,1.362844109535217285e-01,1.915880590677261353e-01,2.249822020530700684e-01,2.544484436511993408e-01,1.899025887250900269e-01,1.902274601161479950e-02,3.700781166553497314e-01,1.000000476837158203e+00,3.244290351867675781e-01,-8.243072032928466797e-02,2.787879109382629395e-01,3.795630931854248047e-01,-3.745106980204582214e-02,-2.330607473850250244e-01,8.838096633553504944e-03,2.971435189247131348e-01,2.278822511434555054e-01,1.918457001447677612e-01,2.741918861865997314e-01,1.256688088178634644e-01,5.905612558126449585e-02,2.626203894615173340e-01,-2.374352142214775085e-02
