9.999995231628417969e-01,2.584366127848625183e-02,1.328548938035964966e-01,3.114281296730041504e-01,3.687255084514617920e-01,8.862190693616867065e-02,-1.895285546779632568e-01,-1.548859924077987671e-01,-5.556157976388931274e-02,5.820431932806968689e-02,5.248213419690728188e-04,2.140460908412933350e-01,7.669094949960708618e-02,-2.420899271965026855e-02,1.218555215746164322e-02,4.499585181474685669e-02,-3.522365540266036987e-02,4.090853035449981689e-01,4.528259113430976868e-02,4.281679391860961914e-01,2.270371913909912109e-01,-2.148395031690597534e-01,-1.102652698755264282e-01,-1.609167307615280151e-01,3.085645735263824463e-01,-1.187777966260910034e-01,-3.897327557206153870e-02,4.074175953865051270e-01,1.824707090854644775e-01,1.666066199541091919e-01,-1.021764650940895081e-01,-8.476307243108749390e-02,3.424346074461936951e-02,-1.575351506471633911e-01,-9.867841750383377075e-02,-1.028126478195190430e-01,-7.505369931459426880e-02,-2.205850929021835327e-01,5.718620494008064270e-03,2.714362442493438721e-01,1.085036545991897583e-01,-2.091551125049591064e-01,-2.751770615577697754e-01,-1.265907883644104004e-01,-3.539994731545448303e-02,-9.938904643058776855e-02,-4.906912147998809814e-02,-4.715321958065032959e-02
2.584366127848625183e-02,1.000000357627868652e+00,4.360711574554443359e-01,1.395304501056671143e-01,-7.044398039579391479e-02,3.554283678531646729e-01,3.353936374187469482e-01,3.847638070583343506e-01,4.609053432941436768e-01,2.058454155921936035e-01,1.053737923502922058e-01,-9.153240174055099487e-02,1.610978096723556519e-01,-6.095580384135246277e-02,-3.513138508424162865e-03,1.497212201356887817e-01,3.603677153587341309e-01,-2.403457164764404297e-01,3.860439956188201904e-01,3.094469197094440460e-02,-2.062181830406188965e-01,-4.855643957853317261e-03,2.237534821033477783e-01,3.012875616550445557e-01,7.327372580766677856e-02,1.488836109638214111e-01,2.766000032424926758e-01,3.396396040916442871e-01,6.811996698379516602e-01,-7.775870617479085922e-03,4.163154065608978271e-01,2.691914439201354980e-01,5.406987667083740234e-01,2.846775054931640625e-01,2.457022219896316528e-01,4.764105975627899170e-01,1.256589740514755249e-01,2.364710867404937744e-01,4.470995068550109863e-01,2.756533920764923096e-01,2.367336899042129517e-01,4.475429058074951172e-01,2.949308753013610840e-01,5.448341965675354004e-01,4.866354465484619141e-01,3.300112187862396240e-01,2.510503828525543213e-01,2.895059436559677124e-02
1.328548938035964966e-01,4.360711574554443359e-01,9.999995231628417969e-01,5.260121822357177734e-01,1.017237976193428040e-01,5.395390391349792480e-01,6.098462939262390137e-01,3.885150551795959473e-01,4.286104142665863037e-01,4.081018865108489990e-01,3.557641506195068359e-01,1.377431303262710571e-01,2.143478393554687500e-01,2.604455947875976562e-01,2.714436650276184082e-01,1.421029418706893921e-01,3.293825685977935791e-01,-1.056638956069946289e-01,2.610054016113281250e-01,1.538378894329071045e-01,-4.085305705666542053e-02,1.250044405460357666e-01,2.893275916576385498e-01,1.553486883640289307e-01,1.921052336692810059e-01,4.875818789005279541e-01,3.550601601600646973e-01,3.592945039272308350e-01,4.262924194335937500e-01,9.148647636175155640e-02,2.889743149280548096e-01,1.692988723516464233e-01,4.132525026798248291e-01,2.511151134967803955e-01,2.775162756443023682e-01,4.311641454696655273e-01,3.079007267951965332e-01,3.583598136901855469e-01,3.197091221809387207e-01,3.618532419204711914e-01,1.524742990732192993e-01,4.243181347846984863e-01,3.067888319492340088e-01,3.473933935165405273e-01,3.906260430812835693e-01,4.667959511280059814e-01,1.029490083456039429e-01,2.710777148604393005e-02
3.114281296730041504e-01,1.395304501056671143e-01,5.260121822357177734e-01,9.999994635581970215e-01,4.523052573204040527e-01,5.008016824722290039e-01,5.293985009193420410e-01,1.174113452434539795e-01,1.311355270445346832e-02,1.234710440039634705e-01,1.937373131513595581e-01,1.545751541852951050e-01,2.559389770030975342e-01,-1.776305399835109711e-02,8.153053373098373413e-02,2.421995997428894043e-01,4.357076883316040039e-01,3.542657494544982910e-01,5.565496534109115601e-02,1.579647660255432129e-01,1.308248192071914673e-01,1.703799962997436523e-01,7.735826075077056885e-02,-2.196725010871887207e-01,-9.855746477842330933e-02,3.958180844783782959e-01,2.430165708065032959e-01,1.325659751892089844e-01,3.912232816219329834e-02,2.664260007441043854e-02,8.015759289264678955e-02,-5.527213215827941895e-02,8.593706041574478149e-02,1.886221468448638916e-01,1.333630383014678955e-01,2.788132131099700928e-01,2.224585600197315216e-02,1.467013210058212280e-01,1.543744206428527832e-01,1.940171867609024048e-01,2.285849601030349731e-01,1.409386247396469116e-01,1.603966951370239258e-01,-2.331886626780033112e-02,2.082757353782653809e-01,2.639759182929992676e-01,-2.602269947528839111e-01,-1.023686006665229797e-01
3.687255084514617920e-01,-7.044398039579391479e-02,1.017237976193428040e-01,4.523052573204040527e-01,9.999997019767761230e-01,5.066989660263061523e-01,4.115530475974082947e-02,-8.785299025475978851e-03,-7.338663935661315918e-02,1.776020042598247528e-02,-3.799242898821830750e-02,9.622780233621597290e-02,2.577352225780487061e-01,-5.585121735930442810e-02,2.989008650183677673e-02,4.491669684648513794e-02,3.105119168758392334e-01,4.026304781436920166e-01,8.926940709352493286e-02,2.039180099964141846e-01,3.392866551876068115e-01,-3.420693054795265198e-02,-3.472496755421161652e-03,-2.615175545215606689e-01,-1.971135884523391724e-01,-5.380633473396301270e-02,-9.131596982479095459e-02,1.730089634656906128e-01,-1.250277012586593628e-01,4.251731187105178833e-02,-2.003635764122009277e-01,-1.976287961006164551e-01,2.464352175593376160e-02,3.078247606754302979e-02,3.185057640075683594e-02,1.317356228828430176e-01,1.817768998444080353e-02,4.608554020524024963e-02,1.137448474764823914e-01,1.826072484254837036e-01,4.698361456394195557e-01,-5.617088824510574341e-02,6.904067099094390869e-02,-1.637562960386276245e-01,-5.225575342774391174e-02,8.674345910549163818e-02,-2.683675289154052734e-01,-5.769153311848640442e-02
8.862190693616867065e-02,3.554283678531646729e-01,5.395390391349792480e-01,5.008016824722290039e-01,5.066989660263061523e-01,1.000000119209289551e+00,4.956425428390502930e-01,3.268907666206359863e-01,3.230465650558471680e-01,2.683671712875366211e-01,1.243830695748329163e-01,-6.577551364898681641e-02,2.271082699298858643e-01,1.604571752250194550e-02,1.012344285845756531e-01,1.319366991519927979e-01,5.126039981842041016e-01,-9.092444181442260742e-02,3.292308747768402100e-01,1.072485093027353287e-02,-6.422061938792467117e-03,1.560245454311370850e-01,1.689577251672744751e-01,6.687043234705924988e-03,-6.643088161945343018e-02,2.837540507316589355e-01,2.189974039793014526e-01,2.396119832992553711e-01,1.987714767456054688e-01,-1.228873506188392639e-01,6.905181705951690674e-02,3.710914030671119690e-02,4.109655022621154785e-01,2.796029150485992432e-01,1.070759892463684082e-01,3.566593825817108154e-01,1.470893025398254395e-01,2.987323999404907227e-01,3.397581577301025391e-01,3.344120085239410400e-01,3.435582816600799561e-01,3.561525344848632812e-01,2.651882469654083252e-01,2.636743187904357910e-01,3.341131806373596191e-01,4.448059797286987305e-01,-5.722138658165931702e-02,-4.088493529707193375e-03
-1.895285546779632568e-01,3.353936374187469482e-01,6.098462939262390137e-01,5.293985009193420410e-01,4.115530475974082947e-02,4.956425428390502930e-01,1.000000357627868652e+00,2.976605594158172607e-01,3.093729317188262939e-01,4.106988906860351562e-01,4.715013504028320312e-01,1.637218743562698364e-01,2.634100914001464844e-01,2.406959384679794312e-01,3.224512636661529541e-01,1.710700392723083496e-01,3.184330463409423828e-01,1.311710011214017868e-02,-9.131393581628799438e-02,8.572849445044994354e-03,4.092691838741302490e-02,2.632522881031036377e-01,2.762802243232727051e-01,1.217651087790727615e-02,1.263347864151000977e-01,7.450944185256958008e-01,3.990143835544586182e-01,1.771527677774429321e-01,1.230647787451744080e-01,1.661620885133743286e-01,3.218812346458435059e-01,6.166682764887809753e-02,1.963060200214385986e-01,2.916575074195861816e-01,2.664284706115722656e-01,4.202047884464263916e-01,2.358449548482894897e-01,3.924894332885742188e-01,2.039172947406768799e-01,2.071591764688491821e-01,1.031790003180503845e-01,5.494570136070251465e-01,4.619307518005371094e-01,3.453712463378906250e-01,4.546553790569305420e-01,5.100333690643310547e-01,-9.852317720651626587e-02,1.644795984029769897e-01
-1.548859924077987671e-01,3.847638070583343506e-01,3.885150551795959473e-01,1.174113452434539795e-01,-8.785299025475978851e-03,3.268907666206359863e-01,2.976605594158172607e-01,9.999997019767761230e-01,5.848946571350097656e-01,3.434295058250427246e-01,3.822170495986938477e-01,1.740189641714096069e-01,2.446861863136291504e-01,2.159427553415298462e-01,1.668713837862014771e-01,3.207250535488128662e-01,2.241436839103698730e-01,-3.033220469951629639e-01,2.485991269350051880e-01,-9.014137089252471924e-02,-1.206230744719505310e-01,2.719224095344543457e-01,3.043372929096221924e-01,3.685860037803649902e-01,1.601057201623916626e-01,1.755409240722656250e-01,2.434066236019134521e-01,2.424347102642059326e-01,3.973566889762878418e-01,2.117842994630336761e-02,3.095878660678863525e-01,3.078582584857940674e-01,5.783104300498962402e-01,6.202433705329895020e-01,3.123237490653991699e-01,5.061318278312683105e-01,3.582684993743896484e-01,4.399795830249786377e-01,3.969686627388000488e-01,2.381106019020080566e-01,3.524023294448852539e-01,4.584300816059112549e-01,3.617018461227416992e-01,4.748228192329406738e-01,3.675169348716735840e-01,4.063452184200286865e-01,2.998554110527038574e-01,1.744815260171890259e-01
-5.556157976388931274e-02,4.609053432941436768e-01,4.286104142665863037e-01,1.311355270445346832e-02,-7.338663935661315918e-02,3.230465650558471680e-01,3.093729317188262939e-01,5.848946571350097656e-01,1.000000119209289551e+00,5.717203021049499512e-01,2.895535826683044434e-01,1.451526880264282227e-01,2.672482132911682129e-01,2.903676033020019531e-01,2.776197195053100586e-01,7.919004559516906738e-02,1.180300265550613403e-01,-2.788368165493011475e-01,2.328245341777801514e-01,7.262010127305984497e-02,-1.555034816265106201e-01,3.406791761517524719e-02,2.754722237586975098e-01,3.584218025207519531e-01,3.168295323848724365e-01,2.123315483331680298e-01,3.097131550312042236e-01,3.470296263694763184e-01,5.247781276702880859e-01,1.225644946098327637e-01,3.250012397766113281e-01,3.002636134624481201e-01,5.822149515151977539e-01,2.589988708496093750e-01,2.591087818145751953e-01,3.859211802482604980e-01,3.941417336463928223e-01,3.551687002182006836e-01,2.384243309497833252e-01,2.279847860336303711e-01,1.719125211238861084e-01,5.958778262138366699e-01,3.926317393779754639e-01,6.850367188453674316e-01,4.328232705593109131e-01,5.220614075660705566e-01,3.334071934223175049e-01,2.036282569169998169e-01
5.820431932806968689e-02,2.058454155921936035e-01,4.081018865108489990e-01,1.234710440039634705e-01,1.776020042598247528e-02,2.683671712875366211e-01,4.106988906860351562e-01,3.434295058250427246e-01,5.717203021049499512e-01,9.999998211860656738e-01,5.777327418327331543e-01,4.182328879833221436e-01,3.887338340282440186e-01,4.747092127799987793e-01,6.094295382499694824e-01,1.078543961048126221e-01,-1.329492628574371338e-01,1.074308827519416809e-01,-1.703291982412338257e-01,4.477623701095581055e-01,1.322773694992065430e-01,-5.707265809178352356e-02,1.842027604579925537e-01,-1.956970430910587311e-02,4.468826353549957275e-01,3.960990607738494873e-01,3.638339638710021973e-01,4.231844842433929443e-01,2.217461168766021729e-01,3.737333118915557861e-01,1.671993881464004517e-01,1.134005840867757797e-02,2.971990704536437988e-01,2.040039300918579102e-01,2.460323274135589600e-01,2.395764887332916260e-01,4.709618389606475830e-01,4.140399396419525146e-01,2.152097672224044800e-01,3.276984691619873047e-01,9.227638691663742065e-02,4.384099245071411133e-01,2.774390280246734619e-01,4.239086210727691650e-01,4.858609139919281006e-01,6.402873396873474121e-01,7.093729078769683838e-02,2.123068422079086304e-01
5.248213419690728188e-04,1.053737923502922058e-01,3.557641506195068359e-01,1.937373131513595581e-01,-3.799242898821830750e-02,1.243830695748329163e-01,4.715013504028320312e-01,3.822170495986938477e-01,2.895535826683044434e-01,5.777327418327331543e-01,9.999997615814208984e-01,4.827481508255004883e-01,2.140584588050842285e-01,4.344792664051055908e-01,4.342830777168273926e-01,1.480661183595657349e-01,-1.174291446805000305e-01,1.710913926362991333e-01,-3.141004443168640137e-01,2.099912762641906738e-01,1.793428063392639160e-01,1.341647207736968994e-01,1.229093894362449646e-01,-6.219905335456132889e-04,4.238021969795227051e-01,3.627805411815643311e-01,3.108715713024139404e-01,3.413637578487396240e-01,1.070036292076110840e-01,4.521074891090393066e-01,2.813216745853424072e-01,5.472915712743997574e-03,1.207692474126815796e-01,3.143638372421264648e-01,3.242239952087402344e-01,2.959283292293548584e-01,4.149319827556610107e-01,2.870425283908843994e-01,2.094849348068237305e-01,2.107204794883728027e-01,1.707496345043182373e-01,4.050370156764984131e-01,3.265993595123291016e-01,2.507864832878112793e-01,3.492110967636108398e-01,3.880803585052490234e-01,3.978638350963592529e-02,1.682251244783401489e-01
2.140460908412933350e-01,-9.153240174055099487e-02,1.377431303262710571e-01,1.545751541852951050e-01,9.622780233621597290e-02,-6.577551364898681641e-02,1.637218743562698364e-01,1.740189641714096069e-01,1.451526880264282227e-01,4.182328879833221436e-01,4.827481508255004883e-01,9.999996423721313477e-01,5.373803973197937012e-01,4.586159586906433105e-01,5.072414278984069824e-01,3.355812728404998779e-01,-1.646032631397247314e-01,4.515716731548309326e-01,-3.794598877429962158e-01,4.541114568710327148e-01,3.292993009090423584e-01,-1.480832695960998535e-01,1.731860041618347168e-01,-1.091156303882598877e-01,3.570823669433593750e-01,1.661112159490585327e-01,2.005157470703125000e-01,3.632625639438629150e-01,5.736953765153884888e-02,4.153498709201812744e-01,1.063761264085769653e-01,-6.690954416990280151e-02,1.908641867339611053e-02,1.346340030431747437e-01,3.219685554504394531e-01,1.901815384626388550e-01,2.477467507123947144e-01,1.354949176311492920e-01,-3.501489758491516113e-03,4.420727491378784180e-02,1.753717362880706787e-01,1.680636256933212280e-01,8.212348073720932007e-02,-6.515249609947204590e-03,1.075767204165458679e-01,1.469322592020034790e-01,-1.783445850014686584e-02,1.002443730831146240e-01
7.669094949960708618e-02,1.610978096723556519e-01,2.143478393554687500e-01,2.559389770030975342e-01,2.577352225780487061e-01,2.271082699298858643e-01,2.634100914001464844e-01,2.446861863136291504e-01,2.672482132911682129e-01,3.887338340282440186e-01,2.140584588050842285e-01,5.373803973197937012e-01,9.999995231628417969e-01,1.291113495826721191e-01,3.229362070560455322e-01,4.879125058650970459e-01,2.689304649829864502e-01,3.920114338397979736e-01,-1.262822188436985016e-02,3.474195301532745361e-01,2.947855293750762939e-01,-1.127708628773689270e-01,3.672288060188293457e-01,-1.125792264938354492e-01,-5.645055323839187622e-02,2.878963053226470947e-01,1.034964621067047119e-01,9.507066011428833008e-02,6.870755553245544434e-02,8.438687771558761597e-02,-3.771930187940597534e-02,-1.875396370887756348e-01,1.273016780614852905e-01,2.522155344486236572e-01,3.253363370895385742e-01,3.167459368705749512e-01,1.351943016052246094e-01,3.068411350250244141e-01,1.818891465663909912e-01,2.363672852516174316e-01,1.725828200578689575e-01,2.607894539833068848e-01,2.392126023769378662e-01,1.728744208812713623e-01,2.230100929737091064e-01,2.401752471923828125e-01,-1.825478523969650269e-01,1.625295728445053101e-01
-2.420899271965026855e-02,-6.095580384135246277e-02,2.604455947875976562e-01,-1.776305399835109711e-02,-5.585121735930442810e-02,1.604571752250194550e-02,2.406959384679794312e-01,2.159427553415298462e-01,2.903676033020019531e-01,4.747092127799987793e-01,4.344792664051055908e-01,4.586159586906433105e-01,1.291113495826721191e-01,9.999998211860656738e-01,6.452934741973876953e-01,3.167124837636947632e-02,-2.483769655227661133e-01,9.783662855625152588e-02,-2.824979126453399658e-01,2.556878030300140381e-01,1.893420517444610596e-01,2.450745180249214172e-02,2.099621593952178955e-01,1.948186010122299194e-01,3.988705575466156006e-01,2.269077897071838379e-01,1.385700851678848267e-01,4.397634565830230713e-01,1.344962120056152344e-01,4.398699402809143066e-01,2.276559472084045410e-01,1.772751957178115845e-01,5.026385188102722168e-02,7.429566234350204468e-02,7.515449076890945435e-02,1.452403366565704346e-01,6.685642004013061523e-01,2.324584871530532837e-01,-5.889708548784255981e-02,1.165495291352272034e-01,9.962081909179687500e-02,2.342700362205505371e-01,1.312451362609863281e-01,1.174523904919624329e-01,3.177352249622344971e-02,2.395972162485122681e-01,2.449516803026199341e-01,1.751803755760192871e-01
1.218555215746164322e-02,-3.513138508424162865e-03,2.714436650276184082e-01,8.153053373098373413e-02,2.989008650183677673e-02,1.012344285845756531e-01,3.224512636661529541e-01,1.668713837862014771e-01,2.776197195053100586e-01,6.094295382499694824e-01,4.342830777168273926e-01,5.072414278984069824e-01,3.229362070560455322e-01,6.452934741973876953e-01,9.999999403953552246e-01,1.648683547973632812e-01,-1.728298664093017578e-01,2.387429177761077881e-01,-2.887904047966003418e-01,4.310742318630218506e-01,2.741936147212982178e-01,-3.308062441647052765e-03,2.038738280534744263e-01,8.012940734624862671e-02,3.092093169689178467e-01,3.216985464096069336e-01,1.065896078944206238e-01,3.693600594997406006e-01,6.746046990156173706e-02,4.530830383300781250e-01,1.884423792362213135e-01,1.298054605722427368e-01,-4.703248292207717896e-02,1.722002029418945312e-01,2.700361013412475586e-01,1.472710818052291870e-01,4.949584007263183594e-01,5.561286807060241699e-01,5.023458227515220642e-02,3.560067713260650635e-01,6.898910552263259888e-02,2.390008717775344849e-01,1.675282418727874756e-01,1.216121464967727661e-01,9.014932811260223389e-02,2.614398896694183350e-01,1.534066796302795410e-01,2.788169682025909424e-01
4.499585181474685669e-02,1.497212201356887817e-01,1.421029418706893921e-01,2.421995997428894043e-01,4.491669684648513794e-02,1.319366991519927979e-01,1.710700392723083496e-01,3.207250535488128662e-01,7.919004559516906738e-02,1.078543961048126221e-01,1.480661183595657349e-01,3.355812728404998779e-01,4.879125058650970459e-01,3.167124837636947632e-02,1.648683547973632812e-01,1.000000357627868652e+00,2.719296813011169434e-01,1.057181581854820251e-01,7.896678894758224487e-02,1.130016073584556580e-01,1.516459286212921143e-01,4.804791510105133057e-02,3.292691409587860107e-01,-5.484246462583541870e-02,-1.161689758300781250e-01,1.569038033485412598e-01,5.356777831912040710e-02,-5.128354299813508987e-03,4.149242490530014038e-02,-6.949127465486526489e-02,2.737863361835479736e-02,-7.596727460622787476e-02,1.534995343536138535e-02,3.605159223079681396e-01,2.628333568572998047e-01,1.859380155801773071e-01,3.230695798993110657e-02,3.552041649818420410e-01,3.056699633598327637e-01,1.883968114852905273e-01,6.155457347631454468e-02,6.396130472421646118e-02,1.485668495297431946e-02,4.618014022707939148e-02,1.712013930082321167e-01,7.244199514389038086e-02,-6.079179793596267700e-02,7.253719866275787354e-02
-3.522365540266036987e-02,3.603677153587341309e-01,3.293825685977935791e-01,4.357076883316040039e-01,3.105119168758392334e-01,5.126039981842041016e-01,3.184330463409423828e-01,2.241436839103698730e-01,1.180300265550613403e-01,-1.329492628574371338e-01,-1.174291446805000305e-01,-1.646032631397247314e-01,2.689304649829864502e-01,-2.483769655227661133e-01,-1.728298664093017578e-01,2.719296813011169434e-01,1.000000357627868652e+00,1.868445053696632385e-02,5.978100895881652832e-01,-2.656426839530467987e-02,1.102107465267181396e-01,8.303790539503097534e-02,1.458116024732589722e-01,-4.717179387807846069e-02,-4.285192191600799561e-01,1.068616360425949097e-01,-1.693949452601373196e-04,-1.205807738006114960e-02,2.183583676815032959e-01,-3.279700577259063721e-01,1.099524497985839844e-01,-8.548787236213684082e-02,1.982373893260955811e-01,2.088740170001983643e-01,3.916370868682861328e-02,2.431062459945678711e-01,-1.323754936456680298e-01,1.901369094848632812e-01,2.614610493183135986e-01,1.398617476224899292e-01,2.217797189950942993e-01,2.207393646240234375e-01,2.365562021732330322e-01,8.619640022516250610e-02,1.086582839488983154e-01,9.113129228353500366e-02,-1.837690919637680054e-01,-1.337004154920578003e-01
4.090853035449981689e-01,-2.403457164764404297e-01,-1.056638956069946289e-01,3.542657494544982910e-01,4.026304781436920166e-01,-9.092444181442260742e-02,1.311710011214017868e-02,-3.033220469951629639e-01,-2.788368165493011475e-01,1.074308827519416809e-01,1.710913926362991333e-01,4.515716731548309326e-01,3.920114338397979736e-01,9.783662855625152588e-02,2.387429177761077881e-01,1.057181581854820251e-01,1.868445053696632385e-02,9.999997019767761230e-01,-3.707938790321350098e-01,4.728340208530426025e-01,5.198286771774291992e-01,-2.390361428260803223e-01,-8.082441240549087524e-02,-4.088204801082611084e-01,1.514714024960994720e-02,4.802899062633514404e-02,-6.194752454757690430e-02,1.488868445158004761e-01,-1.996008753776550293e-01,4.078797399997711182e-01,-1.113759279251098633e-01,-3.512317240238189697e-01,-3.463512361049652100e-01,-1.215565726161003113e-01,3.218730539083480835e-02,-6.985561549663543701e-02,-2.873695641756057739e-02,-6.614307314157485962e-02,-1.303717046976089478e-01,7.305921614170074463e-02,1.220389157533645630e-01,-1.433773785829544067e-01,-7.835689187049865723e-02,-3.367955088615417480e-01,-1.091463938355445862e-01,-9.118039906024932861e-02,-3.216710984706878662e-01,-2.472789026796817780e-02
4.528259113430976868e-02,3.860439956188201904e-01,2.610054016113281250e-01,5.565496534109115601e-02,8.926940709352493286e-02,3.292308747768402100e-01,-9.131393581628799438e-02,2.485991269350051880e-01,2.328245341777801514e-01,-1.703291982412338257e-01,-3.141004443168640137e-01,-3.794598877429962158e-01,-1.262822188436985016e-02,-2.824979126453399658e-01,-2.887904047966003418e-01,7.896678894758224487e-02,5.978100895881652832e-01,-3.707938790321350098e-01,1.000000357627868652e+00,1.245312578976154327e-02,-6.999238580465316772e-02,1.255165319889783859e-02,5.319385975599288940e-02,1.796043813228607178e-01,-3.087126612663269043e-01,-1.873581558465957642e-01,-7.402896881103515625e-02,-7.297108415514230728e-03,4.241091012954711914e-01,-4.486868083477020264e-01,9.411505609750747681e-02,1.068527400493621826e-01,3.753538429737091064e-01,9.086361527442932129e-02,5.431004101410508156e-04,1.317024677991867065e-01,-1.115508675575256348e-01,9.443794935941696167e-02,2.605923414230346680e-01,1.803652048110961914e-01,6.693952530622482300e-02,6.989298760890960693e-02,7.378938794136047363e-02,1.598647236824035645e-01,1.723475567996501923e-02,-1.864161575213074684e-03,1.004091724753379822e-01,-1.482223123311996460e-01
4.281679391860961914e-01,3.094469197094440460e-02,1.538378894329071045e-01,1.579647660255432129e-01,2.039180099964141846e-01,1.072485093027353287e-02,8.572849445044994354e-03,-9.014137089252471924e-02,7.262010127305984497e-02,4.477623701095581055e-01,2.099912762641906738e-01,4.541114568710327148e-01,3.474195301532745361e-01,2.556878030300140381e-01,4.310742318630218506e-01,1.130016073584556580e-01,-2.656426839530467987e-02,4.728340208530426025e-01,1.245312578976154327e-02,9.999992847442626953e-01,5.390795469284057617e-01,-2.816262245178222656e-01,5.740494932979345322e-03,-2.589805424213409424e-01,1.527579426765441895e-01,6.136484444141387939e-02,-4.167854040861129761e-02,4.245279729366302490e-01,2.031870484352111816e-01,2.891235947608947754e-01,2.625107578933238983e-02,-1.614231765270233154e-01,-8.361212164163589478e-02,-9.601721912622451782e-02,1.138600334525108337e-01,9.015007875859737396e-03,1.616139113903045654e-01,1.135476231575012207e-01,-3.522394690662622452e-03,2.582966387271881104e-01,8.235286176204681396e-02,-3.815116360783576965e-03,-6.398032605648040771e-02,-1.103282049298286438e-01,8.749629557132720947e-02,1.695598512887954712e-01,-9.786169975996017456e-02,6.273736059665679932e-02
2.270371913909912109e-01,-2.062181830406188965e-01,-4.085305705666542053e-02,1.308248192071914673e-01,3.392866551876068115e-01,-6.422061938792467117e-03,4.092691838741302490e-02,-1.206230744719505310e-01,-1.555034816265106201e-01,1.322773694992065430e-01,1.793428063392639160e-01,3.292993009090423584e-01,2.947855293750762939e-01,1.893420517444610596e-01,2.741936147212982178e-01,1.516459286212921143e-01,1.102107465267181396e-01,5.198286771774291992e-01,-6.999238580465316772e-02,5.390795469284057617e-01,1.000000596046447754e+00,-3.923912718892097473e-02,3.735075518488883972e-02,-3.069715797901153564e-01,-5.945973470807075500e-02,3.866076096892356873e-02,-2.685153782367706299e-01,2.052516639232635498e-01,-1.695978194475173950e-01,3.215748071670532227e-01,-1.584049612283706665e-01,-3.824540376663208008e-01,-3.415663838386535645e-01,-3.596941381692886353e-02,3.243171423673629761e-02,-2.550425939261913300e-02,8.571383357048034668e-02,9.292014688253402710e-02,-2.823269739747047424e-02,1.601263135671615601e-01,1.514371633529663086e-01,-6.920163333415985107e-02,1.122603863477706909e-01,-2.992587983608245850e-01,-1.609609425067901611e-01,-1.703844591975212097e-02,-2.660695314407348633e-01,1.209961399435997009e-01
-2.148395031690597534e-01,-4.855643957853317261e-03,1.250044405460357666e-01,1.703799962997436523e-01,-3.420693054795265198e-02,1.560245454311370850e-01,2.632522881031036377e-01,2.719224095344543457e-01,3.406791761517524719e-02,-5.707265809178352356e-02,1.341647207736968994e-01,-1.480832695960998535e-01,-1.127708628773689270e-01,2.450745180249214172e-02,-3.308062441647052765e-03,4.804791510105133057e-02,8.303790539503097534e-02,-2.390361428260803223e-01,1.255165319889783859e-02,-2.816262245178222656e-01,-3.923912718892097473e-02,9.999997019767761230e-01,1.521459817886352539e-01,3.633173704147338867e-01,-8.592108637094497681e-02,2.221587449312210083e-01,4.844729229807853699e-02,-9.609079360961914062e-02,-6.841446459293365479e-02,7.863891660235822201e-04,1.644853502511978149e-01,3.074983358383178711e-01,1.384783815592527390e-02,3.196083307266235352e-01,1.168314740061759949e-01,2.985013723373413086e-01,1.403580158948898315e-01,2.169014513492584229e-01,2.333267033100128174e-01,1.311128884553909302e-01,9.526366740465164185e-02,1.159561425447463989e-01,2.377355992794036865e-01,1.713255196809768677e-01,1.142527833580970764e-01,9.703464806079864502e-02,2.024742662906646729e-01,2.501757144927978516e-01
-1.102652698755264282e-01,2.237534821033477783e-01,2.893275916576385498e-01,7.735826075077056885e-02,-3.472496755421161652e-03,1.689577251672744751e-01,2.762802243232727051e-01,3.043372929096221924e-01,2.754722237586975098e-01,1.842027604579925537e-01,1.229093894362449646e-01,1.731860041618347168e-01,3.672288060188293457e-01,2.099621593952178955e-01,2.038738280534744263e-01,3.292691409587860107e-01,1.458116024732589722e-01,-8.082441240549087524e-02,5.319385975599288940e-02,5.740494932979345322e-03,3.735075518488883972e-02,1.521459817886352539e-01,9.999995827674865723e-01,2.014941573143005371e-01,7.773318141698837280e-02,2.467790395021438599e-01,7.436501979827880859e-02,1.229897215962409973e-01,1.577649712562561035e-01,1.151690930128097534e-01,1.742961704730987549e-01,1.759401559829711914e-01,1.454668641090393066e-01,2.532878220081329346e-01,1.821235120296478271e-01,2.628389596939086914e-01,1.976748406887054443e-01,3.381140232086181641e-01,8.966343104839324951e-02,2.100657224655151367e-01,7.506220787763595581e-02,2.384602129459381104e-01,1.833579838275909424e-01,2.532927095890045166e-01,1.284433305263519287e-01,2.219041138887405396e-01,8.327446877956390381e-02,4.051304459571838379e-01
-1.609167307615280151e-01,3.012875616550445557e-01,1.553486883640289307e-01,-2.196725010871887207e-01,-2.615175545215606689e-01,6.687043234705924988e-03,1.217651087790727615e-02,3.685860037803649902e-01,3.584218025207519531e-01,-1.956970430910587311e-02,-6.219905335456132889e-04,-1.091156303882598877e-01,-1.125792264938354492e-01,1.948186010122299194e-01,8.012940734624862671e-02,-5.484246462583541870e-02,-4.717179387807846069e-02,-4.088204801082611084e-01,1.796043813228607178e-01,-2.589805424213409424e-01,-3.069715797901153564e-01,3.633173704147338867e-01,2.014941573143005371e-01,1.000000238418579102e+00,2.043922394514083862e-01,-7.658616174012422562e-03,6.571407616138458252e-02,1.464046984910964966e-01,3.905993700027465820e-01,1.076978370547294617e-01,4.239862561225891113e-01,6.323425173759460449e-01,3.561959564685821533e-01,1.969657987356185913e-01,1.846822202205657959e-01,3.782158792018890381e-01,2.598597109317779541e-01,2.114011496305465698e-01,2.135803252458572388e-01,1.479175388813018799e-01,8.659168332815170288e-02,2.018471658229827881e-01,1.364591866731643677e-01,4.796279370784759521e-01,2.376030571758747101e-02,-7.072153687477111816e-02,7.255995869636535645e-01,2.004010975360870361e-01
3.085645735263824463e-01,7.327372580766677856e-02,1.921052336692810059e-01,-9.855746477842330933e-02,-1.971135884523391724e-01,-6.643088161945343018e-02,1.263347864151000977e-01,1.601057201623916626e-01,3.168295323848724365e-01,4.468826353549957275e-01,4.238021969795227051e-01,3.570823669433593750e-01,-5.645055323839187622e-02,3.988705575466156006e-01,3.092093169689178467e-01,-1.161689758300781250e-01,-4.285192191600799561e-01,1.514714024960994720e-02,-3.087126612663269043e-01,1.527579426765441895e-01,-5.945973470807075500e-02,-8.592108637094497681e-02,7.773318141698837280e-02,2.043922394514083862e-01,1.000000119209289551e+00,1.561353653669357300e-01,3.875729143619537354e-01,4.797134101390838623e-01,2.232913672924041748e-01,5.108784437179565430e-01,2.471813559532165527e-01,1.863317638635635376e-01,3.035030663013458252e-01,-4.556954652070999146e-02,6.154338270425796509e-02,4.266707971692085266e-02,2.326585054397583008e-01,1.707649044692516327e-02,-2.651944756507873535e-02,8.983597904443740845e-02,-2.804444544017314911e-02,1.554506570100784302e-01,-4.418856278061866760e-02,3.430031239986419678e-01,1.700969040393829346e-01,1.426332890987396240e-01,3.083619773387908936e-01,2.090497910976409912e-01
-1.187777966260910034e-01,1.488836109638214111e-01,4.875818789005279541e-01,3.958180844783782959e-01,-5.380633473396301270e-02,2.837540507316589355e-01,7.450944185256958008e-01,1.755409240722656250e-01,2.123315483331680298e-01,3.960990607738494873e-01,3.627805411815643311e-01,1.661112159490585327e-01,2.878963053226470947e-01,2.269077897071838379e-01,3.216985464096069336e-01,1.569038033485412598e-01,1.068616360425949097e-01,4.802899062633514404e-02,-1.873581558465957642e-01,6.136484444141387939e-02,3.866076096892356873e-02,2.221587449312210083e-01,2.467790395021438599e-01,-7.658616174012422562e-03,1.561353653669357300e-01,1.000000357627868652e+00,2.965486049652099609e-01,3.960017114877700806e-02,-2.672348544001579285e-02,1.294332593679428101e-01,1.678340137004852295e-01,2.561665140092372894e-02,5.637184530496597290e-02,1.798777282238006592e-01,1.783742755651473999e-01,2.746647894382476807e-01,1.506988108158111572e-01,3.364215791225433350e-01,1.095009967684745789e-01,2.130781710147857666e-01,-1.000271365046501160e-01,3.516802787780761719e-01,2.905489802360534668e-01,2.629658877849578857e-01,3.780068159103393555e-01,4.136297404766082764e-01,-1.194644868373870850e-01,2.061347514390945435e-01
-3.897327557206153870e-02,2.766000032424926758e-01,3.550601601600646973e-01,2.430165708065032959e-01,-9.131596982479095459e-02,2.189974039793014526e-01,3.990143835544586182e-01,2.434066236019134521e-01,3.097131550312042236e-01,3.638339638710021973e-01,3.108715713024139404e-01,2.005157470703125000e-01,1.034964621067047119e-01,1.385700851678848267e-01,1.065896078944206238e-01,5.356777831912040710e-02,-1.693949452601373196e-04,-6.194752454757690430e-02,-7.402896881103515625e-02,-4.167854040861129761e-02,-2.685153782367706299e-01,4.844729229807853699e-02,7.436501979827880859e-02,6.571407616138458252e-02,3.875729143619537354e-01,2.965486049652099609e-01,1.000000238418579102e+00,1.773494780063629150e-01,2.263034433126449585e-01,1.736741214990615845e-01,3.507636487483978271e-01,1.842246055603027344e-01,5.153432488441467285e-01,1.485233753919601440e-01,2.348921895027160645e-01,2.967309951782226562e-01,1.634566932916641235e-01,1.515787839889526367e-01,1.954566389322280884e-01,-7.098415400832891464e-03,8.065425604581832886e-02,3.227759003639221191e-01,1.791156828403472900e-01,3.961908221244812012e-01,5.060627460479736328e-01,4.352589547634124756e-01,8.413754403591156006e-02,-6.901074200868606567e-02
4.074175953865051270e-01,3.396396040916442871e-01,3.592945039272308350e-01,1.325659751892089844e-01,1.730089634656906128e-01,2.396119832992553711e-01,1.771527677774429321e-01,2.424347102642059326e-01,3.470296263694763184e-01,4.231844842433929443e-01,3.413637578487396240e-01,3.632625639438629150e-01,9.507066011428833008e-02,4.397634565830230713e-01,3.693600594997406006e-01,-5.128354299813508987e-03,-1.205807738006114960e-02,1.488868445158004761e-01,-7.297108415514230728e-03,4.245279729366302490e-01,2.052516639232635498e-01,-9.609079360961914062e-02,1.229897215962409973e-01,1.464046984910964966e-01,4.797134101390838623e-01,3.960017114877700806e-02,1.773494780063629150e-01,1.000000119209289551e+00,5.754376649856567383e-01,4.301976561546325684e-01,3.435851037502288818e-01,2.181401699781417847e-01,2.969814240932464600e-01,1.047107800841331482e-01,9.169588983058929443e-02,2.849922776222229004e-01,3.698972761631011963e-01,9.541304409503936768e-02,1.686618924140930176e-01,2.396274954080581665e-01,4.304832816123962402e-01,3.102669119834899902e-01,1.644735336303710938e-01,1.848440468311309814e-01,2.025884091854095459e-01,2.788050770759582520e-01,2.497426718473434448e-01,5.557928606867790222e-02
1.824707090854644775e-01,6.811996698379516602e-01,4.262924194335937500e-01,3.912232816219329834e-02,-1.250277012586593628e-01,1.987714767456054688e-01,1.230647787451744080e-01,3.973566889762878418e-01,5.247781276702880859e-01,2.217461168766021729e-01,1.070036292076110840e-01,5.736953765153884888e-02,6.870755553245544434e-02,1.344962120056152344e-01,6.746046990156173706e-02,4.149242490530014038e-02,2.183583676815032959e-01,-1.996008753776550293e-01,4.241091012954711914e-01,2.031870484352111816e-01,-1.695978194475173950e-01,-6.841446459293365479e-02,1.577649712562561035e-01,3.905993700027465820e-01,2.232913672924041748e-01,-2.672348544001579285e-02,2.263034433126449585e-01,5.754376649856567383e-01,1.000000119209289551e+00,1.254798471927642822e-01,5.383946895599365234e-01,4.247489571571350098e-01,5.495560765266418457e-01,2.060541212558746338e-01,2.035585492849349976e-01,4.020401537418365479e-01,2.655186057090759277e-01,1.353449076414108276e-01,2.739721536636352539e-01,1.682602018117904663e-01,2.398212403059005737e-01,4.213155508041381836e-01,2.252171337604522705e-01,4.221662580966949463e-01,3.479455113410949707e-01,2.729948163032531738e-01,4.250816404819488525e-01,-8.455465734004974365e-02
1.666066199541091919e-01,-7.775870617479085922e-03,9.148647636175155640e-02,2.664260007441043854e-02,4.251731187105178833e-02,-1.228873506188392639e-01,1.661620885133743286e-01,2.117842994630336761e-02,1.225644946098327637e-01,3.737333118915557861e-01,4.521074891090393066e-01,4.153498709201812744e-01,8.438687771558761597e-02,4.398699402809143066e-01,4.530830383300781250e-01,-6.949127465486526489e-02,-3.279700577259063721e-01,4.078797399997711182e-01,-4.486868083477020264e-01,2.891235947608947754e-01,3.215748071670532227e-01,7.863891660235822201e-04,1.151690930128097534e-01,1.076978370547294617e-01,5.108784437179565430e-01,1.294332593679428101e-01,1.736741214990615845e-01,4.301976561546325684e-01,1.254798471927642822e-01,9.999999403953552246e-01,3.619577288627624512e-01,1.042047590017318726e-01,-6.126181781291961670e-02,2.906556986272335052e-02,2.941663265228271484e-01,2.135613113641738892e-01,3.456167578697204590e-01,2.075106054544448853e-01,7.030550390481948853e-02,1.665613055229187012e-01,1.037205010652542114e-01,1.492997258901596069e-01,7.122724503278732300e-02,1.168618872761726379e-01,1.033731922507286072e-01,1.203755289316177368e-01,2.070989161729812622e-01,1.678748279809951782e-01
-1.021764650940895081e-01,4.163154065608978271e-01,2.889743149280548096e-01,8.015759289264678955e-02,-2.003635764122009277e-01,6.905181705951690674e-02,3.218812346458435059e-01,3.095878660678863525e-01,3.250012397766113281e-01,1.671993881464004517e-01,2.813216745853424072e-01,1.063761264085769653e-01,-3.771930187940597534e-02,2.276559472084045410e-01,1.884423792362213135e-01,2.737863361835479736e-02,1.099524497985839844e-01,-1.113759279251098633e-01,9.411505609750747681e-02,2.625107578933238983e-02,-1.584049612283706665e-01,1.644853502511978149e-01,1.742961704730987549e-01,4.239862561225891113e-01,2.471813559532165527e-01,1.678340137004852295e-01,3.507636487483978271e-01,3.435851037502288818e-01,5.383946895599365234e-01,3.619577288627624512e-01,1.000000119209289551e+00,5.398176312446594238e-01,3.261373937129974365e-01,2.031224370002746582e-01,2.860213220119476318e-01,3.946029245853424072e-01,2.459913939237594604e-01,2.442820221185684204e-01,1.263291239738464355e-01,2.563214674592018127e-02,1.312106996774673462e-01,3.886221349239349365e-01,2.478394806385040283e-01,3.507431149482727051e-01,3.095113933086395264e-01,1.980308741331100464e-01,4.308275282382965088e-01,-4.929532855749130249e-02
-8.476307243108749390e-02,2.691914439201354980e-01,1.692988723516464233e-01,-5.527213215827941895e-02,-1.976287961006164551e-01,3.710914030671119690e-02,6.166682764887809753e-02,3.078582584857940674e-01,3.002636134624481201e-01,1.134005840867757797e-02,5.472915712743997574e-03,-6.690954416990280151e-02,-1.875396370887756348e-01,1.772751957178115845e-01,1.298054605722427368e-01,-7.596727460622787476e-02,-8.548787236213684082e-02,-3.512317240238189697e-01,1.068527400493621826e-01,-1.614231765270233154e-01,-3.824540376663208008e-01,3.074983358383178711e-01,1.759401559829711914e-01,6.323425173759460449e-01,1.863317638635635376e-01,2.561665140092372894e-02,1.842246055603027344e-01,2.181401699781417847e-01,4.247489571571350098e-01,1.042047590017318726e-01,5.398176312446594238e-01,1.000000238418579102e+00,3.061217963695526123e-01,1.780939400196075439e-01,1.080394759774208069e-01,2.364968359470367432e-01,2.288627922534942627e-01,2.012949585914611816e-01,7.922901213169097900e-02,2.325560897588729858e-02,1.078378856182098389e-01,2.447510510683059692e-01,8.721119165420532227e-02,3.039791584014892578e-01,1.734864562749862671e-01,1.282704621553421021e-01,6.823927760124206543e-01,9.579896181821823120e-02
3.424346074461936951e-02,5.406987667083740234e-01,4.132525026798248291e-01,8.593706041574478149e-02,2.464352175593376160e-02,4.109655022621154785e-01,1.963060200214385986e-01,5.783104300498962402e-01,5.822149515151977539e-01,2.971990704536437988e-01,1.207692474126815796e-01,1.908641867339611053e-02,1.273016780614852905e-01,5.026385188102722168e-02,-4.703248292207717896e-02,1.534995343536138535e-02,1.982373893260955811e-01,-3.463512361049652100e-01,3.753538429737091064e-01,-8.361212164163589478e-02,-3.415663838386535645e-01,1.384783815592527390e-02,1.454668641090393066e-01,3.561959564685821533e-01,3.035030663013458252e-01,5.637184530496597290e-02,5.153432488441467285e-01,2.969814240932464600e-01,5.495560765266418457e-01,-6.126181781291961670e-02,3.261373937129974365e-01,3.061217963695526123e-01,9.999996423721313477e-01,2.598859071731567383e-01,1.706317514181137085e-01,4.403569996356964111e-01,1.778735518455505371e-01,1.962842047214508057e-01,2.966278195381164551e-01,1.416414827108383179e-01,2.782808244228363037e-01,3.652263879776000977e-01,2.522104680538177490e-01,5.827608108520507812e-01,3.754059076309204102e-01,3.489587903022766113e-01,2.998839318752288818e-01,6.494353991001844406e-03
