1.000000119209289551e+00,2.259029746055603027e-01,3.312597870826721191e-01,6.105502843856811523e-01,3.508890867233276367e-01,2.102212011814117432e-01,4.889323562383651733e-02,3.140591979026794434e-01,-3.443223237991333008e-02,2.140270471572875977e-01,2.578775584697723389e-01,4.641725718975067139e-01,1.679440140724182129e-01,2.058218419551849365e-02,3.330317735671997070e-01,2.503181993961334229e-01,8.819937705993652344e-02,-3.140800446271896362e-02,-4.292357712984085083e-02,7.161521911621093750e-02,4.997121095657348633e-01,2.727435827255249023e-01,7.750015705823898315e-02,-1.303789019584655762e-01,3.316834270954132080e-01,2.391735836863517761e-02,1.908229142427444458e-01,5.342208743095397949e-01,3.055871725082397461e-01,4.823922514915466309e-01,1.425117105245590210e-01,-3.107515275478363037e-01,3.484677076339721680e-01,1.538174152374267578e-01,2.463273853063583374e-01,-2.153541147708892822e-02,-9.918192028999328613e-02,-1.306417733430862427e-01,5.506621301174163818e-02,2.401979416608810425e-01,2.435053139925003052e-01,-1.169087551534175873e-02,-6.665905565023422241e-02,1.905006170272827148e-01,1.984874010086059570e-01,7.224974036216735840e-02,-1.510885357856750488e-01,-2.812224328517913818e-01
2.259029746055603027e-01,9.999995231628417969e-01,2.181243002414703369e-01,2.323231399059295654e-01,4.504516124725341797e-01,3.630416393280029297e-01,4.744857549667358398e-01,2.624121606349945068e-01,3.515321016311645508e-01,5.393145680427551270e-01,-1.859897561371326447e-02,2.576786279678344727e-01,3.199469447135925293e-01,-1.042780950665473938e-01,-5.121652781963348389e-02,3.690908551216125488e-01,4.718064665794372559e-01,2.266875356435775757e-01,3.152945637702941895e-01,2.343086302280426025e-01,1.284601241350173950e-01,1.004736199975013733e-01,2.380299121141433716e-01,1.334222257137298584e-01,-3.405329585075378418e-02,4.984125494956970215e-01,8.574386686086654663e-02,4.559029936790466309e-01,5.480411052703857422e-01,2.880997955799102783e-01,9.566786885261535645e-02,-1.904323510825634003e-02,2.511438727378845215e-01,1.350115090608596802e-01,1.897207051515579224e-01,8.960525691509246826e-02,-3.574657021090388298e-03,3.056732751429080963e-02,3.294105827808380127e-01,2.411881238222122192e-01,5.058825016021728516e-01,4.902400970458984375e-01,3.708890974521636963e-01,3.711013495922088623e-01,6.179831027984619141e-01,5.358752608299255371e-01,1.584875285625457764e-01,3.178915241733193398e-03
3.312597870826721191e-01,2.181243002414703369e-01,9.999996423721313477e-01,4.524269402027130127e-01,2.946044206619262695e-01,4.239144325256347656e-01,2.541582286357879639e-01,1.839946806430816650e-01,-2.020529098808765411e-02,4.556340351700782776e-02,5.219334363937377930e-02,3.852214813232421875e-01,2.762362957000732422e-01,1.464508771896362305e-01,2.496719807386398315e-01,2.481617927551269531e-01,1.925756931304931641e-01,9.121419489383697510e-02,5.648054555058479309e-02,8.340566605329513550e-02,2.599849700927734375e-01,3.778847306966781616e-02,2.780094444751739502e-01,-8.094877004623413086e-02,1.323736608028411865e-01,3.806455731391906738e-01,1.260711401700973511e-01,4.761232137680053711e-01,3.295116126537322998e-01,2.360366582870483398e-01,1.284970343112945557e-02,-1.858799606561660767e-01,2.330843359231948853e-01,5.558304488658905029e-02,1.479483544826507568e-01,1.060974895954132080e-01,1.070579141378402710e-01,5.189434811472892761e-02,-5.807444453239440918e-02,2.318801432847976685e-01,1.950862258672714233e-01,6.756941229104995728e-02,8.110081776976585388e-03,9.089056402444839478e-02,3.994293138384819031e-02,4.552238062024116516e-02,-1.734550297260284424e-01,-1.292292680591344833e-02
6.105502843856811523e-01,2.323231399059295654e-01,4.524269402027130127e-01,1.000000000000000000e+00,3.329788148403167725e-01,2.700062990188598633e-01,1.239945888519287109e-01,2.016889154911041260e-01,-1.809981018304824829e-01,1.095217913389205933e-01,3.015720285475254059e-02,3.845606148242950439e-01,1.817587614059448242e-01,-1.333464831113815308e-01,9.930040687322616577e-02,3.568050265312194824e-01,2.941732853651046753e-02,-8.594237267971038818e-02,-8.924888819456100464e-02,1.526858657598495483e-01,5.313464999198913574e-01,2.804025411605834961e-01,9.767597168684005737e-02,-1.326234489679336548e-01,1.016025170683860779e-01,8.224826306104660034e-02,-5.446651950478553772e-03,4.266036152839660645e-01,2.444862276315689087e-01,4.020916223526000977e-01,1.096977666020393372e-01,-3.285745680332183838e-01,1.046104356646537781e-01,1.203054934740066528e-01,2.244695276021957397e-01,1.323985587805509567e-02,-1.609067320823669434e-01,-1.805443018674850464e-01,6.255877017974853516e-02,2.871702909469604492e-01,3.046604692935943604e-01,3.261954989284276962e-03,-1.517274081707000732e-01,9.551601111888885498e-02,1.341630667448043823e-01,-1.837681233882904053e-02,-1.602485477924346924e-01,-1.652738898992538452e-01
3.508890867233276367e-01,4.504516124725341797e-01,2.946044206619262695e-01,3.329788148403167725e-01,1.000000238418579102e+00,6.770901083946228027e-01,5.002025961875915527e-01,2.752757072448730469e-01,8.779323101043701172e-02,2.201331555843353271e-01,1.057310625910758972e-01,3.135896623134613037e-01,3.291667997837066650e-01,-1.687045209109783173e-02,1.299693481996655464e-03,3.962936699390411377e-01,3.402662873268127441e-01,2.831247746944427490e-01,2.593180835247039795e-01,2.233176529407501221e-01,1.585344821214675903e-01,2.046906352043151855e-01,3.270255625247955322e-01,-2.930146083235740662e-02,6.130302697420120239e-02,2.563291788101196289e-01,5.057054013013839722e-02,4.172686338424682617e-01,3.401360213756561279e-01,1.750508695840835571e-01,-1.508867740631103516e-01,-1.841235011816024780e-01,3.633030652999877930e-01,3.255323693156242371e-02,2.011158317327499390e-01,7.259801775217056274e-02,-1.023897081613540649e-01,-5.274545401334762573e-02,3.269676864147186279e-01,3.566185235977172852e-01,5.210416316986083984e-01,3.626475930213928223e-01,1.804605126380920410e-01,1.276962012052536011e-01,3.900609612464904785e-01,3.348032534122467041e-01,-5.813919380307197571e-02,9.604351222515106201e-02
2.102212011814117432e-01,3.630416393280029297e-01,4.239144325256347656e-01,2.700062990188598633e-01,6.770901083946228027e-01,9.999995231628417969e-01,5.207967162132263184e-01,2.573438882827758789e-01,7.509090006351470947e-02,1.438690423965454102e-01,2.213465571403503418e-01,4.464301466941833496e-01,4.227830469608306885e-01,1.440615206956863403e-01,1.172443181276321411e-01,2.190318405628204346e-01,3.562566936016082764e-01,2.253388017416000366e-01,1.936310976743698120e-01,1.565054804086685181e-01,1.220524460077285767e-01,1.039110720157623291e-01,3.209952116012573242e-01,-9.255323559045791626e-02,9.442404657602310181e-02,3.638678193092346191e-01,7.129302620887756348e-02,4.073809683322906494e-01,3.549777269363403320e-01,1.305993944406509399e-01,-1.705372184514999390e-01,-1.810366660356521606e-01,4.295625686645507812e-01,-4.210851714015007019e-02,1.777988821268081665e-01,6.419164687395095825e-02,8.027683943510055542e-02,-5.307203158736228943e-03,2.165912836790084839e-01,3.320299983024597168e-01,4.611648321151733398e-01,4.112533032894134521e-01,2.221277803182601929e-01,1.923488453030586243e-03,3.352884948253631592e-01,3.524206280708312988e-01,-1.109904721379280090e-01,7.776416838169097900e-02
4.889323562383651733e-02,4.744857549667358398e-01,2.541582286357879639e-01,1.239945888519287109e-01,5.002025961875915527e-01,5.207967162132263184e-01,9.999997615814208984e-01,9.465500712394714355e-02,3.209066689014434814e-01,3.671327531337738037e-01,3.670899197459220886e-02,2.029178440570831299e-01,3.377044200897216797e-01,-6.745915114879608154e-02,-7.195187360048294067e-02,1.770052015781402588e-01,7.715811133384704590e-01,4.660134315490722656e-01,5.979564189910888672e-01,4.139643609523773193e-01,-3.139041736721992493e-02,3.415035828948020935e-02,1.871359497308731079e-01,-1.282394230365753174e-01,3.375310450792312622e-02,6.521248221397399902e-01,1.054992452263832092e-01,2.745079100131988525e-01,3.635808825492858887e-01,1.747810095548629761e-02,-8.750346302986145020e-02,-1.464771181344985962e-01,2.296216487884521484e-01,3.445050865411758423e-02,1.344962567090988159e-01,-8.468387275934219360e-02,1.677297800779342651e-02,2.871910482645034790e-02,1.448411494493484497e-01,5.231137946248054504e-02,2.263536900281906128e-01,5.051643848419189453e-01,4.592610597610473633e-01,1.634269207715988159e-01,4.488483071327209473e-01,5.227923393249511719e-01,-3.958567604422569275e-02,-1.146247014403343201e-01
3.140591979026794434e-01,2.624121606349945068e-01,1.839946806430816650e-01,2.016889154911041260e-01,2.752757072448730469e-01,2.573438882827758789e-01,9.465500712394714355e-02,1.000000119209289551e+00,1.266224831342697144e-01,1.651524603366851807e-01,3.627594113349914551e-01,4.120397269725799561e-01,1.673903912305831909e-01,2.963516116142272949e-01,1.685085296630859375e-01,1.702745854854583740e-01,6.519010663032531738e-02,1.118891909718513489e-01,-1.948048174381256104e-02,8.677427470684051514e-02,1.692300140857696533e-01,1.500917971134185791e-01,2.659723460674285889e-01,1.233650967478752136e-01,2.635755836963653564e-01,1.176292449235916138e-01,2.951860725879669189e-01,2.925724685192108154e-01,2.742327749729156494e-01,2.185839265584945679e-01,6.131876725703477859e-03,6.476925686001777649e-03,3.710423409938812256e-01,4.883443713188171387e-01,4.021934866905212402e-01,1.485868543386459351e-01,2.178536206483840942e-01,1.170170679688453674e-01,1.750805228948593140e-01,2.481782585382461548e-01,1.712794601917266846e-01,1.597686409950256348e-01,1.053624525666236877e-01,3.095927536487579346e-01,2.999934256076812744e-01,2.426485270261764526e-01,3.533602878451347351e-02,1.300512105226516724e-01
-3.443223237991333008e-02,3.515321016311645508e-01,-2.020529098808765411e-02,-1.809981018304824829e-01,8.779323101043701172e-02,7.509090006351470947e-02,3.209066689014434814e-01,1.266224831342697144e-01,1.000000238418579102e+00,5.403943657875061035e-01,6.687838584184646606e-02,9.487427771091461182e-02,1.694547384977340698e-01,-7.617209572345018387e-03,-1.048960611224174500e-01,9.619737975299358368e-03,4.173906743526458740e-01,1.645886301994323730e-01,3.751759231090545654e-01,2.225604802370071411e-01,-6.187494471669197083e-02,3.966777026653289795e-02,1.583657562732696533e-01,9.070465713739395142e-02,1.105850413441658020e-01,4.468646943569183350e-01,2.686502337455749512e-01,5.531485751271247864e-02,2.326685339212417603e-01,1.164493486285209656e-01,1.222298890352249146e-01,1.531264930963516235e-01,6.314480304718017578e-02,5.397750809788703918e-02,1.227714121341705322e-01,3.386190161108970642e-02,5.681170523166656494e-02,1.734273135662078857e-02,3.507087752223014832e-02,-4.887505993247032166e-02,6.620296742767095566e-03,3.779331445693969727e-01,5.662840008735656738e-01,3.029668033123016357e-01,3.540151119232177734e-01,5.832739472389221191e-01,1.496202349662780762e-01,2.371698617935180664e-02
2.140270471572875977e-01,5.393145680427551270e-01,4.556340351700782776e-02,1.095217913389205933e-01,2.201331555843353271e-01,1.438690423965454102e-01,3.671327531337738037e-01,1.651524603366851807e-01,5.403943657875061035e-01,1.000000119209289551e+00,1.279272437095642090e-01,2.799035608768463135e-01,3.495928645133972168e-01,-2.537257969379425049e-01,-2.601987868547439575e-02,1.469301134347915649e-01,4.642581343650817871e-01,1.331361234188079834e-01,2.610580921173095703e-01,2.040940672159194946e-01,1.427052319049835205e-01,2.416848689317703247e-01,1.188774406909942627e-01,1.599003225564956665e-01,3.466619551181793213e-02,3.441948294639587402e-01,1.888353377580642700e-01,3.164317309856414795e-01,3.887153863906860352e-01,3.787271678447723389e-01,2.281900942325592041e-01,-3.961323574185371399e-02,1.077315881848335266e-01,5.971199646592140198e-02,1.484700441360473633e-01,-4.095865786075592041e-02,-1.187178492546081543e-01,-3.146627545356750488e-02,3.640442788600921631e-01,1.646144837141036987e-01,2.681911885738372803e-01,3.341495096683502197e-01,3.695245683193206787e-01,3.355944454669952393e-01,5.420928597450256348e-01,5.930927395820617676e-01,1.473992913961410522e-01,-1.618135273456573486e-01
2.578775584697723389e-01,-1.859897561371326447e-02,5.219334363937377930e-02,3.015720285475254059e-02,1.057310625910758972e-01,2.213465571403503418e-01,3.670899197459220886e-02,3.627594113349914551e-01,6.687838584184646606e-02,1.279272437095642090e-01,1.000000119209289551e+00,4.692070484161376953e-01,8.193698525428771973e-02,2.052484005689620972e-01,3.953561782836914062e-01,-1.410228610038757324e-01,8.728029578924179077e-02,4.704533144831657410e-02,-7.942162454128265381e-02,3.210561722517013550e-02,1.785948872566223145e-01,2.931184470653533936e-01,1.839664950966835022e-02,3.984484821557998657e-02,3.012450337409973145e-01,3.230269253253936768e-02,1.622224152088165283e-01,2.298604547977447510e-01,2.322522848844528198e-01,2.773827612400054932e-01,2.019149065017700195e-01,-2.391880564391613007e-02,3.710447847843170166e-01,2.315088659524917603e-01,4.138430058956146240e-01,4.746482521295547485e-02,8.917196094989776611e-02,1.139937415719032288e-01,2.283170372247695923e-01,1.370626688003540039e-01,5.294061452150344849e-02,1.549632996320724487e-01,6.953994929790496826e-02,-8.655047416687011719e-02,2.754541933536529541e-01,2.686136662960052490e-01,5.857387557625770569e-02,-8.704417943954467773e-02
4.641725718975067139e-01,2.576786279678344727e-01,3.852214813232421875e-01,3.845606148242950439e-01,3.135896623134613037e-01,4.464301466941833496e-01,2.029178440570831299e-01,4.120397269725799561e-01,9.487427771091461182e-02,2.799035608768463135e-01,4.692070484161376953e-01,9.999996423721313477e-01,4.386192262172698975e-01,1.842502057552337646e-01,3.568499684333801270e-01,1.451608985662460327e-01,1.907649636268615723e-01,3.192319348454475403e-02,-6.355658918619155884e-02,6.909130606800317764e-03,3.964116573333740234e-01,2.923842370510101318e-01,2.783657610416412354e-01,-1.308646798133850098e-01,3.457829952239990234e-01,1.948090046644210815e-01,3.272625207901000977e-01,4.587473869323730469e-01,3.119854927062988281e-01,4.393686056137084961e-01,1.085720881819725037e-01,-2.832674682140350342e-01,4.565471410751342773e-01,1.619173437356948853e-01,3.498981297016143799e-01,1.862844219431281090e-03,1.063131690025329590e-01,5.580339953303337097e-02,1.966093629598617554e-01,2.738324105739593506e-01,2.328282445669174194e-01,1.850369721651077271e-01,1.200611442327499390e-01,6.602059304714202881e-02,2.575120627880096436e-01,2.681569755077362061e-01,-1.145777106285095215e-01,-1.878818422555923462e-01
1.679440140724182129e-01,3.199469447135925293e-01,2.762362957000732422e-01,1.817587614059448242e-01,3.291667997837066650e-01,4.227830469608306885e-01,3.377044200897216797e-01,1.673903912305831909e-01,1.694547384977340698e-01,3.495928645133972168e-01,8.193698525428771973e-02,4.386192262172698975e-01,1.000000119209289551e+00,-9.413667954504489899e-03,1.307038813829421997e-01,2.670845985412597656e-01,2.683567404747009277e-01,1.016638129949569702e-01,1.419607400894165039e-01,1.537282019853591919e-01,2.683773636817932129e-01,1.645300388336181641e-01,3.704856038093566895e-01,-4.946700856089591980e-02,-1.383077725768089294e-02,2.402577549219131470e-01,1.812039613723754883e-01,1.964090317487716675e-01,1.511017382144927979e-01,2.719490826129913330e-01,6.077649071812629700e-02,-2.300485968589782715e-01,3.269246220588684082e-01,-6.667322665452957153e-02,9.967000782489776611e-02,-6.706208735704421997e-02,1.039264947175979614e-01,1.886165351606905460e-03,2.146829962730407715e-01,9.931634366512298584e-02,2.277761101722717285e-01,1.654655933380126953e-01,2.158105373382568359e-01,2.005832940340042114e-01,1.960346102714538574e-01,2.419955879449844360e-01,-3.713799640536308289e-02,-1.284791678190231323e-01
2.058218419551849365e-02,-1.042780950665473938e-01,1.464508771896362305e-01,-1.333464831113815308e-01,-1.687045209109783173e-02,1.440615206956863403e-01,-6.745915114879608154e-02,2.963516116142272949e-01,-7.617209572345018387e-03,-2.537257969379425049e-01,2.052484005689620972e-01,1.842502057552337646e-01,-9.413667954504489899e-03,9.999997615814208984e-01,3.420343995094299316e-01,2.224134653806686401e-02,-5.763350054621696472e-02,2.854429185390472412e-02,-6.086945161223411560e-02,4.007182084023952484e-03,-3.798054531216621399e-02,-1.562449187040328979e-01,2.014687210321426392e-01,8.249060809612274170e-02,2.081772983074188232e-01,9.597989916801452637e-02,1.599852591753005981e-01,-1.052742078900337219e-02,-4.387184977531433105e-02,-9.954881668090820312e-02,-8.931498229503631592e-02,1.860362440347671509e-01,1.881455928087234497e-01,2.300266027450561523e-01,1.557259261608123779e-02,2.649398744106292725e-01,5.419917702674865723e-01,2.794801592826843262e-01,-2.333095967769622803e-01,-3.182663396000862122e-02,-1.465983539819717407e-01,8.546941727399826050e-02,-9.084316901862621307e-03,-4.166482761502265930e-02,-1.411195397377014160e-01,-7.604049146175384521e-02,6.861712783575057983e-02,1.804111748933792114e-01
3.330317735671997070e-01,-5.121652781963348389e-02,2.496719807386398315e-01,9.930040687322616577e-02,1.299693481996655464e-03,1.172443181276321411e-01,-7.195187360048294067e-02,1.685085296630859375e-01,-1.048960611224174500e-01,-2.601987868547439575e-02,3.953561782836914062e-01,3.568499684333801270e-01,1.307038813829421997e-01,3.420343995094299316e-01,9.999998807907104492e-01,9.681207686662673950e-02,1.488584559410810471e-02,-1.391086820513010025e-02,-6.790041923522949219e-02,-8.195277303457260132e-02,1.629434823989868164e-01,9.064290672540664673e-02,6.322334706783294678e-02,-2.906246110796928406e-02,1.752496957778930664e-01,-4.622079897671937943e-03,1.282518208026885986e-01,2.093722969293594360e-01,7.276142388582229614e-02,2.409239113330841064e-01,1.265945434570312500e-01,-1.558147966861724854e-01,2.665956020355224609e-01,2.196551710367202759e-01,1.364875435829162598e-01,-3.942732512950897217e-02,3.415495157241821289e-01,4.255721569061279297e-01,7.276220619678497314e-02,3.133110702037811279e-02,2.398305945098400116e-02,-8.408078551292419434e-02,-1.349515914916992188e-01,4.464147612452507019e-02,-9.166157804429531097e-03,-6.517792493104934692e-02,-2.897298522293567657e-02,-1.897215098142623901e-01
2.503181993961334229e-01,3.690908551216125488e-01,2.481617927551269531e-01,3.568050265312194824e-01,3.962936699390411377e-01,2.190318405628204346e-01,1.770052015781402588e-01,1.702745854854583740e-01,9.619737975299358368e-03,1.469301134347915649e-01,-1.410228610038757324e-01,1.451608985662460327e-01,2.670845985412597656e-01,2.224134653806686401e-02,9.681207686662673950e-02,9.999998807907104492e-01,4.448687285184860229e-02,6.954322755336761475e-02,7.654303312301635742e-02,2.118645161390304565e-01,1.613048762083053589e-01,1.302403658628463745e-01,2.575729489326477051e-01,1.607885062694549561e-01,-7.012078911066055298e-02,1.765194386243820190e-01,-8.481238037347793579e-03,1.900156438350677490e-01,1.653733700513839722e-01,2.438343912363052368e-01,-2.321729063987731934e-02,-8.361402899026870728e-02,1.126894205808639526e-01,1.549787521362304688e-01,1.754612326622009277e-01,1.854697316884994507e-01,-1.078055333346128464e-02,1.198367550969123840e-01,2.968531548976898193e-01,2.105565369129180908e-01,3.494779169559478760e-01,1.244338750839233398e-01,-1.063688471913337708e-02,1.666668206453323364e-01,1.952226907014846802e-01,8.504407107830047607e-02,9.520862996578216553e-02,8.246733993291854858e-02
8.819937705993652344e-02,4.718064665794372559e-01,1.925756931304931641e-01,2.941732853651046753e-02,3.402662873268127441e-01,3.562566936016082764e-01,7.715811133384704590e-01,6.519010663032531738e-02,4.173906743526458740e-01,4.642581343650817871e-01,8.728029578924179077e-02,1.907649636268615723e-01,2.683567404747009277e-01,-5.763350054621696472e-02,1.488584559410810471e-02,4.448687285184860229e-02,1.000000000000000000e+00,4.465170502662658691e-01,5.855923295021057129e-01,2.411396801471710205e-01,-8.997155725955963135e-02,-3.744500223547220230e-03,1.497028321027755737e-01,-8.972653001546859741e-02,6.145354360342025757e-02,6.245229840278625488e-01,1.958947181701660156e-01,2.762975096702575684e-01,3.873089551925659180e-01,1.090801730751991272e-01,3.072740696370601654e-02,-6.513293832540512085e-02,2.149088978767395020e-01,3.385960310697555542e-02,1.053716465830802917e-01,-8.100175857543945312e-02,8.666776120662689209e-02,8.915583789348602295e-02,1.096912324428558350e-01,-2.354412572458386421e-03,1.638345569372177124e-01,4.569125175476074219e-01,4.966762065887451172e-01,2.293215245008468628e-01,4.802104532718658447e-01,5.606747865676879883e-01,9.746370837092399597e-03,-2.314428389072418213e-01
-3.140800446271896362e-02,2.266875356435775757e-01,9.121419489383697510e-02,-8.594237267971038818e-02,2.831247746944427490e-01,2.253388017416000366e-01,4.660134315490722656e-01,1.118891909718513489e-01,1.645886301994323730e-01,1.331361234188079834e-01,4.704533144831657410e-02,3.192319348454475403e-02,1.016638129949569702e-01,2.854429185390472412e-02,-1.391086820513010025e-02,6.954322755336761475e-02,4.465170502662658691e-01,1.000000000000000000e+00,4.756562113761901855e-01,2.662747502326965332e-01,-7.983079552650451660e-02,2.331456243991851807e-01,2.180998623371124268e-01,-1.853724941611289978e-02,5.359927564859390259e-02,2.982319295406341553e-01,-3.605612320825457573e-03,1.236857697367668152e-01,2.092483341693878174e-01,-6.753751635551452637e-02,-1.648738533258438110e-01,-3.621212765574455261e-02,2.067945152521133423e-01,-4.949948936700820923e-02,-2.081878669559955597e-02,-1.207962185144424438e-01,-3.700575232505798340e-02,5.891525372862815857e-02,1.023599877953529358e-01,2.448569610714912415e-02,1.076371520757675171e-01,1.461347043514251709e-01,2.681528031826019287e-01,1.048595532774925232e-01,1.802746802568435669e-01,2.338146269321441650e-01,-2.858745679259300232e-02,-3.239638358354568481e-02
-4.292357712984085083e-02,3.152945637702941895e-01,5.648054555058479309e-02,-8.924888819456100464e-02,2.593180835247039795e-01,1.936310976743698120e-01,5.979564189910888672e-01,-1.948048174381256104e-02,3.751759231090545654e-01,2.610580921173095703e-01,-7.942162454128265381e-02,-6.355658918619155884e-02,1.419607400894165039e-01,-6.086945161223411560e-02,-6.790041923522949219e-02,7.654303312301635742e-02,5.855923295021057129e-01,4.756562113761901855e-01,1.000000476837158203e+00,5.128188133239746094e-01,-8.630436658859252930e-02,-1.082027610391378403e-02,8.490084111690521240e-02,1.132220961153507233e-02,2.776034735143184662e-02,4.722238779067993164e-01,1.269762217998504639e-01,6.100916489958763123e-02,2.294868677854537964e-01,-7.389124482870101929e-02,-8.723530918359756470e-03,7.157806307077407837e-02,9.610106796026229858e-02,-6.153962388634681702e-02,8.832736872136592865e-03,-2.563827484846115112e-02,9.546355903148651123e-02,5.559533461928367615e-02,5.919788777828216553e-02,-7.795181125402450562e-02,5.949982907623052597e-03,3.506066799163818359e-01,5.028818249702453613e-01,2.124295979738235474e-01,2.762593626976013184e-01,3.886323869228363037e-01,8.344037830829620361e-02,-4.298021271824836731e-02
7.161521911621093750e-02,2.343086302280426025e-01,8.340566605329513550e-02,1.526858657598495483e-01,2.233176529407501221e-01,1.565054804086685181e-01,4.139643609523773193e-01,8.677427470684051514e-02,2.225604802370071411e-01,2.040940672159194946e-01,3.210561722517013550e-02,6.909130606800317764e-03,1.537282019853591919e-01,4.007182084023952484e-03,-8.195277303457260132e-02,2.118645161390304565e-01,2.411396801471710205e-01,2.662747502326965332e-01,5.128188133239746094e-01,1.000000238418579102e+00,3.917460143566131592e-01,1.982285976409912109e-01,-7.569558918476104736e-02,-6.793610006570816040e-02,5.058707669377326965e-03,3.193121850490570068e-01,6.476559489965438843e-02,4.917994514107704163e-02,1.970486342906951904e-01,-7.626949250698089600e-02,1.744318753480911255e-02,-7.663905620574951172e-02,5.435369163751602173e-02,7.070626318454742432e-02,1.610900163650512695e-01,-1.274127364158630371e-01,2.675383724272251129e-02,-4.404022172093391418e-02,-1.967268437147140503e-02,-3.711178526282310486e-02,-1.149861607700586319e-02,3.672491908073425293e-01,3.249948322772979736e-01,8.791049569845199585e-02,1.869138628244400024e-01,3.575021028518676758e-01,4.736928269267082214e-03,-3.119210340082645416e-02
4.997121095657348633e-01,1.284601241350173950e-01,2.599849700927734375e-01,5.313464999198913574e-01,1.585344821214675903e-01,1.220524460077285767e-01,-3.139041736721992493e-02,1.692300140857696533e-01,-6.187494471669197083e-02,1.427052319049835205e-01,1.785948872566223145e-01,3.964116573333740234e-01,2.683773636817932129e-01,-3.798054531216621399e-02,1.629434823989868164e-01,1.613048762083053589e-01,-8.997155725955963135e-02,-7.983079552650451660e-02,-8.630436658859252930e-02,3.917460143566131592e-01,1.000000119209289551e+00,3.991643190383911133e-01,-4.030391946434974670e-02,-2.338494956493377686e-01,1.660727411508560181e-01,-5.004401877522468567e-02,1.477735638618469238e-01,2.710898816585540771e-01,1.622867733240127563e-01,3.399294316768646240e-01,1.404628008604049683e-01,-3.747882544994354248e-01,1.691280603408813477e-01,8.265809714794158936e-02,2.571497857570648193e-01,-1.529359221458435059e-01,-7.274824380874633789e-02,-1.579087823629379272e-01,-1.255533844232559204e-02,1.320826709270477295e-01,1.643484830856323242e-01,2.463178150355815887e-02,-2.303063496947288513e-02,5.699832364916801453e-02,5.901814624667167664e-02,5.406026542186737061e-02,-1.882484108209609985e-01,-2.324891537427902222e-01
2.727435827255249023e-01,1.004736199975013733e-01,3.778847306966781616e-02,2.804025411605834961e-01,2.046906352043151855e-01,1.039110720157623291e-01,3.415035828948020935e-02,1.500917971134185791e-01,3.966777026653289795e-02,2.416848689317703247e-01,2.931184470653533936e-01,2.923842370510101318e-01,1.645300388336181641e-01,-1.562449187040328979e-01,9.064290672540664673e-02,1.302403658628463745e-01,-3.744500223547220230e-03,2.331456243991851807e-01,-1.082027610391378403e-02,1.982285976409912109e-01,3.991643190383911133e-01,9.999998807907104492e-01,1.907153576612472534e-01,1.699130833148956299e-01,1.444941461086273193e-01,-7.128522545099258423e-02,-4.785498138517141342e-03,2.446169257164001465e-01,1.937315315008163452e-01,4.199648201465606689e-01,3.429961204528808594e-01,1.692412793636322021e-02,1.108895987272262573e-01,5.348065495491027832e-02,2.370672523975372314e-01,6.416556984186172485e-02,-1.742676794528961182e-01,-5.474266037344932556e-02,2.647513747215270996e-01,2.782517969608306885e-01,2.460374236106872559e-01,1.260110139846801758e-01,1.284544728696346283e-02,-3.565560281276702881e-02,2.397108823060989380e-01,1.651522070169448853e-01,1.872046440839767456e-01,-1.584340631961822510e-02
7.750015705823898315e-02,2.380299121141433716e-01,2.780094444751739502e-01,9.767597168684005737e-02,3.270255625247955322e-01,3.209952116012573242e-01,1.871359497308731079e-01,2.659723460674285889e-01,1.583657562732696533e-01,1.188774406909942627e-01,1.839664950966835022e-02,2.783657610416412354e-01,3.704856038093566895e-01,2.014687210321426392e-01,6.322334706783294678e-02,2.575729489326477051e-01,1.497028321027755737e-01,2.180998623371124268e-01,8.490084111690521240e-02,-7.569558918476104736e-02,-4.030391946434974670e-02,1.907153576612472534e-01,1.000000119209289551e+00,8.726555109024047852e-02,-8.243457414209842682e-03,1.684038490056991577e-01,6.592866778373718262e-02,2.479947358369827271e-01,2.451321780681610107e-01,1.833280175924301147e-01,-3.071401966735720634e-03,4.811066761612892151e-02,2.205627709627151489e-01,6.448362022638320923e-02,1.107259467244148254e-01,2.824761867523193359e-01,1.605958491563796997e-01,1.358260065317153931e-01,1.859960108995437622e-01,4.498873353004455566e-01,3.076851069927215576e-01,2.587721943855285645e-01,1.714314520359039307e-01,1.186539530754089355e-01,1.577928662300109863e-01,1.839185357093811035e-01,2.259070798754692078e-02,3.862532973289489746e-01
-1.303789019584655762e-01,1.334222257137298584e-01,-8.094877004623413086e-02,-1.326234489679336548e-01,-2.930146083235740662e-02,-9.255323559045791626e-02,-1.282394230365753174e-01,1.233650967478752136e-01,9.070465713739395142e-02,1.599003225564956665e-01,3.984484821557998657e-02,-1.308646798133850098e-01,-4.946700856089591980e-02,8.249060809612274170e-02,-2.906246110796928406e-02,1.607885062694549561e-01,-8.972653001546859741e-02,-1.853724941611289978e-02,1.132220961153507233e-02,-6.793610006570816040e-02,-2.338494956493377686e-01,1.699130833148956299e-01,8.726555109024047852e-02,9.999996423721313477e-01,-3.220012411475181580e-02,2.436751686036586761e-02,-1.695094704627990723e-01,-1.939722150564193726e-02,2.671256847679615021e-02,5.749202892184257507e-02,3.330170214176177979e-01,7.257355451583862305e-01,-9.159515798091888428e-02,1.410861462354660034e-01,1.828242652118206024e-02,6.296537518501281738e-01,9.806783497333526611e-02,2.033116519451141357e-01,2.920389771461486816e-01,9.530784189701080322e-02,8.318278938531875610e-02,5.754209309816360474e-02,1.008623167872428894e-01,-1.846062764525413513e-02,1.678653210401535034e-01,6.816053390502929688e-02,7.559150457382202148e-01,3.343962430953979492e-01
3.316834270954132080e-01,-3.405329585075378418e-02,1.323736608028411865e-01,1.016025170683860779e-01,6.130302697420120239e-02,9.442404657602310181e-02,3.375310450792312622e-02,2.635755836963653564e-01,1.105850413441658020e-01,3.466619551181793213e-02,3.012450337409973145e-01,3.457829952239990234e-01,-1.383077725768089294e-02,2.081772983074188232e-01,1.752496957778930664e-01,-7.012078911066055298e-02,6.145354360342025757e-02,5.359927564859390259e-02,2.776034735143184662e-02,5.058707669377326965e-03,1.660727411508560181e-01,1.444941461086273193e-01,-8.243457414209842682e-03,-3.220012411475181580e-02,9.999996423721313477e-01,6.751382350921630859e-02,4.515924155712127686e-01,2.587111294269561768e-01,1.110708490014076233e-01,2.795259952545166016e-01,1.448561847209930420e-01,-3.249047324061393738e-02,3.233505785465240479e-01,1.416827589273452759e-01,1.622767895460128784e-01,3.877672925591468811e-02,-9.841471910476684570e-03,-1.486795395612716675e-01,-1.491723358631134033e-01,-8.481676131486892700e-02,-3.268728032708168030e-02,-3.653062041848897934e-03,8.416610956192016602e-02,1.241222396492958069e-01,-4.116007685661315918e-02,2.720201201736927032e-02,-7.083246018737554550e-03,-1.199542358517646790e-01
2.391735836863517761e-02,4.984125494956970215e-01,3.806455731391906738e-01,8.224826306104660034e-02,2.563291788101196289e-01,3.638678193092346191e-01,6.521248221397399902e-01,1.176292449235916138e-01,4.468646943569183350e-01,3.441948294639587402e-01,3.230269253253936768e-02,1.948090046644210815e-01,2.402577549219131470e-01,9.597989916801452637e-02,-4.622079897671937943e-03,1.765194386243820190e-01,6.245229840278625488e-01,2.982319295406341553e-01,4.722238779067993164e-01,3.193121850490570068e-01,-5.004401877522468567e-02,-7.128522545099258423e-02,1.684038490056991577e-01,2.436751686036586761e-02,6.751382350921630859e-02,1.000000119209289551e+00,1.121991053223609924e-01,2.836892008781433105e-01,4.007500708103179932e-01,7.417697459459304810e-02,6.710944324731826782e-02,7.829789817333221436e-02,1.521938890218734741e-01,5.005142465233802795e-02,1.163644269108772278e-01,1.124869659543037415e-01,1.544806212186813354e-01,1.193310096859931946e-01,-1.362748723477125168e-02,3.055550158023834229e-02,1.241626292467117310e-01,4.817846119403839111e-01,5.224614143371582031e-01,2.021678388118743896e-01,3.406620323657989502e-01,4.984550774097442627e-01,1.160198450088500977e-01,-6.628293544054031372e-02
1.908229142427444458e-01,8.574386686086654663e-02,1.260711401700973511e-01,-5.446651950478553772e-03,5.057054013013839722e-02,7.129302620887756348e-02,1.054992452263832092e-01,2.951860725879669189e-01,2.686502337455749512e-01,1.888353377580642700e-01,1.622224152088165283e-01,3.272625207901000977e-01,1.812039613723754883e-01,1.599852591753005981e-01,1.282518208026885986e-01,-8.481238037347793579e-03,1.958947181701660156e-01,-3.605612320825457573e-03,1.269762217998504639e-01,6.476559489965438843e-02,1.477735638618469238e-01,-4.785498138517141342e-03,6.592866778373718262e-02,-1.695094704627990723e-01,4.515924155712127686e-01,1.121991053223609924e-01,1.000000000000000000e+00,1.016970053315162659e-01,5.487239360809326172e-02,1.571678668260574341e-01,-3.281812742352485657e-02,-1.287879645824432373e-01,2.764445245265960693e-01,1.622948199510574341e-01,2.433960586786270142e-01,-1.324049532413482666e-01,9.984695911407470703e-02,-5.763245746493339539e-02,-1.295663863420486450e-01,-9.875852614641189575e-02,-6.823682039976119995e-02,8.723059296607971191e-02,1.520303487777709961e-01,2.366321682929992676e-01,9.127493202686309814e-02,1.854214966297149658e-01,-1.223673820495605469e-01,-1.555876284837722778e-01
5.342208743095397949e-01,4.559029936790466309e-01,4.761232137680053711e-01,4.266036152839660645e-01,4.172686338424682617e-01,4.073809683322906494e-01,2.745079100131988525e-01,2.925724685192108154e-01,5.531485751271247864e-02,3.164317309856414795e-01,2.298604547977447510e-01,4.587473869323730469e-01,1.964090317487716675e-01,-1.052742078900337219e-02,2.093722969293594360e-01,1.900156438350677490e-01,2.762975096702575684e-01,1.236857697367668152e-01,6.100916489958763123e-02,4.917994514107704163e-02,2.710898816585540771e-01,2.446169257164001465e-01,2.479947358369827271e-01,-1.939722150564193726e-02,2.587111294269561768e-01,2.836892008781433105e-01,1.016970053315162659e-01,9.999997615814208984e-01,6.729210019111633301e-01,5.064354538917541504e-01,2.164102196693420410e-01,-1.745886504650115967e-01,3.517871499061584473e-01,9.466885030269622803e-02,2.356681674718856812e-01,5.400367826223373413e-02,-7.285459339618682861e-02,-3.578779101371765137e-02,2.130384445190429688e-01,3.166706264019012451e-01,3.976797163486480713e-01,2.215693295001983643e-01,9.247376769781112671e-02,1.327404826879501343e-01,3.092578053474426270e-01,2.766736447811126709e-01,-3.789996355772018433e-02,-7.672665268182754517e-02
3.055871725082397461e-01,5.480411052703857422e-01,3.295116126537322998e-01,2.444862276315689087e-01,3.401360213756561279e-01,3.549777269363403320e-01,3.635808825492858887e-01,2.742327749729156494e-01,2.326685339212417603e-01,3.887153863906860352e-01,2.322522848844528198e-01,3.119854927062988281e-01,1.511017382144927979e-01,-4.387184977531433105e-02,7.276142388582229614e-02,1.653733700513839722e-01,3.873089551925659180e-01,2.092483341693878174e-01,2.294868677854537964e-01,1.970486342906951904e-01,1.622867733240127563e-01,1.937315315008163452e-01,2.451321780681610107e-01,2.671256847679615021e-02,1.110708490014076233e-01,4.007500708103179932e-01,5.487239360809326172e-02,6.729210019111633301e-01,1.000000119209289551e+00,4.144784510135650635e-01,1.843612194061279297e-01,-3.327866271138191223e-02,2.717120349407196045e-01,1.039634868502616882e-01,2.905772924423217773e-01,4.998118430376052856e-02,-6.605282425880432129e-02,-1.394129078835248947e-02,2.545095384120941162e-01,2.923147976398468018e-01,3.741021156311035156e-01,3.995981514453887939e-01,2.910462021827697754e-01,1.278983652591705322e-01,4.602321088314056396e-01,4.990631937980651855e-01,7.142948359251022339e-02,5.308731645345687866e-02
4.823922514915466309e-01,2.880997955799102783e-01,2.360366582870483398e-01,4.020916223526000977e-01,1.750508695840835571e-01,1.305993944406509399e-01,1.747810095548629761e-02,2.185839265584945679e-01,1.164493486285209656e-01,3.787271678447723389e-01,2.773827612400054932e-01,4.393686056137084961e-01,2.719490826129913330e-01,-9.954881668090820312e-02,2.409239113330841064e-01,2.438343912363052368e-01,1.090801730751991272e-01,-6.753751635551452637e-02,-7.389124482870101929e-02,-7.626949250698089600e-02,3.399294316768646240e-01,4.199648201465606689e-01,1.833280175924301147e-01,5.749202892184257507e-02,2.795259952545166016e-01,7.417697459459304810e-02,1.571678668260574341e-01,5.064354538917541504e-01,4.144784510135650635e-01,1.000000000000000000e+00,5.131940245628356934e-01,-1.144777387380599976e-01,2.019659131765365601e-01,1.534180939197540283e-01,2.817327380180358887e-01,6.146754324436187744e-02,-6.662914901971817017e-02,-1.561756990849971771e-02,2.292993366718292236e-01,1.795252859592437744e-01,3.018220961093902588e-01,1.229590326547622681e-01,3.650565072894096375e-02,1.675098389387130737e-01,2.812300026416778564e-01,1.941700279712677002e-01,9.896025806665420532e-02,-1.643831878900527954e-01
1.425117105245590210e-01,9.566786885261535645e-02,1.284970343112945557e-02,1.096977666020393372e-01,-1.508867740631103516e-01,-1.705372184514999390e-01,-8.750346302986145020e-02,6.131876725703477859e-03,1.222298890352249146e-01,2.281900942325592041e-01,2.019149065017700195e-01,1.085720881819725037e-01,6.077649071812629700e-02,-8.931498229503631592e-02,1.265945434570312500e-01,-2.321729063987731934e-02,3.072740696370601654e-02,-1.648738533258438110e-01,-8.723530918359756470e-03,1.744318753480911255e-02,1.404628008604049683e-01,3.429961204528808594e-01,-3.071401966735720634e-03,3.330170214176177979e-01,1.448561847209930420e-01,6.710944324731826782e-02,-3.281812742352485657e-02,2.164102196693420410e-01,1.843612194061279297e-01,5.131940245628356934e-01,1.000000119209289551e+00,3.147014081478118896e-01,-7.016962766647338867e-02,7.658073306083679199e-02,8.138787001371383667e-02,2.300271689891815186e-01,7.580047100782394409e-02,5.332082137465476990e-02,1.013470813632011414e-01,-2.349292673170566559e-02,2.405001968145370483e-02,8.900403976440429688e-02,1.548490971326828003e-01,5.245892703533172607e-02,1.039465665817260742e-01,1.104400604963302612e-01,3.939273953437805176e-01,-9.077264368534088135e-02
-3.107515275478363037e-01,-1.904323510825634003e-02,-1.858799606561660767e-01,-3.285745680332183838e-01,-1.841235011816024780e-01,-1.810366660356521606e-01,-1.464771181344985962e-01,6.476925686001777649e-03,1.531264930963516235e-01,-3.961323574185371399e-02,-2.391880564391613007e-02,-2.832674682140350342e-01,-2.300485968589782715e-01,1.860362440347671509e-01,-1.558147966861724854e-01,-8.361402899026870728e-02,-6.513293832540512085e-02,-3.621212765574455261e-02,7.157806307077407837e-02,-7.663905620574951172e-02,-3.747882544994354248e-01,1.692412793636322021e-02,4.811066761612892151e-02,7.257355451583862305e-01,-3.249047324061393738e-02,7.829789817333221436e-02,-1.287879645824432373e-01,-1.745886504650115967e-01,-3.327866271138191223e-02,-1.144777387380599976e-01,3.147014081478118896e-01,1.000000119209289551e+00,-1.720728278160095215e-01,9.073100984096527100e-02,-3.995269536972045898e-02,5.878103375434875488e-01,1.734860390424728394e-01,1.595358401536941528e-01,-8.117535151541233063e-03,-1.009520515799522400e-01,-1.024307236075401306e-01,1.170355528593063354e-01,2.391930818557739258e-01,-1.111004650592803955e-01,6.198647245764732361e-02,9.019225090742111206e-02,7.278172373771667480e-01,3.784178495407104492e-01
3.484677076339721680e-01,2.511438727378845215e-01,2.330843359231948853e-01,1.046104356646537781e-01,3.633030652999877930e-01,4.295625686645507812e-01,2.296216487884521484e-01,3.710423409938812256e-01,6.314480304718017578e-02,1.077315881848335266e-01,3.710447847843170166e-01,4.565471410751342773e-01,3.269246220588684082e-01,1.881455928087234497e-01,2.665956020355224609e-01,1.126894205808639526e-01,2.149088978767395020e-01,2.067945152521133423e-01,9.610106796026229858e-02,5.435369163751602173e-02,1.691280603408813477e-01,1.108895987272262573e-01,2.205627709627151489e-01,-9.159515798091888428e-02,3.233505785465240479e-01,1.521938890218734741e-01,2.764445245265960693e-01,3.517871499061584473e-01,2.717120349407196045e-01,2.019659131765365601e-01,-7.016962766647338867e-02,-1.720728278160095215e-01,1.000000238418579102e+00,1.263408213853836060e-01,2.200504541397094727e-01,-2.887086197733879089e-02,1.790184676647186279e-01,4.962323233485221863e-02,1.971510201692581177e-01,1.363846063613891602e-01,3.181995153427124023e-01,1.658776551485061646e-01,5.295534431934356689e-02,5.689401924610137939e-02,2.313512414693832397e-01,1.908898353576660156e-01,-9.383230656385421753e-02,-3.324361518025398254e-02
