9.999996423721313477e-01,1.515378504991531372e-01,-2.041512541472911835e-02,-1.239960193634033203e-01,3.322088718414306641e-01,2.686036750674247742e-02,4.450887441635131836e-02,2.671250700950622559e-01,2.694492340087890625e-01,1.074357107281684875e-01,2.248289287090301514e-01,1.057959571480751038e-01,1.496939510107040405e-01,7.664832472801208496e-02,1.301112622022628784e-01,2.300357222557067871e-01,2.642375826835632324e-01,1.178049072623252869e-01,1.447654068470001221e-01,1.454073339700698853e-01,1.277053207159042358e-01,2.012093365192413330e-01,4.254527688026428223e-01,2.434707283973693848e-01,2.149667292833328247e-01,-4.789909347891807556e-02,5.356215313076972961e-02,3.163619637489318848e-01,2.356395274400711060e-01,2.857428193092346191e-01,6.443890184164047241e-02,1.329180598258972168e-01,1.328890174627304077e-01,1.162643730640411377e-01,1.491343826055526733e-01,3.980117440223693848e-01,9.357150644063949585e-02,2.106315791606903076e-01,1.626470535993576050e-01,3.326410353183746338e-01,2.139571160078048706e-01,1.550988256931304932e-01,1.064237132668495178e-01,7.737071067094802856e-02,1.378089785575866699e-01,1.385098248720169067e-01,2.312211394309997559e-01,4.621813595294952393e-01
1.515378504991531372e-01,9.999996423721313477e-01,2.046842575073242188e-01,-7.390385121107101440e-02,2.392932623624801636e-01,2.955273389816284180e-01,2.575459778308868408e-01,2.661788761615753174e-01,2.197943925857543945e-01,2.303423881530761719e-01,2.852999567985534668e-01,2.299893051385879517e-01,1.665069162845611572e-01,4.238896965980529785e-01,2.264896333217620850e-01,1.717503964900970459e-01,1.914337873458862305e-01,9.572599083185195923e-02,2.003484405577182770e-02,1.068338826298713684e-01,1.413924694061279297e-01,1.048903688788414001e-01,7.272763550281524658e-02,1.113121062517166138e-01,-3.816362842917442322e-02,-2.087334245443344116e-01,2.905485630035400391e-01,4.482023715972900391e-01,4.185793697834014893e-01,2.629434466361999512e-01,2.133176624774932861e-01,9.916120022535324097e-02,4.350668191909790039e-01,7.207216322422027588e-02,1.111772432923316956e-01,1.192671358585357666e-01,6.161569952964782715e-01,3.792797327041625977e-01,1.587753295898437500e-01,4.212158545851707458e-02,3.538533151149749756e-01,3.396721482276916504e-01,2.772680521011352539e-01,2.607543393969535828e-02,2.844367921352386475e-01,2.721851766109466553e-01,7.556084543466567993e-02,8.422418497502803802e-03
-2.041512541472911835e-02,2.046842575073242188e-01,9.999997615814208984e-01,4.437758028507232666e-01,-4.433750640600919724e-03,1.190441548824310303e-01,3.696482777595520020e-01,-1.568900793790817261e-02,-3.538347035646438599e-02,2.381141185760498047e-01,2.649082429707050323e-02,1.844658553600311279e-01,9.304619580507278442e-02,1.245079562067985535e-01,1.150307059288024902e-01,8.146832138299942017e-02,1.468939930200576782e-01,5.261836200952529907e-02,2.309858566150069237e-03,7.404286414384841919e-02,1.225254312157630920e-01,5.742710828781127930e-02,-4.638039041310548782e-03,2.869405597448348999e-02,-6.104314327239990234e-02,3.407369256019592285e-01,7.066851854324340820e-02,4.832219779491424561e-01,2.985963225364685059e-01,2.448878735303878784e-01,3.179335296154022217e-01,-2.560729533433914185e-02,1.168746426701545715e-01,-1.069668009877204895e-01,1.742310076951980591e-01,1.830848008394241333e-01,1.323587745428085327e-01,-7.635233923792839050e-03,1.409077793359756470e-01,6.049314513802528381e-02,1.940355151891708374e-01,1.026662141084671021e-01,2.511199712753295898e-01,-4.254978848621249199e-04,2.404586523771286011e-01,3.099506795406341553e-01,4.760440438985824585e-02,-1.165683269500732422e-01
-1.239960193634033203e-01,-7.390385121107101440e-02,4.437758028507232666e-01,9.999995827674865723e-01,9.120000898838043213e-02,2.599961459636688232e-01,2.532521486282348633e-01,-5.562166869640350342e-02,-1.573134958744049072e-01,2.923010289669036865e-01,-8.907730132341384888e-02,2.953962087631225586e-01,1.444169878959655762e-01,-7.870148867368698120e-02,3.351620137691497803e-01,3.960792347788810730e-02,-3.095147386193275452e-02,1.672949492931365967e-01,-3.524253517389297485e-02,9.417242556810379028e-02,1.553711295127868652e-01,1.878543794155120850e-01,-7.103569805622100830e-02,3.805692121386528015e-02,-9.057173877954483032e-02,5.492188334465026855e-01,2.911701984703540802e-02,1.200691051781177521e-02,-8.310684561729431152e-02,-8.526941388845443726e-02,3.310451209545135498e-01,1.171286404132843018e-01,8.236283063888549805e-02,-2.033017426729202271e-01,-1.239329390227794647e-02,1.423852294683456421e-01,-1.770616620779037476e-01,-1.214975565671920776e-01,5.412832647562026978e-02,4.488510265946388245e-02,3.010069131851196289e-01,1.265580654144287109e-01,2.491510808467864990e-01,1.217721477150917053e-01,2.612793147563934326e-01,3.040926456451416016e-01,1.336021274328231812e-01,-8.464975655078887939e-02
3.322088718414306641e-01,2.392932623624801636e-01,-4.433750640600919724e-03,9.120000898838043213e-02,1.000000119209289551e+00,3.839903175830841064e-01,1.534406393766403198e-01,2.410431951284408569e-01,1.728664636611938477e-01,2.242479771375656128e-01,7.085434347391128540e-02,2.548790872097015381e-01,2.525317966938018799e-01,6.890132278203964233e-02,3.122657239437103271e-01,2.036553025245666504e-01,1.257628947496414185e-01,2.518601119518280029e-01,1.102941185235977173e-01,2.510747015476226807e-01,2.125243395566940308e-01,2.731302678585052490e-01,1.812404841184616089e-01,3.369418978691101074e-01,-1.046839952468872070e-01,1.436848938465118408e-02,-4.188601300120353699e-02,2.421956956386566162e-01,2.047292292118072510e-01,5.088157579302787781e-02,2.389382719993591309e-01,3.160753548145294189e-01,1.869169473648071289e-01,-3.466225042939186096e-02,3.356643617153167725e-01,2.933811843395233154e-01,6.591314077377319336e-02,1.530473977327346802e-01,1.785206496715545654e-01,2.123859077692031860e-01,4.666396975517272949e-01,1.239178031682968140e-01,2.125959396362304688e-01,1.233130767941474915e-01,1.858727335929870605e-01,2.360184937715530396e-01,2.858523726463317871e-01,1.917088180780410767e-01
2.686036750674247742e-02,2.955273389816284180e-01,1.190441548824310303e-01,2.599961459636688232e-01,3.839903175830841064e-01,1.000000119209289551e+00,3.455015420913696289e-01,1.510747820138931274e-01,-1.708204741589725018e-03,2.705675363540649414e-01,5.480066407471895218e-03,2.992909848690032959e-01,3.342576622962951660e-01,-5.373926251195371151e-04,2.608885169029235840e-01,-1.128220558166503906e-02,7.409278303384780884e-02,4.747765064239501953e-01,1.384799927473068237e-01,4.838989377021789551e-01,4.920797049999237061e-01,3.736913800239562988e-01,-2.070084773004055023e-02,1.681226789951324463e-01,-1.318903863430023193e-01,9.883984178304672241e-02,1.366483569145202637e-01,7.956011593341827393e-02,-4.415664821863174438e-02,-7.940184324979782104e-02,3.041498064994812012e-01,2.061972469091415405e-01,3.055508732795715332e-01,-1.711933016777038574e-01,1.417380273342132568e-01,5.750328674912452698e-02,4.752828925848007202e-02,1.082309149205684662e-02,9.160897880792617798e-02,1.086250916123390198e-01,5.256066918373107910e-01,1.211723499000072479e-02,2.595017254352569580e-01,1.520946621894836426e-01,9.439164400100708008e-02,2.678969800472259521e-01,8.269563317298889160e-02,-4.797541722655296326e-02
4.450887441635131836e-02,2.575459778308868408e-01,3.696482777595520020e-01,2.532521486282348633e-01,1.534406393766403198e-01,3.455015420913696289e-01,9.999997615814208984e-01,9.017512202262878418e-02,1.408350914716720581e-01,2.408907711505889893e-01,1.789568215608596802e-01,3.398201763629913330e-01,2.224578708410263062e-01,2.760334908962249756e-01,1.807845532894134521e-01,1.193751096725463867e-01,5.504832863807678223e-01,3.766858875751495361e-01,2.049161344766616821e-01,2.530454695224761963e-01,2.835628092288970947e-01,2.960023581981658936e-01,1.622380912303924561e-01,1.794987916946411133e-01,-1.679357737302780151e-01,3.259846568107604980e-01,4.950870946049690247e-02,1.966284215450286865e-01,2.349931299686431885e-01,2.980940937995910645e-01,4.513471424579620361e-01,1.765727251768112183e-01,2.822379767894744873e-01,-1.001907810568809509e-01,1.365418434143066406e-01,1.135066226124763489e-01,1.931181848049163818e-01,-2.076784893870353699e-02,2.438303977251052856e-01,1.944923400878906250e-01,4.127340018749237061e-01,5.848232284188270569e-02,2.487322539091110229e-01,1.956686228513717651e-01,1.169402599334716797e-01,3.197583854198455811e-01,1.402569711208343506e-01,5.618956312537193298e-02
2.671250700950622559e-01,2.661788761615753174e-01,-1.568900793790817261e-02,-5.562166869640350342e-02,2.410431951284408569e-01,1.510747820138931274e-01,9.017512202262878418e-02,1.000000119209289551e+00,2.840325236320495605e-01,2.827367186546325684e-01,3.247482776641845703e-01,2.888582050800323486e-01,2.661473453044891357e-01,3.799787759780883789e-01,3.211864829063415527e-01,3.863029479980468750e-01,3.195352256298065186e-01,2.560849487781524658e-01,1.659308969974517822e-01,2.536646723747253418e-01,3.315829932689666748e-01,2.874837219715118408e-01,2.385342717170715332e-01,1.846200972795486450e-01,-5.105104297399520874e-02,-7.342536002397537231e-02,2.789219468832015991e-02,3.210865706205368042e-02,9.224372357130050659e-02,2.077109366655349731e-01,1.857430487871170044e-01,9.409480541944503784e-02,9.539317339658737183e-02,2.944931387901306152e-01,9.672355651855468750e-02,2.168892174959182739e-01,2.049624919891357422e-01,1.388839334249496460e-01,8.662984520196914673e-02,1.806254535913467407e-01,2.231002599000930786e-01,3.860642910003662109e-01,2.126065641641616821e-01,3.218492567539215088e-01,2.114222943782806396e-01,2.509595453739166260e-01,1.603147834539413452e-01,1.616189032793045044e-01
2.694492340087890625e-01,2.197943925857543945e-01,-3.538347035646438599e-02,-1.573134958744049072e-01,1.728664636611938477e-01,-1.708204741589725018e-03,1.408350914716720581e-01,2.840325236320495605e-01,9.999999403953552246e-01,2.564572691917419434e-01,6.021126508712768555e-01,2.614334821701049805e-01,1.562761813402175903e-01,4.317294061183929443e-01,1.513834744691848755e-01,4.045430719852447510e-01,5.133034586906433105e-01,1.057093665003776550e-01,6.493189185857772827e-02,-2.500824071466922760e-02,2.840633690357208252e-02,1.405792683362960815e-02,3.185561001300811768e-01,9.005915373563766479e-02,3.299343213438987732e-02,-8.996448665857315063e-02,1.192490831017494202e-01,6.150630488991737366e-02,1.188593655824661255e-01,4.254607856273651123e-01,7.691384758800268173e-03,-1.486024856567382812e-01,4.011149704456329346e-02,2.166612893342971802e-01,6.950406730175018311e-02,2.125415056943893433e-01,2.346130013465881348e-01,3.459859490394592285e-01,2.565530240535736084e-01,2.428786903619766235e-01,1.325742453336715698e-01,4.347496926784515381e-01,1.704017519950866699e-01,4.106297194957733154e-01,1.834818422794342041e-01,2.552596032619476318e-01,-8.849243633449077606e-03,2.765686213970184326e-01
1.074357107281684875e-01,2.303423881530761719e-01,2.381141185760498047e-01,2.923010289669036865e-01,2.242479771375656128e-01,2.705675363540649414e-01,2.408907711505889893e-01,2.827367186546325684e-01,2.564572691917419434e-01,1.000000119209289551e+00,2.286623716354370117e-01,7.356891632080078125e-01,5.038783550262451172e-01,2.531343698501586914e-01,4.562155008316040039e-01,2.310878038406372070e-01,2.213676422834396362e-01,3.376843035221099854e-01,1.622712165117263794e-01,3.670040369033813477e-01,4.839280545711517334e-01,4.093946516513824463e-01,2.191636413335800171e-01,2.820315062999725342e-01,-5.836183205246925354e-03,2.947569191455841064e-01,4.873267561197280884e-02,8.809977024793624878e-02,6.546403467655181885e-02,1.534920781850814819e-01,4.607493877410888672e-01,1.673708856105804443e-01,1.361038684844970703e-01,-1.258627772331237793e-01,2.368118613958358765e-01,2.530276775360107422e-01,9.465369582176208496e-02,1.829563230276107788e-01,1.548064500093460083e-01,3.166576325893402100e-01,3.176391124725341797e-01,3.744308352470397949e-01,6.595332026481628418e-01,1.443807184696197510e-01,4.560167491436004639e-01,7.081179022789001465e-01,1.064423471689224243e-01,4.973672330379486084e-02
2.248289287090301514e-01,2.852999567985534668e-01,2.649082429707050323e-02,-8.907730132341384888e-02,7.085434347391128540e-02,5.480066407471895218e-03,1.789568215608596802e-01,3.247482776641845703e-01,6.021126508712768555e-01,2.286623716354370117e-01,9.999999403953552246e-01,3.313559293746948242e-01,2.444202452898025513e-02,6.214029192924499512e-01,1.275209635496139526e-01,2.612164914608001709e-01,4.462553262710571289e-01,9.946877835318446159e-04,-1.209836900234222412e-01,-1.692252010107040405e-01,8.620496839284896851e-03,3.260824456810951233e-02,2.196221202611923218e-01,-5.229397118091583252e-02,-2.483938448131084442e-02,-8.363744616508483887e-02,1.768092364072799683e-01,5.211693793535232544e-02,2.334679514169692993e-01,4.043635129928588867e-01,-1.572158746421337128e-02,-8.398336172103881836e-02,9.724445641040802002e-02,2.495567053556442261e-01,1.046752855181694031e-01,2.332832477986812592e-02,3.500913381576538086e-01,2.069578021764755249e-01,9.069088101387023926e-02,6.390697509050369263e-02,2.239656448364257812e-01,4.854483604431152344e-01,1.215084046125411987e-01,2.063646167516708374e-01,1.507833600044250488e-01,2.666316628456115723e-01,-9.113073348999023438e-02,2.583965659141540527e-01
1.057959571480751038e-01,2.299893051385879517e-01,1.844658553600311279e-01,2.953962087631225586e-01,2.548790872097015381e-01,2.992909848690032959e-01,3.398201763629913330e-01,2.888582050800323486e-01,2.614334821701049805e-01,7.356891632080078125e-01,3.313559293746948242e-01,1.000000119209289551e+00,4.692798256874084473e-01,2.895209789276123047e-01,5.690211653709411621e-01,2.396511584520339966e-01,2.634987831115722656e-01,3.651762902736663818e-01,1.757639646530151367e-01,3.603183627128601074e-01,4.729636907577514648e-01,4.534211754798889160e-01,1.773638874292373657e-01,3.117383122444152832e-01,-9.306754916906356812e-02,2.883905768394470215e-01,1.296487152576446533e-01,3.934767469763755798e-02,1.040330231189727783e-01,1.534901410341262817e-01,4.674096703529357910e-01,2.744584679603576660e-01,1.754081249237060547e-01,-1.122809872031211853e-01,2.494156956672668457e-01,2.265131622552871704e-01,1.141120865941047668e-01,1.958379596471786499e-01,1.883893758058547974e-01,3.103030920028686523e-01,4.383004903793334961e-01,3.187733590602874756e-01,5.587108135223388672e-01,2.726924121379852295e-01,4.636653065681457520e-01,6.813419461250305176e-01,1.303951442241668701e-01,7.914347201585769653e-02
1.496939510107040405e-01,1.665069162845611572e-01,9.304619580507278442e-02,1.444169878959655762e-01,2.525317966938018799e-01,3.342576622962951660e-01,2.224578708410263062e-01,2.661473453044891357e-01,1.562761813402175903e-01,5.038783550262451172e-01,2.444202452898025513e-02,4.692798256874084473e-01,9.999994635581970215e-01,1.029044911265373230e-01,4.035586118698120117e-01,3.847306668758392334e-01,2.118304222822189331e-01,4.922820031642913818e-01,3.111570775508880615e-01,6.047840118408203125e-01,6.565724015235900879e-01,5.797492265701293945e-01,4.002440869808197021e-01,4.810504615306854248e-01,-6.326796114444732666e-02,1.200534105300903320e-01,6.627564877271652222e-02,2.978851087391376495e-02,-4.784224927425384521e-02,-5.036196857690811157e-02,4.762435555458068848e-01,4.568997025489807129e-01,2.270848155021667480e-01,-8.893087506294250488e-02,1.332475841045379639e-01,3.727459311485290527e-01,1.198705658316612244e-01,1.796978563070297241e-01,3.437633216381072998e-01,4.444244205951690674e-01,2.505852282047271729e-01,1.461458206176757812e-01,5.304356813430786133e-01,1.486271321773529053e-01,2.840386331081390381e-01,5.194865465164184570e-01,3.365289568901062012e-01,1.048744022846221924e-01
7.664832472801208496e-02,4.238896965980529785e-01,1.245079562067985535e-01,-7.870148867368698120e-02,6.890132278203964233e-02,-5.373926251195371151e-04,2.760334908962249756e-01,3.799787759780883789e-01,4.317294061183929443e-01,2.531343698501586914e-01,6.214029192924499512e-01,2.895209789276123047e-01,1.029044911265373230e-01,1.000000357627868652e+00,2.578267753124237061e-01,3.792176544666290283e-01,4.053372740745544434e-01,4.642138630151748657e-02,-8.872538059949874878e-02,-9.516078233718872070e-02,7.625377923250198364e-02,2.979861944913864136e-02,2.225217968225479126e-01,-3.257442265748977661e-02,-1.035889759659767151e-01,-4.427139833569526672e-02,2.024858444929122925e-01,1.054527536034584045e-01,3.176495432853698730e-01,3.111647665500640869e-01,3.958458080887794495e-02,-8.646562695503234863e-02,1.392312049865722656e-01,2.904284000396728516e-01,6.007514148950576782e-02,5.704142525792121887e-02,4.897973537445068359e-01,2.426817566156387329e-01,1.556627005338668823e-01,-2.560195745900273323e-03,1.675032079219818115e-01,6.190222501754760742e-01,2.327066659927368164e-01,2.082709819078445435e-01,3.488896191120147705e-01,2.961099445819854736e-01,1.739183440804481506e-02,1.282756030559539795e-01
1.301112622022628784e-01,2.264896333217620850e-01,1.150307059288024902e-01,3.351620137691497803e-01,3.122657239437103271e-01,2.608885169029235840e-01,1.807845532894134521e-01,3.211864829063415527e-01,1.513834744691848755e-01,4.562155008316040039e-01,1.275209635496139526e-01,5.690211653709411621e-01,4.035586118698120117e-01,2.578267753124237061e-01,9.999999403953552246e-01,5.283239483833312988e-01,9.680634737014770508e-02,1.936759352684020996e-01,1.056329086422920227e-01,2.288892120122909546e-01,3.077970743179321289e-01,3.508851230144500732e-01,1.685216277837753296e-01,2.200272679328918457e-01,-1.259416192770004272e-01,2.101811468601226807e-01,1.228566020727157593e-01,1.054469496011734009e-01,1.369387060403823853e-01,5.092054978013038635e-02,3.230111896991729736e-01,3.429667949676513672e-01,4.898408800363540649e-02,-1.473173350095748901e-01,1.927045881748199463e-01,3.756290674209594727e-01,8.106541633605957031e-02,3.929228186607360840e-01,2.960790097713470459e-01,2.549263536930084229e-01,2.955728173255920410e-01,3.807207942008972168e-01,3.902017474174499512e-01,3.762766122817993164e-01,5.060054659843444824e-01,4.823751449584960938e-01,4.440848231315612793e-01,4.974874854087829590e-02
2.300357222557067871e-01,1.717503964900970459e-01,8.146832138299942017e-02,3.960792347788810730e-02,2.036553025245666504e-01,-1.128220558166503906e-02,1.193751096725463867e-01,3.863029479980468750e-01,4.045430719852447510e-01,2.310878038406372070e-01,2.612164914608001709e-01,2.396511584520339966e-01,3.847306668758392334e-01,3.792176544666290283e-01,5.283239483833312988e-01,1.000000238418579102e+00,3.800500333309173584e-01,9.192629903554916382e-02,1.271637678146362305e-01,1.161826327443122864e-01,1.515925526618957520e-01,1.560810208320617676e-01,4.828198552131652832e-01,2.254815250635147095e-01,-1.208920925855636597e-01,1.232273597270250320e-02,7.192501425743103027e-02,1.598871499300003052e-01,9.461522847414016724e-02,2.276036590337753296e-01,1.199060082435607910e-01,1.144438609480857849e-01,-7.442909292876720428e-03,1.067780777812004089e-01,1.586328744888305664e-01,4.672930836677551270e-01,1.801032871007919312e-01,4.084804356098175049e-01,4.971477389335632324e-01,3.268690109252929688e-01,3.753666579723358154e-02,4.614658951759338379e-01,3.074454367160797119e-01,3.688750863075256348e-01,3.911423385143280029e-01,3.683081567287445068e-01,4.707939624786376953e-01,2.270181626081466675e-01
2.642375826835632324e-01,1.914337873458862305e-01,1.468939930200576782e-01,-3.095147386193275452e-02,1.257628947496414185e-01,7.409278303384780884e-02,5.504832863807678223e-01,3.195352256298065186e-01,5.133034586906433105e-01,2.213676422834396362e-01,4.462553262710571289e-01,2.634987831115722656e-01,2.118304222822189331e-01,4.053372740745544434e-01,9.680634737014770508e-02,3.800500333309173584e-01,9.999997615814208984e-01,3.629686832427978516e-01,2.832882702350616455e-01,1.761245876550674438e-01,1.981586962938308716e-01,1.943883299827575684e-01,4.986718297004699707e-01,1.355704963207244873e-01,-1.028575152158737183e-01,7.623530924320220947e-02,5.666698887944221497e-02,1.007599458098411560e-01,1.005457937717437744e-01,4.484719634056091309e-01,1.952585130929946899e-01,2.091422211378812790e-03,2.381700277328491211e-01,8.149920403957366943e-02,1.524519920349121094e-01,1.885762214660644531e-01,2.543442249298095703e-01,9.812129288911819458e-02,2.826496362686157227e-01,3.137805461883544922e-01,2.924455106258392334e-01,3.595845699310302734e-01,1.444256305694580078e-01,2.941146194934844971e-01,1.145089417695999146e-01,2.593453228473663330e-01,3.546083346009254456e-02,3.297287523746490479e-01
1.178049072623252869e-01,9.572599083185195923e-02,5.261836200952529907e-02,1.672949492931365967e-01,2.518601119518280029e-01,4.747765064239501953e-01,3.766858875751495361e-01,2.560849487781524658e-01,1.057093665003776550e-01,3.376843035221099854e-01,9.946877835318446159e-04,3.651762902736663818e-01,4.922820031642913818e-01,4.642138630151748657e-02,1.936759352684020996e-01,9.192629903554916382e-02,3.629686832427978516e-01,1.000000238418579102e+00,4.162200391292572021e-01,6.852145195007324219e-01,6.756770610809326172e-01,5.136012434959411621e-01,1.919589042663574219e-01,3.403454720973968506e-01,-4.703252762556076050e-02,1.602350920438766479e-01,7.743581384420394897e-02,-8.764325082302093506e-02,-1.232782006263732910e-01,-1.519874576479196548e-02,4.575905501842498779e-01,3.740562498569488525e-01,3.466553390026092529e-01,-6.161854788661003113e-02,1.711664199829101562e-01,1.953950226306915283e-01,5.760667845606803894e-02,-3.407307341694831848e-02,1.101503148674964905e-01,2.823263406753540039e-01,3.826479613780975342e-01,1.600788906216621399e-02,3.309073150157928467e-01,1.985841095447540283e-01,1.311174035072326660e-01,3.520421087741851807e-01,1.298829913139343262e-01,4.679451882839202881e-02
1.447654068470001221e-01,2.003484405577182770e-02,2.309858566150069237e-03,-3.524253517389297485e-02,1.102941185235977173e-01,1.384799927473068237e-01,2.049161344766616821e-01,1.659308969974517822e-01,6.493189185857772827e-02,1.622712165117263794e-01,-1.209836900234222412e-01,1.757639646530151367e-01,3.111570775508880615e-01,-8.872538059949874878e-02,1.056329086422920227e-01,1.271637678146362305e-01,2.832882702350616455e-01,4.162200391292572021e-01,9.999998211860656738e-01,5.789001584053039551e-01,2.764018476009368896e-01,1.097365543246269226e-01,1.549495309591293335e-01,3.545091450214385986e-01,-3.793352225329726934e-04,1.152572780847549438e-01,5.877840146422386169e-02,3.788889944553375244e-02,-4.158019274473190308e-02,4.330897331237792969e-02,2.643194198608398438e-01,2.793804109096527100e-01,2.482642233371734619e-01,5.814442876726388931e-03,1.627036780118942261e-01,2.560857236385345459e-01,4.719135165214538574e-02,9.655281901359558105e-02,3.458363711833953857e-01,3.346699476242065430e-01,1.576643288135528564e-01,-1.274747997522354126e-01,2.557219266891479492e-01,1.552054286003112793e-01,-2.733336947858333588e-02,7.613262534141540527e-02,1.779508143663406372e-01,3.007027844432741404e-04
1.454073339700698853e-01,1.068338826298713684e-01,7.404286414384841919e-02,9.417242556810379028e-02,2.510747015476226807e-01,4.838989377021789551e-01,2.530454695224761963e-01,2.536646723747253418e-01,-2.500824071466922760e-02,3.670040369033813477e-01,-1.692252010107040405e-01,3.603183627128601074e-01,6.047840118408203125e-01,-9.516078233718872070e-02,2.288892120122909546e-01,1.161826327443122864e-01,1.761245876550674438e-01,6.852145195007324219e-01,5.789001584053039551e-01,1.000000119209289551e+00,7.578596472740173340e-01,5.059053897857666016e-01,2.696503996849060059e-01,4.363438189029693604e-01,-4.774335399270057678e-02,1.228846833109855652e-01,3.105294704437255859e-02,2.228252589702606201e-02,-9.228442609310150146e-02,-7.611499726772308350e-02,4.176377952098846436e-01,3.641465306282043457e-01,2.569355964660644531e-01,-1.255307197570800781e-01,2.245535701513290405e-01,3.252715766429901123e-01,5.026956275105476379e-02,3.885707631707191467e-02,2.485622912645339966e-01,4.071483016014099121e-01,2.475468665361404419e-01,-9.377066791057586670e-02,4.209647178649902344e-01,1.027883961796760559e-01,1.081484854221343994e-01,3.477600514888763428e-01,2.141875326633453369e-01,3.912941366434097290e-02
1.277053207159042358e-01,1.413924694061279297e-01,1.225254312157630920e-01,1.553711295127868652e-01,2.125243395566940308e-01,4.920797049999237061e-01,2.835628092288970947e-01,3.315829932689666748e-01,2.840633690357208252e-02,4.839280545711517334e-01,8.620496839284896851e-03,4.729636907577514648e-01,6.565724015235900879e-01,7.625377923250198364e-02,3.077970743179321289e-01,1.515925526618957520e-01,1.981586962938308716e-01,6.756770610809326172e-01,2.764018476009368896e-01,7.578596472740173340e-01,9.999996423721313477e-01,6.758986711502075195e-01,3.216465711593627930e-01,3.657374680042266846e-01,-3.562306985259056091e-02,1.719409078359603882e-01,7.870769500732421875e-02,-1.424495130777359009e-02,-5.633384734392166138e-02,-6.398238986730575562e-02,4.580770432949066162e-01,3.258174657821655273e-01,1.986485421657562256e-01,-9.372639656066894531e-02,1.613459587097167969e-01,2.785462439060211182e-01,1.170657277107238770e-01,4.508676007390022278e-02,1.425700038671493530e-01,3.827966153621673584e-01,2.550218999385833740e-01,8.014440536499023438e-02,4.533278644084930420e-01,1.150878891348838806e-01,2.094207406044006348e-01,4.814273715019226074e-01,1.677910387516021729e-01,1.121357083320617676e-01
2.012093365192413330e-01,1.048903688788414001e-01,5.742710828781127930e-02,1.878543794155120850e-01,2.731302678585052490e-01,3.736913800239562988e-01,2.960023581981658936e-01,2.874837219715118408e-01,1.405792683362960815e-02,4.093946516513824463e-01,3.260824456810951233e-02,4.534211754798889160e-01,5.797492265701293945e-01,2.979861944913864136e-02,3.508851230144500732e-01,1.560810208320617676e-01,1.943883299827575684e-01,5.136012434959411621e-01,1.097365543246269226e-01,5.059053897857666016e-01,6.758986711502075195e-01,9.999999403953552246e-01,4.279109835624694824e-01,3.812080919742584229e-01,-7.956176996231079102e-02,2.208688855171203613e-01,2.852881513535976410e-02,9.532038867473602295e-02,4.988583549857139587e-02,-4.458547011017799377e-02,4.979576766490936279e-01,5.072336792945861816e-01,2.315014004707336426e-01,-5.978548899292945862e-02,1.326422542333602905e-01,2.518803477287292480e-01,-1.836555264890193939e-02,5.115718021988868713e-02,1.517818495631217957e-02,3.100242912769317627e-01,2.915220856666564941e-01,5.342735350131988525e-02,3.693554103374481201e-01,6.555538624525070190e-02,1.631762534379959106e-01,4.339120984077453613e-01,3.000181913375854492e-01,4.389981031417846680e-01
4.254527688026428223e-01,7.272763550281524658e-02,-4.638039041310548782e-03,-7.103569805622100830e-02,1.812404841184616089e-01,-2.070084773004055023e-02,1.622380912303924561e-01,2.385342717170715332e-01,3.185561001300811768e-01,2.191636413335800171e-01,2.196221202611923218e-01,1.773638874292373657e-01,4.002440869808197021e-01,2.225217968225479126e-01,1.685216277837753296e-01,4.828198552131652832e-01,4.986718297004699707e-01,1.919589042663574219e-01,1.549495309591293335e-01,2.696503996849060059e-01,3.216465711593627930e-01,4.279109835624694824e-01,1.000000119209289551e+00,3.402552604675292969e-01,-5.880389735102653503e-02,-2.857435122132301331e-02,5.480844527482986450e-02,1.783030182123184204e-01,2.969090640544891357e-02,1.317620575428009033e-01,5.149207636713981628e-02,1.121354699134826660e-01,1.539386659860610962e-01,6.750819087028503418e-02,1.396986991167068481e-01,4.356992542743682861e-01,9.549466520547866821e-02,1.929056197404861450e-01,2.801132202148437500e-01,5.457195639610290527e-01,6.762479990720748901e-02,2.769811451435089111e-01,1.781948953866958618e-01,8.421561121940612793e-02,1.560972332954406738e-01,2.688033580780029297e-01,3.127960562705993652e-01,6.577674746513366699e-01
2.434707283973693848e-01,1.113121062517166138e-01,2.869405597448348999e-02,3.805692121386528015e-02,3.369418978691101074e-01,1.681226789951324463e-01,1.794987916946411133e-01,1.846200972795486450e-01,9.005915373563766479e-02,2.820315062999725342e-01,-5.229397118091583252e-02,3.117383122444152832e-01,4.810504615306854248e-01,-3.257442265748977661e-02,2.200272679328918457e-01,2.254815250635147095e-01,1.355704963207244873e-01,3.403454720973968506e-01,3.545091450214385986e-01,4.363438189029693604e-01,3.657374680042266846e-01,3.812080919742584229e-01,3.402552604675292969e-01,9.999996423721313477e-01,-7.813614606857299805e-02,5.729180201888084412e-02,3.305684402585029602e-02,1.706779748201370239e-01,1.295002549886703491e-01,7.240647822618484497e-02,4.259047210216522217e-01,5.209433436393737793e-01,2.417097687721252441e-01,1.100427471101284027e-02,2.931745648384094238e-01,5.542850494384765625e-01,-2.587365172803401947e-02,1.290564239025115967e-01,3.985275030136108398e-01,5.334976911544799805e-01,1.569619923830032349e-01,-5.300201848149299622e-02,3.651942312717437744e-01,2.807149104773998260e-02,1.714368909597396851e-01,3.166562914848327637e-01,5.330620408058166504e-01,1.963364183902740479e-01
2.149667292833328247e-01,-3.816362842917442322e-02,-6.104314327239990234e-02,-9.057173877954483032e-02,-1.046839952468872070e-01,-1.318903863430023193e-01,-1.679357737302780151e-01,-5.105104297399520874e-02,3.299343213438987732e-02,-5.836183205246925354e-03,-2.483938448131084442e-02,-9.306754916906356812e-02,-6.326796114444732666e-02,-1.035889759659767151e-01,-1.259416192770004272e-01,-1.208920925855636597e-01,-1.028575152158737183e-01,-4.703252762556076050e-02,-3.793352225329726934e-04,-4.774335399270057678e-02,-3.562306985259056091e-02,-7.956176996231079102e-02,-5.880389735102653503e-02,-7.813614606857299805e-02,9.999994039535522461e-01,-6.789506971836090088e-02,-6.874676048755645752e-02,-3.378618881106376648e-02,-7.052555680274963379e-02,-2.206981554627418518e-02,-8.765432238578796387e-02,-1.599891781806945801e-01,-8.160374313592910767e-02,8.766501396894454956e-02,-8.503933250904083252e-02,-8.093249052762985229e-02,-4.887400195002555847e-02,4.201704263687133789e-02,-1.480764746665954590e-01,-2.769635990262031555e-02,-9.690591692924499512e-02,9.373882203362882137e-04,-2.904961444437503815e-02,-2.503601461648941040e-02,-7.570679485797882080e-02,-9.062420576810836792e-02,-9.269789606332778931e-02,-9.947007521986961365e-03
-4.789909347891807556e-02,-2.087334245443344116e-01,3.407369256019592285e-01,5.492188334465026855e-01,1.436848938465118408e-02,9.883984178304672241e-02,3.259846568107604980e-01,-7.342536002397537231e-02,-8.996448665857315063e-02,2.947569191455841064e-01,-8.363744616508483887e-02,2.883905768394470215e-01,1.200534105300903320e-01,-4.427139833569526672e-02,2.101811468601226807e-01,1.232273597270250320e-02,7.623530924320220947e-02,1.602350920438766479e-01,1.152572780847549438e-01,1.228846833109855652e-01,1.719409078359603882e-01,2.208688855171203613e-01,-2.857435122132301331e-02,5.729180201888084412e-02,-6.789506971836090088e-02,1.000000119209289551e+00,4.015756398439407349e-02,-5.827394500374794006e-02,3.651738539338111877e-02,5.487286299467086792e-02,3.632950484752655029e-01,1.030875965952873230e-01,-3.792368993163108826e-02,-1.425604969263076782e-01,2.605903893709182739e-02,8.271542936563491821e-02,-2.578822076320648193e-01,-1.430135816335678101e-01,2.477050945162773132e-02,6.144855171442031860e-03,2.015303373336791992e-01,4.090755805373191833e-02,2.542280554771423340e-01,1.620326489210128784e-01,1.936710178852081299e-01,2.490281909704208374e-01,8.153939247131347656e-02,-3.246213309466838837e-03
5.356215313076972961e-02,2.905485630035400391e-01,7.066851854324340820e-02,2.911701984703540802e-02,-4.188601300120353699e-02,1.366483569145202637e-01,4.950870946049690247e-02,2.789219468832015991e-02,1.192490831017494202e-01,4.873267561197280884e-02,1.768092364072799683e-01,1.296487152576446533e-01,6.627564877271652222e-02,2.024858444929122925e-01,1.228566020727157593e-01,7.192501425743103027e-02,5.666698887944221497e-02,7.743581384420394897e-02,5.877840146422386169e-02,3.105294704437255859e-02,7.870769500732421875e-02,2.852881513535976410e-02,5.480844527482986450e-02,3.305684402585029602e-02,-6.874676048755645752e-02,4.015756398439407349e-02,9.999994635581970215e-01,5.158176273107528687e-02,1.101838424801826477e-01,2.467568032443523407e-02,5.186512321233749390e-02,4.100313410162925720e-02,4.703881740570068359e-01,4.677078500390052795e-02,-8.289405703544616699e-02,6.265915185213088989e-02,2.116869390010833740e-01,1.708908081054687500e-01,2.948510460555553436e-02,5.691120401024818420e-02,1.684213876724243164e-01,1.614920645952224731e-01,5.691553279757499695e-02,1.051752343773841858e-01,7.432191073894500732e-02,7.149463891983032227e-02,-2.004224620759487152e-02,6.641022861003875732e-02
3.163619637489318848e-01,4.482023715972900391e-01,4.832219779491424561e-01,1.200691051781177521e-02,2.421956956386566162e-01,7.956011593341827393e-02,1.966284215450286865e-01,3.210865706205368042e-02,6.150630488991737366e-02,8.809977024793624878e-02,5.211693793535232544e-02,3.934767469763755798e-02,2.978851087391376495e-02,1.054527536034584045e-01,1.054469496011734009e-01,1.598871499300003052e-01,1.007599458098411560e-01,-8.764325082302093506e-02,3.788889944553375244e-02,2.228252589702606201e-02,-1.424495130777359009e-02,9.532038867473602295e-02,1.783030182123184204e-01,1.706779748201370239e-01,-3.378618881106376648e-02,-5.827394500374794006e-02,5.158176273107528687e-02,9.999995231628417969e-01,5.879173278808593750e-01,3.415486812591552734e-01,1.550761759281158447e-01,8.645080029964447021e-02,2.468533366918563843e-01,5.471863597631454468e-02,2.705913484096527100e-01,3.113822937011718750e-01,2.113372087478637695e-01,3.014754056930541992e-01,1.960147321224212646e-01,1.293644607067108154e-01,1.694541871547698975e-01,8.010530471801757812e-02,1.394785940647125244e-01,-8.805478364229202271e-02,1.942802667617797852e-01,1.580903232097625732e-01,2.155231982469558716e-01,2.160044163465499878e-01
2.356395274400711060e-01,4.185793697834014893e-01,2.985963225364685059e-01,-8.310684561729431152e-02,2.047292292118072510e-01,-4.415664821863174438e-02,2.349931299686431885e-01,9.224372357130050659e-02,1.188593655824661255e-01,6.546403467655181885e-02,2.334679514169692993e-01,1.040330231189727783e-01,-4.784224927425384521e-02,3.176495432853698730e-01,1.369387060403823853e-01,9.461522847414016724e-02,1.005457937717437744e-01,-1.232782006263732910e-01,-4.158019274473190308e-02,-9.228442609310150146e-02,-5.633384734392166138e-02,4.988583549857139587e-02,2.969090640544891357e-02,1.295002549886703491e-01,-7.052555680274963379e-02,3.651738539338111877e-02,1.101838424801826477e-01,5.879173278808593750e-01,1.000000357627868652e+00,4.893536567687988281e-01,1.792878210544586182e-01,1.340491324663162231e-01,1.691537797451019287e-01,2.210835516452789307e-01,2.665692865848541260e-01,2.216117084026336670e-01,2.830774784088134766e-01,3.363627791404724121e-01,1.056333556771278381e-01,6.210883148014545441e-04,1.028406247496604919e-01,1.691711246967315674e-01,1.382099837064743042e-01,5.533901043236255646e-03,2.789702713489532471e-01,1.666374355554580688e-01,1.201757341623306274e-01,1.370033919811248779e-01
2.857428193092346191e-01,2.629434466361999512e-01,2.448878735303878784e-01,-8.526941388845443726e-02,5.088157579302787781e-02,-7.940184324979782104e-02,2.980940937995910645e-01,2.077109366655349731e-01,4.254607856273651123e-01,1.534920781850814819e-01,4.043635129928588867e-01,1.534901410341262817e-01,-5.036196857690811157e-02,3.111647665500640869e-01,5.092054978013038635e-02,2.276036590337753296e-01,4.484719634056091309e-01,-1.519874576479196548e-02,4.330897331237792969e-02,-7.611499726772308350e-02,-6.398238986730575562e-02,-4.458547011017799377e-02,1.317620575428009033e-01,7.240647822618484497e-02,-2.206981554627418518e-02,5.487286299467086792e-02,2.467568032443523407e-02,3.415486812591552734e-01,4.893536567687988281e-01,1.000000357627868652e+00,1.716933250427246094e-01,-9.179414063692092896e-02,8.336687460541725159e-03,1.507386416196823120e-01,2.690258920192718506e-01,2.886600196361541748e-01,2.570778131484985352e-01,2.474908232688903809e-01,1.834226548671722412e-01,1.645520776510238647e-01,8.191495388746261597e-02,2.638626098632812500e-01,1.521555483341217041e-01,1.518454998731613159e-01,2.121931910514831543e-01,2.446263581514358521e-01,4.013472236692905426e-03,1.373701542615890503e-01
6.443890184164047241e-02,2.133176624774932861e-01,3.179335296154022217e-01,3.310451209545135498e-01,2.389382719993591309e-01,3.041498064994812012e-01,4.513471424579620361e-01,1.857430487871170044e-01,7.691384758800268173e-03,4.607493877410888672e-01,-1.572158746421337128e-02,4.674096703529357910e-01,4.762435555458068848e-01,3.958458080887794495e-02,3.230111896991729736e-01,1.199060082435607910e-01,1.952585130929946899e-01,4.575905501842498779e-01,2.643194198608398438e-01,4.176377952098846436e-01,4.580770432949066162e-01,4.979576766490936279e-01,5.149207636713981628e-02,4.259047210216522217e-01,-8.765432238578796387e-02,3.632950484752655029e-01,5.186512321233749390e-02,1.550761759281158447e-01,1.792878210544586182e-01,1.716933250427246094e-01,1.000000357627868652e+00,4.966519176959991455e-01,2.715220153331756592e-01,-7.789304107427597046e-02,1.821174174547195435e-01,3.243474066257476807e-01,7.341948896646499634e-02,4.758748412132263184e-02,1.971565485000610352e-01,3.056677579879760742e-01,3.441707193851470947e-01,-1.161723490804433823e-02,5.196093320846557617e-01,1.277567595243453979e-01,2.636813223361968994e-01,4.858189821243286133e-01,3.003452420234680176e-01,-2.576423436403274536e-02
1.329180598258972168e-01,9.916120022535324097e-02,-2.560729533433914185e-02,1.171286404132843018e-01,3.160753548145294189e-01,2.061972469091415405e-01,1.765727251768112183e-01,9.409480541944503784e-02,-1.486024856567382812e-01,1.673708856105804443e-01,-8.398336172103881836e-02,2.744584679603576660e-01,4.568997025489807129e-01,-8.646562695503234863e-02,3.429667949676513672e-01,1.144438609480857849e-01,2.091422211378812790e-03,3.740562498569488525e-01,2.793804109096527100e-01,3.641465306282043457e-01,3.258174657821655273e-01,5.072336792945861816e-01,1.121354699134826660e-01,5.209433436393737793e-01,-1.599891781806945801e-01,1.030875965952873230e-01,4.100313410162925720e-02,8.645080029964447021e-02,1.340491324663162231e-01,-9.179414063692092896e-02,4.966519176959991455e-01,9.999999403953552246e-01,2.976875007152557373e-01,-8.785907924175262451e-02,2.836913466453552246e-01,2.957426011562347412e-01,-7.877976633608341217e-03,6.827939301729202271e-02,2.213314026594161987e-01,2.000977247953414917e-01,2.403811514377593994e-01,-1.426096856594085693e-01,2.583419680595397949e-01,6.916086655110120773e-03,1.117582172155380249e-01,2.263469249010086060e-01,5.092462301254272461e-01,9.992041438817977905e-02
1.328890174627304077e-01,4.350668191909790039e-01,1.168746426701545715e-01,8.236283063888549805e-02,1.869169473648071289e-01,3.055508732795715332e-01,2.822379767894744873e-01,9.539317339658737183e-02,4.011149704456329346e-02,1.361038684844970703e-01,9.724445641040802002e-02,1.754081249237060547e-01,2.270848155021667480e-01,1.392312049865722656e-01,4.898408800363540649e-02,-7.442909292876720428e-03,2.381700277328491211e-01,3.466553390026092529e-01,2.482642233371734619e-01,2.569355964660644531e-01,1.986485421657562256e-01,2.315014004707336426e-01,1.539386659860610962e-01,2.417097687721252441e-01,-8.160374313592910767e-02,-3.792368993163108826e-02,4.703881740570068359e-01,2.468533366918563843e-01,1.691537797451019287e-01,8.336687460541725159e-03,2.715220153331756592e-01,2.976875007152557373e-01,1.000000476837158203e+00,6.987743824720382690e-02,4.846753552556037903e-02,6.679590791463851929e-02,2.333514541387557983e-01,8.036527037620544434e-02,1.028736829757690430e-01,1.080905199050903320e-01,4.173043668270111084e-01,6.261365115642547607e-02,1.588414907455444336e-01,-1.890159957110881805e-02,7.012180984020233154e-02,1.306179165840148926e-01,5.552723258733749390e-02,1.546326577663421631e-01
