9.999998211860656738e-01,4.335155487060546875e-01,2.262946665287017822e-01,2.489970475435256958e-01,4.868936538696289062e-01,4.806701838970184326e-01,1.330379396677017212e-01,4.235928952693939209e-01,2.097915112972259521e-02,1.416728645563125610e-01,2.872204184532165527e-01,1.833250671625137329e-01,-5.906375497579574585e-02,4.301748275756835938e-01,1.205529645085334778e-01,6.760398298501968384e-02,2.242612838745117188e-01,3.140870630741119385e-01,9.243733435869216919e-02,5.193237215280532837e-02,8.747570961713790894e-02,2.682507336139678955e-01,-3.392407670617103577e-02,9.562661498785018921e-02,1.801221668720245361e-01,1.775154024362564087e-01,2.025755047798156738e-01,5.488107800483703613e-01,3.109485208988189697e-01,2.577598020434379578e-02,7.234182953834533691e-02,1.545550674200057983e-01,5.567052364349365234e-01,3.549253642559051514e-01,1.446720957756042480e-02,-1.388957202434539795e-01,3.747876882553100586e-01,-5.597467347979545593e-02,-1.052557080984115601e-01,-5.711278319358825684e-02,5.286796689033508301e-01,2.661131620407104492e-01,3.640286624431610107e-02,1.557431817054748535e-01,1.601230204105377197e-01,1.230192556977272034e-01,1.967101991176605225e-01,1.586444526910781860e-01
4.335155487060546875e-01,9.999998211860656738e-01,1.136648431420326233e-01,6.620351690798997879e-03,2.040772885084152222e-01,2.985148429870605469e-01,9.130928665399551392e-02,5.283075571060180664e-01,3.476806581020355225e-01,2.657573521137237549e-01,5.551159977912902832e-01,3.651822209358215332e-01,8.833875879645347595e-03,5.665253400802612305e-01,4.070730507373809814e-01,9.726811200380325317e-02,1.304166018962860107e-01,2.477498352527618408e-01,1.267252862453460693e-01,7.013200968503952026e-02,1.933183707296848297e-02,1.464759111404418945e-01,-1.035653203725814819e-01,2.069462537765502930e-01,1.376242637634277344e-01,1.589748859405517578e-01,4.162573516368865967e-01,5.623018741607666016e-01,5.366328954696655273e-01,2.775633931159973145e-01,3.503370285034179688e-01,2.355172187089920044e-01,3.988776206970214844e-01,5.889427065849304199e-01,2.666324973106384277e-01,-4.443870484828948975e-02,5.189026594161987305e-01,2.046357691287994385e-01,1.058529131114482880e-02,-2.418589778244495392e-02,5.005943775177001953e-01,5.545110106468200684e-01,2.261212170124053955e-01,5.751062631607055664e-01,4.628580510616302490e-01,3.061035871505737305e-01,3.143665194511413574e-01,6.554567813873291016e-02
2.262946665287017822e-01,1.136648431420326233e-01,1.000000119209289551e+00,6.514529585838317871e-01,-2.638035081326961517e-02,2.543784677982330322e-01,4.127254486083984375e-01,1.803875528275966644e-02,-6.316344439983367920e-02,2.686047852039337158e-01,7.155239582061767578e-02,2.789269089698791504e-01,1.383417993783950806e-01,2.784334495663642883e-02,1.683829426765441895e-01,2.051889151334762573e-01,3.177630603313446045e-01,1.724716424942016602e-01,3.045370280742645264e-01,1.136734262108802795e-01,2.060812562704086304e-01,2.053601741790771484e-01,1.231139525771141052e-01,1.401105076074600220e-01,6.066270917654037476e-02,5.515711307525634766e-01,4.951512441039085388e-02,3.973420560359954834e-01,2.239960432052612305e-01,1.505639255046844482e-01,1.333923786878585815e-01,5.709373950958251953e-02,-3.866476565599441528e-02,1.052085608243942261e-01,7.089120149612426758e-02,2.601660788059234619e-01,1.394143141806125641e-02,1.559360176324844360e-01,1.772456914186477661e-01,2.763277590274810791e-01,1.255476474761962891e-01,1.980463862419128418e-01,1.985418200492858887e-01,-8.507325546815991402e-04,2.000491321086883545e-01,2.648445963859558105e-01,7.826378196477890015e-02,8.787080645561218262e-02
2.489970475435256958e-01,6.620351690798997879e-03,6.514529585838317871e-01,9.999997615814208984e-01,1.338959187269210815e-01,4.515041112899780273e-01,4.878599047660827637e-01,-7.865078747272491455e-02,-6.663372367620468140e-02,3.179820775985717773e-01,3.860299475491046906e-03,3.460983932018280029e-01,1.559187620878219604e-01,-1.560947764664888382e-02,1.814696341753005981e-01,2.337974905967712402e-01,3.511351048946380615e-01,2.396130263805389404e-01,2.957542836666107178e-01,1.052312627434730530e-01,1.699635684490203857e-01,2.141443490982055664e-01,9.219070523977279663e-02,5.662366375327110291e-02,-3.958850726485252380e-02,5.659325718879699707e-01,1.554537117481231689e-01,3.645485043525695801e-01,2.774577736854553223e-01,1.474834084510803223e-01,1.150621175765991211e-01,6.009820103645324707e-02,1.017396687529981136e-03,9.089030325412750244e-02,5.244864150881767273e-02,2.422129064798355103e-01,9.162770956754684448e-02,1.340716481208801270e-01,1.669088751077651978e-01,2.834436297416687012e-01,1.796441078186035156e-01,1.677608639001846313e-01,2.421535253524780273e-01,5.524809472262859344e-03,1.758271157741546631e-01,3.195767998695373535e-01,7.915952056646347046e-02,7.151886820793151855e-02
4.868936538696289062e-01,2.040772885084152222e-01,-2.638035081326961517e-02,1.338959187269210815e-01,9.999997019767761230e-01,4.465541541576385498e-01,-1.135902926325798035e-01,1.577776819467544556e-01,-1.791783422231674194e-02,-1.649651527404785156e-01,1.015393137931823730e-01,-9.997173398733139038e-02,-1.453689932823181152e-01,2.344858646392822266e-01,5.014223232865333557e-02,-1.565795540809631348e-01,-1.599479317665100098e-01,2.873487025499343872e-02,-1.929658800363540649e-01,-1.757654249668121338e-01,-1.850136816501617432e-01,-9.020011872053146362e-02,-3.511717617511749268e-01,-8.420720696449279785e-02,1.714859902858734131e-01,5.734524130821228027e-02,9.161790460348129272e-02,2.892578542232513428e-01,2.073565274477005005e-01,-1.709612309932708740e-01,-1.422922015190124512e-01,4.888919740915298462e-02,4.455012977123260498e-01,1.851425617933273315e-01,-9.890237450599670410e-02,-3.300404846668243408e-01,2.194075733423233032e-01,-2.849529124796390533e-02,-2.211437970399856567e-01,-2.947017848491668701e-01,3.997861742973327637e-01,-6.118011474609375000e-02,-1.531900316476821899e-01,5.406084656715393066e-02,-1.496874541044235229e-01,-1.518417000770568848e-01,4.706375300884246826e-02,-2.656504213809967041e-01
4.806701838970184326e-01,2.985148429870605469e-01,2.543784677982330322e-01,4.515041112899780273e-01,4.465541541576385498e-01,1.000000476837158203e+00,3.595658242702484131e-01,3.051244020462036133e-01,1.226912736892700195e-01,-2.845465391874313354e-02,2.803176045417785645e-01,1.510299090296030045e-02,-6.805686652660369873e-02,2.705128192901611328e-01,-5.882923491299152374e-03,-2.082418836653232574e-02,2.181168496608734131e-01,4.022165834903717041e-01,-2.121516875922679901e-02,1.068609133362770081e-01,1.350574493408203125e-01,2.344638109207153320e-01,-5.761237815022468567e-02,6.693623960018157959e-02,-5.119008943438529968e-02,4.378886520862579346e-01,1.437392085790634155e-01,4.334104955196380615e-01,2.717333436012268066e-01,-7.829631865024566650e-02,1.837691664695739746e-02,4.509584605693817139e-02,3.444079756736755371e-01,2.479004114866256714e-01,-4.427797719836235046e-02,-6.681220978498458862e-02,2.551324367523193359e-01,-7.556933909654617310e-02,-5.441547930240631104e-02,1.614879257977008820e-02,5.256479382514953613e-01,-1.616352796554565430e-02,1.755524799227714539e-02,9.367252886295318604e-02,8.030860335566103458e-04,2.965984307229518890e-02,9.263519942760467529e-02,5.112372338771820068e-02
1.330379396677017212e-01,9.130928665399551392e-02,4.127254486083984375e-01,4.878599047660827637e-01,-1.135902926325798035e-01,3.595658242702484131e-01,9.999997615814208984e-01,1.485075205564498901e-01,4.467527195811271667e-02,3.125483095645904541e-01,1.827278137207031250e-01,3.203572034835815430e-01,2.784469127655029297e-01,5.404546856880187988e-02,8.507123589515686035e-02,1.755174100399017334e-01,7.737209200859069824e-01,5.648402571678161621e-01,4.566848278045654297e-01,4.770440757274627686e-01,4.840086996555328369e-01,3.765815496444702148e-01,3.908885717391967773e-01,3.123171031475067139e-01,-1.634478271007537842e-01,5.467221736907958984e-01,1.034060195088386536e-01,2.241124957799911499e-01,2.562776207923889160e-01,4.069885015487670898e-01,3.547316789627075195e-01,1.112463846802711487e-01,-1.069738864898681641e-01,7.715702801942825317e-02,1.141261588782072067e-02,3.699615299701690674e-01,8.689537644386291504e-02,-1.763315312564373016e-02,2.088442742824554443e-01,4.356898665428161621e-01,1.214135661721229553e-01,2.100199759006500244e-01,3.805884122848510742e-01,4.686420783400535583e-02,3.590476214885711670e-01,3.930877745151519775e-01,1.694395691156387329e-01,3.182073831558227539e-01
4.235928952693939209e-01,5.283075571060180664e-01,1.803875528275966644e-02,-7.865078747272491455e-02,1.577776819467544556e-01,3.051244020462036133e-01,1.485075205564498901e-01,9.999997019767761230e-01,4.299710988998413086e-01,8.661245554685592651e-02,6.925300359725952148e-01,5.725747719407081604e-02,5.912215635180473328e-02,5.584868192672729492e-01,2.132990360260009766e-01,1.133416369557380676e-01,2.181194573640823364e-01,2.895393073558807373e-01,1.447143256664276123e-01,1.757599860429763794e-01,1.671804934740066528e-01,2.542920410633087158e-01,-1.514509879052639008e-02,2.284893095493316650e-01,7.007384300231933594e-02,1.713743060827255249e-01,2.242949604988098145e-01,3.894204795360565186e-01,3.224586844444274902e-01,3.121733963489532471e-01,3.572277128696441650e-01,2.629116475582122803e-01,2.611449658870697021e-01,4.997920691967010498e-01,3.001866936683654785e-01,4.452057927846908569e-02,3.648857772350311279e-01,-3.857046365737915039e-02,-8.514243364334106445e-02,-2.870464324951171875e-02,3.472912013530731201e-01,3.835997879505157471e-01,1.385680735111236572e-01,4.205803275108337402e-01,3.098402917385101318e-01,1.835245639085769653e-01,2.739852070808410645e-01,1.181690469384193420e-01
2.097915112972259521e-02,3.476806581020355225e-01,-6.316344439983367920e-02,-6.663372367620468140e-02,-1.791783422231674194e-02,1.226912736892700195e-01,4.467527195811271667e-02,4.299710988998413086e-01,9.999997019767761230e-01,2.186583541333675385e-02,5.285944342613220215e-01,5.550478585064411163e-03,3.344706073403358459e-02,2.396198064088821411e-01,2.593487799167633057e-01,1.341506540775299072e-01,3.962100297212600708e-02,7.147426158189773560e-02,7.402457296848297119e-02,1.428662687540054321e-01,2.041162177920341492e-02,-3.585793077945709229e-02,7.748950272798538208e-02,1.555641144514083862e-01,6.348552554845809937e-02,-3.318543732166290283e-02,1.605731248855590820e-01,1.119458377361297607e-01,1.584614664316177368e-01,2.252309620380401611e-01,2.629690766334533691e-01,1.615723222494125366e-01,-1.976273767650127411e-02,3.399257361888885498e-01,2.581870555877685547e-01,2.106842845678329468e-01,1.240550652146339417e-01,2.181675285100936890e-01,1.070056632161140442e-01,1.159651204943656921e-01,3.196860477328300476e-02,2.719267904758453369e-01,1.055389717221260071e-01,5.337774753570556641e-01,2.073518484830856323e-01,1.261194944381713867e-01,2.281773835420608521e-01,4.187098145484924316e-02
1.416728645563125610e-01,2.657573521137237549e-01,2.686047852039337158e-01,3.179820775985717773e-01,-1.649651527404785156e-01,-2.845465391874313354e-02,3.125483095645904541e-01,8.661245554685592651e-02,2.186583541333675385e-02,9.999995231628417969e-01,5.060841143131256104e-02,7.676194906234741211e-01,6.590576171875000000e-01,1.023601368069648743e-01,5.585816502571105957e-01,6.123763322830200195e-01,3.852393031120300293e-01,2.642607986927032471e-01,6.460351943969726562e-01,4.880954623222351074e-01,4.219566285610198975e-01,1.932317614555358887e-01,3.569330871105194092e-01,3.006768524646759033e-01,1.072727423161268234e-02,1.987323462963104248e-01,2.943216264247894287e-01,3.586737513542175293e-01,3.602023422718048096e-01,4.532226324081420898e-01,4.372655153274536133e-01,2.309388965368270874e-01,-5.242772027850151062e-02,1.821887344121932983e-01,3.105496466159820557e-01,4.086493253707885742e-01,1.716816574335098267e-01,3.471589088439941406e-01,5.240463018417358398e-01,4.814291000366210938e-01,1.277738660573959351e-01,5.490058064460754395e-01,6.470068693161010742e-01,2.596812844276428223e-01,6.220148801803588867e-01,7.671061158180236816e-01,2.090351283550262451e-01,7.641356438398361206e-02
2.872204184532165527e-01,5.551159977912902832e-01,7.155239582061767578e-02,3.860299475491046906e-03,1.015393137931823730e-01,2.803176045417785645e-01,1.827278137207031250e-01,6.925300359725952148e-01,5.285944342613220215e-01,5.060841143131256104e-02,1.000000238418579102e+00,1.787655055522918701e-01,-1.226247847080230713e-01,6.373268961906433105e-01,3.071067929267883301e-01,1.682407967746257782e-02,1.819784939289093018e-01,1.822993010282516479e-01,2.466609515249729156e-02,-4.633035138249397278e-02,1.328909862786531448e-02,1.807534098625183105e-01,-8.386825770139694214e-02,6.464423239231109619e-02,4.417181760072708130e-02,1.267093569040298462e-01,2.340335845947265625e-01,3.298833370208740234e-01,3.698226213455200195e-01,2.963185906410217285e-01,2.437079250812530518e-01,1.071134135127067566e-01,1.550990939140319824e-01,5.325796008110046387e-01,3.000094592571258545e-01,-2.007637917995452881e-02,4.069611430168151855e-01,9.430719912052154541e-02,-2.076615393161773682e-01,-8.365214616060256958e-02,2.628794312477111816e-01,4.348494112491607666e-01,5.507311597466468811e-02,4.824700057506561279e-01,2.950892746448516846e-01,1.212112307548522949e-01,1.693727970123291016e-01,1.612210720777511597e-01
1.833250671625137329e-01,3.651822209358215332e-01,2.789269089698791504e-01,3.460983932018280029e-01,-9.997173398733139038e-02,1.510299090296030045e-02,3.203572034835815430e-01,5.725747719407081604e-02,5.550478585064411163e-03,7.676194906234741211e-01,1.787655055522918701e-01,1.000000119209289551e+00,3.951247036457061768e-01,3.079040348529815674e-01,6.629310846328735352e-01,4.623458981513977051e-01,3.150738477706909180e-01,2.029330283403396606e-01,4.288133680820465088e-01,2.328237891197204590e-01,2.120950818061828613e-01,1.314662098884582520e-01,2.023350596427917480e-01,2.192806452512741089e-01,2.760329470038414001e-02,1.717789173126220703e-01,3.733417391777038574e-01,4.041529893875122070e-01,4.644574522972106934e-01,5.051386356353759766e-01,4.209071993827819824e-01,1.772420257329940796e-01,1.750407554209232330e-02,2.908276021480560303e-01,3.194942176342010498e-01,3.127593398094177246e-01,2.963112890720367432e-01,4.252210557460784912e-01,3.488648235797882080e-01,3.381020426750183105e-01,1.898861378431320190e-01,5.896505117416381836e-01,4.568519890308380127e-01,3.073794245719909668e-01,5.504477024078369141e-01,5.885946750640869141e-01,1.899495273828506470e-01,4.779840260744094849e-02
-5.906375497579574585e-02,8.833875879645347595e-03,1.383417993783950806e-01,1.559187620878219604e-01,-1.453689932823181152e-01,-6.805686652660369873e-02,2.784469127655029297e-01,5.912215635180473328e-02,3.344706073403358459e-02,6.590576171875000000e-01,-1.226247847080230713e-01,3.951247036457061768e-01,9.999995231628417969e-01,-1.705550551414489746e-01,3.044238984584808350e-01,6.326040625572204590e-01,2.787620723247528076e-01,2.289528250694274902e-01,6.335977315902709961e-01,6.142407655715942383e-01,5.832254290580749512e-01,2.089823633432388306e-01,4.778126180171966553e-01,4.344744682312011719e-01,-4.434719681739807129e-02,1.612043678760528564e-01,7.023740559816360474e-02,1.379087716341018677e-01,1.385005861520767212e-01,3.719789683818817139e-01,4.292102754116058350e-01,3.294888436794281006e-01,-2.197596579790115356e-01,-9.467163681983947754e-02,2.180226743221282959e-01,5.237063169479370117e-01,-1.355346590280532837e-01,1.682606637477874756e-01,6.222763657569885254e-01,5.784443020820617676e-01,-6.018218770623207092e-02,2.870254218578338623e-01,6.523922681808471680e-01,1.390376687049865723e-01,3.997896313667297363e-01,6.462714672088623047e-01,2.790239751338958740e-01,3.332277014851570129e-02
4.301748275756835938e-01,5.665253400802612305e-01,2.784334495663642883e-02,-1.560947764664888382e-02,2.344858646392822266e-01,2.705128192901611328e-01,5.404546856880187988e-02,5.584868192672729492e-01,2.396198064088821411e-01,1.023601368069648743e-01,6.373268961906433105e-01,3.079040348529815674e-01,-1.705550551414489746e-01,1.000000119209289551e+00,4.093267917633056641e-01,1.089598797261714935e-02,1.219059601426124573e-01,1.789620965719223022e-01,-1.555212866514921188e-02,-1.196470856666564941e-01,-3.334267437458038330e-02,1.716780811548233032e-01,-1.538360118865966797e-01,-1.675446890294551849e-02,5.979745835065841675e-02,5.867522582411766052e-02,3.460649549961090088e-01,4.250049591064453125e-01,4.254460930824279785e-01,2.709748446941375732e-01,1.537468731403350830e-01,6.619370728731155396e-02,4.162276387214660645e-01,5.264393091201782227e-01,2.793624103069305420e-01,-1.509851813316345215e-01,6.670513749122619629e-01,6.667963415384292603e-02,-2.139098644256591797e-01,-2.063721120357513428e-01,4.691444635391235352e-01,4.216140210628509521e-01,-6.757032871246337891e-02,3.591033220291137695e-01,2.593875527381896973e-01,-7.778637576848268509e-03,6.116396933794021606e-02,1.047431826591491699e-01
1.205529645085334778e-01,4.070730507373809814e-01,1.683829426765441895e-01,1.814696341753005981e-01,5.014223232865333557e-02,-5.882923491299152374e-03,8.507123589515686035e-02,2.132990360260009766e-01,2.593487799167633057e-01,5.585816502571105957e-01,3.071067929267883301e-01,6.629310846328735352e-01,3.044238984584808350e-01,4.093267917633056641e-01,9.999997019767761230e-01,5.108440518379211426e-01,2.360505051910877228e-02,-5.040662363171577454e-02,3.019160628318786621e-01,8.235286176204681396e-02,-4.542363807559013367e-02,-1.242246404290199280e-01,-6.149626278784126043e-05,1.255315393209457397e-01,5.352269858121871948e-02,7.872198522090911865e-02,3.242346644401550293e-01,3.855409920215606689e-01,4.553180634975433350e-01,4.590312242507934570e-01,3.122218549251556396e-01,1.748771071434020996e-01,-8.508387953042984009e-03,3.195693492889404297e-01,5.272928476333618164e-01,3.069274127483367920e-01,2.955389022827148438e-01,5.416078567504882812e-01,3.097023665904998779e-01,2.266182452440261841e-01,1.009724885225296021e-01,5.890315175056457520e-01,2.758032977581024170e-01,4.663287997245788574e-01,4.885714352130889893e-01,4.216620326042175293e-01,1.151439994573593140e-01,-1.398343741893768311e-01
6.760398298501968384e-02,9.726811200380325317e-02,2.051889151334762573e-01,2.337974905967712402e-01,-1.565795540809631348e-01,-2.082418836653232574e-02,1.755174100399017334e-01,1.133416369557380676e-01,1.341506540775299072e-01,6.123763322830200195e-01,1.682407967746257782e-02,4.623458981513977051e-01,6.326040625572204590e-01,1.089598797261714935e-02,5.108440518379211426e-01,9.999995231628417969e-01,2.111287415027618408e-01,9.542707353830337524e-02,5.549662709236145020e-01,3.578228354454040527e-01,2.714067697525024414e-01,1.210960149765014648e-01,4.222363829612731934e-01,3.280026018619537354e-01,-5.537341162562370300e-02,1.147951930761337280e-01,1.066934540867805481e-01,2.053693830966949463e-01,2.271669805049896240e-01,3.058269917964935303e-01,3.832949399948120117e-01,2.817995548248291016e-01,-1.930190175771713257e-01,5.771875753998756409e-02,3.581787645816802979e-01,5.634739995002746582e-01,-2.371479757130146027e-02,3.718272745609283447e-01,6.216766238212585449e-01,5.400364398956298828e-01,-3.217720659449696541e-03,4.184520840644836426e-01,5.165578126907348633e-01,1.865472644567489624e-01,5.096001029014587402e-01,5.712134242057800293e-01,2.350914180278778076e-01,1.273669451475143433e-01
2.242612838745117188e-01,1.304166018962860107e-01,3.177630603313446045e-01,3.511351048946380615e-01,-1.599479317665100098e-01,2.181168496608734131e-01,7.737209200859069824e-01,2.181194573640823364e-01,3.962100297212600708e-02,3.852393031120300293e-01,1.819784939289093018e-01,3.150738477706909180e-01,2.787620723247528076e-01,1.219059601426124573e-01,2.360505051910877228e-02,2.111287415027618408e-01,9.999999403953552246e-01,6.698732376098632812e-01,6.249794363975524902e-01,5.835560560226440430e-01,5.860911011695861816e-01,5.304359197616577148e-01,5.710147619247436523e-01,3.474058508872985840e-01,-1.115380227565765381e-01,4.643780887126922607e-01,1.691994518041610718e-01,1.922059953212738037e-01,2.000648230314254761e-01,3.612596690654754639e-01,3.986450433731079102e-01,1.571266651153564453e-01,-3.014792874455451965e-02,1.305041760206222534e-01,-2.228231541812419891e-02,2.745328545570373535e-01,1.411075145006179810e-01,-8.260702341794967651e-02,1.649708002805709839e-01,4.552937746047973633e-01,2.131493687629699707e-01,2.565881013870239258e-01,4.013121128082275391e-01,5.008403211832046509e-03,4.395977556705474854e-01,4.463557302951812744e-01,2.517884373664855957e-01,5.292177796363830566e-01
3.140870630741119385e-01,2.477498352527618408e-01,1.724716424942016602e-01,2.396130263805389404e-01,2.873487025499343872e-02,4.022165834903717041e-01,5.648402571678161621e-01,2.895393073558807373e-01,7.147426158189773560e-02,2.642607986927032471e-01,1.822993010282516479e-01,2.029330283403396606e-01,2.289528250694274902e-01,1.789620965719223022e-01,-5.040662363171577454e-02,9.542707353830337524e-02,6.698732376098632812e-01,9.999997615814208984e-01,4.480493664741516113e-01,6.031788587570190430e-01,6.200138926506042480e-01,6.804728507995605469e-01,3.765652179718017578e-01,4.357775449752807617e-01,-8.761148154735565186e-02,3.567222952842712402e-01,2.304429262876510620e-01,2.246572077274322510e-01,1.603178381919860840e-01,2.131900936365127563e-01,4.965934157371520996e-01,3.220532536506652832e-01,1.839128285646438599e-01,1.663963049650192261e-01,-7.978284358978271484e-02,1.093573942780494690e-01,2.511180639266967773e-01,-1.536735743284225464e-01,7.474812865257263184e-02,2.920198142528533936e-01,3.671747744083404541e-01,1.861997395753860474e-01,4.080458283424377441e-01,1.103655025362968445e-01,3.231105208396911621e-01,3.678407669067382812e-01,3.510448336601257324e-01,4.267609119415283203e-01
9.243733435869216919e-02,1.267252862453460693e-01,3.045370280742645264e-01,2.957542836666107178e-01,-1.929658800363540649e-01,-2.121516875922679901e-02,4.566848278045654297e-01,1.447143256664276123e-01,7.402457296848297119e-02,6.460351943969726562e-01,2.466609515249729156e-02,4.288133680820465088e-01,6.335977315902709961e-01,-1.555212866514921188e-02,3.019160628318786621e-01,5.549662709236145020e-01,6.249794363975524902e-01,4.480493664741516113e-01,1.000000596046447754e+00,7.096217870712280273e-01,5.763573050498962402e-01,3.901155292987823486e-01,5.789524912834167480e-01,4.677018523216247559e-01,-2.080401591956615448e-02,3.094628751277923584e-01,2.301864624023437500e-01,1.840274780988693237e-01,2.192366570234298706e-01,4.687221944332122803e-01,5.317699313163757324e-01,3.110767304897308350e-01,-1.434759050607681274e-01,1.042541936039924622e-01,1.823606789112091064e-01,4.887983798980712891e-01,3.371005132794380188e-02,1.130252629518508911e-01,4.637948274612426758e-01,6.292976140975952148e-01,7.443992793560028076e-02,3.439212739467620850e-01,6.519934535026550293e-01,1.502618938684463501e-01,5.183750391006469727e-01,6.602017879486083984e-01,3.078296780586242676e-01,3.185318112373352051e-01
5.193237215280532837e-02,7.013200968503952026e-02,1.136734262108802795e-01,1.052312627434730530e-01,-1.757654249668121338e-01,1.068609133362770081e-01,4.770440757274627686e-01,1.757599860429763794e-01,1.428662687540054321e-01,4.880954623222351074e-01,-4.633035138249397278e-02,2.328237891197204590e-01,6.142407655715942383e-01,-1.196470856666564941e-01,8.235286176204681396e-02,3.578228354454040527e-01,5.835560560226440430e-01,6.031788587570190430e-01,7.096217870712280273e-01,9.999999403953552246e-01,7.339648604393005371e-01,3.761852383613586426e-01,5.927530527114868164e-01,5.231242179870605469e-01,-4.773326218128204346e-02,2.128656506538391113e-01,1.630164235830307007e-01,6.853975355625152588e-02,6.448559463024139404e-02,3.564163446426391602e-01,4.991599023342132568e-01,2.959155142307281494e-01,-8.494143187999725342e-02,6.177415605634450912e-03,9.311836957931518555e-02,4.633722603321075439e-01,-4.347996413707733154e-02,5.532258376479148865e-02,4.863843321800231934e-01,5.916001796722412109e-01,9.368307143449783325e-02,1.253740489482879639e-01,5.733296275138854980e-01,1.209890097379684448e-01,3.560204505920410156e-01,5.540447235107421875e-01,3.521633446216583252e-01,2.579486370086669922e-01
8.747570961713790894e-02,1.933183707296848297e-02,2.060812562704086304e-01,1.699635684490203857e-01,-1.850136816501617432e-01,1.350574493408203125e-01,4.840086996555328369e-01,1.671804934740066528e-01,2.041162177920341492e-02,4.219566285610198975e-01,1.328909862786531448e-02,2.120950818061828613e-01,5.832254290580749512e-01,-3.334267437458038330e-02,-4.542363807559013367e-02,2.714067697525024414e-01,5.860911011695861816e-01,6.200138926506042480e-01,5.763573050498962402e-01,7.339648604393005371e-01,9.999995231628417969e-01,6.016523241996765137e-01,6.176472306251525879e-01,4.884711503982543945e-01,-9.259711951017379761e-02,2.335739135742187500e-01,-6.361556705087423325e-03,6.915549933910369873e-02,5.954507738351821899e-03,2.277462333440780640e-01,4.292241036891937256e-01,2.890875637531280518e-01,-1.168018803000450134e-01,-3.253009542822837830e-02,-3.682979196310043335e-02,3.654305338859558105e-01,-3.430607914924621582e-02,-1.029056310653686523e-01,3.305258154869079590e-01,5.281291604042053223e-01,5.395336821675300598e-02,1.405843347311019897e-01,4.776250123977661133e-01,4.473780095577239990e-02,2.810999453067779541e-01,4.226188957691192627e-01,3.126232922077178955e-01,4.067195057868957520e-01
2.682507336139678955e-01,1.464759111404418945e-01,2.053601741790771484e-01,2.141443490982055664e-01,-9.020011872053146362e-02,2.344638109207153320e-01,3.765815496444702148e-01,2.542920410633087158e-01,-3.585793077945709229e-02,1.932317614555358887e-01,1.807534098625183105e-01,1.314662098884582520e-01,2.089823633432388306e-01,1.716780811548233032e-01,-1.242246404290199280e-01,1.210960149765014648e-01,5.304359197616577148e-01,6.804728507995605469e-01,3.901155292987823486e-01,3.761852383613586426e-01,6.016523241996765137e-01,1.000000357627868652e+00,4.257384538650512695e-01,3.433553874492645264e-01,-9.819441288709640503e-02,2.849419116973876953e-01,1.277656406164169312e-01,1.701870858669281006e-01,6.689403206110000610e-02,1.391359716653823853e-01,3.807298243045806885e-01,4.010732173919677734e-01,1.080731377005577087e-01,1.024167910218238831e-01,-1.129881944507360458e-03,1.012495532631874084e-01,2.039822638034820557e-01,-2.363338619470596313e-01,-3.543476387858390808e-02,2.410059273242950439e-01,2.515113353729248047e-01,1.502182185649871826e-01,2.555477023124694824e-01,3.441974986344575882e-03,2.253504693508148193e-01,2.139445245265960693e-01,2.566646933555603027e-01,7.307095527648925781e-01
-3.392407670617103577e-02,-1.035653203725814819e-01,1.231139525771141052e-01,9.219070523977279663e-02,-3.511717617511749268e-01,-5.761237815022468567e-02,3.908885717391967773e-01,-1.514509879052639008e-02,7.748950272798538208e-02,3.569330871105194092e-01,-8.386825770139694214e-02,2.023350596427917480e-01,4.778126180171966553e-01,-1.538360118865966797e-01,-6.149626278784126043e-05,4.222363829612731934e-01,5.710147619247436523e-01,3.765652179718017578e-01,5.789524912834167480e-01,5.927530527114868164e-01,6.176472306251525879e-01,4.257384538650512695e-01,9.999997615814208984e-01,4.701569080352783203e-01,-9.477805346250534058e-02,1.412099897861480713e-01,-3.670756891369819641e-02,-6.648964434862136841e-02,-7.396424561738967896e-02,2.409574091434478760e-01,3.829069137573242188e-01,2.667987048625946045e-01,-2.365026473999023438e-01,-1.155185624957084656e-01,9.064127504825592041e-02,5.181151032447814941e-01,-1.722911298274993896e-01,-6.797061301767826080e-03,4.414897859096527100e-01,6.879720687866210938e-01,-9.705436974763870239e-02,1.168045327067375183e-01,3.815721869468688965e-01,-8.114233613014221191e-02,2.716300785541534424e-01,3.592301309108734131e-01,2.848999500274658203e-01,5.585732460021972656e-01
9.562661498785018921e-02,2.069462537765502930e-01,1.401105076074600220e-01,5.662366375327110291e-02,-8.420720696449279785e-02,6.693623960018157959e-02,3.123171031475067139e-01,2.284893095493316650e-01,1.555641144514083862e-01,3.006768524646759033e-01,6.464423239231109619e-02,2.192806452512741089e-01,4.344744682312011719e-01,-1.675446890294551849e-02,1.255315393209457397e-01,3.280026018619537354e-01,3.474058508872985840e-01,4.357775449752807617e-01,4.677018523216247559e-01,5.231242179870605469e-01,4.884711503982543945e-01,3.433553874492645264e-01,4.701569080352783203e-01,1.000000476837158203e+00,-1.345653235912322998e-01,1.672695428133010864e-01,1.451171189546585083e-01,2.120947390794754028e-01,2.497615367174148560e-01,3.830545842647552490e-01,6.499805450439453125e-01,5.120940804481506348e-01,-5.279588326811790466e-02,9.249254316091537476e-02,1.449990272521972656e-01,4.848361611366271973e-01,-1.691697351634502411e-02,4.394780471920967102e-02,4.678883850574493408e-01,5.136325359344482422e-01,1.079414337873458862e-01,2.350996136665344238e-01,4.693825840950012207e-01,1.848512142896652222e-01,2.933681309223175049e-01,4.257457852363586426e-01,6.028303503990173340e-01,1.926402747631072998e-01
1.801221668720245361e-01,1.376242637634277344e-01,6.066270917654037476e-02,-3.958850726485252380e-02,1.714859902858734131e-01,-5.119008943438529968e-02,-1.634478271007537842e-01,7.007384300231933594e-02,6.348552554845809937e-02,1.072727423161268234e-02,4.417181760072708130e-02,2.760329470038414001e-02,-4.434719681739807129e-02,5.979745835065841675e-02,5.352269858121871948e-02,-5.537341162562370300e-02,-1.115380227565765381e-01,-8.761148154735565186e-02,-2.080401591956615448e-02,-4.773326218128204346e-02,-9.259711951017379761e-02,-9.819441288709640503e-02,-9.477805346250534058e-02,-1.345653235912322998e-01,1.000000119209289551e+00,5.877991672605276108e-03,2.549483999609947205e-02,1.911881007254123688e-02,-1.376091241836547852e-01,-4.411989077925682068e-02,-3.221628069877624512e-02,-5.086688697338104248e-02,2.508391141891479492e-01,2.258887290954589844e-01,6.465453188866376877e-03,-1.554323881864547729e-01,7.281935960054397583e-02,1.273695826530456543e-01,-1.012712717056274414e-01,-1.713389605283737183e-01,-5.929934978485107422e-02,6.549146026372909546e-02,1.005928125232458115e-02,1.344700306653976440e-01,-4.490131884813308716e-02,9.148211218416690826e-03,2.072105370461940765e-02,-1.381020694971084595e-01
1.775154024362564087e-01,1.589748859405517578e-01,5.515711307525634766e-01,5.659325718879699707e-01,5.734524130821228027e-02,4.378886520862579346e-01,5.467221736907958984e-01,1.713743060827255249e-01,-3.318543732166290283e-02,1.987323462963104248e-01,1.267093569040298462e-01,1.717789173126220703e-01,1.612043678760528564e-01,5.867522582411766052e-02,7.872198522090911865e-02,1.147951930761337280e-01,4.643780887126922607e-01,3.567222952842712402e-01,3.094628751277923584e-01,2.128656506538391113e-01,2.335739135742187500e-01,2.849419116973876953e-01,1.412099897861480713e-01,1.672695428133010864e-01,5.877991672605276108e-03,1.000000119209289551e+00,1.590589433908462524e-01,4.003676474094390869e-01,2.909339964389801025e-01,2.405388504266738892e-01,2.750215828418731689e-01,2.106107622385025024e-01,9.615295380353927612e-02,1.435442268848419189e-01,6.631409376859664917e-02,2.699707746505737305e-01,6.995282322168350220e-02,-2.805759012699127197e-02,9.046135097742080688e-02,3.186545073986053467e-01,3.142690360546112061e-01,1.453471481800079346e-01,2.564366459846496582e-01,-2.161494269967079163e-02,2.258573025465011597e-01,2.777258455753326416e-01,1.580759137868881226e-01,1.575800329446792603e-01
2.025755047798156738e-01,4.162573516368865967e-01,4.951512441039085388e-02,1.554537117481231689e-01,9.161790460348129272e-02,1.437392085790634155e-01,1.034060195088386536e-01,2.242949604988098145e-01,1.605731248855590820e-01,2.943216264247894287e-01,2.340335845947265625e-01,3.733417391777038574e-01,7.023740559816360474e-02,3.460649549961090088e-01,3.242346644401550293e-01,1.066934540867805481e-01,1.691994518041610718e-01,2.304429262876510620e-01,2.301864624023437500e-01,1.630164235830307007e-01,-6.361556705087423325e-03,1.277656406164169312e-01,-3.670756891369819641e-02,1.451171189546585083e-01,2.549483999609947205e-02,1.590589433908462524e-01,1.000000238418579102e+00,2.695511579513549805e-01,3.973768055438995361e-01,3.059177696704864502e-01,3.220832049846649170e-01,1.902031600475311279e-01,3.470420837402343750e-01,4.400385022163391113e-01,2.444151043891906738e-01,3.279095888137817383e-02,5.311889648437500000e-01,1.427919864654541016e-01,7.091892510652542114e-02,5.200752243399620056e-02,3.481005430221557617e-01,2.702274322509765625e-01,2.639715969562530518e-01,2.780826687812805176e-01,2.957317829132080078e-01,2.886050641536712646e-01,1.979827880859375000e-01,1.813466846942901611e-02
5.488107800483703613e-01,5.623018741607666016e-01,3.973420560359954834e-01,3.645485043525695801e-01,2.892578542232513428e-01,4.334104955196380615e-01,2.241124957799911499e-01,3.894204795360565186e-01,1.119458377361297607e-01,3.586737513542175293e-01,3.298833370208740234e-01,4.041529893875122070e-01,1.379087716341018677e-01,4.250049591064453125e-01,3.855409920215606689e-01,2.053693830966949463e-01,1.922059953212738037e-01,2.246572077274322510e-01,1.840274780988693237e-01,6.853975355625152588e-02,6.915549933910369873e-02,1.701870858669281006e-01,-6.648964434862136841e-02,2.120947390794754028e-01,1.911881007254123688e-02,4.003676474094390869e-01,2.695511579513549805e-01,1.000000476837158203e+00,6.894210577011108398e-01,2.687506973743438721e-01,2.766935825347900391e-01,2.542088329792022705e-01,3.061107993125915527e-01,2.727580666542053223e-01,2.438220679759979248e-01,4.863392561674118042e-02,2.753802835941314697e-01,1.514715999364852905e-01,1.152800768613815308e-01,5.988862738013267517e-02,5.548443794250488281e-01,4.532349109649658203e-01,2.299720346927642822e-01,3.307291865348815918e-01,3.657324314117431641e-01,3.334023952484130859e-01,2.990249693393707275e-01,3.819219768047332764e-02
3.109485208988189697e-01,5.366328954696655273e-01,2.239960432052612305e-01,2.774577736854553223e-01,2.073565274477005005e-01,2.717333436012268066e-01,2.562776207923889160e-01,3.224586844444274902e-01,1.584614664316177368e-01,3.602023422718048096e-01,3.698226213455200195e-01,4.644574522972106934e-01,1.385005861520767212e-01,4.254460930824279785e-01,4.553180634975433350e-01,2.271669805049896240e-01,2.000648230314254761e-01,1.603178381919860840e-01,2.192366570234298706e-01,6.448559463024139404e-02,5.954507738351821899e-03,6.689403206110000610e-02,-7.396424561738967896e-02,2.497615367174148560e-01,-1.376091241836547852e-01,2.909339964389801025e-01,3.973768055438995361e-01,6.894210577011108398e-01,9.999999403953552246e-01,4.801720082759857178e-01,4.011352062225341797e-01,2.101378440856933594e-01,2.517095208168029785e-01,3.452806174755096436e-01,3.914463222026824951e-01,1.448522508144378662e-01,3.367254734039306641e-01,2.436705380678176880e-01,1.413781493902206421e-01,1.170228049159049988e-01,5.090285539627075195e-01,4.741968512535095215e-01,2.561401128768920898e-01,3.456805944442749023e-01,4.245657324790954590e-01,3.350134491920471191e-01,3.087113201618194580e-01,1.143676601350307465e-02
2.577598020434379578e-02,2.775633931159973145e-01,1.505639255046844482e-01,1.474834084510803223e-01,-1.709612309932708740e-01,-7.829631865024566650e-02,4.069885015487670898e-01,3.121733963489532471e-01,2.252309620380401611e-01,4.532226324081420898e-01,2.963185906410217285e-01,5.051386356353759766e-01,3.719789683818817139e-01,2.709748446941375732e-01,4.590312242507934570e-01,3.058269917964935303e-01,3.612596690654754639e-01,2.131900936365127563e-01,4.687221944332122803e-01,3.564163446426391602e-01,2.277462333440780640e-01,1.391359716653823853e-01,2.409574091434478760e-01,3.830545842647552490e-01,-4.411989077925682068e-02,2.405388504266738892e-01,3.059177696704864502e-01,2.687506973743438721e-01,4.801720082759857178e-01,1.000000119209289551e+00,6.142591238021850586e-01,3.228844404220581055e-01,-6.023871898651123047e-02,2.711002528667449951e-01,4.451619684696197510e-01,4.985932409763336182e-01,1.995617002248764038e-01,2.358372211456298828e-01,2.740779817104339600e-01,3.955610096454620361e-01,4.495702683925628662e-02,3.980313539505004883e-01,3.507344126701354980e-01,3.204474449157714844e-01,3.956429064273834229e-01,4.028689563274383545e-01,2.554252743721008301e-01,9.168147295713424683e-02
7.234182953834533691e-02,3.503370285034179688e-01,1.333923786878585815e-01,1.150621175765991211e-01,-1.422922015190124512e-01,1.837691664695739746e-02,3.547316789627075195e-01,3.572277128696441650e-01,2.629690766334533691e-01,4.372655153274536133e-01,2.437079250812530518e-01,4.209071993827819824e-01,4.292102754116058350e-01,1.537468731403350830e-01,3.122218549251556396e-01,3.832949399948120117e-01,3.986450433731079102e-01,4.965934157371520996e-01,5.317699313163757324e-01,4.991599023342132568e-01,4.292241036891937256e-01,3.807298243045806885e-01,3.829069137573242188e-01,6.499805450439453125e-01,-3.221628069877624512e-02,2.750215828418731689e-01,3.220832049846649170e-01,2.766935825347900391e-01,4.011352062225341797e-01,6.142591238021850586e-01,1.000000596046447754e+00,5.749401450157165527e-01,4.674434661865234375e-03,2.279454916715621948e-01,3.068099617958068848e-01,4.856108129024505615e-01,1.561700999736785889e-01,1.175068244338035583e-01,3.559704124927520752e-01,4.785458445549011230e-01,1.213635355234146118e-01,4.576300084590911865e-01,5.735258460044860840e-01,3.808533549308776855e-01,4.826528131961822510e-01,5.587106347084045410e-01,5.863816142082214355e-01,2.178282588720321655e-01
1.545550674200057983e-01,2.355172187089920044e-01,5.709373950958251953e-02,6.009820103645324707e-02,4.888919740915298462e-02,4.509584605693817139e-02,1.112463846802711487e-01,2.629116475582122803e-01,1.615723222494125366e-01,2.309388965368270874e-01,1.071134135127067566e-01,1.772420257329940796e-01,3.294888436794281006e-01,6.619370728731155396e-02,1.748771071434020996e-01,2.817995548248291016e-01,1.571266651153564453e-01,3.220532536506652832e-01,3.110767304897308350e-01,2.959155142307281494e-01,2.890875637531280518e-01,4.010732173919677734e-01,2.667987048625946045e-01,5.120940804481506348e-01,-5.086688697338104248e-02,2.106107622385025024e-01,1.902031600475311279e-01,2.542088329792022705e-01,2.101378440856933594e-01,3.228844404220581055e-01,5.749401450157165527e-01,1.000000000000000000e+00,3.032395616173744202e-02,9.937969595193862915e-02,2.339305728673934937e-01,3.015796840190887451e-01,6.675826758146286011e-02,4.544758051633834839e-02,2.307790666818618774e-01,3.096204996109008789e-01,1.150940135121345520e-01,2.622144520282745361e-01,3.357821106910705566e-01,2.160845249891281128e-01,2.634581327438354492e-01,3.309573233127593994e-01,5.219511389732360840e-01,2.759937644004821777e-01
5.567052364349365234e-01,3.988776206970214844e-01,-3.866476565599441528e-02,1.017396687529981136e-03,4.455012977123260498e-01,3.444079756736755371e-01,-1.069738864898681641e-01,2.611449658870697021e-01,-1.976273767650127411e-02,-5.242772027850151062e-02,1.550990939140319824e-01,1.750407554209232330e-02,-2.197596579790115356e-01,4.162276387214660645e-01,-8.508387953042984009e-03,-1.930190175771713257e-01,-3.014792874455451965e-02,1.839128285646438599e-01,-1.434759050607681274e-01,-8.494143187999725342e-02,-1.168018803000450134e-01,1.080731377005577087e-01,-2.365026473999023438e-01,-5.279588326811790466e-02,2.508391141891479492e-01,9.615295380353927612e-02,3.470420837402343750e-01,3.061107993125915527e-01,2.517095208168029785e-01,-6.023871898651123047e-02,4.674434661865234375e-03,3.032395616173744202e-02,1.000000357627868652e+00,3.867541849613189697e-01,-1.567316986620426178e-02,-2.733744382858276367e-01,4.636256694793701172e-01,-7.384243607521057129e-02,-2.110699713230133057e-01,-2.366688251495361328e-01,5.084269046783447266e-01,4.548009857535362244e-02,-1.048151925206184387e-01,1.177501529455184937e-01,-2.103412523865699768e-02,-8.011830598115921021e-02,6.634248048067092896e-02,-8.505661971867084503e-03
