9.999998211860656738e-01,2.551333010196685791e-01,2.979853451251983643e-01,3.888626396656036377e-02,-1.491980254650115967e-01,-8.570833504199981689e-02,9.301382303237915039e-02,1.767745763063430786e-01,2.539571821689605713e-01,1.533068567514419556e-01,2.612667977809906006e-01,1.483883708715438843e-01,2.491450905799865723e-01,2.155541479587554932e-01,1.235766112804412842e-01,2.790713310241699219e-01,2.163181006908416748e-01,2.019524760544300079e-02,1.256895214319229126e-01,1.091421097517013550e-01,8.659482747316360474e-02,3.238517940044403076e-01,2.567874789237976074e-01,9.746983647346496582e-02,2.054355293512344360e-01,-2.053821235895156860e-01,5.810456722974777222e-02,1.192856356501579285e-01,6.361517310142517090e-02,2.712698876857757568e-01,1.736800372600555420e-01,1.663855910301208496e-01,2.031533867120742798e-01,-2.581165544688701630e-02,1.558112949132919312e-01,2.824955284595489502e-01,1.303588300943374634e-01,8.040583878755569458e-02,1.421256363391876221e-01,2.523371577262878418e-01,3.594871237874031067e-02,3.667573332786560059e-01,2.118043452501296997e-01,2.884446382522583008e-01,2.582282125949859619e-01,1.444863229990005493e-01,2.289519459009170532e-01,3.976969718933105469e-01
2.551333010196685791e-01,9.999995827674865723e-01,2.623089253902435303e-01,3.703999817371368408e-01,1.838782876729965210e-01,2.193103283643722534e-01,4.091683626174926758e-01,2.750772535800933838e-01,3.336727023124694824e-01,3.234314024448394775e-01,3.302468955516815186e-01,2.824026346206665039e-01,1.665004044771194458e-01,3.491477370262145996e-01,1.190866380929946899e-01,1.647784560918807983e-01,3.138515651226043701e-01,2.493928223848342896e-01,5.744835361838340759e-02,1.856989860534667969e-01,2.562693655490875244e-01,3.515635728836059570e-01,1.323462575674057007e-01,-3.116038814187049866e-02,3.275756537914276123e-01,2.093356549739837646e-01,1.722769141197204590e-01,1.796352267265319824e-01,4.537867009639739990e-01,3.851220309734344482e-01,3.643893599510192871e-01,2.347636073827743530e-01,3.459748625755310059e-01,2.307250946760177612e-01,2.889184355735778809e-01,1.261733323335647583e-01,1.800647377967834473e-01,2.231647223234176636e-01,9.879388660192489624e-02,7.348320633172988892e-02,5.769150853157043457e-01,4.489498734474182129e-01,3.262698948383331299e-01,3.831771910190582275e-01,4.832186698913574219e-01,3.442630171775817871e-01,5.705251172184944153e-02,2.362222373485565186e-01
2.979853451251983643e-01,2.623089253902435303e-01,1.000000119209289551e+00,4.687572419643402100e-01,-1.573827415704727173e-01,-1.226495057344436646e-01,9.121558070182800293e-02,1.163889840245246887e-01,1.347730904817581177e-01,3.056075796484947205e-02,1.941111832857131958e-01,2.367738634347915649e-02,1.464266180992126465e-01,2.669471800327301025e-01,7.942999154329299927e-02,2.468536049127578735e-01,-2.550956048071384430e-02,1.207166686654090881e-01,-1.675540953874588013e-02,4.393913969397544861e-02,-1.652661897242069244e-02,2.298890352249145508e-01,2.662950009107589722e-02,4.057664796710014343e-02,1.311887055635452271e-01,1.891525983810424805e-01,1.642759144306182861e-01,3.735019266605377197e-01,3.331010937690734863e-01,1.345825791358947754e-01,2.587476074695587158e-01,2.070884555578231812e-01,7.122790068387985229e-02,1.915460377931594849e-01,1.342863142490386963e-01,2.932261824607849121e-01,2.366153746843338013e-01,1.194002181291580200e-01,1.961285322904586792e-01,1.414848417043685913e-01,1.840910315513610840e-01,2.408781051635742188e-01,1.520309299230575562e-01,1.568274945020675659e-01,1.190519928932189941e-01,6.450627744197845459e-02,9.913278371095657349e-02,3.027247190475463867e-01
3.888626396656036377e-02,3.703999817371368408e-01,4.687572419643402100e-01,1.000000357627868652e+00,1.062474474310874939e-01,2.667199671268463135e-01,3.434612751007080078e-01,1.094468459486961365e-01,1.895037293434143066e-01,1.163115873932838440e-01,1.743172854185104370e-01,8.084572106599807739e-02,3.762303292751312256e-02,2.352673113346099854e-01,-6.648676004260778427e-03,-9.800832485780119896e-04,1.196065545082092285e-01,2.848750948905944824e-01,-3.977670893073081970e-02,1.220393404364585876e-01,8.741240203380584717e-02,2.544572353363037109e-01,-2.693697996437549591e-02,7.909385859966278076e-02,7.751429080963134766e-02,1.938537657260894775e-01,8.281246572732925415e-02,2.011334598064422607e-01,2.254437655210494995e-01,1.533986628055572510e-01,2.804799675941467285e-01,2.024823278188705444e-01,6.204277649521827698e-02,2.140232473611831665e-01,2.104594558477401733e-01,1.881598234176635742e-01,1.819761991500854492e-01,1.600926965475082397e-01,2.059580944478511810e-02,1.077877134084701538e-01,5.026254057884216309e-01,2.417640984058380127e-01,1.384322941303253174e-01,1.524385809898376465e-01,2.064345479011535645e-01,1.275142729282379150e-01,1.272716522216796875e-01,1.743973493576049805e-01
-1.491980254650115967e-01,1.838782876729965210e-01,-1.573827415704727173e-01,1.062474474310874939e-01,1.000000119209289551e+00,6.037543416023254395e-01,1.810423880815505981e-01,1.616064757108688354e-01,-1.217013001441955566e-01,1.727093309164047241e-01,-1.168388724327087402e-01,1.408098638057708740e-01,1.312450617551803589e-01,-1.419502645730972290e-01,2.427159845829010010e-01,-1.290471851825714111e-01,7.376527786254882812e-02,3.693904578685760498e-01,1.180792301893234253e-01,3.131531178951263428e-01,2.604217529296875000e-01,1.541281938552856445e-01,1.346755474805831909e-01,9.324204921722412109e-02,4.874638095498085022e-02,-3.658515587449073792e-02,6.924504041671752930e-02,-1.202839314937591553e-01,-6.365124136209487915e-02,-1.064322963356971741e-01,1.897187232971191406e-01,2.021516710519790649e-01,2.963900864124298096e-01,1.867043673992156982e-01,2.606853544712066650e-01,-4.503777995705604553e-02,-6.728933751583099365e-02,2.285176515579223633e-01,1.447467356920242310e-01,-1.070857793092727661e-01,2.856045961380004883e-01,-6.161894276738166809e-02,1.433292925357818604e-01,-8.397096395492553711e-02,3.240741416811943054e-02,1.588302403688430786e-01,5.174553394317626953e-02,-1.855270862579345703e-01
-8.570833504199981689e-02,2.193103283643722534e-01,-1.226495057344436646e-01,2.667199671268463135e-01,6.037543416023254395e-01,9.999998211860656738e-01,3.062548935413360596e-01,6.749317795038223267e-02,-2.208152711391448975e-01,1.996860951185226440e-01,-2.911620140075683594e-01,2.062888257205486298e-02,2.165794074535369873e-01,-2.279998213052749634e-01,2.193119078874588013e-01,-2.182803899049758911e-01,1.622015088796615601e-01,5.802960991859436035e-01,2.813622951507568359e-01,5.467256903648376465e-01,4.603114128112792969e-01,2.785165905952453613e-01,1.869565993547439575e-01,1.426209658384323120e-01,4.701682925224304199e-02,-4.886454902589321136e-03,9.224361181259155273e-02,-5.839590728282928467e-02,-8.852420747280120850e-02,-1.420335620641708374e-01,3.176571428775787354e-01,3.228350281715393066e-01,2.743804156780242920e-01,1.373179405927658081e-01,3.337255418300628662e-01,6.123270466923713684e-02,-9.403053671121597290e-02,2.655379474163055420e-01,1.901300102472305298e-01,5.879718810319900513e-02,3.369514048099517822e-01,-8.029887825250625610e-02,2.400364875793457031e-01,-6.315708905458450317e-02,1.086478978395462036e-01,2.277639657258987427e-01,1.105394139885902405e-01,-2.821605205535888672e-01
9.301382303237915039e-02,4.091683626174926758e-01,9.121558070182800293e-02,3.434612751007080078e-01,1.810423880815505981e-01,3.062548935413360596e-01,1.000000119209289551e+00,3.455848097801208496e-01,3.677165806293487549e-01,2.418656498193740845e-01,3.073121011257171631e-01,2.366807162761688232e-01,1.755010783672332764e-01,2.100620418787002563e-01,1.361342519521713257e-01,8.804871141910552979e-02,7.058230042457580566e-01,5.196838378906250000e-01,2.484284788370132446e-01,3.714939057826995850e-01,3.156623840332031250e-01,4.711581468582153320e-01,3.419254124164581299e-01,-2.736729010939598083e-02,2.748766541481018066e-01,3.303573131561279297e-01,-3.206529840826988220e-02,2.161798328161239624e-01,3.506307005882263184e-01,4.829930365085601807e-01,3.761698007583618164e-01,7.859783619642257690e-02,2.199423015117645264e-01,2.019587010145187378e-01,1.718609929084777832e-01,1.595395356416702271e-01,2.026181071996688843e-01,2.337599843740463257e-01,1.168344169855117798e-01,1.586890667676925659e-01,3.714859187602996826e-01,1.829846054315567017e-01,2.697434127330780029e-01,1.660997867584228516e-01,3.381601870059967041e-01,2.530577182769775391e-01,5.089756846427917480e-02,2.179016023874282837e-01
1.767745763063430786e-01,2.750772535800933838e-01,1.163889840245246887e-01,1.094468459486961365e-01,1.616064757108688354e-01,6.749317795038223267e-02,3.455848097801208496e-01,9.999998211860656738e-01,4.036951661109924316e-01,1.781778037548065186e-01,3.024854958057403564e-01,2.005087137222290039e-01,9.622409194707870483e-02,3.411602079868316650e-01,2.224473208189010620e-01,1.771849840879440308e-01,3.547530770301818848e-01,1.954037100076675415e-01,1.990615725517272949e-01,1.836696565151214600e-01,1.637677103281021118e-01,2.216290682554244995e-01,2.135375738143920898e-01,1.112237665802240372e-02,3.218139410018920898e-01,4.589633643627166748e-02,1.877873092889785767e-01,2.210523635149002075e-01,2.068209350109100342e-01,2.890720963478088379e-01,1.992981135845184326e-01,2.819027379155158997e-02,5.220984220504760742e-01,2.327798753976821899e-01,1.503694802522659302e-01,4.489433765411376953e-02,4.947335124015808105e-01,1.315497756004333496e-01,7.901319116353988647e-02,1.393987983465194702e-01,2.243280112743377686e-01,1.530691087245941162e-01,1.645693480968475342e-01,2.575697600841522217e-01,2.208582907915115356e-01,1.245410591363906860e-01,-3.317726030945777893e-02,1.307752728462219238e-01
2.539571821689605713e-01,3.336727023124694824e-01,1.347730904817581177e-01,1.895037293434143066e-01,-1.217013001441955566e-01,-2.208152711391448975e-01,3.677165806293487549e-01,4.036951661109924316e-01,1.000000119209289551e+00,2.551794946193695068e-01,7.200612425804138184e-01,3.488562405109405518e-01,7.474306225776672363e-02,5.154470801353454590e-01,1.940410137176513672e-01,4.040206372737884521e-01,4.952055215835571289e-01,-3.296530619263648987e-02,5.300711095333099365e-02,-5.718498304486274719e-02,-2.056166343390941620e-02,1.243403777480125427e-01,1.376287639141082764e-01,5.514568462967872620e-02,1.784227043390274048e-01,1.423473209142684937e-01,6.320931762456893921e-02,1.521357893943786621e-01,3.200353682041168213e-01,6.247733831405639648e-01,1.646459698677062988e-01,-8.122056722640991211e-02,9.455955773591995239e-02,2.339954823255538940e-01,8.444699645042419434e-02,2.086523920297622681e-01,3.340195715427398682e-01,2.514787316322326660e-01,-1.119518745690584183e-02,1.862461268901824951e-01,1.991457939147949219e-01,5.152075290679931641e-01,1.509749740362167358e-01,4.747851788997650146e-01,3.016965389251708984e-01,2.273544967174530029e-01,7.540208846330642700e-02,4.117093980312347412e-01
1.533068567514419556e-01,3.234314024448394775e-01,3.056075796484947205e-02,1.163115873932838440e-01,1.727093309164047241e-01,1.996860951185226440e-01,2.418656498193740845e-01,1.781778037548065186e-01,2.551794946193695068e-01,9.999998211860656738e-01,1.794212311506271362e-01,7.770180702209472656e-01,5.255171656608581543e-01,7.194907963275909424e-02,5.076038837432861328e-01,2.298934608697891235e-01,3.897491991519927979e-01,3.714982569217681885e-01,3.442175686359405518e-01,4.354732334613800049e-01,5.669589042663574219e-01,3.859965205192565918e-01,3.500680327415466309e-01,2.966203987598419189e-01,3.204164803028106689e-01,1.445332914590835571e-01,-9.030739217996597290e-02,3.679986670613288879e-02,1.230101883411407471e-01,1.697068661451339722e-01,3.906260728836059570e-01,2.395914047956466675e-01,1.390444487333297729e-01,8.674598298966884613e-03,4.298465847969055176e-01,1.847475469112396240e-01,-4.927702993154525757e-02,3.810746967792510986e-01,1.691484600305557251e-01,2.993487119674682617e-01,3.030210733413696289e-01,4.712513387203216553e-01,5.453602075576782227e-01,2.141123265027999878e-01,6.283900737762451172e-01,7.745246887207031250e-01,2.619600594043731689e-01,1.694894395768642426e-02
2.612667977809906006e-01,3.302468955516815186e-01,1.941111832857131958e-01,1.743172854185104370e-01,-1.168388724327087402e-01,-2.911620140075683594e-01,3.073121011257171631e-01,3.024854958057403564e-01,7.200612425804138184e-01,1.794212311506271362e-01,9.999997019767761230e-01,2.953588664531707764e-01,-9.750342927873134613e-03,6.746537089347839355e-01,-2.069919928908348083e-02,3.093857765197753906e-01,3.543845713138580322e-01,-1.912386119365692139e-01,-2.382399439811706543e-01,-1.857775151729583740e-01,-1.022789776325225830e-01,1.051728427410125732e-01,-2.615918032824993134e-02,-1.348203420639038086e-01,1.466919779777526855e-01,1.881915517151355743e-02,-3.926583379507064819e-02,8.825021795928478241e-03,3.243861496448516846e-01,5.892263650894165039e-01,1.316251233220100403e-02,-1.556735634803771973e-01,9.575546719133853912e-03,1.687118113040924072e-01,-2.724061533808708191e-02,7.419781386852264404e-02,3.917761445045471191e-01,2.181364968419075012e-02,-1.694840937852859497e-01,9.158534929156303406e-03,2.237968742847442627e-01,4.678983390331268311e-01,5.487268790602684021e-02,3.093081414699554443e-01,2.969818711280822754e-01,1.067610755562782288e-01,-7.769397646188735962e-02,5.848155617713928223e-01
1.483883708715438843e-01,2.824026346206665039e-01,2.367738634347915649e-02,8.084572106599807739e-02,1.408098638057708740e-01,2.062888257205486298e-02,2.366807162761688232e-01,2.005087137222290039e-01,3.488562405109405518e-01,7.770180702209472656e-01,2.953588664531707764e-01,1.000000357627868652e+00,4.593495726585388184e-01,1.440289467573165894e-01,5.187854170799255371e-01,2.493568509817123413e-01,3.810994923114776611e-01,1.982663869857788086e-01,2.018334120512008667e-01,2.446117848157882690e-01,4.382100999355316162e-01,3.006635308265686035e-01,2.830451130867004395e-01,2.444264292716979980e-01,3.136327862739562988e-01,1.586706489324569702e-01,-9.280885010957717896e-02,4.152954742312431335e-02,1.871285140514373779e-01,2.828432917594909668e-01,2.678600847721099854e-01,1.111899316310882568e-01,1.093724295496940613e-01,7.029093801975250244e-02,3.106437027454376221e-01,1.985131204128265381e-01,-3.629386192187666893e-03,3.230040967464447021e-01,1.544650346040725708e-01,2.404035180807113647e-01,2.638531923294067383e-01,5.270297527313232422e-01,4.570359289646148682e-01,3.164120018482208252e-01,5.678529143333435059e-01,6.696152091026306152e-01,1.910915672779083252e-01,1.024949848651885986e-01
2.491450905799865723e-01,1.665004044771194458e-01,1.464266180992126465e-01,3.762303292751312256e-02,1.312450617551803589e-01,2.165794074535369873e-01,1.755010783672332764e-01,9.622409194707870483e-02,7.474306225776672363e-02,5.255171656608581543e-01,-9.750342927873134613e-03,4.593495726585388184e-01,9.999994039535522461e-01,8.023928850889205933e-02,5.268796086311340332e-01,4.030681252479553223e-01,2.948924303054809570e-01,3.893773853778839111e-01,4.066202938556671143e-01,5.080202817916870117e-01,5.665636658668518066e-01,4.179611504077911377e-01,4.848908782005310059e-01,3.907874226570129395e-01,1.920886188745498657e-01,1.549953520298004150e-01,5.722116306424140930e-02,1.534864455461502075e-01,1.069987267255783081e-01,1.234978660941123962e-01,3.755204975605010986e-01,3.482477366924285889e-01,1.220309957861900330e-01,1.116858646273612976e-01,3.776466846466064453e-01,3.296021819114685059e-01,-1.145543716847896576e-02,3.301407694816589355e-01,4.772089421749114990e-01,3.628986775875091553e-01,2.248034328222274780e-01,3.420387208461761475e-01,3.805520236492156982e-01,2.490948140621185303e-01,2.084715366363525391e-01,4.045380055904388428e-01,3.475127518177032471e-01,2.636653743684291840e-02
2.155541479587554932e-01,3.491477370262145996e-01,2.669471800327301025e-01,2.352673113346099854e-01,-1.419502645730972290e-01,-2.279998213052749634e-01,2.100620418787002563e-01,3.411602079868316650e-01,5.154470801353454590e-01,7.194907963275909424e-02,6.746537089347839355e-01,1.440289467573165894e-01,8.023928850889205933e-02,1.000000357627868652e+00,-3.065841086208820343e-02,3.530960381031036377e-01,2.512715160846710205e-01,-1.646223813295364380e-01,-2.429521828889846802e-01,-1.914514601230621338e-01,-6.738699227571487427e-02,9.912949800491333008e-02,-5.040733516216278076e-02,-4.351757839322090149e-02,1.924175024032592773e-01,1.046956777572631836e-01,1.480947285890579224e-01,1.265773363411426544e-02,3.220893144607543945e-01,4.702906608581542969e-01,6.034418195486068726e-02,7.300328463315963745e-03,1.318949311971664429e-01,2.927700877189636230e-01,7.944983243942260742e-02,1.345379352569580078e-01,5.992752909660339355e-01,5.279546976089477539e-02,-7.244025915861129761e-02,3.646996989846229553e-02,3.285771906375885010e-01,4.260155558586120605e-01,1.664244197309017181e-02,3.010840415954589844e-01,2.392602711915969849e-01,-2.006525360047817230e-02,9.720694273710250854e-03,5.127452015876770020e-01
1.235766112804412842e-01,1.190866380929946899e-01,7.942999154329299927e-02,-6.648676004260778427e-03,2.427159845829010010e-01,2.193119078874588013e-01,1.361342519521713257e-01,2.224473208189010620e-01,1.940410137176513672e-01,5.076038837432861328e-01,-2.069919928908348083e-02,5.187854170799255371e-01,5.268796086311340332e-01,-3.065841086208820343e-02,9.999995827674865723e-01,4.344840943813323975e-01,3.646981716156005859e-01,4.275679290294647217e-01,5.905243158340454102e-01,4.602166116237640381e-01,3.997268080711364746e-01,2.959274947643280029e-01,5.176706910133361816e-01,4.896271228790283203e-01,1.320493072271347046e-01,2.537714540958404541e-01,5.020682513713836670e-02,2.366796135902404785e-01,1.268962174654006958e-01,1.502792537212371826e-01,4.687767922878265381e-01,3.680437505245208740e-01,1.588174849748611450e-01,1.161962971091270447e-01,4.145374298095703125e-01,3.873075842857360840e-01,-5.251763015985488892e-02,6.723192334175109863e-01,4.720308184623718262e-01,4.365616440773010254e-01,1.002597287297248840e-01,3.808892667293548584e-01,4.016478061676025391e-01,2.784915566444396973e-01,3.074395954608917236e-01,4.835150837898254395e-01,3.995016515254974365e-01,-1.271079182624816895e-01
2.790713310241699219e-01,1.647784560918807983e-01,2.468536049127578735e-01,-9.800832485780119896e-04,-1.290471851825714111e-01,-2.182803899049758911e-01,8.804871141910552979e-02,1.771849840879440308e-01,4.040206372737884521e-01,2.298934608697891235e-01,3.093857765197753906e-01,2.493568509817123413e-01,4.030681252479553223e-01,3.530960381031036377e-01,4.344840943813323975e-01,9.999994635581970215e-01,3.077471554279327393e-01,2.205971814692020416e-02,2.126436233520507812e-01,1.093529351055622101e-02,6.027965247631072998e-02,1.693381071090698242e-01,3.646029531955718994e-01,3.261844515800476074e-01,1.745548993349075317e-01,7.151893526315689087e-02,8.461553603410720825e-02,1.603001505136489868e-01,1.228804960846900940e-01,3.200064301490783691e-01,1.750054955482482910e-01,8.598451316356658936e-02,4.902781918644905090e-02,1.585203409194946289e-01,1.781510263681411743e-01,3.304100632667541504e-01,2.032097280025482178e-01,3.450023531913757324e-01,4.394530653953552246e-01,3.092513978481292725e-01,7.028405088931322098e-03,4.715936481952667236e-01,1.944443285465240479e-01,2.722944617271423340e-01,1.603614389896392822e-01,1.878009289503097534e-01,1.934168785810470581e-01,3.595048189163208008e-01
2.163181006908416748e-01,3.138515651226043701e-01,-2.550956048071384430e-02,1.196065545082092285e-01,7.376527786254882812e-02,1.622015088796615601e-01,7.058230042457580566e-01,3.547530770301818848e-01,4.952055215835571289e-01,3.897491991519927979e-01,3.543845713138580322e-01,3.810994923114776611e-01,2.948924303054809570e-01,2.512715160846710205e-01,3.646981716156005859e-01,3.077471554279327393e-01,1.000000238418579102e+00,4.386404752731323242e-01,4.710641503334045410e-01,4.285699725151062012e-01,3.568619191646575928e-01,4.667912423610687256e-01,5.262936949729919434e-01,1.123565584421157837e-01,3.463912308216094971e-01,3.030021190643310547e-01,-5.520743131637573242e-02,1.474188119173049927e-01,2.308225631713867188e-01,5.610949993133544922e-01,4.043208956718444824e-01,7.701005786657333374e-02,1.785425841808319092e-01,7.268784195184707642e-02,2.498641908168792725e-01,2.598519027233123779e-01,1.186371520161628723e-01,3.338979780673980713e-01,1.706815659999847412e-01,3.584150671958923340e-01,2.119637280702590942e-01,4.009467661380767822e-01,3.898972570896148682e-01,2.960907816886901855e-01,4.577069282531738281e-01,3.552814722061157227e-01,1.596614718437194824e-01,2.674952745437622070e-01
2.019524760544300079e-02,2.493928223848342896e-01,1.207166686654090881e-01,2.848750948905944824e-01,3.693904578685760498e-01,5.802960991859436035e-01,5.196838378906250000e-01,1.954037100076675415e-01,-3.296530619263648987e-02,3.714982569217681885e-01,-1.912386119365692139e-01,1.982663869857788086e-01,3.893773853778839111e-01,-1.646223813295364380e-01,4.275679290294647217e-01,2.205971814692020416e-02,4.386404752731323242e-01,1.000000476837158203e+00,5.346542596817016602e-01,7.337136268615722656e-01,6.276775002479553223e-01,6.237602233886718750e-01,5.399295091629028320e-01,2.343264073133468628e-01,1.796087771654129028e-01,3.199764788150787354e-01,1.419306453317403793e-02,2.144655287265777588e-01,1.152652800083160400e-01,4.573521763086318970e-02,6.418219208717346191e-01,3.841119706630706787e-01,2.592537701129913330e-01,7.180247455835342407e-02,3.430446386337280273e-01,2.555004358291625977e-01,-7.691545039415359497e-02,3.996698558330535889e-01,3.736834228038787842e-01,3.313577175140380859e-01,2.997402548789978027e-01,1.140342094004154205e-03,5.105367302894592285e-01,6.785902380943298340e-02,2.265663146972656250e-01,4.191343784332275391e-01,2.450111657381057739e-01,-1.052310392260551453e-01
1.256895214319229126e-01,5.744835361838340759e-02,-1.675540953874588013e-02,-3.977670893073081970e-02,1.180792301893234253e-01,2.813622951507568359e-01,2.484284788370132446e-01,1.990615725517272949e-01,5.300711095333099365e-02,3.442175686359405518e-01,-2.382399439811706543e-01,2.018334120512008667e-01,4.066202938556671143e-01,-2.429521828889846802e-01,5.905243158340454102e-01,2.126436233520507812e-01,4.710641503334045410e-01,5.346542596817016602e-01,9.999994635581970215e-01,6.436326503753662109e-01,3.882821500301361084e-01,3.679702877998352051e-01,5.698465704917907715e-01,3.341191709041595459e-01,1.769046187400817871e-01,2.225100696086883545e-01,3.979977965354919434e-02,2.119867205619812012e-01,-2.656969986855983734e-02,1.260458678007125854e-01,5.676454305648803711e-01,3.602974712848663330e-01,2.144067287445068359e-01,-1.916077733039855957e-02,3.679992854595184326e-01,2.380146235227584839e-01,-1.705218255519866943e-01,4.682889878749847412e-01,4.134450554847717285e-01,4.024145007133483887e-01,2.725987136363983154e-02,1.237763017416000366e-01,4.721681773662567139e-01,1.905030906200408936e-01,2.089405357837677002e-01,3.877939879894256592e-01,3.602994680404663086e-01,-2.479149550199508667e-01
1.091421097517013550e-01,1.856989860534667969e-01,4.393913969397544861e-02,1.220393404364585876e-01,3.131531178951263428e-01,5.467256903648376465e-01,3.714939057826995850e-01,1.836696565151214600e-01,-5.718498304486274719e-02,4.354732334613800049e-01,-1.857775151729583740e-01,2.446117848157882690e-01,5.080202817916870117e-01,-1.914514601230621338e-01,4.602166116237640381e-01,1.093529351055622101e-02,4.285699725151062012e-01,7.337136268615722656e-01,6.436326503753662109e-01,9.999997019767761230e-01,7.019124627113342285e-01,5.913971662521362305e-01,5.204473733901977539e-01,1.771485507488250732e-01,1.875215619802474976e-01,1.552198082208633423e-01,5.428862944245338440e-02,9.422864019870758057e-02,1.523939706385135651e-02,8.343745768070220947e-02,5.793482661247253418e-01,3.641913235187530518e-01,2.556712925434112549e-01,9.098266065120697021e-02,3.989946842193603516e-01,1.962494254112243652e-01,-1.358655691146850586e-01,3.615377247333526611e-01,3.468011021614074707e-01,2.831797301769256592e-01,2.306633889675140381e-01,4.627611953765153885e-03,5.721569061279296875e-01,3.832532092928886414e-02,2.645131647586822510e-01,4.918401241302490234e-01,2.374540120363235474e-01,-1.578068882226943970e-01
8.659482747316360474e-02,2.562693655490875244e-01,-1.652661897242069244e-02,8.741240203380584717e-02,2.604217529296875000e-01,4.603114128112792969e-01,3.156623840332031250e-01,1.637677103281021118e-01,-2.056166343390941620e-02,5.669589042663574219e-01,-1.022789776325225830e-01,4.382100999355316162e-01,5.665636658668518066e-01,-6.738699227571487427e-02,3.997268080711364746e-01,6.027965247631072998e-02,3.568619191646575928e-01,6.276775002479553223e-01,3.882821500301361084e-01,7.019124627113342285e-01,9.999999403953552246e-01,5.921806693077087402e-01,4.479720890522003174e-01,1.545402854681015015e-01,1.488802731037139893e-01,1.821869313716888428e-01,-1.294871605932712555e-02,8.924756199121475220e-02,1.154224127531051636e-01,4.774921759963035583e-02,4.923246800899505615e-01,2.656893432140350342e-01,2.429374009370803833e-01,5.555564537644386292e-02,2.584264874458312988e-01,2.222449928522109985e-01,-6.482018530368804932e-02,2.216642051935195923e-01,2.594616711139678955e-01,3.004769086837768555e-01,2.994137108325958252e-01,1.289887577295303345e-01,5.202613472938537598e-01,1.057508587837219238e-01,3.737327456474304199e-01,5.662066936492919922e-01,7.209634035825729370e-02,-7.021221518516540527e-02
3.238517940044403076e-01,3.515635728836059570e-01,2.298890352249145508e-01,2.544572353363037109e-01,1.541281938552856445e-01,2.785165905952453613e-01,4.711581468582153320e-01,2.216290682554244995e-01,1.243403777480125427e-01,3.859965205192565918e-01,1.051728427410125732e-01,3.006635308265686035e-01,4.179611504077911377e-01,9.912949800491333008e-02,2.959274947643280029e-01,1.693381071090698242e-01,4.667912423610687256e-01,6.237602233886718750e-01,3.679702877998352051e-01,5.913971662521362305e-01,5.921806693077087402e-01,1.000000476837158203e+00,5.320287346839904785e-01,3.908645734190940857e-02,2.707771062850952148e-01,1.480562984943389893e-01,4.151761159300804138e-02,1.829431653022766113e-01,1.753649860620498657e-01,2.269097566604614258e-01,6.016539335250854492e-01,4.602997899055480957e-01,2.994229495525360107e-01,4.888322949409484863e-02,3.171787858009338379e-01,1.746065616607666016e-01,-2.158013521693646908e-04,2.061618417501449585e-01,2.595336139202117920e-01,2.307893782854080200e-01,3.016653954982757568e-01,2.532040178775787354e-01,5.487638115882873535e-01,1.787955462932586670e-01,3.343352377414703369e-01,4.337723553180694580e-01,1.884832829236984253e-01,3.144935369491577148e-01
2.567874789237976074e-01,1.323462575674057007e-01,2.662950009107589722e-02,-2.693697996437549591e-02,1.346755474805831909e-01,1.869565993547439575e-01,3.419254124164581299e-01,2.135375738143920898e-01,1.376287639141082764e-01,3.500680327415466309e-01,-2.615918032824993134e-02,2.830451130867004395e-01,4.848908782005310059e-01,-5.040733516216278076e-02,5.176706910133361816e-01,3.646029531955718994e-01,5.262936949729919434e-01,5.399295091629028320e-01,5.698465704917907715e-01,5.204473733901977539e-01,4.479720890522003174e-01,5.320287346839904785e-01,1.000000357627868652e+00,4.142753481864929199e-01,1.725268214941024780e-01,1.871160566806793213e-01,-3.367765620350837708e-02,2.532618045806884766e-01,5.603309720754623413e-02,1.979226022958755493e-01,4.090007245540618896e-01,2.111797034740447998e-01,1.896189302206039429e-01,-6.000618636608123779e-02,2.218664884567260742e-01,3.713486492633819580e-01,-8.012374490499496460e-02,3.524792492389678955e-01,3.979232013225555420e-01,5.815156698226928711e-01,6.765215843915939331e-02,1.788526922464370728e-01,2.827343642711639404e-01,1.622624993324279785e-01,2.202474921941757202e-01,2.624087333679199219e-01,3.064186871051788330e-01,1.810631006956100464e-01
9.746983647346496582e-02,-3.116038814187049866e-02,4.057664796710014343e-02,7.909385859966278076e-02,9.324204921722412109e-02,1.426209658384323120e-01,-2.736729010939598083e-02,1.112237665802240372e-02,5.514568462967872620e-02,2.966203987598419189e-01,-1.348203420639038086e-01,2.444264292716979980e-01,3.907874226570129395e-01,-4.351757839322090149e-02,4.896271228790283203e-01,3.261844515800476074e-01,1.123565584421157837e-01,2.343264073133468628e-01,3.341191709041595459e-01,1.771485507488250732e-01,1.545402854681015015e-01,3.908645734190940857e-02,4.142753481864929199e-01,9.999997615814208984e-01,3.821665048599243164e-02,2.392656058073043823e-01,-1.325985230505466461e-02,2.412430942058563232e-01,9.584981948137283325e-02,3.453482314944267273e-02,2.897339165210723877e-01,2.607374489307403564e-01,2.170073799788951874e-02,7.031634449958801270e-03,3.370747566223144531e-01,5.816535949707031250e-01,-3.403874114155769348e-02,4.433031678199768066e-01,4.356950521469116211e-01,5.636574625968933105e-01,7.305763661861419678e-02,1.944342851638793945e-01,1.033562347292900085e-01,1.650526970624923706e-01,1.041601449251174927e-01,2.097831964492797852e-01,6.146882772445678711e-01,-9.148196130990982056e-02
2.054355293512344360e-01,3.275756537914276123e-01,1.311887055635452271e-01,7.751429080963134766e-02,4.874638095498085022e-02,4.701682925224304199e-02,2.748766541481018066e-01,3.218139410018920898e-01,1.784227043390274048e-01,3.204164803028106689e-01,1.466919779777526855e-01,3.136327862739562988e-01,1.920886188745498657e-01,1.924175024032592773e-01,1.320493072271347046e-01,1.745548993349075317e-01,3.463912308216094971e-01,1.796087771654129028e-01,1.769046187400817871e-01,1.875215619802474976e-01,1.488802731037139893e-01,2.707771062850952148e-01,1.725268214941024780e-01,3.821665048599243164e-02,9.999995827674865723e-01,8.527719974517822266e-02,4.000249877572059631e-02,1.076024249196052551e-01,2.113812267780303955e-01,2.578600049018859863e-01,1.926105469465255737e-01,1.855204403400421143e-01,4.016517400741577148e-01,4.411737620830535889e-02,3.905396759510040283e-01,1.435476820915937424e-02,2.249133586883544922e-01,1.302431374788284302e-01,1.039837747812271118e-01,2.358938753604888916e-02,2.322707772254943848e-01,2.616050541400909424e-01,3.116820156574249268e-01,1.643274277448654175e-01,3.338291943073272705e-01,2.697566151618957520e-01,6.559879332780838013e-02,1.057230979204177856e-01
-2.053821235895156860e-01,2.093356549739837646e-01,1.891525983810424805e-01,1.938537657260894775e-01,-3.658515587449073792e-02,-4.886454902589321136e-03,3.303573131561279297e-01,4.589633643627166748e-02,1.423473209142684937e-01,1.445332914590835571e-01,1.881915517151355743e-02,1.586706489324569702e-01,1.549953520298004150e-01,1.046956777572631836e-01,2.537714540958404541e-01,7.151893526315689087e-02,3.030021190643310547e-01,3.199764788150787354e-01,2.225100696086883545e-01,1.552198082208633423e-01,1.821869313716888428e-01,1.480562984943389893e-01,1.871160566806793213e-01,2.392656058073043823e-01,8.527719974517822266e-02,1.000000000000000000e+00,6.317461282014846802e-02,5.312192440032958984e-01,6.311464905738830566e-01,2.952969074249267578e-01,3.920400440692901611e-01,2.128577381372451782e-01,1.818992197513580322e-02,1.514919400215148926e-01,1.317260414361953735e-01,3.649576306343078613e-01,6.421801447868347168e-02,3.190205991268157959e-01,1.618647724390029907e-01,3.223645389080047607e-01,1.951192766427993774e-01,1.839101910591125488e-01,1.467508077621459961e-01,2.765504419803619385e-01,2.303297519683837891e-01,2.186699658632278442e-01,2.744030356407165527e-01,-6.522163003683090210e-02
5.810456722974777222e-02,1.722769141197204590e-01,1.642759144306182861e-01,8.281246572732925415e-02,6.924504041671752930e-02,9.224361181259155273e-02,-3.206529840826988220e-02,1.877873092889785767e-01,6.320931762456893921e-02,-9.030739217996597290e-02,-3.926583379507064819e-02,-9.280885010957717896e-02,5.722116306424140930e-02,1.480947285890579224e-01,5.020682513713836670e-02,8.461553603410720825e-02,-5.520743131637573242e-02,1.419306453317403793e-02,3.979977965354919434e-02,5.428862944245338440e-02,-1.294871605932712555e-02,4.151761159300804138e-02,-3.367765620350837708e-02,-1.325985230505466461e-02,4.000249877572059631e-02,6.317461282014846802e-02,1.000000000000000000e+00,2.065353691577911377e-01,2.468877732753753662e-01,3.151955455541610718e-02,1.137738302350044250e-01,1.386765390634536743e-01,4.548269808292388916e-01,4.367632269859313965e-01,1.148277670145034790e-01,5.558139458298683167e-02,2.966290414333343506e-01,3.058193027973175049e-01,1.787301003932952881e-01,-7.009224966168403625e-03,1.866808086633682251e-01,1.090830191969871521e-02,1.065732687711715698e-01,1.444034725427627563e-01,-8.027304708957672119e-02,3.327513579279184341e-03,1.136090531945228577e-01,-1.231149211525917053e-02
1.192856356501579285e-01,1.796352267265319824e-01,3.735019266605377197e-01,2.011334598064422607e-01,-1.202839314937591553e-01,-5.839590728282928467e-02,2.161798328161239624e-01,2.210523635149002075e-01,1.521357893943786621e-01,3.679986670613288879e-02,8.825021795928478241e-03,4.152954742312431335e-02,1.534864455461502075e-01,1.265773363411426544e-02,2.366796135902404785e-01,1.603001505136489868e-01,1.474188119173049927e-01,2.144655287265777588e-01,2.119867205619812012e-01,9.422864019870758057e-02,8.924756199121475220e-02,1.829431653022766113e-01,2.532618045806884766e-01,2.412430942058563232e-01,1.076024249196052551e-01,5.312192440032958984e-01,2.065353691577911377e-01,1.000000953674316406e+00,6.378413438796997070e-01,2.427537888288497925e-01,3.355371952056884766e-01,2.498634308576583862e-01,2.189071923494338989e-01,1.407302170991897583e-01,7.066567987203598022e-02,4.283189177513122559e-01,1.809246987104415894e-01,2.557556331157684326e-01,2.409339100122451782e-01,3.730955719947814941e-01,8.379742503166198730e-02,1.328426152467727661e-01,6.133921444416046143e-02,2.433747053146362305e-01,8.902863413095474243e-02,8.065515756607055664e-02,2.200779467821121216e-01,5.414525419473648071e-02
6.361517310142517090e-02,4.537867009639739990e-01,3.331010937690734863e-01,2.254437655210494995e-01,-6.365124136209487915e-02,-8.852420747280120850e-02,3.506307005882263184e-01,2.068209350109100342e-01,3.200353682041168213e-01,1.230101883411407471e-01,3.243861496448516846e-01,1.871285140514373779e-01,1.069987267255783081e-01,3.220893144607543945e-01,1.268962174654006958e-01,1.228804960846900940e-01,2.308225631713867188e-01,1.152652800083160400e-01,-2.656969986855983734e-02,1.523939706385135651e-02,1.154224127531051636e-01,1.753649860620498657e-01,5.603309720754623413e-02,9.584981948137283325e-02,2.113812267780303955e-01,6.311464905738830566e-01,2.468877732753753662e-01,6.378413438796997070e-01,9.999997019767761230e-01,4.920817017555236816e-01,3.250098824501037598e-01,1.536086499691009521e-01,2.171008735895156860e-01,2.829217016696929932e-01,1.258701980113983154e-01,4.086594581604003906e-01,3.244672417640686035e-01,2.320045679807662964e-01,1.212916448712348938e-01,2.599311172962188721e-01,3.519276678562164307e-01,3.067549467086791992e-01,1.306516379117965698e-01,3.418731689453125000e-01,2.938494384288787842e-01,1.908970773220062256e-01,1.502542197704315186e-01,1.799270063638687134e-01
2.712698876857757568e-01,3.851220309734344482e-01,1.345825791358947754e-01,1.533986628055572510e-01,-1.064322963356971741e-01,-1.420335620641708374e-01,4.829930365085601807e-01,2.890720963478088379e-01,6.247733831405639648e-01,1.697068661451339722e-01,5.892263650894165039e-01,2.828432917594909668e-01,1.234978660941123962e-01,4.702906608581542969e-01,1.502792537212371826e-01,3.200064301490783691e-01,5.610949993133544922e-01,4.573521763086318970e-02,1.260458678007125854e-01,8.343745768070220947e-02,4.774921759963035583e-02,2.269097566604614258e-01,1.979226022958755493e-01,3.453482314944267273e-02,2.578600049018859863e-01,2.952969074249267578e-01,3.151955455541610718e-02,2.427537888288497925e-01,4.920817017555236816e-01,1.000000000000000000e+00,2.755423784255981445e-01,2.958185784518718719e-02,1.299605667591094971e-01,1.877576112747192383e-01,1.203323155641555786e-01,3.052968382835388184e-01,2.701703906059265137e-01,2.408113181591033936e-01,8.365106582641601562e-02,2.174867987632751465e-01,1.888931989669799805e-01,4.133306741714477539e-01,1.960869878530502319e-01,3.618025779724121094e-01,3.280994594097137451e-01,1.917615383863449097e-01,1.342328041791915894e-01,4.415714144706726074e-01
1.736800372600555420e-01,3.643893599510192871e-01,2.587476074695587158e-01,2.804799675941467285e-01,1.897187232971191406e-01,3.176571428775787354e-01,3.761698007583618164e-01,1.992981135845184326e-01,1.646459698677062988e-01,3.906260728836059570e-01,1.316251233220100403e-02,2.678600847721099854e-01,3.755204975605010986e-01,6.034418195486068726e-02,4.687767922878265381e-01,1.750054955482482910e-01,4.043208956718444824e-01,6.418219208717346191e-01,5.676454305648803711e-01,5.793482661247253418e-01,4.923246800899505615e-01,6.016539335250854492e-01,4.090007245540618896e-01,2.897339165210723877e-01,1.926105469465255737e-01,3.920400440692901611e-01,1.137738302350044250e-01,3.355371952056884766e-01,3.250098824501037598e-01,2.755423784255981445e-01,1.000000476837158203e+00,5.940307974815368652e-01,2.699609100818634033e-01,1.365747600793838501e-01,4.421258568763732910e-01,4.102029502391815186e-01,2.511703874915838242e-03,5.052928328514099121e-01,3.917275965213775635e-01,3.740473389625549316e-01,2.844160795211791992e-01,2.647711634635925293e-01,6.318517327308654785e-01,3.224637806415557861e-01,3.543877899646759033e-01,5.229821205139160156e-01,4.102494120597839355e-01,-3.006846830248832703e-02
1.663855910301208496e-01,2.347636073827743530e-01,2.070884555578231812e-01,2.024823278188705444e-01,2.021516710519790649e-01,3.228350281715393066e-01,7.859783619642257690e-02,2.819027379155158997e-02,-8.122056722640991211e-02,2.395914047956466675e-01,-1.556735634803771973e-01,1.111899316310882568e-01,3.482477366924285889e-01,7.300328463315963745e-03,3.680437505245208740e-01,8.598451316356658936e-02,7.701005786657333374e-02,3.841119706630706787e-01,3.602974712848663330e-01,3.641913235187530518e-01,2.656893432140350342e-01,4.602997899055480957e-01,2.111797034740447998e-01,2.607374489307403564e-01,1.855204403400421143e-01,2.128577381372451782e-01,1.386765390634536743e-01,2.498634308576583862e-01,1.536086499691009521e-01,2.958185784518718719e-02,5.940307974815368652e-01,9.999994635581970215e-01,2.365972995758056641e-01,1.071995422244071960e-01,4.864014685153961182e-01,2.199716866016387939e-01,-5.177129432559013367e-02,3.672371804714202881e-01,3.610922694206237793e-01,1.372511982917785645e-01,1.644612103700637817e-01,2.475484460592269897e-01,3.850554227828979492e-01,2.348200082778930664e-01,1.375561505556106567e-01,3.167569935321807861e-01,4.633626043796539307e-01,-7.871838659048080444e-02
2.031533867120742798e-01,3.459748625755310059e-01,7.122790068387985229e-02,6.204277649521827698e-02,2.963900864124298096e-01,2.743804156780242920e-01,2.199423015117645264e-01,5.220984220504760742e-01,9.455955773591995239e-02,1.390444487333297729e-01,9.575546719133853912e-03,1.093724295496940613e-01,1.220309957861900330e-01,1.318949311971664429e-01,1.588174849748611450e-01,4.902781918644905090e-02,1.785425841808319092e-01,2.592537701129913330e-01,2.144067287445068359e-01,2.556712925434112549e-01,2.429374009370803833e-01,2.994229495525360107e-01,1.896189302206039429e-01,2.170073799788951874e-02,4.016517400741577148e-01,1.818992197513580322e-02,4.548269808292388916e-01,2.189071923494338989e-01,2.171008735895156860e-01,1.299605667591094971e-01,2.699609100818634033e-01,2.365972995758056641e-01,1.000000476837158203e+00,1.540772169828414917e-01,2.299199402332305908e-01,-5.155212059617042542e-02,2.392380833625793457e-01,1.804646700620651245e-01,1.179264485836029053e-01,4.554710816591978073e-03,2.706982195377349854e-01,7.824581116437911987e-02,2.500327825546264648e-01,1.251042634248733521e-01,1.353073865175247192e-01,1.601725667715072632e-01,5.851978436112403870e-02,5.919347330927848816e-02
