1.000000238418579102e+00,2.148765474557876587e-01,2.218184322118759155e-01,3.538243770599365234e-01,4.387838542461395264e-01,3.337756693363189697e-01,4.136237874627113342e-02,2.551554143428802490e-01,1.293675005435943604e-01,6.672909483313560486e-03,2.426839172840118408e-01,1.415005177259445190e-01,2.176613062620162964e-01,2.275889515876770020e-01,1.835455149412155151e-01,1.619709879159927368e-01,5.601099878549575806e-02,1.239087358117103577e-01,1.909323334693908691e-01,3.630371391773223877e-01,4.111554920673370361e-01,3.519071638584136963e-01,1.799528896808624268e-01,1.379935443401336670e-01,1.189494952559471130e-01,1.385353803634643555e-01,2.573018968105316162e-01,6.432799100875854492e-01,4.185988903045654297e-01,3.678821921348571777e-01,3.543765544891357422e-01,2.382039278745651245e-01,3.778347373008728027e-01,2.116609215736389160e-01,9.425045549869537354e-02,1.441722363233566284e-01,8.751320093870162964e-02,1.871053278446197510e-01,1.960095465183258057e-01,1.902401745319366455e-01,3.796623051166534424e-01,1.454678773880004883e-01,2.312478721141815186e-01,4.944332316517829895e-02,-6.760826706886291504e-02,6.071980670094490051e-02,1.685461550951004028e-01,1.028504446148872375e-01
2.148765474557876587e-01,1.000000119209289551e+00,9.582509100437164307e-02,1.522302925586700439e-01,5.367051959037780762e-01,5.288777947425842285e-01,1.676780581474304199e-01,3.947513699531555176e-01,3.798548281192779541e-01,3.810699582099914551e-01,3.975657820701599121e-01,3.230755925178527832e-01,2.945944070816040039e-01,3.378996551036834717e-01,1.735270321369171143e-01,3.724267184734344482e-01,-3.987804055213928223e-02,-4.645937681198120117e-02,2.343364208936691284e-01,3.428753018379211426e-01,3.476855158805847168e-01,9.041215479373931885e-02,1.553551852703094482e-01,8.339852839708328247e-02,2.606188692152500153e-02,2.173823863267898560e-01,2.925775051116943359e-01,3.347366750240325928e-01,3.560497760772705078e-01,3.816758096218109131e-01,7.841331511735916138e-02,1.054469272494316101e-01,3.808995783329010010e-01,3.850626647472381592e-01,2.216840982437133789e-01,2.021640241146087646e-01,3.353121280670166016e-01,3.222802281379699707e-01,3.057605922222137451e-01,1.699092239141464233e-01,5.443207025527954102e-01,5.278363227844238281e-01,4.081392586231231689e-01,2.634523212909698486e-01,4.247023761272430420e-01,5.058549642562866211e-01,1.615033447742462158e-01,1.583173684775829315e-02
2.218184322118759155e-01,9.582509100437164307e-02,1.000000119209289551e+00,6.039704084396362305e-01,1.423726677894592285e-01,9.527497738599777222e-02,2.664630711078643799e-01,-1.083898767828941345e-01,-2.585183382034301758e-01,-7.368279248476028442e-02,-1.177085191011428833e-01,1.422460973262786865e-01,-1.712299138307571411e-01,-8.626655489206314087e-02,1.851167678833007812e-01,-5.381631478667259216e-02,-1.148347482085227966e-01,-2.330942451953887939e-01,-8.922702819108963013e-02,-1.178427115082740784e-01,5.424591898918151855e-02,-3.572852537035942078e-02,-1.147750169038772583e-01,-6.732754409313201904e-02,3.038284555077552795e-02,5.263635516166687012e-01,-1.326190680265426636e-01,1.617660373449325562e-01,1.322236061096191406e-01,9.258686006069183350e-02,-2.471425235271453857e-01,-1.191973239183425903e-01,-1.275420039892196655e-01,-1.084492728114128113e-01,7.132247835397720337e-02,9.876453550532460213e-04,-2.549318373203277588e-01,2.064269781112670898e-02,6.915893405675888062e-03,1.123009845614433289e-01,4.925115779042243958e-02,5.444378778338432312e-02,-9.687846899032592773e-02,-9.642362594604492188e-02,5.339729785919189453e-02,-8.434155024588108063e-03,-3.141264244914054871e-02,-3.961784765124320984e-02
3.538243770599365234e-01,1.522302925586700439e-01,6.039704084396362305e-01,1.000000119209289551e+00,2.629286646842956543e-01,2.814783751964569092e-01,4.019395411014556885e-01,-5.202644970268011093e-03,-1.174936294555664062e-01,-1.084378212690353394e-01,-4.748096689581871033e-03,5.735205020755529404e-03,-1.883552670478820801e-01,4.197638481855392456e-02,1.021461039781570435e-01,-5.743463337421417236e-02,1.112841889262199402e-01,-1.392094232141971588e-02,1.269542425870895386e-01,6.138323247432708740e-02,1.110312715172767639e-01,5.885932967066764832e-02,-1.822928339242935181e-01,-1.417222619056701660e-01,2.527440153062343597e-02,3.847922384738922119e-01,5.314045585691928864e-03,2.930359244346618652e-01,2.373685985803604126e-01,9.119810163974761963e-02,-1.057691201567649841e-01,-1.638652235269546509e-01,1.015671715140342712e-02,-1.971221156418323517e-02,-2.556309662759304047e-02,-8.838623762130737305e-02,-7.079716771841049194e-02,-5.531862750649452209e-02,-7.595191150903701782e-02,-4.802006762474775314e-03,1.956384479999542236e-01,1.059387624263763428e-01,-3.638528287410736084e-02,-8.673637360334396362e-02,2.969081513583660126e-02,-3.683024784550070763e-03,-1.237461641430854797e-01,-1.366223990917205811e-01
4.387838542461395264e-01,5.367051959037780762e-01,1.423726677894592285e-01,2.629286646842956543e-01,1.000000119209289551e+00,6.674449443817138672e-01,1.429196894168853760e-01,5.182254910469055176e-01,3.906289339065551758e-01,1.945431977510452271e-01,4.691042006015777588e-01,2.209511548280715942e-01,2.604874074459075928e-01,4.587972462177276611e-01,1.380546838045120239e-01,3.023543655872344971e-01,3.543459624052047729e-02,8.505561202764511108e-02,2.837765514850616455e-01,4.029769003391265869e-01,3.950360119342803955e-01,6.578776240348815918e-02,8.073026686906814575e-02,-5.673073604702949524e-02,-1.318546384572982788e-02,1.090521067380905151e-01,3.217633664608001709e-01,5.255634784698486328e-01,5.219691395759582520e-01,3.608823120594024658e-01,1.362551450729370117e-01,-1.016376819461584091e-02,5.268110036849975586e-01,4.141283333301544189e-01,1.141753494739532471e-01,6.358003616333007812e-02,3.641899228096008301e-01,2.364559322595596313e-01,2.388299107551574707e-01,1.062786653637886047e-01,6.551399230957031250e-01,3.455052375793457031e-01,2.836951613426208496e-01,1.846836358308792114e-01,9.198958426713943481e-02,2.155905365943908691e-01,-8.732196874916553497e-03,-7.354128360748291016e-02
3.337756693363189697e-01,5.288777947425842285e-01,9.527497738599777222e-02,2.814783751964569092e-01,6.674449443817138672e-01,9.999998807907104492e-01,2.833949327468872070e-01,4.954002201557159424e-01,4.265238344669342041e-01,2.448236644268035889e-01,4.920066595077514648e-01,2.244127243757247925e-01,2.161948233842849731e-01,4.504915475845336914e-01,8.788643777370452881e-02,2.338107377290725708e-01,2.023013681173324585e-01,2.135584950447082520e-01,3.608635663986206055e-01,4.311259090900421143e-01,3.454551696777343750e-01,7.811546325683593750e-02,2.461735717952251434e-02,-8.891811966896057129e-02,2.880081161856651306e-02,4.133791476488113403e-02,3.510443568229675293e-01,4.447308480739593506e-01,5.134955048561096191e-01,2.840360403060913086e-01,1.605115085840225220e-01,-8.949179947376251221e-02,5.094645023345947266e-01,3.680704236030578613e-01,6.648460775613784790e-02,1.937607070431113243e-03,3.889038264751434326e-01,1.643163561820983887e-01,1.431547701358795166e-01,1.787308789789676666e-02,6.154205203056335449e-01,3.629908859729766846e-01,2.795535922050476074e-01,1.306518614292144775e-01,1.362284421920776367e-01,2.444452792406082153e-01,-8.115699142217636108e-02,-1.196038052439689636e-01
4.136237874627113342e-02,1.676780581474304199e-01,2.664630711078643799e-01,4.019395411014556885e-01,1.429196894168853760e-01,2.833949327468872070e-01,9.999998211860656738e-01,3.525855485349893570e-03,4.505171999335289001e-02,-5.850495398044586182e-02,1.630427315831184387e-02,-7.826094329357147217e-02,-1.739406734704971313e-01,1.092559322714805603e-01,6.707975268363952637e-02,-1.090623363852500916e-01,5.266708135604858398e-01,3.688981235027313232e-01,4.169879555702209473e-01,1.601315140724182129e-01,-1.980671100318431854e-02,-2.593872137367725372e-02,-2.335257828235626221e-01,-2.901386320590972900e-01,1.999184936285018921e-01,2.468941807746887207e-01,1.913345605134963989e-01,3.349323943257331848e-02,1.482891738414764404e-01,-2.732312865555286407e-02,-3.153654560446739197e-02,-2.770792245864868164e-01,8.958864957094192505e-02,-1.057295501232147217e-01,-2.354169189929962158e-01,-2.832830250263214111e-01,3.316711261868476868e-02,-2.226433455944061279e-01,-2.364576011896133423e-01,-2.383916229009628296e-01,1.058700680732727051e-01,1.294761896133422852e-01,5.449681356549263000e-02,-1.371373087167739868e-01,1.417176872491836548e-01,1.096946299076080322e-01,-2.649132609367370605e-01,-2.753092348575592041e-01
2.551554143428802490e-01,3.947513699531555176e-01,-1.083898767828941345e-01,-5.202644970268011093e-03,5.182254910469055176e-01,4.954002201557159424e-01,3.525855485349893570e-03,1.000000238418579102e+00,5.901486873626708984e-01,2.577443420886993408e-01,6.660856008529663086e-01,2.711669802665710449e-01,3.678411543369293213e-01,6.090062856674194336e-01,9.055649489164352417e-02,3.608549535274505615e-01,1.210805475711822510e-01,1.799657344818115234e-01,1.566266417503356934e-01,3.445031344890594482e-01,2.288386225700378418e-01,-6.771348416805267334e-02,1.463587135076522827e-01,-3.767362609505653381e-02,-5.754151940345764160e-02,-1.629289388656616211e-01,3.951853513717651367e-01,3.580157160758972168e-01,3.666766285896301270e-01,2.063266634941101074e-01,1.622522026300430298e-01,-7.397951092571020126e-03,5.902158617973327637e-01,6.030867099761962891e-01,1.605365723371505737e-01,6.162983551621437073e-02,5.931025147438049316e-01,3.145270943641662598e-01,2.725574374198913574e-01,4.979070276021957397e-02,4.955769479274749756e-01,1.592647880315780640e-01,1.986952722072601318e-01,3.036075830459594727e-01,-2.220762521028518677e-02,1.431844681501388550e-01,-2.430701069533824921e-02,-7.965646684169769287e-02
1.293675005435943604e-01,3.798548281192779541e-01,-2.585183382034301758e-01,-1.174936294555664062e-01,3.906289339065551758e-01,4.265238344669342041e-01,4.505171999335289001e-02,5.901486873626708984e-01,9.999998807907104492e-01,3.759606182575225830e-01,6.263870596885681152e-01,2.137828618288040161e-01,4.703297317028045654e-01,4.577417671680450439e-01,-1.036089286208152771e-01,3.880130648612976074e-01,2.531994283199310303e-01,3.043076097965240479e-01,3.053372502326965332e-01,4.437928497791290283e-01,2.093580961227416992e-01,2.067434787750244141e-02,2.612417638301849365e-01,5.942362919449806213e-02,-1.132680401206016541e-01,-2.615959644317626953e-01,3.937210440635681152e-01,2.276229262351989746e-01,2.898902595043182373e-01,2.043440490961074829e-01,2.609333395957946777e-01,5.445339903235435486e-02,5.388240218162536621e-01,5.143601298332214355e-01,1.914740800857543945e-01,1.339702904224395752e-01,5.626237988471984863e-01,2.858620882034301758e-01,3.077133297920227051e-01,7.546452432870864868e-02,4.242429435253143311e-01,2.151989787817001343e-01,3.302273750305175781e-01,3.660991489887237549e-01,4.774552211165428162e-02,2.497352212667465210e-01,5.731698870658874512e-02,3.368990123271942139e-02
6.672909483313560486e-03,3.810699582099914551e-01,-7.368279248476028442e-02,-1.084378212690353394e-01,1.945431977510452271e-01,2.448236644268035889e-01,-5.850495398044586182e-02,2.577443420886993408e-01,3.759606182575225830e-01,9.999995231628417969e-01,2.965184748172760010e-01,4.718796312808990479e-01,4.503737390041351318e-01,1.082647368311882019e-01,7.042198628187179565e-02,3.716503679752349854e-01,-9.269773960113525391e-02,-1.091910898685455322e-01,7.072211802005767822e-02,3.280474245548248291e-01,3.556873500347137451e-01,1.596991121768951416e-01,3.569380640983581543e-01,3.429763019084930420e-01,2.333981543779373169e-02,6.503158807754516602e-02,1.105598211288452148e-01,1.024824678897857666e-01,8.656390011310577393e-02,3.118496537208557129e-01,1.753517091274261475e-01,2.450878620147705078e-01,1.487850099802017212e-01,2.188478410243988037e-01,3.337349593639373779e-01,3.706161081790924072e-01,1.610546559095382690e-01,3.696095943450927734e-01,3.818758130073547363e-01,2.972306609153747559e-01,1.995133161544799805e-01,3.962092697620391846e-01,3.713232874870300293e-01,3.339524269104003906e-01,3.731524944305419922e-01,5.108333826065063477e-01,3.423297405242919922e-01,2.481483817100524902e-01
2.426839172840118408e-01,3.975657820701599121e-01,-1.177085191011428833e-01,-4.748096689581871033e-03,4.691042006015777588e-01,4.920066595077514648e-01,1.630427315831184387e-02,6.660856008529663086e-01,6.263870596885681152e-01,2.965184748172760010e-01,9.999998807907104492e-01,3.616636395454406738e-01,4.666272699832916260e-01,5.821328163146972656e-01,7.310485094785690308e-02,4.219409823417663574e-01,2.037668526172637939e-01,2.526499927043914795e-01,1.899009793996810913e-01,4.260149598121643066e-01,2.666439116001129150e-01,-2.772631868720054626e-02,2.559535503387451172e-01,3.719234466552734375e-02,-7.998533546924591064e-02,-2.289551049470901489e-01,4.467764794826507568e-01,3.527301251888275146e-01,3.380999565124511719e-01,2.433832436800003052e-01,2.277117520570755005e-01,-1.311541441828012466e-02,6.081290841102600098e-01,5.746715664863586426e-01,2.028610706329345703e-01,1.363687813282012939e-01,5.788713097572326660e-01,3.419250845909118652e-01,3.237926363945007324e-01,9.775032103061676025e-02,4.708489477634429932e-01,1.472237557172775269e-01,2.436108887195587158e-01,3.485288918018341064e-01,4.233074933290481567e-02,2.012722045183181763e-01,3.054009983316063881e-03,-8.456671610474586487e-03
1.415005177259445190e-01,3.230755925178527832e-01,1.422460973262786865e-01,5.735205020755529404e-03,2.209511548280715942e-01,2.244127243757247925e-01,-7.826094329357147217e-02,2.711669802665710449e-01,2.137828618288040161e-01,4.718796312808990479e-01,3.616636395454406738e-01,1.000000357627868652e+00,4.853114485740661621e-01,1.968546360731124878e-01,4.032968580722808838e-01,4.813804924488067627e-01,-1.640529781579971313e-01,-1.275392323732376099e-01,-2.952550724148750305e-02,1.861281394958496094e-01,3.162713050842285156e-01,1.098469346761703491e-01,4.313217699527740479e-01,3.739833533763885498e-01,6.148552894592285156e-02,1.969895660877227783e-01,7.224346697330474854e-02,2.107761800289154053e-01,2.167748957872390747e-01,3.717325031757354736e-01,1.242719441652297974e-01,1.885862797498703003e-01,1.926834434270858765e-01,3.125348985195159912e-01,4.312993586063385010e-01,4.266454577445983887e-01,1.124036833643913269e-01,5.067638754844665527e-01,4.706778824329376221e-01,3.701770007610321045e-01,1.804348975419998169e-01,2.783131003379821777e-01,2.963892817497253418e-01,1.349475234746932983e-01,2.257207036018371582e-01,3.535847365856170654e-01,3.448806107044219971e-01,2.758905589580535889e-01
2.176613062620162964e-01,2.945944070816040039e-01,-1.712299138307571411e-01,-1.883552670478820801e-01,2.604874074459075928e-01,2.161948233842849731e-01,-1.739406734704971313e-01,3.678411543369293213e-01,4.703297317028045654e-01,4.503737390041351318e-01,4.666272699832916260e-01,4.853114485740661621e-01,9.999997019767761230e-01,2.684380114078521729e-01,1.446950286626815796e-01,6.223016977310180664e-01,-1.023217011243104935e-02,9.344153851270675659e-02,2.317218482494354248e-01,4.796782433986663818e-01,4.043733179569244385e-01,2.205006629228591919e-01,6.532301306724548340e-01,4.818518757820129395e-01,-6.447914242744445801e-02,-5.808443948626518250e-02,2.723008692264556885e-01,2.958257496356964111e-01,2.350337505340576172e-01,4.495802521705627441e-01,3.727394044399261475e-01,2.946571409702301025e-01,3.707964122295379639e-01,4.189363121986389160e-01,4.407448470592498779e-01,5.414298176765441895e-01,3.148696124553680420e-01,5.298073291778564453e-01,6.117668747901916504e-01,4.694600999355316162e-01,3.162789642810821533e-01,2.620893120765686035e-01,5.088410973548889160e-01,2.927941381931304932e-01,5.523587390780448914e-02,3.229231536388397217e-01,4.172167181968688965e-01,3.983105719089508057e-01
2.275889515876770020e-01,3.378996551036834717e-01,-8.626655489206314087e-02,4.197638481855392456e-02,4.587972462177276611e-01,4.504915475845336914e-01,1.092559322714805603e-01,6.090062856674194336e-01,4.577417671680450439e-01,1.082647368311882019e-01,5.821328163146972656e-01,1.968546360731124878e-01,2.684380114078521729e-01,1.000000238418579102e+00,2.665919959545135498e-01,3.070997595787048340e-01,1.835466027259826660e-01,2.145461440086364746e-01,1.936975121498107910e-01,3.181889951229095459e-01,2.337737530469894409e-01,-9.460512548685073853e-02,6.198481097817420959e-02,-1.525762975215911865e-01,5.121571198105812073e-02,-1.382986754179000854e-01,4.145790338516235352e-01,3.175815045833587646e-01,3.312811851501464844e-01,1.964286267757415771e-01,1.699908077716827393e-01,-6.421145796775817871e-02,5.379797220230102539e-01,5.327591300010681152e-01,6.466829031705856323e-02,-5.453962460160255432e-02,6.129513382911682129e-01,2.792860567569732666e-01,1.779116541147232056e-01,-5.002260580658912659e-02,4.193998277187347412e-01,1.081133782863616943e-01,1.352365463972091675e-01,1.686506271362304688e-01,1.558120455592870712e-02,9.601126611232757568e-02,-1.169119402766227722e-01,-1.715936660766601562e-01
1.835455149412155151e-01,1.735270321369171143e-01,1.851167678833007812e-01,1.021461039781570435e-01,1.380546838045120239e-01,8.788643777370452881e-02,6.707975268363952637e-02,9.055649489164352417e-02,-1.036089286208152771e-01,7.042198628187179565e-02,7.310485094785690308e-02,4.032968580722808838e-01,1.446950286626815796e-01,2.665919959545135498e-01,9.999998807907104492e-01,3.171688318252563477e-01,-1.213304847478866577e-01,-9.614335000514984131e-02,3.666792809963226318e-02,2.320533059537410736e-02,2.120048552751541138e-01,6.086844578385353088e-02,1.461873799562454224e-01,9.729243814945220947e-02,2.989998459815979004e-01,2.979778051376342773e-01,7.023497670888900757e-02,1.884205490350723267e-01,1.667707413434982300e-01,2.794982492923736572e-01,7.540205121040344238e-02,1.037818863987922668e-01,9.579258412122726440e-02,1.232913583517074585e-01,1.761572659015655518e-01,1.303049772977828979e-01,1.969240792095661163e-02,3.665051460266113281e-01,2.161778807640075684e-01,1.509468704462051392e-01,3.826282918453216553e-02,1.562273800373077393e-01,1.542993485927581787e-01,-1.476508826017379761e-01,1.765761971473693848e-01,1.726057529449462891e-01,1.460523158311843872e-01,-9.019352495670318604e-03
1.619709879159927368e-01,3.724267184734344482e-01,-5.381631478667259216e-02,-5.743463337421417236e-02,3.023543655872344971e-01,2.338107377290725708e-01,-1.090623363852500916e-01,3.608549535274505615e-01,3.880130648612976074e-01,3.716503679752349854e-01,4.219409823417663574e-01,4.813804924488067627e-01,6.223016977310180664e-01,3.070997595787048340e-01,3.171688318252563477e-01,1.000000119209289551e+00,-1.087543591856956482e-01,-2.844261378049850464e-02,2.246738672256469727e-01,3.383397161960601807e-01,3.492217659950256348e-01,8.786070346832275391e-02,5.618565678596496582e-01,3.727679252624511719e-01,-5.524437502026557922e-02,7.710286974906921387e-02,2.128604203462600708e-01,2.579716444015502930e-01,2.387559860944747925e-01,4.507915377616882324e-01,1.840557754039764404e-01,1.552817076444625854e-01,3.072689771652221680e-01,4.544495046138763428e-01,4.625755548477172852e-01,4.937897026538848877e-01,3.437907695770263672e-01,5.813684463500976562e-01,6.249082684516906738e-01,4.468311369419097900e-01,3.402087092399597168e-01,3.330427110195159912e-01,4.835186004638671875e-01,2.273346930742263794e-01,9.445351362228393555e-02,3.066548705101013184e-01,3.176066279411315918e-01,2.713871896266937256e-01
5.601099878549575806e-02,-3.987804055213928223e-02,-1.148347482085227966e-01,1.112841889262199402e-01,3.543459624052047729e-02,2.023013681173324585e-01,5.266708135604858398e-01,1.210805475711822510e-01,2.531994283199310303e-01,-9.269773960113525391e-02,2.037668526172637939e-01,-1.640529781579971313e-01,-1.023217011243104935e-02,1.835466027259826660e-01,-1.213304847478866577e-01,-1.087543591856956482e-01,1.000000119209289551e+00,6.736868619918823242e-01,4.469163417816162109e-01,3.215096592903137207e-01,-6.883003562688827515e-02,2.393455058336257935e-02,-1.064286977052688599e-01,-2.336618602275848389e-01,1.477615833282470703e-01,-2.206265628337860107e-01,3.674861490726470947e-01,3.962619975209236145e-02,8.138671517372131348e-02,-1.312926262617111206e-01,2.101001441478729248e-01,-2.237433493137359619e-01,2.663410604000091553e-01,-5.348858237266540527e-02,-3.113775253295898438e-01,-2.749555408954620361e-01,1.719260215759277344e-01,-2.653705477714538574e-01,-2.395899146795272827e-01,-2.823396325111389160e-01,5.541295930743217468e-02,-1.071820929646492004e-01,4.630112275481224060e-02,-1.605645008385181427e-02,-6.517887115478515625e-02,-4.219786450266838074e-02,-2.845019698143005371e-01,-2.253962606191635132e-01
1.239087358117103577e-01,-4.645937681198120117e-02,-2.330942451953887939e-01,-1.392094232141971588e-02,8.505561202764511108e-02,2.135584950447082520e-01,3.688981235027313232e-01,1.799657344818115234e-01,3.043076097965240479e-01,-1.091910898685455322e-01,2.526499927043914795e-01,-1.275392323732376099e-01,9.344153851270675659e-02,2.145461440086364746e-01,-9.614335000514984131e-02,-2.844261378049850464e-02,6.736868619918823242e-01,1.000000238418579102e+00,4.333652555942535400e-01,3.737980425357818604e-01,1.182324811816215515e-02,1.443098187446594238e-01,-1.879853941500186920e-02,-1.681764870882034302e-01,1.072404980659484863e-01,-3.276029229164123535e-01,3.676747679710388184e-01,1.284754127264022827e-01,1.471836268901824951e-01,-6.818173825740814209e-02,3.765474855899810791e-01,-9.416375309228897095e-02,3.440355658531188965e-01,1.063781231641769409e-02,-2.786817252635955811e-01,-2.272846698760986328e-01,2.178337275981903076e-01,-1.978978216648101807e-01,-1.861764043569564819e-01,-2.736247181892395020e-01,1.111630871891975403e-01,-1.284991204738616943e-01,9.164051711559295654e-02,-3.764577209949493408e-02,-1.310918927192687988e-01,-8.547098934650421143e-02,-2.044840902090072632e-01,-2.177921235561370850e-01
1.909323334693908691e-01,2.343364208936691284e-01,-8.922702819108963013e-02,1.269542425870895386e-01,2.837765514850616455e-01,3.608635663986206055e-01,4.169879555702209473e-01,1.566266417503356934e-01,3.053372502326965332e-01,7.072211802005767822e-02,1.899009793996810913e-01,-2.952550724148750305e-02,2.317218482494354248e-01,1.936975121498107910e-01,3.666792809963226318e-02,2.246738672256469727e-01,4.469163417816162109e-01,4.333652555942535400e-01,9.999998807907104492e-01,5.044262409210205078e-01,2.647036314010620117e-01,1.912540793418884277e-01,1.614537984132766724e-01,2.657313458621501923e-02,1.383215934038162231e-01,2.687135897576808929e-02,3.374899625778198242e-01,2.151924222707748413e-01,2.401040941476821899e-01,2.566873729228973389e-01,2.811022102832794189e-01,-6.193671002984046936e-02,3.329645693302154541e-01,9.062760323286056519e-02,-1.125965826213359833e-02,5.627824738621711731e-02,2.131791710853576660e-01,3.886386379599571228e-02,1.163621172308921814e-01,8.324182033538818359e-02,3.265573382377624512e-01,2.601484060287475586e-01,4.251761436462402344e-01,-1.630692370235919952e-02,-8.358320221304893494e-03,1.813132464885711670e-01,-1.491686888039112091e-02,2.732539921998977661e-02
3.630371391773223877e-01,3.428753018379211426e-01,-1.178427115082740784e-01,6.138323247432708740e-02,4.029769003391265869e-01,4.311259090900421143e-01,1.601315140724182129e-01,3.445031344890594482e-01,4.437928497791290283e-01,3.280474245548248291e-01,4.260149598121643066e-01,1.861281394958496094e-01,4.796782433986663818e-01,3.181889951229095459e-01,2.320533059537410736e-02,3.383397161960601807e-01,3.215096592903137207e-01,3.737980425357818604e-01,5.044262409210205078e-01,9.999995231628417969e-01,5.591260790824890137e-01,3.527176976203918457e-01,3.466078937053680420e-01,2.013070881366729736e-01,1.038631498813629150e-01,-9.425971657037734985e-02,4.671497642993927002e-01,4.275081753730773926e-01,2.729669213294982910e-01,4.626910686492919922e-01,5.083916783332824707e-01,1.750166267156600952e-01,4.848209023475646973e-01,2.211720645427703857e-01,8.405434340238571167e-02,2.295158654451370239e-01,2.892657220363616943e-01,1.755277514457702637e-01,2.689031362533569336e-01,2.178321480751037598e-01,4.355033338069915771e-01,2.647692561149597168e-01,4.733602106571197510e-01,2.687426209449768066e-01,1.193423718214035034e-01,3.266794681549072266e-01,1.533631831407546997e-01,1.362832337617874146e-01
4.111554920673370361e-01,3.476855158805847168e-01,5.424591898918151855e-02,1.110312715172767639e-01,3.950360119342803955e-01,3.454551696777343750e-01,-1.980671100318431854e-02,2.288386225700378418e-01,2.093580961227416992e-01,3.556873500347137451e-01,2.666439116001129150e-01,3.162713050842285156e-01,4.043733179569244385e-01,2.337737530469894409e-01,2.120048552751541138e-01,3.492217659950256348e-01,-6.883003562688827515e-02,1.182324811816215515e-02,2.647036314010620117e-01,5.591260790824890137e-01,1.000000119209289551e+00,4.626065194606781006e-01,3.346064388751983643e-01,2.685361802577972412e-01,1.522276252508163452e-01,1.086924448609352112e-01,2.466897368431091309e-01,4.728567004203796387e-01,2.785959243774414062e-01,6.090591549873352051e-01,4.770489633083343506e-01,3.128106594085693359e-01,3.040798306465148926e-01,1.825901120901107788e-01,2.253879308700561523e-01,2.813934683799743652e-01,1.347747445106506348e-01,2.946913242340087891e-01,3.208026289939880371e-01,3.076282143592834473e-01,3.639110326766967773e-01,3.324415981769561768e-01,4.098995923995971680e-01,1.735127121210098267e-01,1.845460385084152222e-01,3.412855565547943115e-01,2.759924829006195068e-01,1.932868510484695435e-01
3.519071638584136963e-01,9.041215479373931885e-02,-3.572852537035942078e-02,5.885932967066764832e-02,6.578776240348815918e-02,7.811546325683593750e-02,-2.593872137367725372e-02,-6.771348416805267334e-02,2.067434787750244141e-02,1.596991121768951416e-01,-2.772631868720054626e-02,1.098469346761703491e-01,2.205006629228591919e-01,-9.460512548685073853e-02,6.086844578385353088e-02,8.786070346832275391e-02,2.393455058336257935e-02,1.443098187446594238e-01,1.912540793418884277e-01,3.527176976203918457e-01,4.626065194606781006e-01,9.999999403953552246e-01,2.941922247409820557e-01,3.732911050319671631e-01,1.377001553773880005e-01,2.326725237071514130e-02,6.229888647794723511e-02,3.170265555381774902e-01,1.570761203765869141e-01,3.363689482212066650e-01,5.507953166961669922e-01,4.884702265262603760e-01,8.061206340789794922e-02,-4.382006078958511353e-02,1.259481161832809448e-01,2.543019354343414307e-01,-1.056048721075057983e-01,1.257539391517639160e-01,1.429541110992431641e-01,2.042887061834335327e-01,7.582122832536697388e-02,1.461985558271408081e-01,2.779801487922668457e-01,-1.356845069676637650e-02,9.972519427537918091e-02,1.862328648567199707e-01,4.308342039585113525e-01,2.487075030803680420e-01
1.799528896808624268e-01,1.553551852703094482e-01,-1.147750169038772583e-01,-1.822928339242935181e-01,8.073026686906814575e-02,2.461735717952251434e-02,-2.335257828235626221e-01,1.463587135076522827e-01,2.612417638301849365e-01,3.569380640983581543e-01,2.559535503387451172e-01,4.313217699527740479e-01,6.532301306724548340e-01,6.198481097817420959e-02,1.461873799562454224e-01,5.618565678596496582e-01,-1.064286977052688599e-01,-1.879853941500186920e-02,1.614537984132766724e-01,3.466078937053680420e-01,3.346064388751983643e-01,2.941922247409820557e-01,1.000000238418579102e+00,5.929857492446899414e-01,-6.498353928327560425e-02,2.996432036161422729e-02,1.194441840052604675e-01,2.254032641649246216e-01,1.252207159996032715e-01,4.258108437061309814e-01,3.076274693012237549e-01,3.171868324279785156e-01,1.922607570886611938e-01,2.826007306575775146e-01,4.868367314338684082e-01,6.333591341972351074e-01,1.208348199725151062e-01,5.285139679908752441e-01,6.340313553810119629e-01,6.041450500488281250e-01,1.646733433008193970e-01,2.282602339982986450e-01,4.817514419555664062e-01,1.794080287218093872e-01,3.462312743067741394e-02,2.736304104328155518e-01,5.146384835243225098e-01,5.647426843643188477e-01
1.379935443401336670e-01,8.339852839708328247e-02,-6.732754409313201904e-02,-1.417222619056701660e-01,-5.673073604702949524e-02,-8.891811966896057129e-02,-2.901386320590972900e-01,-3.767362609505653381e-02,5.942362919449806213e-02,3.429763019084930420e-01,3.719234466552734375e-02,3.739833533763885498e-01,4.818518757820129395e-01,-1.525762975215911865e-01,9.729243814945220947e-02,3.727679252624511719e-01,-2.336618602275848389e-01,-1.681764870882034302e-01,2.657313458621501923e-02,2.013070881366729736e-01,2.685361802577972412e-01,3.732911050319671631e-01,5.929857492446899414e-01,9.999997615814208984e-01,-2.506366744637489319e-02,1.075754687190055847e-01,-2.455267123878002167e-02,1.611112058162689209e-01,5.829339101910591125e-02,3.691210448741912842e-01,2.552819252014160156e-01,4.388722181320190430e-01,-2.086341567337512970e-02,1.098325178027153015e-01,4.485206007957458496e-01,6.876259446144104004e-01,-7.573500275611877441e-02,4.228245019912719727e-01,5.050843358039855957e-01,5.833694338798522949e-01,2.341558970510959625e-02,2.135951668024063110e-01,3.835569620132446289e-01,9.466347843408584595e-02,7.993201911449432373e-02,2.505348622798919678e-01,6.596539616584777832e-01,5.978006720542907715e-01
1.189494952559471130e-01,2.606188692152500153e-02,3.038284555077552795e-02,2.527440153062343597e-02,-1.318546384572982788e-02,2.880081161856651306e-02,1.999184936285018921e-01,-5.754151940345764160e-02,-1.132680401206016541e-01,2.333981543779373169e-02,-7.998533546924591064e-02,6.148552894592285156e-02,-6.447914242744445801e-02,5.121571198105812073e-02,2.989998459815979004e-01,-5.524437502026557922e-02,1.477615833282470703e-01,1.072404980659484863e-01,1.383215934038162231e-01,1.038631498813629150e-01,1.522276252508163452e-01,1.377001553773880005e-01,-6.498353928327560425e-02,-2.506366744637489319e-02,1.000000238418579102e+00,8.404301851987838745e-02,3.731217384338378906e-01,1.561507433652877808e-01,1.513346098363399506e-02,1.705837547779083252e-01,1.580551117658615112e-01,1.031506806612014771e-01,1.241529732942581177e-01,-1.887367218732833862e-01,-1.178678944706916809e-01,-8.023527264595031738e-02,-1.621665954589843750e-01,-5.409238114953041077e-02,-1.053107529878616333e-01,-5.639070644974708557e-02,-7.878160476684570312e-02,4.735981300473213196e-02,5.079324916005134583e-02,-7.595667988061904907e-02,1.748401671648025513e-01,1.353327035903930664e-01,2.956877090036869049e-02,-1.124810650944709778e-01
1.385353803634643555e-01,2.173823863267898560e-01,5.263635516166687012e-01,3.847922384738922119e-01,1.090521067380905151e-01,4.133791476488113403e-02,2.468941807746887207e-01,-1.629289388656616211e-01,-2.615959644317626953e-01,6.503158807754516602e-02,-2.289551049470901489e-01,1.969895660877227783e-01,-5.808443948626518250e-02,-1.382986754179000854e-01,2.979778051376342773e-01,7.710286974906921387e-02,-2.206265628337860107e-01,-3.276029229164123535e-01,2.687135897576808929e-02,-9.425971657037734985e-02,1.086924448609352112e-01,2.326725237071514130e-02,2.996432036161422729e-02,1.075754687190055847e-01,8.404301851987838745e-02,9.999998211860656738e-01,-1.970454007387161255e-01,1.371391266584396362e-01,1.360963732004165649e-01,2.577196657657623291e-01,-1.906864047050476074e-01,7.753067463636398315e-02,-1.884196698665618896e-01,-6.806238740682601929e-02,2.146064192056655884e-01,1.860070973634719849e-01,-2.447936683893203735e-01,1.785574853420257568e-01,1.738742738962173462e-01,2.536472976207733154e-01,7.762280851602554321e-02,3.230495750904083252e-01,1.625296920537948608e-01,-1.783809810876846313e-01,1.611808985471725464e-01,1.657735109329223633e-01,1.767588108777999878e-01,1.245922446250915527e-01
2.573018968105316162e-01,2.925775051116943359e-01,-1.326190680265426636e-01,5.314045585691928864e-03,3.217633664608001709e-01,3.510443568229675293e-01,1.913345605134963989e-01,3.951853513717651367e-01,3.937210440635681152e-01,1.105598211288452148e-01,4.467764794826507568e-01,7.224346697330474854e-02,2.723008692264556885e-01,4.145790338516235352e-01,7.023497670888900757e-02,2.128604203462600708e-01,3.674861490726470947e-01,3.676747679710388184e-01,3.374899625778198242e-01,4.671497642993927002e-01,2.466897368431091309e-01,6.229888647794723511e-02,1.194441840052604675e-01,-2.455267123878002167e-02,3.731217384338378906e-01,-1.970454007387161255e-01,9.999997019767761230e-01,3.540320694446563721e-01,2.238979190587997437e-01,2.462976127862930298e-01,2.916120290756225586e-01,8.627256378531455994e-03,5.860418081283569336e-01,2.447359263896942139e-01,5.331165157258510590e-04,2.565536275506019592e-02,3.379901051521301270e-01,7.948744297027587891e-02,1.160151213407516479e-01,6.554320920258760452e-03,3.241591155529022217e-01,9.146729856729507446e-02,2.376430928707122803e-01,2.221318483352661133e-01,1.042762026190757751e-01,1.945674568414688110e-01,-4.141696915030479431e-02,-9.332308918237686157e-02
6.432799100875854492e-01,3.347366750240325928e-01,1.617660373449325562e-01,2.930359244346618652e-01,5.255634784698486328e-01,4.447308480739593506e-01,3.349323943257331848e-02,3.580157160758972168e-01,2.276229262351989746e-01,1.024824678897857666e-01,3.527301251888275146e-01,2.107761800289154053e-01,2.958257496356964111e-01,3.175815045833587646e-01,1.884205490350723267e-01,2.579716444015502930e-01,3.962619975209236145e-02,1.284754127264022827e-01,2.151924222707748413e-01,4.275081753730773926e-01,4.728567004203796387e-01,3.170265555381774902e-01,2.254032641649246216e-01,1.611112058162689209e-01,1.561507433652877808e-01,1.371391266584396362e-01,3.540320694446563721e-01,9.999998807907104492e-01,5.313817858695983887e-01,4.802089929580688477e-01,3.751613795757293701e-01,2.434599697589874268e-01,4.721726775169372559e-01,3.020456135272979736e-01,1.843474656343460083e-01,2.119267582893371582e-01,1.949084848165512085e-01,2.708782255649566650e-01,2.888242006301879883e-01,2.279738038778305054e-01,5.118884444236755371e-01,2.366694957017898560e-01,3.061705529689788818e-01,6.308151781558990479e-02,-2.745324186980724335e-02,1.203127503395080566e-01,1.721767038106918335e-01,8.836215734481811523e-02
4.185988903045654297e-01,3.560497760772705078e-01,1.322236061096191406e-01,2.373685985803604126e-01,5.219691395759582520e-01,5.134955048561096191e-01,1.482891738414764404e-01,3.666766285896301270e-01,2.898902595043182373e-01,8.656390011310577393e-02,3.380999565124511719e-01,2.167748957872390747e-01,2.350337505340576172e-01,3.312811851501464844e-01,1.667707413434982300e-01,2.387559860944747925e-01,8.138671517372131348e-02,1.471836268901824951e-01,2.401040941476821899e-01,2.729669213294982910e-01,2.785959243774414062e-01,1.570761203765869141e-01,1.252207159996032715e-01,5.829339101910591125e-02,1.513346098363399506e-02,1.360963732004165649e-01,2.238979190587997437e-01,5.313817858695983887e-01,9.999996423721313477e-01,3.516480922698974609e-01,2.088003307580947876e-01,6.777237355709075928e-02,4.140560626983642578e-01,3.641142845153808594e-01,2.145967632532119751e-01,1.424222886562347412e-01,2.673184573650360107e-01,2.964051663875579834e-01,2.687061727046966553e-01,1.464266479015350342e-01,4.927029013633728027e-01,2.600480616092681885e-01,2.412951588630676270e-01,-9.022067487239837646e-02,-1.005507931113243103e-01,5.866995081305503845e-02,6.610336899757385254e-02,9.446521103382110596e-02
3.678821921348571777e-01,3.816758096218109131e-01,9.258686006069183350e-02,9.119810163974761963e-02,3.608823120594024658e-01,2.840360403060913086e-01,-2.732312865555286407e-02,2.063266634941101074e-01,2.043440490961074829e-01,3.118496537208557129e-01,2.433832436800003052e-01,3.717325031757354736e-01,4.495802521705627441e-01,1.964286267757415771e-01,2.794982492923736572e-01,4.507915377616882324e-01,-1.312926262617111206e-01,-6.818173825740814209e-02,2.566873729228973389e-01,4.626910686492919922e-01,6.090591549873352051e-01,3.363689482212066650e-01,4.258108437061309814e-01,3.691210448741912842e-01,1.705837547779083252e-01,2.577196657657623291e-01,2.462976127862930298e-01,4.802089929580688477e-01,3.516480922698974609e-01,9.999997615814208984e-01,4.044714272022247314e-01,3.543224036693572998e-01,2.896943390369415283e-01,2.550774216651916504e-01,3.737116754055023193e-01,4.409310221672058105e-01,1.114169433712959290e-01,4.440482556819915771e-01,4.881770908832550049e-01,4.425818622112274170e-01,3.737850189208984375e-01,3.961658477783203125e-01,4.734946787357330322e-01,1.283438056707382202e-01,1.393416970968246460e-01,3.263264000415802002e-01,3.673352897167205811e-01,2.945468127727508545e-01
3.543765544891357422e-01,7.841331511735916138e-02,-2.471425235271453857e-01,-1.057691201567649841e-01,1.362551450729370117e-01,1.605115085840225220e-01,-3.153654560446739197e-02,1.622522026300430298e-01,2.609333395957946777e-01,1.753517091274261475e-01,2.277117520570755005e-01,1.242719441652297974e-01,3.727394044399261475e-01,1.699908077716827393e-01,7.540205121040344238e-02,1.840557754039764404e-01,2.101001441478729248e-01,3.765474855899810791e-01,2.811022102832794189e-01,5.083916783332824707e-01,4.770489633083343506e-01,5.507953166961669922e-01,3.076274693012237549e-01,2.552819252014160156e-01,1.580551117658615112e-01,-1.906864047050476074e-01,2.916120290756225586e-01,3.751613795757293701e-01,2.088003307580947876e-01,4.044714272022247314e-01,9.999998807907104492e-01,4.622271358966827393e-01,3.132406771183013916e-01,1.126076728105545044e-01,8.330357819795608521e-02,1.619609445333480835e-01,1.404709368944168091e-01,1.620247960090637207e-01,1.561716049909591675e-01,7.646293938159942627e-02,1.655512005090713501e-01,6.688318401575088501e-02,2.976933121681213379e-01,8.191574364900588989e-02,-3.335759742185473442e-03,1.134552583098411560e-01,2.786365747451782227e-01,1.057807058095932007e-01
2.382039278745651245e-01,1.054469272494316101e-01,-1.191973239183425903e-01,-1.638652235269546509e-01,-1.016376819461584091e-02,-8.949179947376251221e-02,-2.770792245864868164e-01,-7.397951092571020126e-03,5.445339903235435486e-02,2.450878620147705078e-01,-1.311541441828012466e-02,1.885862797498703003e-01,2.946571409702301025e-01,-6.421145796775817871e-02,1.037818863987922668e-01,1.552817076444625854e-01,-2.237433493137359619e-01,-9.416375309228897095e-02,-6.193671002984046936e-02,1.750166267156600952e-01,3.128106594085693359e-01,4.884702265262603760e-01,3.171868324279785156e-01,4.388722181320190430e-01,1.031506806612014771e-01,7.753067463636398315e-02,8.627256378531455994e-03,2.434599697589874268e-01,6.777237355709075928e-02,3.543224036693572998e-01,4.622271358966827393e-01,9.999994635581970215e-01,2.924910187721252441e-02,5.444779992103576660e-02,2.286209464073181152e-01,3.625833392143249512e-01,-7.082291692495346069e-02,2.743287384510040283e-01,2.700477540493011475e-01,2.273576706647872925e-01,2.107645012438297272e-02,1.252227574586868286e-01,2.287573516368865967e-01,1.356977671384811401e-01,1.061580181121826172e-01,1.783201396465301514e-01,5.776345729827880859e-01,2.575434446334838867e-01
3.778347373008728027e-01,3.808995783329010010e-01,-1.275420039892196655e-01,1.015671715140342712e-02,5.268110036849975586e-01,5.094645023345947266e-01,8.958864957094192505e-02,5.902158617973327637e-01,5.388240218162536621e-01,1.487850099802017212e-01,6.081290841102600098e-01,1.926834434270858765e-01,3.707964122295379639e-01,5.379797220230102539e-01,9.579258412122726440e-02,3.072689771652221680e-01,2.663410604000091553e-01,3.440355658531188965e-01,3.329645693302154541e-01,4.848209023475646973e-01,3.040798306465148926e-01,8.061206340789794922e-02,1.922607570886611938e-01,-2.086341567337512970e-02,1.241529732942581177e-01,-1.884196698665618896e-01,5.860418081283569336e-01,4.721726775169372559e-01,4.140560626983642578e-01,2.896943390369415283e-01,3.132406771183013916e-01,2.924910187721252441e-02,9.999997615814208984e-01,4.702109396457672119e-01,1.086510047316551208e-01,6.694198399782180786e-02,4.936799108982086182e-01,2.339066416025161743e-01,2.477297186851501465e-01,7.247066497802734375e-02,5.324664711952209473e-01,1.659086942672729492e-01,2.825559675693511963e-01,1.923988461494445801e-01,-8.038909174501895905e-03,1.725935339927673340e-01,-2.430540695786476135e-02,-3.296849131584167480e-02
