9.999994635581970215e-01,1.807782649993896484e-01,2.524962723255157471e-01,4.052044749259948730e-01,5.346053838729858398e-01,4.424587488174438477e-01,-1.435914486646652222e-01,-8.464799076318740845e-02,9.494175761938095093e-02,9.826405346393585205e-02,4.165677726268768311e-02,4.025030732154846191e-01,2.775054275989532471e-01,1.318016797304153442e-01,3.966284990310668945e-01,1.280207484960556030e-01,-1.776296794414520264e-01,-1.424305588006973267e-01,2.699512615799903870e-02,1.906595975160598755e-01,3.922753930091857910e-01,6.912658363580703735e-02,-1.579693146049976349e-02,1.135497447103261948e-02,7.984279841184616089e-02,-1.531520485877990723e-01,1.623545140027999878e-01,5.399298667907714844e-01,2.857609689235687256e-01,1.453708857297897339e-01,6.691484898328781128e-02,2.382517233490943909e-02,3.744950294494628906e-01,-4.635709896683692932e-02,4.765432700514793396e-02,1.936835423111915588e-02,-8.956850320100784302e-02,1.980783976614475250e-02,-1.039533759467303753e-03,5.107084289193153381e-02,4.096400737762451172e-01,1.259599030017852783e-01,6.963200867176055908e-02,-5.817397311329841614e-02,1.996183544397354126e-01,1.912717223167419434e-01,4.090122506022453308e-02,1.105448007583618164e-01
1.807782649993896484e-01,9.999999403953552246e-01,-3.997001349925994873e-01,-2.468492686748504639e-01,3.271368741989135742e-01,4.280188381671905518e-01,1.438556611537933350e-01,1.249267011880874634e-01,5.303290486335754395e-02,1.293890327215194702e-01,-3.113341704010963440e-02,-1.021710857748985291e-01,2.451997846364974976e-01,-8.275569975376129150e-02,8.655507117509841919e-02,2.350810766220092773e-01,9.897942841053009033e-02,2.934747561812400818e-02,2.505211532115936279e-01,2.310686260461807251e-01,-1.180608943104743958e-01,3.368249535560607910e-02,2.829371690750122070e-01,3.085053265094757080e-01,-6.255023181438446045e-02,-5.641819909214973450e-03,2.024334073066711426e-01,2.306604087352752686e-01,5.810587406158447266e-01,1.320603191852569580e-01,1.308532506227493286e-01,1.251583099365234375e-01,2.260177731513977051e-01,2.438586056232452393e-01,3.933483064174652100e-01,2.810300290584564209e-01,6.758998334407806396e-02,3.939642012119293213e-01,3.710491657257080078e-01,1.882798671722412109e-01,6.073324680328369141e-01,6.473860144615173340e-01,4.026934504508972168e-01,5.283672213554382324e-01,5.328556299209594727e-01,3.146902918815612793e-01,2.768486142158508301e-01,1.229804977774620056e-01
2.524962723255157471e-01,-3.997001349925994873e-01,9.999992251396179199e-01,6.951205134391784668e-01,5.699475854635238647e-02,6.128389388322830200e-02,1.807179152965545654e-01,-1.483311206102371216e-01,-2.658420056104660034e-02,-2.496012672781944275e-02,8.798413909971714020e-03,2.503853738307952881e-01,6.408759392797946930e-03,1.509326547384262085e-01,6.243329867720603943e-02,-1.153825446963310242e-01,3.413644433021545410e-02,4.582780599594116211e-02,-2.631068602204322815e-02,8.972889930009841919e-02,4.250404834747314453e-01,1.342901885509490967e-01,-2.055851072072982788e-01,-3.364899754524230957e-01,-1.147349476814270020e-01,3.038356900215148926e-01,-2.296057790517807007e-01,2.011627703905105591e-01,-1.363851130008697510e-01,-3.597537055611610413e-02,-1.130533521063625813e-03,-7.170670479536056519e-02,-9.263932704925537109e-02,-2.307414561510086060e-01,-2.383825182914733887e-01,-3.106805086135864258e-01,-8.245686441659927368e-02,-2.691414952278137207e-01,-3.248472809791564941e-01,-2.629775106906890869e-01,-5.994289368391036987e-02,-3.093630969524383545e-01,-9.488864243030548096e-02,-2.970785796642303467e-01,-2.313345074653625488e-01,-4.899559170007705688e-02,-2.370646595954895020e-01,3.030452411621809006e-03
4.052044749259948730e-01,-2.468492686748504639e-01,6.951205134391784668e-01,9.999997615814208984e-01,1.361592859029769897e-01,2.660645246505737305e-01,1.672555059194564819e-01,-2.088601738214492798e-01,-5.973505973815917969e-02,1.339924056082963943e-02,-6.168494746088981628e-02,1.787442415952682495e-01,5.150673165917396545e-02,1.087160930037498474e-01,1.709967404603958130e-01,-1.279150042682886124e-02,-4.848632495850324631e-03,5.657499283552169800e-02,7.085546106100082397e-02,1.703974604606628418e-01,3.934804499149322510e-01,2.421709001064300537e-01,-9.447210282087326050e-02,-2.091047465801239014e-01,-1.266794800758361816e-01,1.996154636144638062e-01,-1.679644137620925903e-01,2.003871798515319824e-01,-6.283724308013916016e-02,-1.769428513944149017e-02,-6.505094468593597412e-02,-6.542731076478958130e-02,-1.295323371887207031e-01,-2.020823955535888672e-01,-1.869944483041763306e-01,-1.706078946590423584e-01,-7.552501559257507324e-02,-1.973382830619812012e-01,-1.948202401399612427e-01,-6.423565000295639038e-02,1.586402393877506256e-02,-1.910299956798553467e-01,-1.825262606143951416e-02,-2.590527832508087158e-01,-1.086571216583251953e-01,1.984602771699428558e-02,-1.178770363330841064e-01,9.488137811422348022e-02
5.346053838729858398e-01,3.271368741989135742e-01,5.699475854635238647e-02,1.361592859029769897e-01,1.000000119209289551e+00,5.715678334236145020e-01,1.813996024429798126e-02,2.252741344273090363e-02,1.456902921199798584e-01,3.238713443279266357e-01,1.093856617808341980e-01,2.529506087303161621e-01,3.898534178733825684e-01,-3.270063549280166626e-02,2.058269232511520386e-01,1.493060141801834106e-01,-7.759776711463928223e-02,-8.214019984006881714e-02,9.113504737615585327e-02,1.824833899736404419e-01,1.329857110977172852e-01,-7.008721679449081421e-02,1.351016908884048462e-01,1.232893094420433044e-01,1.173290889710187912e-02,-2.177601680159568787e-02,1.565179228782653809e-01,4.022924900054931641e-01,3.042231202125549316e-01,-7.579166442155838013e-02,-1.155956164002418518e-01,-3.767706826329231262e-02,3.617786467075347900e-01,4.392776265740394592e-02,8.392862230539321899e-02,1.328363865613937378e-01,-8.438103646039962769e-02,2.282133251428604126e-01,1.789068579673767090e-01,2.123256027698516846e-01,5.440223217010498047e-01,3.004291653633117676e-01,1.708304584026336670e-01,5.647892504930496216e-02,2.776506841182708740e-01,2.472293525934219360e-01,1.247981041669845581e-01,1.705896258354187012e-01
4.424587488174438477e-01,4.280188381671905518e-01,6.128389388322830200e-02,2.660645246505737305e-01,5.715678334236145020e-01,1.000000119209289551e+00,1.028469949960708618e-01,-2.004233896732330322e-01,-4.802233073860406876e-03,5.947229266166687012e-02,-1.720826923847198486e-01,-7.376875262707471848e-03,2.595091760158538818e-01,-7.199762016534805298e-02,2.014123648405075073e-01,1.734446734189987183e-01,-1.393464207649230957e-01,-1.701466739177703857e-01,3.511739373207092285e-01,4.238314628601074219e-01,1.737683266401290894e-01,6.175560504198074341e-02,-6.276658177375793457e-02,9.129642695188522339e-02,-1.417671293020248413e-01,9.038683027029037476e-02,6.557324528694152832e-02,2.140363454818725586e-01,3.244825899600982666e-01,-1.592958159744739532e-02,-2.412342093884944916e-02,-4.029823839664459229e-02,2.299032509326934814e-01,-5.558947101235389709e-02,6.709059327840805054e-02,6.534299999475479126e-02,-1.045835614204406738e-01,1.010985448956489563e-01,4.208901431411504745e-03,4.674419687944464386e-05,6.245239973068237305e-01,4.185394644737243652e-01,3.140051662921905518e-01,6.932103633880615234e-02,3.226585388183593750e-01,2.637890577316284180e-01,3.844240307807922363e-02,-4.817301034927368164e-02
-1.435914486646652222e-01,1.438556611537933350e-01,1.807179152965545654e-01,1.672555059194564819e-01,1.813996024429798126e-02,1.028469949960708618e-01,1.000000357627868652e+00,2.951795980334281921e-02,-2.576315216720104218e-02,1.518501341342926025e-01,1.570640504360198975e-02,-2.433641999959945679e-01,-4.010526929050683975e-03,7.382654398679733276e-02,-3.196074441075325012e-02,6.844357401132583618e-02,7.194089889526367188e-01,5.560897588729858398e-01,3.663268685340881348e-01,2.308980971574783325e-01,-8.634758181869983673e-03,1.197208985686302185e-01,1.653615683317184448e-01,-2.201305702328681946e-02,-5.141050368547439575e-02,6.100837588310241699e-01,3.387633338570594788e-02,-5.856215208768844604e-02,5.704454332590103149e-02,-7.993974536657333374e-02,6.466322392225265503e-02,2.365495078265666962e-02,-1.883436590433120728e-01,2.021444588899612427e-01,1.086909994482994080e-01,9.433109313249588013e-03,1.282883882522583008e-01,1.385211944580078125e-01,6.542330980300903320e-02,-3.369439020752906799e-02,-2.883733995258808136e-02,3.651005029678344727e-01,3.933926224708557129e-01,8.732155710458755493e-02,1.979199200868606567e-01,3.360408246517181396e-01,-3.285481408238410950e-02,3.857145318761467934e-03
-8.464799076318740845e-02,1.249267011880874634e-01,-1.483311206102371216e-01,-2.088601738214492798e-01,2.252741344273090363e-02,-2.004233896732330322e-01,2.951795980334281921e-02,1.000000357627868652e+00,4.773922860622406006e-01,4.912232160568237305e-01,6.295874118804931641e-01,4.138098657131195068e-01,3.364769220352172852e-01,4.824678897857666016e-01,8.690821379423141479e-02,-2.366543747484683990e-03,1.482778340578079224e-01,1.490981131792068481e-01,-9.978065639734268188e-02,2.119408175349235535e-02,1.714635640382766724e-01,-8.610869199037551880e-02,9.098635613918304443e-02,-1.420227438211441040e-02,5.443909764289855957e-01,4.844947531819343567e-02,2.427944689989089966e-01,5.382239818572998047e-02,-2.551825251430273056e-03,5.178894847631454468e-03,9.079042822122573853e-02,-1.040313988924026489e-01,4.105669558048248291e-01,5.209020376205444336e-01,1.576588302850723267e-01,-1.402020361274480820e-02,5.562059879302978516e-01,3.671616315841674805e-01,1.377077996730804443e-01,8.941013365983963013e-02,-1.569300591945648193e-01,1.623065024614334106e-01,2.692369185388088226e-02,2.794848382472991943e-01,5.675686895847320557e-02,1.952359825372695923e-01,4.700189456343650818e-03,4.870601929724216461e-03
9.494175761938095093e-02,5.303290486335754395e-02,-2.658420056104660034e-02,-5.973505973815917969e-02,1.456902921199798584e-01,-4.802233073860406876e-03,-2.576315216720104218e-02,4.773922860622406006e-01,9.999995231628417969e-01,5.874136090278625488e-01,4.912376105785369873e-01,4.913351833820343018e-01,4.172424674034118652e-01,2.586567699909210205e-01,2.647611312568187714e-02,2.990499697625637054e-02,8.128347247838973999e-02,-4.201811924576759338e-02,-6.797590106725692749e-02,-1.129705272614955902e-02,2.209919840097427368e-01,-2.245282530784606934e-01,-4.190175980329513550e-02,-2.509948909282684326e-01,2.525795400142669678e-01,-1.329704932868480682e-02,7.692371308803558350e-02,1.260540932416915894e-01,-6.865726318210363388e-03,-8.336354047060012817e-02,-7.412109524011611938e-02,-1.853669583797454834e-01,2.023454159498214722e-01,2.132542431354522705e-01,7.820939272642135620e-02,-1.742588877677917480e-01,1.967624723911285400e-01,1.953764408826828003e-01,2.126748859882354736e-02,-1.477024052292108536e-02,1.963693648576736450e-02,1.647721379995346069e-01,2.923542261123657227e-02,1.335789263248443604e-01,4.486552625894546509e-02,3.164651095867156982e-01,-2.174339592456817627e-01,-7.856414467096328735e-02
9.826405346393585205e-02,1.293890327215194702e-01,-2.496012672781944275e-02,1.339924056082963943e-02,3.238713443279266357e-01,5.947229266166687012e-02,1.518501341342926025e-01,4.912232160568237305e-01,5.874136090278625488e-01,1.000000357627868652e+00,4.795613884925842285e-01,3.822506368160247803e-01,5.044406652450561523e-01,2.021834999322891235e-01,9.139077365398406982e-02,2.584503404796123505e-02,2.332758754491806030e-01,1.038218960165977478e-01,-8.764319121837615967e-03,7.182171195745468140e-02,1.420134156942367554e-01,-2.332172393798828125e-01,1.081494316458702087e-01,-1.354791522026062012e-01,1.836815178394317627e-01,5.317303165793418884e-02,8.455787599086761475e-02,1.358902007341384888e-01,2.899240329861640930e-02,-1.049438938498497009e-01,-1.319353282451629639e-01,-1.947856843471527100e-01,1.625014394521713257e-01,3.057013750076293945e-01,1.033416539430618286e-01,-4.790952429175376892e-02,2.283365577459335327e-01,2.951270341873168945e-01,1.251254081726074219e-01,1.301521807909011841e-01,4.960123449563980103e-02,2.679399847984313965e-01,1.633595079183578491e-01,1.888985931873321533e-01,2.314619123935699463e-01,4.754879772663116455e-01,-1.022768840193748474e-01,5.664439126849174500e-02
4.165677726268768311e-02,-3.113341704010963440e-02,8.798413909971714020e-03,-6.168494746088981628e-02,1.093856617808341980e-01,-1.720826923847198486e-01,1.570640504360198975e-02,6.295874118804931641e-01,4.912376105785369873e-01,4.795613884925842285e-01,1.000000596046447754e+00,5.344319939613342285e-01,4.361572861671447754e-01,3.381235897541046143e-01,1.677078157663345337e-01,1.004464253783226013e-01,1.383044421672821045e-01,7.047691941261291504e-02,-1.898992955684661865e-01,-1.636980921030044556e-01,1.590415835380554199e-01,-1.009132713079452515e-01,1.514556705951690674e-01,-6.908170878887176514e-02,5.262222886085510254e-01,-4.948618263006210327e-02,2.590179741382598877e-01,1.864582300186157227e-01,-3.534019738435745239e-02,1.186582297086715698e-01,8.974637836217880249e-02,-1.473682224750518799e-01,3.422608375549316406e-01,5.176252126693725586e-01,2.294594198465347290e-01,-8.587814867496490479e-03,3.376656472682952881e-01,4.303875863552093506e-01,1.489401608705520630e-01,1.694299727678298950e-01,-1.387097239494323730e-01,1.038945987820625305e-01,-1.894562505185604095e-02,3.301404044032096863e-02,3.021415509283542633e-02,1.890408843755722046e-01,-2.122892998158931732e-02,1.383338272571563721e-01
4.025030732154846191e-01,-1.021710857748985291e-01,2.503853738307952881e-01,1.787442415952682495e-01,2.529506087303161621e-01,-7.376875262707471848e-03,-2.433641999959945679e-01,4.138098657131195068e-01,4.913351833820343018e-01,3.822506368160247803e-01,5.344319939613342285e-01,1.000000238418579102e+00,4.049107134342193604e-01,4.231300055980682373e-01,2.355030924081802368e-01,3.808715939521789551e-02,-1.370029449462890625e-01,-1.583192199468612671e-01,-2.562034428119659424e-01,-7.497148215770721436e-02,5.160423517227172852e-01,-8.485880494117736816e-02,-8.085562288761138916e-02,-1.370209306478500366e-01,3.679638504981994629e-01,-1.542691886425018311e-01,1.697589308023452759e-01,3.957802057266235352e-01,3.373989835381507874e-02,1.197895556688308716e-01,2.837218903005123138e-02,-1.450226157903671265e-01,4.752895534038543701e-01,1.965935975313186646e-01,1.502260565757751465e-01,-7.900965213775634766e-02,1.682973504066467285e-01,1.442407220602035522e-01,2.951581962406635284e-02,3.201179951429367065e-02,7.461782079190015793e-03,-8.815801143646240234e-02,-1.073932647705078125e-01,-4.697224870324134827e-02,-8.713115751743316650e-02,9.130688756704330444e-02,-1.003529876470565796e-01,4.411238804459571838e-02
2.775054275989532471e-01,2.451997846364974976e-01,6.408759392797946930e-03,5.150673165917396545e-02,3.898534178733825684e-01,2.595091760158538818e-01,-4.010526929050683975e-03,3.364769220352172852e-01,4.172424674034118652e-01,5.044406652450561523e-01,4.361572861671447754e-01,4.049107134342193604e-01,9.999997019767761230e-01,2.026990801095962524e-01,3.071115612983703613e-01,2.704980373382568359e-01,-3.896799311041831970e-02,-5.143641959875822067e-03,7.407791167497634888e-02,2.481213361024856567e-01,3.193054497241973877e-01,7.110636681318283081e-02,2.260198146104812622e-01,-5.995658412575721741e-02,1.846373677253723145e-01,-4.552610591053962708e-02,1.571858823299407959e-01,1.656781286001205444e-01,1.040637493133544922e-01,-3.470357507467269897e-02,5.134863406419754028e-02,-1.098271533846855164e-01,2.655203044414520264e-01,2.676388323307037354e-01,1.991071850061416626e-01,-4.246871918439865112e-02,2.083664238452911377e-01,4.536995887756347656e-01,1.548447459936141968e-01,7.782901823520660400e-02,2.625925242900848389e-01,2.311298251152038574e-01,8.728651702404022217e-02,1.080754324793815613e-01,1.721212714910507202e-01,2.641644775867462158e-01,-4.566314816474914551e-02,4.030571132898330688e-02
1.318016797304153442e-01,-8.275569975376129150e-02,1.509326547384262085e-01,1.087160930037498474e-01,-3.270063549280166626e-02,-7.199762016534805298e-02,7.382654398679733276e-02,4.824678897857666016e-01,2.586567699909210205e-01,2.021834999322891235e-01,3.381235897541046143e-01,4.231300055980682373e-01,2.026990801095962524e-01,9.999998211860656738e-01,1.149306520819664001e-01,-7.480660825967788696e-02,7.568544149398803711e-02,1.614888161420822144e-01,3.494038432836532593e-02,2.881094813346862793e-01,5.088484287261962891e-01,1.273037642240524292e-01,-1.340118795633316040e-01,-3.804380074143409729e-02,4.604988396167755127e-01,2.511306107044219971e-01,1.035057753324508667e-01,1.629639267921447754e-01,1.507918071001768112e-02,1.196646541357040405e-01,2.323649972677230835e-01,-3.081223258050158620e-05,3.345859646797180176e-01,2.341318130493164062e-01,5.405218526721000671e-02,-1.029207706451416016e-01,5.922900438308715820e-01,8.898085355758666992e-02,-1.413061190396547318e-02,-1.128207296133041382e-01,-9.842436760663986206e-02,-8.712771348655223846e-03,1.045400425791740417e-01,-7.383912056684494019e-02,-1.164583042263984680e-01,1.826099455356597900e-01,-1.394316740334033966e-02,-1.036895141005516052e-01
3.966284990310668945e-01,8.655507117509841919e-02,6.243329867720603943e-02,1.709967404603958130e-01,2.058269232511520386e-01,2.014123648405075073e-01,-3.196074441075325012e-02,8.690821379423141479e-02,2.647611312568187714e-02,9.139077365398406982e-02,1.677078157663345337e-01,2.355030924081802368e-01,3.071115612983703613e-01,1.149306520819664001e-01,1.000000357627868652e+00,4.517627060413360596e-01,-9.660378098487854004e-02,-1.519634388387203217e-02,-3.403024747967720032e-02,9.566848725080490112e-02,9.275264292955398560e-02,1.900145113468170166e-01,9.623092412948608398e-02,6.158669479191303253e-03,3.303362429141998291e-01,-1.289778202772140503e-01,3.973392844200134277e-01,5.718772485852241516e-02,-7.669843733310699463e-02,-8.418347686529159546e-02,-1.487331837415695190e-01,-8.116798475384712219e-03,2.190899848937988281e-01,3.234021365642547607e-01,1.734340786933898926e-01,4.517994076013565063e-02,9.204755723476409912e-02,2.950069308280944824e-01,8.056064695119857788e-02,-1.033162884414196014e-02,5.757021903991699219e-02,2.604551054537296295e-02,-5.680287629365921021e-02,-8.510129898786544800e-02,1.065838783979415894e-01,1.008548960089683533e-01,2.858193032443523407e-02,2.889691153541207314e-03
1.280207484960556030e-01,2.350810766220092773e-01,-1.153825446963310242e-01,-1.279150042682886124e-02,1.493060141801834106e-01,1.734446734189987183e-01,6.844357401132583618e-02,-2.366543747484683990e-03,2.990499697625637054e-02,2.584503404796123505e-02,1.004464253783226013e-01,3.808715939521789551e-02,2.704980373382568359e-01,-7.480660825967788696e-02,4.517627060413360596e-01,1.000000476837158203e+00,9.802657365798950195e-02,2.184740900993347168e-01,3.134009540081024170e-01,2.470531463623046875e-01,-4.670603200793266296e-02,2.672264277935028076e-01,3.252101540565490723e-01,1.529981661587953568e-02,1.213576365262269974e-02,-7.562692463397979736e-02,2.030211985111236572e-01,1.341459527611732483e-02,-1.332146394997835159e-02,-8.124202489852905273e-02,-1.236810833215713501e-01,3.456776030361652374e-03,1.886329799890518188e-02,2.788728475570678711e-01,2.624918818473815918e-01,6.675197929143905640e-02,4.690304398536682129e-03,4.606616497039794922e-01,3.227188885211944580e-01,1.723685711622238159e-01,1.581485867500305176e-01,1.168770268559455872e-01,8.734202384948730469e-02,5.434814840555191040e-02,2.496056258678436279e-02,8.393894881010055542e-02,3.278161585330963135e-02,1.267584413290023804e-01
-1.776296794414520264e-01,9.897942841053009033e-02,3.413644433021545410e-02,-4.848632495850324631e-03,-7.759776711463928223e-02,-1.393464207649230957e-01,7.194089889526367188e-01,1.482778340578079224e-01,8.128347247838973999e-02,2.332758754491806030e-01,1.383044421672821045e-01,-1.370029449462890625e-01,-3.896799311041831970e-02,7.568544149398803711e-02,-9.660378098487854004e-02,9.802657365798950195e-02,9.999995827674865723e-01,6.178833842277526855e-01,2.780739068984985352e-01,4.482336714863777161e-02,-7.393275201320648193e-02,-9.434160590171813965e-02,2.370133101940155029e-01,-9.621638059616088867e-02,-4.956120997667312622e-02,3.250307440757751465e-01,3.383852168917655945e-02,-2.953988127410411835e-02,-2.379693090915679932e-02,-9.144502878189086914e-02,-1.719485968351364136e-02,-5.593854188919067383e-02,-1.771686673164367676e-01,2.364379614591598511e-01,7.828357070684432983e-02,-4.570764303207397461e-02,1.323662847280502319e-01,1.641795039176940918e-01,4.867343604564666748e-02,8.219766430556774139e-03,-1.502108573913574219e-01,3.488093614578247070e-01,3.481976985931396484e-01,1.745010316371917725e-01,1.669946461915969849e-01,3.444666564464569092e-01,-7.363962382078170776e-02,1.112339571118354797e-01
-1.424305588006973267e-01,2.934747561812400818e-02,4.582780599594116211e-02,5.657499283552169800e-02,-8.214019984006881714e-02,-1.701466739177703857e-01,5.560897588729858398e-01,1.490981131792068481e-01,-4.201811924576759338e-02,1.038218960165977478e-01,7.047691941261291504e-02,-1.583192199468612671e-01,-5.143641959875822067e-03,1.614888161420822144e-01,-1.519634388387203217e-02,2.184740900993347168e-01,6.178833842277526855e-01,1.000000476837158203e+00,3.886799514293670654e-01,2.416731417179107666e-01,3.127853572368621826e-02,3.359298110008239746e-01,2.351912856101989746e-01,1.354268342256546021e-01,3.336202725768089294e-02,3.799882531166076660e-01,1.245715767145156860e-01,-4.555872082710266113e-02,-6.740684807300567627e-02,-7.378800213336944580e-02,1.521338820457458496e-01,1.804866045713424683e-01,-1.087225377559661865e-01,2.453161925077438354e-01,1.316841095685958862e-01,1.277285516262054443e-01,2.525971233844757080e-01,2.374243438243865967e-01,2.215972095727920532e-01,6.071306392550468445e-02,-2.066310942173004150e-01,9.145388752222061157e-02,3.207045197486877441e-01,6.125123426318168640e-02,2.331472374498844147e-02,2.283796966075897217e-01,1.715051233768463135e-01,9.411872923374176025e-02
2.699512615799903870e-02,2.505211532115936279e-01,-2.631068602204322815e-02,7.085546106100082397e-02,9.113504737615585327e-02,3.511739373207092285e-01,3.663268685340881348e-01,-9.978065639734268188e-02,-6.797590106725692749e-02,-8.764319121837615967e-03,-1.898992955684661865e-01,-2.562034428119659424e-01,7.407791167497634888e-02,3.494038432836532593e-02,-3.403024747967720032e-02,3.134009540081024170e-01,2.780739068984985352e-01,3.886799514293670654e-01,1.000000238418579102e+00,6.799648404121398926e-01,1.350554227828979492e-01,2.092557400465011597e-01,-1.680908910930156708e-02,1.207635179162025452e-01,-1.117701232433319092e-01,3.317930400371551514e-01,3.046837076544761658e-02,-8.268315345048904419e-02,7.611620426177978516e-02,3.465005755424499512e-02,1.639747172594070435e-01,9.097938984632492065e-02,-1.647785305976867676e-02,4.665439203381538391e-02,4.471821710467338562e-02,1.104924082756042480e-01,1.128545552492141724e-01,1.227556765079498291e-01,7.006392627954483032e-02,-3.981298953294754028e-02,2.120914012193679810e-01,3.112525343894958496e-01,4.553998708724975586e-01,4.632459953427314758e-02,5.628588423132896423e-02,2.476560622453689575e-01,1.110165342688560486e-01,-1.302579790353775024e-01
1.906595975160598755e-01,2.310686260461807251e-01,8.972889930009841919e-02,1.703974604606628418e-01,1.824833899736404419e-01,4.238314628601074219e-01,2.308980971574783325e-01,2.119408175349235535e-02,-1.129705272614955902e-02,7.182171195745468140e-02,-1.636980921030044556e-01,-7.497148215770721436e-02,2.481213361024856567e-01,2.881094813346862793e-01,9.566848725080490112e-02,2.470531463623046875e-01,4.482336714863777161e-02,2.416731417179107666e-01,6.799648404121398926e-01,9.999997615814208984e-01,4.639176726341247559e-01,3.219874799251556396e-01,-1.138220950961112976e-01,7.561450451612472534e-02,-6.492661312222480774e-03,4.055196940898895264e-01,1.941523142158985138e-02,2.604231238365173340e-02,1.541741341352462769e-01,2.465772069990634918e-02,2.372218221426010132e-01,1.099090725183486938e-01,1.712857931852340698e-01,2.820758521556854248e-02,-8.894986473023891449e-03,2.203447744250297546e-03,2.514471709728240967e-01,1.008652150630950928e-01,1.695525459945201874e-02,-1.616011261940002441e-01,3.152308166027069092e-01,1.815282553434371948e-01,3.726121783256530762e-01,-2.667538449168205261e-02,2.506658807396888733e-02,2.731232643127441406e-01,9.504649043083190918e-02,-2.105423212051391602e-01
3.922753930091857910e-01,-1.180608943104743958e-01,4.250404834747314453e-01,3.934804499149322510e-01,1.329857110977172852e-01,1.737683266401290894e-01,-8.634758181869983673e-03,1.714635640382766724e-01,2.209919840097427368e-01,1.420134156942367554e-01,1.590415835380554199e-01,5.160423517227172852e-01,3.193054497241973877e-01,5.088484287261962891e-01,9.275264292955398560e-02,-4.670603200793266296e-02,-7.393275201320648193e-02,3.127853572368621826e-02,1.350554227828979492e-01,4.639176726341247559e-01,1.000000476837158203e+00,2.623697519302368164e-01,-2.707853615283966064e-01,-1.409850269556045532e-01,1.917805224657058716e-01,1.851899176836013794e-01,3.350783511996269226e-02,3.261079490184783936e-01,9.745994210243225098e-02,2.143482118844985962e-01,3.582172095775604248e-01,-3.759570419788360596e-02,3.500068485736846924e-01,-4.190713539719581604e-02,-4.218717571347951889e-03,-1.821160465478897095e-01,1.833435148000717163e-01,-6.650494039058685303e-02,-1.566223502159118652e-01,-2.480967342853546143e-01,1.108567044138908386e-01,-1.260049492120742798e-01,8.932040631771087646e-02,-1.648263335227966309e-01,-1.329225301742553711e-01,1.304882913827896118e-01,-9.948787838220596313e-02,-1.969450116157531738e-01
6.912658363580703735e-02,3.368249535560607910e-02,1.342901885509490967e-01,2.421709001064300537e-01,-7.008721679449081421e-02,6.175560504198074341e-02,1.197208985686302185e-01,-8.610869199037551880e-02,-2.245282530784606934e-01,-2.332172393798828125e-01,-1.009132713079452515e-01,-8.485880494117736816e-02,7.110636681318283081e-02,1.273037642240524292e-01,1.900145113468170166e-01,2.672264277935028076e-01,-9.434160590171813965e-02,3.359298110008239746e-01,2.092557400465011597e-01,3.219874799251556396e-01,2.623697519302368164e-01,9.999999403953552246e-01,6.567325443029403687e-02,2.281789481639862061e-01,6.680597364902496338e-02,2.279115468263626099e-01,1.246538460254669189e-01,5.460166931152343750e-02,1.137991473078727722e-01,2.100555747747421265e-01,4.263729751110076904e-01,3.509778976440429688e-01,2.194412052631378174e-02,6.588856130838394165e-02,1.685785204172134399e-01,1.589782387018203735e-01,1.315620243549346924e-01,2.075919806957244873e-01,2.843436598777770996e-01,-6.965275108814239502e-02,2.141575515270233154e-02,-1.283389031887054443e-01,3.313393890857696533e-02,-1.529163867235183716e-01,-6.514640152454376221e-02,-5.980915948748588562e-02,2.105176895856857300e-01,-1.437616199254989624e-01
-1.579693146049976349e-02,2.829371690750122070e-01,-2.055851072072982788e-01,-9.447210282087326050e-02,1.351016908884048462e-01,-6.276658177375793457e-02,1.653615683317184448e-01,9.098635613918304443e-02,-4.190175980329513550e-02,1.081494316458702087e-01,1.514556705951690674e-01,-8.085562288761138916e-02,2.260198146104812622e-01,-1.340118795633316040e-01,9.623092412948608398e-02,3.252101540565490723e-01,2.370133101940155029e-01,2.351912856101989746e-01,-1.680908910930156708e-02,-1.138220950961112976e-01,-2.707853615283966064e-01,6.567325443029403687e-02,9.999999403953552246e-01,1.954964995384216309e-01,-4.537878558039665222e-02,-6.044323369860649109e-02,1.495082974433898926e-01,4.941352456808090210e-02,1.581627726554870605e-01,-4.983239248394966125e-02,-1.633345335721969604e-01,1.896473020315170288e-02,-4.831756278872489929e-02,2.836359739303588867e-01,2.595774829387664795e-01,2.689822018146514893e-01,2.443018183112144470e-02,4.742668867111206055e-01,5.329602360725402832e-01,5.511314272880554199e-01,6.485591083765029907e-02,2.107467353343963623e-01,1.675545610487461090e-02,1.879034787416458130e-01,2.215988785028457642e-01,9.534377604722976685e-02,1.908439099788665771e-01,4.599105715751647949e-01
1.135497447103261948e-02,3.085053265094757080e-01,-3.364899754524230957e-01,-2.091047465801239014e-01,1.232893094420433044e-01,9.129642695188522339e-02,-2.201305702328681946e-02,-1.420227438211441040e-02,-2.509948909282684326e-01,-1.354791522026062012e-01,-6.908170878887176514e-02,-1.370209306478500366e-01,-5.995658412575721741e-02,-3.804380074143409729e-02,6.158669479191303253e-03,1.529981661587953568e-02,-9.621638059616088867e-02,1.354268342256546021e-01,1.207635179162025452e-01,7.561450451612472534e-02,-1.409850269556045532e-01,2.281789481639862061e-01,1.954964995384216309e-01,1.000000119209289551e+00,1.023539155721664429e-01,-6.229160353541374207e-03,2.888478040695190430e-01,1.161654740571975708e-01,3.100078999996185303e-01,2.283968776464462280e-01,2.730984389781951904e-01,5.910890102386474609e-01,2.248172461986541748e-01,1.809577196836471558e-01,2.818064391613006592e-01,7.521095275878906250e-01,5.378380045294761658e-02,2.056216746568679810e-01,4.232767224311828613e-01,3.726299405097961426e-01,1.748152077198028564e-01,1.943676173686981201e-01,1.671053767204284668e-01,4.668181017041206360e-02,2.145115286111831665e-01,3.278518095612525940e-02,7.961660623550415039e-01,1.981782764196395874e-01
7.984279841184616089e-02,-6.255023181438446045e-02,-1.147349476814270020e-01,-1.266794800758361816e-01,1.173290889710187912e-02,-1.417671293020248413e-01,-5.141050368547439575e-02,5.443909764289855957e-01,2.525795400142669678e-01,1.836815178394317627e-01,5.262222886085510254e-01,3.679638504981994629e-01,1.846373677253723145e-01,4.604988396167755127e-01,3.303362429141998291e-01,1.213576365262269974e-02,-4.956120997667312622e-02,3.336202725768089294e-02,-1.117701232433319092e-01,-6.492661312222480774e-03,1.917805224657058716e-01,6.680597364902496338e-02,-4.537878558039665222e-02,1.023539155721664429e-01,9.999998211860656738e-01,-2.854230068624019623e-02,4.374490380287170410e-01,1.573748588562011719e-01,-2.046024799346923828e-02,2.280649989843368530e-01,1.862182468175888062e-01,-1.774599589407444000e-02,4.705930650234222412e-01,5.245072841644287109e-01,2.115355879068374634e-01,1.341122984886169434e-01,4.741321802139282227e-01,2.898843288421630859e-01,9.857384860515594482e-02,8.779118955135345459e-02,-2.242030054330825806e-01,5.347205698490142822e-02,-4.237852990627288818e-02,5.897716153413057327e-03,-2.501845732331275940e-02,6.114231422543525696e-02,7.981759309768676758e-02,-8.688490092754364014e-02
-1.531520485877990723e-01,-5.641819909214973450e-03,3.038356900215148926e-01,1.996154636144638062e-01,-2.177601680159568787e-02,9.038683027029037476e-02,6.100837588310241699e-01,4.844947531819343567e-02,-1.329704932868480682e-02,5.317303165793418884e-02,-4.948618263006210327e-02,-1.542691886425018311e-01,-4.552610591053962708e-02,2.511306107044219971e-01,-1.289778202772140503e-01,-7.562692463397979736e-02,3.250307440757751465e-01,3.799882531166076660e-01,3.317930400371551514e-01,4.055196940898895264e-01,1.851899176836013794e-01,2.279115468263626099e-01,-6.044323369860649109e-02,-6.229160353541374207e-03,-2.854230068624019623e-02,1.000000000000000000e+00,-7.825893908739089966e-02,-1.955415681004524231e-02,1.025298908352851868e-01,-9.721335023641586304e-03,2.013028115034103394e-01,1.152761951088905334e-01,-4.452640935778617859e-02,1.714412309229373932e-02,-5.183080211281776428e-02,-6.149164959788322449e-02,1.783319711685180664e-01,-2.775085344910621643e-02,-2.301622182130813599e-02,-1.579218059778213501e-01,3.367314860224723816e-02,1.211115270853042603e-01,2.768621444702148438e-01,-1.078024059534072876e-01,-4.347293823957443237e-02,1.566452533006668091e-01,1.226061489433050156e-02,-1.559285074472427368e-01
1.623545140027999878e-01,2.024334073066711426e-01,-2.296057790517807007e-01,-1.679644137620925903e-01,1.565179228782653809e-01,6.557324528694152832e-02,3.387633338570594788e-02,2.427944689989089966e-01,7.692371308803558350e-02,8.455787599086761475e-02,2.590179741382598877e-01,1.697589308023452759e-01,1.571858823299407959e-01,1.035057753324508667e-01,3.973392844200134277e-01,2.030211985111236572e-01,3.383852168917655945e-02,1.245715767145156860e-01,3.046837076544761658e-02,1.941523142158985138e-02,3.350783511996269226e-02,1.246538460254669189e-01,1.495082974433898926e-01,2.888478040695190430e-01,4.374490380287170410e-01,-7.825893908739089966e-02,1.000000000000000000e+00,1.568682640790939331e-01,1.755088418722152710e-01,1.674935966730117798e-01,1.718534231185913086e-01,1.074794828891754150e-01,4.210911393165588379e-01,4.267075955867767334e-01,3.914002180099487305e-01,3.125060200691223145e-01,2.304004728794097900e-01,3.937444388866424561e-01,2.638975977897644043e-01,1.417696177959442139e-01,3.139290213584899902e-02,1.808575540781021118e-01,1.182877458631992340e-02,-3.187493607401847839e-02,1.237456500530242920e-01,1.264006048440933228e-01,2.405842691659927368e-01,-3.885130956768989563e-02
5.399298667907714844e-01,2.306604087352752686e-01,2.011627703905105591e-01,2.003871798515319824e-01,4.022924900054931641e-01,2.140363454818725586e-01,-5.856215208768844604e-02,5.382239818572998047e-02,1.260540932416915894e-01,1.358902007341384888e-01,1.864582300186157227e-01,3.957802057266235352e-01,1.656781286001205444e-01,1.629639267921447754e-01,5.718772485852241516e-02,1.341459527611732483e-02,-2.953988127410411835e-02,-4.555872082710266113e-02,-8.268315345048904419e-02,2.604231238365173340e-02,3.261079490184783936e-01,5.460166931152343750e-02,4.941352456808090210e-02,1.161654740571975708e-01,1.573748588562011719e-01,-1.955415681004524231e-02,1.568682640790939331e-01,1.000000357627868652e+00,6.001621484756469727e-01,4.651215672492980957e-01,3.254182040691375732e-01,1.072281226515769958e-01,3.813815712928771973e-01,6.217009574174880981e-02,2.626704871654510498e-01,9.465828537940979004e-02,-2.703169826418161392e-03,1.401564478874206543e-01,1.387003064155578613e-01,7.764393836259841919e-02,3.958347439765930176e-01,1.859792917966842651e-01,1.291109621524810791e-01,2.460803277790546417e-02,1.428217738866806030e-01,1.538965702056884766e-01,2.090457677841186523e-01,1.847178936004638672e-01
2.857609689235687256e-01,5.810587406158447266e-01,-1.363851130008697510e-01,-6.283724308013916016e-02,3.042231202125549316e-01,3.244825899600982666e-01,5.704454332590103149e-02,-2.551825251430273056e-03,-6.865726318210363388e-03,2.899240329861640930e-02,-3.534019738435745239e-02,3.373989835381507874e-02,1.040637493133544922e-01,1.507918071001768112e-02,-7.669843733310699463e-02,-1.332146394997835159e-02,-2.379693090915679932e-02,-6.740684807300567627e-02,7.611620426177978516e-02,1.541741341352462769e-01,9.745994210243225098e-02,1.137991473078727722e-01,1.581627726554870605e-01,3.100078999996185303e-01,-2.046024799346923828e-02,1.025298908352851868e-01,1.755088418722152710e-01,6.001621484756469727e-01,9.999998211860656738e-01,4.734904468059539795e-01,3.749423623085021973e-01,2.466267943382263184e-01,3.246370255947113037e-01,6.161012873053550720e-02,3.059787154197692871e-01,2.380219548940658569e-01,2.053960040211677551e-02,2.329603880643844604e-01,2.637462913990020752e-01,9.825655072927474976e-02,5.710598826408386230e-01,4.246734976768493652e-01,2.160850912332534790e-01,1.668835580348968506e-01,3.018242716789245605e-01,1.501665860414505005e-01,3.188555538654327393e-01,1.329289227724075317e-01
1.453708857297897339e-01,1.320603191852569580e-01,-3.597537055611610413e-02,-1.769428513944149017e-02,-7.579166442155838013e-02,-1.592958159744739532e-02,-7.993974536657333374e-02,5.178894847631454468e-03,-8.336354047060012817e-02,-1.049438938498497009e-01,1.186582297086715698e-01,1.197895556688308716e-01,-3.470357507467269897e-02,1.196646541357040405e-01,-8.418347686529159546e-02,-8.124202489852905273e-02,-9.144502878189086914e-02,-7.378800213336944580e-02,3.465005755424499512e-02,2.465772069990634918e-02,2.143482118844985962e-01,2.100555747747421265e-01,-4.983239248394966125e-02,2.283968776464462280e-01,2.280649989843368530e-01,-9.721335023641586304e-03,1.674935966730117798e-01,4.651215672492980957e-01,4.734904468059539795e-01,1.000000238418579102e+00,6.622046828269958496e-01,1.652906388044357300e-01,2.513903081417083740e-01,1.252096444368362427e-01,3.418928682804107666e-01,1.843217611312866211e-01,6.753244251012802124e-02,9.037347137928009033e-02,1.135810241103172302e-01,8.082658797502517700e-02,1.105535700917243958e-01,1.152534335851669312e-01,1.294691264629364014e-01,-7.850148715078830719e-03,9.032656252384185791e-02,2.938490360975265503e-02,2.437939345836639404e-01,4.285946488380432129e-02
6.691484898328781128e-02,1.308532506227493286e-01,-1.130533521063625813e-03,-6.505094468593597412e-02,-1.155956164002418518e-01,-2.412342093884944916e-02,6.466322392225265503e-02,9.079042822122573853e-02,-7.412109524011611938e-02,-1.319353282451629639e-01,8.974637836217880249e-02,2.837218903005123138e-02,5.134863406419754028e-02,2.323649972677230835e-01,-1.487331837415695190e-01,-1.236810833215713501e-01,-1.719485968351364136e-02,1.521338820457458496e-01,1.639747172594070435e-01,2.372218221426010132e-01,3.582172095775604248e-01,4.263729751110076904e-01,-1.633345335721969604e-01,2.730984389781951904e-01,1.862182468175888062e-01,2.013028115034103394e-01,1.718534231185913086e-01,3.254182040691375732e-01,3.749423623085021973e-01,6.622046828269958496e-01,1.000000119209289551e+00,3.421061933040618896e-01,2.525328695774078369e-01,9.527931362390518188e-02,2.501865625381469727e-01,1.354328095912933350e-01,1.662187129259109497e-01,7.994759082794189453e-02,7.292607426643371582e-02,-1.626911014318466187e-01,1.158992201089859009e-01,6.083223223686218262e-02,2.018213421106338501e-01,-3.222103416919708252e-02,4.544562846422195435e-02,5.980415269732475281e-02,2.766005992889404297e-01,-2.072192132472991943e-01
2.382517233490943909e-02,1.251583099365234375e-01,-7.170670479536056519e-02,-6.542731076478958130e-02,-3.767706826329231262e-02,-4.029823839664459229e-02,2.365495078265666962e-02,-1.040313988924026489e-01,-1.853669583797454834e-01,-1.947856843471527100e-01,-1.473682224750518799e-01,-1.450226157903671265e-01,-1.098271533846855164e-01,-3.081223258050158620e-05,-8.116798475384712219e-03,3.456776030361652374e-03,-5.593854188919067383e-02,1.804866045713424683e-01,9.097938984632492065e-02,1.099090725183486938e-01,-3.759570419788360596e-02,3.509778976440429688e-01,1.896473020315170288e-02,5.910890102386474609e-01,-1.774599589407444000e-02,1.152761951088905334e-01,1.074794828891754150e-01,1.072281226515769958e-01,2.466267943382263184e-01,1.652906388044357300e-01,3.421061933040618896e-01,9.999995827674865723e-01,5.625167861580848694e-02,3.743442520499229431e-02,9.637217223644256592e-02,4.044445753097534180e-01,2.816971391439437866e-03,5.725289508700370789e-02,2.461270391941070557e-01,1.591341383755207062e-02,8.714844286441802979e-02,2.174757048487663269e-02,1.000753268599510193e-01,-6.584519147872924805e-02,6.036166101694107056e-02,-3.801152110099792480e-02,6.154679656028747559e-01,1.026965156197547913e-01
