9.999997615814208984e-01,2.494255304336547852e-01,6.370599865913391113e-01,3.772495985031127930e-01,7.363444566726684570e-01,3.612552881240844727e-01,4.999040365219116211e-01,2.113142311573028564e-01,1.182071268558502197e-01,4.241094589233398438e-01,1.090996637940406799e-01,2.851431667804718018e-01,2.341468334197998047e-01,1.626807451248168945e-01,2.399375140666961670e-01,2.511444389820098877e-01,4.186372458934783936e-01,4.873219132423400879e-01,3.326227664947509766e-01,3.990238010883331299e-01,4.021976888179779053e-01,4.067963063716888428e-01,1.700749099254608154e-01,1.109945625066757202e-01,1.161916926503181458e-01,5.904158949851989746e-01,1.703222990036010742e-01,6.156728267669677734e-01,5.493966937065124512e-01,2.986593842506408691e-01,5.426988005638122559e-01,2.711561322212219238e-01,3.741326630115509033e-01,7.389369606971740723e-02,1.691586971282958984e-01,6.105554476380348206e-02,1.302851885557174683e-01,6.317973136901855469e-02,1.793669015169143677e-01,2.456558644771575928e-01,5.095852017402648926e-01,2.846980094909667969e-01,2.781760692596435547e-01,1.078225821256637573e-01,-1.830941066145896912e-03,2.557236850261688232e-01,1.589894592761993408e-01,2.581871151924133301e-01
2.494255304336547852e-01,1.000000000000000000e+00,9.299448877573013306e-02,1.860704421997070312e-01,9.496681392192840576e-02,2.191365510225296021e-01,3.032486438751220703e-01,5.067806243896484375e-01,3.537647724151611328e-01,4.592711031436920166e-01,3.758475184440612793e-01,4.643749594688415527e-01,1.973957121372222900e-01,4.314437806606292725e-01,4.457756876945495605e-01,2.309532463550567627e-01,3.383061289787292480e-01,3.363339304924011230e-01,2.677186429500579834e-01,3.473439812660217285e-01,2.840013802051544189e-01,4.936791956424713135e-01,1.586810797452926636e-01,-7.389628887176513672e-02,1.863806992769241333e-01,1.826127022504806519e-01,3.658558130264282227e-01,2.123625576496124268e-01,3.890506029129028320e-01,3.683173656463623047e-01,3.754603266716003418e-01,4.312460720539093018e-01,3.892318904399871826e-01,3.826642632484436035e-01,3.237783312797546387e-01,1.916535645723342896e-01,3.957794010639190674e-01,4.508912563323974609e-01,1.921389698982238770e-01,3.169884681701660156e-01,4.741933047771453857e-01,5.685959458351135254e-01,3.407217860221862793e-01,6.030614972114562988e-01,5.455757379531860352e-01,3.980587720870971680e-01,1.353110279887914658e-02,2.910135090351104736e-01
6.370599865913391113e-01,9.299448877573013306e-02,9.999997615814208984e-01,6.031642556190490723e-01,5.978936553001403809e-01,3.608088195323944092e-01,3.960550427436828613e-01,-4.039321839809417725e-02,-1.851437240839004517e-01,2.282719910144805908e-01,-2.116159945726394653e-01,1.418651640415191650e-01,2.642217278480529785e-01,-6.849203258752822876e-02,2.022803723812103271e-01,7.194206863641738892e-02,3.966953158378601074e-01,4.351286292076110840e-01,2.908641993999481201e-01,3.584206402301788330e-01,3.347229361534118652e-01,3.131914138793945312e-01,1.219113990664482117e-01,5.383354797959327698e-02,-1.271026767790317535e-02,7.803425192832946777e-01,1.147972047328948975e-01,7.144663333892822266e-01,5.059303641319274902e-01,-4.770179837942123413e-02,4.702472388744354248e-01,2.803320884704589844e-01,1.904179453849792480e-01,-3.416061773896217346e-02,1.970645338296890259e-01,-6.129297614097595215e-02,-1.881689019501209259e-02,7.816734723746776581e-03,2.160052657127380371e-01,1.032092422246932983e-01,4.051637649536132812e-01,1.694625318050384521e-01,2.042558789253234863e-01,-1.389358937740325928e-01,-7.716575264930725098e-02,8.614625036716461182e-02,1.170402541756629944e-01,9.489953517913818359e-03
3.772495985031127930e-01,1.860704421997070312e-01,6.031642556190490723e-01,9.999998807907104492e-01,3.317675292491912842e-01,2.500551044940948486e-01,4.493435323238372803e-01,-3.666125610470771790e-02,-8.043929934501647949e-03,1.813591271638870239e-01,-2.797683700919151306e-02,2.188764810562133789e-01,2.611648440361022949e-01,1.868923893198370934e-03,1.386357247829437256e-01,9.019196033477783203e-02,3.657250106334686279e-01,4.501937627792358398e-01,2.139746993780136108e-01,2.584137022495269775e-01,3.015068769454956055e-01,3.305391073226928711e-01,4.885492473840713501e-02,-6.246989592909812927e-02,1.094908565282821655e-01,5.075813531875610352e-01,1.297097057104110718e-01,3.815692365169525146e-01,3.648697733879089355e-01,1.572138443589210510e-02,4.918664693832397461e-01,2.686080634593963623e-01,1.949269175529479980e-01,4.633759334683418274e-02,1.473516225814819336e-01,-7.692521065473556519e-02,4.357267916202545166e-02,-1.005504373461008072e-02,9.706070274114608765e-02,7.612492889165878296e-02,5.345537066459655762e-01,1.455607712268829346e-01,2.058303505182266235e-01,-5.111189186573028564e-02,1.715905033051967621e-02,1.366138905286788940e-01,-2.580148167908191681e-02,6.957039982080459595e-02
7.363444566726684570e-01,9.496681392192840576e-02,5.978936553001403809e-01,3.317675292491912842e-01,9.999998807907104492e-01,4.289312362670898438e-01,3.525626957416534424e-01,7.820270210504531860e-02,-5.318016186356544495e-02,1.850543916225433350e-01,-1.170371621847152710e-01,8.601208031177520752e-02,1.561308950185775757e-01,3.105893917381763458e-02,9.512338042259216309e-02,8.421434462070465088e-02,2.794251739978790283e-01,3.697894215583801270e-01,2.574554383754730225e-01,3.147159218788146973e-01,2.396682500839233398e-01,1.973679363727569580e-01,3.111848048865795135e-02,-2.741407789289951324e-02,-1.881404593586921692e-02,4.735862016677856445e-01,2.571809850633144379e-02,4.892378449440002441e-01,3.112019598484039307e-01,3.236428648233413696e-02,3.247155547142028809e-01,7.255012542009353638e-02,2.838820815086364746e-01,2.754182321950793266e-03,4.306010156869888306e-02,-1.370750665664672852e-01,3.576033562421798706e-02,-2.766256034374237061e-02,3.854331001639366150e-02,3.722395375370979309e-02,4.028446674346923828e-01,7.793240249156951904e-02,1.871113628149032593e-01,-8.663838356733322144e-02,-1.592832207679748535e-01,1.970777101814746857e-02,5.690824985504150391e-02,8.059289306402206421e-02
3.612552881240844727e-01,2.191365510225296021e-01,3.608088195323944092e-01,2.500551044940948486e-01,4.289312362670898438e-01,1.000000000000000000e+00,3.922130763530731201e-01,4.311779886484146118e-02,-6.355657428503036499e-02,1.292227655649185181e-01,-2.252406179904937744e-01,8.385711908340454102e-02,3.755858540534973145e-01,-5.706747993826866150e-02,2.397849112749099731e-01,8.680228143930435181e-02,5.841677784919738770e-01,4.207419455051422119e-01,3.737381994724273682e-01,4.006264507770538330e-01,2.636436223983764648e-01,3.219763338565826416e-01,3.697376549243927002e-01,-9.637211449444293976e-03,1.080310866236686707e-01,3.444439470767974854e-01,7.584442943334579468e-02,3.972373306751251221e-01,1.690685898065567017e-01,-1.391272395849227905e-01,2.194797098636627197e-01,2.933313548564910889e-01,1.836449354887008667e-01,-2.218415401875972748e-02,1.850454807281494141e-01,-5.071732401847839355e-02,6.212024763226509094e-02,5.081133916974067688e-02,2.211681455373764038e-01,7.956696301698684692e-02,4.078796803951263428e-01,3.179841041564941406e-01,1.728502511978149414e-01,-3.453136608004570007e-02,1.262753456830978394e-01,2.059491276741027832e-01,1.020438969135284424e-01,8.750068396329879761e-02
4.999040365219116211e-01,3.032486438751220703e-01,3.960550427436828613e-01,4.493435323238372803e-01,3.525626957416534424e-01,3.922130763530731201e-01,1.000000000000000000e+00,1.948195844888687134e-01,3.744403719902038574e-01,4.140966534614562988e-01,2.714940905570983887e-01,3.430168628692626953e-01,2.470740675926208496e-01,2.183845788240432739e-01,9.839702397584915161e-02,1.836121380329132080e-01,7.111839056015014648e-01,5.989797711372375488e-01,3.436238765716552734e-01,4.114411771297454834e-01,3.853102922439575195e-01,4.872663319110870361e-01,3.051923811435699463e-01,-6.021653488278388977e-02,1.868197470903396606e-01,5.188796520233154297e-01,2.352059930562973022e-01,4.424817264080047607e-01,5.230421423912048340e-01,3.889559507369995117e-01,5.033978223800659180e-01,2.766799330711364746e-01,2.190683484077453613e-01,3.100739978253841400e-02,1.183501780033111572e-01,-4.926441982388496399e-02,6.971966475248336792e-02,-6.684390455484390259e-02,3.489407524466514587e-02,2.214670181274414062e-01,4.966098964214324951e-01,3.384501338005065918e-01,2.492343038320541382e-01,2.279256135225296021e-01,1.163934096693992615e-01,3.246847987174987793e-01,6.646889448165893555e-02,3.574082255363464355e-01
2.113142311573028564e-01,5.067806243896484375e-01,-4.039321839809417725e-02,-3.666125610470771790e-02,7.820270210504531860e-02,4.311779886484146118e-02,1.948195844888687134e-01,1.000000119209289551e+00,2.829276919364929199e-01,3.761389553546905518e-01,5.467504262924194336e-01,3.346683382987976074e-01,2.181030064821243286e-02,7.082611322402954102e-01,3.745151758193969727e-01,3.056876957416534424e-01,1.497375220060348511e-01,2.098012715578079224e-01,1.187673956155776978e-01,2.137294858694076538e-01,1.652232557535171509e-01,3.478799760341644287e-01,-8.514930494129657745e-03,1.554098725318908691e-01,2.048865407705307007e-01,5.688260868191719055e-02,4.157383739948272705e-01,1.515436768531799316e-01,2.777056097984313965e-01,3.789612650871276855e-01,2.424615919589996338e-01,1.818118989467620850e-01,4.250594377517700195e-01,2.910567820072174072e-01,3.149963617324829102e-01,3.368509411811828613e-01,4.868512749671936035e-01,2.637778520584106445e-01,2.665448784828186035e-01,3.284385204315185547e-01,2.778196334838867188e-01,3.022212088108062744e-01,2.214233875274658203e-01,3.189388215541839600e-01,1.975652128458023071e-01,2.336313575506210327e-01,1.608743667602539062e-01,2.426221817731857300e-01
1.182071268558502197e-01,3.537647724151611328e-01,-1.851437240839004517e-01,-8.043929934501647949e-03,-5.318016186356544495e-02,-6.355657428503036499e-02,3.744403719902038574e-01,2.829276919364929199e-01,1.000000238418579102e+00,4.069803655147552490e-01,6.267271041870117188e-01,3.790600001811981201e-01,-1.837199553847312927e-03,3.614158034324645996e-01,1.285483986139297485e-01,2.152490913867950439e-01,2.081457823514938354e-01,2.289393246173858643e-01,1.419857144355773926e-01,1.531645059585571289e-01,2.455743551254272461e-01,2.947053313255310059e-01,1.283299475908279419e-01,-1.887056380510330200e-01,1.867056190967559814e-01,-5.244587361812591553e-02,3.012208342552185059e-01,-1.506031211465597153e-02,2.110473066568374634e-01,4.811612665653228760e-01,1.902510225772857666e-01,1.574548929929733276e-01,8.808466792106628418e-02,1.841080486774444580e-01,4.421954602003097534e-02,1.326974667608737946e-02,1.115894988179206848e-01,2.371696941554546356e-02,-1.167502105236053467e-01,2.182857841253280640e-01,1.873259097337722778e-01,3.837192058563232422e-01,2.498973757028579712e-01,5.737785696983337402e-01,2.139282673597335815e-01,3.657791316509246826e-01,-7.747060805559158325e-02,4.582605659961700439e-01
4.241094589233398438e-01,4.592711031436920166e-01,2.282719910144805908e-01,1.813591271638870239e-01,1.850543916225433350e-01,1.292227655649185181e-01,4.140966534614562988e-01,3.761389553546905518e-01,4.069803655147552490e-01,1.000000119209289551e+00,4.139458835124969482e-01,7.183104157447814941e-01,3.931128084659576416e-01,3.338096737861633301e-01,3.906928002834320068e-01,3.676242828369140625e-01,3.772083520889282227e-01,5.249657630920410156e-01,5.415368676185607910e-01,5.851171016693115234e-01,5.684422254562377930e-01,5.760495662689208984e-01,2.050573229789733887e-01,1.005150601267814636e-01,2.070368230342864990e-01,2.872879207134246826e-01,3.000196218490600586e-01,2.878955304622650146e-01,4.031129181385040283e-01,3.567180037498474121e-01,5.651990771293640137e-01,4.569612443447113037e-01,2.267377972602844238e-01,1.574659943580627441e-01,2.762991786003112793e-01,1.318468898534774780e-01,1.169121786952018738e-01,1.685718297958374023e-01,2.384205907583236694e-01,4.153410494327545166e-01,3.888391852378845215e-01,5.755066275596618652e-01,6.775433421134948730e-01,4.428415000438690186e-01,2.589333951473236084e-01,6.981191635131835938e-01,1.185229867696762085e-01,3.181827664375305176e-01
1.090996637940406799e-01,3.758475184440612793e-01,-2.116159945726394653e-01,-2.797683700919151306e-02,-1.170371621847152710e-01,-2.252406179904937744e-01,2.714940905570983887e-01,5.467504262924194336e-01,6.267271041870117188e-01,4.139458835124969482e-01,1.000000119209289551e+00,4.432231485843658447e-01,-1.027959287166595459e-01,6.708806157112121582e-01,1.897717565298080444e-01,1.899154335260391235e-01,5.989198386669158936e-02,1.816104650497436523e-01,-2.334886416792869568e-02,9.298097342252731323e-02,1.580897718667984009e-01,2.645533084869384766e-01,-6.206044461578130722e-03,-2.510669082403182983e-02,8.372849225997924805e-02,-7.344840466976165771e-02,4.373396337032318115e-01,-3.717555105686187744e-02,2.770406901836395264e-01,5.448127388954162598e-01,2.064145952463150024e-01,5.237438902258872986e-02,1.982419341802597046e-01,3.277784585952758789e-01,1.978567987680435181e-01,1.576832532882690430e-01,3.807118535041809082e-01,1.328605115413665771e-01,-7.290162891149520874e-02,1.828932017087936401e-01,1.639589518308639526e-01,2.313810139894485474e-01,1.931215524673461914e-01,4.433986246585845947e-01,1.615929454565048218e-01,2.229250222444534302e-01,-5.033688992261886597e-02,4.098689556121826172e-01
2.851431667804718018e-01,4.643749594688415527e-01,1.418651640415191650e-01,2.188764810562133789e-01,8.601208031177520752e-02,8.385711908340454102e-02,3.430168628692626953e-01,3.346683382987976074e-01,3.790600001811981201e-01,7.183104157447814941e-01,4.432231485843658447e-01,1.000000357627868652e+00,4.132578074932098389e-01,3.464919030666351318e-01,5.052350163459777832e-01,2.700933516025543213e-01,3.853792846202850342e-01,5.177629590034484863e-01,5.505334734916687012e-01,5.364678502082824707e-01,5.047323703765869141e-01,5.588038563728332520e-01,2.103759348392486572e-01,1.218411326408386230e-01,2.396783530712127686e-01,1.699638068675994873e-01,3.713828027248382568e-01,1.301688551902770996e-01,2.935470640659332275e-01,2.771417498588562012e-01,5.233627557754516602e-01,4.609182178974151611e-01,2.406796216964721680e-01,2.233212888240814209e-01,3.741748332977294922e-01,1.652855277061462402e-01,2.083529680967330933e-01,3.082356452941894531e-01,1.634138077497482300e-01,4.762289524078369141e-01,3.768878281116485596e-01,5.089959502220153809e-01,6.045632362365722656e-01,4.117525219917297363e-01,3.904078304767608643e-01,6.255945563316345215e-01,7.576584070920944214e-02,3.153715729713439941e-01
2.341468334197998047e-01,1.973957121372222900e-01,2.642217278480529785e-01,2.611648440361022949e-01,1.561308950185775757e-01,3.755858540534973145e-01,2.470740675926208496e-01,2.181030064821243286e-02,-1.837199553847312927e-03,3.931128084659576416e-01,-1.027959287166595459e-01,4.132578074932098389e-01,9.999997615814208984e-01,-1.105708628892898560e-01,2.651541829109191895e-01,4.419018626213073730e-01,5.178427696228027344e-01,5.004153847694396973e-01,6.060925722122192383e-01,6.283125877380371094e-01,5.211592316627502441e-01,5.414572358131408691e-01,5.711492896080017090e-01,2.524643540382385254e-01,1.730420142412185669e-01,1.940288692712783813e-01,8.931741118431091309e-02,1.963210403919219971e-01,4.302746150642633438e-03,-7.313986867666244507e-02,4.094995558261871338e-01,5.910000801086425781e-01,8.467171341180801392e-02,-1.064809486269950867e-01,7.123776525259017944e-02,9.284338355064392090e-02,-2.007182687520980835e-01,4.127702116966247559e-02,4.278652667999267578e-01,4.711845219135284424e-01,2.929665148258209229e-01,2.785746753215789795e-01,3.601621985435485840e-01,9.129089117050170898e-02,1.600291579961776733e-01,3.803873062133789062e-01,3.324803411960601807e-01,1.325459331274032593e-01
1.626807451248168945e-01,4.314437806606292725e-01,-6.849203258752822876e-02,1.868923893198370934e-03,3.105893917381763458e-02,-5.706747993826866150e-02,2.183845788240432739e-01,7.082611322402954102e-01,3.614158034324645996e-01,3.338096737861633301e-01,6.708806157112121582e-01,3.464919030666351318e-01,-1.105708628892898560e-01,1.000000000000000000e+00,4.089974462985992432e-01,1.633675247430801392e-01,6.992693990468978882e-02,2.005006372928619385e-01,-5.756284110248088837e-03,9.397998452186584473e-02,7.134827226400375366e-02,2.407845705747604370e-01,-6.691207736730575562e-02,4.127978160977363586e-02,6.669018417596817017e-02,5.754734203219413757e-02,4.970327913761138916e-01,1.015360057353973389e-01,3.272354602813720703e-01,4.538841843605041504e-01,2.786059379577636719e-01,7.925368845462799072e-02,4.040441811084747314e-01,4.227810502052307129e-01,4.218868315219879150e-01,2.555666267871856689e-01,6.702077388763427734e-01,3.287714421749114990e-01,1.015795618295669556e-01,2.109547853469848633e-01,2.211829721927642822e-01,1.978168785572052002e-01,1.781422346830368042e-01,3.443361520767211914e-01,1.633701473474502563e-01,1.583995670080184937e-01,-1.080949325114488602e-02,2.469313591718673706e-01
2.399375140666961670e-01,4.457756876945495605e-01,2.022803723812103271e-01,1.386357247829437256e-01,9.512338042259216309e-02,2.397849112749099731e-01,9.839702397584915161e-02,3.745151758193969727e-01,1.285483986139297485e-01,3.906928002834320068e-01,1.897717565298080444e-01,5.052350163459777832e-01,2.651541829109191895e-01,4.089974462985992432e-01,1.000000000000000000e+00,3.295176327228546143e-01,2.527601122856140137e-01,3.086083531379699707e-01,2.825902998447418213e-01,3.045940995216369629e-01,1.511973887681961060e-01,3.348338007926940918e-01,2.259521931409835815e-01,3.417276144027709961e-01,4.707288742065429688e-02,2.028184235095977783e-01,3.286279737949371338e-01,2.559803128242492676e-01,3.025258481502532959e-01,2.213545143604278564e-01,3.754624724388122559e-01,3.522901535034179688e-01,3.500734269618988037e-01,4.988600313663482666e-01,6.408674716949462891e-01,4.738211929798126221e-01,5.287246108055114746e-01,6.769233942031860352e-01,4.083060622215270996e-01,3.243338763713836670e-01,2.099507302045822144e-01,4.332297444343566895e-01,2.762466371059417725e-01,3.721494674682617188e-01,3.421199917793273926e-01,3.200712502002716064e-01,2.680077552795410156e-01,1.554466485977172852e-01
2.511444389820098877e-01,2.309532463550567627e-01,7.194206863641738892e-02,9.019196033477783203e-02,8.421434462070465088e-02,8.680228143930435181e-02,1.836121380329132080e-01,3.056876957416534424e-01,2.152490913867950439e-01,3.676242828369140625e-01,1.899154335260391235e-01,2.700933516025543213e-01,4.419018626213073730e-01,1.633675247430801392e-01,3.295176327228546143e-01,9.999995231628417969e-01,2.110877186059951782e-01,2.535408437252044678e-01,3.214351236820220947e-01,3.147522509098052979e-01,2.372371256351470947e-01,3.051483333110809326e-01,2.880152761936187744e-01,2.647046148777008057e-01,1.335633248090744019e-01,5.616405233740806580e-02,1.271099746227264404e-01,1.924212723970413208e-01,1.443982124328613281e-01,3.137816190719604492e-01,4.125036299228668213e-01,3.000513911247253418e-01,1.607281714677810669e-01,7.715830951929092407e-02,7.449295371770858765e-02,3.822852671146392822e-01,8.843039162456989288e-03,9.586559981107711792e-02,5.592792630195617676e-01,4.118528664112091064e-01,1.878020316362380981e-01,2.170626372098922729e-01,1.991096585988998413e-01,3.020519316196441650e-01,5.913845822215080261e-02,2.615407705307006836e-01,3.220230638980865479e-01,1.868356615304946899e-01
4.186372458934783936e-01,3.383061289787292480e-01,3.966953158378601074e-01,3.657250106334686279e-01,2.794251739978790283e-01,5.841677784919738770e-01,7.111839056015014648e-01,1.497375220060348511e-01,2.081457823514938354e-01,3.772083520889282227e-01,5.989198386669158936e-02,3.853792846202850342e-01,5.178427696228027344e-01,6.992693990468978882e-02,2.527601122856140137e-01,2.110877186059951782e-01,1.000000000000000000e+00,6.652165055274963379e-01,5.882311463356018066e-01,6.010414958000183105e-01,5.359440445899963379e-01,6.497707962989807129e-01,5.806401968002319336e-01,1.076457183808088303e-02,1.598698347806930542e-01,4.516999721527099609e-01,2.434991449117660522e-01,4.504581093788146973e-01,3.384031653404235840e-01,8.119746297597885132e-02,4.768843948841094971e-01,5.218049883842468262e-01,1.687924414873123169e-01,6.111109163612127304e-03,1.788837611675262451e-01,-3.051154315471649170e-02,8.707995526492595673e-03,2.315681986510753632e-02,2.055501937866210938e-01,3.980946242809295654e-01,4.958226680755615234e-01,5.029627680778503418e-01,3.120175898075103760e-01,1.691820025444030762e-01,2.823511958122253418e-01,4.180004298686981201e-01,1.957671344280242920e-01,3.544907271862030029e-01
4.873219132423400879e-01,3.363339304924011230e-01,4.351286292076110840e-01,4.501937627792358398e-01,3.697894215583801270e-01,4.207419455051422119e-01,5.989797711372375488e-01,2.098012715578079224e-01,2.289393246173858643e-01,5.249657630920410156e-01,1.816104650497436523e-01,5.177629590034484863e-01,5.004153847694396973e-01,2.005006372928619385e-01,3.086083531379699707e-01,2.535408437252044678e-01,6.652165055274963379e-01,1.000000476837158203e+00,6.065617203712463379e-01,7.204777002334594727e-01,6.834567189216613770e-01,7.144476175308227539e-01,4.135557115077972412e-01,3.518990427255630493e-02,1.443937867879867554e-01,3.721993863582611084e-01,4.223933815956115723e-01,4.357163608074188232e-01,4.260292351245880127e-01,1.928747147321701050e-01,6.772829294204711914e-01,4.591309428215026855e-01,2.326658219099044800e-01,9.236164391040802002e-02,2.763177156448364258e-01,2.497141622006893158e-02,1.184897795319557190e-01,5.974452197551727295e-02,2.874729633331298828e-01,4.118649959564208984e-01,5.180056691169738770e-01,3.446692824363708496e-01,5.439072251319885254e-01,1.800104826688766479e-01,1.018727421760559082e-01,4.121273458003997803e-01,1.505940556526184082e-01,3.505237698554992676e-01
3.326227664947509766e-01,2.677186429500579834e-01,2.908641993999481201e-01,2.139746993780136108e-01,2.574554383754730225e-01,3.737381994724273682e-01,3.436238765716552734e-01,1.187673956155776978e-01,1.419857144355773926e-01,5.415368676185607910e-01,-2.334886416792869568e-02,5.505334734916687012e-01,6.060925722122192383e-01,-5.756284110248088837e-03,2.825902998447418213e-01,3.214351236820220947e-01,5.882311463356018066e-01,6.065617203712463379e-01,9.999995231628417969e-01,7.939831614494323730e-01,6.296166181564331055e-01,6.280864477157592773e-01,4.243199825286865234e-01,5.071587115526199341e-02,2.519525289535522461e-01,1.959102302789688110e-01,2.767367959022521973e-01,2.649873197078704834e-01,9.350157529115676880e-02,-5.168211460113525391e-02,5.058088898658752441e-01,4.774566292762756348e-01,1.366614401340484619e-01,-5.637213215231895447e-02,1.207952946424484253e-01,-4.203419014811515808e-02,-1.438540965318679810e-01,3.731302171945571899e-02,3.297504484653472900e-01,5.063627362251281738e-01,3.685009479522705078e-01,4.305767416954040527e-01,6.244560480117797852e-01,1.901770830154418945e-01,1.936845481395721436e-01,5.274861454963684082e-01,9.518955647945404053e-02,1.974308788776397705e-01
3.990238010883331299e-01,3.473439812660217285e-01,3.584206402301788330e-01,2.584137022495269775e-01,3.147159218788146973e-01,4.006264507770538330e-01,4.114411771297454834e-01,2.137294858694076538e-01,1.531645059585571289e-01,5.851171016693115234e-01,9.298097342252731323e-02,5.364678502082824707e-01,6.283125877380371094e-01,9.397998452186584473e-02,3.045940995216369629e-01,3.147522509098052979e-01,6.010414958000183105e-01,7.204777002334594727e-01,7.939831614494323730e-01,9.999995231628417969e-01,7.470120787620544434e-01,6.973133683204650879e-01,4.537033736705780029e-01,1.952231489121913910e-02,1.550185531377792358e-01,2.457866817712783813e-01,3.475465178489685059e-01,3.421332240104675293e-01,2.218807339668273926e-01,7.607017178088426590e-03,5.423577427864074707e-01,5.068302154541015625e-01,2.018890976905822754e-01,-2.572206966578960419e-02,1.731363087892532349e-01,-3.832007572054862976e-02,-7.668104022741317749e-02,1.885411702096462250e-02,3.272083699703216553e-01,4.748931229114532471e-01,4.531705379486083984e-01,3.841485083103179932e-01,6.366035938262939453e-01,1.549983471632003784e-01,1.285060495138168335e-01,4.774630963802337646e-01,7.853730767965316772e-02,2.363945692777633667e-01
4.021976888179779053e-01,2.840013802051544189e-01,3.347229361534118652e-01,3.015068769454956055e-01,2.396682500839233398e-01,2.636436223983764648e-01,3.853102922439575195e-01,1.652232557535171509e-01,2.455743551254272461e-01,5.684422254562377930e-01,1.580897718667984009e-01,5.047323703765869141e-01,5.211592316627502441e-01,7.134827226400375366e-02,1.511973887681961060e-01,2.372371256351470947e-01,5.359440445899963379e-01,6.834567189216613770e-01,6.296166181564331055e-01,7.470120787620544434e-01,1.000000238418579102e+00,7.102617025375366211e-01,4.122705161571502686e-01,-2.906056679785251617e-02,1.297048926353454590e-01,2.850699126720428467e-01,3.689577579498291016e-01,2.947307229042053223e-01,2.858948111534118652e-01,5.272762104868888855e-02,5.281734466552734375e-01,4.951260089874267578e-01,1.036264598369598389e-01,-7.101509720087051392e-02,8.086155354976654053e-02,-7.893340289592742920e-02,-8.840093761682510376e-02,-8.415567874908447266e-02,1.886095553636550903e-01,4.520325958728790283e-01,4.185121953487396240e-01,4.069433212280273438e-01,5.701910257339477539e-01,1.534590125083923340e-01,1.489417403936386108e-01,5.040559172630310059e-01,3.248051926493644714e-02,2.978273034095764160e-01
4.067963063716888428e-01,4.936791956424713135e-01,3.131914138793945312e-01,3.305391073226928711e-01,1.973679363727569580e-01,3.219763338565826416e-01,4.872663319110870361e-01,3.478799760341644287e-01,2.947053313255310059e-01,5.760495662689208984e-01,2.645533084869384766e-01,5.588038563728332520e-01,5.414572358131408691e-01,2.407845705747604370e-01,3.348338007926940918e-01,3.051483333110809326e-01,6.497707962989807129e-01,7.144476175308227539e-01,6.280864477157592773e-01,6.973133683204650879e-01,7.102617025375366211e-01,9.999995231628417969e-01,5.836195349693298340e-01,6.547338515520095825e-02,2.220099866390228271e-01,3.062332272529602051e-01,4.147141873836517334e-01,3.094034492969512939e-01,3.340801894664764404e-01,1.642944812774658203e-01,5.809837579727172852e-01,6.667380332946777344e-01,2.306992560625076294e-01,1.122786700725555420e-01,2.830630540847778320e-01,5.876681953668594360e-02,1.166104972362518311e-01,1.315357238054275513e-01,2.757213711738586426e-01,5.784037709236145020e-01,5.039778351783752441e-01,4.842135906219482422e-01,5.244373083114624023e-01,3.315129876136779785e-01,2.691382765769958496e-01,5.016638040542602539e-01,1.850547790527343750e-01,5.569286942481994629e-01
1.700749099254608154e-01,1.586810797452926636e-01,1.219113990664482117e-01,4.885492473840713501e-02,3.111848048865795135e-02,3.697376549243927002e-01,3.051923811435699463e-01,-8.514930494129657745e-03,1.283299475908279419e-01,2.050573229789733887e-01,-6.206044461578130722e-03,2.103759348392486572e-01,5.711492896080017090e-01,-6.691207736730575562e-02,2.259521931409835815e-01,2.880152761936187744e-01,5.806401968002319336e-01,4.135557115077972412e-01,4.243199825286865234e-01,4.537033736705780029e-01,4.122705161571502686e-01,5.836195349693298340e-01,1.000000000000000000e+00,3.256514668464660645e-01,-4.841470718383789062e-02,1.376627683639526367e-01,1.060701385140419006e-01,1.486227363348007202e-01,1.392095815390348434e-02,-4.176032170653343201e-02,2.494785636663436890e-01,4.531324505805969238e-01,-5.616858601570129395e-02,2.472485415637493134e-03,5.580813437700271606e-02,1.717145889997482300e-01,-1.094307228922843933e-01,6.866664439439773560e-02,2.137824296951293945e-01,5.546599030494689941e-01,1.492000967264175415e-01,2.186194509267807007e-01,1.019730046391487122e-01,1.511404812335968018e-01,1.665706485509872437e-01,2.381469607353210449e-01,3.328385055065155029e-01,4.704969525337219238e-01
1.109945625066757202e-01,-7.389628887176513672e-02,5.383354797959327698e-02,-6.246989592909812927e-02,-2.741407789289951324e-02,-9.637211449444293976e-03,-6.021653488278388977e-02,1.554098725318908691e-01,-1.887056380510330200e-01,1.005150601267814636e-01,-2.510669082403182983e-02,1.218411326408386230e-01,2.524643540382385254e-01,4.127978160977363586e-02,3.417276144027709961e-01,2.647046148777008057e-01,1.076457183808088303e-02,3.518990427255630493e-02,5.071587115526199341e-02,1.952231489121913910e-02,-2.906056679785251617e-02,6.547338515520095825e-02,3.256514668464660645e-01,1.000000357627868652e+00,-9.762261062860488892e-02,9.350965917110443115e-02,-1.049277652055025101e-02,1.301075816154479980e-01,8.602434396743774414e-02,1.158731654286384583e-01,1.711413115262985229e-01,9.948830306529998779e-02,7.151358295232057571e-03,1.833896189928054810e-01,2.685073912143707275e-01,6.695482730865478516e-01,9.332025051116943359e-02,2.732110917568206787e-01,3.393953442573547363e-01,4.030351340770721436e-01,-1.201779544353485107e-01,-4.277817904949188232e-02,-1.161802858114242554e-01,-1.297733783721923828e-01,-5.197315476834774017e-03,-7.284178584814071655e-02,6.231304407119750977e-01,5.779573321342468262e-02
1.161916926503181458e-01,1.863806992769241333e-01,-1.271026767790317535e-02,1.094908565282821655e-01,-1.881404593586921692e-02,1.080310866236686707e-01,1.868197470903396606e-01,2.048865407705307007e-01,1.867056190967559814e-01,2.070368230342864990e-01,8.372849225997924805e-02,2.396783530712127686e-01,1.730420142412185669e-01,6.669018417596817017e-02,4.707288742065429688e-02,1.335633248090744019e-01,1.598698347806930542e-01,1.443937867879867554e-01,2.519525289535522461e-01,1.550185531377792358e-01,1.297048926353454590e-01,2.220099866390228271e-01,-4.841470718383789062e-02,-9.762261062860488892e-02,1.000000357627868652e+00,4.275518655776977539e-02,1.257579922676086426e-01,9.508085437119007111e-03,8.839418739080429077e-02,1.489793360233306885e-01,1.823180168867111206e-01,2.112105637788772583e-01,4.329881370067596436e-01,-1.443547606468200684e-01,8.077029883861541748e-02,-2.803819021210074425e-03,3.045779094099998474e-02,1.657245680689811707e-02,1.058162748813629150e-01,1.423740386962890625e-01,1.775955557823181152e-01,2.421211898326873779e-01,2.824301719665527344e-01,1.765985786914825439e-01,1.402298510074615479e-01,3.907415568828582764e-01,-1.249623764306306839e-02,7.619149237871170044e-02
5.904158949851989746e-01,1.826127022504806519e-01,7.803425192832946777e-01,5.075813531875610352e-01,4.735862016677856445e-01,3.444439470767974854e-01,5.188796520233154297e-01,5.688260868191719055e-02,-5.244587361812591553e-02,2.872879207134246826e-01,-7.344840466976165771e-02,1.699638068675994873e-01,1.940288692712783813e-01,5.754734203219413757e-02,2.028184235095977783e-01,5.616405233740806580e-02,4.516999721527099609e-01,3.721993863582611084e-01,1.959102302789688110e-01,2.457866817712783813e-01,2.850699126720428467e-01,3.062332272529602051e-01,1.376627683639526367e-01,9.350965917110443115e-02,4.275518655776977539e-02,9.999997615814208984e-01,1.256435364484786987e-01,7.340580224990844727e-01,6.275150179862976074e-01,1.090953126549720764e-01,4.821545779705047607e-01,3.054209947586059570e-01,2.457170784473419189e-01,-6.958883255720138550e-03,2.197908759117126465e-01,-3.959035384468734264e-04,8.072043955326080322e-02,7.078458089381456375e-03,1.425888389348983765e-01,1.419909447431564331e-01,4.117769300937652588e-01,2.507797777652740479e-01,1.792697012424468994e-01,-7.044068723917007446e-02,2.172605134546756744e-02,1.520780771970748901e-01,1.518791168928146362e-01,5.173633247613906860e-02
1.703222990036010742e-01,3.658558130264282227e-01,1.147972047328948975e-01,1.297097057104110718e-01,2.571809850633144379e-02,7.584442943334579468e-02,2.352059930562973022e-01,4.157383739948272705e-01,3.012208342552185059e-01,3.000196218490600586e-01,4.373396337032318115e-01,3.713828027248382568e-01,8.931741118431091309e-02,4.970327913761138916e-01,3.286279737949371338e-01,1.271099746227264404e-01,2.434991449117660522e-01,4.223933815956115723e-01,2.767367959022521973e-01,3.475465178489685059e-01,3.689577579498291016e-01,4.147141873836517334e-01,1.060701385140419006e-01,-1.049277652055025101e-02,1.257579922676086426e-01,1.256435364484786987e-01,9.999992847442626953e-01,2.152885198593139648e-01,2.979420721530914307e-01,2.347838878631591797e-01,3.492687642574310303e-01,1.720628142356872559e-01,3.999810218811035156e-01,3.114099204540252686e-01,3.754635155200958252e-01,1.216987892985343933e-01,3.952812552452087402e-01,2.098209261894226074e-01,1.765658706426620483e-01,2.551025748252868652e-01,3.405629992485046387e-01,2.472299486398696899e-01,2.972250580787658691e-01,1.824632585048675537e-01,1.373966038227081299e-01,1.572670787572860718e-01,-6.326583679765462875e-03,2.456066012382507324e-01
6.156728267669677734e-01,2.123625576496124268e-01,7.144663333892822266e-01,3.815692365169525146e-01,4.892378449440002441e-01,3.972373306751251221e-01,4.424817264080047607e-01,1.515436768531799316e-01,-1.506031211465597153e-02,2.878955304622650146e-01,-3.717555105686187744e-02,1.301688551902770996e-01,1.963210403919219971e-01,1.015360057353973389e-01,2.559803128242492676e-01,1.924212723970413208e-01,4.504581093788146973e-01,4.357163608074188232e-01,2.649873197078704834e-01,3.421332240104675293e-01,2.947307229042053223e-01,3.094034492969512939e-01,1.486227363348007202e-01,1.301075816154479980e-01,9.508085437119007111e-03,7.340580224990844727e-01,2.152885198593139648e-01,9.999998807907104492e-01,6.446355581283569336e-01,1.750800907611846924e-01,5.082919597625732422e-01,2.653232812881469727e-01,2.499916553497314453e-01,1.507203876972198486e-01,2.910442352294921875e-01,1.413968950510025024e-01,1.055721566081047058e-01,1.054310500621795654e-01,3.342918753623962402e-01,1.950431615114212036e-01,4.453555047512054443e-01,2.482566535472869873e-01,2.107381969690322876e-01,-5.838977918028831482e-02,-1.304233539849519730e-02,1.087270304560661316e-01,2.404943555593490601e-01,8.603798598051071167e-02
5.493966937065124512e-01,3.890506029129028320e-01,5.059303641319274902e-01,3.648697733879089355e-01,3.112019598484039307e-01,1.690685898065567017e-01,5.230421423912048340e-01,2.777056097984313965e-01,2.110473066568374634e-01,4.031129181385040283e-01,2.770406901836395264e-01,2.935470640659332275e-01,4.302746150642633438e-03,3.272354602813720703e-01,3.025258481502532959e-01,1.443982124328613281e-01,3.384031653404235840e-01,4.260292351245880127e-01,9.350157529115676880e-02,2.218807339668273926e-01,2.858948111534118652e-01,3.340801894664764404e-01,1.392095815390348434e-02,8.602434396743774414e-02,8.839418739080429077e-02,6.275150179862976074e-01,2.979420721530914307e-01,6.446355581283569336e-01,1.000000357627868652e+00,5.472973585128784180e-01,5.608320236206054688e-01,2.639224231243133545e-01,3.076895177364349365e-01,2.816920578479766846e-01,3.774216175079345703e-01,2.317503243684768677e-01,3.290057182312011719e-01,2.123559862375259399e-01,2.025197893381118774e-01,1.740896552801132202e-01,4.454037845134735107e-01,3.355530500411987305e-01,2.637703716754913330e-01,2.073858380317687988e-01,1.521296054124832153e-01,2.277012020349502563e-01,1.376334875822067261e-01,1.968135237693786621e-01
2.986593842506408691e-01,3.683173656463623047e-01,-4.770179837942123413e-02,1.572138443589210510e-02,3.236428648233413696e-02,-1.391272395849227905e-01,3.889559507369995117e-01,3.789612650871276855e-01,4.811612665653228760e-01,3.567180037498474121e-01,5.448127388954162598e-01,2.771417498588562012e-01,-7.313986867666244507e-02,4.538841843605041504e-01,2.213545143604278564e-01,3.137816190719604492e-01,8.119746297597885132e-02,1.928747147321701050e-01,-5.168211460113525391e-02,7.607017178088426590e-03,5.272762104868888855e-02,1.642944812774658203e-01,-4.176032170653343201e-02,1.158731654286384583e-01,1.489793360233306885e-01,1.090953126549720764e-01,2.347838878631591797e-01,1.750800907611846924e-01,5.472973585128784180e-01,1.000000000000000000e+00,4.318913221359252930e-01,1.285333931446075439e-01,2.514541447162628174e-01,3.839400410652160645e-01,2.551263868808746338e-01,4.503530859947204590e-01,3.633735179901123047e-01,2.887634634971618652e-01,2.162670940160751343e-01,2.086315155029296875e-01,2.354836612939834595e-01,1.969942152500152588e-01,1.231937929987907410e-01,4.533579051494598389e-01,2.211537659168243408e-01,1.940475553274154663e-01,1.496373414993286133e-01,2.536303400993347168e-01
5.426988005638122559e-01,3.754603266716003418e-01,4.702472388744354248e-01,4.918664693832397461e-01,3.247155547142028809e-01,2.194797098636627197e-01,5.033978223800659180e-01,2.424615919589996338e-01,1.902510225772857666e-01,5.651990771293640137e-01,2.064145952463150024e-01,5.233627557754516602e-01,4.094995558261871338e-01,2.786059379577636719e-01,3.754624724388122559e-01,4.125036299228668213e-01,4.768843948841094971e-01,6.772829294204711914e-01,5.058088898658752441e-01,5.423577427864074707e-01,5.281734466552734375e-01,5.809837579727172852e-01,2.494785636663436890e-01,1.711413115262985229e-01,1.823180168867111206e-01,4.821545779705047607e-01,3.492687642574310303e-01,5.082919597625732422e-01,5.608320236206054688e-01,4.318913221359252930e-01,9.999996423721313477e-01,4.892015755176544189e-01,2.919158041477203369e-01,2.324764728546142578e-01,3.800662755966186523e-01,2.770831286907196045e-01,1.846023350954055786e-01,2.086842954158782959e-01,4.355892241001129150e-01,5.006173849105834961e-01,5.370990037918090820e-01,2.876351177692413330e-01,5.051367878913879395e-01,2.052297741174697876e-01,1.518497467041015625e-01,4.024042785167694092e-01,2.406069338321685791e-01,2.647112607955932617e-01
2.711561322212219238e-01,4.312460720539093018e-01,2.803320884704589844e-01,2.686080634593963623e-01,7.255012542009353638e-02,2.933313548564910889e-01,2.766799330711364746e-01,1.818118989467620850e-01,1.574548929929733276e-01,4.569612443447113037e-01,5.237438902258872986e-02,4.609182178974151611e-01,5.910000801086425781e-01,7.925368845462799072e-02,3.522901535034179688e-01,3.000513911247253418e-01,5.218049883842468262e-01,4.591309428215026855e-01,4.774566292762756348e-01,5.068302154541015625e-01,4.951260089874267578e-01,6.667380332946777344e-01,4.531324505805969238e-01,9.948830306529998779e-02,2.112105637788772583e-01,3.054209947586059570e-01,1.720628142356872559e-01,2.653232812881469727e-01,2.639224231243133545e-01,1.285333931446075439e-01,4.892015755176544189e-01,1.000000000000000000e+00,1.744747757911682129e-01,1.036988794803619385e-01,3.215011358261108398e-01,1.554001271724700928e-01,3.771828860044479370e-02,2.026002109050750732e-01,4.218605458736419678e-01,4.891932904720306396e-01,4.180169403553009033e-01,4.714944660663604736e-01,3.679578602313995361e-01,2.950735092163085938e-01,3.439724743366241455e-01,4.501378536224365234e-01,3.170888125896453857e-01,2.775290012359619141e-01
3.741326630115509033e-01,3.892318904399871826e-01,1.904179453849792480e-01,1.949269175529479980e-01,2.838820815086364746e-01,1.836449354887008667e-01,2.190683484077453613e-01,4.250594377517700195e-01,8.808466792106628418e-02,2.267377972602844238e-01,1.982419341802597046e-01,2.406796216964721680e-01,8.467171341180801392e-02,4.040441811084747314e-01,3.500734269618988037e-01,1.607281714677810669e-01,1.687924414873123169e-01,2.326658219099044800e-01,1.366614401340484619e-01,2.018890976905822754e-01,1.036264598369598389e-01,2.306992560625076294e-01,-5.616858601570129395e-02,7.151358295232057571e-03,4.329881370067596436e-01,2.457170784473419189e-01,3.999810218811035156e-01,2.499916553497314453e-01,3.076895177364349365e-01,2.514541447162628174e-01,2.919158041477203369e-01,1.744747757911682129e-01,1.000000119209289551e+00,1.356562972068786621e-01,3.487796485424041748e-01,1.716492027044296265e-01,4.756964147090911865e-01,2.404902130365371704e-01,2.005968838930130005e-01,1.171827837824821472e-01,3.573919236660003662e-01,2.070152163505554199e-01,2.006939649581909180e-01,1.553615629673004150e-01,1.423790603876113892e-01,1.830389946699142456e-01,2.377967722713947296e-02,1.162850186228752136e-01
