9.999994039535522461e-01,3.977705538272857666e-01,4.965727329254150391e-01,4.000056684017181396e-01,3.728421032428741455e-01,3.738413751125335693e-01,4.593795239925384521e-01,3.949546813964843750e-01,2.721470594406127930e-01,4.587059915065765381e-01,3.097296953201293945e-01,3.729911148548126221e-01,4.357021152973175049e-01,2.624810934066772461e-01,2.515154182910919189e-01,2.924562990665435791e-01,4.588878452777862549e-01,4.076042175292968750e-01,4.189800918102264404e-01,4.480639994144439697e-01,5.044596791267395020e-01,4.573206901550292969e-01,2.777261137962341309e-01,3.639619648456573486e-01,2.348012030124664307e-01,4.235036373138427734e-01,9.220197051763534546e-02,6.553061604499816895e-01,7.194904088973999023e-01,3.082247674465179443e-01,4.498422443866729736e-01,4.101272523403167725e-01,4.287282526493072510e-01,2.134722918272018433e-01,-3.161221742630004883e-02,3.147327601909637451e-01,4.036141932010650635e-01,2.335708886384963989e-01,2.973318397998809814e-01,2.905473709106445312e-01,3.962921798229217529e-01,4.801853001117706299e-01,4.815286993980407715e-01,2.440723776817321777e-01,3.930841386318206787e-01,4.581256806850433350e-01,3.595987260341644287e-01,3.959373831748962402e-01
3.977705538272857666e-01,9.999996423721313477e-01,3.351944983005523682e-01,3.972717225551605225e-01,4.091334044933319092e-01,6.108699440956115723e-01,4.506776630878448486e-01,4.522712230682373047e-01,2.790396809577941895e-01,4.128657877445220947e-01,1.614150851964950562e-01,1.540481895208358765e-01,3.477329313755035400e-01,2.811473608016967773e-01,1.720405220985412598e-01,3.269380927085876465e-01,4.281295239925384521e-01,4.654671251773834229e-01,4.409345984458923340e-01,4.782506525516510010e-01,4.480609893798828125e-01,3.744452893733978271e-01,3.716053068637847900e-01,3.709326684474945068e-01,6.649233400821685791e-02,3.870402574539184570e-01,1.497859507799148560e-01,4.066205024719238281e-01,5.369275808334350586e-01,1.678031533956527710e-01,3.528424203395843506e-01,4.018837213516235352e-01,3.811326622962951660e-01,2.340798228979110718e-01,2.131936699151992798e-01,4.445332884788513184e-01,2.526169717311859131e-01,1.804004162549972534e-01,2.795961499214172363e-01,3.174927532672882080e-01,6.415713429450988770e-01,6.049729585647583008e-01,5.536813139915466309e-01,6.732124686241149902e-01,8.023479580879211426e-01,5.382527112960815430e-01,3.175411522388458252e-01,3.198328018188476562e-01
4.965727329254150391e-01,3.351944983005523682e-01,9.999999403953552246e-01,7.261801958084106445e-01,3.681046962738037109e-01,4.270800948143005371e-01,6.214218139648437500e-01,4.966686367988586426e-01,3.705953061580657959e-01,4.357773959636688232e-01,4.427326917648315430e-01,5.484063625335693359e-01,4.444339275360107422e-01,1.233813166618347168e-01,3.357469141483306885e-01,4.027830660343170166e-01,6.047201752662658691e-01,4.044535160064697266e-01,3.342402279376983643e-01,2.752655744552612305e-01,4.708090722560882568e-01,4.586352705955505371e-01,2.982351779937744141e-01,3.342606127262115479e-01,7.860698550939559937e-02,6.387240290641784668e-01,1.281118839979171753e-01,6.449027061462402344e-01,5.770118236541748047e-01,5.536798834800720215e-01,4.669470191001892090e-01,4.114022254943847656e-01,2.564959526062011719e-01,2.409523427486419678e-01,4.756638035178184509e-02,3.581179678440093994e-01,2.037425041198730469e-01,1.758463978767395020e-01,3.392346799373626709e-01,3.204695284366607666e-01,3.410564064979553223e-01,4.900171458721160889e-01,4.087589085102081299e-01,2.968638241291046143e-01,3.757759034633636475e-01,3.772006332874298096e-01,3.224542737007141113e-01,2.635081112384796143e-01
4.000056684017181396e-01,3.972717225551605225e-01,7.261801958084106445e-01,9.999998211860656738e-01,5.292491912841796875e-01,6.744650006294250488e-01,7.249861955642700195e-01,3.534240126609802246e-01,2.565026581287384033e-01,3.968982398509979248e-01,2.842655479907989502e-01,3.728805184364318848e-01,4.407864212989807129e-01,1.117019280791282654e-01,2.593669891357421875e-01,5.061550140380859375e-01,6.349762082099914551e-01,5.472112894058227539e-01,5.142939090728759766e-01,5.470066070556640625e-01,6.590726375579833984e-01,5.829591751098632812e-01,4.203701615333557129e-01,4.892266094684600830e-01,1.017285231500864029e-02,6.359977126121520996e-01,1.296438425779342651e-01,4.760268628597259521e-01,4.637272059917449951e-01,3.815434277057647705e-01,3.990045785903930664e-01,5.224621891975402832e-01,3.167583942413330078e-01,2.220152765512466431e-01,8.123318105936050415e-02,5.683992505073547363e-01,1.704802513122558594e-01,2.167603522539138794e-01,4.366887211799621582e-01,4.335761070251464844e-01,4.706535339355468750e-01,5.581467151641845703e-01,4.385027587413787842e-01,2.303996086120605469e-01,3.701548576354980469e-01,4.716592729091644287e-01,4.525081217288970947e-01,3.729976415634155273e-01
3.728421032428741455e-01,4.091334044933319092e-01,3.681046962738037109e-01,5.292491912841796875e-01,9.999999403953552246e-01,7.169886827468872070e-01,3.913389444351196289e-01,3.276381194591522217e-01,2.627372145652770996e-01,4.137341678142547607e-01,2.167949974536895752e-01,4.071613550186157227e-01,4.992637932300567627e-01,3.031497001647949219e-01,2.070302665233612061e-01,2.511652112007141113e-01,3.683082461357116699e-01,3.840176761150360107e-01,3.697820901870727539e-01,5.305589437484741211e-01,6.481441259384155273e-01,4.604797363281250000e-01,1.883522719144821167e-01,2.914510369300842285e-01,1.404881179332733154e-01,2.626381218433380127e-01,7.803911715745925903e-02,3.926158845424652100e-01,3.704713881015777588e-01,3.675752580165863037e-01,3.857633173465728760e-01,4.428492784500122070e-01,4.159002304077148438e-01,1.297097802162170410e-01,2.567279152572154999e-02,3.733255267143249512e-01,3.132599294185638428e-01,1.445336341857910156e-01,2.755825817584991455e-01,2.930062711238861084e-01,4.784813821315765381e-01,4.473356902599334717e-01,3.620915412902832031e-01,2.205683737993240356e-01,3.181984722614288330e-01,4.156534075736999512e-01,3.038424253463745117e-01,1.417308151721954346e-01
3.738413751125335693e-01,6.108699440956115723e-01,4.270800948143005371e-01,6.744650006294250488e-01,7.169886827468872070e-01,9.999999403953552246e-01,6.357349157333374023e-01,3.055093586444854736e-01,2.064348906278610229e-01,4.303452074527740479e-01,1.538679599761962891e-01,2.456534504890441895e-01,4.741822481155395508e-01,2.417203933000564575e-01,1.841553449630737305e-01,4.139135181903839111e-01,5.110296607017517090e-01,5.772143006324768066e-01,5.748751163482666016e-01,6.695076823234558105e-01,6.417900919914245605e-01,5.311108231544494629e-01,4.581910967826843262e-01,5.099750757217407227e-01,-1.576147275045514107e-03,5.080756545066833496e-01,8.075418323278427124e-02,3.440102934837341309e-01,5.199467539787292480e-01,2.477065175771713257e-01,4.123263657093048096e-01,5.308679938316345215e-01,3.666833639144897461e-01,1.932865828275680542e-01,1.517159938812255859e-01,5.947604179382324219e-01,2.288192808628082275e-01,2.191968411207199097e-01,4.303227961063385010e-01,4.711287915706634521e-01,6.503038406372070312e-01,6.365182995796203613e-01,5.377292633056640625e-01,3.351262211799621582e-01,5.427977442741394043e-01,5.730230808258056641e-01,4.399448633193969727e-01,3.458985090255737305e-01
4.593795239925384521e-01,4.506776630878448486e-01,6.214218139648437500e-01,7.249861955642700195e-01,3.913389444351196289e-01,6.357349157333374023e-01,1.000000119209289551e+00,4.069648683071136475e-01,2.605478763580322266e-01,3.514404892921447754e-01,2.742855250835418701e-01,1.716382503509521484e-01,3.264321386814117432e-01,1.282523274421691895e-01,1.057936474680900574e-01,4.942871332168579102e-01,8.166495561599731445e-01,7.616360783576965332e-01,7.360390424728393555e-01,6.661245822906494141e-01,5.433655977249145508e-01,5.373668074607849121e-01,5.656131505966186523e-01,5.897522568702697754e-01,-1.022572889924049377e-01,8.468012213706970215e-01,1.394003536552190781e-02,3.651574254035949707e-01,6.597157120704650879e-01,2.528875768184661865e-01,4.324041604995727539e-01,5.725535154342651367e-01,2.672340869903564453e-01,2.411120384931564331e-01,3.277114033699035645e-02,5.985248088836669922e-01,2.480829805135726929e-01,2.243691831827163696e-01,5.009038448333740234e-01,5.532204508781433105e-01,4.715509116649627686e-01,7.189504504203796387e-01,5.969197750091552734e-01,2.234617918729782104e-01,4.163981080055236816e-01,5.842409133911132812e-01,5.278953313827514648e-01,5.170415043830871582e-01
3.949546813964843750e-01,4.522712230682373047e-01,4.966686367988586426e-01,3.534240126609802246e-01,3.276381194591522217e-01,3.055093586444854736e-01,4.069648683071136475e-01,1.000000000000000000e+00,4.509535431861877441e-01,4.445138871669769287e-01,6.375899910926818848e-01,4.921669960021972656e-01,3.396903574466705322e-01,3.540552854537963867e-01,4.180706441402435303e-01,4.300815761089324951e-01,4.776247441768646240e-01,3.878643512725830078e-01,2.629542648792266846e-01,2.077356874942779541e-01,3.062635064125061035e-01,3.035516738891601562e-01,2.087849378585815430e-01,2.526242434978485107e-01,1.511158347129821777e-01,3.631027042865753174e-01,1.196574866771697998e-01,4.863976240158081055e-01,4.180636703968048096e-01,3.562916815280914307e-01,4.155603051185607910e-01,3.916539549827575684e-01,2.853100001811981201e-01,5.322250127792358398e-01,5.443547293543815613e-02,2.519758045673370361e-01,4.992018043994903564e-01,3.593700230121612549e-01,3.653114438056945801e-01,1.899883002042770386e-01,2.785479128360748291e-01,4.583841860294342041e-01,3.715034723281860352e-01,5.100815296173095703e-01,4.560546278953552246e-01,3.639297485351562500e-01,2.833658158779144287e-01,2.220835685729980469e-01
2.721470594406127930e-01,2.790396809577941895e-01,3.705953061580657959e-01,2.565026581287384033e-01,2.627372145652770996e-01,2.064348906278610229e-01,2.605478763580322266e-01,4.509535431861877441e-01,9.999997019767761230e-01,4.612387418746948242e-01,2.478744983673095703e-01,3.436602652072906494e-01,3.010072708129882812e-01,1.581859439611434937e-01,1.728045195341110229e-01,2.544583976268768311e-01,3.453443944454193115e-01,2.175337225198745728e-01,1.345765292644500732e-01,1.664945483207702637e-01,2.794894874095916748e-01,2.438996136188507080e-01,1.410966366529464722e-01,1.441015899181365967e-01,2.013412266969680786e-01,2.453826665878295898e-01,1.443198621273040771e-01,4.120143353939056396e-01,3.136839568614959717e-01,3.426722288131713867e-01,3.003779053688049316e-01,2.269604057073593140e-01,2.803261876106262207e-01,2.500852644443511963e-01,1.316393464803695679e-01,1.519460231065750122e-01,2.612051069736480713e-01,1.192502155900001526e-01,1.102521419525146484e-01,1.237682029604911804e-01,1.305182874202728271e-01,3.101951479911804199e-01,3.233978748321533203e-01,2.803753912448883057e-01,2.856830954551696777e-01,2.893251180648803711e-01,1.486577093601226807e-01,1.212903037667274475e-01
4.587059915065765381e-01,4.128657877445220947e-01,4.357773959636688232e-01,3.968982398509979248e-01,4.137341678142547607e-01,4.303452074527740479e-01,3.514404892921447754e-01,4.445138871669769287e-01,4.612387418746948242e-01,1.000000357627868652e+00,2.643678784370422363e-01,4.356438815593719482e-01,5.839158296585083008e-01,2.665980756282806396e-01,3.187838494777679443e-01,3.630644679069519043e-01,3.283624053001403809e-01,3.306275010108947754e-01,2.337741106748580933e-01,3.893770575523376465e-01,5.517333149909973145e-01,4.683547317981719971e-01,3.344432711601257324e-01,3.499885797500610352e-01,1.047105938196182251e-01,3.361120223999023438e-01,9.592807292938232422e-02,4.989681243896484375e-01,5.307130217552185059e-01,4.289011359214782715e-01,4.543648660182952881e-01,4.467592239379882812e-01,3.422663807868957520e-01,2.433226257562637329e-01,1.703493595123291016e-01,3.603739738464355469e-01,2.950279414653778076e-01,2.084609568119049072e-01,2.482043951749801636e-01,2.490267753601074219e-01,3.217229545116424561e-01,4.933651983737945557e-01,4.199815690517425537e-01,3.253978490829467773e-01,4.780705571174621582e-01,6.112010478973388672e-01,3.461769819259643555e-01,2.988624274730682373e-01
3.097296953201293945e-01,1.614150851964950562e-01,4.427326917648315430e-01,2.842655479907989502e-01,2.167949974536895752e-01,1.538679599761962891e-01,2.742855250835418701e-01,6.375899910926818848e-01,2.478744983673095703e-01,2.643678784370422363e-01,9.999997615814208984e-01,6.869916319847106934e-01,3.020920753479003906e-01,1.585168242454528809e-01,4.722581803798675537e-01,4.012553393840789795e-01,3.125418126583099365e-01,2.200990021228790283e-01,1.171720176935195923e-01,5.708853527903556824e-02,2.135039418935775757e-01,2.196232080459594727e-01,9.028086066246032715e-02,1.084165424108505249e-01,-1.799507997930049896e-02,2.609438300132751465e-01,-4.379177466034889221e-02,3.342293500900268555e-01,2.979610264301300049e-01,3.698395788669586182e-01,3.143151700496673584e-01,2.487088441848754883e-01,8.911100029945373535e-02,2.337481826543807983e-01,-1.511728614568710327e-01,1.374996751546859741e-01,2.010133862495422363e-01,2.531918883323669434e-01,4.641241729259490967e-01,1.476816087961196899e-01,1.661911755800247192e-01,2.994637191295623779e-01,1.994324177503585815e-01,1.927482485771179199e-01,1.806564331054687500e-01,1.621907949447631836e-01,1.546552032232284546e-01,9.511708468198776245e-02
3.729911148548126221e-01,1.540481895208358765e-01,5.484063625335693359e-01,3.728805184364318848e-01,4.071613550186157227e-01,2.456534504890441895e-01,1.716382503509521484e-01,4.921669960021972656e-01,3.436602652072906494e-01,4.356438815593719482e-01,6.869916319847106934e-01,1.000000119209289551e+00,5.572533011436462402e-01,1.929994821548461914e-01,4.587590098381042480e-01,3.763666152954101562e-01,2.298041880130767822e-01,1.269024163484573364e-01,-3.171140328049659729e-02,2.475090697407722473e-02,3.711712956428527832e-01,3.709657192230224609e-01,9.486711025238037109e-02,9.653575718402862549e-02,1.964256763458251953e-01,1.889204382896423340e-01,1.359326988458633423e-01,5.218886137008666992e-01,3.151213228702545166e-01,6.293278336524963379e-01,4.528427422046661377e-01,2.798221409320831299e-01,2.529975473880767822e-01,1.520659923553466797e-01,-5.572450906038284302e-02,1.464612334966659546e-01,1.962260305881500244e-01,1.970603018999099731e-01,3.253462314605712891e-01,9.037603437900543213e-02,1.715759485960006714e-01,2.704893648624420166e-01,1.982019990682601929e-01,2.240840494632720947e-01,2.170611023902893066e-01,2.494552135467529297e-01,1.705059409141540527e-01,6.797911226749420166e-02
4.357021152973175049e-01,3.477329313755035400e-01,4.444339275360107422e-01,4.407864212989807129e-01,4.992637932300567627e-01,4.741822481155395508e-01,3.264321386814117432e-01,3.396903574466705322e-01,3.010072708129882812e-01,5.839158296585083008e-01,3.020920753479003906e-01,5.572533011436462402e-01,9.999995231628417969e-01,3.084121942520141602e-01,3.499331474304199219e-01,4.320692121982574463e-01,2.624849081039428711e-01,3.406824767589569092e-01,2.054289877414703369e-01,3.631109595298767090e-01,6.115817427635192871e-01,5.621863603591918945e-01,5.234215855598449707e-01,3.754191994667053223e-01,7.184775173664093018e-02,3.331495821475982666e-01,1.622617244720458984e-01,4.286772310733795166e-01,4.712855517864227295e-01,5.596886277198791504e-01,5.734097361564636230e-01,4.358786642551422119e-01,3.690136075019836426e-01,2.188689112663269043e-01,2.551554739475250244e-01,4.103968739509582520e-01,2.026257365942001343e-01,2.277891188859939575e-01,2.813394367694854736e-01,3.030247688293457031e-01,3.724575638771057129e-01,4.404599666595458984e-01,3.775770366191864014e-01,2.574579119682312012e-01,4.101901650428771973e-01,5.244055986404418945e-01,3.427336513996124268e-01,3.663253188133239746e-01
2.624810934066772461e-01,2.811473608016967773e-01,1.233813166618347168e-01,1.117019280791282654e-01,3.031497001647949219e-01,2.417203933000564575e-01,1.282523274421691895e-01,3.540552854537963867e-01,1.581859439611434937e-01,2.665980756282806396e-01,1.585168242454528809e-01,1.929994821548461914e-01,3.084121942520141602e-01,1.000000000000000000e+00,3.052603006362915039e-01,2.109568119049072266e-01,1.792736798524856567e-01,2.235749959945678711e-01,1.061011478304862976e-01,1.395277976989746094e-01,1.725583672523498535e-01,1.087402850389480591e-01,1.356764733791351318e-01,1.248060166835784912e-01,3.345869481563568115e-01,1.379204839468002319e-01,3.151803612709045410e-01,2.182521522045135498e-01,2.505654692649841309e-01,2.227766364812850952e-01,2.781591713428497314e-01,2.209803313016891479e-01,4.208307862281799316e-01,3.620623648166656494e-01,2.592065036296844482e-01,1.820772290229797363e-01,4.990833997726440430e-01,4.629497230052947998e-01,1.897941380739212036e-01,1.239928230643272400e-01,1.384416669607162476e-01,2.681003510951995850e-01,2.594633698463439941e-01,2.026842385530471802e-01,2.617438733577728271e-01,2.579565346240997314e-01,1.467344462871551514e-01,6.193109229207038879e-02
2.515154182910919189e-01,1.720405220985412598e-01,3.357469141483306885e-01,2.593669891357421875e-01,2.070302665233612061e-01,1.841553449630737305e-01,1.057936474680900574e-01,4.180706441402435303e-01,1.728045195341110229e-01,3.187838494777679443e-01,4.722581803798675537e-01,4.587590098381042480e-01,3.499331474304199219e-01,3.052603006362915039e-01,9.999999403953552246e-01,5.744837522506713867e-01,1.066341325640678406e-01,1.560356467962265015e-01,3.010421805083751678e-02,8.725396543741226196e-02,2.458602488040924072e-01,3.118326961994171143e-01,1.737974286079406738e-01,1.271093636751174927e-01,1.377487182617187500e-01,1.487649679183959961e-01,7.976969331502914429e-02,3.407656550407409668e-01,1.903304755687713623e-01,2.804065942764282227e-01,3.078933060169219971e-01,2.611262798309326172e-01,1.385445445775985718e-01,3.075754344463348389e-01,6.826030462980270386e-02,1.498597860336303711e-01,9.427820891141891479e-02,2.991696000099182129e-01,3.381004035472869873e-01,9.425903856754302979e-02,8.785346895456314087e-02,1.225677281618118286e-01,1.355139762163162231e-01,1.927837729454040527e-01,2.063275724649429321e-01,1.510405242443084717e-01,1.683112829923629761e-01,1.432789862155914307e-01
2.924562990665435791e-01,3.269380927085876465e-01,4.027830660343170166e-01,5.061550140380859375e-01,2.511652112007141113e-01,4.139135181903839111e-01,4.942871332168579102e-01,4.300815761089324951e-01,2.544583976268768311e-01,3.630644679069519043e-01,4.012553393840789795e-01,3.763666152954101562e-01,4.320692121982574463e-01,2.109568119049072266e-01,5.744837522506713867e-01,1.000000119209289551e+00,3.636653721332550049e-01,4.452688395977020264e-01,3.682408630847930908e-01,3.973350226879119873e-01,3.860837817192077637e-01,5.295361876487731934e-01,5.938366651535034180e-01,4.136948287487030029e-01,-7.950792461633682251e-02,4.849392175674438477e-01,-1.383826695382595062e-02,3.007825613021850586e-01,3.646228611469268799e-01,2.578337788581848145e-01,3.939842283725738525e-01,4.799303412437438965e-01,1.922742128372192383e-01,3.760579824447631836e-01,1.351574808359146118e-01,4.782226681709289551e-01,1.225605532526969910e-01,3.322730660438537598e-01,6.119992733001708984e-01,4.310527145862579346e-01,2.268577367067337036e-01,4.009866118431091309e-01,3.437806665897369385e-01,2.118121534585952759e-01,2.873569428920745850e-01,3.766758143901824951e-01,3.812446594238281250e-01,4.655788838863372803e-01
4.588878452777862549e-01,4.281295239925384521e-01,6.047201752662658691e-01,6.349762082099914551e-01,3.683082461357116699e-01,5.110296607017517090e-01,8.166495561599731445e-01,4.776247441768646240e-01,3.453443944454193115e-01,3.283624053001403809e-01,3.125418126583099365e-01,2.298041880130767822e-01,2.624849081039428711e-01,1.792736798524856567e-01,1.066341325640678406e-01,3.636653721332550049e-01,1.000000119209289551e+00,7.579290866851806641e-01,6.528847217559814453e-01,5.829182267189025879e-01,5.156830549240112305e-01,4.216911792755126953e-01,3.214560151100158691e-01,3.704699277877807617e-01,1.011039242148399353e-01,6.904662251472473145e-01,1.601738780736923218e-01,4.354772865772247314e-01,6.138872504234313965e-01,2.702040970325469971e-01,3.916937708854675293e-01,4.338385760784149170e-01,3.367302417755126953e-01,2.458082735538482666e-01,3.265391290187835693e-02,3.488358557224273682e-01,3.730234801769256592e-01,2.018766254186630249e-01,3.433164954185485840e-01,3.049284219741821289e-01,4.263567030429840088e-01,6.881620287895202637e-01,5.940313935279846191e-01,2.524571716785430908e-01,4.364123046398162842e-01,5.579824447631835938e-01,3.789586424827575684e-01,3.616856634616851807e-01
4.076042175292968750e-01,4.654671251773834229e-01,4.044535160064697266e-01,5.472112894058227539e-01,3.840176761150360107e-01,5.772143006324768066e-01,7.616360783576965332e-01,3.878643512725830078e-01,2.175337225198745728e-01,3.306275010108947754e-01,2.200990021228790283e-01,1.269024163484573364e-01,3.406824767589569092e-01,2.235749959945678711e-01,1.560356467962265015e-01,4.452688395977020264e-01,7.579290866851806641e-01,1.000000119209289551e+00,7.210698127746582031e-01,6.912500262260437012e-01,5.508003234863281250e-01,6.523959636688232422e-01,5.483062863349914551e-01,5.526728630065917969e-01,3.605160489678382874e-02,6.338258981704711914e-01,8.613371104001998901e-02,3.258686363697052002e-01,6.133584976196289062e-01,2.104140818119049072e-01,5.428444743156433105e-01,6.277979016304016113e-01,3.666664063930511475e-01,2.636554539203643799e-01,6.407319009304046631e-02,5.267172455787658691e-01,3.046258091926574707e-01,2.220608890056610107e-01,3.760771155357360840e-01,4.337065815925598145e-01,4.377435147762298584e-01,5.763909816741943359e-01,5.463143587112426758e-01,2.501145601272583008e-01,4.207241535186767578e-01,5.694528818130493164e-01,5.403900742530822754e-01,5.475669503211975098e-01
4.189800918102264404e-01,4.409345984458923340e-01,3.342402279376983643e-01,5.142939090728759766e-01,3.697820901870727539e-01,5.748751163482666016e-01,7.360390424728393555e-01,2.629542648792266846e-01,1.345765292644500732e-01,2.337741106748580933e-01,1.171720176935195923e-01,-3.171140328049659729e-02,2.054289877414703369e-01,1.061011478304862976e-01,3.010421805083751678e-02,3.682408630847930908e-01,6.528847217559814453e-01,7.210698127746582031e-01,1.000000119209289551e+00,8.186101317405700684e-01,5.239331722259521484e-01,4.803571999073028564e-01,4.949198067188262939e-01,5.501744747161865234e-01,-8.411693572998046875e-02,6.080241799354553223e-01,-9.685182571411132812e-02,1.686495244503021240e-01,5.681653618812561035e-01,3.900762274861335754e-02,3.020777702331542969e-01,5.445098280906677246e-01,2.667342126369476318e-01,1.551982164382934570e-01,-7.421418093144893646e-03,5.509134531021118164e-01,2.644111514091491699e-01,1.786978542804718018e-01,4.400681555271148682e-01,4.973073005676269531e-01,4.757704734802246094e-01,6.043949127197265625e-01,5.759181380271911621e-01,1.661246567964553833e-01,3.324596583843231201e-01,5.132651329040527344e-01,4.416452646255493164e-01,4.924865067005157471e-01
4.480639994144439697e-01,4.782506525516510010e-01,2.752655744552612305e-01,5.470066070556640625e-01,5.305589437484741211e-01,6.695076823234558105e-01,6.661245822906494141e-01,2.077356874942779541e-01,1.664945483207702637e-01,3.893770575523376465e-01,5.708853527903556824e-02,2.475090697407722473e-02,3.631109595298767090e-01,1.395277976989746094e-01,8.725396543741226196e-02,3.973350226879119873e-01,5.829182267189025879e-01,6.912500262260437012e-01,8.186101317405700684e-01,1.000000596046447754e+00,7.310584783554077148e-01,5.435729026794433594e-01,4.594617486000061035e-01,5.124563574790954590e-01,-1.097036078572273254e-01,5.430666804313659668e-01,-1.472186446189880371e-01,1.960472613573074341e-01,5.696792006492614746e-01,2.728280238807201385e-02,3.106706440448760986e-01,5.579934120178222656e-01,3.227548897266387939e-01,1.026384681463241577e-01,4.979600012302398682e-02,5.501808524131774902e-01,2.566946148872375488e-01,1.171960681676864624e-01,4.108891785144805908e-01,4.717215597629547119e-01,5.344439744949340820e-01,5.982195138931274414e-01,5.995573401451110840e-01,1.605069339275360107e-01,3.745161294937133789e-01,6.198713779449462891e-01,4.341737926006317139e-01,4.615135788917541504e-01
5.044596791267395020e-01,4.480609893798828125e-01,4.708090722560882568e-01,6.590726375579833984e-01,6.481441259384155273e-01,6.417900919914245605e-01,5.433655977249145508e-01,3.062635064125061035e-01,2.794894874095916748e-01,5.517333149909973145e-01,2.135039418935775757e-01,3.711712956428527832e-01,6.115817427635192871e-01,1.725583672523498535e-01,2.458602488040924072e-01,3.860837817192077637e-01,5.156830549240112305e-01,5.508003234863281250e-01,5.239331722259521484e-01,7.310584783554077148e-01,1.000000000000000000e+00,6.526706218719482422e-01,3.687750995159149170e-01,4.410476386547088623e-01,3.796096891164779663e-02,4.578908383846282959e-01,3.736209357157349586e-03,4.553800821304321289e-01,5.627392530441284180e-01,3.683746159076690674e-01,4.611878693103790283e-01,5.530164241790771484e-01,4.389264583587646484e-01,1.564577221870422363e-01,1.559142321348190308e-01,4.734818637371063232e-01,2.662664651870727539e-01,1.016296818852424622e-01,3.373263776302337646e-01,3.950206637382507324e-01,5.091680884361267090e-01,5.367014408111572266e-01,5.114813446998596191e-01,1.858385652303695679e-01,4.153626859188079834e-01,6.214826703071594238e-01,3.998345434665679932e-01,3.579824566841125488e-01
4.573206901550292969e-01,3.744452893733978271e-01,4.586352705955505371e-01,5.829591751098632812e-01,4.604797363281250000e-01,5.311108231544494629e-01,5.373668074607849121e-01,3.035516738891601562e-01,2.438996136188507080e-01,4.683547317981719971e-01,2.196232080459594727e-01,3.709657192230224609e-01,5.621863603591918945e-01,1.087402850389480591e-01,3.118326961994171143e-01,5.295361876487731934e-01,4.216911792755126953e-01,6.523959636688232422e-01,4.803571999073028564e-01,5.435729026794433594e-01,6.526706218719482422e-01,9.999998211860656738e-01,6.173375844955444336e-01,6.392968893051147461e-01,1.296729147434234619e-01,4.526799619197845459e-01,9.652101993560791016e-02,4.811642467975616455e-01,5.293279290199279785e-01,4.907690882682800293e-01,7.714946866035461426e-01,7.672873735427856445e-01,3.829898238182067871e-01,2.715821266174316406e-01,1.022342890501022339e-01,6.144672036170959473e-01,1.439371854066848755e-01,1.931541115045547485e-01,3.444674313068389893e-01,4.867680072784423828e-01,3.344107270240783691e-01,3.640427589416503906e-01,3.418839275836944580e-01,1.917359828948974609e-01,3.795777261257171631e-01,5.024295449256896973e-01,6.532449126243591309e-01,6.325699090957641602e-01
2.777261137962341309e-01,3.716053068637847900e-01,2.982351779937744141e-01,4.203701615333557129e-01,1.883522719144821167e-01,4.581910967826843262e-01,5.656131505966186523e-01,2.087849378585815430e-01,1.410966366529464722e-01,3.344432711601257324e-01,9.028086066246032715e-02,9.486711025238037109e-02,5.234215855598449707e-01,1.356764733791351318e-01,1.737974286079406738e-01,5.938366651535034180e-01,3.214560151100158691e-01,5.483062863349914551e-01,4.949198067188262939e-01,4.594617486000061035e-01,3.687750995159149170e-01,6.173375844955444336e-01,9.999998211860656738e-01,6.457428336143493652e-01,-2.040316164493560791e-01,5.812442898750305176e-01,4.311207216233015060e-03,1.751071363687515259e-01,4.649435281753540039e-01,2.607525885105133057e-01,4.705077111721038818e-01,5.799012780189514160e-01,1.802260875701904297e-01,2.332240045070648193e-01,2.273958027362823486e-01,7.024326324462890625e-01,5.739637464284896851e-02,2.453895807266235352e-01,4.711334109306335449e-01,5.896334648132324219e-01,3.078800737857818604e-01,4.497735202312469482e-01,3.953150510787963867e-01,2.168630361557006836e-01,3.739515542984008789e-01,5.316900014877319336e-01,5.380006432533264160e-01,7.350159883499145508e-01
3.639619648456573486e-01,3.709326684474945068e-01,3.342606127262115479e-01,4.892266094684600830e-01,2.914510369300842285e-01,5.099750757217407227e-01,5.897522568702697754e-01,2.526242434978485107e-01,1.441015899181365967e-01,3.499885797500610352e-01,1.084165424108505249e-01,9.653575718402862549e-02,3.754191994667053223e-01,1.248060166835784912e-01,1.271093636751174927e-01,4.136948287487030029e-01,3.704699277877807617e-01,5.526728630065917969e-01,5.501744747161865234e-01,5.124563574790954590e-01,4.410476386547088623e-01,6.392968893051147461e-01,6.457428336143493652e-01,9.999995231628417969e-01,2.930901013314723969e-02,5.303774476051330566e-01,1.139808073639869690e-01,2.567442655563354492e-01,5.051472187042236328e-01,2.626802921295166016e-01,5.447538495063781738e-01,8.003484606742858887e-01,3.182674348354339600e-01,2.606204152107238770e-01,9.558179974555969238e-02,7.959342598915100098e-01,9.381530433893203735e-02,1.466798186302185059e-01,4.238074123859405518e-01,6.781367063522338867e-01,2.726412117481231689e-01,4.332982599735260010e-01,4.121547937393188477e-01,1.858789622783660889e-01,3.615920245647430420e-01,4.644010365009307861e-01,8.411882519721984863e-01,6.531225442886352539e-01
2.348012030124664307e-01,6.649233400821685791e-02,7.860698550939559937e-02,1.017285231500864029e-02,1.404881179332733154e-01,-1.576147275045514107e-03,-1.022572889924049377e-01,1.511158347129821777e-01,2.013412266969680786e-01,1.047105938196182251e-01,-1.799507997930049896e-02,1.964256763458251953e-01,7.184775173664093018e-02,3.345869481563568115e-01,1.377487182617187500e-01,-7.950792461633682251e-02,1.011039242148399353e-01,3.605160489678382874e-02,-8.411693572998046875e-02,-1.097036078572273254e-01,3.796096891164779663e-02,1.296729147434234619e-01,-2.040316164493560791e-01,2.930901013314723969e-02,1.000000119209289551e+00,-1.351150423288345337e-01,7.020872831344604492e-01,3.377743065357208252e-01,5.270452052354812622e-02,2.724439799785614014e-01,2.654309868812561035e-01,1.191267743706703186e-01,6.020273566246032715e-01,2.038052231073379517e-01,2.438923530280590057e-02,-2.955598942935466766e-02,3.509595096111297607e-01,1.431852877140045166e-01,-1.935132294893264771e-01,-1.109162494540214539e-01,-6.410690397024154663e-02,-4.996872693300247192e-02,-6.408369168639183044e-03,1.420151293277740479e-01,1.087567508220672607e-01,3.156713675707578659e-03,1.789031773805618286e-01,-4.773368686437606812e-02
4.235036373138427734e-01,3.870402574539184570e-01,6.387240290641784668e-01,6.359977126121520996e-01,2.626381218433380127e-01,5.080756545066833496e-01,8.468012213706970215e-01,3.631027042865753174e-01,2.453826665878295898e-01,3.361120223999023438e-01,2.609438300132751465e-01,1.889204382896423340e-01,3.331495821475982666e-01,1.379204839468002319e-01,1.487649679183959961e-01,4.849392175674438477e-01,6.904662251472473145e-01,6.338258981704711914e-01,6.080241799354553223e-01,5.430666804313659668e-01,4.578908383846282959e-01,4.526799619197845459e-01,5.812442898750305176e-01,5.303774476051330566e-01,-1.351150423288345337e-01,1.000000357627868652e+00,-2.790973708033561707e-02,3.679336309432983398e-01,6.623256206512451172e-01,2.791426777839660645e-01,3.688660562038421631e-01,4.807713627815246582e-01,2.022587060928344727e-01,2.208226770162582397e-01,7.073986530303955078e-02,5.416594743728637695e-01,1.735820472240447998e-01,2.428328245878219604e-01,4.716627895832061768e-01,4.837995171546936035e-01,3.764491677284240723e-01,6.593318581581115723e-01,5.736711621284484863e-01,2.202114760875701904e-01,3.703421354293823242e-01,5.686126351356506348e-01,4.588207602500915527e-01,4.545001983642578125e-01
9.220197051763534546e-02,1.497859507799148560e-01,1.281118839979171753e-01,1.296438425779342651e-01,7.803911715745925903e-02,8.075418323278427124e-02,1.394003536552190781e-02,1.196574866771697998e-01,1.443198621273040771e-01,9.592807292938232422e-02,-4.379177466034889221e-02,1.359326988458633423e-01,1.622617244720458984e-01,3.151803612709045410e-01,7.976969331502914429e-02,-1.383826695382595062e-02,1.601738780736923218e-01,8.613371104001998901e-02,-9.685182571411132812e-02,-1.472186446189880371e-01,3.736209357157349586e-03,9.652101993560791016e-02,4.311207216233015060e-03,1.139808073639869690e-01,7.020872831344604492e-01,-2.790973708033561707e-02,9.999999403953552246e-01,2.225835025310516357e-01,2.922598645091056824e-02,2.668631076812744141e-01,2.512884736061096191e-01,1.057747378945350647e-01,6.230292916297912598e-01,2.447825372219085693e-01,1.872833520174026489e-01,8.972419053316116333e-02,2.616842091083526611e-01,2.188873738050460815e-01,-1.271972656250000000e-01,-4.909424111247062683e-03,-4.739289171993732452e-03,2.319387160241603851e-02,1.659354567527770996e-02,1.741691827774047852e-01,2.396452873945236206e-01,4.281385987997055054e-02,2.018306255340576172e-01,5.728519335389137268e-02
6.553061604499816895e-01,4.066205024719238281e-01,6.449027061462402344e-01,4.760268628597259521e-01,3.926158845424652100e-01,3.440102934837341309e-01,3.651574254035949707e-01,4.863976240158081055e-01,4.120143353939056396e-01,4.989681243896484375e-01,3.342293500900268555e-01,5.218886137008666992e-01,4.286772310733795166e-01,2.182521522045135498e-01,3.407656550407409668e-01,3.007825613021850586e-01,4.354772865772247314e-01,3.258686363697052002e-01,1.686495244503021240e-01,1.960472613573074341e-01,4.553800821304321289e-01,4.811642467975616455e-01,1.751071363687515259e-01,2.567442655563354492e-01,3.377743065357208252e-01,3.679336309432983398e-01,2.225835025310516357e-01,9.999994635581970215e-01,6.432835459709167480e-01,5.724604129791259766e-01,4.964376389980316162e-01,3.536543846130371094e-01,3.660470843315124512e-01,2.719787955284118652e-01,4.011106118559837341e-02,2.444449216127395630e-01,3.438926935195922852e-01,2.018055170774459839e-01,1.602588295936584473e-01,1.743589788675308228e-01,3.489653468132019043e-01,4.206736385822296143e-01,3.717862963676452637e-01,3.247287571430206299e-01,4.326297938823699951e-01,4.044279754161834717e-01,3.005348145961761475e-01,2.474031597375869751e-01
7.194904088973999023e-01,5.369275808334350586e-01,5.770118236541748047e-01,4.637272059917449951e-01,3.704713881015777588e-01,5.199467539787292480e-01,6.597157120704650879e-01,4.180636703968048096e-01,3.136839568614959717e-01,5.307130217552185059e-01,2.979610264301300049e-01,3.151213228702545166e-01,4.712855517864227295e-01,2.505654692649841309e-01,1.903304755687713623e-01,3.646228611469268799e-01,6.138872504234313965e-01,6.133584976196289062e-01,5.681653618812561035e-01,5.696792006492614746e-01,5.627392530441284180e-01,5.293279290199279785e-01,4.649435281753540039e-01,5.051472187042236328e-01,5.270452052354812622e-02,6.623256206512451172e-01,2.922598645091056824e-02,6.432835459709167480e-01,1.000000357627868652e+00,4.089646339416503906e-01,5.311637520790100098e-01,5.221207141876220703e-01,3.699729144573211670e-01,2.172784507274627686e-01,9.039779752492904663e-02,4.725264310836791992e-01,3.428620994091033936e-01,1.838144809007644653e-01,3.370441496372222900e-01,4.168666601181030273e-01,5.225358605384826660e-01,6.677385568618774414e-01,6.424732804298400879e-01,3.044777810573577881e-01,5.426297783851623535e-01,6.769990324974060059e-01,4.566418826580047607e-01,4.872794747352600098e-01
3.082247674465179443e-01,1.678031533956527710e-01,5.536798834800720215e-01,3.815434277057647705e-01,3.675752580165863037e-01,2.477065175771713257e-01,2.528875768184661865e-01,3.562916815280914307e-01,3.426722288131713867e-01,4.289011359214782715e-01,3.698395788669586182e-01,6.293278336524963379e-01,5.596886277198791504e-01,2.227766364812850952e-01,2.804065942764282227e-01,2.578337788581848145e-01,2.702040970325469971e-01,2.104140818119049072e-01,3.900762274861335754e-02,2.728280238807201385e-02,3.683746159076690674e-01,4.907690882682800293e-01,2.607525885105133057e-01,2.626802921295166016e-01,2.724439799785614014e-01,2.791426777839660645e-01,2.668631076812744141e-01,5.724604129791259766e-01,4.089646339416503906e-01,1.000000357627868652e+00,6.718941330909729004e-01,3.972078859806060791e-01,2.889018952846527100e-01,2.333937585353851318e-01,1.558975726366043091e-01,2.891921997070312500e-01,2.152218520641326904e-01,2.290364205837249756e-01,1.892760396003723145e-01,2.124929577112197876e-01,1.830383688211441040e-01,3.108117282390594482e-01,2.331681847572326660e-01,1.922472417354583740e-01,2.966996133327484131e-01,3.628061413764953613e-01,3.273864686489105225e-01,1.455736160278320312e-01
4.498422443866729736e-01,3.528424203395843506e-01,4.669470191001892090e-01,3.990045785903930664e-01,3.857633173465728760e-01,4.123263657093048096e-01,4.324041604995727539e-01,4.155603051185607910e-01,3.003779053688049316e-01,4.543648660182952881e-01,3.143151700496673584e-01,4.528427422046661377e-01,5.734097361564636230e-01,2.781591713428497314e-01,3.078933060169219971e-01,3.939842283725738525e-01,3.916937708854675293e-01,5.428444743156433105e-01,3.020777702331542969e-01,3.106706440448760986e-01,4.611878693103790283e-01,7.714946866035461426e-01,4.705077111721038818e-01,5.447538495063781738e-01,2.654309868812561035e-01,3.688660562038421631e-01,2.512884736061096191e-01,4.964376389980316162e-01,5.311637520790100098e-01,6.718941330909729004e-01,1.000000119209289551e+00,7.128074765205383301e-01,3.794712722301483154e-01,3.497761785984039307e-01,1.921419352293014526e-01,4.774606823921203613e-01,3.056013584136962891e-01,2.931141853332519531e-01,2.820585966110229492e-01,3.819833993911743164e-01,2.661088109016418457e-01,3.683553040027618408e-01,3.604447245597839355e-01,2.618024051189422607e-01,4.360975623130798340e-01,4.383976459503173828e-01,5.887264609336853027e-01,4.746767878532409668e-01
4.101272523403167725e-01,4.018837213516235352e-01,4.114022254943847656e-01,5.224621891975402832e-01,4.428492784500122070e-01,5.308679938316345215e-01,5.725535154342651367e-01,3.916539549827575684e-01,2.269604057073593140e-01,4.467592239379882812e-01,2.487088441848754883e-01,2.798221409320831299e-01,4.358786642551422119e-01,2.209803313016891479e-01,2.611262798309326172e-01,4.799303412437438965e-01,4.338385760784149170e-01,6.277979016304016113e-01,5.445098280906677246e-01,5.579934120178222656e-01,5.530164241790771484e-01,7.672873735427856445e-01,5.799012780189514160e-01,8.003484606742858887e-01,1.191267743706703186e-01,4.807713627815246582e-01,1.057747378945350647e-01,3.536543846130371094e-01,5.221207141876220703e-01,3.972078859806060791e-01,7.128074765205383301e-01,9.999998211860656738e-01,3.941890597343444824e-01,3.227662146091461182e-01,9.611520916223526001e-02,7.348656058311462402e-01,1.932602077722549438e-01,2.127157449722290039e-01,4.443146586418151855e-01,5.832453370094299316e-01,2.739475667476654053e-01,4.451477825641632080e-01,4.441795647144317627e-01,2.553493678569793701e-01,3.911478221416473389e-01,5.070805549621582031e-01,7.832671403884887695e-01,6.442641615867614746e-01
4.287282526493072510e-01,3.811326622962951660e-01,2.564959526062011719e-01,3.167583942413330078e-01,4.159002304077148438e-01,3.666833639144897461e-01,2.672340869903564453e-01,2.853100001811981201e-01,2.803261876106262207e-01,3.422663807868957520e-01,8.911100029945373535e-02,2.529975473880767822e-01,3.690136075019836426e-01,4.208307862281799316e-01,1.385445445775985718e-01,1.922742128372192383e-01,3.367302417755126953e-01,3.666664063930511475e-01,2.667342126369476318e-01,3.227548897266387939e-01,4.389264583587646484e-01,3.829898238182067871e-01,1.802260875701904297e-01,3.182674348354339600e-01,6.020273566246032715e-01,2.022587060928344727e-01,6.230292916297912598e-01,3.660470843315124512e-01,3.699729144573211670e-01,2.889018952846527100e-01,3.794712722301483154e-01,3.941890597343444824e-01,9.999994635581970215e-01,2.286987155675888062e-01,1.139124333858489990e-01,3.293638825416564941e-01,3.624655008316040039e-01,1.848562508821487427e-01,9.833003580570220947e-02,2.996962964534759521e-01,2.805995941162109375e-01,2.748489379882812500e-01,2.853356897830963135e-01,2.498185783624649048e-01,3.373840153217315674e-01,3.344199955463409424e-01,3.435485661029815674e-01,2.237434387207031250e-01
