9.999997615814208984e-01,3.960497379302978516e-01,4.912681281566619873e-01,6.628168225288391113e-01,7.934263348579406738e-01,6.750912070274353027e-01,2.636394798755645752e-01,5.510430335998535156e-01,3.530494272708892822e-01,1.969953440129756927e-02,3.059104979038238525e-01,1.453781425952911377e-01,-1.741129308938980103e-01,4.247582554817199707e-01,2.302198112010955811e-01,-1.120563745498657227e-01,1.001010742038488388e-02,-1.493476480245590210e-01,7.721399515867233276e-02,2.918250113725662231e-02,-1.096781566739082336e-01,-1.584368795156478882e-01,-3.020731508731842041e-01,-1.297827661037445068e-01,5.011433959007263184e-01,1.954907774925231934e-01,2.371941804885864258e-01,7.941164970397949219e-01,6.495423913002014160e-01,5.473063141107559204e-02,-1.782149076461791992e-01,-2.037404179573059082e-01,6.392232179641723633e-01,4.438564181327819824e-01,1.919139474630355835e-01,-1.901954114437103271e-01,4.417410492897033691e-01,2.667497098445892334e-01,-3.237422704696655273e-01,-3.275367021560668945e-01,6.590391397476196289e-01,3.833824098110198975e-01,1.041571125388145447e-01,3.077194392681121826e-01,2.014483362436294556e-01,1.097107082605361938e-01,-2.728487849235534668e-01,-3.230054676532745361e-01
3.960497379302978516e-01,9.999997615814208984e-01,2.871904075145721436e-01,2.651247680187225342e-01,4.684550464153289795e-01,5.186504125595092773e-01,2.321243137121200562e-01,4.517992734909057617e-01,4.074724912643432617e-01,3.316588103771209717e-01,3.049827814102172852e-01,1.956765204668045044e-01,4.746456630527973175e-03,2.339161634445190430e-01,1.871402263641357422e-01,9.528267383575439453e-02,8.810312300920486450e-02,1.949262991547584534e-02,2.007742226123809814e-01,1.626688092947006226e-01,-1.970827020704746246e-02,-9.380349516868591309e-02,-1.321302354335784912e-01,3.525429219007492065e-02,4.687729775905609131e-01,3.216936886310577393e-01,5.221647024154663086e-01,4.746336638927459717e-01,4.617648124694824219e-01,2.565664649009704590e-01,-3.180592507123947144e-02,6.305695045739412308e-03,6.565403342247009277e-01,3.669962882995605469e-01,1.377836912870407104e-01,9.178555011749267578e-02,2.552036643028259277e-01,4.198327958583831787e-01,5.918636545538902283e-02,-6.886584311723709106e-02,5.697676539421081543e-01,6.006724834442138672e-01,3.965268731117248535e-01,4.146014153957366943e-01,6.727319955825805664e-01,4.216737449169158936e-01,2.778578549623489380e-02,-1.747949272394180298e-01
4.912681281566619873e-01,2.871904075145721436e-01,1.000000357627868652e+00,7.199429273605346680e-01,4.959262311458587646e-01,5.179744362831115723e-01,5.957859754562377930e-01,3.625747859477996826e-01,3.116407394409179688e-01,2.041534483432769775e-01,2.569825351238250732e-01,3.162207007408142090e-01,1.009298339486122131e-01,3.105550408363342285e-01,3.026433289051055908e-01,6.803186237812042236e-02,3.972331583499908447e-01,1.896791309118270874e-01,3.063249289989471436e-01,1.986904889345169067e-01,2.787057496607303619e-02,-9.030788391828536987e-02,-1.483929008245468140e-01,-1.553313136100769043e-01,1.706057339906692505e-01,6.409033536911010742e-01,9.048814326524734497e-02,4.494502544403076172e-01,3.914197683334350586e-01,1.461190581321716309e-01,-5.911428108811378479e-02,-3.110120892524719238e-01,2.578949928283691406e-01,2.818085253238677979e-01,7.474110275506973267e-02,-7.470403611660003662e-02,1.780555844306945801e-01,2.981278300285339355e-01,-4.803027957677841187e-02,-1.415727734565734863e-01,2.768118381500244141e-01,3.077087700366973877e-01,4.165351018309593201e-02,1.703540384769439697e-01,2.847527563571929932e-01,2.016794830560684204e-01,-1.639084666967391968e-01,-3.409293889999389648e-01
6.628168225288391113e-01,2.651247680187225342e-01,7.199429273605346680e-01,1.000000119209289551e+00,6.304888129234313965e-01,5.854642391204833984e-01,6.196545362472534180e-01,3.663339316844940186e-01,3.246627151966094971e-01,2.086792588233947754e-01,2.973225116729736328e-01,3.413982689380645752e-01,1.663226634263992310e-01,3.422485888004302979e-01,3.549361228942871094e-01,1.465023458003997803e-01,3.872282505035400391e-01,1.387758255004882812e-01,3.416888713836669922e-01,2.852957546710968018e-01,1.636452525854110718e-01,7.109369337558746338e-02,-4.374586045742034912e-02,-1.282441318035125732e-01,2.679921388626098633e-01,4.161156415939331055e-01,1.193073689937591553e-01,5.296702384948730469e-01,4.230390489101409912e-01,1.244632080197334290e-01,2.237273874925449491e-04,-1.893622577190399170e-01,3.152546286582946777e-01,3.038754463195800781e-01,1.600820384919643402e-02,-1.342653334140777588e-01,2.276699393987655640e-01,2.707110941410064697e-01,-8.513688296079635620e-02,-1.878611296415328979e-01,3.482753932476043701e-01,3.513682782649993896e-01,1.270517110824584961e-01,1.275469958782196045e-01,2.517613470554351807e-01,2.388664036989212036e-01,-2.139502465724945068e-01,-3.038276135921478271e-01
7.934263348579406738e-01,4.684550464153289795e-01,4.959262311458587646e-01,6.304888129234313965e-01,1.000000000000000000e+00,8.050741553306579590e-01,3.688653409481048584e-01,5.408934950828552246e-01,3.769144117832183838e-01,1.182521954178810120e-01,3.396110534667968750e-01,2.266839444637298584e-01,-7.446552067995071411e-02,4.276578724384307861e-01,2.346301376819610596e-01,-6.292320042848587036e-02,1.280531138181686401e-01,-6.890749931335449219e-02,2.198703438043594360e-01,1.309254765510559082e-01,-6.663049012422561646e-02,-1.742671728134155273e-01,-2.910967767238616943e-01,-1.321133971214294434e-01,4.982166290283203125e-01,3.125901222229003906e-01,2.894960939884185791e-01,7.246971726417541504e-01,6.332733035087585449e-01,4.623433575034141541e-02,-1.917514204978942871e-01,-2.242706567049026489e-01,6.387692689895629883e-01,4.247139394283294678e-01,1.363354772329330444e-01,-2.126682549715042114e-01,4.372519850730895996e-01,2.989467680454254150e-01,-2.609299719333648682e-01,-3.609069287776947021e-01,6.737610101699829102e-01,4.862648248672485352e-01,1.741888821125030518e-01,2.947851419448852539e-01,3.110217750072479248e-01,2.124120742082595825e-01,-2.557463943958282471e-01,-3.578565418720245361e-01
6.750912070274353027e-01,5.186504125595092773e-01,5.179744362831115723e-01,5.854642391204833984e-01,8.050741553306579590e-01,9.999998211860656738e-01,4.489616453647613525e-01,5.332660675048828125e-01,4.503031373023986816e-01,2.308789342641830444e-01,2.955302596092224121e-01,2.619862258434295654e-01,1.015635486692190170e-02,4.271062314510345459e-01,2.501323819160461426e-01,4.721639677882194519e-02,2.244443446397781372e-01,6.849870830774307251e-02,4.246095418930053711e-01,3.253252506256103516e-01,5.181927606463432312e-02,-1.541007757186889648e-01,-2.596788108348846436e-01,-1.619928479194641113e-01,3.898205459117889404e-01,4.416649639606475830e-01,2.893576622009277344e-01,6.058107018470764160e-01,5.767333507537841797e-01,9.056179970502853394e-02,-1.592766493558883667e-01,-2.402944564819335938e-01,5.902045369148254395e-01,4.199533760547637939e-01,1.194255277514457703e-01,-1.739760190248489380e-01,3.986224830150604248e-01,3.161917328834533691e-01,-1.832381188869476318e-01,-3.059824407100677490e-01,6.573153734207153320e-01,5.328279733657836914e-01,3.080641925334930420e-01,3.120298683643341064e-01,4.156835079193115234e-01,3.790262341499328613e-01,-2.850596010684967041e-01,-3.833481967449188232e-01
2.636394798755645752e-01,2.321243137121200562e-01,5.957859754562377930e-01,6.196545362472534180e-01,3.688653409481048584e-01,4.489616453647613525e-01,1.000000000000000000e+00,2.669305205345153809e-01,3.658423125743865967e-01,4.218328595161437988e-01,3.142162561416625977e-01,3.994361460208892822e-01,2.358606159687042236e-01,3.544809520244598389e-01,3.284120261669158936e-01,1.539514511823654175e-01,7.842304706573486328e-01,5.468870997428894043e-01,5.644887089729309082e-01,3.818519413471221924e-01,2.177103012800216675e-01,1.781690418720245361e-01,1.186258643865585327e-01,-2.190467156469821930e-02,1.532351076602935791e-01,5.626406669616699219e-01,1.359485387802124023e-01,1.825983375310897827e-01,1.862292587757110596e-01,2.428282052278518677e-01,2.418694943189620972e-01,-4.698125272989273071e-02,7.989932596683502197e-02,2.461196184158325195e-01,-3.037647530436515808e-02,-1.662590540945529938e-02,1.221112459897994995e-01,3.024467229843139648e-01,7.676434516906738281e-02,-6.513129919767379761e-02,6.851732730865478516e-02,4.032362103462219238e-01,2.637942731380462646e-01,9.732642024755477905e-02,2.991982996463775635e-01,3.888400197029113770e-01,1.797974482178688049e-02,-1.766809374094009399e-01
5.510430335998535156e-01,4.517992734909057617e-01,3.625747859477996826e-01,3.663339316844940186e-01,5.408934950828552246e-01,5.332660675048828125e-01,2.669305205345153809e-01,1.000000119209289551e+00,5.973432064056396484e-01,2.454636543989181519e-01,5.608075857162475586e-01,3.248054087162017822e-01,-3.290696442127227783e-02,5.762800574302673340e-01,4.000765085220336914e-01,-2.158799767494201660e-02,1.486949920654296875e-01,1.137141790241003036e-02,1.243658214807510376e-01,7.182686030864715576e-02,-1.080548614263534546e-01,-2.341476082801818848e-01,-1.721006333827972412e-01,4.934980347752571106e-02,4.249854683876037598e-01,2.545845508575439453e-01,2.427304983139038086e-01,4.724106490612030029e-01,4.556507468223571777e-01,1.607539951801300049e-01,-8.477819710969924927e-02,-3.747522458434104919e-02,6.064844727516174316e-01,6.721708178520202637e-01,3.174810707569122314e-01,1.083065047860145569e-01,5.354945659637451172e-01,5.027399063110351562e-01,-1.788739562034606934e-01,-1.517462581396102905e-01,5.497677326202392578e-01,3.984727859497070312e-01,8.082009851932525635e-02,5.961005687713623047e-01,2.713917195796966553e-01,3.184646666049957275e-01,-3.902161121368408203e-02,-3.052435517311096191e-01
3.530494272708892822e-01,4.074724912643432617e-01,3.116407394409179688e-01,3.246627151966094971e-01,3.769144117832183838e-01,4.503031373023986816e-01,3.658423125743865967e-01,5.973432064056396484e-01,9.999997615814208984e-01,4.903238415718078613e-01,4.815362393856048584e-01,4.621765017509460449e-01,2.757123112678527832e-01,3.101358413696289062e-01,2.977012693881988525e-01,9.953042864799499512e-02,3.230820298194885254e-01,2.068172991275787354e-01,3.206004500389099121e-01,3.036293983459472656e-01,7.941448688507080078e-02,-1.120441011153161526e-04,8.805706351995468140e-02,9.899853914976119995e-02,3.329690694808959961e-01,2.660310864448547363e-01,3.032337129116058350e-01,2.877752780914306641e-01,3.154951930046081543e-01,1.906747817993164062e-01,1.148155704140663147e-01,1.064716577529907227e-01,4.456494152545928955e-01,4.282048642635345459e-01,1.777584403753280640e-01,1.696925908327102661e-01,2.478190362453460693e-01,4.180588722229003906e-01,5.279938876628875732e-02,-1.703096367418766022e-02,3.527081012725830078e-01,4.932684004306793213e-01,2.881112098693847656e-01,3.585779368877410889e-01,3.306792974472045898e-01,4.933168590068817139e-01,1.386567205190658569e-02,-1.067085564136505127e-01
1.969953440129756927e-02,3.316588103771209717e-01,2.041534483432769775e-01,2.086792588233947754e-01,1.182521954178810120e-01,2.308789342641830444e-01,4.218328595161437988e-01,2.454636543989181519e-01,4.903238415718078613e-01,9.999997615814208984e-01,3.804983496665954590e-01,4.440150260925292969e-01,4.707567393779754639e-01,3.000227734446525574e-02,1.443603634834289551e-01,3.126590549945831299e-01,4.293032884597778320e-01,3.522991538047790527e-01,4.242888689041137695e-01,4.482813477516174316e-01,2.851564586162567139e-01,2.238231748342514038e-01,2.599444091320037842e-01,1.214988157153129578e-01,7.197519391775131226e-02,2.007034420967102051e-01,1.284998208284378052e-01,-3.673449531197547913e-02,-5.773927643895149231e-02,1.081335470080375671e-01,1.318683475255966187e-01,2.001472711563110352e-01,1.310618519783020020e-01,1.733525693416595459e-01,2.438226900994777679e-02,1.956601142883300781e-01,3.649573773145675659e-02,3.043151795864105225e-01,3.037417531013488770e-01,1.510834842920303345e-01,6.131549924612045288e-02,3.870627582073211670e-01,3.824245929718017578e-01,3.516076207160949707e-01,3.698261082172393799e-01,6.078579425811767578e-01,1.619741618633270264e-01,1.167172100394964218e-02
3.059104979038238525e-01,3.049827814102172852e-01,2.569825351238250732e-01,2.973225116729736328e-01,3.396110534667968750e-01,2.955302596092224121e-01,3.142162561416625977e-01,5.608075857162475586e-01,4.815362393856048584e-01,3.804983496665954590e-01,1.000000119209289551e+00,5.550981760025024414e-01,2.251499146223068237e-01,4.434297978878021240e-01,3.739993274211883545e-01,2.977882325649261475e-02,2.598598301410675049e-01,7.403732091188430786e-02,8.537758886814117432e-02,1.216444000601768494e-01,1.041688472032546997e-01,1.214330270886421204e-02,6.040045246481895447e-02,9.863182157278060913e-02,4.261019527912139893e-01,1.426944434642791748e-01,3.548527359962463379e-01,2.831552922725677490e-01,1.762610077857971191e-01,2.085869610309600830e-01,1.276662200689315796e-01,1.330360472202301025e-01,4.399639368057250977e-01,3.957374095916748047e-01,2.629085183143615723e-01,1.203645542263984680e-01,3.168875873088836670e-01,3.474107384681701660e-01,4.600184038281440735e-02,-2.622609212994575500e-02,2.917391955852508545e-01,3.766924440860748291e-01,1.532154232263565063e-01,3.237919211387634277e-01,2.031932026147842407e-01,2.638704180717468262e-01,9.930648654699325562e-02,-1.368724107742309570e-01
1.453781425952911377e-01,1.956765204668045044e-01,3.162207007408142090e-01,3.413982689380645752e-01,2.266839444637298584e-01,2.619862258434295654e-01,3.994361460208892822e-01,3.248054087162017822e-01,4.621765017509460449e-01,4.440150260925292969e-01,5.550981760025024414e-01,1.000000000000000000e+00,6.036844253540039062e-01,2.373924851417541504e-01,5.570777654647827148e-01,4.344815909862518311e-01,3.460436463356018066e-01,1.965809911489486694e-01,2.530530095100402832e-01,3.322245180606842041e-01,4.549688398838043213e-01,2.031753063201904297e-01,3.019197583198547363e-01,-5.810407921671867371e-03,2.698160111904144287e-01,1.982700526714324951e-01,2.460965365171432495e-01,6.182846054434776306e-02,4.483699053525924683e-02,1.923428028821945190e-01,2.047413587570190430e-01,1.710734702646732330e-02,2.249404042959213257e-01,2.372248023748397827e-01,5.781599879264831543e-02,1.115018501877784729e-01,3.671011701226234436e-02,4.294016957283020020e-01,3.541121780872344971e-01,1.801910251379013062e-01,3.256235644221305847e-02,3.487873375415802002e-01,1.890284568071365356e-01,1.235954761505126953e-01,2.305744141340255737e-01,3.503363430500030518e-01,-1.361663546413183212e-02,-6.864093989133834839e-02
-1.741129308938980103e-01,4.746456630527973175e-03,1.009298339486122131e-01,1.663226634263992310e-01,-7.446552067995071411e-02,1.015635486692190170e-02,2.358606159687042236e-01,-3.290696442127227783e-02,2.757123112678527832e-01,4.707567393779754639e-01,2.251499146223068237e-01,6.036844253540039062e-01,1.000000000000000000e+00,-4.393592849373817444e-02,3.208296597003936768e-01,6.204281449317932129e-01,2.777650952339172363e-01,2.350488454103469849e-01,2.907697260379791260e-01,4.891938865184783936e-01,5.151865482330322266e-01,3.451215922832489014e-01,6.144726872444152832e-01,1.766491979360580444e-01,-9.583870321512222290e-02,1.280272305011749268e-01,3.534877300262451172e-02,-2.630769014358520508e-01,-1.875274032354354858e-01,2.416689693927764893e-02,2.083510309457778931e-01,2.195557951927185059e-01,-9.052598476409912109e-02,-9.911397844552993774e-02,-1.617338806390762329e-01,3.025506436824798584e-01,-2.405336350202560425e-01,2.089505940675735474e-01,5.545706152915954590e-01,4.291695654392242432e-01,-2.031578719615936279e-01,1.442071944475173950e-01,2.214737683534622192e-01,-5.905419960618019104e-02,1.573452800512313843e-01,4.327139258384704590e-01,1.736433506011962891e-01,1.961755901575088501e-01
4.247582554817199707e-01,2.339161634445190430e-01,3.105550408363342285e-01,3.422485888004302979e-01,4.276578724384307861e-01,4.271062314510345459e-01,3.544809520244598389e-01,5.762800574302673340e-01,3.101358413696289062e-01,3.000227734446525574e-02,4.434297978878021240e-01,2.373924851417541504e-01,-4.393592849373817444e-02,1.000000357627868652e+00,5.379289984703063965e-01,-4.183137044310569763e-02,2.029489874839782715e-01,4.714606329798698425e-02,9.212265163660049438e-02,3.030616790056228638e-02,-6.377828866243362427e-02,-2.791812121868133545e-01,-1.437170058488845825e-01,-7.616656832396984100e-03,4.090229570865631104e-01,3.233533203601837158e-01,3.636877536773681641e-01,3.824554085731506348e-01,3.303700983524322510e-01,1.936903148889541626e-01,2.859778702259063721e-02,-1.665908284485340118e-02,4.483839869499206543e-01,5.489175915718078613e-01,3.071255981922149658e-01,4.559528082609176636e-02,5.768141150474548340e-01,4.546110928058624268e-01,-1.813435405492782593e-01,-1.458787620067596436e-01,3.572198152542114258e-01,2.024310231208801270e-01,4.774497821927070618e-02,2.015023827552795410e-01,1.714514195919036865e-01,1.507292240858078003e-01,1.101402379572391510e-02,-2.898245453834533691e-01
2.302198112010955811e-01,1.871402263641357422e-01,3.026433289051055908e-01,3.549361228942871094e-01,2.346301376819610596e-01,2.501323819160461426e-01,3.284120261669158936e-01,4.000765085220336914e-01,2.977012693881988525e-01,1.443603634834289551e-01,3.739993274211883545e-01,5.570777654647827148e-01,3.208296597003936768e-01,5.379289984703063965e-01,9.999997019767761230e-01,3.984942138195037842e-01,2.298813313245773315e-01,8.890973776578903198e-02,1.580943763256072998e-01,1.898785531520843506e-01,3.428983688354492188e-01,7.871775329113006592e-02,1.542653739452362061e-01,5.914892535656690598e-04,3.456852436065673828e-01,1.797422319650650024e-01,3.359467089176177979e-01,1.407115310430526733e-01,7.984409481287002563e-02,2.687640786170959473e-01,1.982203871011734009e-01,2.165984595194458961e-03,2.752274870872497559e-01,4.304286837577819824e-01,1.079291179776191711e-01,1.275224238634109497e-01,2.332009077072143555e-01,5.367502570152282715e-01,1.070760637521743774e-01,1.084522306919097900e-01,9.761719405651092529e-02,1.961881816387176514e-01,5.753816291689872742e-02,1.049823090434074402e-01,2.053579390048980713e-01,2.168806940317153931e-01,-1.359465997666120529e-02,-1.801669001579284668e-01
-1.120563745498657227e-01,9.528267383575439453e-02,6.803186237812042236e-02,1.465023458003997803e-01,-6.292320042848587036e-02,4.721639677882194519e-02,1.539514511823654175e-01,-2.158799767494201660e-02,9.953042864799499512e-02,3.126590549945831299e-01,2.977882325649261475e-02,4.344815909862518311e-01,6.204281449317932129e-01,-4.183137044310569763e-02,3.984942138195037842e-01,1.000000357627868652e+00,1.513080298900604248e-01,1.715292185544967651e-01,2.566900551319122314e-01,3.466302454471588135e-01,4.620104432106018066e-01,3.190681636333465576e-01,5.228689908981323242e-01,1.399825885891914368e-02,-9.087097644805908203e-02,4.816041514277458191e-02,3.680769354104995728e-02,-2.100248336791992188e-01,-1.176849603652954102e-01,7.939291000366210938e-02,1.627804934978485107e-01,5.337762460112571716e-02,-4.248500242829322815e-02,7.077933754771947861e-03,-1.367502212524414062e-01,2.570601105690002441e-01,-1.630956381559371948e-01,3.620135486125946045e-01,5.960507988929748535e-01,4.795113205909729004e-01,-1.118867397308349609e-01,1.516775935888290405e-01,2.153414934873580933e-01,6.667088251560926437e-03,1.936022043228149414e-01,3.729363679885864258e-01,3.355298936367034912e-02,1.138056293129920959e-01
1.001010742038488388e-02,8.810312300920486450e-02,3.972331583499908447e-01,3.872282505035400391e-01,1.280531138181686401e-01,2.244443446397781372e-01,7.842304706573486328e-01,1.486949920654296875e-01,3.230820298194885254e-01,4.293032884597778320e-01,2.598598301410675049e-01,3.460436463356018066e-01,2.777650952339172363e-01,2.029489874839782715e-01,2.298813313245773315e-01,1.513080298900604248e-01,9.999998211860656738e-01,7.247374653816223145e-01,5.660172700881958008e-01,4.028915166854858398e-01,2.849990427494049072e-01,3.333891928195953369e-01,2.398821860551834106e-01,1.305064111948013306e-01,6.152288243174552917e-02,4.098799228668212891e-01,5.700963363051414490e-02,-3.508863598108291626e-02,-2.249941229820251465e-02,1.798148453235626221e-01,3.863697052001953125e-01,1.282228976488113403e-01,-7.251840829849243164e-02,7.463742792606353760e-02,-1.029673218727111816e-01,1.046898290514945984e-01,-1.838747062720358372e-03,1.805846989154815674e-01,1.281869113445281982e-01,4.042537882924079895e-02,-1.242428347468376160e-01,3.018385469913482666e-01,2.678251564502716064e-01,1.468222029507160187e-02,2.345967590808868408e-01,3.873375356197357178e-01,1.543093770742416382e-01,6.332486402243375778e-03
-1.493476480245590210e-01,1.949262991547584534e-02,1.896791309118270874e-01,1.387758255004882812e-01,-6.890749931335449219e-02,6.849870830774307251e-02,5.468870997428894043e-01,1.137141790241003036e-02,2.068172991275787354e-01,3.522991538047790527e-01,7.403732091188430786e-02,1.965809911489486694e-01,2.350488454103469849e-01,4.714606329798698425e-02,8.890973776578903198e-02,1.715292185544967651e-01,7.247374653816223145e-01,1.000000000000000000e+00,5.671563148498535156e-01,4.224970936775207520e-01,3.394127190113067627e-01,4.886974692344665527e-01,3.208588957786560059e-01,7.201423496007919312e-02,-6.289891898632049561e-02,2.522967457771301270e-01,-4.172541201114654541e-02,-1.920985281467437744e-01,-1.656713634729385376e-01,1.167910248041152954e-01,4.839639961719512939e-01,1.869945973157882690e-01,-1.518118232488632202e-01,-3.550700843334197998e-02,-1.768843233585357666e-01,4.419347643852233887e-02,-1.430435180664062500e-01,5.596283823251724243e-02,1.589001119136810303e-01,1.783176064491271973e-01,-2.365410327911376953e-01,1.389627754688262939e-01,2.723462879657745361e-01,5.151424556970596313e-03,1.174150928854942322e-01,2.991190552711486816e-01,1.376783847808837891e-01,1.089466512203216553e-01
7.721399515867233276e-02,2.007742226123809814e-01,3.063249289989471436e-01,3.416888713836669922e-01,2.198703438043594360e-01,4.246095418930053711e-01,5.644887089729309082e-01,1.243658214807510376e-01,3.206004500389099121e-01,4.242888689041137695e-01,8.537758886814117432e-02,2.530530095100402832e-01,2.907697260379791260e-01,9.212265163660049438e-02,1.580943763256072998e-01,2.566900551319122314e-01,5.660172700881958008e-01,5.671563148498535156e-01,9.999997019767761230e-01,7.026603817939758301e-01,4.650447964668273926e-01,3.643923699855804443e-01,1.082300022244453430e-01,-3.721715509891510010e-02,-3.820562362670898438e-02,3.426619768142700195e-01,-5.988610209897160530e-04,2.004523202776908875e-02,6.239727512001991272e-02,1.449832916259765625e-01,2.411778271198272705e-01,3.910538181662559509e-02,2.477493509650230408e-02,1.157120168209075928e-01,-1.396445930004119873e-01,-8.676055818796157837e-02,2.365514263510704041e-02,1.246275827288627625e-01,5.806218832731246948e-02,-4.921378940343856812e-02,4.861069098114967346e-02,3.507156968116760254e-01,4.843724071979522705e-01,1.516005694866180420e-01,2.588552236557006836e-01,4.840353131294250488e-01,-5.926417931914329529e-02,-1.877411641180515289e-02
2.918250113725662231e-02,1.626688092947006226e-01,1.986904889345169067e-01,2.852957546710968018e-01,1.309254765510559082e-01,3.253252506256103516e-01,3.818519413471221924e-01,7.182686030864715576e-02,3.036293983459472656e-01,4.482813477516174316e-01,1.216444000601768494e-01,3.322245180606842041e-01,4.891938865184783936e-01,3.030616790056228638e-02,1.898785531520843506e-01,3.466302454471588135e-01,4.028915166854858398e-01,4.224970936775207520e-01,7.026603817939758301e-01,9.999997615814208984e-01,6.189558506011962891e-01,4.178630709648132324e-01,1.883002817630767822e-01,8.932092040777206421e-02,-6.313448399305343628e-02,2.051181942224502563e-01,2.110897004604339600e-02,-3.734138980507850647e-02,-4.186152294278144836e-02,1.274719834327697754e-01,2.436429709196090698e-01,1.663331836462020874e-01,3.866184502840042114e-02,2.211000211536884308e-02,-2.000493407249450684e-01,7.343238592147827148e-02,4.122623242437839508e-03,9.935272485017776489e-02,1.457441896200180054e-01,5.516996979713439941e-02,1.506345439702272415e-02,2.613292038440704346e-01,5.351034998893737793e-01,8.353681117296218872e-02,3.033138513565063477e-01,5.593884587287902832e-01,-3.175499290227890015e-02,6.968306750059127808e-02
-1.096781566739082336e-01,-1.970827020704746246e-02,2.787057496607303619e-02,1.636452525854110718e-01,-6.663049012422561646e-02,5.181927606463432312e-02,2.177103012800216675e-01,-1.080548614263534546e-01,7.941448688507080078e-02,2.851564586162567139e-01,1.041688472032546997e-01,4.549688398838043213e-01,5.151865482330322266e-01,-6.377828866243362427e-02,3.428983688354492188e-01,4.620104432106018066e-01,2.849990427494049072e-01,3.394127190113067627e-01,4.650447964668273926e-01,6.189558506011962891e-01,1.000000238418579102e+00,6.220821142196655273e-01,3.106335401535034180e-01,-3.701720386743545532e-02,-3.464182466268539429e-02,-4.948582872748374939e-02,8.947088383138179779e-03,-1.734016984701156616e-01,-2.274830788373947144e-01,2.109165042638778687e-01,4.603390693664550781e-01,2.029892206192016602e-01,-1.204166486859321594e-01,-1.083376631140708923e-01,-2.184949070215225220e-01,-1.356620900332927704e-02,-1.488700062036514282e-01,-2.078014425933361053e-02,2.159965038299560547e-01,1.474360823631286621e-01,-2.432536780834197998e-01,1.210527047514915466e-01,3.203539848327636719e-01,-8.752911537885665894e-02,1.508245766162872314e-01,2.869778275489807129e-01,-2.995309047400951385e-02,1.571357846260070801e-01
-1.584368795156478882e-01,-9.380349516868591309e-02,-9.030788391828536987e-02,7.109369337558746338e-02,-1.742671728134155273e-01,-1.541007757186889648e-01,1.781690418720245361e-01,-2.341476082801818848e-01,-1.120441011153161526e-04,2.238231748342514038e-01,1.214330270886421204e-02,2.031753063201904297e-01,3.451215922832489014e-01,-2.791812121868133545e-01,7.871775329113006592e-02,3.190681636333465576e-01,3.333891928195953369e-01,4.886974692344665527e-01,3.643923699855804443e-01,4.178630709648132324e-01,6.220821142196655273e-01,9.999998211860656738e-01,4.734943509101867676e-01,1.463455855846405029e-01,-3.289454057812690735e-02,-1.805987209081649780e-01,-7.624457031488418579e-02,-1.808889508247375488e-01,-2.286879718303680420e-01,1.725169569253921509e-01,6.006757020950317383e-01,4.312854111194610596e-01,-2.140334993600845337e-01,-2.183480113744735718e-01,-2.877658903598785400e-01,3.282796964049339294e-02,-2.932126522064208984e-01,-1.071446985006332397e-01,2.657822072505950928e-01,2.319579571485519409e-01,-3.003418147563934326e-01,7.364777475595474243e-02,2.358651161193847656e-01,-8.140110969543457031e-02,-2.087946422398090363e-02,1.692937612533569336e-01,1.660312861204147339e-01,3.536782860755920410e-01
-3.020731508731842041e-01,-1.321302354335784912e-01,-1.483929008245468140e-01,-4.374586045742034912e-02,-2.910967767238616943e-01,-2.596788108348846436e-01,1.186258643865585327e-01,-1.721006333827972412e-01,8.805706351995468140e-02,2.599444091320037842e-01,6.040045246481895447e-02,3.019197583198547363e-01,6.144726872444152832e-01,-1.437170058488845825e-01,1.542653739452362061e-01,5.228689908981323242e-01,2.398821860551834106e-01,3.208588957786560059e-01,1.082300022244453430e-01,1.883002817630767822e-01,3.106335401535034180e-01,4.734943509101867676e-01,9.999997615814208984e-01,3.228942155838012695e-01,-1.581557542085647583e-01,-9.713759273290634155e-02,-5.837472528219223022e-02,-4.095285236835479736e-01,-2.955552935600280762e-01,7.279353216290473938e-03,3.283523917198181152e-01,4.216073751449584961e-01,-2.361069917678833008e-01,-1.921638697385787964e-01,-1.919224560260772705e-01,4.120311737060546875e-01,-3.628683984279632568e-01,1.495193541049957275e-01,6.464362144470214844e-01,7.007606625556945801e-01,-3.056558072566986084e-01,4.989804700016975403e-02,1.423353850841522217e-01,-1.167650148272514343e-01,-2.994352206587791443e-02,2.262444347143173218e-01,3.495364189147949219e-01,4.591182172298431396e-01
-1.297827661037445068e-01,3.525429219007492065e-02,-1.553313136100769043e-01,-1.282441318035125732e-01,-1.321133971214294434e-01,-1.619928479194641113e-01,-2.190467156469821930e-02,4.934980347752571106e-02,9.899853914976119995e-02,1.214988157153129578e-01,9.863182157278060913e-02,-5.810407921671867371e-03,1.766491979360580444e-01,-7.616656832396984100e-03,5.914892535656690598e-04,1.399825885891914368e-02,1.305064111948013306e-01,7.201423496007919312e-02,-3.721715509891510010e-02,8.932092040777206421e-02,-3.701720386743545532e-02,1.463455855846405029e-01,3.228942155838012695e-01,9.999994635581970215e-01,3.418014943599700928e-02,-5.905365198850631714e-02,5.905969068408012390e-02,-7.337901741266250610e-02,9.588140062987804413e-03,1.586875170469284058e-01,2.494470328092575073e-01,6.313982009887695312e-01,2.534682303667068481e-02,3.304195776581764221e-02,1.291389912366867065e-01,7.192259430885314941e-01,5.678388103842735291e-02,9.966673702001571655e-02,1.504502296447753906e-01,2.311663180589675903e-01,4.059183225035667419e-02,1.296646296977996826e-01,2.225858122110366821e-01,7.632508128881454468e-02,1.026008278131484985e-01,2.392978519201278687e-01,7.354121208190917969e-01,3.388976752758026123e-01
5.011433959007263184e-01,4.687729775905609131e-01,1.706057339906692505e-01,2.679921388626098633e-01,4.982166290283203125e-01,3.898205459117889404e-01,1.532351076602935791e-01,4.249854683876037598e-01,3.329690694808959961e-01,7.197519391775131226e-02,4.261019527912139893e-01,2.698160111904144287e-01,-9.583870321512222290e-02,4.090229570865631104e-01,3.456852436065673828e-01,-9.087097644805908203e-02,6.152288243174552917e-02,-6.289891898632049561e-02,-3.820562362670898438e-02,-6.313448399305343628e-02,-3.464182466268539429e-02,-3.289454057812690735e-02,-1.581557542085647583e-01,3.418014943599700928e-02,9.999997615814208984e-01,1.762156374752521515e-02,6.760553121566772461e-01,5.741329193115234375e-01,3.968531489372253418e-01,1.944823265075683594e-01,1.202399507164955139e-01,4.814081639051437378e-02,7.037783265113830566e-01,3.809925913810729980e-01,2.344428449869155884e-01,3.839839482679963112e-04,3.371193706989288330e-01,3.248908221721649170e-01,-1.085797771811485291e-01,-1.395775675773620605e-01,4.505945444107055664e-01,3.874684274196624756e-01,1.370132714509963989e-01,2.425068616867065430e-01,2.533597350120544434e-01,1.143516451120376587e-01,1.459609484300017357e-04,-1.109695434570312500e-01
1.954907774925231934e-01,3.216936886310577393e-01,6.409033536911010742e-01,4.161156415939331055e-01,3.125901222229003906e-01,4.416649639606475830e-01,5.626406669616699219e-01,2.545845508575439453e-01,2.660310864448547363e-01,2.007034420967102051e-01,1.426944434642791748e-01,1.982700526714324951e-01,1.280272305011749268e-01,3.233533203601837158e-01,1.797422319650650024e-01,4.816041514277458191e-02,4.098799228668212891e-01,2.522967457771301270e-01,3.426619768142700195e-01,2.051181942224502563e-01,-4.948582872748374939e-02,-1.805987209081649780e-01,-9.713759273290634155e-02,-5.905365198850631714e-02,1.762156374752521515e-02,9.999999403953552246e-01,1.179127022624015808e-01,2.445806562900543213e-01,3.668049275875091553e-01,1.885897964239120483e-01,-3.127258643507957458e-02,-2.197316884994506836e-01,1.428896337747573853e-01,1.960072964429855347e-01,1.154146566987037659e-01,2.838535606861114502e-02,1.326516419649124146e-01,2.806451916694641113e-01,5.136325582861900330e-02,-1.016147807240486145e-01,2.003989517688751221e-01,2.986696064472198486e-01,1.011655032634735107e-01,8.907864987850189209e-02,3.711596429347991943e-01,3.026001751422882080e-01,-1.741774729453027248e-03,-2.214214503765106201e-01
2.371941804885864258e-01,5.221647024154663086e-01,9.048814326524734497e-02,1.193073689937591553e-01,2.894960939884185791e-01,2.893576622009277344e-01,1.359485387802124023e-01,2.427304983139038086e-01,3.032337129116058350e-01,1.284998208284378052e-01,3.548527359962463379e-01,2.460965365171432495e-01,3.534877300262451172e-02,3.636877536773681641e-01,3.359467089176177979e-01,3.680769354104995728e-02,5.700963363051414490e-02,-4.172541201114654541e-02,-5.988610209897160530e-04,2.110897004604339600e-02,8.947088383138179779e-03,-7.624457031488418579e-02,-5.837472528219223022e-02,5.905969068408012390e-02,6.760553121566772461e-01,1.179127022624015808e-01,1.000000119209289551e+00,3.511103689670562744e-01,3.001168966293334961e-01,2.428963482379913330e-01,1.621379852294921875e-01,1.180021092295646667e-01,5.983262062072753906e-01,2.752932310104370117e-01,2.093383073806762695e-01,1.326532810926437378e-01,1.997343152761459351e-01,3.818010091781616211e-01,1.124791726469993591e-01,-7.572927046567201614e-03,3.457261025905609131e-01,4.000761806964874268e-01,2.429151237010955811e-01,2.161581255495548248e-02,3.796052336692810059e-01,1.782283931970596313e-01,9.885448962450027466e-02,-4.105805978178977966e-02
7.941164970397949219e-01,4.746336638927459717e-01,4.494502544403076172e-01,5.296702384948730469e-01,7.246971726417541504e-01,6.058107018470764160e-01,1.825983375310897827e-01,4.724106490612030029e-01,2.877752780914306641e-01,-3.673449531197547913e-02,2.831552922725677490e-01,6.182846054434776306e-02,-2.630769014358520508e-01,3.824554085731506348e-01,1.407115310430526733e-01,-2.100248336791992188e-01,-3.508863598108291626e-02,-1.920985281467437744e-01,2.004523202776908875e-02,-3.734138980507850647e-02,-1.734016984701156616e-01,-1.808889508247375488e-01,-4.095285236835479736e-01,-7.337901741266250610e-02,5.741329193115234375e-01,2.445806562900543213e-01,3.511103689670562744e-01,1.000000238418579102e+00,7.591502070426940918e-01,2.178270965814590454e-01,-9.292814135551452637e-02,-1.654699593782424927e-01,6.777806878089904785e-01,4.259741306304931641e-01,2.797596156597137451e-01,-1.559977382421493530e-01,4.765861034393310547e-01,2.614553868770599365e-01,-3.253574669361114502e-01,-3.967587947845458984e-01,6.844346523284912109e-01,4.096560776233673096e-01,1.418343335390090942e-01,2.979330122470855713e-01,2.744398117065429688e-01,1.042131111025810242e-01,-1.888637691736221313e-01,-3.301767110824584961e-01
6.495423913002014160e-01,4.617648124694824219e-01,3.914197683334350586e-01,4.230390489101409912e-01,6.332733035087585449e-01,5.767333507537841797e-01,1.862292587757110596e-01,4.556507468223571777e-01,3.154951930046081543e-01,-5.773927643895149231e-02,1.762610077857971191e-01,4.483699053525924683e-02,-1.875274032354354858e-01,3.303700983524322510e-01,7.984409481287002563e-02,-1.176849603652954102e-01,-2.249941229820251465e-02,-1.656713634729385376e-01,6.239727512001991272e-02,-4.186152294278144836e-02,-2.274830788373947144e-01,-2.286879718303680420e-01,-2.955552935600280762e-01,9.588140062987804413e-03,3.968531489372253418e-01,3.668049275875091553e-01,3.001168966293334961e-01,7.591502070426940918e-01,1.000000119209289551e+00,3.014940023422241211e-01,-7.519701123237609863e-02,-1.703467369079589844e-01,5.749536156654357910e-01,4.167339205741882324e-01,2.800270318984985352e-01,-4.174726083874702454e-02,3.939602077007293701e-01,3.055380582809448242e-01,-1.781754344701766968e-01,-2.840426862239837646e-01,6.552088260650634766e-01,4.605215787887573242e-01,1.473076641559600830e-01,2.856373190879821777e-01,2.426442503929138184e-01,1.642489433288574219e-01,-1.176666244864463806e-01,-3.093360662460327148e-01
5.473063141107559204e-02,2.565664649009704590e-01,1.461190581321716309e-01,1.244632080197334290e-01,4.623433575034141541e-02,9.056179970502853394e-02,2.428282052278518677e-01,1.607539951801300049e-01,1.906747817993164062e-01,1.081335470080375671e-01,2.085869610309600830e-01,1.923428028821945190e-01,2.416689693927764893e-02,1.936903148889541626e-01,2.687640786170959473e-01,7.939291000366210938e-02,1.798148453235626221e-01,1.167910248041152954e-01,1.449832916259765625e-01,1.274719834327697754e-01,2.109165042638778687e-01,1.725169569253921509e-01,7.279353216290473938e-03,1.586875170469284058e-01,1.944823265075683594e-01,1.885897964239120483e-01,2.428963482379913330e-01,2.178270965814590454e-01,3.014940023422241211e-01,9.999995231628417969e-01,5.648921728134155273e-01,2.044552564620971680e-01,1.200045868754386902e-01,3.248270750045776367e-01,2.960915565490722656e-01,2.427989691495895386e-01,1.768606305122375488e-01,2.699091136455535889e-01,8.522284775972366333e-02,-4.834656603634357452e-03,1.145461350679397583e-01,2.755295038223266602e-01,2.680805325508117676e-01,9.120755642652511597e-02,2.108348309993743896e-01,2.010297775268554688e-01,2.045824080705642700e-01,-1.648545265197753906e-01
-1.782149076461791992e-01,-3.180592507123947144e-02,-5.911428108811378479e-02,2.237273874925449491e-04,-1.917514204978942871e-01,-1.592766493558883667e-01,2.418694943189620972e-01,-8.477819710969924927e-02,1.148155704140663147e-01,1.318683475255966187e-01,1.276662200689315796e-01,2.047413587570190430e-01,2.083510309457778931e-01,2.859778702259063721e-02,1.982203871011734009e-01,1.627804934978485107e-01,3.863697052001953125e-01,4.839639961719512939e-01,2.411778271198272705e-01,2.436429709196090698e-01,4.603390693664550781e-01,6.006757020950317383e-01,3.283523917198181152e-01,2.494470328092575073e-01,1.202399507164955139e-01,-3.127258643507957458e-02,1.621379852294921875e-01,-9.292814135551452637e-02,-7.519701123237609863e-02,5.648921728134155273e-01,1.000000238418579102e+00,4.965855777263641357e-01,-1.069507747888565063e-01,-6.066695321351289749e-03,-2.845693612471222878e-03,2.450374215841293335e-01,-9.727238118648529053e-02,7.092005759477615356e-02,2.116455584764480591e-01,1.754129379987716675e-01,-2.210487574338912964e-01,1.293090283870697021e-01,2.393043488264083862e-01,-9.997891634702682495e-02,4.402298480272293091e-02,1.633567214012145996e-01,3.388721346855163574e-01,1.301013380289077759e-01
-2.037404179573059082e-01,6.305695045739412308e-03,-3.110120892524719238e-01,-1.893622577190399170e-01,-2.242706567049026489e-01,-2.402944564819335938e-01,-4.698125272989273071e-02,-3.747522458434104919e-02,1.064716577529907227e-01,2.001472711563110352e-01,1.330360472202301025e-01,1.710734702646732330e-02,2.195557951927185059e-01,-1.665908284485340118e-02,2.165984595194458961e-03,5.337762460112571716e-02,1.282228976488113403e-01,1.869945973157882690e-01,3.910538181662559509e-02,1.663331836462020874e-01,2.029892206192016602e-01,4.312854111194610596e-01,4.216073751449584961e-01,6.313982009887695312e-01,4.814081639051437378e-02,-2.197316884994506836e-01,1.180021092295646667e-01,-1.654699593782424927e-01,-1.703467369079589844e-01,2.044552564620971680e-01,4.965855777263641357e-01,9.999999403953552246e-01,-3.415511175990104675e-02,-8.028231561183929443e-02,1.644852384924888611e-02,4.990198016166687012e-01,-7.149326056241989136e-02,7.764738518744707108e-03,2.248309552669525146e-01,2.510904669761657715e-01,-6.597092002630233765e-02,9.301187843084335327e-02,2.378080785274505615e-01,5.145026743412017822e-02,4.370353370904922485e-02,2.091142088174819946e-01,6.609023809432983398e-01,4.673442840576171875e-01
6.392232179641723633e-01,6.565403342247009277e-01,2.578949928283691406e-01,3.152546286582946777e-01,6.387692689895629883e-01,5.902045369148254395e-01,7.989932596683502197e-02,6.064844727516174316e-01,4.456494152545928955e-01,1.310618519783020020e-01,4.399639368057250977e-01,2.249404042959213257e-01,-9.052598476409912109e-02,4.483839869499206543e-01,2.752274870872497559e-01,-4.248500242829322815e-02,-7.251840829849243164e-02,-1.518118232488632202e-01,2.477493509650230408e-02,3.866184502840042114e-02,-1.204166486859321594e-01,-2.140334993600845337e-01,-2.361069917678833008e-01,2.534682303667068481e-02,7.037783265113830566e-01,1.428896337747573853e-01,5.983262062072753906e-01,6.777806878089904785e-01,5.749536156654357910e-01,1.200045868754386902e-01,-1.069507747888565063e-01,-3.415511175990104675e-02,1.000000000000000000e+00,4.927871823310852051e-01,3.073674738407135010e-01,4.416719824075698853e-02,4.376736879348754883e-01,4.315871298313140869e-01,-1.084670871496200562e-01,-1.541886627674102783e-01,7.135598659515380859e-01,5.177894830703735352e-01,2.313999980688095093e-01,4.129970073699951172e-01,3.872300684452056885e-01,2.609711885452270508e-01,-8.408147841691970825e-02,-2.243661135435104370e-01
