1.000000119209289551e+00,-1.481683831661939621e-02,3.612191975116729736e-01,3.601971268653869629e-01,4.811087846755981445e-01,3.003739118576049805e-01,1.481521129608154297e-01,1.132621839642524719e-01,9.402298182249069214e-02,2.361167669296264648e-01,2.980616390705108643e-01,3.098044097423553467e-01,2.969803214073181152e-01,5.630888044834136963e-02,2.014097124338150024e-01,4.001094400882720947e-02,1.013325601816177368e-01,1.359510719776153564e-01,1.980461925268173218e-01,3.211703598499298096e-01,4.076814651489257812e-01,2.375307977199554443e-01,-1.000163853168487549e-01,-1.794975250959396362e-02,2.949772477149963379e-01,1.497634649276733398e-01,3.063735365867614746e-01,4.297524690628051758e-01,3.128373324871063232e-01,2.307537794113159180e-01,2.679089903831481934e-01,1.361962854862213135e-01,3.391686975955963135e-01,8.845822513103485107e-02,-7.950950413942337036e-02,-1.731625199317932129e-01,2.314699441194534302e-01,-3.620440885424613953e-02,-1.051202267408370972e-01,-6.705830991268157959e-02,2.797426581382751465e-01,2.183631360530853271e-01,2.050463110208511353e-01,1.176166459918022156e-01,1.405419409275054932e-01,2.787457108497619629e-01,6.373097747564315796e-02,-3.236622214317321777e-01
-1.481683831661939621e-02,9.999997019767761230e-01,6.093203648924827576e-02,1.192891150712966919e-01,2.767316401004791260e-01,2.585060000419616699e-01,-2.113920263946056366e-02,2.221516072750091553e-01,7.072975486516952515e-02,1.118827834725379944e-01,-4.347899556159973145e-02,-3.160551423206925392e-03,2.185577452182769775e-01,-9.411223232746124268e-02,-1.803892403841018677e-01,-1.160642728209495544e-01,-1.311198621988296509e-01,-1.962111890316009521e-01,-8.432652801275253296e-03,4.663305880967527628e-04,9.994836896657943726e-02,-2.772069163620471954e-02,-1.489307880401611328e-01,-1.631397008895874023e-01,1.961846277117729187e-02,-3.065797500312328339e-04,2.245508283376693726e-01,6.499410420656204224e-02,1.381853818893432617e-01,4.689719900488853455e-02,-4.810203239321708679e-02,1.305476874113082886e-01,2.654263973236083984e-01,4.049124196171760559e-02,1.027828305959701538e-01,-1.099944338202476501e-01,-2.225738950073719025e-02,4.912453144788742065e-02,-1.383929252624511719e-01,-1.905859112739562988e-01,2.587077319622039795e-01,2.266873866319656372e-01,9.480198472738265991e-02,4.889850020408630371e-01,3.639595806598663330e-01,2.476517111063003540e-02,-1.228591576218605042e-01,-2.768368646502494812e-02
3.612191975116729736e-01,6.093203648924827576e-02,9.999997019767761230e-01,8.364800214767456055e-01,5.721136331558227539e-01,5.780020356178283691e-01,5.494171977043151855e-01,1.598471701145172119e-01,2.362048923969268799e-01,1.417674422264099121e-01,3.544398248195648193e-01,3.328547775745391846e-01,2.569908499717712402e-01,7.733778655529022217e-02,2.508560121059417725e-01,9.106331318616867065e-02,3.580394685268402100e-01,3.862628042697906494e-01,4.650650024414062500e-01,6.627573966979980469e-01,7.187442183494567871e-01,6.360601782798767090e-01,-1.092337518930435181e-01,2.558562159538269043e-02,1.022768244147300720e-01,5.456037521362304688e-01,2.564467191696166992e-01,7.207742333412170410e-01,5.676645636558532715e-01,4.891417026519775391e-01,5.976023077964782715e-01,3.550272583961486816e-01,2.345338165760040283e-01,9.145949035882949829e-02,1.657334566116333008e-01,3.274003416299819946e-02,3.026861846446990967e-01,1.154101416468620300e-01,-1.668331213295459747e-02,-3.669596463441848755e-02,5.959467887878417969e-01,3.939526081085205078e-01,3.470943570137023926e-01,-2.246226184070110321e-02,2.314635366201400757e-02,3.998549282550811768e-01,1.250618398189544678e-01,-3.106203675270080566e-01
3.601971268653869629e-01,1.192891150712966919e-01,8.364800214767456055e-01,1.000000119209289551e+00,6.427469253540039062e-01,6.700724959373474121e-01,5.191937088966369629e-01,1.556380689144134521e-01,1.529419571161270142e-01,-4.010939446743577719e-04,3.068695962429046631e-01,2.225939631462097168e-01,1.600815057754516602e-01,9.387709200382232666e-02,2.523348927497863770e-01,1.234561577439308167e-02,2.408374845981597900e-01,2.632398009300231934e-01,4.299047291278839111e-01,6.165580749511718750e-01,7.248897552490234375e-01,6.311784982681274414e-01,-2.587159574031829834e-01,-1.077839359641075134e-01,-5.065989121794700623e-02,5.293428897857666016e-01,1.857723295688629150e-01,6.496706604957580566e-01,5.954448580741882324e-01,5.193948149681091309e-01,5.836501121520996094e-01,4.495331048965454102e-01,1.767606884241104126e-01,1.587024927139282227e-01,1.731635928153991699e-01,-3.122325427830219269e-02,2.439076900482177734e-01,3.577739745378494263e-02,-1.108685508370399475e-01,-1.172515600919723511e-01,6.684736013412475586e-01,3.631096184253692627e-01,3.082893192768096924e-01,-5.194291472434997559e-02,-4.383871331810951233e-02,3.257400691509246826e-01,1.651171781122684479e-02,-3.508309721946716309e-01
4.811087846755981445e-01,2.767316401004791260e-01,5.721136331558227539e-01,6.427469253540039062e-01,1.000000357627868652e+00,7.813218832015991211e-01,4.650996327400207520e-01,2.797972261905670166e-01,1.304984390735626221e-01,8.311907202005386353e-02,3.221451044082641602e-01,2.702300846576690674e-01,3.213155269622802734e-01,5.335649475455284119e-02,3.109214901924133301e-01,1.032268702983856201e-01,2.327495217323303223e-01,2.193309813737869263e-01,4.289853870868682861e-01,5.233505964279174805e-01,5.430675148963928223e-01,4.278941750526428223e-01,-1.258840411901473999e-01,-6.698910146951675415e-02,7.846132665872573853e-02,4.246175289154052734e-01,2.395681142807006836e-01,5.142267346382141113e-01,5.374132990837097168e-01,3.877110481262207031e-01,4.353609979152679443e-01,2.388511896133422852e-01,3.546299338340759277e-01,2.307058423757553101e-01,6.816793978214263916e-02,-5.122356116771697998e-02,3.084209263324737549e-01,7.560171186923980713e-02,-3.413029387593269348e-02,-2.000193856656551361e-02,6.913982033729553223e-01,4.785832166671752930e-01,3.353743553161621094e-01,1.381694339215755463e-02,1.271414160728454590e-01,4.022342562675476074e-01,5.642747855745255947e-04,-3.174403011798858643e-01
3.003739118576049805e-01,2.585060000419616699e-01,5.780020356178283691e-01,6.700724959373474121e-01,7.813218832015991211e-01,9.999998211860656738e-01,6.684429645538330078e-01,1.854727864265441895e-01,9.794651716947555542e-02,8.294875174760818481e-02,2.117097377777099609e-01,1.720617562532424927e-01,2.272976934909820557e-01,3.123720362782478333e-02,2.527653276920318604e-01,7.273246347904205322e-02,3.691399097442626953e-01,2.895398139953613281e-01,5.812588930130004883e-01,6.268340945243835449e-01,5.300859212875366211e-01,3.935410678386688232e-01,-1.553952693939208984e-01,-6.223935261368751526e-02,-6.704063713550567627e-02,6.438162326812744141e-01,1.581591814756393433e-01,5.244408845901489258e-01,5.460743308067321777e-01,4.318614304065704346e-01,4.039010703563690186e-01,2.925566434860229492e-01,2.583371400833129883e-01,1.430445760488510132e-01,8.732917159795761108e-02,-7.522642845287919044e-04,2.269799560308456421e-01,3.135916218161582947e-02,-7.315379381179809570e-02,-6.702425330877304077e-02,7.746101021766662598e-01,5.985160470008850098e-01,4.575811922550201416e-01,-5.764711648225784302e-02,8.250083774328231812e-02,5.221278667449951172e-01,7.898946292698383331e-03,-2.971459031105041504e-01
1.481521129608154297e-01,-2.113920263946056366e-02,5.494171977043151855e-01,5.191937088966369629e-01,4.650996327400207520e-01,6.684429645538330078e-01,1.000000000000000000e+00,1.343267261981964111e-01,1.065160185098648071e-01,1.679349988698959351e-01,2.135241180658340454e-01,1.364439129829406738e-01,1.598099023103713989e-01,8.074031770229339600e-02,3.715545833110809326e-01,1.863381862640380859e-01,7.708017826080322266e-01,6.670807600021362305e-01,7.185742855072021484e-01,6.885873675346374512e-01,4.013030827045440674e-01,3.781752288341522217e-01,1.190211698412895203e-01,2.436703890562057495e-01,-1.314391847699880600e-02,7.937054634094238281e-01,2.136678248643875122e-01,4.669483900070190430e-01,4.004903137683868408e-01,3.231198787689208984e-01,4.465204775333404541e-01,1.587260067462921143e-01,1.822855621576309204e-01,1.397567540407180786e-01,8.995348215103149414e-02,2.225715070962905884e-01,2.585503160953521729e-01,1.480454951524734497e-01,1.011153161525726318e-01,1.131079792976379395e-01,5.708398222923278809e-01,6.883742809295654297e-01,5.849138498306274414e-01,-2.726597785949707031e-01,1.506871171295642853e-02,6.916228532791137695e-01,2.450925558805465698e-01,-1.720489114522933960e-01
1.132621839642524719e-01,2.221516072750091553e-01,1.598471701145172119e-01,1.556380689144134521e-01,2.797972261905670166e-01,1.854727864265441895e-01,1.343267261981964111e-01,1.000000476837158203e+00,3.453751802444458008e-01,2.615780830383300781e-01,4.085729420185089111e-01,2.556579411029815674e-01,3.259424865245819092e-01,1.409268379211425781e-01,1.954348534345626831e-01,2.293067872524261475e-01,1.887921094894409180e-01,1.617801338434219360e-01,7.706433534622192383e-02,1.439082771539688110e-01,2.290939688682556152e-01,1.415583193302154541e-01,1.924425959587097168e-01,5.509107559919357300e-02,1.902251541614532471e-01,8.859806507825851440e-02,2.927663922309875488e-01,1.941125392913818359e-01,1.537670493125915527e-01,-1.128400936722755432e-01,1.494722813367843628e-01,-2.955192513763904572e-02,4.019106328487396240e-01,3.317459821701049805e-01,8.242917805910110474e-02,8.978003263473510742e-02,1.780923902988433838e-01,3.971458375453948975e-01,1.271669864654541016e-01,6.590642035007476807e-02,1.298338770866394043e-01,1.945324987173080444e-01,1.159646809101104736e-01,9.278054535388946533e-02,6.218002364039421082e-02,1.368593275547027588e-01,5.973940249532461166e-03,5.392936617136001587e-02
9.402298182249069214e-02,7.072975486516952515e-02,2.362048923969268799e-01,1.529419571161270142e-01,1.304984390735626221e-01,9.794651716947555542e-02,1.065160185098648071e-01,3.453751802444458008e-01,1.000000357627868652e+00,5.218614935874938965e-01,3.566075563430786133e-01,3.812580704689025879e-01,2.943424582481384277e-01,5.681512132287025452e-02,3.782289847731590271e-02,1.755712032318115234e-01,2.446190714836120605e-01,2.586432397365570068e-01,4.787692800164222717e-02,1.471046656370162964e-01,2.520112991333007812e-01,2.095023095607757568e-01,3.024469017982482910e-01,2.618745565414428711e-01,1.524781882762908936e-01,4.152769595384597778e-02,2.012058943510055542e-01,2.685230672359466553e-01,1.032198369503021240e-01,-2.185919135808944702e-02,2.749730944633483887e-01,-9.802274405956268311e-03,2.026711851358413696e-01,3.405509516596794128e-02,1.471296846866607666e-01,2.301346212625503540e-01,1.918291300535202026e-01,2.322246730327606201e-01,2.791791856288909912e-01,2.384433150291442871e-01,1.906052790582180023e-02,1.508581638336181641e-01,1.386532187461853027e-01,1.209464967250823975e-01,1.295485198497772217e-01,2.008164376020431519e-01,2.312956452369689941e-01,7.791258394718170166e-02
2.361167669296264648e-01,1.118827834725379944e-01,1.417674422264099121e-01,-4.010939446743577719e-04,8.311907202005386353e-02,8.294875174760818481e-02,1.679349988698959351e-01,2.615780830383300781e-01,5.218614935874938965e-01,1.000000476837158203e+00,1.503338813781738281e-01,3.844609856605529785e-01,5.462582707405090332e-01,-1.042418181896209717e-01,8.279955014586448669e-03,2.347611486911773682e-01,3.237174153327941895e-01,2.697849869728088379e-01,2.297663241624832153e-01,2.014331817626953125e-01,9.785224497318267822e-02,-5.617430433630943298e-02,3.537277281284332275e-01,3.155309557914733887e-01,4.218350350856781006e-01,1.279337555170059204e-01,2.418906986713409424e-01,2.988326549530029297e-01,-3.480202332139015198e-02,-1.343959569931030273e-01,3.971188142895698547e-02,-1.560080796480178833e-01,2.803730070590972900e-01,4.090213030576705933e-02,1.929298937320709229e-01,6.355188041925430298e-02,2.369739264249801636e-01,2.870985567569732666e-01,2.114336788654327393e-01,5.590600520372390747e-02,-5.691044405102729797e-02,3.246405720710754395e-01,1.766353398561477661e-01,1.185449510812759399e-01,2.658626437187194824e-01,4.245283603668212891e-01,3.047308027744293213e-01,-8.377997577190399170e-02
2.980616390705108643e-01,-4.347899556159973145e-02,3.544398248195648193e-01,3.068695962429046631e-01,3.221451044082641602e-01,2.117097377777099609e-01,2.135241180658340454e-01,4.085729420185089111e-01,3.566075563430786133e-01,1.503338813781738281e-01,1.000000476837158203e+00,4.498728513717651367e-01,1.204495877027511597e-01,4.574818313121795654e-01,1.797850579023361206e-01,6.007098034024238586e-02,2.488926798105239868e-01,1.771914958953857422e-01,7.981317490339279175e-02,1.821802556514739990e-01,4.193989038467407227e-01,3.101195991039276123e-01,4.494128748774528503e-02,1.089410856366157532e-01,1.495963931083679199e-01,2.036309391260147095e-01,2.262513935565948486e-01,2.304270267486572266e-01,1.746676117181777954e-01,2.163455188274383545e-01,2.938643395900726318e-01,5.931961163878440857e-02,2.829293310642242432e-01,1.783868968486785889e-01,6.462540477514266968e-02,1.268637776374816895e-01,3.333394527435302734e-01,1.031414419412612915e-01,5.067740008234977722e-02,8.376812934875488281e-02,1.759601384401321411e-01,1.330293715000152588e-01,4.750410467386245728e-02,-1.797485351562500000e-02,-4.268988966941833496e-03,1.157020330429077148e-01,1.153557226061820984e-01,-1.830679923295974731e-02
3.098044097423553467e-01,-3.160551423206925392e-03,3.328547775745391846e-01,2.225939631462097168e-01,2.702300846576690674e-01,1.720617562532424927e-01,1.364439129829406738e-01,2.556579411029815674e-01,3.812580704689025879e-01,3.844609856605529785e-01,4.498728513717651367e-01,1.000000715255737305e+00,3.251821994781494141e-01,-1.247465237975120544e-01,3.495461344718933105e-01,3.015928268432617188e-01,1.433436870574951172e-01,1.261364221572875977e-01,9.440922737121582031e-02,1.517452895641326904e-01,2.743238806724548340e-01,1.843512803316116333e-01,-1.049341517500579357e-03,2.731857076287269592e-02,2.505227029323577881e-01,1.599967181682586670e-01,2.439612597227096558e-01,2.774248719215393066e-01,6.248758360743522644e-02,1.972483992576599121e-01,1.822078227996826172e-01,-4.602782428264617920e-02,3.169023990631103516e-01,6.176733970642089844e-02,1.402637064456939697e-01,-4.235140606760978699e-02,1.958579421043395996e-01,2.158429175615310669e-01,1.479677448514848948e-04,-7.427507638931274414e-02,8.899266272783279419e-02,5.373312532901763916e-02,-3.664517402648925781e-02,1.016175597906112671e-01,-2.804494835436344147e-02,1.221324428915977478e-01,6.506119668483734131e-02,-3.532676696777343750e-01
2.969803214073181152e-01,2.185577452182769775e-01,2.569908499717712402e-01,1.600815057754516602e-01,3.213155269622802734e-01,2.272976934909820557e-01,1.598099023103713989e-01,3.259424865245819092e-01,2.943424582481384277e-01,5.462582707405090332e-01,1.204495877027511597e-01,3.251821994781494141e-01,9.999997615814208984e-01,6.035196129232645035e-03,1.961329877376556396e-01,4.831156134605407715e-01,1.430853754281997681e-01,1.710826754570007324e-01,3.870064020156860352e-01,3.974422216415405273e-01,2.700147926807403564e-01,1.635673493146896362e-01,3.143419325351715088e-01,-3.633167594671249390e-02,3.461859822273254395e-01,1.310785114765167236e-01,2.274077385663986206e-01,1.870371401309967041e-01,5.016105622053146362e-02,-2.189206779003143311e-01,-2.287459559738636017e-02,-1.749085187911987305e-01,2.677975594997406006e-01,8.020238578319549561e-02,1.250459551811218262e-01,-2.597891092300415039e-01,1.898806840181350708e-01,3.611446022987365723e-01,1.199809089303016663e-01,-1.277088075876235962e-01,6.137387454509735107e-02,2.527320683002471924e-01,2.985509634017944336e-01,2.429597377777099609e-01,2.214797735214233398e-01,3.337985575199127197e-01,-4.710827022790908813e-02,-1.930628269910812378e-01
5.630888044834136963e-02,-9.411223232746124268e-02,7.733778655529022217e-02,9.387709200382232666e-02,5.335649475455284119e-02,3.123720362782478333e-02,8.074031770229339600e-02,1.409268379211425781e-01,5.681512132287025452e-02,-1.042418181896209717e-01,4.574818313121795654e-01,-1.247465237975120544e-01,6.035196129232645035e-03,1.000000119209289551e+00,-1.602171361446380615e-01,-1.190691720694303513e-02,7.716784626245498657e-02,2.942847274243831635e-02,4.355128854513168335e-02,7.020388543605804443e-02,9.921375662088394165e-02,1.048980802297592163e-01,1.274415552616119385e-01,-2.252551540732383728e-02,1.134623587131500244e-01,7.454020529985427856e-02,-1.168389688245952129e-03,2.522801049053668976e-02,-1.824920810759067535e-02,4.887929186224937439e-02,1.461413502693176270e-02,-1.436859555542469025e-02,3.934007138013839722e-02,-6.527926027774810791e-02,2.307478804141283035e-03,7.110305130481719971e-02,2.568827569484710693e-01,-1.289787292480468750e-01,3.654664382338523865e-02,3.183672949671745300e-02,2.537616901099681854e-02,3.627627715468406677e-02,1.120182499289512634e-01,-6.679762899875640869e-02,-7.100302726030349731e-02,1.579886116087436676e-02,-8.137937635183334351e-02,2.389221042394638062e-01
2.014097124338150024e-01,-1.803892403841018677e-01,2.508560121059417725e-01,2.523348927497863770e-01,3.109214901924133301e-01,2.527653276920318604e-01,3.715545833110809326e-01,1.954348534345626831e-01,3.782289847731590271e-02,8.279955014586448669e-03,1.797850579023361206e-01,3.495461344718933105e-01,1.961329877376556396e-01,-1.602171361446380615e-01,9.999998211860656738e-01,3.678458333015441895e-01,2.601474225521087646e-01,3.028196692466735840e-01,2.552196085453033447e-01,2.810067534446716309e-01,1.969838142395019531e-01,1.993128061294555664e-01,8.009627461433410645e-02,2.747928723692893982e-02,-4.966646060347557068e-02,2.938758432865142822e-01,1.022429019212722778e-01,1.138397082686424255e-01,1.201201677322387695e-01,5.890604108572006226e-02,2.297676056623458862e-01,-3.538412228226661682e-02,1.567986756563186646e-01,2.501361370086669922e-01,-2.651141956448554993e-02,-1.923319697380065918e-02,9.427880495786666870e-02,2.839322686195373535e-01,9.269399940967559814e-02,1.236348673701286316e-01,1.487029194831848145e-01,1.552546918392181396e-01,1.542598009109497070e-01,-1.286356449127197266e-01,-9.341832995414733887e-02,2.394258230924606323e-01,-3.540623560547828674e-02,-3.404615521430969238e-01
4.001094400882720947e-02,-1.160642728209495544e-01,9.106331318616867065e-02,1.234561577439308167e-02,1.032268702983856201e-01,7.273246347904205322e-02,1.863381862640380859e-01,2.293067872524261475e-01,1.755712032318115234e-01,2.347611486911773682e-01,6.007098034024238586e-02,3.015928268432617188e-01,4.831156134605407715e-01,-1.190691720694303513e-02,3.678458333015441895e-01,1.000000119209289551e+00,1.898197233676910400e-01,2.654474377632141113e-01,3.234956264495849609e-01,2.156498581171035767e-01,6.047387607395648956e-03,1.646939218044281006e-01,4.476611912250518799e-01,6.861829012632369995e-02,2.949375808238983154e-01,1.009918302297592163e-01,1.416239887475967407e-01,1.025449857115745544e-01,3.322144225239753723e-02,-1.674903184175491333e-01,-5.461677443236112595e-03,-2.498418390750885010e-01,1.451912820339202881e-01,4.045899584889411926e-02,1.504564285278320312e-01,5.826628208160400391e-02,1.844490617513656616e-01,4.761905968189239502e-01,4.615848362445831299e-01,2.337222397327423096e-01,3.770996257662773132e-02,1.203616037964820862e-01,1.435026675462722778e-01,-8.401301503181457520e-02,-4.867124557495117188e-02,2.487240880727767944e-01,-1.041125226765871048e-02,-4.526603594422340393e-02
1.013325601816177368e-01,-1.311198621988296509e-01,3.580394685268402100e-01,2.408374845981597900e-01,2.327495217323303223e-01,3.691399097442626953e-01,7.708017826080322266e-01,1.887921094894409180e-01,2.446190714836120605e-01,3.237174153327941895e-01,2.488926798105239868e-01,1.433436870574951172e-01,1.430853754281997681e-01,7.716784626245498657e-02,2.601474225521087646e-01,1.898197233676910400e-01,9.999999403953552246e-01,8.102999925613403320e-01,5.856477618217468262e-01,5.330124497413635254e-01,2.720395922660827637e-01,3.168992400169372559e-01,3.502686023712158203e-01,4.895220994949340820e-01,8.068853616714477539e-02,5.659039020538330078e-01,2.821880280971527100e-01,3.269976675510406494e-01,2.651108503341674805e-01,1.031163707375526428e-01,4.272769391536712646e-01,-3.765945881605148315e-02,1.661702841520309448e-01,1.183189228177070618e-01,6.086752191185951233e-02,4.054529368877410889e-01,2.877436280250549316e-01,1.785876452922821045e-01,1.798239946365356445e-01,3.010995090007781982e-01,3.106972277164459229e-01,6.313138604164123535e-01,5.360292792320251465e-01,-3.214944005012512207e-01,1.276831328868865967e-01,6.603551506996154785e-01,4.319040775299072266e-01,8.290843665599822998e-02
1.359510719776153564e-01,-1.962111890316009521e-01,3.862628042697906494e-01,2.632398009300231934e-01,2.193309813737869263e-01,2.895398139953613281e-01,6.670807600021362305e-01,1.617801338434219360e-01,2.586432397365570068e-01,2.697849869728088379e-01,1.771914958953857422e-01,1.261364221572875977e-01,1.710826754570007324e-01,2.942847274243831635e-02,3.028196692466735840e-01,2.654474377632141113e-01,8.102999925613403320e-01,1.000000715255737305e+00,5.695534944534301758e-01,5.943969488143920898e-01,3.005560934543609619e-01,4.485231041908264160e-01,3.938938975334167480e-01,5.022303462028503418e-01,7.535123080015182495e-02,4.761277437210083008e-01,3.192684650421142578e-01,3.371977508068084717e-01,2.635539174079895020e-01,3.310984373092651367e-02,5.192925333976745605e-01,4.264375939965248108e-02,1.443796902894973755e-01,1.220363378524780273e-01,4.283915832638740540e-02,4.081247746944427490e-01,2.576863765716552734e-01,1.798044741153717041e-01,2.236236780881881714e-01,3.671976625919342041e-01,2.569791376590728760e-01,5.466042757034301758e-01,5.807996988296508789e-01,-2.792199254035949707e-01,1.495501250028610229e-01,6.319888830184936523e-01,4.440122544765472412e-01,8.910165727138519287e-02
1.980461925268173218e-01,-8.432652801275253296e-03,4.650650024414062500e-01,4.299047291278839111e-01,4.289853870868682861e-01,5.812588930130004883e-01,7.185742855072021484e-01,7.706433534622192383e-02,4.787692800164222717e-02,2.297663241624832153e-01,7.981317490339279175e-02,9.440922737121582031e-02,3.870064020156860352e-01,4.355128854513168335e-02,2.552196085453033447e-01,3.234956264495849609e-01,5.856477618217468262e-01,5.695534944534301758e-01,1.000000119209289551e+00,7.815620899200439453e-01,4.203536510467529297e-01,4.102666378021240234e-01,9.902372211217880249e-02,1.226064413785934448e-01,1.261498779058456421e-01,6.334595680236816406e-01,1.829454898834228516e-01,4.255579710006713867e-01,3.496204614639282227e-01,1.917483657598495483e-01,3.186298608779907227e-01,1.327138394117355347e-01,1.321376562118530273e-01,9.460384398698806763e-02,1.217326968908309937e-01,8.034397847950458527e-03,2.270852029323577881e-01,1.842106729745864868e-01,7.678634673357009888e-02,-3.977503627538681030e-02,4.874797463417053223e-01,6.109796166419982910e-01,5.924949645996093750e-01,-1.727882623672485352e-01,4.962181299924850464e-02,6.406671404838562012e-01,1.615719348192214966e-01,-2.305186539888381958e-01
3.211703598499298096e-01,4.663305880967527628e-04,6.627573966979980469e-01,6.165580749511718750e-01,5.233505964279174805e-01,6.268340945243835449e-01,6.885873675346374512e-01,1.439082771539688110e-01,1.471046656370162964e-01,2.014331817626953125e-01,1.821802556514739990e-01,1.517452895641326904e-01,3.974422216415405273e-01,7.020388543605804443e-02,2.810067534446716309e-01,2.156498581171035767e-01,5.330124497413635254e-01,5.943969488143920898e-01,7.815620899200439453e-01,9.999997019767761230e-01,6.830886602401733398e-01,6.014990806579589844e-01,4.096180200576782227e-02,7.541261613368988037e-02,7.908938080072402954e-02,6.486657857894897461e-01,2.276495248079299927e-01,5.803854465484619141e-01,4.406191706657409668e-01,2.986245751380920410e-01,4.734981060028076172e-01,2.542872130870819092e-01,1.958519220352172852e-01,1.517919003963470459e-01,1.685658246278762817e-01,2.304345369338989258e-02,3.023231327533721924e-01,1.395221799612045288e-01,5.333985015749931335e-02,-2.554210275411605835e-02,5.665764212608337402e-01,5.675011873245239258e-01,6.352578401565551758e-01,-1.779326945543289185e-01,3.643589839339256287e-02,6.356536149978637695e-01,1.231807544827461243e-01,-2.671861946582794189e-01
4.076814651489257812e-01,9.994836896657943726e-02,7.187442183494567871e-01,7.248897552490234375e-01,5.430675148963928223e-01,5.300859212875366211e-01,4.013030827045440674e-01,2.290939688682556152e-01,2.520112991333007812e-01,9.785224497318267822e-02,4.193989038467407227e-01,2.743238806724548340e-01,2.700147926807403564e-01,9.921375662088394165e-02,1.969838142395019531e-01,6.047387607395648956e-03,2.720395922660827637e-01,3.005560934543609619e-01,4.203536510467529297e-01,6.830886602401733398e-01,9.999998211860656738e-01,7.031877040863037109e-01,-1.765150129795074463e-01,-3.639039024710655212e-02,3.664099797606468201e-02,4.395213127136230469e-01,2.504027187824249268e-01,5.602747201919555664e-01,4.842581748962402344e-01,4.387258291244506836e-01,5.740346908569335938e-01,4.137786328792572021e-01,2.439587265253067017e-01,1.786212325096130371e-01,1.611568331718444824e-01,-4.031417891383171082e-02,3.035216927528381348e-01,3.708825260400772095e-02,-8.398835361003875732e-02,-1.145870536565780640e-01,5.227651596069335938e-01,2.942712306976318359e-01,3.347651958465576172e-01,-5.649614706635475159e-02,1.182008348405361176e-02,3.096624314785003662e-01,8.113531768321990967e-02,-2.905571758747100830e-01
2.375307977199554443e-01,-2.772069163620471954e-02,6.360601782798767090e-01,6.311784982681274414e-01,4.278941750526428223e-01,3.935410678386688232e-01,3.781752288341522217e-01,1.415583193302154541e-01,2.095023095607757568e-01,-5.617430433630943298e-02,3.101195991039276123e-01,1.843512803316116333e-01,1.635673493146896362e-01,1.048980802297592163e-01,1.993128061294555664e-01,1.646939218044281006e-01,3.168992400169372559e-01,4.485231041908264160e-01,4.102666378021240234e-01,6.014990806579589844e-01,7.031877040863037109e-01,1.000000000000000000e+00,-2.513838373124599457e-02,1.344155669212341309e-01,1.863783970475196838e-02,3.085488379001617432e-01,3.027141392230987549e-01,4.723419547080993652e-01,4.821003377437591553e-01,3.368879258632659912e-01,6.393681168556213379e-01,4.361559748649597168e-01,8.555981516838073730e-02,1.029439866542816162e-01,8.788113296031951904e-02,1.269495487213134766e-01,3.335662186145782471e-01,6.416059285402297974e-02,-1.931919716298580170e-02,8.996159583330154419e-02,4.437001347541809082e-01,2.580305039882659912e-01,2.936301529407501221e-01,-8.522792160511016846e-02,9.585265070199966431e-02,2.570675313472747803e-01,1.876496374607086182e-01,-4.342094063758850098e-02
-1.000163853168487549e-01,-1.489307880401611328e-01,-1.092337518930435181e-01,-2.587159574031829834e-01,-1.258840411901473999e-01,-1.553952693939208984e-01,1.190211698412895203e-01,1.924425959587097168e-01,3.024469017982482910e-01,3.537277281284332275e-01,4.494128748774528503e-02,-1.049341517500579357e-03,3.143419325351715088e-01,1.274415552616119385e-01,8.009627461433410645e-02,4.476611912250518799e-01,3.502686023712158203e-01,3.938938975334167480e-01,9.902372211217880249e-02,4.096180200576782227e-02,-1.765150129795074463e-01,-2.513838373124599457e-02,1.000000119209289551e+00,4.398697912693023682e-01,2.308775484561920166e-01,-6.283259391784667969e-02,1.415382027626037598e-01,-5.532771721482276917e-02,-1.349319070577621460e-01,-3.942609131336212158e-01,-7.981652393937110901e-03,-3.152140676975250244e-01,1.092525273561477661e-01,-2.283030562102794647e-02,6.276068836450576782e-02,3.106738924980163574e-01,1.565733104944229126e-01,3.103414773941040039e-01,5.802155137062072754e-01,5.295678973197937012e-01,-1.770269274711608887e-01,1.410793513059616089e-01,2.066838741302490234e-01,-1.304709315299987793e-01,1.027421653270721436e-01,2.838380932807922363e-01,2.856965065002441406e-01,4.076638519763946533e-01
-1.794975250959396362e-02,-1.631397008895874023e-01,2.558562159538269043e-02,-1.077839359641075134e-01,-6.698910146951675415e-02,-6.223935261368751526e-02,2.436703890562057495e-01,5.509107559919357300e-02,2.618745565414428711e-01,3.155309557914733887e-01,1.089410856366157532e-01,2.731857076287269592e-02,-3.633167594671249390e-02,-2.252551540732383728e-02,2.747928723692893982e-02,6.861829012632369995e-02,4.895220994949340820e-01,5.022303462028503418e-01,1.226064413785934448e-01,7.541261613368988037e-02,-3.639039024710655212e-02,1.344155669212341309e-01,4.398697912693023682e-01,1.000000238418579102e+00,1.348408758640289307e-01,4.435003176331520081e-02,2.470343559980392456e-01,1.534045189619064331e-01,4.558392986655235291e-02,-3.619396686553955078e-02,3.755229711532592773e-01,1.261413395404815674e-01,5.810334160923957825e-02,1.769612543284893036e-02,1.940574310719966888e-02,7.194456458091735840e-01,1.584306955337524414e-01,1.023475229740142822e-01,3.176648020744323730e-01,5.012831091880798340e-01,-3.127660229802131653e-02,2.954891920089721680e-01,2.493542730808258057e-01,-1.652534902095794678e-01,2.225502282381057739e-01,3.821158409118652344e-01,8.032533526420593262e-01,4.221776425838470459e-01
2.949772477149963379e-01,1.961846277117729187e-02,1.022768244147300720e-01,-5.065989121794700623e-02,7.846132665872573853e-02,-6.704063713550567627e-02,-1.314391847699880600e-02,1.902251541614532471e-01,1.524781882762908936e-01,4.218350350856781006e-01,1.495963931083679199e-01,2.505227029323577881e-01,3.461859822273254395e-01,1.134623587131500244e-01,-4.966646060347557068e-02,2.949375808238983154e-01,8.068853616714477539e-02,7.535123080015182495e-02,1.261498779058456421e-01,7.908938080072402954e-02,3.664099797606468201e-02,1.863783970475196838e-02,2.308775484561920166e-01,1.348408758640289307e-01,9.999999403953552246e-01,-1.754429005086421967e-02,4.184872806072235107e-01,3.845437169075012207e-01,2.482519485056400299e-02,-9.634108096361160278e-02,-8.317008614540100098e-03,-1.556238532066345215e-01,3.817963302135467529e-01,1.907125115394592285e-02,1.834861785173416138e-01,-4.150245711207389832e-02,3.099910020828247070e-01,2.508456707000732422e-01,1.699548959732055664e-01,9.496193379163742065e-03,-7.577686756849288940e-02,1.409566700458526611e-01,2.182259596884250641e-02,5.180247500538825989e-02,1.227028071880340576e-01,1.845245659351348877e-01,1.865719407796859741e-01,-3.381869196891784668e-02
1.497634649276733398e-01,-3.065797500312328339e-04,5.456037521362304688e-01,5.293428897857666016e-01,4.246175289154052734e-01,6.438162326812744141e-01,7.937054634094238281e-01,8.859806507825851440e-02,4.152769595384597778e-02,1.279337555170059204e-01,2.036309391260147095e-01,1.599967181682586670e-01,1.310785114765167236e-01,7.454020529985427856e-02,2.938758432865142822e-01,1.009918302297592163e-01,5.659039020538330078e-01,4.761277437210083008e-01,6.334595680236816406e-01,6.486657857894897461e-01,4.395213127136230469e-01,3.085488379001617432e-01,-6.283259391784667969e-02,4.435003176331520081e-02,-1.754429005086421967e-02,1.000000357627868652e+00,1.482965350151062012e-01,4.888538420200347900e-01,3.737716674804687500e-01,4.028134047985076904e-01,3.729867339134216309e-01,1.955201476812362671e-01,1.369254887104034424e-01,1.182799264788627625e-01,1.671939790248870850e-01,8.172731846570968628e-02,1.877024024724960327e-01,8.739708364009857178e-02,1.193402707576751709e-02,-9.780471771955490112e-02,5.323268175125122070e-01,5.491358041763305664e-01,4.810882508754730225e-01,-2.354509383440017700e-01,-7.001305371522903442e-02,5.374345183372497559e-01,1.287335455417633057e-01,-2.962405681610107422e-01
3.063735365867614746e-01,2.245508283376693726e-01,2.564467191696166992e-01,1.857723295688629150e-01,2.395681142807006836e-01,1.581591814756393433e-01,2.136678248643875122e-01,2.927663922309875488e-01,2.012058943510055542e-01,2.418906986713409424e-01,2.262513935565948486e-01,2.439612597227096558e-01,2.274077385663986206e-01,-1.168389688245952129e-03,1.022429019212722778e-01,1.416239887475967407e-01,2.821880280971527100e-01,3.192684650421142578e-01,1.829454898834228516e-01,2.276495248079299927e-01,2.504027187824249268e-01,3.027141392230987549e-01,1.415382027626037598e-01,2.470343559980392456e-01,4.184872806072235107e-01,1.482965350151062012e-01,9.999999403953552246e-01,3.357561230659484863e-01,2.913408875465393066e-01,2.415425889194011688e-02,3.463640511035919189e-01,1.410003453493118286e-01,3.732305169105529785e-01,1.552540510892868042e-01,8.708170056343078613e-02,1.876203715801239014e-01,2.612545192241668701e-01,1.104962080717086792e-01,3.077910467982292175e-02,1.452115476131439209e-01,1.685109585523605347e-01,3.044109344482421875e-01,1.828790009021759033e-01,2.416748553514480591e-01,2.909409105777740479e-01,2.730323970317840576e-01,2.648817598819732666e-01,3.509273752570152283e-02
4.297524690628051758e-01,6.499410420656204224e-02,7.207742333412170410e-01,6.496706604957580566e-01,5.142267346382141113e-01,5.244408845901489258e-01,4.669483900070190430e-01,1.941125392913818359e-01,2.685230672359466553e-01,2.988326549530029297e-01,2.304270267486572266e-01,2.774248719215393066e-01,1.870371401309967041e-01,2.522801049053668976e-02,1.138397082686424255e-01,1.025449857115745544e-01,3.269976675510406494e-01,3.371977508068084717e-01,4.255579710006713867e-01,5.803854465484619141e-01,5.602747201919555664e-01,4.723419547080993652e-01,-5.532771721482276917e-02,1.534045189619064331e-01,3.845437169075012207e-01,4.888538420200347900e-01,3.357561230659484863e-01,1.000000238418579102e+00,6.168667078018188477e-01,4.918969869613647461e-01,5.652259588241577148e-01,3.678277134895324707e-01,3.778376281261444092e-01,1.374276727437973022e-01,2.511579394340515137e-01,1.657003164291381836e-01,3.343025445938110352e-01,1.096580922603607178e-01,9.689950942993164062e-02,2.149507403373718262e-02,5.974016785621643066e-01,4.780159294605255127e-01,3.494378626346588135e-01,-7.358125597238540649e-02,4.435893520712852478e-02,4.983635842800140381e-01,2.410287410020828247e-01,-2.441730797290802002e-01
3.128373324871063232e-01,1.381853818893432617e-01,5.676645636558532715e-01,5.954448580741882324e-01,5.374132990837097168e-01,5.460743308067321777e-01,4.004903137683868408e-01,1.537670493125915527e-01,1.032198369503021240e-01,-3.480202332139015198e-02,1.746676117181777954e-01,6.248758360743522644e-02,5.016105622053146362e-02,-1.824920810759067535e-02,1.201201677322387695e-01,3.322144225239753723e-02,2.651108503341674805e-01,2.635539174079895020e-01,3.496204614639282227e-01,4.406191706657409668e-01,4.842581748962402344e-01,4.821003377437591553e-01,-1.349319070577621460e-01,4.558392986655235291e-02,2.482519485056400299e-02,3.737716674804687500e-01,2.913408875465393066e-01,6.168667078018188477e-01,9.999997615814208984e-01,4.777821898460388184e-01,5.550175309181213379e-01,4.546392261981964111e-01,1.749731451272964478e-01,7.793910056352615356e-02,7.006272207945585251e-03,1.893633157014846802e-01,1.945082992315292358e-01,-3.145663812756538391e-02,1.235348172485828400e-02,1.553100794553756714e-01,6.804512739181518555e-01,4.967761039733886719e-01,3.054908812046051025e-01,4.405811801552772522e-02,2.146433889865875244e-01,4.046525359153747559e-01,9.448494017124176025e-02,-6.503482908010482788e-02
2.307537794113159180e-01,4.689719900488853455e-02,4.891417026519775391e-01,5.193948149681091309e-01,3.877110481262207031e-01,4.318614304065704346e-01,3.231198787689208984e-01,-1.128400936722755432e-01,-2.185919135808944702e-02,-1.343959569931030273e-01,2.163455188274383545e-01,1.972483992576599121e-01,-2.189206779003143311e-01,4.887929186224937439e-02,5.890604108572006226e-02,-1.674903184175491333e-01,1.031163707375526428e-01,3.310984373092651367e-02,1.917483657598495483e-01,2.986245751380920410e-01,4.387258291244506836e-01,3.368879258632659912e-01,-3.942609131336212158e-01,-3.619396686553955078e-02,-9.634108096361160278e-02,4.028134047985076904e-01,2.415425889194011688e-02,4.918969869613647461e-01,4.777821898460388184e-01,9.999997615814208984e-01,5.409566164016723633e-01,5.658774971961975098e-01,1.557689043693244457e-03,-1.715237833559513092e-02,1.376723796129226685e-01,1.033156961202621460e-01,1.524584442377090454e-01,-1.878777444362640381e-01,-1.163322925567626953e-01,-1.602502018213272095e-01,5.745720267295837402e-01,2.079204767942428589e-01,9.438113123178482056e-02,-1.232810690999031067e-01,-6.930247694253921509e-02,2.080928832292556763e-01,1.092283949255943298e-01,-2.966709733009338379e-01
2.679089903831481934e-01,-4.810203239321708679e-02,5.976023077964782715e-01,5.836501121520996094e-01,4.353609979152679443e-01,4.039010703563690186e-01,4.465204775333404541e-01,1.494722813367843628e-01,2.749730944633483887e-01,3.971188142895698547e-02,2.938643395900726318e-01,1.822078227996826172e-01,-2.287459559738636017e-02,1.461413502693176270e-02,2.297676056623458862e-01,-5.461677443236112595e-03,4.272769391536712646e-01,5.192925333976745605e-01,3.186298608779907227e-01,4.734981060028076172e-01,5.740346908569335938e-01,6.393681168556213379e-01,-7.981652393937110901e-03,3.755229711532592773e-01,-8.317008614540100098e-03,3.729867339134216309e-01,3.463640511035919189e-01,5.652259588241577148e-01,5.550175309181213379e-01,5.409566164016723633e-01,9.999998211860656738e-01,5.471847653388977051e-01,1.789132803678512573e-01,1.750676929950714111e-01,1.510710120201110840e-01,4.162065088748931885e-01,2.635938823223114014e-01,9.823564440011978149e-03,8.043090999126434326e-02,2.263825833797454834e-01,5.061579346656799316e-01,3.805753886699676514e-01,3.266645371913909912e-01,-1.931198388338088989e-01,1.156184747815132141e-01,4.217159152030944824e-01,4.379050433635711670e-01,-3.968168422579765320e-02
1.361962854862213135e-01,1.305476874113082886e-01,3.550272583961486816e-01,4.495331048965454102e-01,2.388511896133422852e-01,2.925566434860229492e-01,1.587260067462921143e-01,-2.955192513763904572e-02,-9.802274405956268311e-03,-1.560080796480178833e-01,5.931961163878440857e-02,-4.602782428264617920e-02,-1.749085187911987305e-01,-1.436859555542469025e-02,-3.538412228226661682e-02,-2.498418390750885010e-01,-3.765945881605148315e-02,4.264375939965248108e-02,1.327138394117355347e-01,2.542872130870819092e-01,4.137786328792572021e-01,4.361559748649597168e-01,-3.152140676975250244e-01,1.261413395404815674e-01,-1.556238532066345215e-01,1.955201476812362671e-01,1.410003453493118286e-01,3.678277134895324707e-01,4.546392261981964111e-01,5.658774971961975098e-01,5.471847653388977051e-01,1.000000596046447754e+00,2.864428563043475151e-03,-3.566634282469749451e-02,9.032791480422019958e-03,2.094374597072601318e-01,8.156364411115646362e-02,-2.271782010793685913e-01,-1.324298679828643799e-01,-6.672727316617965698e-02,4.044340848922729492e-01,1.778864264488220215e-01,1.505021750926971436e-01,1.088104546070098877e-01,1.564951092004776001e-01,1.401726603507995605e-01,2.614285051822662354e-01,-2.782220486551523209e-03
3.391686975955963135e-01,2.654263973236083984e-01,2.345338165760040283e-01,1.767606884241104126e-01,3.546299338340759277e-01,2.583371400833129883e-01,1.822855621576309204e-01,4.019106328487396240e-01,2.026711851358413696e-01,2.803730070590972900e-01,2.829293310642242432e-01,3.169023990631103516e-01,2.677975594997406006e-01,3.934007138013839722e-02,1.567986756563186646e-01,1.451912820339202881e-01,1.661702841520309448e-01,1.443796902894973755e-01,1.321376562118530273e-01,1.958519220352172852e-01,2.439587265253067017e-01,8.555981516838073730e-02,1.092525273561477661e-01,5.810334160923957825e-02,3.817963302135467529e-01,1.369254887104034424e-01,3.732305169105529785e-01,3.778376281261444092e-01,1.749731451272964478e-01,1.557689043693244457e-03,1.789132803678512573e-01,2.864428563043475151e-03,1.000000000000000000e+00,3.628039658069610596e-01,7.938967645168304443e-02,-4.143768921494483948e-03,2.405759841203689575e-01,1.269484311342239380e-01,5.907856673002243042e-02,8.305533975362777710e-02,2.817578017711639404e-01,2.789800465106964111e-01,1.347736865282058716e-01,9.662172198295593262e-02,1.156221702694892883e-01,2.259273082017898560e-01,9.920882433652877808e-02,-1.808978617191314697e-01
