1.000000119209289551e+00,2.829956114292144775e-01,2.502867877483367920e-01,1.194487214088439941e-01,5.000476837158203125e-01,3.074110150337219238e-01,-6.828580051660537720e-02,7.111145853996276855e-01,4.976169764995574951e-01,2.637213766574859619e-01,6.870406866073608398e-01,3.595534563064575195e-01,7.745635509490966797e-02,3.676630854606628418e-01,6.117061376571655273e-01,3.468570113182067871e-01,1.404899451881647110e-02,-1.028577238321304321e-02,2.481270432472229004e-01,7.825880497694015503e-02,-1.592975556850433350e-01,-8.820793777704238892e-02,1.932756155729293823e-01,-1.717844307422637939e-01,7.471175193786621094e-01,-9.723332524299621582e-02,4.509092569351196289e-01,6.863081455230712891e-01,5.147318840026855469e-01,-1.465714871883392334e-01,-2.571094930171966553e-01,-1.719406992197036743e-01,6.551904082298278809e-01,3.096227645874023438e-01,-8.976639807224273682e-02,-2.123615443706512451e-01,4.921899437904357910e-01,4.470356404781341553e-01,1.784384846687316895e-01,4.303044080734252930e-02,3.664832711219787598e-01,1.854763627052307129e-01,-2.973161637783050537e-02,4.662799537181854248e-01,1.223999485373497009e-01,9.852202236652374268e-02,-1.469437777996063232e-01,-1.267152726650238037e-01
2.829956114292144775e-01,1.000000119209289551e+00,9.184719622135162354e-02,1.535776406526565552e-01,1.976247727870941162e-01,4.192233681678771973e-01,1.075598448514938354e-01,3.241661787033081055e-01,4.285663366317749023e-01,5.302003622055053711e-01,2.851717174053192139e-01,5.378095507621765137e-01,2.903024852275848389e-01,1.889984309673309326e-01,3.709758222103118896e-01,3.502426147460937500e-01,3.152606950607150793e-04,-9.183108061552047729e-02,2.157382518053054810e-01,8.907954394817352295e-02,1.007495820522308350e-01,-4.739472642540931702e-02,1.701689958572387695e-01,-1.650051772594451904e-02,9.388650953769683838e-02,-1.088923886418342590e-01,2.639138996601104736e-01,2.714239656925201416e-01,3.156564831733703613e-01,-1.606466062366962433e-02,-1.202351301908493042e-01,8.100415579974651337e-03,3.361150920391082764e-01,5.408905148506164551e-01,4.028990268707275391e-01,1.854643523693084717e-01,1.403084993362426758e-01,5.199225544929504395e-01,4.312496483325958252e-01,2.407132834196090698e-01,5.291044116020202637e-01,5.435979962348937988e-01,2.420294284820556641e-01,6.918784379959106445e-01,5.388062596321105957e-01,3.167831301689147949e-01,-2.512455172836780548e-02,4.589715972542762756e-03
2.502867877483367920e-01,9.184719622135162354e-02,9.999999403953552246e-01,5.820313692092895508e-01,1.860623210668563843e-01,8.429044485092163086e-02,4.911174774169921875e-01,2.494477480649948120e-01,9.613572061061859131e-02,1.547894477844238281e-01,9.847076237201690674e-02,9.276943653821945190e-02,2.432036399841308594e-01,3.273597955703735352e-01,6.580941379070281982e-02,8.711778372526168823e-02,2.709659934043884277e-01,-3.069904260337352753e-02,4.331907033920288086e-01,2.864718139171600342e-01,2.450058013200759888e-01,2.420081794261932373e-01,1.042660176753997803e-01,1.267917454242706299e-01,3.417772054672241211e-01,3.860813379287719727e-01,5.568927153944969177e-02,2.618543803691864014e-01,8.064042031764984131e-02,-1.349299699068069458e-01,1.591194979846477509e-02,1.502415239810943604e-01,7.749664038419723511e-02,1.287959516048431396e-01,-2.068856507539749146e-01,4.799012839794158936e-02,1.749252676963806152e-01,6.570461392402648926e-02,1.439922600984573364e-01,1.323692947626113892e-01,6.292567402124404907e-02,1.912193745374679565e-01,2.929191887378692627e-01,9.404338151216506958e-02,2.487149238586425781e-01,3.605235517024993896e-01,3.352930652908980846e-04,7.481255382299423218e-02
1.194487214088439941e-01,1.535776406526565552e-01,5.820313692092895508e-01,1.000000596046447754e+00,3.626273572444915771e-01,2.968502640724182129e-01,6.756050586700439453e-01,6.470239162445068359e-02,8.822843432426452637e-02,2.922120392322540283e-01,-1.431795507669448853e-01,1.227442994713783264e-01,5.303513407707214355e-01,3.544940352439880371e-01,-1.394951641559600830e-01,1.727821826934814453e-01,3.649640679359436035e-01,-8.955773711204528809e-02,5.304303169250488281e-01,4.356737732887268066e-01,3.547638952732086182e-01,3.555447161197662354e-01,2.614167034626007080e-01,1.501724570989608765e-01,2.723551392555236816e-01,4.382528960704803467e-01,-2.322824597358703613e-01,3.096181340515613556e-02,2.908160910010337830e-02,1.372202038764953613e-01,7.911878079175949097e-02,9.897398948669433594e-02,-2.100810557603836060e-01,-1.238469108939170837e-01,-2.625827789306640625e-01,2.847163677215576172e-01,-1.225737556815147400e-01,-1.309357434511184692e-01,3.096172511577606201e-01,3.091934621334075928e-01,1.350217908620834351e-01,5.288284420967102051e-01,6.356534957885742188e-01,1.461191326379776001e-01,5.253794193267822266e-01,5.986213088035583496e-01,-1.810503192245960236e-02,9.896846115589141846e-02
5.000476837158203125e-01,1.976247727870941162e-01,1.860623210668563843e-01,3.626273572444915771e-01,1.000000119209289551e+00,4.488225877285003662e-01,6.097703427076339722e-02,2.869735658168792725e-01,4.207411110401153564e-01,2.477147132158279419e-01,3.301299214363098145e-01,2.524913847446441650e-01,3.401648402214050293e-01,2.993711531162261963e-01,2.638476490974426270e-01,2.658002376556396484e-01,-6.062424927949905396e-02,-2.562229335308074951e-01,2.307129949331283569e-01,1.301665753126144409e-01,-4.623118415474891663e-02,-1.446253061294555664e-02,2.560644149780273438e-01,2.535991743206977844e-02,4.952877759933471680e-01,1.825745962560176849e-02,1.243478581309318542e-01,4.054535031318664551e-01,3.686894476413726807e-01,-4.787861835211515427e-04,-2.533968985080718994e-01,-8.876745402812957764e-02,1.915035545825958252e-01,-3.598038107156753540e-03,-1.630817353725433350e-01,4.584721848368644714e-02,-2.965126372873783112e-02,1.386742591857910156e-01,2.089459598064422607e-01,1.656649112701416016e-01,4.472370445728302002e-01,2.520378530025482178e-01,2.862854599952697754e-01,4.164841473102569580e-01,1.600861400365829468e-01,2.390911132097244263e-01,-6.828960031270980835e-02,1.640942506492137909e-02
3.074110150337219238e-01,4.192233681678771973e-01,8.429044485092163086e-02,2.968502640724182129e-01,4.488225877285003662e-01,9.999995231628417969e-01,1.940074115991592407e-01,7.918798923492431641e-02,6.060442328453063965e-01,5.479872226715087891e-01,2.545211315155029297e-01,5.634399652481079102e-01,5.508659482002258301e-01,9.741795808076858521e-02,3.418129086494445801e-01,5.649490356445312500e-01,1.222330033779144287e-01,7.751723378896713257e-02,1.275140941143035889e-01,1.731998175382614136e-01,2.197594344615936279e-01,-1.117203850299119949e-02,1.726227551698684692e-01,7.866677641868591309e-02,1.654946804046630859e-01,9.501977264881134033e-02,2.081088721752166748e-01,1.806369572877883911e-01,3.597708642482757568e-01,1.392844468355178833e-01,2.876660786569118500e-02,6.732864677906036377e-02,2.197082489728927612e-01,1.467078328132629395e-01,-1.158398296684026718e-02,9.184706956148147583e-02,9.673688560724258423e-02,2.647456824779510498e-01,2.801705300807952881e-01,3.731243908405303955e-01,5.617889761924743652e-01,6.016976833343505859e-01,2.078929990530014038e-01,4.570426642894744873e-01,4.067918956279754639e-01,3.511682152748107910e-01,5.859348550438880920e-02,6.477448344230651855e-02
-6.828580051660537720e-02,1.075598448514938354e-01,4.911174774169921875e-01,6.756050586700439453e-01,6.097703427076339722e-02,1.940074115991592407e-01,9.999999403953552246e-01,-4.449750483036041260e-02,2.028406225144863129e-02,2.820104956626892090e-01,-2.396507859230041504e-01,1.055463626980781555e-01,4.991216361522674561e-01,1.819045245647430420e-01,-2.166752964258193970e-01,1.478882282972335815e-01,6.618838310241699219e-01,1.882902085781097412e-01,5.385069847106933594e-01,4.838876426219940186e-01,4.761552810668945312e-01,4.794481992721557617e-01,2.151587158441543579e-01,1.171837076544761658e-01,5.615912750363349915e-02,4.155491292476654053e-01,-1.704752743244171143e-01,-1.264627128839492798e-01,-5.382290482521057129e-02,2.041695863008499146e-01,3.249894380569458008e-01,1.635401844978332520e-01,-2.154143303632736206e-01,-6.274035573005676270e-02,-7.807256281375885010e-02,2.934019863605499268e-01,-5.635035410523414612e-02,-1.039217486977577209e-01,3.022411167621612549e-01,2.569090723991394043e-01,3.303036093711853027e-02,4.812183976173400879e-01,5.724937319755554199e-01,2.058989182114601135e-02,4.286496937274932861e-01,5.236518979072570801e-01,2.772319503128528595e-02,6.862948834896087646e-02
7.111145853996276855e-01,3.241661787033081055e-01,2.494477480649948120e-01,6.470239162445068359e-02,2.869735658168792725e-01,7.918798923492431641e-02,-4.449750483036041260e-02,1.000000119209289551e+00,3.027133941650390625e-01,9.403517097234725952e-02,6.145600676536560059e-01,2.349945306777954102e-01,-8.704156428575515747e-02,6.155611276626586914e-01,5.024936199188232422e-01,1.451465338468551636e-01,-1.153912488371133804e-02,-5.289547517895698547e-02,3.255547285079956055e-01,1.246572211384773254e-01,-1.508934050798416138e-01,-3.216668590903282166e-02,-5.154591519385576248e-03,-2.912122607231140137e-01,6.706962585449218750e-01,-4.714827612042427063e-02,3.171871304512023926e-01,4.739661812782287598e-01,3.240257501602172852e-01,-2.095225304365158081e-01,-2.702868282794952393e-01,-1.934887170791625977e-01,5.898042321205139160e-01,4.440561234951019287e-01,6.283987313508987427e-02,-2.202191948890686035e-01,6.404005885124206543e-01,3.878255784511566162e-01,1.641749739646911621e-01,-1.312890499830245972e-01,1.834736466407775879e-01,1.051684916019439697e-01,-7.243624329566955566e-02,4.306815862655639648e-01,1.170219182968139648e-01,3.575327992439270020e-02,-2.678245902061462402e-01,-2.970405817031860352e-01
4.976169764995574951e-01,4.285663366317749023e-01,9.613572061061859131e-02,8.822843432426452637e-02,4.207411110401153564e-01,6.060442328453063965e-01,2.028406225144863129e-02,3.027133941650390625e-01,1.000000357627868652e+00,5.829669833183288574e-01,5.936004519462585449e-01,7.584528923034667969e-01,3.600088059902191162e-01,1.686842292547225952e-01,6.890776753425598145e-01,5.985952019691467285e-01,-5.090736970305442810e-02,-6.944601237773895264e-02,1.078650914132595062e-02,-5.243220925331115723e-02,-4.661455377936363220e-02,-1.785166412591934204e-01,-2.970102429389953613e-02,-7.007044553756713867e-02,2.894404828548431396e-01,-9.803404659032821655e-02,3.413169384002685547e-01,3.379803299903869629e-01,4.197321534156799316e-01,-5.116760358214378357e-02,-2.338587492704391479e-01,-8.820872753858566284e-02,4.908269941806793213e-01,4.123130440711975098e-01,6.353491544723510742e-02,-1.211374849081039429e-01,2.844543457031250000e-01,5.690902471542358398e-01,3.650323748588562012e-01,2.390333712100982666e-01,5.424544811248779297e-01,3.959431350231170654e-01,3.085060603916645050e-02,5.516045093536376953e-01,2.370896339416503906e-01,2.500686645507812500e-01,-6.866406649351119995e-02,-7.656558603048324585e-02
2.637213766574859619e-01,5.302003622055053711e-01,1.547894477844238281e-01,2.922120392322540283e-01,2.477147132158279419e-01,5.479872226715087891e-01,2.820104956626892090e-01,9.403517097234725952e-02,5.829669833183288574e-01,9.999996423721313477e-01,2.395222932100296021e-01,7.770770788192749023e-01,5.511632561683654785e-01,1.499127298593521118e-01,3.937158286571502686e-01,5.711135864257812500e-01,1.570540070533752441e-01,-9.954254142940044403e-03,1.303034722805023193e-01,1.474117934703826904e-01,2.385937571525573730e-01,-1.014984864741563797e-02,2.231822758913040161e-01,2.657478488981723785e-02,3.556089848279953003e-02,-3.460711613297462463e-02,5.053616315126419067e-02,1.300855576992034912e-01,2.876555919647216797e-01,3.463045880198478699e-02,-4.749355465173721313e-02,2.388826571404933929e-02,1.497640013694763184e-01,2.491170614957809448e-01,5.203502625226974487e-02,1.867989450693130493e-01,3.701992332935333252e-02,4.017532467842102051e-01,5.064099431037902832e-01,4.477086365222930908e-01,4.339930415153503418e-01,6.759217381477355957e-01,3.845034241676330566e-01,4.781023859977722168e-01,5.744646191596984863e-01,6.750354766845703125e-01,-3.934394195675849915e-02,1.859400719404220581e-01
6.870406866073608398e-01,2.851717174053192139e-01,9.847076237201690674e-02,-1.431795507669448853e-01,3.301299214363098145e-01,2.545211315155029297e-01,-2.396507859230041504e-01,6.145600676536560059e-01,5.936004519462585449e-01,2.395222932100296021e-01,1.000000357627868652e+00,4.671803414821624756e-01,-6.341698765754699707e-02,2.812803983688354492e-01,7.840090394020080566e-01,2.603921592235565186e-01,-1.619234532117843628e-01,-1.745411381125450134e-02,5.311205051839351654e-03,-1.301830410957336426e-01,-1.934037208557128906e-01,-1.197275072336196899e-01,-9.893868118524551392e-02,-1.305927634239196777e-01,4.599865674972534180e-01,-2.461084574460983276e-01,4.481143355369567871e-01,4.983166456222534180e-01,3.456857204437255859e-01,-2.600620687007904053e-01,-2.282913625240325928e-01,-5.529325455427169800e-02,6.386415362358093262e-01,4.276261031627655029e-01,1.039580255746841431e-01,-3.230386376380920410e-01,4.575653970241546631e-01,5.548023581504821777e-01,8.051049895584583282e-03,-1.093772277235984802e-01,2.874417006969451904e-01,1.727886684238910675e-02,-2.757366597652435303e-01,3.925461471080780029e-01,-9.775771759450435638e-03,-9.491150081157684326e-02,-3.456587344408035278e-02,-3.212900087237358093e-02
3.595534563064575195e-01,5.378095507621765137e-01,9.276943653821945190e-02,1.227442994713783264e-01,2.524913847446441650e-01,5.634399652481079102e-01,1.055463626980781555e-01,2.349945306777954102e-01,7.584528923034667969e-01,7.770770788192749023e-01,4.671803414821624756e-01,1.000000357627868652e+00,4.200605452060699463e-01,2.035768926143646240e-01,6.343535780906677246e-01,5.844656825065612793e-01,-5.853002890944480896e-03,-6.923605501651763916e-02,-1.657937839627265930e-02,-6.860465556383132935e-02,6.787548214197158813e-02,-1.417102962732315063e-01,8.222682401537895203e-03,-1.138247326016426086e-01,1.061795204877853394e-01,-9.482578933238983154e-02,1.909864246845245361e-01,2.120972573757171631e-01,3.522470593452453613e-01,-9.644394367933273315e-02,-1.798514574766159058e-01,-3.872799873352050781e-02,3.631422817707061768e-01,4.614903032779693604e-01,1.539780646562576294e-01,-2.005285769701004028e-02,1.988184899091720581e-01,5.647757649421691895e-01,4.461879432201385498e-01,3.149361908435821533e-01,4.336702823638916016e-01,5.202550888061523438e-01,1.171405836939811707e-01,5.032311081886291504e-01,4.252927601337432861e-01,4.424108266830444336e-01,-1.111380234360694885e-01,4.828059673309326172e-02
7.745635509490966797e-02,2.903024852275848389e-01,2.432036399841308594e-01,5.303513407707214355e-01,3.401648402214050293e-01,5.508659482002258301e-01,4.991216361522674561e-01,-8.704156428575515747e-02,3.600088059902191162e-01,5.511632561683654785e-01,-6.341698765754699707e-02,4.200605452060699463e-01,9.999996423721313477e-01,1.783012896776199341e-01,2.666105574462562799e-04,5.493950843811035156e-01,3.316951394081115723e-01,4.544711671769618988e-03,2.871254086494445801e-01,3.212790489196777344e-01,3.827884793281555176e-01,1.426895856857299805e-01,3.900508880615234375e-01,1.533800512552261353e-01,6.552536785602569580e-02,2.046360969543457031e-01,-3.209185600280761719e-02,3.237578645348548889e-02,1.110558658838272095e-01,1.207801923155784607e-01,3.066875971853733063e-02,7.751014083623886108e-02,-1.118645891547203064e-01,-6.208295933902263641e-03,-1.652349978685379028e-01,3.299640119075775146e-01,-1.194153651595115662e-01,2.504426613450050354e-02,4.476893842220306396e-01,5.386111736297607422e-01,4.194118082523345947e-01,6.070470809936523438e-01,5.676558613777160645e-01,3.204151988029479980e-01,4.681637585163116455e-01,6.009894609451293945e-01,3.770589083433151245e-02,1.019724234938621521e-01
3.676630854606628418e-01,1.889984309673309326e-01,3.273597955703735352e-01,3.544940352439880371e-01,2.993711531162261963e-01,9.741795808076858521e-02,1.819045245647430420e-01,6.155611276626586914e-01,1.686842292547225952e-01,1.499127298593521118e-01,2.812803983688354492e-01,2.035768926143646240e-01,1.783012896776199341e-01,1.000000357627868652e+00,1.929193735122680664e-01,1.097212061285972595e-01,2.400501072406768799e-02,-2.644273638725280762e-01,3.320949077606201172e-01,1.694036275148391724e-01,-5.599296092987060547e-02,5.821369588375091553e-02,-2.075478062033653259e-02,-1.157665178179740906e-01,4.564335942268371582e-01,1.845381259918212891e-01,-1.207834929227828979e-01,1.384402364492416382e-01,9.928785264492034912e-02,-1.390143334865570068e-01,-2.648551762104034424e-01,-1.385472118854522705e-01,8.459680527448654175e-02,1.473985165357589722e-01,-2.076090574264526367e-01,1.770725287497043610e-02,2.934185862541198730e-01,3.861190006136894226e-02,2.756143510341644287e-01,8.154007047414779663e-02,1.457748115062713623e-01,2.607062757015228271e-01,1.951648592948913574e-01,2.982330918312072754e-01,2.423710376024246216e-01,3.268682956695556641e-01,-2.278611361980438232e-01,-2.299616932868957520e-01
6.117061376571655273e-01,3.709758222103118896e-01,6.580941379070281982e-02,-1.394951641559600830e-01,2.638476490974426270e-01,3.418129086494445801e-01,-2.166752964258193970e-01,5.024936199188232422e-01,6.890776753425598145e-01,3.937158286571502686e-01,7.840090394020080566e-01,6.343535780906677246e-01,2.666105574462562799e-04,1.929193735122680664e-01,9.999995827674865723e-01,4.120517969131469727e-01,-1.437870711088180542e-01,8.967922069132328033e-03,-5.819619074463844299e-02,-1.440727263689041138e-01,-1.229405477643013000e-01,-1.972334384918212891e-01,-8.377496153116226196e-02,-7.604422420263290405e-02,3.590039908885955811e-01,-2.138811200857162476e-01,4.949445128440856934e-01,4.446801543235778809e-01,3.886390924453735352e-01,-1.972801089286804199e-01,-2.055085301399230957e-01,-7.096684724092483521e-02,6.841647028923034668e-01,5.232219099998474121e-01,1.729144603013992310e-01,-2.411635369062423706e-01,4.948344826698303223e-01,6.838163137435913086e-01,1.904363483190536499e-01,6.690314412117004395e-02,3.275137543678283691e-01,1.324968039989471436e-01,-2.265893369913101196e-01,4.705106616020202637e-01,7.239331305027008057e-02,1.041094027459621429e-02,-6.065959576517343521e-03,-1.476185303181409836e-02
3.468570113182067871e-01,3.502426147460937500e-01,8.711778372526168823e-02,1.727821826934814453e-01,2.658002376556396484e-01,5.649490356445312500e-01,1.478882282972335815e-01,1.451465338468551636e-01,5.985952019691467285e-01,5.711135864257812500e-01,2.603921592235565186e-01,5.844656825065612793e-01,5.493950843811035156e-01,1.097212061285972595e-01,4.120517969131469727e-01,1.000000119209289551e+00,1.046408712863922119e-01,1.780498772859573364e-02,1.029801368713378906e-01,1.178541257977485657e-01,1.042806804180145264e-01,-1.755043864250183105e-01,2.442544549703598022e-01,3.911787271499633789e-02,1.794317066669464111e-01,6.488559395074844360e-02,3.126411736011505127e-01,1.597254574298858643e-01,3.067415356636047363e-01,3.331315889954566956e-02,-1.122812405228614807e-01,-4.978921636939048767e-02,3.898080885410308838e-01,3.081471323966979980e-01,-1.121679246425628662e-01,1.051388904452323914e-01,2.900340259075164795e-01,3.649510443210601807e-01,5.481639504432678223e-01,5.130727291107177734e-01,5.729500055313110352e-01,4.485598802566528320e-01,1.949410587549209595e-01,4.348955154418945312e-01,2.478873282670974731e-01,3.632648587226867676e-01,-7.872455567121505737e-02,-4.128949344158172607e-02
1.404899451881647110e-02,3.152606950607150793e-04,2.709659934043884277e-01,3.649640679359436035e-01,-6.062424927949905396e-02,1.222330033779144287e-01,6.618838310241699219e-01,-1.153912488371133804e-02,-5.090736970305442810e-02,1.570540070533752441e-01,-1.619234532117843628e-01,-5.853002890944480896e-03,3.316951394081115723e-01,2.400501072406768799e-02,-1.437870711088180542e-01,1.046408712863922119e-01,1.000000238418579102e+00,5.874404907226562500e-01,5.777754783630371094e-01,5.981481075286865234e-01,5.208725333213806152e-01,5.759206414222717285e-01,3.673101067543029785e-01,1.815716773271560669e-01,8.664277195930480957e-02,2.142257392406463623e-01,1.814557053148746490e-02,1.488180737942457199e-02,5.144872516393661499e-02,2.860243320465087891e-01,5.848816037178039551e-01,2.699192166328430176e-01,-7.318959385156631470e-02,-7.879737019538879395e-02,-3.540192916989326477e-02,2.366188615560531616e-01,1.034438759088516235e-01,-6.312680244445800781e-02,1.417678147554397583e-01,2.124228179454803467e-01,-3.207369521260261536e-02,2.713279128074645996e-01,3.499185442924499512e-01,-5.169491842389106750e-02,2.116424590349197388e-01,2.581314444541931152e-01,1.891280114650726318e-01,9.978233277797698975e-02
-1.028577238321304321e-02,-9.183108061552047729e-02,-3.069904260337352753e-02,-8.955773711204528809e-02,-2.562229335308074951e-01,7.751723378896713257e-02,1.882902085781097412e-01,-5.289547517895698547e-02,-6.944601237773895264e-02,-9.954254142940044403e-03,-1.745411381125450134e-02,-6.923605501651763916e-02,4.544711671769618988e-03,-2.644273638725280762e-01,8.967922069132328033e-03,1.780498772859573364e-02,5.874404907226562500e-01,9.999995827674865723e-01,2.127356976270675659e-01,4.162160456180572510e-01,4.989831447601318359e-01,4.904012382030487061e-01,1.376638561487197876e-01,1.937136650085449219e-01,-5.881495773792266846e-02,-8.408008515834808350e-02,1.575649529695510864e-01,-1.587131619453430176e-02,-4.076872766017913818e-02,2.120492011308670044e-01,7.268158793449401855e-01,3.952517211437225342e-01,6.741093099117279053e-02,-3.113920427858829498e-02,1.151367351412773132e-01,-4.309326875954866409e-03,2.500848472118377686e-01,2.651283890008926392e-02,-8.741266280412673950e-02,3.732995316386222839e-02,-1.139996275305747986e-01,5.381900351494550705e-03,-3.952565789222717285e-02,-1.400057077407836914e-01,-1.753901131451129913e-02,-1.021668761968612671e-01,3.576739132404327393e-01,2.610791325569152832e-01
2.481270432472229004e-01,2.157382518053054810e-01,4.331907033920288086e-01,5.304303169250488281e-01,2.307129949331283569e-01,1.275140941143035889e-01,5.385069847106933594e-01,3.255547285079956055e-01,1.078650914132595062e-02,1.303034722805023193e-01,5.311205051839351654e-03,-1.657937839627265930e-02,2.871254086494445801e-01,3.320949077606201172e-01,-5.819619074463844299e-02,1.029801368713378906e-01,5.777754783630371094e-01,2.127356976270675659e-01,1.000000119209289551e+00,7.015047669410705566e-01,4.042871892452239990e-01,4.306440651416778564e-01,4.052470624446868896e-01,1.448384523391723633e-01,3.428677618503570557e-01,2.903989553451538086e-01,1.435327250510454178e-02,1.870898157358169556e-01,1.217155307531356812e-01,8.528056740760803223e-02,2.257724404335021973e-01,1.485753953456878662e-01,1.735168159939348698e-03,7.711764890700578690e-03,-3.241993114352226257e-02,2.490424811840057373e-01,1.513195484876632690e-01,4.680999368429183960e-02,3.046688139438629150e-01,2.014807462692260742e-01,1.144261136651039124e-01,3.170844316482543945e-01,5.141037106513977051e-01,2.294501215219497681e-01,3.176492452621459961e-01,3.284885585308074951e-01,4.878347367048263550e-02,-5.285244435071945190e-02
7.825880497694015503e-02,8.907954394817352295e-02,2.864718139171600342e-01,4.356737732887268066e-01,1.301665753126144409e-01,1.731998175382614136e-01,4.838876426219940186e-01,1.246572211384773254e-01,-5.243220925331115723e-02,1.474117934703826904e-01,-1.301830410957336426e-01,-6.860465556383132935e-02,3.212790489196777344e-01,1.694036275148391724e-01,-1.440727263689041138e-01,1.178541257977485657e-01,5.981481075286865234e-01,4.162160456180572510e-01,7.015047669410705566e-01,9.999995827674865723e-01,6.375651359558105469e-01,4.797100424766540527e-01,3.622681200504302979e-01,1.939605176448822021e-01,1.411053985357284546e-01,2.353158742189407349e-01,-5.717972666025161743e-02,-2.154785953462123871e-02,-3.138680383563041687e-02,1.973642110824584961e-01,4.263808727264404297e-01,1.725773811340332031e-01,-9.870775789022445679e-02,-1.182091087102890015e-01,-1.685289740562438965e-01,2.092569321393966675e-01,1.203582882881164551e-01,-9.685181081295013428e-02,2.147091478109359741e-01,2.694031298160552979e-01,7.440526783466339111e-02,3.516882359981536865e-01,4.070172905921936035e-01,7.824311405420303345e-02,3.259712159633636475e-01,3.262900710105895996e-01,9.228969365358352661e-02,2.235917560756206512e-02
-1.592975556850433350e-01,1.007495820522308350e-01,2.450058013200759888e-01,3.547638952732086182e-01,-4.623118415474891663e-02,2.197594344615936279e-01,4.761552810668945312e-01,-1.508934050798416138e-01,-4.661455377936363220e-02,2.385937571525573730e-01,-1.934037208557128906e-01,6.787548214197158813e-02,3.827884793281555176e-01,-5.599296092987060547e-02,-1.229405477643013000e-01,1.042806804180145264e-01,5.208725333213806152e-01,4.989831447601318359e-01,4.042871892452239990e-01,6.375651359558105469e-01,1.000000476837158203e+00,5.700646042823791504e-01,3.161480724811553955e-01,3.693786263465881348e-01,-1.784152984619140625e-01,1.366405338048934937e-01,-7.001385092735290527e-02,-1.177869290113449097e-01,-1.020072624087333679e-01,1.885370314121246338e-01,6.170122027397155762e-01,4.576542675495147705e-01,-1.977746784687042236e-01,-7.024580240249633789e-02,3.599601984024047852e-02,3.398524820804595947e-01,-3.836299479007720947e-02,-5.580785498023033142e-02,1.349699944257736206e-01,3.829165399074554443e-01,2.574291825294494629e-02,3.503513038158416748e-01,3.416104316711425781e-01,-4.007220268249511719e-02,3.570748865604400635e-01,3.149082660675048828e-01,3.517818450927734375e-01,3.905863463878631592e-01
-8.820793777704238892e-02,-4.739472642540931702e-02,2.420081794261932373e-01,3.555447161197662354e-01,-1.446253061294555664e-02,-1.117203850299119949e-02,4.794481992721557617e-01,-3.216668590903282166e-02,-1.785166412591934204e-01,-1.014984864741563797e-02,-1.197275072336196899e-01,-1.417102962732315063e-01,1.426895856857299805e-01,5.821369588375091553e-02,-1.972334384918212891e-01,-1.755043864250183105e-01,5.759206414222717285e-01,4.904012382030487061e-01,4.306440651416778564e-01,4.797100424766540527e-01,5.700646042823791504e-01,1.000000357627868652e+00,1.714558303356170654e-01,3.470965921878814697e-01,1.526309549808502197e-02,1.420155465602874756e-01,-1.643472313880920410e-01,-1.436120867729187012e-01,-2.237133532762527466e-01,3.250990435481071472e-02,6.387035250663757324e-01,5.887577533721923828e-01,-2.510187923908233643e-01,-1.494355052709579468e-01,1.735296286642551422e-02,1.763020604848861694e-01,-5.910527333617210388e-02,-1.436887085437774658e-01,-9.804282337427139282e-02,5.124848335981369019e-02,-1.680372059345245361e-01,2.380573302507400513e-01,2.574000060558319092e-01,-1.085335537791252136e-01,2.906723916530609131e-01,2.216113507747650146e-01,3.839525282382965088e-01,4.625273942947387695e-01
1.932756155729293823e-01,1.701689958572387695e-01,1.042660176753997803e-01,2.614167034626007080e-01,2.560644149780273438e-01,1.726227551698684692e-01,2.151587158441543579e-01,-5.154591519385576248e-03,-2.970102429389953613e-02,2.231822758913040161e-01,-9.893868118524551392e-02,8.222682401537895203e-03,3.900508880615234375e-01,-2.075478062033653259e-02,-8.377496153116226196e-02,2.442544549703598022e-01,3.673101067543029785e-01,1.376638561487197876e-01,4.052470624446868896e-01,3.622681200504302979e-01,3.161480724811553955e-01,1.714558303356170654e-01,1.000000596046447754e+00,2.969205975532531738e-01,1.243132948875427246e-01,3.393705002963542938e-03,6.917041540145874023e-02,3.157278001308441162e-01,2.835507094860076904e-01,1.621413677930831909e-01,1.818993389606475830e-01,8.408442139625549316e-02,-2.954014018177986145e-02,-1.074298396706581116e-01,-7.592069357633590698e-02,5.400947928428649902e-01,-1.019028052687644958e-01,-2.969543822109699249e-02,2.895954251289367676e-01,5.306580066680908203e-01,1.982252448797225952e-01,2.568959295749664307e-01,3.880844712257385254e-01,1.582280397415161133e-01,1.970866173505783081e-01,2.279325127601623535e-01,1.371969580650329590e-01,1.852705925703048706e-01
-1.717844307422637939e-01,-1.650051772594451904e-02,1.267917454242706299e-01,1.501724570989608765e-01,2.535991743206977844e-02,7.866677641868591309e-02,1.171837076544761658e-01,-2.912122607231140137e-01,-7.007044553756713867e-02,2.657478488981723785e-02,-1.305927634239196777e-01,-1.138247326016426086e-01,1.533800512552261353e-01,-1.157665178179740906e-01,-7.604422420263290405e-02,3.911787271499633789e-02,1.815716773271560669e-01,1.937136650085449219e-01,1.448384523391723633e-01,1.939605176448822021e-01,3.693786263465881348e-01,3.470965921878814697e-01,2.969205975532531738e-01,1.000000119209289551e+00,-1.735051423311233521e-01,7.746601104736328125e-02,2.046407200396060944e-03,-4.104428738355636597e-02,-1.190411001443862915e-01,-2.110337093472480774e-02,4.737362563610076904e-01,6.364300847053527832e-01,-1.945152431726455688e-01,-2.265907526016235352e-01,-3.212213143706321716e-02,5.055975317955017090e-01,-1.585029065608978271e-01,2.759636752307415009e-02,4.334263876080513000e-02,4.317921102046966553e-01,4.303383082151412964e-02,9.406062960624694824e-02,2.012796103954315186e-01,-6.336621940135955811e-02,1.135687530040740967e-01,1.250945478677749634e-01,7.674756646156311035e-01,5.095842480659484863e-01
7.471175193786621094e-01,9.388650953769683838e-02,3.417772054672241211e-01,2.723551392555236816e-01,4.952877759933471680e-01,1.654946804046630859e-01,5.615912750363349915e-02,6.706962585449218750e-01,2.894404828548431396e-01,3.556089848279953003e-02,4.599865674972534180e-01,1.061795204877853394e-01,6.552536785602569580e-02,4.564335942268371582e-01,3.590039908885955811e-01,1.794317066669464111e-01,8.664277195930480957e-02,-5.881495773792266846e-02,3.428677618503570557e-01,1.411053985357284546e-01,-1.784152984619140625e-01,1.526309549808502197e-02,1.243132948875427246e-01,-1.735051423311233521e-01,1.000000596046447754e+00,1.274650841951370239e-01,3.410743772983551025e-01,5.483236908912658691e-01,3.919550180435180664e-01,-2.794498018920421600e-02,-1.915856599807739258e-01,-1.599636971950531006e-01,4.781335294246673584e-01,1.793532222509384155e-01,-1.593743860721588135e-01,-1.790321767330169678e-01,4.555962085723876953e-01,2.236101329326629639e-01,7.178495824337005615e-02,-8.299305289983749390e-02,2.024447470903396606e-01,9.262274950742721558e-02,5.771223083138465881e-02,3.157435059547424316e-01,4.918977618217468262e-02,5.453985929489135742e-02,-1.757717281579971313e-01,-2.160241752862930298e-01
-9.723332524299621582e-02,-1.088923886418342590e-01,3.860813379287719727e-01,4.382528960704803467e-01,1.825745962560176849e-02,9.501977264881134033e-02,4.155491292476654053e-01,-4.714827612042427063e-02,-9.803404659032821655e-02,-3.460711613297462463e-02,-2.461084574460983276e-01,-9.482578933238983154e-02,2.046360969543457031e-01,1.845381259918212891e-01,-2.138811200857162476e-01,6.488559395074844360e-02,2.142257392406463623e-01,-8.408008515834808350e-02,2.903989553451538086e-01,2.353158742189407349e-01,1.366405338048934937e-01,1.420155465602874756e-01,3.393705002963542938e-03,7.746601104736328125e-02,1.274650841951370239e-01,1.000000000000000000e+00,-1.620475202798843384e-01,-2.786580026149749756e-01,-1.041501387953758240e-01,7.701009511947631836e-02,2.015802450478076935e-02,-5.669680889695882797e-03,-1.805338561534881592e-01,-1.185284033417701721e-01,-2.605683803558349609e-01,1.420453637838363647e-01,1.064801774919033051e-02,-2.120659947395324707e-01,6.934452056884765625e-02,1.405311971902847290e-01,-4.975411668419837952e-02,1.749814599752426147e-01,2.683702409267425537e-01,-6.948436796665191650e-02,1.034252271056175232e-01,2.175731062889099121e-01,-1.398545131087303162e-02,-1.698448210954666138e-01
4.509092569351196289e-01,2.639138996601104736e-01,5.568927153944969177e-02,-2.322824597358703613e-01,1.243478581309318542e-01,2.081088721752166748e-01,-1.704752743244171143e-01,3.171871304512023926e-01,3.413169384002685547e-01,5.053616315126419067e-02,4.481143355369567871e-01,1.909864246845245361e-01,-3.209185600280761719e-02,-1.207834929227828979e-01,4.949445128440856934e-01,3.126411736011505127e-01,1.814557053148746490e-02,1.575649529695510864e-01,1.435327250510454178e-02,-5.717972666025161743e-02,-7.001385092735290527e-02,-1.643472313880920410e-01,6.917041540145874023e-02,2.046407200396060944e-03,3.410743772983551025e-01,-1.620475202798843384e-01,9.999994039535522461e-01,4.833918511867523193e-01,3.186897337436676025e-01,-9.190446138381958008e-02,-1.309967879205942154e-02,-2.282515726983547211e-02,7.285996079444885254e-01,4.787232279777526855e-01,3.468207120895385742e-01,-1.269942820072174072e-01,4.636864662170410156e-01,6.071817874908447266e-01,1.159062385559082031e-01,3.189904242753982544e-02,3.559276461601257324e-01,-6.145218014717102051e-02,-2.394733875989913940e-01,3.295974731445312500e-01,-1.112503707408905029e-01,-2.461990863084793091e-01,5.526394769549369812e-02,-1.529504954814910889e-01
6.863081455230712891e-01,2.714239656925201416e-01,2.618543803691864014e-01,3.096181340515613556e-02,4.054535031318664551e-01,1.806369572877883911e-01,-1.264627128839492798e-01,4.739661812782287598e-01,3.379803299903869629e-01,1.300855576992034912e-01,4.983166456222534180e-01,2.120972573757171631e-01,3.237578645348548889e-02,1.384402364492416382e-01,4.446801543235778809e-01,1.597254574298858643e-01,1.488180737942457199e-02,-1.587131619453430176e-02,1.870898157358169556e-01,-2.154785953462123871e-02,-1.177869290113449097e-01,-1.436120867729187012e-01,3.157278001308441162e-01,-4.104428738355636597e-02,5.483236908912658691e-01,-2.786580026149749756e-01,4.833918511867523193e-01,9.999995231628417969e-01,6.246288418769836426e-01,-3.009657934308052063e-02,-1.768106073141098022e-01,-9.249665588140487671e-02,5.168378353118896484e-01,2.966699600219726562e-01,7.355972379446029663e-02,-7.311539351940155029e-02,3.019188046455383301e-01,3.946493566036224365e-01,1.212285459041595459e-01,1.453686505556106567e-02,3.369992971420288086e-01,-2.514137886464595795e-02,-3.045271523296833038e-02,3.660328686237335205e-01,-4.229913931339979172e-03,-6.884118169546127319e-02,-3.018488921225070953e-02,-5.758398771286010742e-02
5.147318840026855469e-01,3.156564831733703613e-01,8.064042031764984131e-02,2.908160910010337830e-02,3.686894476413726807e-01,3.597708642482757568e-01,-5.382290482521057129e-02,3.240257501602172852e-01,4.197321534156799316e-01,2.876555919647216797e-01,3.456857204437255859e-01,3.522470593452453613e-01,1.110558658838272095e-01,9.928785264492034912e-02,3.886390924453735352e-01,3.067415356636047363e-01,5.144872516393661499e-02,-4.076872766017913818e-02,1.217155307531356812e-01,-3.138680383563041687e-02,-1.020072624087333679e-01,-2.237133532762527466e-01,2.835507094860076904e-01,-1.190411001443862915e-01,3.919550180435180664e-01,-1.041501387953758240e-01,3.186897337436676025e-01,6.246288418769836426e-01,9.999997019767761230e-01,3.562277555465698242e-01,-1.371003389358520508e-01,-1.462093889713287354e-01,4.152816832065582275e-01,2.583666741847991943e-01,5.638754740357398987e-02,1.268151123076677322e-02,2.094066441059112549e-01,3.048888146877288818e-01,2.069082856178283691e-01,6.954675167798995972e-02,4.147745370864868164e-01,1.361471265554428101e-01,1.092534363269805908e-01,4.054531455039978027e-01,5.243126302957534790e-03,1.559247029945254326e-03,-1.019038483500480652e-01,-1.490787714719772339e-01
-1.465714871883392334e-01,-1.606466062366962433e-02,-1.349299699068069458e-01,1.372202038764953613e-01,-4.787861835211515427e-04,1.392844468355178833e-01,2.041695863008499146e-01,-2.095225304365158081e-01,-5.116760358214378357e-02,3.463045880198478699e-02,-2.600620687007904053e-01,-9.644394367933273315e-02,1.207801923155784607e-01,-1.390143334865570068e-01,-1.972801089286804199e-01,3.331315889954566956e-02,2.860243320465087891e-01,2.120492011308670044e-01,8.528056740760803223e-02,1.973642110824584961e-01,1.885370314121246338e-01,3.250990435481071472e-02,1.621413677930831909e-01,-2.110337093472480774e-02,-2.794498018920421600e-02,7.701009511947631836e-02,-9.190446138381958008e-02,-3.009657934308052063e-02,3.562277555465698242e-01,1.000000715255737305e+00,3.220165073871612549e-01,-2.154032699763774872e-02,-1.723913699388504028e-01,-2.003497928380966187e-01,-3.866409882903099060e-02,2.072329223155975342e-01,-1.271657943725585938e-01,-2.264337241649627686e-01,9.650634601712226868e-03,3.772860020399093628e-02,9.181948751211166382e-02,1.311346441507339478e-01,2.357068955898284912e-01,-6.692859530448913574e-02,-5.072592198848724365e-02,-1.330218464136123657e-02,-1.509725698269903660e-03,-5.490247160196304321e-02
-2.571094930171966553e-01,-1.202351301908493042e-01,1.591194979846477509e-02,7.911878079175949097e-02,-2.533968985080718994e-01,2.876660786569118500e-02,3.249894380569458008e-01,-2.702868282794952393e-01,-2.338587492704391479e-01,-4.749355465173721313e-02,-2.282913625240325928e-01,-1.798514574766159058e-01,3.066875971853733063e-02,-2.648551762104034424e-01,-2.055085301399230957e-01,-1.122812405228614807e-01,5.848816037178039551e-01,7.268158793449401855e-01,2.257724404335021973e-01,4.263808727264404297e-01,6.170122027397155762e-01,6.387035250663757324e-01,1.818993389606475830e-01,4.737362563610076904e-01,-1.915856599807739258e-01,2.015802450478076935e-02,-1.309967879205942154e-02,-1.768106073141098022e-01,-1.371003389358520508e-01,3.220165073871612549e-01,9.999999403953552246e-01,6.371344923973083496e-01,-1.911471635103225708e-01,-1.907754987478256226e-01,1.305490583181381226e-01,3.065444529056549072e-01,-9.257027879357337952e-03,-1.145584434270858765e-01,-1.423876583576202393e-01,1.545716375112533569e-01,-1.751906573772430420e-01,9.015284478664398193e-02,9.914354979991912842e-02,-2.548795342445373535e-01,7.319449633359909058e-02,-4.797124303877353668e-03,5.404710173606872559e-01,4.640541970729827881e-01
-1.719406992197036743e-01,8.100415579974651337e-03,1.502415239810943604e-01,9.897398948669433594e-02,-8.876745402812957764e-02,6.732864677906036377e-02,1.635401844978332520e-01,-1.934887170791625977e-01,-8.820872753858566284e-02,2.388826571404933929e-02,-5.529325455427169800e-02,-3.872799873352050781e-02,7.751014083623886108e-02,-1.385472118854522705e-01,-7.096684724092483521e-02,-4.978921636939048767e-02,2.699192166328430176e-01,3.952517211437225342e-01,1.485753953456878662e-01,1.725773811340332031e-01,4.576542675495147705e-01,5.887577533721923828e-01,8.408442139625549316e-02,6.364300847053527832e-01,-1.599636971950531006e-01,-5.669680889695882797e-03,-2.282515726983547211e-02,-9.249665588140487671e-02,-1.462093889713287354e-01,-2.154032699763774872e-02,6.371344923973083496e-01,1.000000357627868652e+00,-1.806032657623291016e-01,-9.702771902084350586e-02,9.548544883728027344e-02,2.546600997447967529e-01,-4.940637573599815369e-02,-5.818248726427555084e-03,-1.318957954645156860e-01,1.611940711736679077e-01,-5.537673458456993103e-02,1.036247611045837402e-01,1.145075783133506775e-01,-1.070322468876838684e-01,1.160199195146560669e-01,8.301332592964172363e-02,6.745427846908569336e-01,6.739065051078796387e-01
