9.999997615814208984e-01,2.234108299016952515e-01,-5.320182442665100098e-02,-2.497760392725467682e-02,2.930533885955810547e-01,1.119038239121437073e-01,-2.559620141983032227e-01,3.595034778118133545e-01,1.733735650777816772e-01,5.277764052152633667e-02,3.093448579311370850e-01,1.828530728816986084e-01,-1.146457269787788391e-01,1.908166706562042236e-01,1.900054663419723511e-01,8.820274472236633301e-02,-3.010860085487365723e-01,-2.725313305854797363e-01,1.624188572168350220e-02,-1.016596704721450806e-01,-1.195769533514976501e-01,-9.651927649974822998e-02,-2.363311648368835449e-01,-3.004977107048034668e-01,2.231229543685913086e-01,-8.503188937902450562e-02,3.123150765895843506e-01,3.008796870708465576e-01,1.685268580913543701e-01,-1.732705384492874146e-01,-3.157880902290344238e-01,-2.568053901195526123e-01,5.982206463813781738e-01,2.018117159605026245e-02,5.435962975025177002e-02,-2.306700497865676880e-01,3.163935244083404541e-01,1.113545671105384827e-01,3.123493492603302002e-01,-3.434751629829406738e-01,2.823290526866912842e-01,1.135367080569267273e-01,-5.139728635549545288e-02,2.935174107551574707e-01,1.067371740937232971e-01,-4.029369913041591644e-03,-3.133813440799713135e-01,-9.579323232173919678e-03
2.234108299016952515e-01,9.999995231628417969e-01,1.456141322851181030e-01,2.904278337955474854e-01,2.756836414337158203e-01,4.466757476329803467e-01,2.412886023521423340e-01,1.174118090420961380e-02,5.331752300262451172e-01,4.343868792057037354e-01,3.212136626243591309e-01,4.748831987380981445e-01,1.832836717367172241e-01,2.780712768435478210e-02,3.295353055000305176e-01,8.053010329604148865e-03,8.687564730644226074e-02,4.922570660710334778e-02,5.829535424709320068e-02,1.336886137723922729e-01,4.561860486865043640e-02,-4.113475233316421509e-02,-1.388020999729633331e-02,1.269892752170562744e-01,-3.937336150556802750e-03,1.634078770875930786e-01,3.269070982933044434e-01,2.467857897281646729e-01,2.670736908912658691e-01,2.081463336944580078e-01,2.238711565732955933e-01,9.063278883695602417e-02,4.231194853782653809e-01,4.446528255939483643e-01,8.453320711851119995e-02,1.222195848822593689e-01,8.728230744600296021e-02,2.525019347667694092e-01,-5.462214723229408264e-02,4.900854453444480896e-02,6.538360118865966797e-01,6.181145906448364258e-01,2.328286170959472656e-01,5.733404159545898438e-01,3.271813392639160156e-01,3.171675205230712891e-01,1.099155321717262268e-01,-1.424896568059921265e-01
-5.320182442665100098e-02,1.456141322851181030e-01,9.999997615814208984e-01,3.681632280349731445e-01,-1.008377745747566223e-01,1.275220215320587158e-01,3.200190961360931396e-01,-8.409572392702102661e-02,1.269188672304153442e-01,6.014103442430496216e-02,4.190570861101150513e-02,1.398758590221405029e-02,9.676599502563476562e-02,-1.056463494896888733e-01,2.422860823571681976e-03,1.266267597675323486e-01,4.216741025447845459e-01,2.616097927093505859e-01,4.029164612293243408e-01,3.725123703479766846e-01,-3.859898447990417480e-02,1.108845323324203491e-01,-7.688271999359130859e-02,1.660036593675613403e-01,1.433067619800567627e-01,2.110041081905364990e-01,8.744876831769943237e-02,3.753066062927246094e-01,9.359737485647201538e-02,3.542745709419250488e-01,2.664905786514282227e-01,2.065972685813903809e-01,5.713633820414543152e-02,1.229937002062797546e-01,2.628341615200042725e-01,1.766139268875122070e-01,-4.595932736992835999e-02,2.225566357374191284e-01,-3.087526932358741760e-02,1.696003377437591553e-01,1.050344929099082947e-01,1.426813006401062012e-01,3.279638588428497314e-01,6.661466509103775024e-02,2.150330320000648499e-02,1.422930210828781128e-01,1.824160367250442505e-01,-1.392045170068740845e-01
-2.497760392725467682e-02,2.904278337955474854e-01,3.681632280349731445e-01,1.000000238418579102e+00,3.946235775947570801e-01,5.581094026565551758e-01,5.097187757492065430e-01,-5.065449699759483337e-02,2.303137481212615967e-01,2.029726505279541016e-01,1.054593622684478760e-01,3.871364519000053406e-02,1.946949362754821777e-01,-9.645021706819534302e-02,3.597873821854591370e-02,2.519607543945312500e-01,3.144553005695343018e-01,1.875317543745040894e-01,4.736599698662757874e-02,3.753963708877563477e-01,1.108205020427703857e-01,-2.995006367564201355e-02,-1.210157796740531921e-01,-4.608474671840667725e-02,3.069554865360260010e-01,2.298212796449661255e-01,2.354287058115005493e-01,4.226308166980743408e-01,4.339589178562164307e-01,2.809792459011077881e-01,1.487016081809997559e-01,-2.852137200534343719e-02,-9.459944441914558411e-03,1.827995628118515015e-01,1.520553678274154663e-01,-1.258066948503255844e-02,-1.127953231334686279e-01,1.295175403356552124e-01,-3.516954556107521057e-02,-9.307814761996269226e-03,3.381519019603729248e-01,2.990009784698486328e-01,5.583822727203369141e-01,2.163456231355667114e-01,2.059832513332366943e-01,3.356916010379791260e-01,-1.953795319423079491e-03,-3.846746981143951416e-01
2.930533885955810547e-01,2.756836414337158203e-01,-1.008377745747566223e-01,3.946235775947570801e-01,1.000000119209289551e+00,5.547648072242736816e-01,4.764767363667488098e-03,1.899794787168502808e-01,2.815594077110290527e-01,6.419810652732849121e-02,2.526992261409759521e-01,4.638597369194030762e-02,1.756439656019210815e-01,1.066151782870292664e-01,1.577871292829513550e-02,3.453236222267150879e-01,-3.222463279962539673e-02,-7.107103615999221802e-02,6.434606015682220459e-02,2.645260691642761230e-01,1.558454632759094238e-01,-7.714917510747909546e-02,-2.942615188658237457e-02,-1.932671964168548584e-01,2.397504746913909912e-01,-8.258904330432415009e-03,9.979656338691711426e-02,1.827196925878524780e-01,1.685141324996948242e-01,-1.520603150129318237e-01,-1.291460245847702026e-01,-1.737674772739410400e-01,1.203413456678390503e-01,1.169909536838531494e-01,-9.443496167659759521e-02,-2.322382479906082153e-01,5.381354317069053650e-02,-1.269312351942062378e-01,4.127966985106468201e-02,-1.517398506402969360e-01,3.821553587913513184e-01,1.937868148088455200e-01,2.866887152194976807e-01,3.792816102504730225e-01,5.205197632312774658e-02,1.686912477016448975e-01,-2.029622346162796021e-01,-2.575256228446960449e-01
1.119038239121437073e-01,4.466757476329803467e-01,1.275220215320587158e-01,5.581094026565551758e-01,5.547648072242736816e-01,9.999994039535522461e-01,3.941718041896820068e-01,-1.715844571590423584e-01,3.460827767848968506e-01,4.394101500511169434e-01,1.376352906227111816e-01,3.404721915721893311e-01,3.866962492465972900e-01,-1.406924724578857422e-01,2.513443827629089355e-01,3.096581101417541504e-01,1.263254135847091675e-01,4.709787666797637939e-02,7.879656553268432617e-02,2.650518417358398438e-01,2.006641328334808350e-01,-1.400180459022521973e-01,-2.265946120023727417e-01,1.627532392740249634e-02,1.507551819086074829e-01,1.512848883867263794e-01,3.046002388000488281e-01,2.191418260335922241e-01,1.993661075830459595e-01,1.195366308093070984e-01,1.545670479536056519e-01,3.401635959744453430e-02,1.859455853700637817e-01,1.310657113790512085e-01,2.302834764122962952e-03,-9.258722513914108276e-02,-1.649416834115982056e-01,1.751082986593246460e-01,3.050946258008480072e-02,-1.601634025573730469e-01,4.934367835521697998e-01,5.632541775703430176e-01,4.858343899250030518e-01,3.692664206027984619e-01,3.462120890617370605e-01,5.348967909812927246e-01,3.746824106201529503e-03,-3.040819764137268066e-01
-2.559620141983032227e-01,2.412886023521423340e-01,3.200190961360931396e-01,5.097187757492065430e-01,4.764767363667488098e-03,3.941718041896820068e-01,9.999996423721313477e-01,-2.230150848627090454e-01,1.353840976953506470e-01,4.119977355003356934e-01,-4.775294288992881775e-02,2.239734977483749390e-01,3.340010344982147217e-01,-1.364934891462326050e-01,2.162950932979583740e-01,1.108782961964607239e-01,5.339643955230712891e-01,3.906361460685729980e-01,1.102415472269058228e-01,3.208829164505004883e-01,2.956168651580810547e-01,1.764329522848129272e-02,7.373306155204772949e-02,2.367074638605117798e-01,1.007933053188025951e-03,4.435219466686248779e-01,1.988397091627120972e-01,9.346606582403182983e-02,1.909829676151275635e-01,3.422734141349792480e-01,4.306470751762390137e-01,1.848182529211044312e-01,-5.670024454593658447e-02,1.344818621873855591e-01,2.493706941604614258e-01,2.754110097885131836e-01,-1.169171407818794250e-01,3.189656734466552734e-01,-5.452714487910270691e-02,2.617593407630920410e-01,2.478481829166412354e-01,3.914017677307128906e-01,4.000321924686431885e-01,1.172283738851547241e-01,2.890857756137847900e-01,4.387897551059722900e-01,2.712255120277404785e-01,-3.152187466621398926e-01
3.595034778118133545e-01,1.174118090420961380e-02,-8.409572392702102661e-02,-5.065449699759483337e-02,1.899794787168502808e-01,-1.715844571590423584e-01,-2.230150848627090454e-01,9.999999403953552246e-01,1.395538598299026489e-01,-1.434695571660995483e-01,5.888693332672119141e-01,1.806333661079406738e-02,-1.358726471662521362e-01,7.118169665336608887e-01,1.819638460874557495e-01,3.087056875228881836e-01,-1.285447776317596436e-01,-1.319433152675628662e-01,2.347351424396038055e-02,5.502522736787796021e-02,-2.034891843795776367e-01,-1.394613683223724365e-01,-5.261454358696937561e-02,-3.064496219158172607e-01,2.708296775817871094e-01,1.383719407021999359e-02,1.579855233430862427e-01,1.249091327190399170e-02,1.159253567457199097e-01,-6.530106812715530396e-02,-3.100403845310211182e-01,-3.610723316669464111e-01,2.986254096031188965e-01,2.338861078023910522e-01,1.197400689125061035e-02,-2.327205836772918701e-01,6.130803823471069336e-01,5.530045554041862488e-02,2.335123717784881592e-01,-1.754008233547210693e-01,-5.599548667669296265e-02,-1.217500492930412292e-01,-3.753558546304702759e-02,1.908577531576156616e-01,-8.248966187238693237e-02,-1.327228248119354248e-01,-2.978019118309020996e-01,-1.619429290294647217e-01
1.733735650777816772e-01,5.331752300262451172e-01,1.269188672304153442e-01,2.303137481212615967e-01,2.815594077110290527e-01,3.460827767848968506e-01,1.353840976953506470e-01,1.395538598299026489e-01,9.999999403953552246e-01,3.651511967182159424e-01,4.503737092018127441e-01,5.159696936607360840e-01,1.647682785987854004e-01,6.448032706975936890e-02,4.351691603660583496e-01,8.114853501319885254e-02,-4.448987171053886414e-02,-2.994277141988277435e-02,6.699278205633163452e-02,1.209532693028450012e-01,1.146319359540939331e-01,-6.276397407054901123e-02,3.654894605278968811e-02,6.566695868968963623e-02,-1.009576395153999329e-01,6.781776994466781616e-02,3.136802911758422852e-01,7.110011577606201172e-02,1.988138407468795776e-01,1.346508860588073730e-01,8.295717090368270874e-02,3.109277412295341492e-02,3.558485805988311768e-01,3.576520085334777832e-01,6.180490367114543915e-03,2.288564294576644897e-02,2.832120656967163086e-01,3.598520457744598389e-01,1.820507645606994629e-01,6.475856155157089233e-02,4.843429923057556152e-01,4.604761600494384766e-01,9.235296398401260376e-02,6.835789680480957031e-01,2.533865272998809814e-01,2.695243358612060547e-01,7.049456983804702759e-02,-1.181271374225616455e-01
5.277764052152633667e-02,4.343868792057037354e-01,6.014103442430496216e-02,2.029726505279541016e-01,6.419810652732849121e-02,4.394101500511169434e-01,4.119977355003356934e-01,-1.434695571660995483e-01,3.651511967182159424e-01,9.999999403953552246e-01,1.695560961961746216e-01,6.864813566207885742e-01,4.134539365768432617e-01,-8.968150615692138672e-02,5.213238000869750977e-01,6.285324692726135254e-02,-4.729596897959709167e-03,-3.997095394879579544e-03,-8.227258920669555664e-02,8.593852631747722626e-03,1.588136404752731323e-01,-5.199249088764190674e-02,-9.448421001434326172e-02,1.160310581326484680e-01,-8.353247493505477905e-02,1.831126064062118530e-01,3.945728838443756104e-01,3.715256601572036743e-02,1.069900840520858765e-01,1.605787724256515503e-01,2.067201584577560425e-01,1.603266745805740356e-01,2.351622730493545532e-01,2.306327596306800842e-02,1.150014773011207581e-01,5.817501246929168701e-02,-2.356618642807006836e-02,4.771500825881958008e-01,2.169419638812541962e-02,-9.523706883192062378e-02,3.125203251838684082e-01,6.681460142135620117e-01,1.610323041677474976e-01,2.792902290821075439e-01,5.602216124534606934e-01,6.929783821105957031e-01,1.216459795832633972e-01,-3.783571301028132439e-03
3.093448579311370850e-01,3.212136626243591309e-01,4.190570861101150513e-02,1.054593622684478760e-01,2.526992261409759521e-01,1.376352906227111816e-01,-4.775294288992881775e-02,5.888693332672119141e-01,4.503737092018127441e-01,1.695560961961746216e-01,1.000000238418579102e+00,3.496459424495697021e-01,3.954199701547622681e-02,5.506789684295654297e-01,4.654412269592285156e-01,2.283255904912948608e-01,-1.003647446632385254e-01,-1.434333026409149170e-01,1.464101113379001617e-02,1.446691006422042847e-01,-1.496063768863677979e-01,-1.747434288263320923e-01,-5.613188073039054871e-02,-6.207432970404624939e-02,2.763391435146331787e-01,1.636610180139541626e-01,2.664469480514526367e-01,5.097448080778121948e-02,1.644186526536941528e-01,1.279381811618804932e-01,-1.320515871047973633e-01,-2.103442400693893433e-01,4.243942201137542725e-01,2.740663588047027588e-01,2.969333715736865997e-02,-4.560916498303413391e-02,3.501550257205963135e-01,2.175782173871994019e-01,7.834248244762420654e-02,-1.010386794805526733e-01,2.150484919548034668e-01,2.123631834983825684e-01,1.129982471466064453e-01,3.734267652034759521e-01,1.454518586397171021e-01,1.507129520177841187e-01,-5.326525494456291199e-02,-1.842492967844009399e-01
1.828530728816986084e-01,4.748831987380981445e-01,1.398758590221405029e-02,3.871364519000053406e-02,4.638597369194030762e-02,3.404721915721893311e-01,2.239734977483749390e-01,1.806333661079406738e-02,5.159696936607360840e-01,6.864813566207885742e-01,3.496459424495697021e-01,1.000000238418579102e+00,3.377340435981750488e-01,6.754691153764724731e-02,7.257587909698486328e-01,1.381409019231796265e-01,-1.478326916694641113e-01,-1.041026487946510315e-01,-9.821678698062896729e-02,-9.327860921621322632e-02,1.198657974600791931e-01,-1.013659983873367310e-01,8.155294694006443024e-03,1.225946098566055298e-01,-1.230379790067672729e-01,1.336811184883117676e-01,4.531496465206146240e-01,-2.073947526514530182e-02,1.459662169218063354e-01,8.683637529611587524e-02,7.332129776477813721e-02,5.856483429670333862e-02,4.103754162788391113e-01,1.432819962501525879e-01,7.147163152694702148e-02,6.804488599300384521e-02,1.507086306810379028e-01,5.632746815681457520e-01,1.393081098794937134e-01,-5.224752426147460938e-02,2.918232977390289307e-01,5.938104987144470215e-01,4.141975939273834229e-02,4.297382533550262451e-01,4.977629184722900391e-01,4.846075177192687988e-01,1.163247674703598022e-01,2.547574415802955627e-02
-1.146457269787788391e-01,1.832836717367172241e-01,9.676599502563476562e-02,1.946949362754821777e-01,1.756439656019210815e-01,3.866962492465972900e-01,3.340010344982147217e-01,-1.358726471662521362e-01,1.647682785987854004e-01,4.134539365768432617e-01,3.954199701547622681e-02,3.377340435981750488e-01,9.999999403953552246e-01,-1.896799057722091675e-01,2.078946828842163086e-01,4.074928462505340576e-01,1.849214583635330200e-01,1.424527466297149658e-01,1.468184441328048706e-01,3.303409218788146973e-01,3.691114783287048340e-01,-4.111348465085029602e-02,1.451473981142044067e-01,-1.244680862873792648e-02,-2.381182275712490082e-02,5.890269950032234192e-02,1.508575528860092163e-01,5.337792262434959412e-02,1.306269913911819458e-01,1.987205445766448975e-01,2.066782563924789429e-01,7.999876886606216431e-02,8.963798731565475464e-02,-5.094659700989723206e-02,7.425960898399353027e-02,1.732051670551300049e-01,-9.065140038728713989e-02,2.303496152162551880e-01,2.105564028024673462e-01,6.869753450155258179e-02,2.319740504026412964e-01,3.583731353282928467e-01,3.591549694538116455e-01,2.290088832378387451e-01,2.986911535263061523e-01,4.404109120368957520e-01,-1.484123151749372482e-02,-2.271776832640171051e-02
1.908166706562042236e-01,2.780712768435478210e-02,-1.056463494896888733e-01,-9.645021706819534302e-02,1.066151782870292664e-01,-1.406924724578857422e-01,-1.364934891462326050e-01,7.118169665336608887e-01,6.448032706975936890e-02,-8.968150615692138672e-02,5.506789684295654297e-01,6.754691153764724731e-02,-1.896799057722091675e-01,1.000000119209289551e+00,2.565768659114837646e-01,1.719933599233627319e-01,-9.929847717285156250e-02,-9.834319353103637695e-02,2.384042553603649139e-02,2.009651623666286469e-02,-1.198970153927803040e-01,-5.146187171339988708e-02,2.802678197622299194e-02,-1.604245007038116455e-01,1.423831284046173096e-01,9.733109921216964722e-02,1.143757812678813934e-02,-1.466550230979919434e-01,-3.906740993261337280e-02,-9.656564146280288696e-02,-1.979758441448211670e-01,-2.618405520915985107e-01,1.726814061403274536e-01,2.151394039392471313e-01,1.291042286902666092e-02,-1.638464629650115967e-01,4.944095313549041748e-01,1.296385936439037323e-02,8.336204290390014648e-02,-8.379310369491577148e-02,-8.857997506856918335e-02,-3.369786962866783142e-02,-3.903345018625259399e-02,1.617290228605270386e-01,-3.827166929841041565e-02,-8.674202114343643188e-02,-1.877430528402328491e-01,-1.363328546285629272e-01
1.900054663419723511e-01,3.295353055000305176e-01,2.422860823571681976e-03,3.597873821854591370e-02,1.577871292829513550e-02,2.513443827629089355e-01,2.162950932979583740e-01,1.819638460874557495e-01,4.351691603660583496e-01,5.213238000869750977e-01,4.654412269592285156e-01,7.257587909698486328e-01,2.078946828842163086e-01,2.565768659114837646e-01,9.999998807907104492e-01,1.423903107643127441e-01,-1.283375471830368042e-01,-7.295170426368713379e-02,-1.311738044023513794e-01,-6.217515468597412109e-02,1.505441963672637939e-01,-1.123285293579101562e-01,6.997224688529968262e-02,3.965431451797485352e-02,-1.013792492449283600e-02,1.366217881441116333e-01,4.250325858592987061e-01,-7.081424444913864136e-02,1.805923581123352051e-01,1.300822794437408447e-01,-1.775212585926055908e-02,-6.226853281259536743e-02,4.574271738529205322e-01,2.050320059061050415e-01,1.109901368618011475e-01,6.669148802757263184e-02,2.896100282669067383e-01,6.203746199607849121e-01,1.652134209871292114e-01,-2.480253169778734446e-04,1.547605246305465698e-01,4.375564754009246826e-01,7.638091687113046646e-03,3.642717301845550537e-01,4.374513924121856689e-01,3.933193087577819824e-01,2.892594784498214722e-02,-1.143965963274240494e-02
8.820274472236633301e-02,8.053010329604148865e-03,1.266267597675323486e-01,2.519607543945312500e-01,3.453236222267150879e-01,3.096581101417541504e-01,1.108782961964607239e-01,3.087056875228881836e-01,8.114853501319885254e-02,6.285324692726135254e-02,2.283255904912948608e-01,1.381409019231796265e-01,4.074928462505340576e-01,1.719933599233627319e-01,1.423903107643127441e-01,9.999997615814208984e-01,1.506033539772033691e-01,5.975837633013725281e-02,1.756691336631774902e-01,3.365564644336700439e-01,8.161047101020812988e-02,-8.297020941972732544e-02,-3.783118724822998047e-02,-1.703927814960479736e-01,3.362762629985809326e-01,1.137501075863838196e-01,2.835102081298828125e-01,1.294841468334197998e-01,1.100925952196121216e-01,6.545186787843704224e-02,-3.404389694333076477e-02,-1.406644135713577271e-01,1.332827806472778320e-01,-1.204255595803260803e-02,7.697263360023498535e-02,-1.039945930242538452e-01,9.421946108341217041e-02,1.062417328357696533e-01,4.068682193756103516e-01,-2.124189771711826324e-02,-3.553967177867889404e-02,2.415512129664421082e-02,4.308627545833587646e-01,1.612769812345504761e-01,1.271929685026407242e-02,1.960614621639251709e-01,-1.751327365636825562e-01,-1.897762417793273926e-01
-3.010860085487365723e-01,8.687564730644226074e-02,4.216741025447845459e-01,3.144553005695343018e-01,-3.222463279962539673e-02,1.263254135847091675e-01,5.339643955230712891e-01,-1.285447776317596436e-01,-4.448987171053886414e-02,-4.729596897959709167e-03,-1.003647446632385254e-01,-1.478326916694641113e-01,1.849214583635330200e-01,-9.929847717285156250e-02,-1.283375471830368042e-01,1.506033539772033691e-01,1.000000238418579102e+00,7.068184018135070801e-01,4.938874542713165283e-01,5.590606331825256348e-01,3.453637361526489258e-01,3.347828984260559082e-01,1.841104775667190552e-01,2.409209012985229492e-01,1.480083465576171875e-01,3.730201125144958496e-01,-3.713442012667655945e-02,9.373116493225097656e-02,7.960508577525615692e-03,3.306135833263397217e-01,5.065687894821166992e-01,2.646908164024353027e-01,-1.168804168701171875e-01,1.951170712709426880e-01,2.434849292039871216e-01,2.512473165988922119e-01,-1.424791365861892700e-01,4.924292489886283875e-02,-1.062163636088371277e-01,4.280526041984558105e-01,7.690745592117309570e-02,2.741978876292705536e-02,4.764975905418395996e-01,5.272998008877038956e-03,-1.369833946228027344e-01,1.171618029475212097e-01,2.457159608602523804e-01,-2.303632497787475586e-01
-2.725313305854797363e-01,4.922570660710334778e-02,2.616097927093505859e-01,1.875317543745040894e-01,-7.107103615999221802e-02,4.709787666797637939e-02,3.906361460685729980e-01,-1.319433152675628662e-01,-2.994277141988277435e-02,-3.997095394879579544e-03,-1.434333026409149170e-01,-1.041026487946510315e-01,1.424527466297149658e-01,-9.834319353103637695e-02,-7.295170426368713379e-02,5.975837633013725281e-02,7.068184018135070801e-01,9.999996423721313477e-01,2.561603188514709473e-01,4.646046757698059082e-01,4.554086327552795410e-01,4.013743996620178223e-01,2.394132763147354126e-01,2.773237824440002441e-01,3.021304868161678314e-02,3.910990357398986816e-01,-9.373600780963897705e-02,-3.536999970674514771e-02,1.990941911935806274e-02,2.549498677253723145e-01,5.456783771514892578e-01,1.740122139453887939e-01,-7.230912894010543823e-02,2.139414399862289429e-01,3.540140092372894287e-01,2.337876111268997192e-01,-1.219760477542877197e-01,3.267393261194229126e-02,-4.323049634695053101e-02,3.937003314495086670e-01,8.205199614167213440e-03,-2.022094652056694031e-02,3.859481811523437500e-01,-2.213628217577934265e-02,-1.563102006912231445e-01,7.011260837316513062e-02,2.400282025337219238e-01,-1.678581535816192627e-01
1.624188572168350220e-02,5.829535424709320068e-02,4.029164612293243408e-01,4.736599698662757874e-02,6.434606015682220459e-02,7.879656553268432617e-02,1.102415472269058228e-01,2.347351424396038055e-02,6.699278205633163452e-02,-8.227258920669555664e-02,1.464101113379001617e-02,-9.821678698062896729e-02,1.468184441328048706e-01,2.384042553603649139e-02,-1.311738044023513794e-01,1.756691336631774902e-01,4.938874542713165283e-01,2.561603188514709473e-01,9.999995231628417969e-01,5.490010976791381836e-01,2.377286404371261597e-01,2.973144054412841797e-01,-1.223715022206306458e-02,3.695047274231910706e-02,6.144119799137115479e-02,8.595998585224151611e-02,-5.891096591949462891e-02,2.783685922622680664e-02,-2.199158817529678345e-01,1.802596151828765869e-01,2.602706253528594971e-01,3.067139089107513428e-01,6.472676992416381836e-02,9.855500608682632446e-02,-2.831558138132095337e-02,2.455941401422023773e-02,7.366345822811126709e-02,2.707155980169773102e-02,1.222446635365486145e-01,2.049037367105484009e-01,1.757830828428268433e-01,2.736098691821098328e-02,2.438723593950271606e-01,1.873412579298019409e-01,-1.901126056909561157e-01,-6.017486751079559326e-02,3.989288210868835449e-02,-2.649017795920372009e-02
-1.016596704721450806e-01,1.336886137723922729e-01,3.725123703479766846e-01,3.753963708877563477e-01,2.645260691642761230e-01,2.650518417358398438e-01,3.208829164505004883e-01,5.502522736787796021e-02,1.209532693028450012e-01,8.593852631747722626e-03,1.446691006422042847e-01,-9.327860921621322632e-02,3.303409218788146973e-01,2.009651623666286469e-02,-6.217515468597412109e-02,3.365564644336700439e-01,5.590606331825256348e-01,4.646046757698059082e-01,5.490010976791381836e-01,9.999995231628417969e-01,4.267976880073547363e-01,2.639888525009155273e-01,8.060684800148010254e-02,-2.146681584417819977e-02,2.244122624397277832e-01,2.560998797416687012e-01,-2.942483499646186829e-02,7.784967124462127686e-02,3.505070880055427551e-02,3.071508109569549561e-01,2.507645785808563232e-01,5.577597767114639282e-02,3.786827996373176575e-02,1.963393539190292358e-01,1.508450508117675781e-01,5.483089759945869446e-02,-4.693019390106201172e-02,-3.163568675518035889e-02,8.627618849277496338e-02,2.394203990697860718e-01,2.087115645408630371e-01,3.430031239986419678e-02,5.091583728790283203e-01,1.488540768623352051e-01,-1.617181003093719482e-01,1.283491849899291992e-01,-4.272779822349548340e-02,-3.032155334949493408e-01
-1.195769533514976501e-01,4.561860486865043640e-02,-3.859898447990417480e-02,1.108205020427703857e-01,1.558454632759094238e-01,2.006641328334808350e-01,2.956168651580810547e-01,-2.034891843795776367e-01,1.146319359540939331e-01,1.588136404752731323e-01,-1.496063768863677979e-01,1.198657974600791931e-01,3.691114783287048340e-01,-1.198970153927803040e-01,1.505441963672637939e-01,8.161047101020812988e-02,3.453637361526489258e-01,4.554086327552795410e-01,2.377286404371261597e-01,4.267976880073547363e-01,9.999997019767761230e-01,4.072347581386566162e-01,3.665757775306701660e-01,-2.548119425773620605e-02,-1.754736155271530151e-01,1.057921722531318665e-01,-1.046876460313796997e-01,-2.195767760276794434e-01,-1.100944876670837402e-01,6.863260269165039062e-02,2.279544472694396973e-01,8.005250245332717896e-02,-1.761159510351717472e-03,1.003968790173530579e-01,1.342834830284118652e-01,5.775688588619232178e-02,-4.247357323765754700e-02,1.105680614709854126e-01,1.273143291473388672e-01,3.141571581363677979e-01,1.886712014675140381e-01,7.302420586347579956e-02,1.939647048711776733e-01,2.151137739419937134e-01,-6.748516857624053955e-02,9.854236990213394165e-02,-5.485782772302627563e-02,-9.142840653657913208e-02
-9.651927649974822998e-02,-4.113475233316421509e-02,1.108845323324203491e-01,-2.995006367564201355e-02,-7.714917510747909546e-02,-1.400180459022521973e-01,1.764329522848129272e-02,-1.394613683223724365e-01,-6.276397407054901123e-02,-5.199249088764190674e-02,-1.747434288263320923e-01,-1.013659983873367310e-01,-4.111348465085029602e-02,-5.146187171339988708e-02,-1.123285293579101562e-01,-8.297020941972732544e-02,3.347828984260559082e-01,4.013743996620178223e-01,2.973144054412841797e-01,2.639888525009155273e-01,4.072347581386566162e-01,9.999998807907104492e-01,2.930336892604827881e-01,9.844640269875526428e-03,-1.089006289839744568e-01,1.637553423643112183e-01,-1.557711809873580933e-01,-2.602052502334117889e-02,-1.970345675945281982e-01,7.085627410560846329e-03,2.733580470085144043e-01,3.792354762554168701e-01,-1.281175315380096436e-01,5.897701159119606018e-02,1.362352222204208374e-01,-1.150119211524724960e-02,-8.490903675556182861e-02,7.160556968301534653e-03,-4.447842389345169067e-02,3.197458684444427490e-01,-9.601480513811111450e-02,-8.147317171096801758e-02,9.348619729280471802e-02,-8.256198838353157043e-03,-2.187270522117614746e-01,-6.779233366250991821e-02,-2.305888757109642029e-02,2.325830459594726562e-01
-2.363311648368835449e-01,-1.388020999729633331e-02,-7.688271999359130859e-02,-1.210157796740531921e-01,-2.942615188658237457e-02,-2.265946120023727417e-01,7.373306155204772949e-02,-5.261454358696937561e-02,3.654894605278968811e-02,-9.448421001434326172e-02,-5.613188073039054871e-02,8.155294694006443024e-03,1.451473981142044067e-01,2.802678197622299194e-02,6.997224688529968262e-02,-3.783118724822998047e-02,1.841104775667190552e-01,2.394132763147354126e-01,-1.223715022206306458e-02,8.060684800148010254e-02,3.665757775306701660e-01,2.930336892604827881e-01,9.999999403953552246e-01,1.662302613258361816e-01,-2.672729492187500000e-01,-6.317032873630523682e-02,-2.021545022726058960e-01,-1.262414753437042236e-01,3.591251745820045471e-02,-1.978382642846554518e-04,1.608956456184387207e-01,1.580722071230411530e-02,-1.212038993835449219e-01,2.430011034011840820e-01,4.685637727379798889e-02,3.883663415908813477e-01,8.012083917856216431e-02,6.137021631002426147e-02,-2.211464941501617432e-02,6.654152274131774902e-01,-7.036855071783065796e-02,-6.291586160659790039e-02,-8.029821515083312988e-02,9.543688595294952393e-02,-7.419431954622268677e-02,-7.673457264900207520e-02,1.427014619112014771e-01,1.332647353410720825e-01
-3.004977107048034668e-01,1.269892752170562744e-01,1.660036593675613403e-01,-4.608474671840667725e-02,-1.932671964168548584e-01,1.627532392740249634e-02,2.367074638605117798e-01,-3.064496219158172607e-01,6.566695868968963623e-02,1.160310581326484680e-01,-6.207432970404624939e-02,1.225946098566055298e-01,-1.244680862873792648e-02,-1.604245007038116455e-01,3.965431451797485352e-02,-1.703927814960479736e-01,2.409209012985229492e-01,2.773237824440002441e-01,3.695047274231910706e-02,-2.146681584417819977e-02,-2.548119425773620605e-02,9.844640269875526428e-03,1.662302613258361816e-01,9.999996423721313477e-01,-2.502568960189819336e-01,2.214452922344207764e-01,-1.577349565923213959e-02,-6.686902046203613281e-02,-3.419249132275581360e-02,1.918660700321197510e-01,6.575976610183715820e-01,4.471935927867889404e-01,-6.236520409584045410e-02,1.650738865137100220e-01,1.193618699908256531e-01,6.188988685607910156e-01,-1.775717437267303467e-01,1.449123919010162354e-01,-2.343439012765884399e-01,3.698419332504272461e-01,2.239460870623588562e-02,2.107266336679458618e-01,9.888167679309844971e-02,-9.154040366411209106e-03,3.771445900201797485e-02,1.629156172275543213e-01,8.501086831092834473e-01,2.022092640399932861e-01
2.231229543685913086e-01,-3.937336150556802750e-03,1.433067619800567627e-01,3.069554865360260010e-01,2.397504746913909912e-01,1.507551819086074829e-01,1.007933053188025951e-03,2.708296775817871094e-01,-1.009576395153999329e-01,-8.353247493505477905e-02,2.763391435146331787e-01,-1.230379790067672729e-01,-2.381182275712490082e-02,1.423831284046173096e-01,-1.013792492449283600e-02,3.362762629985809326e-01,1.480083465576171875e-01,3.021304868161678314e-02,6.144119799137115479e-02,2.244122624397277832e-01,-1.754736155271530151e-01,-1.089006289839744568e-01,-2.672729492187500000e-01,-2.502568960189819336e-01,9.999997615814208984e-01,1.129105165600776672e-01,1.337900906801223755e-01,3.743762671947479248e-01,1.429634392261505127e-01,6.411167979240417480e-02,-2.062885463237762451e-01,-2.772591710090637207e-01,1.174393072724342346e-01,-1.010308489203453064e-01,1.495448350906372070e-01,-2.202280908823013306e-01,-1.759864836931228638e-01,-4.200253263115882874e-02,-1.117872893810272217e-01,-2.249968498945236206e-01,-5.981485918164253235e-02,-1.421971619129180908e-01,3.386170566082000732e-01,-1.248450651764869690e-01,-1.256379112601280212e-02,8.464959263801574707e-02,-2.432652562856674194e-01,-2.837734520435333252e-01
-8.503188937902450562e-02,1.634078770875930786e-01,2.110041081905364990e-01,2.298212796449661255e-01,-8.258904330432415009e-03,1.512848883867263794e-01,4.435219466686248779e-01,1.383719407021999359e-02,6.781776994466781616e-02,1.831126064062118530e-01,1.636610180139541626e-01,1.336811184883117676e-01,5.890269950032234192e-02,9.733109921216964722e-02,1.366217881441116333e-01,1.137501075863838196e-01,3.730201125144958496e-01,3.910990357398986816e-01,8.595998585224151611e-02,2.560998797416687012e-01,1.057921722531318665e-01,1.637553423643112183e-01,-6.317032873630523682e-02,2.214452922344207764e-01,1.129105165600776672e-01,9.999993443489074707e-01,1.341523528099060059e-01,-1.137679722160100937e-02,2.859310247004032135e-02,1.306730657815933228e-01,3.213980495929718018e-01,1.136227548122406006e-01,1.132762730121612549e-01,1.388016045093536377e-01,2.953373193740844727e-01,1.182539984583854675e-01,-8.436539024114608765e-02,1.142244115471839905e-01,-7.071433961391448975e-02,1.198193505406379700e-01,8.088334649801254272e-02,1.452408283948898315e-01,2.541691362857818604e-01,-6.176358088850975037e-03,2.917208336293697357e-02,1.375970691442489624e-01,1.935287415981292725e-01,-2.349554151296615601e-01
3.123150765895843506e-01,3.269070982933044434e-01,8.744876831769943237e-02,2.354287058115005493e-01,9.979656338691711426e-02,3.046002388000488281e-01,1.988397091627120972e-01,1.579855233430862427e-01,3.136802911758422852e-01,3.945728838443756104e-01,2.664469480514526367e-01,4.531496465206146240e-01,1.508575528860092163e-01,1.143757812678813934e-02,4.250325858592987061e-01,2.835102081298828125e-01,-3.713442012667655945e-02,-9.373600780963897705e-02,-5.891096591949462891e-02,-2.942483499646186829e-02,-1.046876460313796997e-01,-1.557711809873580933e-01,-2.021545022726058960e-01,-1.577349565923213959e-02,1.337900906801223755e-01,1.341523528099060059e-01,1.000000238418579102e+00,3.299506604671478271e-01,4.622450768947601318e-01,2.746661007404327393e-01,3.446235507726669312e-02,1.769056543707847595e-02,4.946877062320709229e-01,-4.452019464224576950e-03,2.269437462091445923e-01,-2.186110801994800568e-02,1.734362244606018066e-01,4.909547865390777588e-01,2.642243802547454834e-01,-2.030936777591705322e-01,2.227020412683486938e-01,4.254634380340576172e-01,1.926395744085311890e-01,2.801803350448608398e-01,4.494263827800750732e-01,4.140672385692596436e-01,2.623978443443775177e-02,-1.538286656141281128e-01
3.008796870708465576e-01,2.467857897281646729e-01,3.753066062927246094e-01,4.226308166980743408e-01,1.827196925878524780e-01,2.191418260335922241e-01,9.346606582403182983e-02,1.249091327190399170e-02,7.110011577606201172e-02,3.715256601572036743e-02,5.097448080778121948e-02,-2.073947526514530182e-02,5.337792262434959412e-02,-1.466550230979919434e-01,-7.081424444913864136e-02,1.294841468334197998e-01,9.373116493225097656e-02,-3.536999970674514771e-02,2.783685922622680664e-02,7.784967124462127686e-02,-2.195767760276794434e-01,-2.602052502334117889e-02,-1.262414753437042236e-01,-6.686902046203613281e-02,3.743762671947479248e-01,-1.137679722160100937e-02,3.299506604671478271e-01,9.999991655349731445e-01,5.277013182640075684e-01,9.516093134880065918e-02,5.662844702601432800e-02,2.802346274256706238e-02,9.088766574859619141e-02,-8.046988397836685181e-03,1.565900295972824097e-01,5.627473443746566772e-02,-1.189212203025817871e-01,9.349256753921508789e-02,-2.772795595228672028e-02,-9.062632173299789429e-02,2.154403626918792725e-01,1.990136355161666870e-01,3.187752366065979004e-01,8.994445949792861938e-02,1.849189698696136475e-01,1.909238100051879883e-01,-5.065693706274032593e-02,-6.888949126005172729e-02
1.685268580913543701e-01,2.670736908912658691e-01,9.359737485647201538e-02,4.339589178562164307e-01,1.685141324996948242e-01,1.993661075830459595e-01,1.909829676151275635e-01,1.159253567457199097e-01,1.988138407468795776e-01,1.069900840520858765e-01,1.644186526536941528e-01,1.459662169218063354e-01,1.306269913911819458e-01,-3.906740993261337280e-02,1.805923581123352051e-01,1.100925952196121216e-01,7.960508577525615692e-03,1.990941911935806274e-02,-2.199158817529678345e-01,3.505070880055427551e-02,-1.100944876670837402e-01,-1.970345675945281982e-01,3.591251745820045471e-02,-3.419249132275581360e-02,1.429634392261505127e-01,2.859310247004032135e-02,4.622450768947601318e-01,5.277013182640075684e-01,9.999999403953552246e-01,3.462343513965606689e-01,5.680407211184501648e-02,-1.083475425839424133e-01,1.944643110036849976e-01,1.880958229303359985e-01,9.724543988704681396e-02,1.099622994661331177e-01,1.210374534130096436e-01,2.181628942489624023e-01,6.885199248790740967e-02,-5.456069856882095337e-02,2.188298106193542480e-01,2.426014244556427002e-01,2.198740839958190918e-01,2.158253192901611328e-01,3.887486159801483154e-01,2.151290327310562134e-01,-1.095608435571193695e-02,-1.534567922353744507e-01
-1.732705384492874146e-01,2.081463336944580078e-01,3.542745709419250488e-01,2.809792459011077881e-01,-1.520603150129318237e-01,1.195366308093070984e-01,3.422734141349792480e-01,-6.530106812715530396e-02,1.346508860588073730e-01,1.605787724256515503e-01,1.279381811618804932e-01,8.683637529611587524e-02,1.987205445766448975e-01,-9.656564146280288696e-02,1.300822794437408447e-01,6.545186787843704224e-02,3.306135833263397217e-01,2.549498677253723145e-01,1.802596151828765869e-01,3.071508109569549561e-01,6.863260269165039062e-02,7.085627410560846329e-03,-1.978382642846554518e-04,1.918660700321197510e-01,6.411167979240417480e-02,1.306730657815933228e-01,2.746661007404327393e-01,9.516093134880065918e-02,3.462343513965606689e-01,9.999997615814208984e-01,3.777961730957031250e-01,1.640211641788482666e-01,1.568429768085479736e-01,1.532544642686843872e-01,2.412240058183670044e-01,2.917914986610412598e-01,-5.226841941475868225e-02,2.753469049930572510e-01,4.585020616650581360e-02,1.573676615953445435e-01,1.705639958381652832e-01,2.328704446554183960e-01,2.752483487129211426e-01,7.928481698036193848e-02,2.004370391368865967e-01,2.054940015077590942e-01,2.217382490634918213e-01,-1.594007015228271484e-01
-3.157880902290344238e-01,2.238711565732955933e-01,2.664905786514282227e-01,1.487016081809997559e-01,-1.291460245847702026e-01,1.545670479536056519e-01,4.306470751762390137e-01,-3.100403845310211182e-01,8.295717090368270874e-02,2.067201584577560425e-01,-1.320515871047973633e-01,7.332129776477813721e-02,2.066782563924789429e-01,-1.979758441448211670e-01,-1.775212585926055908e-02,-3.404389694333076477e-02,5.065687894821166992e-01,5.456783771514892578e-01,2.602706253528594971e-01,2.507645785808563232e-01,2.279544472694396973e-01,2.733580470085144043e-01,1.608956456184387207e-01,6.575976610183715820e-01,-2.062885463237762451e-01,3.213980495929718018e-01,3.446235507726669312e-02,5.662844702601432800e-02,5.680407211184501648e-02,3.777961730957031250e-01,1.000000119209289551e+00,5.568813085556030273e-01,-9.980570524930953979e-02,1.979834139347076416e-01,2.138538956642150879e-01,5.253547430038452148e-01,-1.795504093170166016e-01,1.832735240459442139e-01,-9.993139654397964478e-02,3.895504474639892578e-01,1.557600796222686768e-01,3.019337058067321777e-01,3.170926272869110107e-01,8.155202865600585938e-02,7.809960842132568359e-02,2.484386563301086426e-01,6.424430012702941895e-01,1.556887030601501465e-01
-2.568053901195526123e-01,9.063278883695602417e-02,2.065972685813903809e-01,-2.852137200534343719e-02,-1.737674772739410400e-01,3.401635959744453430e-02,1.848182529211044312e-01,-3.610723316669464111e-01,3.109277412295341492e-02,1.603266745805740356e-01,-2.103442400693893433e-01,5.856483429670333862e-02,7.999876886606216431e-02,-2.618405520915985107e-01,-6.226853281259536743e-02,-1.406644135713577271e-01,2.646908164024353027e-01,1.740122139453887939e-01,3.067139089107513428e-01,5.577597767114639282e-02,8.005250245332717896e-02,3.792354762554168701e-01,1.580722071230411530e-02,4.471935927867889404e-01,-2.772591710090637207e-01,1.136227548122406006e-01,1.769056543707847595e-02,2.802346274256706238e-02,-1.083475425839424133e-01,1.640211641788482666e-01,5.568813085556030273e-01,9.999999403953552246e-01,-1.754879802465438843e-01,-5.966608226299285889e-02,-1.179483439773321152e-02,2.129918187856674194e-01,-1.904495805501937866e-01,9.829623252153396606e-02,-1.366304010152816772e-01,2.045057862997055054e-01,2.181361801922321320e-02,1.847249120473861694e-01,8.320404589176177979e-02,2.437391504645347595e-02,4.390844330191612244e-02,1.531967967748641968e-01,4.905645847320556641e-01,4.331621825695037842e-01
