1.000000238418579102e+00,3.148540854454040527e-02,2.620666325092315674e-01,4.320186674594879150e-01,6.311890482902526855e-01,3.861108124256134033e-01,-3.326197713613510132e-02,-1.406684070825576782e-01,-1.071630120277404785e-01,-1.308705061674118042e-01,-2.814506888389587402e-01,-1.304598748683929443e-01,1.741825640201568604e-01,-3.141114711761474609e-01,-1.310470551252365112e-01,1.534778177738189697e-01,-6.447226554155349731e-02,-6.519330292940139771e-02,-6.950280070304870605e-02,3.778063133358955383e-02,8.394879102706909180e-02,1.656727343797683716e-01,1.368485577404499054e-02,-8.141896687448024750e-04,5.999863147735595703e-01,-2.508003078401088715e-02,1.900878399610519409e-01,7.816126942634582520e-01,5.932956337928771973e-01,-9.889720007777214050e-03,-9.573561698198318481e-02,3.507149592041969299e-02,5.207646489143371582e-01,-2.333784252405166626e-01,-6.414262950420379639e-02,-6.597144156694412231e-02,-2.680685818195343018e-01,-2.081603705883026123e-01,-2.686442248523235321e-02,1.785725168883800507e-02,5.558060407638549805e-01,-6.771957874298095703e-02,-3.841476142406463623e-02,-1.714396029710769653e-01,-5.868728831410408020e-02,-8.194027096033096313e-02,-9.752792119979858398e-02,5.960733443498611450e-02
3.148540854454040527e-02,1.000000000000000000e+00,1.810314953327178955e-01,1.320503652095794678e-01,1.882832795381546021e-01,4.771730899810791016e-01,5.138278007507324219e-01,3.791524171829223633e-01,5.734833478927612305e-01,4.702221453189849854e-01,2.597962617874145508e-01,2.798732817173004150e-01,2.213712930679321289e-01,1.834551542997360229e-01,3.455489873886108398e-01,3.224624991416931152e-01,4.357339739799499512e-01,1.518031060695648193e-01,4.911884069442749023e-01,3.050873577594757080e-01,2.799046412110328674e-02,-6.209741812199354172e-03,1.285957992076873779e-01,1.319071948528289795e-01,2.008231580257415771e-01,5.640979409217834473e-01,9.744332730770111084e-02,1.480083763599395752e-01,3.390218615531921387e-01,3.772318065166473389e-01,1.919239759445190430e-01,1.721175649436190724e-04,2.297530025243759155e-01,5.310499072074890137e-01,4.207968711853027344e-01,2.511179447174072266e-01,2.904408276081085205e-01,4.771019220352172852e-01,3.516519963741302490e-01,2.654252015054225922e-02,2.637884616851806641e-01,7.324163913726806641e-01,5.709338188171386719e-01,6.156706809997558594e-01,6.491370797157287598e-01,5.764287114143371582e-01,1.218017339706420898e-01,-1.941057294607162476e-01
2.620666325092315674e-01,1.810314953327178955e-01,1.000000000000000000e+00,7.960427403450012207e-01,3.477772474288940430e-01,5.277451276779174805e-01,5.646051168441772461e-01,-2.417430579662322998e-01,8.758835494518280029e-02,3.822433352470397949e-01,-3.598776087164878845e-02,1.926731169223785400e-01,3.511648476123809814e-01,-1.886630058288574219e-01,-1.594835668802261353e-01,5.437757447361946106e-02,3.718215525150299072e-01,1.405947506427764893e-01,2.963668704032897949e-01,4.861678183078765869e-01,3.768076002597808838e-01,2.448386102914810181e-01,-5.021288990974426270e-02,-1.436101645231246948e-01,3.982773050665855408e-02,5.687267184257507324e-01,-4.233999848365783691e-01,1.635885536670684814e-01,1.074713692069053650e-01,2.697220072150230408e-03,-1.177221164107322693e-01,-2.983781397342681885e-01,-2.008254081010818481e-01,2.186810970306396484e-02,1.391094475984573364e-01,3.835230320692062378e-02,-2.871414721012115479e-01,3.134109079837799072e-02,2.688729465007781982e-01,-1.142870052717626095e-03,1.206582337617874146e-01,3.026643395423889160e-01,2.971397936344146729e-01,1.715578697621822357e-02,2.224506139755249023e-01,2.968145906925201416e-01,-1.437004506587982178e-01,-1.025456637144088745e-01
4.320186674594879150e-01,1.320503652095794678e-01,7.960427403450012207e-01,1.000000119209289551e+00,5.274096727371215820e-01,5.624140501022338867e-01,4.429973661899566650e-01,-3.254859149456024170e-01,-3.127931803464889526e-02,2.401800751686096191e-01,-1.454870104789733887e-01,1.295545250177383423e-01,3.961361646652221680e-01,-2.832089066505432129e-01,-2.711983025074005127e-01,1.196044236421585083e-01,3.015771806240081787e-01,1.824746578931808472e-01,3.229575455188751221e-01,4.761939644813537598e-01,3.466801345348358154e-01,2.815113663673400879e-01,-2.329415827989578247e-02,-1.030026301741600037e-01,9.672651439905166626e-02,3.816201686859130859e-01,-3.714851438999176025e-01,3.333302438259124756e-01,2.574941515922546387e-01,3.310440108180046082e-02,-9.224484115839004517e-02,-2.048417031764984131e-01,-5.185689777135848999e-02,-2.802623249590396881e-02,7.187346369028091431e-02,1.414338778704404831e-02,-3.684742152690887451e-01,-1.093891039490699768e-01,2.304313629865646362e-01,-1.360425818711519241e-02,3.252040743827819824e-01,2.116267532110214233e-01,2.389427274465560913e-01,-4.585187137126922607e-02,1.444020122289657593e-01,2.160359919071197510e-01,-9.618548303842544556e-02,-6.429391354322433472e-02
6.311890482902526855e-01,1.882832795381546021e-01,3.477772474288940430e-01,5.274096727371215820e-01,9.999996423721313477e-01,6.527893543243408203e-01,2.905971109867095947e-01,1.093440130352973938e-02,8.366882801055908203e-02,1.726341247558593750e-01,-6.324466317892074585e-02,1.281398534774780273e-01,3.578339517116546631e-01,-1.396385878324508667e-01,-9.140370786190032959e-02,3.125150799751281738e-01,2.275955229997634888e-01,1.354492157697677612e-01,1.912474036216735840e-01,2.064796537160873413e-01,2.034212648868560791e-01,2.432048767805099487e-01,1.472866833209991455e-01,5.544889718294143677e-03,4.357682466506958008e-01,2.235612422227859497e-01,7.101704925298690796e-02,5.186572670936584473e-01,3.953520655632019043e-01,5.268892645835876465e-02,1.527434587478637695e-02,1.312612835317850113e-02,4.950855672359466553e-01,-5.648187920451164246e-02,6.498890370130538940e-02,-9.311091154813766479e-03,-1.712011545896530151e-01,-4.800156131386756897e-02,1.654710918664932251e-01,4.118100553750991821e-02,5.965739488601684570e-01,2.061503380537033081e-01,2.296039611101150513e-01,4.800590127706527710e-02,1.496231406927108765e-01,2.027048766613006592e-01,-6.963481754064559937e-02,-1.630891114473342896e-02
3.861108124256134033e-01,4.771730899810791016e-01,5.277451276779174805e-01,5.624140501022338867e-01,6.527893543243408203e-01,9.999997019767761230e-01,5.545045137405395508e-01,1.487725228071212769e-01,3.107042312622070312e-01,4.043150544166564941e-01,1.395784318447113037e-01,2.809820175170898438e-01,3.635286092758178711e-01,2.151365950703620911e-02,1.348356157541275024e-01,3.746754229068756104e-01,4.169429838657379150e-01,2.176367044448852539e-01,4.138728082180023193e-01,4.272781908512115479e-01,2.437804043292999268e-01,1.768035590648651123e-01,8.158835768699645996e-02,-2.189929038286209106e-02,2.488397806882858276e-01,4.948002994060516357e-01,8.981713093817234039e-03,3.592366278171539307e-01,3.141382932662963867e-01,1.771529614925384521e-01,8.413126319646835327e-02,-1.060549467802047729e-01,2.944373190402984619e-01,1.978103816509246826e-01,2.754997313022613525e-01,1.333571970462799072e-01,4.941871017217636108e-02,2.628454566001892090e-01,2.792393863201141357e-01,6.376944482326507568e-02,4.322711229324340820e-01,4.591608345508575439e-01,4.439039230346679688e-01,2.808868587017059326e-01,3.705931007862091064e-01,4.090451002120971680e-01,-8.739113062620162964e-02,-1.567602008581161499e-01
-3.326197713613510132e-02,5.138278007507324219e-01,5.646051168441772461e-01,4.429973661899566650e-01,2.905971109867095947e-01,5.545045137405395508e-01,1.000000119209289551e+00,1.415693461894989014e-01,4.955231547355651855e-01,7.015664577484130859e-01,3.149639964103698730e-01,4.983615577220916748e-01,3.903634250164031982e-01,8.988879621028900146e-02,1.804727613925933838e-01,4.034246504306793213e-01,8.580256104469299316e-01,3.968397676944732666e-01,5.747479200363159180e-01,5.208595395088195801e-01,3.448359370231628418e-01,2.577534615993499756e-01,2.211592048406600952e-01,2.649855613708496094e-02,7.581371068954467773e-02,8.205283284187316895e-01,-2.711552083492279053e-01,-6.879749149084091187e-02,1.253113336861133575e-02,3.235107958316802979e-01,2.338201254606246948e-01,-1.166206896305084229e-01,-9.043087810277938843e-02,4.326614737510681152e-01,4.681315720081329346e-01,2.332549840211868286e-01,8.785777539014816284e-02,4.656968712806701660e-01,4.981155991554260254e-01,8.067202568054199219e-02,5.442959442734718323e-02,7.081177234649658203e-01,7.112453579902648926e-01,4.370934367179870605e-01,6.460079550743103027e-01,7.358241677284240723e-01,4.454894457012414932e-03,-2.052538096904754639e-01
-1.406684070825576782e-01,3.791524171829223633e-01,-2.417430579662322998e-01,-3.254859149456024170e-01,1.093440130352973938e-02,1.487725228071212769e-01,1.415693461894989014e-01,9.999997019767761230e-01,5.079545378684997559e-01,2.374025136232376099e-01,6.406193375587463379e-01,4.279352724552154541e-01,1.035602092742919922e-01,6.402740478515625000e-01,6.596007943153381348e-01,3.224373459815979004e-01,2.140113860368728638e-01,2.770082056522369385e-01,2.037317603826522827e-01,3.886107727885246277e-02,1.227879151701927185e-02,-9.294164180755615234e-02,1.001107841730117798e-01,2.024418562650680542e-01,2.124667018651962280e-01,9.589498490095138550e-02,4.762030243873596191e-01,-3.764008358120918274e-02,5.516394972801208496e-02,2.815641760826110840e-01,3.467217385768890381e-01,1.379090249538421631e-01,4.199018776416778564e-01,4.714547991752624512e-01,2.665670216083526611e-01,1.695453822612762451e-01,7.058601379394531250e-01,5.535671114921569824e-01,9.739428758621215820e-02,5.014086514711380005e-02,-5.154834687709808350e-02,3.179880976676940918e-01,2.300339192152023315e-01,4.358249604701995850e-01,3.190958797931671143e-01,2.823777794837951660e-01,1.570644080638885498e-01,-2.349154353141784668e-01
-1.071630120277404785e-01,5.734833478927612305e-01,8.758835494518280029e-02,-3.127931803464889526e-02,8.366882801055908203e-02,3.107042312622070312e-01,4.955231547355651855e-01,5.079545378684997559e-01,9.999996423721313477e-01,6.702121496200561523e-01,5.667017102241516113e-01,5.392391085624694824e-01,3.123383820056915283e-01,4.375648200511932373e-01,4.583479762077331543e-01,3.779874444007873535e-01,5.243325233459472656e-01,3.340505957603454590e-01,4.583529233932495117e-01,3.201763033866882324e-01,2.204541712999343872e-01,1.211398690938949585e-01,2.676183283329010010e-01,3.012292385101318359e-01,1.571875214576721191e-01,4.968880712985992432e-01,9.478904306888580322e-02,-7.751541584730148315e-02,9.556843340396881104e-02,3.196778595447540283e-01,4.088684618473052979e-01,1.802189201116561890e-01,1.619396805763244629e-01,5.144731998443603516e-01,4.478926360607147217e-01,3.701738119125366211e-01,3.865071535110473633e-01,5.388157367706298828e-01,3.857173025608062744e-01,1.320558637380599976e-01,-8.987426012754440308e-02,7.042402029037475586e-01,6.303384900093078613e-01,5.768654942512512207e-01,5.768338441848754883e-01,6.394256949424743652e-01,2.634818255901336670e-01,-1.384344100952148438e-01
-1.308705061674118042e-01,4.702221453189849854e-01,3.822433352470397949e-01,2.401800751686096191e-01,1.726341247558593750e-01,4.043150544166564941e-01,7.015664577484130859e-01,2.374025136232376099e-01,6.702121496200561523e-01,1.000000476837158203e+00,5.148259997367858887e-01,6.942490935325622559e-01,5.275141000747680664e-01,2.808665037155151367e-01,2.292607426643371582e-01,3.609193265438079834e-01,6.911699771881103516e-01,3.578766882419586182e-01,4.988403618335723877e-01,5.455913543701171875e-01,5.259466171264648438e-01,2.867119610309600830e-01,3.320698738098144531e-01,1.847249865531921387e-01,3.247516602277755737e-02,6.085018515586853027e-01,-2.445965558290481567e-01,-1.822998374700546265e-01,-7.444837689399719238e-02,3.368162512779235840e-01,3.538449406623840332e-01,8.293531136587262154e-04,-9.230266511440277100e-02,4.326328933238983154e-01,4.241472184658050537e-01,3.045417368412017822e-01,1.604379862546920776e-01,4.428942203521728516e-01,4.708698987960815430e-01,1.218396946787834167e-01,-1.048983782529830933e-01,7.059251666069030762e-01,7.404128909111022949e-01,4.953492581844329834e-01,6.801143288612365723e-01,7.832050323486328125e-01,9.926201403141021729e-02,-8.674646914005279541e-02
-2.814506888389587402e-01,2.597962617874145508e-01,-3.598776087164878845e-02,-1.454870104789733887e-01,-6.324466317892074585e-02,1.395784318447113037e-01,3.149639964103698730e-01,6.406193375587463379e-01,5.667017102241516113e-01,5.148259997367858887e-01,9.999997019767761230e-01,6.834330558776855469e-01,2.525839805603027344e-01,7.016788125038146973e-01,4.965756535530090332e-01,2.468391656875610352e-01,3.826635181903839111e-01,4.087623655796051025e-01,2.819937467575073242e-01,2.518585920333862305e-01,2.721420526504516602e-01,7.938443869352340698e-02,2.160633653402328491e-01,2.524869441986083984e-01,-4.505584388971328735e-02,2.201509028673171997e-01,1.417647600173950195e-01,-2.062422931194305420e-01,-7.433651387691497803e-02,2.969874143600463867e-01,4.552862644195556641e-01,1.343916803598403931e-01,9.161317348480224609e-02,4.573474228382110596e-01,3.617772161960601807e-01,2.314687669277191162e-01,6.143819093704223633e-01,5.502848625183105469e-01,2.918674349784851074e-01,1.230672225356101990e-01,-2.226002365350723267e-01,4.078216552734375000e-01,3.905165791511535645e-01,3.793382346630096436e-01,3.933334052562713623e-01,4.306083023548126221e-01,2.127652019262313843e-01,-1.553132385015487671e-01
-1.304598748683929443e-01,2.798732817173004150e-01,1.926731169223785400e-01,1.295545250177383423e-01,1.281398534774780273e-01,2.809820175170898438e-01,4.983615577220916748e-01,4.279352724552154541e-01,5.392391085624694824e-01,6.942490935325622559e-01,6.834330558776855469e-01,1.000000119209289551e+00,5.749956965446472168e-01,5.122863054275512695e-01,3.994135260581970215e-01,4.615177214145660400e-01,5.923602581024169922e-01,5.303055047988891602e-01,3.988873958587646484e-01,4.981573820114135742e-01,5.801944732666015625e-01,2.949570715427398682e-01,3.385395705699920654e-01,2.626374661922454834e-01,8.531675487756729126e-02,3.895073831081390381e-01,2.610957808792591095e-02,-1.409133076667785645e-01,-8.158754557371139526e-02,4.666841924190521240e-01,5.091615319252014160e-01,1.008006334304809570e-01,9.059876203536987305e-02,3.324730694293975830e-01,3.880031108856201172e-01,2.340322136878967285e-01,3.709578514099121094e-01,4.652695059776306152e-01,4.053946733474731445e-01,1.333763450384140015e-01,-1.629688143730163574e-01,4.957578778266906738e-01,5.734758377075195312e-01,3.548827767372131348e-01,4.908777475357055664e-01,5.992496013641357422e-01,1.846642941236495972e-01,-8.150725066661834717e-02
1.741825640201568604e-01,2.213712930679321289e-01,3.511648476123809814e-01,3.961361646652221680e-01,3.578339517116546631e-01,3.635286092758178711e-01,3.903634250164031982e-01,1.035602092742919922e-01,3.123383820056915283e-01,5.275141000747680664e-01,2.525839805603027344e-01,5.749956965446472168e-01,1.000000119209289551e+00,1.341193914413452148e-01,2.060219645500183105e-01,5.782719254493713379e-01,4.222733676433563232e-01,5.368602871894836426e-01,5.340790748596191406e-01,7.130907177925109863e-01,6.351414322853088379e-01,5.028551816940307617e-01,4.338448643684387207e-01,3.710913360118865967e-01,8.675756305456161499e-02,3.142521381378173828e-01,-8.296166360378265381e-02,7.561480253934860229e-02,4.682746157050132751e-02,3.875660002231597900e-01,4.395051300525665283e-01,2.214184105396270752e-01,1.652685999870300293e-01,9.431015700101852417e-02,1.865721195936203003e-01,4.005440771579742432e-01,8.154328912496566772e-02,2.296342253684997559e-01,4.486025869846343994e-01,2.709132730960845947e-01,1.023331074975430965e-03,3.912586569786071777e-01,5.214084982872009277e-01,2.163612842559814453e-01,3.895891010761260986e-01,4.901295006275177002e-01,2.374767661094665527e-01,1.441028714179992676e-01
-3.141114711761474609e-01,1.834551542997360229e-01,-1.886630058288574219e-01,-2.832089066505432129e-01,-1.396385878324508667e-01,2.151365950703620911e-02,8.988879621028900146e-02,6.402740478515625000e-01,4.375648200511932373e-01,2.808665037155151367e-01,7.016788125038146973e-01,5.122863054275512695e-01,1.341193914413452148e-01,9.999997615814208984e-01,5.927737355232238770e-01,1.500055044889450073e-01,1.646579802036285400e-01,2.901911139488220215e-01,1.551741659641265869e-01,9.333505481481552124e-02,1.387684941291809082e-01,3.397322492673993111e-03,1.246338486671447754e-01,3.233218789100646973e-01,-7.885219156742095947e-02,7.189144194126129150e-02,2.355629950761795044e-01,-1.891100108623504639e-01,-1.088143140077590942e-01,2.606562077999114990e-01,4.239358901977539062e-01,2.074137032032012939e-01,1.815634369850158691e-01,3.989652097225189209e-01,2.012562006711959839e-01,2.398567050695419312e-01,7.290923595428466797e-01,4.891237020492553711e-01,9.583482891321182251e-02,1.206409856677055359e-01,-3.028631508350372314e-01,2.580863237380981445e-01,2.041797786951065063e-01,3.330352008342742920e-01,2.469377368688583374e-01,2.567036151885986328e-01,2.489251196384429932e-01,-1.040048301219940186e-01
-1.310470551252365112e-01,3.455489873886108398e-01,-1.594835668802261353e-01,-2.711983025074005127e-01,-9.140370786190032959e-02,1.348356157541275024e-01,1.804727613925933838e-01,6.596007943153381348e-01,4.583479762077331543e-01,2.292607426643371582e-01,4.965756535530090332e-01,3.994135260581970215e-01,2.060219645500183105e-01,5.927737355232238770e-01,1.000000238418579102e+00,4.170421957969665527e-01,2.052953243255615234e-01,2.748692333698272705e-01,2.032349556684494019e-01,1.146817728877067566e-01,8.581842482089996338e-02,-6.173741444945335388e-02,1.041450351476669312e-01,2.508445084095001221e-01,1.943024098873138428e-01,2.004736214876174927e-01,4.042768478393554688e-01,-5.186539888381958008e-02,-1.866046339273452759e-02,3.905377686023712158e-01,3.582635223865509033e-01,1.544301062822341919e-01,2.916913032531738281e-01,4.223820269107818604e-01,2.848160564899444580e-01,2.671560943126678467e-01,7.107376456260681152e-01,7.286080121994018555e-01,9.058490395545959473e-02,6.265617161989212036e-02,-2.408516258001327515e-01,3.618344366550445557e-01,2.983871400356292725e-01,4.194488823413848877e-01,3.870321810245513916e-01,3.479724228382110596e-01,1.794899851083755493e-01,-2.596901655197143555e-01
1.534778177738189697e-01,3.224624991416931152e-01,5.437757447361946106e-02,1.196044236421585083e-01,3.125150799751281738e-01,3.746754229068756104e-01,4.034246504306793213e-01,3.224373459815979004e-01,3.779874444007873535e-01,3.609193265438079834e-01,2.468391656875610352e-01,4.615177214145660400e-01,5.782719254493713379e-01,1.500055044889450073e-01,4.170421957969665527e-01,9.999996423721313477e-01,4.824114739894866943e-01,4.915606677532196045e-01,4.550432860851287842e-01,3.648353517055511475e-01,2.837327122688293457e-01,3.750603199005126953e-01,5.273715853691101074e-01,3.591140806674957275e-01,2.556554973125457764e-01,3.179672360420227051e-01,2.037993669509887695e-01,8.826508373022079468e-02,1.005090326070785522e-01,4.152760207653045654e-01,5.073456764221191406e-01,2.935549020767211914e-01,3.732221722602844238e-01,2.638131678104400635e-01,4.183835685253143311e-01,4.144749045372009277e-01,2.759640514850616455e-01,4.630563259124755859e-01,5.197275280952453613e-01,3.455794751644134521e-01,8.643568307161331177e-02,4.310941696166992188e-01,5.339162945747375488e-01,3.582744002342224121e-01,4.531133770942687988e-01,5.141289830207824707e-01,2.430040091276168823e-01,3.604855015873908997e-02
-6.447226554155349731e-02,4.357339739799499512e-01,3.718215525150299072e-01,3.015771806240081787e-01,2.275955229997634888e-01,4.169429838657379150e-01,8.580256104469299316e-01,2.140113860368728638e-01,5.243325233459472656e-01,6.911699771881103516e-01,3.826635181903839111e-01,5.923602581024169922e-01,4.222733676433563232e-01,1.646579802036285400e-01,2.052953243255615234e-01,4.824114739894866943e-01,1.000000357627868652e+00,5.540857911109924316e-01,6.201209425926208496e-01,5.141379237174987793e-01,3.928748369216918945e-01,3.592181801795959473e-01,3.414011001586914062e-01,1.587041318416595459e-01,9.093799442052841187e-02,6.836075186729431152e-01,-1.680740416049957275e-01,-9.144513309001922607e-02,2.381710708141326904e-02,4.017888009548187256e-01,4.195370078086853027e-01,3.928470239043235779e-02,-1.196515653282403946e-02,4.237667918205261230e-01,4.698147475719451904e-01,2.752027213573455811e-01,1.654179543256759644e-01,4.485797882080078125e-01,5.095269083976745605e-01,1.289125382900238037e-01,3.268533386290073395e-03,6.660898327827453613e-01,7.277283072471618652e-01,4.185276031494140625e-01,6.168211102485656738e-01,7.377676367759704590e-01,1.083113402128219604e-01,-1.270526200532913208e-01
-6.519330292940139771e-02,1.518031060695648193e-01,1.405947506427764893e-01,1.824746578931808472e-01,1.354492157697677612e-01,2.176367044448852539e-01,3.968397676944732666e-01,2.770082056522369385e-01,3.340505957603454590e-01,3.578766882419586182e-01,4.087623655796051025e-01,5.303055047988891602e-01,5.368602871894836426e-01,2.901911139488220215e-01,2.748692333698272705e-01,4.915606677532196045e-01,5.540857911109924316e-01,1.000000119209289551e+00,5.265332460403442383e-01,5.141841769218444824e-01,4.147011637687683105e-01,6.290857195854187012e-01,5.159158706665039062e-01,4.492345452308654785e-01,-1.973543874919414520e-02,2.773720622062683105e-01,1.115489974617958069e-01,-4.232578724622726440e-02,4.432363435626029968e-02,3.388523459434509277e-01,6.801527142524719238e-01,4.317862391471862793e-01,1.894569694995880127e-01,2.740657329559326172e-01,2.794293761253356934e-01,3.545214235782623291e-01,3.111582696437835693e-01,3.594948947429656982e-01,4.679437875747680664e-01,3.064953982830047607e-01,-2.425299584865570068e-02,3.117218315601348877e-01,4.043567478656768799e-01,2.158330231904983521e-01,2.495090216398239136e-01,4.160193800926208496e-01,4.065036475658416748e-01,1.271973103284835815e-01
-6.950280070304870605e-02,4.911884069442749023e-01,2.963668704032897949e-01,3.229575455188751221e-01,1.912474036216735840e-01,4.138728082180023193e-01,5.747479200363159180e-01,2.037317603826522827e-01,4.583529233932495117e-01,4.988403618335723877e-01,2.819937467575073242e-01,3.988873958587646484e-01,5.340790748596191406e-01,1.551741659641265869e-01,2.032349556684494019e-01,4.550432860851287842e-01,6.201209425926208496e-01,5.265332460403442383e-01,9.999997615814208984e-01,6.218515634536743164e-01,2.770008146762847900e-01,2.918596565723419189e-01,2.279202640056610107e-01,2.269609272480010986e-01,-5.936581641435623169e-02,4.525164663791656494e-01,-9.232801198959350586e-02,-3.335605934262275696e-02,1.050458028912544250e-01,4.026015400886535645e-01,4.120845794677734375e-01,8.834007382392883301e-02,5.392010509967803955e-02,3.520058691501617432e-01,3.815909624099731445e-01,3.645423054695129395e-01,2.156004011631011963e-01,3.723254799842834473e-01,3.932570815086364746e-01,1.384632885456085205e-01,8.761292695999145508e-02,5.917642712593078613e-01,6.283165812492370605e-01,3.948158323764801025e-01,5.250475406646728516e-01,6.031601428985595703e-01,1.496374458074569702e-01,-8.066316694021224976e-02
3.778063133358955383e-02,3.050873577594757080e-01,4.861678183078765869e-01,4.761939644813537598e-01,2.064796537160873413e-01,4.272781908512115479e-01,5.208595395088195801e-01,3.886107727885246277e-02,3.201763033866882324e-01,5.455913543701171875e-01,2.518585920333862305e-01,4.981573820114135742e-01,7.130907177925109863e-01,9.333505481481552124e-02,1.146817728877067566e-01,3.648353517055511475e-01,5.141379237174987793e-01,5.141841769218444824e-01,6.218515634536743164e-01,9.999998211860656738e-01,6.459313035011291504e-01,4.415390193462371826e-01,2.799476981163024902e-01,2.316918969154357910e-01,-7.011369615793228149e-02,4.564577937126159668e-01,-1.955975443124771118e-01,2.397744916379451752e-02,3.722766414284706116e-02,3.540595471858978271e-01,3.562720715999603271e-01,1.038466840982437134e-01,-1.302034128457307816e-02,1.120349168777465820e-01,2.130332142114639282e-01,3.107904195785522461e-01,1.661642640829086304e-02,2.095310837030410767e-01,3.977009356021881104e-01,2.005922347307205200e-01,-3.801172226667404175e-02,4.503629207611083984e-01,5.729858875274658203e-01,2.166322767734527588e-01,4.212608337402343750e-01,5.467340350151062012e-01,1.790933907032012939e-01,3.533708304166793823e-02
8.394879102706909180e-02,2.799046412110328674e-02,3.768076002597808838e-01,3.466801345348358154e-01,2.034212648868560791e-01,2.437804043292999268e-01,3.448359370231628418e-01,1.227879151701927185e-02,2.204541712999343872e-01,5.259466171264648438e-01,2.721420526504516602e-01,5.801944732666015625e-01,6.351414322853088379e-01,1.387684941291809082e-01,8.581842482089996338e-02,2.837327122688293457e-01,3.928748369216918945e-01,4.147011637687683105e-01,2.770008146762847900e-01,6.459313035011291504e-01,9.999999403953552246e-01,4.744459092617034912e-01,3.543826937675476074e-01,2.262623459100723267e-01,1.252086274325847626e-02,2.780221104621887207e-01,-2.079498022794723511e-01,1.568536087870597839e-02,-4.889264330267906189e-02,3.174948692321777344e-01,3.449186682701110840e-01,1.505948305130004883e-01,-3.625128790736198425e-02,1.958869770169258118e-02,1.310817599296569824e-01,2.677247524261474609e-01,-6.556852161884307861e-02,9.799686074256896973e-02,2.918038070201873779e-01,2.692919969558715820e-01,-1.469892263412475586e-01,2.697005867958068848e-01,4.189445376396179199e-01,7.116992026567459106e-02,2.810220122337341309e-01,3.998081684112548828e-01,1.481262147426605225e-01,1.627071350812911987e-01
1.656727343797683716e-01,-6.209741812199354172e-03,2.448386102914810181e-01,2.815113663673400879e-01,2.432048767805099487e-01,1.768035590648651123e-01,2.577534615993499756e-01,-9.294164180755615234e-02,1.211398690938949585e-01,2.867119610309600830e-01,7.938443869352340698e-02,2.949570715427398682e-01,5.028551816940307617e-01,3.397322492673993111e-03,-6.173741444945335388e-02,3.750603199005126953e-01,3.592181801795959473e-01,6.290857195854187012e-01,2.918596565723419189e-01,4.415390193462371826e-01,4.744459092617034912e-01,1.000000119209289551e+00,6.897535920143127441e-01,5.253733992576599121e-01,8.537946268916130066e-03,1.953072845935821533e-01,-1.093253344297409058e-01,1.033776700496673584e-01,1.108410656452178955e-01,1.865956038236618042e-01,6.132073402404785156e-01,5.253634452819824219e-01,9.999496489763259888e-02,2.802597591653466225e-03,1.205558702349662781e-01,4.483922421932220459e-01,-1.123001053929328918e-01,3.509711101651191711e-02,5.643089413642883301e-01,5.369223952293395996e-01,-2.317967824637889862e-02,1.303636729717254639e-01,3.122599422931671143e-01,-9.629067499190568924e-04,1.090398877859115601e-01,2.761250436305999756e-01,4.560387730598449707e-01,4.948995411396026611e-01
1.368485577404499054e-02,1.285957992076873779e-01,-5.021288990974426270e-02,-2.329415827989578247e-02,1.472866833209991455e-01,8.158835768699645996e-02,2.211592048406600952e-01,1.001107841730117798e-01,2.676183283329010010e-01,3.320698738098144531e-01,2.160633653402328491e-01,3.385395705699920654e-01,4.338448643684387207e-01,1.246338486671447754e-01,1.041450351476669312e-01,5.273715853691101074e-01,3.414011001586914062e-01,5.159158706665039062e-01,2.279202640056610107e-01,2.799476981163024902e-01,3.543826937675476074e-01,6.897535920143127441e-01,9.999997019767761230e-01,6.087157726287841797e-01,2.787979692220687866e-02,2.019013315439224243e-01,4.736990854144096375e-02,-1.274044974707067013e-03,6.375767290592193604e-02,1.774801760911941528e-01,6.098116636276245117e-01,6.313145756721496582e-01,1.982413828372955322e-01,1.403462141752243042e-01,1.730162501335144043e-01,4.817800521850585938e-01,6.022767350077629089e-02,1.762644052505493164e-01,6.280500292778015137e-01,6.432716250419616699e-01,-3.783001750707626343e-02,2.505941092967987061e-01,3.836443722248077393e-01,1.827583163976669312e-01,2.426785528659820557e-01,3.694324791431427002e-01,5.086794495582580566e-01,5.725682377815246582e-01
-8.141896687448024750e-04,1.319071948528289795e-01,-1.436101645231246948e-01,-1.030026301741600037e-01,5.544889718294143677e-03,-2.189929038286209106e-02,2.649855613708496094e-02,2.024418562650680542e-01,3.012292385101318359e-01,1.847249865531921387e-01,2.524869441986083984e-01,2.626374661922454834e-01,3.710913360118865967e-01,3.233218789100646973e-01,2.508445084095001221e-01,3.591140806674957275e-01,1.587041318416595459e-01,4.492345452308654785e-01,2.269609272480010986e-01,2.316918969154357910e-01,2.262623459100723267e-01,5.253733992576599121e-01,6.087157726287841797e-01,1.000000000000000000e+00,4.223497584462165833e-02,5.566418170928955078e-02,9.882016479969024658e-02,9.260670840740203857e-02,1.877864301204681396e-01,2.961846292018890381e-01,6.996867060661315918e-01,7.744214534759521484e-01,2.304695397615432739e-01,1.924112290143966675e-01,1.746733337640762329e-01,6.679587364196777344e-01,2.794128060340881348e-01,1.727717071771621704e-01,4.017243683338165283e-01,5.937941670417785645e-01,-1.177660077810287476e-01,2.174266427755355835e-01,2.681916952133178711e-01,1.542372554540634155e-01,1.898539513349533081e-01,2.616379857063293457e-01,8.187384009361267090e-01,4.862965941429138184e-01
5.999863147735595703e-01,2.008231580257415771e-01,3.982773050665855408e-02,9.672651439905166626e-02,4.357682466506958008e-01,2.488397806882858276e-01,7.581371068954467773e-02,2.124667018651962280e-01,1.571875214576721191e-01,3.247516602277755737e-02,-4.505584388971328735e-02,8.531675487756729126e-02,8.675756305456161499e-02,-7.885219156742095947e-02,1.943024098873138428e-01,2.556554973125457764e-01,9.093799442052841187e-02,-1.973543874919414520e-02,-5.936581641435623169e-02,-7.011369615793228149e-02,1.252086274325847626e-02,8.537946268916130066e-03,2.787979692220687866e-02,4.223497584462165833e-02,9.999997615814208984e-01,8.168243616819381714e-02,4.490813314914703369e-01,5.878617763519287109e-01,4.898363053798675537e-01,2.167411893606185913e-01,5.371980369091033936e-02,3.916556760668754578e-02,6.224613189697265625e-01,2.659281902015209198e-02,1.501715034246444702e-01,6.064389017410576344e-04,7.506140321493148804e-02,1.066871508955955505e-01,-6.489776540547609329e-03,-3.800992667675018311e-02,3.500234484672546387e-01,1.155292689800262451e-01,8.643571287393569946e-02,6.867514550685882568e-02,1.186559647321701050e-01,7.003954052925109863e-02,-1.718040369451045990e-02,-9.321514517068862915e-02
-2.508003078401088715e-02,5.640979409217834473e-01,5.687267184257507324e-01,3.816201686859130859e-01,2.235612422227859497e-01,4.948002994060516357e-01,8.205283284187316895e-01,9.589498490095138550e-02,4.968880712985992432e-01,6.085018515586853027e-01,2.201509028673171997e-01,3.895073831081390381e-01,3.142521381378173828e-01,7.189144194126129150e-02,2.004736214876174927e-01,3.179672360420227051e-01,6.836075186729431152e-01,2.773720622062683105e-01,4.525164663791656494e-01,4.564577937126159668e-01,2.780221104621887207e-01,1.953072845935821533e-01,2.019013315439224243e-01,5.566418170928955078e-02,8.168243616819381714e-02,9.999998211860656738e-01,-2.255599796772003174e-01,-6.183178350329399109e-02,5.436181649565696716e-02,3.091298639774322510e-01,1.778232604265213013e-01,-7.594628632068634033e-02,-8.972030133008956909e-02,3.871874213218688965e-01,4.533667862415313721e-01,2.538526952266693115e-01,5.864237248897552490e-02,4.327836334705352783e-01,4.433971941471099854e-01,6.887694448232650757e-02,1.530007552355527878e-02,6.908354163169860840e-01,6.762723922729492188e-01,4.344860315322875977e-01,6.225305795669555664e-01,6.790923476219177246e-01,4.612931981682777405e-02,-1.545194834470748901e-01
1.900878399610519409e-01,9.744332730770111084e-02,-4.233999848365783691e-01,-3.714851438999176025e-01,7.101704925298690796e-02,8.981713093817234039e-03,-2.711552083492279053e-01,4.762030243873596191e-01,9.478904306888580322e-02,-2.445965558290481567e-01,1.417647600173950195e-01,2.610957808792591095e-02,-8.296166360378265381e-02,2.355629950761795044e-01,4.042768478393554688e-01,2.037993669509887695e-01,-1.680740416049957275e-01,1.115489974617958069e-01,-9.232801198959350586e-02,-1.955975443124771118e-01,-2.079498022794723511e-01,-1.093253344297409058e-01,4.736990854144096375e-02,9.882016479969024658e-02,4.490813314914703369e-01,-2.255599796772003174e-01,1.000000119209289551e+00,2.978603243827819824e-01,2.990716695785522461e-01,1.526293903589248657e-01,1.841385960578918457e-01,2.369389384984970093e-01,6.572470068931579590e-01,3.420495614409446716e-02,7.220757007598876953e-02,8.258702233433723450e-03,4.462529420852661133e-01,1.814896166324615479e-01,-1.225435957312583923e-01,-1.449381001293659210e-02,1.573730707168579102e-01,-1.565091907978057861e-01,-1.710319966077804565e-01,7.128495723009109497e-02,-1.515445709228515625e-01,-1.951542496681213379e-01,4.191602766513824463e-02,-5.767991021275520325e-02
7.816126942634582520e-01,1.480083763599395752e-01,1.635885536670684814e-01,3.333302438259124756e-01,5.186572670936584473e-01,3.592366278171539307e-01,-6.879749149084091187e-02,-3.764008358120918274e-02,-7.751541584730148315e-02,-1.822998374700546265e-01,-2.062422931194305420e-01,-1.409133076667785645e-01,7.561480253934860229e-02,-1.891100108623504639e-01,-5.186539888381958008e-02,8.826508373022079468e-02,-9.144513309001922607e-02,-4.232578724622726440e-02,-3.335605934262275696e-02,2.397744916379451752e-02,1.568536087870597839e-02,1.033776700496673584e-01,-1.274044974707067013e-03,9.260670840740203857e-02,5.878617763519287109e-01,-6.183178350329399109e-02,2.978603243827819824e-01,9.999999403953552246e-01,7.506180405616760254e-01,1.451081037521362305e-01,9.556324803270399570e-04,1.099146530032157898e-01,5.800263881683349609e-01,-1.435342133045196533e-01,4.564169328659772873e-03,3.951353207230567932e-02,-1.274516731500625610e-01,-1.501489430665969849e-01,2.386501058936119080e-02,6.982629746198654175e-02,5.626379251480102539e-01,-3.042334318161010742e-02,-4.468835890293121338e-02,-1.484138071537017822e-01,-7.334292680025100708e-02,-8.121760934591293335e-02,1.071671117097139359e-02,9.724073112010955811e-02
5.932956337928771973e-01,3.390218615531921387e-01,1.074713692069053650e-01,2.574941515922546387e-01,3.953520655632019043e-01,3.141382932662963867e-01,1.253113336861133575e-02,5.516394972801208496e-02,9.556843340396881104e-02,-7.444837689399719238e-02,-7.433651387691497803e-02,-8.158754557371139526e-02,4.682746157050132751e-02,-1.088143140077590942e-01,-1.866046339273452759e-02,1.005090326070785522e-01,2.381710708141326904e-02,4.432363435626029968e-02,1.050458028912544250e-01,3.722766414284706116e-02,-4.889264330267906189e-02,1.108410656452178955e-01,6.375767290592193604e-02,1.877864301204681396e-01,4.898363053798675537e-01,5.436181649565696716e-02,2.990716695785522461e-01,7.506180405616760254e-01,1.000000357627868652e+00,1.962355077266693115e-01,9.058841317892074585e-02,1.597547531127929688e-01,4.965912103652954102e-01,4.562680050730705261e-02,1.833797991275787354e-01,1.170890182256698608e-01,-9.506318718194961548e-03,-3.728757053613662720e-02,1.060349941253662109e-01,8.456159383058547974e-02,5.142429471015930176e-01,1.200825870037078857e-01,2.694390714168548584e-02,-1.471667084842920303e-03,3.290463984012603760e-02,2.785369986668229103e-03,1.319253891706466675e-01,1.158345714211463928e-01
-9.889720007777214050e-03,3.772318065166473389e-01,2.697220072150230408e-03,3.310440108180046082e-02,5.268892645835876465e-02,1.771529614925384521e-01,3.235107958316802979e-01,2.815641760826110840e-01,3.196778595447540283e-01,3.368162512779235840e-01,2.969874143600463867e-01,4.666841924190521240e-01,3.875660002231597900e-01,2.606562077999114990e-01,3.905377686023712158e-01,4.152760207653045654e-01,4.017888009548187256e-01,3.388523459434509277e-01,4.026015400886535645e-01,3.540595471858978271e-01,3.174948692321777344e-01,1.865956038236618042e-01,1.774801760911941528e-01,2.961846292018890381e-01,2.167411893606185913e-01,3.091298639774322510e-01,1.526293903589248657e-01,1.451081037521362305e-01,1.962355077266693115e-01,1.000000119209289551e+00,5.234221816062927246e-01,1.544516086578369141e-01,1.829548031091690063e-01,2.939347326755523682e-01,4.049285948276519775e-01,3.972059190273284912e-01,2.857793271541595459e-01,4.095721244812011719e-01,2.884337007999420166e-01,1.696928739547729492e-01,-2.958423271775245667e-02,4.063944816589355469e-01,4.776324033737182617e-01,2.909342050552368164e-01,3.892582356929779053e-01,4.478452503681182861e-01,2.100265175104141235e-01,-6.510861963033676147e-02
-9.573561698198318481e-02,1.919239759445190430e-01,-1.177221164107322693e-01,-9.224484115839004517e-02,1.527434587478637695e-02,8.413126319646835327e-02,2.338201254606246948e-01,3.467217385768890381e-01,4.088684618473052979e-01,3.538449406623840332e-01,4.552862644195556641e-01,5.091615319252014160e-01,4.395051300525665283e-01,4.239358901977539062e-01,3.582635223865509033e-01,5.073456764221191406e-01,4.195370078086853027e-01,6.801527142524719238e-01,4.120845794677734375e-01,3.562720715999603271e-01,3.449186682701110840e-01,6.132073402404785156e-01,6.098116636276245117e-01,6.996867060661315918e-01,5.371980369091033936e-02,1.778232604265213013e-01,1.841385960578918457e-01,9.556324803270399570e-04,9.058841317892074585e-02,5.234221816062927246e-01,9.999999403953552246e-01,6.653802394866943359e-01,2.544378638267517090e-01,3.123393356800079346e-01,3.401211500167846680e-01,6.185358762741088867e-01,4.092881679534912109e-01,3.723221123218536377e-01,5.210840106010437012e-01,4.870915710926055908e-01,-1.612780243158340454e-01,3.232900798320770264e-01,4.418104290962219238e-01,2.501069009304046631e-01,2.786548733711242676e-01,4.158471524715423584e-01,5.915025472640991211e-01,2.927622497081756592e-01
3.507149592041969299e-02,1.721175649436190724e-04,-2.983781397342681885e-01,-2.048417031764984131e-01,1.312612835317850113e-02,-1.060549467802047729e-01,-1.166206896305084229e-01,1.379090249538421631e-01,1.802189201116561890e-01,8.293531136587262154e-04,1.343916803598403931e-01,1.008006334304809570e-01,2.214184105396270752e-01,2.074137032032012939e-01,1.544301062822341919e-01,2.935549020767211914e-01,3.928470239043235779e-02,4.317862391471862793e-01,8.834007382392883301e-02,1.038466840982437134e-01,1.505948305130004883e-01,5.253634452819824219e-01,6.313145756721496582e-01,7.744214534759521484e-01,3.916556760668754578e-02,-7.594628632068634033e-02,2.369389384984970093e-01,1.099146530032157898e-01,1.597547531127929688e-01,1.544516086578369141e-01,6.653802394866943359e-01,1.000000119209289551e+00,3.097826540470123291e-01,9.392730891704559326e-02,5.349748581647872925e-02,5.443276166915893555e-01,1.986393779516220093e-01,4.918223991990089417e-02,3.106315433979034424e-01,5.440826416015625000e-01,-3.403507173061370850e-02,4.803799837827682495e-02,1.108874082565307617e-01,6.379349529743194580e-02,-6.784596480429172516e-03,9.543273597955703735e-02,7.520997524261474609e-01,5.724182724952697754e-01
5.207646489143371582e-01,2.297530025243759155e-01,-2.008254081010818481e-01,-5.185689777135848999e-02,4.950855672359466553e-01,2.944373190402984619e-01,-9.043087810277938843e-02,4.199018776416778564e-01,1.619396805763244629e-01,-9.230266511440277100e-02,9.161317348480224609e-02,9.059876203536987305e-02,1.652685999870300293e-01,1.815634369850158691e-01,2.916913032531738281e-01,3.732221722602844238e-01,-1.196515653282403946e-02,1.894569694995880127e-01,5.392010509967803955e-02,-1.302034128457307816e-02,-3.625128790736198425e-02,9.999496489763259888e-02,1.982413828372955322e-01,2.304695397615432739e-01,6.224613189697265625e-01,-8.972030133008956909e-02,6.572470068931579590e-01,5.800263881683349609e-01,4.965912103652954102e-01,1.829548031091690063e-01,2.544378638267517090e-01,3.097826540470123291e-01,9.999996423721313477e-01,3.595651313662528992e-02,7.941733300685882568e-02,7.805065810680389404e-02,3.073164820671081543e-01,1.228044331073760986e-01,2.494361437857151031e-02,1.041736006736755371e-01,4.429160058498382568e-01,6.339725106954574585e-02,6.015706434845924377e-02,8.016984164714813232e-02,3.454729914665222168e-02,2.705025114119052887e-02,1.054208353161811829e-01,1.317249983549118042e-02
