1.000000596046447754e+00,3.833198547363281250e-01,1.361442655324935913e-01,2.830963432788848877e-01,3.767735660076141357e-01,3.981642127037048340e-01,8.923956006765365601e-02,1.307847648859024048e-01,3.618946075439453125e-01,3.494084775447845459e-01,1.935423314571380615e-01,3.790554702281951904e-01,3.242103755474090576e-01,-2.373633906245231628e-02,1.788229644298553467e-01,2.710081040859222412e-01,-4.300587624311447144e-02,-6.469886004924774170e-02,3.212561011314392090e-01,2.726107835769653320e-01,3.605606555938720703e-01,4.800311028957366943e-01,2.861031293869018555e-01,2.760943174362182617e-01,2.970653176307678223e-01,-1.868755519390106201e-01,3.625704050064086914e-01,5.740751624107360840e-01,5.273361206054687500e-01,4.356528520584106445e-01,4.466696083545684814e-01,4.769931435585021973e-01,4.793416559696197510e-01,5.214671790599822998e-02,1.711033135652542114e-01,2.345421314239501953e-01,1.053257882595062256e-01,2.455309927463531494e-01,1.783263832330703735e-01,1.123644262552261353e-01,4.164828956127166748e-01,4.319061934947967529e-01,4.541149437427520752e-01,3.902665078639984131e-01,3.705335557460784912e-01,4.612714648246765137e-01,3.528491258621215820e-01,2.215840667486190796e-01
3.833198547363281250e-01,1.000000357627868652e+00,-7.155891507863998413e-02,7.310327887535095215e-02,3.761619031429290771e-01,4.544872343540191650e-01,1.196877434849739075e-01,5.554337427020072937e-02,2.416820079088211060e-01,3.189046382904052734e-01,-8.067217469215393066e-02,1.308256685733795166e-01,3.509656488895416260e-01,-2.216797471046447754e-01,8.022098802030086517e-03,-9.477511048316955566e-03,3.153078723698854446e-03,-9.514322876930236816e-02,2.852466106414794922e-01,3.803693056106567383e-01,4.119736552238464355e-01,2.530559599399566650e-01,2.914233207702636719e-01,3.942859470844268799e-01,8.091992139816284180e-02,-4.775021970272064209e-02,2.984549105167388916e-01,2.667437493801116943e-01,4.628271460533142090e-01,2.078701555728912354e-01,3.221111893653869629e-01,4.145189523696899414e-01,2.071600854396820068e-01,-2.808706276118755341e-02,2.838757634162902832e-01,4.062262773513793945e-01,-9.773383289575576782e-02,8.296495676040649414e-02,1.312998086214065552e-01,5.750939995050430298e-02,5.859359502792358398e-01,5.752668976783752441e-01,5.249168276786804199e-01,5.323807001113891602e-01,7.341155409812927246e-01,5.739027261734008789e-01,4.093520343303680420e-01,2.570927143096923828e-01
1.361442655324935913e-01,-7.155891507863998413e-02,1.000000238418579102e+00,6.316668391227722168e-01,-3.341152071952819824e-01,-2.895936071872711182e-01,5.309672951698303223e-01,2.126141786575317383e-01,-6.270449608564376831e-02,-2.141229510307312012e-01,1.001384630799293518e-01,-2.433805540204048157e-02,-9.482247382402420044e-02,4.593040049076080322e-01,2.664259374141693115e-01,2.946257591247558594e-01,5.810417532920837402e-01,5.811547040939331055e-01,2.642526626586914062e-01,9.584354609251022339e-02,1.485916972160339355e-01,4.914632737636566162e-01,-1.704900413751602173e-01,-1.322637796401977539e-01,-1.250466853380203247e-01,6.103346943855285645e-01,2.448097430169582367e-02,2.916941642761230469e-01,2.746798992156982422e-01,3.210541009902954102e-01,3.805733323097229004e-01,6.955206394195556641e-02,-1.228907983750104904e-02,2.221815586090087891e-01,1.339594181627035141e-02,-2.283515036106109619e-01,1.955318003892898560e-01,1.740376502275466919e-01,-2.313914448022842407e-01,-2.022701948881149292e-01,-2.765119075775146484e-01,-1.686419695615768433e-01,-7.705039530992507935e-02,-3.092586994171142578e-01,1.058417782187461853e-01,-1.578649878501892090e-01,-1.422944962978363037e-01,1.582220792770385742e-01
2.830963432788848877e-01,7.310327887535095215e-02,6.316668391227722168e-01,9.999997019767761230e-01,-3.307593287900090218e-03,1.012583598494529724e-01,6.768458485603332520e-01,-6.925042718648910522e-03,-1.545621305704116821e-01,-2.272260636091232300e-01,-1.841518282890319824e-01,-2.721914649009704590e-01,-1.334139406681060791e-01,2.364441305398941040e-01,5.321001261472702026e-02,1.439568251371383667e-01,6.157473325729370117e-01,5.840060710906982422e-01,5.314184427261352539e-01,3.813045024871826172e-01,3.367084562778472900e-01,5.358180999755859375e-01,-1.512083262205123901e-01,-1.106677576899528503e-01,-1.667846441268920898e-01,5.687410831451416016e-01,1.568341068923473358e-02,3.505615293979644775e-01,4.895858466625213623e-01,3.268282413482666016e-01,4.178340435028076172e-01,2.071614712476730347e-01,-1.101925820112228394e-01,1.281099114567041397e-02,-3.319726511836051941e-02,-1.883167773485183716e-01,1.463843584060668945e-01,4.773277789354324341e-02,-2.108741849660873413e-01,-2.672347426414489746e-01,-5.139330402016639709e-02,2.374990284442901611e-02,2.668986022472381592e-01,-2.410701960325241089e-01,1.960895061492919922e-01,-1.662906631827354431e-02,-1.219104975461959839e-01,2.461677491664886475e-01
3.767735660076141357e-01,3.761619031429290771e-01,-3.341152071952819824e-01,-3.307593287900090218e-03,1.000000357627868652e+00,7.978370189666748047e-01,7.020109146833419800e-02,3.955503925681114197e-02,4.382691383361816406e-01,5.083977580070495605e-01,7.083382457494735718e-02,2.263433635234832764e-01,5.896241068840026855e-01,-3.732876777648925781e-01,-7.310722768306732178e-02,4.904341325163841248e-02,-2.139478772878646851e-01,-3.660313487052917480e-01,6.285418570041656494e-02,2.260651290416717529e-01,1.619482636451721191e-01,1.382370591163635254e-01,4.783748984336853027e-01,3.490841686725616455e-01,3.257908225059509277e-01,-2.085827440023422241e-01,2.395414412021636963e-01,3.659609556198120117e-01,2.960141897201538086e-01,6.260904669761657715e-02,5.709923058748245239e-02,2.727732956409454346e-01,2.846581637859344482e-01,-2.090374976396560669e-01,3.972261771559715271e-02,4.173950254917144775e-01,-1.530828773975372314e-01,6.169195845723152161e-02,1.960705518722534180e-01,2.689033448696136475e-01,6.801392436027526855e-01,4.500933289527893066e-01,4.336090385913848877e-01,5.098503232002258301e-01,2.617237269878387451e-01,4.738404154777526855e-01,3.511388003826141357e-01,2.357501685619354248e-01
3.981642127037048340e-01,4.544872343540191650e-01,-2.895936071872711182e-01,1.012583598494529724e-01,7.978370189666748047e-01,9.999995231628417969e-01,1.771555840969085693e-01,3.689960390329360962e-02,3.480518758296966553e-01,4.637349545955657959e-01,-4.612843319773674011e-02,8.873812109231948853e-02,5.462269186973571777e-01,-3.410283625125885010e-01,-1.576231718063354492e-01,-5.932679772377014160e-02,-8.078412711620330811e-02,-2.927602827548980713e-01,2.337857335805892944e-01,3.797780275344848633e-01,3.025511503219604492e-01,1.796763092279434204e-01,4.359084665775299072e-01,3.473387658596038818e-01,2.819526195526123047e-01,-1.554851680994033813e-01,1.917935311794281006e-01,4.376780986785888672e-01,4.767255783081054688e-01,2.432418465614318848e-01,1.942516863346099854e-01,3.603943288326263428e-01,2.368264049291610718e-01,-2.281848788261413574e-01,6.603232026100158691e-02,4.084131717681884766e-01,-1.075230464339256287e-01,2.884746156632900238e-02,1.331286430358886719e-01,1.707680821418762207e-01,7.097561359405517578e-01,5.295826196670532227e-01,5.774432420730590820e-01,5.106922388076782227e-01,3.951738774776458740e-01,5.592867732048034668e-01,3.353294432163238525e-01,2.096095979213714600e-01
8.923956006765365601e-02,1.196877434849739075e-01,5.309672951698303223e-01,6.768458485603332520e-01,7.020109146833419800e-02,1.771555840969085693e-01,9.999995231628417969e-01,1.165770143270492554e-01,-5.288876965641975403e-02,-2.244195789098739624e-01,-1.567539125680923462e-01,-2.893007695674896240e-01,6.358718127012252808e-02,1.910577118396759033e-01,9.923297166824340820e-02,1.263889074325561523e-01,8.383967280387878418e-01,6.966545581817626953e-01,5.677655935287475586e-01,5.925173759460449219e-01,5.264437198638916016e-01,5.246267318725585938e-01,1.254524886608123779e-01,2.789170481264591217e-02,-1.993152201175689697e-01,7.574098110198974609e-01,-1.642328104935586452e-03,9.334348142147064209e-02,4.687550961971282959e-01,2.504283785820007324e-01,4.410281479358673096e-01,2.745747864246368408e-01,-6.661240011453628540e-02,2.527989447116851807e-01,3.582003340125083923e-02,-3.235249221324920654e-02,1.765861064195632935e-01,2.226651012897491455e-01,-1.173410639166831970e-01,-1.000034883618354797e-01,5.696515738964080811e-02,2.336103767156600952e-01,3.098672628402709961e-01,-5.478096753358840942e-02,2.714500725269317627e-01,5.261826515197753906e-02,-3.585437312722206116e-02,4.539946317672729492e-01
1.307847648859024048e-01,5.554337427020072937e-02,2.126141786575317383e-01,-6.925042718648910522e-03,3.955503925681114197e-02,3.689960390329360962e-02,1.165770143270492554e-01,9.999995231628417969e-01,2.779626548290252686e-01,7.104000449180603027e-02,4.655885994434356689e-01,2.337501943111419678e-01,2.222275286912918091e-01,4.226205348968505859e-01,3.076379895210266113e-01,2.824957370758056641e-01,6.954944878816604614e-02,2.530800551176071167e-02,-1.214465275406837463e-01,-8.960029482841491699e-02,-4.242635890841484070e-02,8.316048979759216309e-02,1.723861992359161377e-01,-1.948146265931427479e-03,3.908035457134246826e-01,1.173911169171333313e-01,3.550265729427337646e-01,7.147011905908584595e-02,-1.803734630811959505e-04,7.904991507530212402e-02,5.547638237476348877e-02,-3.820530325174331665e-02,5.411994457244873047e-01,4.277178049087524414e-01,1.977766156196594238e-01,1.507609486579895020e-01,3.869183361530303955e-01,4.392151534557342529e-01,1.044093072414398193e-01,1.741257607936859131e-01,1.070037633180618286e-01,2.676310203969478607e-02,-7.383710891008377075e-02,2.871899902820587158e-01,1.241821572184562683e-01,7.076039910316467285e-02,-6.547565571963787079e-03,4.317602887749671936e-02
3.618946075439453125e-01,2.416820079088211060e-01,-6.270449608564376831e-02,-1.545621305704116821e-01,4.382691383361816406e-01,3.480518758296966553e-01,-5.288876965641975403e-02,2.779626548290252686e-01,1.000000119209289551e+00,5.858491063117980957e-01,4.051313996315002441e-01,5.125795006752014160e-01,6.369907855987548828e-01,-1.212575733661651611e-01,1.213844791054725647e-01,2.609499096870422363e-01,-2.459839135408401489e-01,-3.033284544944763184e-01,-1.164999529719352722e-01,4.889405518770217896e-02,1.239158734679222107e-01,2.665646374225616455e-01,5.431481599807739258e-01,3.968765437602996826e-01,4.085799157619476318e-01,-2.089672833681106567e-01,2.875245511531829834e-01,3.272112309932708740e-01,1.190445795655250549e-01,1.363420784473419189e-01,2.146752476692199707e-01,2.781125903129577637e-01,4.397381544113159180e-01,5.079548340290784836e-03,1.700496375560760498e-01,4.669436514377593994e-01,6.591455545276403427e-03,1.835470795631408691e-01,2.118649929761886597e-01,3.947091996669769287e-01,4.007450938224792480e-01,3.019765317440032959e-01,9.859874844551086426e-02,5.307863950729370117e-01,1.667039245367050171e-01,3.737266361713409424e-01,3.833866119384765625e-01,2.381118983030319214e-01
3.494084775447845459e-01,3.189046382904052734e-01,-2.141229510307312012e-01,-2.272260636091232300e-01,5.083977580070495605e-01,4.637349545955657959e-01,-2.244195789098739624e-01,7.104000449180603027e-02,5.858491063117980957e-01,1.000000000000000000e+00,2.922162711620330811e-01,5.049899816513061523e-01,6.255958080291748047e-01,-3.602715730667114258e-01,1.848182990215718746e-03,4.056542739272117615e-02,-3.886463940143585205e-01,-5.027814507484436035e-01,-9.634139388799667358e-02,5.998081341385841370e-02,1.000975817441940308e-01,1.298073828220367432e-01,5.058986544609069824e-01,4.188747107982635498e-01,3.824206888675689697e-01,-3.995891809463500977e-01,3.331236839294433594e-01,3.811792135238647461e-01,1.630911678075790405e-01,9.508960694074630737e-02,1.328370869159698486e-01,3.019258975982666016e-01,2.593774497509002686e-01,-2.080700546503067017e-01,1.028117984533309937e-01,4.533182978630065918e-01,-2.682151198387145996e-01,1.660751365125179291e-02,1.849996447563171387e-01,3.418133854866027832e-01,5.261002182960510254e-01,3.375231325626373291e-01,2.468665689229965210e-01,4.588423669338226318e-01,2.154862433671951294e-01,4.738541245460510254e-01,4.403923749923706055e-01,1.882550567388534546e-01
1.935423314571380615e-01,-8.067217469215393066e-02,1.001384630799293518e-01,-1.841518282890319824e-01,7.083382457494735718e-02,-4.612843319773674011e-02,-1.567539125680923462e-01,4.655885994434356689e-01,4.051313996315002441e-01,2.922162711620330811e-01,1.000000119209289551e+00,6.201975941658020020e-01,3.139027357101440430e-01,2.345285117626190186e-01,4.671211242675781250e-01,4.300198554992675781e-01,-2.082555294036865234e-01,-1.980539560317993164e-01,-2.508712410926818848e-01,-2.418358325958251953e-01,-1.633156239986419678e-01,1.652381382882595062e-02,2.189092487096786499e-01,2.815593406558036804e-02,4.372202754020690918e-01,-1.613707393407821655e-01,2.954320013523101807e-01,1.964935064315795898e-01,-7.342167943716049194e-02,4.818208399228751659e-04,-2.833733148872852325e-02,-9.273844212293624878e-02,4.437575936317443848e-01,1.999837011098861694e-01,1.976351290941238403e-01,1.446207016706466675e-01,9.584053419530391693e-03,3.570508658885955811e-01,3.254390060901641846e-01,3.278352320194244385e-01,8.887066692113876343e-02,-9.824094921350479126e-02,-2.230464965105056763e-01,1.993706524372100830e-01,-9.453476220369338989e-02,-4.743985366076231003e-03,2.828470058739185333e-02,-6.112337484955787659e-02
3.790554702281951904e-01,1.308256685733795166e-01,-2.433805540204048157e-02,-2.721914649009704590e-01,2.263433635234832764e-01,8.873812109231948853e-02,-2.893007695674896240e-01,2.337501943111419678e-01,5.125795006752014160e-01,5.049899816513061523e-01,6.201975941658020020e-01,1.000000119209289551e+00,4.718396663665771484e-01,-1.147253322415053844e-03,3.845059573650360107e-01,3.639408648014068604e-01,-3.644559681415557861e-01,-3.500587046146392822e-01,-2.339463531970977783e-01,-1.760580390691757202e-01,-2.713816240429878235e-02,1.258461177349090576e-01,3.983367383480072021e-01,2.967851459980010986e-01,3.915009796619415283e-01,-3.186896443367004395e-01,2.921188771724700928e-01,2.883058786392211914e-01,1.266633532941341400e-02,1.189236044883728027e-01,9.030435234308242798e-02,1.656128913164138794e-01,4.316628873348236084e-01,3.047626279294490814e-02,2.165271788835525513e-01,3.623984754085540771e-01,-7.900458574295043945e-02,2.111558467149734497e-01,3.817260265350341797e-01,3.600426018238067627e-01,2.481589317321777344e-01,1.334144324064254761e-01,-8.186897635459899902e-02,3.730157017707824707e-01,8.374597877264022827e-02,2.162331193685531616e-01,2.877764403820037842e-01,9.834063798189163208e-02
3.242103755474090576e-01,3.509656488895416260e-01,-9.482247382402420044e-02,-1.334139406681060791e-01,5.896241068840026855e-01,5.462269186973571777e-01,6.358718127012252808e-02,2.222275286912918091e-01,6.369907855987548828e-01,6.255958080291748047e-01,3.139027357101440430e-01,4.718396663665771484e-01,1.000000238418579102e+00,-1.423573940992355347e-01,1.657167822122573853e-01,3.221016526222229004e-01,-1.900189965963363647e-01,-3.673480153083801270e-01,-8.560346066951751709e-02,1.777705848217010498e-01,2.311657816171646118e-01,2.513128519058227539e-01,6.816112399101257324e-01,5.244371294975280762e-01,3.829058706760406494e-01,-1.421370506286621094e-01,2.359475195407867432e-01,3.131568431854248047e-01,1.722482591867446899e-01,1.405294984579086304e-01,1.763449460268020630e-01,3.549771010875701904e-01,3.950603902339935303e-01,9.933620691299438477e-03,1.971814781427383423e-01,6.209486722946166992e-01,-1.185960620641708374e-01,2.878254652023315430e-01,3.106252253055572510e-01,4.622112512588500977e-01,6.331890225410461426e-01,4.330827891826629639e-01,2.347875982522964478e-01,6.255834698677062988e-01,2.603942453861236572e-01,4.707872867584228516e-01,4.067868888378143311e-01,3.385587930679321289e-01
-2.373633906245231628e-02,-2.216797471046447754e-01,4.593040049076080322e-01,2.364441305398941040e-01,-3.732876777648925781e-01,-3.410283625125885010e-01,1.910577118396759033e-01,4.226205348968505859e-01,-1.212575733661651611e-01,-3.602715730667114258e-01,2.345285117626190186e-01,-1.147253322415053844e-03,-1.423573940992355347e-01,9.999999403953552246e-01,3.205395638942718506e-01,3.379533588886260986e-01,2.777525484561920166e-01,3.232431709766387939e-01,8.918889216147363186e-04,-6.841502338647842407e-02,-1.671268604695796967e-02,1.555346250534057617e-01,-1.712988913059234619e-01,-1.628975570201873779e-01,-7.189358584582805634e-03,2.830634117126464844e-01,-3.956197947263717651e-02,-1.799681037664413452e-02,-4.379945248365402222e-02,1.448126733303070068e-01,1.044169887900352478e-01,-9.301415085792541504e-02,1.617964804172515869e-01,3.424300551414489746e-01,5.738604813814163208e-02,-1.368454992771148682e-01,5.071581006050109863e-01,3.505274057388305664e-01,-5.761533975601196289e-02,-4.291417449712753296e-02,-2.519626617431640625e-01,-1.653344184160232544e-01,-2.562571763992309570e-01,-1.911914348602294922e-01,-9.876634925603866577e-02,-2.156267017126083374e-01,-2.359962910413742065e-01,4.372626543045043945e-03
1.788229644298553467e-01,8.022098802030086517e-03,2.664259374141693115e-01,5.321001261472702026e-02,-7.310722768306732178e-02,-1.576231718063354492e-01,9.923297166824340820e-02,3.076379895210266113e-01,1.213844791054725647e-01,1.848182990215718746e-03,4.671211242675781250e-01,3.845059573650360107e-01,1.657167822122573853e-01,3.205395638942718506e-01,1.000000119209289551e+00,6.014521121978759766e-01,9.937912225723266602e-02,1.245691701769828796e-01,-4.740110039710998535e-02,-2.517784573137760162e-02,5.141358077526092529e-02,2.043147385120391846e-01,1.336511373519897461e-01,7.779778540134429932e-02,1.120182573795318604e-01,1.375822573900222778e-01,1.032152622938156128e-01,-7.370966486632823944e-03,1.781925186514854431e-02,1.845376752316951752e-02,1.189684942364692688e-01,7.085238397121429443e-02,2.913207411766052246e-01,4.684635698795318604e-01,2.427433878183364868e-01,9.003533422946929932e-02,3.013036772608757019e-02,5.841227173805236816e-01,2.394281774759292603e-01,1.109329983592033386e-01,5.680131167173385620e-02,-1.267380546778440475e-02,-1.403310000896453857e-01,5.608927458524703979e-02,4.211013764142990112e-02,-5.764003843069076538e-02,-5.997494328767061234e-03,1.830056011676788330e-01
2.710081040859222412e-01,-9.477511048316955566e-03,2.946257591247558594e-01,1.439568251371383667e-01,4.904341325163841248e-02,-5.932679772377014160e-02,1.263889074325561523e-01,2.824957370758056641e-01,2.609499096870422363e-01,4.056542739272117615e-02,4.300198554992675781e-01,3.639408648014068604e-01,3.221016526222229004e-01,3.379533588886260986e-01,6.014521121978759766e-01,1.000000238418579102e+00,1.214190013706684113e-02,4.935287684202194214e-02,-1.181564480066299438e-01,-1.328118145465850830e-01,-2.169388718903064728e-02,2.654972672462463379e-01,2.086118757724761963e-01,3.217881172895431519e-02,1.745098531246185303e-01,4.614066332578659058e-02,1.374263465404510498e-01,1.498763859272003174e-01,-5.416099447757005692e-03,6.344749033451080322e-02,6.160819530487060547e-02,-3.762124339118599892e-03,4.065492749214172363e-01,3.854512870311737061e-01,3.447664380073547363e-01,1.084207445383071899e-01,1.568398177623748779e-01,5.353798866271972656e-01,3.264934420585632324e-01,2.161778211593627930e-01,9.466310031712055206e-03,-1.134216133505105972e-02,-1.677529364824295044e-01,1.290158778429031372e-01,-4.200825095176696777e-02,-3.988644480705261230e-02,-3.463739156723022461e-02,1.035470068454742432e-01
-4.300587624311447144e-02,3.153078723698854446e-03,5.810417532920837402e-01,6.157473325729370117e-01,-2.139478772878646851e-01,-8.078412711620330811e-02,8.383967280387878418e-01,6.954944878816604614e-02,-2.459839135408401489e-01,-3.886463940143585205e-01,-2.082555294036865234e-01,-3.644559681415557861e-01,-1.900189965963363647e-01,2.777525484561920166e-01,9.937912225723266602e-02,1.214190013706684113e-02,1.000000357627868652e+00,7.976635694503784180e-01,6.073614954948425293e-01,5.185394287109375000e-01,4.645581543445587158e-01,4.560949206352233887e-01,-5.457418039441108704e-02,-8.053202927112579346e-02,-3.407409191131591797e-01,7.745769023895263672e-01,-6.470841169357299805e-02,-2.711647748947143555e-02,3.833290934562683105e-01,2.325236499309539795e-01,4.133122861385345459e-01,1.805745065212249756e-01,-1.650121361017227173e-01,2.728725373744964600e-01,1.195085141807794571e-02,-1.797645539045333862e-01,2.083636969327926636e-01,1.459858417510986328e-01,-1.939111053943634033e-01,-2.206976264715194702e-01,-1.750827431678771973e-01,1.225883886218070984e-01,1.989797353744506836e-01,-2.605338096618652344e-01,2.076082974672317505e-01,-6.289459019899368286e-02,-1.358661800622940063e-01,3.751487433910369873e-01
-6.469886004924774170e-02,-9.514322876930236816e-02,5.811547040939331055e-01,5.840060710906982422e-01,-3.660313487052917480e-01,-2.927602827548980713e-01,6.966545581817626953e-01,2.530800551176071167e-02,-3.033284544944763184e-01,-5.027814507484436035e-01,-1.980539560317993164e-01,-3.500587046146392822e-01,-3.673480153083801270e-01,3.232431709766387939e-01,1.245691701769828796e-01,4.935287684202194214e-02,7.976635694503784180e-01,1.000000000000000000e+00,4.854580163955688477e-01,3.826187551021575928e-01,3.736945688724517822e-01,4.260341227054595947e-01,-1.873805820941925049e-01,-2.281349301338195801e-01,-2.981894910335540771e-01,7.500925064086914062e-01,-9.324474632740020752e-02,-8.431157469749450684e-02,2.421579062938690186e-01,1.456118226051330566e-01,3.887590467929840088e-01,2.462026476860046387e-02,-1.750846356153488159e-01,2.494852989912033081e-01,3.734462335705757141e-02,-3.025234937667846680e-01,2.529478073120117188e-01,9.181983023881912231e-02,-2.169263958930969238e-01,-3.258559703826904297e-01,-3.448711037635803223e-01,-9.337807446718215942e-02,3.494040295481681824e-02,-3.651001751422882080e-01,8.627723157405853271e-02,-2.435786873102188110e-01,-2.704579532146453857e-01,2.448574304580688477e-01
3.212561011314392090e-01,2.852466106414794922e-01,2.642526626586914062e-01,5.314184427261352539e-01,6.285418570041656494e-02,2.337857335805892944e-01,5.677655935287475586e-01,-1.214465275406837463e-01,-1.164999529719352722e-01,-9.634139388799667358e-02,-2.508712410926818848e-01,-2.339463531970977783e-01,-8.560346066951751709e-02,8.918889216147363186e-04,-4.740110039710998535e-02,-1.181564480066299438e-01,6.073614954948425293e-01,4.854580163955688477e-01,9.999992251396179199e-01,7.326510548591613770e-01,6.878224015235900879e-01,5.290685892105102539e-01,2.657957933843135834e-02,1.075129136443138123e-01,-2.678900063037872314e-01,3.630793690681457520e-01,6.666965782642364502e-03,2.282537370920181274e-01,6.486615538597106934e-01,3.734219670295715332e-01,5.867994427680969238e-01,4.567815363407135010e-01,-1.510509997606277466e-01,-1.889375620521605015e-03,1.418451778590679169e-02,-3.204851876944303513e-03,3.489093109965324402e-02,2.579224109649658203e-02,-1.212462857365608215e-01,-1.834612935781478882e-01,1.224760040640830994e-01,4.289487302303314209e-01,5.755686759948730469e-01,2.048372989520430565e-03,3.955656290054321289e-01,2.686896324157714844e-01,1.496461033821105957e-01,3.880872130393981934e-01
2.726107835769653320e-01,3.803693056106567383e-01,9.584354609251022339e-02,3.813045024871826172e-01,2.260651290416717529e-01,3.797780275344848633e-01,5.925173759460449219e-01,-8.960029482841491699e-02,4.889405518770217896e-02,5.998081341385841370e-02,-2.418358325958251953e-01,-1.760580390691757202e-01,1.777705848217010498e-01,-6.841502338647842407e-02,-2.517784573137760162e-02,-1.328118145465850830e-01,5.185394287109375000e-01,3.826187551021575928e-01,7.326510548591613770e-01,1.000000357627868652e+00,8.295081257820129395e-01,5.643579959869384766e-01,2.439283877611160278e-01,3.090597689151763916e-01,-1.780965924263000488e-01,3.141840398311614990e-01,9.087244421243667603e-02,1.600633412599563599e-01,6.173521280288696289e-01,3.437335193157196045e-01,6.362608671188354492e-01,5.727369189262390137e-01,-1.061616614460945129e-01,8.162976056337356567e-02,5.510414391756057739e-02,2.055876851081848145e-01,6.496238708496093750e-02,8.836655318737030029e-02,-2.685518190264701843e-02,-2.166762016713619232e-02,3.429732322692871094e-01,6.040909886360168457e-01,6.339328885078430176e-01,2.009677290916442871e-01,4.461373090744018555e-01,3.899992704391479492e-01,3.042487502098083496e-01,5.317553281784057617e-01
3.605606555938720703e-01,4.119736552238464355e-01,1.485916972160339355e-01,3.367084562778472900e-01,1.619482636451721191e-01,3.025511503219604492e-01,5.264437198638916016e-01,-4.242635890841484070e-02,1.239158734679222107e-01,1.000975817441940308e-01,-1.633156239986419678e-01,-2.713816240429878235e-02,2.311657816171646118e-01,-1.671268604695796967e-02,5.141358077526092529e-02,-2.169388718903064728e-02,4.645581543445587158e-01,3.736945688724517822e-01,6.878224015235900879e-01,8.295081257820129395e-01,1.000000000000000000e+00,6.453872323036193848e-01,3.143935501575469971e-01,3.543714880943298340e-01,-1.554364413022994995e-01,2.812631428241729736e-01,1.017895191907882690e-01,1.565839499235153198e-01,6.003435254096984863e-01,4.018152654170989990e-01,7.324797511100769043e-01,6.589717864990234375e-01,2.510084211826324463e-02,1.002826243638992310e-01,1.201982721686363220e-01,2.734317183494567871e-01,1.050869449973106384e-01,1.307544708251953125e-01,2.400435507297515869e-02,2.133625745773315430e-02,3.655137121677398682e-01,6.505173444747924805e-01,5.762287378311157227e-01,2.763398289680480957e-01,4.442426562309265137e-01,4.252630472183227539e-01,3.310300707817077637e-01,5.377827882766723633e-01
4.800311028957366943e-01,2.530559599399566650e-01,4.914632737636566162e-01,5.358180999755859375e-01,1.382370591163635254e-01,1.796763092279434204e-01,5.246267318725585938e-01,8.316048979759216309e-02,2.665646374225616455e-01,1.298073828220367432e-01,1.652381382882595062e-02,1.258461177349090576e-01,2.513128519058227539e-01,1.555346250534057617e-01,2.043147385120391846e-01,2.654972672462463379e-01,4.560949206352233887e-01,4.260341227054595947e-01,5.290685892105102539e-01,5.643579959869384766e-01,6.453872323036193848e-01,9.999999403953552246e-01,3.357869982719421387e-01,3.526842296123504639e-01,-3.203114867210388184e-02,3.200408220291137695e-01,1.878833323717117310e-01,4.067252874374389648e-01,5.223974585533142090e-01,5.255787968635559082e-01,7.938737273216247559e-01,6.313878893852233887e-01,1.350838989019393921e-01,1.372720152139663696e-01,1.102064326405525208e-01,1.956119388341903687e-01,1.186501011252403259e-01,1.953786462545394897e-01,-3.452781960368156433e-02,8.991811424493789673e-02,2.195207327604293823e-01,4.524049460887908936e-01,4.130850136280059814e-01,1.324620991945266724e-01,3.296027481555938721e-01,2.861005663871765137e-01,3.596191108226776123e-01,6.344105005264282227e-01
2.861031293869018555e-01,2.914233207702636719e-01,-1.704900413751602173e-01,-1.512083262205123901e-01,4.783748984336853027e-01,4.359084665775299072e-01,1.254524886608123779e-01,1.723861992359161377e-01,5.431481599807739258e-01,5.058986544609069824e-01,2.189092487096786499e-01,3.983367383480072021e-01,6.816112399101257324e-01,-1.712988913059234619e-01,1.336511373519897461e-01,2.086118757724761963e-01,-5.457418039441108704e-02,-1.873805820941925049e-01,2.657957933843135834e-02,2.439283877611160278e-01,3.143935501575469971e-01,3.357869982719421387e-01,9.999994635581970215e-01,6.810994148254394531e-01,2.497308850288391113e-01,-5.249082669615745544e-02,2.005259543657302856e-01,3.130266815423965454e-02,7.470597326755523682e-02,2.865514717996120453e-02,2.740471661090850830e-01,5.176268219947814941e-01,3.622960448265075684e-01,2.234273776412010193e-02,1.613366454839706421e-01,7.222465276718139648e-01,-9.902282804250717163e-02,2.772982418537139893e-01,3.941069841384887695e-01,6.259298920631408691e-01,5.662101507186889648e-01,4.913975000381469727e-01,2.066784352064132690e-01,5.446568727493286133e-01,2.338818758726119995e-01,4.241644144058227539e-01,5.503422617912292480e-01,5.850173234939575195e-01
2.760943174362182617e-01,3.942859470844268799e-01,-1.322637796401977539e-01,-1.106677576899528503e-01,3.490841686725616455e-01,3.473387658596038818e-01,2.789170481264591217e-02,-1.948146265931427479e-03,3.968765437602996826e-01,4.188747107982635498e-01,2.815593406558036804e-02,2.967851459980010986e-01,5.244371294975280762e-01,-1.628975570201873779e-01,7.779778540134429932e-02,3.217881172895431519e-02,-8.053202927112579346e-02,-2.281349301338195801e-01,1.075129136443138123e-01,3.090597689151763916e-01,3.543714880943298340e-01,3.526842296123504639e-01,6.810994148254394531e-01,1.000000238418579102e+00,2.062686160206794739e-02,-8.800356090068817139e-02,3.521642088890075684e-02,-1.946219010278582573e-03,1.212124675512313843e-01,1.033821478486061096e-01,4.050478041172027588e-01,7.210214138031005859e-01,1.428740173578262329e-01,-4.868726804852485657e-02,5.771903693675994873e-02,7.788357138633728027e-01,-1.741272658109664917e-01,1.565981507301330566e-01,2.865644395351409912e-01,5.408752560615539551e-01,5.234354138374328613e-01,5.615848302841186523e-01,2.759523391723632812e-01,4.801295399665832520e-01,2.951865494251251221e-01,4.287675023078918457e-01,7.710247039794921875e-01,5.780477523803710938e-01
2.970653176307678223e-01,8.091992139816284180e-02,-1.250466853380203247e-01,-1.667846441268920898e-01,3.257908225059509277e-01,2.819526195526123047e-01,-1.993152201175689697e-01,3.908035457134246826e-01,4.085799157619476318e-01,3.824206888675689697e-01,4.372202754020690918e-01,3.915009796619415283e-01,3.829058706760406494e-01,-7.189358584582805634e-03,1.120182573795318604e-01,1.745098531246185303e-01,-3.407409191131591797e-01,-2.981894910335540771e-01,-2.678900063037872314e-01,-1.780965924263000488e-01,-1.554364413022994995e-01,-3.203114867210388184e-02,2.497308850288391113e-01,2.062686160206794739e-02,9.999997615814208984e-01,-2.871403992176055908e-01,3.560255169868469238e-01,3.727559447288513184e-01,4.420540854334831238e-02,1.205347925424575806e-01,-2.597080543637275696e-02,-8.840997517108917236e-02,6.650139689445495605e-01,-2.679035067558288574e-02,1.984982639551162720e-01,2.078569531440734863e-01,2.763782627880573273e-03,2.049970626831054688e-01,9.251690655946731567e-02,1.758015900850296021e-01,2.505948543548583984e-01,6.123896309873089194e-05,2.327486639842391014e-03,3.560981452465057373e-01,7.100535929203033447e-02,1.374681293964385986e-01,5.578895285725593567e-02,-8.121497929096221924e-02
-1.868755519390106201e-01,-4.775021970272064209e-02,6.103346943855285645e-01,5.687410831451416016e-01,-2.085827440023422241e-01,-1.554851680994033813e-01,7.574098110198974609e-01,1.173911169171333313e-01,-2.089672833681106567e-01,-3.995891809463500977e-01,-1.613707393407821655e-01,-3.186896443367004395e-01,-1.421370506286621094e-01,2.830634117126464844e-01,1.375822573900222778e-01,4.614066332578659058e-02,7.745769023895263672e-01,7.500925064086914062e-01,3.630793690681457520e-01,3.141840398311614990e-01,2.812631428241729736e-01,3.200408220291137695e-01,-5.249082669615745544e-02,-8.800356090068817139e-02,-2.871403992176055908e-01,1.000000238418579102e+00,-1.227388530969619751e-01,-9.726699441671371460e-02,2.243005633354187012e-01,8.279071748256683350e-02,2.866960465908050537e-01,7.779285311698913574e-02,-1.865802705287933350e-01,2.282483130693435669e-01,-4.886497557163238525e-02,-1.109096482396125793e-01,1.478625833988189697e-01,1.163409352302551270e-01,-2.091469466686248779e-01,-1.759344339370727539e-01,-1.672206819057464600e-01,-4.349163919687271118e-02,-1.517785567557439208e-04,-2.750433683395385742e-01,9.976216405630111694e-02,-1.769031286239624023e-01,-1.700361520051956177e-01,2.997115552425384521e-01
3.625704050064086914e-01,2.984549105167388916e-01,2.448097430169582367e-02,1.568341068923473358e-02,2.395414412021636963e-01,1.917935311794281006e-01,-1.642328104935586452e-03,3.550265729427337646e-01,2.875245511531829834e-01,3.331236839294433594e-01,2.954320013523101807e-01,2.921188771724700928e-01,2.359475195407867432e-01,-3.956197947263717651e-02,1.032152622938156128e-01,1.374263465404510498e-01,-6.470841169357299805e-02,-9.324474632740020752e-02,6.666965782642364502e-03,9.087244421243667603e-02,1.017895191907882690e-01,1.878833323717117310e-01,2.005259543657302856e-01,3.521642088890075684e-02,3.560255169868469238e-01,-1.227388530969619751e-01,9.999998211860656738e-01,3.408938050270080566e-01,2.400159239768981934e-01,1.565937250852584839e-01,1.488595455884933472e-01,9.280270338058471680e-02,4.380765259265899658e-01,1.155741736292839050e-01,1.298903971910476685e-01,6.530860811471939087e-02,1.310349851846694946e-01,1.262930482625961304e-01,-8.055860176682472229e-03,-1.074744015932083130e-02,2.706384062767028809e-01,1.850233078002929688e-01,1.997248083353042603e-01,3.175081610679626465e-01,3.228467702865600586e-01,3.167733252048492432e-01,1.561879813671112061e-01,2.105974033474922180e-02
5.740751624107360840e-01,2.667437493801116943e-01,2.916941642761230469e-01,3.505615293979644775e-01,3.659609556198120117e-01,4.376780986785888672e-01,9.334348142147064209e-02,7.147011905908584595e-02,3.272112309932708740e-01,3.811792135238647461e-01,1.964935064315795898e-01,2.883058786392211914e-01,3.131568431854248047e-01,-1.799681037664413452e-02,-7.370966486632823944e-03,1.498763859272003174e-01,-2.711647748947143555e-02,-8.431157469749450684e-02,2.282537370920181274e-01,1.600633412599563599e-01,1.565839499235153198e-01,4.067252874374389648e-01,3.130266815423965454e-02,-1.946219010278582573e-03,3.727559447288513184e-01,-9.726699441671371460e-02,3.408938050270080566e-01,9.999999403953552246e-01,6.463978886604309082e-01,6.084744334220886230e-01,3.747748434543609619e-01,2.146777063608169556e-01,2.689023017883300781e-01,-1.883702725172042847e-01,4.771166667342185974e-02,-9.800501866266131401e-04,-1.907128491438925266e-03,-6.018038839101791382e-02,-1.244338750839233398e-01,-8.417582511901855469e-02,3.004045486450195312e-01,2.125202119350433350e-01,4.017937779426574707e-01,2.076068371534347534e-01,3.387215435504913330e-01,3.653212785720825195e-01,1.369001865386962891e-01,2.763636596500873566e-02
5.273361206054687500e-01,4.628271460533142090e-01,2.746798992156982422e-01,4.895858466625213623e-01,2.960141897201538086e-01,4.767255783081054688e-01,4.687550961971282959e-01,-1.803734630811959505e-04,1.190445795655250549e-01,1.630911678075790405e-01,-7.342167943716049194e-02,1.266633532941341400e-02,1.722482591867446899e-01,-4.379945248365402222e-02,1.781925186514854431e-02,-5.416099447757005692e-03,3.833290934562683105e-01,2.421579062938690186e-01,6.486615538597106934e-01,6.173521280288696289e-01,6.003435254096984863e-01,5.223974585533142090e-01,7.470597326755523682e-02,1.212124675512313843e-01,4.420540854334831238e-02,2.243005633354187012e-01,2.400159239768981934e-01,6.463978886604309082e-01,9.999997615814208984e-01,6.343567371368408203e-01,6.096923351287841797e-01,4.804057776927947998e-01,1.009272933006286621e-01,3.415095387026667595e-03,7.977560907602310181e-02,4.897426813840866089e-02,4.657362028956413269e-02,4.051454365253448486e-02,-1.183269172906875610e-01,-1.508597433567047119e-01,3.620779514312744141e-01,4.958067834377288818e-01,6.934334039688110352e-01,2.061500251293182373e-01,5.603299736976623535e-01,4.692181646823883057e-01,2.064079195261001587e-01,2.791538834571838379e-01
4.356528520584106445e-01,2.078701555728912354e-01,3.210541009902954102e-01,3.268282413482666016e-01,6.260904669761657715e-02,2.432418465614318848e-01,2.504283785820007324e-01,7.904991507530212402e-02,1.363420784473419189e-01,9.508960694074630737e-02,4.818208399228751659e-04,1.189236044883728027e-01,1.405294984579086304e-01,1.448126733303070068e-01,1.845376752316951752e-02,6.344749033451080322e-02,2.325236499309539795e-01,1.456118226051330566e-01,3.734219670295715332e-01,3.437335193157196045e-01,4.018152654170989990e-01,5.255787968635559082e-01,2.865514717996120453e-02,1.033821478486061096e-01,1.205347925424575806e-01,8.279071748256683350e-02,1.565937250852584839e-01,6.084744334220886230e-01,6.343567371368408203e-01,1.000000119209289551e+00,6.017509698867797852e-01,4.105115532875061035e-01,1.729902923107147217e-01,4.635271802544593811e-02,9.209953248500823975e-02,2.468734979629516602e-02,2.297286540269851685e-01,9.962991811335086823e-03,-1.347425729036331177e-01,-1.288438886404037476e-01,1.851350367069244385e-01,3.440515398979187012e-01,3.961409628391265869e-01,1.804546415805816650e-01,3.161674141883850098e-01,2.817056775093078613e-01,1.759100109338760376e-01,1.642801761627197266e-01
4.466696083545684814e-01,3.221111893653869629e-01,3.805733323097229004e-01,4.178340435028076172e-01,5.709923058748245239e-02,1.942516863346099854e-01,4.410281479358673096e-01,5.547638237476348877e-02,2.146752476692199707e-01,1.328370869159698486e-01,-2.833733148872852325e-02,9.030435234308242798e-02,1.763449460268020630e-01,1.044169887900352478e-01,1.189684942364692688e-01,6.160819530487060547e-02,4.133122861385345459e-01,3.887590467929840088e-01,5.867994427680969238e-01,6.362608671188354492e-01,7.324797511100769043e-01,7.938737273216247559e-01,2.740471661090850830e-01,4.050478041172027588e-01,-2.597080543637275696e-02,2.866960465908050537e-01,1.488595455884933472e-01,3.747748434543609619e-01,6.096923351287841797e-01,6.017509698867797852e-01,9.999998211860656738e-01,6.982520222663879395e-01,1.215121448040008545e-01,8.839657157659530640e-02,1.134048104286193848e-01,2.654777765274047852e-01,1.272536069154739380e-01,1.219128444790840149e-01,-3.749710274860262871e-03,5.118862912058830261e-02,2.569467723369598389e-01,5.063621997833251953e-01,4.553821384906768799e-01,1.632880717515945435e-01,4.262800216674804688e-01,3.385007083415985107e-01,4.080530703067779541e-01,5.255958437919616699e-01
4.769931435585021973e-01,4.145189523696899414e-01,6.955206394195556641e-02,2.071614712476730347e-01,2.727732956409454346e-01,3.603943288326263428e-01,2.745747864246368408e-01,-3.820530325174331665e-02,2.781125903129577637e-01,3.019258975982666016e-01,-9.273844212293624878e-02,1.656128913164138794e-01,3.549771010875701904e-01,-9.301415085792541504e-02,7.085238397121429443e-02,-3.762124339118599892e-03,1.805745065212249756e-01,2.462026476860046387e-02,4.567815363407135010e-01,5.727369189262390137e-01,6.589717864990234375e-01,6.313878893852233887e-01,5.176268219947814941e-01,7.210214138031005859e-01,-8.840997517108917236e-02,7.779285311698913574e-02,9.280270338058471680e-02,2.146777063608169556e-01,4.804057776927947998e-01,4.105115532875061035e-01,6.982520222663879395e-01,1.000000000000000000e+00,9.829463064670562744e-02,-1.429157331585884094e-02,6.675958167761564255e-03,5.512703657150268555e-01,-5.398120358586311340e-02,1.392414271831512451e-01,1.109706759452819824e-01,3.349620401859283447e-01,4.894231855869293213e-01,6.922362446784973145e-01,5.246988534927368164e-01,3.681454658508300781e-01,4.136019945144653320e-01,5.193257927894592285e-01,6.752864718437194824e-01,6.750803589820861816e-01
4.793416559696197510e-01,2.071600854396820068e-01,-1.228907983750104904e-02,-1.101925820112228394e-01,2.846581637859344482e-01,2.368264049291610718e-01,-6.661240011453628540e-02,5.411994457244873047e-01,4.397381544113159180e-01,2.593774497509002686e-01,4.437575936317443848e-01,4.316628873348236084e-01,3.950603902339935303e-01,1.617964804172515869e-01,2.913207411766052246e-01,4.065492749214172363e-01,-1.650121361017227173e-01,-1.750846356153488159e-01,-1.510509997606277466e-01,-1.061616614460945129e-01,2.510084211826324463e-02,1.350838989019393921e-01,3.622960448265075684e-01,1.428740173578262329e-01,6.650139689445495605e-01,-1.865802705287933350e-01,4.380765259265899658e-01,2.689023017883300781e-01,1.009272933006286621e-01,1.729902923107147217e-01,1.215121448040008545e-01,9.829463064670562744e-02,1.000000238418579102e+00,2.808654904365539551e-01,3.675655722618103027e-01,3.063104450702667236e-01,1.839387118816375732e-01,4.301512241363525391e-01,2.874206900596618652e-01,2.334908694028854370e-01,3.081912398338317871e-01,2.084561288356781006e-01,1.519279461354017258e-02,4.668305516242980957e-01,1.793610751628875732e-01,2.442503422498703003e-01,1.315938085317611694e-01,3.795740380883216858e-02
