1.000000119209289551e+00,2.888296246528625488e-01,4.066468775272369385e-01,5.167694091796875000e-01,6.445295214653015137e-01,5.569741725921630859e-01,2.282339781522750854e-01,4.391664862632751465e-01,4.274773001670837402e-01,3.560341000556945801e-01,5.118582248687744141e-01,5.263361334800720215e-01,3.163471221923828125e-01,4.166730344295501709e-01,2.904834747314453125e-01,2.670592665672302246e-01,1.113184019923210144e-01,1.237548887729644775e-01,2.919319570064544678e-01,3.924340009689331055e-01,4.335269629955291748e-01,6.196299195289611816e-02,1.486786305904388428e-01,-2.631056904792785645e-01,1.044557467103004456e-01,2.821305692195892334e-01,3.018916845321655273e-01,5.374630689620971680e-01,3.988948166370391846e-01,2.841587662696838379e-01,-8.091226965188980103e-02,-2.355005890130996704e-01,4.963574409484863281e-01,2.965067327022552490e-01,2.105371057987213135e-01,-2.514055073261260986e-01,2.105514556169509888e-01,2.523081004619598389e-01,6.418816000223159790e-02,-7.672584056854248047e-02,4.172964394092559814e-01,2.638434171676635742e-01,1.212499588727951050e-01,1.838184148073196411e-01,1.288263946771621704e-01,1.445903778076171875e-01,-2.957331538200378418e-01,-3.153423666954040527e-01
2.888296246528625488e-01,9.999998211860656738e-01,5.043277144432067871e-02,8.608001284301280975e-03,3.447210192680358887e-01,4.559082388877868652e-01,1.995010823011398315e-01,3.822496533393859863e-01,4.016141295433044434e-01,4.450195133686065674e-01,2.813171446323394775e-01,2.642738819122314453e-01,2.074582725763320923e-01,1.890741735696792603e-01,1.256542652845382690e-01,6.222509965300559998e-02,1.215365678071975708e-01,1.623144559562206268e-02,4.092163443565368652e-01,4.035284817218780518e-01,3.379059135913848877e-01,-2.267919778823852539e-01,-2.378857433795928955e-01,3.968220204114913940e-02,-6.535867601633071899e-02,2.665196955204010010e-01,1.738689392805099487e-01,4.268133044242858887e-01,5.702334642410278320e-01,3.927143514156341553e-01,2.697491645812988281e-01,1.514219492673873901e-01,3.140536546707153320e-01,2.095248103141784668e-01,2.187834978103637695e-01,6.792871654033660889e-02,6.269348785281181335e-03,9.036689996719360352e-02,1.065334826707839966e-01,-6.253473460674285889e-02,5.614987611770629883e-01,5.759249329566955566e-01,3.115400373935699463e-01,3.367114663124084473e-01,5.678827762603759766e-01,4.935012459754943848e-01,8.591222763061523438e-02,-2.495900690555572510e-01
4.066468775272369385e-01,5.043277144432067871e-02,1.000000119209289551e+00,6.787137389183044434e-01,3.078023195266723633e-01,2.325888574123382568e-01,5.505019426345825195e-01,3.261779546737670898e-01,1.879069209098815918e-01,2.667202949523925781e-01,1.800798326730728149e-01,2.536622285842895508e-01,1.524141579866409302e-01,4.262662827968597412e-01,1.388617157936096191e-01,-1.724673435091972351e-02,4.490192532539367676e-01,2.634708583354949951e-01,2.515668570995330811e-01,3.629393279552459717e-01,3.459566235542297363e-01,4.367388784885406494e-02,-7.667682319879531860e-02,-1.464080959558486938e-01,1.087591499090194702e-01,6.059703826904296875e-01,1.826076060533523560e-01,4.276756048202514648e-01,2.485741972923278809e-01,1.648326516151428223e-01,-1.781024038791656494e-01,-1.634448468685150146e-01,2.448001354932785034e-01,1.130287796258926392e-01,-3.527817875146865845e-02,-1.474093347787857056e-01,3.473824262619018555e-01,4.174959659576416016e-02,-1.378376334905624390e-01,-1.883817166090011597e-01,7.946901023387908936e-02,5.827387049794197083e-02,-8.392143249511718750e-02,1.384114623069763184e-01,1.432424634695053101e-01,1.159565746784210205e-01,-1.653197407722473145e-01,-2.424124479293823242e-01
5.167694091796875000e-01,8.608001284301280975e-03,6.787137389183044434e-01,1.000000000000000000e+00,3.018643260002136230e-01,3.829527497291564941e-01,4.444719552993774414e-01,1.160758882761001587e-01,7.467144727706909180e-02,1.828293353319168091e-01,9.795041382312774658e-02,3.062143921852111816e-01,2.149457335472106934e-01,2.854595482349395752e-01,2.437685728073120117e-01,2.478099018335342407e-01,3.082152903079986572e-01,3.466999530792236328e-01,4.065313935279846191e-01,4.856761395931243896e-01,3.930432498455047607e-01,2.575844824314117432e-01,2.998712100088596344e-02,-2.280548512935638428e-01,9.398980997502803802e-03,4.452901780605316162e-01,7.893652468919754028e-02,3.486217856407165527e-01,1.774535775184631348e-01,6.141500547528266907e-02,-1.617594361305236816e-01,-3.060238063335418701e-01,1.369420737028121948e-01,1.289914101362228394e-01,-1.474188268184661865e-02,-2.621334791183471680e-01,2.908133864402770996e-01,1.186194568872451782e-01,-1.472290605306625366e-01,-1.980236619710922241e-01,7.481973618268966675e-02,-7.344024255871772766e-03,-6.369596812874078751e-03,1.203260105103254318e-02,7.245030999183654785e-02,8.881107717752456665e-02,-2.903084456920623779e-01,-2.000823020935058594e-01
6.445295214653015137e-01,3.447210192680358887e-01,3.078023195266723633e-01,3.018643260002136230e-01,9.999997615814208984e-01,6.579403281211853027e-01,2.105105370283126831e-01,4.932181239128112793e-01,5.825080871582031250e-01,5.134183168411254883e-01,4.719253778457641602e-01,5.457777976989746094e-01,4.335212707519531250e-01,2.975493669509887695e-01,5.071597918868064880e-02,1.298371255397796631e-01,9.387528896331787109e-02,1.189057622104883194e-02,1.400140374898910522e-01,3.884804844856262207e-01,5.405474901199340820e-01,-6.501889787614345551e-03,5.324050039052963257e-02,-2.423940151929855347e-01,9.828732162714004517e-02,2.268815487623214722e-01,2.355621308088302612e-01,4.928880333900451660e-01,3.523385822772979736e-01,1.982045322656631470e-01,-1.419927179813385010e-01,-1.293921619653701782e-01,3.925111889839172363e-01,7.086399197578430176e-02,1.111245453357696533e-01,-1.929268091917037964e-01,2.701490372419357300e-02,1.927032321691513062e-02,-6.755361706018447876e-02,-1.942922621965408325e-01,5.266383290290832520e-01,4.405602812767028809e-01,2.643176615238189697e-01,1.819845139980316162e-01,2.299761474132537842e-01,2.579089403152465820e-01,-2.274062484502792358e-01,-2.028305828571319580e-01
5.569741725921630859e-01,4.559082388877868652e-01,2.325888574123382568e-01,3.829527497291564941e-01,6.579403281211853027e-01,9.999997019767761230e-01,2.764076292514801025e-01,2.592787146568298340e-01,3.758337795734405518e-01,4.378650784492492676e-01,2.450811117887496948e-01,3.864691555500030518e-01,3.927061557769775391e-01,1.630615890026092529e-01,1.281291842460632324e-01,2.905955612659454346e-01,5.995354056358337402e-02,1.417078375816345215e-01,4.137183427810668945e-01,5.235738158226013184e-01,4.067783653736114502e-01,6.650027632713317871e-02,1.534875202924013138e-02,-2.622521519660949707e-01,3.975791856646537781e-02,3.289561867713928223e-01,1.925052106380462646e-01,4.975939989089965820e-01,3.416864275932312012e-01,8.858682215213775635e-02,-1.256140023469924927e-01,-2.803377509117126465e-01,2.967716753482818604e-01,9.187395125627517700e-02,1.127796098589897156e-01,-2.949736416339874268e-01,8.823932707309722900e-02,3.166279196739196777e-02,-9.552660584449768066e-02,-2.243555188179016113e-01,5.539085268974304199e-01,3.835146725177764893e-01,3.013906776905059814e-01,2.109591513872146606e-01,2.162704169750213623e-01,3.206286430358886719e-01,-3.292931616306304932e-01,-1.602573096752166748e-01
2.282339781522750854e-01,1.995010823011398315e-01,5.505019426345825195e-01,4.444719552993774414e-01,2.105105370283126831e-01,2.764076292514801025e-01,1.000000715255737305e+00,2.342806160449981689e-01,1.696961969137191772e-01,2.493945211172103882e-01,1.296744681894779205e-02,2.953643724322319031e-02,-3.447277843952178955e-02,2.050352692604064941e-01,1.888187602162361145e-02,-1.088580116629600525e-01,7.831582427024841309e-01,4.108165204524993896e-01,2.726862132549285889e-01,2.130569517612457275e-01,9.051189571619033813e-02,-1.697140373289585114e-02,-2.624508142471313477e-01,-1.170227602124214172e-01,1.977091580629348755e-01,6.913056969642639160e-01,1.849842816591262817e-01,2.940053641796112061e-01,2.238142192363739014e-01,-5.184395611286163330e-02,-1.538818776607513428e-01,2.753838151693344116e-02,4.766324162483215332e-02,1.544032152742147446e-02,-1.028899624943733215e-01,-1.068864464759826660e-01,2.318952828645706177e-01,-6.987820565700531006e-02,-2.035172134637832642e-01,-3.412109613418579102e-01,6.351093202829360962e-02,2.865216434001922607e-01,6.861031800508499146e-02,1.227734535932540894e-01,2.730450034141540527e-01,3.044403791427612305e-01,-8.250757306814193726e-02,-2.214478403329849243e-01
4.391664862632751465e-01,3.822496533393859863e-01,3.261779546737670898e-01,1.160758882761001587e-01,4.932181239128112793e-01,2.592787146568298340e-01,2.342806160449981689e-01,9.999997615814208984e-01,6.872802376747131348e-01,5.307535529136657715e-01,6.794952750205993652e-01,5.593480467796325684e-01,3.547453582286834717e-01,5.250356793403625488e-01,2.096436470746994019e-01,1.108020246028900146e-01,2.216720432043075562e-01,2.168248035013675690e-02,1.822338253259658813e-02,1.629048585891723633e-01,3.327717483043670654e-01,-1.108433902263641357e-01,1.023854836821556091e-01,-1.228971555829048157e-01,2.431042194366455078e-01,2.517181038856506348e-01,3.820562064647674561e-01,4.059737324714660645e-01,2.623855769634246826e-01,2.444063574075698853e-01,-9.194884449243545532e-02,7.834893651306629181e-03,5.809090733528137207e-01,3.668875396251678467e-01,2.140703797340393066e-01,-4.711093008518218994e-02,2.396438866853713989e-01,2.898028492927551270e-01,1.580716818571090698e-01,2.376510528847575188e-03,2.687437236309051514e-01,3.773232996463775635e-01,1.576632708311080933e-01,4.548498392105102539e-01,2.469366937875747681e-01,2.416030466556549072e-01,-4.892207682132720947e-02,-2.981877326965332031e-01
4.274773001670837402e-01,4.016141295433044434e-01,1.879069209098815918e-01,7.467144727706909180e-02,5.825080871582031250e-01,3.758337795734405518e-01,1.696961969137191772e-01,6.872802376747131348e-01,9.999998211860656738e-01,6.589421033859252930e-01,6.166706681251525879e-01,6.413954496383666992e-01,5.575873851776123047e-01,3.829488158226013184e-01,6.753306835889816284e-02,1.537280827760696411e-01,1.394221931695938110e-01,-4.288497939705848694e-02,3.881772281602025032e-03,1.923795044422149658e-01,3.991108834743499756e-01,-5.393685773015022278e-02,2.090547680854797363e-01,-6.224869936704635620e-02,1.743825972080230713e-01,1.424196511507034302e-01,3.021827936172485352e-01,3.088538348674774170e-01,2.049921005964279175e-01,1.278244853019714355e-01,-1.008454188704490662e-01,1.386808231472969055e-02,4.521908462047576904e-01,1.708900481462478638e-01,2.048346251249313354e-01,-1.216902397572994232e-03,7.065226137638092041e-02,1.621484756469726562e-01,7.508257776498794556e-02,-4.086795076727867126e-02,3.136938512325286865e-01,4.611752331256866455e-01,2.429446876049041748e-01,3.903286159038543701e-01,2.388039678335189819e-01,2.695480585098266602e-01,-2.112602256238460541e-02,-1.252316981554031372e-01
3.560341000556945801e-01,4.450195133686065674e-01,2.667202949523925781e-01,1.828293353319168091e-01,5.134183168411254883e-01,4.378650784492492676e-01,2.493945211172103882e-01,5.307535529136657715e-01,6.589421033859252930e-01,9.999997615814208984e-01,3.650087416172027588e-01,5.710400342941284180e-01,6.525736451148986816e-01,3.416678905487060547e-01,-9.181179339066147804e-04,1.427234522998332977e-02,1.310242712497711182e-01,-1.292425543069839478e-01,1.603513211011886597e-01,4.357325434684753418e-01,4.784895181655883789e-01,-2.181578874588012695e-01,8.340652287006378174e-02,1.108362674713134766e-01,1.300706267356872559e-01,2.867457568645477295e-01,2.027477174997329712e-01,3.589126765727996826e-01,3.198539316654205322e-01,1.897543370723724365e-01,-1.046879068017005920e-01,5.404913797974586487e-02,3.607627153396606445e-01,1.439928561449050903e-01,2.027248889207839966e-01,1.004253998398780823e-01,1.046978831291198730e-01,3.594943135976791382e-02,-7.044418901205062866e-02,-2.372268736362457275e-01,3.896417617797851562e-01,4.780931770801544189e-01,4.037963747978210449e-01,3.874869644641876221e-01,4.054009616374969482e-01,5.895736217498779297e-01,5.204070731997489929e-02,-1.575931161642074585e-01
5.118582248687744141e-01,2.813171446323394775e-01,1.800798326730728149e-01,9.795041382312774658e-02,4.719253778457641602e-01,2.450811117887496948e-01,1.296744681894779205e-02,6.794952750205993652e-01,6.166706681251525879e-01,3.650087416172027588e-01,9.999999403953552246e-01,5.985339879989624023e-01,3.781811594963073730e-01,4.436224102973937988e-01,3.202701807022094727e-01,2.679848372936248779e-01,4.078036919236183167e-02,-1.184455119073390961e-02,4.089690744876861572e-03,8.495711535215377808e-02,3.464616537094116211e-01,3.524735104292631149e-03,2.849957644939422607e-01,-1.833864897489547729e-01,9.675196558237075806e-02,4.092753306031227112e-02,2.858349382877349854e-01,3.092660605907440186e-01,1.551115959882736206e-01,2.862139344215393066e-01,-4.587396979331970215e-02,-4.492204263806343079e-02,5.290013551712036133e-01,4.943123757839202881e-01,3.831393122673034668e-01,-3.290876746177673340e-02,1.093432903289794922e-01,4.860891103744506836e-01,3.603121042251586914e-01,1.781443804502487183e-01,2.570912539958953857e-01,3.394112586975097656e-01,1.465497314929962158e-01,2.403252720832824707e-01,1.288571059703826904e-01,1.113980188965797424e-01,-1.051338016986846924e-01,-2.113677561283111572e-01
5.263361334800720215e-01,2.642738819122314453e-01,2.536622285842895508e-01,3.062143921852111816e-01,5.457777976989746094e-01,3.864691555500030518e-01,2.953643724322319031e-02,5.593480467796325684e-01,6.413954496383666992e-01,5.710400342941284180e-01,5.985339879989624023e-01,9.999999403953552246e-01,6.564021110534667969e-01,4.228804409503936768e-01,2.543252706527709961e-01,3.909404277801513672e-01,-1.159295439720153809e-03,-1.197863183915615082e-02,7.841853052377700806e-02,3.517931103706359863e-01,5.578062534332275391e-01,3.475873172283172607e-02,3.287118971347808838e-01,-1.031366437673568726e-01,6.576937437057495117e-02,4.024954140186309814e-02,2.568356394767761230e-01,2.594598531723022461e-01,1.813500076532363892e-01,2.307963967323303223e-01,-1.003279238939285278e-01,-1.137834712862968445e-01,4.519852995872497559e-01,2.446754425764083862e-01,2.148980796337127686e-01,-2.144863829016685486e-02,1.421966552734375000e-01,2.585517168045043945e-01,1.095166802406311035e-01,-4.333119839429855347e-02,2.932633757591247559e-01,3.238790333271026611e-01,2.551502287387847900e-01,2.386396229267120361e-01,1.290917694568634033e-01,2.149309217929840088e-01,-1.231675222516059875e-01,-1.494254916906356812e-01
3.163471221923828125e-01,2.074582725763320923e-01,1.524141579866409302e-01,2.149457335472106934e-01,4.335212707519531250e-01,3.927061557769775391e-01,-3.447277843952178955e-02,3.547453582286834717e-01,5.575873851776123047e-01,6.525736451148986816e-01,3.781811594963073730e-01,6.564021110534667969e-01,1.000000000000000000e+00,2.687834799289703369e-01,6.540272384881973267e-02,3.425640165805816650e-01,-1.146181002259254456e-01,-7.899327576160430908e-02,1.314336657524108887e-01,4.221985340118408203e-01,4.634616971015930176e-01,3.713128343224525452e-02,4.654257893562316895e-01,7.333564013242721558e-02,-2.510617673397064209e-02,9.846509434282779694e-03,4.002672061324119568e-02,1.260981261730194092e-01,5.863493308424949646e-02,5.903472751379013062e-02,-1.636860370635986328e-01,-7.571968436241149902e-02,2.913227379322052002e-01,1.211006939411163330e-01,2.106654196977615356e-01,1.131701320409774780e-01,5.142141133546829224e-02,1.491270959377288818e-01,7.905480265617370605e-02,-4.128021001815795898e-02,2.747391462326049805e-01,3.064319193363189697e-01,3.668189346790313721e-01,2.984139621257781982e-01,6.093472614884376526e-02,2.350668013095855713e-01,-1.361815165728330612e-02,1.145966425538063049e-01
4.166730344295501709e-01,1.890741735696792603e-01,4.262662827968597412e-01,2.854595482349395752e-01,2.975493669509887695e-01,1.630615890026092529e-01,2.050352692604064941e-01,5.250356793403625488e-01,3.829488158226013184e-01,3.416678905487060547e-01,4.436224102973937988e-01,4.228804409503936768e-01,2.687834799289703369e-01,9.999997019767761230e-01,2.893071770668029785e-01,6.113420054316520691e-02,1.659162342548370361e-01,-7.007999345660209656e-03,1.491820812225341797e-01,1.880471706390380859e-01,2.919161021709442139e-01,-7.279025763273239136e-02,8.967492729425430298e-02,-2.154517173767089844e-02,1.924825757741928101e-01,2.853157222270965576e-01,3.001480698585510254e-01,3.701698482036590576e-01,3.203642070293426514e-01,1.855563074350357056e-01,-1.291707903146743774e-01,-1.059714555740356445e-01,5.180182456970214844e-01,4.847763478755950928e-01,1.809445321559906006e-01,5.677748005837202072e-03,5.997415184974670410e-01,3.517842888832092285e-01,7.955449074506759644e-02,2.145939320325851440e-02,1.469385772943496704e-01,1.104051321744918823e-01,3.148853406310081482e-02,2.138889282941818237e-01,8.237352967262268066e-02,1.098513826727867126e-01,-7.375306636095046997e-02,-1.581057161092758179e-01
2.904834747314453125e-01,1.256542652845382690e-01,1.388617157936096191e-01,2.437685728073120117e-01,5.071597918868064880e-02,1.281291842460632324e-01,1.888187602162361145e-02,2.096436470746994019e-01,6.753306835889816284e-02,-9.181179339066147804e-04,3.202701807022094727e-01,2.543252706527709961e-01,6.540272384881973267e-02,2.893071770668029785e-01,1.000000119209289551e+00,4.798293709754943848e-01,7.413511723279953003e-02,2.557190656661987305e-01,1.845429688692092896e-01,6.008463352918624878e-02,3.314710035920143127e-02,4.711839184165000916e-02,1.549626886844635010e-01,-1.528256386518478394e-01,-9.163929522037506104e-02,5.511822178959846497e-02,1.675658375024795532e-01,-7.298224605619907379e-03,-3.025331301614642143e-03,4.534813389182090759e-02,1.038801041431725025e-03,-1.561368554830551147e-01,2.302896082401275635e-01,5.525776743888854980e-01,1.772586405277252197e-01,-1.090102493762969971e-01,2.246501147747039795e-01,6.413726210594177246e-01,2.719571292400360107e-01,2.262731492519378662e-01,-1.129638403654098511e-01,-1.336236298084259033e-01,-1.064396351575851440e-01,6.895833462476730347e-02,3.941404446959495544e-02,-8.327612280845642090e-02,-1.460960060358047485e-01,-2.133723199367523193e-01
2.670592665672302246e-01,6.222509965300559998e-02,-1.724673435091972351e-02,2.478099018335342407e-01,1.298371255397796631e-01,2.905955612659454346e-01,-1.088580116629600525e-01,1.108020246028900146e-01,1.537280827760696411e-01,1.427234522998332977e-02,2.679848372936248779e-01,3.909404277801513672e-01,3.425640165805816650e-01,6.113420054316520691e-02,4.798293709754943848e-01,9.999999403953552246e-01,-6.594220548868179321e-02,3.369558155536651611e-01,2.286772429943084717e-01,1.324231773614883423e-01,1.105943992733955383e-01,4.224324226379394531e-01,4.839136600494384766e-01,-3.779776394367218018e-01,-6.517704576253890991e-02,-1.231935992836952209e-01,8.615690469741821289e-02,-8.732666075229644775e-02,-2.029917836189270020e-01,-1.497095525264739990e-01,-8.695414662361145020e-02,-4.125864803791046143e-01,1.314513236284255981e-01,2.161013185977935791e-01,1.791157573461532593e-01,-2.967158555984497070e-01,8.462017774581909180e-02,4.362872838973999023e-01,3.346349895000457764e-01,2.916714847087860107e-01,-5.695259571075439453e-02,-1.381793618202209473e-02,1.348715126514434814e-01,1.234386116266250610e-03,-1.221105828881263733e-01,-1.100836098194122314e-01,-3.607009351253509521e-01,-1.075891777873039246e-02
1.113184019923210144e-01,1.215365678071975708e-01,4.490192532539367676e-01,3.082152903079986572e-01,9.387528896331787109e-02,5.995354056358337402e-02,7.831582427024841309e-01,2.216720432043075562e-01,1.394221931695938110e-01,1.310242712497711182e-01,4.078036919236183167e-02,-1.159295439720153809e-03,-1.146181002259254456e-01,1.659162342548370361e-01,7.413511723279953003e-02,-6.594220548868179321e-02,1.000000953674316406e+00,5.482378005981445312e-01,2.625037431716918945e-01,7.808156311511993408e-02,3.791823610663414001e-02,8.204952627420425415e-02,-1.824768334627151489e-01,-1.075226515531539917e-01,1.955334842205047607e-01,5.233263373374938965e-01,1.655043661594390869e-01,1.562079936265945435e-01,6.945402175188064575e-02,-7.340665906667709351e-02,-9.559891372919082642e-02,1.286091953516006470e-01,-4.669607430696487427e-02,2.404353208839893341e-02,-1.431986987590789795e-01,-4.427060484886169434e-02,2.067365348339080811e-01,-1.675636693835258484e-02,-1.249369978904724121e-01,-1.416905671358108521e-01,-1.015130355954170227e-01,2.166545093059539795e-01,2.684690058231353760e-02,6.920515745878219604e-02,2.157727926969528198e-01,1.882438510656356812e-01,2.966849878430366516e-02,-1.381319910287857056e-01
1.237548887729644775e-01,1.623144559562206268e-02,2.634708583354949951e-01,3.466999530792236328e-01,1.189057622104883194e-02,1.417078375816345215e-01,4.108165204524993896e-01,2.168248035013675690e-02,-4.288497939705848694e-02,-1.292425543069839478e-01,-1.184455119073390961e-02,-1.197863183915615082e-02,-7.899327576160430908e-02,-7.007999345660209656e-03,2.557190656661987305e-01,3.369558155536651611e-01,5.482378005981445312e-01,9.999998211860656738e-01,3.843927085399627686e-01,1.503249108791351318e-01,9.312773495912551880e-02,4.855813384056091309e-01,2.505149133503437042e-02,-2.916774153709411621e-01,4.007875919342041016e-02,2.842016816139221191e-01,7.224306464195251465e-02,1.215847767889499664e-02,-1.493469923734664917e-01,-1.970447897911071777e-01,4.292328655719757080e-02,-1.839375346899032593e-01,-8.534162491559982300e-02,1.799214817583560944e-02,-1.563140451908111572e-01,-2.869933843612670898e-01,1.257571280002593994e-01,7.883600890636444092e-02,-2.447206526994705200e-02,2.537478285375982523e-04,-1.649007797241210938e-01,4.326346097514033318e-04,-5.629098508507013321e-03,1.135347131639719009e-02,-1.203221455216407776e-02,-6.291461735963821411e-02,-1.943535059690475464e-01,-3.001949377357959747e-02
2.919319570064544678e-01,4.092163443565368652e-01,2.515668570995330811e-01,4.065313935279846191e-01,1.400140374898910522e-01,4.137183427810668945e-01,2.726862132549285889e-01,1.822338253259658813e-02,3.881772281602025032e-03,1.603513211011886597e-01,4.089690744876861572e-03,7.841853052377700806e-02,1.314336657524108887e-01,1.491820812225341797e-01,1.845429688692092896e-01,2.286772429943084717e-01,2.625037431716918945e-01,3.843927085399627686e-01,1.000000238418579102e+00,6.220793724060058594e-01,3.767113089561462402e-01,2.003445774316787720e-01,-1.763373911380767822e-01,-1.779434829950332642e-01,-1.530883312225341797e-01,2.792126834392547607e-01,1.330642681568861008e-02,3.328820168972015381e-01,3.504001200199127197e-01,2.367473393678665161e-01,1.324092298746109009e-01,-9.868313372135162354e-02,5.872786417603492737e-02,1.320519000291824341e-01,4.433421418070793152e-02,-1.704953014850616455e-01,1.545385718345642090e-01,5.974921956658363342e-02,-6.442974507808685303e-02,-7.458250969648361206e-02,2.284061014652252197e-01,1.881703883409500122e-01,2.343143969774246216e-01,1.268868297338485718e-01,1.856483966112136841e-01,2.298496067523956299e-01,-1.811684519052505493e-01,-2.272623777389526367e-01
3.924340009689331055e-01,4.035284817218780518e-01,3.629393279552459717e-01,4.856761395931243896e-01,3.884804844856262207e-01,5.235738158226013184e-01,2.130569517612457275e-01,1.629048585891723633e-01,1.923795044422149658e-01,4.357325434684753418e-01,8.495711535215377808e-02,3.517931103706359863e-01,4.221985340118408203e-01,1.880471706390380859e-01,6.008463352918624878e-02,1.324231773614883423e-01,7.808156311511993408e-02,1.503249108791351318e-01,6.220793724060058594e-01,9.999997019767761230e-01,6.993209123611450195e-01,1.103552058339118958e-01,-1.168359741568565369e-01,-9.182740002870559692e-02,-1.501619964838027954e-01,2.912977337837219238e-01,-4.225821467116475105e-04,4.061253368854522705e-01,3.983339965343475342e-01,2.586270272731781006e-01,1.206351444125175476e-01,-5.507681146264076233e-02,1.728994697332382202e-01,3.966619074344635010e-02,4.147896915674209595e-02,-1.453114002943038940e-01,9.909822791814804077e-02,-5.956799536943435669e-02,-1.638609915971755981e-01,-3.132400512695312500e-01,4.637457430362701416e-01,3.110349774360656738e-01,3.326506614685058594e-01,2.110438793897628784e-01,2.436937242746353149e-01,3.364138305187225342e-01,-1.364904642105102539e-01,-2.111093699932098389e-01
4.335269629955291748e-01,3.379059135913848877e-01,3.459566235542297363e-01,3.930432498455047607e-01,5.405474901199340820e-01,4.067783653736114502e-01,9.051189571619033813e-02,3.327717483043670654e-01,3.991108834743499756e-01,4.784895181655883789e-01,3.464616537094116211e-01,5.578062534332275391e-01,4.634616971015930176e-01,2.919161021709442139e-01,3.314710035920143127e-02,1.105943992733955383e-01,3.791823610663414001e-02,9.312773495912551880e-02,3.767113089561462402e-01,6.993209123611450195e-01,9.999997019767761230e-01,1.714267879724502563e-01,-1.790534704923629761e-02,-9.142413735389709473e-02,-7.935930788516998291e-02,1.514647603034973145e-01,5.186024308204650879e-02,4.096911251544952393e-01,3.562846779823303223e-01,3.813536465167999268e-01,1.972238570451736450e-01,-2.454842813313007355e-02,2.323444783687591553e-01,9.292990714311599731e-02,1.125314831733703613e-01,-8.960776031017303467e-02,5.691633373498916626e-02,-5.760239437222480774e-03,-8.630540966987609863e-02,-2.758625745773315430e-01,4.041292965412139893e-01,3.807364106178283691e-01,3.196156919002532959e-01,1.495740562677383423e-01,2.238040268421173096e-01,2.961165010929107666e-01,-8.551060408353805542e-02,-1.492282599210739136e-01
6.196299195289611816e-02,-2.267919778823852539e-01,4.367388784885406494e-02,2.575844824314117432e-01,-6.501889787614345551e-03,6.650027632713317871e-02,-1.697140373289585114e-02,-1.108433902263641357e-01,-5.393685773015022278e-02,-2.181578874588012695e-01,3.524735104292631149e-03,3.475873172283172607e-02,3.713128343224525452e-02,-7.279025763273239136e-02,4.711839184165000916e-02,4.224324226379394531e-01,8.204952627420425415e-02,4.855813384056091309e-01,2.003445774316787720e-01,1.103552058339118958e-01,1.714267879724502563e-01,9.999999403953552246e-01,3.603772819042205811e-01,-2.606972455978393555e-01,8.152681589126586914e-02,-8.368683606386184692e-02,1.098630111664533615e-02,-5.557192116975784302e-02,-2.795193493366241455e-01,-2.066941559314727783e-01,8.408623188734054565e-02,-2.814786136150360107e-01,-1.934799998998641968e-01,-6.800186634063720703e-02,-1.474266499280929565e-01,-3.163046836853027344e-01,1.161646321415901184e-01,1.254245936870574951e-01,1.078615561127662659e-01,1.860233396291732788e-01,-2.098627835512161255e-01,-1.169144660234451294e-01,6.584803014993667603e-02,-1.326426416635513306e-01,-2.213151752948760986e-01,-2.645115256309509277e-01,-2.059224396944046021e-01,3.199038505554199219e-01
1.486786305904388428e-01,-2.378857433795928955e-01,-7.667682319879531860e-02,2.998712100088596344e-02,5.324050039052963257e-02,1.534875202924013138e-02,-2.624508142471313477e-01,1.023854836821556091e-01,2.090547680854797363e-01,8.340652287006378174e-02,2.849957644939422607e-01,3.287118971347808838e-01,4.654257893562316895e-01,8.967492729425430298e-02,1.549626886844635010e-01,4.839136600494384766e-01,-1.824768334627151489e-01,2.505149133503437042e-02,-1.763373911380767822e-01,-1.168359741568565369e-01,-1.790534704923629761e-02,3.603772819042205811e-01,1.000000238418579102e+00,-1.730767264962196350e-02,6.267031282186508179e-02,-2.857121527194976807e-01,4.148301109671592712e-02,-1.337324529886245728e-01,-3.434412479400634766e-01,-2.309976965188980103e-01,-2.115528136491775513e-01,-2.026357799768447876e-01,1.036478132009506226e-01,1.263084858655929565e-01,1.702094227075576782e-01,3.274168819189071655e-02,4.284369572997093201e-02,3.369131088256835938e-01,3.577693104743957520e-01,4.337044656276702881e-01,-1.117928102612495422e-01,-9.447602927684783936e-02,5.389369651675224304e-02,-4.139848053455352783e-02,-2.529710233211517334e-01,-1.937247365713119507e-01,-3.792938217520713806e-02,4.140307605266571045e-01
-2.631056904792785645e-01,3.968220204114913940e-02,-1.464080959558486938e-01,-2.280548512935638428e-01,-2.423940151929855347e-01,-2.622521519660949707e-01,-1.170227602124214172e-01,-1.228971555829048157e-01,-6.224869936704635620e-02,1.108362674713134766e-01,-1.833864897489547729e-01,-1.031366437673568726e-01,7.333564013242721558e-02,-2.154517173767089844e-02,-1.528256386518478394e-01,-3.779776394367218018e-01,-1.075226515531539917e-01,-2.916774153709411621e-01,-1.779434829950332642e-01,-9.182740002870559692e-02,-9.142413735389709473e-02,-2.606972455978393555e-01,-1.730767264962196350e-02,9.999999403953552246e-01,-4.302283748984336853e-02,-7.925316691398620605e-02,-1.483986228704452515e-01,-1.593136340379714966e-01,2.374191582202911377e-02,7.052871584892272949e-02,1.970481872558593750e-01,5.220336914062500000e-01,-8.700850605964660645e-02,3.215822204947471619e-02,4.779904708266258240e-02,7.433025836944580078e-01,-5.370624363422393799e-02,-8.428429812192916870e-02,-3.840751200914382935e-02,-6.089255586266517639e-02,-2.354852482676506042e-02,1.226442400366067886e-02,1.005741208791732788e-02,3.563467040657997131e-02,1.422739624977111816e-01,1.599519699811935425e-01,7.392466664314270020e-01,3.508340120315551758e-01
1.044557467103004456e-01,-6.535867601633071899e-02,1.087591499090194702e-01,9.398980997502803802e-03,9.828732162714004517e-02,3.975791856646537781e-02,1.977091580629348755e-01,2.431042194366455078e-01,1.743825972080230713e-01,1.300706267356872559e-01,9.675196558237075806e-02,6.576937437057495117e-02,-2.510617673397064209e-02,1.924825757741928101e-01,-9.163929522037506104e-02,-6.517704576253890991e-02,1.955334842205047607e-01,4.007875919342041016e-02,-1.530883312225341797e-01,-1.501619964838027954e-01,-7.935930788516998291e-02,8.152681589126586914e-02,6.267031282186508179e-02,-4.302283748984336853e-02,1.000000476837158203e+00,1.479101777076721191e-01,6.872842311859130859e-01,2.349306792020797729e-01,-2.527121640741825104e-02,-1.787222176790237427e-01,-2.513987720012664795e-01,-3.663123399019241333e-02,1.344695985317230225e-01,2.207932062447071075e-03,-1.396376341581344604e-01,-3.519856929779052734e-02,3.356450200080871582e-01,-8.905053138732910156e-02,-1.354635506868362427e-02,-5.490205809473991394e-02,-1.449125539511442184e-02,7.500649243593215942e-02,-3.250241745263338089e-03,-2.830763347446918488e-02,2.298602461814880371e-02,1.243315711617469788e-01,-3.853253275156021118e-02,7.013086229562759399e-02
2.821305692195892334e-01,2.665196955204010010e-01,6.059703826904296875e-01,4.452901780605316162e-01,2.268815487623214722e-01,3.289561867713928223e-01,6.913056969642639160e-01,2.517181038856506348e-01,1.424196511507034302e-01,2.867457568645477295e-01,4.092753306031227112e-02,4.024954140186309814e-02,9.846509434282779694e-03,2.853157222270965576e-01,5.511822178959846497e-02,-1.231935992836952209e-01,5.233263373374938965e-01,2.842016816139221191e-01,2.792126834392547607e-01,2.912977337837219238e-01,1.514647603034973145e-01,-8.368683606386184692e-02,-2.857121527194976807e-01,-7.925316691398620605e-02,1.479101777076721191e-01,9.999998211860656738e-01,2.202536910772323608e-01,4.607283771038055420e-01,3.762890994548797607e-01,1.045834720134735107e-01,-3.312258794903755188e-02,-2.548808604478836060e-02,1.607087552547454834e-01,7.234589010477066040e-02,-1.080793887376785278e-02,-1.210217475891113281e-01,2.868238091468811035e-01,-1.756093092262744904e-02,-1.401380896568298340e-01,-3.017828464508056641e-01,1.733985841274261475e-01,2.302294671535491943e-01,2.619319409132003784e-02,1.992616057395935059e-01,3.260242342948913574e-01,3.004654347896575928e-01,-7.475212961435317993e-02,-2.617501020431518555e-01
3.018916845321655273e-01,1.738689392805099487e-01,1.826076060533523560e-01,7.893652468919754028e-02,2.355621308088302612e-01,1.925052106380462646e-01,1.849842816591262817e-01,3.820562064647674561e-01,3.021827936172485352e-01,2.027477174997329712e-01,2.858349382877349854e-01,2.568356394767761230e-01,4.002672061324119568e-02,3.001480698585510254e-01,1.675658375024795532e-01,8.615690469741821289e-02,1.655043661594390869e-01,7.224306464195251465e-02,1.330642681568861008e-02,-4.225821467116475105e-04,5.186024308204650879e-02,1.098630111664533615e-02,4.148301109671592712e-02,-1.483986228704452515e-01,6.872842311859130859e-01,2.202536910772323608e-01,9.999998211860656738e-01,3.377034664154052734e-01,1.592312157154083252e-01,3.220510901883244514e-03,-1.890165954828262329e-01,-1.171832457184791565e-01,3.269050121307373047e-01,1.646847873926162720e-01,-3.025412745773792267e-02,-1.166445761919021606e-01,3.641301989555358887e-01,1.173369139432907104e-01,4.629056528210639954e-02,-1.137748826295137405e-03,1.060592979192733765e-01,1.004781424999237061e-01,-3.886349499225616455e-02,1.347649246454238892e-01,2.025985270738601685e-01,1.149868890643119812e-01,-1.458491086959838867e-01,-1.421058177947998047e-01
5.374630689620971680e-01,4.268133044242858887e-01,4.276756048202514648e-01,3.486217856407165527e-01,4.928880333900451660e-01,4.975939989089965820e-01,2.940053641796112061e-01,4.059737324714660645e-01,3.088538348674774170e-01,3.589126765727996826e-01,3.092660605907440186e-01,2.594598531723022461e-01,1.260981261730194092e-01,3.701698482036590576e-01,-7.298224605619907379e-03,-8.732666075229644775e-02,1.562079936265945435e-01,1.215847767889499664e-02,3.328820168972015381e-01,4.061253368854522705e-01,4.096911251544952393e-01,-5.557192116975784302e-02,-1.337324529886245728e-01,-1.593136340379714966e-01,2.349306792020797729e-01,4.607283771038055420e-01,3.377034664154052734e-01,9.999997615814208984e-01,6.552856564521789551e-01,4.104705750942230225e-01,1.751152798533439636e-02,-1.430650502443313599e-01,3.757565319538116455e-01,1.704917252063751221e-01,1.661968976259231567e-01,-1.845757514238357544e-01,2.786906659603118896e-01,2.968765981495380402e-02,1.861017011106014252e-02,-1.005125492811203003e-01,5.278719663619995117e-01,3.501742482185363770e-01,1.792681217193603516e-01,1.784280836582183838e-01,2.319202572107315063e-01,2.997005581855773926e-01,-1.886621862649917603e-01,-2.374656200408935547e-01
3.988948166370391846e-01,5.702334642410278320e-01,2.485741972923278809e-01,1.774535775184631348e-01,3.523385822772979736e-01,3.416864275932312012e-01,2.238142192363739014e-01,2.623855769634246826e-01,2.049921005964279175e-01,3.198539316654205322e-01,1.551115959882736206e-01,1.813500076532363892e-01,5.863493308424949646e-02,3.203642070293426514e-01,-3.025331301614642143e-03,-2.029917836189270020e-01,6.945402175188064575e-02,-1.493469923734664917e-01,3.504001200199127197e-01,3.983339965343475342e-01,3.562846779823303223e-01,-2.795193493366241455e-01,-3.434412479400634766e-01,2.374191582202911377e-02,-2.527121640741825104e-02,3.762890994548797607e-01,1.592312157154083252e-01,6.552856564521789551e-01,9.999997019767761230e-01,5.860295891761779785e-01,2.433543205261230469e-01,5.487298220396041870e-02,3.237785995006561279e-01,1.623753160238265991e-01,1.836379915475845337e-01,-5.337642505764961243e-03,1.695072054862976074e-01,8.132072165608406067e-03,-5.934363231062889099e-03,-1.773860603570938110e-01,5.699026584625244141e-01,4.003126323223114014e-01,2.012925893068313599e-01,1.798949092626571655e-01,3.493291437625885010e-01,3.643246591091156006e-01,-5.092697963118553162e-02,-3.390110135078430176e-01
2.841587662696838379e-01,3.927143514156341553e-01,1.648326516151428223e-01,6.141500547528266907e-02,1.982045322656631470e-01,8.858682215213775635e-02,-5.184395611286163330e-02,2.444063574075698853e-01,1.278244853019714355e-01,1.897543370723724365e-01,2.862139344215393066e-01,2.307963967323303223e-01,5.903472751379013062e-02,1.855563074350357056e-01,4.534813389182090759e-02,-1.497095525264739990e-01,-7.340665906667709351e-02,-1.970447897911071777e-01,2.367473393678665161e-01,2.586270272731781006e-01,3.813536465167999268e-01,-2.066941559314727783e-01,-2.309976965188980103e-01,7.052871584892272949e-02,-1.787222176790237427e-01,1.045834720134735107e-01,3.220510901883244514e-03,4.104705750942230225e-01,5.860295891761779785e-01,1.000000476837158203e+00,4.861167371273040771e-01,1.287000328302383423e-01,2.794390916824340820e-01,2.260898500680923462e-01,3.177237808704376221e-01,1.187723949551582336e-01,3.209762647747993469e-02,1.323201954364776611e-01,1.449205726385116577e-01,-5.426200479269027710e-02,3.226038515567779541e-01,2.559077441692352295e-01,1.239281892776489258e-01,2.505372762680053711e-01,1.769292056560516357e-01,1.626209020614624023e-01,7.276524603366851807e-02,-3.142949342727661133e-01
-8.091226965188980103e-02,2.697491645812988281e-01,-1.781024038791656494e-01,-1.617594361305236816e-01,-1.419927179813385010e-01,-1.256140023469924927e-01,-1.538818776607513428e-01,-9.194884449243545532e-02,-1.008454188704490662e-01,-1.046879068017005920e-01,-4.587396979331970215e-02,-1.003279238939285278e-01,-1.636860370635986328e-01,-1.291707903146743774e-01,1.038801041431725025e-03,-8.695414662361145020e-02,-9.559891372919082642e-02,4.292328655719757080e-02,1.324092298746109009e-01,1.206351444125175476e-01,1.972238570451736450e-01,8.408623188734054565e-02,-2.115528136491775513e-01,1.970481872558593750e-01,-2.513987720012664795e-01,-3.312258794903755188e-02,-1.890165954828262329e-01,1.751152798533439636e-02,2.433543205261230469e-01,4.861167371273040771e-01,1.000000357627868652e+00,3.347844779491424561e-01,-5.317237600684165955e-02,6.048261001706123352e-02,2.265707701444625854e-01,1.611582040786743164e-01,-1.391582936048507690e-01,1.129438579082489014e-01,2.276981920003890991e-01,-3.890505433082580566e-02,1.060554385185241699e-01,1.334610581398010254e-01,1.102001890540122986e-01,1.507961843162775040e-02,1.198094561696052551e-01,5.825596675276756287e-02,2.960247695446014404e-01,-7.308163493871688843e-02
-2.355005890130996704e-01,1.514219492673873901e-01,-1.634448468685150146e-01,-3.060238063335418701e-01,-1.293921619653701782e-01,-2.803377509117126465e-01,2.753838151693344116e-02,7.834893651306629181e-03,1.386808231472969055e-02,5.404913797974586487e-02,-4.492204263806343079e-02,-1.137834712862968445e-01,-7.571968436241149902e-02,-1.059714555740356445e-01,-1.561368554830551147e-01,-4.125864803791046143e-01,1.286091953516006470e-01,-1.839375346899032593e-01,-9.868313372135162354e-02,-5.507681146264076233e-02,-2.454842813313007355e-02,-2.814786136150360107e-01,-2.026357799768447876e-01,5.220336914062500000e-01,-3.663123399019241333e-02,-2.548808604478836060e-02,-1.171832457184791565e-01,-1.430650502443313599e-01,5.487298220396041870e-02,1.287000328302383423e-01,3.347844779491424561e-01,9.999998211860656738e-01,-1.085785031318664551e-01,-2.309218980371952057e-02,4.115689545869827271e-03,6.216382384300231934e-01,-1.835325211286544800e-01,-7.818094640970230103e-02,1.124560236930847168e-01,-5.874683707952499390e-02,7.911977171897888184e-02,1.923951506614685059e-01,1.008083373308181763e-01,-3.601887822151184082e-02,2.430628836154937744e-01,1.991355866193771362e-01,7.203627228736877441e-01,3.077815659344196320e-02
