1.000000000000000000e+00,-2.003754079341888428e-01,1.935948729515075684e-01,2.224153280258178711e-01,4.077441692352294922e-01,2.232942730188369751e-02,-1.325118839740753174e-01,5.855217576026916504e-01,-2.860518991947174072e-01,-3.305294811725616455e-01,-6.287384778261184692e-02,-3.329056203365325928e-01,-1.285096555948257446e-01,-3.088544905185699463e-01,-3.968488574028015137e-01,-1.998001933097839355e-01,-8.157553523778915405e-02,-8.704522997140884399e-02,-8.899074792861938477e-02,-2.826831862330436707e-02,1.783796697854995728e-01,2.218011394143104553e-02,-2.234307825565338135e-01,-1.072508841753005981e-01,6.154275536537170410e-01,-1.414120346307754517e-01,4.283127486705780029e-01,7.608898878097534180e-01,5.904785394668579102e-01,-1.248880475759506226e-01,-2.950725555419921875e-01,1.024192273616790771e-01,5.500781536102294922e-01,-1.870008260011672974e-01,-4.124096333980560303e-01,-2.582258284091949463e-01,-1.227204799652099609e-01,-4.596894979476928711e-01,-2.920243144035339355e-01,-2.826777398586273193e-01,1.679179966449737549e-01,-3.833393156528472900e-01,-2.876854538917541504e-01,-2.387264519929885864e-01,-2.140415906906127930e-01,-2.698742449283599854e-01,-4.872431233525276184e-02,2.254375070333480835e-02
-2.003754079341888428e-01,9.999997615814208984e-01,1.823409646749496460e-01,1.684765815734863281e-01,1.452221721410751343e-01,4.119221270084381104e-01,4.540229141712188721e-01,7.470775395631790161e-02,4.713212549686431885e-01,4.906710386276245117e-01,1.170336604118347168e-01,3.416112065315246582e-01,4.405844211578369141e-01,1.359874159097671509e-01,2.562871277332305908e-01,4.273705482482910156e-01,3.224045038223266602e-01,3.139019012451171875e-01,3.661077320575714111e-01,4.696135520935058594e-01,2.866183817386627197e-01,2.252855896949768066e-01,3.353852033615112305e-01,4.040768742561340332e-01,-6.755599379539489746e-02,5.502754449844360352e-01,1.068769544363021851e-01,8.291892707347869873e-03,2.667189761996269226e-02,3.401174545288085938e-01,3.958727717399597168e-01,1.619367301464080811e-01,2.108011245727539062e-01,4.234237968921661377e-01,5.132807493209838867e-01,3.180495500564575195e-01,1.068025305867195129e-01,4.971854388713836670e-01,4.421158134937286377e-01,2.926213443279266357e-01,3.923328518867492676e-01,6.258903145790100098e-01,6.008228063583374023e-01,6.129047870635986328e-01,5.461422204971313477e-01,6.385527253150939941e-01,3.415398597717285156e-01,1.051773801445960999e-01
1.935948729515075684e-01,1.823409646749496460e-01,9.999998211860656738e-01,6.555995941162109375e-01,3.836021125316619873e-01,1.992537677288055420e-01,4.001746475696563721e-01,4.553819596767425537e-01,1.294349730014801025e-01,-6.737846136093139648e-02,5.118975639343261719e-01,4.493472576141357422e-01,1.316890418529510498e-01,1.231703981757164001e-01,3.279897868633270264e-01,3.197405040264129639e-01,2.462146133184432983e-01,3.113865852355957031e-01,2.259639501571655273e-01,1.530798804014921188e-02,2.328901290893554688e-01,4.452494978904724121e-01,8.949539065361022949e-02,8.547202497720718384e-02,9.540753811597824097e-02,3.269635438919067383e-01,4.029052257537841797e-01,4.240643382072448730e-01,3.362013697624206543e-01,4.195964634418487549e-01,3.841716647148132324e-01,-1.182184666395187378e-01,2.470446228981018066e-01,3.619643151760101318e-01,2.033442854881286621e-01,1.220356076955795288e-01,-3.952882066369056702e-02,1.800898909568786621e-01,2.038136590272188187e-03,-7.318753004074096680e-02,2.296923100948333740e-01,1.171235591173171997e-01,6.280289590358734131e-02,-1.726439408957958221e-02,9.471305459737777710e-02,1.628655008971691132e-02,7.217098027467727661e-02,-2.316488325595855713e-01
2.224153280258178711e-01,1.684765815734863281e-01,6.555995941162109375e-01,9.999995231628417969e-01,4.344339668750762939e-01,4.368498623371124268e-01,5.593162178993225098e-01,2.705442905426025391e-01,1.256240457296371460e-01,1.629802957177162170e-02,2.705082297325134277e-01,2.249738425016403198e-01,1.737222075462341309e-01,1.158685088157653809e-01,2.013789564371109009e-01,3.658745884895324707e-01,2.993322610855102539e-01,3.144167363643646240e-01,3.421076536178588867e-01,3.352863192558288574e-01,5.564528107643127441e-01,6.252279281616210938e-01,9.661060571670532227e-02,2.302562743425369263e-01,8.058466017246246338e-02,3.687253594398498535e-01,3.515014946460723877e-01,3.143615722656250000e-01,3.382288217544555664e-01,2.553188502788543701e-01,3.631869554519653320e-01,2.101770788431167603e-01,9.467742592096328735e-02,1.663097143173217773e-01,1.176310479640960693e-01,1.477815508842468262e-01,-6.688233464956283569e-02,1.433200538158416748e-01,7.488829642534255981e-02,3.547843545675277710e-02,3.957962393760681152e-01,1.891127377748489380e-01,1.863657832145690918e-01,-6.132487952709197998e-02,-6.259372457861900330e-04,6.815179437398910522e-02,1.305091530084609985e-01,3.250729991123080254e-03
4.077441692352294922e-01,1.452221721410751343e-01,3.836021125316619873e-01,4.344339668750762939e-01,9.999997615814208984e-01,6.353577375411987305e-01,2.836719155311584473e-01,4.330515563488006592e-01,4.828647896647453308e-02,-4.808642342686653137e-02,1.080522015690803528e-01,2.399312853813171387e-01,1.071865707635879517e-01,1.299785524606704712e-01,-5.340931564569473267e-02,1.258597522974014282e-01,1.511341035366058350e-01,1.487398296594619751e-01,1.718777269124984741e-01,1.901226788759231567e-01,3.295455276966094971e-01,2.493927180767059326e-01,1.310041397809982300e-01,2.372957207262516022e-02,1.820933669805526733e-01,3.845316171646118164e-01,4.823584556579589844e-01,4.369309544563293457e-01,4.117964506149291992e-01,7.064043730497360229e-02,4.941005632281303406e-02,7.837395370006561279e-02,3.801038563251495361e-01,1.768192201852798462e-01,-1.139520853757858276e-01,-6.909846514463424683e-02,-1.526063121855258942e-02,5.375804379582405090e-02,1.318262517452239990e-02,3.691011294722557068e-02,6.078029870986938477e-01,1.398142725229263306e-01,7.116992026567459106e-02,-1.865312010049819946e-01,-1.722046360373497009e-02,2.958256937563419342e-02,3.721879795193672180e-02,3.537731617689132690e-02
2.232942730188369751e-02,4.119221270084381104e-01,1.992537677288055420e-01,4.368498623371124268e-01,6.353577375411987305e-01,1.000000000000000000e+00,5.861129760742187500e-01,1.507725864648818970e-01,3.376401662826538086e-01,2.308881878852844238e-01,-6.226461380720138550e-02,1.476676613092422485e-01,2.108957171440124512e-01,2.074839323759078979e-01,1.115862205624580383e-01,4.105924069881439209e-01,3.765873908996582031e-01,3.734353184700012207e-01,3.906980454921722412e-01,5.457760095596313477e-01,3.961521089076995850e-01,3.121227025985717773e-01,3.888542354106903076e-01,2.115469872951507568e-01,-1.444911118596792221e-02,6.295959353446960449e-01,3.697777092456817627e-01,1.494914293289184570e-01,2.597725391387939453e-01,5.210581049323081970e-02,2.882553339004516602e-01,2.117159515619277954e-01,1.163877546787261963e-01,1.836878955364227295e-01,8.125444501638412476e-02,6.507688760757446289e-02,1.115375384688377380e-02,3.657874464988708496e-01,3.435373008251190186e-01,3.370210230350494385e-01,7.089550495147705078e-01,5.503324270248413086e-01,4.626769721508026123e-01,-1.134163606911897659e-02,1.311427354812622070e-01,3.747570812702178955e-01,1.265647411346435547e-01,1.134684830904006958e-01
-1.325118839740753174e-01,4.540229141712188721e-01,4.001746475696563721e-01,5.593162178993225098e-01,2.836719155311584473e-01,5.861129760742187500e-01,9.999997019767761230e-01,1.784147769212722778e-01,5.117949247360229492e-01,4.222463965415954590e-01,1.364614665508270264e-01,3.189340233802795410e-01,3.705382049083709717e-01,2.545212805271148682e-01,3.176465034484863281e-01,6.252529621124267578e-01,7.702808380126953125e-01,7.600728273391723633e-01,6.842786073684692383e-01,6.489982008934020996e-01,4.394162297248840332e-01,5.865071415901184082e-01,5.102925300598144531e-01,3.314828276634216309e-01,-4.573790729045867920e-02,6.783725619316101074e-01,2.677000463008880615e-01,7.239840179681777954e-02,1.904717683792114258e-01,2.119366824626922607e-01,6.209203600883483887e-01,1.312580257654190063e-01,1.000819844193756580e-03,2.937412261962890625e-01,3.222921490669250488e-01,3.069167137145996094e-01,1.046586111187934875e-01,5.083030462265014648e-01,4.296777844429016113e-01,4.301056861877441406e-01,4.555288553237915039e-01,6.719917654991149902e-01,6.168196201324462891e-01,2.129909545183181763e-01,2.572274506092071533e-01,5.067666172981262207e-01,2.019067704677581787e-01,1.691195517778396606e-01
5.855217576026916504e-01,7.470775395631790161e-02,4.553819596767425537e-01,2.705442905426025391e-01,4.330515563488006592e-01,1.507725864648818970e-01,1.784147769212722778e-01,1.000000119209289551e+00,1.670358031988143921e-01,-1.289359331130981445e-01,3.894838690757751465e-01,3.408202156424522400e-02,1.570896953344345093e-01,-4.207792133092880249e-02,2.742090821266174316e-02,1.800029277801513672e-01,1.986384540796279907e-01,2.163358926773071289e-01,1.368464827537536621e-01,8.221426978707313538e-03,9.253427386283874512e-03,1.514919996261596680e-01,1.285763084888458252e-01,-2.584430389106273651e-02,6.090742945671081543e-01,1.045081764459609985e-01,4.808634519577026367e-01,6.848012804985046387e-01,5.300809144973754883e-01,1.609713770449161530e-02,9.048660099506378174e-02,-1.042310222983360291e-01,6.921180486679077148e-01,2.101837098598480225e-01,-2.595697157084941864e-02,2.883784100413322449e-02,1.159931421279907227e-01,2.411445230245590210e-02,1.983575988560914993e-03,-3.636108711361885071e-02,2.000685334205627441e-01,-5.904926732182502747e-02,-9.325725585222244263e-02,3.377304412424564362e-03,-2.662365511059761047e-02,-7.607403211295604706e-03,-7.370100170373916626e-02,-8.666974306106567383e-02
-2.860518991947174072e-01,4.713212549686431885e-01,1.294349730014801025e-01,1.256240457296371460e-01,4.828647896647453308e-02,3.376401662826538086e-01,5.117949247360229492e-01,1.670358031988143921e-01,9.999999403953552246e-01,5.754653811454772949e-01,3.221753537654876709e-01,4.235526323318481445e-01,5.076526403427124023e-01,3.097826838493347168e-01,2.596794664859771729e-01,4.683872163295745850e-01,4.852417111396789551e-01,4.265790581703186035e-01,3.911647796630859375e-01,3.319555222988128662e-01,2.055085822939872742e-02,1.470266431570053101e-01,4.036199748516082764e-01,1.968489438295364380e-01,-2.540500089526176453e-02,3.862000703811645508e-01,-6.898720748722553253e-03,-1.369202882051467896e-01,-1.088081896305084229e-01,4.730859398841857910e-02,4.184048175811767578e-01,-3.042612224817276001e-02,4.693089053034782410e-02,3.355929851531982422e-01,3.837812840938568115e-01,1.918717175722122192e-01,2.218595296144485474e-01,4.942557513713836670e-01,3.562880754470825195e-01,2.518063485622406006e-01,1.449345797300338745e-01,6.016231775283813477e-01,4.716633856296539307e-01,4.617209732532501221e-01,3.249962925910949707e-01,6.384703516960144043e-01,6.793012470006942749e-02,1.048159822821617126e-01
-3.305294811725616455e-01,4.906710386276245117e-01,-6.737846136093139648e-02,1.629802957177162170e-02,-4.808642342686653137e-02,2.308881878852844238e-01,4.222463965415954590e-01,-1.289359331130981445e-01,5.754653811454772949e-01,9.999998211860656738e-01,4.276844114065170288e-02,3.639908432960510254e-01,6.269991993904113770e-01,1.494682729244232178e-01,2.154820263385772705e-01,2.617473900318145752e-01,3.547695279121398926e-01,2.694710791110992432e-01,3.616419732570648193e-01,4.279663860797882080e-01,1.531461775302886963e-01,8.980827778577804565e-02,2.675521373748779297e-01,1.731683909893035889e-01,-2.487342953681945801e-01,3.143492937088012695e-01,-2.607018947601318359e-01,-3.995581567287445068e-01,-4.070228338241577148e-01,-1.131243929266929626e-01,2.036789357662200928e-01,-8.277202956378459930e-03,-1.488649696111679077e-01,9.433963149785995483e-02,3.380325734615325928e-01,1.763082593679428101e-01,1.769177466630935669e-01,3.484542965888977051e-01,3.050096631050109863e-01,2.308707088232040405e-01,3.118671104311943054e-02,5.226771235466003418e-01,5.007398724555969238e-01,6.184638142585754395e-01,5.946688055992126465e-01,7.583238482475280762e-01,1.676917225122451782e-01,2.009603977203369141e-01
-6.287384778261184692e-02,1.170336604118347168e-01,5.118975639343261719e-01,2.705082297325134277e-01,1.080522015690803528e-01,-6.226461380720138550e-02,1.364614665508270264e-01,3.894838690757751465e-01,3.221753537654876709e-01,4.276844114065170288e-02,1.000000476837158203e+00,4.799771010875701904e-01,3.409043252468109131e-01,3.028112053871154785e-01,5.358689427375793457e-01,3.318164944648742676e-01,7.132592145353555679e-03,2.414610423147678375e-02,-7.592052221298217773e-02,-2.372587323188781738e-01,-3.511357121169567108e-03,1.544464975595474243e-01,-6.534279137849807739e-02,4.419508855789899826e-03,-1.270003151148557663e-02,7.566790282726287842e-02,6.253441423177719116e-02,5.579735338687896729e-02,3.001756733283400536e-03,2.634332478046417236e-01,2.647475898265838623e-01,-2.907205224037170410e-01,2.002138048410415649e-01,3.695234358310699463e-01,3.416417539119720459e-01,2.156915813684463501e-01,1.427653580904006958e-01,2.172879725694656372e-01,-1.111608296632766724e-01,-1.854429394006729126e-01,-7.505361735820770264e-02,-2.347956784069538116e-02,-8.494208008050918579e-02,1.808678060770034790e-01,1.499680429697036743e-01,4.293437674641609192e-02,-1.035310551524162292e-01,-3.272472918033599854e-01
-3.329056203365325928e-01,3.416112065315246582e-01,4.493472576141357422e-01,2.249738425016403198e-01,2.399312853813171387e-01,1.476676613092422485e-01,3.189340233802795410e-01,3.408202156424522400e-02,4.235526323318481445e-01,3.639908432960510254e-01,4.799771010875701904e-01,1.000000476837158203e+00,4.233031868934631348e-01,4.542013406753540039e-01,3.807862997055053711e-01,3.217625916004180908e-01,2.263817638158798218e-01,2.259203940629959106e-01,2.001011222600936890e-01,4.926590248942375183e-02,1.743488460779190063e-01,2.795920372009277344e-01,1.915153264999389648e-01,1.108069270849227905e-01,-3.152918219566345215e-01,3.534038364887237549e-01,3.035001829266548157e-02,-1.906661242246627808e-01,-1.622737199068069458e-01,3.325358927249908447e-01,3.404423296451568604e-01,-1.343008279800415039e-01,-4.695440828800201416e-02,4.933946430683135986e-01,4.336714148521423340e-01,2.145375460386276245e-01,1.478065401315689087e-01,3.776109218597412109e-01,1.923694759607315063e-01,5.852071568369865417e-02,9.640949219465255737e-02,3.388230204582214355e-01,2.582406401634216309e-01,2.526952624320983887e-01,2.458563297986984253e-01,3.168299794197082520e-01,1.440938562154769897e-01,-2.607954479753971100e-02
-1.285096555948257446e-01,4.405844211578369141e-01,1.316890418529510498e-01,1.737222075462341309e-01,1.071865707635879517e-01,2.108957171440124512e-01,3.705382049083709717e-01,1.570896953344345093e-01,5.076526403427124023e-01,6.269991993904113770e-01,3.409043252468109131e-01,4.233031868934631348e-01,9.999998211860656738e-01,2.892397046089172363e-01,2.704822719097137451e-01,4.237144589424133301e-01,2.301296442747116089e-01,1.746629625558853149e-01,2.278804928064346313e-01,3.626308441162109375e-01,3.126510977745056152e-01,1.783992052078247070e-01,4.493033140897750854e-02,2.738228440284729004e-01,-7.336644083261489868e-02,2.784623503684997559e-01,-1.360056996345520020e-01,-1.764235645532608032e-01,-2.053879499435424805e-01,6.800482422113418579e-02,3.162687718868255615e-01,1.835812628269195557e-02,8.801806718111038208e-02,2.414020299911499023e-01,3.341641128063201904e-01,2.882088720798492432e-01,2.676373422145843506e-01,3.306921422481536865e-01,1.564537137746810913e-01,4.444809630513191223e-02,3.770904988050460815e-02,2.928355038166046143e-01,3.621329069137573242e-01,5.561470389366149902e-01,5.347180962562561035e-01,5.886393785476684570e-01,1.984745264053344727e-01,9.110899269580841064e-02
-3.088544905185699463e-01,1.359874159097671509e-01,1.231703981757164001e-01,1.158685088157653809e-01,1.299785524606704712e-01,2.074839323759078979e-01,2.545212805271148682e-01,-4.207792133092880249e-02,3.097826838493347168e-01,1.494682729244232178e-01,3.028112053871154785e-01,4.542013406753540039e-01,2.892397046089172363e-01,9.999995231628417969e-01,2.674253880977630615e-01,3.187786936759948730e-01,1.659994423389434814e-01,1.898191422224044800e-01,8.677500486373901367e-02,1.103557571768760681e-01,9.195733815431594849e-02,1.361900568008422852e-01,2.181033790111541748e-01,1.409124583005905151e-01,-2.697799205780029297e-01,2.632025182247161865e-01,2.099157311022281647e-02,-2.923418581485748291e-01,-1.400926411151885986e-01,1.838609129190444946e-01,3.001507818698883057e-01,3.279017051681876183e-03,-1.228244528174400330e-01,4.440526962280273438e-01,2.503706216812133789e-01,2.151362448930740356e-01,4.286753535270690918e-01,4.415834248065948486e-01,2.766339480876922607e-01,1.892890930175781250e-01,1.538872867822647095e-01,2.535451650619506836e-01,1.722380667924880981e-01,8.066214621067047119e-02,7.312889397144317627e-02,1.716263890266418457e-01,5.732566118240356445e-02,1.588070243597030640e-01
-3.968488574028015137e-01,2.562871277332305908e-01,3.279897868633270264e-01,2.013789564371109009e-01,-5.340931564569473267e-02,1.115862205624580383e-01,3.176465034484863281e-01,2.742090821266174316e-02,2.596794664859771729e-01,2.154820263385772705e-01,5.358689427375793457e-01,3.807862997055053711e-01,2.704822719097137451e-01,2.674253880977630615e-01,9.999998211860656738e-01,4.919530153274536133e-01,5.248071998357772827e-02,1.155616492033004761e-01,5.208671092987060547e-02,2.317043580114841461e-02,8.286444097757339478e-02,1.901858299970626831e-01,1.260834038257598877e-01,1.596596390008926392e-01,-3.967844247817993164e-01,3.104173541069030762e-01,-1.585174053907394409e-01,-2.735750079154968262e-01,-1.945704519748687744e-01,3.051319420337677002e-01,4.121573567390441895e-01,-7.355884462594985962e-02,-6.435115635395050049e-02,3.749948740005493164e-01,3.699640631675720215e-01,2.672246098518371582e-01,5.679041519761085510e-02,5.528060793876647949e-01,7.335117459297180176e-02,8.480139076709747314e-02,7.194809615612030029e-03,2.198173850774765015e-01,2.386880218982696533e-01,2.609020471572875977e-01,3.435756564140319824e-01,1.992556750774383545e-01,1.523192822933197021e-01,-3.265283107757568359e-01
-1.998001933097839355e-01,4.273705482482910156e-01,3.197405040264129639e-01,3.658745884895324707e-01,1.258597522974014282e-01,4.105924069881439209e-01,6.252529621124267578e-01,1.800029277801513672e-01,4.683872163295745850e-01,2.617473900318145752e-01,3.318164944648742676e-01,3.217625916004180908e-01,4.237144589424133301e-01,3.187786936759948730e-01,4.919530153274536133e-01,1.000000476837158203e+00,3.671903312206268311e-01,4.035777151584625244e-01,3.572698831558227539e-01,4.177052676677703857e-01,3.352940678596496582e-01,5.286633968353271484e-01,4.217113256454467773e-01,4.254578351974487305e-01,-1.366048455238342285e-01,4.917875230312347412e-01,2.403941899538040161e-01,-1.689057238399982452e-02,1.138169094920158386e-01,3.118816316127777100e-01,6.600930094718933105e-01,1.797397434711456299e-01,3.515208512544631958e-02,4.121328592300415039e-01,4.293310046195983887e-01,4.473261535167694092e-01,1.819158941507339478e-01,6.583691239356994629e-01,5.054174661636352539e-01,3.826116323471069336e-01,2.993504106998443604e-01,4.782432615756988525e-01,4.749490022659301758e-01,1.945873796939849854e-01,2.397439628839492798e-01,3.734871447086334229e-01,2.393164187669754028e-01,-2.756376564502716064e-02
-8.157553523778915405e-02,3.224045038223266602e-01,2.462146133184432983e-01,2.993322610855102539e-01,1.511341035366058350e-01,3.765873908996582031e-01,7.702808380126953125e-01,1.986384540796279907e-01,4.852417111396789551e-01,3.547695279121398926e-01,7.132592145353555679e-03,2.263817638158798218e-01,2.301296442747116089e-01,1.659994423389434814e-01,5.248071998357772827e-02,3.671903312206268311e-01,9.999995231628417969e-01,8.915678262710571289e-01,7.766752243041992188e-01,5.670399069786071777e-01,2.382154613733291626e-01,4.738107323646545410e-01,5.091574788093566895e-01,1.946334391832351685e-01,1.551667451858520508e-01,4.314053058624267578e-01,2.827582061290740967e-01,1.328066140413284302e-01,2.186898291110992432e-01,6.500843167304992676e-02,4.997500777244567871e-01,4.957522079348564148e-02,2.176736947149038315e-03,2.057670801877975464e-01,1.758413612842559814e-01,1.147871464490890503e-01,9.176422655582427979e-02,3.022913634777069092e-01,3.292075693607330322e-01,3.802825808525085449e-01,2.886318564414978027e-01,6.593448519706726074e-01,5.348705053329467773e-01,1.671640425920486450e-01,1.495777368545532227e-01,4.895421862602233887e-01,9.132983535528182983e-02,2.737162709236145020e-01
-8.704522997140884399e-02,3.139019012451171875e-01,3.113865852355957031e-01,3.144167363643646240e-01,1.487398296594619751e-01,3.734353184700012207e-01,7.600728273391723633e-01,2.163358926773071289e-01,4.265790581703186035e-01,2.694710791110992432e-01,2.414610423147678375e-02,2.259203940629959106e-01,1.746629625558853149e-01,1.898191422224044800e-01,1.155616492033004761e-01,4.035777151584625244e-01,8.915678262710571289e-01,1.000000476837158203e+00,7.189711332321166992e-01,5.447325110435485840e-01,2.280787229537963867e-01,4.942142367362976074e-01,5.215883851051330566e-01,2.196875214576721191e-01,1.222633272409439087e-01,4.754400253295898438e-01,3.242079913616180420e-01,1.588392704725265503e-01,2.365965545177459717e-01,1.239097267389297485e-01,5.370658040046691895e-01,7.379900664091110229e-02,2.592302300035953522e-02,2.512630224227905273e-01,1.850324571132659912e-01,1.401522159576416016e-01,5.559615045785903931e-02,3.351243138313293457e-01,3.425599932670593262e-01,4.130457341670989990e-01,2.911218106746673584e-01,6.185607910156250000e-01,5.042654871940612793e-01,1.185137555003166199e-01,1.167316958308219910e-01,4.173568785190582275e-01,1.208366528153419495e-01,2.392118126153945923e-01
-8.899074792861938477e-02,3.661077320575714111e-01,2.259639501571655273e-01,3.421076536178588867e-01,1.718777269124984741e-01,3.906980454921722412e-01,6.842786073684692383e-01,1.368464827537536621e-01,3.911647796630859375e-01,3.616419732570648193e-01,-7.592052221298217773e-02,2.001011222600936890e-01,2.278804928064346313e-01,8.677500486373901367e-02,5.208671092987060547e-02,3.572698831558227539e-01,7.766752243041992188e-01,7.189711332321166992e-01,9.999997615814208984e-01,6.604275703430175781e-01,3.382064700126647949e-01,5.652726888656616211e-01,5.008530616760253906e-01,1.939342916011810303e-01,8.983612060546875000e-02,3.775126934051513672e-01,2.700308859348297119e-01,1.087445914745330811e-01,2.463070005178451538e-01,7.239957898855209351e-02,4.950869679450988770e-01,1.509024202823638916e-01,-4.903312399983406067e-02,1.492244303226470947e-01,1.489819139242172241e-01,9.308654069900512695e-02,2.972027659416198730e-02,3.307050466537475586e-01,4.193454384803771973e-01,3.836907446384429932e-01,3.391211926937103271e-01,6.796473860740661621e-01,6.000590324401855469e-01,9.809547662734985352e-02,1.483191251754760742e-01,4.613172113895416260e-01,1.191736683249473572e-01,2.316614389419555664e-01
-2.826831862330436707e-02,4.696135520935058594e-01,1.530798804014921188e-02,3.352863192558288574e-01,1.901226788759231567e-01,5.457760095596313477e-01,6.489982008934020996e-01,8.221426978707313538e-03,3.319555222988128662e-01,4.279663860797882080e-01,-2.372587323188781738e-01,4.926590248942375183e-02,3.626308441162109375e-01,1.103557571768760681e-01,2.317043580114841461e-02,4.177052676677703857e-01,5.670399069786071777e-01,5.447325110435485840e-01,6.604275703430175781e-01,1.000000357627868652e+00,6.197854280471801758e-01,5.072709918022155762e-01,3.543612360954284668e-01,3.318577408790588379e-01,5.563083570450544357e-03,4.923072755336761475e-01,1.867212951183319092e-01,3.682070598006248474e-02,1.857284754514694214e-01,4.700747504830360413e-02,3.691285252571105957e-01,3.507181406021118164e-01,-1.368137821555137634e-02,1.282843053340911865e-01,1.634827107191085815e-01,1.642284095287322998e-01,4.010765999555587769e-02,3.340842127799987793e-01,4.502639472484588623e-01,3.741520047187805176e-01,4.573978483676910400e-01,6.035482287406921387e-01,6.736820936203002930e-01,2.011393308639526367e-01,2.156869918107986450e-01,5.523864030838012695e-01,2.580819427967071533e-01,3.477938175201416016e-01
1.783796697854995728e-01,2.866183817386627197e-01,2.328901290893554688e-01,5.564528107643127441e-01,3.295455276966094971e-01,3.961521089076995850e-01,4.394162297248840332e-01,9.253427386283874512e-03,2.055085822939872742e-02,1.531461775302886963e-01,-3.511357121169567108e-03,1.743488460779190063e-01,3.126510977745056152e-01,9.195733815431594849e-02,8.286444097757339478e-02,3.352940678596496582e-01,2.382154613733291626e-01,2.280787229537963867e-01,3.382064700126647949e-01,6.197854280471801758e-01,1.000000000000000000e+00,6.288951039314270020e-01,-1.034629880450665951e-03,3.093701601028442383e-01,-5.150004476308822632e-02,3.601911664009094238e-01,2.305192798376083374e-01,1.472470462322235107e-01,2.678721249103546143e-01,2.449291199445724487e-01,2.477324455976486206e-01,4.399070143699645996e-01,1.622577011585235596e-02,1.041372939944267273e-01,9.837119281291961670e-02,9.782259166240692139e-02,-5.017869174480438232e-02,9.636237472295761108e-02,1.189987808465957642e-01,5.745688825845718384e-02,4.278755187988281250e-01,2.391404360532760620e-01,4.078259170055389404e-01,4.374642297625541687e-02,1.215965673327445984e-01,1.936870068311691284e-01,2.998102307319641113e-01,2.242535948753356934e-01
2.218011394143104553e-02,2.252855896949768066e-01,4.452494978904724121e-01,6.252279281616210938e-01,2.493927180767059326e-01,3.121227025985717773e-01,5.865071415901184082e-01,1.514919996261596680e-01,1.470266431570053101e-01,8.980827778577804565e-02,1.544464975595474243e-01,2.795920372009277344e-01,1.783992052078247070e-01,1.361900568008422852e-01,1.901858299970626831e-01,5.286633968353271484e-01,4.738107323646545410e-01,4.942142367362976074e-01,5.652726888656616211e-01,5.072709918022155762e-01,6.288951039314270020e-01,1.000000000000000000e+00,3.358528614044189453e-01,3.426503539085388184e-01,2.407875470817089081e-02,3.446348011493682861e-01,3.890229165554046631e-01,1.924084722995758057e-01,2.975808680057525635e-01,3.266270756721496582e-01,5.692194700241088867e-01,3.866688907146453857e-01,-2.991862408816814423e-02,1.716588288545608521e-01,1.760080605745315552e-01,2.466758340597152710e-01,-2.136616967618465424e-02,2.708426117897033691e-01,3.209359049797058105e-01,2.739633619785308838e-01,3.546194434165954590e-01,3.816164731979370117e-01,3.801115751266479492e-01,-4.770343005657196045e-02,4.147829487919807434e-02,1.730711907148361206e-01,2.955871522426605225e-01,2.035246342420578003e-01
-2.234307825565338135e-01,3.353852033615112305e-01,8.949539065361022949e-02,9.661060571670532227e-02,1.310041397809982300e-01,3.888542354106903076e-01,5.102925300598144531e-01,1.285763084888458252e-01,4.036199748516082764e-01,2.675521373748779297e-01,-6.534279137849807739e-02,1.915153264999389648e-01,4.493033140897750854e-02,2.181033790111541748e-01,1.260834038257598877e-01,4.217113256454467773e-01,5.091574788093566895e-01,5.215883851051330566e-01,5.008530616760253906e-01,3.543612360954284668e-01,-1.034629880450665951e-03,3.358528614044189453e-01,9.999992847442626953e-01,3.253576457500457764e-01,-8.158398419618606567e-02,4.173828363418579102e-01,2.037511169910430908e-01,-3.030300326645374298e-02,6.546011567115783691e-02,5.848788842558860779e-02,4.725119769573211670e-01,2.102364152669906616e-01,-4.420537129044532776e-02,1.862858086824417114e-01,1.891552358865737915e-01,2.783227264881134033e-01,1.189034357666969299e-01,5.278509855270385742e-01,7.000534534454345703e-01,7.831639051437377930e-01,3.250763118267059326e-01,5.792928338050842285e-01,4.501816034317016602e-01,6.900537759065628052e-02,1.254565864801406860e-01,3.941844403743743896e-01,2.481809854507446289e-01,3.988711237907409668e-01
-1.072508841753005981e-01,4.040768742561340332e-01,8.547202497720718384e-02,2.302562743425369263e-01,2.372957207262516022e-02,2.115469872951507568e-01,3.314828276634216309e-01,-2.584430389106273651e-02,1.968489438295364380e-01,1.731683909893035889e-01,4.419508855789899826e-03,1.108069270849227905e-01,2.738228440284729004e-01,1.409124583005905151e-01,1.596596390008926392e-01,4.254578351974487305e-01,1.946334391832351685e-01,2.196875214576721191e-01,1.939342916011810303e-01,3.318577408790588379e-01,3.093701601028442383e-01,3.426503539085388184e-01,3.253576457500457764e-01,1.000000357627868652e+00,-2.136325091123580933e-01,3.983388841152191162e-01,8.685373514890670776e-02,-1.368836592882871628e-02,1.013580337166786194e-01,5.012353658676147461e-01,5.263294577598571777e-01,6.429432630538940430e-01,-7.133616507053375244e-02,2.214476615190505981e-01,2.930961847305297852e-01,6.080507040023803711e-01,2.968747541308403015e-02,4.181467294692993164e-01,4.683761596679687500e-01,4.464848339557647705e-01,3.133419752120971680e-01,3.261325359344482422e-01,4.078444242477416992e-01,2.041549682617187500e-01,3.877891004085540771e-01,3.285057842731475830e-01,7.382428050041198730e-01,3.157599866390228271e-01
6.154275536537170410e-01,-6.755599379539489746e-02,9.540753811597824097e-02,8.058466017246246338e-02,1.820933669805526733e-01,-1.444911118596792221e-02,-4.573790729045867920e-02,6.090742945671081543e-01,-2.540500089526176453e-02,-2.487342953681945801e-01,-1.270003151148557663e-02,-3.152918219566345215e-01,-7.336644083261489868e-02,-2.697799205780029297e-01,-3.967844247817993164e-01,-1.366048455238342285e-01,1.551667451858520508e-01,1.222633272409439087e-01,8.983612060546875000e-02,5.563083570450544357e-03,-5.150004476308822632e-02,2.407875470817089081e-02,-8.158398419618606567e-02,-2.136325091123580933e-01,1.000000357627868652e+00,-2.058231681585311890e-01,4.477265775203704834e-01,7.074665427207946777e-01,5.072686672210693359e-01,-2.063968628644943237e-01,-1.836425364017486572e-01,-1.048997938632965088e-01,5.609438419342041016e-01,-9.852978587150573730e-02,-2.803828716278076172e-01,-2.412170469760894775e-01,8.051614463329315186e-02,-3.357259631156921387e-01,-1.903561949729919434e-01,-2.026544809341430664e-01,2.936682105064392090e-02,-1.658769100904464722e-01,-2.295681387186050415e-01,-8.544357866048812866e-02,-2.451172769069671631e-01,-9.223815798759460449e-02,-2.327356189489364624e-01,-2.790502272546291351e-02
-1.414120346307754517e-01,5.502754449844360352e-01,3.269635438919067383e-01,3.687253594398498535e-01,3.845316171646118164e-01,6.295959353446960449e-01,6.783725619316101074e-01,1.045081764459609985e-01,3.862000703811645508e-01,3.143492937088012695e-01,7.566790282726287842e-02,3.534038364887237549e-01,2.784623503684997559e-01,2.632025182247161865e-01,3.104173541069030762e-01,4.917875230312347412e-01,4.314053058624267578e-01,4.754400253295898438e-01,3.775126934051513672e-01,4.923072755336761475e-01,3.601911664009094238e-01,3.446348011493682861e-01,4.173828363418579102e-01,3.983388841152191162e-01,-2.058231681585311890e-01,1.000000119209289551e+00,2.042849808931350708e-01,6.478843837976455688e-02,1.701742261648178101e-01,3.698799312114715576e-01,4.625242054462432861e-01,2.267834395170211792e-01,4.837189987301826477e-02,3.942893743515014648e-01,3.314345180988311768e-01,3.007094860076904297e-01,1.153411269187927246e-01,5.495121479034423828e-01,4.371860623359680176e-01,4.139340519905090332e-01,6.167879700660705566e-01,5.755061507225036621e-01,5.521541237831115723e-01,1.944806575775146484e-01,2.941237688064575195e-01,4.125629067420959473e-01,3.344416022300720215e-01,1.413277387619018555e-01
4.283127486705780029e-01,1.068769544363021851e-01,4.029052257537841797e-01,3.515014946460723877e-01,4.823584556579589844e-01,3.697777092456817627e-01,2.677000463008880615e-01,4.808634519577026367e-01,-6.898720748722553253e-03,-2.607018947601318359e-01,6.253441423177719116e-02,3.035001829266548157e-02,-1.360056996345520020e-01,2.099157311022281647e-02,-1.585174053907394409e-01,2.403941899538040161e-01,2.827582061290740967e-01,3.242079913616180420e-01,2.700308859348297119e-01,1.867212951183319092e-01,2.305192798376083374e-01,3.890229165554046631e-01,2.037511169910430908e-01,8.685373514890670776e-02,4.477265775203704834e-01,2.042849808931350708e-01,9.999995231628417969e-01,6.719989776611328125e-01,6.988118290901184082e-01,1.644452363252639771e-01,2.010197043418884277e-01,7.379194349050521851e-02,3.672308623790740967e-01,2.680280208587646484e-01,-3.207209706306457520e-02,-3.246277943253517151e-02,-7.524617016315460205e-02,4.717968404293060303e-02,1.153512746095657349e-01,6.540144979953765869e-02,5.501867532730102539e-01,1.672068089246749878e-01,6.022164598107337952e-02,-3.687542974948883057e-01,-2.277109920978546143e-01,-1.022358536720275879e-01,1.526175532490015030e-02,-8.791528642177581787e-02
7.608898878097534180e-01,8.291892707347869873e-03,4.240643382072448730e-01,3.143615722656250000e-01,4.369309544563293457e-01,1.494914293289184570e-01,7.239840179681777954e-02,6.848012804985046387e-01,-1.369202882051467896e-01,-3.995581567287445068e-01,5.579735338687896729e-02,-1.906661242246627808e-01,-1.764235645532608032e-01,-2.923418581485748291e-01,-2.735750079154968262e-01,-1.689057238399982452e-02,1.328066140413284302e-01,1.588392704725265503e-01,1.087445914745330811e-01,3.682070598006248474e-02,1.472470462322235107e-01,1.924084722995758057e-01,-3.030300326645374298e-02,-1.368836592882871628e-02,7.074665427207946777e-01,6.478843837976455688e-02,6.719989776611328125e-01,9.999997019767761230e-01,7.967627644538879395e-01,1.446763724088668823e-01,-1.189731061458587646e-02,3.697364777326583862e-02,6.176065802574157715e-01,4.132125526666641235e-02,-2.005314230918884277e-01,-1.219203025102615356e-01,-1.252219825983047485e-01,-2.480844110250473022e-01,-1.259359121322631836e-01,-1.442536264657974243e-01,3.507575988769531250e-01,-1.216464713215827942e-01,-1.285780370235443115e-01,-2.690525352954864502e-01,-2.412979751825332642e-01,-2.256481200456619263e-01,-3.137191757559776306e-02,-9.088329225778579712e-02
5.904785394668579102e-01,2.667189761996269226e-02,3.362013697624206543e-01,3.382288217544555664e-01,4.117964506149291992e-01,2.597725391387939453e-01,1.904717683792114258e-01,5.300809144973754883e-01,-1.088081896305084229e-01,-4.070228338241577148e-01,3.001756733283400536e-03,-1.622737199068069458e-01,-2.053879499435424805e-01,-1.400926411151885986e-01,-1.945704519748687744e-01,1.138169094920158386e-01,2.186898291110992432e-01,2.365965545177459717e-01,2.463070005178451538e-01,1.857284754514694214e-01,2.678721249103546143e-01,2.975808680057525635e-01,6.546011567115783691e-02,1.013580337166786194e-01,5.072686672210693359e-01,1.701742261648178101e-01,6.988118290901184082e-01,7.967627644538879395e-01,1.000000357627868652e+00,2.549059987068176270e-01,1.581446677446365356e-01,1.560943275690078735e-01,4.140315949916839600e-01,1.106428056955337524e-01,-1.089009046554565430e-01,-3.590684011578559875e-02,-8.837267011404037476e-02,-5.335410311818122864e-02,4.781109839677810669e-02,-2.853821497410535812e-03,5.026858448982238770e-01,3.716814145445823669e-02,3.762884065508842468e-02,-3.998709321022033691e-01,-2.903069555759429932e-01,-2.292800694704055786e-01,2.072172239422798157e-02,-1.175507251173257828e-02
-1.248880475759506226e-01,3.401174545288085938e-01,4.195964634418487549e-01,2.553188502788543701e-01,7.064043730497360229e-02,5.210581049323081970e-02,2.119366824626922607e-01,1.609713770449161530e-02,4.730859398841857910e-02,-1.131243929266929626e-01,2.634332478046417236e-01,3.325358927249908447e-01,6.800482422113418579e-02,1.838609129190444946e-01,3.051319420337677002e-01,3.118816316127777100e-01,6.500843167304992676e-02,1.239097267389297485e-01,7.239957898855209351e-02,4.700747504830360413e-02,2.449291199445724487e-01,3.266270756721496582e-01,5.848788842558860779e-02,5.012353658676147461e-01,-2.063968628644943237e-01,3.698799312114715576e-01,1.644452363252639771e-01,1.446763724088668823e-01,2.549059987068176270e-01,1.000000476837158203e+00,5.321891307830810547e-01,3.039966821670532227e-01,4.316602274775505066e-02,4.390177130699157715e-01,3.792057037353515625e-01,3.592214882373809814e-01,1.942655630409717560e-02,3.516039550304412842e-01,2.310850173234939575e-01,1.501716077327728271e-01,2.626001238822937012e-01,2.049193084239959717e-01,2.845284640789031982e-01,4.062054678797721863e-02,1.873945295810699463e-01,4.348447546362876892e-02,4.557557106018066406e-01,-5.518295243382453918e-02
-2.950725555419921875e-01,3.958727717399597168e-01,3.841716647148132324e-01,3.631869554519653320e-01,4.941005632281303406e-02,2.882553339004516602e-01,6.209203600883483887e-01,9.048660099506378174e-02,4.184048175811767578e-01,2.036789357662200928e-01,2.647475898265838623e-01,3.404423296451568604e-01,3.162687718868255615e-01,3.001507818698883057e-01,4.121573567390441895e-01,6.600930094718933105e-01,4.997500777244567871e-01,5.370658040046691895e-01,4.950869679450988770e-01,3.691285252571105957e-01,2.477324455976486206e-01,5.692194700241088867e-01,4.725119769573211670e-01,5.263294577598571777e-01,-1.836425364017486572e-01,4.625242054462432861e-01,2.010197043418884277e-01,-1.189731061458587646e-02,1.581446677446365356e-01,5.321891307830810547e-01,1.000000000000000000e+00,2.857133448123931885e-01,-1.112634986639022827e-01,3.763176500797271729e-01,3.813473284244537354e-01,4.449447691440582275e-01,1.173531189560890198e-01,5.944084525108337402e-01,4.622289538383483887e-01,4.442659616470336914e-01,2.725628614425659180e-01,5.476635694503784180e-01,5.309153199195861816e-01,1.456300169229507446e-01,2.656431794166564941e-01,3.335644304752349854e-01,3.663648068904876709e-01,9.233380109071731567e-02
1.024192273616790771e-01,1.619367301464080811e-01,-1.182184666395187378e-01,2.101770788431167603e-01,7.837395370006561279e-02,2.117159515619277954e-01,1.312580257654190063e-01,-1.042310222983360291e-01,-3.042612224817276001e-02,-8.277202956378459930e-03,-2.907205224037170410e-01,-1.343008279800415039e-01,1.835812628269195557e-02,3.279017051681876183e-03,-7.355884462594985962e-02,1.797397434711456299e-01,4.957522079348564148e-02,7.379900664091110229e-02,1.509024202823638916e-01,3.507181406021118164e-01,4.399070143699645996e-01,3.866688907146453857e-01,2.102364152669906616e-01,6.429432630538940430e-01,-1.048997938632965088e-01,2.267834395170211792e-01,7.379194349050521851e-02,3.697364777326583862e-02,1.560943275690078735e-01,3.039966821670532227e-01,2.857133448123931885e-01,9.999998211860656738e-01,-7.149612903594970703e-02,-4.990641772747039795e-02,-6.093648448586463928e-02,2.267011851072311401e-01,-5.948068201541900635e-02,1.567211896181106567e-01,2.936361134052276611e-01,3.442761898040771484e-01,2.944675981998443604e-01,1.641630381345748901e-01,2.854568958282470703e-01,-3.068822994828224182e-02,9.779044985771179199e-02,1.177963986992835999e-01,6.769359111785888672e-01,4.815912246704101562e-01
5.500781536102294922e-01,2.108011245727539062e-01,2.470446228981018066e-01,9.467742592096328735e-02,3.801038563251495361e-01,1.163877546787261963e-01,1.000819844193756580e-03,6.921180486679077148e-01,4.693089053034782410e-02,-1.488649696111679077e-01,2.002138048410415649e-01,-4.695440828800201416e-02,8.801806718111038208e-02,-1.228244528174400330e-01,-6.435115635395050049e-02,3.515208512544631958e-02,2.176736947149038315e-03,2.592302300035953522e-02,-4.903312399983406067e-02,-1.368137821555137634e-02,1.622577011585235596e-02,-2.991862408816814423e-02,-4.420537129044532776e-02,-7.133616507053375244e-02,5.609438419342041016e-01,4.837189987301826477e-02,3.672308623790740967e-01,6.176065802574157715e-01,4.140315949916839600e-01,4.316602274775505066e-02,-1.112634986639022827e-01,-7.149612903594970703e-02,1.000000596046447754e+00,1.752310991287231445e-01,5.877677351236343384e-02,4.974894970655441284e-02,9.765245020389556885e-03,-8.962330967187881470e-02,-9.857676923274993896e-02,-1.441930532455444336e-01,2.011996209621429443e-01,-1.465926170349121094e-01,-1.376014351844787598e-01,1.326185613870620728e-01,-1.861778646707534790e-02,-5.816767364740371704e-02,-4.276408627629280090e-02,-1.203588172793388367e-01
