1.000000357627868652e+00,1.263843327760696411e-01,4.862409532070159912e-01,4.508328735828399658e-01,5.435169339179992676e-01,3.370443880558013916e-01,4.286689758300781250e-01,-5.101377144455909729e-02,5.126075446605682373e-02,2.564612329006195068e-01,-4.771506413817405701e-02,2.436258941888809204e-01,3.519056439399719238e-01,-7.612944394350051880e-02,2.454162389039993286e-02,1.402942836284637451e-01,4.890438020229339600e-01,4.222582578659057617e-01,3.659396469593048096e-01,3.884513974189758301e-01,3.704413175582885742e-01,5.441676974296569824e-01,5.356513857841491699e-01,3.189892470836639404e-01,1.804739534854888916e-01,2.743443548679351807e-01,1.356794983148574829e-01,4.486945271492004395e-01,2.444020360708236694e-01,-1.243861243128776550e-01,1.929084211587905884e-01,3.124664127826690674e-01,2.847421765327453613e-01,1.421543490141630173e-02,1.669348031282424927e-01,1.672651916742324829e-01,-7.046239823102951050e-02,1.002846583724021912e-01,5.529266968369483948e-02,3.435644805431365967e-01,2.703526914119720459e-01,1.367411464452743530e-01,1.090340465307235718e-01,-2.058497630059719086e-02,-6.943134963512420654e-02,2.695815265178680420e-01,2.762492895126342773e-01,5.739164352416992188e-01
1.263843327760696411e-01,9.999999403953552246e-01,-8.135701715946197510e-02,2.393960803747177124e-01,2.505271136760711670e-01,4.790248274803161621e-01,1.640061289072036743e-01,5.436869263648986816e-01,5.212642550468444824e-01,2.827768623828887939e-01,4.606781601905822754e-01,4.016137719154357910e-01,5.653468891978263855e-03,5.118906497955322266e-01,5.126249194145202637e-01,2.405806034803390503e-01,-1.414285134524106979e-02,2.607427723705768585e-02,2.301956713199615479e-02,5.585672333836555481e-03,-4.013373330235481262e-02,-9.074370563030242920e-02,-1.252779066562652588e-01,8.702794462442398071e-02,4.267173707485198975e-01,3.341944888234138489e-02,3.051361441612243652e-01,3.298085033893585205e-01,5.473266243934631348e-01,3.575865924358367920e-01,2.156887799501419067e-01,1.824654936790466309e-01,1.929292231798171997e-01,2.529990673065185547e-01,2.879168093204498291e-01,1.672448664903640747e-01,4.686523377895355225e-01,1.069815307855606079e-01,1.532470434904098511e-01,1.669032722711563110e-01,4.395873844623565674e-01,5.959495902061462402e-01,3.778702318668365479e-01,6.191315054893493652e-01,3.691294193267822266e-01,2.990559041500091553e-01,1.232709214091300964e-01,-1.164335459470748901e-01
4.862409532070159912e-01,-8.135701715946197510e-02,9.999999403953552246e-01,5.975225567817687988e-01,2.424310594797134399e-01,1.495245844125747681e-01,3.052844405174255371e-01,-2.516519129276275635e-01,-1.086124405264854431e-01,1.667488962411880493e-01,-2.709308862686157227e-01,1.265682931989431381e-02,3.044023215770721436e-01,-2.641885280609130859e-01,-1.604515910148620605e-01,1.242419034242630005e-01,3.075715303421020508e-01,2.099103927612304688e-01,2.185658663511276245e-01,1.927375942468643188e-01,1.374592334032058716e-01,2.809986770153045654e-01,2.714192569255828857e-01,1.863491684198379517e-01,-4.561538621783256531e-02,5.938944220542907715e-01,-1.763547025620937347e-02,4.144946336746215820e-01,7.196133583784103394e-02,-1.585612148046493530e-01,7.543188333511352539e-02,9.522198885679244995e-02,-8.889625966548919678e-02,2.745080292224884033e-01,-4.123106598854064941e-02,1.432401984930038452e-01,-1.113899573683738708e-01,4.649612903594970703e-01,2.044012397527694702e-01,9.162044525146484375e-02,2.441591955721378326e-02,-4.589077830314636230e-02,8.489221334457397461e-02,-9.018626809120178223e-02,-5.901863798499107361e-02,1.065753772854804993e-01,1.167441308498382568e-01,2.087584435939788818e-01
4.508328735828399658e-01,2.393960803747177124e-01,5.975225567817687988e-01,1.000000715255737305e+00,3.585763275623321533e-01,4.679886400699615479e-01,4.296317100524902344e-01,4.533519968390464783e-02,1.141982898116111755e-01,1.839471906423568726e-01,4.024076834321022034e-02,1.767245382070541382e-01,2.076188474893569946e-01,6.935182213783264160e-02,4.711945354938507080e-02,2.035114169120788574e-01,3.137562572956085205e-01,2.736358940601348877e-01,1.884213835000991821e-01,1.933795064687728882e-01,9.629776328802108765e-02,2.623333632946014404e-01,2.375806421041488647e-01,2.696763873100280762e-01,1.334474682807922363e-01,4.508944153785705566e-01,1.543146669864654541e-01,5.829176902770996094e-01,3.403544425964355469e-01,2.087092213332653046e-02,2.481952458620071411e-01,2.071328163146972656e-01,6.693112105131149292e-02,1.899861097335815430e-01,1.754464805126190186e-01,1.987801045179367065e-01,7.561300694942474365e-02,2.208845764398574829e-01,2.361864000558853149e-01,2.274647355079650879e-01,3.594452738761901855e-01,1.721662282943725586e-01,1.147548854351043701e-01,1.231245025992393494e-01,-1.748975180089473724e-02,1.644741743803024292e-01,2.169336378574371338e-01,2.104178816080093384e-01
5.435169339179992676e-01,2.505271136760711670e-01,2.424310594797134399e-01,3.585763275623321533e-01,9.999999403953552246e-01,5.460894107818603516e-01,4.151593446731567383e-01,7.017093151807785034e-02,-3.067655488848686218e-03,1.528372317552566528e-01,1.258713845163583755e-02,1.703648120164871216e-01,2.294347584247589111e-01,-7.496365159749984741e-02,6.445397436618804932e-02,4.270020499825477600e-02,3.856182098388671875e-01,3.873448371887207031e-01,1.894565671682357788e-01,3.260531425476074219e-01,3.141254186630249023e-01,3.982784450054168701e-01,3.354572355747222900e-01,2.494008988142013550e-01,1.819834709167480469e-01,1.352597922086715698e-01,1.632222533226013184e-01,4.116708636283874512e-01,2.811344563961029053e-01,-1.447963863611221313e-01,1.420312523841857910e-01,2.363385111093521118e-01,3.453532755374908447e-01,3.970614448189735413e-02,1.654358804225921631e-01,2.830112166702747345e-02,-1.012723669409751892e-01,5.539148673415184021e-02,-1.004904359579086304e-01,2.689766883850097656e-01,4.061118364334106445e-01,1.176719292998313904e-01,1.058358922600746155e-01,-2.080457052215933800e-03,-5.304038897156715393e-02,2.280310541391372681e-01,1.797432452440261841e-01,3.695209324359893799e-01
3.370443880558013916e-01,4.790248274803161621e-01,1.495245844125747681e-01,4.679886400699615479e-01,5.460894107818603516e-01,9.999997615814208984e-01,3.731084167957305908e-01,2.641063332557678223e-01,2.446520924568176270e-01,3.799679577350616455e-01,1.692833453416824341e-01,3.935841917991638184e-01,2.671484649181365967e-01,2.398625910282135010e-01,2.726759314537048340e-01,1.943621188402175903e-01,2.701156735420227051e-01,3.766330182552337646e-01,3.124651312828063965e-01,4.004662036895751953e-01,2.999913096427917480e-01,2.499168664216995239e-01,1.419901996850967407e-01,3.355143964290618896e-01,2.824559211730957031e-01,1.026030257344245911e-01,2.691226601600646973e-01,4.310114085674285889e-01,3.698659241199493408e-01,1.395152956247329712e-01,3.393647968769073486e-01,3.458362817764282227e-01,1.953148841857910156e-01,2.496927827596664429e-01,2.362975627183914185e-01,1.479339748620986938e-01,2.627494633197784424e-01,1.703103929758071899e-01,1.775782257318496704e-01,2.312249094247817993e-01,4.628915488719940186e-01,3.671135008335113525e-01,3.482844233512878418e-01,2.989357709884643555e-01,1.911385059356689453e-01,4.446738362312316895e-01,3.492026925086975098e-01,8.462380617856979370e-02
4.286689758300781250e-01,1.640061289072036743e-01,3.052844405174255371e-01,4.296317100524902344e-01,4.151593446731567383e-01,3.731084167957305908e-01,1.000000238418579102e+00,-7.554776966571807861e-03,2.727946639060974121e-01,2.250181585550308228e-01,1.443809121847152710e-01,2.632625699043273926e-01,3.454711437225341797e-01,9.772972762584686279e-02,1.126901805400848389e-01,2.074320316314697266e-01,7.503394484519958496e-01,4.323942661285400391e-01,3.602218329906463623e-01,3.766328394412994385e-01,3.477473258972167969e-01,4.531725943088531494e-01,4.799284040927886963e-01,1.621385514736175537e-01,1.436166912317276001e-01,4.606997668743133545e-01,1.368901282548904419e-01,2.949266731739044189e-01,3.383743762969970703e-01,1.915064603090286255e-01,2.342462986707687378e-01,2.017324119806289673e-01,1.471514701843261719e-01,8.230286091566085815e-02,1.834591925144195557e-01,1.892130076885223389e-01,2.452301420271396637e-02,5.553167685866355896e-02,1.381161659955978394e-01,3.584254384040832520e-01,3.132773935794830322e-01,2.710478007793426514e-01,1.784442961215972900e-01,5.726256594061851501e-02,-2.097680047154426575e-02,2.235317081212997437e-01,1.002174317836761475e-01,4.038774669170379639e-01
-5.101377144455909729e-02,5.436869263648986816e-01,-2.516519129276275635e-01,4.533519968390464783e-02,7.017093151807785034e-02,2.641063332557678223e-01,-7.554776966571807861e-03,1.000000119209289551e+00,5.341511964797973633e-01,9.813048690557479858e-02,5.571156740188598633e-01,1.874554753303527832e-01,-1.494805067777633667e-01,5.811400413513183594e-01,4.179927110671997070e-01,5.662204697728157043e-02,-6.254626065492630005e-02,1.287588477134704590e-01,5.478270724415779114e-02,7.838589698076248169e-02,2.871608734130859375e-02,-8.255372941493988037e-02,-3.400224149227142334e-01,4.927165806293487549e-03,1.947603970766067505e-01,-1.795091629028320312e-01,2.247278988361358643e-01,5.222640931606292725e-02,2.198292165994644165e-01,2.656081914901733398e-01,2.237958461046218872e-01,7.232861220836639404e-02,2.103643864393234253e-01,1.962316036224365234e-02,1.730792373418807983e-01,1.283504664897918701e-01,4.327502250671386719e-01,-8.616852015256881714e-02,-5.538968741893768311e-02,2.312991321086883545e-01,3.154496252536773682e-01,3.606620430946350098e-01,1.818069964647293091e-01,4.238118827342987061e-01,8.911794424057006836e-02,1.461931616067886353e-01,8.101338148117065430e-02,-3.133122920989990234e-01
5.126075446605682373e-02,5.212642550468444824e-01,-1.086124405264854431e-01,1.141982898116111755e-01,-3.067655488848686218e-03,2.446520924568176270e-01,2.727946639060974121e-01,5.341511964797973633e-01,1.000000119209289551e+00,1.722880601882934570e-01,5.493575930595397949e-01,3.114360868930816650e-01,-7.669436931610107422e-02,6.195698380470275879e-01,4.941251575946807861e-01,3.258912563323974609e-01,1.533985882997512817e-01,3.051012568175792694e-02,1.525895893573760986e-01,-1.145941205322742462e-02,-7.669898867607116699e-02,-1.113312020897865295e-01,-6.612075120210647583e-02,-9.570909291505813599e-02,2.724432647228240967e-01,5.976792052388191223e-02,1.270425319671630859e-01,5.788181349635124207e-02,2.486485093832015991e-01,3.155879378318786621e-01,5.870768427848815918e-02,5.740103498101234436e-02,6.702454388141632080e-02,2.014747411012649536e-01,1.606813371181488037e-01,6.389098614454269409e-02,4.723420441150665283e-01,9.512199461460113525e-02,1.704286187887191772e-01,1.999105960130691528e-01,3.359436094760894775e-01,5.166807174682617188e-01,2.826000452041625977e-01,5.699208974838256836e-01,2.120160758495330811e-01,1.626107394695281982e-01,-4.895775578916072845e-03,-9.121320396661758423e-02
2.564612329006195068e-01,2.827768623828887939e-01,1.667488962411880493e-01,1.839471906423568726e-01,1.528372317552566528e-01,3.799679577350616455e-01,2.250181585550308228e-01,9.813048690557479858e-02,1.722880601882934570e-01,1.000000238418579102e+00,1.393885463476181030e-01,6.273414492607116699e-01,4.166767299175262451e-01,1.946248710155487061e-01,3.910617232322692871e-01,8.425163477659225464e-02,2.404824793338775635e-01,3.144549131393432617e-01,3.873270750045776367e-01,4.475028812885284424e-01,4.466620385646820068e-01,2.990365326404571533e-01,1.193693801760673523e-01,2.193339616060256958e-01,2.050359398126602173e-01,1.818565279245376587e-01,8.721222728490829468e-02,2.143217623233795166e-01,3.242475986480712891e-01,2.265749126672744751e-01,4.280048012733459473e-01,3.108573853969573975e-01,1.671052426099777222e-01,3.119108974933624268e-01,2.092486023902893066e-01,2.330045402050018311e-01,2.345219999551773071e-01,3.277684748172760010e-01,1.705280244350433350e-01,1.486580669879913330e-01,9.058720618486404419e-02,5.387197136878967285e-01,4.691888391971588135e-01,3.133311569690704346e-01,5.029622912406921387e-01,7.147017121315002441e-01,2.303169071674346924e-01,7.588925957679748535e-02
-4.771506413817405701e-02,4.606781601905822754e-01,-2.709308862686157227e-01,4.024076834321022034e-02,1.258713845163583755e-02,1.692833453416824341e-01,1.443809121847152710e-01,5.571156740188598633e-01,5.493575930595397949e-01,1.393885463476181030e-01,9.999999403953552246e-01,1.429149359464645386e-01,-1.464216262102127075e-01,6.719923615455627441e-01,3.742831051349639893e-01,9.415397047996520996e-02,2.400734089314937592e-02,-3.505543619394302368e-02,-3.951884433627128601e-02,-4.848045110702514648e-02,-7.900735735893249512e-02,-1.131824031472206116e-01,-2.149493098258972168e-01,-2.072382420301437378e-01,2.648202180862426758e-01,-7.407671213150024414e-02,1.146315485239028931e-01,-6.260081380605697632e-02,2.618618309497833252e-01,3.165346086025238037e-01,5.658337846398353577e-02,-2.068129181861877441e-02,5.352997407317161560e-02,7.819741964340209961e-02,2.187714427709579468e-01,-2.864918485283851624e-02,4.924036264419555664e-01,-1.119311004877090454e-01,-1.245667114853858948e-01,8.881488442420959473e-02,2.970769405364990234e-01,4.122604429721832275e-01,1.480103284120559692e-01,4.030459225177764893e-01,1.674755066633224487e-01,1.406051963567733765e-01,-1.244292706251144409e-01,-1.309551000595092773e-01
2.436258941888809204e-01,4.016137719154357910e-01,1.265682931989431381e-02,1.767245382070541382e-01,1.703648120164871216e-01,3.935841917991638184e-01,2.632625699043273926e-01,1.874554753303527832e-01,3.114360868930816650e-01,6.273414492607116699e-01,1.429149359464645386e-01,1.000000238418579102e+00,3.044414520263671875e-01,3.216110765933990479e-01,6.236490607261657715e-01,3.086441159248352051e-01,1.700846254825592041e-01,2.889119684696197510e-01,1.974387317895889282e-01,2.456117421388626099e-01,2.515744268894195557e-01,2.107732445001602173e-01,1.815952062606811523e-01,2.666534483432769775e-01,2.406256794929504395e-01,7.418061047792434692e-02,1.960609406232833862e-01,2.237450778484344482e-01,3.698954880237579346e-01,1.636409759521484375e-01,3.914519250392913818e-01,3.706476092338562012e-01,1.624567061662673950e-01,1.913623809814453125e-01,2.802595794200897217e-01,2.213010191917419434e-01,3.057303428649902344e-01,2.163998037576675415e-01,2.754933834075927734e-01,2.840712368488311768e-01,2.840475738048553467e-01,5.454674959182739258e-01,3.961093127727508545e-01,3.707666099071502686e-01,4.033539891242980957e-01,5.417632460594177246e-01,3.054600954055786133e-01,1.610078811645507812e-01
3.519056439399719238e-01,5.653468891978263855e-03,3.044023215770721436e-01,2.076188474893569946e-01,2.294347584247589111e-01,2.671484649181365967e-01,3.454711437225341797e-01,-1.494805067777633667e-01,-7.669436931610107422e-02,4.166767299175262451e-01,-1.464216262102127075e-01,3.044414520263671875e-01,1.000000238418579102e+00,-1.326063573360443115e-01,8.981993049383163452e-02,3.431338965892791748e-01,4.160453379154205322e-01,4.321483671665191650e-01,4.149325191974639893e-01,5.976707339286804199e-01,5.815652608871459961e-01,4.872331023216247559e-01,4.774900972843170166e-01,3.303465247154235840e-01,-4.073161259293556213e-02,1.881809085607528687e-01,-2.609350252896547318e-03,2.374567687511444092e-01,4.791172593832015991e-02,4.678248614072799683e-02,3.607254922389984131e-01,3.317763209342956543e-01,-6.568023934960365295e-03,6.925530731678009033e-02,5.568991601467132568e-02,2.937083244323730469e-01,-2.927674353122711182e-02,1.494105309247970581e-01,3.230619132518768311e-01,2.839666008949279785e-01,5.460906773805618286e-02,1.087613925337791443e-01,3.479471206665039062e-01,-7.920962572097778320e-02,-1.566997962072491646e-03,4.367144703865051270e-01,2.651476860046386719e-01,2.634414434432983398e-01
-7.612944394350051880e-02,5.118906497955322266e-01,-2.641885280609130859e-01,6.935182213783264160e-02,-7.496365159749984741e-02,2.398625910282135010e-01,9.772972762584686279e-02,5.811400413513183594e-01,6.195698380470275879e-01,1.946248710155487061e-01,6.719923615455627441e-01,3.216110765933990479e-01,-1.326063573360443115e-01,1.000000238418579102e+00,5.126344561576843262e-01,2.536590993404388428e-01,-2.326367655768990517e-03,-6.961949169635772705e-03,3.614573553204536438e-02,-7.049626111984252930e-02,-1.023860350251197815e-01,-1.281952559947967529e-01,-1.704890131950378418e-01,-2.782747521996498108e-02,2.740347087383270264e-01,-6.171549856662750244e-02,2.397025227546691895e-01,-2.842087484896183014e-02,2.421816140413284302e-01,2.983151972293853760e-01,1.065132692456245422e-01,6.015460565686225891e-02,7.371675968170166016e-02,1.955776214599609375e-01,2.754733562469482422e-01,1.142387986183166504e-01,6.951060891151428223e-01,1.253841910511255264e-02,1.217498034238815308e-01,1.409043818712234497e-01,3.142283260822296143e-01,4.840896725654602051e-01,2.054351121187210083e-01,5.240015387535095215e-01,2.402633279561996460e-01,1.684993356466293335e-01,3.531489893794059753e-02,-1.399193704128265381e-01
2.454162389039993286e-02,5.126249194145202637e-01,-1.604515910148620605e-01,4.711945354938507080e-02,6.445397436618804932e-02,2.726759314537048340e-01,1.126901805400848389e-01,4.179927110671997070e-01,4.941251575946807861e-01,3.910617232322692871e-01,3.742831051349639893e-01,6.236490607261657715e-01,8.981993049383163452e-02,5.126344561576843262e-01,9.999997019767761230e-01,4.010757207870483398e-01,2.903887443244457245e-02,1.432110816240310669e-01,1.698887795209884644e-01,1.170316189527511597e-01,3.930984437465667725e-02,-2.700724266469478607e-02,-9.735585749149322510e-02,4.018206521868705750e-02,2.268985807895660400e-01,-7.650531828403472900e-02,1.978235244750976562e-01,1.344775110483169556e-01,2.456994354724884033e-01,1.502243280410766602e-01,1.742078661918640137e-01,2.109113633632659912e-01,1.235478669404983521e-01,2.005925774574279785e-01,2.593185007572174072e-01,1.122223585844039917e-01,4.111811220645904541e-01,2.172783911228179932e-01,2.238205969333648682e-01,2.077771276235580444e-01,3.331201076507568359e-01,5.756762623786926270e-01,3.564025759696960449e-01,5.151655077934265137e-01,3.897320628166198730e-01,3.123844265937805176e-01,1.141332313418388367e-01,-6.808894127607345581e-02
1.402942836284637451e-01,2.405806034803390503e-01,1.242419034242630005e-01,2.035114169120788574e-01,4.270020499825477600e-02,1.943621188402175903e-01,2.074320316314697266e-01,5.662204697728157043e-02,3.258912563323974609e-01,8.425163477659225464e-02,9.415397047996520996e-02,3.086441159248352051e-01,3.431338965892791748e-01,2.536590993404388428e-01,4.010757207870483398e-01,9.999999403953552246e-01,1.404665559530258179e-01,1.018164083361625671e-01,2.111557126045227051e-01,1.072534099221229553e-01,-1.394544821232557297e-02,4.159767646342515945e-03,2.280858308076858521e-01,1.640813499689102173e-01,1.232503876090049744e-01,3.627996891736984253e-02,1.241180822253227234e-01,1.316925287246704102e-01,-2.296017110347747803e-02,2.083670347929000854e-02,5.324745550751686096e-02,2.205044329166412354e-01,-7.155254483222961426e-02,7.581843435764312744e-02,1.276177763938903809e-01,2.358764261007308960e-01,2.231685519218444824e-01,1.348051875829696655e-01,5.546815991401672363e-01,2.872803807258605957e-01,1.604150533676147461e-01,2.971962988376617432e-01,2.668402194976806641e-01,2.807264924049377441e-01,4.010184109210968018e-02,1.054129973053932190e-01,1.895286291837692261e-01,1.095175296068191528e-01
4.890438020229339600e-01,-1.414285134524106979e-02,3.075715303421020508e-01,3.137562572956085205e-01,3.856182098388671875e-01,2.701156735420227051e-01,7.503394484519958496e-01,-6.254626065492630005e-02,1.533985882997512817e-01,2.404824793338775635e-01,2.400734089314937592e-02,1.700846254825592041e-01,4.160453379154205322e-01,-2.326367655768990517e-03,2.903887443244457245e-02,1.404665559530258179e-01,9.999997019767761230e-01,6.451686024665832520e-01,6.087461113929748535e-01,6.079078912734985352e-01,5.741071105003356934e-01,6.792886853218078613e-01,5.912367701530456543e-01,2.529160976409912109e-01,-4.365948587656021118e-02,3.538131713867187500e-01,1.233216747641563416e-01,2.510663270950317383e-01,1.354258209466934204e-01,6.589325517416000366e-02,3.210335969924926758e-01,3.397214710712432861e-01,1.789120286703109741e-01,-2.455182932317256927e-02,6.884878873825073242e-02,1.980615705251693726e-01,-6.990358233451843262e-02,2.590095438063144684e-02,4.084120504558086395e-03,4.033458530902862549e-01,1.862594187259674072e-01,1.897175908088684082e-01,2.546463906764984131e-01,-1.029650419950485229e-01,-1.177254542708396912e-01,2.943583428859710693e-01,2.010766267776489258e-01,5.280455350875854492e-01
4.222582578659057617e-01,2.607427723705768585e-02,2.099103927612304688e-01,2.736358940601348877e-01,3.873448371887207031e-01,3.766330182552337646e-01,4.323942661285400391e-01,1.287588477134704590e-01,3.051012568175792694e-02,3.144549131393432617e-01,-3.505543619394302368e-02,2.889119684696197510e-01,4.321483671665191650e-01,-6.961949169635772705e-03,1.432110816240310669e-01,1.018164083361625671e-01,6.451686024665832520e-01,1.000000357627868652e+00,5.734748840332031250e-01,7.414078712463378906e-01,7.583267092704772949e-01,7.452197074890136719e-01,4.291606247425079346e-01,4.116077721118927002e-01,-1.088922023773193359e-01,1.070996299386024475e-01,1.831402927637100220e-01,2.618680894374847412e-01,8.883257210254669189e-02,-3.053451329469680786e-02,5.663262009620666504e-01,5.707858800888061523e-01,2.328848540782928467e-01,-3.712374716997146606e-02,6.128973141312599182e-02,2.113509774208068848e-01,-3.377395495772361755e-02,1.401135418564081192e-02,-3.832757472991943359e-02,4.110666811466217041e-01,1.928303837776184082e-01,1.612548530101776123e-01,3.244512677192687988e-01,-1.131340563297271729e-01,-6.593435257673263550e-02,4.428083002567291260e-01,4.461593627929687500e-01,3.796663284301757812e-01
3.659396469593048096e-01,2.301956713199615479e-02,2.185658663511276245e-01,1.884213835000991821e-01,1.894565671682357788e-01,3.124651312828063965e-01,3.602218329906463623e-01,5.478270724415779114e-02,1.525895893573760986e-01,3.873270750045776367e-01,-3.951884433627128601e-02,1.974387317895889282e-01,4.149325191974639893e-01,3.614573553204536438e-02,1.698887795209884644e-01,2.111557126045227051e-01,6.087461113929748535e-01,5.734748840332031250e-01,1.000000596046447754e+00,7.082180380821228027e-01,5.682510137557983398e-01,5.031096935272216797e-01,3.164003789424896240e-01,3.201691210269927979e-01,-1.251161247491836548e-01,1.775767803192138672e-01,2.023004889488220215e-01,1.664127707481384277e-01,3.228047164157032967e-03,1.098620668053627014e-01,3.827182352542877197e-01,4.197929799556732178e-01,1.109562739729881287e-01,7.015170902013778687e-02,6.332282721996307373e-02,2.493788450956344604e-01,2.628902904689311981e-02,1.172714978456497192e-01,9.875081479549407959e-02,3.833404779434204102e-01,2.846698649227619171e-02,2.331143319606781006e-01,4.523057043552398682e-01,1.115344464778900146e-02,5.001430585980415344e-02,4.365056157112121582e-01,3.493673801422119141e-01,2.628463804721832275e-01
3.884513974189758301e-01,5.585672333836555481e-03,1.927375942468643188e-01,1.933795064687728882e-01,3.260531425476074219e-01,4.004662036895751953e-01,3.766328394412994385e-01,7.838589698076248169e-02,-1.145941205322742462e-02,4.475028812885284424e-01,-4.848045110702514648e-02,2.456117421388626099e-01,5.976707339286804199e-01,-7.049626111984252930e-02,1.170316189527511597e-01,1.072534099221229553e-01,6.079078912734985352e-01,7.414078712463378906e-01,7.082180380821228027e-01,9.999994635581970215e-01,7.914463877677917480e-01,6.720207333564758301e-01,3.878006041049957275e-01,3.786276578903198242e-01,-9.234543889760971069e-02,7.869130373001098633e-02,1.275794506072998047e-01,2.517170310020446777e-01,5.604965612292289734e-02,7.911507785320281982e-02,5.203444957733154297e-01,4.695444703102111816e-01,1.986093372106552124e-01,-1.731819659471511841e-02,3.876975923776626587e-02,2.633482813835144043e-01,-8.034491539001464844e-02,4.294829443097114563e-02,2.869699150323867798e-02,3.922410905361175537e-01,9.380745887756347656e-02,1.827342063188552856e-01,3.842082023620605469e-01,-8.485958725214004517e-02,1.072765700519084930e-02,5.210654139518737793e-01,3.947804570198059082e-01,2.923551201820373535e-01
3.704413175582885742e-01,-4.013373330235481262e-02,1.374592334032058716e-01,9.629776328802108765e-02,3.141254186630249023e-01,2.999913096427917480e-01,3.477473258972167969e-01,2.871608734130859375e-02,-7.669898867607116699e-02,4.466620385646820068e-01,-7.900735735893249512e-02,2.515744268894195557e-01,5.815652608871459961e-01,-1.023860350251197815e-01,3.930984437465667725e-02,-1.394544821232557297e-02,5.741071105003356934e-01,7.583267092704772949e-01,5.682510137557983398e-01,7.914463877677917480e-01,1.000000476837158203e+00,7.465608716011047363e-01,3.989204764366149902e-01,3.781667947769165039e-01,-9.839707612991333008e-02,9.028968960046768188e-02,1.162767261266708374e-01,1.772090047597885132e-01,1.000474318861961365e-01,5.376488715410232544e-02,5.687643289566040039e-01,5.278156399726867676e-01,2.008137106895446777e-01,-4.232073947787284851e-02,5.922425910830497742e-02,2.238875925540924072e-01,-9.181872010231018066e-02,2.834088541567325592e-02,-6.074396148324012756e-02,3.479479849338531494e-01,7.644373923540115356e-02,1.510569304227828979e-01,3.644737005233764648e-01,-1.495290696620941162e-01,-1.131122466176748276e-02,5.659565329551696777e-01,3.699329495429992676e-01,3.287557363510131836e-01
5.441676974296569824e-01,-9.074370563030242920e-02,2.809986770153045654e-01,2.623333632946014404e-01,3.982784450054168701e-01,2.499168664216995239e-01,4.531725943088531494e-01,-8.255372941493988037e-02,-1.113312020897865295e-01,2.990365326404571533e-01,-1.131824031472206116e-01,2.107732445001602173e-01,4.872331023216247559e-01,-1.281952559947967529e-01,-2.700724266469478607e-02,4.159767646342515945e-03,6.792886853218078613e-01,7.452197074890136719e-01,5.031096935272216797e-01,6.720207333564758301e-01,7.465608716011047363e-01,1.000000000000000000e+00,6.240170598030090332e-01,4.315986633300781250e-01,-1.275275796651840210e-01,2.030520588159561157e-01,1.037578806281089783e-01,3.232732713222503662e-01,1.346802562475204468e-01,-1.012617722153663635e-01,4.660257995128631592e-01,5.266795754432678223e-01,2.014010101556777954e-01,-1.051573678851127625e-01,1.447581686079502106e-02,2.010687589645385742e-01,-1.371189653873443604e-01,-5.337972193956375122e-03,-7.188980281352996826e-02,3.763301968574523926e-01,1.606301367282867432e-01,6.965179741382598877e-02,2.081868648529052734e-01,-2.400798797607421875e-01,-1.739186346530914307e-01,4.076448678970336914e-01,3.816360235214233398e-01,6.384741663932800293e-01
5.356513857841491699e-01,-1.252779066562652588e-01,2.714192569255828857e-01,2.375806421041488647e-01,3.354572355747222900e-01,1.419901996850967407e-01,4.799284040927886963e-01,-3.400224149227142334e-01,-6.612075120210647583e-02,1.193693801760673523e-01,-2.149493098258972168e-01,1.815952062606811523e-01,4.774900972843170166e-01,-1.704890131950378418e-01,-9.735585749149322510e-02,2.280858308076858521e-01,5.912367701530456543e-01,4.291606247425079346e-01,3.164003789424896240e-01,3.878006041049957275e-01,3.989204764366149902e-01,6.240170598030090332e-01,9.999998211860656738e-01,4.323228597640991211e-01,-3.323135524988174438e-02,2.081116437911987305e-01,4.236878827214241028e-02,2.777116000652313232e-01,2.534714527428150177e-02,-1.467130780220031738e-01,2.030245661735534668e-01,3.249272704124450684e-01,7.783279567956924438e-02,-1.370802968740463257e-01,-6.773286964744329453e-03,2.287694066762924194e-01,-1.372796148061752319e-01,-2.480071038007736206e-02,1.553906500339508057e-01,4.086440205574035645e-01,6.519996374845504761e-02,-4.306815564632415771e-02,5.639915470965206623e-04,-2.350699603557586670e-01,-1.803055405616760254e-01,1.040377914905548096e-01,3.243555426597595215e-01,7.542212009429931641e-01
3.189892470836639404e-01,8.702794462442398071e-02,1.863491684198379517e-01,2.696763873100280762e-01,2.494008988142013550e-01,3.355143964290618896e-01,1.621385514736175537e-01,4.927165806293487549e-03,-9.570909291505813599e-02,2.193339616060256958e-01,-2.072382420301437378e-01,2.666534483432769775e-01,3.303465247154235840e-01,-2.782747521996498108e-02,4.018206521868705750e-02,1.640813499689102173e-01,2.529160976409912109e-01,4.116077721118927002e-01,3.201691210269927979e-01,3.786276578903198242e-01,3.781667947769165039e-01,4.315986633300781250e-01,4.323228597640991211e-01,1.000000357627868652e+00,2.427491918206214905e-02,1.050930321216583252e-01,2.322046160697937012e-01,3.592503964900970459e-01,2.256055474281311035e-01,9.407039731740951538e-02,5.502952933311462402e-01,5.544061660766601562e-01,1.037504449486732483e-01,3.202585130929946899e-02,2.270991653203964233e-01,5.985875725746154785e-01,7.327590882778167725e-02,1.157398298382759094e-01,2.998765707015991211e-01,5.707286596298217773e-01,1.174813359975814819e-01,5.895897746086120605e-02,1.000981628894805908e-01,-3.280533850193023682e-02,-1.887821033596992493e-02,2.588110864162445068e-01,7.046412229537963867e-01,3.234717249870300293e-01
1.804739534854888916e-01,4.267173707485198975e-01,-4.561538621783256531e-02,1.334474682807922363e-01,1.819834709167480469e-01,2.824559211730957031e-01,1.436166912317276001e-01,1.947603970766067505e-01,2.724432647228240967e-01,2.050359398126602173e-01,2.648202180862426758e-01,2.406256794929504395e-01,-4.073161259293556213e-02,2.740347087383270264e-01,2.268985807895660400e-01,1.232503876090049744e-01,-4.365948587656021118e-02,-1.088922023773193359e-01,-1.251161247491836548e-01,-9.234543889760971069e-02,-9.839707612991333008e-02,-1.275275796651840210e-01,-3.323135524988174438e-02,2.427491918206214905e-02,9.999994635581970215e-01,8.612488210201263428e-02,-2.786823362112045288e-02,2.795415222644805908e-01,3.739505708217620850e-01,2.664015889167785645e-01,9.246508777141571045e-02,1.434998679906129837e-02,3.609437048435211182e-01,2.676835954189300537e-01,2.679849565029144287e-01,9.781559556722640991e-02,2.629573643207550049e-01,1.121379956603050232e-01,2.275257259607315063e-01,-2.164210006594657898e-02,3.224696815013885498e-01,3.755380511283874512e-01,-3.653639554977416992e-02,5.525978207588195801e-01,3.106679916381835938e-01,9.727499634027481079e-02,9.671354666352272034e-03,-5.236887559294700623e-02
2.743443548679351807e-01,3.341944888234138489e-02,5.938944220542907715e-01,4.508944153785705566e-01,1.352597922086715698e-01,1.026030257344245911e-01,4.606997668743133545e-01,-1.795091629028320312e-01,5.976792052388191223e-02,1.818565279245376587e-01,-7.407671213150024414e-02,7.418061047792434692e-02,1.881809085607528687e-01,-6.171549856662750244e-02,-7.650531828403472900e-02,3.627996891736984253e-02,3.538131713867187500e-01,1.070996299386024475e-01,1.775767803192138672e-01,7.869130373001098633e-02,9.028968960046768188e-02,2.030520588159561157e-01,2.081116437911987305e-01,1.050930321216583252e-01,8.612488210201263428e-02,9.999995827674865723e-01,9.660945832729339600e-02,3.763497471809387207e-01,3.343901038169860840e-01,1.921573132276535034e-01,1.261428892612457275e-01,5.901337414979934692e-02,-5.604579299688339233e-02,3.371558189392089844e-01,6.245124712586402893e-02,1.266649812459945679e-01,1.265056990087032318e-02,3.631202876567840576e-01,1.681979745626449585e-01,7.115650177001953125e-02,4.952646791934967041e-02,9.695544838905334473e-02,1.379303336143493652e-01,5.153811722993850708e-02,3.601139783859252930e-02,1.464861780405044556e-01,2.002477832138538361e-02,1.650152504444122314e-01
1.356794983148574829e-01,3.051361441612243652e-01,-1.763547025620937347e-02,1.543146669864654541e-01,1.632222533226013184e-01,2.691226601600646973e-01,1.368901282548904419e-01,2.247278988361358643e-01,1.270425319671630859e-01,8.721222728490829468e-02,1.146315485239028931e-01,1.960609406232833862e-01,-2.609350252896547318e-03,2.397025227546691895e-01,1.978235244750976562e-01,1.241180822253227234e-01,1.233216747641563416e-01,1.831402927637100220e-01,2.023004889488220215e-01,1.275794506072998047e-01,1.162767261266708374e-01,1.037578806281089783e-01,4.236878827214241028e-02,2.322046160697937012e-01,-2.786823362112045288e-02,9.660945832729339600e-02,1.000000476837158203e+00,1.773087382316589355e-01,2.801036536693572998e-01,7.275324314832687378e-02,1.763835847377777100e-01,2.708530426025390625e-01,3.250262141227722168e-02,1.119133606553077698e-01,2.302037179470062256e-01,1.121300458908081055e-01,2.862340211868286133e-01,5.003122612833976746e-02,5.441229790449142456e-02,2.558380067348480225e-01,2.186076939105987549e-01,2.256768494844436646e-01,2.081781923770904541e-01,9.874357283115386963e-02,2.993373200297355652e-02,1.973149329423904419e-01,2.334601730108261108e-01,1.890735700726509094e-02
4.486945271492004395e-01,3.298085033893585205e-01,4.144946336746215820e-01,5.829176902770996094e-01,4.116708636283874512e-01,4.310114085674285889e-01,2.949266731739044189e-01,5.222640931606292725e-02,5.788181349635124207e-02,2.143217623233795166e-01,-6.260081380605697632e-02,2.237450778484344482e-01,2.374567687511444092e-01,-2.842087484896183014e-02,1.344775110483169556e-01,1.316925287246704102e-01,2.510663270950317383e-01,2.618680894374847412e-01,1.664127707481384277e-01,2.517170310020446777e-01,1.772090047597885132e-01,3.232732713222503662e-01,2.777116000652313232e-01,3.592503964900970459e-01,2.795415222644805908e-01,3.763497471809387207e-01,1.773087382316589355e-01,1.000000119209289551e+00,5.537332296371459961e-01,4.691094160079956055e-02,2.443670332431793213e-01,2.702647149562835693e-01,1.967557072639465332e-01,1.335428953170776367e-01,1.915460228919982910e-01,2.304808199405670166e-01,-1.252073096111416817e-03,1.754808425903320312e-01,2.502259612083435059e-01,1.936285197734832764e-01,3.943312466144561768e-01,2.476760298013687134e-01,1.333814412355422974e-01,2.041451930999755859e-01,8.752365247346460819e-04,2.462285161018371582e-01,3.290705084800720215e-01,2.340565919876098633e-01
2.444020360708236694e-01,5.473266243934631348e-01,7.196133583784103394e-02,3.403544425964355469e-01,2.811344563961029053e-01,3.698659241199493408e-01,3.383743762969970703e-01,2.198292165994644165e-01,2.486485093832015991e-01,3.242475986480712891e-01,2.618618309497833252e-01,3.698954880237579346e-01,4.791172593832015991e-02,2.421816140413284302e-01,2.456994354724884033e-01,-2.296017110347747803e-02,1.354258209466934204e-01,8.883257210254669189e-02,3.228047164157032967e-03,5.604965612292289734e-02,1.000474318861961365e-01,1.346802562475204468e-01,2.534714527428150177e-02,2.256055474281311035e-01,3.739505708217620850e-01,3.343901038169860840e-01,2.801036536693572998e-01,5.537332296371459961e-01,9.999997615814208984e-01,4.739423394203186035e-01,3.452951312065124512e-01,2.057842761278152466e-01,2.521784603595733643e-01,2.590033113956451416e-01,3.765702843666076660e-01,2.808279395103454590e-01,2.145074456930160522e-01,9.081362187862396240e-02,1.283240616321563721e-01,1.852231621742248535e-01,4.257780313491821289e-01,4.555133581161499023e-01,2.175427973270416260e-01,3.532068729400634766e-01,2.951546907424926758e-01,3.541117906570434570e-01,1.856689900159835815e-01,7.942575961351394653e-02
-1.243861243128776550e-01,3.575865924358367920e-01,-1.585612148046493530e-01,2.087092213332653046e-02,-1.447963863611221313e-01,1.395152956247329712e-01,1.915064603090286255e-01,2.656081914901733398e-01,3.155879378318786621e-01,2.265749126672744751e-01,3.165346086025238037e-01,1.636409759521484375e-01,4.678248614072799683e-02,2.983151972293853760e-01,1.502243280410766602e-01,2.083670347929000854e-02,6.589325517416000366e-02,-3.053451329469680786e-02,1.098620668053627014e-01,7.911507785320281982e-02,5.376488715410232544e-02,-1.012617722153663635e-01,-1.467130780220031738e-01,9.407039731740951538e-02,2.664015889167785645e-01,1.921573132276535034e-01,7.275324314832687378e-02,4.691094160079956055e-02,4.739423394203186035e-01,9.999997615814208984e-01,4.230342507362365723e-01,4.699999094009399414e-02,1.437482535839080811e-01,1.889549791812896729e-01,2.189922481775283813e-01,4.311928153038024902e-01,2.756578028202056885e-01,1.576419547200202942e-02,2.004343122243881226e-01,1.632831394672393799e-01,7.938981056213378906e-02,3.484868109226226807e-01,2.583182156085968018e-01,3.458766639232635498e-01,3.543006479740142822e-01,2.046470493078231812e-01,1.006259024143218994e-01,-1.614727675914764404e-01
1.929084211587905884e-01,2.156887799501419067e-01,7.543188333511352539e-02,2.481952458620071411e-01,1.420312523841857910e-01,3.393647968769073486e-01,2.342462986707687378e-01,2.237958461046218872e-01,5.870768427848815918e-02,4.280048012733459473e-01,5.658337846398353577e-02,3.914519250392913818e-01,3.607254922389984131e-01,1.065132692456245422e-01,1.742078661918640137e-01,5.324745550751686096e-02,3.210335969924926758e-01,5.663262009620666504e-01,3.827182352542877197e-01,5.203444957733154297e-01,5.687643289566040039e-01,4.660257995128631592e-01,2.030245661735534668e-01,5.502952933311462402e-01,9.246508777141571045e-02,1.261428892612457275e-01,1.763835847377777100e-01,2.443670332431793213e-01,3.452951312065124512e-01,4.230342507362365723e-01,1.000000357627868652e+00,5.828024744987487793e-01,2.199136167764663696e-01,9.236130863428115845e-02,2.394062876701354980e-01,5.270693898200988770e-01,1.432475745677947998e-01,8.171339333057403564e-02,1.343093812465667725e-01,4.516296386718750000e-01,1.236280947923660278e-01,2.948933839797973633e-01,3.286347389221191406e-01,8.366698026657104492e-02,1.721803098917007446e-01,4.683611989021301270e-01,5.141989588737487793e-01,1.278381347656250000e-01
3.124664127826690674e-01,1.824654936790466309e-01,9.522198885679244995e-02,2.071328163146972656e-01,2.363385111093521118e-01,3.458362817764282227e-01,2.017324119806289673e-01,7.232861220836639404e-02,5.740103498101234436e-02,3.108573853969573975e-01,-2.068129181861877441e-02,3.706476092338562012e-01,3.317763209342956543e-01,6.015460565686225891e-02,2.109113633632659912e-01,2.205044329166412354e-01,3.397214710712432861e-01,5.707858800888061523e-01,4.197929799556732178e-01,4.695444703102111816e-01,5.278156399726867676e-01,5.266795754432678223e-01,3.249272704124450684e-01,5.544061660766601562e-01,1.434998679906129837e-02,5.901337414979934692e-02,2.708530426025390625e-01,2.702647149562835693e-01,2.057842761278152466e-01,4.699999094009399414e-02,5.828024744987487793e-01,9.999995231628417969e-01,3.277217969298362732e-02,8.460348844528198242e-02,2.372014373540878296e-01,2.989813089370727539e-01,9.247957915067672729e-02,7.492528855800628662e-02,7.172861695289611816e-02,4.345768988132476807e-01,1.792001128196716309e-01,2.999070882797241211e-01,3.767553865909576416e-01,4.628095775842666626e-02,-7.356879301369190216e-03,4.278007447719573975e-01,5.529939532279968262e-01,2.974179387092590332e-01
2.847421765327453613e-01,1.929292231798171997e-01,-8.889625966548919678e-02,6.693112105131149292e-02,3.453532755374908447e-01,1.953148841857910156e-01,1.471514701843261719e-01,2.103643864393234253e-01,6.702454388141632080e-02,1.671052426099777222e-01,5.352997407317161560e-02,1.624567061662673950e-01,-6.568023934960365295e-03,7.371675968170166016e-02,1.235478669404983521e-01,-7.155254483222961426e-02,1.789120286703109741e-01,2.328848540782928467e-01,1.109562739729881287e-01,1.986093372106552124e-01,2.008137106895446777e-01,2.014010101556777954e-01,7.783279567956924438e-02,1.037504449486732483e-01,3.609437048435211182e-01,-5.604579299688339233e-02,3.250262141227722168e-02,1.967557072639465332e-01,2.521784603595733643e-01,1.437482535839080811e-01,2.199136167764663696e-01,3.277217969298362732e-02,1.000000000000000000e+00,-7.744790613651275635e-02,1.433267146348953247e-01,9.316053986549377441e-02,1.245698239654302597e-02,-1.345547437667846680e-01,-8.860366791486740112e-02,1.092211455106735229e-01,2.737013399600982666e-01,2.094843089580535889e-01,-1.945302635431289673e-02,1.797213703393936157e-01,1.393663138151168823e-01,1.577311903238296509e-01,5.598780140280723572e-02,1.676356643438339233e-01
