9.999999403953552246e-01,4.843557476997375488e-01,1.940920054912567139e-01,4.829619526863098145e-01,7.458191514015197754e-01,7.136502265930175781e-01,2.451333105564117432e-01,3.362730145454406738e-01,3.912862837314605713e-01,3.490958213806152344e-01,3.978202342987060547e-01,4.878481030464172363e-01,2.726072967052459717e-01,2.915865182876586914e-01,3.985057473182678223e-01,4.591751396656036377e-01,1.468683034181594849e-01,8.147114515304565430e-02,3.765980303287506104e-01,3.866116404533386230e-01,3.207446336746215820e-01,2.001887708902359009e-01,1.836439371109008789e-01,-1.850904314778745174e-03,5.404072403907775879e-01,2.011761367321014404e-01,4.487965404987335205e-01,7.956727743148803711e-01,7.281921505928039551e-01,5.109621882438659668e-01,2.600909173488616943e-01,1.250621378421783447e-01,6.213130950927734375e-01,3.605889081954956055e-01,2.858731448650360107e-01,-2.217447385191917419e-03,1.697247624397277832e-01,4.151601791381835938e-01,2.935857474803924561e-01,-1.205279305577278137e-01,6.106744408607482910e-01,4.478851258754730225e-01,3.947525322437286377e-01,3.509800732135772705e-01,4.452588856220245361e-01,3.608309328556060791e-01,-9.005677886307239532e-03,-4.598220437765121460e-02
4.843557476997375488e-01,1.000000119209289551e+00,-1.605116873979568481e-01,6.270444393157958984e-02,6.878181695938110352e-01,6.711120009422302246e-01,2.004321664571762085e-01,5.335414409637451172e-01,6.475836038589477539e-01,6.784378290176391602e-01,4.268213808536529541e-01,5.881667733192443848e-01,5.565680265426635742e-01,7.515121996402740479e-02,2.473955601453781128e-02,3.555192053318023682e-01,1.602957248687744141e-01,3.055023029446601868e-03,3.759634494781494141e-01,4.646087586879730225e-01,3.317463696002960205e-01,2.000787854194641113e-01,3.942095041275024414e-01,3.254524469375610352e-01,3.750303685665130615e-01,3.272869810461997986e-02,4.238338172435760498e-01,5.192937254905700684e-01,5.600328445434570312e-01,4.078965187072753906e-01,2.237390279769897461e-01,3.514201045036315918e-01,6.292018294334411621e-01,2.254880368709564209e-01,3.989717662334442139e-01,3.707076013088226318e-01,7.953976839780807495e-02,3.129376769065856934e-01,3.509431183338165283e-01,2.198053896427154541e-01,7.560800313949584961e-01,7.767673730850219727e-01,6.238470077514648438e-01,7.345372438430786133e-01,7.731925845146179199e-01,6.949376463890075684e-01,3.390946388244628906e-01,2.523703873157501221e-01
1.940920054912567139e-01,-1.605116873979568481e-01,1.000000238418579102e+00,7.804771065711975098e-01,6.438964977860450745e-03,1.495593637228012085e-01,5.294452309608459473e-01,-2.456118911504745483e-01,-2.326863706111907959e-01,-1.544344872236251831e-01,-9.988226741552352905e-02,-1.408552974462509155e-01,-5.051011964678764343e-02,-1.531473696231842041e-01,1.411097198724746704e-01,6.663940101861953735e-02,4.309206306934356689e-01,3.839843273162841797e-01,2.532495260238647461e-01,1.145642325282096863e-01,1.639908924698829651e-02,-7.853950560092926025e-02,-1.043515950441360474e-01,-8.891148120164871216e-02,-1.764589399099349976e-01,6.971244215965270996e-01,-1.085063591599464417e-01,3.848608434200286865e-01,2.808364331722259521e-01,1.528477370738983154e-01,3.853323683142662048e-02,-1.574987769126892090e-01,-1.612814664840698242e-01,3.626215085387229919e-02,3.067202121019363403e-02,-1.085090637207031250e-01,-2.249047309160232544e-01,3.359951823949813843e-02,9.093080461025238037e-02,-1.964975520968437195e-02,-1.730505228042602539e-01,-1.289731562137603760e-01,-3.572946786880493164e-02,-1.479061394929885864e-01,-9.381588548421859741e-02,-1.283805817365646362e-01,-1.069697886705398560e-01,-3.243112862110137939e-01
4.829619526863098145e-01,6.270444393157958984e-02,7.804771065711975098e-01,1.000000000000000000e+00,2.997049093246459961e-01,4.458804130554199219e-01,5.102557539939880371e-01,-1.549296677112579346e-01,-1.171532943844795227e-01,5.721846719097811729e-06,-2.222106093540787697e-03,4.664966091513633728e-02,6.731048226356506348e-02,-1.014124453067779541e-01,2.401280701160430908e-01,2.128670364618301392e-01,3.949369490146636963e-01,2.817141711711883545e-01,4.390318691730499268e-01,3.406173884868621826e-01,1.910229176282882690e-01,4.932852834463119507e-02,-4.791275598108768463e-03,-6.804960966110229492e-02,4.875169694423675537e-02,5.793458223342895508e-01,1.212114915251731873e-01,6.242709159851074219e-01,5.051881670951843262e-01,3.004334867000579834e-01,1.021969616413116455e-01,-3.725175932049751282e-02,7.545964419841766357e-02,7.095916569232940674e-02,5.472676828503608704e-02,-8.565123379230499268e-02,-2.104240655899047852e-01,1.434422284364700317e-01,1.067510694265365601e-01,-4.930188506841659546e-02,1.262658685445785522e-01,1.030587926506996155e-01,1.474315375089645386e-01,-2.971640415489673615e-02,9.598153084516525269e-02,3.232092782855033875e-02,-5.750080198049545288e-02,-2.418627291917800903e-01
7.458191514015197754e-01,6.878181695938110352e-01,6.438964977860450745e-03,2.997049093246459961e-01,1.000000000000000000e+00,8.133544921875000000e-01,2.285328507423400879e-01,4.657242298126220703e-01,5.522167682647705078e-01,5.235545635223388672e-01,4.603232145309448242e-01,5.506319999694824219e-01,3.868859112262725830e-01,1.921289414167404175e-01,2.181597799062728882e-01,4.056602716445922852e-01,1.513167917728424072e-01,-9.829484857618808746e-03,3.753048479557037354e-01,4.288548231124877930e-01,3.345465064048767090e-01,1.994417011737823486e-01,2.528299391269683838e-01,1.254077106714248657e-01,4.432421922683715820e-01,6.788164377212524414e-02,4.456285238265991211e-01,7.445740699768066406e-01,7.192780375480651855e-01,4.593744874000549316e-01,2.063172906637191772e-01,2.231056690216064453e-01,6.612288951873779297e-01,2.718836069107055664e-01,3.017688989639282227e-01,1.756983250379562378e-01,8.503608405590057373e-02,3.390538394451141357e-01,2.926939725875854492e-01,3.963730856776237488e-02,7.781969308853149414e-01,6.651837229728698730e-01,5.202524065971374512e-01,4.998032748699188232e-01,5.940243005752563477e-01,5.478859543800354004e-01,1.110118329524993896e-01,1.010136455297470093e-01
7.136502265930175781e-01,6.711120009422302246e-01,1.495593637228012085e-01,4.458804130554199219e-01,8.133544921875000000e-01,1.000000000000000000e+00,3.950478136539459229e-01,3.437061607837677002e-01,4.914478063583374023e-01,5.238298773765563965e-01,3.296870589256286621e-01,4.751136898994445801e-01,4.442117512226104736e-01,7.877495884895324707e-02,1.481398046016693115e-01,3.921100497245788574e-01,2.866106331348419189e-01,5.821489542722702026e-02,5.748146176338195801e-01,5.714388489723205566e-01,3.615155220031738281e-01,2.186856865882873535e-01,3.134838640689849854e-01,1.694050878286361694e-01,3.785501420497894287e-01,2.320536226034164429e-01,4.333967566490173340e-01,7.803754210472106934e-01,7.849242091178894043e-01,4.968222081661224365e-01,1.902484148740768433e-01,2.872761487960815430e-01,5.453810691833496094e-01,1.999266743659973145e-01,2.343944162130355835e-01,2.052254974842071533e-01,-2.489220537245273590e-02,3.052394688129425049e-01,2.912271022796630859e-01,1.418166756629943848e-01,7.419484257698059082e-01,7.090048789978027344e-01,6.149682402610778809e-01,4.711060225963592529e-01,5.884413719177246094e-01,5.471842288970947266e-01,1.767873317003250122e-01,1.524501591920852661e-01
2.451333105564117432e-01,2.004321664571762085e-01,5.294452309608459473e-01,5.102557539939880371e-01,2.285328507423400879e-01,3.950478136539459229e-01,1.000000000000000000e+00,2.312340214848518372e-02,2.210498154163360596e-01,3.404744565486907959e-01,-3.834042325615882874e-02,5.250532925128936768e-02,3.026044070720672607e-01,-7.144916802644729614e-02,-5.971123650670051575e-02,1.565835326910018921e-01,8.621918559074401855e-01,6.623333096504211426e-01,6.388052701950073242e-01,3.950940668582916260e-01,1.453663110733032227e-01,2.256487458944320679e-01,2.799043059349060059e-01,2.785753607749938965e-01,5.553041771054267883e-02,7.887848615646362305e-01,1.818834692239761353e-01,4.250250160694122314e-01,4.747989177703857422e-01,3.537873923778533936e-01,2.419417053461074829e-01,2.453740984201431274e-01,-8.048249408602714539e-03,1.366739720106124878e-01,1.597107350826263428e-01,2.743384540081024170e-01,-1.038966700434684753e-01,1.348947286605834961e-01,2.982706725597381592e-01,2.803830206394195557e-01,1.150996685028076172e-01,3.629945218563079834e-01,3.547408282756805420e-01,2.432253658771514893e-01,2.716557085514068604e-01,3.704459071159362793e-01,2.446542233228683472e-01,9.528215229511260986e-02
3.362730145454406738e-01,5.335414409637451172e-01,-2.456118911504745483e-01,-1.549296677112579346e-01,4.657242298126220703e-01,3.437061607837677002e-01,2.312340214848518372e-02,1.000000476837158203e+00,6.921115517616271973e-01,5.436942577362060547e-01,6.142884492874145508e-01,5.694057941436767578e-01,4.138099253177642822e-01,4.210539162158966064e-01,1.841005533933639526e-01,3.364522159099578857e-01,2.344677597284317017e-02,6.833247374743223190e-03,1.252195388078689575e-01,1.233473792672157288e-01,8.281238377094268799e-02,8.782804012298583984e-02,4.176863133907318115e-01,3.154432773590087891e-01,4.051284790039062500e-01,-1.144154071807861328e-01,4.103399515151977539e-01,2.877409756183624268e-01,3.703044056892395020e-01,2.758572101593017578e-01,1.896601319313049316e-01,2.893577218055725098e-01,6.650052070617675781e-01,4.733744859695434570e-01,4.996690154075622559e-01,4.347205758094787598e-01,4.550237953662872314e-01,3.974974751472473145e-01,4.651961922645568848e-01,2.649873495101928711e-01,4.714608490467071533e-01,5.221596360206604004e-01,3.662975728511810303e-01,6.325951814651489258e-01,4.906967282295227051e-01,5.042280554771423340e-01,2.513045668601989746e-01,1.655145883560180664e-01
3.912862837314605713e-01,6.475836038589477539e-01,-2.326863706111907959e-01,-1.171532943844795227e-01,5.522167682647705078e-01,4.914478063583374023e-01,2.210498154163360596e-01,6.921115517616271973e-01,1.000000000000000000e+00,7.954053878784179688e-01,5.723806619644165039e-01,6.596775054931640625e-01,6.036205291748046875e-01,1.950499117374420166e-01,2.753788838163018227e-03,3.761408329010009766e-01,2.024691849946975708e-01,8.217367529869079590e-02,2.495011538267135620e-01,3.062570393085479736e-01,2.407022267580032349e-01,2.330975681543350220e-01,5.490356683731079102e-01,4.809105992317199707e-01,3.834566771984100342e-01,1.576376333832740784e-02,4.316925108432769775e-01,4.015830457210540771e-01,5.064858198165893555e-01,3.985571563243865967e-01,3.193773925304412842e-01,4.874400794506072998e-01,5.680083036422729492e-01,3.234905898571014404e-01,5.086538791656494141e-01,5.475502610206604004e-01,2.641410529613494873e-01,3.305420577526092529e-01,5.297531485557556152e-01,3.659020960330963135e-01,5.824038386344909668e-01,6.687361598014831543e-01,5.195736885070800781e-01,6.772388815879821777e-01,6.071747541427612305e-01,6.595295071601867676e-01,4.287584424018859863e-01,2.935467958450317383e-01
3.490958213806152344e-01,6.784378290176391602e-01,-1.544344872236251831e-01,5.721846719097811729e-06,5.235545635223388672e-01,5.238298773765563965e-01,3.404744565486907959e-01,5.436942577362060547e-01,7.954053878784179688e-01,9.999996423721313477e-01,4.140513539314270020e-01,6.086694002151489258e-01,6.771677732467651367e-01,1.247414946556091309e-01,-5.854294449090957642e-02,3.512313961982727051e-01,2.995295822620391846e-01,1.490537077188491821e-01,3.345747888088226318e-01,4.445177018642425537e-01,3.631961941719055176e-01,3.208253085613250732e-01,6.017021536827087402e-01,5.476269721984863281e-01,3.093895018100738525e-01,1.106467470526695251e-01,4.119842946529388428e-01,4.171271026134490967e-01,5.220701098442077637e-01,4.432294368743896484e-01,3.766354918479919434e-01,5.687624812126159668e-01,4.673654437065124512e-01,2.370058149099349976e-01,5.241674780845642090e-01,5.511684417724609375e-01,1.637726426124572754e-01,2.754774987697601318e-01,4.920989871025085449e-01,4.084352850914001465e-01,5.610508322715759277e-01,7.102579474449157715e-01,5.661146640777587891e-01,6.172221302986145020e-01,6.640033721923828125e-01,7.467225193977355957e-01,5.542224049568176270e-01,3.721931874752044678e-01
3.978202342987060547e-01,4.268213808536529541e-01,-9.988226741552352905e-02,-2.222106093540787697e-03,4.603232145309448242e-01,3.296870589256286621e-01,-3.834042325615882874e-02,6.142884492874145508e-01,5.723806619644165039e-01,4.140513539314270020e-01,1.000000357627868652e+00,6.800723075866699219e-01,3.595549464225769043e-01,4.139214456081390381e-01,4.444959461688995361e-01,5.045992732048034668e-01,-6.889776140451431274e-02,-1.336002349853515625e-01,5.713255330920219421e-02,8.608338236808776855e-02,1.280669271945953369e-01,5.111961066722869873e-02,3.202997744083404541e-01,1.847664564847946167e-01,3.248659670352935791e-01,-1.159171313047409058e-01,3.075315356254577637e-01,3.324253857135772705e-01,3.501581251621246338e-01,2.623060047626495361e-01,1.201522722840309143e-01,1.975477635860443115e-01,5.671058297157287598e-01,3.810552060604095459e-01,4.841468632221221924e-01,2.518303394317626953e-01,3.527302742004394531e-01,5.208192467689514160e-01,4.731878638267517090e-01,1.081183999776840210e-01,4.125820398330688477e-01,4.095826148986816406e-01,2.829294204711914062e-01,4.219986200332641602e-01,4.300955832004547119e-01,3.949041366577148438e-01,1.180282756686210632e-01,1.590315811336040497e-02
4.878481030464172363e-01,5.881667733192443848e-01,-1.408552974462509155e-01,4.664966091513633728e-02,5.506319999694824219e-01,4.751136898994445801e-01,5.250532925128936768e-02,5.694057941436767578e-01,6.596775054931640625e-01,6.086694002151489258e-01,6.800723075866699219e-01,1.000000238418579102e+00,5.600062608718872070e-01,2.630170285701751709e-01,3.143498003482818604e-01,5.777943730354309082e-01,3.540399298071861267e-02,-5.111045762896537781e-02,1.852488666772842407e-01,3.150191605091094971e-01,3.856927156448364258e-01,2.700530886650085449e-01,4.988364875316619873e-01,3.375302553176879883e-01,3.827435076236724854e-01,-1.003563180565834045e-01,4.141076207160949707e-01,4.098632037639617920e-01,4.103921651840209961e-01,4.345832169055938721e-01,3.316227793693542480e-01,3.999449908733367920e-01,6.109095811843872070e-01,2.995536923408508301e-01,5.197538733482360840e-01,3.870409727096557617e-01,2.684407532215118408e-01,4.062950313091278076e-01,4.782840013504028320e-01,1.545414477586746216e-01,5.165546536445617676e-01,5.282752513885498047e-01,3.848461806774139404e-01,5.715152621269226074e-01,6.314654946327209473e-01,5.561373233795166016e-01,2.908402681350708008e-01,1.757500618696212769e-01
2.726072967052459717e-01,5.565680265426635742e-01,-5.051011964678764343e-02,6.731048226356506348e-02,3.868859112262725830e-01,4.442117512226104736e-01,3.026044070720672607e-01,4.138099253177642822e-01,6.036205291748046875e-01,6.771677732467651367e-01,3.595549464225769043e-01,5.600062608718872070e-01,1.000000000000000000e+00,1.729853451251983643e-01,-9.785594418644905090e-03,4.491375982761383057e-01,2.556933164596557617e-01,1.658464223146438599e-01,4.548473358154296875e-01,6.477144956588745117e-01,5.925232768058776855e-01,5.235224962234497070e-01,7.214627861976623535e-01,6.275916695594787598e-01,3.018451631069183350e-01,1.188882216811180115e-01,4.100315272808074951e-01,2.868167757987976074e-01,3.806768655776977539e-01,5.053179264068603516e-01,4.753264188766479492e-01,6.035249829292297363e-01,3.988299369812011719e-01,1.561978310346603394e-01,3.860447406768798828e-01,5.504805445671081543e-01,1.309385895729064941e-01,2.147479504346847534e-01,4.850831031799316406e-01,4.381181299686431885e-01,4.138349294662475586e-01,5.597415566444396973e-01,5.688305497169494629e-01,5.253753066062927246e-01,5.766525268554687500e-01,6.316348314285278320e-01,6.325148940086364746e-01,4.584170877933502197e-01
2.915865182876586914e-01,7.515121996402740479e-02,-1.531473696231842041e-01,-1.014124453067779541e-01,1.921289414167404175e-01,7.877495884895324707e-02,-7.144916802644729614e-02,4.210539162158966064e-01,1.950499117374420166e-01,1.247414946556091309e-01,4.139214456081390381e-01,2.630170285701751709e-01,1.729853451251983643e-01,9.999997019767761230e-01,5.234563946723937988e-01,3.328214287757873535e-01,-7.081758975982666016e-02,8.536348491907119751e-02,1.648941077291965485e-02,6.251356005668640137e-02,1.417938172817230225e-01,2.166529446840286255e-01,2.336695939302444458e-01,-1.701384410262107849e-02,2.917123734951019287e-01,-8.191177994012832642e-02,1.526121795177459717e-01,7.206647843122482300e-02,1.043119579553604126e-01,1.991939544677734375e-01,1.643975824117660522e-01,1.189085319638252258e-01,3.397933542728424072e-01,3.796197474002838135e-01,2.730232477188110352e-01,-2.569013461470603943e-02,6.603466868400573730e-01,4.541368484497070312e-01,2.318923175334930420e-01,-8.509181439876556396e-02,1.448063701391220093e-01,5.941065773367881775e-02,1.019672602415084839e-01,1.036802902817726135e-01,1.006538718938827515e-01,1.278642266988754272e-01,-3.651164844632148743e-02,6.291887164115905762e-02
3.985057473182678223e-01,2.473955601453781128e-02,1.411097198724746704e-01,2.401280701160430908e-01,2.181597799062728882e-01,1.481398046016693115e-01,-5.971123650670051575e-02,1.841005533933639526e-01,2.753788838163018227e-03,-5.854294449090957642e-02,4.444959461688995361e-01,3.143498003482818604e-01,-9.785594418644905090e-03,5.234563946723937988e-01,1.000000476837158203e+00,5.094949007034301758e-01,-8.192741870880126953e-02,-1.158591080456972122e-02,8.416441828012466431e-02,3.030412457883358002e-02,6.170279160141944885e-02,5.566219240427017212e-02,1.317482888698577881e-01,-2.196085900068283081e-01,2.259206771850585938e-01,1.203575078397989273e-02,1.499074846506118774e-01,2.339984178543090820e-01,1.861316412687301636e-01,1.273871362209320068e-01,-7.868977263569831848e-03,-6.283561140298843384e-02,3.484716117382049561e-01,4.309974908828735352e-01,2.034224420785903931e-01,-1.938451826572418213e-01,2.957830429077148438e-01,6.041529178619384766e-01,1.413372606039047241e-01,-1.865778267383575439e-01,9.887198358774185181e-02,1.200133748352527618e-02,4.632117971777915955e-02,6.439168006181716919e-02,7.764173299074172974e-02,3.833441529422998428e-03,-2.427840381860733032e-01,-1.129171177744865417e-01
4.591751396656036377e-01,3.555192053318023682e-01,6.663940101861953735e-02,2.128670364618301392e-01,4.056602716445922852e-01,3.921100497245788574e-01,1.565835326910018921e-01,3.364522159099578857e-01,3.761408329010009766e-01,3.512313961982727051e-01,5.045992732048034668e-01,5.777943730354309082e-01,4.491375982761383057e-01,3.328214287757873535e-01,5.094949007034301758e-01,1.000000238418579102e+00,9.882178902626037598e-02,3.670498728752136230e-02,3.185445964336395264e-01,3.910567760467529297e-01,3.379600644111633301e-01,3.118199706077575684e-01,4.761939346790313721e-01,1.437769979238510132e-01,2.093591243028640747e-01,6.581686437129974365e-02,2.518106698989868164e-01,3.352424502372741699e-01,3.720897734165191650e-01,4.215242862701416016e-01,2.937150597572326660e-01,3.100469410419464111e-01,4.498114883899688721e-01,4.083488583564758301e-01,4.079669713973999023e-01,2.291490137577056885e-01,2.598131299018859863e-01,5.239475965499877930e-01,4.669744372367858887e-01,1.751093268394470215e-01,3.444494009017944336e-01,3.959008157253265381e-01,3.810940682888031006e-01,3.937613964080810547e-01,4.352607727050781250e-01,4.059817194938659668e-01,1.181888654828071594e-01,1.173469871282577515e-01
1.468683034181594849e-01,1.602957248687744141e-01,4.309206306934356689e-01,3.949369490146636963e-01,1.513167917728424072e-01,2.866106331348419189e-01,8.621918559074401855e-01,2.344677597284317017e-02,2.024691849946975708e-01,2.995295822620391846e-01,-6.889776140451431274e-02,3.540399298071861267e-02,2.556933164596557617e-01,-7.081758975982666016e-02,-8.192741870880126953e-02,9.882178902626037598e-02,1.000000357627868652e+00,7.671353816986083984e-01,6.095376610755920410e-01,3.694854676723480225e-01,1.493940055370330811e-01,2.918770611286163330e-01,2.942501902580261230e-01,2.917121350765228271e-01,5.492543056607246399e-02,6.710032820701599121e-01,1.544175893068313599e-01,3.111844360828399658e-01,3.679445087909698486e-01,2.905938625335693359e-01,2.774609327316284180e-01,2.864633202552795410e-01,-4.288357496261596680e-02,1.134136617183685303e-01,1.307515054941177368e-01,2.931228280067443848e-01,-7.026544213294982910e-02,9.836804121732711792e-02,3.088899254798889160e-01,3.102229237556457520e-01,4.700921848416328430e-02,3.135869503021240234e-01,2.991795241832733154e-01,2.425667792558670044e-01,2.763291597366333008e-01,3.281968533992767334e-01,2.535997331142425537e-01,1.823835223913192749e-01
8.147114515304565430e-02,3.055023029446601868e-03,3.839843273162841797e-01,2.817141711711883545e-01,-9.829484857618808746e-03,5.821489542722702026e-02,6.623333096504211426e-01,6.833247374743223190e-03,8.217367529869079590e-02,1.490537077188491821e-01,-1.336002349853515625e-01,-5.111045762896537781e-02,1.658464223146438599e-01,8.536348491907119751e-02,-1.158591080456972122e-02,3.670498728752136230e-02,7.671353816986083984e-01,1.000000119209289551e+00,4.499100744724273682e-01,3.120881319046020508e-01,2.108770608901977539e-01,4.076176881790161133e-01,2.484898567199707031e-01,2.066200822591781616e-01,3.702251240611076355e-02,5.813561081886291504e-01,1.110924314707517624e-02,1.599266678094863892e-01,2.017637044191360474e-01,2.674967050552368164e-01,4.400097727775573730e-01,2.686874568462371826e-01,-7.915946096181869507e-02,9.205343574285507202e-02,1.443746834993362427e-01,1.530662178993225098e-01,7.790729403495788574e-02,5.036216974258422852e-02,3.135519325733184814e-01,1.475403159856796265e-01,-1.106957346200942993e-01,8.516659587621688843e-02,1.793263554573059082e-01,1.511624157428741455e-01,1.341502368450164795e-01,1.779663860797882080e-01,1.739586740732192993e-01,1.649016588926315308e-01
3.765980303287506104e-01,3.759634494781494141e-01,2.532495260238647461e-01,4.390318691730499268e-01,3.753048479557037354e-01,5.748146176338195801e-01,6.388052701950073242e-01,1.252195388078689575e-01,2.495011538267135620e-01,3.345747888088226318e-01,5.713255330920219421e-02,1.852488666772842407e-01,4.548473358154296875e-01,1.648941077291965485e-02,8.416441828012466431e-02,3.185445964336395264e-01,6.095376610755920410e-01,4.499100744724273682e-01,9.999998211860656738e-01,7.035858631134033203e-01,3.700764179229736328e-01,3.938010632991790771e-01,4.053387939929962158e-01,1.963130086660385132e-01,1.717797070741653442e-01,4.775635600090026855e-01,2.915514707565307617e-01,4.552853703498840332e-01,5.381708145141601562e-01,4.463257193565368652e-01,2.559264898300170898e-01,3.406018316745758057e-01,2.123940140008926392e-01,1.471558064222335815e-01,9.573596715927124023e-02,2.099275887012481689e-01,-1.072964519262313843e-01,2.802874743938446045e-01,3.150051534175872803e-01,2.378520369529724121e-01,3.308205604553222656e-01,5.296465158462524414e-01,6.107608675956726074e-01,3.400109112262725830e-01,4.242145419120788574e-01,4.665505886077880859e-01,2.137070745229721069e-01,2.416326254606246948e-01
3.866116404533386230e-01,4.646087586879730225e-01,1.145642325282096863e-01,3.406173884868621826e-01,4.288548231124877930e-01,5.714388489723205566e-01,3.950940668582916260e-01,1.233473792672157288e-01,3.062570393085479736e-01,4.445177018642425537e-01,8.608338236808776855e-02,3.150191605091094971e-01,6.477144956588745117e-01,6.251356005668640137e-02,3.030412457883358002e-02,3.910567760467529297e-01,3.694854676723480225e-01,3.120881319046020508e-01,7.035858631134033203e-01,1.000000000000000000e+00,7.332456111907958984e-01,6.376039981842041016e-01,4.492313861846923828e-01,2.783558964729309082e-01,2.079028189182281494e-01,2.757501006126403809e-01,2.821017503738403320e-01,4.223715662956237793e-01,4.915408194065093994e-01,5.629670023918151855e-01,5.060796141624450684e-01,5.336308479309082031e-01,2.724090218544006348e-01,5.020574852824211121e-02,1.428735554218292236e-01,2.204743325710296631e-01,-8.285586535930633545e-02,1.732576489448547363e-01,2.884950935840606689e-01,1.886405646800994873e-01,4.434535503387451172e-01,5.223786830902099609e-01,6.192110776901245117e-01,3.610946536064147949e-01,4.867815375328063965e-01,5.073050856590270996e-01,3.529539406299591064e-01,4.474850893020629883e-01
3.207446336746215820e-01,3.317463696002960205e-01,1.639908924698829651e-02,1.910229176282882690e-01,3.345465064048767090e-01,3.615155220031738281e-01,1.453663110733032227e-01,8.281238377094268799e-02,2.407022267580032349e-01,3.631961941719055176e-01,1.280669271945953369e-01,3.856927156448364258e-01,5.925232768058776855e-01,1.417938172817230225e-01,6.170279160141944885e-02,3.379600644111633301e-01,1.493940055370330811e-01,2.108770608901977539e-01,3.700764179229736328e-01,7.332456111907958984e-01,1.000000000000000000e+00,7.538340091705322266e-01,4.002166390419006348e-01,3.309113979339599609e-01,1.508144885301589966e-01,7.311180233955383301e-02,2.113036364316940308e-01,2.649825513362884521e-01,2.614570558071136475e-01,5.891682505607604980e-01,6.828598380088806152e-01,5.728754401206970215e-01,2.159794569015502930e-01,-8.940939791500568390e-03,1.118050888180732727e-01,1.873126924037933350e-01,-3.624608740210533142e-02,9.709788486361503601e-03,1.827617138624191284e-01,4.976398870348930359e-02,3.153667747974395752e-01,3.216295242309570312e-01,4.053224623203277588e-01,2.088175117969512939e-01,4.184962809085845947e-01,3.795845806598663330e-01,4.030210375785827637e-01,4.402115643024444580e-01
2.001887708902359009e-01,2.000787854194641113e-01,-7.853950560092926025e-02,4.932852834463119507e-02,1.994417011737823486e-01,2.186856865882873535e-01,2.256487458944320679e-01,8.782804012298583984e-02,2.330975681543350220e-01,3.208253085613250732e-01,5.111961066722869873e-02,2.700530886650085449e-01,5.235224962234497070e-01,2.166529446840286255e-01,5.566219240427017212e-02,3.118199706077575684e-01,2.918770611286163330e-01,4.076176881790161133e-01,3.938010632991790771e-01,6.376039981842041016e-01,7.538340091705322266e-01,1.000000000000000000e+00,5.345569252967834473e-01,3.986456990242004395e-01,1.691569387912750244e-01,6.289745122194290161e-02,2.028056830167770386e-01,1.035032570362091064e-01,1.501770317554473877e-01,4.964666068553924561e-01,7.322870492935180664e-01,6.438040137290954590e-01,1.220117285847663879e-01,5.073055252432823181e-02,1.379791051149368286e-01,2.544055283069610596e-01,3.978063166141510010e-02,-2.215933613479137421e-02,2.042698860168457031e-01,1.530706584453582764e-01,1.791235804557800293e-01,2.452023923397064209e-01,3.216384947299957275e-01,2.110344767570495605e-01,3.229632973670959473e-01,3.294721245765686035e-01,4.126046299934387207e-01,5.889577865600585938e-01
1.836439371109008789e-01,3.942095041275024414e-01,-1.043515950441360474e-01,-4.791275598108768463e-03,2.528299391269683838e-01,3.134838640689849854e-01,2.799043059349060059e-01,4.176863133907318115e-01,5.490356683731079102e-01,6.017021536827087402e-01,3.202997744083404541e-01,4.988364875316619873e-01,7.214627861976623535e-01,2.336695939302444458e-01,1.317482888698577881e-01,4.761939346790313721e-01,2.942501902580261230e-01,2.484898567199707031e-01,4.053387939929962158e-01,4.492313861846923828e-01,4.002166390419006348e-01,5.345569252967834473e-01,9.999998211860656738e-01,6.590409278869628906e-01,2.245403826236724854e-01,3.028010018169879913e-02,3.262749910354614258e-01,1.876686364412307739e-01,2.995736002922058105e-01,3.462212085723876953e-01,4.136095643043518066e-01,6.501731276512145996e-01,3.335989117622375488e-01,2.217769920825958252e-01,4.073651432991027832e-01,6.550003290176391602e-01,2.293406277894973755e-01,2.834107279777526855e-01,5.088887214660644531e-01,6.040589213371276855e-01,2.867016494274139404e-01,4.997752308845520020e-01,4.589232802391052246e-01,5.018622875213623047e-01,5.004611015319824219e-01,5.370745658874511719e-01,6.059638261795043945e-01,5.401010513305664062e-01
-1.850904314778745174e-03,3.254524469375610352e-01,-8.891148120164871216e-02,-6.804960966110229492e-02,1.254077106714248657e-01,1.694050878286361694e-01,2.785753607749938965e-01,3.154432773590087891e-01,4.809105992317199707e-01,5.476269721984863281e-01,1.847664564847946167e-01,3.375302553176879883e-01,6.275916695594787598e-01,-1.701384410262107849e-02,-2.196085900068283081e-01,1.437769979238510132e-01,2.917121350765228271e-01,2.066200822591781616e-01,1.963130086660385132e-01,2.783558964729309082e-01,3.309113979339599609e-01,3.986456990242004395e-01,6.590409278869628906e-01,1.000000119209289551e+00,1.639615297317504883e-01,4.268356412649154663e-02,3.136176168918609619e-01,9.438471496105194092e-02,1.891741752624511719e-01,3.176360726356506348e-01,4.511496424674987793e-01,6.677525639533996582e-01,1.472063809633255005e-01,-4.740789532661437988e-03,2.956015765666961670e-01,8.093945980072021484e-01,2.927481196820735931e-02,-1.529623102396726608e-02,3.613529205322265625e-01,5.375539660453796387e-01,1.370903551578521729e-01,4.172791838645935059e-01,3.092427253723144531e-01,3.846991956233978271e-01,4.083172976970672607e-01,4.793424606323242188e-01,8.460991382598876953e-01,4.784480035305023193e-01
5.404072403907775879e-01,3.750303685665130615e-01,-1.764589399099349976e-01,4.875169694423675537e-02,4.432421922683715820e-01,3.785501420497894287e-01,5.553041771054267883e-02,4.051284790039062500e-01,3.834566771984100342e-01,3.093895018100738525e-01,3.248659670352935791e-01,3.827435076236724854e-01,3.018451631069183350e-01,2.917123734951019287e-01,2.259206771850585938e-01,2.093591243028640747e-01,5.492543056607246399e-02,3.702251240611076355e-02,1.717797070741653442e-01,2.079028189182281494e-01,1.508144885301589966e-01,1.691569387912750244e-01,2.245403826236724854e-01,1.639615297317504883e-01,1.000000000000000000e+00,-8.593468368053436279e-02,7.138384580612182617e-01,4.055680036544799805e-01,4.022142291069030762e-01,2.358444482088088989e-01,1.508837640285491943e-01,1.331971287727355957e-01,6.521263718605041504e-01,2.710685431957244873e-01,2.344317734241485596e-01,1.224173754453659058e-01,1.893678158521652222e-01,3.231964409351348877e-01,2.580199837684631348e-01,3.474767506122589111e-02,4.168527424335479736e-01,2.917884886264801025e-01,1.976830214262008667e-01,3.283138871192932129e-01,2.878864109516143799e-01,2.552432417869567871e-01,1.714413762092590332e-01,1.447799354791641235e-01
2.011761367321014404e-01,3.272869810461997986e-02,6.971244215965270996e-01,5.793458223342895508e-01,6.788164377212524414e-02,2.320536226034164429e-01,7.887848615646362305e-01,-1.144154071807861328e-01,1.576376333832740784e-02,1.106467470526695251e-01,-1.159171313047409058e-01,-1.003563180565834045e-01,1.188882216811180115e-01,-8.191177994012832642e-02,1.203575078397989273e-02,6.581686437129974365e-02,6.710032820701599121e-01,5.813561081886291504e-01,4.775635600090026855e-01,2.757501006126403809e-01,7.311180233955383301e-02,6.289745122194290161e-02,3.028010018169879913e-02,4.268356412649154663e-02,-8.593468368053436279e-02,9.999998211860656738e-01,-3.231274895370006561e-03,3.708252906799316406e-01,3.789030313491821289e-01,3.009923398494720459e-01,1.810962110757827759e-01,5.394320562481880188e-02,-1.102585569024085999e-01,1.058022528886795044e-01,9.754775464534759521e-02,3.050623461604118347e-02,-1.437341421842575073e-01,1.252027302980422974e-01,1.949806809425354004e-01,8.162284642457962036e-02,-2.002655901014804840e-02,1.271253675222396851e-01,2.220365405082702637e-01,7.634891569614410400e-02,6.930463016033172607e-02,1.566908508539199829e-01,4.854359850287437439e-02,-9.415477514266967773e-02
4.487965404987335205e-01,4.238338172435760498e-01,-1.085063591599464417e-01,1.212114915251731873e-01,4.456285238265991211e-01,4.333967566490173340e-01,1.818834692239761353e-01,4.103399515151977539e-01,4.316925108432769775e-01,4.119842946529388428e-01,3.075315356254577637e-01,4.141076207160949707e-01,4.100315272808074951e-01,1.526121795177459717e-01,1.499074846506118774e-01,2.518106698989868164e-01,1.544175893068313599e-01,1.110924314707517624e-02,2.915514707565307617e-01,2.821017503738403320e-01,2.113036364316940308e-01,2.028056830167770386e-01,3.262749910354614258e-01,3.136176168918609619e-01,7.138384580612182617e-01,-3.231274895370006561e-03,9.999996423721313477e-01,3.830292820930480957e-01,3.980171382427215576e-01,2.771590352058410645e-01,1.721353530883789062e-01,2.603984773159027100e-01,5.832771658897399902e-01,2.461751997470855713e-01,1.974768489599227905e-01,2.662257552146911621e-01,1.734504476189613342e-02,2.052420675754547119e-01,1.723762899637222290e-01,1.513826251029968262e-01,4.092403948307037354e-01,4.077120125293731689e-01,2.871918380260467529e-01,3.523687422275543213e-01,3.458892703056335449e-01,3.589311242103576660e-01,2.847588360309600830e-01,1.823714077472686768e-01
7.956727743148803711e-01,5.192937254905700684e-01,3.848608434200286865e-01,6.242709159851074219e-01,7.445740699768066406e-01,7.803754210472106934e-01,4.250250160694122314e-01,2.877409756183624268e-01,4.015830457210540771e-01,4.171271026134490967e-01,3.324253857135772705e-01,4.098632037639617920e-01,2.868167757987976074e-01,7.206647843122482300e-02,2.339984178543090820e-01,3.352424502372741699e-01,3.111844360828399658e-01,1.599266678094863892e-01,4.552853703498840332e-01,4.223715662956237793e-01,2.649825513362884521e-01,1.035032570362091064e-01,1.876686364412307739e-01,9.438471496105194092e-02,4.055680036544799805e-01,3.708252906799316406e-01,3.830292820930480957e-01,1.000000000000000000e+00,8.651127815246582031e-01,4.700506031513214111e-01,1.948838829994201660e-01,1.611037552356719971e-01,5.138884782791137695e-01,2.411400377750396729e-01,2.876252233982086182e-01,1.270085573196411133e-01,-1.233758684247732162e-02,3.377008438110351562e-01,3.357524871826171875e-01,3.684907034039497375e-02,6.043261289596557617e-01,5.339763760566711426e-01,4.333306849002838135e-01,3.680005669593811035e-01,4.633562266826629639e-01,4.218665063381195068e-01,1.010865569114685059e-01,-5.140864849090576172e-02
7.281921505928039551e-01,5.600328445434570312e-01,2.808364331722259521e-01,5.051881670951843262e-01,7.192780375480651855e-01,7.849242091178894043e-01,4.747989177703857422e-01,3.703044056892395020e-01,5.064858198165893555e-01,5.220701098442077637e-01,3.501581251621246338e-01,4.103921651840209961e-01,3.806768655776977539e-01,1.043119579553604126e-01,1.861316412687301636e-01,3.720897734165191650e-01,3.679445087909698486e-01,2.017637044191360474e-01,5.381708145141601562e-01,4.915408194065093994e-01,2.614570558071136475e-01,1.501770317554473877e-01,2.995736002922058105e-01,1.891741752624511719e-01,4.022142291069030762e-01,3.789030313491821289e-01,3.980171382427215576e-01,8.651127815246582031e-01,9.999999403953552246e-01,4.883795678615570068e-01,2.256960570812225342e-01,2.906557023525238037e-01,5.187558531761169434e-01,3.003277778625488281e-01,3.307206332683563232e-01,2.330079525709152222e-01,4.527332633733749390e-02,4.012515842914581299e-01,4.293189346790313721e-01,1.657603681087493896e-01,6.254068017005920410e-01,6.479099392890930176e-01,5.514794588088989258e-01,4.450480639934539795e-01,5.215657353401184082e-01,5.356580615043640137e-01,1.960097849369049072e-01,6.589913368225097656e-02
5.109621882438659668e-01,4.078965187072753906e-01,1.528477370738983154e-01,3.004334867000579834e-01,4.593744874000549316e-01,4.968222081661224365e-01,3.537873923778533936e-01,2.758572101593017578e-01,3.985571563243865967e-01,4.432294368743896484e-01,2.623060047626495361e-01,4.345832169055938721e-01,5.053179264068603516e-01,1.991939544677734375e-01,1.273871362209320068e-01,4.215242862701416016e-01,2.905938625335693359e-01,2.674967050552368164e-01,4.463257193565368652e-01,5.629670023918151855e-01,5.891682505607604980e-01,4.964666068553924561e-01,3.462212085723876953e-01,3.176360726356506348e-01,2.358444482088088989e-01,3.009923398494720459e-01,2.771590352058410645e-01,4.700506031513214111e-01,4.883795678615570068e-01,1.000000476837158203e+00,6.867185831069946289e-01,5.209549069404602051e-01,2.985996901988983154e-01,9.810993075370788574e-02,2.576075196266174316e-01,2.707594037055969238e-01,1.013155132532119751e-01,2.025628983974456787e-01,3.189117014408111572e-01,-3.395301848649978638e-02,3.850899040699005127e-01,4.410148561000823975e-01,5.136196017265319824e-01,3.889749944210052490e-01,4.841536283493041992e-01,4.867978096008300781e-01,3.325611948966979980e-01,2.414516806602478027e-01
2.600909173488616943e-01,2.237390279769897461e-01,3.853323683142662048e-02,1.021969616413116455e-01,2.063172906637191772e-01,1.902484148740768433e-01,2.419417053461074829e-01,1.896601319313049316e-01,3.193773925304412842e-01,3.766354918479919434e-01,1.201522722840309143e-01,3.316227793693542480e-01,4.753264188766479492e-01,1.643975824117660522e-01,-7.868977263569831848e-03,2.937150597572326660e-01,2.774609327316284180e-01,4.400097727775573730e-01,2.559264898300170898e-01,5.060796141624450684e-01,6.828598380088806152e-01,7.322870492935180664e-01,4.136095643043518066e-01,4.511496424674987793e-01,1.508837640285491943e-01,1.810962110757827759e-01,1.721353530883789062e-01,1.948838829994201660e-01,2.256960570812225342e-01,6.867185831069946289e-01,1.000000119209289551e+00,6.884198188781738281e-01,1.238103434443473816e-01,6.025929749011993408e-02,2.877180576324462891e-01,3.050426244735717773e-01,1.339912414550781250e-01,1.816036738455295563e-02,3.202865719795227051e-01,1.219145394861698151e-02,1.491671055555343628e-01,2.465269118547439575e-01,3.096677362918853760e-01,3.050395846366882324e-01,3.896963298320770264e-01,3.906585574150085449e-01,4.613138437271118164e-01,4.051699936389923096e-01
1.250621378421783447e-01,3.514201045036315918e-01,-1.574987769126892090e-01,-3.725175932049751282e-02,2.231056690216064453e-01,2.872761487960815430e-01,2.453740984201431274e-01,2.893577218055725098e-01,4.874400794506072998e-01,5.687624812126159668e-01,1.975477635860443115e-01,3.999449908733367920e-01,6.035249829292297363e-01,1.189085319638252258e-01,-6.283561140298843384e-02,3.100469410419464111e-01,2.864633202552795410e-01,2.686874568462371826e-01,3.406018316745758057e-01,5.336308479309082031e-01,5.728754401206970215e-01,6.438040137290954590e-01,6.501731276512145996e-01,6.677525639533996582e-01,1.331971287727355957e-01,5.394320562481880188e-02,2.603984773159027100e-01,1.611037552356719971e-01,2.906557023525238037e-01,5.209549069404602051e-01,6.884198188781738281e-01,1.000000119209289551e+00,1.747518777847290039e-01,6.844842433929443359e-02,3.068256676197052002e-01,5.723778009414672852e-01,9.887509793043136597e-02,1.162560060620307922e-01,3.740288317203521729e-01,3.513220250606536865e-01,2.648969888687133789e-01,4.950000941753387451e-01,4.392109513282775879e-01,3.999623060226440430e-01,4.988273978233337402e-01,5.470461249351501465e-01,7.012121677398681641e-01,6.213866472244262695e-01
6.213130950927734375e-01,6.292018294334411621e-01,-1.612814664840698242e-01,7.545964419841766357e-02,6.612288951873779297e-01,5.453810691833496094e-01,-8.048249408602714539e-03,6.650052070617675781e-01,5.680083036422729492e-01,4.673654437065124512e-01,5.671058297157287598e-01,6.109095811843872070e-01,3.988299369812011719e-01,3.397933542728424072e-01,3.484716117382049561e-01,4.498114883899688721e-01,-4.288357496261596680e-02,-7.915946096181869507e-02,2.123940140008926392e-01,2.724090218544006348e-01,2.159794569015502930e-01,1.220117285847663879e-01,3.335989117622375488e-01,1.472063809633255005e-01,6.521263718605041504e-01,-1.102585569024085999e-01,5.832771658897399902e-01,5.138884782791137695e-01,5.187558531761169434e-01,2.985996901988983154e-01,1.238103434443473816e-01,1.747518777847290039e-01,9.999995231628417969e-01,4.123471379280090332e-01,4.246533513069152832e-01,2.298629879951477051e-01,2.650331258773803711e-01,4.691484272480010986e-01,3.814415037631988525e-01,1.204981505870819092e-01,6.454685330390930176e-01,5.201031565666198730e-01,4.204498827457427979e-01,5.435791611671447754e-01,4.936754405498504639e-01,4.362049996852874756e-01,1.367707848548889160e-01,1.080526262521743774e-01
