1.000000476837158203e+00,4.124751091003417969e-01,1.119893323630094528e-02,1.491890698671340942e-01,3.836609423160552979e-01,4.003629088401794434e-01,-2.300455933436751366e-03,4.888657331466674805e-01,7.400254160165786743e-02,1.554822325706481934e-01,3.917483687400817871e-01,2.117372155189514160e-01,-1.620847135782241821e-01,4.204196333885192871e-01,1.239496245980262756e-01,4.976401850581169128e-02,8.219526708126068115e-02,-4.971483722329139709e-03,-1.109924446791410446e-02,-6.319873780012130737e-02,9.092911146581172943e-03,1.272055357694625854e-01,-5.055769532918930054e-02,-2.503937482833862305e-01,4.972490966320037842e-01,-2.101837247610092163e-01,5.178394913673400879e-01,4.707853496074676514e-01,2.175249904394149780e-01,-3.330728113651275635e-01,-3.123877942562103271e-01,1.893489435315132141e-02,5.121934413909912109e-01,7.736121863126754761e-02,1.614301949739456177e-01,-1.905746161937713623e-01,4.268902540206909180e-01,4.259387403726577759e-02,5.494928359985351562e-02,-1.825947910547256470e-01,4.022441208362579346e-01,3.513928353786468506e-01,-1.876232326030731201e-01,1.438517719507217407e-01,1.644325554370880127e-01,3.991959383711218834e-04,2.972560189664363861e-02,1.582182943820953369e-01
4.124751091003417969e-01,1.000000238418579102e+00,1.536763906478881836e-01,4.385096728801727295e-01,3.277508020401000977e-01,5.859905481338500977e-01,2.342569828033447266e-01,4.494025409221649170e-01,2.867709398269653320e-01,2.978545725345611572e-01,4.896026253700256348e-01,4.224929809570312500e-01,-1.662730872631072998e-01,2.862991690635681152e-01,4.311640262603759766e-01,1.088296249508857727e-01,1.354403495788574219e-01,1.486852616071701050e-01,-1.823524534702301025e-01,-7.789678126573562622e-02,9.229082614183425903e-02,2.187234014272689819e-01,-2.190670520067214966e-01,-2.123476713895797729e-01,2.218952178955078125e-01,-7.567193359136581421e-02,3.141402304172515869e-01,2.943733930587768555e-01,4.416777193546295166e-01,-1.017635613679885864e-01,-3.501683473587036133e-02,9.281851351261138916e-03,2.510081231594085693e-01,4.092708230018615723e-01,3.876867294311523438e-01,-1.929443776607513428e-01,3.506265282630920410e-01,3.158762753009796143e-01,1.295912414789199829e-01,-2.330588996410369873e-01,6.978296637535095215e-01,6.430003643035888672e-01,-8.934783935546875000e-02,4.718037247657775879e-01,5.239538550376892090e-01,2.020542323589324951e-01,7.632146030664443970e-02,1.577524840831756592e-02
1.119893323630094528e-02,1.536763906478881836e-01,1.000000715255737305e+00,6.200666427612304688e-01,-2.975188195705413818e-01,-9.797097742557525635e-02,1.311122924089431763e-01,-1.301920115947723389e-01,7.877703756093978882e-03,-1.207770705223083496e-01,-5.107051506638526917e-02,-5.598380416631698608e-02,1.108921766281127930e-01,-4.708193242549896240e-02,2.409532852470874786e-02,9.593904763460159302e-02,-5.864952877163887024e-02,1.486454457044601440e-01,-9.461789578199386597e-02,-6.614755839109420776e-02,-5.837049707770347595e-02,2.355902455747127533e-02,9.659882634878158569e-02,1.397220045328140259e-01,1.457711961120367050e-02,3.096911907196044922e-01,-1.009984165430068970e-01,2.597362101078033447e-01,2.637576460838317871e-01,1.709820516407489777e-02,7.518440485000610352e-02,1.980075240135192871e-01,-6.332045886665582657e-03,-5.052952840924263000e-02,2.571945488452911377e-01,1.160933822393417358e-01,-4.837705567479133606e-02,1.525094509124755859e-01,9.333761781454086304e-02,9.072060137987136841e-02,-2.265295572578907013e-02,1.818496733903884888e-02,-8.455272018909454346e-02,3.687756136059761047e-02,1.013529370538890362e-03,-2.533068764023482800e-04,7.676193118095397949e-02,4.130896553397178650e-02
1.491890698671340942e-01,4.385096728801727295e-01,6.200666427612304688e-01,1.000000476837158203e+00,-1.498659723438322544e-03,2.694881558418273926e-01,2.356212139129638672e-01,1.444019526243209839e-01,7.360292971134185791e-02,-2.576185390353202820e-02,1.395629942417144775e-01,1.027781292796134949e-01,-8.359567821025848389e-02,6.526750326156616211e-02,1.145322620868682861e-01,3.508221358060836792e-02,-1.701666228473186493e-02,1.711027771234512329e-01,-3.217969536781311035e-01,-1.497366726398468018e-01,3.743380680680274963e-02,1.687829047441482544e-01,-1.424512565135955811e-01,-4.564288631081581116e-02,1.897172033786773682e-01,-7.071849703788757324e-02,8.845502883195877075e-02,1.893434375524520874e-01,2.249749898910522461e-01,-1.669178903102874756e-01,1.843776926398277283e-02,1.243887767195701599e-01,1.083782091736793518e-01,1.020637229084968567e-01,1.979885101318359375e-01,-7.999276369810104370e-02,1.341838240623474121e-01,1.178635135293006897e-01,5.051163956522941589e-03,-1.387090384960174561e-01,4.020051658153533936e-01,2.402417212724685669e-01,-2.472290992736816406e-01,1.082998365163803101e-01,1.893618106842041016e-01,-2.167840301990509033e-02,7.602077722549438477e-02,-1.976954808924347162e-04
3.836609423160552979e-01,3.277508020401000977e-01,-2.975188195705413818e-01,-1.498659723438322544e-03,1.000000000000000000e+00,5.170496106147766113e-01,-2.082713134586811066e-02,3.645516335964202881e-01,1.504999846220016479e-01,3.263234794139862061e-01,2.874647080898284912e-01,3.530454337596893311e-01,-5.439576506614685059e-02,2.393836379051208496e-01,3.433994948863983154e-01,1.586886793375015259e-01,8.903346955776214600e-02,-1.872376305982470512e-03,-4.812203720211982727e-02,3.822980076074600220e-02,2.090937793254852295e-01,2.274616956710815430e-01,2.015794813632965088e-02,-2.980498038232326508e-02,1.846563816070556641e-01,-4.078062772750854492e-01,3.101859688758850098e-01,-4.304319992661476135e-02,-1.465026140213012695e-01,-2.410836964845657349e-01,-6.858573108911514282e-02,3.304902464151382446e-02,2.428137362003326416e-01,1.390831470489501953e-01,1.199580654501914978e-01,-3.366350755095481873e-02,2.149081677198410034e-01,1.240821033716201782e-01,1.326799243688583374e-01,-1.756966672837734222e-02,4.621031880378723145e-01,3.274628221988677979e-01,-2.277201041579246521e-02,1.822122931480407715e-01,2.216968089342117310e-01,1.162264570593833923e-01,1.321880221366882324e-01,1.979764699935913086e-01
4.003629088401794434e-01,5.859905481338500977e-01,-9.797097742557525635e-02,2.694881558418273926e-01,5.170496106147766113e-01,9.999998211860656738e-01,3.304592072963714600e-01,4.467408955097198486e-01,2.490249425172805786e-01,2.862190604209899902e-01,3.679177463054656982e-01,4.046595692634582520e-01,-9.062463790178298950e-02,2.835049033164978027e-01,3.655366599559783936e-01,3.287006169557571411e-02,3.352259099483489990e-01,1.368027180433273315e-01,3.305364400148391724e-02,1.405080705881118774e-01,2.481846660375595093e-01,2.831306159496307373e-01,-6.839501857757568359e-02,-1.592771708965301514e-01,3.160025775432586670e-01,-1.315087825059890747e-01,4.192465841770172119e-01,1.031136587262153625e-01,1.355257481336593628e-01,-1.617993712425231934e-01,-5.057001486420631409e-02,1.067291130311787128e-03,3.117267191410064697e-01,2.325958162546157837e-01,1.959750503301620483e-01,-1.823957711458206177e-01,2.749301791191101074e-01,1.385465860366821289e-01,4.337336495518684387e-02,-1.818200796842575073e-01,6.855237483978271484e-01,5.795937180519104004e-01,1.653243042528629303e-02,3.684299290180206299e-01,3.995942771434783936e-01,2.015233784914016724e-01,1.004409790039062500e-01,3.159715607762336731e-02
-2.300455933436751366e-03,2.342569828033447266e-01,1.311122924089431763e-01,2.356212139129638672e-01,-2.082713134586811066e-02,3.304592072963714600e-01,1.000000119209289551e+00,3.116921186447143555e-01,1.258108466863632202e-01,-1.680437028408050537e-01,2.783364653587341309e-01,2.256913855671882629e-02,1.190375462174415588e-01,1.544710844755172729e-01,-7.292112708091735840e-02,2.052904292941093445e-02,6.902210116386413574e-01,3.594353497028350830e-01,1.877055913209915161e-01,2.934039831161499023e-01,1.805807054042816162e-01,2.971841096878051758e-01,2.168562412261962891e-01,1.035388559103012085e-01,2.184770703315734863e-01,2.929569780826568604e-01,7.771350443363189697e-02,6.803203374147415161e-02,2.641517519950866699e-01,3.914717733860015869e-01,2.232978492975234985e-01,4.364381358027458191e-02,1.225033923983573914e-01,1.183566600084304810e-01,6.226300820708274841e-02,-8.597251027822494507e-03,8.506067842245101929e-02,-1.528139412403106689e-01,-6.866873055696487427e-02,-1.457166671752929688e-02,2.800244987010955811e-01,1.836755722761154175e-01,1.516464501619338989e-01,7.785719633102416992e-02,2.077703028917312622e-01,9.885686635971069336e-02,8.858194947242736816e-02,1.868933439254760742e-01
4.888657331466674805e-01,4.494025409221649170e-01,-1.301920115947723389e-01,1.444019526243209839e-01,3.645516335964202881e-01,4.467408955097198486e-01,3.116921186447143555e-01,1.000000357627868652e+00,8.928465843200683594e-02,1.059725508093833923e-02,4.561474323272705078e-01,7.830429822206497192e-02,-2.615993916988372803e-01,4.252203106880187988e-01,2.777228131890296936e-02,-1.110585331916809082e-01,3.428787589073181152e-01,1.400414854288101196e-01,-6.764499004930257797e-03,4.639083147048950195e-02,1.045922115445137024e-01,3.022490143775939941e-01,-7.804466784000396729e-02,-1.835846155881881714e-01,3.693586587905883789e-01,-1.022197231650352478e-01,4.039731621742248535e-01,2.080455422401428223e-01,2.024261206388473511e-01,-7.571218162775039673e-02,-6.135336309671401978e-02,8.282905071973800659e-02,3.730455338954925537e-01,2.155494987964630127e-01,-7.711193710565567017e-02,-2.498596459627151489e-01,5.006687641143798828e-01,-4.489353299140930176e-02,-1.751472651958465576e-01,-2.308537960052490234e-01,4.853397607803344727e-01,2.457938343286514282e-01,-1.409819573163986206e-01,1.023448035120964050e-01,1.636895239353179932e-01,1.825348287820816040e-02,1.121878102421760559e-01,1.851932704448699951e-01
7.400254160165786743e-02,2.867709398269653320e-01,7.877703756093978882e-03,7.360292971134185791e-02,1.504999846220016479e-01,2.490249425172805786e-01,1.258108466863632202e-01,8.928465843200683594e-02,1.000000119209289551e+00,3.024975657463073730e-01,4.058456420898437500e-01,3.223344683647155762e-01,-1.144694238901138306e-01,1.945863515138626099e-01,4.281840622425079346e-01,4.073282703757286072e-02,1.245713904500007629e-01,9.434422478079795837e-03,-1.586060784757137299e-02,-7.872158288955688477e-02,4.937383159995079041e-02,2.269747667014598846e-02,-1.507578939199447632e-01,-1.556564718484878540e-01,-9.109947714023292065e-04,-6.070804968476295471e-02,2.245099842548370361e-02,1.000443100929260254e-01,1.600292325019836426e-01,1.178952604532241821e-01,8.437751233577728271e-02,-9.505922347307205200e-02,-7.161621749401092529e-02,2.497437447309494019e-01,1.644922643899917603e-01,-1.378892213106155396e-01,2.469156682491302490e-01,1.694377064704895020e-01,-6.990617513656616211e-02,-9.477883577346801758e-02,2.402318567037582397e-01,4.370486140251159668e-01,2.539267763495445251e-02,5.974280834197998047e-01,2.573117613792419434e-01,1.931050121784210205e-01,-8.025387674570083618e-02,-1.361561659723520279e-02
1.554822325706481934e-01,2.978545725345611572e-01,-1.207770705223083496e-01,-2.576185390353202820e-02,3.263234794139862061e-01,2.862190604209899902e-01,-1.680437028408050537e-01,1.059725508093833923e-02,3.024975657463073730e-01,1.000000357627868652e+00,1.311789155006408691e-01,7.049537301063537598e-01,1.882990449666976929e-01,5.387504398822784424e-02,6.412516832351684570e-01,3.375500142574310303e-01,-7.178040593862533569e-02,1.165085360407829285e-01,4.415446892380714417e-03,2.113465517759323120e-01,4.791806936264038086e-01,2.700556814670562744e-01,-4.349996149539947510e-02,-5.691398866474628448e-03,-2.474809996783733368e-02,-1.256474554538726807e-01,2.060773372650146484e-01,-1.630303859710693359e-01,-1.205453928560018539e-02,-4.271275177597999573e-02,2.079101204872131348e-01,1.331962347030639648e-01,-2.285991981625556946e-02,1.170184388756752014e-01,3.247839510440826416e-01,1.317958906292915344e-02,8.424913883209228516e-02,2.826464772224426270e-01,3.763341605663299561e-01,2.792776376008987427e-02,2.341922819614410400e-01,5.900186300277709961e-01,2.706020176410675049e-01,3.596264719963073730e-01,4.826338291168212891e-01,6.281388998031616211e-01,2.025839239358901978e-01,-3.826460242271423340e-02
3.917483687400817871e-01,4.896026253700256348e-01,-5.107051506638526917e-02,1.395629942417144775e-01,2.874647080898284912e-01,3.679177463054656982e-01,2.783364653587341309e-01,4.561474323272705078e-01,4.058456420898437500e-01,1.311789155006408691e-01,9.999997615814208984e-01,3.982929885387420654e-01,-1.634170562028884888e-01,6.101772785186767578e-01,2.857705652713775635e-01,1.083839312195777893e-01,1.480042338371276855e-01,-9.895076509565114975e-04,-2.203374356031417847e-01,-2.085551917552947998e-01,-3.765297308564186096e-02,1.121594458818435669e-01,-5.036421492695808411e-02,-2.021246403455734253e-01,2.264808565378189087e-01,-1.569746620953083038e-02,4.085460007190704346e-01,2.847630381584167480e-01,3.801948428153991699e-01,2.816677652299404144e-02,-8.076562732458114624e-02,-9.140466898679733276e-02,3.604015111923217773e-01,3.722972869873046875e-01,1.822711378335952759e-01,-1.279817372560501099e-01,5.142663121223449707e-01,7.023121416568756104e-02,1.680977270007133484e-02,-1.358408480882644653e-01,4.411930143833160400e-01,4.006430208683013916e-01,-2.249619662761688232e-01,3.384878635406494141e-01,2.571102380752563477e-01,-3.478717058897018433e-02,-7.196784019470214844e-02,2.531201243400573730e-01
2.117372155189514160e-01,4.224929809570312500e-01,-5.598380416631698608e-02,1.027781292796134949e-01,3.530454337596893311e-01,4.046595692634582520e-01,2.256913855671882629e-02,7.830429822206497192e-02,3.223344683647155762e-01,7.049537301063537598e-01,3.982929885387420654e-01,1.000000119209289551e+00,2.419584393501281738e-01,3.230278491973876953e-01,6.870698332786560059e-01,3.926504254341125488e-01,3.690497204661369324e-02,1.392453014850616455e-01,-5.858170613646507263e-02,1.441310793161392212e-01,4.123859107494354248e-01,2.841684818267822266e-01,2.980133891105651855e-02,-5.845577642321586609e-02,3.150576725602149963e-02,-5.074946582317352295e-02,3.734849095344543457e-01,-4.686211049556732178e-02,1.306026875972747803e-01,-7.082805503159761429e-03,1.480398029088973999e-01,3.621258586645126343e-02,1.123287901282310486e-01,3.087430000305175781e-01,3.793472647666931152e-01,2.420562691986560822e-02,2.248332053422927856e-01,2.505022287368774414e-01,3.749494850635528564e-01,1.207473129034042358e-02,3.573570549488067627e-01,6.484212279319763184e-01,1.890824437141418457e-01,4.097916483879089355e-01,5.635175704956054688e-01,4.772546291351318359e-01,9.723831713199615479e-02,9.208571910858154297e-02
-1.620847135782241821e-01,-1.662730872631072998e-01,1.108921766281127930e-01,-8.359567821025848389e-02,-5.439576506614685059e-02,-9.062463790178298950e-02,1.190375462174415588e-01,-2.615993916988372803e-01,-1.144694238901138306e-01,1.882990449666976929e-01,-1.634170562028884888e-01,2.419584393501281738e-01,9.999995827674865723e-01,2.864814363420009613e-02,7.979306578636169434e-02,3.212641775608062744e-01,7.236933708190917969e-02,1.557992547750473022e-01,1.970621049404144287e-01,4.267071485519409180e-01,3.912190496921539307e-01,1.344242393970489502e-01,6.368368268013000488e-01,5.747667551040649414e-01,-1.396299749612808228e-01,2.898274064064025879e-01,8.355919271707534790e-03,-1.514386981725692749e-01,-1.243820041418075562e-02,3.753295838832855225e-01,4.263342320919036865e-01,2.894290685653686523e-01,-1.231951862573623657e-01,-9.141901135444641113e-02,7.985022664070129395e-02,5.985648632049560547e-01,-2.114754617214202881e-01,-7.314167916774749756e-02,2.644631266593933105e-01,6.322525739669799805e-01,-1.747407019138336182e-01,4.069094080477952957e-03,4.746964275836944580e-01,-6.129357218742370605e-02,4.899863526225090027e-02,2.967697083950042725e-01,2.722105681896209717e-01,1.638303399085998535e-01
4.204196333885192871e-01,2.862991690635681152e-01,-4.708193242549896240e-02,6.526750326156616211e-02,2.393836379051208496e-01,2.835049033164978027e-01,1.544710844755172729e-01,4.252203106880187988e-01,1.945863515138626099e-01,5.387504398822784424e-02,6.101772785186767578e-01,3.230278491973876953e-01,2.864814363420009613e-02,1.000000119209289551e+00,2.271254062652587891e-01,1.417111158370971680e-01,1.249943599104881287e-01,-6.336151808500289917e-02,-1.284716129302978516e-01,-1.466574519872665405e-01,-5.026433989405632019e-02,5.976834520697593689e-02,1.154548525810241699e-01,-1.180217564105987549e-01,9.800429642200469971e-02,3.695859108120203018e-03,4.888840317726135254e-01,3.407773971557617188e-01,3.241146504878997803e-01,-3.410316631197929382e-02,-1.347492486238479614e-01,-6.746866554021835327e-02,2.836835980415344238e-01,2.902744114398956299e-01,1.378260552883148193e-01,-5.061516538262367249e-03,6.330699324607849121e-01,3.617055714130401611e-02,4.188077524304389954e-02,-2.909304387867450714e-02,2.985299229621887207e-01,2.444884479045867920e-01,-1.673586964607238770e-01,2.628596425056457520e-01,1.490372419357299805e-01,-8.727332949638366699e-02,-8.581639267504215240e-03,3.217270076274871826e-01
1.239496245980262756e-01,4.311640262603759766e-01,2.409532852470874786e-02,1.145322620868682861e-01,3.433994948863983154e-01,3.655366599559783936e-01,-7.292112708091735840e-02,2.777228131890296936e-02,4.281840622425079346e-01,6.412516832351684570e-01,2.857705652713775635e-01,6.870698332786560059e-01,7.979306578636169434e-02,2.271254062652587891e-01,1.000000000000000000e+00,3.181480765342712402e-01,2.372896485030651093e-02,9.369120001792907715e-02,4.091111943125724792e-02,9.627740085124969482e-02,2.793986797332763672e-01,2.273868322372436523e-01,-4.799800738692283630e-02,-1.040510758757591248e-01,-1.497894823551177979e-01,-1.048507317900657654e-01,2.112468183040618896e-01,-3.398985043168067932e-02,7.863112539052963257e-02,-7.739815115928649902e-02,9.852474927902221680e-02,5.812161788344383240e-02,2.167813479900360107e-02,3.129375576972961426e-01,4.691314101219177246e-01,-5.537192896008491516e-02,2.360512763261795044e-01,5.728257894515991211e-01,3.059054613113403320e-01,-4.693756252527236938e-02,3.180992007255554199e-01,6.183760166168212891e-01,1.910097897052764893e-01,5.562686324119567871e-01,4.567729830741882324e-01,4.492447972297668457e-01,5.028646439313888550e-02,6.110134348273277283e-02
4.976401850581169128e-02,1.088296249508857727e-01,9.593904763460159302e-02,3.508221358060836792e-02,1.586886793375015259e-01,3.287006169557571411e-02,2.052904292941093445e-02,-1.110585331916809082e-01,4.073282703757286072e-02,3.375500142574310303e-01,1.083839312195777893e-01,3.926504254341125488e-01,3.212641775608062744e-01,1.417111158370971680e-01,3.181480765342712402e-01,9.999998211860656738e-01,-2.462777681648731232e-02,-1.879130117595195770e-02,-7.807696610689163208e-02,-7.741425186395645142e-02,3.286238387227058411e-02,4.092844203114509583e-03,1.788781285285949707e-01,1.347359865903854370e-01,-1.012760996818542480e-01,6.292299926280975342e-02,1.173589900135993958e-01,-1.676709800958633423e-01,-1.018183976411819458e-01,-5.103693157434463501e-02,-4.425035789608955383e-02,-4.244663938879966736e-02,-7.004141807556152344e-02,2.180903032422065735e-02,4.330785870552062988e-01,2.560977339744567871e-01,-2.183201536536216736e-02,2.230601161718368530e-01,7.321570515632629395e-01,2.582494020462036133e-01,-3.031628578901290894e-02,2.643428742885589600e-01,1.638105022720992565e-03,7.538559287786483765e-02,2.793287932872772217e-01,2.440411746501922607e-01,8.571626991033554077e-02,8.819928020238876343e-02
8.219526708126068115e-02,1.354403495788574219e-01,-5.864952877163887024e-02,-1.701666228473186493e-02,8.903346955776214600e-02,3.352259099483489990e-01,6.902210116386413574e-01,3.428787589073181152e-01,1.245713904500007629e-01,-7.178040593862533569e-02,1.480042338371276855e-01,3.690497204661369324e-02,7.236933708190917969e-02,1.249943599104881287e-01,2.372896485030651093e-02,-2.462777681648731232e-02,9.999995231628417969e-01,4.780845344066619873e-01,5.374866127967834473e-01,5.146730542182922363e-01,2.867596149444580078e-01,4.204096496105194092e-01,2.069985568523406982e-01,-1.169675774872303009e-02,1.673467606306076050e-01,1.711482405662536621e-01,1.284282803535461426e-01,7.900542765855789185e-02,1.050892025232315063e-01,2.969221472740173340e-01,1.793572902679443359e-01,7.776506245136260986e-02,1.429801881313323975e-01,9.274633228778839111e-02,5.725789815187454224e-02,-1.245689839124679565e-01,1.397822499275207520e-01,-1.245415881276130676e-01,-8.481734246015548706e-02,-1.154292896389961243e-01,1.702909022569656372e-01,2.237498015165328979e-01,3.409164547920227051e-01,1.457770466804504395e-01,2.929596304893493652e-01,2.532908618450164795e-01,1.480435393750667572e-02,2.037601321935653687e-01
-4.971483722329139709e-03,1.486852616071701050e-01,1.486454457044601440e-01,1.711027771234512329e-01,-1.872376305982470512e-03,1.368027180433273315e-01,3.594353497028350830e-01,1.400414854288101196e-01,9.434422478079795837e-03,1.165085360407829285e-01,-9.895076509565114975e-04,1.392453014850616455e-01,1.557992547750473022e-01,-6.336151808500289917e-02,9.369120001792907715e-02,-1.879130117595195770e-02,4.780845344066619873e-01,1.000000238418579102e+00,2.241512984037399292e-01,5.316177010536193848e-01,5.566250681877136230e-01,7.029743194580078125e-01,4.299089778214693069e-03,-5.474593956023454666e-03,1.262559890747070312e-01,1.925855427980422974e-01,-3.436194732785224915e-03,3.429832309484481812e-02,1.866613775491714478e-01,1.673735231161117554e-01,4.780089855194091797e-01,3.827320039272308350e-01,1.226365715265274048e-01,8.835165947675704956e-02,9.227460622787475586e-02,-1.511148512363433838e-01,7.443211972713470459e-02,-4.534777253866195679e-02,-4.130970314145088196e-02,-1.449250429868698120e-01,1.482768952846527100e-01,2.205655872821807861e-01,3.876090347766876221e-01,6.900978833436965942e-02,3.178476989269256592e-01,3.456496298313140869e-01,5.226788669824600220e-02,7.945320010185241699e-02
-1.109924446791410446e-02,-1.823524534702301025e-01,-9.461789578199386597e-02,-3.217969536781311035e-01,-4.812203720211982727e-02,3.305364400148391724e-02,1.877055913209915161e-01,-6.764499004930257797e-03,-1.586060784757137299e-02,4.415446892380714417e-03,-2.203374356031417847e-01,-5.858170613646507263e-02,1.970621049404144287e-01,-1.284716129302978516e-01,4.091111943125724792e-02,-7.807696610689163208e-02,5.374866127967834473e-01,2.241512984037399292e-01,1.000000357627868652e+00,6.407786607742309570e-01,2.566726207733154297e-01,1.334049552679061890e-01,3.583071827888488770e-01,1.038682013750076294e-01,-4.669907316565513611e-02,1.260405182838439941e-01,7.837263867259025574e-03,-1.817022636532783508e-02,-1.272122114896774292e-01,3.001597821712493896e-01,9.425166994333267212e-02,3.680616989731788635e-02,3.452575951814651489e-02,-1.815869286656379700e-02,1.872333884239196777e-02,3.171424195170402527e-02,-8.288136124610900879e-02,-2.484106644988059998e-02,-4.389558359980583191e-02,8.013559877872467041e-02,-2.027274072170257568e-01,5.045467242598533630e-02,5.841537714004516602e-01,6.344072520732879639e-02,7.829509675502777100e-02,3.433571159839630127e-01,-8.541198819875717163e-02,5.725799128413200378e-02
-6.319873780012130737e-02,-7.789678126573562622e-02,-6.614755839109420776e-02,-1.497366726398468018e-01,3.822980076074600220e-02,1.405080705881118774e-01,2.934039831161499023e-01,4.639083147048950195e-02,-7.872158288955688477e-02,2.113465517759323120e-01,-2.085551917552947998e-01,1.441310793161392212e-01,4.267071485519409180e-01,-1.466574519872665405e-01,9.627740085124969482e-02,-7.741425186395645142e-02,5.146730542182922363e-01,5.316177010536193848e-01,6.407786607742309570e-01,1.000000357627868652e+00,6.770248413085937500e-01,4.574378430843353271e-01,3.643813431262969971e-01,2.321010380983352661e-01,4.543487355113029480e-02,1.658942252397537231e-01,3.563522547483444214e-02,-1.258511841297149658e-01,-6.115249916911125183e-02,3.273616135120391846e-01,4.142551422119140625e-01,2.628631591796875000e-01,5.621750280261039734e-02,-2.038155868649482727e-02,-1.942415605299174786e-03,9.213564544916152954e-02,-9.755293279886245728e-02,-9.942138940095901489e-02,-1.233701035380363464e-02,1.270021349191665649e-01,-2.596316859126091003e-02,1.274314522743225098e-01,6.973451972007751465e-01,-1.065644063055515289e-02,2.067982554435729980e-01,5.099654793739318848e-01,1.259273886680603027e-01,5.057382583618164062e-02
9.092911146581172943e-03,9.229082614183425903e-02,-5.837049707770347595e-02,3.743380680680274963e-02,2.090937793254852295e-01,2.481846660375595093e-01,1.805807054042816162e-01,1.045922115445137024e-01,4.937383159995079041e-02,4.791806936264038086e-01,-3.765297308564186096e-02,4.123859107494354248e-01,3.912190496921539307e-01,-5.026433989405632019e-02,2.793986797332763672e-01,3.286238387227058411e-02,2.867596149444580078e-01,5.566250681877136230e-01,2.566726207733154297e-01,6.770248413085937500e-01,1.000000357627868652e+00,6.435194015502929688e-01,2.427581995725631714e-01,2.174763381481170654e-01,1.130579188466072083e-01,2.351586893200874329e-02,1.351388990879058838e-01,-2.292914241552352905e-01,-5.290850996971130371e-02,2.233927845954895020e-01,5.302153825759887695e-01,3.855987191200256348e-01,4.380981624126434326e-02,6.142037734389305115e-02,3.938672319054603577e-02,9.066139906644821167e-02,3.020427655428647995e-03,-7.955549657344818115e-02,5.990788713097572327e-02,1.030428260564804077e-01,1.722022742033004761e-01,3.124955594539642334e-01,5.176710486412048340e-01,6.528057903051376343e-02,3.685258328914642334e-01,5.451308488845825195e-01,2.882025241851806641e-01,1.677058637142181396e-01
1.272055357694625854e-01,2.187234014272689819e-01,2.355902455747127533e-02,1.687829047441482544e-01,2.274616956710815430e-01,2.831306159496307373e-01,2.971841096878051758e-01,3.022490143775939941e-01,2.269747667014598846e-02,2.700556814670562744e-01,1.121594458818435669e-01,2.841684818267822266e-01,1.344242393970489502e-01,5.976834520697593689e-02,2.273868322372436523e-01,4.092844203114509583e-03,4.204096496105194092e-01,7.029743194580078125e-01,1.334049552679061890e-01,4.574378430843353271e-01,6.435194015502929688e-01,1.000000119209289551e+00,1.065792888402938843e-01,4.685270786285400391e-02,1.875609606504440308e-01,7.548300921916961670e-02,1.911601126194000244e-01,-5.083606764674186707e-02,9.606619179248809814e-02,8.357123285531997681e-02,4.761217236518859863e-01,5.247535109519958496e-01,1.830119192600250244e-01,1.452223211526870728e-01,3.779616579413414001e-02,-1.240382641553878784e-01,1.866608560085296631e-01,1.153439469635486603e-02,-5.075503885746002197e-02,-1.114295497536659241e-01,2.899755537509918213e-01,3.015029430389404297e-01,2.552573382854461670e-01,9.925466775894165039e-02,3.228556513786315918e-01,3.297521770000457764e-01,2.436055094003677368e-01,4.038587808609008789e-01
-5.055769532918930054e-02,-2.190670520067214966e-01,9.659882634878158569e-02,-1.424512565135955811e-01,2.015794813632965088e-02,-6.839501857757568359e-02,2.168562412261962891e-01,-7.804466784000396729e-02,-1.507578939199447632e-01,-4.349996149539947510e-02,-5.036421492695808411e-02,2.980133891105651855e-02,6.368368268013000488e-01,1.154548525810241699e-01,-4.799800738692283630e-02,1.788781285285949707e-01,2.069985568523406982e-01,4.299089778214693069e-03,3.583071827888488770e-01,3.643813431262969971e-01,2.427581995725631714e-01,1.065792888402938843e-01,1.000000596046447754e+00,6.657610535621643066e-01,-5.392933636903762817e-02,2.527373135089874268e-01,1.111050546169281006e-01,-5.037868767976760864e-02,-5.885324627161026001e-02,3.905199170112609863e-01,2.478757500648498535e-01,2.211672663688659668e-01,4.622942581772804260e-02,-9.303534775972366333e-02,-6.651458330452442169e-03,6.444348692893981934e-01,-9.350314736366271973e-02,-1.179899945855140686e-01,1.447060555219650269e-01,6.390568017959594727e-01,-1.856061667203903198e-01,-1.154246702790260315e-01,3.569363355636596680e-01,-1.590766757726669312e-01,-1.176213473081588745e-01,9.648791700601577759e-02,2.739682197570800781e-01,4.711633026599884033e-01
-2.503937482833862305e-01,-2.123476713895797729e-01,1.397220045328140259e-01,-4.564288631081581116e-02,-2.980498038232326508e-02,-1.592771708965301514e-01,1.035388559103012085e-01,-1.835846155881881714e-01,-1.556564718484878540e-01,-5.691398866474628448e-03,-2.021246403455734253e-01,-5.845577642321586609e-02,5.747667551040649414e-01,-1.180217564105987549e-01,-1.040510758757591248e-01,1.347359865903854370e-01,-1.169675774872303009e-02,-5.474593956023454666e-03,1.038682013750076294e-01,2.321010380983352661e-01,2.174763381481170654e-01,4.685270786285400391e-02,6.657610535621643066e-01,1.000000476837158203e+00,-1.040631458163261414e-01,2.380889505147933960e-01,-1.637135297060012817e-01,-1.674953550100326538e-01,-8.428650349378585815e-02,4.280731379985809326e-01,4.369004666805267334e-01,2.926995158195495605e-01,-1.624313741922378540e-01,-1.568278521299362183e-01,-7.375422120094299316e-02,7.674589753150939941e-01,-2.484401613473892212e-01,-8.040972054004669189e-02,1.592479795217514038e-01,7.536217570304870605e-01,-1.982846558094024658e-01,-1.909582614898681641e-01,2.899011969566345215e-01,-1.914169341325759888e-01,-1.257213056087493896e-01,1.216943264007568359e-01,4.647562503814697266e-01,2.607388794422149658e-01
4.972490966320037842e-01,2.218952178955078125e-01,1.457711961120367050e-02,1.897172033786773682e-01,1.846563816070556641e-01,3.160025775432586670e-01,2.184770703315734863e-01,3.693586587905883789e-01,-9.109947714023292065e-04,-2.474809996783733368e-02,2.264808565378189087e-01,3.150576725602149963e-02,-1.396299749612808228e-01,9.800429642200469971e-02,-1.497894823551177979e-01,-1.012760996818542480e-01,1.673467606306076050e-01,1.262559890747070312e-01,-4.669907316565513611e-02,4.543487355113029480e-02,1.130579188466072083e-01,1.875609606504440308e-01,-5.392933636903762817e-02,-1.040631458163261414e-01,9.999998211860656738e-01,-4.822370782494544983e-02,3.021376729011535645e-01,2.014995366334915161e-01,6.615667790174484253e-02,-2.131298482418060303e-01,-1.182078197598457336e-01,-8.364880457520484924e-03,5.493386983871459961e-01,-4.214277863502502441e-02,-8.476316183805465698e-02,-1.833303123712539673e-01,1.036774367094039917e-01,-1.787017136812210083e-01,-1.375315785408020020e-01,-1.360856890678405762e-01,2.859270870685577393e-01,1.467998176813125610e-01,-1.134784519672393799e-01,-9.113641083240509033e-02,4.012483358383178711e-02,-1.173126697540283203e-02,6.574342399835586548e-02,-1.526883617043495178e-02
-2.101837247610092163e-01,-7.567193359136581421e-02,3.096911907196044922e-01,-7.071849703788757324e-02,-4.078062772750854492e-01,-1.315087825059890747e-01,2.929569780826568604e-01,-1.022197231650352478e-01,-6.070804968476295471e-02,-1.256474554538726807e-01,-1.569746620953083038e-02,-5.074946582317352295e-02,2.898274064064025879e-01,3.695859108120203018e-03,-1.048507317900657654e-01,6.292299926280975342e-02,1.711482405662536621e-01,1.925855427980422974e-01,1.260405182838439941e-01,1.658942252397537231e-01,2.351586893200874329e-02,7.548300921916961670e-02,2.527373135089874268e-01,2.380889505147933960e-01,-4.822370782494544983e-02,1.000000357627868652e+00,-2.662591449916362762e-02,1.040546745061874390e-01,3.526614010334014893e-01,3.384669721126556396e-01,2.590726017951965332e-01,1.759149134159088135e-01,-2.879024483263492584e-02,-4.955681040883064270e-02,7.294125854969024658e-02,2.356504797935485840e-01,-1.287199705839157104e-01,1.279248669743537903e-02,6.857502460479736328e-02,2.507316470146179199e-01,-1.853993088006973267e-01,-1.053214296698570251e-01,1.899410039186477661e-01,-5.984866991639137268e-02,-5.329175852239131927e-03,7.152795791625976562e-02,7.460195571184158325e-02,7.320118695497512817e-02
5.178394913673400879e-01,3.141402304172515869e-01,-1.009984165430068970e-01,8.845502883195877075e-02,3.101859688758850098e-01,4.192465841770172119e-01,7.771350443363189697e-02,4.039731621742248535e-01,2.245099842548370361e-02,2.060773372650146484e-01,4.085460007190704346e-01,3.734849095344543457e-01,8.355919271707534790e-03,4.888840317726135254e-01,2.112468183040618896e-01,1.173589900135993958e-01,1.284282803535461426e-01,-3.436194732785224915e-03,7.837263867259025574e-03,3.563522547483444214e-02,1.351388990879058838e-01,1.911601126194000244e-01,1.111050546169281006e-01,-1.637135297060012817e-01,3.021376729011535645e-01,-2.662591449916362762e-02,9.999999403953552246e-01,2.265437692403793335e-01,1.558640599250793457e-01,-1.740161627531051636e-01,-1.675616353750228882e-01,4.924764391034841537e-03,5.397881865501403809e-01,2.172725796699523926e-01,1.930891871452331543e-01,-3.758054226636886597e-02,4.609862267971038818e-01,6.053287908434867859e-02,1.305769383907318115e-01,-9.031702578067779541e-02,3.392844796180725098e-01,3.223072886466979980e-01,-6.239784881472587585e-02,1.166079640388488770e-01,2.573791742324829102e-01,5.015538632869720459e-02,1.381370332092046738e-02,2.702101469039916992e-01
4.707853496074676514e-01,2.943733930587768555e-01,2.597362101078033447e-01,1.893434375524520874e-01,-4.304319992661476135e-02,1.031136587262153625e-01,6.803203374147415161e-02,2.080455422401428223e-01,1.000443100929260254e-01,-1.630303859710693359e-01,2.847630381584167480e-01,-4.686211049556732178e-02,-1.514386981725692749e-01,3.407773971557617188e-01,-3.398985043168067932e-02,-1.676709800958633423e-01,7.900542765855789185e-02,3.429832309484481812e-02,-1.817022636532783508e-02,-1.258511841297149658e-01,-2.292914241552352905e-01,-5.083606764674186707e-02,-5.037868767976760864e-02,-1.674953550100326538e-01,2.014995366334915161e-01,1.040546745061874390e-01,2.265437692403793335e-01,1.000000000000000000e+00,6.156870126724243164e-01,-1.161972135305404663e-01,-2.613284587860107422e-01,-3.979753702878952026e-02,3.446595668792724609e-01,1.206980794668197632e-01,7.683400809764862061e-02,-1.442293226718902588e-01,4.129570722579956055e-01,5.606039613485336304e-02,-1.500193625688552856e-01,-1.701543182134628296e-01,2.014127820730209351e-01,1.578676402568817139e-01,-1.316342800855636597e-01,2.380347698926925659e-01,8.171148598194122314e-02,-1.075748205184936523e-01,-5.681019276380538940e-02,9.340427070856094360e-02
2.175249904394149780e-01,4.416777193546295166e-01,2.637576460838317871e-01,2.249749898910522461e-01,-1.465026140213012695e-01,1.355257481336593628e-01,2.641517519950866699e-01,2.024261206388473511e-01,1.600292325019836426e-01,-1.205453928560018539e-02,3.801948428153991699e-01,1.306026875972747803e-01,-1.243820041418075562e-02,3.241146504878997803e-01,7.863112539052963257e-02,-1.018183976411819458e-01,1.050892025232315063e-01,1.866613775491714478e-01,-1.272122114896774292e-01,-6.115249916911125183e-02,-5.290850996971130371e-02,9.606619179248809814e-02,-5.885324627161026001e-02,-8.428650349378585815e-02,6.615667790174484253e-02,3.526614010334014893e-01,1.558640599250793457e-01,6.156870126724243164e-01,9.999997019767761230e-01,2.167603671550750732e-01,8.551250398159027100e-02,7.458298653364181519e-02,1.887700855731964111e-01,3.081798255443572998e-01,1.186458989977836609e-01,-7.673021405935287476e-02,3.654612600803375244e-01,9.886994957923889160e-02,-1.238353475928306580e-01,-1.189482212066650391e-01,2.769059538841247559e-01,2.825852036476135254e-01,-7.978150621056556702e-03,3.039700090885162354e-01,2.531943917274475098e-01,3.295327723026275635e-02,2.068669907748699188e-02,8.934962004423141479e-02
-3.330728113651275635e-01,-1.017635613679885864e-01,1.709820516407489777e-02,-1.669178903102874756e-01,-2.410836964845657349e-01,-1.617993712425231934e-01,3.914717733860015869e-01,-7.571218162775039673e-02,1.178952604532241821e-01,-4.271275177597999573e-02,2.816677652299404144e-02,-7.082805503159761429e-03,3.753295838832855225e-01,-3.410316631197929382e-02,-7.739815115928649902e-02,-5.103693157434463501e-02,2.969221472740173340e-01,1.673735231161117554e-01,3.001597821712493896e-01,3.273616135120391846e-01,2.233927845954895020e-01,8.357123285531997681e-02,3.905199170112609863e-01,4.280731379985809326e-01,-2.131298482418060303e-01,3.384669721126556396e-01,-1.740161627531051636e-01,-1.161972135305404663e-01,2.167603671550750732e-01,1.000000596046447754e+00,5.287343263626098633e-01,1.844811886548995972e-01,-2.180490940809249878e-01,1.437833905220031738e-01,-2.543605491518974304e-02,3.634322583675384521e-01,-1.097579896450042725e-01,-1.234376281499862671e-01,-8.013926446437835693e-02,3.365104794502258301e-01,-1.954923272132873535e-01,-4.756490141153335571e-02,4.239431917667388916e-01,8.642876893281936646e-02,8.283913135528564453e-02,1.807202994823455811e-01,1.525644659996032715e-01,1.954838633537292480e-01
-3.123877942562103271e-01,-3.501683473587036133e-02,7.518440485000610352e-02,1.843776926398277283e-02,-6.858573108911514282e-02,-5.057001486420631409e-02,2.232978492975234985e-01,-6.135336309671401978e-02,8.437751233577728271e-02,2.079101204872131348e-01,-8.076562732458114624e-02,1.480398029088973999e-01,4.263342320919036865e-01,-1.347492486238479614e-01,9.852474927902221680e-02,-4.425035789608955383e-02,1.793572902679443359e-01,4.780089855194091797e-01,9.425166994333267212e-02,4.142551422119140625e-01,5.302153825759887695e-01,4.761217236518859863e-01,2.478757500648498535e-01,4.369004666805267334e-01,-1.182078197598457336e-01,2.590726017951965332e-01,-1.675616353750228882e-01,-2.613284587860107422e-01,8.551250398159027100e-02,5.287343263626098633e-01,1.000000715255737305e+00,5.367406606674194336e-01,-2.132261097431182861e-01,1.028961874544620514e-02,-7.824848592281341553e-02,2.869861423969268799e-01,-1.407830268144607544e-01,-8.092480897903442383e-02,-7.435367256402969360e-02,3.134831488132476807e-01,-2.146911993622779846e-02,3.789267316460609436e-02,4.233238697052001953e-01,5.215228721499443054e-02,1.058289259672164917e-01,3.145367503166198730e-01,3.433567881584167480e-01,1.717310100793838501e-01
1.893489435315132141e-02,9.281851351261138916e-03,1.980075240135192871e-01,1.243887767195701599e-01,3.304902464151382446e-02,1.067291130311787128e-03,4.364381358027458191e-02,8.282905071973800659e-02,-9.505922347307205200e-02,1.331962347030639648e-01,-9.140466898679733276e-02,3.621258586645126343e-02,2.894290685653686523e-01,-6.746866554021835327e-02,5.812161788344383240e-02,-4.244663938879966736e-02,7.776506245136260986e-02,3.827320039272308350e-01,3.680616989731788635e-02,2.628631591796875000e-01,3.855987191200256348e-01,5.247535109519958496e-01,2.211672663688659668e-01,2.926995158195495605e-01,-8.364880457520484924e-03,1.759149134159088135e-01,4.924764391034841537e-03,-3.979753702878952026e-02,7.458298653364181519e-02,1.844811886548995972e-01,5.367406606674194336e-01,1.000000000000000000e+00,7.012801244854927063e-03,-4.010479152202606201e-02,-4.636100307106971741e-02,1.513334512710571289e-01,1.230685599148273468e-02,5.932473018765449524e-02,-9.317726641893386841e-02,2.115442156791687012e-01,-2.955114468932151794e-03,-1.288870908319950104e-02,1.904375255107879639e-01,-4.275519400835037231e-02,2.138161659240722656e-02,1.738567799329757690e-01,4.894744157791137695e-01,3.974568843841552734e-01
