9.999998211860656738e-01,1.655796170234680176e-01,2.858622372150421143e-02,-1.617568880319595337e-01,6.300306916236877441e-01,1.038928478956222534e-01,-3.889175653457641602e-01,2.512319087982177734e-01,2.411912828683853149e-01,1.243118047714233398e-01,2.173176705837249756e-01,9.951240383088588715e-03,2.902809977531433105e-01,1.759947836399078369e-01,-5.945239216089248657e-02,2.843121886253356934e-01,-1.968141198158264160e-01,-2.312480062246322632e-01,9.731823951005935669e-02,2.581546828150749207e-02,1.906106621026992798e-02,-1.794133335351943970e-01,2.059959918260574341e-01,1.893969369120895863e-03,4.539702236652374268e-01,-2.067172229290008545e-01,1.900083720684051514e-01,5.423523187637329102e-01,2.426176667213439941e-01,-2.482152134180068970e-01,-3.712197840213775635e-01,-1.031718403100967407e-01,2.835570573806762695e-01,-1.664135009050369263e-01,-1.908749938011169434e-01,-4.731603711843490601e-02,2.749868854880332947e-02,-1.149847581982612610e-01,-1.124891638755798340e-01,1.465740799903869629e-01,4.250390827655792236e-01,-3.015849180519580841e-02,-4.182058852165937424e-03,1.669240146875381470e-01,6.259375810623168945e-02,6.053157150745391846e-02,-3.464441001415252686e-02,-9.070803225040435791e-02
1.655796170234680176e-01,9.999998211860656738e-01,1.762978434562683105e-01,3.617025017738342285e-01,4.068123102188110352e-01,5.103055834770202637e-01,2.598006725311279297e-01,1.099357753992080688e-01,5.669301748275756836e-01,6.378229260444641113e-01,2.257686257362365723e-01,5.159847140312194824e-01,4.034535884857177734e-01,-9.882861748337745667e-03,2.208541184663772583e-01,1.564628481864929199e-01,2.454910725355148315e-01,-1.382753998041152954e-02,-3.889392316341400146e-02,2.356958389282226562e-01,1.937451511621475220e-01,-6.197543442249298096e-02,3.145889341831207275e-01,3.572764992713928223e-01,3.889385610818862915e-02,-8.476714044809341431e-02,3.294162750244140625e-01,2.892288863658905029e-01,2.984659075736999512e-01,3.470869660377502441e-01,1.609083861112594604e-01,-6.334962695837020874e-02,3.851710855960845947e-01,1.163474768400192261e-01,1.742382794618606567e-01,4.206214845180511475e-01,5.211202427744865417e-02,2.715047597885131836e-01,2.763961553573608398e-01,1.443503201007843018e-01,5.617306828498840332e-01,6.637638211250305176e-01,3.972573876380920410e-01,6.686445474624633789e-01,5.897660851478576660e-01,5.764271616935729980e-01,2.632278800010681152e-01,9.237740188837051392e-03
2.858622372150421143e-02,1.762978434562683105e-01,9.999999403953552246e-01,5.436013936996459961e-01,1.883094310760498047e-01,2.607147991657257080e-01,4.269643723964691162e-01,1.567741185426712036e-01,2.410975396633148193e-01,3.185820877552032471e-01,1.427783071994781494e-01,2.122314125299453735e-01,2.215667963027954102e-01,6.102151237428188324e-03,3.555793166160583496e-01,2.106236517429351807e-01,3.937702476978302002e-01,6.501477211713790894e-02,1.690049767494201660e-01,1.785656809806823730e-01,1.225604638457298279e-01,-2.186101526021957397e-01,9.849331527948379517e-02,1.789091825485229492e-01,3.164305686950683594e-01,2.793493270874023438e-01,2.118216603994369507e-01,3.754338026046752930e-01,2.962931394577026367e-01,1.047469154000282288e-01,1.025773584842681885e-01,-3.165608942508697510e-01,1.499103158712387085e-01,3.603072166442871094e-01,2.013845890760421753e-01,2.590910792350769043e-01,1.482790112495422363e-01,4.327116608619689941e-01,2.573490440845489502e-01,9.312299638986587524e-02,7.149158418178558350e-02,2.409212887287139893e-01,2.294759601354598999e-01,2.821960449218750000e-01,2.018344104290008545e-01,2.953053116798400879e-01,5.016982927918434143e-02,-1.810905635356903076e-01
-1.617568880319595337e-01,3.617025017738342285e-01,5.436013936996459961e-01,1.000000357627868652e+00,1.381928473711013794e-01,6.068940162658691406e-01,6.874573230743408203e-01,5.912958830595016479e-02,2.251547724008560181e-01,3.731623291969299316e-01,2.616400644183158875e-02,2.516163587570190430e-01,3.404349684715270996e-01,-8.242163062095642090e-02,3.058462440967559814e-01,2.115486115217208862e-01,6.051668524742126465e-01,1.989290416240692139e-01,1.905456483364105225e-01,1.936515122652053833e-01,7.216598093509674072e-02,-1.930740475654602051e-01,9.264024347066879272e-02,2.756086289882659912e-01,1.429746299982070923e-01,4.362269937992095947e-01,2.458798438310623169e-01,3.669386208057403564e-01,4.462125003337860107e-01,2.955018877983093262e-01,3.064796924591064453e-01,-2.624038457870483398e-01,1.068230345845222473e-01,3.178036212921142578e-01,2.758670449256896973e-01,3.392845094203948975e-01,5.021666362881660461e-02,3.790067136287689209e-01,2.540397346019744873e-01,1.947900094091892242e-02,2.066248655319213867e-01,4.937535226345062256e-01,4.757823348045349121e-01,2.757171988487243652e-01,2.446182370185852051e-01,4.385839402675628662e-01,1.608834266662597656e-01,-8.337408304214477539e-02
6.300306916236877441e-01,4.068123102188110352e-01,1.883094310760498047e-01,1.381928473711013794e-01,9.999999403953552246e-01,3.749847412109375000e-01,-6.915820389986038208e-02,1.016802489757537842e-01,2.231657952070236206e-01,2.460616230964660645e-01,3.685868903994560242e-02,7.132507115602493286e-02,4.334909915924072266e-01,2.753218077123165131e-02,-1.176245361566543579e-01,1.915406733751296997e-01,3.049296094104647636e-03,-1.282930970191955566e-01,1.019985154271125793e-01,3.203161060810089111e-01,3.593723177909851074e-01,-8.598054945468902588e-02,3.902443051338195801e-01,1.634554713964462280e-01,2.938406169414520264e-01,-1.352379918098449707e-01,1.521735340356826782e-01,5.654658079147338867e-01,2.955068349838256836e-01,3.522850340232253075e-03,-1.205836012959480286e-01,-8.901178836822509766e-02,2.024464011192321777e-01,-1.315602064132690430e-01,-7.106509804725646973e-02,7.676699757575988770e-02,-1.543866563588380814e-02,-6.489410996437072754e-02,6.278220564126968384e-02,2.993832826614379883e-01,5.593674778938293457e-01,1.780595630407333374e-01,2.674627900123596191e-01,3.301797509193420410e-01,2.175648957490921021e-01,2.300839573144912720e-01,5.556730180978775024e-02,-8.832300081849098206e-03
1.038928478956222534e-01,5.103055834770202637e-01,2.607147991657257080e-01,6.068940162658691406e-01,3.749847412109375000e-01,9.999998211860656738e-01,4.650817513465881348e-01,8.066438883543014526e-02,4.369072318077087402e-01,5.377988815307617188e-01,1.382666379213333130e-01,4.824790954589843750e-01,4.800054132938385010e-01,-7.819182425737380981e-02,2.740131318569183350e-01,2.668302655220031738e-01,4.253843426704406738e-01,1.616356968879699707e-01,1.690126955509185791e-01,2.389571666717529297e-01,1.142441332340240479e-01,-1.645509153604507446e-01,1.894039958715438843e-01,3.443699777126312256e-01,8.894620835781097412e-02,1.454118043184280396e-01,3.631350100040435791e-01,4.294418990612030029e-01,4.033136367797851562e-01,3.047639727592468262e-01,2.346680313348770142e-01,-2.097690999507904053e-01,2.410177588462829590e-01,1.948973238468170166e-01,1.878637820482254028e-01,3.660929203033447266e-01,5.095950793474912643e-03,3.019136488437652588e-01,1.846069693565368652e-01,5.622109398245811462e-02,3.958064913749694824e-01,6.328786611557006836e-01,5.012915134429931641e-01,3.691092431545257568e-01,4.544933438301086426e-01,5.342236161231994629e-01,2.845577001571655273e-01,-7.336047291755676270e-02
-3.889175653457641602e-01,2.598006725311279297e-01,4.269643723964691162e-01,6.874573230743408203e-01,-6.915820389986038208e-02,4.650817513465881348e-01,1.000000000000000000e+00,3.671962535008788109e-03,1.474232822656631470e-01,3.110710680484771729e-01,4.255493730306625366e-02,3.257674872875213623e-01,2.201144993305206299e-01,-1.806546449661254883e-01,3.769941329956054688e-01,5.470190942287445068e-02,7.255280613899230957e-01,4.117172360420227051e-01,1.466234773397445679e-01,2.600063681602478027e-01,1.861161291599273682e-01,-1.049760822206735611e-02,4.492953047156333923e-02,1.926568448543548584e-01,2.699926029890775681e-03,4.693936705589294434e-01,2.231768965721130371e-01,1.254756301641464233e-01,2.643585801124572754e-01,3.450077772140502930e-01,5.011477470397949219e-01,-2.284350991249084473e-01,1.439212858676910400e-01,4.289927184581756592e-01,3.105342984199523926e-01,2.712900042533874512e-01,8.870936930179595947e-02,4.492126405239105225e-01,2.587672173976898193e-01,-5.326532199978828430e-02,8.476760238409042358e-03,4.950286149978637695e-01,3.526722192764282227e-01,1.976072937250137329e-01,1.840142458677291870e-01,3.525671660900115967e-01,1.477062106132507324e-01,-7.649228721857070923e-02
2.512319087982177734e-01,1.099357753992080688e-01,1.567741185426712036e-01,5.912958830595016479e-02,1.016802489757537842e-01,8.066438883543014526e-02,3.671962535008788109e-03,9.999996423721313477e-01,2.988450527191162109e-01,1.782003790140151978e-01,6.359497308731079102e-01,2.188266962766647339e-01,2.452772110700607300e-01,6.461129188537597656e-01,4.263975322246551514e-01,4.193782806396484375e-01,1.633717715740203857e-01,7.842584699392318726e-02,2.698413431644439697e-01,6.517834961414337158e-02,-1.437319628894329071e-02,-1.881961524486541748e-01,1.093170195817947388e-01,3.580845659598708153e-03,5.447570085525512695e-01,-2.072101645171642303e-02,4.267415404319763184e-01,2.058984637260437012e-01,1.367698907852172852e-01,-6.539814919233322144e-02,-1.300670355558395386e-01,-1.982859075069427490e-01,4.692668914794921875e-01,3.982947766780853271e-01,-1.320273727178573608e-01,3.263059630990028381e-02,6.651889681816101074e-01,3.465783596038818359e-01,2.186194509267807007e-01,6.689023971557617188e-02,6.078341603279113770e-02,3.435748815536499023e-02,1.469590887427330017e-02,2.155856043100357056e-01,8.504523336887359619e-02,1.072530820965766907e-01,-4.243131726980209351e-02,-1.026710346341133118e-01
2.411912828683853149e-01,5.669301748275756836e-01,2.410975396633148193e-01,2.251547724008560181e-01,2.231657952070236206e-01,4.369072318077087402e-01,1.474232822656631470e-01,2.988450527191162109e-01,1.000000000000000000e+00,6.552024483680725098e-01,5.534861683845520020e-01,6.574388742446899414e-01,3.599831461906433105e-01,1.449158340692520142e-01,4.926014840602874756e-01,3.040793538093566895e-01,2.296806126832962036e-01,-5.798628181219100952e-02,2.786046639084815979e-02,1.840423792600631714e-01,1.162109896540641785e-01,-1.244661882519721985e-01,2.342509776353836060e-01,2.832194268703460693e-01,2.075677067041397095e-01,-3.295708820223808289e-02,2.922799587249755859e-01,2.763702273368835449e-01,2.595471739768981934e-01,1.620117127895355225e-01,7.712715119123458862e-02,-1.681833267211914062e-01,3.718031942844390869e-01,2.502037584781646729e-01,9.851153194904327393e-02,2.710531651973724365e-01,1.702964305877685547e-01,4.584209024906158447e-01,3.514488935470581055e-01,1.376929879188537598e-01,3.034411668777465820e-01,4.988005757331848145e-01,2.243323624134063721e-01,6.876615881919860840e-01,4.543614983558654785e-01,4.888093173503875732e-01,1.912559717893600464e-01,1.146709453314542770e-02
1.243118047714233398e-01,6.378229260444641113e-01,3.185820877552032471e-01,3.731623291969299316e-01,2.460616230964660645e-01,5.377988815307617188e-01,3.110710680484771729e-01,1.782003790140151978e-01,6.552024483680725098e-01,1.000000357627868652e+00,3.274388611316680908e-01,7.316467165946960449e-01,5.341718792915344238e-01,3.677055984735488892e-02,4.402419328689575195e-01,1.841018199920654297e-01,3.118918240070343018e-01,-3.672930598258972168e-02,6.203189864754676819e-02,2.692528069019317627e-01,1.048342883586883545e-01,-1.566528379917144775e-01,1.441403031349182129e-01,3.404430747032165527e-01,1.269629746675491333e-01,4.979609698057174683e-02,2.553143799304962158e-01,3.079992234706878662e-01,2.279722392559051514e-01,2.052939385175704956e-01,1.489600092172622681e-01,-2.073357403278350830e-01,2.984039485454559326e-01,2.490702271461486816e-01,1.234015226364135742e-01,3.718701004981994629e-01,1.157500296831130981e-01,4.592305123805999756e-01,1.884197592735290527e-01,-1.352970749139785767e-01,2.671597898006439209e-01,7.167344093322753906e-01,4.677648842334747314e-01,5.704464912414550781e-01,7.161527276039123535e-01,7.844182252883911133e-01,2.900299131870269775e-01,-1.146427392959594727e-01
2.173176705837249756e-01,2.257686257362365723e-01,1.427783071994781494e-01,2.616400644183158875e-02,3.685868903994560242e-02,1.382666379213333130e-01,4.255493730306625366e-02,6.359497308731079102e-01,5.534861683845520020e-01,3.274388611316680908e-01,1.000000119209289551e+00,4.962515532970428467e-01,2.187643945217132568e-01,4.676993489265441895e-01,6.760757565498352051e-01,2.267448306083679199e-01,1.799838095903396606e-01,4.685972258448600769e-02,1.345003210008144379e-02,3.011009283363819122e-02,1.821465417742729187e-02,-3.187163919210433960e-02,1.803506612777709961e-01,1.360119581222534180e-01,3.554716110229492188e-01,2.376118116080760956e-02,3.158755302429199219e-01,4.529961943626403809e-02,9.874915331602096558e-02,-2.958354540169239044e-02,-3.409143770113587379e-03,-8.037665486335754395e-02,4.855797290802001953e-01,4.591770768165588379e-01,-8.145076036453247070e-02,1.529943645000457764e-01,5.052098631858825684e-01,5.588334202766418457e-01,2.144344151020050049e-01,1.199713274836540222e-01,1.550237834453582764e-01,1.755013167858123779e-01,-9.203448891639709473e-02,3.600419759750366211e-01,1.907107084989547729e-01,1.673337519168853760e-01,6.768818199634552002e-02,3.724839538335800171e-02
9.951240383088588715e-03,5.159847140312194824e-01,2.122314125299453735e-01,2.516163587570190430e-01,7.132507115602493286e-02,4.824790954589843750e-01,3.257674872875213623e-01,2.188266962766647339e-01,6.574388742446899414e-01,7.316467165946960449e-01,4.962515532970428467e-01,1.000000119209289551e+00,4.070434868335723877e-01,3.545806184411048889e-02,6.425568461418151855e-01,1.114135906100273132e-01,3.175913989543914795e-01,1.140770465135574341e-01,-7.643900066614151001e-02,1.533377021551132202e-01,1.037297844886779785e-01,-4.748614504933357239e-02,1.819765120744705200e-01,3.489795625209808350e-01,8.310062438249588013e-02,1.788563467562198639e-02,3.293600678443908691e-01,1.295134723186492920e-01,1.264255642890930176e-01,2.332239001989364624e-01,2.840423583984375000e-01,-1.143003329634666443e-01,4.174152016639709473e-01,3.970977365970611572e-01,1.712615936994552612e-01,3.571895658969879150e-01,1.787130683660507202e-01,5.899283885955810547e-01,1.967548280954360962e-01,4.928096663206815720e-03,1.153502613306045532e-01,6.221513748168945312e-01,2.430749237537384033e-01,5.181012749671936035e-01,5.799585580825805664e-01,5.549264550209045410e-01,3.140931725502014160e-01,-4.746012017130851746e-02
2.902809977531433105e-01,4.034535884857177734e-01,2.215667963027954102e-01,3.404349684715270996e-01,4.334909915924072266e-01,4.800054132938385010e-01,2.201144993305206299e-01,2.452772110700607300e-01,3.599831461906433105e-01,5.341718792915344238e-01,2.187643945217132568e-01,4.070434868335723877e-01,9.999998211860656738e-01,1.415896415710449219e-01,1.987081319093704224e-01,4.808122515678405762e-01,3.564354181289672852e-01,9.648354351520538330e-02,1.935508400201797485e-01,3.499407470226287842e-01,1.796357482671737671e-01,-9.189935028553009033e-02,3.962474465370178223e-01,2.081940621137619019e-01,2.822996079921722412e-01,1.064015850424766541e-01,2.110130339860916138e-01,4.488400220870971680e-01,3.732308447360992432e-01,1.692648828029632568e-01,1.410756260156631470e-01,-2.084142714738845825e-01,2.088311612606048584e-01,1.582983434200286865e-01,9.947697073221206665e-02,2.759792506694793701e-01,1.321533769369125366e-01,2.569778859615325928e-01,2.418910562992095947e-01,3.370158746838569641e-02,3.614166080951690674e-01,4.202379584312438965e-01,5.024124383926391602e-01,2.716493606567382812e-01,3.500153720378875732e-01,5.545447468757629395e-01,1.133981719613075256e-01,-5.700404196977615356e-02
1.759947836399078369e-01,-9.882861748337745667e-03,6.102151237428188324e-03,-8.242163062095642090e-02,2.753218077123165131e-02,-7.819182425737380981e-02,-1.806546449661254883e-01,6.461129188537597656e-01,1.449158340692520142e-01,3.677055984735488892e-02,4.676993489265441895e-01,3.545806184411048889e-02,1.415896415710449219e-01,9.999995231628417969e-01,2.002450078725814819e-01,2.112228870391845703e-01,-2.756220474839210510e-02,-2.057308889925479889e-02,1.530218422412872314e-01,8.381782099604606628e-03,-1.752846129238605499e-02,4.939913377165794373e-02,1.184506192803382874e-01,-6.293639540672302246e-02,1.463772058486938477e-01,-4.857852123677730560e-03,-5.456834100186824799e-03,-1.968889124691486359e-02,1.159229502081871033e-02,-9.258240461349487305e-02,-1.545582115650177002e-01,-2.775160782039165497e-02,9.131412953138351440e-02,6.545407325029373169e-02,-1.528354287147521973e-01,-7.570279389619827271e-02,6.469873189926147461e-01,8.490293473005294800e-02,1.499560624361038208e-01,1.288711130619049072e-01,1.006984803825616837e-02,-1.073838099837303162e-01,-7.517506182193756104e-02,7.706096023321151733e-02,-8.806245028972625732e-02,-2.247221581637859344e-02,-9.131603688001632690e-02,4.766727238893508911e-02
-5.945239216089248657e-02,2.208541184663772583e-01,3.555793166160583496e-01,3.058462440967559814e-01,-1.176245361566543579e-01,2.740131318569183350e-01,3.769941329956054688e-01,4.263975322246551514e-01,4.926014840602874756e-01,4.402419328689575195e-01,6.760757565498352051e-01,6.425568461418151855e-01,1.987081319093704224e-01,2.002450078725814819e-01,1.000000000000000000e+00,1.311843097209930420e-01,3.868670761585235596e-01,1.902626454830169678e-01,2.504537580534815788e-03,-1.557213068008422852e-02,3.025027178227901459e-02,-9.615016728639602661e-02,9.328351169824600220e-02,2.326597720384597778e-01,2.266994863748550415e-01,2.495356202125549316e-01,3.333576619625091553e-01,8.468783646821975708e-02,1.255970597267150879e-01,8.352169394493103027e-02,2.513121366500854492e-01,-1.918788254261016846e-01,4.562074542045593262e-01,6.688405275344848633e-01,1.285705566406250000e-01,2.911814749240875244e-01,4.196335077285766602e-01,7.861765027046203613e-01,2.245676368474960327e-01,7.085091620683670044e-02,7.617932558059692383e-02,3.745089471340179443e-01,-2.667572535574436188e-02,3.115508556365966797e-01,2.793865799903869629e-01,2.750816643238067627e-01,1.775847077369689941e-01,-8.783378452062606812e-02
2.843121886253356934e-01,1.564628481864929199e-01,2.106236517429351807e-01,2.115486115217208862e-01,1.915406733751296997e-01,2.668302655220031738e-01,5.470190942287445068e-02,4.193782806396484375e-01,3.040793538093566895e-01,1.841018199920654297e-01,2.267448306083679199e-01,1.114135906100273132e-01,4.808122515678405762e-01,2.112228870391845703e-01,1.311843097209930420e-01,9.999999403953552246e-01,2.138897180557250977e-01,2.016807533800601959e-02,4.025442004203796387e-01,2.275380939245223999e-01,-5.127705167979001999e-03,-3.070352673530578613e-01,8.706930279731750488e-02,5.232467502355575562e-02,4.096933305263519287e-01,1.101283263415098190e-02,3.259765505790710449e-01,4.016011059284210205e-01,3.724164664745330811e-01,1.122017130255699158e-01,-7.479436695575714111e-02,-3.035288453102111816e-01,2.001217752695083618e-01,8.938062191009521484e-02,1.469722688198089600e-01,1.371984779834747314e-01,1.960384398698806763e-01,1.840649694204330444e-01,4.350284337997436523e-01,3.184759616851806641e-02,1.923819482326507568e-01,1.160952076315879822e-01,2.661108970642089844e-01,2.338050454854965210e-01,9.160896390676498413e-02,2.555967569351196289e-01,-6.791904568672180176e-02,-8.668279647827148438e-02
-1.968141198158264160e-01,2.454910725355148315e-01,3.937702476978302002e-01,6.051668524742126465e-01,3.049296094104647636e-03,4.253843426704406738e-01,7.255280613899230957e-01,1.633717715740203857e-01,2.296806126832962036e-01,3.118918240070343018e-01,1.799838095903396606e-01,3.175913989543914795e-01,3.564354181289672852e-01,-2.756220474839210510e-02,3.868670761585235596e-01,2.138897180557250977e-01,9.999995231628417969e-01,5.094237923622131348e-01,2.912590205669403076e-01,3.664025366306304932e-01,2.807470560073852539e-01,1.813832484185695648e-02,1.512425392866134644e-01,2.657252550125122070e-01,1.393141001462936401e-01,4.454480409622192383e-01,2.740034162998199463e-01,1.810805052518844604e-01,2.971276044845581055e-01,3.143438100814819336e-01,5.028814673423767090e-01,-1.542866230010986328e-01,1.530029028654098511e-01,4.219915866851806641e-01,2.816828191280364990e-01,2.968770861625671387e-01,1.939609199762344360e-01,4.557888805866241455e-01,2.782112956047058105e-01,5.565565451979637146e-02,7.004933059215545654e-02,4.317646026611328125e-01,3.580259084701538086e-01,2.359305024147033691e-01,2.114368677139282227e-01,3.492245376110076904e-01,1.794450879096984863e-01,-3.254345431923866272e-02
-2.312480062246322632e-01,-1.382753998041152954e-02,6.501477211713790894e-02,1.989290416240692139e-01,-1.282930970191955566e-01,1.616356968879699707e-01,4.117172360420227051e-01,7.842584699392318726e-02,-5.798628181219100952e-02,-3.672930598258972168e-02,4.685972258448600769e-02,1.140770465135574341e-01,9.648354351520538330e-02,-2.057308889925479889e-02,1.902626454830169678e-01,2.016807533800601959e-02,5.094237923622131348e-01,1.000000357627868652e+00,3.358624503016471863e-02,2.419784814119338989e-01,1.887168288230895996e-01,1.379126608371734619e-01,-6.252572685480117798e-02,7.724475115537643433e-02,-7.498849183320999146e-02,2.552973330020904541e-01,2.023666501045227051e-01,-8.223248273134231567e-02,8.371657878160476685e-02,3.023518919944763184e-01,6.162084937095642090e-01,9.614364802837371826e-02,1.558864861726760864e-01,2.891076803207397461e-01,1.947185695171356201e-01,1.127507686614990234e-01,1.873758137226104736e-01,2.022986263036727905e-01,8.996144682168960571e-02,-2.971524372696876526e-02,-2.342488989233970642e-02,1.244186460971832275e-01,9.076268225908279419e-02,-7.648733258247375488e-02,-1.022543385624885559e-01,-1.364439632743597031e-02,7.520464062690734863e-02,2.736118808388710022e-02
9.731823951005935669e-02,-3.889392316341400146e-02,1.690049767494201660e-01,1.905456483364105225e-01,1.019985154271125793e-01,1.690126955509185791e-01,1.466234773397445679e-01,2.698413431644439697e-01,2.786046639084815979e-02,6.203189864754676819e-02,1.345003210008144379e-02,-7.643900066614151001e-02,1.935508400201797485e-01,1.530218422412872314e-01,2.504537580534815788e-03,4.025442004203796387e-01,2.912590205669403076e-01,3.358624503016471863e-02,1.000000357627868652e+00,4.537675976753234863e-01,3.033127188682556152e-01,-4.222449287772178650e-02,-3.214187920093536377e-02,-1.694099903106689453e-01,2.316133230924606323e-01,1.120485886931419373e-01,1.309627890586853027e-01,2.699715495109558105e-01,1.599382013082504272e-01,-3.108710423111915588e-02,-8.599711209535598755e-02,-2.981330752372741699e-01,-2.337807603180408478e-02,7.715574651956558228e-02,-7.156568020582199097e-02,-1.898142546415328979e-01,1.537077128887176514e-01,6.238311156630516052e-02,2.516472339630126953e-01,-8.482267707586288452e-02,-3.151620179414749146e-02,2.450995845720171928e-03,2.115139216184616089e-01,4.862064123153686523e-02,4.790822044014930725e-02,1.383127868175506592e-01,-1.739162206649780273e-01,-2.999252974987030029e-01
2.581546828150749207e-02,2.356958389282226562e-01,1.785656809806823730e-01,1.936515122652053833e-01,3.203161060810089111e-01,2.389571666717529297e-01,2.600063681602478027e-01,6.517834961414337158e-02,1.840423792600631714e-01,2.692528069019317627e-01,3.011009283363819122e-02,1.533377021551132202e-01,3.499407470226287842e-01,8.381782099604606628e-03,-1.557213068008422852e-02,2.275380939245223999e-01,3.664025366306304932e-01,2.419784814119338989e-01,4.537675976753234863e-01,9.999995827674865723e-01,6.600461006164550781e-01,1.530370414257049561e-01,1.163663864135742188e-01,9.457887709140777588e-02,6.093813106417655945e-02,1.941650547087192535e-02,1.197057664394378662e-01,1.179117634892463684e-01,8.142963796854019165e-02,2.274446189403533936e-01,2.576668858528137207e-01,-4.913503304123878479e-02,8.010563254356384277e-02,2.978814207017421722e-02,1.421375274658203125e-01,1.725217513740062714e-02,1.494403481483459473e-01,1.229780986905097961e-01,3.217569589614868164e-01,1.798768341541290283e-02,4.808820411562919617e-02,1.906470954418182373e-01,3.784128427505493164e-01,3.085960447788238525e-01,2.351608723402023315e-01,3.045372068881988525e-01,5.012406036257743835e-02,1.467817835509777069e-02
1.906106621026992798e-02,1.937451511621475220e-01,1.225604638457298279e-01,7.216598093509674072e-02,3.593723177909851074e-01,1.142441332340240479e-01,1.861161291599273682e-01,-1.437319628894329071e-02,1.162109896540641785e-01,1.048342883586883545e-01,1.821465417742729187e-02,1.037297844886779785e-01,1.796357482671737671e-01,-1.752846129238605499e-02,3.025027178227901459e-02,-5.127705167979001999e-03,2.807470560073852539e-01,1.887168288230895996e-01,3.033127188682556152e-01,6.600461006164550781e-01,1.000000357627868652e+00,2.654737234115600586e-01,3.342401981353759766e-01,6.932918448001146317e-03,-6.267770379781723022e-02,-1.768879406154155731e-02,-2.094891667366027832e-02,7.484772056341171265e-02,-3.133202344179153442e-02,1.594975888729095459e-01,2.428912818431854248e-01,-2.116757817566394806e-02,4.164364188909530640e-02,4.932388290762901306e-02,4.216829314827919006e-02,-1.027140691876411438e-01,1.210900694131851196e-01,9.856843203306198120e-02,3.104488253593444824e-01,3.001186251640319824e-01,1.380644589662551880e-01,7.412829250097274780e-02,1.259785592555999756e-01,2.923328578472137451e-01,5.416173487901687622e-02,3.520085662603378296e-02,-4.507549852132797241e-02,-6.593646854162216187e-02
-1.794133335351943970e-01,-6.197543442249298096e-02,-2.186101526021957397e-01,-1.930740475654602051e-01,-8.598054945468902588e-02,-1.645509153604507446e-01,-1.049760822206735611e-02,-1.881961524486541748e-01,-1.244661882519721985e-01,-1.566528379917144775e-01,-3.187163919210433960e-02,-4.748614504933357239e-02,-9.189935028553009033e-02,4.939913377165794373e-02,-9.615016728639602661e-02,-3.070352673530578613e-01,1.813832484185695648e-02,1.379126608371734619e-01,-4.222449287772178650e-02,1.530370414257049561e-01,2.654737234115600586e-01,1.000000238418579102e+00,2.540850043296813965e-01,4.561047628521919250e-02,-2.726094126701354980e-01,-8.575202524662017822e-02,-2.009654194116592407e-01,-3.994764387607574463e-01,-3.195130825042724609e-01,6.207675486803054810e-02,2.491815090179443359e-01,5.126637816429138184e-01,-1.638954430818557739e-01,-5.050551518797874451e-02,3.138536959886550903e-02,-5.876476317644119263e-02,3.910434991121292114e-02,-5.888862162828445435e-02,2.354773692786693573e-02,1.722869127988815308e-01,-6.465099006891250610e-02,-1.425782591104507446e-01,-1.310543715953826904e-01,-1.098432838916778564e-01,-1.628212779760360718e-01,-2.114907354116439819e-01,1.252760440111160278e-01,4.007024765014648438e-01
2.059959918260574341e-01,3.145889341831207275e-01,9.849331527948379517e-02,9.264024347066879272e-02,3.902443051338195801e-01,1.894039958715438843e-01,4.492953047156333923e-02,1.093170195817947388e-01,2.342509776353836060e-01,1.441403031349182129e-01,1.803506612777709961e-01,1.819765120744705200e-01,3.962474465370178223e-01,1.184506192803382874e-01,9.328351169824600220e-02,8.706930279731750488e-02,1.512425392866134644e-01,-6.252572685480117798e-02,-3.214187920093536377e-02,1.163663864135742188e-01,3.342401981353759766e-01,2.540850043296813965e-01,1.000000119209289551e+00,1.426825672388076782e-01,9.977160394191741943e-02,2.195942215621471405e-02,2.760413847863674164e-02,2.025898993015289307e-01,1.791296154260635376e-01,8.456923067569732666e-02,5.720629543066024780e-02,-9.483728557825088501e-03,1.377645879983901978e-01,1.110905110836029053e-01,3.403097018599510193e-02,1.638943105936050415e-01,5.701427534222602844e-02,1.332252025604248047e-01,2.881209254264831543e-01,6.195331215858459473e-01,3.721225559711456299e-01,1.246278062462806702e-01,1.035034507513046265e-01,2.877598404884338379e-01,7.689501345157623291e-02,5.850482359528541565e-02,4.439206421375274658e-02,6.125712767243385315e-02
1.893969369120895863e-03,3.572764992713928223e-01,1.789091825485229492e-01,2.756086289882659912e-01,1.634554713964462280e-01,3.443699777126312256e-01,1.926568448543548584e-01,3.580845659598708153e-03,2.832194268703460693e-01,3.404430747032165527e-01,1.360119581222534180e-01,3.489795625209808350e-01,2.081940621137619019e-01,-6.293639540672302246e-02,2.326597720384597778e-01,5.232467502355575562e-02,2.657252550125122070e-01,7.724475115537643433e-02,-1.694099903106689453e-01,9.457887709140777588e-02,6.932918448001146317e-03,4.561047628521919250e-02,1.426825672388076782e-01,9.999999403953552246e-01,1.480610854923725128e-02,5.282551795244216919e-02,2.273570299148559570e-01,4.108218103647232056e-02,1.261929869651794434e-01,3.067034482955932617e-01,4.668577313423156738e-01,3.231281638145446777e-01,2.486308366060256958e-01,9.530035406351089478e-02,2.760932147502899170e-01,6.842939853668212891e-01,2.782608382403850555e-02,2.572833895683288574e-01,6.270648445934057236e-03,1.680039316415786743e-01,1.600271314382553101e-01,3.731695115566253662e-01,1.927808374166488647e-01,2.459720522165298462e-01,3.567494153976440430e-01,3.208464384078979492e-01,7.419224977493286133e-01,2.516367137432098389e-01
4.539702236652374268e-01,3.889385610818862915e-02,3.164305686950683594e-01,1.429746299982070923e-01,2.938406169414520264e-01,8.894620835781097412e-02,2.699926029890775681e-03,5.447570085525512695e-01,2.075677067041397095e-01,1.269629746675491333e-01,3.554716110229492188e-01,8.310062438249588013e-02,2.822996079921722412e-01,1.463772058486938477e-01,2.266994863748550415e-01,4.096933305263519287e-01,1.393141001462936401e-01,-7.498849183320999146e-02,2.316133230924606323e-01,6.093813106417655945e-02,-6.267770379781723022e-02,-2.726094126701354980e-01,9.977160394191741943e-02,1.480610854923725128e-02,1.000000119209289551e+00,-2.477565966546535492e-02,5.024688243865966797e-01,5.292124152183532715e-01,3.006777763366699219e-01,-1.453114002943038940e-01,-2.569013833999633789e-01,-2.869699299335479736e-01,4.449135959148406982e-01,2.764087319374084473e-01,-5.362187698483467102e-02,2.703006565570831299e-02,2.073914706707000732e-01,2.783849239349365234e-01,9.947943687438964844e-02,-2.864865586161613464e-02,9.347671270370483398e-02,1.728245243430137634e-02,1.847307384014129639e-01,1.428072601556777954e-01,1.229927539825439453e-01,1.601367145776748657e-01,-5.692962184548377991e-02,-8.566445857286453247e-02
-2.067172229290008545e-01,-8.476714044809341431e-02,2.793493270874023438e-01,4.362269937992095947e-01,-1.352379918098449707e-01,1.454118043184280396e-01,4.693936705589294434e-01,-2.072101645171642303e-02,-3.295708820223808289e-02,4.979609698057174683e-02,2.376118116080760956e-02,1.788563467562198639e-02,1.064015850424766541e-01,-4.857852123677730560e-03,2.495356202125549316e-01,1.101283263415098190e-02,4.454480409622192383e-01,2.552973330020904541e-01,1.120485886931419373e-01,1.941650547087192535e-02,-1.768879406154155731e-02,-8.575202524662017822e-02,2.195942215621471405e-02,5.282551795244216919e-02,-2.477565966546535492e-02,9.999996423721313477e-01,-6.397165358066558838e-02,6.386879086494445801e-02,1.602791845798492432e-01,-8.790288120508193970e-02,2.956220209598541260e-01,-1.048942506313323975e-01,-6.227476149797439575e-02,3.331119120121002197e-01,1.497192531824111938e-01,1.552900373935699463e-01,7.462968677282333374e-02,2.523262500762939453e-01,7.959376275539398193e-02,-4.331322852522134781e-04,-1.330428477376699448e-02,8.216986805200576782e-02,4.249046742916107178e-02,-2.148001454770565033e-02,-1.176196187734603882e-01,7.706242799758911133e-02,3.822674974799156189e-02,-1.138811260461807251e-01
1.900083720684051514e-01,3.294162750244140625e-01,2.118216603994369507e-01,2.458798438310623169e-01,1.521735340356826782e-01,3.631350100040435791e-01,2.231768965721130371e-01,4.267415404319763184e-01,2.922799587249755859e-01,2.553143799304962158e-01,3.158755302429199219e-01,3.293600678443908691e-01,2.110130339860916138e-01,-5.456834100186824799e-03,3.333576619625091553e-01,3.259765505790710449e-01,2.740034162998199463e-01,2.023666501045227051e-01,1.309627890586853027e-01,1.197057664394378662e-01,-2.094891667366027832e-02,-2.009654194116592407e-01,2.760413847863674164e-02,2.273570299148559570e-01,5.024688243865966797e-01,-6.397165358066558838e-02,9.999998211860656738e-01,3.602400422096252441e-01,2.502947449684143066e-01,1.841665804386138916e-01,1.179298534989356995e-01,-1.423687785863876343e-01,6.771242022514343262e-01,3.765504062175750732e-01,1.203765645623207092e-01,2.692106068134307861e-01,2.039717733860015869e-01,3.641096055507659912e-01,1.555467247962951660e-01,-1.799639663659036160e-03,2.298588752746582031e-01,2.875915765762329102e-01,2.145342528820037842e-01,3.214541375637054443e-01,2.433616071939468384e-01,2.335666865110397339e-01,2.028133720159530640e-01,-4.903331771492958069e-02
5.423523187637329102e-01,2.892288863658905029e-01,3.754338026046752930e-01,3.669386208057403564e-01,5.654658079147338867e-01,4.294418990612030029e-01,1.254756301641464233e-01,2.058984637260437012e-01,2.763702273368835449e-01,3.079992234706878662e-01,4.529961943626403809e-02,1.295134723186492920e-01,4.488400220870971680e-01,-1.968889124691486359e-02,8.468783646821975708e-02,4.016011059284210205e-01,1.810805052518844604e-01,-8.223248273134231567e-02,2.699715495109558105e-01,1.179117634892463684e-01,7.484772056341171265e-02,-3.994764387607574463e-01,2.025898993015289307e-01,4.108218103647232056e-02,5.292124152183532715e-01,6.386879086494445801e-02,3.602400422096252441e-01,1.000000000000000000e+00,5.487111210823059082e-01,4.705167561769485474e-02,-1.467654258012771606e-01,-4.678343832492828369e-01,2.329732924699783325e-01,4.502116888761520386e-02,-1.032334640622138977e-01,8.721894025802612305e-02,-6.390344351530075073e-02,7.909329980611801147e-02,1.334305256605148315e-01,7.247295975685119629e-02,3.861049115657806396e-01,3.276244401931762695e-01,3.714894652366638184e-01,2.449944466352462769e-01,2.643507719039916992e-01,3.580661714076995850e-01,-5.693411454558372498e-02,-2.554998993873596191e-01
2.426176667213439941e-01,2.984659075736999512e-01,2.962931394577026367e-01,4.462125003337860107e-01,2.955068349838256836e-01,4.033136367797851562e-01,2.643585801124572754e-01,1.367698907852172852e-01,2.595471739768981934e-01,2.279722392559051514e-01,9.874915331602096558e-02,1.264255642890930176e-01,3.732308447360992432e-01,1.159229502081871033e-02,1.255970597267150879e-01,3.724164664745330811e-01,2.971276044845581055e-01,8.371657878160476685e-02,1.599382013082504272e-01,8.142963796854019165e-02,-3.133202344179153442e-02,-3.195130825042724609e-01,1.791296154260635376e-01,1.261929869651794434e-01,3.006777763366699219e-01,1.602791845798492432e-01,2.502947449684143066e-01,5.487111210823059082e-01,9.999997615814208984e-01,4.493310153484344482e-01,1.315403729677200317e-01,-3.000736832618713379e-01,1.366410404443740845e-01,1.350773274898529053e-01,1.042915880680084229e-01,1.634665429592132568e-01,-3.079565241932868958e-02,1.848423779010772705e-01,3.248493075370788574e-01,7.519262284040451050e-02,3.364689052104949951e-01,3.679761588573455811e-01,3.979103267192840576e-01,2.169202715158462524e-01,1.287494152784347534e-01,3.018858432769775391e-01,-2.060369402170181274e-02,-7.676924020051956177e-02
-2.482152134180068970e-01,3.470869660377502441e-01,1.047469154000282288e-01,2.955018877983093262e-01,3.522850340232253075e-03,3.047639727592468262e-01,3.450077772140502930e-01,-6.539814919233322144e-02,1.620117127895355225e-01,2.052939385175704956e-01,-2.958354540169239044e-02,2.332239001989364624e-01,1.692648828029632568e-01,-9.258240461349487305e-02,8.352169394493103027e-02,1.122017130255699158e-01,3.143438100814819336e-01,3.023518919944763184e-01,-3.108710423111915588e-02,2.274446189403533936e-01,1.594975888729095459e-01,6.207675486803054810e-02,8.456923067569732666e-02,3.067034482955932617e-01,-1.453114002943038940e-01,-8.790288120508193970e-02,1.841665804386138916e-01,4.705167561769485474e-02,4.493310153484344482e-01,1.000000119209289551e+00,5.229135751724243164e-01,2.160451374948024750e-02,4.722433537244796753e-02,6.844410300254821777e-02,3.468022644519805908e-01,2.790466248989105225e-01,-2.954444102942943573e-02,1.779180765151977539e-01,3.281591534614562988e-01,3.768673911690711975e-02,7.608076184988021851e-02,4.418476819992065430e-01,3.974095582962036133e-01,2.152232229709625244e-01,2.321901470422744751e-01,2.605627775192260742e-01,2.057155221700668335e-01,1.826639324426651001e-01
-3.712197840213775635e-01,1.609083861112594604e-01,1.025773584842681885e-01,3.064796924591064453e-01,-1.205836012959480286e-01,2.346680313348770142e-01,5.011477470397949219e-01,-1.300670355558395386e-01,7.712715119123458862e-02,1.489600092172622681e-01,-3.409143770113587379e-03,2.840423583984375000e-01,1.410756260156631470e-01,-1.545582115650177002e-01,2.513121366500854492e-01,-7.479436695575714111e-02,5.028814673423767090e-01,6.162084937095642090e-01,-8.599711209535598755e-02,2.576668858528137207e-01,2.428912818431854248e-01,2.491815090179443359e-01,5.720629543066024780e-02,4.668577313423156738e-01,-2.569013833999633789e-01,2.956220209598541260e-01,1.179298534989356995e-01,-1.467654258012771606e-01,1.315403729677200317e-01,5.229135751724243164e-01,1.000000357627868652e+00,2.596693336963653564e-01,8.922634273767471313e-02,2.592729032039642334e-01,3.574373424053192139e-01,4.180616140365600586e-01,2.311246655881404877e-02,2.987567782402038574e-01,1.620047539472579956e-01,7.132913172245025635e-02,9.797470644116401672e-03,3.100943863391876221e-01,1.781956255435943604e-01,6.820627301931381226e-02,9.218072146177291870e-02,1.466316133737564087e-01,4.058884680271148682e-01,1.915911287069320679e-01
-1.031718403100967407e-01,-6.334962695837020874e-02,-3.165608942508697510e-01,-2.624038457870483398e-01,-8.901178836822509766e-02,-2.097690999507904053e-01,-2.284350991249084473e-01,-1.982859075069427490e-01,-1.681833267211914062e-01,-2.073357403278350830e-01,-8.037665486335754395e-02,-1.143003329634666443e-01,-2.084142714738845825e-01,-2.775160782039165497e-02,-1.918788254261016846e-01,-3.035288453102111816e-01,-1.542866230010986328e-01,9.614364802837371826e-02,-2.981330752372741699e-01,-4.913503304123878479e-02,-2.116757817566394806e-02,5.126637816429138184e-01,-9.483728557825088501e-03,3.231281638145446777e-01,-2.869699299335479736e-01,-1.048942506313323975e-01,-1.423687785863876343e-01,-4.678343832492828369e-01,-3.000736832618713379e-01,2.160451374948024750e-02,2.596693336963653564e-01,9.999999403953552246e-01,-1.029406115412712097e-01,-2.046398669481277466e-01,9.770676493644714355e-02,1.598841398954391479e-01,-1.709100231528282166e-02,-2.069085985422134399e-01,-2.084418088197708130e-01,9.442926943302154541e-02,2.430797927081584930e-02,-2.375556230545043945e-01,-2.179695367813110352e-01,-1.558106839656829834e-01,-1.569870114326477051e-01,-2.894513905048370361e-01,3.905906975269317627e-01,4.775406420230865479e-01
2.835570573806762695e-01,3.851710855960845947e-01,1.499103158712387085e-01,1.068230345845222473e-01,2.024464011192321777e-01,2.410177588462829590e-01,1.439212858676910400e-01,4.692668914794921875e-01,3.718031942844390869e-01,2.984039485454559326e-01,4.855797290802001953e-01,4.174152016639709473e-01,2.088311612606048584e-01,9.131412953138351440e-02,4.562074542045593262e-01,2.001217752695083618e-01,1.530029028654098511e-01,1.558864861726760864e-01,-2.337807603180408478e-02,8.010563254356384277e-02,4.164364188909530640e-02,-1.638954430818557739e-01,1.377645879983901978e-01,2.486308366060256958e-01,4.449135959148406982e-01,-6.227476149797439575e-02,6.771242022514343262e-01,2.329732924699783325e-01,1.366410404443740845e-01,4.722433537244796753e-02,8.922634273767471313e-02,-1.029406115412712097e-01,1.000000000000000000e+00,4.280248284339904785e-01,5.278249084949493408e-02,2.762964665889739990e-01,3.354288041591644287e-01,4.648211896419525146e-01,1.682059168815612793e-01,7.347545027732849121e-02,2.723753452301025391e-01,2.445158958435058594e-01,5.689886957406997681e-02,4.002203643321990967e-01,2.409611344337463379e-01,1.810431480407714844e-01,1.980069130659103394e-01,-5.751765891909599304e-02
