1.000000357627868652e+00,4.692132174968719482e-01,5.107080340385437012e-01,6.585788726806640625e-01,8.620315790176391602e-01,5.416848659515380859e-01,-4.850112646818161011e-02,4.557167291641235352e-01,2.073083817958831787e-01,-2.138518691062927246e-01,3.013649582862854004e-01,-5.283494666218757629e-02,-2.458332180976867676e-01,1.925973594188690186e-01,-9.151829779148101807e-02,-1.407622396945953369e-01,-1.069260537624359131e-01,-2.279468923807144165e-01,-1.084077358245849609e-01,-2.593920826911926270e-01,-2.397907227277755737e-01,-2.837110757827758789e-01,-2.326287031173706055e-01,-3.408069908618927002e-01,5.125859379768371582e-01,2.524343729019165039e-01,6.734434962272644043e-01,7.758528590202331543e-01,7.081199884414672852e-01,-2.470352053642272949e-01,-1.452353298664093018e-01,-3.029673732817173004e-02,7.448934912681579590e-01,5.139437038451433182e-03,-6.573795080184936523e-01,-2.211170345544815063e-01,2.625631093978881836e-01,-2.904386222362518311e-01,-5.252832919359207153e-02,-3.673699796199798584e-01,8.249847292900085449e-01,-1.558392941951751709e-01,-4.027857184410095215e-01,3.387524187564849854e-02,-3.657531440258026123e-01,-4.169476032257080078e-01,-3.543829917907714844e-01,-6.209601461887359619e-02
4.692132174968719482e-01,1.000000000000000000e+00,2.686376869678497314e-01,3.257690668106079102e-01,4.447483420372009277e-01,5.530575513839721680e-01,3.029433786869049072e-01,2.833898961544036865e-01,4.027678370475769043e-01,3.828691840171813965e-01,3.250239789485931396e-01,3.924597799777984619e-01,2.994226515293121338e-01,4.586015641689300537e-02,3.668429851531982422e-01,1.509945988655090332e-01,1.361909061670303345e-01,2.058952231891453266e-04,1.154446750879287720e-01,2.549805045127868652e-01,2.385995686054229736e-01,6.050475314259529114e-02,4.165736585855484009e-02,1.818972229957580566e-01,2.621480822563171387e-01,1.917855292558670044e-01,4.434531033039093018e-01,4.518633186817169189e-01,4.675903916358947754e-01,6.070703640580177307e-02,1.621613651514053345e-01,-2.005052811000496149e-04,4.257256388664245605e-01,3.152632415294647217e-01,-2.216125130653381348e-01,2.854796946048736572e-01,2.742836773395538330e-01,2.853084504604339600e-01,3.296568393707275391e-01,9.970154613256454468e-02,5.759353041648864746e-01,5.021613836288452148e-01,-8.469536155462265015e-02,5.568137764930725098e-01,3.071728944778442383e-01,2.495527565479278564e-01,1.443417519330978394e-01,-6.414427608251571655e-02
5.107080340385437012e-01,2.686376869678497314e-01,1.000000357627868652e+00,6.724619269371032715e-01,5.053468942642211914e-01,3.849467039108276367e-01,2.863988280296325684e-01,1.038756147027015686e-01,1.581597775220870972e-01,-7.760187983512878418e-02,1.020424887537956238e-01,-3.131157532334327698e-02,-6.977464258670806885e-02,-3.881699219346046448e-02,-2.916260994970798492e-02,-5.041696131229400635e-02,1.752463728189468384e-01,-3.604877041652798653e-03,-2.871688827872276306e-02,1.323714014142751694e-02,1.110792607069015503e-01,-3.121088817715644836e-02,6.832155585289001465e-02,-1.364920884370803833e-01,2.530477941036224365e-01,1.987369656562805176e-01,4.136910736560821533e-01,7.478207945823669434e-01,5.812746882438659668e-01,-1.737431138753890991e-01,8.034765720367431641e-02,5.906504578888416290e-03,3.917532861232757568e-01,-3.414754942059516907e-02,-4.596610963344573975e-01,-2.484294213354587555e-02,2.207351289689540863e-02,-7.740248739719390869e-02,1.406568754464387894e-02,-1.136317178606987000e-01,3.889466524124145508e-01,-5.013952031731605530e-02,-8.620107173919677734e-02,9.697730839252471924e-02,-1.418845504522323608e-01,-9.228884428739547729e-02,-1.482657045125961304e-01,-1.575940251350402832e-01
6.585788726806640625e-01,3.257690668106079102e-01,6.724619269371032715e-01,9.999998211860656738e-01,6.731612682342529297e-01,5.678633451461791992e-01,1.972495168447494507e-01,2.604212462902069092e-01,1.272600293159484863e-01,-2.645204961299896240e-01,1.394170522689819336e-01,-2.185232788324356079e-01,-1.739583909511566162e-01,8.975192159414291382e-02,-1.551137715578079224e-01,6.050961837172508240e-02,1.077329814434051514e-01,-6.997671723365783691e-02,3.752335533499717712e-02,-6.927233934402465820e-02,-1.292398571968078613e-01,-3.456471115350723267e-02,-4.624665528535842896e-02,-2.975868582725524902e-01,3.903038501739501953e-01,2.904818654060363770e-01,5.529103279113769531e-01,6.899687647819519043e-01,6.104263067245483398e-01,-1.384279876947402954e-01,2.617421932518482208e-02,1.926547847688198090e-02,5.245624780654907227e-01,-1.397997885942459106e-01,-4.677618443965911865e-01,-1.649409979581832886e-01,5.839080736041069031e-02,-2.834129929542541504e-01,-1.073117703199386597e-01,-2.158647924661636353e-01,5.797535181045532227e-01,-1.920448541641235352e-01,-1.334956884384155273e-01,9.493329375982284546e-02,-3.134292662143707275e-01,-2.839999794960021973e-01,-2.969869971275329590e-01,-3.194344788789749146e-02
8.620315790176391602e-01,4.447483420372009277e-01,5.053468942642211914e-01,6.731612682342529297e-01,9.999994635581970215e-01,5.692617893218994141e-01,-7.015378773212432861e-02,4.526568949222564697e-01,2.569129467010498047e-01,-2.651858925819396973e-01,2.600552737712860107e-01,-1.120001152157783508e-01,-2.266511917114257812e-01,1.642281562089920044e-01,-1.804867833852767944e-01,-1.008811444044113159e-01,-1.030987948179244995e-01,-1.880008727312088013e-01,-5.907163396477699280e-02,-1.836296468973159790e-01,-1.847406625747680664e-01,-2.385890632867813110e-01,-1.460676193237304688e-01,-3.218293488025665283e-01,4.052906334400177002e-01,1.950693279504776001e-01,6.703348159790039062e-01,7.344571352005004883e-01,6.948301196098327637e-01,-1.893964856863021851e-01,-6.006321310997009277e-02,7.964284159243106842e-03,7.403504252433776855e-01,-7.343050837516784668e-02,-6.035364270210266113e-01,-1.743444651365280151e-01,1.829763352870941162e-01,-3.183352649211883545e-01,-6.306619197130203247e-02,-2.779435217380523682e-01,8.345402479171752930e-01,-2.106276005506515503e-01,-2.881183922290802002e-01,7.526796311140060425e-02,-3.970238566398620605e-01,-4.411585330963134766e-01,-3.355074822902679443e-01,5.720506887882947922e-03
5.416848659515380859e-01,5.530575513839721680e-01,3.849467039108276367e-01,5.678633451461791992e-01,5.692617893218994141e-01,1.000000238418579102e+00,3.013678789138793945e-01,2.341015785932540894e-01,3.890113234519958496e-01,2.171787172555923462e-01,2.984951436519622803e-01,2.122200131416320801e-01,3.113663792610168457e-01,5.047459155321121216e-02,1.604432016611099243e-01,1.478642523288726807e-01,4.166680201888084412e-02,-1.195374131202697754e-01,2.872001379728317261e-02,1.526421159505844116e-01,1.596810966730117798e-01,-3.444754332304000854e-02,1.895076967775821686e-02,8.171363174915313721e-02,2.937417328357696533e-01,2.175855785608291626e-01,4.694772958755493164e-01,4.726676940917968750e-01,3.938210308551788330e-01,-1.877020001411437988e-01,5.565311387181282043e-02,1.048712432384490967e-01,3.684674799442291260e-01,1.083973944187164307e-01,-3.585433363914489746e-01,5.529551580548286438e-02,2.007340043783187866e-01,6.386659573763608932e-03,7.266479730606079102e-02,-2.095249854028224945e-02,5.799196362495422363e-01,2.766471207141876221e-01,-4.769590497016906738e-02,3.421049714088439941e-01,2.655549533665180206e-02,1.166475713253021240e-01,1.051221042871475220e-02,3.633124381303787231e-02
-4.850112646818161011e-02,3.029433786869049072e-01,2.863988280296325684e-01,1.972495168447494507e-01,-7.015378773212432861e-02,3.013678789138793945e-01,1.000000000000000000e+00,-4.038425162434577942e-02,1.913829445838928223e-01,4.001660048961639404e-01,6.685653328895568848e-02,2.564345300197601318e-01,4.553397595882415771e-01,3.394242003560066223e-02,2.952072620391845703e-01,2.252010405063629150e-01,6.763942837715148926e-01,2.004591077566146851e-01,3.745712339878082275e-01,4.612201750278472900e-01,3.988533914089202881e-01,3.254112303256988525e-01,1.753924190998077393e-01,1.868585646152496338e-01,1.436929870396852493e-02,2.636257708072662354e-01,2.078500203788280487e-02,5.844848975539207458e-02,-4.870377015322446823e-03,5.412126705050468445e-02,3.272046446800231934e-01,1.527027934789657593e-01,-1.084359288215637207e-01,1.987655013799667358e-01,-1.812571659684181213e-02,2.628668546676635742e-01,1.451683789491653442e-01,2.442373484373092651e-01,2.376432269811630249e-01,1.949364095926284790e-01,-2.798837982118129730e-02,4.404812753200531006e-01,2.304798662662506104e-01,3.026992380619049072e-01,3.014118373394012451e-01,4.923799932003021240e-01,1.791479885578155518e-01,-5.589818209409713745e-02
4.557167291641235352e-01,2.833898961544036865e-01,1.038756147027015686e-01,2.604212462902069092e-01,4.526568949222564697e-01,2.341015785932540894e-01,-4.038425162434577942e-02,9.999999403953552246e-01,3.396887481212615967e-01,-1.487214565277099609e-01,5.879132151603698730e-01,3.689457848668098450e-02,-1.062463596463203430e-01,5.940345525741577148e-01,1.178884431719779968e-01,1.740196645259857178e-01,5.166152119636535645e-02,-7.620835676789283752e-03,7.419762760400772095e-02,-4.511922970414161682e-02,-1.813865303993225098e-01,-1.526644825935363770e-01,-6.054579466581344604e-02,-2.443895041942596436e-01,5.472545623779296875e-01,4.850065708160400391e-02,5.195216536521911621e-01,2.958898842334747314e-01,2.887458801269531250e-01,-9.268919378519058228e-02,-4.730812832713127136e-02,-7.418841123580932617e-02,6.551769971847534180e-01,6.646580994129180908e-02,-3.358739912509918213e-01,-1.694615632295608521e-01,5.535916090011596680e-01,-9.889589250087738037e-02,3.031649626791477203e-03,-1.200959831476211548e-01,4.537333250045776367e-01,-1.448620557785034180e-01,-3.439547494053840637e-02,1.428676396608352661e-01,-2.044783830642700195e-01,-2.548013925552368164e-01,-1.829198598861694336e-01,-1.675234362483024597e-02
2.073083817958831787e-01,4.027678370475769043e-01,1.581597775220870972e-01,1.272600293159484863e-01,2.569129467010498047e-01,3.890113234519958496e-01,1.913829445838928223e-01,3.396887481212615967e-01,1.000000119209289551e+00,4.006999433040618896e-01,5.780107975006103516e-01,5.593966841697692871e-01,3.681302070617675781e-01,5.851794034242630005e-02,4.128781855106353760e-01,1.588180512189865112e-01,1.168070733547210693e-01,3.001989610493183136e-02,6.355699896812438965e-02,2.730126976966857910e-01,3.421424925327301025e-01,1.015641391277313232e-01,2.930305600166320801e-01,3.234809339046478271e-01,1.619764715433120728e-01,-3.462091088294982910e-02,3.782347440719604492e-01,2.127735167741775513e-01,2.482772767543792725e-01,7.972718775272369385e-02,2.566907107830047607e-01,5.571950227022171021e-02,2.936709523200988770e-01,2.059857398271560669e-01,-7.911224663257598877e-02,3.591074645519256592e-01,1.925142556428909302e-01,3.373627364635467529e-01,2.954881787300109863e-01,2.798182368278503418e-01,2.454221993684768677e-01,3.622565269470214844e-01,1.542395055294036865e-01,5.848258137702941895e-01,2.811562716960906982e-01,2.677787542343139648e-01,3.119725883007049561e-01,3.995018079876899719e-02
-2.138518691062927246e-01,3.828691840171813965e-01,-7.760187983512878418e-02,-2.645204961299896240e-01,-2.651858925819396973e-01,2.171787172555923462e-01,4.001660048961639404e-01,-1.487214565277099609e-01,4.006999433040618896e-01,1.000000357627868652e+00,1.993389427661895752e-01,7.363477945327758789e-01,7.231593132019042969e-01,-1.629348993301391602e-01,7.058420181274414062e-01,8.024886995553970337e-02,1.679107248783111572e-01,1.948534697294235229e-02,1.800945587456226349e-02,3.902474939823150635e-01,5.231323838233947754e-01,1.392222046852111816e-01,1.793777942657470703e-01,4.942917823791503906e-01,-7.533151656389236450e-02,4.863042756915092468e-02,-1.696171462535858154e-01,-1.333865523338317871e-01,-1.101383045315742493e-01,5.334903299808502197e-02,1.591640412807464600e-01,-7.079873234033584595e-02,-2.351186275482177734e-01,3.881535530090332031e-01,2.190443575382232666e-01,4.670428335666656494e-01,1.011166051030158997e-01,6.820210814476013184e-01,2.716625332832336426e-01,2.629731893539428711e-01,-1.665216237306594849e-01,8.106305599212646484e-01,1.410837024450302124e-01,4.567407071590423584e-01,7.518150210380554199e-01,7.766495347023010254e-01,4.540928304195404053e-01,-1.295062899589538574e-01
3.013649582862854004e-01,3.250239789485931396e-01,1.020424887537956238e-01,1.394170522689819336e-01,2.600552737712860107e-01,2.984951436519622803e-01,6.685653328895568848e-02,5.879132151603698730e-01,5.780107975006103516e-01,1.993389427661895752e-01,9.999999403953552246e-01,3.670710623264312744e-01,1.817167997360229492e-01,4.478701353073120117e-01,4.462684988975524902e-01,9.135624021291732788e-02,4.090472683310508728e-02,3.963442519307136536e-02,-1.286948621273040771e-01,3.939738869667053223e-02,4.483149200677871704e-02,-3.692925383802503347e-04,1.740728765726089478e-01,8.255266398191452026e-02,4.374460577964782715e-01,-5.435417219996452332e-02,3.779985308647155762e-01,2.251802682876586914e-01,1.891472190618515015e-01,-1.009059548377990723e-01,1.917300745844841003e-02,-2.296483889222145081e-02,3.590562045574188232e-01,1.583386361598968506e-01,-2.035115659236907959e-01,1.261265128850936890e-01,4.463114440441131592e-01,2.004839181900024414e-01,8.175496011972427368e-02,8.857025951147079468e-02,2.681405246257781982e-01,1.770506352186203003e-01,1.890382147394120693e-03,3.288201987743377686e-01,1.118254065513610840e-01,8.452297002077102661e-02,1.162308901548385620e-01,-2.052150294184684753e-02
-5.283494666218757629e-02,3.924597799777984619e-01,-3.131157532334327698e-02,-2.185232788324356079e-01,-1.120001152157783508e-01,2.122200131416320801e-01,2.564345300197601318e-01,3.689457848668098450e-02,5.593966841697692871e-01,7.363477945327758789e-01,3.670710623264312744e-01,1.000000119209289551e+00,5.219855904579162598e-01,-5.346500501036643982e-02,6.837543845176696777e-01,9.310297667980194092e-02,7.473710924386978149e-02,1.125542167574167252e-02,3.426071954891085625e-03,3.090381622314453125e-01,4.855950772762298584e-01,5.585122480988502502e-02,1.467376798391342163e-01,4.473353624343872070e-01,1.007526833564043045e-02,2.550320699810981750e-02,3.787911310791969299e-02,-2.224037237465381622e-02,-5.335191264748573303e-03,5.887869372963905334e-02,1.871997117996215820e-01,-6.051711738109588623e-02,-4.253420606255531311e-02,4.218178391456604004e-01,1.201556548476219177e-01,4.583921134471893311e-01,2.487123310565948486e-01,6.403074264526367188e-01,4.769824743270874023e-01,2.362087815999984741e-01,-1.335376501083374023e-02,6.779334545135498047e-01,2.371184714138507843e-02,4.856985509395599365e-01,5.840357542037963867e-01,5.769098401069641113e-01,4.203381836414337158e-01,-1.247155442833900452e-01
-2.458332180976867676e-01,2.994226515293121338e-01,-6.977464258670806885e-02,-1.739583909511566162e-01,-2.266511917114257812e-01,3.113663792610168457e-01,4.553397595882415771e-01,-1.062463596463203430e-01,3.681302070617675781e-01,7.231593132019042969e-01,1.817167997360229492e-01,5.219855904579162598e-01,9.999999403953552246e-01,-8.980388939380645752e-02,5.040398836135864258e-01,3.013623952865600586e-01,3.113087713718414307e-01,1.456248164176940918e-01,1.418695747852325439e-01,5.048463344573974609e-01,5.309068560600280762e-01,2.852907478809356689e-01,3.154286444187164307e-01,5.690460801124572754e-01,-5.245851725339889526e-02,1.123270858079195023e-02,-1.199155077338218689e-01,-1.627929508686065674e-01,-1.519167423248291016e-01,6.613214313983917236e-02,3.184754252433776855e-01,1.237043365836143494e-01,-2.369106113910675049e-01,2.850326001644134521e-01,1.449745893478393555e-01,5.199391245841979980e-01,4.630174860358238220e-02,4.438168406486511230e-01,2.112127095460891724e-01,3.666181564331054688e-01,-1.624368429183959961e-01,6.933131814002990723e-01,3.431464433670043945e-01,3.858650028705596924e-01,6.186442375183105469e-01,7.442499995231628418e-01,4.961558580398559570e-01,-1.147056277841329575e-02
1.925973594188690186e-01,4.586015641689300537e-02,-3.881699219346046448e-02,8.975192159414291382e-02,1.642281562089920044e-01,5.047459155321121216e-02,3.394242003560066223e-02,5.940345525741577148e-01,5.851794034242630005e-02,-1.629348993301391602e-01,4.478701353073120117e-01,-5.346500501036643982e-02,-8.980388939380645752e-02,9.999997615814208984e-01,1.085670590400695801e-01,8.162366598844528198e-02,5.828595533967018127e-02,5.628669261932373047e-02,-9.867833927273750305e-03,-1.430716365575790405e-01,-2.473846822977066040e-01,-2.715135179460048676e-02,-8.798884600400924683e-02,-1.804619729518890381e-01,3.453437983989715576e-01,-5.398319289088249207e-02,2.685751318931579590e-01,6.178893148899078369e-02,2.269903011620044708e-02,-1.197890862822532654e-01,-7.795331627130508423e-02,-6.401457823812961578e-03,2.491749972105026245e-01,-5.135359615087509155e-02,-2.045869529247283936e-01,-1.839348971843719482e-01,5.435503125190734863e-01,-1.086403504014015198e-01,-7.363828271627426147e-02,-1.319202780723571777e-01,1.659063100814819336e-01,-1.359289735555648804e-01,-1.036644354462623596e-02,-3.064843825995922089e-02,-1.555813848972320557e-01,-1.634042114019393921e-01,-1.414116621017456055e-01,-4.446073621511459351e-02
-9.151829779148101807e-02,3.668429851531982422e-01,-2.916260994970798492e-02,-1.551137715578079224e-01,-1.804867833852767944e-01,1.604432016611099243e-01,2.952072620391845703e-01,1.178884431719779968e-01,4.128781855106353760e-01,7.058420181274414062e-01,4.462684988975524902e-01,6.837543845176696777e-01,5.040398836135864258e-01,1.085670590400695801e-01,9.999997615814208984e-01,6.916356086730957031e-02,1.480867713689804077e-01,3.215350583195686340e-02,-4.777446016669273376e-02,2.941125333309173584e-01,3.703879117965698242e-01,1.799073368310928345e-01,1.800344139337539673e-01,3.624770939350128174e-01,1.494657844305038452e-01,6.936109811067581177e-02,-2.762972377240657806e-02,-2.771395072340965271e-02,-4.243003576993942261e-02,4.308964591473340988e-03,1.000117063522338867e-01,-1.284142881631851196e-01,-6.793407350778579712e-02,3.786397874355316162e-01,1.351238787174224854e-01,3.741129040718078613e-01,2.730385959148406982e-01,7.009090781211853027e-01,1.823962479829788208e-01,2.180212438106536865e-01,-8.629000931978225708e-02,6.431159973144531250e-01,7.297246903181076050e-02,4.890387356281280518e-01,6.421700716018676758e-01,5.843653678894042969e-01,3.649819195270538330e-01,-1.410907059907913208e-01
-1.407622396945953369e-01,1.509945988655090332e-01,-5.041696131229400635e-02,6.050961837172508240e-02,-1.008811444044113159e-01,1.478642523288726807e-01,2.252010405063629150e-01,1.740196645259857178e-01,1.588180512189865112e-01,8.024886995553970337e-02,9.135624021291732788e-02,9.310297667980194092e-02,3.013623952865600586e-01,8.162366598844528198e-02,6.916356086730957031e-02,1.000000119209289551e+00,3.193204700946807861e-01,2.447278052568435669e-01,3.844359517097473145e-01,3.867247104644775391e-01,1.974606961011886597e-01,2.196963429450988770e-01,3.453717529773712158e-01,2.288970798254013062e-01,1.760318577289581299e-01,-5.652808025479316711e-02,1.132870838046073914e-01,-6.617923825979232788e-02,-5.840502306818962097e-02,1.906532496213912964e-01,2.697881162166595459e-01,1.527134627103805542e-01,6.801076233386993408e-02,1.120122335851192474e-02,1.492089778184890747e-01,2.770066261291503906e-01,2.696940442547202110e-03,-1.596811041235923767e-02,3.200461268424987793e-01,3.634648919105529785e-01,-8.870469033718109131e-02,1.170056089758872986e-01,3.960281312465667725e-01,2.303502559661865234e-01,9.531539678573608398e-02,2.351797670125961304e-01,2.202296257019042969e-01,2.063050121068954468e-01
-1.069260537624359131e-01,1.361909061670303345e-01,1.752463728189468384e-01,1.077329814434051514e-01,-1.030987948179244995e-01,4.166680201888084412e-02,6.763942837715148926e-01,5.166152119636535645e-02,1.168070733547210693e-01,1.679107248783111572e-01,4.090472683310508728e-02,7.473710924386978149e-02,3.113087713718414307e-01,5.828595533967018127e-02,1.480867713689804077e-01,3.193204700946807861e-01,9.999992251396179199e-01,4.587714374065399170e-01,5.392726063728332520e-01,5.119650959968566895e-01,3.597982525825500488e-01,4.859496951103210449e-01,2.693671286106109619e-01,1.755122393369674683e-01,2.297135256230831146e-02,1.427384018898010254e-01,1.600992493331432343e-02,-3.467592224478721619e-02,-1.527899317443370819e-02,1.591987758874893188e-01,4.266399145126342773e-01,1.651254594326019287e-01,-3.634596616029739380e-02,9.786156564950942993e-02,2.724697999656200409e-02,2.376396507024765015e-01,1.170665919780731201e-01,1.845106184482574463e-01,2.268808931112289429e-01,2.149134129285812378e-01,-1.092780902981758118e-01,2.191081494092941284e-01,3.375315368175506592e-01,2.390932589769363403e-01,1.263456493616104126e-01,3.223017752170562744e-01,2.020728141069412231e-01,4.188920557498931885e-02
-2.279468923807144165e-01,2.058952231891453266e-04,-3.604877041652798653e-03,-6.997671723365783691e-02,-1.880008727312088013e-01,-1.195374131202697754e-01,2.004591077566146851e-01,-7.620835676789283752e-03,3.001989610493183136e-02,1.948534697294235229e-02,3.963442519307136536e-02,1.125542167574167252e-02,1.456248164176940918e-01,5.628669261932373047e-02,3.215350583195686340e-02,2.447278052568435669e-01,4.587714374065399170e-01,9.999998211860656738e-01,3.505811691284179688e-01,4.100044071674346924e-01,3.373843133449554443e-01,4.496150612831115723e-01,3.128878176212310791e-01,2.205532342195510864e-01,-8.383899182081222534e-02,-7.909813523292541504e-02,1.772873476147651672e-02,-1.179069876670837402e-01,-2.960046194493770599e-02,3.937615156173706055e-01,5.335673689842224121e-01,1.673624664545059204e-01,-6.386374682188034058e-02,5.515084415674209595e-02,1.923094540834426880e-01,2.597918808460235596e-01,2.927251346409320831e-02,1.701939702033996582e-01,2.843396961688995361e-01,2.762605845928192139e-01,-1.871819049119949341e-01,9.718757122755050659e-02,2.478530704975128174e-01,2.036472707986831665e-01,8.160571753978729248e-02,1.438779681921005249e-01,2.193144857883453369e-01,4.333986714482307434e-02
-1.084077358245849609e-01,1.154446750879287720e-01,-2.871688827872276306e-02,3.752335533499717712e-02,-5.907163396477699280e-02,2.872001379728317261e-02,3.745712339878082275e-01,7.419762760400772095e-02,6.355699896812438965e-02,1.800945587456226349e-02,-1.286948621273040771e-01,3.426071954891085625e-03,1.418695747852325439e-01,-9.867833927273750305e-03,-4.777446016669273376e-02,3.844359517097473145e-01,5.392726063728332520e-01,3.505811691284179688e-01,9.999998211860656738e-01,5.661890506744384766e-01,3.149139881134033203e-01,3.275463581085205078e-01,1.637322902679443359e-01,6.607186049222946167e-02,-8.963321149349212646e-02,1.031400784850120544e-01,4.812189564108848572e-02,-1.106511577963829041e-01,-2.769734710454940796e-02,3.338510990142822266e-01,4.351818263530731201e-01,1.059896051883697510e-01,4.888984188437461853e-02,1.417412608861923218e-01,8.319750428199768066e-02,1.499698758125305176e-01,2.028632909059524536e-02,6.837685406208038330e-02,3.201392889022827148e-01,2.192418724298477173e-01,-1.997319795191287994e-02,9.887748211622238159e-02,2.830790281295776367e-01,1.239774972200393677e-01,1.416684407740831375e-02,1.586004048585891724e-01,6.177036836743354797e-02,8.284923434257507324e-02
-2.593920826911926270e-01,2.549805045127868652e-01,1.323714014142751694e-02,-6.927233934402465820e-02,-1.836296468973159790e-01,1.526421159505844116e-01,4.612201750278472900e-01,-4.511922970414161682e-02,2.730126976966857910e-01,3.902474939823150635e-01,3.939738869667053223e-02,3.090381622314453125e-01,5.048463344573974609e-01,-1.430716365575790405e-01,2.941125333309173584e-01,3.867247104644775391e-01,5.119650959968566895e-01,4.100044071674346924e-01,5.661890506744384766e-01,9.999994039535522461e-01,7.240813970565795898e-01,4.858399033546447754e-01,4.662091434001922607e-01,4.499887228012084961e-01,-1.769093871116638184e-01,-2.874811645597219467e-03,-9.922502189874649048e-02,-1.280999779701232910e-01,-9.199498593807220459e-02,3.505220115184783936e-01,5.265308022499084473e-01,2.107739299535751343e-01,-1.389131695032119751e-01,1.468998342752456665e-01,2.340788692235946655e-01,4.939524531364440918e-01,1.605324633419513702e-02,3.784447908401489258e-01,4.167765974998474121e-01,5.380832552909851074e-01,-1.349097937345504761e-01,4.238078892230987549e-01,3.839658200740814209e-01,4.475778639316558838e-01,3.755757510662078857e-01,5.309877991676330566e-01,4.285640716552734375e-01,1.092229336500167847e-01
-2.397907227277755737e-01,2.385995686054229736e-01,1.110792607069015503e-01,-1.292398571968078613e-01,-1.847406625747680664e-01,1.596810966730117798e-01,3.988533914089202881e-01,-1.813865303993225098e-01,3.421424925327301025e-01,5.231323838233947754e-01,4.483149200677871704e-02,4.855950772762298584e-01,5.309068560600280762e-01,-2.473846822977066040e-01,3.703879117965698242e-01,1.974606961011886597e-01,3.597982525825500488e-01,3.373843133449554443e-01,3.149139881134033203e-01,7.240813970565795898e-01,1.000000357627868652e+00,4.532140195369720459e-01,5.532156825065612793e-01,5.217234492301940918e-01,-2.198006212711334229e-01,-9.479513019323348999e-02,-1.277942657470703125e-01,-5.785648897290229797e-02,-4.131135717034339905e-02,2.584765553474426270e-01,4.590304493904113770e-01,9.962509572505950928e-02,-1.921307444572448730e-01,2.446861118078231812e-01,2.262611687183380127e-01,5.316387414932250977e-01,-7.407041994156315923e-05,5.385505557060241699e-01,4.783688485622406006e-01,5.591046810150146484e-01,-1.565875411033630371e-01,5.134513974189758301e-01,3.179188966751098633e-01,4.699277877807617188e-01,4.393075108528137207e-01,5.891765356063842773e-01,4.869003891944885254e-01,3.077827580273151398e-02
-2.837110757827758789e-01,6.050475314259529114e-02,-3.121088817715644836e-02,-3.456471115350723267e-02,-2.385890632867813110e-01,-3.444754332304000854e-02,3.254112303256988525e-01,-1.526644825935363770e-01,1.015641391277313232e-01,1.392222046852111816e-01,-3.692925383802503347e-04,5.585122480988502502e-02,2.852907478809356689e-01,-2.715135179460048676e-02,1.799073368310928345e-01,2.196963429450988770e-01,4.859496951103210449e-01,4.496150612831115723e-01,3.275463581085205078e-01,4.858399033546447754e-01,4.532140195369720459e-01,9.999992251396179199e-01,5.257351994514465332e-01,4.283044636249542236e-01,-1.334661990404129028e-01,-3.577663004398345947e-02,-8.361689746379852295e-02,-1.689681410789489746e-01,-1.141901239752769470e-01,3.245511353015899658e-01,5.363507866859436035e-01,3.385590612888336182e-01,-2.033848315477371216e-01,1.099788546562194824e-01,2.268916517496109009e-01,4.363391995429992676e-01,-4.891965165734291077e-02,2.540399730205535889e-01,1.998877376317977905e-01,5.059359073638916016e-01,-2.379607111215591431e-01,2.384111136198043823e-01,3.481961488723754883e-01,3.238106071949005127e-01,2.664312422275543213e-01,3.655833601951599121e-01,4.668362736701965332e-01,3.112139999866485596e-01
-2.326287031173706055e-01,4.165736585855484009e-02,6.832155585289001465e-02,-4.624665528535842896e-02,-1.460676193237304688e-01,1.895076967775821686e-02,1.753924190998077393e-01,-6.054579466581344604e-02,2.930305600166320801e-01,1.793777942657470703e-01,1.740728765726089478e-01,1.467376798391342163e-01,3.154286444187164307e-01,-8.798884600400924683e-02,1.800344139337539673e-01,3.453717529773712158e-01,2.693671286106109619e-01,3.128878176212310791e-01,1.637322902679443359e-01,4.662091434001922607e-01,5.532156825065612793e-01,5.257351994514465332e-01,1.000000357627868652e+00,4.915748238563537598e-01,-7.100286334753036499e-02,-2.497108578681945801e-01,-2.536394819617271423e-02,-5.733852460980415344e-02,-3.324390947818756104e-02,1.883547157049179077e-01,3.594138920307159424e-01,2.688607275485992432e-01,-9.517136216163635254e-02,2.069848775863647461e-02,2.207242846488952637e-01,4.903211593627929688e-01,-9.643121808767318726e-02,2.500049471855163574e-01,2.519862055778503418e-01,7.313151955604553223e-01,-2.153724282979965210e-01,1.857067495584487915e-01,4.356642961502075195e-01,3.252446353435516357e-01,2.399827390909194946e-01,3.236695230007171631e-01,4.824083149433135986e-01,4.322165548801422119e-01
-3.408069908618927002e-01,1.818972229957580566e-01,-1.364920884370803833e-01,-2.975868582725524902e-01,-3.218293488025665283e-01,8.171363174915313721e-02,1.868585646152496338e-01,-2.443895041942596436e-01,3.234809339046478271e-01,4.942917823791503906e-01,8.255266398191452026e-02,4.473353624343872070e-01,5.690460801124572754e-01,-1.804619729518890381e-01,3.624770939350128174e-01,2.288970798254013062e-01,1.755122393369674683e-01,2.205532342195510864e-01,6.607186049222946167e-02,4.499887228012084961e-01,5.217234492301940918e-01,4.283044636249542236e-01,4.915748238563537598e-01,9.999996423721313477e-01,-2.355126440525054932e-01,-1.335000097751617432e-01,-1.134931147098541260e-01,-2.143237888813018799e-01,-1.382589489221572876e-01,2.323196679353713989e-01,4.241671264171600342e-01,4.155742824077606201e-01,-3.042786419391632080e-01,2.310665547847747803e-01,3.122718930244445801e-01,6.555058956146240234e-01,-1.435750164091587067e-02,4.306271672248840332e-01,3.223856687545776367e-01,6.217195391654968262e-01,-2.688146531581878662e-01,5.461202263832092285e-01,3.170580267906188965e-01,4.055961370468139648e-01,5.459758639335632324e-01,6.006643176078796387e-01,8.225154280662536621e-01,2.239651679992675781e-01
5.125859379768371582e-01,2.621480822563171387e-01,2.530477941036224365e-01,3.903038501739501953e-01,4.052906334400177002e-01,2.937417328357696533e-01,1.436929870396852493e-02,5.472545623779296875e-01,1.619764715433120728e-01,-7.533151656389236450e-02,4.374460577964782715e-01,1.007526833564043045e-02,-5.245851725339889526e-02,3.453437983989715576e-01,1.494657844305038452e-01,1.760318577289581299e-01,2.297135256230831146e-02,-8.383899182081222534e-02,-8.963321149349212646e-02,-1.769093871116638184e-01,-2.198006212711334229e-01,-1.334661990404129028e-01,-7.100286334753036499e-02,-2.355126440525054932e-01,1.000000119209289551e+00,1.528057456016540527e-01,4.566085040569305420e-01,4.687480628490447998e-01,3.725076019763946533e-01,-2.067622691392898560e-01,-1.352966278791427612e-01,-3.392078354954719543e-02,5.585621595382690430e-01,2.024902217090129852e-02,-3.981951773166656494e-01,-2.145877778530120850e-01,2.063857764005661011e-01,-1.448124945163726807e-01,-1.736896336078643799e-01,-2.494821697473526001e-01,3.971809744834899902e-01,-3.780980780720710754e-02,-9.985628724098205566e-02,6.835626065731048584e-02,-1.002835631370544434e-01,-1.619281768798828125e-01,-1.763181090354919434e-01,-5.821548774838447571e-02
2.524343729019165039e-01,1.917855292558670044e-01,1.987369656562805176e-01,2.904818654060363770e-01,1.950693279504776001e-01,2.175855785608291626e-01,2.636257708072662354e-01,4.850065708160400391e-02,-3.462091088294982910e-02,4.863042756915092468e-02,-5.435417219996452332e-02,2.550320699810981750e-02,1.123270858079195023e-02,-5.398319289088249207e-02,6.936109811067581177e-02,-5.652808025479316711e-02,1.427384018898010254e-01,-7.909813523292541504e-02,1.031400784850120544e-01,-2.874811645597219467e-03,-9.479513019323348999e-02,-3.577663004398345947e-02,-2.497108578681945801e-01,-1.335000097751617432e-01,1.528057456016540527e-01,1.000000357627868652e+00,1.505972146987915039e-01,1.985222101211547852e-01,2.591289281845092773e-01,-8.542125672101974487e-02,1.407246477901935577e-02,-5.044667050242424011e-02,1.412439793348312378e-01,4.713047668337821960e-02,-1.764507740736007690e-01,-9.882956743240356445e-02,4.332290589809417725e-02,-5.571054667234420776e-02,-7.707542926073074341e-02,-2.017358243465423584e-01,2.235215902328491211e-01,1.165666878223419189e-01,-1.903437376022338867e-01,-2.578467503190040588e-02,3.532475605607032776e-02,1.635130867362022400e-02,-1.753866225481033325e-01,-8.633295446634292603e-02
6.734434962272644043e-01,4.434531033039093018e-01,4.136910736560821533e-01,5.529103279113769531e-01,6.703348159790039062e-01,4.694772958755493164e-01,2.078500203788280487e-02,5.195216536521911621e-01,3.782347440719604492e-01,-1.696171462535858154e-01,3.779985308647155762e-01,3.787911310791969299e-02,-1.199155077338218689e-01,2.685751318931579590e-01,-2.762972377240657806e-02,1.132870838046073914e-01,1.600992493331432343e-02,1.772873476147651672e-02,4.812189564108848572e-02,-9.922502189874649048e-02,-1.277942657470703125e-01,-8.361689746379852295e-02,-2.536394819617271423e-02,-1.134931147098541260e-01,4.566085040569305420e-01,1.505972146987915039e-01,1.000000119209289551e+00,6.306453347206115723e-01,6.463016271591186523e-01,3.882757574319839478e-02,2.115036696195602417e-01,1.434801220893859863e-01,7.610166668891906738e-01,8.731140941381454468e-02,-5.137565135955810547e-01,8.843317627906799316e-03,3.147465884685516357e-01,-2.107638418674468994e-01,1.239864528179168701e-01,-1.093584895133972168e-01,6.625195145606994629e-01,-8.552080392837524414e-02,-1.463701128959655762e-01,2.097332775592803955e-01,-2.630540728569030762e-01,-3.120234310626983643e-01,-8.395222574472427368e-02,4.842559993267059326e-02
7.758528590202331543e-01,4.518633186817169189e-01,7.478207945823669434e-01,6.899687647819519043e-01,7.344571352005004883e-01,4.726676940917968750e-01,5.844848975539207458e-02,2.958898842334747314e-01,2.127735167741775513e-01,-1.333865523338317871e-01,2.251802682876586914e-01,-2.224037237465381622e-02,-1.627929508686065674e-01,6.178893148899078369e-02,-2.771395072340965271e-02,-6.617923825979232788e-02,-3.467592224478721619e-02,-1.179069876670837402e-01,-1.106511577963829041e-01,-1.280999779701232910e-01,-5.785648897290229797e-02,-1.689681410789489746e-01,-5.733852460980415344e-02,-2.143237888813018799e-01,4.687480628490447998e-01,1.985222101211547852e-01,6.306453347206115723e-01,1.000000000000000000e+00,7.920966744422912598e-01,-1.408872902393341064e-01,1.451664697378873825e-02,-1.537880860269069672e-03,6.530523300170898438e-01,1.130616292357444763e-02,-6.318613290786743164e-01,-9.121402353048324585e-02,9.433809667825698853e-02,-1.772658824920654297e-01,9.313549846410751343e-03,-2.265596538782119751e-01,6.576730012893676758e-01,-6.756803393363952637e-02,-2.616440057754516602e-01,1.257660388946533203e-01,-2.229498773813247681e-01,-2.611412405967712402e-01,-2.201236784458160400e-01,-1.548518538475036621e-01
7.081199884414672852e-01,4.675903916358947754e-01,5.812746882438659668e-01,6.104263067245483398e-01,6.948301196098327637e-01,3.938210308551788330e-01,-4.870377015322446823e-03,2.887458801269531250e-01,2.482772767543792725e-01,-1.101383045315742493e-01,1.891472190618515015e-01,-5.335191264748573303e-03,-1.519167423248291016e-01,2.269903011620044708e-02,-4.243003576993942261e-02,-5.840502306818962097e-02,-1.527899317443370819e-02,-2.960046194493770599e-02,-2.769734710454940796e-02,-9.199498593807220459e-02,-4.131135717034339905e-02,-1.141901239752769470e-01,-3.324390947818756104e-02,-1.382589489221572876e-01,3.725076019763946533e-01,2.591289281845092773e-01,6.463016271591186523e-01,7.920966744422912598e-01,9.999997019767761230e-01,1.008145883679389954e-01,1.177435070276260376e-01,-3.591793123632669449e-03,6.578797101974487305e-01,6.162256747484207153e-02,-4.829183220863342285e-01,3.472747048363089561e-03,8.445446938276290894e-02,-1.334517896175384521e-01,4.310551658272743225e-02,-1.480363160371780396e-01,6.335339546203613281e-01,-2.689112536609172821e-02,-1.675964891910552979e-01,1.738062053918838501e-01,-1.471740007400512695e-01,-2.643251121044158936e-01,-1.320880949497222900e-01,-7.928899675607681274e-02
-2.470352053642272949e-01,6.070703640580177307e-02,-1.737431138753890991e-01,-1.384279876947402954e-01,-1.893964856863021851e-01,-1.877020001411437988e-01,5.412126705050468445e-02,-9.268919378519058228e-02,7.972718775272369385e-02,5.334903299808502197e-02,-1.009059548377990723e-01,5.887869372963905334e-02,6.613214313983917236e-02,-1.197890862822532654e-01,4.308964591473340988e-03,1.906532496213912964e-01,1.591987758874893188e-01,3.937615156173706055e-01,3.338510990142822266e-01,3.505220115184783936e-01,2.584765553474426270e-01,3.245511353015899658e-01,1.883547157049179077e-01,2.323196679353713989e-01,-2.067622691392898560e-01,-8.542125672101974487e-02,3.882757574319839478e-02,-1.408872902393341064e-01,1.008145883679389954e-01,1.000000119209289551e+00,6.020895838737487793e-01,2.259930223226547241e-01,-5.190441384911537170e-02,1.697569042444229126e-01,2.582426071166992188e-01,3.651353418827056885e-01,-4.199876636266708374e-02,1.856016516685485840e-01,3.363993465900421143e-01,3.209918439388275146e-01,-1.370098739862442017e-01,1.425752490758895874e-01,2.299634069204330444e-01,2.592431306838989258e-01,1.762333065271377563e-01,1.231940314173698425e-01,2.990501224994659424e-01,5.538942292332649231e-02
-1.452353298664093018e-01,1.621613651514053345e-01,8.034765720367431641e-02,2.617421932518482208e-02,-6.006321310997009277e-02,5.565311387181282043e-02,3.272046446800231934e-01,-4.730812832713127136e-02,2.566907107830047607e-01,1.591640412807464600e-01,1.917300745844841003e-02,1.871997117996215820e-01,3.184754252433776855e-01,-7.795331627130508423e-02,1.000117063522338867e-01,2.697881162166595459e-01,4.266399145126342773e-01,5.335673689842224121e-01,4.351818263530731201e-01,5.265308022499084473e-01,4.590304493904113770e-01,5.363507866859436035e-01,3.594138920307159424e-01,4.241671264171600342e-01,-1.352966278791427612e-01,1.407246477901935577e-02,2.115036696195602417e-01,1.451664697378873825e-02,1.177435070276260376e-01,6.020895838737487793e-01,1.000000357627868652e+00,4.421939253807067871e-01,-4.234122461639344692e-04,2.158433347940444946e-01,8.185680955648422241e-02,5.613429546356201172e-01,-4.574084654450416565e-03,2.034401595592498779e-01,4.314604699611663818e-01,4.586181640625000000e-01,-4.584331810474395752e-02,2.562618255615234375e-01,2.603467404842376709e-01,3.496094644069671631e-01,1.995673328638076782e-01,2.825219929218292236e-01,4.265899658203125000e-01,7.371712476015090942e-02
-3.029673732817173004e-02,-2.005052811000496149e-04,5.906504578888416290e-03,1.926547847688198090e-02,7.964284159243106842e-03,1.048712432384490967e-01,1.527027934789657593e-01,-7.418841123580932617e-02,5.571950227022171021e-02,-7.079873234033584595e-02,-2.296483889222145081e-02,-6.051711738109588623e-02,1.237043365836143494e-01,-6.401457823812961578e-03,-1.284142881631851196e-01,1.527134627103805542e-01,1.651254594326019287e-01,1.673624664545059204e-01,1.059896051883697510e-01,2.107739299535751343e-01,9.962509572505950928e-02,3.385590612888336182e-01,2.688607275485992432e-01,4.155742824077606201e-01,-3.392078354954719543e-02,-5.044667050242424011e-02,1.434801220893859863e-01,-1.537880860269069672e-03,-3.591793123632669449e-03,2.259930223226547241e-01,4.421939253807067871e-01,9.999997019767761230e-01,-7.316779345273971558e-02,-3.224478289484977722e-02,6.236811168491840363e-03,3.122538626194000244e-01,-3.586083278059959412e-02,-1.487346589565277100e-01,1.498544216156005859e-01,3.683101832866668701e-01,1.498849876224994659e-02,2.889197506010532379e-02,7.393715530633926392e-02,1.124536469578742981e-01,-3.415656834840774536e-02,5.162775889039039612e-02,4.152348041534423828e-01,3.433729112148284912e-01
