1.000000000000000000e+00,2.437881082296371460e-01,4.959693849086761475e-01,4.442059993743896484e-01,5.602678060531616211e-01,3.606534898281097412e-01,2.202877700328826904e-01,1.618070453405380249e-01,1.813437491655349731e-01,1.572967469692230225e-01,2.286229878664016724e-01,-2.884864620864391327e-02,-8.953405171632766724e-02,5.899975821375846863e-02,-3.166649118065834045e-02,-5.770416185259819031e-02,9.385279566049575806e-02,-2.082334905862808228e-01,8.578918129205703735e-02,-1.042409017682075500e-01,-1.443858146667480469e-01,-1.678481847047805786e-01,-1.802726387977600098e-01,-1.324833929538726807e-01,3.232861161231994629e-01,4.011930525302886963e-01,3.462058007717132568e-01,6.981979608535766602e-01,4.389432072639465332e-01,3.017281927168369293e-02,-1.333556622266769409e-01,-2.137798368930816650e-01,8.737003058195114136e-02,5.388387292623519897e-02,1.008922816254198551e-03,-9.213846176862716675e-02,2.375733107328414917e-02,-1.213143672794103622e-02,3.605059906840324402e-02,-6.142650544643402100e-02,3.956569433212280273e-01,2.201074063777923584e-01,1.892871409654617310e-01,3.082342445850372314e-01,6.370770931243896484e-02,9.343346953392028809e-02,-1.540576666593551636e-01,-1.384299248456954956e-01
2.437881082296371460e-01,1.000000119209289551e+00,3.787910640239715576e-01,4.973258376121520996e-01,4.762224256992340088e-01,6.782498955726623535e-01,4.106104075908660889e-01,2.542610764503479004e-01,3.637515008449554443e-01,5.042085051536560059e-01,5.929064750671386719e-01,4.834945201873779297e-01,8.573686331510543823e-02,3.070262968540191650e-01,3.261424303054809570e-01,1.910073799081146717e-03,3.169462084770202637e-01,4.509496316313743591e-02,2.901644408702850342e-01,8.931994438171386719e-02,3.088526614010334015e-02,-1.601822376251220703e-01,-1.060208678245544434e-01,1.526256501674652100e-01,2.178053259849548340e-01,2.875061035156250000e-01,3.853014707565307617e-01,5.280421972274780273e-01,6.803046464920043945e-01,3.653049468994140625e-01,2.249761968851089478e-01,-7.176809012889862061e-02,3.791096508502960205e-01,2.789576947689056396e-01,4.948409199714660645e-01,6.569705903530120850e-02,1.477940827608108521e-01,3.428185582160949707e-01,3.180707246065139771e-02,-1.056039109826087952e-01,7.119545936584472656e-01,6.897581219673156738e-01,3.914649486541748047e-01,6.081374287605285645e-01,6.169810891151428223e-01,5.321307778358459473e-01,1.816457957029342651e-01,-1.796099394559860229e-01
4.959693849086761475e-01,3.787910640239715576e-01,1.000000238418579102e+00,8.020299077033996582e-01,5.334321260452270508e-01,5.033932924270629883e-01,6.710034012794494629e-01,6.959060579538345337e-02,8.077281713485717773e-02,2.105391323566436768e-01,1.338669210672378540e-01,-4.935235530138015747e-02,2.705404348671436310e-02,3.778885677456855774e-02,-9.130597114562988281e-02,-1.659623086452484131e-01,5.077709555625915527e-01,-1.716667413711547852e-01,5.031360983848571777e-01,1.026949584484100342e-01,-1.107152923941612244e-01,-4.289763867855072021e-01,-2.420323640108108521e-01,-3.102147020399570465e-02,4.348044283688068390e-03,7.961022853851318359e-01,1.222863346338272095e-01,6.599049568176269531e-01,4.931871294975280762e-01,3.930906355381011963e-01,-1.100954320281744003e-02,-4.336790442466735840e-01,-9.700214862823486328e-02,-8.118916302919387817e-02,1.708639711141586304e-01,7.252950966358184814e-02,-7.496019452810287476e-02,-2.989455533679574728e-04,1.603829264640808105e-01,2.219445258378982544e-02,4.483517110347747803e-01,4.275355041027069092e-01,5.091080069541931152e-01,3.290989398956298828e-01,2.798685729503631592e-01,3.194999396800994873e-01,-1.593448072671890259e-01,-3.577074706554412842e-01
4.442059993743896484e-01,4.973258376121520996e-01,8.020299077033996582e-01,9.999998211860656738e-01,5.304191112518310547e-01,6.983818411827087402e-01,7.414337992668151855e-01,8.747743815183639526e-02,1.691980063915252686e-01,3.444762229919433594e-01,2.580233514308929443e-01,9.555137157440185547e-02,1.107005402445793152e-02,9.295555949211120605e-02,3.108738735318183899e-02,-1.194663643836975098e-01,5.592291355133056641e-01,-1.278348118066787720e-01,5.087332725524902344e-01,9.352210909128189087e-02,-1.282524764537811279e-01,-4.555643200874328613e-01,-2.716926634311676025e-01,-1.687843352556228638e-02,2.938617207109928131e-02,7.120513916015625000e-01,1.882830411195755005e-01,7.037019729614257812e-01,6.486656069755554199e-01,4.128412902355194092e-01,4.087332636117935181e-02,-4.053404331207275391e-01,-8.579988032579421997e-02,2.589486911892890930e-02,2.956335544586181641e-01,6.563943624496459961e-02,-6.154018640518188477e-02,1.206477358937263489e-01,2.177277952432632446e-01,-1.314214779995381832e-03,6.016026139259338379e-01,5.939912199974060059e-01,5.702832937240600586e-01,4.359591901302337646e-01,4.334239959716796875e-01,4.236824512481689453e-01,-1.214500814676284790e-01,-4.032496213912963867e-01
5.602678060531616211e-01,4.762224256992340088e-01,5.334321260452270508e-01,5.304191112518310547e-01,1.000000000000000000e+00,4.840328395366668701e-01,4.369250237941741943e-01,2.795310318470001221e-01,1.850668191909790039e-01,2.273714244365692139e-01,3.101143240928649902e-01,1.403216421604156494e-01,-6.931025534868240356e-02,3.203751444816589355e-01,9.262359142303466797e-02,-1.293180882930755615e-01,3.686324656009674072e-01,5.025646183639764786e-03,2.838437855243682861e-01,9.881392121315002441e-02,2.745558135211467743e-02,-1.187725588679313660e-01,-1.999370157718658447e-01,-2.757848240435123444e-02,1.275011003017425537e-01,4.911609888076782227e-01,2.759104073047637939e-01,5.592651963233947754e-01,4.235467612743377686e-01,1.951421350240707397e-01,4.532383009791374207e-02,-2.083972543478012085e-01,9.061130136251449585e-02,1.382107734680175781e-01,2.191042751073837280e-01,1.748316688463091850e-03,-4.202397540211677551e-03,1.148811429738998413e-01,1.057540103793144226e-01,-2.895276807248592377e-02,6.003921031951904297e-01,3.918519616127014160e-01,3.285500109195709229e-01,3.921941518783569336e-01,2.446657270193099976e-01,2.255085408687591553e-01,-1.742745749652385712e-02,-1.893401294946670532e-01
3.606534898281097412e-01,6.782498955726623535e-01,5.033932924270629883e-01,6.983818411827087402e-01,4.840328395366668701e-01,1.000000119209289551e+00,6.112552881240844727e-01,8.108268678188323975e-02,3.053116798400878906e-01,4.850093126296997070e-01,5.085242986679077148e-01,3.416766226291656494e-01,1.165800318121910095e-01,2.077758759260177612e-01,2.560814023017883301e-01,1.839096657931804657e-02,4.904624819755554199e-01,2.163866907358169556e-02,4.769128561019897461e-01,1.752776801586151123e-01,3.114720806479454041e-02,-2.823403775691986084e-01,-1.523443311452865601e-01,9.129638224840164185e-02,1.726543903350830078e-01,4.724269211292266846e-01,3.810374736785888672e-01,6.460256576538085938e-01,7.508162260055541992e-01,4.072439372539520264e-01,1.788229346275329590e-01,-2.175773978233337402e-01,1.105687469244003296e-01,2.079252302646636963e-01,4.404037296772003174e-01,9.144504368305206299e-02,1.090683415532112122e-01,2.926423847675323486e-01,1.804048717021942139e-01,-1.422041282057762146e-02,7.276956439018249512e-01,7.148571610450744629e-01,5.725134611129760742e-01,6.490138769149780273e-01,5.734023451805114746e-01,5.761075615882873535e-01,5.612295866012573242e-02,-2.792189121246337891e-01
2.202877700328826904e-01,4.106104075908660889e-01,6.710034012794494629e-01,7.414337992668151855e-01,4.369250237941741943e-01,6.112552881240844727e-01,1.000000238418579102e+00,5.283757299184799194e-02,1.056772544980049133e-01,2.919408082962036133e-01,2.366305291652679443e-01,6.230394169688224792e-02,1.110252663493156433e-01,1.451215296983718872e-01,-1.957382075488567352e-02,-1.381954550743103027e-01,7.944759130477905273e-01,1.283895373344421387e-01,7.169118523597717285e-01,3.825575411319732666e-01,7.420261949300765991e-02,-3.433743715286254883e-01,-2.150090485811233521e-01,1.748948357999324799e-02,-4.617923125624656677e-02,7.239688038825988770e-01,1.487049758434295654e-01,4.505167305469512939e-01,5.116667747497558594e-01,6.041942834854125977e-01,2.047215849161148071e-01,-3.551466166973114014e-01,-1.036488041281700134e-01,-1.182560459710657597e-03,2.858996689319610596e-01,1.196990162134170532e-01,-9.062401205301284790e-02,1.013368666172027588e-01,2.312768250703811646e-01,3.381278738379478455e-02,4.816726744174957275e-01,5.462378263473510742e-01,6.441760063171386719e-01,3.972499966621398926e-01,4.413281083106994629e-01,4.711124002933502197e-01,-9.118790179491043091e-02,-3.709087073802947998e-01
1.618070453405380249e-01,2.542610764503479004e-01,6.959060579538345337e-02,8.747743815183639526e-02,2.795310318470001221e-01,8.108268678188323975e-02,5.283757299184799194e-02,1.000000119209289551e+00,2.737430632114410400e-01,1.492897272109985352e-01,2.721241116523742676e-01,2.565587759017944336e-01,-3.867127373814582825e-02,4.678325355052947998e-01,1.337182074785232544e-01,-2.344135008752346039e-02,-4.483151435852050781e-02,2.731753513216972351e-02,-7.602453976869583130e-02,-8.230630308389663696e-02,-1.985264569520950317e-01,-8.741080015897750854e-02,-2.754396796226501465e-01,-3.919887170195579529e-02,1.576799303293228149e-01,7.249999046325683594e-02,1.494124084711074829e-01,1.983739733695983887e-01,1.741517484188079834e-01,2.104105055332183838e-01,5.189442262053489685e-02,1.190290972590446472e-01,2.069328278303146362e-01,3.267697989940643311e-01,5.912489444017410278e-02,-1.215813308954238892e-01,-2.668592333793640137e-01,-7.185294479131698608e-02,-2.014110088348388672e-01,-1.939716786146163940e-01,2.828768789768218994e-01,1.933380514383316040e-01,1.087863594293594360e-01,1.907666325569152832e-01,9.065481275320053101e-02,5.684382840991020203e-02,-9.462211281061172485e-03,-3.401902019977569580e-01
1.813437491655349731e-01,3.637515008449554443e-01,8.077281713485717773e-02,1.691980063915252686e-01,1.850668191909790039e-01,3.053116798400878906e-01,1.056772544980049133e-01,2.737430632114410400e-01,9.999999403953552246e-01,2.894388139247894287e-01,5.501899123191833496e-01,3.902743160724639893e-01,6.847043335437774658e-02,1.523633152246475220e-01,2.924067378044128418e-01,1.583741605281829834e-01,5.725314840674400330e-02,2.282805368304252625e-02,1.160365641117095947e-01,-1.052860449999570847e-02,-4.931231960654258728e-02,-4.365796595811843872e-02,-6.768048554658889771e-02,3.789289668202400208e-02,2.304164618253707886e-01,5.063366517424583435e-02,2.940431833267211914e-01,2.569011747837066650e-01,3.779519200325012207e-01,2.066131383180618286e-01,1.334787309169769287e-01,1.044265404343605042e-01,1.631724983453750610e-01,2.659857273101806641e-01,2.719103395938873291e-01,-8.670461177825927734e-02,-1.973476819694042206e-02,2.715924680233001709e-01,-7.097324728965759277e-02,-1.456225067377090454e-01,3.506676554679870605e-01,3.644855320453643799e-01,2.118985354900360107e-01,3.735336363315582275e-01,2.852467298507690430e-01,3.049491643905639648e-01,1.414487808942794800e-01,-9.383171796798706055e-02
1.572967469692230225e-01,5.042085051536560059e-01,2.105391323566436768e-01,3.444762229919433594e-01,2.273714244365692139e-01,4.850093126296997070e-01,2.919408082962036133e-01,1.492897272109985352e-01,2.894388139247894287e-01,1.000000238418579102e+00,5.155677795410156250e-01,5.937511920928955078e-01,3.212786614894866943e-01,1.974109858274459839e-01,4.812584519386291504e-01,3.202325403690338135e-01,1.885635107755661011e-01,-3.610521182417869568e-02,2.803208231925964355e-01,1.166650354862213135e-01,2.221935056149959564e-02,-1.690114289522171021e-01,3.817815333604812622e-03,1.444750279188156128e-01,1.594257652759552002e-01,1.973268985748291016e-01,2.484895437955856323e-01,3.595562577247619629e-01,5.268684625625610352e-01,3.251536190509796143e-01,1.382692158222198486e-01,1.671025156974792480e-02,6.631875038146972656e-02,2.875235676765441895e-01,5.222909450531005859e-01,1.772462874650955200e-01,1.156949847936630249e-01,5.064048171043395996e-01,1.828611195087432861e-01,3.711763769388198853e-02,4.039855897426605225e-01,6.161791086196899414e-01,4.180908799171447754e-01,5.577775835990905762e-01,6.209939718246459961e-01,6.131662130355834961e-01,1.261582970619201660e-01,-1.582304239273071289e-01
2.286229878664016724e-01,5.929064750671386719e-01,1.338669210672378540e-01,2.580233514308929443e-01,3.101143240928649902e-01,5.085242986679077148e-01,2.366305291652679443e-01,2.721241116523742676e-01,5.501899123191833496e-01,5.155677795410156250e-01,1.000000238418579102e+00,5.815880894660949707e-01,1.806182265281677246e-01,4.444408714771270752e-01,4.192586541175842285e-01,1.280308961868286133e-01,1.436749696731567383e-01,6.863215565681457520e-02,1.437707543373107910e-01,3.160429745912551880e-02,1.049769110977649689e-02,-2.941848523914813995e-02,-7.699774205684661865e-02,2.785823307931423187e-02,3.079501986503601074e-01,1.357889920473098755e-01,4.871121942996978760e-01,3.847536146640777588e-01,5.539587736129760742e-01,3.221672773361206055e-01,1.583896428346633911e-01,3.877446800470352173e-02,3.234198391437530518e-01,3.514120280742645264e-01,3.905605077743530273e-01,-9.702723473310470581e-02,1.361157149076461792e-01,3.030870258808135986e-01,-7.276815176010131836e-02,-2.224227041006088257e-01,5.222426056861877441e-01,5.377960205078125000e-01,3.071976006031036377e-01,6.331377625465393066e-01,4.908787012100219727e-01,4.937260448932647705e-01,1.138363480567932129e-01,-8.927123248577117920e-02
-2.884864620864391327e-02,4.834945201873779297e-01,-4.935235530138015747e-02,9.555137157440185547e-02,1.403216421604156494e-01,3.416766226291656494e-01,6.230394169688224792e-02,2.565587759017944336e-01,3.902743160724639893e-01,5.937511920928955078e-01,5.815880894660949707e-01,9.999997615814208984e-01,3.730036914348602295e-01,4.382807612419128418e-01,7.305145263671875000e-01,4.123319983482360840e-01,-3.233534982427954674e-03,1.000209599733352661e-01,6.803900003433227539e-02,7.091593742370605469e-02,1.187639683485031128e-01,9.284975379705429077e-02,1.047155782580375671e-01,1.544248014688491821e-01,2.869586646556854248e-01,-3.648500144481658936e-02,3.281304240226745605e-01,1.593670845031738281e-01,3.802367746829986572e-01,1.826648861169815063e-01,1.915552765130996704e-01,2.397923320531845093e-01,2.603948414325714111e-01,2.669640183448791504e-01,6.145306229591369629e-01,5.080710723996162415e-02,1.563054472208023071e-01,5.435298681259155273e-01,9.077192842960357666e-02,-4.065221175551414490e-02,3.217308521270751953e-01,5.408251285552978516e-01,2.445771992206573486e-01,4.582884013652801514e-01,5.734210014343261719e-01,5.202825069427490234e-01,2.838729321956634521e-01,6.547558121383190155e-03
-8.953405171632766724e-02,8.573686331510543823e-02,2.705404348671436310e-02,1.107005402445793152e-02,-6.931025534868240356e-02,1.165800318121910095e-01,1.110252663493156433e-01,-3.867127373814582825e-02,6.847043335437774658e-02,3.212786614894866943e-01,1.806182265281677246e-01,3.730036914348602295e-01,9.999999403953552246e-01,1.590781509876251221e-01,4.231347143650054932e-01,5.805147886276245117e-01,1.462874114513397217e-01,2.030452340841293335e-01,3.188461363315582275e-01,4.260744154453277588e-01,4.323734343051910400e-01,2.580208182334899902e-01,5.433416962623596191e-01,3.865894079208374023e-01,1.913294643163681030e-01,9.916056692600250244e-02,5.531565099954605103e-02,-1.531707961112260818e-02,1.127303615212440491e-01,3.575498163700103760e-01,3.352714478969573975e-01,3.522541522979736328e-01,7.642526924610137939e-02,8.617232739925384521e-02,3.325430154800415039e-01,5.013774037361145020e-01,2.484419643878936768e-01,3.857009708881378174e-01,3.960259258747100830e-01,4.753179252147674561e-01,-7.855875417590141296e-03,1.505527794361114502e-01,3.303319811820983887e-01,2.010326236486434937e-01,2.576010525226593018e-01,3.985979259014129639e-01,3.526969254016876221e-01,2.729801237583160400e-01
5.899975821375846863e-02,3.070262968540191650e-01,3.778885677456855774e-02,9.295555949211120605e-02,3.203751444816589355e-01,2.077758759260177612e-01,1.451215296983718872e-01,4.678325355052947998e-01,1.523633152246475220e-01,1.974109858274459839e-01,4.444408714771270752e-01,4.382807612419128418e-01,1.590781509876251221e-01,1.000000238418579102e+00,4.257207512855529785e-01,1.462842375040054321e-01,5.171882361173629761e-02,8.532515168190002441e-02,5.081929638981819153e-02,3.692543879151344299e-02,-2.043536305427551270e-02,1.983311213552951813e-02,-6.594713777303695679e-02,-2.731353789567947388e-02,1.951540559530258179e-01,9.006815403699874878e-02,2.725846767425537109e-01,1.315812468528747559e-01,1.945790499448776245e-01,1.928685605525970459e-01,5.345221608877182007e-02,7.405894994735717773e-02,2.146098762750625610e-01,2.528685033321380615e-01,2.587601840496063232e-01,-1.531353453174233437e-03,1.275961697101593018e-01,2.034938484430313110e-01,5.937315896153450012e-02,-2.153930068016052246e-02,3.191141784191131592e-01,2.931395173072814941e-01,1.198664456605911255e-01,3.604694306850433350e-01,2.118615657091140747e-01,1.817821115255355835e-01,1.516925636678934097e-02,-1.193251088261604309e-01
-3.166649118065834045e-02,3.261424303054809570e-01,-9.130597114562988281e-02,3.108738735318183899e-02,9.262359142303466797e-02,2.560814023017883301e-01,-1.957382075488567352e-02,1.337182074785232544e-01,2.924067378044128418e-01,4.812584519386291504e-01,4.192586541175842285e-01,7.305145263671875000e-01,4.231347143650054932e-01,4.257207512855529785e-01,9.999997019767761230e-01,5.813987255096435547e-01,-9.337741881608963013e-02,2.025117538869380951e-02,4.131733253598213196e-02,2.480973862111568451e-02,8.820030838251113892e-02,1.229735761880874634e-01,2.147650867700576782e-01,1.492435932159423828e-01,2.509224414825439453e-01,-8.695887029170989990e-02,2.589187622070312500e-01,1.217320188879966736e-01,2.595624327659606934e-01,2.470433339476585388e-02,1.054507344961166382e-01,2.546318769454956055e-01,1.439865231513977051e-01,2.394617795944213867e-01,5.456249713897705078e-01,1.615987718105316162e-01,3.483359217643737793e-01,7.113869786262512207e-01,2.658286690711975098e-01,1.675178259611129761e-01,1.940661668777465820e-01,3.754749298095703125e-01,1.525582522153854370e-01,3.884191513061523438e-01,3.659508228302001953e-01,4.002795219421386719e-01,2.470860034227371216e-01,1.159975454211235046e-01
-5.770416185259819031e-02,1.910073799081146717e-03,-1.659623086452484131e-01,-1.194663643836975098e-01,-1.293180882930755615e-01,1.839096657931804657e-02,-1.381954550743103027e-01,-2.344135008752346039e-02,1.583741605281829834e-01,3.202325403690338135e-01,1.280308961868286133e-01,4.123319983482360840e-01,5.805147886276245117e-01,1.462842375040054321e-01,5.813987255096435547e-01,9.999997019767761230e-01,-1.234919652342796326e-01,7.197414338588714600e-02,3.759551420807838440e-02,1.452501714229583740e-01,2.054455429315567017e-01,2.293757796287536621e-01,4.721769988536834717e-01,3.215884268283843994e-01,1.561130434274673462e-01,-1.194459423422813416e-01,9.714433923363685608e-03,-3.010862693190574646e-02,5.303215235471725464e-02,9.689045138657093048e-03,1.666674762964248657e-01,3.855339288711547852e-01,-6.155016273260116577e-02,1.974493712186813354e-01,3.639350533485412598e-01,4.062304794788360596e-01,3.176600337028503418e-01,5.269143581390380859e-01,5.085427761077880859e-01,4.743500053882598877e-01,-5.017876625061035156e-02,9.726421535015106201e-02,9.350616484880447388e-02,1.020421236753463745e-01,2.166496962308883667e-01,3.325847983360290527e-01,3.139727413654327393e-01,2.641786634922027588e-01
9.385279566049575806e-02,3.169462084770202637e-01,5.077709555625915527e-01,5.592291355133056641e-01,3.686324656009674072e-01,4.904624819755554199e-01,7.944759130477905273e-01,-4.483151435852050781e-02,5.725314840674400330e-02,1.885635107755661011e-01,1.436749696731567383e-01,-3.233534982427954674e-03,1.462874114513397217e-01,5.171882361173629761e-02,-9.337741881608963013e-02,-1.234919652342796326e-01,1.000000238418579102e+00,3.712222278118133545e-01,7.521681189537048340e-01,5.459150671958923340e-01,3.185265362262725830e-01,-9.884684532880783081e-02,-5.745445564389228821e-02,1.775441765785217285e-01,-8.554771542549133301e-02,5.827242136001586914e-01,6.661194562911987305e-02,2.463965117931365967e-01,3.374755978584289551e-01,5.902643203735351562e-01,3.982982933521270752e-01,-1.895516067743301392e-01,-1.074302196502685547e-01,-4.835746064782142639e-02,2.770664095878601074e-01,2.308072000741958618e-01,-5.790670588612556458e-02,7.512518763542175293e-02,2.889377474784851074e-01,1.319011300802230835e-01,3.526104092597961426e-01,4.524139761924743652e-01,6.232674717903137207e-01,3.034519851207733154e-01,3.859297633171081543e-01,4.300275743007659912e-01,1.090263947844505310e-01,-1.907601803541183472e-01
-2.082334905862808228e-01,4.509496316313743591e-02,-1.716667413711547852e-01,-1.278348118066787720e-01,5.025646183639764786e-03,2.163866907358169556e-02,1.283895373344421387e-01,2.731753513216972351e-02,2.282805368304252625e-02,-3.610521182417869568e-02,6.863215565681457520e-02,1.000209599733352661e-01,2.030452340841293335e-01,8.532515168190002441e-02,2.025117538869380951e-02,7.197414338588714600e-02,3.712222278118133545e-01,9.999992847442626953e-01,1.718531697988510132e-01,5.039435029029846191e-01,5.890343189239501953e-01,6.118718981742858887e-01,1.955014467239379883e-01,2.413094341754913330e-01,1.381088397465646267e-03,-9.374988079071044922e-02,1.404212974011898041e-02,-2.061658352613449097e-01,-7.294078171253204346e-02,1.805787682533264160e-01,6.466791033744812012e-01,4.830126166343688965e-01,1.016672849655151367e-01,5.726235732436180115e-02,9.193281084299087524e-02,6.819538772106170654e-02,-6.678739190101623535e-02,3.575182706117630005e-02,6.637486815452575684e-02,1.362808048725128174e-02,1.887598261237144470e-02,-1.069848984479904175e-02,1.503895819187164307e-01,-9.653075598180294037e-03,1.036389172077178955e-01,1.604539304971694946e-01,3.835553526878356934e-01,2.051641941070556641e-01
8.578918129205703735e-02,2.901644408702850342e-01,5.031360983848571777e-01,5.087332725524902344e-01,2.838437855243682861e-01,4.769128561019897461e-01,7.169118523597717285e-01,-7.602453976869583130e-02,1.160365641117095947e-01,2.803208231925964355e-01,1.437707543373107910e-01,6.803900003433227539e-02,3.188461363315582275e-01,5.081929638981819153e-02,4.131733253598213196e-02,3.759551420807838440e-02,7.521681189537048340e-01,1.718531697988510132e-01,9.999998211860656738e-01,5.915938615798950195e-01,2.753901481628417969e-01,-1.850112676620483398e-01,6.045214086771011353e-02,2.659944593906402588e-01,-3.257214650511741638e-02,5.944597721099853516e-01,9.926238656044006348e-02,2.389653325080871582e-01,3.412222564220428467e-01,6.292452216148376465e-01,3.521329462528228760e-01,-1.608240753412246704e-01,-1.237667873501777649e-01,-7.683872431516647339e-02,3.662641048431396484e-01,3.216920495033264160e-01,-4.684784915298223495e-03,1.902346462011337280e-01,2.941970825195312500e-01,2.278672456741333008e-01,2.941234111785888672e-01,4.812918901443481445e-01,6.936852335929870605e-01,3.428454995155334473e-01,4.322139620780944824e-01,5.480481386184692383e-01,1.359608322381973267e-01,-1.818114519119262695e-01
-1.042409017682075500e-01,8.931994438171386719e-02,1.026949584484100342e-01,9.352210909128189087e-02,9.881392121315002441e-02,1.752776801586151123e-01,3.825575411319732666e-01,-8.230630308389663696e-02,-1.052860449999570847e-02,1.166650354862213135e-01,3.160429745912551880e-02,7.091593742370605469e-02,4.260744154453277588e-01,3.692543879151344299e-02,2.480973862111568451e-02,1.452501714229583740e-01,5.459150671958923340e-01,5.039435029029846191e-01,5.915938615798950195e-01,1.000000238418579102e+00,7.203718423843383789e-01,3.161792159080505371e-01,4.498419761657714844e-01,3.708978593349456787e-01,-9.338794648647308350e-02,1.765836775302886963e-01,5.815873853862285614e-03,-5.922238528728485107e-02,3.339997678995132446e-02,4.009828865528106689e-01,4.649341106414794922e-01,1.550298035144805908e-01,1.086790487170219421e-02,3.688232973217964172e-02,1.807723641395568848e-01,3.220241069793701172e-01,1.957686152309179306e-03,7.126128673553466797e-02,1.557807177305221558e-01,2.839180529117584229e-01,5.964523181319236755e-02,1.282465010881423950e-01,3.403276801109313965e-01,3.457908332347869873e-02,2.283314168453216553e-01,3.409183919429779053e-01,2.873372137546539307e-01,1.812298297882080078e-01
-1.443858146667480469e-01,3.088526614010334015e-02,-1.107152923941612244e-01,-1.282524764537811279e-01,2.745558135211467743e-02,3.114720806479454041e-02,7.420261949300765991e-02,-1.985264569520950317e-01,-4.931231960654258728e-02,2.221935056149959564e-02,1.049769110977649689e-02,1.187639683485031128e-01,4.323734343051910400e-01,-2.043536305427551270e-02,8.820030838251113892e-02,2.054455429315567017e-01,3.185265362262725830e-01,5.890343189239501953e-01,2.753901481628417969e-01,7.203718423843383789e-01,9.999998211860656738e-01,5.888771414756774902e-01,5.941039323806762695e-01,4.331632256507873535e-01,7.427995093166828156e-03,-8.065242320299148560e-02,-5.668605212122201920e-03,-1.728934794664382935e-01,-7.406924664974212646e-02,1.590932011604309082e-01,5.170128941535949707e-01,3.236474692821502686e-01,9.750361740589141846e-02,3.668226674199104309e-02,1.257685869932174683e-01,3.133708238601684570e-01,1.780833303928375244e-01,1.052772700786590576e-01,1.761784255504608154e-01,3.050581216812133789e-01,-3.895243629813194275e-02,-3.311047703027725220e-02,1.272084265947341919e-01,-4.791144281625747681e-02,1.243896037340164185e-01,2.019866704940795898e-01,4.776332676410675049e-01,4.579120576381683350e-01
-1.678481847047805786e-01,-1.601822376251220703e-01,-4.289763867855072021e-01,-4.555643200874328613e-01,-1.187725588679313660e-01,-2.823403775691986084e-01,-3.433743715286254883e-01,-8.741080015897750854e-02,-4.365796595811843872e-02,-1.690114289522171021e-01,-2.941848523914813995e-02,9.284975379705429077e-02,2.580208182334899902e-01,1.983311213552951813e-02,1.229735761880874634e-01,2.293757796287536621e-01,-9.884684532880783081e-02,6.118718981742858887e-01,-1.850112676620483398e-01,3.161792159080505371e-01,5.888771414756774902e-01,9.999999403953552246e-01,5.035661458969116211e-01,1.745243221521377563e-01,1.118726655840873718e-01,-4.104285538196563721e-01,-5.201297462917864323e-04,-3.279996812343597412e-01,-2.999170720577239990e-01,-1.840978115797042847e-01,3.508728146553039551e-01,6.162675619125366211e-01,1.994995027780532837e-01,-3.700945526361465454e-02,-7.828298956155776978e-02,5.076219514012336731e-02,1.452612578868865967e-01,1.780186221003532410e-02,-4.377031326293945312e-02,1.151650771498680115e-01,-2.225366979837417603e-01,-3.090454041957855225e-01,-2.477813959121704102e-01,-1.939747184514999390e-01,-1.619230508804321289e-01,-1.175330281257629395e-01,3.322544395923614502e-01,6.778092980384826660e-01
-1.802726387977600098e-01,-1.060208678245544434e-01,-2.420323640108108521e-01,-2.716926634311676025e-01,-1.999370157718658447e-01,-1.523443311452865601e-01,-2.150090485811233521e-01,-2.754396796226501465e-01,-6.768048554658889771e-02,3.817815333604812622e-03,-7.699774205684661865e-02,1.047155782580375671e-01,5.433416962623596191e-01,-6.594713777303695679e-02,2.147650867700576782e-01,4.721769988536834717e-01,-5.745445564389228821e-02,1.955014467239379883e-01,6.045214086771011353e-02,4.498419761657714844e-01,5.941039323806762695e-01,5.035661458969116211e-01,9.999997019767761230e-01,5.361430048942565918e-01,2.435651235282421112e-02,-2.659520506858825684e-01,-1.321648806333541870e-01,-2.221385836601257324e-01,-1.358460932970046997e-01,8.847730234265327454e-03,2.814531624317169189e-01,4.398384690284729004e-01,8.897202461957931519e-02,-1.067778095602989197e-02,9.746715426445007324e-02,5.277692079544067383e-01,3.531473278999328613e-01,2.169731259346008301e-01,2.722693383693695068e-01,5.912072658538818359e-01,-2.195926010608673096e-01,-1.575912684202194214e-01,-1.187513172626495361e-01,-1.428645998239517212e-01,-4.783340264111757278e-03,5.624521523714065552e-02,4.913778901100158691e-01,6.878913044929504395e-01
-1.324833929538726807e-01,1.526256501674652100e-01,-3.102147020399570465e-02,-1.687843352556228638e-02,-2.757848240435123444e-02,9.129638224840164185e-02,1.748948357999324799e-02,-3.919887170195579529e-02,3.789289668202400208e-02,1.444750279188156128e-01,2.785823307931423187e-02,1.544248014688491821e-01,3.865894079208374023e-01,-2.731353789567947388e-02,1.492435932159423828e-01,3.215884268283843994e-01,1.775441765785217285e-01,2.413094341754913330e-01,2.659944593906402588e-01,3.708978593349456787e-01,4.331632256507873535e-01,1.745243221521377563e-01,5.361430048942565918e-01,1.000000357627868652e+00,5.933486670255661011e-02,-1.183956209570169449e-02,-3.257848694920539856e-02,-2.460422553122043610e-02,1.414034366607666016e-01,3.761452138423919678e-01,6.468183994293212891e-01,4.682755470275878906e-01,6.765795499086380005e-02,8.256872743368148804e-02,3.559592962265014648e-01,7.012786865234375000e-01,1.221312209963798523e-01,2.566810250282287598e-01,3.769923746585845947e-01,5.517380833625793457e-01,5.311500281095504761e-02,1.670965105295181274e-01,2.645076811313629150e-01,3.962538018822669983e-02,3.033482134342193604e-01,3.483695089817047119e-01,7.912003993988037109e-01,2.356427311897277832e-01
3.232861161231994629e-01,2.178053259849548340e-01,4.348044283688068390e-03,2.938617207109928131e-02,1.275011003017425537e-01,1.726543903350830078e-01,-4.617923125624656677e-02,1.576799303293228149e-01,2.304164618253707886e-01,1.594257652759552002e-01,3.079501986503601074e-01,2.869586646556854248e-01,1.913294643163681030e-01,1.951540559530258179e-01,2.509224414825439453e-01,1.561130434274673462e-01,-8.554771542549133301e-02,1.381088397465646267e-03,-3.257214650511741638e-02,-9.338794648647308350e-02,7.427995093166828156e-03,1.118726655840873718e-01,2.435651235282421112e-02,5.933486670255661011e-02,9.999999403953552246e-01,6.130544934421777725e-03,4.721777439117431641e-01,3.110055029392242432e-01,3.038034439086914062e-01,1.003624573349952698e-01,1.179820373654365540e-01,1.807717680931091309e-01,4.167811274528503418e-01,9.521965682506561279e-02,1.392812877893447876e-01,-3.342303633689880371e-02,9.381917864084243774e-02,1.434825211763381958e-01,-9.453228674829006195e-03,-8.566518872976303101e-02,2.500025331974029541e-01,1.819108426570892334e-01,1.142325922846794128e-01,2.423145025968551636e-01,1.566350162029266357e-01,1.786837428808212280e-01,1.511826217174530029e-01,1.065360158681869507e-01
4.011930525302886963e-01,2.875061035156250000e-01,7.961022853851318359e-01,7.120513916015625000e-01,4.911609888076782227e-01,4.724269211292266846e-01,7.239688038825988770e-01,7.249999046325683594e-02,5.063366517424583435e-02,1.973268985748291016e-01,1.357889920473098755e-01,-3.648500144481658936e-02,9.916056692600250244e-02,9.006815403699874878e-02,-8.695887029170989990e-02,-1.194459423422813416e-01,5.827242136001586914e-01,-9.374988079071044922e-02,5.944597721099853516e-01,1.765836775302886963e-01,-8.065242320299148560e-02,-4.104285538196563721e-01,-2.659520506858825684e-01,-1.183956209570169449e-02,6.130544934421777725e-03,1.000000238418579102e+00,1.315322369337081909e-01,5.493949651718139648e-01,4.514947235584259033e-01,5.062100887298583984e-01,5.680800601840019226e-02,-3.834551572799682617e-01,-1.619746387004852295e-01,-5.962303280830383301e-02,1.681549102067947388e-01,9.686161577701568604e-02,-1.138723045587539673e-01,-2.989236079156398773e-02,1.907410472631454468e-01,2.517572231590747833e-02,3.974548578262329102e-01,4.244254231452941895e-01,6.147602200508117676e-01,3.519109785556793213e-01,3.055805861949920654e-01,3.607475459575653076e-01,-1.282055228948593140e-01,-3.696288764476776123e-01
3.462058007717132568e-01,3.853014707565307617e-01,1.222863346338272095e-01,1.882830411195755005e-01,2.759104073047637939e-01,3.810374736785888672e-01,1.487049758434295654e-01,1.494124084711074829e-01,2.940431833267211914e-01,2.484895437955856323e-01,4.871121942996978760e-01,3.281304240226745605e-01,5.531565099954605103e-02,2.725846767425537109e-01,2.589187622070312500e-01,9.714433923363685608e-03,6.661194562911987305e-02,1.404212974011898041e-02,9.926238656044006348e-02,5.815873853862285614e-03,-5.668605212122201920e-03,-5.201297462917864323e-04,-1.321648806333541870e-01,-3.257848694920539856e-02,4.721777439117431641e-01,1.315322369337081909e-01,1.000000238418579102e+00,4.229349792003631592e-01,4.505856037139892578e-01,1.688092052936553955e-01,1.388417482376098633e-01,2.339037694036960602e-02,5.185795426368713379e-01,2.077268064022064209e-01,1.892757415771484375e-01,-1.692959070205688477e-01,3.816133737564086914e-02,1.457528471946716309e-01,-1.831322163343429565e-01,-2.372224032878875732e-01,4.386507272720336914e-01,3.456558287143707275e-01,2.528864741325378418e-01,3.718415796756744385e-01,3.148965239524841309e-01,3.163003325462341309e-01,3.152784705162048340e-02,-6.577915698289871216e-02
6.981979608535766602e-01,5.280421972274780273e-01,6.599049568176269531e-01,7.037019729614257812e-01,5.592651963233947754e-01,6.460256576538085938e-01,4.505167305469512939e-01,1.983739733695983887e-01,2.569011747837066650e-01,3.595562577247619629e-01,3.847536146640777588e-01,1.593670845031738281e-01,-1.531707961112260818e-02,1.315812468528747559e-01,1.217320188879966736e-01,-3.010862693190574646e-02,2.463965117931365967e-01,-2.061658352613449097e-01,2.389653325080871582e-01,-5.922238528728485107e-02,-1.728934794664382935e-01,-3.279996812343597412e-01,-2.221385836601257324e-01,-2.460422553122043610e-02,3.110055029392242432e-01,5.493949651718139648e-01,4.229349792003631592e-01,1.000000238418579102e+00,7.401860356330871582e-01,2.555254995822906494e-01,-1.326701603829860687e-02,-2.515014410018920898e-01,1.676495969295501709e-01,1.546938568353652954e-01,1.930427402257919312e-01,-1.990783773362636566e-02,-2.035864815115928650e-02,9.052921831607818604e-02,3.018597699701786041e-02,-8.159392327070236206e-02,6.352559328079223633e-01,4.902432858943939209e-01,3.773844838142395020e-01,4.806482493877410889e-01,3.462319970130920410e-01,3.252942264080047607e-01,-8.857156336307525635e-02,-2.662749290466308594e-01
4.389432072639465332e-01,6.803046464920043945e-01,4.931871294975280762e-01,6.486656069755554199e-01,4.235467612743377686e-01,7.508162260055541992e-01,5.116667747497558594e-01,1.741517484188079834e-01,3.779519200325012207e-01,5.268684625625610352e-01,5.539587736129760742e-01,3.802367746829986572e-01,1.127303615212440491e-01,1.945790499448776245e-01,2.595624327659606934e-01,5.303215235471725464e-02,3.374755978584289551e-01,-7.294078171253204346e-02,3.412222564220428467e-01,3.339997678995132446e-02,-7.406924664974212646e-02,-2.999170720577239990e-01,-1.358460932970046997e-01,1.414034366607666016e-01,3.038034439086914062e-01,4.514947235584259033e-01,4.505856037139892578e-01,7.401860356330871582e-01,1.000000357627868652e+00,4.466699063777923584e-01,1.859526038169860840e-01,-1.282064914703369141e-01,2.654592394828796387e-01,2.626206576824188232e-01,3.969613909721374512e-01,1.105845794081687927e-01,6.967253237962722778e-02,2.777137756347656250e-01,9.736268222332000732e-02,-3.550735861063003540e-02,7.050621509552001953e-01,6.739798188209533691e-01,4.876410365104675293e-01,5.750329494476318359e-01,5.969526767730712891e-01,5.473004579544067383e-01,1.099341884255409241e-01,-2.302997261285781860e-01
3.017281927168369293e-02,3.653049468994140625e-01,3.930906355381011963e-01,4.128412902355194092e-01,1.951421350240707397e-01,4.072439372539520264e-01,6.041942834854125977e-01,2.104105055332183838e-01,2.066131383180618286e-01,3.251536190509796143e-01,3.221672773361206055e-01,1.826648861169815063e-01,3.575498163700103760e-01,1.928685605525970459e-01,2.470433339476585388e-02,9.689045138657093048e-03,5.902643203735351562e-01,1.805787682533264160e-01,6.292452216148376465e-01,4.009828865528106689e-01,1.590932011604309082e-01,-1.840978115797042847e-01,8.847730234265327454e-03,3.761452138423919678e-01,1.003624573349952698e-01,5.062100887298583984e-01,1.688092052936553955e-01,2.555254995822906494e-01,4.466699063777923584e-01,1.000001072883605957e+00,5.039193630218505859e-01,3.234578296542167664e-02,1.039037182927131653e-01,8.686006069183349609e-02,3.240765929222106934e-01,3.805578052997589111e-01,-1.423488110303878784e-01,8.038468658924102783e-02,1.308512389659881592e-01,1.651050299406051636e-01,3.419645130634307861e-01,4.773222208023071289e-01,6.226007342338562012e-01,4.013114869594573975e-01,4.969512522220611572e-01,5.370957851409912109e-01,2.587003409862518311e-01,-2.049292027950286865e-01
-1.333556622266769409e-01,2.249761968851089478e-01,-1.100954320281744003e-02,4.087332636117935181e-02,4.532383009791374207e-02,1.788229346275329590e-01,2.047215849161148071e-01,5.189442262053489685e-02,1.334787309169769287e-01,1.382692158222198486e-01,1.583896428346633911e-01,1.915552765130996704e-01,3.352714478969573975e-01,5.345221608877182007e-02,1.054507344961166382e-01,1.666674762964248657e-01,3.982982933521270752e-01,6.466791033744812012e-01,3.521329462528228760e-01,4.649341106414794922e-01,5.170128941535949707e-01,3.508728146553039551e-01,2.814531624317169189e-01,6.468183994293212891e-01,1.179820373654365540e-01,5.680800601840019226e-02,1.388417482376098633e-01,-1.326701603829860687e-02,1.859526038169860840e-01,5.039193630218505859e-01,1.000000238418579102e+00,5.307806730270385742e-01,1.865042448043823242e-01,7.910577952861785889e-02,3.258288502693176270e-01,4.265124201774597168e-01,-5.415850877761840820e-02,1.787521839141845703e-01,2.017604708671569824e-01,2.375385314226150513e-01,1.566762477159500122e-01,2.187580466270446777e-01,3.996262848377227783e-01,1.532097309827804565e-01,3.882212638854980469e-01,4.268126189708709717e-01,6.837898492813110352e-01,1.258315294981002808e-01
-2.137798368930816650e-01,-7.176809012889862061e-02,-4.336790442466735840e-01,-4.053404331207275391e-01,-2.083972543478012085e-01,-2.175773978233337402e-01,-3.551466166973114014e-01,1.190290972590446472e-01,1.044265404343605042e-01,1.671025156974792480e-02,3.877446800470352173e-02,2.397923320531845093e-01,3.522541522979736328e-01,7.405894994735717773e-02,2.546318769454956055e-01,3.855339288711547852e-01,-1.895516067743301392e-01,4.830126166343688965e-01,-1.608240753412246704e-01,1.550298035144805908e-01,3.236474692821502686e-01,6.162675619125366211e-01,4.398384690284729004e-01,4.682755470275878906e-01,1.807717680931091309e-01,-3.834551572799682617e-01,2.339037694036960602e-02,-2.515014410018920898e-01,-1.282064914703369141e-01,3.234578296542167664e-02,5.307806730270385742e-01,9.999998211860656738e-01,1.994628608226776123e-01,4.167078807950019836e-02,1.000372990965843201e-01,2.592404782772064209e-01,3.490861505270004272e-02,1.620096117258071899e-01,4.541212320327758789e-02,2.019925862550735474e-01,-1.736823618412017822e-01,-1.148042678833007812e-01,-8.102103322744369507e-02,-7.328198105096817017e-02,2.572794072329998016e-02,6.756835430860519409e-02,5.806919336318969727e-01,4.270003139972686768e-01
8.737003058195114136e-02,3.791096508502960205e-01,-9.700214862823486328e-02,-8.579988032579421997e-02,9.061130136251449585e-02,1.105687469244003296e-01,-1.036488041281700134e-01,2.069328278303146362e-01,1.631724983453750610e-01,6.631875038146972656e-02,3.234198391437530518e-01,2.603948414325714111e-01,7.642526924610137939e-02,2.146098762750625610e-01,1.439865231513977051e-01,-6.155016273260116577e-02,-1.074302196502685547e-01,1.016672849655151367e-01,-1.237667873501777649e-01,1.086790487170219421e-02,9.750361740589141846e-02,1.994995027780532837e-01,8.897202461957931519e-02,6.765795499086380005e-02,4.167811274528503418e-01,-1.619746387004852295e-01,5.185795426368713379e-01,1.676495969295501709e-01,2.654592394828796387e-01,1.039037182927131653e-01,1.865042448043823242e-01,1.994628608226776123e-01,1.000000357627868652e+00,1.924246400594711304e-01,6.718054413795471191e-02,-9.943086653947830200e-02,1.127932965755462646e-01,3.642103075981140137e-02,-3.297679126262664795e-01,-2.156289219856262207e-01,2.402058839797973633e-01,1.281796693801879883e-01,-3.465310111641883850e-02,1.355209499597549438e-01,1.927718222141265869e-01,1.168826073408126831e-01,1.488883495330810547e-01,1.837965697050094604e-01
