1.000000596046447754e+00,4.414438083767890930e-02,5.723575949668884277e-01,5.237921476364135742e-01,4.790605008602142334e-01,4.780095517635345459e-01,4.084464535117149353e-02,3.498027622699737549e-01,2.284354865550994873e-01,6.916668266057968140e-02,2.837322950363159180e-01,3.995520174503326416e-01,1.730358228087425232e-02,8.398941159248352051e-02,8.820059150457382202e-02,3.514606133103370667e-02,2.599457651376724243e-02,1.100698187947273254e-01,1.555527001619338989e-01,2.642980217933654785e-01,2.974068820476531982e-01,1.841711848974227905e-01,-2.153053730726242065e-01,-1.379069834947586060e-01,4.756189286708831787e-01,4.208771511912345886e-02,-2.238466963171958923e-02,6.193971037864685059e-01,2.613687217235565186e-01,2.825400233268737793e-01,8.948523551225662231e-02,-2.302475720643997192e-01,3.368241190910339355e-01,8.034475147724151611e-02,9.285521507263183594e-02,-1.427489817142486572e-01,2.005404978990554810e-01,-4.512621089816093445e-02,-1.738571226596832275e-01,-2.236353158950805664e-01,1.827044188976287842e-01,-7.621352374553680420e-02,3.950321115553379059e-03,2.618167921900749207e-02,-1.386609673500061035e-01,-4.500832874327898026e-03,-3.177059590816497803e-01,-1.200467422604560852e-01
4.414438083767890930e-02,9.999998807907104492e-01,5.828785896301269531e-02,1.149653550237417221e-02,2.308350056409835815e-01,9.858755767345428467e-02,9.981139004230499268e-02,-3.915043547749519348e-02,1.121701896190643311e-01,1.160169988870620728e-01,-2.342080324888229370e-01,-1.004786863923072815e-01,1.951376646757125854e-01,-6.131324917078018188e-02,-1.369893550872802734e-01,7.529797405004501343e-02,6.133864820003509521e-02,1.358142942190170288e-01,3.174269497394561768e-01,2.208777219057083130e-01,1.212140545248985291e-02,7.760690525174140930e-03,-1.890643872320652008e-02,2.431941777467727661e-01,-1.569135487079620361e-01,2.651204168796539307e-01,5.915198940783739090e-03,8.935422450304031372e-02,4.290455579757690430e-01,4.547981917858123779e-02,4.469637572765350342e-02,8.675887435674667358e-02,4.148667678236961365e-02,-8.579333126544952393e-02,3.316114544868469238e-01,2.667509913444519043e-01,2.584239244461059570e-01,-4.290106892585754395e-02,2.334622293710708618e-02,8.922810852527618408e-02,5.296391248703002930e-01,3.893586993217468262e-01,4.669674932956695557e-01,5.060079097747802734e-01,5.331957340240478516e-01,3.334647715091705322e-01,1.163370385766029358e-01,-3.188017010688781738e-02
5.723575949668884277e-01,5.828785896301269531e-02,9.999997615814208984e-01,7.645003795623779297e-01,3.396024703979492188e-01,4.958960711956024170e-01,3.456300497055053711e-01,2.787487208843231201e-01,3.426793813705444336e-01,2.798337042331695557e-01,3.380196094512939453e-01,3.491567075252532959e-01,2.287382781505584717e-01,-1.296070218086242676e-01,4.816138744354248047e-02,1.235687956213951111e-01,2.647271454334259033e-01,3.047145605087280273e-01,4.017192423343658447e-01,4.406513571739196777e-01,4.457619786262512207e-01,4.592204391956329346e-01,-7.595854252576828003e-02,-2.297161845490336418e-03,2.015173584222793579e-01,3.350979089736938477e-01,-6.523570418357849121e-02,5.724639296531677246e-01,2.999894022941589355e-01,3.188450932502746582e-01,3.131805658340454102e-01,-8.792222291231155396e-02,3.988807275891304016e-02,1.003690063953399658e-01,6.588532030582427979e-02,-4.958277568221092224e-02,4.563283175230026245e-02,-1.034827977418899536e-01,-5.302603542804718018e-02,-8.315085619688034058e-02,2.194871753454208374e-01,1.738355159759521484e-01,1.635771542787551880e-01,1.112803593277931213e-01,3.849270753562450409e-03,1.522403955459594727e-01,-1.189195439219474792e-01,-1.087772175669670105e-01
5.237921476364135742e-01,1.149653550237417221e-02,7.645003795623779297e-01,1.000000119209289551e+00,3.816699087619781494e-01,5.003262162208557129e-01,1.579174548387527466e-01,2.191412746906280518e-01,1.854819953441619873e-01,1.134283840656280518e-01,2.740939557552337646e-01,3.337107598781585693e-01,1.614241898059844971e-01,-1.224952861666679382e-01,9.983156621456146240e-02,1.865767091512680054e-01,8.971504122018814087e-02,2.096399962902069092e-01,3.231401741504669189e-01,4.005315005779266357e-01,4.052439033985137939e-01,4.979921877384185791e-01,-1.805176138877868652e-01,3.209215775132179260e-02,2.724171876907348633e-01,1.362280547618865967e-01,-7.585907727479934692e-02,6.296614408493041992e-01,3.392445147037506104e-01,4.080507457256317139e-01,3.204409480094909668e-01,-1.789584159851074219e-01,9.025809913873672485e-02,1.075111106038093567e-01,5.760216712951660156e-02,-4.882266744971275330e-02,5.455373600125312805e-02,-1.344964951276779175e-01,-1.048501208424568176e-01,-1.566915512084960938e-01,1.775776892900466919e-01,1.444476842880249023e-02,3.940323367714881897e-02,2.111469209194183350e-02,-3.239375352859497070e-02,3.823818638920783997e-02,-1.560302972793579102e-01,-1.244086921215057373e-01
4.790605008602142334e-01,2.308350056409835815e-01,3.396024703979492188e-01,3.816699087619781494e-01,9.999996423721313477e-01,6.734068393707275391e-01,8.938713930547237396e-03,3.061665892601013184e-01,1.819441616535186768e-01,8.914605528116226196e-02,1.703749299049377441e-01,1.974132210016250610e-01,9.273671358823776245e-02,8.993212878704071045e-02,-5.000997707247734070e-02,8.235041052103042603e-02,-2.138008177280426025e-02,1.159431263804435730e-01,2.058281153440475464e-01,3.123709559440612793e-01,2.006560117006301880e-01,1.935874819755554199e-01,-8.390879631042480469e-02,9.369948506355285645e-02,3.218617141246795654e-01,-6.856435909867286682e-03,-3.372041508555412292e-02,4.562444388866424561e-01,2.791555821895599365e-01,2.659035027027130127e-01,1.211613789200782776e-01,-1.358887255191802979e-01,4.306475520133972168e-01,3.230289742350578308e-02,8.139893412590026855e-02,1.332766264677047729e-01,2.174448519945144653e-01,6.091664731502532959e-02,4.848428815603256226e-02,6.913022696971893311e-02,3.717242777347564697e-01,2.825614763423800468e-03,1.400931775569915771e-01,-6.444615125656127930e-02,6.011616438627243042e-02,1.022958233952522278e-01,-1.379177570343017578e-01,-1.507709734141826630e-02
4.780095517635345459e-01,9.858755767345428467e-02,4.958960711956024170e-01,5.003262162208557129e-01,6.734068393707275391e-01,9.999998807907104492e-01,1.740075051784515381e-01,3.735865652561187744e-01,3.364373147487640381e-01,2.465125471353530884e-01,3.193980455398559570e-01,3.659405112266540527e-01,1.486840844154357910e-01,1.239242032170295715e-01,5.467041581869125366e-02,4.539562761783599854e-02,9.562764316797256470e-02,1.692301481962203979e-01,1.566528975963592529e-01,3.517145216464996338e-01,3.716259300708770752e-01,2.656638920307159424e-01,-1.724001392722129822e-02,2.460287697613239288e-02,3.369897603988647461e-01,6.654268503189086914e-02,4.767397791147232056e-02,4.983540773391723633e-01,2.656409740447998047e-01,3.150477111339569092e-01,2.523947060108184814e-01,-9.562634676694869995e-02,3.575282394886016846e-01,8.347424864768981934e-02,7.659770548343658447e-02,6.166103482246398926e-02,1.814806312322616577e-01,5.737322941422462463e-02,2.452254295349121094e-02,2.820149436593055725e-02,3.318095803260803223e-01,3.796977177262306213e-02,7.159963250160217285e-02,1.019284222275018692e-02,-2.182479389011859894e-02,1.312694996595382690e-01,-1.207911297678947449e-01,3.160844743251800537e-02
4.084464535117149353e-02,9.981139004230499268e-02,3.456300497055053711e-01,1.579174548387527466e-01,8.938713930547237396e-03,1.740075051784515381e-01,9.999997615814208984e-01,2.044895142316818237e-01,4.504120051860809326e-01,5.234720706939697266e-01,1.977730393409729004e-01,3.965348750352859497e-02,2.164764553308486938e-01,6.855718046426773071e-02,-4.873348399996757507e-02,1.276720464229583740e-01,8.551972508430480957e-01,5.942682027816772461e-01,5.369091629981994629e-01,2.903272211551666260e-01,-8.881206740625202656e-04,2.051315456628799438e-01,2.959987223148345947e-01,-4.266813769936561584e-02,-7.399661839008331299e-02,7.307436466217041016e-01,1.068108603358268738e-01,-4.078234359622001648e-02,5.698865279555320740e-03,-6.906861811876296997e-02,2.756327092647552490e-01,4.726268053054809570e-01,-1.210507974028587341e-01,1.972217261791229248e-01,-2.576103201135993004e-03,2.440236881375312805e-02,1.019759401679039001e-01,1.606796085834503174e-01,2.206794768571853638e-01,1.986503899097442627e-01,4.852974414825439453e-02,5.945211648941040039e-01,3.438482582569122314e-01,2.253473550081253052e-01,1.361587047576904297e-01,4.005754292011260986e-01,2.571665048599243164e-01,1.235720794647932053e-02
3.498027622699737549e-01,-3.915043547749519348e-02,2.787487208843231201e-01,2.191412746906280518e-01,3.061665892601013184e-01,3.735865652561187744e-01,2.044895142316818237e-01,9.999997615814208984e-01,5.348588824272155762e-01,3.222015798091888428e-01,6.638351082801818848e-01,5.509755611419677734e-01,2.643154859542846680e-01,5.206025242805480957e-01,4.273457527160644531e-01,1.957633346319198608e-01,2.743316590785980225e-01,2.940142452716827393e-01,8.854022622108459473e-02,2.081903964281082153e-01,2.812489271163940430e-01,2.942086011171340942e-02,1.233893707394599915e-01,6.833064556121826172e-02,4.480026960372924805e-01,1.990524530410766602e-01,2.683500349521636963e-01,3.977025747299194336e-01,2.018625140190124512e-01,3.736590445041656494e-01,3.609027862548828125e-01,1.229586154222488403e-01,4.985732138156890869e-01,3.329778611660003662e-01,1.455686986446380615e-02,4.503137245774269104e-02,4.539809823036193848e-01,4.432989358901977539e-01,1.292518377304077148e-01,3.479095175862312317e-02,1.185245364904403687e-01,7.994311302900314331e-02,-5.522621795535087585e-03,3.483883291482925415e-02,-1.112575978040695190e-01,1.636653989553451538e-01,8.645977824926376343e-02,4.306522011756896973e-02
2.284354865550994873e-01,1.121701896190643311e-01,3.426793813705444336e-01,1.854819953441619873e-01,1.819441616535186768e-01,3.364373147487640381e-01,4.504120051860809326e-01,5.348588824272155762e-01,1.000000000000000000e+00,5.930207967758178711e-01,4.689566493034362793e-01,4.463239312171936035e-01,3.538761138916015625e-01,2.372887879610061646e-01,1.076755151152610779e-01,1.847824305295944214e-01,4.519177079200744629e-01,3.859874010086059570e-01,2.366671413183212280e-01,2.301217317581176758e-01,1.712033748626708984e-01,1.048966571688652039e-01,1.492751687765121460e-01,-9.290388226509094238e-02,2.336769998073577881e-01,3.785677552223205566e-01,2.135258466005325317e-01,2.184049636125564575e-01,1.217906549572944641e-01,1.748595237731933594e-01,3.197212517261505127e-01,1.719018667936325073e-01,1.461339294910430908e-01,2.759339511394500732e-01,1.936704963445663452e-01,2.987297438085079193e-02,3.190266788005828857e-01,2.016754001379013062e-01,1.234762147068977356e-01,3.454373776912689209e-02,6.997520476579666138e-02,3.443288803100585938e-01,2.427961081266403198e-01,3.014463186264038086e-01,1.395657286047935486e-02,4.234296083450317383e-01,2.031164616346359253e-02,-2.156465081498026848e-03
6.916668266057968140e-02,1.160169988870620728e-01,2.798337042331695557e-01,1.134283840656280518e-01,8.914605528116226196e-02,2.465125471353530884e-01,5.234720706939697266e-01,3.222015798091888428e-01,5.930207967758178711e-01,1.000000119209289551e+00,3.669523000717163086e-01,3.011451959609985352e-01,3.885587751865386963e-01,9.978950768709182739e-02,7.770556956529617310e-02,9.674637019634246826e-02,5.033962726593017578e-01,2.676833570003509521e-01,2.493574172258377075e-01,3.251023888587951660e-01,2.860554754734039307e-01,1.842651218175888062e-01,1.932366192340850830e-01,-1.007543206214904785e-01,2.263677306473255157e-02,4.124211966991424561e-01,1.334878355264663696e-01,1.007589790970087051e-02,1.710354536771774292e-02,8.075839839875698090e-03,2.051393985748291016e-01,1.888662576675415039e-01,-6.088964641094207764e-02,1.023559942841529846e-01,-2.833380550146102905e-02,-1.215340048074722290e-01,1.535410732030868530e-01,1.580373495817184448e-01,1.385164856910705566e-01,1.587052792310714722e-01,5.603439360857009888e-02,4.009912312030792236e-01,2.033279836177825928e-01,3.021216988563537598e-01,2.377937138080596924e-01,4.592461287975311279e-01,4.127461463212966919e-02,1.170112118124961853e-01
2.837322950363159180e-01,-2.342080324888229370e-01,3.380196094512939453e-01,2.740939557552337646e-01,1.703749299049377441e-01,3.193980455398559570e-01,1.977730393409729004e-01,6.638351082801818848e-01,4.689566493034362793e-01,3.669523000717163086e-01,9.999998807907104492e-01,6.652820706367492676e-01,8.249136060476303101e-02,3.119776844978332520e-01,2.547565698623657227e-01,3.824280574917793274e-03,2.726290225982666016e-01,1.970179229974746704e-01,4.595007374882698059e-02,1.321886330842971802e-01,4.028777480125427246e-01,1.796415150165557861e-01,4.653146024793386459e-03,-1.310093998908996582e-01,5.059289336204528809e-01,1.182231828570365906e-01,2.852406203746795654e-01,3.889177441596984863e-01,6.312797777354717255e-03,3.280424177646636963e-01,3.606391251087188721e-01,-2.470707707107067108e-02,3.153307437896728516e-01,4.117535054683685303e-01,-2.654804848134517670e-05,-1.750131696462631226e-01,1.974565535783767700e-01,1.754675358533859253e-01,-8.140867576003074646e-03,-4.539692774415016174e-02,-1.310404241085052490e-01,1.933199120685458183e-03,-1.393130272626876831e-01,-7.777936756610870361e-02,-1.408894360065460205e-01,3.110214311163872480e-04,-6.805530190467834473e-02,-2.261750772595405579e-02
3.995520174503326416e-01,-1.004786863923072815e-01,3.491567075252532959e-01,3.337107598781585693e-01,1.974132210016250610e-01,3.659405112266540527e-01,3.965348750352859497e-02,5.509755611419677734e-01,4.463239312171936035e-01,3.011451959609985352e-01,6.652820706367492676e-01,1.000000357627868652e+00,2.222939580678939819e-01,2.795544862747192383e-01,3.348048627376556396e-01,1.094858050346374512e-01,1.093223541975021362e-01,4.831798374652862549e-02,-4.369757696986198425e-02,2.154169976711273193e-01,5.031166672706604004e-01,1.747062951326370239e-01,-6.932433694601058960e-02,-1.536734104156494141e-01,5.757318735122680664e-01,5.889752879738807678e-02,2.444365322589874268e-01,4.166550934314727783e-01,5.697755143046379089e-02,3.742171525955200195e-01,2.743523418903350830e-01,-1.253691613674163818e-01,3.956085443496704102e-01,3.555988967418670654e-01,1.679468601942062378e-01,-1.330742239952087402e-01,2.595977187156677246e-01,9.679344296455383301e-02,-7.777540385723114014e-02,-1.487572044134140015e-01,-4.310571774840354919e-02,-1.478086784482002258e-02,-1.200872659683227539e-01,1.593915931880474091e-02,-1.094245910644531250e-01,1.174222328700125217e-03,-1.698823720216751099e-01,1.748600043356418610e-02
1.730358228087425232e-02,1.951376646757125854e-01,2.287382781505584717e-01,1.614241898059844971e-01,9.273671358823776245e-02,1.486840844154357910e-01,2.164764553308486938e-01,2.643154859542846680e-01,3.538761138916015625e-01,3.885587751865386963e-01,8.249136060476303101e-02,2.222939580678939819e-01,1.000000000000000000e+00,1.428942680358886719e-01,3.061960339546203613e-01,5.586913228034973145e-01,1.916912645101547241e-01,3.396424055099487305e-01,3.493449985980987549e-01,5.283055305480957031e-01,2.619961202144622803e-01,8.664555847644805908e-02,1.204812228679656982e-01,8.677055686712265015e-02,-8.816364407539367676e-02,3.426043093204498291e-01,-1.873442716896533966e-02,9.687416255474090576e-02,1.863572299480438232e-01,1.251386255025863647e-01,2.159588783979415894e-01,1.716279238462448120e-01,6.904050707817077637e-02,7.947760820388793945e-02,1.067861448973417282e-02,1.220116168260574341e-01,2.248347550630569458e-01,2.919699549674987793e-01,1.211933419108390808e-01,-8.502221107482910156e-02,2.446507811546325684e-01,2.455802261829376221e-01,3.209979832172393799e-01,1.899796426296234131e-01,6.019840389490127563e-02,4.326162338256835938e-01,1.492819339036941528e-01,-6.560939550399780273e-02
8.398941159248352051e-02,-6.131324917078018188e-02,-1.296070218086242676e-01,-1.224952861666679382e-01,8.993212878704071045e-02,1.239242032170295715e-01,6.855718046426773071e-02,5.206025242805480957e-01,2.372887879610061646e-01,9.978950768709182739e-02,3.119776844978332520e-01,2.795544862747192383e-01,1.428942680358886719e-01,9.999997615814208984e-01,4.714546799659729004e-01,1.069769188761711121e-01,1.562616825103759766e-01,2.322771847248077393e-01,5.235513672232627869e-02,9.236513823270797729e-02,1.623688964173197746e-03,-1.785918176174163818e-01,3.347025439143180847e-02,7.514251768589019775e-02,2.597302198410034180e-01,4.092255234718322754e-02,4.576523602008819580e-01,4.658842831850051880e-02,-5.887017585337162018e-03,7.123608142137527466e-02,1.615518331527709961e-01,1.352858990430831909e-01,5.476816892623901367e-01,1.679285764694213867e-01,-9.755828976631164551e-02,6.592077016830444336e-02,6.119269132614135742e-01,6.287186741828918457e-01,5.454767122864723206e-02,-9.644468314945697784e-03,-7.765268534421920776e-02,-9.124126285314559937e-02,-6.239877268671989441e-02,-4.407553374767303467e-02,-2.007683664560317993e-01,6.672856956720352173e-02,1.248704940080642700e-01,-2.531304769217967987e-02
8.820059150457382202e-02,-1.369893550872802734e-01,4.816138744354248047e-02,9.983156621456146240e-02,-5.000997707247734070e-02,5.467041581869125366e-02,-4.873348399996757507e-02,4.273457527160644531e-01,1.076755151152610779e-01,7.770556956529617310e-02,2.547565698623657227e-01,3.348048627376556396e-01,3.061960339546203613e-01,4.714546799659729004e-01,1.000000238418579102e+00,4.365956187248229980e-01,1.012241002172231674e-02,1.409729421138763428e-01,-6.452872604131698608e-02,1.035600900650024414e-01,1.643563956022262573e-01,-3.051541186869144440e-02,8.235020190477371216e-02,1.070054173469543457e-01,2.418883144855499268e-01,-3.311790060251951218e-03,2.249062210321426392e-01,1.531569212675094604e-01,4.495842009782791138e-02,2.518920302391052246e-01,2.121105492115020752e-01,4.953196644783020020e-02,3.065781593322753906e-01,1.101477518677711487e-01,-8.296450227499008179e-02,-4.791314154863357544e-02,2.316333949565887451e-01,5.026999711990356445e-01,-1.132110953330993652e-01,-1.654675602912902832e-01,-7.808512449264526367e-02,-1.579747647047042847e-01,-2.238824367523193359e-01,5.644562654197216034e-03,-1.092456430196762085e-01,5.756561178714036942e-03,1.229729354381561279e-01,1.173212528228759766e-01
3.514606133103370667e-02,7.529797405004501343e-02,1.235687956213951111e-01,1.865767091512680054e-01,8.235041052103042603e-02,4.539562761783599854e-02,1.276720464229583740e-01,1.957633346319198608e-01,1.847824305295944214e-01,9.674637019634246826e-02,3.824280574917793274e-03,1.094858050346374512e-01,5.586913228034973145e-01,1.069769188761711121e-01,4.365956187248229980e-01,1.000000238418579102e+00,1.059504002332687378e-01,3.668869435787200928e-01,2.605532705783843994e-01,3.070716559886932373e-01,2.748138736933469772e-03,1.154552325606346130e-01,1.617691218852996826e-01,5.206797644495964050e-02,4.830847959965467453e-03,2.351767122745513916e-01,-7.235791534185409546e-02,8.908666670322418213e-02,1.307936608791351318e-01,9.756702184677124023e-02,1.731840670108795166e-01,2.025451213121414185e-01,7.735263556241989136e-02,1.889781355857849121e-01,1.064906194806098938e-01,1.129492595791816711e-01,1.677656173706054688e-01,3.492915928363800049e-01,2.302207797765731812e-01,-8.448445796966552734e-02,1.668139994144439697e-01,1.754803508520126343e-01,1.781433224678039551e-01,5.363898817449808121e-03,5.372599512338638306e-02,2.504490911960601807e-01,1.861857622861862183e-01,-4.322019219398498535e-02
2.599457651376724243e-02,6.133864820003509521e-02,2.647271454334259033e-01,8.971504122018814087e-02,-2.138008177280426025e-02,9.562764316797256470e-02,8.551972508430480957e-01,2.743316590785980225e-01,4.519177079200744629e-01,5.033962726593017578e-01,2.726290225982666016e-01,1.093223541975021362e-01,1.916912645101547241e-01,1.562616825103759766e-01,1.012241002172231674e-02,1.059504002332687378e-01,1.000000357627868652e+00,6.101576685905456543e-01,5.163149833679199219e-01,2.355070710182189941e-01,-1.895187422633171082e-02,1.436972022056579590e-01,2.960805892944335938e-01,-2.955544181168079376e-02,1.393163204193115234e-02,6.704797148704528809e-01,1.466037333011627197e-01,-3.822196647524833679e-02,-4.140106588602066040e-02,-2.774440124630928040e-02,3.049682676792144775e-01,4.983638525009155273e-01,-5.580647289752960205e-02,2.389829605817794800e-01,-3.636764734983444214e-02,3.733349218964576721e-02,1.799085736274719238e-01,2.300811558961868286e-01,2.119091004133224487e-01,2.091231346130371094e-01,-2.124420180916786194e-02,5.519613623619079590e-01,3.266088962554931641e-01,1.488007605075836182e-01,8.944111317396163940e-02,3.863594532012939453e-01,2.851050496101379395e-01,3.869017586112022400e-02
1.100698187947273254e-01,1.358142942190170288e-01,3.047145605087280273e-01,2.096399962902069092e-01,1.159431263804435730e-01,1.692301481962203979e-01,5.942682027816772461e-01,2.940142452716827393e-01,3.859874010086059570e-01,2.676833570003509521e-01,1.970179229974746704e-01,4.831798374652862549e-02,3.396424055099487305e-01,2.322771847248077393e-01,1.409729421138763428e-01,3.668869435787200928e-01,6.101576685905456543e-01,1.000000000000000000e+00,6.623328924179077148e-01,4.199349582195281982e-01,4.873960465192794800e-02,2.091220915317535400e-01,2.475668191909790039e-01,7.439852505922317505e-02,-2.181164547801017761e-02,5.527820587158203125e-01,9.410629421472549438e-02,1.006762236356735229e-01,1.602218449115753174e-01,4.341861978173255920e-02,4.122301638126373291e-01,4.309239685535430908e-01,6.446277350187301636e-02,2.840640246868133545e-01,6.765552610158920288e-02,1.311771422624588013e-01,2.911410033702850342e-01,2.899786829948425293e-01,1.403031647205352783e-01,2.612960152328014374e-02,1.289848536252975464e-01,3.905945718288421631e-01,4.198604226112365723e-01,1.276394277811050415e-01,1.063299737870693207e-02,4.048025608062744141e-01,3.032523691654205322e-01,-6.367331743240356445e-02
1.555527001619338989e-01,3.174269497394561768e-01,4.017192423343658447e-01,3.231401741504669189e-01,2.058281153440475464e-01,1.566528975963592529e-01,5.369091629981994629e-01,8.854022622108459473e-02,2.366671413183212280e-01,2.493574172258377075e-01,4.595007374882698059e-02,-4.369757696986198425e-02,3.493449985980987549e-01,5.235513672232627869e-02,-6.452872604131698608e-02,2.605532705783843994e-01,5.163149833679199219e-01,6.623328924179077148e-01,1.000000119209289551e+00,5.732478499412536621e-01,1.444388031959533691e-01,1.981925815343856812e-01,-5.285084620118141174e-02,1.026469022035598755e-01,-1.634234338998794556e-01,5.745048522949218750e-01,-1.405739691108465195e-02,1.611507087945938110e-01,2.292885035276412964e-01,2.745721116662025452e-02,2.730668485164642334e-01,2.657049000263214111e-01,1.805906929075717926e-02,1.322059482336044312e-01,3.536130487918853760e-02,1.173584908246994019e-01,2.251149713993072510e-01,8.125497400760650635e-02,-3.094103746116161346e-02,-4.203157499432563782e-02,2.570386826992034912e-01,4.355766177177429199e-01,5.852528810501098633e-01,1.712779253721237183e-01,1.419852375984191895e-01,4.142622351646423340e-01,1.795575320720672607e-01,-1.850443631410598755e-01
2.642980217933654785e-01,2.208777219057083130e-01,4.406513571739196777e-01,4.005315005779266357e-01,3.123709559440612793e-01,3.517145216464996338e-01,2.903272211551666260e-01,2.081903964281082153e-01,2.301217317581176758e-01,3.251023888587951660e-01,1.321886330842971802e-01,2.154169976711273193e-01,5.283055305480957031e-01,9.236513823270797729e-02,1.035600900650024414e-01,3.070716559886932373e-01,2.355070710182189941e-01,4.199349582195281982e-01,5.732478499412536621e-01,1.000000000000000000e+00,5.564137697219848633e-01,2.696263492107391357e-01,-1.585675403475761414e-02,9.204318374395370483e-02,-1.207489967346191406e-01,3.538414835929870605e-01,-5.087145790457725525e-02,2.289258986711502075e-01,2.121187597513198853e-01,1.190338581800460815e-01,2.155851274728775024e-01,6.977082788944244385e-02,1.755695790052413940e-01,1.192248091101646423e-01,1.569039933383464813e-02,6.056027114391326904e-02,1.594352722167968750e-01,1.668443679809570312e-01,7.592955138534307480e-03,-1.596755720674991608e-02,3.461822569370269775e-01,2.540183067321777344e-01,3.875742852687835693e-01,5.000358447432518005e-02,9.310287237167358398e-02,3.826566338539123535e-01,7.543423026800155640e-02,-8.044570684432983398e-02
2.974068820476531982e-01,1.212140545248985291e-02,4.457619786262512207e-01,4.052439033985137939e-01,2.006560117006301880e-01,3.716259300708770752e-01,-8.881206740625202656e-04,2.812489271163940430e-01,1.712033748626708984e-01,2.860554754734039307e-01,4.028777480125427246e-01,5.031166672706604004e-01,2.619961202144622803e-01,1.623688964173197746e-03,1.643563956022262573e-01,2.748138736933469772e-03,-1.895187422633171082e-02,4.873960465192794800e-02,1.444388031959533691e-01,5.564137697219848633e-01,1.000000357627868652e+00,3.815776407718658447e-01,-1.928277313709259033e-02,-5.155688151717185974e-03,7.312825322151184082e-02,6.875882297754287720e-02,-6.427059415727853775e-04,3.221549689769744873e-01,1.265002042055130005e-01,2.526377439498901367e-01,2.583580613136291504e-01,-1.319051384925842285e-01,1.520914286375045776e-01,1.208699271082878113e-01,4.764017462730407715e-02,-9.436187893152236938e-02,2.961897663772106171e-02,-9.405743330717086792e-02,-1.442373394966125488e-01,-2.785054221749305725e-02,1.232641711831092834e-01,1.037505082786083221e-02,4.316330701112747192e-02,-2.289457619190216064e-02,5.609526857733726501e-02,5.499226972460746765e-02,-1.058653071522712708e-01,8.159007132053375244e-02
1.841711848974227905e-01,7.760690525174140930e-03,4.592204391956329346e-01,4.979921877384185791e-01,1.935874819755554199e-01,2.656638920307159424e-01,2.051315456628799438e-01,2.942086011171340942e-02,1.048966571688652039e-01,1.842651218175888062e-01,1.796415150165557861e-01,1.747062951326370239e-01,8.664555847644805908e-02,-1.785918176174163818e-01,-3.051541186869144440e-02,1.154552325606346130e-01,1.436972022056579590e-01,2.091220915317535400e-01,1.981925815343856812e-01,2.696263492107391357e-01,3.815776407718658447e-01,9.999996423721313477e-01,2.224027365446090698e-01,1.539434939622879028e-01,1.135604456067085266e-01,5.455031618475914001e-02,-6.073209643363952637e-02,2.593366801738739014e-01,1.267307400703430176e-01,1.833208650350570679e-01,4.484853446483612061e-01,1.648894548416137695e-01,-1.209304258227348328e-01,-4.251858685165643692e-03,6.540594995021820068e-02,1.043573617935180664e-01,1.492150872945785522e-02,-5.298191681504249573e-02,2.559784054756164551e-01,2.058534771203994751e-01,-1.380666997283697128e-02,1.129157468676567078e-01,3.088816814124584198e-02,-4.558551311492919922e-02,1.562755256891250610e-01,3.939075861126184464e-03,1.192338168621063232e-01,1.199576705694198608e-01
-2.153053730726242065e-01,-1.890643872320652008e-02,-7.595854252576828003e-02,-1.805176138877868652e-01,-8.390879631042480469e-02,-1.724001392722129822e-02,2.959987223148345947e-01,1.233893707394599915e-01,1.492751687765121460e-01,1.932366192340850830e-01,4.653146024793386459e-03,-6.932433694601058960e-02,1.204812228679656982e-01,3.347025439143180847e-02,8.235020190477371216e-02,1.617691218852996826e-01,2.960805892944335938e-01,2.475668191909790039e-01,-5.285084620118141174e-02,-1.585675403475761414e-02,-1.928277313709259033e-02,2.224027365446090698e-01,1.000000119209289551e+00,2.316590398550033569e-01,-1.927984356880187988e-01,1.846532523632049561e-01,-8.373541384935379028e-02,-2.107716053724288940e-01,-4.879366979002952576e-02,-1.671898365020751953e-01,5.581716075539588928e-02,5.596596002578735352e-01,-1.734287440776824951e-01,1.683009043335914612e-02,-4.781708121299743652e-02,3.212167322635650635e-01,-2.348897792398929596e-02,2.227994352579116821e-01,5.658906102180480957e-01,6.256618499755859375e-01,-3.149143606424331665e-02,2.002969980239868164e-01,3.566618252079933882e-04,-1.910685561597347260e-02,8.390712738037109375e-02,1.219993680715560913e-01,4.541183412075042725e-01,2.778215408325195312e-01
-1.379069834947586060e-01,2.431941777467727661e-01,-2.297161845490336418e-03,3.209215775132179260e-02,9.369948506355285645e-02,2.460287697613239288e-02,-4.266813769936561584e-02,6.833064556121826172e-02,-9.290388226509094238e-02,-1.007543206214904785e-01,-1.310093998908996582e-01,-1.536734104156494141e-01,8.677055686712265015e-02,7.514251768589019775e-02,1.070054173469543457e-01,5.206797644495964050e-02,-2.955544181168079376e-02,7.439852505922317505e-02,1.026469022035598755e-01,9.204318374395370483e-02,-5.155688151717185974e-03,1.539434939622879028e-01,2.316590398550033569e-01,9.999997615814208984e-01,-1.200588420033454895e-01,-2.142030047252774239e-03,-1.492835730314254761e-01,9.659637510776519775e-02,3.411726653575897217e-01,1.773738116025924683e-01,2.955319583415985107e-01,3.876386284828186035e-01,-2.306431718170642853e-02,-1.189641430974006653e-01,-4.099590703845024109e-02,6.159251332283020020e-01,1.255782693624496460e-01,1.482827365398406982e-01,2.347106784582138062e-01,3.865144848823547363e-01,2.605035901069641113e-01,1.382403969764709473e-01,1.780795007944107056e-01,-4.251226410269737244e-02,2.779586911201477051e-01,1.311357319355010986e-01,6.666007637977600098e-01,3.298404812812805176e-01
4.756189286708831787e-01,-1.569135487079620361e-01,2.015173584222793579e-01,2.724171876907348633e-01,3.218617141246795654e-01,3.369897603988647461e-01,-7.399661839008331299e-02,4.480026960372924805e-01,2.336769998073577881e-01,2.263677306473255157e-02,5.059289336204528809e-01,5.757318735122680664e-01,-8.816364407539367676e-02,2.597302198410034180e-01,2.418883144855499268e-01,4.830847959965467453e-03,1.393163204193115234e-02,-2.181164547801017761e-02,-1.634234338998794556e-01,-1.207489967346191406e-01,7.312825322151184082e-02,1.135604456067085266e-01,-1.927984356880187988e-01,-1.200588420033454895e-01,1.000000000000000000e+00,-1.281656175851821899e-01,2.169299423694610596e-01,5.304381251335144043e-01,1.045635268092155457e-01,4.319925904273986816e-01,2.598255276679992676e-01,-2.027312219142913818e-01,4.806267321109771729e-01,2.276847660541534424e-01,8.027612417936325073e-02,-1.360139101743698120e-01,2.572497725486755371e-01,1.172843798995018005e-01,-5.138146504759788513e-02,-2.049118578433990479e-01,-9.456782042980194092e-02,-1.581089496612548828e-01,-2.185305953025817871e-01,-1.520876735448837280e-01,-1.941419839859008789e-01,-1.183860227465629578e-01,-2.048872411251068115e-01,-4.400476813316345215e-03
4.208771511912345886e-02,2.651204168796539307e-01,3.350979089736938477e-01,1.362280547618865967e-01,-6.856435909867286682e-03,6.654268503189086914e-02,7.307436466217041016e-01,1.990524530410766602e-01,3.785677552223205566e-01,4.124211966991424561e-01,1.182231828570365906e-01,5.889752879738807678e-02,3.426043093204498291e-01,4.092255234718322754e-02,-3.311790060251951218e-03,2.351767122745513916e-01,6.704797148704528809e-01,5.527820587158203125e-01,5.745048522949218750e-01,3.538414835929870605e-01,6.875882297754287720e-02,5.455031618475914001e-02,1.846532523632049561e-01,-2.142030047252774239e-03,-1.281656175851821899e-01,9.999998807907104492e-01,4.547607153654098511e-02,3.954644873738288879e-02,1.945397853851318359e-01,2.763155288994312286e-02,2.458643615245819092e-01,4.013602733612060547e-01,-7.039357721805572510e-02,2.461625635623931885e-01,1.007624939084053040e-01,6.675224751234054565e-02,1.670825928449630737e-01,1.103030964732170105e-01,9.898347407579421997e-02,4.432382807135581970e-02,2.225761562585830688e-01,6.583461165428161621e-01,5.149121880531311035e-01,3.070372045040130615e-01,1.707041859626770020e-01,4.758222699165344238e-01,2.672556638717651367e-01,-7.618540525436401367e-02
-2.238466963171958923e-02,5.915198940783739090e-03,-6.523570418357849121e-02,-7.585907727479934692e-02,-3.372041508555412292e-02,4.767397791147232056e-02,1.068108603358268738e-01,2.683500349521636963e-01,2.135258466005325317e-01,1.334878355264663696e-01,2.852406203746795654e-01,2.444365322589874268e-01,-1.873442716896533966e-02,4.576523602008819580e-01,2.249062210321426392e-01,-7.235791534185409546e-02,1.466037333011627197e-01,9.410629421472549438e-02,-1.405739691108465195e-02,-5.087145790457725525e-02,-6.427059415727853775e-04,-6.073209643363952637e-02,-8.373541384935379028e-02,-1.492835730314254761e-01,2.169299423694610596e-01,4.547607153654098511e-02,1.000000119209289551e+00,-4.087591916322708130e-02,-6.616242974996566772e-02,1.198443323373794556e-01,1.926917284727096558e-01,-1.435440033674240112e-02,4.474089443683624268e-01,1.578162312507629395e-01,9.645562618970870972e-02,-5.308488756418228149e-02,2.680148780345916748e-01,2.959859073162078857e-01,-1.882846117950975895e-03,-2.043095044791698456e-02,-2.218924313783645630e-01,-9.930121153593063354e-02,-1.161979138851165771e-01,1.832701414823532104e-01,-6.809575855731964111e-02,-5.117975547909736633e-02,-1.131694167852401733e-01,-1.083720624446868896e-01
6.193971037864685059e-01,8.935422450304031372e-02,5.724639296531677246e-01,6.296614408493041992e-01,4.562444388866424561e-01,4.983540773391723633e-01,-4.078234359622001648e-02,3.977025747299194336e-01,2.184049636125564575e-01,1.007589790970087051e-02,3.889177441596984863e-01,4.166550934314727783e-01,9.687416255474090576e-02,4.658842831850051880e-02,1.531569212675094604e-01,8.908666670322418213e-02,-3.822196647524833679e-02,1.006762236356735229e-01,1.611507087945938110e-01,2.289258986711502075e-01,3.221549689769744873e-01,2.593366801738739014e-01,-2.107716053724288940e-01,9.659637510776519775e-02,5.304381251335144043e-01,3.954644873738288879e-02,-4.087591916322708130e-02,1.000000476837158203e+00,5.836440324783325195e-01,6.487516760826110840e-01,3.509245216846466064e-01,-2.160194218158721924e-01,3.252541720867156982e-01,1.631840467453002930e-01,9.578944742679595947e-02,3.016207180917263031e-02,2.360875755548477173e-01,-3.759424760937690735e-02,-1.545176208019256592e-01,-2.317275404930114746e-01,2.808412611484527588e-01,-3.534803166985511780e-02,7.589891552925109863e-02,-9.436803869903087616e-03,-1.319951862096786499e-01,4.174051433801651001e-02,-1.312915980815887451e-01,-6.903132051229476929e-02
2.613687217235565186e-01,4.290455579757690430e-01,2.999894022941589355e-01,3.392445147037506104e-01,2.791555821895599365e-01,2.656409740447998047e-01,5.698865279555320740e-03,2.018625140190124512e-01,1.217906549572944641e-01,1.710354536771774292e-02,6.312797777354717255e-03,5.697755143046379089e-02,1.863572299480438232e-01,-5.887017585337162018e-03,4.495842009782791138e-02,1.307936608791351318e-01,-4.140106588602066040e-02,1.602218449115753174e-01,2.292885035276412964e-01,2.121187597513198853e-01,1.265002042055130005e-01,1.267307400703430176e-01,-4.879366979002952576e-02,3.411726653575897217e-01,1.045635268092155457e-01,1.945397853851318359e-01,-6.616242974996566772e-02,5.836440324783325195e-01,1.000000000000000000e+00,5.303286910057067871e-01,2.944509983062744141e-01,2.854724973440170288e-02,1.731462776660919189e-01,3.476681932806968689e-02,1.715051829814910889e-01,2.677660882472991943e-01,2.742237448692321777e-01,7.463872898370027542e-03,2.772194333374500275e-03,-5.918177589774131775e-02,5.122338533401489258e-01,2.089863717555999756e-01,3.097088932991027832e-01,1.930619776248931885e-01,1.514259129762649536e-01,2.418678253889083862e-01,1.407590210437774658e-01,4.509756807237863541e-03
2.825400233268737793e-01,4.547981917858123779e-02,3.188450932502746582e-01,4.080507457256317139e-01,2.659035027027130127e-01,3.150477111339569092e-01,-6.906861811876296997e-02,3.736590445041656494e-01,1.748595237731933594e-01,8.075839839875698090e-03,3.280424177646636963e-01,3.742171525955200195e-01,1.251386255025863647e-01,7.123608142137527466e-02,2.518920302391052246e-01,9.756702184677124023e-02,-2.774440124630928040e-02,4.341861978173255920e-02,2.745721116662025452e-02,1.190338581800460815e-01,2.526377439498901367e-01,1.833208650350570679e-01,-1.671898365020751953e-01,1.773738116025924683e-01,4.319925904273986816e-01,2.763155288994312286e-02,1.198443323373794556e-01,6.487516760826110840e-01,5.303286910057067871e-01,9.999997615814208984e-01,5.796161890029907227e-01,-1.047864332795143127e-01,3.854704797267913818e-01,2.246627658605575562e-01,9.477856010198593140e-02,1.291908174753189087e-01,1.946469992399215698e-01,9.833414852619171143e-02,-9.750512242317199707e-02,-1.887500584125518799e-01,2.143336832523345947e-01,4.336739704012870789e-02,8.519013971090316772e-02,-9.450947493314743042e-02,-6.619059294462203979e-02,1.001976430416107178e-01,3.299234202131628990e-03,-9.098308160901069641e-03
8.948523551225662231e-02,4.469637572765350342e-02,3.131805658340454102e-01,3.204409480094909668e-01,1.211613789200782776e-01,2.523947060108184814e-01,2.756327092647552490e-01,3.609027862548828125e-01,3.197212517261505127e-01,2.051393985748291016e-01,3.606391251087188721e-01,2.743523418903350830e-01,2.159588783979415894e-01,1.615518331527709961e-01,2.121105492115020752e-01,1.731840670108795166e-01,3.049682676792144775e-01,4.122301638126373291e-01,2.730668485164642334e-01,2.155851274728775024e-01,2.583580613136291504e-01,4.484853446483612061e-01,5.581716075539588928e-02,2.955319583415985107e-01,2.598255276679992676e-01,2.458643615245819092e-01,1.926917284727096558e-01,3.509245216846466064e-01,2.944509983062744141e-01,5.796161890029907227e-01,1.000000238418579102e+00,3.253204226493835449e-01,1.921913474798202515e-01,2.457843422889709473e-01,1.129157468676567078e-01,2.450252920389175415e-01,2.558702826499938965e-01,2.547181844711303711e-01,1.321338415145874023e-01,1.644416339695453644e-02,1.180435419082641602e-01,2.739564478397369385e-01,2.332266420125961304e-01,-6.903595477342605591e-02,4.219507798552513123e-02,2.416498810052871704e-01,3.575393259525299072e-01,7.921653240919113159e-02
-2.302475720643997192e-01,8.675887435674667358e-02,-8.792222291231155396e-02,-1.789584159851074219e-01,-1.358887255191802979e-01,-9.562634676694869995e-02,4.726268053054809570e-01,1.229586154222488403e-01,1.719018667936325073e-01,1.888662576675415039e-01,-2.470707707107067108e-02,-1.253691613674163818e-01,1.716279238462448120e-01,1.352858990430831909e-01,4.953196644783020020e-02,2.025451213121414185e-01,4.983638525009155273e-01,4.309239685535430908e-01,2.657049000263214111e-01,6.977082788944244385e-02,-1.319051384925842285e-01,1.648894548416137695e-01,5.596596002578735352e-01,3.876386284828186035e-01,-2.027312219142913818e-01,4.013602733612060547e-01,-1.435440033674240112e-02,-2.160194218158721924e-01,2.854724973440170288e-02,-1.047864332795143127e-01,3.253204226493835449e-01,1.000000000000000000e+00,-1.199052929878234863e-01,1.042379960417747498e-01,-2.082282863557338715e-02,4.336046874523162842e-01,1.201544851064682007e-01,2.849289774894714355e-01,4.143229722976684570e-01,4.190694093704223633e-01,6.816630065441131592e-02,4.179393947124481201e-01,3.321174681186676025e-01,1.695617660880088806e-02,1.034644693136215210e-01,3.074308931827545166e-01,6.958624720573425293e-01,1.915973275899887085e-01
3.368241190910339355e-01,4.148667678236961365e-02,3.988807275891304016e-02,9.025809913873672485e-02,4.306475520133972168e-01,3.575282394886016846e-01,-1.210507974028587341e-01,4.985732138156890869e-01,1.461339294910430908e-01,-6.088964641094207764e-02,3.153307437896728516e-01,3.956085443496704102e-01,6.904050707817077637e-02,5.476816892623901367e-01,3.065781593322753906e-01,7.735263556241989136e-02,-5.580647289752960205e-02,6.446277350187301636e-02,1.805906929075717926e-02,1.755695790052413940e-01,1.520914286375045776e-01,-1.209304258227348328e-01,-1.734287440776824951e-01,-2.306431718170642853e-02,4.806267321109771729e-01,-7.039357721805572510e-02,4.474089443683624268e-01,3.252541720867156982e-01,1.731462776660919189e-01,3.854704797267913818e-01,1.921913474798202515e-01,-1.199052929878234863e-01,1.000000238418579102e+00,2.827757596969604492e-01,1.363011747598648071e-01,7.597607374191284180e-02,4.230490326881408691e-01,3.631065487861633301e-01,-1.808694377541542053e-02,-9.838691353797912598e-02,1.467663645744323730e-01,-1.149864941835403442e-01,3.261954290792346001e-03,-1.724769026041030884e-01,-1.526575088500976562e-01,7.698157429695129395e-02,-1.252005249261856079e-01,-1.026746928691864014e-01
