1.000000119209289551e+00,-4.333828110247850418e-03,3.751544952392578125e-01,2.503378689289093018e-01,3.306538760662078857e-01,2.423932775855064392e-02,4.818562790751457214e-02,3.977713584899902344e-01,2.362674027681350708e-01,-2.869469113647937775e-02,3.859060406684875488e-01,-7.502463180571794510e-03,8.522724360227584839e-02,3.635381460189819336e-01,1.758491992950439453e-01,1.043802499771118164e-02,1.197352707386016846e-01,-1.920903325080871582e-01,4.130827486515045166e-01,-7.963746786117553711e-02,-1.943049728870391846e-01,9.726610034704208374e-03,2.053471803665161133e-01,-3.058393597602844238e-01,6.084628105163574219e-01,1.010132953524589539e-01,2.644104063510894775e-01,5.199623107910156250e-01,2.975030243396759033e-01,-2.370340079069137573e-01,-1.737545281648635864e-01,-3.042039275169372559e-01,2.616283595561981201e-01,9.768284857273101807e-02,-1.866931915283203125e-01,-1.779995411634445190e-01,4.018413722515106201e-01,1.860374212265014648e-02,-7.734840363264083862e-02,-8.324503898620605469e-02,6.124370172619819641e-02,-8.268342912197113037e-02,1.878362149000167847e-01,7.647213339805603027e-02,-1.610708609223365784e-02,9.365807473659515381e-02,-2.802684307098388672e-01,7.500616367906332016e-03
-4.333828110247850418e-03,1.000000238418579102e+00,8.580195158720016479e-02,2.000290155410766602e-01,4.675851464271545410e-01,3.056519925594329834e-01,2.623476088047027588e-01,1.258472800254821777e-01,4.236912131309509277e-01,5.221309065818786621e-01,2.117186933755874634e-01,4.775503873825073242e-01,2.919687926769256592e-01,-1.069701835513114929e-01,2.456642687320709229e-01,4.166270196437835693e-01,2.660160660743713379e-01,4.225486218929290771e-01,6.390583515167236328e-02,4.467530846595764160e-01,4.211273491382598877e-01,9.172316640615463257e-02,3.374797105789184570e-01,3.489674627780914307e-01,-1.066135019063949585e-01,1.301121860742568970e-01,2.783041596412658691e-01,2.040091156959533691e-01,1.841296553611755371e-01,3.576494455337524414e-01,4.525584280490875244e-01,2.454355657100677490e-01,3.529440462589263916e-01,2.391884475946426392e-01,3.387473225593566895e-01,3.781758248805999756e-01,-1.005255505442619324e-01,4.311074614524841309e-01,3.674857318401336670e-01,3.547647893428802490e-01,6.845153570175170898e-01,6.217281222343444824e-01,2.470739632844924927e-01,6.157981753349304199e-01,5.322685241699218750e-01,3.960349559783935547e-01,2.843983173370361328e-01,4.831695556640625000e-02
3.751544952392578125e-01,8.580195158720016479e-02,1.000000357627868652e+00,3.735847175121307373e-01,1.303223371505737305e-01,-2.851327322423458099e-02,1.454856246709823608e-01,1.997377723455429077e-01,-1.304813078604638577e-03,5.442933738231658936e-02,2.499588578939437866e-01,-5.769106745719909668e-02,8.376885950565338135e-02,2.298094779253005981e-01,2.462872713804244995e-01,-4.209251329302787781e-02,1.439260542392730713e-01,8.805371075868606567e-02,3.709443211555480957e-01,4.854170605540275574e-02,-4.065608978271484375e-02,-3.907532617449760437e-02,8.365833014249801636e-02,-1.791749894618988037e-01,2.944718003273010254e-01,8.534668385982513428e-02,2.374376654624938965e-01,4.159871339797973633e-01,2.032234519720077515e-01,1.775625534355640411e-02,7.459077984094619751e-02,-1.344410050660371780e-02,3.054770641028881073e-02,4.168026894330978394e-02,-1.454700827598571777e-01,-1.012205630540847778e-01,2.242816537618637085e-01,6.804084032773971558e-02,-9.362033754587173462e-02,-1.137925460934638977e-01,1.022160351276397705e-01,-8.475069701671600342e-02,1.015424206852912903e-01,2.120511606335639954e-02,-1.094905938953161240e-02,9.910064749419689178e-03,-1.792022883892059326e-01,-2.063063345849514008e-02
2.503378689289093018e-01,2.000290155410766602e-01,3.735847175121307373e-01,1.000000000000000000e+00,2.152894884347915649e-01,3.286815881729125977e-01,5.051696300506591797e-01,-7.119935750961303711e-02,4.722165688872337341e-02,4.047811031341552734e-02,-4.283500835299491882e-02,-1.116270385682582855e-02,2.581797838211059570e-01,3.511649370193481445e-02,-5.869756452739238739e-03,1.940611749887466431e-02,4.329039752483367920e-01,2.373612523078918457e-01,1.360193490982055664e-01,8.181758970022201538e-02,1.114260032773017883e-01,1.751800179481506348e-01,6.511168181896209717e-02,9.651950094848871231e-04,3.205130100250244141e-01,1.657712012529373169e-01,3.919852674007415771e-01,3.741675913333892822e-01,2.542811334133148193e-01,2.236098051071166992e-01,3.184531331062316895e-01,5.727589875459671021e-02,9.925564378499984741e-02,-6.127586588263511658e-02,-5.949113517999649048e-02,7.655812799930572510e-02,5.722199007868766785e-02,1.679299771785736084e-01,-1.226579919457435608e-01,-1.105647999793291092e-02,2.231865972280502319e-01,2.911955863237380981e-02,3.069823682308197021e-01,4.991351626813411713e-03,1.169785261154174805e-01,1.733025461435317993e-01,-7.867890596389770508e-02,2.981179859489202499e-03
3.306538760662078857e-01,4.675851464271545410e-01,1.303223371505737305e-01,2.152894884347915649e-01,9.999997019767761230e-01,3.374646604061126709e-01,9.251205623149871826e-02,3.688128292560577393e-01,3.990424871444702148e-01,2.125555723905563354e-01,5.017979741096496582e-01,2.575149536132812500e-01,1.700170189142227173e-01,1.363187432289123535e-01,2.029325366020202637e-01,3.098833560943603516e-01,1.447096616029739380e-01,1.020080074667930603e-01,2.766462974250316620e-02,3.955475986003875732e-01,3.151181042194366455e-01,-4.093778878450393677e-02,2.163666635751724243e-01,5.436702072620391846e-02,3.418754041194915771e-02,9.152080118656158447e-02,9.748671948909759521e-02,2.132223248481750488e-01,1.182843819260597229e-01,-4.005358368158340454e-02,7.572137564420700073e-02,-9.216491878032684326e-02,3.984047770500183105e-01,2.261792123317718506e-01,-4.460609517991542816e-03,-7.907103747129440308e-03,4.812128096818923950e-02,2.875120341777801514e-01,1.552278101444244385e-01,1.734858602285385132e-01,6.111710071563720703e-01,3.498740792274475098e-01,2.062115222215652466e-01,5.334389805793762207e-01,2.825080752372741699e-01,3.140035867691040039e-01,1.302445493638515472e-02,6.028686836361885071e-02
2.423932775855064392e-02,3.056519925594329834e-01,-2.851327322423458099e-02,3.286815881729125977e-01,3.374646604061126709e-01,1.000000119209289551e+00,3.954941928386688232e-01,-1.313184574246406555e-02,2.490680217742919922e-01,2.434138804674148560e-01,8.390858769416809082e-03,4.089165627956390381e-01,3.450481295585632324e-01,-1.522888690233230591e-01,2.501815743744373322e-02,3.180461525917053223e-01,2.992061674594879150e-01,1.200672611594200134e-01,-1.274176537990570068e-01,2.692407071590423584e-01,2.198063284158706665e-01,8.653107285499572754e-02,-2.828749641776084900e-02,1.796298623085021973e-01,3.256664611399173737e-03,-6.867582350969314575e-02,2.522024512290954590e-01,1.740462929010391235e-01,1.541363000869750977e-01,1.814209669828414917e-01,2.876054346561431885e-01,1.128831952810287476e-01,3.513714075088500977e-01,8.679692447185516357e-02,1.593802124261856079e-01,1.948905736207962036e-01,-1.846111863851547241e-01,2.347538918256759644e-01,4.795495793223381042e-02,1.372264474630355835e-01,3.169952332973480225e-01,4.281838834285736084e-01,5.474481582641601562e-01,3.789928555488586426e-01,1.385326385498046875e-01,5.058068633079528809e-01,2.231899797916412354e-01,-1.642687618732452393e-02
4.818562790751457214e-02,2.623476088047027588e-01,1.454856246709823608e-01,5.051696300506591797e-01,9.251205623149871826e-02,3.954941928386688232e-01,9.999997615814208984e-01,6.786566972732543945e-02,1.726460009813308716e-01,2.215533405542373657e-01,2.521944977343082428e-02,2.429297268390655518e-01,3.250036835670471191e-01,4.621854797005653381e-02,1.000802963972091675e-01,2.358989864587783813e-01,5.846117138862609863e-01,4.098273217678070068e-01,8.616463094949722290e-02,2.533150017261505127e-01,1.278745085000991821e-01,1.800420880317687988e-01,8.130487799644470215e-02,9.729959070682525635e-02,1.319525837898254395e-01,3.053091466426849365e-01,3.115154802799224854e-01,1.124279722571372986e-01,1.772010326385498047e-01,1.936299502849578857e-01,3.646744191646575928e-01,1.738860607147216797e-01,2.776854336261749268e-01,1.526430062949657440e-02,2.174054682254791260e-01,9.974270313978195190e-02,1.213468834757804871e-01,2.569222152233123779e-01,2.892557159066200256e-02,-5.720010027289390564e-03,2.113568931818008423e-01,2.544638216495513916e-01,3.819471299648284912e-01,1.345551609992980957e-01,1.723298579454421997e-01,3.228403031826019287e-01,4.980910196900367737e-02,-7.412120699882507324e-02
3.977713584899902344e-01,1.258472800254821777e-01,1.997377723455429077e-01,-7.119935750961303711e-02,3.688128292560577393e-01,-1.313184574246406555e-02,6.786566972732543945e-02,1.000000119209289551e+00,2.475222051143646240e-01,8.075160533189773560e-02,6.177824735641479492e-01,1.886840015649795532e-01,9.169544279575347900e-02,6.107808947563171387e-01,5.426445603370666504e-01,3.197367489337921143e-01,2.615318000316619873e-01,1.072486564517021179e-01,2.073782980442047119e-01,2.086360305547714233e-01,1.551602035760879517e-02,-8.877819776535034180e-02,2.228427231311798096e-01,-1.919184923171997070e-01,2.116487920284271240e-01,1.351886093616485596e-01,1.345165669918060303e-01,9.658490866422653198e-02,9.430695325136184692e-02,-2.083091735839843750e-01,-7.370048016309738159e-02,-8.899228274822235107e-02,5.316172242164611816e-01,3.801651597023010254e-01,-1.317731589078903198e-01,-7.234375178813934326e-02,5.645627379417419434e-01,3.111689984798431396e-01,5.029815062880516052e-02,2.621837332844734192e-02,2.220112681388854980e-01,5.278737470507621765e-02,5.189315974712371826e-02,2.783806920051574707e-01,7.831919938325881958e-02,3.655265644192695618e-02,-1.322207599878311157e-01,3.093461738899350166e-03
2.362674027681350708e-01,4.236912131309509277e-01,-1.304813078604638577e-03,4.722165688872337341e-02,3.990424871444702148e-01,2.490680217742919922e-01,1.726460009813308716e-01,2.475222051143646240e-01,1.000000119209289551e+00,3.029693961143493652e-01,4.395326375961303711e-01,5.874075293540954590e-01,2.190779894590377808e-02,8.453123271465301514e-02,3.160254061222076416e-01,3.169346153736114502e-01,1.717853248119354248e-01,1.331056356430053711e-01,1.223812252283096313e-01,2.431446313858032227e-01,2.662540674209594727e-01,1.194566041231155396e-01,2.284063845872879028e-01,8.625631034374237061e-02,1.366815418004989624e-01,1.247733756899833679e-01,2.081491649150848389e-01,1.367735564708709717e-01,1.300385743379592896e-01,7.726925611495971680e-02,2.009977251291275024e-01,5.493713170289993286e-02,3.252479732036590576e-01,1.794136911630630493e-01,1.188822984695434570e-01,4.221049696207046509e-02,1.144499704241752625e-01,2.089808136224746704e-01,2.452499717473983765e-01,2.669926285743713379e-01,3.554376661777496338e-01,4.295957684516906738e-01,3.348323702812194824e-01,6.309718489646911621e-01,2.838637530803680420e-01,3.471656143665313721e-01,1.800801306962966919e-01,7.982111535966396332e-03
-2.869469113647937775e-02,5.221309065818786621e-01,5.442933738231658936e-02,4.047811031341552734e-02,2.125555723905563354e-01,2.434138804674148560e-01,2.215533405542373657e-01,8.075160533189773560e-02,3.029693961143493652e-01,1.000000357627868652e+00,1.577290147542953491e-01,6.086779832839965820e-01,4.032717645168304443e-01,-1.037671640515327454e-01,3.501100838184356689e-01,3.994390070438385010e-01,1.806495934724807739e-01,1.839885860681533813e-01,6.155535113066434860e-03,2.053113579750061035e-01,1.698274016380310059e-01,7.479730248451232910e-02,2.919102311134338379e-01,3.316222727298736572e-01,1.113000884652137756e-02,-4.462848231196403503e-02,6.457629799842834473e-02,1.985100954771041870e-01,1.358834207057952881e-01,7.669325172901153564e-02,2.923671007156372070e-01,2.917140722274780273e-01,2.601331174373626709e-01,1.812037974596023560e-01,2.063290029764175415e-01,4.022403955459594727e-01,-1.321951597929000854e-01,3.315105438232421875e-01,1.179303750395774841e-01,1.201788187026977539e-01,3.529391288757324219e-01,5.845067501068115234e-01,1.326107978820800781e-01,3.007161021232604980e-01,5.087894797325134277e-01,4.406303763389587402e-01,2.201941013336181641e-01,2.866986691951751709e-01
3.859060406684875488e-01,2.117186933755874634e-01,2.499588578939437866e-01,-4.283500835299491882e-02,5.017979741096496582e-01,8.390858769416809082e-03,2.521944977343082428e-02,6.177824735641479492e-01,4.395326375961303711e-01,1.577290147542953491e-01,1.000000000000000000e+00,2.789373993873596191e-01,1.578847877681255341e-02,3.853370845317840576e-01,5.697052478790283203e-01,2.550285756587982178e-01,1.688814014196395874e-01,7.589757442474365234e-02,1.727204173803329468e-01,2.082155644893646240e-01,9.102553129196166992e-02,-4.457791149616241455e-02,1.945174336433410645e-01,-1.622255891561508179e-01,2.244336456060409546e-01,1.259876787662506104e-01,7.397260516881942749e-02,1.140406131744384766e-01,7.832199335098266602e-02,-1.917518079280853271e-01,-5.904766917228698730e-02,-9.035527706146240234e-02,4.193053543567657471e-01,2.921407818794250488e-01,-1.184633597731590271e-01,-1.019266769289970398e-01,3.023616373538970947e-01,3.163991570472717285e-01,5.138448998332023621e-02,2.394720353186130524e-02,3.889328539371490479e-01,1.508354246616363525e-01,8.250112831592559814e-02,3.780857622623443604e-01,2.477215677499771118e-01,9.641393274068832397e-02,-1.200340688228607178e-01,-4.036618024110794067e-02
-7.502463180571794510e-03,4.775503873825073242e-01,-5.769106745719909668e-02,-1.116270385682582855e-02,2.575149536132812500e-01,4.089165627956390381e-01,2.429297268390655518e-01,1.886840015649795532e-01,5.874075293540954590e-01,6.086779832839965820e-01,2.789373993873596191e-01,1.000000000000000000e+00,2.918356060981750488e-01,-1.341777667403221130e-02,3.722366690635681152e-01,5.679334998130798340e-01,1.573451608419418335e-01,1.125579699873924255e-01,-1.233709529042243958e-01,2.397657483816146851e-01,1.210811361670494080e-01,5.197870358824729919e-02,1.586493253707885742e-01,2.231617718935012817e-01,-2.854961715638637543e-02,3.040304593741893768e-02,9.199225902557373047e-02,9.085284918546676636e-02,5.857343971729278564e-02,2.475016005337238312e-02,2.231029868125915527e-01,1.594410389661788940e-01,3.907951116561889648e-01,1.495846360921859741e-01,1.391946375370025635e-01,3.076549768447875977e-01,-8.464634418487548828e-02,2.175195068120956421e-01,1.736069470643997192e-01,1.952738314867019653e-01,3.356007039546966553e-01,5.938175320625305176e-01,2.467977255582809448e-01,5.122029185295104980e-01,3.445390164852142334e-01,5.021777153015136719e-01,2.797393798828125000e-01,1.845223605632781982e-01
8.522724360227584839e-02,2.919687926769256592e-01,8.376885950565338135e-02,2.581797838211059570e-01,1.700170189142227173e-01,3.450481295585632324e-01,3.250036835670471191e-01,9.169544279575347900e-02,2.190779894590377808e-02,4.032717645168304443e-01,1.578847877681255341e-02,2.918356060981750488e-01,1.000000357627868652e+00,2.347625326365232468e-03,3.672086447477340698e-02,4.811193346977233887e-01,3.113951683044433594e-01,7.355345785617828369e-02,1.641291230916976929e-01,2.615252137184143066e-01,4.296195507049560547e-02,-1.848153024911880493e-01,4.727720320224761963e-01,2.448441535234451294e-01,1.547382920980453491e-01,3.495658049359917641e-03,2.330985665321350098e-01,3.187386393547058105e-01,2.114569097757339478e-01,-5.505696753971278667e-04,8.874180167913436890e-02,-2.930999360978603363e-02,2.327670156955718994e-01,7.144633680582046509e-02,1.082783788442611694e-01,4.103342890739440918e-01,1.564854942262172699e-02,1.594618260860443115e-01,9.772405028343200684e-02,-4.643917456269264221e-02,1.629162728786468506e-01,3.298302888870239258e-01,2.247872948646545410e-01,8.895476162433624268e-02,2.400462925434112549e-01,3.421916067600250244e-01,9.823094308376312256e-02,6.450163573026657104e-02
3.635381460189819336e-01,-1.069701835513114929e-01,2.298094779253005981e-01,3.511649370193481445e-02,1.363187432289123535e-01,-1.522888690233230591e-01,4.621854797005653381e-02,6.107808947563171387e-01,8.453123271465301514e-02,-1.037671640515327454e-01,3.853370845317840576e-01,-1.341777667403221130e-02,2.347625326365232468e-03,9.999999403953552246e-01,3.148893117904663086e-01,2.522152476012706757e-02,1.416545510292053223e-01,9.481124579906463623e-03,1.690174043178558350e-01,1.357427425682544708e-02,-1.727627962827682495e-01,-9.113180637359619141e-02,9.253658354282379150e-02,-2.835183441638946533e-01,2.838451266288757324e-01,1.603013724088668823e-01,9.041193127632141113e-02,7.599291205406188965e-02,3.175594657659530640e-02,-2.574556469917297363e-01,-1.280081570148468018e-01,-1.234629526734352112e-01,1.706142425537109375e-01,1.257869005203247070e-01,-2.648833096027374268e-01,-1.955500990152359009e-01,6.851969361305236816e-01,2.578778192400932312e-02,-1.521001160144805908e-01,-7.764135301113128662e-02,3.629174549132585526e-03,-1.892200410366058350e-01,-1.462618005461990833e-03,7.687801029533147812e-03,-1.128251105546951294e-01,-9.452317655086517334e-02,-2.451582700014114380e-01,4.385636188089847565e-03
1.758491992950439453e-01,2.456642687320709229e-01,2.462872713804244995e-01,-5.869756452739238739e-03,2.029325366020202637e-01,2.501815743744373322e-02,1.000802963972091675e-01,5.426445603370666504e-01,3.160254061222076416e-01,3.501100838184356689e-01,5.697052478790283203e-01,3.722366690635681152e-01,3.672086447477340698e-02,3.148893117904663086e-01,1.000000000000000000e+00,3.459801077842712402e-01,1.904407292604446411e-01,1.466075330972671509e-01,7.407994568347930908e-02,4.295248538255691528e-02,1.112014204263687134e-01,1.165745630860328674e-01,1.218469813466072083e-01,2.589720860123634338e-02,1.750009953975677490e-01,3.474438935518264771e-02,1.334517151117324829e-01,1.331575065851211548e-01,1.102128624916076660e-01,-5.991791561245918274e-02,9.047297388315200806e-02,1.433982700109481812e-01,3.681440949440002441e-01,2.751356363296508789e-01,-2.921107783913612366e-02,8.523124456405639648e-02,2.147985547780990601e-01,4.282577335834503174e-01,6.923397630453109741e-02,1.108272299170494080e-01,2.683690190315246582e-01,2.333882600069046021e-01,-1.689587719738483429e-03,2.758567929267883301e-01,3.516418933868408203e-01,7.364819943904876709e-02,2.172296494245529175e-02,1.681635230779647827e-01
1.043802499771118164e-02,4.166270196437835693e-01,-4.209251329302787781e-02,1.940611749887466431e-02,3.098833560943603516e-01,3.180461525917053223e-01,2.358989864587783813e-01,3.197367489337921143e-01,3.169346153736114502e-01,3.994390070438385010e-01,2.550285756587982178e-01,5.679334998130798340e-01,4.811193346977233887e-01,2.522152476012706757e-02,3.459801077842712402e-01,9.999995827674865723e-01,1.704003065824508667e-01,8.957084268331527710e-02,-6.213087122887372971e-03,3.048396110534667969e-01,1.611212044954299927e-01,-1.564943343400955200e-01,2.611198127269744873e-01,2.047157287597656250e-01,-5.343054607510566711e-02,1.281148195266723633e-01,1.774356514215469360e-01,6.784426420927047729e-02,1.546857357025146484e-01,8.272778242826461792e-02,8.775831758975982666e-02,-1.869877986609935760e-02,4.738180935382843018e-01,6.007981300354003906e-02,1.364820897579193115e-01,2.727069854736328125e-01,1.076801121234893799e-02,2.546726167201995850e-01,4.186519682407379150e-01,1.710789501667022705e-01,3.283837139606475830e-01,4.825311005115509033e-01,1.022011414170265198e-01,3.706490993499755859e-01,3.672084510326385498e-01,3.255154788494110107e-01,1.884775906801223755e-01,3.864458203315734863e-02
1.197352707386016846e-01,2.660160660743713379e-01,1.439260542392730713e-01,4.329039752483367920e-01,1.447096616029739380e-01,2.992061674594879150e-01,5.846117138862609863e-01,2.615318000316619873e-01,1.717853248119354248e-01,1.806495934724807739e-01,1.688814014196395874e-01,1.573451608419418335e-01,3.113951683044433594e-01,1.416545510292053223e-01,1.904407292604446411e-01,1.704003065824508667e-01,9.999997019767761230e-01,6.428726911544799805e-01,1.444521248340606689e-01,3.841855525970458984e-01,2.126290947198867798e-01,2.824576795101165771e-01,2.039476037025451660e-01,3.301708400249481201e-02,2.703750729560852051e-01,8.053555339574813843e-02,3.814593553543090820e-01,1.785893142223358154e-01,2.616837620735168457e-01,1.755014061927795410e-01,4.018190205097198486e-01,1.501947790384292603e-01,3.791261315345764160e-01,2.218054980039596558e-01,1.107627972960472107e-01,1.783859431743621826e-01,2.580706775188446045e-01,3.447174429893493652e-01,-1.002675015479326248e-02,1.251168698072433472e-01,2.849702537059783936e-01,2.038501650094985962e-01,4.999457597732543945e-01,1.997200399637222290e-01,2.106296569108963013e-01,2.618584632873535156e-01,3.211043030023574829e-02,-1.683423221111297607e-01
-1.920903325080871582e-01,4.225486218929290771e-01,8.805371075868606567e-02,2.373612523078918457e-01,1.020080074667930603e-01,1.200672611594200134e-01,4.098273217678070068e-01,1.072486564517021179e-01,1.331056356430053711e-01,1.839885860681533813e-01,7.589757442474365234e-02,1.125579699873924255e-01,7.355345785617828369e-02,9.481124579906463623e-03,1.466075330972671509e-01,8.957084268331527710e-02,6.428726911544799805e-01,1.000000715255737305e+00,1.145302876830101013e-02,4.714650511741638184e-01,4.121490418910980225e-01,3.519597053527832031e-01,1.676110178232192993e-01,1.448315531015396118e-01,-3.353312611579895020e-02,1.357327699661254883e-01,3.077321052551269531e-01,2.208761684596538544e-02,2.527503371238708496e-01,3.979903161525726318e-01,5.511598587036132812e-01,3.049804270267486572e-01,2.842875719070434570e-01,1.935314238071441650e-01,2.971931397914886475e-01,2.033247053623199463e-01,9.550309926271438599e-02,3.522920012474060059e-01,1.929500997066497803e-01,3.266297280788421631e-01,3.719556927680969238e-01,2.844658493995666504e-01,2.591133713722229004e-01,2.646317183971405029e-01,2.723363935947418213e-01,1.166535615921020508e-01,1.525625288486480713e-01,-1.952456086874008179e-01
4.130827486515045166e-01,6.390583515167236328e-02,3.709443211555480957e-01,1.360193490982055664e-01,2.766462974250316620e-02,-1.274176537990570068e-01,8.616463094949722290e-02,2.073782980442047119e-01,1.223812252283096313e-01,6.155535113066434860e-03,1.727204173803329468e-01,-1.233709529042243958e-01,1.641291230916976929e-01,1.690174043178558350e-01,7.407994568347930908e-02,-6.213087122887372971e-03,1.444521248340606689e-01,1.145302876830101013e-02,1.000000357627868652e+00,2.427900731563568115e-01,6.638170033693313599e-02,-1.339733600616455078e-01,3.617095053195953369e-01,-1.549258083105087280e-01,2.522911429405212402e-01,1.364563554525375366e-01,1.955430209636688232e-01,2.807603180408477783e-01,1.951473802328109741e-01,5.465082079172134399e-02,-4.199764877557754517e-02,-3.555930778384208679e-02,-1.461767777800559998e-02,7.777360826730728149e-02,3.510365262627601624e-02,-9.341600537300109863e-02,3.006188869476318359e-01,2.185667306184768677e-02,1.060860678553581238e-01,-3.534907847642898560e-02,-2.333074994385242462e-02,-1.021195948123931885e-01,2.042100131511688232e-01,-1.188427675515413284e-02,-2.118155546486377716e-02,-5.862329527735710144e-02,-1.522906273603439331e-01,-1.535065025091171265e-01
-7.963746786117553711e-02,4.467530846595764160e-01,4.854170605540275574e-02,8.181758970022201538e-02,3.955475986003875732e-01,2.692407071590423584e-01,2.533150017261505127e-01,2.086360305547714233e-01,2.431446313858032227e-01,2.053113579750061035e-01,2.082155644893646240e-01,2.397657483816146851e-01,2.615252137184143066e-01,1.357427425682544708e-02,4.295248538255691528e-02,3.048396110534667969e-01,3.841855525970458984e-01,4.714650511741638184e-01,2.427900731563568115e-01,9.999997615814208984e-01,5.330880284309387207e-01,6.228210404515266418e-02,2.729169428348541260e-01,8.487683534622192383e-02,-1.779217272996902466e-01,7.389613986015319824e-02,3.226607665419578552e-02,-9.306196123361587524e-02,1.490629091858863831e-02,2.682132720947265625e-01,3.298455774784088135e-01,7.508044689893722534e-02,2.716091573238372803e-01,2.346375435590744019e-01,2.663095891475677490e-01,9.018566459417343140e-02,6.324130296707153320e-02,2.416668534278869629e-01,3.013727664947509766e-01,2.472365051507949829e-01,3.932641744613647461e-01,3.421809375286102295e-01,3.618063032627105713e-01,4.409173727035522461e-01,1.197822093963623047e-01,3.232391178607940674e-01,1.345745772123336792e-01,-1.967295706272125244e-01
-1.943049728870391846e-01,4.211273491382598877e-01,-4.065608978271484375e-02,1.114260032773017883e-01,3.151181042194366455e-01,2.198063284158706665e-01,1.278745085000991821e-01,1.551602035760879517e-02,2.662540674209594727e-01,1.698274016380310059e-01,9.102553129196166992e-02,1.210811361670494080e-01,4.296195507049560547e-02,-1.727627962827682495e-01,1.112014204263687134e-01,1.611212044954299927e-01,2.126290947198867798e-01,4.121490418910980225e-01,6.638170033693313599e-02,5.330880284309387207e-01,1.000000476837158203e+00,3.204201161861419678e-01,1.985897272825241089e-01,2.274111062288284302e-01,-2.558077573776245117e-01,-6.377172656357288361e-03,6.379010528326034546e-02,-7.435162365436553955e-02,-1.010507531464099884e-02,3.028727173805236816e-01,3.883729875087738037e-01,2.656856477260589600e-01,1.683545857667922974e-01,2.544785737991333008e-01,2.949224114418029785e-01,2.038054317235946655e-01,-1.465522199869155884e-01,2.698576748371124268e-01,3.824136853218078613e-01,5.244803428649902344e-01,3.714990317821502686e-01,2.358147799968719482e-01,2.254378944635391235e-01,4.527150988578796387e-01,1.489911079406738281e-01,1.745536178350448608e-01,2.353787720203399658e-01,-3.824551776051521301e-02
9.726610034704208374e-03,9.172316640615463257e-02,-3.907532617449760437e-02,1.751800179481506348e-01,-4.093778878450393677e-02,8.653107285499572754e-02,1.800420880317687988e-01,-8.877819776535034180e-02,1.194566041231155396e-01,7.479730248451232910e-02,-4.457791149616241455e-02,5.197870358824729919e-02,-1.848153024911880493e-01,-9.113180637359619141e-02,1.165745630860328674e-01,-1.564943343400955200e-01,2.824576795101165771e-01,3.519597053527832031e-01,-1.339733600616455078e-01,6.228210404515266418e-02,3.204201161861419678e-01,1.000000476837158203e+00,-6.962962448596954346e-02,-1.455363724380731583e-02,1.546858996152877808e-01,-8.119782805442810059e-02,1.625506579875946045e-01,-3.443192690610885620e-02,1.131001338362693787e-01,2.594584524631500244e-01,4.228087663650512695e-01,2.977233529090881348e-01,1.382386684417724609e-01,8.230929076671600342e-02,2.731614410877227783e-01,1.458801031112670898e-01,-6.348212063312530518e-02,1.812978833913803101e-01,8.290632814168930054e-02,3.543549180030822754e-01,3.139073401689529419e-02,7.227835059165954590e-02,2.333336919546127319e-01,1.010566949844360352e-01,1.000312119722366333e-01,1.470011472702026367e-01,5.629896372556686401e-02,1.546893119812011719e-01
2.053471803665161133e-01,3.374797105789184570e-01,8.365833014249801636e-02,6.511168181896209717e-02,2.163666635751724243e-01,-2.828749641776084900e-02,8.130487799644470215e-02,2.228427231311798096e-01,2.284063845872879028e-01,2.919102311134338379e-01,1.945174336433410645e-01,1.586493253707885742e-01,4.727720320224761963e-01,9.253658354282379150e-02,1.218469813466072083e-01,2.611198127269744873e-01,2.039476037025451660e-01,1.676110178232192993e-01,3.617095053195953369e-01,2.729169428348541260e-01,1.985897272825241089e-01,-6.962962448596954346e-02,9.999997019767761230e-01,1.826568245887756348e-01,2.397832423448562622e-01,1.139697656035423279e-01,1.544834375381469727e-01,2.188338190317153931e-01,2.854210734367370605e-01,7.863228768110275269e-02,7.942534983158111572e-02,-5.688970908522605896e-02,1.945997625589370728e-01,2.922848463058471680e-01,1.926295608282089233e-01,3.400268554687500000e-01,2.519713342189788818e-01,1.995101571083068848e-01,2.616575360298156738e-01,2.563118934631347656e-01,1.448376923799514771e-01,2.523705363273620605e-01,6.093156337738037109e-02,2.448029965162277222e-01,2.477626055479049683e-01,1.011241078376770020e-01,4.106592386960983276e-02,1.068236455321311951e-01
-3.058393597602844238e-01,3.489674627780914307e-01,-1.791749894618988037e-01,9.651950094848871231e-04,5.436702072620391846e-02,1.796298623085021973e-01,9.729959070682525635e-02,-1.919184923171997070e-01,8.625631034374237061e-02,3.316222727298736572e-01,-1.622255891561508179e-01,2.231617718935012817e-01,2.448441535234451294e-01,-2.835183441638946533e-01,2.589720860123634338e-02,2.047157287597656250e-01,3.301708400249481201e-02,1.448315531015396118e-01,-1.549258083105087280e-01,8.487683534622192383e-02,2.274111062288284302e-01,-1.455363724380731583e-02,1.826568245887756348e-01,1.000000238418579102e+00,-2.140936404466629028e-01,-1.143954098224639893e-01,-1.614152826368808746e-02,-3.230412676930427551e-02,-2.348372898995876312e-02,2.060590684413909912e-01,4.428928792476654053e-01,4.327803552150726318e-01,4.606442525982856750e-02,4.506641998887062073e-02,2.579816579818725586e-01,5.230786800384521484e-01,-2.712504863739013672e-01,2.049066573381423950e-01,2.153260409832000732e-01,2.164561003446578979e-01,1.342234313488006592e-01,3.667168319225311279e-01,-5.010883137583732605e-02,1.368441879749298096e-01,2.670663297176361084e-01,2.047970592975616455e-01,7.221765518188476562e-01,3.599810898303985596e-01
6.084628105163574219e-01,-1.066135019063949585e-01,2.944718003273010254e-01,3.205130100250244141e-01,3.418754041194915771e-02,3.256664611399173737e-03,1.319525837898254395e-01,2.116487920284271240e-01,1.366815418004989624e-01,1.113000884652137756e-02,2.244336456060409546e-01,-2.854961715638637543e-02,1.547382920980453491e-01,2.838451266288757324e-01,1.750009953975677490e-01,-5.343054607510566711e-02,2.703750729560852051e-01,-3.353312611579895020e-02,2.522911429405212402e-01,-1.779217272996902466e-01,-2.558077573776245117e-01,1.546858996152877808e-01,2.397832423448562622e-01,-2.140936404466629028e-01,9.999999403953552246e-01,3.390650078654289246e-02,4.259866774082183838e-01,3.980117440223693848e-01,3.433646559715270996e-01,-6.126376241445541382e-02,-1.082004141062498093e-02,-1.741514801979064941e-01,2.363055497407913208e-01,5.119741708040237427e-02,-1.546699255704879761e-01,-8.241692930459976196e-02,3.851974904537200928e-01,6.869456917047500610e-02,-1.289640218019485474e-01,-8.180017769336700439e-02,-1.112468242645263672e-01,-6.837487220764160156e-02,1.774526387453079224e-01,-1.064623147249221802e-01,5.849648267030715942e-02,1.374206542968750000e-01,-2.656785547733306885e-01,6.656094640493392944e-02
1.010132953524589539e-01,1.301121860742568970e-01,8.534668385982513428e-02,1.657712012529373169e-01,9.152080118656158447e-02,-6.867582350969314575e-02,3.053091466426849365e-01,1.351886093616485596e-01,1.247733756899833679e-01,-4.462848231196403503e-02,1.259876787662506104e-01,3.040304593741893768e-02,3.495658049359917641e-03,1.603013724088668823e-01,3.474438935518264771e-02,1.281148195266723633e-01,8.053555339574813843e-02,1.357327699661254883e-01,1.364563554525375366e-01,7.389613986015319824e-02,-6.377172656357288361e-03,-8.119782805442810059e-02,1.139697656035423279e-01,-1.143954098224639893e-01,3.390650078654289246e-02,9.999999403953552246e-01,1.797119677066802979e-01,5.165277048945426941e-02,2.284434884786605835e-01,-2.650141716003417969e-02,-2.418891340494155884e-02,-7.498426735401153564e-02,1.157615259289741516e-01,-1.602184772491455078e-01,-5.230434611439704895e-02,-1.247704327106475830e-01,2.148701697587966919e-01,7.186725735664367676e-02,1.071207672357559204e-01,-9.015403920784592628e-04,1.343737244606018066e-01,-8.244918659329414368e-03,-7.080848515033721924e-02,6.492485851049423218e-02,6.242933124303817749e-02,-1.097279489040374756e-01,-9.963428229093551636e-02,-8.274097740650177002e-02
2.644104063510894775e-01,2.783041596412658691e-01,2.374376654624938965e-01,3.919852674007415771e-01,9.748671948909759521e-02,2.522024512290954590e-01,3.115154802799224854e-01,1.345165669918060303e-01,2.081491649150848389e-01,6.457629799842834473e-02,7.397260516881942749e-02,9.199225902557373047e-02,2.330985665321350098e-01,9.041193127632141113e-02,1.334517151117324829e-01,1.774356514215469360e-01,3.814593553543090820e-01,3.077321052551269531e-01,1.955430209636688232e-01,3.226607665419578552e-02,6.379010528326034546e-02,1.625506579875946045e-01,1.544834375381469727e-01,-1.614152826368808746e-02,4.259866774082183838e-01,1.797119677066802979e-01,9.999997615814208984e-01,4.340254068374633789e-01,4.844478070735931396e-01,3.118301630020141602e-01,2.679839134216308594e-01,7.974886149168014526e-02,3.727507889270782471e-01,-1.721303537487983704e-02,7.515282928943634033e-02,1.866675019264221191e-01,1.442490369081497192e-01,2.236872762441635132e-01,1.354694813489913940e-01,1.577234417200088501e-01,2.377128303050994873e-01,1.531621962785720825e-01,3.199032843112945557e-01,1.704808175563812256e-01,2.431745529174804688e-01,1.411646902561187744e-01,-7.781316526234149933e-03,-1.288411319255828857e-01
5.199623107910156250e-01,2.040091156959533691e-01,4.159871339797973633e-01,3.741675913333892822e-01,2.132223248481750488e-01,1.740462929010391235e-01,1.124279722571372986e-01,9.658490866422653198e-02,1.367735564708709717e-01,1.985100954771041870e-01,1.140406131744384766e-01,9.085284918546676636e-02,3.187386393547058105e-01,7.599291205406188965e-02,1.331575065851211548e-01,6.784426420927047729e-02,1.785893142223358154e-01,2.208761684596538544e-02,2.807603180408477783e-01,-9.306196123361587524e-02,-7.435162365436553955e-02,-3.443192690610885620e-02,2.188338190317153931e-01,-3.230412676930427551e-02,3.980117440223693848e-01,5.165277048945426941e-02,4.340254068374633789e-01,9.999999403953552246e-01,5.532339215278625488e-01,-3.331924974918365479e-02,-5.463388748466968536e-03,-4.432705417275428772e-02,1.337739080190658569e-01,-1.830677874386310577e-02,-7.698006182909011841e-02,1.490379869937896729e-01,1.238688081502914429e-01,1.021970659494400024e-01,-6.074025109410285950e-02,-1.708332635462284088e-02,1.809000819921493530e-01,1.299559324979782104e-01,1.608065366744995117e-01,5.996894836425781250e-02,1.811395287513732910e-01,1.170880720019340515e-01,-6.815414875745773315e-02,2.584000863134860992e-02
2.975030243396759033e-01,1.841296553611755371e-01,2.032234519720077515e-01,2.542811334133148193e-01,1.182843819260597229e-01,1.541363000869750977e-01,1.772010326385498047e-01,9.430695325136184692e-02,1.300385743379592896e-01,1.358834207057952881e-01,7.832199335098266602e-02,5.857343971729278564e-02,2.114569097757339478e-01,3.175594657659530640e-02,1.102128624916076660e-01,1.546857357025146484e-01,2.616837620735168457e-01,2.527503371238708496e-01,1.951473802328109741e-01,1.490629091858863831e-02,-1.010507531464099884e-02,1.131001338362693787e-01,2.854210734367370605e-01,-2.348372898995876312e-02,3.433646559715270996e-01,2.284434884786605835e-01,4.844478070735931396e-01,5.532339215278625488e-01,9.999994635581970215e-01,3.161670863628387451e-01,1.700150817632675171e-01,-1.600882597267627716e-02,1.959795355796813965e-01,-2.198292128741741180e-02,1.406821161508560181e-01,1.626418977975845337e-01,1.259105354547500610e-01,1.910674422979354858e-01,1.909112036228179932e-01,1.830152720212936401e-01,1.249669864773750305e-01,2.243305295705795288e-01,2.021213769912719727e-01,1.031641811132431030e-01,2.679533958435058594e-01,3.810931742191314697e-02,-2.834728732705116272e-02,-8.918620645999908447e-02
-2.370340079069137573e-01,3.576494455337524414e-01,1.775625534355640411e-02,2.236098051071166992e-01,-4.005358368158340454e-02,1.814209669828414917e-01,1.936299502849578857e-01,-2.083091735839843750e-01,7.726925611495971680e-02,7.669325172901153564e-02,-1.917518079280853271e-01,2.475016005337238312e-02,-5.505696753971278667e-04,-2.574556469917297363e-01,-5.991791561245918274e-02,8.272778242826461792e-02,1.755014061927795410e-01,3.979903161525726318e-01,5.465082079172134399e-02,2.682132720947265625e-01,3.028727173805236816e-01,2.594584524631500244e-01,7.863228768110275269e-02,2.060590684413909912e-01,-6.126376241445541382e-02,-2.650141716003417969e-02,3.118301630020141602e-01,-3.331924974918365479e-02,3.161670863628387451e-01,1.000000119209289551e+00,5.867778658866882324e-01,2.466390877962112427e-01,-2.065062057226896286e-03,4.195284098386764526e-02,4.145122468471527100e-01,2.302464544773101807e-01,-1.763954311609268188e-01,2.258417755365371704e-01,3.559308350086212158e-01,3.070325255393981934e-01,1.813736259937286377e-01,3.091043233871459961e-01,2.304006963968276978e-01,1.877982765436172485e-01,2.669377326965332031e-01,1.706803441047668457e-01,2.241126298904418945e-01,-1.270329356193542480e-01
-1.737545281648635864e-01,4.525584280490875244e-01,7.459077984094619751e-02,3.184531331062316895e-01,7.572137564420700073e-02,2.876054346561431885e-01,3.646744191646575928e-01,-7.370048016309738159e-02,2.009977251291275024e-01,2.923671007156372070e-01,-5.904766917228698730e-02,2.231029868125915527e-01,8.874180167913436890e-02,-1.280081570148468018e-01,9.047297388315200806e-02,8.775831758975982666e-02,4.018190205097198486e-01,5.511598587036132812e-01,-4.199764877557754517e-02,3.298455774784088135e-01,3.883729875087738037e-01,4.228087663650512695e-01,7.942534983158111572e-02,4.428928792476654053e-01,-1.082004141062498093e-02,-2.418891340494155884e-02,2.679839134216308594e-01,-5.463388748466968536e-03,1.700150817632675171e-01,5.867778658866882324e-01,1.000000119209289551e+00,5.608296394348144531e-01,1.737779676914215088e-01,1.151325479149818420e-01,3.205888867378234863e-01,4.007075428962707520e-01,-5.226523429155349731e-02,3.642668128013610840e-01,1.898799836635589600e-01,3.013486862182617188e-01,3.103051185607910156e-01,3.303891122341156006e-01,2.970754206180572510e-01,3.014999926090240479e-01,2.592163085937500000e-01,3.027510344982147217e-01,4.292188286781311035e-01,1.209151446819305420e-01
-3.042039275169372559e-01,2.454355657100677490e-01,-1.344410050660371780e-02,5.727589875459671021e-02,-9.216491878032684326e-02,1.128831952810287476e-01,1.738860607147216797e-01,-8.899228274822235107e-02,5.493713170289993286e-02,2.917140722274780273e-01,-9.035527706146240234e-02,1.594410389661788940e-01,-2.930999360978603363e-02,-1.234629526734352112e-01,1.433982700109481812e-01,-1.869877986609935760e-02,1.501947790384292603e-01,3.049804270267486572e-01,-3.555930778384208679e-02,7.508044689893722534e-02,2.656856477260589600e-01,2.977233529090881348e-01,-5.688970908522605896e-02,4.327803552150726318e-01,-1.741514801979064941e-01,-7.498426735401153564e-02,7.974886149168014526e-02,-4.432705417275428772e-02,-1.600882597267627716e-02,2.466390877962112427e-01,5.608296394348144531e-01,1.000000357627868652e+00,5.212107207626104355e-04,4.022471606731414795e-02,2.086897939443588257e-01,3.657330870628356934e-01,-1.233372092247009277e-01,2.509884536266326904e-01,7.430141419172286987e-02,1.491176337003707886e-01,1.065200641751289368e-01,1.239180937409400940e-01,1.416586935520172119e-01,1.225504204630851746e-01,8.147159218788146973e-02,5.902718380093574524e-02,4.781658947467803955e-01,2.649439275264739990e-01
2.616283595561981201e-01,3.529440462589263916e-01,3.054770641028881073e-02,9.925564378499984741e-02,3.984047770500183105e-01,3.513714075088500977e-01,2.776854336261749268e-01,5.316172242164611816e-01,3.252479732036590576e-01,2.601331174373626709e-01,4.193053543567657471e-01,3.907951116561889648e-01,2.327670156955718994e-01,1.706142425537109375e-01,3.681440949440002441e-01,4.738180935382843018e-01,3.791261315345764160e-01,2.842875719070434570e-01,-1.461767777800559998e-02,2.716091573238372803e-01,1.683545857667922974e-01,1.382386684417724609e-01,1.945997625589370728e-01,4.606442525982856750e-02,2.363055497407913208e-01,1.157615259289741516e-01,3.727507889270782471e-01,1.337739080190658569e-01,1.959795355796813965e-01,-2.065062057226896286e-03,1.737779676914215088e-01,5.212107207626104355e-04,1.000000357627868652e+00,2.489393353462219238e-01,1.326648592948913574e-01,1.487085521221160889e-01,1.635793596506118774e-01,4.562902748584747314e-01,2.164706885814666748e-01,2.058336287736892700e-01,3.872871398925781250e-01,3.644482791423797607e-01,2.032807767391204834e-01,3.955196738243103027e-01,2.921022772789001465e-01,3.343919515609741211e-01,2.325634472072124481e-02,5.491054058074951172e-02
