9.999997019767761230e-01,3.341379165649414062e-01,4.949751198291778564e-01,5.249995589256286621e-01,5.669223666191101074e-01,3.788679242134094238e-01,5.261121988296508789e-01,4.152069687843322754e-01,4.843560159206390381e-01,3.812169432640075684e-01,4.231780767440795898e-01,4.448065459728240967e-01,3.617876172065734863e-01,2.385037988424301147e-01,2.494702190160751343e-01,1.503729373216629028e-01,4.531888663768768311e-01,3.864362537860870361e-01,5.097075104713439941e-01,3.676210045814514160e-01,4.752652645111083984e-01,2.625901997089385986e-01,2.870947718620300293e-01,2.963522672653198242e-01,5.883441567420959473e-01,3.759410083293914795e-01,4.612525105476379395e-01,6.377509236335754395e-01,6.152564287185668945e-01,4.792274236679077148e-01,4.454037249088287354e-01,4.007616043090820312e-01,6.341757774353027344e-01,1.807963848114013672e-01,1.440001726150512695e-01,1.854124516248703003e-01,1.646915972232818604e-01,1.497056335210800171e-01,1.702906005084514618e-02,7.854307442903518677e-02,4.929026067256927490e-01,5.503194332122802734e-01,6.083764433860778809e-01,9.626531600952148438e-02,4.465960264205932617e-01,5.066828131675720215e-01,2.697954177856445312e-01,1.991029679775238037e-01
3.341379165649414062e-01,1.000000238418579102e+00,3.082746267318725586e-01,2.528646290302276611e-01,5.420176982879638672e-01,2.743558883666992188e-01,3.564371764659881592e-01,3.294951319694519043e-01,3.488773703575134277e-01,4.426554143428802490e-01,3.526758849620819092e-01,2.065111547708511353e-01,4.268404841423034668e-01,4.544982016086578369e-01,2.006809413433074951e-01,7.285376638174057007e-02,2.455909848213195801e-01,1.572494953870773315e-01,4.493979215621948242e-01,4.300817847251892090e-01,2.390943169593811035e-01,-6.704286206513643265e-03,2.356699854135513306e-01,-8.151501417160034180e-03,2.192220240831375122e-01,3.917576074600219727e-01,2.072338946163654327e-03,4.259136915206909180e-01,5.991337895393371582e-01,2.035576105117797852e-01,5.974714457988739014e-02,6.395711004734039307e-02,3.967125117778778076e-01,4.320594370365142822e-01,2.124705761671066284e-01,-9.460584819316864014e-02,4.288506805896759033e-01,3.778662383556365967e-01,6.485659629106521606e-02,-1.221957057714462280e-01,6.344401240348815918e-01,6.956475973129272461e-01,5.763719677925109863e-01,6.529564857482910156e-01,5.826197266578674316e-01,5.584580302238464355e-01,-4.426425322890281677e-02,1.219863537698984146e-02
4.949751198291778564e-01,3.082746267318725586e-01,9.999995231628417969e-01,7.263243794441223145e-01,4.022628664970397949e-01,4.558742344379425049e-01,5.287244319915771484e-01,2.789233326911926270e-01,4.307090044021606445e-01,3.424633145332336426e-01,3.240624070167541504e-01,5.094662904739379883e-01,4.229656159877777100e-01,1.986694335937500000e-01,1.858665347099304199e-01,1.732171326875686646e-01,5.136477351188659668e-01,4.471552968025207520e-01,3.262245059013366699e-01,3.223829865455627441e-01,5.590065717697143555e-01,5.574870109558105469e-01,2.847872972488403320e-01,4.074721336364746094e-01,3.158956468105316162e-01,6.239769458770751953e-01,2.376230508089065552e-01,6.710047721862792969e-01,5.635383129119873047e-01,6.187701821327209473e-01,5.419651865959167480e-01,4.247193336486816406e-01,3.484089076519012451e-01,1.479790359735488892e-01,2.222798466682434082e-01,3.240309059619903564e-01,2.864657528698444366e-02,5.971515178680419922e-02,-7.296138256788253784e-02,1.897997260093688965e-01,2.723833322525024414e-01,4.060561060905456543e-01,3.045314848423004150e-01,1.886647194623947144e-01,3.360532820224761963e-01,3.761195838451385498e-01,3.771314620971679688e-01,3.515218794345855713e-01
5.249995589256286621e-01,2.528646290302276611e-01,7.263243794441223145e-01,9.999998211860656738e-01,4.600583314895629883e-01,5.603950619697570801e-01,5.006676912307739258e-01,3.178537189960479736e-01,4.421641230583190918e-01,3.476022779941558838e-01,3.744062781333923340e-01,5.179741978645324707e-01,4.190832376480102539e-01,9.926901757717132568e-02,2.280110418796539307e-01,2.566538453102111816e-01,4.782024025917053223e-01,4.534801542758941650e-01,3.566663265228271484e-01,4.045252799987792969e-01,5.713223218917846680e-01,5.633889436721801758e-01,2.972102761268615723e-01,4.001370966434478760e-01,2.511480748653411865e-01,4.791039526462554932e-01,2.142867743968963623e-01,5.659740567207336426e-01,4.809281527996063232e-01,5.460058450698852539e-01,4.900741577148437500e-01,4.955244660377502441e-01,3.178790211677551270e-01,1.329663395881652832e-01,1.765603870153427124e-01,3.581891953945159912e-01,1.389550510793924332e-02,2.402293495833873749e-02,-1.428827345371246338e-01,2.210811972618103027e-01,2.832499444484710693e-01,4.657834768295288086e-01,2.044584751129150391e-01,1.469400674104690552e-01,2.894960939884185791e-01,3.598157465457916260e-01,3.675144016742706299e-01,2.898564636707305908e-01
5.669223666191101074e-01,5.420176982879638672e-01,4.022628664970397949e-01,4.600583314895629883e-01,1.000000119209289551e+00,7.112079262733459473e-01,4.730868041515350342e-01,5.041183233261108398e-01,5.449538230895996094e-01,5.357536673545837402e-01,4.396852552890777588e-01,4.431761801242828369e-01,5.803942680358886719e-01,2.817501127719879150e-01,2.525843381881713867e-01,1.972472071647644043e-01,2.964767515659332275e-01,3.265628814697265625e-01,4.671027362346649170e-01,4.612261950969696045e-01,3.286949992179870605e-01,1.036371737718582153e-01,3.535881340503692627e-01,1.688531935214996338e-01,3.659678399562835693e-01,4.340218305587768555e-01,1.964378207921981812e-01,4.953533709049224854e-01,5.989467501640319824e-01,2.321655154228210449e-01,1.526172012090682983e-01,2.947109043598175049e-01,4.546544849872589111e-01,2.522209286689758301e-01,1.372884511947631836e-01,1.665908545255661011e-01,2.645623683929443359e-01,2.063304036855697632e-01,-1.057078391313552856e-01,1.198808103799819946e-01,5.837239027023315430e-01,6.696625947952270508e-01,4.380221664905548096e-01,4.270462989807128906e-01,5.296378731727600098e-01,6.102603077888488770e-01,7.995466142892837524e-02,1.041436269879341125e-01
3.788679242134094238e-01,2.743558883666992188e-01,4.558742344379425049e-01,5.603950619697570801e-01,7.112079262733459473e-01,1.000000953674316406e+00,4.363075792789459229e-01,4.538611173629760742e-01,5.271629691123962402e-01,4.778134822845458984e-01,3.883522748947143555e-01,5.826784372329711914e-01,6.160882711410522461e-01,1.263858675956726074e-01,2.179888784885406494e-01,2.819632589817047119e-01,2.915528714656829834e-01,3.167407512664794922e-01,2.473050355911254883e-01,3.629977703094482422e-01,4.449248015880584717e-01,3.435562849044799805e-01,3.472290635108947754e-01,3.265135586261749268e-01,2.514453828334808350e-01,3.849583268165588379e-01,1.349817365407943726e-01,4.625832736492156982e-01,4.056410193443298340e-01,2.755425572395324707e-01,2.105754911899566650e-01,3.895290493965148926e-01,3.170971870422363281e-01,1.643124669790267944e-01,2.331979125738143921e-01,3.629518449306488037e-01,1.347049325704574585e-01,8.224081248044967651e-02,-1.222575306892395020e-01,2.268647402524948120e-01,3.533650040626525879e-01,4.184446930885314941e-01,1.039841622114181519e-01,3.290441632270812988e-01,3.467628955841064453e-01,4.262413382530212402e-01,2.333987951278686523e-01,2.504036426544189453e-01
5.261121988296508789e-01,3.564371764659881592e-01,5.287244319915771484e-01,5.006676912307739258e-01,4.730868041515350342e-01,4.363075792789459229e-01,1.000000119209289551e+00,2.463785111904144287e-01,6.248915791511535645e-01,5.739825963973999023e-01,4.315002262592315674e-01,4.330820143222808838e-01,5.874195694923400879e-01,8.762058615684509277e-02,1.119494289159774780e-01,1.948044449090957642e-01,8.379562497138977051e-01,7.371072769165039062e-01,7.149502635002136230e-01,4.600175321102142334e-01,3.069614768028259277e-01,4.447205662727355957e-01,6.395500898361206055e-01,4.554001986980438232e-01,2.462293356657028198e-01,6.805037260055541992e-01,1.760617345571517944e-01,3.426067829132080078e-01,4.407469332218170166e-01,4.400660097599029541e-01,4.537671506404876709e-01,5.187579989433288574e-01,2.390730977058410645e-01,2.014831304550170898e-01,2.532142102718353271e-01,3.766783475875854492e-01,1.311299353837966919e-01,7.076978683471679688e-02,1.601268202066421509e-01,3.420641124248504639e-01,2.270242124795913696e-01,5.832743048667907715e-01,5.365378856658935547e-01,2.789239585399627686e-01,4.825013577938079834e-01,6.202009916305541992e-01,3.882353901863098145e-01,5.275340080261230469e-01
4.152069687843322754e-01,3.294951319694519043e-01,2.789233326911926270e-01,3.178537189960479736e-01,5.041183233261108398e-01,4.538611173629760742e-01,2.463785111904144287e-01,9.999997615814208984e-01,4.479311406612396240e-01,3.972887694835662842e-01,6.624050736427307129e-01,5.612934231758117676e-01,4.218157529830932617e-01,5.850175619125366211e-01,5.073009729385375977e-01,2.181586921215057373e-01,1.910125762224197388e-01,2.054107934236526489e-01,2.724015712738037109e-01,2.386056631803512573e-01,3.137055933475494385e-01,1.509619057178497314e-01,2.868606150150299072e-01,1.391069740056991577e-01,4.038465023040771484e-01,2.250764667987823486e-01,2.364656925201416016e-01,3.456821739673614502e-01,3.224300444126129150e-01,3.384152948856353760e-01,2.048799693584442139e-01,2.861620485782623291e-01,4.728522598743438721e-01,5.819657444953918457e-01,3.249812424182891846e-01,2.554531395435333252e-01,5.019187927246093750e-01,4.299993515014648438e-01,-2.256457060575485229e-01,1.427206695079803467e-01,3.229196369647979736e-01,3.954533338546752930e-01,3.178736567497253418e-01,2.961436212062835693e-01,3.466464579105377197e-01,4.377548396587371826e-01,1.696560084819793701e-01,6.568744778633117676e-02
4.843560159206390381e-01,3.488773703575134277e-01,4.307090044021606445e-01,4.421641230583190918e-01,5.449538230895996094e-01,5.271629691123962402e-01,6.248915791511535645e-01,4.479311406612396240e-01,1.000000000000000000e+00,8.124089837074279785e-01,5.038011074066162109e-01,7.106365561485290527e-01,7.480908036231994629e-01,9.180146455764770508e-02,2.545490562915802002e-01,3.657176494598388672e-01,4.675354361534118652e-01,5.593724846839904785e-01,4.418936073780059814e-01,4.031329751014709473e-01,3.621446788311004639e-01,4.571948051452636719e-01,6.417775750160217285e-01,5.288280844688415527e-01,2.140359431505203247e-01,5.360780954360961914e-01,1.638208776712417603e-01,3.278052508831024170e-01,3.551263809204101562e-01,4.442233145236968994e-01,4.692727327346801758e-01,6.586925387382507324e-01,3.601893782615661621e-01,1.861056089401245117e-01,2.975646555423736572e-01,5.436213016510009766e-01,1.239084526896476746e-01,6.282006204128265381e-02,3.409385308623313904e-02,3.409994542598724365e-01,2.380352467298507690e-01,5.595135688781738281e-01,3.969077169895172119e-01,4.427628219127655029e-01,4.356164038181304932e-01,7.138129472732543945e-01,4.631272554397583008e-01,5.488815903663635254e-01
3.812169432640075684e-01,4.426554143428802490e-01,3.424633145332336426e-01,3.476022779941558838e-01,5.357536673545837402e-01,4.778134822845458984e-01,5.739825963973999023e-01,3.972887694835662842e-01,8.124089837074279785e-01,9.999997615814208984e-01,4.604943096637725830e-01,6.057930588722229004e-01,7.771846055984497070e-01,1.483204662799835205e-01,2.495493441820144653e-01,4.156572222709655762e-01,4.429213106632232666e-01,5.086158514022827148e-01,4.568711519241333008e-01,4.479978382587432861e-01,2.814097702503204346e-01,3.653551042079925537e-01,6.758939027786254883e-01,4.704018235206604004e-01,1.516532301902770996e-01,4.301779270172119141e-01,7.732474058866500854e-02,2.654679417610168457e-01,3.497588038444519043e-01,3.308512866497039795e-01,3.788659870624542236e-01,5.838170051574707031e-01,2.664479017257690430e-01,2.052265554666519165e-01,2.326242029666900635e-01,4.831997752189636230e-01,2.321631610393524170e-01,1.459895074367523193e-01,1.612335145473480225e-01,3.414987921714782715e-01,1.830737590789794922e-01,5.417093038558959961e-01,4.164184629917144775e-01,5.194219946861267090e-01,5.218406319618225098e-01,8.024700284004211426e-01,4.198454022407531738e-01,5.016911029815673828e-01
4.231780767440795898e-01,3.526758849620819092e-01,3.240624070167541504e-01,3.744062781333923340e-01,4.396852552890777588e-01,3.883522748947143555e-01,4.315002262592315674e-01,6.624050736427307129e-01,5.038011074066162109e-01,4.604943096637725830e-01,1.000000000000000000e+00,5.998436212539672852e-01,4.707927405834197998e-01,4.454177916049957275e-01,5.611134767532348633e-01,2.693157792091369629e-01,4.031563699245452881e-01,3.340314030647277832e-01,4.086765944957733154e-01,1.950993984937667847e-01,3.052653074264526367e-01,2.832613587379455566e-01,4.319279193878173828e-01,2.441912591457366943e-01,3.054268360137939453e-01,3.149155676364898682e-01,1.594076752662658691e-01,3.112821877002716064e-01,2.806575596332550049e-01,4.087938964366912842e-01,3.413930535316467285e-01,3.877343833446502686e-01,4.137490987777709961e-01,5.244511961936950684e-01,3.768597543239593506e-01,3.409117460250854492e-01,3.565603196620941162e-01,4.770005047321319580e-01,-4.519703239202499390e-02,2.809965610504150391e-01,2.653941512107849121e-01,4.375241398811340332e-01,4.139232635498046875e-01,2.793962657451629639e-01,3.177696764469146729e-01,4.678754210472106934e-01,2.494234293699264526e-01,2.348409593105316162e-01
4.448065459728240967e-01,2.065111547708511353e-01,5.094662904739379883e-01,5.179741978645324707e-01,4.431761801242828369e-01,5.826784372329711914e-01,4.330820143222808838e-01,5.612934231758117676e-01,7.106365561485290527e-01,6.057930588722229004e-01,5.998436212539672852e-01,9.999996423721313477e-01,6.665529012680053711e-01,2.688737213611602783e-01,4.501132965087890625e-01,4.280152022838592529e-01,3.908822834491729736e-01,3.723990023136138916e-01,1.509589552879333496e-01,2.156946212053298950e-01,5.329815149307250977e-01,5.583955645561218262e-01,4.611915349960327148e-01,4.915010035037994385e-01,3.486942052841186523e-01,3.409774005413055420e-01,2.510955035686492920e-01,4.529930651187896729e-01,2.888476848602294922e-01,5.609849691390991211e-01,5.013110041618347168e-01,6.008374691009521484e-01,4.612445533275604248e-01,2.611543238162994385e-01,4.223749041557312012e-01,6.063488125801086426e-01,1.463752537965774536e-01,1.625380814075469971e-01,-7.743059843778610229e-02,3.393499553203582764e-01,2.040652185678482056e-01,3.802837729454040527e-01,2.055446058511734009e-01,2.486914545297622681e-01,3.674602508544921875e-01,5.036021471023559570e-01,4.603664577007293701e-01,4.729803204536437988e-01
3.617876172065734863e-01,4.268404841423034668e-01,4.229656159877777100e-01,4.190832376480102539e-01,5.803942680358886719e-01,6.160882711410522461e-01,5.874195694923400879e-01,4.218157529830932617e-01,7.480908036231994629e-01,7.771846055984497070e-01,4.707927405834197998e-01,6.665529012680053711e-01,9.999997615814208984e-01,2.151780575513839722e-01,2.348083108663558960e-01,4.566905498504638672e-01,4.244624674320220947e-01,5.614813566207885742e-01,4.523225426673889160e-01,5.507037043571472168e-01,5.025418400764465332e-01,5.013182759284973145e-01,6.832329630851745605e-01,5.089693665504455566e-01,1.924107968807220459e-01,4.753324687480926514e-01,2.443160489201545715e-02,2.824454307556152344e-01,3.300981521606445312e-01,3.864288330078125000e-01,4.419567584991455078e-01,5.754157304763793945e-01,3.222771286964416504e-01,2.548546195030212402e-01,3.113299608230590820e-01,4.701425135135650635e-01,2.334371507167816162e-01,1.490052193403244019e-01,1.303680837154388428e-01,3.106948435306549072e-01,2.292600423097610474e-01,5.071830749511718750e-01,3.487999737262725830e-01,4.490559697151184082e-01,4.251702725887298584e-01,6.662863492965698242e-01,4.105393588542938232e-01,5.137571692466735840e-01
2.385037988424301147e-01,4.544982016086578369e-01,1.986694335937500000e-01,9.926901757717132568e-02,2.817501127719879150e-01,1.263858675956726074e-01,8.762058615684509277e-02,5.850175619125366211e-01,9.180146455764770508e-02,1.483204662799835205e-01,4.454177916049957275e-01,2.688737213611602783e-01,2.151780575513839722e-01,9.999999403953552246e-01,4.873027503490447998e-01,1.241224631667137146e-01,8.942881226539611816e-02,-3.203539177775382996e-02,2.032605409622192383e-01,8.057128638029098511e-02,2.056991308927536011e-01,-4.482704773545265198e-02,7.257131487131118774e-02,-8.769245445728302002e-02,2.701103091239929199e-01,1.214956268668174744e-01,6.372634321451187134e-02,2.820300161838531494e-01,2.863726317882537842e-01,2.055014818906784058e-01,5.554234609007835388e-02,-1.315475068986415863e-02,3.499230146408081055e-01,6.044514775276184082e-01,3.260135352611541748e-01,-5.254385992884635925e-02,5.721616744995117188e-01,5.416521430015563965e-01,-1.108389943838119507e-01,-1.099303588271141052e-01,3.464662730693817139e-01,3.124656379222869873e-01,3.895714282989501953e-01,2.020224183797836304e-01,2.585926353931427002e-01,2.435573339462280273e-01,-4.188054800033569336e-02,-1.267205327749252319e-01
2.494702190160751343e-01,2.006809413433074951e-01,1.858665347099304199e-01,2.280110418796539307e-01,2.525843381881713867e-01,2.179888784885406494e-01,1.119494289159774780e-01,5.073009729385375977e-01,2.545490562915802002e-01,2.495493441820144653e-01,5.611134767532348633e-01,4.501132965087890625e-01,2.348083108663558960e-01,4.873027503490447998e-01,9.999996423721313477e-01,4.409853219985961914e-01,1.412629932165145874e-01,7.607087492942810059e-02,1.445941179990768433e-01,9.202719479799270630e-02,2.019053399562835693e-01,1.186337918043136597e-01,1.597908884286880493e-01,5.040821060538291931e-02,2.038646489381790161e-01,9.873760491609573364e-02,1.785228401422500610e-01,1.731433421373367310e-01,1.414572894573211670e-01,1.793774962425231934e-01,1.420250684022903442e-01,1.586184054613113403e-01,3.369759321212768555e-01,3.928707838058471680e-01,2.262900322675704956e-01,1.830976754426956177e-01,2.698847651481628418e-01,5.266600847244262695e-01,-7.784294337034225464e-02,5.887743830680847168e-02,2.191970795392990112e-01,2.630304694175720215e-01,2.163188755512237549e-01,1.376477479934692383e-01,1.398963779211044312e-01,2.180156707763671875e-01,9.263085573911666870e-02,9.127082675695419312e-02
1.503729373216629028e-01,7.285376638174057007e-02,1.732171326875686646e-01,2.566538453102111816e-01,1.972472071647644043e-01,2.819632589817047119e-01,1.948044449090957642e-01,2.181586921215057373e-01,3.657176494598388672e-01,4.156572222709655762e-01,2.693157792091369629e-01,4.280152022838592529e-01,4.566905498504638672e-01,1.241224631667137146e-01,4.409853219985961914e-01,9.999999403953552246e-01,1.902066916227340698e-01,3.257374167442321777e-01,2.086495310068130493e-01,1.939943581819534302e-01,2.221603095531463623e-01,3.503775000572204590e-01,4.778370261192321777e-01,3.425133526325225830e-01,-5.993083119392395020e-02,1.546726822853088379e-01,-9.236737340688705444e-02,2.042062021791934967e-02,1.704657822847366333e-02,1.797237098217010498e-01,2.920070290565490723e-01,3.660094141960144043e-01,1.138921603560447693e-01,1.855819113552570343e-02,1.943385750055313110e-01,3.889142274856567383e-01,1.965326070785522461e-01,1.006455495953559875e-01,2.319938093423843384e-01,2.563244700431823730e-01,-5.446955189108848572e-02,1.465538591146469116e-01,5.256838724017143250e-02,1.353871524333953857e-01,2.840122021734714508e-02,2.162213027477264404e-01,2.634190917015075684e-01,3.741383254528045654e-01
4.531888663768768311e-01,2.455909848213195801e-01,5.136477351188659668e-01,4.782024025917053223e-01,2.964767515659332275e-01,2.915528714656829834e-01,8.379562497138977051e-01,1.910125762224197388e-01,4.675354361534118652e-01,4.429213106632232666e-01,4.031563699245452881e-01,3.908822834491729736e-01,4.244624674320220947e-01,8.942881226539611816e-02,1.412629932165145874e-01,1.902066916227340698e-01,1.000000357627868652e+00,7.383747100830078125e-01,6.200532317161560059e-01,3.480716943740844727e-01,3.062678575515747070e-01,5.148140788078308105e-01,5.833309292793273926e-01,4.358448684215545654e-01,2.534797489643096924e-01,5.916679501533508301e-01,1.763215512037277222e-01,3.036692440509796143e-01,3.569426238536834717e-01,5.210638046264648438e-01,5.414343476295471191e-01,4.824928343296051025e-01,2.005807757377624512e-01,1.813065260648727417e-01,2.069554477930068970e-01,4.061693549156188965e-01,1.103748679161071777e-01,7.390002906322479248e-02,1.181663870811462402e-01,3.650587797164916992e-01,1.092551127076148987e-01,4.768494069576263428e-01,4.660965800285339355e-01,1.397937238216400146e-01,4.047051966190338135e-01,5.124521851539611816e-01,4.049241840839385986e-01,5.174028873443603516e-01
3.864362537860870361e-01,1.572494953870773315e-01,4.471552968025207520e-01,4.534801542758941650e-01,3.265628814697265625e-01,3.167407512664794922e-01,7.371072769165039062e-01,2.054107934236526489e-01,5.593724846839904785e-01,5.086158514022827148e-01,3.340314030647277832e-01,3.723990023136138916e-01,5.614813566207885742e-01,-3.203539177775382996e-02,7.607087492942810059e-02,3.257374167442321777e-01,7.383747100830078125e-01,1.000000119209289551e+00,6.689206957817077637e-01,5.149291157722473145e-01,3.706979751586914062e-01,6.244157552719116211e-01,6.581708192825317383e-01,5.572038888931274414e-01,1.185729727149009705e-01,5.783621072769165039e-01,9.349644184112548828e-02,1.262877136468887329e-01,2.744455933570861816e-01,4.311941862106323242e-01,6.154963970184326172e-01,6.077014207839965820e-01,1.833440214395523071e-01,1.167427152395248413e-01,1.521078199148178101e-01,4.293176531791687012e-01,7.319234311580657959e-02,-6.623161584138870239e-02,7.622585445642471313e-02,3.594592511653900146e-01,-6.939892191439867020e-03,3.868902325630187988e-01,3.730758130550384521e-01,1.550612896680831909e-01,2.858855724334716797e-01,4.882477819919586182e-01,4.869020879268646240e-01,5.632066726684570312e-01
5.097075104713439941e-01,4.493979215621948242e-01,3.262245059013366699e-01,3.566663265228271484e-01,4.671027362346649170e-01,2.473050355911254883e-01,7.149502635002136230e-01,2.724015712738037109e-01,4.418936073780059814e-01,4.568711519241333008e-01,4.086765944957733154e-01,1.509589552879333496e-01,4.523225426673889160e-01,2.032605409622192383e-01,1.445941179990768433e-01,2.086495310068130493e-01,6.200532317161560059e-01,6.689206957817077637e-01,9.999999403953552246e-01,5.802881121635437012e-01,2.199125289916992188e-01,2.156102359294891357e-01,5.462802648544311523e-01,2.309103161096572876e-01,1.859883517026901245e-01,5.796382427215576172e-01,3.501130267977714539e-02,1.942963600158691406e-01,4.521885216236114502e-01,2.427937835454940796e-01,3.189621567726135254e-01,3.319319784641265869e-01,2.440957129001617432e-01,2.781546413898468018e-01,1.078264340758323669e-01,1.076428443193435669e-01,2.970852553844451904e-01,1.977156102657318115e-01,1.525788009166717529e-01,1.533822566270828247e-01,2.891830205917358398e-01,5.913299918174743652e-01,6.423372626304626465e-01,2.622464597225189209e-01,3.625920712947845459e-01,5.466135144233703613e-01,1.671471148729324341e-01,2.513435482978820801e-01
3.676210045814514160e-01,4.300817847251892090e-01,3.223829865455627441e-01,4.045252799987792969e-01,4.612261950969696045e-01,3.629977703094482422e-01,4.600175321102142334e-01,2.386056631803512573e-01,4.031329751014709473e-01,4.479978382587432861e-01,1.950993984937667847e-01,2.156946212053298950e-01,5.507037043571472168e-01,8.057128638029098511e-02,9.202719479799270630e-02,1.939943581819534302e-01,3.480716943740844727e-01,5.149291157722473145e-01,5.802881121635437012e-01,9.999994635581970215e-01,5.667494535446166992e-01,3.714570105075836182e-01,4.167371988296508789e-01,2.642150521278381348e-01,8.562450855970382690e-02,4.778257608413696289e-01,-1.796824485063552856e-02,2.221990078687667847e-01,4.963366389274597168e-01,1.911768466234207153e-01,2.994706928730010986e-01,3.620785772800445557e-01,2.460465580224990845e-01,1.494034230709075928e-01,-4.684020578861236572e-02,7.130733132362365723e-02,8.657694607973098755e-02,4.418277740478515625e-02,3.162622451782226562e-02,5.510299280285835266e-02,3.112767636775970459e-01,5.251653790473937988e-01,3.749912083148956299e-01,2.490022480487823486e-01,3.144331276416778564e-01,4.866590797901153564e-01,1.743249297142028809e-01,2.878691852092742920e-01
4.752652645111083984e-01,2.390943169593811035e-01,5.590065717697143555e-01,5.713223218917846680e-01,3.286949992179870605e-01,4.449248015880584717e-01,3.069614768028259277e-01,3.137055933475494385e-01,3.621446788311004639e-01,2.814097702503204346e-01,3.052653074264526367e-01,5.329815149307250977e-01,5.025418400764465332e-01,2.056991308927536011e-01,2.019053399562835693e-01,2.221603095531463623e-01,3.062678575515747070e-01,3.706979751586914062e-01,2.199125289916992188e-01,5.667494535446166992e-01,9.999997615814208984e-01,6.633176207542419434e-01,2.710310816764831543e-01,4.163014292716979980e-01,2.736027836799621582e-01,3.834169209003448486e-01,2.032915204763412476e-01,5.308882594108581543e-01,4.756938517093658447e-01,5.868315100669860840e-01,6.091215014457702637e-01,5.000901222229003906e-01,4.425888359546661377e-01,1.484951376914978027e-01,1.222997158765792847e-01,2.435141801834106445e-01,-1.328686345368623734e-02,4.503712058067321777e-02,-1.403989619575440884e-03,7.399448007345199585e-02,3.534700870513916016e-01,3.735747039318084717e-01,2.719827890396118164e-01,8.541605435311794281e-03,2.422617226839065552e-01,3.047650754451751709e-01,3.734492361545562744e-01,3.285854458808898926e-01
2.625901997089385986e-01,-6.704286206513643265e-03,5.574870109558105469e-01,5.633889436721801758e-01,1.036371737718582153e-01,3.435562849044799805e-01,4.447205662727355957e-01,1.509619057178497314e-01,4.571948051452636719e-01,3.653551042079925537e-01,2.832613587379455566e-01,5.583955645561218262e-01,5.013182759284973145e-01,-4.482704773545265198e-02,1.186337918043136597e-01,3.503775000572204590e-01,5.148140788078308105e-01,6.244157552719116211e-01,2.156102359294891357e-01,3.714570105075836182e-01,6.633176207542419434e-01,9.999998211860656738e-01,5.138453841209411621e-01,6.900653839111328125e-01,1.193215548992156982e-01,4.202434718608856201e-01,1.771438270807266235e-01,3.279418647289276123e-01,2.367526292800903320e-01,6.345369219779968262e-01,8.031116127967834473e-01,7.321848869323730469e-01,1.871839910745620728e-01,5.903970077633857727e-02,1.989950984716415405e-01,5.572043657302856445e-01,-1.343844980001449585e-01,-1.151136010885238647e-01,3.308302536606788635e-02,3.730621039867401123e-01,-5.796706303954124451e-02,1.925669163465499878e-01,7.247614860534667969e-02,-1.216664630919694901e-02,1.304480135440826416e-01,2.860341072082519531e-01,6.559471487998962402e-01,6.802146434783935547e-01
2.870947718620300293e-01,2.356699854135513306e-01,2.847872972488403320e-01,2.972102761268615723e-01,3.535881340503692627e-01,3.472290635108947754e-01,6.395500898361206055e-01,2.868606150150299072e-01,6.417775750160217285e-01,6.758939027786254883e-01,4.319279193878173828e-01,4.611915349960327148e-01,6.832329630851745605e-01,7.257131487131118774e-02,1.597908884286880493e-01,4.778370261192321777e-01,5.833309292793273926e-01,6.581708192825317383e-01,5.462802648544311523e-01,4.167371988296508789e-01,2.710310816764831543e-01,5.138453841209411621e-01,9.999998211860656738e-01,5.624610185623168945e-01,-2.238374669104814529e-03,4.530242383480072021e-01,1.078217662870883942e-02,8.855251967906951904e-02,1.943847686052322388e-01,4.069781899452209473e-01,5.230399966239929199e-01,6.584704518318176270e-01,8.523252606391906738e-02,1.979982107877731323e-01,2.207817882299423218e-01,6.082262992858886719e-01,1.844664812088012695e-01,9.055840969085693359e-02,3.014139533042907715e-01,6.176446676254272461e-01,9.948910214006900787e-03,3.854641318321228027e-01,3.804830014705657959e-01,2.917744815349578857e-01,3.148213326930999756e-01,6.345056295394897461e-01,4.851655066013336182e-01,7.395415306091308594e-01
2.963522672653198242e-01,-8.151501417160034180e-03,4.074721336364746094e-01,4.001370966434478760e-01,1.688531935214996338e-01,3.265135586261749268e-01,4.554001986980438232e-01,1.391069740056991577e-01,5.288280844688415527e-01,4.704018235206604004e-01,2.441912591457366943e-01,4.915010035037994385e-01,5.089693665504455566e-01,-8.769245445728302002e-02,5.040821060538291931e-02,3.425133526325225830e-01,4.358448684215545654e-01,5.572038888931274414e-01,2.309103161096572876e-01,2.642150521278381348e-01,4.163014292716979980e-01,6.900653839111328125e-01,5.624610185623168945e-01,9.999997615814208984e-01,1.218324750661849976e-01,4.310630559921264648e-01,2.775328755378723145e-01,2.627698183059692383e-01,2.249091267585754395e-01,5.945318341255187988e-01,7.206200957298278809e-01,7.616458535194396973e-01,1.393336057662963867e-01,-3.513779863715171814e-02,2.111641019582748413e-01,7.406883835792541504e-01,-7.926474511623382568e-02,-1.304291933774948120e-01,1.714847236871719360e-01,4.859926104545593262e-01,-1.550024598836898804e-01,1.910580694675445557e-01,1.145333349704742432e-01,9.431121498346328735e-02,2.509407103061676025e-01,3.776969015598297119e-01,8.400123119354248047e-01,6.821435689926147461e-01
5.883441567420959473e-01,2.192220240831375122e-01,3.158956468105316162e-01,2.511480748653411865e-01,3.659678399562835693e-01,2.514453828334808350e-01,2.462293356657028198e-01,4.038465023040771484e-01,2.140359431505203247e-01,1.516532301902770996e-01,3.054268360137939453e-01,3.486942052841186523e-01,1.924107968807220459e-01,2.701103091239929199e-01,2.038646489381790161e-01,-5.993083119392395020e-02,2.534797489643096924e-01,1.185729727149009705e-01,1.859883517026901245e-01,8.562450855970382690e-02,2.736027836799621582e-01,1.193215548992156982e-01,-2.238374669104814529e-03,1.218324750661849976e-01,1.000000119209289551e+00,1.713474690914154053e-01,6.203982234001159668e-01,5.349097847938537598e-01,4.366673529148101807e-01,2.952447533607482910e-01,2.018587738275527954e-01,1.281173378229141235e-01,6.326386928558349609e-01,2.256925851106643677e-01,7.073251157999038696e-02,4.480504617094993591e-02,1.550754010677337646e-01,1.692970991134643555e-01,-1.368608176708221436e-01,-3.807703615166246891e-04,3.671281635761260986e-01,3.251495957374572754e-01,3.584581613540649414e-01,2.590886875987052917e-02,3.853694200515747070e-01,3.027787208557128906e-01,1.315134018659591675e-01,-4.842666909098625183e-02
3.759410083293914795e-01,3.917576074600219727e-01,6.239769458770751953e-01,4.791039526462554932e-01,4.340218305587768555e-01,3.849583268165588379e-01,6.805037260055541992e-01,2.250764667987823486e-01,5.360780954360961914e-01,4.301779270172119141e-01,3.149155676364898682e-01,3.409774005413055420e-01,4.753324687480926514e-01,1.214956268668174744e-01,9.873760491609573364e-02,1.546726822853088379e-01,5.916679501533508301e-01,5.783621072769165039e-01,5.796382427215576172e-01,4.778257608413696289e-01,3.834169209003448486e-01,4.202434718608856201e-01,4.530242383480072021e-01,4.310630559921264648e-01,1.713474690914154053e-01,1.000000238418579102e+00,1.188410967588424683e-01,4.074074923992156982e-01,5.109029412269592285e-01,4.736476838588714600e-01,4.423568844795227051e-01,4.121182858943939209e-01,2.445567548274993896e-01,1.341315805912017822e-01,1.455882191658020020e-01,2.870762646198272705e-01,7.457973062992095947e-02,4.839317873120307922e-02,3.731642290949821472e-02,2.022122889757156372e-01,2.341654449701309204e-01,5.262199044227600098e-01,4.452787339687347412e-01,3.168737888336181641e-01,3.474914729595184326e-01,4.832157194614410400e-01,3.286067247390747070e-01,4.061648249626159668e-01
4.612525105476379395e-01,2.072338946163654327e-03,2.376230508089065552e-01,2.142867743968963623e-01,1.964378207921981812e-01,1.349817365407943726e-01,1.760617345571517944e-01,2.364656925201416016e-01,1.638208776712417603e-01,7.732474058866500854e-02,1.594076752662658691e-01,2.510955035686492920e-01,2.443160489201545715e-02,6.372634321451187134e-02,1.785228401422500610e-01,-9.236737340688705444e-02,1.763215512037277222e-01,9.349644184112548828e-02,3.501130267977714539e-02,-1.796824485063552856e-02,2.032915204763412476e-01,1.771438270807266235e-01,1.078217662870883942e-02,2.775328755378723145e-01,6.203982234001159668e-01,1.188410967588424683e-01,9.999999403953552246e-01,4.368495345115661621e-01,3.438542783260345459e-01,3.034055233001708984e-01,2.756237983703613281e-01,2.465024292469024658e-01,4.529289305210113525e-01,3.875842317938804626e-02,-7.091592252254486084e-02,1.996731013059616089e-01,-1.169401332736015320e-01,1.042555570602416992e-01,1.577456854283809662e-02,1.879734396934509277e-01,2.223780900239944458e-01,1.531211882829666138e-01,2.125466316938400269e-01,-1.074757277965545654e-01,3.770008087158203125e-01,2.478627562522888184e-01,3.022179603576660156e-01,1.281968206167221069e-01
6.377509236335754395e-01,4.259136915206909180e-01,6.710047721862792969e-01,5.659740567207336426e-01,4.953533709049224854e-01,4.625832736492156982e-01,3.426067829132080078e-01,3.456821739673614502e-01,3.278052508831024170e-01,2.654679417610168457e-01,3.112821877002716064e-01,4.529930651187896729e-01,2.824454307556152344e-01,2.820300161838531494e-01,1.731433421373367310e-01,2.042062021791934967e-02,3.036692440509796143e-01,1.262877136468887329e-01,1.942963600158691406e-01,2.221990078687667847e-01,5.308882594108581543e-01,3.279418647289276123e-01,8.855251967906951904e-02,2.627698183059692383e-01,5.349097847938537598e-01,4.074074923992156982e-01,4.368495345115661621e-01,1.000000357627868652e+00,7.755030989646911621e-01,5.375208258628845215e-01,3.711256384849548340e-01,2.908771038055419922e-01,5.719412565231323242e-01,1.702668219804763794e-01,1.559265255928039551e-01,1.294984817504882812e-01,8.985412865877151489e-02,1.559876799583435059e-01,-2.922570891678333282e-02,-2.192071266472339630e-02,5.855819582939147949e-01,4.843552708625793457e-01,3.805212676525115967e-01,1.477416306734085083e-01,4.569289684295654297e-01,3.692275583744049072e-01,2.450198084115982056e-01,1.270906329154968262e-01
6.152564287185668945e-01,5.991337895393371582e-01,5.635383129119873047e-01,4.809281527996063232e-01,5.989467501640319824e-01,4.056410193443298340e-01,4.407469332218170166e-01,3.224300444126129150e-01,3.551263809204101562e-01,3.497588038444519043e-01,2.806575596332550049e-01,2.888476848602294922e-01,3.300981521606445312e-01,2.863726317882537842e-01,1.414572894573211670e-01,1.704657822847366333e-02,3.569426238536834717e-01,2.744455933570861816e-01,4.521885216236114502e-01,4.963366389274597168e-01,4.756938517093658447e-01,2.367526292800903320e-01,1.943847686052322388e-01,2.249091267585754395e-01,4.366673529148101807e-01,5.109029412269592285e-01,3.438542783260345459e-01,7.755030989646911621e-01,1.000000238418579102e+00,3.639962375164031982e-01,3.063105940818786621e-01,3.082154095172882080e-01,4.894441068172454834e-01,2.106244713068008423e-01,6.972420215606689453e-02,2.017169632017612457e-02,1.699026226997375488e-01,1.636072397232055664e-01,-6.615246180444955826e-03,-4.667360335588455200e-02,6.237310767173767090e-01,6.760410070419311523e-01,5.303431153297424316e-01,2.319137305021286011e-01,5.651710629463195801e-01,5.086459517478942871e-01,1.841752827167510986e-01,1.174922809004783630e-01
4.792274236679077148e-01,2.035576105117797852e-01,6.187701821327209473e-01,5.460058450698852539e-01,2.321655154228210449e-01,2.755425572395324707e-01,4.400660097599029541e-01,3.384152948856353760e-01,4.442233145236968994e-01,3.308512866497039795e-01,4.087938964366912842e-01,5.609849691390991211e-01,3.864288330078125000e-01,2.055014818906784058e-01,1.793774962425231934e-01,1.797237098217010498e-01,5.210638046264648438e-01,4.311941862106323242e-01,2.427937835454940796e-01,1.911768466234207153e-01,5.868315100669860840e-01,6.345369219779968262e-01,4.069781899452209473e-01,5.945318341255187988e-01,2.952447533607482910e-01,4.736476838588714600e-01,3.034055233001708984e-01,5.375208258628845215e-01,3.639962375164031982e-01,9.999996423721313477e-01,7.873788475990295410e-01,6.195994019508361816e-01,4.051845669746398926e-01,2.184418141841888428e-01,3.168024420738220215e-01,5.730460882186889648e-01,6.278888136148452759e-02,1.102706268429756165e-01,4.418004304170608521e-02,3.162845671176910400e-01,1.560979485511779785e-01,3.427827954292297363e-01,3.460261821746826172e-01,1.249572336673736572e-01,3.270662426948547363e-01,4.084692001342773438e-01,5.870980024337768555e-01,4.798798263072967529e-01
4.454037249088287354e-01,5.974714457988739014e-02,5.419651865959167480e-01,4.900741577148437500e-01,1.526172012090682983e-01,2.105754911899566650e-01,4.537671506404876709e-01,2.048799693584442139e-01,4.692727327346801758e-01,3.788659870624542236e-01,3.413930535316467285e-01,5.013110041618347168e-01,4.419567584991455078e-01,5.554234609007835388e-02,1.420250684022903442e-01,2.920070290565490723e-01,5.414343476295471191e-01,6.154963970184326172e-01,3.189621567726135254e-01,2.994706928730010986e-01,6.091215014457702637e-01,8.031116127967834473e-01,5.230399966239929199e-01,7.206200957298278809e-01,2.018587738275527954e-01,4.423568844795227051e-01,2.756237983703613281e-01,3.711256384849548340e-01,3.063105940818786621e-01,7.873788475990295410e-01,1.000000238418579102e+00,7.773075699806213379e-01,2.922879457473754883e-01,1.032538935542106628e-01,2.290666848421096802e-01,5.872060656547546387e-01,-4.182240739464759827e-02,-8.946984075009822845e-03,1.272412985563278198e-01,3.600047528743743896e-01,3.708554664626717567e-03,2.696933448314666748e-01,2.980487942695617676e-01,4.515629261732101440e-03,2.272508591413497925e-01,3.808771669864654541e-01,7.125979065895080566e-01,6.199821829795837402e-01
4.007616043090820312e-01,6.395711004734039307e-02,4.247193336486816406e-01,4.955244660377502441e-01,2.947109043598175049e-01,3.895290493965148926e-01,5.187579989433288574e-01,2.861620485782623291e-01,6.586925387382507324e-01,5.838170051574707031e-01,3.877343833446502686e-01,6.008374691009521484e-01,5.754157304763793945e-01,-1.315475068986415863e-02,1.586184054613113403e-01,3.660094141960144043e-01,4.824928343296051025e-01,6.077014207839965820e-01,3.319319784641265869e-01,3.620785772800445557e-01,5.000901222229003906e-01,7.321848869323730469e-01,6.584704518318176270e-01,7.616458535194396973e-01,1.281173378229141235e-01,4.121182858943939209e-01,2.465024292469024658e-01,2.908771038055419922e-01,3.082154095172882080e-01,6.195994019508361816e-01,7.773075699806213379e-01,9.999998211860656738e-01,1.877009570598602295e-01,6.581460684537887573e-02,2.021630555391311646e-01,7.017646431922912598e-01,-1.675620302557945251e-02,-7.163263112306594849e-02,1.170151680707931519e-01,4.998581111431121826e-01,6.805846467614173889e-03,3.336956501007080078e-01,2.305314391851425171e-01,6.950233876705169678e-02,3.050910532474517822e-01,5.225504040718078613e-01,7.292097210884094238e-01,7.186484336853027344e-01
6.341757774353027344e-01,3.967125117778778076e-01,3.484089076519012451e-01,3.178790211677551270e-01,4.546544849872589111e-01,3.170971870422363281e-01,2.390730977058410645e-01,4.728522598743438721e-01,3.601893782615661621e-01,2.664479017257690430e-01,4.137490987777709961e-01,4.612445533275604248e-01,3.222771286964416504e-01,3.499230146408081055e-01,3.369759321212768555e-01,1.138921603560447693e-01,2.005807757377624512e-01,1.833440214395523071e-01,2.440957129001617432e-01,2.460465580224990845e-01,4.425888359546661377e-01,1.871839910745620728e-01,8.523252606391906738e-02,1.393336057662963867e-01,6.326386928558349609e-01,2.445567548274993896e-01,4.529289305210113525e-01,5.719412565231323242e-01,4.894441068172454834e-01,4.051845669746398926e-01,2.922879457473754883e-01,1.877009570598602295e-01,9.999997019767761230e-01,2.969326972961425781e-01,1.738392859697341919e-01,6.810793280601501465e-02,1.775609105825424194e-01,2.669182419776916504e-01,-1.017829999327659607e-01,-4.989170283079147339e-02,5.471503138542175293e-01,4.535428583621978760e-01,4.462490379810333252e-01,1.960524022579193115e-01,3.640399277210235596e-01,3.590738475322723389e-01,1.183661594986915588e-01,8.512102067470550537e-03
