9.999998211860656738e-01,3.396259844303131104e-01,8.512827754020690918e-02,4.928749799728393555e-01,5.513141751289367676e-01,3.529581725597381592e-01,3.626358509063720703e-01,4.564242362976074219e-01,2.250195443630218506e-01,2.131186425685882568e-01,1.477961093187332153e-01,9.887625277042388916e-02,2.524777054786682129e-01,2.655301392078399658e-01,2.368276566267013550e-01,3.094910383224487305e-01,4.361146688461303711e-01,3.708373308181762695e-01,3.852407038211822510e-01,2.859671413898468018e-01,1.538536846637725830e-01,1.712502986192703247e-01,4.645600318908691406e-01,7.772004604339599609e-02,5.271942019462585449e-01,-3.331477940082550049e-02,3.612294495105743408e-01,3.973031938076019287e-01,2.382124364376068115e-01,2.647175453603267670e-02,1.531661897897720337e-01,9.483546763658523560e-02,3.961341679096221924e-01,3.038333654403686523e-01,2.504728138446807861e-01,2.015916407108306885e-01,1.663862168788909912e-01,3.166019320487976074e-01,2.565436065196990967e-01,3.627174496650695801e-01,2.251071482896804810e-01,2.124918103218078613e-01,4.172973632812500000e-01,2.878805100917816162e-01,3.037748336791992188e-01,2.913639843463897705e-01,4.051595926284790039e-02,8.865964412689208984e-02
3.396259844303131104e-01,1.000000119209289551e+00,-8.261478692293167114e-02,1.527786850929260254e-01,3.260586857795715332e-01,4.163362681865692139e-01,2.323259562253952026e-01,2.178379446268081665e-01,2.923659682273864746e-01,2.767853140830993652e-01,1.614141762256622314e-01,3.238728344440460205e-01,3.412959873676300049e-01,-1.342859957367181778e-02,2.535984516143798828e-01,4.411959946155548096e-01,2.164275795221328735e-01,2.173077464103698730e-01,-2.023236639797687531e-02,5.695841088891029358e-02,1.935254931449890137e-01,2.353787235915660858e-02,1.177926212549209595e-01,3.123201727867126465e-01,1.071575731039047241e-01,-3.372409939765930176e-02,3.485901951789855957e-01,-1.019370649009943008e-02,9.781374596059322357e-03,2.643544673919677734e-01,3.019652366638183594e-01,2.128767967224121094e-01,2.714622020721435547e-01,3.901562988758087158e-01,3.938754498958587646e-01,3.620918393135070801e-01,1.044081524014472961e-01,4.646010696887969971e-01,5.346116423606872559e-01,3.440047204494476318e-01,5.473010540008544922e-01,5.242871046066284180e-01,2.387968301773071289e-01,5.767922401428222656e-01,4.688586890697479248e-01,3.624427318572998047e-01,2.746118903160095215e-01,9.528913348913192749e-02
8.512827754020690918e-02,-8.261478692293167114e-02,1.000000119209289551e+00,3.002641201019287109e-01,8.275659382343292236e-02,-3.699976950883865356e-02,2.972532808780670166e-01,1.094849407672882080e-01,1.703700274229049683e-01,1.396406292915344238e-01,1.469458043575286865e-01,1.189429610967636108e-01,-6.476698815822601318e-02,5.903946608304977417e-02,2.645195424556732178e-01,3.676000609993934631e-02,1.029234007000923157e-02,-6.782712042331695557e-02,-4.098993539810180664e-02,-3.605363145470619202e-02,-1.421044319868087769e-01,1.533807814121246338e-01,1.705067753791809082e-01,7.669378817081451416e-02,1.393978297710418701e-02,5.437103509902954102e-01,-2.248422503471374512e-01,6.634905934333801270e-01,4.791705608367919922e-01,-4.105944652110338211e-03,3.260721638798713684e-02,-2.841775864362716675e-02,-6.900326162576675415e-02,-8.250257372856140137e-02,2.131033539772033691e-01,4.390899091958999634e-02,7.858488708734512329e-02,3.306253254413604736e-02,-3.603941993787884712e-03,7.928546518087387085e-02,1.479652076959609985e-01,1.391005814075469971e-01,-4.337488487362861633e-02,3.528273478150367737e-02,2.443255670368671417e-02,2.402578145265579224e-01,-5.137718096375465393e-02,1.288661360740661621e-01
4.928749799728393555e-01,1.527786850929260254e-01,3.002641201019287109e-01,1.000000357627868652e+00,4.523825943470001221e-01,4.645136296749114990e-01,4.660798907279968262e-01,1.565996259450912476e-01,1.829799562692642212e-01,3.829418122768402100e-01,1.138545200228691101e-01,1.332361102104187012e-01,3.538546860218048096e-01,1.853890568017959595e-01,1.567571312189102173e-01,1.476601511240005493e-01,5.081419944763183594e-01,2.324873208999633789e-01,3.788732588291168213e-01,3.203021287918090820e-01,2.056180387735366821e-01,3.604595661163330078e-01,3.226263225078582764e-01,2.629142105579376221e-01,3.830657899379730225e-01,1.709350347518920898e-01,2.295749187469482422e-01,4.193951189517974854e-01,4.482945799827575684e-01,1.299391388893127441e-01,2.606250345706939697e-01,1.844474971294403076e-01,1.017934158444404602e-01,1.702403575181961060e-01,4.032382369041442871e-01,3.087304234504699707e-01,-5.979745090007781982e-02,2.421161234378814697e-01,1.065301001071929932e-01,2.942135632038116455e-01,8.415922522544860840e-02,3.767493963241577148e-01,5.169346928596496582e-01,1.438191384077072144e-01,3.985008001327514648e-01,5.120756626129150391e-01,1.465470343828201294e-01,2.956690788269042969e-01
5.513141751289367676e-01,3.260586857795715332e-01,8.275659382343292236e-02,4.523825943470001221e-01,9.999997019767761230e-01,4.560860097408294678e-01,3.422804176807403564e-01,4.455738067626953125e-01,2.044994086027145386e-01,2.286873906850814819e-01,2.438336312770843506e-01,1.152094304561614990e-01,3.133909702301025391e-01,2.540241479873657227e-01,1.762210875749588013e-01,2.063039541244506836e-01,3.777247369289398193e-01,3.401483893394470215e-01,4.136573970317840576e-01,4.422890543937683105e-01,3.189985752105712891e-01,2.341490387916564941e-01,3.449320793151855469e-01,1.487134695053100586e-01,5.034809708595275879e-01,1.513081975281238556e-02,1.925456672906875610e-01,2.709002792835235596e-01,2.559322118759155273e-01,1.091527417302131653e-01,2.121145129203796387e-01,1.472678035497665405e-01,1.850576102733612061e-01,1.810620874166488647e-01,2.155151069164276123e-01,1.045817285776138306e-01,1.856832951307296753e-01,3.017187714576721191e-01,2.279291450977325439e-01,3.011575639247894287e-01,3.145016133785247803e-01,1.992384940385818481e-01,4.367170333862304688e-01,3.637602627277374268e-01,2.397450059652328491e-01,3.274020254611968994e-01,1.045440584421157837e-01,2.047765403985977173e-01
3.529581725597381592e-01,4.163362681865692139e-01,-3.699976950883865356e-02,4.645136296749114990e-01,4.560860097408294678e-01,9.999995827674865723e-01,2.493799626827239990e-01,5.988012254238128662e-02,4.248774349689483643e-01,4.994594752788543701e-01,1.909575760364532471e-01,3.603286445140838623e-01,4.911341369152069092e-01,1.320578157901763916e-01,3.569760620594024658e-01,5.236548781394958496e-01,2.747633457183837891e-01,1.007810831069946289e-01,9.334994107484817505e-02,2.552902400493621826e-01,2.194938361644744873e-01,1.034484580159187317e-01,-1.293942779302597046e-01,1.931161880493164062e-01,1.622033715248107910e-01,-2.704147994518280029e-02,3.456584811210632324e-01,-2.518577734008431435e-03,9.262292087078094482e-02,8.406616002321243286e-02,1.010272428393363953e-01,-1.769279316067695618e-02,2.782588303089141846e-01,2.435640394687652588e-01,2.800442278385162354e-01,8.678317070007324219e-02,4.389953613281250000e-02,3.816425502300262451e-01,3.480609357357025146e-01,7.846023142337799072e-02,4.044404923915863037e-01,5.531054139137268066e-01,3.470240235328674316e-01,4.460996091365814209e-01,4.123157262802124023e-01,4.840849339962005615e-01,1.474777311086654663e-01,6.329481303691864014e-02
3.626358509063720703e-01,2.323259562253952026e-01,2.972532808780670166e-01,4.660798907279968262e-01,3.422804176807403564e-01,2.493799626827239990e-01,1.000000119209289551e+00,2.910463511943817139e-01,6.247187778353691101e-02,1.756356358528137207e-01,1.010392457246780396e-01,2.861892804503440857e-03,2.178262472152709961e-01,2.012239694595336914e-01,1.574589014053344727e-01,1.027486920356750488e-01,6.878238320350646973e-01,5.265232324600219727e-01,3.720896840095520020e-01,3.768358230590820312e-01,3.014164268970489502e-01,4.285491406917572021e-01,3.175099492073059082e-01,2.603746354579925537e-01,4.792130887508392334e-01,4.028220474720001221e-01,3.119514584541320801e-01,2.137840539216995239e-01,3.391583859920501709e-01,3.341989517211914062e-01,4.542421996593475342e-01,2.317778468132019043e-01,1.720869392156600952e-01,2.551815807819366455e-01,2.846674025058746338e-01,3.285302221775054932e-01,1.792390495538711548e-01,3.001846969127655029e-01,1.548163741827011108e-01,2.985745370388031006e-01,3.685227781534194946e-02,2.590650022029876709e-01,3.291535675525665283e-01,1.362224370241165161e-01,2.885583937168121338e-01,4.280378222465515137e-01,1.782647520303726196e-01,2.601072192192077637e-01
4.564242362976074219e-01,2.178379446268081665e-01,1.094849407672882080e-01,1.565996259450912476e-01,4.455738067626953125e-01,5.988012254238128662e-02,2.910463511943817139e-01,9.999995231628417969e-01,7.579880207777023315e-02,-1.250496804714202881e-01,3.180246651172637939e-01,-1.186468079686164856e-01,8.830753713846206665e-02,3.350727260112762451e-01,2.770035266876220703e-01,1.155183017253875732e-01,3.203844130039215088e-01,3.801460564136505127e-01,4.989301264286041260e-01,4.677190184593200684e-01,3.912606239318847656e-01,2.032158821821212769e-01,4.417893588542938232e-01,-7.943100482225418091e-02,4.989024102687835693e-01,1.845549494028091431e-01,1.489914506673812866e-01,2.102381736040115356e-01,2.018211036920547485e-01,-5.731295049190521240e-02,8.828681707382202148e-02,2.591677196323871613e-02,5.222563743591308594e-01,3.874087333679199219e-01,6.345118582248687744e-02,-5.086180940270423889e-02,6.355237960815429688e-01,3.127657175064086914e-01,1.957673132419586182e-01,2.635622918605804443e-01,2.080756984651088715e-02,-5.629558116197586060e-02,1.767141520977020264e-01,2.780602872371673584e-01,7.954973727464675903e-02,1.035623401403427124e-01,-9.222888946533203125e-02,2.588505484163761139e-02
2.250195443630218506e-01,2.923659682273864746e-01,1.703700274229049683e-01,1.829799562692642212e-01,2.044994086027145386e-01,4.248774349689483643e-01,6.247187778353691101e-02,7.579880207777023315e-02,9.999998211860656738e-01,6.659104824066162109e-01,5.411587357521057129e-01,6.681395769119262695e-01,3.706958293914794922e-01,1.845806092023849487e-01,6.678713560104370117e-01,3.815268576145172119e-01,-9.210547804832458496e-02,-1.967265605926513672e-01,-2.469289749860763550e-01,-4.679862037301063538e-02,-2.930211275815963745e-02,-6.898731738328933716e-02,-2.307754158973693848e-01,1.115101203322410583e-01,-4.968830570578575134e-02,4.713247716426849365e-02,6.338844448328018188e-02,1.174777820706367493e-01,8.625359088182449341e-02,-1.956962049007415771e-01,-1.277998387813568115e-01,-1.036479473114013672e-01,3.129443228244781494e-01,2.026780098676681519e-01,2.511669993400573730e-01,3.110203705728054047e-02,1.368583738803863525e-01,4.952577650547027588e-01,1.490777134895324707e-01,-6.179853528738021851e-02,3.830923438072204590e-01,5.391684174537658691e-01,6.797865778207778931e-02,6.168915033340454102e-01,3.082888126373291016e-01,4.740693271160125732e-01,1.188875660300254822e-01,-1.950838603079319000e-02
2.131186425685882568e-01,2.767853140830993652e-01,1.396406292915344238e-01,3.829418122768402100e-01,2.286873906850814819e-01,4.994594752788543701e-01,1.756356358528137207e-01,-1.250496804714202881e-01,6.659104824066162109e-01,9.999998211860656738e-01,3.747399747371673584e-01,6.866407394409179688e-01,5.128124356269836426e-01,2.284273803234100342e-01,3.946714401245117188e-01,2.716719806194305420e-01,1.015386730432510376e-01,-1.420538574457168579e-01,-1.356768459081649780e-01,1.088783028535544872e-03,-1.294763665646314621e-02,2.045164629817008972e-02,-1.703724414110183716e-01,2.218370288610458374e-01,3.760172426700592041e-02,3.747845441102981567e-02,4.696412011981010437e-02,1.352529525756835938e-01,-5.063753947615623474e-02,-1.033783555030822754e-01,-2.562077715992927551e-02,-8.696421980857849121e-02,6.841441243886947632e-02,6.943584978580474854e-02,3.149161040782928467e-01,2.170469164848327637e-01,-5.249614268541336060e-02,3.588382899761199951e-01,1.154334694147109985e-01,2.899249643087387085e-02,3.166465461254119873e-01,7.443882822990417480e-01,3.217623233795166016e-01,4.344607591629028320e-01,5.618910789489746094e-01,6.633460521697998047e-01,1.435849368572235107e-01,7.662489265203475952e-02
1.477961093187332153e-01,1.614141762256622314e-01,1.469458043575286865e-01,1.138545200228691101e-01,2.438336312770843506e-01,1.909575760364532471e-01,1.010392457246780396e-01,3.180246651172637939e-01,5.411587357521057129e-01,3.747399747371673584e-01,1.000000000000000000e+00,6.131663918495178223e-01,2.856356203556060791e-01,3.689811825752258301e-01,6.176022291183471680e-01,2.713555693626403809e-01,6.493607908487319946e-02,3.466972382739186287e-03,-8.923684060573577881e-02,5.553075671195983887e-02,-3.481217846274375916e-02,-1.326879709959030151e-01,-1.481988430023193359e-01,-4.971344023942947388e-02,1.096653193235397339e-01,1.355774998664855957e-01,-1.562708429992198944e-02,1.123907491564750671e-01,1.016714572906494141e-01,-1.459859460592269897e-01,-1.512967348098754883e-01,-1.703163534402847290e-01,3.150523304939270020e-01,3.093003630638122559e-01,2.010294348001480103e-01,-1.028832420706748962e-01,3.648991286754608154e-01,5.193407535552978516e-01,1.521349847316741943e-01,-6.535912305116653442e-02,1.597625762224197388e-01,2.147537171840667725e-01,5.066212266683578491e-02,4.918062984943389893e-01,1.048685386776924133e-01,2.488634735345840454e-01,1.303163822740316391e-02,-1.417619735002517700e-01
9.887625277042388916e-02,3.238728344440460205e-01,1.189429610967636108e-01,1.332361102104187012e-01,1.152094304561614990e-01,3.603286445140838623e-01,2.861892804503440857e-03,-1.186468079686164856e-01,6.681395769119262695e-01,6.866407394409179688e-01,6.131663918495178223e-01,1.000000119209289551e+00,4.327874481678009033e-01,2.043301463127136230e-01,5.865193605422973633e-01,4.603419303894042969e-01,-4.856051132082939148e-02,-2.025306075811386108e-01,-3.916309475898742676e-01,-2.352615296840667725e-01,-2.059313505887985229e-01,-2.536282539367675781e-01,-2.873789966106414795e-01,1.226236000657081604e-01,-1.573797613382339478e-01,6.370205432176589966e-02,-2.139681205153465271e-02,7.167702913284301758e-02,-8.129394054412841797e-02,-1.420550942420959473e-01,-1.760079711675643921e-01,-1.736249923706054688e-01,1.350192725658416748e-01,2.108701169490814209e-01,3.288214206695556641e-01,8.734614402055740356e-02,8.003150671720504761e-02,4.916878640651702881e-01,2.485588341951370239e-01,-6.835585087537765503e-02,3.997148573398590088e-01,5.504343509674072266e-01,7.470267266035079956e-02,5.806923508644104004e-01,3.287234008312225342e-01,4.079275429248809814e-01,1.186953857541084290e-01,-1.506968438625335693e-01
2.524777054786682129e-01,3.412959873676300049e-01,-6.476698815822601318e-02,3.538546860218048096e-01,3.133909702301025391e-01,4.911341369152069092e-01,2.178262472152709961e-01,8.830753713846206665e-02,3.706958293914794922e-01,5.128124356269836426e-01,2.856356203556060791e-01,4.327874481678009033e-01,9.999994635581970215e-01,2.230013161897659302e-01,2.750498354434967041e-01,5.069358348846435547e-01,2.811034917831420898e-01,4.031941667199134827e-02,6.725351512432098389e-02,1.365708112716674805e-01,1.999190300703048706e-01,7.484126836061477661e-02,8.125405013561248779e-02,2.492284178733825684e-01,1.462064832448959351e-01,-4.323359951376914978e-02,1.477277576923370361e-01,1.668470539152622223e-02,-3.866586089134216309e-02,-7.570982724428176880e-02,4.895382747054100037e-02,6.526783853769302368e-02,2.443856596946716309e-01,2.230682075023651123e-01,1.872734874486923218e-01,3.155368268489837646e-01,1.640436202287673950e-01,3.142483532428741455e-01,2.508787512779235840e-01,2.423440068960189819e-01,3.078590035438537598e-01,5.178575515747070312e-01,4.995629489421844482e-01,3.979785144329071045e-01,4.172269999980926514e-01,5.982454419136047363e-01,1.902038305997848511e-01,6.926327943801879883e-02
2.655301392078399658e-01,-1.342859957367181778e-02,5.903946608304977417e-02,1.853890568017959595e-01,2.540241479873657227e-01,1.320578157901763916e-01,2.012239694595336914e-01,3.350727260112762451e-01,1.845806092023849487e-01,2.284273803234100342e-01,3.689811825752258301e-01,2.043301463127136230e-01,2.230013161897659302e-01,9.999998211860656738e-01,2.802723646163940430e-01,1.882312819361686707e-02,3.029067218303680420e-01,2.225545346736907959e-01,1.863116323947906494e-01,1.464340984821319580e-01,-4.351496696472167969e-02,1.303985714912414551e-01,3.661375492811203003e-02,3.480635210871696472e-02,4.160268008708953857e-01,2.624059654772281647e-02,3.176268562674522400e-02,1.514521986246109009e-01,8.097475767135620117e-02,-4.476753994822502136e-02,-1.846607401967048645e-02,-6.547930836677551270e-02,6.408130377531051636e-02,7.507111877202987671e-02,6.945326924324035645e-02,1.575945504009723663e-02,3.814886510372161865e-01,2.343282997608184814e-01,-4.358598962426185608e-02,1.102360412478446960e-01,7.367824018001556396e-02,5.828629061579704285e-02,2.071309983730316162e-01,8.193778991699218750e-02,5.146039277315139771e-02,1.686663478612899780e-01,1.000425666570663452e-01,-1.059078704565763474e-02
2.368276566267013550e-01,2.535984516143798828e-01,2.645195424556732178e-01,1.567571312189102173e-01,1.762210875749588013e-01,3.569760620594024658e-01,1.574589014053344727e-01,2.770035266876220703e-01,6.678713560104370117e-01,3.946714401245117188e-01,6.176022291183471680e-01,5.865193605422973633e-01,2.750498354434967041e-01,2.802723646163940430e-01,9.999996423721313477e-01,4.486801326274871826e-01,2.753560431301593781e-02,-3.799645975232124329e-02,-1.688667833805084229e-01,1.304717385210096836e-03,1.378421857953071594e-02,-9.011404961347579956e-02,-2.346447408199310303e-01,-3.929601516574621201e-03,3.419567132368683815e-03,2.312881648540496826e-01,7.968133687973022461e-02,1.262333095073699951e-01,1.636849939823150635e-01,-2.317798882722854614e-01,-1.831222474575042725e-01,-2.235143333673477173e-01,4.600727856159210205e-01,3.700340986251831055e-01,2.544589042663574219e-01,-7.621670514345169067e-02,4.081895351409912109e-01,6.056009531021118164e-01,2.386679351329803467e-01,-6.636926531791687012e-02,3.226541876792907715e-01,3.455439209938049316e-01,-1.840887218713760376e-02,5.610418319702148438e-01,1.833995282649993896e-01,3.469257354736328125e-01,2.068447321653366089e-02,-2.258354425430297852e-01
3.094910383224487305e-01,4.411959946155548096e-01,3.676000609993934631e-02,1.476601511240005493e-01,2.063039541244506836e-01,5.236548781394958496e-01,1.027486920356750488e-01,1.155183017253875732e-01,3.815268576145172119e-01,2.716719806194305420e-01,2.713555693626403809e-01,4.603419303894042969e-01,5.069358348846435547e-01,1.882312819361686707e-02,4.486801326274871826e-01,1.000000119209289551e+00,7.684812694787979126e-02,1.225116476416587830e-02,-1.564890146255493164e-01,-3.195456415414810181e-02,5.679235607385635376e-02,-1.560239344835281372e-01,-8.704498410224914551e-03,2.417415007948875427e-02,-9.384558349847793579e-02,1.137320771813392639e-01,2.631062269210815430e-01,7.467274088412523270e-03,2.012057416141033173e-02,-5.583135038614273071e-02,-1.304048299789428711e-01,-1.423178911209106445e-01,5.058999657630920410e-01,3.933849036693572998e-01,2.468443661928176880e-01,1.167483278550207615e-03,2.502554953098297119e-01,4.206088185310363770e-01,5.575702786445617676e-01,9.094149619340896606e-02,4.869374930858612061e-01,3.847168087959289551e-01,1.179358735680580139e-01,5.464717149734497070e-01,2.082636356353759766e-01,3.223686218261718750e-01,1.767857559025287628e-02,-1.583460122346878052e-01
4.361146688461303711e-01,2.164275795221328735e-01,1.029234007000923157e-02,5.081419944763183594e-01,3.777247369289398193e-01,2.747633457183837891e-01,6.878238320350646973e-01,3.203844130039215088e-01,-9.210547804832458496e-02,1.015386730432510376e-01,6.493607908487319946e-02,-4.856051132082939148e-02,2.811034917831420898e-01,3.029067218303680420e-01,2.753560431301593781e-02,7.684812694787979126e-02,9.999995827674865723e-01,6.541984081268310547e-01,5.800631046295166016e-01,5.031061768531799316e-01,3.733273744583129883e-01,4.624779820442199707e-01,3.198449015617370605e-01,1.903935670852661133e-01,6.055203676223754883e-01,1.818516999483108521e-01,3.715316057205200195e-01,1.120275929570198059e-01,2.622793912887573242e-01,3.485615253448486328e-01,4.448189735412597656e-01,2.100298553705215454e-01,1.652888655662536621e-01,2.995722293853759766e-01,3.080211281776428223e-01,3.057008683681488037e-01,2.096432596445083618e-01,2.977298200130462646e-01,1.248072832822799683e-01,2.731975913047790527e-01,-2.756620058789849281e-03,1.678014248609542847e-01,4.595280289649963379e-01,6.828733533620834351e-02,2.708085775375366211e-01,3.224718272686004639e-01,1.219379529356956482e-01,1.762911528348922729e-01
3.708373308181762695e-01,2.173077464103698730e-01,-6.782712042331695557e-02,2.324873208999633789e-01,3.401483893394470215e-01,1.007810831069946289e-01,5.265232324600219727e-01,3.801460564136505127e-01,-1.967265605926513672e-01,-1.420538574457168579e-01,3.466972382739186287e-03,-2.025306075811386108e-01,4.031941667199134827e-02,2.225545346736907959e-01,-3.799645975232124329e-02,1.225116476416587830e-02,6.541984081268310547e-01,9.999994039535522461e-01,4.422190785408020020e-01,4.130553603172302246e-01,2.666989862918853760e-01,4.307458102703094482e-01,3.339436352252960205e-01,1.891217231750488281e-01,5.976856350898742676e-01,1.236925944685935974e-01,3.911044895648956299e-01,9.565295279026031494e-02,2.148753404617309570e-01,4.053853750228881836e-01,5.092235803604125977e-01,2.712907493114471436e-01,1.976008266210556030e-01,2.854508459568023682e-01,1.564710587263107300e-01,2.118773758411407471e-01,2.953797280788421631e-01,2.609426677227020264e-01,1.706332713365554810e-01,2.913066744804382324e-01,-1.755282841622829437e-02,-3.879750892519950867e-02,2.901679575443267822e-01,3.353381156921386719e-02,1.105842813849449158e-01,6.721562892198562622e-02,1.342058479785919189e-01,1.770031601190567017e-01
3.852407038211822510e-01,-2.023236639797687531e-02,-4.098993539810180664e-02,3.788732588291168213e-01,4.136573970317840576e-01,9.334994107484817505e-02,3.720896840095520020e-01,4.989301264286041260e-01,-2.469289749860763550e-01,-1.356768459081649780e-01,-8.923684060573577881e-02,-3.916309475898742676e-01,6.725351512432098389e-02,1.863116323947906494e-01,-1.688667833805084229e-01,-1.564890146255493164e-01,5.800631046295166016e-01,4.422190785408020020e-01,9.999997615814208984e-01,7.292459011077880859e-01,5.446550250053405762e-01,4.063718318939208984e-01,4.111959338188171387e-01,-6.419002264738082886e-02,5.447198748588562012e-01,5.093914642930030823e-02,1.546535789966583252e-01,1.249476671218872070e-01,2.090276032686233521e-01,5.961266905069351196e-02,1.684596389532089233e-01,7.414611428976058960e-02,1.679408401250839233e-01,1.726852804422378540e-01,1.581591926515102386e-02,3.805370628833770752e-02,1.793472319841384888e-01,1.383610162883996964e-02,-1.494471728801727295e-02,2.116070538759231567e-01,-2.256088554859161377e-01,-1.092217117547988892e-01,4.489187896251678467e-01,-8.275952935218811035e-02,1.101869493722915649e-01,1.172574311494827271e-01,-1.142841354012489319e-01,1.075263023376464844e-01
2.859671413898468018e-01,5.695841088891029358e-02,-3.605363145470619202e-02,3.203021287918090820e-01,4.422890543937683105e-01,2.552902400493621826e-01,3.768358230590820312e-01,4.677190184593200684e-01,-4.679862037301063538e-02,1.088783028535544872e-03,5.553075671195983887e-02,-2.352615296840667725e-01,1.365708112716674805e-01,1.464340984821319580e-01,1.304717385210096836e-03,-3.195456415414810181e-02,5.031061768531799316e-01,4.130553603172302246e-01,7.292459011077880859e-01,1.000000357627868652e+00,7.127825617790222168e-01,4.402501583099365234e-01,1.784177869558334351e-01,-8.095271140336990356e-02,4.197255671024322510e-01,7.788208872079849243e-02,1.199780777096748352e-01,-8.339359425008296967e-03,1.413973271846771240e-01,1.288007199764251709e-01,1.522431671619415283e-01,-1.619954779744148254e-02,2.519541978836059570e-01,2.102305144071578979e-01,8.096871525049209595e-02,-8.500812947750091553e-02,2.087348699569702148e-01,1.421490758657455444e-01,9.183699637651443481e-02,6.271076202392578125e-02,-1.252751946449279785e-01,5.419545248150825500e-02,3.675794601440429688e-01,1.133388653397560120e-01,1.298346370458602905e-01,2.354741096496582031e-01,-1.189790517091751099e-01,1.407804638147354126e-01
1.538536846637725830e-01,1.935254931449890137e-01,-1.421044319868087769e-01,2.056180387735366821e-01,3.189985752105712891e-01,2.194938361644744873e-01,3.014164268970489502e-01,3.912606239318847656e-01,-2.930211275815963745e-02,-1.294763665646314621e-02,-3.481217846274375916e-02,-2.059313505887985229e-01,1.999190300703048706e-01,-4.351496696472167969e-02,1.378421857953071594e-02,5.679235607385635376e-02,3.733273744583129883e-01,2.666989862918853760e-01,5.446550250053405762e-01,7.127825617790222168e-01,1.000000000000000000e+00,4.193140268325805664e-01,1.800763010978698730e-01,-3.517514094710350037e-02,2.246137857437133789e-01,6.599480658769607544e-02,1.065351366996765137e-01,-1.977371573448181152e-01,-6.080057006329298019e-03,1.106572374701499939e-01,1.434023082256317139e-01,1.936541497707366943e-02,2.937556505203247070e-01,2.682957351207733154e-01,5.606332793831825256e-02,3.799099242314696312e-03,2.089929133653640747e-01,1.606813520193099976e-01,1.694677323102951050e-01,1.110923066735267639e-01,-3.980124741792678833e-02,1.661901324987411499e-01,2.549818456172943115e-01,1.638288944959640503e-01,2.111744880676269531e-01,2.632752954959869385e-01,-5.743805319070816040e-02,1.773316264152526855e-01
1.712502986192703247e-01,2.353787235915660858e-02,1.533807814121246338e-01,3.604595661163330078e-01,2.341490387916564941e-01,1.034484580159187317e-01,4.285491406917572021e-01,2.032158821821212769e-01,-6.898731738328933716e-02,2.045164629817008972e-02,-1.326879709959030151e-01,-2.536282539367675781e-01,7.484126836061477661e-02,1.303985714912414551e-01,-9.011404961347579956e-02,-1.560239344835281372e-01,4.624779820442199707e-01,4.307458102703094482e-01,4.063718318939208984e-01,4.402501583099365234e-01,4.193140268325805664e-01,1.000000119209289551e+00,3.191356360912322998e-01,2.896073460578918457e-01,4.550524652004241943e-01,1.573805063962936401e-01,1.597630530595779419e-01,2.279302477836608887e-01,3.065471947193145752e-01,3.164137899875640869e-01,5.102394819259643555e-01,3.347861468791961670e-01,2.437563985586166382e-02,1.088712736964225769e-01,1.825592815876007080e-01,2.489396035671234131e-01,1.724648326635360718e-01,7.360992580652236938e-02,-1.142525896430015564e-01,2.667379677295684814e-01,-9.964824467897415161e-02,1.397614032030105591e-01,2.612018287181854248e-01,-7.554958015680313110e-02,2.318357825279235840e-01,2.910219430923461914e-01,1.467208862304687500e-01,6.163997650146484375e-01
4.645600318908691406e-01,1.177926212549209595e-01,1.705067753791809082e-01,3.226263225078582764e-01,3.449320793151855469e-01,-1.293942779302597046e-01,3.175099492073059082e-01,4.417893588542938232e-01,-2.307754158973693848e-01,-1.703724414110183716e-01,-1.481988430023193359e-01,-2.873789966106414795e-01,8.125405013561248779e-02,3.661375492811203003e-02,-2.346447408199310303e-01,-8.704498410224914551e-03,3.198449015617370605e-01,3.339436352252960205e-01,4.111959338188171387e-01,1.784177869558334351e-01,1.800763010978698730e-01,3.191356360912322998e-01,1.000000238418579102e+00,1.870164126157760620e-01,4.122572541236877441e-01,1.710989139974117279e-02,1.448238641023635864e-01,4.813450872898101807e-01,3.440516591072082520e-01,1.695701181888580322e-01,3.500652909278869629e-01,3.487937152385711670e-01,1.083486452698707581e-01,1.284218430519104004e-01,9.041878581047058105e-02,3.535564541816711426e-01,1.142983213067054749e-01,-6.189461797475814819e-02,1.023455187678337097e-01,5.861856341361999512e-01,-2.558292634785175323e-02,-4.357171058654785156e-02,3.372235000133514404e-01,-6.468198448419570923e-02,1.813042610883712769e-01,1.267001479864120483e-01,7.123441994190216064e-02,3.605371117591857910e-01
7.772004604339599609e-02,3.123201727867126465e-01,7.669378817081451416e-02,2.629142105579376221e-01,1.487134695053100586e-01,1.931161880493164062e-01,2.603746354579925537e-01,-7.943100482225418091e-02,1.115101203322410583e-01,2.218370288610458374e-01,-4.971344023942947388e-02,1.226236000657081604e-01,2.492284178733825684e-01,3.480635210871696472e-02,-3.929601516574621201e-03,2.417415007948875427e-02,1.903935670852661133e-01,1.891217231750488281e-01,-6.419002264738082886e-02,-8.095271140336990356e-02,-3.517514094710350037e-02,2.896073460578918457e-01,1.870164126157760620e-01,1.000000357627868652e+00,1.354972869157791138e-01,3.650251030921936035e-02,2.607831358909606934e-01,2.053756862878799438e-01,1.655184626579284668e-01,2.396983504295349121e-01,6.409891843795776367e-01,6.700173616409301758e-01,-9.316458553075790405e-02,3.997572511434555054e-02,2.969745099544525146e-01,6.715081930160522461e-01,-4.983744025230407715e-02,1.568854898214340210e-01,1.522191911935806274e-01,4.827217459678649902e-01,3.236314058303833008e-01,3.438338041305541992e-01,2.884412407875061035e-01,9.248853474855422974e-02,2.759525477886199951e-01,3.083294928073883057e-01,7.887452840805053711e-01,4.905596077442169189e-01
5.271942019462585449e-01,1.071575731039047241e-01,1.393978297710418701e-02,3.830657899379730225e-01,5.034809708595275879e-01,1.622033715248107910e-01,4.792130887508392334e-01,4.989024102687835693e-01,-4.968830570578575134e-02,3.760172426700592041e-02,1.096653193235397339e-01,-1.573797613382339478e-01,1.462064832448959351e-01,4.160268008708953857e-01,3.419567132368683815e-03,-9.384558349847793579e-02,6.055203676223754883e-01,5.976856350898742676e-01,5.447198748588562012e-01,4.197255671024322510e-01,2.246137857437133789e-01,4.550524652004241943e-01,4.122572541236877441e-01,1.354972869157791138e-01,9.999999403953552246e-01,2.654518932104110718e-02,3.308682143688201904e-01,2.711945772171020508e-01,2.200497090816497803e-01,2.065388113260269165e-01,4.247763752937316895e-01,2.708911001682281494e-01,1.781668215990066528e-01,2.075923234224319458e-01,9.062318503856658936e-02,2.221288979053497314e-01,2.943013608455657959e-01,2.263462394475936890e-01,-5.043101310729980469e-02,3.191457688808441162e-01,-1.955785043537616730e-02,3.134967386722564697e-02,4.023589789867401123e-01,1.203901701956056058e-04,2.035139054059982300e-01,1.696050763130187988e-01,1.077569350600242615e-01,2.790891528129577637e-01
-3.331477940082550049e-02,-3.372409939765930176e-02,5.437103509902954102e-01,1.709350347518920898e-01,1.513081975281238556e-02,-2.704147994518280029e-02,4.028220474720001221e-01,1.845549494028091431e-01,4.713247716426849365e-02,3.747845441102981567e-02,1.355774998664855957e-01,6.370205432176589966e-02,-4.323359951376914978e-02,2.624059654772281647e-02,2.312881648540496826e-01,1.137320771813392639e-01,1.818516999483108521e-01,1.236925944685935974e-01,5.093914642930030823e-02,7.788208872079849243e-02,6.599480658769607544e-02,1.573805063962936401e-01,1.710989139974117279e-02,3.650251030921936035e-02,2.654518932104110718e-02,9.999999403953552246e-01,4.017017781734466553e-02,1.595551520586013794e-01,1.433534473180770874e-01,-1.138233691453933716e-01,2.749465405941009521e-02,-5.009356141090393066e-02,1.845715939998626709e-01,1.041179075837135315e-01,1.359914988279342651e-01,-4.178165644407272339e-02,2.653838098049163818e-01,1.883759796619415283e-01,7.630284875631332397e-02,2.033408731222152710e-02,-1.330829784274101257e-02,7.404603809118270874e-02,-1.575883626937866211e-01,4.065296798944473267e-02,-5.562318023294210434e-03,1.257152110338211060e-01,-2.591919712722301483e-02,-4.057396203279495239e-02
3.612294495105743408e-01,3.485901951789855957e-01,-2.248422503471374512e-01,2.295749187469482422e-01,1.925456672906875610e-01,3.456584811210632324e-01,3.119514584541320801e-01,1.489914506673812866e-01,6.338844448328018188e-02,4.696412011981010437e-02,-1.562708429992198944e-02,-2.139681205153465271e-02,1.477277576923370361e-01,3.176268562674522400e-02,7.968133687973022461e-02,2.631062269210815430e-01,3.715316057205200195e-01,3.911044895648956299e-01,1.546535789966583252e-01,1.199780777096748352e-01,1.065351366996765137e-01,1.597630530595779419e-01,1.448238641023635864e-01,2.607831358909606934e-01,3.308682143688201904e-01,4.017017781734466553e-02,9.999997615814208984e-01,-5.579258501529693604e-02,1.182415485382080078e-01,2.240626960992813110e-01,4.161032438278198242e-01,2.964391112327575684e-01,4.043014049530029297e-01,2.622247338294982910e-01,1.502453535795211792e-01,2.846045196056365967e-01,1.154715716838836670e-01,2.471656650304794312e-01,2.329273372888565063e-01,2.836063206195831299e-01,2.180094420909881592e-01,1.227067261934280396e-01,1.723588556051254272e-01,1.153350695967674255e-01,1.095839440822601318e-01,9.852298349142074585e-02,2.618402838706970215e-01,9.065360575914382935e-02
3.973031938076019287e-01,-1.019370649009943008e-02,6.634905934333801270e-01,4.193951189517974854e-01,2.709002792835235596e-01,-2.518577734008431435e-03,2.137840539216995239e-01,2.102381736040115356e-01,1.174777820706367493e-01,1.352529525756835938e-01,1.123907491564750671e-01,7.167702913284301758e-02,1.668470539152622223e-02,1.514521986246109009e-01,1.262333095073699951e-01,7.467274088412523270e-03,1.120275929570198059e-01,9.565295279026031494e-02,1.249476671218872070e-01,-8.339359425008296967e-03,-1.977371573448181152e-01,2.279302477836608887e-01,4.813450872898101807e-01,2.053756862878799438e-01,2.711945772171020508e-01,1.595551520586013794e-01,-5.579258501529693604e-02,1.000000119209289551e+00,5.564382076263427734e-01,2.448955178260803223e-02,1.798610091209411621e-01,1.516386866569519043e-01,-4.895423725247383118e-02,-4.078723862767219543e-02,2.848036587238311768e-01,2.360075265169143677e-01,3.366644680500030518e-02,4.599304497241973877e-02,1.467583887279033661e-02,3.081866204738616943e-01,2.109728157520294189e-01,1.130912303924560547e-01,2.331230789422988892e-01,3.715864568948745728e-02,1.438204199075698853e-01,2.595456838607788086e-01,2.772196196019649506e-02,2.579431533813476562e-01
2.382124364376068115e-01,9.781374596059322357e-03,4.791705608367919922e-01,4.482945799827575684e-01,2.559322118759155273e-01,9.262292087078094482e-02,3.391583859920501709e-01,2.018211036920547485e-01,8.625359088182449341e-02,-5.063753947615623474e-02,1.016714572906494141e-01,-8.129394054412841797e-02,-3.866586089134216309e-02,8.097475767135620117e-02,1.636849939823150635e-01,2.012057416141033173e-02,2.622793912887573242e-01,2.148753404617309570e-01,2.090276032686233521e-01,1.413973271846771240e-01,-6.080057006329298019e-03,3.065471947193145752e-01,3.440516591072082520e-01,1.655184626579284668e-01,2.200497090816497803e-01,1.433534473180770874e-01,1.182415485382080078e-01,5.564382076263427734e-01,9.999998211860656738e-01,3.494194746017456055e-01,2.666767835617065430e-01,1.963622123003005981e-01,2.044873498380184174e-02,7.030595093965530396e-02,3.119653463363647461e-01,1.730757355690002441e-01,7.202480733394622803e-02,1.313108354806900024e-01,3.773616254329681396e-02,1.914725601673126221e-01,1.239324435591697693e-01,-3.639480471611022949e-02,1.462230533361434937e-01,4.576461762189865112e-02,-5.745999142527580261e-02,1.881326138973236084e-01,8.876175433397293091e-02,2.271775156259536743e-01
2.647175453603267670e-02,2.643544673919677734e-01,-4.105944652110338211e-03,1.299391388893127441e-01,1.091527417302131653e-01,8.406616002321243286e-02,3.341989517211914062e-01,-5.731295049190521240e-02,-1.956962049007415771e-01,-1.033783555030822754e-01,-1.459859460592269897e-01,-1.420550942420959473e-01,-7.570982724428176880e-02,-4.476753994822502136e-02,-2.317798882722854614e-01,-5.583135038614273071e-02,3.485615253448486328e-01,4.053853750228881836e-01,5.961266905069351196e-02,1.288007199764251709e-01,1.106572374701499939e-01,3.164137899875640869e-01,1.695701181888580322e-01,2.396983504295349121e-01,2.065388113260269165e-01,-1.138233691453933716e-01,2.240626960992813110e-01,2.448955178260803223e-02,3.494194746017456055e-01,9.999998211860656738e-01,5.780203938484191895e-01,3.606765270233154297e-01,-2.525587975978851318e-01,3.275624662637710571e-02,2.946768105030059814e-01,2.965546846389770508e-01,-1.128228530287742615e-01,1.610796898603439331e-02,1.746165454387664795e-01,2.072519063949584961e-01,1.207756102085113525e-01,6.528535485267639160e-02,1.149974539875984192e-01,-5.936135351657867432e-02,8.199328929185867310e-02,2.580507472157478333e-02,2.182893753051757812e-01,3.976863622665405273e-01
1.531661897897720337e-01,3.019652366638183594e-01,3.260721638798713684e-02,2.606250345706939697e-01,2.121145129203796387e-01,1.010272428393363953e-01,4.542421996593475342e-01,8.828681707382202148e-02,-1.277998387813568115e-01,-2.562077715992927551e-02,-1.512967348098754883e-01,-1.760079711675643921e-01,4.895382747054100037e-02,-1.846607401967048645e-02,-1.831222474575042725e-01,-1.304048299789428711e-01,4.448189735412597656e-01,5.092235803604125977e-01,1.684596389532089233e-01,1.522431671619415283e-01,1.434023082256317139e-01,5.102394819259643555e-01,3.500652909278869629e-01,6.409891843795776367e-01,4.247763752937316895e-01,2.749465405941009521e-02,4.161032438278198242e-01,1.798610091209411621e-01,2.666767835617065430e-01,5.780203938484191895e-01,9.999997019767761230e-01,7.635113596916198730e-01,-7.701361179351806641e-02,1.243117526173591614e-01,2.613510489463806152e-01,5.823594331741333008e-01,1.845446601510047913e-02,7.255029678344726562e-02,7.408610731363296509e-02,4.600327312946319580e-01,1.529693901538848877e-01,1.678968220949172974e-01,2.714977562427520752e-01,-6.539858132600784302e-02,2.025019526481628418e-01,1.649382114410400391e-01,5.582468509674072266e-01,6.177499294281005859e-01
9.483546763658523560e-02,2.128767967224121094e-01,-2.841775864362716675e-02,1.844474971294403076e-01,1.472678035497665405e-01,-1.769279316067695618e-02,2.317778468132019043e-01,2.591677196323871613e-02,-1.036479473114013672e-01,-8.696421980857849121e-02,-1.703163534402847290e-01,-1.736249923706054688e-01,6.526783853769302368e-02,-6.547930836677551270e-02,-2.235143333673477173e-01,-1.423178911209106445e-01,2.100298553705215454e-01,2.712907493114471436e-01,7.414611428976058960e-02,-1.619954779744148254e-02,1.936541497707366943e-02,3.347861468791961670e-01,3.487937152385711670e-01,6.700173616409301758e-01,2.708911001682281494e-01,-5.009356141090393066e-02,2.964391112327575684e-01,1.516386866569519043e-01,1.963622123003005981e-01,3.606765270233154297e-01,7.635113596916198730e-01,1.000000596046447754e+00,-1.027480512857437134e-01,8.190242946147918701e-02,1.581995189189910889e-01,5.590785741806030273e-01,-5.933285877108573914e-02,-2.729628793895244598e-02,-1.889779377961531281e-04,4.226214885711669922e-01,1.262230277061462402e-01,6.466820836067199707e-02,2.062303870916366577e-01,-6.939043104648590088e-02,1.424740403890609741e-01,7.127013057470321655e-02,6.835595965385437012e-01,6.284641027450561523e-01
3.961341679096221924e-01,2.714622020721435547e-01,-6.900326162576675415e-02,1.017934158444404602e-01,1.850576102733612061e-01,2.782588303089141846e-01,1.720869392156600952e-01,5.222563743591308594e-01,3.129443228244781494e-01,6.841441243886947632e-02,3.150523304939270020e-01,1.350192725658416748e-01,2.443856596946716309e-01,6.408130377531051636e-02,4.600727856159210205e-01,5.058999657630920410e-01,1.652888655662536621e-01,1.976008266210556030e-01,1.679408401250839233e-01,2.519541978836059570e-01,2.937556505203247070e-01,2.437563985586166382e-02,1.083486452698707581e-01,-9.316458553075790405e-02,1.781668215990066528e-01,1.845715939998626709e-01,4.043014049530029297e-01,-4.895423725247383118e-02,2.044873498380184174e-02,-2.525587975978851318e-01,-7.701361179351806641e-02,-1.027480512857437134e-01,9.999999403953552246e-01,5.613154768943786621e-01,5.535902082920074463e-02,-7.899077236652374268e-02,4.805440306663513184e-01,4.396772682666778564e-01,3.486231565475463867e-01,8.647612482309341431e-02,1.649734526872634888e-01,1.245699971914291382e-01,2.750379964709281921e-02,4.431107342243194580e-01,8.447110652923583984e-02,2.042828053236007690e-01,-6.041405722498893738e-02,-1.714869886636734009e-01
