1.000000119209289551e+00,1.267289090901613235e-02,1.068723723292350769e-01,3.161134719848632812e-01,2.483155727386474609e-01,1.067086309194564819e-01,-2.629252970218658447e-01,8.604887127876281738e-02,-3.151548281311988831e-02,6.121928617358207703e-02,1.706243902444839478e-01,2.828402817249298096e-01,1.968663781881332397e-01,3.120282888412475586e-01,4.332529008388519287e-01,2.643813788890838623e-01,-3.784797489643096924e-01,-2.313780337572097778e-01,-1.491586565971374512e-01,5.583421885967254639e-02,1.170200705528259277e-01,4.670367017388343811e-02,-1.819136589765548706e-01,-9.050863981246948242e-02,4.877532646059989929e-02,-3.007144927978515625e-01,1.598892658948898315e-01,-1.836093887686729431e-02,-2.895514965057373047e-01,3.351818770170211792e-02,-2.670380659401416779e-02,-1.412584930658340454e-01,1.942124664783477783e-01,2.193551808595657349e-01,-8.999527245759963989e-02,-8.182572573423385620e-02,1.690551340579986572e-01,1.631006300449371338e-01,-1.502883881330490112e-01,-2.803103029727935791e-01,5.615808069705963135e-03,-1.739897727966308594e-01,-2.522554099559783936e-01,-2.419645199552178383e-03,-2.122975140810012817e-01,-2.220902144908905029e-01,-1.326052471995353699e-02,-2.560488581657409668e-01
1.267289090901613235e-02,1.000000000000000000e+00,-1.028279960155487061e-01,-1.412957906723022461e-03,1.708082668483257294e-02,2.407770752906799316e-01,2.540293335914611816e-01,2.233711332082748413e-01,2.526058629155158997e-02,2.710528075695037842e-01,-1.013980731368064880e-01,-3.113927133381366730e-02,2.393591701984405518e-01,5.457602813839912415e-02,-2.900182828307151794e-02,-7.479881867766380310e-03,2.636394202709197998e-01,1.301528960466384888e-01,4.035697281360626221e-01,2.353464215993881226e-01,1.160154864192008972e-02,-1.095414534211158752e-01,2.183906883001327515e-01,3.229189217090606689e-01,-2.159155532717704773e-02,2.686671018600463867e-01,1.166025698184967041e-01,1.122769415378570557e-01,3.347041606903076172e-01,1.998140662908554077e-01,2.165882289409637451e-01,3.086269199848175049e-01,2.909592092037200928e-01,2.042126059532165527e-01,1.788053214550018311e-01,3.532231450080871582e-01,1.890408545732498169e-01,2.160036712884902954e-01,1.525982022285461426e-01,1.553079038858413696e-01,4.663636684417724609e-01,5.982236862182617188e-01,5.394855737686157227e-01,5.805677175521850586e-01,5.479100942611694336e-01,4.857280254364013672e-01,3.276301324367523193e-01,2.107477337121963501e-01
1.068723723292350769e-01,-1.028279960155487061e-01,1.000000119209289551e+00,3.622539341449737549e-01,2.337560653686523438e-01,7.238876819610595703e-02,1.475109905004501343e-01,7.617156952619552612e-02,2.417333424091339111e-01,1.943563520908355713e-01,2.774933278560638428e-01,3.998484909534454346e-01,7.496090978384017944e-02,-2.167348004877567291e-02,1.037966609001159668e-01,3.844789415597915649e-02,9.347435832023620605e-02,7.995145278982818127e-04,-3.359234035015106201e-01,-1.883482187986373901e-01,-1.593900322914123535e-01,-1.521550863981246948e-01,-1.882313191890716553e-01,-2.841481864452362061e-01,3.441295325756072998e-01,-5.594485998153686523e-02,2.038885056972503662e-01,4.052092134952545166e-01,-1.529755592346191406e-01,-2.730431221425533295e-02,-2.193001955747604370e-01,-4.333157539367675781e-01,1.366488356143236160e-02,-6.342178583145141602e-02,2.140754163265228271e-01,-8.870905265212059021e-03,-7.439898699522018433e-02,8.944325149059295654e-02,8.716058731079101562e-02,1.124925687909126282e-01,-2.969428151845932007e-02,-2.080296576023101807e-01,-2.476563453674316406e-01,-2.995214611291885376e-02,-9.559468924999237061e-02,-1.365380883216857910e-01,-2.590021789073944092e-01,-3.796623945236206055e-01
3.161134719848632812e-01,-1.412957906723022461e-03,3.622539341449737549e-01,1.000000119209289551e+00,2.109102606773376465e-01,1.649830639362335205e-01,2.526738941669464111e-01,2.024052478373050690e-02,-9.547368437051773071e-02,1.051251515746116638e-01,-2.637071348726749420e-02,7.029083371162414551e-02,1.696104407310485840e-01,-7.476008497178554535e-03,1.723312884569168091e-01,3.427764177322387695e-01,-2.126676402986049652e-02,5.468453839421272278e-02,-4.323208238929510117e-03,2.088995128870010376e-01,1.286070197820663452e-01,1.283041834831237793e-01,-1.133611723780632019e-01,-2.769246511161327362e-02,-4.458026960492134094e-02,-5.281761754304170609e-03,-2.488868683576583862e-02,1.333424448966979980e-01,-8.278449624776840210e-02,6.438568979501724243e-02,7.264006137847900391e-02,-8.212888240814208984e-02,-1.818912774324417114e-01,4.726613312959671021e-02,1.894182264804840088e-01,2.054829895496368408e-01,4.914073273539543152e-02,3.381837606430053711e-01,2.469056099653244019e-01,-5.798190832138061523e-03,2.222931087017059326e-01,-7.296424359083175659e-02,-8.586872369050979614e-02,4.122808109968900681e-03,-1.363629549741744995e-01,-1.110366545617580414e-02,-2.964216691907495260e-04,-2.707672715187072754e-01
2.483155727386474609e-01,1.708082668483257294e-02,2.337560653686523438e-01,2.109102606773376465e-01,1.000000476837158203e+00,6.561281085014343262e-01,1.203466877341270447e-01,2.346809506416320801e-01,1.233328729867935181e-01,2.000033706426620483e-01,2.155268490314483643e-01,2.997181415557861328e-01,4.432065188884735107e-01,1.554984450340270996e-01,2.319413572549819946e-01,2.049420326948165894e-01,-6.266665458679199219e-02,-1.617258638143539429e-01,-6.899224966764450073e-02,4.903626069426536560e-02,1.199168115854263306e-01,-8.771853893995285034e-02,-1.081322729587554932e-01,-1.094636470079421997e-01,2.476699650287628174e-01,-1.157765462994575500e-02,1.271574348211288452e-01,6.771670281887054443e-02,-1.519984155893325806e-01,-9.993402659893035889e-02,-2.077818065881729126e-01,-2.306976616382598877e-01,2.890639305114746094e-01,4.871964082121849060e-02,4.005430638790130615e-02,-1.506974268704652786e-02,3.306780010461807251e-02,2.340952157974243164e-01,1.254644244909286499e-01,-2.891751751303672791e-02,1.985039561986923218e-01,-3.621727228164672852e-02,8.185266517102718353e-03,-5.023906379938125610e-02,-5.116426944732666016e-02,-9.563742578029632568e-02,-1.717682927846908569e-02,-2.096961140632629395e-01
1.067086309194564819e-01,2.407770752906799316e-01,7.238876819610595703e-02,1.649830639362335205e-01,6.561281085014343262e-01,1.000000238418579102e+00,3.027018010616302490e-01,3.420877456665039062e-01,1.113194227218627930e-01,3.720145523548126221e-01,9.822387993335723877e-02,2.156023532152175903e-01,4.829520881175994873e-01,1.673298627138137817e-01,1.360142696648836136e-02,2.139580622315406799e-02,1.163519248366355896e-01,-4.022518172860145569e-03,1.108479574322700500e-01,2.049828171730041504e-01,2.198118865489959717e-01,-8.824335038661956787e-02,1.242775842547416687e-01,1.281744837760925293e-01,5.291451886296272278e-02,3.008971512317657471e-01,4.280414804816246033e-02,2.826110087335109711e-02,6.671541184186935425e-02,-9.418087452650070190e-02,-1.293520927429199219e-01,4.261941090226173401e-02,3.674135506153106689e-01,6.773277651518583298e-03,-8.641838282346725464e-02,1.218796223402023315e-01,2.869517728686332703e-02,8.794821053743362427e-02,1.532881259918212891e-01,1.579585820436477661e-01,4.434016346931457520e-01,2.468153685331344604e-01,2.919508218765258789e-01,1.480365395545959473e-01,1.512917876243591309e-01,1.732208430767059326e-01,1.792436093091964722e-01,6.759841740131378174e-02
-2.629252970218658447e-01,2.540293335914611816e-01,1.475109905004501343e-01,2.526738941669464111e-01,1.203466877341270447e-01,3.027018010616302490e-01,1.000000596046447754e+00,1.546063274145126343e-01,3.175002709031105042e-02,2.942332029342651367e-01,-7.837656140327453613e-02,-6.207484751939773560e-02,1.177594810724258423e-01,-3.357159346342086792e-02,-8.375614881515502930e-02,4.531274735927581787e-02,7.793724536895751953e-01,6.036927103996276855e-01,4.011365473270416260e-01,2.833792269229888916e-01,-1.971913427114486694e-01,1.310692750848829746e-03,3.158061504364013672e-01,2.029248178005218506e-01,1.089064553380012512e-01,6.120969057083129883e-01,8.872833102941513062e-03,1.103361994028091431e-01,1.907007396221160889e-01,1.355670299381017685e-02,-8.352517150342464447e-03,1.523174047470092773e-01,2.428177185356616974e-02,-1.136989369988441467e-01,6.296675652265548706e-02,3.429476320743560791e-01,9.733319282531738281e-02,2.482168972492218018e-01,4.434333145618438721e-01,4.595046043395996094e-01,3.705586791038513184e-01,4.850685894489288330e-01,4.358462691307067871e-01,2.568406462669372559e-01,3.038934469223022461e-01,4.187733232975006104e-01,2.094094157218933105e-01,1.679675281047821045e-01
8.604887127876281738e-02,2.233711332082748413e-01,7.617156952619552612e-02,2.024052478373050690e-02,2.346809506416320801e-01,3.420877456665039062e-01,1.546063274145126343e-01,1.000000238418579102e+00,4.699361622333526611e-01,3.880530595779418945e-01,4.770635068416595459e-01,3.571747839450836182e-01,3.462600409984588623e-01,3.553250730037689209e-01,5.484126880764961243e-02,-3.572401776909828186e-02,1.683338284492492676e-01,-3.887996077537536621e-02,-4.402561113238334656e-02,-6.063782423734664917e-02,1.947675943374633789e-01,-9.062206745147705078e-02,3.985141813755035400e-01,2.271649092435836792e-01,1.443524807691574097e-01,1.784438043832778931e-01,2.439870983362197876e-01,1.675646007061004639e-01,1.381863057613372803e-01,2.497232556343078613e-01,2.108471654355525970e-02,8.546260744333267212e-02,5.325993895530700684e-01,4.106610119342803955e-01,1.366083025932312012e-01,2.551678419113159180e-01,3.734103441238403320e-01,2.373594939708709717e-01,3.340175747871398926e-01,3.299335241317749023e-01,1.277527660131454468e-01,2.326771616935729980e-01,2.287691980600357056e-01,2.451224923133850098e-01,2.045878171920776367e-01,1.444877982139587402e-01,1.595736891031265259e-01,3.617121651768684387e-02
-3.151548281311988831e-02,2.526058629155158997e-02,2.417333424091339111e-01,-9.547368437051773071e-02,1.233328729867935181e-01,1.113194227218627930e-01,3.175002709031105042e-02,4.699361622333526611e-01,1.000000119209289551e+00,5.533708333969116211e-01,5.093703866004943848e-01,5.001871585845947266e-01,2.649515271186828613e-01,8.314331620931625366e-02,-1.063069105148315430e-01,-1.711043417453765869e-01,1.515956073999404907e-01,-1.429072320461273193e-01,-2.218003123998641968e-01,-3.312896490097045898e-01,-3.106203489005565643e-02,-1.697638332843780518e-01,2.437909543514251709e-01,9.149184077978134155e-02,4.276531338691711426e-01,2.960128150880336761e-02,3.753689825534820557e-01,3.236213624477386475e-01,1.295766383409500122e-01,1.015072539448738098e-01,-4.669095203280448914e-02,-2.992104180157184601e-02,3.445618450641632080e-01,-5.295794922858476639e-03,2.102428227663040161e-01,2.160009145736694336e-01,1.335846781730651855e-01,5.746801570057868958e-02,2.440205365419387817e-01,3.253765404224395752e-01,-1.652314066886901855e-01,7.354791462421417236e-02,4.568705707788467407e-02,2.953475415706634521e-01,1.376825105398893356e-02,1.712856069207191467e-02,1.656986307352781296e-03,-6.790494173765182495e-02
6.121928617358207703e-02,2.710528075695037842e-01,1.943563520908355713e-01,1.051251515746116638e-01,2.000033706426620483e-01,3.720145523548126221e-01,2.942332029342651367e-01,3.880530595779418945e-01,5.533708333969116211e-01,1.000000000000000000e+00,2.279315143823623657e-01,4.922688603401184082e-01,5.267004966735839844e-01,5.368259921669960022e-02,-4.700284451246261597e-02,-4.320586100220680237e-02,2.638874650001525879e-01,3.068182431161403656e-02,7.111158221960067749e-02,5.484174937009811401e-02,4.251562803983688354e-02,-2.600990831851959229e-01,2.488712519407272339e-01,2.415052652359008789e-01,2.310992330312728882e-01,2.969809472560882568e-01,2.150185257196426392e-01,1.700176894664764404e-01,1.112771481275558472e-01,1.580790616571903229e-02,-1.031400412321090698e-01,1.095226556062698364e-01,3.274503648281097412e-01,-4.322708398103713989e-02,7.865926623344421387e-02,3.502475321292877197e-01,6.279567629098892212e-02,1.121261566877365112e-01,2.680595517158508301e-01,2.820333540439605713e-01,2.381080389022827148e-01,3.447394371032714844e-01,2.565246522426605225e-01,4.765650331974029541e-01,1.131926551461219788e-01,2.431677132844924927e-01,1.731179207563400269e-01,1.031343638896942139e-02
1.706243902444839478e-01,-1.013980731368064880e-01,2.774933278560638428e-01,-2.637071348726749420e-02,2.155268490314483643e-01,9.822387993335723877e-02,-7.837656140327453613e-02,4.770635068416595459e-01,5.093703866004943848e-01,2.279315143823623657e-01,1.000000238418579102e+00,4.700454473495483398e-01,1.773116290569305420e-01,2.958354353904724121e-01,9.997685253620147705e-02,-6.155604030936956406e-03,-3.759149089455604553e-02,-1.521585583686828613e-01,-2.915332615375518799e-01,-2.318051308393478394e-01,4.469934850931167603e-02,8.506952784955501556e-03,1.733956187963485718e-01,-8.321002125740051270e-02,3.840963244438171387e-01,-1.602092087268829346e-01,2.990272343158721924e-01,1.686570048332214355e-01,-7.997720688581466675e-02,1.070574820041656494e-01,-7.368963211774826050e-02,-1.534110158681869507e-01,3.453633487224578857e-01,1.729817539453506470e-01,1.323260813951492310e-01,1.116011757403612137e-02,1.792245656251907349e-01,7.586542516946792603e-02,2.334868460893630981e-01,2.645301520824432373e-01,-1.490957289934158325e-01,-1.744539439678192139e-01,-1.376220285892486572e-01,2.436186745762825012e-02,-7.757501304149627686e-02,-1.189688965678215027e-01,-3.210422396659851074e-02,-1.202780157327651978e-01
2.828402817249298096e-01,-3.113927133381366730e-02,3.998484909534454346e-01,7.029083371162414551e-02,2.997181415557861328e-01,2.156023532152175903e-01,-6.207484751939773560e-02,3.571747839450836182e-01,5.001871585845947266e-01,4.922688603401184082e-01,4.700454473495483398e-01,1.000000357627868652e+00,4.341142773628234863e-01,1.887267082929611206e-01,2.311276346445083618e-01,7.866818457841873169e-02,-5.299036204814910889e-02,-1.836921870708465576e-01,-2.268648296594619751e-01,-6.176699325442314148e-02,2.456283420324325562e-01,-1.701604723930358887e-01,6.391813606023788452e-02,-1.825778633356094360e-01,2.488806992769241333e-01,-1.284667849540710449e-01,2.230903804302215576e-01,1.706349104642868042e-01,-1.845706552267074585e-01,3.279552236199378967e-02,-2.757870852947235107e-01,-2.198785096406936646e-01,3.328593671321868896e-01,4.441614821553230286e-02,6.420160084962844849e-02,-2.873623184859752655e-02,1.515907943248748779e-01,3.375874087214469910e-02,1.106583029031753540e-01,9.378282725811004639e-02,-4.223221912980079651e-02,-6.099497526884078979e-02,-3.753611445426940918e-02,1.299597471952438354e-01,-1.810410022735595703e-01,-1.347858905792236328e-01,-1.619477123022079468e-01,-2.302800863981246948e-01
1.968663781881332397e-01,2.393591701984405518e-01,7.496090978384017944e-02,1.696104407310485840e-01,4.432065188884735107e-01,4.829520881175994873e-01,1.177594810724258423e-01,3.462600409984588623e-01,2.649515271186828613e-01,5.267004966735839844e-01,1.773116290569305420e-01,4.341142773628234863e-01,1.000000119209289551e+00,1.887974292039871216e-01,1.327529251575469971e-01,2.156874388456344604e-01,-2.026584371924400330e-02,-9.612793475389480591e-02,5.621079355478286743e-02,2.333555519580841064e-01,3.695062398910522461e-01,-6.315622478723526001e-02,2.585167884826660156e-01,2.139876782894134521e-01,-2.499130554497241974e-02,1.046346500515937805e-01,3.173790499567985535e-02,-5.829421058297157288e-02,-1.050733104348182678e-01,7.802037149667739868e-02,-3.914833813905715942e-02,8.311551809310913086e-02,2.484451979398727417e-01,6.826742738485336304e-02,7.793311495333909988e-03,1.921009272336959839e-01,2.445663064718246460e-01,2.065740078687667847e-01,2.198964506387710571e-01,2.627129293978214264e-02,3.703325688838958740e-01,2.056515514850616455e-01,1.746847331523895264e-01,3.771170675754547119e-01,2.874182723462581635e-02,6.068524345755577087e-02,2.209016531705856323e-01,-6.642914563417434692e-02
3.120282888412475586e-01,5.457602813839912415e-02,-2.167348004877567291e-02,-7.476008497178554535e-03,1.554984450340270996e-01,1.673298627138137817e-01,-3.357159346342086792e-02,3.553250730037689209e-01,8.314331620931625366e-02,5.368259921669960022e-02,2.958354353904724121e-01,1.887267082929611206e-01,1.887974292039871216e-01,1.000000119209289551e+00,2.155916839838027954e-01,1.060322970151901245e-01,-5.569697543978691101e-02,-6.153335794806480408e-03,-8.701095730066299438e-02,6.915996968746185303e-02,1.692656278610229492e-01,5.918185040354728699e-02,1.352255791425704956e-01,7.133016735315322876e-02,-2.628509886562824249e-02,-1.165474951267242432e-02,8.298023790121078491e-02,4.163106903433799744e-02,-1.503381598740816116e-02,2.201539725065231323e-01,6.969391554594039917e-02,1.008347421884536743e-02,2.232842147350311279e-01,3.493923842906951904e-01,-5.023000016808509827e-02,-3.725119307637214661e-02,4.263409972190856934e-01,2.343552708625793457e-01,4.531124723143875599e-04,-9.646571124903857708e-04,8.835023641586303711e-02,6.761524826288223267e-02,7.990681380033493042e-02,1.246008351445198059e-01,1.616398841142654419e-01,9.118084609508514404e-02,1.107238829135894775e-01,5.028665438294410706e-02
4.332529008388519287e-01,-2.900182828307151794e-02,1.037966609001159668e-01,1.723312884569168091e-01,2.319413572549819946e-01,1.360142696648836136e-02,-8.375614881515502930e-02,5.484126880764961243e-02,-1.063069105148315430e-01,-4.700284451246261597e-02,9.997685253620147705e-02,2.311276346445083618e-01,1.327529251575469971e-01,2.155916839838027954e-01,1.000000119209289551e+00,4.252821505069732666e-01,-1.485741436481475830e-01,-8.647817373275756836e-02,-8.921764045953750610e-02,2.026663720607757568e-02,1.955107413232326508e-02,-8.010951429605484009e-02,-1.621479839086532593e-01,-6.506219506263732910e-02,1.587572693824768066e-01,-1.424610316753387451e-01,1.583710312843322754e-01,5.746731068938970566e-03,-1.582159996032714844e-01,1.025516912341117859e-01,-5.570385232567787170e-02,-7.479773461818695068e-02,3.780630603432655334e-02,4.212237894535064697e-01,4.766822978854179382e-02,-5.403986200690269470e-02,1.693256646394729614e-01,4.559056460857391357e-01,-6.747707724571228027e-02,-2.379405200481414795e-01,-2.074274979531764984e-02,-7.011677324771881104e-02,-1.341217160224914551e-01,-5.484870821237564087e-02,-6.089282780885696411e-02,-7.443457096815109253e-02,-5.097334086894989014e-02,-1.658346354961395264e-01
2.643813788890838623e-01,-7.479881867766380310e-03,3.844789415597915649e-02,3.427764177322387695e-01,2.049420326948165894e-01,2.139580622315406799e-02,4.531274735927581787e-02,-3.572401776909828186e-02,-1.711043417453765869e-01,-4.320586100220680237e-02,-6.155604030936956406e-03,7.866818457841873169e-02,2.156874388456344604e-01,1.060322970151901245e-01,4.252821505069732666e-01,9.999998211860656738e-01,-1.236080452799797058e-01,5.861387401819229126e-02,1.304524689912796021e-01,3.012469708919525146e-01,1.210782229900360107e-01,1.381201148033142090e-01,-1.198867410421371460e-01,-4.744377732276916504e-02,-2.678393572568893433e-02,-1.575665175914764404e-01,-9.828267991542816162e-02,-1.693132370710372925e-01,-1.666423380374908447e-01,2.073526531457901001e-01,1.336994022130966187e-01,-2.811156027019023895e-02,-2.492285221815109253e-01,1.930321753025054932e-01,1.677041649818420410e-01,8.265909552574157715e-02,2.635571062564849854e-01,3.959614932537078857e-01,3.139335513114929199e-01,-1.642732918262481689e-01,5.278830602765083313e-02,-1.684465445578098297e-02,-3.027683496475219727e-02,3.961425647139549255e-02,-2.277292311191558838e-02,2.127603814005851746e-02,3.378059715032577515e-02,-2.651312351226806641e-01
-3.784797489643096924e-01,2.636394202709197998e-01,9.347435832023620605e-02,-2.126676402986049652e-02,-6.266665458679199219e-02,1.163519248366355896e-01,7.793724536895751953e-01,1.683338284492492676e-01,1.515956073999404907e-01,2.638874650001525879e-01,-3.759149089455604553e-02,-5.299036204814910889e-02,-2.026584371924400330e-02,-5.569697543978691101e-02,-1.485741436481475830e-01,-1.236080452799797058e-01,9.999995827674865723e-01,6.243799328804016113e-01,3.818932175636291504e-01,1.425526142120361328e-01,-2.781579196453094482e-01,-1.127588823437690735e-01,3.432303369045257568e-01,1.948502212762832642e-01,1.835946738719940186e-01,5.676583051681518555e-01,8.000119775533676147e-02,1.640350818634033203e-01,2.631767392158508301e-01,5.695493146777153015e-02,-7.823625579476356506e-03,1.807136684656143188e-01,9.735725075006484985e-02,-6.702174991369247437e-02,7.890479266643524170e-02,3.224384486675262451e-01,8.381192386150360107e-02,1.678816378116607666e-01,3.811310231685638428e-01,4.902732074260711670e-01,1.852133572101593018e-01,5.118424296379089355e-01,4.564177393913269043e-01,2.960277795791625977e-01,3.510010838508605957e-01,4.456548094749450684e-01,1.627915501594543457e-01,2.201650589704513550e-01
-2.313780337572097778e-01,1.301528960466384888e-01,7.995145278982818127e-04,5.468453839421272278e-02,-1.617258638143539429e-01,-4.022518172860145569e-03,6.036927103996276855e-01,-3.887996077537536621e-02,-1.429072320461273193e-01,3.068182431161403656e-02,-1.521585583686828613e-01,-1.836921870708465576e-01,-9.612793475389480591e-02,-6.153335794806480408e-03,-8.647817373275756836e-02,5.861387401819229126e-02,6.243799328804016113e-01,1.000000238418579102e+00,5.012809038162231445e-01,3.984997570514678955e-01,-1.696642190217971802e-01,1.478606164455413818e-01,2.491137385368347168e-01,4.494652152061462402e-02,9.519490599632263184e-02,3.926101922988891602e-01,-5.873769149184226990e-02,-1.644312869757413864e-03,8.233667910099029541e-02,-4.783317446708679199e-02,2.183288894593715668e-02,5.516868829727172852e-02,-9.606826305389404297e-02,-7.217219471931457520e-02,-3.878894448280334473e-02,1.197202950716018677e-01,1.345199048519134521e-01,1.792838126420974731e-01,3.181783258914947510e-01,3.041651844978332520e-01,2.165807932615280151e-01,2.862438261508941650e-01,2.468878179788589478e-01,1.257092803716659546e-01,1.972056329250335693e-01,2.887139022350311279e-01,6.428592652082443237e-02,1.041870340704917908e-01
-1.491586565971374512e-01,4.035697281360626221e-01,-3.359234035015106201e-01,-4.323208238929510117e-03,-6.899224966764450073e-02,1.108479574322700500e-01,4.011365473270416260e-01,-4.402561113238334656e-02,-2.218003123998641968e-01,7.111158221960067749e-02,-2.915332615375518799e-01,-2.268648296594619751e-01,5.621079355478286743e-02,-8.701095730066299438e-02,-8.921764045953750610e-02,1.304524689912796021e-01,3.818932175636291504e-01,5.012809038162231445e-01,9.999997615814208984e-01,6.642405390739440918e-01,1.060795560479164124e-01,-6.185963749885559082e-02,1.431818306446075439e-01,2.106831818819046021e-01,-1.163721978664398193e-01,3.979932963848114014e-01,-1.974702626466751099e-01,-1.724712103605270386e-01,2.878016233444213867e-01,4.100076481699943542e-02,1.070988029241561890e-01,3.048430979251861572e-01,-1.281215436756610870e-02,-4.889733716845512390e-02,-1.148964762687683105e-01,2.280834317207336426e-01,3.984534740447998047e-02,1.701289713382720947e-01,2.362339943647384644e-01,7.455497980117797852e-02,4.498546421527862549e-01,5.490270256996154785e-01,5.387805700302124023e-01,3.218592703342437744e-01,3.344647884368896484e-01,4.778407216072082520e-01,2.546281516551971436e-01,1.212886497378349304e-01
5.583421885967254639e-02,2.353464215993881226e-01,-1.883482187986373901e-01,2.088995128870010376e-01,4.903626069426536560e-02,2.049828171730041504e-01,2.833792269229888916e-01,-6.063782423734664917e-02,-3.312896490097045898e-01,5.484174937009811401e-02,-2.318051308393478394e-01,-6.176699325442314148e-02,2.333555519580841064e-01,6.915996968746185303e-02,2.026663720607757568e-02,3.012469708919525146e-01,1.425526142120361328e-01,3.984997570514678955e-01,6.642405390739440918e-01,1.000000000000000000e+00,4.596461057662963867e-01,8.707559853792190552e-02,1.004924550652503967e-01,7.887366414070129395e-02,-3.027746081352233887e-01,2.487874031066894531e-01,-2.671979665756225586e-01,-2.175417393445968628e-01,1.418120861053466797e-01,3.375753760337829590e-02,3.734209761023521423e-02,1.457144469022750854e-01,-8.438096195459365845e-02,-2.193274535238742828e-02,-1.361657679080963135e-01,1.119256094098091125e-01,1.261647939682006836e-01,1.908184587955474854e-01,2.294174134731292725e-01,-1.494322344660758972e-02,5.257868766784667969e-01,3.176016807556152344e-01,3.415418565273284912e-01,1.443726271390914917e-01,1.335034668445587158e-01,2.923052608966827393e-01,1.591406315565109253e-01,-3.628950566053390503e-02
1.170200705528259277e-01,1.160154864192008972e-02,-1.593900322914123535e-01,1.286070197820663452e-01,1.199168115854263306e-01,2.198118865489959717e-01,-1.971913427114486694e-01,1.947675943374633789e-01,-3.106203489005565643e-02,4.251562803983688354e-02,4.469934850931167603e-02,2.456283420324325562e-01,3.695062398910522461e-01,1.692656278610229492e-01,1.955107413232326508e-02,1.210782229900360107e-01,-2.781579196453094482e-01,-1.696642190217971802e-01,1.060795560479164124e-01,4.596461057662963867e-01,9.999997019767761230e-01,2.324149757623672485e-01,1.226271390914916992e-01,1.346704922616481781e-02,-3.161273002624511719e-01,-4.572612792253494263e-02,-1.207445263862609863e-01,-7.929831743240356445e-02,9.994424134492874146e-02,2.818136513233184814e-01,2.013990432024002075e-01,2.178194075822830200e-01,9.590428322553634644e-02,1.587898582220077515e-01,-1.294404715299606323e-01,-4.410635307431221008e-02,1.877525001764297485e-01,1.259425468742847443e-02,4.090981930494308472e-02,-8.650995045900344849e-02,2.599184215068817139e-01,3.284497186541557312e-02,1.328303366899490356e-01,4.325172863900661469e-03,-7.882508635520935059e-02,3.021737746894359589e-02,6.537119299173355103e-02,-6.433130055665969849e-02
4.670367017388343811e-02,-1.095414534211158752e-01,-1.521550863981246948e-01,1.283041834831237793e-01,-8.771853893995285034e-02,-8.824335038661956787e-02,1.310692750848829746e-03,-9.062206745147705078e-02,-1.697638332843780518e-01,-2.600990831851959229e-01,8.506952784955501556e-03,-1.701604723930358887e-01,-6.315622478723526001e-02,5.918185040354728699e-02,-8.010951429605484009e-02,1.381201148033142090e-01,-1.127588823437690735e-01,1.478606164455413818e-01,-6.185963749885559082e-02,8.707559853792190552e-02,2.324149757623672485e-01,9.999995827674865723e-01,1.369896829128265381e-01,1.963165123015642166e-03,-7.889425754547119141e-02,-2.040319293737411499e-01,-1.161482091993093491e-02,1.851064339280128479e-02,-1.145134717226028442e-01,1.500159353017807007e-01,4.341211020946502686e-01,1.383541226387023926e-01,-1.336131691932678223e-01,4.854759201407432556e-02,1.479930058121681213e-02,-7.333642989397048950e-02,1.518675386905670166e-01,3.117153793573379517e-02,1.017562448978424072e-01,6.569677591323852539e-02,-2.604290284216403961e-02,-1.395947188138961792e-01,-1.687500774860382080e-01,-1.873305588960647583e-01,-7.419405132532119751e-02,-1.156386584043502808e-01,9.761005640029907227e-02,1.141915619373321533e-01
-1.819136589765548706e-01,2.183906883001327515e-01,-1.882313191890716553e-01,-1.133611723780632019e-01,-1.081322729587554932e-01,1.242775842547416687e-01,3.158061504364013672e-01,3.985141813755035400e-01,2.437909543514251709e-01,2.488712519407272339e-01,1.733956187963485718e-01,6.391813606023788452e-02,2.585167884826660156e-01,1.352255791425704956e-01,-1.621479839086532593e-01,-1.198867410421371460e-01,3.432303369045257568e-01,2.491137385368347168e-01,1.431818306446075439e-01,1.004924550652503967e-01,1.226271390914916992e-01,1.369896829128265381e-01,1.000000000000000000e+00,3.424879908561706543e-01,-8.593343198299407959e-02,2.875861525535583496e-01,-3.115967381745576859e-03,-5.680064857006072998e-02,2.220337241888046265e-01,1.592096686363220215e-01,1.213141232728958130e-01,3.057024478912353516e-01,1.902201771736145020e-01,1.003950163722038269e-01,-4.328385367989540100e-02,2.660507857799530029e-01,2.661125063896179199e-01,1.876221224665641785e-02,3.698661029338836670e-01,6.435273885726928711e-01,1.954390406608581543e-01,3.537710607051849365e-01,3.356875777244567871e-01,3.646230697631835938e-01,2.172815948724746704e-01,2.793347835540771484e-01,2.908040583133697510e-01,5.520377755165100098e-01
-9.050863981246948242e-02,3.229189217090606689e-01,-2.841481864452362061e-01,-2.769246511161327362e-02,-1.094636470079421997e-01,1.281744837760925293e-01,2.029248178005218506e-01,2.271649092435836792e-01,9.149184077978134155e-02,2.415052652359008789e-01,-8.321002125740051270e-02,-1.825778633356094360e-01,2.139876782894134521e-01,7.133016735315322876e-02,-6.506219506263732910e-02,-4.744377732276916504e-02,1.948502212762832642e-01,4.494652152061462402e-02,2.106831818819046021e-01,7.887366414070129395e-02,1.346704922616481781e-02,1.963165123015642166e-03,3.424879908561706543e-01,9.999999403953552246e-01,-8.832028508186340332e-02,3.694351613521575928e-01,4.275011643767356873e-02,2.819957025349140167e-02,3.735041320323944092e-01,2.515403032302856445e-01,3.630023896694183350e-01,6.591465473175048828e-01,1.398075819015502930e-01,1.662150174379348755e-01,1.048772945068776608e-03,7.005892395973205566e-01,7.125052809715270996e-02,1.173808276653289795e-01,1.221569254994392395e-01,2.059784233570098877e-01,2.518763244152069092e-01,4.486139416694641113e-01,2.491758167743682861e-01,3.879308998584747314e-01,2.016467005014419556e-01,2.635612785816192627e-01,7.261199355125427246e-01,3.430243134498596191e-01
4.877532646059989929e-02,-2.159155532717704773e-02,3.441295325756072998e-01,-4.458026960492134094e-02,2.476699650287628174e-01,5.291451886296272278e-02,1.089064553380012512e-01,1.443524807691574097e-01,4.276531338691711426e-01,2.310992330312728882e-01,3.840963244438171387e-01,2.488806992769241333e-01,-2.499130554497241974e-02,-2.628509886562824249e-02,1.587572693824768066e-01,-2.678393572568893433e-02,1.835946738719940186e-01,9.519490599632263184e-02,-1.163721978664398193e-01,-3.027746081352233887e-01,-3.161273002624511719e-01,-7.889425754547119141e-02,-8.593343198299407959e-02,-8.832028508186340332e-02,1.000000357627868652e+00,-1.746587082743644714e-02,5.774641036987304688e-01,4.020048081874847412e-01,6.898678839206695557e-02,1.399178616702556610e-02,-3.746334463357925415e-02,-1.339682191610336304e-01,2.770277559757232666e-01,4.612887650728225708e-02,1.760264188051223755e-01,1.261515319347381592e-01,-5.961588025093078613e-02,1.322397738695144653e-01,9.883219748735427856e-02,2.130383402109146118e-01,-2.103745192289352417e-01,-7.581249624490737915e-02,-8.916620910167694092e-02,3.865459561347961426e-02,-4.888593405485153198e-02,-7.714292407035827637e-02,-7.908521592617034912e-02,-1.138175427913665771e-01
-3.007144927978515625e-01,2.686671018600463867e-01,-5.594485998153686523e-02,-5.281761754304170609e-03,-1.157765462994575500e-02,3.008971512317657471e-01,6.120969057083129883e-01,1.784438043832778931e-01,2.960128150880336761e-02,2.969809472560882568e-01,-1.602092087268829346e-01,-1.284667849540710449e-01,1.046346500515937805e-01,-1.165474951267242432e-02,-1.424610316753387451e-01,-1.575665175914764404e-01,5.676583051681518555e-01,3.926101922988891602e-01,3.979932963848114014e-01,2.487874031066894531e-01,-4.572612792253494263e-02,-2.040319293737411499e-01,2.875861525535583496e-01,3.694351613521575928e-01,-1.746587082743644714e-02,9.999999403953552246e-01,-4.533911868929862976e-02,7.249289005994796753e-02,4.349013864994049072e-01,7.201243937015533447e-02,3.829788044095039368e-02,3.748472630977630615e-01,1.676787137985229492e-01,-9.054274111986160278e-02,-1.406724303960800171e-01,3.508074283599853516e-01,-5.391616001725196838e-02,2.962112054228782654e-02,1.607244759798049927e-01,3.452555239200592041e-01,4.219270944595336914e-01,4.973404407501220703e-01,5.117909312248229980e-01,2.715063393115997314e-01,2.542316019535064697e-01,4.040035009384155273e-01,2.841991782188415527e-01,2.441950142383575439e-01
1.598892658948898315e-01,1.166025698184967041e-01,2.038885056972503662e-01,-2.488868683576583862e-02,1.271574348211288452e-01,4.280414804816246033e-02,8.872833102941513062e-03,2.439870983362197876e-01,3.753689825534820557e-01,2.150185257196426392e-01,2.990272343158721924e-01,2.230903804302215576e-01,3.173790499567985535e-02,8.298023790121078491e-02,1.583710312843322754e-01,-9.828267991542816162e-02,8.000119775533676147e-02,-5.873769149184226990e-02,-1.974702626466751099e-01,-2.671979665756225586e-01,-1.207445263862609863e-01,-1.161482091993093491e-02,-3.115967381745576859e-03,4.275011643767356873e-02,5.774641036987304688e-01,-4.533911868929862976e-02,1.000000238418579102e+00,3.996038138866424561e-01,1.563860476016998291e-01,1.732256859540939331e-01,5.917127802968025208e-02,1.634146645665168762e-02,4.630669355392456055e-01,2.245374172925949097e-01,2.144993543624877930e-01,1.875512599945068359e-01,3.212705627083778381e-02,1.059048548340797424e-01,2.660226542502641678e-03,1.604860275983810425e-01,-1.407902687788009644e-01,-2.311073988676071167e-02,-6.458194553852081299e-02,9.241063147783279419e-02,-2.084010653197765350e-02,-9.860020875930786133e-02,-1.895537786185741425e-02,3.977101668715476990e-02
-1.836093887686729431e-02,1.122769415378570557e-01,4.052092134952545166e-01,1.333424448966979980e-01,6.771670281887054443e-02,2.826110087335109711e-02,1.103361994028091431e-01,1.675646007061004639e-01,3.236213624477386475e-01,1.700176894664764404e-01,1.686570048332214355e-01,1.706349104642868042e-01,-5.829421058297157288e-02,4.163106903433799744e-02,5.746731068938970566e-03,-1.693132370710372925e-01,1.640350818634033203e-01,-1.644312869757413864e-03,-1.724712103605270386e-01,-2.175417393445968628e-01,-7.929831743240356445e-02,1.851064339280128479e-02,-5.680064857006072998e-02,2.819957025349140167e-02,4.020048081874847412e-01,7.249289005994796753e-02,3.996038138866424561e-01,1.000000119209289551e+00,4.549808204174041748e-01,2.681538760662078857e-01,1.926228553056716919e-01,-1.722502522170543671e-02,8.197124302387237549e-02,8.423431217670440674e-02,3.077925145626068115e-01,1.617279052734375000e-01,1.739408634603023529e-02,1.860490441322326660e-01,6.552262604236602783e-02,1.362296938896179199e-01,6.999649107456207275e-02,1.014156863093376160e-01,4.103406891226768494e-02,5.121754854917526245e-02,1.175764426589012146e-01,1.039213091135025024e-01,1.468515396118164062e-02,-1.046132668852806091e-01
-2.895514965057373047e-01,3.347041606903076172e-01,-1.529755592346191406e-01,-8.278449624776840210e-02,-1.519984155893325806e-01,6.671541184186935425e-02,1.907007396221160889e-01,1.381863057613372803e-01,1.295766383409500122e-01,1.112771481275558472e-01,-7.997720688581466675e-02,-1.845706552267074585e-01,-1.050733104348182678e-01,-1.503381598740816116e-02,-1.582159996032714844e-01,-1.666423380374908447e-01,2.631767392158508301e-01,8.233667910099029541e-02,2.878016233444213867e-01,1.418120861053466797e-01,9.994424134492874146e-02,-1.145134717226028442e-01,2.220337241888046265e-01,3.735041320323944092e-01,6.898678839206695557e-02,4.349013864994049072e-01,1.563860476016998291e-01,4.549808204174041748e-01,1.000000834465026855e+00,4.007878601551055908e-01,3.370692431926727295e-01,4.637050628662109375e-01,7.903199642896652222e-02,9.957282245159149170e-02,1.200232654809951782e-01,3.786235153675079346e-01,-8.930519688874483109e-04,9.471157193183898926e-02,1.272088587284088135e-01,2.499192655086517334e-01,2.940899133682250977e-01,4.199192523956298828e-01,4.505542814731597900e-01,2.745853960514068604e-01,3.790210485458374023e-01,4.475273489952087402e-01,3.218634128570556641e-01,2.454852759838104248e-01
3.351818770170211792e-02,1.998140662908554077e-01,-2.730431221425533295e-02,6.438568979501724243e-02,-9.993402659893035889e-02,-9.418087452650070190e-02,1.355670299381017685e-02,2.497232556343078613e-01,1.015072539448738098e-01,1.580790616571903229e-02,1.070574820041656494e-01,3.279552236199378967e-02,7.802037149667739868e-02,2.201539725065231323e-01,1.025516912341117859e-01,2.073526531457901001e-01,5.695493146777153015e-02,-4.783317446708679199e-02,4.100076481699943542e-02,3.375753760337829590e-02,2.818136513233184814e-01,1.500159353017807007e-01,1.592096686363220215e-01,2.515403032302856445e-01,1.399178616702556610e-02,7.201243937015533447e-02,1.732256859540939331e-01,2.681538760662078857e-01,4.007878601551055908e-01,9.999997615814208984e-01,6.243388056755065918e-01,4.429602324962615967e-01,-1.453833654522895813e-02,3.501649796962738037e-01,1.983916610479354858e-01,2.773475944995880127e-01,3.087477982044219971e-01,2.775736749172210693e-01,1.906602382659912109e-01,9.305321425199508667e-02,8.720731735229492188e-02,2.607744932174682617e-01,2.192515581846237183e-01,2.167025059461593628e-01,2.389772385358810425e-01,2.874777615070343018e-01,3.117987513542175293e-01,1.979685015976428986e-02
-2.670380659401416779e-02,2.165882289409637451e-01,-2.193001955747604370e-01,7.264006137847900391e-02,-2.077818065881729126e-01,-1.293520927429199219e-01,-8.352517150342464447e-03,2.108471654355525970e-02,-4.669095203280448914e-02,-1.031400412321090698e-01,-7.368963211774826050e-02,-2.757870852947235107e-01,-3.914833813905715942e-02,6.969391554594039917e-02,-5.570385232567787170e-02,1.336994022130966187e-01,-7.823625579476356506e-03,2.183288894593715668e-02,1.070988029241561890e-01,3.734209761023521423e-02,2.013990432024002075e-01,4.341211020946502686e-01,1.213141232728958130e-01,3.630023896694183350e-01,-3.746334463357925415e-02,3.829788044095039368e-02,5.917127802968025208e-02,1.926228553056716919e-01,3.370692431926727295e-01,6.243388056755065918e-01,1.000000119209289551e+00,6.009719371795654297e-01,-1.366878598928451538e-01,2.279054671525955200e-01,1.674366295337677002e-01,3.176440894603729248e-01,1.615597456693649292e-01,2.333252876996994019e-01,9.883695095777511597e-02,9.180382825434207916e-03,7.127097994089126587e-02,2.061262726783752441e-01,1.661798059940338135e-01,1.495785713195800781e-01,1.895798295736312866e-01,2.098325788974761963e-01,4.579118788242340088e-01,1.044725626707077026e-01
-1.412584930658340454e-01,3.086269199848175049e-01,-4.333157539367675781e-01,-8.212888240814208984e-02,-2.306976616382598877e-01,4.261941090226173401e-02,1.523174047470092773e-01,8.546260744333267212e-02,-2.992104180157184601e-02,1.095226556062698364e-01,-1.534110158681869507e-01,-2.198785096406936646e-01,8.311551809310913086e-02,1.008347421884536743e-02,-7.479773461818695068e-02,-2.811156027019023895e-02,1.807136684656143188e-01,5.516868829727172852e-02,3.048430979251861572e-01,1.457144469022750854e-01,2.178194075822830200e-01,1.383541226387023926e-01,3.057024478912353516e-01,6.591465473175048828e-01,-1.339682191610336304e-01,3.748472630977630615e-01,1.634146645665168762e-02,-1.722502522170543671e-02,4.637050628662109375e-01,4.429602324962615967e-01,6.009719371795654297e-01,9.999997019767761230e-01,7.628731429576873779e-02,1.702540069818496704e-01,-5.176074802875518799e-02,5.358672142028808594e-01,3.575534746050834656e-02,2.704168483614921570e-02,5.906073004007339478e-02,1.770478039979934692e-01,2.136928886175155640e-01,4.542693495750427246e-01,3.933538794517517090e-01,3.284870386123657227e-01,2.259872108697891235e-01,3.554441332817077637e-01,6.403898000717163086e-01,3.964705765247344971e-01
