1.000000000000000000e+00,3.660527765750885010e-01,3.880270421504974365e-01,1.294092535972595215e-01,1.040486171841621399e-01,1.016418635845184326e-02,4.610985517501831055e-01,4.856456443667411804e-02,7.257827371358871460e-02,-5.597970262169837952e-02,4.031279981136322021e-01,-4.006025567650794983e-02,3.421040773391723633e-01,-1.567078232765197754e-01,2.075613737106323242e-01,2.629672735929489136e-02,3.806935250759124756e-01,5.385012552142143250e-02,4.055912494659423828e-01,3.823935687541961670e-01,1.266550123691558838e-01,1.360930651426315308e-01,9.417846053838729858e-02,7.044361531734466553e-02,6.119071692228317261e-02,1.203753054141998291e-03,1.598420441150665283e-01,1.527340561151504517e-01,2.281015366315841675e-01,-3.659466654062271118e-02,4.191359505057334900e-02,1.479275338351726532e-02,3.550274074077606201e-01,2.586338222026824951e-01,1.360839158296585083e-01,9.037209302186965942e-02,2.850053012371063232e-01,1.760131865739822388e-01,2.220786362886428833e-01,2.226962894201278687e-01,1.877726167440414429e-01,1.899465769529342651e-01,-8.900181949138641357e-02,-1.542547345161437988e-01,-5.263523384928703308e-02,-1.046744510531425476e-01,-2.247205190360546112e-02,-8.624383807182312012e-02,-4.427588731050491333e-02,-7.853713631629943848e-02,-8.600420504808425903e-02,-1.472842991352081299e-01,-1.513789780437946320e-02,-9.419567137956619263e-02,2.130831927061080933e-01,7.771065831184387207e-02,6.443416476249694824e-01,3.207670748233795166e-01,4.162398278713226318e-01,2.849188148975372314e-01,4.916463792324066162e-01,2.657659947872161865e-01,3.673981428146362305e-01,8.505613356828689575e-02,2.034258991479873657e-01,9.463269263505935669e-02,3.086292445659637451e-01,1.969014853239059448e-01,4.346148371696472168e-01,3.156492710113525391e-01,1.477253884077072144e-01,8.516424894332885742e-02,2.289040386676788330e-01,5.241430178284645081e-02,2.092368006706237793e-01,7.410337775945663452e-02,1.840870976448059082e-01,7.984288036823272705e-02,1.933857500553131104e-01,-3.716261684894561768e-02,3.355133533477783203e-01,2.471516095101833344e-02,2.429769635200500488e-01,1.815621554851531982e-01,2.994584739208221436e-01,-3.621401265263557434e-02,3.079927861690521240e-01,1.602402627468109131e-01,3.872378170490264893e-01,2.034053951501846313e-01,1.386252194643020630e-01,1.414928287267684937e-01,1.277598440647125244e-01,2.615914344787597656e-01,4.620869085192680359e-02,6.184873636811971664e-03,1.432200670242309570e-01,1.496407389640808105e-01,1.740701198577880859e-01,1.412489861249923706e-01,2.208193093538284302e-01,3.152270317077636719e-01,2.115911692380905151e-01,3.330376148223876953e-01,4.900015145540237427e-02,4.812865331768989563e-02,-4.008787684142589569e-03,1.344156116247177124e-01,-3.259516507387161255e-02,6.075766310095787048e-02,4.794140532612800598e-02,6.550426036119461060e-02,9.180385619401931763e-02,1.352162063121795654e-01,4.559597745537757874e-02,-1.252926290035247803e-01
3.660527765750885010e-01,1.000000357627868652e+00,5.124459788203239441e-02,1.099063977599143982e-01,5.370976030826568604e-02,8.718793839216232300e-02,-2.619859389960765839e-02,2.623654305934906006e-01,-4.161014780402183533e-02,9.303885698318481445e-02,6.330649554729461670e-02,2.463181614875793457e-01,-7.205069810152053833e-02,1.238444373011589050e-01,1.398827042430639267e-02,9.142250567674636841e-02,1.690624356269836426e-01,3.124206364154815674e-01,3.080694079399108887e-01,3.616019487380981445e-01,4.984144493937492371e-02,7.048285752534866333e-02,-1.099101006984710693e-01,-7.363358139991760254e-02,-6.835232675075531006e-02,-6.062905862927436829e-02,6.395091116428375244e-02,1.245871931314468384e-01,3.440774232149124146e-02,5.863475427031517029e-02,-8.171411603689193726e-02,-2.498386986553668976e-02,3.671043515205383301e-01,3.648561835289001465e-01,1.154324337840080261e-01,1.232399418950080872e-01,8.420614153146743774e-02,9.600254893302917480e-02,6.321676075458526611e-02,1.295967847108840942e-01,6.910546123981475830e-02,1.399765312671661377e-01,-1.339852362871170044e-01,-7.813202589750289917e-02,7.825165241956710815e-02,1.854707598686218262e-01,-5.495392531156539917e-02,-1.288242079317569733e-02,1.368317902088165283e-01,2.134401351213455200e-01,-3.155918791890144348e-02,8.978969603776931763e-02,1.246475148946046829e-02,-4.537758976221084595e-02,4.098152369260787964e-02,8.969871699810028076e-02,4.280037581920623779e-01,6.951072812080383301e-01,3.857769072055816650e-01,5.037458539009094238e-01,3.287631869316101074e-01,5.239993333816528320e-01,1.810979843139648438e-01,4.887740015983581543e-01,5.145492777228355408e-02,3.966196775436401367e-01,3.696007132530212402e-01,3.926501572132110596e-01,4.357912838459014893e-01,3.499597609043121338e-01,3.914291784167289734e-02,5.121640488505363464e-02,4.908138513565063477e-02,5.956806242465972900e-02,5.589375272393226624e-02,5.357402190566062927e-02,5.193468555808067322e-02,3.805598616600036621e-02,4.447855055332183838e-02,8.182371407747268677e-02,1.608760505914688110e-01,2.580614387989044189e-01,6.125216186046600342e-02,1.259059906005859375e-01,3.184964135289192200e-02,1.071588322520256042e-01,1.329012960195541382e-01,7.615019381046295166e-02,1.689108014106750488e-01,2.876172959804534912e-01,1.544385403394699097e-01,1.141353026032447815e-01,1.505221724510192871e-01,1.880357563495635986e-01,5.057251453399658203e-02,1.229734160006046295e-03,8.416710793972015381e-02,1.039875596761703491e-01,1.030950397253036499e-01,1.670376360416412354e-01,2.684867382049560547e-01,2.600684762001037598e-01,2.574105262756347656e-01,2.924247086048126221e-01,6.925697624683380127e-02,4.815043881535530090e-02,-1.807481236755847931e-02,5.610581114888191223e-02,-2.271025674417614937e-03,1.342524401843547821e-02,-1.451369374990463257e-02,-1.051680766977369785e-03,1.180603355169296265e-01,1.318943202495574951e-01,1.146031823009252548e-02,-4.110066965222358704e-02
3.880270421504974365e-01,5.124459788203239441e-02,9.999999403953552246e-01,5.084889531135559082e-01,1.733196079730987549e-01,6.076312437653541565e-02,6.660382747650146484e-01,3.216765522956848145e-01,1.884798258543014526e-01,-3.725996986031532288e-02,2.643567919731140137e-01,-1.680508702993392944e-01,3.603143990039825439e-01,-4.625790193676948547e-02,2.819498479366302490e-01,1.593308299779891968e-01,1.615376919507980347e-01,-1.125412061810493469e-01,4.579177200794219971e-01,3.603128790855407715e-01,1.684091091156005859e-01,1.887700855731964111e-01,6.090242862701416016e-01,6.062207818031311035e-01,2.663279473781585693e-01,2.226708680391311646e-01,2.652615308761596680e-01,1.736107021570205688e-01,1.289801448583602905e-01,-6.517875939607620239e-02,2.831124961376190186e-01,3.085871934890747070e-01,7.605769485235214233e-02,4.834298044443130493e-02,1.074057966470718384e-01,6.045893579721450806e-02,6.295242160558700562e-02,-2.177417092025279999e-02,4.642385616898536682e-02,2.440336905419826508e-02,1.063535436987876892e-01,1.291069388389587402e-01,2.244019210338592529e-01,1.445259749889373779e-01,5.743723735213279724e-02,2.644007466733455658e-02,1.615314334630966187e-01,6.485079973936080933e-02,8.882661908864974976e-02,-7.881089113652706146e-03,1.848144680261611938e-01,7.624711142852902412e-04,8.264427632093429565e-02,8.972930163145065308e-02,1.319394260644912720e-01,7.291506975889205933e-03,1.571088582277297974e-01,-6.489601731300354004e-02,2.754422277212142944e-02,-1.356297880411148071e-01,1.249270513653755188e-01,-1.216363757848739624e-01,1.167510077357292175e-01,-1.713757067918777466e-01,3.190865516662597656e-01,-6.531914323568344116e-02,-7.655255496501922607e-02,-1.122907549142837524e-01,-2.918141894042491913e-02,-4.757950082421302795e-02,7.530034333467483521e-02,5.558963119983673096e-02,1.590845584869384766e-01,3.519777953624725342e-02,1.176965460181236267e-01,-7.071252912282943726e-03,-1.790986210107803345e-02,-6.474277377128601074e-02,7.157631218433380127e-02,-5.475105717778205872e-02,1.864430010318756104e-01,-1.161908879876136780e-01,1.463991999626159668e-01,1.405678093433380127e-01,4.041067957878112793e-01,9.369910508394241333e-02,1.685676425695419312e-01,1.665242165327072144e-01,2.123655974864959717e-01,9.192079305648803711e-02,-5.278214067220687866e-02,-4.618034884333610535e-02,1.282779872417449951e-02,1.669895201921463013e-01,-7.486891746520996094e-02,-1.325903087854385376e-01,-1.802879944443702698e-02,-3.201927244663238525e-02,-4.632425308227539062e-02,-9.975476562976837158e-02,-3.691498190164566040e-02,1.221822947263717651e-01,-1.610990464687347412e-01,-7.999627292156219482e-02,-2.602744400501251221e-01,-2.346869707107543945e-01,-2.290400117635726929e-01,-1.681080460548400879e-01,-1.071536317467689514e-01,-8.923976123332977295e-02,-9.097246825695037842e-02,-5.807264149188995361e-02,-8.063201606273651123e-02,-6.540269404649734497e-02,-1.732446402311325073e-01,-2.102717906236648560e-01
1.294092535972595215e-01,1.099063977599143982e-01,5.084889531135559082e-01,1.000000238418579102e+00,2.056018114089965820e-01,2.075974345207214355e-01,3.623204827308654785e-01,6.057581901550292969e-01,2.043836861848831177e-01,1.084331423044204712e-01,3.227617964148521423e-02,1.494466513395309448e-01,1.798031628131866455e-01,3.047822713851928711e-01,2.106646597385406494e-01,3.015380799770355225e-01,4.860072210431098938e-02,6.898169405758380890e-03,4.030401110649108887e-01,4.192121326923370361e-01,1.909652054309844971e-01,2.350771427154541016e-01,4.751064777374267578e-01,6.185481548309326172e-01,2.012815922498703003e-01,2.567286789417266846e-01,1.821639239788055420e-01,1.296319067478179932e-01,8.398234099149703979e-02,8.754043281078338623e-02,3.295242488384246826e-01,4.002969264984130859e-01,-3.158901259303092957e-02,-2.726944861933588982e-03,-1.476427614688873291e-01,-8.809319883584976196e-02,-8.163530379533767700e-02,-6.645254045724868774e-02,-6.054210662841796875e-02,-8.527432568371295929e-03,1.717714767437428236e-04,1.817397624254226685e-01,1.002876833081245422e-01,5.939511209726333618e-02,-6.804145127534866333e-02,-4.403999447822570801e-02,8.909238874912261963e-02,4.927091673016548157e-02,-6.604509800672531128e-02,-1.149550154805183411e-01,3.785740956664085388e-02,-6.188447773456573486e-02,4.798079282045364380e-02,5.997908115386962891e-02,1.806946098804473877e-02,3.306895494461059570e-02,-9.070079773664474487e-02,-7.741475105285644531e-02,-1.833727955818176270e-01,-1.164911314845085144e-01,-5.206006020307540894e-02,-1.670632883906364441e-02,-9.714832901954650879e-02,-6.797493249177932739e-02,4.253289103507995605e-02,2.332398109138011932e-02,-1.796598136425018311e-01,-1.227536574006080627e-01,-2.403365820646286011e-02,8.114922820823267102e-05,6.943196803331375122e-02,9.958404302597045898e-02,1.223150268197059631e-01,1.091893985867500305e-01,1.380816102027893066e-01,6.368206441402435303e-02,-1.305622905492782593e-01,-1.151089444756507874e-01,8.209855109453201294e-02,4.133873735554516315e-04,1.048314049839973450e-01,2.007853984832763672e-02,2.838413044810295105e-02,2.204580456018447876e-01,1.432119458913803101e-01,2.176568806171417236e-01,-5.757803563028573990e-03,1.351756602525711060e-01,5.321515351533889771e-02,1.245256811380386353e-01,-1.423866748809814453e-01,-1.617970168590545654e-01,-9.166815131902694702e-02,-9.805927425622940063e-02,-1.939023435115814209e-01,-2.506603896617889404e-01,-1.502378880977630615e-01,-9.630874544382095337e-02,-1.388001143932342529e-01,-1.199954077601432800e-01,-1.133495718240737915e-01,-1.193994209170341492e-01,-3.002324104309082031e-01,-2.622621357440948486e-01,-3.081199526786804199e-01,-2.947335541248321533e-01,-2.760657966136932373e-01,-2.176183164119720459e-01,-1.880118250846862793e-01,-1.986170411109924316e-01,-1.935723870992660522e-01,-1.304690688848495483e-01,-1.417087465524673462e-01,-1.835314333438873291e-01,-2.414519637823104858e-01,-2.888290286064147949e-01
1.040486171841621399e-01,5.370976030826568604e-02,1.733196079730987549e-01,2.056018114089965820e-01,9.999999403953552246e-01,6.851660609245300293e-01,8.686847984790802002e-02,-2.721138112246990204e-02,6.923427581787109375e-01,5.824235677719116211e-01,2.034972161054611206e-01,-3.353461250662803650e-02,2.194551974534988403e-01,3.963669762015342712e-02,6.091467142105102539e-01,5.071877241134643555e-01,1.595418304204940796e-01,1.492905616760253906e-02,2.531240284442901611e-01,2.138837426900863647e-01,3.405930697917938232e-01,4.128395020961761475e-01,1.962365508079528809e-01,1.867881119251251221e-01,4.840142130851745605e-01,4.440937042236328125e-01,6.420769095420837402e-01,6.325156092643737793e-01,2.113614678382873535e-01,1.729474067687988281e-01,2.103181779384613037e-01,1.754227280616760254e-01,-1.813076809048652649e-02,-5.447582155466079712e-02,3.510809503495693207e-03,-6.037391722202301025e-03,1.960192322731018066e-01,1.995628178119659424e-01,2.226254642009735107e-01,2.367316931486129761e-01,2.475918531417846680e-01,4.238426685333251953e-01,-1.575527479872107506e-03,-6.726314127445220947e-02,-1.119264215230941772e-01,-1.644065827131271362e-01,1.311740875244140625e-01,3.360058367252349854e-02,-9.819210320711135864e-02,-1.452321112155914307e-01,-1.095985770225524902e-01,-1.603960990905761719e-01,5.274787917733192444e-02,8.243424445390701294e-02,2.227260917425155640e-01,2.601678073406219482e-01,4.174743965268135071e-02,1.375576015561819077e-02,-5.152520164847373962e-02,-7.532325387001037598e-02,-7.659370079636573792e-03,-1.195629537105560303e-01,-4.272484406828880310e-02,-1.484868973493576050e-01,4.470375925302505493e-02,-1.911913901567459106e-01,-1.262763589620590210e-01,-1.919766217470169067e-01,7.808888703584671021e-02,1.068449839949607849e-01,1.474889665842056274e-01,1.260321736335754395e-01,2.427180856466293335e-01,2.059160619974136353e-01,1.847092956304550171e-01,1.760429888963699341e-01,1.497345417737960815e-02,-3.961322084069252014e-02,1.456370949745178223e-01,1.236038357019424438e-01,1.231200993061065674e-01,2.283591404557228088e-02,1.988241672515869141e-01,2.224810272455215454e-01,2.585014998912811279e-01,1.176435798406600952e-01,2.379566133022308350e-01,2.789635062217712402e-01,3.153233826160430908e-01,3.052732050418853760e-01,1.375906467437744141e-01,1.331935524940490723e-01,8.850073814392089844e-02,1.271872073411941528e-01,3.816391900181770325e-02,5.392768606543540955e-02,1.174913346767425537e-01,1.663364768028259277e-01,7.002214342355728149e-02,1.502582579851150513e-01,-1.597274541854858398e-01,-5.668383836746215820e-02,-1.286285072565078735e-01,-1.451819390058517456e-01,-6.716437637805938721e-03,1.202319841831922531e-02,-1.770193129777908325e-01,-9.216373413801193237e-02,-1.694402284920215607e-02,-4.093061015009880066e-02,-8.758628740906715393e-03,7.983267307281494141e-02,1.485780179500579834e-01,1.472129672765731812e-01,5.899292975664138794e-02,-4.442176315933465958e-03
1.016418635845184326e-02,8.718793839216232300e-02,6.076312437653541565e-02,2.075974345207214355e-01,6.851660609245300293e-01,1.000000238418579102e+00,-1.435919944196939468e-02,5.081891641020774841e-02,6.413525342941284180e-01,6.723366379737854004e-01,1.599947959184646606e-01,1.269406527280807495e-01,1.665258407592773438e-01,2.086242586374282837e-01,5.356603264808654785e-01,5.661548972129821777e-01,1.602388471364974976e-01,1.039261594414710999e-01,1.685269623994827271e-01,1.294052898883819580e-01,3.651430606842041016e-01,4.544191360473632812e-01,1.713381111621856689e-01,1.825108826160430908e-01,4.797773063182830811e-01,5.107805132865905762e-01,5.451403260231018066e-01,6.064968705177307129e-01,2.508153915405273438e-01,2.938690483570098877e-01,2.904266715049743652e-01,2.638677954673767090e-01,2.253537997603416443e-02,-5.328226834535598755e-03,-2.962443977594375610e-02,-3.169617056846618652e-02,1.862156838178634644e-01,2.524770796298980713e-01,2.394694685935974121e-01,2.928003966808319092e-01,2.019253075122833252e-01,4.374696612358093262e-01,-1.936101727187633514e-02,-4.407242685556411743e-02,-1.432719528675079346e-01,-1.526317149400711060e-01,1.882897466421127319e-01,1.391118615865707397e-01,-1.259959489107131958e-01,-1.555643528699874878e-01,-1.084178015589714050e-01,-1.497207134962081909e-01,1.075575202703475952e-01,1.181248873472213745e-01,2.450243830680847168e-01,3.403961658477783203e-01,6.550741847604513168e-03,4.467626288533210754e-02,-8.538191765546798706e-02,-9.070660918951034546e-02,-1.990033686161041260e-02,-9.619952738285064697e-02,-7.217431068420410156e-02,-7.797784358263015747e-02,-8.431935682892799377e-03,-1.597652286291122437e-01,-1.105640754103660583e-01,-1.494792699813842773e-01,7.933799922466278076e-02,1.175691485404968262e-01,2.233147621154785156e-01,2.237485945224761963e-01,2.867197990417480469e-01,3.217502832412719727e-01,2.574753463268280029e-01,3.089459240436553955e-01,6.358188390731811523e-02,3.138307109475135803e-02,1.784695982933044434e-01,1.499468237161636353e-01,1.380148082971572876e-01,1.342840641736984253e-01,1.532438248395919800e-01,2.868741452693939209e-01,2.071339190006256104e-01,2.038565874099731445e-01,1.819704324007034302e-01,2.866585552692413330e-01,2.527970373630523682e-01,3.697482645511627197e-01,1.910305023193359375e-01,1.970293223857879639e-01,8.565579354763031006e-02,9.749285131692886353e-02,2.773357927799224854e-02,6.114092469215393066e-02,1.833671629428863525e-01,2.243469506502151489e-01,1.266681998968124390e-01,2.326672524213790894e-01,-1.613538116216659546e-01,-8.202017843723297119e-02,-1.036250218749046326e-01,-1.405649334192276001e-01,4.864560440182685852e-02,5.501272529363632202e-02,-1.499472260475158691e-01,-9.702160209417343140e-02,-7.735481485724449158e-03,-2.850435301661491394e-02,6.601966172456741333e-02,1.258186548948287964e-01,1.916587203741073608e-01,1.810908466577529907e-01,1.070993319153785706e-01,5.511533468961715698e-03
4.610985517501831055e-01,-2.619859389960765839e-02,6.660382747650146484e-01,3.623204827308654785e-01,8.686847984790802002e-02,-1.435919944196939468e-02,1.000000119209289551e+00,2.365723550319671631e-01,1.614722162485122681e-01,-1.042170003056526184e-01,4.266916215419769287e-01,-8.890604227781295776e-02,5.391548871994018555e-01,-6.170768663287162781e-02,2.833393812179565430e-01,8.449660241603851318e-02,3.280218839645385742e-01,-3.293022979050874710e-03,3.040144741535186768e-01,2.498680055141448975e-01,1.581498682498931885e-01,1.734300255775451660e-01,4.804857671260833740e-01,4.833927154541015625e-01,2.083489745855331421e-01,1.704549342393875122e-01,1.714147329330444336e-01,7.724316418170928955e-02,2.563096582889556885e-01,1.787096075713634491e-02,2.699436545372009277e-01,2.634776532649993896e-01,1.800605952739715576e-01,1.707005500793457031e-01,1.680236011743545532e-01,1.235402002930641174e-01,1.774462014436721802e-01,8.562923967838287354e-02,1.142093688249588013e-01,8.502722531557083130e-02,1.829770952463150024e-01,1.348734647035598755e-01,1.826410442590713501e-01,6.961297988891601562e-02,5.352205410599708557e-02,-3.362128138542175293e-02,1.275305598974227905e-01,1.625969633460044861e-02,3.858968615531921387e-02,-3.603180870413780212e-02,1.284926533699035645e-01,-2.021874487400054932e-02,6.388087570667266846e-02,3.421988710761070251e-02,1.924650669097900391e-01,-5.177334416657686234e-03,2.550583481788635254e-01,-1.015003621578216553e-01,6.338537484407424927e-02,-1.299074143171310425e-01,2.631699740886688232e-01,-4.467121511697769165e-02,3.410604894161224365e-01,-7.832054793834686279e-02,3.359353244304656982e-01,-2.807061001658439636e-02,2.033380791544914246e-02,-2.679067105054855347e-02,-3.723928704857826233e-02,-8.787199854850769043e-02,1.530389487743377686e-01,1.263432800769805908e-01,2.364199608564376831e-01,1.065336540341377258e-01,1.640755236148834229e-01,5.739453434944152832e-02,1.096738278865814209e-01,6.630036234855651855e-02,1.667701303958892822e-01,1.557356305420398712e-02,3.241206407546997070e-01,-1.942465081810951233e-02,2.332915812730789185e-01,1.658252775669097900e-01,4.350707232952117920e-01,3.794643282890319824e-02,1.549722105264663696e-01,8.311443030834197998e-02,2.531870305538177490e-01,2.531730756163597107e-02,-1.458852645009756088e-02,-1.272106450051069260e-02,-1.039797812700271606e-02,1.575432270765304565e-01,-3.023602440953254700e-02,-4.517852142453193665e-02,3.823667019605636597e-02,-1.714512705802917480e-03,6.425559520721435547e-02,-7.972051948308944702e-02,2.425121329724788666e-02,1.577450037002563477e-01,-5.293821915984153748e-02,2.525948733091354370e-02,-1.963853240013122559e-01,-1.928042620420455933e-01,-1.532540768384933472e-01,-1.183332204818725586e-01,-9.916723519563674927e-02,-4.117632284760475159e-02,-1.754467934370040894e-02,3.182823210954666138e-02,-7.723426818847656250e-02,-5.309637263417243958e-02,-1.640650033950805664e-01,-2.330229282379150391e-01
4.856456443667411804e-02,2.623654305934906006e-01,3.216765522956848145e-01,6.057581901550292969e-01,-2.721138112246990204e-02,5.081891641020774841e-02,2.365723550319671631e-01,1.000000238418579102e+00,-2.181140147149562836e-02,1.739714853465557098e-02,-6.129386601969599724e-04,3.474388420581817627e-01,6.032594665884971619e-02,4.857175350189208984e-01,1.912375353276729584e-02,2.242283076047897339e-01,7.413608580827713013e-02,1.784899830818176270e-01,2.002498656511306763e-01,2.491145282983779907e-01,1.159564033150672913e-01,1.337178945541381836e-01,3.237212300300598145e-01,4.567064642906188965e-01,4.332044348120689392e-02,1.226517781615257263e-01,-4.564213007688522339e-02,-7.297094166278839111e-02,9.125974774360656738e-02,1.584181338548660278e-01,2.634906172752380371e-01,3.712803125381469727e-01,6.371331214904785156e-02,1.486009359359741211e-01,-4.104793816804885864e-02,1.511457026936113834e-03,-8.273833245038986206e-02,-2.878171391785144806e-02,-1.072343513369560242e-01,-3.277387097477912903e-02,-1.375178620219230652e-02,1.043646931648254395e-01,2.462051250040531158e-02,7.022055238485336304e-02,6.602075882256031036e-03,1.505907624959945679e-01,5.727688595652580261e-02,7.226007431745529175e-02,5.162429437041282654e-02,7.228258252143859863e-02,1.018864810466766357e-01,5.935905128717422485e-02,3.826269879937171936e-02,-4.137570783495903015e-02,-4.587973654270172119e-02,8.310955949127674103e-03,-5.528939515352249146e-02,9.544324129819869995e-02,-1.041167378425598145e-01,7.436904124915599823e-04,1.060926821082830429e-02,1.697772890329360962e-01,8.449239283800125122e-02,2.457682937383651733e-01,6.472646445035934448e-02,2.319038510322570801e-01,-6.123753637075424194e-02,6.370726972818374634e-02,-7.909325510263442993e-02,-7.194984704256057739e-02,8.220294117927551270e-02,1.388803869485855103e-01,7.691743224859237671e-02,1.350000500679016113e-01,1.079393029212951660e-01,9.432478994131088257e-02,-7.482131570577621460e-02,-3.141058236360549927e-02,4.047446325421333313e-02,2.568682096898555756e-02,9.471214562654495239e-02,1.554541438817977905e-01,-3.703765803948044777e-03,1.785460859537124634e-01,5.205219984054565430e-02,1.995768398046493530e-01,-1.017335653305053711e-01,2.077449113130569458e-02,-4.415119066834449768e-02,8.369027078151702881e-02,-7.526627182960510254e-02,-9.445135295391082764e-02,-3.321642428636550903e-02,-7.718967646360397339e-02,-1.647234708070755005e-01,-1.903434693813323975e-01,-1.547964513301849365e-01,-9.501662105321884155e-02,-9.679797291755676270e-02,-6.821473687887191772e-02,5.627008900046348572e-02,-2.671276219189167023e-02,-1.321568936109542847e-01,-9.656368196010589600e-02,-2.079983204603195190e-01,-2.211947590112686157e-01,-1.744470149278640747e-01,-1.975664645433425903e-01,-1.543949246406555176e-01,-2.020175606012344360e-01,-1.673367619514465332e-01,-1.304407417774200439e-01,-1.413581520318984985e-01,-1.330863386392593384e-01,-2.059992998838424683e-01,-2.767342329025268555e-01
7.257827371358871460e-02,-4.161014780402183533e-02,1.884798258543014526e-01,2.043836861848831177e-01,6.923427581787109375e-01,6.413525342941284180e-01,1.614722162485122681e-01,-2.181140147149562836e-02,1.000000119209289551e+00,5.612256526947021484e-01,2.695230543613433838e-01,-1.058887597173452377e-02,2.978055775165557861e-01,4.416090250015258789e-02,6.717922091484069824e-01,5.148355364799499512e-01,1.893202811479568481e-01,5.640543624758720398e-02,1.999899893999099731e-01,1.748001277446746826e-01,4.247149229049682617e-01,4.799940288066864014e-01,2.770991921424865723e-01,2.515999674797058105e-01,5.691477060317993164e-01,5.500172972679138184e-01,5.473246574401855469e-01,5.274185538291931152e-01,2.918581664562225342e-01,2.742924690246582031e-01,3.127776384353637695e-01,2.709204554557800293e-01,-7.816929370164871216e-03,-3.970988839864730835e-02,5.463291332125663757e-02,3.810169547796249390e-02,2.433981150388717651e-01,2.699222564697265625e-01,2.147408425807952881e-01,2.442424893379211426e-01,2.484260201454162598e-01,4.246719479560852051e-01,4.993646219372749329e-02,-4.221427813172340393e-02,-9.654574096202850342e-02,-1.718454658985137939e-01,2.112194597721099854e-01,1.160902380943298340e-01,-1.309589743614196777e-01,-1.733961999416351318e-01,-9.505642950534820557e-02,-1.694819033145904541e-01,1.516824066638946533e-01,1.234482973814010620e-01,2.573905289173126221e-01,2.586164176464080811e-01,1.996001601219177246e-02,-6.294366717338562012e-02,-1.128732860088348389e-01,-1.749603003263473511e-01,-4.126152396202087402e-02,-1.940833628177642822e-01,1.943201385438442230e-02,-1.780378222465515137e-01,1.015631258487701416e-01,-2.289628237485885620e-01,-1.447218358516693115e-01,-2.083228677511215210e-01,2.460032515227794647e-02,4.864371567964553833e-02,2.125247269868850708e-01,2.170373946428298950e-01,2.812466323375701904e-01,2.582301497459411621e-01,2.020335495471954346e-01,2.248226553201675415e-01,5.941678583621978760e-02,2.046090364456176758e-02,1.636711955070495605e-01,1.114139184355735779e-01,2.112046778202056885e-01,7.766544818878173828e-02,2.512962222099304199e-01,2.925278544425964355e-01,3.681801557540893555e-01,1.804427951574325562e-01,2.154639512300491333e-01,2.190668880939483643e-01,3.106606006622314453e-01,2.144977897405624390e-01,9.086181968450546265e-02,1.150464117527008057e-01,3.542006760835647583e-02,8.403386920690536499e-02,5.637661740183830261e-02,9.466047585010528564e-02,1.691837608814239502e-01,1.860505491495132446e-01,1.061308979988098145e-01,1.418122649192810059e-01,-2.159653604030609131e-01,-9.566770493984222412e-02,-1.821283847093582153e-01,-1.728761792182922363e-01,-7.574471086263656616e-02,-3.815478086471557617e-02,-1.972385346889495850e-01,-1.026162207126617432e-01,2.564229629933834076e-02,-1.655039191246032715e-02,5.505246669054031372e-02,1.535425782203674316e-01,9.098433703184127808e-02,9.684757143259048462e-02,1.111841108649969101e-02,-4.608967155218124390e-02
-5.597970262169837952e-02,9.303885698318481445e-02,-3.725996986031532288e-02,1.084331423044204712e-01,5.824235677719116211e-01,6.723366379737854004e-01,-1.042170003056526184e-01,1.739714853465557098e-02,5.612256526947021484e-01,9.999998211860656738e-01,9.703841060400009155e-02,1.602962762117385864e-01,4.597187042236328125e-02,2.001766115427017212e-01,4.138073027133941650e-01,5.209348201751708984e-01,5.932748690247535706e-02,1.385083198547363281e-01,1.231057643890380859e-01,1.086399257183074951e-01,2.543545067310333252e-01,3.368317484855651855e-01,9.380183368921279907e-02,7.823656499385833740e-02,3.492936193943023682e-01,3.603695333003997803e-01,4.462269544601440430e-01,5.436382293701171875e-01,1.272262632846832275e-01,2.361287623643875122e-01,1.516259312629699707e-01,1.640111505985260010e-01,3.323665261268615723e-02,2.761139348149299622e-02,1.822364702820777893e-02,1.107108499854803085e-02,1.147356256842613220e-01,2.336150258779525757e-01,1.793975830078125000e-01,2.283573150634765625e-01,1.836105734109878540e-01,3.807674050331115723e-01,-4.789001122117042542e-02,-2.513801865279674530e-02,-1.075661629438400269e-01,-7.451807707548141479e-02,1.076536849141120911e-01,1.223135739564895630e-01,-8.201380819082260132e-02,-8.902901411056518555e-02,-1.025426834821701050e-01,-7.185331732034683228e-02,1.055744960904121399e-01,1.323805451393127441e-01,1.762640029191970825e-01,3.281444907188415527e-01,-3.653077036142349243e-02,6.920410692691802979e-02,-9.111113101243972778e-02,-8.518115431070327759e-02,-5.146160721778869629e-02,-6.836859136819839478e-02,-7.749037444591522217e-02,2.104218117892742157e-03,7.466156966984272003e-03,-8.753696829080581665e-02,-9.886091947555541992e-02,-1.176978722214698792e-01,5.335446819663047791e-02,9.842943400144577026e-02,1.143186166882514954e-01,1.494388282299041748e-01,1.354996860027313232e-01,2.134311795234680176e-01,1.020022258162498474e-01,1.884462535381317139e-01,1.015907153487205505e-02,2.867460064589977264e-02,1.119210869073867798e-01,1.425930261611938477e-01,4.561706259846687317e-02,1.616137027740478516e-01,7.953699678182601929e-02,2.085326761007308960e-01,1.318098902702331543e-01,2.342714667320251465e-01,8.301482349634170532e-02,1.825914233922958374e-01,1.650129407644271851e-01,3.841972351074218750e-01,1.915652304887771606e-01,2.341668307781219482e-01,1.260926723480224609e-01,1.024435535073280334e-01,2.104956470429897308e-02,8.673179894685745239e-02,1.524328440427780151e-01,1.920027583837509155e-01,1.092664748430252075e-01,2.258851826190948486e-01,-1.549359112977981567e-01,-8.934922516345977783e-02,-1.078805252909660339e-01,-1.488407254219055176e-01,3.831705451011657715e-02,5.043675750494003296e-02,-1.666151583194732666e-01,-1.508879214525222778e-01,1.292897854000329971e-02,-5.991694331169128418e-02,3.446316719055175781e-02,1.205619424581527710e-01,1.750574260950088501e-01,1.966222822666168213e-01,1.081264540553092957e-01,3.949992358684539795e-02
4.031279981136322021e-01,6.330649554729461670e-02,2.643567919731140137e-01,3.227617964148521423e-02,2.034972161054611206e-01,1.599947959184646606e-01,4.266916215419769287e-01,-6.129386601969599724e-04,2.695230543613433838e-01,9.703841060400009155e-02,1.000000119209289551e+00,1.991378068923950195e-01,5.955881476402282715e-01,1.047761812806129456e-01,4.470574259757995605e-01,2.347689718008041382e-01,6.168712377548217773e-01,2.845182418823242188e-01,1.577981859445571899e-01,1.112527325749397278e-01,2.439637929201126099e-01,2.993077635765075684e-01,2.438409030437469482e-01,1.616493761539459229e-01,2.869086861610412598e-01,2.419539242982864380e-01,2.198694348335266113e-01,1.646754145622253418e-01,5.433368682861328125e-01,2.935179471969604492e-01,3.566088974475860596e-01,3.219353556632995605e-01,2.915720045566558838e-01,2.294962704181671143e-01,2.472490370273590088e-01,1.955734789371490479e-01,4.730715155601501465e-01,4.134492278099060059e-01,3.856402635574340820e-01,3.866791427135467529e-01,3.678346276283264160e-01,3.227869272232055664e-01,-2.197696454823017120e-02,-6.269724667072296143e-02,-1.421038061380386353e-02,-1.193803697824478149e-01,1.520962119102478027e-01,9.294657409191131592e-02,-7.183177769184112549e-02,-1.013961136341094971e-01,-7.998029142618179321e-02,-1.739442795515060425e-01,3.164106979966163635e-02,-2.476527355611324310e-02,3.523284494876861572e-01,2.433620989322662354e-01,3.806641995906829834e-01,4.066117480397224426e-02,-3.291158704087138176e-03,-1.373181045055389404e-01,2.252212464809417725e-01,-4.251195117831230164e-02,4.594733417034149170e-01,2.795583009719848633e-02,1.656181514263153076e-01,-1.467182189226150513e-01,1.065439265221357346e-02,-8.982344530522823334e-03,1.136261448264122009e-01,2.564153820276260376e-02,4.332893490791320801e-01,4.058389365673065186e-01,4.945007860660552979e-01,3.870835006237030029e-01,3.694433569908142090e-01,3.493650853633880615e-01,4.578140377998352051e-01,3.925788700580596924e-01,3.224194347858428955e-01,2.035314142704010010e-01,5.199603438377380371e-01,2.760786712169647217e-01,4.531085193157196045e-01,3.493098914623260498e-01,4.648088812828063965e-01,3.620573505759239197e-02,2.795374691486358643e-01,1.426806151866912842e-01,3.189890980720520020e-01,8.886139839887619019e-02,1.431598812341690063e-01,1.906965225934982300e-01,4.733392223715782166e-02,1.603729873895645142e-01,1.436669826507568359e-01,1.804137974977493286e-01,2.718194127082824707e-01,3.075702786445617676e-01,2.985641956329345703e-01,2.197151929140090942e-01,2.335892058908939362e-02,1.154531762003898621e-01,7.809007167816162109e-02,1.209175363183021545e-01,-2.092706598341464996e-02,-2.423300594091415405e-02,-7.368458062410354614e-02,1.496776752173900604e-02,9.453248232603073120e-02,1.303397566080093384e-01,2.200753539800643921e-01,2.664655148983001709e-01,1.405406147241592407e-01,1.060536578297615051e-01,5.271971970796585083e-02,-1.249206811189651489e-01
-4.006025567650794983e-02,2.463181614875793457e-01,-1.680508702993392944e-01,1.494466513395309448e-01,-3.353461250662803650e-02,1.269406527280807495e-01,-8.890604227781295776e-02,3.474388420581817627e-01,-1.058887597173452377e-02,1.602962762117385864e-01,1.991378068923950195e-01,1.000000119209289551e+00,1.271413713693618774e-01,6.122456789016723633e-01,1.824323832988739014e-02,2.082088440656661987e-01,2.934242486953735352e-01,5.783427357673645020e-01,-5.041230842471122742e-02,5.814385041594505310e-02,9.929201006889343262e-02,1.673287600278854370e-01,-2.174627780914306641e-02,3.153334558010101318e-02,3.454950405284762383e-03,9.947601705789566040e-02,-1.291386634111404419e-01,-1.005232557654380798e-01,3.292785584926605225e-01,4.975959360599517822e-01,3.205187618732452393e-01,3.610735237598419189e-01,2.947415709495544434e-01,3.409707546234130859e-01,2.812043763697147369e-02,8.424986153841018677e-02,9.858906269073486328e-02,2.242107987403869629e-01,8.311139792203903198e-02,1.715100854635238647e-01,5.792372301220893860e-02,1.565623134374618530e-01,-1.837166696786880493e-01,-1.210339069366455078e-01,6.849167868494987488e-03,2.316291816532611847e-02,-9.149052947759628296e-02,-3.254733607172966003e-02,-9.232449531555175781e-02,6.202775519341230392e-03,-1.853742897510528564e-01,-5.037040263414382935e-02,-1.008244007825851440e-01,-1.747692227363586426e-01,-3.767434880137443542e-02,8.083795756101608276e-02,3.866958618164062500e-02,1.850024312734603882e-01,-1.919340193271636963e-01,-4.992111027240753174e-02,1.655441150069236755e-02,1.818204820156097412e-01,1.762967109680175781e-01,4.188167154788970947e-01,-9.590990096330642700e-02,1.806384623050689697e-01,4.286032170057296753e-02,1.365057229995727539e-01,1.105271428823471069e-01,4.530207067728042603e-02,3.502494394779205322e-01,4.334706664085388184e-01,3.086116611957550049e-01,4.263580739498138428e-01,3.037277460098266602e-01,3.835285305976867676e-01,2.454870641231536865e-01,3.282956182956695557e-01,2.788589596748352051e-01,3.675090372562408447e-01,2.914171814918518066e-01,5.776693820953369141e-01,6.817581504583358765e-02,2.972258627414703369e-01,-4.696601256728172302e-02,2.031020373106002808e-01,-8.408506959676742554e-02,-5.488368123769760132e-02,-4.067054763436317444e-02,3.702359274029731750e-02,2.169307880103588104e-02,3.577436506748199463e-02,-5.780955031514167786e-02,-1.210151314735412598e-01,-1.362592354416847229e-02,-5.511567369103431702e-02,8.510225452482700348e-03,6.105666607618331909e-02,4.050225764513015747e-02,7.413374632596969604e-02,-1.307823043316602707e-02,-9.960208088159561157e-03,-3.874283982440829277e-03,-3.152945078909397125e-03,-2.638722397387027740e-02,-4.641971364617347717e-02,-4.056102782487869263e-02,-8.387225866317749023e-02,2.789901942014694214e-02,5.136821046471595764e-02,4.866914823651313782e-02,1.557444036006927490e-02,-6.626424379646778107e-03,-2.160217426717281342e-02,1.512172725051641464e-02,-1.280972808599472046e-01
3.421040773391723633e-01,-7.205069810152053833e-02,3.603143990039825439e-01,1.798031628131866455e-01,2.194551974534988403e-01,1.665258407592773438e-01,5.391548871994018555e-01,6.032594665884971619e-02,2.978055775165557861e-01,4.597187042236328125e-02,5.955881476402282715e-01,1.271413713693618774e-01,9.999997019767761230e-01,1.309538334608078003e-01,4.423967599868774414e-01,2.174308449029922485e-01,4.976912736892700195e-01,2.324771732091903687e-01,9.049709141254425049e-02,6.968806684017181396e-02,2.535408139228820801e-01,3.245928287506103516e-01,2.835404574871063232e-01,3.020037710666656494e-01,3.394384682178497314e-01,3.273011744022369385e-01,2.412894219160079956e-01,1.422984749078750610e-01,4.556371867656707764e-01,2.921874225139617920e-01,4.207840561866760254e-01,3.781625330448150635e-01,1.431512832641601562e-01,1.342653036117553711e-01,2.134976685047149658e-01,2.018182277679443359e-01,3.561266362667083740e-01,3.159967362880706787e-01,2.627627849578857422e-01,2.794068753719329834e-01,3.190590441226959229e-01,2.902542948722839355e-01,1.276298910379409790e-01,1.616794615983963013e-02,2.156304195523262024e-02,-1.226057410240173340e-01,1.980419009923934937e-01,9.856508672237396240e-02,-5.880683660507202148e-02,-1.004992127418518066e-01,-5.599237047135829926e-03,-9.328225255012512207e-02,8.030841499567031860e-02,5.216023698449134827e-02,3.253342509269714355e-01,1.534858644008636475e-01,2.374329715967178345e-01,-1.059048175811767578e-01,-2.660400606691837311e-02,-1.829757839441299438e-01,2.029373794794082642e-01,-9.913162142038345337e-02,3.619208931922912598e-01,-2.926906011998653412e-02,1.962354332208633423e-01,-1.246161684393882751e-01,-3.634185716509819031e-02,-6.886701285839080811e-02,-4.715472087264060974e-02,-7.397352159023284912e-02,3.960015177726745605e-01,4.027035236358642578e-01,4.791837334632873535e-01,4.283594787120819092e-01,3.636853098869323730e-01,3.137663006782531738e-01,3.475356400012969971e-01,3.186401724815368652e-01,2.772095799446105957e-01,1.949332952499389648e-01,4.475227892398834229e-01,2.260506898164749146e-01,3.640436828136444092e-01,3.108468353748321533e-01,4.509588778018951416e-01,7.780566811561584473e-02,1.153392940759658813e-01,4.926591739058494568e-02,2.914658188819885254e-01,3.292384371161460876e-02,6.892006099224090576e-02,1.026846095919609070e-01,-6.936234235763549805e-02,8.934070169925689697e-02,9.352235496044158936e-02,8.530601859092712402e-02,1.662799715995788574e-01,1.915677636861801147e-01,2.217232286930084229e-01,8.964519202709197998e-02,-6.490107625722885132e-02,4.185160249471664429e-02,-6.557014584541320801e-02,-2.301120199263095856e-02,-1.365851461887359619e-01,-1.312237828969955444e-01,-1.283516436815261841e-01,-7.038717716932296753e-02,-5.930489860475063324e-03,4.969397559762001038e-02,1.438625305891036987e-01,2.222059369087219238e-01,6.192144006490707397e-02,-1.109344232827425003e-02,-8.460372686386108398e-02,-2.048893421888351440e-01
