1.000000119209289551e+00,3.669856786727905273e-01,5.151289701461791992e-01,3.034364283084869385e-01,2.930432185530662537e-02,-3.317419067025184631e-02,5.737699866294860840e-01,2.194276750087738037e-01,7.577726244926452637e-02,-1.666749268770217896e-01,3.755617737770080566e-01,1.745650321245193481e-01,3.157032430171966553e-01,7.924671471118927002e-02,-9.428941458463668823e-02,-6.101245060563087463e-02,1.355728954076766968e-01,-6.093638949096202850e-04,5.514273047447204590e-01,4.693725705146789551e-01,1.046812534332275391e-01,4.094331339001655579e-02,3.265146911144256592e-01,3.130584061145782471e-01,1.456620842218399048e-01,8.178900927305221558e-02,1.259546428918838501e-01,2.585823461413383484e-02,5.930605158209800720e-02,-2.556918002665042877e-02,1.803958564996719360e-01,1.644185632467269897e-01,2.790072858333587646e-01,1.940945088863372803e-01,6.952715665102005005e-02,1.412448137998580933e-01,-1.133533194661140442e-01,-1.151588335633277893e-01,3.095547109842300415e-02,-1.357980966567993164e-01,1.194507069885730743e-02,-1.292522102594375610e-01,-3.317556576803326607e-03,-4.218624532222747803e-02,3.947937190532684326e-01,1.798577308654785156e-01,-1.322243213653564453e-01,-1.507883667945861816e-01,4.748144447803497314e-01,2.479775100946426392e-01,3.862658739089965820e-01,9.693033248186111450e-02,3.022305900231003761e-04,-2.024370282888412476e-01,9.161921590566635132e-02,-2.720977067947387695e-01,7.120770215988159180e-01,3.841302394866943359e-01,5.673065185546875000e-01,4.130013287067413330e-01,6.208218336105346680e-01,2.493229955434799194e-01,5.006930828094482422e-01,1.342869549989700317e-01,4.926807582378387451e-01,2.419977784156799316e-01,5.019310116767883301e-01,2.186577618122100830e-01,4.700493216514587402e-01,4.150106310844421387e-01,1.696383208036422729e-01,1.664890497922897339e-01,1.125320196151733398e-01,7.059240341186523438e-02,2.940856292843818665e-02,5.688332021236419678e-02,1.264964789152145386e-01,5.298246070742607117e-02,4.290895909070968628e-02,-1.973041333258152008e-02,2.038284242153167725e-01,-9.364687651395797729e-02,-6.580460816621780396e-02,-3.638181462883949280e-02,2.495934367179870605e-01,-1.583799272775650024e-01,1.200829073786735535e-02,-3.760998696088790894e-02,1.553088873624801636e-01,-1.580485701560974121e-01,2.457585744559764862e-02,-4.743386059999465942e-02,2.213452458381652832e-01,1.185020711272954941e-02,-6.270157545804977417e-02,-1.920700073242187500e-01,-9.171082824468612671e-02,-1.933616697788238525e-01,-9.170217812061309814e-02,-1.365461200475692749e-01,1.175930425524711609e-01,-1.129143908619880676e-01,-5.671269074082374573e-02,2.462389878928661346e-02,-4.460471495985984802e-02,2.094561420381069183e-02,2.999812178313732147e-02,-1.764067858457565308e-01,-8.460369706153869629e-02,-6.703782081604003906e-02,-8.612196892499923706e-02,-7.153731584548950195e-02,-8.116331882774829865e-03,-7.716012001037597656e-02,-7.686781138181686401e-02,1.307556754909455776e-03
3.669856786727905273e-01,9.999996423721313477e-01,3.228797614574432373e-01,4.742809534072875977e-01,-5.716438964009284973e-02,-7.635524123907089233e-02,2.421451807022094727e-01,4.466592669486999512e-01,-1.148289144039154053e-01,-6.125486642122268677e-02,-7.770223170518875122e-02,4.503016769886016846e-01,-7.572362571954727173e-02,2.676458954811096191e-01,-2.116777747869491577e-02,-1.511469110846519470e-02,-1.856000423431396484e-01,3.950057625770568848e-01,4.511824846267700195e-01,6.363499164581298828e-01,2.396413236856460571e-01,-1.150562614202499390e-02,2.655819952487945557e-01,2.540371417999267578e-01,2.895922027528285980e-02,5.314844101667404175e-02,6.262488663196563721e-02,6.180945411324501038e-02,-1.253376454114913940e-01,1.963945180177688599e-01,6.397777795791625977e-02,9.291234612464904785e-02,1.620529145002365112e-01,3.297370076179504395e-01,-6.117908656597137451e-02,-2.312799915671348572e-02,-2.095509320497512817e-01,-1.794060878455638885e-02,2.139995247125625610e-02,8.577387034893035889e-02,-2.715618116781115532e-03,4.567421972751617432e-02,-1.963959308341145515e-03,1.183922737836837769e-01,4.055636227130889893e-01,3.207212984561920166e-01,-1.071169525384902954e-01,2.362282201647758484e-02,3.131766021251678467e-01,4.868857860565185547e-01,2.292747050523757935e-01,3.833209276199340820e-01,7.761002331972122192e-02,-2.129127271473407745e-02,3.546096384525299072e-02,1.526632457971572876e-01,3.581510782241821289e-01,7.857882380485534668e-01,4.636485278606414795e-01,5.056767463684082031e-01,5.275967717170715332e-01,6.906912326812744141e-01,1.802238076925277710e-01,6.621119379997253418e-01,2.905050218105316162e-01,5.902612805366516113e-01,5.347237586975097656e-01,3.431272208690643311e-01,5.918021798133850098e-01,6.071103811264038086e-01,-3.247086703777313232e-02,1.096463203430175781e-02,-5.040475632995367050e-03,1.032730713486671448e-01,-1.546224579215049744e-02,1.247590109705924988e-01,4.589368775486946106e-02,4.350095987319946289e-02,-9.308774769306182861e-02,1.813384145498275757e-01,-5.270688235759735107e-02,3.514811098575592041e-01,-4.947837442159652710e-02,6.801711022853851318e-02,6.411458831280469894e-03,3.188840746879577637e-01,5.263732001185417175e-02,1.803707778453826904e-01,1.491228789091110229e-01,3.841677606105804443e-01,9.229128807783126831e-02,1.831415593624114990e-01,1.698974817991256714e-01,1.229259818792343140e-01,-1.100475639104843140e-01,-3.710190951824188232e-01,-2.454870790243148804e-01,-2.530343532562255859e-01,-1.928817830048501492e-03,6.793232262134552002e-02,1.122173219919204712e-01,-2.020577155053615570e-02,1.465835869312286377e-01,1.472100317478179932e-01,9.365136921405792236e-02,1.570943295955657959e-01,1.435625106096267700e-01,1.110890656709671021e-01,-1.912910938262939453e-01,-1.864508092403411865e-01,-1.129857301712036133e-01,2.513510920107364655e-02,9.545472264289855957e-02,5.433019623160362244e-02,-5.758729949593544006e-02,-5.741702020168304443e-02
5.151289701461791992e-01,3.228797614574432373e-01,9.999997615814208984e-01,6.720514893531799316e-01,2.644327878952026367e-01,1.391968131065368652e-01,7.526751160621643066e-01,4.216118156909942627e-01,1.470198333263397217e-01,1.144444122910499573e-01,4.480437934398651123e-01,2.665488123893737793e-01,5.244790315628051758e-01,2.507568001747131348e-01,1.215381771326065063e-01,1.741006076335906982e-01,2.974280416965484619e-01,1.960512548685073853e-01,5.948879718780517578e-01,5.278965234756469727e-01,1.228960826992988586e-01,2.282434850931167603e-01,7.319794893264770508e-01,6.703687310218811035e-01,1.953183263540267944e-01,1.396943777799606323e-01,2.349033802747726440e-01,1.466640681028366089e-01,3.022391796112060547e-01,2.474422156810760498e-01,4.037473201751708984e-01,3.506667613983154297e-01,5.294952988624572754e-01,5.311731696128845215e-01,2.921484410762786865e-01,2.626644968986511230e-01,1.732463240623474121e-01,1.724231541156768799e-01,1.906425207853317261e-01,1.395189166069030762e-01,1.575666666030883789e-01,5.928111076354980469e-02,6.709022074937820435e-02,1.463236659765243530e-01,2.266166359186172485e-01,4.150881618261337280e-02,1.351099163293838501e-01,1.076873689889907837e-01,1.797107011079788208e-01,-1.172604970633983612e-02,1.386372447013854980e-01,-3.259525075554847717e-02,-1.333578974008560181e-01,-1.503699086606502533e-02,1.495419144630432129e-01,2.319022780284285545e-03,4.732116162776947021e-01,2.831160426139831543e-01,1.535122394561767578e-01,6.155332922935485840e-02,2.914199233055114746e-01,9.798938781023025513e-02,3.270218074321746826e-01,1.379669159650802612e-01,2.795599997043609619e-01,1.509614139795303345e-01,3.285985589027404785e-01,2.171588987112045288e-01,2.959354519844055176e-01,2.838172316551208496e-01,4.022423923015594482e-01,4.052380919456481934e-01,2.988735139369964600e-01,3.176185488700866699e-01,2.138575762510299683e-01,1.999711841344833374e-01,2.582807540893554688e-01,2.180730998516082764e-01,1.399822384119033813e-01,1.376342028379440308e-01,3.060598969459533691e-01,1.523008346557617188e-01,1.970750242471694946e-01,1.464796364307403564e-01,3.838167488574981689e-01,8.490198850631713867e-02,8.997283130884170532e-02,9.119185805320739746e-02,8.867784589529037476e-02,-8.882649987936019897e-02,-9.394623339176177979e-03,-9.553115069866180420e-02,4.040097072720527649e-02,-7.346958667039871216e-02,4.833992943167686462e-02,2.966098114848136902e-02,1.506105363368988037e-01,4.849147424101829529e-02,4.150531440973281860e-02,4.650806542485952377e-03,1.242299154400825500e-01,4.514028504490852356e-02,1.338788308203220367e-02,4.369859397411346436e-02,5.852519720792770386e-02,4.999135062098503113e-02,9.633746929466724396e-03,-1.099843978881835938e-01,7.503617554903030396e-02,1.060664728283882141e-01,2.062944173812866211e-01,1.497653722763061523e-01,2.403956465423107147e-02,5.961512029170989990e-02,5.399132519960403442e-02,5.374373868107795715e-02
3.034364283084869385e-01,4.742809534072875977e-01,6.720514893531799316e-01,9.999997615814208984e-01,2.466246038675308228e-01,2.557703256607055664e-01,5.302894115447998047e-01,6.699247360229492188e-01,9.726586192846298218e-02,2.916331589221954346e-01,1.982931345701217651e-01,3.962253928184509277e-01,2.887899279594421387e-01,4.823699891567230225e-01,1.528402566909790039e-01,3.071637451648712158e-01,1.255859136581420898e-01,2.386830747127532959e-01,5.270949602127075195e-01,5.504577755928039551e-01,1.871853619813919067e-01,2.655126452445983887e-01,6.437023878097534180e-01,7.102504372596740723e-01,1.249196529388427734e-01,1.323909163475036621e-01,2.445367574691772461e-01,2.324886322021484375e-01,2.136269658803939819e-01,2.871001362800598145e-01,3.518070280551910400e-01,3.887704014778137207e-01,4.708347618579864502e-01,5.415024757385253906e-01,1.838831007480621338e-01,1.475504189729690552e-01,5.239153280854225159e-02,9.998800605535507202e-02,1.172902286052703857e-01,1.302770972251892090e-01,1.223518326878547668e-01,1.348957866430282593e-01,5.795966461300849915e-02,1.381601691246032715e-01,2.298763245344161987e-01,9.362569451332092285e-02,8.702421188354492188e-02,9.618888050317764282e-02,1.627927273511886597e-01,1.238647922873497009e-01,1.254125386476516724e-01,1.194441094994544983e-01,-1.008494943380355835e-01,4.782063886523246765e-02,5.773285403847694397e-02,8.806518465280532837e-02,2.988626956939697266e-01,3.847371041774749756e-01,1.543916165828704834e-01,1.459737271070480347e-01,2.944360077381134033e-01,3.123550117015838623e-01,2.131633162498474121e-01,3.320986926555633545e-01,2.248059511184692383e-01,2.901278734207153320e-01,3.407936096191406250e-01,2.292538434267044067e-01,3.311910629272460938e-01,2.995742261409759521e-01,2.747384011745452881e-01,3.770215213298797607e-01,2.477103918790817261e-01,2.777194380760192871e-01,2.038170248270034790e-01,1.661889851093292236e-01,1.599627435207366943e-01,1.260873973369598389e-01,8.154898881912231445e-02,1.193692460656166077e-01,1.328869909048080444e-01,2.728894948959350586e-01,1.704465746879577637e-01,2.878636121749877930e-01,2.366733253002166748e-01,2.564166188240051270e-01,1.408878117799758911e-01,2.694329023361206055e-01,2.787594310939311981e-02,1.004707142710685730e-01,-3.934229910373687744e-02,-5.920760333538055420e-02,5.091893952339887619e-03,-6.335907429456710815e-02,-3.997703269124031067e-02,-1.030135601758956909e-01,-4.835514817386865616e-03,-6.760410964488983154e-02,-3.489468991756439209e-02,-2.336701005697250366e-02,1.322280913591384888e-01,9.023841470479965210e-02,1.019834429025650024e-01,3.838437795639038086e-02,3.831409662961959839e-02,-5.336172878742218018e-03,3.131473064422607422e-02,-5.813173204660415649e-02,-3.609144315123558044e-02,-4.984574764966964722e-02,8.712647855281829834e-02,8.451029658317565918e-02,-1.539165095891803503e-04,2.132349647581577301e-02,-4.607393592596054077e-02,-6.554146856069564819e-02
2.930432185530662537e-02,-5.716438964009284973e-02,2.644327878952026367e-01,2.466246038675308228e-01,1.000000119209289551e+00,3.241979181766510010e-01,2.429930418729782104e-01,2.093673944473266602e-01,4.437978267669677734e-01,3.681205213069915771e-01,2.169782221317291260e-01,-3.293881565332412720e-02,3.493078649044036865e-01,1.056194528937339783e-01,3.541093468666076660e-01,3.025127351284027100e-01,1.900468319654464722e-01,3.302047029137611389e-02,1.244883751496672630e-03,1.206220313906669617e-02,1.098406687378883362e-01,3.614216148853302002e-01,2.028103321790695190e-01,2.324358671903610229e-01,3.200103044509887695e-01,2.572439610958099365e-01,4.822695255279541016e-01,4.298094511032104492e-01,2.084318846464157104e-01,2.131676226854324341e-01,1.839373856782913208e-01,1.479195505380630493e-01,7.235084474086761475e-02,1.513443514704704285e-02,5.204772949218750000e-02,6.603685021400451660e-02,1.045104861259460449e-01,5.827949196100234985e-02,1.602584868669509888e-01,1.844090074300765991e-01,5.174964666366577148e-02,4.033678397536277771e-02,1.539144665002822876e-01,6.316604465246200562e-02,-4.389775916934013367e-02,-8.000264316797256470e-02,2.318936437368392944e-01,9.951781481504440308e-02,-1.021737307310104370e-01,-2.056469917297363281e-01,-7.377318292856216431e-02,-1.934312731027603149e-01,-5.577342584729194641e-02,5.121565610170364380e-02,2.291300594806671143e-01,1.162479370832443237e-01,2.949687093496322632e-02,-7.103096693754196167e-02,-3.073135949671268463e-02,-8.050726354122161865e-02,7.188297342509031296e-03,-7.011762261390686035e-02,6.877329200506210327e-02,-1.116143018007278442e-01,1.687294989824295044e-02,-6.611178070306777954e-02,2.158879861235618591e-02,-1.569650950841605663e-03,-2.193361707031726837e-02,-3.093490749597549438e-02,1.403240710496902466e-01,1.667273938655853271e-01,1.588216572999954224e-01,7.353260368108749390e-02,6.553505081683397293e-03,-6.702767312526702881e-02,-4.552315175533294678e-02,-2.057735435664653778e-02,9.062411636114120483e-02,8.093084394931793213e-02,1.586550027132034302e-01,-3.044275380671024323e-02,2.760932445526123047e-01,1.545406132936477661e-01,2.312827706336975098e-01,7.025291211903095245e-03,2.147786319255828857e-01,1.978326290845870972e-01,3.182359635829925537e-01,9.644412994384765625e-02,6.971946358680725098e-02,1.935258693993091583e-02,-2.530529163777828217e-02,-8.925084955990314484e-03,5.287189409136772156e-02,1.070327460765838623e-01,1.526421010494232178e-01,1.506601125001907349e-01,1.169283017516136169e-01,6.060960516333580017e-02,2.595452591776847839e-02,1.315766274929046631e-01,4.454359412193298340e-02,-3.561930730938911438e-02,6.952049583196640015e-02,-7.347278296947479248e-03,1.019521579146385193e-01,-7.171353208832442760e-04,3.265359997749328613e-02,1.286769099533557892e-02,8.237981051206588745e-02,4.526387783698737621e-04,-1.133690495043992996e-02,-3.340213745832443237e-02,1.639260537922382355e-02,3.652819618582725525e-02
-3.317419067025184631e-02,-7.635524123907089233e-02,1.391968131065368652e-01,2.557703256607055664e-01,3.241979181766510010e-01,9.999998807907104492e-01,8.900190144777297974e-02,2.409369796514511108e-01,2.556208968162536621e-01,4.589508473873138428e-01,9.686409682035446167e-02,1.223876476287841797e-01,1.565857082605361938e-01,2.584758400917053223e-01,1.916752308607101440e-01,3.214139044284820557e-01,1.237112358212471008e-01,-2.776395343244075775e-02,-6.727144122123718262e-03,-1.587780378758907318e-02,-3.772079199552536011e-02,3.085318505764007568e-01,1.632608026266098022e-01,2.680035829544067383e-01,2.617310583591461182e-01,2.401259988546371460e-01,2.892061173915863037e-01,3.519929349422454834e-01,1.438438147306442261e-01,1.256454586982727051e-01,1.929295659065246582e-01,1.991019695997238159e-01,1.066456437110900879e-01,8.320453763008117676e-02,1.963947899639606476e-02,1.769141666591167450e-02,8.014327287673950195e-02,4.498298838734626770e-02,8.289916813373565674e-02,1.279105097055435181e-01,2.062383443117141724e-01,1.500057727098464966e-01,1.159492209553718567e-01,9.120867401361465454e-02,6.710658967494964600e-02,-1.231172867119312286e-02,9.247615188360214233e-02,9.225326776504516602e-02,7.209595758467912674e-03,-3.433033823966979980e-02,-3.427573712542653084e-03,2.798880264163017273e-02,-6.737022846937179565e-02,8.040641248226165771e-02,3.827994689345359802e-02,6.052778288722038269e-02,-1.563999988138675690e-02,-8.239663392305374146e-02,-5.421513319015502930e-02,-3.705825656652450562e-02,-4.033388197422027588e-02,-2.491588331758975983e-02,2.911415509879589081e-02,-2.878501266241073608e-02,2.648865617811679840e-02,1.199693884700536728e-03,3.226424381136894226e-02,9.800518304109573364e-02,-1.969300583004951477e-02,-5.867511406540870667e-02,1.513433605432510376e-01,1.942539513111114502e-01,1.854795068502426147e-01,6.478275358676910400e-02,1.436479240655899048e-01,3.698192164301872253e-02,6.731044501066207886e-02,1.616011932492256165e-02,9.015924483537673950e-02,-5.522271990776062012e-02,4.589205980300903320e-02,-1.453605946153402328e-02,1.888947784900665283e-01,2.317544370889663696e-01,1.194661408662796021e-01,1.133167669177055359e-01,1.281054168939590454e-01,2.004140317440032959e-01,8.326543122529983521e-02,8.160935342311859131e-02,3.383033350110054016e-02,2.644673921167850494e-02,7.737259380519390106e-03,-1.281006494536995888e-03,-5.630854517221450806e-02,8.779433369636535645e-02,9.742377698421478271e-02,8.758522570133209229e-02,5.877487361431121826e-02,5.700863152742385864e-02,1.585429757833480835e-01,2.134829163551330566e-01,1.043033376336097717e-01,7.418014854192733765e-02,9.193321317434310913e-02,5.494786053895950317e-02,1.430677250027656555e-03,5.715239048004150391e-02,1.065309974364936352e-03,4.515207547228783369e-04,5.520940944552421570e-02,5.077089741826057434e-02,-1.035810355097055435e-02,7.584647741168737411e-03,1.947835646569728851e-02,4.372696205973625183e-02
5.737699866294860840e-01,2.421451807022094727e-01,7.526751160621643066e-01,5.302894115447998047e-01,2.429930418729782104e-01,8.900190144777297974e-02,1.000000000000000000e+00,4.153520762920379639e-01,2.770248949527740479e-01,4.508273303508758545e-02,5.175416469573974609e-01,2.961646020412445068e-01,6.404141783714294434e-01,2.783611416816711426e-01,5.910324398428201675e-03,4.330235347151756287e-02,3.990280330181121826e-01,2.144526094198226929e-01,4.456712305545806885e-01,3.862112760543823242e-01,5.697725713253021240e-02,2.040899991989135742e-01,6.717252135276794434e-01,6.127083897590637207e-01,2.123653739690780640e-01,1.481595784425735474e-01,1.466808617115020752e-01,3.220748901367187500e-02,3.582627177238464355e-01,2.556894719600677490e-01,4.678335189819335938e-01,4.330558180809020996e-01,4.918986856937408447e-01,4.017871022224426270e-01,3.022875487804412842e-01,3.246162533760070801e-01,1.595722585916519165e-01,1.876174956560134888e-01,8.678675442934036255e-02,5.942882597446441650e-02,1.737935841083526611e-01,1.084477901458740234e-01,9.077405929565429688e-02,3.978407755494117737e-02,2.729749679565429688e-01,-1.361983269453048706e-02,1.131263151764869690e-01,2.342905150726437569e-03,2.807335257530212402e-01,4.177739028818905354e-04,2.833338081836700439e-01,-1.244637928903102875e-02,-4.522657394409179688e-02,-2.824979275465011597e-02,2.041728943586349487e-01,-1.524566709995269775e-01,5.106394886970520020e-01,2.007026225328445435e-01,1.955333203077316284e-01,2.748055383563041687e-02,3.596113026142120361e-01,6.754346191883087158e-02,4.836538732051849365e-01,1.232931539416313171e-01,3.661356270313262939e-01,1.480948776006698608e-01,2.699186801910400391e-01,1.145886182785034180e-01,1.523520052433013916e-01,1.763872057199478149e-01,4.507842957973480225e-01,4.489044845104217529e-01,4.096027314662933350e-01,3.822823464870452881e-01,3.014909029006958008e-01,2.945489585399627686e-01,3.278952538967132568e-01,2.716564834117889404e-01,1.876201480627059937e-01,1.979953944683074951e-01,3.806638419628143311e-01,1.422850936651229858e-01,6.682366877794265747e-02,8.361697942018508911e-02,3.951224684715270996e-01,6.230113212950527668e-04,-4.587670043110847473e-02,-8.684454858303070068e-02,5.293256416916847229e-02,-1.941994279623031616e-01,-9.928338229656219482e-02,-1.949396431446075439e-01,-1.208084728568792343e-02,-1.708952337503433228e-01,1.988018304109573364e-02,1.593450084328651428e-02,1.430233120918273926e-01,-6.849720608443021774e-03,-1.099130697548389435e-02,-6.923897564411163330e-02,5.395734310150146484e-02,-1.253164857625961304e-01,-1.026653423905372620e-01,-2.980953454971313477e-02,-3.631116449832916260e-02,-1.504449546337127686e-02,-8.250524103641510010e-02,-2.344439774751663208e-01,3.793790936470031738e-02,7.696337252855300903e-02,1.107986718416213989e-01,9.893277660012245178e-03,-1.255093663930892944e-01,-5.338430777192115784e-02,2.067319303750991821e-02,6.391900032758712769e-02
2.194276750087738037e-01,4.466592669486999512e-01,4.216118156909942627e-01,6.699247360229492188e-01,2.093673944473266602e-01,2.409369796514511108e-01,4.153520762920379639e-01,9.999997615814208984e-01,1.666561812162399292e-01,3.177506029605865479e-01,1.126057729125022888e-01,5.689281225204467773e-01,2.248595654964447021e-01,7.252386808395385742e-01,2.978410571813583374e-02,1.789765954017639160e-01,1.730340570211410522e-01,3.001535236835479736e-01,3.154350519180297852e-01,3.730888962745666504e-01,1.342316120862960815e-01,2.539567649364471436e-01,4.985350370407104492e-01,5.574486255645751953e-01,1.854623258113861084e-01,2.354746162891387939e-01,1.179635450243949890e-01,1.627892553806304932e-01,2.226892709732055664e-01,3.768536746501922607e-01,4.867491424083709717e-01,5.903654694557189941e-01,3.447983860969543457e-01,3.941819369792938232e-01,1.280331313610076904e-01,1.620092093944549561e-01,1.986620202660560608e-02,1.116487905383110046e-01,-8.569727838039398193e-02,6.271830946207046509e-02,2.138741761445999146e-01,2.752749919891357422e-01,1.213987320661544800e-01,1.145738661289215088e-01,3.276760578155517578e-01,1.067412048578262329e-01,5.201645940542221069e-02,3.532347455620765686e-02,2.825390994548797607e-01,2.819685041904449463e-01,3.055433630943298340e-01,3.127458095550537109e-01,-1.218609232455492020e-02,1.402609497308731079e-01,1.861314848065376282e-02,1.388096064329147339e-02,1.806554198265075684e-01,3.643065392971038818e-01,2.091371119022369385e-01,1.966010928153991699e-01,3.250356316566467285e-01,4.722649157047271729e-01,2.329556941986083984e-01,4.791218042373657227e-01,3.287880718708038330e-01,4.731312394142150879e-01,2.835850417613983154e-01,1.730603873729705811e-01,1.656116545200347900e-01,1.750107705593109131e-01,3.141594231128692627e-01,4.289921820163726807e-01,3.794447779655456543e-01,3.816930353641510010e-01,2.741452753543853760e-01,2.409258037805557251e-01,2.114845812320709229e-01,1.385229825973510742e-01,1.277310401201248169e-01,1.786379218101501465e-01,1.008118242025375366e-01,3.668695092201232910e-01,-3.361722454428672791e-02,3.028833270072937012e-01,1.152481585741043091e-01,3.705608546733856201e-01,-6.030156463384628296e-02,1.373700648546218872e-01,-8.141767978668212891e-02,1.952252984046936035e-01,-1.607582271099090576e-01,-1.306699663400650024e-01,-9.788744896650314331e-02,-1.813064515590667725e-01,-1.744244247674942017e-01,-2.009341567754745483e-01,-1.383581012487411499e-01,-1.902202814817428589e-01,-1.607964932918548584e-01,-4.502115398645401001e-02,3.099841065704822540e-02,-3.624256700277328491e-02,-3.739092126488685608e-02,-5.233692470937967300e-03,-1.152787059545516968e-01,-9.006942808628082275e-02,-7.504686713218688965e-02,-1.558645218610763550e-01,-1.968360543251037598e-01,-1.935830116271972656e-01,-1.259772777557373047e-01,-9.127101302146911621e-02,-2.214613258838653564e-01,-1.642758399248123169e-01,-1.787080168724060059e-01,-1.340180933475494385e-01
7.577726244926452637e-02,-1.148289144039154053e-01,1.470198333263397217e-01,9.726586192846298218e-02,4.437978267669677734e-01,2.556208968162536621e-01,2.770248949527740479e-01,1.666561812162399292e-01,1.000000357627868652e+00,3.104980289936065674e-01,2.040637284517288208e-01,7.184781879186630249e-02,3.312595486640930176e-01,1.733633875846862793e-01,-5.924964323639869690e-02,2.505736611783504486e-02,2.685992121696472168e-01,5.408971011638641357e-02,-7.770025730133056641e-02,-8.514583855867385864e-02,8.299702778458595276e-03,2.246032655239105225e-01,2.174520045518875122e-01,2.372812777757644653e-01,2.776683568954467773e-01,2.433711886405944824e-01,1.236295327544212341e-01,3.732548654079437256e-02,2.411509156227111816e-01,2.334405034780502319e-01,3.419513106346130371e-01,3.343703448772430420e-01,1.571959853172302246e-01,1.909178867936134338e-02,1.632343679666519165e-01,1.699292659759521484e-01,9.724644571542739868e-02,1.740407496690750122e-01,-5.795041099190711975e-02,6.443302333354949951e-02,2.173023521900177002e-01,1.905645281076431274e-01,2.050499618053436279e-01,4.716105014085769653e-02,1.529452949762344360e-01,-8.395425230264663696e-02,2.232304662466049194e-01,3.583361953496932983e-02,8.391594141721725464e-02,-4.897146299481391907e-02,1.788279116153717041e-01,1.818371005356311798e-02,7.637615501880645752e-02,1.830494850873947144e-01,1.704415529966354370e-01,-5.618003383278846741e-02,5.264909192919731140e-02,-1.374384015798568726e-01,1.001344714313745499e-02,-8.709587901830673218e-02,2.941759303212165833e-02,-7.098336517810821533e-02,2.086399644613265991e-01,-2.605190128087997437e-02,1.703509986400604248e-01,-1.012704242020845413e-02,2.541834674775600433e-02,-3.843568265438079834e-02,-1.589504331350326538e-01,-1.363575160503387451e-01,2.539144754409790039e-01,2.937510013580322266e-01,2.949949800968170166e-01,2.572662532329559326e-01,2.026302665472030640e-01,2.236536294221878052e-01,1.750882714986801147e-01,1.456992775201797485e-01,1.284413188695907593e-01,1.179409027099609375e-01,2.109867781400680542e-01,5.630841478705406189e-02,5.270913615822792053e-02,1.157961338758468628e-01,1.962133944034576416e-01,-2.291728043928742409e-03,-6.676851958036422729e-02,-9.968472272157669067e-02,-4.045858979225158691e-02,-1.187374293804168701e-01,-1.129247546195983887e-01,-1.435640901327133179e-01,-1.375531554222106934e-01,-1.936073005199432373e-01,1.152911037206649780e-02,1.139989048242568970e-01,1.250209212303161621e-01,1.000457778573036194e-01,3.585633262991905212e-02,1.378243416547775269e-02,-2.726708911359310150e-02,-7.344620674848556519e-02,-1.249259412288665771e-01,-8.197622746229171753e-02,-9.606252610683441162e-02,-9.938412904739379883e-02,-1.458857059478759766e-01,-1.701671928167343140e-01,3.885769285261631012e-03,4.297378659248352051e-02,-1.905952394008636475e-02,-9.071701765060424805e-02,-2.031358480453491211e-01,-1.391801685094833374e-01,-6.437025219202041626e-02,3.245992586016654968e-02
-1.666749268770217896e-01,-6.125486642122268677e-02,1.144444122910499573e-01,2.916331589221954346e-01,3.681205213069915771e-01,4.589508473873138428e-01,4.508273303508758545e-02,3.177506029605865479e-01,3.104980289936065674e-01,1.000000119209289551e+00,5.637227743864059448e-02,1.715534478425979614e-01,1.234407126903533936e-01,3.783710002899169922e-01,2.709949612617492676e-01,3.226730823516845703e-01,9.127400070428848267e-02,5.285722762346267700e-02,3.296956419944763184e-02,-1.220858423039317131e-03,4.654685407876968384e-02,2.691646814346313477e-01,1.655742973089218140e-01,1.983145773410797119e-01,2.033146768808364868e-01,2.135265022516250610e-01,2.128473371267318726e-01,2.827671170234680176e-01,1.328713595867156982e-01,2.288049757480621338e-01,2.192836403846740723e-01,2.668902873992919922e-01,1.711553484201431274e-01,1.497684866189956665e-01,1.335131824016571045e-01,5.688033625483512878e-02,1.395260691642761230e-01,1.522126793861389160e-01,4.592960327863693237e-02,1.487677991390228271e-01,1.593250781297683716e-01,1.624254137277603149e-01,1.055017858743667603e-01,5.659762024879455566e-02,-4.767633974552154541e-02,-1.140671670436859131e-01,1.975230276584625244e-01,1.413314640522003174e-01,-1.708063632249832153e-01,-1.061669886112213135e-01,-1.173705309629440308e-01,-5.907386913895606995e-02,-6.517007946968078613e-02,2.060034573078155518e-01,7.216896861791610718e-02,1.870580166578292847e-01,-1.743376553058624268e-01,-9.473665803670883179e-02,-1.752022504806518555e-01,-1.473731845617294312e-01,-1.421570777893066406e-01,-8.625126443803310394e-03,-1.145553588867187500e-01,1.890502870082855225e-02,-5.734473839402198792e-02,-2.876504883170127869e-02,-3.085660375654697418e-02,-5.563504621386528015e-02,-6.331326812505722046e-02,-1.467434316873550415e-01,1.993643343448638916e-01,2.477880269289016724e-01,2.409779876470565796e-01,1.858373880386352539e-01,1.492689400911331177e-01,6.305919587612152100e-02,6.253949552774429321e-02,5.610739439725875854e-02,2.385209500789642334e-02,7.522262632846832275e-03,-6.070816889405250549e-02,7.467008382081985474e-02,1.901331096887588501e-01,2.515262067317962646e-01,4.927664995193481445e-02,1.614271998405456543e-01,1.251560002565383911e-01,2.015490680932998657e-01,6.287975609302520752e-02,1.484738886356353760e-01,-5.334449186921119690e-02,-5.407165735960006714e-02,-1.738734394311904907e-01,-9.396226704120635986e-02,6.982932984828948975e-02,1.394171118736267090e-01,1.324298530817031860e-01,1.354806125164031982e-01,9.196761250495910645e-02,7.315324246883392334e-02,-3.076392970979213715e-02,2.494454085826873779e-01,8.884188532829284668e-02,1.117309555411338806e-01,1.159913837909698486e-01,6.074149534106254578e-02,-1.980603672564029694e-02,1.378940045833587646e-01,3.481553494930267334e-02,7.228145748376846313e-02,8.169049769639968872e-02,4.043211042881011963e-02,-9.643428027629852295e-02,5.048738420009613037e-02,3.565422445535659790e-02,2.052288735285401344e-03
3.755617737770080566e-01,-7.770223170518875122e-02,4.480437934398651123e-01,1.982931345701217651e-01,2.169782221317291260e-01,9.686409682035446167e-02,5.175416469573974609e-01,1.126057729125022888e-01,2.040637284517288208e-01,5.637227743864059448e-02,1.000000000000000000e+00,2.281736135482788086e-01,6.885540485382080078e-01,8.961631357669830322e-02,1.443253308534622192e-01,2.319247722625732422e-01,5.546710491180419922e-01,1.917894035577774048e-01,2.532393932342529297e-01,1.361079365015029907e-01,-1.066998839378356934e-01,1.787775158882141113e-01,3.047636747360229492e-01,2.901464700698852539e-01,5.004108697175979614e-02,-8.716236054897308350e-02,1.057801544666290283e-01,9.318006224930286407e-03,4.243076145648956299e-01,1.645804643630981445e-01,1.930618137121200562e-01,1.560910791158676147e-01,2.621059119701385498e-01,9.156060963869094849e-02,1.433703452348709106e-01,5.987176299095153809e-02,2.666552066802978516e-01,1.767861656844615936e-02,1.008716151118278503e-01,2.635958045721054077e-02,1.101268678903579712e-01,-1.126181706786155701e-02,3.015969693660736084e-01,1.083813682198524475e-01,9.581800550222396851e-02,-1.033964306116104126e-01,2.784010171890258789e-01,1.388201415538787842e-01,1.233809441328048706e-02,-2.307833880186080933e-01,1.604596078395843506e-01,-2.260466068983078003e-01,1.000531390309333801e-01,9.479805827140808105e-02,1.855566650629043579e-01,-3.214802965521812439e-02,3.499255478382110596e-01,-1.203718259930610657e-01,-1.136234030127525330e-01,-2.774862945079803467e-01,7.123486697673797607e-02,-2.189661413431167603e-01,3.920679986476898193e-01,-1.473450213670730591e-01,1.086344420909881592e-01,-2.213656455278396606e-01,-5.176078900694847107e-02,-8.840661495923995972e-02,-1.074018180370330811e-01,-6.488919258117675781e-02,3.242534101009368896e-01,2.905089259147644043e-01,3.743788301944732666e-01,2.117018848657608032e-01,1.193532422184944153e-01,4.550014063715934753e-02,1.954068839550018311e-01,6.721321493387222290e-02,3.155740797519683838e-01,1.097835972905158997e-01,5.742912292480468750e-01,2.867580205202102661e-02,2.690841257572174072e-01,1.373397707939147949e-01,5.018219351768493652e-01,-1.147468388080596924e-01,7.402261346578598022e-02,-4.738948866724967957e-02,1.942461729049682617e-01,-1.961276382207870483e-01,1.252328753471374512e-01,-2.092973701655864716e-02,2.359768748283386230e-02,-4.867066442966461182e-02,-1.515289302915334702e-03,2.077013999223709106e-01,2.372856289148330688e-01,1.819355636835098267e-01,1.800868660211563110e-01,5.941055342555046082e-02,7.338126748800277710e-02,3.092590905725955963e-02,4.857787396758794785e-03,1.746439561247825623e-02,7.251989096403121948e-02,-3.712623147293925285e-03,-5.000497400760650635e-02,-4.189213365316390991e-02,2.027114778757095337e-01,1.028069257736206055e-01,1.625767797231674194e-01,1.916107833385467529e-01,5.045718979090452194e-03,1.999633200466632843e-02,7.364951074123382568e-02,1.021957099437713623e-01
1.745650321245193481e-01,4.503016769886016846e-01,2.665488123893737793e-01,3.962253928184509277e-01,-3.293881565332412720e-02,1.223876476287841797e-01,2.961646020412445068e-01,5.689281225204467773e-01,7.184781879186630249e-02,1.715534478425979614e-01,2.281736135482788086e-01,9.999997615814208984e-01,1.810137033462524414e-01,5.619176030158996582e-01,-9.143231064081192017e-02,2.433658577501773834e-02,2.254472970962524414e-01,5.720871090888977051e-01,2.048003375530242920e-01,3.206013441085815430e-01,4.056291282176971436e-02,7.321100682020187378e-02,3.044553995132446289e-01,3.167701661586761475e-01,1.533619463443756104e-01,1.885848045349121094e-01,-5.684307962656021118e-02,-9.038650430738925934e-03,2.024778723716735840e-01,4.013854563236236572e-01,3.455525934696197510e-01,3.769240081310272217e-01,2.172582745552062988e-01,2.394294440746307373e-01,-4.486017301678657532e-02,-9.813230484724044800e-03,-1.939480565488338470e-02,1.046859323978424072e-01,-8.581494539976119995e-02,4.649905115365982056e-02,2.312312871217727661e-01,2.824500799179077148e-01,1.626393198966979980e-01,1.834199875593185425e-01,3.757155537605285645e-01,1.447226107120513916e-01,4.735935479402542114e-02,1.284093856811523438e-01,2.224879264831542969e-01,3.205175399780273438e-01,2.738911509513854980e-01,3.690894544124603271e-01,1.001942977309226990e-01,1.875874847173690796e-01,3.762140870094299316e-02,1.181771159172058105e-01,1.970973461866378784e-01,3.808802366256713867e-01,1.377667933702468872e-01,1.458991616964340210e-01,2.701398730278015137e-01,4.253008067607879639e-01,3.034962713718414307e-01,5.691492557525634766e-01,1.332868188619613647e-01,3.481640517711639404e-01,2.300976961851119995e-01,1.444873064756393433e-01,1.211050823330879211e-01,1.726606637239456177e-01,2.034729272127151489e-01,3.013416230678558350e-01,3.557833433151245117e-01,4.397862851619720459e-01,2.768073081970214844e-01,3.013186156749725342e-01,2.169753909111022949e-01,1.435608714818954468e-01,1.683696061372756958e-01,2.090354859828948975e-01,1.794313043355941772e-01,5.304228663444519043e-01,-1.478491872549057007e-01,1.796399503946304321e-01,8.618151396512985229e-02,4.003031551837921143e-01,-2.001646608114242554e-01,1.497940625995397568e-02,-8.082454651594161987e-02,2.900872230529785156e-01,-2.897296659648418427e-02,9.287073276937007904e-03,-4.947685822844505310e-02,-8.807641267776489258e-02,-2.306216806173324585e-01,-1.600486934185028076e-01,-1.138327121734619141e-01,-1.477212607860565186e-01,1.619881577789783478e-02,1.132098883390426636e-01,4.346780478954315186e-02,-8.024483919143676758e-02,1.691337674856185913e-03,7.574309408664703369e-02,-1.606203243136405945e-02,5.502402037382125854e-02,-1.056826487183570862e-01,-3.514660149812698364e-02,-1.645354777574539185e-01,-1.827383637428283691e-01,-1.203105375170707703e-01,7.944612205028533936e-02,-1.427728682756423950e-01,-6.233355402946472168e-02,-7.440853118896484375e-02,-2.978753857314586639e-02
3.157032430171966553e-01,-7.572362571954727173e-02,5.244790315628051758e-01,2.887899279594421387e-01,3.493078649044036865e-01,1.565857082605361938e-01,6.404141783714294434e-01,2.248595654964447021e-01,3.312595486640930176e-01,1.234407126903533936e-01,6.885540485382080078e-01,1.810137033462524414e-01,1.000000119209289551e+00,2.470308989286422729e-01,1.994929164648056030e-01,2.430530935525894165e-01,5.423591732978820801e-01,2.243208438158035278e-01,1.649033129215240479e-01,5.680719017982482910e-02,-9.641191363334655762e-02,2.934027016162872314e-01,4.669500291347503662e-01,4.370007812976837158e-01,1.566196233034133911e-01,2.983437851071357727e-02,1.298124492168426514e-01,2.689876407384872437e-02,4.545021057128906250e-01,2.480198591947555542e-01,3.703451454639434814e-01,3.308087885379791260e-01,2.768717408180236816e-01,1.317139416933059692e-01,2.927670180797576904e-01,2.214270681142807007e-01,3.421979844570159912e-01,1.396672278642654419e-01,1.581828743219375610e-01,8.510351181030273438e-02,1.859640032052993774e-01,1.423971801996231079e-01,3.223286271095275879e-01,1.114441901445388794e-01,1.381650269031524658e-01,-1.220528930425643921e-01,3.209785819053649902e-01,1.543273031711578369e-01,9.459415078163146973e-02,-2.388932555913925171e-01,2.277167588472366333e-01,-1.985261142253875732e-01,7.012044638395309448e-02,1.621412634849548340e-01,2.900623381137847900e-01,-5.179196968674659729e-02,3.131685554981231689e-01,-8.375846594572067261e-02,-8.698318153619766235e-02,-2.674869596958160400e-01,4.887324199080467224e-02,-2.009618878364562988e-01,3.525133728981018066e-01,-1.555433273315429688e-01,2.549504637718200684e-01,-1.170899644494056702e-01,-5.088894069194793701e-02,-6.450729072093963623e-02,-1.754647791385650635e-01,-7.980896532535552979e-02,4.300031363964080811e-01,3.845482468605041504e-01,4.738256931304931641e-01,3.402236700057983398e-01,2.438568621873855591e-01,2.116639316082000732e-01,2.444593161344528198e-01,1.400723308324813843e-01,2.621487081050872803e-01,1.864801645278930664e-01,5.739520192146301270e-01,1.375116407871246338e-01,3.045350313186645508e-01,2.595058083534240723e-01,5.800017118453979492e-01,3.238932229578495026e-03,5.669042840600013733e-02,-5.306901410222053528e-02,1.737210601568222046e-01,-2.105717509984970093e-01,6.112351641058921814e-02,-6.811587512493133545e-02,-1.222581788897514343e-02,-9.560894966125488281e-02,-2.154337614774703979e-02,2.088679671287536621e-01,2.740789055824279785e-01,1.791169345378875732e-01,1.527349352836608887e-01,7.182478904724121094e-02,6.535240262746810913e-02,2.692775428295135498e-02,-8.460013568401336670e-02,2.351280301809310913e-02,-1.334843109361827374e-04,-3.987583890557289124e-02,-1.167996749281883240e-01,-1.528689861297607422e-01,1.409960538148880005e-01,1.025453284382820129e-01,1.979974806308746338e-01,9.842262417078018188e-02,-6.539117544889450073e-02,-4.379509016871452332e-02,6.077410653233528137e-02,1.170123741030693054e-01
