9.999998211860656738e-01,2.096305042505264282e-01,6.701178550720214844e-01,3.559261262416839600e-01,4.537714719772338867e-01,1.138348206877708435e-01,6.978605985641479492e-01,1.215455010533332825e-01,4.443385303020477295e-01,5.670069158077239990e-02,4.743184745311737061e-01,2.117139101028442383e-01,5.005593299865722656e-01,-1.108355168253183365e-02,4.226964116096496582e-01,-1.777282916009426117e-03,3.738608062267303467e-01,1.187545713037252426e-02,5.672092437744140625e-01,4.702726602554321289e-01,1.002293303608894348e-01,8.109194040298461914e-02,2.290242463350296021e-01,4.856970012187957764e-01,1.520230770111083984e-01,1.849733591079711914e-01,1.244908869266510010e-01,1.353409588336944580e-01,1.508909314870834351e-01,-3.414626792073249817e-02,2.299416065216064453e-01,2.749392688274383545e-01,3.976417779922485352e-01,3.909902572631835938e-01,2.016951590776443481e-01,6.833460927009582520e-02,1.798159927129745483e-01,-2.390912995906546712e-04,1.328578442335128784e-01,-6.374051421880722046e-02,-1.515746712684631348e-01,1.105357427150011063e-02,7.729780673980712891e-02,-7.854380458593368530e-02,4.764464683830738068e-03,-3.200185000896453857e-01,1.203965470194816589e-01,-1.107860505580902100e-01,-7.449346780776977539e-02,-2.585295438766479492e-01,-1.268604993820190430e-01,-2.652413249015808105e-01,1.432724893093109131e-01,-1.596740484237670898e-01,2.315201759338378906e-01,-8.070584386587142944e-02,7.169777750968933105e-01,1.252954155206680298e-01,4.053480327129364014e-01,-6.093055754899978638e-02,5.250777006149291992e-01,2.878086268901824951e-02,4.290748834609985352e-01,-3.986650332808494568e-02,1.321142613887786865e-01,-9.398869425058364868e-02,2.977548837661743164e-01,-5.113025754690170288e-02,4.208486676216125488e-01,1.449969410896301270e-01,9.148075431585311890e-02,1.211353316903114319e-01,2.597083151340484619e-01,6.101414188742637634e-02,2.911086082458496094e-01,1.613414101302623749e-02,2.882439792156219482e-01,1.471717953681945801e-01,-1.957116834819316864e-02,-9.347695857286453247e-02,2.393864244222640991e-01,-6.414850056171417236e-02,6.612417101860046387e-02,-1.586216501891613007e-02,2.661862969398498535e-01,-1.938256472349166870e-01,1.152465566992759705e-01,2.359606884419918060e-02,2.788990736007690430e-01,-2.058772593736648560e-01,2.128635197877883911e-01,8.209545910358428955e-02,3.657827675342559814e-01,8.582350611686706543e-02,-7.201894372701644897e-02,-4.184132814407348633e-02,-3.801756352186203003e-02,-3.652788698673248291e-02,1.269585788249969482e-01,1.035021096467971802e-01,2.985031306743621826e-01,2.376765459775924683e-01,2.279344946146011353e-01,3.249005675315856934e-01,1.496932357549667358e-01,2.194993793964385986e-01,-6.077365018427371979e-03,1.518272161483764648e-01,-5.813755095005035400e-02,-6.429660320281982422e-02,-1.326064020395278931e-02,4.159386083483695984e-02,9.100718051195144653e-02,3.364420831203460693e-01,1.381467878818511963e-01,5.870549753308296204e-02
2.096305042505264282e-01,1.000000119209289551e+00,8.980758488178253174e-02,5.986193418502807617e-01,-2.465940713882446289e-01,1.247593481093645096e-02,-1.801325194537639618e-02,5.434437394142150879e-01,-2.419815808534622192e-01,2.479602210223674774e-02,-4.077402055263519287e-01,3.923546075820922852e-01,-3.966961801052093506e-01,2.537291646003723145e-01,-3.751952052116394043e-01,5.576568469405174255e-02,-3.786711394786834717e-01,4.248173832893371582e-01,4.625366032123565674e-01,1.838807165622711182e-01,-1.415249239653348923e-02,-4.325292259454727173e-02,3.851553499698638916e-01,-1.090276241302490234e-01,-7.107424736022949219e-02,-1.677487343549728394e-01,-7.992688566446304321e-02,-4.835622385144233704e-02,-3.972747921943664551e-01,7.299042493104934692e-02,7.080028299242258072e-03,-6.132417172193527222e-02,4.327969253063201904e-02,-6.751400977373123169e-02,-3.077663183212280273e-01,-2.177710980176925659e-01,-1.846205890178680420e-01,1.927261203527450562e-01,-1.986388862133026123e-01,1.332776397466659546e-01,1.098495200276374817e-01,1.079810857772827148e-01,-3.666289746761322021e-01,-1.191493123769760132e-01,-2.092785537242889404e-01,-2.135211974382400513e-01,-8.167119324207305908e-02,1.432620137929916382e-01,2.218922227621078491e-02,1.529277414083480835e-01,-5.221183598041534424e-02,1.175963580608367920e-01,4.236423969268798828e-02,1.788486391305923462e-01,-3.136669993400573730e-01,3.492183089256286621e-01,4.935558736324310303e-01,8.319703340530395508e-01,5.612003207206726074e-01,6.448585391044616699e-01,2.185314744710922241e-01,6.386975049972534180e-01,-2.938669621944427490e-01,6.372603774070739746e-01,-4.443553388118743896e-01,3.708760738372802734e-01,4.577506184577941895e-01,1.054969057440757751e-01,6.093280911445617676e-01,4.950984418392181396e-01,-6.326269358396530151e-02,-7.547378540039062500e-02,-2.417907118797302246e-01,9.497543424367904663e-02,-1.873018592596054077e-01,9.060657583177089691e-03,-8.472070842981338501e-02,-3.311713412404060364e-02,-3.337914347648620605e-01,7.950906455516815186e-02,-1.474088877439498901e-01,5.300407409667968750e-01,-7.387620955705642700e-02,1.386848092079162598e-01,-3.803760409355163574e-01,4.975702166557312012e-01,-2.113039195537567139e-01,3.090905584394931793e-02,-4.894129931926727295e-01,4.368233978748321533e-01,3.773112595081329346e-01,2.686465978622436523e-01,2.984924912452697754e-01,1.267726123332977295e-01,-5.118114873766899109e-02,-2.564982883632183075e-02,-1.268679350614547729e-01,5.602220445871353149e-02,7.498788833618164062e-02,1.793871372938156128e-01,1.654800027608871460e-01,3.594456240534782410e-02,2.223186194896697998e-01,1.494877636432647705e-01,-3.701683133840560913e-03,1.783366650342941284e-01,-1.131792590022087097e-01,-1.747090816497802734e-01,7.564784586429595947e-02,-5.265226215124130249e-02,1.343923434615135193e-02,2.583904378116130829e-02,-4.007776454091072083e-02,1.760396957397460938e-01,-3.057361952960491180e-02,-1.308299973607063293e-02
6.701178550720214844e-01,8.980758488178253174e-02,9.999998211860656738e-01,4.813989996910095215e-01,5.300939083099365234e-01,2.331219613552093506e-01,8.068528771400451660e-01,1.774685382843017578e-01,5.129710435867309570e-01,1.562777161598205566e-01,5.046329498291015625e-01,1.381060481071472168e-01,5.392199158668518066e-01,4.548779875040054321e-02,3.968862593173980713e-01,9.021315723657608032e-02,3.062293231487274170e-01,-9.970211237668991089e-02,5.774194002151489258e-01,5.288979411125183105e-01,1.008111163973808289e-01,1.116432696580886841e-01,4.754315614700317383e-01,7.069389820098876953e-01,4.058493971824645996e-01,3.295923471450805664e-01,1.813032776117324829e-01,2.176516056060791016e-01,1.783078461885452271e-01,8.546936325728893280e-03,3.973852992057800293e-01,3.944251239299774170e-01,3.420847058296203613e-01,4.620403349399566650e-01,1.859773099422454834e-01,5.610907822847366333e-02,2.694149017333984375e-01,2.342164143919944763e-02,1.803286671638488770e-01,-4.118808358907699585e-02,-1.734465956687927246e-01,-5.899029225111007690e-02,1.791039109230041504e-01,-9.949041903018951416e-02,-2.150592952966690063e-02,-3.310119211673736572e-01,1.449296325445175171e-01,-9.429419040679931641e-02,-2.171026021242141724e-01,-3.209401369094848633e-01,-2.214291244745254517e-01,-3.202314376831054688e-01,-3.769659623503684998e-02,-1.877177059650421143e-01,2.303555160760879517e-01,-4.888869449496269226e-02,4.776904284954071045e-01,4.518888425081968307e-03,1.572731137275695801e-01,-1.604880541563034058e-01,2.818270325660705566e-01,-1.009724065661430359e-01,2.516605556011199951e-01,-1.080880686640739441e-01,7.540499418973922729e-02,-1.118812486529350281e-01,1.229364871978759766e-01,-9.817870706319808960e-02,1.803566515445709229e-01,-6.171127781271934509e-02,3.349575698375701904e-01,3.591024577617645264e-01,2.684371471405029297e-01,7.780994474887847900e-02,2.764257788658142090e-01,5.842104554176330566e-02,3.172327280044555664e-01,2.428556829690933228e-01,-2.226528711616992950e-02,-1.154691502451896667e-01,8.788712322711944580e-02,-2.367354780435562134e-01,-1.690763235092163086e-02,2.514370903372764587e-02,1.758383363485336304e-01,-2.718697786331176758e-01,6.286045163869857788e-02,6.796706467866897583e-02,2.660247087478637695e-01,-2.265091836452484131e-01,1.039399355649948120e-01,2.196887582540512085e-01,3.487913012504577637e-01,3.143325448036193848e-01,7.284987717866897583e-02,1.399477124214172363e-01,1.881823092699050903e-01,1.185283958911895752e-01,2.322418689727783203e-01,1.395099014043807983e-01,1.783956140279769897e-01,4.168668687343597412e-01,8.861390501260757446e-02,3.673183619976043701e-01,1.401416808366775513e-01,2.617644667625427246e-01,1.238667815923690796e-01,2.137851119041442871e-01,-6.819325685501098633e-02,1.192020848393440247e-01,2.335520833730697632e-01,2.777376770973205566e-01,2.880484163761138916e-01,3.819594383239746094e-01,3.464995622634887695e-01,1.320877224206924438e-01
3.559261262416839600e-01,5.986193418502807617e-01,4.813989996910095215e-01,9.999998211860656738e-01,1.315722465515136719e-01,3.918029665946960449e-01,3.202300667762756348e-01,7.311769723892211914e-01,9.151513874530792236e-02,3.654764294624328613e-01,-8.638615161180496216e-02,5.402312874794006348e-01,-7.635200023651123047e-02,4.951048493385314941e-01,-7.917354255914688110e-02,3.613305091857910156e-01,-2.146488130092620850e-01,1.953943371772766113e-01,5.944863557815551758e-01,3.678671419620513916e-01,6.708471477031707764e-02,1.600256413221359253e-01,6.052023172378540039e-01,3.657684624195098877e-01,3.256293833255767822e-01,2.740933299064636230e-01,1.887643486261367798e-01,2.895500063896179199e-01,-2.439966797828674316e-01,1.937127858400344849e-01,3.133559823036193848e-01,3.171706497669219971e-01,3.032078221440315247e-02,6.360746920108795166e-02,-2.810569107532501221e-01,-2.883517742156982422e-01,-9.561095386743545532e-02,-7.319244742393493652e-02,-1.033064052462577820e-01,-2.689620293676853180e-02,5.258408561348915100e-02,8.329455554485321045e-02,-2.157530933618545532e-01,-2.334429025650024414e-01,-2.095843106508255005e-01,-3.039345443248748779e-01,-1.140720248222351074e-01,-9.642702341079711914e-02,-1.147228702902793884e-01,-8.417509496212005615e-02,-1.696715056896209717e-01,-1.005486026406288147e-01,-1.135017871856689453e-01,-2.365889400243759155e-02,-1.716601252555847168e-01,1.868412494659423828e-01,4.469150602817535400e-01,5.134199261665344238e-01,4.706766605377197266e-01,3.666838109493255615e-01,2.878400981426239014e-01,3.974502086639404297e-01,-1.356291919946670532e-01,4.145570397377014160e-01,-2.917748689651489258e-01,2.250999212265014648e-01,2.845690250396728516e-01,-4.952803626656532288e-02,3.586505353450775146e-01,1.239029616117477417e-01,3.826979175209999084e-02,1.230530589818954468e-01,-2.770197344943881035e-03,2.497029155492782593e-01,-2.279858477413654327e-02,1.262768357992172241e-01,-4.582960158586502075e-02,-1.224384382367134094e-01,-3.255761563777923584e-01,1.769492775201797485e-02,-1.778501421213150024e-01,1.681548357009887695e-01,-1.320589184761047363e-01,2.198670059442520142e-01,-2.486406117677688599e-01,1.847874373197555542e-01,-9.000954777002334595e-02,2.764577567577362061e-01,-2.380615919828414917e-01,2.267489731311798096e-01,3.092112243175506592e-01,2.932004034519195557e-01,4.250869154930114746e-01,2.499315142631530762e-01,-1.336096376180648804e-01,-8.123177289962768555e-02,-1.204854622483253479e-01,-3.310497105121612549e-02,1.188236922025680542e-01,5.927462875843048096e-02,2.029366791248321533e-01,1.958467066287994385e-01,1.470474898815155029e-01,1.575933843851089478e-01,1.279070135205984116e-02,1.119078099727630615e-01,-7.753954827785491943e-02,-1.927126646041870117e-01,9.776578284800052643e-03,-1.389734596014022827e-01,-3.706680145114660263e-03,9.368528425693511963e-02,8.210160583257675171e-02,2.013577520847320557e-01,6.141345202922821045e-02,2.596963942050933838e-02
4.537714719772338867e-01,-2.465940713882446289e-01,5.300939083099365234e-01,1.315722465515136719e-01,1.000000357627868652e+00,4.285842478275299072e-01,6.007435321807861328e-01,-8.980914950370788574e-02,7.956752181053161621e-01,3.237519562244415283e-01,6.294772028923034668e-01,5.893748253583908081e-02,6.962345242500305176e-01,2.221403270959854126e-02,7.482275962829589844e-01,2.204462736845016479e-01,5.148769617080688477e-01,-1.734790056943893433e-01,1.935594975948333740e-01,2.286744713783264160e-01,1.471422910690307617e-01,2.697220742702484131e-01,1.116713434457778931e-01,5.788333415985107422e-01,4.694561362266540527e-01,5.097954869270324707e-01,5.082554221153259277e-01,4.991805851459503174e-01,3.872824311256408691e-01,1.221286877989768982e-01,3.366091251373291016e-01,4.182073473930358887e-01,2.339013665914535522e-01,3.260301649570465088e-01,3.705327212810516357e-01,1.547120362520217896e-01,4.483578205108642578e-01,-5.721652507781982422e-02,3.322139084339141846e-01,-2.789252065122127533e-02,-1.306572407484054565e-01,1.134966984391212463e-01,3.285745680332183838e-01,4.099128022789955139e-02,1.833005398511886597e-01,-1.984138935804367065e-01,2.330692261457443237e-01,-1.282237917184829712e-01,-1.315181851387023926e-01,-2.698233425617218018e-01,-1.389517337083816528e-01,-2.999260723590850830e-01,-2.239145524799823761e-02,-2.261052131652832031e-01,3.947048783302307129e-01,-1.929950118064880371e-01,1.948061287403106689e-01,-3.281556069850921631e-01,-1.171365752816200256e-01,-5.292767882347106934e-01,1.227393522858619690e-01,-3.605416417121887207e-01,3.154349923133850098e-01,-3.319275975227355957e-01,2.139527648687362671e-01,-2.440083622932434082e-01,-1.136108562350273132e-01,-2.406936734914779663e-01,-2.044082581996917725e-01,-2.614631950855255127e-01,1.976203024387359619e-01,2.970622181892395020e-01,4.892164170742034912e-01,2.010251283645629883e-01,5.134724378585815430e-01,2.011291086673736572e-01,3.738773763179779053e-01,2.103108167648315430e-01,1.355610638856887817e-01,-7.493710517883300781e-02,2.772927284240722656e-01,-3.005909025669097900e-01,1.593392640352249146e-01,1.146059110760688782e-01,4.498931467533111572e-01,-3.908212184906005859e-01,1.754892915487289429e-01,1.694256514310836792e-01,4.313576519489288330e-01,-4.692788422107696533e-01,-1.440808083862066269e-02,1.548883877694606781e-02,2.853369712829589844e-01,1.572412699460983276e-01,-5.052046850323677063e-02,6.298527121543884277e-02,1.126876398921012878e-01,-6.954532861709594727e-02,1.034532710909843445e-01,2.274890616536140442e-02,1.512000709772109985e-01,3.013920187950134277e-01,-2.066883491352200508e-03,1.932228654623031616e-01,1.283803880214691162e-01,8.560205250978469849e-02,1.473632603883743286e-01,1.657943278551101685e-01,-1.344706565141677856e-01,2.495681401342153549e-03,1.378808319568634033e-01,1.271800398826599121e-01,2.180882841348648071e-01,3.281330168247222900e-01,2.026900053024291992e-01,1.094769984483718872e-01
1.138348206877708435e-01,1.247593481093645096e-02,2.331219613552093506e-01,3.918029665946960449e-01,4.285842478275299072e-01,1.000000119209289551e+00,2.040185779333114624e-01,4.890691339969635010e-01,2.507542073726654053e-01,8.539639115333557129e-01,1.708893626928329468e-01,4.399492144584655762e-01,1.853650361299514771e-01,6.873070597648620605e-01,2.612050771713256836e-01,8.215817213058471680e-01,1.171644702553749084e-01,1.611786149442195892e-02,1.157136410474777222e-01,4.456397518515586853e-02,2.204607278108596802e-01,5.509454011917114258e-01,2.386942952871322632e-01,4.022196233272552490e-01,5.316403508186340332e-01,7.779278159141540527e-01,5.908886194229125977e-01,7.875280976295471191e-01,1.321157366037368774e-01,5.414565801620483398e-01,4.840841293334960938e-01,6.088318228721618652e-01,-7.603474706411361694e-02,8.337185718119144440e-03,-1.563554108142852783e-01,-3.493307828903198242e-01,1.824582517147064209e-01,-3.117550611495971680e-01,1.346175223588943481e-01,5.104167386889457703e-02,1.462084650993347168e-01,3.141750395298004150e-01,-4.311371594667434692e-02,-1.311934143304824829e-01,-5.796530097723007202e-02,-1.516232788562774658e-01,-3.923651948571205139e-02,-1.265584677457809448e-01,-1.322834379971027374e-02,-5.557343736290931702e-02,-7.513779401779174805e-02,-2.233975194394588470e-02,-9.533990174531936646e-02,7.369274646043777466e-02,1.031612902879714966e-01,1.114822402596473694e-01,3.854427486658096313e-02,-5.184721574187278748e-02,-1.490562036633491516e-02,-1.268002092838287354e-01,4.326711222529411316e-02,-5.829909816384315491e-02,1.315400004386901855e-02,1.924090646207332611e-02,-1.280319970101118088e-02,-6.627906113862991333e-02,-6.568481028079986572e-02,-1.822818219661712646e-01,-1.620068103075027466e-01,-1.461048126220703125e-01,8.166067302227020264e-02,3.400533795356750488e-01,3.643551766872406006e-01,6.013528704643249512e-01,3.457823693752288818e-01,2.936163842678070068e-01,7.809213548898696899e-02,-1.274033486843109131e-01,-3.760611638426780701e-02,1.330069452524185181e-01,5.695246160030364990e-02,-8.016572147607803345e-02,6.361395120620727539e-02,5.524616837501525879e-01,3.883281350135803223e-02,-5.060255527496337891e-02,1.886228471994400024e-02,7.398236989974975586e-01,1.493338309228420258e-02,-7.586936652660369873e-02,-1.288756844587624073e-03,8.246526867151260376e-02,1.558991670608520508e-01,8.251060545444488525e-02,-1.155677139759063721e-01,-5.827263370156288147e-02,-5.777807161211967468e-02,-1.587620526552200317e-01,1.585283316671848297e-04,-2.726182341575622559e-02,-1.515464670956134796e-02,3.251768648624420166e-03,-1.449471861124038696e-01,-1.738222092390060425e-01,-1.143395453691482544e-01,-2.184175401926040649e-01,-4.008171334862709045e-02,-2.323232591152191162e-01,-7.831516861915588379e-02,-1.293341368436813354e-01,-6.564191728830337524e-02,3.147222101688385010e-02,6.972547620534896851e-02,4.545723646879196167e-02,-7.737417519092559814e-02,-7.221325300633907318e-03
6.978605985641479492e-01,-1.801325194537639618e-02,8.068528771400451660e-01,3.202300667762756348e-01,6.007435321807861328e-01,2.040185779333114624e-01,9.999998211860656738e-01,5.937783047556877136e-02,5.711627006530761719e-01,1.241590678691864014e-01,6.230845451354980469e-01,7.651288062334060669e-02,6.892355084419250488e-01,-4.486420378088951111e-02,5.220273733139038086e-01,4.311037808656692505e-02,4.192444980144500732e-01,-1.344299465417861938e-01,4.535794854164123535e-01,4.593932032585144043e-01,1.042813658714294434e-01,1.153372824192047119e-01,3.129783272743225098e-01,6.860424876213073730e-01,3.330549597740173340e-01,3.331526517868041992e-01,2.020447552204132080e-01,2.242862284183502197e-01,2.666091620922088623e-01,-3.320431336760520935e-02,3.666438162326812744e-01,4.107019305229187012e-01,3.838078677654266357e-01,4.839868247509002686e-01,3.125472664833068848e-01,1.464938670396804810e-01,3.206048905849456787e-01,-2.411240153014659882e-02,1.871667653322219849e-01,-7.608770579099655151e-02,-2.004471272230148315e-01,-5.041892454028129578e-02,2.834313809871673584e-01,-2.868058532476425171e-02,1.100265756249427795e-01,-2.970351278781890869e-01,2.149153202772140503e-01,-7.394137233495712280e-02,-1.301409900188446045e-01,-2.958194017410278320e-01,-1.552859544754028320e-01,-3.028990328311920166e-01,4.116890951991081238e-02,-1.562775373458862305e-01,3.042587935924530029e-01,-8.649991452693939209e-02,4.678692221641540527e-01,-9.145263582468032837e-02,1.295024007558822632e-01,-2.667782604694366455e-01,3.281495273113250732e-01,-1.544152200222015381e-01,3.505026698112487793e-01,-1.663842797279357910e-01,2.139894217252731323e-01,-1.016616299748420715e-01,1.388839185237884521e-01,-1.009842976927757263e-01,1.269363462924957275e-01,-5.469493567943572998e-02,2.665714323520660400e-01,2.990350723266601562e-01,3.591032028198242188e-01,6.814357638359069824e-02,3.619974553585052490e-01,7.382019609212875366e-02,3.674222826957702637e-01,2.657761871814727783e-01,2.872305177152156830e-02,-1.581546962261199951e-01,1.943930983543395996e-01,-2.470331490039825439e-01,2.168061211705207825e-02,-3.504014573991298676e-03,3.245341181755065918e-01,-3.151162862777709961e-01,4.651740565896034241e-02,4.906893521547317505e-02,3.736250996589660645e-01,-3.157159388065338135e-01,8.130037039518356323e-02,1.330796331167221069e-01,3.192439079284667969e-01,2.520388066768646240e-01,6.207289174199104309e-02,9.552641212940216064e-02,1.502603739500045776e-01,8.045573532581329346e-02,2.390748709440231323e-01,1.245382428169250488e-01,1.559964418411254883e-01,3.880695402622222900e-01,5.871050804853439331e-02,3.542671799659729004e-01,1.462259292602539062e-01,2.372557371854782104e-01,6.710863113403320312e-02,2.043107002973556519e-01,-7.452724874019622803e-02,8.442255109548568726e-02,1.996406912803649902e-01,2.493036985397338867e-01,2.681620419025421143e-01,3.918816149234771729e-01,3.142968714237213135e-01,1.293160468339920044e-01
1.215455010533332825e-01,5.434437394142150879e-01,1.774685382843017578e-01,7.311769723892211914e-01,-8.980914950370788574e-02,4.890691339969635010e-01,5.937783047556877136e-02,1.000000000000000000e+00,-1.885458678007125854e-01,5.083318352699279785e-01,-2.380924671888351440e-01,6.868075132369995117e-01,-2.587230801582336426e-01,7.261981964111328125e-01,-2.300007641315460205e-01,5.521175861358642578e-01,-2.725051343441009521e-01,2.967086136341094971e-01,3.746696412563323975e-01,1.805189102888107300e-01,8.261583745479583740e-02,2.528028190135955811e-01,5.101774334907531738e-01,1.701492369174957275e-01,2.682455480098724365e-01,3.262297809123992920e-01,2.032541632652282715e-01,3.565563857555389404e-01,-2.748678624629974365e-01,3.594585955142974854e-01,3.359272778034210205e-01,3.681201636791229248e-01,-6.949228048324584961e-02,-5.680966377258300781e-02,-4.030237793922424316e-01,-4.154521226882934570e-01,-1.757618039846420288e-01,-1.918436884880065918e-01,-1.506521701812744141e-01,1.508389785885810852e-02,2.040384858846664429e-01,1.888770014047622681e-01,-3.311322927474975586e-01,-2.337572276592254639e-01,-2.648885250091552734e-01,-1.529302895069122314e-01,-2.091807126998901367e-01,-8.529882878065109253e-02,1.442769169807434082e-02,4.461291804909706116e-02,-3.195822611451148987e-02,4.044116288423538208e-02,-7.653906941413879395e-02,1.188295334577560425e-01,-2.175129503011703491e-01,2.548379600048065186e-01,2.803596854209899902e-01,4.769495129585266113e-01,4.210450351238250732e-01,4.308478534221649170e-01,2.596010863780975342e-01,4.257496297359466553e-01,-1.339599788188934326e-01,4.649313092231750488e-01,-1.866542249917984009e-01,2.734492719173431396e-01,2.466152459383010864e-01,2.530466020107269287e-02,2.870435118675231934e-01,1.591752320528030396e-01,-9.081894904375076294e-02,7.152859121561050415e-02,5.083520896732807159e-03,4.102547764778137207e-01,-4.938341304659843445e-02,1.470717340707778931e-01,-1.681967079639434814e-01,-2.838211655616760254e-01,-3.123843669891357422e-01,1.315737813711166382e-01,-1.438834220170974731e-01,2.759150266647338867e-01,-8.584856986999511719e-02,3.886505365371704102e-01,-2.692965567111968994e-01,3.066317141056060791e-01,-7.767482101917266846e-02,4.902394413948059082e-01,-2.793407440185546875e-01,3.944127857685089111e-01,2.208093702793121338e-01,1.772072464227676392e-01,2.165162414312362671e-01,5.794147402048110962e-02,-1.609226912260055542e-01,-1.685798764228820801e-01,-2.238308936357498169e-01,-9.869606792926788330e-02,2.802935056388378143e-02,2.771927938738372177e-06,8.251329511404037476e-02,-3.813650831580162048e-02,5.864768102765083313e-02,-9.359464049339294434e-02,-1.147580146789550781e-01,-8.859743177890777588e-02,-1.851328611373901367e-01,-3.480989933013916016e-01,4.405025765299797058e-02,-2.167239338159561157e-01,-1.601673662662506104e-01,-3.256192803382873535e-02,-4.554653912782669067e-02,-1.841347292065620422e-02,-1.474356502294540405e-01,-9.220048040151596069e-02
4.443385303020477295e-01,-2.419815808534622192e-01,5.129710435867309570e-01,9.151513874530792236e-02,7.956752181053161621e-01,2.507542073726654053e-01,5.711627006530761719e-01,-1.885458678007125854e-01,1.000000000000000000e+00,1.468104720115661621e-01,5.588400363922119141e-01,-8.599297725595533848e-04,6.324388384819030762e-01,-1.309086829423904419e-01,6.956566572189331055e-01,4.001421108841896057e-02,4.573097229003906250e-01,-1.949322521686553955e-01,1.872127801179885864e-01,2.284635901451110840e-01,9.923292696475982666e-02,1.132094040513038635e-01,9.623569250106811523e-02,4.882597923278808594e-01,3.794660270214080811e-01,3.122206032276153564e-01,3.666188418865203857e-01,3.008842766284942627e-01,3.273227214813232422e-01,-1.097756717354059219e-02,2.133941054344177246e-01,2.589353919029235840e-01,2.422583103179931641e-01,2.851333618164062500e-01,3.342892527580261230e-01,1.666556000709533691e-01,3.866595327854156494e-01,1.218163687735795975e-02,2.986638247966766357e-01,-6.171210855245590210e-02,-1.990873664617538452e-01,3.718830272555351257e-02,3.096963167190551758e-01,3.925193846225738525e-02,1.274583339691162109e-01,-1.844213753938674927e-01,2.723318636417388916e-01,-1.161637082695960999e-01,-2.391858249902725220e-01,-3.499743342399597168e-01,-1.812062710523605347e-01,-3.898346126079559326e-01,1.241171173751354218e-02,-3.277444839477539062e-01,3.901464045047760010e-01,-2.334183603525161743e-01,2.078873515129089355e-01,-3.220974802970886230e-01,-1.320262402296066284e-01,-5.671551823616027832e-01,1.022593751549720764e-01,-3.932778537273406982e-01,3.339398801326751709e-01,-3.653520643711090088e-01,1.321916580200195312e-01,-3.304186761379241943e-01,-1.999957412481307983e-01,-2.794569432735443115e-01,-2.044299542903900146e-01,-2.705030441284179688e-01,1.585075706243515015e-01,1.786021888256072998e-01,3.454231321811676025e-01,1.789365708827972412e-02,3.912630379199981689e-01,1.334330737590789795e-01,3.207033276557922363e-01,2.057725638151168823e-01,1.216417700052261353e-01,-1.522554308176040649e-01,2.408068031072616577e-01,-3.367319703102111816e-01,1.182033196091651917e-01,-2.502588741481304169e-02,3.964310288429260254e-01,-4.461210072040557861e-01,1.983624845743179321e-01,-2.999005652964115143e-02,3.735754191875457764e-01,-4.978264272212982178e-01,1.035826653242111206e-01,-7.615948095917701721e-03,3.581270575523376465e-01,1.287299394607543945e-01,-3.001412004232406616e-02,6.923741102218627930e-02,1.449410617351531982e-01,-4.405986890196800232e-02,1.651047170162200928e-01,4.901386424899101257e-02,2.405136674642562866e-01,2.729288935661315918e-01,1.133800745010375977e-01,2.181388586759567261e-01,1.546434760093688965e-01,1.633111536502838135e-01,1.760736107826232910e-01,1.845767945051193237e-01,-1.224899813532829285e-01,6.680138758383691311e-04,1.661545783281326294e-01,1.456896662712097168e-01,2.499214112758636475e-01,3.516092896461486816e-01,2.599988877773284912e-01,1.326253861188888550e-01
5.670069158077239990e-02,2.479602210223674774e-02,1.562777161598205566e-01,3.654764294624328613e-01,3.237519562244415283e-01,8.539639115333557129e-01,1.241590678691864014e-01,5.083318352699279785e-01,1.468104720115661621e-01,1.000000238418579102e+00,9.647812694311141968e-02,4.404519796371459961e-01,1.068995445966720581e-01,7.147128582000732422e-01,1.828221380710601807e-01,8.403890132904052734e-01,7.434921711683273315e-02,3.674816712737083435e-02,7.302162051200866699e-02,2.653031144291162491e-03,2.099697589874267578e-01,5.446650385856628418e-01,1.976653784513473511e-01,3.368353545665740967e-01,4.763853549957275391e-01,7.577037215232849121e-01,5.546382069587707520e-01,7.642019391059875488e-01,1.017653569579124451e-01,5.571695566177368164e-01,4.563068449497222900e-01,5.853826999664306641e-01,-1.355718523263931274e-01,-6.498692929744720459e-02,-2.185984104871749878e-01,-3.924313783645629883e-01,1.351332813501358032e-01,-3.348550796508789062e-01,1.048777997493743896e-01,6.328637152910232544e-02,1.659575700759887695e-01,3.083200752735137939e-01,-8.676701784133911133e-02,-1.339983344078063965e-01,-7.980690896511077881e-02,-1.309210509061813354e-01,-5.846470594406127930e-02,-1.052769348025321960e-01,1.110963895916938782e-02,-3.182882443070411682e-02,-5.537255853414535522e-02,1.744791679084300995e-02,-8.349931240081787109e-02,1.148841902613639832e-01,7.319981604814529419e-02,1.421155184507369995e-01,1.093475427478551865e-02,-2.744738943874835968e-02,-1.150031480938196182e-02,-7.733631134033203125e-02,2.289583347737789154e-02,-2.964923344552516937e-02,-1.863091997802257538e-02,4.815109446644783020e-02,-3.141251951456069946e-02,-4.768812283873558044e-02,-6.121843308210372925e-02,-1.697905361652374268e-01,-1.459784060716629028e-01,-1.169568225741386414e-01,2.991014719009399414e-02,2.937213480472564697e-01,3.235271275043487549e-01,6.079683899879455566e-01,3.064737021923065186e-01,2.741733789443969727e-01,3.372735530138015747e-02,-1.734582483768463135e-01,-4.232669994235038757e-02,1.554403752088546753e-01,4.212363809347152710e-02,-4.108189791440963745e-02,7.470580935478210449e-02,5.702097415924072266e-01,-3.134759841486811638e-03,2.323768567293882370e-03,2.445505000650882721e-02,7.687018513679504395e-01,-2.816616557538509369e-02,-2.125304751098155975e-02,6.863052025437355042e-03,8.107336610555648804e-02,1.224268525838851929e-01,5.794998630881309509e-02,-1.097577661275863647e-01,-7.484009861946105957e-02,-7.576835155487060547e-02,-1.593321412801742554e-01,-5.002558231353759766e-03,-1.949016936123371124e-02,-3.478538244962692261e-02,-4.449776187539100647e-02,-1.507753133773803711e-01,-2.090912461280822754e-01,-1.436704695224761963e-01,-2.403211146593093872e-01,-5.708219856023788452e-02,-2.631150782108306885e-01,-6.510492414236068726e-02,-1.424808353185653687e-01,-1.011535897850990295e-01,8.642338216304779053e-03,4.249498993158340454e-02,4.998994525521993637e-03,-1.012912169098854065e-01,-3.353230655193328857e-03
4.743184745311737061e-01,-4.077402055263519287e-01,5.046329498291015625e-01,-8.638615161180496216e-02,6.294772028923034668e-01,1.708893626928329468e-01,6.230845451354980469e-01,-2.380924671888351440e-01,5.588400363922119141e-01,9.647812694311141968e-02,1.000000000000000000e+00,-5.669972300529479980e-02,7.983995676040649414e-01,-1.088425964117050171e-01,6.512824296951293945e-01,1.228346582502126694e-02,5.866898298263549805e-01,-2.734312713146209717e-01,8.955914527177810669e-02,2.154304981231689453e-01,7.127211987972259521e-02,1.340374499559402466e-01,2.130596339702606201e-02,5.674635171890258789e-01,2.904436886310577393e-01,3.736841082572937012e-01,2.303996533155441284e-01,2.082482129335403442e-01,4.367748796939849854e-01,-4.165445640683174133e-02,2.832044363021850586e-01,3.686559796333312988e-01,3.445266485214233398e-01,4.622616171836853027e-01,4.106664359569549561e-01,2.361464947462081909e-01,3.571802973747253418e-01,-1.015450209379196167e-01,2.402661591768264771e-01,-1.223905161023139954e-01,-2.302918881177902222e-01,-1.088203582912683487e-02,3.719089329242706299e-01,3.006327152252197266e-02,2.077294588088989258e-01,-1.213130876421928406e-01,1.650230735540390015e-01,-1.429783999919891357e-01,1.673223450779914856e-02,-2.074401825666427612e-01,-2.498193643987178802e-02,-2.011932134628295898e-01,7.299347966909408569e-02,-1.432670652866363525e-01,4.225617051124572754e-01,-2.641485929489135742e-01,1.739792674779891968e-01,-4.592820405960083008e-01,-8.891665190458297729e-02,-4.826983809471130371e-01,2.336296141147613525e-01,-3.906193971633911133e-01,5.274631381034851074e-01,-4.194097816944122314e-01,4.603404998779296875e-01,-2.217216640710830688e-01,-1.652734237723052502e-03,-4.091772064566612244e-02,-1.747468858957290649e-01,-2.359088659286499023e-01,2.370499670505523682e-01,2.888995707035064697e-01,4.923591613769531250e-01,7.356099039316177368e-02,4.249529838562011719e-01,1.587255299091339111e-01,3.426188528537750244e-01,2.124821990728378296e-01,1.780933737754821777e-01,-1.302103102207183838e-01,2.805653810501098633e-01,-3.820219635963439941e-01,7.397329062223434448e-02,-4.696748778223991394e-02,5.293612480163574219e-01,-4.397634267807006836e-01,1.038975566625595093e-01,5.368244275450706482e-02,5.803794860839843750e-01,-4.636496007442474365e-01,-1.185989975929260254e-01,-4.353062435984611511e-02,5.802059546113014221e-02,9.175127744674682617e-02,-8.537983521819114685e-03,-2.385544776916503906e-02,6.571828573942184448e-02,-9.040461480617523193e-02,5.481678992509841919e-02,-3.520416840910911560e-02,4.839759320020675659e-03,2.431797683238983154e-01,-1.291181296110153198e-01,1.077137812972068787e-01,2.693655528128147125e-02,-2.024961262941360474e-02,3.888476639986038208e-02,1.887450367212295532e-01,-1.027531251311302185e-01,2.282080613076686859e-02,5.197454988956451416e-02,7.783133536577224731e-02,1.504075527191162109e-01,1.718067824840545654e-01,1.428295969963073730e-01,9.847013652324676514e-02
2.117139101028442383e-01,3.923546075820922852e-01,1.381060481071472168e-01,5.402312874794006348e-01,5.893748253583908081e-02,4.399492144584655762e-01,7.651288062334060669e-02,6.868075132369995117e-01,-8.599297725595533848e-04,4.404519796371459961e-01,-5.669972300529479980e-02,1.000000000000000000e+00,-9.815245121717453003e-02,6.921734809875488281e-01,-1.960999891161918640e-02,4.829502701759338379e-01,2.273361943662166595e-02,4.760720729827880859e-01,2.728084623813629150e-01,1.691711843013763428e-01,1.026839911937713623e-01,2.573141455650329590e-01,4.377386868000030518e-01,1.556112915277481079e-01,3.170380294322967529e-01,3.147582709789276123e-01,2.549506127834320068e-01,3.430845141410827637e-01,-7.968446612358093262e-02,4.377408921718597412e-01,3.558200895786285400e-01,3.736372590065002441e-01,1.616990268230438232e-01,1.128408610820770264e-01,-2.188977748155593872e-01,-2.793369889259338379e-01,-1.411416451446712017e-03,-6.106860563158988953e-02,-4.676257073879241943e-02,1.042586714029312134e-01,1.566249877214431763e-01,2.544278800487518311e-01,-2.583210170269012451e-01,-1.398991644382476807e-01,-2.420638650655746460e-01,-5.010031536221504211e-02,-9.539570659399032593e-02,-3.876036033034324646e-02,2.852319926023483276e-02,-1.330024562776088715e-02,4.234293475747108459e-02,-4.130484070628881454e-03,5.564427003264427185e-02,5.097417160868644714e-02,1.714161783456802368e-02,2.007387280464172363e-01,3.278810977935791016e-01,3.126195371150970459e-01,3.636085391044616699e-01,2.159894257783889771e-01,3.898190855979919434e-01,2.863706946372985840e-01,1.554431617259979248e-01,4.055367112159729004e-01,-1.226967852562665939e-02,1.870506852865219116e-01,2.197454869747161865e-01,8.253580331802368164e-02,2.088943570852279663e-01,1.286495923995971680e-01,-1.114128679037094116e-01,7.571183145046234131e-02,1.636791229248046875e-01,4.826053082942962646e-01,1.001453250646591187e-01,1.769997775554656982e-01,-7.963598519563674927e-02,-1.940370053052902222e-01,-1.029746532440185547e-01,2.654969692230224609e-01,9.708138555288314819e-02,3.301709592342376709e-01,1.299931202083826065e-02,3.495685458183288574e-01,-4.937732964754104614e-02,2.623928487300872803e-01,7.088306546211242676e-02,4.205543398857116699e-01,-1.091114357113838196e-01,3.353570103645324707e-01,2.693834304809570312e-01,4.190723970532417297e-02,2.183473259210586548e-01,-7.523421198129653931e-02,-1.125622689723968506e-01,-1.867231130599975586e-01,-1.962108016014099121e-01,-1.147189289331436157e-01,5.621489882469177246e-02,-1.466601155698299408e-02,1.395965963602066040e-01,-1.584350913763046265e-01,1.047601848840713501e-01,-1.936112642288208008e-01,-7.024855166673660278e-02,-1.032963246107101440e-01,-2.129805684089660645e-01,-3.880265057086944580e-01,3.934090584516525269e-02,-2.096727639436721802e-01,-1.748055368661880493e-01,-6.645609438419342041e-02,-2.692755125463008881e-02,-5.816149525344371796e-03,-2.222779989242553711e-01,-9.160237759351730347e-02
5.005593299865722656e-01,-3.966961801052093506e-01,5.392199158668518066e-01,-7.635200023651123047e-02,6.962345242500305176e-01,1.853650361299514771e-01,6.892355084419250488e-01,-2.587230801582336426e-01,6.324388384819030762e-01,1.068995445966720581e-01,7.983995676040649414e-01,-9.815245121717453003e-02,1.000000238418579102e+00,-1.604413837194442749e-01,6.993973255157470703e-01,5.750513635575771332e-03,6.037704348564147949e-01,-2.638640999794006348e-01,7.862243056297302246e-02,2.222938388586044312e-01,8.940311521291732788e-02,1.393301486968994141e-01,-2.528068982064723969e-02,5.926877260208129883e-01,2.790784537792205811e-01,3.970260918140411377e-01,2.380579113960266113e-01,2.399925440549850464e-01,4.417940378189086914e-01,-5.852382630109786987e-02,2.931090593338012695e-01,4.041832387447357178e-01,3.455240726470947266e-01,4.602917134761810303e-01,4.656435251235961914e-01,2.722561359405517578e-01,4.271225333213806152e-01,-9.789540618658065796e-02,2.524476945400238037e-01,-1.027716770768165588e-01,-2.112331539392471313e-01,-8.642231114208698273e-03,4.464589059352874756e-01,8.196438103914260864e-02,2.966412901878356934e-01,-1.471097171306610107e-01,2.404159754514694214e-01,-9.967953711748123169e-02,2.762037515640258789e-02,-2.038662135601043701e-01,1.871276414021849632e-03,-1.965556591749191284e-01,9.248218685388565063e-02,-1.108336150646209717e-01,4.578631818294525146e-01,-2.231773585081100464e-01,1.960171163082122803e-01,-4.442486464977264404e-01,-1.104624196887016296e-01,-5.348468422889709473e-01,2.236673533916473389e-01,-3.972179293632507324e-01,4.908308386802673340e-01,-4.017456471920013428e-01,4.410575330257415771e-01,-2.172442823648452759e-01,-4.176695365458726883e-03,-9.507261216640472412e-02,-1.614404022693634033e-01,-2.127997577190399170e-01,2.054831832647323608e-01,2.644478380680084229e-01,4.992907047271728516e-01,7.081589102745056152e-02,4.574983417987823486e-01,1.505528092384338379e-01,3.525809943675994873e-01,2.240319699048995972e-01,2.030636519193649292e-01,-1.571684032678604126e-01,3.292203247547149658e-01,-3.471029996871948242e-01,7.707224041223526001e-02,-1.067628897726535797e-02,5.774828195571899414e-01,-4.176742732524871826e-01,7.217843830585479736e-02,5.190115422010421753e-02,6.011974811553955078e-01,-4.721514582633972168e-01,-1.332055628299713135e-01,-1.217328477650880814e-02,7.957727462053298950e-02,1.175485849380493164e-01,-8.556607179343700409e-03,-8.897749357856810093e-04,7.298498600721359253e-02,-5.789340659976005554e-02,1.181724593043327332e-01,1.930550113320350647e-02,-1.039393059909343719e-02,2.822987437248229980e-01,-1.313184052705764771e-01,1.688312590122222900e-01,9.759779274463653564e-02,3.978440165519714355e-02,7.492966949939727783e-02,2.106101214885711670e-01,-1.116127446293830872e-01,1.541953254491090775e-02,8.609285205602645874e-02,1.168847158551216125e-01,1.989562660455703735e-01,2.758012115955352783e-01,1.923182010650634766e-01,1.108571439981460571e-01
