1.000000119209289551e+00,6.459255218505859375e-01,3.029855191707611084e-01,3.478590846061706543e-01,5.525043979287147522e-02,3.071704693138599396e-02,2.800763547420501709e-01,2.352739721536636353e-01,1.333283446729183197e-02,1.021760404109954834e-01,5.467435717582702637e-01,3.038368225097656250e-01,2.909807264804840088e-01,2.417872697114944458e-01,1.481479313224554062e-02,5.697151646018028259e-02,5.645698308944702148e-01,3.374109864234924316e-01,2.305813282728195190e-01,3.243452310562133789e-01,1.460774838924407959e-01,1.489697545766830444e-01,1.336972266435623169e-01,1.900029480457305908e-01,8.357644081115722656e-02,1.721821725368499756e-01,2.087174728512763977e-02,5.066226795315742493e-02,4.100010395050048828e-01,1.606031805276870728e-01,-1.663568988442420959e-02,-2.620472945272922516e-02,5.141915678977966309e-01,4.280545115470886230e-01,2.714864015579223633e-01,2.188327908515930176e-01,2.174036800861358643e-01,9.433368593454360962e-02,1.263534128665924072e-01,7.769461721181869507e-02,1.860466301441192627e-01,1.943439245223999023e-01,3.187580108642578125e-01,2.738394439220428467e-01,2.330797910690307617e-01,2.718531787395477295e-01,3.172544538974761963e-01,1.346250325441360474e-01,3.182236552238464355e-01,2.558129727840423584e-01,4.831284880638122559e-01,3.412117660045623779e-01,4.757534563541412354e-01,2.507378160953521729e-01,2.532211840152740479e-01,1.241971552371978760e-01,7.464916110038757324e-01,5.485693812370300293e-01,4.441139101982116699e-01,2.937801778316497803e-01,5.236278772354125977e-01,2.391978800296783447e-01,3.017086982727050781e-01,2.811543047428131104e-01,4.695280194282531738e-01,1.905870139598846436e-01,4.377098679542541504e-01,3.737711012363433838e-01,5.947964787483215332e-01,3.703939616680145264e-01,1.393177658319473267e-01,9.980287402868270874e-02,2.779510021209716797e-01,2.455843389034271240e-01,2.747990190982818604e-01,1.735841333866119385e-01,3.510937988758087158e-01,2.969399988651275635e-01,2.963974177837371826e-01,1.868395507335662842e-01,4.049704670906066895e-01,1.344689279794692993e-01,3.782729208469390869e-01,2.349879145622253418e-01,4.451992511749267578e-01,1.736599504947662354e-01,2.154841721057891846e-01,2.649639733135700226e-02,2.585133314132690430e-01,3.376169875264167786e-02,3.938502669334411621e-01,2.756896018981933594e-01,2.287070602178573608e-01,2.746950089931488037e-01,1.806232780218124390e-01,2.962777614593505859e-01,2.076691985130310059e-01,3.368670940399169922e-01,4.188652038574218750e-01,3.659908175468444824e-01,2.324971258640289307e-01,1.904412955045700073e-01,1.876153498888015747e-01,2.062306553125381470e-01,1.524153649806976318e-01,2.410905659198760986e-01,3.208574354648590088e-01,2.729941308498382568e-01,1.036852225661277771e-01,-1.288572419434785843e-02,-5.310182645916938782e-02,3.438182473182678223e-01,3.282434046268463135e-01,2.308469414710998535e-01,6.523609161376953125e-02,5.180063098669052124e-02
6.459255218505859375e-01,1.000000357627868652e+00,1.781254410743713379e-01,3.112576603889465332e-01,4.940189421176910400e-02,4.893036931753158569e-02,1.116599515080451965e-01,2.922060489654541016e-01,1.225281972438097000e-02,1.510066390037536621e-01,3.649443089962005615e-01,4.041506052017211914e-01,2.216757237911224365e-01,3.841887116432189941e-01,4.085650295019149780e-02,1.600516587495803833e-01,4.528496265411376953e-01,4.887042641639709473e-01,1.560830920934677124e-01,3.405621051788330078e-01,2.117309868335723877e-01,2.422345727682113647e-01,3.284970298409461975e-02,1.355907917022705078e-01,9.269545227289199829e-02,1.539609432220458984e-01,1.167626231908798218e-01,1.657113581895828247e-01,2.954709827899932861e-01,2.780143916606903076e-01,-3.155764937400817871e-02,-6.737446784973144531e-02,5.058646798133850098e-01,5.352652668952941895e-01,2.653435170650482178e-01,1.764536350965499878e-01,2.184752821922302246e-01,1.869451403617858887e-01,1.397214680910110474e-01,1.282750070095062256e-01,1.734787970781326294e-01,2.489219605922698975e-01,3.741034865379333496e-01,4.010857343673706055e-01,2.605648040771484375e-01,3.601836562156677246e-01,2.820106148719787598e-01,2.555299103260040283e-01,3.359774351119995117e-01,3.751310706138610840e-01,4.541979432106018066e-01,4.971829056739807129e-01,3.759090602397918701e-01,3.247498869895935059e-01,2.015660554170608521e-01,1.636137068271636963e-01,5.937352776527404785e-01,7.167989015579223633e-01,4.144950211048126221e-01,3.733109533786773682e-01,4.333577156066894531e-01,3.631936907768249512e-01,1.822361350059509277e-01,3.767570555210113525e-01,4.410685896873474121e-01,2.527322769165039062e-01,4.236325323581695557e-01,4.443367421627044678e-01,5.429217219352722168e-01,4.804165959358215332e-01,6.262255460023880005e-02,2.297533210366964340e-03,2.204315364360809326e-01,2.426384538412094116e-01,1.479521095752716064e-01,1.701744198799133301e-01,2.893290817737579346e-01,3.134883940219879150e-01,2.532292008399963379e-01,2.608124613761901855e-01,3.406607806682586670e-01,3.168346881866455078e-01,2.798006832599639893e-01,4.411970674991607666e-01,3.499664962291717529e-01,3.666744828224182129e-01,1.443379074335098267e-01,1.878164857625961304e-01,2.116397619247436523e-01,2.629805803298950195e-01,2.198140770196914673e-01,3.260146677494049072e-01,9.459847211837768555e-02,3.535939455032348633e-01,1.601972281932830811e-01,2.253446727991104126e-01,1.683735698461532593e-01,2.852341234683990479e-01,2.807191908359527588e-01,3.130503892898559570e-01,1.119734197854995728e-01,4.186825454235076904e-01,1.564945727586746216e-01,3.000289797782897949e-01,1.579877287149429321e-01,2.099254429340362549e-01,2.848317623138427734e-01,3.663768172264099121e-01,1.188274696469306946e-01,-5.742700770497322083e-02,8.547374047338962555e-03,2.662247717380523682e-01,3.680258393287658691e-01,2.623058855533599854e-01,5.918968096375465393e-02,7.636808604001998901e-02
3.029855191707611084e-01,1.781254410743713379e-01,1.000000357627868652e+00,7.366744875907897949e-01,1.171658374369144440e-02,-2.511874027550220490e-02,7.339721322059631348e-01,4.891241490840911865e-01,1.663420796394348145e-01,-1.005000714212656021e-02,5.069710016250610352e-01,2.863055169582366943e-01,3.905372023582458496e-01,2.645137608051300049e-01,-1.531593501567840576e-01,-7.123148441314697266e-02,2.746619284152984619e-01,2.493109405040740967e-01,4.771274626255035400e-01,4.650273919105529785e-01,2.951546385884284973e-02,-2.877743169665336609e-02,6.197640895843505859e-01,6.957310438156127930e-01,2.469411492347717285e-01,2.949865460395812988e-01,-5.915452912449836731e-02,-5.892598628997802734e-02,3.379901945590972900e-01,1.907543987035751343e-01,3.912876546382904053e-01,4.492327272891998291e-01,2.783212959766387939e-01,2.399407029151916504e-01,6.039718165993690491e-02,-1.846621744334697723e-02,7.194989174604415894e-02,-4.174940660595893860e-02,-6.135767325758934021e-02,7.685322314500808716e-02,1.111633777618408203e-01,8.581771701574325562e-02,1.424824353307485580e-02,-3.824203461408615112e-02,3.940075635910034180e-02,-3.877749666571617126e-02,-5.504259839653968811e-03,-1.325832307338714600e-01,2.187033370137214661e-02,1.958863809704780579e-02,1.164377480745315552e-01,1.447724997997283936e-01,1.187582910060882568e-01,9.770992398262023926e-02,8.502130955457687378e-02,-3.896784409880638123e-02,1.007736027240753174e-01,1.317106932401657104e-01,1.042127907276153564e-01,5.854329466819763184e-02,-4.019017517566680908e-02,-9.518673643469810486e-03,8.143541961908340454e-02,8.174365758895874023e-02,3.851040825247764587e-02,2.729387767612934113e-02,4.403370991349220276e-02,-1.199965327978134155e-01,6.321880500763654709e-03,8.654340356588363647e-02,3.030021786689758301e-01,3.174110054969787598e-01,2.599254548549652100e-01,2.542778849601745605e-01,1.727788597345352173e-01,6.574510037899017334e-02,2.081998884677886963e-01,7.593426853418350220e-02,1.314029842615127563e-01,2.050837129354476929e-01,1.410336643457412720e-01,1.993733793497085571e-01,1.590427756309509277e-01,-4.245394095778465271e-02,1.739868819713592529e-01,1.831607669591903687e-01,3.219692111015319824e-01,-3.091651387512683868e-02,5.064480751752853394e-02,-3.688440471887588501e-02,1.811843216419219971e-01,1.572966724634170532e-01,1.397762745618820190e-01,7.772725820541381836e-02,1.166743859648704529e-01,1.350131928920745850e-01,6.761385500431060791e-02,1.557130664587020874e-01,1.479761004447937012e-01,1.481418013572692871e-01,2.031744271516799927e-01,-5.161291919648647308e-03,9.766484051942825317e-02,1.537405699491500854e-01,1.897364971227943897e-03,1.833908408880233765e-01,4.475972056388854980e-02,1.190911326557397842e-02,-2.138146758079528809e-02,7.768605649471282959e-02,-1.133746579289436340e-01,7.403607666492462158e-02,-1.576514914631843567e-02,1.015354022383689880e-01,7.920659333467483521e-02,9.954988211393356323e-02
3.478590846061706543e-01,3.112576603889465332e-01,7.366744875907897949e-01,1.000000119209289551e+00,3.402661532163619995e-02,3.532123193144798279e-02,6.710279583930969238e-01,7.204684019088745117e-01,1.402567327022552490e-01,2.256666123867034912e-01,4.809634983539581299e-01,4.615257680416107178e-01,2.973477840423583984e-01,4.551146030426025391e-01,-5.306603759527206421e-02,1.091091036796569824e-01,2.812146246433258057e-01,3.763130605220794678e-01,5.279201865196228027e-01,6.060480475425720215e-01,1.234683021903038025e-01,1.276381313800811768e-01,4.653243422508239746e-01,7.459554672241210938e-01,1.572766751050949097e-01,2.848451733589172363e-01,5.780570581555366516e-02,-9.196831379085779190e-04,2.887677848339080811e-01,3.445463180541992188e-01,3.755133748054504395e-01,4.483731687068939209e-01,3.559327423572540283e-01,3.729069232940673828e-01,2.390404418110847473e-02,-7.074433565139770508e-02,1.220576837658882141e-01,9.867761284112930298e-02,4.785727709531784058e-02,2.098966687917709351e-01,1.206805706024169922e-01,1.875738054513931274e-01,8.980423957109451294e-02,4.094399884343147278e-02,9.603835642337799072e-02,5.266073346138000488e-02,-3.808464109897613525e-02,-1.278586834669113159e-01,1.072294265031814575e-01,4.499288648366928101e-02,1.729610264301300049e-01,1.992169618606567383e-01,8.627169579267501831e-02,9.864320605993270874e-02,1.025489121675491333e-01,6.019393354654312134e-02,2.091597914695739746e-01,2.856748402118682861e-01,1.563171744346618652e-01,1.373434662818908691e-01,-5.581518635153770447e-03,2.812678925693035126e-02,1.177552491426467896e-01,1.839886009693145752e-01,7.918781787157058716e-02,4.623128473758697510e-02,1.080365106463432312e-01,-1.765135861933231354e-02,1.314593255519866943e-01,1.858900487422943115e-01,1.764149665832519531e-01,2.155329883098602295e-01,1.766219288110733032e-01,2.909975945949554443e-01,6.868433207273483276e-02,5.952519923448562622e-02,1.066967546939849854e-01,8.182536065578460693e-02,1.709098964929580688e-01,2.444772124290466309e-01,1.891942322254180908e-01,3.480508923530578613e-01,1.977500766515731812e-01,1.045393645763397217e-01,2.167168110609054565e-01,3.146690726280212402e-01,2.537653148174285889e-01,1.586358249187469482e-01,1.128371357917785645e-01,1.260154098272323608e-01,8.877483010292053223e-02,1.400668919086456299e-01,3.578038513660430908e-02,1.230780407786369324e-01,7.464069128036499023e-02,7.781155407428741455e-02,4.047013819217681885e-02,1.037088483572006226e-01,9.071960300207138062e-02,1.182940155267715454e-01,1.014969646930694580e-01,8.065494894981384277e-02,1.118907108902931213e-01,1.822791099548339844e-01,2.222884818911552429e-02,1.613883078098297119e-01,1.278773993253707886e-01,1.191377863287925720e-01,-3.296662867069244385e-02,-2.264900878071784973e-02,-1.687474995851516724e-01,5.640103947371244431e-03,-6.092121452093124390e-02,4.103513062000274658e-02,8.845619857311248779e-03,1.149277463555335999e-01
5.525043979287147522e-02,4.940189421176910400e-02,1.171658374369144440e-02,3.402661532163619995e-02,1.000000000000000000e+00,6.371227502822875977e-01,4.856705665588378906e-02,1.042249351739883423e-01,4.265084266662597656e-01,3.107584416866302490e-01,1.321642398834228516e-01,1.596537679433822632e-01,2.712789177894592285e-01,2.037816643714904785e-01,4.671077430248260498e-01,3.620121181011199951e-01,1.792001873254776001e-01,1.204805150628089905e-01,-6.018438562750816345e-02,-9.877894073724746704e-02,2.386256605386734009e-01,3.231477439403533936e-01,1.372029632329940796e-01,1.540105789899826050e-01,3.469291031360626221e-01,4.245071411132812500e-01,4.670716226100921631e-01,6.183539628982543945e-01,2.229735255241394043e-01,2.162903994321823120e-01,3.227000236511230469e-01,2.221086770296096802e-01,5.708184093236923218e-02,1.000577583909034729e-01,9.191605448722839355e-02,-7.042549550533294678e-02,2.799816131591796875e-01,1.604995131492614746e-01,2.316701114177703857e-01,1.573464274406433105e-01,2.411121428012847900e-01,2.967607080936431885e-01,2.546189427375793457e-01,2.398534566164016724e-01,2.740727961063385010e-01,2.672268450260162354e-01,7.648050040006637573e-02,2.646474726498126984e-02,2.129435837268829346e-01,1.689290553331375122e-01,1.313497871160507202e-01,1.163799390196800232e-01,9.703292511403560638e-03,3.204125910997390747e-02,1.802196502685546875e-01,1.235505118966102600e-01,1.080404892563819885e-01,6.485963612794876099e-02,7.582336664199829102e-02,1.426382809877395630e-01,6.192205473780632019e-02,9.144840389490127563e-02,3.601586446166038513e-02,9.300320595502853394e-02,1.426011472940444946e-01,1.665792614221572876e-01,1.859948784112930298e-01,1.643623709678649902e-01,3.051081299781799316e-02,-7.913136482238769531e-02,1.202094778418540955e-01,1.105674132704734802e-01,1.429755985736846924e-01,2.808107733726501465e-01,-2.594063244760036469e-02,1.139537170529365540e-01,1.633910685777664185e-01,2.224850207567214966e-01,1.871186494827270508e-01,1.171055138111114502e-01,1.782844811677932739e-01,1.313503831624984741e-01,1.536892354488372803e-01,1.135294958949089050e-01,1.781909465789794922e-01,6.838149577379226685e-02,4.511467739939689636e-02,2.459536492824554443e-02,2.622008025646209717e-01,1.156855598092079163e-01,-1.084721535444259644e-01,-8.001476526260375977e-02,-1.572950333356857300e-01,-2.326179668307304382e-02,2.229956090450286865e-01,8.874930441379547119e-02,1.869661211967468262e-01,9.376437962055206299e-02,-2.847582660615444183e-02,-6.464051455259323120e-02,-9.121944010257720947e-02,5.342784151434898376e-02,-1.032454892992973328e-01,-1.281989272683858871e-03,5.836865678429603577e-02,3.069302998483181000e-02,1.058689728379249573e-01,8.544199913740158081e-02,9.907176345586776733e-02,1.246299371123313904e-01,1.294463574886322021e-01,5.746234208345413208e-03,3.826542198657989502e-02,8.103919774293899536e-02,1.438186019659042358e-01,1.786660552024841309e-01
3.071704693138599396e-02,4.893036931753158569e-02,-2.511874027550220490e-02,3.532123193144798279e-02,6.371227502822875977e-01,1.000000476837158203e+00,1.875397749245166779e-02,1.039543747901916504e-01,3.278620839118957520e-01,3.695749044418334961e-01,1.200572699308395386e-01,1.914958059787750244e-01,1.897877007722854614e-01,1.617917418479919434e-01,4.438922107219696045e-01,3.941605091094970703e-01,1.531242281198501587e-01,1.353357881307601929e-01,-2.148077636957168579e-02,-7.080517709255218506e-02,1.774490624666213989e-01,2.696334421634674072e-01,4.344829916954040527e-02,6.469933688640594482e-02,2.277841866016387939e-01,2.876214683055877686e-01,3.060906529426574707e-01,5.814856886863708496e-01,1.040007546544075012e-01,2.420625388622283936e-01,2.705702483654022217e-01,1.207949146628379822e-01,-1.761221326887607574e-02,-1.090672891587018967e-02,-4.960128664970397949e-02,-1.474288702011108398e-01,1.342978477478027344e-01,1.497914195060729980e-01,9.617322683334350586e-02,1.350652575492858887e-01,8.783815801143646240e-02,1.749424934387207031e-01,1.220689266920089722e-01,4.663080722093582153e-02,1.743172854185104370e-01,1.105762869119644165e-01,-1.576952636241912842e-02,-1.076513230800628662e-01,1.514343470335006714e-01,6.755893677473068237e-02,1.079452112317085266e-01,3.081903979182243347e-02,9.999074041843414307e-03,-2.883772924542427063e-02,1.293570995330810547e-01,1.444303095340728760e-01,1.067592427134513855e-01,7.929778844118118286e-02,1.728461310267448425e-02,8.116521686315536499e-02,1.422813255339860916e-02,2.515893615782260895e-02,4.406905174255371094e-02,1.332225501537322998e-01,2.799227833747863770e-02,7.682767510414123535e-02,7.922854274511337280e-02,4.405489563941955566e-02,5.348626896739006042e-02,-3.028072230517864227e-02,9.712950140237808228e-02,5.972499772906303406e-02,1.077809184789657593e-01,1.929577440023422241e-01,-9.679161757230758667e-02,4.223366454243659973e-02,9.325142204761505127e-02,1.314083635807037354e-01,1.843204200267791748e-01,1.296372413635253906e-01,1.485215872526168823e-01,1.778045147657394409e-01,3.993795812129974365e-02,8.240665495395660400e-02,1.291581839323043823e-01,9.878589212894439697e-02,-8.448027819395065308e-02,5.095998197793960571e-02,1.905094683170318604e-01,1.803792119026184082e-01,-1.041840482503175735e-02,-5.465526506304740906e-02,-3.596743568778038025e-02,-2.676032949239015579e-03,7.894509285688400269e-02,-4.738044738769531250e-02,1.833089999854564667e-02,-1.372850593179464340e-02,-1.396400015801191330e-02,-4.863212257623672485e-02,3.157368674874305725e-02,8.816596120595932007e-02,4.710832610726356506e-02,5.439209565520286560e-02,8.573150634765625000e-02,4.733698442578315735e-02,2.035535275936126709e-01,1.191560328006744385e-01,-1.090546417981386185e-02,6.647654809057712555e-03,4.511316120624542236e-02,-6.756279617547988892e-02,-1.691944524645805359e-02,1.253410801291465759e-02,1.693484038114547729e-01,1.694951802492141724e-01
2.800763547420501709e-01,1.116599515080451965e-01,7.339721322059631348e-01,6.710279583930969238e-01,4.856705665588378906e-02,1.875397749245166779e-02,9.999997615814208984e-01,6.071940660476684570e-01,2.848532795906066895e-01,1.449953615665435791e-01,5.634863376617431641e-01,3.779331445693969727e-01,4.890950024127960205e-01,3.847050964832305908e-01,2.826829627156257629e-02,2.911844104528427124e-02,3.671203553676605225e-01,3.597827553749084473e-01,2.852632701396942139e-01,3.654866516590118408e-01,1.269987821578979492e-01,1.030474230647087097e-01,4.692682027816772461e-01,5.961078405380249023e-01,2.254768460988998413e-01,2.411647439002990723e-01,2.080960385501384735e-02,-4.226088151335716248e-02,4.075639545917510986e-01,3.290396034717559814e-01,4.905005097389221191e-01,5.488704442977905273e-01,1.598347872495651245e-01,1.826633810997009277e-01,-6.511897593736648560e-02,-1.257032901048660278e-01,1.127813830971717834e-01,9.772734344005584717e-02,5.150662362575531006e-02,2.578342854976654053e-01,2.098759710788726807e-01,1.823954880237579346e-01,-7.629657536745071411e-02,-1.790859699249267578e-01,-2.008325792849063873e-02,-8.469272404909133911e-02,-1.831017285585403442e-01,-2.864204943180084229e-01,-5.179814249277114868e-02,-9.159162640571594238e-02,3.022611141204833984e-03,-2.217697724699974060e-02,-6.247484311461448669e-02,-1.247114911675453186e-01,1.108556389808654785e-01,1.241921707987785339e-01,9.259300678968429565e-02,2.001263573765754700e-02,-7.361570373177528381e-03,-6.508418172597885132e-02,-1.689420938491821289e-01,-2.007070034742355347e-01,-8.183990418910980225e-02,-6.976262480020523071e-02,-1.102054566144943237e-01,-1.320099681615829468e-01,-6.893615424633026123e-02,-1.834358721971511841e-01,-9.413914382457733154e-02,-7.027535140514373779e-02,2.907572984695434570e-01,3.280334174633026123e-01,2.107889801263809204e-01,2.843245863914489746e-01,4.813693091273307800e-02,1.209084391593933105e-01,1.065854802727699280e-01,2.172344923019409180e-02,2.490913867950439453e-01,2.333474308252334595e-01,2.394975125789642334e-01,2.047369480133056641e-01,1.328088641166687012e-01,5.589943006634712219e-02,1.759005784988403320e-01,1.758301444351673126e-02,2.618522942066192627e-01,9.395444393157958984e-02,1.672331988811492920e-01,1.892337203025817871e-02,6.845128536224365234e-02,-5.245235189795494080e-02,6.635902076959609985e-02,-7.983493618667125702e-03,1.000083684921264648e-01,1.869451627135276794e-02,3.238734230399131775e-02,7.894900441169738770e-02,1.250880062580108643e-01,4.466346278786659241e-02,2.091281414031982422e-01,1.430604793131351471e-02,1.914520710706710815e-01,1.777845323085784912e-01,9.222521632909774780e-02,2.360490411520004272e-01,7.558355480432510376e-02,7.974918186664581299e-02,7.397277513518929482e-04,5.393070727586746216e-02,-1.487204432487487793e-01,-1.182391420006752014e-01,-9.280713647603988647e-02,4.577175155282020569e-02,1.098875105381011963e-01,1.973601877689361572e-01
2.352739721536636353e-01,2.922060489654541016e-01,4.891241490840911865e-01,7.204684019088745117e-01,1.042249351739883423e-01,1.039543747901916504e-01,6.071940660476684570e-01,1.000000238418579102e+00,2.250997573137283325e-01,3.788330852985382080e-01,4.011577665805816650e-01,5.841352939605712891e-01,3.064550161361694336e-01,6.638582348823547363e-01,1.285577863454818726e-01,3.200195729732513428e-01,3.655073940753936768e-01,5.192565321922302246e-01,2.648987174034118652e-01,3.548064827919006348e-01,2.489944547414779663e-01,3.154346048831939697e-01,2.365961819887161255e-01,5.256516337394714355e-01,1.905300617218017578e-01,2.629888057708740234e-01,2.160636335611343384e-01,1.296305954456329346e-01,3.376716077327728271e-01,4.976941049098968506e-01,5.084177851676940918e-01,5.154354572296142578e-01,2.711892724037170410e-01,3.013817965984344482e-01,-3.909585624933242798e-02,-1.431119889020919800e-01,2.195917665958404541e-01,2.703824639320373535e-01,2.303341180086135864e-01,4.267609715461730957e-01,3.109111487865447998e-01,3.935755789279937744e-01,1.206892654299736023e-01,4.270130768418312073e-02,1.338793635368347168e-01,1.052726507186889648e-01,-1.746872812509536743e-01,-2.243452966213226318e-01,5.974849313497543335e-02,-4.166286438703536987e-02,7.369466125965118408e-02,4.783513769507408142e-02,-1.184863597154617310e-01,-1.890032738447189331e-01,1.592293232679367065e-01,1.917926818132400513e-01,1.498794704675674438e-01,1.624572426080703735e-01,3.308988735079765320e-02,3.835036605596542358e-02,-1.613205075263977051e-01,-1.025562956929206848e-01,-9.621649235486984253e-02,5.966562032699584961e-02,1.046007219702005386e-02,-6.778796017169952393e-02,6.731484085321426392e-02,2.730490267276763916e-02,8.674070239067077637e-03,5.334863904863595963e-03,1.711145937442779541e-01,2.156971842050552368e-01,1.618123352527618408e-01,3.778084218502044678e-01,-3.046166338026523590e-02,1.539561599493026733e-01,3.215106576681137085e-02,6.058926135301589966e-02,2.938475608825683594e-01,2.193403989076614380e-01,3.056051433086395264e-01,4.249062538146972656e-01,1.838434636592864990e-01,2.604634165763854980e-01,2.588650286197662354e-01,2.230487912893295288e-01,2.289567887783050537e-01,3.220434486865997314e-01,2.688713371753692627e-01,2.607479989528656006e-01,-8.863591402769088745e-02,-1.300410777330398560e-01,-1.329168230295181274e-01,-2.260114997625350952e-02,1.128703206777572632e-01,-3.968011215329170227e-02,1.387208607047796249e-02,3.745045512914657593e-02,-1.688165403902530670e-02,-3.726815432310104370e-02,3.065282478928565979e-02,1.330260932445526123e-01,1.582388132810592651e-01,2.078365087509155273e-01,7.377330958843231201e-02,1.861881017684936523e-01,1.862946003675460815e-01,2.278455942869186401e-01,5.960985645651817322e-02,2.524714730679988861e-02,-1.324893683195114136e-01,-2.130477279424667358e-01,-1.783651113510131836e-01,-4.010233283042907715e-02,2.718767337501049042e-02,1.827336847782135010e-01
1.333283446729183197e-02,1.225281972438097000e-02,1.663420796394348145e-01,1.402567327022552490e-01,4.265084266662597656e-01,3.278620839118957520e-01,2.848532795906066895e-01,2.250997573137283325e-01,1.000000476837158203e+00,1.434347927570343018e-01,2.361079901456832886e-01,2.305157184600830078e-01,3.830259144306182861e-01,2.068837285041809082e-01,3.923819363117218018e-01,1.981851756572723389e-01,1.663522571325302124e-01,1.387888491153717041e-01,-1.533588021993637085e-01,-1.186853125691413879e-01,2.206089645624160767e-01,2.351081222295761108e-01,2.398439198732376099e-01,2.681205868721008301e-01,4.442523121833801270e-01,4.345518648624420166e-01,1.846343427896499634e-01,2.910081446170806885e-01,3.515755534172058105e-01,2.781459987163543701e-01,5.156266689300537109e-01,4.999206662178039551e-01,2.076115645468235016e-02,8.447391539812088013e-02,5.904797837138175964e-02,-1.515927165746688843e-02,3.013110756874084473e-01,2.176358997821807861e-01,2.287912070751190186e-01,1.491274237632751465e-01,2.992728352546691895e-01,2.458867728710174561e-01,5.930615216493606567e-02,9.096713364124298096e-02,5.314673110842704773e-02,1.008563861250877380e-01,-3.155973181128501892e-02,-1.150568295270204544e-02,3.655970841646194458e-02,8.835729956626892090e-02,-4.987925663590431213e-02,-3.724170103669166565e-02,-9.373727440834045410e-02,-2.747261151671409607e-02,2.007794231176376343e-01,1.852123886346817017e-01,-4.339274764060974121e-02,-1.300457864999771118e-02,-7.567628473043441772e-02,-4.193282127380371094e-02,-1.109467446804046631e-01,-8.810005336999893188e-02,-1.042715609073638916e-01,-2.415198367089033127e-03,-3.596025705337524414e-02,-7.987976074218750000e-03,6.899813190102577209e-03,1.355900801718235016e-02,-4.523303359746932983e-02,-1.813065111637115479e-01,3.034968972206115723e-01,3.463346958160400391e-01,2.068071067333221436e-01,2.909208536148071289e-01,9.130337089300155640e-02,1.479514092206954956e-01,2.473374605178833008e-01,2.499252855777740479e-01,1.084964647889137268e-01,1.297704279422760010e-01,8.861074596643447876e-02,1.566592305898666382e-01,1.437001377344131470e-01,1.304137706756591797e-01,8.880259096622467041e-02,2.356806024909019470e-02,2.446764111518859863e-01,3.272220119833946228e-02,2.272926121950149536e-01,6.725937128067016602e-02,-1.728614419698715210e-01,-7.132418453693389893e-02,-2.013483941555023193e-01,-7.980106025934219360e-02,3.493637144565582275e-01,1.830466538667678833e-01,2.831405997276306152e-01,1.845726966857910156e-01,-1.485668420791625977e-01,-1.051014810800552368e-01,-1.395552456378936768e-01,-4.076026007533073425e-02,-1.430265158414840698e-01,1.234842929989099503e-02,8.402258572459686548e-06,-8.828498423099517822e-03,4.268246702849864960e-03,7.007412612438201904e-02,1.705902069807052612e-01,2.763834595680236816e-01,1.908043920993804932e-01,2.503271773457527161e-02,-1.736683025956153870e-02,2.814172394573688507e-02,3.501873090863227844e-02,8.305918425321578979e-02
1.021760404109954834e-01,1.510066390037536621e-01,-1.005000714212656021e-02,2.256666123867034912e-01,3.107584416866302490e-01,3.695749044418334961e-01,1.449953615665435791e-01,3.788330852985382080e-01,1.434347927570343018e-01,9.999999403953552246e-01,2.267683148384094238e-01,4.700887799263000488e-01,2.800477743148803711e-01,5.038040876388549805e-01,4.911243319511413574e-01,6.883990168571472168e-01,2.235041707754135132e-01,3.536799252033233643e-01,1.780492514371871948e-01,2.574992477893829346e-01,2.486545890569686890e-01,4.994265735149383545e-01,-2.107972279191017151e-02,1.821732372045516968e-01,-6.438510864973068237e-02,-4.690194502472877502e-03,3.463673889636993408e-01,2.828325629234313965e-01,1.567798554897308350e-01,4.454402327537536621e-01,2.987168431282043457e-01,2.180903404951095581e-01,7.237948477268218994e-02,2.068734616041183472e-01,-1.691352427005767822e-01,-2.752233743667602539e-01,5.124144256114959717e-02,3.010882735252380371e-01,2.356236875057220459e-01,5.228332877159118652e-01,1.146585941314697266e-01,3.386487662792205811e-01,2.514662146568298340e-01,1.159314215183258057e-01,3.231580555438995361e-01,3.393612504005432129e-01,-1.646247506141662598e-01,-1.476044505834579468e-01,3.345069885253906250e-01,1.333914399147033691e-01,2.145286351442337036e-01,7.230428606271743774e-02,-2.580635622143745422e-02,-1.528921425342559814e-01,1.852010488510131836e-01,2.807635068893432617e-01,2.714893817901611328e-01,2.096947431564331055e-01,1.635653972625732422e-01,2.488749176263809204e-01,1.230230331420898438e-01,8.018462359905242920e-02,1.398081183433532715e-01,1.458126902580261230e-01,1.010471507906913757e-01,1.262900233268737793e-01,1.722412854433059692e-01,2.525727748870849609e-01,1.671681255102157593e-01,1.417831778526306152e-01,-7.604466378688812256e-02,-5.950417742133140564e-02,-4.039993975311517715e-03,2.176285386085510254e-01,-2.982270419597625732e-01,7.382808625698089600e-02,-1.272397190332412720e-01,8.334140479564666748e-02,3.350397050380706787e-01,1.826982498168945312e-01,3.501264154911041260e-01,2.777051031589508057e-01,2.806436121463775635e-01,3.191066980361938477e-01,2.773851752281188965e-01,1.251491010189056396e-01,-8.512984216213226318e-02,4.327038526535034180e-01,3.129177987575531006e-01,3.411914706230163574e-01,8.691879361867904663e-02,-9.984327107667922974e-02,2.860486507415771484e-02,7.074085623025894165e-02,-2.994233928620815277e-02,-2.142131626605987549e-01,-9.990529716014862061e-02,-1.010483577847480774e-01,1.113108024001121521e-01,-1.566959545016288757e-02,1.867861300706863403e-01,2.480503767728805542e-01,3.100426793098449707e-01,2.957325875759124756e-01,1.432357430458068848e-01,1.908643394708633423e-01,2.283577620983123779e-01,2.419762313365936279e-01,-7.957958430051803589e-02,-1.495250463485717773e-01,-1.512410193681716919e-01,-1.739101111888885498e-01,-8.708910644054412842e-02,-3.756510466337203979e-02,8.620381355285644531e-02,2.245514541864395142e-01
5.467435717582702637e-01,3.649443089962005615e-01,5.069710016250610352e-01,4.809634983539581299e-01,1.321642398834228516e-01,1.200572699308395386e-01,5.634863376617431641e-01,4.011577665805816650e-01,2.361079901456832886e-01,2.267683148384094238e-01,1.000000357627868652e+00,5.620099902153015137e-01,5.820811986923217773e-01,4.592518210411071777e-01,8.797307312488555908e-02,1.666600108146667480e-01,6.321736574172973633e-01,4.846078455448150635e-01,2.332840710878372192e-01,2.992435097694396973e-01,2.366789430379867554e-01,3.034629523754119873e-01,3.608249723911285400e-01,4.629226028919219971e-01,2.059737294912338257e-01,2.867889404296875000e-01,1.874417513608932495e-01,1.399872899055480957e-01,5.384649038314819336e-01,3.326291441917419434e-01,3.447256684303283691e-01,3.536570668220520020e-01,2.829479277133941650e-01,2.899769544601440430e-01,-3.427412360906600952e-02,-1.095450371503829956e-01,3.284636139869689941e-01,2.322549670934677124e-01,2.355310916900634766e-01,3.042619526386260986e-01,3.082505464553833008e-01,3.055408596992492676e-01,9.299706667661666870e-02,1.458348706364631653e-02,1.336212903261184692e-01,1.491080373525619507e-01,-7.772260811179876328e-03,-1.519175767898559570e-01,2.090352624654769897e-01,1.582384705543518066e-01,2.936021685600280762e-01,2.213598042726516724e-01,2.026333361864089966e-01,1.472009420394897461e-01,3.184852600097656250e-01,1.109967306256294250e-01,4.066947698593139648e-01,2.676527798175811768e-01,2.056713551282882690e-01,1.382558941841125488e-01,1.933122575283050537e-01,5.227599292993545532e-02,1.613976508378982544e-01,1.260723620653152466e-01,1.894543766975402832e-01,7.987499982118606567e-02,1.697190999984741211e-01,7.583974301815032959e-02,2.082565873861312866e-01,9.826398640871047974e-02,2.997643947601318359e-01,2.652947604656219482e-01,3.919405341148376465e-01,3.956660330295562744e-01,2.091750055551528931e-01,2.705619633197784424e-01,3.126691877841949463e-01,2.863125205039978027e-01,3.280428647994995117e-01,2.269335240125656128e-01,4.445874989032745361e-01,2.301982343196868896e-01,4.414310157299041748e-01,2.209499776363372803e-01,4.358030557632446289e-01,1.493703424930572510e-01,3.562415838241577148e-01,1.112311929464340210e-01,4.107391536235809326e-01,1.529163718223571777e-01,2.068716287612915039e-01,5.068722739815711975e-02,6.936535239219665527e-02,4.100745543837547302e-02,2.114417254924774170e-01,1.511395126581192017e-01,1.493525505065917969e-01,1.584151536226272583e-01,2.268645167350769043e-01,9.787289798259735107e-02,2.023406475782394409e-01,1.308318972587585449e-01,1.791930496692657471e-01,2.769052684307098389e-01,1.153319254517555237e-01,2.298626750707626343e-01,3.387305140495300293e-01,3.064654767513275146e-01,3.588025644421577454e-02,-2.236855402588844299e-02,-1.641831248998641968e-01,5.595511198043823242e-02,1.908132992684841156e-02,3.889261186122894287e-02,1.353884190320968628e-01,1.292709708213806152e-01
3.038368225097656250e-01,4.041506052017211914e-01,2.863055169582366943e-01,4.615257680416107178e-01,1.596537679433822632e-01,1.914958059787750244e-01,3.779331445693969727e-01,5.841352939605712891e-01,2.305157184600830078e-01,4.700887799263000488e-01,5.620099902153015137e-01,9.999997019767761230e-01,3.707230687141418457e-01,7.194849848747253418e-01,2.282917946577072144e-01,3.610348403453826904e-01,4.507167339324951172e-01,6.511147022247314453e-01,1.788898706436157227e-01,2.900725007057189941e-01,3.215845227241516113e-01,4.998394548892974854e-01,1.258115172386169434e-01,3.696165084838867188e-01,8.939242362976074219e-02,1.996087729930877686e-01,3.045089244842529297e-01,2.251742929220199585e-01,3.648405969142913818e-01,5.789086818695068359e-01,4.451540708541870117e-01,4.041574001312255859e-01,1.969885528087615967e-01,2.843079566955566406e-01,-1.155420392751693726e-01,-1.636603325605392456e-01,3.342939317226409912e-01,4.523099958896636963e-01,3.783296644687652588e-01,5.702932476997375488e-01,3.469327986240386963e-01,5.104752779006958008e-01,1.309848725795745850e-01,6.014822423458099365e-02,1.682353019714355469e-01,2.119183838367462158e-01,-1.311514228582382202e-01,-1.233028247952461243e-01,1.826130002737045288e-01,1.444230079650878906e-01,1.221262216567993164e-01,1.159948855638504028e-01,-8.455133438110351562e-02,-8.132886141538619995e-02,2.786586284637451172e-01,3.118668794631958008e-01,2.817583978176116943e-01,2.791087925434112549e-01,8.717609941959381104e-02,1.208338811993598938e-01,2.889052964746952057e-02,3.415648639202117920e-02,6.001694127917289734e-02,2.206877917051315308e-01,6.239796057343482971e-02,4.230825230479240417e-02,1.718785464763641357e-01,1.501587480306625366e-01,1.628482788801193237e-01,1.008600145578384399e-01,2.467602193355560303e-01,2.269879579544067383e-01,2.700433135032653809e-01,4.967719912528991699e-01,5.834862589836120605e-02,2.843955159187316895e-01,1.606402099132537842e-01,2.503904402256011963e-01,3.319163620471954346e-01,2.695236504077911377e-01,3.835783302783966064e-01,4.748174846172332764e-01,3.313336968421936035e-01,4.297252893447875977e-01,3.099947571754455566e-01,2.915449142456054688e-01,2.409835159778594971e-01,4.219539165496826172e-01,3.801027834415435791e-01,4.385840594768524170e-01,-2.285030111670494080e-02,-3.574033081531524658e-02,-1.211522072553634644e-01,1.923108287155628204e-02,2.376540154218673706e-01,8.524459786713123322e-03,1.200439780950546265e-01,1.073689088225364685e-01,6.556271016597747803e-02,5.593358539044857025e-03,6.084559485316276550e-02,2.353703677654266357e-01,1.927520483732223511e-01,3.735887706279754639e-01,1.477261036634445190e-01,2.191973328590393066e-01,3.735447525978088379e-01,3.944765627384185791e-01,9.726526588201522827e-02,3.658634424209594727e-02,-7.015420496463775635e-02,-1.238209009170532227e-01,-1.482193320989608765e-01,-4.368340969085693359e-02,7.241436839103698730e-02,2.146603763103485107e-01
2.909807264804840088e-01,2.216757237911224365e-01,3.905372023582458496e-01,2.973477840423583984e-01,2.712789177894592285e-01,1.897877007722854614e-01,4.890950024127960205e-01,3.064550161361694336e-01,3.830259144306182861e-01,2.800477743148803711e-01,5.820811986923217773e-01,3.707230687141418457e-01,1.000000357627868652e+00,4.735406637191772461e-01,4.112859666347503662e-01,3.265274763107299805e-01,4.246895313262939453e-01,4.047892987728118896e-01,1.593501269817352295e-01,1.770724207162857056e-01,3.993551731109619141e-01,3.471046984195709229e-01,4.892756342887878418e-01,4.255149066448211670e-01,2.417492866516113281e-01,2.721241712570190430e-01,2.003657966852188110e-01,2.356704026460647583e-01,5.484268665313720703e-01,4.072012603282928467e-01,4.671973586082458496e-01,4.531084299087524414e-01,2.193938493728637695e-01,2.655080854892730713e-01,6.129017844796180725e-02,-6.211501359939575195e-02,2.238773554563522339e-01,3.051920235157012939e-01,1.784294098615646362e-01,3.344851136207580566e-01,3.446699082851409912e-01,3.655261993408203125e-01,2.023498415946960449e-01,1.135024949908256531e-01,2.457100152969360352e-01,2.536378800868988037e-01,2.581314370036125183e-02,8.445860818028450012e-03,1.976181566715240479e-01,1.875101476907730103e-01,1.776956319808959961e-01,1.845477670431137085e-01,5.306430533528327942e-02,7.991166412830352783e-02,1.694822609424591064e-01,1.549949347972869873e-01,2.256522029638290405e-01,1.875595003366470337e-01,1.761847585439682007e-01,1.351597011089324951e-01,1.090535297989845276e-01,2.333686314523220062e-02,4.226464405655860901e-02,5.938791483640670776e-02,1.466130912303924561e-01,1.029109060764312744e-01,1.744540631771087646e-01,1.166859418153762817e-01,7.643757760524749756e-02,-4.538639634847640991e-02,4.727362692356109619e-01,4.102095365524291992e-01,4.834012091159820557e-01,4.567821323871612549e-01,1.748005896806716919e-01,3.227889537811279297e-01,3.872841894626617432e-01,3.885066211223602295e-01,2.350110709667205811e-01,2.856844365596771240e-01,2.697679698467254639e-01,1.924252659082412720e-01,3.602529168128967285e-01,3.325999975204467773e-01,2.588289380073547363e-01,1.956517249345779419e-01,2.122649699449539185e-01,1.185817420482635498e-01,2.708410620689392090e-01,2.563382983207702637e-01,7.471292465925216675e-02,5.456935986876487732e-02,4.507946968078613281e-02,1.203752383589744568e-01,2.768142521381378174e-01,2.178056687116622925e-01,2.040830403566360474e-01,2.257654964923858643e-01,6.557607650756835938e-02,7.192610204219818115e-02,1.549224853515625000e-01,2.234512418508529663e-01,1.357425004243850708e-01,1.975565999746322632e-01,1.407965570688247681e-01,1.974842101335525513e-01,2.533633410930633545e-01,1.801586747169494629e-01,6.866777688264846802e-02,1.661979258060455322e-01,-1.551640871912240982e-02,9.463968873023986816e-02,9.404574334621429443e-02,1.544185280799865723e-01,2.262172251939773560e-01,1.825661063194274902e-01
