9.999997615814208984e-01,-1.162454560399055481e-01,6.726115942001342773e-01,6.427291780710220337e-03,4.181718826293945312e-01,5.815197154879570007e-02,7.208040356636047363e-01,-1.565590351819992065e-01,3.899985253810882568e-01,1.119055412709712982e-02,6.554441452026367188e-01,-1.817263215780258179e-01,5.813055634498596191e-01,-2.173463106155395508e-01,4.100911617279052734e-01,-2.071720547974109650e-02,3.711360394954681396e-01,-2.493254542350769043e-01,4.391462802886962891e-01,2.494522631168365479e-01,3.730362979695200920e-03,-1.756878644227981567e-01,2.995067238807678223e-01,2.067088484764099121e-01,1.640283912420272827e-01,5.908571556210517883e-02,3.286220133304595947e-01,1.955812275409698486e-01,2.405235022306442261e-01,-2.743039429187774658e-01,1.961628198623657227e-01,7.173167914152145386e-02,3.480407893657684326e-01,2.179947048425674438e-01,-8.218642324209213257e-02,-7.711520791053771973e-02,-2.056206315755844116e-01,-4.258460700511932373e-01,-2.587313018739223480e-02,-2.472918778657913208e-01,8.843135088682174683e-02,-3.181769549846649170e-01,-9.087615460157394409e-02,-2.157206386327743530e-01,-1.606629490852355957e-01,-1.358926594257354736e-01,-4.565422236919403076e-02,-2.774681448936462402e-01,-4.922789335250854492e-02,-1.470499634742736816e-01,3.583558276295661926e-02,-1.883553713560104370e-01,4.990026727318763733e-02,-2.174734622240066528e-01,4.292047768831253052e-02,-2.795660793781280518e-01,7.288265824317932129e-01,-8.087838441133499146e-02,3.453320264816284180e-01,-1.383354663848876953e-01,5.709444284439086914e-01,-1.892327070236206055e-01,4.204806685447692871e-01,-2.680003345012664795e-01,2.457343190908432007e-01,-2.153795659542083740e-01,-6.931744283065199852e-04,-1.342728137969970703e-01,1.887447834014892578e-01,8.249056339263916016e-02,-2.911687828600406647e-02,-1.256225705146789551e-01,6.720300018787384033e-02,-1.936820149421691895e-01,3.606288228183984756e-03,-9.925349801778793335e-02,-1.790407299995422363e-01,-3.255129158496856689e-01,4.111786559224128723e-02,-1.573878824710845947e-01,1.710869818925857544e-01,-3.049383759498596191e-01,2.685239166021347046e-02,-3.626342415809631348e-01,2.279102951288223267e-01,-3.408915102481842041e-01,2.547783255577087402e-01,-2.139392644166946411e-01,3.285491764545440674e-01,-2.946464121341705322e-01,-4.807000979781150818e-02,-1.009219065308570862e-01,7.269306480884552002e-02,1.465353928506374359e-02,-2.645909488201141357e-01,-2.238740175962448120e-01,-2.814552485942840576e-01,-3.532539010047912598e-01,-1.145264580845832825e-01,-2.706789076328277588e-01,4.281396046280860901e-02,-5.875020474195480347e-02,-7.583196461200714111e-02,-2.341559380292892456e-01,-1.793724298477172852e-01,-3.202632069587707520e-01,-9.779793024063110352e-02,-2.567947506904602051e-01,-1.396917849779129028e-01,-2.650008797645568848e-01,-3.662497997283935547e-01,-2.431052774190902710e-01,-1.766264736652374268e-01,-1.096430048346519470e-01,-2.056294679641723633e-01,-3.177402019500732422e-01
-1.162454560399055481e-01,1.000000238418579102e+00,2.401102520525455475e-02,6.061303615570068359e-01,-8.590732514858245850e-02,3.000783324241638184e-01,-1.676865965127944946e-01,6.184641122817993164e-01,-3.386208117008209229e-01,2.792866528034210205e-01,-2.113210856914520264e-01,6.011371612548828125e-01,-2.164788693189620972e-01,5.485355854034423828e-01,-2.794224321842193604e-01,3.481385409832000732e-01,-7.026302814483642578e-02,5.195383429527282715e-01,2.512515485286712646e-01,4.972626864910125732e-01,1.787755787372589111e-01,3.026979565620422363e-01,2.729613780975341797e-01,2.316230833530426025e-01,2.756504714488983154e-01,2.944723665714263916e-01,-4.257542639970779419e-02,2.434236705303192139e-01,4.483847692608833313e-02,4.749542772769927979e-01,2.905138134956359863e-01,3.538073897361755371e-01,2.716422677040100098e-01,3.773064315319061279e-01,1.126286759972572327e-01,1.821745783090591431e-01,-8.351640775799751282e-03,1.485883146524429321e-01,-3.701808396726846695e-03,8.233211934566497803e-02,6.186526641249656677e-02,2.798712253570556641e-01,-1.469607949256896973e-01,9.575328975915908813e-02,-1.097182407975196838e-01,1.417958289384841919e-01,-1.394320428371429443e-01,1.257288902997970581e-01,-1.464907526969909668e-01,2.062056511640548706e-01,-2.327735573053359985e-01,2.862956840544939041e-03,-1.261589974164962769e-01,1.714979559183120728e-01,-3.079828619956970215e-01,1.350769102573394775e-01,-1.727903448045253754e-02,7.637326717376708984e-01,8.957841992378234863e-02,6.135621070861816406e-01,-8.077799528837203979e-02,5.351998209953308105e-01,-1.838646084070205688e-01,5.358632802963256836e-01,-1.990347057580947876e-01,4.073056876659393311e-01,2.510133087635040283e-01,2.729542553424835205e-01,5.120726227760314941e-01,5.458441972732543945e-01,1.544471830129623413e-01,1.970212012529373169e-01,1.365489959716796875e-01,3.830480277538299561e-01,1.065634414553642273e-01,1.966670900583267212e-01,4.888085275888442993e-02,2.236194610595703125e-01,1.232339888811111450e-01,3.777993917465209961e-01,-9.674024581909179688e-02,3.063504099845886230e-01,7.404734939336776733e-02,3.113921284675598145e-01,-2.830424904823303223e-01,1.894355714321136475e-01,-1.486846059560775757e-01,1.387467682361602783e-01,-3.633497059345245361e-01,3.178707957267761230e-01,-1.323082149028778076e-01,-1.350426077842712402e-01,-2.175135612487792969e-01,-1.636905670166015625e-01,-1.101260334253311157e-01,-6.842235475778579712e-02,-1.764035522937774658e-01,-6.819421052932739258e-02,-2.638783752918243408e-01,-8.736066520214080811e-02,-1.173154562711715698e-01,5.714016035199165344e-02,-4.558577388525009155e-02,-6.700390949845314026e-04,-1.062250733375549316e-01,5.433483514934778214e-03,6.001336127519607544e-02,3.422840237617492676e-01,2.067667245864868164e-02,-1.477871984243392944e-01,-1.206470802426338196e-01,-1.873864680528640747e-01,-8.903235197067260742e-02,-1.997166126966476440e-01,-2.727151811122894287e-01,-1.574320346117019653e-01
6.726115942001342773e-01,2.401102520525455475e-02,9.999998807907104492e-01,3.547939360141754150e-01,3.714711666107177734e-01,1.082759201526641846e-01,7.914609909057617188e-01,1.768629699945449829e-01,2.304076105356216431e-01,9.716364741325378418e-02,5.275666117668151855e-01,-1.061971019953489304e-02,5.291127562522888184e-01,-1.401972211897373199e-02,2.638595998287200928e-01,5.142650008201599121e-02,1.591013669967651367e-01,-1.483166664838790894e-01,5.558828115463256836e-01,3.364334404468536377e-01,2.169468207284808159e-03,-8.199170231819152832e-02,6.484126448631286621e-01,5.137104392051696777e-01,2.938273847103118896e-01,1.660879552364349365e-01,2.105908393859863281e-01,1.680456250905990601e-01,1.539043784141540527e-01,-2.146802544593811035e-01,3.842418789863586426e-01,3.359131515026092529e-01,2.993050217628479004e-01,2.035985589027404785e-01,-1.470089256763458252e-01,-1.313723474740982056e-01,-2.585284113883972168e-01,-4.148204624652862549e-01,-7.681107521057128906e-02,-2.551249265670776367e-01,1.273698266595602036e-02,-2.628836929798126221e-01,-2.136898487806320190e-01,-2.491673827171325684e-01,-2.237558364868164062e-01,-1.354688405990600586e-01,-1.726078242063522339e-01,-2.844894826412200928e-01,-1.933785676956176758e-01,-1.882728040218353271e-01,-2.139292508363723755e-01,-2.608671784400939941e-01,-1.130405962467193604e-01,-1.939602643251419067e-01,-1.435057520866394043e-01,-2.532051503658294678e-01,4.737147092819213867e-01,-2.742804214358329773e-02,6.623255461454391479e-02,-1.223818138241767883e-01,2.750821411609649658e-01,-1.698488742113113403e-01,1.777929812669754028e-01,-1.740034371614456177e-01,6.907069683074951172e-02,-1.292797327041625977e-01,-7.231087237596511841e-02,-1.455953568220138550e-01,2.149273902177810669e-01,5.515054613351821899e-02,8.378239721059799194e-02,-4.491718113422393799e-02,3.836448490619659424e-02,-1.523398905992507935e-01,-4.789185523986816406e-02,-9.453434497117996216e-02,-1.675705909729003906e-01,-2.716477513313293457e-01,-6.251368671655654907e-02,-1.800204515457153320e-01,1.906153932213783264e-02,-2.141160070896148682e-01,9.641068987548351288e-03,-3.097798824310302734e-01,4.286720976233482361e-02,-2.321704924106597900e-01,1.453005671501159668e-01,-1.294270455837249756e-01,7.352874428033828735e-02,-1.733577549457550049e-01,-8.104035258293151855e-02,-1.053085401654243469e-01,1.911259070038795471e-02,3.543702512979507446e-02,-2.595537602901458740e-01,-1.475746631622314453e-01,-2.726181745529174805e-01,-3.460667431354522705e-01,-2.393249720335006714e-01,-2.769732475280761719e-01,-5.884518846869468689e-02,4.388331994414329529e-02,-1.284722685813903809e-01,-2.103581875562667847e-01,-1.975691914558410645e-01,-2.634593546390533447e-01,-7.009759545326232910e-02,-9.552896022796630859e-02,-1.087141931056976318e-01,-2.571201324462890625e-01,-3.982827961444854736e-01,-2.971810102462768555e-01,-1.909771561622619629e-01,-2.247876524925231934e-01,-2.728317379951477051e-01,-3.615549802780151367e-01
6.427291780710220337e-03,6.061303615570068359e-01,3.547939360141754150e-01,9.999997615814208984e-01,2.117430977523326874e-02,3.495374619960784912e-01,1.693533658981323242e-01,7.825466394424438477e-01,-2.591535151004791260e-01,3.814834952354431152e-01,-6.011433899402618408e-02,5.713974833488464355e-01,-3.069274127483367920e-02,5.706617832183837891e-01,-2.434285134077072144e-01,3.152880370616912842e-01,-1.018545329570770264e-01,3.212780356407165527e-01,3.767942488193511963e-01,5.079622864723205566e-01,9.419768303632736206e-02,1.738512516021728516e-01,5.501279830932617188e-01,6.118510961532592773e-01,2.642130553722381592e-01,3.163038790225982666e-01,-7.172239571809768677e-02,1.567769348621368408e-01,2.762527205049991608e-02,2.719284594058990479e-01,4.052554368972778320e-01,5.300367474555969238e-01,1.647342443466186523e-01,2.520497739315032959e-01,-7.055052369832992554e-02,-1.651268452405929565e-02,-1.895597875118255615e-01,-7.888395339250564575e-02,-1.651333272457122803e-01,-1.200187504291534424e-01,-1.012096926569938660e-01,5.799851566553115845e-02,-2.371604889631271362e-01,-5.279923975467681885e-02,-2.288630455732345581e-01,-2.699101716279983521e-02,-2.279008030891418457e-01,-4.458540305495262146e-02,-2.263461351394653320e-01,-2.429936267435550690e-02,-2.813984751701354980e-01,-1.092581897974014282e-01,-1.446488350629806519e-01,9.903569519519805908e-02,-3.391125500202178955e-01,3.395820967853069305e-03,-4.694626480340957642e-02,4.333011806011199951e-01,-4.928915575146675110e-02,3.762488663196563721e-01,-1.358071565628051758e-01,3.601680994033813477e-01,-1.763865649700164795e-01,3.704009056091308594e-01,-1.466255933046340942e-01,2.878089249134063721e-01,6.390361487865447998e-02,1.306366026401519775e-01,3.588619530200958252e-01,2.974137067794799805e-01,9.398294985294342041e-02,1.232816502451896667e-01,4.212907329201698303e-02,1.827890872955322266e-01,-1.230137795209884644e-02,2.868488989770412445e-02,-4.382156580686569214e-02,5.321234464645385742e-02,2.035485394299030304e-02,1.083452850580215454e-01,-1.492848843336105347e-01,1.472456753253936768e-01,-3.210980445146560669e-02,1.216191872954368591e-01,-3.045971989631652832e-01,9.150701016187667847e-02,-2.044565230607986450e-01,4.320429638028144836e-02,-3.602635562419891357e-01,1.854149699211120605e-01,-8.970698714256286621e-02,-2.609977684915065765e-02,-1.234853267669677734e-01,-3.866098076105117798e-02,-2.045104652643203735e-01,-1.007399857044219971e-01,-2.700303792953491211e-01,-1.940105706453323364e-01,-3.029038012027740479e-01,-1.213539242744445801e-01,-1.108712628483772278e-01,1.981314420700073242e-01,-1.120560243725776672e-01,1.552342996001243591e-02,-1.373087465763092041e-01,6.025850307196378708e-03,-1.584747992455959320e-02,2.709479928016662598e-01,-4.477992653846740723e-02,-2.365967184305191040e-01,-2.956273853778839111e-01,-2.234571427106857300e-01,-1.016696244478225708e-01,-2.291960120201110840e-01,-2.721890509128570557e-01,-2.430198341608047485e-01
4.181718826293945312e-01,-8.590732514858245850e-02,3.714711666107177734e-01,2.117430977523326874e-02,9.999998807907104492e-01,4.071657955646514893e-01,4.035339653491973877e-01,-1.205522194504737854e-01,7.024735212326049805e-01,2.586371302604675293e-01,4.712288379669189453e-01,-1.547440439462661743e-01,5.309320092201232910e-01,-1.399153620004653931e-01,6.227993965148925781e-01,1.128972992300987244e-01,3.695763945579528809e-01,-2.119041979312896729e-01,2.145206779241561890e-01,2.360521554946899414e-01,2.188861519098281860e-01,-1.343068666756153107e-03,2.207264751195907593e-01,2.433559596538543701e-01,4.240987896919250488e-01,3.857863247394561768e-01,6.047657728195190430e-01,4.865304827690124512e-01,3.431526422500610352e-01,-1.522521227598190308e-01,3.248189389705657959e-01,2.052239924669265747e-01,2.836495935916900635e-01,2.492730468511581421e-01,7.260639104060828686e-04,-9.517163969576358795e-03,-1.072306632995605469e-01,-3.964435756206512451e-01,-1.581454067490994930e-03,-2.781006991863250732e-01,8.129761368036270142e-02,-2.097963243722915649e-01,-6.331065297126770020e-02,-2.315171808004379272e-01,-5.614383146166801453e-02,-1.139517780393362045e-02,-9.533455967903137207e-02,-3.168919384479522705e-01,-1.295040845870971680e-01,-1.779645532369613647e-01,-6.127144768834114075e-02,-2.567754685878753662e-01,-6.676720082759857178e-02,-2.529937624931335449e-01,-1.479762606322765350e-02,-3.678738772869110107e-01,4.552545547485351562e-01,-3.320919722318649292e-02,1.520845592021942139e-01,-7.959827035665512085e-02,3.127561211585998535e-01,-4.865412786602973938e-02,2.706247568130493164e-01,-1.962323784828186035e-01,2.495924681425094604e-01,-1.913386285305023193e-01,-3.884261008352041245e-03,-2.673524618148803711e-02,9.546434134244918823e-02,1.147105395793914795e-01,1.287341415882110596e-01,1.260739862918853760e-01,2.003548443317413330e-01,-4.995140433311462402e-02,2.414794713258743286e-01,3.837721794843673706e-02,-6.517803668975830078e-02,-1.800595074892044067e-01,1.594392806291580200e-01,-1.252857893705368042e-01,1.706463992595672607e-01,-2.715944051742553711e-01,8.539061993360519409e-02,-2.434241920709609985e-01,1.892388164997100830e-01,-3.353862464427947998e-01,2.633510529994964600e-01,-1.319324225187301636e-01,3.042496144771575928e-01,-2.924343049526214600e-01,-1.097724214196205139e-01,-4.035148024559020996e-02,1.132633090019226074e-01,8.280611038208007812e-02,-2.293333709239959717e-01,-2.292636334896087646e-01,-2.022875994443893433e-01,-3.181273937225341797e-01,-8.943177759647369385e-02,-3.073075413703918457e-01,1.047315448522567749e-01,3.755781566724181175e-03,-2.116872183978557587e-02,-9.896098077297210693e-02,-1.148944795131683350e-01,-1.972727477550506592e-01,-3.383138217031955719e-03,-2.024027705192565918e-01,-1.942509561777114868e-01,-1.943884491920471191e-01,-2.614706158638000488e-01,-2.005721926689147949e-01,-1.278466284275054932e-01,-1.069498285651206970e-01,-2.136521339416503906e-01,-2.409075796604156494e-01
5.815197154879570007e-02,3.000783324241638184e-01,1.082759201526641846e-01,3.495374619960784912e-01,4.071657955646514893e-01,1.000000119209289551e+00,7.436642050743103027e-02,3.396459817886352539e-01,1.280169934034347534e-01,6.418412327766418457e-01,1.002094894647598267e-01,3.586760461330413818e-01,1.404922455549240112e-01,4.031721949577331543e-01,9.426080435514450073e-02,5.261390209197998047e-01,1.998638510704040527e-01,3.364847004413604736e-01,8.397930860519409180e-02,2.189403772354125977e-01,3.380399346351623535e-01,3.902263343334197998e-01,2.260416597127914429e-01,3.088113069534301758e-01,4.697492718696594238e-01,6.314815282821655273e-01,2.604257166385650635e-01,4.890735447406768799e-01,3.654061555862426758e-01,4.213488399982452393e-01,3.771250247955322266e-01,3.912556469440460205e-01,2.029957920312881470e-01,2.194260209798812866e-01,6.520719081163406372e-02,9.042736142873764038e-02,5.414083227515220642e-02,2.555067418143153191e-03,-1.457421458326280117e-03,-6.630077213048934937e-02,1.088994592428207397e-01,1.950983554124832153e-01,-7.422599196434020996e-02,-4.469208791851997375e-02,3.064889460802078247e-02,5.170558393001556396e-02,-1.284378618001937866e-01,-1.132787391543388367e-01,-3.332930058240890503e-02,4.217585548758506775e-02,-8.377107977867126465e-02,-9.597282111644744873e-02,-1.414303481578826904e-01,-1.109629496932029724e-01,-1.889184266328811646e-01,-1.139689087867736816e-01,9.961701929569244385e-02,2.165114581584930420e-01,5.913670361042022705e-02,2.066665291786193848e-01,-8.846141397953033447e-03,2.431745082139968872e-01,-3.281408920884132385e-02,2.124999314546585083e-01,4.605296254158020020e-02,2.137349247932434082e-01,1.399142593145370483e-01,1.259920597076416016e-01,1.986933946609497070e-01,1.933958381414413452e-01,2.566110491752624512e-01,3.291151523590087891e-01,3.671767115592956543e-01,3.812798261642456055e-01,3.783738911151885986e-01,2.679454684257507324e-01,1.849905252456665039e-01,1.983769983053207397e-01,2.288523912429809570e-01,2.524772286415100098e-01,1.311254948377609253e-01,1.479420810937881470e-01,1.497018784284591675e-01,2.593012750148773193e-01,1.427687332034111023e-02,-6.467597931623458862e-02,4.065571725368499756e-02,1.236945390701293945e-01,-1.031882762908935547e-01,-6.538661569356918335e-02,-9.257430583238601685e-02,-1.225609853863716125e-01,-7.394586503505706787e-02,-1.510828286409378052e-01,-1.987609565258026123e-01,-1.718806177377700806e-01,-2.173632681369781494e-01,-2.553063929080963135e-01,-2.214344739913940430e-01,-2.268363088369369507e-01,-4.473783820867538452e-02,-1.157700642943382263e-02,-6.934332847595214844e-02,-1.651041209697723389e-02,-9.198445081710815430e-02,-6.907410919666290283e-02,5.348655954003334045e-02,1.365085840225219727e-01,-1.653686612844467163e-01,-1.894310563802719116e-01,-1.867313981056213379e-01,-2.533122301101684570e-01,-1.658870875835418701e-01,-2.214792668819427490e-01,-2.399898320436477661e-01,-1.193587556481361389e-01
7.208040356636047363e-01,-1.676865965127944946e-01,7.914609909057617188e-01,1.693533658981323242e-01,4.035339653491973877e-01,7.436642050743103027e-02,1.000000238418579102e+00,2.901110798120498657e-02,3.416524529457092285e-01,1.909351721405982971e-02,6.145539283752441406e-01,-1.145170405507087708e-01,6.387059688568115234e-01,-1.171307787299156189e-01,3.239414095878601074e-01,-4.784738272428512573e-02,2.280605435371398926e-01,-2.377259135246276855e-01,3.711541891098022461e-01,1.720423400402069092e-01,-4.378113150596618652e-02,-1.509560197591781616e-01,4.683214426040649414e-01,4.420201778411865234e-01,1.696656346321105957e-01,1.226203888654708862e-01,1.976501345634460449e-01,1.067553088068962097e-01,1.880142092704772949e-01,-2.628210484981536865e-01,2.964945733547210693e-01,2.454605102539062500e-01,2.783827185630798340e-01,1.848523765802383423e-01,-1.508563011884689331e-01,-1.230701282620429993e-01,-2.534457147121429443e-01,-3.963582217693328857e-01,-8.973084390163421631e-02,-2.585277259349822998e-01,1.008359529078006744e-02,-2.797718048095703125e-01,-9.763335436582565308e-02,-2.021761685609817505e-01,-1.130842715501785278e-01,-1.094613075256347656e-01,-9.368435293436050415e-02,-2.872060537338256836e-01,-9.702179580926895142e-02,-1.776626408100128174e-01,-1.007577180862426758e-01,-2.183478772640228271e-01,-4.652833193540573120e-02,-2.021480500698089600e-01,-4.210271313786506653e-02,-2.585522830486297607e-01,5.113405585289001465e-01,-1.904079020023345947e-01,8.865155279636383057e-02,-2.356221675872802734e-01,3.520988225936889648e-01,-2.093776911497116089e-01,3.071219921112060547e-01,-2.483371943235397339e-01,1.433633267879486084e-01,-1.990724205970764160e-01,-7.638600468635559082e-02,-1.357032656669616699e-01,5.388189479708671570e-02,-5.901047959923744202e-02,2.072402648627758026e-02,-7.241079211235046387e-02,4.904386028647422791e-02,-1.912930905818939209e-01,-4.566603526473045349e-02,-9.752673655748367310e-02,-1.562419533729553223e-01,-2.825329005718231201e-01,-6.473682075738906860e-02,-1.972944438457489014e-01,6.633125990629196167e-02,-2.542473077774047852e-01,-4.541405290365219116e-02,-3.467175662517547607e-01,1.056261137127876282e-01,-2.447236627340316772e-01,1.538448780775070190e-01,-2.134853452444076538e-01,1.895587593317031860e-01,-2.649562656879425049e-01,-9.493303298950195312e-02,-4.701590910553932190e-02,4.828815907239913940e-02,6.177979707717895508e-02,-2.721987664699554443e-01,-1.929191201925277710e-01,-2.564947307109832764e-01,-3.185783624649047852e-01,-1.767750829458236694e-01,-2.481967210769653320e-01,-3.058175556361675262e-02,1.403702981770038605e-02,-1.516216099262237549e-01,-1.951736658811569214e-01,-2.137355208396911621e-01,-2.802911102771759033e-01,-1.239371672272682190e-01,-1.841546297073364258e-01,-1.442140638828277588e-01,-2.576699852943420410e-01,-3.577825129032135010e-01,-2.436795085668563843e-01,-1.734014898538589478e-01,-1.876650452613830566e-01,-2.237049788236618042e-01,-3.521160185337066650e-01
-1.565590351819992065e-01,6.184641122817993164e-01,1.768629699945449829e-01,7.825466394424438477e-01,-1.205522194504737854e-01,3.396459817886352539e-01,2.901110798120498657e-02,9.999996423721313477e-01,-3.954979777336120605e-01,4.544746875762939453e-01,-1.481923609972000122e-01,7.242310047149658203e-01,-1.599177867174148560e-01,7.230868935585021973e-01,-3.865532279014587402e-01,3.778121769428253174e-01,-1.673110425472259521e-01,4.865502715110778809e-01,1.967371553182601929e-01,3.129288852214813232e-01,5.794613435864448547e-02,2.317466735839843750e-01,4.778252542018890381e-01,4.520464539527893066e-01,1.915265917778015137e-01,2.534171640872955322e-01,-2.535154521465301514e-01,3.026738949120044708e-02,3.906148485839366913e-03,4.206619858741760254e-01,3.398446440696716309e-01,5.198779702186584473e-01,9.627122431993484497e-02,2.277880460023880005e-01,-4.526010900735855103e-02,9.882775135338306427e-03,-9.916997700929641724e-02,9.492758661508560181e-02,-1.762051433324813843e-01,-2.234208211302757263e-02,-9.025370329618453979e-02,1.396221220493316650e-01,-2.375598102807998657e-01,3.142476081848144531e-02,-1.884423345327377319e-01,6.683599948883056641e-02,-2.389473319053649902e-01,1.048264559358358383e-03,-1.171044185757637024e-01,1.302655041217803955e-01,-2.020956128835678101e-01,5.904434993863105774e-02,-1.417178660631179810e-01,1.350911557674407959e-01,-3.378419280052185059e-01,7.906350493431091309e-02,-2.092731297016143799e-01,4.231925308704376221e-01,-1.223404109477996826e-01,3.983961939811706543e-01,-2.089857161045074463e-01,4.513468146324157715e-01,-2.083456814289093018e-01,5.346562266349792480e-01,-1.938298195600509644e-01,4.296028912067413330e-01,3.726984187960624695e-02,1.676248162984848022e-01,2.251753062009811401e-01,1.974839866161346436e-01,1.433041691780090332e-01,2.439856678247451782e-01,8.580323308706283569e-02,3.278162181377410889e-01,3.382397070527076721e-02,1.550635993480682373e-01,3.881823271512985229e-02,1.671798527240753174e-01,1.494364067912101746e-02,2.309012860059738159e-01,-1.260747760534286499e-01,3.234816193580627441e-01,-4.605172574520111084e-02,2.567710876464843750e-01,-3.078472316265106201e-01,2.270736247301101685e-01,-2.575815021991729736e-01,1.023656874895095825e-01,-4.384053051471710205e-01,2.100406885147094727e-01,-7.735236734151840210e-02,-4.674344509840011597e-02,-1.896422803401947021e-01,-9.512241929769515991e-02,-1.990975886583328247e-01,-1.118142157793045044e-01,-2.625087499618530273e-01,-1.507987529039382935e-01,-3.051284849643707275e-01,-5.626665428280830383e-02,-1.222583502531051636e-01,1.577656716108322144e-01,-1.007931753993034363e-01,4.743156209588050842e-02,-1.109803542494773865e-01,4.642497748136520386e-02,-7.268179208040237427e-03,2.815185487270355225e-01,-4.375152662396430969e-02,-2.383507043123245239e-01,-2.382623404264450073e-01,-1.977663636207580566e-01,-9.923613071441650391e-02,-2.011075466871261597e-01,-2.187428474426269531e-01,-1.881150901317596436e-01
3.899985253810882568e-01,-3.386208117008209229e-01,2.304076105356216431e-01,-2.591535151004791260e-01,7.024735212326049805e-01,1.280169934034347534e-01,3.416524529457092285e-01,-3.954979777336120605e-01,9.999998807907104492e-01,1.599995233118534088e-02,4.105876386165618896e-01,-4.170740842819213867e-01,4.568175375461578369e-01,-4.300646185874938965e-01,7.712507843971252441e-01,-1.020667329430580139e-01,2.566714882850646973e-01,-4.593898952007293701e-01,5.234629660844802856e-02,6.150510534644126892e-02,9.220831096172332764e-02,-1.888765841722488403e-01,-7.100567966699600220e-02,3.029898554086685181e-02,1.635445952415466309e-01,1.201766133308410645e-01,5.535579323768615723e-01,2.879211306571960449e-01,1.554281562566757202e-01,-3.666791021823883057e-01,1.901105232536792755e-02,-1.062671095132827759e-01,1.249564960598945618e-01,1.158487871289253235e-01,-1.003988161683082581e-01,-1.144053563475608826e-01,-1.727658361196517944e-01,-4.296362996101379395e-01,-2.182182110846042633e-02,-2.943645715713500977e-01,-4.142019152641296387e-02,-3.439007103443145752e-01,2.980466932058334351e-02,-2.557350099086761475e-01,1.929870247840881348e-02,-3.432075306773185730e-02,-1.295771356672048569e-02,-3.294520378112792969e-01,-2.211364731192588806e-02,-1.745182275772094727e-01,4.075626656413078308e-02,-1.637302190065383911e-01,-9.444916620850563049e-03,-2.720335721969604492e-01,1.027876362204551697e-01,-3.424213826656341553e-01,3.771824240684509277e-01,-2.587239146232604980e-01,1.406911313533782959e-01,-2.013188451528549194e-01,2.552142143249511719e-01,-1.830568909645080566e-01,2.457906752824783325e-01,-3.946016132831573486e-01,1.963240653276443481e-01,-3.476969003677368164e-01,-1.011470183730125427e-01,-1.046920791268348694e-01,-1.101715490221977234e-01,-7.950159907341003418e-02,-9.891230612993240356e-02,-7.261046767234802246e-02,9.155306033790111542e-03,-2.490701526403427124e-01,8.529471606016159058e-02,-1.028787493705749512e-01,-1.716539859771728516e-01,-3.272288143634796143e-01,-7.929452694952487946e-04,-2.823281288146972656e-01,1.108186542987823486e-01,-3.863604366779327393e-01,2.497744746506214142e-02,-3.637968003749847412e-01,2.459956854581832886e-01,-3.793761432170867920e-01,2.278503328561782837e-01,-2.063169628381729126e-01,4.480141997337341309e-01,-3.707129061222076416e-01,-9.153793007135391235e-02,5.989000573754310608e-02,2.018764615058898926e-01,1.766921430826187134e-01,-1.577140241861343384e-01,-1.626392751932144165e-01,-1.137512624263763428e-01,-2.441813349723815918e-01,4.115961864590644836e-02,-2.199476063251495361e-01,1.449999809265136719e-01,-2.867206558585166931e-02,-2.676592580974102020e-02,-1.094274446368217468e-01,-8.121932297945022583e-02,-2.064591497182846069e-01,2.600417099893093109e-02,-3.306545317173004150e-01,-1.756104975938796997e-01,-1.208865940570831299e-01,-1.686887592077255249e-01,-1.007570996880531311e-01,-7.705289870500564575e-02,3.773025423288345337e-02,-9.491506218910217285e-02,-1.281238049268722534e-01
1.119055412709712982e-02,2.792866528034210205e-01,9.716364741325378418e-02,3.814834952354431152e-01,2.586371302604675293e-01,6.418412327766418457e-01,1.909351721405982971e-02,4.544746875762939453e-01,1.599995233118534088e-02,1.000000000000000000e+00,6.063854321837425232e-02,4.581999778747558594e-01,-2.646109834313392639e-02,4.964309930801391602e-01,5.635048262774944305e-03,7.140222191810607910e-01,2.992340736091136932e-02,3.845494389533996582e-01,1.406568735837936401e-01,1.543280184268951416e-01,1.743997335433959961e-01,2.498393207788467407e-01,3.404608964920043945e-01,1.659849137067794800e-01,3.657048940658569336e-01,3.899679780006408691e-01,1.391180008649826050e-01,3.616536557674407959e-01,1.309949308633804321e-01,3.830699026584625244e-01,2.300414144992828369e-01,3.134889602661132812e-01,5.856389552354812622e-02,1.065383106470108032e-01,-3.024944290518760681e-02,-2.399774827063083649e-02,-8.415738493204116821e-02,-3.425835445523262024e-02,-1.457197815179824829e-01,-9.680791944265365601e-02,-6.244102492928504944e-02,2.387813292443752289e-02,-2.434960901737213135e-01,-1.217890903353691101e-01,-1.253758370876312256e-01,1.070169825106859207e-02,-2.595237791538238525e-01,-1.567835062742233276e-01,-2.331149578094482422e-02,5.689099431037902832e-02,-4.557548463344573975e-02,5.001126322895288467e-03,-1.334641277790069580e-01,-8.465354144573211670e-02,-2.414669692516326904e-01,-1.119166463613510132e-01,-3.344517201185226440e-03,1.842960864305496216e-01,2.095691487193107605e-02,1.970319151878356934e-01,-2.393626235425472260e-02,2.504625320434570312e-01,-1.212949082255363464e-01,3.016293942928314209e-01,4.482617601752281189e-02,3.084042370319366455e-01,5.112147331237792969e-02,6.482197344303131104e-02,1.523340940475463867e-01,1.517257392406463623e-01,1.636155247688293457e-01,3.145679533481597900e-01,1.947815716266632080e-01,3.363948166370391846e-01,2.422793060541152954e-01,2.171703875064849854e-01,5.375115200877189636e-02,7.781167328357696533e-02,9.268619120121002197e-02,2.360589355230331421e-01,5.265691876411437988e-02,2.278509885072708130e-01,1.015971451997756958e-01,2.137694954872131348e-01,-1.035625860095024109e-02,4.284582659602165222e-02,-1.056778505444526672e-01,1.517654657363891602e-01,-1.942091435194015503e-01,-1.700653135776519775e-02,-5.172106996178627014e-02,-1.032847762107849121e-01,-9.082634747028350830e-02,-1.256335228681564331e-01,-1.771990805864334106e-01,-1.323933303356170654e-01,-2.702033221721649170e-01,-2.734823822975158691e-01,-2.463078647851943970e-01,-1.851395666599273682e-01,-9.879680350422859192e-03,-2.554257772862911224e-02,-3.346698358654975891e-02,-6.688637286424636841e-02,-6.085788831114768982e-02,-9.878484159708023071e-02,1.023420542478561401e-01,6.165719404816627502e-02,-1.281988769769668579e-01,-2.025972902774810791e-01,-2.616757750511169434e-01,-2.480613291263580322e-01,-1.138104498386383057e-01,-1.731149107217788696e-01,-2.069443911314010620e-01,-6.869298964738845825e-02
6.554441452026367188e-01,-2.113210856914520264e-01,5.275666117668151855e-01,-6.011433899402618408e-02,4.712288379669189453e-01,1.002094894647598267e-01,6.145539283752441406e-01,-1.481923609972000122e-01,4.105876386165618896e-01,6.063854321837425232e-02,9.999997615814208984e-01,-9.944702684879302979e-02,7.631245851516723633e-01,-7.634960114955902100e-02,3.458754122257232666e-01,-6.415814906358718872e-02,5.706840753555297852e-01,-1.857996582984924316e-01,3.053884804248809814e-01,4.666956141591072083e-02,-9.292130358517169952e-03,-1.843922585248947144e-01,2.668211162090301514e-01,2.096037566661834717e-01,2.585080564022064209e-01,1.706472486257553101e-01,2.207277417182922363e-01,7.494549453258514404e-02,3.915129601955413818e-01,-2.147313207387924194e-01,3.402829766273498535e-01,2.529410719871520996e-01,3.216135501861572266e-01,2.144888937473297119e-01,6.955645978450775146e-02,5.604976043105125427e-02,-9.800200909376144409e-02,-3.574956059455871582e-01,-4.288194701075553894e-02,-2.680495083332061768e-01,9.920947998762130737e-02,-2.897724509239196777e-01,-7.927515357732772827e-02,-1.722875535488128662e-01,-2.985364198684692383e-02,-3.534298622980713844e-03,-5.406001210212707520e-02,-3.040060698986053467e-01,8.848110586404800415e-02,-5.886683240532875061e-02,1.171084642410278320e-01,-1.550948768854141235e-01,3.599500283598899841e-02,-2.414602041244506836e-01,6.779871881008148193e-02,-3.247463703155517578e-01,5.999815464019775391e-01,-1.249357461929321289e-01,2.593636512756347656e-01,-2.405760735273361206e-01,5.347391366958618164e-01,-1.903122812509536743e-01,5.763955116271972656e-01,-1.763787865638732910e-01,3.916625380516052246e-01,-1.308135241270065308e-01,1.618147268891334534e-02,-6.781642884016036987e-02,1.349237514659762383e-03,-6.208134442567825317e-02,2.063990086317062378e-01,8.214220404624938965e-02,1.971724331378936768e-01,-1.119320690631866455e-01,1.290252804756164551e-01,-6.158329173922538757e-02,-2.588339149951934814e-02,-2.124586850404739380e-01,1.828392595052719116e-01,-1.780313402414321899e-01,2.729098200798034668e-01,-2.565112113952636719e-01,-2.558478713035583496e-02,-3.594278693199157715e-01,3.138436377048492432e-01,-2.997424006462097168e-01,2.457170784473419189e-01,-2.112207263708114624e-01,3.064611852169036865e-01,-3.923523128032684326e-01,-8.162827044725418091e-02,-9.284801781177520752e-02,5.968375504016876221e-02,-2.122456952929496765e-02,-2.872101962566375732e-01,-2.361716032028198242e-01,-2.170564979314804077e-01,-2.851887643337249756e-01,-1.101289317011833191e-01,-2.596954107284545898e-01,2.407217863947153091e-03,-5.480250343680381775e-02,-1.062213331460952759e-01,-2.503666281700134277e-01,-1.260710805654525757e-01,-2.871485948562622070e-01,-1.206805408000946045e-01,-2.161295115947723389e-01,-1.764115244150161743e-01,-2.711870372295379639e-01,-3.022478818893432617e-01,-1.823373883962631226e-01,-1.839815825223922729e-01,-1.122731044888496399e-01,-1.401385068893432617e-01,-3.013736605644226074e-01
-1.817263215780258179e-01,6.011371612548828125e-01,-1.061971019953489304e-02,5.713974833488464355e-01,-1.547440439462661743e-01,3.586760461330413818e-01,-1.145170405507087708e-01,7.242310047149658203e-01,-4.170740842819213867e-01,4.581999778747558594e-01,-9.944702684879302979e-02,9.999998807907104492e-01,-1.313226521015167236e-01,8.247554302215576172e-01,-4.415751099586486816e-01,4.046440720558166504e-01,-5.419055372476577759e-02,6.630530357360839844e-01,7.236909866333007812e-02,2.004412412643432617e-01,9.053385257720947266e-02,2.731011807918548584e-01,2.910978198051452637e-01,2.790280580520629883e-01,1.949862688779830933e-01,2.738120555877685547e-01,-2.790176570415496826e-01,-9.221911430358886719e-03,7.055155187845230103e-02,5.972532033920288086e-01,3.157262504100799561e-01,4.998875856399536133e-01,1.193535327911376953e-01,2.940161228179931641e-01,1.373250782489776611e-01,1.879641860723495483e-01,-1.217534020543098450e-02,2.573600411415100098e-01,-1.996744871139526367e-01,1.494991034269332886e-02,-4.044566676020622253e-02,2.463107705116271973e-01,-1.643390357494354248e-01,1.409537643194198608e-01,-5.752993747591972351e-02,2.246931642293930054e-01,-2.065429538488388062e-01,7.405021786689758301e-02,2.925369143486022949e-02,3.365603685379028320e-01,-5.584033951163291931e-02,2.433083951473236084e-01,-1.014834791421890259e-01,1.577038615942001343e-01,-2.905281782150268555e-01,1.136076301336288452e-01,-2.121517360210418701e-01,4.849478006362915039e-01,-1.141393277794122696e-02,4.426622986793518066e-01,-1.068612709641456604e-01,5.594454407691955566e-01,-8.503875881433486938e-02,7.128731608390808105e-01,-7.932001352310180664e-02,5.697789788246154785e-01,1.105046942830085754e-01,2.675701677799224854e-01,1.523553878068923950e-01,1.859951019287109375e-01,2.295729666948318481e-01,3.645687103271484375e-01,1.338537037372589111e-01,5.005863308906555176e-01,1.477192044258117676e-01,2.615285217761993408e-01,1.358168572187423706e-01,2.975107729434967041e-01,1.189500913023948669e-01,3.976051509380340576e-01,-4.033555090427398682e-02,4.744954705238342285e-01,-8.722476661205291748e-02,3.768938183784484863e-01,-2.129443734884262085e-01,3.326925039291381836e-01,-2.451426386833190918e-01,1.435444802045822144e-01,-4.066591858863830566e-01,1.992382407188415527e-01,-9.192369133234024048e-02,-7.440698891878128052e-02,-2.010093480348587036e-01,-1.474338322877883911e-01,-2.054875940084457397e-01,-1.502357274293899536e-01,-2.544031739234924316e-01,-8.841259777545928955e-02,-2.617657780647277832e-01,-1.191826350986957550e-02,-1.181504502892494202e-01,1.354573816061019897e-01,-7.136774063110351562e-02,5.692484229803085327e-02,-4.031235724687576294e-02,1.048587411642074585e-01,-1.547090802341699600e-02,2.659701108932495117e-01,-6.811717897653579712e-02,-1.965116411447525024e-01,-1.509197652339935303e-01,-1.366747021675109863e-01,-7.533001899719238281e-02,-1.159650236368179321e-01,-1.090551912784576416e-01,-1.284507215023040771e-01
5.813055634498596191e-01,-2.164788693189620972e-01,5.291127562522888184e-01,-3.069274127483367920e-02,5.309320092201232910e-01,1.404922455549240112e-01,6.387059688568115234e-01,-1.599177867174148560e-01,4.568175375461578369e-01,-2.646109834313392639e-02,7.631245851516723633e-01,-1.313226521015167236e-01,9.999997615814208984e-01,-9.140447527170181274e-02,3.717771768569946289e-01,-1.910535842180252075e-01,5.084445476531982422e-01,-2.231444418430328369e-01,2.150807082653045654e-01,3.199258819222450256e-02,1.992072723805904388e-02,-1.395397037267684937e-01,2.325403690338134766e-01,3.395753800868988037e-01,2.621541619300842285e-01,2.686596214771270752e-01,2.168217003345489502e-01,5.818860605359077454e-02,3.916611373424530029e-01,-2.423135489225387573e-01,3.563875555992126465e-01,2.915653586387634277e-01,2.731864452362060547e-01,1.927004456520080566e-01,5.339524894952774048e-02,5.320309475064277649e-02,-9.386021643877029419e-02,-3.361176550388336182e-01,-2.530974335968494415e-02,-2.551763951778411865e-01,1.044714078307151794e-01,-2.174482494592666626e-01,1.144077628850936890e-02,-1.546063423156738281e-01,5.426430329680442810e-02,-1.453644316643476486e-02,-1.627303287386894226e-02,-2.754492759704589844e-01,5.084647610783576965e-02,-8.896682411432266235e-02,2.045811340212821960e-02,-1.989820301532745361e-01,9.848613291978836060e-03,-2.093420177698135376e-01,7.399678230285644531e-02,-2.921988666057586670e-01,5.352758765220642090e-01,-1.249800622463226318e-01,2.012082785367965698e-01,-2.415987849235534668e-01,4.456085562705993652e-01,-1.588050276041030884e-01,5.292794108390808105e-01,-1.897072494029998779e-01,3.329770565032958984e-01,-1.774369031190872192e-01,3.340025246143341064e-02,-5.320037156343460083e-02,-5.714979954063892365e-03,-5.078024044632911682e-02,2.231080830097198486e-01,4.957737028598785400e-02,1.977622061967849731e-01,-1.508132368326187134e-01,1.413463205099105835e-01,-8.048024028539657593e-02,7.667183876037597656e-03,-1.664813458919525146e-01,1.515115201473236084e-01,-2.081262618303298950e-01,2.033739835023880005e-01,-2.798070311546325684e-01,-6.367730349302291870e-02,-3.362660706043243408e-01,2.330796420574188232e-01,-2.818870842456817627e-01,2.656161189079284668e-01,-2.155066728591918945e-01,3.033959865570068359e-01,-3.541368842124938965e-01,-1.119860336184501648e-01,-1.065713074058294296e-02,6.184283271431922913e-02,6.615459918975830078e-02,-3.103235065937042236e-01,-2.725183069705963135e-01,-1.776927709579467773e-01,-2.182362675666809082e-01,-8.178581297397613525e-02,-2.295573800802230835e-01,-1.813516952097415924e-02,5.270569026470184326e-02,-1.374300718307495117e-01,-1.136871427297592163e-01,-1.561119109392166138e-01,-1.923437416553497314e-01,-1.491764932870864868e-01,-1.231268867850303650e-01,-2.304252684116363525e-01,-2.531011104583740234e-01,-2.481615990400314331e-01,-1.475889682769775391e-01,-1.682706475257873535e-01,-1.148980110883712769e-01,-1.263420879840850830e-01,-3.318407833576202393e-01
