1.000000238418579102e+00,5.969665050506591797e-01,4.562785029411315918e-01,5.150181651115417480e-01,1.060463935136795044e-01,2.047956734895706177e-01,4.025433659553527832e-01,5.304367542266845703e-01,1.696349978446960449e-01,2.637941241264343262e-01,2.823940217494964600e-01,1.576945483684539795e-01,9.620624594390392303e-03,1.668682694435119629e-01,1.529139815829694271e-03,2.457473278045654297e-01,2.498948872089385986e-01,-9.330089390277862549e-02,5.905630588531494141e-01,3.398919403553009033e-01,5.005490407347679138e-02,1.370684653520584106e-01,1.363434642553329468e-01,3.252365291118621826e-01,-1.041887234896421432e-02,6.471478939056396484e-02,3.870542347431182861e-02,1.041308492422103882e-01,1.076679974794387817e-01,-9.155454486608505249e-02,2.145442217588424683e-01,1.975125521421432495e-01,4.791723191738128662e-01,3.348003625869750977e-01,-4.507247824221849442e-03,-6.812902539968490601e-02,2.568473108112812042e-02,1.201393827795982361e-02,-2.186622470617294312e-02,2.070425078272819519e-02,-3.512082621455192566e-02,1.554577499628067017e-01,-2.535702884197235107e-01,-3.374669253826141357e-01,-7.040659338235855103e-02,-7.571544498205184937e-02,-1.384651064872741699e-01,-2.050847858190536499e-01,-5.175773799419403076e-02,2.077299207448959351e-01,1.491066515445709229e-01,1.227905228734016418e-01,-4.548079147934913635e-02,1.005235500633716583e-02,-1.700191944837570190e-01,2.176748812198638916e-01,7.087815403938293457e-01,5.828214287757873535e-01,4.069533944129943848e-01,2.970496118068695068e-01,4.931060075759887695e-01,3.502719998359680176e-01,3.563829660415649414e-01,3.657414019107818604e-01,3.824737370014190674e-01,3.388631045818328857e-01,4.736732244491577148e-01,1.110010743141174316e-01,7.603367567062377930e-01,5.447014570236206055e-01,1.680093407630920410e-01,4.996895417571067810e-02,1.986404657363891602e-01,-9.223249554634094238e-02,-7.422083616256713867e-02,8.960306644439697266e-02,2.965447492897510529e-02,1.408528238534927368e-01,1.706032603979110718e-01,-9.711904451251029968e-03,7.228719443082809448e-02,1.738289594650268555e-01,-1.258395612239837646e-01,-2.459528446197509766e-01,1.230118572711944580e-01,1.650536209344863892e-01,-2.543788850307464600e-01,-2.328067421913146973e-01,-6.841212511062622070e-02,6.492765247821807861e-02,8.427000790834426880e-02,1.636933237314224243e-01,1.283049285411834717e-01,3.216457739472389221e-02,4.555266723036766052e-02,1.566217392683029175e-01,3.079471178352832794e-02,2.205699831247329712e-01,9.612268954515457153e-02,3.267734050750732422e-01,-2.702323533594608307e-02,-1.696958541870117188e-01,-1.904271245002746582e-01,-3.098434209823608398e-01,-2.206698209047317505e-01,-2.050114721059799194e-01,-2.848913967609405518e-01,-2.134544551372528076e-01,1.411878019571304321e-01,4.870342835783958435e-02,-1.252877116203308105e-01,1.291493624448776245e-01,2.339853197336196899e-01,-3.629222745075821877e-03,-9.312880039215087891e-02,-4.164771735668182373e-02
5.969665050506591797e-01,1.000000119209289551e+00,4.374107122421264648e-01,5.771600008010864258e-01,2.137972712516784668e-01,3.153323531150817871e-01,3.582048416137695312e-01,5.511475801467895508e-01,3.256551325321197510e-01,3.421211242675781250e-01,5.357264727354049683e-02,3.681078255176544189e-01,4.924143850803375244e-02,2.917923927307128906e-01,7.826119661331176758e-03,3.136543929576873779e-01,2.067492008209228516e-01,1.470373123884201050e-01,5.102316141128540039e-01,4.921752214431762695e-01,8.643888682126998901e-02,1.679130941629409790e-01,3.023915290832519531e-01,4.665078520774841309e-01,9.780699014663696289e-02,2.474140226840972900e-01,1.607029587030410767e-01,2.239922434091567993e-01,5.046589672565460205e-02,7.106091082096099854e-02,3.298762738704681396e-01,3.358630537986755371e-01,3.989170491695404053e-01,3.239661157131195068e-01,4.923209175467491150e-02,-3.294776380062103271e-02,-4.349263012409210205e-02,-7.540097087621688843e-02,-1.126501858234405518e-01,-1.157353743910789490e-01,-9.016676247119903564e-02,1.724777966737747192e-01,-1.387630552053451538e-01,-2.020009011030197144e-01,9.228558093309402466e-02,1.199691295623779297e-01,-1.238427758216857910e-01,-1.961356997489929199e-01,2.507280185818672180e-02,3.283906579017639160e-01,1.351486295461654663e-01,3.463435471057891846e-01,-9.462228417396545410e-02,1.310830414295196533e-01,-2.208079993724822998e-01,7.662901282310485840e-02,5.941362977027893066e-01,6.987171173095703125e-01,4.059717655181884766e-01,4.527942240238189697e-01,4.647462666034698486e-01,5.366020798683166504e-01,2.915257215499877930e-01,5.774738192558288574e-01,3.999923467636108398e-01,5.285581350326538086e-01,4.967357516288757324e-01,1.981645077466964722e-01,6.266398429870605469e-01,5.451369285583496094e-01,5.388814955949783325e-02,5.103956907987594604e-02,7.983144372701644897e-02,-3.281702520325779915e-03,-1.135683506727218628e-01,2.080656960606575012e-02,1.823981292545795441e-02,3.496276214718818665e-02,2.261690795421600342e-01,3.348169475793838501e-02,1.188666820526123047e-01,2.881670296192169189e-01,-3.931855410337448120e-02,6.935883313417434692e-02,9.792562574148178101e-02,3.104900121688842773e-01,-1.939292997121810913e-01,6.648951023817062378e-02,-1.164630502462387085e-01,1.837368160486221313e-01,-1.043287292122840881e-01,5.315374210476875305e-02,-8.495514839887619019e-02,-4.044722393155097961e-02,-7.754712551832199097e-02,4.545898735523223877e-02,-1.130374521017074585e-01,7.761704176664352417e-02,-1.372568905353546143e-01,1.502942591905593872e-01,-2.078933119773864746e-01,-1.821621656417846680e-01,-3.251054584980010986e-01,-2.910966873168945312e-01,-1.500228941440582275e-01,-1.892380118370056152e-01,-2.572393715381622314e-01,-2.002384960651397705e-01,2.683377638459205627e-02,-6.277687847614288330e-02,-2.092093676328659058e-01,3.198936954140663147e-02,1.016988977789878845e-01,-6.949180364608764648e-02,-1.158194839954376221e-01,-1.542286723852157593e-01
4.562785029411315918e-01,4.374107122421264648e-01,1.000000238418579102e+00,7.468112707138061523e-01,6.031866185367107391e-03,-4.999018087983131409e-02,7.299385070800781250e-01,6.629251241683959961e-01,3.800615072250366211e-01,7.294799387454986572e-02,1.856164932250976562e-01,1.268116086721420288e-01,2.864609360694885254e-01,1.917203068733215332e-01,-3.380103409290313721e-01,-7.943542674183845520e-03,2.548096477985382080e-01,-4.630773514509201050e-02,5.110779404640197754e-01,2.910255193710327148e-01,3.431180724874138832e-03,2.115442231297492981e-02,5.415126085281372070e-01,7.114273905754089355e-01,2.162231802940368652e-01,2.618815004825592041e-01,4.989863932132720947e-02,1.070810109376907349e-02,2.102753818035125732e-01,1.073766946792602539e-01,4.326004385948181152e-01,3.615430593490600586e-01,4.100246131420135498e-01,2.466047555208206177e-01,1.321547031402587891e-01,4.402234032750129700e-02,-1.149381846189498901e-01,-2.008436769247055054e-01,-1.181378588080406189e-01,-1.212319359183311462e-02,-2.272511646151542664e-02,-3.033570246770977974e-03,-2.252594940364360809e-02,1.663163118064403534e-02,-8.235847949981689453e-02,7.685794681310653687e-02,4.997244477272033691e-02,-6.312813144177198410e-03,-1.443170905113220215e-01,-2.572958730161190033e-02,3.607172984629869461e-03,9.881483390927314758e-03,1.066094636917114258e-02,-1.157463714480400085e-01,2.178263477981090546e-02,-3.361589042469859123e-03,3.123203814029693604e-01,3.059571683406829834e-01,7.973279803991317749e-02,4.613173380494117737e-02,1.841780990362167358e-01,1.809075474739074707e-01,1.302996277809143066e-01,2.372607886791229248e-01,1.698480546474456787e-01,1.700475960969924927e-01,2.018495202064514160e-01,-3.410705924034118652e-02,4.525049328804016113e-01,1.985475271940231323e-01,4.101313278079032898e-02,2.475685207173228264e-03,1.010814756155014038e-01,6.321617960929870605e-02,-1.827889829874038696e-01,-1.080168634653091431e-01,-4.691009968519210815e-02,-1.569306254386901855e-01,2.073490768671035767e-01,3.697817027568817139e-02,1.917676776647567749e-01,2.350334078073501587e-02,2.565550506114959717e-01,6.161056086421012878e-02,1.206273958086967468e-01,-5.931042879819869995e-02,4.746124148368835449e-02,3.297560662031173706e-02,7.992233335971832275e-02,-1.380449831485748291e-01,6.475493311882019043e-02,-1.421501487493515015e-01,1.564397849142551422e-02,-1.153351068496704102e-01,-1.394249945878982544e-01,-1.612721830606460571e-01,-1.519564986228942871e-01,-7.843276858329772949e-02,5.642295628786087036e-02,-3.219791874289512634e-02,4.376776888966560364e-02,-1.159373149275779724e-01,-2.157080546021461487e-02,3.440377861261367798e-02,-3.185748308897018433e-02,-1.526407338678836823e-02,-7.976159453392028809e-02,-1.461718678474426270e-01,-1.515928655862808228e-01,-1.309430748224258423e-01,4.157418757677078247e-02,1.343789696693420410e-01,2.054264396429061890e-02,-5.331297218799591064e-02,2.853717096149921417e-02,4.244485124945640564e-02
5.150181651115417480e-01,5.771600008010864258e-01,7.468112707138061523e-01,1.000000119209289551e+00,7.704932987689971924e-02,9.984350204467773438e-02,6.583529710769653320e-01,7.623767852783203125e-01,3.050132095813751221e-01,2.193095982074737549e-01,1.028335019946098328e-01,2.901966273784637451e-01,1.585915237665176392e-01,3.423924148082733154e-01,-3.015232682228088379e-01,1.133284047245979309e-01,2.032125443220138550e-01,3.427730500698089600e-02,6.131246089935302734e-01,4.380535781383514404e-01,-4.186441376805305481e-02,4.460235685110092163e-02,5.154769420623779297e-01,7.398844361305236816e-01,1.483791470527648926e-01,2.748157978057861328e-01,2.931605651974678040e-02,2.852701023221015930e-02,1.554755121469497681e-01,1.589633971452713013e-01,4.701662659645080566e-01,4.190622270107269287e-01,4.844759106636047363e-01,3.451464772224426270e-01,1.228846535086631775e-01,4.128617420792579651e-02,-8.720893412828445435e-02,-1.637570559978485107e-01,-5.678187310695648193e-02,-1.828636601567268372e-02,-3.288207948207855225e-02,6.590411067008972168e-02,-7.950473576784133911e-02,-4.694895073771476746e-02,-6.435701251029968262e-02,6.869057565927505493e-02,-4.507137835025787354e-02,-6.787682324647903442e-02,-1.872336417436599731e-01,6.089268252253532410e-03,-5.827129259705543518e-02,7.032847404479980469e-02,-9.465763717889785767e-02,-7.207772135734558105e-02,-8.161571621894836426e-02,-3.172066994011402130e-03,3.658949732780456543e-01,4.573759734630584717e-01,1.541175395250320435e-01,1.851321458816528320e-01,2.501222491264343262e-01,3.380933105945587158e-01,1.782109141349792480e-01,4.130692183971405029e-01,2.063141167163848877e-01,3.124224841594696045e-01,3.006142377853393555e-01,5.555979534983634949e-02,5.242884159088134766e-01,3.183110654354095459e-01,9.341283142566680908e-02,8.515010029077529907e-02,1.137135326862335205e-01,8.275324851274490356e-02,-1.194218993186950684e-01,-6.068702787160873413e-02,-2.503778599202632904e-02,-9.424108266830444336e-02,1.717513501644134521e-01,3.716507181525230408e-02,1.379597038030624390e-01,1.499878019094467163e-01,1.811516880989074707e-01,1.034727245569229126e-01,5.397393554449081421e-02,8.745879679918289185e-02,-4.339204356074333191e-02,6.533273309469223022e-02,-5.542201921343803406e-02,-3.342561796307563782e-02,-7.152077555656433105e-02,-1.295993030071258545e-01,-1.165712773799896240e-01,-1.674523055553436279e-01,-1.060513183474540710e-01,-7.581814378499984741e-02,-1.494557857513427734e-01,-3.627269342541694641e-02,-5.284520611166954041e-02,-1.515568234026432037e-02,-1.229684054851531982e-01,-2.083371281623840332e-01,-1.638978123664855957e-01,-9.931520372629165649e-02,-8.590126037597656250e-02,-1.029503569006919861e-01,-1.216638535261154175e-01,-1.844664812088012695e-01,-9.146769344806671143e-02,-9.482543915510177612e-02,-3.244439885020256042e-02,7.117173075675964355e-02,1.868097856640815735e-02,-1.228726357221603394e-01,-8.626569062471389771e-02,-3.824878484010696411e-02
1.060463935136795044e-01,2.137972712516784668e-01,6.031866185367107391e-03,7.704932987689971924e-02,1.000000000000000000e+00,5.491847991943359375e-01,-1.761616580188274384e-02,3.443297371268272400e-02,3.145739734172821045e-01,2.098004668951034546e-01,8.966394234448671341e-04,1.181951537728309631e-01,6.679558753967285156e-02,8.118001371622085571e-02,4.110841751098632812e-01,2.577124536037445068e-01,1.081143841147422791e-01,1.150240749120712280e-01,1.816405653953552246e-01,2.835336029529571533e-01,1.208031699061393738e-01,2.184070795774459839e-01,1.164940670132637024e-01,7.697694748640060425e-02,4.316956996917724609e-01,3.931703269481658936e-01,3.363825678825378418e-01,3.618838787078857422e-01,1.638472676277160645e-01,1.387079805135726929e-01,2.205951958894729614e-01,2.894592285156250000e-01,1.821321696043014526e-01,2.644101083278656006e-01,1.567271947860717773e-01,1.708137243986129761e-01,-4.171726293861865997e-03,1.082975193858146667e-01,-6.646628677845001221e-02,-6.647244840860366821e-02,6.237102206796407700e-03,2.565748989582061768e-01,1.101399492472410202e-02,-6.386654078960418701e-02,1.573536098003387451e-01,1.233146414160728455e-01,-6.537194713018834591e-04,2.698779664933681488e-02,1.137910559773445129e-01,2.434524595737457275e-01,5.007222667336463928e-02,2.386904507875442505e-01,-9.346284717321395874e-02,1.536729931831359863e-01,-1.508468836545944214e-01,4.057158529758453369e-02,1.495621353387832642e-01,1.981020122766494751e-01,1.911439597606658936e-01,2.784199416637420654e-01,1.333497017621994019e-01,1.792934983968734741e-01,1.224190294742584229e-01,6.951843202114105225e-02,1.435065120458602905e-01,2.486910969018936157e-01,2.383603006601333618e-01,2.650972604751586914e-01,1.179203838109970093e-01,3.517116904258728027e-01,3.110702931880950928e-01,2.787132859230041504e-01,1.541645973920822144e-01,1.439621299505233765e-01,2.033595740795135498e-01,2.396384626626968384e-01,1.992135047912597656e-01,1.813078224658966064e-01,-2.241878025233745575e-02,1.261092722415924072e-02,7.060693949460983276e-02,1.432397812604904175e-01,2.612632513046264648e-02,1.009086444973945618e-01,9.255935437977313995e-03,1.644467562437057495e-01,1.143277287483215332e-01,2.048621624708175659e-01,-6.354028731584548950e-02,2.165966778993606567e-01,-1.430816352367401123e-01,5.630576610565185547e-02,-1.273611932992935181e-01,-2.137766405940055847e-02,6.547518819570541382e-02,1.714279651641845703e-01,2.399503067135810852e-02,1.226936504244804382e-01,-8.765202015638351440e-02,1.365875899791717529e-01,-1.556060314178466797e-01,-6.835056841373443604e-02,-1.073718219995498657e-01,-1.044774726033210754e-01,9.803380072116851807e-02,7.749981433153152466e-02,2.479146234691143036e-02,4.307131841778755188e-02,1.917168796062469482e-01,7.708748430013656616e-02,-2.018295973539352417e-02,-4.858754575252532959e-02,9.749367088079452515e-02,-4.953036829829216003e-02,-5.019265040755271912e-02,6.889220792800188065e-03
2.047956734895706177e-01,3.153323531150817871e-01,-4.999018087983131409e-02,9.984350204467773438e-02,5.491847991943359375e-01,1.000000238418579102e+00,-1.127566471695899963e-01,1.261186897754669189e-01,1.886990517377853394e-01,4.987892508506774902e-01,-1.533832997083663940e-01,1.689571887254714966e-01,-1.663514673709869385e-01,1.766615211963653564e-01,3.734149038791656494e-01,4.751909673213958740e-01,-7.651001680642366409e-03,8.975145965814590454e-02,2.435787618160247803e-01,3.328905701637268066e-01,8.287357538938522339e-02,2.483290582895278931e-01,7.754109799861907959e-02,1.313076633960008621e-02,2.547451853752136230e-01,3.004407286643981934e-01,3.898231089115142822e-01,5.208724141120910645e-01,-2.786722220480442047e-02,2.346456237137317657e-02,1.934129595756530762e-01,1.856902539730072021e-01,1.724316030740737915e-01,2.212936729192733765e-01,6.755830347537994385e-02,7.693092525005340576e-02,3.692039754241704941e-03,1.520148962736129761e-01,-1.275461539626121521e-02,-2.260516025125980377e-02,-1.108589842915534973e-01,3.965902626514434814e-01,-1.185312420129776001e-01,-2.402479350566864014e-01,1.527181565761566162e-01,6.846597045660018921e-02,-1.392706483602523804e-01,-1.614289879798889160e-01,1.066148355603218079e-01,2.595050930976867676e-01,7.618465274572372437e-02,1.906376779079437256e-01,-1.111658066511154175e-01,1.509492844343185425e-01,-3.183916807174682617e-01,5.226306617259979248e-02,2.829675376415252686e-01,3.759903907775878906e-01,3.932130038738250732e-01,4.057739973068237305e-01,3.356384336948394775e-01,3.683716654777526855e-01,1.929936110973358154e-01,2.425680011510848999e-01,2.917519807815551758e-01,3.405931591987609863e-01,4.310519397258758545e-01,3.104205727577209473e-01,2.513393461704254150e-01,3.681183159351348877e-01,1.821142584085464478e-01,1.839043349027633667e-01,4.800362139940261841e-02,-4.322076216340065002e-03,7.446458935737609863e-02,1.230490952730178833e-01,9.739895910024642944e-02,1.799452155828475952e-01,-6.973927468061447144e-02,-8.299809694290161133e-02,-9.245555102825164795e-02,2.169532328844070435e-01,-1.201910674571990967e-01,-7.488950341939926147e-02,-8.660468459129333496e-02,2.662050426006317139e-01,-1.809772700071334839e-01,8.803382515907287598e-02,-2.248698770999908447e-01,2.329732477664947510e-01,-2.257148623466491699e-01,1.250535696744918823e-01,-1.901919990777969360e-01,-3.479540720582008362e-02,1.842217333614826202e-02,2.148973792791366577e-01,-5.555333942174911499e-02,1.421014517545700073e-01,-2.049268633127212524e-01,2.197705358266830444e-01,-2.886597514152526855e-01,-1.260528862476348877e-01,-3.071275055408477783e-01,-3.557294905185699463e-01,-1.552423238754272461e-01,-1.728681176900863647e-01,-2.041705697774887085e-01,-1.236179992556571960e-01,2.542780637741088867e-01,2.805752493441104889e-02,-1.889890432357788086e-01,-1.527328491210937500e-01,5.099521577358245850e-02,-1.304922997951507568e-01,-1.155800968408584595e-01,-1.768314279615879059e-02
4.025433659553527832e-01,3.582048416137695312e-01,7.299385070800781250e-01,6.583529710769653320e-01,-1.761616580188274384e-02,-1.127566471695899963e-01,1.000000119209289551e+00,6.544205546379089355e-01,3.157661855220794678e-01,-1.097364649176597595e-01,3.538349866867065430e-01,1.077681407332420349e-01,4.703614711761474609e-01,2.134824544191360474e-01,-2.832971811294555664e-01,-1.291290819644927979e-01,2.795118987560272217e-01,-4.584413394331932068e-02,3.381143808364868164e-01,1.016761884093284607e-01,-4.948558658361434937e-02,-3.723463788628578186e-02,5.146522521972656250e-01,6.936392188072204590e-01,1.676974445581436157e-01,1.264786869287490845e-01,-3.756673634052276611e-02,-1.543622165918350220e-01,3.416960239410400391e-01,1.840359866619110107e-01,3.351946771144866943e-01,2.667851150035858154e-01,3.367883265018463135e-01,1.737865209579467773e-01,1.383325904607772827e-01,5.051858723163604736e-02,-7.715617865324020386e-02,-2.034486085176467896e-01,-2.970919013023376465e-02,6.730850785970687866e-02,7.581998407840728760e-02,-3.409627079963684082e-02,2.053283341228961945e-02,1.340309381484985352e-01,-7.301597297191619873e-02,1.297898590564727783e-01,8.209915459156036377e-02,6.323716789484024048e-02,-1.128109544515609741e-01,2.626441232860088348e-02,-9.438731707632541656e-03,5.148176848888397217e-02,3.713540360331535339e-02,-1.230432391166687012e-01,1.317943781614303589e-01,-6.432580947875976562e-02,1.783831119537353516e-01,1.627486348152160645e-01,-2.210038341581821442e-02,-9.719352424144744873e-02,6.994654238224029541e-02,5.523995682597160339e-02,-3.111972846090793610e-02,9.173961728811264038e-02,5.560509487986564636e-02,6.351538747549057007e-02,6.566375494003295898e-02,-6.123165413737297058e-02,3.136768341064453125e-01,4.257263988256454468e-02,5.831189453601837158e-02,5.289117991924285889e-02,1.914900094270706177e-01,1.216930896043777466e-01,-8.730863779783248901e-02,-9.851858764886856079e-02,6.762588024139404297e-02,-1.196154803037643433e-01,1.406429558992385864e-01,-2.249246649444103241e-02,1.724047958850860596e-01,-1.042678803205490112e-01,2.596121728420257568e-01,1.730958074331283569e-01,1.079668030142784119e-01,-1.362400949001312256e-01,9.996050596237182617e-02,8.445660024881362915e-02,1.388911455869674683e-01,-1.281566917896270752e-01,7.780238240957260132e-02,-1.586222499608993530e-01,2.628105878829956055e-02,-8.029579371213912964e-02,-9.766003489494323730e-02,-1.561693996191024780e-01,-1.093535944819450378e-01,-1.248028948903083801e-01,9.780193865299224854e-02,-1.034540459513664246e-01,1.082802340388298035e-01,2.036974951624870300e-02,5.609738081693649292e-02,2.045425772666931152e-01,-1.124187139794230461e-03,4.810525104403495789e-02,-6.217879708856344223e-03,-9.437771141529083252e-02,-1.657714247703552246e-01,-8.428093045949935913e-02,1.035035997629165649e-01,1.276473104953765869e-01,-3.091424144804477692e-02,-4.236975684762001038e-02,-1.655899919569492340e-02,4.550039023160934448e-02
5.304367542266845703e-01,5.511475801467895508e-01,6.629251241683959961e-01,7.623767852783203125e-01,3.443297371268272400e-02,1.261186897754669189e-01,6.544205546379089355e-01,1.000000357627868652e+00,2.351397126913070679e-01,2.443634718656539917e-01,1.759306341409683228e-01,3.492183089256286621e-01,1.874865442514419556e-01,4.888713061809539795e-01,-2.446751147508621216e-01,1.665689200162887573e-01,1.107420995831489563e-01,4.949165880680084229e-02,4.980683922767639160e-01,2.783985733985900879e-01,-5.624994635581970215e-02,7.418584823608398438e-02,4.809041917324066162e-01,6.798939108848571777e-01,9.243627637624740601e-02,1.920153796672821045e-01,3.092786855995655060e-02,2.334753982722759247e-02,1.173739656805992126e-01,1.951344460248947144e-01,4.155669212341308594e-01,3.548781573772430420e-01,4.304232001304626465e-01,2.911412417888641357e-01,9.004307538270950317e-02,8.955288678407669067e-03,-2.938833273947238922e-02,-9.102839976549148560e-02,7.083689328283071518e-03,5.039230734109878540e-02,9.508715011179447174e-03,1.083169430494308472e-01,-1.364395618438720703e-01,-1.032266393303871155e-01,-7.518658041954040527e-02,9.295248240232467651e-02,-1.307273656129837036e-01,-1.233142092823982239e-01,-1.830575168132781982e-01,6.645227223634719849e-02,-7.586627453565597534e-02,4.322297871112823486e-02,-1.407452076673507690e-01,-8.026821166276931763e-02,-9.729053080081939697e-02,7.629950344562530518e-02,3.374350368976593018e-01,4.538904726505279541e-01,1.868152022361755371e-01,1.586472243070602417e-01,2.380597442388534546e-01,3.402147889137268066e-01,8.221745491027832031e-02,4.060783386230468750e-01,1.731254458427429199e-01,2.697378993034362793e-01,3.036922514438629150e-01,5.410895496606826782e-02,4.891932308673858643e-01,2.137734591960906982e-01,9.951154142618179321e-02,9.197725355625152588e-02,1.171729937195777893e-01,8.022278547286987305e-02,-1.287152618169784546e-01,-5.944726616144180298e-02,-4.886073246598243713e-02,-4.593314230442047119e-02,1.250512152910232544e-01,3.251934051513671875e-02,6.392374169081449509e-03,1.775022000074386597e-01,9.643462300300598145e-02,5.601294338703155518e-02,-1.550405751913785934e-02,1.587639898061752319e-01,-1.367441564798355103e-01,1.341059897094964981e-02,-9.344201534986495972e-02,6.302002072334289551e-02,-9.613335132598876953e-02,-3.339164331555366516e-02,-1.266564130783081055e-01,-1.217648833990097046e-01,-9.405344724655151367e-02,-4.705730825662612915e-02,-1.379120051860809326e-01,-1.251072809100151062e-02,-6.681051105260848999e-02,6.082741543650627136e-02,-1.364663243293762207e-01,-1.836853325366973877e-01,-1.777951568365097046e-01,-1.423882544040679932e-01,-2.224297374486923218e-01,-1.824884563684463501e-01,-1.977691799402236938e-01,-2.127523273229598999e-01,-7.998359203338623047e-02,-7.662426680326461792e-02,-2.765638567507266998e-02,2.117260359227657318e-02,1.500742882490158081e-02,-1.305418014526367188e-01,-1.158051341772079468e-01,-4.154093563556671143e-02
1.696349978446960449e-01,3.256551325321197510e-01,3.800615072250366211e-01,3.050132095813751221e-01,3.145739734172821045e-01,1.886990517377853394e-01,3.157661855220794678e-01,2.351397126913070679e-01,9.999998211860656738e-01,2.679519057273864746e-01,1.385596245527267456e-01,8.201760798692703247e-02,3.670907914638519287e-01,1.785403341054916382e-01,1.965818703174591064e-01,1.282755583524703979e-01,2.617169618606567383e-01,1.117490753531455994e-01,2.022764235734939575e-01,2.295089215040206909e-01,1.291557848453521729e-01,1.290873438119888306e-01,4.199899137020111084e-01,3.598460257053375244e-01,3.420690000057220459e-01,4.883795380592346191e-01,2.864503860473632812e-01,2.998785078525543213e-01,2.955687046051025391e-01,1.771596819162368774e-01,4.161469936370849609e-01,3.604992032051086426e-01,1.337053477764129639e-01,1.055762395262718201e-01,1.837893873453140259e-01,1.142756491899490356e-01,-3.324859216809272766e-02,-3.497198969125747681e-02,-6.021334975957870483e-02,2.656478434801101685e-02,6.608066707849502563e-02,2.072653919458389282e-01,2.992367371916770935e-02,3.104378096759319305e-02,1.797863990068435669e-01,2.386287897825241089e-01,3.921075165271759033e-02,1.881559938192367554e-02,1.127780750393867493e-01,2.436726093292236328e-01,1.112020760774612427e-01,2.039767503738403320e-01,-2.800695039331912994e-02,9.627210348844528198e-02,-2.808733843266963959e-02,4.676127433776855469e-02,2.404091209173202515e-01,2.661219239234924316e-01,1.648931950330734253e-01,1.972831040620803833e-01,2.166579514741897583e-01,2.143859118223190308e-01,1.768267154693603516e-01,1.493151187896728516e-01,2.143785506486892700e-01,2.608716785907745361e-01,2.762737572193145752e-01,2.104289978742599487e-01,2.502372562885284424e-01,2.697652876377105713e-01,2.018630802631378174e-01,1.333954483270645142e-01,1.799338012933731079e-01,1.206142306327819824e-01,3.047344647347927094e-02,6.229317188262939453e-02,1.194943785667419434e-01,7.458689808845520020e-02,1.692689359188079834e-01,5.252992361783981323e-02,1.716116666793823242e-01,7.323314994573593140e-02,8.761182427406311035e-02,1.297752559185028076e-01,1.002545729279518127e-01,4.853168874979019165e-02,-8.196390233933925629e-03,1.344473510980606079e-01,6.530722230672836304e-02,4.908000677824020386e-02,-6.557214073836803436e-03,-4.393362626433372498e-02,-3.507121652364730835e-02,-8.989568799734115601e-02,4.750268906354904175e-02,-1.732538337819278240e-03,-6.325421482324600220e-02,8.582653477787971497e-03,-1.678941212594509125e-02,5.690446868538856506e-02,-4.587959498167037964e-02,-3.460466489195823669e-02,-5.944612249732017517e-02,-4.536519572138786316e-02,-2.171979658305644989e-02,-1.846330054104328156e-02,-1.709476560354232788e-01,-1.350341886281967163e-01,4.467406775802373886e-03,1.213375665247440338e-02,4.141553305089473724e-03,-1.525975018739700317e-02,-2.751309797167778015e-02,5.731630697846412659e-02,4.657796025276184082e-02,4.790346696972846985e-02
2.637941241264343262e-01,3.421211242675781250e-01,7.294799387454986572e-02,2.193095982074737549e-01,2.098004668951034546e-01,4.987892508506774902e-01,-1.097364649176597595e-01,2.443634718656539917e-01,2.679519057273864746e-01,9.999998211860656738e-01,-1.303204149007797241e-01,2.736631333827972412e-01,-2.227354645729064941e-01,3.657440841197967529e-01,1.723411977291107178e-01,5.753690004348754883e-01,1.469357963651418686e-02,1.853819340467453003e-01,2.992762327194213867e-01,3.347075283527374268e-01,5.219599977135658264e-02,2.568757534027099609e-01,9.940832108259201050e-02,4.584120213985443115e-02,-2.354807965457439423e-02,2.858903706073760986e-01,2.430380284786224365e-01,3.267336785793304443e-01,-1.036265417933464050e-01,4.880272969603538513e-02,3.468618392944335938e-01,3.004069924354553223e-01,1.855650842189788818e-01,2.165920734405517578e-01,-1.554259657859802246e-02,-1.788083091378211975e-02,2.087012529373168945e-01,3.000363409519195557e-01,1.444169282913208008e-01,1.292237937450408936e-01,3.236556221963837743e-05,3.067757487297058105e-01,-1.498637944459915161e-01,-2.992644309997558594e-01,1.117160618305206299e-01,3.428850322961807251e-02,-1.579277366399765015e-01,-1.931533217430114746e-01,3.344240598380565643e-03,1.359791159629821777e-01,6.273350119590759277e-02,3.901638090610504150e-02,-1.144808903336524963e-01,1.010043174028396606e-01,-1.574765592813491821e-01,3.148761689662933350e-01,3.859312236309051514e-01,4.655942022800445557e-01,3.618299067020416260e-01,3.689133226871490479e-01,3.729270100593566895e-01,4.055721759796142578e-01,3.431911766529083252e-01,4.146212637424468994e-01,3.228066861629486084e-01,3.250506818294525146e-01,4.322555959224700928e-01,2.423239350318908691e-01,3.424512743949890137e-01,3.993254899978637695e-01,1.659261286258697510e-01,1.565413624048233032e-01,3.787687048316001892e-02,2.050759643316268921e-02,9.313208609819412231e-02,1.577700078487396240e-01,-1.948742382228374481e-02,2.243126630783081055e-01,8.801067620515823364e-02,5.844088643789291382e-02,-1.215273141860961914e-02,4.289059340953826904e-01,-2.530871629714965820e-01,-1.965660303831100464e-01,6.548465043306350708e-02,3.934178352355957031e-01,-3.682496249675750732e-01,-1.043069064617156982e-01,-8.272418379783630371e-02,3.250375986099243164e-01,-2.789643406867980957e-02,2.629110813140869141e-01,3.765854635275900364e-04,5.142585933208465576e-02,8.628559112548828125e-02,2.340571284294128418e-01,7.350620627403259277e-02,2.685860991477966309e-01,5.577433388680219650e-03,3.856885731220245361e-01,-1.613121181726455688e-01,-1.642219126224517822e-01,-1.750304996967315674e-01,-4.110078513622283936e-01,-2.425089031457901001e-01,-2.302910536527633667e-01,-2.687474489212036133e-01,-1.170410066843032837e-01,2.101681381464004517e-01,9.513743221759796143e-02,-1.259464621543884277e-01,-5.839182063937187195e-02,1.945322006940841675e-01,3.757790476083755493e-02,-4.126630350947380066e-02,2.607228234410285950e-02
2.823940217494964600e-01,5.357264727354049683e-02,1.856164932250976562e-01,1.028335019946098328e-01,8.966394234448671341e-04,-1.533832997083663940e-01,3.538349866867065430e-01,1.759306341409683228e-01,1.385596245527267456e-01,-1.303204149007797241e-01,9.999998211860656738e-01,1.900385618209838867e-01,4.823972880840301514e-01,1.727059781551361084e-01,8.126865327358245850e-02,-1.750840991735458374e-01,4.922477602958679199e-01,9.356185048818588257e-02,-4.408165439963340759e-02,-1.682407557964324951e-01,4.706862196326255798e-02,1.636913232505321503e-02,1.456412225961685181e-01,1.810352802276611328e-01,1.575775630772113800e-02,3.119170106947422028e-02,-8.787324279546737671e-02,-1.950582265853881836e-01,4.923398494720458984e-01,2.109799087047576904e-01,8.804058656096458435e-03,-1.946146227419376373e-02,3.927309811115264893e-02,-1.885975711047649384e-02,-6.829272210597991943e-02,-1.169322282075881958e-01,1.333051025867462158e-01,-7.247131783515214920e-03,1.187987774610519409e-01,1.682470142841339111e-01,2.189542353153228760e-01,-1.325182467699050903e-01,6.487966328859329224e-02,6.493313610553741455e-02,1.419838666915893555e-01,1.584803014993667603e-01,6.007612496614456177e-02,3.081968054175376892e-03,2.707420289516448975e-01,2.468241602182388306e-01,2.149346768856048584e-01,6.208363175392150879e-02,1.704370528459548950e-01,-4.860117658972740173e-02,2.326989769935607910e-01,6.262049078941345215e-02,1.784198135137557983e-01,1.680640876293182373e-02,1.780552417039871216e-01,5.327184870839118958e-02,1.565198153257369995e-01,3.634340316057205200e-02,5.084567889571189880e-02,-7.652652263641357422e-02,1.091384440660476685e-01,1.445039175450801849e-02,8.144295215606689453e-02,1.145241260528564453e-01,1.051331087946891785e-01,3.524864464998245239e-02,1.752390414476394653e-01,1.064355596899986267e-01,3.145721852779388428e-01,1.905419826507568359e-01,1.448989808559417725e-01,1.230108961462974548e-01,1.242383122444152832e-01,6.354997307062149048e-02,1.115387231111526489e-01,3.741120919585227966e-02,2.996263802051544189e-01,-1.664955914020538330e-02,1.056642308831214905e-01,8.577886223793029785e-02,2.837201058864593506e-01,-7.867356389760971069e-02,1.960007101297378540e-01,1.917556364787742496e-04,3.141996562480926514e-01,1.808709092438220978e-02,3.191567957401275635e-01,9.405397623777389526e-02,3.214138448238372803e-01,2.024699747562408447e-01,1.063391789793968201e-01,1.609812118113040924e-02,1.185874864459037781e-01,1.411176752299070358e-02,3.365823328495025635e-01,7.225482165813446045e-02,3.771129250526428223e-01,2.482454329729080200e-01,3.503527045249938965e-01,3.339934945106506348e-01,1.199572756886482239e-01,1.946544051170349121e-01,1.495849788188934326e-01,2.461995482444763184e-01,-1.657957769930362701e-02,-5.196356680244207382e-03,2.204993367195129395e-02,1.120690554380416870e-01,8.075635135173797607e-02,1.860449612140655518e-01,8.488862216472625732e-02,6.914377957582473755e-02
1.576945483684539795e-01,3.681078255176544189e-01,1.268116086721420288e-01,2.901966273784637451e-01,1.181951537728309631e-01,1.689571887254714966e-01,1.077681407332420349e-01,3.492183089256286621e-01,8.201760798692703247e-02,2.736631333827972412e-01,1.900385618209838867e-01,9.999997019767761230e-01,1.458952873945236206e-01,6.145657896995544434e-01,1.922439411282539368e-02,2.470907270908355713e-01,1.658628880977630615e-01,5.341573953628540039e-01,1.689414978027343750e-01,2.894713580608367920e-01,3.756110742688179016e-02,1.522815078496932983e-01,3.119381666183471680e-01,3.075564801692962646e-01,8.700822293758392334e-02,2.581911683082580566e-01,8.922817558050155640e-02,9.430795162916183472e-02,2.196355164051055908e-01,4.823158085346221924e-01,3.090962767601013184e-01,2.804124057292938232e-01,3.126917481422424316e-01,3.673876821994781494e-01,9.854260087013244629e-02,6.998739391565322876e-02,3.153948485851287842e-01,2.285171747207641602e-01,2.602443099021911621e-01,2.432075887918472290e-01,2.657363712787628174e-01,1.046382561326026917e-01,2.033765316009521484e-01,1.464283764362335205e-01,3.235972821712493896e-01,3.531274795532226562e-01,9.662082046270370483e-02,1.088578253984451294e-01,1.875965446233749390e-01,2.555111348628997803e-01,1.337446421384811401e-01,2.197481840848922729e-01,5.840026587247848511e-02,1.620228588581085205e-01,1.678601652383804321e-01,1.815934628248214722e-01,1.153829768300056458e-01,3.080772757530212402e-01,2.331793308258056641e-01,2.919297814369201660e-01,1.808481663465499878e-01,3.154852688312530518e-01,1.229370832443237305e-01,3.936478495597839355e-01,2.003155201673507690e-01,2.816669642925262451e-01,3.099818825721740723e-01,3.679128587245941162e-01,1.176658123731613159e-01,2.482747137546539307e-01,2.076882869005203247e-01,3.199347853660583496e-01,2.290978431701660156e-01,3.737816214561462402e-01,2.003302574157714844e-01,2.151643037796020508e-01,1.305493712425231934e-01,1.536331623792648315e-01,1.547678560018539429e-01,1.677806824445724487e-01,2.323381900787353516e-01,4.871889352798461914e-01,-2.678316086530685425e-03,3.041014969348907471e-01,2.610284090042114258e-01,4.798408150672912598e-01,-3.970845136791467667e-03,2.284628599882125854e-01,1.600054055452346802e-01,4.565129876136779785e-01,1.018730103969573975e-01,1.765325963497161865e-01,5.422640219330787659e-02,1.714215427637100220e-01,1.590378880500793457e-01,1.501726955175399780e-01,1.591774374246597290e-01,9.110990911722183228e-02,8.005324006080627441e-02,1.088425740599632263e-01,5.867413058876991272e-02,1.096443757414817810e-01,1.120488792657852173e-01,9.341692924499511719e-02,1.365907192230224609e-01,1.185211688280105591e-01,1.815442740917205811e-01,2.436023056507110596e-01,6.264574825763702393e-02,6.742201000452041626e-02,2.656799741089344025e-02,2.404660172760486603e-02,1.304960995912551880e-01,1.207701787352561951e-01,3.230960667133331299e-02,1.081504952162504196e-02
9.620624594390392303e-03,4.924143850803375244e-02,2.864609360694885254e-01,1.585915237665176392e-01,6.679558753967285156e-02,-1.663514673709869385e-01,4.703614711761474609e-01,1.874865442514419556e-01,3.670907914638519287e-01,-2.227354645729064941e-01,4.823972880840301514e-01,1.458952873945236206e-01,9.999993443489074707e-01,2.231075912714004517e-01,6.378895789384841919e-02,-1.916188299655914307e-01,3.237554728984832764e-01,1.246033459901809692e-01,-1.173863336443901062e-01,-9.905485808849334717e-02,1.732461452484130859e-01,6.331089138984680176e-02,4.193148910999298096e-01,3.460924327373504639e-01,2.402059435844421387e-01,1.824672371149063110e-01,-1.703336136415600777e-03,-1.161231771111488342e-01,6.065282225608825684e-01,4.206272065639495850e-01,2.326814830303192139e-01,2.291604131460189819e-01,2.166929841041564941e-02,-2.130793407559394836e-02,1.739689111709594727e-01,1.052349731326103210e-01,4.467019462026655674e-04,-1.343370676040649414e-01,2.658918313682079315e-02,1.050589606165885925e-01,3.238066434860229492e-01,-1.713707111775875092e-02,2.393069416284561157e-01,3.462966680526733398e-01,2.139449864625930786e-01,3.591700196266174316e-01,2.380468398332595825e-01,2.154845446348190308e-01,2.378850728273391724e-01,1.942908763885498047e-01,1.648420691490173340e-01,1.857621818780899048e-01,1.757349669933319092e-01,6.773304194211959839e-02,3.171426653861999512e-01,-8.287665992975234985e-02,-8.664142340421676636e-02,-1.124598383903503418e-01,-5.142232403159141541e-02,-1.168250665068626404e-01,-4.310977831482887268e-02,-6.436876207590103149e-02,-8.661545813083648682e-02,-1.338127106428146362e-01,1.798246242105960846e-02,-9.945139288902282715e-03,-5.501091480255126953e-02,1.249280124902725220e-01,-8.996003866195678711e-02,-7.830251008272171021e-02,1.269853860139846802e-01,1.838527023792266846e-01,2.973009943962097168e-01,3.293045461177825928e-01,1.236788034439086914e-01,6.795977242290973663e-03,1.408488005399703979e-01,-1.115591898560523987e-01,1.118285953998565674e-01,2.768164686858654022e-02,3.426451683044433594e-01,-1.628198176622390747e-01,2.656688988208770752e-01,3.846740126609802246e-01,2.508679330348968506e-01,-1.092690378427505493e-01,2.443565428256988525e-01,2.094394266605377197e-01,3.227826654911041260e-01,-3.241610014811158180e-03,1.377444416284561157e-01,-1.134558022022247314e-01,8.846980333328247070e-02,5.806934833526611328e-02,-1.882641226984560490e-03,-1.608738303184509277e-01,3.006794489920139313e-02,-1.682155579328536987e-01,1.410921663045883179e-01,-1.978193670511245728e-01,1.891494989395141602e-01,2.419310659170150757e-01,2.617033720016479492e-01,4.234089553356170654e-01,1.367373913526535034e-01,1.906318962574005127e-01,1.721334904432296753e-01,1.831987053155899048e-01,-1.522697955369949341e-01,-4.036897420883178711e-02,2.135180681943893433e-01,8.279340714216232300e-02,-1.174019724130630493e-01,8.003563433885574341e-02,6.267166882753372192e-02,5.659426096826791763e-03
