1.000000119209289551e+00,6.123682260513305664e-01,6.493550539016723633e-01,4.779953360557556152e-01,2.319585084915161133e-01,1.988464593887329102e-01,7.174334526062011719e-01,5.734199881553649902e-01,1.910023391246795654e-01,-1.014728285372257233e-02,4.221260547637939453e-01,3.753762543201446533e-01,4.355113506317138672e-01,2.196198552846908569e-01,2.926972508430480957e-01,2.254620194435119629e-01,3.922860324382781982e-01,2.921697497367858887e-01,4.785459935665130615e-01,3.812932670116424561e-01,-9.585677832365036011e-02,-1.068560555577278137e-01,4.447245597839355469e-01,4.426156282424926758e-01,2.477121800184249878e-01,3.384709954261779785e-01,2.538091838359832764e-01,1.762913465499877930e-01,1.926582008600234985e-01,2.792044878005981445e-01,3.500951230525970459e-01,2.843758165836334229e-01,4.144426286220550537e-01,3.348050415515899658e-01,1.655146330595016479e-01,2.649163603782653809e-01,-3.453820571303367615e-02,-4.307700786739587784e-03,2.911318242549896240e-01,1.083776876330375671e-01,2.211865186691284180e-01,2.432732981105800718e-05,-4.290169477462768555e-02,-3.663400188088417053e-02,5.937810242176055908e-02,1.323412209749221802e-01,1.320657134056091309e-01,3.045119345188140869e-02,1.683364063501358032e-01,1.486294567584991455e-01,1.861340105533599854e-01,1.966772675514221191e-01,-1.158631034195423126e-02,1.136204600334167480e-01,2.593186795711517334e-01,1.015595644712448120e-01,7.703809738159179688e-01,5.634350180625915527e-01,3.965705335140228271e-01,3.860824704170227051e-01,5.542359352111816406e-01,4.018898308277130127e-01,3.974170684814453125e-01,3.802698254585266113e-01,2.864222526550292969e-01,2.604927122592926025e-01,3.353261351585388184e-01,1.938649564981460571e-01,1.090940311551094055e-01,2.667326331138610840e-01,1.406841278076171875e-01,4.131786525249481201e-02,3.415322899818420410e-01,2.121868133544921875e-01,6.923557817935943604e-02,1.356676220893859863e-01,1.094365715980529785e-01,1.432093679904937744e-01,2.177514731884002686e-01,2.555058002471923828e-01,1.714591234922409058e-01,1.635110676288604736e-01,1.960086226463317871e-01,1.005208566784858704e-01,2.159324586391448975e-01,1.929634213447570801e-01,1.133256703615188599e-01,7.571968436241149902e-02,1.934047937393188477e-01,1.622592210769653320e-01,2.027930170297622681e-01,1.507384330034255981e-01,2.488349229097366333e-01,2.743084728717803955e-01,4.626022279262542725e-02,6.437615305185317993e-02,9.702002257108688354e-02,2.289138920605182648e-02,1.090346649289131165e-01,1.463397443294525146e-01,-8.221823722124099731e-03,2.642031610012054443e-01,1.009229645133018494e-01,1.584740579128265381e-01,-8.015738427639007568e-02,-6.567940860986709595e-02,2.507672607898712158e-01,7.399773597717285156e-02,5.580308288335800171e-02,3.882249072194099426e-02,1.468436270952224731e-01,7.462919503450393677e-02,-1.775655597448348999e-01,-4.785516113042831421e-02,-1.841295957565307617e-01,-1.825485229492187500e-01
6.123682260513305664e-01,1.000000476837158203e+00,4.716100394725799561e-01,5.659965276718139648e-01,3.544790446758270264e-01,4.602573215961456299e-01,3.869024813175201416e-01,5.289379358291625977e-01,1.875848472118377686e-01,2.771854698657989502e-01,3.832269906997680664e-01,4.293014407157897949e-01,1.246840134263038635e-01,1.564593017101287842e-01,2.888616919517517090e-01,4.090812802314758301e-01,4.357693493366241455e-01,4.558832347393035889e-01,3.770884871482849121e-01,4.783429205417633057e-01,3.871630504727363586e-02,1.133358925580978394e-01,3.869379758834838867e-01,4.133661389350891113e-01,2.262419313192367554e-01,2.760661244392395020e-01,3.758940994739532471e-01,4.418932795524597168e-01,3.290845751762390137e-01,4.191418290138244629e-01,2.152478247880935669e-01,2.786850631237030029e-01,5.346131920814514160e-01,4.983425438404083252e-01,1.586486101150512695e-01,1.733209937810897827e-01,7.019979506731033325e-02,3.544776886701583862e-02,2.684616744518280029e-01,1.941748857498168945e-01,2.160418033599853516e-01,3.434913977980613708e-02,6.199866533279418945e-02,3.124315664172172546e-02,1.801592260599136353e-01,2.657440602779388428e-01,2.887045145034790039e-01,9.125078469514846802e-02,2.632539868354797363e-01,3.189908266067504883e-01,3.024668395519256592e-01,4.309588074684143066e-01,1.746112555265426636e-01,3.343500494956970215e-01,3.565421998500823975e-01,2.860452234745025635e-01,6.868439316749572754e-01,7.858336567878723145e-01,4.869408011436462402e-01,5.625063180923461914e-01,4.206693470478057861e-01,4.218974709510803223e-01,2.502777278423309326e-01,5.351119041442871094e-01,1.278460118919610977e-02,2.836886942386627197e-01,3.911024332046508789e-01,3.243061602115631104e-01,3.955871462821960449e-01,4.988781809806823730e-01,6.300201267004013062e-02,-3.394482284784317017e-02,2.801522910594940186e-01,6.235096976161003113e-02,4.033379629254341125e-02,9.069553762674331665e-02,2.410331740975379944e-02,3.794596716761589050e-02,1.766833662986755371e-01,4.065771996974945068e-01,3.369147479534149170e-01,4.624442756175994873e-01,3.376221954822540283e-01,2.521164715290069580e-01,2.889953851699829102e-01,3.621112406253814697e-01,1.528306901454925537e-01,3.017660975456237793e-01,2.014043927192687988e-01,3.737188875675201416e-01,3.779770135879516602e-01,2.444871813058853149e-01,3.639049530029296875e-01,3.559694588184356689e-01,1.753125041723251343e-01,4.985764995217323303e-02,2.999073565006256104e-01,7.625568658113479614e-02,2.280288934707641602e-01,2.673020660877227783e-01,1.509902924299240112e-01,4.043906629085540771e-01,3.506833910942077637e-01,3.182171583175659180e-01,3.179757623001933098e-03,3.758767247200012207e-02,1.494365930557250977e-01,-8.556582033634185791e-03,1.975798159837722778e-01,1.225901320576667786e-01,3.020881116390228271e-01,1.234389245510101318e-01,-4.889230430126190186e-02,2.004737854003906250e-01,-1.000254899263381958e-01,-7.394105941057205200e-02
6.493550539016723633e-01,4.716100394725799561e-01,1.000000119209289551e+00,6.736552715301513672e-01,3.316925764083862305e-01,2.599039077758789062e-01,7.415038943290710449e-01,6.312079429626464844e-01,2.747346758842468262e-01,1.299415975809097290e-01,1.558243781328201294e-01,1.119997054338455200e-01,2.540397942066192627e-01,1.014402210712432861e-01,4.211593270301818848e-01,3.272968828678131104e-01,3.243706226348876953e-01,9.938190877437591553e-02,6.009870767593383789e-01,3.561052680015563965e-01,4.209252074360847473e-02,-8.228529989719390869e-02,6.996158361434936523e-01,6.804262399673461914e-01,3.135292530059814453e-01,3.886926174163818359e-01,3.074147701263427734e-01,2.560617327690124512e-01,8.469450473785400391e-02,2.584030628204345703e-01,3.916464447975158691e-01,3.663410842418670654e-01,3.780419826507568359e-01,3.791364729404449463e-01,2.594916224479675293e-01,2.906768023967742920e-01,-2.199352160096168518e-02,-6.018854212015867233e-03,2.811786532402038574e-01,1.317638307809829712e-01,1.796713173389434814e-01,-3.797790408134460449e-02,-5.169513076543807983e-02,-9.818692505359649658e-02,3.847724944353103638e-02,-3.254349529743194580e-02,2.215029485523700714e-02,-4.118005931377410889e-02,8.305492997169494629e-02,-6.000859290361404419e-02,9.764948487281799316e-02,4.485477134585380554e-02,-5.328302830457687378e-02,1.747710555791854858e-01,2.133999615907669067e-01,2.258740924298763275e-02,5.162018537521362305e-01,3.924732506275177002e-01,8.423543721437454224e-02,1.333815604448318481e-01,2.359868884086608887e-01,2.302411049604415894e-01,1.984306275844573975e-01,2.252982407808303833e-01,4.024480581283569336e-01,2.831409871578216553e-01,2.072831392288208008e-01,1.240418627858161926e-01,4.234460368752479553e-02,5.985754355788230896e-02,1.455279141664505005e-01,3.034260123968124390e-02,1.590549945831298828e-01,1.080205291509628296e-01,3.597649931907653809e-02,7.254124153405427933e-03,-4.654528200626373291e-02,-2.429633401334285736e-03,1.175717189908027649e-01,1.291986852884292603e-01,-2.407163195312023163e-02,-6.499765440821647644e-03,2.016569226980209351e-01,7.011667639017105103e-02,2.899084389209747314e-01,2.049557864665985107e-01,1.667333394289016724e-01,2.496884018182754517e-01,3.027816414833068848e-01,2.711353600025177002e-01,2.572633028030395508e-01,2.518317103385925293e-01,4.032934308052062988e-01,4.064644277095794678e-01,1.744900196790695190e-01,1.500779092311859131e-01,1.653896123170852661e-01,1.175833344459533691e-01,1.295013874769210815e-01,1.481763273477554321e-01,-1.706633134745061398e-03,3.787343204021453857e-01,1.720476895570755005e-01,1.249112933874130249e-01,5.375817790627479553e-02,1.467262301594018936e-02,1.611678898334503174e-01,3.381293639540672302e-02,1.478681713342666626e-01,1.098919361829757690e-01,1.081760227680206299e-01,1.435512006282806396e-01,-1.911074966192245483e-01,-6.745321303606033325e-02,-1.119388565421104431e-01,2.721818163990974426e-02
4.779953360557556152e-01,5.659965276718139648e-01,6.736552715301513672e-01,9.999999403953552246e-01,3.624916672706604004e-01,4.574936032295227051e-01,5.100407600402832031e-01,7.232457995414733887e-01,3.256325721740722656e-01,3.656297326087951660e-01,2.190412133932113647e-01,2.645996212959289551e-01,1.592070907354354858e-01,2.628045380115509033e-01,3.779223263263702393e-01,4.158628582954406738e-01,3.390870988368988037e-01,1.942113786935806274e-01,5.742250084877014160e-01,5.762793421745300293e-01,1.501093655824661255e-01,1.755468249320983887e-01,6.137741208076477051e-01,7.700738310813903809e-01,2.764331996440887451e-01,3.176195025444030762e-01,3.883924484252929688e-01,3.891808092594146729e-01,1.788365691900253296e-01,2.174846529960632324e-01,3.646124303340911865e-01,5.032685399055480957e-01,5.465299487113952637e-01,5.777971148490905762e-01,3.418109416961669922e-01,3.091939687728881836e-01,7.643709331750869751e-02,9.703932330012321472e-03,2.759595513343811035e-01,1.326597929000854492e-01,2.877851128578186035e-01,9.168732911348342896e-02,2.425486743450164795e-01,2.434991113841533661e-02,2.454113960266113281e-01,1.582140177488327026e-01,2.550442218780517578e-01,1.341413855552673340e-01,2.206382304430007935e-01,1.507912576198577881e-01,3.063984215259552002e-01,2.723876237869262695e-01,2.567565441131591797e-01,3.902213573455810547e-01,3.048681020736694336e-01,2.535573244094848633e-01,4.971414506435394287e-01,4.767608940601348877e-01,3.307756483554840088e-01,3.821386992931365967e-01,3.363399207592010498e-01,3.687913417816162109e-01,2.391173243522644043e-01,4.013036191463470459e-01,3.052178919315338135e-01,5.868242383003234863e-01,4.048644900321960449e-01,4.146748185157775879e-01,2.811996936798095703e-01,3.253474831581115723e-01,1.999579668045043945e-01,9.153685718774795532e-02,1.846866756677627563e-01,9.845180064439773560e-02,6.676749140024185181e-02,9.883230179548263550e-02,4.613162949681282043e-02,8.478899300098419189e-02,1.621327102184295654e-01,2.327723950147628784e-01,1.897128671407699585e-01,2.531344890594482422e-01,3.208389282226562500e-01,2.248440235853195190e-01,4.489791691303253174e-01,5.242121219635009766e-01,2.596330046653747559e-01,4.460089802742004395e-01,3.850984275341033936e-01,4.821601212024688721e-01,5.142900347709655762e-01,4.026573598384857178e-01,5.615799427032470703e-01,4.889278411865234375e-01,1.141496896743774414e-01,1.478979289531707764e-01,2.464181929826736450e-01,1.814878582954406738e-01,2.833095192909240723e-01,3.243584334850311279e-01,2.092226445674896240e-01,4.827411770820617676e-01,3.698211908340454102e-01,3.514870405197143555e-01,7.692743092775344849e-02,2.590278908610343933e-02,3.545980155467987061e-02,9.237796068191528320e-02,1.928694099187850952e-01,1.290314346551895142e-01,3.173736333847045898e-01,1.348293572664260864e-01,-3.552841767668724060e-02,1.241096407175064087e-01,-1.316077113151550293e-01,-2.749196812510490417e-02
2.319585084915161133e-01,3.544790446758270264e-01,3.316925764083862305e-01,3.624916672706604004e-01,9.999997019767761230e-01,7.033588886260986328e-01,2.224393337965011597e-01,3.277171254158020020e-01,4.882021844387054443e-01,5.707415342330932617e-01,2.109261602163314819e-01,2.549834549427032471e-01,6.022315472364425659e-02,1.953422129154205322e-01,6.189572215080261230e-01,6.190539002418518066e-01,3.409353196620941162e-01,5.298874899744987488e-02,2.751788496971130371e-01,2.744419574737548828e-01,1.643093228340148926e-01,2.295770347118377686e-01,4.283741414546966553e-01,3.826227784156799316e-01,2.694618999958038330e-01,3.700920641422271729e-01,5.898671746253967285e-01,5.794847607612609863e-01,3.164000809192657471e-01,2.033448964357376099e-01,1.131101995706558228e-01,1.607784330844879150e-01,3.140721917152404785e-01,3.217458128929138184e-01,2.232850193977355957e-01,1.211373358964920044e-01,1.339792162179946899e-01,8.067336864769458771e-03,3.800512254238128662e-01,2.361311316490173340e-01,2.269298732280731201e-01,1.550322026014328003e-01,1.934356987476348877e-01,-1.769073121249675751e-02,1.733727157115936279e-01,1.291229873895645142e-01,2.521075606346130371e-01,2.025533169507980347e-01,1.648506075143814087e-01,1.261852532625198364e-01,2.190117239952087402e-01,2.308691889047622681e-01,2.178186774253845215e-01,3.548652827739715576e-01,3.632528483867645264e-01,2.829882502555847168e-01,2.667195796966552734e-01,2.590812742710113525e-01,1.974052041769027710e-01,2.311001569032669067e-01,1.944845765829086304e-01,1.614036709070205688e-01,1.762223839759826660e-01,1.778949946165084839e-01,6.800913065671920776e-02,1.573825925588607788e-01,1.408754289150238037e-01,6.673700362443923950e-02,1.746564060449600220e-01,2.960288226604461670e-01,1.407238841056823730e-01,6.121483631432056427e-03,2.804315686225891113e-01,-7.302828598767518997e-04,1.051252782344818115e-01,7.856296002864837646e-02,9.926875121891498566e-03,3.042082302272319794e-02,2.670271694660186768e-01,1.768817603588104248e-01,2.270339876413345337e-01,2.295273989439010620e-01,4.048548340797424316e-01,2.046828269958496094e-01,3.185283243656158447e-01,2.977732121944427490e-01,3.698042631149291992e-01,3.559514284133911133e-01,3.339525461196899414e-01,4.336270987987518311e-01,4.265617728233337402e-01,1.962209641933441162e-01,4.171974360942840576e-01,4.301489293575286865e-01,2.886922359466552734e-01,1.837962865829467773e-01,3.172323405742645264e-01,2.752950489521026611e-01,2.206933498382568359e-01,2.763758897781372070e-01,8.178968727588653564e-02,4.157708585262298584e-01,1.922411322593688965e-01,2.882370054721832275e-01,4.216575622558593750e-02,2.294363081455230713e-02,8.261390775442123413e-02,1.615401357412338257e-02,2.147081643342971802e-01,1.995304077863693237e-01,3.107788860797882080e-01,2.246842682361602783e-01,-2.391077141510322690e-04,1.175472363829612732e-01,-1.144577115774154663e-01,-2.111177146434783936e-02
1.988464593887329102e-01,4.602573215961456299e-01,2.599039077758789062e-01,4.574936032295227051e-01,7.033588886260986328e-01,1.000000238418579102e+00,1.633677184581756592e-01,4.416276812553405762e-01,4.622602164745330811e-01,7.353797554969787598e-01,2.733358740806579590e-01,3.302117586135864258e-01,2.867224998772144318e-02,1.712089478969573975e-01,4.700332283973693848e-01,6.395458579063415527e-01,3.815853893756866455e-01,1.930280029773712158e-01,2.595621943473815918e-01,3.691121339797973633e-01,2.617181539535522461e-01,3.524346947669982910e-01,4.035115242004394531e-01,4.140108823776245117e-01,2.107492685317993164e-01,2.421397268772125244e-01,6.120278239250183105e-01,7.204780578613281250e-01,4.009510278701782227e-01,2.027466446161270142e-01,1.006371080875396729e-01,2.604252398014068604e-01,4.122792482376098633e-01,4.731045663356781006e-01,2.989093959331512451e-01,1.574043482542037964e-01,1.731302440166473389e-01,-7.577356696128845215e-02,2.856963276863098145e-01,2.137175202369689941e-01,2.885961830615997314e-01,1.939698606729507446e-01,2.751601934432983398e-01,3.770698606967926025e-02,2.130914330482482910e-01,1.869587004184722900e-01,3.545783460140228271e-01,2.485323995351791382e-01,1.339385062456130981e-01,2.017077058553695679e-01,2.421827912330627441e-01,3.438726663589477539e-01,3.402071297168731689e-01,4.338601827621459961e-01,3.463648855686187744e-01,3.701556921005249023e-01,3.045258522033691406e-01,3.925891220569610596e-01,2.949212193489074707e-01,3.984799981117248535e-01,2.421443760395050049e-01,2.926808297634124756e-01,2.088982015848159790e-01,3.180797994136810303e-01,-2.783478423953056335e-02,2.962748110294342041e-01,2.445407956838607788e-01,2.510909438133239746e-01,2.219448238611221313e-01,4.436554908752441406e-01,1.238374486565589905e-01,-3.659765422344207764e-02,3.066131472587585449e-01,-4.801148548722267151e-02,1.452265083789825439e-01,8.671218901872634888e-02,8.337870240211486816e-02,7.839519530534744263e-02,2.773200869560241699e-01,3.089037239551544189e-01,2.966580390930175781e-01,3.740984499454498291e-01,4.805710017681121826e-01,3.379377424716949463e-01,3.777739703655242920e-01,4.237711131572723389e-01,3.338209688663482666e-01,5.160627365112304688e-01,2.965850532054901123e-01,5.722275376319885254e-01,5.450485348701477051e-01,2.937414050102233887e-01,5.142057538032531738e-01,4.582314789295196533e-01,2.385104894638061523e-01,1.116579398512840271e-01,3.052169382572174072e-01,2.100690156221389771e-01,2.455990612506866455e-01,3.369503021240234375e-01,2.316478043794631958e-01,4.654843211174011230e-01,3.546099960803985596e-01,4.281688928604125977e-01,1.093250960111618042e-01,1.021556779742240906e-01,-1.261751726269721985e-02,1.821064017713069916e-02,2.802681028842926025e-01,1.872261315584182739e-01,3.485595881938934326e-01,2.170818299055099487e-01,4.556005448102951050e-02,1.925237774848937988e-01,-9.910697489976882935e-02,-8.699368685483932495e-02
7.174334526062011719e-01,3.869024813175201416e-01,7.415038943290710449e-01,5.100407600402832031e-01,2.224393337965011597e-01,1.633677184581756592e-01,9.999997615814208984e-01,6.566023230552673340e-01,2.731672823429107666e-01,2.349132299423217773e-02,3.435188531875610352e-01,3.313582837581634521e-01,5.196261405944824219e-01,2.564751505851745605e-01,3.891769051551818848e-01,2.082034349441528320e-01,3.025376498699188232e-01,1.687803864479064941e-01,5.293754935264587402e-01,4.195469617843627930e-01,-3.677406534552574158e-02,-1.180604994297027588e-01,5.349875092506408691e-01,5.257716178894042969e-01,1.867189705371856689e-01,2.922630906105041504e-01,2.354374229907989502e-01,1.442005187273025513e-01,8.554871380329132080e-02,2.490770220756530762e-01,3.760639131069183350e-01,2.585238814353942871e-01,3.760319054126739502e-01,3.288595378398895264e-01,1.919865906238555908e-01,2.613846659660339355e-01,-9.350237436592578888e-03,-2.732863835990428925e-02,2.555429041385650635e-01,1.152725070714950562e-01,1.502886563539505005e-01,1.700456999242305756e-02,3.923222422599792480e-02,-8.077491074800491333e-02,6.942817568778991699e-02,5.660855211317539215e-03,9.338325262069702148e-02,8.390963077545166016e-02,1.114013120532035828e-01,-6.552312988787889481e-04,1.480116993188858032e-01,3.872089087963104248e-02,4.107704386115074158e-02,1.638937890529632568e-01,2.117789387702941895e-01,4.666406288743019104e-02,5.707348585128784180e-01,4.262930750846862793e-01,2.482433319091796875e-01,2.870187163352966309e-01,4.905879795551300049e-01,4.491040110588073730e-01,4.496349096298217773e-01,3.157249093055725098e-01,4.241741299629211426e-01,3.024854063987731934e-01,2.367092669010162354e-01,1.134615540504455566e-01,-2.516168728470802307e-02,1.574427187442779541e-01,1.867097467184066772e-01,9.422641247510910034e-02,2.435304671525955200e-01,2.002687454223632812e-01,8.384072035551071167e-02,4.724086448550224304e-02,1.078093647956848145e-01,1.370800137519836426e-01,1.749330461025238037e-01,2.029043138027191162e-01,1.122474521398544312e-01,5.642055720090866089e-02,1.894203722476959229e-01,8.639548718929290771e-02,2.581965029239654541e-01,1.614178270101547241e-01,1.199325993657112122e-01,9.873396903276443481e-02,2.767297625541687012e-01,2.031651437282562256e-01,2.560792565345764160e-01,2.560885548591613770e-01,3.627644777297973633e-01,3.596022427082061768e-01,1.109627708792686462e-01,1.321703046560287476e-01,6.000268086791038513e-02,1.293486505746841431e-01,1.739893555641174316e-01,1.354485899209976196e-01,2.584553882479667664e-02,2.861316800117492676e-01,1.133075356483459473e-01,1.703849732875823975e-01,1.508582569658756256e-02,-3.432285785675048828e-02,2.400934696197509766e-01,1.586529612541198730e-01,1.275168806314468384e-01,1.140408664941787720e-01,1.136652156710624695e-01,1.373167484998703003e-01,-1.601721495389938354e-01,-7.328907400369644165e-02,-1.708369255065917969e-01,-1.327969878911972046e-01
5.734199881553649902e-01,5.289379358291625977e-01,6.312079429626464844e-01,7.232457995414733887e-01,3.277171254158020020e-01,4.416276812553405762e-01,6.566023230552673340e-01,9.999997615814208984e-01,2.512044608592987061e-01,3.356666862964630127e-01,2.403439730405807495e-01,4.582330882549285889e-01,2.638128399848937988e-01,3.973943889141082764e-01,2.964072227478027344e-01,3.828140199184417725e-01,2.543407976627349854e-01,2.073514163494110107e-01,4.419438540935516357e-01,5.229882001876831055e-01,6.335613131523132324e-02,4.080054536461830139e-02,4.890358746051788330e-01,5.621219277381896973e-01,1.907498091459274292e-01,1.715354323387145996e-01,2.827929556369781494e-01,3.189630210399627686e-01,2.052446901798248291e-01,2.256379872560501099e-01,2.852630615234375000e-01,3.981050252914428711e-01,4.824965000152587891e-01,5.295912027359008789e-01,2.517537474632263184e-01,1.910431832075119019e-01,2.781993709504604340e-02,-6.070853397250175476e-02,2.506297528743743896e-01,7.937403023242950439e-02,2.154849171638488770e-01,4.998193308711051941e-02,1.536926180124282837e-01,4.150603432208299637e-03,1.630211919546127319e-01,1.357586234807968140e-01,2.282621562480926514e-01,1.208717152476310730e-01,1.351942569017410278e-01,1.377757936716079712e-01,2.005612254142761230e-01,2.337492406368255615e-01,1.727406233549118042e-01,2.958659529685974121e-01,2.458441406488418579e-01,1.636890172958374023e-01,4.858941137790679932e-01,4.344444274902343750e-01,3.357486724853515625e-01,4.263515174388885498e-01,4.653200507164001465e-01,5.605299472808837891e-01,3.591547310352325439e-01,4.908455014228820801e-01,1.851436644792556763e-01,4.701123833656311035e-01,3.041831851005554199e-01,2.704818844795227051e-01,2.321792952716350555e-02,3.222709000110626221e-01,2.065647542476654053e-01,1.233834773302078247e-01,2.712585926055908203e-01,1.682841628789901733e-01,9.590990841388702393e-02,1.061618626117706299e-01,1.331092566251754761e-01,1.995128691196441650e-01,1.636922657489776611e-01,2.529863417148590088e-01,1.762867122888565063e-01,2.797358036041259766e-01,3.279758989810943604e-01,2.098970860242843628e-01,2.313957363367080688e-01,3.683791756629943848e-01,1.839827448129653931e-01,3.115553259849548340e-01,2.615284323692321777e-01,3.893586397171020508e-01,4.338872730731964111e-01,3.161770105361938477e-01,4.879215061664581299e-01,4.107995629310607910e-01,8.574495464563369751e-02,4.264815151691436768e-02,1.608811169862747192e-01,1.332769244909286499e-01,1.419943720102310181e-01,1.978735923767089844e-01,1.703627407550811768e-01,3.992029726505279541e-01,2.487588524818420410e-01,3.548226952552795410e-01,2.319074422121047974e-02,2.115530706942081451e-02,1.292333155870437622e-01,1.126710548996925354e-01,1.069434434175491333e-01,1.438277065753936768e-01,2.287597805261611938e-01,1.094392612576484680e-01,-1.683896780014038086e-01,2.702797576785087585e-02,-1.704582422971725464e-01,-1.570967435836791992e-01
1.910023391246795654e-01,1.875848472118377686e-01,2.747346758842468262e-01,3.256325721740722656e-01,4.882021844387054443e-01,4.622602164745330811e-01,2.731672823429107666e-01,2.512044608592987061e-01,9.999997019767761230e-01,5.293366909027099609e-01,2.254949063062667847e-01,1.100410073995590210e-01,2.499909400939941406e-01,1.939993947744369507e-01,5.625472664833068848e-01,4.392510652542114258e-01,2.007676661014556885e-01,5.541313439607620239e-02,3.478421866893768311e-01,2.188269644975662231e-01,2.231391370296478271e-01,1.994146257638931274e-01,3.679050803184509277e-01,3.106721639633178711e-01,-1.102126389741897583e-02,6.250751763582229614e-02,4.831319153308868408e-01,4.070021808147430420e-01,1.684315800666809082e-01,2.035675495862960815e-01,5.653878301382064819e-02,1.073907315731048584e-01,1.796525865793228149e-01,1.628609150648117065e-01,9.087704122066497803e-02,3.796784579753875732e-02,3.663193807005882263e-02,1.061430051922798157e-01,2.754041254520416260e-01,1.986226737499237061e-01,2.037325054407119751e-01,1.363961249589920044e-01,1.584109514951705933e-01,-7.147382944822311401e-02,9.534426778554916382e-02,-7.591417990624904633e-03,1.261402964591979980e-01,1.443298906087875366e-01,1.313892571488395333e-04,-5.935937538743019104e-02,1.572013497352600098e-01,5.162329599261283875e-02,1.844813525676727295e-01,2.923203408718109131e-01,1.965972781181335449e-01,2.070302963256835938e-01,1.800837367773056030e-01,2.312505096197128296e-01,1.533894538879394531e-01,1.845763176679611206e-01,2.178562581539154053e-01,2.138122916221618652e-01,2.375133186578750610e-01,2.768290229141712189e-02,2.322358787059783936e-01,1.806315183639526367e-01,5.165754258632659912e-02,1.001784461550414562e-03,2.758038938045501709e-01,1.745568215847015381e-01,8.452995866537094116e-02,-7.496742904186248779e-02,1.019685715436935425e-01,2.242323942482471466e-03,7.311224937438964844e-02,3.563812002539634705e-02,-7.323244959115982056e-02,-6.721550971269607544e-02,1.935150027275085449e-01,7.060115784406661987e-02,1.864342242479324341e-01,7.892902195453643799e-02,2.962611913681030273e-01,1.285231709480285645e-01,4.486451745033264160e-01,2.798838317394256592e-01,2.284744083881378174e-01,2.558064758777618408e-01,3.752765357494354248e-01,4.242107272148132324e-01,4.292365312576293945e-01,3.058342635631561279e-01,4.250559806823730469e-01,3.678143024444580078e-01,2.503846287727355957e-01,2.012477964162826538e-01,1.367515623569488525e-01,2.024374306201934814e-01,2.963807880878448486e-01,3.027336597442626953e-01,7.868251949548721313e-02,3.473106324672698975e-01,2.365418821573257446e-01,1.954364627599716187e-01,7.416560500860214233e-02,-2.452132524922490120e-03,1.807498373091220856e-02,6.997372489422559738e-03,2.643926143646240234e-01,7.043700665235519409e-02,1.421746462583541870e-01,2.153901457786560059e-01,4.559418559074401855e-02,1.644626557826995850e-01,-6.444881111383438110e-02,9.065635502338409424e-02
-1.014728285372257233e-02,2.771854698657989502e-01,1.299415975809097290e-01,3.656297326087951660e-01,5.707415342330932617e-01,7.353797554969787598e-01,2.349132299423217773e-02,3.356666862964630127e-01,5.293366909027099609e-01,9.999997615814208984e-01,1.602062731981277466e-01,1.644324213266372681e-01,-4.544350877404212952e-02,1.319083422422409058e-01,4.169271290302276611e-01,5.975359678268432617e-01,2.045140862464904785e-01,4.874011501669883728e-02,1.699837595224380493e-01,2.730080187320709229e-01,3.170571327209472656e-01,3.323697149753570557e-01,2.937461137771606445e-01,2.755063474178314209e-01,5.991077795624732971e-02,7.764808833599090576e-02,4.753499627113342285e-01,5.630269646644592285e-01,3.054175376892089844e-01,1.344032585620880127e-01,1.330794859677553177e-02,2.131536751985549927e-01,2.556746602058410645e-01,3.810120522975921631e-01,1.349992603063583374e-01,2.737333253026008606e-02,1.017469689249992371e-01,-8.264141529798507690e-02,1.749690622091293335e-01,1.482712626457214355e-01,2.027479857206344604e-01,1.528523266315460205e-01,2.512027323246002197e-01,6.866437196731567383e-02,2.240382432937622070e-01,1.761779934167861938e-01,2.908968329429626465e-01,2.046511918306350708e-01,1.139688342809677124e-01,1.545299589633941650e-01,2.195476889610290527e-01,2.731699049472808838e-01,3.309065997600555420e-01,4.014542400836944580e-01,2.720948159694671631e-01,3.602575957775115967e-01,8.945298939943313599e-02,2.411626428365707397e-01,2.166837453842163086e-01,2.873735725879669189e-01,1.400402039289474487e-01,2.589194178581237793e-01,1.053071469068527222e-01,2.669858634471893311e-01,-9.241764247417449951e-02,2.413479834794998169e-01,1.370263397693634033e-01,1.734948009252548218e-01,3.007269501686096191e-01,3.594634234905242920e-01,1.135220304131507874e-01,-1.389043498784303665e-02,1.472800076007843018e-01,-9.289869666099548340e-02,1.081861928105354309e-01,-6.258286070078611374e-03,-3.691474720835685730e-02,-9.431919082999229431e-03,1.625409722328186035e-01,1.949407905340194702e-01,2.299310714006423950e-01,2.977360785007476807e-01,4.225540459156036377e-01,2.494310736656188965e-01,3.144308924674987793e-01,3.364654183387756348e-01,2.397882938385009766e-01,4.127790629863739014e-01,2.457389831542968750e-01,5.353815555572509766e-01,4.894439280033111572e-01,2.276784926652908325e-01,4.405742585659027100e-01,3.327194452285766602e-01,1.897809803485870361e-01,1.274102330207824707e-01,2.735877931118011475e-01,2.517614960670471191e-01,2.296240329742431641e-01,3.298591375350952148e-01,1.940593272447586060e-01,3.915612697601318359e-01,3.004549443721771240e-01,3.047867119312286377e-01,3.426345810294151306e-02,3.032491076737642288e-03,-1.289282292127609253e-01,-2.452638372778892517e-02,2.473548352718353271e-01,1.497215628623962402e-01,2.763772308826446533e-01,2.483154833316802979e-01,6.056267768144607544e-02,1.473247706890106201e-01,-8.596595376729965210e-02,-3.628813102841377258e-02
4.221260547637939453e-01,3.832269906997680664e-01,1.558243781328201294e-01,2.190412133932113647e-01,2.109261602163314819e-01,2.733358740806579590e-01,3.435188531875610352e-01,2.403439730405807495e-01,2.254949063062667847e-01,1.602062731981277466e-01,9.999997615814208984e-01,5.311063528060913086e-01,3.943718671798706055e-01,2.870292663574218750e-01,2.867046296596527100e-01,2.445669621229171753e-01,4.694642424583435059e-01,3.672458529472351074e-01,3.380594253540039062e-01,4.334593415260314941e-01,-4.695775359869003296e-02,8.664390444755554199e-02,1.956486105918884277e-01,1.682176440954208374e-01,1.433331817388534546e-01,2.066598087549209595e-01,2.262010723352432251e-01,1.832586824893951416e-01,3.766223192214965820e-01,2.733812332153320312e-01,2.145501375198364258e-01,1.416529715061187744e-01,3.469149768352508545e-01,2.093848586082458496e-01,2.138467133045196533e-01,1.711938232183456421e-01,1.088314726948738098e-01,3.087983280420303345e-02,2.580801546573638916e-01,9.709696471691131592e-02,1.633555591106414795e-01,5.146912485361099243e-02,2.549413740634918213e-01,9.716758877038955688e-02,2.273806780576705933e-01,2.012244164943695068e-01,2.502167224884033203e-01,2.523611783981323242e-01,1.846618354320526123e-01,1.906723231077194214e-01,2.309119850397109985e-01,2.178647369146347046e-01,2.098827213048934937e-01,1.994829028844833374e-01,2.457709014415740967e-01,1.949313879013061523e-01,4.854498803615570068e-01,4.366130828857421875e-01,4.183066189289093018e-01,4.314142465591430664e-01,3.988275527954101562e-01,3.417296707630157471e-01,5.304503440856933594e-01,3.416729271411895752e-01,1.143946573138237000e-01,1.920987814664840698e-01,3.476216495037078857e-01,2.698312997817993164e-01,2.556958794593811035e-01,4.289851784706115723e-01,2.278700470924377441e-01,9.598532319068908691e-02,2.791044712066650391e-01,7.230240106582641602e-02,1.450137794017791748e-01,1.996327638626098633e-01,2.936657071113586426e-01,2.621376216411590576e-01,3.539916872978210449e-01,3.248570859432220459e-01,4.241642355918884277e-01,3.280404210090637207e-01,3.732289075851440430e-01,2.584705352783203125e-01,3.399493396282196045e-01,2.176897674798965454e-01,2.422802746295928955e-01,7.394336163997650146e-02,2.534601390361785889e-01,1.649992316961288452e-01,3.337030708789825439e-01,1.979929953813552856e-01,2.286964952945709229e-01,2.448231428861618042e-01,6.658662855625152588e-02,8.675038814544677734e-02,1.371537446975708008e-01,6.911665201187133789e-02,2.532282471656799316e-01,2.758229076862335205e-01,1.525100469589233398e-01,2.336143851280212402e-01,1.575422883033752441e-01,1.894041746854782104e-01,4.620786756277084351e-02,-6.498785689473152161e-03,7.812079787254333496e-02,1.184697300195693970e-01,7.412572205066680908e-02,1.526908110827207565e-02,2.422628998756408691e-01,3.455450385808944702e-02,3.800813108682632446e-02,1.458412408828735352e-01,-4.264350235462188721e-02,-2.004852890968322754e-01
3.753762543201446533e-01,4.293014407157897949e-01,1.119997054338455200e-01,2.645996212959289551e-01,2.549834549427032471e-01,3.302117586135864258e-01,3.313582837581634521e-01,4.582330882549285889e-01,1.100410073995590210e-01,1.644324213266372681e-01,5.311063528060913086e-01,9.999994635581970215e-01,2.771427929401397705e-01,5.604656934738159180e-01,1.598051041364669800e-01,2.291864901781082153e-01,2.950091063976287842e-01,3.520738482475280762e-01,2.040340453386306763e-01,5.062285661697387695e-01,-2.286639995872974396e-02,1.726777255535125732e-01,1.079794764518737793e-01,1.684476733207702637e-01,5.707464739680290222e-02,5.385596305131912231e-02,1.870363056659698486e-01,1.804926991462707520e-01,3.217107057571411133e-01,2.849519848823547363e-01,1.195992603898048401e-01,1.657346934080123901e-01,4.295223057270050049e-01,3.341481089591979980e-01,7.730063050985336304e-02,4.650050774216651917e-02,1.208834052085876465e-01,1.599630224518477917e-03,1.662370413541793823e-01,3.416622057557106018e-02,2.146846354007720947e-01,1.160770133137702942e-01,2.159460335969924927e-01,1.844135485589504242e-02,2.195875942707061768e-01,2.457754611968994141e-01,2.966092526912689209e-01,2.360919117927551270e-01,1.863649338483810425e-01,2.629114687442779541e-01,2.646381556987762451e-01,2.972453236579895020e-01,2.937352359294891357e-01,2.672950625419616699e-01,2.424659729003906250e-01,1.922232061624526978e-01,3.991289734840393066e-01,4.201523363590240479e-01,5.136720538139343262e-01,5.842044949531555176e-01,5.354256033897399902e-01,5.397589206695556641e-01,5.392027497291564941e-01,5.156005620956420898e-01,-9.930019825696945190e-02,2.653125524520874023e-01,3.002193272113800049e-01,2.398137897253036499e-01,1.427040696144104004e-01,4.898695945739746094e-01,1.178593561053276062e-01,1.246638894081115723e-01,3.339555561542510986e-01,1.650342941284179688e-01,1.669936925172805786e-01,2.200029939413070679e-01,2.603487074375152588e-01,2.846989035606384277e-01,2.713148593902587891e-01,3.470551073551177979e-01,4.385477304458618164e-01,4.593563675880432129e-01,3.273057341575622559e-01,1.865789145231246948e-01,1.776781678199768066e-01,2.625487744808197021e-01,1.526576429605484009e-01,1.793165355920791626e-01,1.704521030187606812e-01,2.294706404209136963e-01,3.455143868923187256e-01,1.626422554254531860e-01,2.286640554666519165e-01,2.224536687135696411e-01,6.848183274269104004e-02,5.831505730748176575e-02,1.521798074245452881e-01,6.207983568310737610e-02,1.695265024900436401e-01,1.883869469165802002e-01,1.743871569633483887e-01,1.754363477230072021e-01,1.535975188016891479e-01,2.893613278865814209e-01,7.046376354992389679e-03,-2.784343436360359192e-02,1.115096434950828552e-01,1.539194881916046143e-01,3.359567001461982727e-02,8.235137164592742920e-02,2.325881421566009521e-01,3.529765829443931580e-02,-4.065267741680145264e-02,1.408191621303558350e-01,-1.115428134799003601e-01,-2.492620050907135010e-01
4.355113506317138672e-01,1.246840134263038635e-01,2.540397942066192627e-01,1.592070907354354858e-01,6.022315472364425659e-02,2.867224998772144318e-02,5.196261405944824219e-01,2.638128399848937988e-01,2.499909400939941406e-01,-4.544350877404212952e-02,3.943718671798706055e-01,2.771427929401397705e-01,1.000000000000000000e+00,3.491964936256408691e-01,2.896580100059509277e-01,1.865642666816711426e-01,1.756774634122848511e-01,2.079585492610931396e-01,3.715107440948486328e-01,3.269982635974884033e-01,1.688797958195209503e-02,-7.703306619077920914e-03,3.588366210460662842e-01,2.904513478279113770e-01,2.153265178203582764e-01,1.779440343379974365e-01,1.468282043933868408e-01,5.297502875328063965e-02,2.194661051034927368e-01,1.840472370386123657e-01,4.107117652893066406e-01,2.214648872613906860e-01,2.689685821533203125e-01,2.145842611789703369e-01,1.619195789098739624e-01,2.207526415586471558e-01,-5.757403094321489334e-03,8.785939775407314301e-03,1.061711832880973816e-01,7.533816993236541748e-02,6.427434086799621582e-02,1.519060581922531128e-01,1.365600824356079102e-01,-7.512546330690383911e-02,2.584940753877162933e-02,3.578792512416839600e-02,8.506533503532409668e-02,1.314869672060012817e-01,8.250161074101924896e-03,1.684230193495750427e-02,7.157348841428756714e-02,3.071989864110946655e-02,1.001800373196601868e-01,5.509248748421669006e-02,1.650535464286804199e-01,1.044567823410034180e-01,3.308912217617034912e-01,2.498411536216735840e-01,2.814446091651916504e-01,1.979263722896575928e-01,4.610895514488220215e-01,2.698315680027008057e-01,3.925013840198516846e-01,1.166299134492874146e-01,4.144673347473144531e-01,2.847419679164886475e-01,3.120934665203094482e-01,1.872428804636001587e-01,-4.364278540015220642e-02,1.634110659360885620e-01,2.088602632284164429e-01,8.758006989955902100e-02,2.802951037883758545e-01,2.285452783107757568e-01,1.717967838048934937e-01,1.368669718503952026e-01,2.698975801467895508e-01,2.521567940711975098e-01,2.616688013076782227e-01,2.263371497392654419e-01,2.844511568546295166e-01,1.529414802789688110e-01,1.669912785291671753e-01,1.232134774327278137e-01,2.982600927352905273e-01,2.576968967914581299e-01,4.714250192046165466e-02,-5.903217568993568420e-02,1.717521548271179199e-01,-6.941747851669788361e-04,7.336385548114776611e-02,1.927859932184219360e-01,4.102146625518798828e-02,5.043753609061241150e-02,3.382956981658935547e-02,1.675391644239425659e-01,6.808505207300186157e-02,1.831491440534591675e-01,1.491761058568954468e-01,2.390339672565460205e-01,4.165307059884071350e-02,1.470473967492580414e-02,-1.240044459700584412e-02,1.520234644412994385e-01,-1.640658825635910034e-02,-1.670525409281253815e-02,1.728762537240982056e-01,2.293995916843414307e-01,-2.037008851766586304e-02,-3.461258858442306519e-02,1.269391626119613647e-01,1.637494117021560669e-01,1.212337836623191833e-01,1.167718991637229919e-01,-1.192302852869033813e-01,-2.452902048826217651e-01
