1.000000119209289551e+00,3.833552300930023193e-01,3.960664570331573486e-01,2.240709960460662842e-01,6.156582757830619812e-02,-1.086028069257736206e-01,6.040108799934387207e-01,3.571245372295379639e-01,-3.879030048847198486e-02,-1.393803060054779053e-01,5.801350474357604980e-01,2.609901726245880127e-01,4.597822427749633789e-01,1.593955010175704956e-01,9.968989342451095581e-02,-2.313049882650375366e-01,4.970576465129852295e-01,1.942082494497299194e-01,2.628035247325897217e-01,2.071702182292938232e-01,-2.006420865654945374e-02,-6.706789880990982056e-02,1.534384787082672119e-01,-2.633349271491169930e-03,-5.736744776368141174e-02,-7.770363241434097290e-02,1.328996731899678707e-03,-4.631884768605232239e-02,3.175307214260101318e-01,-1.926469802856445312e-02,1.254470050334930420e-01,1.518962234258651733e-01,2.412051856517791748e-01,2.334991693496704102e-01,3.470799326896667480e-02,7.532483339309692383e-02,7.768313586711883545e-02,-8.742079883813858032e-02,1.519327312707901001e-01,-6.514685600996017456e-02,2.748079411685466766e-02,7.876923307776451111e-03,-1.452252864837646484e-01,-2.436021417379379272e-01,-1.240001916885375977e-01,-1.540804952383041382e-01,-6.785076111555099487e-02,-1.412274092435836792e-01,-1.666441746056079865e-02,-1.210333183407783508e-01,-4.723528400063514709e-02,-1.956204921007156372e-01,-2.010104060173034668e-02,-1.954829990863800049e-01,2.468532882630825043e-02,-2.540566921234130859e-01,5.275512933731079102e-01,2.610847949981689453e-01,4.110623598098754883e-01,2.482556849718093872e-01,3.739928007125854492e-01,1.160269007086753845e-01,5.475499629974365234e-01,1.756291836500167847e-01,1.680586785078048706e-01,-1.895936578512191772e-01,1.497795432806015015e-01,1.922127753496170044e-01,1.622717231512069702e-01,2.266765087842941284e-01,2.577466368675231934e-01,1.539291739463806152e-01,3.173231482505798340e-01,7.162087410688400269e-02,1.859721541404724121e-01,6.289720535278320312e-02,4.087796807289123535e-01,2.816319167613983154e-01,3.013568818569183350e-01,1.117152795195579529e-01,4.751890301704406738e-01,7.516578584909439087e-02,2.300209999084472656e-01,-2.012472599744796753e-01,2.754200696945190430e-01,-1.432467103004455566e-01,2.652540504932403564e-01,-8.282340317964553833e-02,2.116793394088745117e-01,-1.900043487548828125e-01,4.851544275879859924e-02,-1.836564987897872925e-01,1.148279383778572083e-01,-9.478297829627990723e-02,7.867302745580673218e-02,-7.790512405335903168e-03,1.050424128770828247e-01,1.638203300535678864e-02,-1.104493513703346252e-01,-2.327800691127777100e-01,-1.302039530128240585e-02,3.317350894212722778e-02,2.051294296979904175e-01,-4.575941711664199829e-02,-3.606750443577766418e-02,-1.496032476425170898e-01,6.869466742500662804e-04,-7.292289286851882935e-02,1.672711521387100220e-01,1.556970924139022827e-01,1.464293748140335083e-01,1.776663027703762054e-02,-9.061401337385177612e-02,-2.208855189383029938e-02,-9.905061870813369751e-02,-8.369731158018112183e-02
3.833552300930023193e-01,9.999997019767761230e-01,2.696377038955688477e-01,2.995887994766235352e-01,-1.836390048265457153e-02,4.826319217681884766e-02,3.780569732189178467e-01,6.074271202087402344e-01,-1.046159788966178894e-01,1.647889763116836548e-01,2.874983549118041992e-01,6.304451823234558105e-01,9.863725304603576660e-02,5.303950905799865723e-01,-8.048091828823089600e-02,1.812898516654968262e-01,2.748340666294097900e-01,6.069570779800415039e-01,3.291281759738922119e-01,3.919920325279235840e-01,4.612177237868309021e-02,1.670809984207153320e-01,2.180437743663787842e-01,2.012752890586853027e-01,-8.144665509462356567e-02,3.806143999099731445e-03,2.438426017761230469e-02,3.378675086423754692e-03,1.837689429521560669e-01,4.057657122611999512e-01,2.094143629074096680e-01,2.585514485836029053e-01,2.259556651115417480e-01,1.990568637847900391e-01,-6.652163807302713394e-03,8.220197260379791260e-02,1.440399233251810074e-02,3.331355750560760498e-01,-2.132352627813816071e-02,2.117454409599304199e-01,-5.589958652853965759e-02,2.032438516616821289e-01,-4.351629759185016155e-04,1.200417876243591309e-01,7.376676052808761597e-02,-8.920831233263015747e-02,2.844894118607044220e-02,1.893165260553359985e-01,-7.812992483377456665e-02,1.091818809509277344e-01,-1.855053305625915527e-01,2.124076485633850098e-01,-6.395999342203140259e-02,2.124872356653213501e-01,-1.632358133792877197e-01,3.036811351776123047e-01,6.433626264333724976e-02,6.841027140617370605e-01,1.715887784957885742e-01,3.795349001884460449e-01,-9.394761919975280762e-02,4.417868554592132568e-01,-1.209180150181055069e-02,5.283385515213012695e-01,-1.692458689212799072e-01,3.387146592140197754e-01,2.309293895959854126e-01,3.072222769260406494e-01,2.787331640720367432e-01,3.732631504535675049e-01,2.378686666488647461e-01,3.092711567878723145e-01,1.452148109674453735e-01,3.653171658515930176e-01,1.333327442407608032e-01,1.860990822315216064e-01,3.329647481441497803e-01,4.677160084247589111e-01,8.115457743406295776e-02,3.046337962150573730e-01,1.932746917009353638e-02,5.934293270111083984e-01,-1.088308095932006836e-01,2.629100680351257324e-01,-9.851527959108352661e-02,3.944284915924072266e-01,-8.415081351995468140e-02,2.485178560018539429e-01,-2.791173756122589111e-02,4.081560373306274414e-01,-9.035445749759674072e-02,2.788497507572174072e-01,9.191218018531799316e-02,3.243960142135620117e-01,6.850840896368026733e-02,8.649899065494537354e-02,7.449901849031448364e-02,2.930089533329010010e-01,-2.864263206720352173e-02,2.591778039932250977e-01,-8.478249609470367432e-02,2.070754021406173706e-01,-1.503749284893274307e-02,2.161614000797271729e-01,2.054101787507534027e-02,5.330966040492057800e-02,-1.646310836076736450e-02,1.501041650772094727e-01,7.933114469051361084e-02,4.382235184311866760e-02,1.085350885987281799e-01,9.220097959041595459e-02,4.738550260663032532e-02,1.497402489185333252e-01,1.426749825477600098e-01,9.979305416345596313e-02
3.960664570331573486e-01,2.696377038955688477e-01,1.000000119209289551e+00,6.576638817787170410e-01,1.707429736852645874e-01,9.172136336565017700e-02,6.588680148124694824e-01,5.555293560028076172e-01,1.711430102586746216e-01,1.287707835435867310e-01,4.397375285625457764e-01,3.795635700225830078e-01,4.992985427379608154e-01,4.434948265552520752e-01,3.252322971820831299e-01,2.223027497529983521e-01,2.539165616035461426e-01,2.659960389137268066e-01,1.638079136610031128e-01,1.594215631484985352e-02,2.956039905548095703e-01,2.164436727762222290e-01,6.609522104263305664e-01,5.616449117660522461e-01,8.181097358465194702e-02,1.207360327243804932e-01,1.533586680889129639e-01,5.693294480443000793e-02,4.070153832435607910e-01,3.357882499694824219e-01,5.321784615516662598e-01,5.679700374603271484e-01,3.496841713786125183e-02,4.493110254406929016e-02,-9.854583069682121277e-03,4.919778183102607727e-02,1.138722151517868042e-01,2.098210901021957397e-02,2.132307440042495728e-01,-2.006524614989757538e-02,9.115637093782424927e-02,7.484322786331176758e-02,1.368223577737808228e-01,1.110659241676330566e-01,1.689885705709457397e-01,-2.151220291852951050e-02,1.094873547554016113e-01,9.411502629518508911e-02,2.088878154754638672e-01,7.739038765430450439e-02,1.668719798326492310e-01,1.610989421606063843e-01,8.427813649177551270e-02,1.013180017471313477e-01,1.424464732408523560e-01,7.085307687520980835e-02,1.000527516007423401e-01,1.192674711346626282e-01,-5.810461472719907761e-03,3.923935815691947937e-02,1.151936799287796021e-01,2.505355142056941986e-02,1.532130241394042969e-01,1.451564729213714600e-01,2.275277972221374512e-01,6.149433925747871399e-02,-1.490736007690429688e-01,1.929401792585849762e-02,-1.737245172262191772e-01,-9.743978828191757202e-02,5.000665187835693359e-01,4.746504426002502441e-01,4.160509705543518066e-01,3.342607319355010986e-01,3.416714668273925781e-01,1.564677357673645020e-01,2.736909389495849609e-01,3.777998983860015869e-01,1.371196061372756958e-01,1.135641932487487793e-01,2.432216852903366089e-01,2.078697681427001953e-01,2.636658549308776855e-01,1.119329854846000671e-01,1.618969142436981201e-01,8.049736171960830688e-02,2.424263805150985718e-01,1.997618079185485840e-01,2.099176943302154541e-01,2.850695326924324036e-02,1.088033616542816162e-01,3.815009072422981262e-02,1.889510750770568848e-01,1.516333371400833130e-01,3.008721172809600830e-01,2.244150452315807343e-02,3.092882931232452393e-01,5.433743819594383240e-02,3.390279784798622131e-02,1.137097403407096863e-01,1.102891713380813599e-01,1.387534886598587036e-01,1.652328073978424072e-01,1.883618682622909546e-01,1.642547398805618286e-01,1.744922697544097900e-01,9.164006449282169342e-03,1.300394684076309204e-01,2.339419424533843994e-01,1.152706816792488098e-01,1.232815012335777283e-01,-6.202889978885650635e-02,6.678272038698196411e-02,2.139967679977416992e-01,1.460995376110076904e-01,1.679198145866394043e-01
2.240709960460662842e-01,2.995887994766235352e-01,6.576638817787170410e-01,9.999999403953552246e-01,2.280732989311218262e-01,2.761676609516143799e-01,4.971709251403808594e-01,6.191299557685852051e-01,1.835138350725173950e-01,2.965140044689178467e-01,2.994694709777832031e-01,4.491851627826690674e-01,3.570373058319091797e-01,5.475291013717651367e-01,2.813163995742797852e-01,4.214474260807037354e-01,1.681270748376846313e-01,3.819194436073303223e-01,2.247503697872161865e-01,9.031835198402404785e-02,4.251953661441802979e-01,3.386577963829040527e-01,6.888819336891174316e-01,7.097146511077880859e-01,2.156062573194503784e-01,2.716104388236999512e-01,3.188470005989074707e-01,2.470596283674240112e-01,3.890597820281982422e-01,4.795949459075927734e-01,5.786049962043762207e-01,6.522973179817199707e-01,-7.644164562225341797e-02,-3.948470205068588257e-02,-4.714598879218101501e-02,3.619718924164772034e-02,1.608863025903701782e-01,1.850440949201583862e-01,1.989073902368545532e-01,1.633845269680023193e-01,1.075085774064064026e-01,1.428950130939483643e-01,2.015967071056365967e-01,2.063014656305313110e-01,2.306216657161712646e-01,9.459272027015686035e-03,1.604426056146621704e-01,2.106566280126571655e-01,1.319258809089660645e-01,1.364596635103225708e-01,1.006127446889877319e-01,2.572624683380126953e-01,8.142119646072387695e-02,2.331007421016693115e-01,3.734488412737846375e-02,2.460428923368453979e-01,-8.902544528245925903e-02,2.437465190887451172e-01,-7.356424629688262939e-02,2.270475402474403381e-02,-2.447849884629249573e-02,-4.368549957871437073e-02,-4.861008748412132263e-02,2.989467680454254150e-01,7.149764895439147949e-02,1.507782638072967529e-01,-1.217440515756607056e-01,8.185466378927230835e-02,-1.926508247852325439e-01,-7.238341867923736572e-02,5.166980624198913574e-01,6.021152138710021973e-01,3.410649299621582031e-01,4.018816351890563965e-01,3.122919499874114990e-01,1.887576580047607422e-01,2.863999903202056885e-01,4.941768944263458252e-01,7.461113482713699341e-02,1.624377071857452393e-01,1.101367473602294922e-01,3.900447785854339600e-01,1.207673400640487671e-01,3.492206931114196777e-01,1.598333381116390228e-02,2.597073316574096680e-01,7.761200424283742905e-03,2.270182669162750244e-01,5.432943254709243774e-02,2.470192909240722656e-01,-2.375176362693309784e-02,1.831240952014923096e-01,1.045733839273452759e-01,2.244008779525756836e-01,2.653090357780456543e-01,3.531976789236068726e-02,2.635666131973266602e-01,1.718872189521789551e-01,1.900531351566314697e-02,2.568598091602325439e-01,4.508409649133682251e-02,1.629259586334228516e-01,-7.607124745845794678e-02,2.448153793811798096e-01,1.961958557367324829e-01,2.028100192546844482e-01,5.719775706529617310e-02,2.829748988151550293e-01,2.048980295658111572e-01,7.761268317699432373e-02,1.089878901839256287e-01,-3.321505850180983543e-03,1.022627875208854675e-01,2.241098284721374512e-01,2.294012159109115601e-01,2.115891724824905396e-01
6.156582757830619812e-02,-1.836390048265457153e-02,1.707429736852645874e-01,2.280732989311218262e-01,9.999995827674865723e-01,7.369377613067626953e-01,2.772568464279174805e-01,1.803599745035171509e-01,7.770571708679199219e-01,5.190373659133911133e-01,2.606263458728790283e-01,1.756279617547988892e-01,3.819304406642913818e-01,3.807384371757507324e-01,6.682862639427185059e-01,4.513163268566131592e-01,1.112538129091262817e-01,4.212107881903648376e-02,6.020390614867210388e-02,7.306305319070816040e-02,4.641847312450408936e-01,5.225860476493835449e-01,2.276601791381835938e-01,2.971365153789520264e-01,6.547579169273376465e-01,7.405184507369995117e-01,7.574412822723388672e-01,7.590653300285339355e-01,4.028905928134918213e-01,3.322954475879669189e-01,4.595005214214324951e-01,3.709268569946289062e-01,-1.876463592052459717e-01,-2.107809036970138550e-01,-2.166419476270675659e-01,-1.448783874511718750e-01,3.308888971805572510e-01,1.002761647105216980e-01,4.074888527393341064e-01,1.855046600103378296e-01,5.110854506492614746e-01,5.451676845550537109e-01,9.432068467140197754e-02,-4.348921403288841248e-02,1.512002944946289062e-01,-8.470810949802398682e-02,1.247423067688941956e-01,2.082611620426177979e-02,1.697418838739395142e-01,7.469599694013595581e-02,2.516655325889587402e-01,4.208796471357345581e-02,3.432513177394866943e-01,1.256078183650970459e-01,4.546838402748107910e-01,2.929804027080535889e-01,7.793545722961425781e-02,-1.626130193471908569e-01,-1.033535748720169067e-01,-3.231798410415649414e-01,7.252962142229080200e-02,-1.002224236726760864e-01,2.726774662733078003e-02,-2.835114896297454834e-01,1.762902140617370605e-01,-2.358909398317337036e-01,-2.882193028926849365e-01,-2.382774353027343750e-01,-2.071884721517562866e-01,-1.710901111364364624e-01,3.750000894069671631e-01,3.295572102069854736e-01,4.035685062408447266e-01,3.347046673297882080e-01,4.412876665592193604e-01,3.478460311889648438e-01,1.940891891717910767e-01,1.049103587865829468e-01,1.356629133224487305e-01,-5.386040732264518738e-02,3.141551911830902100e-01,5.628725513815879822e-02,6.052337288856506348e-01,4.415166378021240234e-01,2.541867792606353760e-01,-1.018924638628959656e-02,4.173612594604492188e-01,2.092547267675399780e-01,4.708118438720703125e-01,9.759353846311569214e-02,2.024465650320053101e-01,1.236048936843872070e-01,1.401029974222183228e-01,-6.487931311130523682e-02,1.519095003604888916e-01,3.486795350909233093e-02,3.019254803657531738e-01,1.603106856346130371e-01,2.168769836425781250e-01,3.770888969302177429e-02,2.229098826646804810e-01,-6.251533329486846924e-02,3.272579610347747803e-02,-4.529864713549613953e-02,2.243351191282272339e-01,1.891584247350692749e-01,2.194501757621765137e-01,1.388921439647674561e-01,1.965612359344959259e-02,6.709302961826324463e-02,1.367477625608444214e-01,2.420628666877746582e-01,1.130934208631515503e-01,-3.589940443634986877e-02,6.988079845905303955e-02,1.504126936197280884e-01
-1.086028069257736206e-01,4.826319217681884766e-02,9.172136336565017700e-02,2.761676609516143799e-01,7.369377613067626953e-01,1.000000357627868652e+00,1.442644000053405762e-01,2.253762781620025635e-01,6.622914075851440430e-01,7.654786705970764160e-01,5.058707296848297119e-02,2.472636550664901733e-01,1.265822798013687134e-01,4.770528972148895264e-01,4.771631360054016113e-01,6.393293142318725586e-01,-1.938354596495628357e-02,1.722215265035629272e-01,5.625692754983901978e-02,1.102596372365951538e-01,4.839427471160888672e-01,5.543888211250305176e-01,2.989627718925476074e-01,3.971307277679443359e-01,7.105464339256286621e-01,7.981267571449279785e-01,7.907499074935913086e-01,8.344948291778564453e-01,2.913587689399719238e-01,4.611024856567382812e-01,4.649181365966796875e-01,4.150815308094024658e-01,-1.751155704259872437e-01,-1.876428723335266113e-01,-1.102789789438247681e-01,-7.465773727744817734e-03,3.049853444099426270e-01,2.773362994194030762e-01,3.493233323097229004e-01,3.389961421489715576e-01,4.336673319339752197e-01,5.324109792709350586e-01,1.165820509195327759e-01,8.827622979879379272e-02,1.968128681182861328e-01,-1.183030661195516586e-02,1.609112918376922607e-01,1.737418770790100098e-01,1.518324762582778931e-01,1.828980147838592529e-01,1.857549548149108887e-01,1.314559876918792725e-01,2.826215624809265137e-01,2.375738620758056641e-01,3.867155015468597412e-01,5.172066092491149902e-01,-7.137300074100494385e-02,-5.158151313662528992e-02,-1.472552865743637085e-01,-2.694506943225860596e-01,3.808288648724555969e-02,-4.706090316176414490e-02,-1.290638595819473267e-01,-1.470366269350051880e-01,7.424392551183700562e-02,-1.338213831186294556e-01,-2.274567037820816040e-01,-2.000377178192138672e-01,-1.989339739084243774e-01,-1.752040684223175049e-01,3.464953005313873291e-01,3.996414542198181152e-01,3.019152283668518066e-01,3.795734643936157227e-01,4.013330340385437012e-01,3.649552464485168457e-01,1.091975495219230652e-01,1.636370718479156494e-01,7.482029497623443604e-02,2.302877791225910187e-02,1.173063591122627258e-01,2.725530862808227539e-01,3.799905180931091309e-01,6.503947377204895020e-01,6.666805595159530640e-02,1.956550925970077515e-01,2.099013924598693848e-01,3.701359331607818604e-01,2.586148083209991455e-01,3.428730368614196777e-01,1.443716436624526978e-01,3.890740275382995605e-01,9.359570592641830444e-02,1.354354619979858398e-01,1.499763429164886475e-01,6.150175258517265320e-02,3.463379144668579102e-01,2.584806382656097412e-01,2.634476721286773682e-01,2.801503837108612061e-01,2.152521908283233643e-01,9.920227527618408203e-02,-8.671020716428756714e-02,1.197075247764587402e-01,2.992329895496368408e-01,3.198447525501251221e-01,1.990955770015716553e-01,2.475603967905044556e-01,4.705929756164550781e-02,1.069112047553062439e-01,2.449801862239837646e-01,3.802245259284973145e-01,2.076378762722015381e-01,8.322747796773910522e-02,1.949251741170883179e-01,2.432461678981781006e-01
6.040108799934387207e-01,3.780569732189178467e-01,6.588680148124694824e-01,4.971709251403808594e-01,2.772568464279174805e-01,1.442644000053405762e-01,1.000000000000000000e+00,6.952030062675476074e-01,2.705720961093902588e-01,2.083912193775177002e-01,6.732638478279113770e-01,5.133439302444458008e-01,6.939035654067993164e-01,5.153678655624389648e-01,3.491989076137542725e-01,1.655958145856857300e-01,4.110641479492187500e-01,3.898634612560272217e-01,2.005988508462905884e-01,1.754856556653976440e-01,2.916001677513122559e-01,2.775447964668273926e-01,3.799940049648284912e-01,2.997188568115234375e-01,6.023092567920684814e-02,2.044963687658309937e-01,1.763458847999572754e-01,1.530795842409133911e-01,5.789518356323242188e-01,4.106161296367645264e-01,5.389943122863769531e-01,5.490102171897888184e-01,1.178173199295997620e-01,1.142277792096138000e-01,-4.089027643203735352e-02,1.632169261574745178e-02,1.748455315828323364e-01,9.846905618906021118e-02,2.027017772197723389e-01,1.641995273530483246e-02,1.516472995281219482e-01,1.807712763547897339e-01,1.285519301891326904e-01,-1.036760280840098858e-03,2.331275939941406250e-01,9.493711404502391815e-03,6.080234423279762268e-02,3.577857092022895813e-02,2.628482282161712646e-01,9.990103542804718018e-02,1.548333615064620972e-01,5.577562004327774048e-02,1.399987787008285522e-01,1.805294305086135864e-02,1.007435843348503113e-01,-3.818753734230995178e-02,2.394289374351501465e-01,1.093282178044319153e-01,3.181400895118713379e-02,-9.250277280807495117e-02,1.130336001515388489e-01,-4.418973985593765974e-04,2.191077321767807007e-01,4.866162687540054321e-02,2.111730575561523438e-01,-5.001707747578620911e-02,-1.636425852775573730e-01,-4.625224694609642029e-02,-1.454787999391555786e-01,-4.526514559984207153e-02,6.026080250740051270e-01,5.261880755424499512e-01,5.869839191436767578e-01,4.793581068515777588e-01,4.614601135253906250e-01,2.922204434871673584e-01,4.458641111850738525e-01,3.622735440731048584e-01,2.924523651599884033e-01,2.191561311483383179e-01,3.886174261569976807e-01,2.126040160655975342e-01,3.063957393169403076e-01,9.298505634069442749e-02,2.108579725027084351e-01,-1.969756372272968292e-02,2.922993898391723633e-01,1.653966009616851807e-01,3.219827115535736084e-01,-2.005223184823989868e-02,-6.699100136756896973e-03,-7.874727249145507812e-02,1.019279882311820984e-01,2.416216768324375153e-02,1.304643452167510986e-01,5.559309199452400208e-02,1.824156939983367920e-01,1.273787673562765121e-02,-5.569599196314811707e-02,-4.819517955183982849e-02,1.044225245714187622e-01,6.838546693325042725e-02,1.441762894392013550e-01,9.077508002519607544e-02,1.285148859024047852e-01,7.371950149536132812e-02,3.356723859906196594e-02,3.490493819117546082e-02,1.207267567515373230e-01,9.320254623889923096e-02,9.265535324811935425e-02,-5.353152379393577576e-02,-5.962140858173370361e-02,5.700754746794700623e-02,1.078162565827369690e-01,8.763725310564041138e-02
3.571245372295379639e-01,6.074271202087402344e-01,5.555293560028076172e-01,6.191299557685852051e-01,1.803599745035171509e-01,2.253762781620025635e-01,6.952030062675476074e-01,1.000000000000000000e+00,1.052043884992599487e-01,3.592123985290527344e-01,4.136237502098083496e-01,7.228602766990661621e-01,3.792667686939239502e-01,7.478945851325988770e-01,1.301711946725845337e-01,3.643499910831451416e-01,2.118992954492568970e-01,6.476817131042480469e-01,1.620415896177291870e-01,1.880351901054382324e-01,2.937754690647125244e-01,3.466377854347229004e-01,4.254437983036041260e-01,4.512479603290557861e-01,5.801448971033096313e-02,2.240999937057495117e-01,1.568431705236434937e-01,1.741228699684143066e-01,4.382829666137695312e-01,6.454425454139709473e-01,5.628178119659423828e-01,6.172298192977905273e-01,1.380866914987564087e-01,1.416334211826324463e-01,3.677144646644592285e-02,9.999553859233856201e-02,9.910032898187637329e-02,3.462346494197845459e-01,6.193653121590614319e-02,2.621809542179107666e-01,6.885470449924468994e-02,2.881961464881896973e-01,1.153133958578109741e-01,1.591870188713073730e-01,2.593459784984588623e-01,1.076715961098670959e-01,8.038690313696861267e-03,1.484661102294921875e-01,1.972336322069168091e-01,2.306181937456130981e-01,4.984371829777956009e-03,2.535253763198852539e-01,-2.494453638792037964e-02,1.889359056949615479e-01,-1.353753656148910522e-01,2.725079655647277832e-01,-8.427918702363967896e-02,4.221906363964080811e-01,4.392775893211364746e-02,9.312047809362411499e-02,-1.237980648875236511e-01,2.182288467884063721e-01,-1.361162215471267700e-01,3.299627602100372314e-01,-6.898427754640579224e-02,2.417545765638351440e-01,-8.084884285926818848e-02,4.790579900145530701e-02,-1.127528622746467590e-01,3.608154505491256714e-02,5.935243368148803711e-01,6.401313543319702148e-01,4.499543011188507080e-01,6.286760568618774414e-01,3.760031461715698242e-01,3.875104188919067383e-01,4.076125621795654297e-01,4.999240040779113770e-01,1.172842010855674744e-01,3.530818223953247070e-01,4.012910649180412292e-02,5.582800507545471191e-01,-6.780890282243490219e-03,3.606858849525451660e-01,-1.088410317897796631e-01,2.812298238277435303e-01,3.762523084878921509e-02,3.613501191139221191e-01,1.325479615479707718e-02,3.123846352100372314e-01,-2.401374876499176025e-01,1.437012553215026855e-01,-8.427944779396057129e-02,1.921271830797195435e-01,3.953986614942550659e-02,2.704709023237228394e-02,6.650494039058685303e-02,1.425327360630035400e-01,-1.592087149620056152e-01,1.431772410869598389e-01,-7.576495409011840820e-02,1.595121026039123535e-01,-7.067896425724029541e-02,1.916377842426300049e-01,8.272434026002883911e-02,1.206610202789306641e-01,-1.721739210188388824e-02,1.893019527196884155e-01,9.023856371641159058e-02,-9.226181544363498688e-03,6.437337398529052734e-02,-1.784878224134445190e-02,-6.444921344518661499e-02,5.024701729416847229e-02,1.363160610198974609e-01,1.027863398194313049e-01
-3.879030048847198486e-02,-1.046159788966178894e-01,1.711430102586746216e-01,1.835138350725173950e-01,7.770571708679199219e-01,6.622914075851440430e-01,2.705720961093902588e-01,1.052043884992599487e-01,1.000000238418579102e+00,5.272790193557739258e-01,2.494269758462905884e-01,1.511322557926177979e-01,4.072946012020111084e-01,3.044544756412506104e-01,7.854603528976440430e-01,5.228479504585266113e-01,1.254005879163742065e-01,4.879051074385643005e-02,6.644362956285476685e-02,5.990758538246154785e-02,5.507632493972778320e-01,5.968888401985168457e-01,1.992771774530410767e-01,2.606105804443359375e-01,5.298902988433837891e-01,6.979874372482299805e-01,6.337707042694091797e-01,6.445508003234863281e-01,4.730716645717620850e-01,3.692687749862670898e-01,4.675814211368560791e-01,3.782835900783538818e-01,-1.689011007547378540e-01,-2.035989016294479370e-01,-2.600735723972320557e-01,-1.878051459789276123e-01,4.109197556972503662e-01,1.136705428361892700e-01,4.479371905326843262e-01,1.453568488359451294e-01,5.435836315155029297e-01,4.580613076686859131e-01,1.950760930776596069e-01,3.813485056161880493e-02,2.806164622306823730e-01,-8.231215178966522217e-03,2.547969222068786621e-01,1.381500661373138428e-01,2.665070295333862305e-01,1.207456663250923157e-01,3.473054766654968262e-01,9.482360631227493286e-02,4.483132958412170410e-01,1.496732980012893677e-01,5.394897460937500000e-01,2.721618413925170898e-01,9.133752435445785522e-02,-2.704178392887115479e-01,-2.506634593009948730e-01,-4.984557628631591797e-01,7.506079226732254028e-02,-1.961109340190887451e-01,-1.467045955359935760e-02,-3.511222302913665771e-01,2.806223630905151367e-01,-2.117621749639511108e-01,-2.998472452163696289e-01,-2.865880429744720459e-01,-2.201444208621978760e-01,-2.904686927795410156e-01,3.687910139560699463e-01,3.251933157444000244e-01,4.569360911846160889e-01,3.543331325054168701e-01,4.512186348438262939e-01,3.046052157878875732e-01,1.347088813781738281e-01,3.915726020932197571e-02,1.742151677608489990e-01,-3.150767181068658829e-03,3.359249830245971680e-01,-1.025358308106660843e-02,6.305827498435974121e-01,4.233140945434570312e-01,3.675714731216430664e-01,2.853308804333209991e-02,3.932888209819793701e-01,2.084820568561553955e-01,5.977974534034729004e-01,1.125898137688636780e-01,3.252455294132232666e-01,1.420496106147766113e-01,2.512081563472747803e-01,2.384504117071628571e-02,2.704825103282928467e-01,1.196278259158134460e-01,4.032516777515411377e-01,1.424387544393539429e-01,3.789176642894744873e-01,1.688404083251953125e-01,4.115283787250518799e-01,-3.864466026425361633e-02,1.382282972335815430e-01,1.033244356513023376e-01,3.618804812431335449e-01,3.253463208675384521e-01,2.331609576940536499e-01,1.747913062572479248e-01,8.277283608913421631e-02,8.402013033628463745e-02,9.088426828384399414e-02,1.278430968523025513e-01,1.992193907499313354e-01,1.460950076580047607e-01,2.621276378631591797e-01,3.227433860301971436e-01
-1.393803060054779053e-01,1.647889763116836548e-01,1.287707835435867310e-01,2.965140044689178467e-01,5.190373659133911133e-01,7.654786705970764160e-01,2.083912193775177002e-01,3.592123985290527344e-01,5.272790193557739258e-01,1.000000000000000000e+00,9.336207062005996704e-02,4.018267691135406494e-01,9.339175373315811157e-02,5.291568040847778320e-01,3.496536314487457275e-01,6.742635965347290039e-01,2.385813044384121895e-03,3.924559056758880615e-01,8.812970668077468872e-02,1.472704410552978516e-01,4.286804199218750000e-01,4.964706599712371826e-01,2.605220079421997070e-01,3.512311577796936035e-01,5.252473354339599609e-01,6.652487516403198242e-01,5.937077999114990234e-01,6.338155269622802734e-01,2.724504768848419189e-01,5.773217678070068359e-01,4.326504170894622803e-01,4.136566221714019775e-01,-1.065174564719200134e-01,-1.254652142524719238e-01,-7.303424924612045288e-02,4.901415202766656876e-03,2.507645487785339355e-01,3.986375331878662109e-01,2.103119492530822754e-01,3.913221955299377441e-01,2.881816923618316650e-01,4.443834722042083740e-01,1.482150405645370483e-01,1.803871691226959229e-01,2.716527879238128662e-01,2.117383852601051331e-02,1.735794991254806519e-01,2.676945924758911133e-01,2.014972269535064697e-01,2.584044039249420166e-01,1.803980618715286255e-01,2.595303356647491455e-01,2.107009440660476685e-01,2.698769867420196533e-01,2.632059454917907715e-01,5.483733415603637695e-01,-9.202617406845092773e-02,6.548482179641723633e-02,-1.673140823841094971e-01,-2.032515704631805420e-01,2.702966518700122833e-02,5.740082263946533203e-02,-2.157454043626785278e-01,-2.806629426777362823e-02,6.052280962467193604e-02,4.759250953793525696e-02,-1.990557461977005005e-01,-1.903534233570098877e-01,-2.055337876081466675e-01,-1.681844592094421387e-01,3.640443980693817139e-01,4.605841338634490967e-01,2.942221462726593018e-01,4.989081621170043945e-01,3.929353356361389160e-01,4.469499588012695312e-01,1.298838108777999878e-01,2.294583171606063843e-01,8.980003744363784790e-02,1.818980574607849121e-01,4.055473953485488892e-02,4.285408854484558105e-01,2.081698179244995117e-01,6.868171095848083496e-01,3.268184140324592590e-02,3.562591671943664551e-01,7.201232761144638062e-02,5.166239738464355469e-01,2.218580096960067749e-01,5.026059746742248535e-01,4.126879572868347168e-02,4.136413335800170898e-01,7.768841832876205444e-02,2.991491258144378662e-01,7.763729244470596313e-02,8.746951818466186523e-02,2.654524147510528564e-01,2.491337507963180542e-01,2.220178544521331787e-01,3.602281808853149414e-01,2.456590980291366577e-01,1.563939452171325684e-01,-1.448294060537591577e-04,3.005303144454956055e-01,3.372747004032135010e-01,3.962936699390411377e-01,1.656877994537353516e-01,2.573678195476531982e-01,2.846542187035083771e-02,3.756817802786827087e-02,1.578669846057891846e-01,2.545968294143676758e-01,1.518079787492752075e-01,1.918658316135406494e-01,3.231628835201263428e-01,2.807086408138275146e-01
5.801350474357604980e-01,2.874983549118041992e-01,4.397375285625457764e-01,2.994694709777832031e-01,2.606263458728790283e-01,5.058707296848297119e-02,6.732638478279113770e-01,4.136237502098083496e-01,2.494269758462905884e-01,9.336207062005996704e-02,9.999995231628417969e-01,4.661951065063476562e-01,7.134457230567932129e-01,3.511510491371154785e-01,3.694064319133758545e-01,4.394643381237983704e-02,6.914722919464111328e-01,3.180273473262786865e-01,1.923235058784484863e-01,1.898748725652694702e-01,2.432212233543395996e-01,2.254280298948287964e-01,1.668290048837661743e-01,9.743735939264297485e-02,-3.413418307900428772e-02,1.189656779170036316e-01,1.357769519090652466e-01,9.975454956293106079e-02,6.215098500251770020e-01,2.763447761535644531e-01,3.256528973579406738e-01,3.136492073535919189e-01,1.602516472339630127e-01,1.595089435577392578e-01,-1.129055991768836975e-01,-8.812672644853591919e-02,2.883260548114776611e-01,5.861553922295570374e-02,2.686170935630798340e-01,1.404867600649595261e-02,1.801903545856475830e-01,1.164780557155609131e-01,1.125359013676643372e-01,-1.728294417262077332e-02,2.153773754835128784e-01,-3.497074590995907784e-03,4.281918704509735107e-02,-5.041665583848953247e-02,2.704988420009613037e-01,1.025289222598075867e-01,2.310902923345565796e-01,4.911681264638900757e-02,1.410965323448181152e-01,-1.193355917930603027e-01,1.260851621627807617e-01,-1.759060621261596680e-01,4.060291349887847900e-01,6.604240834712982178e-02,1.485620290040969849e-01,-1.428778003901243210e-02,2.348221838474273682e-01,1.402095542289316654e-03,3.505330681800842285e-01,5.263812094926834106e-02,3.139209151268005371e-01,-5.851460993289947510e-02,1.714379899203777313e-02,6.346035748720169067e-02,8.805523393675684929e-04,3.988101333379745483e-02,3.658991456031799316e-01,3.204553425312042236e-01,5.288791656494140625e-01,2.799845933914184570e-01,3.640053868293762207e-01,1.719553172588348389e-01,4.277074933052062988e-01,2.689579725265502930e-01,4.614708721637725830e-01,2.109292000532150269e-01,6.385542154312133789e-01,1.210488528013229370e-01,3.788832128047943115e-01,2.686950750648975372e-02,4.727018773555755615e-01,9.135775268077850342e-03,2.347740232944488525e-01,2.499216236174106598e-02,4.544745683670043945e-01,-3.470876440405845642e-02,3.332016244530677795e-02,-1.935684531927108765e-01,1.488094776868820190e-01,-4.446915909647941589e-02,1.850774586200714111e-01,8.789809048175811768e-02,1.363185495138168335e-01,-1.807035692036151886e-02,2.220644615590572357e-03,-1.556147933006286621e-01,1.244195252656936646e-01,-3.499687835574150085e-02,2.765282094478607178e-01,8.495080471038818359e-02,2.174502164125442505e-01,4.188030585646629333e-02,1.674459427595138550e-01,4.541805386543273926e-02,9.828898310661315918e-02,9.464690834283828735e-02,-1.160550862550735474e-01,-2.007230073213577271e-01,-1.118258833885192871e-01,3.136346861720085144e-02,9.615046530961990356e-02,8.944252133369445801e-02
2.609901726245880127e-01,6.304451823234558105e-01,3.795635700225830078e-01,4.491851627826690674e-01,1.756279617547988892e-01,2.472636550664901733e-01,5.133439302444458008e-01,7.228602766990661621e-01,1.511322557926177979e-01,4.018267691135406494e-01,4.661951065063476562e-01,9.999998211860656738e-01,3.170455992221832275e-01,7.316754460334777832e-01,1.539466381072998047e-01,3.952382504940032959e-01,3.405688703060150146e-01,7.098324894905090332e-01,7.720892876386642456e-02,2.086842358112335205e-01,3.037934899330139160e-01,4.396117031574249268e-01,3.089517056941986084e-01,3.576241731643676758e-01,1.620918326079845428e-02,2.367709428071975708e-01,1.520288437604904175e-01,1.809881180524826050e-01,4.119144976139068604e-01,6.611941456794738770e-01,5.190231204032897949e-01,5.447418689727783203e-01,3.253998756408691406e-01,3.045609295368194580e-01,-4.896118864417076111e-02,-6.190688814967870712e-03,1.361397355794906616e-01,4.022387862205505371e-01,7.453718781471252441e-02,2.296941578388214111e-01,4.035368561744689941e-02,2.792420089244842529e-01,1.370469927787780762e-01,2.274259626865386963e-01,2.585994601249694824e-01,1.132520139217376709e-01,2.942840941250324249e-02,1.937714368104934692e-01,1.834745854139328003e-01,2.756147980690002441e-01,9.181722998619079590e-04,2.736257612705230713e-01,-2.065017074346542358e-02,1.566029340028762817e-01,-5.308456346392631531e-02,3.083845376968383789e-01,-9.982448816299438477e-02,4.087003171443939209e-01,6.912792101502418518e-03,7.813235372304916382e-02,-1.707194596529006958e-01,2.561388313770294189e-01,-1.847172379493713379e-01,3.266617655754089355e-01,-9.746879339218139648e-02,2.514476776123046875e-01,5.145689472556114197e-02,7.556124031543731689e-02,-1.551960408687591553e-02,2.088573947548866272e-02,4.579212069511413574e-01,5.240874886512756348e-01,3.650912344455718994e-01,5.515244603157043457e-01,3.321020901203155518e-01,3.623582124710083008e-01,2.967444658279418945e-01,4.056410789489746094e-01,1.775706708431243896e-01,4.206153750419616699e-01,1.525144726037979126e-01,6.291738748550415039e-01,1.579720340669155121e-02,4.185186922550201416e-01,3.398238867521286011e-02,4.431344270706176758e-01,-1.568278297781944275e-02,3.724644482135772705e-01,1.438644528388977051e-01,4.600791931152343750e-01,-1.620010584592819214e-01,1.873120367527008057e-01,-2.181001706048846245e-03,2.402970343828201294e-01,7.585415989160537720e-02,8.270090073347091675e-02,1.029659509658813477e-01,2.068791985511779785e-01,-2.159900031983852386e-02,2.265138328075408936e-01,3.346334211528301239e-03,1.169855520129203796e-01,4.048822075128555298e-02,2.602049112319946289e-01,1.945473402738571167e-01,2.048901766538619995e-01,9.646356105804443359e-02,2.933872640132904053e-01,5.167555809020996094e-02,-2.268026955425739288e-02,-2.621634118258953094e-02,-3.182598203420639038e-02,-3.689280524849891663e-02,1.526470333337783813e-01,2.386849671602249146e-01,2.374295890331268311e-01
4.597822427749633789e-01,9.863725304603576660e-02,4.992985427379608154e-01,3.570373058319091797e-01,3.819304406642913818e-01,1.265822798013687134e-01,6.939035654067993164e-01,3.792667686939239502e-01,4.072946012020111084e-01,9.339175373315811157e-02,7.134457230567932129e-01,3.170455992221832275e-01,1.000000238418579102e+00,3.229302763938903809e-01,5.504527688026428223e-01,9.197364747524261475e-02,4.898033142089843750e-01,1.476777642965316772e-01,8.086711913347244263e-02,-6.394223310053348541e-03,3.160336315631866455e-01,3.103232681751251221e-01,2.615116536617279053e-01,2.189608812332153320e-01,9.421082586050033569e-02,2.431771308183670044e-01,2.131229639053344727e-01,1.767634302377700806e-01,6.387237310409545898e-01,2.500229775905609131e-01,4.550428688526153564e-01,4.324944019317626953e-01,1.298745721578598022e-02,1.963948272168636322e-02,-1.053569242358207703e-01,-1.055416390299797058e-01,2.450585961341857910e-01,-4.646110534667968750e-02,3.102024793624877930e-01,-1.404872257262468338e-02,2.952596545219421387e-01,1.290027648210525513e-01,1.637922674417495728e-01,-3.704879432916641235e-02,2.584095299243927002e-01,-3.484581038355827332e-02,6.113030388951301575e-02,-8.236210793256759644e-02,3.182565271854400635e-01,7.499598711729049683e-02,2.966552078723907471e-01,8.638394996523857117e-03,2.418193072080612183e-01,-1.035869792103767395e-01,3.066091537475585938e-01,-1.657560914754867554e-01,3.611284494400024414e-01,-9.419769048690795898e-02,1.059743836522102356e-01,-1.730695366859436035e-01,2.471867650747299194e-01,-1.386829316616058350e-01,3.493990600109100342e-01,-3.267117962241172791e-02,3.790413439273834229e-01,-1.293964087963104248e-01,-9.851969778537750244e-02,-8.590688556432723999e-02,-1.107471436262130737e-01,-9.954673796892166138e-02,4.743517339229583740e-01,3.704110383987426758e-01,5.689039826393127441e-01,3.008917570114135742e-01,4.667739272117614746e-01,2.307993471622467041e-01,3.309296667575836182e-01,1.580996513366699219e-01,3.253796100616455078e-01,4.373386502265930176e-02,5.943645238876342773e-01,-3.434772044420242310e-02,5.426412224769592285e-01,2.552756480872631073e-02,4.480628073215484619e-01,-1.492301970720291138e-01,4.435834288597106934e-01,4.624417796730995178e-02,5.013716220855712891e-01,-2.062354385852813721e-01,9.116410464048385620e-02,-2.752368152141571045e-01,1.288916468620300293e-01,-1.233021318912506104e-01,2.088956534862518311e-01,1.444347798824310303e-01,1.567612588405609131e-01,-9.607996046543121338e-02,1.051227748394012451e-02,-1.905093193054199219e-01,1.917482167482376099e-01,-4.522391036152839661e-02,2.636823952198028564e-01,8.802641183137893677e-02,1.782890856266021729e-01,5.785845592617988586e-02,9.716996550559997559e-02,2.378872968256473541e-02,1.179969906806945801e-01,1.699123382568359375e-01,-8.489863574504852295e-02,-1.632510870695114136e-01,-1.062704771757125854e-01,2.737684547901153564e-02,1.027964949607849121e-01,8.163329958915710449e-02
