1.000000000000000000e+00,3.562911748886108398e-01,5.073553323745727539e-01,1.879762560129165649e-01,1.275778114795684814e-01,1.066100820899009705e-01,6.321479082107543945e-01,1.740568876266479492e-01,8.605227619409561157e-02,2.077044174075126648e-02,5.290623307228088379e-01,1.672316193580627441e-01,4.501384794712066650e-01,6.701098289340734482e-03,1.578023284673690796e-01,-1.282129734754562378e-01,2.970123291015625000e-01,1.109677627682685852e-01,3.356047570705413818e-01,3.085547685623168945e-01,4.516572132706642151e-02,7.259736303240060806e-03,2.129714936017990112e-01,1.605975627899169922e-01,7.293743640184402466e-02,5.895284563302993774e-02,7.034698873758316040e-02,-2.464431338012218475e-02,2.482800781726837158e-01,2.522758841514587402e-01,2.283228486776351929e-01,1.578419208526611328e-01,3.004542887210845947e-01,2.424939125776290894e-01,6.978925317525863647e-02,4.344345629215240479e-02,1.345384567975997925e-01,1.386380940675735474e-01,9.467712789773941040e-02,1.197127178311347961e-01,1.859651654958724976e-01,1.012274399399757385e-01,1.613444387912750244e-01,9.496242552995681763e-02,1.781293302774429321e-01,6.846845895051956177e-02,7.183043658733367920e-02,1.168542802333831787e-01,1.315278857946395874e-01,1.286336779594421387e-01,7.593052089214324951e-02,5.879976600408554077e-02,1.411507576704025269e-01,1.071730926632881165e-01,5.582889541983604431e-02,1.449056416749954224e-01,5.590177774429321289e-01,3.444793522357940674e-01,4.397304356098175049e-01,3.240724802017211914e-01,4.822877645492553711e-01,2.643423080444335938e-01,3.504033088684082031e-01,1.829131990671157837e-01,2.835325598716735840e-01,-4.685061424970626831e-02,3.285418748855590820e-01,6.674639135599136353e-02,2.839384377002716064e-01,2.864739596843719482e-01,7.945983856916427612e-02,6.125800311565399170e-02,7.347311079502105713e-02,6.793807446956634521e-02,1.076992377638816833e-01,6.428754329681396484e-02,1.360770612955093384e-01,1.165286302566528320e-01,2.073322832584381104e-01,7.244167476892471313e-02,2.731621265411376953e-01,3.075126931071281433e-02,1.248462125658988953e-01,4.467036575078964233e-02,2.596915662288665771e-01,-6.586334854364395142e-02,5.166274961084127426e-03,-7.581151276826858521e-02,1.582125127315521240e-01,-9.646473079919815063e-02,5.691383848898112774e-04,1.798656731843948364e-01,7.215643674135208130e-02,1.868000924587249756e-01,8.236814290285110474e-02,1.280840784311294556e-01,1.480983346700668335e-01,1.151209250092506409e-01,5.398059263825416565e-02,1.746200472116470337e-01,-6.173377856612205505e-02,2.655033469200134277e-01,5.553662031888961792e-02,3.352064788341522217e-01,1.732606254518032074e-02,8.260433375835418701e-02,-3.976473212242126465e-02,1.776104867458343506e-01,1.128513738512992859e-01,1.669207215309143066e-01,7.547246664762496948e-02,5.280088633298873901e-02,8.275572955608367920e-02,9.755270183086395264e-02,5.513536185026168823e-02,-3.592696785926818848e-02
3.562911748886108398e-01,9.999999403953552246e-01,3.576615452766418457e-01,5.256102085113525391e-01,1.373269595205783844e-02,2.113438546657562256e-01,3.403826057910919189e-01,4.244788289070129395e-01,1.461572013795375824e-02,2.455540895462036133e-01,1.501721441745758057e-01,4.678682982921600342e-01,2.357036471366882324e-01,3.483152687549591064e-01,8.057407289743423462e-02,1.096254959702491760e-01,1.093337386846542358e-01,2.388538420200347900e-01,4.907637834548950195e-01,4.314665794372558594e-01,1.080164313316345215e-01,1.568179726600646973e-01,3.126153647899627686e-01,3.523237109184265137e-01,6.064485386013984680e-02,2.177537977695465088e-01,1.082648038864135742e-01,1.766022443771362305e-01,1.355483978986740112e-01,2.509905099868774414e-01,2.205099463462829590e-01,3.423380851745605469e-01,2.339131087064743042e-01,3.014520108699798584e-01,9.794206172227859497e-02,1.079655736684799194e-01,7.908147573471069336e-02,8.448109775781631470e-02,1.724147945642471313e-01,1.651480346918106079e-01,5.606695637106895447e-02,1.108451709151268005e-01,1.772076189517974854e-01,1.510375887155532837e-01,2.357034981250762939e-01,1.633780300617218018e-01,1.288495957851409912e-01,2.634412981569766998e-02,2.814167141914367676e-01,3.702332377433776855e-01,1.450871974229812622e-01,2.137588560581207275e-01,4.309410694986581802e-03,-2.173691429197788239e-02,1.732470691204071045e-01,1.115092635154724121e-01,3.296648263931274414e-01,6.831164360046386719e-01,4.589454233646392822e-01,5.158880949020385742e-01,3.886767029762268066e-01,3.968332111835479736e-01,9.881632775068283081e-02,3.855649530887603760e-01,7.783325761556625366e-02,1.731503456830978394e-01,3.586599826812744141e-01,1.045749932527542114e-01,4.532089829444885254e-01,3.366559445858001709e-01,4.731473978608846664e-03,-4.677164927124977112e-02,5.216080322861671448e-02,-2.358051203191280365e-02,2.290363907814025879e-01,9.603144228458404541e-02,1.788396537303924561e-01,1.434359848499298096e-01,8.525767922401428223e-02,1.985450983047485352e-01,2.401258796453475952e-01,3.759812712669372559e-01,6.011751294136047363e-02,3.867014497518539429e-02,1.515605151653289795e-01,1.389555931091308594e-01,1.324689388275146484e-01,4.578475281596183777e-02,7.486873120069503784e-02,1.017491593956947327e-01,1.926381438970565796e-01,-1.343908756971359253e-01,1.525431871414184570e-01,-9.988426417112350464e-02,5.833553522825241089e-02,1.747985333204269409e-01,1.140760481357574463e-01,4.516765847802162170e-02,1.646592319011688232e-01,1.205964833498001099e-01,1.810883581638336182e-01,-1.100045442581176758e-02,2.352028936147689819e-01,3.867478668689727783e-02,4.997579008340835571e-02,1.098510026931762695e-01,4.847639799118041992e-02,-4.719110950827598572e-02,5.255265906453132629e-02,1.460993438959121704e-01,2.016846090555191040e-02,2.880075573921203613e-02,5.247740540653467178e-03,2.035663872957229614e-01,4.258330538868904114e-02,-5.127552151679992676e-02
5.073553323745727539e-01,3.576615452766418457e-01,1.000000476837158203e+00,3.458807468414306641e-01,2.113956809043884277e-01,1.734056770801544189e-01,6.187129616737365723e-01,2.437267601490020752e-01,2.547696232795715332e-01,2.319891192018985748e-02,4.128840565681457520e-01,2.091959267854690552e-01,4.056133329868316650e-01,1.741491705179214478e-01,2.381226867437362671e-01,-2.103544585406780243e-02,-7.340538781136274338e-03,3.916591033339500427e-02,4.250803887844085693e-01,3.382150530815124512e-01,1.267129182815551758e-01,1.065671220421791077e-01,5.649989843368530273e-01,4.489392042160034180e-01,3.077220022678375244e-01,2.375073432922363281e-01,1.892673075199127197e-01,1.312573701143264771e-01,3.636843711137771606e-02,1.239677444100379944e-01,2.995213568210601807e-01,1.992574781179428101e-01,1.803092956542968750e-01,1.634805649518966675e-01,2.723419368267059326e-01,1.144358143210411072e-01,1.277340203523635864e-01,5.437601730227470398e-02,1.383537948131561279e-01,1.650043129920959473e-01,1.251821666955947876e-01,-3.362254425883293152e-02,2.767922878265380859e-01,2.304169535636901855e-01,1.845453083515167236e-01,-4.385487642139196396e-03,1.776815354824066162e-01,1.759826540946960449e-01,2.853235602378845215e-01,1.780313104391098022e-01,2.769283950328826904e-01,1.379917711019515991e-01,1.771170347929000854e-01,2.017081826925277710e-01,1.249069422483444214e-01,2.315368056297302246e-01,2.148036062717437744e-01,3.119067251682281494e-01,4.544837772846221924e-01,2.266182899475097656e-01,3.888988792896270752e-01,1.245310753583908081e-01,3.773181512951850891e-02,9.512709826231002808e-02,4.308935403823852539e-01,9.481275826692581177e-02,4.527872800827026367e-01,7.822147011756896973e-02,2.021396607160568237e-01,1.433621942996978760e-01,1.039080694317817688e-01,4.816440492868423462e-02,4.895549640059471130e-02,-7.016468048095703125e-02,1.391991376876831055e-01,-4.610145464539527893e-02,1.639593541622161865e-01,9.933783113956451416e-02,7.455325126647949219e-02,1.014660224318504333e-01,-2.989606559276580811e-02,7.173138111829757690e-02,9.136977791786193848e-02,-1.461762469261884689e-03,3.062588870525360107e-01,1.437433063983917236e-01,9.615599364042282104e-02,1.225016340613365173e-01,2.631485462188720703e-01,1.206275448203086853e-01,-1.321320072747766972e-03,9.111094474792480469e-02,1.029329597949981689e-01,2.925293743610382080e-01,1.344401091337203979e-01,2.216743528842926025e-01,1.619119495153427124e-01,1.670690327882766724e-01,-3.041639551520347595e-02,1.308602243661880493e-01,-4.811105784028768539e-03,3.703144788742065430e-01,5.433324351906776428e-02,3.431426286697387695e-01,6.628002971410751343e-02,8.735371381044387817e-02,-4.651324078440666199e-02,1.082958877086639404e-01,1.585697829723358154e-01,1.582842171192169189e-01,1.218499764800071716e-01,4.875050112605094910e-02,5.811474844813346863e-02,1.653433889150619507e-01,1.632182896137237549e-01,5.364914983510971069e-02
1.879762560129165649e-01,5.256102085113525391e-01,3.458807468414306641e-01,1.000000119209289551e+00,5.790747702121734619e-02,3.727929294109344482e-01,2.576811611652374268e-01,6.785842180252075195e-01,5.861085653305053711e-02,4.712960720062255859e-01,-8.220376446843147278e-03,4.850178360939025879e-01,1.038922667503356934e-01,4.658746123313903809e-01,5.386755615472793579e-02,2.321104556322097778e-01,-1.871694177389144897e-01,1.302361339330673218e-01,4.810457825660705566e-01,4.245553314685821533e-01,9.112136811017990112e-02,7.670062780380249023e-02,3.828053772449493408e-01,6.349408626556396484e-01,9.623987227678298950e-02,3.041480481624603271e-01,2.233012318611145020e-01,2.572164237499237061e-01,-1.195677816867828369e-01,1.092082560062408447e-01,5.139695480465888977e-02,3.185453414916992188e-01,3.177979029715061188e-03,1.293665468692779541e-01,7.870897650718688965e-02,1.670956909656524658e-01,-1.003110334277153015e-01,-6.842955201864242554e-02,-3.432992473244667053e-02,6.101287156343460083e-02,-3.935379907488822937e-02,9.929882735013961792e-02,1.711316555738449097e-01,1.227323338389396667e-01,1.592340767383575439e-01,1.835742294788360596e-01,1.186043769121170044e-01,4.175032675266265869e-02,3.190545439720153809e-01,3.241123855113983154e-01,1.363317072391510010e-01,2.688052058219909668e-01,-1.839438080787658691e-02,6.871750950813293457e-02,2.396038733422756195e-02,1.233964413404464722e-01,1.766440123319625854e-01,4.414548277854919434e-01,4.499099850654602051e-01,5.308364033699035645e-01,2.993375658988952637e-01,3.952959775924682617e-01,-3.144730627536773682e-02,3.704797923564910889e-01,-3.699194407090544701e-03,4.271423220634460449e-01,3.359649479389190674e-01,2.305820882320404053e-01,4.539376497268676758e-01,2.694226205348968506e-01,-2.664487361907958984e-01,-2.384162694215774536e-01,-1.273524612188339233e-01,-2.178999781608581543e-01,6.492169201374053955e-02,-1.111367866396903992e-01,8.668691851198673248e-03,-4.818723350763320923e-02,-2.230899184942245483e-01,8.562399446964263916e-02,-1.246022712439298630e-02,3.496344387531280518e-01,3.329418599605560303e-02,1.608759909868240356e-02,-1.566575840115547180e-02,3.761841058731079102e-01,6.962670385837554932e-02,1.612328290939331055e-01,-4.458649829030036926e-02,2.604524493217468262e-01,2.296711206436157227e-01,-4.081018641591072083e-02,2.829937040805816650e-01,-5.086839664727449417e-04,-4.147138074040412903e-02,7.749496400356292725e-02,-1.265283823013305664e-01,-1.001172810792922974e-01,-9.455593302845954895e-03,6.340466439723968506e-02,2.031374722719192505e-01,3.638733550906181335e-02,8.709178864955902100e-02,1.730641908943653107e-02,2.565699815750122070e-02,4.753855464514344931e-04,3.054166771471500397e-02,-2.618780136108398438e-01,3.860586136579513550e-02,-8.637208491563796997e-02,-1.910738646984100342e-01,-1.019399091601371765e-01,3.949645906686782837e-02,9.602097421884536743e-02,-1.062243580818176270e-01,-4.891264811158180237e-02
1.275778114795684814e-01,1.373269595205783844e-02,2.113956809043884277e-01,5.790747702121734619e-02,1.000000119209289551e+00,4.206160902976989746e-01,3.641447424888610840e-02,8.040383458137512207e-02,6.109341382980346680e-01,1.996776014566421509e-01,1.092659905552864075e-01,8.960226923227310181e-02,3.142235800623893738e-02,1.268207728862762451e-01,5.121396780014038086e-01,2.825674712657928467e-01,-3.136076778173446655e-02,1.853966861963272095e-01,7.139257341623306274e-02,9.369909018278121948e-02,2.273958623409271240e-01,1.976652592420578003e-01,4.237187504768371582e-01,2.260535210371017456e-01,2.489091008901596069e-01,3.337427079677581787e-01,4.446069598197937012e-01,3.699681758880615234e-01,2.635752037167549133e-02,2.637880742549896240e-01,1.138709783554077148e-01,7.576175779104232788e-02,8.867072314023971558e-02,1.252036690711975098e-01,2.077619731426239014e-01,1.192026734352111816e-01,1.889085024595260620e-01,1.731674224138259888e-01,4.241983965039253235e-02,2.274429947137832642e-01,5.491533875465393066e-02,-1.034257374703884125e-02,3.738294839859008789e-01,3.191984891891479492e-01,3.147768974304199219e-01,2.623561024665832520e-01,2.888549864292144775e-01,3.116363883018493652e-01,1.633681207895278931e-01,1.618161797523498535e-01,2.492818236351013184e-01,2.078847736120223999e-01,2.563441097736358643e-01,2.696130275726318359e-01,1.710122823715209961e-01,3.852716684341430664e-01,4.150950536131858826e-02,5.542716011404991150e-02,6.607902795076370239e-02,7.666352391242980957e-02,-4.831197112798690796e-02,1.126316040754318237e-01,-1.229020394384860992e-02,5.546000599861145020e-02,6.599737703800201416e-02,1.156199425458908081e-01,2.204890847206115723e-01,2.237989008426666260e-01,-5.473631992936134338e-02,3.420162945985794067e-02,1.182406172156333923e-01,1.281090825796127319e-01,6.852510571479797363e-02,1.048890054225921631e-01,1.778842657804489136e-01,-2.806239761412143707e-02,2.006420046091079712e-01,1.352803409099578857e-01,8.213152736425399780e-02,1.746707707643508911e-01,-2.104275301098823547e-02,1.173493042588233948e-01,2.441310286521911621e-01,1.806863248348236084e-01,2.065528929233551025e-01,2.665579319000244141e-01,1.280924379825592041e-01,1.169400736689567566e-01,1.591448038816452026e-01,2.418827563524246216e-01,1.187715679407119751e-01,2.824878394603729248e-01,2.186429649591445923e-01,4.643261730670928955e-01,1.415795534849166870e-01,1.900199800729751587e-01,1.486963778734207153e-01,3.084713816642761230e-01,1.663759350776672363e-01,3.688316047191619873e-01,-1.941459439694881439e-02,3.648761808872222900e-01,-3.425588086247444153e-02,3.120759427547454834e-01,4.740826040506362915e-02,2.025749683380126953e-01,-1.613676995038986206e-01,-2.429019287228584290e-02,1.565741300582885742e-01,1.600684672594070435e-01,2.172480523586273193e-01,2.471325695514678955e-01,2.406289428472518921e-01,2.145191282033920288e-01,2.130513042211532593e-01,-1.151219103485345840e-02
1.066100820899009705e-01,2.113438546657562256e-01,1.734056770801544189e-01,3.727929294109344482e-01,4.206160902976989746e-01,1.000000000000000000e+00,1.285070925951004028e-01,3.365710973739624023e-01,3.456355631351470947e-01,5.852652788162231445e-01,6.037905812263488770e-02,3.224518597126007080e-01,1.454475224018096924e-01,3.577963411808013916e-01,4.458691775798797607e-01,5.057266950607299805e-01,-1.509550362825393677e-01,2.735963463783264160e-01,2.926088273525238037e-01,2.820652723312377930e-01,3.037890493869781494e-01,3.255931735038757324e-01,3.758486509323120117e-01,4.037271440029144287e-01,1.602629721164703369e-01,4.295216202735900879e-01,3.783566951751708984e-01,4.589317440986633301e-01,-4.102293029427528381e-02,2.909551262855529785e-01,9.182208776473999023e-02,3.038153946399688721e-01,2.369464188814163208e-02,1.776126176118850708e-01,1.815503835678100586e-01,2.743511795997619629e-01,2.255925238132476807e-01,1.805484443902969360e-01,8.786866068840026855e-02,2.711271643638610840e-01,1.017686128616333008e-01,1.732946485280990601e-01,3.602118194103240967e-01,2.512091994285583496e-01,3.002176880836486816e-01,2.838626801967620850e-01,3.350385427474975586e-01,3.055742383003234863e-01,2.431234717369079590e-01,2.591656148433685303e-01,1.871321350336074829e-01,2.663021385669708252e-01,2.371284067630767822e-01,2.863721251487731934e-01,1.492284685373306274e-01,3.345538973808288574e-01,-1.794106140732765198e-02,1.759845167398452759e-01,1.837133765220642090e-01,2.285604476928710938e-01,1.631057448685169220e-02,2.700017690658569336e-01,-1.131468117237091064e-01,2.465363442897796631e-01,-1.048218458890914917e-01,2.966729402542114258e-01,1.791355907917022705e-01,2.505043745040893555e-01,1.993025541305541992e-01,1.183192357420921326e-01,-4.660630226135253906e-02,7.480785134248435497e-04,-5.912105366587638855e-02,-9.701292216777801514e-02,8.621620386838912964e-02,-1.176961436867713928e-01,2.198548913002014160e-01,1.399985849857330322e-01,-1.300168484449386597e-01,2.089621275663375854e-01,-1.763486489653587341e-02,3.856866061687469482e-01,2.701445817947387695e-01,2.371031939983367920e-01,2.070430368185043335e-01,4.256735146045684814e-01,4.922379553318023682e-02,2.698371112346649170e-01,1.149989217519760132e-01,3.834568858146667480e-01,2.412952929735183716e-01,1.230782642960548401e-01,3.235903680324554443e-01,1.306222230195999146e-01,6.301979720592498779e-02,1.999143213033676147e-01,2.708762139081954956e-02,1.977634131908416748e-01,1.395909190177917480e-01,3.053156733512878418e-01,6.865900009870529175e-02,1.905939728021621704e-01,9.084607660770416260e-02,1.668337285518646240e-01,1.573817580938339233e-01,1.964963823556900024e-01,5.827812943607568741e-03,-1.459916085004806519e-01,1.396394222974777222e-01,9.503847360610961914e-02,1.029440686106681824e-01,1.933269053697586060e-01,2.409506887197494507e-01,1.745565235614776611e-01,7.338551431894302368e-02,-5.365656316280364990e-02
6.321479082107543945e-01,3.403826057910919189e-01,6.187129616737365723e-01,2.576811611652374268e-01,3.641447424888610840e-02,1.285070925951004028e-01,9.999998211860656738e-01,1.913211047649383545e-01,3.977619111537933350e-02,5.554973706603050232e-02,5.433194637298583984e-01,1.358548998832702637e-01,5.186114311218261719e-01,4.462114302441477776e-04,1.224585995078086853e-01,-1.037736684083938599e-01,1.673964709043502808e-01,8.814988285303115845e-02,4.074886143207550049e-01,3.726735413074493408e-01,1.141794472932815552e-01,1.061399728059768677e-01,3.132708072662353516e-01,2.532083392143249512e-01,1.403301060199737549e-01,1.177894920110702515e-01,6.756486743688583374e-02,4.004531726241111755e-02,1.633694469928741455e-01,1.925392001867294312e-01,2.779949009418487549e-01,2.889519929885864258e-01,3.153881430625915527e-01,2.665427923202514648e-01,2.479293495416641235e-01,1.560783684253692627e-01,1.584255695343017578e-01,1.548504531383514404e-01,1.475255042314529419e-01,1.745119094848632812e-01,1.833536922931671143e-01,1.405721902847290039e-01,2.320840358734130859e-01,1.545384526252746582e-01,2.540175020694732666e-01,7.710132002830505371e-02,1.331079602241516113e-01,1.543896794319152832e-01,2.502331733703613281e-01,1.720353960990905762e-01,1.857380121946334839e-01,6.383067369461059570e-02,1.731708049774169922e-01,1.933851987123489380e-01,1.119034811854362488e-01,1.492469608783721924e-01,3.716895580291748047e-01,3.264303505420684814e-01,4.883131980895996094e-01,2.582944035530090332e-01,4.969084560871124268e-01,1.990612447261810303e-01,2.116972357034683228e-01,2.235566377639770508e-01,4.137887358665466309e-01,7.799097895622253418e-02,4.600658714771270752e-01,1.768338978290557861e-01,3.287940621376037598e-01,3.351562321186065674e-01,9.030923247337341309e-02,1.100130099803209305e-02,4.747812822461128235e-02,-8.217335492372512817e-02,1.137106046080589294e-01,6.300940178334712982e-03,1.800635606050491333e-01,1.611738950014114380e-01,9.706722199916839600e-02,7.218732684850692749e-02,1.205241084098815918e-01,4.680811613798141479e-02,8.135394752025604248e-02,1.514112576842308044e-02,3.204666078090667725e-01,3.003764525055885315e-02,2.681687287986278534e-02,4.225213825702667236e-02,1.893216073513031006e-01,-2.034162543714046478e-02,5.701331049203872681e-02,1.561559736728668213e-01,1.114282757043838501e-01,1.526862978935241699e-01,7.804886251688003540e-02,1.717435717582702637e-01,1.407870203256607056e-01,1.084478572010993958e-01,6.048994511365890503e-02,1.805486083030700684e-01,-1.095062121748924255e-02,2.782480716705322266e-01,1.182311549782752991e-01,3.320922851562500000e-01,6.090473011136054993e-02,8.923052251338958740e-02,-2.734428457915782928e-02,2.069168984889984131e-01,1.597499102354049683e-01,1.359985470771789551e-01,9.803008288145065308e-02,8.727172762155532837e-02,9.526429325342178345e-02,1.200993880629539490e-01,2.590979449450969696e-02,-2.339327894151210785e-02
1.740568876266479492e-01,4.244788289070129395e-01,2.437267601490020752e-01,6.785842180252075195e-01,8.040383458137512207e-02,3.365710973739624023e-01,1.913211047649383545e-01,1.000000357627868652e+00,7.150569558143615723e-02,4.116891324520111084e-01,-3.999012708663940430e-02,4.810418188571929932e-01,-1.491549517959356308e-02,5.057687759399414062e-01,-3.859500214457511902e-02,1.483471095561981201e-01,-1.282158643007278442e-01,5.959520116448402405e-02,2.939276695251464844e-01,2.352154403924942017e-01,6.997821386903524399e-03,-2.506954409182071686e-02,2.624520659446716309e-01,5.210542678833007812e-01,4.938317835330963135e-02,2.676708400249481201e-01,1.874707937240600586e-01,1.760383248329162598e-01,-1.230402514338493347e-01,1.330818086862564087e-01,-1.991586759686470032e-02,2.124007791280746460e-01,-1.477294228971004486e-02,1.029810160398483276e-01,-2.766499295830726624e-02,8.714549988508224487e-02,-1.378215253353118896e-01,-1.220651715993881226e-01,-8.820959180593490601e-02,6.647140253335237503e-03,-4.817268624901771545e-02,-1.902102492749691010e-02,4.127683490514755249e-02,1.700641214847564697e-02,4.736914485692977905e-02,1.090648025274276733e-01,4.069799929857254028e-02,1.865427382290363312e-02,1.583347767591476440e-01,2.426337599754333496e-01,-1.296866871416568756e-02,2.592523097991943359e-01,-1.055402681231498718e-01,1.778799854218959808e-02,-7.290265709161758423e-02,1.503147184848785400e-01,1.831098496913909912e-01,3.904472589492797852e-01,3.465711474418640137e-01,5.426241755485534668e-01,2.877481281757354736e-01,5.547332167625427246e-01,6.032072007656097412e-03,4.348008334636688232e-01,-2.598929032683372498e-02,4.987360537052154541e-01,1.954116076231002808e-01,1.397546231746673584e-01,2.756253182888031006e-01,1.667938083410263062e-01,-2.105882316827774048e-01,-1.499824225902557373e-01,-3.787168115377426147e-02,-3.002132661640644073e-02,1.704153604805469513e-02,-7.851990312337875366e-02,-1.551089517306536436e-04,-4.112709686160087585e-02,-1.505479663610458374e-01,1.432789862155914307e-02,-3.629753738641738892e-02,2.646559476852416992e-01,-6.593011319637298584e-02,1.109859067946672440e-02,-1.358825862407684326e-01,3.588243722915649414e-01,3.066494502127170563e-02,6.197353079915046692e-02,-1.098981350660324097e-01,2.117086052894592285e-01,7.563380897045135498e-02,-6.096214428544044495e-02,1.487680226564407349e-01,3.669081628322601318e-02,-1.633683592081069946e-01,7.570864632725715637e-03,-2.209173142910003662e-01,-9.754876047372817993e-02,-6.989074498414993286e-02,4.864477738738059998e-02,1.157851442694664001e-01,1.048439368605613708e-01,2.359615638852119446e-02,7.977861911058425903e-02,-5.229157209396362305e-02,-1.123144850134849548e-02,-7.295834273099899292e-02,-2.214836180210113525e-01,-5.497903376817703247e-02,-1.709095835685729980e-01,-1.981331408023834229e-01,-2.069688290357589722e-01,-6.793073564767837524e-02,9.109692275524139404e-02,-4.030175507068634033e-02,-1.018498688936233521e-01
8.605227619409561157e-02,1.461572013795375824e-02,2.547696232795715332e-01,5.861085653305053711e-02,6.109341382980346680e-01,3.456355631351470947e-01,3.977619111537933350e-02,7.150569558143615723e-02,1.000000476837158203e+00,2.428514808416366577e-01,4.989121481776237488e-02,1.898268014192581177e-01,7.039704918861389160e-02,1.968081593513488770e-01,5.399011969566345215e-01,3.015204071998596191e-01,-2.644153777509927750e-03,2.147079706192016602e-01,9.086920320987701416e-02,7.407451421022415161e-02,1.856895983219146729e-01,1.913016438484191895e-01,4.851134717464447021e-01,2.602718770503997803e-01,3.475942313671112061e-01,4.235396683216094971e-01,1.008405312895774841e-01,7.423412054777145386e-02,1.240423992276191711e-01,2.757639586925506592e-01,2.238313704729080200e-01,7.262302190065383911e-02,1.107037067413330078e-01,1.738433837890625000e-01,1.925753504037857056e-01,1.102236434817314148e-01,8.736398816108703613e-02,6.955479830503463745e-02,9.772793948650360107e-02,1.318363249301910400e-01,-5.668814107775688171e-02,-1.098515242338180542e-01,3.758836090564727783e-01,3.465600609779357910e-01,2.644976973533630371e-01,2.231718003749847412e-01,2.760471403598785400e-01,2.525007128715515137e-01,1.107627078890800476e-01,1.771082729101181030e-01,2.384005784988403320e-01,1.793456822633743286e-01,2.277883589267730713e-01,1.961355954408645630e-01,1.672345250844955444e-01,4.164097309112548828e-01,4.478535149246454239e-03,6.151007488369941711e-02,3.363840281963348389e-02,3.609148086979985237e-03,-7.980505377054214478e-02,7.455762475728988647e-02,-1.445177849382162094e-02,8.192916959524154663e-02,8.159867674112319946e-02,6.296537071466445923e-02,1.688242405652999878e-01,1.334785670042037964e-01,-5.158768221735954285e-02,-6.810992211103439331e-02,9.227746725082397461e-02,1.130312532186508179e-01,9.267042577266693115e-02,1.357760727405548096e-01,2.150751054286956787e-01,6.744032353162765503e-02,1.309837698936462402e-01,4.364296421408653259e-02,1.451981961727142334e-01,3.344292640686035156e-01,1.517057418823242188e-02,2.046539038419723511e-01,1.988352090120315552e-01,1.218338161706924438e-01,2.068035304546356201e-01,2.224574536085128784e-01,2.552170753479003906e-01,1.655359417200088501e-01,2.285442054271697998e-01,3.006448745727539062e-01,1.193303018808364868e-01,1.208207011222839355e-01,1.426666676998138428e-01,3.882625699043273926e-01,1.250675022602081299e-01,1.780529469251632690e-01,1.701260209083557129e-01,2.766267359256744385e-01,1.318554282188415527e-01,3.017651736736297607e-01,4.402566328644752502e-02,3.425808250904083252e-01,6.367711722850799561e-02,3.038007915019989014e-01,1.122407615184783936e-01,2.508709132671356201e-01,-8.265594393014907837e-02,1.480479072779417038e-02,-1.109350193291902542e-02,1.928145587444305420e-01,1.906049996614456177e-01,2.134411185979843140e-01,2.005743086338043213e-01,2.828390598297119141e-01,2.437725812196731567e-01,8.352532237768173218e-02
2.077044174075126648e-02,2.455540895462036133e-01,2.319891192018985748e-02,4.712960720062255859e-01,1.996776014566421509e-01,5.852652788162231445e-01,5.554973706603050232e-02,4.116891324520111084e-01,2.428514808416366577e-01,9.999998807907104492e-01,-6.428921967744827271e-02,4.167011678218841553e-01,7.549566030502319336e-02,4.019889235496520996e-01,2.909092903137207031e-01,5.582824945449829102e-01,-9.605499356985092163e-02,2.935130000114440918e-01,3.020018041133880615e-01,2.847675979137420654e-01,3.030388057231903076e-01,2.994854748249053955e-01,2.361666411161422729e-01,4.228021204471588135e-01,1.018674671649932861e-01,4.494959414005279541e-01,2.023502141237258911e-01,2.935633659362792969e-01,5.871396884322166443e-02,3.055775463581085205e-01,7.729180157184600830e-02,3.417785465717315674e-01,9.364227950572967529e-02,2.269868105649948120e-01,5.688424408435821533e-02,2.008387446403503418e-01,1.374718267470598221e-02,1.096748709678649902e-01,-6.143639795482158661e-03,1.871759295463562012e-01,-3.169778268784284592e-03,2.607165277004241943e-01,2.523232400417327881e-01,2.223938703536987305e-01,2.773804366588592529e-01,3.528192639350891113e-01,2.592167854309082031e-01,1.513798236846923828e-01,2.878601849079132080e-01,3.603911995887756348e-01,1.956671774387359619e-01,2.881101369857788086e-01,7.564307749271392822e-02,1.118998154997825623e-01,1.111349388957023621e-01,2.452845722436904907e-01,6.103429198265075684e-02,2.099046856164932251e-01,1.576286703348159790e-01,2.634788751602172852e-01,5.530222505331039429e-02,2.970893979072570801e-01,1.014182716608047485e-02,3.425807654857635498e-01,-1.724401563405990601e-01,3.325390815734863281e-01,1.356392502784729004e-01,2.902759611606597900e-01,3.132014870643615723e-01,1.715117692947387695e-01,-1.691351830959320068e-01,-9.554906934499740601e-02,-3.319564089179039001e-02,-9.868149459362030029e-02,1.230327263474464417e-01,3.820772841572761536e-02,6.154787540435791016e-02,3.567390516400337219e-02,-1.297154575586318970e-01,2.630876004695892334e-01,9.257091581821441650e-02,4.752511680126190186e-01,1.793175637722015381e-01,1.757316440343856812e-01,8.760239183902740479e-02,4.056657552719116211e-01,8.282035589218139648e-02,2.857707738876342773e-01,-2.997923642396926880e-02,3.242977857589721680e-01,3.496707677841186523e-01,2.731100469827651978e-02,3.269672691822052002e-01,-6.224401667714118958e-02,-3.214469179511070251e-02,1.051040366291999817e-01,-8.834584802389144897e-02,7.212676852941513062e-02,1.678118258714675903e-01,2.578829526901245117e-01,1.973704099655151367e-01,-5.961527582257986069e-03,1.769191622734069824e-01,3.948352485895156860e-02,1.594938486814498901e-01,1.758509576320648193e-01,6.159383058547973633e-02,-2.001965492963790894e-01,-1.254428271204233170e-02,2.301449701189994812e-02,-7.561828941106796265e-03,1.213918775320053101e-01,2.092138528823852539e-01,1.065401583909988403e-01,-1.153848469257354736e-01,-1.234396100044250488e-01
5.290623307228088379e-01,1.501721441745758057e-01,4.128840565681457520e-01,-8.220376446843147278e-03,1.092659905552864075e-01,6.037905812263488770e-02,5.433194637298583984e-01,-3.999012708663940430e-02,4.989121481776237488e-02,-6.428921967744827271e-02,9.999998211860656738e-01,7.858362048864364624e-02,6.412545442581176758e-01,4.344657063484191895e-02,2.629977166652679443e-01,5.093654617667198181e-03,2.576939463615417480e-01,1.938387751579284668e-01,2.683655023574829102e-01,2.761759161949157715e-01,1.097355782985687256e-01,7.422266900539398193e-02,2.309610545635223389e-01,6.237428262829780579e-02,-1.485652942210435867e-02,-4.717472195625305176e-02,4.168694838881492615e-02,5.646568536758422852e-02,2.614892125129699707e-01,2.074589878320693970e-01,2.507192790508270264e-01,2.172787189483642578e-01,2.613329589366912842e-01,1.724793463945388794e-01,1.798652708530426025e-01,8.812150359153747559e-02,2.205790281295776367e-01,1.697657555341720581e-01,2.066428959369659424e-01,1.660812497138977051e-01,2.347025871276855469e-01,8.748534321784973145e-02,1.368615478277206421e-01,7.669012993574142456e-02,1.725168377161026001e-01,-1.032982487231492996e-02,9.496144205331802368e-02,1.152786910533905029e-01,7.744963467121124268e-02,8.712615072727203369e-02,6.760920584201812744e-02,-3.546820208430290222e-02,1.946112066507339478e-01,1.400125771760940552e-01,1.226639598608016968e-01,1.002633646130561829e-01,2.124890685081481934e-01,1.821154057979583740e-01,2.206211686134338379e-01,4.975993558764457703e-02,2.506768405437469482e-01,8.360201865434646606e-02,2.464993000030517578e-01,1.597482115030288696e-01,2.855345308780670166e-01,-1.089293956756591797e-01,2.162465751171112061e-01,-3.437287639826536179e-03,1.129169315099716187e-01,1.356838792562484741e-01,2.237475514411926270e-01,1.636850088834762573e-01,1.406798213720321655e-01,5.869254842400550842e-02,1.284588426351547241e-01,6.504004448652267456e-02,2.376771122217178345e-01,2.263918817043304443e-01,1.787148863077163696e-01,7.926595956087112427e-02,1.643506884574890137e-01,-1.114257983863353729e-02,2.702124118804931641e-01,1.448664665222167969e-01,3.839533627033233643e-01,-8.708366006612777710e-02,7.123121619224548340e-02,4.060301929712295532e-02,3.015896379947662354e-01,-6.716412305831909180e-02,-2.651108987629413605e-02,1.055594757199287415e-01,6.102848052978515625e-02,1.376487463712692261e-01,1.925496906042098999e-01,1.718445718288421631e-01,2.466644346714019775e-01,2.039582878351211548e-01,9.841588884592056274e-02,1.013979464769363403e-01,4.389285575598478317e-03,2.774705886840820312e-01,1.068522855639457703e-01,2.815589010715484619e-01,6.639334559440612793e-02,4.563090577721595764e-02,1.434103772044181824e-02,2.957102060317993164e-01,1.471855044364929199e-01,2.360825389623641968e-01,1.982771009206771851e-01,1.323861181735992432e-01,5.323753505945205688e-02,2.175367437303066254e-02,3.395682945847511292e-02,-2.562299557030200958e-02
1.672316193580627441e-01,4.678682982921600342e-01,2.091959267854690552e-01,4.850178360939025879e-01,8.960226923227310181e-02,3.224518597126007080e-01,1.358548998832702637e-01,4.810418188571929932e-01,1.898268014192581177e-01,4.167011678218841553e-01,7.858362048864364624e-02,1.000000238418579102e+00,2.666628956794738770e-01,6.439734697341918945e-01,1.791222691535949707e-01,3.273681104183197021e-01,2.226767688989639282e-02,3.873553574085235596e-01,4.176818132400512695e-01,3.842467963695526123e-01,2.152931392192840576e-01,2.172565460205078125e-01,3.571988344192504883e-01,4.320970177650451660e-01,5.050041526556015015e-02,2.965477705001831055e-01,5.851591378450393677e-02,1.251146197319030762e-01,1.942399442195892334e-01,3.661579191684722900e-01,2.756481170654296875e-01,3.597892224788665771e-01,1.783708930015563965e-01,3.348483443260192871e-01,4.897100850939750671e-02,1.657157242298126221e-01,4.205224290490150452e-02,4.977482929825782776e-02,1.319950670003890991e-01,1.010509058833122253e-01,4.107558727264404297e-02,9.545996040105819702e-02,1.615553796291351318e-01,1.995425075292587280e-01,1.758820712566375732e-01,1.929218620061874390e-01,1.727521717548370361e-01,5.944894626736640930e-02,2.171575874090194702e-01,3.835916519165039062e-01,1.170544400811195374e-01,2.431516349315643311e-01,2.106535248458385468e-02,3.967520606238394976e-04,1.242200583219528198e-01,2.321693450212478638e-01,7.687419652938842773e-02,4.686810970306396484e-01,2.110562771558761597e-01,3.229579031467437744e-01,1.540883332490921021e-01,3.899697363376617432e-01,7.503312826156616211e-02,4.995649456977844238e-01,-1.225796416401863098e-01,1.907804906368255615e-01,1.804854422807693481e-01,4.782500118017196655e-02,3.240231573581695557e-01,7.099122554063796997e-02,-4.159151017665863037e-02,-7.436048239469528198e-02,1.208494156599044800e-01,4.227990657091140747e-02,2.390688955783843994e-01,1.058261916041374207e-01,1.155450195074081421e-01,1.018196716904640198e-01,1.005056723952293396e-01,3.809581696987152100e-01,1.935746669769287109e-01,5.172137022018432617e-01,1.367553919553756714e-01,1.880711317062377930e-01,7.417563349008560181e-02,2.365645766258239746e-01,1.372068524360656738e-01,1.892584860324859619e-01,7.067370414733886719e-02,2.809550762176513672e-01,2.328890264034271240e-01,-2.008322179317474365e-01,1.709122657775878906e-01,-7.762278616428375244e-02,1.051818430423736572e-01,2.435307651758193970e-01,6.007643789052963257e-02,8.699764311313629150e-02,9.463478624820709229e-02,1.029526442289352417e-01,2.375217527151107788e-01,7.899483293294906616e-02,2.926295101642608643e-01,1.566882580518722534e-01,1.334653794765472412e-01,1.215037778019905090e-01,1.083980202674865723e-01,-7.963778078556060791e-02,-6.731369998306035995e-03,1.479065120220184326e-01,8.105074986815452576e-03,4.130041226744651794e-03,3.203790634870529175e-02,1.593783795833587646e-01,7.377576828002929688e-02,-3.715699166059494019e-02
4.501384794712066650e-01,2.357036471366882324e-01,4.056133329868316650e-01,1.038922667503356934e-01,3.142235800623893738e-02,1.454475224018096924e-01,5.186114311218261719e-01,-1.491549517959356308e-02,7.039704918861389160e-02,7.549566030502319336e-02,6.412545442581176758e-01,2.666628956794738770e-01,1.000000000000000000e+00,1.797603815793991089e-01,3.127558231353759766e-01,1.344465017318725586e-01,2.000877261161804199e-01,3.822021484375000000e-01,3.957846462726593018e-01,4.125632643699645996e-01,2.282395660877227783e-01,1.761658638715744019e-01,2.968781888484954834e-01,1.786005795001983643e-01,-3.053346462547779083e-02,3.615419566631317139e-02,-6.273097544908523560e-02,5.948610976338386536e-02,3.204705715179443359e-01,2.445815503597259521e-01,3.564487397670745850e-01,3.538852035999298096e-01,2.697126567363739014e-01,2.697078585624694824e-01,1.905637830495834351e-01,1.581798493862152100e-01,2.694693505764007568e-01,1.898678243160247803e-01,3.192296326160430908e-01,2.095403224229812622e-01,2.274602800607681274e-01,1.388541460037231445e-01,2.206158787012100220e-01,1.588993072509765625e-01,2.552818357944488525e-01,6.018728762865066528e-02,2.074112594127655029e-01,1.489742547273635864e-01,2.145018428564071655e-01,2.150302976369857788e-01,1.488050222396850586e-01,3.241096436977386475e-02,2.467450201511383057e-01,1.824387758970260620e-01,2.388850152492523193e-01,1.431159377098083496e-01,1.122104823589324951e-01,2.549847960472106934e-01,2.260054051876068115e-01,4.398426041007041931e-02,1.683805882930755615e-01,1.050551012158393860e-01,1.782473027706146240e-01,2.318300157785415649e-01,9.824199229478836060e-02,-1.283239722251892090e-01,2.166436165571212769e-01,-3.516793623566627502e-02,2.506432533264160156e-01,1.034577712416648865e-01,2.271032780408859253e-01,9.405177831649780273e-02,1.571612805128097534e-01,-5.761022679507732391e-03,2.436977922916412354e-01,7.339222729206085205e-02,3.113731145858764648e-01,2.894714772701263428e-01,1.773530095815658569e-01,2.780816853046417236e-01,2.296550124883651733e-01,2.157130837440490723e-01,2.853148281574249268e-01,2.159262746572494507e-01,3.134959340095520020e-01,-5.258188396692276001e-02,1.052197813987731934e-01,1.264693140983581543e-01,3.472656309604644775e-01,6.374269723892211914e-02,1.221711263060569763e-01,4.259364213794469833e-03,1.684759110212326050e-01,2.671723440289497375e-02,2.725540995597839355e-01,2.898689210414886475e-01,2.941748499870300293e-01,2.389448881149291992e-01,1.628174185752868652e-01,1.373085528612136841e-01,1.430680006742477417e-01,2.502066791057586670e-01,2.758485674858093262e-01,2.883172929286956787e-01,1.581967324018478394e-01,8.751555532217025757e-02,1.177844926714897156e-01,2.343196123838424683e-01,1.674698442220687866e-01,3.018884658813476562e-01,2.197585552930831909e-01,1.981481313705444336e-01,1.227457970380783081e-01,1.276485323905944824e-01,8.035360276699066162e-02,5.543273687362670898e-02
