1.000000119209289551e+00,3.928739428520202637e-01,3.205826282501220703e-01,2.991405129432678223e-01,8.915905654430389404e-02,6.930483877658843994e-02,4.300065040588378906e-01,2.992946505546569824e-01,4.548335820436477661e-02,5.098086968064308167e-02,3.879191279411315918e-01,2.222243100404739380e-01,2.003124654293060303e-01,3.118482828140258789e-01,1.663660407066345215e-01,1.765128970146179199e-02,1.311265528202056885e-01,-4.908307269215583801e-02,4.883091747760772705e-01,4.730269610881805420e-01,4.932475462555885315e-02,3.112145513296127319e-02,1.701239645481109619e-01,1.042731776833534241e-01,-4.144047573208808899e-02,-2.466855011880397797e-02,5.500354990363121033e-02,1.911417953670024872e-02,2.720358371734619141e-01,1.466262713074684143e-02,1.028279736638069153e-01,5.315119400620460510e-02,3.492174148559570312e-01,2.728038132190704346e-01,-1.035525798797607422e-01,-1.629201769828796387e-01,-1.548148244619369507e-01,-2.864741683006286621e-01,-8.039830625057220459e-02,-1.887718439102172852e-01,4.031453281641006470e-02,-5.814163759350776672e-02,-1.491589695215225220e-01,-1.699492484331130981e-01,9.521794505417346954e-03,-4.154160991311073303e-02,-1.211209595203399658e-01,-2.178277671337127686e-01,4.772908985614776611e-02,4.352771863341331482e-02,-2.713396027684211731e-02,-1.315271705389022827e-01,-1.358839571475982666e-01,-1.927950084209442139e-01,-1.941207237541675568e-02,-1.132223382592201233e-01,5.692982077598571777e-01,3.161579668521881104e-01,4.692514240741729736e-01,3.953945338726043701e-01,3.428238034248352051e-01,3.097843229770660400e-01,2.197812497615814209e-01,1.703521311283111572e-01,2.459072768688201904e-01,1.594710499048233032e-01,3.246139287948608398e-01,2.878738045692443848e-01,2.380960136651992798e-01,3.329268693923950195e-01,-6.140389293432235718e-02,7.626641541719436646e-02,9.476748108863830566e-02,-4.062438011169433594e-02,-5.425417050719261169e-02,5.292789265513420105e-02,-1.106781885027885437e-01,-9.736672043800354004e-02,5.661991611123085022e-02,-6.252677738666534424e-02,1.066976040601730347e-02,-1.671937853097915649e-01,-9.136701375246047974e-02,-8.488536626100540161e-02,-4.877961799502372742e-02,-1.678701490163803101e-01,1.938056349754333496e-01,9.699025005102157593e-02,2.037398517131805420e-01,1.208146754652261734e-02,-4.690159857273101807e-02,-1.685356646776199341e-01,-3.076462075114250183e-02,1.597927510738372803e-01,-2.052041739225387573e-01,-1.519689112901687622e-01,-2.208736389875411987e-01,-1.759034246206283569e-01,6.101178005337715149e-03,-4.599069058895111084e-02,4.364074673503637314e-03,9.936435520648956299e-02,4.411908984184265137e-02,6.871712952852249146e-02,-4.074301198124885559e-02,-1.267301477491855621e-02,-6.748098880052566528e-02,-7.591404020786285400e-02,-1.821210980415344238e-01,-2.693976759910583496e-01,-3.024294674396514893e-01,-4.586350917816162109e-02,-4.051743447780609131e-02,4.134935326874256134e-03,6.134078837931156158e-03,-2.281238697469234467e-02
3.928739428520202637e-01,1.000000119209289551e+00,2.178431451320648193e-01,5.085116624832153320e-01,-2.502032183110713959e-02,2.302014976739883423e-01,1.769015192985534668e-01,5.481840968132019043e-01,2.851754985749721527e-02,1.231938526034355164e-01,-3.545755147933959961e-02,3.629999160766601562e-01,-8.157473057508468628e-02,2.280792742967605591e-01,3.736529871821403503e-02,7.384827733039855957e-02,-4.331579059362411499e-02,2.597608268260955811e-01,3.928023576736450195e-01,5.295382142066955566e-01,-9.775278717279434204e-02,-2.871538139879703522e-02,1.248907595872879028e-01,2.120557427406311035e-01,-1.378618627786636353e-01,-1.039418391883373260e-03,9.306159801781177521e-03,1.342253386974334717e-01,-2.250329591333866119e-02,9.569381177425384521e-02,-5.996979773044586182e-02,7.274071685969829559e-03,2.285039871931076050e-01,3.354946672916412354e-01,-1.861139088869094849e-01,-8.168511837720870972e-02,-1.088139265775680542e-01,-1.763551235198974609e-01,-2.829120121896266937e-02,4.173544421792030334e-02,-1.416443437337875366e-01,-9.986038506031036377e-02,-4.026306569576263428e-01,-3.371325731277465820e-01,-1.210184693336486816e-01,-1.111371628940105438e-02,-2.807412147521972656e-01,-3.376584649085998535e-01,-7.009052485227584839e-02,3.823466971516609192e-02,-1.648611575365066528e-01,-1.763975322246551514e-01,-1.705780774354934692e-01,-2.591049671173095703e-01,-3.450640290975570679e-02,1.257191002368927002e-01,4.664941132068634033e-01,6.470873355865478516e-01,4.918923974037170410e-01,5.784647464752197266e-01,4.149198532104492188e-01,5.416890978813171387e-01,6.439740210771560669e-02,4.569925367832183838e-01,1.522892266511917114e-01,2.350799590349197388e-01,2.903054654598236084e-01,2.231415808200836182e-01,3.945220112800598145e-01,4.447990953922271729e-01,-2.366199344396591187e-01,-3.812276571989059448e-02,-9.844253212213516235e-02,-5.783380568027496338e-02,-9.760865569114685059e-02,-6.272387504577636719e-02,-2.107148021459579468e-01,-1.531472057104110718e-01,-7.761565595865249634e-02,6.852253526449203491e-02,-1.140505522489547729e-01,7.878799736499786377e-02,-1.288113743066787720e-01,5.710829421877861023e-02,-8.246926218271255493e-02,4.837791249155998230e-02,2.571558058261871338e-01,3.132478594779968262e-01,1.887314468622207642e-01,3.523047566413879395e-01,7.466074079275131226e-02,-1.976514048874378204e-02,1.545338630676269531e-01,1.914488822221755981e-01,-1.812687516212463379e-01,-9.252241998910903931e-02,-1.524624079465866089e-01,-1.274351477622985840e-01,-3.938175737857818604e-02,-7.431878894567489624e-02,2.660593688488006592e-01,1.051514968276023865e-01,2.259888648986816406e-01,1.489660888910293579e-01,1.370919793844223022e-01,-1.868634112179279327e-02,9.843969345092773438e-02,1.855705305933952332e-02,-1.239481121301651001e-01,-3.482593297958374023e-01,-3.153969347476959229e-01,-1.481859534978866577e-01,8.967898786067962646e-02,1.664007455110549927e-01,2.436768822371959686e-02,-5.120573565363883972e-02
3.205826282501220703e-01,2.178431451320648193e-01,1.000000238418579102e+00,4.590599238872528076e-01,6.290730088949203491e-02,3.858061973005533218e-04,6.367110610008239746e-01,2.815684676170349121e-01,1.113465502858161926e-01,-9.605094790458679199e-03,1.271455883979797363e-01,1.053136363625526428e-01,3.613026738166809082e-01,1.172441989183425903e-01,2.582428455352783203e-01,-2.631753915920853615e-03,-1.498994324356317520e-02,8.862374722957611084e-02,3.228138685226440430e-01,1.811496168375015259e-01,1.980527490377426147e-02,1.443033013492822647e-02,6.600831747055053711e-01,4.957066476345062256e-01,1.128280069679021835e-02,-2.411686442792415619e-02,-1.133371889591217041e-02,-1.620245538651943207e-02,4.454647749662399292e-02,2.548141032457351685e-02,3.114173710346221924e-01,3.178977370262145996e-01,3.579923212528228760e-01,3.122117519378662109e-01,3.118427097797393799e-01,1.553624570369720459e-01,-1.201177015900611877e-01,-5.537917092442512512e-02,5.364320706576108932e-03,-1.355987787246704102e-01,-4.475641623139381409e-02,-9.247758239507675171e-02,2.541694231331348419e-02,-6.682245433330535889e-02,4.761414602398872375e-02,-1.099663227796554565e-01,-3.986792266368865967e-02,-1.136445626616477966e-01,-9.627653285861015320e-03,8.726567775011062622e-02,-7.177659310400485992e-03,1.664305850863456726e-02,-9.959982335567474365e-02,-1.585827618837356567e-01,-5.269398912787437439e-02,-1.812905371189117432e-01,2.136658579111099243e-01,2.262469530105590820e-01,2.114962190389633179e-01,1.800506412982940674e-01,2.017491161823272705e-01,2.236893922090530396e-01,1.701852828264236450e-01,2.433235943317413330e-01,4.203934669494628906e-01,2.605641782283782959e-01,1.748511344194412231e-01,1.717240810394287109e-01,1.739927232265472412e-01,2.462212741374969482e-01,5.430346354842185974e-02,4.801303893327713013e-02,6.321407854557037354e-02,9.261380881071090698e-03,8.872975409030914307e-02,-1.532935071736574173e-02,5.309479311108589172e-02,4.856069758534431458e-02,6.294657289981842041e-02,7.545765489339828491e-02,3.461899980902671814e-02,3.486388921737670898e-02,-1.152537986636161804e-01,5.622949451208114624e-02,1.999785453081130981e-01,6.386522948741912842e-02,2.112205922603607178e-01,1.678570359945297241e-01,1.908997148275375366e-01,1.351218298077583313e-02,-4.556973651051521301e-02,-8.844344317913055420e-02,4.591773450374603271e-02,1.826729625463485718e-01,-9.899403154850006104e-02,-7.849728316068649292e-02,-1.131117343902587891e-01,-1.585689187049865723e-01,-1.394225656986236572e-01,-9.984271973371505737e-02,1.003539860248565674e-01,2.079579830169677734e-01,9.595435112714767456e-02,3.010818064212799072e-01,4.455612227320671082e-02,-6.088108057156205177e-04,3.613913059234619141e-02,6.299067288637161255e-02,-8.096798509359359741e-02,-1.274051815271377563e-01,-8.674744516611099243e-02,-1.046594828367233276e-01,7.388895004987716675e-02,2.149037085473537445e-02,1.776154525578022003e-02,-1.850695163011550903e-02
2.991405129432678223e-01,5.085116624832153320e-01,4.590599238872528076e-01,9.999997019767761230e-01,1.676226109266281128e-01,3.497939109802246094e-01,3.847282230854034424e-01,6.942022442817687988e-01,2.401394098997116089e-01,2.997345328330993652e-01,7.065790146589279175e-02,3.825945556163787842e-01,9.744213521480560303e-02,2.868297696113586426e-01,1.609991639852523804e-01,2.132880389690399170e-01,-1.294326633214950562e-01,8.613232523202896118e-02,4.846393764019012451e-01,5.134354233741760254e-01,-2.863489091396331787e-02,1.098318118602037430e-02,3.822098076343536377e-01,5.039887428283691406e-01,-2.250397019088268280e-02,9.794130176305770874e-02,6.987614091485738754e-03,1.686458736658096313e-01,-2.551741711795330048e-02,3.203591704368591309e-02,1.402158439159393311e-01,2.898707091808319092e-01,2.017054259777069092e-01,2.801949381828308105e-01,1.686524599790573120e-01,2.020952105522155762e-01,-1.453672647476196289e-01,-1.590396016836166382e-01,-6.194109097123146057e-02,-4.889332875609397888e-02,-2.141792327165603638e-01,-1.749255657196044922e-01,-1.940215975046157837e-01,-2.212056368589401245e-01,-2.211914360523223877e-01,-1.865633726119995117e-01,-1.905660629272460938e-01,-2.552040517330169678e-01,-1.834889203310012817e-01,-8.589669317007064819e-02,-7.308875769376754761e-02,-9.837733209133148193e-02,-1.654080301523208618e-01,-2.972970008850097656e-01,-6.594827026128768921e-02,-6.445342442020773888e-04,2.573699653148651123e-01,3.507963418960571289e-01,2.461980879306793213e-01,3.176959156990051270e-01,2.096376866102218628e-01,3.296990096569061279e-01,1.540513336658477783e-01,3.055250346660614014e-01,4.405769407749176025e-01,4.322379529476165771e-01,1.337977349758148193e-01,1.324398815631866455e-01,2.903156578540802002e-01,2.761803567409515381e-01,-7.680416852235794067e-02,1.285347938537597656e-01,1.961563900113105774e-02,1.723342016339302063e-02,1.890972442924976349e-02,5.353758484125137329e-02,1.029132958501577377e-02,5.122938007116317749e-02,-5.301432684063911438e-02,2.099117077887058258e-02,-5.765921436250209808e-03,1.615478694438934326e-01,-1.107393801212310791e-01,1.726399511098861694e-01,1.139004826545715332e-01,3.356360495090484619e-01,1.621163785457611084e-01,3.230203390121459961e-01,3.132188916206359863e-01,4.397733807563781738e-01,7.015021145343780518e-02,-3.828530758619308472e-02,2.784369289875030518e-01,2.342551350593566895e-01,-1.472291797399520874e-01,-3.672536331578157842e-05,-1.145644858479499817e-01,-1.262860447168350220e-01,-7.458670437335968018e-02,-1.087323650717735291e-01,3.953108489513397217e-01,1.901922971010208130e-01,2.670099437236785889e-01,2.665384411811828613e-01,1.862635463476181030e-01,6.964369118213653564e-02,1.746389642357826233e-02,6.154358014464378357e-02,-6.828484684228897095e-02,-3.055822253227233887e-01,-2.345487177371978760e-01,-1.164228990674018860e-01,2.498661875724792480e-01,1.700696200132369995e-01,1.037370860576629639e-01,-1.613814756274223328e-02
8.915905654430389404e-02,-2.502032183110713959e-02,6.290730088949203491e-02,1.676226109266281128e-01,1.000000238418579102e+00,5.631553530693054199e-01,-7.561410963535308838e-02,-5.249705538153648376e-02,6.265646815299987793e-01,4.307235181331634521e-01,7.155784219503402710e-02,9.705501049757003784e-02,-3.900276497006416321e-02,6.438535451889038086e-02,5.740007758140563965e-01,4.142084121704101562e-01,-8.432799577713012695e-02,-4.403320699930191040e-02,7.815950363874435425e-02,3.747498244047164917e-02,3.344221711158752441e-01,2.851048111915588379e-01,1.610182076692581177e-01,1.870228350162506104e-01,5.589401125907897949e-01,6.370515823364257812e-01,6.064847707748413086e-01,6.287716627120971680e-01,2.254816591739654541e-01,1.711129695177078247e-01,3.108459115028381348e-01,2.970532476902008057e-01,8.539463579654693604e-02,-3.017745353281497955e-02,1.948230564594268799e-01,6.861899793148040771e-02,2.707742713391780853e-02,8.009377121925354004e-02,1.107062995433807373e-01,1.069341227412223816e-01,9.382729232311248779e-02,5.708543211221694946e-02,1.279195770621299744e-02,4.381296783685684204e-02,-2.686865925788879395e-01,-1.393168866634368896e-01,-8.883675932884216309e-02,-5.600015446543693542e-02,-2.012129426002502441e-01,-2.058017402887344360e-01,-9.843601286411285400e-02,-1.813251823186874390e-01,-4.766779765486717224e-02,-8.095671981573104858e-02,9.500442445278167725e-02,-5.007079616189002991e-02,1.332095116376876831e-01,6.001329049468040466e-02,-3.023491241037845612e-02,-2.970936335623264313e-02,1.760710589587688446e-02,3.024510666728019714e-02,5.905395373702049255e-02,-5.627262219786643982e-02,9.239671379327774048e-02,-7.330386433750391006e-03,-3.286445513367652893e-03,8.301619440317153931e-02,1.546985059976577759e-01,2.079563438892364502e-01,9.854935109615325928e-02,5.713313445448875427e-02,1.029785722494125366e-01,-2.764969132840633392e-03,1.411888897418975830e-01,8.043344318866729736e-02,1.177111044526100159e-01,1.335529834032058716e-01,3.683832287788391113e-02,4.224536940455436707e-02,8.377891778945922852e-02,5.631287395954132080e-02,1.369704753160476685e-01,2.455555647611618042e-01,2.204760909080505371e-01,1.271318048238754272e-01,4.469660297036170959e-02,9.016858786344528198e-02,2.241128087043762207e-01,2.231049090623855591e-01,-5.340091884136199951e-02,5.932487547397613525e-02,4.861317574977874756e-02,2.759980559349060059e-01,1.992966830730438232e-01,2.143025845289230347e-01,1.220428571105003357e-01,4.486685618758201599e-02,8.396565914154052734e-03,4.606915265321731567e-02,-6.720184534788131714e-02,2.026160657405853271e-01,-2.312125563621520996e-01,-9.991699457168579102e-02,8.107718080282211304e-03,2.542084269225597382e-02,-1.676716096699237823e-02,-2.978987805545330048e-02,1.672867834568023682e-01,1.311339139938354492e-01,1.026642620563507080e-01,-2.958864346146583557e-02,1.496617645025253296e-01,2.383990958333015442e-02,1.276413798332214355e-01,6.080460548400878906e-02
6.930483877658843994e-02,2.302014976739883423e-01,3.858061973005533218e-04,3.497939109802246094e-01,5.631553530693054199e-01,1.000000357627868652e+00,-1.235081478953361511e-01,2.299732565879821777e-01,5.980655550956726074e-01,6.515920758247375488e-01,-2.136238478124141693e-02,1.960414499044418335e-01,-2.255529016256332397e-01,5.028666183352470398e-02,4.941895604133605957e-01,4.631307423114776611e-01,-2.020496129989624023e-01,-1.108783408999443054e-01,2.382491976022720337e-01,2.936421632766723633e-01,5.323506891727447510e-02,1.394547969102859497e-01,3.135922923684120178e-02,4.064619541168212891e-02,1.652938723564147949e-01,3.310804665088653564e-01,2.730946242809295654e-01,4.994836747646331787e-01,-3.689622133970260620e-02,-3.563850652426481247e-03,-1.329541113227605820e-02,4.338873550295829773e-03,1.114162802696228027e-01,7.714009284973144531e-02,-2.402146533131599426e-02,1.973928697407245636e-02,-4.557793959975242615e-02,-1.085958257317543030e-01,1.313260197639465332e-01,7.613630592823028564e-02,-1.929510235786437988e-01,-1.369604319334030151e-01,-2.740610837936401367e-01,-2.028660476207733154e-01,-2.891480624675750732e-01,-2.028008401393890381e-01,-1.969645470380783081e-01,-2.130922079086303711e-01,-3.487760722637176514e-01,-2.829782068729400635e-01,-2.456429153680801392e-01,-3.518863320350646973e-01,-1.266641914844512939e-01,-1.970865130424499512e-01,1.227505318820476532e-02,1.663141101598739624e-01,1.069567501544952393e-01,2.045744657516479492e-01,8.850799500942230225e-02,1.977214962244033813e-01,9.131062775850296021e-03,1.195512935519218445e-01,-7.410614192485809326e-02,5.951454117894172668e-02,1.046486571431159973e-01,1.044239029288291931e-01,1.464777067303657532e-02,5.904677882790565491e-02,1.933707743883132935e-01,1.883064061403274536e-01,-9.072652459144592285e-02,8.174433559179306030e-02,-1.191049665212631226e-01,-1.450950354337692261e-01,-6.405338644981384277e-02,-2.694784291088581085e-02,-7.210119068622589111e-02,-1.194280311465263367e-01,-1.827840805053710938e-01,-1.145934760570526123e-01,-1.752039343118667603e-01,-5.357647314667701721e-02,1.068145632743835449e-01,1.787252426147460938e-01,1.716743595898151398e-02,1.295544505119323730e-01,2.004528194665908813e-01,3.678894340991973877e-01,3.517192900180816650e-01,5.163961648941040039e-01,7.559553533792495728e-02,1.014653444290161133e-01,2.507541477680206299e-01,2.898826301097869873e-01,6.959586590528488159e-02,1.211463138461112976e-01,8.682977408170700073e-02,4.564432427287101746e-02,2.689544484019279480e-02,-8.102078922092914581e-03,2.929011583328247070e-01,2.426794469356536865e-01,9.952783584594726562e-02,8.311446756124496460e-02,1.593872904777526855e-01,7.441677898168563843e-02,1.118435561656951904e-01,3.016879037022590637e-02,5.915826931595802307e-02,-6.259060651063919067e-02,-4.562268033623695374e-02,-4.998869821429252625e-02,3.334309160709381104e-01,2.183700799942016602e-01,1.842900514602661133e-01,1.537157744169235229e-01
4.300065040588378906e-01,1.769015192985534668e-01,6.367110610008239746e-01,3.847282230854034424e-01,-7.561410963535308838e-02,-1.235081478953361511e-01,1.000000238418579102e+00,3.393014967441558838e-01,-4.956459999084472656e-02,-1.523367315530776978e-01,2.311476469039916992e-01,1.124564111232757568e-01,5.171882510185241699e-01,1.579488515853881836e-01,1.481031775474548340e-01,-1.396980434656143188e-01,-1.766996830701828003e-02,7.476544938981533051e-03,2.662854492664337158e-01,1.811422556638717651e-01,-6.823693215847015381e-02,-5.314055085182189941e-02,4.910928010940551758e-01,3.485633432865142822e-01,-1.197529137134552002e-01,-1.459608227014541626e-01,-5.056109651923179626e-02,-8.051563054323196411e-02,1.135595142841339111e-02,-2.661739289760589600e-02,2.595141232013702393e-01,2.744845449924468994e-01,3.714877665042877197e-01,3.301599621772766113e-01,2.189118117094039917e-01,9.018706530332565308e-02,-1.119048595428466797e-01,-1.252090781927108765e-01,1.232540979981422424e-02,-2.307802587747573853e-01,-5.257101356983184814e-02,-1.741968542337417603e-01,-4.404138773679733276e-02,-1.590889245271682739e-01,8.000522851943969727e-02,-7.750848680734634399e-02,-7.023216038942337036e-02,-1.642165929079055786e-01,4.144336655735969543e-02,1.006350293755531311e-01,-1.016839146614074707e-01,1.002290286123752594e-02,-2.309389561414718628e-01,-2.541979253292083740e-01,-9.221173077821731567e-02,-2.529196441173553467e-01,2.193781882524490356e-01,1.065398901700973511e-01,2.745335400104522705e-01,2.198595404624938965e-01,2.513475120067596436e-01,2.867200970649719238e-01,2.385889142751693726e-01,2.497427314519882202e-01,4.452115297317504883e-01,3.528097569942474365e-01,2.150809913873672485e-01,2.255085557699203491e-01,1.156714484095573425e-01,1.138607785105705261e-01,8.803573995828628540e-02,1.940409280359745026e-02,4.633637517690658569e-02,-6.831622868776321411e-02,3.995824605226516724e-02,-8.009753376245498657e-02,1.880070939660072327e-02,2.572336420416831970e-02,-3.742584213614463806e-02,-3.097154572606086731e-02,-3.309621661901473999e-02,-1.316296011209487915e-01,-1.201425120234489441e-01,-9.983552247285842896e-02,-2.141716703772544861e-02,-7.513615489006042480e-02,1.801341772079467773e-01,7.527109980583190918e-02,1.901540309190750122e-01,-6.866303831338882446e-02,-1.180439814925193787e-01,-1.994495540857315063e-01,8.796218782663345337e-02,1.118313446640968323e-01,-1.341763585805892944e-01,-1.394827961921691895e-01,-1.679185777902603149e-01,-2.214620560407638550e-01,-1.537947356700897217e-01,-1.967194378376007080e-01,7.201638817787170410e-02,1.352198570966720581e-01,1.033322364091873169e-01,2.205634266138076782e-01,-4.601592954713851213e-04,-2.466480061411857605e-02,6.551155447959899902e-02,5.337230861186981201e-02,-8.213983476161956787e-02,-1.320874989032745361e-01,-1.335837095975875854e-01,-6.449133902788162231e-02,-7.504232972860336304e-02,-1.077475119382143021e-02,6.736249197274446487e-03,2.409405261278152466e-02
2.992946505546569824e-01,5.481840968132019043e-01,2.815684676170349121e-01,6.942022442817687988e-01,-5.249705538153648376e-02,2.299732565879821777e-01,3.393014967441558838e-01,9.999995827674865723e-01,9.702157974243164062e-02,2.215444445610046387e-01,1.244521662592887878e-01,5.603418946266174316e-01,1.009578630328178406e-01,4.765155315399169922e-01,-1.953656412661075592e-02,1.596705764532089233e-01,-1.244865730404853821e-02,1.347018927335739136e-01,4.365575015544891357e-01,5.374774336814880371e-01,-9.647424519062042236e-02,-3.555424511432647705e-02,2.250753045082092285e-01,3.138376176357269287e-01,-2.464099079370498657e-01,-1.018649563193321228e-01,-1.844742000102996826e-01,-2.681339625269174576e-03,2.754993736743927002e-02,2.875324571505188942e-03,-3.264051163569092751e-03,1.214580684900283813e-01,2.371145933866500854e-01,3.677760362625122070e-01,-3.286753222346305847e-02,1.164934337139129639e-01,-4.989409819245338440e-02,-2.075288742780685425e-01,-8.582928031682968140e-02,-9.663375467061996460e-02,-2.318476587533950806e-01,-2.122954726219177246e-01,-2.741291821002960205e-01,-2.670153677463531494e-01,-9.629187732934951782e-02,-1.607551798224449158e-02,-2.190102338790893555e-01,-2.772755920886993408e-01,-3.119487687945365906e-02,9.478729963302612305e-02,-4.700680449604988098e-02,1.720807142555713654e-02,-2.471165060997009277e-01,-3.682399988174438477e-01,-1.280562430620193481e-01,2.156640868633985519e-03,2.074354887008666992e-01,2.724280357360839844e-01,2.431603670120239258e-01,3.590200245380401611e-01,2.668774127960205078e-01,4.600140750408172607e-01,1.569238156080245972e-01,3.880504071712493896e-01,4.047586917877197266e-01,5.045145750045776367e-01,7.112546265125274658e-02,1.235494464635848999e-01,1.672177016735076904e-01,9.659440815448760986e-02,-2.709288150072097778e-02,2.414980381727218628e-01,7.899059355258941650e-02,8.367907255887985229e-02,-8.511625230312347412e-02,6.598591059446334839e-02,3.737524896860122681e-02,5.488645657896995544e-02,-9.934308379888534546e-02,-6.765210628509521484e-02,-6.286892294883728027e-02,1.080074012279510498e-01,-8.856992423534393311e-02,6.921617686748504639e-02,-5.212173610925674438e-02,2.761573195457458496e-01,1.546561717987060547e-01,2.918606996536254883e-01,1.644081771373748779e-01,3.732010126113891602e-01,2.857301197946071625e-02,-1.473340690135955811e-01,1.854667216539382935e-01,5.169110372662544250e-02,-2.486444562673568726e-01,-1.120930612087249756e-01,-1.587682664394378662e-01,-1.768991351127624512e-01,-1.071121841669082642e-01,-2.304660081863403320e-01,4.222338795661926270e-01,2.248997986316680908e-02,3.832774460315704346e-01,2.202694565057754517e-01,1.980564594268798828e-01,2.783067151904106140e-02,7.038603723049163818e-02,4.358479753136634827e-02,-1.637499779462814331e-01,-3.060886263847351074e-01,-2.939974665641784668e-01,-1.094945669174194336e-01,1.749619841575622559e-01,2.529066503047943115e-01,9.390738606452941895e-02,-4.117011651396751404e-02
4.548335820436477661e-02,2.851754985749721527e-02,1.113465502858161926e-01,2.401394098997116089e-01,6.265646815299987793e-01,5.980655550956726074e-01,-4.956459999084472656e-02,9.702157974243164062e-02,1.000000119209289551e+00,6.425934433937072754e-01,9.436174482107162476e-02,1.187093406915664673e-01,1.009822444757446647e-04,6.410672515630722046e-02,6.151282787322998047e-01,4.800476133823394775e-01,-1.264502257108688354e-01,-7.654672116041183472e-02,1.889148503541946411e-01,1.142755299806594849e-01,2.427386492490768433e-01,2.716541290283203125e-01,1.324189007282257080e-01,1.054985746741294861e-01,1.963024884462356567e-01,3.070899844169616699e-01,2.580980658531188965e-01,3.884842395782470703e-01,1.427949517965316772e-01,1.163959577679634094e-01,7.505764067173004150e-02,8.486568182706832886e-02,6.090681254863739014e-02,-3.891868516802787781e-02,1.721205413341522217e-01,1.121971532702445984e-01,6.896982342004776001e-02,8.027750998735427856e-02,1.271981596946716309e-01,6.802900135517120361e-02,-1.333049535751342773e-01,-5.835045501589775085e-02,-8.483228832483291626e-02,-1.364549156278371811e-02,-2.551537752151489258e-01,-2.100644856691360474e-01,-8.924517780542373657e-02,-7.122509181499481201e-02,-3.165600001811981201e-01,-2.273456007242202759e-01,-1.023462861776351929e-01,-1.881017833948135376e-01,-3.963237255811691284e-02,-1.143473833799362183e-01,3.380581736564636230e-02,4.370273649692535400e-02,8.411532640457153320e-02,3.708732128143310547e-02,-6.733371317386627197e-02,-4.436547681689262390e-02,-1.502932421863079071e-02,-1.411016006022691727e-02,2.708579786121845245e-02,-4.420348256826400757e-02,1.507347077131271362e-01,3.036899864673614502e-02,-8.627407252788543701e-02,-1.762365549802780151e-02,1.600848287343978882e-01,9.786839783191680908e-02,5.376447737216949463e-02,1.058947741985321045e-01,-1.240438222885131836e-02,-7.966171205043792725e-02,7.075674086809158325e-02,3.153781406581401825e-03,6.284803152084350586e-02,4.327488318085670471e-02,-2.022044360637664795e-02,-7.274926453828811646e-02,3.641414269804954529e-02,3.926618769764900208e-02,7.868224382400512695e-02,2.173887491226196289e-01,2.456184774637222290e-01,2.023382633924484253e-01,8.216997981071472168e-02,2.029047906398773193e-01,3.380434811115264893e-01,3.290978372097015381e-01,1.108641102910041809e-01,1.723898798227310181e-01,1.965570896863937378e-01,2.669995129108428955e-01,1.256210207939147949e-01,1.446436345577239990e-01,9.432615339756011963e-02,6.494026631116867065e-02,1.925646699965000153e-02,8.204146474599838257e-02,1.321878433227539062e-01,2.008804529905319214e-01,2.733385749161243439e-02,8.258777856826782227e-02,1.428654044866561890e-01,7.439155131578445435e-02,4.148303344845771790e-02,7.027427107095718384e-02,1.241689622402191162e-01,5.311099067330360413e-02,7.935027033090591431e-02,-2.599044144153594971e-02,3.606950044631958008e-01,1.966727375984191895e-01,2.195583134889602661e-01,1.079367175698280334e-01
5.098086968064308167e-02,1.231938526034355164e-01,-9.605094790458679199e-03,2.997345328330993652e-01,4.307235181331634521e-01,6.515920758247375488e-01,-1.523367315530776978e-01,2.215444445610046387e-01,6.425934433937072754e-01,9.999998211860656738e-01,7.020019739866256714e-02,1.513326466083526611e-01,-1.139937266707420349e-01,8.485493808984756470e-02,4.022765457630157471e-01,5.051313638687133789e-01,-1.016333177685737610e-01,-1.193883344531059265e-01,2.643563151359558105e-01,2.263930886983871460e-01,1.358815431594848633e-01,2.100346237421035767e-01,-4.145844653248786926e-02,-5.014819279313087463e-02,2.857441827654838562e-02,1.666475832462310791e-01,7.794819027185440063e-02,2.782999873161315918e-01,2.314935810863971710e-02,4.340548068284988403e-02,-1.728607416152954102e-01,-1.241763755679130554e-01,-1.008146777749061584e-01,-1.305391490459442139e-01,-9.776044636964797974e-03,3.903454914689064026e-02,1.724759861826896667e-02,-5.079762637615203857e-02,4.056422039866447449e-02,6.646667420864105225e-02,-1.974472105503082275e-01,-8.215113729238510132e-02,-1.757759302854537964e-01,-1.182156875729560852e-01,-3.529936671257019043e-01,-2.813974618911743164e-01,-1.524118036031723022e-01,-1.252609193325042725e-01,-3.776991665363311768e-01,-2.825477123260498047e-01,-1.435498148202896118e-01,-2.441003322601318359e-01,-7.820826023817062378e-02,-1.289969086647033691e-01,-2.461834810674190521e-02,1.419889181852340698e-01,3.442661836743354797e-02,6.869277358055114746e-02,1.191388629376888275e-02,6.674489378929138184e-02,-5.515693500638008118e-02,-1.554796565324068069e-02,-4.236493632197380066e-02,-5.815967544913291931e-02,1.318729370832443237e-01,6.763436645269393921e-02,-7.353012263774871826e-02,-1.017050817608833313e-01,1.452134102582931519e-01,8.641058206558227539e-02,-5.054000020027160645e-02,1.013314574956893921e-01,-8.249236643314361572e-02,-7.569653540849685669e-02,-7.808800786733627319e-02,4.413176327943801880e-02,-9.362433105707168579e-03,-4.998840391635894775e-02,-8.740870654582977295e-02,-9.980034828186035156e-02,-2.262756973505020142e-02,7.625427842140197754e-02,8.958876132965087891e-02,2.149530053138732910e-01,1.982149034738540649e-01,2.722728848457336426e-01,7.744024693965911865e-02,2.998274862766265869e-01,3.453694283962249756e-01,4.931028187274932861e-01,1.320485621690750122e-01,1.936551779508590698e-01,2.967055737972259521e-01,2.843285202980041504e-01,7.322484999895095825e-02,1.151378974318504333e-01,8.770463615655899048e-02,5.573937669396400452e-02,-9.812610223889350891e-03,3.795499727129936218e-02,3.145475089550018311e-01,2.074568569660186768e-01,1.761959791183471680e-01,1.344628781080245972e-01,1.830036044120788574e-01,8.852446079254150391e-02,2.393534779548645020e-02,9.047735482454299927e-02,9.962759912014007568e-02,-2.185540646314620972e-02,3.352436237037181854e-03,-3.956165164709091187e-02,4.136937558650970459e-01,2.683548927307128906e-01,2.289880663156509399e-01,1.243086159229278564e-01
3.879191279411315918e-01,-3.545755147933959961e-02,1.271455883979797363e-01,7.065790146589279175e-02,7.155784219503402710e-02,-2.136238478124141693e-02,2.311476469039916992e-01,1.244521662592887878e-01,9.436174482107162476e-02,7.020019739866256714e-02,9.999999403953552246e-01,3.374586999416351318e-01,5.175448656082153320e-01,3.849041461944580078e-01,1.315816640853881836e-01,5.388543382287025452e-02,4.847496747970581055e-01,1.947414875030517578e-01,3.515156805515289307e-01,2.718757688999176025e-01,-2.320674620568752289e-02,2.660409361124038696e-02,1.289399415254592896e-01,1.086237840354442596e-02,-4.781114682555198669e-02,-3.671828657388687134e-02,-3.502490743994712830e-02,-1.196171566843986511e-01,4.140207767486572266e-01,6.389485299587249756e-02,1.560897231101989746e-01,1.418219208717346191e-01,2.259236723184585571e-01,1.753449290990829468e-01,1.001812145113945007e-01,1.056641265749931335e-01,1.387618035078048706e-01,-6.402583792805671692e-03,7.209317758679389954e-03,-1.140154078602790833e-01,1.204423680901527405e-01,3.293393179774284363e-02,-5.696493014693260193e-02,-7.297135144472122192e-02,5.896551907062530518e-02,1.125810444355010986e-01,-5.638495832681655884e-02,-5.716156587004661560e-02,6.930371373891830444e-02,1.328898668289184570e-01,1.478786021471023560e-01,8.411855995655059814e-02,-7.932573556900024414e-02,-8.167991042137145996e-02,-6.462392862886190414e-03,-5.612630397081375122e-02,2.315490841865539551e-01,-1.230719760060310364e-01,-1.837306655943393707e-02,-1.170757561922073364e-01,1.724350899457931519e-01,2.961776964366436005e-02,5.142428874969482422e-01,1.327697634696960449e-01,3.552215695381164551e-01,1.103670820593833923e-01,5.951330438256263733e-02,1.088257133960723877e-01,1.045240759849548340e-01,6.169954314827919006e-03,2.741479873657226562e-01,3.498891294002532959e-01,3.527879118919372559e-01,1.849961280822753906e-01,2.437554486095905304e-02,1.969759315252304077e-01,7.061339169740676880e-02,1.563962548971176147e-01,1.064712107181549072e-01,-6.544470787048339844e-02,3.181496262550354004e-01,1.221733316779136658e-01,1.541077494621276855e-01,1.466990113258361816e-01,2.580109834671020508e-01,1.377479732036590576e-01,1.459430903196334839e-01,1.338267028331756592e-01,1.121233031153678894e-01,1.631553657352924347e-02,-7.506552338600158691e-02,-8.716962486505508423e-02,-1.235609352588653564e-01,-1.208879053592681885e-01,-7.928672432899475098e-02,-4.914091154932975769e-02,-1.131089963018894196e-02,-2.769465371966362000e-02,-8.648037910461425781e-02,-3.022434189915657043e-02,-8.245022594928741455e-02,-1.866290867328643799e-01,-1.883774250745773315e-02,-1.248338818550109863e-01,-2.101605571806430817e-02,-1.017384156584739685e-01,-6.044241413474082947e-02,-1.616757363080978394e-02,-1.340816020965576172e-01,-2.777771465480327606e-02,-3.141071647405624390e-02,-1.419670432806015015e-01,-2.549317292869091034e-02,6.476756185293197632e-02,1.689962856471538544e-02,-1.270974427461624146e-01
2.222243100404739380e-01,3.629999160766601562e-01,1.053136363625526428e-01,3.825945556163787842e-01,9.705501049757003784e-02,1.960414499044418335e-01,1.124564111232757568e-01,5.603418946266174316e-01,1.187093406915664673e-01,1.513326466083526611e-01,3.374586999416351318e-01,9.999998211860656738e-01,2.160352915525436401e-01,6.844027638435363770e-01,1.000965759158134460e-02,2.568809092044830322e-01,1.975214034318923950e-01,3.468038141727447510e-01,3.008593022823333740e-01,4.365449249744415283e-01,2.988374233245849609e-02,4.036316648125648499e-02,2.218257188796997070e-01,2.761519849300384521e-01,-3.870791289955377579e-03,1.580608040094375610e-01,8.882459253072738647e-03,1.123948991298675537e-01,2.907647192478179932e-01,2.073103636503219604e-01,1.889878958463668823e-01,3.024267554283142090e-01,3.512827157974243164e-01,4.506791234016418457e-01,-1.687069016043096781e-04,1.795608401298522949e-01,1.863152831792831421e-01,5.971470475196838379e-02,-3.663172572851181030e-02,2.059632912278175354e-02,5.217113345861434937e-02,-1.818281039595603943e-02,-2.311791479587554932e-01,-1.511529833078384399e-01,-5.563698709011077881e-02,1.939008384943008423e-01,-2.075585424900054932e-01,-1.809941977262496948e-01,7.539654523134231567e-02,1.801207214593887329e-01,1.405444294214248657e-01,1.566826701164245605e-01,-1.621615290641784668e-01,-2.622505426406860352e-01,-6.844763457775115967e-02,5.665477737784385681e-02,1.549998521804809570e-01,7.274144142866134644e-02,-4.920792207121849060e-02,4.261723905801773071e-02,2.534012198448181152e-01,3.197504281997680664e-01,3.299881517887115479e-01,4.107449352741241455e-01,3.548259735107421875e-01,3.197322189807891846e-01,5.868478678166866302e-03,8.936947584152221680e-02,7.687773555517196655e-02,-3.139592334628105164e-02,1.577679514884948730e-01,4.158546030521392822e-01,2.992721199989318848e-01,3.517332375049591064e-01,-1.071617100387811661e-02,2.543246746063232422e-01,1.725706905126571655e-01,2.129891961812973022e-01,6.956829130649566650e-02,7.473365217447280884e-02,1.725456118583679199e-01,3.101237416267395020e-01,3.214331343770027161e-02,2.390200346708297729e-01,1.987084597349166870e-01,4.187440872192382812e-01,2.527622319757938385e-02,1.229538917541503906e-01,-1.335182972252368927e-02,3.317994773387908936e-01,-4.894396290183067322e-02,-1.294986158609390259e-01,-3.008757531642913818e-02,-7.239601761102676392e-02,-8.344984799623489380e-02,4.529492929577827454e-03,4.722333699464797974e-02,-2.832286804914474487e-02,-1.375057101249694824e-01,-1.571592241525650024e-01,2.225233018398284912e-01,-2.088005244731903076e-01,1.961950361728668213e-01,-5.255556851625442505e-02,1.026914715766906738e-01,-6.307029724121093750e-02,2.056128904223442078e-02,-1.517244800925254822e-02,-7.276923954486846924e-02,-5.685282126069068909e-02,-6.982535868883132935e-02,-1.445267349481582642e-01,1.135881692171096802e-01,2.061568200588226318e-01,-6.063681794330477715e-04,-9.761931747198104858e-02
2.003124654293060303e-01,-8.157473057508468628e-02,3.613026738166809082e-01,9.744213521480560303e-02,-3.900276497006416321e-02,-2.255529016256332397e-01,5.171882510185241699e-01,1.009578630328178406e-01,1.009822444757446647e-04,-1.139937266707420349e-01,5.175448656082153320e-01,2.160352915525436401e-01,1.000000119209289551e+00,3.143718540668487549e-01,1.384077668190002441e-01,-5.969706550240516663e-02,2.477393597364425659e-01,2.811098396778106689e-01,1.141909509897232056e-01,1.190997194498777390e-02,1.601530238986015320e-03,-4.733400419354438782e-02,3.906944096088409424e-01,2.591706514358520508e-01,-3.701677545905113220e-02,-7.197971642017364502e-02,-5.321252346038818359e-02,-1.700227856636047363e-01,2.537261545658111572e-01,1.009855940937995911e-01,2.288454324007034302e-01,2.720653116703033447e-01,2.225506901741027832e-01,2.004043608903884888e-01,3.180262446403503418e-01,2.891404926776885986e-01,1.220207437872886658e-01,1.243319287896156311e-01,2.805874682962894440e-02,-1.262948960065841675e-01,1.184669137001037598e-01,-8.643765002489089966e-03,5.558339878916740417e-02,-3.176948055624961853e-02,6.486409902572631836e-02,4.189631715416908264e-02,-6.974018644541501999e-03,-1.711798831820487976e-03,8.064422011375427246e-02,1.875648051500320435e-01,1.394660621881484985e-01,1.647618860006332397e-01,-7.332094013690948486e-02,-9.344544261693954468e-02,-4.200389981269836426e-02,-1.596804112195968628e-01,9.965450316667556763e-02,-9.747790545225143433e-02,-5.314905196428298950e-02,-1.513043195009231567e-01,1.767524182796478271e-01,5.765646696090698242e-02,4.568978250026702881e-01,2.351389974355697632e-01,4.576079249382019043e-01,1.824457645416259766e-01,3.441281989216804504e-02,1.164882183074951172e-01,5.784991011023521423e-02,-4.120659828186035156e-02,2.426602989435195923e-01,1.627410203218460083e-01,2.199846655130386353e-01,1.545807123184204102e-01,1.216195449233055115e-01,2.006017416715621948e-02,1.422221958637237549e-01,2.136159986257553101e-01,1.499199718236923218e-01,1.224953159689903259e-01,2.557269036769866943e-01,1.255165040493011475e-01,2.068439871072769165e-02,6.012704968452453613e-02,2.834800779819488525e-01,1.161622628569602966e-01,6.230115890502929688e-02,-1.657473854720592499e-02,9.082424640655517578e-02,-1.067180633544921875e-01,-9.042927622795104980e-02,-7.908312231302261353e-02,-7.244875282049179077e-02,-9.780686348676681519e-02,-1.000947728753089905e-01,-1.125349849462509155e-01,-5.392427369952201843e-02,-1.080003380775451660e-01,-2.254412174224853516e-01,-9.036886692047119141e-02,-9.387366473674774170e-02,-1.428889334201812744e-01,-3.847365826368331909e-02,-2.359171584248542786e-02,-3.538766875863075256e-02,-8.871776610612869263e-02,-2.983191981911659241e-03,3.059911914169788361e-02,-1.073599532246589661e-01,2.153293043375015259e-02,3.128474578261375427e-02,-1.343547254800796509e-01,-9.959088265895843506e-02,-1.097831875085830688e-02,-3.903786092996597290e-02,-6.004316732287406921e-02
