1.000000476837158203e+00,5.715842247009277344e-01,4.400566220283508301e-01,4.097349941730499268e-01,1.708476990461349487e-01,7.058876752853393555e-02,4.705539643764495850e-01,3.061026632785797119e-01,1.270178407430648804e-01,2.263185940682888031e-02,4.584525525569915771e-01,2.725059390068054199e-01,3.805074095726013184e-01,2.409907579421997070e-01,2.802094221115112305e-01,1.264410316944122314e-01,4.489263594150543213e-01,2.703660130500793457e-01,6.205626726150512695e-01,5.316094756126403809e-01,1.434836685657501221e-01,1.280060261487960815e-01,2.973711490631103516e-01,2.783629596233367920e-01,1.060596555471420288e-01,5.449521914124488831e-02,1.535309851169586182e-01,1.521913111209869385e-01,4.741409122943878174e-01,2.027456611394882202e-01,2.048279196023941040e-01,2.756782472133636475e-01,4.074076712131500244e-01,2.482054978609085083e-01,-1.203429047018289566e-02,5.118535831570625305e-02,1.779603064060211182e-01,1.027520652860403061e-02,1.873352378606796265e-01,5.064685642719268799e-02,1.422011107206344604e-01,4.682122915983200073e-02,-5.915039777755737305e-02,2.159638889133930206e-02,2.026229910552501678e-02,7.860455662012100220e-02,3.129265084862709045e-02,-3.740583360195159912e-02,3.389713168144226074e-02,3.408385068178176880e-02,2.216831035912036896e-02,-3.757020086050033569e-02,-4.410708323121070862e-02,-1.658864915370941162e-01,4.588446393609046936e-02,-3.923070803284645081e-02,7.958065867424011230e-01,5.902473926544189453e-01,4.817270636558532715e-01,3.846948146820068359e-01,3.979575037956237793e-01,2.613420486450195312e-01,3.654575645923614502e-01,3.579298853874206543e-01,3.563566133379936218e-02,6.128829345107078552e-02,2.848499417304992676e-01,1.482360363006591797e-01,5.019729137420654297e-01,4.158891439437866211e-01,6.135334447026252747e-02,6.897513568401336670e-02,2.290446907281875610e-01,1.238731592893600464e-01,2.466053068637847900e-01,1.232689246535301208e-01,2.080616652965545654e-01,9.041657298803329468e-02,2.761521935462951660e-01,1.285711675882339478e-01,2.225623279809951782e-01,6.529442220926284790e-02,1.733482033014297485e-01,4.444630071520805359e-02,1.174262315034866333e-01,1.674625091254711151e-02,8.505123853683471680e-02,1.733864098787307739e-01,1.370652765035629272e-01,1.255461666733026505e-02,-4.143090546131134033e-02,-1.770540177822113037e-01,5.136159434914588928e-02,3.662049770355224609e-02,9.426397271454334259e-03,-1.230852678418159485e-01,1.832035183906555176e-01,1.927584260702133179e-01,1.538831889629364014e-01,8.258964121341705322e-02,1.983571648597717285e-01,1.284359097480773926e-01,1.902745664119720459e-01,1.620967388153076172e-01,1.115188002586364746e-01,1.092753112316131592e-01,-2.374186553061008453e-02,1.352747827768325806e-01,1.291687041521072388e-01,3.936040401458740234e-02,1.062773093581199646e-01,6.172973290085792542e-02,-6.835357286036014557e-03,7.441906630992889404e-02,8.719193935394287109e-02,-1.983868181705474854e-01
5.715842247009277344e-01,1.000000119209289551e+00,2.496889829635620117e-01,4.271128773689270020e-01,7.873406261205673218e-02,-4.534416645765304565e-02,3.057267069816589355e-01,3.911019861698150635e-01,3.131801635026931763e-02,-8.019555360078811646e-02,2.278110533952713013e-01,4.674285352230072021e-01,2.349022179841995239e-01,3.274512887001037598e-01,1.846849173307418823e-01,4.421022161841392517e-02,3.291595280170440674e-01,4.953200817108154297e-01,5.060265660285949707e-01,6.662840247154235840e-01,1.511911153793334961e-01,1.390501111745834351e-01,1.987178176641464233e-01,2.461238205432891846e-01,-3.072604164481163025e-02,-6.767106801271438599e-02,7.867363095283508301e-02,7.109212130308151245e-02,3.351092338562011719e-01,2.901345491409301758e-01,9.889430552721023560e-02,1.675132662057876587e-01,3.636542260646820068e-01,3.482375741004943848e-01,-5.002748221158981323e-02,-3.614870132878422737e-03,1.095373705029487610e-01,8.835324645042419434e-02,1.737878024578094482e-01,1.012644469738006592e-01,1.205377951264381409e-01,2.147888094186782837e-01,-6.481540203094482422e-02,1.066844351589679718e-02,1.173897180706262589e-03,5.675670877099037170e-02,6.686405837535858154e-02,-9.679162874817848206e-03,3.380718827247619629e-02,1.228070929646492004e-01,3.674254193902015686e-02,8.127635717391967773e-02,-1.010663211345672607e-01,-6.807826459407806396e-02,-4.696518648415803909e-03,2.614570967853069305e-02,5.352141857147216797e-01,7.512660026550292969e-01,4.146475791931152344e-01,4.806445837020874023e-01,2.972565591335296631e-01,4.081539809703826904e-01,3.123378157615661621e-01,4.887019991874694824e-01,-2.710300311446189880e-02,1.584786623716354370e-01,3.209136426448822021e-01,2.527607977390289307e-01,4.900205731391906738e-01,5.300250649452209473e-01,4.477703571319580078e-02,2.264557182788848877e-01,1.769180595874786377e-01,3.191187977790832520e-01,2.977316081523895264e-01,3.227350413799285889e-01,2.338829934597015381e-01,2.915278375148773193e-01,2.309664487838745117e-01,1.797922551631927490e-01,1.572356075048446655e-01,2.722691595554351807e-01,5.395109206438064575e-02,6.740067899227142334e-02,4.384154826402664185e-02,2.089274376630783081e-01,5.286557227373123169e-02,1.420204788446426392e-01,-1.084825955331325531e-03,1.662822514772415161e-01,-6.961298733949661255e-02,-1.792910099029541016e-01,6.688850373029708862e-02,-5.770019255578517914e-03,1.636508107185363770e-02,-7.795149832963943481e-02,9.877250343561172485e-02,1.587530374526977539e-01,1.739924401044845581e-01,8.945318311452865601e-02,2.213509678840637207e-01,1.147878095507621765e-01,1.610163152217864990e-01,1.512947827577590942e-01,2.096159383654594421e-02,1.371338963508605957e-01,-3.400016576051712036e-02,1.695096939802169800e-01,8.560153841972351074e-02,2.346690278500318527e-03,1.164507493376731873e-02,2.803964354097843170e-02,-7.810882478952407837e-02,-2.177592739462852478e-02,2.572377026081085205e-02,-3.321613073348999023e-01
4.400566220283508301e-01,2.496889829635620117e-01,1.000000715255737305e+00,7.359333634376525879e-01,1.854021400213241577e-01,7.902258634567260742e-02,8.285002112388610840e-01,5.938653349876403809e-01,5.821063183248043060e-03,7.412424683570861816e-02,4.414941668510437012e-01,3.139764368534088135e-01,6.194992661476135254e-01,3.817319869995117188e-01,3.787869215011596680e-01,1.969058066606521606e-01,1.456026434898376465e-01,-1.541292965412139893e-01,4.862417876720428467e-01,2.961973845958709717e-01,2.024501264095306396e-01,2.689440250396728516e-01,7.313304543495178223e-01,6.895073652267456055e-01,3.712860345840454102e-01,1.725315451622009277e-01,9.973749518394470215e-02,1.237036585807800293e-01,3.158620893955230713e-01,-2.353454940021038055e-02,4.412021934986114502e-01,4.448093473911285400e-01,3.694295287132263184e-01,3.246802985668182373e-01,2.622087597846984863e-01,2.745549678802490234e-01,9.920997917652130127e-02,-9.003754705190658569e-03,9.543628990650177002e-02,-1.174621805548667908e-01,2.208846658468246460e-01,-1.551946811378002167e-02,2.140308171510696411e-02,8.339923620223999023e-02,1.245383992791175842e-01,1.184975281357765198e-01,8.500763028860092163e-02,-2.872930094599723816e-02,1.112386882305145264e-01,1.204305365681648254e-01,1.763487905263900757e-01,1.321693211793899536e-01,7.696772366762161255e-02,-1.199112683534622192e-01,1.772702187299728394e-01,-4.864455386996269226e-02,2.468298375606536865e-01,1.264995932579040527e-01,3.365617692470550537e-01,1.882315576076507568e-01,2.807838022708892822e-01,1.264704912900924683e-01,1.890197396278381348e-01,2.900912426412105560e-02,3.961400985717773438e-01,2.244437634944915771e-01,2.948551774024963379e-01,1.003800109028816223e-01,8.327010273933410645e-02,8.686585724353790283e-02,1.152440011501312256e-01,4.068554565310478210e-02,1.504430919885635376e-01,-3.513462096452713013e-02,8.641525357961654663e-02,-7.111027836799621582e-02,-7.093758136034011841e-02,-1.116383224725723267e-01,2.166466414928436279e-01,2.392303943634033203e-02,1.035709753632545471e-01,-1.817828230559825897e-02,1.459817886352539062e-01,2.117897383868694305e-02,4.092332720756530762e-01,2.038055956363677979e-01,1.736316978931427002e-01,2.549559473991394043e-01,1.195047646760940552e-01,-2.113568037748336792e-02,3.654897212982177734e-02,-1.603219956159591675e-01,1.388957316521555185e-04,-5.061542242765426636e-02,-5.233615264296531677e-02,-1.459031999111175537e-01,7.342583686113357544e-02,3.386618942022323608e-02,9.444747865200042725e-02,-7.512533105909824371e-03,2.705756723880767822e-01,2.226848304271697998e-01,1.822791397571563721e-01,6.889643520116806030e-02,1.740697026252746582e-02,-2.545772003941237926e-04,4.245790094137191772e-02,1.255669593811035156e-01,-2.367921546101570129e-02,-4.915261641144752502e-02,8.827849291265010834e-03,-6.444589793682098389e-02,-4.557021334767341614e-02,-2.148969769477844238e-01,4.017186164855957031e-02,-1.599163115024566650e-01
4.097349941730499268e-01,4.271128773689270020e-01,7.359333634376525879e-01,1.000000357627868652e+00,2.821982800960540771e-01,2.040690332651138306e-01,7.444898486137390137e-01,8.235179185867309570e-01,4.968507215380668640e-02,1.829164475202560425e-01,4.086982905864715576e-01,5.704417824745178223e-01,5.406281948089599609e-01,6.570768356323242188e-01,3.575972318649291992e-01,3.137925267219543457e-01,1.330884248018264771e-01,-1.173544488847255707e-02,4.843459725379943848e-01,4.256137907505035400e-01,2.557014524936676025e-01,2.621591091156005859e-01,6.486171483993530273e-01,7.450332045555114746e-01,4.122717976570129395e-01,2.816304266452789307e-01,2.022364288568496704e-01,2.587202191352844238e-01,3.468773066997528076e-01,7.006432861089706421e-02,4.549387991428375244e-01,5.319706201553344727e-01,3.472658693790435791e-01,3.810962438583374023e-01,1.397808939218521118e-01,2.005800455808639526e-01,-7.403021305799484253e-02,-1.142799332737922668e-01,6.641883403062820435e-02,-1.096289977431297302e-01,1.875878572463989258e-01,-2.930874237790703773e-03,-6.966947019100189209e-02,-2.409795857965946198e-02,3.047224879264831543e-02,3.896128758788108826e-02,-2.398734726011753082e-02,-1.213681772351264954e-01,-4.600015468895435333e-03,9.334979206323623657e-02,7.509830594062805176e-02,1.050155684351921082e-01,-4.247045516967773438e-02,-2.097380608320236206e-01,5.557900294661521912e-02,-1.265590041875839233e-01,2.959088981151580811e-01,3.266335427761077881e-01,3.218286037445068359e-01,2.982440292835235596e-01,3.737395107746124268e-01,3.617335855960845947e-01,2.779556214809417725e-01,2.291938513517379761e-01,3.062919676303863525e-01,3.794091045856475830e-01,3.626852333545684814e-01,2.786865234375000000e-01,1.003130376338958740e-01,2.044034302234649658e-01,4.234199970960617065e-02,8.513905853033065796e-02,1.792190074920654297e-01,7.493472076021134853e-04,1.513713300228118896e-01,-2.123383432626724243e-02,-1.297248452901840210e-01,-1.469851285219192505e-01,2.388868480920791626e-01,1.075156591832637787e-02,1.435206830501556396e-01,5.161309987306594849e-02,1.821710616350173950e-01,1.597397029399871826e-01,3.091242611408233643e-01,2.458242923021316528e-01,1.928681880235671997e-01,3.561032712459564209e-01,7.576587796211242676e-02,3.023908007889986038e-03,-2.265093103051185608e-02,-2.811427712440490723e-01,-5.353686865419149399e-03,-1.277913749217987061e-01,-7.060053944587707520e-02,-1.379139572381973267e-01,-3.450511768460273743e-02,-6.305947154760360718e-02,1.353125832974910736e-02,-9.052772074937820435e-02,2.567178308963775635e-01,9.850926697254180908e-02,1.616698801517486572e-01,2.354763075709342957e-02,-6.672143936157226562e-02,-1.036004871129989624e-01,8.505135774612426758e-02,1.466672718524932861e-01,1.773755624890327454e-02,-1.606195718050003052e-01,-1.587768644094467163e-01,-1.646336615085601807e-01,-1.147556751966476440e-01,-2.503901720046997070e-01,-8.368091285228729248e-02,-2.902298271656036377e-01
1.708476990461349487e-01,7.873406261205673218e-02,1.854021400213241577e-01,2.821982800960540771e-01,9.999995827674865723e-01,7.460948824882507324e-01,1.869271397590637207e-01,2.312786579132080078e-01,6.552001237869262695e-01,6.565576195716857910e-01,2.890659868717193604e-01,1.736471205949783325e-01,3.463862538337707520e-01,3.514012694358825684e-01,7.086701989173889160e-01,6.898352503776550293e-01,7.992780208587646484e-02,-1.891748234629631042e-02,8.786992728710174561e-02,7.872290909290313721e-02,4.749465882778167725e-01,4.053046703338623047e-01,3.527895510196685791e-01,4.238802492618560791e-01,7.274890542030334473e-01,7.356761097908020020e-01,8.004890680313110352e-01,8.404253721237182617e-01,4.429161846637725830e-01,5.455790460109710693e-02,6.004816889762878418e-01,6.042797565460205078e-01,1.538369357585906982e-01,1.601426750421524048e-01,-3.410692512989044189e-02,-9.935444593429565430e-02,1.170721426606178284e-01,-2.951671481132507324e-01,2.646443843841552734e-01,-1.223993450403213501e-01,2.812566757202148438e-01,-2.373568564653396606e-01,-1.113878786563873291e-01,-3.073341213166713715e-02,-4.592248052358627319e-02,-3.751502558588981628e-02,-6.066910177469253540e-02,-5.757524073123931885e-02,-8.964844979345798492e-03,2.007743157446384430e-02,6.750719994306564331e-02,3.106068260967731476e-02,3.795378142967820168e-03,-3.601617738604545593e-02,5.760117992758750916e-02,-1.443945765495300293e-01,1.848593056201934814e-01,6.719124317169189453e-02,1.478568017482757568e-01,5.378391593694686890e-02,2.743445336818695068e-01,1.309950947761535645e-01,1.976660490036010742e-01,-6.136554293334484100e-03,2.578392922878265381e-01,1.818710118532180786e-01,1.581766307353973389e-01,1.183046177029609680e-01,6.309000402688980103e-02,1.046551093459129333e-01,1.127075701951980591e-01,7.432082295417785645e-02,3.374779224395751953e-01,-1.887942850589752197e-01,3.664589226245880127e-01,-1.561020910739898682e-01,9.255874902009963989e-02,-2.139740437269210815e-01,1.743659228086471558e-01,4.503221437335014343e-02,1.796822398900985718e-01,-1.024897694587707520e-01,2.708120644092559814e-01,1.025319993495941162e-01,2.989642024040222168e-01,4.602918028831481934e-02,1.594234108924865723e-01,4.510674178600311279e-01,2.718685865402221680e-01,-3.378802165389060974e-02,-1.819952577352523804e-01,-1.221588179469108582e-01,4.877604544162750244e-02,4.305773973464965820e-02,-2.902323380112648010e-02,-1.758396029472351074e-01,-5.779676884412765503e-02,-1.141420081257820129e-01,-9.579710662364959717e-02,-9.818938374519348145e-02,-7.679858058691024780e-02,2.731520682573318481e-02,-1.152892783284187317e-01,-1.466548740863800049e-01,-8.940676599740982056e-02,-2.655508816242218018e-01,4.345560073852539062e-02,-5.499077960848808289e-02,2.905362285673618317e-03,-1.035703346133232117e-01,-7.877460122108459473e-02,-1.149787679314613342e-01,-8.255473524332046509e-02,-3.029312379658222198e-02,-1.775167584419250488e-01,-1.688566207885742188e-01
7.058876752853393555e-02,-4.534416645765304565e-02,7.902258634567260742e-02,2.040690332651138306e-01,7.460948824882507324e-01,1.000000000000000000e+00,5.712386220693588257e-02,1.502647995948791504e-01,6.995513439178466797e-01,8.603243827819824219e-01,2.955413460731506348e-01,1.088385581970214844e-01,2.339590936899185181e-01,3.381683528423309326e-01,6.017349958419799805e-01,7.914775013923645020e-01,-9.731878526508808136e-03,-7.373104244470596313e-02,-4.199301823973655701e-02,1.834541931748390198e-02,3.755808174610137939e-01,3.289038240909576416e-01,2.293753772974014282e-01,3.294334411621093750e-01,6.958267092704772949e-01,8.300791978836059570e-01,6.891217231750488281e-01,7.791447639465332031e-01,3.373791277408599854e-01,-4.638636112213134766e-02,4.782862961292266846e-01,5.016347765922546387e-01,5.223355814814567566e-02,3.739616647362709045e-02,-1.708305329084396362e-01,-3.283302113413810730e-02,-1.966073922812938690e-02,-3.941653370857238770e-01,9.634796530008316040e-02,-1.725765317678451538e-01,5.400231480598449707e-02,-4.935446679592132568e-01,-5.433931201696395874e-02,-6.301006674766540527e-02,-4.318559076637029648e-03,-1.279725343920290470e-03,-9.687563776969909668e-02,-8.285636454820632935e-02,4.707255586981773376e-02,5.599128082394599915e-02,5.989559739828109741e-02,1.009209360927343369e-02,5.431711673736572266e-02,2.692291140556335449e-02,-5.042704194784164429e-02,-2.075133621692657471e-01,8.573913574218750000e-02,-4.647939279675483704e-02,1.065295469015836716e-02,-1.815950311720371246e-02,9.709270298480987549e-02,1.344899460673332214e-02,8.318277448415756226e-02,-7.598742842674255371e-02,4.956600442528724670e-02,7.227733731269836426e-02,-4.994470998644828796e-02,-1.668707653880119324e-02,3.204444656148552895e-04,8.370045572519302368e-02,1.605309993028640747e-01,-9.827782958745956421e-02,2.895831167697906494e-01,-4.680277705192565918e-01,1.714966595172882080e-01,-3.564852476119995117e-01,-4.157941788434982300e-02,-3.604185283184051514e-01,5.049376189708709717e-02,-8.413253724575042725e-02,9.591457992792129517e-02,-2.645870149135589600e-01,3.779773712158203125e-01,1.342817097902297974e-01,1.273909807205200195e-01,-1.294116973876953125e-01,1.658983826637268066e-01,4.238288402557373047e-01,1.808873862028121948e-01,-1.329026073217391968e-01,-1.266517788171768188e-01,-7.311850041151046753e-02,1.405446976423263550e-01,1.347772032022476196e-01,-4.852121695876121521e-02,-1.808347105979919434e-01,-1.397821158170700073e-01,-2.766080796718597412e-01,-1.262952238321304321e-01,-1.296794116497039795e-01,-1.208362653851509094e-01,-1.402115728706121445e-02,-2.286541014909744263e-01,-2.554824054241180420e-01,-2.485410273075103760e-01,-4.147504568099975586e-01,-3.815433755517005920e-02,-2.294777184724807739e-01,-3.127203509211540222e-02,-1.304342597723007202e-01,-1.568648219108581543e-01,-4.361078143119812012e-02,-5.812003090977668762e-02,-1.725919172167778015e-02,-3.360640406608581543e-01,-1.279144436120986938e-01
4.705539643764495850e-01,3.057267069816589355e-01,8.285002112388610840e-01,7.444898486137390137e-01,1.869271397590637207e-01,5.712386220693588257e-02,9.999997019767761230e-01,6.527862548828125000e-01,-1.170582138001918793e-02,5.129879340529441833e-02,5.083166956901550293e-01,3.729043900966644287e-01,7.028923034667968750e-01,4.681892096996307373e-01,3.420871198177337646e-01,1.404780596494674683e-01,2.146136313676834106e-01,-8.259844779968261719e-02,4.871616661548614502e-01,3.512173891067504883e-01,1.813936531543731689e-01,2.031309157609939575e-01,6.640438437461853027e-01,6.785447597503662109e-01,3.542530536651611328e-01,1.811836063861846924e-01,7.082745432853698730e-02,1.079227551817893982e-01,3.879213631153106689e-01,-3.687864169478416443e-03,4.532808363437652588e-01,4.854348897933959961e-01,3.749506175518035889e-01,3.255821168422698975e-01,1.612764894962310791e-01,1.439339667558670044e-01,4.864118993282318115e-03,-1.157276034355163574e-01,1.119526624679565430e-01,-1.674010008573532104e-01,1.891413331031799316e-01,-6.596908904612064362e-03,-9.678734838962554932e-02,-5.164990574121475220e-02,2.286593057215213776e-02,-1.244228519499301910e-02,-4.511644318699836731e-02,-1.779911816120147705e-01,-1.318357326090335846e-02,-9.228368289768695831e-03,4.358669742941856384e-02,1.699298992753028870e-02,-6.456363946199417114e-02,-2.788768708705902100e-01,5.031863600015640259e-02,-1.913494169712066650e-01,3.282383680343627930e-01,2.275948971509933472e-01,3.573515117168426514e-01,2.313308864831924438e-01,4.137686192989349365e-01,2.400255948305130005e-01,3.053348064422607422e-01,1.483176797628402710e-01,3.333701789379119873e-01,2.463767379522323608e-01,3.270313739776611328e-01,1.625436395406723022e-01,1.056285873055458069e-01,1.317376345396041870e-01,6.140298768877983093e-02,2.496245317161083221e-02,1.699692308902740479e-01,2.147939288988709450e-03,1.314760595560073853e-01,-6.054973229765892029e-02,-3.757431730628013611e-02,-1.131293401122093201e-01,2.552759945392608643e-01,2.622731402516365051e-02,9.023742377758026123e-02,-5.683722347021102905e-02,1.240567639470100403e-01,7.253354787826538086e-02,3.096433579921722412e-01,9.515020996332168579e-02,1.485574543476104736e-01,2.309620678424835205e-01,5.201246216893196106e-02,-1.082377508282661438e-01,-6.110839173197746277e-02,-3.145739138126373291e-01,-9.746601432561874390e-02,-2.108159065246582031e-01,-5.146152526140213013e-02,-1.088211387395858765e-01,2.069867961108684540e-02,-3.456977009773254395e-02,-8.853552863001823425e-03,-1.474948525428771973e-01,2.244303375482559204e-01,7.184068858623504639e-02,1.731773763895034790e-01,2.276885323226451874e-02,-4.925609380006790161e-02,-6.945953518152236938e-02,7.653451710939407349e-02,2.233607918024063110e-01,2.845891751348972321e-02,-5.483822524547576904e-02,-6.868524104356765747e-02,-1.400523781776428223e-01,-1.381268799304962158e-01,-2.588691413402557373e-01,-2.608335949480533600e-02,-1.741839647293090820e-01
3.061026632785797119e-01,3.911019861698150635e-01,5.938653349876403809e-01,8.235179185867309570e-01,2.312786579132080078e-01,1.502647995948791504e-01,6.527862548828125000e-01,1.000000834465026855e+00,-9.119754284620285034e-02,1.137373745441436768e-01,2.983045876026153564e-01,6.661998629570007324e-01,4.603005349636077881e-01,7.401533722877502441e-01,2.237264662981033325e-01,2.663343250751495361e-01,5.901908129453659058e-02,-2.556167170405387878e-02,3.467526733875274658e-01,3.095910549163818359e-01,1.895115822553634644e-01,1.979657560586929321e-01,5.719742774963378906e-01,7.171569466590881348e-01,3.839862346649169922e-01,2.556456625461578369e-01,1.731786876916885376e-01,2.270849049091339111e-01,2.662691175937652588e-01,7.777060568332672119e-02,4.476743638515472412e-01,5.136204957962036133e-01,2.779233157634735107e-01,3.753312826156616211e-01,1.251073330640792847e-01,1.465646177530288696e-01,-1.572137475013732910e-01,-1.657170653343200684e-01,2.182591147720813751e-02,-1.302684545516967773e-01,2.132885009050369263e-01,2.083099447190761566e-02,-1.340630501508712769e-01,-5.100010335445404053e-02,-4.791726544499397278e-02,2.680220454931259155e-02,-7.928410917520523071e-02,-1.498118489980697632e-01,-5.955175310373306274e-02,1.300018429756164551e-01,4.380796477198600769e-02,1.436075866222381592e-01,-8.766700327396392822e-02,-2.549448013305664062e-01,-6.992467213422060013e-03,-1.584228128194808960e-01,2.198320478200912476e-01,3.100085854530334473e-01,2.991275191307067871e-01,3.390515446662902832e-01,4.065092802047729492e-01,4.553210139274597168e-01,2.589513659477233887e-01,2.529187202453613281e-01,3.041713237762451172e-01,4.859271645545959473e-01,3.581219911575317383e-01,3.639215826988220215e-01,-4.989373683929443359e-02,1.200940236449241638e-01,2.778440713882446289e-02,1.423178613185882568e-01,1.424487829208374023e-01,4.781505092978477478e-02,1.663320809602737427e-01,3.957711625844240189e-03,-2.104501724243164062e-01,-1.789583563804626465e-01,1.905876100063323975e-01,-1.320361439138650894e-02,1.004935801029205322e-01,6.771072000265121460e-02,8.685392141342163086e-02,2.151280194520950317e-01,2.113206386566162109e-01,2.736947834491729736e-01,7.149351388216018677e-02,2.684587538242340088e-01,-2.627369947731494904e-02,1.150028593838214874e-02,-9.287939965724945068e-02,-3.538231849670410156e-01,-1.077884063124656677e-01,-2.505179345607757568e-01,-5.848243460059165955e-02,-1.207194253802299500e-01,-1.045451536774635315e-01,-1.575769335031509399e-01,-8.006587624549865723e-02,-1.273413002490997314e-01,2.056147605180740356e-01,-7.131172809749841690e-03,1.068500429391860962e-01,-5.960084497928619385e-03,-8.734992146492004395e-02,-1.456168591976165771e-01,7.917905598878860474e-02,1.294103860855102539e-01,2.239639870822429657e-03,-1.778889447450637817e-01,-2.407811880111694336e-01,-2.479061335325241089e-01,-1.642988026142120361e-01,-2.810240089893341064e-01,-1.006885245442390442e-01,-2.828609049320220947e-01
1.270178407430648804e-01,3.131801635026931763e-02,5.821063183248043060e-03,4.968507215380668640e-02,6.552001237869262695e-01,6.995513439178466797e-01,-1.170582138001918793e-02,-9.119754284620285034e-02,9.999992847442626953e-01,7.107897996902465820e-01,3.620058000087738037e-01,-3.116888180375099182e-02,2.593415677547454834e-01,1.115274205803871155e-01,6.590711474418640137e-01,5.843390226364135742e-01,6.339006870985031128e-02,1.024621576070785522e-01,5.945248901844024658e-02,1.418782621622085571e-01,2.719760537147521973e-01,1.883549094200134277e-01,1.775900721549987793e-01,1.315758079290390015e-01,5.104460120201110840e-01,5.672090053558349609e-01,6.133958101272583008e-01,5.985070466995239258e-01,3.100086748600006104e-01,7.520683854818344116e-02,3.589352965354919434e-01,3.296217918395996094e-01,1.899169385433197021e-01,1.211701035499572754e-01,-4.625481367111206055e-02,-2.998718805611133575e-02,9.873551130294799805e-02,-1.765532642602920532e-01,1.491297781467437744e-01,-5.551740154623985291e-02,-7.465914636850357056e-02,-2.948109507560729980e-01,-6.259895861148834229e-02,-8.629509806632995605e-02,2.319371141493320465e-02,-6.343915313482284546e-02,-6.637988984584808350e-02,-8.465923368930816650e-02,7.006033509969711304e-02,-3.251292556524276733e-02,2.678426727652549744e-02,-7.003960758447647095e-02,1.454831659793853760e-02,1.298001557588577271e-01,-7.245591282844543457e-02,-1.283621788024902344e-01,1.556565314531326294e-01,5.544082075357437134e-02,6.336678564548492432e-02,-4.779224097728729248e-02,1.657807230949401855e-01,9.836705774068832397e-02,9.517712891101837158e-02,4.288434609770774841e-02,8.775632828474044800e-02,3.075850196182727814e-03,-1.371584832668304443e-02,-6.854604929685592651e-02,2.107663899660110474e-01,1.422035247087478638e-01,1.113786250352859497e-01,-7.539594173431396484e-02,2.691116333007812500e-01,-2.615425288677215576e-01,2.113426029682159424e-01,-1.286559551954269409e-01,1.692906171083450317e-01,-1.013034656643867493e-01,9.243200719356536865e-02,4.658255726099014282e-02,6.519026309251785278e-02,-1.420692205429077148e-01,3.566093146800994873e-01,-8.433030918240547180e-03,1.261762380599975586e-01,-1.123613119125366211e-01,1.588041484355926514e-01,3.400369882583618164e-01,2.279093265533447266e-01,-4.022775217890739441e-02,-1.546359658241271973e-01,6.186755001544952393e-02,2.417287677526473999e-01,3.124140202999114990e-01,-5.195980146527290344e-02,-1.675252914428710938e-01,-4.437611624598503113e-02,-7.285407930612564087e-02,-9.525991231203079224e-02,-9.120442718267440796e-02,-2.226700484752655029e-01,9.447321295738220215e-02,-2.773786187171936035e-01,-2.030296772718429565e-01,-1.912954002618789673e-01,-2.591434419155120850e-01,-8.296741545200347900e-02,-1.196013540029525757e-01,2.865786291658878326e-02,-5.533346906304359436e-02,-4.098789766430854797e-02,-4.110675770789384842e-03,-5.375517159700393677e-02,1.603299565613269806e-02,-2.377356886863708496e-01,-7.919828593730926514e-02
2.263185940682888031e-02,-8.019555360078811646e-02,7.412424683570861816e-02,1.829164475202560425e-01,6.565576195716857910e-01,8.603243827819824219e-01,5.129879340529441833e-02,1.137373745441436768e-01,7.107897996902465820e-01,1.000000238418579102e+00,3.249643743038177490e-01,8.353777229785919189e-02,2.429086863994598389e-01,3.237002789974212646e-01,5.926204323768615723e-01,7.647691965103149414e-01,-6.475612521171569824e-02,-8.996386826038360596e-02,-9.161202609539031982e-02,-1.022910978645086288e-02,3.360362648963928223e-01,2.819218337535858154e-01,2.177823632955551147e-01,3.066621422767639160e-01,6.634224653244018555e-01,8.056890368461608887e-01,5.894675850868225098e-01,6.805864572525024414e-01,2.752468883991241455e-01,-9.810112416744232178e-02,4.159142076969146729e-01,4.198180139064788818e-01,4.645045474171638489e-02,2.218049950897693634e-02,-1.717301160097122192e-01,8.269192650914192200e-03,-6.619667261838912964e-02,-3.840715587139129639e-01,3.769974783062934875e-02,-1.758797317743301392e-01,-5.745064839720726013e-02,-5.369359254837036133e-01,-7.477203756570816040e-02,-1.285370290279388428e-01,-5.997580941766500473e-03,-3.511717915534973145e-02,-1.435135900974273682e-01,-1.425631791353225708e-01,5.811686441302299500e-02,3.384213149547576904e-02,2.045198157429695129e-02,-2.823074720799922943e-02,2.624010853469371796e-02,2.410871721804141998e-02,-1.181937009096145630e-01,-2.457096576690673828e-01,2.293230779469013214e-02,-8.153784275054931641e-02,-1.765933819115161896e-02,-6.716774404048919678e-02,6.874527782201766968e-02,1.104396861046552658e-02,2.961428835988044739e-02,-8.629119396209716797e-02,3.287010267376899719e-02,5.209749191999435425e-02,-1.152485385537147522e-01,-7.961571961641311646e-02,-4.498387500643730164e-02,2.515562437474727631e-02,1.482063233852386475e-01,-1.897718161344528198e-01,2.393975555896759033e-01,-5.361614227294921875e-01,7.637131959199905396e-02,-4.069905877113342285e-01,-8.625880628824234009e-02,-3.761395812034606934e-01,2.331459522247314453e-02,-9.896982461214065552e-02,4.341357573866844177e-02,-2.687111496925354004e-01,3.959958553314208984e-01,1.098868250846862793e-01,8.650808036327362061e-02,-1.570701450109481812e-01,1.922617554664611816e-01,4.313065707683563232e-01,1.522292643785476685e-01,-1.650844663381576538e-01,-1.418018788099288940e-01,-6.289752572774887085e-02,1.672500669956207275e-01,1.618957817554473877e-01,-1.175887063145637512e-01,-2.080902606248855591e-01,-2.158199697732925415e-01,-3.211284577846527100e-01,-1.808527112007141113e-01,-1.741877496242523193e-01,-1.586741209030151367e-01,-2.148281596601009369e-02,-2.977376878261566162e-01,-3.118195235729217529e-01,-3.123896718025207520e-01,-4.680631160736083984e-01,-5.541289225220680237e-02,-2.234334498643875122e-01,-6.578715890645980835e-02,-1.688982397317886353e-01,-2.121681869029998779e-01,-7.112684845924377441e-02,-9.641370177268981934e-02,-6.273007392883300781e-02,-4.053205549716949463e-01,-1.054385155439376831e-01
4.584525525569915771e-01,2.278110533952713013e-01,4.414941668510437012e-01,4.086982905864715576e-01,2.890659868717193604e-01,2.955413460731506348e-01,5.083166956901550293e-01,2.983045876026153564e-01,3.620058000087738037e-01,3.249643743038177490e-01,9.999997019767761230e-01,3.216566443443298340e-01,6.654568314552307129e-01,4.252145886421203613e-01,4.680097401142120361e-01,3.189947009086608887e-01,2.893266975879669189e-01,1.058661341667175293e-01,3.532264530658721924e-01,2.925489842891693115e-01,1.427436023950576782e-01,7.709518820047378540e-02,4.307780563831329346e-01,3.926794826984405518e-01,3.611911833286285400e-01,2.814228534698486328e-01,2.159397304058074951e-01,2.077449560165405273e-01,4.659483134746551514e-01,1.198369711637496948e-01,3.735057413578033447e-01,3.620613813400268555e-01,3.221586644649505615e-01,1.858522891998291016e-01,-1.339099719189107418e-03,7.874899357557296753e-02,1.975616253912448883e-02,-2.095623612403869629e-01,2.471816353499889374e-02,-1.481234878301620483e-01,-4.291912168264389038e-02,-1.749144494533538818e-01,-1.145294234156608582e-01,-1.256673634052276611e-01,3.214582055807113647e-02,5.569761153310537338e-03,-9.070774167776107788e-02,-1.913393437862396240e-01,3.848975524306297302e-02,-1.335928123444318771e-02,-1.544596720486879349e-02,-6.704231351613998413e-02,-4.763962700963020325e-02,-1.650338172912597656e-01,-2.688063494861125946e-02,-1.983077377080917358e-01,4.142942428588867188e-01,2.424910515546798706e-01,2.555911540985107422e-01,1.472108513116836548e-01,4.782196879386901855e-01,2.459519505500793457e-01,4.134192764759063721e-01,2.950908243656158447e-01,1.509992778301239014e-01,9.309267997741699219e-02,1.009068712592124939e-01,4.925050307065248489e-03,1.672963201999664307e-01,8.685661852359771729e-02,5.595678091049194336e-02,-8.592570573091506958e-02,1.815919429063796997e-01,-2.030525207519531250e-01,6.380215287208557129e-02,-1.062636822462081909e-01,7.946458458900451660e-02,-1.547440439462661743e-01,2.014972120523452759e-01,4.931661859154701233e-02,1.594901084899902344e-01,-8.847818523645401001e-02,2.904283106327056885e-01,9.533635526895523071e-02,1.577600240707397461e-01,-8.865695446729660034e-02,1.823821961879730225e-01,2.633661925792694092e-01,1.639619767665863037e-01,-1.063183173537254333e-01,-9.797387570142745972e-02,-1.639762967824935913e-01,4.049352928996086121e-02,2.643200382590293884e-02,-8.118093758821487427e-02,-1.719875931739807129e-01,-5.041560530662536621e-02,-6.166546046733856201e-02,-3.645075112581253052e-02,-1.069249212741851807e-01,5.556328594684600830e-02,2.738267183303833008e-02,4.072323907166719437e-03,-4.939904436469078064e-02,-9.211388975381851196e-02,-1.731211841106414795e-01,3.402990847826004028e-02,5.850929766893386841e-02,1.196808964014053345e-01,-9.607200324535369873e-02,-1.086302995681762695e-01,-3.288213908672332764e-02,-6.414756178855895996e-02,-2.452138438820838928e-02,-9.527525305747985840e-02,-7.162117958068847656e-02
2.725059390068054199e-01,4.674285352230072021e-01,3.139764368534088135e-01,5.704417824745178223e-01,1.736471205949783325e-01,1.088385581970214844e-01,3.729043900966644287e-01,6.661998629570007324e-01,-3.116888180375099182e-02,8.353777229785919189e-02,3.216566443443298340e-01,1.000000119209289551e+00,3.661892712116241455e-01,7.343382239341735840e-01,2.403543442487716675e-01,3.030818998813629150e-01,9.653778374195098877e-02,2.131072133779525757e-01,3.060896992683410645e-01,3.357321918010711670e-01,1.793341636657714844e-01,1.261898279190063477e-01,4.429989159107208252e-01,5.420907735824584961e-01,2.573426961898803711e-01,1.450054943561553955e-01,1.942506879568099976e-01,1.865155100822448730e-01,2.817091941833496094e-01,3.288596868515014648e-01,3.801508843898773193e-01,4.011214375495910645e-01,3.385080099105834961e-01,4.088785946369171143e-01,4.008876159787178040e-02,9.862476587295532227e-02,-8.659635484218597412e-02,-1.149828210473060608e-01,3.032011166214942932e-02,-1.029680222272872925e-01,1.859039962291717529e-01,1.011587381362915039e-01,-1.340019702911376953e-01,-2.047362178564071655e-02,-4.559548944234848022e-02,7.540008425712585449e-02,-6.000197608955204487e-04,-3.550782054662704468e-02,5.271721631288528442e-03,1.746623814105987549e-01,9.445799142122268677e-02,1.638908386230468750e-01,-3.128625825047492981e-02,-1.463692784309387207e-01,6.913461536169052124e-02,2.358958823606371880e-03,2.130150645971298218e-01,3.432198166847229004e-01,2.720141112804412842e-01,2.317114323377609253e-01,4.001383185386657715e-01,4.245636463165283203e-01,2.888470292091369629e-01,3.004717826843261719e-01,2.211546599864959717e-01,3.607476949691772461e-01,2.340996414422988892e-01,2.694628834724426270e-01,-1.185525953769683838e-02,9.763763844966888428e-02,-2.964770235121250153e-02,2.024838030338287354e-01,1.738464236259460449e-01,1.595176011323928833e-01,2.108010351657867432e-01,1.630600392818450928e-01,-9.532333165407180786e-02,-4.430187866091728210e-02,1.619620025157928467e-01,1.257076859474182129e-01,1.151415333151817322e-01,1.638908386230468750e-01,1.064362600445747375e-01,3.121142983436584473e-01,1.704569905996322632e-01,3.228615224361419678e-01,6.608446687459945679e-02,2.775523066520690918e-01,-8.554846048355102539e-03,1.091766059398651123e-01,-6.771049648523330688e-02,-1.689061224460601807e-01,-5.352068692445755005e-02,-1.318541765213012695e-01,1.325412560254335403e-02,-4.907860606908798218e-02,-8.048451691865921021e-02,-7.064777612686157227e-02,3.013279056176543236e-03,1.575110852718353271e-02,1.437677890062332153e-01,-1.312434673309326172e-03,6.692854315042495728e-02,2.022292837500572205e-02,-4.866319149732589722e-02,-7.048508524894714355e-02,4.457052052021026611e-02,8.330910652875900269e-02,8.249817043542861938e-02,-1.341716796159744263e-01,-2.446737289428710938e-01,-1.546011120080947876e-01,-7.230452448129653931e-02,-1.067688763141632080e-01,-1.612555235624313354e-02,-2.605675756931304932e-01
3.805074095726013184e-01,2.349022179841995239e-01,6.194992661476135254e-01,5.406281948089599609e-01,3.463862538337707520e-01,2.339590936899185181e-01,7.028923034667968750e-01,4.603005349636077881e-01,2.593415677547454834e-01,2.429086863994598389e-01,6.654568314552307129e-01,3.661892712116241455e-01,9.999997615814208984e-01,5.025073885917663574e-01,5.743342638015747070e-01,2.879453301429748535e-01,2.203828841447830200e-01,2.404860779643058777e-02,3.752297461032867432e-01,2.885811626911163330e-01,2.324863225221633911e-01,1.868369877338409424e-01,6.748868823051452637e-01,6.462974548339843750e-01,4.812799096107482910e-01,3.162809908390045166e-01,2.342124432325363159e-01,2.402739077806472778e-01,4.712856411933898926e-01,7.573879510164260864e-02,5.592875480651855469e-01,5.677807927131652832e-01,3.874897956848144531e-01,3.303395807743072510e-01,1.269222050905227661e-01,8.872321248054504395e-02,-2.741237403824925423e-03,-2.030322849750518799e-01,9.918372333049774170e-02,-2.435106188058853149e-01,1.368557512760162354e-01,-9.113311022520065308e-02,-1.891480237245559692e-01,-1.294643133878707886e-01,-1.026987005025148392e-02,-8.344911783933639526e-02,-7.840031385421752930e-02,-2.244295477867126465e-01,-5.052987020462751389e-03,-3.281331434845924377e-02,1.982745248824357986e-03,-6.023363675922155380e-03,-1.158928647637367249e-01,-2.158911824226379395e-01,1.952701807022094727e-02,-2.455028593540191650e-01,2.580771744251251221e-01,1.480716317892074585e-01,2.511059641838073730e-01,4.747903719544410706e-02,4.540083706378936768e-01,2.131863832473754883e-01,3.849545717239379883e-01,1.439082324504852295e-01,3.546202480792999268e-01,1.883297264575958252e-01,1.702615022659301758e-01,3.468897659331560135e-03,5.110791698098182678e-02,2.230582013726234436e-02,1.117978990077972412e-01,6.087468191981315613e-02,2.534993588924407959e-01,-7.189399749040603638e-02,2.008691877126693726e-01,-8.330637216567993164e-02,7.899862527847290039e-02,-9.202939271926879883e-02,2.584863007068634033e-01,6.633880734443664551e-02,1.486795693635940552e-01,-1.893468201160430908e-02,1.854398548603057861e-01,1.237849667668342590e-01,3.742369413375854492e-01,7.822144776582717896e-02,1.185554116964340210e-01,3.052851855754852295e-01,8.061209321022033691e-02,-1.396532207727432251e-01,-2.018660306930541992e-01,-2.727264463901519775e-01,-1.120599135756492615e-01,-1.762756556272506714e-01,-7.728141546249389648e-02,-1.597597599029541016e-01,-7.196795195341110229e-02,-1.190010756254196167e-01,-9.492362290620803833e-02,-1.575379967689514160e-01,7.506961375474929810e-02,2.864577434957027435e-02,5.503199063241481781e-03,-7.121175527572631836e-02,-1.552905887365341187e-01,-1.805843114852905273e-01,8.885917067527770996e-02,1.788394600152969360e-01,1.963554881513118744e-02,-1.006440967321395874e-01,-1.299356073141098022e-01,-1.482854783535003662e-01,-2.128835618495941162e-01,-2.565906047821044922e-01,-1.268154829740524292e-01,-2.312782555818557739e-01
