9.999998211860656738e-01,4.988790750503540039e-01,3.102871179580688477e-01,1.877912878990173340e-01,-2.723803222179412842e-01,-1.990757584571838379e-01,2.994044125080108643e-01,7.788493484258651733e-02,-1.161553561687469482e-01,-1.216541752219200134e-01,4.296098947525024414e-01,3.010128438472747803e-01,3.195592463016510010e-01,-3.559807687997817993e-02,-8.198356628417968750e-02,-3.000820875167846680e-01,3.230532407760620117e-01,3.592232763767242432e-01,2.205528765916824341e-01,2.689363956451416016e-01,5.334949493408203125e-02,-2.101030573248863220e-02,3.170745819807052612e-02,-2.150738686323165894e-01,-2.965093776583671570e-02,-1.923696510493755341e-02,-2.726007401943206787e-01,-1.293818950653076172e-01,2.180616259574890137e-01,2.091877609491348267e-01,-1.584998369216918945e-01,-1.157971397042274475e-01,3.096069097518920898e-01,1.828090250492095947e-01,-1.368440240621566772e-01,-9.827580302953720093e-02,1.817456930875778198e-01,8.064881712198257446e-02,8.608689159154891968e-02,9.676648676395416260e-02,2.189618796110153198e-01,1.405072212219238281e-01,4.656701385974884033e-01,3.599583208560943604e-01,3.399139046669006348e-01,4.072967469692230225e-01,3.420764207839965820e-01,1.495063453912734985e-01,4.603702127933502197e-01,4.871388971805572510e-01,5.340598225593566895e-01,3.805660903453826904e-01,4.729466140270233154e-01,3.814879357814788818e-01,1.263087838888168335e-01,6.827254779636859894e-03,6.049062609672546387e-01,4.753221571445465088e-01,4.418692290782928467e-01,5.115304589271545410e-01,4.128587245941162109e-01,3.395897448062896729e-01,2.243305295705795288e-01,1.733531206846237183e-01,4.277153313159942627e-01,4.069131314754486084e-01,4.134180843830108643e-01,3.989500999450683594e-01,5.906830430030822754e-01,5.470696687698364258e-01,1.061241887509822845e-02,-1.602928154170513153e-02,2.092017978429794312e-01,8.564355969429016113e-02,-3.719294443726539612e-02,-9.769829362630844116e-02,8.641877770423889160e-02,-2.402472496032714844e-02,2.672068178653717041e-01,3.679787516593933105e-01,3.856443464756011963e-01,3.994729220867156982e-01,2.719405591487884521e-01,5.739739909768104553e-02,4.616401493549346924e-01,4.129014909267425537e-01,1.998682916164398193e-01,-4.160422831773757935e-02,3.765268325805664062e-01,1.524202227592468262e-01,3.170957863330841064e-01,4.339783266186714172e-02,4.510541558265686035e-01,2.266435921192169189e-01,5.783195141702890396e-03,6.520318984985351562e-02,9.843873977661132812e-02,-5.692772567272186279e-02,2.203215658664703369e-01,-7.319366931915283203e-02,2.655811309814453125e-01,1.108411848545074463e-01,6.483650952577590942e-02,-1.135202310979366302e-02,2.531672418117523193e-01,1.713351607322692871e-01,7.922311127185821533e-02,4.224424809217453003e-02,-3.695762250572443008e-03,-2.052858769893646240e-01,-4.756537824869155884e-02,2.238996177911758423e-01,2.687361836433410645e-01,3.337582647800445557e-01,3.082424104213714600e-01,1.278489530086517334e-01
4.988790750503540039e-01,9.999998211860656738e-01,4.670852422714233398e-01,3.643980324268341064e-01,-1.480207443237304688e-01,-1.038872897624969482e-01,4.728966057300567627e-01,3.659641146659851074e-01,-2.744853310286998749e-02,-4.331841319799423218e-02,1.409018486738204956e-01,6.802719235420227051e-01,2.886254489421844482e-01,4.004806876182556152e-01,-4.937564372085034847e-04,-1.127650663256645203e-01,2.508113980293273926e-01,4.083613157272338867e-01,2.339189350605010986e-01,3.968365490436553955e-01,1.201101467013359070e-01,7.730600982904434204e-02,1.573157757520675659e-01,-2.909919433295726776e-02,1.396684944629669189e-01,8.522317558526992798e-02,-6.610294431447982788e-02,4.236382991075515747e-02,1.937070786952972412e-01,3.608626127243041992e-01,-6.155980378389358521e-02,-9.422963485121726990e-03,4.069336950778961182e-01,4.412280023097991943e-01,-1.091453582048416138e-01,1.414078846573829651e-02,2.710015177726745605e-01,2.377482056617736816e-01,1.480341851711273193e-01,2.596889734268188477e-01,2.529803812503814697e-01,1.319410800933837891e-01,3.088498711585998535e-01,1.898773908615112305e-01,2.127429395914077759e-01,3.662301003932952881e-01,7.604338228702545166e-02,7.597238570451736450e-02,2.908487021923065186e-01,4.869549274444580078e-01,2.911637127399444580e-01,4.161159098148345947e-01,1.932513117790222168e-01,3.867302834987640381e-01,1.202394887804985046e-01,1.600333899259567261e-01,1.726632863283157349e-01,7.107967138290405273e-01,3.630998730659484863e-01,4.792761802673339844e-01,1.282539218664169312e-01,4.794725775718688965e-01,5.577584728598594666e-02,2.118255048990249634e-01,2.976915240287780762e-01,4.005720317363739014e-01,3.516979217529296875e-01,3.941462039947509766e-01,3.434579372406005859e-01,6.468642354011535645e-01,-5.837922915816307068e-03,9.008447825908660889e-02,1.582444757223129272e-01,2.697813212871551514e-01,-3.297843039035797119e-02,2.829252555966377258e-02,2.119977176189422607e-01,1.739237904548645020e-01,1.877820342779159546e-01,1.252734959125518799e-01,2.624236345291137695e-01,3.499571084976196289e-01,2.544192969799041748e-01,2.982645928859710693e-01,3.299132287502288818e-01,4.147543609142303467e-01,1.847676634788513184e-01,2.256749570369720459e-01,2.942507266998291016e-01,4.751923382282257080e-01,-2.562010660767555237e-02,3.037459552288055420e-01,1.906318664550781250e-01,5.572932362556457520e-01,7.411653548479080200e-02,2.280102968215942383e-01,1.022896692156791687e-01,1.351505964994430542e-01,-9.153112187050282955e-04,1.086384281516075134e-01,1.040603220462799072e-01,3.934382796287536621e-01,-4.852003231644630432e-02,8.775947988033294678e-02,1.578385829925537109e-01,2.684382796287536621e-01,1.308188140392303467e-01,8.241271972656250000e-02,5.794462561607360840e-02,-8.625927567481994629e-02,2.039168216288089752e-02,1.992245167493820190e-01,2.625347077846527100e-01,2.172565311193466187e-01,1.914497762918472290e-01,1.011284589767456055e-01
3.102871179580688477e-01,4.670852422714233398e-01,1.000000476837158203e+00,6.851040124893188477e-01,-6.027446687221527100e-02,-3.983937948942184448e-02,6.888039708137512207e-01,5.257930755615234375e-01,2.386844307184219360e-01,1.019103527069091797e-01,5.971528217196464539e-02,3.470754325389862061e-01,4.651163518428802490e-01,2.521370649337768555e-01,1.606317311525344849e-01,1.298564579337835312e-02,1.126043722033500671e-01,2.257232218980789185e-01,1.259969919919967651e-01,4.009567499160766602e-01,-3.211368620395660400e-02,1.027687564492225647e-01,5.810313820838928223e-01,2.121489644050598145e-01,2.417178303003311157e-01,1.792349666357040405e-01,4.938338696956634521e-02,7.628647983074188232e-02,2.225310206413269043e-01,2.038259804248809814e-01,2.751441001892089844e-01,2.866597175598144531e-01,3.809979856014251709e-01,4.519774317741394043e-01,1.486847698688507080e-01,1.179337725043296814e-01,1.764359772205352783e-01,2.319308817386627197e-01,1.846718937158584595e-01,2.498304545879364014e-01,1.083322390913963318e-01,9.548624604940414429e-02,1.609240919351577759e-01,1.164874807000160217e-01,3.644775971770286560e-02,1.047038137912750244e-01,1.156205981969833374e-01,1.794329285621643066e-01,9.488555043935775757e-02,1.052496358752250671e-01,1.520301997661590576e-01,1.491047739982604980e-01,1.333004832267761230e-01,1.542304754257202148e-01,1.469807624816894531e-01,1.710205078125000000e-01,8.972655236721038818e-02,4.212374389171600342e-01,7.104445993900299072e-02,1.563256531953811646e-01,-6.226130947470664978e-02,1.498229205608367920e-01,-3.100212197750806808e-03,-2.441285923123359680e-02,-1.249225810170173645e-02,5.021666735410690308e-02,8.893897384405136108e-02,2.042803317308425903e-01,8.905337005853652954e-02,2.665145397186279297e-01,7.171307504177093506e-02,1.917788088321685791e-01,6.369679421186447144e-02,2.603364586830139160e-01,2.810066193342208862e-02,3.646826371550559998e-02,2.249622344970703125e-01,2.626009583473205566e-01,1.878890581429004669e-02,-3.630801290273666382e-02,4.691352322697639465e-02,5.148744583129882812e-02,9.871897846460342407e-02,7.256929576396942139e-02,8.104570209980010986e-02,9.760338813066482544e-02,1.075019761919975281e-01,1.717094480991363525e-01,1.729525774717330933e-01,2.564980983734130859e-01,1.321942731738090515e-02,2.471549361944198608e-01,1.527611464262008667e-01,3.890481293201446533e-01,1.196201443672180176e-01,1.981920748949050903e-01,2.015664428472518921e-01,1.510267853736877441e-01,1.456970125436782837e-01,1.677938550710678101e-01,1.145146712660789490e-01,2.050124257802963257e-01,3.056005202233791351e-02,4.754353687167167664e-02,1.465092133730649948e-02,6.281635910272598267e-02,1.310291141271591187e-01,7.441966235637664795e-02,1.688917279243469238e-01,6.587434560060501099e-02,5.800005421042442322e-02,6.733655929565429688e-02,2.022829353809356689e-01,1.114135384559631348e-01,3.261122107505798340e-02,7.198998238891363144e-03
1.877912878990173340e-01,3.643980324268341064e-01,6.851040124893188477e-01,9.999998211860656738e-01,3.931808099150657654e-02,1.031866446137428284e-01,4.819700121879577637e-01,6.831084489822387695e-01,3.356602787971496582e-01,3.179507851600646973e-01,7.563631236553192139e-02,2.681579887866973877e-01,3.189130425453186035e-01,2.137733846902847290e-01,2.807678282260894775e-01,2.415428161621093750e-01,-1.026188582181930542e-01,4.962358623743057251e-02,1.374891251325607300e-01,5.702524781227111816e-01,-2.434946782886981964e-02,1.244792789220809937e-01,7.110161781311035156e-01,5.133795738220214844e-01,2.936109900474548340e-01,2.300924807786941528e-01,1.383980214595794678e-01,1.250790804624557495e-01,1.703920215368270874e-01,1.834341883659362793e-01,3.730089366436004639e-01,4.349691867828369141e-01,4.799998402595520020e-01,5.398067831993103027e-01,2.949468195438385010e-01,1.265098005533218384e-01,4.936727508902549744e-02,2.245292365550994873e-01,1.076634749770164490e-01,2.573747932910919189e-01,-6.962671875953674316e-02,6.640339852310717106e-04,-8.631614036858081818e-03,-5.391745641827583313e-02,-1.685598045587539673e-01,-1.080581620335578918e-01,6.380506791174411774e-03,1.203501522541046143e-01,-2.915623597800731659e-02,-1.326220631599426270e-01,2.646904438734054565e-02,5.040602758526802063e-03,5.631065368652343750e-02,1.098150834441184998e-01,5.942560732364654541e-02,2.783751487731933594e-01,1.093376427888870239e-01,3.077915012836456299e-01,-1.811885982751846313e-01,-6.749842315912246704e-02,-1.264936923980712891e-01,1.426038891077041626e-01,-3.196069598197937012e-02,1.088703572750091553e-01,-2.920291125774383545e-01,-2.131777256727218628e-01,-1.184042617678642273e-01,2.740285173058509827e-02,8.501274883747100830e-02,1.859424859285354614e-01,7.541870325803756714e-02,2.038137614727020264e-01,-2.275827154517173767e-02,3.166365027427673340e-01,4.429797828197479248e-02,7.500150799751281738e-02,2.003462910652160645e-01,3.300012350082397461e-01,-8.373502641916275024e-02,-2.113721072673797607e-01,-1.397552788257598877e-01,-1.905189156532287598e-01,-2.246712893247604370e-02,1.288670301437377930e-01,-1.392664164304733276e-01,-9.736104309558868408e-02,-2.201141789555549622e-02,2.020774483680725098e-01,3.473845496773719788e-02,2.380511164665222168e-01,7.597491145133972168e-02,3.700245916843414307e-01,1.635555177927017212e-01,3.458449840545654297e-01,6.074895709753036499e-02,1.412343382835388184e-01,1.401852220296859741e-01,1.405077129602432251e-01,7.549180090427398682e-02,2.829341888427734375e-01,2.018863111734390259e-01,1.587257534265518188e-01,1.637037098407745361e-01,1.384216099977493286e-01,1.597908698022365570e-02,2.091937325894832611e-02,2.732773125171661377e-01,1.989978402853012085e-01,9.325125068426132202e-02,2.721704728901386261e-02,4.965711012482643127e-02,8.378601819276809692e-02,1.464516222476959229e-01,1.388712674379348755e-01,1.658210717141628265e-02,7.223912980407476425e-03
-2.723803222179412842e-01,-1.480207443237304688e-01,-6.027446687221527100e-02,3.931808099150657654e-02,9.999998211860656738e-01,6.808447241783142090e-01,-4.866013303399085999e-02,1.670400649309158325e-01,2.441127449274063110e-01,3.270675241947174072e-01,-7.048560678958892822e-02,-5.713509395718574524e-02,-1.128944382071495056e-02,6.188561394810676575e-02,3.554922640323638916e-01,4.869817793369293213e-01,-8.235388249158859253e-02,-2.054389715194702148e-01,-1.468946337699890137e-01,-1.292708665132522583e-01,7.044418901205062866e-02,1.990921236574649811e-02,4.769109934568405151e-02,2.377070337533950806e-01,2.257116585969924927e-01,1.587032824754714966e-01,4.554044902324676514e-01,1.680678427219390869e-01,-7.078102231025695801e-02,-8.260925859212875366e-02,1.405404359102249146e-01,1.742851287126541138e-01,-8.076499402523040771e-02,-3.404536843299865723e-02,1.502753794193267822e-01,1.189647838473320007e-01,-1.672992110252380371e-02,-5.285726860165596008e-03,-1.051186546683311462e-01,6.840138137340545654e-02,-2.841797471046447754e-02,-9.586958587169647217e-02,-1.935624033212661743e-01,-2.129645347595214844e-01,-1.886966377496719360e-01,-1.890413612127304077e-01,-9.720087051391601562e-02,-4.021411389112472534e-02,-1.679941415786743164e-01,-2.439927905797958374e-01,-1.792207509279251099e-01,-2.888088524341583252e-01,-1.323318481445312500e-01,-1.946200877428054810e-01,1.692179441452026367e-01,-3.840782446786761284e-03,-1.066935360431671143e-01,-1.404023170471191406e-01,-1.599991768598556519e-01,-2.283956855535507202e-01,-6.474582105875015259e-02,1.477091014385223389e-02,-6.214323267340660095e-02,-2.668491564691066742e-02,-1.914868354797363281e-01,-1.952561289072036743e-01,-1.097540110349655151e-01,-9.887782484292984009e-02,-2.061525434255599976e-01,-1.773706674575805664e-01,7.738288491964340210e-02,6.574217975139617920e-02,4.526956379413604736e-02,1.684238389134407043e-02,2.947987429797649384e-02,2.273147702217102051e-01,7.528253644704818726e-02,-1.166469883173704147e-02,-6.989720463752746582e-02,-3.055243790149688721e-01,-1.497328728437423706e-01,-2.843045890331268311e-01,-3.963300026953220367e-03,1.122012585401535034e-01,-1.579820662736892700e-01,-2.217799276113510132e-01,6.152871996164321899e-02,2.149350345134735107e-01,6.266699172556400299e-03,-8.950342237949371338e-02,-3.477540612220764160e-02,5.731736868619918823e-02,-8.079236745834350586e-02,4.786356911063194275e-02,1.400083303451538086e-01,8.042462170124053955e-02,5.782297626137733459e-02,1.448126435279846191e-01,-1.383680291473865509e-02,1.215065419673919678e-01,5.898076668381690979e-02,2.011595666408538818e-01,1.636309176683425903e-01,1.323677748441696167e-01,2.057908661663532257e-02,-7.207493484020233154e-02,1.421169787645339966e-01,8.520141243934631348e-02,2.632905915379524231e-02,2.343779057264328003e-01,1.223322227597236633e-01,-2.731421962380409241e-02,-2.827149257063865662e-02,-1.121151819825172424e-01,-1.905053108930587769e-01,-1.793193966150283813e-01
-1.990757584571838379e-01,-1.038872897624969482e-01,-3.983937948942184448e-02,1.031866446137428284e-01,6.808447241783142090e-01,1.000000238418579102e+00,-5.076424404978752136e-02,1.930595934391021729e-01,2.556934654712677002e-01,3.573457598686218262e-01,-8.100442588329315186e-03,-1.398931350558996201e-02,2.188537642359733582e-02,4.340227693319320679e-02,3.710821270942687988e-01,4.486170709133148193e-01,-1.081327646970748901e-01,-1.287878453731536865e-01,-1.250044256448745728e-01,-2.499592304229736328e-02,-1.138024106621742249e-01,-2.130029499530792236e-01,8.751372992992401123e-02,2.516399025917053223e-01,3.238452970981597900e-01,2.712154984474182129e-01,3.359932601451873779e-01,1.318465024232864380e-01,-7.673808932304382324e-02,-3.916687518358230591e-02,9.917190670967102051e-02,1.656572073698043823e-01,-1.113222725689411163e-02,6.366567686200141907e-03,1.427809447050094604e-01,1.614024862647056580e-02,-5.251643434166908264e-02,2.573594450950622559e-02,-3.914695605635643005e-02,1.512720435857772827e-01,-1.729498058557510376e-01,-1.201122552156448364e-01,-1.889152675867080688e-01,-2.560194730758666992e-01,-1.640557646751403809e-01,-1.693555414676666260e-01,-1.168486624956130981e-01,-7.640692591667175293e-02,-1.473559439182281494e-01,-2.673935294151306152e-01,-1.766690760850906372e-01,-3.060990571975708008e-01,-8.792440593242645264e-02,-1.909377872943878174e-01,1.701349467039108276e-01,9.393129497766494751e-02,-7.848890498280525208e-03,-6.761664152145385742e-02,-1.563175022602081299e-01,-1.879092007875442505e-01,-1.473456062376499176e-02,8.108557015657424927e-02,-3.584107011556625366e-02,5.950633436441421509e-02,-2.029855549335479736e-01,-2.081148177385330200e-01,-1.180867850780487061e-01,-9.878342598676681519e-02,-1.158813014626502991e-01,-1.561618447303771973e-01,-8.105984330177307129e-02,-9.154783934354782104e-02,1.652886345982551575e-02,-3.634143387898802757e-03,-6.913047283887863159e-03,1.046876907348632812e-01,1.010962277650833130e-01,1.171245053410530090e-01,-5.461702588945627213e-03,-2.376902550458908081e-01,-1.120456308126449585e-01,-2.217310220003128052e-01,-3.135613352060317993e-02,1.957740485668182373e-01,-1.413171440362930298e-01,-1.746128201484680176e-01,7.441671937704086304e-02,2.435781061649322510e-01,1.791931502521038055e-02,4.801181331276893616e-02,2.843085490167140961e-02,1.463300436735153198e-01,1.369973062537610531e-03,9.888996183872222900e-02,1.150884032249450684e-01,1.312853842973709106e-01,1.503167208284139633e-02,1.142232641577720642e-01,2.900133095681667328e-02,1.953331232070922852e-01,1.479451060295104980e-01,2.271951884031295776e-01,2.369946539402008057e-01,1.917703598737716675e-01,1.404043138027191162e-01,1.241041254252195358e-02,2.082998752593994141e-01,1.389900892972946167e-01,-6.170647591352462769e-02,1.688458174467086792e-01,4.420623555779457092e-02,-3.110761567950248718e-02,-2.806258201599121094e-02,-1.383928805589675903e-01,-1.954534649848937988e-01,-1.441125869750976562e-01
2.994044125080108643e-01,4.728966057300567627e-01,6.888039708137512207e-01,4.819700121879577637e-01,-4.866013303399085999e-02,-5.076424404978752136e-02,1.000000119209289551e+00,4.724832177162170410e-01,2.085641026496887207e-01,1.135612949728965759e-01,2.587194740772247314e-01,4.699551165103912354e-01,6.771906614303588867e-01,3.179799020290374756e-01,2.210808396339416504e-01,7.611731067299842834e-03,2.048809826374053955e-01,1.675006300210952759e-01,2.657647430896759033e-01,3.687922656536102295e-01,5.360786989331245422e-02,8.032961189746856689e-02,3.414934873580932617e-01,1.096106246113777161e-01,2.461842745542526245e-01,1.695258468389511108e-01,2.714832313358783722e-02,1.511214971542358398e-01,3.106161952018737793e-01,2.688428163528442383e-01,2.388933598995208740e-01,2.510489225387573242e-01,2.839260101318359375e-01,3.079905509948730469e-01,3.436442464590072632e-02,1.089818328619003296e-01,2.418566495180130005e-01,2.592996656894683838e-01,1.799043565988540649e-01,1.772326081991195679e-01,1.950675994157791138e-01,1.422611176967620850e-01,1.759706288576126099e-01,1.601432114839553833e-01,1.645562946796417236e-01,2.138292193412780762e-01,1.689779311418533325e-01,1.841393560171127319e-01,1.976008862257003784e-01,2.602137625217437744e-01,1.601991206407546997e-01,1.405552178621292114e-01,1.674382984638214111e-01,1.586367934942245483e-01,2.428111284971237183e-01,1.776028871536254883e-01,7.852332293987274170e-02,2.681759893894195557e-01,2.623280584812164307e-01,2.995415925979614258e-01,1.431973427534103394e-01,2.191118896007537842e-01,1.856918632984161377e-01,8.635716885328292847e-02,1.694219857454299927e-01,1.888293921947479248e-01,2.958404123783111572e-01,3.542768359184265137e-01,1.596756726503372192e-01,3.635175228118896484e-01,1.671825647354125977e-01,1.673132628202438354e-01,2.236874401569366455e-01,2.022946625947952271e-01,1.881723292171955109e-03,6.746644526720046997e-02,2.576567530632019043e-01,1.905168890953063965e-01,7.998346537351608276e-02,-3.270357102155685425e-02,1.814884990453720093e-01,1.162791028618812561e-01,1.536082774400711060e-01,1.170857697725296021e-01,2.238679528236389160e-01,1.857609599828720093e-01,1.366007775068283081e-01,1.568222939968109131e-01,2.350986748933792114e-01,1.911703348159790039e-01,8.578837662935256958e-02,1.868078559637069702e-01,1.025896072387695312e-01,2.904202342033386230e-01,1.145997419953346252e-01,2.303094565868377686e-01,1.578664183616638184e-01,1.912494003772735596e-01,2.232315391302108765e-01,1.120053529739379883e-01,7.671191822737455368e-03,2.390882223844528198e-01,-4.132370650768280029e-02,4.137631133198738098e-02,-9.347674436867237091e-03,2.366093546152114868e-02,8.861229568719863892e-02,3.122962638735771179e-02,1.061194986104965210e-01,1.194846853613853455e-01,7.098191231489181519e-02,7.322924584150314331e-02,1.583808809518814087e-01,2.091165073215961456e-02,-1.605080091394484043e-03,2.810968272387981415e-02
7.788493484258651733e-02,3.659641146659851074e-01,5.257930755615234375e-01,6.831084489822387695e-01,1.670400649309158325e-01,1.930595934391021729e-01,4.724832177162170410e-01,1.000000000000000000e+00,2.250055372714996338e-01,3.622296154499053955e-01,2.348946407437324524e-02,4.152112901210784912e-01,3.334630429744720459e-01,4.705458581447601318e-01,2.532683610916137695e-01,3.255270421504974365e-01,2.486820332705974579e-02,4.418819397687911987e-02,1.923047155141830444e-01,3.820618093013763428e-01,1.243225112557411194e-01,1.218244209885597229e-01,4.635752141475677490e-01,5.074105262756347656e-01,2.765066027641296387e-01,2.898849546909332275e-01,1.794074922800064087e-01,2.410126775503158569e-01,1.985262483358383179e-01,2.429273277521133423e-01,2.960325777530670166e-01,3.983819782733917236e-01,3.550113737583160400e-01,3.289527297019958496e-01,2.218665182590484619e-01,2.136716693639755249e-01,1.720342487096786499e-01,1.872126162052154541e-01,1.436612010002136230e-01,2.130784839391708374e-01,8.490648865699768066e-02,5.687075108289718628e-02,-2.841406315565109253e-02,-5.929067730903625488e-02,-8.941597491502761841e-02,-9.478576248511672020e-04,-8.925770409405231476e-03,6.063354760408401489e-02,-1.384234521538019180e-02,-7.033821661025285721e-03,-6.202231161296367645e-03,-4.065998643636703491e-02,-2.604943932965397835e-03,6.958901137113571167e-02,1.573362052440643311e-01,2.211294025182723999e-01,8.926339447498321533e-03,1.911564916372299194e-01,-1.695727370679378510e-02,4.429091513156890869e-02,-2.655483968555927277e-02,2.664430439472198486e-01,1.816385611891746521e-02,1.644966155290603638e-01,-1.492478698492050171e-01,-4.031703248620033264e-02,6.136915460228919983e-02,2.023509740829467773e-01,7.657643407583236694e-02,2.105216979980468750e-01,1.951785832643508911e-01,2.406506687402725220e-01,1.092378348112106323e-01,3.120093941688537598e-01,5.965441092848777771e-02,1.739182174205780029e-01,3.014712631702423096e-01,2.663974761962890625e-01,1.534334011375904083e-02,-2.029207050800323486e-01,-4.084856063127517700e-02,-7.986175268888473511e-02,1.707943528890609741e-01,1.977044790983200073e-01,-7.334152609109878540e-02,1.119095552712678909e-02,1.211544647812843323e-01,1.586477011442184448e-01,3.996338322758674622e-02,1.928293853998184204e-01,-5.061849206686019897e-02,2.183174937963485718e-01,-2.813799679279327393e-02,2.246585786342620850e-01,1.558993160724639893e-01,2.072532922029495239e-01,1.911756545305252075e-01,2.601434886455535889e-01,-5.724313110113143921e-02,1.672722548246383667e-01,3.394334344193339348e-04,1.840206235647201538e-01,1.684944331645965576e-02,8.994994312524795532e-02,-8.854446560144424438e-02,-9.241613745689392090e-02,1.054679974913597107e-01,6.065842881798744202e-02,9.182229638099670410e-02,1.864230036735534668e-01,1.809577643871307373e-01,3.421172872185707092e-02,4.149483516812324524e-02,5.197209119796752930e-02,-1.058676932007074356e-02,-4.708138108253479004e-02
-1.161553561687469482e-01,-2.744853310286998749e-02,2.386844307184219360e-01,3.356602787971496582e-01,2.441127449274063110e-01,2.556934654712677002e-01,2.085641026496887207e-01,2.250055372714996338e-01,1.000000119209289551e+00,6.122090816497802734e-01,8.287517726421356201e-02,-3.043465316295623779e-02,2.318884879350662231e-01,-2.160657197237014771e-03,6.074873805046081543e-01,5.112798810005187988e-01,-1.837423592805862427e-01,-1.694771349430084229e-01,-2.475499212741851807e-01,1.037261560559272766e-01,7.375099509954452515e-02,1.900275200605392456e-01,4.559605121612548828e-01,2.904677689075469971e-01,5.491340160369873047e-01,4.240995943546295166e-01,3.503436148166656494e-01,3.143673837184906006e-01,6.152589805424213409e-03,-1.418396979570388794e-01,5.357424616813659668e-01,5.590966939926147461e-01,1.574690937995910645e-01,2.890187799930572510e-01,3.454165160655975342e-01,1.059331893920898438e-01,3.237004950642585754e-02,1.673105806112289429e-01,1.811559870839118958e-02,6.913283467292785645e-02,-1.299968361854553223e-01,-1.383994519710540771e-01,-2.935803309082984924e-02,-2.623738348484039307e-02,-1.912982463836669922e-01,-1.815608739852905273e-01,8.201617747545242310e-02,2.073456943035125732e-01,-7.632495462894439697e-02,-2.875590622425079346e-01,-5.756657943129539490e-02,-2.868325263261795044e-02,1.488583278842270374e-03,1.149777993559837341e-01,6.190729886293411255e-02,9.759575873613357544e-02,3.027010709047317505e-02,5.633492395281791687e-02,-3.826523721218109131e-01,-2.752800583839416504e-01,-1.163741797208786011e-01,3.591571003198623657e-02,1.731898449361324310e-02,3.360379487276077271e-02,-4.313607215881347656e-01,-3.789347708225250244e-01,-2.710634768009185791e-01,-1.281462013721466064e-01,-2.574783861637115479e-01,-2.534192800521850586e-02,4.654684290289878845e-02,2.059290558099746704e-01,-6.138187274336814880e-02,1.246031448245048523e-01,1.825092434883117676e-01,1.209402009844779968e-01,2.660386264324188232e-01,3.063485324382781982e-01,-2.027695477008819580e-01,-3.814303576946258545e-01,-2.645097970962524414e-01,-4.742709398269653320e-01,-1.775267124176025391e-01,-1.606836318969726562e-01,-2.894819676876068115e-01,-3.501278162002563477e-01,-1.289074718952178955e-01,-4.326213151216506958e-02,-3.067952021956443787e-02,-8.180224895477294922e-02,1.023700311779975891e-01,3.045971095561981201e-01,7.558213174343109131e-02,2.211757004261016846e-01,2.385783381760120392e-02,9.444509446620941162e-02,6.727680563926696777e-02,1.121174767613410950e-01,1.075321733951568604e-01,2.043833285570144653e-01,5.224377661943435669e-02,4.355682805180549622e-02,7.215586304664611816e-02,-7.890960201621055603e-03,-1.888360232114791870e-01,-2.648207545280456543e-01,9.297247976064682007e-02,6.469742208719253540e-02,8.890809863805770874e-02,1.537208110094070435e-01,1.853814721107482910e-02,3.032376430928707123e-02,8.468931168317794800e-02,-3.129368415102362633e-04,-6.178919225931167603e-02,-3.299770131707191467e-02
-1.216541752219200134e-01,-4.331841319799423218e-02,1.019103527069091797e-01,3.179507851600646973e-01,3.270675241947174072e-01,3.573457598686218262e-01,1.135612949728965759e-01,3.622296154499053955e-01,6.122090816497802734e-01,1.000000238418579102e+00,1.440229415893554688e-01,8.334393799304962158e-02,2.253809124231338501e-01,1.135399490594863892e-01,5.174897313117980957e-01,5.902035832405090332e-01,-5.446543172001838684e-02,-1.116515174508094788e-01,7.099145092070102692e-03,1.897572278976440430e-01,1.576780676841735840e-01,1.767929345369338989e-01,3.480028212070465088e-01,3.457790911197662354e-01,5.010221600532531738e-01,3.482984602451324463e-01,2.796923220157623291e-01,3.021576702594757080e-01,8.164811879396438599e-02,1.394321955740451813e-02,4.385585188865661621e-01,5.117899179458618164e-01,1.975356042385101318e-01,1.633279174566268921e-01,3.487860560417175293e-01,1.964444220066070557e-01,1.272447258234024048e-01,2.082388550043106079e-01,5.689815059304237366e-02,7.201991975307464600e-02,-7.412016391754150391e-02,-5.088416486978530884e-02,4.706870019435882568e-02,-2.173063904047012329e-02,-1.294897776097059250e-02,-1.972586847841739655e-02,1.753228455781936646e-01,1.943335980176925659e-01,4.529126733541488647e-02,-1.464922428131103516e-01,2.206989936530590057e-02,-5.778103321790695190e-02,1.263530701398849487e-01,1.799131184816360474e-01,2.198958545923233032e-01,2.205855995416641235e-01,1.152560189366340637e-01,-5.159183964133262634e-02,-1.878781318664550781e-01,-9.613010287284851074e-02,1.040542498230934143e-01,2.101503759622573853e-01,2.243994772434234619e-01,2.879092693328857422e-01,-2.600353658199310303e-01,-1.973232626914978027e-01,-4.590913653373718262e-02,8.283749222755432129e-02,-4.146518558263778687e-02,3.202834725379943848e-02,1.754881441593170166e-01,2.258128076791763306e-01,-3.203125903382897377e-03,1.225691586732864380e-01,9.662193059921264648e-02,1.673019826412200928e-01,2.793520092964172363e-01,2.741144299507141113e-01,-3.849068656563758850e-02,-3.035604357719421387e-01,-5.651092156767845154e-02,-3.037048280239105225e-01,1.799986138939857483e-02,-6.672376394271850586e-02,-1.046276092529296875e-01,-1.262764334678649902e-01,-2.410278283059597015e-02,3.762633539736270905e-03,6.448589265346527100e-02,4.071564413607120514e-03,2.073767334222793579e-01,3.235560357570648193e-01,1.501995883882045746e-02,5.815386027097702026e-02,7.174108922481536865e-02,1.429146975278854370e-01,7.849101722240447998e-02,1.613458096981048584e-01,1.324469000101089478e-01,2.545987963676452637e-01,-1.198297273367643356e-02,-5.679491162300109863e-02,7.499734312295913696e-02,3.682065522298216820e-03,-1.604098677635192871e-01,-2.581906616687774658e-01,1.298239827156066895e-01,6.317978352308273315e-02,6.908141076564788818e-02,1.237131208181381226e-01,8.396358042955398560e-02,5.761039257049560547e-02,2.927366271615028381e-02,7.848913781344890594e-03,-1.024119853973388672e-01,-4.531864821910858154e-02
4.296098947525024414e-01,1.409018486738204956e-01,5.971528217196464539e-02,7.563631236553192139e-02,-7.048560678958892822e-02,-8.100442588329315186e-03,2.587194740772247314e-01,2.348946407437324524e-02,8.287517726421356201e-02,1.440229415893554688e-01,1.000000357627868652e+00,2.580289840698242188e-01,5.131587982177734375e-01,8.270788937807083130e-02,2.483983039855957031e-01,-8.154082112014293671e-03,3.390376567840576172e-01,1.169467493891716003e-01,1.309902518987655640e-01,1.119600012898445129e-01,1.184288486838340759e-01,2.003373950719833374e-02,1.234744302928447723e-02,-2.706565707921981812e-02,1.325966268777847290e-01,1.212461665272712708e-02,-1.331458687782287598e-01,-1.254583988338708878e-02,3.686833083629608154e-01,1.823461055755615234e-01,5.960176512598991394e-02,1.310632079839706421e-01,1.356859058141708374e-01,1.344658061861991882e-02,-3.535092575475573540e-03,-5.992132239043712616e-03,2.263521403074264526e-01,2.159475684165954590e-01,4.596796259284019470e-02,-7.951147854328155518e-03,1.328472346067428589e-01,9.359470754861831665e-02,2.382569313049316406e-01,1.062565743923187256e-01,2.285917699337005615e-01,2.107177078723907471e-01,2.767237126827239990e-01,9.478694200515747070e-02,3.464487493038177490e-01,2.110589295625686646e-01,2.981695532798767090e-01,5.901331827044487000e-02,3.422150313854217529e-01,1.976563781499862671e-01,2.660053074359893799e-01,1.587004214525222778e-01,4.173316359519958496e-01,-3.609853610396385193e-02,2.640218138694763184e-01,3.256435990333557129e-01,4.752683043479919434e-01,2.892140150070190430e-01,4.714132547378540039e-01,3.135294914245605469e-01,2.593307793140411377e-01,1.595620065927505493e-01,2.860577702522277832e-01,2.322372645139694214e-01,3.229767382144927979e-01,2.620596885681152344e-01,1.802482455968856812e-01,4.330327734351158142e-02,3.524890542030334473e-01,7.433383911848068237e-02,1.388364583253860474e-01,1.063348278403282166e-01,1.476328670978546143e-01,7.469220459461212158e-02,2.671012878417968750e-01,1.069809123873710632e-01,3.867449760437011719e-01,1.124923974275588989e-01,1.994695812463760376e-01,-2.498376742005348206e-02,3.673831224441528320e-01,1.944627016782760620e-01,1.148315072059631348e-01,-7.795127481222152710e-02,3.155104517936706543e-01,2.452359162271022797e-02,4.449439644813537598e-01,1.448657661676406860e-01,2.589149773120880127e-01,1.249703392386436462e-02,7.243981957435607910e-02,9.877309948205947876e-02,8.215391635894775391e-02,7.881489396095275879e-02,3.406261801719665527e-01,7.217349112033843994e-02,1.396777480840682983e-01,-3.628414496779441833e-02,1.078143715858459473e-01,-9.129110723733901978e-03,9.218595921993255615e-02,1.423966418951749802e-02,2.639990448951721191e-01,2.206542044878005981e-01,5.786207318305969238e-02,-4.482994601130485535e-02,7.062179036438465118e-03,1.003487706184387207e-01,5.167180672287940979e-02,4.249392822384834290e-02,3.433832898736000061e-02,-2.613192610442638397e-02
3.010128438472747803e-01,6.802719235420227051e-01,3.470754325389862061e-01,2.681579887866973877e-01,-5.713509395718574524e-02,-1.398931350558996201e-02,4.699551165103912354e-01,4.152112901210784912e-01,-3.043465316295623779e-02,8.334393799304962158e-02,2.580289840698242188e-01,1.000000000000000000e+00,4.403980672359466553e-01,6.054059267044067383e-01,1.052704155445098877e-01,1.800454035401344299e-02,3.316739499568939209e-01,3.666890561580657959e-01,1.981441378593444824e-01,2.520829737186431885e-01,2.497432976961135864e-01,1.555023491382598877e-01,1.166874989867210388e-01,7.363037765026092529e-02,1.552846729755401611e-01,1.066778749227523804e-01,2.115143230184912682e-03,1.958817243576049805e-01,2.989699840545654297e-01,4.269090890884399414e-01,5.610056221485137939e-02,1.248688921332359314e-01,3.164394795894622803e-01,2.839940488338470459e-01,1.666987873613834381e-02,1.620928794145584106e-01,4.430452883243560791e-01,3.873931169509887695e-01,2.762308716773986816e-01,2.595920562744140625e-01,3.461572527885437012e-01,1.803495883941650391e-01,2.314396649599075317e-01,1.210495531558990479e-01,2.689022421836853027e-01,4.194510579109191895e-01,8.655861020088195801e-02,6.467423588037490845e-02,2.898733913898468018e-01,4.611560106277465820e-01,2.190934121608734131e-01,2.652332484722137451e-01,1.557776927947998047e-01,3.272206485271453857e-01,2.804647088050842285e-01,2.387102693319320679e-01,6.732330471277236938e-02,4.023049771785736084e-01,3.497462272644042969e-01,4.721425473690032959e-01,1.896596699953079224e-01,5.128263831138610840e-01,1.559242755174636841e-01,2.550706565380096436e-01,3.007623553276062012e-01,4.039511680603027344e-01,3.883063793182373047e-01,4.496116638183593750e-01,2.636680305004119873e-01,4.952489137649536133e-01,1.443483084440231323e-01,2.145341336727142334e-01,2.348178476095199585e-01,3.108760118484497070e-01,7.621668279170989990e-02,1.469739377498626709e-01,3.748210370540618896e-01,2.716764211654663086e-01,2.563248276710510254e-01,6.254248321056365967e-02,3.382753729820251465e-01,3.099907040596008301e-01,3.474344313144683838e-01,2.724895179271697998e-01,3.438702821731567383e-01,4.186282753944396973e-01,2.716430425643920898e-01,1.820677369832992554e-01,2.896720767021179199e-01,4.108258485794067383e-01,-2.332093194127082825e-02,3.144288957118988037e-01,5.165845155715942383e-03,4.177598357200622559e-01,1.979860961437225342e-01,3.368990123271942139e-01,1.855440884828567505e-01,3.265513181686401367e-01,8.082501590251922607e-03,1.667360812425613403e-01,-7.083883136510848999e-02,2.894914150238037109e-01,-1.501502245664596558e-01,2.804479794576764107e-03,-3.215550258755683899e-02,6.379097700119018555e-02,1.463084369897842407e-01,1.687331125140190125e-02,1.390586048364639282e-01,9.472566843032836914e-02,1.690927296876907349e-01,1.446836888790130615e-01,1.193920820951461792e-01,8.469019830226898193e-02,7.335790246725082397e-02,4.239020124077796936e-02
3.195592463016510010e-01,2.886254489421844482e-01,4.651163518428802490e-01,3.189130425453186035e-01,-1.128944382071495056e-02,2.188537642359733582e-02,6.771906614303588867e-01,3.334630429744720459e-01,2.318884879350662231e-01,2.253809124231338501e-01,5.131587982177734375e-01,4.403980672359466553e-01,1.000000357627868652e+00,3.303015530109405518e-01,3.445641100406646729e-01,8.209463953971862793e-02,3.754013180732727051e-01,1.450497508049011230e-01,1.821810901165008545e-01,2.391020953655242920e-01,1.964206099510192871e-01,1.390576064586639404e-01,2.521643638610839844e-01,6.425387412309646606e-02,2.560821771621704102e-01,2.206272780895233154e-01,3.158637508749961853e-02,2.128255814313888550e-01,4.663107991218566895e-01,2.761778831481933594e-01,2.480251640081405640e-01,3.407642841339111328e-01,2.677586674690246582e-01,1.952541321516036987e-01,1.241844594478607178e-01,1.403989791870117188e-01,3.897399306297302246e-01,3.444461226463317871e-01,2.650542557239532471e-01,1.799302846193313599e-01,2.812057435512542725e-01,1.084878221154212952e-01,2.394396662712097168e-01,1.101625040173530579e-01,2.311406880617141724e-01,2.644311487674713135e-01,2.824532985687255859e-01,1.588425934314727783e-01,3.178316950798034668e-01,2.393608093261718750e-01,2.478733658790588379e-01,7.752566039562225342e-02,2.773365378379821777e-01,1.936539411544799805e-01,3.834432065486907959e-01,2.438941448926925659e-01,2.377184331417083740e-01,7.879208028316497803e-02,2.968711256980895996e-01,3.297976553440093994e-01,3.383958935737609863e-01,2.966731786727905273e-01,4.021941423416137695e-01,1.790980994701385498e-01,2.323732376098632812e-01,2.079703509807586670e-01,3.570155501365661621e-01,3.747483193874359131e-01,2.028055042028427124e-01,2.821611762046813965e-01,2.686222493648529053e-01,2.380961328744888306e-01,2.743307352066040039e-01,2.263821512460708618e-01,7.575382292270660400e-02,1.250532865524291992e-01,3.554351031780242920e-01,2.127025723457336426e-01,2.278095185756683350e-01,-3.075996180996298790e-03,3.624469339847564697e-01,9.162849187850952148e-02,2.978161871433258057e-01,3.237675130367279053e-02,3.425199985504150391e-01,1.892695426940917969e-01,2.542046904563903809e-01,4.575133323669433594e-02,3.694095909595489502e-01,1.092438027262687683e-01,2.595403492450714111e-01,1.758052408695220947e-01,1.584357619285583496e-01,1.669289618730545044e-01,2.166325449943542480e-01,2.957355082035064697e-01,1.983613073825836182e-01,2.528370916843414307e-01,3.283947408199310303e-01,1.485585421323776245e-01,9.256359044229611754e-05,1.302316188812255859e-01,-9.134792722761631012e-03,-1.242431718856096268e-02,-3.223865106701850891e-02,-4.785171523690223694e-02,1.904910951852798462e-01,1.049734055995941162e-01,1.284047365188598633e-01,9.675345569849014282e-02,1.082375273108482361e-01,1.063017025589942932e-01,1.361478865146636963e-01,4.858900234103202820e-02,5.786556750535964966e-02,2.044720761477947235e-02
