9.999999403953552246e-01,6.345000863075256348e-01,5.525984168052673340e-01,4.887394011020660400e-01,-3.259510397911071777e-01,-2.239589765667915344e-02,5.280264616012573242e-01,4.616282880306243896e-01,-3.340055346488952637e-01,6.127825751900672913e-02,6.303690671920776367e-01,5.818805098533630371e-01,5.368026494979858398e-01,5.068410634994506836e-01,1.325151920318603516e-01,2.837869226932525635e-01,4.974471926689147949e-01,4.209181666374206543e-01,7.668059468269348145e-01,6.783665418624877930e-01,1.900213509798049927e-01,1.967517659068107605e-02,4.599871933460235596e-01,4.149938225746154785e-01,-9.705401957035064697e-02,-8.217892050743103027e-02,8.431463688611984253e-02,-2.121526002883911133e-02,2.991035580635070801e-01,1.061452366411685944e-02,3.121028840541839600e-01,3.320225775241851807e-01,6.243625879287719727e-01,5.722439885139465332e-01,2.939202189445495605e-01,2.409279197454452515e-01,1.330943498760461807e-02,4.801229760050773621e-02,2.946121394634246826e-01,-8.917726576328277588e-03,1.768188327550888062e-01,9.520351886749267578e-02,-2.143919318914413452e-01,-5.538284033536911011e-02,-5.885738134384155273e-02,-8.025096356868743896e-02,7.316407561302185059e-02,-4.640823975205421448e-02,2.412734776735305786e-01,1.279402971267700195e-01,1.103826910257339478e-01,1.324685215950012207e-01,-1.009393185377120972e-01,-1.189077123999595642e-01,2.424833178520202637e-01,1.105655282735824585e-01,5.634290575981140137e-01,4.778673350811004639e-01,5.251432061195373535e-01,4.613140523433685303e-01,6.693984866142272949e-01,5.586707592010498047e-01,6.974584460258483887e-01,5.720018744468688965e-01,4.399766921997070312e-01,2.969052493572235107e-01,4.486302435398101807e-01,3.445971608161926270e-01,5.429261922836303711e-01,3.795644342899322510e-01,3.658440113067626953e-01,3.944096267223358154e-01,4.784761071205139160e-01,4.472045302391052246e-01,2.428797334432601929e-01,2.305074483156204224e-01,3.527982234954833984e-01,3.293105065822601318e-01,-9.293966926634311676e-03,-1.178017929196357727e-01,4.120917916297912598e-01,2.647746503353118896e-01,-4.638624191284179688e-02,5.934127792716026306e-02,2.115432620048522949e-01,4.141209274530410767e-02,3.891182690858840942e-02,1.980509310960769653e-01,2.644668817520141602e-01,1.786065697669982910e-01,-1.098158434033393860e-01,-6.618892401456832886e-02,1.283065229654312134e-01,5.388895794749259949e-02,-9.036977589130401611e-02,-2.419499903917312622e-01,2.096948921680450439e-01,1.699633598327636719e-01,1.502000838518142700e-01,1.241524070501327515e-01,2.132322043180465698e-01,8.584215492010116577e-02,2.668143212795257568e-01,1.467551290988922119e-01,2.549228668212890625e-01,7.742772996425628662e-02,1.980344355106353760e-01,5.504637211561203003e-02,1.742977201938629150e-01,2.060229517519474030e-02,5.947990715503692627e-02,9.677527844905853271e-02,1.381111741065979004e-01,6.035086140036582947e-02,4.273420199751853943e-02,1.049291342496871948e-01
6.345000863075256348e-01,9.999998211860656738e-01,4.041483104228973389e-01,4.008878469467163086e-01,-2.469170689582824707e-01,4.105667397379875183e-02,3.105083107948303223e-01,3.510239422321319580e-01,-2.742505371570587158e-01,2.540038898587226868e-02,4.499628245830535889e-01,6.315121054649353027e-01,2.579315304756164551e-01,5.265858173370361328e-01,1.769656687974929810e-01,2.768453359603881836e-01,5.733858942985534668e-01,6.021077632904052734e-01,5.937037467956542969e-01,6.778639554977416992e-01,2.365075349807739258e-01,5.156922340393066406e-02,3.269714415073394775e-01,3.544380962848663330e-01,-8.483201265335083008e-02,-4.977986589074134827e-02,1.094925478100776672e-01,3.577049449086189270e-02,2.207681834697723389e-01,4.832043498754501343e-02,2.958237528800964355e-01,2.591829001903533936e-01,5.372563004493713379e-01,5.025703310966491699e-01,1.536948382854461670e-01,5.217626690864562988e-02,-6.836533080786466599e-03,6.736445426940917969e-02,2.981488406658172607e-01,-3.160117939114570618e-02,1.278963983058929443e-01,1.107498705387115479e-01,1.494469214230775833e-02,1.800830066204071045e-01,1.164515619166195393e-03,-7.139438297599554062e-03,2.338447123765945435e-01,1.496756672859191895e-01,2.717579901218414307e-01,2.719602286815643311e-01,2.229475677013397217e-01,2.324398458003997803e-01,7.303238660097122192e-02,8.013042807579040527e-02,2.996766865253448486e-01,2.157890647649765015e-01,6.623158454895019531e-01,7.648590207099914551e-01,5.436750054359436035e-01,5.757186412811279297e-01,5.425741076469421387e-01,5.252702236175537109e-01,5.342816710472106934e-01,5.533228516578674316e-01,1.795229762792587280e-01,1.315393298864364624e-01,4.775817394256591797e-01,3.660607933998107910e-01,6.837501525878906250e-01,5.739532113075256348e-01,2.187704443931579590e-01,2.570278346538543701e-01,2.890697121620178223e-01,3.431942164897918701e-01,8.648405224084854126e-02,1.618632227182388306e-01,2.131703346967697144e-01,2.728691101074218750e-01,1.016257032752037048e-01,-1.523727644234895706e-02,4.622000157833099365e-01,3.474763035774230957e-01,-2.270192205905914307e-01,1.056070029735565186e-01,1.067334860563278198e-01,7.963516563177108765e-02,1.692532151937484741e-01,2.690241932868957520e-01,1.524562388658523560e-01,2.864199280738830566e-01,2.200137451291084290e-02,2.279268950223922729e-02,5.544567853212356567e-02,-1.077157706022262573e-01,-1.568989902734756470e-01,-2.816981077194213867e-01,1.530279219150543213e-01,9.287986904382705688e-02,1.622892022132873535e-01,2.339805066585540771e-01,5.731511116027832031e-02,-1.001495420932769775e-01,1.035036742687225342e-01,-4.427696019411087036e-02,1.007174625992774963e-01,-9.484807401895523071e-02,1.370939519256353378e-02,2.098968438804149628e-02,7.323929667472839355e-02,-7.802093029022216797e-02,-2.875070087611675262e-02,7.837141305208206177e-02,1.837361156940460205e-01,-5.799312889575958252e-02,-1.539369076490402222e-01,-1.268631517887115479e-01
5.525984168052673340e-01,4.041483104228973389e-01,9.999997019767761230e-01,6.410886645317077637e-01,-2.294150590896606445e-01,7.445080578327178955e-02,7.890180349349975586e-01,5.018947124481201172e-01,-2.660501897335052490e-01,1.309368759393692017e-01,4.763510823249816895e-01,3.809996545314788818e-01,5.245164036750793457e-01,4.696042835712432861e-01,2.861927449703216553e-01,4.152261614799499512e-01,3.407249450683593750e-01,3.880557119846343994e-01,7.173638939857482910e-01,5.215367078781127930e-01,3.068073689937591553e-01,9.779744595289230347e-02,7.250747680664062500e-01,6.510892510414123535e-01,1.593759804964065552e-01,1.697088778018951416e-01,2.575169205665588379e-01,1.346489042043685913e-01,2.670565843582153320e-01,5.665924027562141418e-02,6.495816111564636230e-01,6.196665763854980469e-01,6.311097145080566406e-01,6.256250143051147461e-01,4.245937168598175049e-01,3.418923616409301758e-01,8.493097871541976929e-02,1.506489962339401245e-01,2.700607180595397949e-01,-1.443721801042556763e-01,1.560671925544738770e-01,1.044532060623168945e-01,-9.813005477190017700e-02,9.266646206378936768e-02,-4.935185238718986511e-02,9.423377364873886108e-02,1.079400777816772461e-01,8.206754922866821289e-02,2.384659349918365479e-01,1.530855149030685425e-01,2.730350792407989502e-01,1.755780875682830811e-01,-7.092758268117904663e-02,-4.718048498034477234e-02,3.128428459167480469e-01,1.135637462139129639e-01,3.463969528675079346e-01,3.794742226600646973e-01,4.073612689971923828e-01,3.861652612686157227e-01,5.426887869834899902e-01,4.274179041385650635e-01,4.724889397621154785e-01,3.941044509410858154e-01,5.997732877731323242e-01,4.632637798786163330e-01,5.284317731857299805e-01,5.189254879951477051e-01,3.828426301479339600e-01,3.943391740322113037e-01,5.186637043952941895e-01,4.518563747406005859e-01,4.523627460002899170e-01,3.545641005039215088e-01,2.580145597457885742e-01,3.492613434791564941e-01,4.151218831539154053e-01,4.302718043327331543e-01,-1.757710240781307220e-02,2.162631601095199585e-02,3.512340784072875977e-01,3.065946102142333984e-01,-8.665652573108673096e-02,1.568881571292877197e-01,3.766855895519256592e-01,2.183942198753356934e-01,8.523960411548614502e-02,2.235238552093505859e-01,3.499876856803894043e-01,1.150019541382789612e-01,-2.087275832891464233e-01,-9.755347669124603271e-02,7.135946303606033325e-02,2.221423387527465820e-01,-4.052241146564483643e-02,-2.161626964807510376e-01,1.557537615299224854e-01,1.586682349443435669e-02,4.181613400578498840e-02,4.944017156958580017e-02,2.790154218673706055e-01,2.929558157920837402e-01,2.117656171321868896e-01,1.892832964658737183e-01,3.017580211162567139e-01,9.374605864286422729e-02,1.877487003803253174e-01,1.171113848686218262e-01,1.032138690352439880e-01,-2.291883900761604309e-02,1.192400157451629639e-01,1.317098438739776611e-01,1.403933614492416382e-01,3.457392379641532898e-02,5.854847282171249390e-02,1.328597515821456909e-01
4.887394011020660400e-01,4.008878469467163086e-01,6.410886645317077637e-01,9.999997615814208984e-01,-2.338890582323074341e-01,1.031413301825523376e-01,6.452012062072753906e-01,8.269232511520385742e-01,-2.771863639354705811e-01,8.789003640413284302e-02,5.303528308868408203e-01,4.928132891654968262e-01,4.865302145481109619e-01,6.042882800102233887e-01,1.178584545850753784e-01,4.413496255874633789e-01,2.714977264404296875e-01,3.380587100982666016e-01,6.476306915283203125e-01,6.181524991989135742e-01,2.954468429088592529e-01,1.136835888028144836e-01,6.487901210784912109e-01,7.758708596229553223e-01,-2.614774042740464211e-03,2.149221487343311310e-02,1.248727589845657349e-01,1.308651566505432129e-01,2.715942263603210449e-01,1.422351747751235962e-01,5.268747806549072266e-01,6.515754461288452148e-01,5.419514775276184082e-01,5.935326218605041504e-01,3.309174180030822754e-01,3.671594858169555664e-01,1.443126797676086426e-02,-6.596491485834121704e-02,2.143409401178359985e-01,-6.206511985510587692e-03,1.862010657787322998e-01,6.612334400415420532e-02,-2.148404717445373535e-01,9.123285301029682159e-03,1.787615865468978882e-01,2.856798470020294189e-01,8.949575712904334068e-04,-2.908349037170410156e-02,3.272300064563751221e-01,2.862735092639923096e-01,2.482554167509078979e-01,3.208091557025909424e-01,-1.836207509040832520e-01,-1.524921506643295288e-01,1.618375331163406372e-01,6.669223308563232422e-02,2.752255201339721680e-01,2.958639562129974365e-01,3.896462023258209229e-01,4.181132018566131592e-01,5.043393373489379883e-01,6.199709177017211914e-01,4.664340615272521973e-01,5.990866422653198242e-01,5.564712882041931152e-01,6.514927148818969727e-01,5.126424431800842285e-01,5.919685959815979004e-01,3.621675074100494385e-01,3.624733090400695801e-01,4.588582217693328857e-01,5.144286751747131348e-01,4.895529150962829590e-01,3.798314332962036133e-01,3.330647647380828857e-01,2.701675295829772949e-01,4.437397718429565430e-01,4.328621625900268555e-01,-2.050327323377132416e-02,1.620799303054809570e-02,2.652240693569183350e-01,3.470283150672912598e-01,3.790457919239997864e-02,2.540813982486724854e-01,1.117858067154884338e-01,3.216204047203063965e-01,-2.286605350673198700e-02,2.666782438755035400e-01,1.776666343212127686e-01,6.413654237985610962e-02,-1.749544888734817505e-01,-2.456644326448440552e-01,2.547160685062408447e-01,5.000236630439758301e-02,-1.043832451105117798e-01,-2.369002401828765869e-01,1.419878751039505005e-01,6.586673203855752945e-03,1.424800753593444824e-01,1.198492106050252914e-02,4.910293519496917725e-01,2.274183481931686401e-01,4.305287003517150879e-01,2.646282017230987549e-01,4.137882292270660400e-01,1.672827154397964478e-01,5.639486759901046753e-02,9.520878642797470093e-02,3.506785258650779724e-02,-7.298788428306579590e-02,5.394799634814262390e-02,5.816017463803291321e-02,2.270240336656570435e-02,1.411157697439193726e-01,6.489828228950500488e-02,2.237965911626815796e-01
-3.259510397911071777e-01,-2.469170689582824707e-01,-2.294150590896606445e-01,-2.338890582323074341e-01,1.000000000000000000e+00,3.494226634502410889e-01,-2.383227795362472534e-01,-1.976901888847351074e-01,6.195255517959594727e-01,3.505418449640274048e-02,-2.504771947860717773e-01,-1.794926375150680542e-01,-2.460379600524902344e-01,-1.517230421304702759e-01,3.682893812656402588e-01,-4.922503605484962463e-02,-2.005267888307571411e-01,-1.596608757972717285e-01,-3.061230480670928955e-01,-2.234366089105606079e-01,8.291254751384258270e-03,1.103293672204017639e-01,-2.113170474767684937e-01,-1.714384853839874268e-01,4.426898360252380371e-01,3.943333029747009277e-01,3.358149826526641846e-01,3.501200973987579346e-01,-1.089683994650840759e-01,6.905072182416915894e-02,-2.563917636871337891e-01,-2.078567594289779663e-01,-3.947695195674896240e-01,-3.811691999435424805e-01,-3.549425899982452393e-01,-2.444322705268859863e-01,5.011567473411560059e-02,1.302083730697631836e-01,-5.690296739339828491e-02,1.241498291492462158e-01,-1.000832021236419678e-01,5.671653151512145996e-02,-7.960308343172073364e-02,-2.506088316440582275e-01,-1.501430720090866089e-01,-2.328327000141143799e-01,-3.269878327846527100e-01,-3.166815340518951416e-01,-3.502050936222076416e-01,-4.183368086814880371e-01,-2.521909475326538086e-01,-2.787034511566162109e-01,-6.433004885911941528e-02,-7.895305007696151733e-02,-1.667921245098114014e-01,-9.634717553853988647e-02,-2.292458266019821167e-01,-2.455123066902160645e-01,-2.780285477638244629e-01,-4.257256388664245605e-01,-2.071972787380218506e-01,-2.976414859294891357e-01,-2.087196409702301025e-01,-2.210188508033752441e-01,-1.410504579544067383e-01,-2.659569680690765381e-01,-3.815002739429473877e-01,-4.032857418060302734e-01,-1.729151308536529541e-01,-2.608681321144104004e-01,-3.749312162399291992e-01,-2.748145461082458496e-01,-3.012283444404602051e-01,-2.044730633497238159e-01,-2.969325184822082520e-01,-2.525507211685180664e-01,-2.839281857013702393e-01,-3.681860566139221191e-01,6.186767667531967163e-02,1.451927274465560913e-01,-8.616856485605239868e-02,8.454245328903198242e-02,-9.111499041318893433e-02,-1.798441633582115173e-02,6.645517796277999878e-02,2.053895741701126099e-01,2.386327683925628662e-01,4.096440598368644714e-02,1.590091139078140259e-01,1.858067885041236877e-02,-8.523804694414138794e-02,-1.108265370130538940e-01,1.020005717873573303e-01,5.054835602641105652e-02,4.675958305597305298e-02,1.178487688302993774e-01,-2.194545269012451172e-01,-1.590105444192886353e-01,-2.021206766366958618e-01,-1.972733438014984131e-01,-1.066940128803253174e-01,2.240296155214309692e-01,-1.445862799882888794e-01,7.144576311111450195e-02,-1.645105183124542236e-01,5.958590656518936157e-02,-2.051073461771011353e-01,1.740975864231586456e-02,-1.539366543292999268e-01,-3.039444237947463989e-02,-1.261080801486968994e-01,-3.715210855007171631e-01,-1.466845721006393433e-01,1.240730732679367065e-01,7.422153651714324951e-02,-1.035346835851669312e-01
-2.239589765667915344e-02,4.105667397379875183e-02,7.445080578327178955e-02,1.031413301825523376e-01,3.494226634502410889e-01,9.999997615814208984e-01,4.508594423532485962e-02,1.768124550580978394e-01,3.758665919303894043e-01,2.831741869449615479e-01,8.687838166952133179e-02,1.492347866296768188e-01,1.048366129398345947e-01,2.271010428667068481e-01,3.799904882907867432e-01,2.539274394512176514e-01,7.868533581495285034e-02,9.632918983697891235e-02,-2.750097960233688354e-02,5.093374103307723999e-02,2.550377845764160156e-01,1.858577877283096313e-01,6.625782698392868042e-02,1.032580584287643433e-01,2.547026872634887695e-01,2.291114032268524170e-01,3.302441835403442383e-01,3.791288137435913086e-01,2.175716161727905273e-01,1.502500474452972412e-01,3.517507761716842651e-02,9.314209222793579102e-02,-2.329832687973976135e-02,1.902966201305389404e-02,-6.201657000929117203e-03,6.503561884164810181e-02,-1.220521982759237289e-02,1.071649119257926941e-01,4.069131985306739807e-02,-2.588690817356109619e-02,-1.374702602624893188e-01,-2.924682945013046265e-02,-7.806302607059478760e-02,-6.218124181032180786e-02,8.297832310199737549e-02,6.704758107662200928e-02,-1.240764781832695007e-01,-8.342210203409194946e-02,-4.013450816273689270e-02,-1.366431266069412231e-01,-1.045637726783752441e-01,-1.192518174648284912e-01,-1.695320010185241699e-01,-1.589719504117965698e-01,5.834962241351604462e-03,-8.112069219350814819e-02,2.248095721006393433e-02,1.018982753157615662e-02,-1.182309910655021667e-02,-8.466156572103500366e-02,1.214094646275043488e-02,2.191415056586265564e-02,3.706854581832885742e-02,7.747992873191833496e-02,1.046857163310050964e-01,2.227672748267650604e-02,2.260103821754455566e-02,5.084303766489028931e-02,9.123149514198303223e-02,4.116061702370643616e-02,1.012750621885061264e-02,1.274182051420211792e-01,8.145038783550262451e-02,1.286690384149551392e-01,-1.805992983281612396e-02,-8.811544626951217651e-02,5.531562119722366333e-02,6.950893998146057129e-02,1.464022994041442871e-01,1.533633172512054443e-01,1.521287858486175537e-01,2.177826166152954102e-01,-5.634484440088272095e-02,-5.219298228621482849e-02,8.312796056270599365e-02,1.074048206210136414e-01,2.884390056133270264e-01,1.705478131771087646e-01,1.443635076284408569e-01,-1.532891020178794861e-02,-1.018008068203926086e-01,-1.942084878683090210e-01,1.792946010828018188e-01,-8.449832350015640259e-02,9.970661252737045288e-03,3.937199339270591736e-02,-5.570771172642707825e-03,9.419312700629234314e-03,-4.601584002375602722e-02,-9.190691262483596802e-02,1.115448325872421265e-01,1.608150750398635864e-01,1.005295962095260620e-01,1.093078181147575378e-01,1.084621101617813110e-01,1.322982162237167358e-01,-1.090037673711776733e-01,2.460978552699089050e-02,-1.989665254950523376e-02,7.057619094848632812e-02,-1.087891403585672379e-02,-6.761381775140762329e-02,-1.289182305335998535e-01,1.123426035046577454e-01,1.066185534000396729e-01,4.950807988643646240e-02
5.280264616012573242e-01,3.105083107948303223e-01,7.890180349349975586e-01,6.452012062072753906e-01,-2.383227795362472534e-01,4.508594423532485962e-02,9.999994635581970215e-01,5.802930593490600586e-01,-2.611193954944610596e-01,7.860614359378814697e-02,5.015586614608764648e-01,3.646935820579528809e-01,5.876085758209228516e-01,4.124516248703002930e-01,1.861239969730377197e-01,3.398948907852172852e-01,2.141581922769546509e-01,3.939914107322692871e-01,6.542895436286926270e-01,4.928724467754364014e-01,2.163008153438568115e-01,5.952376127243041992e-02,6.725741028785705566e-01,6.066937446594238281e-01,1.047984417527914047e-02,4.016469046473503113e-02,1.122600138187408447e-01,7.629256695508956909e-02,3.048194646835327148e-01,1.122783273458480835e-01,5.572327375411987305e-01,6.144450902938842773e-01,5.803511142730712891e-01,6.101370453834533691e-01,3.990860879421234131e-01,3.659222126007080078e-01,6.890917569398880005e-02,4.751842468976974487e-02,2.747786343097686768e-01,-7.443040609359741211e-02,1.368213146924972534e-01,5.962244793772697449e-02,-2.058342844247817993e-01,-5.124935880303382874e-02,3.269124776124954224e-02,1.711338162422180176e-01,-9.603162296116352081e-03,-4.976792261004447937e-02,1.390384286642074585e-01,1.164261177182197571e-01,1.169847398996353149e-01,6.392016261816024780e-02,-2.140276283025741577e-01,-1.731627285480499268e-01,2.444888949394226074e-01,-3.992025926709175110e-02,1.824382245540618896e-01,2.666268646717071533e-01,3.089517354965209961e-01,2.876455187797546387e-01,4.442926645278930664e-01,4.375472664833068848e-01,4.434784352779388428e-01,4.282250702381134033e-01,6.373556256294250488e-01,5.151798129081726074e-01,4.308883249759674072e-01,4.344272911548614502e-01,2.006525099277496338e-01,2.298347055912017822e-01,5.943242907524108887e-01,5.574516654014587402e-01,5.783979296684265137e-01,4.437522292137145996e-01,3.442978262901306152e-01,4.068775773048400879e-01,4.824446141719818115e-01,4.856423735618591309e-01,-9.148121625185012817e-02,4.150242358446121216e-02,2.985932826995849609e-01,2.956703305244445801e-01,3.007903881371021271e-02,7.573931664228439331e-02,3.193625509738922119e-01,1.283282935619354248e-01,3.465959802269935608e-02,8.830709755420684814e-02,2.549683749675750732e-01,-3.148770704865455627e-02,-2.583164274692535400e-01,-2.632203698158264160e-01,1.515855044126510620e-01,1.177596300840377808e-01,3.056768141686916351e-02,-1.603750437498092651e-01,2.109606713056564331e-01,2.652693912386894226e-02,1.069265231490135193e-01,1.663748174905776978e-02,4.065997302532196045e-01,2.824934124946594238e-01,3.669923245906829834e-01,2.886874377727508545e-01,3.742154240608215332e-01,1.994535773992538452e-01,2.261798977851867676e-01,1.189183220267295837e-01,1.316690146923065186e-01,-5.691973492503166199e-03,1.688275188207626343e-01,1.072342693805694580e-01,8.585860580205917358e-02,1.843085289001464844e-01,1.767282783985137939e-01,2.556726336479187012e-01
4.616282880306243896e-01,3.510239422321319580e-01,5.018947124481201172e-01,8.269232511520385742e-01,-1.976901888847351074e-01,1.768124550580978394e-01,5.802930593490600586e-01,9.999999403953552246e-01,-2.135589122772216797e-01,8.871358633041381836e-02,5.464958548545837402e-01,5.886602997779846191e-01,4.834800362586975098e-01,6.656494736671447754e-01,5.087895691394805908e-02,4.129749834537506104e-01,2.370748519897460938e-01,3.211385011672973633e-01,5.528688430786132812e-01,5.669797658920288086e-01,2.484670430421829224e-01,6.970050930976867676e-02,4.885593354701995850e-01,6.581188440322875977e-01,-1.400669366121292114e-01,-8.519565314054489136e-02,5.173046514391899109e-02,6.761662662029266357e-02,3.104131817817687988e-01,1.663056761026382446e-01,4.436486363410949707e-01,6.319434046745300293e-01,4.848333597183227539e-01,5.731923580169677734e-01,2.888401746749877930e-01,3.911795914173126221e-01,1.932925730943679810e-02,-7.896276563405990601e-02,2.014840245246887207e-01,-5.729669705033302307e-03,1.136366948485374451e-01,4.399881232529878616e-03,-3.269993662834167480e-01,-1.196732074022293091e-01,2.170973122119903564e-01,3.238702416419982910e-01,-1.282970309257507324e-01,-1.541109383106231689e-01,2.634625732898712158e-01,2.447084337472915649e-01,1.244760602712631226e-01,2.893966138362884521e-01,-2.942341864109039307e-01,-2.562622427940368652e-01,6.794320046901702881e-02,-3.722196444869041443e-02,1.841453909873962402e-01,1.816560626029968262e-01,2.926047742366790771e-01,3.400727808475494385e-01,4.496540129184722900e-01,6.613844037055969238e-01,4.983469843864440918e-01,6.618742346763610840e-01,5.237237811088562012e-01,6.627571582794189453e-01,3.667145073413848877e-01,5.020154118537902832e-01,2.117622792720794678e-01,2.455485761165618896e-01,4.781119823455810547e-01,5.917454361915588379e-01,5.492286682128906250e-01,4.563475847244262695e-01,3.689751029014587402e-01,2.569675743579864502e-01,4.853746891021728516e-01,4.524761140346527100e-01,-5.190083011984825134e-02,-9.512607008218765259e-03,2.052527815103530884e-01,2.966625392436981201e-01,2.881606295704841614e-02,1.593760401010513306e-01,-5.594570189714431763e-02,1.877221465110778809e-01,-2.827827446162700653e-02,1.613671928644180298e-01,9.610146284103393555e-02,-1.241883542388677597e-02,-1.958841979503631592e-01,-3.120816051959991455e-01,3.118959963321685791e-01,-3.129097819328308105e-02,-8.675395697355270386e-02,-2.331947684288024902e-01,1.035620570182800293e-01,1.787069626152515411e-02,1.296238303184509277e-01,-4.008753597736358643e-02,5.261560678482055664e-01,2.541398704051971436e-01,5.307716131210327148e-01,3.598762750625610352e-01,4.589193761348724365e-01,2.644502520561218262e-01,8.136992901563644409e-02,1.195200309157371521e-01,5.470286309719085693e-02,-4.725275933742523193e-02,1.958579197525978088e-02,1.726430654525756836e-02,-8.075038343667984009e-02,2.505692541599273682e-01,1.359393596649169922e-01,2.682309150695800781e-01
-3.340055346488952637e-01,-2.742505371570587158e-01,-2.660501897335052490e-01,-2.771863639354705811e-01,6.195255517959594727e-01,3.758665919303894043e-01,-2.611193954944610596e-01,-2.135589122772216797e-01,1.000000715255737305e+00,2.699830830097198486e-01,-2.517561316490173340e-01,-1.690836697816848755e-01,-1.529549211263656616e-01,-1.155478283762931824e-01,4.101292788982391357e-01,-9.285247325897216797e-02,-2.212385535240173340e-01,-1.792557835578918457e-01,-3.549307882785797119e-01,-2.598178982734680176e-01,-8.595764636993408203e-02,2.724321186542510986e-02,-1.569532454013824463e-01,-1.610750406980514526e-01,2.504503428936004639e-01,2.322924286127090454e-01,1.368330866098403931e-01,1.359415650367736816e-01,-4.381955042481422424e-02,3.217316418886184692e-02,-2.254631221294403076e-01,-1.969728022813796997e-01,-3.451683521270751953e-01,-3.118894398212432861e-01,-2.671514749526977539e-01,-1.928956806659698486e-01,-7.731136679649353027e-02,1.131667345762252808e-01,-1.984188556671142578e-01,-3.123355284333229065e-02,-2.315847724676132202e-01,1.352768950164318085e-02,-1.091989502310752869e-01,-2.486623078584671021e-01,-1.469488590955734253e-01,-2.257491350173950195e-01,-2.810594439506530762e-01,-3.123500049114227295e-01,-2.970434427261352539e-01,-3.899434804916381836e-01,-2.386594265699386597e-01,-3.338577747344970703e-01,-1.211109608411788940e-01,-1.743174791336059570e-01,-2.134722471237182617e-01,-1.859805285930633545e-01,-2.896260321140289307e-01,-2.735951542854309082e-01,-2.854352891445159912e-01,-4.155689477920532227e-01,-2.377902567386627197e-01,-2.724415063858032227e-01,-2.122879028320312500e-01,-1.620976179838180542e-01,-1.464494317770004272e-01,-2.582789957523345947e-01,-3.352142572402954102e-01,-3.516529500484466553e-01,-2.036965936422348022e-01,-2.821691334247589111e-01,-2.964101135730743408e-01,-2.470448613166809082e-01,-2.302525192499160767e-01,-1.634143441915512085e-01,-2.624704539775848389e-01,-1.848843395709991455e-01,-2.268522530794143677e-01,-2.720402777194976807e-01,6.236014887690544128e-02,1.284476518630981445e-01,-9.594038128852844238e-02,5.491580441594123840e-02,-2.307263761758804321e-01,-1.146548911929130554e-01,2.216682769358158112e-03,7.792675495147705078e-02,1.885333210229873657e-01,-5.730939656496047974e-02,2.245303243398666382e-02,-7.284193485975265503e-02,-8.345895260572433472e-02,-1.645168513059616089e-01,-2.538606058806180954e-03,-1.298161298036575317e-01,-1.691415533423423767e-02,8.798545598983764648e-02,-2.488583624362945557e-01,-1.789159923791885376e-01,-1.490255445241928101e-01,-1.979440599679946899e-01,-4.779629036784172058e-02,3.904354199767112732e-02,-2.768947556614875793e-02,8.766243606805801392e-02,-6.250973790884017944e-02,1.044854894280433655e-01,-1.376817077398300171e-01,6.419935077428817749e-02,-1.506840437650680542e-01,-5.573157966136932373e-02,-2.025607824325561523e-01,-3.448002636432647705e-01,-1.490571200847625732e-01,1.102907881140708923e-01,1.353790014982223511e-01,-6.972502171993255615e-02
6.127825751900672913e-02,2.540038898587226868e-02,1.309368759393692017e-01,8.789003640413284302e-02,3.505418449640274048e-02,2.831741869449615479e-01,7.860614359378814697e-02,8.871358633041381836e-02,2.699830830097198486e-01,1.000000119209289551e+00,-2.624716982245445251e-02,3.151645511388778687e-02,2.269094996154308319e-02,8.758311718702316284e-02,2.393656969070434570e-01,4.345691576600074768e-02,3.565463423728942871e-02,5.266173928976058960e-02,5.691250413656234741e-02,5.875992774963378906e-02,4.842435941100120544e-02,-1.341817229986190796e-01,1.398998200893402100e-01,1.762538850307464600e-01,8.506911247968673706e-02,8.539627492427825928e-02,8.354145288467407227e-02,3.099231421947479248e-02,-5.166589096188545227e-02,-1.605959534645080566e-01,1.255098134279251099e-01,1.520622074604034424e-01,1.287446022033691406e-01,1.101462915539741516e-01,9.079515188932418823e-02,9.726528078317642212e-02,-5.780807882547378540e-02,5.277745798230171204e-02,-8.036538213491439819e-02,-3.258203864097595215e-01,3.406273201107978821e-02,5.486492440104484558e-02,3.321242704987525940e-02,1.225342601537704468e-01,-1.138868276029825211e-02,2.431655116379261017e-02,1.449580788612365723e-01,1.098262369632720947e-01,2.055246084928512573e-01,1.164726763963699341e-01,1.058756187558174133e-01,3.772685304284095764e-02,9.163811802864074707e-02,1.104228049516677856e-01,2.143218070268630981e-01,1.031882315874099731e-01,9.254132211208343506e-02,5.289107561111450195e-02,1.965160071849822998e-01,1.173302754759788513e-01,1.111418753862380981e-01,5.137835815548896790e-02,2.015947364270687103e-03,4.300314188003540039e-02,6.579443812370300293e-02,1.704513095319271088e-02,1.783746927976608276e-01,1.307861506938934326e-01,1.545764803886413574e-01,1.561381220817565918e-01,2.025723457336425781e-02,7.095254212617874146e-02,5.434576421976089478e-02,5.363075807690620422e-02,-3.247210010886192322e-02,2.133248560130596161e-02,9.903395920991897583e-02,7.688146084547042847e-02,-1.462640147656202316e-02,-1.163465529680252075e-01,7.075531780719757080e-02,5.749773234128952026e-02,-3.162195980548858643e-01,4.073895514011383057e-02,7.352147251367568970e-02,-2.152821607887744904e-02,-1.565717607736587524e-01,1.412140578031539917e-01,1.275573968887329102e-01,1.107163652777671814e-01,4.328540712594985962e-02,5.741734802722930908e-02,-2.611577045172452927e-03,-5.019168928265571594e-02,-1.764981746673583984e-01,-8.588159829378128052e-02,-5.126116052269935608e-02,-6.260751187801361084e-02,1.763702183961868286e-01,1.365602463483810425e-01,8.012057095766067505e-02,-5.783446133136749268e-02,1.205968037247657776e-01,1.186483819037675858e-02,1.116347610950469971e-01,9.296773932874202728e-03,-2.431198209524154663e-02,-5.201279371976852417e-02,-1.151585206389427185e-02,-3.569525852799415588e-02,-9.628435969352722168e-02,7.999908924102783203e-02,5.710487440228462219e-02,-4.228014126420021057e-02,1.064763963222503662e-01,1.175737157464027405e-01
6.303690671920776367e-01,4.499628245830535889e-01,4.763510823249816895e-01,5.303528308868408203e-01,-2.504771947860717773e-01,8.687838166952133179e-02,5.015586614608764648e-01,5.464958548545837402e-01,-2.517561316490173340e-01,-2.624716982245445251e-02,9.999996423721313477e-01,6.580095291137695312e-01,7.664941549301147461e-01,6.557402014732360840e-01,1.779082119464874268e-01,3.247453570365905762e-01,5.070685744285583496e-01,4.258678257465362549e-01,6.084638833999633789e-01,6.134054064750671387e-01,1.998091191053390503e-01,3.272183984518051147e-02,4.763000905513763428e-01,4.398207962512969971e-01,-1.114699393510818481e-01,-9.520210325717926025e-02,-9.326864965260028839e-03,5.083999410271644592e-02,5.670385360717773438e-01,2.772290408611297607e-01,4.374665915966033936e-01,4.598786830902099609e-01,6.340942978858947754e-01,6.401318311691284180e-01,3.809436857700347900e-01,3.907093703746795654e-01,1.948342770338058472e-01,9.407437592744827271e-02,2.871724367141723633e-01,-2.148731425404548645e-02,1.582392156124114990e-01,3.422996774315834045e-02,-2.392487972974777222e-01,-1.012089923024177551e-01,9.801675379276275635e-02,1.427563875913619995e-01,-8.990899659693241119e-03,-7.923425734043121338e-02,1.298586726188659668e-01,5.389918386936187744e-02,1.101791709661483765e-01,4.378925636410713196e-02,-1.887065172195434570e-01,-2.223453223705291748e-01,2.259742021560668945e-01,-4.472873732447624207e-02,3.056116700172424316e-01,2.473491132259368896e-01,2.102382928133010864e-01,1.743557155132293701e-01,4.169815480709075928e-01,4.432092905044555664e-01,6.000765562057495117e-01,5.432471036911010742e-01,5.259997248649597168e-01,3.276875317096710205e-01,3.353701531887054443e-01,3.556616306304931641e-01,2.875682115554809570e-01,2.886218428611755371e-01,4.906924068927764893e-01,5.112236142158508301e-01,5.623988509178161621e-01,5.218830108642578125e-01,3.515630066394805908e-01,2.143281251192092896e-01,4.546990692615509033e-01,4.681373238563537598e-01,9.954079985618591309e-02,1.446364074945449829e-02,4.030795097351074219e-01,2.017846554517745972e-01,1.471967250108718872e-01,-1.075004041194915771e-02,1.555499881505966187e-01,-1.746844500303268433e-02,7.942600548267364502e-02,4.548003152012825012e-02,1.849388033151626587e-01,-5.690757557749748230e-02,-9.745285660028457642e-02,-2.726631164550781250e-01,2.386342287063598633e-01,-1.739162765443325043e-02,2.194002643227577209e-02,-1.378739327192306519e-01,2.779398262500762939e-01,2.605020105838775635e-01,1.373163461685180664e-01,3.265556320548057556e-02,3.923766911029815674e-01,2.081450074911117554e-01,4.104192554950714111e-01,2.618823349475860596e-01,3.805932402610778809e-01,2.264042198657989502e-01,1.812001615762710571e-01,6.131453067064285278e-02,2.608555555343627930e-01,1.120214834809303284e-01,1.573843806982040405e-01,1.166608631610870361e-01,-2.732315473258495331e-02,1.540526300668716431e-01,1.337740272283554077e-01,2.339762002229690552e-01
5.818805098533630371e-01,6.315121054649353027e-01,3.809996545314788818e-01,4.928132891654968262e-01,-1.794926375150680542e-01,1.492347866296768188e-01,3.646935820579528809e-01,5.886602997779846191e-01,-1.690836697816848755e-01,3.151645511388778687e-02,6.580095291137695312e-01,1.000000119209289551e+00,4.692594707012176514e-01,7.793037295341491699e-01,2.102364003658294678e-01,3.340657353401184082e-01,4.667759239673614502e-01,4.474809169769287109e-01,5.393760800361633301e-01,6.579252481460571289e-01,1.410314589738845825e-01,-2.583476342260837555e-02,3.464275598526000977e-01,4.010591506958007812e-01,-1.315833777189254761e-01,-7.386955618858337402e-02,3.625985607504844666e-02,4.448274895548820496e-02,4.288122057914733887e-01,2.719515860080718994e-01,3.904522955417633057e-01,4.130124449729919434e-01,5.734565854072570801e-01,6.285504102706909180e-01,2.919406890869140625e-01,3.312938213348388672e-01,-2.957940101623535156e-02,-2.665109187364578247e-02,1.713785976171493530e-01,-1.100506782531738281e-01,7.506858557462692261e-02,-2.887347154319286346e-02,-3.047910928726196289e-01,-9.109394997358322144e-02,4.877267777919769287e-02,1.143486350774765015e-01,-4.911243915557861328e-02,-1.063377782702445984e-01,2.261538505554199219e-01,1.374359875917434692e-01,1.285522878170013428e-01,1.971379071474075317e-01,-1.755834817886352539e-01,-1.683629453182220459e-01,1.817624568939208984e-01,-1.508328318595886230e-02,3.329514563083648682e-01,3.258482813835144043e-01,2.834835648536682129e-01,2.759014666080474854e-01,4.578251540660858154e-01,5.219630002975463867e-01,6.224029660224914551e-01,6.385702490806579590e-01,3.599650859832763672e-01,3.014306426048278809e-01,2.995302379131317139e-01,3.242876231670379639e-01,3.774510025978088379e-01,3.317195177078247070e-01,3.668064475059509277e-01,4.750553071498870850e-01,5.110878944396972656e-01,5.652580857276916504e-01,2.776330411434173584e-01,1.646996140480041504e-01,3.859510719776153564e-01,4.398428797721862793e-01,5.456776171922683716e-02,-4.624826833605766296e-02,3.706965744495391846e-01,2.448059469461441040e-01,-1.174772158265113831e-01,-1.190595049411058426e-02,-3.546452522277832031e-02,-4.990587756037712097e-02,3.456114605069160461e-02,4.803560674190521240e-02,1.435672938823699951e-01,9.105451405048370361e-02,-7.294367253780364990e-02,-2.412934601306915283e-01,2.486856728792190552e-01,-1.296519041061401367e-01,-9.347053617238998413e-02,-2.289312332868576050e-01,1.617355942726135254e-01,1.098252162337303162e-01,1.047011315822601318e-01,6.935681402683258057e-02,3.032603561878204346e-01,1.184204444289207458e-01,3.399222791194915771e-01,2.027110159397125244e-01,2.590865790843963623e-01,1.291621327400207520e-01,1.298380494117736816e-01,1.022693291306495667e-01,1.397461295127868652e-01,-1.977224601432681084e-03,-3.962112590670585632e-02,2.628695778548717499e-02,-3.820112033281475306e-04,1.359627097845077515e-01,1.425059605389833450e-02,6.872890889644622803e-02
5.368026494979858398e-01,2.579315304756164551e-01,5.245164036750793457e-01,4.865302145481109619e-01,-2.460379600524902344e-01,1.048366129398345947e-01,5.876085758209228516e-01,4.834800362586975098e-01,-1.529549211263656616e-01,2.269094996154308319e-02,7.664941549301147461e-01,4.692594707012176514e-01,9.999996423721313477e-01,5.261849164962768555e-01,2.653826773166656494e-01,3.560112416744232178e-01,3.045181334018707275e-01,3.376827239990234375e-01,4.972192645072937012e-01,3.823077976703643799e-01,1.925491839647293091e-01,5.360841378569602966e-02,4.975573718547821045e-01,4.409370124340057373e-01,-2.094438672065734863e-02,-1.232664473354816437e-02,4.456299170851707458e-02,9.874719381332397461e-02,5.698519349098205566e-01,2.764962017536163330e-01,4.780989885330200195e-01,5.106263756752014160e-01,4.872678220272064209e-01,5.313991904258728027e-01,3.550380170345306396e-01,3.598619103431701660e-01,1.609224379062652588e-01,1.127452552318572998e-01,3.007039725780487061e-01,-9.039017371833324432e-03,8.978751301765441895e-02,3.593048453330993652e-02,-2.110257595777511597e-01,-1.145574823021888733e-01,3.584296256303787231e-02,1.124748960137367249e-01,-2.724311500787734985e-02,-7.821939885616302490e-02,1.640144586563110352e-01,7.808051258325576782e-02,1.779007166624069214e-01,2.937765233218669891e-02,-1.712656468152999878e-01,-2.277514636516571045e-01,2.938450574874877930e-01,-3.978169336915016174e-02,1.038400903344154358e-01,1.646131128072738647e-01,1.861749738454818726e-01,1.655433028936386108e-01,3.149848878383636475e-01,3.511372208595275879e-01,4.538875818252563477e-01,4.433445930480957031e-01,5.496565699577331543e-01,3.472275733947753906e-01,3.154960274696350098e-01,3.285231590270996094e-01,1.374235004186630249e-01,1.464991122484207153e-01,5.962579846382141113e-01,5.507509708404541016e-01,5.827318429946899414e-01,4.680478274822235107e-01,3.679142296314239502e-01,3.052340447902679443e-01,5.270969867706298828e-01,5.124135613441467285e-01,1.926856674253940582e-02,1.174053847789764404e-01,2.960615158081054688e-01,1.955255717039108276e-01,1.535734534263610840e-01,1.023070886731147766e-02,2.661851942539215088e-01,4.581516236066818237e-02,1.507347226142883301e-01,7.156335562467575073e-02,2.207774370908737183e-01,-4.148419201374053955e-02,-1.386242210865020752e-01,-2.592823207378387451e-01,1.841776072978973389e-01,4.531138762831687927e-02,6.622537970542907715e-02,-5.500228330492973328e-02,2.398235201835632324e-01,1.631881743669509888e-01,4.464416205883026123e-02,-2.102687023580074310e-02,3.895714282989501953e-01,2.368264645338058472e-01,4.334204792976379395e-01,3.246011435985565186e-01,4.007425904273986816e-01,2.672621607780456543e-01,2.300254255533218384e-01,1.555500626564025879e-01,2.390670180320739746e-01,1.029548421502113342e-01,1.637370139360427856e-01,1.056703105568885803e-01,1.077657844871282578e-02,1.973259747028350830e-01,1.907860934734344482e-01,2.418812662363052368e-01
