1.000000119209289551e+00,5.354542732238769531e-01,1.116544231772422791e-01,4.285015463829040527e-01,4.456913769245147705e-01,4.581714570522308350e-01,5.572703480720520020e-01,4.253560602664947510e-01,3.867334723472595215e-01,3.865955173969268799e-01,6.098135560750961304e-02,1.245510056614875793e-01,1.958330869674682617e-01,5.913069471716880798e-02,4.415372312068939209e-01,3.752873241901397705e-01,1.466009914875030518e-01,9.138359874486923218e-02,1.462689787149429321e-01,1.383706033229827881e-01,3.976401090621948242e-01,3.304985463619232178e-01,-5.732788704335689545e-03,8.768304437398910522e-02,4.256207644939422607e-01,4.603633582592010498e-01,4.118796288967132568e-01,3.938466310501098633e-01,3.089527785778045654e-01,2.280133366584777832e-01,1.291233450174331665e-01,1.956007033586502075e-01,3.036592006683349609e-01,3.599076569080352783e-01,1.396079808473587036e-01,1.327842921018600464e-01,2.699742913246154785e-01,3.033388257026672363e-01,3.885053992271423340e-01,3.242588043212890625e-01,3.664196133613586426e-01,3.002039194107055664e-01,-7.283762842416763306e-02,-5.220319330692291260e-02,6.867003440856933594e-02,3.622273728251457214e-02,-1.048438102006912231e-01,-1.347023397684097290e-01,5.493908748030662537e-02,1.588977873325347900e-01,1.085424646735191345e-01,3.937375545501708984e-02,-7.715292274951934814e-02,-2.493019998073577881e-01,3.609246909618377686e-01,2.325558215379714966e-01,5.857391953468322754e-01,5.262973904609680176e-01,4.018793702125549316e-01,2.593501806259155273e-01,4.491833150386810303e-01,2.525784671306610107e-01,4.297926127910614014e-01,4.071158468723297119e-01,3.273453116416931152e-01,2.659568190574645996e-01,3.881416022777557373e-01,2.354908883571624756e-01,1.958894878625869751e-01,2.285325229167938232e-01,3.480553925037384033e-01,2.807804942131042480e-01,3.788669109344482422e-01,2.562869787216186523e-01,3.343720436096191406e-01,2.648236155509948730e-01,9.523209929466247559e-02,5.490438640117645264e-02,1.263486444950103760e-01,1.052241027355194092e-01,2.799966335296630859e-01,1.018974184989929199e-01,4.100193083286285400e-01,3.020217716693878174e-01,2.941219210624694824e-01,1.567053794860839844e-01,4.017521739006042480e-01,3.348588943481445312e-01,4.280380904674530029e-01,2.153697162866592407e-01,1.871804445981979370e-01,-6.216056644916534424e-03,1.640718802809715271e-02,9.565992653369903564e-02,2.225203216075897217e-01,2.756627202033996582e-01,3.124470710754394531e-01,3.007519841194152832e-01,1.519389748573303223e-01,5.069767683744430542e-02,2.671960592269897461e-01,2.067557871341705322e-01,4.123786389827728271e-01,3.615382313728332520e-01,2.776503860950469971e-01,2.544408738613128662e-01,1.525315046310424805e-01,3.167788088321685791e-01,1.079605296254158020e-01,1.463548094034194946e-01,7.085405290126800537e-02,5.574820563197135925e-02,-6.581927090883255005e-02,1.214946433901786804e-01,2.259624600410461426e-01,1.578335613012313843e-01
5.354542732238769531e-01,1.000000119209289551e+00,2.014869749546051025e-01,5.135878324508666992e-01,4.515774846076965332e-01,4.613370895385742188e-01,5.301628708839416504e-01,5.572405457496643066e-01,3.883373439311981201e-01,3.890984952449798584e-01,-2.821289375424385071e-02,2.151112854480743408e-01,7.963392883539199829e-02,1.751351654529571533e-01,4.045650959014892578e-01,4.405687451362609863e-01,1.396542508155107498e-02,1.470887362957000732e-01,1.397994756698608398e-01,9.697032719850540161e-02,3.518303334712982178e-01,3.255122303962707520e-01,4.621311277151107788e-02,1.598595827817916870e-01,3.773272037506103516e-01,4.096354544162750244e-01,3.955189883708953857e-01,3.672632873058319092e-01,2.587611377239227295e-01,3.037730455398559570e-01,1.439381837844848633e-01,2.410136759281158447e-01,1.691867411136627197e-01,2.767147719860076904e-01,1.018555238842964172e-01,1.171305626630783081e-01,2.733713984489440918e-01,4.141656458377838135e-01,3.639271259307861328e-01,4.103420674800872803e-01,3.981133103370666504e-01,3.782272040843963623e-01,-8.801166713237762451e-02,-1.559182722121477127e-02,1.570553183555603027e-01,1.486224681138992310e-01,-1.235418617725372314e-01,-6.382043659687042236e-02,1.506274789571762085e-01,2.766658663749694824e-01,5.056082457304000854e-02,1.757341027259826660e-01,-1.717855781316757202e-01,-1.455266326665878296e-01,3.022563457489013672e-01,3.526673913002014160e-01,5.038088560104370117e-01,6.497482657432556152e-01,3.944881260395050049e-01,3.389430940151214600e-01,3.346202671527862549e-01,3.854432106018066406e-01,3.877833187580108643e-01,5.808468461036682129e-01,2.336483001708984375e-01,3.906405568122863770e-01,3.546565175056457520e-01,2.737532258033752441e-01,1.273243427276611328e-01,2.217289060354232788e-01,2.792443931102752686e-01,3.009516894817352295e-01,3.632590174674987793e-01,3.767615556716918945e-01,3.299145400524139404e-01,3.711812496185302734e-01,8.379893749952316284e-02,9.108315408229827881e-02,2.601701207458972931e-02,1.095793917775154114e-01,9.710071980953216553e-02,2.011482864618301392e-01,4.074897468090057373e-01,4.137678146362304688e-01,1.106944903731346130e-01,2.501941621303558350e-01,4.287371635437011719e-01,4.276668429374694824e-01,3.051691651344299316e-01,3.347030282020568848e-01,1.677699238061904907e-01,1.465632319450378418e-01,7.523275911808013916e-02,1.972603350877761841e-01,2.135688364505767822e-01,3.094183802604675293e-01,2.566381096839904785e-01,2.607416808605194092e-01,1.145386770367622375e-01,1.659476906061172485e-01,2.683709561824798584e-01,2.911464869976043701e-01,3.917727172374725342e-01,3.570840656757354736e-01,1.477465480566024780e-01,1.711588501930236816e-01,1.336938291788101196e-01,3.019730746746063232e-01,1.386356949806213379e-01,2.132925987243652344e-01,-4.507704870775341988e-04,-1.329763606190681458e-02,-6.366725265979766846e-02,4.487590119242668152e-02,1.244570985436439514e-01,6.070026662200689316e-03
1.116544231772422791e-01,2.014869749546051025e-01,1.000000000000000000e+00,4.024244844913482666e-01,1.079953014850616455e-01,1.532907038927078247e-01,3.008174598217010498e-01,2.261515706777572632e-01,-1.282661594450473785e-02,1.150157898664474487e-01,5.526976287364959717e-02,1.808806210756301880e-01,4.293197393417358398e-02,2.072561532258987427e-01,5.370779894292354584e-03,9.330187737941741943e-02,5.269285663962364197e-02,1.587523519992828369e-01,3.754230588674545288e-02,7.516910880804061890e-02,4.101040586829185486e-02,5.908966064453125000e-02,5.537886619567871094e-01,5.590846538543701172e-01,2.045768797397613525e-01,1.895551979541778564e-01,1.061008349061012268e-01,9.542326629161834717e-02,5.357528850436210632e-02,1.975664496421813965e-01,2.699643373489379883e-01,3.563545048236846924e-01,-8.647544309496879578e-03,8.963765203952789307e-02,6.038364022970199585e-02,7.905001938343048096e-02,-6.713840365409851074e-02,1.373867094516754150e-01,-5.829118192195892334e-02,8.044622093439102173e-02,3.551592677831649780e-02,1.062322482466697693e-01,-6.505786627531051636e-02,2.709133177995681763e-02,2.159263193607330322e-02,7.742046564817428589e-02,-8.578196913003921509e-02,-1.076659653335809708e-02,8.032207190990447998e-02,1.681332141160964966e-01,-4.220382869243621826e-02,2.016433030366897583e-01,-7.665849477052688599e-02,2.004444785416126251e-02,-1.279345061630010605e-02,6.299440562725067139e-02,7.544431835412979126e-02,1.787538230419158936e-01,-6.918345578014850616e-03,8.676992356777191162e-02,-7.334458641707897186e-03,1.938993930816650391e-01,2.556027285754680634e-02,1.492932587862014771e-01,7.492982596158981323e-02,1.916605234146118164e-01,-2.506523393094539642e-02,7.671858766116201878e-04,-8.321969211101531982e-02,-1.860187202692031860e-02,3.568587452173233032e-02,7.645572721958160400e-02,1.194857731461524963e-01,1.940663754940032959e-01,7.803117483854293823e-02,1.282455772161483765e-01,1.285225898027420044e-01,1.514612436294555664e-01,-6.783235352486371994e-03,5.721052363514900208e-02,1.966939680278301239e-02,1.903443485498428345e-01,6.121421977877616882e-02,1.825487017631530762e-01,-2.607172913849353790e-02,1.619149595499038696e-01,1.290543973445892334e-01,1.964758783578872681e-01,4.373456165194511414e-02,1.206452175974845886e-01,-1.217372640967369080e-01,7.392255216836929321e-02,-1.934808790683746338e-01,4.216803237795829773e-02,-1.241155192255973816e-01,9.166266769170761108e-03,-6.703175604343414307e-02,-6.003732979297637939e-02,-3.735446557402610779e-02,4.424444958567619324e-02,-2.900114096701145172e-02,1.154647469520568848e-01,7.808421552181243896e-02,1.166970804333686829e-01,4.312688857316970825e-02,3.737777471542358398e-02,7.916197925806045532e-02,3.332944586873054504e-02,-4.050901904702186584e-02,-6.986340973526239395e-03,4.596834257245063782e-02,6.954841315746307373e-02,-1.362135866656899452e-03,2.747747115790843964e-02,1.873935945332050323e-02,-2.085830271244049072e-02
4.285015463829040527e-01,5.135878324508666992e-01,4.024244844913482666e-01,1.000000357627868652e+00,4.000113606452941895e-01,4.020103514194488525e-01,5.504435896873474121e-01,5.050502419471740723e-01,3.594073653221130371e-01,3.268093466758728027e-01,1.084695160388946533e-01,2.383975982666015625e-01,1.887681484222412109e-01,2.060531377792358398e-01,3.748958408832550049e-01,3.918710350990295410e-01,1.093284413218498230e-01,1.639439463615417480e-01,7.635325193405151367e-02,1.082896664738655090e-01,3.278760313987731934e-01,3.075002431869506836e-01,2.931959331035614014e-01,4.030506014823913574e-01,3.983962833881378174e-01,4.282180964946746826e-01,3.513790667057037354e-01,3.480843305587768555e-01,2.778719961643218994e-01,3.265679776668548584e-01,2.991417348384857178e-01,4.077620506286621094e-01,1.521080583333969116e-01,2.761471271514892578e-01,6.003109738230705261e-02,1.050470769405364990e-01,1.663924008607864380e-01,3.900747597217559814e-01,2.715175151824951172e-01,3.756580650806427002e-01,3.427245616912841797e-01,3.391731679439544678e-01,2.233990281820297241e-02,9.006197750568389893e-02,1.878237724304199219e-01,1.600827872753143311e-01,-6.271953880786895752e-02,5.661514587700366974e-03,1.441123485565185547e-01,1.829308271408081055e-01,3.193600103259086609e-02,9.842947870492935181e-02,-1.791801899671554565e-01,-1.549166142940521240e-01,2.289851605892181396e-01,2.742675542831420898e-01,3.391472101211547852e-01,4.455067515373229980e-01,2.396683692932128906e-01,1.587577462196350098e-01,1.920091360807418823e-01,2.165530174970626831e-01,2.304644286632537842e-01,3.990475237369537354e-01,1.471154391765594482e-01,2.239776253700256348e-01,2.225201129913330078e-01,1.542570888996124268e-01,6.086814403533935547e-02,1.169015765190124512e-01,2.365760207176208496e-01,2.337581366300582886e-01,3.523964583873748779e-01,3.362241089344024658e-01,3.208776116371154785e-01,3.084440231323242188e-01,1.076143756508827209e-01,1.210077032446861267e-01,9.886690974235534668e-02,1.668753921985626221e-01,1.488459855318069458e-01,1.994270980358123779e-01,3.466072380542755127e-01,3.735562264919281006e-01,4.883445799350738525e-02,1.580899655818939209e-01,3.269970715045928955e-01,3.556110858917236328e-01,2.245632112026214600e-01,2.291965484619140625e-01,6.345797330141067505e-02,7.419671863317489624e-02,-8.361309021711349487e-02,8.024758845567703247e-02,1.310635805130004883e-01,2.820074260234832764e-01,1.812905073165893555e-01,1.693683862686157227e-01,9.312401711940765381e-02,1.933629661798477173e-01,1.601378321647644043e-01,2.040026038885116577e-01,3.299820721149444580e-01,3.206373453140258789e-01,1.933587938547134399e-01,1.858755797147750854e-01,1.049397662281990051e-01,2.606096863746643066e-01,1.335030645132064819e-01,1.634392738342285156e-01,1.398808136582374573e-02,-4.836276348214596510e-04,-5.613473802804946899e-02,5.402318760752677917e-02,1.568610817193984985e-01,6.231839954853057861e-02
4.456913769245147705e-01,4.515774846076965332e-01,1.079953014850616455e-01,4.000113606452941895e-01,1.000000000000000000e+00,6.025071740150451660e-01,4.898253381252288818e-01,3.943545520305633545e-01,6.043580174446105957e-01,5.156126618385314941e-01,-7.431071996688842773e-02,-8.032795041799545288e-03,1.878147125244140625e-01,-1.834849244914948940e-03,5.951153039932250977e-01,5.079084038734436035e-01,-5.218114331364631653e-02,-6.702632457017898560e-02,2.781287021934986115e-02,3.391873557120561600e-03,4.095457792282104492e-01,3.609355092048645020e-01,-3.201508522033691406e-02,7.474249601364135742e-02,5.942870974540710449e-01,5.467393398284912109e-01,5.824342966079711914e-01,5.501720905303955078e-01,2.988230884075164795e-01,2.082683145999908447e-01,2.052891105413436890e-01,1.936087310314178467e-01,1.912143975496292114e-01,2.577109336853027344e-01,-8.711007237434387207e-02,-7.933871448040008545e-02,2.583307027816772461e-01,3.293533027172088623e-01,5.287592411041259766e-01,4.712672531604766846e-01,4.487894773483276367e-01,4.430745244026184082e-01,-1.188194677233695984e-01,-9.203461557626724243e-02,1.692812442779541016e-01,1.279238909482955933e-01,-2.400315105915069580e-01,-2.122858762741088867e-01,1.345258653163909912e-01,2.199568301439285278e-01,4.774020612239837646e-02,-2.994239039253443480e-04,-1.831465661525726318e-01,-2.911610603332519531e-01,3.547913432121276855e-01,2.915669679641723633e-01,4.632097184658050537e-01,4.222795367240905762e-01,3.604289889335632324e-01,2.926320731639862061e-01,3.256787657737731934e-01,1.750780791044235229e-01,3.310872912406921387e-01,3.235083818435668945e-01,2.845592200756072998e-01,2.015023827552795410e-01,2.387550920248031616e-01,1.660930663347244263e-01,7.397446036338806152e-02,1.188537999987602234e-01,3.061710000038146973e-01,2.835909724235534668e-01,3.284701406955718994e-01,2.833578586578369141e-01,3.145739436149597168e-01,3.053777217864990234e-01,7.013458758592605591e-02,5.678586289286613464e-02,-1.714965328574180603e-03,1.297312672249972820e-03,4.820564761757850647e-02,-3.285219147801399231e-02,5.888872146606445312e-01,4.223929643630981445e-01,8.487304300069808960e-02,-1.985826529562473297e-02,5.447288155555725098e-01,4.275380671024322510e-01,4.305149614810943604e-01,1.846447288990020752e-01,2.040269970893859863e-01,5.284094437956809998e-02,9.582971036434173584e-02,1.315540671348571777e-01,2.433502078056335449e-01,2.943994402885437012e-01,2.515358626842498779e-01,2.466166019439697266e-01,7.396764308214187622e-02,9.010558575391769409e-02,3.210610449314117432e-01,1.826318800449371338e-01,4.055878221988677979e-01,3.024032115936279297e-01,2.442606687545776367e-01,1.744120121002197266e-01,2.081120908260345459e-01,3.366469144821166992e-01,1.110512390732765198e-01,1.618103086948394775e-01,-9.621769934892654419e-02,-1.614041328430175781e-01,-1.778978109359741211e-01,4.732957854866981506e-02,1.095525920391082764e-01,6.928855925798416138e-02
4.581714570522308350e-01,4.613370895385742188e-01,1.532907038927078247e-01,4.020103514194488525e-01,6.025071740150451660e-01,1.000000119209289551e+00,4.926763176918029785e-01,4.329945445060729980e-01,5.045232772827148438e-01,5.921026468276977539e-01,-5.784664303064346313e-02,9.583464264869689941e-02,9.734530001878738403e-02,1.216682419180870056e-01,5.245270133018493652e-01,5.862032175064086914e-01,-1.193197630345821381e-02,4.074950888752937317e-02,-2.110682800412178040e-02,-2.429585903882980347e-02,4.648931920528411865e-01,4.319640398025512695e-01,1.953147165477275848e-02,1.422408223152160645e-01,5.825346112251281738e-01,6.136891841888427734e-01,6.072123050689697266e-01,6.117902398109436035e-01,3.178169429302215576e-01,3.207509815692901611e-01,2.218818366527557373e-01,2.537496984004974365e-01,2.327692806720733643e-01,3.073440492153167725e-01,2.623547054827213287e-02,3.415158018469810486e-02,3.075706362724304199e-01,3.658032417297363281e-01,5.406020879745483398e-01,5.134910941123962402e-01,4.914068877696990967e-01,5.138122439384460449e-01,-1.026127412915229797e-01,-5.455902218818664551e-02,1.550212651491165161e-01,1.010556891560554504e-01,-1.937397718429565430e-01,-1.645890325307846069e-01,9.889654815196990967e-02,2.219351530075073242e-01,2.225236035883426666e-02,2.055934444069862366e-02,-1.935823410749435425e-01,-2.604519724845886230e-01,3.398100137710571289e-01,3.432640433311462402e-01,4.276529550552368164e-01,4.340309798717498779e-01,3.386391699314117432e-01,2.646710574626922607e-01,3.519413769245147705e-01,1.925539076328277588e-01,2.907147407531738281e-01,3.615328967571258545e-01,3.452939689159393311e-01,2.218626290559768677e-01,2.878220975399017334e-01,2.081945985555648804e-01,6.395400315523147583e-02,1.188717111945152283e-01,3.010185658931732178e-01,3.133899271488189697e-01,3.512199521064758301e-01,3.583424091339111328e-01,3.199119567871093750e-01,3.445672392845153809e-01,6.152920797467231750e-02,5.230747535824775696e-02,4.910851642489433289e-02,5.990991368889808655e-02,6.597262620925903320e-02,9.951930493116378784e-02,5.291078686714172363e-01,5.229183435440063477e-01,7.412242889404296875e-02,7.862600684165954590e-02,4.793580472469329834e-01,4.900257885456085205e-01,3.755207061767578125e-01,2.506814002990722656e-01,1.329358369112014771e-01,4.622463881969451904e-02,-2.058881521224975586e-02,9.859083592891693115e-02,2.587963342666625977e-01,3.414439558982849121e-01,3.202579319477081299e-01,3.290324807167053223e-01,9.221535176038742065e-02,1.564342081546783447e-01,2.962969541549682617e-01,1.729224324226379395e-01,4.396441578865051270e-01,3.607061803340911865e-01,3.450835645198822021e-01,2.850112318992614746e-01,3.141269981861114502e-01,4.197234511375427246e-01,1.219167560338973999e-01,1.765712797641754150e-01,2.965282648801803589e-02,-5.292625352740287781e-02,-8.850120007991790771e-02,1.136868819594383240e-01,2.198526710271835327e-01,1.953021138906478882e-01
5.572703480720520020e-01,5.301628708839416504e-01,3.008174598217010498e-01,5.504435896873474121e-01,4.898253381252288818e-01,4.926763176918029785e-01,1.000000119209289551e+00,5.099522471427917480e-01,4.469399452209472656e-01,4.023077785968780518e-01,1.251349598169326782e-01,1.962510198354721069e-01,3.004549741744995117e-01,1.581124663352966309e-01,4.808116257190704346e-01,4.257479906082153320e-01,1.416042596101760864e-01,1.109170317649841309e-01,3.636949509382247925e-02,2.796818874776363373e-02,4.065148830413818359e-01,3.441601991653442383e-01,1.380239576101303101e-01,2.455793023109436035e-01,4.903172850608825684e-01,5.227501988410949707e-01,4.530398547649383545e-01,4.252909719944000244e-01,3.709577023983001709e-01,3.026192784309387207e-01,2.259319573640823364e-01,3.391496539115905762e-01,2.580134570598602295e-01,3.497340679168701172e-01,5.500219389796257019e-02,9.418802708387374878e-02,2.484557479619979858e-01,3.747206926345825195e-01,3.967114388942718506e-01,3.876034915447235107e-01,3.755495548248291016e-01,3.373197317123413086e-01,-1.632157340645790100e-02,4.008132591843605042e-02,1.616694629192352295e-01,1.198937594890594482e-01,-7.262993603944778442e-02,-7.498206943273544312e-02,1.324323415756225586e-01,2.163718193769454956e-01,1.358448266983032227e-01,1.140323802828788757e-01,-8.484170585870742798e-02,-2.162376642227172852e-01,3.425945341587066650e-01,2.729521095752716064e-01,4.910733401775360107e-01,4.758939445018768311e-01,3.525193333625793457e-01,2.448143362998962402e-01,3.388500809669494629e-01,2.285495400428771973e-01,3.637454211711883545e-01,4.045048952102661133e-01,2.856751084327697754e-01,2.685482203960418701e-01,3.109237551689147949e-01,2.079968899488449097e-01,3.865844011306762695e-02,1.020195856690406799e-01,3.316175639629364014e-01,2.924726307392120361e-01,4.153389930725097656e-01,3.371224701404571533e-01,3.483085036277770996e-01,3.230924010276794434e-01,1.394065469503402710e-01,1.156462728977203369e-01,1.169968396425247192e-01,1.200131326913833618e-01,2.607114911079406738e-01,1.536628454923629761e-01,4.547910392284393311e-01,3.682911396026611328e-01,2.248963266611099243e-01,1.623052954673767090e-01,3.992039561271667480e-01,3.510221242904663086e-01,3.860211372375488281e-01,2.055280208587646484e-01,1.281675249338150024e-01,4.846730269491672516e-03,-3.915485739707946777e-02,8.325123786926269531e-02,2.204903364181518555e-01,3.262893557548522949e-01,2.751848697662353516e-01,2.480656206607818604e-01,1.223133057355880737e-01,1.053581610321998596e-01,2.437310218811035156e-01,2.245086282491683960e-01,4.087935388088226318e-01,3.622007071971893311e-01,2.724823951721191406e-01,2.286823540925979614e-01,1.829679161310195923e-01,3.195467293262481689e-01,1.336541324853897095e-01,1.545417308807373047e-01,1.359029300510883331e-02,-2.241307124495506287e-02,-1.126497089862823486e-01,5.007675662636756897e-02,1.702203601598739624e-01,1.235736533999443054e-01
4.253560602664947510e-01,5.572405457496643066e-01,2.261515706777572632e-01,5.050502419471740723e-01,3.943545520305633545e-01,4.329945445060729980e-01,5.099522471427917480e-01,1.000000000000000000e+00,3.761290907859802246e-01,4.029161632061004639e-01,1.342365741729736328e-01,3.554520905017852783e-01,1.944318115711212158e-01,3.671292066574096680e-01,3.663806319236755371e-01,4.812445938587188721e-01,9.378387778997421265e-02,2.508149445056915283e-01,7.804335653781890869e-02,1.100509762763977051e-01,3.696605563163757324e-01,3.767409026622772217e-01,1.849388889968395233e-02,1.371723562479019165e-01,3.569122850894927979e-01,4.097320735454559326e-01,3.842650353908538818e-01,3.810047507286071777e-01,3.474734127521514893e-01,4.122904837131500244e-01,1.934114545583724976e-01,3.149011731147766113e-01,1.235447004437446594e-01,2.159646600484848022e-01,7.723443210124969482e-02,1.374036669731140137e-01,2.872451245784759521e-01,4.363017082214355469e-01,3.361890017986297607e-01,4.506934583187103271e-01,3.473662137985229492e-01,3.622985780239105225e-01,1.642799377441406250e-02,7.982115447521209717e-02,2.339918762445449829e-01,2.157614827156066895e-01,-7.804757356643676758e-02,-1.297959941439330578e-03,2.116136103868484497e-01,2.906315922737121582e-01,7.568918168544769287e-02,1.618808954954147339e-01,-1.632560789585113525e-01,-1.230121552944183350e-01,2.630110681056976318e-01,3.958155810832977295e-01,3.769113719463348389e-01,4.996199607849121094e-01,3.118054568767547607e-01,3.195115327835083008e-01,2.503992617130279541e-01,2.818928658962249756e-01,2.649451494216918945e-01,4.918485283851623535e-01,1.571835279464721680e-01,3.127342760562896729e-01,3.099010884761810303e-01,2.888612449169158936e-01,8.556055277585983276e-02,1.769280433654785156e-01,3.135761320590972900e-01,3.958747088909149170e-01,3.900639712810516357e-01,4.199911952018737793e-01,3.443564176559448242e-01,3.834123611450195312e-01,1.630294620990753174e-01,1.946198046207427979e-01,9.970693290233612061e-02,2.007026374340057373e-01,1.383398175239562988e-01,3.259477317333221436e-01,3.627771735191345215e-01,4.555690884590148926e-01,5.717891454696655273e-02,2.640797793865203857e-01,3.462761044502258301e-01,3.794310986995697021e-01,2.505653798580169678e-01,3.433929085731506348e-01,7.103676348924636841e-02,1.308117210865020752e-01,-6.959763914346694946e-02,2.642029337584972382e-02,2.713691592216491699e-01,3.760709762573242188e-01,3.034666776657104492e-01,3.095489442348480225e-01,1.151844337582588196e-01,2.418376803398132324e-01,1.402768194675445557e-01,1.283054053783416748e-01,2.902773916721343994e-01,2.603616714477539062e-01,1.977498829364776611e-01,2.118060588836669922e-01,1.761058717966079712e-01,2.959529757499694824e-01,2.345472127199172974e-01,3.288527429103851318e-01,3.704593330621719360e-02,-4.059632122516632080e-02,-9.887573122978210449e-02,3.834203258156776428e-02,1.282045245170593262e-01,8.058921992778778076e-02
3.867334723472595215e-01,3.883373439311981201e-01,-1.282661594450473785e-02,3.594073653221130371e-01,6.043580174446105957e-01,5.045232772827148438e-01,4.469399452209472656e-01,3.761290907859802246e-01,9.999998807907104492e-01,4.515364468097686768e-01,5.739573761820793152e-02,-1.826708950102329254e-02,2.974590063095092773e-01,-1.518532820045948029e-02,6.364479660987854004e-01,4.912351667881011963e-01,2.630445547401905060e-02,-5.077727884054183960e-02,6.304312497377395630e-02,-1.371367182582616806e-02,4.437783360481262207e-01,3.605527281761169434e-01,-1.348546296358108521e-01,-1.884541288018226624e-02,4.926560223102569580e-01,4.794304370880126953e-01,5.048770904541015625e-01,4.554190635681152344e-01,3.910553455352783203e-01,2.253817468881607056e-01,1.950370669364929199e-01,2.179060876369476318e-01,1.932623535394668579e-01,2.427073568105697632e-01,-9.556876122951507568e-02,-6.253297626972198486e-02,2.730007171630859375e-01,3.518790304660797119e-01,5.197985768318176270e-01,4.455314278602600098e-01,4.201405346393585205e-01,3.802404999732971191e-01,2.892411721404641867e-04,-1.158991595730185509e-03,2.314426749944686890e-01,1.018655598163604736e-01,-1.014983281493186951e-01,-9.298060089349746704e-02,8.589459955692291260e-02,1.082103401422500610e-01,9.614271670579910278e-02,-3.750438988208770752e-02,-1.017292365431785583e-01,-2.232125550508499146e-01,3.644264042377471924e-01,2.715685367584228516e-01,3.876587450504302979e-01,3.449859023094177246e-01,3.033375740051269531e-01,2.481405287981033325e-01,2.667159140110015869e-01,6.916843354701995850e-02,2.477034628391265869e-01,2.338223606348037720e-01,2.236485928297042847e-01,1.016767323017120361e-01,2.467259019613265991e-01,1.704419255256652832e-01,6.679844111204147339e-02,1.198085919022560120e-01,3.376744091510772705e-01,3.166044354438781738e-01,3.502676784992218018e-01,2.800483405590057373e-01,3.173089325428009033e-01,2.834528386592864990e-01,1.438760906457901001e-01,1.314185261726379395e-01,9.052694588899612427e-02,1.026986092329025269e-01,1.122867763042449951e-01,-6.975561380386352539e-02,5.706101059913635254e-01,3.324186205863952637e-01,9.010180085897445679e-02,-1.064232811331748962e-01,4.344824552536010742e-01,3.017813265323638916e-01,3.974278867244720459e-01,1.046011522412300110e-01,2.332485914230346680e-01,1.717046461999416351e-02,1.152977719902992249e-01,1.306934952735900879e-01,3.380639255046844482e-01,3.552798330783843994e-01,2.659056782722473145e-01,2.263951897621154785e-01,1.106807291507720947e-01,1.386202573776245117e-01,3.111622631549835205e-01,1.592946201562881470e-01,4.121524095535278320e-01,2.877812087535858154e-01,2.806726694107055664e-01,1.861667633056640625e-01,1.716078519821166992e-01,3.129552900791168213e-01,2.001942545175552368e-01,1.856227815151214600e-01,-1.574767678976058960e-01,-2.359160184860229492e-01,-1.807435750961303711e-01,1.287558488547801971e-02,1.349278241395950317e-01,1.349799931049346924e-01
3.865955173969268799e-01,3.890984952449798584e-01,1.150157898664474487e-01,3.268093466758728027e-01,5.156126618385314941e-01,5.921026468276977539e-01,4.023077785968780518e-01,4.029161632061004639e-01,4.515364468097686768e-01,1.000000119209289551e+00,-4.147962480783462524e-02,1.083617657423019409e-01,9.171374887228012085e-02,1.576548069715499878e-01,4.302889406681060791e-01,5.483633875846862793e-01,-1.145520433783531189e-02,7.982307672500610352e-02,-5.751229822635650635e-03,3.320466354489326477e-02,4.077242314815521240e-01,3.969526588916778564e-01,-2.536027319729328156e-02,8.181289583444595337e-02,4.888344705104827881e-01,5.466554760932922363e-01,5.050022006034851074e-01,4.895570874214172363e-01,3.181227147579193115e-01,3.089942634105682373e-01,2.254080474376678467e-01,2.478300780057907104e-01,2.052276730537414551e-01,2.706673741340637207e-01,5.854678526520729065e-02,4.042220488190650940e-02,2.982567548751831055e-01,3.111713230609893799e-01,4.431501030921936035e-01,4.074698984622955322e-01,4.217246770858764648e-01,4.082004427909851074e-01,-6.059413775801658630e-02,-4.053190723061561584e-02,1.919446587562561035e-01,1.027244701981544495e-01,-1.427021920680999756e-01,-1.321053802967071533e-01,8.935520797967910767e-02,1.983207613229751587e-01,-8.540964685380458832e-03,-4.145900253206491470e-03,-1.437237858772277832e-01,-2.070139497518539429e-01,2.898508906364440918e-01,3.034858703613281250e-01,3.751943409442901611e-01,3.696045875549316406e-01,2.690862417221069336e-01,2.303393781185150146e-01,2.900388240814208984e-01,1.096411347389221191e-01,2.223484516143798828e-01,3.071571886539459229e-01,2.822186648845672607e-01,1.704721599817276001e-01,2.774234116077423096e-01,1.780797988176345825e-01,1.052044034004211426e-01,1.489020884037017822e-01,2.966162860393524170e-01,3.073703944683074951e-01,3.334997296333312988e-01,3.341412246227264404e-01,3.113034069538116455e-01,3.393563628196716309e-01,9.099762141704559326e-02,8.660784363746643066e-02,7.048244029283523560e-02,9.240059554576873779e-02,4.818303138017654419e-02,9.005930274724960327e-02,4.250493943691253662e-01,4.871785342693328857e-01,5.275159329175949097e-02,8.727350831031799316e-02,4.134992659091949463e-01,4.860273599624633789e-01,3.427473902702331543e-01,2.736866474151611328e-01,9.594482928514480591e-02,9.640603512525558472e-02,-4.118307307362556458e-02,1.334961205720901489e-01,2.311493754386901855e-01,2.675430774688720703e-01,3.062832355499267578e-01,3.045932352542877197e-01,7.359147071838378906e-02,1.197815090417861938e-01,2.047483772039413452e-01,2.065993845462799072e-01,3.606027960777282715e-01,3.148812055587768555e-01,2.871434986591339111e-01,2.347532361745834351e-01,2.590060830116271973e-01,3.129544258117675781e-01,1.600047796964645386e-01,1.952611654996871948e-01,8.087426424026489258e-02,-4.123574122786521912e-02,-5.844030901789665222e-02,1.172312572598457336e-01,1.715255081653594971e-01,1.634883731603622437e-01
6.098135560750961304e-02,-2.821289375424385071e-02,5.526976287364959717e-02,1.084695160388946533e-01,-7.431071996688842773e-02,-5.784664303064346313e-02,1.251349598169326782e-01,1.342365741729736328e-01,5.739573761820793152e-02,-4.147962480783462524e-02,1.000000119209289551e+00,3.657604753971099854e-01,4.426676928997039795e-01,2.574088573455810547e-01,1.184000167995691299e-02,3.350108396261930466e-03,5.210859775543212891e-01,3.993315696716308594e-01,-2.111670561134815216e-03,5.029172077775001526e-02,1.367491036653518677e-01,6.403788179159164429e-02,1.104635000228881836e-01,1.106730177998542786e-01,-5.983001738786697388e-02,2.136622928082942963e-02,4.456001147627830505e-02,5.202096328139305115e-02,2.921557724475860596e-01,2.616077959537506104e-01,1.284075528383255005e-01,2.314420342445373535e-01,7.603291422128677368e-02,6.954073160886764526e-02,9.610433131456375122e-02,1.597993969917297363e-01,7.720325142145156860e-02,9.236435592174530029e-02,-4.362045601010322571e-02,5.176809802651405334e-02,-7.462728768587112427e-02,-6.127876043319702148e-02,2.496218532323837280e-01,2.203586399555206299e-01,1.202533859759569168e-02,-2.707851491868495941e-02,3.259788453578948975e-01,2.805461585521697998e-01,-1.112703010439872742e-01,-2.079782932996749878e-01,4.052322730422019958e-02,-4.806461185216903687e-02,1.427722871303558350e-01,9.527304768562316895e-02,2.396377362310886383e-02,-3.141101077198982239e-02,-4.235828295350074768e-02,-5.897544324398040771e-02,-4.760948568582534790e-02,-7.503429055213928223e-02,-5.540020391345024109e-02,-9.946241974830627441e-02,-1.597450971603393555e-01,-1.207926496863365173e-01,-6.572175025939941406e-02,-1.586388051509857178e-01,3.059602528810501099e-02,-1.682126335799694061e-02,-2.954059094190597534e-02,-4.464460071176290512e-03,9.308916330337524414e-02,1.357118636369705200e-01,1.402979344129562378e-01,1.384888738393783569e-01,9.592667222023010254e-02,1.000097095966339111e-01,1.791989058256149292e-01,1.661034375429153442e-01,3.683354854583740234e-01,3.834646046161651611e-01,3.819046914577484131e-01,2.838718891143798828e-01,-4.112436622381210327e-02,-3.723880648612976074e-02,2.124487906694412231e-01,1.321683228015899658e-01,-1.889813989400863647e-01,-2.186219692230224609e-01,1.029944866895675659e-01,2.013150602579116821e-02,-1.307841986417770386e-01,-1.423731148242950439e-01,-2.789480686187744141e-01,-2.349704056978225708e-01,9.765874594449996948e-02,1.322939395904541016e-01,1.204157769680023193e-01,4.523404687643051147e-02,6.053302809596061707e-02,3.670386224985122681e-02,-8.346482366323471069e-02,-7.615789771080017090e-02,9.016684256494045258e-03,-3.393035614863038063e-03,1.570486426353454590e-01,1.687704473733901978e-01,5.074679106473922729e-02,1.961299218237400055e-02,1.778139919042587280e-01,7.720091193914413452e-02,1.220597177743911743e-01,1.243069320917129517e-01,4.882837180048227310e-03,6.024467200040817261e-02,2.257916182279586792e-01,2.288859039545059204e-01
1.245510056614875793e-01,2.151112854480743408e-01,1.808806210756301880e-01,2.383975982666015625e-01,-8.032795041799545288e-03,9.583464264869689941e-02,1.962510198354721069e-01,3.554520905017852783e-01,-1.826708950102329254e-02,1.083617657423019409e-01,3.657604753971099854e-01,9.999998807907104492e-01,2.073525637388229370e-01,5.536286234855651855e-01,-9.037348441779613495e-03,1.528674364089965820e-01,3.149953484535217285e-01,5.348630547523498535e-01,-1.726449467241764069e-02,4.097231104969978333e-02,1.252260059118270874e-01,1.716583371162414551e-01,1.915248334407806396e-01,2.337078154087066650e-01,4.287237301468849182e-02,1.373364776372909546e-01,1.202455759048461914e-01,1.550166755914688110e-01,1.850672513246536255e-01,4.390701353549957275e-01,1.061077639460563660e-01,2.702586054801940918e-01,3.209370374679565430e-02,9.419148415327072144e-02,1.063771620392799377e-01,1.597775667905807495e-01,1.273899674415588379e-01,2.506104409694671631e-01,-2.825508080422878265e-02,1.758715659379959106e-01,3.890256397426128387e-03,1.094013005495071411e-01,5.602442845702171326e-02,1.246147081255912781e-01,-1.138926856219768524e-02,1.010574474930763245e-01,1.509353518486022949e-01,1.977761834859848022e-01,1.667473092675209045e-02,4.034047201275825500e-02,-9.183439612388610840e-02,9.996880590915679932e-02,-5.214370787143707275e-02,8.588752150535583496e-02,4.290134087204933167e-02,2.297308295965194702e-01,-1.116291154175996780e-02,1.900580078363418579e-01,-1.282468531280755997e-02,-9.439041838049888611e-03,-1.690807566046714783e-02,1.451752334833145142e-01,-5.422859918326139450e-03,2.393372803926467896e-01,-7.375397533178329468e-02,9.435901045799255371e-02,1.335981115698814392e-02,1.362054143100976944e-02,-4.222112149000167847e-02,8.535740897059440613e-03,5.228000134229660034e-02,1.783893406391143799e-01,1.502808928489685059e-01,3.234261870384216309e-01,1.521512866020202637e-01,2.592779994010925293e-01,5.508280918002128601e-02,9.409801661968231201e-02,2.008305341005325317e-01,3.400298058986663818e-01,2.242286652326583862e-01,5.543439388275146484e-01,-6.122988183051347733e-03,2.580583095550537109e-01,6.006352975964546204e-02,4.568463563919067383e-01,-6.139812618494033813e-02,6.225167587399482727e-02,-6.265976466238498688e-03,3.159303069114685059e-01,-9.451320022344589233e-02,8.923590928316116333e-02,-2.049479484558105469e-01,-1.732574105262756348e-01,-1.959429122507572174e-03,1.387365311384201050e-01,1.550470143556594849e-01,1.518751233816146851e-01,1.225968152284622192e-01,2.128782570362091064e-01,-9.330800920724868774e-02,8.527532219886779785e-03,-3.393474267795681953e-03,4.377290979027748108e-02,6.001346558332443237e-02,1.397307962179183960e-01,9.729405492544174194e-02,9.360989183187484741e-02,1.193272247910499573e-01,1.951268613338470459e-01,2.130522876977920532e-01,2.097624093294143677e-01,4.021961987018585205e-02,-2.018644846975803375e-02,1.228875964879989624e-01,7.182234525680541992e-02
1.958330869674682617e-01,7.963392883539199829e-02,4.293197393417358398e-02,1.887681484222412109e-01,1.878147125244140625e-01,9.734530001878738403e-02,3.004549741744995117e-01,1.944318115711212158e-01,2.974590063095092773e-01,9.171374887228012085e-02,4.426676928997039795e-01,2.073525637388229370e-01,1.000000238418579102e+00,2.056119889020919800e-01,2.764360904693603516e-01,9.912693500518798828e-02,3.882415890693664551e-01,1.988418847322463989e-01,4.860046133399009705e-02,1.270539127290248871e-02,2.007487118244171143e-01,1.162443459033966064e-01,1.864211447536945343e-02,6.204209104180335999e-02,1.964565962553024292e-01,2.111891657114028931e-01,2.273261994123458862e-01,1.890646964311599731e-01,3.785615861415863037e-01,2.404554039239883423e-01,2.231495380401611328e-01,2.803904712200164795e-01,8.998128771781921387e-02,8.439125865697860718e-02,-6.984936445951461792e-02,-2.067836560308933258e-02,1.034333035349845886e-01,2.035704404115676880e-01,1.219542771577835083e-01,1.734240055084228516e-01,3.242831677198410034e-02,2.494960092008113861e-02,1.022948995232582092e-01,6.610678136348724365e-02,5.757587030529975891e-02,-4.168669227510690689e-03,1.246872320771217346e-01,5.243155360221862793e-02,-2.431014738976955414e-02,-1.047974973917007446e-01,9.100250154733657837e-02,-7.244148105382919312e-02,1.101637035608291626e-01,-3.521602600812911987e-02,2.090132981538772583e-01,1.049795672297477722e-01,1.444919854402542114e-01,4.111211746931076050e-02,6.516429781913757324e-02,4.048017319291830063e-03,7.963270694017410278e-02,-8.024176955223083496e-02,1.022013649344444275e-02,-4.952105134725570679e-02,1.012073364108800888e-02,-8.017709106206893921e-02,6.088439375162124634e-02,-2.117836475372314453e-02,1.474733743816614151e-02,4.765680804848670959e-02,2.266296595335006714e-01,1.832237839698791504e-01,2.232085913419723511e-01,1.402469724416732788e-01,2.002982497215270996e-01,1.265029758214950562e-01,1.845760196447372437e-01,1.559359431266784668e-01,2.327391505241394043e-01,2.385743409395217896e-01,3.963916599750518799e-01,1.316557675600051880e-01,2.255985289812088013e-01,5.659719184041023254e-02,3.070152699947357178e-01,8.184979856014251709e-02,6.075518205761909485e-02,-4.343024641275405884e-02,2.846028506755828857e-01,8.971450477838516235e-02,6.684859842061996460e-02,-7.467640936374664307e-02,-1.197058036923408508e-01,-1.411882191896438599e-01,1.397367715835571289e-01,1.859368383884429932e-01,1.996028423309326172e-01,1.554438024759292603e-01,1.208357512950897217e-01,5.341690406203269958e-02,6.032756716012954712e-02,-2.467290032655000687e-03,1.346442550420761108e-01,7.014399021863937378e-02,1.631845086812973022e-01,1.157357245683670044e-01,3.365428745746612549e-02,1.003997102379798889e-01,1.776636391878128052e-01,1.333924978971481323e-01,4.095147550106048584e-02,5.992044229060411453e-03,-8.935571461915969849e-02,5.846674554049968719e-03,1.650336384773254395e-01,1.229207888245582581e-01
