1.000000119209289551e+00,6.324533820152282715e-01,5.941913127899169922e-01,5.722001194953918457e-01,3.521245121955871582e-01,2.830828130245208740e-01,5.304073691368103027e-01,3.392228186130523682e-01,2.916262149810791016e-01,2.029557079076766968e-01,3.410245180130004883e-01,3.369236588478088379e-01,3.392118215560913086e-01,3.086057901382446289e-01,3.697773516178131104e-01,3.779073953628540039e-01,3.166635036468505859e-01,3.289192020893096924e-01,6.665018200874328613e-01,6.334245204925537109e-01,2.676684856414794922e-01,2.800756096839904785e-01,4.251157045364379883e-01,4.489835202693939209e-01,3.123869597911834717e-01,2.601205110549926758e-01,2.524702548980712891e-01,2.772342562675476074e-01,3.472713232040405273e-01,2.953830957412719727e-01,3.524794280529022217e-01,3.705736398696899414e-01,3.276023268699645996e-01,3.295399546623229980e-01,7.769542932510375977e-02,-3.428602218627929688e-02,2.056538611650466919e-01,2.176279425621032715e-01,1.698305159807205200e-01,2.670309841632843018e-01,3.481497764587402344e-01,2.527159750461578369e-01,-6.295525282621383667e-02,7.674920372664928436e-03,-1.553750038146972656e-01,-1.168112829327583313e-01,1.334528028964996338e-01,4.174605011940002441e-02,-7.720497995615005493e-02,1.018297523260116577e-01,4.737342521548271179e-02,5.294854938983917236e-02,5.141793936491012573e-02,5.367414280772209167e-02,1.360775679349899292e-01,1.619116514921188354e-01,6.507298946380615234e-01,5.655076503753662109e-01,5.545105338096618652e-01,5.278735160827636719e-01,3.948527574539184570e-01,2.401250898838043213e-01,3.774590194225311279e-01,2.719314694404602051e-01,6.343517452478408813e-02,1.116656363010406494e-01,2.973140180110931396e-01,2.060344666242599487e-01,5.936210155487060547e-01,4.946875572204589844e-01,2.223668694496154785e-01,2.335030883550643921e-01,2.139911204576492310e-01,2.297301590442657471e-01,2.373947203159332275e-01,2.063373029232025146e-01,1.348772943019866943e-01,1.579342484474182129e-01,2.980371415615081787e-01,2.218248546123504639e-01,4.083671271800994873e-01,3.064920306205749512e-01,2.663150131702423096e-01,3.162945508956909180e-01,2.868400514125823975e-01,2.759918570518493652e-01,3.343231379985809326e-01,2.975971102714538574e-01,3.099278509616851807e-01,3.163709044456481934e-01,-2.381909936666488647e-01,-2.112445533275604248e-01,-1.296648532152175903e-01,-3.640079870820045471e-02,-1.072456128895282745e-02,2.945971861481666565e-02,2.372119575738906860e-02,1.390662789344787598e-01,-3.174724802374839783e-02,4.806524887681007385e-02,1.730586588382720947e-01,1.516168564558029175e-01,2.171297520399093628e-01,2.792910933494567871e-01,2.388615310192108154e-01,2.419915944337844849e-01,1.113484948873519897e-01,1.033695936203002930e-01,3.099920973181724548e-02,-5.012122541666030884e-02,-1.194093003869056702e-01,-8.012833446264266968e-02,-1.853729486465454102e-01,1.327911317348480225e-01,-4.665702115744352341e-03,4.462141916155815125e-02
6.324533820152282715e-01,9.999995231628417969e-01,5.203478336334228516e-01,6.034473776817321777e-01,2.238791435956954956e-01,2.002947032451629639e-01,4.211356639862060547e-01,4.502133131027221680e-01,1.591308563947677612e-01,6.767418980598449707e-02,2.288538664579391479e-01,3.753301799297332764e-01,1.907664537429809570e-01,3.407611846923828125e-01,1.608118861913681030e-01,2.270226329565048218e-01,2.752468287944793701e-01,3.986259698867797852e-01,5.490443706512451172e-01,6.380082964897155762e-01,1.714287996292114258e-01,1.984045803546905518e-01,3.479713499546051025e-01,3.939179778099060059e-01,1.983957588672637939e-01,1.921806037425994873e-01,1.419137269258499146e-01,1.637926995754241943e-01,2.616796791553497314e-01,2.896600663661956787e-01,2.509355545043945312e-01,2.662555575370788574e-01,2.596767842769622803e-01,2.535437345504760742e-01,-8.766318112611770630e-02,-1.645367294549942017e-01,8.548870682716369629e-02,1.316507458686828613e-01,7.195322960615158081e-02,1.676059812307357788e-01,1.954217702150344849e-01,1.646561622619628906e-01,-2.163181900978088379e-01,-1.228959038853645325e-01,-2.710267901420593262e-01,-2.169709503650665283e-01,7.453738362528383732e-04,-5.004770308732986450e-02,-1.748404204845428467e-01,3.309506922960281372e-02,-9.205087274312973022e-02,1.149965357035398483e-02,-4.698471352458000183e-02,5.960189551115036011e-02,1.932954974472522736e-02,9.845295548439025879e-02,6.440137028694152832e-01,7.103312015533447266e-01,5.201440453529357910e-01,6.367633342742919922e-01,3.159715235233306885e-01,3.167624175548553467e-01,2.702217102050781250e-01,3.715221583843231201e-01,-9.897522628307342529e-02,7.036677002906799316e-02,2.450665235519409180e-01,1.287117451429367065e-01,6.585507392883300781e-01,5.731582045555114746e-01,1.154836416244506836e-01,1.419698894023895264e-01,3.208405897021293640e-02,1.260811686515808105e-01,1.588979065418243408e-01,9.071348607540130615e-02,3.549496456980705261e-02,6.889943033456802368e-02,1.781807392835617065e-01,2.355802655220031738e-01,2.474388629198074341e-01,3.060203790664672852e-01,1.129814088344573975e-01,2.305876165628433228e-01,4.587534442543983459e-02,2.186565101146697998e-01,1.682206839323043823e-01,2.354450225830078125e-01,1.734814494848251343e-01,3.103633522987365723e-01,-3.754752278327941895e-01,-3.124923408031463623e-01,-3.166172206401824951e-01,-1.970128715038299561e-01,1.737162936478853226e-03,1.450682524591684341e-02,-7.565453648567199707e-02,1.000225841999053955e-01,-1.669891476631164551e-01,3.448345931246876717e-03,1.925985142588615417e-02,-9.949422441422939301e-03,8.588785678148269653e-02,1.389335393905639648e-01,2.137890458106994629e-01,1.232885569334030151e-01,1.834509670734405518e-01,2.230553776025772095e-01,3.825938329100608826e-02,-6.123591214418411255e-02,-2.044707834720611572e-01,-1.654424667358398438e-01,-2.755104601383209229e-01,-1.026236824691295624e-02,-1.230111271142959595e-01,5.786859989166259766e-02
5.941913127899169922e-01,5.203478336334228516e-01,1.000000119209289551e+00,6.520458459854125977e-01,2.427985370159149170e-01,1.405753940343856812e-01,6.699348092079162598e-01,5.361863970756530762e-01,2.501715421676635742e-01,1.196601018309593201e-01,3.282112181186676025e-01,3.405441939830780029e-01,3.208440840244293213e-01,3.765094578266143799e-01,2.785057425498962402e-01,3.571890592575073242e-01,2.027949988842010498e-01,2.009200900793075562e-01,5.797263979911804199e-01,5.235050320625305176e-01,1.153467297554016113e-01,1.855616569519042969e-01,6.466816067695617676e-01,6.244047880172729492e-01,3.332716822624206543e-01,3.367803096771240234e-01,7.104837149381637573e-02,1.031390428543090820e-01,3.182599246501922607e-01,2.802665233612060547e-01,4.397085309028625488e-01,4.298751950263977051e-01,2.744632959365844727e-01,2.634079456329345703e-01,2.908228896558284760e-02,-7.008528709411621094e-02,1.108488887548446655e-01,1.137251555919647217e-01,7.004384696483612061e-02,1.823725700378417969e-01,2.100585848093032837e-01,1.381280869245529175e-01,-2.735100686550140381e-01,-2.109714597463607788e-01,-2.795316278934478760e-01,-2.883975803852081299e-01,-8.176235854625701904e-02,-1.536327302455902100e-01,-2.419073134660720825e-01,-1.069644540548324585e-01,-1.722141802310943604e-01,-1.285613328218460083e-01,-1.635057926177978516e-01,-1.218042001128196716e-01,-6.151632964611053467e-02,-9.902795776724815369e-03,4.576601088047027588e-01,4.081092476844787598e-01,2.825774848461151123e-01,3.656869530677795410e-01,1.864190548658370972e-01,1.935541778802871704e-01,1.580725163221359253e-01,1.050973087549209595e-01,1.346292253583669662e-02,7.642520964145660400e-02,8.871772140264511108e-02,-3.837357042357325554e-03,4.656727612018585205e-01,3.292432129383087158e-01,2.627240121364593506e-01,2.982716560363769531e-01,1.802342832088470459e-01,2.143105268478393555e-01,1.900645792484283447e-01,1.678792238235473633e-01,1.455178111791610718e-01,1.416822075843811035e-01,1.939087063074111938e-01,1.754584908485412598e-01,2.318422496318817139e-01,2.092606574296951294e-01,2.443386018276214600e-01,3.108693361282348633e-01,1.203977763652801514e-01,1.168002858757972717e-01,2.805279195308685303e-01,3.912058770656585693e-01,1.025536581873893738e-01,1.646975278854370117e-01,-2.776297926902770996e-01,-2.954558730125427246e-01,-1.352529376745223999e-01,-6.216698884963989258e-02,5.263596400618553162e-02,8.145895600318908691e-02,-6.193499267101287842e-02,2.865769900381565094e-03,-1.499932855367660522e-01,-8.419039100408554077e-02,3.579412028193473816e-02,-4.564777482300996780e-03,4.385275021195411682e-02,1.089174672961235046e-01,2.277583926916122437e-01,1.212566420435905457e-01,2.519959509372711182e-01,2.735814154148101807e-01,1.504303216934204102e-01,-4.489345103502273560e-02,-1.686298251152038574e-01,-1.406209319829940796e-01,-2.158766537904739380e-01,-3.159460797905921936e-02,-2.588434703648090363e-02,1.294920444488525391e-01
5.722001194953918457e-01,6.034473776817321777e-01,6.520458459854125977e-01,9.999996423721313477e-01,1.178918853402137756e-01,1.059864237904548645e-01,5.431687235832214355e-01,6.309980750083923340e-01,1.076508909463882446e-01,6.952903419733047485e-02,1.842736899852752686e-01,3.387825787067413330e-01,1.590278744697570801e-01,3.606597781181335449e-01,1.388160437345504761e-01,2.953719198703765869e-01,8.787620812654495239e-02,1.439069807529449463e-01,5.618717670440673828e-01,6.079699993133544922e-01,1.209107264876365662e-01,1.733075380325317383e-01,4.946161508560180664e-01,5.926501750946044922e-01,1.212509199976921082e-01,2.123819440603256226e-01,-2.011271007359027863e-02,1.078419201076030731e-02,1.967236399650573730e-01,1.901021897792816162e-01,3.043242394924163818e-01,3.610479831695556641e-01,1.619307398796081543e-01,2.164320349693298340e-01,-1.029768064618110657e-01,-1.204191222786903381e-01,-2.981150755658745766e-03,3.611776605248451233e-02,-3.233537822961807251e-02,8.675646781921386719e-02,1.839810013771057129e-01,8.902527391910552979e-02,-2.255263030529022217e-01,-1.715701818466186523e-01,-2.540815770626068115e-01,-2.455930709838867188e-01,-1.377119272947311401e-01,-1.549044549465179443e-01,-1.895011067390441895e-01,-1.008636876940727234e-01,-1.649098843336105347e-01,-8.454106003046035767e-02,-1.831119656562805176e-01,-1.337902992963790894e-01,-1.475836634635925293e-01,-5.968396738171577454e-02,4.271369576454162598e-01,4.695305824279785156e-01,3.406336307525634766e-01,4.447785913944244385e-01,1.393895149230957031e-01,2.626071572303771973e-01,1.452926695346832275e-01,2.104821801185607910e-01,-6.177756935358047485e-02,9.175702929496765137e-02,1.609637141227722168e-01,1.056400015950202942e-01,5.240365862846374512e-01,3.799256682395935059e-01,1.604160964488983154e-01,2.378690987825393677e-01,6.313398480415344238e-02,1.306954473257064819e-01,8.038306236267089844e-02,7.604470849037170410e-02,4.983418434858322144e-02,5.021885409951210022e-02,7.874207943677902222e-02,4.072641581296920776e-02,1.166802719235420227e-01,1.202415823936462402e-01,1.263692528009414673e-01,2.022916823625564575e-01,2.067995630204677582e-02,1.325616389513015747e-01,1.210599541664123535e-01,2.465078681707382202e-01,1.847130060195922852e-02,1.499157249927520752e-01,-3.045562803745269775e-01,-2.735057473182678223e-01,-1.468791365623474121e-01,-9.882634133100509644e-02,-1.560792047530412674e-02,2.969756163656711578e-02,-1.487417817115783691e-01,-2.551661059260368347e-02,-2.377893030643463135e-01,-1.674274206161499023e-01,7.854432612657546997e-02,-9.789313189685344696e-03,1.022965759038925171e-01,1.359478831291198730e-01,1.780814677476882935e-01,1.043843328952789307e-01,2.473086565732955933e-01,2.724002599716186523e-01,6.885372847318649292e-02,-9.053611010313034058e-02,-2.226486504077911377e-01,-1.953271329402923584e-01,-2.957054376602172852e-01,-1.102734282612800598e-01,-7.558822631835937500e-02,8.965030312538146973e-02
3.521245121955871582e-01,2.238791435956954956e-01,2.427985370159149170e-01,1.178918853402137756e-01,1.000000119209289551e+00,6.040309667587280273e-01,2.123050987720489502e-01,-1.947451569139957428e-02,5.702994465827941895e-01,4.415116608142852783e-01,3.405462503433227539e-01,2.738365232944488525e-01,4.225831031799316406e-01,2.355605661869049072e-01,6.127976179122924805e-01,5.172954797744750977e-01,3.853275179862976074e-01,3.497443497180938721e-01,3.578159511089324951e-01,3.055128753185272217e-01,2.991941869258880615e-01,3.625417351722717285e-01,2.771296203136444092e-01,2.587539851665496826e-01,5.913743972778320312e-01,4.567706584930419922e-01,6.277306675910949707e-01,6.024461388587951660e-01,3.947827816009521484e-01,3.599303066730499268e-01,4.754275679588317871e-01,4.313683509826660156e-01,3.525818586349487305e-01,3.574781715869903564e-01,3.083433806896209717e-01,2.423343211412429810e-01,4.274360537528991699e-01,3.722428381443023682e-01,4.152943491935729980e-01,3.519009947776794434e-01,3.323703110218048096e-01,3.526522219181060791e-01,8.985044807195663452e-02,7.135107368230819702e-02,1.305301487445831299e-02,1.589560881257057190e-02,2.366547733545303345e-01,1.784330755472183228e-01,-1.574979163706302643e-02,1.069040000438690186e-01,1.550863534212112427e-01,3.266488760709762573e-02,2.026705741882324219e-01,2.104329913854598999e-01,3.817630410194396973e-01,2.767588198184967041e-01,3.243260383605957031e-01,2.094828337430953979e-01,3.119149208068847656e-01,1.395531892776489258e-01,3.545382916927337646e-01,3.901832550764083862e-02,2.773062884807586670e-01,7.585724443197250366e-02,2.020381838083267212e-01,8.212348818778991699e-02,2.225047200918197632e-01,1.945483088493347168e-01,2.697452604770660400e-01,2.703794240951538086e-01,3.629593551158905029e-01,3.321688771247863770e-01,4.134695529937744141e-01,3.617837131023406982e-01,5.289416909217834473e-01,4.740884304046630859e-01,3.329159617424011230e-01,3.517131507396697998e-01,3.294366300106048584e-01,2.880044877529144287e-01,3.779541552066802979e-01,3.924939036369323730e-01,3.395454883575439453e-01,4.302782714366912842e-01,4.449402093887329102e-01,3.609091341495513916e-01,3.904260993003845215e-01,2.966588437557220459e-01,4.849792718887329102e-01,4.008718132972717285e-01,-6.456232815980911255e-02,3.258420899510383606e-02,-3.286038758233189583e-03,3.391508013010025024e-02,-5.711748823523521423e-02,-6.198747549206018448e-03,2.175676077604293823e-01,1.999436020851135254e-01,1.806085705757141113e-01,2.069446593523025513e-01,1.445951312780380249e-01,2.126261889934539795e-01,1.855476051568984985e-01,2.236088216304779053e-01,2.024745941162109375e-01,2.988148331642150879e-01,-1.508827805519104004e-01,-2.541230022907257080e-01,8.756813593208789825e-03,-3.160830959677696228e-02,1.450751274824142456e-01,1.147897616028785706e-01,5.871371831744909286e-03,3.432943820953369141e-01,1.993726491928100586e-01,-4.097152128815650940e-02
2.830828130245208740e-01,2.002947032451629639e-01,1.405753940343856812e-01,1.059864237904548645e-01,6.040309667587280273e-01,9.999997615814208984e-01,7.168903201818466187e-02,-5.318145081400871277e-02,4.003771245479583740e-01,4.962087869644165039e-01,2.083998471498489380e-01,1.768276244401931763e-01,2.566038370132446289e-01,1.255190223455429077e-01,4.776141047477722168e-01,4.993315041065216064e-01,2.749622464179992676e-01,2.253500223159790039e-01,2.530508935451507568e-01,2.582522928714752197e-01,2.766484320163726807e-01,3.083473742008209229e-01,1.762174367904663086e-01,1.963415890932083130e-01,4.756516814231872559e-01,4.073882699012756348e-01,6.472355723381042480e-01,6.643854975700378418e-01,2.406421303749084473e-01,2.357075810432434082e-01,3.738425374031066895e-01,3.495701849460601807e-01,2.476984262466430664e-01,2.573521733283996582e-01,2.575720250606536865e-01,2.011691927909851074e-01,2.131010591983795166e-01,2.674647867679595947e-01,2.503659129142761230e-01,2.126610577106475830e-01,2.226892113685607910e-01,2.298001646995544434e-01,1.189465448260307312e-01,1.311717480421066284e-01,4.417863488197326660e-02,3.375297784805297852e-02,2.134396284818649292e-01,1.698429137468338013e-01,-2.178436843678355217e-03,5.095036327838897705e-02,1.690352261066436768e-01,1.772582158446311951e-02,2.021327763795852661e-01,1.853207945823669434e-01,2.799169123172760010e-01,2.241898030042648315e-01,2.992152273654937744e-01,2.231246680021286011e-01,2.642881274223327637e-01,1.062295064330101013e-01,2.576031684875488281e-01,-1.345554483123123646e-04,1.897209137678146362e-01,7.284918427467346191e-02,1.255748569965362549e-01,2.074302919209003448e-02,2.510774731636047363e-01,1.974212825298309326e-01,2.598185837268829346e-01,2.429604530334472656e-01,2.225820422172546387e-01,2.065941840410232544e-01,2.668287754058837891e-01,1.984630823135375977e-01,3.373130261898040771e-01,3.802417218685150146e-01,1.863710731267929077e-01,1.909328103065490723e-01,2.324803173542022705e-01,2.172349542379379272e-01,2.594015896320343018e-01,2.619256675243377686e-01,1.213466599583625793e-01,2.182333022356033325e-01,3.061331510543823242e-01,2.713425159454345703e-01,2.450955659151077271e-01,1.401893347501754761e-01,3.684935569763183594e-01,3.816832304000854492e-01,3.022219054400920868e-02,1.211441233754158020e-01,1.097840741276741028e-01,7.482779026031494141e-02,-9.407129883766174316e-02,-1.227739304304122925e-01,8.926741033792495728e-02,8.665637671947479248e-02,1.574028730392456055e-01,1.896626800298690796e-01,1.711886972188949585e-01,1.625744998455047607e-01,1.669768393039703369e-01,1.660317480564117432e-01,1.254568248987197876e-01,2.243265062570571899e-01,-1.936365664005279541e-01,-3.004943132400512695e-01,-4.337988793849945068e-02,-3.158485889434814453e-02,1.045907288789749146e-01,1.068552061915397644e-01,5.405350401997566223e-02,3.161540031433105469e-01,1.541886478662490845e-01,-8.584070950746536255e-02
5.304073691368103027e-01,4.211356639862060547e-01,6.699348092079162598e-01,5.431687235832214355e-01,2.123050987720489502e-01,7.168903201818466187e-02,9.999997615814208984e-01,5.409515500068664551e-01,2.756184637546539307e-01,1.383990943431854248e-01,4.410527646541595459e-01,3.846057057380676270e-01,4.730902314186096191e-01,4.246906042098999023e-01,2.308344990015029907e-01,2.798486948013305664e-01,2.993076443672180176e-01,2.332273572683334351e-01,4.621804356575012207e-01,4.104440808296203613e-01,9.375058859586715698e-02,1.514263004064559937e-01,5.666737556457519531e-01,5.231830477714538574e-01,2.070201635360717773e-01,2.034765481948852539e-01,7.261878810822963715e-03,3.075733408331871033e-02,3.813991844654083252e-01,3.211733400821685791e-01,4.269458055496215820e-01,4.048162698745727539e-01,3.413855135440826416e-01,3.407209217548370361e-01,7.968769967555999756e-02,-4.487133398652076721e-02,1.315592676401138306e-01,1.171718463301658630e-01,2.336216717958450317e-02,1.420518457889556885e-01,2.094671279191970825e-01,1.931827664375305176e-01,-1.703809201717376709e-01,-1.378861814737319946e-01,-1.117709279060363770e-01,-1.556464582681655884e-01,-2.575410343706607819e-02,-1.023215427994728088e-01,-1.163909286260604858e-01,-1.067468151450157166e-02,-1.310548633337020874e-01,-5.243825912475585938e-02,-1.369821280241012573e-01,-1.047462671995162964e-01,-4.977371171116828918e-02,7.954209111630916595e-03,4.154897034168243408e-01,3.490386009216308594e-01,2.234886288642883301e-01,3.068410456180572510e-01,2.527066469192504883e-01,3.153586685657501221e-01,2.500134408473968506e-01,2.211917489767074585e-01,7.043838500976562500e-02,1.749703735113143921e-01,8.299019187688827515e-02,3.408417105674743652e-02,3.019429445266723633e-01,2.028741389513015747e-01,3.098080158233642578e-01,3.194693624973297119e-01,2.333970814943313599e-01,2.505442798137664795e-01,2.162400186061859131e-01,2.168336510658264160e-01,2.362935990095138550e-01,2.226404547691345215e-01,2.330610156059265137e-01,1.670078039169311523e-01,2.659098207950592041e-01,2.352639287710189819e-01,2.070518285036087036e-01,2.781439423561096191e-01,9.086128324270248413e-02,1.218750253319740295e-01,1.643837541341781616e-01,2.863038182258605957e-01,5.466935783624649048e-02,1.146644204854965210e-01,-2.143267244100570679e-01,-2.521818578243255615e-01,-9.915275871753692627e-02,-4.737861827015876770e-02,8.697370439767837524e-02,1.235342547297477722e-01,-5.168748646974563599e-02,5.506369471549987793e-02,-7.929258048534393311e-02,3.866411745548248291e-03,5.091996118426322937e-02,5.746366456151008606e-02,6.657122820615768433e-02,1.590046584606170654e-01,2.695122957229614258e-01,1.287672221660614014e-01,2.333049476146697998e-01,3.188796639442443848e-01,1.916728764772415161e-01,-3.839737549424171448e-02,-7.497148215770721436e-02,-4.723465815186500549e-02,-9.616404771804809570e-02,4.880077019333839417e-02,-3.163610585033893585e-03,1.211641430854797363e-01
3.392228186130523682e-01,4.502133131027221680e-01,5.361863970756530762e-01,6.309980750083923340e-01,-1.947451569139957428e-02,-5.318145081400871277e-02,5.409515500068664551e-01,1.000000238418579102e+00,2.940687909722328186e-02,1.052744686603546143e-02,2.631227076053619385e-01,4.458108246326446533e-01,1.929279863834381104e-01,5.299924015998840332e-01,-7.107968628406524658e-02,1.887547075748443604e-01,7.393562048673629761e-02,1.205710172653198242e-01,3.016254007816314697e-01,3.672771453857421875e-01,-3.203159663826227188e-03,7.620906829833984375e-02,4.634143114089965820e-01,4.994468986988067627e-01,-3.002777881920337677e-02,1.188884377479553223e-01,-2.140648216009140015e-01,-1.788683235645294189e-01,2.050233930349349976e-01,2.268107831478118896e-01,2.492206990718841553e-01,2.905688881874084473e-01,1.545919179916381836e-01,2.148492336273193359e-01,-2.129542678594589233e-01,-1.982886493206024170e-01,-9.007739275693893433e-02,-5.206787213683128357e-02,-1.698271185159683228e-01,-2.978458628058433533e-02,5.866957455873489380e-02,3.240740299224853516e-02,-3.485234081745147705e-01,-2.583743631839752197e-01,-2.684914767742156982e-01,-2.551449239253997803e-01,-2.433164417743682861e-01,-2.384583055973052979e-01,-2.152430117130279541e-01,-1.460775583982467651e-01,-2.938994765281677246e-01,-1.236796677112579346e-01,-3.140665292739868164e-01,-2.439757585525512695e-01,-2.750390768051147461e-01,-1.641452312469482422e-01,2.708356976509094238e-01,3.145769536495208740e-01,9.843263030052185059e-02,3.045722246170043945e-01,7.227942347526550293e-02,4.120045304298400879e-01,8.637589216232299805e-02,2.586108148097991943e-01,-1.160334274172782898e-01,1.542865037918090820e-01,-3.444769605994224548e-02,-2.276311069726943970e-02,2.708216905593872070e-01,1.509908437728881836e-01,1.476701498031616211e-01,2.186741530895233154e-01,-4.309592768549919128e-03,8.401958644390106201e-02,1.063012634404003620e-03,1.693003810942173004e-02,6.630983203649520874e-02,5.787485837936401367e-02,7.796605117619037628e-03,2.930361032485961914e-02,5.170157179236412048e-03,7.901063561439514160e-02,2.228760719299316406e-02,1.020336076617240906e-01,-1.730780005455017090e-01,3.859418258070945740e-02,-5.251419916749000549e-02,1.789947897195816040e-01,-2.237352132797241211e-01,1.027605962008237839e-02,-3.028917908668518066e-01,-3.515905141830444336e-01,-2.091025263071060181e-01,-2.089281380176544189e-01,7.338123768568038940e-02,9.302993118762969971e-02,-2.083888202905654907e-01,-5.977237969636917114e-02,-2.784260511398315430e-01,-1.782320439815521240e-01,-8.514720946550369263e-02,-2.081535458564758301e-01,-7.435119897127151489e-02,-7.369744777679443359e-02,1.370756328105926514e-01,-7.166518270969390869e-02,3.488940298557281494e-01,3.969465792179107666e-01,1.764994114637374878e-01,-3.521111607551574707e-02,-2.318199276924133301e-01,-2.052293866872787476e-01,-2.288363575935363770e-01,-2.162390947341918945e-01,-1.454465687274932861e-01,1.303335875272750854e-01
2.916262149810791016e-01,1.591308563947677612e-01,2.501715421676635742e-01,1.076508909463882446e-01,5.702994465827941895e-01,4.003771245479583740e-01,2.756184637546539307e-01,2.940687909722328186e-02,9.999998807907104492e-01,5.099832415580749512e-01,4.475287497043609619e-01,3.289078176021575928e-01,5.666882395744323730e-01,3.142961263656616211e-01,6.013651490211486816e-01,4.604297578334808350e-01,4.244607090950012207e-01,3.276306986808776855e-01,2.930887639522552490e-01,2.329245805740356445e-01,1.921016275882720947e-01,2.675323784351348877e-01,2.273813039064407349e-01,1.852694004774093628e-01,4.272280633449554443e-01,2.849989831447601318e-01,3.588973283767700195e-01,3.526033759117126465e-01,4.466941654682159424e-01,3.870396316051483154e-01,3.870784342288970947e-01,3.358165919780731201e-01,3.935214281082153320e-01,4.114280045032501221e-01,2.723003029823303223e-01,1.613154560327529907e-01,4.651163816452026367e-01,3.686709702014923096e-01,3.949746489524841309e-01,3.940599262714385986e-01,3.470658361911773682e-01,3.320945203304290771e-01,7.226757705211639404e-02,6.275551766157150269e-02,-5.592912808060646057e-02,-6.423219293355941772e-02,2.507661879062652588e-01,1.758136600255966187e-01,-1.034051459282636642e-02,4.502522945404052734e-02,1.577748507261276245e-01,-2.643781946972012520e-03,2.022614032030105591e-01,1.725140064954757690e-01,3.489890694618225098e-01,2.736606895923614502e-01,2.789082825183868408e-01,1.398672461509704590e-01,1.924802958965301514e-01,1.240216381847858429e-02,4.005573391914367676e-01,1.268280893564224243e-01,3.482337892055511475e-01,1.022766232490539551e-01,2.968942224979400635e-01,9.513435512781143188e-02,1.502954214811325073e-01,1.348266005516052246e-01,2.097516953945159912e-01,2.398325502872467041e-01,3.178070783615112305e-01,3.069651722908020020e-01,4.152132272720336914e-01,3.897767364978790283e-01,4.694639444351196289e-01,4.284872710704803467e-01,2.454111725091934204e-01,2.533563077449798584e-01,4.101021885871887207e-01,3.264169096946716309e-01,4.405848979949951172e-01,3.548911213874816895e-01,3.410894572734832764e-01,3.860191702842712402e-01,4.906467199325561523e-01,3.075925409793853760e-01,3.732764422893524170e-01,2.662082910537719727e-01,4.530860185623168945e-01,3.321170210838317871e-01,-5.408439040184020996e-02,-2.079730108380317688e-02,5.306171253323554993e-02,4.765790700912475586e-02,-3.014710918068885803e-02,-6.978975143283605576e-03,2.447122931480407715e-01,1.885020583868026733e-01,1.476585417985916138e-01,1.498211175203323364e-01,1.405233591794967651e-01,2.095038741827011108e-01,2.057159543037414551e-01,1.869979351758956909e-01,1.587300449609756470e-01,2.547230124473571777e-01,-6.149844080209732056e-02,-1.104739606380462646e-01,8.774736523628234863e-02,-4.091154783964157104e-02,1.056184694170951843e-01,3.428256511688232422e-02,-3.609675914049148560e-02,2.546707391738891602e-01,1.011301577091217041e-01,-9.669158607721328735e-03
2.029557079076766968e-01,6.767418980598449707e-02,1.196601018309593201e-01,6.952903419733047485e-02,4.415116608142852783e-01,4.962087869644165039e-01,1.383990943431854248e-01,1.052744686603546143e-02,5.099832415580749512e-01,9.999998807907104492e-01,3.021495342254638672e-01,2.150486707687377930e-01,3.747570514678955078e-01,2.547043561935424805e-01,4.454542398452758789e-01,5.103026628494262695e-01,3.109488487243652344e-01,2.323602288961410522e-01,1.619241386651992798e-01,1.047677621245384216e-01,1.750678271055221558e-01,1.984283179044723511e-01,1.402609646320343018e-01,1.317914724349975586e-01,2.692407369613647461e-01,1.843468397855758667e-01,3.213549256324768066e-01,3.448217213153839111e-01,2.920425832271575928e-01,2.462113499641418457e-01,2.918322980403900146e-01,2.908194065093994141e-01,3.114436864852905273e-01,3.611516654491424561e-01,2.894194126129150391e-01,2.359110265970230103e-01,2.909070253372192383e-01,3.410612940788269043e-01,2.631575763225555420e-01,3.324809074401855469e-01,2.944260239601135254e-01,1.997637152671813965e-01,1.921166032552719116e-01,2.196062803268432617e-01,9.624606370925903320e-02,1.191129237413406372e-01,2.837933301925659180e-01,2.345460206270217896e-01,1.032013297080993652e-01,1.144058108329772949e-01,2.093032151460647583e-01,9.530171006917953491e-02,2.127140164375305176e-01,1.863181293010711670e-01,2.739772796630859375e-01,2.591753602027893066e-01,2.282273769378662109e-01,1.014320254325866699e-01,1.465198248624801636e-01,-2.665282413363456726e-02,3.217727243900299072e-01,1.516554355621337891e-01,3.436622619628906250e-01,1.724363267421722412e-01,3.202868103981018066e-01,2.122686058282852173e-01,2.198715806007385254e-01,2.149624824523925781e-01,8.282429724931716919e-02,1.208577007055282593e-01,2.847148478031158447e-01,3.146622776985168457e-01,3.450813591480255127e-01,3.200249969959259033e-01,3.052171468734741211e-01,3.961853384971618652e-01,2.278093993663787842e-01,2.137521803379058838e-01,3.381796777248382568e-01,1.918644756078720093e-01,3.496881723403930664e-01,3.428364098072052002e-01,1.521257907152175903e-01,1.958770304918289185e-01,3.787867128849029541e-01,3.639370501041412354e-01,2.340099066495895386e-01,1.732076704502105713e-01,3.006756305694580078e-01,3.134041726589202881e-01,8.369691669940948486e-02,2.499264664947986603e-02,2.147588282823562622e-01,1.756233870983123779e-01,-7.127125561237335205e-02,-4.448761790990829468e-02,1.777111142873764038e-01,1.387096047401428223e-01,1.723772585391998291e-01,1.411860734224319458e-01,2.174360156059265137e-01,2.071904540061950684e-01,2.401145696640014648e-01,1.719383746385574341e-01,1.517016440629959106e-01,2.824847996234893799e-01,-1.119592413306236267e-01,-2.164921015501022339e-01,-1.270299032330513000e-02,-3.932380583137273788e-03,8.808334171772003174e-02,6.555720418691635132e-02,1.481865793466567993e-01,2.535644769668579102e-01,1.467058211565017700e-01,-4.940342530608177185e-02
3.410245180130004883e-01,2.288538664579391479e-01,3.282112181186676025e-01,1.842736899852752686e-01,3.405462503433227539e-01,2.083998471498489380e-01,4.410527646541595459e-01,2.631227076053619385e-01,4.475287497043609619e-01,3.021495342254638672e-01,1.000000238418579102e+00,5.491730570793151855e-01,6.460404396057128906e-01,5.483790040016174316e-01,3.718695044517517090e-01,4.196423292160034180e-01,5.430944561958312988e-01,3.632744252681732178e-01,3.369578123092651367e-01,2.088014036417007446e-01,1.135224625468254089e-01,2.079912275075912476e-01,4.074392020702362061e-01,2.792290449142456055e-01,2.631572484970092773e-01,1.796643435955047607e-01,1.166314333677291870e-01,1.606666892766952515e-01,5.579097270965576172e-01,4.461254775524139404e-01,3.890730440616607666e-01,3.375988602638244629e-01,5.360071063041687012e-01,5.167629122734069824e-01,8.732829242944717407e-02,3.296389710158109665e-03,3.328294456005096436e-01,2.223807573318481445e-01,1.576294004917144775e-01,3.036677241325378418e-01,2.608656883239746094e-01,3.743112981319427490e-01,-1.068850234150886536e-01,-2.524387277662754059e-02,-1.487702429294586182e-01,-1.200368627905845642e-01,1.661692857742309570e-01,8.344336599111557007e-02,-9.401714801788330078e-02,2.273240499198436737e-02,4.503743257373571396e-03,-4.138331115245819092e-02,4.490561783313751221e-02,-9.929676540195941925e-03,1.905374377965927124e-01,2.106777578592300415e-01,3.049097657203674316e-01,1.684247404336929321e-01,1.272741407155990601e-01,9.362426400184631348e-02,3.779627382755279541e-01,2.981547713279724121e-01,3.865324258804321289e-01,2.647500038146972656e-01,9.588330239057540894e-02,9.307751804590225220e-02,9.792145341634750366e-03,3.037636168301105499e-02,1.389276981353759766e-01,1.132493242621421814e-01,4.224207699298858643e-01,3.919885754585266113e-01,3.891174495220184326e-01,3.843968808650970459e-01,3.208224177360534668e-01,4.116906523704528809e-01,3.833161294460296631e-01,3.551861941814422607e-01,3.749943077564239502e-01,2.663753032684326172e-01,4.525586068630218506e-01,3.097465932369232178e-01,3.275895416736602783e-01,3.371818661689758301e-01,2.895638942718505859e-01,2.161213159561157227e-01,2.838230729103088379e-01,3.275009393692016602e-01,1.765905320644378662e-01,1.940041929483413696e-01,-7.026123255491256714e-02,-2.014849931001663208e-01,-3.612226247787475586e-02,-1.351791769266128540e-01,6.231996789574623108e-02,8.078368008136749268e-02,1.193719655275344849e-01,1.972369253635406494e-01,1.355923414230346680e-01,1.793556064367294312e-01,4.743271693587303162e-02,-2.981097437441349030e-02,1.406901031732559204e-01,4.160895198583602905e-02,2.520633041858673096e-01,1.625354439020156860e-01,1.990886628627777100e-01,1.315056085586547852e-01,2.312035113573074341e-01,2.130209095776081085e-02,8.910436928272247314e-02,8.083914220333099365e-02,1.122177112847566605e-02,2.132006436586380005e-01,8.792051672935485840e-02,1.154512986540794373e-01
3.369236588478088379e-01,3.753301799297332764e-01,3.405441939830780029e-01,3.387825787067413330e-01,2.738365232944488525e-01,1.768276244401931763e-01,3.846057057380676270e-01,4.458108246326446533e-01,3.289078176021575928e-01,2.150486707687377930e-01,5.491730570793151855e-01,1.000000119209289551e+00,4.379799664020538330e-01,6.849998235702514648e-01,2.314198017120361328e-01,4.103895723819732666e-01,3.745117187500000000e-01,4.490486383438110352e-01,3.246484994888305664e-01,3.328648805618286133e-01,1.484832465648651123e-01,2.583734989166259766e-01,3.649153411388397217e-01,3.548222482204437256e-01,2.062298506498336792e-01,2.374002933502197266e-01,5.359064415097236633e-02,1.019900217652320862e-01,4.642869830131530762e-01,5.140132308006286621e-01,3.569199740886688232e-01,3.646136522293090820e-01,4.528459608554840088e-01,4.788534939289093018e-01,9.651455096900463104e-03,-4.025817289948463440e-02,2.514833509922027588e-01,2.989624142646789551e-01,1.290119439363479614e-01,2.487464249134063721e-01,2.147710323333740234e-01,3.363499939441680908e-01,-2.185111343860626221e-01,-1.500138342380523682e-01,-2.597248256206512451e-01,-2.324552536010742188e-01,4.018938541412353516e-02,-1.032020617276430130e-02,-1.420643180608749390e-01,1.413817983120679855e-02,-7.287798076868057251e-02,-1.921519823372364044e-02,-8.206700533628463745e-02,-1.601027697324752808e-02,9.502709656953811646e-02,1.121571436524391174e-01,3.059586882591247559e-01,2.601516544818878174e-01,2.338734865188598633e-01,2.439670860767364502e-01,4.353556036949157715e-01,4.762062132358551025e-01,3.646739125251770020e-01,4.156322479248046875e-01,9.316941350698471069e-02,2.095988392829895020e-01,9.127844870090484619e-02,8.790179342031478882e-02,2.522434294223785400e-01,2.144525647163391113e-01,2.861953973770141602e-01,2.881985306739807129e-01,2.238299995660781860e-01,3.061764538288116455e-01,2.566277682781219482e-01,2.334676682949066162e-01,2.443082183599472046e-01,2.733899056911468506e-01,2.412769198417663574e-01,3.056152760982513428e-01,3.112418353557586670e-01,3.542222082614898682e-01,1.702450513839721680e-01,3.920775055885314941e-01,1.688124090433120728e-01,2.734425663948059082e-01,1.361327618360519409e-01,3.032491505146026611e-01,9.712965041399002075e-02,2.595105171203613281e-01,-2.055362910032272339e-01,-2.345871627330780029e-01,-1.820055544376373291e-01,-2.198275029659271240e-01,9.825561940670013428e-02,6.325894594192504883e-02,4.088059440255165100e-02,7.679495215415954590e-02,-4.510610923171043396e-02,9.133691340684890747e-02,4.715308547019958496e-02,-3.491654619574546814e-02,1.398537606000900269e-01,9.264738112688064575e-02,2.721672356128692627e-01,1.492592841386795044e-01,1.866579055786132812e-01,2.435222864151000977e-01,2.249969094991683960e-01,5.734902247786521912e-02,-8.327339589595794678e-02,-7.609600573778152466e-02,-1.321844607591629028e-01,1.166490912437438965e-01,6.173494458198547363e-02,9.389078617095947266e-02
3.392118215560913086e-01,1.907664537429809570e-01,3.208440840244293213e-01,1.590278744697570801e-01,4.225831031799316406e-01,2.566038370132446289e-01,4.730902314186096191e-01,1.929279863834381104e-01,5.666882395744323730e-01,3.747570514678955078e-01,6.460404396057128906e-01,4.379799664020538330e-01,1.000000357627868652e+00,4.574994742870330811e-01,4.866252839565277100e-01,3.982014656066894531e-01,5.094088315963745117e-01,3.128564059734344482e-01,3.264121711254119873e-01,2.304888814687728882e-01,1.738077402114868164e-01,2.611832916736602783e-01,3.139385581016540527e-01,2.318160384893417358e-01,3.035359382629394531e-01,1.753725558519363403e-01,2.102601528167724609e-01,2.181554883718490601e-01,5.344976186752319336e-01,4.101458191871643066e-01,4.099264144897460938e-01,3.659285902976989746e-01,4.953897893428802490e-01,5.012962222099304199e-01,1.570143252611160278e-01,2.137096598744392395e-02,4.041356444358825684e-01,2.319830805063247681e-01,2.508537471294403076e-01,3.135388195514678955e-01,3.386600613594055176e-01,3.945144414901733398e-01,1.875612069852650166e-03,1.080124266445636749e-02,-1.062147021293640137e-01,-1.335302144289016724e-01,2.334370762109756470e-01,1.486244350671768188e-01,-8.547578752040863037e-02,-5.597179988399147987e-04,2.360696904361248016e-02,-5.978716164827346802e-02,1.272735744714736938e-01,1.040778383612632751e-01,2.694942653179168701e-01,2.576292455196380615e-01,2.861447036266326904e-01,1.717512011528015137e-01,1.366017162799835205e-01,4.179882258176803589e-02,3.974568843841552734e-01,2.392115443944931030e-01,3.150720596313476562e-01,1.489826738834381104e-01,1.299987733364105225e-01,5.023721978068351746e-02,5.358971282839775085e-02,4.193761199712753296e-02,1.908295601606369019e-01,1.792684644460678101e-01,3.920576572418212891e-01,3.875585198402404785e-01,4.199081063270568848e-01,3.705371320247650146e-01,3.748688101768493652e-01,4.228442311286926270e-01,3.450250625610351562e-01,3.253703117370605469e-01,3.860216140747070312e-01,2.818302214145660400e-01,4.356568157672882080e-01,3.083531260490417480e-01,3.448117077350616455e-01,3.649232089519500732e-01,3.593514561653137207e-01,2.237048298120498657e-01,3.012618124485015869e-01,2.814786136150360107e-01,3.321928083896636963e-01,2.792691290378570557e-01,-6.869679689407348633e-02,-9.501465409994125366e-02,-4.578121751546859741e-02,-6.507741659879684448e-02,1.557330321520566940e-02,-4.084943328052759171e-03,1.549512296915054321e-01,2.000603675842285156e-01,1.718521416187286377e-01,2.174851000308990479e-01,1.050043776631355286e-01,1.331991404294967651e-01,1.557064652442932129e-01,1.542628854513168335e-01,2.286929786205291748e-01,1.738808900117874146e-01,1.255013197660446167e-01,6.179485470056533813e-02,2.037122994661331177e-01,-5.800590850412845612e-03,1.365412324666976929e-01,7.591963559389114380e-02,-1.842494308948516846e-02,2.410777211189270020e-01,8.868894726037979126e-02,5.741710215806961060e-02
