9.999997615814208984e-01,2.134263366460800171e-01,4.651839137077331543e-01,1.007008999586105347e-01,1.364929974079132080e-01,-9.963091462850570679e-02,5.217263102531433105e-01,-5.464407429099082947e-02,1.234329268336296082e-01,6.329154968261718750e-02,6.060464978218078613e-01,1.777938567101955414e-03,4.585389792919158936e-01,4.997051507234573364e-02,1.541939228773117065e-01,6.359390914440155029e-02,3.731198310852050781e-01,6.696723401546478271e-02,4.742359220981597900e-01,2.529914379119873047e-01,2.418045327067375183e-02,4.821011796593666077e-02,8.497574180364608765e-02,-8.458524197340011597e-02,4.220099188387393951e-03,-2.487514913082122803e-02,-6.278248620219528675e-04,-8.862969465553760529e-03,3.110129237174987793e-01,6.183315813541412354e-02,-5.957107245922088623e-02,-1.220849826931953430e-01,1.977075785398483276e-01,3.117052093148231506e-02,-1.102294251322746277e-01,-2.110016196966171265e-01,5.942629277706146240e-02,6.755690276622772217e-02,-6.596708670258522034e-03,-5.055635049939155579e-02,2.133547365665435791e-01,1.085000485181808472e-01,-2.889078808948397636e-03,-1.232616230845451355e-01,1.614000089466571808e-02,-9.268275648355484009e-02,4.751982633024454117e-03,-1.212133467197418213e-01,1.788836419582366943e-01,4.737414792180061340e-02,1.812020987272262573e-01,-6.053140014410018921e-02,-1.163684949278831482e-01,-2.186271846294403076e-01,1.095821801573038101e-02,-1.630182564258575439e-01,4.913828969001770020e-01,1.699505895376205444e-01,4.471415579319000244e-01,2.076803892850875854e-01,5.273271799087524414e-01,1.460176557302474976e-01,3.635105788707733154e-01,4.308494180440902710e-02,5.120732784271240234e-01,3.099103830754756927e-02,1.948422789573669434e-01,-6.410194095224142075e-03,3.033183217048645020e-01,2.345982044935226440e-01,1.912402510643005371e-01,2.682770788669586182e-02,2.521575093269348145e-01,1.296233385801315308e-01,1.834635436534881592e-01,-2.744933217763900757e-02,1.813299506902694702e-01,-1.053812680765986443e-03,1.812805831432342529e-01,2.936704456806182861e-02,2.293772250413894653e-01,4.171639308333396912e-02,1.795686483383178711e-01,1.273988634347915649e-01,4.164917767047882080e-01,-1.143416836857795715e-01,1.503739953041076660e-01,7.642520125955343246e-03,4.583209156990051270e-01,-7.668056339025497437e-02,1.390282213687896729e-01,-4.643387347459793091e-02,-3.666544333100318909e-02,1.595503240823745728e-01,-7.480835914611816406e-02,-1.183577850461006165e-01,-7.980785518884658813e-02,-1.700490713119506836e-01,3.993348032236099243e-02,-7.806054502725601196e-02,1.106537356972694397e-01,2.199361622333526611e-01,1.079826802015304565e-01,2.444712370634078979e-01,9.168841689825057983e-02,9.870841354131698608e-02,1.203970834612846375e-01,-1.796229556202888489e-02,-1.032587364315986633e-01,-2.172144688665866852e-02,-9.213367849588394165e-02,-8.827625960111618042e-02,-3.331198170781135559e-02,1.887654662132263184e-01,1.242071092128753662e-01,-1.946369186043739319e-02
2.134263366460800171e-01,9.999997019767761230e-01,-5.255052074790000916e-02,4.511582255363464355e-01,-9.166486561298370361e-02,1.032482013106346130e-01,7.424841076135635376e-02,5.282412767410278320e-01,-5.903474986553192139e-02,2.784750610589981079e-02,8.711267262697219849e-03,4.538018107414245605e-01,-4.980446398258209229e-02,3.075480759143829346e-01,-2.156339436769485474e-01,-3.492699190974235535e-02,1.025427728891372681e-01,4.017155170440673828e-01,1.248179301619529724e-01,4.294707775115966797e-01,-1.280241012573242188e-01,-3.747631609439849854e-02,-1.065136268734931946e-01,-5.571602284908294678e-02,6.083606276661157608e-03,6.548921763896942139e-02,5.080210790038108826e-02,1.616148650646209717e-01,1.278287023305892944e-01,2.454677820205688477e-01,4.326497204601764679e-03,7.202084362506866455e-02,2.082229852676391602e-01,3.423179388046264648e-01,-7.422763854265213013e-02,6.496378034353256226e-02,-3.065285831689834595e-02,1.309746056795120239e-01,6.442859023809432983e-02,2.772137224674224854e-01,2.668035402894020081e-02,1.450179070234298706e-01,-1.290289014577865601e-01,1.035996079444885254e-01,8.651539683341979980e-02,2.662539482116699219e-01,5.803151801228523254e-02,6.701738387346267700e-02,1.606961339712142944e-01,3.984937965869903564e-01,4.069959744811058044e-02,3.238995969295501709e-01,-7.627875357866287231e-02,-2.346428036689758301e-01,-6.982230395078659058e-02,1.073677465319633484e-01,1.889946460723876953e-01,5.951030850410461426e-01,4.068368077278137207e-01,5.191519260406494141e-01,4.334942698478698730e-01,5.826884508132934570e-01,1.557546555995941162e-01,5.025585293769836426e-01,1.009050607681274414e-01,4.516106843948364258e-01,2.562561631202697754e-01,3.841358721256256104e-01,3.249181807041168213e-01,4.578338563442230225e-01,9.789190441370010376e-02,1.763812303543090820e-01,8.121947199106216431e-02,2.293007820844650269e-01,9.277124702930450439e-02,8.158337324857711792e-02,2.216507345438003540e-01,2.731533348560333252e-01,8.904268592596054077e-02,2.439747601747512817e-01,4.370998218655586243e-02,2.724763154983520508e-01,-1.254487335681915283e-01,5.855578929185867310e-02,-1.158461049199104309e-01,1.627923548221588135e-01,-2.579126507043838501e-02,3.958774264901876450e-03,6.185612082481384277e-02,4.060428142547607422e-01,1.816287487745285034e-01,1.366212069988250732e-01,6.925596296787261963e-02,-9.902472794055938721e-02,-7.727012783288955688e-02,-8.385220170021057129e-02,9.448309428989887238e-03,8.216680586338043213e-02,7.447095960378646851e-02,-3.358002053573727608e-03,5.509812384843826294e-03,-2.289327234029769897e-01,4.538324195891618729e-03,-1.195226833224296570e-01,1.017325818538665771e-01,-2.864594012498855591e-02,2.236151695251464844e-02,2.935669943690299988e-02,-2.110255183652043343e-03,-1.867928169667720795e-02,2.653916738927364349e-02,7.962467521429061890e-02,-7.773137651383876801e-03,6.887392699718475342e-02,1.346841454505920410e-01,7.310336828231811523e-02
4.651839137077331543e-01,-5.255052074790000916e-02,1.000000357627868652e+00,3.426811993122100830e-01,1.736098229885101318e-01,3.272764384746551514e-02,4.703773558139801025e-01,8.466375060379505157e-03,4.882594197988510132e-02,6.051009055227041245e-03,3.292564749717712402e-01,-1.466109305620193481e-01,3.287165760993957520e-01,-4.083101451396942139e-02,3.257082998752593994e-01,2.087305486202239990e-01,2.353343814611434937e-01,-6.735610216856002808e-02,5.554699301719665527e-01,2.853428125381469727e-01,2.629051506519317627e-01,2.002024501562118530e-01,6.372513771057128906e-01,4.284079670906066895e-01,1.255697607994079590e-01,1.138939931988716125e-01,9.666324406862258911e-02,6.866452842950820923e-02,2.150314301252365112e-01,6.486669182777404785e-02,3.546449840068817139e-01,2.634272575378417969e-01,2.445462644100189209e-01,6.792360544204711914e-02,2.852428555488586426e-01,7.678027451038360596e-02,2.729737758636474609e-01,1.912364512681961060e-01,2.211257368326187134e-01,1.310719847679138184e-01,3.654069304466247559e-01,2.820206284523010254e-01,-7.740122824907302856e-02,-1.788877844810485840e-01,-1.571362018585205078e-01,-3.629556894302368164e-01,-1.235218197107315063e-01,-1.989156305789947510e-01,-2.361808568239212036e-01,-2.527898550033569336e-01,-6.693958491086959839e-02,-1.769623011350631714e-01,-8.977835625410079956e-02,-1.469768285751342773e-01,4.454076755791902542e-03,-9.283494949340820312e-02,2.714623808860778809e-01,6.604921072721481323e-02,1.916572451591491699e-01,8.871733210980892181e-03,8.107861876487731934e-02,-1.446238905191421509e-01,1.035869196057319641e-01,-1.970417052507400513e-01,4.184921085834503174e-01,-1.724894791841506958e-01,1.149589046835899353e-01,-1.164128184318542480e-01,3.367983698844909668e-01,1.323998719453811646e-01,3.515088856220245361e-01,1.442119479179382324e-01,2.830291688442230225e-01,9.188941866159439087e-02,1.621471047401428223e-01,3.460786771029233932e-03,2.056061178445816040e-01,6.071723066270351410e-03,5.902926996350288391e-02,6.052270159125328064e-02,2.279688268899917603e-01,1.797675341367721558e-02,4.523313939571380615e-01,2.457657903432846069e-01,4.855128824710845947e-01,5.419278517365455627e-02,3.247651159763336182e-01,1.556040048599243164e-01,2.901171445846557617e-01,-1.406188905239105225e-01,-5.057938396930694580e-02,5.271879211068153381e-02,9.281909465789794922e-02,3.258939385414123535e-01,-2.294640615582466125e-02,-1.019908040761947632e-01,2.187569998204708099e-02,-1.427888721227645874e-01,-8.529306203126907349e-02,-1.098166853189468384e-01,1.495651751756668091e-01,4.236939549446105957e-01,8.369448781013488770e-02,3.596473038196563721e-01,1.268079280853271484e-01,1.844598650932312012e-01,1.550694704055786133e-01,1.716948486864566803e-02,6.561429053544998169e-02,7.073864340782165527e-03,9.410584717988967896e-02,-1.087376847863197327e-01,5.251420196145772934e-03,1.728318482637405396e-01,1.930920034646987915e-01,-4.407425597310066223e-02
1.007008999586105347e-01,4.511582255363464355e-01,3.426811993122100830e-01,1.000000000000000000e+00,5.193560570478439331e-02,2.649913430213928223e-01,2.359278351068496704e-01,6.650792956352233887e-01,-8.850482851266860962e-02,-2.383991330862045288e-02,-3.447447717189788818e-02,3.362825214862823486e-01,1.156021282076835632e-02,3.228703737258911133e-01,1.805716380476951599e-02,2.385682910680770874e-01,-6.659749150276184082e-02,1.576127558946609497e-01,1.749348193407058716e-01,4.642650187015533447e-01,1.089532822370529175e-01,1.764868348836898804e-01,3.154087364673614502e-01,5.147338509559631348e-01,1.194361373782157898e-01,1.786234676837921143e-01,1.238271221518516541e-01,1.772179156541824341e-01,8.495463430881500244e-02,2.195956110954284668e-01,4.114979803562164307e-01,4.533110558986663818e-01,2.853148281574249268e-01,3.493291139602661133e-01,2.054315358400344849e-01,2.293659299612045288e-01,-1.574211567640304565e-02,8.605641126632690430e-02,9.152567386627197266e-02,1.893742978572845459e-01,1.378574520349502563e-01,1.932452321052551270e-01,-2.578707337379455566e-01,-1.300765480846166611e-02,-1.486181281507015228e-02,8.378931879997253418e-02,-1.246898248791694641e-01,-8.921570330858230591e-02,-8.585710823535919189e-02,1.663949936628341675e-01,6.559960544109344482e-03,2.882932126522064209e-01,-3.318670392036437988e-02,-2.288250923156738281e-01,-5.468558147549629211e-02,2.752793952822685242e-02,4.910168424248695374e-02,2.134388834238052368e-01,1.377338171005249023e-01,1.975256204605102539e-01,7.284525781869888306e-02,2.041672766208648682e-01,2.563873119652271271e-02,1.785467714071273804e-01,1.978525072336196899e-01,4.280434250831604004e-01,1.656261980533599854e-01,2.682661414146423340e-01,1.733636558055877686e-01,2.199354916810989380e-01,2.855567336082458496e-01,3.116563260555267334e-01,1.365323960781097412e-01,1.951202452182769775e-01,6.802108138799667358e-02,8.081985265016555786e-02,1.511132866144180298e-01,1.084852814674377441e-01,-2.971047535538673401e-02,1.602153033018112183e-01,1.816958561539649963e-02,2.211821228265762329e-01,3.567117825150489807e-02,2.008357793092727661e-01,1.231431029736995697e-02,3.394144475460052490e-01,6.876125931739807129e-02,1.675649732351303101e-01,3.005429543554782867e-02,1.952132731676101685e-01,3.274305164813995361e-02,8.874788880348205566e-02,2.078370451927185059e-01,-1.127207372337579727e-02,-7.393428683280944824e-02,-7.326673716306686401e-02,-5.049553513526916504e-02,-3.743978217244148254e-02,-1.262917518615722656e-01,-1.037543416023254395e-01,2.753937244415283203e-01,-8.848504163324832916e-03,2.076486051082611084e-01,1.076956838369369507e-01,2.392296791076660156e-01,1.207836270332336426e-01,1.731585413217544556e-01,7.599841803312301636e-02,9.764850139617919922e-02,-7.098337262868881226e-02,8.920907974243164062e-02,-3.156616166234016418e-02,-3.901416063308715820e-02,1.004908457398414612e-01,1.671144217252731323e-01,-5.009930208325386047e-02
1.364929974079132080e-01,-9.166486561298370361e-02,1.736098229885101318e-01,5.193560570478439331e-02,1.000000357627868652e+00,5.187359452247619629e-01,1.801730543375015259e-01,-4.584725946187973022e-02,4.700606167316436768e-01,4.615879058837890625e-01,8.790872246026992798e-02,-1.573935896158218384e-01,4.216797277331352234e-02,-1.785466372966766357e-01,1.057188883423805237e-01,3.084798455238342285e-01,3.902493789792060852e-02,-2.238655239343643188e-01,6.117616221308708191e-02,2.926916070282459259e-02,9.247688949108123779e-02,1.336004436016082764e-01,-8.983030915260314941e-02,-8.058029413223266602e-02,-7.533024530857801437e-03,-5.774784460663795471e-02,5.490382760763168335e-02,-1.040629744529724121e-01,-3.840610012412071228e-02,-1.129926219582557678e-01,-1.151115447282791138e-01,-9.004370868206024170e-02,-9.255990386009216309e-02,-1.846976280212402344e-01,-3.998262807726860046e-02,-7.644487917423248291e-02,6.672693789005279541e-02,-8.256310969591140747e-02,1.333181113004684448e-01,2.687735483050346375e-02,-2.616426348686218262e-02,-6.218574568629264832e-02,-1.721145957708358765e-01,-2.559829950332641602e-01,-1.287143677473068237e-01,-1.276464313268661499e-01,-1.025736629962921143e-01,-1.230935007333755493e-01,-3.974800184369087219e-02,-8.497361838817596436e-02,3.978156670928001404e-02,-1.734604388475418091e-01,1.063005924224853516e-01,4.981010779738426208e-02,1.766050904989242554e-01,6.721588224172592163e-02,1.180681064724922180e-01,-8.427235484123229980e-02,1.025182530283927917e-01,1.564467251300811768e-01,6.523922085762023926e-02,-5.874848738312721252e-02,7.043921388685703278e-03,-1.266124099493026733e-01,1.594873219728469849e-01,2.279519103467464447e-02,3.388788551092147827e-02,-3.564253449440002441e-02,6.559705734252929688e-02,-1.479783374816179276e-02,9.346520900726318359e-02,-2.276568301022052765e-02,2.811207808554172516e-02,-4.904931038618087769e-02,-5.328349303454160690e-03,-1.368785500526428223e-01,-1.042093038558959961e-01,-1.828411072492599487e-01,3.872003033757209778e-02,-1.170600280165672302e-01,5.487834662199020386e-02,-1.228594556450843811e-01,3.161582723259925842e-02,-4.366941004991531372e-02,1.777516305446624756e-01,-1.156013384461402893e-01,2.360540479421615601e-01,6.771831214427947998e-02,4.180172085762023926e-01,4.411074332892894745e-03,-4.661199077963829041e-02,3.663965687155723572e-02,8.034712076187133789e-02,2.815279960632324219e-01,3.777260333299636841e-02,6.606206297874450684e-02,-3.329807892441749573e-02,-5.796939507126808167e-02,-5.834928154945373535e-02,-4.904482141137123108e-02,1.834135055541992188e-01,3.434797227382659912e-01,1.530501693487167358e-01,2.258035689592361450e-01,1.781811378896236420e-02,1.081166714429855347e-01,-1.322263628244400024e-01,-1.170151457190513611e-01,1.008564382791519165e-01,-1.962157431989908218e-03,-9.627701342105865479e-02,-1.121834293007850647e-01,-6.314311642199754715e-03,1.452393233776092529e-01,-8.656658232212066650e-02,-1.440798640251159668e-01
-9.963091462850570679e-02,1.032482013106346130e-01,3.272764384746551514e-02,2.649913430213928223e-01,5.187359452247619629e-01,9.999999403953552246e-01,-3.631671145558357239e-02,2.793867886066436768e-01,1.676862835884094238e-01,3.537592887878417969e-01,-1.292021572589874268e-01,4.843935370445251465e-02,-1.394434571266174316e-01,4.363505169749259949e-02,-3.814993426203727722e-02,3.098081350326538086e-01,-1.401189118623733521e-01,-4.234100133180618286e-02,-1.230047666467726231e-03,9.972524642944335938e-02,1.282738000154495239e-01,2.697595357894897461e-01,-1.030424982309341431e-01,1.705093309283256531e-02,2.180590033531188965e-01,2.291583716869354248e-01,2.800056636333465576e-01,2.263928800821304321e-01,-1.208832785487174988e-01,7.037275284528732300e-02,6.371183693408966064e-02,1.128020286560058594e-01,-3.196644037961959839e-02,-2.374565415084362030e-02,-1.547621376812458038e-02,5.165731161832809448e-02,-1.231485698372125626e-02,-7.517008110880851746e-03,1.498174071311950684e-01,1.575492173433303833e-01,-7.447201758623123169e-02,3.938523679971694946e-02,-2.020797580480575562e-01,-6.538212299346923828e-02,-6.792620569467544556e-02,4.113620892167091370e-02,-9.773835539817810059e-02,-8.575305342674255371e-03,-2.405205368995666504e-02,1.434568762779235840e-01,-1.423138473182916641e-02,9.898100793361663818e-02,5.587985366582870483e-02,6.732515245676040649e-02,7.005736976861953735e-02,1.559017449617385864e-01,-1.413938701152801514e-01,1.564470306038856506e-02,2.819822356104850769e-02,2.310804426670074463e-01,2.686255052685737610e-02,1.725225299596786499e-01,-1.324238032102584839e-01,7.761260122060775757e-02,5.497042834758758545e-02,2.397765815258026123e-01,1.430836692452430725e-02,7.015028595924377441e-02,3.757136315107345581e-02,1.021699607372283936e-02,2.190065085887908936e-01,2.855273783206939697e-01,7.643360644578933716e-02,1.504781991243362427e-01,1.192054431885480881e-02,1.949501223862171173e-02,-1.099754869937896729e-02,-1.412512362003326416e-01,4.948777612298727036e-03,5.320755392313003540e-02,-9.023638069629669189e-02,2.246746979653835297e-02,-1.797336339950561523e-01,-6.410718709230422974e-02,-2.289653569459915161e-02,7.484605908393859863e-02,3.529890999197959900e-02,8.172613568603992462e-03,2.107627391815185547e-01,2.851948738098144531e-01,-4.195769503712654114e-02,1.136521995067596436e-01,7.912187278270721436e-02,1.518076807260513306e-01,3.530396893620491028e-02,8.497215807437896729e-02,2.105693420162424445e-04,4.236828163266181946e-02,-3.335995599627494812e-02,3.075432777404785156e-02,2.043797671794891357e-01,1.868526041507720947e-01,1.920644640922546387e-01,1.747004389762878418e-01,1.714683771133422852e-01,1.561490446329116821e-01,6.722205318510532379e-03,-1.755165494978427887e-02,2.003561705350875854e-01,2.681999094784259796e-02,1.982714422047138214e-02,1.482916902750730515e-02,1.180047392845153809e-01,2.278276383876800537e-01,3.920991346240043640e-02,-8.024777472019195557e-02
5.217263102531433105e-01,7.424841076135635376e-02,4.703773558139801025e-01,2.359278351068496704e-01,1.801730543375015259e-01,-3.631671145558357239e-02,9.999995827674865723e-01,8.959766477346420288e-02,-1.199337933212518692e-02,-1.006232053041458130e-01,4.461665153503417969e-01,-9.376212023198604584e-03,2.426460981369018555e-01,-1.693801209330558777e-02,9.950602054595947266e-02,1.877966895699501038e-02,3.821921348571777344e-01,2.257021144032478333e-02,2.705732285976409912e-01,2.945013344287872314e-01,7.892914116382598877e-02,1.120428144931793213e-01,1.208753213286399841e-01,1.074764654040336609e-01,-9.049583226442337036e-03,-3.723821789026260376e-02,4.288064688444137573e-02,-4.875258356332778931e-02,3.335175812244415283e-01,1.060827523469924927e-01,1.459262222051620483e-01,5.623668432235717773e-02,3.351981937885284424e-01,2.257860451936721802e-01,1.584887132048606873e-02,5.995098501443862915e-03,1.192495599389076233e-01,1.254305392503738403e-01,1.417993754148483276e-02,3.991961106657981873e-02,2.241017818450927734e-01,1.439252644777297974e-01,-3.977039828896522522e-02,-1.394860744476318359e-01,1.365971863269805908e-01,3.547199815511703491e-02,-7.256216369569301605e-03,-7.994841039180755615e-02,1.557612866163253784e-01,-2.433524653315544128e-02,8.841837197542190552e-02,-1.185904666781425476e-01,2.182183787226676941e-02,-2.176704704761505127e-01,7.312911748886108398e-02,-1.949192881584167480e-01,4.445248544216156006e-01,2.786170318722724915e-02,3.879128396511077881e-01,2.149558067321777344e-01,3.548218309879302979e-01,1.072483509778976440e-01,4.446488320827484131e-01,4.491617903113365173e-02,2.989053130149841309e-01,9.844892472028732300e-02,2.658179998397827148e-01,1.918724924325942993e-01,2.647758424282073975e-01,2.159332782030105591e-01,3.078120350837707520e-01,1.647380441427230835e-01,2.780946493148803711e-01,8.922622352838516235e-02,1.320964395999908447e-01,6.333210319280624390e-02,2.005774974822998047e-01,9.077849239110946655e-02,1.694841235876083374e-01,-5.930279567837715149e-02,2.753506004810333252e-01,7.618245668709278107e-03,1.823378950357437134e-01,-1.661759801208972931e-02,2.688890099525451660e-01,-1.084502860903739929e-01,3.815926611423492432e-02,-8.165434747934341431e-02,3.007003068923950195e-01,-1.408874690532684326e-01,-1.059280894696712494e-02,-7.428435981273651123e-02,1.218857616186141968e-01,5.805796012282371521e-02,2.139497548341751099e-02,-1.146971434354782104e-02,1.556942798197269440e-02,-3.679201705381274223e-03,4.006671532988548279e-02,-1.256470829248428345e-01,2.920717298984527588e-01,1.076793074607849121e-01,2.904093563556671143e-01,2.081007361412048340e-01,2.047374397516250610e-01,1.751903742551803589e-01,1.900501996278762817e-01,3.832881525158882141e-02,2.077573537826538086e-02,-1.699807122349739075e-02,3.582539409399032593e-02,-6.218471378087997437e-02,-1.028933301568031311e-01,1.483933627605438232e-01,1.541772484779357910e-01,-8.677748590707778931e-02
-5.464407429099082947e-02,5.282412767410278320e-01,8.466375060379505157e-03,6.650792956352233887e-01,-4.584725946187973022e-02,2.793867886066436768e-01,8.959766477346420288e-02,1.000000238418579102e+00,-7.817000895738601685e-02,-1.273541059345006943e-02,-8.770189434289932251e-02,5.148152709007263184e-01,-8.585635572671890259e-02,4.618898034095764160e-01,-1.810434460639953613e-01,1.572926938533782959e-01,-9.425654262304306030e-02,3.112349510192871094e-01,1.572110503911972046e-02,3.971205651760101318e-01,3.881619498133659363e-02,1.259068250656127930e-01,2.669002115726470947e-02,2.320149987936019897e-01,-9.074226766824722290e-02,-6.209942977875471115e-03,4.364501219242811203e-03,1.256967484951019287e-01,-2.814521268010139465e-02,2.478986382484436035e-01,1.635884493589401245e-01,2.886522114276885986e-01,2.220594137907028198e-01,3.808944523334503174e-01,6.014782004058361053e-03,1.350001245737075806e-01,-8.793740719556808472e-02,5.239833146333694458e-03,-5.057154339738190174e-05,1.631562262773513794e-01,-3.703461959958076477e-02,6.593670696020126343e-02,-2.787905633449554443e-01,5.230709537863731384e-02,4.576272889971733093e-02,2.635097205638885498e-01,-1.080433204770088196e-01,-1.392548996955156326e-02,-4.824931174516677856e-02,3.044980168342590332e-01,-2.355920523405075073e-02,3.417177796363830566e-01,-3.398380056023597717e-02,-1.844426244497299194e-01,-1.922307014465332031e-01,1.758920028805732727e-02,-8.708107471466064453e-02,1.941462755203247070e-01,6.847687810659408569e-02,2.507568001747131348e-01,1.332712322473526001e-01,3.900716602802276611e-01,2.543191425502300262e-02,3.563183844089508057e-01,1.085094362497329712e-01,5.754712224006652832e-01,6.617855280637741089e-02,3.372721970081329346e-01,6.725624948740005493e-02,2.074752897024154663e-01,1.300403326749801636e-01,2.375452369451522827e-01,-1.366323232650756836e-02,1.205556914210319519e-01,-6.851590424776077271e-02,-1.497467793524265289e-02,6.062422692775726318e-02,1.502509415149688721e-01,-4.253812134265899658e-02,2.202120870351791382e-01,-9.701719135046005249e-02,2.368947118520736694e-01,-1.936905980110168457e-01,1.474899053573608398e-01,-1.953231096267700195e-01,2.785214781761169434e-01,-1.059133708477020264e-01,6.748798489570617676e-02,-1.219395026564598083e-01,3.305399715900421143e-01,7.195874303579330444e-02,7.805421948432922363e-02,8.290383219718933105e-02,-2.083161026239395142e-01,-1.193294078111648560e-01,-6.301086395978927612e-02,-1.025951951742172241e-01,-1.325660757720470428e-02,-1.111667826771736145e-01,-6.285646557807922363e-02,1.022208780050277710e-01,-2.330627888441085815e-01,5.638981983065605164e-02,-8.266852051019668579e-02,1.463656276464462280e-01,2.540022321045398712e-02,8.945869654417037964e-02,3.259288147091865540e-02,-1.349881058558821678e-03,-1.347400993108749390e-01,-1.980268396437168121e-02,-4.739894066005945206e-03,-9.688428789377212524e-02,7.319479249417781830e-03,1.054472029209136963e-01,-2.453529275953769684e-02
1.234329268336296082e-01,-5.903474986553192139e-02,4.882594197988510132e-02,-8.850482851266860962e-02,4.700606167316436768e-01,1.676862835884094238e-01,-1.199337933212518692e-02,-7.817000895738601685e-02,9.999997615814208984e-01,6.683720350265502930e-01,1.220317557454109192e-01,-4.803269356489181519e-02,1.002219021320343018e-01,-3.516179323196411133e-02,2.174455672502517700e-02,1.936793327331542969e-01,1.294180192053318024e-02,-4.695072025060653687e-02,8.951303362846374512e-02,-4.745777323842048645e-02,2.754893712699413300e-02,2.349128760397434235e-02,-3.013454191386699677e-02,-9.992556273937225342e-02,2.308473549783229828e-02,1.283397246152162552e-02,4.245386272668838501e-02,3.774762852117419243e-03,-7.023483514785766602e-02,-8.112645894289016724e-02,-1.093609929084777832e-01,-1.012980639934539795e-01,-7.831273227930068970e-02,-1.365919560194015503e-01,-6.099354848265647888e-02,-1.281389892101287842e-01,4.996133223176002502e-02,-9.039759635925292969e-02,2.869899012148380280e-02,-5.233442038297653198e-02,-7.855959981679916382e-02,-4.217200726270675659e-02,2.305566892027854919e-02,-1.124074533581733704e-01,-4.051365330815315247e-02,-1.183667629957199097e-01,6.429060362279415131e-03,-3.279240056872367859e-02,-1.835030317306518555e-02,-1.109140515327453613e-01,2.553804591298103333e-02,-1.623380929231643677e-01,1.033409591764211655e-02,5.396114662289619446e-02,1.152033358812332153e-01,1.324724256992340088e-01,7.563119381666183472e-02,-1.754212938249111176e-02,4.641415178775787354e-02,6.397504359483718872e-02,4.925358667969703674e-02,-2.547205612063407898e-02,5.098205804824829102e-02,-3.546855971217155457e-02,1.108342036604881287e-01,-6.822510808706283569e-02,8.048359304666519165e-03,-6.281143426895141602e-02,-3.029358945786952972e-02,-4.305709525942802429e-02,-2.778031304478645325e-02,-5.227681994438171387e-02,-9.795792866498231888e-04,6.094012875109910965e-03,9.519141912460327148e-02,-1.374185979366302490e-01,-1.389397308230400085e-02,-3.939996659755706787e-02,3.969652205705642700e-02,-1.613363437354564667e-02,7.706394791603088379e-02,-4.814217612147331238e-02,8.348868787288665771e-02,6.294488161802291870e-02,1.527607291936874390e-01,-5.094540491700172424e-02,2.138086110353469849e-01,1.719288229942321777e-01,2.096558064222335815e-01,7.318189740180969238e-02,7.531275600194931030e-02,1.066886484622955322e-01,-1.041179709136486053e-02,1.387703120708465576e-01,-6.053430214524269104e-02,-2.873390354216098785e-02,2.444138750433921814e-03,-1.151257939636707306e-02,8.379918336868286133e-02,6.085361540317535400e-02,4.477005079388618469e-02,1.399970799684524536e-01,3.896815469488501549e-03,3.885984420776367188e-02,-3.535868600010871887e-02,-2.807374810799956322e-03,-9.876966476440429688e-02,-1.008529141545295715e-01,-2.632504329085350037e-02,2.006586641073226929e-02,-7.432806491851806641e-02,1.317169517278671265e-02,2.555019035935401917e-02,1.119600161910057068e-01,5.326961632817983627e-03,-4.323226585984230042e-02
6.329154968261718750e-02,2.784750610589981079e-02,6.051009055227041245e-03,-2.383991330862045288e-02,4.615879058837890625e-01,3.537592887878417969e-01,-1.006232053041458130e-01,-1.273541059345006943e-02,6.683720350265502930e-01,1.000000119209289551e+00,1.973276957869529724e-02,-1.271615270525217056e-02,5.193604156374931335e-02,3.018127195537090302e-02,9.248090907931327820e-03,3.413908183574676514e-01,-9.460014849901199341e-02,-3.108708374202251434e-02,3.547845408320426941e-02,-6.509206444025039673e-02,4.889840632677078247e-02,9.055500477552413940e-02,-9.075648337602615356e-02,-1.372152715921401978e-01,3.061105310916900635e-02,2.803659625351428986e-02,2.920773252844810486e-02,-2.658290555700659752e-03,-1.186783909797668457e-01,-4.111518338322639465e-02,-1.075659394264221191e-01,-6.602572649717330933e-02,-1.519127637147903442e-01,-1.670179665088653564e-01,-1.298032142221927643e-02,-4.486930370330810547e-02,3.898285329341888428e-02,-7.668446749448776245e-02,2.655823342502117157e-02,-2.074255980551242828e-02,-1.054430454969406128e-01,-2.034599194303154945e-03,4.483955912292003632e-03,-7.110919058322906494e-02,-7.743793725967407227e-02,-9.870084375143051147e-02,1.100554969161748886e-02,-1.220706477761268616e-02,-1.548036374151706696e-02,-2.737791277468204498e-02,2.840188704431056976e-02,-4.216865077614784241e-02,-5.387145280838012695e-02,7.691536098718643188e-02,1.174738034605979919e-01,1.433315724134445190e-01,-3.582947701215744019e-02,3.445553407073020935e-02,-1.969769410789012909e-02,7.585263997316360474e-02,4.515097476541996002e-03,-6.536569446325302124e-03,-1.059863120317459106e-01,-3.106207819655537605e-03,1.384814232587814331e-01,4.963976796716451645e-03,-4.926060512661933899e-02,-9.398429840803146362e-02,-4.706387221813201904e-02,-1.129174530506134033e-01,-6.186753138899803162e-02,-1.885312609374523163e-02,-8.628594875335693359e-02,5.435809865593910217e-02,5.098050832748413086e-02,-1.194178685545921326e-01,-7.644846290349960327e-02,-4.971313104033470154e-02,-8.612950146198272705e-02,-4.233743064105510712e-03,-4.541972652077674866e-02,1.208731066435575485e-02,-2.141414443030953407e-03,4.453226178884506226e-02,7.180418819189071655e-02,3.691079840064048767e-02,1.726764738559722900e-01,1.346351951360702515e-01,1.582449525594711304e-01,1.772526204586029053e-01,7.180474698543548584e-02,1.334715634584426880e-01,6.918284296989440918e-02,1.250676512718200684e-01,-5.722203105688095093e-02,-1.283026766031980515e-02,-3.023652732372283936e-02,-3.120693564414978027e-02,5.545604974031448364e-02,5.881357192993164062e-02,3.171272203326225281e-02,1.063235178589820862e-01,-6.332474295049905777e-03,2.602714858949184418e-02,-4.895645752549171448e-02,-2.640969678759574890e-02,-9.107806533575057983e-02,-1.308118999004364014e-01,1.620988920331001282e-02,2.822260372340679169e-02,-8.372180908918380737e-02,-2.038593031466007233e-02,5.110929906368255615e-02,1.605361998081207275e-01,-2.464967546984553337e-03,-5.591129511594772339e-02
6.060464978218078613e-01,8.711267262697219849e-03,3.292564749717712402e-01,-3.447447717189788818e-02,8.790872246026992798e-02,-1.292021572589874268e-01,4.461665153503417969e-01,-8.770189434289932251e-02,1.220317557454109192e-01,1.973276957869529724e-02,9.999997019767761230e-01,8.127324283123016357e-02,6.785024404525756836e-01,1.914127916097640991e-01,2.853085994720458984e-01,7.814574241638183594e-02,4.814424514770507812e-01,1.762354224920272827e-01,4.113721847534179688e-01,1.641355901956558228e-01,-3.764560446143150330e-02,1.033884938806295395e-02,9.480703622102737427e-02,-7.178903371095657349e-02,-2.393944188952445984e-02,-5.621103942394256592e-02,-1.198614761233329773e-02,-4.299614951014518738e-02,4.597519338130950928e-01,1.438910663127899170e-01,2.329204604029655457e-02,-6.166953966021537781e-02,2.726959884166717529e-01,7.912971079349517822e-02,-1.388436257839202881e-01,-2.323749363422393799e-01,1.488144248723983765e-01,8.739081025123596191e-02,2.140532620251178741e-02,-3.614340722560882568e-02,1.850059628486633301e-01,1.472394764423370361e-01,1.487557590007781982e-01,-1.274918466806411743e-01,5.660976842045783997e-02,-9.119228273630142212e-02,5.601072311401367188e-02,-1.088755130767822266e-01,7.429296523332595825e-02,-1.082978844642639160e-01,-3.402421250939369202e-02,-2.585867047309875488e-01,-9.907193481922149658e-02,-1.784535348415374756e-01,4.450590535998344421e-02,-8.404351770877838135e-02,4.244824051856994629e-01,9.838035702705383301e-02,2.693200111389160156e-01,1.087058931589126587e-01,3.352787494659423828e-01,9.201008826494216919e-02,4.398818910121917725e-01,8.021112531423568726e-02,2.170956730842590332e-01,-1.061827242374420166e-01,1.547846496105194092e-01,1.328905345872044563e-04,2.704352438449859619e-01,2.160930186510086060e-01,2.789045572280883789e-01,1.155241578817367554e-01,2.892768979072570801e-01,1.456984877586364746e-01,1.646842211484909058e-01,3.177524078637361526e-03,2.002888023853302002e-01,2.700436487793922424e-02,2.828913927078247070e-01,1.264597773551940918e-01,3.330806195735931396e-01,6.559383869171142578e-02,2.712717354297637939e-01,1.917764097452163696e-01,3.838478922843933105e-01,-2.031544744968414307e-01,2.069153338670730591e-01,1.828918159008026123e-01,3.587557673454284668e-01,-1.138308346271514893e-01,1.618380844593048096e-01,-1.082911193370819092e-01,-3.345938026905059814e-02,3.243121132254600525e-02,4.930004477500915527e-02,3.496363351587206125e-04,9.303625673055648804e-02,-3.868279745802283287e-04,1.907498687505722046e-01,4.113870486617088318e-02,1.071636751294136047e-01,9.186697751283645630e-02,1.467906087636947632e-01,1.704705804586410522e-01,9.070672094821929932e-02,7.830416411161422729e-02,1.234270557761192322e-01,4.826605319976806641e-02,-3.703599050641059875e-02,8.059265464544296265e-02,-7.358790189027786255e-02,4.396197572350502014e-02,8.492951840162277222e-02,2.437648326158523560e-01,2.210593968629837036e-01,-7.526895031332969666e-03
1.777938567101955414e-03,4.538018107414245605e-01,-1.466109305620193481e-01,3.362825214862823486e-01,-1.573935896158218384e-01,4.843935370445251465e-02,-9.376212023198604584e-03,5.148152709007263184e-01,-4.803269356489181519e-02,-1.271615270525217056e-02,8.127324283123016357e-02,1.000000238418579102e+00,1.016577109694480896e-01,6.510636806488037109e-01,-1.450714766979217529e-01,9.577362984418869019e-02,7.651465386152267456e-02,5.088546872138977051e-01,8.636081591248512268e-03,2.685183882713317871e-01,-1.614972203969955444e-01,-1.497139036655426025e-02,-4.790524393320083618e-02,1.148348674178123474e-01,-1.786329597234725952e-01,-1.062883511185646057e-01,-1.278172731399536133e-01,8.180668810382485390e-04,1.202483698725700378e-01,3.730838000774383545e-01,9.739920496940612793e-02,1.995215266942977905e-01,2.918426096439361572e-01,4.335375130176544189e-01,3.477058932185173035e-02,9.930001199245452881e-02,-2.272343449294567108e-02,1.229248791933059692e-01,-2.707641385495662689e-02,1.074409037828445435e-01,-8.133044093847274780e-02,8.271223306655883789e-02,-8.534375578165054321e-02,1.592440009117126465e-01,2.236694097518920898e-01,3.370887935161590576e-01,-9.818425402045249939e-03,6.032771244645118713e-02,9.349792450666427612e-02,3.000528812408447266e-01,5.030119791626930237e-02,3.402971923351287842e-01,-1.573895514011383057e-01,-2.070690244436264038e-01,-1.717596799135208130e-01,1.151459068059921265e-01,4.435012117028236389e-02,2.770929336547851562e-01,1.313817501068115234e-01,1.180329993367195129e-01,2.708040475845336914e-01,3.508110046386718750e-01,2.256184667348861694e-01,5.276585221290588379e-01,6.306289136409759521e-02,4.683111011981964111e-01,2.629108130931854248e-01,4.320354461669921875e-01,4.232512041926383972e-02,2.832487225532531738e-01,-1.867337338626384735e-02,1.272773444652557373e-01,-2.572763152420520782e-02,1.929195672273635864e-01,-8.329974859952926636e-02,4.901251941919326782e-02,1.956123709678649902e-01,3.878673911094665527e-01,1.557059437036514282e-01,3.521527051925659180e-01,1.235572770237922668e-01,5.324229598045349121e-01,-2.246770709753036499e-01,1.648781448602676392e-01,-6.116903945803642273e-02,4.875200390815734863e-01,-9.235637634992599487e-02,1.405880153179168701e-01,-6.323603540658950806e-02,3.806037902832031250e-01,-3.497927915304899216e-03,-1.206411346793174744e-01,5.221414938569068909e-02,-2.877432405948638916e-01,-2.193987071514129639e-01,-1.793009042739868164e-01,-9.154552966356277466e-02,4.276272282004356384e-02,-3.050349419936537743e-03,5.147436168044805527e-03,9.918913990259170532e-02,-2.880688905715942383e-01,6.730451434850692749e-02,-5.880542472004890442e-02,1.197478622198104858e-01,5.765701085329055786e-02,-9.554582647979259491e-03,5.094539001584053040e-02,-1.536422669887542725e-01,-1.168655157089233398e-01,1.031935401260852814e-02,8.235657960176467896e-02,-1.080096662044525146e-01,1.962077990174293518e-02,8.379893749952316284e-02,-8.631561696529388428e-02
4.585389792919158936e-01,-4.980446398258209229e-02,3.287165760993957520e-01,1.156021282076835632e-02,4.216797277331352234e-02,-1.394434571266174316e-01,2.426460981369018555e-01,-8.585635572671890259e-02,1.002219021320343018e-01,5.193604156374931335e-02,6.785024404525756836e-01,1.016577109694480896e-01,1.000000000000000000e+00,3.714920580387115479e-01,3.707706332206726074e-01,2.171585410833358765e-01,2.650051116943359375e-01,1.062909811735153198e-01,2.898877263069152832e-01,4.402238701004534960e-04,2.954334020614624023e-02,9.623509831726551056e-03,2.066128104925155640e-01,6.756833288818597794e-03,2.570913732051849365e-02,1.373519655317068100e-02,-2.797370404005050659e-02,-1.503762230277061462e-02,2.932428717613220215e-01,6.881341338157653809e-02,6.178750097751617432e-02,-3.115129098296165466e-02,1.230166032910346985e-01,-4.438158497214317322e-02,-2.838423848152160645e-02,-1.720460504293441772e-01,1.046805828809738159e-01,4.909633100032806396e-02,-7.650780677795410156e-02,-1.448165774345397949e-01,2.015309929847717285e-01,1.647015810012817383e-01,1.836741268634796143e-01,-4.226012900471687317e-02,2.720161713659763336e-02,-1.482833325862884521e-01,2.087711618514731526e-04,-1.208831742405891418e-01,2.765554189682006836e-02,-1.192135512828826904e-01,1.851974055171012878e-02,-1.542205661535263062e-01,-7.847929745912551880e-02,-1.111606359481811523e-01,2.168236672878265381e-02,-8.916119486093521118e-02,1.927741616964340210e-01,7.021501660346984863e-02,8.443605154752731323e-02,3.067333251237869263e-02,1.606715470552444458e-01,1.023260783404111862e-02,2.254166752099990845e-01,-2.049134485423564911e-02,3.072448670864105225e-01,-7.097726315259933472e-02,-1.477196929045021534e-03,-1.351364701986312866e-01,9.072212874889373779e-02,3.980440646409988403e-02,1.483988761901855469e-01,4.040698334574699402e-02,1.476259380578994751e-01,1.354733556509017944e-01,1.378107070922851562e-01,3.355247527360916138e-02,9.887959063053131104e-02,-3.973211720585823059e-02,1.336626857519149780e-01,1.128099337220191956e-01,1.860391497611999512e-01,9.155956655740737915e-02,2.921558618545532227e-01,2.573853135108947754e-01,4.279836118221282959e-01,-6.408876180648803711e-02,1.896308511495590210e-01,2.803245484828948975e-01,2.166609168052673340e-01,-1.673465371131896973e-01,1.657174676656723022e-01,-9.448729455471038818e-02,-1.059674471616744995e-01,-9.777627885341644287e-03,8.187307976186275482e-03,-7.956086844205856323e-02,-5.342661403119564056e-03,-9.541933238506317139e-02,1.072437390685081482e-01,3.579669073224067688e-02,4.236195981502532959e-02,6.374775618314743042e-02,9.840654581785202026e-02,1.057912334799766541e-01,1.287311762571334839e-01,1.095125153660774231e-01,1.255384385585784912e-01,-1.891581900417804718e-02,-6.290929764509201050e-02,4.243723303079605103e-02,-1.393849402666091919e-01,2.366352640092372894e-02,7.499453425407409668e-02,2.194111049175262451e-01,1.558448225259780884e-01,-4.487733170390129089e-02
