9.999997019767761230e-01,4.765703380107879639e-01,6.162696480751037598e-01,4.488948583602905273e-01,3.054284453392028809e-01,3.443144857883453369e-01,6.119359135627746582e-01,5.517004132270812988e-01,5.230841040611267090e-01,2.219481915235519409e-01,4.510865509510040283e-01,3.438752293586730957e-01,6.023879647254943848e-01,1.511480361223220825e-01,3.114209473133087158e-01,1.432419568300247192e-01,2.996048927307128906e-01,2.690494060516357422e-01,5.978468656539916992e-01,6.260737180709838867e-01,2.031454145908355713e-01,2.957384884357452393e-01,5.913023948669433594e-01,4.632004499435424805e-01,4.498407244682312012e-01,3.594225049018859863e-01,3.899012804031372070e-01,2.862994074821472168e-01,2.582894265651702881e-01,2.482973486185073853e-01,5.594785213470458984e-01,4.377714991569519043e-01,6.254610419273376465e-01,5.608948469161987305e-01,-8.246120065450668335e-03,-7.206445187330245972e-02,-1.038576364517211914e-01,1.845353655517101288e-02,-1.522221043705940247e-02,-7.299751788377761841e-02,-1.245189644396305084e-02,7.927694916725158691e-02,9.209697693586349487e-02,2.023841291666030884e-01,9.421582520008087158e-02,2.472544312477111816e-01,2.798885703086853027e-01,2.443038821220397949e-01,1.826304495334625244e-01,2.076657712459564209e-01,2.663060724735260010e-01,2.853426933288574219e-01,3.000186681747436523e-01,1.801639795303344727e-01,1.694401204586029053e-01,-7.217967417091131210e-03,6.990616321563720703e-01,3.754675984382629395e-01,3.405799865722656250e-01,2.023458033800125122e-01,3.828391134738922119e-01,2.502675056457519531e-01,3.007095158100128174e-01,1.170483827590942383e-01,1.073891595005989075e-01,1.442001461982727051e-01,2.890010774135589600e-01,2.212806791067123413e-01,4.392139911651611328e-01,3.599255084991455078e-01,2.571332156658172607e-01,2.509154379367828369e-01,7.707220315933227539e-02,1.288078278303146362e-01,-1.794606260955333710e-02,-8.391145616769790649e-03,4.483019560575485229e-02,9.191197156906127930e-02,1.141877472400665283e-01,3.165541887283325195e-01,1.970614790916442871e-01,1.067263111472129822e-01,-8.694507181644439697e-02,1.197287812829017639e-01,1.335687488317489624e-01,4.556969180703163147e-02,1.613225489854812622e-01,5.017443373799324036e-02,2.061528414487838745e-01,7.714089006185531616e-02,1.615541726350784302e-01,2.723060846328735352e-01,6.424376368522644043e-02,6.719043850898742676e-02,2.444930560886859894e-02,2.306099049746990204e-02,1.788657158613204956e-01,4.675960168242454529e-02,3.871996402740478516e-01,2.868833243846893311e-01,-1.834293641149997711e-02,9.261906892061233521e-02,-2.512550167739391327e-02,3.155419602990150452e-02,-4.266146570444107056e-02,-6.516680121421813965e-02,-1.030798181891441345e-01,-5.965592572465538979e-04,1.285953670740127563e-01,-1.670984365046024323e-02,1.886084228754043579e-01,2.665444016456604004e-01,2.166566848754882812e-01,9.976851753890514374e-03,-2.462122961878776550e-02,6.792482733726501465e-02
4.765703380107879639e-01,9.999995827674865723e-01,3.680739998817443848e-01,5.683943033218383789e-01,2.881738841533660889e-01,2.262811511754989624e-01,4.711208343505859375e-01,5.890336036682128906e-01,3.115034699440002441e-01,2.114348858594894409e-01,2.082393504679203033e-02,5.453267693519592285e-01,2.432528138160705566e-01,3.669411242008209229e-01,1.357682198286056519e-01,3.145645260810852051e-01,1.695021688938140869e-01,3.795457780361175537e-01,5.462569594383239746e-01,6.559639573097229004e-01,2.926685810089111328e-01,1.456717550754547119e-01,3.323750495910644531e-01,4.324272871017456055e-01,2.166724503040313721e-01,2.544319033622741699e-01,3.853016793727874756e-01,3.821378648281097412e-01,2.174938917160034180e-01,2.651461660861968994e-01,2.842200696468353271e-01,3.110806643962860107e-01,4.291431009769439697e-01,5.193557143211364746e-01,-9.332057833671569824e-02,-2.506546489894390106e-02,-8.302157372236251831e-02,-1.387556642293930054e-02,-1.255439817905426025e-01,-1.697801202535629272e-01,9.025001525878906250e-02,5.066299438476562500e-02,2.313207983970642090e-01,1.147853434085845947e-01,1.581797190010547638e-02,3.370607495307922363e-01,3.149973750114440918e-01,2.892541587352752686e-01,1.667442917823791504e-01,3.246668875217437744e-01,1.784663796424865723e-01,3.658388555049896240e-01,1.495746970176696777e-01,1.922176331281661987e-01,1.852666586637496948e-02,-5.862780287861824036e-02,5.345984697341918945e-01,7.428810000419616699e-01,4.057524502277374268e-01,4.529747366905212402e-01,1.719832569360733032e-01,4.789975583553314209e-01,4.362604394555091858e-02,5.122123360633850098e-01,-1.332615166902542114e-01,2.125388234853744507e-01,3.218308091163635254e-01,3.313045501708984375e-01,6.006761193275451660e-01,4.885571599006652832e-01,1.481404900550842285e-02,7.099787890911102295e-02,-1.085903774946928024e-02,-7.375823706388473511e-02,-1.125313788652420044e-01,8.435061573982238770e-02,6.622581928968429565e-02,5.477714166045188904e-02,9.054399281740188599e-02,2.204097509384155273e-01,9.439889341592788696e-02,2.385406196117401123e-01,5.125014856457710266e-02,1.886339336633682251e-01,-2.168341167271137238e-02,1.144353374838829041e-01,1.165783330798149109e-01,-8.724388480186462402e-02,-1.132318452000617981e-01,2.073627114295959473e-01,1.899786591529846191e-01,6.490370631217956543e-02,-4.809793457388877869e-02,-1.486330777406692505e-01,-3.088514320552349091e-02,-6.506470590829849243e-02,9.434907883405685425e-02,5.837145820260047913e-02,3.818763196468353271e-01,2.207364141941070557e-01,8.732572942972183228e-02,-8.869507163763046265e-02,7.381952553987503052e-02,-1.189570054411888123e-01,-5.919941142201423645e-02,-2.332117706537246704e-01,-1.986584812402725220e-01,-7.048889249563217163e-02,3.300546854734420776e-02,2.378384768962860107e-02,1.470742970705032349e-01,2.541505992412567139e-01,3.093415498733520508e-01,1.265837997198104858e-01,-2.318775095045566559e-02,-6.651359051465988159e-02
6.162696480751037598e-01,3.680739998817443848e-01,1.000000238418579102e+00,6.109620332717895508e-01,3.310749530792236328e-01,3.316569328308105469e-01,7.409822940826416016e-01,6.125392317771911621e-01,5.128142833709716797e-01,2.736224830150604248e-01,2.976998388767242432e-01,2.067573815584182739e-01,5.063947439193725586e-01,3.357302024960517883e-02,3.813504874706268311e-01,2.653667628765106201e-01,2.912340164184570312e-01,1.572506129741668701e-01,5.781132578849792480e-01,5.206119418144226074e-01,1.861393749713897705e-01,3.333138823509216309e-01,7.778485417366027832e-01,6.943743228912353516e-01,4.614135324954986572e-01,3.708612024784088135e-01,3.505345880985260010e-01,3.332014381885528564e-01,2.755215764045715332e-01,2.132516354322433472e-01,5.854738950729370117e-01,5.258976221084594727e-01,5.725085139274597168e-01,4.970692992210388184e-01,1.695583760738372803e-01,4.751625657081604004e-02,-1.342195272445678711e-01,-1.089817509055137634e-01,-5.936895031481981277e-04,-3.110149130225181580e-02,2.759515307843685150e-02,5.088341888040304184e-03,4.797558858990669250e-02,1.567195951938629150e-01,1.122853010892868042e-01,1.977531164884567261e-01,3.163031637668609619e-01,2.701964080333709717e-01,1.578256636857986450e-01,1.029548421502113342e-01,2.472540885210037231e-01,1.376362442970275879e-01,2.256868779659271240e-01,7.415326684713363647e-02,1.502600163221359253e-01,8.551573753356933594e-02,4.754686057567596436e-01,2.411582916975021362e-01,2.885294854640960693e-01,1.524352729320526123e-01,3.615604937076568604e-01,2.053965479135513306e-01,2.784315347671508789e-01,5.337724462151527405e-02,2.624973058700561523e-01,2.327479869127273560e-01,3.607370257377624512e-01,1.949598938226699829e-01,3.173027932643890381e-01,2.877040505409240723e-01,3.615530729293823242e-01,3.686658740043640137e-01,1.844295859336853027e-01,1.191508397459983826e-01,6.914814561605453491e-02,-1.090800203382968903e-02,9.514573216438293457e-02,1.278565973043441772e-01,1.573966294527053833e-01,2.476047426462173462e-01,1.306705176830291748e-01,1.288792788982391357e-01,-5.075391381978988647e-02,3.543815389275550842e-02,2.641654908657073975e-01,1.436976194381713867e-01,1.759177148342132568e-01,4.212469980120658875e-02,3.015522062778472900e-01,2.711370885372161865e-01,1.145408526062965393e-01,3.282011449337005615e-01,1.635554581880569458e-01,2.240538597106933594e-01,5.233859643340110779e-02,6.409231573343276978e-02,2.082165181636810303e-01,2.880051918327808380e-02,3.293436765670776367e-01,2.099798619747161865e-01,1.588376909494400024e-01,2.550961375236511230e-01,7.794618606567382812e-02,1.262602508068084717e-01,1.225558146834373474e-01,7.856126874685287476e-02,-8.049655705690383911e-03,5.839445069432258606e-02,1.796274334192276001e-01,-7.439134269952774048e-02,1.591535508632659912e-01,2.706483304500579834e-01,2.330622076988220215e-01,1.461101025342941284e-01,1.261480450630187988e-01,1.143246516585350037e-01
4.488948583602905273e-01,5.683943033218383789e-01,6.109620332717895508e-01,9.999993443489074707e-01,3.158724009990692139e-01,2.589769959449768066e-01,7.177758216857910156e-01,7.767984867095947266e-01,4.014378190040588379e-01,1.989646852016448975e-01,3.574037551879882812e-02,4.066685140132904053e-01,3.542431294918060303e-01,2.255835533142089844e-01,1.354505866765975952e-01,3.016532063484191895e-01,1.903583258390426636e-01,2.832944095134735107e-01,5.138401389122009277e-01,5.355361700057983398e-01,1.766265332698822021e-01,1.893272101879119873e-01,5.319683551788330078e-01,7.072297334671020508e-01,2.452697455883026123e-01,2.690961956977844238e-01,2.600830793380737305e-01,3.810077607631683350e-01,2.681132256984710693e-01,2.293751090764999390e-01,3.963745832443237305e-01,4.520635902881622314e-01,4.723401069641113281e-01,5.278224945068359375e-01,7.498198747634887695e-02,5.618617683649063110e-02,-8.413466066122055054e-02,-5.451437830924987793e-02,-5.958589166402816772e-02,-7.532937824726104736e-02,7.624148577451705933e-02,-2.513688430190086365e-02,2.402504384517669678e-01,1.860148459672927856e-01,1.455997377634048462e-01,3.922129571437835693e-01,4.385970234870910645e-01,3.762542009353637695e-01,3.057502806186676025e-01,3.442022800445556641e-01,3.116967976093292236e-01,3.706017732620239258e-01,2.076206803321838379e-01,1.614301651716232300e-01,8.699680119752883911e-02,1.775703020393848419e-02,4.640221893787384033e-01,4.658056497573852539e-01,4.904640614986419678e-01,5.097119212150573730e-01,4.156680107116699219e-01,4.974284768104553223e-01,1.973051428794860840e-01,4.000353515148162842e-01,1.338078677654266357e-01,5.021420717239379883e-01,5.132108926773071289e-01,4.580172002315521240e-01,4.636676013469696045e-01,3.658949136734008789e-01,1.547500342130661011e-01,1.934224069118499756e-01,4.522714018821716309e-02,-3.768566995859146118e-02,-8.200752735137939453e-02,5.944756790995597839e-02,1.040220186114311218e-01,1.061730533838272095e-01,3.050569817423820496e-02,2.306582480669021606e-01,7.590192556381225586e-02,2.115747183561325073e-01,9.380058199167251587e-02,1.671845614910125732e-01,1.083467304706573486e-01,2.648417055606842041e-01,1.337006688117980957e-01,-3.653149679303169250e-02,5.365298688411712646e-02,3.462874293327331543e-01,2.431126236915588379e-01,1.645856201648712158e-01,1.184092648327350616e-02,-4.842665418982505798e-02,-2.991116978228092194e-02,-8.260555565357208252e-02,1.065488681197166443e-01,2.832232043147087097e-02,4.263012111186981201e-01,2.417149245738983154e-01,2.509191334247589111e-01,1.525302380323410034e-01,1.349033862352371216e-01,-1.877734251320362091e-02,6.234926730394363403e-02,-1.339435577392578125e-01,-1.204946637153625488e-01,-1.571217775344848633e-01,1.129115931689739227e-02,-1.064058169722557068e-01,9.974714368581771851e-02,2.771520614624023438e-01,3.253247439861297607e-01,1.510671973228454590e-01,2.755992487072944641e-02,3.517241403460502625e-02
3.054284453392028809e-01,2.881738841533660889e-01,3.310749530792236328e-01,3.158724009990692139e-01,9.999998211860656738e-01,4.826458692550659180e-01,3.945493102073669434e-01,2.922946214675903320e-01,5.899872183799743652e-01,4.246065914630889893e-01,1.268717050552368164e-01,2.487247735261917114e-01,1.698770672082901001e-01,1.933292001485824585e-01,4.165964722633361816e-01,3.993833661079406738e-01,8.564184606075286865e-02,1.107538864016532898e-01,2.762973010540008545e-01,2.430233359336853027e-01,3.030133247375488281e-01,3.566743433475494385e-01,3.231056332588195801e-01,2.762108743190765381e-01,1.258087903261184692e-01,2.001002430915832520e-01,4.533062875270843506e-01,4.838702082633972168e-01,7.212495803833007812e-02,9.040961414575576782e-02,1.830070465803146362e-01,1.294227987527847290e-01,3.520202636718750000e-01,2.437418401241302490e-01,1.203870549798011780e-01,1.267386078834533691e-01,4.788654297590255737e-02,-1.786112599074840546e-02,3.561092168092727661e-02,3.352225571870803833e-02,-1.952057145535945892e-02,3.327191248536109924e-02,8.109264820814132690e-02,2.368128895759582520e-01,3.820995241403579712e-02,1.335183829069137573e-01,2.809349894523620605e-01,1.843083351850509644e-01,1.078006550669670105e-01,7.881296426057815552e-02,9.997316449880599976e-02,2.081069946289062500e-01,9.546121209859848022e-02,2.330797761678695679e-01,1.189634948968887329e-01,1.921214461326599121e-01,3.000772297382354736e-01,2.086072266101837158e-01,1.992952078580856323e-01,1.451540738344192505e-01,2.799690663814544678e-01,9.646540135145187378e-02,1.127345412969589233e-01,5.665876716375350952e-02,-4.338935390114784241e-02,-9.068654850125312805e-03,1.451386511325836182e-01,1.266460567712783813e-01,2.207415103912353516e-01,1.240739822387695312e-01,1.911719441413879395e-01,7.301333546638488770e-02,5.978143215179443359e-02,9.543995372951030731e-03,8.581953123211860657e-03,3.047001361846923828e-02,1.806091666221618652e-01,1.358890086412429810e-01,1.552826464176177979e-01,1.377886980772018433e-01,6.380192190408706665e-02,-2.105874009430408478e-02,-8.439978957176208496e-02,1.706028282642364502e-01,5.069446191191673279e-02,8.092846721410751343e-02,9.584579616785049438e-02,3.499292209744453430e-02,7.034825533628463745e-02,3.291344940662384033e-01,9.286206215620040894e-02,2.634140849113464355e-01,1.517428457736968994e-01,1.682739555835723877e-01,6.253929436206817627e-02,-4.609778523445129395e-02,5.863534659147262573e-02,5.069445073604583740e-02,2.581526637077331543e-01,1.527329683303833008e-01,-8.064937591552734375e-02,1.247604042291641235e-01,-7.113420218229293823e-02,1.438207924365997314e-01,2.857908420264720917e-02,4.663281515240669250e-02,-2.957308851182460785e-02,-1.469928584992885590e-02,1.402354519814252853e-02,-1.271938066929578781e-02,1.219280064105987549e-01,1.752716600894927979e-01,2.112811058759689331e-01,2.060220539569854736e-01,2.116401940584182739e-01,1.481659431010484695e-02
3.443144857883453369e-01,2.262811511754989624e-01,3.316569328308105469e-01,2.589769959449768066e-01,4.826458692550659180e-01,1.000000238418579102e+00,2.905202209949493408e-01,2.843066453933715820e-01,5.303208827972412109e-01,6.083072423934936523e-01,2.286219894886016846e-01,2.855195999145507812e-01,2.929596602916717529e-01,2.321882843971252441e-01,4.418513774871826172e-01,4.315567612648010254e-01,1.268903464078903198e-01,1.781286299228668213e-01,3.015938401222229004e-01,2.512314915657043457e-01,3.817161321640014648e-01,3.919639289379119873e-01,3.908403515815734863e-01,3.336428105831146240e-01,3.306964039802551270e-01,4.714760482311248779e-01,3.788587749004364014e-01,5.762459039688110352e-01,1.726167649030685425e-01,1.637761741876602173e-01,3.172420263290405273e-01,3.335116803646087646e-01,4.304156303405761719e-01,3.591260313987731934e-01,1.316097974777221680e-01,6.193727999925613403e-02,4.356802999973297119e-02,-1.198808625340461731e-01,1.327546685934066772e-01,5.143803730607032776e-02,-1.455769836902618408e-01,1.833571940660476685e-01,1.654608547687530518e-01,2.487698942422866821e-01,2.274724841117858887e-02,1.772681176662445068e-01,2.262766212224960327e-01,1.733998209238052368e-01,1.696158498525619507e-01,1.120374500751495361e-01,1.757929772138595581e-01,1.695066690444946289e-01,1.951487958431243896e-01,2.454942315816879272e-01,2.566636800765991211e-01,2.022591233253479004e-01,3.335090279579162598e-01,1.520653069019317627e-01,1.242658793926239014e-01,1.309750229120254517e-01,2.644507288932800293e-01,1.377044618129730225e-01,5.769428238272666931e-02,5.638279765844345093e-02,3.192761912941932678e-03,4.216795787215232849e-02,1.393242627382278442e-01,1.924551129341125488e-01,2.309991270303726196e-01,1.237489059567451477e-01,2.317895144224166870e-01,2.442987859249114990e-01,2.073976993560791016e-01,7.668475806713104248e-02,1.577334553003311157e-01,5.813285708427429199e-02,2.030198574066162109e-01,1.287131756544113159e-01,5.407881364226341248e-02,1.123231872916221619e-01,4.651962593197822571e-02,5.971897393465042114e-02,-2.769091427326202393e-01,2.400621026754379272e-01,1.449722796678543091e-01,1.511716693639755249e-01,1.082180291414260864e-01,5.964302644133567810e-02,1.780112087726593018e-01,3.115392625331878662e-01,1.613067984580993652e-01,3.054131567478179932e-01,1.906071752309799194e-01,1.757581233978271484e-01,1.317032575607299805e-01,2.357790470123291016e-01,2.574216723442077637e-01,1.379371285438537598e-01,2.427124083042144775e-01,2.168324291706085205e-01,-2.902461215853691101e-02,-3.792580217123031616e-02,1.605831384658813477e-01,7.333526015281677246e-02,1.139252260327339172e-01,2.979836426675319672e-02,1.596709713339805603e-02,1.253466159105300903e-01,1.401981860399246216e-01,1.768344044685363770e-01,2.345701158046722412e-01,2.109352499246597290e-01,1.708406209945678711e-01,1.942047178745269775e-01,1.460299640893936157e-01,-5.053049698472023010e-02
6.119359135627746582e-01,4.711208343505859375e-01,7.409822940826416016e-01,7.177758216857910156e-01,3.945493102073669434e-01,2.905202209949493408e-01,1.000000119209289551e+00,7.001899480819702148e-01,5.021628737449645996e-01,2.141923457384109497e-01,2.623575627803802490e-01,2.922377884387969971e-01,5.128479599952697754e-01,1.104660257697105408e-01,2.790469527244567871e-01,2.731623351573944092e-01,2.809771597385406494e-01,2.345632612705230713e-01,5.217421054840087891e-01,5.250098705291748047e-01,1.475023180246353149e-01,2.874251306056976318e-01,6.732494235038757324e-01,6.870251893997192383e-01,3.404201269149780273e-01,2.615455985069274902e-01,3.210445046424865723e-01,3.251982629299163818e-01,2.570829987525939941e-01,1.981683969497680664e-01,5.451267957687377930e-01,4.877755641937255859e-01,5.917043685913085938e-01,5.491486787796020508e-01,9.833360463380813599e-02,7.939139008522033691e-02,-1.160617098212242126e-01,-4.304299131035804749e-02,-3.482574224472045898e-02,-5.816556885838508606e-02,-1.271891593933105469e-02,-3.310237079858779907e-02,7.317519932985305786e-02,1.731685400009155273e-01,1.502688378095626831e-01,2.584774792194366455e-01,3.655801415443420410e-01,2.730033993721008301e-01,2.205910980701446533e-01,1.848585307598114014e-01,2.434640675783157349e-01,2.522520422935485840e-01,2.227006554603576660e-01,1.261134147644042969e-01,1.087707206606864929e-01,5.243204534053802490e-02,5.058317184448242188e-01,3.468976914882659912e-01,4.015392065048217773e-01,3.040995895862579346e-01,4.345473647117614746e-01,3.205399513244628906e-01,3.103252649307250977e-01,2.389289885759353638e-01,2.161233723163604736e-01,3.601711094379425049e-01,4.210973978042602539e-01,2.757835984230041504e-01,3.827857077121734619e-01,3.217912912368774414e-01,3.413566052913665771e-01,3.108985722064971924e-01,1.424479484558105469e-01,6.659375876188278198e-02,-2.351005561649799347e-02,2.919003181159496307e-02,1.139361858367919922e-01,1.841268986463546753e-01,6.437195837497711182e-02,2.823930084705352783e-01,1.221605539321899414e-01,1.643225550651550293e-01,8.050110773183405399e-04,9.480806440114974976e-02,1.720558404922485352e-01,2.035209983587265015e-01,1.719035953283309937e-01,-1.472310163080692291e-02,1.576689928770065308e-01,2.883701324462890625e-01,1.614751070737838745e-01,2.917198538780212402e-01,1.027215644717216492e-01,1.203838363289833069e-01,1.802014745771884918e-02,-4.707970097661018372e-02,1.313493549823760986e-01,2.249828539788722992e-02,4.061302542686462402e-01,2.293851375579833984e-01,1.991966962814331055e-01,2.750181257724761963e-01,3.053047321736812592e-02,7.096426934003829956e-02,7.786567509174346924e-02,-3.107385523617267609e-02,-5.522481724619865417e-02,-6.600820273160934448e-02,9.071849286556243896e-02,-1.661932319402694702e-01,9.674117714166641235e-02,2.898200750350952148e-01,3.184078931808471680e-01,1.464938223361968994e-01,1.027895435690879822e-01,1.154088601469993591e-01
5.517004132270812988e-01,5.890336036682128906e-01,6.125392317771911621e-01,7.767984867095947266e-01,2.922946214675903320e-01,2.843066453933715820e-01,7.001899480819702148e-01,1.000000119209289551e+00,4.116423726081848145e-01,1.862395852804183960e-01,1.142129749059677124e-01,5.164600014686584473e-01,4.551845788955688477e-01,3.703015744686126709e-01,1.495549380779266357e-01,2.584131956100463867e-01,2.499093264341354370e-01,3.728175461292266846e-01,5.363709330558776855e-01,5.896119475364685059e-01,1.714885085821151733e-01,2.086066603660583496e-01,5.331746935844421387e-01,6.777657270431518555e-01,3.075025677680969238e-01,3.550466597080230713e-01,3.066026866436004639e-01,3.765982687473297119e-01,3.432971537113189697e-01,3.093133568763732910e-01,4.483926594257354736e-01,5.277951359748840332e-01,5.324676632881164551e-01,6.409274339675903320e-01,1.185249723494052887e-02,2.911981428042054176e-03,-1.477259099483489990e-01,-9.867031872272491455e-02,-1.435814648866653442e-01,-2.074096500873565674e-01,5.504134669899940491e-02,-6.700329482555389404e-02,2.297511249780654907e-01,1.652516722679138184e-01,9.106383472681045532e-02,3.847018480300903320e-01,4.218844771385192871e-01,3.607636690139770508e-01,2.747685909271240234e-01,3.601508736610412598e-01,3.375913798809051514e-01,3.616546094417572021e-01,2.606848776340484619e-01,1.482458561658859253e-01,1.765892840921878815e-02,-1.129511147737503052e-01,5.635780692100524902e-01,4.873320758342742920e-01,4.980292618274688721e-01,4.914385974407196045e-01,4.271387457847595215e-01,5.526565313339233398e-01,2.116098105907440186e-01,4.353892505168914795e-01,5.201429873704910278e-02,4.415763616561889648e-01,4.598675966262817383e-01,4.109190404415130615e-01,4.632013738155364990e-01,3.544248044490814209e-01,1.417313516139984131e-01,2.100890874862670898e-01,1.997624291107058525e-03,-4.608497396111488342e-02,-1.062630489468574524e-01,-9.582482278347015381e-03,4.320757463574409485e-02,2.681628428399562836e-02,1.482673082500696182e-02,3.104797899723052979e-01,1.033367291092872620e-01,2.237667590379714966e-01,1.359022557735443115e-01,1.843198686838150024e-01,2.006556652486324310e-02,1.737104952335357666e-01,1.425225138664245605e-01,-3.461908921599388123e-02,-6.881728302687406540e-03,2.029205709695816040e-01,2.545741796493530273e-01,7.889450341463088989e-02,-4.316831380128860474e-02,-1.645393967628479004e-01,-5.337058380246162415e-02,-1.004124507308006287e-01,1.134110167622566223e-01,-3.877595439553260803e-02,4.455340206623077393e-01,2.369399368762969971e-01,2.356645464897155762e-01,2.640081197023391724e-02,5.684184283018112183e-02,-9.818051755428314209e-02,-1.429926138371229172e-02,-2.062999606132507324e-01,-1.940923035144805908e-01,-1.547951847314834595e-01,3.873460367321968079e-02,-1.300223916769027710e-01,9.444330632686614990e-02,2.316356301307678223e-01,2.719559669494628906e-01,8.850406855344772339e-02,-4.870294407010078430e-02,5.672439932823181152e-02
5.230841040611267090e-01,3.115034699440002441e-01,5.128142833709716797e-01,4.014378190040588379e-01,5.899872183799743652e-01,5.303208827972412109e-01,5.021628737449645996e-01,4.116423726081848145e-01,9.999997615814208984e-01,5.145697593688964844e-01,3.606020212173461914e-01,3.365724980831146240e-01,5.161201357841491699e-01,1.933387964963912964e-01,4.872803390026092529e-01,3.358961641788482666e-01,2.051198333501815796e-01,2.286424338817596436e-01,4.480567574501037598e-01,3.972574174404144287e-01,2.719511389732360840e-01,3.492407202720642090e-01,5.500539541244506836e-01,4.208472669124603271e-01,4.049190282821655273e-01,4.159945249557495117e-01,4.748378396034240723e-01,4.065106511116027832e-01,2.022793143987655640e-01,1.722793579101562500e-01,4.323434531688690186e-01,3.270950317382812500e-01,5.288826823234558105e-01,4.272474348545074463e-01,1.110812351107597351e-01,6.304526329040527344e-02,-3.451160714030265808e-02,-3.547349572181701660e-02,-1.701767556369304657e-02,-1.268258988857269287e-01,-3.858111053705215454e-02,5.556967854499816895e-02,1.268127411603927612e-01,3.159406781196594238e-01,8.530088514089584351e-02,2.671727538108825684e-01,2.993815243244171143e-01,2.533080577850341797e-01,2.434063553810119629e-01,1.803152263164520264e-01,2.009919434785842896e-01,2.533224821090698242e-01,2.072849571704864502e-01,9.417720884084701538e-02,1.920330524444580078e-01,3.990581631660461426e-02,4.366418421268463135e-01,2.001016736030578613e-01,2.165217846632003784e-01,1.545305103063583374e-01,4.183495342731475830e-01,1.612191945314407349e-01,2.248626798391342163e-01,4.767122492194175720e-02,5.697802081704139709e-02,1.155959889292716980e-01,2.293159067630767822e-01,2.209395766258239746e-01,2.535732984542846680e-01,1.379222124814987183e-01,3.378075063228607178e-01,2.685941457748413086e-01,1.490852981805801392e-01,9.877642244100570679e-02,7.668849080801010132e-02,-4.051341861486434937e-02,2.047502845525741577e-01,1.684531420469284058e-01,1.011956259608268738e-01,1.950882822275161743e-01,1.298159211874008179e-01,4.475399479269981384e-02,-1.107943877577781677e-01,1.312942653894424438e-01,1.208348348736763000e-01,6.145502999424934387e-02,1.725986599922180176e-01,-9.569678455591201782e-03,1.582638919353485107e-01,1.443341672420501709e-01,1.762086451053619385e-01,2.898046970367431641e-01,2.126958221197128296e-01,1.594036668539047241e-01,6.199850887060165405e-02,-6.329491734504699707e-02,1.191640421748161316e-01,-1.115204114466905594e-02,2.467750459909439087e-01,2.626657485961914062e-01,3.862004727125167847e-02,1.291963756084442139e-01,4.473672807216644287e-02,1.415985524654388428e-01,1.165864914655685425e-01,7.162234187126159668e-02,-5.832736194133758545e-02,-1.204597670584917068e-02,8.588077127933502197e-02,-4.633227363228797913e-03,1.662726402282714844e-01,2.163639515638351440e-01,1.682555228471755981e-01,9.018484503030776978e-02,1.618201285600662231e-01,-1.826317049562931061e-02
2.219481915235519409e-01,2.114348858594894409e-01,2.736224830150604248e-01,1.989646852016448975e-01,4.246065914630889893e-01,6.083072423934936523e-01,2.141923457384109497e-01,1.862395852804183960e-01,5.145697593688964844e-01,1.000000119209289551e+00,1.294725239276885986e-01,3.015476465225219727e-01,1.417885869741439819e-01,2.606572210788726807e-01,3.777510523796081543e-01,5.145215392112731934e-01,-1.451429096050560474e-03,1.313021034002304077e-01,3.199627399444580078e-01,2.444988638162612915e-01,3.346449434757232666e-01,2.910029888153076172e-01,3.294300734996795654e-01,2.862391471862792969e-01,1.961267143487930298e-01,3.580664694309234619e-01,3.273380696773529053e-01,3.478879034519195557e-01,9.379339963197708130e-02,1.237181723117828369e-01,2.699149847030639648e-01,2.507564723491668701e-01,2.804107666015625000e-01,2.016585171222686768e-01,1.740676164627075195e-01,1.141986921429634094e-01,1.023615747690200806e-01,-1.314315348863601685e-01,1.223378032445907593e-01,-1.758893765509128571e-02,-6.987402588129043579e-02,1.159305348992347717e-01,1.140738427639007568e-01,2.373985648155212402e-01,-9.787633083760738373e-03,1.402174830436706543e-01,1.483424454927444458e-01,1.333449184894561768e-01,6.292018294334411621e-02,4.954989999532699585e-02,6.473647803068161011e-02,1.272248029708862305e-01,2.615906484425067902e-02,1.384384185075759888e-01,1.737371534109115601e-01,1.298640817403793335e-01,1.644917875528335571e-01,1.494186669588088989e-01,4.159832000732421875e-02,3.037801198661327362e-02,1.433578133583068848e-01,5.996981263160705566e-02,-6.459800153970718384e-02,3.055371716618537903e-02,-4.948003962635993958e-02,3.866175562143325806e-02,1.164195388555526733e-01,8.097268640995025635e-02,1.724917441606521606e-01,5.664888769388198853e-02,1.927564740180969238e-01,1.833371371030807495e-01,2.421232759952545166e-01,6.072600185871124268e-02,1.366864293813705444e-01,-2.831940352916717529e-02,2.840258777141571045e-01,2.736892998218536377e-01,1.363863348960876465e-01,6.691096723079681396e-02,-2.033347077667713165e-02,7.285514473915100098e-02,-2.369572371244430542e-01,1.560841351747512817e-01,5.099362134933471680e-02,1.608784496784210205e-01,4.850675910711288452e-02,7.911358773708343506e-02,5.665064230561256409e-02,2.409522831439971924e-01,1.480762381106615067e-02,2.030336707830429077e-01,2.003688663244247437e-01,1.262606382369995117e-01,1.381601840257644653e-01,1.105789989233016968e-01,2.171835303306579590e-01,1.590204089879989624e-01,9.704456478357315063e-02,1.420801430940628052e-01,5.959705263376235962e-02,2.215917967259883881e-02,1.177506148815155029e-01,9.810904413461685181e-02,1.508955359458923340e-01,7.900074124336242676e-02,2.694897167384624481e-02,2.042165026068687439e-02,3.605935350060462952e-02,2.528752684593200684e-01,2.956518530845642090e-01,1.365624368190765381e-01,1.394666582345962524e-01,2.131590545177459717e-01,1.986675262451171875e-01,-8.469725400209426880e-02
4.510865509510040283e-01,2.082393504679203033e-02,2.976998388767242432e-01,3.574037551879882812e-02,1.268717050552368164e-01,2.286219894886016846e-01,2.623575627803802490e-01,1.142129749059677124e-01,3.606020212173461914e-01,1.294725239276885986e-01,1.000000476837158203e+00,1.449107378721237183e-01,5.896899104118347168e-01,4.932706244289875031e-03,3.563033640384674072e-01,9.104427695274353027e-02,4.093124568462371826e-01,2.122131735086441040e-01,2.017947584390640259e-01,2.018129676580429077e-01,1.391406953334808350e-01,1.299093067646026611e-01,3.388345241546630859e-01,1.200592368841171265e-01,3.063257336616516113e-01,2.235864847898483276e-01,1.803662776947021484e-01,2.881313674151897430e-02,3.672806024551391602e-01,2.940578162670135498e-01,3.940810561180114746e-01,2.187021523714065552e-01,3.629961311817169189e-01,2.481854856014251709e-01,6.038511171936988831e-02,4.415400698781013489e-02,2.702497504651546478e-02,8.266907930374145508e-02,1.627501449547708035e-03,9.001757949590682983e-02,-8.206275850534439087e-02,6.412310153245925903e-02,5.012418329715728760e-02,1.818801611661911011e-01,1.118430942296981812e-01,1.231999993324279785e-01,1.710641533136367798e-01,1.480479538440704346e-01,1.806522905826568604e-01,1.267735213041305542e-01,1.916660517454147339e-01,1.389024704694747925e-01,2.557012438774108887e-01,1.155418604612350464e-01,2.222525775432586670e-01,1.752884536981582642e-01,3.940320611000061035e-01,2.471856959164142609e-02,1.105765551328659058e-01,1.101974863559007645e-02,3.317087590694427490e-01,-1.983493566513061523e-02,4.372503161430358887e-01,-3.111310116946697235e-02,1.910173892974853516e-01,3.788858652114868164e-02,9.605478495359420776e-02,8.090586960315704346e-02,7.067980617284774780e-02,5.470722168684005737e-02,3.634659349918365479e-01,2.466593533754348755e-01,2.091616392135620117e-01,2.719361186027526855e-01,9.738394618034362793e-02,-3.836997598409652710e-02,1.841727495193481445e-01,1.467342674732208252e-01,1.740884780883789062e-01,3.326089680194854736e-01,3.348494470119476318e-01,1.563312411308288574e-01,-7.211098819971084595e-02,8.635717630386352539e-02,2.087392657995223999e-01,1.904612593352794647e-02,5.064924806356430054e-02,1.294469833374023438e-01,3.328196704387664795e-01,3.459728881716728210e-02,1.245620548725128174e-01,3.211775422096252441e-01,2.018655091524124146e-01,2.979097664356231689e-01,2.100625932216644287e-01,2.354304641485214233e-01,2.473611235618591309e-01,1.949037760496139526e-01,1.670358479022979736e-01,2.203990668058395386e-01,-5.512036848813295364e-03,2.631006240844726562e-01,9.122683107852935791e-02,2.219807356595993042e-01,1.432938426733016968e-01,2.211279124021530151e-01,7.598222792148590088e-02,2.141692787408828735e-01,2.116580307483673096e-01,9.653121232986450195e-02,1.904989182949066162e-01,1.490222662687301636e-01,-6.927627604454755783e-03,-2.525657042860984802e-02,8.121324330568313599e-02,-1.036730930209159851e-01
3.438752293586730957e-01,5.453267693519592285e-01,2.067573815584182739e-01,4.066685140132904053e-01,2.487247735261917114e-01,2.855195999145507812e-01,2.922377884387969971e-01,5.164600014686584473e-01,3.365724980831146240e-01,3.015476465225219727e-01,1.449107378721237183e-01,1.000000119209289551e+00,2.989139258861541748e-01,7.177059054374694824e-01,1.190859153866767883e-01,4.048900604248046875e-01,1.270812898874282837e-01,4.923998415470123291e-01,3.765844106674194336e-01,4.619409143924713135e-01,2.583959996700286865e-01,1.230082511901855469e-01,2.503369450569152832e-01,3.651515245437622070e-01,2.508991360664367676e-01,4.400959610939025879e-01,2.986447513103485107e-01,3.390072584152221680e-01,2.904364168643951416e-01,3.879868686199188232e-01,3.058781921863555908e-01,3.804153203964233398e-01,3.544826507568359375e-01,4.628993570804595947e-01,-4.574147611856460571e-02,5.239508301019668579e-02,-8.820017427206039429e-02,-5.880286451429128647e-03,-2.000618129968643188e-01,-2.476498037576675415e-01,3.454907611012458801e-02,1.823760569095611572e-02,1.496442854404449463e-01,7.905712723731994629e-02,-3.436400368809700012e-02,2.796230018138885498e-01,2.364413589239120483e-01,2.239511311054229736e-01,1.594197452068328857e-01,3.150053024291992188e-01,1.559964120388031006e-01,3.398450613021850586e-01,9.835603833198547363e-02,1.518190652132034302e-01,-9.832875430583953857e-02,-5.506478250026702881e-02,4.265355467796325684e-01,5.094090700149536133e-01,3.080839812755584717e-01,3.732795715332031250e-01,2.021450698375701904e-01,4.008132517337799072e-01,3.101194277405738831e-03,4.763271510601043701e-01,-1.487611085176467896e-01,1.974425464868545532e-01,2.591123878955841064e-01,2.940399050712585449e-01,3.766589760780334473e-01,2.018004357814788818e-01,2.643739059567451477e-02,1.381096988916397095e-01,6.963200122117996216e-02,6.548570096492767334e-02,-1.080841198563575745e-01,3.436568379402160645e-02,1.983081549406051636e-01,1.294210553169250488e-01,3.759381920099258423e-02,2.494614422321319580e-01,6.176783517003059387e-02,2.330805212259292603e-01,3.114252910017967224e-02,2.497365623712539673e-01,-1.367645263671875000e-01,1.787409186363220215e-01,6.934159249067306519e-02,6.623000651597976685e-02,-2.121818214654922485e-01,1.000297516584396362e-01,1.540964990854263306e-01,-6.080336496233940125e-02,-1.409044768661260605e-02,-2.625919878482818604e-01,-2.408323436975479126e-02,1.502554863691329956e-02,7.570851594209671021e-02,2.632243372499942780e-02,2.442305088043212891e-01,1.258467584848403931e-01,3.177453204989433289e-02,-1.971509307622909546e-01,4.143756628036499023e-02,-1.987253278493881226e-01,-8.556347340345382690e-02,-2.537243962287902832e-01,-3.118769228458404541e-01,-1.871926188468933105e-01,-4.729503020644187927e-02,1.768625229597091675e-01,1.519051641225814819e-01,3.437805920839309692e-02,1.134964600205421448e-01,1.012438908219337463e-02,-1.534980535507202148e-01,-2.258970737457275391e-01
6.023879647254943848e-01,2.432528138160705566e-01,5.063947439193725586e-01,3.542431294918060303e-01,1.698770672082901001e-01,2.929596602916717529e-01,5.128479599952697754e-01,4.551845788955688477e-01,5.161201357841491699e-01,1.417885869741439819e-01,5.896899104118347168e-01,2.989139258861541748e-01,9.999998211860656738e-01,1.439905911684036255e-01,3.234297335147857666e-01,6.938183307647705078e-02,4.051093459129333496e-01,2.780476510524749756e-01,4.336377680301666260e-01,4.181777834892272949e-01,7.230188697576522827e-02,1.932596862316131592e-01,5.388837456703186035e-01,4.439361095428466797e-01,4.557171463966369629e-01,3.571564257144927979e-01,2.818350195884704590e-01,1.814023256301879883e-01,3.361914455890655518e-01,2.302165329456329346e-01,5.501481890678405762e-01,4.489748477935791016e-01,5.456470251083374023e-01,5.501828789710998535e-01,1.815364882349967957e-02,-6.711721420288085938e-03,-9.640731662511825562e-02,4.725711420178413391e-02,-1.102504879236221313e-01,-1.091193407773971558e-01,-6.961127370595932007e-02,6.421288847923278809e-02,7.275466620922088623e-02,2.150262296199798584e-01,1.404662877321243286e-01,2.936426103115081787e-01,2.588618099689483643e-01,2.114442139863967896e-01,3.006682395935058594e-01,2.677558958530426025e-01,3.097099661827087402e-01,2.537145018577575684e-01,3.228000998497009277e-01,6.278756260871887207e-02,1.974782049655914307e-01,-5.239208415150642395e-02,5.322771072387695312e-01,1.758796572685241699e-01,2.945959568023681641e-01,2.095732688903808594e-01,4.328034818172454834e-01,2.440949976444244385e-01,4.220856130123138428e-01,1.322592049837112427e-01,1.938910782337188721e-01,2.605199217796325684e-01,2.495204508304595947e-01,2.445082217454910278e-01,2.759869396686553955e-01,1.888632327318191528e-01,3.732701241970062256e-01,3.448570966720581055e-01,1.385119110345840454e-01,2.117778360843658447e-01,-5.410759523510932922e-02,-9.357066825032234192e-03,8.067871630191802979e-02,8.184242248535156250e-02,4.812939092516899109e-02,3.207444548606872559e-01,2.607494890689849854e-01,1.967706531286239624e-01,3.414072562009096146e-03,1.249692142009735107e-01,2.080267220735549927e-01,8.124195784330368042e-02,1.861791461706161499e-01,-3.775651566684246063e-03,2.576740682125091553e-01,-1.772837340831756592e-02,2.063684463500976562e-01,1.732942163944244385e-01,9.729801118373870850e-02,1.040671616792678833e-01,7.737139705568552017e-03,5.395723506808280945e-03,9.735488146543502808e-02,3.523128479719161987e-02,2.928378582000732422e-01,2.638137042522430420e-01,7.077027112245559692e-02,1.611330062150955200e-01,1.023232862353324890e-01,1.279323548078536987e-01,1.275180727243423462e-01,4.720599949359893799e-02,-6.339992582798004150e-02,3.129985183477401733e-02,1.828563660383224487e-01,-1.217898949980735779e-01,3.915748745203018188e-02,1.994650214910507202e-01,1.597459465265274048e-01,-1.967932470142841339e-02,-2.246814221143722534e-02,-3.096411004662513733e-02
