1.000000357627868652e+00,6.415390968322753906e-01,5.108498334884643555e-01,5.602362155914306641e-01,6.795880943536758423e-02,4.873847216367721558e-02,5.126464366912841797e-01,4.475094377994537354e-01,-3.302114829421043396e-02,6.789305061101913452e-02,3.636036217212677002e-01,3.462063670158386230e-01,3.184174895286560059e-01,3.247876763343811035e-01,1.041230857372283936e-01,1.611434817314147949e-01,2.297477573156356812e-01,1.925157755613327026e-01,6.528187990188598633e-01,5.790839195251464844e-01,-4.254099447280168533e-03,-5.527329072356224060e-02,3.825864493846893311e-01,3.934875428676605225e-01,1.393908709287643433e-01,1.028595119714736938e-01,7.437922060489654541e-02,1.035236939787864685e-01,1.423680037260055542e-01,1.086043342947959900e-01,7.920173555612564087e-02,1.704467087984085083e-01,2.784512639045715332e-01,2.022740542888641357e-01,-1.542460620403289795e-01,-1.129279881715774536e-01,-7.765149325132369995e-02,7.183977961540222168e-02,-6.959359347820281982e-02,-1.034127473831176758e-01,-1.161743402481079102e-01,-3.452260047197341919e-02,-1.995598226785659790e-01,-2.336860001087188721e-01,-2.300785034894943237e-01,-2.325100004673004150e-01,-2.156581133604049683e-01,-2.177110612392425537e-01,-1.974336504936218262e-01,-2.449481636285781860e-01,-1.418958604335784912e-01,-1.451446264982223511e-01,-1.030842512845993042e-01,-5.160144343972206116e-02,-1.689626574516296387e-01,-1.402069479227066040e-01,6.989579796791076660e-01,5.432531833648681641e-01,3.135102987289428711e-01,2.669233381748199463e-01,3.656521439552307129e-01,2.987251579761505127e-01,9.045002609491348267e-02,2.244760543107986450e-01,1.281456798315048218e-01,2.538378536701202393e-01,2.204955369234085083e-02,-1.473641842603683472e-01,4.917125105857849121e-01,3.750345110893249512e-01,-2.933418191969394684e-02,-2.744352072477340698e-02,-3.311814740300178528e-02,-6.130339950323104858e-02,-6.740780081599950790e-03,6.482575088739395142e-02,-6.834290176630020142e-02,-1.163620948791503906e-01,1.449431627988815308e-01,1.737101078033447266e-01,1.721762716770172119e-01,2.025496214628219604e-01,7.284244149923324585e-02,2.068282961845397949e-01,6.533583998680114746e-02,7.082947343587875366e-02,6.738918018527328968e-04,1.776081174612045288e-01,3.373152017593383789e-02,9.918453544378280640e-02,1.679640859365463257e-01,2.924416661262512207e-01,1.997932493686676025e-01,2.686167955398559570e-01,-8.534491062164306641e-02,-8.340545743703842163e-02,-1.012492328882217407e-01,2.642049454152584076e-03,-2.166115306317806244e-02,-7.550519704818725586e-02,8.771380782127380371e-02,1.401895731687545776e-01,1.718413829803466797e-01,1.702391803264617920e-01,-3.170449659228324890e-02,-2.062026038765907288e-02,-1.333270967006683350e-01,-1.275007128715515137e-01,5.055917892605066299e-03,-3.540655598044395447e-02,-1.169176995754241943e-01,7.332240790128707886e-02,1.104311347007751465e-01,-3.488202812150120735e-03,-1.195493340492248535e-01,-4.194514080882072449e-02
6.415390968322753906e-01,1.000000119209289551e+00,4.153330624103546143e-01,5.166682004928588867e-01,-5.876211076974868774e-02,-3.565823286771774292e-02,3.346365988254547119e-01,4.195358753204345703e-01,-2.512001693248748779e-01,-1.456360369920730591e-01,4.572086036205291748e-02,2.721040844917297363e-01,7.016589492559432983e-02,2.002585977315902710e-01,-7.098863273859024048e-02,-3.565114736557006836e-02,8.118411153554916382e-02,2.573928833007812500e-01,6.313148736953735352e-01,6.110519766807556152e-01,-1.894610561430454254e-02,-7.553302496671676636e-02,3.143555223941802979e-01,4.302864968776702881e-01,2.219621688127517700e-01,1.620984822511672974e-01,1.610776484012603760e-01,2.335066050291061401e-01,-2.814823202788829803e-02,6.537537276744842529e-02,-2.554168924689292908e-02,1.045037806034088135e-01,1.435050666332244873e-01,1.475761830806732178e-01,-1.803846359252929688e-01,-9.486224502325057983e-02,-2.163706272840499878e-01,1.941479742527008057e-02,-1.874395757913589478e-01,-2.777019143104553223e-01,-1.803291738033294678e-01,-1.253535747528076172e-01,-1.030577495694160461e-01,-1.627147942781448364e-01,-7.406695187091827393e-02,-6.353759765625000000e-02,-1.669947803020477295e-01,-1.508115977048873901e-01,-1.974618136882781982e-01,-1.904198229312896729e-01,-2.370234429836273193e-01,-1.194041445851325989e-01,-2.500031590461730957e-01,-1.232915967702865601e-01,-2.592535912990570068e-01,-2.372837960720062256e-01,6.474791169166564941e-01,7.922143936157226562e-01,2.664683461189270020e-01,3.803161382675170898e-01,1.655347198247909546e-01,3.781873285770416260e-01,-7.941697537899017334e-02,3.427080512046813965e-01,6.908772140741348267e-02,3.249896168708801270e-01,-2.830691821873188019e-02,-9.608495980501174927e-02,5.215483307838439941e-01,4.020272195339202881e-01,-1.532641202211380005e-01,-1.576730608940124512e-01,-1.198395341634750366e-01,-1.160751357674598694e-01,-2.698456868529319763e-02,6.494654808193445206e-03,-1.347681283950805664e-01,-9.204915910959243774e-02,1.780580729246139526e-01,1.694838851690292358e-01,6.656391918659210205e-02,3.061420917510986328e-01,-6.078145653009414673e-02,2.815704643726348877e-01,-1.178076788783073425e-01,6.663481146097183228e-02,-4.297098889946937561e-02,1.236412972211837769e-01,-1.538515686988830566e-01,3.480293229222297668e-02,-2.328796684741973877e-02,1.609186232089996338e-01,9.001703932881355286e-03,5.808851867914199829e-02,-1.363020837306976318e-01,-1.223258003592491150e-01,-2.029903233051300049e-01,-9.569833427667617798e-02,-1.373436152935028076e-01,-1.459951251745223999e-01,-1.743432506918907166e-02,7.802943140268325806e-02,1.290595084428787231e-01,9.684383869171142578e-02,-1.032006889581680298e-01,-1.138153299689292908e-01,-1.753054708242416382e-01,-1.115212664008140564e-01,-4.073297977447509766e-02,-9.294948726892471313e-02,-1.549365818500518799e-01,-1.909385621547698975e-02,2.286231517791748047e-02,-1.159602627158164978e-01,-2.801582515239715576e-01,-3.936891257762908936e-02
5.108498334884643555e-01,4.153330624103546143e-01,9.999997615814208984e-01,7.496749162673950195e-01,1.529666781425476074e-01,6.729742884635925293e-02,7.090768814086914062e-01,6.514207720756530762e-01,-8.435744792222976685e-03,7.774367928504943848e-02,2.552204132080078125e-01,2.064787894487380981e-01,3.519449830055236816e-01,4.371064901351928711e-01,2.516792714595794678e-01,2.833623886108398438e-01,1.290171146392822266e-01,1.513474285602569580e-01,5.525275468826293945e-01,4.778985977172851562e-01,1.288022547960281372e-01,6.391242891550064087e-02,7.450948953628540039e-01,6.995513439178466797e-01,1.767714023590087891e-01,1.173023656010627747e-01,-4.030863288789987564e-03,-1.063582766801118851e-02,1.399440020322799683e-01,5.566502362489700317e-02,2.806500494480133057e-01,3.074055910110473633e-01,3.077243268489837646e-01,2.254657745361328125e-01,2.332646697759628296e-01,2.055337727069854736e-01,7.251249998807907104e-02,1.178215369582176208e-01,4.971291124820709229e-02,-1.250489614903926849e-02,3.081477433443069458e-02,7.405994832515716553e-02,-2.868318557739257812e-01,-2.916958630084991455e-01,-2.234854102134704590e-01,-2.289145141839981079e-01,-2.563444674015045166e-01,-2.481352537870407104e-01,-2.706589102745056152e-01,-2.692367434501647949e-01,-1.233147159218788147e-01,-1.328392773866653442e-01,-7.309190183877944946e-02,-5.203678831458091736e-02,-6.167640537023544312e-02,-2.271464653313159943e-02,3.623552322387695312e-01,2.942920327186584473e-01,1.172254979610443115e-01,2.003141492605209351e-01,2.654599845409393311e-01,3.065897822380065918e-01,1.668419092893600464e-01,2.322179377079010010e-01,3.814045488834381104e-01,4.773825109004974365e-01,1.129158139228820801e-01,-8.975625783205032349e-02,1.558842509984970093e-01,1.591580659151077271e-01,2.479320019483566284e-01,1.891269981861114502e-01,3.396829962730407715e-02,1.251692883670330048e-02,7.312893867492675781e-02,9.090898185968399048e-02,5.429301783442497253e-02,5.075997486710548401e-02,7.662415504455566406e-02,5.196115747094154358e-02,9.590718150138854980e-02,2.256130874156951904e-01,2.093572020530700684e-01,2.806763052940368652e-01,2.209961265325546265e-01,2.708107233047485352e-01,1.297006905078887939e-01,2.995538413524627686e-01,1.147002279758453369e-01,1.844062805175781250e-01,3.786328136920928955e-01,3.958850502967834473e-01,3.314484059810638428e-01,4.086519181728363037e-01,-2.536904066801071167e-02,-5.474093183875083923e-02,-7.506613433361053467e-02,7.601211220026016235e-02,8.461336046457290649e-02,2.857402712106704712e-02,1.419339627027511597e-01,1.565446406602859497e-01,1.947734951972961426e-01,2.615662217140197754e-01,4.814349487423896790e-02,1.306474059820175171e-01,-4.023109376430511475e-02,-4.634686931967735291e-02,-1.094851791858673096e-01,-2.267751097679138184e-02,-7.182689756155014038e-02,1.052164360880851746e-01,1.776330173015594482e-01,8.833719789981842041e-02,8.119752258062362671e-02,-1.389696598052978516e-01
5.602362155914306641e-01,5.166682004928588867e-01,7.496749162673950195e-01,1.000000119209289551e+00,1.821993887424468994e-01,1.437721699476242065e-01,6.435159444808959961e-01,7.663051486015319824e-01,2.204558253288269043e-02,1.616358309984207153e-01,2.682097256183624268e-01,3.088016808032989502e-01,2.876066267490386963e-01,4.536178112030029297e-01,2.274391204118728638e-01,2.850207090377807617e-01,1.190337166190147400e-01,1.119945943355560303e-01,5.979134440422058105e-01,5.717529058456420898e-01,1.663508415222167969e-01,7.409491389989852905e-02,6.922715306282043457e-01,7.441633343696594238e-01,2.109991312026977539e-01,1.466255038976669312e-01,5.524563416838645935e-02,4.011968150734901428e-02,1.646965146064758301e-01,8.345046639442443848e-02,2.720038294792175293e-01,3.303094208240509033e-01,3.351808488368988037e-01,3.145644962787628174e-01,1.447556167840957642e-01,1.807593554258346558e-01,9.862778708338737488e-03,4.477360472083091736e-02,7.379797101020812988e-02,-2.474543638527393341e-02,-4.347630962729454041e-02,-2.185551635921001434e-02,-2.626717686653137207e-01,-2.831023931503295898e-01,-2.460454851388931274e-01,-2.515532970428466797e-01,-2.293288856744766235e-01,-2.346613109111785889e-01,-2.282124459743499756e-01,-2.248762249946594238e-01,-1.072562634944915771e-01,-1.210556402802467346e-01,-5.447094514966011047e-02,-3.118697926402091980e-02,-4.492883384227752686e-02,-5.342029035091400146e-03,4.365737736225128174e-01,4.013523161411285400e-01,1.840873062610626221e-01,2.982757091522216797e-01,3.008965849876403809e-01,4.279215335845947266e-01,1.778696924448013306e-01,3.615527153015136719e-01,2.756473720073699951e-01,4.776484370231628418e-01,9.361945092678070068e-02,-9.786587208509445190e-02,2.802601456642150879e-01,2.922607660293579102e-01,1.582560241222381592e-01,1.674859076738357544e-01,1.609314046800136566e-02,-4.468709230422973633e-03,4.893214255571365356e-02,9.263536334037780762e-02,1.649583317339420319e-02,2.185917086899280548e-02,4.559827968478202820e-02,1.319152396172285080e-02,9.231146425008773804e-02,2.187362313270568848e-01,1.206773668527603149e-01,2.326379418373107910e-01,1.498151868581771851e-01,2.285276949405670166e-01,1.054016202688217163e-01,2.967882156372070312e-01,1.481578201055526733e-01,2.583672702312469482e-01,3.940330743789672852e-01,3.944374322891235352e-01,4.172454178333282471e-01,4.176082909107208252e-01,-1.187102869153022766e-01,-1.403023004531860352e-01,-1.073241010308265686e-01,4.733026772737503052e-02,1.191445514559745789e-01,2.266165614128112793e-02,2.256183177232742310e-01,2.412059009075164795e-01,2.467193007469177246e-01,3.113323152065277100e-01,2.664604038000106812e-02,1.246721372008323669e-01,-1.053695976734161377e-01,-1.060737296938896179e-01,-8.352094888687133789e-02,-8.853489160537719727e-02,-1.020259037613868713e-01,1.163720563054084778e-01,2.078540772199630737e-01,7.187861204147338867e-02,3.496353700757026672e-02,-1.479064524173736572e-01
6.795880943536758423e-02,-5.876211076974868774e-02,1.529666781425476074e-01,1.821993887424468994e-01,1.000000119209289551e+00,6.859960556030273438e-01,8.149688690900802612e-02,1.106595695018768311e-01,6.085653305053710938e-01,6.553668975830078125e-01,2.787753343582153320e-01,1.109612733125686646e-01,2.240659743547439575e-01,2.208022773265838623e-01,5.632954239845275879e-01,4.702526926994323730e-01,1.978206187486648560e-01,4.936504364013671875e-02,1.330962926149368286e-01,1.332969516515731812e-01,2.485501319169998169e-01,2.428735494613647461e-01,2.547801733016967773e-01,1.610389649868011475e-01,4.862813949584960938e-01,4.385526180267333984e-01,5.181975960731506348e-01,3.923627436161041260e-01,3.009370267391204834e-01,1.663455814123153687e-01,2.626566886901855469e-01,2.210623621940612793e-01,1.824358254671096802e-01,1.316258609294891357e-01,1.613096892833709717e-01,6.910818070173263550e-02,2.648554444313049316e-01,2.176843732595443726e-01,2.681255638599395752e-01,2.751225531101226807e-01,1.981737166643142700e-01,2.440204769372940063e-01,-1.792121529579162598e-01,-1.906344741582870483e-01,-1.643563956022262573e-01,-1.871569603681564331e-01,-1.220444962382316589e-01,-1.709397733211517334e-01,-1.689220368862152100e-01,-1.985059082508087158e-01,-1.748172752559185028e-02,-1.280701011419296265e-01,7.585909217596054077e-02,3.025648742914199829e-02,1.403289139270782471e-01,1.544425636529922485e-01,2.707858197391033173e-02,-5.425272881984710693e-02,9.823512285947799683e-03,-5.078607425093650818e-02,5.646428465843200684e-02,7.967253774404525757e-02,1.097751185297966003e-01,9.025016799569129944e-03,1.245342865586280823e-01,8.125986903905868530e-02,2.229756675660610199e-02,-1.028528958559036255e-01,3.867094591259956360e-02,5.155870690941810608e-02,3.047736287117004395e-01,1.895063966512680054e-01,2.286281585693359375e-01,1.896815448999404907e-01,1.577480882406234741e-01,2.915912866592407227e-01,8.075351268053054810e-02,1.995705813169479370e-02,7.353802770376205444e-02,1.465134024620056152e-01,2.138829976320266724e-01,1.533279865980148315e-01,2.908479869365692139e-01,1.693162471055984497e-01,2.839040160179138184e-01,2.421177476644515991e-01,3.469412028789520264e-01,3.799120485782623291e-01,2.708393037319183350e-01,2.657339572906494141e-01,2.269049584865570068e-01,2.310790866613388062e-01,2.966407239437103271e-01,2.536788582801818848e-01,2.626985497772693634e-02,-2.630043402314186096e-02,9.754559956490993500e-03,5.275927484035491943e-02,1.190060153603553772e-01,7.046052068471908569e-02,9.429506026208400726e-03,-3.469477966427803040e-02,-5.919761955738067627e-02,-2.118517830967903137e-02,-6.130706146359443665e-02,-3.858277108520269394e-03,-1.354262530803680420e-01,-1.811999380588531494e-01,-5.543836951255798340e-02,6.285334471613168716e-03,-2.292887866497039795e-02,1.062125340104103088e-01,8.667320758104324341e-02,9.564580023288726807e-02,8.601294457912445068e-02,-8.366766571998596191e-02
4.873847216367721558e-02,-3.565823286771774292e-02,6.729742884635925293e-02,1.437721699476242065e-01,6.859960556030273438e-01,9.999995231628417969e-01,2.718481793999671936e-02,5.788133293390274048e-02,3.652728796005249023e-01,5.214837193489074707e-01,2.813425660133361816e-01,1.978394836187362671e-01,2.369699329137802124e-01,2.408138364553451538e-01,3.373248279094696045e-01,4.413698017597198486e-01,1.805241554975509644e-01,1.243588253855705261e-01,2.857502177357673645e-02,3.473937138915061951e-02,2.715429067611694336e-01,3.512486517429351807e-01,2.146035730838775635e-01,1.676949262619018555e-01,6.184814572334289551e-01,6.612895131111145020e-01,6.967194080352783203e-01,6.480582356452941895e-01,2.404875606298446655e-01,1.284033656120300293e-01,2.297034710645675659e-01,3.001162707805633545e-01,5.926256254315376282e-02,3.870830684900283813e-02,6.564865261316299438e-02,2.733962051570415497e-02,2.126836180686950684e-01,2.188684195280075073e-01,1.745877414941787720e-01,2.508485317230224609e-01,1.824205219745635986e-01,2.615183889865875244e-01,-9.769082069396972656e-02,-1.432724148035049438e-01,-1.226870194077491760e-01,-1.586722880601882935e-01,-5.708177015185356140e-02,-9.123570472002029419e-02,-1.824962534010410309e-02,-7.538593560457229614e-02,9.528110176324844360e-02,-1.635665306821465492e-03,1.197254732251167297e-01,7.838662713766098022e-02,1.053069531917572021e-01,1.647218912839889526e-01,4.622373357415199280e-02,-4.070147126913070679e-02,8.377191610634326935e-03,-4.352530092000961304e-02,-7.667906582355499268e-02,-2.589659765362739563e-02,3.903034701943397522e-02,-1.723388023674488068e-02,7.575358450412750244e-02,5.256298184394836426e-02,-1.074932664632797241e-01,-1.902167052030563354e-01,1.977180503308773041e-02,-1.794197224080562592e-02,2.304593026638031006e-01,1.784766167402267456e-01,1.309553682804107666e-01,9.052583575248718262e-02,9.210268408060073853e-02,2.460752725601196289e-01,-1.406763121485710144e-02,-4.011166095733642578e-02,-5.521185323596000671e-02,1.059612184762954712e-01,1.013233736157417297e-01,1.588657051324844360e-01,1.886064857244491577e-01,2.265411913394927979e-01,2.113360315561294556e-01,2.133854925632476807e-01,2.551817893981933594e-01,3.391019403934478760e-01,9.780039638280868530e-02,2.419022619724273682e-01,1.507097184658050537e-01,5.011565238237380981e-02,2.089351117610931396e-01,4.507479444146156311e-02,-6.477747857570648193e-02,-1.208707317709922791e-02,-1.113791093230247498e-01,-5.985144898295402527e-02,-4.050486162304878235e-02,-6.565066426992416382e-02,-3.076972998678684235e-02,-2.050454169511795044e-01,-1.187024936079978943e-01,-1.949013918638229370e-01,-1.909339874982833862e-01,-1.934732794761657715e-01,-1.962894946336746216e-01,-2.038590162992477417e-01,-1.133535429835319519e-02,-2.806377969682216644e-02,-6.690862029790878296e-02,-6.002062559127807617e-02,-9.513473510742187500e-02,-6.504378467798233032e-02,-3.873985260725021362e-02,-8.348178863525390625e-02
5.126464366912841797e-01,3.346365988254547119e-01,7.090768814086914062e-01,6.435159444808959961e-01,8.149688690900802612e-02,2.718481793999671936e-02,9.999997615814208984e-01,6.813435554504394531e-01,3.354444354772567749e-02,1.065827533602714539e-01,3.489729762077331543e-01,3.506294190883636475e-01,4.189919829368591309e-01,4.263661503791809082e-01,1.470658183097839355e-01,2.498442530632019043e-01,1.176739186048507690e-01,1.667235940694808960e-01,4.365132749080657959e-01,3.835055828094482422e-01,5.785899236798286438e-02,5.630287155508995056e-02,5.529592633247375488e-01,4.931638836860656738e-01,4.929836839437484741e-02,3.681097924709320068e-02,-1.180758401751518250e-01,-1.013230830430984497e-01,1.807095557451248169e-01,1.246451139450073242e-01,2.658461630344390869e-01,3.220560848712921143e-01,3.459853827953338623e-01,3.122683167457580566e-01,1.581655442714691162e-01,1.456624418497085571e-01,2.019367553293704987e-02,1.386950607411563396e-03,6.340920925140380859e-02,-2.918228507041931152e-02,-1.369890291243791580e-02,3.021138347685337067e-02,-3.215278685092926025e-01,-3.280903398990631104e-01,-2.901751101016998291e-01,-2.972899675369262695e-01,-3.419732153415679932e-01,-3.523994088172912598e-01,-2.767421007156372070e-01,-2.756256759166717529e-01,-1.404161751270294189e-01,-1.793584972620010376e-01,-9.833202511072158813e-02,-9.630040824413299561e-02,-1.330581158399581909e-01,-1.550260484218597412e-01,2.340648025274276733e-01,1.970002949237823486e-01,2.371359616518020630e-01,2.516421675682067871e-01,5.109972953796386719e-01,4.370658695697784424e-01,3.295502960681915283e-01,3.820346593856811523e-01,3.515429794788360596e-01,3.653523027896881104e-01,2.632745504379272461e-01,-3.097905218601226807e-02,1.256919354200363159e-01,2.050865143537521362e-01,2.535905539989471436e-01,2.556385695934295654e-01,1.231624037027359009e-01,1.088866740465164185e-01,1.551934927701950073e-01,1.150117442011833191e-01,1.448610872030258179e-01,8.964417129755020142e-02,7.336796075105667114e-02,1.154621616005897522e-01,1.392201781272888184e-01,1.015920266509056091e-01,7.826430350542068481e-02,9.683176130056381226e-02,1.668640673160552979e-01,8.057904988527297974e-02,-3.570101782679557800e-02,8.678034693002700806e-02,1.401481330394744873e-01,1.890888661146163940e-01,4.438609182834625244e-01,2.694671750068664551e-01,4.029412567615509033e-01,4.359844624996185303e-01,-6.667050719261169434e-02,-6.903489679098129272e-02,4.895315971225500107e-03,6.021150201559066772e-02,1.030902490019798279e-01,3.111017213086597621e-05,3.260171711444854736e-01,2.507265210151672363e-01,3.479580283164978027e-01,3.138855695724487305e-01,9.451179206371307373e-02,1.639452725648880005e-01,3.336384892463684082e-03,-3.408589586615562439e-02,-8.088576793670654297e-02,-3.151376917958259583e-02,-6.176361069083213806e-02,1.493381112813949585e-01,2.636168003082275391e-01,1.274857670068740845e-01,1.152186766266822815e-01,-1.468760669231414795e-01
4.475094377994537354e-01,4.195358753204345703e-01,6.514207720756530762e-01,7.663051486015319824e-01,1.106595695018768311e-01,5.788133293390274048e-02,6.813435554504394531e-01,1.000000238418579102e+00,5.887881387025117874e-03,1.557701379060745239e-01,2.436981946229934692e-01,4.202707409858703613e-01,2.984417974948883057e-01,4.707951843738555908e-01,1.731246858835220337e-01,2.403468936681747437e-01,4.495406895875930786e-02,1.094784066081047058e-01,4.871075451374053955e-01,4.531686902046203613e-01,9.944087266921997070e-02,2.779387310147285461e-02,5.754464864730834961e-01,6.205132603645324707e-01,8.068861812353134155e-02,3.280169144272804260e-02,-7.353676110506057739e-02,-6.493918597698211670e-02,1.256709247827529907e-01,8.374449610710144043e-02,2.397499978542327881e-01,2.976445555686950684e-01,3.076418936252593994e-01,3.132566809654235840e-01,6.973683089017868042e-02,1.368244737386703491e-01,8.533467538654804230e-03,-8.960369043052196503e-03,4.708433523774147034e-02,-6.656577438116073608e-02,-6.368510425090789795e-02,-4.887801781296730042e-02,-2.687650024890899658e-01,-2.619886398315429688e-01,-2.667499780654907227e-01,-2.642244100570678711e-01,-2.251602411270141602e-01,-2.145295292139053345e-01,-1.794929057359695435e-01,-1.535796821117401123e-01,-5.002745240926742554e-02,-4.739177972078323364e-02,3.982751164585351944e-03,4.419445991516113281e-02,-5.074498802423477173e-02,-3.434749692678451538e-02,2.461627125740051270e-01,2.993772327899932861e-01,2.035375833511352539e-01,3.427908718585968018e-01,3.877197504043579102e-01,5.360023975372314453e-01,2.489822059869766235e-01,4.403492510318756104e-01,2.743203938007354736e-01,4.660577178001403809e-01,9.100637584924697876e-02,-7.045056670904159546e-02,1.523193418979644775e-01,2.183715403079986572e-01,1.529970020055770874e-01,2.201773524284362793e-01,3.175275400280952454e-02,2.771142683923244476e-02,5.800941213965415955e-02,3.422516956925392151e-02,4.311619699001312256e-02,4.083305969834327698e-02,3.763823583722114563e-02,-1.128736324608325958e-02,6.363812834024429321e-02,1.862259805202484131e-01,2.138076908886432648e-02,1.197930648922920227e-01,1.558727920055389404e-01,2.019999772310256958e-01,2.777147293090820312e-02,1.497948020696640015e-01,1.906163096427917480e-01,3.051898181438446045e-01,3.667762279510498047e-01,3.344911336898803711e-01,3.803048729896545410e-01,4.029646515846252441e-01,-9.529984742403030396e-02,-1.243912354111671448e-01,-5.463489517569541931e-02,4.795818030834197998e-02,1.100343167781829834e-01,2.861356735229492188e-02,3.267901241779327393e-01,3.179472684860229492e-01,3.300566971302032471e-01,3.973868489265441895e-01,6.832284480333328247e-02,1.716992259025573730e-01,-1.351205818355083466e-02,-3.163732960820198059e-02,-9.068167209625244141e-02,-1.014052480459213257e-01,-5.764384195208549500e-02,1.107747480273246765e-01,2.205100804567337036e-01,6.570772081613540649e-02,3.785489127039909363e-02,-1.472319960594177246e-01
-3.302114829421043396e-02,-2.512001693248748779e-01,-8.435744792222976685e-03,2.204558253288269043e-02,6.085653305053710938e-01,3.652728796005249023e-01,3.354444354772567749e-02,5.887881387025117874e-03,1.000000119209289551e+00,7.324686646461486816e-01,2.890759706497192383e-01,1.184075251221656799e-01,2.877751886844635010e-01,1.550150662660598755e-01,6.535986065864562988e-01,4.753186106681823730e-01,1.795798838138580322e-01,-1.494579762220382690e-02,-6.641401350498199463e-02,-4.499223828315734863e-02,2.509694397449493408e-01,1.562319099903106689e-01,5.266898125410079956e-02,-5.306594073772430420e-02,1.074718907475471497e-01,6.579357385635375977e-02,1.302272528409957886e-01,-3.233769908547401428e-02,3.364155590534210205e-01,2.317928224802017212e-01,1.925399899482727051e-01,9.006492793560028076e-02,1.817375421524047852e-01,1.167263984680175781e-01,1.344591379165649414e-01,5.324030295014381409e-02,2.813768088817596436e-01,1.101343631744384766e-01,3.478485345840454102e-01,4.057641625404357910e-01,2.002563923597335815e-01,2.158022075891494751e-01,-1.002329066395759583e-01,-1.037183105945587158e-01,-1.700471937656402588e-01,-1.942910254001617432e-01,3.710411023348569870e-03,-4.630867019295692444e-02,-1.278664022684097290e-01,-1.508166193962097168e-01,6.503333151340484619e-02,-1.289334148168563843e-01,2.828166484832763672e-01,1.359316408634185791e-01,3.038464784622192383e-01,2.626327276229858398e-01,-7.235834002494812012e-02,-2.198236137628555298e-01,3.574477741494774818e-03,-1.202440261840820312e-01,2.505137622356414795e-01,-5.077942274510860443e-03,2.726216018199920654e-01,-1.911405660212039948e-02,1.282119303941726685e-01,-7.160805910825729370e-02,1.440775841474533081e-01,8.997208438813686371e-03,-7.127732038497924805e-02,-2.113056182861328125e-02,2.268435806035995483e-01,2.086541205644607544e-01,2.646147012710571289e-01,2.158331125974655151e-01,2.470387518405914307e-01,2.930887341499328613e-01,1.148558631539344788e-01,-3.880660980939865112e-02,4.591763764619827271e-02,9.930668771266937256e-02,3.230986297130584717e-01,-2.943668048828840256e-03,3.024465739727020264e-01,-1.819485425949096680e-02,3.917601406574249268e-01,1.508200019598007202e-01,4.133574366569519043e-01,2.842649817466735840e-01,5.584735870361328125e-01,3.405889272689819336e-01,2.523219883441925049e-01,1.691918075084686279e-01,2.993578910827636719e-01,3.089704811573028564e-01,-3.245910629630088806e-02,-1.395738869905471802e-01,6.247907504439353943e-02,5.979025736451148987e-02,3.706208467483520508e-01,2.881040275096893311e-01,1.747701317071914673e-01,9.966044127941131592e-02,7.268468290567398071e-02,7.962566614151000977e-02,9.527540206909179688e-02,1.392288058996200562e-01,-4.581059515476226807e-02,-1.316616237163543701e-01,-6.850004196166992188e-02,-8.626007288694381714e-02,-2.906946837902069092e-02,2.145613729953765869e-01,2.007715702056884766e-01,2.391358613967895508e-01,2.412143349647521973e-01,-9.101669490337371826e-02
6.789305061101913452e-02,-1.456360369920730591e-01,7.774367928504943848e-02,1.616358309984207153e-01,6.553668975830078125e-01,5.214837193489074707e-01,1.065827533602714539e-01,1.557701379060745239e-01,7.324686646461486816e-01,9.999997615814208984e-01,3.358063995838165283e-01,2.241385877132415771e-01,3.447033762931823730e-01,2.571232616901397705e-01,6.445326209068298340e-01,6.095340251922607422e-01,1.890522092580795288e-01,-2.556733414530754089e-02,4.957506060600280762e-02,2.619405649602413177e-02,2.987644970417022705e-01,2.094756364822387695e-01,1.671419292688369751e-01,7.065740227699279785e-02,2.570212781429290771e-01,2.265096902847290039e-01,2.571297287940979004e-01,1.191428452730178833e-01,3.173197507858276367e-01,1.569304019212722778e-01,2.046542167663574219e-01,1.546984463930130005e-01,1.606419831514358521e-01,9.790394455194473267e-02,1.421659141778945923e-01,1.086018234491348267e-01,2.662791311740875244e-01,1.236053481698036194e-01,2.414135038852691650e-01,3.195454478263854980e-01,1.899190396070480347e-01,2.236285805702209473e-01,-1.504609584808349609e-01,-1.569085568189620972e-01,-2.454535663127899170e-01,-2.805385291576385498e-01,-2.697055600583553314e-02,-6.177389621734619141e-02,-1.477197557687759399e-01,-1.989426612854003906e-01,1.159529611468315125e-01,-1.253768801689147949e-01,2.732534706592559814e-01,1.611706316471099854e-01,2.041996866464614868e-01,1.969006657600402832e-01,-2.390213543549180031e-03,-1.603524982929229736e-01,2.935676276683807373e-02,-5.993245914578437805e-02,2.437181919813156128e-01,1.132150962948799133e-01,2.112586200237274170e-01,2.557026781141757965e-02,1.926650851964950562e-01,9.508621692657470703e-02,1.972041465342044830e-02,-1.701043099164962769e-01,-8.926855400204658508e-03,-7.944202050566673279e-03,2.511966228485107422e-01,2.063892632722854614e-01,2.119268327951431274e-01,1.500160545110702515e-01,2.202467918395996094e-01,3.187406957149505615e-01,4.992789775133132935e-02,-1.112445741891860962e-01,-1.181140192784368992e-03,6.534954160451889038e-02,2.829123735427856445e-01,4.725428298115730286e-02,2.874608039855957031e-01,1.326438635587692261e-01,4.321907162666320801e-01,2.279693931341171265e-01,3.165180087089538574e-01,3.495501279830932617e-01,4.518502056598663330e-01,4.043892323970794678e-01,3.696382939815521240e-01,2.695216536521911621e-01,4.104876518249511719e-01,3.622182309627532959e-01,1.095702964812517166e-02,-1.125707998871803284e-01,5.447918549180030823e-02,2.472853474318981171e-02,2.930732071399688721e-01,2.109477669000625610e-01,2.181457877159118652e-01,7.701638340950012207e-02,1.014407798647880554e-01,5.413656309247016907e-02,3.594113886356353760e-02,6.210213527083396912e-02,-7.294829189777374268e-02,-1.233246251940727234e-01,-5.179378762841224670e-02,-7.547008246183395386e-02,-7.707156706601381302e-03,1.961946189403533936e-01,2.159676253795623779e-01,1.689036190509796143e-01,1.426988989114761353e-01,-1.256099939346313477e-01
3.636036217212677002e-01,4.572086036205291748e-02,2.552204132080078125e-01,2.682097256183624268e-01,2.787753343582153320e-01,2.813425660133361816e-01,3.489729762077331543e-01,2.436981946229934692e-01,2.890759706497192383e-01,3.358063995838165283e-01,9.999998211860656738e-01,5.442652702331542969e-01,7.286482453346252441e-01,5.862889885902404785e-01,4.027127027511596680e-01,5.054376721382141113e-01,5.386356115341186523e-01,3.448467552661895752e-01,2.446204572916030884e-01,2.145589441061019897e-01,4.453428089618682861e-02,1.148572564125061035e-01,3.318567872047424316e-01,2.524773478507995605e-01,1.715028434991836548e-01,1.657500118017196655e-01,3.126165643334388733e-02,-4.288524389266967773e-03,5.938893556594848633e-01,3.736758530139923096e-01,3.196460306644439697e-01,3.946160376071929932e-01,2.946805655956268311e-01,2.053140550851821899e-01,3.579032048583030701e-02,1.069814860820770264e-01,2.919778227806091309e-01,1.671719551086425781e-01,1.697314977645874023e-01,2.298062294721603394e-01,1.613874286413192749e-01,1.724707633256912231e-01,-2.120007276535034180e-01,-2.499137818813323975e-01,-2.259933054447174072e-01,-2.729317247867584229e-01,-2.532483935356140137e-01,-2.682834565639495850e-01,-1.420675367116928101e-01,-1.766218990087509155e-01,2.314555924385786057e-03,-4.565547034144401550e-02,3.000627085566520691e-02,1.590977422893047333e-03,-9.575857967138290405e-02,-2.347197011113166809e-02,1.518196463584899902e-01,-4.672594740986824036e-02,5.934403836727142334e-02,-1.520401053130626678e-02,3.958315849304199219e-01,2.122240066528320312e-01,4.770795404911041260e-01,2.878231108188629150e-01,2.827900350093841553e-01,2.056902498006820679e-01,1.210461631417274475e-01,-8.206274360418319702e-03,9.015624225139617920e-02,9.582913666963577271e-02,3.932308554649353027e-01,4.805972278118133545e-01,3.673389256000518799e-01,3.371680676937103271e-01,2.894500195980072021e-01,2.886117398738861084e-01,2.151740342378616333e-01,1.458427459001541138e-01,1.323940455913543701e-01,1.765662729740142822e-01,3.638246357440948486e-01,3.246966898441314697e-01,2.875845730304718018e-01,2.212052494287490845e-01,3.497346043586730957e-01,2.766259014606475830e-01,1.258669644594192505e-01,3.183590471744537354e-01,2.459601312875747681e-01,1.165643855929374695e-01,2.860100567340850830e-01,2.749291062355041504e-01,3.138049840927124023e-01,3.595109581947326660e-01,2.616076963022351265e-03,-2.452489919960498810e-02,3.265946730971336365e-02,5.301450192928314209e-02,1.001430228352546692e-01,3.509224951267242432e-02,1.020681038498878479e-01,1.777531504631042480e-01,6.205229461193084717e-02,1.434165090322494507e-01,-6.180041655898094177e-02,2.638027630746364594e-02,-1.636986732482910156e-01,-1.464101672172546387e-01,-6.560365855693817139e-02,9.734707325696945190e-02,2.698252163827419281e-02,1.919931620359420776e-01,1.825164705514907837e-01,7.549902796745300293e-02,1.083022207021713257e-01,-1.695054322481155396e-01
3.462063670158386230e-01,2.721040844917297363e-01,2.064787894487380981e-01,3.088016808032989502e-01,1.109612733125686646e-01,1.978394836187362671e-01,3.506294190883636475e-01,4.202707409858703613e-01,1.184075251221656799e-01,2.241385877132415771e-01,5.442652702331542969e-01,9.999997615814208984e-01,5.670949816703796387e-01,5.842437744140625000e-01,1.572185605764389038e-01,3.565607666969299316e-01,1.928623169660568237e-01,3.308432400226593018e-01,2.485085725784301758e-01,2.241495996713638306e-01,-2.586609497666358948e-02,2.727505937218666077e-02,2.912530303001403809e-01,2.702969312667846680e-01,2.033882886171340942e-01,1.962690949440002441e-01,4.665793851017951965e-02,9.248838573694229126e-02,2.702220678329467773e-01,3.350321352481842041e-01,1.982848495244979858e-01,3.542322218418121338e-01,1.902859956026077271e-01,1.747270077466964722e-01,-1.144229099154472351e-01,2.166865393519401550e-02,3.119446709752082825e-02,9.800840169191360474e-02,-7.228526473045349121e-02,-6.782562285661697388e-02,-3.402882814407348633e-02,3.570968657732009888e-02,-2.763603627681732178e-01,-2.864308655261993408e-01,-2.991268336772918701e-01,-3.531966507434844971e-01,-3.384957313537597656e-01,-2.849537730216979980e-01,-4.177444428205490112e-02,-3.512237593531608582e-02,2.924021147191524506e-02,7.384201139211654663e-02,8.739203959703445435e-02,1.478080302476882935e-01,-1.307018846273422241e-01,-6.404478102922439575e-02,9.432745724916458130e-02,1.527223736047744751e-01,2.461127340793609619e-01,2.330120205879211426e-01,4.045930802822113037e-01,4.207804799079895020e-01,3.702499270439147949e-01,5.257260203361511230e-01,2.024668902158737183e-01,2.833001613616943359e-01,2.356157265603542328e-02,-5.703072249889373779e-02,6.633242964744567871e-02,4.202561825513839722e-02,1.563539057970046997e-01,3.282868266105651855e-01,2.027742266654968262e-01,2.410036027431488037e-01,2.380324006080627441e-01,2.220980972051620483e-01,2.199356071650981903e-02,1.322138030081987381e-02,8.903418481349945068e-02,1.461496502161026001e-01,1.792462766170501709e-01,3.732076287269592285e-01,-7.005111128091812134e-02,2.254025787115097046e-01,1.915137469768524170e-01,2.600235939025878906e-01,-6.078314408659934998e-02,1.575340330600738525e-01,1.513230800628662109e-01,2.964095473289489746e-01,1.760309338569641113e-01,2.590891420841217041e-01,2.299962639808654785e-01,2.235807478427886963e-01,-1.857921928167343140e-01,-1.901127696037292480e-01,-1.892230510711669922e-01,-1.493131667375564575e-01,-9.475134313106536865e-03,-1.322388852713629603e-04,1.654227823019027710e-01,1.930313259363174438e-01,8.183173835277557373e-02,1.393010765314102173e-01,-1.476559042930603027e-01,-4.401488974690437317e-02,-1.408159732818603516e-01,-9.386520832777023315e-02,-6.421782076358795166e-02,-1.262750327587127686e-01,-1.423833072185516357e-01,6.856300681829452515e-02,1.342988610267639160e-01,-6.497202813625335693e-02,-5.656066164374351501e-02,-1.631212383508682251e-01
3.184174895286560059e-01,7.016589492559432983e-02,3.519449830055236816e-01,2.876066267490386963e-01,2.240659743547439575e-01,2.369699329137802124e-01,4.189919829368591309e-01,2.984417974948883057e-01,2.877751886844635010e-01,3.447033762931823730e-01,7.286482453346252441e-01,5.670949816703796387e-01,9.999997615814208984e-01,6.922344565391540527e-01,4.699864089488983154e-01,5.678200125694274902e-01,4.018008708953857422e-01,3.972364664077758789e-01,1.855606436729431152e-01,1.333852559328079224e-01,1.052994877099990845e-01,1.092729121446609497e-01,4.293197393417358398e-01,3.306957185268402100e-01,1.987299174070358276e-01,1.782926917076110840e-01,-1.158667262643575668e-02,-3.765768185257911682e-02,4.722481966018676758e-01,3.351782858371734619e-01,3.451023101806640625e-01,4.151347279548645020e-01,2.025705873966217041e-01,1.040742024779319763e-01,7.425843179225921631e-02,1.357167214155197144e-01,2.483179271221160889e-01,2.131136804819107056e-01,1.493562459945678711e-01,1.718609482049942017e-01,1.387543678283691406e-01,2.175069302320480347e-01,-2.440893352031707764e-01,-2.791666090488433838e-01,-2.371525764465332031e-01,-2.825331985950469971e-01,-2.371910661458969116e-01,-2.191404402256011963e-01,-2.290610373020172119e-01,-2.241147458553314209e-01,-1.321572158485651016e-02,-6.954757869243621826e-02,6.669139117002487183e-02,7.618807256221771240e-02,-8.797331899404525757e-02,-2.441304037347435951e-03,1.512338519096374512e-01,-3.593148430809378624e-03,2.905862592160701752e-02,-6.180782616138458252e-02,4.051049947738647461e-01,1.730503886938095093e-01,4.547575116157531738e-01,2.385524660348892212e-01,4.402334690093994141e-01,3.013106882572174072e-01,-4.753558896481990814e-03,-1.512255221605300903e-01,-6.928350310772657394e-03,-3.568173944950103760e-02,4.151000678539276123e-01,4.953528344631195068e-01,3.375957310199737549e-01,2.795744240283966064e-01,3.049501478672027588e-01,3.091570734977722168e-01,1.430292576551437378e-01,7.626000791788101196e-02,1.348524689674377441e-01,2.092838734388351440e-01,3.549539744853973389e-01,4.220260679721832275e-01,2.839851677417755127e-01,3.653656542301177979e-01,4.855706393718719482e-01,4.031221866607666016e-01,1.843177825212478638e-01,3.924104571342468262e-01,2.425823509693145752e-01,1.573505699634552002e-01,2.936421930789947510e-01,3.494690954685211182e-01,2.709952294826507568e-01,3.659507930278778076e-01,-2.348708733916282654e-02,-4.791904240846633911e-02,-1.864476315677165985e-02,2.518629468977451324e-02,1.246058493852615356e-01,1.141361296176910400e-01,4.132455214858055115e-02,1.856601834297180176e-01,6.198195368051528931e-02,1.611983776092529297e-01,-1.214413940906524658e-01,1.318539143539965153e-04,-1.478661000728607178e-01,-1.293704211711883545e-01,-9.352999925613403320e-02,3.722380101680755615e-02,-9.306854009628295898e-02,1.607372760772705078e-01,1.723248362541198730e-01,6.737960129976272583e-02,5.561055988073348999e-02,-2.196350246667861938e-01
