1.000000357627868652e+00,2.610162198543548584e-01,2.741033136844635010e-01,1.536385864019393921e-01,-4.181849211454391479e-02,-1.354433000087738037e-01,5.551734566688537598e-01,2.672424912452697754e-01,-3.480871021747589111e-02,-2.013866454362869263e-01,6.776223182678222656e-01,2.819213569164276123e-01,5.183706283569335938e-01,1.892311722040176392e-01,1.733965426683425903e-02,-2.343112081289291382e-01,2.171708941459655762e-01,-1.269361674785614014e-01,-2.000811994075775146e-01,1.820058748126029968e-02,3.253906220197677612e-02,-4.024571925401687622e-02,-2.434795256704092026e-03,-2.805021591484546661e-02,-1.719076186418533325e-02,-1.298612058162689209e-01,-1.891261786222457886e-01,-7.547050714492797852e-02,3.678844869136810303e-01,3.268241137266159058e-02,1.702546700835227966e-02,2.761256182566285133e-04,2.177153527736663818e-02,-4.308113455772399902e-02,-1.083329543471336365e-01,-2.170317322015762329e-01,6.117310747504234314e-02,-2.977788820862770081e-02,7.272771908901631832e-04,-3.672525752335786819e-03,5.430368706583976746e-02,2.466015145182609558e-02,-2.342486828565597534e-01,-1.557992547750473022e-01,-3.048352897167205811e-01,-2.127194851636886597e-01,-4.617034271359443665e-02,-1.730036437511444092e-01,-9.379266202449798584e-02,-7.691393047571182251e-02,8.275122195482254028e-02,-9.651079773902893066e-02,-3.950752690434455872e-02,-1.740919202566146851e-01,7.952194660902023315e-03,-2.166552841663360596e-01,4.605143368244171143e-01,-1.117380633950233459e-01,-6.559610366821289062e-02,-1.950874775648117065e-01,-1.068983376026153564e-01,-2.289001345634460449e-01,1.155553609132766724e-01,-2.416685819625854492e-01,-1.467811912298202515e-01,-1.597010046243667603e-01,-2.421843707561492920e-01,-2.639337778091430664e-01,1.272016614675521851e-01,5.585480853915214539e-02,1.756729036569595337e-01,2.096435725688934326e-01,2.713091075420379639e-01,2.347375750541687012e-01,-7.565486431121826172e-02,-8.783815056085586548e-02,-4.835857450962066650e-02,-1.544423997402191162e-01,9.560160338878631592e-03,-3.351672366261482239e-02,7.714639604091644287e-02,-1.737130880355834961e-01,2.146848589181900024e-01,-2.383070439100265503e-02,1.544609069824218750e-01,-1.485278904438018799e-01,1.100353375077247620e-01,-1.092340648174285889e-01,3.533012047410011292e-02,-2.426624745130538940e-01,-3.897266834974288940e-02,-2.363898754119873047e-01,-9.395892173051834106e-02,-2.361428290605545044e-01,5.513074249029159546e-02,7.488050311803817749e-02,5.627565458416938782e-02,1.722952350974082947e-02,-5.208019167184829712e-02,-2.054489254951477051e-01,3.667133674025535583e-02,-1.198230609297752380e-01,-1.271619200706481934e-01,-1.980841308832168579e-01,-2.738841064274311066e-02,-9.688751399517059326e-02,3.735042735934257507e-02,-1.323295384645462036e-01,2.159733325242996216e-01,1.674262583255767822e-01,-1.108113210648298264e-02,-2.890707850456237793e-01,-2.799047231674194336e-01,-1.251954883337020874e-01,-7.472980767488479614e-02,2.011136524379253387e-02
2.610162198543548584e-01,1.000000000000000000e+00,-4.655896872282028198e-02,2.000073343515396118e-01,-7.982082664966583252e-02,1.109388396143913269e-01,4.552775062620639801e-03,4.273922443389892578e-01,-1.522938311100006104e-01,5.078706517815589905e-02,1.802075803279876709e-01,4.668790698051452637e-01,8.571510761976242065e-02,4.110366404056549072e-01,-1.842132508754730225e-01,8.989960700273513794e-02,9.717205911874771118e-02,3.968542516231536865e-01,-1.472914069890975952e-01,-8.951826393604278564e-02,-9.331130236387252808e-02,-6.107841432094573975e-02,7.365316152572631836e-02,1.070083007216453552e-01,1.135072484612464905e-02,7.228621095418930054e-02,-7.238642126321792603e-02,1.761200465261936188e-02,-6.596954166889190674e-02,1.953126043081283569e-01,-5.670037120580673218e-02,2.202465757727622986e-02,1.787261813879013062e-01,9.484542161226272583e-02,-6.379798054695129395e-02,-8.533170074224472046e-02,6.099250167608261108e-02,1.336878091096878052e-01,4.132331907749176025e-02,-1.226387801580131054e-03,7.918941974639892578e-02,2.349925190210342407e-01,1.039397120475769043e-01,2.593908272683620453e-02,-1.626310497522354126e-01,5.089522525668144226e-02,-2.945128642022609711e-02,-9.924183599650859833e-03,-9.077300131320953369e-02,1.639972031116485596e-01,2.103615738451480865e-02,2.476392388343811035e-01,-3.089194893836975098e-01,-1.113557592034339905e-01,-1.336555927991867065e-01,4.890246316790580750e-02,3.276259005069732666e-01,5.501385331153869629e-01,-1.723290979862213135e-01,-3.089848347008228302e-02,-1.806093901395797729e-01,5.433545634150505066e-02,-2.696637213230133057e-01,9.495220333337783813e-02,-3.510905504226684570e-01,-5.033927783370018005e-02,-1.238141134381294250e-01,-7.389869540929794312e-02,2.897896766662597656e-01,2.943383455276489258e-01,-1.287126094102859497e-01,1.208924129605293274e-02,-4.957469925284385681e-02,2.178411781787872314e-01,-1.077344641089439392e-01,7.290684431791305542e-02,-9.815572760999202728e-03,-1.230620872229337692e-02,-1.355579048395156860e-01,2.965250313282012939e-01,-5.967050418257713318e-02,3.058411777019500732e-01,1.231831982731819153e-01,3.573369979858398438e-01,-1.084194481372833252e-01,3.724668920040130615e-01,1.406497955322265625e-01,2.874190509319305420e-01,-4.027646780014038086e-02,2.748857140541076660e-01,-1.323485672473907471e-01,9.488188475370407104e-02,-1.430083438754081726e-02,2.382013052701950073e-01,1.042922511696815491e-01,7.765912264585494995e-02,-1.515458989888429642e-02,4.104476049542427063e-02,-1.161599829792976379e-01,-1.670665666460990906e-02,-1.225388329476118088e-02,2.076121568679809570e-01,1.053613722324371338e-01,1.663518697023391724e-01,8.297468721866607666e-02,2.184123098850250244e-01,-3.099595941603183746e-02,1.180996466428041458e-02,6.220466271042823792e-02,-3.254611790180206299e-02,-4.823881760239601135e-02,-5.376924201846122742e-02,1.743728481233119965e-02,-6.636014673858880997e-03,-1.070607732981443405e-02,-7.036877423524856567e-02
2.741033136844635010e-01,-4.655896872282028198e-02,1.000000000000000000e+00,5.401450395584106445e-01,9.144618175923824310e-03,-2.570171840488910675e-02,5.054425597190856934e-01,2.728748321533203125e-01,1.446473151445388794e-01,-1.274779997766017914e-02,1.633098870515823364e-01,1.117444559931755066e-01,2.148010432720184326e-01,4.099854826927185059e-02,1.148343831300735474e-01,-1.088112778961658478e-02,2.759594097733497620e-02,-7.503721863031387329e-02,1.614326983690261841e-01,2.495057582855224609e-01,1.477043479681015015e-01,1.296344995498657227e-01,4.447203874588012695e-01,3.895796537399291992e-01,3.339907899498939514e-02,1.677622646093368530e-02,1.075467243790626526e-01,8.408914506435394287e-02,2.635569274425506592e-01,9.050817787647247314e-02,2.582705318927764893e-01,2.539094090461730957e-01,1.096394062042236328e-01,2.076801657676696777e-01,1.174399629235267639e-01,4.269345104694366455e-02,7.008986920118331909e-02,-3.187990188598632812e-02,1.488237529993057251e-01,5.618105456233024597e-02,1.070880293846130371e-01,5.210101231932640076e-02,-8.719342201948165894e-02,9.599608927965164185e-02,-9.512198716402053833e-02,-4.430186375975608826e-02,4.060761258006095886e-02,4.786569252610206604e-02,-1.781860552728176117e-02,-7.848734408617019653e-02,-1.891592144966125488e-02,-4.531140625476837158e-02,-3.259755298495292664e-02,-6.147676333785057068e-02,3.567840531468391418e-02,-1.492895185947418213e-01,-1.212581247091293335e-01,-1.533180177211761475e-01,7.058973610401153564e-02,-1.468325704336166382e-01,-1.188989728689193726e-01,-2.405964583158493042e-01,-3.906019032001495361e-02,-1.900848597288131714e-01,-6.458426825702190399e-03,-1.148275732994079590e-01,-1.238798797130584717e-01,-3.149297088384628296e-02,-3.752586841583251953e-01,-1.622536778450012207e-01,1.773618906736373901e-01,2.535203993320465088e-01,2.759777307510375977e-01,1.855122596025466919e-01,9.586490690708160400e-02,1.959262192249298096e-01,1.347307413816452026e-01,9.449495375156402588e-02,8.439813554286956787e-02,-1.605473309755325317e-01,-4.494271799921989441e-02,-2.023881375789642334e-01,1.196366474032402039e-01,-2.625018730759620667e-02,-2.391935884952545166e-02,-1.631850153207778931e-01,7.827688008546829224e-02,-8.917237818241119385e-02,-2.141458541154861450e-02,-1.831894814968109131e-01,-3.898897767066955566e-02,-1.510557532310485840e-01,-1.223081499338150024e-01,-1.671718060970306396e-01,1.594201177358627319e-01,3.436040505766868591e-02,8.322134613990783691e-02,1.726069673895835876e-02,-5.336283892393112183e-02,-1.408359706401824951e-01,-1.114651933312416077e-01,-1.390444636344909668e-01,-2.534572780132293701e-01,-2.610386908054351807e-01,-9.390655159950256348e-02,-1.303486973047256470e-01,-2.760151401162147522e-02,-1.300380080938339233e-01,1.889959722757339478e-01,2.428716272115707397e-01,1.205681115388870239e-01,-1.058841794729232788e-01,-1.251725852489471436e-01,-4.294592887163162231e-02,-6.321781873703002930e-02,-1.265144944190979004e-01
1.536385864019393921e-01,2.000073343515396118e-01,5.401450395584106445e-01,1.000000596046447754e+00,-6.730716675519943237e-02,1.142046898603439331e-01,4.188198149204254150e-01,6.734436154365539551e-01,-6.033941358327865601e-02,1.591615229845046997e-01,1.320705562829971313e-01,4.032593369483947754e-01,6.567554175853729248e-02,3.935270011425018311e-01,-1.107246577739715576e-01,1.860665082931518555e-01,-1.473754364997148514e-02,1.164758428931236267e-01,-3.311359882354736328e-02,2.386308610439300537e-01,1.022151708602905273e-01,1.502270549535751343e-01,3.137135505676269531e-01,4.287677407264709473e-01,5.553765688091516495e-03,6.387332081794738770e-02,1.017454192042350769e-01,1.126125678420066833e-01,1.969274282455444336e-01,3.490442633628845215e-01,1.833989918231964111e-01,2.822572886943817139e-01,4.791489988565444946e-02,2.071046680212020874e-01,-3.113343380391597748e-02,1.975298486649990082e-02,9.957353025674819946e-02,1.412120908498764038e-01,2.190600484609603882e-01,1.529843956232070923e-01,1.447155177593231201e-01,1.747360974550247192e-01,-1.284144967794418335e-01,-2.622889541089534760e-02,-1.686270833015441895e-01,-1.203023344278335571e-01,-1.211215034127235413e-01,-4.726222902536392212e-02,-2.001472413539886475e-01,-1.121696308255195618e-01,-1.761199533939361572e-01,-2.736373245716094971e-02,-2.242889851331710815e-01,-7.295864820480346680e-02,-7.205812633037567139e-02,-2.823119051754474640e-02,-1.653346419334411621e-01,1.255971938371658325e-01,-1.615783721208572388e-01,-1.790336668491363525e-01,-2.707248330116271973e-01,-1.489680111408233643e-01,-1.536744832992553711e-01,-3.460778621956706047e-03,-2.589557170867919922e-01,-1.975972354412078857e-01,-2.734545469284057617e-01,-1.802221089601516724e-01,-3.393197357654571533e-01,-1.131430640816688538e-01,1.286054551601409912e-01,2.533963620662689209e-01,1.860416382551193237e-01,3.776974678039550781e-01,1.515746768563985825e-02,2.087052017450332642e-01,8.881039917469024658e-02,6.663168966770172119e-02,-7.172363251447677612e-02,-9.330722689628601074e-02,-6.681360304355621338e-02,-1.334714237600564957e-02,1.185074523091316223e-01,2.202467620372772217e-01,-1.923713386058807373e-01,-7.289873901754617691e-03,1.598407626152038574e-01,1.627271622419357300e-01,-7.214242964982986450e-02,3.941410407423973083e-02,-1.372118592262268066e-01,-9.853950887918472290e-02,-1.839564740657806396e-01,-1.028581410646438599e-01,1.637544333934783936e-01,-1.237746980041265488e-02,5.257767438888549805e-02,5.645469762384891510e-03,-1.874367892742156982e-01,-1.698621958494186401e-01,-1.736918836832046509e-01,-4.524708539247512817e-02,-1.657754927873611450e-01,-6.858210265636444092e-02,-1.119483038783073425e-01,-5.203936621546745300e-02,3.333869203925132751e-02,1.298464718274772167e-03,1.719375699758529663e-01,2.055157423019409180e-01,3.032107464969158173e-02,-1.552894264459609985e-01,-1.196406409144401550e-01,-3.231268003582954407e-02,-8.270604163408279419e-02,-1.637733727693557739e-01
-4.181849211454391479e-02,-7.982082664966583252e-02,9.144618175923824310e-03,-6.730716675519943237e-02,1.000000119209289551e+00,4.330499172210693359e-01,7.514204084873199463e-02,-4.585219174623489380e-02,2.825332283973693848e-01,-1.374867409467697144e-01,-4.789451509714126587e-02,-4.225894063711166382e-02,1.555573791265487671e-01,-9.090714156627655029e-03,3.926840722560882568e-01,-1.233770474791526794e-01,-1.186349540948867798e-01,-6.409616023302078247e-02,-5.059845745563507080e-03,-6.880249083042144775e-02,1.006323322653770447e-01,1.140667311847209930e-02,2.927197143435478210e-02,6.084682792425155640e-02,4.793052077293395996e-01,4.017968177795410156e-01,5.020813941955566406e-01,5.902310013771057129e-01,5.155880004167556763e-02,2.722470462322235107e-02,1.089607030153274536e-01,5.463725700974464417e-02,-1.331101171672344208e-02,-2.032467164099216461e-02,1.427251379936933517e-02,-2.440725639462471008e-02,-4.849858209490776062e-02,-4.727288335561752319e-02,-6.713809072971343994e-02,-1.207773312926292419e-01,-6.866472959518432617e-02,-1.429406180977821350e-02,-8.099048584699630737e-02,-9.080765396356582642e-02,2.530444413423538208e-02,1.977705024182796478e-02,-1.167321875691413879e-01,-1.596466451883316040e-01,-1.604872941970825195e-02,-2.998739667236804962e-02,-1.050073429942131042e-01,-7.609163224697113037e-02,-8.822120726108551025e-02,-1.853492297232151031e-02,-1.475556641817092896e-01,-2.235641628503799438e-01,-6.330943852663040161e-02,-4.685107618570327759e-02,-6.838490813970565796e-02,-6.669951975345611572e-02,-2.225917205214500427e-02,-3.019567951560020447e-02,-9.628415107727050781e-02,-4.583177343010902405e-02,-6.140534207224845886e-02,-8.220729976892471313e-02,-5.116269737482070923e-02,-3.427734225988388062e-02,-1.334500778466463089e-02,-1.711403578519821167e-02,8.075553923845291138e-03,3.171990066766738892e-02,6.178239360451698303e-02,6.397721916437149048e-02,-1.115217134356498718e-01,-1.584823727607727051e-01,-1.993339322507381439e-02,-3.323363885283470154e-02,7.146070897579193115e-02,3.198115527629852295e-02,-1.856322735548019409e-01,-1.052591726183891296e-01,1.359772384166717529e-01,8.645105361938476562e-02,-1.148529872298240662e-01,-5.410318449139595032e-02,6.373561173677444458e-02,9.425497055053710938e-02,-2.207872420549392700e-01,-9.323758631944656372e-02,-2.050728797912597656e-01,-1.564120054244995117e-01,-1.975409984588623047e-01,-1.453297734260559082e-01,-7.615064084529876709e-02,-4.919449333101511002e-03,-9.798796474933624268e-02,-9.092778712511062622e-02,-2.194602042436599731e-01,-1.837876588106155396e-01,-2.287319004535675049e-01,-1.662779301404953003e-01,-1.851906776428222656e-01,-1.299686729907989502e-01,-1.891440004110336304e-01,-1.490944176912307739e-01,1.245237365365028381e-01,4.447238519787788391e-02,-4.262523353099822998e-02,-1.158024836331605911e-02,-3.118505142629146576e-02,-7.915864139795303345e-02,-1.821416020393371582e-01,-1.991662532091140747e-01,-2.044265717267990112e-01,-2.000892721116542816e-02
-1.354433000087738037e-01,1.109388396143913269e-01,-2.570171840488910675e-02,1.142046898603439331e-01,4.330499172210693359e-01,1.000000119209289551e+00,-5.920867994427680969e-02,1.873320788145065308e-01,1.389085799455642700e-01,4.106769859790802002e-01,-8.961429446935653687e-02,2.127959579229354858e-01,-1.361861359328031540e-02,3.161892890930175781e-01,9.927587211132049561e-02,3.790036737918853760e-01,-2.727273851633071899e-03,1.981760114431381226e-01,-1.115043982863426208e-01,-1.583752334117889404e-01,8.917039632797241211e-02,5.539675801992416382e-02,1.498257964849472046e-01,3.556741774082183838e-02,4.658715724945068359e-01,5.281755328178405762e-01,3.638192713260650635e-01,3.825931251049041748e-01,3.315265476703643799e-02,3.081923127174377441e-01,9.713183343410491943e-02,7.345551252365112305e-02,-8.167392015457153320e-02,-8.917457610368728638e-02,8.237276226282119751e-03,-1.427055988460779190e-02,1.306978613138198853e-01,2.280664592981338501e-01,1.087203174829483032e-01,5.297861248254776001e-02,7.108225673437118530e-02,1.082889363169670105e-01,1.242388337850570679e-01,1.674681603908538818e-01,3.644696250557899475e-02,1.101253107190132141e-01,4.315373674035072327e-02,1.374369561672210693e-01,-1.872209459543228149e-02,1.062417179346084595e-01,2.037764154374599457e-02,1.688455641269683838e-01,-6.527000665664672852e-02,1.047177985310554504e-01,-7.253384590148925781e-02,9.881012886762619019e-02,-4.701562225818634033e-02,2.557791173458099365e-01,7.599789649248123169e-02,1.618673801422119141e-01,1.455810619518160820e-03,1.798583567142486572e-01,-7.431378215551376343e-02,1.263818591833114624e-01,-1.534853223711252213e-02,1.493388712406158447e-01,5.407993867993354797e-02,1.034534275531768799e-01,-4.223397374153137207e-02,4.018087685108184814e-02,-9.596664458513259888e-02,4.646536707878112793e-02,4.156726598739624023e-02,1.252940148115158081e-01,-1.113395020365715027e-01,-9.181433916091918945e-02,6.930198520421981812e-02,4.499762877821922302e-02,7.787141203880310059e-02,2.000806182622909546e-01,2.004242315888404846e-02,1.885860860347747803e-01,2.655414938926696777e-01,2.807141840457916260e-01,-6.268033385276794434e-02,2.244176864624023438e-01,2.255514115095138550e-01,2.510291337966918945e-01,-7.300291955471038818e-02,2.432790398597717285e-01,-9.097468852996826172e-02,7.573796808719635010e-02,-9.770061075687408447e-02,9.124401956796646118e-02,9.717076271772384644e-02,1.345305144786834717e-01,5.001670122146606445e-02,7.552761584520339966e-02,-1.012495905160903931e-01,2.173141203820705414e-02,-1.151146143674850464e-01,2.456888556480407715e-03,-6.550290621817111969e-03,9.335278719663619995e-02,-3.764092223718762398e-03,1.043657884001731873e-01,-9.409695863723754883e-03,1.701061055064201355e-02,5.284997448325157166e-02,6.538064032793045044e-02,1.052258238196372986e-01,1.056742593646049500e-01,8.793042507022619247e-04,-4.209150373935699463e-02,2.188468351960182190e-02,6.955893337726593018e-02
5.551734566688537598e-01,4.552775062620639801e-03,5.054425597190856934e-01,4.188198149204254150e-01,7.514204084873199463e-02,-5.920867994427680969e-02,1.000000000000000000e+00,3.636030256748199463e-01,1.821429729461669922e-01,-2.355010062456130981e-01,5.494885444641113281e-01,1.742011308670043945e-01,6.451143026351928711e-01,1.824988573789596558e-01,2.617789506912231445e-01,-2.447807937860488892e-01,7.758642733097076416e-02,-1.735636442899703979e-01,-3.117222487926483154e-01,-4.999614320695400238e-03,1.548781841993331909e-01,1.241273805499076843e-01,1.059882119297981262e-01,7.293431460857391357e-02,5.994305759668350220e-02,-3.228107094764709473e-02,4.158966615796089172e-02,3.266540169715881348e-02,4.505267143249511719e-01,8.545653522014617920e-02,2.327156960964202881e-01,2.288217544555664062e-01,-1.392815709114074707e-01,-9.838766604661941528e-02,-4.801835492253303528e-02,-1.664085090160369873e-01,8.471959829330444336e-02,-7.507346570491790771e-02,1.056392639875411987e-01,8.277498185634613037e-02,1.672303080558776855e-01,5.485224723815917969e-02,-2.246477752923965454e-01,-9.850976616144180298e-02,-1.501207202672958374e-01,-1.520066261291503906e-01,-7.420133799314498901e-02,-1.394688636064529419e-01,-6.862178444862365723e-02,-1.586274057626724243e-01,-4.883759841322898865e-02,-8.750236779451370239e-02,-1.002502217888832092e-01,-1.485245227813720703e-01,8.462392725050449371e-03,-2.279153168201446533e-01,1.644293516874313354e-01,-1.673181354999542236e-01,-4.052017629146575928e-02,-2.034929990768432617e-01,-1.677621603012084961e-01,-2.608695924282073975e-01,1.420562528073787689e-02,-2.731207311153411865e-01,-1.552683860063552856e-01,-2.079883813858032227e-01,-2.989920675754547119e-01,-2.706961631774902344e-01,-2.463470548391342163e-01,-1.056654006242752075e-01,2.091553658246994019e-01,1.843201220035552979e-01,3.291334807872772217e-01,1.992940902709960938e-01,1.030199453234672546e-01,6.058779731392860413e-02,-1.246087532490491867e-02,-8.973644673824310303e-02,4.832153394818305969e-02,-9.460238367319107056e-02,8.996328338980674744e-03,-3.022509515285491943e-01,1.725289523601531982e-01,-4.924201965332031250e-02,5.596224218606948853e-02,-2.706807851791381836e-01,6.787146627902984619e-02,-1.291804015636444092e-01,-2.110341098159551620e-03,-2.557035684585571289e-01,-1.264604032039642334e-01,-3.190143406391143799e-01,-2.372519224882125854e-01,-2.808370590209960938e-01,1.226999834179878235e-01,8.617210388183593750e-02,5.717448517680168152e-02,2.461388707160949707e-02,-1.083629131317138672e-01,-2.336958646774291992e-01,-1.397642046213150024e-01,-1.706660538911819458e-01,-2.770565152168273926e-01,-2.606420814990997314e-01,-7.617406547069549561e-02,-1.549211740493774414e-01,3.006729669868946075e-02,-1.445606052875518799e-01,2.200566679239273071e-01,1.958488523960113525e-01,5.121954251080751419e-03,-2.155811935663223267e-01,-2.855520844459533691e-01,-1.456833630800247192e-01,-9.551236033439636230e-02,-3.375210240483283997e-02
2.672424912452697754e-01,4.273922443389892578e-01,2.728748321533203125e-01,6.734436154365539551e-01,-4.585219174623489380e-02,1.873320788145065308e-01,3.636030256748199463e-01,9.999998211860656738e-01,-1.416747570037841797e-01,2.324418723583221436e-01,2.656639814376831055e-01,6.165859699249267578e-01,1.772474795579910278e-01,6.626290678977966309e-01,-1.946896612644195557e-01,2.800639271736145020e-01,8.288779854774475098e-02,2.723873257637023926e-01,-2.477347850799560547e-01,-1.014292426407337189e-02,6.666658073663711548e-02,1.037135273218154907e-01,2.047848999500274658e-01,2.354969829320907593e-01,4.521789029240608215e-02,1.087323054671287537e-01,1.007631570100784302e-01,1.847695410251617432e-01,2.534574270248413086e-01,4.758303463459014893e-01,1.502918004989624023e-01,2.879228889942169189e-01,1.281075924634933472e-01,1.650192737579345703e-01,-6.192594394087791443e-02,-5.800952669233083725e-03,1.569947600364685059e-01,2.372025698423385620e-01,2.751829028129577637e-01,1.928381621837615967e-01,1.611187011003494263e-01,2.322893142700195312e-01,-1.175868362188339233e-01,-1.046294644474983215e-01,-2.072185128927230835e-01,-1.195959374308586121e-01,-1.738202720880508423e-01,-1.073295250535011292e-01,-2.736114561557769775e-01,-1.081263497471809387e-01,-1.895713806152343750e-01,-3.666600212454795837e-02,-3.481434583663940430e-01,-1.942910850048065186e-01,-7.268314808607101440e-02,1.414082199335098267e-02,-6.135968491435050964e-02,1.963133066892623901e-01,-2.661938369274139404e-01,-2.063128352165222168e-01,-3.627351224422454834e-01,-1.349834352731704712e-01,-1.003365889191627502e-01,8.721192181110382080e-02,-4.022838473320007324e-01,-1.359237283468246460e-01,-2.478516399860382080e-01,-1.709512919187545776e-01,-9.945909678936004639e-02,-4.316792264580726624e-02,1.165111809968948364e-01,2.673940062522888184e-01,2.602910101413726807e-01,4.688630104064941406e-01,-1.611041463911533356e-02,1.673790067434310913e-01,7.656570523977279663e-02,5.012941733002662659e-02,-1.131991893053054810e-01,1.067795082926750183e-01,-2.992522716522216797e-02,1.435807198286056519e-01,1.950078010559082031e-01,3.017342388629913330e-01,-2.150036394596099854e-01,1.708758622407913208e-01,2.209694087505340576e-01,2.446269989013671875e-01,-7.409306615591049194e-02,1.882433742284774780e-01,-1.874668896198272705e-01,-7.605707645416259766e-02,-1.720984578132629395e-01,-4.247796162962913513e-02,2.242473810911178589e-01,1.054878234863281250e-01,9.549970179796218872e-02,1.041296049952507019e-01,-1.558490991592407227e-01,-1.297149956226348877e-01,-1.177506595849990845e-01,1.017932221293449402e-02,2.217741124331951141e-02,1.068509668111801147e-01,3.740236628800630569e-03,7.092401385307312012e-02,2.529090270400047302e-02,3.812697483226656914e-03,2.292601168155670166e-01,2.238022238016128540e-01,-1.580743677914142609e-02,-1.928604245185852051e-01,-8.540535718202590942e-02,-4.279249813407659531e-03,-2.264326624572277069e-02,-1.393332928419113159e-01
-3.480871021747589111e-02,-1.522938311100006104e-01,1.446473151445388794e-01,-6.033941358327865601e-02,2.825332283973693848e-01,1.389085799455642700e-01,1.821429729461669922e-01,-1.416747570037841797e-01,9.999997615814208984e-01,-1.798567175865173340e-02,1.086151748895645142e-01,-1.220472380518913269e-01,3.980360031127929688e-01,-6.437819451093673706e-02,6.626709699630737305e-01,-2.701497264206409454e-02,4.569731280207633972e-02,4.076151549816131592e-02,7.625645399093627930e-02,2.703634090721607208e-02,1.750030219554901123e-01,1.562432944774627686e-01,1.978670358657836914e-01,1.495642513036727905e-01,1.907793581485748291e-01,2.204429209232330322e-01,3.567277491092681885e-01,1.229763254523277283e-01,2.674809694290161133e-01,-1.472416613250970840e-02,4.424773752689361572e-01,4.098928570747375488e-01,1.074890419840812683e-02,4.256045073270797729e-02,1.544899493455886841e-01,1.829591840505599976e-01,1.772319525480270386e-01,4.038050770759582520e-02,8.887497335672378540e-02,1.817498803138732910e-01,1.248428747057914734e-01,8.906567841768264771e-02,2.308633625507354736e-01,3.155020177364349365e-01,2.744840085506439209e-01,2.455831021070480347e-01,2.410264313220977783e-01,2.847945094108581543e-01,3.051622509956359863e-01,2.099860459566116333e-01,1.565653234720230103e-01,1.983184367418289185e-01,2.366915643215179443e-01,1.928407549858093262e-01,2.577550113201141357e-01,9.589884430170059204e-02,2.037455514073371887e-02,1.078428626060485840e-01,1.571985334157943726e-01,2.115115821361541748e-01,2.054070085287094116e-01,1.718779951333999634e-01,1.635512262582778931e-01,1.386741250753402710e-01,1.452391296625137329e-01,1.282873302698135376e-01,1.717587858438491821e-01,1.647228747606277466e-01,-3.208257630467414856e-02,4.993463307619094849e-02,1.539308130741119385e-01,1.037855967879295349e-01,1.399574875831604004e-01,-4.310495033860206604e-02,1.747624278068542480e-01,8.693825453519821167e-02,1.370927691459655762e-01,1.502296626567840576e-01,1.658273935317993164e-01,9.941340237855911255e-02,1.358109265565872192e-01,5.237833783030509949e-02,1.670441478490829468e-01,-2.947013638913631439e-02,2.003269493579864502e-01,5.037954077124595642e-02,-5.863529443740844727e-02,5.086718872189521790e-02,2.051578313112258911e-01,7.302410155534744263e-02,1.674983650445938110e-01,9.697932749986648560e-02,6.153630837798118591e-02,4.415804147720336914e-02,2.119796350598335266e-02,1.313406229019165039e-01,1.732701957225799561e-01,2.203902155160903931e-01,1.565302759408950806e-01,1.210522577166557312e-01,7.628580182790756226e-02,1.545962132513523102e-02,-2.991470508277416229e-02,-4.860508814454078674e-02,3.273919224739074707e-02,-3.916681930422782898e-02,1.332990080118179321e-01,1.198118478059768677e-01,7.576522976160049438e-02,1.331441998481750488e-01,9.927082061767578125e-02,1.479893624782562256e-01,4.428721219301223755e-02,1.167083457112312317e-01,1.283564865589141846e-01,8.015003055334091187e-02
-2.013866454362869263e-01,5.078706517815589905e-02,-1.274779997766017914e-02,1.591615229845046997e-01,-1.374867409467697144e-01,4.106769859790802002e-01,-2.355010062456130981e-01,2.324418723583221436e-01,-1.798567175865173340e-02,1.000000238418579102e+00,-8.614671975374221802e-02,2.565935254096984863e-01,-2.622457742691040039e-01,3.800746202468872070e-01,-2.501741051673889160e-01,7.432968616485595703e-01,1.966081857681274414e-01,3.216032981872558594e-01,-4.703255835920572281e-03,-8.009961992502212524e-02,1.135379895567893982e-01,1.488525718450546265e-01,1.335461586713790894e-01,-7.419366389513015747e-02,-5.135261267423629761e-02,1.080304384231567383e-01,9.455630928277969360e-02,6.809171289205551147e-02,1.074947416782379150e-01,3.422527313232421875e-01,6.260798871517181396e-02,6.755659729242324829e-02,3.466824814677238464e-02,2.964396402239799500e-02,1.454461738467216492e-02,1.605134457349777222e-01,2.752496600151062012e-01,3.623873293399810791e-01,2.770315110683441162e-01,3.226477205753326416e-01,2.226372659206390381e-01,1.391724050045013428e-01,2.469760179519653320e-01,2.700925469398498535e-01,1.035783812403678894e-01,1.316561549901962280e-01,2.096409052610397339e-01,2.907595336437225342e-01,1.676140725612640381e-02,1.473359465599060059e-01,1.599142998456954956e-01,1.518268883228302002e-01,1.149229928851127625e-01,9.416692703962326050e-02,1.973056644201278687e-01,3.539103269577026367e-01,-5.650118365883827209e-02,2.677838504314422607e-01,1.440502405166625977e-01,2.579392194747924805e-01,8.422941714525222778e-02,2.774835824966430664e-01,2.078098654747009277e-01,2.621423900127410889e-01,1.120517849922180176e-01,2.727744579315185547e-01,1.685804426670074463e-01,2.006350010633468628e-01,-5.923687666654586792e-02,1.537808496505022049e-02,1.736438833177089691e-02,8.332320302724838257e-02,5.504846200346946716e-02,7.621669769287109375e-02,6.081373244524002075e-02,1.022298783063888550e-01,2.088551968336105347e-01,2.307872027158737183e-01,1.204526722431182861e-01,1.529062688350677490e-01,3.372752666473388672e-01,3.282414376735687256e-01,1.560178101062774658e-01,6.464631296694278717e-03,1.595576703548431396e-01,3.075079321861267090e-01,2.194080799818038940e-01,4.929012805223464966e-02,2.553164064884185791e-01,3.688272833824157715e-01,2.036381959915161133e-01,2.342025786638259888e-01,1.615890562534332275e-01,1.435948908329010010e-01,1.755736470222473145e-01,1.971901804208755493e-01,2.292423397302627563e-01,2.682446539402008057e-01,2.006511390209197998e-01,2.243259251117706299e-01,1.964142024517059326e-01,9.004466980695724487e-02,2.413565665483474731e-01,1.679560393095016479e-01,1.927195340394973755e-01,2.100776433944702148e-01,9.066008031368255615e-03,4.848817363381385803e-02,1.609896570444107056e-01,1.673301756381988525e-01,5.009499937295913696e-02,1.480860263109207153e-01,1.632104068994522095e-01,2.040642499923706055e-01,2.382012307643890381e-01,7.782550156116485596e-02
6.776223182678222656e-01,1.802075803279876709e-01,1.633098870515823364e-01,1.320705562829971313e-01,-4.789451509714126587e-02,-8.961429446935653687e-02,5.494885444641113281e-01,2.656639814376831055e-01,1.086151748895645142e-01,-8.614671975374221802e-02,1.000000357627868652e+00,4.035461246967315674e-01,6.443489789962768555e-01,2.945013344287872314e-01,1.678341180086135864e-01,-1.459562927484512329e-01,3.587298989295959473e-01,5.987521633505821228e-02,-3.571347594261169434e-01,-1.184902489185333252e-01,1.601015776395797729e-01,1.269929409027099609e-01,-1.331860944628715515e-02,-4.938649758696556091e-02,-8.466349542140960693e-02,-1.576505154371261597e-01,-5.132578685879707336e-02,-1.177646499127149582e-02,5.245646238327026367e-01,2.042225748300552368e-01,1.166121289134025574e-01,1.029974296689033508e-01,-9.673907607793807983e-02,-1.200424507260322571e-01,-1.461115926504135132e-01,-1.668083667755126953e-01,1.910325884819030762e-01,8.096624910831451416e-02,1.371410340070724487e-01,1.441759765148162842e-01,2.098575383424758911e-01,1.839986145496368408e-01,-1.693114191293716431e-01,-8.561084419488906860e-02,-1.923816502094268799e-01,-1.368664950132369995e-01,-7.557129114866256714e-02,-1.388778835535049438e-01,-9.026815742254257202e-02,-3.270558267831802368e-02,2.979088574647903442e-02,-3.332459926605224609e-02,-4.848036542534828186e-02,-1.419504582881927490e-01,1.469350904226303101e-01,-6.712525337934494019e-02,3.870945870876312256e-01,-9.691072627902030945e-03,-3.157274425029754639e-02,-5.668537691235542297e-02,-7.966289669275283813e-02,-1.063819825649261475e-01,2.514710724353790283e-01,-4.932664334774017334e-02,-1.027346774935722351e-01,-5.639171600341796875e-02,-2.141933888196945190e-01,-2.334114015102386475e-01,1.225428469479084015e-02,-3.013033233582973480e-02,2.574323117733001709e-01,2.736473977565765381e-01,3.363560438156127930e-01,2.455851435661315918e-01,1.182619482278823853e-01,1.715833134949207306e-02,4.425429925322532654e-02,-2.366722747683525085e-02,9.651648998260498047e-02,1.083467975258827209e-01,2.772059738636016846e-01,1.838853210210800171e-02,2.644678652286529541e-01,-7.756670471280813217e-03,2.723665833473205566e-01,-3.619778901338577271e-02,1.178260222077369690e-01,-7.156863808631896973e-02,2.404249012470245361e-01,-7.689713686704635620e-02,-1.189460512250661850e-02,-1.999766975641250610e-01,-1.254343241453170776e-01,-2.256711274385452271e-01,1.225135847926139832e-01,1.772366315126419067e-01,1.192140802741050720e-01,1.105231717228889465e-01,2.367105707526206970e-02,-1.180081069469451904e-01,4.312597960233688354e-02,-1.039845794439315796e-01,-8.845802396535873413e-02,-1.202576011419296265e-01,4.718850180506706238e-02,-1.351169310510158539e-02,1.603716611862182617e-01,-6.221719458699226379e-02,2.722295820713043213e-01,1.623449772596359253e-01,-6.476169824600219727e-02,-2.347906827926635742e-01,-2.668236196041107178e-01,-5.926847830414772034e-02,-2.501926850527524948e-03,2.707338705658912659e-02
2.819213569164276123e-01,4.668790698051452637e-01,1.117444559931755066e-01,4.032593369483947754e-01,-4.225894063711166382e-02,2.127959579229354858e-01,1.742011308670043945e-01,6.165859699249267578e-01,-1.220472380518913269e-01,2.565935254096984863e-01,4.035461246967315674e-01,1.000000119209289551e+00,1.738153547048568726e-01,6.712174415588378906e-01,-1.565274298191070557e-01,2.245095670223236084e-01,2.642312645912170410e-01,5.020316243171691895e-01,-2.415660172700881958e-01,-1.010605990886688232e-01,1.451802402734756470e-01,1.415696591138839722e-01,1.295624524354934692e-01,1.517029702663421631e-01,-5.281056836247444153e-02,6.137702241539955139e-02,5.900364369153976440e-02,1.552756875753402710e-01,2.914357483386993408e-01,5.750756263732910156e-01,7.702454924583435059e-02,1.408175677061080933e-01,3.494515269994735718e-02,6.736491620540618896e-02,-1.636406779289245605e-01,-1.627551019191741943e-02,2.535404860973358154e-01,3.799530863761901855e-01,3.172640502452850342e-01,2.547385096549987793e-01,2.027030289173126221e-01,3.835596740245819092e-01,-8.355244994163513184e-02,-1.693905889987945557e-02,-1.583988517522811890e-01,-2.961705252528190613e-02,-2.127870172262191772e-01,-1.038978472352027893e-01,-2.391875088214874268e-01,1.120629087090492249e-01,-1.670983284711837769e-01,7.362511754035949707e-02,-3.107782900333404541e-01,-9.991542249917984009e-02,1.465297117829322815e-02,1.256761401891708374e-01,-4.927579313516616821e-02,3.039710819721221924e-01,-1.030280292034149170e-01,6.635791063308715820e-02,-3.469356596469879150e-01,7.471463759429752827e-04,-1.874146796762943268e-02,3.072396218776702881e-01,-2.424298822879791260e-01,5.473336577415466309e-02,-1.054153367877006531e-01,-9.447170048952102661e-02,-8.087456971406936646e-02,-4.266508296132087708e-02,1.490152180194854736e-01,3.162225782871246338e-01,2.007786333560943604e-01,4.041409790515899658e-01,2.977635944262146950e-03,9.716685861349105835e-02,5.905653908848762512e-02,3.244346380233764648e-02,-6.350458413362503052e-02,2.440696656703948975e-01,1.706279367208480835e-01,4.320185184478759766e-01,1.926844418048858643e-01,4.082230329513549805e-01,-1.287817209959030151e-02,3.162803053855895996e-01,1.339575946331024170e-01,2.739879190921783447e-01,4.057077318429946899e-02,2.810510098934173584e-01,-2.179356217384338379e-01,-1.085459440946578979e-02,-2.593616843223571777e-01,-5.539171025156974792e-02,2.193550765514373779e-01,2.013212144374847412e-01,8.387010544538497925e-02,1.490165591239929199e-01,-1.128120794892311096e-01,-4.039642587304115295e-02,-1.749600023031234741e-01,-5.815417971462011337e-03,2.367459610104560852e-02,1.624080538749694824e-01,4.017571359872817993e-02,1.529347598552703857e-01,9.538611769676208496e-02,-7.189045194536447525e-03,2.849721014499664307e-01,2.155966311693191528e-01,-7.162301987409591675e-02,-1.508979201316833496e-01,-1.257701516151428223e-01,2.374182827770709991e-02,3.692728281021118164e-02,-1.590709984302520752e-01
5.183706283569335938e-01,8.571510761976242065e-02,2.148010432720184326e-01,6.567554175853729248e-02,1.555573791265487671e-01,-1.361861359328031540e-02,6.451143026351928711e-01,1.772474795579910278e-01,3.980360031127929688e-01,-2.622457742691040039e-01,6.443489789962768555e-01,1.738153547048568726e-01,9.999997615814208984e-01,2.008140385150909424e-01,4.315443634986877441e-01,-2.895193099975585938e-01,1.323858648538589478e-01,-2.818652428686618805e-02,-4.294102787971496582e-01,-1.881593316793441772e-01,1.077814549207687378e-01,4.870565608143806458e-02,6.146705895662307739e-02,-1.684629172086715698e-02,9.927839785814285278e-02,2.086513489484786987e-02,5.063946172595024109e-02,-1.203003805130720139e-02,4.709574282169342041e-01,4.939144104719161987e-02,2.623693048954010010e-01,2.374381273984909058e-01,-2.275834828615188599e-01,-2.225479036569595337e-01,-9.039508551359176636e-02,-1.805936843156814575e-01,6.985983252525329590e-02,-6.509239971637725830e-02,-2.892419882118701935e-02,4.554244503378868103e-02,1.138798221945762634e-01,1.124234721064567566e-01,-1.624179333448410034e-01,-3.506391122937202454e-02,-5.010814964771270752e-02,-4.625701531767845154e-02,-8.939621597528457642e-02,-1.228016912937164307e-01,1.873638108372688293e-02,-2.941409312188625336e-02,-4.742027074098587036e-02,-3.229005634784698486e-02,-7.839247584342956543e-02,-1.242161318659782410e-01,2.278157509863376617e-02,-1.584972143173217773e-01,2.715708911418914795e-01,-3.811920806765556335e-02,-5.278937751427292824e-04,-3.511122614145278931e-02,-5.191042274236679077e-02,-5.577107891440391541e-02,6.148703768849372864e-02,-9.225566685199737549e-02,-7.736026495695114136e-02,-7.865907996892929077e-02,-1.522121280431747437e-01,-1.453756541013717651e-01,-9.334790706634521484e-02,-4.467760771512985229e-02,1.449514329433441162e-01,1.316676735877990723e-01,2.593895196914672852e-01,7.024440914392471313e-02,6.108495965600013733e-02,-5.436822772026062012e-02,-1.568476855754852295e-01,-1.993401497602462769e-01,4.569789394736289978e-02,5.439193174242973328e-02,1.107877865433692932e-01,-8.317386358976364136e-02,2.527751624584197998e-01,-3.739932551980018616e-02,2.009438574314117432e-01,-5.421308055520057678e-02,-1.936717773787677288e-03,-3.151390329003334045e-02,1.013763472437858582e-01,-9.385400265455245972e-02,-9.000948816537857056e-02,-2.352653294801712036e-01,-1.993238478899002075e-01,-2.117682248353958130e-01,-9.074361063539981842e-03,7.576889544725418091e-02,2.360979095101356506e-03,4.000024124979972839e-02,-7.830279320478439331e-02,-1.579957008361816406e-01,-1.181569099426269531e-01,-1.553507149219512939e-01,-2.169748991727828979e-01,-2.354775220155715942e-01,-3.448127955198287964e-02,-1.217217743396759033e-01,5.990077182650566101e-02,-6.186279281973838806e-02,8.458933234214782715e-02,1.067055016756057739e-01,-6.374785304069519043e-02,-2.026072144508361816e-01,-2.522026896476745605e-01,-1.956381648778915405e-01,-9.713734686374664307e-02,-3.335714712738990784e-02
