9.999996423721313477e-01,4.838846325874328613e-01,2.246973067522048950e-01,2.974384129047393799e-01,-1.022741943597793579e-01,-8.257915824651718140e-02,1.548562496900558472e-01,2.431631535291671753e-01,-8.947456628084182739e-02,-7.194487750530242920e-02,1.893109679222106934e-01,1.111020445823669434e-01,1.661051809787750244e-01,1.529068797826766968e-01,4.472967609763145447e-02,-1.529646068811416626e-01,2.929139733314514160e-01,2.428260892629623413e-01,3.369666337966918945e-01,4.418866336345672607e-01,-1.675324700772762299e-02,-7.143722474575042725e-02,-1.345225423574447632e-01,2.673996798694133759e-02,-6.954518705606460571e-02,-9.610755741596221924e-02,-6.407608091831207275e-02,-3.333379328250885010e-02,2.450648099184036255e-01,3.772986307740211487e-02,-5.979159101843833923e-02,4.589610325638204813e-04,3.398341834545135498e-01,3.025934100151062012e-01,1.577974557876586914e-01,6.527934968471527100e-02,1.187561750411987305e-01,9.720170497894287109e-02,1.699711978435516357e-01,1.759969443082809448e-02,6.243053451180458069e-02,4.978663101792335510e-02,1.366168558597564697e-01,2.258822321891784668e-01,9.316683560609817505e-02,6.453585624694824219e-02,2.020165175199508667e-01,1.728623956441879272e-01,1.266534477472305298e-01,9.172316640615463257e-02,1.640861332416534424e-01,7.788850367069244385e-02,3.279308378696441650e-01,3.140000104904174805e-01,1.807601153850555420e-01,5.700265616178512573e-02,4.250801801681518555e-01,2.473862916231155396e-01,1.458318978548049927e-01,1.091155558824539185e-01,2.500454485416412354e-01,1.623651236295700073e-01,3.825214207172393799e-01,3.586771190166473389e-01,2.768778204917907715e-01,2.467445284128189087e-01,2.132169902324676514e-01,2.538110911846160889e-01,3.587463498115539551e-01,2.544701695442199707e-01,3.073575161397457123e-02,3.626923635601997375e-02,1.487262248992919922e-01,5.023717880249023438e-02,1.284143924713134766e-01,1.431446056813001633e-02,1.928088366985321045e-01,1.773904561996459961e-01,2.528388500213623047e-01,2.778599560260772705e-01,4.346482753753662109e-01,3.056893050670623779e-01,9.271141886711120605e-02,-4.059676826000213623e-02,4.397276341915130615e-01,3.398257493972778320e-01,-2.330888062715530396e-02,-1.516941338777542114e-01,1.385231167078018188e-01,1.049517914652824402e-01,2.413020581007003784e-01,8.622190356254577637e-02,2.082711756229400635e-01,6.428959220647811890e-02,6.670517474412918091e-02,1.453823689371347427e-02,5.578606203198432922e-02,1.478128507733345032e-02,1.889615058898925781e-01,7.665775716304779053e-02,2.058710902929306030e-01,-1.754386723041534424e-02,2.000404149293899536e-01,-2.207763679325580597e-02,1.991901993751525879e-01,1.415632069110870361e-01,1.706803888082504272e-01,9.032522141933441162e-02,6.574964523315429688e-02,3.669925406575202942e-02,6.926303263753652573e-03,1.467507183551788330e-01,1.023399457335472107e-01,2.036178708076477051e-01,2.036471068859100342e-01,2.351133674383163452e-01
4.838846325874328613e-01,9.999998211860656738e-01,8.332819491624832153e-02,1.980498284101486206e-01,-1.564154475927352905e-01,-6.286732852458953857e-02,-1.032774373888969421e-01,1.314481049776077271e-01,-1.417960077524185181e-01,-3.206874802708625793e-02,1.285012662410736084e-01,1.929540634155273438e-01,-2.175799570977687836e-02,1.715287268161773682e-01,-5.371554195880889893e-02,-4.965465888381004333e-02,2.469734251499176025e-01,3.391986191272735596e-01,2.746212780475616455e-01,3.978006541728973389e-01,-7.519546151161193848e-02,-8.510415256023406982e-02,-1.140545979142189026e-01,-6.028415262699127197e-02,-6.890767812728881836e-02,-7.943274825811386108e-02,-1.131575629115104675e-01,-6.073652766644954681e-03,1.232621967792510986e-01,7.565560936927795410e-02,-1.195746511220932007e-01,-7.579841464757919312e-02,3.601517975330352783e-01,3.603929579257965088e-01,1.539183109998703003e-01,7.871637493371963501e-02,-5.345611367374658585e-03,-7.853135466575622559e-03,9.975705295801162720e-02,5.275227595120668411e-03,4.776168148964643478e-03,9.509489871561527252e-03,1.437533199787139893e-01,2.588058710098266602e-01,1.567276567220687866e-01,2.188944816589355469e-01,1.095259040594100952e-01,1.132859960198402405e-01,2.445039451122283936e-01,2.765731513500213623e-01,3.338050544261932373e-01,2.966527938842773438e-01,3.848878145217895508e-01,3.159503936767578125e-01,2.907571941614151001e-02,-3.674826398491859436e-02,4.810266792774200439e-01,5.053449273109436035e-01,2.908340692520141602e-01,2.870838344097137451e-01,3.973698914051055908e-01,3.886696696281433105e-01,3.983456790447235107e-01,4.763691723346710205e-01,4.038373529911041260e-01,3.964096903800964355e-01,3.202009201049804688e-01,3.707605600357055664e-01,4.034053981304168701e-01,4.046380221843719482e-01,-2.575441263616085052e-02,-3.404555609449744225e-03,7.591931521892547607e-02,7.316076010465621948e-02,9.449256956577301025e-02,4.084059223532676697e-02,1.531811952590942383e-01,1.724417060613632202e-01,2.235057950019836426e-01,2.847539186477661133e-01,3.776824474334716797e-01,2.691057026386260986e-01,5.980125069618225098e-02,9.662611410021781921e-03,4.050411880016326904e-01,2.937840223312377930e-01,3.517954051494598389e-02,-1.014806702733039856e-01,6.085520982742309570e-02,3.846386447548866272e-02,1.556500792503356934e-01,3.110511694103479385e-03,1.268150657415390015e-01,-9.705669799586758018e-05,-5.578071996569633484e-02,-7.528398931026458740e-02,-5.960704013705253601e-02,-9.069032222032546997e-02,4.671290889382362366e-02,-3.103272616863250732e-02,1.482648998498916626e-01,-8.164764195680618286e-02,1.404161304235458374e-01,-6.615336239337921143e-02,1.542477160692214966e-01,6.124411523342132568e-02,1.649557650089263916e-01,1.041354238986968994e-01,-7.607377320528030396e-02,-9.705114364624023438e-02,-8.348059654235839844e-02,4.431910067796707153e-02,3.697551321238279343e-03,7.143785804510116577e-02,7.188443839550018311e-02,1.759184896945953369e-01
2.246973067522048950e-01,8.332819491624832153e-02,9.999999403953552246e-01,4.523917138576507568e-01,1.790906637907028198e-01,4.536612704396247864e-02,3.520137071609497070e-01,2.635394036769866943e-01,1.737616658210754395e-01,6.610608845949172974e-02,1.898084580898284912e-01,1.728530228137969971e-01,1.508153080940246582e-01,4.896830767393112183e-02,1.384600847959518433e-01,5.953218415379524231e-02,1.727785170078277588e-01,9.997835010290145874e-02,2.377666383981704712e-01,1.484276950359344482e-01,1.264748573303222656e-01,7.520344853401184082e-02,2.962848246097564697e-01,2.173937708139419556e-01,1.442102789878845215e-01,1.306225508451461792e-01,1.196765005588531494e-01,8.191131055355072021e-02,2.671414911746978760e-01,1.236483231186866760e-01,2.125829160213470459e-01,2.382896691560745239e-01,8.715811371803283691e-02,1.255413740873336792e-01,6.468331906944513321e-03,2.681868337094783783e-02,2.693308293819427490e-01,3.309502899646759033e-01,2.982374727725982666e-01,2.717405259609222412e-01,1.683282405138015747e-01,2.341308742761611938e-01,8.966579288244247437e-02,5.272799357771873474e-02,9.690201841294765472e-03,6.676278542727231979e-03,1.058336496353149414e-01,1.124667450785636902e-01,1.080191321671009064e-02,9.060685522854328156e-03,1.381950732320547104e-02,2.496472932398319244e-02,1.043858453631401062e-01,9.465452283620834351e-02,3.037811815738677979e-01,2.568649947643280029e-01,6.369988620281219482e-02,-1.416498329490423203e-02,1.906377077102661133e-02,-2.586231194436550140e-02,1.567023247480392456e-02,-8.772017061710357666e-02,5.805838108062744141e-02,-7.443424314260482788e-02,1.696072146296501160e-02,-5.155371874570846558e-02,-1.883697579614818096e-03,-1.338761881925165653e-03,7.282986491918563843e-02,-1.135888043791055679e-02,1.521117240190505981e-01,1.650992929935455322e-01,1.869998276233673096e-01,2.247478216886520386e-01,1.508268862962722778e-01,1.935993134975433350e-01,1.830945461988449097e-01,2.347155064344406128e-01,1.326753944158554077e-01,1.091823577880859375e-01,1.086995825171470642e-01,1.173642873764038086e-01,1.196480449289083481e-02,5.279176309704780579e-02,1.866115033626556396e-01,2.367267906665802002e-01,7.956977002322673798e-03,8.131460100412368774e-02,3.357048928737640381e-01,2.845472395420074463e-01,2.897094488143920898e-01,1.920308321714401245e-01,2.326965183019638062e-01,1.802591383457183838e-01,2.389319092035293579e-01,1.961705088615417480e-01,1.919681876897811890e-01,2.022914439439773560e-01,2.831796407699584961e-01,1.890889406204223633e-01,3.934882581233978271e-01,1.294041574001312256e-01,4.277890622615814209e-01,1.370292603969573975e-01,3.765497207641601562e-01,2.810376584529876709e-01,3.317812681198120117e-01,2.477233409881591797e-01,1.583144664764404297e-01,1.784233003854751587e-01,1.016178131103515625e-01,1.177033185958862305e-01,1.818795055150985718e-01,2.390984147787094116e-01,2.868790030479431152e-01,2.614332735538482666e-01
2.974384129047393799e-01,1.980498284101486206e-01,4.523917138576507568e-01,9.999994635581970215e-01,-2.905680611729621887e-02,6.983992177993059158e-03,3.220312893390655518e-01,4.256374835968017578e-01,1.934091560542583466e-02,5.698474869132041931e-02,1.085040345788002014e-01,1.287240087985992432e-01,8.455621451139450073e-02,7.637537270784378052e-02,-2.258918806910514832e-02,-3.015593998134136200e-02,1.074437499046325684e-01,5.738600715994834900e-02,2.419006526470184326e-01,2.246934920549392700e-01,2.391300909221172333e-02,-5.388402566313743591e-02,8.933972567319869995e-02,6.152136623859405518e-02,-3.952839970588684082e-02,2.629711991176009178e-03,-1.042219065129756927e-02,5.743656773120164871e-03,1.376879364252090454e-01,5.901584774255752563e-02,4.478510469198226929e-03,9.418704360723495483e-02,1.685879006981849670e-02,2.876777760684490204e-02,-1.036470979452133179e-01,-9.322240948677062988e-02,2.061828970909118652e-01,2.661915123462677002e-01,2.080697864294052124e-01,1.372449547052383423e-01,7.352292537689208984e-02,1.043313741683959961e-01,1.966212540864944458e-01,1.173874959349632263e-01,7.167977094650268555e-02,6.706132739782333374e-02,1.699613779783248901e-01,1.293449550867080688e-01,5.715228244662284851e-02,2.386527135968208313e-02,1.463114321231842041e-01,7.093001157045364380e-02,2.851410210132598877e-01,1.493603587150573730e-01,2.421176135540008545e-01,1.954397112131118774e-01,8.490473777055740356e-02,4.533872008323669434e-02,5.010799318552017212e-02,2.927666995674371719e-03,5.134962499141693115e-02,4.669889342039823532e-03,8.690300583839416504e-02,1.247146539390087128e-02,9.887447208166122437e-02,3.151503950357437134e-02,-1.511379797011613846e-02,-7.771598640829324722e-03,7.888066023588180542e-02,9.622728452086448669e-03,-4.602526128292083740e-02,-2.426501177251338959e-02,4.941926896572113037e-02,9.128043800592422485e-02,1.126813888549804688e-01,1.158443540334701538e-01,1.626701802015304565e-01,1.486056596040725708e-01,6.166603788733482361e-02,4.831972345709800720e-02,1.034640967845916748e-01,1.012190505862236023e-01,3.958797454833984375e-02,1.164233428426086903e-03,2.164986133575439453e-01,2.339300364255905151e-01,-2.968715317547321320e-02,5.893369205296039581e-03,3.000410795211791992e-01,2.245369702577590942e-01,3.626383543014526367e-01,2.233600020408630371e-01,3.558772206306457520e-01,2.199298441410064697e-01,1.343797445297241211e-01,1.325793266296386719e-01,7.855812460184097290e-02,9.512473642826080322e-02,2.755662798881530762e-01,2.277753949165344238e-01,3.759241402149200439e-01,1.659018099308013916e-01,3.450984060764312744e-01,1.628226339817047119e-01,2.982169985771179199e-01,2.895813584327697754e-01,2.060062587261199951e-01,1.359308958053588867e-01,-2.198212780058383942e-02,9.948759339749813080e-03,2.322142571210861206e-02,1.689752638339996338e-01,2.238794267177581787e-01,2.424857765436172485e-01,2.825760841369628906e-01,1.908229142427444458e-01
-1.022741943597793579e-01,-1.564154475927352905e-01,1.790906637907028198e-01,-2.905680611729621887e-02,1.000000000000000000e+00,4.294869005680084229e-01,1.425601243972778320e-01,8.259878307580947876e-02,3.589889109134674072e-01,2.544755637645721436e-01,8.311460167169570923e-02,1.724229007959365845e-01,1.232355237007141113e-01,1.469239592552185059e-01,3.176603913307189941e-01,3.603689968585968018e-01,4.692567884922027588e-02,6.014587357640266418e-02,-7.356476038694381714e-02,-1.113575100898742676e-01,2.444130182266235352e-01,2.340083271265029907e-01,3.370108008384704590e-01,2.220328748226165771e-01,5.281513333320617676e-01,4.789354503154754639e-01,5.313625335693359375e-01,3.915663063526153564e-01,1.548061668872833252e-01,2.213075011968612671e-01,3.415056467056274414e-01,3.169490396976470947e-01,-2.091475389897823334e-02,-6.354498863220214844e-02,3.719644621014595032e-03,1.074454113841056824e-01,1.333705335855484009e-01,1.475413739681243896e-01,1.313478052616119385e-01,2.654654681682586670e-01,1.547829955816268921e-01,2.027503401041030884e-01,-2.941877208650112152e-02,-1.335698664188385010e-01,5.444913730025291443e-02,-1.990603096783161163e-02,-1.368713527917861938e-01,-8.282280713319778442e-02,4.304046742618083954e-03,-4.737537819892168045e-03,-9.246008098125457764e-02,-5.319497361779212952e-02,-2.147468924522399902e-01,-6.365437060594558716e-02,1.759388595819473267e-01,1.467540115118026733e-01,-8.215687423944473267e-02,-1.708520948886871338e-01,-1.353704463690519333e-02,2.609625691547989845e-03,-5.490552261471748352e-02,-9.587600827217102051e-02,-1.697340905666351318e-01,-1.989635676145553589e-01,-7.811125367879867554e-02,-6.610215455293655396e-02,4.204305633902549744e-02,-1.550499000586569309e-03,-6.439174525439739227e-03,-1.492256205528974533e-02,2.377408891916275024e-01,2.270162105560302734e-01,5.817332118749618530e-02,2.850485146045684814e-01,-4.016609117388725281e-02,2.063207939499989152e-04,3.279173374176025391e-02,1.211441531777381897e-01,1.354157626628875732e-01,1.462494209408760071e-02,-9.022969007492065430e-02,-6.446021050214767456e-02,1.238651107996702194e-02,1.439710855484008789e-01,-8.858159184455871582e-02,-4.303737357258796692e-02,9.620653092861175537e-02,2.844065427780151367e-01,1.247584745287895203e-01,1.059524267911911011e-01,-4.706548526883125305e-02,-1.088385563343763351e-02,-6.845179200172424316e-02,-1.937886141240596771e-02,1.526668071746826172e-01,1.401617377996444702e-01,7.147067785263061523e-02,1.209340170025825500e-01,-8.868095465004444122e-03,-2.509192563593387604e-02,8.539253473281860352e-02,3.205089643597602844e-02,1.361004412174224854e-01,2.895503863692283630e-02,7.287412881851196289e-02,1.474221702665090561e-02,1.532419174909591675e-01,1.427076011896133423e-01,1.515326052904129028e-01,2.177577614784240723e-01,4.038734361529350281e-03,-5.237014219164848328e-02,-2.159031294286251068e-02,2.027532830834388733e-02,5.531832575798034668e-02,-5.550095066428184509e-02
-8.257915824651718140e-02,-6.286732852458953857e-02,4.536612704396247864e-02,6.983992177993059158e-03,4.294869005680084229e-01,9.999998211860656738e-01,7.834382355213165283e-02,1.006102636456489563e-01,2.344673126935958862e-01,3.610246777534484863e-01,6.420485675334930420e-02,1.760308593511581421e-01,4.045949876308441162e-02,1.201091334223747253e-01,2.361684888601303101e-01,3.966331779956817627e-01,8.141023106873035431e-03,3.881840780377388000e-02,-6.816180050373077393e-02,-3.213601559400558472e-02,7.398749887943267822e-02,9.061070531606674194e-02,1.387038528919219971e-01,1.411427706480026245e-01,3.321941792964935303e-01,3.955400884151458740e-01,2.926967442035675049e-01,4.059544205665588379e-01,3.705935925245285034e-02,1.977920681238174438e-01,7.845266163349151611e-02,6.417903304100036621e-02,-7.119286805391311646e-02,-9.054714441299438477e-02,-8.527652174234390259e-02,2.260659448802471161e-02,7.809343189001083374e-02,7.384842634201049805e-02,1.020622327923774719e-01,1.839483380317687988e-01,4.844244197010993958e-02,1.114241480827331543e-01,6.591359525918960571e-02,-4.038293659687042236e-02,9.215456992387771606e-02,6.346417963504791260e-02,-9.951265901327133179e-02,-7.340729236602783203e-02,7.383249700069427490e-02,6.962843472138047218e-04,5.310156941413879395e-02,2.670514956116676331e-02,-6.194513663649559021e-02,-7.440958917140960693e-02,1.131903827190399170e-01,7.181507349014282227e-02,-5.154695734381675720e-02,-5.729080364108085632e-02,3.153012320399284363e-02,6.521645188331604004e-02,-2.325530862435698509e-03,3.428319469094276428e-02,-1.704287827014923096e-01,-1.430912613868713379e-01,5.518955644220113754e-03,2.084279619157314301e-02,4.786481708288192749e-02,5.074968561530113220e-03,5.593315884470939636e-02,7.849647849798202515e-02,4.579314962029457092e-02,8.292837440967559814e-02,-7.119139283895492554e-02,1.800453215837478638e-01,-9.782619774341583252e-02,-8.873119205236434937e-02,-2.905190177261829376e-02,6.744527816772460938e-02,8.812467008829116821e-02,-1.271705888211727142e-02,-7.425770908594131470e-02,-2.313385345041751862e-02,-3.002693690359592438e-02,1.238869279623031616e-01,-1.507693715393543243e-02,-9.518644772469997406e-03,5.511574074625968933e-02,2.909643650054931641e-01,1.198456138372421265e-01,6.274355947971343994e-02,-8.342287503182888031e-03,-4.490146785974502563e-02,-3.139273449778556824e-02,-5.821785703301429749e-02,2.402614988386631012e-02,4.935343936085700989e-02,-3.967440500855445862e-02,-1.898620091378688812e-02,-5.947388336062431335e-02,-5.657474324107170105e-02,8.054415136575698853e-02,2.233304549008607864e-03,5.936122313141822815e-02,7.636288646608591080e-03,1.333738211542367935e-02,-2.472403831779956818e-02,5.303414911031723022e-02,9.911057353019714355e-02,-8.179732412099838257e-02,-8.871442638337612152e-03,-9.179079532623291016e-02,-9.850148111581802368e-02,-1.000547707080841064e-01,-5.942304804921150208e-02,1.037930883467197418e-02,-3.540465980768203735e-02
1.548562496900558472e-01,-1.032774373888969421e-01,3.520137071609497070e-01,3.220312893390655518e-01,1.425601243972778320e-01,7.834382355213165283e-02,1.000000000000000000e+00,4.532662928104400635e-01,2.728334367275238037e-01,-9.124086238443851471e-03,1.562979370355606079e-01,1.113109216094017029e-01,4.463692605495452881e-01,2.233030945062637329e-01,1.695469319820404053e-01,-4.704074934124946594e-02,1.910286098718643188e-01,5.157778784632682800e-02,4.694515094161033630e-02,9.742191433906555176e-02,1.218065246939659119e-01,1.052705571055412292e-01,1.922751367092132568e-01,2.528433203697204590e-01,1.064124926924705505e-01,1.437515914440155029e-01,1.342628151178359985e-01,1.273835748434066772e-01,2.747026979923248291e-01,1.359158158302307129e-01,2.421900480985641479e-01,3.021364510059356689e-01,-5.325396731495857239e-02,-3.676437586545944214e-02,-1.124471202492713928e-01,-5.859075114130973816e-02,2.076654732227325439e-01,2.650128602981567383e-01,2.487738728523254395e-01,1.659624874591827393e-01,2.081411331892013550e-01,1.896377354860305786e-01,-8.563575334846973419e-03,-1.158572509884834290e-01,-1.812424324452877045e-02,-1.533673703670501709e-01,-1.071061752736568451e-02,-2.267603389918804169e-02,-1.258901953697204590e-01,-1.448646038770675659e-01,-1.629010587930679321e-01,-1.722794622182846069e-01,-8.829878270626068115e-02,-6.036969646811485291e-02,2.332619428634643555e-01,1.388615667819976807e-01,-9.167485684156417847e-02,-2.158090323209762573e-01,-1.382398158311843872e-01,-1.436884403228759766e-01,-1.304838508367538452e-01,-1.941174715757369995e-01,-6.053328141570091248e-02,-1.630034446716308594e-01,-1.122293695807456970e-01,-1.669303327798843384e-01,-1.047083884477615356e-01,-1.406389772891998291e-01,-6.361903250217437744e-02,-9.435375779867172241e-02,1.419109553098678589e-01,1.681836098432540894e-01,2.047299593687057495e-01,1.837663799524307251e-01,1.324119418859481812e-01,8.477984368801116943e-02,1.092287749052047729e-01,7.948472350835800171e-02,1.654862016439437866e-01,2.880715392529964447e-02,1.180418059229850769e-01,1.192542836070060730e-01,5.026512220501899719e-02,1.443175226449966431e-01,1.077635660767555237e-01,1.306874155998229980e-01,9.069249033927917480e-02,1.427077651023864746e-01,2.890931963920593262e-01,2.248171120882034302e-01,1.280148327350616455e-01,1.038395762443542480e-01,1.425547450780868530e-01,1.262730807065963745e-01,1.630404889583587646e-01,1.164140775799751282e-01,1.282282769680023193e-01,1.192672029137611389e-01,1.643104553222656250e-01,1.345780044794082642e-01,2.399617880582809448e-01,1.344275772571563721e-01,2.887751460075378418e-01,1.305294632911682129e-01,2.062169462442398071e-01,2.061876058578491211e-01,2.013184130191802979e-01,5.441179499030113220e-02,1.057101786136627197e-01,1.357554793357849121e-01,6.532569229602813721e-02,4.935141280293464661e-02,1.150735542178153992e-01,1.573931723833084106e-01,1.699310243129730225e-01,3.782425075769424438e-02
2.431631535291671753e-01,1.314481049776077271e-01,2.635394036769866943e-01,4.256374835968017578e-01,8.259878307580947876e-02,1.006102636456489563e-01,4.532662928104400635e-01,9.999998211860656738e-01,2.065831422805786133e-01,1.576221734285354614e-01,1.798519194126129150e-01,2.682467997074127197e-01,3.814865946769714355e-01,4.243805110454559326e-01,1.658383011817932129e-01,9.448841214179992676e-02,2.033233493566513062e-01,1.743270307779312134e-01,1.219077110290527344e-01,1.911123245954513550e-01,1.317461431026458740e-01,7.187759876251220703e-02,1.268265098333358765e-01,1.141236796975135803e-01,1.861978322267532349e-02,9.118138253688812256e-02,5.932401865720748901e-02,1.319159418344497681e-01,2.653715312480926514e-01,2.805847227573394775e-01,1.826812326908111572e-01,2.803881168365478516e-01,3.493548184633255005e-02,1.587168872356414795e-02,-1.080497279763221741e-01,-1.118878424167633057e-01,1.715480089187622070e-01,1.973416954278945923e-01,2.451443076133728027e-01,1.424261927604675293e-01,2.407212406396865845e-01,2.208121120929718018e-01,3.053845465183258057e-02,-1.094576418399810791e-01,7.245976477861404419e-02,-1.957610994577407837e-02,-4.948733747005462646e-02,-9.132990986108779907e-02,4.654097929596900940e-02,-1.053742319345474243e-02,8.442770689725875854e-02,-3.571055456995964050e-02,8.498056977987289429e-02,-9.757217951118946075e-03,1.357680559158325195e-01,3.759882599115371704e-02,7.742456346750259399e-02,-3.310854360461235046e-02,1.896261796355247498e-02,1.909369416534900665e-02,5.707328394055366516e-02,1.174908690154552460e-02,3.124109655618667603e-02,-3.380762785673141479e-02,7.947186380624771118e-02,1.562166120857000351e-02,9.832424111664295197e-03,-4.998238384723663330e-02,1.260376423597335815e-01,7.688161730766296387e-02,1.222006753087043762e-01,1.796409189701080322e-01,1.793684810400009155e-01,2.321441918611526489e-01,1.745275110006332397e-01,1.075913608074188232e-01,1.353748142719268799e-01,5.970547720789909363e-02,1.992887109518051147e-01,7.181983441114425659e-02,2.251263111829757690e-01,1.198416426777839661e-01,1.917073577642440796e-01,1.853242069482803345e-01,2.517057657241821289e-01,1.093523055315017700e-01,7.342721521854400635e-02,1.141423955559730530e-01,2.445203214883804321e-01,1.108513548970222473e-01,1.428589522838592529e-01,3.653416782617568970e-02,1.706735789775848389e-01,5.075926706194877625e-02,6.428225338459014893e-02,3.334898501634597778e-02,-1.310906559228897095e-02,-5.241368431597948074e-03,9.027659147977828979e-02,6.458608061075210571e-02,2.284019291400909424e-01,5.792329087853431702e-02,2.231066375970840454e-01,7.334469258785247803e-02,1.495709568262100220e-01,1.512821912765502930e-01,1.580290496349334717e-01,7.860999554395675659e-02,-4.590775445103645325e-02,-1.540795527398586273e-02,-9.037413448095321655e-02,9.033589623868465424e-03,5.762259662151336670e-02,8.832694590091705322e-02,1.363540440797805786e-01,6.450864672660827637e-02
-8.947456628084182739e-02,-1.417960077524185181e-01,1.737616658210754395e-01,1.934091560542583466e-02,3.589889109134674072e-01,2.344673126935958862e-01,2.728334367275238037e-01,2.065831422805786133e-01,1.000000476837158203e+00,3.637225925922393799e-01,1.377653479576110840e-01,2.200948596000671387e-01,3.593491017818450928e-01,2.963670492172241211e-01,4.345309436321258545e-01,3.257446587085723877e-01,-2.535694278776645660e-03,1.125493198633193970e-01,-1.804791241884231567e-01,-8.613673597574234009e-02,2.445732802152633667e-01,2.525698244571685791e-01,2.968279421329498291e-01,2.947814166545867920e-01,1.818910837173461914e-01,2.358825951814651489e-01,2.550842165946960449e-01,2.857416570186614990e-01,1.936187446117401123e-01,3.731062114238739014e-01,3.525146842002868652e-01,3.257310092449188232e-01,-1.611322611570358276e-01,-1.539004147052764893e-01,-1.587498039007186890e-01,-7.931361347436904907e-02,1.976080685853958130e-01,2.118729501962661743e-01,2.334577292203903198e-01,3.026459217071533203e-01,2.921445071697235107e-01,2.929620146751403809e-01,4.570257291197776794e-02,-1.063443645834922791e-01,8.237438648939132690e-02,2.294760569930076599e-02,-1.635721921920776367e-01,-8.040221035480499268e-02,1.020829938352108002e-02,2.219768473878502846e-03,-4.565139487385749817e-02,1.655706018209457397e-02,-1.856360286474227905e-01,-1.059674471616744995e-01,1.179661974310874939e-01,1.509888619184494019e-01,-1.056291088461875916e-01,-1.715440750122070312e-01,-8.895939588546752930e-02,1.584728434681892395e-02,-9.789966791868209839e-02,-5.185134708881378174e-02,-2.645575702190399170e-01,-2.572937905788421631e-01,-1.363716274499893188e-01,-1.029575169086456299e-01,-6.162463501095771790e-02,-1.142469421029090881e-01,-1.703579910099506378e-02,5.888442695140838623e-02,1.616970449686050415e-01,2.112933844327926636e-01,1.896366924047470093e-01,3.190305233001708984e-01,1.285447031259536743e-01,1.301310658454895020e-01,7.506580092012882233e-03,3.902615979313850403e-02,1.511316299438476562e-01,-2.940881252288818359e-02,-1.999808847904205322e-02,-6.585934013128280640e-02,1.049652919173240662e-01,3.757437467575073242e-01,-2.714962698519229889e-02,-4.955545440316200256e-02,9.647387266159057617e-02,3.994727134704589844e-01,2.137558311223983765e-01,1.311763823032379150e-01,-3.597153723239898682e-02,2.821542322635650635e-02,-3.956133127212524414e-02,3.614284098148345947e-02,7.313519716262817383e-02,8.138640224933624268e-02,2.448155544698238373e-02,1.069555729627609253e-01,6.108709610998630524e-03,5.601769685745239258e-02,9.367572516202926636e-02,1.205625608563423157e-01,9.391681849956512451e-02,1.464623212814331055e-01,-5.226986110210418701e-02,-5.181005690246820450e-03,2.592310868203639984e-02,1.564235091209411621e-01,2.290640398859977722e-02,8.955875784158706665e-02,-3.764946013689041138e-02,-1.072343140840530396e-01,-6.409548223018646240e-02,3.229447081685066223e-02,3.623114153742790222e-02,-4.355383291840553284e-02
-7.194487750530242920e-02,-3.206874802708625793e-02,6.610608845949172974e-02,5.698474869132041931e-02,2.544755637645721436e-01,3.610246777534484863e-01,-9.124086238443851471e-03,1.576221734285354614e-01,3.637225925922393799e-01,9.999998211860656738e-01,1.041926220059394836e-01,2.599090039730072021e-01,9.856897592544555664e-02,2.560811638832092285e-01,2.994338274002075195e-01,5.556029081344604492e-01,-4.693273920565843582e-03,7.763846218585968018e-02,-6.920668482780456543e-02,2.011317992582917213e-03,1.925613284111022949e-01,1.665503084659576416e-01,1.550011187791824341e-01,9.838719666004180908e-02,4.775166884064674377e-02,1.627959311008453369e-01,1.190512627363204956e-01,2.420898079872131348e-01,4.590911790728569031e-02,3.654809296131134033e-01,1.417017132043838501e-01,1.001480296254158020e-01,-1.062528863549232483e-01,-1.221864596009254456e-01,-1.031397283077239990e-01,-8.078765869140625000e-02,1.701465696096420288e-01,1.441962569952011108e-01,1.588513702154159546e-01,2.955022752285003662e-01,1.386628448963165283e-01,2.399977892637252808e-01,1.926662921905517578e-01,1.522378809750080109e-02,1.592283099889755249e-01,2.062800079584121704e-01,-8.974598348140716553e-02,-3.964911401271820068e-02,1.494346857070922852e-01,5.279999598860740662e-02,2.029304504394531250e-01,1.658733785152435303e-01,1.605390757322311401e-02,-7.816264033317565918e-02,8.333030343055725098e-02,1.511719375848770142e-01,-6.021713837981224060e-03,-1.614439417608082294e-03,8.150532841682434082e-02,1.358660757541656494e-01,8.151988685131072998e-02,1.337954550981521606e-01,-1.921451389789581299e-01,-1.845525503158569336e-01,7.863161712884902954e-02,7.727613300085067749e-02,8.164938539266586304e-02,1.238937675952911377e-02,1.677495390176773071e-01,1.881344616413116455e-01,1.051088422536849976e-02,1.171794533729553223e-01,-5.909911170601844788e-02,2.408780604600906372e-01,2.510828152298927307e-02,8.604720234870910645e-02,-3.916482999920845032e-02,5.817378312349319458e-02,1.152686253190040588e-01,-3.328591957688331604e-02,-8.440278470516204834e-03,-6.082187965512275696e-02,5.943955108523368835e-02,2.538578212261199951e-01,4.898303747177124023e-02,-2.510264702141284943e-02,-4.335693269968032837e-02,3.841347396373748779e-01,1.801782548427581787e-01,8.102913200855255127e-02,5.750202015042304993e-02,2.744608558714389801e-02,3.403443098068237305e-02,-1.384405139833688736e-02,1.073272898793220520e-02,5.065184086561203003e-02,-8.296757936477661133e-02,1.413833443075418472e-02,-1.128249242901802063e-02,3.323013335466384888e-02,1.076856404542922974e-01,1.444771513342857361e-02,2.174142003059387207e-02,5.514186248183250427e-02,-8.730158209800720215e-02,-5.223589763045310974e-02,-2.065212093293666840e-02,1.538751274347305298e-01,-7.027655094861984253e-02,-5.254736170172691345e-02,-1.461474150419235229e-01,-6.941091269254684448e-02,-7.135489583015441895e-02,-6.671588122844696045e-02,3.606348857283592224e-02,5.843470245599746704e-02
1.893109679222106934e-01,1.285012662410736084e-01,1.898084580898284912e-01,1.085040345788002014e-01,8.311460167169570923e-02,6.420485675334930420e-02,1.562979370355606079e-01,1.798519194126129150e-01,1.377653479576110840e-01,1.041926220059394836e-01,1.000000000000000000e+00,5.137174129486083984e-01,3.607077598571777344e-01,2.529353797435760498e-01,2.381033450365066528e-01,1.769092082977294922e-01,4.463583827018737793e-01,2.215226143598556519e-01,-1.721075922250747681e-01,-9.294947236776351929e-02,3.130126297473907471e-01,2.858850359916687012e-01,2.755005061626434326e-01,2.244413942098617554e-01,8.022218197584152222e-02,1.109937503933906555e-01,9.620531648397445679e-02,1.856556981801986694e-01,4.634978473186492920e-01,3.480450212955474854e-01,3.152560591697692871e-01,2.907830178737640381e-01,1.046913042664527893e-01,1.503195762634277344e-01,8.060786873102188110e-02,1.424555927515029907e-01,2.828015089035034180e-01,2.049010097980499268e-01,3.061475455760955811e-01,2.399042844772338867e-01,3.050982952117919922e-01,3.279735743999481201e-01,-8.444019407033920288e-02,-1.819207817316055298e-01,1.067706942558288574e-01,8.856581896543502808e-02,-2.735441327095031738e-01,-2.187775522470474243e-01,1.251865923404693604e-01,1.045213416218757629e-01,8.644334971904754639e-02,7.199262827634811401e-02,-1.932665556669235229e-01,-1.933038979768753052e-01,3.123066155239939690e-03,1.312439679168164730e-03,2.465218603610992432e-01,1.271414905786514282e-01,2.371761798858642578e-01,1.977966725826263428e-01,2.398163974285125732e-01,2.165122479200363159e-01,4.338074475526809692e-02,1.117249205708503723e-02,2.372245937585830688e-01,1.347847878932952881e-01,1.725995391607284546e-01,1.830216497182846069e-01,1.037462428212165833e-01,1.630828380584716797e-01,2.844397127628326416e-01,3.593392074108123779e-01,3.504006862640380859e-01,4.104771316051483154e-01,2.707157433032989502e-01,3.130263686180114746e-01,6.028819084167480469e-02,1.752926856279373169e-01,3.019857406616210938e-01,1.760980039834976196e-01,2.501090168952941895e-01,2.540866732597351074e-01,1.802274286746978760e-01,2.247522473335266113e-01,2.499311864376068115e-01,1.988166123628616333e-01,1.312798708677291870e-01,1.608437448740005493e-01,1.960199326276779175e-01,1.058678030967712402e-01,-1.817477345466613770e-01,-2.516158521175384521e-01,-2.326815277338027954e-01,-2.333645224571228027e-01,-2.526477538049221039e-02,-8.257002383470535278e-02,-5.204917863011360168e-02,-5.744879320263862610e-02,-1.597144156694412231e-01,-2.239215224981307983e-01,-1.733176410198211670e-02,-1.887931078672409058e-01,8.349746465682983398e-02,-1.474043428897857666e-01,9.150113910436630249e-02,-7.232582662254571915e-03,1.658867746591567993e-01,1.746858060359954834e-01,9.998631663620471954e-03,3.193330019712448120e-02,-5.028242990374565125e-02,-2.541733086109161377e-01,-2.021598964929580688e-01,-1.918516904115676880e-01,-1.257312893867492676e-01,3.324395045638084412e-02
1.111020445823669434e-01,1.929540634155273438e-01,1.728530228137969971e-01,1.287240087985992432e-01,1.724229007959365845e-01,1.760308593511581421e-01,1.113109216094017029e-01,2.682467997074127197e-01,2.200948596000671387e-01,2.599090039730072021e-01,5.137174129486083984e-01,1.000000238418579102e+00,3.164317011833190918e-01,4.188534319400787354e-01,2.329727113246917725e-01,3.270961344242095947e-01,3.547448515892028809e-01,3.499810993671417236e-01,-1.447640806436538696e-01,-6.854023784399032593e-02,3.010576069355010986e-01,3.033155500888824463e-01,3.222423791885375977e-01,1.916809678077697754e-01,1.157511249184608459e-01,1.744484305381774902e-01,1.351586580276489258e-01,2.778165936470031738e-01,3.878453373908996582e-01,5.045552253723144531e-01,3.291230201721191406e-01,3.078082501888275146e-01,7.037629932165145874e-02,1.083619073033332825e-01,1.205678097903728485e-02,1.097367778420448303e-01,2.411888092756271362e-01,2.002295404672622681e-01,3.217859268188476562e-01,3.258466720581054688e-01,3.487581312656402588e-01,3.923809528350830078e-01,-4.853370040655136108e-02,-1.880487650632858276e-01,1.642462015151977539e-01,1.514238417148590088e-01,-3.068670928478240967e-01,-2.256741076707839966e-01,1.780484318733215332e-01,1.789015829563140869e-01,1.580455899238586426e-01,1.347526758909225464e-01,-1.489444524049758911e-01,-1.693424135446548462e-01,2.298521623015403748e-02,3.348936885595321655e-02,1.921871453523635864e-01,1.746789515018463135e-01,2.798126637935638428e-01,3.008306622505187988e-01,2.250461429357528687e-01,2.876771092414855957e-01,-5.379598960280418396e-02,1.657618582248687744e-02,2.702680230140686035e-01,2.118763625621795654e-01,2.029528468847274780e-01,1.807447522878646851e-01,1.165595576167106628e-01,2.173938900232315063e-01,2.845594584941864014e-01,3.756243586540222168e-01,2.716218531131744385e-01,4.605852663516998291e-01,2.222733348608016968e-01,2.606710791587829590e-01,8.882118016481399536e-02,1.843122839927673340e-01,3.741627931594848633e-01,2.253161221742630005e-01,2.407283037900924683e-01,2.558188438415527344e-01,1.886080354452133179e-01,3.148552477359771729e-01,2.867340147495269775e-01,1.521799862384796143e-01,1.452140510082244873e-01,3.051808476448059082e-01,2.129099518060684204e-01,1.179207712411880493e-01,-1.395934969186782837e-01,-1.958490312099456787e-01,-1.793115884065628052e-01,-1.854488402605056763e-01,1.345418859273195267e-02,-9.933928959071636200e-03,-9.630949050188064575e-02,-4.988083988428115845e-02,-1.602368652820587158e-01,-1.837529391050338745e-01,3.652822598814964294e-02,-1.254425048828125000e-01,9.057702124118804932e-02,-6.994630396366119385e-02,7.821249216794967651e-02,3.206097707152366638e-02,1.609985828399658203e-01,2.588115036487579346e-01,-3.005103580653667450e-02,3.174262866377830505e-02,-1.141486838459968567e-01,-2.384792864322662354e-01,-2.109511494636535645e-01,-1.895969063043594360e-01,-5.266753211617469788e-02,6.156262755393981934e-02
1.661051809787750244e-01,-2.175799570977687836e-02,1.508153080940246582e-01,8.455621451139450073e-02,1.232355237007141113e-01,4.045949876308441162e-02,4.463692605495452881e-01,3.814865946769714355e-01,3.593491017818450928e-01,9.856897592544555664e-02,3.607077598571777344e-01,3.164317011833190918e-01,9.999997615814208984e-01,4.341704547405242920e-01,3.555213510990142822e-01,1.005151867866516113e-01,2.821347117424011230e-01,1.288647651672363281e-01,-1.186096519231796265e-01,2.506918646395206451e-02,2.530565857887268066e-01,2.608736753463745117e-01,2.642342150211334229e-01,3.654881417751312256e-01,8.662752807140350342e-03,6.432176381349563599e-02,9.727881848812103271e-02,1.590844988822937012e-01,4.285900294780731201e-01,3.189925849437713623e-01,3.836163580417633057e-01,4.247409999370574951e-01,6.224417686462402344e-02,7.833795249462127686e-02,-4.285332933068275452e-02,-4.354523122310638428e-02,1.596962660551071167e-01,1.722934246063232422e-01,2.390746027231216431e-01,1.609458178281784058e-01,3.438260555267333984e-01,2.856177389621734619e-01,-8.109097927808761597e-02,-2.341868132352828979e-01,1.408997476100921631e-01,-3.476482629776000977e-02,-2.177436947822570801e-01,-2.083057463169097900e-01,6.906924396753311157e-02,3.476911410689353943e-02,-1.935673877596855164e-02,-5.669020488858222961e-02,-1.853649765253067017e-01,-1.596384644508361816e-01,1.914098672568798065e-02,-1.758728176355361938e-02,1.296465098857879639e-01,-6.416292488574981689e-02,3.703569620847702026e-02,6.368948519229888916e-02,3.911657631397247314e-02,-8.961383718997240067e-05,-1.211777888238430023e-02,-9.525365382432937622e-02,1.973150670528411865e-02,-2.410111576318740845e-02,4.373153671622276306e-02,-2.419391274452209473e-02,8.865718543529510498e-02,1.021808236837387085e-01,2.886373102664947510e-01,3.572820425033569336e-01,3.340646624565124512e-01,3.368438780307769775e-01,2.337693721055984497e-01,2.037554830312728882e-01,4.361443594098091125e-02,6.141790747642517090e-02,2.497816532850265503e-01,3.914291784167289734e-02,2.051340043544769287e-01,1.153141334652900696e-01,2.460594475269317627e-01,2.701453566551208496e-01,1.572320759296417236e-01,5.052021518349647522e-02,1.030853167176246643e-01,1.707412451505661011e-01,1.623535305261611938e-01,5.030227079987525940e-02,-1.250510960817337036e-01,-1.592900454998016357e-01,-1.077969968318939209e-01,-1.357511579990386963e-01,-1.641488051973283291e-03,-4.725039377808570862e-02,-5.194019898772239685e-02,-5.252521112561225891e-02,-8.893678337335586548e-02,-1.177356317639350891e-01,3.138580918312072754e-02,-1.056297793984413147e-01,1.199956312775611877e-01,-8.395008742809295654e-02,5.018715187907218933e-02,2.521625719964504242e-02,1.259688585996627808e-01,3.891895711421966553e-02,3.312622755765914917e-02,2.698858268558979034e-02,-1.032709702849388123e-01,-1.762374639511108398e-01,-1.395979225635528564e-01,-8.262725919485092163e-02,-3.829305246472358704e-02,9.235451929271221161e-03
