9.999996423721313477e-01,3.840082883834838867e-01,1.312669813632965088e-01,2.729119658470153809e-01,-1.560386866331100464e-01,-1.933071017265319824e-01,3.495803177356719971e-01,3.771713078022003174e-01,-1.485515683889389038e-01,-2.554330229759216309e-01,3.838723003864288330e-01,3.691950142383575439e-01,3.873344659805297852e-01,2.373348921537399292e-01,1.132595818489789963e-02,1.117983367294073105e-02,4.010078907012939453e-01,2.305002510547637939e-01,3.095571696758270264e-01,3.345004916191101074e-01,2.176087349653244019e-01,2.288908958435058594e-01,2.390260249376296997e-01,2.441609501838684082e-01,-1.146357133984565735e-01,-1.001980304718017578e-01,-1.603109762072563171e-02,-2.596738282591104507e-03,2.613248825073242188e-01,2.171612381935119629e-01,3.968423604965209961e-01,2.288924902677536011e-01,2.093524634838104248e-01,2.042607218027114868e-01,2.114798128604888916e-01,1.899602115154266357e-01,5.285099148750305176e-03,-1.245240867137908936e-01,-1.318603381514549255e-02,-1.051367968320846558e-01,-9.722311049699783325e-03,3.913323953747749329e-02,1.323407050222158432e-02,4.425488412380218506e-02,-1.118313893675804138e-01,-5.878659710288047791e-02,1.445713490247726440e-01,8.660988509654998779e-02,-3.488150984048843384e-02,-5.259769037365913391e-02,5.489028245210647583e-02,-1.706096227280795574e-04,2.227141559123992920e-01,6.627309322357177734e-02,2.863587737083435059e-01,9.879232197999954224e-02,5.846253633499145508e-01,2.663324773311614990e-01,2.578910291194915771e-01,1.967885196208953857e-01,2.919956147670745850e-01,1.225603446364402771e-01,2.258924245834350586e-01,1.279369890689849854e-01,9.007781744003295898e-02,1.380621492862701416e-01,2.452533394098281860e-01,2.470551133155822754e-01,2.379396557807922363e-01,2.304938584566116333e-01,3.085506856441497803e-01,2.917539477348327637e-01,2.520408928394317627e-01,2.245637923479080200e-01,2.648170292377471924e-01,2.370169311761856079e-01,1.826480329036712646e-01,1.993421763181686401e-01,2.336655110120773315e-01,1.394727677106857300e-01,2.893276810646057129e-01,2.415563315153121948e-01,-9.913985617458820343e-03,1.855811290442943573e-02,2.499337792396545410e-01,2.200191169977188110e-01,-1.441068351268768311e-01,-1.756693720817565918e-01,1.524571776390075684e-01,8.307854086160659790e-02,1.406616717576980591e-01,3.200661391019821167e-02,4.380855709314346313e-02,-1.576981544494628906e-01,1.706542260944843292e-02,-3.016219288110733032e-02,3.171914815902709961e-01,1.654218137264251709e-01,2.565136253833770752e-01,1.211308091878890991e-01,5.502631142735481262e-02,-7.032263278961181641e-02,7.615562528371810913e-02,-8.452842012047767639e-03,1.617183536291122437e-01,1.240359619259834290e-01,-1.585846766829490662e-02,-6.214499846100807190e-02,9.406750649213790894e-02,-6.738245487213134766e-02,1.936658918857574463e-01,2.244673371315002441e-01,1.446805149316787720e-01,1.934271901845932007e-01,2.008168995380401611e-01,1.794753521680831909e-01
3.840082883834838867e-01,9.999997615814208984e-01,2.568433806300163269e-02,3.296886384487152100e-01,-2.171996831893920898e-01,-1.142890676856040955e-01,8.998553454875946045e-02,5.453579425811767578e-01,-1.654054969549179077e-01,-2.150740027427673340e-01,1.446447968482971191e-01,4.229125678539276123e-01,7.585018128156661987e-02,3.445956408977508545e-01,-5.125964432954788208e-02,1.203147470951080322e-01,9.454350918531417847e-02,2.831966280937194824e-01,4.037678539752960205e-01,1.945547163486480713e-01,1.925000399351119995e-01,2.517726719379425049e-01,1.131057590246200562e-01,2.341310232877731323e-01,-9.857403486967086792e-02,-6.624469906091690063e-02,3.040613979101181030e-02,8.064859360456466675e-02,-4.993437603116035461e-02,2.848310470581054688e-01,1.840549707412719727e-01,1.289297789335250854e-01,3.403646349906921387e-01,3.480223715305328369e-01,1.450784355401992798e-01,3.012047410011291504e-01,-2.180415950715541840e-02,-3.799887746572494507e-02,-2.631184458732604980e-02,-2.546135708689689636e-02,-1.194776222109794617e-01,7.971549779176712036e-02,-1.607249826192855835e-01,-9.213987737894058228e-02,-5.577383562922477722e-02,-3.511582687497138977e-02,5.566111952066421509e-02,-5.276826210319995880e-03,8.769911713898181915e-03,3.939018025994300842e-02,-5.732321366667747498e-02,1.488554328680038452e-01,7.014900445938110352e-02,2.927422896027565002e-02,2.705680429935455322e-01,2.682669758796691895e-01,4.919597804546356201e-01,6.323192119598388672e-01,2.758858799934387207e-01,4.055091142654418945e-01,3.509196341037750244e-01,5.028731226921081543e-01,1.730022281408309937e-01,4.453483521938323975e-01,-3.343485295772552490e-02,4.245083928108215332e-01,3.347629010677337646e-01,4.003155231475830078e-01,1.577795110642910004e-02,-1.574084395542740822e-03,3.081324398517608643e-01,2.914223372936248779e-01,1.611236631870269775e-01,2.545600235462188721e-01,2.908449470996856689e-01,2.831348776817321777e-01,2.744211256504058838e-01,3.543371558189392090e-01,5.743737891316413879e-02,5.929265171289443970e-02,6.928873062133789062e-02,3.149732053279876709e-01,-5.979696661233901978e-02,1.320507526397705078e-01,-5.734416097402572632e-02,3.371776342391967773e-01,-1.607636213302612305e-01,-1.020805835723876953e-01,-6.659030169248580933e-02,2.331926226615905762e-01,9.136208146810531616e-02,1.989142969250679016e-02,-1.840224489569664001e-02,-2.033682614564895630e-01,-2.944825962185859680e-02,-2.314567938446998596e-02,3.340969979763031006e-01,3.978518247604370117e-01,2.717342674732208252e-01,2.179169803857803345e-01,-1.233239658176898956e-03,-1.417321860790252686e-01,-1.088902950286865234e-01,-1.138842999935150146e-01,5.230415984988212585e-02,2.078780531883239746e-02,-1.007532924413681030e-01,-6.449647992849349976e-02,1.043156087398529053e-01,-3.026431985199451447e-02,3.026169538497924805e-01,3.292619585990905762e-01,2.614768147468566895e-01,8.564399927854537964e-02,1.095182895660400391e-01,1.931890398263931274e-01
1.312669813632965088e-01,2.568433806300163269e-02,1.000000000000000000e+00,3.520801961421966553e-01,2.408378012478351593e-02,-9.127646684646606445e-02,5.543834567070007324e-01,1.846559941768646240e-01,1.442047059535980225e-01,-6.569259613752365112e-02,1.815157234668731689e-01,2.462950795888900757e-01,2.753976285457611084e-01,1.584387421607971191e-01,2.398499101400375366e-01,2.233475446701049805e-01,1.669524908065795898e-01,1.440770085901021957e-02,2.895903587341308594e-01,1.080107688903808594e-01,3.385946154594421387e-01,3.704975545406341553e-01,6.754752993583679199e-01,5.815042853355407715e-01,-4.628296568989753723e-02,-1.334965378046035767e-01,1.301400661468505859e-01,7.655140012502670288e-02,2.683639228343963623e-01,3.310307264328002930e-01,3.356441259384155273e-01,2.042745947837829590e-01,5.783635377883911133e-02,1.792909204959869385e-01,-1.066584810614585876e-01,-4.594829399138689041e-03,-2.204117476940155029e-01,-8.285996317863464355e-02,-1.201667077839374542e-02,5.059568211436271667e-02,-1.474403291940689087e-01,1.599476039409637451e-01,4.292329028248786926e-02,7.075490802526473999e-02,-2.497984655201435089e-02,-1.372587960213422775e-02,1.871934235095977783e-01,1.019817367196083069e-01,4.881690815091133118e-02,1.242374908179044724e-02,1.347003132104873657e-02,-4.314933344721794128e-02,1.200075000524520874e-01,1.440898180007934570e-01,2.429091632366180420e-01,1.759132891893386841e-01,4.106996580958366394e-02,2.368557453155517578e-01,-1.384149491786956787e-01,1.183263286948204041e-01,-7.011494040489196777e-02,2.278193645179271698e-02,-6.487552821636199951e-02,-7.069472968578338623e-02,3.359596058726310730e-02,-3.917833790183067322e-02,4.154402017593383789e-02,4.726717621088027954e-02,-1.274265907704830170e-02,-9.732986986637115479e-02,2.988806068897247314e-01,3.287692070007324219e-01,4.036522507667541504e-01,4.152203202247619629e-01,2.878452837467193604e-01,3.619815111160278320e-01,3.169768452644348145e-01,3.158249557018280029e-01,1.223237514495849609e-01,-6.216707825660705566e-02,1.094330325722694397e-01,1.326233297586441040e-01,7.342985272407531738e-02,1.498055756092071533e-01,5.397657305002212524e-02,6.158100906759500504e-03,-9.983302652835845947e-02,3.919725865125656128e-02,5.130495503544807434e-02,7.568541448563337326e-03,8.975412696599960327e-03,-7.118521723896265030e-03,9.646695852279663086e-02,5.956387147307395935e-02,-5.513474345207214355e-02,9.163173381239175797e-04,3.209809958934783936e-01,1.235723644495010376e-01,1.867598742246627808e-01,1.524385809898376465e-01,6.112856790423393250e-02,5.145329609513282776e-02,1.212753951549530029e-01,1.089145168662071228e-01,1.271187812089920044e-01,7.075602561235427856e-02,8.101630210876464844e-02,1.153373494744300842e-01,1.602368354797363281e-01,9.676160663366317749e-02,2.106406539678573608e-01,1.152114719152450562e-01,-2.718177624046802521e-03,6.600174307823181152e-02,2.033872604370117188e-01,2.465922236442565918e-01
2.729119658470153809e-01,3.296886384487152100e-01,3.520801961421966553e-01,9.999997615814208984e-01,1.754813641309738159e-02,9.368710219860076904e-03,2.926789522171020508e-01,6.072866320610046387e-01,-2.559366822242736816e-02,-6.004467979073524475e-02,3.812377452850341797e-01,3.864825367927551270e-01,2.976313531398773193e-01,4.226128756999969482e-01,6.216798350214958191e-02,1.556059271097183228e-01,3.542434573173522949e-01,2.716097235679626465e-01,3.228068947792053223e-01,1.702518314123153687e-01,1.664694696664810181e-01,2.421917766332626343e-01,4.115883111953735352e-01,5.613054633140563965e-01,3.701948374509811401e-02,1.302414536476135254e-01,4.729446396231651306e-02,1.382007747888565063e-01,2.213964462280273438e-01,2.506452500820159912e-01,2.891671061515808105e-01,3.638322651386260986e-01,9.622471034526824951e-02,1.887490004301071167e-01,-5.895024910569190979e-02,1.917049661278724670e-02,5.283361300826072693e-02,1.044734045863151550e-01,-1.048945076763629913e-02,7.418622076511383057e-02,4.596117511391639709e-02,1.107060611248016357e-01,3.925783187150955200e-02,7.680054008960723877e-02,-5.952877178788185120e-02,4.678225610405206680e-03,1.586560010910034180e-01,1.269076019525527954e-01,1.664233952760696411e-02,-1.194956153631210327e-02,4.428542405366897583e-02,2.265714667737483978e-02,8.261194825172424316e-02,-3.020037151873111725e-02,3.230622112751007080e-01,2.198013067245483398e-01,2.807786762714385986e-01,3.158290982246398926e-01,9.101486206054687500e-02,2.318488955497741699e-01,1.464406847953796387e-01,1.308106780052185059e-01,1.743655800819396973e-01,2.749882638454437256e-01,5.839382112026214600e-02,1.225607246160507202e-01,1.448397785425186157e-01,1.563455760478973389e-01,1.784916222095489502e-02,-5.383292213082313538e-02,2.237191647291183472e-01,2.108114361763000488e-01,1.910284757614135742e-01,1.667536795139312744e-01,2.358237951993942261e-01,1.799434125423431396e-01,2.523677349090576172e-01,2.716802954673767090e-01,2.111979871988296509e-01,1.531362980604171753e-01,3.319124579429626465e-01,2.470834404230117798e-01,1.246047765016555786e-01,1.251065582036972046e-01,1.649390161037445068e-01,1.227637678384780884e-01,-4.770578071475028992e-02,-3.257849812507629395e-02,6.933946907520294189e-02,1.134093776345252991e-01,1.078961938619613647e-01,4.774959292262792587e-03,6.340038776397705078e-02,-1.253777891397476196e-01,1.128316000103950500e-01,6.131305918097496033e-02,2.590395510196685791e-01,2.890080809593200684e-01,2.376512289047241211e-01,1.808210164308547974e-01,3.378734365105628967e-02,-6.782267242670059204e-02,1.058493182063102722e-01,1.026972755789756775e-02,1.153620928525924683e-01,6.860809028148651123e-02,1.839713007211685181e-02,9.082200378179550171e-02,2.261650860309600830e-01,2.821866273880004883e-01,2.535777986049652100e-01,2.048567682504653931e-01,1.001869663596153259e-01,-5.617155227810144424e-03,1.097267940640449524e-01,4.658887535333633423e-02
-1.560386866331100464e-01,-2.171996831893920898e-01,2.408378012478351593e-02,1.754813641309738159e-02,9.999994039535522461e-01,6.665970683097839355e-01,-1.252288073301315308e-01,-6.087823957204818726e-02,6.644501686096191406e-01,6.325898170471191406e-01,1.083168238401412964e-01,-8.449372649192810059e-02,6.013073027133941650e-02,7.553149014711380005e-02,5.192548632621765137e-01,4.055646061897277832e-01,1.628709137439727783e-01,-1.347587257623672485e-01,-1.532273888587951660e-01,-8.422315865755081177e-02,-6.357801705598831177e-02,-1.199935525655746460e-01,-7.787212729454040527e-02,-7.413638383150100708e-02,6.944668889045715332e-01,5.474351048469543457e-01,4.838018119335174561e-01,4.456636905670166016e-01,1.034188866615295410e-01,-4.002622142434120178e-02,-5.148802418261766434e-03,1.833218149840831757e-02,-2.125575840473175049e-01,-2.308373004198074341e-01,-2.997783124446868896e-01,-3.357332944869995117e-01,1.133604049682617188e-01,-1.406014990061521530e-02,1.606667339801788330e-01,4.852991923689842224e-02,1.223013177514076233e-01,-1.054375339299440384e-02,-9.716523811221122742e-03,4.947781935334205627e-02,2.122609689831733704e-02,-6.833200156688690186e-02,-2.402056753635406494e-02,7.124920841306447983e-03,4.663237556815147400e-02,-3.005073964595794678e-02,1.977114379405975342e-02,-1.214198395609855652e-02,6.654317677021026611e-02,1.120265498757362366e-01,3.996219858527183533e-02,3.271977975964546204e-02,-1.093065440654754639e-01,-5.002489313483238220e-02,-3.482312336564064026e-02,-6.753115355968475342e-02,-1.755591779947280884e-01,-7.556894421577453613e-02,3.186947107315063477e-02,6.310220807790756226e-02,-1.069112960249185562e-02,-7.851047068834304810e-02,-1.741989105939865112e-01,-1.654977351427078247e-01,-5.821675434708595276e-02,-4.779000207781791687e-02,-2.161094546318054199e-01,-1.078515648841857910e-01,-1.230607405304908752e-01,-1.348080784082412720e-01,-9.838310629129409790e-02,-1.417658627033233643e-01,-1.220074146986007690e-01,-1.543941944837570190e-01,9.561149775981903076e-02,-1.479701250791549683e-01,1.967596858739852905e-01,-9.552934020757675171e-02,5.249257683753967285e-01,3.960452675819396973e-01,2.047647684812545776e-01,5.735690891742706299e-02,5.045018792152404785e-01,5.726247429847717285e-01,3.761182129383087158e-01,3.174025714397430420e-01,6.395664997398853302e-03,1.399443447589874268e-01,1.564114689826965332e-01,2.556178867816925049e-01,8.238659799098968506e-02,9.380871430039405823e-03,-1.732796877622604370e-01,-7.126709073781967163e-02,-1.531879156827926636e-01,-9.907032549381256104e-02,9.468385577201843262e-02,2.790740132331848145e-01,1.562761813402175903e-01,1.808675974607467651e-01,-4.015039652585983276e-02,-2.274309098720550537e-02,6.393637508153915405e-02,1.010250598192214966e-01,-9.447269141674041748e-03,4.901396110653877258e-02,-1.716108247637748718e-02,-9.104865044355392456e-02,-9.954895079135894775e-02,-1.604437828063964844e-01,-1.842256337404251099e-01,-1.968369036912918091e-01
-1.933071017265319824e-01,-1.142890676856040955e-01,-9.127646684646606445e-02,9.368710219860076904e-03,6.665970683097839355e-01,1.000000000000000000e+00,-1.357738375663757324e-01,2.259086817502975464e-02,5.216149091720581055e-01,7.239448428153991699e-01,-3.926518186926841736e-02,-4.931014776229858398e-02,-5.545996129512786865e-02,1.059894114732742310e-01,3.666911423206329346e-01,4.808677136898040771e-01,1.337762549519538879e-02,-1.252528429031372070e-01,-1.894470453262329102e-01,-1.245647445321083069e-01,-7.879770547151565552e-02,-9.997672587633132935e-02,-1.709878295660018921e-01,-1.000780984759330750e-01,6.597442626953125000e-01,6.850783824920654297e-01,4.736863076686859131e-01,5.914148688316345215e-01,6.183079630136489868e-02,-3.394482657313346863e-03,-1.121554407291114330e-03,1.046864539384841919e-01,-1.473552584648132324e-01,-1.687545329332351685e-01,-1.544522643089294434e-01,-2.332029491662979126e-01,2.398908138275146484e-01,1.000698134303092957e-01,2.364368736743927002e-01,2.200062721967697144e-01,1.638814955949783325e-01,3.513107076287269592e-02,-5.961377546191215515e-02,1.752500049769878387e-02,6.555179506540298462e-02,-6.477660033851861954e-03,-7.704339176416397095e-02,9.004727937281131744e-03,9.758991748094558716e-02,5.269026756286621094e-02,8.396492153406143188e-02,8.183313161134719849e-02,9.848597692325711250e-04,1.459451913833618164e-01,-6.209706887602806091e-02,2.174004614353179932e-01,-1.580179184675216675e-01,-8.293797820806503296e-02,2.018983662128448486e-02,-1.568433791399002075e-01,-1.014960557222366333e-01,-7.189851999282836914e-02,5.941280396655201912e-04,1.768430471420288086e-01,-5.146365612745285034e-03,3.779238834977149963e-02,-1.232451573014259338e-01,-1.270124167203903198e-01,-8.538741618394851685e-02,-5.911871418356895447e-02,-1.593078672885894775e-01,-6.578792631626129150e-02,-1.811122894287109375e-01,-1.562447547912597656e-01,-1.449124962091445923e-01,-1.186854988336563110e-01,-1.501321792602539062e-01,-1.531031727790832520e-01,5.875728279352188110e-02,-1.314844787120819092e-01,5.217922106385231018e-02,-6.623214483261108398e-02,3.436911702156066895e-01,5.047653317451477051e-01,5.707256495952606201e-02,1.465869247913360596e-01,4.106232225894927979e-01,6.146885156631469727e-01,1.529168635606765747e-01,3.674672842025756836e-01,-7.262472808361053467e-02,2.415326684713363647e-01,5.867836996912956238e-02,3.060293495655059814e-01,3.384280949831008911e-02,8.566346764564514160e-02,-2.184484452009201050e-01,1.487803459167480469e-02,-1.526684165000915527e-01,4.448865726590156555e-02,-2.176875481382012367e-03,2.995390892028808594e-01,7.967744022607803345e-02,2.111552208662033081e-01,-6.520643830299377441e-02,-1.798192039132118225e-02,3.830744326114654541e-02,2.454044669866561890e-01,-4.330698400735855103e-03,8.301401138305664062e-02,3.793579339981079102e-02,-8.086574822664260864e-02,-6.479094177484512329e-02,-1.857144981622695923e-01,-1.942263096570968628e-01,-1.721501052379608154e-01
3.495803177356719971e-01,8.998553454875946045e-02,5.543834567070007324e-01,2.926789522171020508e-01,-1.252288073301315308e-01,-1.357738375663757324e-01,9.999995231628417969e-01,2.763213813304901123e-01,-4.033589735627174377e-02,-1.360710263252258301e-01,3.740540742874145508e-01,3.813781142234802246e-01,4.779565930366516113e-01,1.847914755344390869e-01,4.305789992213249207e-02,2.833855710923671722e-02,3.101559877395629883e-01,1.490281820297241211e-01,1.670841425657272339e-01,6.036230549216270447e-02,3.234206736087799072e-01,3.189785778522491455e-01,4.535472691059112549e-01,3.593298196792602539e-01,-1.219994351267814636e-01,-1.338977664709091187e-01,-4.109754040837287903e-02,-5.768650770187377930e-02,4.461503028869628906e-01,3.282734453678131104e-01,4.385561347007751465e-01,2.972315251827239990e-01,1.269897222518920898e-01,2.102232724428176880e-01,5.928210169076919556e-02,4.420668631792068481e-02,2.957610413432121277e-02,4.001656919717788696e-02,1.179045140743255615e-01,9.287612885236740112e-02,1.442983280867338181e-03,1.045347526669502258e-01,3.779392689466476440e-03,5.728150252252817154e-03,-1.074242517352104187e-01,-2.709694206714630127e-02,8.265663683414459229e-02,2.643513120710849762e-02,-2.200508303940296173e-02,-2.546919742599129677e-03,5.313410237431526184e-02,-7.446668297052383423e-02,8.970696479082107544e-02,4.309440031647682190e-02,2.276789247989654541e-01,1.509574204683303833e-01,1.233719810843467712e-01,4.640844836831092834e-02,-1.406183931976556778e-02,3.509746491909027100e-02,1.001397031359374523e-03,-6.595334410667419434e-02,1.204763725399971008e-02,-7.102025300264358521e-02,6.668787449598312378e-03,-3.934198245406150818e-02,1.090894490480422974e-01,7.683607935905456543e-02,-5.976626649498939514e-03,-5.899560824036598206e-02,3.918561637401580811e-01,3.129515647888183594e-01,4.129362106323242188e-01,3.440165221691131592e-01,3.023203015327453613e-01,2.936698496341705322e-01,2.240565568208694458e-01,2.122398614883422852e-01,2.139644175767898560e-01,8.928638696670532227e-02,2.103154361248016357e-01,2.510940134525299072e-01,-7.839375734329223633e-02,2.850031480193138123e-02,2.283777892589569092e-01,4.930378496646881104e-02,-1.852564662694931030e-01,-1.103983744978904724e-01,1.033064723014831543e-01,-2.979366108775138855e-02,4.030267149209976196e-02,-4.587226733565330505e-02,1.982820406556129456e-02,-2.398566529154777527e-02,7.486990094184875488e-02,1.302261799573898315e-01,2.544497251510620117e-01,6.248698011040687561e-02,1.775251328945159912e-01,1.096121147274971008e-01,5.914333090186119080e-02,-2.024165587499737740e-03,1.253374814987182617e-01,9.505981206893920898e-02,1.852958798408508301e-01,1.116403490304946899e-01,8.370917290449142456e-02,1.953534036874771118e-01,1.869434863328933716e-01,8.864215016365051270e-02,1.323136687278747559e-01,2.468250878155231476e-02,-8.389911800622940063e-02,6.037612259387969971e-02,1.780348420143127441e-01,1.851691901683807373e-01
3.771713078022003174e-01,5.453579425811767578e-01,1.846559941768646240e-01,6.072866320610046387e-01,-6.087823957204818726e-02,2.259086817502975464e-02,2.763213813304901123e-01,1.000000119209289551e+00,-1.025364995002746582e-01,-1.067767217755317688e-01,3.844522237777709961e-01,5.922397971153259277e-01,3.053859174251556396e-01,6.773282289505004883e-01,8.436875417828559875e-03,2.610143423080444336e-01,3.328795135021209717e-01,3.150302469730377197e-01,2.386707216501235962e-01,4.458869993686676025e-02,2.764549255371093750e-01,3.541921675205230713e-01,3.039263486862182617e-01,4.967215061187744141e-01,9.468768537044525146e-02,1.678657829761505127e-01,1.378026455640792847e-01,2.526174187660217285e-01,1.857069283723831177e-01,4.619346559047698975e-01,3.328676521778106689e-01,3.128655850887298584e-01,2.583076357841491699e-01,3.390538990497589111e-01,-2.956400159746408463e-03,8.734435588121414185e-02,3.364866971969604492e-02,2.743746712803840637e-02,-2.211186476051807404e-02,1.238833647221326828e-02,-5.659785494208335876e-02,9.447299689054489136e-02,-4.165923595428466797e-02,2.956772223114967346e-02,-1.341923922300338745e-01,-3.636480495333671570e-02,2.275186404585838318e-02,4.613243415951728821e-02,-3.994905576109886169e-02,-4.194157943129539490e-02,-6.274528056383132935e-02,1.182473450899124146e-02,3.428952768445014954e-02,2.969967760145664215e-02,3.261549770832061768e-01,3.783770203590393066e-01,3.094875216484069824e-01,4.645841121673583984e-01,2.014547288417816162e-01,3.046056628227233887e-01,1.605740487575531006e-01,2.678558826446533203e-01,1.296557486057281494e-01,4.020865559577941895e-01,-1.323437243700027466e-01,2.406948208808898926e-01,1.852500587701797485e-01,2.510256469249725342e-01,-7.566352933645248413e-02,-1.361961066722869873e-01,3.132086098194122314e-01,3.309012651443481445e-01,1.920691132545471191e-01,2.971304059028625488e-01,3.418678641319274902e-01,3.126640617847442627e-01,2.574684619903564453e-01,3.150652945041656494e-01,1.904828846454620361e-01,1.335791796445846558e-01,2.672388255596160889e-01,3.883527517318725586e-01,9.421583265066146851e-02,3.399814963340759277e-01,9.543771296739578247e-02,3.331965804100036621e-01,-9.144980460405349731e-02,2.930454164743423462e-02,6.707207858562469482e-02,3.461140394210815430e-01,1.284024566411972046e-01,1.536797732114791870e-01,4.492915421724319458e-02,-1.177843287587165833e-01,2.299563586711883545e-02,-1.024898700416088104e-02,3.436864614486694336e-01,3.845548927783966064e-01,2.890175580978393555e-01,2.870268821716308594e-01,8.019296079874038696e-02,-1.265323162078857422e-01,1.407985808327794075e-03,-2.982774935662746429e-02,7.389470934867858887e-02,3.400117903947830200e-02,-3.646120056509971619e-02,5.096778273582458496e-02,1.778430044651031494e-01,1.063542664051055908e-01,3.458397686481475830e-01,2.425691187381744385e-01,1.408709138631820679e-01,-7.253892719745635986e-02,4.204574972391128540e-02,1.271081715822219849e-01
-1.485515683889389038e-01,-1.654054969549179077e-01,1.442047059535980225e-01,-2.559366822242736816e-02,6.644501686096191406e-01,5.216149091720581055e-01,-4.033589735627174377e-02,-1.025364995002746582e-01,9.999997615814208984e-01,6.445381045341491699e-01,9.373794496059417725e-02,-6.152351200580596924e-02,-3.520455583930015564e-02,-3.962747007608413696e-02,6.816911697387695312e-01,5.055441260337829590e-01,9.458336979150772095e-02,-1.764642298221588135e-01,2.368630096316337585e-02,1.858052797615528107e-02,1.297902762889862061e-01,1.222130507230758667e-01,7.783202081918716431e-02,2.208179980516433716e-02,5.077240467071533203e-01,3.640769422054290771e-01,5.304943919181823730e-01,4.055062234401702881e-01,6.824100017547607422e-02,1.740181818604469299e-02,2.519292198121547699e-02,3.550212085247039795e-02,-7.392875105142593384e-02,-8.344895392656326294e-02,-2.493451833724975586e-01,-1.932505816221237183e-01,-8.727803081274032593e-02,-8.189676702022552490e-02,3.662646561861038208e-02,4.145807400345802307e-02,8.059337735176086426e-02,1.053599491715431213e-01,5.403781775385141373e-03,-1.597149111330509186e-02,1.167938928119838238e-03,-1.563913226127624512e-01,8.175862953066825867e-03,-3.845072537660598755e-02,-4.769407585263252258e-02,-6.631902605295181274e-02,-1.160677000880241394e-01,-8.897756040096282959e-02,-3.262242302298545837e-02,3.890698775649070740e-02,2.721408754587173462e-02,7.068063318729400635e-02,-1.208598166704177856e-01,6.761305779218673706e-02,-1.545192450284957886e-01,-3.548040241003036499e-02,-1.612721532583236694e-01,8.561488240957260132e-03,-1.777520328760147095e-01,-1.102368086576461792e-01,-5.174509808421134949e-02,-1.526873558759689331e-01,-1.557860225439071655e-01,-1.443672180175781250e-01,-6.868617236614227295e-02,-1.363939046859741211e-01,-6.339381635189056396e-02,3.767723217606544495e-02,-3.574308939278125763e-03,7.755853980779647827e-02,-4.646797105669975281e-02,5.787225440144538879e-02,3.024394996464252472e-02,2.552788518369197845e-02,-1.116500981152057648e-02,-2.195387333631515503e-01,2.155282720923423767e-02,-9.980615973472595215e-02,4.307219088077545166e-01,3.050191998481750488e-01,1.015632078051567078e-01,1.783796399831771851e-02,3.333112001419067383e-01,4.336209595203399658e-01,2.734817862510681152e-01,1.769613772630691528e-01,-1.908531785011291504e-02,3.289656341075897217e-02,1.705462783575057983e-01,1.805017888545989990e-01,-3.744764998555183411e-02,2.406890504062175751e-02,-1.416708678007125854e-01,-7.296493649482727051e-02,-8.139263093471527100e-02,-2.463012933731079102e-02,1.285192221403121948e-01,1.801163554191589355e-01,1.070934534072875977e-01,1.382949203252792358e-01,-1.858069188892841339e-02,-2.603379450738430023e-02,-2.441389858722686768e-02,3.994076699018478394e-02,-1.991751231253147125e-02,1.605603098869323730e-02,-7.916031777858734131e-02,-1.504918783903121948e-01,-9.164724498987197876e-02,-3.502377867698669434e-02,-7.431904668919742107e-04,2.575157396495342255e-02
-2.554330229759216309e-01,-2.150740027427673340e-01,-6.569259613752365112e-02,-6.004467979073524475e-02,6.325898170471191406e-01,7.239448428153991699e-01,-1.360710263252258301e-01,-1.067767217755317688e-01,6.445381045341491699e-01,1.000000476837158203e+00,-2.397291362285614014e-02,-4.891452938318252563e-02,-1.619397550821304321e-01,-1.685555838048458099e-02,4.231808185577392578e-01,5.274189114570617676e-01,-1.098761218599975109e-03,-7.604324817657470703e-02,-1.871071606874465942e-01,-1.300671696662902832e-01,-7.106053084135055542e-02,-9.009019285440444946e-02,-1.598983407020568848e-01,-1.584640294313430786e-01,5.740807056427001953e-01,5.174689292907714844e-01,4.170731008052825928e-01,4.252232611179351807e-01,6.168175488710403442e-02,-3.992420434951782227e-02,1.011335849761962891e-02,1.228144615888595581e-01,-1.067165806889533997e-01,-1.416142433881759644e-01,-1.875903308391571045e-01,-2.051545530557632446e-01,1.558491885662078857e-01,1.344880610704421997e-01,1.730181276798248291e-01,2.482701539993286133e-01,1.878384649753570557e-01,9.343608468770980835e-02,-2.496735751628875732e-02,2.105227485299110413e-02,5.888196453452110291e-02,-9.678343683481216431e-02,-3.977247327566146851e-02,1.213503722101449966e-02,-8.551146020181477070e-04,-2.733755856752395630e-02,-4.763624817132949829e-02,-2.384851314127445221e-02,-9.800722450017929077e-02,8.193706721067428589e-02,-1.496665477752685547e-01,1.850482225418090820e-01,-2.216436713933944702e-01,-9.058745205402374268e-02,-8.963987231254577637e-02,-1.395836323499679565e-01,-1.414491832256317139e-01,-5.981644615530967712e-02,-6.092132627964019775e-02,4.056187719106674194e-02,-2.500877156853675842e-02,-1.068581491708755493e-01,-1.489745974540710449e-01,-1.168585345149040222e-01,-7.762110978364944458e-02,-7.205948233604431152e-02,-1.973473280668258667e-01,-1.385543644428253174e-01,-1.638782024383544922e-01,-1.474967002868652344e-01,-1.648002564907073975e-01,-1.076106056571006775e-01,-1.234313547611236572e-01,-1.328900307416915894e-01,1.828008890151977539e-02,-1.161682531237602234e-01,-1.662273891270160675e-02,-7.723882794380187988e-02,2.830480039119720459e-01,4.069883525371551514e-01,2.099399082362651825e-02,5.643519014120101929e-02,3.813805580139160156e-01,5.883655548095703125e-01,1.207422167062759399e-01,2.660435736179351807e-01,-1.084410995244979858e-01,1.688498854637145996e-01,7.242724299430847168e-02,2.918697893619537354e-01,8.068875223398208618e-02,1.708946228027343750e-01,-2.755186557769775391e-01,-5.288012325763702393e-02,-2.115942537784576416e-01,1.937667839229106903e-02,3.855465678498148918e-03,2.575364112854003906e-01,1.240492332726716995e-02,1.541829854249954224e-01,-1.335854232311248779e-01,-6.438917666673660278e-02,6.826802622526884079e-03,2.018916904926300049e-01,9.183550253510475159e-03,1.529372334480285645e-01,-7.101319730281829834e-02,-1.164806708693504333e-01,-4.504327476024627686e-02,-1.255235373973846436e-01,-1.262075603008270264e-01,-1.250686347484588623e-01
3.838723003864288330e-01,1.446447968482971191e-01,1.815157234668731689e-01,3.812377452850341797e-01,1.083168238401412964e-01,-3.926518186926841736e-02,3.740540742874145508e-01,3.844522237777709961e-01,9.373794496059417725e-02,-2.397291362285614014e-02,1.000000000000000000e+00,4.460609853267669678e-01,5.280790328979492188e-01,2.719882726669311523e-01,1.805520057678222656e-01,2.526415325701236725e-02,6.902916431427001953e-01,2.923434376716613770e-01,1.371409296989440918e-01,5.560752749443054199e-02,2.536497414112091064e-01,2.424519509077072144e-01,2.780093252658843994e-01,2.808848917484283447e-01,3.387911990284919739e-02,4.478735849261283875e-02,6.944008171558380127e-02,6.318820267915725708e-02,4.670298993587493896e-01,2.453885376453399658e-01,4.407010674476623535e-01,3.617073297500610352e-01,1.190570294857025146e-01,1.485803127288818359e-01,6.439851969480514526e-02,2.530661970376968384e-02,2.042355984449386597e-01,3.920972719788551331e-02,1.871404945850372314e-01,-1.459357701241970062e-02,1.354439258575439453e-01,-1.323447283357381821e-02,2.094040215015411377e-01,1.896131187677383423e-01,-6.594219803810119629e-02,-1.576837301254272461e-01,2.893685698509216309e-01,2.169730216264724731e-01,-8.432079106569290161e-02,-1.693623512983322144e-01,-5.740544572472572327e-02,-1.882417201995849609e-01,2.237872928380966187e-01,-4.000229295343160629e-03,3.883898556232452393e-01,8.664295822381973267e-02,3.404329121112823486e-01,9.165481477975845337e-02,1.559485942125320435e-01,1.564237922430038452e-01,5.297602713108062744e-02,3.518464276567101479e-03,2.158666700124740601e-01,-6.762466579675674438e-02,-2.977777970954775810e-03,-1.259571164846420288e-01,2.399805188179016113e-01,1.993779391050338745e-01,9.211053699254989624e-02,6.190566718578338623e-02,2.478990852832794189e-01,1.816923618316650391e-01,2.026483118534088135e-01,1.438516825437545776e-01,2.400518655776977539e-01,1.268580406904220581e-01,2.220325469970703125e-01,1.712006777524948120e-01,5.040263533592224121e-01,2.355057746171951294e-01,5.528425574302673340e-01,1.887633800506591797e-01,2.189798057079315186e-01,2.730409801006317139e-02,4.731988012790679932e-01,2.346857078373432159e-02,1.094780042767524719e-01,-1.100324187427759171e-02,4.439027905464172363e-01,5.280845798552036285e-03,2.204627245664596558e-01,-4.953101277351379395e-02,1.131065934896469116e-01,-8.876211941242218018e-02,2.744753956794738770e-01,1.475575864315032959e-01,2.650711834430694580e-01,7.907243818044662476e-02,2.958885729312896729e-01,6.523017585277557373e-02,1.414820849895477295e-01,-1.013760268688201904e-02,2.292702049016952515e-01,6.405970454216003418e-02,2.251313775777816772e-01,1.125481054186820984e-01,1.670801937580108643e-01,1.094182133674621582e-01,2.378083914518356323e-01,1.800547689199447632e-01,1.589370220899581909e-01,1.102004647254943848e-01,2.349220449104905128e-04,1.300336718559265137e-01,2.126838266849517822e-01,1.274297982454299927e-01
3.691950142383575439e-01,4.229125678539276123e-01,2.462950795888900757e-01,3.864825367927551270e-01,-8.449372649192810059e-02,-4.931014776229858398e-02,3.813781142234802246e-01,5.922397971153259277e-01,-6.152351200580596924e-02,-4.891452938318252563e-02,4.460609853267669678e-01,1.000000596046447754e+00,3.449716567993164062e-01,5.416533350944519043e-01,1.923626661300659180e-02,1.800220012664794922e-01,3.905878067016601562e-01,5.235307216644287109e-01,1.195903345942497253e-01,-2.266545221209526062e-02,2.351160198450088501e-01,2.699601352214813232e-01,2.648873627185821533e-01,3.335407078266143799e-01,1.331613957881927490e-02,-3.919465467333793640e-03,6.063109263777732849e-02,8.979456871747970581e-02,3.120532333850860596e-01,5.543864965438842773e-01,4.202321767807006836e-01,3.091917037963867188e-01,2.734763324260711670e-01,3.109409809112548828e-01,6.011028215289115906e-02,3.550263121724128723e-02,3.941799700260162354e-02,1.660268008708953857e-01,7.265678048133850098e-02,1.783260554075241089e-01,-6.388758309185504913e-03,1.625646501779556274e-01,-3.905977308750152588e-02,1.441565155982971191e-01,-1.275211125612258911e-01,-6.788686662912368774e-02,1.073361486196517944e-01,1.277326196432113647e-01,1.344078034162521362e-02,1.001744996756315231e-02,-5.963447690010070801e-02,9.851112030446529388e-03,-1.766531914472579956e-02,1.033283695578575134e-01,2.290310114622116089e-01,3.921294510364532471e-01,2.244619429111480713e-01,3.723992705345153809e-01,5.715623870491981506e-02,1.558149605989456177e-01,2.590063214302062988e-02,1.214313656091690063e-01,5.877024307847023010e-02,2.480342835187911987e-01,-1.462833285331726074e-01,1.765979379415512085e-01,1.493967324495315552e-01,1.788393408060073853e-01,-9.329420328140258789e-02,-1.235211789608001709e-01,2.269300222396850586e-01,1.611107736825942993e-01,2.080775052309036255e-01,2.879353761672973633e-01,3.046451210975646973e-01,2.782430946826934814e-01,1.680885404348373413e-01,2.289757579565048218e-01,3.056309819221496582e-01,2.345347404479980469e-01,2.689672112464904785e-01,4.917450249195098877e-01,2.950822934508323669e-02,2.507549822330474854e-01,1.890764534473419189e-01,3.057721853256225586e-01,-8.452080935239791870e-02,3.726674616336822510e-02,1.139912232756614685e-01,2.369206547737121582e-01,3.361425548791885376e-02,5.893455445766448975e-02,3.472398966550827026e-02,-4.443068057298660278e-02,1.192359328269958496e-01,8.558574318885803223e-02,2.885816395282745361e-01,3.457704782485961914e-01,2.462427318096160889e-01,2.510401010513305664e-01,6.587994098663330078e-02,-1.422106102108955383e-02,5.508628115057945251e-02,8.466529101133346558e-02,1.563331484794616699e-01,1.549466103315353394e-01,2.357530035078525543e-02,1.289151310920715332e-01,1.845865398645401001e-01,1.085721179842948914e-01,1.797528564929962158e-01,1.903063058853149414e-01,9.077269583940505981e-02,-1.447110157459974289e-02,1.376421302556991577e-01,2.312548607587814331e-01
3.873344659805297852e-01,7.585018128156661987e-02,2.753976285457611084e-01,2.976313531398773193e-01,6.013073027133941650e-02,-5.545996129512786865e-02,4.779565930366516113e-01,3.053859174251556396e-01,-3.520455583930015564e-02,-1.619397550821304321e-01,5.280790328979492188e-01,3.449716567993164062e-01,1.000000119209289551e+00,3.931566178798675537e-01,1.406285911798477173e-01,-3.612444177269935608e-02,4.797758162021636963e-01,1.777541786432266235e-01,7.775495201349258423e-02,-4.140972625464200974e-03,2.034197300672531128e-01,1.758392453193664551e-01,2.947987616062164307e-01,3.073142170906066895e-01,1.984515227377414703e-02,2.287641353905200958e-02,-2.317625330761075020e-03,5.245431791990995407e-03,5.883274674415588379e-01,3.590437471866607666e-01,4.062576889991760254e-01,2.938599884510040283e-01,1.177289336919784546e-02,4.724790155887603760e-02,-5.193105316720902920e-04,-5.063788220286369324e-02,9.444024413824081421e-02,5.973799154162406921e-03,9.795614331960678101e-02,-8.692284673452377319e-02,4.146181792020797729e-02,1.547110266983509064e-03,-4.037204384803771973e-02,3.648938611149787903e-02,-1.118729338049888611e-01,5.278188362717628479e-02,4.668993502855300903e-02,2.403523959219455719e-02,7.587483525276184082e-02,5.696573108434677124e-02,1.105624511837959290e-01,-4.123542085289955139e-02,2.255050390958786011e-01,1.412524841725826263e-02,2.783392369747161865e-01,5.769613385200500488e-02,3.237834572792053223e-01,8.344305306673049927e-02,1.335952728986740112e-01,5.404036119580268860e-02,3.682918474078178406e-02,-6.388439238071441650e-02,1.274000853300094604e-01,3.180591017007827759e-02,-1.054935157299041748e-02,5.029208958148956299e-02,3.969599306583404541e-02,1.783626526594161987e-02,6.579147279262542725e-02,3.005096688866615295e-02,3.069667816162109375e-01,2.638653814792633057e-01,3.253309130668640137e-01,2.214623838663101196e-01,2.679496705532073975e-01,1.804647147655487061e-01,1.376507133245468140e-01,1.197801977396011353e-01,3.045634627342224121e-01,1.650682091712951660e-01,4.621098637580871582e-01,2.343533039093017578e-01,2.212066948413848877e-01,2.091457135975360870e-02,4.199525415897369385e-01,8.887363970279693604e-02,-4.340029554441571236e-04,-5.547755584120750427e-02,2.911376953125000000e-01,2.108738757669925690e-03,1.170718893408775330e-01,-3.420595824718475342e-02,8.887521177530288696e-02,3.481815103441476822e-03,9.497755020856857300e-02,-7.301484700292348862e-03,2.765131592750549316e-01,6.592832505702972412e-02,1.730726808309555054e-01,2.529712021350860596e-02,1.007984057068824768e-01,2.903063409030437469e-02,1.669391095638275146e-01,4.481452330946922302e-02,1.531454771757125854e-01,8.154763281345367432e-02,-1.782812294550240040e-03,9.492246061563491821e-02,1.475187838077545166e-01,9.902080893516540527e-02,1.745342463254928589e-01,6.325095146894454956e-02,-1.261046230792999268e-01,3.369011357426643372e-02,8.223704993724822998e-02,3.801802173256874084e-02
