9.999997615814208984e-01,5.103923678398132324e-01,2.142218202352523804e-01,3.035332858562469482e-01,-7.999288290739059448e-02,-9.972027689218521118e-02,2.842409610748291016e-01,2.883955240249633789e-01,-2.935049682855606079e-02,-1.641379892826080322e-01,3.743439912796020508e-01,3.318763375282287598e-01,3.394992053508758545e-01,4.119013249874114990e-02,8.933442085981369019e-02,-1.320120096206665039e-01,5.029464960098266602e-01,3.306552469730377197e-01,1.382537931203842163e-01,1.620360016822814941e-01,9.990679472684860229e-02,1.962465792894363403e-01,2.168025970458984375e-01,1.643815934658050537e-01,-1.094989404082298279e-01,9.006195701658725739e-03,-5.513934418559074402e-03,-3.142528235912322998e-02,3.141410052776336670e-01,2.069555371999740601e-01,1.859248131513595581e-01,1.659304648637771606e-01,2.254156023263931274e-01,2.724488973617553711e-01,9.613275527954101562e-02,4.462482035160064697e-02,2.108383178710937500e-01,-9.197548963129520416e-03,1.638381779193878174e-01,7.353295385837554932e-02,4.504973813891410828e-02,-1.091565191745758057e-02,1.597885787487030029e-01,1.954122036695480347e-01,9.482156485319137573e-03,2.101856172084808350e-01,1.381311118602752686e-01,2.235231548547744751e-01,-9.886255487799644470e-03,1.382025778293609619e-01,8.245137333869934082e-02,1.888845115900039673e-01,6.039915606379508972e-02,4.168515652418136597e-02,3.383105099201202393e-01,3.368189632892608643e-01,6.556600928306579590e-01,5.304420590400695801e-01,2.115621864795684814e-01,1.911673098802566528e-01,4.151955842971801758e-01,3.248742818832397461e-01,4.142051339149475098e-01,3.835878670215606689e-01,4.227938055992126465e-01,2.893052995204925537e-01,3.771341741085052490e-01,3.822665810585021973e-01,1.457826644182205200e-01,1.746187061071395874e-01,3.964110612869262695e-01,4.095501899719238281e-01,1.926022320985794067e-01,2.827916443347930908e-01,1.018894761800765991e-01,2.781353294849395752e-01,3.054891824722290039e-01,8.952512592077255249e-02,3.263138234615325928e-01,6.327905505895614624e-02,5.284444093704223633e-01,3.571170270442962646e-01,-3.646592795848846436e-02,-1.599681228399276733e-01,4.772668480873107910e-01,3.519386649131774902e-01,-5.882400274276733398e-02,-1.652226597070693970e-01,1.668815314769744873e-01,7.029110938310623169e-02,1.297871768474578857e-01,6.653752177953720093e-02,-4.168715700507164001e-02,-1.552388072013854980e-01,3.155868649482727051e-01,2.553375661373138428e-01,1.502274125814437866e-01,3.780767023563385010e-01,2.101615369319915771e-01,3.240012824535369873e-01,1.992278993129730225e-01,1.644056737422943115e-01,2.643519937992095947e-01,1.889517605304718018e-01,2.289543300867080688e-01,1.353183388710021973e-01,1.132554635405540466e-01,8.128866553306579590e-02,2.027875781059265137e-01,2.767516076564788818e-01,1.219059079885482788e-01,1.554033458232879639e-01,2.397236377000808716e-01,2.248994708061218262e-01,1.816945374011993408e-01,1.352833807468414307e-01
5.103923678398132324e-01,1.000000238418579102e+00,9.512173384428024292e-02,3.607513308525085449e-01,-1.582915931940078735e-01,-5.320620909333229065e-02,2.714493572711944580e-01,3.889474868774414062e-01,-8.072430640459060669e-02,-1.149167772382497787e-02,3.730082809925079346e-01,4.920890927314758301e-01,2.807340025901794434e-01,2.770365476608276367e-01,6.584986299276351929e-02,6.308485567569732666e-02,3.832086920738220215e-01,4.609088301658630371e-01,8.082896471023559570e-02,1.105269491672515869e-01,1.889986693859100342e-01,2.726351022720336914e-01,8.833880722522735596e-02,1.032146215438842773e-01,-1.233293637633323669e-01,-3.471870906651020050e-03,-1.154780387878417969e-01,-5.066532269120216370e-02,3.160673081874847412e-01,3.811597824096679688e-01,1.244102418422698975e-01,1.708527058362960815e-01,1.887063384056091309e-01,2.093065530061721802e-01,1.420356184244155884e-01,9.233158826828002930e-02,2.434395700693130493e-01,1.996469348669052124e-01,6.518459320068359375e-02,1.570475250482559204e-01,1.304035037755966187e-01,1.326729208230972290e-01,9.800551831722259521e-02,1.139434128999710083e-01,2.854718267917633057e-02,2.097953557968139648e-01,6.681030243635177612e-02,1.979380697011947632e-01,-2.459707297384738922e-02,1.648166477680206299e-01,5.895397067070007324e-02,1.905849128961563110e-01,4.973388090729713440e-02,4.453154653310775757e-02,1.894443929195404053e-01,3.776630461215972900e-01,5.351126790046691895e-01,6.831461191177368164e-01,3.226589262485504150e-01,2.539006173610687256e-01,4.063175618648529053e-01,3.933021128177642822e-01,2.735902070999145508e-01,4.962106943130493164e-01,3.651087880134582520e-01,3.414592742919921875e-01,5.424859523773193359e-01,4.792548120021820068e-01,2.006845921277999878e-01,2.583578228950500488e-01,3.527193963527679443e-01,4.447721838951110840e-01,2.283967137336730957e-01,3.536531627178192139e-01,1.700837612152099609e-01,2.909693121910095215e-01,3.392104804515838623e-01,3.237243890762329102e-01,2.708226442337036133e-01,1.140735372900962830e-01,3.118093907833099365e-01,4.294343292713165283e-01,-1.293930858373641968e-01,-1.495789643377065659e-02,2.792748212814331055e-01,4.213400483131408691e-01,-1.407743096351623535e-01,-4.116002842783927917e-02,1.235626172274351120e-02,2.249259799718856812e-01,1.966682961210608482e-03,4.469355568289756775e-02,-1.017078757286071777e-01,-1.570009291172027588e-01,2.167969048023223877e-01,1.611576974391937256e-01,-1.246925350278615952e-02,3.125185370445251465e-01,1.175759285688400269e-01,2.982342839241027832e-01,6.446843594312667847e-02,1.341282278299331665e-01,1.112490221858024597e-01,1.522196382284164429e-01,2.495362758636474609e-01,2.010258734226226807e-01,3.137185052037239075e-02,6.440410763025283813e-02,1.615734696388244629e-01,1.960461884737014771e-01,4.490460827946662903e-02,1.137567907571792603e-01,1.508433520793914795e-01,2.173373997211456299e-01,2.481265366077423096e-01,2.109455317258834839e-01
2.142218202352523804e-01,9.512173384428024292e-02,1.000000119209289551e+00,6.727178692817687988e-01,-1.401635110378265381e-01,-2.488246709108352661e-01,6.570083498954772949e-01,4.265237450599670410e-01,-1.172634959220886230e-01,-3.042126297950744629e-01,2.288497984409332275e-01,1.103228181600570679e-01,2.454717606306076050e-01,4.252035915851593018e-02,-2.852872386574745178e-02,-1.046966388821601868e-01,3.951968625187873840e-02,1.135916039347648621e-01,4.017073512077331543e-01,2.731506228446960449e-01,1.946673095226287842e-01,1.910571008920669556e-01,5.809699296951293945e-01,5.308440923690795898e-01,8.191056549549102783e-02,7.763692736625671387e-02,1.356134116649627686e-01,3.381437063217163086e-02,1.796617507934570312e-01,1.626344323158264160e-01,3.384358584880828857e-01,2.883834540843963623e-01,2.387085705995559692e-01,2.691701650619506836e-01,5.765233188867568970e-02,3.643263131380081177e-02,1.458225101232528687e-01,3.552963957190513611e-02,2.271928191184997559e-01,1.522828340530395508e-01,5.789956822991371155e-02,1.481710560619831085e-02,7.744843512773513794e-02,3.871850669384002686e-02,6.699167937040328979e-02,-8.566576987504959106e-02,7.715744525194168091e-02,6.828989088535308838e-02,-2.101023867726325989e-02,-9.367125108838081360e-03,-2.010936476290225983e-02,-1.313854902982711792e-01,-1.861414313316345215e-02,-8.281493932008743286e-02,2.349036931991577148e-01,1.029249206185340881e-01,5.908091366291046143e-02,8.677403628826141357e-02,3.088933601975440979e-02,2.370045781135559082e-01,1.344032585620880127e-01,1.011851727962493896e-01,3.596825059503316879e-03,-3.020133823156356812e-02,-2.159324288368225098e-02,-2.514506280422210693e-01,1.131101548671722412e-01,3.008609451353549957e-02,2.250370383262634277e-01,2.762709259986877441e-01,2.505905330181121826e-01,2.155136764049530029e-01,6.421388685703277588e-02,3.775194287300109863e-02,7.457974553108215332e-02,1.162474304437637329e-01,1.050605997443199158e-01,8.612749725580215454e-02,8.910864591598510742e-02,9.874314814805984497e-02,5.393085256218910217e-02,1.557021029293537140e-02,-1.070182472467422485e-01,-1.740891486406326294e-01,5.076371505856513977e-02,-7.329797744750976562e-02,-2.733456790447235107e-01,-3.555492758750915527e-01,1.309098005294799805e-01,-1.095571904443204403e-03,2.286013811826705933e-01,5.874224752187728882e-02,-6.949689239263534546e-02,-1.833470165729522705e-01,2.935359776020050049e-01,2.082081288099288940e-01,3.196233212947845459e-01,2.521477639675140381e-01,2.745870947837829590e-01,1.848813742399215698e-01,2.824138291180133820e-02,-1.263638138771057129e-01,9.611526876688003540e-02,-2.685968764126300812e-02,1.025276258587837219e-01,8.604569733142852783e-02,4.431243985891342163e-02,1.812350749969482422e-01,1.862718909978866577e-01,1.806038767099380493e-01,1.785212308168411255e-01,2.691839635372161865e-01,1.754207164049148560e-01,2.114914953708648682e-01,1.375803649425506592e-01,3.037151992321014404e-01
3.035332858562469482e-01,3.607513308525085449e-01,6.727178692817687988e-01,1.000000596046447754e+00,-2.736680209636688232e-01,-2.001255154609680176e-01,6.047073006629943848e-01,6.404451727867126465e-01,-2.077355086803436279e-01,-1.904245913028717041e-01,3.645324707031250000e-01,3.607403337955474854e-01,3.390387296676635742e-01,3.395727276802062988e-01,-4.769504070281982422e-02,2.183492481708526611e-02,1.864082217216491699e-01,2.898654341697692871e-01,2.876303195953369141e-01,2.084966897964477539e-01,2.554557621479034424e-01,3.137089610099792480e-01,4.773081243038177490e-01,5.149871110916137695e-01,-7.933081127703189850e-03,7.675892114639282227e-02,3.229013830423355103e-02,7.203885912895202637e-02,2.967607975006103516e-01,3.364110291004180908e-01,3.263969123363494873e-01,3.402729034423828125e-01,2.930717170238494873e-01,3.588112592697143555e-01,1.733727902173995972e-01,1.070125028491020203e-01,2.243816405534744263e-01,1.170287728309631348e-01,1.911377757787704468e-01,2.470402270555496216e-01,4.762610048055648804e-02,-2.520503709092736244e-03,1.257446408271789551e-01,1.216146722435951233e-01,6.107892841100692749e-02,1.046528946608304977e-02,9.436764568090438843e-02,1.556139886379241943e-01,-4.071785509586334229e-02,5.433096736669540405e-02,5.098798498511314392e-02,4.955072421580553055e-03,-1.495472900569438934e-02,-3.997518680989742279e-03,2.492569386959075928e-01,2.858216166496276855e-01,2.202164977788925171e-01,3.026805818080902100e-01,1.242984011769294739e-01,2.256641536951065063e-01,2.542397379875183105e-01,2.647711038589477539e-01,1.190809253603219986e-02,1.827324628829956055e-01,1.130668967962265015e-01,-6.248788535594940186e-02,3.510263562202453613e-01,2.284166961908340454e-01,2.346669584512710571e-01,2.725567221641540527e-01,3.323635458946228027e-01,3.963264822959899902e-01,1.341104656457901001e-01,1.377436816692352295e-01,1.097823902964591980e-01,1.866057217121124268e-01,1.863140314817428589e-01,1.739250421524047852e-01,1.332290023565292358e-01,1.405123621225357056e-01,1.823564767837524414e-01,2.352747917175292969e-01,-1.788724511861801147e-01,-7.010246068239212036e-02,1.243646517395973206e-01,1.539788544178009033e-01,-3.548240065574645996e-01,-3.016405999660491943e-01,3.698750585317611694e-02,1.449673920869827271e-01,9.996783733367919922e-02,7.881990820169448853e-02,-1.487933993339538574e-01,-2.375765740871429443e-01,3.506585657596588135e-01,3.441224694252014160e-01,1.993095874786376953e-01,3.658331036567687988e-01,2.881197631359100342e-01,2.886395454406738281e-01,-2.787603810429573059e-02,-8.352965861558914185e-02,5.711282417178153992e-02,1.006157719530165195e-03,1.973907798528671265e-01,1.445165276527404785e-01,5.772406235337257385e-02,1.805596947669982910e-01,2.786501646041870117e-01,3.381782770156860352e-01,1.508968025445938110e-01,2.388089001178741455e-01,2.448617964982986450e-01,2.912711501121520996e-01,2.204723358154296875e-01,3.268825113773345947e-01
-7.999288290739059448e-02,-1.582915931940078735e-01,-1.401635110378265381e-01,-2.736680209636688232e-01,1.000000119209289551e+00,5.607689619064331055e-01,5.165263265371322632e-02,-1.658582687377929688e-01,6.234652400016784668e-01,4.201881289482116699e-01,-6.455085426568984985e-02,-1.708493083715438843e-01,7.005929201841354370e-02,-3.103283606469631195e-02,3.302070200443267822e-01,2.243371605873107910e-01,-4.919050633907318115e-02,-1.306730359792709351e-01,-1.410634219646453857e-01,-1.261729598045349121e-01,-4.754225164651870728e-02,-2.111705094575881958e-01,-1.436070632189512253e-02,-9.861848317086696625e-03,5.490947365760803223e-01,3.488596677780151367e-01,6.528311371803283691e-01,4.136194288730621338e-01,-1.248822361230850220e-02,-2.817616760730743408e-01,2.364702820777893066e-01,1.398644447326660156e-01,-4.942620545625686646e-02,-9.154698997735977173e-02,2.142534963786602020e-02,5.120908096432685852e-02,-1.037323251366615295e-01,-5.389291793107986450e-02,2.912373840808868408e-02,-1.003692895174026489e-01,7.426546514034271240e-02,-1.369873285293579102e-01,-5.242253467440605164e-02,-1.353771239519119263e-01,-9.814801160246133804e-04,-1.387170404195785522e-01,-1.061289310455322266e-01,-2.424125522375106812e-01,7.799587398767471313e-02,-7.815477997064590454e-02,-1.140490472316741943e-01,-1.978235095739364624e-01,-4.166843742132186890e-02,-5.447005480527877808e-02,-3.479182347655296326e-02,-2.528765797615051270e-01,3.147030621767044067e-02,-7.029678672552108765e-02,1.051340103149414062e-01,2.529236674308776855e-01,-1.120220869779586792e-02,-1.072652563452720642e-01,-3.155672922730445862e-03,-1.324862390756607056e-01,-1.636400371789932251e-01,-1.304060965776443481e-01,-6.587169319391250610e-02,-7.737851142883300781e-02,-1.755829751491546631e-01,-1.093616783618927002e-01,-1.342890560626983643e-01,-2.397024780511856079e-01,4.653807729482650757e-02,-1.688929945230484009e-01,6.469352543354034424e-02,2.572125056758522987e-03,-6.091571599245071411e-02,5.984612554311752319e-02,-5.774341523647308350e-02,-2.675389125943183899e-02,5.092173442244529724e-02,-2.526536397635936737e-02,5.456418395042419434e-01,1.558097004890441895e-01,1.184518784284591675e-01,-6.245931982994079590e-02,5.230489969253540039e-01,3.353207707405090332e-01,3.869450092315673828e-01,1.361636519432067871e-01,1.296331286430358887e-01,-4.454488400369882584e-03,1.785951554775238037e-01,3.535191714763641357e-01,-1.845716238021850586e-01,-2.035894244909286499e-01,1.378732025623321533e-01,-2.364836037158966064e-01,-1.874966770410537720e-01,-2.776153683662414551e-01,1.978281587362289429e-01,2.447516620159149170e-01,2.146746367216110229e-01,2.898018360137939453e-01,9.512691199779510498e-02,9.848446398973464966e-02,1.732444763183593750e-01,1.198986992239952087e-01,-3.779348358511924744e-02,-1.425206363201141357e-01,9.703431278467178345e-02,2.426270954310894012e-02,-1.455822736024856567e-01,-1.165170297026634216e-01,-1.673177070915699005e-02,1.167022511363029480e-01
-9.972027689218521118e-02,-5.320620909333229065e-02,-2.488246709108352661e-01,-2.001255154609680176e-01,5.607689619064331055e-01,1.000000357627868652e+00,-8.895542472600936890e-02,5.763781815767288208e-02,3.047175407409667969e-01,7.018294930458068848e-01,-3.203410208225250244e-01,-9.568709135055541992e-02,-1.508345603942871094e-01,2.071764469146728516e-01,7.274278253316879272e-02,3.164617121219635010e-01,-1.507710367441177368e-01,-1.642540693283081055e-01,-2.049134671688079834e-01,-1.049953550100326538e-01,-1.557674556970596313e-01,-9.107375144958496094e-02,5.831015296280384064e-03,1.092546880245208740e-01,5.518354773521423340e-01,5.723778605461120605e-01,4.557635188102722168e-01,6.673289537429809570e-01,-2.115713655948638916e-01,-1.179852485656738281e-01,1.537132710218429565e-01,2.718156874179840088e-01,-3.179340809583663940e-02,-3.418267518281936646e-02,1.068450435996055603e-01,1.746815443038940430e-01,-2.295124083757400513e-01,-8.301756344735622406e-03,-7.640843093395233154e-02,1.331120133399963379e-01,1.428038626909255981e-01,3.249719366431236267e-02,-1.203353032469749451e-01,-8.751622587442398071e-02,-8.797366917133331299e-02,-1.266339719295501709e-01,-1.984321475028991699e-01,-1.266318112611770630e-01,1.114311255514621735e-02,-1.025076583027839661e-01,-1.285591870546340942e-01,-1.636218428611755371e-01,-1.053018029779195786e-02,2.947765588760375977e-01,-1.620627641677856445e-01,-2.583691664040088654e-02,1.019939258694648743e-01,-2.826909907162189484e-02,2.194420993328094482e-01,8.559294044971466064e-02,-2.043821476399898529e-02,-1.660760790109634399e-01,-3.651381283998489380e-02,1.859746575355529785e-01,-7.544976472854614258e-02,-1.182975396513938904e-01,-6.695835292339324951e-02,-9.408073872327804565e-02,-9.412243962287902832e-02,-1.233033090829849243e-01,-1.563645303249359131e-01,-9.377136081457138062e-02,-3.770877793431282043e-02,-5.056191608309745789e-02,5.463616177439689636e-02,5.358560010790824890e-02,-6.350689381361007690e-02,1.399208903312683105e-01,-2.735274471342563629e-02,-7.377374172210693359e-02,-1.490725725889205933e-01,2.754475548863410950e-02,2.157285064458847046e-01,3.557735383510589600e-01,-7.854946702718734741e-02,7.290235161781311035e-02,2.995599210262298584e-01,4.666108191013336182e-01,5.051159765571355820e-03,2.637463212013244629e-01,-1.269609034061431885e-01,-5.905523151159286499e-02,-9.509152173995971680e-02,2.051617205142974854e-01,-2.778050899505615234e-01,-2.828075587749481201e-01,5.171611532568931580e-02,-9.438586235046386719e-02,-3.171479105949401855e-01,-2.051188051700592041e-01,-3.633818030357360840e-02,1.615552604198455811e-01,-3.583028540015220642e-02,1.149526461958885193e-01,2.175832912325859070e-02,1.591556817293167114e-01,2.977569028735160828e-02,9.754290431737899780e-02,-1.347612440586090088e-01,1.629036106169223785e-02,2.765423655509948730e-01,7.703078538179397583e-02,-1.911911219358444214e-01,-1.423248499631881714e-01,-3.572164475917816162e-02,-6.509277224540710449e-02
2.842409610748291016e-01,2.714493572711944580e-01,6.570083498954772949e-01,6.047073006629943848e-01,5.165263265371322632e-02,-8.895542472600936890e-02,9.999995827674865723e-01,4.947794973850250244e-01,2.975562773644924164e-02,-1.707071065902709961e-01,3.380368649959564209e-01,2.617120444774627686e-01,3.941366672515869141e-01,1.921663731336593628e-01,4.315819218754768372e-02,-6.384965032339096069e-02,1.439301371574401855e-01,2.314629256725311279e-01,1.935652494430541992e-01,1.120124906301498413e-01,1.741606146097183228e-01,1.874302327632904053e-01,5.781463384628295898e-01,4.879453778266906738e-01,1.650090217590332031e-01,1.107680052518844604e-01,2.735765278339385986e-01,1.434621512889862061e-01,2.402864992618560791e-01,1.869139820337295532e-01,4.474504292011260986e-01,3.958196938037872314e-01,3.271926343441009521e-01,3.703741729259490967e-01,9.595223516225814819e-02,3.234098851680755615e-02,1.518616229295730591e-01,9.201337397098541260e-02,1.371600776910781860e-01,1.597470343112945557e-01,6.336709856986999512e-02,7.698743604123592377e-03,1.019572373479604721e-02,9.334634989500045776e-03,4.593128338456153870e-02,-6.240702793002128601e-02,-6.827335804700851440e-02,-5.197101458907127380e-02,-2.558298408985137939e-02,-2.588905161246657372e-03,-6.274579465389251709e-02,-1.324255615472793579e-01,-4.907998815178871155e-02,-3.362292423844337463e-02,2.517768740653991699e-01,1.222975254058837891e-01,2.512199580669403076e-01,2.181803584098815918e-01,1.459139883518218994e-01,3.706914484500885010e-01,2.127357572317123413e-01,1.512554287910461426e-01,1.610587239265441895e-01,1.336794048547744751e-01,4.091652110219001770e-02,-1.841777265071868896e-01,1.709349900484085083e-01,7.423993200063705444e-02,5.710203200578689575e-02,1.686028540134429932e-01,2.928412258625030518e-01,2.630508542060852051e-01,1.268288493156433105e-01,1.004329621791839600e-01,1.499244719743728638e-01,1.921188086271286011e-01,1.162910461425781250e-01,1.268299072980880737e-01,1.159628629684448242e-01,1.164689436554908752e-01,1.895973086357116699e-01,1.369407474994659424e-01,3.467491269111633301e-02,-1.132610663771629333e-01,1.575786471366882324e-01,2.113891392946243286e-02,-1.080228537321090698e-01,-1.904993057250976562e-01,2.694935798645019531e-01,1.530366539955139160e-01,2.655841112136840820e-01,6.079582497477531433e-02,-1.403412818908691406e-01,-1.643635928630828857e-01,2.227485477924346924e-01,1.944442540407180786e-01,2.253240793943405151e-01,2.060386389493942261e-01,1.897509992122650146e-01,1.218580752611160278e-01,2.505931071937084198e-02,-2.066102065145969391e-02,1.685531735420227051e-01,7.630141824483871460e-02,2.236283421516418457e-01,1.983906328678131104e-01,1.278682202100753784e-01,1.944725066423416138e-01,2.736029028892517090e-01,2.346161007881164551e-01,1.720439046621322632e-01,2.113387286663055420e-01,9.935315698385238647e-02,1.114809066057205200e-01,1.425292193889617920e-01,2.945770025253295898e-01
2.883955240249633789e-01,3.889474868774414062e-01,4.265237450599670410e-01,6.404451727867126465e-01,-1.658582687377929688e-01,5.763781815767288208e-02,4.947794973850250244e-01,9.999998211860656738e-01,-1.436751186847686768e-01,1.001828014850616455e-01,2.551988065242767334e-01,4.085953235626220703e-01,2.634362876415252686e-01,5.219097733497619629e-01,-1.066967993974685669e-01,1.242119371891021729e-01,1.571363508701324463e-01,2.508704662322998047e-01,1.025468409061431885e-01,1.118918359279632568e-01,1.215945705771446228e-01,2.059899121522903442e-01,4.419729709625244141e-01,4.834991395473480225e-01,1.304993927478790283e-01,2.344712466001510620e-01,7.721087336540222168e-02,2.566595971584320068e-01,2.045978605747222900e-01,2.856761813163757324e-01,1.897329986095428467e-01,3.340206742286682129e-01,1.719955056905746460e-01,2.663806080818176270e-01,1.220466122031211853e-01,1.680338978767395020e-01,1.793147474527359009e-01,1.507975608110427856e-01,6.315608322620391846e-02,2.120217978954315186e-01,8.440285176038742065e-02,-2.030802890658378601e-02,9.877732023596763611e-03,4.224712401628494263e-02,7.322333753108978271e-02,2.022632397711277008e-02,-9.256038814783096313e-02,1.039175242185592651e-01,3.246139362454414368e-02,3.359268605709075928e-02,9.021207690238952637e-03,-5.523124337196350098e-02,-3.619793057441711426e-02,2.112837284803390503e-01,1.269669085741043091e-01,3.834895491600036621e-01,2.807123064994812012e-01,3.617186844348907471e-01,3.261226415634155273e-01,2.580265998840332031e-01,2.197317630052566528e-01,2.446536123752593994e-01,1.194501072168350220e-01,4.516775310039520264e-01,7.534990459680557251e-02,-7.845664769411087036e-02,2.826607823371887207e-01,1.833639740943908691e-01,1.345769166946411133e-01,1.530753523111343384e-01,2.477587610483169556e-01,3.526440560817718506e-01,1.109457835555076599e-01,1.028010919690132141e-01,8.366233110427856445e-02,1.056798920035362244e-01,2.173245996236801147e-01,2.107137590646743774e-01,1.764072179794311523e-01,1.024477705359458923e-01,1.146669685840606689e-01,2.796057760715484619e-01,-1.663699150085449219e-01,1.017483547329902649e-01,5.560317635536193848e-02,2.266883552074432373e-01,-2.485012412071228027e-01,-5.315439775586128235e-02,4.800773225724697113e-03,3.655310571193695068e-01,-5.815878510475158691e-02,8.683175593614578247e-02,-3.293627500534057617e-01,-2.970243692398071289e-01,1.551889032125473022e-01,2.381262779235839844e-01,7.764101494103670120e-03,3.061479330062866211e-01,2.862945199012756348e-02,1.464678645133972168e-01,-1.028799116611480713e-01,-9.022427350282669067e-02,-3.163890913128852844e-03,1.463207509368658066e-02,1.426772922277450562e-01,1.485127508640289307e-01,7.894396781921386719e-03,1.547851115465164185e-01,1.694611757993698120e-01,3.284504413604736328e-01,1.691635549068450928e-01,1.479124575853347778e-01,-1.944845169782638550e-02,7.926607877016067505e-02,1.812888085842132568e-01,1.807055026292800903e-01
-2.935049682855606079e-02,-8.072430640459060669e-02,-1.172634959220886230e-01,-2.077355086803436279e-01,6.234652400016784668e-01,3.047175407409667969e-01,2.975562773644924164e-02,-1.436751186847686768e-01,1.000000476837158203e+00,4.366807341575622559e-01,1.650073230266571045e-01,6.759349256753921509e-02,3.168951869010925293e-01,-4.541499540209770203e-02,6.920787096023559570e-01,4.134173989295959473e-01,6.257688999176025391e-02,5.448905285447835922e-03,-7.877252995967864990e-02,-1.348690390586853027e-01,8.398869633674621582e-02,-1.010493561625480652e-01,-2.339871376752853394e-01,-2.353005558252334595e-01,2.746433317661285400e-01,1.216436773538589478e-01,3.815929889678955078e-01,5.195982754230499268e-02,2.801220417022705078e-01,-3.926224261522293091e-02,7.326139509677886963e-02,-9.630846977233886719e-02,-3.261665580794215202e-03,-4.865755140781402588e-02,-3.470696508884429932e-02,-3.212981671094894409e-02,-6.400689482688903809e-02,-3.422376886010169983e-02,6.494065746665000916e-03,-1.710555702447891235e-01,-5.214887484908103943e-02,-1.483506411314010620e-01,-5.463515967130661011e-02,-1.703729033470153809e-01,-1.151314936578273773e-02,-1.613899916410446167e-01,-1.311235129833221436e-01,-3.035349547863006592e-01,4.631940741091966629e-03,-1.138787120580673218e-01,-2.164045125246047974e-01,-2.667275071144104004e-01,-1.935115903615951538e-01,-2.469989359378814697e-01,2.105948887765407562e-02,-1.811615824699401855e-01,1.898219063878059387e-02,7.243812829256057739e-02,1.322665959596633911e-01,2.970942258834838867e-01,1.202135831117630005e-01,1.241825819015502930e-01,1.579602211713790894e-01,-1.214257255196571350e-01,-1.266136616468429565e-01,-6.518859416246414185e-02,-1.719235256314277649e-02,-1.820716657675802708e-03,-1.671347767114639282e-01,-1.199379786849021912e-01,4.813008010387420654e-02,-8.211278170347213745e-02,1.370015442371368408e-01,2.330904826521873474e-02,1.628514230251312256e-01,7.893583178520202637e-02,6.812038272619247437e-02,-2.869455888867378235e-02,-1.449900269508361816e-01,-3.222691640257835388e-02,1.728363931179046631e-01,1.045674309134483337e-01,6.565923094749450684e-01,2.913058996200561523e-01,1.611247211694717407e-01,-2.546528726816177368e-02,5.511969327926635742e-01,2.616874277591705322e-01,4.594463706016540527e-01,6.093098968267440796e-02,2.875796854496002197e-01,3.540622815489768982e-02,2.186291962862014771e-01,2.681693434715270996e-01,1.501431595534086227e-02,-7.368118315935134888e-02,-3.127821162343025208e-02,-2.910168766975402832e-01,-1.157839596271514893e-01,-2.343749254941940308e-01,1.416649371385574341e-01,2.272165864706039429e-01,1.348961144685745239e-01,2.432128638029098511e-01,-1.220713332295417786e-01,-1.654773056507110596e-01,-3.018749644979834557e-03,-4.880499094724655151e-02,2.196241915225982666e-02,-6.581559777259826660e-02,-1.770343333482742310e-01,-1.603202894330024719e-02,-1.932992599904537201e-02,8.636961691081523895e-03,-8.240336924791336060e-02,8.493191003799438477e-02
-1.641379892826080322e-01,-1.149167772382497787e-02,-3.042126297950744629e-01,-1.904245913028717041e-01,4.201881289482116699e-01,7.018294930458068848e-01,-1.707071065902709961e-01,1.001828014850616455e-01,4.366807341575622559e-01,9.999998211860656738e-01,-1.933074444532394409e-01,4.869488626718521118e-02,-8.273511379957199097e-02,3.006007969379425049e-01,2.798579931259155273e-01,6.151748299598693848e-01,-1.336133331060409546e-01,-4.898080602288246155e-02,-1.592957675457000732e-01,-1.045247018337249756e-01,-7.655263692140579224e-02,-1.395309623330831528e-02,-2.379990071058273315e-01,-1.428886950016021729e-01,4.332394897937774658e-01,4.225494265556335449e-01,2.484535127878189087e-01,3.955825567245483398e-01,-4.361020773649215698e-02,3.823860734701156616e-02,-5.930701270699501038e-02,5.148079991340637207e-02,-9.241850674152374268e-02,-1.183502376079559326e-01,4.325769469141960144e-02,1.093086376786231995e-01,-2.153353840112686157e-01,8.355212956666946411e-02,-1.608261018991470337e-01,7.276209443807601929e-02,6.325083971023559570e-02,2.462293719872832298e-03,-1.838507950305938721e-01,-2.305364310741424561e-01,-1.380842328071594238e-01,-2.137184739112854004e-01,-2.939126789569854736e-01,-2.232228219509124756e-01,-9.835144877433776855e-02,-1.926845461130142212e-01,-2.621706724166870117e-01,-2.670826017856597900e-01,-1.923153698444366455e-01,1.796714365482330322e-01,-2.409769445657730103e-01,4.908196628093719482e-02,4.007539153099060059e-02,2.373057417571544647e-02,2.990589141845703125e-01,9.981323033571243286e-02,6.748025864362716675e-02,-1.410359516739845276e-02,-2.720398129895329475e-03,1.882327049970626831e-01,-9.562940895557403564e-02,-7.193978130817413330e-02,-4.556199535727500916e-02,-1.074559539556503296e-01,-6.438178569078445435e-02,-1.622325778007507324e-01,-1.755920201539993286e-01,-8.887256681919097900e-02,-5.961064994335174561e-02,-4.156795144081115723e-02,6.829141080379486084e-02,-2.949504926800727844e-02,-7.399154454469680786e-02,8.367711305618286133e-02,-9.782842546701431274e-02,-5.152155831456184387e-02,-1.308602243661880493e-01,1.587914675474166870e-01,2.789433896541595459e-01,5.662539601325988770e-01,-1.267738044261932373e-01,1.241824850440025330e-01,3.399671018123626709e-01,5.345585346221923828e-01,1.517284847795963287e-02,3.420804738998413086e-01,-1.025643125176429749e-01,7.757106423377990723e-02,-7.342132180929183960e-02,2.692565023899078369e-01,-2.387123852968215942e-01,-2.323170155286788940e-01,-1.578167676925659180e-01,-2.018869966268539429e-01,-3.645323812961578369e-01,-2.077878266572952271e-01,-9.302415698766708374e-02,1.972178667783737183e-01,-9.587968140840530396e-02,1.620402932167053223e-01,-9.351585805416107178e-02,1.745230145752429962e-02,-1.452035754919052124e-01,-1.928355731070041656e-02,-1.494345813989639282e-01,-5.906888283789157867e-03,1.407093461602926254e-02,-2.268419414758682251e-02,-2.011664658784866333e-01,-8.666834235191345215e-02,-2.390856668353080750e-02,-2.812131494283676147e-02
3.743439912796020508e-01,3.730082809925079346e-01,2.288497984409332275e-01,3.645324707031250000e-01,-6.455085426568984985e-02,-3.203410208225250244e-01,3.380368649959564209e-01,2.551988065242767334e-01,1.650073230266571045e-01,-1.933074444532394409e-01,9.999997615814208984e-01,5.142547488212585449e-01,5.897409319877624512e-01,2.598779499530792236e-01,3.218677937984466553e-01,1.044833585619926453e-01,6.258135437965393066e-01,5.764515399932861328e-01,2.332686483860015869e-01,1.314707696437835693e-01,3.156030476093292236e-01,2.287095189094543457e-01,-2.162800170481204987e-02,1.040267013013362885e-02,-2.063444703817367554e-01,-1.802064031362533569e-01,-2.725015208125114441e-02,-2.099965363740921021e-01,6.054524779319763184e-01,3.433409929275512695e-01,4.611551761627197266e-02,-2.084990404546260834e-02,9.991276264190673828e-02,1.174391135573387146e-01,-8.793747425079345703e-02,-1.540755331516265869e-01,2.501801252365112305e-01,7.346961647272109985e-02,6.336925923824310303e-02,-4.957574978470802307e-02,-9.100461751222610474e-02,-1.223923340439796448e-01,1.081134080886840820e-01,-2.695807069540023804e-02,-4.799073934555053711e-02,8.078904822468757629e-03,1.315735727548599243e-01,5.055448040366172791e-02,-6.798715144395828247e-02,8.322430402040481567e-02,3.362462297081947327e-02,5.135236307978630066e-02,-1.014593616127967834e-01,-3.284859061241149902e-01,1.890874803066253662e-01,1.166773736476898193e-01,3.116932213306427002e-01,4.053615629673004150e-01,8.353264629840850830e-02,1.834151744842529297e-01,3.452661931514739990e-01,3.444406986236572266e-01,1.181326657533645630e-01,4.857449233531951904e-02,2.919901311397552490e-01,2.507771253585815430e-01,2.920345067977905273e-01,2.191611975431442261e-01,1.331341862678527832e-01,1.127096414566040039e-01,3.395575582981109619e-01,3.022553920745849609e-01,3.117988705635070801e-01,1.733046174049377441e-01,1.242361515760421753e-01,1.505014747381210327e-01,2.693680226802825928e-01,6.443072855472564697e-02,3.145126998424530029e-01,3.338167071342468262e-01,5.923764109611511230e-01,5.070554614067077637e-01,1.615334600210189819e-01,-8.095152676105499268e-02,5.457567572593688965e-01,3.872337043285369873e-01,-1.562160905450582504e-02,-2.320802211761474609e-01,3.685323596000671387e-01,1.110632270574569702e-01,1.603212356567382812e-01,1.422200649976730347e-01,1.499128937721252441e-01,6.834489293396472931e-03,3.451746702194213867e-01,3.626266717910766602e-01,-8.627475798130035400e-02,9.670417010784149170e-02,2.594060599803924561e-01,1.616004854440689087e-01,2.656338810920715332e-01,1.392229497432708740e-01,3.657471537590026855e-01,2.691873908042907715e-01,2.384024262428283691e-01,6.614138837903738022e-04,1.390032172203063965e-01,7.610042393207550049e-02,1.638663560152053833e-01,-7.524289656430482864e-03,-2.980590164661407471e-01,-8.329756557941436768e-03,2.081750929355621338e-01,2.698796987533569336e-01,2.113403081893920898e-01,3.097693026065826416e-01
3.318763375282287598e-01,4.920890927314758301e-01,1.103228181600570679e-01,3.607403337955474854e-01,-1.708493083715438843e-01,-9.568709135055541992e-02,2.617120444774627686e-01,4.085953235626220703e-01,6.759349256753921509e-02,4.869488626718521118e-02,5.142547488212585449e-01,1.000000119209289551e+00,4.049907326698303223e-01,4.986543357372283936e-01,2.008513957262039185e-01,1.988109201192855835e-01,3.350758552551269531e-01,5.334251523017883301e-01,8.397176861763000488e-02,6.137291342020034790e-02,1.525077372789382935e-01,2.385756224393844604e-01,-2.741302363574504852e-02,1.770979724824428558e-02,-2.058233320713043213e-01,-1.106332689523696899e-01,-4.992118850350379944e-02,-1.888453774154186249e-02,4.110657274723052979e-01,5.404546856880187988e-01,1.132776495069265366e-02,2.135222591459751129e-02,2.406709343194961548e-01,2.626470923423767090e-01,9.452506899833679199e-02,5.664020404219627380e-02,5.932939425110816956e-02,1.397885680198669434e-01,-9.490196593105792999e-03,1.270043700933456421e-01,-1.577110737562179565e-01,4.324758425354957581e-02,7.450477778911590576e-02,8.357076346874237061e-02,-2.939550019800662994e-02,-1.451282110065221786e-02,-7.021822035312652588e-02,-5.745202675461769104e-02,-8.917581290006637573e-02,-1.573008857667446136e-02,-3.497071936726570129e-02,2.903665788471698761e-02,-2.523282170295715332e-01,-1.698804646730422974e-01,9.074017405509948730e-02,2.642252147197723389e-01,2.814155220985412598e-01,5.050833821296691895e-01,1.716824769973754883e-01,1.136878728866577148e-01,3.310332298278808594e-01,3.945693075656890869e-01,4.887094348669052124e-02,2.917965054512023926e-01,2.418997287750244141e-01,2.419631183147430420e-01,3.627436459064483643e-01,2.522338032722473145e-01,8.832993358373641968e-02,6.734381616115570068e-02,2.995167970657348633e-01,4.290633201599121094e-01,2.046334296464920044e-01,4.172537624835968018e-01,2.772958576679229736e-01,3.993174731731414795e-01,2.208333462476730347e-01,1.181830391287803650e-01,4.971904307603836060e-02,7.724063098430633545e-02,3.677411377429962158e-01,5.773072838783264160e-01,2.413970418274402618e-02,1.802443861961364746e-01,2.425069957971572876e-01,4.158848524093627930e-01,-9.686087816953659058e-02,-6.028132513165473938e-02,8.041203767061233521e-02,1.864697933197021484e-01,-6.068496964871883392e-03,2.055378071963787079e-02,-7.006002217531204224e-02,-1.347381323575973511e-01,2.789719998836517334e-01,2.429612874984741211e-01,-1.457531005144119263e-01,1.491863131523132324e-01,1.045237109065055847e-01,1.873484402894973755e-01,8.499215543270111084e-02,1.023220345377922058e-01,1.072603836655616760e-01,1.311761438846588135e-01,1.736220270395278931e-01,4.447293654084205627e-02,4.213521629571914673e-02,1.299105882644653320e-01,1.752122342586517334e-01,2.705924510955810547e-01,-1.743609756231307983e-01,1.141174230724573135e-02,2.014533728361129761e-01,1.849083006381988525e-01,1.290158927440643311e-01,1.942558288574218750e-01
3.394992053508758545e-01,2.807340025901794434e-01,2.454717606306076050e-01,3.390387296676635742e-01,7.005929201841354370e-02,-1.508345603942871094e-01,3.941366672515869141e-01,2.634362876415252686e-01,3.168951869010925293e-01,-8.273511379957199097e-02,5.897409319877624512e-01,4.049907326698303223e-01,1.000000119209289551e+00,1.517274677753448486e-01,4.319688677787780762e-01,6.017326563596725464e-02,4.158502221107482910e-01,3.290622234344482422e-01,1.618115454912185669e-01,1.122379750013351440e-01,2.574537098407745361e-01,1.657660007476806641e-01,7.946163415908813477e-02,1.069565862417221069e-01,-9.620876610279083252e-02,-2.233887650072574615e-02,1.201057508587837219e-01,-6.449891626834869385e-02,4.581368863582611084e-01,2.964402735233306885e-01,1.844012141227722168e-01,1.409303396940231323e-01,1.482163816690444946e-01,1.931882649660110474e-01,-1.015473678708076477e-01,-1.148882359266281128e-01,1.504265964031219482e-01,2.361624687910079956e-02,4.155136272311210632e-02,-2.304690331220626831e-02,-7.730943709611892700e-02,-1.130138784646987915e-01,2.166502363979816437e-02,-6.924807280302047729e-02,7.012385129928588867e-02,5.191411077976226807e-02,-4.740875214338302612e-02,-5.609661713242530823e-02,5.227226763963699341e-02,6.889651715755462646e-02,-2.061280049383640289e-02,-2.096673287451267242e-02,-1.292123347520828247e-01,-1.842249929904937744e-01,2.775474190711975098e-01,1.388532370328903198e-01,2.362777441740036011e-01,2.702478468418121338e-01,1.675750464200973511e-01,2.020296603441238403e-01,2.483303695917129517e-01,3.160137832164764404e-01,2.033463120460510254e-01,6.766066700220108032e-02,1.421796083450317383e-01,1.293813884258270264e-01,2.503271102905273438e-01,1.542683094739913940e-01,1.196367889642715454e-01,1.036023497581481934e-01,4.461313784122467041e-01,3.910086750984191895e-01,1.895634531974792480e-01,2.387170940637588501e-01,1.660675406455993652e-01,2.678707540035247803e-01,2.807111144065856934e-01,8.757756650447845459e-02,1.618264764547348022e-01,1.337467879056930542e-01,4.321953952312469482e-01,2.466411292552947998e-01,3.497884571552276611e-01,5.384114384651184082e-02,4.297958612442016602e-01,1.584508866071701050e-01,1.632977426052093506e-01,-1.213773116469383240e-01,4.136912226676940918e-01,9.333272278308868408e-02,3.138088285923004150e-01,9.311366826295852661e-02,9.386201202869415283e-02,-3.767496347427368164e-02,3.908797502517700195e-01,3.288079500198364258e-01,-5.705108121037483215e-02,7.442418485879898071e-02,2.125703990459442139e-01,1.262632608413696289e-01,2.264007627964019775e-01,8.310250192880630493e-02,2.556815147399902344e-01,1.709221452474594116e-01,8.023041486740112305e-02,-3.105795755982398987e-02,6.992530822753906250e-02,5.198821425437927246e-02,2.940756976604461670e-01,2.303267419338226318e-01,-1.773100048303604126e-01,2.983327582478523254e-02,2.288484126329421997e-01,2.209496349096298218e-01,3.401971608400344849e-02,1.807124614715576172e-01
