1.000000238418579102e+00,3.651446402072906494e-01,3.094224333763122559e-01,1.615406572818756104e-01,7.931977510452270508e-02,4.637048766016960144e-02,3.595375120639801025e-01,4.955397918820381165e-02,-1.228525768965482712e-02,-9.206123650074005127e-02,2.704703509807586670e-01,7.517611980438232422e-02,1.833433657884597778e-01,-6.035658344626426697e-02,1.212443877011537552e-02,-1.058819293975830078e-01,5.878173932433128357e-02,-1.334768533706665039e-01,2.810900509357452393e-01,2.465362846851348877e-01,-5.650029052048921585e-03,-1.106562931090593338e-02,9.939949214458465576e-02,3.588640317320823669e-02,-1.116666290909051895e-02,-2.693872712552547455e-02,2.088813036680221558e-01,1.327766031026840210e-01,1.004210114479064941e-01,-5.473982170224189758e-02,-3.177817165851593018e-02,-8.366911113262176514e-02,1.437439620494842529e-01,3.367748856544494629e-02,-2.121029049158096313e-01,-2.688324153423309326e-01,-2.547673285007476807e-01,-2.846072316169738770e-01,-2.119787484407424927e-01,-2.483083903789520264e-01,-8.311618119478225708e-02,-1.367516163736581802e-02,-2.663317322731018066e-01,-3.480444848537445068e-01,-3.205769062042236328e-01,-3.591567575931549072e-01,-2.570479810237884521e-01,-3.114794492721557617e-01,-2.688254415988922119e-01,-3.033033013343811035e-01,-2.707988321781158447e-01,-3.781676292419433594e-01,-2.139666527509689331e-01,-2.918703258037567139e-01,-2.941862046718597412e-01,-3.336748778820037842e-01,6.551447510719299316e-01,2.705773711204528809e-01,4.088218212127685547e-01,3.523933291435241699e-01,2.255578190088272095e-01,1.134876087307929993e-01,8.771897107362747192e-02,-1.099230870604515076e-01,-3.670283406972885132e-02,-1.336977332830429077e-01,1.381088197231292725e-01,-3.902653232216835022e-02,5.051411390304565430e-01,3.549779951572418213e-01,1.045375540852546692e-01,8.314656466245651245e-02,-1.545030809938907623e-02,-1.676188260316848755e-01,1.338597238063812256e-01,-1.518693752586841583e-02,6.120741367340087891e-02,-9.222652763128280640e-03,-6.788071244955062866e-02,4.268571361899375916e-02,1.681747846305370331e-02,-2.574630081653594971e-01,-6.090868636965751648e-02,-7.266135513782501221e-02,-1.784774065017700195e-01,-3.462017178535461426e-01,-1.246609911322593689e-01,-8.288367092609405518e-02,-1.046534851193428040e-01,-2.188483029603958130e-01,-2.140219211578369141e-01,-2.194138318300247192e-01,-1.074349060654640198e-01,-6.840956211090087891e-02,-4.020646587014198303e-02,-1.725817620754241943e-01,-2.033992260694503784e-01,-2.698672413825988770e-01,-2.446989119052886963e-01,-2.432784736156463623e-01,-1.556995213031768799e-01,-1.840557344257831573e-02,-1.450949311256408691e-01,-1.455366462469100952e-01,-2.222921103239059448e-01,-2.205681204795837402e-01,1.072110384702682495e-01,7.836330682039260864e-03,-1.242025420069694519e-01,-2.411197498440742493e-02,-1.715442389249801636e-01,-2.636865973472595215e-01,-2.124477624893188477e-01,-2.024157941341400146e-01,-1.678251922130584717e-01,-1.169106662273406982e-01
3.651446402072906494e-01,9.999995827674865723e-01,6.319470703601837158e-02,2.855818271636962891e-01,3.632542793639004230e-04,2.001567929983139038e-01,-4.248534794896841049e-03,2.683507502079010010e-01,-7.867930829524993896e-02,1.767059862613677979e-01,4.602317884564399719e-02,3.410136103630065918e-01,-6.583967804908752441e-02,1.653827130794525146e-01,-5.003041774034500122e-02,1.233723834156990051e-01,9.263148240279406309e-05,2.677485942840576172e-01,2.621808052062988281e-01,3.272116780281066895e-01,7.147743552923202515e-02,1.706446893513202667e-02,-2.317657880485057831e-02,-2.164285629987716675e-03,5.226437468081712723e-03,9.422956407070159912e-02,1.825313568115234375e-01,1.984470039606094360e-01,1.127267107367515564e-01,1.348128020763397217e-01,-5.431491881608963013e-02,-6.992541998624801636e-02,1.862270534038543701e-01,1.780279129743576050e-01,-1.277850866317749023e-01,-1.279261559247970581e-01,-2.316976189613342285e-01,-1.794841140508651733e-01,-1.543702483177185059e-01,-1.521498560905456543e-01,-8.523853868246078491e-02,4.159066453576087952e-02,-2.868421375751495361e-01,-1.975783705711364746e-01,-2.009665966033935547e-01,-1.909335255622863770e-01,-2.147673219442367554e-01,-1.924855113029479980e-01,-1.143890693783760071e-01,-1.127580031752586365e-01,-1.851963698863983154e-01,-1.922909021377563477e-01,-1.782526075839996338e-01,-1.102973073720932007e-01,-2.358410060405731201e-01,-2.054398059844970703e-01,3.736469149589538574e-01,4.742860198020935059e-01,3.113498091697692871e-01,4.763205349445343018e-01,1.120606735348701477e-01,4.170824587345123291e-01,-2.905839122831821442e-02,2.860786020755767822e-01,-7.857930660247802734e-02,9.468114376068115234e-02,2.010142654180526733e-01,9.610588103532791138e-02,4.348064959049224854e-01,2.515955865383148193e-01,9.999153017997741699e-02,1.876827925443649292e-01,2.682755514979362488e-02,-3.654026612639427185e-02,6.164709851145744324e-02,1.677553355693817139e-01,1.456266641616821289e-01,1.563665717840194702e-01,2.974488772451877594e-02,2.374284416437149048e-01,5.126755312085151672e-02,1.332378238439559937e-01,-4.194498062133789062e-02,1.780436933040618896e-02,-1.619714796543121338e-01,-4.888538643717765808e-02,-1.085621789097785950e-01,-4.449446499347686768e-02,-1.210745126008987427e-01,-4.248129948973655701e-02,-1.141388416290283203e-01,-2.207490652799606323e-01,-9.862980991601943970e-02,-5.254945158958435059e-02,-1.676585525274276733e-01,-2.506279647350311279e-01,-2.219498157501220703e-01,-2.698495984077453613e-01,-1.562690436840057373e-01,-1.920698136091232300e-01,-1.462539285421371460e-01,-7.010253518819808960e-02,-1.053819656372070312e-01,-2.112818956375122070e-01,-1.334081143140792847e-01,-1.766302436590194702e-01,2.140104174613952637e-01,2.598712034523487091e-02,-7.030296325683593750e-02,-1.474615782499313354e-01,-2.254211306571960449e-01,-2.589654326438903809e-01,-1.414365172386169434e-01,-1.790805310010910034e-01,-1.305383145809173584e-01,-1.537557244300842285e-01
3.094224333763122559e-01,6.319470703601837158e-02,9.999998211860656738e-01,6.375597119331359863e-01,2.049815654754638672e-01,-1.149619221687316895e-01,6.685807704925537109e-01,5.243957042694091797e-01,2.463531345129013062e-01,-5.007652938365936279e-02,2.167480885982513428e-01,6.921157985925674438e-02,3.630313873291015625e-01,1.986452639102935791e-01,1.848692744970321655e-01,3.150432556867599487e-02,4.662825167179107666e-02,-1.249753311276435852e-01,4.229225814342498779e-01,3.045597672462463379e-01,-5.872616078704595566e-03,3.760413452982902527e-02,6.470827460289001465e-01,6.260250210762023926e-01,3.492234647274017334e-01,8.912621438503265381e-02,1.154986210167407990e-03,-7.688618451356887817e-02,1.030684038996696472e-01,-1.747472025454044342e-02,3.122112751007080078e-01,2.745117247104644775e-01,2.244571000337600708e-01,2.430798411369323730e-01,1.520939469337463379e-01,1.223836243152618408e-01,-2.632931619882583618e-02,-6.463661044836044312e-02,3.758528083562850952e-02,-2.396739833056926727e-02,-2.414110861718654633e-02,-4.179611057043075562e-02,-2.063804864883422852e-02,7.922083139419555664e-03,4.174333810806274414e-02,2.032960578799247742e-02,1.051752641797065735e-01,5.923042446374893188e-02,3.252624347805976868e-02,3.157109022140502930e-02,5.254901573061943054e-02,5.472365021705627441e-02,1.612757295370101929e-01,-9.088626131415367126e-03,3.982796147465705872e-02,3.029152937233448029e-02,8.571474999189376831e-02,-2.850203029811382294e-02,8.527883887290954590e-02,1.554173231124877930e-01,1.074223443865776062e-01,1.638224124908447266e-01,4.822074994444847107e-02,2.941134013235569000e-02,3.026873767375946045e-01,2.367280721664428711e-01,3.510203957557678223e-02,-2.125395834445953369e-02,8.236824721097946167e-02,-6.044511869549751282e-02,4.586919769644737244e-02,-1.832663826644420624e-02,1.159147545695304871e-01,4.147082567214965820e-02,1.277526617050170898e-01,1.497138990089297295e-03,-5.591548606753349304e-02,-3.230046853423118591e-02,-8.431613445281982422e-02,-1.134398654103279114e-01,-6.873693317174911499e-02,-1.839690208435058594e-01,3.986895084381103516e-02,-7.651558518409729004e-02,6.136549636721611023e-02,-1.148508340120315552e-01,4.339192435145378113e-02,-6.187771447002887726e-03,2.032261341810226440e-02,-8.582831919193267822e-02,1.787214726209640503e-01,1.781525015830993652e-01,3.291127681732177734e-01,2.856788039207458496e-01,3.715664148330688477e-03,-1.362393796443939209e-02,-1.850469782948493958e-02,-5.606269929558038712e-03,1.350141614675521851e-01,1.708967685699462891e-01,2.658005058765411377e-01,2.283220440149307251e-01,2.430842667818069458e-01,2.478167116641998291e-01,1.730326861143112183e-01,1.665115654468536377e-01,1.135211903601884842e-02,-8.162231743335723877e-02,-3.061887994408607483e-02,-9.953220188617706299e-02,-1.014945842325687408e-02,2.364398911595344543e-02,1.785665601491928101e-01,2.195571511983871460e-01,2.023159265518188477e-01,2.159879542887210846e-02
1.615406572818756104e-01,2.855818271636962891e-01,6.375597119331359863e-01,1.000000238418579102e+00,1.401388794183731079e-01,-4.028003662824630737e-02,4.863803684711456299e-01,7.007769346237182617e-01,1.861020773649215698e-01,1.108582764863967896e-01,1.303113847970962524e-01,2.944449484348297119e-01,2.627647817134857178e-01,3.786295056343078613e-01,1.424988210201263428e-01,1.893312335014343262e-01,5.004151910543441772e-02,1.206295490264892578e-01,4.564040005207061768e-01,3.852840065956115723e-01,5.604285374283790588e-02,9.234489500522613525e-02,5.793851613998413086e-01,6.315702199935913086e-01,3.746881186962127686e-01,1.690173894166946411e-01,-2.508326992392539978e-02,-7.379524409770965576e-02,1.568621844053268433e-01,1.355483978986740112e-01,3.297353684902191162e-01,3.176878392696380615e-01,2.771112322807312012e-01,3.794372677803039551e-01,2.100523263216018677e-01,2.170891612768173218e-01,3.067196905612945557e-02,3.524068370461463928e-02,8.408000320196151733e-02,7.815452665090560913e-02,1.695740409195423126e-02,7.451612036675214767e-03,-1.619606651365756989e-02,9.141019731760025024e-02,8.132955431938171387e-02,6.863911449909210205e-02,1.616549640893936157e-01,1.488065123558044434e-01,8.983241766691207886e-02,8.835489302873611450e-02,1.034233868122100830e-01,1.232009753584861755e-01,2.181852161884307861e-01,8.869783580303192139e-02,1.190845146775245667e-01,1.426428556442260742e-01,-1.805281825363636017e-02,9.833239018917083740e-02,2.109833993017673492e-02,1.988936364650726318e-01,6.656061112880706787e-02,3.535036444664001465e-01,3.640031442046165466e-02,2.458286881446838379e-01,2.719006538391113281e-01,3.201833367347717285e-01,4.593814536929130554e-02,3.468259423971176147e-02,6.177952140569686890e-02,-9.598297625780105591e-02,7.742392271757125854e-02,7.886648178100585938e-02,1.862559169530868530e-01,1.644298136234283447e-01,1.366009116172790527e-01,1.320415288209915161e-01,2.107676677405834198e-02,8.977671712636947632e-02,-5.825934931635856628e-02,-2.792064333334565163e-03,-1.164263207465410233e-02,2.884681522846221924e-02,3.985323756933212280e-02,-2.826937707141041756e-03,1.098904982209205627e-01,7.506427913904190063e-02,5.690867453813552856e-02,4.715622588992118835e-02,4.771097376942634583e-02,5.703538283705711365e-02,2.884095609188079834e-01,2.161540240049362183e-01,3.857655525207519531e-01,3.463768661022186279e-01,-2.255347371101379395e-02,3.784757805988192558e-03,1.640850305557250977e-02,3.304537013173103333e-02,2.349115163087844849e-01,2.442636042833328247e-01,3.129672110080718994e-01,2.629508674144744873e-01,3.010776340961456299e-01,2.579064667224884033e-01,2.684335410594940186e-01,2.280233651399612427e-01,4.880265519022941589e-02,-1.078647077083587646e-01,1.819558814167976379e-02,-1.320977658033370972e-01,4.271614830940961838e-03,7.723500579595565796e-02,2.457304596900939941e-01,2.773821055889129639e-01,2.662714123725891113e-01,3.238315880298614502e-02
7.931977510452270508e-02,3.632542793639004230e-04,2.049815654754638672e-01,1.401388794183731079e-01,9.999999403953552246e-01,5.372639298439025879e-01,1.959910094738006592e-01,6.486997753381729126e-02,6.375776529312133789e-01,5.209807157516479492e-01,2.040546685457229614e-01,7.052494585514068604e-02,2.855197787284851074e-01,1.702566593885421753e-01,5.263314247131347656e-01,4.242648780345916748e-01,1.756581962108612061e-01,8.571083843708038330e-02,4.291203618049621582e-02,1.321646850556135178e-02,1.825484782457351685e-01,1.816085278987884521e-01,3.478232920169830322e-01,2.994301021099090576e-01,4.553948938846588135e-01,3.731626272201538086e-01,5.484009385108947754e-01,4.853167831897735596e-01,2.195736169815063477e-01,1.920533627271652222e-01,3.764552175998687744e-01,3.391143083572387695e-01,3.198820352554321289e-01,3.348073959350585938e-01,2.806929647922515869e-01,2.043937295675277710e-01,1.513678953051567078e-02,2.245494164526462555e-02,5.881175771355628967e-02,5.662041530013084412e-02,1.121459603309631348e-01,9.045555442571640015e-02,-2.936741523444652557e-02,5.283221974968910217e-02,2.175835818052291870e-01,1.728713512420654297e-01,2.060983330011367798e-02,3.082699142396450043e-02,1.803627908229827881e-01,1.720473915338516235e-01,9.744384884834289551e-02,8.037281781435012817e-02,6.122756004333496094e-02,1.273453235626220703e-02,5.643995478749275208e-02,8.636775612831115723e-02,1.102343648672103882e-01,6.033193320035934448e-02,1.409653425216674805e-01,1.034101024270057678e-01,2.177674472332000732e-01,2.426678091287612915e-01,1.940581947565078735e-01,1.898391097784042358e-01,2.870025038719177246e-01,2.784477472305297852e-01,2.097633779048919678e-01,2.363943308591842651e-01,2.099767141044139862e-02,5.852565914392471313e-02,1.465568393468856812e-01,1.559353172779083252e-01,2.304825633764266968e-01,1.587965488433837891e-01,2.951402664184570312e-01,2.566851675510406494e-01,2.028509601950645447e-02,5.837623402476310730e-02,3.086702525615692139e-02,1.033852100372314453e-01,1.104255542159080505e-01,4.564842581748962402e-02,2.505995333194732666e-01,8.153782784938812256e-02,1.609737724065780640e-01,9.415195882320404053e-02,2.341622561216354370e-01,1.433434188365936279e-01,1.937806755304336548e-01,1.786150932312011719e-01,1.417423337697982788e-01,1.883805543184280396e-01,2.732749283313751221e-01,2.879592180252075195e-01,-6.234104558825492859e-02,-4.594101384282112122e-02,-5.958016216754913330e-02,2.985511906445026398e-03,4.232993349432945251e-02,1.073913127183914185e-01,9.943357110023498535e-02,1.765986233949661255e-01,6.175998970866203308e-02,1.161257550120353699e-01,6.827179458923637867e-04,7.544316351413726807e-02,-1.938188076019287109e-01,-2.894976139068603516e-01,3.447293490171432495e-02,-1.007670909166336060e-01,-2.709178626537322998e-02,-5.593075882643461227e-03,1.373704075813293457e-01,1.536744982004165649e-01,1.099480763077735901e-01,-5.362807586789131165e-02
4.637048766016960144e-02,2.001567929983139038e-01,-1.149619221687316895e-01,-4.028003662824630737e-02,5.372639298439025879e-01,9.999998807907104492e-01,-2.491497807204723358e-02,-2.870195917785167694e-02,3.820735216140747070e-01,5.580837726593017578e-01,2.573525011539459229e-01,6.717367470264434814e-02,1.692784875631332397e-01,9.253674745559692383e-02,4.701737761497497559e-01,4.605930149555206299e-01,1.134952083230018616e-01,1.081436425447463989e-01,-2.095066756010055542e-01,-1.898278445005416870e-01,3.288674354553222656e-01,2.821774184703826904e-01,6.245638430118560791e-02,6.816869229078292847e-02,2.690058648586273193e-01,5.119354724884033203e-01,5.121824741363525391e-01,5.982005596160888672e-01,2.021995484828948975e-01,2.202271670103073120e-01,2.330722063779830933e-01,2.782385945320129395e-01,2.361783832311630249e-01,2.539521455764770508e-01,1.959487348794937134e-01,8.556863665580749512e-02,-6.264512985944747925e-02,-2.287371084094047546e-02,1.722558401525020599e-02,4.263602942228317261e-02,1.712722927331924438e-01,2.044624090194702148e-01,-8.667372167110443115e-02,-3.540703654289245605e-02,6.362164765596389771e-02,2.028928324580192566e-02,-1.450546383857727051e-01,-9.818132221698760986e-02,3.738897293806076050e-02,7.574269548058509827e-03,-1.431073434650897980e-02,-1.113797575235366821e-01,-1.235908642411231995e-01,4.761430993676185608e-02,-5.415025353431701660e-02,-2.708800695836544037e-02,2.277583330869674683e-01,3.760804235935211182e-01,2.782959640026092529e-01,1.799522042274475098e-01,3.576612472534179688e-01,2.966659069061279297e-01,2.057052105665206909e-01,3.051862716674804688e-01,1.317384093999862671e-01,1.161448955535888672e-01,4.052644371986389160e-01,3.927676379680633545e-01,2.206584513187408447e-01,2.958365380764007568e-01,2.711673974990844727e-01,2.910211086273193359e-01,2.531925439834594727e-01,1.527925282716751099e-01,2.136178761720657349e-01,2.789501845836639404e-01,1.139970868825912476e-01,8.844004571437835693e-02,8.060565590858459473e-02,1.431794166564941406e-01,1.804207712411880493e-01,1.463811248540878296e-01,3.031726479530334473e-01,2.237074822187423706e-01,1.242073848843574524e-01,1.875257939100265503e-01,2.508064508438110352e-01,2.355392277240753174e-01,2.041021585464477539e-01,2.425964325666427612e-01,2.902036346495151520e-02,-1.500699296593666077e-02,5.814373120665550232e-02,1.071960031986236572e-01,-8.087760210037231445e-02,-1.139033213257789612e-01,-1.341196000576019287e-01,-1.147468760609626770e-01,-1.059741601347923279e-01,-8.580932766199111938e-02,-1.898626387119293213e-01,-5.927478522062301636e-02,-2.539457976818084717e-01,-2.074700891971588135e-01,-2.021453976631164551e-01,-1.207866519689559937e-01,-1.149129644036293030e-01,-2.447796612977981567e-01,1.245774887502193451e-02,-1.454377174377441406e-01,-1.676923334598541260e-01,-1.244778782129287720e-01,1.031416933983564377e-03,-3.835199773311614990e-02,-6.896982342004776001e-02,-1.110919639468193054e-01
3.595375120639801025e-01,-4.248534794896841049e-03,6.685807704925537109e-01,4.863803684711456299e-01,1.959910094738006592e-01,-2.491497807204723358e-02,9.999999403953552246e-01,4.353450834751129150e-01,2.643313109874725342e-01,-9.138739854097366333e-02,4.054618179798126221e-01,-2.821694873273372650e-02,5.135924816131591797e-01,1.296610981225967407e-01,2.827436625957489014e-01,4.911828320473432541e-03,7.480051368474960327e-02,-2.009177058935165405e-01,1.904961764812469482e-01,6.838096678256988525e-02,1.058488190174102783e-01,1.576816141605377197e-01,5.697894692420959473e-01,5.431676506996154785e-01,3.627066612243652344e-01,2.209012210369110107e-01,-2.116025984287261963e-02,-3.167751803994178772e-02,1.428765654563903809e-01,-1.670113205909729004e-02,3.651825785636901855e-01,3.615680038928985596e-01,2.266643643379211426e-01,2.224698513746261597e-01,1.449085474014282227e-01,5.825516209006309509e-02,-4.580207914113998413e-02,-8.388795703649520874e-02,7.496577687561511993e-03,-2.498477324843406677e-02,6.274697184562683105e-02,5.406063422560691833e-02,-1.553880237042903900e-02,-4.704826697707176208e-02,1.656918600201606750e-02,-3.735731821507215500e-03,9.896182455122470856e-03,-2.798928134143352509e-02,-6.054319441318511963e-03,-1.863539777696132660e-02,1.601659320294857025e-02,-5.839162692427635193e-02,6.095399335026741028e-02,-5.579003691673278809e-02,-2.863740548491477966e-02,-4.444595426321029663e-02,2.233369201421737671e-01,9.963199496269226074e-02,2.542806565761566162e-01,2.000101953744888306e-01,3.053728044033050537e-01,1.369501352310180664e-01,1.549082696437835693e-01,3.189714998006820679e-02,2.898109853267669678e-01,1.403004080057144165e-01,2.075664401054382324e-01,1.234872937202453613e-01,1.882855147123336792e-01,1.143266856670379639e-01,1.683083772659301758e-01,6.257892400026321411e-02,1.830387562513351440e-01,7.632122933864593506e-02,1.266924291849136353e-01,1.232386217452585697e-03,-3.239458426833152771e-02,-6.386138498783111572e-02,-1.175883859395980835e-01,-1.925743818283081055e-01,-4.442185536026954651e-02,-2.425184398889541626e-01,1.155338212847709656e-01,3.926456347107887268e-02,4.859987646341323853e-02,-1.214596554636955261e-01,1.108147352933883667e-01,7.189636677503585815e-02,4.624820873141288757e-02,-7.239010185003280640e-02,9.896551817655563354e-02,8.529385179281234741e-02,2.428083717823028564e-01,2.117009460926055908e-01,2.429829724133014679e-02,-3.563336282968521118e-02,-6.588011980056762695e-02,-6.076067686080932617e-02,2.012224495410919189e-02,5.410313978791236877e-02,1.342603713274002075e-01,1.834006607532501221e-01,6.007175147533416748e-02,9.006074070930480957e-02,1.697685383260250092e-02,3.708649426698684692e-02,-5.632515251636505127e-02,-1.518311798572540283e-01,-7.141882926225662231e-02,-9.811582416296005249e-02,-7.442127913236618042e-02,-3.182039037346839905e-02,8.259558677673339844e-02,1.470778733491897583e-01,1.076262816786766052e-01,-4.607869684696197510e-02
4.955397918820381165e-02,2.683507502079010010e-01,5.243957042694091797e-01,7.007769346237182617e-01,6.486997753381729126e-02,-2.870195917785167694e-02,4.353450834751129150e-01,9.999999403953552246e-01,1.685562431812286377e-01,1.368785947561264038e-01,1.864508539438247681e-01,3.677295148372650146e-01,3.171744942665100098e-01,4.742030501365661621e-01,1.883182376623153687e-01,2.557043731212615967e-01,1.408285945653915405e-01,2.234988510608673096e-01,3.430060446262359619e-01,2.961557805538177490e-01,1.607504040002822876e-01,1.868910789489746094e-01,5.236849784851074219e-01,5.958840847015380859e-01,3.923890590667724609e-01,2.354011386632919312e-01,-1.391881257295608521e-01,-1.454849541187286377e-01,2.620503902435302734e-01,2.564456164836883545e-01,3.599285781383514404e-01,3.749796450138092041e-01,3.062680363655090332e-01,4.280980527400970459e-01,2.849088311195373535e-01,3.022789359092712402e-01,1.094750910997390747e-01,1.230085715651512146e-01,1.594245135784149170e-01,1.710142642259597778e-01,1.117553859949111938e-01,9.531420469284057617e-02,6.755236070603132248e-03,1.568562835454940796e-01,1.259378939867019653e-01,1.291136592626571655e-01,2.151416689157485962e-01,2.197713851928710938e-01,1.634652465581893921e-01,1.426676213741302490e-01,1.636944115161895752e-01,1.639444231986999512e-01,2.709346711635589600e-01,1.693536192178726196e-01,2.038468420505523682e-01,2.349600642919540405e-01,-7.586439698934555054e-02,1.062264069914817810e-01,-1.982758194208145142e-02,1.278695762157440186e-01,1.283600479364395142e-01,3.899419009685516357e-01,1.412310749292373657e-01,3.763595819473266602e-01,2.745887637138366699e-01,3.134252429008483887e-01,5.873211100697517395e-02,7.111531496047973633e-02,-2.117502316832542419e-02,-1.471080482006072998e-01,1.486585587263107300e-01,1.530968844890594482e-01,2.988871037960052490e-01,3.000698387622833252e-01,1.492195874452590942e-01,1.970743387937545776e-01,7.392907887697219849e-02,1.327011138200759888e-01,-2.001921646296977997e-02,3.523282706737518311e-02,8.379727602005004883e-02,1.544594168663024902e-01,8.360569179058074951e-02,1.069303750991821289e-01,1.779137402772903442e-01,1.774989962577819824e-01,1.209523528814315796e-01,1.384591907262802124e-01,1.047221794724464417e-01,1.492045968770980835e-01,3.490170538425445557e-01,2.607256174087524414e-01,4.299563467502593994e-01,3.958299458026885986e-01,-3.239852562546730042e-02,8.422041311860084534e-03,5.688587948679924011e-02,9.263464063405990601e-02,3.142584860324859619e-01,3.120639622211456299e-01,3.456887900829315186e-01,2.958832979202270508e-01,3.061532080173492432e-01,2.622038125991821289e-01,2.926643192768096924e-01,2.583506107330322266e-01,-1.713500916957855225e-02,-1.096956282854080200e-01,8.281072974205017090e-02,-1.399706453084945679e-01,2.511991560459136963e-02,1.481992155313491821e-01,3.243473172187805176e-01,3.414084017276763916e-01,3.163695335388183594e-01,4.006045311689376831e-02
-1.228525768965482712e-02,-7.867930829524993896e-02,2.463531345129013062e-01,1.861020773649215698e-01,6.375776529312133789e-01,3.820735216140747070e-01,2.643313109874725342e-01,1.685562431812286377e-01,1.000000119209289551e+00,5.011404752731323242e-01,2.512454390525817871e-01,1.428524404764175415e-01,3.872236609458923340e-01,2.754911780357360840e-01,5.221129059791564941e-01,4.064003229141235352e-01,3.031927645206451416e-01,1.777122616767883301e-01,5.440624803304672241e-02,3.494499251246452332e-02,1.572334319353103638e-01,1.698553562164306641e-01,3.700795769691467285e-01,3.353805243968963623e-01,4.820835590362548828e-01,3.217611908912658691e-01,2.988752722740173340e-01,2.274902909994125366e-01,3.154380321502685547e-01,2.692017257213592529e-01,4.111412465572357178e-01,3.699783086776733398e-01,2.246586084365844727e-01,2.639620602130889893e-01,2.662527859210968018e-01,2.063726037740707397e-01,3.986995294690132141e-02,2.678702026605606079e-02,9.081581979990005493e-02,7.438066601753234863e-02,1.165643632411956787e-01,1.019065454602241516e-01,-7.739244401454925537e-02,5.026668310165405273e-02,2.933856248855590820e-01,2.296443432569503784e-01,1.288021914660930634e-02,1.515152119100093842e-02,2.409631758928298950e-01,2.314034998416900635e-01,9.251818805932998657e-02,1.340449005365371704e-01,3.064850717782974243e-02,-4.662071913480758667e-02,5.841969326138496399e-02,7.679457217454910278e-02,7.084476761519908905e-03,-7.145721465349197388e-02,7.360570877790451050e-02,4.789723083376884460e-02,1.466535031795501709e-01,2.304033190011978149e-01,1.947344541549682617e-01,1.883279979228973389e-01,2.669837772846221924e-01,3.304537534713745117e-01,1.331834793090820312e-01,1.704410165548324585e-01,-1.119313910603523254e-01,-8.030191063880920410e-02,1.274055540561676025e-01,1.541466414928436279e-01,2.711777985095977783e-01,2.489445358514785767e-01,2.259984761476516724e-01,2.406787872314453125e-01,-2.365483343601226807e-02,-7.373292930424213409e-03,7.574846595525741577e-02,1.317697763442993164e-01,1.588719785213470459e-01,1.175928190350532532e-01,2.648179829120635986e-01,1.376381516456604004e-01,1.622809320688247681e-01,8.493457734584808350e-02,2.785403430461883545e-01,1.820787191390991211e-01,1.561174690723419189e-01,1.465141922235488892e-01,1.368723660707473755e-01,1.908724606037139893e-01,3.060835599899291992e-01,3.219016492366790771e-01,-1.536161750555038452e-01,-1.025814116001129150e-01,-1.027575582265853882e-01,6.607498042285442352e-03,6.055806577205657959e-02,1.097043454647064209e-01,1.504964083433151245e-01,2.183302938938140869e-01,1.222142130136489868e-01,1.564895510673522949e-01,1.284654717892408371e-02,7.541558891534805298e-02,-2.263006269931793213e-01,-1.935750693082809448e-01,4.700072854757308960e-02,-1.698788702487945557e-01,-6.438003480434417725e-02,-1.756208762526512146e-02,1.530582308769226074e-01,1.689791679382324219e-01,1.325146406888961792e-01,-6.790304183959960938e-02
-9.206123650074005127e-02,1.767059862613677979e-01,-5.007652938365936279e-02,1.108582764863967896e-01,5.209807157516479492e-01,5.580837726593017578e-01,-9.138739854097366333e-02,1.368785947561264038e-01,5.011404752731323242e-01,9.999997019767761230e-01,1.094074845314025879e-01,3.443801105022430420e-01,1.461309939622879028e-01,3.474350273609161377e-01,4.252578020095825195e-01,6.163645982742309570e-01,2.142851948738098145e-01,3.681563735008239746e-01,3.939966484904289246e-02,6.496968120336532593e-02,2.402837425470352173e-01,2.389007955789566040e-01,1.265767067670822144e-01,1.241704151034355164e-01,3.701787889003753662e-01,3.340164422988891602e-01,3.557616472244262695e-01,3.056571483612060547e-01,2.761928141117095947e-01,4.140584468841552734e-01,2.993430495262145996e-01,2.827606201171875000e-01,2.374970614910125732e-01,3.087451457977294922e-01,2.336250394582748413e-01,2.141570001840591431e-01,8.653617650270462036e-02,1.279663145542144775e-01,1.584799289703369141e-01,1.626698672771453857e-01,1.145747676491737366e-01,1.724024116992950439e-01,-1.194298863410949707e-01,2.904812619090080261e-02,1.535240411758422852e-01,1.064253747463226318e-01,-3.013782761991024017e-02,2.186472341418266296e-02,1.175091862678527832e-01,1.405415832996368408e-01,2.762795053422451019e-02,7.330942898988723755e-02,-1.065512560307979584e-02,5.045608431100845337e-02,1.098387017846107483e-01,1.552669703960418701e-01,-3.168845176696777344e-02,1.211403980851173401e-01,-5.253804847598075867e-03,4.635684937238693237e-02,8.305854350328445435e-02,3.299109041690826416e-01,9.567333757877349854e-02,3.076121509075164795e-01,1.097690239548683167e-01,2.472618371248245239e-01,1.142574846744537354e-01,1.707687973976135254e-01,-3.890709206461906433e-02,-7.671864586882293224e-04,2.080264985561370850e-01,2.813016772270202637e-01,2.791298031806945801e-01,3.285373747348785400e-01,2.276713997125625610e-01,3.669254183769226074e-01,4.564726352691650391e-02,1.370341777801513672e-01,4.435224086046218872e-02,2.679788768291473389e-01,1.602588146924972534e-01,2.888495624065399170e-01,2.669599354267120361e-01,2.219258844852447510e-01,1.431158035993576050e-01,2.644819021224975586e-01,2.908863425254821777e-01,2.677333056926727295e-01,2.131422460079193115e-01,3.645328581333160400e-01,1.168188825249671936e-01,1.502788215875625610e-01,2.019374370574951172e-01,2.774667143821716309e-01,-7.845347374677658081e-02,-5.181268602609634399e-02,-2.413770183920860291e-02,3.703657537698745728e-02,5.597956851124763489e-02,1.007525101304054260e-01,3.170676529407501221e-02,1.699305027723312378e-01,1.474881637841463089e-02,5.050734803080558777e-02,6.146186497062444687e-03,4.152733460068702698e-02,-1.133070290088653564e-01,-1.229811683297157288e-01,1.135442778468132019e-01,-5.880245938897132874e-02,-4.341749101877212524e-02,-2.242558449506759644e-02,7.954217493534088135e-02,7.137615233659744263e-02,6.880357861518859863e-02,-7.348167896270751953e-02
2.704703509807586670e-01,4.602317884564399719e-02,2.167480885982513428e-01,1.303113847970962524e-01,2.040546685457229614e-01,2.573525011539459229e-01,4.054618179798126221e-01,1.864508539438247681e-01,2.512454390525817871e-01,1.094074845314025879e-01,1.000000119209289551e+00,2.159328311681747437e-01,6.631077527999877930e-01,3.290372490882873535e-01,5.148449540138244629e-01,3.097537159919738770e-01,3.007018864154815674e-01,3.348524868488311768e-02,-1.391571760177612305e-01,-2.189376652240753174e-01,4.628141224384307861e-01,4.600143134593963623e-01,3.098567128181457520e-01,2.446097731590270996e-01,3.895581066608428955e-01,4.306522011756896973e-01,2.892455831170082092e-02,7.881155610084533691e-02,5.045967102050781250e-01,3.521762192249298096e-01,4.703397452831268311e-01,4.943307042121887207e-01,3.064529597759246826e-01,2.698443233966827393e-01,2.166065573692321777e-01,1.139240935444831848e-01,8.396804332733154297e-02,5.995191261172294617e-02,1.531616002321243286e-01,1.854046583175659180e-01,3.679322898387908936e-01,4.077974557876586914e-01,-1.651195585727691650e-01,-1.093877032399177551e-01,-7.056765258312225342e-02,-8.551981300115585327e-02,-8.991952240467071533e-02,-1.114650368690490723e-01,-2.868831902742385864e-02,-7.184997200965881348e-02,-3.445083275437355042e-02,-1.710584759712219238e-01,-3.549892455339431763e-02,-4.771723970770835876e-02,4.614396020770072937e-02,2.150977961719036102e-02,3.216579556465148926e-01,2.682715356349945068e-01,2.893472015857696533e-01,1.312645077705383301e-01,4.941338300704956055e-01,2.528957426548004150e-01,3.976654410362243652e-01,2.598517239093780518e-01,2.886927127838134766e-01,5.322714149951934814e-02,3.259137570858001709e-01,2.292839884757995605e-01,2.039429098367691040e-01,1.801702082157135010e-01,4.881167113780975342e-01,3.949196636676788330e-01,5.081962347030639648e-01,3.584606647491455078e-01,3.439600169658660889e-01,2.703567147254943848e-01,1.742273271083831787e-01,6.389886885881423950e-02,-2.911605313420295715e-02,3.296506777405738831e-02,2.998543083667755127e-01,5.038954690098762512e-02,4.493253827095031738e-01,4.212036430835723877e-01,2.705145180225372314e-01,9.471946954727172852e-02,4.298564195632934570e-01,4.455551207065582275e-01,2.773099541664123535e-01,1.599201112985610962e-01,1.968494057655334473e-02,3.043772187083959579e-03,1.363508552312850952e-01,1.950366199016571045e-01,-1.573554356582462788e-03,-7.372163236141204834e-02,-5.559869110584259033e-02,-5.529645085334777832e-02,-3.109331242740154266e-02,-1.170328073203563690e-02,-5.639670416712760925e-02,1.458209306001663208e-01,-1.679705977439880371e-01,-1.162871569395065308e-01,-1.455801725387573242e-01,-7.600010931491851807e-02,-1.883717328310012817e-01,-1.553334891796112061e-01,7.146556675434112549e-02,-6.854377686977386475e-02,-1.274473816156387329e-01,-5.931188538670539856e-02,-6.567647214978933334e-03,6.481587141752243042e-02,4.159650579094886780e-02,-1.536944955587387085e-01
7.517611980438232422e-02,3.410136103630065918e-01,6.921157985925674438e-02,2.944449484348297119e-01,7.052494585514068604e-02,6.717367470264434814e-02,-2.821694873273372650e-02,3.677295148372650146e-01,1.428524404764175415e-01,3.443801105022430420e-01,2.159328311681747437e-01,9.999998807907104492e-01,2.575676441192626953e-01,6.295347809791564941e-01,1.728188097476959229e-01,4.516423940658569336e-01,3.208909034729003906e-01,5.571694970130920410e-01,2.570671737194061279e-01,2.935718595981597900e-01,2.338469773530960083e-01,2.277911454439163208e-01,1.382294744253158569e-01,1.532186269760131836e-01,2.448953986167907715e-01,9.854006767272949219e-02,2.413848973810672760e-02,-7.955508679151535034e-02,4.878643155097961426e-01,5.796910524368286133e-01,3.183158338069915771e-01,2.601109445095062256e-01,3.362139761447906494e-01,3.943338692188262939e-01,1.733759790658950806e-01,2.083548009395599365e-01,2.150817662477493286e-01,2.277262657880783081e-01,2.376850843429565430e-01,2.673658728599548340e-01,2.039075642824172974e-01,2.824247181415557861e-01,-2.194129526615142822e-01,2.093590982258319855e-02,-3.330828621983528137e-02,-3.358435258269309998e-02,9.260459244251251221e-02,1.080484464764595032e-01,4.664711281657218933e-02,6.272713840007781982e-02,-5.063618533313274384e-03,7.016607373952865601e-02,1.307470202445983887e-01,2.827300131320953369e-02,2.171072065830230713e-01,2.320189028978347778e-01,-2.117783529683947563e-03,3.935524821281433105e-02,-1.219817176461219788e-01,3.907917439937591553e-02,6.145713850855827332e-03,4.363387525081634521e-01,1.487156301736831665e-01,3.902176916599273682e-01,5.932574346661567688e-02,2.161964774131774902e-01,-1.165827512741088867e-01,-8.825808763504028320e-02,-8.564443141222000122e-02,-2.073774933815002441e-01,2.807235121726989746e-01,3.960200846195220947e-01,3.561622202396392822e-01,4.171873331069946289e-01,3.249404430389404297e-01,4.656324088573455811e-01,2.039858996868133545e-01,2.781585454940795898e-01,2.174301445484161377e-02,3.428719341754913330e-01,2.726566195487976074e-01,3.997373878955841064e-01,1.587531715631484985e-01,2.443382292985916138e-01,1.870734989643096924e-01,2.365406900644302368e-01,2.465637773275375366e-01,3.046926558017730713e-01,1.908180415630340576e-01,3.096466064453125000e-01,1.080155074596405029e-01,1.199330538511276245e-01,2.164328396320343018e-01,2.816826403141021729e-01,-4.589815065264701843e-02,-3.892995044589042664e-02,8.462904393672943115e-02,1.133014932274818420e-01,1.958907246589660645e-01,2.026924341917037964e-01,2.039593905210494995e-01,3.239781558513641357e-01,2.068043053150177002e-01,1.706743240356445312e-01,1.665367335081100464e-01,1.130702197551727295e-01,7.421806454658508301e-03,9.182811528444290161e-02,2.418944835662841797e-01,1.477819867432117462e-02,5.898909270763397217e-02,7.172024995088577271e-02,1.011746972799301147e-01,1.400135904550552368e-01,1.604299098253250122e-01,-7.901615649461746216e-02
1.833433657884597778e-01,-6.583967804908752441e-02,3.630313873291015625e-01,2.627647817134857178e-01,2.855197787284851074e-01,1.692784875631332397e-01,5.135924816131591797e-01,3.171744942665100098e-01,3.872236609458923340e-01,1.461309939622879028e-01,6.631077527999877930e-01,2.575676441192626953e-01,1.000000357627868652e+00,4.351533651351928711e-01,5.489558577537536621e-01,3.464920520782470703e-01,3.298411071300506592e-01,7.465176284313201904e-02,-4.005632549524307251e-02,-1.225166991353034973e-01,4.125584363937377930e-01,4.370595812797546387e-01,4.489644467830657959e-01,4.175762832164764404e-01,5.076420307159423828e-01,3.963899612426757812e-01,-6.068093702197074890e-03,-1.208710856735706329e-02,4.762202203273773193e-01,3.686824142932891846e-01,5.835241675376892090e-01,5.783544182777404785e-01,3.504299819469451904e-01,3.477635085582733154e-01,2.870277166366577148e-01,1.961517930030822754e-01,1.646890342235565186e-01,1.341011822223663330e-01,2.126747518777847290e-01,2.423594295978546143e-01,3.421194553375244141e-01,3.659441173076629639e-01,-8.244550973176956177e-02,-1.465426944196224213e-02,5.696303397417068481e-02,3.621208295226097107e-02,1.861675269901752472e-02,9.105643257498741150e-03,7.369952648878097534e-02,4.410239681601524353e-02,3.923288360238075256e-02,-2.829244360327720642e-02,8.912044018507003784e-02,-1.702111214399337769e-02,1.535031199455261230e-01,1.453759372234344482e-01,1.623387038707733154e-01,1.027471646666526794e-01,1.593517214059829712e-01,6.699129939079284668e-02,3.874957263469696045e-01,2.479541003704071045e-01,3.738261163234710693e-01,2.725187540054321289e-01,2.972667217254638672e-01,1.297333985567092896e-01,2.152981013059616089e-01,1.695390790700912476e-01,3.044113144278526306e-02,3.324612602591514587e-02,4.148378968238830566e-01,3.490734994411468506e-01,4.872215390205383301e-01,4.097493588924407959e-01,3.051095306873321533e-01,2.828158140182495117e-01,7.994594424962997437e-02,4.257730022072792053e-02,-7.516448199748992920e-02,-2.175117842853069305e-02,2.330170422792434692e-01,5.201340839266777039e-02,4.072604775428771973e-01,3.852160274982452393e-01,2.868669629096984863e-01,1.246921271085739136e-01,4.341439604759216309e-01,4.201056957244873047e-01,2.961832880973815918e-01,2.060200572013854980e-01,1.479724496603012085e-01,1.645685434341430664e-01,3.079055249691009521e-01,3.366534411907196045e-01,4.194119945168495178e-02,9.674129076302051544e-03,2.934646047651767731e-02,7.297264039516448975e-02,1.029220521450042725e-01,1.414605379104614258e-01,1.521114557981491089e-01,3.062237501144409180e-01,4.189212620258331299e-02,1.018070876598358154e-01,-1.032407395541667938e-02,5.681116878986358643e-02,-2.285655438899993896e-01,-1.579586118459701538e-01,7.560104876756668091e-02,-2.247148752212524414e-02,-3.148487210273742676e-02,4.584840685129165649e-02,1.262789070606231689e-01,2.115678042173385620e-01,1.476122587919235229e-01,-1.373160332441329956e-01
