1.000000119209289551e+00,3.586315214633941650e-01,5.754299759864807129e-01,3.262977004051208496e-01,1.174232214689254761e-01,-9.488263726234436035e-02,5.887347459793090820e-01,1.105243116617202759e-01,9.843733906745910645e-02,-1.082072183489799500e-01,4.702170491218566895e-01,-5.552534013986587524e-02,3.324131369590759277e-01,-8.176034688949584961e-02,5.117616429924964905e-02,-1.280941963195800781e-01,1.267978847026824951e-01,-1.808946132659912109e-01,4.259686768054962158e-01,2.934228479862213135e-01,-4.597531259059906006e-02,4.743703827261924744e-02,3.885663151741027832e-01,3.286239802837371826e-01,1.950414329767227173e-01,6.004160270094871521e-02,2.420468479394912720e-01,1.953264474868774414e-01,5.332750454545021057e-02,-1.359281837940216064e-01,6.132443901151418686e-03,-3.477017162367701530e-03,1.515544652938842773e-01,7.121317833662033081e-02,-4.204364866018295288e-02,-7.436918467283248901e-02,-7.379253860563039780e-03,-1.362221240997314453e-01,-6.151031702756881714e-02,-5.413180962204933167e-02,-6.047230213880538940e-02,-1.254595071077346802e-02,-8.990897238254547119e-02,-1.642866134643554688e-01,1.044986546039581299e-01,-1.522777825593948364e-01,-2.321831136941909790e-02,-1.466887146234512329e-01,4.774897242896258831e-04,-9.950539469718933105e-02,-5.871612206101417542e-02,-1.631645113229751587e-01,1.593465358018875122e-02,-1.434947103261947632e-01,-7.460603863000869751e-02,-1.028048545122146606e-01,5.047032237052917480e-01,3.262920081615447998e-01,5.096965432167053223e-01,2.914951145648956299e-01,4.317274987697601318e-01,1.613469123840332031e-01,4.154179990291595459e-02,-7.890024036169052124e-02,1.375070214271545410e-01,1.561489142477512360e-02,3.018776178359985352e-01,-2.364443987607955933e-02,4.489841461181640625e-01,1.948580145835876465e-01,-1.094675958156585693e-01,-1.564837992191314697e-02,-1.576713025569915771e-01,-1.154530346393585205e-01,-1.112474575638771057e-01,-1.427495013922452927e-02,-5.506186932325363159e-02,-1.013477370142936707e-01,2.051114663481712341e-02,-1.290610581636428833e-01,9.100228548049926758e-02,-1.654074490070343018e-01,8.628524839878082275e-02,-1.133315414190292358e-01,2.340026050806045532e-01,-1.688666939735412598e-01,-3.436382487416267395e-02,-3.171550482511520386e-02,5.788638442754745483e-02,-1.197915822267532349e-01,1.149541586637496948e-01,-7.550571113824844360e-02,2.062394917011260986e-01,1.454674303531646729e-01,-5.136448889970779419e-02,-1.833293586969375610e-01,-1.591892391443252563e-01,-2.231068462133407593e-01,-1.861857026815414429e-01,-3.680837154388427734e-02,6.581266969442367554e-02,2.347098290920257568e-01,6.736633181571960449e-02,1.286251097917556763e-01,9.731146693229675293e-02,5.505745485424995422e-02,-1.397413462400436401e-01,-1.206230595707893372e-01,8.527043461799621582e-02,-1.828556656837463379e-01,-2.079306691884994507e-01,-1.988766714930534363e-02,-1.079085096716880798e-01,-8.583712391555309296e-03,-3.697439283132553101e-02,-2.519502490758895874e-02
3.586315214633941650e-01,1.000000000000000000e+00,3.032200932502746582e-01,5.032825469970703125e-01,-1.025052368640899658e-01,-2.437289357185363770e-01,2.161547541618347168e-01,3.929678499698638916e-01,-1.603982150554656982e-01,-2.262851595878601074e-01,2.436304278671741486e-02,3.738552331924438477e-01,1.476204991340637207e-01,1.776635795831680298e-01,9.003398567438125610e-02,-1.401676833629608154e-01,-1.506740003824234009e-01,3.771861791610717773e-01,3.922458589076995850e-01,6.048638820648193359e-01,-7.015106081962585449e-02,1.612166874110698700e-02,2.449764013290405273e-01,2.606420814990997314e-01,-1.621903665363788605e-02,-1.512570828199386597e-01,1.105152517557144165e-01,3.526364639401435852e-02,3.212377056479454041e-02,2.456742525100708008e-01,-3.424307331442832947e-02,-1.418462544679641724e-01,2.120027840137481689e-01,2.140447944402694702e-01,-1.547412276268005371e-01,-1.951890438795089722e-01,1.754526048898696899e-02,3.099972307682037354e-01,1.947060599923133850e-02,2.018481194972991943e-01,6.775118410587310791e-02,2.451240271329879761e-01,4.575969278812408447e-02,9.281016141176223755e-02,5.820750817656517029e-02,2.338329106569290161e-01,1.993472874164581299e-01,1.554152220487594604e-01,2.318208292126655579e-02,3.442811667919158936e-01,6.528895348310470581e-02,1.664992719888687134e-01,2.137435078620910645e-01,1.857749223709106445e-01,1.636149585247039795e-01,2.028189003467559814e-01,3.874693512916564941e-01,7.795291543006896973e-01,3.864788711071014404e-01,4.066390991210937500e-01,2.793225944042205811e-01,3.719848692417144775e-01,-5.306874960660934448e-02,2.453177124261856079e-01,4.272344522178173065e-03,8.585712313652038574e-02,1.845922619104385376e-01,2.041264772415161133e-01,5.217092633247375488e-01,3.503014147281646729e-01,1.582858562469482422e-01,-6.574780493974685669e-02,1.658664047718048096e-01,5.178990215063095093e-02,2.713867090642452240e-02,1.722145676612854004e-01,1.265909969806671143e-01,1.935021132230758667e-01,-1.757167428731918335e-01,2.793028652667999268e-01,-9.747790545225143433e-02,3.578843176364898682e-01,-1.022588983178138733e-01,2.452987879514694214e-01,8.795338869094848633e-02,2.030511945486068726e-01,3.361146524548530579e-02,2.025057822465896606e-01,1.691038608551025391e-01,1.610003411769866943e-01,1.166999116539955139e-01,1.454986780881881714e-01,1.920407116413116455e-01,2.732975482940673828e-01,-6.508377194404602051e-02,-8.565283566713333130e-02,-1.022210121154785156e-01,-5.013535171747207642e-02,6.892377138137817383e-02,1.509537547826766968e-01,1.896898895502090454e-01,2.120623886585235596e-01,1.571931391954421997e-01,2.245781123638153076e-01,1.075303182005882263e-01,1.982913911342620850e-01,-6.746705621480941772e-02,8.610181510448455811e-02,6.614429503679275513e-02,-1.731715947389602661e-01,-1.505564898252487183e-01,1.002417430281639099e-01,1.075233449228107929e-03,1.703793369233608246e-02,-6.037528812885284424e-02,1.432369556277990341e-02
5.754299759864807129e-01,3.032200932502746582e-01,9.999998211860656738e-01,3.213192820549011230e-01,9.946727193892002106e-03,-2.857057452201843262e-01,5.313600301742553711e-01,1.244134455919265747e-01,1.760019659996032715e-01,-1.880848407745361328e-01,2.299489974975585938e-01,-6.140276044607162476e-02,2.103566229343414307e-01,-5.023726075887680054e-02,1.142871379852294922e-01,-1.409234702587127686e-01,-8.230785280466079712e-02,-1.160353273153305054e-01,4.390321671962738037e-01,2.133770436048507690e-01,2.597952727228403091e-03,2.893696539103984833e-03,6.984798908233642578e-01,4.772428870201110840e-01,2.867755293846130371e-01,-8.650808036327362061e-02,1.564909815788269043e-01,-3.179867565631866455e-02,-6.690119951963424683e-02,-1.530085206031799316e-01,7.448114454746246338e-02,-4.522977396845817566e-02,1.060196012258529663e-02,-6.016916036605834961e-02,2.493566274642944336e-01,9.951183199882507324e-02,4.707445204257965088e-02,6.574541330337524414e-02,1.449018623679876328e-02,-9.798847138881683350e-03,5.549999326467514038e-02,2.068717777729034424e-02,-1.565708965063095093e-01,-3.061546683311462402e-01,-9.584129601716995239e-02,-2.907179296016693115e-01,-5.715070292353630066e-02,-2.163577824831008911e-01,-1.495480984449386597e-01,-1.044744923710823059e-01,-1.201427355408668518e-01,-1.665446013212203979e-01,6.863635778427124023e-02,-8.051383495330810547e-02,-7.356154918670654297e-02,-1.256290227174758911e-01,2.397939562797546387e-01,2.694069147109985352e-01,4.000196754932403564e-01,1.486097127199172974e-01,3.930805325508117676e-01,1.068951115012168884e-01,-2.540150880813598633e-01,-2.347050309181213379e-01,4.586950838565826416e-01,1.427646726369857788e-01,1.705910861492156982e-01,-7.430913299322128296e-02,3.986909389495849609e-01,1.634898334741592407e-01,4.813044797629117966e-03,-2.973381988704204559e-02,-7.378160953521728516e-02,-1.237086206674575806e-01,-4.288781061768531799e-02,-1.014564260840415955e-01,-8.918990939855575562e-02,-6.985269952565431595e-03,-5.835878849029541016e-02,-7.418153434991836548e-02,-1.627925485372543335e-01,-1.258816272020339966e-01,9.048049151897430420e-02,-2.875081077218055725e-02,3.786806166172027588e-01,-1.614542007446289062e-01,-5.506497342139482498e-03,6.922218203544616699e-02,7.785826176404953003e-02,-6.769875437021255493e-02,1.928797066211700439e-01,2.006354629993438721e-01,3.167231678962707520e-01,3.924401402473449707e-01,3.017640439793467522e-03,-1.250140517950057983e-01,-6.971547752618789673e-02,-1.662358790636062622e-01,-2.176969051361083984e-01,-6.983333081007003784e-02,9.107395261526107788e-02,4.146969914436340332e-01,5.766494572162628174e-02,2.080717235803604126e-01,1.878951638936996460e-01,1.455663591623306274e-01,-1.569315418601036072e-02,-6.155635043978691101e-02,4.324087873101234436e-02,-7.592050731182098389e-02,-9.671673923730850220e-02,1.397022232413291931e-02,-5.332614108920097351e-02,-1.947896555066108704e-02,-1.207447703927755356e-02,6.353037804365158081e-02
3.262977004051208496e-01,5.032825469970703125e-01,3.213192820549011230e-01,9.999997019767761230e-01,-1.086914762854576111e-01,-2.228356897830963135e-02,3.824237883090972900e-01,7.037864327430725098e-01,-2.500626742839813232e-01,-8.398073166608810425e-02,-8.720145560801029205e-03,3.397274315357208252e-01,1.476383209228515625e-01,3.321032226085662842e-01,-1.394219547510147095e-01,-1.081306021660566330e-02,-2.353702634572982788e-01,8.448527008295059204e-02,1.582411229610443115e-01,4.081981778144836426e-01,-2.596176564693450928e-01,9.526719897985458374e-02,2.615635991096496582e-01,6.181600689888000488e-01,-8.151748031377792358e-02,-2.299602329730987549e-02,-6.323406100273132324e-02,-2.208507247269153595e-02,-1.441107224673032761e-02,1.753731369972229004e-01,5.421424284577369690e-02,1.715900599956512451e-01,4.559306800365447998e-02,1.312793344259262085e-01,-1.958320289850234985e-01,-1.576335877180099487e-01,-1.132293567061424255e-01,5.081574618816375732e-02,-2.827791683375835419e-02,-8.871066384017467499e-03,-1.375012216158211231e-03,1.388973891735076904e-01,-1.191036477684974670e-01,-9.885356575250625610e-02,-1.425444632768630981e-01,-1.622582972049713135e-02,4.558330774307250977e-02,-6.884175539016723633e-02,-4.742582514882087708e-02,3.111793892458081245e-03,-2.773132361471652985e-02,-3.987137973308563232e-02,6.227082759141921997e-02,1.075135171413421631e-02,2.543712500482797623e-03,3.007531340699642897e-04,1.066522523760795593e-01,4.233760833740234375e-01,3.044568896293640137e-01,4.035914540290832520e-01,1.957111358642578125e-01,3.930882513523101807e-01,-6.657706201076507568e-02,1.914441287517547607e-01,-1.553702820092439651e-02,1.488879621028900146e-01,3.494039177894592285e-02,1.435378789901733398e-01,2.205957621335983276e-01,7.663777470588684082e-02,-4.913262277841567993e-02,-1.232732534408569336e-01,-1.651152782142162323e-02,-1.650602519512176514e-01,-1.531560122966766357e-01,4.318659752607345581e-02,-4.800337925553321838e-02,-1.609785482287406921e-02,-2.747234404087066650e-01,-4.869907349348068237e-02,-1.183835044503211975e-01,1.085815355181694031e-01,-1.456614881753921509e-01,2.312953323125839233e-01,1.410475093871355057e-02,1.391634047031402588e-01,-1.362243015319108963e-02,1.255628168582916260e-01,1.478310674428939819e-01,1.101139932870864868e-01,5.726873874664306641e-02,-6.873708963394165039e-02,2.417368590831756592e-01,1.455237567424774170e-01,-5.826054140925407410e-02,-1.962250620126724243e-01,-2.612422406673431396e-01,-2.605656981468200684e-01,-4.922467470169067383e-02,-7.220692932605743408e-02,2.554721832275390625e-01,2.141346931457519531e-01,1.731359511613845825e-01,1.543489694595336914e-01,-4.964896664023399353e-02,1.004049647599458694e-02,-1.864003092050552368e-01,4.409753158688545227e-02,1.143707856535911560e-01,-2.433954477310180664e-01,-2.240272462368011475e-01,1.172131672501564026e-01,-2.357915192842483521e-01,-1.219773441553115845e-01,-1.696672290563583374e-01,-1.003192737698554993e-01
1.174232214689254761e-01,-1.025052368640899658e-01,9.946727193892002106e-03,-1.086914762854576111e-01,1.000000119209289551e+00,4.340117871761322021e-01,1.141334325075149536e-01,-1.863608360290527344e-01,5.712878108024597168e-01,2.594420611858367920e-01,2.607171535491943359e-01,-1.727649718523025513e-01,1.376471370458602905e-01,-1.543504148721694946e-01,3.908247351646423340e-01,2.042331099510192871e-01,2.755542993545532227e-01,-9.816008061170578003e-02,-1.200148742645978928e-02,-6.798084825277328491e-02,1.552319824695587158e-01,3.549743294715881348e-01,1.196781694889068604e-01,8.060780167579650879e-02,4.576565027236938477e-01,4.667908251285552979e-01,4.761543273925781250e-01,4.310306608676910400e-01,2.056918442249298096e-01,6.018796004354953766e-03,2.813360691070556641e-01,3.152788281440734863e-01,8.256255090236663818e-02,4.322966560721397400e-02,1.485446542501449585e-01,1.568214744329452515e-01,1.925032883882522583e-01,-1.331314891576766968e-01,1.642807424068450928e-01,1.641747206449508667e-01,1.474976986646652222e-01,7.894535362720489502e-02,-1.118945404887199402e-01,4.027285054326057434e-02,-3.063821932300925255e-03,-1.954355388879776001e-01,6.305949389934539795e-02,1.672369427978992462e-02,-6.765200942754745483e-02,-3.107254393398761749e-02,4.411983489990234375e-02,-9.944121539592742920e-02,1.242352649569511414e-01,-4.941262677311897278e-02,7.976327091455459595e-02,-1.670728437602519989e-02,1.983806341886520386e-01,-9.112875163555145264e-02,-1.539421209599822760e-04,-8.379302918910980225e-02,6.349276751279830933e-02,-9.955208748579025269e-02,7.308497279882431030e-02,-7.996533066034317017e-02,9.428142011165618896e-02,-3.708403557538986206e-02,4.739185795187950134e-02,-8.464334905147552490e-02,1.237463951110839844e-02,-5.701283365488052368e-02,1.046402100473642349e-02,3.599218428134918213e-01,-1.049472298473119736e-02,1.408260315656661987e-01,1.647205837070941925e-02,1.008296683430671692e-01,1.125895529985427856e-01,5.225088447332382202e-03,7.125133275985717773e-02,-2.123978361487388611e-02,3.271975219249725342e-01,-5.785990972071886063e-03,3.324200809001922607e-01,6.230950728058815002e-02,2.821485400199890137e-01,-1.025364398956298828e-01,2.655214071273803711e-01,4.324707016348838806e-02,1.638362407684326172e-01,-6.447235494852066040e-02,7.368916273117065430e-02,-1.241700127720832825e-01,1.618178188800811768e-01,-1.129853501915931702e-01,9.211124479770660400e-02,2.031025290489196777e-02,2.451252192258834839e-02,-5.406633019447326660e-02,-8.161886781454086304e-02,-4.661024361848831177e-02,-1.785837300121784210e-02,-9.381087124347686768e-02,5.078488029539585114e-03,-1.599190980195999146e-01,-2.664018981158733368e-02,-9.933474659919738770e-02,-9.563022106885910034e-02,-1.913131624460220337e-01,1.050013303756713867e-01,-2.525272965431213379e-02,4.314600024372339249e-03,-1.756226830184459686e-02,-7.653912901878356934e-02,9.013693779706954956e-02,-7.921027950942516327e-03,-1.617851480841636658e-02
-9.488263726234436035e-02,-2.437289357185363770e-01,-2.857057452201843262e-01,-2.228356897830963135e-02,4.340117871761322021e-01,1.000000238418579102e+00,-1.676833033561706543e-01,9.267327189445495605e-02,1.862902343273162842e-01,7.376901507377624512e-01,-6.406006962060928345e-02,-1.849165409803390503e-01,-1.635319739580154419e-01,2.616250514984130859e-01,7.623364776372909546e-02,6.508048176765441895e-01,9.623399376869201660e-02,-3.224048018455505371e-01,-2.539111077785491943e-01,-2.220178097486495972e-01,-1.137692406773567200e-01,3.189264237880706787e-01,-1.982259452342987061e-01,1.771856658160686493e-02,2.150763869285583496e-01,6.429032087326049805e-01,2.858575284481048584e-01,4.457693696022033691e-01,6.644643098115921021e-02,5.344455316662788391e-02,1.762782484292984009e-01,4.825392961502075195e-01,1.941987313330173492e-02,4.936122894287109375e-02,-1.110652238130569458e-01,-2.661194652318954468e-02,9.266743808984756470e-02,-3.575367927551269531e-01,1.892800182104110718e-01,-1.936448365449905396e-01,-9.230554848909378052e-02,-1.966355741024017334e-01,-1.936705559492111206e-01,6.707087904214859009e-02,-8.159564435482025146e-02,-6.688278168439865112e-02,-3.448753431439399719e-02,-1.819459721446037292e-02,-3.640081360936164856e-02,-5.074967071413993835e-02,-5.608135834336280823e-02,-1.579013317823410034e-01,-9.061249345541000366e-02,-1.042812019586563110e-01,-6.342383474111557007e-02,-1.904563903808593750e-01,8.825481683015823364e-02,-1.947642564773559570e-01,-1.748924255371093750e-01,-1.712813079357147217e-01,-2.806801497936248779e-01,-2.208563089370727539e-01,6.150705367326736450e-02,-1.228097230195999146e-01,-3.007985353469848633e-01,-2.586349248886108398e-01,-1.370511800050735474e-01,-2.036016136407852173e-01,-2.627576291561126709e-01,-2.159820646047592163e-01,-1.237222254276275635e-01,1.844073683023452759e-01,-1.442134380340576172e-01,-2.025289386510848999e-01,-1.408208608627319336e-01,-1.928698867559432983e-01,-1.388535648584365845e-01,-2.844664454460144043e-01,-4.437661916017532349e-02,-3.373657464981079102e-01,3.638596236705780029e-01,-1.567299962043762207e-01,2.474145889282226562e-01,9.339419752359390259e-02,-8.895264565944671631e-02,-2.334569096565246582e-01,1.755722165107727051e-01,-3.529889136552810669e-02,-9.908576309680938721e-02,-2.905724942684173584e-01,-1.604913622140884399e-01,-2.771211564540863037e-01,-7.460446655750274658e-02,-2.862314581871032715e-01,2.019033133983612061e-01,1.605597697198390961e-02,-5.114698410034179688e-02,-1.596231460571289062e-01,-8.783883601427078247e-02,-1.214591693133115768e-02,-1.967370808124542236e-01,-2.983895838260650635e-01,-1.360772997140884399e-01,-3.135907053947448730e-01,-4.031426906585693359e-01,-3.902902603149414062e-01,-3.376341164112091064e-01,-2.769534885883331299e-01,1.788400262594223022e-01,8.966759778559207916e-03,5.944994464516639709e-02,2.160546183586120605e-01,-1.405090242624282837e-01,-3.124048560857772827e-02,-1.554979681968688965e-01,-1.263306438922882080e-01
5.887347459793090820e-01,2.161547541618347168e-01,5.313600301742553711e-01,3.824237883090972900e-01,1.141334325075149536e-01,-1.676833033561706543e-01,9.999997019767761230e-01,1.863267123699188232e-01,2.897565020248293877e-03,-2.898540198802947998e-01,5.151169300079345703e-01,5.706210434436798096e-02,5.889133214950561523e-01,-1.419419795274734497e-01,1.155245024710893631e-02,-2.693046927452087402e-01,1.204677298665046692e-01,-5.663205310702323914e-02,3.030734956264495850e-01,2.619284093379974365e-01,-2.839974127709865570e-02,9.972588717937469482e-02,3.906504809856414795e-01,4.172695875167846680e-01,1.174508035182952881e-01,2.026319317519664764e-02,1.387976258993148804e-01,1.305492371320724487e-01,2.556598782539367676e-01,-1.346998754888772964e-02,1.299690306186676025e-01,1.180380433797836304e-01,1.880548149347305298e-01,1.936571449041366577e-01,-4.649977013468742371e-02,-2.280790731310844421e-02,1.092838589102029800e-02,-9.471227228641510010e-02,-6.842776387929916382e-02,1.329009700566530228e-02,3.501085191965103149e-02,1.297776401042938232e-01,-3.841382265090942383e-02,-1.391877681016921997e-01,1.244968399405479431e-01,-1.366310864686965942e-01,4.314837604761123657e-02,-1.079234927892684937e-01,1.500569283962249756e-02,-1.347506940364837646e-01,5.784886423498392105e-03,-1.118336170911788940e-01,1.281794905662536621e-01,-9.676770120859146118e-02,4.429503902792930603e-02,-1.075025945901870728e-01,3.072570264339447021e-01,1.472642868757247925e-01,3.633129000663757324e-01,3.092589676380157471e-01,4.374705553054809570e-01,2.327824085950851440e-01,9.043534845113754272e-02,-1.429389324039220810e-02,2.411252856254577637e-01,8.851204812526702881e-02,2.509160935878753662e-01,9.048520773649215698e-02,3.537434339523315430e-01,1.950414180755615234e-01,5.000163614749908447e-02,4.554980248212814331e-02,3.481545299291610718e-02,-2.163208648562431335e-02,2.197091933339834213e-03,1.010088995099067688e-01,1.229481995105743408e-01,4.097387939691543579e-02,-1.695165410637855530e-02,-8.858409523963928223e-02,4.635685682296752930e-02,-1.979915648698806763e-01,6.457894295454025269e-02,-6.329507380723953247e-02,2.814165055751800537e-01,-8.693113178014755249e-02,-4.145707190036773682e-02,-4.212344065308570862e-02,1.740347594022750854e-01,-2.993943355977535248e-02,1.964755803346633911e-01,-1.087196022272109985e-01,2.500184774398803711e-01,6.671363860368728638e-02,-3.584641590714454651e-02,-1.613719463348388672e-01,-1.471265852451324463e-01,-2.203843742609024048e-01,-6.372054666280746460e-02,-7.335647195577621460e-02,1.975029408931732178e-01,2.429689019918441772e-01,1.505765765905380249e-01,1.362612545490264893e-01,1.843045502901077271e-01,1.412498801946640015e-01,-5.715971440076828003e-02,2.492804639041423798e-02,1.137878149747848511e-01,-6.073390692472457886e-02,-1.319363266229629517e-01,-1.473127398639917374e-02,-7.023718208074569702e-02,4.200761020183563232e-02,7.681397255510091782e-03,1.425024960190057755e-02
1.105243116617202759e-01,3.929678499698638916e-01,1.244134455919265747e-01,7.037864327430725098e-01,-1.863608360290527344e-01,9.267327189445495605e-02,1.863267123699188232e-01,1.000000476837158203e+00,-3.309377431869506836e-01,7.991948723793029785e-02,-7.164867967367172241e-02,4.342750906944274902e-01,3.946580365300178528e-02,5.770300626754760742e-01,-2.212891876697540283e-01,1.554695665836334229e-01,-2.316580563783645630e-01,5.613390728831291199e-02,4.400572180747985840e-02,2.189828902482986450e-01,-2.555996775627136230e-01,6.772952526807785034e-02,1.132466420531272888e-01,4.557260572910308838e-01,-1.197509616613388062e-01,5.551007762551307678e-02,-1.301245838403701782e-01,-8.277793228626251221e-02,3.816965594887733459e-02,2.610467672348022461e-01,1.118710488080978394e-01,2.825465202331542969e-01,1.018830910325050354e-01,2.220583856105804443e-01,-2.435120046138763428e-01,-1.995330452919006348e-01,-5.357149615883827209e-02,9.491141885519027710e-02,7.791491225361824036e-03,-6.728995591402053833e-02,5.090365651994943619e-03,1.115141138434410095e-01,-1.056795790791511536e-01,-1.599251665174961090e-02,-9.581830352544784546e-02,1.178917065262794495e-01,3.936360776424407959e-02,-6.374357733875513077e-03,-6.270917947404086590e-05,3.519826754927635193e-02,-7.257103174924850464e-02,1.337669417262077332e-02,-3.147548064589500427e-02,-3.382046148180961609e-02,-6.795809417963027954e-02,-3.733887337148189545e-03,-4.993607848882675171e-02,3.073102831840515137e-01,4.026709124445915222e-02,3.063772618770599365e-01,-4.102876782417297363e-02,3.230229914188385010e-01,-4.733031243085861206e-02,2.559430301189422607e-01,-1.490974277257919312e-01,1.102124229073524475e-01,-1.385467648506164551e-01,4.780456051230430603e-02,1.050944533199071884e-02,-3.838202729821205139e-02,7.283334434032440186e-02,-9.354065172374248505e-03,1.467043161392211914e-02,-1.327711492776870728e-01,-1.072485223412513733e-01,1.059831771999597549e-02,-5.310411378741264343e-02,-5.338412150740623474e-02,-2.516445219516754150e-01,-1.039448082447052002e-01,-1.293710023164749146e-01,9.266760945320129395e-02,-1.396399140357971191e-01,2.563588917255401611e-01,-1.189360320568084717e-01,1.262962520122528076e-01,-9.035950154066085815e-02,6.206949800252914429e-02,6.556725502014160156e-02,3.534944728016853333e-02,-6.372199952602386475e-02,-1.050347164273262024e-01,8.615818619728088379e-02,8.560603857040405273e-02,1.019229087978601456e-02,-1.028836518526077271e-01,-1.502453386783599854e-01,-1.361953765153884888e-01,2.731119981035590172e-03,-5.851223133504390717e-03,1.568377912044525146e-01,1.530985683202743530e-01,1.209501028060913086e-01,1.391713917255401611e-01,-1.651322096586227417e-01,-4.561406001448631287e-02,-1.714871376752853394e-01,5.766931921243667603e-02,2.076442390680313110e-01,-5.879117175936698914e-02,-3.197033330798149109e-02,2.199663072824478149e-01,-1.810949444770812988e-01,-1.184429302811622620e-01,-1.586360335350036621e-01,-5.674728006124496460e-02
9.843733906745910645e-02,-1.603982150554656982e-01,1.760019659996032715e-01,-2.500626742839813232e-01,5.712878108024597168e-01,1.862902343273162842e-01,2.897565020248293877e-03,-3.309377431869506836e-01,1.000000476837158203e+00,2.341751605272293091e-01,8.076398074626922607e-02,-1.935696899890899658e-01,-1.998322457075119019e-02,-2.679874897003173828e-01,4.806717932224273682e-01,8.973212540149688721e-02,1.004568487405776978e-01,-2.004302144050598145e-01,2.430582791566848755e-02,-2.021076232194900513e-01,2.244589626789093018e-01,2.204735577106475830e-01,1.754823476076126099e-01,-9.479112178087234497e-02,3.553682863712310791e-01,1.184229925274848938e-01,2.044732570648193359e-01,1.040620580315589905e-01,-5.915101245045661926e-02,-2.062233984470367432e-01,1.377871036529541016e-01,6.926359236240386963e-02,-1.311126947402954102e-01,-1.786634325981140137e-01,3.291047811508178711e-01,2.625650167465209961e-01,1.162839978933334351e-01,-6.860872358083724976e-02,2.321079075336456299e-01,2.002303749322891235e-01,4.358575120568275452e-02,-6.287928670644760132e-02,-1.469020396471023560e-01,-1.529949009418487549e-01,-9.704428911209106445e-02,-3.726753294467926025e-01,-6.473730504512786865e-02,-1.325934231281280518e-01,-1.998105198144912720e-01,-1.576439589262008667e-01,-1.186897978186607361e-01,-1.842899173498153687e-01,-3.536972776055335999e-02,-1.237025409936904907e-01,-3.186531364917755127e-02,-1.301342155784368515e-02,5.383959040045738220e-02,-1.153642535209655762e-01,1.022583395242691040e-01,-5.388334020972251892e-02,1.806424409151077271e-01,-3.298145905137062073e-02,-9.357623755931854248e-02,-2.493456751108169556e-01,2.336357533931732178e-01,3.316625207662582397e-02,8.286979794502258301e-02,-1.121612116694450378e-01,4.649874195456504822e-02,-3.059882146771997213e-04,-6.743945926427841187e-02,2.481253445148468018e-01,-1.317966729402542114e-01,1.015625819563865662e-01,6.535221356898546219e-03,-2.007103338837623596e-02,-8.027359843254089355e-02,1.029927842319011688e-02,1.056567057967185974e-01,-2.502257376909255981e-02,5.757829919457435608e-02,-1.522958725690841675e-01,2.982901334762573242e-01,-1.667721420526504517e-01,2.404227405786514282e-01,-1.970832049846649170e-01,3.871089518070220947e-01,-6.506126374006271362e-02,1.333754360675811768e-01,-3.428510576486587524e-02,7.225859910249710083e-02,9.487456083297729492e-02,1.884402483701705933e-01,1.271961182355880737e-01,4.139629751443862915e-02,7.212199270725250244e-03,1.200594529509544373e-01,3.030240349471569061e-02,-2.242542058229446411e-01,-5.009005591273307800e-02,-3.075056523084640503e-02,7.795442640781402588e-02,-6.663548946380615234e-02,-5.766568332910537720e-02,2.857378870248794556e-02,-3.423889353871345520e-02,4.614161700010299683e-02,-1.602898538112640381e-01,-4.583218693733215332e-02,1.581568829715251923e-02,2.647287026047706604e-02,-7.760667055845260620e-02,1.375953387469053268e-02,8.762288093566894531e-02,6.308297812938690186e-02,-6.615768652409315109e-03
-1.082072183489799500e-01,-2.262851595878601074e-01,-1.880848407745361328e-01,-8.398073166608810425e-02,2.594420611858367920e-01,7.376901507377624512e-01,-2.898540198802947998e-01,7.991948723793029785e-02,2.341751605272293091e-01,1.000000000000000000e+00,-1.664004772901535034e-01,-1.938037872314453125e-01,-3.128971159458160400e-01,3.242526054382324219e-01,6.809458881616592407e-02,7.490965723991394043e-01,-8.595602214336395264e-02,-4.099545478820800781e-01,-2.310455441474914551e-01,-3.155966103076934814e-01,-1.381192952394485474e-01,2.180612534284591675e-01,-1.344484835863113403e-01,-4.245635494589805603e-02,2.050893157720565796e-01,5.314931273460388184e-01,1.556618064641952515e-01,2.384764999151229858e-01,-1.098018288612365723e-01,-4.294671863317489624e-02,1.249193772673606873e-01,3.720020353794097900e-01,-1.098880842328071594e-01,-8.567279577255249023e-02,-6.552065163850784302e-02,-1.642211154103279114e-02,7.680064439773559570e-02,-3.230224251747131348e-01,2.568326890468597412e-01,-2.187014669179916382e-01,-1.335742920637130737e-01,-2.856270372867584229e-01,-2.667499482631683350e-01,-5.335162207484245300e-02,-1.687825173139572144e-01,-1.319251358509063721e-01,-1.675617396831512451e-01,-1.280117034912109375e-01,-9.824611991643905640e-02,-6.214080750942230225e-02,-1.944012492895126343e-01,-2.128707766532897949e-01,-2.251107245683670044e-01,-1.796756237745285034e-01,-1.739884763956069946e-01,-2.073761075735092163e-01,-1.844800892286002636e-03,-1.466657072305679321e-01,-1.757421344518661499e-01,-1.971349269151687622e-01,-3.327505886554718018e-01,-2.574921846389770508e-01,-1.366490423679351807e-01,-2.526575028896331787e-01,-2.719235420227050781e-01,-2.514649331569671631e-01,-2.098121643066406250e-01,-2.958985269069671631e-01,-2.620932757854461670e-01,-2.374094724655151367e-01,-9.799896925687789917e-02,1.763329058885574341e-01,-1.745304912328720093e-01,-2.476180344820022583e-01,-1.162897869944572449e-01,-3.191221058368682861e-01,-2.713782489299774170e-01,-3.515016138553619385e-01,-8.755047619342803955e-02,-3.967413902282714844e-01,1.967253535985946655e-01,-2.275522053241729736e-01,2.380683273077011108e-01,5.760908871889114380e-02,-1.600788384675979614e-01,-3.197924196720123291e-01,1.705507189035415649e-01,-4.375075548887252808e-02,-2.012737244367599487e-01,-3.494441509246826172e-01,-1.482698768377304077e-01,-1.454098075628280640e-01,-4.682034999132156372e-02,-1.302565336227416992e-01,2.500965297222137451e-01,5.466952919960021973e-02,-6.932556163519620895e-03,-1.470503807067871094e-01,-2.022820711135864258e-01,1.908955280669033527e-03,-2.307166755199432373e-01,-1.962181776762008667e-01,-2.020696848630905151e-01,-2.982913255691528320e-01,-4.737100005149841309e-01,-4.039196968078613281e-01,-3.433218598365783691e-01,-3.119171559810638428e-01,1.642442643642425537e-01,4.638907313346862793e-02,8.024326711893081665e-02,2.885471284389495850e-01,-1.109260618686676025e-01,-7.360357046127319336e-02,-1.549275070428848267e-01,-9.911605715751647949e-02
4.702170491218566895e-01,2.436304278671741486e-02,2.299489974975585938e-01,-8.720145560801029205e-03,2.607171535491943359e-01,-6.406006962060928345e-02,5.151169300079345703e-01,-7.164867967367172241e-02,8.076398074626922607e-02,-1.664004772901535034e-01,9.999995231628417969e-01,2.435466647148132324e-02,5.766419172286987305e-01,-1.037711426615715027e-01,2.233489751815795898e-01,-1.096723228693008423e-01,3.677981197834014893e-01,-1.675779558718204498e-02,2.462501078844070435e-01,9.588503837585449219e-02,1.437091976404190063e-01,7.868988811969757080e-02,1.905212998390197754e-01,1.160571202635765076e-01,2.431089133024215698e-01,1.651904881000518799e-01,2.607561051845550537e-01,1.888442635536193848e-01,4.584334492683410645e-01,1.011089086532592773e-01,2.553602755069732666e-01,1.631729304790496826e-01,2.933507561683654785e-01,2.100538015365600586e-01,4.954170435667037964e-02,8.123919367790222168e-03,1.533627510070800781e-01,-5.187930911779403687e-02,2.850971557199954987e-02,5.575185269117355347e-02,1.353459805250167847e-01,1.239637956023216248e-01,5.744159221649169922e-02,4.677171632647514343e-02,1.774034649133682251e-01,1.952018216252326965e-02,9.775481373071670532e-02,6.567554548382759094e-03,9.154131263494491577e-02,-5.491441860795021057e-02,2.075355313718318939e-02,-7.175829261541366577e-03,5.434188619256019592e-02,-9.149220585823059082e-02,6.313963234424591064e-02,-1.360303163528442383e-02,1.997664719820022583e-01,-4.418002441525459290e-02,7.996656000614166260e-02,-5.355995893478393555e-02,2.509157359600067139e-01,-5.745585635304450989e-02,2.380473613739013672e-01,3.750262409448623657e-02,1.779389977455139160e-01,-3.982324153184890747e-03,1.371100693941116333e-01,-4.095385223627090454e-02,1.093766316771507263e-01,-5.224015563726425171e-02,1.750039309263229370e-01,2.187006473541259766e-01,1.570455282926559448e-01,2.120634466409683228e-01,1.911570876836776733e-01,2.027339786291122437e-01,2.346353381872177124e-01,1.161539107561111450e-01,1.392791420221328735e-01,5.329535342752933502e-03,2.460576742887496948e-01,-6.921353936195373535e-02,1.610154360532760620e-01,1.825724542140960693e-02,3.229154944419860840e-01,-3.724221885204315186e-02,-3.547816351056098938e-02,6.768412142992019653e-02,2.103240191936492920e-01,-2.318824641406536102e-02,6.120082736015319824e-02,-1.535333245992660522e-01,5.367691814899444580e-02,-2.020700089633464813e-02,4.362060874700546265e-02,1.233201194554567337e-02,7.288124412298202515e-02,-4.145749658346176147e-02,8.207951486110687256e-02,-1.995492912828922272e-02,8.384067565202713013e-02,9.776592999696731567e-02,1.503362953662872314e-01,1.234630048274993896e-01,2.075427174568176270e-01,1.464358121156692505e-01,-7.376736029982566833e-04,4.321729764342308044e-02,1.390470564365386963e-01,7.344321161508560181e-02,-1.746006426401436329e-03,7.817096263170242310e-02,1.929263211786746979e-02,1.132912039756774902e-01,1.046190112829208374e-01,2.334834039211273193e-01
-5.552534013986587524e-02,3.738552331924438477e-01,-6.140276044607162476e-02,3.397274315357208252e-01,-1.727649718523025513e-01,-1.849165409803390503e-01,5.706210434436798096e-02,4.342750906944274902e-01,-1.935696899890899658e-01,-1.938037872314453125e-01,2.435466647148132324e-02,9.999997615814208984e-01,1.009460017085075378e-01,3.920680284500122070e-01,4.728113859891891479e-02,-8.321291208267211914e-02,-6.853126734495162964e-02,4.731375873088836670e-01,1.300383955240249634e-01,3.975314795970916748e-01,9.017197787761688232e-02,4.220182448625564575e-02,2.277446445077657700e-03,7.883686572313308716e-02,-2.453603297472000122e-01,-2.581284344196319580e-01,-2.766232192516326904e-01,-2.976463735103607178e-01,2.259842157363891602e-01,4.771577119827270508e-01,1.728028953075408936e-01,6.657472997903823853e-02,2.671346068382263184e-01,3.825187981128692627e-01,-1.023406833410263062e-01,-1.449354141950607300e-01,7.485844194889068604e-03,3.500213325023651123e-01,9.361789375543594360e-02,2.555063664913177490e-01,2.185077220201492310e-02,2.662666141986846924e-01,1.358378976583480835e-01,1.780569404363632202e-01,-6.238624453544616699e-02,2.728773355484008789e-01,7.692302018404006958e-02,1.193665638566017151e-01,7.855069823563098907e-03,7.888280600309371948e-02,-5.948762968182563782e-02,9.953220188617706299e-02,-6.594301015138626099e-02,5.738219246268272400e-02,9.424799680709838867e-02,1.844155341386795044e-01,-1.647177636623382568e-01,2.838619947433471680e-01,-3.820247575640678406e-02,1.462880074977874756e-01,1.235064640641212463e-01,3.771549761295318604e-01,1.962291747331619263e-01,4.581038355827331543e-01,-4.181853309273719788e-02,7.918424904346466064e-02,-2.766769006848335266e-02,2.513190805912017822e-01,9.458987973630428314e-03,7.494986802339553833e-02,2.681710422039031982e-01,6.153922528028488159e-02,3.662218451499938965e-01,3.211223781108856201e-01,1.829007714986801147e-01,3.073250651359558105e-01,2.666821777820587158e-01,3.616131842136383057e-01,-2.982847020030021667e-02,2.975367307662963867e-01,-6.252747774124145508e-02,3.708152174949645996e-01,-2.799551188945770264e-02,3.268473148345947266e-01,-2.121390029788017273e-02,3.630481660366058350e-01,9.227150678634643555e-02,2.373393028974533081e-01,1.776835918426513672e-01,2.869927287101745605e-01,-1.143674254417419434e-01,9.228936582803726196e-02,-5.565951764583587646e-02,9.060906618833541870e-02,-2.919024974107742310e-02,5.653316527605056763e-02,8.343364298343658447e-02,1.456541568040847778e-01,2.450410425662994385e-01,1.261211335659027100e-01,1.813987195491790771e-01,8.579099178314208984e-02,1.610470861196517944e-01,2.570340931415557861e-01,-1.435494143515825272e-02,1.353279501199722290e-01,1.079557761549949646e-01,2.952038943767547607e-01,6.991121917963027954e-02,5.468137934803962708e-02,8.006809651851654053e-02,1.819919794797897339e-01,1.081566438078880310e-01,1.131627783179283142e-01,1.051917597651481628e-01,9.715642780065536499e-02
3.324131369590759277e-01,1.476204991340637207e-01,2.103566229343414307e-01,1.476383209228515625e-01,1.376471370458602905e-01,-1.635319739580154419e-01,5.889133214950561523e-01,3.946580365300178528e-02,-1.998322457075119019e-02,-3.128971159458160400e-01,5.766419172286987305e-01,1.009460017085075378e-01,9.999993443489074707e-01,-1.291641294956207275e-01,2.158217132091522217e-01,-2.370295822620391846e-01,1.331834346055984497e-01,1.265678852796554565e-01,1.292801946401596069e-01,1.647374480962753296e-01,1.418853104114532471e-01,1.450119912624359131e-01,2.301411032676696777e-01,2.443527430295944214e-01,1.953489333391189575e-01,9.389755874872207642e-02,2.362782806158065796e-01,2.116351574659347534e-01,4.370594620704650879e-01,1.606377363204956055e-01,2.058519124984741211e-01,1.604113727807998657e-01,1.838432252407073975e-01,2.215362340211868286e-01,9.878840297460556030e-03,5.547098070383071899e-02,1.298539787530899048e-01,7.610695809125900269e-02,-4.930167458951473236e-03,1.723175197839736938e-01,2.160417139530181885e-01,2.778477966785430908e-01,1.016084477305412292e-01,-2.522989735007286072e-02,1.622575968503952026e-01,6.838961504399776459e-03,1.480883657932281494e-01,-3.132885694503784180e-02,6.913947314023971558e-02,8.252986008301377296e-04,6.949291378259658813e-02,3.595117852091789246e-02,1.389855593442916870e-01,-6.601481139659881592e-02,2.003158032894134521e-01,3.650246933102607727e-02,1.546738594770431519e-01,7.239386439323425293e-02,1.978253126144409180e-01,1.316472738981246948e-01,4.223842322826385498e-01,1.276104301214218140e-01,1.577349305152893066e-01,4.821206629276275635e-02,2.722158432006835938e-01,1.164917647838592529e-01,1.824214160442352295e-01,1.216794550418853760e-01,2.704777121543884277e-01,1.444411426782608032e-01,2.522191405296325684e-01,9.961879253387451172e-02,2.751480638980865479e-01,1.200423091650009155e-01,1.984858810901641846e-01,2.447763979434967041e-01,3.054855167865753174e-01,1.685602962970733643e-01,3.442443534731864929e-02,1.537883132696151733e-01,1.129463538527488708e-01,2.917349897325038910e-02,1.866779848933219910e-02,7.867939025163650513e-02,3.414642214775085449e-01,1.030501052737236023e-01,-6.332547217607498169e-02,6.167170405387878418e-02,2.596673369407653809e-01,8.462641388177871704e-02,1.823370307683944702e-01,-8.917406201362609863e-02,1.945108324289321899e-01,3.844675794243812561e-02,2.922420576214790344e-02,2.124958857893943787e-02,2.714945585466921329e-04,-1.530065853148698807e-02,9.199553728103637695e-02,-3.922482952475547791e-02,2.777533233165740967e-01,1.248264387249946594e-01,2.594006359577178955e-01,1.336619257926940918e-01,2.235754877328872681e-01,1.800037771463394165e-01,1.210261695086956024e-02,1.443063914775848389e-01,1.082169115543365479e-01,4.990815371274948120e-02,1.144505199044942856e-02,6.714469939470291138e-02,1.493072975426912308e-02,8.199694752693176270e-02,7.313016802072525024e-02,1.431441158056259155e-01
