1.000000357627868652e+00,3.004854023456573486e-01,1.588016450405120850e-01,3.860527276992797852e-01,1.508785132318735123e-02,9.826692752540111542e-03,1.323568224906921387e-01,1.535058617591857910e-01,-9.870162233710289001e-03,2.821492031216621399e-02,4.111228883266448975e-01,1.171874534338712692e-02,1.993727236986160278e-01,1.378359794616699219e-01,3.902819752693176270e-02,-8.526866883039474487e-02,1.822854727506637573e-01,-1.034109368920326233e-01,2.728101680986583233e-04,2.729490101337432861e-01,-6.908029317855834961e-02,1.940655335783958435e-02,-4.432285949587821960e-02,7.897687703371047974e-02,1.132732853293418884e-01,1.152665615081787109e-01,8.586592227220535278e-02,9.217375516891479492e-02,2.482292950153350830e-01,-8.183185011148452759e-02,-3.812830522656440735e-02,-2.613711915910243988e-02,5.152519047260284424e-02,-9.233708842657506466e-04,-3.736988082528114319e-02,-9.364973008632659912e-02,1.664125770330429077e-01,1.366761792451143265e-02,5.156158655881881714e-02,-7.723504304885864258e-02,-4.727585613727569580e-02,-2.436824440956115723e-01,-6.869100034236907959e-02,-2.516889572143554688e-01,1.205452159047126770e-02,-1.287093460559844971e-01,-7.260046154260635376e-02,-3.040323257446289062e-01,1.270020455121994019e-01,-1.910518258810043335e-01,2.262180596590042114e-01,-1.042410656809806824e-01,1.432298868894577026e-01,-1.480891108512878418e-01,1.876390874385833740e-01,-2.112060934305191040e-01,5.192304253578186035e-01,2.498308122158050537e-01,1.229394227266311646e-01,5.555037409067153931e-03,3.910165429115295410e-01,3.350349515676498413e-02,3.282703161239624023e-01,2.610852010548114777e-02,8.865118026733398438e-02,-2.080680578947067261e-01,1.042336151003837585e-01,1.092028766870498657e-01,6.399645805358886719e-01,4.979163408279418945e-01,-1.247592940926551819e-01,-1.151693463325500488e-01,4.600607603788375854e-02,-4.830259084701538086e-02,-1.148919016122817993e-01,-2.113243937492370605e-01,1.214301511645317078e-01,5.637930706143379211e-03,1.174055561423301697e-01,-1.192562803626060486e-01,1.202552616596221924e-01,-3.051568567752838135e-01,1.139679923653602600e-01,-2.353292703628540039e-01,1.108695790171623230e-01,-2.703313231468200684e-01,-5.571001395583152771e-02,-1.342270970344543457e-01,6.488776206970214844e-02,-2.116057574748992920e-01,1.212915927171707153e-01,-1.889973878860473633e-01,-1.074801981449127197e-01,-2.973766624927520752e-01,-2.068075239658355713e-01,-9.029398858547210693e-02,-1.581092625856399536e-01,-2.034600079059600830e-01,-7.026565726846456528e-03,-3.071824908256530762e-01,-2.085523158311843872e-01,-3.068207204341888428e-01,-2.417217940092086792e-01,-2.894045114517211914e-01,-1.017615571618080139e-01,-3.359757363796234131e-01,-9.990251064300537109e-02,-1.557642072439193726e-01,-2.319091558456420898e-01,-2.703558504581451416e-01,-1.572515964508056641e-01,-1.956545114517211914e-01,-1.326533854007720947e-01,1.488191913813352585e-02,7.131882756948471069e-02,3.025479055941104889e-02
3.004854023456573486e-01,9.999998211860656738e-01,3.008309602737426758e-01,3.199352622032165527e-01,-5.144682526588439941e-02,-4.451739042997360229e-02,2.173327505588531494e-01,3.710989952087402344e-01,8.875279128551483154e-02,-1.558801275677978992e-03,7.853012531995773315e-02,4.016259312629699707e-01,-3.795260936021804810e-02,2.550339102745056152e-01,-4.725234955549240112e-02,-9.869936853647232056e-03,1.644416898488998413e-01,2.416569888591766357e-01,-3.016397356986999512e-01,2.076989561319351196e-01,-2.089950069785118103e-02,6.459009647369384766e-02,1.522688120603561401e-01,1.658214479684829712e-01,1.304974704980850220e-01,5.678942054510116577e-02,-1.038282066583633423e-01,-1.580798178911209106e-01,-4.456206783652305603e-02,-1.138682244345545769e-03,6.289886683225631714e-02,-4.878993332386016846e-02,3.350315988063812256e-01,3.063869178295135498e-01,1.854004561901092529e-01,3.473391011357307434e-02,-1.381417065858840942e-01,1.290262937545776367e-01,6.055395351722836494e-04,-1.527708861976861954e-02,9.112619608640670776e-02,7.798187434673309326e-02,-5.633967742323875427e-02,5.310124158859252930e-02,-2.430124208331108093e-02,1.936581432819366455e-01,-2.326926738023757935e-01,7.314496487379074097e-02,-3.924759104847908020e-02,2.152660489082336426e-01,2.219439893960952759e-01,4.662691950798034668e-01,9.650965034961700439e-02,4.203576594591140747e-02,-7.075063884258270264e-02,6.514003127813339233e-02,4.062482416629791260e-01,7.271937131881713867e-01,8.252103626728057861e-02,1.991015672683715820e-01,-1.475356426090002060e-02,3.246532380580902100e-01,-2.416327148675918579e-01,-9.931658953428268433e-02,2.483395487070083618e-02,5.529984831809997559e-02,1.069622784852981567e-01,2.441093772649765015e-01,4.252205193042755127e-01,4.796374142169952393e-01,-1.331533938646316528e-01,-7.882127910852432251e-02,-5.944403633475303650e-02,1.422768533229827881e-01,2.870654128491878510e-02,6.101500615477561951e-02,1.137677282094955444e-01,2.269071638584136963e-01,1.046047732234001160e-01,8.601678907871246338e-02,-1.376887857913970947e-01,1.661979593336582184e-02,-1.205198839306831360e-01,2.777410857379436493e-02,-1.464941203594207764e-01,9.706740081310272217e-02,-1.436881721019744873e-01,1.718875579535961151e-02,-2.547744214534759521e-01,1.189388632774353027e-01,-3.410679101943969727e-01,1.094059124588966370e-01,-1.451676785945892334e-01,6.754862517118453979e-02,1.097775027155876160e-01,1.489451229572296143e-01,-8.321762084960937500e-02,8.277162909507751465e-02,-9.423661231994628906e-02,1.576915383338928223e-02,-4.268599301576614380e-02,5.714653059840202332e-02,-6.706260144710540771e-02,3.306757658720016479e-02,9.374830871820449829e-03,-4.821067210286855698e-03,-2.675883173942565918e-01,-1.183460503816604614e-01,8.160594105720520020e-02,5.964364483952522278e-02,-1.007765606045722961e-01,-5.491135269403457642e-02,7.789366692304611206e-02,1.238116845488548279e-01,7.260382175445556641e-03,-7.489097863435745239e-02
1.588016450405120850e-01,3.008309602737426758e-01,1.000000357627868652e+00,6.165036559104919434e-01,-3.767741098999977112e-02,-9.233541786670684814e-02,5.943843126296997070e-01,4.775684773921966553e-01,6.529578566551208496e-02,1.862297579646110535e-02,-3.181004524230957031e-02,1.708003133535385132e-02,7.217118889093399048e-02,1.401365399360656738e-01,-9.396485984325408936e-02,-3.137245401740074158e-02,4.447337239980697632e-02,5.877323076128959656e-02,1.946294307708740234e-01,3.958278894424438477e-01,-1.290846243500709534e-02,-5.439194850623607635e-03,4.260078668594360352e-01,4.231217801570892334e-01,1.108627617359161377e-01,1.277498453855514526e-01,-2.551328204572200775e-02,-9.199915826320648193e-02,1.540801823139190674e-01,-5.583783984184265137e-02,2.730139195919036865e-01,2.019568830728530884e-01,2.336274236440658569e-01,3.645958900451660156e-01,6.526132673025131226e-02,-1.772661879658699036e-02,2.414715290069580078e-02,-1.070684865117073059e-01,-2.228412590920925140e-02,-1.852836087346076965e-02,-1.157725602388381958e-02,-3.147400170564651489e-02,-8.804100751876831055e-02,-1.633391082286834717e-01,-3.348917467519640923e-03,3.891848772764205933e-02,-1.823281198740005493e-01,-1.842031031847000122e-01,8.946684747934341431e-02,6.331900367513298988e-04,1.649289391934871674e-02,-3.540276549756526947e-03,-3.105202317237854004e-02,-1.638399362564086914e-01,3.662600740790367126e-02,-1.648876219987869263e-01,1.212374195456504822e-01,2.424327731132507324e-01,2.889279834926128387e-02,1.111051347106695175e-02,4.047382250428199768e-02,8.379723131656646729e-02,3.868922963738441467e-02,-1.054251417517662048e-01,7.304609566926956177e-02,7.403212785720825195e-02,1.759922653436660767e-01,1.876409500837326050e-01,1.364949196577072144e-01,9.898184239864349365e-02,-4.000293835997581482e-02,-3.881149739027023315e-02,-3.459924831986427307e-03,-1.535199023783206940e-02,-1.638860255479812622e-02,-4.373480379581451416e-02,2.861554175615310669e-02,6.499477475881576538e-02,6.777051836252212524e-02,6.200625374913215637e-02,2.491906099021434784e-02,-2.170045860111713409e-02,-1.999735273420810699e-02,-1.114681363105773926e-01,4.277625679969787598e-02,-1.563767194747924805e-01,-8.533748239278793335e-02,-7.930956035852432251e-02,-1.300345920026302338e-02,-7.702953368425369263e-02,-8.831043541431427002e-02,-1.227131485939025879e-01,-5.760776251554489136e-02,-1.104872450232505798e-01,-1.622368693351745605e-01,1.319015771150588989e-01,-1.554466634988784790e-01,-1.067411387339234352e-03,-8.231056481599807739e-02,-1.008114889264106750e-01,-9.243058413267135620e-02,-1.920741945505142212e-01,-1.103125885128974915e-01,-1.420037746429443359e-01,8.881217241287231445e-02,4.738804325461387634e-02,-1.584776341915130615e-01,-1.125174090266227722e-01,-6.059730798006057739e-02,-9.339068084955215454e-02,-1.440596729516983032e-01,-7.667229324579238892e-02,-3.377296403050422668e-02,4.651930928230285645e-02,1.349821984767913818e-01,3.747402923181653023e-03
3.860527276992797852e-01,3.199352622032165527e-01,6.165036559104919434e-01,9.999999403953552246e-01,4.706424847245216370e-02,-2.739395480602979660e-03,5.790112614631652832e-01,6.201460957527160645e-01,1.066914796829223633e-01,1.427670717239379883e-01,1.125349104404449463e-01,1.319520324468612671e-01,1.581027507781982422e-01,2.920511364936828613e-01,1.613588258624076843e-02,4.232221096754074097e-02,-1.960463449358940125e-02,1.141546759754419327e-02,2.128922641277313232e-01,4.538962841033935547e-01,1.944418251514434814e-02,-3.265596926212310791e-03,3.222092688083648682e-01,4.766760766506195068e-01,1.081275716423988342e-01,1.435563564300537109e-01,8.439573645591735840e-02,5.186511203646659851e-02,2.493432909250259399e-01,5.047068372368812561e-02,1.796833425760269165e-01,1.511702239513397217e-01,2.118424624204635620e-01,3.477886915206909180e-01,1.337347831577062607e-02,-8.978074043989181519e-02,7.738830894231796265e-02,6.637258082628250122e-02,4.861284419894218445e-02,5.423446372151374817e-02,-7.456561084836721420e-03,2.010102197527885437e-02,-9.815119951963424683e-02,-1.871488392353057861e-01,6.691225618124008179e-02,5.138041079044342041e-02,-2.265450805425643921e-01,-1.935966461896896362e-01,1.436933130025863647e-01,1.162006612867116928e-02,1.415943074971437454e-02,-1.598085649311542511e-02,-5.267465114593505859e-02,-1.524850875139236450e-01,9.446711838245391846e-02,-7.182332128286361694e-02,1.722328066825866699e-01,2.401479333639144897e-01,6.640882790088653564e-02,9.933879226446151733e-02,7.032672315835952759e-02,5.050849169492721558e-02,3.080998361110687256e-02,-8.315919339656829834e-02,5.209924280643463135e-02,-2.366499416530132294e-02,1.989033222198486328e-01,2.423349916934967041e-01,3.079624772071838379e-01,3.529580831527709961e-01,-3.640762297436594963e-03,4.891343042254447937e-02,9.752951562404632568e-02,7.835671305656433105e-02,3.312691673636436462e-02,-8.894547820091247559e-02,8.403275161981582642e-02,1.037248447537422180e-01,6.749586760997772217e-02,1.032133027911186218e-02,-2.247402444481849670e-02,-7.427725940942764282e-02,1.256457902491092682e-02,-7.292029261589050293e-02,1.935651153326034546e-02,-1.083867326378822327e-01,-7.354498654603958130e-02,-3.706402331590652466e-02,-1.241592597216367722e-02,-4.381353035569190979e-02,-9.914527088403701782e-02,-1.895414888858795166e-01,-1.780676394701004028e-01,-1.908368617296218872e-01,-1.457836031913757324e-01,1.233397275209426880e-01,-1.816484779119491577e-01,7.954547181725502014e-03,-8.513651788234710693e-02,-1.211612448096275330e-01,-2.117214649915695190e-01,-2.155035138130187988e-01,-1.834183037281036377e-01,-1.625563800334930420e-01,8.122118562459945679e-02,-3.881039470434188843e-02,-1.146949157118797302e-01,-8.997672796249389648e-02,-6.747987121343612671e-02,-1.408638954162597656e-01,-1.183853819966316223e-01,-4.214550927281379700e-02,-9.121247567236423492e-03,1.063353791832923889e-01,1.315488666296005249e-01,2.179496735334396362e-02
1.508785132318735123e-02,-5.144682526588439941e-02,-3.767741098999977112e-02,4.706424847245216370e-02,1.000000119209289551e+00,7.380657792091369629e-01,3.047200385481119156e-03,-5.182950198650360107e-02,3.767716586589813232e-01,4.082499146461486816e-01,6.853818893432617188e-02,1.991529716178774834e-03,5.162370949983596802e-02,2.408660249784588814e-03,3.194479942321777344e-01,4.311967492103576660e-01,2.522601000964641571e-02,1.125982590019702911e-02,1.623536050319671631e-01,8.118934184312820435e-02,2.856059372425079346e-01,-1.607288420200347900e-02,-2.638986892998218536e-02,1.786667257547378540e-01,1.572547256946563721e-01,1.550997495651245117e-01,5.552679300308227539e-01,4.951229691505432129e-01,1.225655078887939453e-01,1.247336789965629578e-01,-5.821433663368225098e-02,2.618965692818164825e-02,2.702466398477554321e-02,1.021641641855239868e-01,8.814297616481781006e-02,8.622118830680847168e-02,7.216022163629531860e-02,1.352932602167129517e-01,5.497002974152565002e-02,2.281389236450195312e-01,8.390462026000022888e-03,9.117987006902694702e-02,2.055023424327373505e-02,-2.151871845126152039e-02,1.229981705546379089e-01,4.750487953424453735e-02,-2.967171557247638702e-02,-1.532104704529047012e-02,1.653955280780792236e-01,3.512053191661834717e-02,2.559974603354930878e-02,-3.957163915038108826e-02,4.505915194749832153e-02,1.209558919072151184e-02,7.036075741052627563e-02,5.201133713126182556e-02,-6.246743723750114441e-03,-7.141285389661788940e-02,7.016520947217941284e-02,2.729654870927333832e-02,2.684600837528705597e-02,-3.751026466488838196e-02,-3.399997204542160034e-02,-5.872111022472381592e-02,2.324742823839187622e-02,-2.688070759177207947e-02,1.239841878414154053e-01,1.049060374498367310e-01,3.027890995144844055e-02,8.142371475696563721e-02,9.481608122587203979e-02,8.741290867328643799e-02,3.221364915370941162e-01,1.428625434637069702e-01,-7.932122796773910522e-02,-2.266593044623732567e-03,7.074920833110809326e-02,1.061333566904067993e-01,-4.050996154546737671e-02,2.841726690530776978e-02,-2.846068516373634338e-02,-7.944754511117935181e-02,1.170171573758125305e-01,1.256950795650482178e-01,7.651428692042827606e-03,-4.165019094944000244e-02,-5.420713499188423157e-02,1.134963631629943848e-01,-3.968964889645576477e-02,2.014766447246074677e-03,6.221020966768264771e-02,-1.159994304180145264e-02,7.251423597335815430e-02,6.568195298314094543e-03,3.480114042758941650e-02,1.115999519824981689e-01,-9.800973534584045410e-02,3.826707135885953903e-03,2.273571491241455078e-02,4.047583788633346558e-02,-5.347038805484771729e-02,-3.613754361867904663e-02,2.347526326775550842e-02,-3.179461054969578981e-05,1.692695468664169312e-01,1.021582484245300293e-01,1.565567404031753540e-01,4.421282559633255005e-02,9.938669949769973755e-02,4.107690975069999695e-02,-3.171079605817794800e-02,1.071752458810806274e-01,7.485932856798171997e-02,7.732103765010833740e-02,4.209497570991516113e-02,1.662556678056716919e-01
9.826692752540111542e-03,-4.451739042997360229e-02,-9.233541786670684814e-02,-2.739395480602979660e-03,7.380657792091369629e-01,1.000000476837158203e+00,-7.816985249519348145e-02,-7.015994191169738770e-02,3.129880428314208984e-01,3.939148485660552979e-01,5.578607693314552307e-02,5.197628214955329895e-02,-4.307332262396812439e-02,-1.989330910146236420e-02,2.758369445800781250e-01,4.108180701732635498e-01,1.100551430135965347e-02,1.762320473790168762e-02,1.752530485391616821e-01,7.672979682683944702e-02,2.442816942930221558e-01,-1.840311847627162933e-02,4.639530926942825317e-02,1.523513197898864746e-01,1.336244195699691772e-01,1.251417547464370728e-01,4.579598009586334229e-01,4.000776708126068115e-01,1.089292690157890320e-01,1.524104326963424683e-01,-1.196815967559814453e-01,-1.578319631516933441e-02,7.316800951957702637e-02,1.291678696870803833e-01,1.039127185940742493e-01,1.438169330358505249e-01,2.671630866825580597e-02,9.533471614122390747e-02,-6.034449487924575806e-02,1.029190346598625183e-01,4.973629489541053772e-02,9.277275949716567993e-02,5.521554127335548401e-02,2.007091790437698364e-02,9.856816381216049194e-02,1.026950851082801819e-01,-1.897281408309936523e-02,2.181649440899491310e-03,1.200334802269935608e-01,5.337091162800788879e-02,-2.584567852318286896e-02,-5.860342085361480713e-02,4.507349058985710144e-02,5.895871669054031372e-03,1.653701625764369965e-02,3.434295952320098877e-02,-4.295280203223228455e-02,-1.122138351202011108e-01,3.860983997583389282e-02,-2.114451257511973381e-03,6.411467329598963261e-04,-2.744885161519050598e-02,-6.102309376001358032e-02,-1.920242048799991608e-02,-2.429743111133575439e-02,1.748943701386451721e-02,1.142820417881011963e-01,1.093612536787986755e-01,5.031633377075195312e-02,6.862310320138931274e-02,5.184178799390792847e-02,1.094425693154335022e-01,2.857367098331451416e-01,1.340061128139495850e-01,-1.783070862293243408e-01,-9.400016069412231445e-02,-1.896176859736442566e-02,-2.141224034130573273e-02,-6.185167655348777771e-02,-6.930035352706909180e-02,-5.142531543970108032e-02,-5.204793065786361694e-02,1.234039217233657837e-01,1.681590527296066284e-01,4.934072028845548630e-03,4.036958795040845871e-03,2.130011469125747681e-02,2.253629267215728760e-01,-8.876639604568481445e-02,6.010400503873825073e-02,6.162077933549880981e-02,1.881023310124874115e-02,6.251558661460876465e-02,6.732991337776184082e-02,4.533993452787399292e-02,7.688946276903152466e-02,-1.246793866157531738e-01,-2.351260278373956680e-03,2.504894323647022247e-02,9.299592673778533936e-02,-4.917002096772193909e-02,3.336649853736162186e-03,4.453276097774505615e-02,4.127958044409751892e-02,1.121733859181404114e-01,9.181923419237136841e-02,1.175377219915390015e-01,1.023386195302009583e-01,7.783681899309158325e-02,7.852122187614440918e-02,7.803748827427625656e-03,1.210342198610305786e-01,8.871788531541824341e-02,7.951353490352630615e-02,8.447091281414031982e-02,1.918442547321319580e-01
1.323568224906921387e-01,2.173327505588531494e-01,5.943843126296997070e-01,5.790112614631652832e-01,3.047200385481119156e-03,-7.816985249519348145e-02,1.000000119209289551e+00,6.407190561294555664e-01,1.656642705202102661e-01,2.533732727169990540e-02,6.375487893819808960e-02,9.569520503282546997e-02,2.768350243568420410e-01,2.944895327091217041e-01,5.548604950308799744e-02,-7.327729463577270508e-02,-1.256934851408004761e-01,7.433283329010009766e-02,1.118781603872776031e-02,2.261083573102951050e-01,-3.078481182456016541e-03,7.074402272701263428e-02,3.032611906528472900e-01,3.958057761192321777e-01,8.790989965200424194e-02,2.098586410284042358e-02,-6.412842124700546265e-02,-9.982250630855560303e-02,1.910361051559448242e-01,6.288304924964904785e-02,3.067060708999633789e-01,1.936940401792526245e-01,1.732313036918640137e-01,2.307933717966079712e-01,5.454276502132415771e-02,1.502956077456474304e-02,2.050775289535522461e-02,-3.100685775279998779e-02,4.174657166004180908e-02,2.761646173894405365e-02,5.189781635999679565e-02,6.069714576005935669e-02,-1.117035970091819763e-01,-5.676742643117904663e-02,-1.555933710187673569e-02,4.972134530544281006e-02,-8.791272342205047607e-02,-4.664963856339454651e-02,-2.023407444357872009e-02,2.299742214381694794e-02,-9.942574799060821533e-02,1.068976335227489471e-02,-1.235233545303344727e-01,-1.537232547998428345e-01,-2.617523819208145142e-02,-2.189361117780208588e-02,2.415842749178409576e-02,1.755774170160293579e-01,-9.074619971215724945e-03,4.985757544636726379e-02,-8.434263616800308228e-02,6.244383752346038818e-02,-6.749904155731201172e-02,-1.257056295871734619e-01,3.567426279187202454e-02,4.597761109471321106e-02,1.126976013183593750e-01,1.924299448728561401e-01,7.722408324480056763e-02,9.904880076646804810e-02,6.077856570482254028e-02,9.711929410696029663e-02,2.620930783450603485e-02,1.152372434735298157e-01,1.081434637308120728e-01,-1.061465404927730560e-02,-1.267024036496877670e-02,4.217737168073654175e-02,-1.140220649540424347e-02,8.152037113904953003e-02,-3.403273597359657288e-02,8.747311308979988098e-03,4.602311551570892334e-02,3.591014444828033447e-02,1.792703010141849518e-02,-6.411015987396240234e-02,-5.289756506681442261e-02,3.983653709292411804e-02,-1.027486175298690796e-01,-1.768639869987964630e-02,-1.658940166234970093e-01,-1.156010553240776062e-01,-1.294711381196975708e-01,-4.216551780700683594e-02,-1.569089889526367188e-01,7.621659338474273682e-02,-6.265921145677566528e-02,5.134457349777221680e-02,-2.905584312975406647e-02,-2.817360684275627136e-02,-2.875000052154064178e-02,1.789569482207298279e-02,2.735368162393569946e-02,9.502749890089035034e-02,6.246090680360794067e-02,3.339297696948051453e-02,-4.307662323117256165e-02,-2.835499681532382965e-02,1.728544011712074280e-02,-6.553838402032852173e-02,-1.033646911382675171e-01,-2.422418817877769470e-02,4.218014422804117203e-03,1.460134424269199371e-02,3.437212854623794556e-02,-4.175281897187232971e-02
1.535058617591857910e-01,3.710989952087402344e-01,4.775684773921966553e-01,6.201460957527160645e-01,-5.182950198650360107e-02,-7.015994191169738770e-02,6.407190561294555664e-01,9.999997615814208984e-01,2.377480417490005493e-01,1.583010256290435791e-01,1.824592500925064087e-01,2.844102680683135986e-01,3.656962215900421143e-01,4.917605817317962646e-01,3.525410592555999756e-02,3.344816341996192932e-02,-7.183087291195988655e-05,2.044423967599868774e-01,-8.652172982692718506e-02,1.201319396495819092e-01,-2.006359025835990906e-02,8.379948139190673828e-02,3.511708676815032959e-01,3.879607021808624268e-01,1.119262948632240295e-01,6.461430341005325317e-02,-7.047004997730255127e-02,-4.814109578728675842e-02,2.604823112487792969e-01,2.385666668415069580e-01,3.001061975955963135e-01,2.124546915292739868e-01,2.078022807836532593e-01,2.508632838726043701e-01,8.911815285682678223e-02,2.771136537194252014e-02,7.255643606185913086e-02,1.426184028387069702e-01,7.681477069854736328e-02,1.076996400952339172e-01,2.169078588485717773e-01,1.413533538579940796e-01,-1.001792214810848236e-02,2.167703025043010712e-02,1.087574064731597900e-01,2.120240181684494019e-01,-6.676582992076873779e-02,3.721623495221138000e-02,8.223680406808853149e-02,1.990600973367691040e-01,-1.731910370290279388e-02,1.484232246875762939e-01,-6.668175756931304932e-02,-7.303388416767120361e-02,4.357744753360748291e-02,8.028767257928848267e-02,1.002631336450576782e-01,3.492760360240936279e-01,1.592064648866653442e-01,3.067651391029357910e-01,-2.709335088729858398e-02,3.007950484752655029e-01,-1.081172823905944824e-01,6.053972244262695312e-02,1.191541329026222229e-01,2.098615616559982300e-01,2.514248192310333252e-01,3.588857948780059814e-01,1.058915629982948303e-01,1.559336036443710327e-01,5.597902089357376099e-02,9.657044708728790283e-02,9.232367575168609619e-02,1.870616376399993896e-01,1.055147573351860046e-01,-1.023256033658981323e-02,4.031071066856384277e-02,1.001271530985832214e-01,1.294364482164382935e-01,1.083167642354965210e-01,1.986989378929138184e-02,2.106078118085861206e-01,3.585558012127876282e-02,1.494117528200149536e-01,7.201486080884933472e-02,1.470372080802917480e-01,4.869943857192993164e-02,1.515754908323287964e-01,-1.099219173192977905e-01,1.238480135798454285e-01,-1.804044991731643677e-01,-6.904982775449752808e-02,-1.353655308485031128e-01,1.126109063625335693e-02,-8.389724825974553823e-05,1.172998622059822083e-01,-1.065764389932155609e-02,6.982745230197906494e-02,-4.325434565544128418e-03,2.099505625665187836e-02,-1.236826926469802856e-02,8.628380298614501953e-02,1.016454072669148445e-03,1.206379085779190063e-01,8.084905147552490234e-02,9.225875139236450195e-02,-4.601570218801498413e-02,3.824667260050773621e-02,6.725011765956878662e-02,-4.017423838376998901e-03,-7.755010575056076050e-02,5.487260222434997559e-02,8.398458361625671387e-02,9.062914550304412842e-02,2.555137127637863159e-02,2.362213842570781708e-02
-9.870162233710289001e-03,8.875279128551483154e-02,6.529578566551208496e-02,1.066914796829223633e-01,3.767716586589813232e-01,3.129880428314208984e-01,1.656642705202102661e-01,2.377480417490005493e-01,1.000000357627868652e+00,5.461170673370361328e-01,2.614350616931915283e-01,2.403778284788131714e-01,2.911214530467987061e-01,2.953614592552185059e-01,5.919287204742431641e-01,4.902144372463226318e-01,8.385036885738372803e-02,1.472760885953903198e-01,-4.746321588754653931e-02,1.511362846940755844e-02,2.775129675865173340e-01,8.928832411766052246e-02,2.431630939245223999e-01,3.673362731933593750e-01,2.870345301926136017e-02,6.302231550216674805e-02,9.230123460292816162e-02,1.347084343433380127e-01,3.300720453262329102e-01,2.993264198303222656e-01,2.165255248546600342e-01,1.632278710603713989e-01,1.820388883352279663e-01,2.191434502601623535e-01,1.878025829792022705e-01,1.504424065351486206e-01,1.007742509245872498e-01,5.135002359747886658e-02,1.178557425737380981e-01,2.014555782079696655e-01,2.372908294200897217e-01,2.041216492652893066e-01,1.375225633382797241e-01,2.619140781462192535e-02,2.659302055835723877e-01,2.327977120876312256e-01,1.455414444208145142e-01,6.465628743171691895e-02,2.593101263046264648e-01,2.274691611528396606e-01,1.184688061475753784e-01,7.723864912986755371e-02,9.827141463756561279e-02,7.141861319541931152e-02,1.935911327600479126e-01,9.901996701955795288e-02,2.837128564715385437e-02,7.512710988521575928e-02,2.455982416868209839e-01,2.491348534822463989e-01,1.605124771595001221e-02,1.427972316741943359e-01,-6.425859779119491577e-02,7.619560509920120239e-02,1.032513678073883057e-01,1.062188223004341125e-01,3.479807078838348389e-01,3.562659323215484619e-01,7.399291265755891800e-03,3.300961107015609741e-02,1.816731542348861694e-01,1.423566192388534546e-01,2.717826664447784424e-01,1.583665013313293457e-01,9.270710870623588562e-03,7.729806005954742432e-02,1.479615867137908936e-01,1.187631860375404358e-01,1.293324828147888184e-01,8.154814690351486206e-02,8.550406992435455322e-02,7.831596583127975464e-02,7.773959636688232422e-02,1.849690824747085571e-01,9.021241962909698486e-02,8.713843673467636108e-02,-1.208521649241447449e-01,1.535657942295074463e-01,-6.641554832458496094e-02,5.658236145973205566e-02,2.796186320483684540e-02,7.713767886161804199e-02,1.482049077749252319e-01,1.136340722441673279e-01,1.122194081544876099e-01,1.406383663415908813e-01,-1.746796257793903351e-02,5.570849776268005371e-02,4.129617661237716675e-02,7.377952337265014648e-02,3.743032366037368774e-02,1.281325612217187881e-02,-2.247039228677749634e-02,5.615785717964172363e-03,2.273046821355819702e-01,1.166824549436569214e-01,5.190842598676681519e-02,3.211707621812820435e-02,2.021115124225616455e-01,1.508578360080718994e-01,-1.069236323237419128e-01,5.978227406740188599e-02,2.826582640409469604e-02,4.832585901021957397e-02,-8.683248423039913177e-03,1.677307188510894775e-01
2.821492031216621399e-02,-1.558801275677978992e-03,1.862297579646110535e-02,1.427670717239379883e-01,4.082499146461486816e-01,3.939148485660552979e-01,2.533732727169990540e-02,1.583010256290435791e-01,5.461170673370361328e-01,9.999994635581970215e-01,2.247307300567626953e-01,2.426478415727615356e-01,2.632623016834259033e-01,2.766738831996917725e-01,4.629613459110260010e-01,5.553994774818420410e-01,9.782102704048156738e-02,1.227507442235946655e-01,1.511275023221969604e-01,1.160223186016082764e-01,1.822686791419982910e-01,1.131187826395034790e-01,2.619782984256744385e-01,3.229354619979858398e-01,4.728149250149726868e-02,6.244580075144767761e-02,1.489923298358917236e-01,2.039188444614410400e-01,2.862080335617065430e-01,3.296948075294494629e-01,9.509491175413131714e-02,1.962509751319885254e-01,6.087653711438179016e-02,1.475543677806854248e-01,1.014444902539253235e-01,1.685128509998321533e-01,9.961636364459991455e-02,1.639419794082641602e-01,1.512168440967798233e-02,1.726103127002716064e-01,8.719446510076522827e-02,1.693743169307708740e-01,2.050053030252456665e-01,5.698353424668312073e-02,3.798088431358337402e-01,2.795710861682891846e-01,2.090763449668884277e-01,1.197653710842132568e-01,3.829691112041473389e-01,2.629495561122894287e-01,1.622727215290069580e-01,5.037672072649002075e-02,1.656021624803543091e-01,1.462498456239700317e-01,2.359712272882461548e-01,2.109456360340118408e-01,-1.376489643007516861e-02,-8.985236287117004395e-03,2.620099782943725586e-01,2.160238623619079590e-01,9.185478091239929199e-02,8.221119642257690430e-02,1.559711527079343796e-02,1.332677304744720459e-01,8.921512216329574585e-02,1.150650605559349060e-01,3.494454622268676758e-01,3.102776110172271729e-01,3.918290510773658752e-02,4.698548093438148499e-02,1.375618129968643188e-01,1.494332849979400635e-01,1.951783299446105957e-01,1.222888603806495667e-01,-5.887159705162048340e-02,-6.401803344488143921e-03,1.445631980895996094e-01,9.701751917600631714e-02,1.573048532009124756e-02,8.834941685199737549e-02,7.678395509719848633e-02,6.805872172117233276e-02,1.445650458335876465e-01,2.125119864940643311e-01,6.217846274375915527e-02,1.389209032058715820e-01,-7.557848934084177017e-03,1.570956707000732422e-01,6.318120658397674561e-02,1.639418005943298340e-01,1.868020594120025635e-01,1.440806537866592407e-01,2.052794694900512695e-01,8.874791115522384644e-02,1.631381064653396606e-01,1.675580739974975586e-01,2.254411391913890839e-02,8.525087684392929077e-02,6.266500055789947510e-02,1.499050706624984741e-01,1.589070423506200314e-03,-4.969020932912826538e-02,-2.936375327408313751e-02,-3.909630328416824341e-02,1.558992266654968262e-01,4.816714301705360413e-02,1.287762522697448730e-01,5.753881484270095825e-02,8.620740473270416260e-02,9.249511361122131348e-02,2.145146206021308899e-02,1.339506804943084717e-01,9.540733695030212402e-02,-5.606826161965727806e-04,-2.866056561470031738e-02,1.495355963706970215e-01
4.111228883266448975e-01,7.853012531995773315e-02,-3.181004524230957031e-02,1.125349104404449463e-01,6.853818893432617188e-02,5.578607693314552307e-02,6.375487893819808960e-02,1.824592500925064087e-01,2.614350616931915283e-01,2.247307300567626953e-01,9.999998211860656738e-01,3.811617195606231689e-01,4.823413193225860596e-01,4.411446154117584229e-01,2.198214083909988403e-01,7.705765217542648315e-02,2.169317603111267090e-01,1.381263583898544312e-01,-1.084491759538650513e-01,-8.733646571636199951e-02,4.830801486968994141e-02,1.291205286979675293e-01,1.095622703433036804e-01,1.802809685468673706e-01,-3.094197716563940048e-03,7.102137058973312378e-02,3.443261981010437012e-02,3.910812363028526306e-02,4.138417541980743408e-01,2.371879220008850098e-01,9.598664194345474243e-02,1.001991257071495056e-01,-1.776256412267684937e-02,-7.193131744861602783e-02,3.840501233935356140e-02,2.734558470547199249e-02,3.056735098361968994e-01,1.130741685628890991e-01,1.467188000679016113e-01,9.448494017124176025e-02,2.412243783473968506e-01,5.251062568277120590e-03,1.680326312780380249e-01,-1.740343309938907623e-02,3.145594596862792969e-01,2.194827198982238770e-01,1.403222829103469849e-01,-6.070502102375030518e-02,2.677431106567382812e-01,1.390866339206695557e-01,1.988469660282135010e-01,2.963973768055438995e-02,1.800984740257263184e-01,-4.731810837984085083e-02,2.852167785167694092e-01,1.127634346485137939e-01,1.607808917760848999e-01,1.375683844089508057e-01,2.797251045703887939e-01,2.812595367431640625e-01,2.369645833969116211e-01,2.915410101413726807e-01,1.934882551431655884e-01,3.475169837474822998e-01,2.011875212192535400e-01,1.559832692146301270e-01,2.596138417720794678e-01,2.536632418632507324e-01,1.021212786436080933e-01,7.976561039686203003e-02,9.534788131713867188e-02,3.761237859725952148e-02,1.699012815952301025e-01,1.304472088813781738e-01,-6.895247846841812134e-02,-8.154962956905364990e-02,1.277749538421630859e-01,9.903521090745925903e-02,2.003949135541915894e-01,5.186210572719573975e-02,2.373140752315521240e-01,1.103266552090644836e-01,3.147795498371124268e-01,1.847356408834457397e-01,3.260638117790222168e-01,2.060068994760513306e-01,2.336240708827972412e-01,2.342641502618789673e-01,1.997783333063125610e-01,1.875655949115753174e-01,2.174586504697799683e-01,6.096365675330162048e-02,5.461590364575386047e-02,2.353697456419467926e-02,9.386588633060455322e-02,9.604778140783309937e-02,3.726948425173759460e-02,1.066510751843452454e-02,1.373029053211212158e-01,4.663725383579730988e-03,1.071408763527870178e-01,6.295245140790939331e-02,2.034573443233966827e-02,6.146869808435440063e-02,-1.107607316225767136e-02,-1.080517843365669250e-01,1.063370928168296814e-01,2.736609280109405518e-01,8.876563608646392822e-02,4.849791154265403748e-02,-1.722075045108795166e-02,-1.049234569072723389e-01,-2.501429407857358456e-04,4.691590368747711182e-02,2.815439738333225250e-02,1.176923513412475586e-01
1.171874534338712692e-02,4.016259312629699707e-01,1.708003133535385132e-02,1.319520324468612671e-01,1.991529716178774834e-03,5.197628214955329895e-02,9.569520503282546997e-02,2.844102680683135986e-01,2.403778284788131714e-01,2.426478415727615356e-01,3.811617195606231689e-01,1.000000596046447754e+00,2.195747196674346924e-01,6.039292812347412109e-01,2.268712669610977173e-01,2.761201262474060059e-01,2.853684313595294952e-02,3.769256770610809326e-01,-2.744476795196533203e-01,-1.496586352586746216e-01,1.165734007954597473e-01,2.117594331502914429e-01,2.279789149761199951e-01,2.599946856498718262e-01,-3.403636068105697632e-02,-2.945360355079174042e-02,-9.529199451208114624e-02,-1.135313212871551514e-01,5.733749642968177795e-02,3.012493550777435303e-01,9.897223860025405884e-02,7.300326973199844360e-02,2.465766668319702148e-02,6.640513241291046143e-02,6.610537320375442505e-02,9.263430535793304443e-02,-8.762611448764801025e-02,1.742266118526458740e-01,-7.498132437467575073e-02,7.192549109458923340e-02,1.651611626148223877e-01,2.750341296195983887e-01,2.282101064920425415e-01,3.013532459735870361e-01,2.188984751701354980e-01,4.263157844543457031e-01,7.714925799518823624e-03,2.662491798400878906e-01,1.126053780317306519e-01,4.180628061294555664e-01,1.241182312369346619e-01,4.380990266799926758e-01,1.528804302215576172e-01,2.073526829481124878e-01,-1.623445190489292145e-02,3.778269290924072266e-01,-6.665633618831634521e-02,3.485450744628906250e-01,1.711539551615715027e-02,2.800954580307006836e-01,-1.906501352787017822e-01,3.611637949943542480e-01,-3.350010514259338379e-01,2.545911967754364014e-01,-7.674362510442733765e-02,2.328514009714126587e-01,7.345879077911376953e-02,2.740177810192108154e-01,-5.209447816014289856e-02,2.927111089229583740e-02,3.863091021776199341e-02,1.181078329682350159e-01,2.573125995695590973e-03,1.838039159774780273e-01,-3.698906302452087402e-02,5.448103696107864380e-02,-1.364548318088054657e-02,1.175455749034881592e-01,5.481681320816278458e-03,1.639939099550247192e-01,-1.364592462778091431e-01,2.558851242065429688e-01,9.298239648342132568e-02,4.612950980663299561e-01,-2.914853766560554504e-02,5.235961675643920898e-01,1.107730790972709656e-01,3.485419154167175293e-01,-6.916719675064086914e-02,4.667302370071411133e-01,-5.913559719920158386e-02,4.296559691429138184e-01,9.639221429824829102e-02,4.146852493286132812e-01,2.632853686809539795e-01,2.007457762956619263e-01,6.047649774700403214e-03,2.234230786561965942e-01,3.948104009032249451e-02,2.979695498943328857e-01,2.170541435480117798e-01,3.891986012458801270e-01,1.393818259239196777e-01,2.893348336219787598e-01,-8.107385784387588501e-02,1.861684024333953857e-02,8.851292543113231659e-03,3.747401237487792969e-01,2.392792552709579468e-01,2.855992913246154785e-01,3.995577618479728699e-02,-1.092891842126846313e-01,7.863356918096542358e-02,4.155427217483520508e-03,-7.824270427227020264e-02,1.557711698114871979e-02
1.993727236986160278e-01,-3.795260936021804810e-02,7.217118889093399048e-02,1.581027507781982422e-01,5.162370949983596802e-02,-4.307332262396812439e-02,2.768350243568420410e-01,3.656962215900421143e-01,2.911214530467987061e-01,2.632623016834259033e-01,4.823413193225860596e-01,2.195747196674346924e-01,9.999997615814208984e-01,3.803000450134277344e-01,2.661208808422088623e-01,3.829897195100784302e-02,2.029954493045806885e-01,1.803078055381774902e-01,-1.310058385133743286e-01,-1.633006632328033447e-01,7.647443562746047974e-02,1.431040018796920776e-01,1.092557832598686218e-01,9.834557771682739258e-02,1.859800666570663452e-01,1.146319210529327393e-01,-5.680977366864681244e-03,9.108883328735828400e-03,4.384537041187286377e-01,3.104157745838165283e-01,2.652904391288757324e-01,1.578702479600906372e-01,-8.049769699573516846e-02,-7.876749336719512939e-02,6.236534565687179565e-02,1.471572965383529663e-01,3.475782871246337891e-01,2.181438803672790527e-01,2.106055915355682373e-01,1.926396340131759644e-01,2.818306386470794678e-01,1.459291875362396240e-01,2.239191383123397827e-01,1.261115223169326782e-01,3.144108951091766357e-01,2.094590365886688232e-01,2.633750438690185547e-01,1.007638052105903625e-01,2.999363839626312256e-01,1.575136780738830566e-01,7.818592339754104614e-02,2.078628633171319962e-03,1.080700829625129700e-01,1.688948459923267365e-02,3.469558656215667725e-01,1.595083177089691162e-01,8.143345266580581665e-02,3.639007732272148132e-02,2.967733144760131836e-01,2.667418122291564941e-01,2.022726386785507202e-01,2.524618208408355713e-01,2.146804481744766235e-01,3.214810192584991455e-01,2.885347902774810791e-01,2.429030537605285645e-01,3.217024207115173340e-01,3.322650194168090820e-01,-9.394205361604690552e-02,-5.162002518773078918e-02,2.043893486261367798e-01,1.360258162021636963e-01,2.337868064641952515e-01,1.005165055394172668e-01,6.047423928976058960e-02,-7.485722191631793976e-03,1.318504363298416138e-01,1.116260811686515808e-01,2.335677146911621094e-01,1.327371150255203247e-01,2.876574397087097168e-01,2.825393676757812500e-01,3.198259472846984863e-01,2.512930631637573242e-01,3.917002081871032715e-01,2.598834633827209473e-01,2.662543058395385742e-01,2.456847578287124634e-01,2.472137510776519775e-01,2.494049817323684692e-01,2.184851020574569702e-01,7.758127152919769287e-02,6.893941015005111694e-02,6.672038882970809937e-02,8.503373712301254272e-02,8.522851020097732544e-02,2.431872636079788208e-01,1.169463545083999634e-01,2.164652645587921143e-01,1.255554258823394775e-01,5.253485217690467834e-02,1.078429743647575378e-01,9.195379167795181274e-02,1.333505958318710327e-01,1.221459954977035522e-01,1.156449541449546814e-01,2.901231646537780762e-01,2.556525170803070068e-01,3.932624310255050659e-02,1.454063691198825836e-02,1.297484338283538818e-01,5.271007865667343140e-02,3.464506193995475769e-02,-1.468091271817684174e-02,5.458685010671615601e-02,1.670007705688476562e-01
