1.000000119209289551e+00,6.104045510292053223e-01,6.028857231140136719e-01,5.725923180580139160e-01,-1.628826558589935303e-02,1.527753621339797974e-01,5.526153445243835449e-01,5.290369987487792969e-01,2.894260287284851074e-01,2.502077519893646240e-01,4.642687141895294189e-01,4.642499685287475586e-01,4.659947454929351807e-01,3.382993936538696289e-01,3.334607928991317749e-02,2.181143686175346375e-02,3.281175792217254639e-01,1.639892756938934326e-01,3.868516981601715088e-01,5.110284090042114258e-01,-1.038361247628927231e-02,2.552859112620353699e-02,4.800853729248046875e-01,4.073241353034973145e-01,1.346262246370315552e-01,1.239962652325630188e-01,7.364448159933090210e-02,5.905982851982116699e-02,3.504067957401275635e-01,1.722596287727355957e-01,1.666206568479537964e-01,1.885880082845687866e-01,5.614460706710815430e-01,4.355939924716949463e-01,1.359552443027496338e-01,1.844542287290096283e-02,1.220094785094261169e-01,5.957460775971412659e-02,2.436060830950737000e-02,-1.335748583078384399e-01,8.154471963644027710e-02,1.135462224483489990e-01,2.443791478872299194e-01,2.193709760904312134e-01,2.375205159187316895e-01,1.989849954843521118e-01,3.646697103977203369e-01,6.670276820659637451e-02,1.758024692535400391e-01,2.211380451917648315e-01,4.630083739757537842e-01,2.893220782279968262e-01,5.237231254577636719e-01,2.094215154647827148e-01,3.598727583885192871e-01,-1.584344506263732910e-01,6.087750792503356934e-01,4.033058583736419678e-01,2.530722022056579590e-01,2.869330644607543945e-01,4.055329859256744385e-01,2.667724788188934326e-01,3.343585431575775146e-01,2.111670672893524170e-01,2.645461559295654297e-01,2.583832144737243652e-01,4.807122051715850830e-01,4.293833076953887939e-01,6.101824045181274414e-01,4.548776447772979736e-01,1.906747557222843170e-02,-1.196052283048629761e-01,2.628259360790252686e-01,-1.929925195872783661e-02,9.784166514873504639e-02,4.070689901709556580e-02,2.816312611103057861e-01,3.539506196975708008e-01,2.963467240333557129e-01,7.445053756237030029e-02,2.627201676368713379e-01,2.120862901210784912e-01,2.214502096176147461e-01,2.043894082307815552e-01,3.249584436416625977e-01,1.486409455537796021e-01,3.403489291667938232e-01,9.476356953382492065e-02,2.549862861633300781e-01,-4.237039387226104736e-02,2.988784611225128174e-01,1.539406478404998779e-01,3.027516007423400879e-01,1.458341181278228760e-01,-2.240704931318759918e-02,-3.168706968426704407e-02,6.885042786598205566e-02,-1.491284966468811035e-01,1.913329809904098511e-01,8.782049268484115601e-02,2.478932142257690430e-01,3.103821771219372749e-03,1.019093766808509827e-01,-9.582638740539550781e-02,1.148277446627616882e-01,1.023387238383293152e-01,1.763955950736999512e-01,9.393531084060668945e-02,-1.408088952302932739e-01,-1.720600128173828125e-01,-1.286394745111465454e-01,-1.436009071767330170e-02,1.400636583566665649e-01,1.672960072755813599e-02,8.297685533761978149e-02,-1.216118186712265015e-01
6.104045510292053223e-01,1.000000476837158203e+00,5.023720264434814453e-01,6.321204900741577148e-01,-5.529921874403953552e-02,1.192037314176559448e-01,4.337942302227020264e-01,5.723074674606323242e-01,3.225193321704864502e-01,2.792294621467590332e-01,2.777197957038879395e-01,5.503257513046264648e-01,3.045423328876495361e-01,4.970177710056304932e-01,1.885113865137100220e-02,9.785780310630798340e-02,1.568110287189483643e-01,1.970858722925186157e-01,4.387473464012145996e-01,5.587238073348999023e-01,5.904148519039154053e-02,1.469679474830627441e-01,4.515379071235656738e-01,4.464561045169830322e-01,1.558353155851364136e-01,1.515327990055084229e-01,8.228885382413864136e-02,5.425367876887321472e-02,1.652733683586120605e-01,1.614491790533065796e-01,1.651217043399810791e-01,2.217090129852294922e-01,5.261312127113342285e-01,5.073777437210083008e-01,9.997998178005218506e-02,-3.836347907781600952e-02,1.109312847256660461e-01,-1.133367139846086502e-02,6.452117860317230225e-02,-6.994766741991043091e-02,1.143882945179939270e-01,1.316585242748260498e-01,3.588762879371643066e-01,3.653013110160827637e-01,3.099344372749328613e-01,3.725798428058624268e-01,3.220545351505279541e-01,1.543230414390563965e-01,2.727631032466888428e-01,3.995908200740814209e-01,4.350711405277252197e-01,5.800727605819702148e-01,4.139232039451599121e-01,4.631116688251495361e-01,2.304242253303527832e-01,-1.022756695747375488e-01,4.437187016010284424e-01,6.595280170440673828e-01,2.873775362968444824e-01,4.394525289535522461e-01,3.482324182987213135e-01,5.073806643486022949e-01,1.917569041252136230e-01,5.136982798576354980e-01,3.031943142414093018e-01,4.873020946979522705e-01,4.613766372203826904e-01,4.769703149795532227e-01,5.301162004470825195e-01,5.297352671623229980e-01,-7.781257480382919312e-02,-1.079626604914665222e-01,1.199669688940048218e-01,-1.857454329729080200e-02,3.888584673404693604e-02,7.564963400363922119e-02,1.413275301456451416e-01,2.183298468589782715e-01,1.486295312643051147e-01,1.370560564100742340e-02,1.386529207229614258e-01,3.194518387317657471e-01,1.378686577081680298e-01,4.541749358177185059e-01,2.344837337732315063e-01,3.096474409103393555e-01,4.253360927104949951e-01,3.428966403007507324e-01,1.386093795299530029e-01,9.479743987321853638e-02,1.204168573021888733e-01,3.083862066268920898e-01,2.167190164327621460e-01,3.271693587303161621e-01,-9.029970318078994751e-02,-1.050917878746986389e-01,1.283048465847969055e-02,-2.080690413713455200e-01,5.173231661319732666e-02,1.250165104866027832e-01,1.573703289031982422e-01,2.019391506910324097e-01,1.701282858848571777e-01,1.683261245489120483e-01,1.598857790231704712e-01,2.311426848173141479e-01,1.283179670572280884e-01,1.466520726680755615e-01,-2.086700648069381714e-01,-2.141854315996170044e-01,-2.239243388175964355e-01,2.610388398170471191e-02,2.165630012750625610e-01,1.200940459966659546e-01,7.162935286760330200e-02,-1.755334436893463135e-01
6.028857231140136719e-01,5.023720264434814453e-01,9.999998211860656738e-01,7.104671001434326172e-01,1.150788459926843643e-02,1.565318107604980469e-01,7.438796758651733398e-01,6.648153066635131836e-01,4.505575001239776611e-01,2.430258393287658691e-01,5.073432922363281250e-01,5.471699237823486328e-01,5.952687859535217285e-01,4.618769288063049316e-01,1.254094243049621582e-01,-6.735707819461822510e-02,4.338650405406951904e-01,2.933755517005920410e-01,4.876006245613098145e-01,5.494385957717895508e-01,1.063816770911216736e-01,5.483941361308097839e-02,5.438977479934692383e-01,5.425155758857727051e-01,3.291956782341003418e-01,3.284851312637329102e-01,5.062719434499740601e-02,1.861888542771339417e-02,4.400924742221832275e-01,3.100233972072601318e-01,4.358100891113281250e-01,4.793992638587951660e-01,4.909707009792327881e-01,4.850219190120697021e-01,2.411302030086517334e-01,1.278305798768997192e-01,2.935735881328582764e-01,1.998758018016815186e-01,1.088793426752090454e-01,-5.964110791683197021e-02,1.585987508296966553e-01,2.743096649646759033e-01,2.025186270475387573e-01,2.143607288599014282e-01,3.202269375324249268e-01,1.467118710279464722e-01,3.389890789985656738e-01,1.530449241399765015e-01,1.020273789763450623e-01,8.902651816606521606e-02,2.314722687005996704e-01,2.045022547245025635e-01,2.884840965270996094e-01,2.021343708038330078e-01,3.720282614231109619e-01,-1.741487160325050354e-02,4.706659913063049316e-01,3.752178847789764404e-01,1.970822066068649292e-01,2.373669445514678955e-01,2.864316403865814209e-01,1.944767236709594727e-01,2.589254081249237061e-01,2.734396457672119141e-01,2.292040437459945679e-01,2.519485950469970703e-01,5.005066990852355957e-01,4.637381732463836670e-01,5.175935626029968262e-01,3.557450175285339355e-01,1.790031790733337402e-01,1.093316525220870972e-01,4.231266379356384277e-01,1.330536901950836182e-01,2.624678909778594971e-01,1.799548715353012085e-01,3.276583254337310791e-01,3.496385812759399414e-01,3.619047403335571289e-01,1.274738609790802002e-01,2.778669893741607666e-01,4.010510742664337158e-01,1.990194916725158691e-01,1.882081031799316406e-01,3.374512791633605957e-01,2.773875296115875244e-01,3.852976262569427490e-01,6.746611744165420532e-02,2.456455379724502563e-01,6.638585031032562256e-02,1.961299180984497070e-01,2.607634663581848145e-01,1.340704560279846191e-01,1.276670545339584351e-01,5.094168707728385925e-02,1.391078531742095947e-01,9.666335582733154297e-02,-9.801173210144042969e-02,2.296130508184432983e-01,2.443136870861053467e-01,7.440551370382308960e-02,1.623249053955078125e-02,1.790560595691204071e-02,-5.141644272953271866e-03,1.566038280725479126e-01,1.837176233530044556e-01,1.326070278882980347e-01,1.080350205302238464e-01,1.678957231342792511e-02,-1.150648966431617737e-01,-6.690789014101028442e-02,1.417889259755611420e-02,7.345734536647796631e-02,5.155404657125473022e-02,9.556200355291366577e-02,-6.490188091993331909e-02
5.725923180580139160e-01,6.321204900741577148e-01,7.104671001434326172e-01,1.000000119209289551e+00,-3.291198611259460449e-02,1.280777752399444580e-01,6.502366662025451660e-01,7.373296022415161133e-01,3.699586093425750732e-01,3.263517618179321289e-01,3.934738934040069580e-01,6.124100089073181152e-01,4.661151170730590820e-01,5.945444703102111816e-01,1.019309610128402710e-01,6.271205842494964600e-02,2.858943343162536621e-01,3.007080554962158203e-01,5.661578774452209473e-01,6.356564164161682129e-01,8.476333320140838623e-02,1.256393790245056152e-01,5.141877532005310059e-01,6.586344242095947266e-01,1.683752685785293579e-01,2.203587144613265991e-01,6.246066093444824219e-02,2.297342196106910706e-02,2.801296114921569824e-01,3.054078221321105957e-01,3.648924231529235840e-01,4.408732652664184570e-01,4.270670711994171143e-01,4.898342788219451904e-01,6.526368111371994019e-02,-2.036861702799797058e-02,1.920153051614761353e-01,1.088562086224555969e-01,1.517270803451538086e-01,-3.608632134273648262e-03,1.104562357068061829e-01,1.984583139419555664e-01,2.224179655313491821e-01,2.579801678657531738e-01,2.661882042884826660e-01,2.862825989723205566e-01,2.835768759250640869e-01,1.166782975196838379e-01,1.595165282487869263e-01,2.702817618846893311e-01,2.991805672645568848e-01,3.827360570430755615e-01,3.214252889156341553e-01,3.677006661891937256e-01,3.093287646770477295e-01,-1.880369521677494049e-02,4.404206573963165283e-01,5.621309280395507812e-01,2.738681435585021973e-01,3.845717608928680420e-01,3.583990037441253662e-01,4.077862799167633057e-01,2.022960335016250610e-01,4.463579654693603516e-01,2.750848531723022461e-01,4.164594113826751709e-01,4.681042730808258057e-01,4.494733512401580811e-01,5.849347710609436035e-01,4.318973720073699951e-01,5.733727291226387024e-02,3.609266132116317749e-02,2.649207711219787598e-01,1.208007112145423889e-01,1.399547606706619263e-01,1.327584683895111084e-01,1.609521955251693726e-01,2.089066803455352783e-01,2.063415497541427612e-01,8.615542948246002197e-02,1.618640869855880737e-01,4.086767137050628662e-01,1.351467818021774292e-01,3.343676626682281494e-01,2.454711943864822388e-01,4.086756110191345215e-01,4.324691891670227051e-01,2.394769340753555298e-01,1.849236488342285156e-01,1.315371692180633545e-01,1.329853832721710205e-01,2.866278588771820068e-01,1.519975215196609497e-01,1.645841896533966064e-01,-9.496310353279113770e-02,-4.319023713469505310e-02,-1.759166270494461060e-02,-2.197808474302291870e-01,1.152620390057563782e-01,1.644914299249649048e-01,2.277377061545848846e-02,5.225942656397819519e-02,2.912846580147743225e-02,5.849466472864151001e-02,1.036261394619941711e-01,1.260885894298553467e-01,4.448754340410232544e-02,1.160197034478187561e-01,-1.605455428361892700e-01,-2.466262727975845337e-01,-2.233573347330093384e-01,-6.398348137736320496e-03,8.183909952640533447e-02,4.463997483253479004e-02,7.224146276712417603e-02,-1.680905669927597046e-01
-1.628826558589935303e-02,-5.529921874403953552e-02,1.150788459926843643e-02,-3.291198611259460449e-02,1.000000715255737305e+00,3.326257467269897461e-01,-4.426934197545051575e-02,-6.189545989036560059e-02,1.408034265041351318e-01,1.905539035797119141e-01,5.813222751021385193e-02,-2.693346142768859863e-02,-4.132065922021865845e-02,-7.407291978597640991e-02,1.786950081586837769e-01,2.257416397333145142e-01,6.025350093841552734e-02,1.017747446894645691e-01,-3.990351781249046326e-02,1.442463323473930359e-02,6.993040442466735840e-03,-6.784829497337341309e-02,-1.296296268701553345e-01,-7.722005248069763184e-02,1.662006825208663940e-01,1.476844549179077148e-01,5.027181506156921387e-01,2.902372181415557861e-01,6.517435424029827118e-03,9.047616273164749146e-02,-3.213682770729064941e-02,7.521227933466434479e-03,-1.017306745052337646e-01,-4.114568233489990234e-02,9.448037296533584595e-02,3.699650987982749939e-02,-7.604222744703292847e-02,-3.191493824124336243e-02,-1.022001504898071289e-01,5.883786454796791077e-02,-7.111033052206039429e-02,-6.094484776258468628e-02,4.632872343063354492e-02,1.342126131057739258e-01,1.342802345752716064e-01,8.951526135206222534e-02,-3.897196054458618164e-02,-7.385260611772537231e-02,2.074892818927764893e-01,1.359371244907379150e-01,8.176207542419433594e-02,2.420473098754882812e-02,-2.309085242450237274e-02,-7.864082604646682739e-02,2.485517784953117371e-02,8.329179137945175171e-02,6.005182862281799316e-02,6.374212354421615601e-02,1.754454374313354492e-01,1.686243712902069092e-01,1.118792667984962463e-01,9.383036941289901733e-02,3.438000753521919250e-02,-6.904958188533782959e-02,1.511538773775100708e-01,7.244861871004104614e-02,1.157919839024543762e-01,1.126197203993797302e-01,5.795016139745712280e-02,1.454105079174041748e-01,-8.474301546812057495e-02,-6.474635750055313110e-02,-4.471121728420257568e-02,-4.769639577716588974e-03,-8.554207533597946167e-02,-7.744427770376205444e-02,2.182055264711380005e-02,-4.603181779384613037e-02,4.922833293676376343e-03,-4.105278849601745605e-02,8.205177634954452515e-02,-7.123439759016036987e-02,-1.048414409160614014e-01,-6.601289659738540649e-02,6.331546604633331299e-02,-2.759401686489582062e-02,1.801950484514236450e-02,7.234945148229598999e-02,4.199832305312156677e-02,4.338849708437919617e-02,3.199679404497146606e-02,-3.131455928087234497e-02,-3.538963198661804199e-02,-7.388974726200103760e-02,-1.186510920524597168e-02,-5.781891942024230957e-02,2.867288701236248016e-02,-1.706550712697207928e-03,2.654422773048281670e-03,-4.663759097456932068e-02,-3.083672001957893372e-02,-7.088077813386917114e-02,-2.291042730212211609e-02,6.416451069526374340e-04,-2.424001134932041168e-02,-1.384706646203994751e-01,5.999378394335508347e-03,-8.027432858943939209e-02,6.733644008636474609e-02,1.811223290860652924e-02,8.980166167020797729e-04,-1.392900645732879639e-01,-2.055213153362274170e-01,-7.817950099706649780e-02,-9.942683577537536621e-02,1.084953397512435913e-01
1.527753621339797974e-01,1.192037314176559448e-01,1.565318107604980469e-01,1.280777752399444580e-01,3.326257467269897461e-01,9.999997615814208984e-01,1.604945212602615356e-01,1.446578353643417358e-01,2.873651087284088135e-01,4.666902422904968262e-01,2.780239880084991455e-01,2.771261632442474365e-01,2.472847551107406616e-01,1.430321484804153442e-01,3.373331129550933838e-01,3.536414802074432373e-01,3.634815514087677002e-01,4.396480917930603027e-01,5.793838575482368469e-02,1.937569081783294678e-01,-1.524413526058197021e-01,-1.944735646247863770e-01,2.652807906270027161e-02,6.451974064111709595e-02,5.077309608459472656e-01,5.096924304962158203e-01,4.187004566192626953e-01,5.764873623847961426e-01,1.895160377025604248e-01,4.166816473007202148e-01,-1.436953339725732803e-02,7.834223099052906036e-03,6.953740119934082031e-02,8.358509093523025513e-02,5.900762043893337250e-03,-1.759617030620574951e-01,-1.049626171588897705e-01,7.794621586799621582e-02,-1.671203672885894775e-01,-1.447261124849319458e-01,-1.167757511138916016e-01,-9.956108033657073975e-02,-7.126045972108840942e-02,5.042672529816627502e-02,7.037837803363800049e-02,-7.517739385366439819e-02,-5.715796723961830139e-02,-3.050490096211433411e-02,3.964887186884880066e-02,-5.209193006157875061e-02,1.891423948109149933e-02,-2.337631769478321075e-02,4.264808446168899536e-02,-2.020253241062164307e-02,2.291296869516372681e-01,2.499900460243225098e-01,1.486864387989044189e-01,2.036407589912414551e-02,3.141911327838897705e-02,7.083816826343536377e-02,5.698747932910919189e-03,-4.036796465516090393e-02,9.012285619974136353e-02,1.299492269754409790e-01,1.857949886471033096e-03,-1.672794297337532043e-02,1.494645625352859497e-01,1.184789761900901794e-01,1.624719798564910889e-01,2.527168989181518555e-01,-9.082402288913726807e-02,-1.725432574748992920e-01,1.080102175474166870e-01,-8.953893184661865234e-02,-7.354713976383209229e-02,-1.715522110462188721e-01,2.562643773853778839e-02,1.487465053796768188e-01,2.606330513954162598e-01,3.537375032901763916e-01,3.456213772296905518e-01,3.407968580722808838e-01,-8.464121818542480469e-02,6.338636856526136398e-03,3.308746218681335449e-01,2.310216724872589111e-01,6.917105615139007568e-02,1.018924936652183533e-01,3.610762059688568115e-01,3.603362739086151123e-01,1.678128391504287720e-01,1.270534992218017578e-01,1.616554893553256989e-02,3.971510380506515503e-02,-2.956827580928802490e-01,-2.308340817689895630e-01,-2.219500243663787842e-01,-2.221215367317199707e-01,1.601367443799972534e-01,9.921324253082275391e-02,5.360050499439239502e-02,4.416403546929359436e-02,1.233145147562026978e-01,7.968480885028839111e-02,1.604681313037872314e-01,9.866492450237274170e-02,1.448829472064971924e-01,6.517186760902404785e-02,-2.310709059238433838e-01,-1.892354488372802734e-01,-1.802373677492141724e-01,-1.093944609165191650e-01,-2.227540910243988037e-01,-8.541613817214965820e-02,1.036955341696739197e-01,2.071523517370223999e-01
5.526153445243835449e-01,4.337942302227020264e-01,7.438796758651733398e-01,6.502366662025451660e-01,-4.426934197545051575e-02,1.604945212602615356e-01,1.000000357627868652e+00,6.497010588645935059e-01,4.264581501483917236e-01,2.261618077754974365e-01,5.492722392082214355e-01,5.376674532890319824e-01,7.286109328269958496e-01,5.350494384765625000e-01,1.632437705993652344e-01,-1.278227660804986954e-02,4.056180715560913086e-01,2.602768838405609131e-01,5.333542823791503906e-01,5.578784346580505371e-01,1.233988031744956970e-01,5.724938958883285522e-02,4.864649474620819092e-01,4.435026943683624268e-01,3.193248212337493896e-01,2.815420925617218018e-01,3.747159615159034729e-02,5.476672574877738953e-02,4.706409275531768799e-01,3.098777532577514648e-01,4.493164122104644775e-01,4.168175160884857178e-01,5.158828496932983398e-01,5.407279729843139648e-01,1.768342107534408569e-01,1.022521182894706726e-01,2.714178264141082764e-01,2.026151567697525024e-01,8.163190633058547974e-02,-2.279851958155632019e-02,1.038920953869819641e-01,1.526557207107543945e-01,8.759541809558868408e-02,1.417351812124252319e-01,1.680492758750915527e-01,4.624733328819274902e-02,2.739911079406738281e-01,1.746897995471954346e-01,9.636220522224903107e-03,8.484850637614727020e-03,1.549509465694427490e-01,1.316149234771728516e-01,2.460624575614929199e-01,1.364606171846389771e-01,3.461033999919891357e-01,4.039985127747058868e-03,3.586049675941467285e-01,2.232434302568435669e-01,1.210336908698081970e-01,1.556844413280487061e-01,2.009627968072891235e-01,8.012416958808898926e-02,2.022772431373596191e-01,1.631197780370712280e-01,1.811292320489883423e-01,1.658421754837036133e-01,4.215714335441589355e-01,3.622718453407287598e-01,5.007075667381286621e-01,3.594434261322021484e-01,2.294820547103881836e-01,1.168764531612396240e-01,4.556495845317840576e-01,2.107384800910949707e-01,2.235955744981765747e-01,1.215401440858840942e-01,3.072401881217956543e-01,3.615806400775909424e-01,2.969785034656524658e-01,1.159840896725654602e-01,2.520257234573364258e-01,3.852188289165496826e-01,1.729519963264465332e-01,1.485043615102767944e-01,3.386801183223724365e-01,2.252024710178375244e-01,3.447986245155334473e-01,9.147588163614273071e-02,2.443403750658035278e-01,8.757373690605163574e-02,2.068192064762115479e-01,1.939878612756729126e-01,1.700462400913238525e-01,1.448320150375366211e-01,3.012075088918209076e-02,1.097020506858825684e-01,5.303769186139106750e-02,-9.633351117372512817e-02,2.216793894767761230e-01,2.089796066284179688e-01,1.509549468755722046e-01,1.318178027868270874e-01,1.303136944770812988e-01,8.096288144588470459e-02,2.156029492616653442e-01,2.315422892570495605e-01,1.628417372703552246e-01,1.433122456073760986e-01,-4.712550714612007141e-02,-1.373369097709655762e-01,-5.807559192180633545e-02,2.740685828030109406e-03,5.849990621209144592e-02,-2.107785455882549286e-02,1.020970493555068970e-01,-8.696944266557693481e-02
5.290369987487792969e-01,5.723074674606323242e-01,6.648153066635131836e-01,7.373296022415161133e-01,-6.189545989036560059e-02,1.446578353643417358e-01,6.497010588645935059e-01,9.999997615814208984e-01,2.894809246063232422e-01,3.069776594638824463e-01,4.055511057376861572e-01,6.591840386390686035e-01,4.805368781089782715e-01,6.625708341598510742e-01,-1.227725856006145477e-02,3.878006711602210999e-02,2.992238402366638184e-01,3.016057610511779785e-01,3.673592805862426758e-01,4.873869121074676514e-01,7.496336847543716431e-02,8.101224154233932495e-02,4.487744569778442383e-01,4.505143165588378906e-01,2.396978437900543213e-01,2.534628808498382568e-01,8.470300585031509399e-03,7.708347588777542114e-02,2.750938534736633301e-01,2.779136896133422852e-01,2.836930453777313232e-01,3.698281049728393555e-01,3.792424201965332031e-01,4.047266542911529541e-01,4.695165529847145081e-02,-1.863729394972324371e-02,1.656762510538101196e-01,1.541140973567962646e-01,8.158318698406219482e-02,-4.558627307415008545e-02,1.149745732545852661e-01,2.608620226383209229e-01,1.729773133993148804e-01,1.883245557546615601e-01,2.004500627517700195e-01,1.606915891170501709e-01,2.213462442159652710e-01,8.899616450071334839e-02,5.015801265835762024e-02,1.429993957281112671e-01,2.034364491701126099e-01,2.692734897136688232e-01,2.483102083206176758e-01,2.680057287216186523e-01,2.231131047010421753e-01,-6.704109907150268555e-02,3.625792264938354492e-01,4.477440118789672852e-01,2.050698846578598022e-01,2.785066366195678711e-01,2.728397250175476074e-01,3.052860200405120850e-01,1.215820237994194031e-01,3.705129623413085938e-01,1.615520268678665161e-01,3.425662219524383545e-01,3.990831971168518066e-01,3.853833079338073730e-01,4.407213330268859863e-01,3.074328303337097168e-01,2.286385744810104370e-02,-1.361604128032922745e-02,2.126712054014205933e-01,9.818072617053985596e-02,1.226894855499267578e-01,9.456608444452285767e-02,1.185109391808509827e-01,1.953336000442504883e-01,1.476628035306930542e-01,6.505583971738815308e-02,1.691353172063827515e-01,4.577506184577941895e-01,1.801611781120300293e-01,2.859886884689331055e-01,2.340737730264663696e-01,3.962939083576202393e-01,3.805566430091857910e-01,1.467858701944351196e-01,1.457263529300689697e-01,1.210557445883750916e-01,8.128924667835235596e-02,2.545011043548583984e-01,1.113936081528663635e-01,1.878282725811004639e-01,-1.433847397565841675e-01,-1.063051223754882812e-01,-5.987749993801116943e-02,-2.348381429910659790e-01,6.089888140559196472e-02,1.186399981379508972e-01,3.413211554288864136e-02,3.846097365021705627e-02,6.113957241177558899e-02,3.857886046171188354e-02,1.540462076663970947e-01,2.072969079017639160e-01,9.190259128808975220e-02,8.622947335243225098e-02,-1.670835465192794800e-01,-2.949074506759643555e-01,-1.782062798738479614e-01,-1.102361753582954407e-01,2.667951025068759918e-02,-3.440323099493980408e-02,6.693092733621597290e-02,-8.944553136825561523e-02
2.894260287284851074e-01,3.225193321704864502e-01,4.505575001239776611e-01,3.699586093425750732e-01,1.408034265041351318e-01,2.873651087284088135e-01,4.264581501483917236e-01,2.894809246063232422e-01,1.000000119209289551e+00,4.553022384643554688e-01,3.110804855823516846e-01,3.351821601390838623e-01,4.589163362979888916e-01,2.991615235805511475e-01,4.818163216114044189e-01,2.211815565824508667e-01,3.238723874092102051e-01,2.544945478439331055e-01,3.822436630725860596e-01,3.717361390590667725e-01,1.679548919200897217e-01,1.460411399602890015e-01,3.544173538684844971e-01,2.458278834819793701e-01,4.905264079570770264e-01,4.813979864120483398e-01,1.536225974559783936e-01,1.833585500717163086e-01,3.978921771049499512e-01,3.494806587696075439e-01,4.412119090557098389e-01,4.051939249038696289e-01,3.508160412311553955e-01,4.130153059959411621e-01,2.399537265300750732e-01,1.371362358331680298e-01,2.773099243640899658e-01,1.480236500501632690e-01,2.143685668706893921e-01,5.142014473676681519e-02,1.717784553766250610e-01,2.513085901737213135e-01,1.494077444076538086e-01,2.102375626564025879e-01,3.183308541774749756e-01,1.912218630313873291e-01,1.405901014804840088e-01,1.631308645009994507e-01,2.218682467937469482e-01,1.619175821542739868e-01,1.236255168914794922e-01,1.829614490270614624e-01,7.823251932859420776e-02,1.681425273418426514e-01,3.042230904102325439e-01,1.693723499774932861e-01,2.681770324707031250e-01,2.153585106134414673e-01,1.986093670129776001e-01,2.526828646659851074e-01,1.347748339176177979e-01,1.166771650314331055e-01,1.749915629625320435e-01,2.078287154436111450e-01,1.873214989900588989e-01,1.819104105234146118e-01,4.560079872608184814e-01,4.676565229892730713e-01,3.378153145313262939e-01,4.579429924488067627e-01,2.759365439414978027e-01,2.322497963905334473e-01,3.652930855751037598e-01,1.889390051364898682e-01,2.673957347869873047e-01,2.081403881311416626e-01,1.301964372396469116e-01,1.542148292064666748e-01,2.541522979736328125e-01,2.290017902851104736e-01,2.794655859470367432e-01,3.082263171672821045e-01,2.143584787845611572e-01,5.725313909351825714e-03,2.915050089359283447e-01,2.359198033809661865e-01,3.753886520862579346e-01,1.830586940050125122e-01,2.219238728284835815e-01,2.251115292310714722e-01,8.094439655542373657e-02,1.222352385520935059e-01,-1.303866691887378693e-02,2.860143594443798065e-02,-2.171134017407894135e-02,8.391506038606166840e-03,-4.349066875874996185e-03,-1.430484056472778320e-01,1.351224631071090698e-01,1.329826712608337402e-01,4.406556859612464905e-02,2.528232708573341370e-02,5.273549258708953857e-02,1.472387760877609253e-01,2.341678440570831299e-01,2.182468324899673462e-01,1.446419656276702881e-01,4.556123912334442139e-02,-5.596759170293807983e-02,-1.335251480340957642e-01,-2.537292428314685822e-02,1.041112765669822693e-01,-7.706304895691573620e-04,1.013969480991363525e-01,1.898105591535568237e-01,4.707012698054313660e-02
2.502077519893646240e-01,2.792294621467590332e-01,2.430258393287658691e-01,3.263517618179321289e-01,1.905539035797119141e-01,4.666902422904968262e-01,2.261618077754974365e-01,3.069776594638824463e-01,4.553022384643554688e-01,1.000000238418579102e+00,3.141278624534606934e-01,3.070457279682159424e-01,2.368786931037902832e-01,2.166280448436737061e-01,4.136383533477783203e-01,5.868170261383056641e-01,3.333601355552673340e-01,4.098687171936035156e-01,2.684959173202514648e-01,2.853138148784637451e-01,7.609970867633819580e-02,1.065782904624938965e-01,1.572728008031845093e-01,1.300919055938720703e-01,2.579628527164459229e-01,3.192758560180664062e-01,1.883473843336105347e-01,2.916935086250305176e-01,1.974697858095169067e-01,3.966839909553527832e-01,1.499278098344802856e-01,1.935188472270965576e-01,1.703251153230667114e-01,3.075280189514160156e-01,5.414966866374015808e-02,-1.133775413036346436e-01,7.356177084147930145e-04,8.506529778242111206e-02,5.926243960857391357e-02,6.999030709266662598e-02,-1.222982537001371384e-02,-5.163630470633506775e-03,8.295101672410964966e-02,2.866279780864715576e-01,2.536629140377044678e-01,2.862358093261718750e-01,5.580305308103561401e-02,3.585286065936088562e-02,3.351081311702728271e-01,2.914569973945617676e-01,2.489113360643386841e-01,2.644138634204864502e-01,1.957287192344665527e-01,1.486990153789520264e-01,3.723345696926116943e-01,3.018707633018493652e-01,3.185216188430786133e-01,3.135081827640533447e-01,3.483047187328338623e-01,3.740381002426147461e-01,2.882501184940338135e-01,2.786110043525695801e-01,2.655201852321624756e-01,2.606455683708190918e-01,2.727616727352142334e-01,3.029224276542663574e-01,3.125137388706207275e-01,3.350269794464111328e-01,2.250675708055496216e-01,4.164694547653198242e-01,4.350662603974342346e-02,-1.828164234757423401e-02,1.301655471324920654e-01,-1.656577922403812408e-02,1.760685071349143982e-02,-6.256116926670074463e-02,-1.367319189012050629e-02,4.095132276415824890e-02,2.961119711399078369e-01,2.557229995727539062e-01,3.898225128650665283e-01,3.667120039463043213e-01,8.430729806423187256e-02,4.699528962373733521e-02,3.823259770870208740e-01,3.488527834415435791e-01,3.045837581157684326e-01,4.933374226093292236e-01,3.525042235851287842e-01,4.093580245971679688e-01,2.833870649337768555e-01,2.495662420988082886e-01,1.852541565895080566e-01,1.199188157916069031e-01,-1.647165864706039429e-01,-1.881643086671829224e-01,-7.960653305053710938e-02,-2.085550278425216675e-01,2.692430317401885986e-01,1.836981922388076782e-01,1.271115839481353760e-01,4.633663967251777649e-02,2.326712161302566528e-01,2.705618441104888916e-01,3.350693583488464355e-01,1.294188052415847778e-01,1.710205674171447754e-01,1.452357470989227295e-01,-2.565910220146179199e-01,-1.752064377069473267e-01,-1.552207320928573608e-01,8.496650261804461479e-04,1.022641360759735107e-02,1.672393083572387695e-01,2.332217991352081299e-01,-2.002265304327011108e-02
4.642687141895294189e-01,2.777197957038879395e-01,5.073432922363281250e-01,3.934738934040069580e-01,5.813222751021385193e-02,2.780239880084991455e-01,5.492722392082214355e-01,4.055511057376861572e-01,3.110804855823516846e-01,3.141278624534606934e-01,1.000000000000000000e+00,5.190040469169616699e-01,6.448678374290466309e-01,2.917590141296386719e-01,1.935946792364120483e-01,7.471942156553268433e-02,5.399925112724304199e-01,4.379791617393493652e-01,3.779898285865783691e-01,4.261936247348785400e-01,-2.316359430551528931e-02,-7.123754173517227173e-02,4.078326225280761719e-01,2.268787920475006104e-01,2.867883145809173584e-01,1.903014481067657471e-01,5.839970335364341736e-02,1.250946819782257080e-01,5.570396184921264648e-01,3.104809820652008057e-01,2.603104710578918457e-01,2.219964116811752319e-01,3.547981977462768555e-01,4.202055037021636963e-01,1.990688294172286987e-01,3.575814887881278992e-02,2.860014140605926514e-01,3.096249997615814209e-01,7.836327701807022095e-02,-2.461565285921096802e-02,1.011916622519493103e-01,9.618422389030456543e-02,-6.673995405435562134e-03,5.592890456318855286e-02,1.726150661706924438e-01,1.021988317370414734e-01,2.060830593109130859e-01,4.482114687561988831e-02,7.754089683294296265e-02,3.110372275114059448e-02,1.647377610206604004e-01,-2.493807487189769745e-02,2.888780534267425537e-01,1.829762570559978485e-02,5.127475857734680176e-01,1.801764219999313354e-01,5.479401946067810059e-01,1.958395242691040039e-01,2.259026318788528442e-01,2.255763560533523560e-01,3.478782176971435547e-01,8.729054778814315796e-02,5.251798629760742188e-01,1.737077385187149048e-01,2.256584614515304565e-01,1.175812184810638428e-01,3.878057301044464111e-01,3.321053683757781982e-01,3.932193815708160400e-01,2.997125387191772461e-01,1.273097246885299683e-01,1.612030155956745148e-02,4.222465157508850098e-01,1.812563240528106689e-01,2.002277672290802002e-01,3.948630765080451965e-02,2.463753223419189453e-01,3.184524178504943848e-01,3.766712248325347900e-01,1.640412062406539917e-01,4.758140146732330322e-01,4.780319035053253174e-01,2.506154179573059082e-01,8.754621259868144989e-03,5.422515869140625000e-01,2.506197392940521240e-01,3.154275119304656982e-01,7.251208275556564331e-02,4.519962370395660400e-01,1.736788749694824219e-01,5.117784142494201660e-01,3.141969740390777588e-01,2.799315154552459717e-01,1.452733874320983887e-01,2.946238964796066284e-03,8.860065042972564697e-02,7.671974599361419678e-02,-4.848100990056991577e-02,4.476205110549926758e-01,3.487236201763153076e-01,2.932461798191070557e-01,1.560122817754745483e-01,2.613714039325714111e-01,1.441394090652465820e-01,3.256385326385498047e-01,1.931426078081130981e-01,2.458345890045166016e-01,1.963491439819335938e-01,-1.073435172438621521e-01,-1.952773630619049072e-01,-1.051198765635490417e-01,-7.179275155067443848e-02,-3.729951381683349609e-02,-1.570464856922626495e-02,9.228196740150451660e-02,-5.036835744976997375e-02
4.642499685287475586e-01,5.503257513046264648e-01,5.471699237823486328e-01,6.124100089073181152e-01,-2.693346142768859863e-02,2.771261632442474365e-01,5.376674532890319824e-01,6.591840386390686035e-01,3.351821601390838623e-01,3.070457279682159424e-01,5.190040469169616699e-01,9.999999403953552246e-01,5.121924877166748047e-01,6.371077299118041992e-01,8.957947045564651489e-02,2.866821363568305969e-02,3.698651194572448730e-01,5.233128666877746582e-01,3.978097736835479736e-01,5.479254722595214844e-01,-3.830466791987419128e-02,-8.459212258458137512e-03,4.728795886039733887e-01,4.573754072189331055e-01,3.128758072853088379e-01,2.698362767696380615e-01,3.931146115064620972e-02,1.627895832061767578e-01,3.625363409519195557e-01,4.454843103885650635e-01,2.709617018699645996e-01,3.366927802562713623e-01,3.601749241352081299e-01,4.363763332366943359e-01,1.030725464224815369e-01,4.723186045885086060e-02,2.825768291950225830e-01,2.691251039505004883e-01,9.584574401378631592e-02,3.162245452404022217e-02,1.657777428627014160e-01,2.525708973407745361e-01,5.681708827614784241e-02,1.444264948368072510e-01,1.453135460615158081e-01,1.115797907114028931e-01,1.811280846595764160e-01,1.634526550769805908e-01,-4.579793289303779602e-02,9.931962937116622925e-02,4.362088069319725037e-02,2.048408687114715576e-01,1.264654695987701416e-01,3.144182562828063965e-01,3.320723474025726318e-01,1.374008059501647949e-01,3.099217712879180908e-01,3.451751768589019775e-01,8.405102044343948364e-02,2.361955940723419189e-01,1.727117598056793213e-01,1.834357529878616333e-01,1.843455284833908081e-01,3.866700530052185059e-01,5.968457460403442383e-02,1.930344402790069580e-01,3.915129601955413818e-01,4.022697210311889648e-01,4.691352844238281250e-01,3.903152942657470703e-01,5.655717104673385620e-02,4.420154541730880737e-02,3.003721535205841064e-01,1.738286912441253662e-01,1.260351091623306274e-01,5.751444399356842041e-02,2.614364624023437500e-01,3.388842046260833740e-01,2.317962497472763062e-01,1.930029988288879395e-01,2.382938563823699951e-01,5.933670401573181152e-01,1.209767386317253113e-01,3.303706645965576172e-01,2.859819233417510986e-01,4.559286534786224365e-01,3.081362843513488770e-01,1.339357048273086548e-01,2.256825864315032959e-01,2.879990339279174805e-01,1.232631206512451172e-01,4.325384497642517090e-01,1.712507009506225586e-02,2.695951461791992188e-01,-8.071876317262649536e-02,-2.207103557884693146e-02,-1.391392294317483902e-02,-1.303072571754455566e-01,1.095990166068077087e-01,2.752976417541503906e-01,6.314441561698913574e-03,2.219252437353134155e-01,1.071574389934539795e-01,1.867915987968444824e-01,2.299053966999053955e-01,2.109147906303405762e-01,1.590944528579711914e-01,2.085127085447311401e-01,-1.794444471597671509e-01,-2.448355108499526978e-01,-1.113307401537895203e-01,-1.958136111497879028e-01,-1.080005690455436707e-01,-9.746301174163818359e-02,6.298137456178665161e-02,-1.282490231096744537e-02
4.659947454929351807e-01,3.045423328876495361e-01,5.952687859535217285e-01,4.661151170730590820e-01,-4.132065922021865845e-02,2.472847551107406616e-01,7.286109328269958496e-01,4.805368781089782715e-01,4.589163362979888916e-01,2.368786931037902832e-01,6.448678374290466309e-01,5.121924877166748047e-01,1.000000119209289551e+00,4.481669068336486816e-01,2.566658556461334229e-01,1.535222958773374557e-02,4.405919313430786133e-01,2.813215553760528564e-01,4.775064289569854736e-01,5.219829678535461426e-01,7.443513721227645874e-02,-8.458697237074375153e-03,5.070929527282714844e-01,3.206502199172973633e-01,4.107960760593414307e-01,3.363791406154632568e-01,4.613253101706504822e-02,1.404136419296264648e-01,5.139114260673522949e-01,2.999035716056823730e-01,4.089491665363311768e-01,3.629960715770721436e-01,4.589254558086395264e-01,4.988119602203369141e-01,1.348515897989273071e-01,9.240814298391342163e-02,2.937993407249450684e-01,2.116826027631759644e-01,8.255295455455780029e-02,1.245453301817178726e-02,1.074198856949806213e-01,9.851317852735519409e-02,-5.155996768735349178e-04,5.657114461064338684e-02,1.815567016601562500e-01,-2.535394951701164246e-02,1.930197030305862427e-01,1.958990842103958130e-01,-3.583150729537010193e-02,-7.987965643405914307e-02,9.420356899499893188e-02,4.755028523504734039e-03,2.201949059963226318e-01,1.055677384138107300e-01,3.689775168895721436e-01,1.455793529748916626e-01,4.054021835327148438e-01,5.536727234721183777e-02,6.106543540954589844e-02,9.477787464857101440e-02,1.971945911645889282e-01,-3.816911205649375916e-02,2.959388494491577148e-01,1.175293475389480591e-01,1.295733302831649780e-01,6.066282838582992554e-02,3.946561813354492188e-01,3.366439640522003174e-01,4.967130422592163086e-01,3.577148616313934326e-01,2.208763659000396729e-01,1.195795759558677673e-01,4.422549605369567871e-01,1.572308093309402466e-01,2.439310699701309204e-01,7.922528684139251709e-02,2.784554958343505859e-01,3.843294978141784668e-01,2.876981496810913086e-01,1.834480762481689453e-01,3.116406798362731934e-01,4.445651173591613770e-01,3.343788385391235352e-01,6.972199678421020508e-02,4.180667400360107422e-01,2.311831563711166382e-01,2.876164913177490234e-01,4.953633993864059448e-03,3.316265344619750977e-01,1.274247318506240845e-01,2.857751846313476562e-01,1.644816398620605469e-01,1.079763323068618774e-01,3.071852028369903564e-02,-3.683582320809364319e-02,8.289204537868499756e-02,-4.460469260811805725e-02,-1.416505873203277588e-01,2.391629219055175781e-01,1.774409860372543335e-01,2.121369242668151855e-01,1.425748765468597412e-01,2.317211776971817017e-01,1.141466423869132996e-01,2.547312676906585693e-01,2.251220196485519409e-01,2.710643410682678223e-01,1.470145881175994873e-01,-1.591819375753402710e-01,-2.239439189434051514e-01,-5.143934115767478943e-02,2.774698077701032162e-04,-8.061497658491134644e-02,-1.262064874172210693e-01,8.799485862255096436e-02,-4.470485448837280273e-02
