9.999994635581970215e-01,3.133907914161682129e-01,1.060078293085098267e-01,2.114943265914916992e-01,7.027986645698547363e-02,6.526091136038303375e-03,4.268004000186920166e-01,2.171901762485504150e-01,5.637343600392341614e-02,-1.575674489140510559e-02,5.577264428138732910e-01,2.042201161384582520e-01,3.979776203632354736e-01,3.743364661931991577e-02,2.094603776931762695e-01,-1.087159514427185059e-01,4.398488700389862061e-01,8.503664284944534302e-02,1.379207819700241089e-01,2.958426177501678467e-01,2.027198225259780884e-01,1.771733164787292480e-01,2.342008650302886963e-01,2.295380383729934692e-01,2.765790186822414398e-02,1.030787676572799683e-01,1.951288315467536449e-03,2.393223904073238373e-02,2.486669570207595825e-01,-1.017389670014381409e-01,1.328116208314895630e-01,1.904990673065185547e-01,3.589789867401123047e-01,3.760938346385955811e-01,1.295322477817535400e-01,3.384916484355926514e-01,3.349377512931823730e-01,6.359621137380599976e-02,2.948971092700958252e-01,9.396322071552276611e-02,1.170549690723419189e-01,-8.970016986131668091e-02,2.081911116838455200e-01,7.748553156852722168e-02,2.660288810729980469e-01,-7.767126895487308502e-03,1.034602299332618713e-01,6.939234584569931030e-02,2.778850495815277100e-01,5.525270104408264160e-02,1.329880952835083008e-01,-6.434024870395660400e-02,1.090180501341819763e-01,-1.531658470630645752e-01,3.267295658588409424e-01,6.346708536148071289e-02,5.739409327507019043e-01,1.667210012674331665e-01,2.332293242216110229e-01,1.371636241674423218e-01,3.781974017620086670e-01,2.460162788629531860e-01,4.812487363815307617e-01,1.259997859597206116e-02,3.419991731643676758e-01,1.709047108888626099e-01,3.496385514736175537e-01,3.069996535778045654e-01,4.098106622695922852e-01,4.070572555065155029e-01,2.782699465751647949e-02,1.780588552355766296e-02,-7.030695560388267040e-04,-1.329417824745178223e-01,4.136643931269645691e-02,-4.699260368943214417e-02,2.696931064128875732e-01,2.079224586486816406e-01,4.208013415336608887e-01,2.352709881961345673e-02,4.399670064449310303e-01,-2.469818666577339172e-02,1.166289821267127991e-01,-2.898854613304138184e-01,4.023327231407165527e-01,-2.740869298577308655e-02,5.418072268366813660e-02,-3.249573707580566406e-01,2.712323367595672607e-01,-2.359963804483413696e-01,2.429995089769363403e-01,-1.004181578755378723e-01,1.527004390954971313e-01,-1.558784693479537964e-01,1.306268125772476196e-01,1.231703907251358032e-01,1.473169475793838501e-01,7.218869030475616455e-02,3.043501377105712891e-01,1.888739168643951416e-01,1.915242224931716919e-01,-8.473739773035049438e-02,2.355309277772903442e-01,-2.308175154030323029e-02,1.697497516870498657e-01,1.736028492450714111e-01,2.116139084100723267e-01,-1.237285137176513672e-02,9.786879271268844604e-02,6.458209455013275146e-02,3.117367811501026154e-02,3.042384795844554901e-02,2.037451267242431641e-01,2.629524469375610352e-01,3.626508116722106934e-01,2.135669440031051636e-01
3.133907914161682129e-01,1.000000000000000000e+00,8.017581701278686523e-02,1.537256836891174316e-01,-2.200855761766433716e-01,7.172960042953491211e-02,2.216131538152694702e-01,4.619883596897125244e-01,-3.075306117534637451e-01,1.254425495862960815e-01,6.046645715832710266e-02,4.733979105949401855e-01,-1.045515015721321106e-01,2.372839152812957764e-01,-2.672683298587799072e-01,1.939926594495773315e-01,2.602332644164562225e-02,2.966240048408508301e-01,2.887600064277648926e-01,2.692795097827911377e-01,2.560190558433532715e-01,2.362258732318878174e-01,2.849235236644744873e-01,2.218282073736190796e-01,8.122928440570831299e-02,-3.029836714267730713e-02,6.056584790349006653e-02,8.782059885561466217e-03,6.446092389523983002e-03,2.242573648691177368e-01,2.395927309989929199e-01,2.650209367275238037e-01,1.573308408260345459e-01,2.854886054992675781e-01,2.773673534393310547e-01,2.838913202285766602e-01,1.600390821695327759e-01,2.881821990013122559e-01,1.362158805131912231e-01,2.257005274295806885e-01,5.784800276160240173e-02,1.910975128412246704e-01,2.486316114664077759e-01,2.650950551033020020e-01,2.610761523246765137e-01,2.357745468616485596e-01,2.145773321390151978e-01,2.580295503139495850e-01,2.855469584465026855e-01,2.067749202251434326e-01,1.005650237202644348e-01,1.442190110683441162e-01,7.009706646203994751e-02,7.973146438598632812e-02,5.310802534222602844e-02,1.544550955295562744e-01,3.596131205558776855e-01,6.207048892974853516e-01,2.221497148275375366e-01,3.231125771999359131e-01,2.530910372734069824e-01,2.829903960227966309e-01,1.818593442440032959e-01,3.578621447086334229e-01,2.415278404951095581e-01,2.301907241344451904e-01,4.175076484680175781e-01,4.606846570968627930e-01,4.571473896503448486e-01,4.661286473274230957e-01,1.420591771602630615e-01,1.463878601789474487e-01,-4.763252101838588715e-03,1.285238862037658691e-01,1.670736521482467651e-01,2.024253904819488525e-01,3.366072177886962891e-01,3.424707651138305664e-01,1.160683780908584595e-01,1.872493326663970947e-01,4.685043171048164368e-02,2.650427818298339844e-01,-1.757600009441375732e-01,1.375535428524017334e-01,-2.139252051711082458e-02,2.089569121599197388e-01,-1.987895518541336060e-01,4.546249657869338989e-02,-8.260235935449600220e-02,8.887155354022979736e-02,4.071877151727676392e-02,-2.898252382874488831e-02,-5.295157805085182190e-02,-7.610259950160980225e-02,1.290034651756286621e-01,1.918875426054000854e-01,2.126645445823669434e-01,2.235099822282791138e-01,1.994268298149108887e-01,1.193892732262611389e-01,-2.896516025066375732e-02,-1.385024189949035645e-01,8.720493875443935394e-03,-2.595040202140808105e-02,2.105682194232940674e-01,1.864742189645767212e-01,4.713571071624755859e-02,8.840524405241012573e-02,1.528364121913909912e-01,1.682786941528320312e-01,2.540007531642913818e-01,1.199744939804077148e-01,1.653835773468017578e-01,1.546095013618469238e-01,2.352547645568847656e-01,1.303733885288238525e-01
1.060078293085098267e-01,8.017581701278686523e-02,1.000000357627868652e+00,5.978948473930358887e-01,2.185071408748626709e-01,1.061139702796936035e-01,6.004116535186767578e-01,4.465573430061340332e-01,5.876575782895088196e-02,-5.034537240862846375e-02,-2.256114408373832703e-02,-1.659307256340980530e-02,2.669649422168731689e-01,2.237211167812347412e-01,1.234537363052368164e-01,5.150431394577026367e-02,1.408002972602844238e-01,-1.145645305514335632e-01,2.217667400836944580e-01,2.983902394771575928e-01,5.949597340077161789e-03,5.995450168848037720e-02,6.202495098114013672e-01,6.003878116607666016e-01,3.818513453006744385e-01,3.365865945816040039e-01,2.918281257152557373e-01,2.157794386148452759e-01,1.730516850948333740e-01,-4.765299335122108459e-02,5.472056269645690918e-01,4.964653551578521729e-01,7.181008905172348022e-02,1.086791753768920898e-01,-3.019015491008758545e-02,5.343708395957946777e-02,1.248184889554977417e-01,-1.519532650709152222e-01,1.204093918204307556e-01,-6.197068095207214355e-02,1.233384013175964355e-01,-2.097774893045425415e-01,1.133550032973289490e-01,7.615502178668975830e-02,9.626901894807815552e-02,6.194368004798889160e-03,-6.873748730868101120e-03,1.259052455425262451e-01,-8.481463417410850525e-03,-2.937105856835842133e-02,-1.282802820205688477e-01,-1.889875680208206177e-01,1.714404821395874023e-01,6.982550770044326782e-02,2.146896868944168091e-01,1.247803568840026855e-01,2.652665674686431885e-01,1.628363728523254395e-01,1.347548961639404297e-01,2.261766493320465088e-01,1.699232459068298340e-01,9.814357757568359375e-02,2.340645194053649902e-01,1.826163828372955322e-01,1.993866823613643646e-02,6.998145580291748047e-02,7.741452008485794067e-02,1.131415218114852905e-01,8.391527086496353149e-02,6.571044772863388062e-02,2.935870587825775146e-01,2.075325697660446167e-01,-1.625322699546813965e-01,-2.698184847831726074e-01,-1.391289662569761276e-02,-2.934016287326812744e-01,9.597855806350708008e-02,8.915134519338607788e-02,1.181417778134346008e-01,-9.659795463085174561e-02,2.151664346456527710e-01,3.459545969963073730e-02,1.673535555601119995e-01,8.736464194953441620e-03,1.341317445039749146e-01,7.257182151079177856e-02,1.741360425949096680e-01,-5.736419931054115295e-02,2.178749144077301025e-01,1.369417607784271240e-01,2.761207520961761475e-01,2.178166061639785767e-01,1.844914853572845459e-01,1.316746175289154053e-01,2.034932971000671387e-01,1.408071219921112061e-01,2.163942605257034302e-01,1.549925655126571655e-01,2.562346458435058594e-01,2.157534956932067871e-01,1.952137351036071777e-01,1.436452418565750122e-01,1.207087114453315735e-01,9.994095563888549805e-02,6.099429726600646973e-02,1.280263662338256836e-01,1.032819002866744995e-01,1.657908707857131958e-01,2.581001818180084229e-01,2.951358258724212646e-01,2.781929373741149902e-01,2.879729866981506348e-01,3.199815154075622559e-01,2.710662484169006348e-01,1.182899624109268188e-01,5.705739930272102356e-02
2.114943265914916992e-01,1.537256836891174316e-01,5.978948473930358887e-01,1.000000476837158203e+00,2.218735516071319580e-01,2.895914316177368164e-01,5.014840960502624512e-01,5.515644550323486328e-01,6.183352693915367126e-02,8.218181878328323364e-02,9.297039359807968140e-02,4.950075596570968628e-02,3.305748999118804932e-01,3.378088772296905518e-01,1.735238432884216309e-01,1.578228473663330078e-01,3.519649207592010498e-01,4.375472664833068848e-02,2.371103912591934204e-01,2.399559617042541504e-01,7.949783653020858765e-02,1.873825490474700928e-01,5.354961752891540527e-01,6.397171616554260254e-01,3.775766193866729736e-01,3.910953402519226074e-01,3.074043989181518555e-01,3.061733245849609375e-01,3.541317582130432129e-01,6.379054486751556396e-02,5.378433465957641602e-01,5.478767752647399902e-01,1.660285443067550659e-01,2.355061173439025879e-01,6.079571694135665894e-02,1.309302896261215210e-01,3.030489683151245117e-01,5.315391346812248230e-02,2.777237594127655029e-01,1.488473564386367798e-01,1.966996341943740845e-01,-1.707668602466583252e-01,-5.461001396179199219e-02,9.723577648401260376e-02,-3.588438779115676880e-02,-7.505779713392257690e-02,2.498459443449974060e-02,1.526583284139633179e-01,-1.807631179690361023e-02,-1.082191169261932373e-01,-6.959578394889831543e-02,-1.449729055166244507e-01,1.446290314197540283e-01,-1.019142195582389832e-02,2.695881128311157227e-01,2.786429524421691895e-01,2.359542399644851685e-01,2.212757766246795654e-01,9.588073939085006714e-02,1.157934889197349548e-01,5.622521042823791504e-02,-4.009629040956497192e-02,1.705514937639236450e-01,2.175785750150680542e-01,-5.332604050636291504e-02,-5.195127800107002258e-02,1.022167205810546875e-01,1.179997250437736511e-01,2.575544714927673340e-01,2.658998370170593262e-01,3.447936177253723145e-01,2.774539589881896973e-01,-8.129027485847473145e-02,-2.596652805805206299e-01,5.304833129048347473e-02,-1.851937919855117798e-01,1.266598701477050781e-01,1.747924536466598511e-01,2.583297789096832275e-01,4.651546478271484375e-02,3.001739084720611572e-01,1.027648150920867920e-01,1.298607587814331055e-01,9.305064380168914795e-02,2.007240504026412964e-01,2.010569125413894653e-01,5.744301155209541321e-02,2.509607002139091492e-02,2.339128851890563965e-01,2.109352350234985352e-01,2.302493602037429810e-01,2.298127263784408569e-01,6.416784226894378662e-02,6.515188515186309814e-02,1.973881572484970093e-01,2.653386294841766357e-01,2.340970486402511597e-01,2.518806159496307373e-01,2.792893648147583008e-01,3.362748026847839355e-01,1.677713990211486816e-01,2.003471553325653076e-01,1.615676432847976685e-01,2.001199722290039062e-01,1.090280115604400635e-01,1.269119083881378174e-01,2.082158923149108887e-01,2.590573132038116455e-01,3.097516596317291260e-01,2.903037369251251221e-01,2.418204694986343384e-01,2.330919057130813599e-01,2.378543764352798462e-01,1.427307128906250000e-01,1.640284657478332520e-01,1.538881957530975342e-01
7.027986645698547363e-02,-2.200855761766433716e-01,2.185071408748626709e-01,2.218735516071319580e-01,9.999997019767761230e-01,5.368959903717041016e-01,2.214945703744888306e-01,-3.609285503625869751e-02,7.581163048744201660e-01,2.469534426927566528e-01,1.954304873943328857e-01,-1.263859421014785767e-01,4.044942557811737061e-01,6.274656206369400024e-02,6.293198466300964355e-01,2.150881290435791016e-01,3.260156214237213135e-01,4.453410580754280090e-02,-8.027908951044082642e-02,-2.746300585567951202e-02,9.938770532608032227e-02,1.535042822360992432e-01,2.364139705896377563e-01,1.736410707235336304e-01,5.541048049926757812e-01,5.617247223854064941e-01,5.815982818603515625e-01,3.971424698829650879e-01,3.316995799541473389e-01,8.535776287317276001e-04,2.729756534099578857e-01,2.689672410488128662e-01,-3.536644205451011658e-02,-1.075255423784255981e-01,-1.558502614498138428e-01,-1.487439721822738647e-01,9.851367771625518799e-02,-3.225229680538177490e-02,1.662451922893524170e-01,1.712884306907653809e-01,2.032276391983032227e-01,-2.818209677934646606e-02,-2.337121069431304932e-01,-1.036173552274703979e-01,-2.477614879608154297e-01,-2.301037758588790894e-01,-8.268567919731140137e-02,6.856152415275573730e-02,-2.340359687805175781e-01,-2.729715406894683838e-01,-1.197939291596412659e-01,-1.999612748622894287e-01,1.010644733905792236e-01,5.194943398237228394e-02,1.952177435159683228e-01,2.756917662918567657e-02,6.780248135328292847e-02,-1.351347267627716064e-01,-9.229977428913116455e-02,-1.430900115519762039e-02,-1.623756736516952515e-01,-2.397594749927520752e-01,7.668367773294448853e-02,-1.438007503747940063e-01,-2.595332562923431396e-01,-2.577362060546875000e-01,-2.869455516338348389e-01,-2.558168470859527588e-01,-1.299748569726943970e-01,-1.296114474534988403e-01,1.956397145986557007e-01,7.849591970443725586e-02,8.679704368114471436e-02,-1.044344007968902588e-01,4.927339032292366028e-02,-1.231974214315414429e-01,-1.102465167641639709e-01,-1.644614487886428833e-01,1.237633600831031799e-01,1.458599418401718140e-02,2.151516824960708618e-01,5.331519246101379395e-02,4.743893742561340332e-01,3.361453115940093994e-02,3.154289722442626953e-01,1.064966171979904175e-01,3.785575926303863525e-01,2.905914559960365295e-02,5.152287483215332031e-01,1.873085349798202515e-01,2.874472141265869141e-01,1.275146305561065674e-01,1.387795209884643555e-01,4.065120592713356018e-02,2.469644546508789062e-01,2.328490912914276123e-01,2.449706047773361206e-01,1.635296344757080078e-01,1.775216609239578247e-01,1.494843214750289917e-01,1.601492911577224731e-01,2.844282686710357666e-01,1.534754931926727295e-01,1.637449115514755249e-01,-2.014078013598918915e-02,-3.649966046214103699e-02,4.537754505872726440e-02,8.393451571464538574e-02,2.323749214410781860e-01,1.131138280034065247e-01,1.571883819997310638e-02,1.617650091648101807e-01,1.400696337223052979e-01,-2.752606943249702454e-02,-8.580221235752105713e-02,-1.546159014105796814e-02
6.526091136038303375e-03,7.172960042953491211e-02,1.061139702796936035e-01,2.895914316177368164e-01,5.368959903717041016e-01,9.999998211860656738e-01,5.113940685987472534e-02,2.680408954620361328e-01,4.448627829551696777e-01,6.113042831420898438e-01,7.966738939285278320e-02,1.793035119771957397e-01,1.923621892929077148e-01,4.058275222778320312e-01,2.941278517246246338e-01,5.467277169227600098e-01,2.780577242374420166e-01,2.980519831180572510e-01,-9.022097289562225342e-02,-8.436005562543869019e-02,2.599266767501831055e-01,4.325952231884002686e-01,2.215781658887863159e-01,1.854977160692214966e-01,5.579755306243896484e-01,5.883693695068359375e-01,5.641566514968872070e-01,5.517861247062683105e-01,3.390999436378479004e-01,3.357308506965637207e-01,3.613838553428649902e-01,4.179310202598571777e-01,1.031305193901062012e-01,1.107815206050872803e-01,2.797582186758518219e-02,2.110672183334827423e-02,2.892236709594726562e-01,2.765934467315673828e-01,2.181937098503112793e-01,4.517427384853363037e-01,2.506920397281646729e-01,1.521697938442230225e-01,-1.915563046932220459e-01,1.041883528232574463e-01,-2.123683243989944458e-01,-7.979628443717956543e-02,-1.949693262577056885e-02,2.481982856988906860e-01,-1.531289964914321899e-01,-1.799404025077819824e-01,-1.384793072938919067e-01,-2.009689658880233765e-01,3.385445568710565567e-03,9.325047582387924194e-02,9.494395554065704346e-02,2.942646443843841553e-01,1.648905500769615173e-02,1.558009833097457886e-01,4.550471529364585876e-02,8.068050444126129150e-02,-2.003047466278076172e-01,-2.146027535200119019e-01,-7.678431272506713867e-02,1.364969909191131592e-01,-3.406448066234588623e-01,-2.530665993690490723e-01,-6.557333469390869141e-02,-2.973707020282745361e-02,6.126539781689643860e-02,1.414940506219863892e-01,3.376099467277526855e-01,2.758442163467407227e-01,2.055688500404357910e-01,5.513667315244674683e-02,2.555936574935913086e-01,1.242909803986549377e-01,9.781364351511001587e-02,1.401220411062240601e-01,1.346699893474578857e-01,1.918558329343795776e-01,9.028270095586776733e-02,1.877529621124267578e-01,2.290747612714767456e-01,3.746905624866485596e-01,8.979926258325576782e-02,3.102993667125701904e-01,1.095805987715721130e-01,2.723658978939056396e-01,3.282509446144104004e-01,4.568552672863006592e-01,1.835804581642150879e-01,1.854522377252578735e-01,-9.232197701930999756e-02,4.511748440563678741e-03,3.324695229530334473e-01,3.501112163066864014e-01,3.393973112106323242e-01,3.814754486083984375e-01,1.707656085491180420e-01,2.673141658306121826e-01,-2.917203120887279510e-02,2.421543449163436890e-01,-7.410704623907804489e-03,1.942698508501052856e-01,-2.353567816317081451e-02,1.086448878049850464e-02,3.134483098983764648e-02,2.080422192811965942e-01,3.658187985420227051e-01,3.115310072898864746e-01,1.921251714229583740e-01,1.674589365720748901e-01,1.022910028696060181e-01,-1.559212654829025269e-01,1.219025361933745444e-04,1.138287857174873352e-01
4.268004000186920166e-01,2.216131538152694702e-01,6.004116535186767578e-01,5.014840960502624512e-01,2.214945703744888306e-01,5.113940685987472534e-02,1.000000119209289551e+00,4.231026768684387207e-01,1.331983357667922974e-01,-9.318824857473373413e-02,2.687306702136993408e-01,8.376439660787582397e-02,4.383223056793212891e-01,1.305768787860870361e-01,2.133639156818389893e-01,-9.932257980108261108e-02,2.826384902000427246e-01,-5.681417137384414673e-02,2.541067898273468018e-01,3.421968817710876465e-01,3.479824960231781006e-02,1.123316138982772827e-01,5.059576630592346191e-01,5.147665739059448242e-01,2.384657561779022217e-01,3.179141879081726074e-01,1.848581135272979736e-01,2.027859985828399658e-01,2.168802022933959961e-01,-8.569199591875076294e-02,4.419761002063751221e-01,4.322423040866851807e-01,2.032777816057205200e-01,2.916647493839263916e-01,5.630191788077354431e-02,1.022736579179763794e-01,2.182351201772689819e-01,-3.963620960712432861e-02,2.216984033584594727e-01,8.623387664556503296e-03,1.262980997562408447e-01,-2.377591431140899658e-01,1.585426628589630127e-01,7.593440264463424683e-02,1.780482679605484009e-01,1.614962238818407059e-03,7.694499194622039795e-02,1.122851520776748657e-01,1.353858858346939087e-01,5.857698991894721985e-02,1.739216223359107971e-02,-9.684075415134429932e-02,1.890102773904800415e-01,-9.451743215322494507e-02,3.550168573856353760e-01,1.526835113763809204e-01,5.314928889274597168e-01,2.024642825126647949e-01,2.777504920959472656e-01,2.703373730182647705e-01,3.168065845966339111e-01,2.463873773813247681e-01,5.177051424980163574e-01,1.691882461309432983e-01,1.882973909378051758e-01,1.711491495370864868e-01,2.570176422595977783e-01,2.309949398040771484e-01,2.305663675069808960e-01,2.235974669456481934e-01,1.834012567996978760e-01,1.751821190118789673e-01,-1.725064963102340698e-01,-2.939434051513671875e-01,-6.627852469682693481e-02,-2.247176766395568848e-01,1.013495251536369324e-01,1.023285612463951111e-01,3.212001025676727295e-01,1.122173108160495758e-02,3.813064694404602051e-01,1.011910513043403625e-01,1.791163533926010132e-01,-1.338714063167572021e-01,3.362186551094055176e-01,8.277182281017303467e-02,1.150808259844779968e-01,-2.121059596538543701e-01,3.322434425354003906e-01,5.521372333168983459e-02,3.442648649215698242e-01,1.634610444307327271e-01,2.073019295930862427e-01,5.791869387030601501e-02,1.500558704137802124e-01,1.952724158763885498e-01,2.123869657516479492e-01,2.008994072675704956e-01,3.843973278999328613e-01,2.753704488277435303e-01,2.548813819885253906e-01,7.872392982244491577e-02,2.540901601314544678e-01,1.165622696280479431e-01,2.216165065765380859e-01,2.500984966754913330e-01,2.223413437604904175e-01,1.527204215526580811e-01,2.223288118839263916e-01,1.679465621709823608e-01,1.572796106338500977e-01,1.936752945184707642e-01,2.803528010845184326e-01,2.675708830356597900e-01,2.333248555660247803e-01,1.926694661378860474e-01
2.171901762485504150e-01,4.619883596897125244e-01,4.465573430061340332e-01,5.515644550323486328e-01,-3.609285503625869751e-02,2.680408954620361328e-01,4.231026768684387207e-01,1.000000476837158203e+00,-1.816886067390441895e-01,2.582994103431701660e-01,7.042875885963439941e-02,4.395286142826080322e-01,1.038930043578147888e-01,6.186001896858215332e-01,-1.675117909908294678e-01,3.202391564846038818e-01,2.194550931453704834e-01,1.579378396272659302e-01,2.643495798110961914e-01,2.823115289211273193e-01,1.504192352294921875e-01,3.182450234889984131e-01,4.412138164043426514e-01,5.107224583625793457e-01,2.710773050785064697e-01,2.277755588293075562e-01,1.709349900484085083e-01,3.092974722385406494e-01,1.492644846439361572e-01,2.636526226997375488e-01,4.080916941165924072e-01,4.354630112648010254e-01,2.790165841579437256e-01,3.788235485553741455e-01,1.059226617217063904e-01,1.148751899600028992e-01,2.150277197360992432e-01,1.532498896121978760e-01,1.984909921884536743e-01,2.253309488296508789e-01,8.948779851198196411e-02,-5.014982819557189941e-02,1.584953963756561279e-01,2.694339156150817871e-01,1.425627022981643677e-01,1.811185777187347412e-01,5.360099673271179199e-02,2.119503617286682129e-01,1.193072423338890076e-01,1.195881441235542297e-01,-9.836091101169586182e-02,-6.890580803155899048e-02,-1.077254582196474075e-02,-2.412349544465541840e-02,1.034333482384681702e-01,4.626058638095855713e-01,2.723251283168792725e-01,4.975129663944244385e-01,2.972956895828247070e-01,2.221851497888565063e-01,1.860491037368774414e-01,2.155369669198989868e-01,1.530240029096603394e-01,5.752029418945312500e-01,5.350498110055923462e-02,1.083587184548377991e-01,3.070247471332550049e-01,3.266128301620483398e-01,3.086925446987152100e-01,3.275607824325561523e-01,2.091388553380966187e-01,2.755421698093414307e-01,-1.054309234023094177e-01,-1.669688075780868530e-01,1.325903832912445068e-01,-4.009521752595901489e-02,1.722917407751083374e-01,2.308677881956100464e-01,1.761309802532196045e-01,4.414537921547889709e-02,1.579531431198120117e-01,2.425774633884429932e-01,-1.324091553688049316e-01,3.880949914455413818e-01,-5.469697713851928711e-02,3.842782676219940186e-01,-2.024896442890167236e-01,1.754340380430221558e-01,-2.048885449767112732e-02,3.917426168918609619e-01,1.122671812772750854e-01,3.482745885848999023e-01,-8.467055112123489380e-02,1.029858067631721497e-01,1.672157049179077148e-01,2.649425864219665527e-01,1.025074347853660583e-01,3.436387479305267334e-01,1.956359446048736572e-01,3.849518895149230957e-01,3.768629953265190125e-02,1.298592388629913330e-01,8.693409711122512817e-02,2.058964371681213379e-01,1.923071891069412231e-01,2.367429286241531372e-01,1.573370695114135742e-01,2.630344033241271973e-01,1.949190646409988403e-01,2.815560102462768555e-01,2.128969281911849976e-01,8.445695042610168457e-02,1.268130391836166382e-01,8.280051499605178833e-02,2.455784231424331665e-01,2.142050415277481079e-01
5.637343600392341614e-02,-3.075306117534637451e-01,5.876575782895088196e-02,6.183352693915367126e-02,7.581163048744201660e-01,4.448627829551696777e-01,1.331983357667922974e-01,-1.816886067390441895e-01,1.000000476837158203e+00,2.727286219596862793e-01,2.622646689414978027e-01,-1.298046708106994629e-01,4.310071766376495361e-01,-1.644998602569103241e-02,6.588219404220581055e-01,1.485180109739303589e-01,3.136851787567138672e-01,3.674564138054847717e-02,-1.443677395582199097e-01,-5.865159258246421814e-02,1.385946422815322876e-01,1.617521196603775024e-01,7.571802288293838501e-02,-6.075411103665828705e-03,3.744595646858215332e-01,4.509281218051910400e-01,4.755977690219879150e-01,3.060520589351654053e-01,2.897228598594665527e-01,3.822218393906950951e-03,1.349435150623321533e-01,1.574300974607467651e-01,-5.830615758895874023e-02,-1.359613090753555298e-01,-1.906649768352508545e-01,-1.960541605949401855e-01,7.244829088449478149e-02,-5.935609713196754456e-02,1.521631926298141479e-01,1.212062016129493713e-01,1.442314535379409790e-01,-2.670035138726234436e-02,-2.517452836036682129e-01,-1.557674258947372437e-01,-2.638697028160095215e-01,-3.055726289749145508e-01,-1.270621418952941895e-01,-1.632492430508136749e-02,-2.740348875522613525e-01,-3.173755109310150146e-01,-1.425285935401916504e-01,-2.514913976192474365e-01,2.452177181839942932e-02,-6.430902332067489624e-02,1.509898304939270020e-01,-5.637596175074577332e-02,1.601573079824447632e-02,-2.695506811141967773e-01,-1.137073561549186707e-01,-1.049139499664306641e-01,-1.727409511804580688e-01,-2.718723714351654053e-01,5.476517230272293091e-02,-2.780109047889709473e-01,-2.761777043342590332e-01,-2.809686660766601562e-01,-3.192326724529266357e-01,-3.179742991924285889e-01,-1.654511839151382446e-01,-2.097485214471817017e-01,1.464016586542129517e-01,2.727271430194377899e-02,1.485977917909622192e-01,-4.023862630128860474e-02,4.112284258008003235e-02,-7.620852440595626831e-02,-1.422312259674072266e-01,-2.055409252643585205e-01,9.318298846483230591e-02,5.037022056058049202e-04,2.070452421903610229e-01,-1.316975569352507591e-03,4.812739789485931396e-01,-3.258189186453819275e-02,3.212654888629913330e-01,3.860526159405708313e-02,3.615697622299194336e-01,-5.541134998202323914e-02,5.024424195289611816e-01,1.028400063514709473e-01,2.481143027544021606e-01,3.631961345672607422e-02,1.179937869310379028e-01,-1.783535443246364594e-02,1.942470222711563110e-01,1.635876893997192383e-01,1.838532984256744385e-01,7.983967661857604980e-02,1.072478517889976501e-01,8.529406040906906128e-02,1.042333841323852539e-01,2.324644625186920166e-01,9.353879839181900024e-02,9.440426528453826904e-02,-1.193855553865432739e-01,-1.301620900630950928e-01,-6.042426452040672302e-03,-2.530522085726261139e-02,1.675392836332321167e-01,2.070142142474651337e-02,-1.378792971372604370e-01,2.982984296977519989e-02,5.891177803277969360e-02,-1.164976656436920166e-01,-1.659808605909347534e-01,-8.949494361877441406e-02
-1.575674489140510559e-02,1.254425495862960815e-01,-5.034537240862846375e-02,8.218181878328323364e-02,2.469534426927566528e-01,6.113042831420898438e-01,-9.318824857473373413e-02,2.582994103431701660e-01,2.727286219596862793e-01,1.000000119209289551e+00,8.075208961963653564e-02,3.510862886905670166e-01,6.276786327362060547e-02,4.241102039813995361e-01,1.831912696361541748e-01,6.907736659049987793e-01,2.386492937803268433e-01,3.524371087551116943e-01,-1.590353349456563592e-04,-3.273808583617210388e-02,3.594248890876770020e-01,5.010516643524169922e-01,6.274568289518356323e-02,-4.629584774374961853e-02,2.999651134014129639e-01,2.439771145582199097e-01,3.619584441184997559e-01,2.948426902294158936e-01,2.262594848871231079e-01,4.109718203544616699e-01,1.531155258417129517e-01,2.595412433147430420e-01,3.132651746273040771e-02,3.348868712782859802e-02,2.814683876931667328e-02,-3.222294617444276810e-03,1.902062892913818359e-01,2.979891300201416016e-01,1.951558440923690796e-01,4.345753788948059082e-01,1.009458824992179871e-01,2.525723278522491455e-01,-1.280993036925792694e-02,1.808373332023620605e-01,-7.483341544866561890e-02,-4.143936932086944580e-02,1.419834094122052193e-03,2.350670695304870605e-01,-1.053552180528640747e-01,-1.502296924591064453e-01,-1.642597466707229614e-01,-1.559218317270278931e-01,-1.144709065556526184e-01,5.243686586618423462e-02,1.211467292159795761e-02,3.472061157226562500e-01,-1.001924425363540649e-01,1.567898839712142944e-01,4.526486247777938843e-02,1.628528162837028503e-02,-4.954206943511962891e-02,-8.936282992362976074e-02,-1.495345383882522583e-01,1.383981555700302124e-01,-2.108355313539505005e-01,-7.315395027399063110e-02,9.010705165565013885e-03,3.317039832472801208e-02,1.172808855772018433e-01,1.246854215860366821e-01,2.140893340110778809e-01,2.112939059734344482e-01,2.048171162605285645e-01,1.864337474107742310e-01,2.746945321559906006e-01,2.112501263618469238e-01,1.221653893589973450e-01,1.498206555843353271e-01,7.562371343374252319e-02,1.843798160552978516e-01,3.720244858413934708e-03,2.656715512275695801e-01,5.767000094056129456e-02,4.867886602878570557e-01,-6.009413301944732666e-02,4.083409905433654785e-01,-4.728072881698608398e-02,3.099920749664306641e-01,1.216425150632858276e-01,4.395274817943572998e-01,4.574107751250267029e-02,1.648870259523391724e-01,-6.803757697343826294e-02,7.141389697790145874e-02,2.601239681243896484e-01,2.789056897163391113e-01,2.246174067258834839e-01,3.978026211261749268e-01,7.364407181739807129e-02,2.485237121582031250e-01,-1.277012825012207031e-01,2.186758220195770264e-01,-1.631522476673126221e-01,1.346822679042816162e-01,-1.358775049448013306e-01,-7.766853272914886475e-02,-1.302967071533203125e-01,1.165537834167480469e-01,2.182604372501373291e-01,2.008747160434722900e-01,3.151680529117584229e-02,1.947344280779361725e-02,1.193353068083524704e-02,-1.437482088804244995e-01,-4.374769330024719238e-02,-8.800590876489877701e-04
5.577264428138732910e-01,6.046645715832710266e-02,-2.256114408373832703e-02,9.297039359807968140e-02,1.954304873943328857e-01,7.966738939285278320e-02,2.687306702136993408e-01,7.042875885963439941e-02,2.622646689414978027e-01,8.075208961963653564e-02,9.999998211860656738e-01,3.201523721218109131e-01,5.842117667198181152e-01,1.404220908880233765e-01,3.995321393013000488e-01,-6.338734179735183716e-02,5.181297063827514648e-01,2.299882322549819946e-01,2.024762332439422607e-02,2.250189483165740967e-01,3.760373294353485107e-01,2.579493522644042969e-01,8.255892246961593628e-02,1.222848221659660339e-01,-1.411525532603263855e-02,1.187598556280136108e-01,4.050108417868614197e-02,5.640067532658576965e-02,3.571166098117828369e-01,5.100301653146743774e-02,6.765472143888473511e-02,1.484922915697097778e-01,3.472278714179992676e-01,3.322200179100036621e-01,6.745076924562454224e-02,2.147429883480072021e-01,1.673934608697891235e-01,7.111442275345325470e-03,1.571818590164184570e-01,2.347875945270061493e-02,7.269179075956344604e-02,-1.194324158132076263e-02,5.159481987357139587e-02,-1.189502514898777008e-02,3.757884725928306580e-02,-1.195313334465026855e-01,-3.459106013178825378e-02,-1.143260151147842407e-01,6.339838355779647827e-02,-1.031886264681816101e-01,6.813847273588180542e-02,-9.587603807449340820e-02,-4.846946895122528076e-02,-2.794878482818603516e-01,1.291907876729965210e-01,-7.186623662710189819e-02,3.469235002994537354e-01,-4.037930816411972046e-02,4.091512784361839294e-02,-7.733859121799468994e-02,1.775442361831665039e-01,7.095542550086975098e-02,3.029842972755432129e-01,-1.276053488254547119e-01,1.311592310667037964e-01,-1.269515790045261383e-02,7.467290014028549194e-02,4.596081748604774475e-02,1.446666568517684937e-01,1.671238839626312256e-01,1.013516932725906372e-01,1.166225522756576538e-01,2.341304123401641846e-01,5.708355084061622620e-02,1.317238211631774902e-01,8.200445771217346191e-02,1.518461108207702637e-01,8.349054306745529175e-02,3.363123238086700439e-01,1.171761602163314819e-01,4.169237017631530762e-01,-3.530510002747178078e-03,1.688719391822814941e-01,-2.626515626907348633e-01,3.841793537139892578e-01,1.762447506189346313e-02,7.181946933269500732e-02,-3.161315917968750000e-01,2.401752322912216187e-01,-2.490737289190292358e-01,1.173990443348884583e-01,-1.941631883382797241e-01,4.291624948382377625e-02,-2.409477680921554565e-01,2.041568048298358917e-02,6.344376504421234131e-02,-1.294512767344713211e-02,-5.331429839134216309e-02,6.782086193561553955e-02,3.754545375704765320e-02,4.994793981313705444e-02,-1.228062286972999573e-01,5.034795030951499939e-02,-1.008799597620964050e-01,-5.528055503964424133e-02,-5.955369770526885986e-02,9.712634980678558350e-02,-8.964424580335617065e-02,-3.453881014138460159e-03,-4.505322128534317017e-02,-2.387312948703765869e-01,-1.650600731372833252e-01,-2.089274302124977112e-02,4.711607471108436584e-02,1.870892494916915894e-01,6.876313686370849609e-02
2.042201161384582520e-01,4.733979105949401855e-01,-1.659307256340980530e-02,4.950075596570968628e-02,-1.263859421014785767e-01,1.793035119771957397e-01,8.376439660787582397e-02,4.395286142826080322e-01,-1.298046708106994629e-01,3.510862886905670166e-01,3.201523721218109131e-01,1.000000000000000000e+00,7.435020804405212402e-02,5.132930874824523926e-01,-1.508694589138031006e-01,3.241691887378692627e-01,1.848141402006149292e-01,5.529292821884155273e-01,1.449875086545944214e-01,2.257962822914123535e-01,4.244749248027801514e-01,4.012047648429870605e-01,1.296768337488174438e-01,1.432329565286636353e-01,3.523670136928558350e-02,2.751661464571952820e-03,-1.735161291435360909e-03,1.079564988613128662e-01,3.929010778665542603e-02,4.347470998764038086e-01,1.186006143689155579e-01,2.083494365215301514e-01,3.256580531597137451e-01,3.337648212909698486e-01,1.086129620671272278e-01,1.217463910579681396e-01,3.405037894845008850e-02,2.942331433296203613e-01,-7.386804092675447464e-03,2.132409811019897461e-01,-3.513908386230468750e-02,2.481707930564880371e-01,1.209167167544364929e-01,1.411636918783187866e-01,5.733313038945198059e-02,1.522598564624786377e-01,-1.850771531462669373e-02,1.365478523075580597e-02,1.256857365369796753e-01,1.105964034795761108e-01,-1.865308359265327454e-02,4.827503487467765808e-02,-1.978187114000320435e-01,-1.007405817508697510e-01,-1.437283903360366821e-01,1.836348921060562134e-01,1.474853605031967163e-01,3.714695870876312256e-01,1.518984138965606689e-01,-2.202815376222133636e-02,1.401680707931518555e-01,1.501762270927429199e-01,-4.669480491429567337e-03,3.373192250728607178e-01,7.937631756067276001e-02,6.471433490514755249e-02,1.637850850820541382e-01,1.818616092205047607e-01,2.139406800270080566e-01,2.584024965763092041e-01,1.077725067734718323e-01,1.643890142440795898e-01,9.991438686847686768e-02,2.668243050575256348e-01,2.189341634511947632e-01,2.820121645927429199e-01,1.651478409767150879e-01,2.226240336894989014e-01,1.202288269996643066e-01,3.077687919139862061e-01,6.492403894662857056e-02,3.601349890232086182e-01,-2.367645353078842163e-01,3.014885485172271729e-01,-1.042157858610153198e-01,3.482312262058258057e-01,-2.679369151592254639e-01,1.281762570142745972e-01,-1.787277907133102417e-01,1.786465346813201904e-01,-8.785961568355560303e-02,2.784199081361293793e-02,-1.627025604248046875e-01,-5.805999413132667542e-02,1.244657579809427261e-02,5.857262015342712402e-02,-2.363398857414722443e-02,1.288018375635147095e-01,-3.847150877118110657e-02,6.360317021608352661e-02,-1.358054876327514648e-01,-2.944829873740673065e-02,-9.845090657472610474e-02,4.074181616306304932e-02,-2.700806071516126394e-04,7.200906984508037567e-03,-9.959493577480316162e-02,2.308302186429500580e-02,4.610800743103027344e-02,1.297160089015960693e-01,-1.472813729196786880e-02,-1.220375895500183105e-01,-1.094772666692733765e-01,-1.273758858442306519e-01,1.242623105645179749e-01,1.763420253992080688e-01
3.979776203632354736e-01,-1.045515015721321106e-01,2.669649422168731689e-01,3.305748999118804932e-01,4.044942557811737061e-01,1.923621892929077148e-01,4.383223056793212891e-01,1.038930043578147888e-01,4.310071766376495361e-01,6.276786327362060547e-02,5.842117667198181152e-01,7.435020804405212402e-02,1.000000119209289551e+00,1.240282356739044189e-01,5.829469561576843262e-01,-8.625554293394088745e-02,4.904452562332153320e-01,1.082127094268798828e-01,-6.806815415620803833e-02,1.302717775106430054e-01,2.592549920082092285e-01,2.231510728597640991e-01,2.438901364803314209e-01,2.795704901218414307e-01,2.362463623285293579e-01,3.869671821594238281e-01,2.419977188110351562e-01,2.579139471054077148e-01,5.396437644958496094e-01,1.378188878297805786e-01,2.962887883186340332e-01,3.495790362358093262e-01,1.470276564359664917e-01,1.599430590867996216e-01,1.058450806885957718e-02,9.749179333448410034e-02,2.230805307626724243e-01,-1.973940432071685791e-02,2.138652950525283813e-01,7.793778181076049805e-02,2.273617833852767944e-01,-1.082448195666074753e-02,-6.869336217641830444e-02,-9.814915806055068970e-02,-3.484646603465080261e-02,-2.987460792064666748e-01,-9.564651548862457275e-02,-1.292063891887664795e-01,-5.513491109013557434e-02,-2.350898534059524536e-01,-8.722346276044845581e-02,-2.999821603298187256e-01,6.073773652315139771e-02,-1.975948810577392578e-01,2.291887402534484863e-01,-5.603010207414627075e-02,3.067471981048583984e-01,-1.400153040885925293e-01,5.447696149349212646e-02,-1.562233176082372665e-02,1.041224002838134766e-01,-3.418094664812088013e-02,3.701620101928710938e-01,-1.541088819503784180e-01,-5.628234148025512695e-02,-9.683255851268768311e-02,-3.559382632374763489e-02,-9.943176060914993286e-02,7.207466661930084229e-02,1.085700169205665588e-01,3.339653313159942627e-01,3.242011368274688721e-01,3.197355568408966064e-01,5.054131522774696350e-02,2.438095957040786743e-01,7.924955338239669800e-02,1.709656715393066406e-01,1.262459754943847656e-01,3.403264880180358887e-01,7.312368601560592651e-02,4.158756732940673828e-01,-4.906702786684036255e-02,4.609205126762390137e-01,-1.780188083648681641e-01,4.543532729148864746e-01,-5.724041908979415894e-02,3.192428648471832275e-01,-2.523618638515472412e-01,4.408065378665924072e-01,-1.311222761869430542e-01,2.209860682487487793e-01,-8.174506574869155884e-02,9.756569564342498779e-02,-1.956956982612609863e-01,1.290347874164581299e-01,1.519386023283004761e-01,1.724664419889450073e-01,2.181960083544254303e-02,1.144983470439910889e-01,5.773619282990694046e-03,1.441589146852493286e-01,6.583235412836074829e-02,6.362365931272506714e-02,-8.044967055320739746e-02,-1.295577734708786011e-01,-1.088546887040138245e-01,4.544155299663543701e-02,-6.184414774179458618e-02,1.392006129026412964e-01,1.555002778768539429e-01,-4.010745882987976074e-02,3.523119911551475525e-02,6.180522590875625610e-02,-2.701512072235345840e-03,2.166290534660220146e-03,-6.433806568384170532e-02
