1.000000476837158203e+00,6.521739959716796875e-01,6.696153879165649414e-01,5.743743777275085449e-01,7.273294031620025635e-02,-2.088021188974380493e-01,6.780425906181335449e-01,3.868382275104522705e-01,1.290001068264245987e-02,-2.658239901065826416e-01,4.391261339187622070e-01,3.026598095893859863e-01,4.761973917484283447e-01,1.848083138465881348e-01,7.922698557376861572e-02,-1.700820922851562500e-01,4.563806354999542236e-01,3.005532920360565186e-01,4.717006981372833252e-01,5.268168449401855469e-01,2.028189301490783691e-01,1.489150971174240112e-01,7.813005149364471436e-02,2.050665169954299927e-01,5.160471424460411072e-03,6.718409806489944458e-02,1.477201282978057861e-01,2.397909015417098999e-01,4.716875553131103516e-01,2.197071462869644165e-01,2.001260370016098022e-01,3.353037536144256592e-01,1.160831376910209656e-01,1.233878433704376221e-01,1.754831969738006592e-01,1.225756779313087463e-01,1.221987977623939514e-01,8.101846091449260712e-03,1.562301516532897949e-01,1.165393590927124023e-01,5.431034602224826813e-03,-3.841836750507354736e-02,2.724087834358215332e-01,4.091708362102508545e-01,3.790598511695861816e-01,2.357140034437179565e-01,3.049180209636688232e-01,1.854624897241592407e-01,3.844670951366424561e-01,9.577521681785583496e-02,3.778367638587951660e-01,1.848355084657669067e-01,9.923977404832839966e-02,-2.908589318394660950e-02,2.872616648674011230e-01,6.961956620216369629e-02,7.847902178764343262e-01,5.685402154922485352e-01,1.373935788869857788e-01,-3.342557325959205627e-02,4.719042778015136719e-01,3.945666849613189697e-01,6.137403249740600586e-01,2.980975210666656494e-01,3.269888758659362793e-01,1.237472519278526306e-01,2.054489254951477051e-01,3.154312372207641602e-01,3.673745691776275635e-01,3.911445140838623047e-01,4.249284565448760986e-01,3.537324070930480957e-01,1.539978682994842529e-01,2.446081638336181641e-01,1.932099610567092896e-01,3.375702798366546631e-01,3.204188942909240723e-01,3.723455667495727539e-01,1.453447192907333374e-01,2.761228680610656738e-01,4.123871028423309326e-01,1.153785213828086853e-01,1.259476542472839355e-01,-9.306692332029342651e-02,3.496755063533782959e-01,9.473176300525665283e-02,-7.303422316908836365e-03,-1.288921982049942017e-01,2.500304877758026123e-01,-7.275002449750900269e-02,1.882804208435118198e-03,-1.054010614752769470e-01,-5.687920376658439636e-02,-2.624562568962574005e-02,8.574126660823822021e-02,-9.723895788192749023e-02,3.551730215549468994e-01,1.919719763100147247e-02,2.600306570529937744e-01,1.106589958071708679e-01,1.046769171953201294e-01,1.067004203796386719e-01,2.064320296049118042e-01,1.797135472297668457e-01,1.600560396909713745e-01,7.163325697183609009e-02,1.988307535648345947e-01,4.070407524704933167e-02,3.277257457375526428e-02,1.727538108825683594e-01,4.409248530864715576e-01,2.630376815795898438e-01,1.105443537235260010e-01,2.564624547958374023e-01,3.868741095066070557e-01,1.155652105808258057e-01
6.521739959716796875e-01,9.999997019767761230e-01,4.922467172145843506e-01,5.485469102859497070e-01,-3.201121464371681213e-02,3.422026336193084717e-02,4.744060039520263672e-01,5.753959417343139648e-01,-2.227396070957183838e-01,-6.358969956636428833e-03,1.310938894748687744e-01,5.256948471069335938e-01,9.638615697622299194e-02,3.777189552783966064e-01,-2.172060459852218628e-01,8.317624032497406006e-02,2.404724061489105225e-01,4.633725881576538086e-01,3.606894612312316895e-01,4.429304301738739014e-01,1.829057037830352783e-01,1.506385207176208496e-01,1.750782877206802368e-01,2.526385486125946045e-01,5.900948494672775269e-02,1.239497214555740356e-01,2.014041095972061157e-01,2.020195573568344116e-01,2.378217726945877075e-01,3.473409712314605713e-01,2.832520306110382080e-01,4.381240010261535645e-01,1.577038317918777466e-01,1.654991507530212402e-01,1.490700989961624146e-01,5.760119855403900146e-02,5.572581663727760315e-02,1.978425532579421997e-01,4.656311869621276855e-02,2.929423451423645020e-01,-9.122168272733688354e-02,8.541730046272277832e-02,2.448498010635375977e-01,4.377537369728088379e-01,3.104921579360961914e-01,3.573204576969146729e-01,2.721044123172760010e-01,3.198535442352294922e-01,4.034508466720581055e-01,3.414981961250305176e-01,3.304498493671417236e-01,3.923014998435974121e-01,1.182856634259223938e-01,1.671738922595977783e-01,1.610291600227355957e-01,3.379112482070922852e-01,5.918502807617187500e-01,7.685556411743164062e-01,9.629183262586593628e-02,8.546990156173706055e-02,3.462053239345550537e-01,4.846936762332916260e-01,3.850846886634826660e-01,6.027330756187438965e-01,2.914223372936248779e-01,3.452298343181610107e-01,1.677229404449462891e-01,3.377352356910705566e-01,2.635286152362823486e-01,2.135561406612396240e-01,3.157699108123779297e-01,2.439963370561599731e-01,9.411258250474929810e-02,2.550843954086303711e-01,1.680882573127746582e-01,2.900967299938201904e-01,2.897115051746368408e-01,3.507234454154968262e-01,1.205026879906654358e-01,3.657193779945373535e-01,1.980238258838653564e-01,3.953590095043182373e-01,-1.396278291940689087e-01,1.356272995471954346e-01,3.191342204809188843e-02,3.749867081642150879e-01,-2.199111133813858032e-01,1.383078694343566895e-01,-3.055260144174098969e-02,1.314251720905303955e-01,-5.741512030363082886e-02,1.035004705190658569e-01,1.384223811328411102e-02,2.279193848371505737e-01,8.693474531173706055e-02,-8.960292488336563110e-02,2.584167718887329102e-01,2.013525813817977905e-01,1.597367525100708008e-01,2.564078271389007568e-01,1.026479899883270264e-01,2.928595244884490967e-01,2.471630871295928955e-01,3.865366876125335693e-01,2.861683070659637451e-01,2.250715643167495728e-01,1.353509277105331421e-01,2.099283933639526367e-01,4.415981471538543701e-02,1.598641574382781982e-01,3.812730908393859863e-01,1.144610047340393066e-01,3.068031277507543564e-03,1.614848226308822632e-01,2.833400070667266846e-01,1.173930466175079346e-01
6.696153879165649414e-01,4.922467172145843506e-01,9.999994635581970215e-01,6.552981734275817871e-01,2.774801850318908691e-01,-2.161379456520080566e-01,7.467997670173645020e-01,3.848375380039215088e-01,2.343244701623916626e-01,-2.864131033420562744e-01,4.130343794822692871e-01,2.914905250072479248e-01,5.283122658729553223e-01,2.355688065290451050e-01,2.833783328533172607e-01,-6.556484848260879517e-02,3.904610872268676758e-01,3.346357643604278564e-01,5.969280600547790527e-01,6.106387376785278320e-01,2.436767667531967163e-01,2.350458949804306030e-01,2.813888788223266602e-01,2.350289374589920044e-01,1.224517971277236938e-01,3.632977232336997986e-02,2.300784289836883545e-01,2.502549290657043457e-01,3.868351876735687256e-01,3.119916915893554688e-01,3.608484864234924316e-01,3.405506610870361328e-01,3.410953283309936523e-02,3.797461465001106262e-02,2.975266054272651672e-02,7.613469660282135010e-02,-9.046553820371627808e-02,-1.161820217967033386e-01,1.537709534168243408e-01,7.035388052463531494e-02,-1.053147166967391968e-01,2.212192676961421967e-02,2.712587118148803711e-01,3.182935416698455811e-01,2.358082979917526245e-01,2.046127617359161377e-01,3.282785713672637939e-01,1.400235444307327271e-01,2.807642817497253418e-01,9.373831748962402344e-02,2.636868655681610107e-01,1.889469623565673828e-01,1.173067465424537659e-01,2.321884222328662872e-02,4.357796013355255127e-01,1.386888474225997925e-01,6.313362717628479004e-01,4.386198818683624268e-01,5.829953774809837341e-02,-1.530720945447683334e-02,3.242200314998626709e-01,3.564032316207885742e-01,5.912456512451171875e-01,2.751177847385406494e-01,2.141460627317428589e-01,1.152568086981773376e-01,1.167804002761840820e-02,1.867108047008514404e-01,3.461805880069732666e-01,2.206095755100250244e-01,3.000651299953460693e-01,2.229542136192321777e-01,-2.580670267343521118e-02,2.083288580179214478e-01,2.168018743395805359e-02,2.030838876962661743e-01,1.404141783714294434e-01,1.856550872325897217e-01,1.365803778171539307e-01,2.326386421918869019e-01,4.683130681514739990e-01,1.720653921365737915e-01,2.826440930366516113e-01,4.168966040015220642e-02,4.113337993621826172e-01,1.549541801214218140e-01,8.932789415121078491e-02,-9.115194529294967651e-02,4.063270390033721924e-01,8.717263489961624146e-02,2.305915355682373047e-01,5.648789554834365845e-02,8.591879159212112427e-02,2.299137413501739502e-02,3.073988258838653564e-01,1.205126792192459106e-01,5.219437479972839355e-01,9.949906915426254272e-02,4.182191789150238037e-01,2.284292578697204590e-01,2.149183750152587891e-01,1.471757143735885620e-01,2.915574908256530762e-01,2.224274873733520508e-01,2.326063662767410278e-01,1.458468437194824219e-01,1.754926890134811401e-01,1.123809516429901123e-01,1.388029605150222778e-01,3.219246268272399902e-01,4.553881883621215820e-01,3.526547253131866455e-01,2.597148120403289795e-01,3.270791471004486084e-01,4.136597812175750732e-01,1.550098508596420288e-01
5.743743777275085449e-01,5.485469102859497070e-01,6.552981734275817871e-01,9.999997615814208984e-01,1.138633564114570618e-01,-9.854938834905624390e-03,5.546615719795227051e-01,5.273175835609436035e-01,1.582170487381517887e-03,-6.512922048568725586e-02,3.332535028457641602e-01,3.614750802516937256e-01,3.434081673622131348e-01,3.844310343265533447e-01,7.230651378631591797e-02,6.590919196605682373e-02,2.779420316219329834e-01,4.151583909988403320e-01,6.559343338012695312e-01,7.501315474510192871e-01,2.136742770671844482e-01,2.759394347667694092e-01,1.237097755074501038e-01,3.342453539371490479e-01,1.425441056489944458e-01,1.650428473949432373e-01,1.661383956670761108e-01,2.545828521251678467e-01,2.652259171009063721e-01,3.414219319820404053e-01,2.408193647861480713e-01,3.501129746437072754e-01,-1.403943598270416260e-01,-7.706490904092788696e-02,1.099673807621002197e-01,2.250915467739105225e-01,-7.582559436559677124e-02,-4.827168304473161697e-03,4.623842239379882812e-02,1.755142807960510254e-01,-5.441263690590858459e-02,8.141604065895080566e-02,2.431745827198028564e-01,3.494099080562591553e-01,2.400705814361572266e-01,2.784170210361480713e-01,2.290111929178237915e-01,2.441524416208267212e-01,3.531589508056640625e-01,1.881270855665206909e-01,2.824008762836456299e-01,2.305212020874023438e-01,4.654221609234809875e-02,8.985870331525802612e-02,1.732691824436187744e-01,2.168062329292297363e-01,4.787143170833587646e-01,4.525976181030273438e-01,1.012845635414123535e-01,-6.504708528518676758e-02,2.625488042831420898e-01,2.567122578620910645e-01,3.383018374443054199e-01,3.730600476264953613e-01,2.170040905475616455e-01,1.634463369846343994e-01,7.145733386278152466e-02,2.212833166122436523e-01,3.490003943443298340e-01,2.015659660100936890e-01,3.066115975379943848e-01,3.004885613918304443e-01,1.027710586786270142e-01,2.457233816385269165e-01,8.044067770242691040e-02,2.104358673095703125e-01,1.920158118009567261e-01,2.726305723190307617e-01,1.502690613269805908e-01,2.893197238445281982e-01,2.638083696365356445e-01,2.741664648056030273e-01,7.609415799379348755e-02,1.502457112073898315e-01,1.756277680397033691e-01,2.531490623950958252e-01,1.476657856255769730e-02,5.556479096412658691e-02,1.455776244401931763e-01,1.882067322731018066e-01,2.797562628984451294e-02,6.413080543279647827e-02,-4.539276286959648132e-02,-7.939907722175121307e-03,1.636109054088592529e-01,2.273698709905147552e-02,3.419862389564514160e-01,2.159137725830078125e-01,2.667717933654785156e-01,3.143862485885620117e-01,8.376674354076385498e-02,1.102462634444236755e-01,1.627927422523498535e-01,2.085228711366653442e-01,2.346157878637313843e-01,1.158793121576309204e-01,7.821048051118850708e-02,1.450980007648468018e-01,8.387283235788345337e-02,1.853676736354827881e-01,4.939516186714172363e-01,3.382547795772552490e-01,1.793196797370910645e-01,2.753099203109741211e-01,3.656511306762695312e-01,1.546493321657180786e-01
7.273294031620025635e-02,-3.201121464371681213e-02,2.774801850318908691e-01,1.138633564114570618e-01,1.000000119209289551e+00,2.660350501537322998e-01,2.398600429296493530e-01,2.667044103145599365e-02,7.702869772911071777e-01,1.259878724813461304e-01,1.285402625799179077e-01,-6.782381236553192139e-02,3.092764019966125488e-01,1.871965453028678894e-02,6.483271121978759766e-01,1.788012236356735229e-01,1.339432895183563232e-01,2.733971551060676575e-02,5.773063004016876221e-02,9.847678989171981812e-02,1.113323047757148743e-01,1.267103403806686401e-01,3.301664590835571289e-01,2.916116714477539062e-01,5.559599399566650391e-01,3.525172173976898193e-01,6.256482601165771484e-01,5.042540431022644043e-01,4.340126365423202515e-02,1.553504019975662231e-01,3.372188210487365723e-01,1.629496216773986816e-01,-6.028216797858476639e-03,-5.890677124261856079e-02,-2.739979922771453857e-01,-2.130080759525299072e-01,-6.897660344839096069e-02,-2.769314497709274292e-02,2.606851458549499512e-01,1.647850424051284790e-01,-4.930299147963523865e-02,1.248379796743392944e-01,-3.689408674836158752e-02,-4.279483109712600708e-02,-6.805773824453353882e-02,7.393120974302291870e-02,1.874538809061050415e-01,1.405244767665863037e-01,7.706849277019500732e-02,1.402862221002578735e-01,-3.571349952835589647e-04,1.240577623248100281e-01,3.060779869556427002e-01,3.415057659149169922e-01,5.448741912841796875e-01,2.628229558467864990e-01,1.346472203731536865e-01,9.134250134229660034e-02,1.077962219715118408e-01,2.657324671745300293e-01,8.224354684352874756e-02,1.062327101826667786e-01,2.538619935512542725e-01,1.103110089898109436e-01,-7.308982312679290771e-02,6.667688488960266113e-02,-1.277766823768615723e-01,-1.445242911577224731e-01,9.996262937784194946e-02,4.148906469345092773e-02,-2.004626840353012085e-01,-2.312535345554351807e-01,-2.346124798059463501e-01,-1.771654188632965088e-02,-2.230453193187713623e-01,-1.350852549076080322e-01,-2.995719015598297119e-01,-2.458250969648361206e-01,1.184603795409202576e-01,1.811132882721722126e-03,4.038421511650085449e-01,8.754479885101318359e-02,6.789214611053466797e-01,3.125362396240234375e-01,4.075371921062469482e-01,1.618959903717041016e-01,5.477074384689331055e-01,1.846671402454376221e-01,5.952841043472290039e-01,4.110602438449859619e-01,5.584704875946044922e-01,4.196330606937408447e-01,4.107935428619384766e-01,2.879089117050170898e-01,1.751373112201690674e-01,1.979442834854125977e-01,3.558535873889923096e-01,2.109162360429763794e-01,4.618864953517913818e-01,2.932640016078948975e-01,4.855078458786010742e-01,2.742672860622406006e-01,4.952487349510192871e-01,3.089066743850708008e-01,3.186654150485992432e-01,2.675493657588958740e-01,3.032159805297851562e-01,1.456803232431411743e-01,8.123475313186645508e-02,1.094657406210899353e-01,2.222922593355178833e-01,2.885030806064605713e-01,3.595215976238250732e-01,2.426927536725997925e-01,2.857016324996948242e-01,1.717445850372314453e-01
-2.088021188974380493e-01,3.422026336193084717e-02,-2.161379456520080566e-01,-9.854938834905624390e-03,2.660350501537322998e-01,1.000000238418579102e+00,-2.506088614463806152e-01,2.449803203344345093e-01,6.721308082342147827e-02,7.718895673751831055e-01,-3.052548468112945557e-01,1.063436940312385559e-01,-3.387970030307769775e-01,2.845442891120910645e-01,-7.798698544502258301e-02,5.900342464447021484e-01,-1.505938023328781128e-01,1.622036695480346680e-01,-9.985370188951492310e-02,-1.405404359102249146e-01,5.093489587306976318e-02,6.771564483642578125e-02,2.097721695899963379e-01,2.022366821765899658e-01,3.911428749561309814e-01,3.310976028442382812e-01,5.344551205635070801e-01,4.422824680805206299e-01,-1.402464359998703003e-01,1.143171042203903198e-01,2.188883423805236816e-01,2.183513194322586060e-01,3.724090754985809326e-02,5.649005994200706482e-02,9.602466598153114319e-03,-1.320367306470870972e-02,9.828718751668930054e-02,2.716226279735565186e-01,1.466149091720581055e-01,3.932676911354064941e-01,-2.083037234842777252e-02,9.802866727113723755e-02,-4.228648915886878967e-02,-2.862622588872909546e-02,-1.517787724733352661e-01,1.477480120956897736e-02,9.994453191757202148e-02,4.043238162994384766e-01,1.593790599144995213e-03,1.362539529800415039e-01,-1.894398033618927002e-02,1.769991517066955566e-01,1.577631533145904541e-01,3.927101194858551025e-01,2.549710869789123535e-02,4.805277884006500244e-01,-1.681000441312789917e-01,1.266937553882598877e-01,5.216962192207574844e-03,1.423640549182891846e-01,-1.272917687892913818e-01,-1.373754739761352539e-01,-2.525484263896942139e-01,2.189231961965560913e-01,-5.514156818389892578e-02,1.169003024697303772e-01,-1.803593337535858154e-02,-1.219195197336375713e-03,-4.231350868940353394e-02,-1.522661745548248291e-01,-9.684977680444717407e-02,-2.075400203466415405e-02,-1.297306567430496216e-01,-1.191519722342491150e-01,-4.846148565411567688e-02,-1.248542070388793945e-01,1.700773090124130249e-02,-5.301367957144975662e-03,2.900650352239608765e-02,-1.164434663951396942e-02,-1.208009421825408936e-01,3.318644464015960693e-01,-4.118577018380165100e-02,5.165051221847534180e-01,-2.529135942459106445e-01,3.896065354347229004e-01,1.106792762875556946e-01,5.533944368362426758e-01,-1.268905848264694214e-01,5.207772254943847656e-01,1.810340285301208496e-01,4.339138865470886230e-01,2.436123639345169067e-01,4.209717810153961182e-01,-2.364548854529857635e-02,8.996689319610595703e-02,1.824928075075149536e-02,4.704813659191131592e-01,6.895660609006881714e-02,3.121958971023559570e-01,2.520542442798614502e-01,3.715426027774810791e-01,2.248962074518203735e-01,4.014600515365600586e-01,2.830016314983367920e-01,3.646095991134643555e-01,1.242035552859306335e-01,3.505952954292297363e-01,1.009600162506103516e-01,-7.546495646238327026e-02,1.001066267490386963e-01,1.257729232311248779e-01,5.070470273494720459e-02,7.458469481207430363e-04,-1.609775237739086151e-02,2.445453405380249023e-01
6.780425906181335449e-01,4.744060039520263672e-01,7.467997670173645020e-01,5.546615719795227051e-01,2.398600429296493530e-01,-2.506088614463806152e-01,1.000000119209289551e+00,4.685687422752380371e-01,2.480235248804092407e-01,-2.840895056724548340e-01,5.237625837326049805e-01,3.628447949886322021e-01,6.215496659278869629e-01,3.009231686592102051e-01,2.695817947387695312e-01,-1.104152649641036987e-01,5.455545783042907715e-01,3.721450567245483398e-01,5.128697156906127930e-01,5.581716299057006836e-01,1.564214676618576050e-01,1.770332455635070801e-01,1.781356036663055420e-01,2.062854170799255371e-01,4.755853861570358276e-02,-3.822970204055309296e-03,2.552492916584014893e-01,3.136948347091674805e-01,4.130163788795471191e-01,3.318875432014465332e-01,2.826960980892181396e-01,3.195567131042480469e-01,7.352903485298156738e-02,5.796047672629356384e-02,4.128873720765113831e-02,8.925470709800720215e-02,-4.989739134907722473e-02,-1.464289128780364990e-01,3.350488469004631042e-02,-8.033769205212593079e-03,-2.361388355493545532e-01,-8.379187434911727905e-02,2.405803501605987549e-01,2.937283813953399658e-01,2.363089621067047119e-01,1.153350919485092163e-01,2.407692968845367432e-01,1.276076883077621460e-01,2.606980204582214355e-01,4.329681396484375000e-02,2.672984898090362549e-01,1.564343869686126709e-01,2.718907408416271210e-02,-1.769253052771091461e-02,4.162199795246124268e-01,1.122363880276679993e-01,5.835235118865966797e-01,4.042483866214752197e-01,8.318284898996353149e-02,-5.534652248024940491e-02,3.328569233417510986e-01,3.348013162612915039e-01,6.276112794876098633e-01,3.176901638507843018e-01,2.649559080600738525e-01,1.452256292104721069e-01,3.658922761678695679e-02,1.583815813064575195e-01,2.665393352508544922e-01,2.542509138584136963e-01,3.200393915176391602e-01,2.540012896060943604e-01,-8.387572318315505981e-02,2.011358886957168579e-01,-4.018758982419967651e-02,1.704152524471282959e-01,1.525759398937225342e-01,2.482180595397949219e-01,2.485457360744476318e-01,2.690686285495758057e-01,5.547016859054565430e-01,2.303226888179779053e-01,2.646968066692352295e-01,3.254764527082443237e-02,4.908983707427978516e-01,1.790720671415328979e-01,1.065457016229629517e-01,-7.278667390346527100e-02,4.428939223289489746e-01,6.799962371587753296e-02,1.989136338233947754e-01,4.302475601434707642e-02,4.630220681428909302e-02,-6.704322993755340576e-03,2.256347537040710449e-01,-7.121737115085124969e-03,4.663260281085968018e-01,2.649250440299510956e-02,3.476656377315521240e-01,1.427122950553894043e-01,2.733834385871887207e-01,1.441967040300369263e-01,3.290017545223236084e-01,2.201632410287857056e-01,2.413168847560882568e-01,1.719224601984024048e-01,2.190319448709487915e-01,9.504238516092300415e-02,6.409855186939239502e-02,2.595262825489044189e-01,3.857541382312774658e-01,2.903607189655303955e-01,1.592445373535156250e-01,1.946619898080825806e-01,3.552432656288146973e-01,1.501302719116210938e-01
3.868382275104522705e-01,5.753959417343139648e-01,3.848375380039215088e-01,5.273175835609436035e-01,2.667044103145599365e-02,2.449803203344345093e-01,4.685687422752380371e-01,9.999999403953552246e-01,-1.057414561510086060e-01,2.706522047519683838e-01,2.241409868001937866e-01,6.158648729324340820e-01,1.146249994635581970e-01,6.563165187835693359e-01,-1.757122278213500977e-01,3.821316957473754883e-01,3.079223036766052246e-01,5.590152144432067871e-01,3.311063945293426514e-01,3.916468024253845215e-01,1.941904276609420776e-01,1.089843288064002991e-01,2.350141108036041260e-01,2.862425148487091064e-01,1.548652201890945435e-01,4.448769614100456238e-02,3.117975592613220215e-01,3.020133674144744873e-01,2.141467034816741943e-01,3.819319605827331543e-01,2.569667398929595947e-01,3.906259238719940186e-01,9.727474302053451538e-02,1.364214122295379639e-01,-3.176753409206867218e-03,3.658333793282508850e-02,-1.120496615767478943e-01,2.206674404442310333e-02,-1.067990139126777649e-01,1.361669301986694336e-01,-2.120181620121002197e-01,-7.410023361444473267e-02,2.690389156341552734e-01,3.436820209026336670e-01,1.156434640288352966e-01,1.580512821674346924e-01,2.336903065443038940e-01,4.136749804019927979e-01,2.149658352136611938e-01,2.377815991640090942e-01,3.189558088779449463e-01,3.745889961719512939e-01,1.565152779221534729e-02,3.072206079959869385e-01,1.188410595059394836e-01,5.011207461357116699e-01,2.966816425323486328e-01,5.837777256965637207e-01,9.392436593770980835e-02,-1.858441159129142761e-02,1.105427145957946777e-01,3.347749114036560059e-01,2.232435643672943115e-01,6.417293548583984375e-01,2.339942604303359985e-01,3.343622088432312012e-01,7.889269851148128510e-03,1.589290052652359009e-01,1.323786675930023193e-01,-2.591430442407727242e-03,1.683873832225799561e-01,2.221096605062484741e-01,7.454874925315380096e-03,9.001802653074264526e-02,6.847643852233886719e-02,9.715078771114349365e-02,2.665692567825317383e-01,3.028197586536407471e-01,2.077224254608154297e-01,3.278796970844268799e-01,2.031420171260833740e-01,5.958611965179443359e-01,-9.969731420278549194e-02,3.618855476379394531e-01,7.895400747656822205e-03,6.067540645599365234e-01,-9.909208118915557861e-02,3.391083478927612305e-01,-1.302852202206850052e-02,4.534349143505096436e-01,1.078260838985443115e-01,3.862770795822143555e-01,1.464914381504058838e-01,3.617269098758697510e-01,6.759763509035110474e-02,-4.674321785569190979e-02,2.162666916847229004e-01,3.542902171611785889e-01,1.101220995187759399e-01,3.251690566539764404e-01,2.279343158006668091e-01,4.082834720611572266e-01,2.494347840547561646e-01,4.596826434135437012e-01,2.938472330570220947e-01,3.146992921829223633e-01,8.843054622411727905e-02,3.024304509162902832e-01,3.243114426732063293e-02,2.008606940507888794e-01,3.232948184013366699e-01,2.166780829429626465e-01,1.116881370544433594e-01,4.324750229716300964e-02,1.175418570637702942e-01,1.464622318744659424e-01
1.290001068264245987e-02,-2.227396070957183838e-01,2.343244701623916626e-01,1.582170487381517887e-03,7.702869772911071777e-01,6.721308082342147827e-02,2.480235248804092407e-01,-1.057414561510086060e-01,1.000000715255737305e+00,1.087545417249202728e-02,1.945893615484237671e-01,-2.026870995759963989e-01,4.049762189388275146e-01,-1.007466986775398254e-01,7.602479457855224609e-01,8.830117434263229370e-02,1.531486362218856812e-01,-1.286344081163406372e-01,6.195799261331558228e-02,7.009913027286529541e-02,3.249821811914443970e-02,9.891933202743530273e-02,1.773268729448318481e-01,1.187726929783821106e-01,4.135288596153259277e-01,2.249470949172973633e-01,4.121029376983642578e-01,3.824100494384765625e-01,8.617772161960601807e-02,4.942463710904121399e-02,1.551565974950790405e-01,-1.505321171134710312e-02,-4.393070936203002930e-02,-9.643520414829254150e-02,-2.785006761550903320e-01,-1.710103899240493774e-01,-7.626546919345855713e-02,-1.807232499122619629e-01,1.845787316560745239e-01,-4.070610180497169495e-02,-3.567381203174591064e-02,-1.535170432180166245e-02,-6.299314647912979126e-02,-1.377884745597839355e-01,-8.859881013631820679e-02,-3.869156166911125183e-02,6.778819113969802856e-02,-4.017785191535949707e-02,2.707947790622711182e-02,-3.404005989432334900e-02,-4.983705282211303711e-02,-4.140986874699592590e-02,1.291151046752929688e-01,1.665358245372772217e-01,5.089786052703857422e-01,8.548379689455032349e-02,7.530893385410308838e-02,-1.092327833175659180e-01,1.483346372842788696e-01,1.677446812391281128e-01,5.046467483043670654e-02,5.463536083698272705e-02,1.813527643680572510e-01,-1.054968163371086121e-01,-1.226968541741371155e-01,-5.768174305558204651e-02,-1.043214723467826843e-01,-1.626456230878829956e-01,7.873347401618957520e-02,3.041297430172562599e-03,-2.076380252838134766e-01,-2.130280137062072754e-01,-2.272391170263290405e-01,-4.610551521182060242e-02,-2.185337096452713013e-01,-1.521326601505279541e-01,-3.048345744609832764e-01,-2.352495789527893066e-01,6.094204261898994446e-02,-1.228510364890098572e-01,3.832998275756835938e-01,-9.392172843217849731e-02,7.273826599121093750e-01,1.664232462644577026e-01,4.716345667839050293e-01,-8.745320141315460205e-03,5.978491306304931641e-01,9.051231294870376587e-02,6.469983458518981934e-01,2.657696008682250977e-01,5.425252914428710938e-01,2.985213100910186768e-01,3.869068026542663574e-01,1.652752608060836792e-01,1.496819704771041870e-01,1.561169475317001343e-01,2.492580115795135498e-01,5.588028579950332642e-02,3.887345194816589355e-01,1.440727561712265015e-01,4.223104417324066162e-01,1.781347841024398804e-01,4.014115631580352783e-01,1.624893844127655029e-01,1.580106168985366821e-01,1.300161927938461304e-01,2.177693843841552734e-01,1.806012541055679321e-02,2.202602848410606384e-02,8.225239813327789307e-02,9.781341999769210815e-02,2.677872478961944580e-01,3.729205429553985596e-01,2.132715731859207153e-01,2.357507646083831787e-01,1.100692003965377808e-01
-2.658239901065826416e-01,-6.358969956636428833e-03,-2.864131033420562744e-01,-6.512922048568725586e-02,1.259878724813461304e-01,7.718895673751831055e-01,-2.840895056724548340e-01,2.706522047519683838e-01,1.087545417249202728e-02,1.000000119209289551e+00,-2.970035970211029053e-01,7.027795165777206421e-02,-3.509332537651062012e-01,3.350660204887390137e-01,-1.621164083480834961e-01,6.481257081031799316e-01,-1.942051500082015991e-01,1.013228297233581543e-01,-1.016329973936080933e-01,-1.079693958163261414e-01,-1.776155084371566772e-02,-5.755665712058544159e-03,6.126476079225540161e-02,2.705319784581661224e-02,2.878578007221221924e-01,9.787569940090179443e-02,4.354650974273681641e-01,3.708950579166412354e-01,-1.346560716629028320e-01,-2.443421445786952972e-02,7.192561775445938110e-02,7.763405889272689819e-02,-5.170999467372894287e-02,-1.921835541725158691e-02,1.225912477821111679e-02,5.676637962460517883e-02,1.043134927749633789e-02,1.538104116916656494e-01,3.502614796161651611e-02,2.222303897142410278e-01,-1.949600502848625183e-02,-8.521962910890579224e-02,-1.358264032751321793e-02,-5.719647184014320374e-02,-1.970490664243698120e-01,-3.832101449370384216e-02,6.740664690732955933e-02,3.506111800670623779e-01,-3.592033684253692627e-02,8.622460067272186279e-02,7.960452698171138763e-03,1.495467722415924072e-01,6.616207212209701538e-02,3.246544897556304932e-01,-5.972156673669815063e-02,4.380533695220947266e-01,-2.355121970176696777e-01,7.619015872478485107e-02,-1.536427624523639679e-02,1.278601735830307007e-01,-1.851435601711273193e-01,-1.467704325914382935e-01,-2.989259660243988037e-01,2.033612281084060669e-01,1.394860591972246766e-04,1.190729886293411255e-01,-7.004018872976303101e-02,1.176414545625448227e-03,-2.182757481932640076e-02,-1.662508249282836914e-01,-1.083177402615547180e-01,-1.221218146383762360e-02,-7.702489197254180908e-02,-1.787925213575363159e-01,-3.396175336092710495e-03,-1.821265667676925659e-01,5.663112550973892212e-02,3.168111899867653847e-03,-1.230214536190032959e-01,-1.216665431857109070e-01,-2.365147173404693604e-01,3.242392838001251221e-01,-1.133288964629173279e-01,4.979937374591827393e-01,-3.394782543182373047e-01,4.050464630126953125e-01,9.597081691026687622e-02,5.817710757255554199e-01,-2.333256155252456665e-01,4.992338120937347412e-01,1.201325207948684692e-01,4.259348809719085693e-01,2.590601444244384766e-01,4.330060184001922607e-01,-1.406746208667755127e-01,1.059031672775745392e-02,-1.010897383093833923e-01,4.156851172447204590e-01,-4.560172930359840393e-02,2.424203753471374512e-01,2.242354899644851685e-01,3.915358781814575195e-01,1.029619276523590088e-01,3.621847033500671387e-01,1.529183834791183472e-01,2.735041081905364990e-01,3.047908470034599304e-02,2.701273858547210693e-01,-3.404142707586288452e-02,-1.346848011016845703e-01,1.602084748446941376e-02,1.078528910875320435e-01,3.430008888244628906e-02,-9.078144282102584839e-02,-1.015402898192405701e-01,1.632789075374603271e-01
4.391261339187622070e-01,1.310938894748687744e-01,4.130343794822692871e-01,3.332535028457641602e-01,1.285402625799179077e-01,-3.052548468112945557e-01,5.237625837326049805e-01,2.241409868001937866e-01,1.945893615484237671e-01,-2.970035970211029053e-01,9.999995231628417969e-01,2.269219756126403809e-01,6.901892423629760742e-01,1.470943391323089600e-01,3.233104944229125977e-01,-2.083164751529693604e-01,6.761634945869445801e-01,2.780704498291015625e-01,3.150584101676940918e-01,3.389287590980529785e-01,1.808170229196548462e-01,2.098951786756515503e-01,7.728517800569534302e-02,1.004681438207626343e-01,-1.062199566513299942e-02,-1.117602922022342682e-02,2.720902860164642334e-02,1.404084265232086182e-01,4.978782832622528076e-01,1.517515182495117188e-01,1.050042361021041870e-01,1.530011296272277832e-01,4.860505461692810059e-02,9.262827038764953613e-02,4.334791004657745361e-02,9.165083616971969604e-02,5.686109885573387146e-03,-1.170628145337104797e-01,1.592473089694976807e-01,-1.502057462930679321e-01,6.111233681440353394e-02,-1.205463334918022156e-01,2.563082873821258545e-01,3.147822916507720947e-01,3.042948544025421143e-01,1.080686748027801514e-01,1.820863634347915649e-01,3.271947801113128662e-02,1.360473930835723877e-01,4.426445346325635910e-03,2.958476543426513672e-01,4.588627442717552185e-02,1.125894859433174133e-01,-1.983073502779006958e-01,2.289561927318572998e-01,-1.323345005512237549e-01,3.852066099643707275e-01,1.302989423274993896e-01,5.702879652380943298e-02,-1.454229503870010376e-01,1.742570698261260986e-01,1.515743136405944824e-01,3.550248444080352783e-01,-1.802577450871467590e-02,2.011554837226867676e-01,-6.587277352809906006e-02,9.216808527708053589e-02,1.239059865474700928e-01,1.208861097693443298e-01,1.983821243047714233e-01,2.363241612911224365e-01,2.263297438621520996e-01,2.060177624225616455e-01,1.578041017055511475e-01,1.285524368286132812e-01,1.413924396038055420e-01,1.541112363338470459e-01,1.955448240041732788e-01,3.461021780967712402e-01,3.270480036735534668e-01,5.250943899154663086e-01,1.138672456145286560e-01,3.149504065513610840e-01,-1.759030520915985107e-01,5.240907073020935059e-01,3.878835588693618774e-02,1.430906951427459717e-01,-1.927065998315811157e-01,4.602957665920257568e-01,-6.089054048061370850e-02,1.250208914279937744e-01,-1.033702865242958069e-01,1.924561336636543274e-02,-1.542722880840301514e-01,1.391479223966598511e-01,1.016645133495330811e-02,1.325445771217346191e-01,-1.089109480381011963e-01,1.672983765602111816e-01,1.615662686526775360e-02,1.625585407018661499e-01,-4.882767796516418457e-02,1.695837378501892090e-01,-7.227667956613004208e-04,7.568069547414779663e-02,7.074682042002677917e-03,2.123007178306579590e-01,-2.398207224905490875e-02,-1.003428176045417786e-02,4.272300750017166138e-02,1.112508028745651245e-01,8.326632529497146606e-02,1.821728050708770752e-02,1.460304558277130127e-01,2.941868305206298828e-01,9.161908179521560669e-02
3.026598095893859863e-01,5.256948471069335938e-01,2.914905250072479248e-01,3.614750802516937256e-01,-6.782381236553192139e-02,1.063436940312385559e-01,3.628447949886322021e-01,6.158648729324340820e-01,-2.026870995759963989e-01,7.027795165777206421e-02,2.269219756126403809e-01,9.999999403953552246e-01,1.185368001461029053e-01,5.972218513488769531e-01,-2.195947021245956421e-01,1.665873229503631592e-01,3.011870980262756348e-01,6.798580288887023926e-01,2.922111153602600098e-01,2.594561278820037842e-01,1.550821959972381592e-01,1.110698878765106201e-01,1.661154627799987793e-01,1.952130645513534546e-01,1.064833551645278931e-01,4.660229012370109558e-02,1.232339888811111450e-01,1.281942874193191528e-01,1.332022547721862793e-01,5.430919528007507324e-01,2.405092120170593262e-01,3.836818337440490723e-01,2.093415409326553345e-01,2.543596923351287842e-01,8.575474470853805542e-02,2.687724493443965912e-02,-2.144556678831577301e-02,2.274092137813568115e-01,-1.339230127632617950e-02,2.207127362489700317e-01,-1.609834432601928711e-01,1.926511079072952271e-01,2.782158851623535156e-01,4.183445870876312256e-01,2.409822195768356323e-01,1.853121221065521240e-01,2.272078841924667358e-01,3.513988554477691650e-01,2.164500504732131958e-01,2.449708133935928345e-01,2.481134086847305298e-01,3.660771250724792480e-01,2.347906306385993958e-02,1.895167380571365356e-01,6.794305890798568726e-02,3.558171987533569336e-01,2.424934059381484985e-01,5.371937155723571777e-01,3.346776589751243591e-02,1.793765649199485779e-02,1.579415053129196167e-01,3.176444172859191895e-01,1.566158980131149292e-01,5.127024650573730469e-01,1.715580672025680542e-01,3.034053444862365723e-01,8.826361596584320068e-02,2.180445492267608643e-01,3.005347400903701782e-02,6.462923716753721237e-03,1.915293782949447632e-01,2.448999136686325073e-01,1.960028707981109619e-02,3.383266329765319824e-01,1.536753475666046143e-01,2.876254618167877197e-01,2.125595808029174805e-01,2.554066479206085205e-01,2.508586645126342773e-01,4.991824030876159668e-01,2.031643688678741455e-01,5.934894084930419922e-01,-1.802231669425964355e-01,3.208331465721130371e-01,-1.257346360944211483e-03,5.245351195335388184e-01,-1.477062255144119263e-01,2.321533411741256714e-01,-4.289641976356506348e-02,2.920502424240112305e-01,4.165059421211481094e-03,1.982732862234115601e-01,6.117591634392738342e-02,2.406401187181472778e-01,8.653052896261215210e-02,-1.658099517226219177e-02,1.413894146680831909e-01,2.150513827800750732e-01,4.768599569797515869e-02,1.784002035856246948e-01,1.455614268779754639e-01,2.880837321281433105e-01,1.901229619979858398e-01,3.400697112083435059e-01,2.098600566387176514e-01,2.352970987558364868e-01,7.534273713827133179e-02,2.411569654941558838e-01,-1.547112129628658295e-02,1.120989397168159485e-01,1.469166576862335205e-01,3.905501961708068848e-02,-1.070959307253360748e-02,2.843880653381347656e-02,1.178108304738998413e-01,1.465606242418289185e-01
4.761973917484283447e-01,9.638615697622299194e-02,5.283122658729553223e-01,3.434081673622131348e-01,3.092764019966125488e-01,-3.387970030307769775e-01,6.215496659278869629e-01,1.146249994635581970e-01,4.049762189388275146e-01,-3.509332537651062012e-01,6.901892423629760742e-01,1.185368001461029053e-01,1.000000238418579102e+00,1.993158012628555298e-01,5.378280878067016602e-01,-1.904046535491943359e-01,5.067603588104248047e-01,1.461693793535232544e-01,3.861949145793914795e-01,3.821113109588623047e-01,1.642024368047714233e-01,2.224485576152801514e-01,2.234484441578388214e-02,1.767983585596084595e-01,1.274803727865219116e-01,7.799994200468063354e-02,1.630824804306030273e-01,3.069333136081695557e-01,4.936330616474151611e-01,2.272034883499145508e-01,1.817011386156082153e-01,1.819430887699127197e-01,1.134331226348876953e-01,1.432842165231704712e-01,4.841066151857376099e-02,9.568387269973754883e-02,1.525463256984949112e-02,-1.400606632232666016e-01,2.296610921621322632e-01,-7.834810018539428711e-02,6.857755780220031738e-02,-5.705722793936729431e-02,1.569482982158660889e-01,1.650251448154449463e-01,1.903118193149566650e-01,2.718472108244895935e-02,1.384494453668594360e-01,-4.207558184862136841e-02,1.864778250455856323e-01,-9.661021083593368530e-02,2.029751539230346680e-01,-8.815376460552215576e-02,-7.342641707509756088e-03,-1.523907482624053955e-01,3.370860815048217773e-01,-1.183735951781272888e-01,4.627606272697448730e-01,9.903071820735931396e-02,2.304281741380691528e-01,-7.176644355058670044e-02,2.900699377059936523e-01,1.921865642070770264e-01,4.911495745182037354e-01,-4.887342825531959534e-02,8.923762291669845581e-02,-7.580126821994781494e-02,1.051613986492156982e-01,9.339385479688644409e-02,2.346894592046737671e-01,2.756499946117401123e-01,2.641437053680419922e-01,2.650929689407348633e-01,1.505312919616699219e-01,2.469379156827926636e-01,1.665835678577423096e-01,1.826734244823455811e-01,8.123715221881866455e-02,1.332111507654190063e-01,1.525446772575378418e-01,1.552070528268814087e-01,5.036532282829284668e-01,-4.609622806310653687e-02,5.172896385192871094e-01,-9.627348929643630981e-02,5.451261997222900391e-01,-5.861451849341392517e-02,3.292456269264221191e-01,-2.231484502553939819e-01,5.509732365608215332e-01,-6.177309527993202209e-02,1.771747767925262451e-01,-1.065553948283195496e-01,-5.439804866909980774e-03,-2.211263328790664673e-01,1.189541742205619812e-01,1.818981580436229706e-02,3.003797829151153564e-01,-9.756615757942199707e-02,2.439244091510772705e-01,8.612498641014099121e-03,1.811383068561553955e-01,-4.884337261319160461e-02,1.488283872604370117e-01,-6.186209991574287415e-02,2.127724699676036835e-02,-5.487199500203132629e-02,1.914107948541641235e-01,-9.886841475963592529e-02,-2.463602693751454353e-03,1.148152798414230347e-01,3.156825602054595947e-01,3.117882907390594482e-01,2.070466279983520508e-01,1.718197464942932129e-01,2.808448672294616699e-01,7.061307132244110107e-02
