9.999997019767761230e-01,5.241395235061645508e-01,-2.575182020664215088e-01,3.868329823017120361e-01,-1.885875761508941650e-01,-3.852029144763946533e-02,-1.915683895349502563e-01,3.542425036430358887e-01,-2.194516062736511230e-01,-2.715224586427211761e-02,2.263041585683822632e-01,2.537312209606170654e-01,-1.807689666748046875e-01,1.950381547212600708e-01,-1.063015013933181763e-01,7.516615558415651321e-03,4.359306395053863525e-01,3.215813040733337402e-01,1.646167486906051636e-01,2.166813313961029053e-01,1.591207645833492279e-02,6.209907680749893188e-02,-4.495707899332046509e-02,2.228941619396209717e-01,5.834406241774559021e-02,3.121282905340194702e-03,-2.462081909179687500e-01,-7.783786859363317490e-03,1.056213378906250000e-01,2.453580796718597412e-01,-7.773273438215255737e-02,5.443952232599258423e-02,2.859884500503540039e-01,3.499543368816375732e-01,2.406706362962722778e-01,2.756123542785644531e-01,1.335785835981369019e-01,-1.100512780249118805e-02,-9.087178111076354980e-02,-1.169043332338333130e-01,-1.342049986124038696e-01,-4.593790695071220398e-02,2.938433587551116943e-01,3.106329441070556641e-01,2.069488614797592163e-01,3.152588903903961182e-01,2.591093182563781738e-01,2.775349617004394531e-01,3.550258874893188477e-01,2.403851896524429321e-01,3.614389598369598389e-01,2.573084533214569092e-01,1.954013854265213013e-01,2.193738371133804321e-01,1.512553393840789795e-01,1.327300518751144409e-01,6.714631915092468262e-01,4.965193569660186768e-01,-3.000312112271785736e-02,7.154379505664110184e-03,4.345235526561737061e-01,6.287826597690582275e-02,5.742147564888000488e-01,4.347853362560272217e-01,5.060656070709228516e-01,1.500855237245559692e-01,2.769426405429840088e-01,2.791313529014587402e-01,1.977944970130920410e-01,1.058945879340171814e-01,1.723821908235549927e-01,1.773484945297241211e-01,4.763427376747131348e-02,1.647363752126693726e-01,9.773966670036315918e-02,1.239212527871131897e-01,3.476018905639648438e-01,3.452076911926269531e-01,4.451736509799957275e-01,2.446860224008560181e-01,5.103378891944885254e-01,4.018280208110809326e-01,-1.561375856399536133e-01,-5.967693403363227844e-02,3.559731543064117432e-01,3.314067423343658447e-01,7.076923549175262451e-02,-1.020035520195960999e-01,1.754517480731010437e-02,2.401817217469215393e-02,-3.608120605349540710e-02,-4.608148708939552307e-02,-8.179659396409988403e-02,-4.566795751452445984e-02,-9.570622444152832031e-02,-1.797493994235992432e-01,3.333215042948722839e-02,1.379851810634136200e-02,1.305454671382904053e-01,8.863546699285507202e-02,2.257003784179687500e-01,7.535617798566818237e-02,1.140492856502532959e-01,1.232479289174079895e-01,6.990181654691696167e-02,1.010074932128190994e-02,4.948564246296882629e-02,-2.074203640222549438e-02,-3.777384385466575623e-02,6.865202635526657104e-02,2.322742938995361328e-01,1.926288753747940063e-01,9.703072905540466309e-02,-6.497678160667419434e-02,-6.362608633935451508e-03,-6.952823698520660400e-02
5.241395235061645508e-01,9.999998211860656738e-01,6.898032035678625107e-03,4.106679260730743408e-01,-2.415329217910766602e-01,-8.669565618038177490e-02,4.321357700973749161e-03,5.181440711021423340e-01,-3.083052337169647217e-01,2.083357423543930054e-03,-1.861426234245300293e-01,5.234128236770629883e-02,-1.834220737218856812e-01,3.048662655055522919e-02,-2.960532307624816895e-01,4.033778235316276550e-02,4.240185022354125977e-02,1.475189477205276489e-01,2.065906971693038940e-01,3.261502087116241455e-01,-6.078831851482391357e-02,-6.209393218159675598e-02,1.042645946145057678e-01,2.495426982641220093e-01,2.418399788439273834e-02,-4.693384096026420593e-02,-1.398672014474868774e-01,-6.996729969978332520e-02,-1.718752458691596985e-02,1.752438545227050781e-01,-6.270126253366470337e-02,1.042190194129943848e-01,3.350611925125122070e-01,3.933580815792083740e-01,3.168437778949737549e-01,3.648128211498260498e-01,1.456191092729568481e-01,3.205994889140129089e-02,-1.650870591402053833e-01,-7.206161320209503174e-02,-1.655961722135543823e-01,-7.550138980150222778e-02,1.748358160257339478e-01,2.602997124195098877e-01,1.969090253114700317e-01,3.060864210128784180e-01,7.306133955717086792e-02,1.416761428117752075e-01,3.576193749904632568e-01,3.635910451412200928e-01,2.334531247615814209e-01,3.525915443897247314e-01,-3.367211669683456421e-02,9.358181804418563843e-02,-9.935789555311203003e-02,2.390241995453834534e-02,6.111058592796325684e-01,7.752376198768615723e-01,1.944462954998016357e-01,3.103352189064025879e-01,4.985856711864471436e-01,4.251521825790405273e-01,4.324553906917572021e-01,6.801418066024780273e-01,4.685536026954650879e-01,4.870157241821289062e-01,5.186873674392700195e-01,5.450441241264343262e-01,4.241128265857696533e-01,4.255663752555847168e-01,1.820069551467895508e-01,2.358034700155258179e-01,-2.625548467040061951e-02,1.564954072237014771e-01,4.649075493216514587e-02,9.654194116592407227e-02,2.653365433216094971e-01,2.922750115394592285e-01,2.105688601732254028e-01,1.784592419862747192e-01,1.679850220680236816e-01,2.985838651657104492e-01,-3.449390530586242676e-01,-1.300363242626190186e-02,6.655490398406982422e-02,3.113757669925689697e-01,-1.079611703753471375e-01,-9.343710541725158691e-02,-2.706998586654663086e-01,-2.743536792695522308e-02,-2.212433964014053345e-01,-6.568517535924911499e-02,-1.633447259664535522e-01,-8.836239576339721680e-02,-1.006075516343116760e-01,-1.169232353568077087e-01,-6.696629524230957031e-02,-6.503129750490188599e-02,-8.554927259683609009e-02,-3.997468948364257812e-02,3.421616554260253906e-02,3.842826932668685913e-02,1.342308074235916138e-01,1.466113030910491943e-01,2.089173644781112671e-01,5.634250119328498840e-02,1.891064457595348358e-02,-1.772479899227619171e-02,-1.987160369753837585e-02,-1.637388207018375397e-02,1.492864787578582764e-01,3.880703076720237732e-02,-3.620171174407005310e-02,-3.899795562028884888e-02,8.952268213033676147e-02,-1.419771369546651840e-02
-2.575182020664215088e-01,6.898032035678625107e-03,1.000000715255737305e+00,2.106168717145919800e-01,-3.010264597833156586e-02,-2.592469155788421631e-01,7.630577087402343750e-01,2.442632615566253662e-01,-2.983864955604076385e-02,-1.883905082941055298e-01,9.465143829584121704e-02,-2.631138265132904053e-02,6.594065427780151367e-01,-1.110028252005577087e-01,7.681073993444442749e-02,-6.182160973548889160e-02,-1.946781873703002930e-01,7.579457014799118042e-02,2.033129781484603882e-01,1.378489565104246140e-02,-1.001604646444320679e-01,-2.002150863409042358e-01,6.531288027763366699e-01,3.663492798805236816e-01,-1.779823154211044312e-01,3.299147635698318481e-02,2.622531950473785400e-01,-1.891666352748870850e-01,7.099436968564987183e-02,-1.286219060420989990e-01,5.032012462615966797e-01,4.873196184635162354e-01,1.768107265233993530e-01,1.536423265933990479e-01,-7.384857162833213806e-03,1.864213682711124420e-02,9.153133258223533630e-03,-1.605755984783172607e-01,8.211518079042434692e-02,-3.686196729540824890e-02,-1.497685164213180542e-01,-1.103623881936073303e-01,-1.183895170688629150e-01,-1.179716363549232483e-01,-6.422224920243024826e-03,-2.759281545877456665e-02,-1.881143450736999512e-01,-2.754418849945068359e-01,-2.247082814574241638e-02,-1.794844307005405426e-02,-1.446289718151092529e-01,-1.114785671234130859e-01,-2.187642753124237061e-01,-3.217334449291229248e-01,-1.482837498188018799e-01,-2.370733171701431274e-01,-2.029723376035690308e-01,7.285072933882474899e-03,2.072550058364868164e-01,4.620125144720077515e-02,-1.346589475870132446e-01,6.338045001029968262e-02,-2.625810801982879639e-01,-1.362891942262649536e-01,-2.264201492071151733e-01,-3.930890560150146484e-02,8.393440395593643188e-02,9.418196976184844971e-02,9.194432944059371948e-02,1.968884021043777466e-01,9.234664589166641235e-02,2.657409757375717163e-03,-5.428809672594070435e-03,-8.393124490976333618e-02,-8.760065771639347076e-03,3.243570029735565186e-02,-2.829758822917938232e-01,-1.814734041690826416e-01,-1.551210731267929077e-01,-1.060455441474914551e-01,-3.472888767719268799e-01,-2.062662392854690552e-01,-4.699215665459632874e-02,-4.063353687524795532e-02,-3.139072656631469727e-01,-3.132043480873107910e-01,-3.542441129684448242e-01,-9.648002684116363525e-02,-1.665561348199844360e-01,-1.701223105192184448e-01,2.722915261983871460e-02,-1.100778300315141678e-02,4.699248448014259338e-02,-4.601837694644927979e-02,2.746579349040985107e-01,2.270089089870452881e-02,6.995064020156860352e-02,-6.437678635120391846e-02,-1.324795782566070557e-01,-9.295036643743515015e-02,-3.299027383327484131e-01,-6.114149838685989380e-02,1.751869171857833862e-02,-1.180228367447853088e-01,1.761316806077957153e-01,-3.097845008596777916e-03,-3.940271213650703430e-02,-9.075020253658294678e-02,9.207629412412643433e-02,-2.847903408110141754e-02,-1.824312508106231689e-01,-1.803870350122451782e-01,-5.960294976830482483e-02,1.629900187253952026e-01,2.557975649833679199e-01,2.341680228710174561e-01
3.868329823017120361e-01,4.106679260730743408e-01,2.106168717145919800e-01,9.999998211860656738e-01,-1.698953956365585327e-01,-5.022766441106796265e-02,4.264586418867111206e-02,5.983570814132690430e-01,-3.355884253978729248e-01,-4.117746651172637939e-02,-1.972525380551815033e-02,-8.931853808462619781e-03,-4.637329280376434326e-02,6.706175208091735840e-02,-1.782058328390121460e-01,-9.405567497014999390e-02,2.730914950370788574e-01,2.032052576541900635e-01,2.599920630455017090e-01,2.438095957040786743e-01,1.238588169217109680e-01,-7.610810920596122742e-03,4.396113157272338867e-01,6.043811440467834473e-01,2.431434579193592072e-02,3.748507797718048096e-02,-4.404056072235107422e-02,-4.756018146872520447e-02,2.180833816528320312e-01,2.319432348012924194e-01,1.990156620740890503e-01,3.771341443061828613e-01,2.618569731712341309e-01,3.912251889705657959e-01,2.821949720382690430e-01,3.682071268558502197e-01,1.866430640220642090e-01,-2.535430900752544403e-02,-4.752005264163017273e-02,-5.040768161416053772e-02,-1.240969151258468628e-01,-2.843562699854373932e-02,1.562962532043457031e-01,2.111798673868179321e-01,3.211848437786102295e-02,1.660154163837432861e-01,1.572778075933456421e-01,2.314207106828689575e-01,1.335051208734512329e-01,9.453246742486953735e-02,1.346933990716934204e-01,1.646146625280380249e-01,1.146001443266868591e-01,2.071444243192672729e-01,8.724329620599746704e-02,1.816786825656890869e-01,3.251718878746032715e-01,3.542924225330352783e-01,-7.340659946203231812e-02,-6.049196049571037292e-02,5.996999144554138184e-02,6.418702006340026855e-02,2.796468138694763184e-01,3.533387184143066406e-01,9.033235907554626465e-02,1.182464323937892914e-02,1.486483514308929443e-01,2.346691638231277466e-01,2.021974176168441772e-01,1.604732125997543335e-01,3.646301031112670898e-01,3.287404179573059082e-01,8.371523767709732056e-02,2.076065540313720703e-01,9.269189834594726562e-02,1.721450239419937134e-01,3.304956555366516113e-01,3.639249801635742188e-01,3.745299279689788818e-01,2.215224206447601318e-01,2.815033495426177979e-01,2.199540883302688599e-01,-3.786631524562835693e-01,-1.079091280698776245e-01,8.900591731071472168e-02,2.131401449441909790e-01,-2.723411321640014648e-01,-2.421836107969284058e-01,-1.525242775678634644e-01,2.700129151344299316e-02,-6.980422884225845337e-02,1.049711927771568298e-01,-1.664008945226669312e-01,-1.202544197440147400e-02,7.059387862682342529e-02,-3.008853644132614136e-02,1.337995976209640503e-01,8.351398259401321411e-02,1.190357953310012817e-01,1.839170306921005249e-01,3.733645379543304443e-02,-9.898763149976730347e-03,8.854493498802185059e-02,9.124206751585006714e-02,1.353040188550949097e-01,8.734820038080215454e-02,7.885772734880447388e-02,-8.207867853343486786e-03,4.351898655295372009e-02,1.118561401963233948e-01,2.318792790174484253e-01,2.188040763139724731e-01,1.996381282806396484e-01,5.386760458350181580e-02,1.398536413908004761e-01,2.969738095998764038e-02
-1.885875761508941650e-01,-2.415329217910766602e-01,-3.010264597833156586e-02,-1.698953956365585327e-01,1.000000238418579102e+00,6.911813616752624512e-01,3.298436058685183525e-03,-2.764105498790740967e-01,8.112065196037292480e-01,5.345690250396728516e-01,-2.871354110538959503e-02,-2.022425830364227295e-01,1.224120631814002991e-01,-9.440660476684570312e-02,6.800561547279357910e-01,3.621606528759002686e-01,-5.425350740551948547e-02,-3.512614369392395020e-01,6.056764349341392517e-02,4.041371122002601624e-02,1.889009773731231689e-01,1.404617279767990112e-01,-1.350904554128646851e-01,-1.398227810859680176e-01,5.283764600753784180e-01,4.048376381397247314e-01,5.962072610855102539e-01,6.041057109832763672e-01,1.973083466291427612e-01,-8.274386078119277954e-02,9.604537487030029297e-02,1.871819235384464264e-02,-9.310795366764068604e-02,-2.325760275125503540e-01,-2.206297814846038818e-01,-2.128724902868270874e-01,-5.779793858528137207e-02,-5.247352644801139832e-02,2.116823494434356689e-01,9.745360910892486572e-02,1.771923899650573730e-01,9.773325175046920776e-02,-1.360980272293090820e-01,-1.946970522403717041e-01,-1.111447811126708984e-01,-1.122842505574226379e-01,-3.517285361886024475e-02,-1.210632268339395523e-02,-1.089826971292495728e-01,-1.486282795667648315e-01,-7.008011639118194580e-02,-1.772352457046508789e-01,1.336853355169296265e-01,1.259283572435379028e-01,2.253874689340591431e-01,2.122384607791900635e-01,-5.900406464934349060e-02,-5.420424416661262512e-02,3.044951893389225006e-02,1.709374934434890747e-01,1.937578245997428894e-02,-3.946911543607711792e-02,-2.668510004878044128e-02,-1.175199151039123535e-01,-3.129551559686660767e-02,-7.878913730382919312e-02,-7.121533155441284180e-02,-1.188698187470436096e-01,-3.014680370688438416e-02,-1.209047064185142517e-01,-3.586781769990921021e-02,-1.104288846254348755e-01,3.805322200059890747e-02,-3.336859866976737976e-02,-2.643398754298686981e-02,-1.796996593475341797e-02,-1.134368311613798141e-02,-1.291554141789674759e-02,-1.704367250204086304e-01,-2.660201191902160645e-01,3.008885867893695831e-02,-1.697070896625518799e-01,6.735441684722900391e-01,3.433901965618133545e-01,2.178146392107009888e-01,-6.567005533725023270e-03,5.530950427055358887e-01,5.274617671966552734e-01,5.292840600013732910e-01,3.543010354042053223e-01,2.612443864345550537e-01,3.128584027290344238e-01,2.251659035682678223e-01,3.129317462444305420e-01,8.278410881757736206e-02,2.031277418136596680e-01,1.163177862763404846e-01,1.711513251066207886e-01,1.272571235895156860e-01,1.186229586601257324e-01,1.450498551130294800e-01,1.563759446144104004e-01,6.798519194126129150e-02,1.346207857131958008e-01,6.465031206607818604e-02,1.086963415145874023e-01,1.624272912740707397e-01,1.087065935134887695e-01,6.345588713884353638e-02,8.267130702733993530e-02,1.255752169527113438e-03,-1.233149692416191101e-02,1.850445419549942017e-01,3.408554941415786743e-02,1.990622607991099358e-03,1.046107411384582520e-01
-3.852029144763946533e-02,-8.669565618038177490e-02,-2.592469155788421631e-01,-5.022766441106796265e-02,6.911813616752624512e-01,9.999998211860656738e-01,-2.027873098850250244e-01,-1.823926568031311035e-01,5.646401047706604004e-01,7.469993233680725098e-01,-8.484115451574325562e-02,-1.231934949755668640e-01,-1.133080273866653442e-01,1.363782212138175964e-02,4.901722371578216553e-01,4.183257222175598145e-01,7.225309312343597412e-02,-3.738834559917449951e-01,1.103018596768379211e-02,6.517220288515090942e-02,2.627696990966796875e-01,2.338172048330307007e-01,-3.039441406726837158e-01,-1.533979028463363647e-01,5.391821861267089844e-01,4.579756557941436768e-01,4.338064789772033691e-01,6.878145933151245117e-01,2.000369876623153687e-01,3.295015171170234680e-02,-2.606723643839359283e-02,-2.557892724871635437e-02,2.674578689038753510e-02,-9.012635052204132080e-02,5.249030143022537231e-02,6.590381264686584473e-02,9.997088462114334106e-02,8.789140731096267700e-03,1.488840430974960327e-01,6.934849917888641357e-02,1.485591530799865723e-01,1.126380488276481628e-01,-2.269865944981575012e-02,1.182718947529792786e-02,-8.641177415847778320e-02,-4.159863665699958801e-02,1.038278713822364807e-01,2.064770013093948364e-01,-7.610992994159460068e-03,-3.036894649267196655e-02,8.265260607004165649e-02,6.648342125117778778e-03,1.804194152355194092e-01,2.634939849376678467e-01,2.434789091348648071e-01,3.058385550975799561e-01,7.763642072677612305e-02,4.654750227928161621e-02,2.704992331564426422e-02,1.648508012294769287e-01,1.450066566467285156e-01,1.157785765826702118e-02,9.698097407817840576e-02,2.533075213432312012e-02,1.289880126714706421e-01,1.788797788321971893e-02,9.021086990833282471e-02,3.761067986488342285e-02,5.969738960266113281e-02,-1.701586693525314331e-02,1.048363894224166870e-01,7.872911542654037476e-02,2.889519371092319489e-02,4.560277983546257019e-02,2.428411133587360382e-02,6.033527106046676636e-02,2.537508904933929443e-01,2.372633069753646851e-01,6.367181777022778988e-04,-1.981929838657379150e-01,1.682813912630081177e-01,-9.992583096027374268e-02,4.455842375755310059e-01,3.217394948005676270e-01,2.941832244396209717e-01,1.598306298255920410e-01,5.585295557975769043e-01,5.789437294006347656e-01,4.228842854499816895e-01,3.558790087699890137e-01,1.770506203174591064e-01,2.538152933120727539e-01,1.445504426956176758e-01,2.734353244304656982e-01,1.274904422461986542e-02,2.023278027772903442e-01,1.215242743492126465e-01,1.589324921369552612e-01,1.779022663831710815e-01,1.805908679962158203e-01,2.310398221015930176e-01,1.555246412754058838e-01,3.516807034611701965e-02,1.430010795593261719e-01,-2.804809436202049255e-02,5.530629307031631470e-02,1.593981832265853882e-01,1.210203468799591064e-01,1.943783313035964966e-01,1.976178884506225586e-01,1.671070009469985962e-01,1.733113080263137817e-01,2.749794125556945801e-01,-5.010459572076797485e-02,-5.178168043494224548e-02,4.858596622943878174e-02
-1.915683895349502563e-01,4.321357700973749161e-03,7.630577087402343750e-01,4.264586418867111206e-02,3.298436058685183525e-03,-2.027873098850250244e-01,1.000000596046447754e+00,1.674722433090209961e-01,4.012642800807952881e-02,-7.479499280452728271e-02,1.783256232738494873e-01,1.447787582874298096e-01,7.470285892486572266e-01,-4.649175330996513367e-02,1.016184315085411072e-01,-1.123287156224250793e-01,-1.441818177700042725e-01,1.063831523060798645e-01,1.725317090749740601e-01,1.182795315980911255e-02,-2.058640867471694946e-01,-2.781326472759246826e-01,4.898929595947265625e-01,2.265465408563613892e-01,-2.498641312122344971e-01,-1.012826990336179733e-02,1.822247654199600220e-01,-1.415538042783737183e-01,8.707062155008316040e-02,-2.317458540201187134e-01,4.169918894767761230e-01,4.105848073959350586e-01,1.761517971754074097e-01,9.616597741842269897e-02,7.493980228900909424e-02,-2.545237541198730469e-03,-8.410058915615081787e-03,-1.929794549942016602e-01,1.051527913659811020e-02,-1.556599885225296021e-01,-1.825773864984512329e-01,-1.810903996229171753e-01,-5.535939335823059082e-02,-8.341205865144729614e-02,1.193406432867050171e-01,-2.371080592274665833e-02,-2.008624821901321411e-01,-2.624750435352325439e-01,6.383434683084487915e-02,2.827170863747596741e-02,-7.558996230363845825e-02,-8.340843021869659424e-02,-2.179398983716964722e-01,-3.272693455219268799e-01,-2.576069533824920654e-01,-3.616862595081329346e-01,-1.847656369209289551e-01,-6.886299233883619308e-03,3.306220769882202148e-01,1.142892912030220032e-01,4.935035947710275650e-03,9.828152507543563843e-02,-2.166415750980377197e-01,-1.690437644720077515e-01,-7.451925426721572876e-02,6.134198606014251709e-02,1.608016937971115112e-01,1.338936835527420044e-01,1.466396450996398926e-01,2.500705122947692871e-01,1.953580044209957123e-02,-3.173547238111495972e-02,1.278731692582368851e-02,-1.361071467399597168e-01,-6.918984651565551758e-02,-5.841776356101036072e-02,-3.002612292766571045e-01,-2.481670379638671875e-01,-2.219294905662536621e-01,-6.618122011423110962e-02,-3.716202974319458008e-01,-2.053085714578628540e-01,-2.138946577906608582e-02,-1.378881335258483887e-01,-2.768802046775817871e-01,-2.849090397357940674e-01,-2.285450547933578491e-01,-4.856216907501220703e-02,-2.079491466283798218e-01,-2.541979253292083740e-01,-1.104813590645790100e-01,-1.757583618164062500e-01,-1.067354306578636169e-01,-1.869302690029144287e-01,1.608652621507644653e-01,4.965081438422203064e-02,-4.868277162313461304e-02,-1.453082263469696045e-01,-2.528485357761383057e-01,-2.718233466148376465e-01,-4.343295097351074219e-01,-2.054708749055862427e-01,-1.818866878747940063e-01,-3.068438470363616943e-01,-6.114958226680755615e-02,-2.143175452947616577e-01,-1.562832891941070557e-01,-2.478489726781845093e-01,6.789168715476989746e-02,-2.866140753030776978e-02,-1.864588707685470581e-01,-2.315558642148971558e-01,-1.538851559162139893e-01,-4.347640275955200195e-02,6.360290199518203735e-02,7.958461344242095947e-02
3.542425036430358887e-01,5.181440711021423340e-01,2.442632615566253662e-01,5.983570814132690430e-01,-2.764105498790740967e-01,-1.823926568031311035e-01,1.674722433090209961e-01,1.000000238418579102e+00,-3.986678123474121094e-01,-1.112336516380310059e-01,5.367585644125938416e-02,1.948339343070983887e-01,1.268152706325054169e-02,2.088364213705062866e-01,-3.541265130043029785e-01,-8.650977164506912231e-02,1.970837563276290894e-01,2.392713278532028198e-01,1.734998077154159546e-01,1.821538060903549194e-01,-2.182323858141899109e-02,-8.398368954658508301e-04,3.810934126377105713e-01,5.452922582626342773e-01,-1.758585125207901001e-02,6.523232161998748779e-02,-9.771281480789184570e-02,-1.124811321496963501e-01,1.128760799765586853e-01,2.278295159339904785e-01,2.304176241159439087e-01,3.675859272480010986e-01,2.041978687047958374e-01,2.849730849266052246e-01,1.627945303916931152e-01,2.568118572235107422e-01,6.811538338661193848e-02,-6.505991797894239426e-03,-1.967528760433197021e-01,-9.714149683713912964e-02,-1.817294806241989136e-01,-7.895230501890182495e-02,4.481627419590950012e-02,1.604196727275848389e-01,-5.263900011777877808e-02,1.236344426870346069e-01,1.722592115402221680e-02,1.214699372649192810e-01,1.043979823589324951e-01,1.148100495338439941e-01,1.050729826092720032e-01,2.000153213739395142e-01,2.617930434644222260e-02,1.798487156629562378e-01,-1.114387661218643188e-01,5.917549878358840942e-02,3.353899717330932617e-01,4.480631053447723389e-01,-6.870491802692413330e-02,-6.477563083171844482e-02,1.185715049505233765e-01,7.757142186164855957e-02,3.034119009971618652e-01,5.436735749244689941e-01,1.664122194051742554e-01,2.901498600840568542e-02,1.336813271045684814e-01,2.057094424962997437e-01,6.550404429435729980e-02,1.545542031526565552e-01,2.915283143520355225e-01,2.683528661727905273e-01,1.808087155222892761e-02,1.608295142650604248e-01,5.954899638891220093e-02,1.402377635240554810e-01,1.335547268390655518e-01,2.219270914793014526e-01,2.849651277065277100e-01,1.970021426677703857e-01,1.967935115098953247e-01,2.081575989723205566e-01,-4.766561686992645264e-01,-2.630162984132766724e-02,5.680411681532859802e-02,3.216627538204193115e-01,-3.173798322677612305e-01,-2.998431622982025146e-01,-2.983358502388000488e-01,1.184967346489429474e-02,-2.330677956342697144e-01,-1.856229268014431000e-02,-3.059591054916381836e-01,-1.326885968446731567e-01,-5.606763809919357300e-02,-7.894515991210937500e-02,-3.346424177289009094e-02,-5.715130642056465149e-02,-6.306734681129455566e-02,-3.479911247268319130e-03,-3.740967065095901489e-02,-1.270440369844436646e-01,2.715909853577613831e-02,2.581079863011837006e-02,9.408259391784667969e-02,4.348123446106910706e-02,-1.163785811513662338e-02,-1.133123859763145447e-01,6.697181612253189087e-02,4.164114966988563538e-02,1.792279630899429321e-01,1.885194778442382812e-01,3.502938896417617798e-02,-8.832136541604995728e-02,4.462603107094764709e-02,-8.424911648035049438e-02
-2.194516062736511230e-01,-3.083052337169647217e-01,-2.983864955604076385e-02,-3.355884253978729248e-01,8.112065196037292480e-01,5.646401047706604004e-01,4.012642800807952881e-02,-3.986678123474121094e-01,9.999997615814208984e-01,4.495054483413696289e-01,8.379476517438888550e-02,-1.081105545163154602e-01,2.220155447721481323e-01,-5.421188846230506897e-02,7.552424669265747070e-01,3.492027521133422852e-01,-4.760207980871200562e-02,-2.344422936439514160e-01,1.826645247638225555e-02,-2.270716987550258636e-02,1.738121360540390015e-01,1.218352988362312317e-01,-2.069720178842544556e-01,-2.730093300342559814e-01,4.118271470069885254e-01,2.808115184307098389e-01,4.865196943283081055e-01,4.702461659908294678e-01,2.086444497108459473e-01,-5.782208219170570374e-02,9.032595902681350708e-02,-2.613581158220767975e-02,-1.256177425384521484e-01,-2.875837087631225586e-01,-2.803861200809478760e-01,-2.965227067470550537e-01,-7.627481222152709961e-02,-3.576461458578705788e-03,2.296211272478103638e-01,1.156310364603996277e-01,1.820869445800781250e-01,1.005463525652885437e-01,-7.423482835292816162e-02,-1.738681048154830933e-01,-5.819723010063171387e-02,-1.148899272084236145e-01,-3.021050069946795702e-04,-2.993135713040828705e-02,-1.217416822910308838e-01,-1.484488844871520996e-01,-7.490974664688110352e-02,-2.013057917356491089e-01,1.261595934629440308e-01,2.685797214508056641e-02,2.503066956996917725e-01,1.823312640190124512e-01,-8.999001979827880859e-02,-1.109893769025802612e-01,2.160906791687011719e-02,1.542116403579711914e-01,-1.169339870102703571e-03,-3.990617766976356506e-02,-3.651845827698707581e-02,-1.895783245563507080e-01,-3.871045261621475220e-02,-5.965751782059669495e-02,-1.127605736255645752e-01,-1.703091263771057129e-01,-7.075455784797668457e-02,-1.680057346820831299e-01,-7.781788706779479980e-02,-1.449630111455917358e-01,5.632397904992103577e-02,-1.021124608814716339e-02,-2.773464657366275787e-02,-3.793120011687278748e-02,-5.407998710870742798e-02,-6.095374375581741333e-02,-2.148740291595458984e-01,-2.032182067632675171e-01,3.978529572486877441e-02,-9.348393231630325317e-02,7.063784599304199219e-01,3.189099133014678955e-01,2.389112710952758789e-01,-2.063257992267608643e-02,5.365741252899169922e-01,4.758482873439788818e-01,5.455978512763977051e-01,3.046598732471466064e-01,3.035454452037811279e-01,2.734836637973785400e-01,2.822665870189666748e-01,2.772189974784851074e-01,5.539758503437042236e-02,1.847729831933975220e-01,9.716662019491195679e-02,1.811526417732238770e-01,1.372771561145782471e-01,1.373147815465927124e-01,1.364741474390029907e-01,1.709116846323013306e-01,7.305574417114257812e-02,1.344503760337829590e-01,4.466827213764190674e-02,8.922089636325836182e-02,1.477928757667541504e-01,1.230277866125106812e-01,4.531527310609817505e-02,2.141124755144119263e-02,-9.603162854909896851e-02,-9.020575881004333496e-02,1.236979663372039795e-01,6.128704547882080078e-02,-1.382536441087722778e-02,8.632852882146835327e-02
-2.715224586427211761e-02,2.083357423543930054e-03,-1.883905082941055298e-01,-4.117746651172637939e-02,5.345690250396728516e-01,7.469993233680725098e-01,-7.479499280452728271e-02,-1.112336516380310059e-01,4.495054483413696289e-01,1.000000000000000000e+00,-4.441434890031814575e-02,7.766739465296268463e-03,-1.310123410075902939e-02,8.634794503450393677e-02,3.640933632850646973e-01,4.863809049129486084e-01,7.449986785650253296e-02,-2.406419366598129272e-01,-5.442381650209426880e-02,-2.354503050446510315e-02,2.024672627449035645e-01,2.082449793815612793e-01,-2.325569391250610352e-01,-1.340433955192565918e-01,4.992768466472625732e-01,4.356248378753662109e-01,3.400619328022003174e-01,6.032776236534118652e-01,2.355439215898513794e-01,5.211621522903442383e-02,-2.345615794183686376e-04,4.720588028430938721e-02,5.971291288733482361e-02,-7.722344249486923218e-02,9.997308999300003052e-02,1.386034339666366577e-01,1.337905228137969971e-01,-7.863411679863929749e-03,-1.425183936953544617e-02,-5.341569706797599792e-02,2.629208564758300781e-02,6.405004113912582397e-02,6.900191307067871094e-02,1.049795821309089661e-01,6.243125721812248230e-02,8.096115291118621826e-02,9.807265549898147583e-02,2.183046638965606689e-01,1.550964862108230591e-01,1.267626583576202393e-01,1.693131029605865479e-01,1.088162213563919067e-01,1.379376500844955444e-01,2.534396648406982422e-01,9.870356321334838867e-02,2.137634903192520142e-01,1.637205481529235840e-01,1.548439711332321167e-01,2.325990349054336548e-01,3.234715163707733154e-01,3.046514093875885010e-01,1.429613977670669556e-01,1.969845443964004517e-01,1.131091117858886719e-01,2.061234712600708008e-01,1.620881408452987671e-01,2.876924276351928711e-01,2.155096381902694702e-01,1.280274838209152222e-01,8.828993141651153564e-02,1.299375295639038086e-01,1.265691816806793213e-01,3.014789894223213196e-02,3.927749395370483398e-02,1.383636239916086197e-02,6.123127415776252747e-02,2.939742505550384521e-01,2.850964367389678955e-01,1.302570942789316177e-02,-1.353618502616882324e-01,1.489596813917160034e-01,-6.893142126500606537e-03,2.771258652210235596e-01,3.447878956794738770e-01,2.643591463565826416e-01,2.464415132999420166e-01,4.049632251262664795e-01,5.500779747962951660e-01,2.332317382097244263e-01,3.279033303260803223e-01,-2.767163887619972229e-02,1.589843779802322388e-01,-4.269898403435945511e-03,1.431066393852233887e-01,5.556360259652137756e-02,1.241443976759910583e-01,5.863938480615615845e-02,9.442436695098876953e-02,7.873236201703548431e-03,5.564060434699058533e-02,-1.267815660685300827e-02,6.270819157361984253e-02,-1.554089933633804321e-01,-3.467994555830955505e-02,-1.731767058372497559e-01,-1.379430145025253296e-01,-2.750147320330142975e-02,-6.348747014999389648e-02,2.199616581201553345e-01,1.765625625848770142e-01,1.718652397394180298e-01,1.042617186903953552e-01,2.056704312562942505e-01,-1.693431288003921509e-01,-2.072075009346008301e-01,-8.725096285343170166e-02
2.263041585683822632e-01,-1.861426234245300293e-01,9.465143829584121704e-02,-1.972525380551815033e-02,-2.871354110538959503e-02,-8.484115451574325562e-02,1.783256232738494873e-01,5.367585644125938416e-02,8.379476517438888550e-02,-4.441434890031814575e-02,1.000000119209289551e+00,6.138163208961486816e-01,4.494110643863677979e-01,5.536133050918579102e-01,2.097610384225845337e-01,1.602853685617446899e-01,6.054065823554992676e-01,5.553543567657470703e-01,-6.624273210763931274e-02,-1.639523804187774658e-01,1.084251403808593750e-01,5.597661435604095459e-02,4.312713816761970520e-02,2.626556903123855591e-02,-1.520988252013921738e-02,-2.199814841151237488e-02,-7.347451150417327881e-02,-1.059953644871711731e-01,3.212653696537017822e-01,2.370283454656600952e-01,3.816956281661987305e-01,2.553019225597381592e-01,4.780923202633857727e-02,3.455484285950660706e-02,-1.243627816438674927e-01,-1.676433533430099487e-01,-1.940693706274032593e-02,-4.584366828203201294e-02,3.422952815890312195e-02,-1.066165640950202942e-01,1.883816160261631012e-02,-1.921821199357509613e-02,3.541680052876472473e-02,5.033199861645698547e-02,-1.188912764191627502e-01,-4.761852324008941650e-02,1.002343371510505676e-01,5.168758705258369446e-02,-1.092153713107109070e-01,-1.652437895536422729e-01,5.007432401180267334e-02,-1.342050880193710327e-01,1.549659222364425659e-01,-4.966213181614875793e-02,1.485269814729690552e-01,6.525973975658416748e-02,-4.619966726750135422e-03,-1.211852878332138062e-01,-2.564616799354553223e-01,-2.721601724624633789e-01,-1.325311213731765747e-01,-2.868768572807312012e-01,1.096388325095176697e-01,-1.197124868631362915e-01,-3.341440483927726746e-02,-2.367330044507980347e-01,-2.451371252536773682e-01,-2.637706398963928223e-01,-2.426880598068237305e-01,-2.638375759124755859e-01,5.283592641353607178e-02,-2.250121533870697021e-02,1.184518039226531982e-01,9.080687910318374634e-02,6.379940360784530640e-02,2.957949414849281311e-02,-4.116787016391754150e-02,-4.237077385187149048e-02,2.191585302352905273e-01,3.527619838714599609e-01,3.383746743202209473e-01,4.077740609645843506e-01,1.461621373891830444e-01,1.845660656690597534e-01,3.076118826866149902e-01,1.572377979755401611e-01,5.263695865869522095e-02,-8.426452986896038055e-03,1.608026772737503052e-01,1.342465877532958984e-01,1.409842818975448608e-02,-1.098625659942626953e-01,-1.165351644158363342e-01,-1.769650727510452271e-01,7.935733348131179810e-02,-1.244388427585363388e-02,8.443316817283630371e-02,8.126766234636306763e-02,5.982260406017303467e-02,9.132874011993408203e-02,4.674291983246803284e-02,-7.770602405071258545e-02,-1.342182457447052002e-01,-1.083568111062049866e-01,-1.997356861829757690e-01,-1.894329935312271118e-01,5.197776481509208679e-04,-9.589676558971405029e-02,-1.704831235110759735e-02,6.831111758947372437e-02,-8.417582139372825623e-03,1.467252033762633801e-03,1.100370474159717560e-02,-1.426689922809600830e-01,-2.436063587665557861e-01,-1.651797741651535034e-01
2.537312209606170654e-01,5.234128236770629883e-02,-2.631138265132904053e-02,-8.931853808462619781e-03,-2.022425830364227295e-01,-1.231934949755668640e-01,1.447787582874298096e-01,1.948339343070983887e-01,-1.081105545163154602e-01,7.766739465296268463e-03,6.138163208961486816e-01,1.000000357627868652e+00,1.969602853059768677e-01,7.003233432769775391e-01,-9.788646548986434937e-02,7.990083098411560059e-02,4.390015006065368652e-01,5.945613384246826172e-01,-5.599267408251762390e-02,-1.242225319147109985e-01,-1.293652504682540894e-01,-9.186314046382904053e-02,-2.229564636945724487e-02,-1.783095672726631165e-02,-9.739328175783157349e-02,-5.356730520725250244e-02,-1.972067058086395264e-01,-1.266776174306869507e-01,-2.918444387614727020e-02,1.381102353334426880e-01,1.991071850061416626e-01,1.339309662580490112e-01,1.335618793964385986e-01,1.141739189624786377e-01,-8.542343042790889740e-03,-6.082815676927566528e-02,-1.458173096179962158e-01,-1.262155324220657349e-01,-2.026134282350540161e-01,-2.419944554567337036e-01,-1.492187827825546265e-01,-1.189296916127204895e-01,-6.190228089690208435e-02,-2.384612523019313812e-02,-3.347739949822425842e-02,-9.332941472530364990e-02,-1.271955668926239014e-01,-3.982849791646003723e-02,-1.833844184875488281e-02,-5.175215750932693481e-02,-5.692159757018089294e-02,-4.082932695746421814e-02,-1.168078333139419556e-01,-7.136072963476181030e-02,-1.811770498752593994e-01,-1.135162636637687683e-01,5.322554334998130798e-02,3.043917566537857056e-02,-1.225346624851226807e-01,-6.816007941961288452e-02,2.109301462769508362e-02,-4.928072914481163025e-02,5.478711798787117004e-02,9.584905207157135010e-02,5.079248175024986267e-02,1.289573498070240021e-02,-1.104998067021369934e-01,-9.789916127920150757e-02,-2.223896533250808716e-01,-2.440520673990249634e-01,-1.286911815404891968e-01,-8.580461889505386353e-02,-1.164433732628822327e-01,-4.563208296895027161e-02,-1.128835082054138184e-01,-9.779141843318939209e-02,-8.167702704668045044e-02,-6.864637881517410278e-02,1.123374029994010925e-01,3.419829607009887695e-01,8.549685031175613403e-02,4.016301929950714111e-01,-7.532317936420440674e-02,1.038812473416328430e-01,2.979591116309165955e-02,1.486947834491729736e-01,5.562600865960121155e-02,-1.892497413791716099e-03,-1.413085758686065674e-01,3.135350719094276428e-02,-2.735353410243988037e-01,-2.367492318153381348e-01,-2.490522563457489014e-01,-1.834474503993988037e-01,-2.270414531230926514e-01,-1.864283084869384766e-01,-2.118715792894363403e-01,-2.156319767236709595e-01,-2.179307788610458374e-01,-1.701807230710983276e-01,8.641825988888740540e-03,-7.841484248638153076e-02,-1.349830329418182373e-01,-5.923925340175628662e-02,-2.245307862758636475e-01,-1.968768090009689331e-01,-1.013281345367431641e-01,-9.517787396907806396e-02,-1.448771953582763672e-01,-1.311437934637069702e-01,-1.172186881303787231e-01,-8.810949325561523438e-02,-1.638087034225463867e-01,-2.814375758171081543e-01,-3.018153011798858643e-01,-3.182574212551116943e-01
-1.807689666748046875e-01,-1.834220737218856812e-01,6.594065427780151367e-01,-4.637329280376434326e-02,1.224120631814002991e-01,-1.133080273866653442e-01,7.470285892486572266e-01,1.268152706325054169e-02,2.220155447721481323e-01,-1.310123410075902939e-02,4.494110643863677979e-01,1.969602853059768677e-01,9.999998211860656738e-01,1.123370602726936340e-01,3.783990144729614258e-01,8.612231910228729248e-02,1.372733712196350098e-01,2.034122347831726074e-01,8.713961392641067505e-02,-5.837556719779968262e-02,1.809151470661163330e-02,-9.022455662488937378e-02,3.909846246242523193e-01,1.563911288976669312e-01,-1.369850933551788330e-01,2.155767008662223816e-02,2.117034643888473511e-01,-1.075196191668510437e-01,3.479217588901519775e-01,3.688788041472434998e-02,5.482818484306335449e-01,4.737813770771026611e-01,1.367610692977905273e-01,7.109796628355979919e-03,6.129243876785039902e-03,-5.337941274046897888e-02,1.255436092615127563e-01,-5.432561784982681274e-02,2.093776315450668335e-01,-2.793070487678050995e-02,-5.891982838511466980e-02,-5.551946163177490234e-02,8.584704250097274780e-02,1.240575313568115234e-02,8.909378200769424438e-02,-4.814737942069768906e-03,2.586056850850582123e-02,-1.157368868589401245e-01,4.420129582285881042e-03,-5.881393700838088989e-02,3.031173162162303925e-02,-1.332615166902542114e-01,1.583305373787879944e-02,-2.713241279125213623e-01,5.912196263670921326e-02,-1.277034133672714233e-01,-1.683003455400466919e-01,-1.074933409690856934e-01,1.535801589488983154e-01,-2.885710075497627258e-02,-9.928998351097106934e-02,-7.850231230258941650e-02,-1.129292398691177368e-01,-2.604078948497772217e-01,-1.144341006875038147e-01,-8.891126513481140137e-02,4.609487578272819519e-02,2.766883699223399162e-03,2.161432430148124695e-02,1.031336113810539246e-01,1.333193629980087280e-01,4.048454016447067261e-02,1.897921860218048096e-01,5.419002473354339600e-02,9.616905450820922852e-02,9.369642287492752075e-02,-2.166455388069152832e-01,-1.395005732774734497e-01,-8.260361850261688232e-03,6.311088055372238159e-02,-8.126440644264221191e-02,-5.652231723070144653e-02,2.135968953371047974e-01,4.328187927603721619e-02,8.922346867620944977e-03,-1.897853612899780273e-01,-9.944288432598114014e-02,1.176711544394493103e-02,6.513497233390808105e-02,-1.328379362821578979e-01,7.992399483919143677e-02,-1.084462329745292664e-01,-1.251985318958759308e-02,-1.817180663347244263e-01,3.041047453880310059e-01,1.162586286664009094e-01,1.818734109401702881e-01,6.288101524114608765e-02,-2.249974384903907776e-02,-3.672536090016365051e-02,-3.105289340019226074e-01,-1.762531846761703491e-01,-1.718489527702331543e-01,-2.778369486331939697e-01,-9.982805699110031128e-02,-2.262859493494033813e-01,-8.625339716672897339e-02,-2.073663473129272461e-01,1.020166724920272827e-01,7.073365896940231323e-02,-9.956125169992446899e-02,-1.472215503454208374e-01,-7.535256911069154739e-03,-6.355054676532745361e-03,4.279612563550472260e-03,6.117093190550804138e-02
