1.000000119209289551e+00,4.178045988082885742e-01,1.622347086668014526e-01,8.135464787483215332e-02,7.618709653615951538e-02,-4.655127227306365967e-02,2.465710490942001343e-01,2.853112518787384033e-01,1.088473796844482422e-01,1.893289983272552490e-01,3.309086263179779053e-01,1.525565832853317261e-01,3.210289180278778076e-01,2.802881002426147461e-01,1.546182334423065186e-01,2.401244789361953735e-01,-9.502055495977401733e-02,-2.153543233871459961e-01,1.522720139473676682e-02,-7.640323601663112640e-03,5.775493755936622620e-02,1.043910384178161621e-01,1.071593090891838074e-01,3.922943398356437683e-02,-4.166396334767341614e-02,-2.855389565229415894e-02,-9.175428748130798340e-02,-2.715566940605640411e-02,1.814722418785095215e-01,8.054614998400211334e-03,1.386141180992126465e-01,7.615363597869873047e-02,2.483778744935989380e-01,7.595986127853393555e-02,3.162731602787971497e-02,5.087482929229736328e-02,9.345738589763641357e-02,6.206190958619117737e-02,2.343260496854782104e-02,1.023478358983993530e-01,9.444217383861541748e-02,1.101832836866378784e-01,8.147212862968444824e-02,-2.072966657578945160e-03,-1.115774214267730713e-01,4.255894571542739868e-02,-3.611645102500915527e-02,3.073970600962638855e-02,1.444442868232727051e-01,9.542424231767654419e-02,9.944623708724975586e-02,-1.153079271316528320e-01,1.747138947248458862e-01,5.433028563857078552e-02,1.341433227062225342e-01,2.603590860962867737e-02,4.463284611701965332e-01,1.405812352895736694e-01,-1.055077835917472839e-01,3.592935204505920410e-02,1.046312078833580017e-01,-3.665093705058097839e-02,3.620677441358566284e-02,5.086436867713928223e-02,-2.396112382411956787e-01,-1.521730870008468628e-01,-1.089118570089340210e-01,-1.084448248147964478e-01,4.297780692577362061e-01,3.358010351657867432e-01,1.018081828951835632e-01,7.271400094032287598e-02,1.766078770160675049e-01,6.026682257652282715e-02,1.335838139057159424e-01,-1.693704351782798767e-02,6.243073940277099609e-02,5.247421562671661377e-02,-1.659399420022964478e-01,-1.991869807243347168e-01,-1.424140483140945435e-01,-1.908441483974456787e-01,1.472576111555099487e-01,1.339112222194671631e-01,-1.498329788446426392e-01,-7.069800794124603271e-02,3.633538959547877312e-03,5.049061402678489685e-02,-1.394203901290893555e-01,-1.706466674804687500e-01,2.184154540300369263e-01,-7.866061292588710785e-03,1.914972662925720215e-01,4.724872484803199768e-02,1.418244242668151855e-01,1.955983638763427734e-01,1.282163560390472412e-01,1.469920277595520020e-01,1.084333211183547974e-01,2.627287432551383972e-02,1.540224701166152954e-01,7.140210829675197601e-03,6.222070008516311646e-02,1.411009132862091064e-01,2.631661482155323029e-02,-3.995150700211524963e-02,-2.328024990856647491e-02,5.494460463523864746e-03,7.427703589200973511e-02,1.252228170633316040e-01,-4.200355708599090576e-02,1.001540794968605042e-01,8.042594790458679199e-02,3.914777189493179321e-02,-2.607245743274688721e-02,-4.973620921373367310e-02
4.178045988082885742e-01,1.000000119209289551e+00,-1.571040041744709015e-02,-1.140736192464828491e-01,9.775502234697341919e-02,-2.724555507302284241e-02,-3.466113656759262085e-02,1.401039212942123413e-01,1.162357926368713379e-01,1.921030133962631226e-01,2.654676139354705811e-01,3.675161302089691162e-01,3.127457201480865479e-01,2.832532227039337158e-01,8.821095526218414307e-02,2.719009816646575928e-01,1.683699786663055420e-01,2.164435684680938721e-01,1.511801593005657196e-02,7.188700884580612183e-02,1.120935976505279541e-01,1.409197896718978882e-01,-3.731975331902503967e-02,4.555987543426454067e-04,-2.534518390893936157e-02,1.835605129599571228e-02,-8.204359561204910278e-02,-4.710920527577400208e-02,1.305412799119949341e-01,4.926339164376258850e-02,7.532376796007156372e-02,7.982115447521209717e-02,1.100422367453575134e-01,6.734132021665573120e-02,-8.444743603467941284e-02,-3.387594595551490784e-02,-6.157162040472030640e-02,3.941756859421730042e-02,-9.377396106719970703e-02,5.861367098987102509e-03,5.311021208763122559e-02,1.874403953552246094e-01,2.664780020713806152e-01,2.513029575347900391e-01,1.525567173957824707e-01,2.276041060686111450e-01,1.434253752231597900e-01,2.513721287250518799e-01,1.879609227180480957e-01,2.397198528051376343e-01,2.808882594108581543e-01,3.056330978870391846e-01,1.899743229150772095e-01,2.606797218322753906e-01,-1.551207713782787323e-02,-1.763158361427485943e-03,3.950286805629730225e-01,5.928164720535278320e-01,-1.279204785823822021e-01,-1.625675894320011139e-02,5.895099043846130371e-02,8.172637969255447388e-02,5.388090759515762329e-02,1.600995808839797974e-01,-7.124111056327819824e-02,-5.160520970821380615e-02,-1.939043402671813965e-01,-1.104666888713836670e-01,2.895950078964233398e-01,3.526667356491088867e-01,-7.796074450016021729e-02,-8.114190399646759033e-02,-2.494915574789047241e-02,-4.846481233835220337e-02,1.004419848322868347e-01,-5.395954847335815430e-02,-7.511768490076065063e-02,-4.279675707221031189e-02,2.009571529924869537e-02,7.985127717256546021e-02,9.584569185972213745e-02,1.720681637525558472e-01,1.607990264892578125e-01,2.843183577060699463e-01,1.430970430374145508e-01,3.032141327857971191e-01,6.953489035367965698e-02,3.225379586219787598e-01,2.014959901571273804e-01,3.019193410873413086e-01,1.518144458532333374e-01,3.205646276473999023e-01,1.791044026613235474e-01,4.050201773643493652e-01,4.341325163841247559e-02,1.339025199413299561e-01,4.833713918924331665e-02,6.087244302034378052e-02,7.190071791410446167e-02,1.217800006270408630e-01,1.641463190317153931e-01,2.723260223865509033e-01,-2.038171887397766113e-02,1.226610615849494934e-01,1.123718917369842529e-02,1.201081648468971252e-01,-8.087860792875289917e-02,6.510318070650100708e-02,4.677248373627662659e-02,5.148415639996528625e-02,3.833394497632980347e-03,2.190347202122211456e-02,2.094702720642089844e-01,2.418607659637928009e-02,-6.512832641601562500e-02,-2.326080016791820526e-02
1.622347086668014526e-01,-1.571040041744709015e-02,9.999998807907104492e-01,5.286985039710998535e-01,4.051114618778228760e-02,9.745280258357524872e-03,6.605702638626098633e-01,6.038063764572143555e-01,-5.797899514436721802e-02,-5.426475778222084045e-02,1.962838172912597656e-01,5.642532929778099060e-02,2.445224225521087646e-01,3.314038217067718506e-01,-5.679310858249664307e-02,1.946678734384477139e-03,-1.507347375154495239e-01,-1.412399262189865112e-01,-8.555576205253601074e-02,-1.207823157310485840e-01,-1.173612102866172791e-01,-1.024027541279792786e-01,2.555090188980102539e-01,2.859200537204742432e-01,1.455858647823333740e-01,7.691174745559692383e-02,6.972381472587585449e-02,2.182528190314769745e-02,2.412572354078292847e-01,1.447277516126632690e-01,1.111676618456840515e-01,5.036642774939537048e-02,6.493060290813446045e-02,4.068331792950630188e-02,1.976020261645317078e-02,1.515339612960815430e-01,1.268953979015350342e-01,6.792875379323959351e-02,2.116062790155410767e-01,1.567924022674560547e-01,1.587899476289749146e-01,1.495627015829086304e-01,-3.340737521648406982e-02,-6.086448207497596741e-02,-1.653452962636947632e-01,-4.524819925427436829e-02,-1.894109994173049927e-01,-1.520140022039413452e-01,-2.015358507633209229e-01,2.399973012506961823e-02,-1.525192260742187500e-01,-1.453537791967391968e-01,-5.769751965999603271e-02,-1.895268559455871582e-01,9.083140641450881958e-02,7.671656459569931030e-02,-9.949722141027450562e-02,-1.785003095865249634e-01,-1.241302937269210815e-01,-1.522627472877502441e-01,-1.301076561212539673e-01,-2.034747302532196045e-01,-2.215997874736785889e-01,-1.158228963613510132e-01,-2.191248089075088501e-01,-1.092659682035446167e-01,-1.194057390093803406e-01,-1.296401023864746094e-01,-1.385406404733657837e-01,-3.985719010233879089e-02,-1.125305891036987305e-01,-5.433186888694763184e-03,2.396158576011657715e-01,1.901776939630508423e-01,1.674782298505306244e-02,4.409794695675373077e-03,3.366193175315856934e-02,9.372010827064514160e-02,-6.262632459402084351e-02,-1.183241531252861023e-01,-2.512919604778289795e-01,-2.747401595115661621e-01,-2.984122559428215027e-02,7.968720793724060059e-02,-2.473976165056228638e-01,-1.622561812400817871e-01,-2.342535741627216339e-02,-3.512624278664588928e-02,-1.130217537283897400e-01,-2.009769082069396973e-01,-6.998628377914428711e-02,-1.501133292913436890e-01,-6.550358235836029053e-02,-1.600112998858094215e-03,-1.757184043526649475e-02,8.068933337926864624e-02,-6.578678637742996216e-02,6.045442819595336914e-02,-8.262070268392562866e-02,-2.550088241696357727e-02,-2.076972275972366333e-02,2.386007271707057953e-02,5.682780873030424118e-03,1.049846317619085312e-02,7.668612152338027954e-02,2.262455783784389496e-02,9.903779625892639160e-02,1.502188593149185181e-01,6.350792199373245239e-02,-2.473919186741113663e-03,-1.119237858802080154e-02,-9.749603271484375000e-02,-2.727455273270606995e-02,-4.421862214803695679e-02,-5.724313855171203613e-02,7.473742961883544922e-02
8.135464787483215332e-02,-1.140736192464828491e-01,5.286985039710998535e-01,1.000000119209289551e+00,-8.078765124082565308e-02,-3.692756220698356628e-02,4.784002304077148438e-01,5.196307897567749023e-01,-1.660752892494201660e-01,-9.233709424734115601e-02,1.113617792725563049e-01,-4.348398186266422272e-03,-4.644507914781570435e-02,1.534995734691619873e-01,-3.509600088000297546e-02,-4.255022108554840088e-02,-2.235038131475448608e-01,-2.102090418338775635e-01,1.500946581363677979e-01,1.273295879364013672e-01,-1.051649898290634155e-01,-6.076630204916000366e-02,2.450546920299530029e-01,3.276877999305725098e-01,7.643647491931915283e-03,2.067753672599792480e-02,2.249754965305328369e-02,-4.905673861503601074e-02,8.593013882637023926e-02,3.442997857928276062e-02,7.743763923645019531e-02,6.459666788578033447e-02,1.176888719201087952e-01,1.820637136697769165e-01,4.670286923646926880e-02,4.451380297541618347e-02,6.886035203933715820e-02,1.011725366115570068e-01,8.165050297975540161e-02,5.634766072034835815e-02,1.022954285144805908e-01,3.515746444463729858e-02,-6.705805659294128418e-02,-1.360962633043527603e-02,-2.381071746349334717e-01,-7.507155090570449829e-02,-7.695754617452621460e-02,-6.632476300001144409e-02,-1.264028698205947876e-01,7.473945152014493942e-04,-1.314667910337448120e-01,-2.084318250417709351e-01,5.040741711854934692e-02,-1.296372264623641968e-01,8.298862725496292114e-02,5.169539526104927063e-02,-2.087707072496414185e-01,-2.268071323633193970e-01,-7.089938968420028687e-02,-9.632498025894165039e-02,-1.395657658576965332e-01,-1.708543896675109863e-01,-1.653250157833099365e-01,-1.120123863220214844e-01,-2.679625749588012695e-01,-1.023750230669975281e-01,-8.121845126152038574e-02,-1.022855937480926514e-01,-1.466808319091796875e-01,-1.808555237948894501e-02,-4.189102724194526672e-02,-4.818482324481010437e-02,1.213408559560775757e-01,1.100283190608024597e-01,-9.668241441249847412e-02,-9.818919748067855835e-02,1.731015183031558990e-02,4.119855165481567383e-02,-1.121527254581451416e-01,-1.581029146909713745e-01,-2.548237144947052002e-01,-3.369622528553009033e-01,-9.589800238609313965e-02,-1.293464601039886475e-01,-3.158967792987823486e-01,-2.425886690616607666e-01,-5.500221624970436096e-02,-1.274455189704895020e-01,-1.646458357572555542e-01,-1.988943964242935181e-01,-3.690224140882492065e-02,-1.847731322050094604e-01,-6.812669336795806885e-02,-1.187959834933280945e-01,-8.724846877157688141e-03,9.164696931838989258e-02,-5.539641529321670532e-02,1.555637177079916000e-02,-2.562832273542881012e-02,-4.080927744507789612e-02,-9.950800985097885132e-02,1.392327155917882919e-02,3.979283850640058517e-03,-4.614301025867462158e-02,4.722613096237182617e-02,-7.560420781373977661e-02,-7.578026037663221359e-03,-3.411249816417694092e-02,-2.987572737038135529e-02,1.175396591424942017e-01,6.604916602373123169e-02,-1.406511068344116211e-01,-1.710278689861297607e-01,-2.141534932889044285e-04,-2.842934429645538330e-02,7.777708768844604492e-02
7.618709653615951538e-02,9.775502234697341919e-02,4.051114618778228760e-02,-8.078765124082565308e-02,9.999998807907104492e-01,5.004836320877075195e-01,-4.128169268369674683e-02,5.228621512651443481e-02,5.662024617195129395e-01,5.037177801132202148e-01,-3.968663141131401062e-02,-1.016617268323898315e-01,1.875768899917602539e-01,1.163250878453254700e-01,4.361267685890197754e-01,3.792966306209564209e-01,-1.627910509705543518e-02,-6.068723276257514954e-02,5.612322315573692322e-02,7.415004074573516846e-02,1.872508674860000610e-01,2.482659667730331421e-01,2.568149566650390625e-01,2.115610837936401367e-01,4.322011768817901611e-01,5.048517584800720215e-01,3.359923362731933594e-01,4.621028900146484375e-01,1.200859993696212769e-01,-1.868095248937606812e-02,3.767500221729278564e-01,4.362943768501281738e-01,6.731948256492614746e-02,3.139834851026535034e-02,1.556875109672546387e-01,6.261220574378967285e-02,2.860749512910842896e-02,9.680428355932235718e-02,7.046819478273391724e-02,1.401976644992828369e-01,-7.134029269218444824e-02,2.403512969613075256e-02,1.111285388469696045e-01,1.036253273487091064e-01,1.183567792177200317e-01,1.140184104442596436e-01,7.459896802902221680e-02,1.322005838155746460e-01,8.859955519437789917e-02,9.727717190980911255e-02,1.549077779054641724e-01,9.939473867416381836e-02,3.386725112795829773e-02,6.565727293491363525e-02,-5.376869440078735352e-02,5.159828066825866699e-02,1.728720813989639282e-01,1.675164699554443359e-01,1.266783922910690308e-01,2.205933034420013428e-01,1.715576350688934326e-01,1.947335153818130493e-01,1.007161736488342285e-01,1.066228151321411133e-01,1.225281208753585815e-01,1.315248012542724609e-01,5.978310853242874146e-02,6.392997503280639648e-02,1.409656405448913574e-01,-4.013667628169059753e-02,1.858789324760437012e-01,1.066623032093048096e-01,3.720464184880256653e-02,3.406889364123344421e-02,1.424091607332229614e-01,4.285807535052299500e-02,1.117974072694778442e-01,1.664974242448806763e-01,-3.896132111549377441e-02,5.263369530439376831e-02,1.602470874786376953e-02,9.174592047929763794e-02,1.813297122716903687e-01,1.662425547838211060e-01,2.242066338658332825e-02,5.347019806504249573e-02,-2.177602611482143402e-03,1.332851052284240723e-01,-3.819594532251358032e-02,-7.887625694274902344e-02,1.191889941692352295e-01,1.595207154750823975e-01,2.837585508823394775e-01,1.478891521692276001e-01,9.465056657791137695e-02,1.437368392944335938e-01,2.611511619761586189e-03,1.025557816028594971e-01,3.345033619552850723e-03,1.014983355998992920e-01,1.074129343032836914e-01,5.755665525794029236e-02,-7.973276823759078979e-02,-3.365020081400871277e-02,-7.096737623214721680e-02,2.866574749350547791e-02,-6.399150937795639038e-02,1.255242973566055298e-01,1.491734683513641357e-01,1.179134026169776917e-01,-1.173047441989183426e-02,1.080127283930778503e-01,-2.489258768036961555e-03,7.903636991977691650e-02,1.232140585780143738e-01,-7.930819876492023468e-03
-4.655127227306365967e-02,-2.724555507302284241e-02,9.745280258357524872e-03,-3.692756220698356628e-02,5.004836320877075195e-01,1.000000119209289551e+00,-8.821064233779907227e-02,5.212658271193504333e-02,3.822874426841735840e-01,4.793325066566467285e-01,-9.833819419145584106e-02,-2.146061807870864868e-01,-1.495684776455163956e-02,-2.857762202620506287e-02,2.592869400978088379e-01,3.125139474868774414e-01,-3.649853169918060303e-02,-6.116230785846710205e-02,2.122642239555716515e-03,3.758537641260772943e-04,1.562329679727554321e-01,1.714086085557937622e-01,1.755850911140441895e-01,1.142195463180541992e-01,3.811272978782653809e-01,4.386088848114013672e-01,3.669320642948150635e-01,5.132582783699035645e-01,3.539065271615982056e-02,-1.073296517133712769e-01,6.543868035078048706e-02,1.373374164104461670e-01,6.968496739864349365e-02,5.819194950163364410e-03,1.160451471805572510e-01,-3.823918476700782776e-02,-1.268486678600311279e-01,-5.575823411345481873e-02,8.464982360601425171e-02,1.907871663570404053e-02,-1.550403386354446411e-01,-1.258957833051681519e-01,-3.938001394271850586e-02,-3.253930062055587769e-02,3.721947222948074341e-02,-6.256396323442459106e-02,-7.139597833156585693e-02,-2.755691669881343842e-02,1.527774427086114883e-02,-4.756225645542144775e-02,1.016200408339500427e-01,-7.975917309522628784e-03,2.228201366961002350e-02,-1.869273185729980469e-02,-1.166587173938751221e-01,5.949254333972930908e-02,1.276842802762985229e-01,6.689548492431640625e-02,1.488559693098068237e-01,1.083108335733413696e-01,1.880591511726379395e-01,1.310967355966567993e-01,8.849167078733444214e-02,1.886818371713161469e-02,1.284030675888061523e-01,1.099442876875400543e-02,9.471479058265686035e-02,3.766781091690063477e-02,1.598115265369415283e-02,-3.724758699536323547e-02,-1.978763192892074585e-02,-2.613538317382335663e-02,-1.407048013061285019e-02,-1.019027829170227051e-01,1.483231876045465469e-02,-4.895767197012901306e-02,5.309848487377166748e-02,1.793745718896389008e-02,-5.236269161105155945e-02,3.831062465906143188e-02,-8.265352807939052582e-03,8.176424354314804077e-02,1.303689181804656982e-01,1.177996098995208740e-01,-4.180170595645904541e-02,2.135816030204296112e-02,-4.526767879724502563e-02,-1.283415406942367554e-02,-7.470142841339111328e-02,-8.896283805370330811e-02,1.226784512400627136e-01,1.245967075228691101e-01,2.677954435348510742e-01,1.106077507138252258e-01,2.582423016428947449e-02,-1.423051301389932632e-02,-4.979742690920829773e-02,-4.890386760234832764e-02,-7.925064861774444580e-02,1.921311765909194946e-02,1.590569466352462769e-01,2.087982930243015289e-02,-3.867384046316146851e-02,-9.380411356687545776e-02,-3.623702377080917358e-02,1.070564147084951401e-02,-5.651556700468063354e-02,1.031209975481033325e-01,3.393916785717010498e-02,-3.982271999120712280e-02,-1.642100885510444641e-02,2.549625001847743988e-02,-7.526825368404388428e-02,9.193808585405349731e-02,5.824935063719749451e-02,-4.131127148866653442e-02
2.465710490942001343e-01,-3.466113656759262085e-02,6.605702638626098633e-01,4.784002304077148438e-01,-4.128169268369674683e-02,-8.821064233779907227e-02,9.999997615814208984e-01,6.891376376152038574e-01,-1.395535096526145935e-02,-1.349353790283203125e-01,2.344049513339996338e-01,2.571116760373115540e-02,3.711804449558258057e-01,4.713143408298492432e-01,-4.639765247702598572e-02,-9.474401921033859253e-02,-2.558972835540771484e-01,-2.144727110862731934e-01,-2.111552506685256958e-01,-2.193644493818283081e-01,-1.903051584959030151e-01,-1.181716248393058777e-01,9.510247409343719482e-02,1.521522402763366699e-01,3.825379163026809692e-02,3.667816892266273499e-02,-3.821327537298202515e-02,-5.822098255157470703e-02,1.962828338146209717e-01,1.298365741968154907e-01,3.865069523453712463e-02,9.106966666877269745e-03,-7.873729616403579712e-02,-8.657888323068618774e-02,-8.701725304126739502e-02,5.242906138300895691e-02,2.100297808647155762e-01,5.613176152110099792e-02,1.911474317312240601e-01,1.291930973529815674e-01,2.011692821979522705e-01,1.603158414363861084e-01,-1.039521768689155579e-01,-6.604682654142379761e-02,-3.086424767971038818e-01,-1.202379390597343445e-01,-8.889923989772796631e-02,-8.490566909313201904e-02,-3.345018625259399414e-01,-2.695660851895809174e-02,-2.681834995746612549e-01,-2.044129222631454468e-01,-5.505677685141563416e-02,-1.228573173284530640e-01,1.318504363298416138e-01,2.103799208998680115e-02,-2.347556501626968384e-01,-2.969163358211517334e-01,-2.701629698276519775e-01,-2.609145045280456543e-01,-2.666791975498199463e-01,-2.601366043090820312e-01,-3.552414476871490479e-01,-2.381325066089630127e-01,-3.238748610019683838e-01,-1.732102781534194946e-01,-2.843634486198425293e-01,-3.000256717205047607e-01,-2.296002656221389771e-01,-3.083145059645175934e-02,-1.265439838171005249e-01,-4.179247841238975525e-02,1.992188990116119385e-01,2.158152014017105103e-01,3.822605311870574951e-02,-3.776791319251060486e-02,-1.803610287606716156e-02,2.777108736336231232e-02,-1.619187146425247192e-01,-2.044620364904403687e-01,-3.112932145595550537e-01,-3.682306706905364990e-01,-1.824017465114593506e-01,4.041331633925437927e-02,-2.956109344959259033e-01,-2.338984310626983643e-01,-3.226330876350402832e-02,-9.146353229880332947e-03,-2.177185416221618652e-01,-2.262034118175506592e-01,-8.431347459554672241e-02,-1.895648837089538574e-01,-2.029998302459716797e-01,-9.870116412639617920e-02,3.534973785281181335e-02,9.935946762561798096e-02,3.508365899324417114e-02,1.011956110596656799e-01,-4.736568778753280640e-02,-8.931480348110198975e-02,-1.651250123977661133e-01,-5.000863969326019287e-02,1.293072570115327835e-02,-1.362956245429813862e-03,8.965951949357986450e-02,-1.116213351488113403e-01,1.326763182878494263e-01,6.611807644367218018e-02,6.317815184593200684e-02,6.540492922067642212e-02,7.096672058105468750e-02,-2.233728021383285522e-01,-1.533966213464736938e-01,-1.714170724153518677e-01,-1.319768130779266357e-01,6.058586016297340393e-02
2.853112518787384033e-01,1.401039212942123413e-01,6.038063764572143555e-01,5.196307897567749023e-01,5.228621512651443481e-02,5.212658271193504333e-02,6.891376376152038574e-01,9.999998807907104492e-01,-1.350173819810152054e-02,5.000801011919975281e-02,1.084825396537780762e-01,4.567002411931753159e-03,2.848398685455322266e-01,5.269727110862731934e-01,3.094633482396602631e-02,1.246637329459190369e-01,-3.056479990482330322e-01,-2.576963305473327637e-01,-2.350967675447463989e-01,-2.533195912837982178e-01,-6.988976150751113892e-02,-3.209409490227699280e-02,1.800670921802520752e-01,2.216446846723556519e-01,9.490494430065155029e-02,5.469211190938949585e-02,-2.576075680553913116e-02,1.765461638569831848e-02,1.780777126550674438e-01,5.774719640612602234e-02,4.720452055335044861e-02,1.709959283471107483e-02,-2.114764414727687836e-03,-9.267342090606689453e-02,-4.403584450483322144e-02,-1.759420335292816162e-02,4.651484265923500061e-02,1.006816029548645020e-01,1.137446165084838867e-01,1.568113565444946289e-01,9.509871900081634521e-02,1.378752738237380981e-01,6.637866608798503876e-03,5.076814070343971252e-02,-2.097215503454208374e-01,-7.019455730915069580e-02,-6.431399285793304443e-02,-1.056154444813728333e-02,-1.971127986907958984e-01,4.437576606869697571e-02,-1.111500412225723267e-01,-1.377015560865402222e-01,6.608346849679946899e-02,-3.669814020395278931e-02,3.822114691138267517e-02,8.059792220592498779e-02,-4.885821044445037842e-02,-1.340678781270980835e-01,-2.546818256378173828e-01,-2.099351882934570312e-01,-1.481133103370666504e-01,-2.399566322565078735e-01,-3.107811212539672852e-01,-2.456371784210205078e-01,-3.372838497161865234e-01,-2.149709016084671021e-01,-2.717795670032501221e-01,-2.919906973838806152e-01,-1.681544929742813110e-01,-1.123671140521764755e-02,-1.993770599365234375e-01,-1.371002197265625000e-01,1.897329092025756836e-01,1.664986014366149902e-01,3.876244649291038513e-02,-1.235045492649078369e-01,-1.211846806108951569e-02,4.384276270866394043e-02,-2.421735525131225586e-01,-2.224460244178771973e-01,-3.639440238475799561e-01,-3.569421470165252686e-01,2.851068973541259766e-02,1.784447133541107178e-01,-3.323424458503723145e-01,-1.160348057746887207e-01,-5.888193473219871521e-02,9.349351748824119568e-04,-2.378066778182983398e-01,-1.733783036470413208e-01,4.076489061117172241e-02,-4.644918069243431091e-02,1.440525054931640625e-02,5.035303533077239990e-02,1.758177950978279114e-02,1.632690429687500000e-01,4.188769683241844177e-02,9.960196167230606079e-02,-2.194769494235515594e-02,-3.212219104170799255e-02,-9.636012837290763855e-03,2.863665483891963959e-02,-1.148037519305944443e-02,-5.816087126731872559e-02,8.428829908370971680e-02,-6.312531232833862305e-02,5.517294257879257202e-02,9.310069680213928223e-02,7.038459926843643188e-02,1.299780011177062988e-01,2.499694190919399261e-02,-1.803401857614517212e-01,-5.945508182048797607e-02,-1.501344144344329834e-01,-1.655855476856231689e-01,2.476591058075428009e-02
1.088473796844482422e-01,1.162357926368713379e-01,-5.797899514436721802e-02,-1.660752892494201660e-01,5.662024617195129395e-01,3.822874426841735840e-01,-1.395535096526145935e-02,-1.350173819810152054e-02,9.999997615814208984e-01,5.244711637496948242e-01,-1.556971203535795212e-02,-1.145622581243515015e-01,2.480380833148956299e-01,6.459201127290725708e-02,4.837298393249511719e-01,3.079000711441040039e-01,-6.026306748390197754e-02,-1.005135029554367065e-01,2.092955633997917175e-02,4.647099599242210388e-02,1.516742557287216187e-01,1.669245660305023193e-01,3.077807277441024780e-02,1.450754702091217041e-01,1.912863552570343018e-01,2.617478370666503906e-01,7.422973960638046265e-02,2.760404348373413086e-01,7.656903006136417389e-03,-1.010924130678176880e-01,2.405682206153869629e-01,3.338369131088256836e-01,-5.231244117021560669e-02,-6.400794535875320435e-02,1.294679641723632812e-01,-1.882866770029067993e-02,6.501664221286773682e-02,5.763486027717590332e-02,1.257074922323226929e-01,1.037188768386840820e-01,-7.434371113777160645e-02,-2.033849991858005524e-02,7.745206356048583984e-02,1.070250198245048523e-01,9.594554454088211060e-02,7.144534587860107422e-02,1.529641449451446533e-01,2.032594233751296997e-01,6.283202767372131348e-02,1.250832974910736084e-01,1.760814487934112549e-01,1.438376605510711670e-01,4.939644783735275269e-02,1.437158286571502686e-01,-3.134876117110252380e-02,-8.356223255395889282e-02,1.459692418575286865e-01,1.626688838005065918e-01,5.814843997359275818e-02,1.307153701782226562e-01,1.010169684886932373e-01,1.242687776684761047e-01,3.555168211460113525e-02,2.500824071466922760e-02,9.545347839593887329e-02,7.362189237028360367e-03,-3.909228369593620300e-02,-1.586041599512100220e-02,1.398577541112899780e-01,6.409769505262374878e-02,9.101916849613189697e-02,2.309920825064182281e-02,-9.524315595626831055e-02,2.535785315558314323e-03,1.334584802389144897e-01,-7.151756435632705688e-03,1.314648091793060303e-01,1.766994595527648926e-01,-1.006203219294548035e-01,-2.460070140659809113e-02,-2.157714590430259705e-02,3.885789960622787476e-02,-3.790210234001278877e-03,1.276244223117828369e-01,8.124622516334056854e-03,-3.005746053531765938e-03,-1.954520940780639648e-01,2.470113523304462433e-02,-9.884785860776901245e-02,-1.161500290036201477e-01,8.906690031290054321e-02,1.471305340528488159e-01,2.161392867565155029e-01,8.327713608741760254e-02,1.230814680457115173e-01,1.839961707592010498e-01,1.120179146528244019e-01,1.454987227916717529e-01,-6.716148555278778076e-02,2.052422612905502319e-02,2.506208978593349457e-02,-4.037402942776679993e-02,-1.911055296659469604e-01,-1.636908054351806641e-01,-1.981589049100875854e-01,-1.181409209966659546e-01,-1.457816958427429199e-01,4.678779840469360352e-02,1.090145334601402283e-01,1.471187472343444824e-01,3.181024268269538879e-02,1.841496676206588745e-02,-9.842008352279663086e-02,3.021818213164806366e-02,5.765052884817123413e-02,-1.329805552959442139e-01
1.893289983272552490e-01,1.921030133962631226e-01,-5.426475778222084045e-02,-9.233709424734115601e-02,5.037177801132202148e-01,4.793325066566467285e-01,-1.349353790283203125e-01,5.000801011919975281e-02,5.244711637496948242e-01,9.999997615814208984e-01,3.642822150141000748e-03,-1.051387712359428406e-01,1.418853700160980225e-01,1.380078047513961792e-01,3.454275131225585938e-01,6.337474584579467773e-01,-1.218209415674209595e-01,-1.718656718730926514e-01,3.976438567042350769e-02,4.678396880626678467e-02,2.778850495815277100e-01,2.643354833126068115e-01,1.260999143123626709e-01,8.625528216361999512e-02,1.431290358304977417e-01,2.239265441894531250e-01,-3.207615390419960022e-02,2.288819700479507446e-01,3.454820066690444946e-02,-2.184295095503330231e-02,2.891660928726196289e-01,3.378606140613555908e-01,1.557565331459045410e-01,4.042726755142211914e-02,1.735060214996337891e-01,-9.379796683788299561e-02,-1.388378590345382690e-01,8.306906372308731079e-02,1.005975529551506042e-01,2.050448209047317505e-01,-1.558840572834014893e-01,-6.269825994968414307e-02,-4.035112634301185608e-02,-1.062556877732276917e-01,1.403150986880064011e-02,-7.362015545368194580e-02,-8.242628723382949829e-02,2.586724422872066498e-02,2.756371535360813141e-02,-5.803296715021133423e-02,9.987596422433853149e-02,-8.058388531208038330e-02,1.326470356434583664e-02,2.332646586000919342e-02,-1.539527773857116699e-01,-3.556907922029495239e-02,3.052940964698791504e-01,2.050592452287673950e-01,1.226145923137664795e-01,1.288748383522033691e-01,2.376949936151504517e-01,1.308645308017730713e-01,1.497849524021148682e-01,7.838152348995208740e-02,4.748317226767539978e-02,-5.425713956356048584e-02,7.401990145444869995e-02,3.029571846127510071e-02,2.297949194908142090e-01,1.376902163028717041e-01,3.040593676269054413e-02,2.284986712038516998e-02,-7.035014033317565918e-02,4.162410332355648279e-04,2.053329050540924072e-01,2.582654729485511780e-02,2.690423130989074707e-01,3.005428910255432129e-01,-2.055499553680419922e-01,-7.804829627275466919e-02,-1.223559826612472534e-01,4.021781496703624725e-03,2.393990755081176758e-01,2.660644054412841797e-01,-1.135300695896148682e-01,3.788883797824382782e-03,-7.040699571371078491e-02,1.473157852888107300e-01,-1.335920393466949463e-01,-1.679837554693222046e-01,1.733751893043518066e-01,1.460307389497756958e-01,4.009208977222442627e-01,1.323777139186859131e-01,8.289419114589691162e-02,1.982545852661132812e-01,1.234401315450668335e-01,1.309107691049575806e-01,-1.085200235247612000e-01,2.792430110275745392e-03,2.404894530773162842e-01,7.356068491935729980e-02,2.906641736626625061e-02,2.692170441150665283e-02,-5.715739727020263672e-02,2.162081375718116760e-02,-1.387193500995635986e-01,7.328899949789047241e-02,9.472327679395675659e-02,6.021680310368537903e-02,5.134198814630508423e-02,1.727642491459846497e-02,-7.712838053703308105e-02,1.415214240550994873e-01,1.519132107496261597e-01,-1.468011885881423950e-01
3.309086263179779053e-01,2.654676139354705811e-01,1.962838172912597656e-01,1.113617792725563049e-01,-3.968663141131401062e-02,-9.833819419145584106e-02,2.344049513339996338e-01,1.084825396537780762e-01,-1.556971203535795212e-02,3.642822150141000748e-03,1.000000119209289551e+00,6.440676450729370117e-01,5.610030293464660645e-01,1.960397660732269287e-01,-3.294315189123153687e-02,1.273470669984817505e-01,3.475178778171539307e-01,1.849975287914276123e-01,2.032919973134994507e-01,1.694678068161010742e-01,3.629406169056892395e-02,-9.289252012968063354e-02,-1.248833984136581421e-01,2.201439999043941498e-02,-3.937482088804244995e-02,7.165425457060337067e-03,-3.635337948799133301e-02,-1.026469916105270386e-01,4.844450950622558594e-01,3.463358879089355469e-01,9.003101289272308350e-02,2.605814114212989807e-02,1.893702298402786255e-01,1.760536134243011475e-01,-7.204682100564241409e-03,1.245083361864089966e-01,1.862374842166900635e-01,5.551690980792045593e-02,8.344366401433944702e-02,1.677490770816802979e-02,2.600875198841094971e-01,2.099866569042205811e-01,-4.601002112030982971e-02,-4.269330576062202454e-02,-8.517124503850936890e-02,1.161551568657159805e-02,-4.249585047364234924e-02,-2.613909775391221046e-03,-4.773498326539993286e-02,-8.083070069551467896e-02,-7.782884687185287476e-02,-8.530928939580917358e-02,-1.527186334133148193e-01,-1.111807972192764282e-01,8.465501666069030762e-02,9.969703387469053268e-04,2.934122085571289062e-01,9.816438704729080200e-02,-6.734764575958251953e-02,-1.537965685129165649e-01,-3.914934769272804260e-02,-1.459408551454544067e-01,1.119813695549964905e-01,4.943193402141332626e-03,-4.116982594132423401e-02,-1.324761658906936646e-01,-3.712283447384834290e-02,8.974698372185230255e-03,2.315891385078430176e-01,2.555073499679565430e-01,1.491127610206604004e-01,1.786360293626785278e-01,2.806382477283477783e-01,1.825180202722549438e-01,1.519125103950500488e-01,4.726196080446243286e-02,1.287093460559844971e-01,8.802150934934616089e-02,1.436785012483596802e-01,6.644515693187713623e-02,1.607582718133926392e-01,5.902692675590515137e-02,-5.985620617866516113e-02,1.416005194187164307e-02,1.025657579302787781e-01,1.185340806841850281e-03,7.082857936620712280e-02,1.227346435189247131e-01,1.954349130392074585e-01,5.458310618996620178e-02,-8.214291185140609741e-02,-1.161263212561607361e-01,-3.331010043621063232e-02,3.224106132984161377e-02,1.186380088329315186e-01,8.539409190416336060e-02,1.306808441877365112e-01,8.620904386043548584e-02,-1.174220305983908474e-04,-1.408374588936567307e-02,3.033831156790256500e-02,-3.673787042498588562e-02,2.467588521540164948e-02,7.055109739303588867e-02,1.069025024771690369e-01,9.300213307142257690e-02,9.460247308015823364e-02,4.471227899193763733e-02,5.169636011123657227e-02,7.322175055742263794e-02,-6.286867707967758179e-02,-2.929350174963474274e-02,6.554301828145980835e-02,1.984549462795257568e-01,9.211640805006027222e-02,3.815436363220214844e-02
1.525565832853317261e-01,3.675161302089691162e-01,5.642532929778099060e-02,-4.348398186266422272e-03,-1.016617268323898315e-01,-2.146061807870864868e-01,2.571116760373115540e-02,4.567002411931753159e-03,-1.145622581243515015e-01,-1.051387712359428406e-01,6.440676450729370117e-01,9.999998807907104492e-01,4.966450333595275879e-01,2.312187254428863525e-01,-8.534283936023712158e-02,1.078463196754455566e-01,4.285876750946044922e-01,4.281888604164123535e-01,1.470563113689422607e-01,1.353671550750732422e-01,3.758499398827552795e-02,-1.111306920647621155e-01,-1.420992165803909302e-01,-3.621127083897590637e-02,-2.827510237693786621e-02,-1.201707986183464527e-03,-5.991788953542709351e-02,-1.978743225336074829e-01,3.624924123287200928e-01,4.094236791133880615e-01,4.786484315991401672e-02,2.092485083267092705e-03,1.100942045450210571e-01,9.840074926614761353e-02,-4.922373965382575989e-02,1.195073202252388000e-01,1.240149065852165222e-01,1.081349402666091919e-01,1.707450300455093384e-02,1.730491593480110168e-02,2.235777080059051514e-01,2.499588131904602051e-01,1.368467807769775391e-01,1.410204023122787476e-01,7.651929557323455811e-02,1.451673060655593872e-01,1.047863736748695374e-01,1.560955792665481567e-01,8.188644796609878540e-02,6.285486370325088501e-02,8.753085136413574219e-02,1.364104896783828735e-01,-2.999456971883773804e-02,9.152449667453765869e-02,1.046077385544776917e-01,9.332398325204849243e-02,2.662116885185241699e-01,2.698757350444793701e-01,-2.915444038808345795e-02,-1.007560491561889648e-01,8.401535451412200928e-03,-5.263031646609306335e-02,1.626614332199096680e-01,1.498940587043762207e-01,5.002840608358383179e-02,-6.095733959227800369e-03,-4.004234448075294495e-03,6.621065735816955566e-02,1.422537118196487427e-01,1.478259563446044922e-01,9.172465652227401733e-02,1.362870186567306519e-01,1.525867879390716553e-01,8.163196593523025513e-02,1.085338667035102844e-01,5.777836218476295471e-02,3.230133280158042908e-02,1.972415670752525330e-02,2.500835359096527100e-01,2.190151214599609375e-01,2.985024750232696533e-01,2.728826999664306641e-01,-4.999669268727302551e-02,4.516335576772689819e-02,2.925350069999694824e-01,2.382874041795730591e-01,6.237708032131195068e-02,1.302843242883682251e-01,3.266078531742095947e-01,3.137196898460388184e-01,9.023678139783442020e-04,5.509349703788757324e-02,-2.583061158657073975e-02,1.912936568260192871e-01,5.934933200478553772e-02,7.908324897289276123e-02,1.344995349645614624e-01,6.789577752351760864e-02,1.160800531506538391e-01,1.079393327236175537e-01,4.636923968791961670e-02,-4.028799943625926971e-03,-3.782491385936737061e-02,-1.136662252247333527e-02,9.887721389532089233e-02,1.800519526004791260e-01,7.791280001401901245e-02,6.343951076269149780e-02,5.356619134545326233e-02,1.831289567053318024e-02,-4.234733432531356812e-02,3.635291010141372681e-02,2.400238811969757080e-01,1.669912636280059814e-01,6.730344891548156738e-02,8.933497220277786255e-02
3.210289180278778076e-01,3.127457201480865479e-01,2.445224225521087646e-01,-4.644507914781570435e-02,1.875768899917602539e-01,-1.495684776455163956e-02,3.711804449558258057e-01,2.848398685455322266e-01,2.480380833148956299e-01,1.418853700160980225e-01,5.610030293464660645e-01,4.966450333595275879e-01,9.999997615814208984e-01,5.359317660331726074e-01,1.545057892799377441e-01,2.087587863206863403e-01,1.209238991141319275e-01,1.283630579710006714e-01,-1.206295341253280640e-01,-1.354210078716278076e-01,1.865615136921405792e-02,-1.958831585943698883e-02,-8.918374776840209961e-02,1.133576631546020508e-01,8.345316350460052490e-02,1.336797177791595459e-01,-6.461541354656219482e-02,-2.013207226991653442e-02,4.004062116146087646e-01,3.518759310245513916e-01,2.158137410879135132e-01,1.980353444814682007e-01,-9.836495853960514069e-03,-9.373012185096740723e-02,-2.777455374598503113e-02,4.884945601224899292e-02,2.041720598936080933e-01,1.182729452848434448e-01,2.110721915960311890e-01,1.908147484064102173e-01,1.160513088107109070e-01,1.843419224023818970e-01,6.903299689292907715e-02,2.643539942800998688e-02,-7.499217242002487183e-02,-2.058116719126701355e-02,1.237838342785835266e-02,1.114889532327651978e-01,-1.568915247917175293e-01,2.140852855518460274e-03,-2.275827713310718536e-02,2.284303680062294006e-02,-6.578678637742996216e-02,8.040555566549301147e-02,1.002165898680686951e-01,3.255506977438926697e-02,1.878381967544555664e-01,9.077294170856475830e-02,-2.553270459175109863e-01,-2.380346655845642090e-01,-7.927992194890975952e-02,-1.348885446786880493e-01,-4.923297837376594543e-02,-5.631812661886215210e-02,-1.461530178785324097e-01,-1.582543551921844482e-01,-2.528015077114105225e-01,-2.001671940088272095e-01,6.255494803190231323e-02,1.168270483613014221e-01,-7.300075376406311989e-04,5.617065355181694031e-02,1.853876411914825439e-01,2.109198719263076782e-01,2.284825891256332397e-01,2.001889050006866455e-02,9.355237334966659546e-02,1.552752554416656494e-01,-2.666543005034327507e-03,-5.697130225598812103e-03,9.976801462471485138e-03,1.798421144485473633e-02,8.072654157876968384e-02,2.726812958717346191e-01,5.072581768035888672e-02,3.124262951314449310e-02,7.584134489297866821e-02,2.316727936267852783e-01,8.527889847755432129e-02,3.997312486171722412e-02,9.846124798059463501e-02,6.745138764381408691e-02,5.637264996767044067e-02,1.545497924089431763e-01,1.737873852252960205e-01,1.560614556074142456e-01,1.864209175109863281e-01,2.484097182750701904e-01,3.427657065913081169e-03,9.258337318897247314e-03,8.283666521310806274e-02,4.023413173854351044e-03,5.281348712742328644e-03,1.556441094726324081e-02,4.036546498537063599e-02,8.971666917204856873e-03,1.510686278343200684e-01,1.825413256883621216e-01,1.364958882331848145e-01,4.674076288938522339e-02,1.137507054954767227e-02,-8.770312368869781494e-02,1.252304296940565109e-02,-7.971266284584999084e-03,-2.243710495531558990e-02,-7.129818946123123169e-02
