9.999999403953552246e-01,6.821296811103820801e-01,4.156232476234436035e-01,1.730775684118270874e-01,6.136360391974449158e-02,-4.659668542444705963e-03,3.873195648193359375e-01,1.089559122920036316e-01,1.291746497154235840e-01,6.553430110216140747e-02,4.395824372768402100e-01,4.730158746242523193e-01,5.538436770439147949e-01,1.618250310420989990e-01,2.829394042491912842e-01,1.064600721001625061e-01,4.510409235954284668e-01,4.472702145576477051e-01,5.190230607986450195e-01,4.355389177799224854e-01,2.324763089418411255e-01,-2.399757504463195801e-02,-1.974451728165149689e-02,-7.022638805210590363e-03,2.221257053315639496e-02,4.192134737968444824e-02,1.577092260122299194e-01,1.065581589937210083e-01,2.704889774322509766e-01,8.044191449880599976e-02,1.414799839258193970e-01,8.542563021183013916e-02,6.259227991104125977e-01,4.615049958229064941e-01,2.423966825008392334e-01,1.340496838092803955e-01,3.362708091735839844e-01,8.715956658124923706e-02,2.076451778411865234e-01,2.025938481092453003e-01,1.791321039199829102e-01,1.490875184535980225e-01,3.711838126182556152e-01,5.112594366073608398e-01,2.568117082118988037e-01,5.195052027702331543e-01,4.294793903827667236e-01,4.856977760791778564e-01,5.538920164108276367e-01,5.852065682411193848e-01,5.403349995613098145e-01,4.416048228740692139e-01,4.590440690517425537e-01,4.510107338428497314e-01,1.160729825496673584e-01,3.127947747707366943e-01,7.201528549194335938e-01,5.978145599365234375e-01,6.706952452659606934e-01,5.147587656974792480e-01,7.225363850593566895e-01,4.484207332134246826e-01,6.330895423889160156e-01,5.486097931861877441e-01,2.211877703666687012e-01,6.391695886850357056e-02,5.565054416656494141e-01,6.115942597389221191e-01,6.424381136894226074e-01,4.655729532241821289e-01,6.931851804256439209e-02,1.129719894379377365e-02,3.771572709083557129e-01,2.240049242973327637e-01,3.197449743747711182e-01,1.465259045362472534e-01,3.781093657016754150e-01,3.215710520744323730e-01,4.280493855476379395e-01,2.807524204254150391e-01,4.803225696086883545e-01,5.396578907966613770e-01,1.832502037286758423e-01,4.049454927444458008e-01,4.527146220207214355e-01,5.078626275062561035e-01,-3.279288858175277710e-02,2.135396003723144531e-01,5.185199528932571411e-02,3.534694015979766846e-01,7.573546469211578369e-02,3.814414888620376587e-02,-1.826550625264644623e-02,-4.461764544248580933e-02,4.702503979206085205e-02,-4.127278178930282593e-02,1.617240458726882935e-01,2.185916155576705933e-01,3.291660547256469727e-01,2.759198248386383057e-01,3.471128642559051514e-02,-8.197156712412834167e-03,1.486440449953079224e-01,-4.118648916482925415e-02,1.047775894403457642e-01,9.310000576078891754e-03,-1.007553562521934509e-01,-1.081721708178520203e-01,-4.756388813257217407e-02,4.608015343546867371e-02,1.366067826747894287e-01,-6.683586537837982178e-02,-2.037685662508010864e-01,9.409347921609878540e-02,3.060024231672286987e-02,-1.685592532157897949e-01
6.821296811103820801e-01,1.000000357627868652e+00,3.705004453659057617e-01,8.353937417268753052e-02,6.225667148828506470e-02,-1.595867127180099487e-01,1.520718634128570557e-01,1.922904513776302338e-02,6.796197593212127686e-02,1.470056269317865372e-02,2.292192578315734863e-01,4.359081983566284180e-01,3.394913673400878906e-01,4.944862052798271179e-02,1.086250916123390198e-01,-1.465719044208526611e-01,2.377769500017166138e-01,2.389944195747375488e-01,3.195508718490600586e-01,2.516357004642486572e-01,2.046409994363784790e-01,2.653498388826847076e-02,-3.794006258249282837e-02,-7.604683190584182739e-02,1.902450174093246460e-01,1.457632184028625488e-01,2.559832334518432617e-01,1.553731709718704224e-01,1.315499991178512573e-01,2.887435071170330048e-02,-6.824399530887603760e-02,-1.084825396537780762e-01,4.811152517795562744e-01,3.821402192115783691e-01,2.399498410522937775e-02,-6.602252274751663208e-02,1.888885051012039185e-01,-2.360252737998962402e-01,1.548592299222946167e-01,-1.300941109657287598e-01,3.349982947111129761e-02,-7.348647713661193848e-02,1.487287431955337524e-01,4.015132784843444824e-01,-3.702189400792121887e-02,2.705757915973663330e-01,1.968697309494018555e-01,2.062191665172576904e-01,3.209454119205474854e-01,3.791522681713104248e-01,2.678860127925872803e-01,1.941191852092742920e-01,4.629517197608947754e-01,4.074428081512451172e-01,8.169785887002944946e-02,1.822793632745742798e-01,8.062885999679565430e-01,8.417141437530517578e-01,6.892854571342468262e-01,5.573797821998596191e-01,6.816844940185546875e-01,3.509755432605743408e-01,5.334030389785766602e-01,5.108528137207031250e-01,1.676350831985473633e-01,-6.599909812211990356e-02,4.372074604034423828e-01,4.905101358890533447e-01,6.765426397323608398e-01,6.358964443206787109e-01,2.196910604834556580e-02,-6.024882942438125610e-02,5.836492031812667847e-02,3.105624578893184662e-02,4.196904599666595459e-02,-2.058552345260977745e-03,9.010386653244495392e-03,-4.475209116935729980e-02,4.082619249820709229e-01,2.389283180236816406e-01,3.108271360397338867e-01,4.586507678031921387e-01,-7.373976986855268478e-04,2.139681726694107056e-01,1.723655462265014648e-01,2.532382309436798096e-01,5.610081553459167480e-02,2.993775308132171631e-01,7.564422208815813065e-03,1.700799763202667236e-01,-1.987708210945129395e-01,-1.916599422693252563e-01,-2.967700958251953125e-01,-1.805308759212493896e-01,1.382336299866437912e-02,-1.433622092008590698e-01,7.695636153221130371e-02,-4.662522301077842712e-02,1.126457452774047852e-01,8.986911922693252563e-02,-1.147538870573043823e-01,-5.592261254787445068e-02,-2.226158417761325836e-02,3.437044471502304077e-02,-3.791432455182075500e-02,-6.260439008474349976e-02,-2.065509110689163208e-01,-1.011565551161766052e-01,-8.836820721626281738e-02,6.525530666112899780e-02,-2.317148260772228241e-02,-3.044744953513145447e-02,-1.403336226940155029e-01,7.555836439132690430e-02,-2.113213241100311279e-01,-2.102017253637313843e-01
4.156232476234436035e-01,3.705004453659057617e-01,1.000000476837158203e+00,3.698920607566833496e-01,2.280952483415603638e-01,5.847335979342460632e-02,6.142354011535644531e-01,2.087992876768112183e-01,2.498316466808319092e-01,2.091273367404937744e-01,8.039917051792144775e-02,2.321765571832656860e-01,2.415253818035125732e-01,8.353246003389358521e-02,2.766925990581512451e-01,5.391214415431022644e-02,-2.718299068510532379e-02,-2.198316715657711029e-02,3.292865157127380371e-01,2.732282280921936035e-01,2.368087470531463623e-01,4.329010099172592163e-02,4.344382584095001221e-01,3.217617571353912354e-01,3.576674163341522217e-01,3.436389267444610596e-01,3.930394053459167480e-01,2.874531745910644531e-01,-8.736437559127807617e-02,2.456382475793361664e-02,1.773971468210220337e-01,9.449889510869979858e-02,2.618727385997772217e-01,2.267204076051712036e-01,1.282186359167098999e-01,-8.134663850069046021e-02,1.600085645914077759e-01,-1.856929063796997070e-01,1.533698886632919312e-01,-1.280275136232376099e-01,1.150831133127212524e-01,-8.190468885004520416e-03,3.241210430860519409e-02,1.356244385242462158e-01,9.012523293495178223e-02,3.838742151856422424e-02,-1.545581966638565063e-02,5.955352261662483215e-02,6.800407171249389648e-02,6.700270622968673706e-02,1.917070597410202026e-01,7.480955123901367188e-02,1.596474647521972656e-02,2.123988121747970581e-01,5.720433965325355530e-02,1.171749159693717957e-01,3.016548454761505127e-01,3.268560767173767090e-01,2.797209620475769043e-01,2.557919323444366455e-01,2.632456123828887939e-01,1.780090332031250000e-01,2.010053545236587524e-01,4.835703969001770020e-02,2.973067462444305420e-01,9.506315737962722778e-02,2.034047693014144897e-01,1.371923536062240601e-01,2.734424471855163574e-01,2.512734830379486084e-01,-1.206743251532316208e-02,-4.681518301367759705e-03,-2.326847612857818604e-02,-1.777832955121994019e-02,1.051145140081644058e-02,3.455035388469696045e-02,-8.886000141501426697e-04,-8.968904614448547363e-03,4.509997740387916565e-02,4.859289899468421936e-02,5.926508083939552307e-02,7.659405469894409180e-02,8.104699850082397461e-02,2.653202787041664124e-02,1.310857087373733521e-01,1.508151441812515259e-01,1.338189691305160522e-01,1.164975836873054504e-01,1.135642901062965393e-01,1.484508812427520752e-01,-4.904314875602722168e-02,-3.901660442352294922e-02,-8.075109869241714478e-02,1.377868503332138062e-01,6.820259243249893188e-02,-9.691672399640083313e-03,1.271530240774154663e-01,1.183923147618770599e-02,5.568958353251218796e-03,1.066250130534172058e-01,5.016728118062019348e-02,7.520677149295806885e-02,5.725289508700370789e-02,-4.392305761575698853e-02,3.314486145973205566e-02,-8.254129439592361450e-03,-9.284619241952896118e-02,2.051726356148719788e-02,3.859303146600723267e-02,7.881859689950942993e-02,-2.615216188132762909e-02,-3.233467414975166321e-02,-1.246955469250679016e-01,5.345049500465393066e-02,-2.262406609952449799e-02,-1.299696266651153564e-01
1.730775684118270874e-01,8.353937417268753052e-02,3.698920607566833496e-01,9.999997615814208984e-01,9.654580056667327881e-02,4.395475983619689941e-01,3.449740409851074219e-01,6.417591571807861328e-01,1.064890250563621521e-01,3.921824097633361816e-01,1.728495806455612183e-01,2.129001468420028687e-01,1.090739145874977112e-01,1.382183432579040527e-01,1.484503746032714844e-01,2.827429473400115967e-01,5.762078985571861267e-02,1.492343246936798096e-01,3.462728857994079590e-01,5.722382664680480957e-01,1.534515470266342163e-01,1.151035577058792114e-01,3.646882474422454834e-01,6.959531903266906738e-01,1.145506501197814941e-01,3.143669962882995605e-01,1.739560663700103760e-01,3.249414265155792236e-01,-2.799220941960811615e-02,-1.016041450202465057e-02,2.865690588951110840e-01,3.752669095993041992e-01,2.979831397533416748e-01,4.014292657375335693e-01,2.535418272018432617e-01,1.853030771017074585e-01,1.879414618015289307e-01,2.641540579497814178e-02,1.098124608397483826e-01,1.087051331996917725e-01,2.054975479841232300e-01,-2.969974279403686523e-02,4.759712144732475281e-02,-4.734733700752258301e-02,1.298390179872512817e-01,1.417629569768905640e-01,-5.363867059350013733e-02,8.982083760201931000e-03,3.766293078660964966e-02,2.521927356719970703e-01,1.601319164037704468e-01,3.290339708328247070e-01,-1.129901856184005737e-01,1.432970613241195679e-01,1.175731234252452850e-02,5.492316558957099915e-03,9.022503346204757690e-02,4.908687248826026917e-02,1.379483193159103394e-01,2.601405680179595947e-01,1.115996316075325012e-01,4.323592185974121094e-01,5.344993900507688522e-03,7.931202650070190430e-02,1.271376162767410278e-01,4.887217283248901367e-01,1.859391778707504272e-01,2.017578780651092529e-01,7.802332937717437744e-02,-8.611124008893966675e-02,8.101247251033782959e-03,1.314412384090246633e-05,9.284731745719909668e-02,7.923599332571029663e-02,8.309768140316009521e-02,1.012946888804435730e-01,2.212324291467666626e-01,2.095209956169128418e-01,-8.201274275779724121e-02,-5.504903197288513184e-02,-1.051951944828033447e-01,-4.494184255599975586e-02,1.853554882109165192e-02,4.164383560419082642e-02,2.020257711410522461e-01,4.047586619853973389e-01,-1.154179684817790985e-03,2.816393272951245308e-03,1.346811652183532715e-01,2.914502620697021484e-01,7.180508971214294434e-02,6.920214742422103882e-02,1.779452562332153320e-01,8.950840681791305542e-02,3.724566893652081490e-03,-7.624707370996475220e-02,-1.836528256535530090e-02,2.829565294086933136e-02,1.094193831086158752e-01,7.892620563507080078e-02,1.269311010837554932e-01,-2.648469433188438416e-02,1.066131889820098877e-01,-1.735025346279144287e-01,1.072698161005973816e-01,-7.920477539300918579e-02,-1.275808513164520264e-01,-7.500647753477096558e-02,-6.372569501399993896e-02,-1.009393483400344849e-01,-1.661902368068695068e-01,-6.884276121854782104e-02,-2.587822675704956055e-01,-8.961297571659088135e-02,8.832522481679916382e-02,-7.160483300685882568e-02
6.136360391974449158e-02,6.225667148828506470e-02,2.280952483415603638e-01,9.654580056667327881e-02,1.000000119209289551e+00,5.974681377410888672e-01,2.201341390609741211e-01,1.572443395853042603e-01,7.559921741485595703e-01,4.251562058925628662e-01,-3.840099573135375977e-01,-1.219773199409246445e-02,-1.300312578678131104e-01,1.269589811563491821e-01,6.742898821830749512e-01,6.818867474794387817e-02,-3.001338243484497070e-01,-1.748941689729690552e-01,1.614515930414199829e-01,1.445441097021102905e-01,5.130012631416320801e-01,2.951514720916748047e-01,1.620469391345977783e-01,9.627140313386917114e-02,5.620177984237670898e-01,3.994482755661010742e-01,5.619711279869079590e-01,5.075323581695556641e-01,-2.194892913103103638e-01,-1.808812022209167480e-01,-9.077236801385879517e-02,-1.925590187311172485e-01,-1.049160957336425781e-02,-3.000614792108535767e-02,2.273606136441230774e-02,-1.371375620365142822e-01,3.768216669559478760e-01,-2.479780316352844238e-01,5.171781182289123535e-01,-1.163395866751670837e-01,3.024215698242187500e-01,1.025383099913597107e-01,2.438301742076873779e-01,2.480059415102005005e-01,1.949200332164764404e-01,5.294622108340263367e-02,1.515368819236755371e-01,1.885483115911483765e-01,1.071904897689819336e-01,-3.118667379021644592e-02,1.302670836448669434e-01,-4.932759329676628113e-02,2.057855017483234406e-02,3.146585226058959961e-01,2.385868728160858154e-01,2.681470811367034912e-01,6.584069877862930298e-02,5.229379981756210327e-02,1.092896759510040283e-01,8.739234507083892822e-02,1.309928148984909058e-01,-3.682970255613327026e-02,1.461991369724273682e-01,-2.321728169918060303e-01,3.247092664241790771e-01,-2.380553185939788818e-01,6.310854107141494751e-02,-3.344723582267761230e-02,1.713958531618118286e-01,8.003943413496017456e-02,-1.868903338909149170e-01,-2.278686463832855225e-01,-1.478917002677917480e-01,-4.285936057567596436e-01,-3.758596256375312805e-02,-3.900579512119293213e-01,-1.964018493890762329e-01,-2.687988877296447754e-01,-6.723427772521972656e-02,-6.931519508361816406e-02,2.426677346229553223e-01,8.626421540975570679e-02,3.995136320590972900e-01,6.769593805074691772e-02,1.213049292564392090e-01,1.263169050216674805e-01,4.898754954338073730e-01,2.144345315173268318e-03,4.319845736026763916e-01,1.436139792203903198e-01,9.372875839471817017e-02,6.895296275615692139e-02,-1.903499066829681396e-01,1.851957589387893677e-01,1.991704255342483521e-01,6.381299346685409546e-02,3.381065428256988525e-01,1.339302659034729004e-01,-5.461355671286582947e-02,2.527678906917572021e-01,3.186967689543962479e-03,2.276078611612319946e-01,-4.073716991115361452e-04,6.234621256589889526e-02,7.518704235553741455e-02,7.345241308212280273e-02,2.854397334158420563e-02,8.772017061710357666e-02,1.510984450578689575e-01,3.002692759037017822e-01,2.795103788375854492e-01,8.999978750944137573e-02,6.292117387056350708e-02,9.606981277465820312e-02,-3.584560006856918335e-02,-4.822692833840847015e-03
-4.659668542444705963e-03,-1.595867127180099487e-01,5.847335979342460632e-02,4.395475983619689941e-01,5.974681377410888672e-01,1.000000119209289551e+00,1.617923676967620850e-01,4.321675896644592285e-01,5.910971164703369141e-01,6.319693326950073242e-01,-2.029456049203872681e-01,2.356744743883609772e-02,-7.669056951999664307e-02,2.475014775991439819e-01,5.689705014228820801e-01,3.674175143241882324e-01,-1.893703937530517578e-01,2.442037314176559448e-02,1.637434363365173340e-01,2.529687583446502686e-01,3.789798617362976074e-01,2.763079404830932617e-01,1.836439222097396851e-01,3.329716324806213379e-01,3.007637262344360352e-01,3.294530212879180908e-01,3.053188920021057129e-01,4.462163746356964111e-01,-1.237172931432723999e-01,-7.374511659145355225e-02,3.825937211513519287e-02,3.404970094561576843e-02,-1.697866991162300110e-02,1.052892021834850311e-02,3.138066455721855164e-02,-5.710242316126823425e-02,3.119742274284362793e-01,6.019168067723512650e-03,3.810004293918609619e-01,1.483782231807708740e-01,2.589417397975921631e-01,1.554097086191177368e-01,1.875562071800231934e-01,8.729010820388793945e-02,2.694121301174163818e-01,1.212289184331893921e-01,1.213373765349388123e-01,1.689996868371963501e-01,9.782017767429351807e-02,8.629601448774337769e-02,1.030465885996818542e-01,1.070810779929161072e-01,-1.352336555719375610e-01,1.945804208517074585e-01,1.961344778537750244e-01,2.361817955970764160e-01,-7.577302306890487671e-02,-1.422072499990463257e-01,-4.026717040687799454e-03,9.546762332320213318e-03,1.615927554666996002e-02,1.398638933897018433e-01,6.704293657094240189e-03,-1.813038289546966553e-01,1.888870149850845337e-01,2.502182871103286743e-02,-3.403013572096824646e-02,-3.534241393208503723e-02,-3.210702212527394295e-03,-1.892751008272171021e-01,-1.932106614112854004e-01,-2.245397567749023438e-01,6.313744932413101196e-02,-2.358778417110443115e-01,1.045080125331878662e-01,-1.853392422199249268e-01,-3.929892554879188538e-03,-5.657750368118286133e-02,-1.054711118340492249e-01,-2.297122590243816376e-02,1.501809805631637573e-01,2.577639557421207428e-02,3.275291323661804199e-01,4.687358438968658447e-02,1.972617805004119873e-01,2.694151401519775391e-01,3.097399771213531494e-01,-1.096040159463882446e-01,3.871220946311950684e-01,2.880052030086517334e-01,1.881912350654602051e-01,1.667129397392272949e-01,5.047939717769622803e-02,2.026184946298599243e-01,1.339408755302429199e-01,1.129066720604896545e-01,2.247763723134994507e-01,1.741266548633575439e-01,6.517585366964340210e-02,2.384116053581237793e-01,1.567456275224685669e-01,1.627906262874603271e-01,1.484000384807586670e-01,-3.455061465501785278e-03,2.102463990449905396e-01,7.624543458223342896e-02,4.173496365547180176e-02,4.888119641691446304e-03,9.863594919443130493e-02,2.403751313686370850e-01,2.186556905508041382e-01,-6.420449167490005493e-02,-9.631232172250747681e-02,-1.417527324520051479e-03,1.768134832382202148e-01,8.354032039642333984e-02
3.873195648193359375e-01,1.520718634128570557e-01,6.142354011535644531e-01,3.449740409851074219e-01,2.201341390609741211e-01,1.617923676967620850e-01,9.999999403953552246e-01,4.758984148502349854e-01,2.376509755849838257e-01,1.252466887235641479e-01,1.483838856220245361e-01,6.090734153985977173e-02,4.470049440860748291e-01,6.197673082351684570e-02,2.251080125570297241e-01,1.228841487318277359e-03,1.048383042216300964e-01,4.733348265290260315e-03,4.656009972095489502e-01,3.954223394393920898e-01,1.682477891445159912e-01,1.465881895273923874e-02,3.313309252262115479e-01,2.382411509752273560e-01,5.776463449001312256e-02,4.417720809578895569e-02,1.210294663906097412e-01,8.296203613281250000e-02,1.089946255087852478e-01,7.629026076756417751e-04,2.798363864421844482e-01,2.117910683155059814e-01,3.104687035083770752e-01,3.191148340702056885e-01,2.302309572696685791e-01,1.059825047850608826e-01,1.823618710041046143e-01,-8.077596127986907959e-02,1.480588614940643311e-01,-8.806119672954082489e-03,1.085194498300552368e-01,8.610525727272033691e-02,1.777957826852798462e-01,1.183359771966934204e-01,2.840797007083892822e-01,1.762106269598007202e-01,7.057625055313110352e-02,1.345003247261047363e-01,2.032232582569122314e-01,1.731643527746200562e-01,2.826546728610992432e-01,2.639130651950836182e-01,-9.936598688364028931e-02,2.137413173913955688e-01,9.027128666639328003e-02,2.026680111885070801e-01,9.583267569541931152e-02,4.223034530878067017e-02,2.167314887046813965e-01,2.483789026737213135e-01,1.959166526794433594e-01,2.557437121868133545e-01,2.849718630313873291e-01,1.230842173099517822e-01,3.642490804195404053e-01,2.086594700813293457e-01,2.830012440681457520e-01,2.077449113130569458e-01,2.258346378803253174e-01,3.007288277149200439e-02,2.667735330760478973e-02,1.262335330247879028e-01,2.470294684171676636e-01,1.264390796422958374e-01,2.450348436832427979e-01,1.760106533765792847e-01,2.307932227849960327e-01,1.944053024053573608e-01,5.749604851007461548e-02,5.235192831605672836e-03,1.216215714812278748e-01,1.012495979666709900e-01,7.066201418638229370e-02,4.354568943381309509e-02,1.646027117967605591e-01,2.320053428411483765e-01,2.880134992301464081e-02,3.647114383056759834e-03,1.206010803580284119e-01,2.572751939296722412e-01,1.999479383230209351e-01,1.691856384277343750e-01,1.564812809228897095e-01,2.228453159332275391e-01,1.435624361038208008e-01,8.956806361675262451e-02,1.670416146516799927e-01,1.387585848569869995e-01,1.385861486196517944e-01,2.286317199468612671e-01,9.878782927989959717e-02,2.181231230497360229e-01,9.231831133365631104e-02,-2.719479240477085114e-02,1.040655747056007385e-01,2.840740606188774109e-02,-8.118715137243270874e-02,-2.490858919918537140e-02,-3.861863864585757256e-03,1.561471074819564819e-01,6.180001422762870789e-02,-1.410551518201828003e-01,-1.450855731964111328e-01,6.021212413907051086e-02,1.316150426864624023e-01,-1.484589129686355591e-01
1.089559122920036316e-01,1.922904513776302338e-02,2.087992876768112183e-01,6.417591571807861328e-01,1.572443395853042603e-01,4.321675896644592285e-01,4.758984148502349854e-01,9.999998211860656738e-01,1.591452509164810181e-01,4.366739690303802490e-01,1.140171065926551819e-01,2.267637997865676880e-01,2.243746668100357056e-01,3.456634879112243652e-01,8.709474653005599976e-02,2.225228697061538696e-01,5.228918045759201050e-02,1.209306269884109497e-01,2.612976431846618652e-01,3.635014891624450684e-01,3.551314398646354675e-02,5.635708104819059372e-03,1.101911962032318115e-01,3.441941440105438232e-01,-5.779712274670600891e-02,9.784709662199020386e-02,-3.656081482768058777e-02,9.852735698223114014e-02,3.597986325621604919e-02,2.560810372233390808e-02,2.121337950229644775e-01,2.772144675254821777e-01,2.426385730504989624e-01,3.274554014205932617e-01,9.661852568387985229e-02,9.892578423023223877e-02,8.278604596853256226e-02,-3.647394478321075439e-02,4.171480983495712280e-02,2.561951987445354462e-03,7.698945701122283936e-02,-5.767403170466423035e-02,-2.454353123903274536e-02,-7.842966169118881226e-02,8.538198471069335938e-02,6.349531561136245728e-02,-6.785386800765991211e-02,-3.878387808799743652e-02,-5.872485693544149399e-03,1.091259717941284180e-01,6.365532428026199341e-02,1.746501773595809937e-01,-1.106500029563903809e-01,5.543935298919677734e-02,9.282872080802917480e-02,7.104217261075973511e-02,-7.083518058061599731e-02,-9.502129256725311279e-02,-2.649276331067085266e-02,1.120787486433982849e-01,1.533771865069866180e-02,4.236201345920562744e-01,9.129244089126586914e-02,1.151999086141586304e-01,1.661782860755920410e-01,3.021273910999298096e-01,3.882305324077606201e-02,4.468971863389015198e-02,-7.271605730056762695e-02,-2.004490494728088379e-01,-2.901153638958930969e-02,3.965097013860940933e-03,1.284495890140533447e-01,1.064681485295295715e-01,1.191061362624168396e-01,1.274292021989822388e-01,1.827837973833084106e-01,1.954500675201416016e-01,-5.360981822013854980e-02,-8.937454223632812500e-02,-9.997010231018066406e-02,-7.249797880649566650e-02,-8.541951328516006470e-02,-8.517795056104660034e-02,8.446580916643142700e-02,2.325870990753173828e-01,3.647259995341300964e-02,-4.104176536202430725e-02,1.521000564098358154e-01,2.576109766960144043e-01,1.165117099881172180e-01,5.174018815159797668e-02,1.052529662847518921e-01,3.772486001253128052e-02,5.359481275081634521e-02,-1.057671010494232178e-02,-1.589262671768665314e-02,-2.323864400386810303e-02,9.012082219123840332e-02,1.153605505824089050e-01,1.517427712678909302e-01,1.140140295028686523e-01,8.140216022729873657e-02,-6.972466409206390381e-02,4.587826877832412720e-02,-9.944382309913635254e-02,-1.065915599465370178e-01,-3.750699013471603394e-02,-1.140653714537620544e-01,-2.290724404156208038e-02,-1.727859079837799072e-01,-1.575361639261245728e-01,-2.418880164623260498e-01,-2.150795795023441315e-02,7.223102450370788574e-02,-3.518663719296455383e-02
1.291746497154235840e-01,6.796197593212127686e-02,2.498316466808319092e-01,1.064890250563621521e-01,7.559921741485595703e-01,5.910971164703369141e-01,2.376509755849838257e-01,1.591452509164810181e-01,1.000000000000000000e+00,5.197714567184448242e-01,-3.934760689735412598e-01,1.529396027326583862e-01,-9.340124577283859253e-02,2.817221879959106445e-01,7.099497318267822266e-01,1.446203589439392090e-01,-3.569209873676300049e-01,-1.580244004726409912e-01,5.169245228171348572e-02,3.353370726108551025e-02,5.880539417266845703e-01,3.154045641422271729e-01,7.354082167148590088e-02,3.264475986361503601e-02,5.110753178596496582e-01,3.860148191452026367e-01,5.050417184829711914e-01,4.680429399013519287e-01,-3.532634973526000977e-01,-1.488206237554550171e-01,-1.670236587524414062e-01,-2.764352262020111084e-01,-8.933151140809059143e-03,-5.066424235701560974e-02,-9.873903542757034302e-02,-2.399037480354309082e-01,3.536086380481719971e-01,-2.861869931221008301e-01,5.002315640449523926e-01,-1.341050714254379272e-01,2.124935239553451538e-01,5.565894395112991333e-02,1.364012211561203003e-01,2.017886936664581299e-01,8.444426208734512329e-02,-6.888829171657562256e-02,6.535126268863677979e-02,1.486180424690246582e-01,5.034463107585906982e-02,-8.440887182950973511e-02,4.693872854113578796e-02,-1.477517634630203247e-01,-1.009800191968679428e-02,2.684089243412017822e-01,1.446344107389450073e-01,1.790449768304824829e-01,9.508319944143295288e-02,8.014776557683944702e-02,7.166690379381179810e-02,5.260996520519256592e-02,1.692721694707870483e-01,3.403230011463165283e-02,1.929287165403366089e-01,-2.322828918695449829e-01,2.967093586921691895e-01,-2.964477837085723877e-01,-7.453142106533050537e-02,-1.416383832693099976e-01,1.284736841917037964e-01,6.477154046297073364e-02,-3.115265667438507080e-01,-3.323327600955963135e-01,-1.711550951004028320e-01,-4.281295239925384521e-01,-7.410161197185516357e-02,-3.961535096168518066e-01,-2.243832349777221680e-01,-3.167516887187957764e-01,-9.912404417991638184e-02,-8.465694636106491089e-02,2.074467241764068604e-01,7.924904674291610718e-02,3.555098474025726318e-01,4.640766233205795288e-02,6.717519462108612061e-02,1.011267304420471191e-01,4.129182696342468262e-01,2.346242219209671021e-02,3.496144115924835205e-01,1.635212451219558716e-01,-2.485893201082944870e-03,-5.559427663683891296e-03,-2.376167178153991699e-01,1.097490042448043823e-01,1.447429656982421875e-01,8.852537721395492554e-03,2.713786959648132324e-01,5.244107916951179504e-02,-9.258576482534408569e-02,1.586324423551559448e-01,-3.038735873997211456e-02,1.304582804441452026e-01,-1.079926500096917152e-03,9.179333224892616272e-03,5.966885015368461609e-02,6.959578394889831543e-02,1.048433408141136169e-01,8.220946788787841797e-02,6.892769038677215576e-02,2.764717340469360352e-01,3.164970278739929199e-01,-7.529696822166442871e-02,-5.816970020532608032e-02,3.559822589159011841e-02,-4.368866607546806335e-02,4.974200949072837830e-02
6.553430110216140747e-02,1.470056269317865372e-02,2.091273367404937744e-01,3.921824097633361816e-01,4.251562058925628662e-01,6.319693326950073242e-01,1.252466887235641479e-01,4.366739690303802490e-01,5.197714567184448242e-01,1.000000119209289551e+00,-1.660921275615692139e-01,3.347609043121337891e-01,-8.791197836399078369e-02,5.283470153808593750e-01,4.081417918205261230e-01,5.040368437767028809e-01,-2.313793748617172241e-01,7.908396422863006592e-02,8.507165312767028809e-02,1.013171449303627014e-01,2.092331349849700928e-01,1.430178731679916382e-01,7.221132516860961914e-02,1.379269659519195557e-01,3.238132596015930176e-01,3.867911100387573242e-01,3.261314332485198975e-01,4.273978471755981445e-01,-2.479718476533889771e-01,4.531949386000633240e-02,-5.657583102583885193e-02,-7.329160720109939575e-02,-3.293279185891151428e-02,-4.811239615082740784e-02,-1.244138181209564209e-01,-2.265421748161315918e-01,1.814811229705810547e-01,-5.615713819861412048e-02,1.934635639190673828e-01,4.650789871811866760e-02,2.504993081092834473e-01,7.308158278465270996e-02,-9.954895079135894775e-02,-2.432349324226379395e-02,7.018145639449357986e-03,-6.191110238432884216e-02,-6.593411415815353394e-02,1.914364402182400227e-03,-7.961609214544296265e-02,-7.088743150234222412e-02,-9.955097734928131104e-02,-1.285392493009567261e-01,-3.560736402869224548e-02,1.452700048685073853e-01,6.372319906949996948e-02,4.608856141567230225e-02,2.676085010170936584e-02,5.738244950771331787e-02,-3.190902620553970337e-02,-4.680869728326797485e-02,2.189541049301624298e-02,1.957902759313583374e-01,-4.844648065045475960e-04,-2.022670023143291473e-02,4.326132684946060181e-02,-1.129472255706787109e-01,-1.211993172764778137e-01,-1.635278016328811646e-01,-2.454419434070587158e-02,-6.919518113136291504e-02,-2.186551988124847412e-01,-2.702045142650604248e-01,-1.399831771850585938e-01,-2.395056188106536865e-01,-1.456126868724822998e-01,-2.424053698778152466e-01,-1.074010506272315979e-01,-9.411019831895828247e-02,-1.700730919837951660e-01,-3.133145347237586975e-02,1.720409654080867767e-02,2.956201322376728058e-02,2.320431470870971680e-01,7.039058487862348557e-03,1.246620193123817444e-01,2.211942821741104126e-01,2.085781693458557129e-01,-7.730000466108322144e-02,1.807523220777511597e-01,2.420941293239593506e-01,-2.168301306664943695e-02,-9.927874803543090820e-02,-8.904121071100234985e-02,2.521207556128501892e-02,9.192220121622085571e-02,8.403281867504119873e-02,2.153625339269638062e-02,-2.633826620876789093e-02,-9.334327280521392822e-02,3.085566870868206024e-02,1.131762266159057617e-01,-5.936180707067251205e-03,9.815496206283569336e-02,-6.935283541679382324e-02,3.721843287348747253e-02,-7.881235331296920776e-02,4.284690320491790771e-02,1.709542796015739441e-02,-2.301258780062198639e-02,5.755016580224037170e-02,-6.131039932370185852e-02,-6.073303893208503723e-02,-1.398607045412063599e-01,2.826657705008983612e-02,3.416578099131584167e-02,9.203674644231796265e-02
4.395824372768402100e-01,2.292192578315734863e-01,8.039917051792144775e-02,1.728495806455612183e-01,-3.840099573135375977e-01,-2.029456049203872681e-01,1.483838856220245361e-01,1.140171065926551819e-01,-3.934760689735412598e-01,-1.660921275615692139e-01,1.000000119209289551e+00,3.781905770301818848e-01,6.206321716308593750e-01,8.835080265998840332e-02,-1.809248328208923340e-01,2.717815041542053223e-01,7.377387881278991699e-01,6.432997584342956543e-01,2.909537851810455322e-01,3.385615348815917969e-01,-3.767696321010589600e-01,-2.453146576881408691e-01,9.029372036457061768e-02,1.356232911348342896e-01,-3.039870560169219971e-01,-7.714600861072540283e-02,-3.127476572990417480e-01,-2.982403039932250977e-01,6.296829581260681152e-01,4.201940298080444336e-01,5.478006005287170410e-01,5.828018784523010254e-01,4.534756243228912354e-01,4.327895641326904297e-01,3.890039622783660889e-01,4.157983064651489258e-01,-7.725325226783752441e-02,4.816567897796630859e-01,-2.434561550617218018e-01,3.631566762924194336e-01,-1.328344941139221191e-01,1.244581565260887146e-01,1.237870752811431885e-01,1.622937023639678955e-01,2.812887132167816162e-01,4.994203448295593262e-01,2.680470645427703857e-01,2.791861295700073242e-01,3.534572422504425049e-01,4.859192371368408203e-01,3.512259721755981445e-01,5.110563039779663086e-01,2.459223866462707520e-01,-2.439288422465324402e-02,-1.376477908343076706e-02,1.351541280746459961e-01,1.927881687879562378e-01,1.361387968063354492e-01,2.093227803707122803e-01,1.019055619835853577e-01,2.183092087507247925e-01,2.897568345069885254e-01,1.905205100774765015e-01,5.222565531730651855e-01,-1.107081919908523560e-01,4.124252498149871826e-01,3.328800201416015625e-01,5.018648505210876465e-01,2.280939072370529175e-01,1.653728783130645752e-01,3.536431789398193359e-01,3.936899006366729736e-01,5.330369472503662109e-01,7.025031447410583496e-01,3.755854368209838867e-01,6.328827142715454102e-01,6.022562980651855469e-01,6.134725213050842285e-01,2.982139289379119873e-01,3.932282328605651855e-01,1.904529035091400146e-01,3.793252408504486084e-01,-5.098565481603145599e-03,1.245346814393997192e-01,3.013824522495269775e-01,3.583398163318634033e-01,-2.210687696933746338e-01,9.954752773046493530e-02,-5.872646346688270569e-02,2.841085493564605713e-01,3.310244083404541016e-01,2.420716285705566406e-01,4.090629220008850098e-01,1.172082349658012390e-01,-1.581571251153945923e-01,2.969148010015487671e-02,-1.039562746882438660e-01,1.064146384596824646e-01,3.882236182689666748e-01,1.964477747678756714e-01,2.392453849315643311e-01,3.984384611248970032e-02,2.736121118068695068e-01,-1.144991964101791382e-01,1.093986257910728455e-01,-2.965730801224708557e-02,-1.890515722334384918e-02,-3.108867071568965912e-02,-1.213979274034500122e-01,-2.835825979709625244e-01,-1.161186769604682922e-01,-1.471537649631500244e-01,-7.736143469810485840e-02,8.907156437635421753e-02,2.620310783386230469e-01,-1.019267588853836060e-01
4.730158746242523193e-01,4.359081983566284180e-01,2.321765571832656860e-01,2.129001468420028687e-01,-1.219773199409246445e-02,2.356744743883609772e-02,6.090734153985977173e-02,2.267637997865676880e-01,1.529396027326583862e-01,3.347609043121337891e-01,3.781905770301818848e-01,9.999997019767761230e-01,3.221202492713928223e-01,6.223398447036743164e-01,1.376771181821823120e-01,4.489036500453948975e-01,2.702295482158660889e-01,4.985700249671936035e-01,8.259925991296768188e-02,1.145322248339653015e-01,-5.619880184531211853e-02,-1.264499127864837646e-01,-3.332955390214920044e-02,1.952945068478584290e-02,8.362392336130142212e-02,2.557447850704193115e-01,4.327464848756790161e-02,7.614467293024063110e-02,1.164539754390716553e-01,3.938710093498229980e-01,1.956170052289962769e-01,1.612761467695236206e-01,3.408401310443878174e-01,2.541145682334899902e-01,9.693193249404430389e-03,-8.960747718811035156e-02,5.620059370994567871e-02,1.558031141757965088e-01,-5.092423781752586365e-02,1.153899952769279480e-01,-6.472322344779968262e-02,1.456201076507568359e-02,-5.151296779513359070e-02,2.466851323843002319e-01,-2.113141305744647980e-02,1.897253394126892090e-01,9.458086639642715454e-02,1.965072154998779297e-01,2.208568900823593140e-01,2.913492023944854736e-01,1.624270379543304443e-01,1.649211198091506958e-01,3.486247658729553223e-01,1.369521021842956543e-01,-2.122590132057666779e-02,3.805119171738624573e-02,3.554199934005737305e-01,4.070241451263427734e-01,1.957946270704269409e-01,9.540934860706329346e-02,3.449216187000274658e-01,3.887739181518554688e-01,2.647050023078918457e-01,4.530410468578338623e-01,-1.419695373624563217e-02,3.175050392746925354e-02,8.215447515249252319e-02,2.294884473085403442e-01,1.949747651815414429e-01,2.986915409564971924e-01,-5.185163393616676331e-02,1.995819620788097382e-02,1.256009191274642944e-01,3.017915487289428711e-01,1.674736477434635162e-02,1.402271687984466553e-01,1.887263357639312744e-01,2.259669452905654907e-01,1.911334693431854248e-01,3.410913944244384766e-01,1.391702741384506226e-01,3.831909000873565674e-01,5.440580472350120544e-02,4.162015020847320557e-02,1.966404318809509277e-01,3.526200950145721436e-01,-5.055823363363742828e-03,1.553815305233001709e-01,2.001241967082023621e-02,2.408881336450576782e-01,3.923249430954456329e-03,-1.128843277692794800e-01,-3.031420521438121796e-02,-8.649677783250808716e-02,-1.228057965636253357e-01,-9.208721667528152466e-02,-1.171719059348106384e-01,-1.089677512645721436e-01,1.181832626461982727e-01,1.990811154246330261e-02,1.498849838972091675e-01,-8.447078615427017212e-02,1.181420534849166870e-01,-2.137186825275421143e-01,-7.892470061779022217e-02,-1.881501972675323486e-01,-2.621877472847700119e-03,-4.592396691441535950e-02,-9.208402037620544434e-02,-1.676774322986602783e-01,-6.711430847644805908e-02,-1.837705969810485840e-01,-1.384444981813430786e-01,8.128379285335540771e-02,-2.000877400860190392e-03,-6.699635833501815796e-02
5.538436770439147949e-01,3.394913673400878906e-01,2.415253818035125732e-01,1.090739145874977112e-01,-1.300312578678131104e-01,-7.669056951999664307e-02,4.470049440860748291e-01,2.243746668100357056e-01,-9.340124577283859253e-02,-8.791197836399078369e-02,6.206321716308593750e-01,3.221202492713928223e-01,9.999998211860656738e-01,2.080361098051071167e-01,7.905302941799163818e-02,1.370156556367874146e-01,5.656069517135620117e-01,4.784030616283416748e-01,3.384203910827636719e-01,2.608207464218139648e-01,-1.282770633697509766e-01,-1.720179766416549683e-01,2.115072496235370636e-02,-7.569442968815565109e-03,-2.721255421638488770e-01,-1.514273285865783691e-01,-1.793181449174880981e-01,-2.012576609849929810e-01,5.023167133331298828e-01,2.767004668712615967e-01,3.112084567546844482e-01,2.940053343772888184e-01,3.962786197662353516e-01,3.171916604042053223e-01,1.625696569681167603e-01,1.872253119945526123e-01,5.917757004499435425e-02,1.485083550214767456e-01,-4.065806418657302856e-02,2.145387679338455200e-01,-1.090380400419235229e-01,1.442601233720779419e-01,1.459503620862960815e-01,1.997663378715515137e-01,3.142107725143432617e-01,4.441957771778106689e-01,2.371364384889602661e-01,2.608939111232757568e-01,4.677966833114624023e-01,4.780672788619995117e-01,3.996837139129638672e-01,4.437498748302459717e-01,2.113755941390991211e-01,1.414995044469833374e-01,4.767062142491340637e-02,2.661327719688415527e-01,2.881294190883636475e-01,2.469306141138076782e-01,3.794391751289367676e-01,2.834046185016632080e-01,4.330113232135772705e-01,3.689926266670227051e-01,5.286884903907775879e-01,5.815049409866333008e-01,1.545482277870178223e-01,1.521083861589431763e-01,3.429574966430664062e-01,4.654591679573059082e-01,3.618917465209960938e-01,1.957028657197952271e-01,1.749252825975418091e-01,2.450320124626159668e-01,4.952460825443267822e-01,4.580998718738555908e-01,4.211216270923614502e-01,4.329124987125396729e-01,3.895549774169921875e-01,3.726189434528350830e-01,3.927721381187438965e-01,3.677620589733123779e-01,3.809935450553894043e-01,4.688041508197784424e-01,5.473084375262260437e-02,1.474572569131851196e-01,3.032664358615875244e-01,3.675225675106048584e-01,-9.734600037336349487e-02,7.869089394807815552e-02,2.676500193774700165e-02,3.823266029357910156e-01,2.939492464065551758e-01,2.506124973297119141e-01,2.478182762861251831e-01,1.143987625837326050e-01,6.238980218768119812e-03,1.045922413468360901e-01,7.491829246282577515e-02,1.478336304426193237e-01,3.089449703693389893e-01,3.061338663101196289e-01,1.927113085985183716e-01,2.218583673238754272e-01,1.947296559810638428e-01,4.195941239595413208e-02,8.805146068334579468e-02,1.012791972607374191e-02,-9.150999784469604492e-02,-3.172951936721801758e-02,-9.103689342737197876e-02,3.310211747884750366e-02,7.229571789503097534e-02,-1.780857443809509277e-01,-6.320495903491973877e-02,1.427185833454132080e-01,1.620672792196273804e-01,-1.282599270343780518e-01
