1.000000357627868652e+00,5.034909248352050781e-01,3.358174860477447510e-01,4.866009950637817383e-01,1.644958257675170898e-01,1.501576304435729980e-01,3.762908279895782471e-01,4.103890359401702881e-01,3.080771863460540771e-01,2.912394404411315918e-01,5.052285194396972656e-01,2.296939492225646973e-01,4.137525856494903564e-01,2.955685853958129883e-01,1.970072239637374878e-01,2.611031532287597656e-01,3.546648919582366943e-01,7.470286637544631958e-02,3.673651516437530518e-01,3.461908400058746338e-01,9.607616066932678223e-02,4.742738232016563416e-02,1.824364364147186279e-01,2.931624352931976318e-01,2.306241244077682495e-01,2.979625761508941650e-01,2.645696103572845459e-01,1.994375288486480713e-01,3.652774095535278320e-01,9.483703225851058960e-02,2.914997637271881104e-01,2.527033090591430664e-01,4.307173192501068115e-01,3.357764184474945068e-01,-1.185082457959651947e-02,-6.761305034160614014e-02,1.032965108752250671e-01,1.013264358043670654e-01,2.764407396316528320e-01,2.231145799160003662e-01,1.426657140254974365e-01,1.198216974735260010e-01,2.947478294372558594e-01,2.291702181100845337e-01,2.022466212511062622e-01,2.085518687963485718e-01,3.179483413696289062e-01,2.878117859363555908e-01,3.298633098602294922e-01,2.743641138076782227e-01,4.712975323200225830e-01,2.818406224250793457e-01,4.399901330471038818e-01,2.010758370161056519e-01,2.788529694080352783e-01,1.287275105714797974e-01,6.957261562347412109e-01,4.009245038032531738e-01,3.313489854335784912e-01,2.582079470157623291e-01,4.442634582519531250e-01,2.342836409807205200e-01,3.199068903923034668e-01,1.353496909141540527e-01,3.357370197772979736e-01,2.278527468442916870e-01,2.924979925155639648e-01,3.017574250698089600e-01,5.746325850486755371e-01,4.426010251045227051e-01,9.695845097303390503e-02,-2.211935818195343018e-02,3.411511182785034180e-01,2.499413639307022095e-01,1.809677928686141968e-01,2.062137871980667114e-01,2.523163557052612305e-01,2.530904114246368408e-01,6.838753074407577515e-02,-3.227577358484268188e-02,2.932121753692626953e-01,1.317376345396041870e-01,2.191731892526149750e-02,3.388028964400291443e-02,3.050663471221923828e-01,2.951379716396331787e-01,8.519480377435684204e-02,-1.852234080433845520e-02,2.748539149761199951e-01,8.817829191684722900e-02,3.688939809799194336e-01,1.304201781749725342e-01,3.477646112442016602e-01,1.119930297136306763e-01,1.529684811830520630e-01,1.044420972466468811e-01,1.386425793170928955e-01,4.347441717982292175e-02,2.950615584850311279e-01,1.532009989023208618e-01,4.234270155429840088e-01,-1.322321244515478611e-03,1.408825665712356567e-01,-5.567285418510437012e-02,3.132142871618270874e-02,7.078735530376434326e-02,-6.495953351259231567e-02,4.947036970406770706e-03,3.830271074548363686e-03,9.869523346424102783e-03,-7.973032444715499878e-02,2.160677909851074219e-01,2.766125500202178955e-01,1.869641244411468506e-01,2.907814271748065948e-02,-8.540950715541839600e-03
5.034909248352050781e-01,1.000000000000000000e+00,2.678926289081573486e-01,4.584585130214691162e-01,1.412353068590164185e-01,2.153187692165374756e-01,1.816669255495071411e-01,4.543097317218780518e-01,1.969822943210601807e-01,3.083920478820800781e-01,1.515382081270217896e-01,4.173224568367004395e-01,1.464623957872390747e-01,3.633369207382202148e-01,4.607435688376426697e-02,2.776391804218292236e-01,1.124619469046592712e-01,2.848699986934661865e-01,2.021557092666625977e-01,3.953233957290649414e-01,-3.761923685669898987e-02,9.078791365027427673e-03,5.616114661097526550e-02,2.470314353704452515e-01,2.128650248050689697e-01,1.694975644350051880e-01,1.652711331844329834e-01,1.520812511444091797e-01,7.481859624385833740e-02,1.514291763305664062e-01,1.348826438188552856e-01,1.825320720672607422e-01,3.161203265190124512e-01,3.474243283271789551e-01,-2.524951696395874023e-01,-1.901689171791076660e-01,-1.490536630153656006e-01,2.710045874118804932e-02,1.145378779619932175e-02,1.108176186680793762e-01,-4.800302535295486450e-02,6.386362016201019287e-02,2.361239045858383179e-01,2.887480258941650391e-01,2.450385689735412598e-01,2.971891164779663086e-01,1.219057142734527588e-01,2.951069176197052002e-01,3.001693785190582275e-01,4.027161896228790283e-01,3.581096529960632324e-01,4.938574433326721191e-01,2.957310080528259277e-01,4.181593358516693115e-01,2.674806455615907907e-04,1.326715648174285889e-01,4.757995307445526123e-01,6.951491236686706543e-01,3.013227880001068115e-01,3.474057316780090332e-01,2.780438363552093506e-01,3.763325214385986328e-01,1.083584576845169067e-01,2.560776472091674805e-01,2.631284892559051514e-01,3.279436230659484863e-01,2.116245329380035400e-01,2.727112174034118652e-01,3.991501927375793457e-01,4.725098013877868652e-01,-6.483972072601318359e-02,-6.945555657148361206e-02,1.869455575942993164e-01,3.200994431972503662e-01,4.352251812815666199e-02,1.744641214609146118e-01,2.948728948831558228e-02,1.348629593849182129e-01,-1.668827384710311890e-01,-2.844915539026260376e-02,4.351252317428588867e-02,2.615931332111358643e-01,-8.955605328083038330e-02,7.964023202657699585e-02,1.019994467496871948e-01,5.102267265319824219e-01,-6.944327149540185928e-03,2.473995275795459747e-02,6.829815357923507690e-02,2.930708825588226318e-01,1.516549736261367798e-01,3.250310719013214111e-01,1.879640966653823853e-01,3.511201441287994385e-01,7.112117111682891846e-02,-4.554082453250885010e-02,-1.474937982857227325e-02,-6.410690397024154663e-02,5.478147417306900024e-02,1.690803617238998413e-01,1.082076206803321838e-01,1.466135233640670776e-01,1.746653206646442413e-02,-1.140390150249004364e-02,-9.981286525726318359e-02,-4.672195296734571457e-03,-1.325682252645492554e-01,1.761523634195327759e-02,-1.347139477729797363e-01,-1.328086704015731812e-01,-1.808008104562759399e-01,7.917981594800949097e-02,1.824454218149185181e-01,6.998164206743240356e-02,-2.510158717632293701e-02,-5.693278461694717407e-02
3.358174860477447510e-01,2.678926289081573486e-01,9.999998211860656738e-01,6.952080726623535156e-01,1.217813566327095032e-01,2.840871177613735199e-02,7.584267854690551758e-01,5.765369534492492676e-01,3.350457251071929932e-01,2.002276927232742310e-01,3.614408671855926514e-01,2.460810244083404541e-01,4.783341884613037109e-01,3.310510218143463135e-01,2.900367379188537598e-01,1.967484652996063232e-01,2.157281637191772461e-01,-2.602011337876319885e-02,5.489947795867919922e-01,4.568382203578948975e-01,-6.780717987567186356e-03,3.671820089221000671e-02,4.774520695209503174e-01,6.055912971496582031e-01,2.346019893884658813e-01,1.436023861169815063e-01,1.934998184442520142e-01,5.208239704370498657e-02,3.358797430992126465e-01,1.299505028873682022e-02,4.060698747634887695e-01,4.148528575897216797e-01,1.298483163118362427e-01,1.959276944398880005e-01,-5.592840258032083511e-03,-7.905572652816772461e-02,8.384064584970474243e-02,8.651992306113243103e-03,1.381985098123550415e-01,5.104710906744003296e-02,-3.258135169744491577e-02,4.409140348434448242e-02,3.309668302536010742e-01,2.547468543052673340e-01,2.771435678005218506e-01,2.681901454925537109e-01,3.510582745075225830e-01,2.618761658668518066e-01,3.020277023315429688e-01,3.188781738281250000e-01,4.186263680458068848e-01,3.109860718250274658e-01,3.996230363845825195e-01,2.237678617238998413e-01,3.781524002552032471e-01,6.673923879861831665e-02,3.688808679580688477e-01,2.981156408786773682e-01,4.000225663185119629e-01,3.403398096561431885e-01,2.612081468105316162e-01,2.138550132513046265e-01,3.282159268856048584e-01,1.990862339735031128e-01,3.389333486557006836e-01,2.329141348600387573e-01,3.044151365756988525e-01,1.782753914594650269e-01,3.947266340255737305e-01,2.561485469341278076e-01,3.730987012386322021e-02,-1.077191159129142761e-01,1.569143086671829224e-01,1.882736012339591980e-02,8.758139610290527344e-02,9.395319968461990356e-02,1.200804859399795532e-01,1.088300570845603943e-01,3.703862056136131287e-02,-1.091479733586311340e-01,2.950630187988281250e-01,-1.215287484228610992e-02,-1.231603473424911499e-01,-7.704660296440124512e-02,2.621030807495117188e-01,1.674055904150009155e-01,7.230416685342788696e-02,-6.694297492504119873e-02,2.172672152519226074e-01,1.666902191936969757e-02,3.988292515277862549e-01,7.899133861064910889e-02,2.891688942909240723e-01,1.256135012954473495e-02,-4.771570488810539246e-02,3.286312520503997803e-02,-5.369210150092840195e-03,-1.262847054749727249e-02,2.600806355476379395e-01,7.220774888992309570e-02,2.014938592910766602e-01,-2.059404700994491577e-01,-8.199754357337951660e-02,-2.070955485105514526e-01,-1.926912963390350342e-01,-1.856784373521804810e-01,-2.606311440467834473e-01,-9.320135414600372314e-02,-8.487782324664294720e-04,-7.588289678096771240e-02,-1.381833702325820923e-01,7.812806218862533569e-02,4.267790168523788452e-02,-6.164037808775901794e-02,-5.249537155032157898e-02,-1.255691945552825928e-01
4.866009950637817383e-01,4.584585130214691162e-01,6.952080726623535156e-01,1.000000596046447754e+00,1.117510795593261719e-01,8.338804543018341064e-02,6.810606718063354492e-01,7.695946097373962402e-01,3.382061719894409180e-01,3.744515776634216309e-01,3.525288403034210205e-01,4.514103829860687256e-01,4.733982682228088379e-01,5.078603625297546387e-01,2.369487285614013672e-01,2.937623858451843262e-01,1.241140738129615784e-01,3.769082576036453247e-02,5.416850447654724121e-01,5.532184243202209473e-01,7.178663462400436401e-02,4.134288057684898376e-02,3.616456389427185059e-01,6.477448940277099609e-01,2.472784519195556641e-01,2.216199934482574463e-01,2.436519414186477661e-01,1.429113298654556274e-01,2.509996592998504639e-01,1.090232133865356445e-01,3.785679042339324951e-01,4.094664156436920166e-01,1.957361698150634766e-01,1.675572842359542847e-01,-1.344390958547592163e-01,-1.411128491163253784e-01,5.620530340820550919e-03,4.799773544073104858e-02,1.215618103742599487e-01,1.177284643054008484e-01,-5.233519896864891052e-02,1.121328845620155334e-01,3.464793562889099121e-01,2.929984629154205322e-01,2.943989932537078857e-01,2.865875065326690674e-01,2.887961268424987793e-01,1.905492991209030151e-01,3.301101326942443848e-01,3.548189699649810791e-01,4.213650822639465332e-01,3.610133528709411621e-01,4.019438028335571289e-01,3.265402317047119141e-01,3.446859717369079590e-01,1.588791012763977051e-01,4.426105618476867676e-01,4.076694250106811523e-01,3.978320956230163574e-01,3.735065758228302002e-01,3.166921734809875488e-01,2.762740254402160645e-01,2.834522724151611328e-01,2.294614911079406738e-01,2.962529063224792480e-01,2.421107441186904907e-01,2.858831882476806641e-01,2.248055636882781982e-01,5.098063349723815918e-01,3.840019106864929199e-01,2.998186834156513214e-02,-1.233362779021263123e-01,2.229094058275222778e-01,1.279041767120361328e-01,5.296427384018898010e-02,9.405943751335144043e-02,6.794863939285278320e-02,7.192940264940261841e-02,-3.863160312175750732e-02,-7.199127972126007080e-02,1.869797706604003906e-01,1.013607308268547058e-01,-1.202594935894012451e-01,3.657843917608261108e-02,1.616939008235931396e-01,3.440763056278228760e-01,2.869990281760692596e-02,-2.514094114303588867e-03,1.862050890922546387e-01,1.400095224380493164e-01,3.704325556755065918e-01,1.919063478708267212e-01,2.711243629455566406e-01,1.027223914861679077e-01,-7.186292856931686401e-02,-7.867952436208724976e-02,-1.028530597686767578e-01,-1.607643067836761475e-01,1.825101077556610107e-01,5.861365795135498047e-02,1.975194364786148071e-01,-1.170244365930557251e-01,-4.212502017617225647e-02,-1.704609245061874390e-01,-1.611069440841674805e-01,-1.465237587690353394e-01,-2.967846095561981201e-01,-1.277671605348587036e-01,-1.194991022348403931e-01,-1.845847517251968384e-01,-2.156885862350463867e-01,1.827522739768028259e-02,-1.129970536567270756e-03,-8.508272469043731689e-02,-5.564689263701438904e-02,-8.047765493392944336e-02
1.644958257675170898e-01,1.412353068590164185e-01,1.217813566327095032e-01,1.117510795593261719e-01,9.999997615814208984e-01,7.445024847984313965e-01,9.423024207353591919e-02,4.181230068206787109e-02,3.967691659927368164e-01,2.048480510711669922e-01,2.106737792491912842e-01,1.122304722666740417e-01,2.495096176862716675e-01,1.398754417896270752e-01,3.610373139381408691e-01,3.948775231838226318e-01,6.212959066033363342e-02,9.428861737251281738e-02,9.281725622713565826e-03,-4.116798937320709229e-02,-1.110386103391647339e-01,-1.501668989658355713e-01,1.664693350903689861e-03,1.148703843355178833e-01,5.260661840438842773e-01,3.964659571647644043e-01,4.048956930637359619e-01,4.533377885818481445e-01,2.035353779792785645e-01,1.510382443666458130e-01,2.034719586372375488e-01,1.750133186578750610e-01,7.658369839191436768e-02,8.498813956975936890e-02,9.767734259366989136e-02,1.016990095376968384e-01,9.575525671243667603e-02,1.116850674152374268e-01,1.055074855685234070e-01,1.140365228056907654e-01,6.528251618146896362e-02,7.183269411325454712e-02,1.052336394786834717e-01,1.112595200538635254e-01,6.461322307586669922e-02,8.955497294664382935e-02,7.823847234249114990e-02,1.115856617689132690e-01,1.032621711492538452e-01,1.208846345543861389e-01,1.844155192375183105e-01,1.366476267576217651e-01,1.680221259593963623e-01,1.145001798868179321e-01,1.936054602265357971e-02,5.140007287263870239e-02,1.565185189247131348e-01,1.188780143857002258e-01,1.609568148851394653e-01,1.010561585426330566e-01,1.720996648073196411e-01,8.087100833654403687e-02,1.011279523372650146e-01,4.411098361015319824e-02,1.542673856019973755e-01,1.079203337430953979e-01,1.474989503622055054e-01,1.504707634449005127e-01,1.523963660001754761e-01,3.720685094594955444e-02,7.992645353078842163e-02,1.168349534273147583e-01,2.501697540283203125e-01,2.264965921640396118e-01,1.627104915678501129e-02,3.504804894328117371e-02,1.224711462855339050e-01,1.295090764760971069e-01,-1.036183312535285950e-01,1.223880201578140259e-01,1.275461614131927490e-01,7.313001155853271484e-02,4.592538625001907349e-02,7.182171195745468140e-02,1.584710925817489624e-01,9.250338375568389893e-02,1.010553017258644104e-01,1.870307140052318573e-02,6.322295218706130981e-02,3.832045570015907288e-02,7.821490615606307983e-02,1.207699254155158997e-02,4.214938357472419739e-02,-5.258064717054367065e-03,3.768023103475570679e-02,4.344771429896354675e-02,4.421605914831161499e-02,3.411981835961341858e-02,5.598792061209678650e-02,-2.676029130816459656e-02,6.894966959953308105e-02,-2.190072648227214813e-02,1.404308807104825974e-02,-2.912337146699428558e-02,-4.864015150815248489e-03,-3.805773705244064331e-02,-2.410095557570457458e-02,7.925371080636978149e-02,5.455146729946136475e-02,6.351260095834732056e-02,3.542591258883476257e-02,7.943431288003921509e-02,-3.313556080684065819e-03,5.636544153094291687e-02,-5.829514935612678528e-02,-1.868798434734344482e-01
1.501576304435729980e-01,2.153187692165374756e-01,2.840871177613735199e-02,8.338804543018341064e-02,7.445024847984313965e-01,1.000000119209289551e+00,-1.287992391735315323e-02,8.078543096780776978e-02,2.896108329296112061e-01,3.255810141563415527e-01,1.487078219652175903e-01,2.045311182737350464e-01,1.441449224948883057e-01,1.979331225156784058e-01,2.680498361587524414e-01,4.693132042884826660e-01,1.923921704292297363e-02,1.557636111974716187e-01,-2.285399287939071655e-02,-1.380787510424852371e-02,-9.952586144208908081e-02,-1.350475698709487915e-01,-7.625356316566467285e-02,2.837113104760646820e-02,4.816436767578125000e-01,3.976377248764038086e-01,3.294830620288848877e-01,4.458147287368774414e-01,1.477519720792770386e-01,1.828856319189071655e-01,1.762858033180236816e-01,1.593309789896011353e-01,1.089954376220703125e-01,9.926684200763702393e-02,7.906301319599151611e-02,1.006313487887382507e-01,5.722327902913093567e-02,9.988224506378173828e-02,5.681306868791580200e-02,7.867060601711273193e-02,9.984360076487064362e-03,3.361867368221282959e-02,1.031533777713775635e-01,1.161356642842292786e-01,8.693612366914749146e-02,8.315592259168624878e-02,3.271988779306411743e-02,1.209234967827796936e-01,1.068779602646827698e-01,1.589426100254058838e-01,1.346577554941177368e-01,1.411662101745605469e-01,9.851241856813430786e-02,1.123416647315025330e-01,-5.383222922682762146e-02,2.612801501527428627e-03,1.531568616628646851e-01,1.687071770429611206e-01,1.561678797006607056e-01,1.264712661504745483e-01,1.771704107522964478e-01,1.357637047767639160e-01,1.080249473452568054e-01,9.714663773775100708e-02,1.642732620239257812e-01,1.491246223449707031e-01,1.690469086170196533e-01,1.760733276605606079e-01,1.710923016071319580e-01,8.545004576444625854e-02,4.516270384192466736e-02,8.823932707309722900e-02,2.178627103567123413e-01,2.560745775699615479e-01,7.613871712237596512e-03,7.232812047004699707e-02,1.190337985754013062e-01,1.214822679758071899e-01,-1.596223711967468262e-01,8.839091658592224121e-02,7.312994450330734253e-02,1.422950327396392822e-01,6.122350320219993591e-02,1.244196519255638123e-01,9.267807751893997192e-02,1.884270608425140381e-01,1.291988193988800049e-01,1.135583296418190002e-01,2.718535717576742172e-03,4.351083189249038696e-02,3.003417328000068665e-02,8.258997648954391479e-02,3.692367300391197205e-02,6.260003149509429932e-02,6.245060265064239502e-02,3.824565559625625610e-02,6.207885220646858215e-02,3.835618123412132263e-02,2.476383931934833527e-02,-6.952907424420118332e-03,2.857215004041790962e-03,1.483141072094440460e-02,-2.764619886875152588e-03,-1.413431297987699509e-02,-2.909364737570285797e-02,-2.992019802331924438e-02,-1.564562693238258362e-02,5.576777085661888123e-02,6.938496977090835571e-02,4.941358417272567749e-02,5.406293645501136780e-02,9.256482124328613281e-02,1.795175485312938690e-02,9.787062555551528931e-02,-8.709156885743141174e-03,-1.698129773139953613e-01
3.762908279895782471e-01,1.816669255495071411e-01,7.584267854690551758e-01,6.810606718063354492e-01,9.423024207353591919e-02,-1.287992391735315323e-02,9.999997615814208984e-01,5.969718098640441895e-01,3.718905150890350342e-01,1.900602579116821289e-01,4.466340243816375732e-01,2.419608235359191895e-01,5.927141308784484863e-01,3.565918803215026855e-01,3.322488069534301758e-01,1.572944223880767822e-01,1.952772289514541626e-01,-6.306498497724533081e-02,5.265537500381469727e-01,4.519534707069396973e-01,3.366897627711296082e-02,5.117445439100265503e-02,3.996863067150115967e-01,5.807495117187500000e-01,2.328895777463912964e-01,1.682223379611968994e-01,2.383920252323150635e-01,6.248147413134574890e-02,3.806626796722412109e-01,4.822143912315368652e-02,4.111879765987396240e-01,4.041065871715545654e-01,1.548471450805664062e-01,1.975918412208557129e-01,3.786906227469444275e-02,-6.971592456102371216e-02,1.222733259201049805e-01,5.161652341485023499e-02,2.402778118848800659e-01,1.253858655691146851e-01,3.133178502321243286e-02,7.803097367286682129e-02,2.680313587188720703e-01,2.254547625780105591e-01,2.031313031911849976e-01,2.058519124984741211e-01,3.321323394775390625e-01,2.161533534526824951e-01,2.138385176658630371e-01,2.550855576992034912e-01,3.522227406501770020e-01,2.262351214885711670e-01,3.347795903682708740e-01,1.495338529348373413e-01,3.884268403053283691e-01,1.061378419399261475e-01,3.224331736564636230e-01,2.036785483360290527e-01,3.342295885086059570e-01,2.820427417755126953e-01,2.055356204509735107e-01,1.211551278829574585e-01,2.935070395469665527e-01,1.137385964393615723e-01,2.665429413318634033e-01,1.568039804697036743e-01,2.716958820819854736e-01,1.828831434249877930e-01,4.020873010158538818e-01,2.194816768169403076e-01,4.190836101770401001e-02,-1.247549057006835938e-01,1.456950902938842773e-01,1.570539735257625580e-02,7.104394584894180298e-02,4.182586446404457092e-02,1.527626663446426392e-01,9.955034404993057251e-02,2.476112358272075653e-02,-8.752040565013885498e-02,2.907013893127441406e-01,-4.510887712240219116e-02,-7.040587067604064941e-02,-3.795997053384780884e-02,2.532668411731719971e-01,1.043973341584205627e-01,1.163324862718582153e-01,-1.927519217133522034e-02,2.517080307006835938e-01,-1.413511205464601517e-02,3.580610752105712891e-01,1.118598319590091705e-02,2.388932406902313232e-01,-5.105884745717048645e-02,-4.803916439414024353e-02,1.309613417834043503e-02,1.585982926189899445e-02,-3.062615729868412018e-02,2.447154819965362549e-01,1.068053301423788071e-02,2.213152199983596802e-01,-2.121070921421051025e-01,-5.254627019166946411e-02,-1.789727956056594849e-01,-1.119027063250541687e-01,-1.210817843675613403e-01,-1.880789101123809814e-01,-9.359984844923019409e-02,-2.535821124911308289e-02,-7.884576171636581421e-02,-1.540718525648117065e-01,4.210134968161582947e-02,4.243955947458744049e-03,-7.558508962392807007e-02,-8.359417319297790527e-02,-1.543536037206649780e-01
4.103890359401702881e-01,4.543097317218780518e-01,5.765369534492492676e-01,7.695946097373962402e-01,4.181230068206787109e-02,8.078543096780776978e-02,5.969718098640441895e-01,1.000000476837158203e+00,2.414845973253250122e-01,4.703982472419738770e-01,2.881402969360351562e-01,5.465192794799804688e-01,4.871162176132202148e-01,5.979045629501342773e-01,2.073357254266738892e-01,3.807622492313385010e-01,4.174546897411346436e-02,8.988939970731735229e-02,4.465757608413696289e-01,4.424608051776885986e-01,1.215285882353782654e-01,7.282690703868865967e-02,3.276962935924530029e-01,5.574067831039428711e-01,1.716662049293518066e-01,1.868176758289337158e-01,2.156708389520645142e-01,1.186578497290611267e-01,1.974475681781768799e-01,1.493588835000991821e-01,3.432550132274627686e-01,4.171629250049591064e-01,1.469249278306961060e-01,1.215705350041389465e-01,-1.730183064937591553e-01,-2.047947198152542114e-01,-2.483366988599300385e-02,8.224196732044219971e-03,8.411800116300582886e-02,8.772333711385726929e-02,-9.886483103036880493e-02,8.088539540767669678e-02,3.759792149066925049e-01,3.181898891925811768e-01,3.670797348022460938e-01,3.330081403255462646e-01,2.956389188766479492e-01,1.596447229385375977e-01,3.660410642623901367e-01,3.993468284606933594e-01,3.980925381183624268e-01,4.068489372730255127e-01,3.554634749889373779e-01,3.530311584472656250e-01,2.777064144611358643e-01,9.259527176618576050e-02,3.863208591938018799e-01,4.036618173122406006e-01,3.639171123504638672e-01,3.931253552436828613e-01,2.666823863983154297e-01,2.949017882347106934e-01,2.315465509891510010e-01,2.258196175098419189e-01,2.513256072998046875e-01,2.878607809543609619e-01,2.566056847572326660e-01,1.994307339191436768e-01,4.442335367202758789e-01,3.577015399932861328e-01,-6.822080910205841064e-02,-1.660763472318649292e-01,1.651802062988281250e-01,1.362455338239669800e-01,2.353964932262897491e-02,4.298004135489463806e-02,2.310374192893505096e-02,3.484071418642997742e-02,-1.230015456676483154e-01,-1.169601380825042725e-01,1.036332398653030396e-01,1.412458717823028564e-01,-1.928587406873703003e-01,4.409300908446311951e-02,1.141383945941925049e-01,3.886078894138336182e-01,9.280950762331485748e-03,3.362831100821495056e-02,1.460834145545959473e-01,1.358702480792999268e-01,3.256085216999053955e-01,2.501717209815979004e-01,2.712129950523376465e-01,1.871155351400375366e-01,-1.143499016761779785e-01,-1.337963342666625977e-01,-1.678102910518646240e-01,-2.372674494981765747e-01,1.114093437790870667e-01,3.552842186763882637e-03,1.436611264944076538e-01,-9.882477670907974243e-02,-1.158717572689056396e-01,-2.074607461690902710e-01,-2.216756939888000488e-01,-1.862077713012695312e-01,-3.304153084754943848e-01,-1.417720168828964233e-01,-1.435021162033081055e-01,-2.449620813131332397e-01,-2.978825271129608154e-01,-1.193784177303314209e-02,-7.462686393409967422e-03,-9.992896020412445068e-02,-5.243906378746032715e-02,-8.862195163965225220e-02
3.080771863460540771e-01,1.969822943210601807e-01,3.350457251071929932e-01,3.382061719894409180e-01,3.967691659927368164e-01,2.896108329296112061e-01,3.718905150890350342e-01,2.414845973253250122e-01,1.000000476837158203e+00,3.770138621330261230e-01,3.569546639919281006e-01,2.438778877258300781e-01,4.118945598602294922e-01,1.911584287881851196e-01,3.573992550373077393e-01,2.546975612640380859e-01,1.699934154748916626e-01,5.277833342552185059e-02,2.525078356266021729e-01,2.265303283929824829e-01,1.456408351659774780e-01,1.290564388036727905e-01,1.682602018117904663e-01,3.277375102043151855e-01,4.468834996223449707e-01,3.738411962985992432e-01,3.952081501483917236e-01,3.071912527084350586e-01,2.960964143276214600e-01,7.615677267313003540e-02,3.793843686580657959e-01,3.186270594596862793e-01,9.807186573743820190e-02,1.384076476097106934e-01,1.478851437568664551e-01,9.832362085580825806e-02,2.353430986404418945e-01,2.437240183353424072e-01,2.661691606044769287e-01,2.302924692630767822e-01,2.403025180101394653e-01,2.375071197748184204e-01,2.611367702484130859e-01,2.199343293905258179e-01,1.927440613508224487e-01,1.270999163389205933e-01,3.432420492172241211e-01,2.161648273468017578e-01,2.172513455152511597e-01,1.999088525772094727e-01,2.770553529262542725e-01,1.547299176454544067e-01,3.103123307228088379e-01,2.716685533523559570e-01,2.527802884578704834e-01,2.079764008522033691e-01,2.867456972599029541e-01,2.322046160697937012e-01,2.508621811866760254e-01,2.600618898868560791e-01,2.719984054565429688e-01,2.338663935661315918e-01,2.698027193546295166e-01,2.290650457143783569e-01,2.785232067108154297e-01,1.818570941686630249e-01,2.407912015914916992e-01,2.987896502017974854e-01,3.549525141716003418e-01,2.455808371305465698e-01,1.467555612325668335e-01,3.236873820424079895e-02,2.376032471656799316e-01,2.045581340789794922e-01,9.738714993000030518e-02,1.528122723102569580e-01,2.366774976253509521e-01,2.248387187719345093e-01,6.000667065382003784e-02,7.126433402299880981e-02,3.556556701660156250e-01,1.452352106571197510e-01,6.137478630989789963e-03,2.533044666051864624e-02,3.443443775177001953e-01,1.643654853105545044e-01,4.107912257313728333e-02,-6.139146909117698669e-02,2.073822915554046631e-01,6.833253800868988037e-02,2.653913199901580811e-01,1.837652325630187988e-01,2.299595326185226440e-01,7.072514295578002930e-02,4.134667664766311646e-02,8.513599634170532227e-02,9.049396216869354248e-02,2.316646277904510498e-02,2.198166251182556152e-01,9.963435679674148560e-02,2.682133316993713379e-01,-5.219909176230430603e-02,-4.808375670108944178e-04,-7.209854573011398315e-02,9.665880352258682251e-02,8.895031362771987915e-02,-3.799833729863166809e-02,1.752098947763442993e-01,6.049900315701961517e-03,-9.159371256828308105e-03,-9.837489575147628784e-03,1.385462731122970581e-01,1.756724715232849121e-02,2.852475456893444061e-02,1.498183514922857285e-02,-6.457031238824129105e-03
2.912394404411315918e-01,3.083920478820800781e-01,2.002276927232742310e-01,3.744515776634216309e-01,2.048480510711669922e-01,3.255810141563415527e-01,1.900602579116821289e-01,4.703982472419738770e-01,3.770138621330261230e-01,1.000000119209289551e+00,1.841886639595031738e-01,4.686024188995361328e-01,3.419073820114135742e-01,5.112890005111694336e-01,2.859568595886230469e-01,6.041563749313354492e-01,1.000670250505208969e-02,9.513129293918609619e-02,1.917175948619842529e-01,1.814205795526504517e-01,1.906695514917373657e-01,1.054532229900360107e-01,1.338682025671005249e-01,2.869750857353210449e-01,2.941624522209167480e-01,3.581821620464324951e-01,3.932493031024932861e-01,3.651075661182403564e-01,1.572962850332260132e-01,2.696407139301300049e-01,3.613680601119995117e-01,4.311570823192596436e-01,1.641446799039840698e-01,1.390056312084197998e-01,-3.658195259049534798e-03,-4.846274480223655701e-02,8.499999344348907471e-02,1.414850950241088867e-01,1.494999825954437256e-01,1.237958371639251709e-01,-3.339000791311264038e-02,7.072719931602478027e-02,2.763633430004119873e-01,2.268874198198318481e-01,2.632854282855987549e-01,2.054263800382614136e-01,2.454269379377365112e-01,1.525187343358993530e-01,2.883767485618591309e-01,3.356797099113464355e-01,3.201417326927185059e-01,3.112251758575439453e-01,2.912155985832214355e-01,3.624790608882904053e-01,9.032253175973892212e-02,5.182997137308120728e-02,2.884304225444793701e-01,2.904894948005676270e-01,2.238930910825729370e-01,2.788573205471038818e-01,2.928113639354705811e-01,3.311382830142974854e-01,2.031529992818832397e-01,2.476086318492889404e-01,2.338577508926391602e-01,2.754987478256225586e-01,1.482042521238327026e-01,1.723245382308959961e-01,3.883219063282012939e-01,3.194796144962310791e-01,2.910288795828819275e-02,-2.314941026270389557e-02,1.012826487421989441e-01,2.300359904766082764e-01,8.499290794134140015e-02,1.525315195322036743e-01,2.218274325132369995e-01,2.277760952711105347e-01,-6.144157797098159790e-02,-2.494466304779052734e-02,1.238553449511528015e-01,2.695781290531158447e-01,-1.445674300193786621e-01,8.827329427003860474e-02,1.020022481679916382e-01,3.380665481090545654e-01,-4.305914789438247681e-02,6.311572343111038208e-02,2.399852685630321503e-02,5.099986493587493896e-02,2.010647207498550415e-01,3.259125053882598877e-01,2.241739481687545776e-01,2.490288317203521729e-01,6.432939320802688599e-02,6.255508400499820709e-03,-1.643132232129573822e-02,-9.833568334579467773e-02,6.952266395092010498e-02,4.614774882793426514e-02,1.667603701353073120e-01,3.442476317286491394e-02,-1.432468742132186890e-01,-1.292951405048370361e-01,-3.007986769080162048e-02,-1.564918085932731628e-02,-1.179217994213104248e-01,1.450913958251476288e-02,-1.449560001492500305e-02,-9.053166210651397705e-02,-1.236820593476295471e-01,7.435169070959091187e-02,4.593431577086448669e-02,3.838649392127990723e-02,1.850112900137901306e-02,2.157605625689029694e-02
5.052285194396972656e-01,1.515382081270217896e-01,3.614408671855926514e-01,3.525288403034210205e-01,2.106737792491912842e-01,1.487078219652175903e-01,4.466340243816375732e-01,2.881402969360351562e-01,3.569546639919281006e-01,1.841886639595031738e-01,9.999998211860656738e-01,3.265542685985565186e-01,5.129373669624328613e-01,2.567082047462463379e-01,2.291133254766464233e-01,1.509496718645095825e-01,4.800846278667449951e-01,1.882875114679336548e-01,2.034116536378860474e-01,1.674029082059860229e-01,1.442694962024688721e-01,9.927381575107574463e-02,9.051648527383804321e-02,2.236261963844299316e-01,3.121367394924163818e-01,3.164893388748168945e-01,3.160939216613769531e-01,2.462600618600845337e-01,5.811367630958557129e-01,2.338823825120925903e-01,3.669651150703430176e-01,2.939136922359466553e-01,2.276226878166198730e-01,2.414800226688385010e-01,1.795939207077026367e-01,1.322809010744094849e-01,3.512241542339324951e-01,2.798224687576293945e-01,4.596353173255920410e-01,3.189320862293243408e-01,2.914720773696899414e-01,2.377515137195587158e-01,2.541600167751312256e-01,1.073598936200141907e-01,2.579773962497711182e-01,2.206466645002365112e-01,2.271669805049896240e-01,1.092216223478317261e-01,2.725504040718078613e-01,1.472513526678085327e-01,2.580285966396331787e-01,-4.050164297223091125e-02,2.393704056739807129e-01,-1.428085267543792725e-01,3.602656126022338867e-01,1.765030920505523682e-01,4.143612384796142578e-01,1.489439606666564941e-01,2.806777060031890869e-01,1.798555850982666016e-01,4.130302965641021729e-01,1.671279072761535645e-01,4.641888737678527832e-01,2.874985933303833008e-01,3.200235664844512939e-01,1.300169378519058228e-01,3.432970643043518066e-01,3.105392456054687500e-01,2.619604766368865967e-01,1.204946115612983704e-01,2.132338434457778931e-01,7.813584059476852417e-02,3.426704704761505127e-01,2.333491593599319458e-01,2.596215009689331055e-01,2.393920123577117920e-01,2.487831115722656250e-01,2.301123887300491333e-01,1.921534538269042969e-01,8.551146835088729858e-02,5.621260404586791992e-01,2.267971932888031006e-01,2.562241852283477783e-01,2.585730850696563721e-01,5.114247202873229980e-01,1.842555105686187744e-01,3.520677089691162109e-01,2.252256721258163452e-01,4.956706464290618896e-01,5.925323441624641418e-02,4.175863564014434814e-01,-1.649086922407150269e-02,3.625193536281585693e-01,-1.238327287137508392e-02,1.271760612726211548e-01,7.950269430875778198e-02,2.523518800735473633e-01,8.869051188230514526e-02,3.448728919029235840e-01,6.037966534495353699e-02,4.392018020153045654e-01,-1.346603408455848694e-02,3.281973898410797119e-01,1.571517735719680786e-01,5.465006083250045776e-02,6.385042518377304077e-02,9.943423420190811157e-02,6.817454844713211060e-02,8.224666863679885864e-02,3.533903136849403381e-02,6.809896230697631836e-02,2.657301723957061768e-01,1.493433117866516113e-01,1.602915525436401367e-01,6.638044118881225586e-02,-1.846434548497200012e-02
2.296939492225646973e-01,4.173224568367004395e-01,2.460810244083404541e-01,4.514103829860687256e-01,1.122304722666740417e-01,2.045311182737350464e-01,2.419608235359191895e-01,5.465192794799804688e-01,2.438778877258300781e-01,4.686024188995361328e-01,3.265542685985565186e-01,1.000000476837158203e+00,3.293836712837219238e-01,6.193047761917114258e-01,1.651710420846939087e-01,3.811858594417572021e-01,4.135594516992568970e-02,3.020792305469512939e-01,2.379525452852249146e-01,2.777990400791168213e-01,1.936430335044860840e-01,1.298644095659255981e-01,7.082230597734451294e-02,2.334444373846054077e-01,2.156803160905838013e-01,2.907019555568695068e-01,2.859219014644622803e-01,2.596333324909210205e-01,2.094226181507110596e-01,2.871742844581604004e-01,3.364053070545196533e-01,4.030435681343078613e-01,1.032416373491287231e-01,9.912873059511184692e-02,-5.668431892991065979e-02,-1.743731903843581676e-03,9.688764810562133789e-02,1.817580908536911011e-01,1.639481633901596069e-01,2.268485724925994873e-01,-1.091669197194278240e-03,2.531689703464508057e-01,2.879383862018585205e-01,2.650870978832244873e-01,4.035333693027496338e-01,3.156316578388214111e-01,7.014931738376617432e-02,4.943561926484107971e-02,3.048900067806243896e-01,3.027625381946563721e-01,1.693464517593383789e-01,2.020354717969894409e-01,1.171422451734542847e-01,2.116764485836029053e-01,1.760616004467010498e-01,1.424497067928314209e-01,2.123261690139770508e-01,3.609642684459686279e-01,2.480997443199157715e-01,3.523339331150054932e-01,2.146793454885482788e-01,3.327742218971252441e-01,2.866792380809783936e-01,4.409557282924652100e-01,2.398895621299743652e-01,2.837719321250915527e-01,2.374261021614074707e-01,2.601512074470520020e-01,2.922769784927368164e-01,2.964951694011688232e-01,6.919703632593154907e-02,1.902093365788459778e-02,2.658517062664031982e-01,3.329055309295654297e-01,1.904179006814956665e-01,2.163169831037521362e-01,3.259545564651489258e-02,1.143985316157341003e-01,-8.386331796646118164e-02,1.647857949137687683e-02,1.798586696386337280e-01,3.440465033054351807e-01,-1.136391013860702515e-01,2.352480590343475342e-01,1.223848015069961548e-01,4.731195867061614990e-01,5.355278775095939636e-02,1.866054534912109375e-01,8.830178529024124146e-02,2.141506224870681763e-01,2.204034775495529175e-01,3.332788646221160889e-01,1.607331186532974243e-01,2.341029942035675049e-01,-5.412384867668151855e-02,-9.127818048000335693e-02,-5.900508537888526917e-02,-1.550930589437484741e-01,4.830351844429969788e-02,2.495654299855232239e-02,2.361457422375679016e-02,1.513994205743074417e-02,-2.486471831798553467e-02,-7.301545701920986176e-03,-2.454019933938980103e-01,-1.905503273010253906e-01,-2.781379520893096924e-01,2.531611546874046326e-02,-5.222462490200996399e-02,-1.884611696004867554e-01,-1.314389556646347046e-01,1.177105586975812912e-02,-6.952502578496932983e-02,-1.831979118287563324e-02,2.004020661115646362e-02,-6.761027500033378601e-03
4.137525856494903564e-01,1.464623957872390747e-01,4.783341884613037109e-01,4.733982682228088379e-01,2.495096176862716675e-01,1.441449224948883057e-01,5.927141308784484863e-01,4.871162176132202148e-01,4.118945598602294922e-01,3.419073820114135742e-01,5.129373669624328613e-01,3.293836712837219238e-01,9.999997615814208984e-01,4.925794303417205811e-01,4.917915463447570801e-01,3.387282788753509521e-01,1.579340100288391113e-01,-1.221876814961433411e-01,3.644987940788269043e-01,2.629940509796142578e-01,3.458070382475852966e-02,-4.604932293295860291e-02,3.971740305423736572e-01,4.000862538814544678e-01,2.414176017045974731e-01,2.236121296882629395e-01,2.873446345329284668e-01,1.467487961053848267e-01,3.798098862171173096e-01,7.959698885679244995e-02,3.937920331954956055e-01,4.011594355106353760e-01,5.230633169412612915e-02,6.923868507146835327e-02,-2.224264666438102722e-02,-1.312918514013290405e-01,1.065224036574363708e-01,-4.451806843280792236e-02,3.271863162517547607e-01,1.129887551069259644e-01,-8.787171915173530579e-03,6.991942226886749268e-02,3.084675371646881104e-01,1.735805571079254150e-01,2.891173064708709717e-01,2.578048408031463623e-01,3.216123282909393311e-01,1.089294031262397766e-01,3.335951566696166992e-01,3.503744900226593018e-01,4.216974377632141113e-01,2.155540436506271362e-01,3.462907671928405762e-01,9.943289309740066528e-02,3.261402547359466553e-01,-1.041125622577965260e-03,4.046763479709625244e-01,2.300309687852859497e-01,4.157517552375793457e-01,3.792417943477630615e-01,3.743931055068969727e-01,2.657324373722076416e-01,3.304209411144256592e-01,2.041082233190536499e-01,3.980439305305480957e-01,3.070212900638580322e-01,3.064085245132446289e-01,2.193711251020431519e-01,4.460898041725158691e-01,3.131023347377777100e-01,-7.099773734807968140e-02,-1.758674830198287964e-01,2.024837136268615723e-01,1.550577953457832336e-02,6.158097833395004272e-02,4.907011613249778748e-02,1.474062353372573853e-01,1.154723390936851501e-01,-4.137765616178512573e-02,-9.747327119112014771e-02,3.284254074096679688e-01,2.053665369749069214e-02,-5.621228367090225220e-02,-5.069946055300533772e-04,3.317825794219970703e-01,1.001006960868835449e-01,1.847437471151351929e-01,2.220706269145011902e-02,2.817254960536956787e-01,-1.549691706895828247e-01,3.466784656047821045e-01,2.457156963646411896e-02,3.049586415290832520e-01,-3.030707687139511108e-02,6.617839448153972626e-03,3.752487897872924805e-02,-2.007548324763774872e-02,-9.612044692039489746e-02,1.789688020944595337e-01,-7.983695715665817261e-02,2.749661207199096680e-01,-2.049772888422012329e-01,-7.148267701268196106e-03,-1.664907336235046387e-01,-2.171118855476379395e-01,-2.044180184602737427e-01,-2.045227438211441040e-01,-1.524553000926971436e-01,6.106692925095558167e-02,-6.013326719403266907e-02,-2.658832669258117676e-01,6.461949646472930908e-02,1.159551087766885757e-02,-9.541656076908111572e-02,-1.399976909160614014e-01,-2.374802678823471069e-01
