1.000000119209289551e+00,5.105717778205871582e-01,3.620275259017944336e-01,3.542221784591674805e-01,-1.057913992553949356e-03,8.409255743026733398e-02,4.750261604785919189e-01,2.999365329742431641e-01,4.063549637794494629e-02,1.811086945235729218e-02,3.975741565227508545e-01,2.139336019754409790e-01,1.759893149137496948e-01,2.728686034679412842e-01,1.897312514483928680e-02,5.993732437491416931e-02,3.998835682868957520e-01,1.486948281526565552e-01,3.693500459194183350e-01,4.961889386177062988e-01,-1.244983896613121033e-01,-1.461669802665710449e-01,-1.295777708292007446e-01,9.299167990684509277e-02,-2.868546172976493835e-02,1.484846234234282747e-05,1.717124693095684052e-02,5.153001844882965088e-02,1.777608990669250488e-01,1.449994593858718872e-01,6.292314082384109497e-02,1.320742070674896240e-01,1.978383213281631470e-01,2.612591385841369629e-01,7.441370747983455658e-03,-1.402319036424160004e-02,1.524301469326019287e-01,7.671626657247543335e-02,1.795349866151809692e-01,8.976281434297561646e-02,-7.143896818161010742e-02,-1.021951511502265930e-01,1.986176669597625732e-01,1.312131583690643311e-01,2.924158275127410889e-01,1.767095625400543213e-01,2.505870461463928223e-01,1.492312401533126831e-01,3.780819773674011230e-01,9.884621202945709229e-02,5.379353165626525879e-01,2.199708074331283569e-01,2.831764817237854004e-01,-5.187182128429412842e-02,3.416983187198638916e-01,1.691660732030868530e-01,6.809179782867431641e-01,3.652156591415405273e-01,3.334664702415466309e-01,8.916947245597839355e-02,5.838018059730529785e-01,1.833301931619644165e-01,5.576577186584472656e-01,2.003315687179565430e-01,5.265223979949951172e-01,1.034024879336357117e-01,3.489125370979309082e-01,1.354426890611648560e-01,3.960268795490264893e-01,3.688834011554718018e-01,-4.983757436275482178e-02,-1.678028553724288940e-01,-4.725273326039314270e-02,-1.087140664458274841e-01,-8.139023184776306152e-02,8.591444231569766998e-03,9.692182391881942749e-02,1.399899721145629883e-01,2.661406695842742920e-01,1.224209070205688477e-01,4.939077496528625488e-01,1.220897287130355835e-01,1.020379364490509033e-01,5.032326281070709229e-02,5.129653215408325195e-01,2.933662012219429016e-02,5.708294361829757690e-02,1.999460756778717041e-01,3.408588767051696777e-01,2.859069406986236572e-02,1.699210703372955322e-01,1.413107365369796753e-01,1.780153959989547729e-01,1.670529842376708984e-01,1.960297673940658569e-02,5.931033939123153687e-02,2.245008349418640137e-01,1.007882133126258850e-01,2.328495085239410400e-01,1.926498413085937500e-01,1.910282969474792480e-01,8.101440034806728363e-03,1.797299087047576904e-01,9.601908922195434570e-02,5.983179062604904175e-02,9.328059852123260498e-02,7.971667498350143433e-02,-6.261219084262847900e-02,-4.007543995976448059e-02,5.807792767882347107e-02,2.697964385151863098e-02,2.840820848941802979e-01,2.524627745151519775e-01,8.172328770160675049e-02,4.672272130846977234e-02,4.794215410947799683e-02
5.105717778205871582e-01,9.999997019767761230e-01,1.892951279878616333e-01,4.476489722728729248e-01,-4.345803707838058472e-02,1.421120911836624146e-01,2.088300287723541260e-01,4.007639586925506592e-01,1.116127446293830872e-01,8.367870748043060303e-02,5.885325744748115540e-02,3.918634951114654541e-01,-3.347611799836158752e-02,2.663716077804565430e-01,-1.789306476712226868e-02,1.246767789125442505e-01,1.166128218173980713e-01,3.810139000415802002e-01,3.544504046440124512e-01,4.369066357612609863e-01,-1.879640966653823853e-01,-1.746876686811447144e-01,-1.500859409570693970e-01,2.558960579335689545e-02,-2.429121173918247223e-03,4.184808582067489624e-03,4.247770830988883972e-02,3.076951391994953156e-02,-4.692157357931137085e-02,6.663101911544799805e-02,-8.717808127403259277e-02,-1.870247535407543182e-02,2.279799282550811768e-01,2.775383591651916504e-01,-8.617858588695526123e-02,-9.296728670597076416e-02,-5.495962873101234436e-02,9.805434942245483398e-02,1.689065247774124146e-02,-1.861932873725891113e-02,-1.069194525480270386e-01,-1.672086119651794434e-01,7.253056392073631287e-03,-3.591217100620269775e-02,1.085531935095787048e-01,7.218793034553527832e-02,-6.401523202657699585e-02,-4.611046984791755676e-02,1.887618601322174072e-01,1.265884637832641602e-01,3.362590372562408447e-01,3.004763722419738770e-01,-4.522948712110519409e-02,-4.915409907698631287e-02,3.325907886028289795e-02,5.875805020332336426e-02,5.139603018760681152e-01,6.310213208198547363e-01,2.141901552677154541e-01,1.402720212936401367e-01,3.634733259677886963e-01,1.954772770404815674e-01,3.651503026485443115e-01,4.913663566112518311e-01,3.112320005893707275e-01,2.860138714313507080e-01,2.547715604305267334e-01,1.032093390822410583e-01,5.333057641983032227e-01,2.942894101142883301e-01,-1.743777543306350708e-01,-2.023502141237258911e-01,-1.544172763824462891e-01,-2.264546900987625122e-01,-7.772308588027954102e-02,-9.480604529380798340e-02,-6.154293939471244812e-02,-2.178340405225753784e-02,1.458888947963714600e-01,1.497341394424438477e-01,2.888008654117584229e-01,3.355281949043273926e-01,-2.619747305288910866e-03,8.600528351962566376e-03,2.205265909433364868e-01,3.210872411727905273e-01,6.506482511758804321e-02,1.863036304712295532e-01,1.207890436053276062e-01,5.720045417547225952e-02,-7.570727914571762085e-02,-3.438892215490341187e-02,-6.714583933353424072e-02,1.465993840247392654e-02,-2.487354725599288940e-02,-2.773854695260524750e-02,6.443390157073736191e-03,1.548002567142248154e-02,-5.442817509174346924e-02,4.164081066846847534e-02,-1.105101313441991806e-02,1.714236438274383545e-01,-5.929782614111900330e-02,2.195807844400405884e-01,-1.814513467252254486e-02,8.310784399509429932e-02,3.599117323756217957e-02,-7.262691855430603027e-02,-6.925779581069946289e-02,-1.200665440410375595e-02,-5.977513268589973450e-02,8.330226689577102661e-02,-2.209437824785709381e-02,-1.534580998122692108e-02,1.113451793789863586e-01,-5.239714868366718292e-03
3.620275259017944336e-01,1.892951279878616333e-01,1.000000119209289551e+00,4.797580540180206299e-01,1.857367753982543945e-01,3.675280511379241943e-01,5.491824746131896973e-01,4.094040393829345703e-01,2.309150546789169312e-01,3.518340289592742920e-01,3.225855529308319092e-01,1.972279846668243408e-01,3.844832479953765869e-01,3.067450821399688721e-01,3.864561021327972412e-01,3.142075240612030029e-01,3.904995918273925781e-01,9.797574579715728760e-02,3.969374597072601318e-01,3.410784304141998291e-01,5.877494066953659058e-02,-6.242386996746063232e-03,3.021903634071350098e-01,5.041120648384094238e-01,9.867544472217559814e-02,3.591112196445465088e-01,1.024847403168678284e-01,3.426669836044311523e-01,3.851240575313568115e-01,2.006998211145401001e-01,3.026520013809204102e-01,4.517866671085357666e-01,2.157241702079772949e-01,2.444667220115661621e-01,1.607388071715831757e-02,-1.989787817001342773e-02,1.064711958169937134e-01,4.211533442139625549e-02,1.925946027040481567e-01,1.038116887211799622e-01,1.081478074193000793e-01,7.404708769172430038e-03,2.250128239393234253e-02,5.883782729506492615e-02,3.776771947741508484e-02,6.045438349246978760e-02,9.509853273630142212e-02,9.092611074447631836e-02,7.702112942934036255e-02,-1.878108084201812744e-02,1.086223125457763672e-01,-3.523845970630645752e-02,9.721551835536956787e-02,-8.713680505752563477e-02,1.527504771947860718e-01,1.383420079946517944e-01,3.232290744781494141e-01,1.397973895072937012e-01,3.417282178997993469e-02,-3.703819960355758667e-02,2.605336010456085205e-01,4.136641323566436768e-02,2.522637546062469482e-01,4.900074377655982971e-02,2.097807079553604126e-01,-8.397830277681350708e-02,4.838259145617485046e-02,-6.104250438511371613e-03,1.487184464931488037e-01,1.050398573279380798e-01,1.389830112457275391e-01,-7.892299443483352661e-03,8.120734244585037231e-02,4.801709949970245361e-02,7.366880774497985840e-02,5.431301146745681763e-02,6.671828031539916992e-02,8.473106473684310913e-02,2.116823345422744751e-01,6.524739786982536316e-03,2.671644687652587891e-01,9.093211591243743896e-02,2.206505984067916870e-01,5.676627159118652344e-02,2.163383960723876953e-01,-2.779098041355609894e-02,6.196596845984458923e-02,7.054780423641204834e-02,1.614235341548919678e-01,5.541596189141273499e-02,8.195473253726959229e-02,9.785439819097518921e-02,1.230614259839057922e-01,1.427722871303558350e-01,5.434820055961608887e-02,3.351138904690742493e-02,9.387179464101791382e-02,-1.092518959194421768e-02,4.502563923597335815e-02,1.190212443470954895e-01,6.539551168680191040e-02,-1.770390421152114868e-01,-4.000275582075119019e-02,-9.180109947919845581e-02,-6.292912364006042480e-02,9.837063401937484741e-02,1.160193234682083130e-01,-2.157226763665676117e-02,-6.246224790811538696e-02,3.589407727122306824e-02,-2.654494484886527061e-03,1.680300533771514893e-01,1.756840497255325317e-01,-6.070700474083423615e-03,-3.810367733240127563e-02,2.308876067399978638e-02
3.542221784591674805e-01,4.476489722728729248e-01,4.797580540180206299e-01,1.000000000000000000e+00,1.229357346892356873e-01,3.999994695186614990e-01,4.680936932563781738e-01,6.089684963226318359e-01,3.400039374828338623e-01,3.398156166076660156e-01,2.831813693046569824e-01,3.327407240867614746e-01,3.667055368423461914e-01,4.241530299186706543e-01,3.173317611217498779e-01,4.231055080890655518e-01,2.624426186084747314e-01,2.457842081785202026e-01,2.657076120376586914e-01,4.025868177413940430e-01,-6.088397279381752014e-02,-7.779084891080856323e-02,5.778534337878227234e-02,5.204975008964538574e-01,6.783281266689300537e-02,3.580679297447204590e-01,2.255533449351787567e-02,2.225534021854400635e-01,2.571426033973693848e-01,2.368001788854598999e-01,4.691961407661437988e-02,2.952436208724975586e-01,1.116205304861068726e-01,2.099901437759399414e-01,-1.569337099790573120e-01,-2.029616683721542358e-01,-9.838532656431198120e-03,7.831060886383056641e-02,4.421480745077133179e-02,7.978942990303039551e-02,9.606558829545974731e-02,-8.156950585544109344e-03,8.053039759397506714e-02,1.887730672024190426e-03,6.419027596712112427e-02,3.202882036566734314e-02,8.615026250481605530e-03,-7.199939340353012085e-02,1.164966076612472534e-01,4.019386693835258484e-02,2.326918989419937134e-01,1.405893266201019287e-01,8.517145365476608276e-02,6.840289384126663208e-02,5.238071084022521973e-02,1.359034031629562378e-01,2.511556446552276611e-01,3.210765123367309570e-01,9.658048301935195923e-02,-2.028965950012207031e-02,2.042059004306793213e-01,1.279601007699966431e-01,2.065840363502502441e-01,3.058439791202545166e-01,3.187797069549560547e-01,1.247133016586303711e-01,5.712935701012611389e-02,2.158302348107099533e-03,2.130376845598220825e-01,1.462194025516510010e-01,-5.987192690372467041e-02,-1.129963397979736328e-01,-8.514101803302764893e-02,-1.276754587888717651e-01,-2.752705104649066925e-02,4.542940855026245117e-02,-9.955003857612609863e-02,-3.347297757863998413e-02,1.597062796354293823e-01,6.285471469163894653e-02,2.144721746444702148e-01,2.694848477840423584e-01,2.716154456138610840e-01,3.024945855140686035e-01,2.266763299703598022e-01,2.150167971849441528e-01,1.649786978960037231e-01,1.915180981159210205e-01,1.808290928602218628e-01,1.835648715496063232e-01,4.522887617349624634e-02,8.191474527120590210e-02,1.233887895941734314e-01,1.019031107425689697e-01,2.865837514400482178e-02,-4.582932963967323303e-02,-9.610868291929364204e-04,-6.856126710772514343e-03,2.858927845954895020e-02,1.059619486331939697e-01,5.657536908984184265e-02,-1.245191600173711777e-02,-2.193270996212959290e-02,1.867212471552193165e-03,1.020976342260837555e-02,1.781609505414962769e-01,1.112119033932685852e-01,1.956144720315933228e-02,-8.675599098205566406e-02,-3.776957467198371887e-02,-1.103589907288551331e-01,1.688485294580459595e-01,6.251574307680130005e-02,1.129592508077621460e-01,-9.961816482245922089e-03,-1.094811316579580307e-02
-1.057913992553949356e-03,-4.345803707838058472e-02,1.857367753982543945e-01,1.229357346892356873e-01,9.999998211860656738e-01,4.901393353939056396e-01,-9.214302897453308105e-02,-2.259513363242149353e-02,5.727131962776184082e-01,4.148283600807189941e-01,-5.669794231653213501e-02,-3.375491872429847717e-02,1.224817410111427307e-01,5.905162170529365540e-02,3.596164286136627197e-01,3.830237686634063721e-01,9.407260268926620483e-02,1.081808730959892273e-01,1.065563783049583435e-01,5.623557418584823608e-02,2.537923157215118408e-01,2.140447944402694702e-01,4.112735986709594727e-01,7.574134320020675659e-02,4.904565215110778809e-01,4.414065778255462646e-01,5.203127264976501465e-01,3.766583204269409180e-01,3.192621469497680664e-01,1.102597862482070923e-01,6.351956725120544434e-02,1.607087552547454834e-01,1.422376781702041626e-01,6.063973158597946167e-02,7.510592043399810791e-02,9.720555692911148071e-02,7.902280986309051514e-02,1.055838093161582947e-01,1.967001706361770630e-01,1.792536228895187378e-01,-3.309001773595809937e-02,7.614945620298385620e-02,-4.245250299572944641e-02,1.606094278395175934e-02,-4.757179692387580872e-02,8.391843736171722412e-02,2.602440118789672852e-02,4.823986813426017761e-02,1.081040501594543457e-01,1.108775064349174500e-01,-1.120394561439752579e-02,-1.693331636488437653e-02,7.802070677280426025e-02,8.138225227594375610e-02,1.307155042886734009e-01,7.755813002586364746e-02,6.775429844856262207e-02,-1.497913617640733719e-03,8.489433676004409790e-02,1.079956889152526855e-01,7.528629153966903687e-02,-6.906040757894515991e-02,4.697962850332260132e-02,-3.937569633126258850e-02,1.063103154301643372e-01,-9.573847800493240356e-02,1.093947067856788635e-01,2.034922242164611816e-01,1.210345923900604248e-01,1.619106382131576538e-01,6.995570659637451172e-02,9.020803868770599365e-02,2.174718379974365234e-01,1.473951637744903564e-01,1.068303287029266357e-01,1.258967518806457520e-01,2.702221833169460297e-02,1.665712520480155945e-02,2.685771584510803223e-01,6.848568469285964966e-02,1.288371533155441284e-01,7.374604791402816772e-02,3.249494731426239014e-01,2.593240141868591309e-01,1.268149018287658691e-01,5.163703113794326782e-02,3.454832732677459717e-01,1.505898535251617432e-01,3.175270855426788330e-01,1.786961406469345093e-01,1.294983029365539551e-01,-1.378169953823089600e-01,-8.551713824272155762e-02,-1.922519057989120483e-01,1.147224754095077515e-02,1.741513423621654510e-02,-1.509897783398628235e-02,-2.896368317306041718e-02,-8.043584227561950684e-02,-1.254873573780059814e-01,-2.842324599623680115e-02,-6.123999506235122681e-02,-1.050426885485649109e-01,-1.054186895489692688e-01,-9.497224539518356323e-02,2.346092462539672852e-02,1.564890742301940918e-01,5.353940185159444809e-03,1.250072568655014038e-01,-3.596193715929985046e-02,9.009498357772827148e-02,-2.036541402339935303e-01,-2.763794660568237305e-01,-1.592827290296554565e-01,8.466164767742156982e-02,1.425198912620544434e-01
8.409255743026733398e-02,1.421120911836624146e-01,3.675280511379241943e-01,3.999994695186614990e-01,4.901393353939056396e-01,1.000000119209289551e+00,1.599953323602676392e-01,2.767980992794036865e-01,6.670804023742675781e-01,6.909658312797546387e-01,7.642726600170135498e-02,1.428450495004653931e-01,3.250118196010589600e-01,2.396082878112792969e-01,5.415725708007812500e-01,6.025630235671997070e-01,1.684123426675796509e-01,2.118277847766876221e-01,1.917787343263626099e-01,1.266890317201614380e-01,1.346424669027328491e-01,1.172915473580360413e-01,1.969280689954757690e-01,3.260373473167419434e-01,2.788862884044647217e-01,6.593229770660400391e-01,3.226559460163116455e-01,5.714080929756164551e-01,2.334261685609817505e-01,1.370278596878051758e-01,1.388096809387207031e-01,2.657099962234497070e-01,1.624112874269485474e-01,1.078751683235168457e-01,1.967574097216129303e-02,7.302387617528438568e-03,1.508107222616672516e-02,1.235842183232307434e-01,1.487244665622711182e-01,1.316676139831542969e-01,-8.399460464715957642e-03,2.399464696645736694e-02,-5.485553666949272156e-02,-6.165921688079833984e-02,-1.576330512762069702e-02,4.646942391991615295e-02,1.758599304594099522e-03,-3.725642710924148560e-02,6.695222109556198120e-02,1.009289398789405823e-01,8.378408104181289673e-02,6.047878786921501160e-02,9.863298386335372925e-02,5.314135551452636719e-02,2.778037078678607941e-02,4.623120278120040894e-02,1.840030401945114136e-01,1.654192805290222168e-01,1.855182051658630371e-01,1.272588670253753662e-01,1.795222610235214233e-01,1.071163453161716461e-02,7.222256809473037720e-02,5.800443887710571289e-02,2.063550800085067749e-01,4.993409663438796997e-02,1.775416582822799683e-01,1.515008062124252319e-01,2.859962582588195801e-01,2.760140895843505859e-01,5.259939655661582947e-02,-1.075643487274646759e-02,6.075105443596839905e-02,2.718902938067913055e-02,8.040577918291091919e-02,5.059592053294181824e-02,-8.881381154060363770e-02,-5.326880607753992081e-03,2.164876759052276611e-01,9.982080757617950439e-02,1.462436914443969727e-01,2.167173475027084351e-01,4.161879122257232666e-01,3.302238285541534424e-01,1.395273953676223755e-01,1.534755825996398926e-01,2.833334505558013916e-01,1.491080820560455322e-01,1.679237782955169678e-01,1.772558391094207764e-01,6.636483967304229736e-02,-1.433217823505401611e-01,-9.374252706766128540e-02,-1.853351145982742310e-01,-5.684972554445266724e-02,-1.094012260437011719e-01,-6.246563792228698730e-02,-1.067348718643188477e-01,-1.235299929976463318e-01,-6.424022465944290161e-02,-6.442647427320480347e-02,-6.753710657358169556e-02,-1.619817018508911133e-01,-1.206485629081726074e-01,-6.797056645154953003e-02,1.422867625951766968e-01,7.808063924312591553e-02,-9.721122682094573975e-03,-1.401583403348922729e-01,-8.093079179525375366e-02,-1.727130636572837830e-02,-1.193974241614341736e-01,-2.467434853315353394e-01,-1.014666259288787842e-01,1.267753988504409790e-01,1.241415813565254211e-01
4.750261604785919189e-01,2.088300287723541260e-01,5.491824746131896973e-01,4.680936932563781738e-01,-9.214302897453308105e-02,1.599953323602676392e-01,9.999999403953552246e-01,5.135236382484436035e-01,1.297939568758010864e-01,1.060616821050643921e-01,6.301926970481872559e-01,3.147881627082824707e-01,6.113601922988891602e-01,3.140065670013427734e-01,3.149698972702026367e-01,2.856693565845489502e-01,3.855195343494415283e-01,1.523167639970779419e-01,9.752136468887329102e-02,2.485369741916656494e-01,-1.143310219049453735e-01,-6.864627450704574585e-02,6.346483249217271805e-03,4.928781986236572266e-01,3.107418119907379150e-02,1.736318022012710571e-01,-5.332843959331512451e-02,1.808594018220901489e-01,3.312982618808746338e-01,2.357138246297836304e-01,2.221464663743972778e-01,4.326840937137603760e-01,1.174279302358627319e-01,2.087395340204238892e-01,-9.732548147439956665e-02,-1.768400669097900391e-01,1.632336825132369995e-01,3.169875964522361755e-02,1.405063271522521973e-01,6.374038010835647583e-02,1.467607468366622925e-01,7.673511654138565063e-02,1.327190548181533813e-01,9.989530779421329498e-03,1.165309920907020569e-01,-1.018164828419685364e-01,1.600727736949920654e-01,3.554030880331993103e-02,6.438504159450531006e-02,-1.535584777593612671e-01,2.484346628189086914e-01,-3.377961739897727966e-02,1.624676436185836792e-01,-9.110144525766372681e-02,1.591939628124237061e-01,1.151413097977638245e-01,2.710826992988586426e-01,1.092265918850898743e-01,8.347585797309875488e-02,-9.692730009555816650e-02,2.245982736349105835e-01,2.545740641653537750e-02,2.538513541221618652e-01,9.008168429136276245e-02,2.953042984008789062e-01,-1.180623937398195267e-02,1.643012743443250656e-03,-1.702171415090560913e-01,-1.861054077744483948e-02,-3.547199815511703491e-02,4.814371094107627869e-02,-7.262893021106719971e-02,-1.330082677304744720e-02,-3.140713647007942200e-02,2.239823341369628906e-02,1.163243278861045837e-01,4.700642079114913940e-02,8.455578982830047607e-02,1.250791400671005249e-01,-3.983690962195396423e-02,2.833147048950195312e-01,7.713773287832736969e-03,2.814644277095794678e-01,1.643984466791152954e-01,3.578940927982330322e-01,-2.020241320133209229e-02,6.779035925865173340e-02,-1.595797389745712280e-02,1.901266574859619141e-01,4.412405192852020264e-02,1.315080672502517700e-01,1.745198965072631836e-01,2.714674770832061768e-01,1.844109892845153809e-01,-5.857744440436363220e-02,-6.670833379030227661e-02,1.336695253849029541e-01,3.637153655290603638e-02,2.061498761177062988e-01,2.074226737022399902e-01,8.440250903367996216e-02,-8.014514297246932983e-02,8.318092674016952515e-02,-2.246811054646968842e-02,1.112365126609802246e-01,1.617149114608764648e-01,-1.855813711881637573e-02,-5.364457145333290100e-02,-9.245121479034423828e-02,-2.656619250774383545e-02,-1.037964150309562683e-01,3.027181923389434814e-01,3.627874553203582764e-01,9.461061656475067139e-02,-3.240520134568214417e-02,-9.767779707908630371e-02
2.999365329742431641e-01,4.007639586925506592e-01,4.094040393829345703e-01,6.089684963226318359e-01,-2.259513363242149353e-02,2.767980992794036865e-01,5.135236382484436035e-01,9.999995827674865723e-01,2.261561453342437744e-01,2.509258985519409180e-01,4.083957970142364502e-01,4.997810721397399902e-01,4.091407954692840576e-01,5.321023464202880859e-01,2.228589653968811035e-01,2.887417376041412354e-01,2.130573987960815430e-01,2.452090680599212646e-01,1.727926433086395264e-01,2.412867546081542969e-01,-1.589843630790710449e-01,-1.390258669853210449e-01,3.238612785935401917e-02,4.139150679111480713e-01,-2.896265825256705284e-03,1.917703151702880859e-01,-6.091045215725898743e-02,1.502201259136199951e-01,2.310293912887573242e-01,2.328923940658569336e-01,1.216879412531852722e-01,3.107140958309173584e-01,5.324986949563026428e-02,1.654486358165740967e-01,-2.048728018999099731e-01,-2.290218621492385864e-01,3.678170964121818542e-03,5.287506058812141418e-02,1.174904480576515198e-01,4.402581602334976196e-03,1.327864546328783035e-02,1.095332950353622437e-02,3.899203240871429443e-02,1.406781375408172607e-02,6.073383614420890808e-02,4.479379206895828247e-02,-2.212445624172687531e-02,-2.073847502470016479e-02,6.304761767387390137e-02,8.931894600391387939e-02,1.288702189922332764e-01,1.009209752082824707e-01,7.027181982994079590e-02,1.269784271717071533e-01,6.182621419429779053e-02,1.443638950586318970e-01,1.027224063873291016e-01,3.567057549953460693e-01,7.219895720481872559e-02,7.579597085714340210e-02,1.039176732301712036e-01,2.751937508583068848e-01,7.248605787754058838e-02,2.787563800811767578e-01,1.801043748855590820e-01,2.534483671188354492e-01,1.573536358773708344e-02,-2.658703364431858063e-02,9.166033565998077393e-02,7.202481478452682495e-02,-4.484346881508827209e-02,-8.498017489910125732e-02,-1.271097958087921143e-01,-1.310518682003021240e-01,-7.386756595224142075e-03,6.075738742947578430e-02,-6.578981131315231323e-02,2.048005349934101105e-02,1.713081747293472290e-01,1.720929332077503204e-02,2.125544995069503784e-01,3.062995076179504395e-01,1.480884701013565063e-01,3.130795061588287354e-01,2.073756158351898193e-01,3.169302046298980713e-01,2.151319384574890137e-01,1.149723157286643982e-01,1.414237916469573975e-01,2.519097328186035156e-01,6.485959887504577637e-02,1.216329261660575867e-01,1.125551015138626099e-01,1.609608978033065796e-01,6.928778719156980515e-03,-1.283156573772430420e-01,7.446133997291326523e-03,-4.852331429719924927e-02,6.632703542709350586e-02,1.358418911695480347e-01,-3.935579955577850342e-02,-4.270454496145248413e-02,-1.076859608292579651e-01,1.179662719368934631e-02,-9.031256288290023804e-02,1.531129032373428345e-01,-1.800185069441795349e-02,-1.274738693609833717e-03,-1.252541095018386841e-01,-5.294574052095413208e-02,-1.389269381761550903e-01,2.347524613142013550e-01,1.665674299001693726e-01,9.712637960910797119e-02,5.640500038862228394e-02,-4.062967002391815186e-02
4.063549637794494629e-02,1.116127446293830872e-01,2.309150546789169312e-01,3.400039374828338623e-01,5.727131962776184082e-01,6.670804023742675781e-01,1.297939568758010864e-01,2.261561453342437744e-01,9.999992847442626953e-01,5.840939283370971680e-01,7.504688948392868042e-02,9.934254735708236694e-02,3.311157822608947754e-01,2.223663330078125000e-01,5.511766076087951660e-01,5.507205724716186523e-01,1.099681034684181213e-01,2.168620079755783081e-01,1.097692027688026428e-01,8.570533990859985352e-02,1.777765005826950073e-01,1.915940940380096436e-01,2.201098799705505371e-01,2.999218702316284180e-01,3.707192540168762207e-01,5.828657746315002441e-01,3.192833364009857178e-01,4.855673313140869141e-01,2.383936792612075806e-01,1.165922656655311584e-01,1.111258268356323242e-01,2.111761122941970825e-01,1.232585385441780090e-01,6.566853076219558716e-02,-1.694167219102382660e-02,-3.618812188506126404e-02,1.021426841616630554e-01,1.210191696882247925e-01,1.566760241985321045e-01,1.631231606006622314e-01,3.477579727768898010e-02,1.188809499144554138e-01,-6.682614982128143311e-02,-7.974302023649215698e-02,4.092586692422628403e-03,4.353861510753631592e-02,-1.351257041096687317e-02,-7.565146684646606445e-02,7.379341125488281250e-02,1.269374936819076538e-01,5.384112894535064697e-02,6.312835961580276489e-02,7.143921405076980591e-02,4.389730468392372131e-02,1.758641749620437622e-02,2.484449371695518494e-02,1.050073355436325073e-01,1.650918573141098022e-01,1.240474954247474670e-01,1.309227347373962402e-01,1.198872625827789307e-01,3.624614700675010681e-02,4.766276851296424866e-02,1.124033704400062561e-01,1.887630969285964966e-01,5.500029772520065308e-02,1.402020305395126343e-01,1.746141165494918823e-01,1.731566786766052246e-01,2.199257165193557739e-01,4.841699847020208836e-04,-5.437177605926990509e-04,5.525004491209983826e-02,1.745541766285896301e-02,9.047918953001499176e-03,3.138006851077079773e-02,-9.939873218536376953e-02,-3.989695757627487183e-02,1.897556632757186890e-01,1.106023415923118591e-01,1.256920695304870605e-01,1.455199420452117920e-01,4.739283323287963867e-01,3.698014318943023682e-01,1.298025697469711304e-01,1.624344289302825928e-01,3.604085743427276611e-01,1.181766316294670105e-01,2.122414857149124146e-01,2.011921256780624390e-01,8.398559689521789551e-02,-1.191456243395805359e-01,-3.947190195322036743e-02,-1.798108816146850586e-01,-3.112708590924739838e-02,-7.382534444332122803e-02,-8.843910694122314453e-02,-7.506083697080612183e-02,-1.141029223799705505e-01,-6.905585527420043945e-02,-2.311122044920921326e-02,2.515196800231933594e-02,-9.868554025888442993e-02,-5.791544541716575623e-02,-2.747879549860954285e-02,1.633371412754058838e-01,9.055131673812866211e-02,2.867391891777515411e-02,-9.717258065938949585e-02,-7.893645018339157104e-02,-3.113109245896339417e-02,-1.371535658836364746e-01,-2.703902721405029297e-01,-8.289102464914321899e-02,1.412111669778823853e-01,7.473355531692504883e-02
1.811086945235729218e-02,8.367870748043060303e-02,3.518340289592742920e-01,3.398156166076660156e-01,4.148283600807189941e-01,6.909658312797546387e-01,1.060616821050643921e-01,2.509258985519409180e-01,5.840939283370971680e-01,9.999997615814208984e-01,4.718692228198051453e-02,3.734696656465530396e-02,2.489280551671981812e-01,1.833453625440597534e-01,4.656933248043060303e-01,5.290043950080871582e-01,1.066705584526062012e-01,3.041667304933071136e-02,1.204624176025390625e-01,2.572537027299404144e-02,6.524640321731567383e-02,2.259848639369010925e-02,1.529910266399383545e-01,2.424765974283218384e-01,1.383740007877349854e-01,5.026481747627258301e-01,1.278089731931686401e-01,3.598244786262512207e-01,1.853533089160919189e-01,4.961682017892599106e-03,3.793808817863464355e-02,1.784461438655853271e-01,1.035465076565742493e-01,1.907613314688205719e-02,-3.663749992847442627e-02,-5.211176350712776184e-02,-2.939406223595142365e-02,-4.308878257870674133e-02,2.886208891868591309e-02,-3.076306544244289398e-02,-3.722597658634185791e-02,-9.807144105434417725e-02,-1.142980977892875671e-01,-9.143278002738952637e-02,-2.357534877955913544e-02,5.961565673351287842e-02,-7.063620537519454956e-02,-1.067512258887290955e-01,1.127791479229927063e-01,1.064748018980026245e-01,6.572613865137100220e-02,-5.041636526584625244e-03,5.130875855684280396e-02,-3.454913198947906494e-02,-3.826344758272171021e-02,-8.660133928060531616e-02,1.333884447813034058e-01,7.411069422960281372e-02,1.912177801132202148e-01,1.264333724975585938e-01,1.666744500398635864e-01,-4.724160581827163696e-02,5.507317185401916504e-02,-6.118160486221313477e-02,2.077462524175643921e-01,-1.532989460974931717e-02,1.438675820827484131e-01,1.183873564004898071e-01,1.901140213012695312e-01,1.913613975048065186e-01,-2.082332037389278412e-02,-1.031492277979850769e-01,-1.253440324217081070e-02,-5.713886767625808716e-02,2.309810556471347809e-02,-2.383104152977466583e-02,-1.612156182527542114e-01,-1.132904440164566040e-01,2.341743707656860352e-01,-1.890321448445320129e-02,9.959737211465835571e-02,1.002121642231941223e-01,2.904400527477264404e-01,1.814469397068023682e-01,7.741505652666091919e-02,5.164191871881484985e-02,1.610094159841537476e-01,1.206938549876213074e-01,1.072657331824302673e-01,1.045607849955558777e-01,8.868127129971981049e-03,-1.843387782573699951e-01,-1.781022399663925171e-01,-2.102959305047988892e-01,-4.222707450389862061e-02,-1.197315678000450134e-01,-1.685328036546707153e-01,-2.120587527751922607e-01,-1.519203335046768188e-01,-1.212742924690246582e-01,-1.196868419647216797e-01,-9.198849648237228394e-02,-2.373566031455993652e-01,-1.040497347712516785e-01,-1.258316785097122192e-01,9.654758870601654053e-02,3.382322564721107483e-02,-8.723722398281097412e-02,-1.438376158475875854e-01,-8.020909875631332397e-02,-7.799131423234939575e-02,-1.380230784416198730e-01,-2.541652619838714600e-01,-1.201282218098640442e-01,1.466991305351257324e-01,4.972169548273086548e-02
3.975741565227508545e-01,5.885325744748115540e-02,3.225855529308319092e-01,2.831813693046569824e-01,-5.669794231653213501e-02,7.642726600170135498e-02,6.301926970481872559e-01,4.083957970142364502e-01,7.504688948392868042e-02,4.718692228198051453e-02,1.000000119209289551e+00,3.101360797882080078e-01,5.660427808761596680e-01,3.571247756481170654e-01,1.881175786256790161e-01,1.122199594974517822e-01,5.380916595458984375e-01,1.976823657751083374e-01,-1.893605687655508518e-03,1.736734211444854736e-01,-1.115465834736824036e-01,-6.041424348950386047e-02,-5.756431818008422852e-02,2.805653810501098633e-01,-7.319415360689163208e-02,5.687355995178222656e-02,-8.421472460031509399e-02,9.552422910928726196e-02,4.393818378448486328e-01,2.477069348096847534e-01,2.654061019420623779e-01,3.999255895614624023e-01,1.272915601730346680e-01,2.359845489263534546e-01,-8.555655926465988159e-02,-1.571778506040573120e-01,2.236452549695968628e-01,8.774046599864959717e-02,1.284089833498001099e-01,3.996068239212036133e-02,1.591933816671371460e-01,7.143617421388626099e-02,2.863548994064331055e-01,1.224578246474266052e-01,2.014361917972564697e-01,1.549608446657657623e-02,3.146705329418182373e-01,1.459001600742340088e-01,1.513343602418899536e-01,-3.632231801748275757e-02,3.303067088127136230e-01,4.888128861784934998e-02,3.288406729698181152e-01,8.004667609930038452e-02,3.460087776184082031e-01,2.798364460468292236e-01,1.966429650783538818e-01,5.164316296577453613e-02,1.534297764301300049e-01,-1.648728922009468079e-02,2.208249270915985107e-01,3.551251441240310669e-02,2.257154583930969238e-01,-3.640301525592803955e-02,2.896118760108947754e-01,2.880404470488429070e-03,9.417410939931869507e-02,-7.389257848262786865e-02,-1.278248429298400879e-02,1.568074524402618408e-02,1.420454233884811401e-01,4.358927905559539795e-02,1.129737347364425659e-01,5.728279799222946167e-02,1.758018434047698975e-01,1.695849895477294922e-01,1.621175855398178101e-01,1.857237517833709717e-01,2.554210424423217773e-01,8.462803810834884644e-02,4.221699535846710205e-01,9.354972094297409058e-02,2.186863273382186890e-01,1.674005985260009766e-01,5.300447344779968262e-01,2.872611628845334053e-03,9.563463926315307617e-02,1.131993904709815979e-01,4.180829226970672607e-01,1.191020384430885315e-01,3.036687374114990234e-01,2.114828228950500488e-01,2.891610860824584961e-01,2.012003958225250244e-01,1.410921569913625717e-02,-7.255215663462877274e-03,2.915668487548828125e-01,1.175876855850219727e-01,2.869863510131835938e-01,2.427586913108825684e-01,1.335252523422241211e-01,-1.612964272499084473e-02,1.337340474128723145e-01,1.375473104417324066e-02,9.804162383079528809e-02,4.505905881524085999e-02,6.949000060558319092e-03,-3.662193194031715393e-02,-5.602693185210227966e-02,-3.638781607151031494e-02,-5.728372372686862946e-03,3.314979076385498047e-01,3.427960872650146484e-01,1.020630300045013428e-01,4.687348380684852600e-02,-7.920027524232864380e-02
2.139336019754409790e-01,3.918634951114654541e-01,1.972279846668243408e-01,3.327407240867614746e-01,-3.375491872429847717e-02,1.428450495004653931e-01,3.147881627082824707e-01,4.997810721397399902e-01,9.934254735708236694e-02,3.734696656465530396e-02,3.101360797882080078e-01,9.999998211860656738e-01,1.719066500663757324e-01,5.277959108352661133e-01,1.056999862194061279e-01,1.701917201280593872e-01,3.059568107128143311e-01,5.147016048431396484e-01,1.108320131897926331e-01,1.351165324449539185e-01,-8.085212856531143188e-02,-7.759556919336318970e-02,-9.258419275283813477e-02,1.286215484142303467e-01,2.871560119092464447e-02,6.068830192089080811e-02,8.513394743204116821e-02,1.600433588027954102e-01,1.820603162050247192e-01,2.679302990436553955e-01,1.392227113246917725e-01,2.391485124826431274e-01,1.478611975908279419e-01,2.534120976924896240e-01,-6.830285489559173584e-02,-6.367176771163940430e-02,3.722514957189559937e-02,1.281540095806121826e-01,1.438518986105918884e-02,-1.124329399317502975e-02,7.513985782861709595e-02,-2.231810055673122406e-02,9.945431724190711975e-03,-3.536121174693107605e-02,5.421697720885276794e-02,-4.838949441909790039e-02,3.502466529607772827e-02,9.873167611658573151e-03,2.117449650540947914e-03,7.742182910442352295e-02,1.049790531396865845e-01,1.958376616239547729e-01,5.475158616900444031e-02,1.820473968982696533e-01,-5.824771360494196415e-04,1.640551388263702393e-01,2.855942212045192719e-02,4.294559657573699951e-01,2.611825242638587952e-02,1.556854993104934692e-01,1.886705495417118073e-02,3.018853366374969482e-01,-4.018361493945121765e-02,4.196489155292510986e-01,2.917177788913249969e-02,2.942143082618713379e-01,1.129606738686561584e-01,7.960568368434906006e-02,1.665993779897689819e-01,5.351680144667625427e-02,-3.827933222055435181e-02,-1.939311064779758453e-02,8.752018213272094727e-02,3.615468740463256836e-02,1.764989644289016724e-01,1.007094904780387878e-01,1.003695726394653320e-01,1.293230652809143066e-01,1.527007669210433960e-01,1.911778748035430908e-01,1.693740785121917725e-01,4.633251130580902100e-01,7.931289821863174438e-02,2.912824749946594238e-01,2.055190056562423706e-01,4.895833432674407959e-01,1.511843502521514893e-01,2.347658574581146240e-01,1.026610210537910461e-01,2.900716364383697510e-01,1.701635122299194336e-02,-1.665052957832813263e-02,-5.897015798836946487e-03,1.882711239159107208e-02,-1.383451521396636963e-01,-3.416465595364570618e-02,4.102179035544395447e-02,4.085719957947731018e-02,-5.611008033156394958e-02,4.198222234845161438e-02,-4.977606236934661865e-02,1.654973626136779785e-01,-3.635176271200180054e-02,9.245936572551727295e-02,7.052649743854999542e-03,7.623681426048278809e-02,-1.015845499932765961e-02,-1.118659675121307373e-01,-9.494092315435409546e-02,-7.079501450061798096e-02,-4.012563824653625488e-02,3.861379623413085938e-02,-2.546517737209796906e-02,-2.397565729916095734e-02,1.092144027352333069e-01,-1.197512745857238770e-01
1.759893149137496948e-01,-3.347611799836158752e-02,3.844832479953765869e-01,3.667055368423461914e-01,1.224817410111427307e-01,3.250118196010589600e-01,6.113601922988891602e-01,4.091407954692840576e-01,3.311157822608947754e-01,2.489280551671981812e-01,5.660427808761596680e-01,1.719066500663757324e-01,1.000000119209289551e+00,2.828855514526367188e-01,5.308907032012939453e-01,3.786101341247558594e-01,3.443444669246673584e-01,1.706901937723159790e-01,-5.717699602246284485e-02,1.048713997006416321e-01,2.330481819808483124e-02,9.222790598869323730e-02,1.770375967025756836e-01,5.382767319679260254e-01,1.775936782360076904e-01,3.371744155883789062e-01,4.238867387175559998e-02,2.794273197650909424e-01,4.175179600715637207e-01,3.033738732337951660e-01,2.973244488239288330e-01,5.039595365524291992e-01,7.386162877082824707e-02,1.453976035118103027e-01,-7.296913117170333862e-02,-1.269698292016983032e-01,2.553953826427459717e-01,7.941148430109024048e-02,2.086197882890701294e-01,7.505910843610763550e-02,2.500103116035461426e-01,2.017945498228073120e-01,1.400709450244903564e-01,6.275939196348190308e-02,6.973188370466232300e-02,-4.224522039294242859e-02,1.964279115200042725e-01,6.858396530151367188e-02,2.016947418451309204e-02,-3.115938417613506317e-02,1.076368317008018494e-01,-8.515969850122928619e-03,1.773442775011062622e-01,6.110653281211853027e-02,2.234394550323486328e-01,1.651718765497207642e-01,9.307023882865905762e-02,-1.355939079076051712e-03,5.571743473410606384e-02,-6.258111447095870972e-02,7.269683480262756348e-02,-1.559515297412872314e-02,1.267756372690200806e-01,-3.213519603013992310e-02,1.783156991004943848e-01,-2.682043053209781647e-02,-1.962772198021411896e-02,-7.169282436370849609e-02,-1.116931065917015076e-01,3.971372917294502258e-02,1.627679765224456787e-01,6.230336427688598633e-02,1.093694567680358887e-01,1.160660758614540100e-01,1.169077679514884949e-01,1.962552368640899658e-01,6.333453953266143799e-02,1.500944346189498901e-01,2.019367069005966187e-01,9.082101285457611084e-02,2.589465379714965820e-01,3.589021414518356323e-02,4.570410847663879395e-01,2.501810491085052490e-01,2.967540323734283447e-01,5.341074429452419281e-03,2.778030931949615479e-01,-9.601421654224395752e-02,2.166506052017211914e-01,1.005296781659126282e-01,1.720762997865676880e-01,1.096532493829727173e-01,2.303126901388168335e-01,4.597538337111473083e-02,-5.811886861920356750e-02,-1.313885897397994995e-01,7.543450593948364258e-02,-1.122277416288852692e-02,1.473492383956909180e-01,1.476572901010513306e-01,-2.272860333323478699e-02,-1.473943740129470825e-01,-2.425037138164043427e-02,-1.365022361278533936e-01,7.595612108707427979e-02,1.004344075918197632e-01,-5.707069858908653259e-02,1.089271716773509979e-02,-1.135276257991790771e-01,-8.291830867528915405e-02,-3.720268234610557556e-02,2.543891072273254395e-01,2.451235651969909668e-01,3.253869339823722839e-02,-5.955158732831478119e-03,-1.150366216897964478e-01
