9.999997615814208984e-01,4.678072631359100342e-01,-2.311366796493530273e-01,2.233716845512390137e-01,-1.206575483083724976e-01,-9.186102449893951416e-02,-6.718150526285171509e-02,1.682212203741073608e-01,-1.505223065614700317e-01,-7.496587932109832764e-02,4.116472005844116211e-01,3.446310460567474365e-01,-7.467087358236312866e-02,1.323035061359405518e-01,-1.817879676818847656e-01,-1.182204559445381165e-01,4.833932220935821533e-01,2.741068005561828613e-01,4.266463816165924072e-01,3.798949122428894043e-01,-3.045747801661491394e-02,1.517269201576709747e-02,-5.654191132634878159e-03,3.142787516117095947e-02,-1.502677500247955322e-01,3.871093317866325378e-02,-1.165959285572171211e-03,3.506238386034965515e-02,1.244736984372138977e-01,2.448914013803005219e-02,-2.262333184480667114e-01,-5.830923840403556824e-02,5.180856585502624512e-02,1.211286708712577820e-01,1.491556167602539062e-01,2.655009627342224121e-01,6.499098148196935654e-03,-1.212171614170074463e-01,-3.306261077523231506e-02,-1.201641112565994263e-01,-9.477435797452926636e-02,-2.073687016963958740e-01,2.865471243858337402e-01,1.745543479919433594e-01,1.981300860643386841e-01,4.984065890312194824e-02,9.301025420427322388e-02,8.875916898250579834e-02,3.057656884193420410e-01,1.472555398941040039e-01,1.073690205812454224e-01,-4.503796994686126709e-02,4.318683221936225891e-02,-1.031053885817527771e-01,-7.735773175954818726e-02,-5.524455383419990540e-02,5.087065100669860840e-01,1.995240598917007446e-01,2.170026749372482300e-01,-4.113749787211418152e-02,1.743589490652084351e-01,-2.167044952511787415e-02,2.409442961215972900e-01,1.240371167659759521e-01,1.195863485336303711e-01,1.082249134778976440e-01,1.563348025083541870e-01,1.371558010578155518e-01,4.480156898498535156e-01,4.378917813301086426e-01,1.423305086791515350e-02,1.445569396018981934e-01,-8.531576395034790039e-02,3.394000232219696045e-02,2.108946442604064941e-02,2.362821809947490692e-02,2.201075106859207153e-01,1.560335159301757812e-01,2.283395975828170776e-01,7.483167201280593872e-02,3.699764311313629150e-01,2.084215730428695679e-01,-1.806507259607315063e-01,-5.193369835615158081e-02,1.809470057487487793e-01,1.048827767372131348e-01,-9.714486449956893921e-02,-1.148572191596031189e-01,-5.217751860618591309e-02,-1.036410331726074219e-01,-1.054344475269317627e-01,-1.271819472312927246e-01,-1.249745935201644897e-01,-2.036491632461547852e-01,1.069747135043144226e-01,-6.942041963338851929e-02,9.627677500247955322e-02,-9.902542224153876305e-04,-3.917872905731201172e-03,7.229056209325790405e-02,-8.050353080034255981e-02,-1.792525351047515869e-01,3.807116299867630005e-02,-7.270580157637596130e-03,1.199038773775100708e-01,1.124432981014251709e-01,5.711412802338600159e-02,-4.387184232473373413e-02,2.925992943346500397e-02,5.486169457435607910e-02,5.196582525968551636e-02,1.022558286786079407e-01,1.604697108268737793e-01,1.056472808122634888e-01,1.037979051470756531e-01,5.319172143936157227e-02
4.678072631359100342e-01,1.000000357627868652e+00,-8.502913266420364380e-02,1.913463175296783447e-01,-1.352644711732864380e-01,-8.041662722826004028e-02,1.141592189669609070e-01,3.200733959674835205e-01,-2.855652570724487305e-01,-7.821024209260940552e-02,1.072832122445106506e-01,2.233824282884597778e-01,-1.415825635194778442e-01,-7.489380985498428345e-02,-2.923287153244018555e-01,-1.524679362773895264e-01,1.113644838333129883e-01,2.879943549633026123e-01,3.532551527023315430e-01,3.528969287872314453e-01,-3.906737640500068665e-02,-4.816265404224395752e-02,-7.489244639873504639e-02,-6.255756318569183350e-02,-2.389455288648605347e-01,-1.670723855495452881e-01,2.254176884889602661e-02,1.074896454811096191e-01,2.319997362792491913e-02,-2.115900442004203796e-02,-2.176184505224227905e-01,-5.561846122145652771e-02,1.749679148197174072e-01,1.768424063920974731e-01,2.508253455162048340e-01,3.290804028511047363e-01,8.038204908370971680e-02,1.006266623735427856e-01,1.056716665625572205e-01,1.704373657703399658e-01,2.333311922848224640e-02,8.528029173612594604e-02,1.098892241716384888e-01,6.256429105997085571e-02,1.084096655249595642e-01,8.083011209964752197e-02,-1.254531648010015488e-02,-1.880119903944432735e-03,7.825653254985809326e-02,1.482207626104354858e-01,-9.979850612580776215e-03,-2.781737595796585083e-02,-8.424664288759231567e-02,-1.104067787528038025e-01,-9.008372575044631958e-02,1.101487874984741211e-01,2.241143286228179932e-01,2.919661998748779297e-01,2.183134704828262329e-01,1.208639591932296753e-01,2.721133232116699219e-01,8.310949057340621948e-02,-1.666868478059768677e-02,1.901344060897827148e-01,7.764634490013122559e-02,2.914786934852600098e-01,3.265321850776672363e-01,2.744045555591583252e-01,3.496983945369720459e-01,5.230726003646850586e-01,3.643454983830451965e-02,6.231065467000007629e-02,7.505191117525100708e-02,-8.912131935358047485e-02,7.481210678815841675e-02,-7.736593019217252731e-03,1.849453598260879517e-01,1.750667989253997803e-01,9.682300686836242676e-02,1.891459822654724121e-01,1.850544847548007965e-02,1.582913249731063843e-01,-1.481779515743255615e-01,7.177545875310897827e-02,-7.484784722328186035e-02,4.097523167729377747e-02,-8.147003501653671265e-02,6.538283824920654297e-02,-1.287335455417633057e-01,2.006311714649200439e-02,3.519654739648103714e-03,-3.327422216534614563e-02,-6.856300868093967438e-03,-5.676438286900520325e-02,7.666090130805969238e-02,6.845282763242721558e-02,6.682001799345016479e-02,1.248784363269805908e-01,8.955376106314361095e-04,1.022479459643363953e-01,4.230055958032608032e-02,3.430205211043357849e-02,3.089104406535625458e-02,5.320587381720542908e-02,-1.552585046738386154e-02,8.625310845673084259e-03,-9.792992472648620605e-02,-4.987398907542228699e-02,1.376148760318756104e-01,4.298465326428413391e-02,6.590504199266433716e-02,5.782724544405937195e-02,1.743126511573791504e-01,5.370416492223739624e-02,9.926648437976837158e-02,1.283151060342788696e-01
-2.311366796493530273e-01,-8.502913266420364380e-02,9.999997019767761230e-01,4.231867790222167969e-01,3.419347107410430908e-01,1.890264004468917847e-01,7.627810239791870117e-01,2.767964005470275879e-01,3.533090353012084961e-01,1.534398049116134644e-01,7.715311646461486816e-02,1.112365797162055969e-01,6.697128415107727051e-01,2.726181149482727051e-01,4.500125050544738770e-01,2.351949661970138550e-01,-7.374630123376846313e-02,2.758915536105632782e-02,-4.654344916343688965e-02,-1.635641790926456451e-02,2.913571894168853760e-01,2.119465321302413940e-01,7.143998742103576660e-01,5.737422108650207520e-01,2.926753759384155273e-01,2.182469367980957031e-01,2.808455526828765869e-01,1.476226001977920532e-01,2.790513932704925537e-01,2.277571856975555420e-01,5.071355104446411133e-01,4.994802176952362061e-01,4.784761462360620499e-03,7.178595662117004395e-02,-1.560976505279541016e-01,-1.381577700376510620e-01,-2.826596796512603760e-02,-2.214694023132324219e-01,-4.870534688234329224e-02,-1.069222018122673035e-01,-1.049700602889060974e-01,-8.864115923643112183e-02,7.239870727062225342e-02,4.335599020123481750e-02,-8.538421243429183960e-02,-9.858632087707519531e-02,1.190137043595314026e-01,1.117677465081214905e-01,1.265929196961224079e-03,4.285885766148567200e-02,1.124743074178695679e-01,3.145777061581611633e-02,2.762165963649749756e-01,6.137088313698768616e-02,1.063813641667366028e-01,8.694293349981307983e-02,4.394736140966415405e-02,3.206007555127143860e-02,-4.765584319829940796e-02,-1.672466993331909180e-01,4.216284677386283875e-02,-1.888187252916395664e-04,3.151176869869232178e-01,1.070571765303611755e-01,2.141980081796646118e-01,7.031172513961791992e-02,-1.754250377416610718e-01,-1.018555760383605957e-01,-1.329949647188186646e-01,-1.869529336690902710e-01,1.615544110536575317e-01,2.457129061222076416e-01,-6.172156706452369690e-02,1.825887709856033325e-01,-8.253693580627441406e-02,8.379729837179183960e-02,-3.139981329441070557e-01,-1.592451333999633789e-01,-1.326373070478439331e-01,-5.390731245279312134e-02,1.819395124912261963e-01,1.010046824812889099e-01,3.421658277511596680e-01,1.375688165426254272e-01,2.840745449066162109e-01,2.213747054338455200e-01,2.956568598747253418e-01,1.338991224765777588e-01,2.827757298946380615e-01,9.304095804691314697e-02,1.777388751506805420e-01,8.307278156280517578e-02,2.357387691736221313e-01,1.881972998380661011e-01,1.134046837687492371e-01,8.189533650875091553e-02,7.002557814121246338e-02,-1.229302585124969482e-01,7.494598627090454102e-02,3.812741860747337341e-02,2.236063778400421143e-01,1.547102183103561401e-01,2.249671369791030884e-01,1.862901449203491211e-01,2.378004342317581177e-01,1.290533095598220825e-01,2.645593285560607910e-01,5.038678273558616638e-02,1.696625724434852600e-02,6.390094012022018433e-02,1.442486196756362915e-01,7.486134022474288940e-02,1.174176186323165894e-01,1.363840550184249878e-01,-5.981912836432456970e-03,-2.784886024892330170e-02
2.233716845512390137e-01,1.913463175296783447e-01,4.231867790222167969e-01,1.000000119209289551e+00,3.363932371139526367e-01,1.870693266391754150e-01,3.775229752063751221e-01,5.690028667449951172e-01,3.026955127716064453e-01,1.582934260368347168e-01,2.568131983280181885e-01,2.655775249004364014e-01,3.515248000621795654e-01,3.449334204196929932e-01,2.284990549087524414e-01,1.642265617847442627e-01,1.563896983861923218e-01,5.166578665375709534e-02,1.638707071542739868e-01,1.225522905588150024e-01,2.115498781204223633e-01,1.705133467912673950e-01,4.302830994129180908e-01,4.759815931320190430e-01,3.528112173080444336e-01,2.606569230556488037e-01,2.785145342350006104e-01,1.703636646270751953e-01,1.850653886795043945e-01,1.213463917374610901e-01,2.865178287029266357e-01,3.437179625034332275e-01,1.492803990840911865e-01,2.111230939626693726e-01,-9.049118310213088989e-02,-2.978713810443878174e-02,-5.619233474135398865e-02,-2.518329322338104248e-01,-7.768274098634719849e-02,-4.113973304629325867e-02,-1.372508853673934937e-01,-7.426779717206954956e-02,7.374445348978042603e-02,1.576921343803405762e-01,1.488504409790039062e-01,2.129227072000503540e-01,1.216700598597526550e-01,1.962423175573348999e-01,1.689262390136718750e-01,9.921730309724807739e-02,3.223414719104766846e-01,1.954044848680496216e-01,1.224367469549179077e-01,1.921324431896209717e-01,2.281049452722072601e-02,8.565410226583480835e-02,2.622239887714385986e-01,3.303707242012023926e-01,1.914267390966415405e-01,5.877259001135826111e-02,7.078257203102111816e-02,1.500400155782699585e-01,2.583375871181488037e-01,4.038021266460418701e-01,5.442133173346519470e-02,1.367426216602325439e-01,5.065870657563209534e-02,1.539110243320465088e-01,3.721534833312034607e-02,3.727262094616889954e-02,2.022422552108764648e-01,3.246035873889923096e-01,-1.086365655064582825e-01,2.836735248565673828e-01,-1.103484854102134705e-01,9.961896389722824097e-02,4.897413030266761780e-02,1.065563112497329712e-01,6.504257768392562866e-02,-1.079148352146148682e-01,2.130363136529922485e-01,1.331114768981933594e-01,1.481016874313354492e-01,1.681712865829467773e-01,2.222999185323715210e-01,4.104525148868560791e-01,1.941494196653366089e-01,1.049260646104812622e-01,1.734966039657592773e-01,1.680517345666885376e-01,1.246283426880836487e-01,1.521274298429489136e-01,7.054563611745834351e-02,1.020717248320579529e-01,8.530149608850479126e-02,3.847342915832996368e-03,4.508407786488533020e-02,-7.838694006204605103e-02,5.429179221391677856e-02,1.135969981551170349e-01,8.601339906454086304e-02,9.685114771127700806e-02,1.090525984764099121e-01,1.597695350646972656e-01,1.654999852180480957e-01,1.688574403524398804e-01,1.289221048355102539e-01,-5.110440403223037720e-02,2.688732556998729706e-02,8.026687055826187134e-02,1.076644733548164368e-01,1.476031988859176636e-01,1.295075565576553345e-01,1.096811890602111816e-01,5.210868641734123230e-02,2.507852762937545776e-02
-1.206575483083724976e-01,-1.352644711732864380e-01,3.419347107410430908e-01,3.363932371139526367e-01,1.000000238418579102e+00,5.907510519027709961e-01,2.315418124198913574e-01,2.595806121826171875e-01,6.720753908157348633e-01,4.453904032707214355e-01,-2.019186317920684814e-02,-8.910439908504486084e-02,3.285275697708129883e-01,2.089465409517288208e-01,6.682492494583129883e-01,4.427859187126159668e-01,6.147732213139533997e-02,-1.795569062232971191e-01,-2.836672402918338776e-02,-6.563914567232131958e-02,3.364947438240051270e-01,2.216193825006484985e-01,3.366707265377044678e-01,2.857956588268280029e-01,6.719619035720825195e-01,3.354320228099822998e-01,5.953912138938903809e-01,4.939804673194885254e-01,1.036514714360237122e-01,6.211455166339874268e-02,3.483691215515136719e-01,2.128792256116867065e-01,5.847847089171409607e-02,3.188387304544448853e-02,-3.763169348239898682e-01,-3.032712042331695557e-01,-1.724052429199218750e-01,-2.914969921112060547e-01,9.912372566759586334e-03,4.573148116469383240e-02,-1.678832806646823883e-02,9.143730252981185913e-02,-3.706087591126561165e-03,6.820685416460037231e-02,-1.054947972297668457e-01,-5.126244947314262390e-02,1.703336238861083984e-01,1.555244922637939453e-01,8.954513818025588989e-02,2.809437550604343414e-02,2.255389392375946045e-01,9.740743786096572876e-02,3.163605332374572754e-01,3.192061781883239746e-01,3.680340051651000977e-01,2.716704308986663818e-01,1.959479749202728271e-01,2.768269181251525879e-01,1.758714020252227783e-01,1.630320101976394653e-01,2.024344354867935181e-01,6.409928202629089355e-02,2.631001770496368408e-01,2.034723311662673950e-01,1.532364636659622192e-01,1.724727004766464233e-01,-1.303530037403106689e-01,-2.665404230356216431e-02,-1.589016616344451904e-01,-2.050760537385940552e-01,-8.318857103586196899e-02,4.659664258360862732e-02,-2.244993895292282104e-01,1.212428957223892212e-01,-2.335603088140487671e-01,-6.011273339390754700e-02,-1.310944259166717529e-01,-1.064903736114501953e-01,3.442976623773574829e-02,-2.159187048673629761e-01,1.786622852087020874e-01,5.872421339154243469e-02,6.533622145652770996e-01,4.016509354114532471e-01,4.689426720142364502e-01,3.790023326873779297e-01,6.172307729721069336e-01,3.490572869777679443e-01,6.385923027992248535e-01,4.369453489780426025e-01,5.221113562583923340e-01,4.609018564224243164e-01,3.825311958789825439e-01,4.477216899394989014e-01,2.018186002969741821e-01,5.119415745139122009e-02,2.177858501672744751e-01,8.517021313309669495e-03,3.557167947292327881e-01,2.929768562316894531e-01,4.131592214107513428e-01,4.517453014850616455e-01,3.824908733367919922e-01,4.251170754432678223e-01,3.515972197055816650e-01,2.722672820091247559e-01,3.192159235477447510e-01,1.054046899080276489e-01,1.465243548154830933e-01,6.479305773973464966e-02,1.391647011041641235e-01,2.742009758949279785e-01,3.163728117942810059e-01,3.163770735263824463e-01,1.717490553855895996e-01,2.009005993604660034e-01
-9.186102449893951416e-02,-8.041662722826004028e-02,1.890264004468917847e-01,1.870693266391754150e-01,5.907510519027709961e-01,1.000000476837158203e+00,9.903232008218765259e-02,3.146428167819976807e-01,3.970960080623626709e-01,6.717348694801330566e-01,-1.257900595664978027e-01,-4.844669997692108154e-02,1.243454664945602417e-01,3.318937122821807861e-01,4.637481868267059326e-01,6.105273365974426270e-01,8.981364220380783081e-02,-1.098052188754081726e-01,-7.165250927209854126e-02,-7.482760399580001831e-02,2.839887440204620361e-01,2.925820052623748779e-01,2.283343225717544556e-01,2.473426461219787598e-01,5.468050837516784668e-01,4.397667944431304932e-01,5.755636692047119141e-01,6.318411231040954590e-01,1.448993235826492310e-01,1.955066770315170288e-01,2.595963776111602783e-01,2.673597037792205811e-01,1.185268983244895935e-01,5.027849599719047546e-02,-7.771273702383041382e-02,-2.843299694359302521e-02,5.041862279176712036e-02,-4.347323253750801086e-02,1.103383079171180725e-01,2.086133211851119995e-01,6.760694086551666260e-02,2.560022473335266113e-01,7.164659351110458374e-02,2.042773813009262085e-01,2.186865173280239105e-02,5.920258536934852600e-02,2.172567993402481079e-01,2.758264839649200439e-01,2.128580212593078613e-01,1.700644791126251221e-01,2.800805866718292236e-01,2.037995159626007080e-01,3.221855759620666504e-01,3.330240249633789062e-01,3.364786207675933838e-01,4.000066220760345459e-01,1.336703002452850342e-01,3.807915747165679932e-01,2.919569313526153564e-01,2.359719574451446533e-01,2.502335011959075928e-01,2.327087968587875366e-01,1.862343996763229370e-01,3.371256887912750244e-01,1.297240555286407471e-01,1.955934017896652222e-01,1.432076841592788696e-01,2.289054989814758301e-01,-1.273828595876693726e-01,-6.644200533628463745e-02,3.171214088797569275e-02,1.724994182586669922e-01,-8.065887540578842163e-02,2.504197359085083008e-01,-6.894231587648391724e-02,1.310461610555648804e-01,3.859792277216911316e-02,6.314314156770706177e-02,1.175882145762443542e-01,-6.724530458450317383e-02,1.238931789994239807e-01,1.591663360595703125e-01,4.353504776954650879e-01,6.084761023521423340e-01,3.399350345134735107e-01,4.514194130897521973e-01,4.039036035537719727e-01,4.367112219333648682e-01,4.478426575660705566e-01,5.231035351753234863e-01,3.523067235946655273e-01,4.925176501274108887e-01,3.161305487155914307e-01,4.098511934280395508e-01,2.245554774999618530e-01,1.403016746044158936e-01,2.641450166702270508e-01,1.734271496534347534e-01,3.615925610065460205e-01,3.884579241275787354e-01,2.472573369741439819e-01,3.284177184104919434e-01,2.284774333238601685e-01,2.523275315761566162e-01,2.575222253799438477e-01,1.939706802368164062e-01,2.731184959411621094e-01,1.082366108894348145e-01,3.326589763164520264e-01,2.005939632654190063e-01,2.770894467830657959e-01,4.249918460845947266e-01,4.115388095378875732e-01,3.436528444290161133e-01,1.930993497371673584e-01,2.625413835048675537e-01
-6.718150526285171509e-02,1.141592189669609070e-01,7.627810239791870117e-01,3.775229752063751221e-01,2.315418124198913574e-01,9.903232008218765259e-02,9.999999403953552246e-01,3.289307057857513428e-01,2.720524370670318604e-01,5.778079852461814880e-02,2.626096010208129883e-01,2.513768970966339111e-01,7.011541724205017090e-01,2.483099848031997681e-01,3.446586132049560547e-01,9.739623963832855225e-02,9.888786822557449341e-03,1.322199404239654541e-01,5.218525603413581848e-02,8.196348696947097778e-02,1.805711984634399414e-01,1.305285841226577759e-01,6.392334699630737305e-01,4.522076547145843506e-01,1.657757461071014404e-01,1.104260459542274475e-01,2.043794989585876465e-01,1.077754274010658264e-01,2.944904863834381104e-01,1.635779440402984619e-01,3.946413993835449219e-01,4.491793513298034668e-01,3.656805306673049927e-02,7.736969739198684692e-02,-1.178385764360427856e-01,-9.209391474723815918e-02,-1.890683546662330627e-02,-2.328240573406219482e-01,-4.133607074618339539e-02,-1.047993451356887817e-01,-9.231527149677276611e-02,-9.103825688362121582e-02,1.053012385964393616e-01,1.058832928538322449e-02,-2.226978307589888573e-03,-4.656140878796577454e-02,4.678307846188545227e-02,2.560309506952762604e-02,2.870979718863964081e-02,9.129473567008972168e-02,8.410604298114776611e-02,2.020183205604553223e-02,1.895415782928466797e-01,-2.465436235070228577e-02,-2.061455510556697845e-02,-2.015740424394607544e-02,7.128180563449859619e-02,1.454119756817817688e-02,4.933282732963562012e-02,-1.332277953624725342e-01,9.186113625764846802e-02,4.833808913826942444e-02,2.724953591823577881e-01,5.292012542486190796e-02,1.475778818130493164e-01,1.179438233375549316e-01,-8.524347841739654541e-02,-7.452499121427536011e-02,-6.327933818101882935e-02,-5.702058970928192139e-02,1.354059427976608276e-01,2.291285097599029541e-01,-2.854458615183830261e-02,1.600784361362457275e-01,-4.965690150856971741e-02,5.852406471967697144e-02,-2.876967489719390869e-01,-1.904959827661514282e-01,-9.829981625080108643e-02,1.433003693819046021e-02,1.995125859975814819e-01,7.927945256233215332e-02,2.597427070140838623e-01,6.720081716775894165e-02,2.306328862905502319e-01,1.420708745718002319e-01,1.739519089460372925e-01,2.031762897968292236e-02,1.451856642961502075e-01,1.589466002769768238e-03,5.358686670660972595e-02,-1.304027717560529709e-02,1.371318697929382324e-01,4.763693735003471375e-02,5.769192427396774292e-02,7.319683581590652466e-02,-3.275702521204948425e-02,-1.445232182741165161e-01,-3.849131986498832703e-02,-6.827393919229507446e-02,9.280204772949218750e-02,2.424962632358074188e-02,1.190768256783485413e-01,8.232364803552627563e-02,1.129196360707283020e-01,2.232696674764156342e-02,1.487460434436798096e-01,-4.237555712461471558e-02,2.195973135530948639e-02,8.037415333092212677e-03,3.010846115648746490e-02,4.632740747183561325e-03,9.524440020322799683e-02,7.673210650682449341e-02,-7.766943424940109253e-02,-1.077260896563529968e-01
1.682212203741073608e-01,3.200733959674835205e-01,2.767964005470275879e-01,5.690028667449951172e-01,2.595806121826171875e-01,3.146428167819976807e-01,3.289307057857513428e-01,1.000000357627868652e+00,1.291341632604598999e-01,3.240344822406768799e-01,2.734411358833312988e-01,2.994175553321838379e-01,1.894574314355850220e-01,4.736270606517791748e-01,5.863516777753829956e-02,3.252754807472229004e-01,1.418809741735458374e-01,3.283325210213661194e-02,1.845167130231857300e-01,2.058494687080383301e-01,1.918448209762573242e-01,1.439380347728729248e-01,2.422503829002380371e-01,2.515124082565307617e-01,2.987616658210754395e-01,2.004662156105041504e-01,4.032918810844421387e-01,3.313740193843841553e-01,1.375430226325988770e-01,4.817345738410949707e-02,1.374132335186004639e-01,2.697868347167968750e-01,3.269643783569335938e-01,2.887290716171264648e-01,1.370073705911636353e-01,2.504443824291229248e-01,7.730409502983093262e-02,-2.286882400512695312e-01,-2.037156000733375549e-02,-2.512786351144313812e-02,-2.023397237062454224e-01,5.637113749980926514e-02,-2.137023210525512695e-02,2.056934088468551636e-01,1.894592195749282837e-01,3.218494355678558350e-01,-3.046913072466850281e-02,1.424687802791595459e-01,1.593355983495712280e-01,1.983451247215270996e-01,2.743981182575225830e-01,2.516688406467437744e-01,7.148156315088272095e-02,2.602117657661437988e-01,-1.836996898055076599e-02,1.091694682836532593e-01,2.101376503705978394e-01,5.585299134254455566e-01,4.154251217842102051e-01,3.875342905521392822e-01,1.437361389398574829e-01,4.425538182258605957e-01,1.867291033267974854e-01,6.119183301925659180e-01,-1.209049522876739502e-01,3.001971542835235596e-01,3.651156723499298096e-01,4.984029829502105713e-01,8.591260015964508057e-02,1.874147802591323853e-01,1.540884971618652344e-01,4.179923236370086670e-01,-1.318828761577606201e-01,2.606705427169799805e-01,-1.142240017652511597e-01,1.301096826791763306e-01,2.784410119056701660e-01,3.169296979904174805e-01,1.160419806838035583e-01,-2.041603028774261475e-01,5.369688943028450012e-02,8.502059429883956909e-02,1.115915477275848389e-01,4.603567421436309814e-01,1.092994734644889832e-01,4.793708324432373047e-01,1.174074336886405945e-01,2.936279177665710449e-01,9.843299537897109985e-02,3.425972461700439453e-01,1.066848710179328918e-01,2.821627259254455566e-01,6.765541434288024902e-02,1.157771870493888855e-01,1.384451836347579956e-01,-7.978215813636779785e-02,3.404879570007324219e-02,-7.524108886718750000e-02,4.370130132883787155e-03,1.217124685645103455e-01,-3.716260567307472229e-02,6.953661888837814331e-02,-5.106716975569725037e-02,1.318043377250432968e-02,6.039391737431287766e-03,-1.077797822654247284e-02,1.099829301238059998e-01,-2.134024351835250854e-01,2.453982830047607422e-01,2.414222657680511475e-01,1.891023814678192139e-01,3.050442039966583252e-01,2.130221128463745117e-01,1.193579286336898804e-01,4.284594953060150146e-02,1.036908701062202454e-01
-1.505223065614700317e-01,-2.855652570724487305e-01,3.533090353012084961e-01,3.026955127716064453e-01,6.720753908157348633e-01,3.970960080623626709e-01,2.720524370670318604e-01,1.291341632604598999e-01,9.999997615814208984e-01,3.245541155338287354e-01,1.861056089401245117e-01,-5.848331004381179810e-02,4.996437132358551025e-01,2.106225341558456421e-01,7.367489337921142578e-01,3.529924452304840088e-01,5.659459903836250305e-02,-1.532436758279800415e-01,-7.719547301530838013e-02,-3.366029262542724609e-02,2.732544541358947754e-01,1.320222765207290649e-01,2.987797558307647705e-01,2.689069509506225586e-01,5.059853196144104004e-01,2.400665134191513062e-01,4.497036039829254150e-01,2.762295305728912354e-01,1.422608792781829834e-01,3.316590934991836548e-02,2.905995845794677734e-01,1.483222544193267822e-01,-9.908821433782577515e-02,-6.683574616909027100e-02,-4.641548395156860352e-01,-4.404530227184295654e-01,-1.282890290021896362e-01,-2.910490334033966064e-01,-2.921953611075878143e-02,-9.606103599071502686e-02,4.478942975401878357e-02,-1.714677363634109497e-02,-4.905197769403457642e-02,4.173701629042625427e-02,-2.134660445153713226e-02,1.110235461965203285e-03,7.064743340015411377e-02,7.465337216854095459e-02,8.843129128217697144e-02,-5.653713271021842957e-02,2.265427559614181519e-01,1.584928333759307861e-01,2.196421772241592407e-01,2.646055817604064941e-01,2.616856396198272705e-01,6.455917656421661377e-02,1.392481327056884766e-01,8.911620080471038818e-02,6.435505300760269165e-02,9.608996659517288208e-02,2.941857278347015381e-02,1.536115407943725586e-01,2.915207743644714355e-01,4.362454265356063843e-02,2.580635435879230499e-02,4.665637761354446411e-02,-2.560567259788513184e-01,-1.559549868106842041e-01,-1.826227754354476929e-01,-3.039417266845703125e-01,-1.366347540169954300e-02,-2.566953003406524658e-02,-1.058343648910522461e-01,1.391338109970092773e-01,-1.684776842594146729e-01,-1.001234725117683411e-01,-2.222625166177749634e-01,-2.071419656276702881e-01,6.488813459873199463e-02,-1.876550614833831787e-01,2.322477996349334717e-01,3.799580037593841553e-03,6.394968628883361816e-01,1.769417375326156616e-01,4.712207317352294922e-01,2.511929273605346680e-01,4.486259818077087402e-01,1.044454723596572876e-01,5.940552949905395508e-01,3.089549541473388672e-01,4.471782445907592773e-01,3.991296589374542236e-01,3.266188800334930420e-01,3.368484675884246826e-01,1.339946836233139038e-01,1.279193907976150513e-01,3.619967773556709290e-02,-4.632320255041122437e-02,2.164736092090606689e-01,1.112072914838790894e-01,2.674632966518402100e-01,3.381846547126770020e-01,2.634453177452087402e-01,2.585338652133941650e-01,2.102833092212677002e-01,1.456955820322036743e-01,2.122681885957717896e-01,2.363192848861217499e-02,2.176201157271862030e-02,-2.953698858618736267e-02,-1.091615408658981323e-01,-9.917308576405048370e-03,6.032667309045791626e-02,1.455263942480087280e-01,3.489529713988304138e-02,2.800793573260307312e-02
-7.496587932109832764e-02,-7.821024209260940552e-02,1.534398049116134644e-01,1.582934260368347168e-01,4.453904032707214355e-01,6.717348694801330566e-01,5.778079852461814880e-02,3.240344822406768799e-01,3.245541155338287354e-01,9.999998211860656738e-01,-7.683523744344711304e-02,3.592225909233093262e-02,4.852554947137832642e-02,3.525222539901733398e-01,3.291329145431518555e-01,7.048515677452087402e-01,-2.511220052838325500e-03,-1.376652568578720093e-01,-8.347238600254058838e-02,-8.569972217082977295e-02,3.250575363636016846e-01,3.135628402233123779e-01,1.020768955349922180e-01,8.031215518712997437e-02,5.330225229263305664e-01,3.711357116699218750e-01,5.015105009078979492e-01,5.079205036163330078e-01,1.211777627468109131e-01,1.126103773713111877e-01,2.268642932176589966e-01,2.492765039205551147e-01,2.333657741546630859e-01,1.806114912033081055e-01,1.255998909473419189e-01,1.398640424013137817e-01,2.330272495746612549e-01,4.464446753263473511e-02,1.676104366779327393e-01,1.960827559232711792e-01,4.426707699894905090e-02,2.565965950489044189e-01,-7.004283368587493896e-03,2.095871269702911377e-01,3.893214464187622070e-02,1.366478800773620605e-01,1.110290661454200745e-01,2.732494771480560303e-01,2.191161215305328369e-01,1.662978827953338623e-01,2.630560696125030518e-01,2.334721386432647705e-01,1.955232173204421997e-01,3.520388901233673096e-01,2.804834246635437012e-01,3.173781335353851318e-01,1.021073758602142334e-01,3.635100424289703369e-01,3.051335811614990234e-01,3.016937375068664551e-01,1.569279134273529053e-01,2.431919127702713013e-01,1.034982949495315552e-01,3.231347799301147461e-01,1.433863211423158646e-02,1.792464852333068848e-01,2.496453970670700073e-01,3.491914868354797363e-01,-4.368410632014274597e-02,-1.643402315676212311e-02,9.065110236406326294e-02,2.532538175582885742e-01,-1.235474739223718643e-02,2.695215642452239990e-01,-1.833649724721908569e-02,1.577982306480407715e-01,1.999172866344451904e-01,2.247255742549896240e-01,4.824304208159446716e-02,-1.110383942723274231e-01,1.237866934388875961e-02,7.134873420000076294e-02,3.004697859287261963e-01,6.294559836387634277e-01,1.848489344120025635e-01,4.051215946674346924e-01,2.897172868251800537e-01,5.414847135543823242e-01,3.561182320117950439e-01,5.725901126861572266e-01,3.308997750282287598e-01,4.288897812366485596e-01,2.664239108562469482e-01,3.385540544986724854e-01,3.096927404403686523e-01,1.359737515449523926e-01,2.659634947776794434e-01,1.614436507225036621e-01,2.781153917312622070e-01,3.302192687988281250e-01,1.508857309818267822e-01,2.600173652172088623e-01,1.067083552479743958e-01,1.734806299209594727e-01,1.597978621721267700e-01,1.192996874451637268e-01,1.931861788034439087e-01,4.968762025237083435e-02,3.356450796127319336e-01,2.916836142539978027e-01,2.167037427425384521e-01,3.540447652339935303e-01,2.710955739021301270e-01,2.279039621353149414e-01,1.715509146451950073e-01,2.793932855129241943e-01
4.116472005844116211e-01,1.072832122445106506e-01,7.715311646461486816e-02,2.568131983280181885e-01,-2.019186317920684814e-02,-1.257900595664978027e-01,2.626096010208129883e-01,2.734411358833312988e-01,1.861056089401245117e-01,-7.683523744344711304e-02,9.999997615814208984e-01,5.933896899223327637e-01,4.167113304138183594e-01,4.124759137630462646e-01,8.807623386383056641e-02,-4.740921314805746078e-03,5.692138671875000000e-01,4.141031205654144287e-01,1.347476541996002197e-01,1.709643155336380005e-01,7.030656188726425171e-02,7.305435836315155029e-02,2.435213029384613037e-01,1.508389413356781006e-01,2.723010629415512085e-02,1.094227135181427002e-01,8.317830041050910950e-03,-4.651374369859695435e-02,3.888479769229888916e-01,1.274299621582031250e-01,9.597748517990112305e-02,2.146217226982116699e-01,4.673753678798675537e-02,1.070281937718391418e-01,-2.491106837987899780e-02,9.780095517635345459e-02,8.672135323286056519e-02,-2.700942158699035645e-01,-1.427065301686525345e-02,-2.371917366981506348e-01,-4.079443216323852539e-02,-2.260871529579162598e-01,2.887903153896331787e-01,2.791251838207244873e-01,2.793515324592590332e-01,1.556794643402099609e-01,7.956166565418243408e-02,1.176766231656074524e-01,2.889192402362823486e-01,1.498461812734603882e-01,2.360115796327590942e-01,1.906686276197433472e-01,1.042580977082252502e-01,-1.231292262673377991e-03,-6.584808230400085449e-02,-2.164875417947769165e-01,3.366166651248931885e-01,1.131144165992736816e-01,9.581613540649414062e-02,-6.621567159891128540e-02,4.223245382308959961e-02,1.227836683392524719e-01,3.466557264328002930e-01,1.037732660770416260e-01,7.221440784633159637e-03,5.512833222746849060e-02,5.266413092613220215e-02,3.206793218851089478e-02,3.755771741271018982e-02,4.083972796797752380e-02,9.646254032850265503e-02,1.867164373397827148e-01,2.499821968376636505e-02,1.528870761394500732e-01,-1.614461652934551239e-02,6.021536141633987427e-02,7.261965423822402954e-02,-6.901034503243863583e-04,3.517503142356872559e-01,7.512024044990539551e-02,4.731236100196838379e-01,2.559460103511810303e-01,8.353056386113166809e-03,-1.057461127638816833e-01,3.421039879322052002e-01,2.398966997861862183e-01,-1.072302311658859253e-01,-2.401020824909210205e-01,4.207325726747512817e-02,-1.196727082133293152e-01,-1.244288086891174316e-01,-8.270227909088134766e-02,-8.181745558977127075e-02,-1.800494194030761719e-01,2.732139825820922852e-02,-5.700069479644298553e-03,-8.192567154765129089e-03,-1.439957171678543091e-01,-7.358054071664810181e-02,-4.497536644339561462e-02,-1.791623383760452271e-01,-2.227133512496948242e-01,-2.806876599788665771e-02,-8.239209651947021484e-02,2.512354776263237000e-02,1.037816330790519714e-02,6.335211545228958130e-02,-1.068198680877685547e-01,-3.042729943990707397e-02,-1.574170030653476715e-02,-1.170163974165916443e-01,-3.841628134250640869e-02,-5.568155553191900253e-03,4.765564948320388794e-02,-1.052688583731651306e-01,-1.405548602342605591e-01
3.446310460567474365e-01,2.233824282884597778e-01,1.112365797162055969e-01,2.655775249004364014e-01,-8.910439908504486084e-02,-4.844669997692108154e-02,2.513768970966339111e-01,2.994175553321838379e-01,-5.848331004381179810e-02,3.592225909233093262e-02,5.933896899223327637e-01,9.999997615814208984e-01,3.173474073410034180e-01,5.203477740287780762e-01,-7.164216786623001099e-02,8.046431839466094971e-02,4.773209393024444580e-01,5.511121749877929688e-01,-3.295328095555305481e-02,3.520410135388374329e-02,1.718149632215499878e-01,2.394591122865676880e-01,3.215036690235137939e-01,2.565281689167022705e-01,5.533956363797187805e-02,1.962175220251083374e-01,-3.338672220706939697e-02,-2.435655798763036728e-03,4.537267982959747314e-01,3.588422834873199463e-01,2.731514275074005127e-01,3.901325166225433350e-01,2.964366376399993896e-01,3.487699925899505615e-01,2.271287441253662109e-01,2.870351374149322510e-01,1.957350373268127441e-01,1.603097468614578247e-02,2.936067059636116028e-02,-3.979398682713508606e-02,3.117032116279006004e-03,-7.643847167491912842e-02,3.550699353218078613e-01,2.934294939041137695e-01,2.289084047079086304e-01,1.301935762166976929e-01,2.068275362253189087e-01,2.479969859123229980e-01,2.586914300918579102e-01,1.919929534196853638e-01,2.551209330558776855e-01,1.901888549327850342e-01,1.473131030797958374e-01,-1.795353181660175323e-02,-3.798135370016098022e-02,-1.909204758703708649e-02,2.643200457096099854e-01,2.591468989849090576e-01,1.389958560466766357e-01,-9.319536387920379639e-02,1.434572935104370117e-01,4.612266644835472107e-02,2.939290702342987061e-01,2.320815622806549072e-01,1.516631841659545898e-01,8.970107138156890869e-02,1.879960745573043823e-01,1.808630526065826416e-01,-2.772525651380419731e-03,3.277621231973171234e-03,2.494720816612243652e-01,3.284729421138763428e-01,1.044475734233856201e-01,2.846154272556304932e-01,3.036711923778057098e-02,2.051890492439270020e-01,1.596117317676544189e-01,1.479065567255020142e-01,3.568811118602752686e-01,3.204315900802612305e-01,3.740990757942199707e-01,4.195754230022430420e-01,-1.124514788389205933e-01,5.683381110429763794e-03,2.125739455223083496e-01,2.943814694881439209e-01,-1.484261602163314819e-01,-1.169949024915695190e-01,-6.905795633792877197e-02,-9.178525954484939575e-02,-1.558814495801925659e-01,-1.538372337818145752e-01,-2.600756473839282990e-02,-1.606484204530715942e-01,9.812714904546737671e-02,1.405018754303455353e-02,1.539794504642486572e-01,2.888474427163600922e-02,-5.771543830633163452e-03,6.848663091659545898e-02,-1.035190373659133911e-01,-2.190656065940856934e-01,-8.160769008100032806e-03,-3.233736008405685425e-02,9.430668503046035767e-02,1.155663877725601196e-01,7.235160470008850098e-02,5.983309075236320496e-02,2.386476099491119385e-02,1.213904246687889099e-01,9.914197772741317749e-02,1.235951036214828491e-01,8.028850704431533813e-02,1.257559359073638916e-01,1.713211066089570522e-03,-3.426156193017959595e-02
-7.467087358236312866e-02,-1.415825635194778442e-01,6.697128415107727051e-01,3.515248000621795654e-01,3.285275697708129883e-01,1.243454664945602417e-01,7.011541724205017090e-01,1.894574314355850220e-01,4.996437132358551025e-01,4.852554947137832642e-02,4.167113304138183594e-01,3.173474073410034180e-01,9.999998211860656738e-01,4.082562923431396484e-01,5.416845083236694336e-01,1.274797767400741577e-01,1.960369646549224854e-01,1.519597917795181274e-01,-7.847760617733001709e-02,-3.300973400473594666e-02,2.775508463382720947e-01,2.218852341175079346e-01,6.498398780822753906e-01,4.911463558673858643e-01,2.818519771099090576e-01,2.459968775510787964e-01,2.360580414533615112e-01,1.068345904350280762e-01,4.591819643974304199e-01,2.562830746173858643e-01,5.647234320640563965e-01,5.249440670013427734e-01,-6.021541077643632889e-03,6.539107114076614380e-02,-2.018474489450454712e-01,-1.807064116001129150e-01,5.406251642853021622e-03,-2.523979842662811279e-01,-4.521279409527778625e-02,-1.470560878515243530e-01,-2.254438027739524841e-02,-1.795031875371932983e-01,1.876744925975799561e-01,1.115622594952583313e-01,3.649730235338211060e-02,-7.100372016429901123e-02,1.820559352636337280e-01,1.414695382118225098e-01,1.126201376318931580e-01,1.916798949241638184e-02,2.362800985574722290e-01,8.645812422037124634e-02,3.225652277469635010e-01,6.564354896545410156e-02,1.056859791278839111e-01,-4.369543492794036865e-02,1.892872303724288940e-01,9.080741554498672485e-03,-2.042075432837009430e-02,-2.198605090379714966e-01,5.397853255271911621e-02,5.864087864756584167e-02,4.578076303005218506e-01,6.440072320401668549e-03,1.735935509204864502e-01,-1.400219090282917023e-02,-1.950537860393524170e-01,-1.634944528341293335e-01,-1.618885248899459839e-01,-2.755857110023498535e-01,1.629747897386550903e-01,1.906981617212295532e-01,6.175648421049118042e-03,2.019637227058410645e-01,7.759171072393655777e-03,6.727699190378189087e-02,-2.933807373046875000e-01,-2.251267880201339722e-01,6.093240156769752502e-02,-2.798754954710602760e-03,4.205707907676696777e-01,1.761744916439056396e-01,3.821480870246887207e-01,-1.776033453643321991e-02,4.975697994232177734e-01,2.303718179464340210e-01,1.941712051630020142e-01,-1.267563998699188232e-01,3.190797269344329834e-01,-3.051063418388366699e-02,1.387945264577865601e-01,2.211697399616241455e-02,1.837722510099411011e-01,5.602002143859863281e-02,6.102210655808448792e-02,1.167075261473655701e-01,2.878386154770851135e-02,-1.202018931508064270e-01,8.966595679521560669e-02,-2.120511792600154877e-02,1.132800728082656860e-01,7.026245817542076111e-03,1.807484626770019531e-01,1.095383167266845703e-01,2.094321697950363159e-01,1.252322345972061157e-01,2.136731743812561035e-01,3.025605529546737671e-02,-5.085683614015579224e-02,-7.769024930894374847e-03,9.453864768147468567e-03,-7.990839891135692596e-03,9.136147797107696533e-02,1.415973603725433350e-01,-4.461034759879112244e-02,-1.008638441562652588e-01
