9.999998807907104492e-01,3.839865326881408691e-01,1.638574749231338501e-01,2.671222090721130371e-01,-1.249224767088890076e-01,-3.316335612908005714e-03,3.798934221267700195e-01,3.410308063030242920e-01,-1.532814949750900269e-01,-1.354653537273406982e-01,2.737945020198822021e-01,2.722229659557342529e-01,2.005502134561538696e-01,1.960637122392654419e-01,3.294287994503974915e-02,1.307893246412277222e-01,1.645731925964355469e-01,8.045949786901473999e-02,8.212305605411529541e-02,1.858972758054733276e-01,1.843082606792449951e-01,1.745594888925552368e-01,1.519360542297363281e-01,1.637087315320968628e-01,2.576078101992607117e-02,-6.118869874626398087e-03,1.263386607170104980e-01,9.977246075868606567e-02,2.046791315078735352e-01,2.230075597763061523e-01,2.038846909999847412e-01,2.152822464704513550e-01,2.696481347084045410e-01,2.799802124500274658e-01,1.400321274995803833e-01,1.674590259790420532e-01,2.249076664447784424e-01,2.413436770439147949e-01,2.176114618778228760e-01,2.307881414890289307e-01,2.320971786975860596e-01,2.216321974992752075e-01,-2.883220650255680084e-02,6.296467036008834839e-03,-8.100641518831253052e-02,-4.497148841619491577e-02,1.504250615835189819e-02,-1.851757802069187164e-02,-2.235779166221618652e-02,-8.630533516407012939e-02,5.414436385035514832e-02,-5.508291348814964294e-02,-9.894400835037231445e-03,-1.185132265090942383e-01,1.783810704946517944e-01,2.012225687503814697e-01,4.163165688514709473e-01,3.953808546066284180e-01,3.505450487136840820e-01,3.864378333091735840e-01,2.495870888233184814e-01,1.881591230630874634e-01,1.160691604018211365e-01,7.501483708620071411e-02,2.161527797579765320e-02,5.071428045630455017e-02,4.002695083618164062e-01,3.400415182113647461e-01,3.339049816131591797e-01,3.915349543094635010e-01,1.530088335275650024e-01,1.838760524988174438e-01,1.386345326900482178e-01,1.402643918991088867e-01,1.234554648399353027e-01,1.171946227550506592e-01,2.535769939422607422e-01,2.360479086637496948e-01,1.072315797209739685e-01,1.275716871023178101e-01,2.302490472793579102e-01,2.163945436477661133e-01,8.016995340585708618e-02,2.044999599456787109e-01,2.177469283342361450e-01,1.156576648354530334e-01,-1.298272907733917236e-01,-1.346067339181900024e-01,1.207839176058769226e-01,6.787528097629547119e-02,4.765333980321884155e-02,8.670870959758758545e-02,-1.042128354310989380e-01,-1.097241789102554321e-01,1.728758662939071655e-01,2.181642651557922363e-01,2.059315443038940430e-01,2.167954295873641968e-01,1.743521690368652344e-01,1.846272945404052734e-01,1.680310197116341442e-05,2.502598054707050323e-02,1.647305488586425781e-01,2.183924168348312378e-01,2.296854555606842041e-01,2.364609986543655396e-01,2.401466518640518188e-01,2.816839814186096191e-01,1.455266922712326050e-01,1.500741243362426758e-01,1.966062635183334351e-01,1.232288777828216553e-01,9.521733969449996948e-02,1.142651662230491638e-01,1.460604220628738403e-01,1.759883016347885132e-01
3.839865326881408691e-01,1.000000238418579102e+00,1.424191594123840332e-01,2.631901204586029053e-01,-1.462746858596801758e-01,-1.716751232743263245e-02,3.513510823249816895e-01,3.908048272132873535e-01,-1.774768233299255371e-01,-1.432971209287643433e-01,1.388576328754425049e-01,2.983434498310089111e-01,1.151955127716064453e-01,2.592581212520599365e-01,-1.399705372750759125e-02,1.584204584360122681e-01,8.919288963079452515e-02,1.476949602365493774e-01,1.575774252414703369e-01,2.030125260353088379e-01,1.690810918807983398e-01,1.855060309171676636e-01,1.536636054515838623e-01,1.749226450920104980e-01,2.680175565183162689e-02,1.530191022902727127e-02,4.825709015130996704e-02,4.521367326378822327e-02,1.647074222564697266e-01,2.810050547122955322e-01,2.105851769447326660e-01,2.237393558025360107e-01,2.498263418674468994e-01,2.906060218811035156e-01,1.234906464815139771e-01,1.510995626449584961e-01,1.819490641355514526e-01,2.693663239479064941e-01,1.561135798692703247e-01,2.193910628557205200e-01,1.489442288875579834e-01,2.262939214706420898e-01,-4.944406100548803806e-04,4.377219453454017639e-02,-6.040301546454429626e-02,3.580575808882713318e-03,1.704658940434455872e-02,7.268071640282869339e-03,-5.304711684584617615e-02,-3.798169270157814026e-02,-6.633906159549951553e-03,1.055265218019485474e-02,-4.063535481691360474e-02,-1.195882111787796021e-01,9.318707138299942017e-02,1.862543523311614990e-01,3.390970230102539062e-01,4.508887231349945068e-01,3.149046301841735840e-01,3.449289202690124512e-01,1.817455440759658813e-01,2.063724398612976074e-01,-4.800225049257278442e-02,2.083991914987564087e-01,-6.754080206155776978e-02,1.103511899709701538e-01,3.604753017425537109e-01,3.424697816371917725e-01,2.931838631629943848e-01,3.466057479381561279e-01,2.154695093631744385e-01,2.676448225975036621e-01,1.646026968955993652e-01,2.422396987676620483e-01,1.331562548875808716e-01,2.242738306522369385e-01,2.275190949440002441e-01,2.567704319953918457e-01,3.142750263214111328e-02,1.431778818368911743e-01,1.105541735887527466e-01,3.165974318981170654e-01,-3.112762980163097382e-02,2.477408200502395630e-01,8.425741642713546753e-02,1.845274716615676880e-01,-2.317770719528198242e-01,-3.150681033730506897e-02,9.479084983468055725e-03,1.128413379192352295e-01,-1.292390003800392151e-02,8.732181042432785034e-02,-1.355936974287033081e-01,-5.711334571242332458e-02,1.118611544370651245e-01,1.779540330171585083e-01,1.476585716009140015e-01,2.004461586475372314e-01,1.004094108939170837e-01,1.410457342863082886e-01,-2.598189748823642731e-02,1.872849650681018829e-02,1.225940361618995667e-01,2.260013520717620850e-01,1.770181953907012939e-01,1.928198337554931641e-01,1.664665639400482178e-01,2.432966381311416626e-01,1.089969575405120850e-01,1.699735969305038452e-01,2.132227569818496704e-01,9.365385770797729492e-02,2.214695140719413757e-02,8.055454120039939880e-03,8.675644546747207642e-02,1.182096973061561584e-01
1.638574749231338501e-01,1.424191594123840332e-01,1.000000119209289551e+00,2.687471508979797363e-01,-3.126643598079681396e-01,-2.406138628721237183e-01,3.075600564479827881e-01,1.716445237398147583e-01,-2.352097034454345703e-01,-1.826222538948059082e-01,1.410140991210937500e-01,1.474637985229492188e-01,1.510793268680572510e-01,9.168644994497299194e-02,-1.172192692756652832e-01,-2.011077851057052612e-02,1.041240915656089783e-01,6.492296606302261353e-02,6.550182402133941650e-02,1.018352732062339783e-01,-3.529927507042884827e-02,-6.469928473234176636e-02,3.127692639827728271e-01,2.227213382720947266e-01,-1.053268462419509888e-01,-2.319858670234680176e-01,-1.242745593190193176e-01,-1.406825482845306396e-01,9.289219230413436890e-02,5.854665860533714294e-02,1.957026869058609009e-01,1.857178062200546265e-01,1.374722868204116821e-01,2.136354446411132812e-01,1.226621493697166443e-01,1.694201827049255371e-01,-2.948690392076969147e-02,-3.687547578010708094e-04,-2.136492636054754257e-03,2.809700928628444672e-02,9.594006463885307312e-03,-2.028474770486354828e-02,-1.260731369256973267e-02,-8.727639913558959961e-03,-2.186506241559982300e-02,-1.362809445708990097e-02,-1.110993921756744385e-01,-1.071716472506523132e-01,-8.515857905149459839e-02,-2.654906548559665680e-02,1.848754659295082092e-02,-6.562370061874389648e-02,-6.664925068616867065e-02,-1.925882399082183838e-01,-3.523640707135200500e-02,-4.205010458827018738e-02,1.921199709177017212e-01,1.242427378892898560e-01,1.922780573368072510e-01,2.128789275884628296e-01,2.370934784412384033e-01,1.839309185743331909e-01,7.311598211526870728e-02,3.463833406567573547e-02,6.322102248668670654e-02,3.869989141821861267e-02,2.037374377250671387e-01,2.236957252025604248e-01,2.260395586490631104e-01,2.066507786512374878e-01,7.475528866052627563e-02,7.855096459388732910e-02,-1.591894403100013733e-02,-4.746546968817710876e-02,-1.978587545454502106e-02,-7.351617515087127686e-02,4.206578060984611511e-02,1.050597894936800003e-02,5.770898982882499695e-02,5.001376569271087646e-02,-5.485822446644306183e-03,3.185009583830833435e-02,-9.022700041532516479e-02,4.222106945235282183e-04,3.581389784812927246e-02,-4.864975437521934509e-02,-7.503747940063476562e-02,-1.164135783910751343e-01,-4.504030570387840271e-02,-1.315840482711791992e-01,-1.632506400346755981e-02,-1.554386038333177567e-02,-6.429211795330047607e-02,1.898634992539882660e-02,-5.818855389952659607e-02,-1.403505820780992508e-02,-3.324860334396362305e-02,-4.982771351933479309e-02,-1.749123446643352509e-02,-1.294099260121583939e-02,7.491930574178695679e-02,1.551199820823967457e-03,7.603031396865844727e-02,5.907562002539634705e-02,1.267334260046482086e-02,6.939971446990966797e-02,6.132294982671737671e-02,2.079954743385314941e-02,-4.664837568998336792e-02,-2.802496403455734253e-02,-4.226673021912574768e-02,-2.156745269894599915e-02,4.940053075551986694e-02,6.217047199606895447e-02,6.647026538848876953e-02,1.076368913054466248e-01
2.671222090721130371e-01,2.631901204586029053e-01,2.687471508979797363e-01,9.999997615814208984e-01,-1.357270330190658569e-01,2.683246694505214691e-02,1.664030253887176514e-01,3.936071693897247314e-01,-1.634013652801513672e-01,-6.797073781490325928e-02,1.630448102951049805e-01,2.049858123064041138e-01,8.173827081918716431e-02,2.100390642881393433e-01,-2.385254763066768646e-02,1.133100464940071106e-01,1.753722727298736572e-01,2.195214033126831055e-01,5.355629697442054749e-02,1.462563574314117432e-01,8.255353569984436035e-02,1.148119047284126282e-01,2.200076580047607422e-01,3.411609232425689697e-01,2.604821138083934784e-02,1.004758011549711227e-02,8.731102943420410156e-02,1.039197295904159546e-01,1.465682685375213623e-01,1.579179763793945312e-01,2.228686064481735229e-01,2.336750775575637817e-01,1.497696191072463989e-01,2.076029777526855469e-01,1.291010379791259766e-01,1.203573644161224365e-01,1.133726462721824646e-01,1.472067683935165405e-01,1.115349680185317993e-01,1.439679116010665894e-01,1.379263848066329956e-01,1.362879872322082520e-01,-7.661255449056625366e-02,-1.120729092508554459e-02,-1.608358472585678101e-01,-1.204957887530326843e-01,-9.243478626012802124e-02,-6.096564233303070068e-02,-1.441072523593902588e-01,-1.259686648845672607e-01,-8.285941183567047119e-02,-6.621439009904861450e-02,-1.052649617195129395e-01,-1.163533255457878113e-01,8.329530060291290283e-02,1.457823663949966431e-01,1.862186044454574585e-01,2.942399382591247559e-01,2.182352691888809204e-01,2.143641114234924316e-01,1.198479533195495605e-01,1.559430509805679321e-01,-2.614649198949337006e-02,2.282800972461700439e-01,-9.970833361148834229e-02,2.362954616546630859e-02,2.067383825778961182e-01,1.884362101554870605e-01,2.578276097774505615e-01,2.239558100700378418e-01,7.241871207952499390e-02,1.095202937722206116e-01,3.688393160700798035e-02,3.261740505695343018e-02,-5.434794723987579346e-02,-9.897417388856410980e-03,1.014318987727165222e-01,1.012323945760726929e-01,1.338678300380706787e-01,1.678989976644515991e-01,1.217359006404876709e-01,2.218161225318908691e-01,-3.462079912424087524e-02,2.033649981021881104e-01,4.767543077468872070e-02,1.131425127387046814e-01,-1.786056756973266602e-01,-6.656655669212341309e-02,-9.299808181822299957e-03,1.035144329071044922e-01,-3.261845931410789490e-02,9.325184673070907593e-02,-1.616301536560058594e-01,-9.426075965166091919e-02,9.503570199012756348e-02,1.464608460664749146e-01,9.023343026638031006e-02,1.522251814603805542e-01,7.805968075990676880e-02,1.158129125833511353e-01,-7.322026789188385010e-02,-2.071788907051086426e-02,6.252652406692504883e-02,1.574730426073074341e-01,1.699297428131103516e-01,1.814743429422378540e-01,1.886731684207916260e-01,2.017872035503387451e-01,9.609536826610565186e-02,5.247395858168601990e-02,6.306001543998718262e-02,5.511726066470146179e-02,-8.059454150497913361e-03,4.126246646046638489e-02,8.808289468288421631e-02,1.044926270842552185e-01
-1.249224767088890076e-01,-1.462746858596801758e-01,-3.126643598079681396e-01,-1.357270330190658569e-01,9.999997615814208984e-01,3.850239217281341553e-01,-2.497541159391403198e-01,-1.356879323720932007e-01,4.617602527141571045e-01,3.680719733238220215e-01,-1.419165581464767456e-01,-1.436855643987655640e-01,-1.051139235496520996e-01,-2.832615375518798828e-02,2.567930221557617188e-01,1.228870153427124023e-01,-1.704493314027786255e-01,-6.548992544412612915e-02,-5.064165592193603516e-02,-9.282427281141281128e-02,5.305875092744827271e-02,7.313439995050430298e-02,-1.743083000183105469e-01,-1.099943593144416809e-01,3.174140453338623047e-01,3.455910086631774902e-01,2.210556268692016602e-01,2.014326155185699463e-01,-1.605916619300842285e-01,-8.275298774242401123e-02,-1.369895413517951965e-02,-5.801287665963172913e-02,-1.359309405088424683e-01,-2.124331146478652954e-01,-1.962426751852035522e-01,-2.211420685052871704e-01,2.860769163817167282e-03,-6.700329482555389404e-02,1.765524502843618393e-03,-4.561225697398185730e-02,-1.733840815722942352e-02,-2.236701734364032745e-02,3.232430666685104370e-02,-4.504903685301542282e-03,7.164063304662704468e-02,2.462616562843322754e-02,6.632105261087417603e-02,8.982387930154800415e-02,8.808352984488010406e-03,2.801653929054737091e-03,-1.185218915343284607e-01,-2.367297187447547913e-03,1.655792258679866791e-02,1.944290697574615479e-01,7.222718559205532074e-03,4.445692524313926697e-02,-1.969478726387023926e-01,-7.882816344499588013e-02,-1.389715224504470825e-01,-2.030750066041946411e-01,-1.757214665412902832e-01,-9.531348198652267456e-02,-1.230697482824325562e-01,-1.543779019266366959e-02,-5.192828923463821411e-02,1.149686053395271301e-02,-2.590469717979431152e-01,-2.648859918117523193e-01,-2.027790397405624390e-01,-2.237188071012496948e-01,-1.279519349336624146e-01,-1.338767260313034058e-01,-5.896867811679840088e-02,-2.657859958708286285e-02,-4.241948574781417847e-02,5.234262207522988319e-04,-1.311584711074829102e-01,-8.629823476076126099e-02,-6.962774693965911865e-02,-1.390108913183212280e-01,-1.305591873824596405e-02,-9.863144904375076294e-02,1.170201897621154785e-01,3.253650665283203125e-02,-7.199905067682266235e-02,3.919281810522079468e-02,1.550925374031066895e-01,1.875745803117752075e-01,3.546629473567008972e-02,1.999365538358688354e-01,-1.316831074655056000e-02,2.642348222434520721e-02,3.217309713363647461e-02,4.471021890640258789e-02,7.946521043777465820e-02,1.825042814016342163e-02,3.267742320895195007e-02,4.742079973220825195e-02,-1.396681461483240128e-02,1.853714324533939362e-02,-1.003019884228706360e-01,9.870538115501403809e-02,-1.516976505517959595e-01,-5.161511152982711792e-02,-6.217275559902191162e-02,-1.076956316828727722e-01,-7.973388582468032837e-02,-2.460766583681106567e-02,4.244446009397506714e-02,-2.009422518312931061e-02,9.769713506102561951e-03,-6.258094683289527893e-03,1.105520594865083694e-02,6.104330997914075851e-03,-8.707271516323089600e-02,-1.548992395401000977e-01
-3.316335612908005714e-03,-1.716751232743263245e-02,-2.406138628721237183e-01,2.683246694505214691e-02,3.850239217281341553e-01,9.999998807907104492e-01,-1.540355682373046875e-01,9.060375392436981201e-02,3.048934638500213623e-01,3.700312972068786621e-01,-5.788306891918182373e-02,-3.091392107307910919e-02,-3.117876313626766205e-02,8.829270303249359131e-02,2.747621238231658936e-01,2.850033640861511230e-01,-2.485471032559871674e-02,3.331582248210906982e-02,-8.513028919696807861e-02,-4.048423469066619873e-02,2.192067950963973999e-01,2.573500275611877441e-01,-1.693505346775054932e-01,-3.241482004523277283e-02,2.596678733825683594e-01,3.767569959163665771e-01,3.389651775360107422e-01,3.672805726528167725e-01,1.172606926411390305e-02,7.283146679401397705e-02,1.134039834141731262e-01,1.307722777128219604e-01,-5.622198432683944702e-02,-1.098656207323074341e-01,-1.127296760678291321e-01,-8.950394392013549805e-02,1.985623240470886230e-01,1.428508460521697998e-01,2.109838873147964478e-01,1.706460863351821899e-01,1.914195716381072998e-01,1.827137619256973267e-01,-2.095987834036350250e-02,3.135202825069427490e-02,-6.524729728698730469e-02,-6.364317983388900757e-02,1.561322510242462158e-01,1.834120601415634155e-01,-2.186014689505100250e-02,-8.217289298772811890e-02,-3.532731905579566956e-02,5.773126147687435150e-03,1.072170585393905640e-01,2.426374554634094238e-01,2.027098983526229858e-01,2.597824335098266602e-01,-7.949756085872650146e-02,7.139958441257476807e-02,-2.268626727163791656e-02,-5.749496072530746460e-02,-1.283250004053115845e-01,-4.511598497629165649e-02,-9.652540087699890137e-02,4.122771322727203369e-02,-1.330338269472122192e-01,-4.799766466021537781e-02,-1.028337180614471436e-01,-1.268808841705322266e-01,-4.988411441445350647e-02,-6.469677388668060303e-02,-7.640833407640457153e-02,-6.254018843173980713e-02,3.679073974490165710e-02,3.744823858141899109e-02,1.920476183295249939e-02,7.689054310321807861e-02,-1.380919478833675385e-02,4.856964945793151855e-02,-1.973341777920722961e-02,-1.022825296968221664e-02,9.655190259218215942e-02,6.342425197362899780e-02,1.937318444252014160e-01,2.280882596969604492e-01,6.062670797109603882e-02,1.656855344772338867e-01,7.015778869390487671e-02,1.121147274971008301e-01,1.509756296873092651e-01,3.252028226852416992e-01,1.166567504405975342e-01,2.094344496726989746e-01,2.044695243239402771e-02,-6.719452794641256332e-03,2.495715022087097168e-01,2.240893393754959106e-01,2.184521406888961792e-01,2.555659711360931396e-01,1.952115446329116821e-01,2.335171997547149658e-01,-1.015824154019355774e-01,6.226304173469543457e-02,-1.321796141564846039e-02,9.371049702167510986e-02,1.426893025636672974e-01,1.015800237655639648e-01,1.416458934545516968e-01,1.879591047763824463e-01,2.268268615007400513e-01,1.517791450023651123e-01,1.669171601533889771e-01,1.673994660377502441e-01,7.933820039033889771e-02,1.264657974243164062e-01,1.187023445963859558e-01,3.550628572702407837e-02
3.798934221267700195e-01,3.513510823249816895e-01,3.075600564479827881e-01,1.664030253887176514e-01,-2.497541159391403198e-01,-1.540355682373046875e-01,1.000000119209289551e+00,2.829749286174774170e-01,-2.056659311056137085e-01,-2.279235720634460449e-01,2.756696641445159912e-01,2.962147295475006104e-01,3.127042651176452637e-01,2.258657962083816528e-01,-2.280615735799074173e-03,1.080388128757476807e-01,1.747127026319503784e-01,5.207602307200431824e-02,1.590122729539871216e-01,1.875690370798110962e-01,1.532824039459228516e-01,1.338200271129608154e-01,2.447777092456817627e-01,1.414799690246582031e-01,-5.874697864055633545e-02,-1.282689869403839111e-01,3.593173250555992126e-02,2.187974750995635986e-03,2.244417667388916016e-01,2.713660299777984619e-01,2.393288016319274902e-01,2.347473949193954468e-01,2.551743686199188232e-01,2.860363721847534180e-01,1.156734004616737366e-01,1.669492870569229126e-01,1.813171803951263428e-01,1.961012035608291626e-01,1.735562980175018311e-01,2.032137215137481689e-01,1.443066447973251343e-01,1.698066145181655884e-01,3.444877639412879944e-02,4.863294959068298340e-02,-2.784697525203227997e-02,2.357342280447483063e-02,6.540375947952270508e-02,2.799093164503574371e-02,-3.642873838543891907e-03,-2.053570747375488281e-02,1.426394134759902954e-01,1.159842871129512787e-02,6.373269855976104736e-02,-1.082134917378425598e-01,1.275978088378906250e-01,1.415430307388305664e-01,4.066742956638336182e-01,3.204189240932464600e-01,3.260755538940429688e-01,3.669699132442474365e-01,2.742231190204620361e-01,2.196547985076904297e-01,1.151751875877380371e-01,2.438694983720779419e-02,6.898303329944610596e-02,5.867656692862510681e-02,3.808587789535522461e-01,3.457525670528411865e-01,2.968308925628662109e-01,3.678855597972869873e-01,2.476096749305725098e-01,3.035202622413635254e-01,1.412568241357803345e-01,1.838773787021636963e-01,1.546528339385986328e-01,1.469602286815643311e-01,2.045812606811523438e-01,1.884240806102752686e-01,8.740364760160446167e-02,1.128655374050140381e-01,1.982322484254837036e-01,2.094604969024658203e-01,5.534258112311363220e-02,1.688874214887619019e-01,2.244718372821807861e-01,1.278079748153686523e-01,-9.728107601404190063e-02,-1.286012083292007446e-01,1.297457367181777954e-01,2.335131540894508362e-02,1.093509122729301453e-01,9.546557813882827759e-02,-2.509888447821140289e-02,-3.031691163778305054e-02,1.115196645259857178e-01,1.662120670080184937e-01,1.567349582910537720e-01,1.420312076807022095e-01,1.487468034029006958e-01,1.488045752048492432e-01,1.048700883984565735e-01,1.961868442595005035e-02,2.214481830596923828e-01,1.975358873605728149e-01,1.780312955379486084e-01,2.173884063959121704e-01,1.886380910873413086e-01,2.077183425426483154e-01,1.018160432577133179e-01,1.546711027622222900e-01,1.752003133296966553e-01,1.091727316379547119e-01,1.157011017203330994e-01,1.299128681421279907e-01,1.482824981212615967e-01,1.865503191947937012e-01
3.410308063030242920e-01,3.908048272132873535e-01,1.716445237398147583e-01,3.936071693897247314e-01,-1.356879323720932007e-01,9.060375392436981201e-02,2.829749286174774170e-01,1.000000000000000000e+00,-1.806778758764266968e-01,-2.553900703787803650e-02,2.014227807521820068e-01,3.084170818328857422e-01,1.368875950574874878e-01,3.244483768939971924e-01,-1.113716792315244675e-02,1.968622356653213501e-01,1.640005111694335938e-01,2.042249590158462524e-01,7.868649065494537354e-02,1.388512700796127319e-01,1.710436493158340454e-01,2.073755115270614624e-01,1.541927456855773926e-01,2.588690817356109619e-01,3.129047527909278870e-02,2.647439390420913696e-02,1.279822438955307007e-01,1.438475698232650757e-01,2.036886215209960938e-01,2.625035643577575684e-01,2.647552192211151123e-01,2.960705757141113281e-01,1.947840154170989990e-01,2.357848286628723145e-01,1.350851505994796753e-01,1.639232188463211060e-01,1.796483993530273438e-01,2.634322345256805420e-01,1.865281909704208374e-01,2.391352802515029907e-01,2.002947479486465454e-01,2.412268221378326416e-01,-2.376805990934371948e-03,9.761079400777816772e-02,-1.247592270374298096e-01,-3.884558379650115967e-02,7.744522765278816223e-03,2.063940837979316711e-02,-8.921397477388381958e-02,-7.599304616451263428e-02,5.509904120117425919e-03,1.798821613192558289e-02,-2.721815370023250580e-02,-7.132235169410705566e-02,1.365733891725540161e-01,2.340837419033050537e-01,2.681632339954376221e-01,4.258511662483215332e-01,3.176629841327667236e-01,3.485514223575592041e-01,1.792747974395751953e-01,2.243622541427612305e-01,-6.075454130768775940e-02,2.448549568653106689e-01,-1.151348128914833069e-01,8.185298740863800049e-02,3.376821875572204590e-01,3.322164714336395264e-01,3.076190352439880371e-01,3.162707984447479248e-01,1.573502123355865479e-01,1.934669017791748047e-01,1.421450227499008179e-01,1.397345513105392456e-01,7.379113137722015381e-02,1.269946098327636719e-01,2.223211079835891724e-01,2.428019791841506958e-01,7.859514653682708740e-02,2.135195732116699219e-01,1.293808668851852417e-01,3.171567618846893311e-01,-1.579018123447895050e-02,3.003293573856353760e-01,9.185060113668441772e-02,1.853872090578079224e-01,-1.902322918176651001e-01,-3.093569539487361908e-02,2.209778688848018646e-02,1.703175604343414307e-01,7.830407703295350075e-04,1.423473656177520752e-01,-1.681940555572509766e-01,-8.111951500177383423e-02,1.399772912263870239e-01,2.190269231796264648e-01,1.611705720424652100e-01,2.263596802949905396e-01,1.421784311532974243e-01,1.954820454120635986e-01,-7.963932305574417114e-02,9.957869537174701691e-03,1.155981123447418213e-01,2.250140458345413208e-01,2.104041576385498047e-01,2.215816080570220947e-01,2.258562445640563965e-01,2.798055410385131836e-01,1.457600742578506470e-01,1.224063709378242493e-01,1.575019061565399170e-01,1.086529791355133057e-01,3.451891615986824036e-02,7.358267903327941895e-02,1.447506397962570190e-01,1.531215608119964600e-01
-1.532814949750900269e-01,-1.774768233299255371e-01,-2.352097034454345703e-01,-1.634013652801513672e-01,4.617602527141571045e-01,3.048934638500213623e-01,-2.056659311056137085e-01,-1.806778758764266968e-01,9.999998807907104492e-01,3.861080110073089600e-01,-8.997683227062225342e-02,-1.489697545766830444e-01,-7.415667176246643066e-02,-6.393932551145553589e-02,3.084272742271423340e-01,1.296656578779220581e-01,-1.364877372980117798e-01,-6.262955069541931152e-02,-4.504039883613586426e-02,-9.470957517623901367e-02,5.577011778950691223e-02,3.922586143016815186e-02,-2.021154016256332397e-01,-1.753743439912796021e-01,2.469811290502548218e-01,2.519439756870269775e-01,1.441058069467544556e-01,1.221104562282562256e-01,-1.580226719379425049e-01,-9.357055276632308960e-02,-6.010022759437561035e-02,-1.140389516949653625e-01,-1.405803859233856201e-01,-2.099858224391937256e-01,-2.121733427047729492e-01,-2.260372489690780640e-01,-5.664236843585968018e-02,-9.641797840595245361e-02,-5.683282762765884399e-02,-8.962675184011459351e-02,-5.217755585908889771e-02,-6.008104607462882996e-02,7.328169792890548706e-02,1.180594041943550110e-02,1.053289249539375305e-01,6.569013744592666626e-02,3.843634203076362610e-02,4.274145886301994324e-02,1.918207667768001556e-02,4.649561643600463867e-02,-8.413731306791305542e-02,1.521001756191253662e-02,1.218485645949840546e-02,1.549057662487030029e-01,-1.899763941764831543e-02,-7.295192684978246689e-03,-1.791251897811889648e-01,-1.088188514113426208e-01,-1.301617622375488281e-01,-2.017887234687805176e-01,-1.196805462241172791e-01,-6.552170962095260620e-02,-9.243961423635482788e-02,-4.093804582953453064e-02,2.958366647362709045e-02,6.071193888783454895e-02,-2.575114071369171143e-01,-2.650438547134399414e-01,-2.148930281400680542e-01,-2.385809570550918579e-01,-1.301251500844955444e-01,-1.205822154879570007e-01,-8.114559203386306763e-02,-4.965407773852348328e-02,-9.021569788455963135e-02,-4.494690150022506714e-02,-1.834034621715545654e-01,-1.380672007799148560e-01,-4.654105380177497864e-02,-1.650535613298416138e-01,-3.989428654313087463e-02,-1.391411423683166504e-01,8.573433756828308105e-02,-3.493562713265419006e-02,-9.178396314382553101e-02,-2.331313490867614746e-02,2.012308686971664429e-01,2.024346888065338135e-01,2.857770398259162903e-02,1.417357027530670166e-01,-2.209946699440479279e-02,-1.486504916101694107e-02,6.569008529186248779e-02,1.039470657706260681e-01,2.262560650706291199e-02,-3.402531147003173828e-02,-2.875086292624473572e-02,-2.336849831044673920e-02,-5.467263981699943542e-02,-3.337705135345458984e-02,-1.376574765890836716e-02,9.470319002866744995e-02,-1.431370675563812256e-01,-9.403365850448608398e-02,-1.158667579293251038e-01,-1.436667144298553467e-01,-1.138293594121932983e-01,-7.694741338491439819e-02,-2.953078784048557281e-02,-4.172035306692123413e-02,-7.424395531415939331e-02,-2.575018070638179779e-02,1.663195714354515076e-02,1.553825195878744125e-02,-8.900984376668930054e-02,-1.536017209291458130e-01
-1.354653537273406982e-01,-1.432971209287643433e-01,-1.826222538948059082e-01,-6.797073781490325928e-02,3.680719733238220215e-01,3.700312972068786621e-01,-2.279235720634460449e-01,-2.553900703787803650e-02,3.861080110073089600e-01,1.000000238418579102e+00,-9.601032733917236328e-02,-7.449334114789962769e-02,-1.634825319051742554e-01,1.688671857118606567e-02,1.748998612165451050e-01,1.764798313379287720e-01,-1.516691148281097412e-01,-1.872790791094303131e-02,-8.599911630153656006e-02,-1.130726262927055359e-01,3.948389738798141479e-02,4.796442389488220215e-02,-2.224864065647125244e-01,-1.374824196100234985e-01,2.137769907712936401e-01,2.303842306137084961e-01,1.281124800443649292e-01,1.139286905527114868e-01,-1.671774685382843018e-01,-1.195987015962600708e-01,-2.374737337231636047e-02,-2.380625344812870026e-02,-9.167286753654479980e-02,-1.519533395767211914e-01,-1.326782852411270142e-01,-9.701537340879440308e-02,-9.958602488040924072e-02,-8.803933858871459961e-02,-7.536546140909194946e-02,-9.379456937313079834e-02,-3.109684959053993225e-02,-5.436899513006210327e-02,5.687441304326057434e-02,5.077160522341728210e-02,7.118796557188034058e-02,5.553220584988594055e-02,-2.249698713421821594e-02,-1.529220491647720337e-03,-2.790126390755176544e-02,3.553103283047676086e-02,-1.200211942195892334e-01,-4.947706125676631927e-03,-3.908385708928108215e-02,1.111793369054794312e-01,-4.960326105356216431e-02,-3.726114286109805107e-03,-2.274590432643890381e-01,-5.280004069209098816e-02,-8.443974703550338745e-02,-1.540811955928802490e-01,-8.889093250036239624e-02,-1.111772097647190094e-02,-1.498027294874191284e-01,4.270811006426811218e-02,-1.598801836371421814e-02,7.936961203813552856e-02,-1.969025880098342896e-01,-1.703841835260391235e-01,-1.522597819566726685e-01,-1.934100389480590820e-01,-1.845602989196777344e-01,-1.846493780612945557e-01,-1.266445368528366089e-01,-1.409177035093307495e-01,-1.452616304159164429e-01,-1.091790944337844849e-01,-1.455232799053192139e-01,-1.137536019086837769e-01,-6.235777586698532104e-02,-1.368628740310668945e-01,-1.320972144603729248e-01,-1.445415914058685303e-01,-2.297309786081314087e-02,1.511151622980833054e-02,-1.580798476934432983e-01,-5.260222032666206360e-02,1.163414567708969116e-01,2.486951947212219238e-01,-6.738992035388946533e-02,1.578119695186614990e-01,-9.617193043231964111e-02,-2.685934677720069885e-02,-2.566186152398586273e-02,1.143262609839439392e-01,-1.902816630899906158e-02,-3.463912382721900940e-02,-6.205772235989570618e-02,-2.638062089681625366e-02,-7.326713949441909790e-02,-3.607403486967086792e-02,-1.053260788321495056e-01,1.217439547181129456e-01,-2.066046297550201416e-01,-6.486678123474121094e-02,-1.356363147497177124e-01,-1.626099795103073120e-01,-9.678509086370468140e-02,-6.809803843498229980e-02,-2.710895054042339325e-02,-9.319294989109039307e-02,-1.117861121892929077e-01,-2.323907241225242615e-02,1.707574469037353992e-03,1.268621254712343216e-02,-6.671451032161712646e-02,-1.404430419206619263e-01
2.737945020198822021e-01,1.388576328754425049e-01,1.410140991210937500e-01,1.630448102951049805e-01,-1.419165581464767456e-01,-5.788306891918182373e-02,2.756696641445159912e-01,2.014227807521820068e-01,-8.997683227062225342e-02,-9.601032733917236328e-02,9.999998807907104492e-01,2.556838393211364746e-01,3.497306704521179199e-01,2.141901701688766479e-01,8.378117531538009644e-02,5.343647673726081848e-02,3.084012866020202637e-01,1.367051303386688232e-01,-4.359495267271995544e-02,4.167716205120086670e-02,1.716188639402389526e-01,1.026372760534286499e-01,5.589246377348899841e-02,6.404446810483932495e-02,-8.932466804981231689e-02,-9.603343904018402100e-02,9.064136445522308350e-02,9.604152292013168335e-02,2.184950858354568481e-01,1.280173510313034058e-01,1.193828284740447998e-01,1.626623868942260742e-01,2.378914505243301392e-01,2.393615394830703735e-01,1.041142269968986511e-01,1.085808053612709045e-01,1.250762641429901123e-01,1.170987337827682495e-01,1.379965990781784058e-01,1.225366070866584778e-01,1.587062776088714600e-01,1.265688836574554443e-01,-5.793929100036621094e-02,1.108606439083814621e-02,-1.220507696270942688e-01,-8.849845081567764282e-02,7.197558297775685787e-04,-4.843657091259956360e-02,-3.564522042870521545e-02,-9.343777596950531006e-02,1.279620826244354248e-01,-2.882174775004386902e-02,3.696273639798164368e-02,-8.951944857835769653e-02,1.477536261081695557e-01,9.146821498870849609e-02,2.693350315093994141e-01,1.466093510389328003e-01,1.709211468696594238e-01,1.967414021492004395e-01,1.466985791921615601e-01,3.319825604557991028e-02,2.338951975107192993e-01,3.068873286247253418e-02,6.720405817031860352e-02,-4.143539443612098694e-02,2.323006689548492432e-01,1.854772716760635376e-01,1.380744874477386475e-01,1.792508065700531006e-01,9.745901077985763550e-02,1.383581012487411499e-01,9.252052009105682373e-02,1.752864196896553040e-02,7.161931693553924561e-02,1.922635477967560291e-03,1.413209885358810425e-01,1.098946258425712585e-01,1.464496254920959473e-01,1.232704147696495056e-01,2.618138790130615234e-01,1.451341956853866577e-01,1.468206942081451416e-01,9.888834506273269653e-02,2.564113140106201172e-01,7.833805680274963379e-02,5.773854255676269531e-02,-1.472939848899841309e-01,1.745601147413253784e-01,1.067035086452960968e-02,1.056007519364356995e-01,6.598825007677078247e-02,-2.866400172933936119e-03,-1.050895303487777710e-01,8.939308673143386841e-02,1.251093894243240356e-01,1.188054457306861877e-01,9.535466134548187256e-02,1.413870155811309814e-01,1.124554499983787537e-01,1.307002454996109009e-01,-3.034584969282150269e-02,2.177060991525650024e-01,1.275942176580429077e-01,1.831903606653213501e-01,1.933658570051193237e-01,1.788536608219146729e-01,1.406238973140716553e-01,7.881546765565872192e-02,5.687468871474266052e-02,2.308378368616104126e-02,6.054554507136344910e-02,2.065849676728248596e-02,1.527960151433944702e-01,1.808203309774398804e-01,2.016945332288742065e-01
2.722229659557342529e-01,2.983434498310089111e-01,1.474637985229492188e-01,2.049858123064041138e-01,-1.436855643987655640e-01,-3.091392107307910919e-02,2.962147295475006104e-01,3.084170818328857422e-01,-1.489697545766830444e-01,-7.449334114789962769e-02,2.556838393211364746e-01,1.000000119209289551e+00,1.438289880752563477e-01,4.156071543693542480e-01,-5.883114412426948547e-02,7.820013910531997681e-02,1.365965306758880615e-01,2.211032956838607788e-01,6.285753101110458374e-02,9.371849894523620605e-02,4.945992305874824524e-02,4.938584193587303162e-02,1.980586498975753784e-01,2.036700695753097534e-01,3.034730907529592514e-03,-3.063522838056087494e-02,3.794027119874954224e-02,3.999716416001319885e-02,7.480695098638534546e-02,2.508250772953033447e-01,1.783482879400253296e-01,1.748124957084655762e-01,3.045047819614410400e-01,3.397657573223114014e-01,1.942541599273681641e-01,1.905517876148223877e-01,7.895395159721374512e-02,7.081457227468490601e-02,2.660185471177101135e-02,5.449277907609939575e-02,1.824687793850898743e-02,2.948571927845478058e-02,-5.479760840535163879e-02,1.754202507436275482e-02,-1.224872767925262451e-01,-4.248313233256340027e-02,-4.940285906195640564e-02,-4.461244121193885803e-02,-7.700657099485397339e-02,-4.272885248064994812e-02,2.257315441966056824e-02,1.838221028447151184e-02,-6.661194562911987305e-02,-1.337390244007110596e-01,-9.984544478356838226e-03,3.381125256419181824e-02,2.101209461688995361e-01,2.682610154151916504e-01,1.403942108154296875e-01,1.922574937343597412e-01,7.518804818391799927e-02,7.407271116971969604e-02,7.427334785461425781e-03,2.198045551776885986e-01,-6.451082229614257812e-02,4.146792367100715637e-02,2.491442263126373291e-01,2.596784532070159912e-01,1.293071359395980835e-01,1.594939380884170532e-01,1.303983926773071289e-01,2.529968619346618652e-01,-3.534163348376750946e-03,9.946098923683166504e-02,-2.613433171063661575e-04,5.260185897350311279e-02,1.221061646938323975e-01,8.810262382030487061e-02,1.165965795516967773e-01,1.680668741464614868e-01,1.469859927892684937e-01,2.819080352783203125e-01,-4.504342749714851379e-02,1.671894639730453491e-01,8.641340583562850952e-02,1.735758036375045776e-01,-1.564265936613082886e-01,3.640237729996442795e-03,-1.350932288914918900e-02,5.931597575545310974e-02,-3.720710799098014832e-02,6.702081300318241119e-03,-6.832691282033920288e-02,-3.912360593676567078e-02,2.119959704577922821e-02,6.490787863731384277e-02,1.484301779419183731e-02,6.106968224048614502e-02,1.354977581650018692e-02,2.846557088196277618e-02,9.732807055115699768e-03,6.751228868961334229e-02,1.017288863658905029e-01,1.698563098907470703e-01,7.731477171182632446e-02,9.812472015619277954e-02,7.286922633647918701e-02,9.574359655380249023e-02,2.012822031974792480e-02,4.439650848507881165e-02,7.404021918773651123e-02,-7.070692721754312515e-03,-8.788751065731048584e-02,-5.288081243634223938e-02,4.705098923295736313e-03,2.990022674202919006e-02
2.005502134561538696e-01,1.151955127716064453e-01,1.510793268680572510e-01,8.173827081918716431e-02,-1.051139235496520996e-01,-3.117876313626766205e-02,3.127042651176452637e-01,1.368875950574874878e-01,-7.415667176246643066e-02,-1.634825319051742554e-01,3.497306704521179199e-01,1.438289880752563477e-01,9.999998807907104492e-01,1.917344778776168823e-01,1.215630695223808289e-01,9.729940444231033325e-02,2.342269867658615112e-01,6.995210796594619751e-02,4.418183863162994385e-02,1.109130233526229858e-01,1.790267825126647949e-01,1.472062319517135620e-01,1.098048388957977295e-01,9.565471857786178589e-02,-1.321002990007400513e-01,-1.029325798153877258e-01,1.518341600894927979e-01,1.744533926248550415e-01,2.770430743694305420e-01,1.969167888164520264e-01,2.112504988908767700e-01,2.357570976018905640e-01,1.137178689241409302e-01,1.253804564476013184e-01,2.435732819139957428e-02,3.282139077782630920e-02,2.256400734186172485e-01,1.911401748657226562e-01,2.436788529157638550e-01,2.341497838497161865e-01,2.111096680164337158e-01,2.059130072593688965e-01,-5.435394868254661560e-02,2.555358223617076874e-02,-1.236248165369033813e-01,-1.059231460094451904e-01,1.459329277276992798e-01,1.048803403973579407e-01,-3.296288847923278809e-02,-1.114938482642173767e-01,1.340323388576507568e-01,8.670741808600723743e-04,1.437143832445144653e-01,5.685447901487350464e-02,2.325242161750793457e-01,1.902709156274795532e-01,2.589491903781890869e-01,1.437544375658035278e-01,1.452938169240951538e-01,1.808219701051712036e-01,8.054644614458084106e-02,5.235585197806358337e-02,1.689383983612060547e-01,-4.379331320524215698e-02,-2.167675411328673363e-03,-6.643559783697128296e-02,1.900261193513870239e-01,1.349805593490600586e-01,1.732946485280990601e-01,2.132714539766311646e-01,1.819919049739837646e-01,1.864294260740280151e-01,1.829831302165985107e-01,1.295031905174255371e-01,1.797197312116622925e-01,1.087595000863075256e-01,1.551672518253326416e-01,1.544496268033981323e-01,1.136162951588630676e-01,1.727520823478698730e-01,2.423976361751556396e-01,1.661619395017623901e-01,2.450408488512039185e-01,1.615789085626602173e-01,3.111867308616638184e-01,1.879526078701019287e-01,7.244203239679336548e-02,-1.789512783288955688e-01,2.761234939098358154e-01,9.709617495536804199e-02,2.568926811218261719e-01,2.035019844770431519e-01,8.473808318376541138e-02,-9.121029824018478394e-02,2.099310755729675293e-01,2.261512875556945801e-01,2.117397934198379517e-01,1.810343563556671143e-01,2.582381367683410645e-01,2.347581386566162109e-01,1.294734030961990356e-01,-3.821419179439544678e-02,2.918161451816558838e-01,1.619213521480560303e-01,2.613195478916168213e-01,2.832087278366088867e-01,2.218534350395202637e-01,1.881700754165649414e-01,1.689085364341735840e-01,1.485121101140975952e-01,1.218133494257926941e-01,1.467901021242141724e-01,1.452272683382034302e-01,2.327498942613601685e-01,2.598971128463745117e-01,2.786636054515838623e-01
