9.999999403953552246e-01,7.150207161903381348e-01,6.366280913352966309e-01,5.872741341590881348e-01,3.270952729508280754e-03,-1.280078385025262833e-02,5.609075427055358887e-01,6.088507771492004395e-01,3.228325843811035156e-01,3.228496909141540527e-01,6.159819364547729492e-01,4.751831293106079102e-01,5.010893940925598145e-01,4.976634979248046875e-01,1.981242150068283081e-01,2.975742518901824951e-01,5.257635116577148438e-01,5.138785243034362793e-01,5.160984396934509277e-01,5.404600501060485840e-01,2.338275611400604248e-01,1.181756854057312012e-01,4.139551818370819092e-01,4.146505296230316162e-01,3.207459747791290283e-01,1.546704024076461792e-01,1.136479005217552185e-01,1.681828200817108154e-01,4.921966791152954102e-01,4.503291249275207520e-01,3.540036082267761230e-01,1.930391192436218262e-01,7.556616663932800293e-01,6.740406155586242676e-01,1.561566740274429321e-01,-1.296626627445220947e-01,4.852289557456970215e-01,3.893003761768341064e-01,5.493573546409606934e-01,3.598461151123046875e-01,3.951829671859741211e-01,2.633662223815917969e-01,2.013671249151229858e-01,8.121909201145172119e-02,1.241871789097785950e-01,1.179463490843772888e-01,1.884584277868270874e-01,2.175077679567039013e-04,3.434242606163024902e-01,3.478435277938842773e-01,5.401601195335388184e-01,3.092467188835144043e-01,4.991344213485717773e-01,1.751522719860076904e-01,5.014141798019409180e-01,3.184415400028228760e-01,7.535188794136047363e-01,4.953033328056335449e-01,2.277740687131881714e-01,2.155423462390899658e-01,4.592217803001403809e-01,2.456990331411361694e-01,4.284436702728271484e-01,2.011621743440628052e-01,3.201582133769989014e-01,2.296913713216781616e-01,3.920881748199462891e-01,2.460486888885498047e-01,6.381731629371643066e-01,5.290297865867614746e-01,3.617103695869445801e-01,3.430705666542053223e-01,3.651091158390045166e-01,3.356277644634246826e-01,4.703767001628875732e-01,2.706522345542907715e-01,3.556016087532043457e-01,2.612401247024536133e-01,3.061705827713012695e-01,4.139369130134582520e-01,5.666116476058959961e-01,5.284478664398193359e-01,4.780085682868957520e-01,4.009978473186492920e-01,6.339325904846191406e-01,4.015311300754547119e-01,2.146761715412139893e-01,2.546541988849639893e-01,4.906546771526336670e-01,3.221293985843658447e-01,4.014020264148712158e-01,1.955275535583496094e-01,4.664117395877838135e-01,3.131221532821655273e-01,1.483470648527145386e-01,9.391749277710914612e-03,1.443538218736648560e-01,-3.574301721528172493e-03,3.008287250995635986e-01,1.758258938789367676e-01,5.426459908485412598e-01,2.038364261388778687e-01,4.720043241977691650e-01,2.904335260391235352e-01,2.915084064006805420e-01,3.525663018226623535e-01,4.169681966304779053e-01,2.951117753982543945e-01,1.009798571467399597e-01,-9.465969353914260864e-02,-2.041301429271697998e-01,4.336643218994140625e-02,1.047515422105789185e-01,3.000185191631317139e-01,3.431795239448547363e-01,3.780450522899627686e-01
7.150207161903381348e-01,1.000000357627868652e+00,5.641846656799316406e-01,6.655855178833007812e-01,4.462694376707077026e-02,1.580947078764438629e-02,4.848685264587402344e-01,5.973763465881347656e-01,3.988821804523468018e-01,3.341181278228759766e-01,5.561368465423583984e-01,6.229278445243835449e-01,3.719274699687957764e-01,5.582661032676696777e-01,1.874342560768127441e-01,2.999217808246612549e-01,4.708836376667022705e-01,6.576320528984069824e-01,5.542476177215576172e-01,6.164290308952331543e-01,2.524858117103576660e-01,1.573767513036727905e-01,3.538991212844848633e-01,4.007558226585388184e-01,3.067996203899383545e-01,1.428861618041992188e-01,1.302440315485000610e-01,2.321901023387908936e-01,4.047354459762573242e-01,5.221112966537475586e-01,3.689716458320617676e-01,2.431103587150573730e-01,7.035150527954101562e-01,7.144653201103210449e-01,1.223610863089561462e-01,-5.928666889667510986e-02,4.194704592227935791e-01,4.945637583732604980e-01,4.461886584758758545e-01,4.178620576858520508e-01,3.138228952884674072e-01,3.270284235477447510e-01,1.264164298772811890e-01,6.008784100413322449e-02,2.034298777580261230e-01,3.088594377040863037e-01,6.558547168970108032e-02,1.625143922865390778e-02,3.383514583110809326e-01,5.202729105949401855e-01,4.117975234985351562e-01,5.085499882698059082e-01,3.384771943092346191e-01,3.332964777946472168e-01,3.840188384056091309e-01,5.034844279289245605e-01,6.511210799217224121e-01,7.479968070983886719e-01,3.896988630294799805e-01,4.738165140151977539e-01,4.772704839706420898e-01,4.498503506183624268e-01,4.211390018463134766e-01,5.068954825401306152e-01,3.965429067611694336e-01,4.547584056854248047e-01,4.776733815670013428e-01,3.626439869403839111e-01,6.470220088958740234e-01,6.595494151115417480e-01,3.413655757904052734e-01,3.435436487197875977e-01,3.245690464973449707e-01,3.730655610561370850e-01,3.647285103797912598e-01,3.293674290180206299e-01,3.297834992408752441e-01,2.813851237297058105e-01,2.656254470348358154e-01,5.021058917045593262e-01,4.663476943969726562e-01,6.876277327537536621e-01,2.610893845558166504e-01,4.581032693386077881e-01,5.395137071609497070e-01,6.421831250190734863e-01,8.589919656515121460e-02,3.097996711730957031e-01,4.386206865310668945e-01,5.533698201179504395e-01,2.808184325695037842e-01,3.422198295593261719e-01,3.183622360229492188e-01,3.919445574283599854e-01,1.229855120182037354e-01,-4.274804890155792236e-02,1.556006222963333130e-01,6.356719136238098145e-02,2.244800925254821777e-01,2.868473827838897705e-01,3.825598061084747314e-01,2.657482624053955078e-01,3.412675857543945312e-01,2.997339069843292236e-01,2.271157056093215942e-01,3.643777966499328613e-01,3.056954145431518555e-01,2.627328038215637207e-01,5.787113308906555176e-02,-1.957979500293731689e-01,-2.526595890522003174e-01,9.305671602487564087e-02,1.231104135513305664e-01,3.178637027740478516e-01,2.468556463718414307e-01,2.981481552124023438e-01
6.366280913352966309e-01,5.641846656799316406e-01,1.000000476837158203e+00,8.169045448303222656e-01,7.644096016883850098e-02,-4.862126335501670837e-02,8.456091880798339844e-01,7.657945156097412109e-01,4.235076606273651123e-01,4.534637629985809326e-01,6.199826598167419434e-01,4.903913140296936035e-01,6.562260389328002930e-01,6.234057545661926270e-01,2.948226928710937500e-01,4.183543920516967773e-01,6.242687702178955078e-01,5.603312253952026367e-01,7.378077507019042969e-01,6.887699961662292480e-01,1.565823554992675781e-01,3.352347761392593384e-02,7.479709982872009277e-01,6.531996726989746094e-01,4.279276132583618164e-01,1.545702069997787476e-01,7.019612938165664673e-02,2.085801661014556885e-01,5.822541713714599609e-01,5.132809281349182129e-01,5.754014849662780762e-01,3.737430870532989502e-01,6.182476282119750977e-01,6.259070634841918945e-01,-1.892460510134696960e-03,-2.203308790922164917e-01,4.507363736629486084e-01,3.883933126926422119e-01,5.946080088615417480e-01,4.641626477241516113e-01,2.429214715957641602e-01,2.167392224073410034e-01,1.517885178327560425e-01,3.814481606241315603e-04,1.780266165733337402e-01,6.150009483098983765e-02,1.105066388845443726e-01,-8.476642519235610962e-02,2.903844118118286133e-01,3.018709421157836914e-01,3.941992223262786865e-01,2.894923985004425049e-01,3.573760986328125000e-01,1.472570300102233887e-01,5.270479321479797363e-01,2.555177211761474609e-01,6.052671074867248535e-01,5.144247412681579590e-01,2.277803570032119751e-01,2.076088041067123413e-01,3.328092694282531738e-01,1.734333038330078125e-01,4.684891700744628906e-01,2.682852745056152344e-01,3.065140843391418457e-01,2.365767061710357666e-01,3.186034858226776123e-01,1.285758763551712036e-01,5.619522333145141602e-01,4.090089201927185059e-01,4.467287063598632812e-01,4.095096290111541748e-01,3.005858659744262695e-01,2.418303787708282471e-01,4.030483067035675049e-01,2.485715597867965698e-01,1.999852061271667480e-01,1.514678150415420532e-01,3.285199105739593506e-01,4.735155701637268066e-01,5.922276377677917480e-01,5.028158426284790039e-01,5.115043520927429199e-01,4.042163789272308350e-01,6.105622649192810059e-01,3.919332325458526611e-01,3.274762332439422607e-01,4.163798093795776367e-01,5.734568238258361816e-01,3.484484255313873291e-01,4.020384550094604492e-01,1.493193358182907104e-01,3.518423438072204590e-01,2.721534669399261475e-01,1.221306100487709045e-01,-7.049029693007469177e-03,6.137173622846603394e-02,-1.202563121914863586e-01,2.557302415370941162e-01,9.523630142211914062e-02,5.033372044563293457e-01,2.798365652561187744e-01,4.516541361808776855e-01,3.608148097991943359e-01,1.416501849889755249e-01,2.104008644819259644e-01,3.690896034240722656e-01,3.198000788688659668e-01,1.797716133296489716e-02,-1.555841267108917236e-01,-3.092139661312103271e-01,-2.964947745203971863e-02,-6.078908219933509827e-02,1.996576040983200073e-01,3.667769432067871094e-01,3.783820867538452148e-01
5.872741341590881348e-01,6.655855178833007812e-01,8.169045448303222656e-01,1.000000000000000000e+00,1.509245634078979492e-01,8.972703665494918823e-02,7.827538251876831055e-01,8.028081059455871582e-01,4.601156711578369141e-01,5.045444369316101074e-01,6.092606782913208008e-01,6.500973701477050781e-01,5.763368010520935059e-01,6.900100111961364746e-01,2.531999349594116211e-01,4.506762325763702393e-01,5.564779639244079590e-01,6.149140596389770508e-01,6.822094321250915527e-01,7.078580260276794434e-01,2.663271129131317139e-01,1.926305294036865234e-01,5.870920419692993164e-01,5.890625119209289551e-01,4.378336071968078613e-01,2.390935420989990234e-01,2.129689902067184448e-01,3.038615882396697998e-01,5.797781944274902344e-01,6.021248102188110352e-01,5.872777104377746582e-01,4.444946348667144775e-01,6.117060780525207520e-01,6.593493223190307617e-01,-5.750046670436859131e-02,-2.375031411647796631e-01,4.151864051818847656e-01,4.430370926856994629e-01,4.720301330089569092e-01,4.954121410846710205e-01,2.820492982864379883e-01,3.095043599605560303e-01,1.357191205024719238e-01,1.928338548168540001e-03,2.386481761932373047e-01,2.017838209867477417e-01,5.705035105347633362e-02,-5.806567147374153137e-02,3.082839846611022949e-01,3.797174096107482910e-01,3.732064664363861084e-01,3.656228482723236084e-01,3.227820098400115967e-01,2.185022532939910889e-01,4.225992262363433838e-01,3.754955232143402100e-01,5.452476143836975098e-01,6.048337221145629883e-01,3.308634161949157715e-01,3.742257058620452881e-01,3.670590817928314209e-01,3.155834078788757324e-01,4.158990681171417236e-01,4.066538512706756592e-01,3.784056603908538818e-01,3.717914521694183350e-01,3.835218548774719238e-01,2.493728101253509521e-01,5.359625816345214844e-01,4.733474552631378174e-01,4.836527705192565918e-01,4.702714681625366211e-01,3.821106851100921631e-01,3.663473129272460938e-01,3.844227790832519531e-01,3.319457471370697021e-01,2.572572529315948486e-01,2.182931602001190186e-01,3.077013790607452393e-01,4.670859575271606445e-01,5.396785736083984375e-01,5.740608572959899902e-01,4.000282585620880127e-01,4.945521354675292969e-01,5.778411626815795898e-01,5.105755925178527832e-01,2.537304759025573730e-01,4.736336171627044678e-01,5.418767333030700684e-01,4.641739130020141602e-01,3.153948485851287842e-01,2.126203477382659912e-01,3.117090165615081787e-01,2.933790683746337891e-01,1.352219283580780029e-01,-4.782031476497650146e-02,5.367237702012062073e-02,-1.055561080574989319e-01,2.054558247327804565e-01,1.210623607039451599e-01,4.026981592178344727e-01,2.544779479503631592e-01,3.660958409309387207e-01,3.043958544731140137e-01,1.362843960523605347e-01,2.541326582431793213e-01,3.276664614677429199e-01,2.732568979263305664e-01,-3.614280838519334793e-03,-1.975578665733337402e-01,-2.816716730594635010e-01,6.510693579912185669e-02,5.077488347887992859e-02,2.297191768884658813e-01,2.451376616954803467e-01,2.545389235019683838e-01
3.270952729508280754e-03,4.462694376707077026e-02,7.644096016883850098e-02,1.509245634078979492e-01,9.999997019767761230e-01,7.172442078590393066e-01,3.886978328227996826e-02,1.112642958760261536e-01,3.697171211242675781e-01,3.460903763771057129e-01,7.121047377586364746e-02,1.355452388525009155e-01,1.097992248833179474e-02,9.500884264707565308e-02,2.271176725625991821e-01,2.908626496791839600e-01,-7.224868237972259521e-02,8.510145545005798340e-02,-1.115388330072164536e-02,5.465563386678695679e-02,1.877519935369491577e-01,3.187292814254760742e-01,-8.268867968581616879e-04,5.130979791283607483e-02,3.534787297248840332e-01,3.628152310848236084e-01,5.380800366401672363e-01,2.402444779872894287e-01,8.638696372509002686e-02,1.233442276716232300e-01,1.408131718635559082e-01,1.867984682321548462e-01,-2.495402470231056213e-02,4.030526150017976761e-03,-4.766144603490829468e-02,-1.080920025706291199e-01,-1.139069050550460815e-01,-8.195016533136367798e-02,-4.491320624947547913e-02,9.090291708707809448e-02,6.906779855489730835e-02,5.937083438038825989e-02,-8.894496411085128784e-02,-9.770148247480392456e-02,2.453216351568698883e-02,9.052421152591705322e-02,-1.762054115533828735e-01,-1.287431567907333374e-01,1.203175541013479233e-02,1.172890290617942810e-01,-3.164208680391311646e-02,8.724585920572280884e-02,-9.007883071899414062e-02,1.886176178231835365e-04,-8.344593644142150879e-02,1.248222589492797852e-01,-4.567164182662963867e-02,1.738760434091091156e-02,7.580698281526565552e-02,8.906800299882888794e-02,3.790365532040596008e-03,-3.490346297621726990e-02,-4.725334793329238892e-02,2.459946088492870331e-02,7.779882289469242096e-03,5.239481106400489807e-02,-2.460140921175479889e-02,1.550390105694532394e-02,7.094395696185529232e-04,5.214726552367210388e-02,2.532938718795776367e-01,2.412251830101013184e-01,1.639872938394546509e-01,2.316171824932098389e-01,1.735982447862625122e-01,1.663010716438293457e-01,-5.590412393212318420e-02,1.098489686846733093e-01,4.241084307432174683e-02,1.082343012094497681e-01,-3.153821825981140137e-02,7.595128566026687622e-02,1.761049032211303711e-02,2.100517749786376953e-01,-1.394751109182834625e-02,-3.949478268623352051e-02,6.512003391981124878e-02,1.822345852851867676e-01,4.042447358369827271e-02,-4.677847027778625488e-02,-1.885220259428024292e-01,-1.558453738689422607e-01,-1.441420018672943115e-01,-1.448204964399337769e-01,-1.748486189171671867e-03,8.870409429073333740e-02,-4.163472354412078857e-02,-4.065441340208053589e-02,-2.252417802810668945e-01,-1.187423467636108398e-01,-1.430094093084335327e-01,-1.532647311687469482e-01,-1.250392198562622070e-01,-1.522587835788726807e-01,-5.459101870656013489e-02,1.495918538421392441e-02,-9.942194074392318726e-02,-1.713347136974334717e-01,9.431159496307373047e-02,2.696517482399940491e-02,-1.240541785955429077e-01,-1.222245320677757263e-01,-2.881247363984584808e-02,-8.201280236244201660e-02,-1.189668774604797363e-01,-7.891324162483215332e-02
-1.280078385025262833e-02,1.580947078764438629e-02,-4.862126335501670837e-02,8.972703665494918823e-02,7.172442078590393066e-01,1.000000476837158203e+00,-2.980648539960384369e-02,9.569874405860900879e-02,1.715849488973617554e-01,2.768107950687408447e-01,7.190485950559377670e-03,2.064761817455291748e-01,-1.134124100208282471e-01,4.166319966316223145e-02,3.055031225085258484e-02,1.808901280164718628e-01,-1.397462785243988037e-01,4.708532989025115967e-02,-1.385220885276794434e-01,-9.712245315313339233e-03,2.795599400997161865e-01,4.967553019523620605e-01,-2.413175702095031738e-01,-1.687307655811309814e-01,3.587085008621215820e-01,5.607068538665771484e-01,7.210496068000793457e-01,4.185684323310852051e-01,4.057964310050010681e-02,1.611330211162567139e-01,1.207204684615135193e-01,2.069183290004730225e-01,-3.142579644918441772e-02,-8.645869791507720947e-03,4.308790713548660278e-02,-7.801529485732316971e-03,-7.017914205789566040e-02,-4.628576803952455521e-03,-2.526133656501770020e-01,5.907692015171051025e-03,1.667848676443099976e-01,2.179387658834457397e-01,8.098026365041732788e-02,1.071888804435729980e-01,1.278506815433502197e-01,2.187420129776000977e-01,1.027089077979326248e-03,8.072952926158905029e-02,1.085281893610954285e-01,1.228791922330856323e-01,4.337830096483230591e-02,1.036975681781768799e-01,-1.653051748871803284e-02,7.666910439729690552e-02,-1.916288435459136963e-01,1.878871321678161621e-01,-9.677579998970031738e-02,-8.192463219165802002e-02,1.512665450572967529e-01,1.056820303201675415e-01,-1.354340557008981705e-02,2.350233681499958038e-02,-1.442120671272277832e-01,-3.562096506357192993e-02,5.622410774230957031e-02,9.267968684434890747e-02,1.511550508439540863e-02,1.172085925936698914e-01,-1.406498402357101440e-01,-1.537260040640830994e-02,1.504965871572494507e-01,1.976974010467529297e-01,2.221017926931381226e-01,3.799255788326263428e-01,1.427899003028869629e-01,1.670980900526046753e-01,1.168655157089233398e-01,2.551968395709991455e-01,-4.353943839669227600e-02,6.583862751722335815e-02,-5.980301648378372192e-02,5.498943105340003967e-02,3.819137066602706909e-02,2.317055314779281616e-01,-2.409655041992664337e-02,4.701170697808265686e-02,2.407669275999069214e-02,1.655531674623489380e-01,5.601471755653619766e-03,7.056282833218574524e-03,-1.825354248285293579e-01,-6.133182719349861145e-02,-7.413142174482345581e-02,-1.122303605079650879e-01,-1.103649195283651352e-02,4.918665066361427307e-02,1.545942202210426331e-02,1.908289268612861633e-02,-1.665178686380386353e-01,-4.605795443058013916e-02,-2.073663920164108276e-01,-1.583481729030609131e-01,-1.629471927881240845e-01,-2.186020165681838989e-01,6.502113491296768188e-02,1.095696911215782166e-01,-1.050217449665069580e-01,-2.174688279628753662e-01,5.079365894198417664e-02,2.484732680022716522e-02,5.143262445926666260e-02,6.257194280624389648e-02,1.768465787172317505e-01,1.843069866299629211e-02,-2.943363487720489502e-01,-2.314011603593826294e-01
5.609075427055358887e-01,4.848685264587402344e-01,8.456091880798339844e-01,7.827538251876831055e-01,3.886978328227996826e-02,-2.980648539960384369e-02,1.000000119209289551e+00,7.387489676475524902e-01,3.872710764408111572e-01,4.169743359088897705e-01,6.352581381797790527e-01,4.868083596229553223e-01,6.728333830833435059e-01,5.816960334777832031e-01,2.321199327707290649e-01,3.614214658737182617e-01,6.134561896324157715e-01,5.286345481872558594e-01,6.437219977378845215e-01,6.497873663902282715e-01,1.426235735416412354e-01,5.769169703125953674e-02,6.756994724273681641e-01,6.056732535362243652e-01,4.261910319328308105e-01,1.959770470857620239e-01,1.256388127803802490e-01,2.716886103153228760e-01,6.170501112937927246e-01,4.596515595912933350e-01,5.660699009895324707e-01,4.052390158176422119e-01,5.120266079902648926e-01,5.325636267662048340e-01,-3.075815923511981964e-02,-2.539196610450744629e-01,4.539150595664978027e-01,3.781921267509460449e-01,5.063906908035278320e-01,4.397371709346771240e-01,2.571567296981811523e-01,1.666167378425598145e-01,1.655075699090957642e-01,-7.763255387544631958e-03,1.978496611118316650e-01,6.468641012907028198e-02,1.420938223600387573e-01,-4.670880734920501709e-02,2.848505973815917969e-01,2.525115907192230225e-01,3.631321191787719727e-01,2.324750125408172607e-01,3.550082445144653320e-01,1.374102383852005005e-01,4.664007723331451416e-01,2.530232071876525879e-01,5.689803361892700195e-01,4.670808315277099609e-01,1.872497349977493286e-01,1.808238625526428223e-01,3.061789572238922119e-01,1.837392300367355347e-01,4.583333134651184082e-01,2.737389504909515381e-01,3.211739063262939453e-01,2.306461483240127563e-01,2.581392526626586914e-01,8.644064515829086304e-02,4.288920164108276367e-01,2.875165343284606934e-01,4.250107407569885254e-01,3.864804506301879883e-01,3.418407142162322998e-01,2.511904835700988770e-01,3.895888626575469971e-01,2.616781592369079590e-01,2.392542511224746704e-01,2.067493200302124023e-01,3.297378718852996826e-01,4.194986820220947266e-01,6.147764325141906738e-01,4.581426084041595459e-01,5.259507894515991211e-01,3.952595889568328857e-01,6.192645430564880371e-01,3.646827042102813721e-01,3.057571351528167725e-01,4.334654510021209717e-01,5.829241275787353516e-01,3.319169282913208008e-01,4.178750216960906982e-01,1.867276579141616821e-01,3.677090108394622803e-01,2.828539907932281494e-01,1.609897911548614502e-01,-1.229410432279109955e-02,4.435377568006515503e-02,-9.318260848522186279e-02,2.844587266445159912e-01,1.231676861643791199e-01,5.098736286163330078e-01,2.682404220104217529e-01,4.636171162128448486e-01,3.425389826297760010e-01,1.779004782438278198e-01,2.051781713962554932e-01,3.712922036647796631e-01,3.192735612392425537e-01,-3.562372643500566483e-03,-1.301466524600982666e-01,-2.361097931861877441e-01,2.742992155253887177e-02,-2.000780962407588959e-02,1.458680182695388794e-01,3.198005259037017822e-01,3.468871414661407471e-01
6.088507771492004395e-01,5.973763465881347656e-01,7.657945156097412109e-01,8.028081059455871582e-01,1.112642958760261536e-01,9.569874405860900879e-02,7.387489676475524902e-01,9.999997019767761230e-01,4.235908389091491699e-01,5.665868520736694336e-01,6.494971513748168945e-01,6.654336452484130859e-01,5.652033686637878418e-01,6.891101002693176270e-01,1.988442689180374146e-01,4.407888352870941162e-01,5.819652080535888672e-01,6.288682222366333008e-01,5.928085446357727051e-01,5.561125278472900391e-01,3.518079817295074463e-01,2.197024077177047729e-01,5.767284631729125977e-01,4.767233431339263916e-01,5.197724103927612305e-01,3.151172101497650146e-01,2.201883196830749512e-01,3.415564894676208496e-01,6.054695844650268555e-01,6.704179048538208008e-01,6.455148458480834961e-01,4.413681626319885254e-01,5.466533303260803223e-01,5.687332749366760254e-01,-8.337536454200744629e-02,-2.401953488588333130e-01,4.857947230339050293e-01,4.863716661930084229e-01,4.842373430728912354e-01,4.637041985988616943e-01,3.762397468090057373e-01,4.097486436367034912e-01,1.229519844055175781e-01,-4.994944483041763306e-02,2.227466851472854614e-01,9.514743834733963013e-02,4.321372881531715393e-02,-1.190764531493186951e-01,2.958018183708190918e-01,2.681613564491271973e-01,3.525690138339996338e-01,2.254345566034317017e-01,3.264475166797637939e-01,6.501404941082000732e-02,4.135058224201202393e-01,2.651303708553314209e-01,5.706260800361633301e-01,4.851273298263549805e-01,2.612163126468658447e-01,2.540283203125000000e-01,3.295967876911163330e-01,2.196315675973892212e-01,3.890961110591888428e-01,2.476097345352172852e-01,3.449169099330902100e-01,2.935363650321960449e-01,2.774270772933959961e-01,1.230414658784866333e-01,4.498769640922546387e-01,3.275437653064727783e-01,5.247686505317687988e-01,4.855729937553405762e-01,4.453089833259582520e-01,3.923093080520629883e-01,3.913744688034057617e-01,3.012978136539459229e-01,3.232036530971527100e-01,2.344697415828704834e-01,3.092783689498901367e-01,5.133838057518005371e-01,5.577992200851440430e-01,5.575839877128601074e-01,4.624533951282501221e-01,4.660876989364624023e-01,5.796477198600769043e-01,4.371324479579925537e-01,3.318787515163421631e-01,4.075499773025512695e-01,5.501587390899658203e-01,4.228270351886749268e-01,3.156750798225402832e-01,9.110035747289657593e-02,3.225267231464385986e-01,2.189641743898391724e-01,1.496748477220535278e-01,-1.351098902523517609e-02,3.680056333541870117e-02,-1.273580640554428101e-01,1.909630000591278076e-01,6.870344281196594238e-02,4.198331236839294434e-01,1.945398598909378052e-01,3.490427732467651367e-01,2.389093786478042603e-01,1.121813356876373291e-01,2.076794654130935669e-01,3.210731744766235352e-01,2.993413507938385010e-01,3.942707180976867676e-02,-1.794111728668212891e-01,-2.923461496829986572e-01,-2.425614744424819946e-02,-9.482313878834247589e-03,2.015437781810760498e-01,2.273844778537750244e-01,2.199832201004028320e-01
3.228325843811035156e-01,3.988821804523468018e-01,4.235076606273651123e-01,4.601156711578369141e-01,3.697171211242675781e-01,1.715849488973617554e-01,3.872710764408111572e-01,4.235908389091491699e-01,1.000000238418579102e+00,6.978212594985961914e-01,4.821774065494537354e-01,4.839430749416351318e-01,4.781442284584045410e-01,5.620240569114685059e-01,6.244366765022277832e-01,6.743542551994323730e-01,2.360867708921432495e-01,3.644087016582489014e-01,3.515000045299530029e-01,3.708439469337463379e-01,2.773633897304534912e-01,1.458773463964462280e-01,4.620871543884277344e-01,5.955451726913452148e-01,4.915860295295715332e-01,2.207962274551391602e-01,1.949756145477294922e-01,1.933161914348602295e-01,3.992722928524017334e-01,4.678628444671630859e-01,5.184320807456970215e-01,4.101561903953552246e-01,3.298994898796081543e-01,3.354564309120178223e-01,2.138835005462169647e-02,-9.470140188932418823e-02,1.282831281423568726e-01,1.597237288951873779e-01,3.750851750373840332e-01,3.350722789764404297e-01,7.485167682170867920e-02,6.841619312763214111e-02,-1.886208057403564453e-01,-2.280054539442062378e-01,-3.866813331842422485e-02,1.047551557421684265e-01,-2.836404144763946533e-01,-3.109242320060729980e-01,6.843171268701553345e-02,3.068082332611083984e-01,9.522288292646408081e-02,2.586635947227478027e-01,1.477835793048143387e-02,1.021983399987220764e-01,2.147253751754760742e-01,1.663233935832977295e-01,3.330573439598083496e-01,4.397458434104919434e-01,1.945318132638931274e-01,2.317481487989425659e-01,3.476805686950683594e-01,1.669158190488815308e-01,3.490521013736724854e-01,3.219168484210968018e-01,1.459077894687652588e-01,1.454833596944808960e-01,2.083019018173217773e-01,1.262124031782150269e-01,4.399133026599884033e-01,4.177007079124450684e-01,5.199193358421325684e-01,5.109848380088806152e-01,2.817229032516479492e-01,2.981957495212554932e-01,3.760931789875030518e-01,3.274295628070831299e-01,-1.503252796828746796e-02,1.414112895727157593e-01,2.433137148618698120e-01,3.249167501926422119e-01,2.548948228359222412e-01,4.139870107173919678e-01,1.674060523509979248e-01,4.251893162727355957e-01,2.649848759174346924e-01,2.152882367372512817e-01,7.862799614667892456e-02,4.071435630321502686e-01,2.143567204475402832e-01,1.962598562240600586e-01,-5.486113578081130981e-02,-1.155812740325927734e-01,-1.164028197526931763e-01,-5.426263809204101562e-02,-2.397254109382629395e-02,-3.958443179726600647e-02,-9.615930728614330292e-03,-1.059970781207084656e-01,-1.632342338562011719e-01,-1.115051954984664917e-01,1.811361126601696014e-02,-2.032640948891639709e-02,5.039261654019355774e-02,6.589428335428237915e-02,-2.180338278412818909e-02,8.386617898941040039e-02,7.907284051179885864e-02,-4.034026339650154114e-02,8.580957353115081787e-02,-1.562856137752532959e-01,-4.269034266471862793e-01,-2.674403190612792969e-01,-2.175714075565338135e-01,-8.920289576053619385e-02,1.773713082075119019e-01,2.256698757410049438e-01
3.228496909141540527e-01,3.341181278228759766e-01,4.534637629985809326e-01,5.045444369316101074e-01,3.460903763771057129e-01,2.768107950687408447e-01,4.169743359088897705e-01,5.665868520736694336e-01,6.978212594985961914e-01,1.000000119209289551e+00,4.689957797527313232e-01,5.413548350334167480e-01,4.505446851253509521e-01,5.809331536293029785e-01,4.628369212150573730e-01,6.421790719032287598e-01,2.528553605079650879e-01,3.433925211429595947e-01,3.472712635993957520e-01,3.604310750961303711e-01,3.564937412738800049e-01,2.005409300327301025e-01,4.272496998310089111e-01,4.425791800022125244e-01,6.446912884712219238e-01,4.014745652675628662e-01,2.786171138286590576e-01,3.236861824989318848e-01,4.227938354015350342e-01,5.310904383659362793e-01,6.714472174644470215e-01,5.863218903541564941e-01,2.907713949680328369e-01,3.091023862361907959e-01,-1.081763058900833130e-01,-1.719383597373962402e-01,2.010786384344100952e-01,2.453181594610214233e-01,2.746801972389221191e-01,3.369009196758270264e-01,1.180752962827682495e-01,1.891612410545349121e-01,-9.655077010393142700e-02,-1.674060821533203125e-01,9.641896188259124756e-02,1.119217202067375183e-01,-1.862154752016067505e-01,-2.723395824432373047e-01,1.614931225776672363e-01,2.094224542379379272e-01,1.502539068460464478e-01,1.657280772924423218e-01,7.225649803876876831e-02,4.877694323658943176e-02,1.790749430656433105e-01,1.361676901578903198e-01,3.160845041275024414e-01,3.367331922054290771e-01,2.910535931587219238e-01,2.445803880691528320e-01,3.216218650341033936e-01,1.724364608526229858e-01,3.318960070610046387e-01,2.213692963123321533e-01,2.320597618818283081e-01,1.880581080913543701e-01,2.439654618501663208e-01,1.277437061071395874e-01,3.342604935169219971e-01,3.259841501712799072e-01,5.276467800140380859e-01,5.515784621238708496e-01,3.553307652473449707e-01,3.507785797119140625e-01,3.146731555461883545e-01,3.657504320144653320e-01,7.324662059545516968e-02,1.557869166135787964e-01,1.475266814231872559e-01,3.145264983177185059e-01,2.744390070438385010e-01,3.351565599441528320e-01,2.086698412895202637e-01,2.788231670856475830e-01,2.867165207862854004e-01,2.132897526025772095e-01,1.825665384531021118e-01,3.218690752983093262e-01,2.389656752347946167e-01,2.064150720834732056e-01,-1.134600769728422165e-02,-1.651744395494461060e-01,-4.861485585570335388e-02,-1.255153119564056396e-01,-4.410376399755477905e-02,-9.758593887090682983e-02,-4.934342578053474426e-02,-1.637266278266906738e-01,-1.065172404050827026e-01,-1.374884545803070068e-01,1.935369893908500671e-02,-1.165857166051864624e-01,6.204335018992424011e-03,-5.850471556186676025e-02,-8.466877788305282593e-02,-1.272779330611228943e-02,2.342947013676166534e-02,-7.699302583932876587e-02,1.694056391716003418e-02,-2.101084142923355103e-01,-3.905378580093383789e-01,-1.537654250860214233e-01,-1.259264796972274780e-01,-7.900983840227127075e-02,4.807755351066589355e-02,4.906800761818885803e-02
6.159819364547729492e-01,5.561368465423583984e-01,6.199826598167419434e-01,6.092606782913208008e-01,7.121047377586364746e-02,7.190485950559377670e-03,6.352581381797790527e-01,6.494971513748168945e-01,4.821774065494537354e-01,4.689957797527313232e-01,9.999997615814208984e-01,6.794298887252807617e-01,6.646362543106079102e-01,6.556478738784790039e-01,3.425234854221343994e-01,4.857959449291229248e-01,6.216353178024291992e-01,6.151483058929443359e-01,5.121825933456420898e-01,5.465928912162780762e-01,2.489334642887115479e-01,1.636144667863845825e-01,4.864776730537414551e-01,4.692128300666809082e-01,3.883895576000213623e-01,1.725946962833404541e-01,1.237808093428611755e-01,1.838978230953216553e-01,6.482629776000976562e-01,5.746543407440185547e-01,5.127592682838439941e-01,3.849407732486724854e-01,5.101736783981323242e-01,5.124846696853637695e-01,-1.454312447458505630e-02,-2.479547411203384399e-01,5.047085285186767578e-01,4.280170798301696777e-01,5.380562543869018555e-01,4.850018918514251709e-01,3.854260146617889404e-01,2.734161615371704102e-01,4.786035791039466858e-02,-9.475436806678771973e-02,1.114056110382080078e-01,3.967503830790519714e-02,2.651338465511798859e-02,-1.820348650217056274e-01,2.230397164821624756e-01,2.166249305009841919e-01,2.828209996223449707e-01,1.945648193359375000e-01,3.097152709960937500e-01,1.205639615654945374e-01,4.935564994812011719e-01,3.334320187568664551e-01,6.236782670021057129e-01,5.213254690170288086e-01,2.512033283710479736e-01,2.195175290107727051e-01,4.616278111934661865e-01,2.551984488964080811e-01,5.181515812873840332e-01,3.790107667446136475e-01,3.193486928939819336e-01,2.252504229545593262e-01,3.400041759014129639e-01,1.693028211593627930e-01,4.416950941085815430e-01,3.460920155048370361e-01,5.128019452095031738e-01,4.272407591342926025e-01,4.224138259887695312e-01,3.757824897766113281e-01,3.783147037029266357e-01,3.151992261409759521e-01,2.156498730182647705e-01,2.018798887729644775e-01,3.524372279644012451e-01,4.640004336833953857e-01,6.583749651908874512e-01,5.098604559898376465e-01,4.752509891986846924e-01,4.281677603721618652e-01,6.314983367919921875e-01,3.988317251205444336e-01,3.001848161220550537e-01,4.329404532909393311e-01,6.083152294158935547e-01,4.374383389949798584e-01,3.314042389392852783e-01,1.199422106146812439e-01,2.773022353649139404e-01,2.196630835533142090e-01,7.009387016296386719e-02,-8.953310549259185791e-02,7.682147435843944550e-03,-1.537260711193084717e-01,1.329227238893508911e-01,2.774493396282196045e-02,4.376258850097656250e-01,2.017310112714767456e-01,3.323800265789031982e-01,2.332299798727035522e-01,2.091411314904689789e-02,6.670068949460983276e-02,2.923593521118164062e-01,3.080585002899169922e-01,3.553684428334236145e-02,-2.060617804527282715e-01,-3.200310468673706055e-01,-9.769489057362079620e-03,-2.821913920342922211e-03,1.516342759132385254e-01,2.088007628917694092e-01,2.378543615341186523e-01
4.751831293106079102e-01,6.229278445243835449e-01,4.903913140296936035e-01,6.500973701477050781e-01,1.355452388525009155e-01,2.064761817455291748e-01,4.868083596229553223e-01,6.654336452484130859e-01,4.839430749416351318e-01,5.413548350334167480e-01,6.794298887252807617e-01,9.999997615814208984e-01,4.447495639324188232e-01,7.427021265029907227e-01,2.367288470268249512e-01,4.637538790702819824e-01,4.036276042461395264e-01,6.379510760307312012e-01,4.533869624137878418e-01,5.111950635910034180e-01,3.776555955410003662e-01,3.328287601470947266e-01,3.098955154418945312e-01,3.391407430171966553e-01,3.922121524810791016e-01,2.422283887863159180e-01,2.797110080718994141e-01,3.368630409240722656e-01,5.177579522132873535e-01,7.203357815742492676e-01,5.247850418090820312e-01,3.725654482841491699e-01,4.698553383350372314e-01,4.978598356246948242e-01,-3.669155016541481018e-02,-9.124951809644699097e-02,4.625023901462554932e-01,5.493380427360534668e-01,3.220247924327850342e-01,4.410179853439331055e-01,4.336476922035217285e-01,4.744228720664978027e-01,-1.196005847305059433e-02,-7.485578209161758423e-02,8.725424110889434814e-02,1.889205724000930786e-01,-5.682631954550743103e-02,-1.271015107631683350e-01,1.872784197330474854e-01,3.116252422332763672e-01,1.928302049636840820e-01,2.792212665081024170e-01,1.499224752187728882e-01,1.889862120151519775e-01,2.674635648727416992e-01,4.444006681442260742e-01,4.635622203350067139e-01,5.767756104469299316e-01,2.998569905757904053e-01,3.645626306533813477e-01,3.758387863636016846e-01,3.721323907375335693e-01,3.329143226146697998e-01,4.379377365112304688e-01,2.668543457984924316e-01,3.245588541030883789e-01,3.009169101715087891e-01,2.049552649259567261e-01,3.808980584144592285e-01,4.045537114143371582e-01,4.878636300563812256e-01,4.890227615833282471e-01,4.481676220893859863e-01,5.177960395812988281e-01,3.652987778186798096e-01,3.781892955303192139e-01,3.475311994552612305e-01,3.498523235321044922e-01,2.323184609413146973e-01,4.748145341873168945e-01,4.202347099781036377e-01,6.075949072837829590e-01,2.645417451858520508e-01,4.665538966655731201e-01,4.149488508701324463e-01,5.223161578178405762e-01,1.297793686389923096e-01,3.823383152484893799e-01,4.046666622161865234e-01,5.422639250755310059e-01,9.040389209985733032e-02,1.440728604793548584e-01,8.382184803485870361e-02,1.228581145405769348e-01,3.172628581523895264e-02,-1.164768412709236145e-01,3.804108873009681702e-02,-7.349539548158645630e-02,3.185936436057090759e-02,9.822466969490051270e-02,1.628192514181137085e-01,6.081798672676086426e-02,1.291462630033493042e-01,7.946965843439102173e-02,6.370823830366134644e-02,1.359449476003646851e-01,2.192157506942749023e-01,1.876793950796127319e-01,5.039021372795104980e-02,-2.474208474159240723e-01,-2.968048155307769775e-01,-2.446158602833747864e-02,2.263217698782682419e-03,1.074460968375205994e-01,1.578491739928722382e-02,9.633239358663558960e-02
5.010893940925598145e-01,3.719274699687957764e-01,6.562260389328002930e-01,5.763368010520935059e-01,1.097992248833179474e-02,-1.134124100208282471e-01,6.728333830833435059e-01,5.652033686637878418e-01,4.781442284584045410e-01,4.505446851253509521e-01,6.646362543106079102e-01,4.447495639324188232e-01,1.000000119209289551e+00,6.571391820907592773e-01,5.816402435302734375e-01,5.922296643257141113e-01,6.193788051605224609e-01,4.240430295467376709e-01,5.452145338058471680e-01,4.916100203990936279e-01,8.061944693326950073e-02,-6.638934463262557983e-02,6.358937025070190430e-01,6.412280201911926270e-01,3.184972405433654785e-01,7.601787894964218140e-02,-1.616097986698150635e-02,4.318232834339141846e-02,6.429163217544555664e-01,4.902021586894989014e-01,5.417677164077758789e-01,4.226510226726531982e-01,4.771285057067871094e-01,4.870074093341827393e-01,1.027873717248439789e-02,-2.300623506307601929e-01,3.975953757762908936e-01,3.001652359962463379e-01,6.918584108352661133e-01,5.683088302612304688e-01,1.106214001774787903e-01,8.229351788759231567e-02,9.118580818176269531e-02,-4.550017789006233215e-02,8.152799308300018311e-02,-3.704337403178215027e-02,5.613354966044425964e-02,-1.295421421527862549e-01,1.601243615150451660e-01,2.006456702947616577e-01,2.846564650535583496e-01,1.671070158481597900e-01,3.511382937431335449e-01,1.129448488354682922e-01,6.334226131439208984e-01,1.644227504730224609e-01,5.331120491027832031e-01,4.365443289279937744e-01,1.688524633646011353e-01,1.566757261753082275e-01,4.091927707195281982e-01,1.573629826307296753e-01,5.671334862709045410e-01,2.786564230918884277e-01,2.845012247562408447e-01,1.230524927377700806e-01,3.642802238464355469e-01,1.821695119142532349e-01,4.788467288017272949e-01,3.374200761318206787e-01,3.599444627761840820e-01,3.370489776134490967e-01,2.244979292154312134e-01,1.394144594669342041e-01,1.925188302993774414e-01,2.461236119270324707e-01,3.542131930589675903e-02,1.245718449354171753e-01,3.215495049953460693e-01,3.102490007877349854e-01,5.958032608032226562e-01,3.657740652561187744e-01,6.041777133941650391e-01,4.049285948276519775e-01,5.782283544540405273e-01,2.934534251689910889e-01,5.181021690368652344e-01,5.367260575294494629e-01,5.131863951683044434e-01,2.952024638652801514e-01,4.260183572769165039e-01,1.268182247877120972e-01,3.098319172859191895e-01,2.705822587013244629e-01,1.514973938465118408e-01,-3.934733197093009949e-02,4.616476595401763916e-02,-1.883037090301513672e-01,1.880526244640350342e-01,-6.212171167135238647e-02,4.729668796062469482e-01,3.428811728954315186e-01,4.266698658466339111e-01,4.044511914253234863e-01,-8.874717354774475098e-02,-2.751932106912136078e-02,3.460761606693267822e-01,3.370229899883270264e-01,3.102678246796131134e-02,-5.916810408234596252e-02,-2.647925317287445068e-01,-5.778942629694938660e-02,-7.910150289535522461e-02,1.311668306589126587e-01,5.406053066253662109e-01,4.340908527374267578e-01
