1.000000238418579102e+00,3.244430124759674072e-01,3.923800587654113770e-01,2.855407893657684326e-01,1.909355074167251587e-01,1.966040022671222687e-02,4.961293935775756836e-01,1.875973492860794067e-01,2.101238965988159180e-01,5.168115720152854919e-02,4.292402565479278564e-01,1.465526130050420761e-02,3.612622022628784180e-01,3.770399466156959534e-02,-7.458665221929550171e-02,-1.869633197784423828e-01,4.549251496791839600e-01,-9.260667860507965088e-02,2.282979041337966919e-01,3.491380512714385986e-01,6.392794102430343628e-02,1.258306484669446945e-02,2.180825322866439819e-01,2.010851353406906128e-01,1.567305028438568115e-01,6.451816856861114502e-02,-1.886496320366859436e-02,-1.338491868227720261e-02,3.135487139225006104e-01,-1.939600557088851929e-01,9.683489799499511719e-02,1.356201153248548508e-02,3.567149043083190918e-01,2.852583825588226318e-01,7.341344654560089111e-02,-1.736146509647369385e-01,7.615855336189270020e-02,-1.428730636835098267e-01,-1.452406942844390869e-01,8.968789875507354736e-02,1.547798216342926025e-01,4.046430438756942749e-02,2.373249828815460205e-01,2.065524607896804810e-01,7.578566670417785645e-02,1.262613981962203979e-01,2.861508727073669434e-01,1.561288833618164062e-01,2.897515892982482910e-01,7.159209251403808594e-02,5.054503083229064941e-01,1.432626247406005859e-01,5.072364211082458496e-01,-2.814341336488723755e-02,3.209571242332458496e-01,1.486151572316884995e-02,7.199990749359130859e-01,1.819764673709869385e-01,2.516266703605651855e-01,1.765772514045238495e-02,5.029259324073791504e-01,2.056336775422096252e-02,4.414836764335632324e-01,-1.274644434452056885e-01,3.089052736759185791e-01,-1.191942915320396423e-01,7.267939299345016479e-02,1.001120358705520630e-01,4.001204073429107666e-01,2.473270446062088013e-01,-6.078422814607620239e-02,-1.086771264672279358e-01,1.300290524959564209e-01,-9.926344454288482666e-02,3.917736560106277466e-02,-5.983041226863861084e-02,-5.677340086549520493e-03,-1.174958124756813049e-01,3.028101921081542969e-01,-9.819495677947998047e-02,3.661421537399291992e-01,-2.284156084060668945e-01,2.849898338317871094e-01,-6.172502413392066956e-02,3.971407115459442139e-01,-2.349036931991577148e-01,2.036214619874954224e-01,-1.266033481806516647e-02,4.240127205848693848e-01,-1.605515927076339722e-01,5.021501183509826660e-01,1.055888608098030090e-01,4.432624876499176025e-01,1.135047823190689087e-01,-4.425916075706481934e-02,-5.068165715783834457e-03,-7.004857761785387993e-04,-4.887336865067481995e-02,3.306207656860351562e-01,1.236144751310348511e-01,4.190381765365600586e-01,1.421117335557937622e-01,3.301920294761657715e-01,1.321098506450653076e-01,3.566766977310180664e-01,2.435723990201950073e-01,1.021932959556579590e-01,-5.996556952595710754e-02,3.581936657428741455e-02,1.590327024459838867e-01,-6.994019448757171631e-02,1.531801074743270874e-01,1.467483788728713989e-01,2.245766371488571167e-01,1.782621741294860840e-01,-7.144922763109207153e-02
3.244430124759674072e-01,1.000000119209289551e+00,2.509355545043945312e-01,4.160706102848052979e-01,1.062906831502914429e-01,1.005024909973144531e-01,1.770095080137252808e-01,3.984695672988891602e-01,4.635083302855491638e-02,2.509747147560119629e-01,2.744831703603267670e-02,2.889589667320251465e-01,-3.145014122128486633e-02,3.043767809867858887e-01,-1.073385775089263916e-01,-1.403879523277282715e-01,6.521324068307876587e-02,2.153170555830001831e-01,1.002429500222206116e-01,2.588076293468475342e-01,1.092380508780479431e-01,-3.122188895940780640e-02,1.458808183670043945e-01,2.434359490871429443e-01,1.538956016302108765e-01,1.181244552135467529e-01,-2.390782348811626434e-02,-5.853492021560668945e-02,4.826752841472625732e-02,-1.412878837436437607e-02,4.442315176129341125e-02,9.515529870986938477e-02,2.569914758205413818e-01,2.819557487964630127e-01,-1.528856009244918823e-01,-3.033869862556457520e-01,-3.764739632606506348e-02,-1.849372535943984985e-01,-2.546539902687072754e-01,-1.178170144557952881e-01,1.672576516866683960e-01,-7.187521457672119141e-02,5.976894870400428772e-02,2.331858426332473755e-01,3.631200874224305153e-03,2.742069959640502930e-01,-1.011365726590156555e-01,2.782848477363586426e-02,1.460670977830886841e-01,3.217260539531707764e-01,2.244766056537628174e-01,4.611921906471252441e-01,1.642012745141983032e-01,3.036271333694458008e-01,-1.283836215734481812e-01,-2.229997329413890839e-02,3.186579346656799316e-01,6.535788774490356445e-01,1.900264322757720947e-01,3.180130124092102051e-01,2.049813717603683472e-01,4.557806849479675293e-01,-6.152124144136905670e-03,3.119216859340667725e-01,7.116012275218963623e-02,2.949192523956298828e-01,1.117362827062606812e-01,6.814853847026824951e-02,3.413839638233184814e-01,2.690876722335815430e-01,-1.117212027311325073e-01,-8.714503794908523560e-02,-3.722909837961196899e-02,-1.051376461982727051e-01,-1.034788340330123901e-01,-1.585292667150497437e-01,-5.359369516372680664e-02,-6.235168874263763428e-02,3.375961631536483765e-02,-3.108492121100425720e-02,4.913059249520301819e-02,2.127549201250076294e-01,6.566951423883438110e-02,1.729273349046707153e-01,-7.345363497734069824e-02,2.134492993354797363e-01,4.835977777838706970e-02,1.404454559087753296e-01,-7.689324766397476196e-02,1.434010416269302368e-01,1.170038711279630661e-02,2.112637758255004883e-01,2.638651244342327118e-02,1.782096922397613525e-01,-1.569346487522125244e-01,-1.715467423200607300e-01,-2.637966573238372803e-01,-2.109731286764144897e-01,-5.039590969681739807e-02,1.040209680795669556e-01,-1.637477055191993713e-02,1.073608845472335815e-01,-7.976950705051422119e-02,8.195208013057708740e-02,7.899497449398040771e-02,1.863223016262054443e-01,1.428954582661390305e-02,-1.350105106830596924e-01,-7.443434745073318481e-02,-4.155961424112319946e-02,-2.321422696113586426e-01,-8.518383838236331940e-03,1.949031464755535126e-02,5.213089287281036377e-02,1.660161167383193970e-01,-4.252985585480928421e-03
3.923800587654113770e-01,2.509355545043945312e-01,9.999999403953552246e-01,6.966345906257629395e-01,-1.067955885082483292e-02,-6.991098821163177490e-02,7.201621532440185547e-01,6.156014800071716309e-01,2.174581214785575867e-02,1.607511565089225769e-02,3.821311593055725098e-01,4.189082384109497070e-01,4.159733355045318604e-01,3.241901397705078125e-01,-2.723307311534881592e-01,-2.021123915910720825e-01,3.050717115402221680e-01,2.168359309434890747e-01,2.943050265312194824e-01,3.013330101966857910e-01,-1.142966151237487793e-01,-1.004886403679847717e-01,3.525621294975280762e-01,5.148951411247253418e-01,1.442691087722778320e-01,9.037841111421585083e-03,-1.233394593000411987e-01,-9.333408623933792114e-02,3.260517418384552002e-01,2.550447545945644379e-02,2.475335299968719482e-01,1.572433710098266602e-01,2.594887912273406982e-01,2.497034668922424316e-01,-3.465607762336730957e-02,-3.931918367743492126e-02,2.518467903137207031e-01,-8.749646693468093872e-02,-5.230339244008064270e-02,2.514127828180789948e-02,2.748172879219055176e-01,3.262298181653022766e-02,-2.129529789090156555e-02,3.927863389253616333e-02,-1.861695945262908936e-01,-1.178823411464691162e-01,-4.089173302054405212e-02,5.619199573993682861e-02,-8.688396960496902466e-02,-9.830936044454574585e-02,7.624270766973495483e-02,3.679367899894714355e-02,9.453628957271575928e-02,7.484665606170892715e-03,6.828880310058593750e-02,1.936762928962707520e-01,2.896635830402374268e-01,1.249176710844039917e-01,4.744160547852516174e-02,-1.465341746807098389e-01,6.720837950706481934e-02,-5.528086796402931213e-02,1.021446585655212402e-01,2.351744472980499268e-02,1.902526617050170898e-02,-1.330274939537048340e-01,6.514807697385549545e-03,-1.324049234390258789e-01,9.841284155845642090e-02,5.219526123255491257e-03,1.000325977802276611e-01,1.333156973123550415e-01,2.945960462093353271e-01,8.359009027481079102e-02,1.103225275874137878e-01,-4.603922367095947266e-02,-5.667352303862571716e-02,-1.691501885652542114e-01,1.774545758962631226e-01,1.448699235916137695e-01,1.897963285446166992e-01,1.708248704671859741e-01,1.865602433681488037e-01,-5.500790476799011230e-02,6.015421822667121887e-02,-2.020740136504173279e-02,1.811404228210449219e-01,-1.286229938268661499e-01,7.174873352050781250e-02,9.664511680603027344e-02,1.665780246257781982e-01,2.417051941156387329e-01,1.521894186735153198e-01,2.364718616008758545e-01,4.782645031809806824e-02,-4.910907149314880371e-02,5.176598206162452698e-02,2.160126809030771255e-03,2.357155531644821167e-01,2.252850234508514404e-01,7.363719493150711060e-02,1.091049239039421082e-01,8.513860404491424561e-02,7.887145876884460449e-02,4.444993436336517334e-01,4.143297672271728516e-01,2.055990248918533325e-01,-1.886195316910743713e-02,-6.088146939873695374e-03,6.438858062028884888e-02,6.700758635997772217e-02,8.579408377408981323e-02,1.501390933990478516e-01,1.068927422165870667e-01,2.670296728610992432e-01,2.094388157129287720e-01
2.855407893657684326e-01,4.160706102848052979e-01,6.966345906257629395e-01,1.000000119209289551e+00,-3.188055008649826050e-02,-7.679325342178344727e-02,5.980491042137145996e-01,7.683199048042297363e-01,-1.661075465381145477e-02,6.847766786813735962e-02,2.462695091962814331e-01,4.786741137504577637e-01,2.656834721565246582e-01,4.506120979785919189e-01,-4.112679660320281982e-01,-2.905754446983337402e-01,1.969554275274276733e-01,3.070951998233795166e-01,2.386549115180969238e-01,3.588333725929260254e-01,-6.353358924388885498e-02,-1.550827622413635254e-01,3.558393120765686035e-01,5.887333154678344727e-01,6.406743824481964111e-02,-5.392302200198173523e-02,-2.272011935710906982e-01,-2.063201367855072021e-01,1.795774698257446289e-01,3.474904969334602356e-02,1.753096431493759155e-01,1.853667199611663818e-01,1.644280701875686646e-01,2.145539820194244385e-01,-1.638978719711303711e-01,-1.855449229478836060e-01,1.385699063539505005e-01,-2.077072411775588989e-01,-1.842771321535110474e-01,-9.796052426099777222e-02,3.199612200260162354e-01,-7.505381363444030285e-04,-1.336890012025833130e-01,-2.693649381399154663e-02,-2.970446944236755371e-01,-1.514667272567749023e-01,-2.133498191833496094e-01,-1.039321273565292358e-01,-1.740290075540542603e-01,-6.616018712520599365e-02,1.025936566293239594e-02,1.063263714313507080e-01,2.263387292623519897e-02,1.118345931172370911e-01,-3.869913518428802490e-02,4.815312847495079041e-02,1.700447201728820801e-01,2.666794657707214355e-01,1.072457712143659592e-02,-8.909844607114791870e-02,-2.350321784615516663e-02,4.766818135976791382e-02,-4.920061677694320679e-02,1.229245588183403015e-01,-1.345797926187515259e-01,-9.978809207677841187e-02,-3.504417091608047485e-02,-1.567297428846359253e-01,1.454753875732421875e-01,5.883521959185600281e-02,4.597398638725280762e-02,6.473558396100997925e-02,1.948237568140029907e-01,2.190889976918697357e-02,8.681484311819076538e-02,-4.366812855005264282e-02,-1.002467349171638489e-01,-2.172264605760574341e-01,2.111017704010009766e-02,1.235352307558059692e-01,2.006708830595016479e-02,2.782230973243713379e-01,1.314437538385391235e-01,2.375956438481807709e-02,-1.057067587971687317e-01,4.621903225779533386e-02,1.653206199407577515e-01,-7.671801745891571045e-02,-6.625016778707504272e-02,1.030489578843116760e-01,1.984532177448272705e-02,2.567768692970275879e-01,6.354008615016937256e-02,2.739434838294982910e-01,-2.598889544606208801e-02,-8.462629467248916626e-02,-1.194206029176712036e-01,-1.457087397575378418e-01,4.068722948431968689e-02,1.415052860975265503e-01,-1.860648044385015965e-03,1.269608438014984131e-01,-4.017789289355278015e-02,8.104114979505538940e-02,3.063369393348693848e-01,3.180469274520874023e-01,1.688673943281173706e-01,-8.233422040939331055e-02,-2.853075973689556122e-02,-3.618611395359039307e-02,-8.917000144720077515e-02,-2.669116482138633728e-02,6.227724999189376831e-02,3.639293834567070007e-02,1.222660914063453674e-01,1.275784075260162354e-01
1.909355074167251587e-01,1.062906831502914429e-01,-1.067955885082483292e-02,-3.188055008649826050e-02,9.999995827674865723e-01,6.670717000961303711e-01,1.491858065128326416e-01,-2.921842038631439209e-03,6.046962738037109375e-01,5.049167871475219727e-01,2.360835522413253784e-01,-2.115348726511001587e-02,5.636513978242874146e-02,2.669459581375122070e-02,4.779062867164611816e-01,2.521129250526428223e-01,1.099146157503128052e-01,-4.600714147090911865e-02,1.880869865417480469e-01,1.904251575469970703e-01,2.194885760545730591e-01,2.721797227859497070e-01,1.960711777210235596e-01,2.002865970134735107e-01,5.015529394149780273e-01,5.602589845657348633e-01,5.159454345703125000e-01,4.667446315288543701e-01,2.517428398132324219e-01,1.930655092000961304e-01,4.681449234485626221e-01,4.472449719905853271e-01,2.531493902206420898e-01,2.460608482360839844e-01,2.021986395120620728e-01,9.248689748346805573e-03,1.344566196203231812e-01,2.667561769485473633e-01,1.264398843050003052e-01,3.250502645969390869e-01,-3.821569308638572693e-02,1.327375024557113647e-01,8.122698217630386353e-02,1.624123305082321167e-01,1.184500232338905334e-01,1.275164932012557983e-01,2.849749922752380371e-01,1.383863389492034912e-01,1.629166454076766968e-01,1.330485045909881592e-01,2.215147018432617188e-01,1.501516103744506836e-01,1.904104799032211304e-01,2.429641596972942352e-02,2.724879682064056396e-01,2.120771557092666626e-01,2.022213786840438843e-01,1.608664542436599731e-01,-4.216389358043670654e-02,1.182047799229621887e-01,1.885524690151214600e-01,8.302074670791625977e-02,1.748071610927581787e-01,6.698215380311012268e-03,1.371757537126541138e-01,1.728170812129974365e-01,4.184960853308439255e-03,1.037651300430297852e-01,1.600210368633270264e-01,1.594964414834976196e-01,2.164353281259536743e-01,2.502414882183074951e-01,1.794375926256179810e-01,2.867790162563323975e-01,2.128967046737670898e-01,1.653182953596115112e-01,1.929291784763336182e-01,2.793518304824829102e-01,6.652422994375228882e-02,-1.278810352087020874e-01,1.582834422588348389e-01,-4.238925501704216003e-02,1.078515872359275818e-02,1.741662770509719849e-01,2.291170656681060791e-01,7.409298419952392578e-02,-6.405974924564361572e-02,2.837116122245788574e-01,2.622179985046386719e-01,9.126617759466171265e-02,2.241721749305725098e-01,3.094798699021339417e-02,1.690698564052581787e-01,9.432028979063034058e-03,7.441317290067672729e-02,2.555780112743377686e-01,1.185655668377876282e-01,2.058842331171035767e-01,2.378790974617004395e-01,1.374982446432113647e-01,2.538136839866638184e-01,2.231234312057495117e-01,3.109942972660064697e-01,1.834187060594558716e-01,1.049302518367767334e-01,1.825922727584838867e-01,2.007134258747100830e-01,2.413932830095291138e-01,9.589654207229614258e-02,1.915688514709472656e-01,-4.149479418992996216e-02,9.702531993389129639e-02,-2.168700844049453735e-02,1.700756698846817017e-01,9.216900914907455444e-02,-7.969051599502563477e-02
1.966040022671222687e-02,1.005024909973144531e-01,-6.991098821163177490e-02,-7.679325342178344727e-02,6.670717000961303711e-01,1.000000476837158203e+00,1.967378892004489899e-02,1.691954769194126129e-02,3.703028559684753418e-01,5.435072779655456543e-01,1.761383414268493652e-01,1.395452618598937988e-01,-7.348777260631322861e-03,1.446232646703720093e-01,4.318010807037353516e-01,4.253370463848114014e-01,5.233891680836677551e-02,6.623935699462890625e-02,1.993545740842819214e-01,1.823606044054031372e-01,2.632038891315460205e-01,2.642552554607391357e-01,1.243895813822746277e-01,1.059197038412094116e-01,4.537389874458312988e-01,5.931988358497619629e-01,5.232540965080261230e-01,5.663966536521911621e-01,2.547347545623779297e-01,3.680024445056915283e-01,4.321050941944122314e-01,4.230467677116394043e-01,2.414310276508331299e-01,2.377163171768188477e-01,2.007203251123428345e-01,1.132968813180923462e-01,1.524396091699600220e-01,3.365060091018676758e-01,1.317577064037322998e-01,2.762419581413269043e-01,-7.243853062391281128e-02,2.345587313175201416e-01,3.531863167881965637e-02,3.864032402634620667e-02,1.330378353595733643e-01,7.410962879657745361e-02,1.340102255344390869e-01,5.731913447380065918e-02,1.231342256069183350e-01,5.806031823158264160e-02,1.493506412953138351e-02,4.454250261187553406e-02,-2.708953432738780975e-02,4.009787738323211670e-02,1.887818425893783569e-01,2.176386564970016479e-01,4.726159945130348206e-02,1.403822600841522217e-01,-4.849610477685928345e-02,7.327585667371749878e-02,7.021909952163696289e-02,5.406209453940391541e-02,1.038723737001419067e-01,1.282810717821121216e-01,4.121733084321022034e-02,1.492163985967636108e-01,2.891657315194606781e-02,1.080286130309104919e-01,4.976912587881088257e-02,9.357032924890518188e-02,2.228480875492095947e-01,3.444083333015441895e-01,1.459846496582031250e-01,3.833586871623992920e-01,1.665263473987579346e-01,2.472230643033981323e-01,2.771081030368804932e-01,3.716848194599151611e-01,4.864108189940452576e-02,-4.230943322181701660e-02,1.635930389165878296e-01,1.292707324028015137e-01,7.081150263547897339e-02,2.496354579925537109e-01,1.695692986249923706e-01,2.521412074565887451e-01,-4.689378198236227036e-03,3.276144564151763916e-01,1.608823537826538086e-01,2.302649617195129395e-01,5.645573511719703674e-02,4.990331456065177917e-02,1.397608220577239990e-02,-5.717798601835966110e-03,7.313477247953414917e-02,2.386696934700012207e-01,1.024004146456718445e-01,2.090782672166824341e-01,1.020786166191101074e-01,1.816108375787734985e-01,9.963461011648178101e-02,1.540258675813674927e-01,2.003309279680252075e-01,1.900063008069992065e-01,-4.981677979230880737e-03,9.820964932441711426e-02,1.433800607919692993e-01,2.041107863187789917e-01,7.377276569604873657e-02,1.207898855209350586e-01,3.647026419639587402e-02,6.868562102317810059e-02,-1.923611573874950409e-02,1.109596565365791321e-01,8.085405826568603516e-02,-1.641226746141910553e-02
4.961293935775756836e-01,1.770095080137252808e-01,7.201621532440185547e-01,5.980491042137145996e-01,1.491858065128326416e-01,1.967378892004489899e-02,1.000000000000000000e+00,5.198391079902648926e-01,2.297807335853576660e-01,3.640826046466827393e-02,5.870885252952575684e-01,2.995815873146057129e-01,5.420972704887390137e-01,2.024470567703247070e-01,-1.636893153190612793e-01,-2.334223538637161255e-01,4.108887314796447754e-01,1.157235279679298401e-01,2.847459018230438232e-01,3.424466848373413086e-01,-1.291847378015518188e-01,-6.279636919498443604e-02,2.760913372039794922e-01,4.837192893028259277e-01,1.958699226379394531e-01,6.854029744863510132e-02,-1.899076998233795166e-02,-2.824257686734199524e-02,4.285415709018707275e-01,1.505845598876476288e-02,2.872500419616699219e-01,2.141702920198440552e-01,2.991577088832855225e-01,2.687653303146362305e-01,3.459799801930785179e-03,-6.577505916357040405e-02,2.679314017295837402e-01,8.772522560320794582e-04,3.804273158311843872e-02,1.406696885824203491e-01,2.905351519584655762e-01,9.765049070119857788e-02,-4.344980791211128235e-02,4.564597271382808685e-03,-1.597521752119064331e-01,-1.314525306224822998e-01,7.153249531984329224e-02,1.249849237501621246e-02,-6.610749661922454834e-02,-1.288819164037704468e-01,1.639651507139205933e-01,-3.141117841005325317e-02,1.848471611738204956e-01,-1.456938683986663818e-01,1.969566196203231812e-01,2.174626886844635010e-01,3.917953670024871826e-01,7.124468684196472168e-02,1.806122995913028717e-02,-1.560207903385162354e-01,1.664910614490509033e-01,-1.013745516538619995e-01,1.938926875591278076e-01,-1.163391768932342529e-01,1.041477173566818237e-01,-1.462290585041046143e-01,5.800608079880475998e-03,-8.922865986824035645e-02,1.551709324121475220e-01,-3.542559966444969177e-02,1.537537574768066406e-01,1.361803114414215088e-01,3.679903745651245117e-01,1.340318769216537476e-01,1.281534433364868164e-01,2.890629321336746216e-02,-1.704369112849235535e-02,-1.030514836311340332e-01,2.477705180644989014e-01,5.123335123062133789e-02,2.829942405223846436e-01,4.533997923135757446e-02,1.588945686817169189e-01,2.736932225525379181e-02,2.232138067483901978e-01,-1.229739263653755188e-01,1.811436712741851807e-01,-2.204536274075508118e-02,2.448775023221969604e-01,-2.063466049730777740e-02,3.130651712417602539e-01,1.210604757070541382e-01,2.921549975872039795e-01,1.675126552581787109e-01,3.641080483794212341e-02,6.959590315818786621e-02,7.983045279979705811e-02,1.952205970883369446e-02,3.602134883403778076e-01,1.932723224163055420e-01,2.646830379962921143e-01,1.762208938598632812e-01,2.796889841556549072e-01,1.665737181901931763e-01,4.802338480949401855e-01,4.637973010540008545e-01,3.284805715084075928e-01,1.699390113353729248e-01,-3.408984467387199402e-02,2.077152207493782043e-02,-4.631263669580221176e-03,8.666160702705383301e-02,1.615279614925384521e-01,1.543452739715576172e-01,2.402301430702209473e-01,2.098651826381683350e-01
1.875973492860794067e-01,3.984695672988891602e-01,6.156014800071716309e-01,7.683199048042297363e-01,-2.921842038631439209e-03,1.691954769194126129e-02,5.198391079902648926e-01,1.000000119209289551e+00,-6.812818348407745361e-02,1.252716481685638428e-01,2.452245652675628662e-01,5.872953534126281738e-01,2.863170802593231201e-01,5.973913669586181641e-01,-3.516627550125122070e-01,-1.475448459386825562e-01,1.936791837215423584e-01,3.752219676971435547e-01,1.615758389234542847e-01,2.769995331764221191e-01,-6.532277166843414307e-02,-1.470017135143280029e-01,3.264348506927490234e-01,4.741312861442565918e-01,9.707737714052200317e-02,-5.849450826644897461e-03,-1.481147408485412598e-01,-1.423313617706298828e-01,2.685292959213256836e-01,1.605886369943618774e-01,2.081681489944458008e-01,2.053074687719345093e-01,1.716881841421127319e-01,1.844277530908584595e-01,-1.110511496663093567e-01,-9.730021655559539795e-02,2.436609715223312378e-01,-9.677013009786605835e-02,-9.667629003524780273e-02,-6.112134084105491638e-02,3.202485442161560059e-01,8.916427195072174072e-02,-1.970402598381042480e-01,-5.434886366128921509e-02,-2.826343774795532227e-01,-1.842383593320846558e-01,-2.472538053989410400e-01,-8.528038859367370605e-02,-2.171196192502975464e-01,-8.209094405174255371e-02,-9.932530671358108521e-02,6.435168534517288208e-02,-1.004924476146697998e-01,1.444833278656005859e-01,-6.912074238061904907e-02,1.376634538173675537e-01,7.171875238418579102e-02,2.740389406681060791e-01,-1.925789006054401398e-02,-1.128492280840873718e-01,-6.866101920604705811e-02,2.872137166559696198e-02,-4.001687839627265930e-02,1.945386230945587158e-01,-1.659581810235977173e-01,-8.281768858432769775e-02,-1.982149668037891388e-02,-1.159057989716529846e-01,1.046211495995521545e-01,-4.740151111036539078e-03,1.665350794792175293e-01,1.922807991504669189e-01,3.003329038619995117e-01,1.427923589944839478e-01,1.697268337011337280e-01,4.699920490384101868e-02,-8.869507163763046265e-02,-1.860800832509994507e-01,6.203718110918998718e-02,1.795380264520645142e-01,4.226362332701683044e-02,3.975145816802978516e-01,1.391413956880569458e-01,1.219293195754289627e-02,-1.199762374162673950e-01,2.008749842643737793e-01,1.644804924726486206e-01,-1.064015030860900879e-01,-1.094557493925094604e-01,2.066646814346313477e-01,-6.391797214746475220e-02,2.368542402982711792e-01,-5.072792619466781616e-02,1.865115314722061157e-01,7.378628104925155640e-02,-3.459503129124641418e-02,-2.521766163408756256e-02,-2.845465950667858124e-02,-4.327156022191047668e-02,1.463412493467330933e-01,-9.545561671257019043e-02,3.780798241496086121e-02,-1.064215227961540222e-01,2.513115666806697845e-02,2.652400135993957520e-01,2.827042043209075928e-01,1.996934264898300171e-01,-7.366545498371124268e-02,1.874117739498615265e-02,-1.185763720422983170e-02,2.603846043348312378e-02,-7.178270816802978516e-02,5.105526652187108994e-03,2.974506281316280365e-02,1.288971453905105591e-01,1.418224275112152100e-01
2.101238965988159180e-01,4.635083302855491638e-02,2.174581214785575867e-02,-1.661075465381145477e-02,6.046962738037109375e-01,3.703028559684753418e-01,2.297807335853576660e-01,-6.812818348407745361e-02,1.000000000000000000e+00,4.536225795745849609e-01,2.434614300727844238e-01,-1.289641112089157104e-01,1.395710706710815430e-01,-1.002101674675941467e-01,4.282945990562438965e-01,9.585559368133544922e-02,6.216692924499511719e-02,-1.568452566862106323e-01,1.761213541030883789e-01,2.145219296216964722e-01,9.498974680900573730e-02,2.170335650444030762e-01,1.346285939216613770e-01,2.478179484605789185e-01,4.638685882091522217e-01,4.224129915237426758e-01,4.231018126010894775e-01,3.507817387580871582e-01,1.928062736988067627e-01,5.476424098014831543e-02,4.351914227008819580e-01,4.294657409191131592e-01,2.297875732183456421e-01,2.287795841693878174e-01,2.374517917633056641e-01,-2.742611244320869446e-02,8.746918290853500366e-02,1.878403574228286743e-01,1.174001544713973999e-01,2.353933453559875488e-01,-3.829372674226760864e-02,3.224763274192810059e-02,5.479434505105018616e-02,1.534400880336761475e-01,1.006032079458236694e-01,1.426520496606826782e-01,3.442819714546203613e-01,1.591509431600570679e-01,1.206784099340438843e-01,1.731155067682266235e-01,2.563542127609252930e-01,1.947894394397735596e-01,2.509066462516784668e-01,3.909370303153991699e-02,1.986360400915145874e-01,1.185028254985809326e-01,2.154008001089096069e-01,1.528343260288238525e-01,-1.003147140145301819e-01,5.782727524638175964e-02,1.860733181238174438e-01,5.495407152920961380e-03,9.184223413467407227e-02,-1.373203396797180176e-01,7.592827081680297852e-02,8.025144040584564209e-02,-3.708572685718536377e-02,6.559392064809799194e-02,2.231312841176986694e-01,2.398761361837387085e-01,1.812062114477157593e-01,1.569526344537734985e-01,1.939061433076858521e-01,1.994984447956085205e-01,9.655058383941650391e-02,1.848858594894409180e-01,2.627095282077789307e-01,2.952694594860076904e-01,6.526654958724975586e-02,-1.296211779117584229e-01,7.576485723257064819e-02,-2.165611982345581055e-01,-7.124479860067367554e-02,2.103345096111297607e-01,1.657797396183013916e-01,-8.953002840280532837e-02,-1.119562089443206787e-01,2.257621288299560547e-01,2.291538566350936890e-01,-9.076701104640960693e-02,2.680086791515350342e-01,3.286047279834747314e-02,2.376699894666671753e-01,5.433095991611480713e-02,4.841187503188848495e-03,2.170467376708984375e-01,7.457766681909561157e-02,1.150631383061408997e-01,2.380253672599792480e-01,9.424941241741180420e-02,3.079777359962463379e-01,2.758246362209320068e-01,3.387170433998107910e-01,1.929656714200973511e-01,7.855656743049621582e-02,1.843755096197128296e-01,1.523361504077911377e-01,3.622418940067291260e-01,3.094708919525146484e-02,1.073028370738029480e-01,-1.054232120513916016e-01,1.548530012369155884e-01,6.169576197862625122e-02,1.895601749420166016e-01,7.263160496950149536e-02,-8.211153000593185425e-02
5.168115720152854919e-02,2.509747147560119629e-01,1.607511565089225769e-02,6.847766786813735962e-02,5.049167871475219727e-01,5.435072779655456543e-01,3.640826046466827393e-02,1.252716481685638428e-01,4.536225795745849609e-01,1.000000119209289551e+00,6.845947355031967163e-02,1.013988777995109558e-01,-1.171196103096008301e-01,1.538413912057876587e-01,3.280372321605682373e-01,3.526205718517303467e-01,1.641394384205341339e-02,-2.969857119023799896e-02,2.475012093782424927e-01,2.360920906066894531e-01,2.016209959983825684e-01,1.986557096242904663e-01,2.154971063137054443e-01,2.005867660045623779e-01,6.013057827949523926e-01,6.012506484985351562e-01,4.942367970943450928e-01,4.692599177360534668e-01,2.079781442880630493e-01,2.188356816768646240e-01,4.733998179435729980e-01,4.859847128391265869e-01,2.633945047855377197e-01,2.788755893707275391e-01,1.884530633687973022e-01,-8.865549229085445404e-03,5.093091726303100586e-02,1.114157959818840027e-01,3.853182122111320496e-02,1.862626522779464722e-01,-3.656172752380371094e-02,1.370946168899536133e-01,5.565785989165306091e-02,1.425893008708953857e-01,1.106409430503845215e-01,1.510592699050903320e-01,1.960561424493789673e-01,1.512563675642013550e-01,1.835118532180786133e-01,1.479149460792541504e-01,1.743190586566925049e-01,2.096511274576187134e-01,1.189332753419876099e-01,2.484799176454544067e-01,1.925851255655288696e-01,9.893782436847686768e-02,1.635129153728485107e-01,2.886433601379394531e-01,2.874253503978252411e-02,1.913382560014724731e-01,1.662047952413558960e-01,1.553257852792739868e-01,1.050967499613761902e-01,8.824911713600158691e-02,1.003440916538238525e-01,2.288620620965957642e-01,7.391872256994247437e-02,1.557887941598892212e-01,2.290806919336318970e-01,3.161501884460449219e-01,1.491689234972000122e-01,2.412109524011611938e-01,6.233802437782287598e-02,2.122078537940979004e-01,5.690876767039299011e-02,1.602251827716827393e-01,3.469496965408325195e-01,3.464774787425994873e-01,2.510350942611694336e-02,-1.167157217860221863e-01,1.021118536591529846e-01,1.232065539807081223e-02,1.314284056425094604e-01,2.373796701431274414e-01,7.623758167028427124e-02,1.253978908061981201e-01,1.286228746175765991e-01,3.303394019603729248e-01,8.666197955608367920e-02,3.664688766002655029e-02,1.128398254513740540e-01,9.762043505907058716e-02,1.058931276202201843e-01,9.950180351734161377e-02,4.394868016242980957e-02,1.412645727396011353e-01,-1.913131587207317352e-02,7.178099453449249268e-02,8.310658484697341919e-02,2.462149709463119507e-01,1.634605973958969116e-01,2.712514698505401611e-01,2.365930676460266113e-01,2.617164254188537598e-01,-6.118629872798919678e-02,7.471031695604324341e-02,8.371487259864807129e-02,1.017161756753921509e-01,1.308224499225616455e-01,3.329163789749145508e-02,-5.485485494136810303e-02,1.588599830865859985e-01,7.078921794891357422e-02,2.008233070373535156e-01,1.564459651708602905e-01,-1.007163673639297485e-01
4.292402565479278564e-01,2.744831703603267670e-02,3.821311593055725098e-01,2.462695091962814331e-01,2.360835522413253784e-01,1.761383414268493652e-01,5.870885252952575684e-01,2.452245652675628662e-01,2.434614300727844238e-01,6.845947355031967163e-02,1.000000476837158203e+00,2.214000821113586426e-01,6.204398274421691895e-01,1.477412283420562744e-01,-1.326113194227218628e-02,-1.086211018264293671e-02,5.945912003517150879e-01,1.288338303565979004e-01,2.193814218044281006e-01,2.560738027095794678e-01,-6.878690421581268311e-02,2.429799363017082214e-02,1.458090692758560181e-01,2.341385483741760254e-01,2.233561724424362183e-01,1.459375023841857910e-01,1.610103249549865723e-01,1.762693822383880615e-01,6.153161525726318359e-01,1.313639879226684570e-01,3.183865547180175781e-01,2.236198037862777710e-01,3.495834767818450928e-01,2.975265085697174072e-01,1.484696418046951294e-01,1.188128143548965454e-01,3.534216880798339844e-01,2.533297240734100342e-01,1.701626032590866089e-01,2.990896403789520264e-01,2.570824325084686279e-01,1.842745989561080933e-01,7.603457570075988770e-02,-1.198287010192871094e-01,1.106150969862937927e-01,-1.211918443441390991e-01,1.734227240085601807e-01,-1.458906941115856171e-02,8.119972795248031616e-02,-1.705264598131179810e-01,1.754581034183502197e-01,-2.052564769983291626e-01,1.914363205432891846e-01,-2.796105146408081055e-01,3.538950681686401367e-01,2.727048099040985107e-01,3.867524266242980957e-01,-9.027826040983200073e-02,4.125909879803657532e-03,-2.185449898242950439e-01,2.325929403305053711e-01,-2.040816396474838257e-01,3.848555982112884521e-01,-1.691463291645050049e-01,1.719761788845062256e-01,-2.025097012519836426e-01,4.298748448491096497e-02,-5.320506170392036438e-02,2.651360258460044861e-02,-8.116012811660766602e-02,3.084571361541748047e-01,3.056436181068420410e-01,4.443992376327514648e-01,3.532442152500152588e-01,3.235337734222412109e-01,2.868372499942779541e-01,5.443494021892547607e-02,8.069559931755065918e-02,4.664705693721771240e-01,6.104389205574989319e-02,5.449261069297790527e-01,2.758057229220867157e-02,2.456989586353302002e-01,8.957061916589736938e-03,5.387436747550964355e-01,-5.457430332899093628e-02,2.519201934337615967e-01,-4.874353762716054916e-03,5.071861743927001953e-01,3.821094706654548645e-02,4.073530137538909912e-01,1.355949137359857559e-02,3.473909795284271240e-01,6.434839451685547829e-04,5.560717731714248657e-02,1.538634747266769409e-01,1.978695988655090332e-01,1.477127522230148315e-01,4.411012828350067139e-01,1.580190211534500122e-01,3.423867225646972656e-01,7.458558678627014160e-02,4.024627208709716797e-01,1.490589380264282227e-01,4.267389178276062012e-01,2.987706661224365234e-01,4.095783531665802002e-01,3.418342769145965576e-01,-3.757999464869499207e-02,5.229734815657138824e-03,5.592089891433715820e-02,1.235949173569679260e-01,8.779571950435638428e-02,1.147604584693908691e-01,1.876144707202911377e-01,2.216132879257202148e-01
1.465526130050420761e-02,2.889589667320251465e-01,4.189082384109497070e-01,4.786741137504577637e-01,-2.115348726511001587e-02,1.395452618598937988e-01,2.995815873146057129e-01,5.872953534126281738e-01,-1.289641112089157104e-01,1.013988777995109558e-01,2.214000821113586426e-01,1.000000119209289551e+00,2.215593457221984863e-01,6.634734272956848145e-01,-5.302239954471588135e-02,7.596679776906967163e-02,1.085660383105278015e-01,5.468575358390808105e-01,1.893525868654251099e-01,2.609297931194305420e-01,7.563668489456176758e-02,6.245908141136169434e-02,1.964413076639175415e-01,3.398346602916717529e-01,9.827230870723724365e-02,1.015655919909477234e-01,1.611734181642532349e-02,5.404997617006301880e-02,3.198901414871215820e-01,4.773912131786346436e-01,2.447800636291503906e-01,1.956595182418823242e-01,2.215924710035324097e-01,2.628798782825469971e-01,4.397536441683769226e-02,1.166428476572036743e-01,2.933146953582763672e-01,2.191355377435684204e-01,8.991047739982604980e-02,8.563815802335739136e-02,1.707780957221984863e-01,2.613002657890319824e-01,-1.846464723348617554e-01,-8.728165179491043091e-02,-8.260629326105117798e-02,-6.908778846263885498e-02,-2.971378266811370850e-01,-1.239202357828617096e-02,-2.628137171268463135e-01,-3.058467991650104523e-02,-3.578694760799407959e-01,7.457903772592544556e-02,-3.554717600345611572e-01,1.983388215303421021e-01,-1.309588104486465454e-01,3.313749134540557861e-01,-1.630627363920211792e-01,2.394080311059951782e-01,-1.397221684455871582e-01,-1.170937344431877136e-01,-2.892538309097290039e-01,-3.028932027518749237e-02,-1.633018851280212402e-01,4.092395603656768799e-01,-2.569582760334014893e-01,-1.052744803018867970e-03,5.071860924363136292e-02,2.926348708570003510e-02,-8.028077334165573120e-02,2.593884803354740143e-02,1.887008398771286011e-01,3.753069937229156494e-01,2.776221036911010742e-01,3.764233291149139404e-01,2.051536291837692261e-01,2.262841761112213135e-01,9.461085498332977295e-02,1.631637513637542725e-01,1.008990928530693054e-01,4.040059447288513184e-01,4.082299396395683289e-02,6.016190648078918457e-01,7.251802831888198853e-02,2.890857160091400146e-01,-1.079963073134422302e-01,5.488092303276062012e-01,-6.093807984143495560e-03,1.508172005414962769e-01,-1.813416332006454468e-01,5.123756527900695801e-01,-2.351735532283782959e-01,3.703064918518066406e-01,-2.546033859252929688e-01,2.176430821418762207e-01,1.565833836793899536e-01,1.072512120008468628e-01,8.635046333074569702e-02,1.349207758903503418e-01,-5.117874965071678162e-02,3.090361654758453369e-01,-2.323896437883377075e-01,9.589144587516784668e-02,-1.330982595682144165e-01,9.452857822179794312e-02,1.295575052499771118e-01,2.493310719728469849e-01,1.610375046730041504e-01,2.072119526565074921e-02,6.957735866308212280e-02,5.939062684774398804e-02,1.399753093719482422e-01,3.756736218929290771e-02,-1.430061738938093185e-02,6.459028273820877075e-02,1.482922285795211792e-01,1.326277554035186768e-01
3.612622022628784180e-01,-3.145014122128486633e-02,4.159733355045318604e-01,2.656834721565246582e-01,5.636513978242874146e-02,-7.348777260631322861e-03,5.420972704887390137e-01,2.863170802593231201e-01,1.395710706710815430e-01,-1.171196103096008301e-01,6.204398274421691895e-01,2.215593457221984863e-01,1.000000476837158203e+00,3.178153038024902344e-01,-2.139359014108777046e-03,-3.039667150005698204e-03,4.496678709983825684e-01,1.287093907594680786e-01,-4.470437020063400269e-02,1.850496046245098114e-02,-1.517244894057512283e-02,9.200598299503326416e-02,1.550117135047912598e-02,8.647451549768447876e-02,-3.924650140106678009e-03,-3.274913132190704346e-02,-1.815887540578842163e-02,4.041167907416820526e-03,4.870980083942413330e-01,1.036544293165206909e-01,6.767296046018600464e-02,-4.636367782950401306e-03,9.527444094419479370e-02,-2.821682952344417572e-02,8.629374206066131592e-03,6.991709023714065552e-02,2.208062559366226196e-01,1.277011632919311523e-01,1.053625121712684631e-01,1.344492882490158081e-01,2.295930534601211548e-01,1.423794925212860107e-01,1.593339592218399048e-01,-3.171376511454582214e-02,9.516224265098571777e-02,-4.706951975822448730e-02,9.866394102573394775e-02,1.235086098313331604e-02,1.212736219167709351e-01,-2.916518365964293480e-03,1.435450166463851929e-01,-1.045424714684486389e-01,1.992196291685104370e-01,-2.150636464357376099e-01,1.159104332327842712e-01,1.886728703975677490e-01,2.642120122909545898e-01,-6.089494377374649048e-02,1.456880122423171997e-01,-1.395290642976760864e-01,1.893713921308517456e-01,-1.393919289112091064e-01,2.308660894632339478e-01,-1.143678426742553711e-01,1.401029080152511597e-01,-2.148967385292053223e-01,6.932093203067779541e-02,-3.493993729352951050e-02,5.567048862576484680e-02,-1.762433201074600220e-01,1.428544968366622925e-01,1.145455464720726013e-01,3.083166182041168213e-01,1.719980090856552124e-01,2.135304510593414307e-01,1.812881827354431152e-01,-1.477933079004287720e-01,-1.660645902156829834e-01,3.803418278694152832e-01,2.126316130161285400e-01,3.920298814773559570e-01,2.655263058841228485e-02,3.105190694332122803e-01,6.015022518113255501e-04,3.732056021690368652e-01,-2.169554494321346283e-02,2.567140460014343262e-01,-4.605130478739738464e-02,3.474753201007843018e-01,8.159627020359039307e-02,2.431944757699966431e-01,-1.532021444290876389e-02,1.834918260574340820e-01,-5.725712329149246216e-02,-5.111589655280113220e-02,-3.062632121145725250e-02,1.138844564557075500e-01,3.093634173274040222e-02,2.750993371009826660e-01,1.337418332695960999e-02,1.635253876447677612e-01,-7.805910706520080566e-02,1.965482383966445923e-01,-2.732257917523384094e-02,3.772727251052856445e-01,2.319476008415222168e-01,2.849873900413513184e-01,1.811429709196090698e-01,-1.349605470895767212e-01,2.361260727047920227e-02,3.527509421110153198e-02,-4.042546264827251434e-03,-2.510483004152774811e-02,-3.232384473085403442e-02,1.578883677721023560e-01,2.855550646781921387e-01
