1.000000000000000000e+00,7.518516182899475098e-01,8.204589486122131348e-01,7.316561937332153320e-01,4.235480427742004395e-01,4.562885463237762451e-01,7.728173136711120605e-01,6.626704335212707520e-01,3.076451122760772705e-01,2.352214008569717407e-01,6.030648946762084961e-01,4.637609124183654785e-01,4.655229151248931885e-01,4.315563440322875977e-01,3.026292324066162109e-01,1.195617616176605225e-01,3.578813374042510986e-01,2.506493330001831055e-01,8.569581508636474609e-01,8.317419886589050293e-01,1.254296600818634033e-01,2.069207727909088135e-01,7.587838768959045410e-01,6.996849179267883301e-01,2.934696078300476074e-01,3.615872859954833984e-01,2.455807030200958252e-01,3.549988567829132080e-01,-9.208015166223049164e-03,-2.222607657313346863e-02,4.361200630664825439e-01,4.548135101795196533e-01,8.247627615928649902e-01,7.652487754821777344e-01,3.193803727626800537e-01,3.149956166744232178e-01,-2.157852947711944580e-01,-1.898956298828125000e-01,-3.438163399696350098e-01,-3.619303703308105469e-01,-2.390576004981994629e-01,2.739459276199340820e-03,1.467048525810241699e-01,1.354265511035919189e-01,4.147791564464569092e-01,3.789208233356475830e-01,-6.284839659929275513e-02,-2.526146918535232544e-02,4.024843871593475342e-01,3.579073846340179443e-01,2.546455264091491699e-01,2.069702744483947754e-01,-4.297905042767524719e-02,1.531324815005064011e-02,-2.895219922065734863e-01,-2.172601968050003052e-01,8.744126558303833008e-01,7.682142853736877441e-01,7.928045392036437988e-01,7.302464246749877930e-01,8.354117870330810547e-01,7.151576876640319824e-01,6.145014762878417969e-01,5.277794003486633301e-01,5.484094023704528809e-01,4.480110704898834229e-01,7.593674063682556152e-01,6.925885677337646484e-01,7.250480651855468750e-01,7.140593528747558594e-01,2.376706749200820923e-01,2.626050412654876709e-01,1.224364340305328369e-01,2.657185122370719910e-02,1.866630613803863525e-01,1.143981367349624634e-01,2.500679790973663330e-01,2.172344028949737549e-01,1.000268831849098206e-01,-3.282507881522178650e-02,5.680227279663085938e-02,7.833567261695861816e-02,-1.315873414278030396e-01,1.000810414552688599e-02,3.112558647990226746e-02,-3.438478335738182068e-02,-1.245015114545822144e-01,-2.147302180528640747e-01,-1.808552891016006470e-01,-9.841466695070266724e-02,-1.195055097341537476e-01,-9.225797653198242188e-02,-3.132705092430114746e-01,-1.730299890041351318e-01,-1.728976815938949585e-01,-2.067568600177764893e-01,-1.787934750318527222e-01,-2.304066270589828491e-01,-1.243989020586013794e-01,-2.496986091136932373e-01,-3.818612396717071533e-01,-1.940948963165283203e-01,-3.590187132358551025e-01,-2.415328770875930786e-01,-3.269001543521881104e-01,-2.430323809385299683e-01,-1.222643628716468811e-01,-2.015186399221420288e-01,-2.547070980072021484e-01,-1.675072759389877319e-01,-1.462489515542984009e-01,-2.585466206073760986e-01,-3.940474092960357666e-01,-3.518112301826477051e-01,-2.195898741483688354e-01,-1.894013732671737671e-01
7.518516182899475098e-01,1.000000000000000000e+00,6.981376409530639648e-01,8.228287100791931152e-01,3.307263851165771484e-01,4.512502253055572510e-01,7.033329010009765625e-01,8.272172212600708008e-01,8.547569066286087036e-02,3.916711807250976562e-01,4.831188023090362549e-01,6.946018934249877930e-01,3.496113121509552002e-01,6.505063772201538086e-01,3.293177485466003418e-02,2.674584686756134033e-01,3.011508584022521973e-01,4.999631047248840332e-01,7.326887845993041992e-01,7.770488858222961426e-01,5.304564535617828369e-02,2.033521980047225952e-01,6.785587072372436523e-01,7.363755702972412109e-01,2.870004773139953613e-01,3.589514195919036865e-01,1.431823670864105225e-01,3.934463560581207275e-01,4.193805903196334839e-02,6.286068260669708252e-02,5.243835449218750000e-01,5.975258946418762207e-01,8.067896962165832520e-01,8.219172954559326172e-01,3.952755928039550781e-01,3.949501812458038330e-01,-1.843008399009704590e-01,-1.177065894007682800e-01,-2.934009134769439697e-01,-3.263576030731201172e-01,-2.291769385337829590e-01,2.834819816052913666e-02,1.205809935927391052e-01,1.984581053256988525e-01,4.173414409160614014e-01,4.956124126911163330e-01,-8.488807082176208496e-02,1.622467115521430969e-02,3.383563458919525146e-01,4.607409834861755371e-01,1.933635026216506958e-01,3.278840780258178711e-01,-6.236867606639862061e-02,-3.214683756232261658e-02,-2.400191575288772583e-01,-2.104565054178237915e-01,7.401654720306396484e-01,8.357104063034057617e-01,6.615296006202697754e-01,7.677367329597473145e-01,7.706859707832336426e-01,8.558956980705261230e-01,4.708118438720703125e-01,7.886556982994079590e-01,3.631053566932678223e-01,7.177546024322509766e-01,7.332796454429626465e-01,6.754364371299743652e-01,6.586884260177612305e-01,6.109860539436340332e-01,3.415829539299011230e-01,3.846575319766998291e-01,1.333074420690536499e-01,1.865752935409545898e-01,1.653406023979187012e-01,2.244473695755004883e-01,3.200049400329589844e-01,3.401508629322052002e-01,6.968639791011810303e-02,6.504901498556137085e-02,1.434407755732536316e-02,2.411794215440750122e-01,-1.602609455585479736e-01,-1.527151837944984436e-02,-7.465438544750213623e-02,6.775680929422378540e-02,-1.683559566736221313e-01,-1.919751614332199097e-01,-2.574716508388519287e-01,-2.839623205363750458e-02,-1.775346994400024414e-01,-1.468607783317565918e-01,-3.249087035655975342e-01,-2.359723150730133057e-01,-1.941568106412887573e-01,-2.114672213792800903e-01,-1.641349196434020996e-01,-2.229786515235900879e-01,-1.903304606676101685e-01,-2.733713686466217041e-01,-3.031353056430816650e-01,-1.556977331638336182e-01,-3.477986454963684082e-01,-2.626042068004608154e-01,-3.168385922908782959e-01,-3.084555566310882568e-01,-1.192479059100151062e-01,-2.657951414585113525e-01,-2.032924890518188477e-01,-1.496335417032241821e-01,-8.658104389905929565e-02,-2.477962374687194824e-01,-3.595571815967559814e-01,-3.269853293895721436e-01,-2.670083940029144287e-01,-2.553492188453674316e-01
8.204589486122131348e-01,6.981376409530639648e-01,1.000000119209289551e+00,7.748115658760070801e-01,4.634311497211456299e-01,4.963668882846832275e-01,8.648105263710021973e-01,7.442880868911743164e-01,3.181848526000976562e-01,2.657332420349121094e-01,6.220951676368713379e-01,5.791661143302917480e-01,5.074457526206970215e-01,5.141556859016418457e-01,3.338924050331115723e-01,1.884961575269699097e-01,3.952928483486175537e-01,3.367736339569091797e-01,7.760182023048400879e-01,7.215481996536254883e-01,1.721762269735336304e-01,2.568382620811462402e-01,8.735753297805786133e-01,8.060787320137023926e-01,3.501569330692291260e-01,3.911803364753723145e-01,2.939495146274566650e-01,4.013864994049072266e-01,1.300609856843948364e-01,7.481246441602706909e-02,6.320483684539794922e-01,6.483896374702453613e-01,7.950171232223510742e-01,7.865422368049621582e-01,3.960669934749603271e-01,4.205772578716278076e-01,-8.163993060588836670e-02,-8.448750525712966919e-02,-2.894312143325805664e-01,-2.429402470588684082e-01,-2.270093262195587158e-01,1.471339352428913116e-02,1.713810116052627563e-01,1.887585520744323730e-01,4.251568019390106201e-01,4.159156978130340576e-01,-1.516844728030264378e-03,3.234858065843582153e-02,3.816766440868377686e-01,3.144249320030212402e-01,2.993286252021789551e-01,2.409979701042175293e-01,-9.759594686329364777e-03,-1.280223019421100616e-02,-1.903081238269805908e-01,-1.701903492212295532e-01,7.131440639495849609e-01,6.403822302818298340e-01,6.209163069725036621e-01,5.708636641502380371e-01,7.545815110206604004e-01,6.384806632995605469e-01,6.223708391189575195e-01,5.723921060562133789e-01,6.264300346374511719e-01,5.135270953178405762e-01,6.905413866043090820e-01,6.142031550407409668e-01,5.648950934410095215e-01,5.193645358085632324e-01,4.162594974040985107e-01,4.346242845058441162e-01,2.603352963924407959e-01,1.452013105154037476e-01,3.073440492153167725e-01,1.763787418603897095e-01,3.359002768993377686e-01,3.447399437427520752e-01,1.963768303394317627e-01,1.958041451871395111e-02,1.263761520385742188e-01,2.255106717348098755e-01,-9.112599492073059082e-02,5.695360153913497925e-02,1.593179255723953247e-01,1.139510720968246460e-01,-1.146613061428070068e-01,-1.388472318649291992e-01,-1.026524603366851807e-01,2.953719347715377808e-02,-1.184463500976562500e-01,-1.708255149424076080e-02,-1.699860841035842896e-01,-7.944819331169128418e-02,-1.518245637416839600e-01,-1.359541863203048706e-01,-1.117887794971466064e-01,-1.786732822656631470e-01,-9.312637150287628174e-02,-1.675033271312713623e-01,-2.933248281478881836e-01,-1.265589147806167603e-01,-3.165296912193298340e-01,-2.432707995176315308e-01,-2.913604378700256348e-01,-2.185451090335845947e-01,-2.315638586878776550e-02,-2.342755347490310669e-01,-1.674424409866333008e-01,-7.043547183275222778e-02,-4.502247273921966553e-02,-1.455850601196289062e-01,-2.641142010688781738e-01,-2.647730708122253418e-01,-1.745074242353439331e-01,-1.477568000555038452e-01
7.316561937332153320e-01,8.228287100791931152e-01,7.748115658760070801e-01,9.999998211860656738e-01,3.117013275623321533e-01,5.038820505142211914e-01,7.102616429328918457e-01,8.522803783416748047e-01,7.113793492317199707e-02,4.711157679557800293e-01,4.955363869667053223e-01,7.035742998123168945e-01,3.362166285514831543e-01,6.646639704704284668e-01,7.446444779634475708e-02,3.864984810352325439e-01,3.214380443096160889e-01,4.907354116439819336e-01,7.461659908294677734e-01,7.954659461975097656e-01,8.355170488357543945e-02,1.939479559659957886e-01,7.964060902595520020e-01,8.466169238090515137e-01,3.317554593086242676e-01,4.238682091236114502e-01,1.420778334140777588e-01,4.083689451217651367e-01,9.130988270044326782e-02,6.327576190233230591e-02,5.270563960075378418e-01,6.694257259368896484e-01,7.657953500747680664e-01,8.189845681190490723e-01,3.817072212696075439e-01,4.295518696308135986e-01,-7.910418510437011719e-02,-1.176063641905784607e-01,-2.443647980690002441e-01,-2.538959383964538574e-01,-1.690447032451629639e-01,4.846584796905517578e-02,2.200941741466522217e-01,2.669707238674163818e-01,4.587974846363067627e-01,5.218001604080200195e-01,5.200788006186485291e-02,1.125544011592864990e-01,4.026916027069091797e-01,4.225885570049285889e-01,2.903330624103546143e-01,3.595600426197052002e-01,2.800957672297954559e-02,-3.312578424811363220e-02,-1.784936040639877319e-01,-1.243634223937988281e-01,6.755638122558593750e-01,6.810661554336547852e-01,6.320039629936218262e-01,6.366199851036071777e-01,7.159225344657897949e-01,6.900857090950012207e-01,4.701062142848968506e-01,6.955842375755310059e-01,4.969763457775115967e-01,6.924408078193664551e-01,7.481520771980285645e-01,7.150102257728576660e-01,6.007834672927856445e-01,5.315575599670410156e-01,3.223791122436523438e-01,3.611878752708435059e-01,1.792386919260025024e-01,1.852947771549224854e-01,2.323033958673477173e-01,2.511547207832336426e-01,3.152399957180023193e-01,3.767801225185394287e-01,1.041220277547836304e-01,1.419937703758478165e-02,6.264075636863708496e-02,2.523057758808135986e-01,-3.827595338225364685e-02,9.733264893293380737e-02,9.962749481201171875e-02,1.240410953760147095e-01,-6.682970374822616577e-02,-6.651572883129119873e-02,-6.917383521795272827e-02,1.159555464982986450e-01,-1.505237631499767303e-02,4.621788486838340759e-02,-1.075315475463867188e-01,-8.585122972726821899e-02,-1.228063926100730896e-01,-1.308383047580718994e-01,-9.023738652467727661e-02,-1.562443226575851440e-01,-7.965154200792312622e-02,-1.912111043930053711e-01,-1.267628669738769531e-01,-3.474350646138191223e-02,-2.098725438117980957e-01,-1.619299650192260742e-01,-2.040303200483322144e-01,-1.875569969415664673e-01,-5.951097980141639709e-02,-1.978757679462432861e-01,-1.421376764774322510e-01,-8.030504733324050903e-02,-3.219614923000335693e-02,-1.406426876783370972e-01,-2.770116031169891357e-01,-2.073758095502853394e-01,-1.620119214057922363e-01,-2.375673204660415649e-01
4.235480427742004395e-01,3.307263851165771484e-01,4.634311497211456299e-01,3.117013275623321533e-01,9.999998211860656738e-01,7.146367430686950684e-01,5.252026915550231934e-01,3.963323235511779785e-01,7.638801336288452148e-01,3.820540904998779297e-01,5.031211972236633301e-01,3.296224772930145264e-01,5.768004059791564941e-01,3.917022049427032471e-01,7.186626791954040527e-01,3.825625777244567871e-01,3.944901227951049805e-01,3.292785286903381348e-01,2.556604146957397461e-01,2.265997827053070068e-01,5.338973999023437500e-01,4.622405171394348145e-01,5.152551531791687012e-01,4.604106545448303223e-01,6.418649554252624512e-01,6.268544793128967285e-01,7.422320842742919922e-01,7.043377161026000977e-01,3.301447629928588867e-01,2.760084569454193115e-01,5.137007832527160645e-01,4.211047887802124023e-01,4.625026881694793701e-01,4.145462810993194580e-01,4.064308106899261475e-01,3.253597319126129150e-01,1.543428897857666016e-01,2.963485717773437500e-01,7.974987477064132690e-02,1.259144693613052368e-01,5.374113097786903381e-02,3.425033390522003174e-01,2.878620922565460205e-01,3.181661963462829590e-01,4.133518338203430176e-01,3.488371968269348145e-01,2.026886045932769775e-01,2.153394371271133423e-01,4.067157208919525146e-01,3.537330031394958496e-01,3.473107814788818359e-01,2.908555567264556885e-01,2.895122468471527100e-01,2.426370978355407715e-01,7.302030920982360840e-02,1.045241355895996094e-01,4.419379830360412598e-01,4.060398340225219727e-01,3.641304075717926025e-01,3.152506649494171143e-01,4.746064543724060059e-01,4.034492075443267822e-01,4.946193993091583252e-01,3.873344361782073975e-01,4.102691113948822021e-01,2.692164480686187744e-01,4.257427453994750977e-01,4.386080205440521240e-01,1.986910104751586914e-01,2.277125716209411621e-01,4.134098887443542480e-01,4.310033023357391357e-01,4.286060929298400879e-01,4.292642474174499512e-01,5.028849244117736816e-01,3.849628865718841553e-01,4.836605787277221680e-01,4.108517467975616455e-01,2.640728950500488281e-01,2.624422907829284668e-01,3.864069581031799316e-01,3.687112033367156982e-01,2.201421856880187988e-01,3.294950127601623535e-01,3.455400466918945312e-01,3.225453197956085205e-01,4.635031148791313171e-02,3.299909830093383789e-02,1.233316883444786072e-01,2.062425166368484497e-01,1.996946930885314941e-01,2.005217969417572021e-01,1.643651747144758701e-03,1.519511491060256958e-01,3.739064186811447144e-02,6.006807088851928711e-02,1.714398562908172607e-01,1.812783628702163696e-01,2.144647091627120972e-01,1.977807283401489258e-01,-1.452783495187759399e-01,1.489861123263835907e-02,-1.061949208378791809e-01,-3.902978077530860901e-02,-7.882051169872283936e-02,1.482027210295200348e-02,4.319050908088684082e-02,7.167445123195648193e-02,6.618433445692062378e-02,9.820257872343063354e-02,2.835283875465393066e-01,1.540118455886840820e-01,7.397782057523727417e-02,5.033638328313827515e-02,7.395067811012268066e-02,4.255877062678337097e-02
4.562885463237762451e-01,4.512502253055572510e-01,4.963668882846832275e-01,5.038820505142211914e-01,7.146367430686950684e-01,1.000000000000000000e+00,5.240316987037658691e-01,5.106475949287414551e-01,5.755298733711242676e-01,6.164762973785400391e-01,4.293825030326843262e-01,4.854132831096649170e-01,4.728411436080932617e-01,5.056475996971130371e-01,5.458359122276306152e-01,5.576767921447753906e-01,3.645437955856323242e-01,4.615010917186737061e-01,3.441389501094818115e-01,3.615201711654663086e-01,4.396496117115020752e-01,4.378435313701629639e-01,5.758492350578308105e-01,5.490829348564147949e-01,5.640039443969726562e-01,7.194272875785827637e-01,5.717580914497375488e-01,7.145609855651855469e-01,2.769136726856231689e-01,2.355717122554779053e-01,5.017334222793579102e-01,5.226945281028747559e-01,4.740773439407348633e-01,5.202389359474182129e-01,3.915405869483947754e-01,3.945727050304412842e-01,1.307303011417388916e-01,2.184379845857620239e-01,2.354958839714527130e-02,5.016757175326347351e-02,6.107512861490249634e-02,3.319037258625030518e-01,3.926786184310913086e-01,4.080489873886108398e-01,4.838180840015411377e-01,4.610387682914733887e-01,3.051626682281494141e-01,3.261072039604187012e-01,4.642178416252136230e-01,4.237807095050811768e-01,4.160282313823699951e-01,4.079208076000213623e-01,3.184859454631805420e-01,2.742791473865509033e-01,5.300786718726158142e-02,1.476792842149734497e-01,4.559869766235351562e-01,4.747129976749420166e-01,4.065218567848205566e-01,3.845357000827789307e-01,4.715716540813446045e-01,4.468768835067749023e-01,3.874039649963378906e-01,4.850693047046661377e-01,4.169148206710815430e-01,4.208696186542510986e-01,5.215110182762145996e-01,5.478304624557495117e-01,2.881816625595092773e-01,3.108243346214294434e-01,3.482866585254669189e-01,3.941822648048400879e-01,3.879036903381347656e-01,3.971546292304992676e-01,4.924206733703613281e-01,4.254298210144042969e-01,4.532887041568756104e-01,4.159686863422393799e-01,2.166827768087387085e-01,2.464984804391860962e-01,2.709870934486389160e-01,3.834778070449829102e-01,1.923155188560485840e-01,3.146812617778778076e-01,3.071722090244293213e-01,3.509238958358764648e-01,2.993370406329631805e-02,1.102368682622909546e-01,1.435235589742660522e-01,3.143119513988494873e-01,2.767115533351898193e-01,3.218663930892944336e-01,1.076074242591857910e-01,1.900728046894073486e-01,6.238315254449844360e-02,4.960357397794723511e-02,1.769651472568511963e-01,1.709590703248977661e-01,2.550641596317291260e-01,1.788160055875778198e-01,-1.653969474136829376e-02,1.387500613927841187e-01,-1.399294100701808929e-02,6.565664708614349365e-02,-1.758319325745105743e-02,2.578811720013618469e-02,4.381711781024932861e-02,1.016997620463371277e-01,5.976593866944313049e-02,1.255452781915664673e-01,2.468380928039550781e-01,1.697868555784225464e-01,6.402401626110076904e-02,5.549931898713111877e-02,7.424789667129516602e-02,-7.166948169469833374e-02
7.728173136711120605e-01,7.033329010009765625e-01,8.648105263710021973e-01,7.102616429328918457e-01,5.252026915550231934e-01,5.240316987037658691e-01,1.000000476837158203e+00,7.911975383758544922e-01,3.807118237018585205e-01,3.488160073757171631e-01,7.308044433593750000e-01,6.370294690132141113e-01,6.798059940338134766e-01,6.404200196266174316e-01,3.334696292877197266e-01,2.554990947246551514e-01,5.256724357604980469e-01,4.186578094959259033e-01,6.582852005958557129e-01,6.046205163002014160e-01,2.728725373744964600e-01,3.343139886856079102e-01,8.188934326171875000e-01,7.880719304084777832e-01,4.239226877689361572e-01,4.246377050876617432e-01,3.156016170978546143e-01,4.402382969856262207e-01,2.917496860027313232e-01,1.622794419527053833e-01,7.413758635520935059e-01,7.122626900672912598e-01,8.350927233695983887e-01,8.222251534461975098e-01,5.497125983238220215e-01,5.232053995132446289e-01,1.541295438073575497e-03,5.232157558202743530e-02,-1.871923655271530151e-01,-1.810343116521835327e-01,-1.155564412474632263e-01,6.376247107982635498e-02,1.461659222841262817e-01,2.008423656225204468e-01,4.332550168037414551e-01,4.518365859985351562e-01,-1.760084182024002075e-02,2.197054028511047363e-02,3.589953482151031494e-01,3.363979160785675049e-01,2.977481484413146973e-01,2.557558715343475342e-01,-2.192454598844051361e-02,-4.136715829372406006e-02,-1.222569346427917480e-01,-1.768570095300674438e-01,6.880354285240173340e-01,5.988799929618835449e-01,5.465572476387023926e-01,5.058528780937194824e-01,8.068056702613830566e-01,6.579402685165405273e-01,7.243103384971618652e-01,6.610329151153564453e-01,6.162440776824951172e-01,5.894333124160766602e-01,6.674124002456665039e-01,5.996898412704467773e-01,4.602759480476379395e-01,4.033728241920471191e-01,5.543536543846130371e-01,5.670989751815795898e-01,4.144736528396606445e-01,2.726469933986663818e-01,4.075044691562652588e-01,2.350940853357315063e-01,4.587619602680206299e-01,4.433260262012481689e-01,2.847026884555816650e-01,1.292320936918258667e-01,2.776252329349517822e-01,3.279055655002593994e-01,-2.252686070278286934e-03,1.154461205005645752e-01,2.118306159973144531e-01,1.844571381807327271e-01,-1.136516630649566650e-01,-1.878703236579895020e-01,-9.801623970270156860e-02,2.894482202827930450e-02,-1.318862289190292358e-01,-6.892022490501403809e-02,-1.974875926971435547e-01,-1.487595736980438232e-01,-1.275813132524490356e-01,-1.270046979188919067e-01,-4.434385523200035095e-02,-1.300551295280456543e-01,-8.760703355073928833e-02,-1.295188367366790771e-01,-2.976388633251190186e-01,-1.816269159317016602e-01,-3.751268386840820312e-01,-3.245889842510223389e-01,-3.394646048545837402e-01,-2.752285897731781006e-01,-3.375949338078498840e-02,-3.155854940414428711e-01,-1.258016377687454224e-01,-1.721223071217536926e-02,6.600930541753768921e-02,-1.029400452971458435e-01,-2.282827645540237427e-01,-2.735494077205657959e-01,-2.217676639556884766e-01,-1.259528845548629761e-01
6.626704335212707520e-01,8.272172212600708008e-01,7.442880868911743164e-01,8.522803783416748047e-01,3.963323235511779785e-01,5.106475949287414551e-01,7.911975383758544922e-01,1.000000357627868652e+00,1.453044563531875610e-01,5.415791273117065430e-01,5.854282975196838379e-01,7.881239652633666992e-01,4.683425724506378174e-01,7.904915213584899902e-01,9.569199383258819580e-02,4.349483549594879150e-01,4.194400012493133545e-01,5.648541450500488281e-01,6.157880425453186035e-01,6.415383219718933105e-01,1.680033057928085327e-01,2.551056444644927979e-01,7.579581141471862793e-01,8.137099146842956543e-01,4.134738445281982422e-01,4.306774437427520752e-01,1.767477095127105713e-01,4.690828323364257812e-01,2.517980039119720459e-01,2.039750516414642334e-01,6.728059053421020508e-01,7.506967186927795410e-01,7.924880385398864746e-01,8.465911746025085449e-01,5.169007182121276855e-01,5.137160420417785645e-01,8.675846271216869354e-03,3.074384108185768127e-02,-1.610020548105239868e-01,-1.871835142374038696e-01,-1.341831088066101074e-01,8.996957540512084961e-02,1.433576792478561401e-01,2.520923614501953125e-01,4.324487447738647461e-01,5.288782715797424316e-01,-2.215597964823246002e-02,7.108842581510543823e-02,3.369880318641662598e-01,4.003998041152954102e-01,2.464998662471771240e-01,3.411135971546173096e-01,-2.326181717216968536e-02,-8.418106287717819214e-02,-1.326311975717544556e-01,-1.568567156791687012e-01,6.097801327705383301e-01,6.357688903808593750e-01,5.191978812217712402e-01,5.543703436851501465e-01,7.322288751602172852e-01,7.400524616241455078e-01,5.591017007827758789e-01,7.904894948005676270e-01,4.903552532196044922e-01,7.641733288764953613e-01,6.816834211349487305e-01,6.597040891647338867e-01,4.435744285583496094e-01,3.651788234710693359e-01,5.074865221977233887e-01,5.436962246894836426e-01,3.223249018192291260e-01,3.434247970581054688e-01,3.188479840755462646e-01,3.076380491256713867e-01,4.346733689308166504e-01,4.749489724636077881e-01,2.115926146507263184e-01,1.417153924703598022e-01,1.899967789649963379e-01,3.813693523406982422e-01,1.010930980555713177e-03,1.470532417297363281e-01,1.292859762907028198e-01,2.133391052484512329e-01,-8.195679634809494019e-02,-1.284053325653076172e-01,-9.326183795928955078e-02,9.171266108751296997e-02,-6.395699828863143921e-02,-4.044089466333389282e-02,-1.643016040325164795e-01,-1.549759954214096069e-01,-1.072184294462203979e-01,-1.002382636070251465e-01,-3.450814634561538696e-02,-1.190438494086265564e-01,-9.510826319456100464e-02,-1.652311235666275024e-01,-1.611299961805343628e-01,-1.055379435420036316e-01,-2.796239852905273438e-01,-2.605628073215484619e-01,-2.619189918041229248e-01,-2.574000060558319092e-01,-3.774832934141159058e-02,-3.031745851039886475e-01,-9.747786074876785278e-02,-1.800919882953166962e-02,6.526889652013778687e-02,-1.031792014837265015e-01,-2.440234869718551636e-01,-2.293828129768371582e-01,-2.096199244260787964e-01,-1.925077140331268311e-01
3.076451122760772705e-01,8.547569066286087036e-02,3.181848526000976562e-01,7.113793492317199707e-02,7.638801336288452148e-01,5.755298733711242676e-01,3.807118237018585205e-01,1.453044563531875610e-01,1.000000119209289551e+00,2.707480490207672119e-01,4.789344072341918945e-01,1.375396251678466797e-01,6.408560872077941895e-01,1.604272574186325073e-01,8.573915958404541016e-01,2.814531028270721436e-01,4.481649398803710938e-01,2.108174264430999756e-01,1.054398119449615479e-01,4.324971884489059448e-02,5.508440732955932617e-01,4.782222807407379150e-01,3.642555773258209229e-01,2.512214779853820801e-01,5.374152064323425293e-01,5.745458006858825684e-01,7.118263244628906250e-01,5.541786551475524902e-01,3.212091326713562012e-01,2.333056479692459106e-01,3.681473135948181152e-01,2.355765551328659058e-01,2.844622731208801270e-01,1.889157593250274658e-01,3.461355268955230713e-01,2.929686307907104492e-01,2.487376630306243896e-01,3.633189201354980469e-01,1.409592777490615845e-01,2.162208557128906250e-01,1.415410935878753662e-01,3.886742293834686279e-01,3.517376482486724854e-01,3.131350278854370117e-01,3.634277284145355225e-01,2.429099380970001221e-01,3.235380351543426514e-01,2.822386324405670166e-01,3.898506462574005127e-01,2.459574639797210693e-01,3.718680441379547119e-01,2.176133394241333008e-01,3.243905305862426758e-01,3.691401183605194092e-01,1.971918046474456787e-01,1.921068131923675537e-01,3.426723182201385498e-01,2.555355429649353027e-01,2.211311459541320801e-01,1.106240376830101013e-01,3.186063468456268311e-01,1.672418415546417236e-01,4.461588561534881592e-01,1.305405199527740479e-01,4.386947453022003174e-01,3.674831986427307129e-02,2.728691697120666504e-01,2.840006053447723389e-01,7.961261272430419922e-02,1.506530493497848511e-01,3.492013216018676758e-01,3.543570041656494141e-01,4.590835869312286377e-01,3.668154478073120117e-01,5.164907574653625488e-01,2.883675992488861084e-01,4.138803780078887939e-01,3.100004196166992188e-01,3.206045627593994141e-01,3.147346675395965576e-01,4.168391823768615723e-01,2.975977361202239990e-01,2.804370224475860596e-01,3.208149373531341553e-01,4.449923932552337646e-01,3.563787043094635010e-01,6.122857332229614258e-02,1.131107956171035767e-01,2.182274609804153442e-01,2.240314334630966187e-01,2.326985150575637817e-01,2.489727735519409180e-01,7.452332228422164917e-02,2.028329968452453613e-01,1.130974441766738892e-01,1.401322484016418457e-01,2.469777166843414307e-01,2.735682725906372070e-01,3.322173357009887695e-01,3.058200478553771973e-01,-1.097227558493614197e-01,-1.786190085113048553e-02,-1.626409031450748444e-02,1.902558654546737671e-02,6.073855329304933548e-03,9.211362898349761963e-02,1.395921558141708374e-01,1.377816200256347656e-01,9.466291964054107666e-02,1.784248352050781250e-01,3.281373381614685059e-01,2.422720044851303101e-01,1.879515945911407471e-01,9.825615584850311279e-02,1.489825993776321411e-01,1.615216135978698730e-01
2.352214008569717407e-01,3.916711807250976562e-01,2.657332420349121094e-01,4.711157679557800293e-01,3.820540904998779297e-01,6.164762973785400391e-01,3.488160073757171631e-01,5.415791273117065430e-01,2.707480490207672119e-01,9.999998211860656738e-01,3.155356347560882568e-01,5.629310011863708496e-01,3.181675076484680176e-01,6.494576334953308105e-01,1.798952370882034302e-01,7.751737236976623535e-01,3.640218377113342285e-01,5.694286823272705078e-01,1.101159900426864624e-01,1.835883259773254395e-01,2.633966505527496338e-01,3.315039575099945068e-01,3.772508203983306885e-01,4.561175405979156494e-01,4.879246056079864502e-01,5.498058795928955078e-01,2.456812858581542969e-01,5.688948631286621094e-01,3.601436614990234375e-01,3.027439713478088379e-01,3.864844441413879395e-01,5.130860805511474609e-01,3.320963382720947266e-01,4.332022368907928467e-01,3.979809582233428955e-01,3.960403203964233398e-01,2.583478689193725586e-01,2.722670137882232666e-01,1.577047407627105713e-01,9.471241384744644165e-02,1.546983271837234497e-01,2.889138758182525635e-01,3.023406863212585449e-01,4.055220484733581543e-01,3.543547987937927246e-01,4.460484683513641357e-01,2.672816812992095947e-01,3.332280814647674561e-01,3.227398395538330078e-01,3.786851465702056885e-01,3.021740019321441650e-01,4.080580770969390869e-01,2.408829629421234131e-01,1.520501375198364258e-01,1.069548130035400391e-01,1.775459200143814087e-01,2.361228913068771362e-01,2.522823810577392578e-01,1.714618504047393799e-01,1.801104247570037842e-01,3.224886357784271240e-01,3.279758393764495850e-01,2.199064493179321289e-01,4.804436266422271729e-01,2.964106202125549316e-01,5.096833109855651855e-01,3.638701438903808594e-01,4.399880468845367432e-01,7.775225490331649780e-02,4.268575087189674377e-02,3.275025784969329834e-01,3.727930486202239990e-01,3.727318346500396729e-01,4.623883068561553955e-01,3.730402588844299316e-01,4.057127833366394043e-01,3.965504765510559082e-01,4.107580780982971191e-01,2.247222810983657837e-01,2.741483151912689209e-01,2.924118936061859131e-01,4.201389253139495850e-01,2.952865660190582275e-01,3.499314785003662109e-01,2.949506044387817383e-01,3.762907981872558594e-01,8.984768390655517578e-02,1.593750864267349243e-01,2.075301259756088257e-01,3.904720842838287354e-01,2.970566749572753906e-01,2.811959385871887207e-01,2.143776118755340576e-01,1.357957422733306885e-01,1.584395617246627808e-01,1.625982224941253662e-01,2.648463249206542969e-01,2.182297557592391968e-01,2.497719526290893555e-01,1.905084401369094849e-01,2.457986325025558472e-01,1.801799237728118896e-01,1.063001826405525208e-01,6.568980216979980469e-02,3.261952847242355347e-02,-9.310862049460411072e-03,1.253009289503097534e-01,2.449414751026779413e-04,1.338686347007751465e-01,1.800715029239654541e-01,2.937292158603668213e-01,2.101075202226638794e-01,1.042951270937919617e-01,1.492258012294769287e-01,4.256146028637886047e-02,-5.480875819921493530e-02
6.030648946762084961e-01,4.831188023090362549e-01,6.220951676368713379e-01,4.955363869667053223e-01,5.031211972236633301e-01,4.293825030326843262e-01,7.308044433593750000e-01,5.854282975196838379e-01,4.789344072341918945e-01,3.155356347560882568e-01,1.000000119209289551e+00,5.632589459419250488e-01,8.485648036003112793e-01,5.953472256660461426e-01,4.491725862026214600e-01,3.475627005100250244e-01,7.626205682754516602e-01,4.754116535186767578e-01,4.188517034053802490e-01,3.901777565479278564e-01,3.770463764667510986e-01,3.376011848449707031e-01,6.476756930351257324e-01,6.354649066925048828e-01,4.690834283828735352e-01,4.918008148670196533e-01,3.620535433292388916e-01,3.524534702301025391e-01,5.113490223884582520e-01,3.622150421142578125e-01,7.337293624877929688e-01,6.509724259376525879e-01,6.914075613021850586e-01,6.367553472518920898e-01,6.730089783668518066e-01,6.399424076080322266e-01,2.768103182315826416e-01,2.840676605701446533e-01,6.808496266603469849e-02,8.413241803646087646e-02,-6.013214122503995895e-03,2.415528446435928345e-01,3.230926990509033203e-01,3.655896186828613281e-01,5.264965295791625977e-01,5.416116714477539062e-01,1.930218487977981567e-01,2.197333872318267822e-01,4.730454087257385254e-01,4.567313194274902344e-01,4.473863542079925537e-01,3.893690705299377441e-01,1.554616242647171021e-01,1.481118798255920410e-01,1.105167269706726074e-01,4.787648841738700867e-02,6.041351556777954102e-01,4.604602456092834473e-01,4.229826033115386963e-01,3.017664551734924316e-01,6.849896311759948730e-01,4.297450184822082520e-01,7.711425423622131348e-01,5.390880107879638672e-01,6.102751493453979492e-01,4.789302051067352295e-01,5.943022370338439941e-01,5.576256513595581055e-01,2.836729586124420166e-01,2.645406126976013184e-01,6.677247881889343262e-01,6.642363667488098145e-01,6.003698110580444336e-01,4.416472315788269043e-01,5.599606037139892578e-01,3.683589100837707520e-01,6.116117835044860840e-01,5.678348541259765625e-01,4.777321815490722656e-01,3.212193250656127930e-01,5.208476781845092773e-01,4.747151434421539307e-01,1.311714500188827515e-01,2.445762902498245239e-01,4.261195659637451172e-01,3.662042319774627686e-01,6.336654536426067352e-03,-6.081493198871612549e-02,1.038803458213806152e-01,1.249788925051689148e-01,3.246781975030899048e-02,3.282768279314041138e-02,-1.083134338259696960e-01,-7.396945357322692871e-02,4.101993888616561890e-02,1.123325452208518982e-01,1.987276673316955566e-01,1.610167473554611206e-01,1.475978046655654907e-01,1.025778055191040039e-01,-1.946011334657669067e-01,-1.550638973712921143e-01,-2.439071834087371826e-01,-2.174671739339828491e-01,-2.409655749797821045e-01,-1.619945615530014038e-01,-3.146322444081306458e-02,-1.750934869050979614e-01,1.368471831083297729e-01,2.039516270160675049e-01,3.228555023670196533e-01,1.532022505998611450e-01,-1.063877064734697342e-02,-9.853494167327880859e-02,-1.688267290592193604e-01,-6.311525404453277588e-02
4.637609124183654785e-01,6.946018934249877930e-01,5.791661143302917480e-01,7.035742998123168945e-01,3.296224772930145264e-01,4.854132831096649170e-01,6.370294690132141113e-01,7.881239652633666992e-01,1.375396251678466797e-01,5.629310011863708496e-01,5.632589459419250488e-01,1.000000119209289551e+00,4.822943210601806641e-01,8.481450080871582031e-01,8.938347548246383667e-02,5.970556139945983887e-01,4.963401854038238525e-01,7.726324796676635742e-01,3.578560650348663330e-01,4.292040765285491943e-01,2.563641369342803955e-01,3.287298083305358887e-01,6.561541557312011719e-01,7.168657183647155762e-01,4.546592235565185547e-01,5.006787180900573730e-01,1.819712072610855103e-01,4.466182887554168701e-01,3.749878704547882080e-01,3.759887814521789551e-01,6.783585548400878906e-01,8.072124123573303223e-01,6.487620472908020020e-01,7.061272859573364258e-01,6.460014581680297852e-01,6.538702249526977539e-01,2.176949828863143921e-01,2.795194387435913086e-01,3.340987116098403931e-02,7.476541399955749512e-02,1.503725908696651459e-02,1.644026488065719604e-01,3.656615316867828369e-01,4.775615334510803223e-01,5.784084796905517578e-01,6.689348220825195312e-01,2.351539582014083862e-01,3.261517584323883057e-01,5.019177794456481934e-01,5.644482374191284180e-01,4.745328724384307861e-01,5.588665008544921875e-01,1.868524551391601562e-01,1.052219122648239136e-01,9.554261714220046997e-02,9.501050412654876709e-02,4.713726341724395752e-01,5.301523804664611816e-01,3.641071021556854248e-01,3.828713297843933105e-01,6.108767986297607422e-01,6.001532077789306641e-01,5.406858325004577637e-01,8.223395943641662598e-01,5.313095450401306152e-01,8.121802806854248047e-01,6.134402155876159668e-01,6.014820337295532227e-01,2.440831959247589111e-01,1.807317286729812622e-01,6.756668686866760254e-01,7.232925891876220703e-01,4.536992311477661133e-01,5.341485142707824707e-01,4.521302282810211182e-01,4.110282063484191895e-01,5.793202519416809082e-01,6.386938095092773438e-01,3.390317261219024658e-01,3.597685098648071289e-01,2.977113425731658936e-01,5.762795805931091309e-01,1.163719445466995239e-01,2.409700751304626465e-01,3.212588429450988770e-01,4.684241712093353271e-01,-4.098471999168395996e-02,1.069552730768918991e-02,9.298715740442276001e-02,3.468338549137115479e-01,7.794748246669769287e-02,1.443759649991989136e-01,3.550800681114196777e-02,2.441974589601159096e-03,3.546214476227760315e-02,7.933133840560913086e-02,1.927014142274856567e-01,1.586748063564300537e-01,1.247863769531250000e-01,1.033453494310379028e-01,4.746723547577857971e-02,6.107312813401222229e-02,-1.457374840974807739e-01,-1.336933374404907227e-01,-1.821461468935012817e-01,-1.892951279878616333e-01,6.689693778753280640e-02,-1.373422741889953613e-01,1.378563493490219116e-01,2.283831089735031128e-01,3.497827053070068359e-01,1.807909160852432251e-01,1.487564947456121445e-02,-5.975693464279174805e-02,-1.789870262145996094e-01,-2.083794921636581421e-01
4.655229151248931885e-01,3.496113121509552002e-01,5.074457526206970215e-01,3.362166285514831543e-01,5.768004059791564941e-01,4.728411436080932617e-01,6.798059940338134766e-01,4.683425724506378174e-01,6.408560872077941895e-01,3.181675076484680176e-01,8.485648036003112793e-01,4.822943210601806641e-01,1.000000119209289551e+00,5.307250618934631348e-01,5.721325874328613281e-01,3.564497530460357666e-01,7.515754699707031250e-01,4.622289538383483887e-01,2.588943839073181152e-01,2.090184092521667480e-01,4.981007277965545654e-01,4.358645379543304443e-01,5.489159226417541504e-01,5.129246115684509277e-01,4.997404813766479492e-01,5.203694701194763184e-01,4.654844999313354492e-01,3.895785212516784668e-01,5.617986321449279785e-01,3.732755780220031738e-01,6.893491148948669434e-01,5.716270804405212402e-01,5.745215415954589844e-01,5.099840760231018066e-01,6.855850815773010254e-01,6.196824312210083008e-01,3.381248116493225098e-01,4.216422438621520996e-01,1.495367586612701416e-01,1.902322173118591309e-01,1.231750175356864929e-01,2.842590808868408203e-01,3.344253599643707275e-01,3.809801042079925537e-01,4.894473552703857422e-01,4.784192144870758057e-01,2.426799237728118896e-01,2.421705871820449829e-01,4.287554621696472168e-01,3.929707109928131104e-01,4.188702106475830078e-01,3.315554857254028320e-01,1.730293631553649902e-01,1.836395710706710815e-01,1.878441721200942993e-01,8.753879368305206299e-02,4.720315933227539062e-01,3.412133157253265381e-01,2.954694330692291260e-01,1.920389682054519653e-01,5.965388417243957520e-01,3.478175401687622070e-01,7.353256344795227051e-01,4.575949311256408691e-01,5.986819863319396973e-01,4.016366004943847656e-01,4.792907238006591797e-01,4.582705795764923096e-01,1.268086582422256470e-01,1.390033364295959473e-01,6.621012687683105469e-01,6.647284030914306641e-01,6.600847244262695312e-01,4.922822713851928711e-01,6.274933218955993652e-01,3.550392687320709229e-01,6.200605034828186035e-01,5.576104521751403809e-01,5.104328989982604980e-01,3.923202753067016602e-01,5.974229574203491211e-01,4.974982142448425293e-01,2.653315067291259766e-01,3.317775726318359375e-01,4.857962131500244141e-01,4.362417757511138916e-01,-3.524368861690163612e-03,-3.459522128105163574e-02,1.321209222078323364e-01,1.752628237009048462e-01,7.470785826444625854e-02,6.114587560296058655e-02,-5.638184025883674622e-02,-2.152250334620475769e-02,1.058894991874694824e-01,1.319284290075302124e-01,2.597835063934326172e-01,2.209611237049102783e-01,2.071533948183059692e-01,2.104318141937255859e-01,-1.644572615623474121e-01,-1.237705424427986145e-01,-2.204668521881103516e-01,-1.762145012617111206e-01,-2.123820781707763672e-01,-1.160785779356956482e-01,4.464109987020492554e-02,-1.493552327156066895e-01,1.542315930128097534e-01,2.329021692276000977e-01,4.091742634773254395e-01,2.251113057136535645e-01,9.068162739276885986e-02,-5.665856972336769104e-02,-1.234034001827239990e-01,5.001626908779144287e-02
