9.999999403953552246e-01,6.188890337944030762e-01,5.569426417350769043e-01,4.994281232357025146e-01,1.527635101228952408e-02,1.144575178623199463e-01,5.813683271408081055e-01,4.954626560211181641e-01,-9.621839039027690887e-03,5.154976155608892441e-03,4.650552272796630859e-01,4.169636368751525879e-01,4.951902329921722412e-01,3.679562509059906006e-01,8.095715939998626709e-02,-1.030262038111686707e-01,1.686346381902694702e-01,1.851165145635604858e-01,5.799201130867004395e-01,5.866866111755371094e-01,1.226649247109889984e-02,-9.704205207526683807e-03,4.416945278644561768e-01,3.918597996234893799e-01,1.374643445014953613e-01,1.219007372856140137e-01,5.514030158519744873e-02,3.936901688575744629e-02,5.096020922064781189e-02,2.164520509541034698e-02,2.788642942905426025e-01,3.624145388603210449e-01,3.915944397449493408e-01,4.332250952720642090e-01,-4.442441090941429138e-02,-4.482527077198028564e-02,-4.106737673282623291e-02,-1.098444759845733643e-01,1.548548936843872070e-01,-1.550325006246566772e-02,1.312934011220932007e-01,-8.160193450748920441e-03,-1.655264347791671753e-01,1.632192730903625488e-02,-7.207345217466354370e-02,1.248283428139984608e-03,5.016216635704040527e-02,6.083687394857406616e-02,6.102535501122474670e-02,1.060801595449447632e-01,1.485850661993026733e-01,7.148230820894241333e-02,2.762105464935302734e-01,2.087818235158920288e-01,1.276375353336334229e-01,5.147110670804977417e-02,6.945561766624450684e-01,5.949959158897399902e-01,6.245565414428710938e-01,5.660307407379150391e-01,5.665956735610961914e-01,4.616008400917053223e-01,3.494804203510284424e-01,2.765824794769287109e-01,2.302703559398651123e-01,1.937936395406723022e-01,2.394684106111526489e-01,7.998642325401306152e-02,5.397103428840637207e-01,4.778635799884796143e-01,5.052754282951354980e-02,2.437308430671691895e-01,2.342465817928314209e-01,2.103789448738098145e-01,1.050155758857727051e-01,1.865292787551879883e-01,1.385373920202255249e-01,7.347436994314193726e-02,-6.110833957791328430e-02,4.903829097747802734e-02,3.138556778430938721e-01,2.216926813125610352e-01,2.137810587882995605e-01,2.345311492681503296e-01,3.487822413444519043e-01,1.506359875202178955e-01,2.612459659576416016e-01,1.088455915451049805e-01,2.499006539583206177e-01,7.824359089136123657e-02,1.600264906883239746e-01,1.421824544668197632e-01,8.812776952981948853e-02,2.959353029727935791e-01,-1.417443752288818359e-01,2.079241909086704254e-02,-1.487948447465896606e-01,-8.267595618963241577e-02,1.715159714221954346e-01,2.373440563678741455e-01,1.655481010675430298e-01,3.279926776885986328e-01,2.400495707988739014e-01,3.206678330898284912e-01,3.588703274726867676e-02,1.709981411695480347e-01,-3.402189537882804871e-02,2.177625596523284912e-01,5.733594298362731934e-02,-1.896809339523315430e-01,-1.408713459968566895e-01,1.759933233261108398e-01,2.909383475780487061e-01,1.286855638027191162e-01,3.248352557420730591e-02,1.371360123157501221e-01
6.188890337944030762e-01,1.000000238418579102e+00,5.217313170433044434e-01,6.606209278106689453e-01,-4.253236576914787292e-02,2.588651180267333984e-01,4.374881982803344727e-01,6.396642923355102539e-01,-1.516469419002532959e-01,1.199841797351837158e-01,2.277170717716217041e-01,5.765354633331298828e-01,2.851471900939941406e-01,5.247260928153991699e-01,-8.415398746728897095e-02,-1.645005866885185242e-02,1.378105431795120239e-01,4.221850037574768066e-01,5.338680744171142578e-01,6.106647253036499023e-01,1.098476350307464600e-01,1.082849577069282532e-01,4.853580892086029053e-01,5.077188014984130859e-01,1.926318258047103882e-01,2.334209531545639038e-01,1.445297747850418091e-01,1.725360453128814697e-01,4.637039452791213989e-02,1.314948648214340210e-01,3.632720112800598145e-01,4.779206216335296631e-01,3.748327195644378662e-01,4.211421906948089600e-01,-6.973381340503692627e-02,-6.620530784130096436e-02,-2.711478434503078461e-02,-5.413617938756942749e-02,1.865610033273696899e-01,9.227269142866134644e-02,1.664171665906906128e-01,2.161844866350293159e-03,-1.187758743762969971e-01,1.363898813724517822e-01,-3.755131363868713379e-02,8.137708902359008789e-02,1.683105081319808960e-01,2.405426055192947388e-01,1.470474898815155029e-01,2.706539630889892578e-01,2.205441445112228394e-01,3.035853505134582520e-01,2.897779047489166260e-01,3.960383534431457520e-01,1.654818058013916016e-01,1.731454730033874512e-01,6.559873223304748535e-01,8.315441608428955078e-01,6.483992934226989746e-01,7.312257289886474609e-01,5.199358463287353516e-01,6.554535031318664551e-01,2.772331833839416504e-01,5.446069836616516113e-01,1.703620254993438721e-01,3.636550605297088623e-01,3.282838463783264160e-01,2.132910192012786865e-01,6.002140641212463379e-01,5.613496899604797363e-01,4.535866901278495789e-02,2.490245252847671509e-01,1.627987474203109741e-01,1.741652637720108032e-01,5.883136019110679626e-02,2.040735930204391479e-01,1.284147351980209351e-01,8.916730433702468872e-02,-6.493689864873886108e-02,1.865445673465728760e-01,3.608365952968597412e-01,5.101549029350280762e-01,2.476490885019302368e-01,3.478729128837585449e-01,2.967493534088134766e-01,3.848322927951812744e-01,2.739283740520477295e-01,2.678670287132263184e-01,1.129419654607772827e-01,2.923030853271484375e-01,1.024198979139328003e-01,-5.317956954240798950e-02,1.149836629629135132e-01,2.333180159330368042e-01,-9.416469186544418335e-02,3.153989464044570923e-02,-1.363444924354553223e-01,-2.156226895749568939e-02,2.150811254978179932e-01,1.968330144882202148e-01,2.359501570463180542e-01,2.165230363607406616e-01,2.577750384807586670e-01,2.218029946088790894e-01,5.548445507884025574e-02,1.790685206651687622e-01,-9.899759292602539062e-02,1.423885673284530640e-01,1.829605177044868469e-02,-1.361057013273239136e-01,-1.315006315708160400e-01,1.541973501443862915e-01,2.719610631465911865e-01,1.948758028447628021e-02,-3.784359246492385864e-02,2.166585475206375122e-01
5.569426417350769043e-01,5.217313170433044434e-01,1.000000357627868652e+00,6.501283049583435059e-01,-1.511218398809432983e-01,3.920344263315200806e-02,7.561609148979187012e-01,5.782706141471862793e-01,-1.416034847497940063e-01,-1.098824143409729004e-01,2.189090251922607422e-01,3.370451927185058594e-01,3.897290229797363281e-01,2.188639044761657715e-01,-1.947714537382125854e-01,-2.495722621679306030e-01,-1.157041564583778381e-01,2.450804039835929871e-02,4.730652272701263428e-01,4.603517651557922363e-01,8.627093397080898285e-03,-5.104516446590423584e-02,7.188237309455871582e-01,6.084851026535034180e-01,1.403816491365432739e-01,1.769141554832458496e-01,-3.816429525613784790e-02,-3.773768246173858643e-02,-7.955382764339447021e-02,-6.647816300392150879e-02,4.652706682682037354e-01,5.354014635086059570e-01,4.119771420955657959e-01,3.933779597282409668e-01,1.699532121419906616e-01,1.137892752885818481e-01,1.857394166290760040e-02,-9.156662970781326294e-03,5.216768756508827209e-02,-3.088134527206420898e-02,1.075744777917861938e-01,-1.519984602928161621e-01,-1.492635458707809448e-01,-3.133120946586132050e-03,-1.322594434022903442e-01,-7.445409148931503296e-02,3.936148434877395630e-02,3.247415274381637573e-02,-3.992495685815811157e-02,6.554965861141681671e-03,4.104571416974067688e-02,7.228630036115646362e-02,1.101677939295768738e-01,1.583618372678756714e-01,-2.825243771076202393e-02,-7.858579605817794800e-02,4.400604069232940674e-01,4.979558289051055908e-01,4.452587664127349854e-01,4.536471366882324219e-01,3.833155930042266846e-01,4.111858904361724854e-01,1.111818924546241760e-01,1.702825427055358887e-01,4.533942937850952148e-01,4.615862369537353516e-01,2.822749614715576172e-01,1.245924606919288635e-01,3.187338411808013916e-01,3.164255917072296143e-01,1.987454146146774292e-01,2.271118760108947754e-01,3.282412514090538025e-02,-1.822169870138168335e-02,4.175624810159206390e-03,-1.922394707798957825e-02,1.783317029476165771e-01,1.524018943309783936e-01,-1.691050827503204346e-01,1.729303970932960510e-02,1.583143770694732666e-01,1.700314134359359741e-01,2.184833437204360962e-01,1.467750221490859985e-01,3.145857155323028564e-01,2.663629353046417236e-01,2.443379461765289307e-01,6.858729571104049683e-02,1.381579190492630005e-01,6.287784781306982040e-03,7.843627035617828369e-02,2.608841517940163612e-03,3.104581832885742188e-01,4.323175847530364990e-01,-1.452147811651229858e-01,-2.103705145418643951e-02,-1.295020580291748047e-01,-9.341277182102203369e-02,9.589254111051559448e-02,8.398919552564620972e-02,3.567824959754943848e-01,4.046416580677032471e-01,2.301414906978607178e-01,2.304809391498565674e-01,1.194058880209922791e-01,2.248095571994781494e-01,-7.721731811761856079e-02,1.843724399805068970e-01,2.497400343418121338e-02,-1.634158790111541748e-01,-7.368206977844238281e-02,2.609509527683258057e-01,2.641329765319824219e-01,1.251523196697235107e-01,8.933430165052413940e-02,2.341567277908325195e-01
4.994281232357025146e-01,6.606209278106689453e-01,6.501283049583435059e-01,1.000000119209289551e+00,-5.604449659585952759e-02,3.236347436904907227e-01,4.547806382179260254e-01,8.052674531936645508e-01,-1.789636760950088501e-01,2.233792543411254883e-01,1.459200233221054077e-01,6.191606521606445312e-01,2.128920704126358032e-01,5.401568412780761719e-01,-1.605637669563293457e-01,5.648152902722358704e-02,-5.403188243508338928e-02,2.331596016883850098e-01,4.236598610877990723e-01,5.197790265083312988e-01,8.598405122756958008e-02,7.598793506622314453e-02,6.332927346229553223e-01,7.572346329689025879e-01,2.874773144721984863e-01,3.569434583187103271e-01,1.356029063463211060e-01,1.393713951110839844e-01,1.110716722905635834e-02,7.561785727739334106e-02,3.717356324195861816e-01,5.857945680618286133e-01,2.688182890415191650e-01,3.421455025672912598e-01,5.367593839764595032e-02,-8.892979472875595093e-02,-7.486652582883834839e-02,-2.167145311832427979e-01,1.282534301280975342e-01,2.861567772924900055e-02,1.551845520734786987e-01,-7.977745682001113892e-02,-1.304098069667816162e-01,-3.769197687506675720e-02,-8.950389921665191650e-02,-8.719921112060546875e-03,-1.810593093978241086e-04,8.682919666171073914e-03,3.005725098773837090e-03,6.065752357244491577e-02,9.827871620655059814e-02,1.714943498373031616e-01,1.504629999399185181e-01,2.289688438177108765e-01,9.623850346542894840e-04,1.239426434040069580e-02,5.107389688491821289e-01,6.051979660987854004e-01,5.371981263160705566e-01,5.998898148536682129e-01,5.243017673492431641e-01,6.330661177635192871e-01,2.944158911705017090e-01,4.761509597301483154e-01,3.034123778343200684e-01,5.362930297851562500e-01,3.563510477542877197e-01,2.658156156539916992e-01,3.978862464427947998e-01,3.857492804527282715e-01,-8.978170156478881836e-02,1.457784920930862427e-01,7.307857275009155273e-02,-1.292628608644008636e-02,2.034888975322246552e-02,8.037314563989639282e-02,2.289227768778800964e-02,-4.620287567377090454e-02,-2.517032437026500702e-02,1.337635517120361328e-01,3.276640772819519043e-01,4.206429719924926758e-01,2.257217466831207275e-01,3.298141956329345703e-01,3.107262551784515381e-01,4.559212923049926758e-01,3.025636076927185059e-01,2.936920523643493652e-01,1.703101247549057007e-01,3.144294321537017822e-01,1.640668213367462158e-01,-4.364077746868133545e-02,3.615951538085937500e-01,2.534333467483520508e-01,-1.036047339439392090e-01,1.584111899137496948e-01,-1.620898991823196411e-01,-5.518408119678497314e-02,5.984376743435859680e-02,1.900842040777206421e-02,4.088850617408752441e-01,1.989085972309112549e-01,2.766513526439666748e-01,1.362618356943130493e-01,1.233889460563659668e-01,1.546891331672668457e-01,-7.966002449393272400e-03,1.572838425636291504e-01,1.028754003345966339e-02,-9.927085041999816895e-02,-2.110836505889892578e-01,1.959297433495521545e-02,2.542847990989685059e-01,1.035473402589559555e-02,-3.976887464523315430e-02,1.455711722373962402e-01
1.527635101228952408e-02,-4.253236576914787292e-02,-1.511218398809432983e-01,-5.604449659585952759e-02,1.000000119209289551e+00,6.179298162460327148e-01,-1.495905220508575439e-01,-7.651814818382263184e-02,6.524031162261962891e-01,5.953884720802307129e-01,2.796168327331542969e-01,1.546291112899780273e-01,1.543263942003250122e-01,1.095409840345382690e-01,6.430479288101196289e-01,5.814827084541320801e-01,3.464863896369934082e-01,3.077030181884765625e-01,4.660268127918243408e-02,-5.327220633625984192e-02,3.401557207107543945e-01,3.976463973522186279e-01,7.111763954162597656e-02,2.379467710852622986e-02,4.526298642158508301e-01,3.989070653915405273e-01,4.999319016933441162e-01,5.091857314109802246e-01,1.292643249034881592e-01,1.946972459554672241e-01,9.001541882753372192e-02,6.633275747299194336e-02,7.788763940334320068e-02,5.777594819664955139e-02,2.324402630329132080e-01,9.407266974449157715e-03,1.765301078557968140e-01,1.217426359653472900e-01,1.646240204572677612e-01,1.553625464439392090e-01,1.196065098047256470e-01,2.197333276271820068e-01,3.098068237304687500e-01,8.708267658948898315e-02,2.673694789409637451e-01,1.343379914760589600e-01,2.654597163200378418e-02,1.281924638897180557e-02,1.099426299333572388e-01,-5.811013653874397278e-02,7.575845718383789062e-02,3.354387357831001282e-02,7.617753744125366211e-02,4.117738828063011169e-02,2.551797330379486084e-01,1.087473109364509583e-01,1.777678728103637695e-01,1.885844580829143524e-02,-1.909953728318214417e-02,-1.729777455329895020e-01,2.174444645643234253e-01,-2.988733723759651184e-02,3.467227518558502197e-01,1.431953012943267822e-01,1.926542222499847412e-01,1.770355179905891418e-02,2.561174929141998291e-01,1.014967411756515503e-01,2.169885188341140747e-01,1.517569571733474731e-01,1.818610541522502899e-02,3.780410811305046082e-02,3.012715876102447510e-01,1.326254904270172119e-01,2.963914871215820312e-01,2.788536250591278076e-01,1.095912754535675049e-01,2.168143726885318756e-02,1.861627250909805298e-01,6.433928012847900391e-02,1.514480710029602051e-01,2.536887228488922119e-01,-6.730985641479492188e-02,1.176205947995185852e-01,3.974216878414154053e-01,3.031379282474517822e-01,2.969471812248229980e-01,3.684606552124023438e-01,4.652818143367767334e-01,2.910856902599334717e-01,3.236275017261505127e-01,3.830564618110656738e-01,1.843338906764984131e-01,1.552469879388809204e-01,8.716232143342494965e-03,-4.876857250928878784e-02,5.735853314399719238e-02,3.272188827395439148e-02,9.698873758316040039e-02,1.055661588907241821e-02,-1.661084294319152832e-01,-2.030993252992630005e-02,-4.212833195924758911e-02,-5.333056673407554626e-03,-1.017546653747558594e-01,6.278489530086517334e-02,-1.982957497239112854e-02,2.081223763525485992e-02,6.379581242799758911e-02,-7.538241893053054810e-02,3.591421246528625488e-02,-4.538445733487606049e-03,2.864850871264934540e-02,9.633679687976837158e-02,-7.220959756523370743e-03,-1.611635535955429077e-01
1.144575178623199463e-01,2.588651180267333984e-01,3.920344263315200806e-02,3.236347436904907227e-01,6.179298162460327148e-01,1.000000476837158203e+00,-7.261866331100463867e-02,2.730960249900817871e-01,3.817260563373565674e-01,7.267384529113769531e-01,2.604436874389648438e-01,3.916465640068054199e-01,1.548456996679306030e-01,3.159187436103820801e-01,3.815349340438842773e-01,5.334149599075317383e-01,2.649157345294952393e-01,3.479292690753936768e-01,1.171453520655632019e-01,7.245661318302154541e-02,3.669017851352691650e-01,4.153529405593872070e-01,2.457188516855239868e-01,3.019655942916870117e-01,5.281900763511657715e-01,5.372069478034973145e-01,5.934219956398010254e-01,6.370617151260375977e-01,1.259849816560745239e-01,2.134530842304229736e-01,1.041278913617134094e-01,2.018393725156784058e-01,6.314376741647720337e-02,5.373117700219154358e-02,1.002318859100341797e-01,-1.425072997808456421e-01,4.031264036893844604e-02,-7.951138168573379517e-02,2.468303442001342773e-01,1.499870717525482178e-01,1.994165331125259399e-01,8.924556523561477661e-02,1.633832901716232300e-01,-5.983136594295501709e-02,1.468434333801269531e-01,3.028755262494087219e-02,-1.237053220393136144e-04,-1.244725077413022518e-03,7.746933400630950928e-02,-1.667172461748123169e-02,6.432511657476425171e-02,1.499570906162261963e-01,4.916505143046379089e-02,1.449095606803894043e-01,1.383996605873107910e-01,3.497938439249992371e-02,3.667940795421600342e-01,3.074736595153808594e-01,1.840775310993194580e-01,1.065593138337135315e-01,4.140435159206390381e-01,2.949360907077789307e-01,3.343893587589263916e-01,3.491293191909790039e-01,2.445310801267623901e-01,2.961923480033874512e-01,2.842970490455627441e-01,1.052486747503280640e-01,3.335022926330566406e-01,2.501817941665649414e-01,-1.458458453416824341e-01,2.752521261572837830e-02,2.496469169855117798e-01,6.395815405994653702e-03,1.989398449659347534e-01,2.723309397697448730e-01,-1.198098342865705490e-02,-1.276300549507141113e-01,1.716350466012954712e-01,1.437579989433288574e-01,2.966690659523010254e-01,4.934838116168975830e-01,4.374966770410537720e-02,2.771618962287902832e-01,4.197198450565338135e-01,4.824440777301788330e-01,3.512019515037536621e-01,4.875556230545043945e-01,3.861746788024902344e-01,4.606343507766723633e-01,2.924320101737976074e-01,2.281122654676437378e-01,2.820013463497161865e-01,1.870241910219192505e-01,-2.840297296643257141e-02,5.886627361178398132e-02,-7.246499508619308472e-02,-4.294265806674957275e-02,-2.172571606934070587e-02,-1.208297759294509888e-01,-3.274025395512580872e-02,1.622547209262847900e-02,-5.539923533797264099e-02,-8.585438132286071777e-02,-1.132341474294662476e-01,-1.052510458976030350e-02,-6.019663438200950623e-02,1.221748348325490952e-02,7.502143830060958862e-02,-6.690032780170440674e-02,-1.615720987319946289e-01,-1.523800045251846313e-01,2.923475578427314758e-02,-5.846039205789566040e-02,-1.136208921670913696e-01,-2.422956563532352448e-02
5.813683271408081055e-01,4.374881982803344727e-01,7.561609148979187012e-01,4.547806382179260254e-01,-1.495905220508575439e-01,-7.261866331100463867e-02,1.000000119209289551e+00,4.649133682250976562e-01,-3.652471303939819336e-02,-2.255243360996246338e-01,3.786093890666961670e-01,2.990706861019134521e-01,5.837332606315612793e-01,1.840906590223312378e-01,-8.778157830238342285e-02,-2.914771735668182373e-01,1.643020473420619965e-02,5.094686523079872131e-02,4.521630406379699707e-01,4.182821512222290039e-01,-3.163995593786239624e-02,-5.074930936098098755e-02,5.311199426651000977e-01,4.370723068714141846e-01,4.140869528055191040e-02,8.875565975904464722e-02,-1.113496795296669006e-01,-8.490858972072601318e-02,-1.316271629184484482e-02,-2.584183961153030396e-02,4.044569730758666992e-01,4.249247908592224121e-01,4.206306040287017822e-01,4.216132462024688721e-01,1.501389443874359131e-01,1.895381361246109009e-01,5.191074684262275696e-02,9.697136282920837402e-02,1.793973892927169800e-02,-9.310774505138397217e-03,1.245938539505004883e-01,-9.783972799777984619e-02,-1.485752612352371216e-01,2.393789403140544891e-02,-1.029169633984565735e-01,-4.973385855555534363e-02,7.521317154169082642e-02,9.575738757848739624e-02,-3.474310413002967834e-02,3.039298020303249359e-02,2.005798742175102234e-02,9.873276948928833008e-02,1.030347198247909546e-01,1.187391951680183411e-01,3.385014086961746216e-02,-4.866240546107292175e-02,3.488832116127014160e-01,4.066329598426818848e-01,4.302394986152648926e-01,4.113303124904632568e-01,3.560014665126800537e-01,3.520214557647705078e-01,1.149691566824913025e-01,1.220243424177169800e-01,4.116127192974090576e-01,3.566372096538543701e-01,2.850117981433868408e-01,1.638032943010330200e-01,2.623981237411499023e-01,2.695777714252471924e-01,2.819154560565948486e-01,2.365622371435165405e-01,1.166875213384628296e-01,1.024468839168548584e-01,7.559776306152343750e-02,2.529465220868587494e-02,2.230790704488754272e-01,2.373729795217514038e-01,-1.672195047140121460e-01,-7.870606146752834320e-03,1.424922496080398560e-01,8.040840923786163330e-02,2.080114036798477173e-01,1.052641868591308594e-01,3.011228442192077637e-01,1.954372972249984741e-01,1.460458785295486450e-01,-3.404695913195610046e-02,1.268769204616546631e-01,-8.650944381952285767e-02,6.647442281246185303e-02,3.568977117538452148e-02,1.982679069042205811e-01,3.468410670757293701e-01,-1.194486543536186218e-01,-5.152513831853866577e-02,-5.104345455765724182e-02,-3.358213603496551514e-02,1.566559523344039917e-01,1.922682672739028931e-01,2.896204292774200439e-01,4.241619110107421875e-01,2.213408797979354858e-01,3.604052960872650146e-01,1.006581112742424011e-01,2.536641955375671387e-01,-6.829286366701126099e-02,1.741363257169723511e-01,5.629897117614746094e-02,-1.654925197362899780e-01,2.924599498510360718e-02,2.857846021652221680e-01,1.920258700847625732e-01,1.609216034412384033e-01,1.296093761920928955e-01,2.070894986391067505e-01
4.954626560211181641e-01,6.396642923355102539e-01,5.782706141471862793e-01,8.052674531936645508e-01,-7.651814818382263184e-02,2.730960249900817871e-01,4.649133682250976562e-01,1.000000119209289551e+00,-1.862005442380905151e-01,1.533922255039215088e-01,2.416948229074478149e-01,6.723783612251281738e-01,2.751013934612274170e-01,6.538160443305969238e-01,-1.549144387245178223e-01,3.617906477302312851e-03,5.006415024399757385e-02,2.845280766487121582e-01,4.202256798744201660e-01,4.809546172618865967e-01,1.070604622364044189e-01,8.405987173318862915e-02,5.309642553329467773e-01,6.933187246322631836e-01,3.140166997909545898e-01,3.706952929496765137e-01,1.722581982612609863e-01,1.485646814107894897e-01,7.280223071575164795e-02,1.329300552606582642e-01,3.132041692733764648e-01,5.224600434303283691e-01,2.532886862754821777e-01,3.567462861537933350e-01,8.283678442239761353e-03,-1.106434762477874756e-01,-7.175939623266458511e-03,-1.396427154541015625e-01,1.246946156024932861e-01,6.850368529558181763e-02,2.227052748203277588e-01,-5.570113286375999451e-02,-1.340569555759429932e-01,-3.408914059400558472e-02,-5.188680067658424377e-02,4.320143163204193115e-02,-2.741337195038795471e-02,5.736145377159118652e-02,-2.507315576076507568e-02,8.399824053049087524e-02,4.821055755019187927e-02,1.967997401952743530e-01,1.104465350508689880e-01,2.027854770421981812e-01,2.269895188510417938e-02,-1.162423379719257355e-02,4.658880829811096191e-01,5.733962655067443848e-01,5.194752216339111328e-01,5.846360921859741211e-01,4.975312352180480957e-01,6.133832335472106934e-01,3.019492030143737793e-01,4.822462797164916992e-01,2.614343762397766113e-01,5.000163316726684570e-01,2.711704969406127930e-01,2.317743748426437378e-01,3.721162676811218262e-01,3.883464634418487549e-01,-5.195722728967666626e-02,1.310184448957443237e-01,1.854257732629776001e-01,1.033774092793464661e-01,4.094339534640312195e-02,9.167416393756866455e-02,3.757175430655479431e-02,1.277918927371501923e-02,-1.690081506967544556e-02,1.545636206865310669e-01,3.239003121852874756e-01,4.381985962390899658e-01,2.581007480621337891e-01,3.548970222473144531e-01,2.867106497287750244e-01,4.566473960876464844e-01,2.143197804689407349e-01,2.129471600055694580e-01,1.409263610839843750e-01,2.377373129129409790e-01,1.209865212440490723e-01,-2.864156663417816162e-02,2.509648501873016357e-01,1.668690741062164307e-01,-7.942741364240646362e-02,1.110112518072128296e-01,-1.029179021716117859e-01,8.298332104459404945e-04,5.558945611119270325e-02,6.003692001104354858e-02,3.505383133888244629e-01,2.143254131078720093e-01,2.530159354209899902e-01,2.073965668678283691e-01,1.016582101583480835e-01,1.254342645406723022e-01,-6.010713055729866028e-02,1.336179524660110474e-01,1.047428976744413376e-02,-1.253356784582138062e-01,-1.495159268379211426e-01,8.774228394031524658e-03,1.891117691993713379e-01,1.580994017422199249e-02,-7.713913172483444214e-02,1.124730333685874939e-01
-9.621839039027690887e-03,-1.516469419002532959e-01,-1.416034847497940063e-01,-1.789636760950088501e-01,6.524031162261962891e-01,3.817260563373565674e-01,-3.652471303939819336e-02,-1.862005442380905151e-01,1.000000119209289551e+00,4.470409154891967773e-01,2.834217548370361328e-01,7.979517430067062378e-02,2.208024263381958008e-01,-5.710017401725053787e-03,6.696689128875732422e-01,4.627366065979003906e-01,3.651080429553985596e-01,2.481929361820220947e-01,1.828769966959953308e-02,-6.241166219115257263e-02,1.534884423017501831e-01,2.433253228664398193e-01,-2.800053171813488007e-02,-1.166712939739227295e-01,2.826905846595764160e-01,1.909109801054000854e-01,2.287546396255493164e-01,2.601282298564910889e-01,1.244264841079711914e-01,1.442867368459701538e-01,-1.456750836223363876e-02,-8.445116132497787476e-02,4.540302604436874390e-02,-8.658293634653091431e-03,2.534807324409484863e-01,5.625969916582107544e-02,2.031016200780868530e-01,1.655634194612503052e-01,8.253817260265350342e-02,1.504794657230377197e-01,1.905404031276702881e-02,1.167676001787185669e-01,2.206695377826690674e-01,5.987490341067314148e-02,1.804722100496292114e-01,8.326385915279388428e-02,1.010055541992187500e-01,5.079074203968048096e-02,1.364173293113708496e-01,-6.440872093662619591e-04,1.335921585559844971e-01,2.889911085367202759e-02,8.530508726835250854e-02,-9.159371256828308105e-02,2.375378757715225220e-01,1.402849704027175903e-01,6.528136879205703735e-02,-9.191390872001647949e-02,1.786745898425579071e-02,-1.546093225479125977e-01,2.129021883010864258e-01,-6.272967904806137085e-02,3.649930953979492188e-01,3.560892865061759949e-02,2.642661631107330322e-01,1.096808444708585739e-02,2.522521913051605225e-01,1.228216961026191711e-01,1.133979186415672302e-01,5.291774496436119080e-02,1.216834690421819687e-02,6.030417978763580322e-02,2.592549026012420654e-01,1.754771173000335693e-01,2.334957420825958252e-01,1.430620402097702026e-01,1.105510294437408447e-01,4.201809316873550415e-02,1.862999498844146729e-01,6.787762977182865143e-03,1.161770075559616089e-01,1.386941075325012207e-01,-6.481491774320602417e-02,3.142758831381797791e-02,4.236739873886108398e-01,1.687522828578948975e-01,2.281274050474166870e-01,2.172381430864334106e-01,4.455744326114654541e-01,1.594271808862686157e-01,2.609367072582244873e-01,3.666178286075592041e-01,2.293121516704559326e-01,1.989064961671829224e-01,2.184532582759857178e-02,-3.300647810101509094e-02,1.154679507017135620e-01,9.081829339265823364e-02,1.742154061794281006e-01,1.069702357053756714e-01,-6.697171181440353394e-02,8.689125627279281616e-02,-3.628724813461303711e-02,6.541821360588073730e-02,-2.435113117098808289e-02,1.434562057256698608e-01,-5.110432207584381104e-02,1.171509083360433578e-02,8.616424351930618286e-02,-4.582341760396957397e-02,1.300978362560272217e-01,9.492173790931701660e-02,6.074921041727066040e-02,1.184714734554290771e-01,8.482082746922969818e-03,-1.276744008064270020e-01
5.154976155608892441e-03,1.199841797351837158e-01,-1.098824143409729004e-01,2.233792543411254883e-01,5.953884720802307129e-01,7.267384529113769531e-01,-2.255243360996246338e-01,1.533922255039215088e-01,4.470409154891967773e-01,1.000000476837158203e+00,1.215310618281364441e-01,3.507914543151855469e-01,-9.101831354200839996e-03,2.904228866100311279e-01,4.112533926963806152e-01,6.340841650962829590e-01,1.664496958255767822e-01,3.074675202369689941e-01,1.290042139589786530e-02,4.759863764047622681e-02,2.072907984256744385e-01,2.952115237712860107e-01,7.443647831678390503e-02,1.462826728820800781e-01,3.084945082664489746e-01,2.963388562202453613e-01,3.543185889720916748e-01,4.081416726112365723e-01,6.117927376180887222e-03,9.263765066862106323e-02,9.147845208644866943e-03,5.834515765309333801e-02,2.935826219618320465e-02,-3.578780218958854675e-03,9.444198757410049438e-02,-1.315234452486038208e-01,-9.475229680538177490e-02,-1.903465390205383301e-01,1.470096856355667114e-01,6.165011227130889893e-02,1.682344265282154083e-02,7.832580804824829102e-02,8.321760594844818115e-02,-5.204550921916961670e-02,9.244302660226821899e-02,1.352807879447937012e-02,-9.622466564178466797e-02,-1.050804108381271362e-01,4.211777076125144958e-02,-9.114281088113784790e-02,5.964591354131698608e-02,-7.021388504654169083e-03,7.198844105005264282e-02,6.722084432840347290e-02,9.980159997940063477e-02,9.324124455451965332e-02,2.164261341094970703e-01,1.621485799551010132e-01,1.130345389246940613e-01,5.462941154837608337e-02,3.981120586395263672e-01,2.841780185699462891e-01,3.876338899135589600e-01,3.565343916416168213e-01,1.022657230496406555e-01,1.971525102853775024e-01,2.649627923965454102e-01,1.547242999076843262e-01,1.984193176031112671e-01,1.241187006235122681e-01,-1.819609552621841431e-01,5.522253736853599548e-02,2.304554730653762817e-01,4.902586713433265686e-02,2.385642081499099731e-01,2.355073690414428711e-01,-3.235808014869689941e-02,-1.938999444246292114e-01,1.142669543623924255e-01,-4.520142450928688049e-03,1.542921662330627441e-01,3.566574454307556152e-01,-1.291511654853820801e-01,1.515234708786010742e-01,2.780870795249938965e-01,3.200732767581939697e-01,3.056662082672119141e-01,4.234298169612884521e-01,4.465989768505096436e-01,4.956466555595397949e-01,3.239394128322601318e-01,2.243517488241195679e-01,3.229476809501647949e-01,1.608815491199493408e-01,-9.679881483316421509e-02,6.129487231373786926e-02,-1.401937454938888550e-01,-9.787945449352264404e-02,-1.765183545649051666e-02,-1.289641857147216797e-01,4.441296309232711792e-02,-2.571028843522071838e-02,3.002995438873767853e-02,-8.996756374835968018e-02,-5.324067920446395874e-02,2.906090393662452698e-02,1.291614621877670288e-01,8.669333159923553467e-02,-3.691081330180168152e-02,-1.062622740864753723e-01,-2.127352058887481689e-01,-1.656180769205093384e-01,9.487846493721008301e-02,-5.872531607747077942e-02,-1.332445740699768066e-01,-8.520288020372390747e-02
4.650552272796630859e-01,2.277170717716217041e-01,2.189090251922607422e-01,1.459200233221054077e-01,2.796168327331542969e-01,2.604436874389648438e-01,3.786093890666961670e-01,2.416948229074478149e-01,2.834217548370361328e-01,1.215310618281364441e-01,9.999997019767761230e-01,3.325610160827636719e-01,7.191135287284851074e-01,3.371749520301818848e-01,3.768093287944793701e-01,7.772818207740783691e-02,4.891805052757263184e-01,2.531143724918365479e-01,3.435815870761871338e-01,2.174191623926162720e-01,2.544634044170379639e-01,1.809758245944976807e-01,1.731842160224914551e-01,1.375761181116104126e-01,3.345863521099090576e-01,2.759215533733367920e-01,2.658286392688751221e-01,2.540817558765411377e-01,3.481543064117431641e-01,2.803632318973541260e-01,1.946993172168731689e-01,1.422189623117446899e-01,2.475235462188720703e-01,2.264315187931060791e-01,2.476359717547893524e-02,-2.133436873555183411e-02,2.220293879508972168e-01,9.049004316329956055e-02,1.887944340705871582e-01,1.783699244260787964e-01,2.234551906585693359e-01,1.388270556926727295e-01,1.749140173196792603e-01,4.554624482989311218e-02,2.057499140501022339e-01,8.285651355981826782e-02,1.069677621126174927e-01,1.225214228034019470e-01,9.520111232995986938e-02,3.517529740929603577e-02,5.637435615062713623e-02,5.697068199515342712e-02,1.184320151805877686e-01,8.533750474452972412e-02,2.154893577098846436e-01,4.573850892484188080e-03,3.518016338348388672e-01,2.481344491243362427e-01,2.983373701572418213e-01,1.455500125885009766e-01,4.606157839298248291e-01,1.805081367492675781e-01,3.670190572738647461e-01,1.898129284381866455e-01,2.091397941112518311e-01,5.411753803491592407e-02,2.145218402147293091e-01,-7.022610865533351898e-03,2.888368666172027588e-01,2.656280696392059326e-01,8.775603771209716797e-02,1.874386072158813477e-01,3.791304826736450195e-01,2.530205249786376953e-01,2.496463656425476074e-01,2.305284142494201660e-01,1.836676448583602905e-01,1.389795094728469849e-01,1.449693590402603149e-01,1.189172118902206421e-01,3.267968595027923584e-01,2.371598929166793823e-01,1.567295342683792114e-01,2.193940430879592896e-01,3.272657990455627441e-01,1.302116513252258301e-01,9.983965754508972168e-02,5.999710783362388611e-02,3.176739811897277832e-01,-2.436666283756494522e-03,9.967849403619766235e-02,2.305398881435394287e-01,-4.806737974286079407e-02,1.053308397531509399e-01,7.897110283374786377e-02,5.404742434620857239e-02,1.088925972580909729e-01,3.118777833878993988e-02,1.358023732900619507e-01,1.576358377933502197e-01,-1.166874766349792480e-01,1.971246153116226196e-01,2.636631578207015991e-02,2.813733220100402832e-01,-1.820408739149570465e-02,1.431832164525985718e-01,-7.317428290843963623e-02,1.893720589578151703e-02,7.073951512575149536e-02,2.334655821323394775e-02,7.292151451110839844e-02,8.299107104539871216e-02,1.270625591278076172e-01,1.839408129453659058e-01,2.912904322147369385e-02,7.958333939313888550e-02
4.169636368751525879e-01,5.765354633331298828e-01,3.370451927185058594e-01,6.191606521606445312e-01,1.546291112899780273e-01,3.916465640068054199e-01,2.990706861019134521e-01,6.723783612251281738e-01,7.979517430067062378e-02,3.507914543151855469e-01,3.325610160827636719e-01,9.999999403953552246e-01,3.300653100013732910e-01,7.275649309158325195e-01,9.492588043212890625e-02,2.832168340682983398e-01,2.424493879079818726e-01,4.975607097148895264e-01,3.807147443294525146e-01,4.929519593715667725e-01,1.354015171527862549e-01,2.094895690679550171e-01,3.803000450134277344e-01,5.136065483093261719e-01,3.222129046916961670e-01,3.499967455863952637e-01,1.784522682428359985e-01,1.960952132940292358e-01,1.406982243061065674e-01,2.033981531858444214e-01,3.456791043281555176e-01,4.398443996906280518e-01,3.581163287162780762e-01,4.455376267433166504e-01,6.215850263833999634e-02,-4.528249427676200867e-02,7.565288245677947998e-02,-1.453336607664823532e-02,1.817877739667892456e-01,1.873744726181030273e-01,1.499920040369033813e-01,7.176962494850158691e-02,-9.869620949029922485e-02,6.108189001679420471e-02,-1.743285357952117920e-02,9.863699972629547119e-02,3.299450129270553589e-02,1.237276121973991394e-01,4.053443670272827148e-02,1.261031925678253174e-01,1.223862245678901672e-01,2.267563790082931519e-01,1.347933560609817505e-01,2.250510901212692261e-01,1.537239402532577515e-01,1.498380899429321289e-01,4.209775030612945557e-01,5.481957793235778809e-01,4.648399055004119873e-01,5.208104252815246582e-01,5.494189858436584473e-01,6.582173705101013184e-01,4.199618995189666748e-01,6.092483401298522949e-01,2.397622019052505493e-01,4.531931579113006592e-01,3.559841513633728027e-01,3.179881274700164795e-01,3.871039152145385742e-01,4.214319288730621338e-01,1.937193237245082855e-02,2.395924329757690430e-01,3.217823803424835205e-01,2.610051631927490234e-01,1.358946263790130615e-01,2.090965360403060913e-01,1.542994230985641479e-01,1.179647594690322876e-01,4.536117240786552429e-02,1.151446923613548279e-01,3.072318136692047119e-01,4.801993072032928467e-01,1.441023945808410645e-01,3.154509067535400391e-01,3.420781195163726807e-01,4.928859472274780273e-01,2.784491777420043945e-01,3.272968232631683350e-01,2.671378254890441895e-01,4.339983463287353516e-01,1.945710331201553345e-01,5.529649928212165833e-02,2.421659082174301147e-01,1.327037811279296875e-01,-8.747275918722152710e-02,9.560131281614303589e-02,-7.718006521463394165e-02,-1.238797674886882305e-03,1.163019612431526184e-01,9.130080044269561768e-02,2.818400263786315918e-01,1.414093077182769775e-01,2.432831972837448120e-01,2.251566350460052490e-01,2.069424241781234741e-01,2.923850119113922119e-01,2.608600445091724396e-02,1.583401411771774292e-01,-4.376947507262229919e-02,-1.350087076425552368e-01,-7.493481040000915527e-02,3.741982206702232361e-02,2.863582372665405273e-01,1.168959811329841614e-01,-4.012014716863632202e-02,1.078009679913520813e-01
4.951902329921722412e-01,2.851471900939941406e-01,3.897290229797363281e-01,2.128920704126358032e-01,1.543263942003250122e-01,1.548456996679306030e-01,5.837332606315612793e-01,2.751013934612274170e-01,2.208024263381958008e-01,-9.101831354200839996e-03,7.191135287284851074e-01,3.300653100013732910e-01,9.999995827674865723e-01,2.659886777400970459e-01,2.807585895061492920e-01,-7.969064265489578247e-02,3.657418787479400635e-01,2.303198575973510742e-01,3.304980695247650146e-01,2.561594545841217041e-01,1.369327604770660400e-01,1.139841601252555847e-01,2.564676702022552490e-01,1.897579729557037354e-01,1.822996139526367188e-01,2.072499692440032959e-01,1.313788592815399170e-01,1.673677861690521240e-01,2.484862357378005981e-01,1.726884990930557251e-01,2.867134213447570801e-01,2.422673404216766357e-01,3.556779623031616211e-01,3.303247392177581787e-01,4.615271091461181641e-02,5.973027646541595459e-02,2.120129913091659546e-01,1.568592041730880737e-01,1.080808565020561218e-01,1.231661960482597351e-01,1.936659663915634155e-01,1.068454086780548096e-01,1.025130674242973328e-01,4.489295557141304016e-02,1.306142061948776245e-01,4.545195400714874268e-02,1.142268776893615723e-01,9.968176484107971191e-02,8.785079419612884521e-02,5.249094963073730469e-02,3.420199453830718994e-02,8.491928130388259888e-02,1.085395738482475281e-01,7.872042059898376465e-02,1.758378744125366211e-01,-2.283154428005218506e-02,3.060759603977203369e-01,2.938658297061920166e-01,3.330969810485839844e-01,2.482629418373107910e-01,4.491922557353973389e-01,2.453231513500213623e-01,2.941952645778656006e-01,1.770231276750564575e-01,2.690047919750213623e-01,1.651832610368728638e-01,2.879541814327239990e-01,8.041209727525711060e-02,2.594940364360809326e-01,2.635948359966278076e-01,2.544674277305603027e-01,2.866532206535339355e-01,3.707462847232818604e-01,2.147780507802963257e-01,2.259285897016525269e-01,2.161404788494110107e-01,2.650971710681915283e-01,2.350867837667465210e-01,4.092404246330261230e-02,8.774286508560180664e-02,2.780972123146057129e-01,1.805896311998367310e-01,1.984488964080810547e-01,1.819105148315429688e-01,3.100621402263641357e-01,1.319211572408676147e-01,1.246368214488029480e-01,6.310129165649414062e-02,2.723743319511413574e-01,-4.289744421839714050e-02,3.897605091333389282e-02,1.257603913545608521e-01,1.912465505301952362e-02,1.478199511766433716e-01,-1.133366208523511887e-02,-1.288471627049148083e-03,6.508139520883560181e-02,1.483638538047671318e-03,1.607109904289245605e-01,1.731074154376983643e-01,2.205403521656990051e-02,2.632938027381896973e-01,8.794728666543960571e-02,3.386765122413635254e-01,6.599177420139312744e-02,2.086173444986343384e-01,-7.990439981222152710e-02,9.374710172414779663e-02,7.824916392564773560e-02,-5.640821531414985657e-02,9.810013324022293091e-02,1.623215228319168091e-01,1.099333465099334717e-01,1.744943410158157349e-01,6.757183372974395752e-02,1.210048645734786987e-01
