9.999999403953552246e-01,3.819619417190551758e-01,3.385357260704040527e-01,3.038475811481475830e-01,1.261873096227645874e-01,2.501774430274963379e-01,2.839621305465698242e-01,1.902842074632644653e-01,6.082653626799583435e-02,7.792629301548004150e-02,4.890846312046051025e-01,2.868183255195617676e-01,3.111428916454315186e-01,1.003657579421997070e-01,2.051360905170440674e-01,1.871833801269531250e-01,1.325546205043792725e-01,2.221943251788616180e-02,5.847648978233337402e-01,3.608199357986450195e-01,3.102204762399196625e-02,2.013332545757293701e-01,-6.358224432915449142e-03,7.493606954813003540e-02,-6.477120518684387207e-02,1.311912201344966888e-02,1.741918921470642090e-01,2.135890275239944458e-01,7.930175960063934326e-02,-7.178380340337753296e-02,-2.524963580071926117e-02,6.494327634572982788e-02,2.518998682498931885e-01,2.258356213569641113e-01,1.776285618543624878e-01,1.180668696761131287e-01,-2.757413126528263092e-02,-1.751839220523834229e-01,2.040168642997741699e-01,-9.046628326177597046e-02,-1.619403436779975891e-02,-8.068281412124633789e-02,-8.783283829689025879e-02,-1.504621654748916626e-02,3.522806242108345032e-02,-7.087448984384536743e-02,-6.803326774388551712e-03,-1.017621010541915894e-01,2.684240937232971191e-01,3.341687098145484924e-02,3.162027895450592041e-01,8.511727303266525269e-02,-1.946974918246269226e-02,-1.204349100589752197e-01,2.852139994502067566e-02,-7.475883513689041138e-02,4.452475011348724365e-01,2.787308990955352783e-01,4.073334336280822754e-01,4.209694266319274902e-01,4.112590253353118896e-01,4.355474710464477539e-01,2.312500625848770142e-01,1.250146776437759399e-01,2.526658475399017334e-01,3.020208775997161865e-01,2.949965000152587891e-01,-1.826510950922966003e-02,2.710526585578918457e-01,2.287962287664413452e-02,-1.309017241001129150e-01,-1.198735609650611877e-01,1.072833463549613953e-01,9.780293703079223633e-02,3.124458901584148407e-02,1.174492165446281433e-01,7.312522083520889282e-02,1.982070803642272949e-01,1.241444498300552368e-01,-1.139593496918678284e-02,-7.199787348508834839e-02,-1.016026809811592102e-01,-3.671632707118988037e-02,-1.242585107684135437e-01,1.880301535129547119e-01,-2.200897969305515289e-02,4.068026691675186157e-02,-8.004934340715408325e-02,-1.174354106187820435e-01,-1.255324184894561768e-01,-4.902415573596954346e-01,-3.656504154205322266e-01,-3.509701192378997803e-01,-3.461590707302093506e-01,-3.027341067790985107e-01,-1.925441920757293701e-01,-5.793036893010139465e-02,-8.081772178411483765e-02,1.953620463609695435e-02,-2.463220655918121338e-01,-1.336792260408401489e-01,-6.782526522874832153e-02,-2.382099395617842674e-03,-1.178200170397758484e-01,1.136187538504600525e-01,2.117263525724411011e-02,-1.878443360328674316e-01,-1.854897886514663696e-01,-1.362178474664688110e-01,-3.323112726211547852e-01,-1.807026565074920654e-01,-2.355833053588867188e-01,-1.224900782108306885e-01,-2.434033341705799103e-02,7.584261149168014526e-02,1.209976449608802795e-01
3.819619417190551758e-01,9.999995231628417969e-01,-2.520809173583984375e-01,1.753339469432830811e-01,-1.529126018285751343e-01,1.324097216129302979e-01,1.184209510684013367e-01,5.147498846054077148e-01,-1.010149866342544556e-01,5.407822132110595703e-02,2.732212245464324951e-01,5.973796248435974121e-01,2.601239681243896484e-01,4.129889905452728271e-01,-7.579351961612701416e-02,-1.089948602020740509e-02,1.330138146877288818e-01,2.959073781967163086e-01,1.512461900711059570e-01,3.218036890029907227e-01,-3.137737140059471130e-02,-2.391893602907657623e-02,-3.308340013027191162e-01,-9.082989394664764404e-02,-3.138907551765441895e-01,-2.072375416755676270e-01,-1.657361090183258057e-01,-1.604217439889907837e-01,1.868727207183837891e-01,1.208503022789955139e-01,-1.127117574214935303e-01,-3.111356310546398163e-02,2.323171645402908325e-01,1.998745203018188477e-01,-9.394167922437191010e-03,9.207571297883987427e-02,1.375031620264053345e-01,-1.789459586143493652e-02,1.364783346652984619e-01,-1.314623747020959854e-02,2.396837435662746429e-02,-4.915821179747581482e-02,8.797284215688705444e-02,2.548155486583709717e-01,1.822938621044158936e-01,4.082343280315399170e-01,1.775547862052917480e-01,1.353646516799926758e-01,5.026875734329223633e-01,4.884775280952453613e-01,1.979810893535614014e-01,2.745035886764526367e-01,1.117376014590263367e-01,7.349603623151779175e-02,3.001064807176589966e-02,5.520475283265113831e-02,5.010638236999511719e-01,4.515786767005920410e-01,5.739292502403259277e-01,6.011353135108947754e-01,4.383266568183898926e-01,4.739935398101806641e-01,4.410009384155273438e-01,4.485759139060974121e-01,1.946029514074325562e-01,4.077158570289611816e-01,4.280758202075958252e-01,4.404978752136230469e-01,4.321289956569671631e-01,2.973416745662689209e-01,2.874770760536193848e-02,5.733502656221389771e-02,1.527860760688781738e-01,1.769606471061706543e-01,6.685870885848999023e-02,8.109292387962341309e-02,1.046951338648796082e-01,1.905592530965805054e-01,2.877958118915557861e-01,1.764961332082748413e-01,1.860678046941757202e-01,1.594332307577133179e-01,-5.808924511075019836e-02,-4.672157764434814453e-02,2.814568765461444855e-02,-5.972056183964014053e-03,6.923147942870855331e-03,-1.000461727380752563e-02,-1.185948997735977173e-01,3.681397810578346252e-02,-2.045278698205947876e-01,-5.224029719829559326e-02,-2.601159811019897461e-01,-3.006612062454223633e-01,-1.372574865818023682e-01,-7.541599869728088379e-02,4.138956964015960693e-02,1.107461228966712952e-01,1.972026973962783813e-01,9.529811888933181763e-02,-2.260393090546131134e-02,-7.267060130834579468e-02,6.866268068552017212e-02,-7.938822358846664429e-02,9.386109560728073120e-02,1.598525233566761017e-02,7.716786116361618042e-02,1.443248614668846130e-02,5.698230490088462830e-02,-1.050767004489898682e-01,-1.304997801780700684e-01,-1.947515457868576050e-01,-2.000495791435241699e-02,4.074409231543540955e-02,1.851423978805541992e-01,2.613626718521118164e-01
3.385357260704040527e-01,-2.520809173583984375e-01,1.000000357627868652e+00,4.084509015083312988e-01,3.023054301738739014e-01,9.462682902812957764e-02,3.549675941467285156e-01,-1.811658442020416260e-01,1.601537764072418213e-01,7.620655000209808350e-02,1.589736491441726685e-01,-1.033351719379425049e-01,1.726146554574370384e-03,-1.127568110823631287e-01,3.259830176830291748e-01,2.762338221073150635e-01,-1.542964670807123184e-02,-1.908919662237167358e-01,4.410719573497772217e-01,6.533659994602203369e-02,9.622775018215179443e-02,2.538089156150817871e-01,6.398018002510070801e-01,5.089265108108520508e-01,4.373728334903717041e-01,4.480965435504913330e-01,4.277569949626922607e-01,4.194380939006805420e-01,-7.660716027021408081e-02,-1.787971109151840210e-01,2.942898869514465332e-01,3.621667921543121338e-01,1.318463683128356934e-01,1.761829555034637451e-01,2.273562699556350708e-01,3.287338837981224060e-02,-9.291330724954605103e-02,-8.624447882175445557e-02,1.942872628569602966e-02,-7.481972128152847290e-02,-6.875258684158325195e-02,5.514583364129066467e-02,-3.612781688570976257e-02,-1.342939287424087524e-01,-2.384388446807861328e-02,-3.168982565402984619e-01,-1.150192841887474060e-01,-1.892314255237579346e-01,-1.608826667070388794e-01,-3.272814452648162842e-01,2.715340256690979004e-01,-3.171522868797183037e-03,-1.262922286987304688e-01,-2.294651716947555542e-01,-9.917547553777694702e-02,-1.473036706447601318e-01,-5.421369522809982300e-02,-8.354518562555313110e-02,-1.294178813695907593e-01,-1.077670827507972717e-01,-1.046974025666713715e-02,1.455963402986526489e-02,-1.804485917091369629e-01,-2.881462574005126953e-01,3.957031294703483582e-02,-5.918167158961296082e-02,-7.052223384380340576e-02,-3.800750076770782471e-01,-1.226637288928031921e-01,-3.033117651939392090e-01,1.434890553355216980e-02,-3.780598565936088562e-02,4.673165455460548401e-02,-1.779578439891338348e-02,5.904835835099220276e-02,5.063994601368904114e-02,-9.447879344224929810e-02,-3.201000392436981201e-03,-9.813506901264190674e-02,-1.966428756713867188e-01,-2.437176257371902466e-01,-1.952130794525146484e-01,1.272208290174603462e-03,-1.236539185047149658e-01,2.518946230411529541e-01,8.945344388484954834e-02,1.351657360792160034e-01,1.813789084553718567e-02,4.303270950913429260e-02,-1.014205068349838257e-01,-3.324756622314453125e-01,-3.310069739818572998e-01,-1.597585678100585938e-01,-1.390790492296218872e-01,-1.368852406740188599e-01,-5.715639889240264893e-02,-4.549873620271682739e-02,-2.264436781406402588e-01,-1.093815416097640991e-01,-3.523280024528503418e-01,-1.410519778728485107e-01,-1.208858191967010498e-02,-7.171318680047988892e-02,-4.794234409928321838e-02,7.771530002355575562e-02,4.450887814164161682e-02,-1.889206171035766602e-01,-4.764235392212867737e-02,-7.882411032915115356e-02,-2.293242067098617554e-01,-3.620576113462448120e-02,-1.075919643044471741e-01,-1.746101975440979004e-01,-8.583603799343109131e-02,-7.396371662616729736e-02,-6.657568365335464478e-02
3.038475811481475830e-01,1.753339469432830811e-01,4.084509015083312988e-01,9.999998211860656738e-01,1.737899631261825562e-01,1.809370219707489014e-01,3.858948349952697754e-01,3.386545777320861816e-01,1.848686337471008301e-01,1.880473643541336060e-01,1.567669212818145752e-01,2.392317503690719604e-01,1.172384098172187805e-01,8.507977426052093506e-02,3.099014461040496826e-01,3.019336163997650146e-01,-2.461052313446998596e-02,-8.207042515277862549e-02,3.035137951374053955e-01,1.997379362583160400e-01,1.934507191181182861e-01,2.017796784639358521e-01,3.648554086685180664e-01,5.642993450164794922e-01,1.910561919212341309e-01,3.723609447479248047e-01,2.793295681476593018e-01,3.241936862468719482e-01,4.409581050276756287e-02,-6.832751631736755371e-02,2.457954883575439453e-01,3.639619648456573486e-01,2.614886462688446045e-01,2.500484883785247803e-01,2.594653069972991943e-01,6.408257782459259033e-02,2.594761364161968231e-02,-4.229939356446266174e-02,6.581722199916839600e-02,-6.406977027654647827e-02,-9.337128698825836182e-02,-1.622897759079933167e-02,-4.921419918537139893e-02,3.115923888981342316e-02,5.195661634206771851e-02,4.234123975038528442e-02,-3.436847776174545288e-02,-5.562394857406616211e-02,3.594792634248733521e-02,-5.425074137747287750e-03,3.479944765567779541e-01,2.223534882068634033e-01,-7.915078103542327881e-02,-1.473653018474578857e-01,-3.012856654822826385e-02,-5.241220444440841675e-02,3.338396176695823669e-02,1.908961683511734009e-02,4.550329875200986862e-03,6.207756698131561279e-02,6.315678358078002930e-02,1.498216390609741211e-01,-7.572673261165618896e-02,-1.738022416830062866e-01,8.041264861822128296e-02,2.716807126998901367e-01,3.201014176011085510e-02,-4.869737476110458374e-02,-2.698278240859508514e-02,-1.247709542512893677e-01,-9.429682046175003052e-02,-6.813695281744003296e-02,1.046849936246871948e-01,3.547859191894531250e-02,1.115429997444152832e-01,1.119211837649345398e-01,2.389010600745677948e-02,1.460323184728622437e-01,2.235627733170986176e-02,-1.594843417406082153e-01,-1.611651331186294556e-01,-7.458195090293884277e-02,-3.745633410289883614e-03,-1.477344185113906860e-01,2.300315499305725098e-01,2.530324459075927734e-01,9.039785712957382202e-02,6.833420693874359131e-02,5.272897332906723022e-02,5.041886121034622192e-02,-3.526070415973663330e-01,-3.859563469886779785e-01,-2.548102736473083496e-01,-2.925599217414855957e-01,-1.490417569875717163e-01,-9.776043891906738281e-02,1.174732577055692673e-02,-1.292474567890167236e-01,-7.318703085184097290e-02,-2.693780660629272461e-01,-1.559639349579811096e-02,4.779613390564918518e-02,2.913025394082069397e-02,1.826423034071922302e-02,1.403525769710540771e-01,1.360962539911270142e-01,-1.186582148075103760e-01,-7.723893970251083374e-02,3.447616845369338989e-02,-1.624267846345901489e-01,-1.108008101582527161e-01,-2.429782897233963013e-01,-2.106598317623138428e-01,-3.715466707944869995e-02,-7.867432385683059692e-02,1.028574164956808090e-02
1.261873096227645874e-01,-1.529126018285751343e-01,3.023054301738739014e-01,1.737899631261825562e-01,1.000000476837158203e+00,5.523733496665954590e-01,-3.190791606903076172e-02,-2.136107683181762695e-01,5.717007517814636230e-01,4.781438410282135010e-01,-3.083099238574504852e-02,-1.832724064588546753e-01,-7.766221463680267334e-02,-9.851523488759994507e-02,3.973661959171295166e-01,4.698186814785003662e-01,5.561907589435577393e-02,-1.632261127233505249e-01,1.348747164011001587e-01,-3.668002039194107056e-02,2.662043273448944092e-01,2.884562313556671143e-01,2.899090945720672607e-01,1.949531137943267822e-01,3.439512550830841064e-01,3.610709905624389648e-01,5.266432166099548340e-01,4.106533527374267578e-01,-3.212672472000122070e-02,-1.115150451660156250e-01,1.305221319198608398e-01,1.417727768421173096e-01,2.950389310717582703e-02,3.197391331195831299e-02,1.130125224590301514e-01,-1.120428517460823059e-01,-1.484804153442382812e-01,-6.330551952123641968e-02,1.822603121399879456e-02,9.306743741035461426e-02,-5.955105274915695190e-02,6.495829671621322632e-02,-1.707790046930313110e-02,-3.275699913501739502e-02,2.052387595176696777e-02,-8.574431389570236206e-02,-6.029750779271125793e-02,-1.007574498653411865e-01,-9.191209822893142700e-02,-1.157960221171379089e-01,1.634035557508468628e-01,4.497060552239418030e-02,-5.567109957337379456e-02,6.680027395486831665e-02,2.503712177276611328e-01,1.026435643434524536e-01,-1.261074189096689224e-02,-1.408596755936741829e-03,-8.213728666305541992e-02,-4.050663858652114868e-02,3.081359900534152985e-02,4.580524936318397522e-02,-7.242760807275772095e-02,-1.227692887187004089e-01,5.629756674170494080e-02,-6.299670785665512085e-02,-8.048314601182937622e-02,-1.540205031633377075e-01,-1.523730903863906860e-01,-8.707801252603530884e-02,3.350245533511042595e-03,3.288184991106390953e-03,3.645000979304313660e-02,-1.872014999389648438e-02,6.715621054172515869e-02,-2.673414163291454315e-02,-7.963905483484268188e-02,4.719933960586786270e-03,-3.778053075075149536e-02,-9.996454417705535889e-02,-1.251934766769409180e-01,-8.524444699287414551e-02,-7.041860371828079224e-02,-1.908477209508419037e-02,1.490781903266906738e-01,7.792259752750396729e-02,2.517088055610656738e-01,1.247645989060401917e-01,1.893079876899719238e-01,1.702790856361389160e-01,-1.865618526935577393e-01,-1.935484856367111206e-01,-4.622561857104301453e-02,-4.558927193284034729e-02,-5.977407097816467285e-02,1.578494533896446228e-02,-1.919959485530853271e-02,-1.353512704372406006e-02,-1.614425033330917358e-01,-5.425178445875644684e-03,-7.573026418685913086e-02,6.711765192449092865e-03,-5.593030899763107300e-02,2.159848250448703766e-02,7.329335808753967285e-02,3.831509873270988464e-02,-1.417800597846508026e-02,-1.341068148612976074e-01,-7.012285292148590088e-02,-6.285905838012695312e-02,1.056930050253868103e-01,3.341148421168327332e-02,8.462918922305107117e-03,-1.002386882901191711e-01,-1.708589345216751099e-01,1.713448576629161835e-02
2.501774430274963379e-01,1.324097216129302979e-01,9.462682902812957764e-02,1.809370219707489014e-01,5.523733496665954590e-01,1.000000357627868652e+00,-8.954892307519912720e-02,-5.138571187853813171e-02,4.504570066928863525e-01,5.779081583023071289e-01,4.342623800039291382e-02,-2.812909078784286976e-04,-2.171370200812816620e-02,-1.931073702871799469e-02,2.928685545921325684e-01,5.162007808685302734e-01,6.373847275972366333e-02,-5.622797831892967224e-02,2.182815223932266235e-01,2.391584515571594238e-01,2.584545910358428955e-01,2.795335352420806885e-01,-7.029906380921602249e-03,5.210212990641593933e-02,1.155069172382354736e-01,1.799768060445785522e-01,3.850898444652557373e-01,3.715386688709259033e-01,-1.588911190629005432e-02,-2.543358365073800087e-03,1.858431659638881683e-02,4.971219226717948914e-02,1.284204125404357910e-01,1.267942488193511963e-01,8.233758062124252319e-02,-2.385206706821918488e-02,-6.482739001512527466e-02,-8.697547018527984619e-02,1.001628488302230835e-01,1.697473041713237762e-02,-7.536297198385000229e-03,5.196296423673629761e-02,-3.508691862225532532e-02,-9.894851595163345337e-03,2.135809883475303650e-02,-8.882004767656326294e-03,2.949414402246475220e-02,-1.037678495049476624e-01,5.231057293713092804e-03,-5.736666172742843628e-02,1.656872183084487915e-01,1.465863548219203949e-02,-2.715773880481719971e-02,8.815015852451324463e-02,2.692898511886596680e-01,1.999585144221782684e-02,2.116642594337463379e-01,1.855837106704711914e-01,1.316457986831665039e-01,1.883482486009597778e-01,2.058243602514266968e-01,2.656530737876892090e-01,8.593767881393432617e-02,1.267508720047771931e-03,1.260021477937698364e-01,2.659268677234649658e-02,3.797142952680587769e-02,-2.909060381352901459e-02,3.109997324645519257e-02,5.921785160899162292e-02,-3.221306577324867249e-02,2.101851813495159149e-02,-5.639307200908660889e-02,-3.951545804738998413e-03,-2.850748412311077118e-02,4.569493979215621948e-02,-3.523913770914077759e-02,5.241171643137931824e-02,6.644418835639953613e-02,-5.544821172952651978e-02,-2.559168078005313873e-02,3.626666264608502388e-03,-8.040313422679901123e-02,2.543296851217746735e-02,1.347646862268447876e-01,-2.095607668161392212e-02,2.032302916049957275e-01,-2.245839685201644897e-03,1.414929283782839775e-03,9.716347604990005493e-02,-2.475467026233673096e-01,-1.612024158239364624e-01,-4.796801134943962097e-02,-8.138647675514221191e-02,-4.316361621022224426e-03,3.067539073526859283e-02,1.326598972082138062e-01,5.160697549581527710e-02,-4.395184665918350220e-02,1.336439233273267746e-02,-2.077249810099601746e-02,4.902539402246475220e-02,4.778859019279479980e-02,3.917022049427032471e-02,1.359702348709106445e-01,1.000015735626220703e-01,1.505588763393461704e-03,-1.357125341892242432e-01,-4.021993279457092285e-02,-2.295223623514175415e-02,1.083407253026962280e-01,2.715461887419223785e-02,9.932606667280197144e-02,-6.781625747680664062e-02,-9.123314172029495239e-02,8.931209892034530640e-02
2.839621305465698242e-01,1.184209510684013367e-01,3.549675941467285156e-01,3.858948349952697754e-01,-3.190791606903076172e-02,-8.954892307519912720e-02,9.999998211860656738e-01,3.859377503395080566e-01,7.428668439388275146e-02,3.218843415379524231e-02,3.165745139122009277e-01,2.410483807325363159e-01,4.255104064941406250e-01,2.434114068746566772e-01,2.677014172077178955e-01,1.101045683026313782e-02,1.166703179478645325e-01,1.105040013790130615e-01,2.111922800540924072e-01,2.904971688985824585e-02,-1.832414790987968445e-02,4.856913164258003235e-02,2.706890404224395752e-01,2.591105401515960693e-01,5.296633765101432800e-02,8.069763332605361938e-02,6.939011812210083008e-02,3.072619251906871796e-02,1.793720424175262451e-01,5.460694432258605957e-02,2.389732003211975098e-01,2.619683742523193359e-01,3.063099384307861328e-01,2.616552412509918213e-01,3.170687332749366760e-02,5.941507592797279358e-02,-3.398740664124488831e-02,-1.570269614458084106e-01,3.549233078956604004e-03,-9.017395228147506714e-02,4.381524026393890381e-02,-3.756244108080863953e-02,-2.492130920290946960e-02,5.824584141373634338e-02,3.554116562008857727e-02,-5.222741514444351196e-02,1.127132214605808258e-03,-7.292672991752624512e-02,8.036795258522033691e-02,3.438979387283325195e-03,1.649793535470962524e-01,4.500928334891796112e-03,-1.809381321072578430e-02,-1.073156148195266724e-01,-9.389384835958480835e-02,-1.153549179434776306e-01,8.842685073614120483e-02,3.506164997816085815e-02,1.065898686647415161e-01,4.448615759611129761e-02,1.205076426267623901e-01,1.315578520298004150e-01,1.130420342087745667e-01,4.850406199693679810e-02,2.076077908277511597e-01,1.617179811000823975e-01,5.392458662390708923e-02,-1.593456864356994629e-01,1.446226239204406738e-01,-7.372132688760757446e-02,3.976166620850563049e-02,4.031799267977476120e-03,1.372013390064239502e-01,9.707684069871902466e-02,1.669565737247467041e-01,1.959036290645599365e-02,-1.035817712545394897e-02,9.359671175479888916e-02,4.659235477447509766e-02,5.911862850189208984e-02,-1.471168082207441330e-02,-1.545276399701833725e-02,-4.049963131546974182e-02,-1.705430001020431519e-01,8.149503171443939209e-02,1.982063427567481995e-02,4.896929115056991577e-02,5.323333665728569031e-02,1.093145809136331081e-03,-1.014999523758888245e-01,-2.179866284132003784e-01,-3.019254505634307861e-01,-3.100932240486145020e-01,-3.240720927715301514e-01,-1.440145373344421387e-01,-7.818608731031417847e-02,-1.791584342718124390e-01,-2.084365785121917725e-01,-3.433627774938941002e-03,-2.494695186614990234e-01,-6.093087792396545410e-02,-1.052428036928176880e-01,-1.413859054446220398e-02,-1.042418405413627625e-01,-6.898049730807542801e-03,-1.349395327270030975e-02,1.171342097222805023e-02,6.180516630411148071e-02,8.955457806587219238e-02,-2.132797539234161377e-01,-2.077932953834533691e-01,-2.160906344652175903e-01,-1.899962127208709717e-01,-1.046095415949821472e-01,4.451802524272352457e-04,3.421650826930999756e-02
1.902842074632644653e-01,5.147498846054077148e-01,-1.811658442020416260e-01,3.386545777320861816e-01,-2.136107683181762695e-01,-5.138571187853813171e-02,3.859377503395080566e-01,1.000000238418579102e+00,-1.359689887613058090e-02,4.691833257675170898e-02,2.326994091272354126e-01,5.579014420509338379e-01,4.279751479625701904e-01,4.839219152927398682e-01,1.080849990248680115e-01,-5.138539895415306091e-02,7.339360564947128296e-02,2.476572394371032715e-01,8.779258280992507935e-02,1.949818283319473267e-01,-1.482864283025264740e-02,-8.377678692340850830e-02,-1.580986380577087402e-01,-2.341350913047790527e-02,-3.473117351531982422e-01,-2.188359349966049194e-01,-1.801755130290985107e-01,-1.448161303997039795e-01,2.621824741363525391e-01,2.008030414581298828e-01,6.673899292945861816e-02,1.130588501691818237e-01,3.027531802654266357e-01,2.669133841991424561e-01,-3.095793165266513824e-02,9.835614264011383057e-02,1.184935793280601501e-01,5.383235402405261993e-03,5.716498941183090210e-02,-5.954527109861373901e-02,-1.677281036972999573e-02,-9.583453834056854248e-02,-1.782433874905109406e-02,1.961299180984497070e-01,5.393988639116287231e-02,2.665168941020965576e-01,5.535323545336723328e-02,8.538222312927246094e-02,3.018198907375335693e-01,3.384227156639099121e-01,1.180081963539123535e-01,1.098756566643714905e-01,4.797103255987167358e-02,6.778801232576370239e-02,6.091582588851451874e-03,1.693967496976256371e-03,1.894868761301040649e-01,2.066559493541717529e-01,2.866891324520111084e-01,3.324451744556427002e-01,2.240291535854339600e-01,2.860451936721801758e-01,2.269454896450042725e-01,2.650584876537322998e-01,2.860554754734039307e-01,3.913833200931549072e-01,1.568267047405242920e-01,2.433546036481857300e-01,2.106856554746627808e-01,1.657548248767852783e-01,-8.962153457105159760e-03,8.595487102866172791e-03,9.392840415239334106e-02,1.513934135437011719e-01,1.126572787761688232e-01,5.996658653020858765e-02,8.737210184335708618e-02,1.308400332927703857e-01,1.485512256622314453e-01,1.501938998699188232e-01,7.438483834266662598e-02,9.760964661836624146e-02,-3.865254297852516174e-02,-1.502047479152679443e-01,-1.042999848723411560e-01,3.898942470550537109e-02,-5.123813822865486145e-02,-8.758689276874065399e-03,-3.411047533154487610e-02,5.026613548398017883e-02,-7.675401121377944946e-02,-9.716406464576721191e-02,-2.194396257400512695e-01,-2.521937787532806396e-01,-2.333617024123668671e-02,-2.236976847052574158e-02,-3.066411241888999939e-02,1.881303079426288605e-02,1.049722135066986084e-01,2.888594381511211395e-02,1.002997234463691711e-01,-1.191776432096958160e-02,8.951622247695922852e-02,-9.915919043123722076e-03,6.992644816637039185e-02,5.232277140021324158e-02,1.168684363365173340e-01,6.132905557751655579e-02,1.045015677809715271e-01,-4.584692046046257019e-02,-1.638651043176651001e-01,-1.898245513439178467e-01,-4.396728053689002991e-02,1.009780764579772949e-01,1.322613805532455444e-01,1.604416519403457642e-01
6.082653626799583435e-02,-1.010149866342544556e-01,1.601537764072418213e-01,1.848686337471008301e-01,5.717007517814636230e-01,4.504570066928863525e-01,7.428668439388275146e-02,-1.359689887613058090e-02,9.999999403953552246e-01,5.353004336357116699e-01,-2.657034434378147125e-02,-8.480536937713623047e-02,2.898929640650749207e-02,-2.634926885366439819e-02,4.052274525165557861e-01,3.380901217460632324e-01,-1.560004334896802902e-02,-1.392302513122558594e-01,1.420659720897674561e-01,8.619328029453754425e-03,1.261863708496093750e-01,1.765700429677963257e-01,1.499655246734619141e-01,7.602946460247039795e-02,1.488556116819381714e-01,2.204579114913940430e-01,3.389768302440643311e-01,3.039642572402954102e-01,-8.583974093198776245e-02,-4.929392784833908081e-02,3.384644165635108948e-02,4.804869368672370911e-02,1.631166636943817139e-01,8.546108752489089966e-02,5.025702714920043945e-02,-8.926537632942199707e-02,-9.643767774105072021e-02,-9.155337512493133545e-02,-5.326051637530326843e-02,-5.886878818273544312e-02,-1.240414846688508987e-02,-8.757338859140872955e-03,-1.348059326410293579e-01,-2.776559442281723022e-02,-5.419505760073661804e-02,-1.047516316175460815e-01,-7.664148509502410889e-02,-1.577726304531097412e-01,-1.124752312898635864e-01,-1.026461571455001831e-01,9.871456027030944824e-02,-8.075372129678726196e-02,-5.389355495572090149e-02,8.002620935440063477e-02,1.093883588910102844e-01,-1.404709182679653168e-02,-5.135330930352210999e-02,-4.842266440391540527e-02,-9.211257100105285645e-02,-6.722097843885421753e-02,3.990283235907554626e-02,8.787591941654682159e-03,-3.611632063984870911e-02,-1.116217523813247681e-01,1.851151585578918457e-01,-8.361014537513256073e-03,-1.479363739490509033e-01,-1.554972529411315918e-01,-1.394686549901962280e-01,-1.098305135965347290e-01,-2.301307953894138336e-02,-3.394237160682678223e-02,-7.077164947986602783e-02,-8.184305392205715179e-03,-6.907273549586534500e-03,-2.015859121456742287e-03,-9.358911961317062378e-02,-9.021253883838653564e-02,-9.033328294754028320e-02,-1.130936145782470703e-01,-1.316793859004974365e-01,-1.108205765485763550e-01,-5.582893639802932739e-02,-7.690028101205825806e-02,3.925401344895362854e-02,-2.140018157660961151e-02,1.039629131555557251e-01,-1.684938184916973114e-02,1.964648440480232239e-02,-5.335895810276269913e-03,-1.755615025758743286e-01,-1.703953444957733154e-01,-6.191486492753028870e-02,-5.836787447333335876e-02,-4.031737148761749268e-02,3.782496496569365263e-04,-8.491335064172744751e-02,-9.728100895881652832e-02,-8.533727377653121948e-02,-5.642554908990859985e-02,-3.590761125087738037e-02,2.724099904298782349e-02,-1.508105080574750900e-02,2.401652559638023376e-02,4.093945026397705078e-02,2.522092498838901520e-02,-2.927430719137191772e-02,-1.098551079630851746e-01,1.668631657958030701e-02,-4.924276098608970642e-02,-4.756668210029602051e-02,1.130511867813766003e-03,-5.272445455193519592e-02,-1.569468975067138672e-01,-1.824483275413513184e-01,6.133829709142446518e-03
7.792629301548004150e-02,5.407822132110595703e-02,7.620655000209808350e-02,1.880473643541336060e-01,4.781438410282135010e-01,5.779081583023071289e-01,3.218843415379524231e-02,4.691833257675170898e-02,5.353004336357116699e-01,9.999997019767761230e-01,-3.212139755487442017e-02,4.130685329437255859e-02,3.566502407193183899e-02,7.681873440742492676e-02,3.362089693546295166e-01,5.022419095039367676e-01,3.198062628507614136e-02,-8.917073160409927368e-02,1.164067387580871582e-01,1.350536793470382690e-01,1.855173707008361816e-01,1.618812382221221924e-01,5.068098381161689758e-02,6.050975248217582703e-02,8.223231881856918335e-02,1.345562338829040527e-01,2.900616228580474854e-01,3.089981973171234131e-01,6.749767065048217773e-02,6.540853064507246017e-03,4.698740318417549133e-02,7.053803652524948120e-02,1.011257618665695190e-01,8.805777132511138916e-02,5.625810474157333374e-03,-6.952178478240966797e-02,1.564669422805309296e-02,-1.131928637623786926e-01,-4.708764608949422836e-03,9.214837849140167236e-02,4.760270565748214722e-02,-1.496753748506307602e-02,-6.393679231405258179e-02,-9.645539335906505585e-03,-4.269879311323165894e-02,-5.854247137904167175e-03,-1.196308992803096771e-02,-9.624905884265899658e-02,-7.088509202003479004e-02,-5.868007987737655640e-02,7.763638347387313843e-02,1.982990652322769165e-02,-1.443810909986495972e-01,1.618711799383163452e-01,1.202596276998519897e-01,7.284884154796600342e-02,1.692850515246391296e-02,4.281692579388618469e-02,-3.803831711411476135e-02,-1.856643147766590118e-02,3.358112648129463196e-02,1.223079040646553040e-01,-1.850863732397556305e-02,-4.874618723988533020e-02,1.373046487569808960e-01,5.512116104364395142e-02,-7.856570184230804443e-02,-8.162552118301391602e-02,-7.186806201934814453e-02,-1.134685985743999481e-02,2.572894841432571411e-02,2.339648455381393433e-02,3.352671489119529724e-02,2.499397099018096924e-02,1.047097891569137573e-01,7.362389564514160156e-02,6.048508360981941223e-02,9.742939472198486328e-02,2.163480594754219055e-02,-2.319282386451959610e-03,-1.011380460113286972e-02,-2.198914531618356705e-03,-3.616072004660964012e-03,4.027678817510604858e-02,6.346198171377182007e-02,6.270805001258850098e-02,1.765986680984497070e-01,1.389113813638687134e-01,6.690021138638257980e-03,1.275258958339691162e-01,-1.394841969013214111e-01,-9.269054234027862549e-02,-6.976087391376495361e-02,-3.369857370853424072e-02,-6.527102086693048477e-03,3.764538466930389404e-02,2.381369285285472870e-02,-3.218634054064750671e-02,-1.118749380111694336e-01,-1.443978771567344666e-02,-4.949832335114479065e-02,2.455271966755390167e-02,-1.774918660521507263e-02,2.188018336892127991e-02,7.073137164115905762e-02,4.859071597456932068e-02,6.788600236177444458e-02,-7.766406238079071045e-02,-4.166897560935467482e-04,-1.196628995239734650e-02,-1.467271614819765091e-02,2.271817997097969055e-02,8.289336413145065308e-02,-9.374797344207763672e-02,-9.211704134941101074e-02,7.463447749614715576e-02
4.890846312046051025e-01,2.732212245464324951e-01,1.589736491441726685e-01,1.567669212818145752e-01,-3.083099238574504852e-02,4.342623800039291382e-02,3.165745139122009277e-01,2.326994091272354126e-01,-2.657034434378147125e-02,-3.212139755487442017e-02,1.000000238418579102e+00,3.669251799583435059e-01,5.772463679313659668e-01,3.132897913455963135e-01,2.680186927318572998e-01,4.981583356857299805e-02,3.753601610660552979e-01,1.579552739858627319e-01,2.627989649772644043e-01,8.170497603714466095e-04,-1.129336431622505188e-01,8.155419677495956421e-02,7.629336323589086533e-03,8.726687729358673096e-02,-1.020098552107810974e-01,-4.429744929075241089e-02,3.913469612598419189e-02,1.682122237980365753e-02,2.507439851760864258e-01,2.371563948690891266e-02,5.335593130439519882e-03,7.328531891107559204e-02,1.528309434652328491e-01,1.762066930532455444e-01,1.245025023818016052e-01,8.201903849840164185e-02,4.951252415776252747e-02,-1.455221772193908691e-01,1.059964150190353394e-01,-3.730272583197802305e-04,3.265202045440673828e-02,-5.668844655156135559e-02,1.035071164369583130e-01,1.725853234529495239e-01,1.347470581531524658e-01,8.511769771575927734e-02,9.574098885059356689e-02,9.298358112573623657e-03,3.985708653926849365e-01,1.649361848831176758e-01,2.963592708110809326e-01,1.899050176143646240e-01,1.057814620435237885e-02,-1.608396507799625397e-02,-2.193405106663703918e-02,2.698619849979877472e-03,2.416481673717498779e-01,1.144131943583488464e-01,1.963538825511932373e-01,1.769868284463882446e-01,2.190882414579391479e-01,2.495596557855606079e-01,1.628766953945159912e-01,1.280721426010131836e-01,1.893485635519027710e-01,2.473167777061462402e-01,2.015365362167358398e-01,1.326022669672966003e-02,1.784838140010833740e-01,-6.813494861125946045e-02,-4.747032653540372849e-03,-3.417538246139883995e-03,1.868831068277359009e-01,1.313447803258895874e-01,1.691375374794006348e-01,8.289065957069396973e-02,1.636500060558319092e-01,2.826298475265502930e-01,1.618253439664840698e-01,1.928777843713760376e-01,1.448545418679714203e-02,8.069778233766555786e-02,3.604637831449508667e-02,-6.907330453395843506e-02,1.661797016859054565e-01,9.605661034584045410e-02,1.565247960388660431e-02,4.217125102877616882e-02,-1.083329785615205765e-03,-4.605551809072494507e-02,-2.459385991096496582e-01,-2.071555554866790771e-01,-3.025488853454589844e-01,-2.974320948123931885e-01,-2.085074037313461304e-01,-9.017127752304077148e-02,-1.451251059770584106e-01,-9.548855014145374298e-03,6.313179433345794678e-02,-5.645458772778511047e-02,-9.771508723497390747e-02,-8.925819396972656250e-02,-1.001270581036806107e-02,-1.372805237770080566e-01,-9.795721620321273804e-03,-6.329905241727828979e-02,-4.047308489680290222e-02,-9.668637067079544067e-02,-7.257757242769002914e-03,-2.021606266498565674e-01,-8.983641117811203003e-02,-1.763777583837509155e-01,-1.429248899221420288e-01,1.938725262880325317e-02,9.830271452665328979e-02,9.471280872821807861e-02
2.868183255195617676e-01,5.973796248435974121e-01,-1.033351719379425049e-01,2.392317503690719604e-01,-1.832724064588546753e-01,-2.812909078784286976e-04,2.410483807325363159e-01,5.579014420509338379e-01,-8.480536937713623047e-02,4.130685329437255859e-02,3.669251799583435059e-01,1.000000238418579102e+00,4.268404543399810791e-01,5.730407238006591797e-01,1.039836183190345764e-01,1.704193279147148132e-02,2.782258093357086182e-01,3.704306781291961670e-01,1.640986055135726929e-01,1.853735297918319702e-01,-8.040662854909896851e-02,-2.927957661449909210e-02,-1.366543918848037720e-01,1.338959205895662308e-02,-2.537998259067535400e-01,-1.803882718086242676e-01,-1.516558676958084106e-01,-1.414579302072525024e-01,3.603273332118988037e-01,1.747220605611801147e-01,4.402681440114974976e-02,1.508277654647827148e-01,2.945414483547210693e-01,2.924038171768188477e-01,6.170103326439857483e-02,9.662612527608871460e-02,1.372324079275131226e-01,1.674791052937507629e-02,2.456199191510677338e-02,-1.917780190706253052e-02,-7.332429755479097366e-03,2.487771911546587944e-03,6.587437540292739868e-02,2.462561279535293579e-01,9.400299191474914551e-02,2.830210626125335693e-01,1.474855691194534302e-01,8.558166027069091797e-02,4.135364592075347900e-01,3.698799610137939453e-01,1.880714148283004761e-01,1.761967539787292480e-01,6.198138371109962463e-02,3.540400415658950806e-02,4.881906136870384216e-02,1.163091734051704407e-01,3.749879598617553711e-01,3.408902585506439209e-01,3.674932420253753662e-01,3.875738978385925293e-01,3.369476795196533203e-01,3.467194736003875732e-01,3.386209011077880859e-01,3.207911849021911621e-01,2.586521804332733154e-01,3.254056870937347412e-01,2.391559332609176636e-01,2.155923843383789062e-01,3.589043319225311279e-01,1.724948287010192871e-01,7.908202707767486572e-02,7.069978117942810059e-02,2.428463399410247803e-01,3.004201054573059082e-01,1.951553672552108765e-01,1.541090011596679688e-01,1.352154463529586792e-01,2.210891246795654297e-01,2.832030057907104492e-01,2.643754780292510986e-01,2.043735831975936890e-01,1.970212012529373169e-01,4.494781605899333954e-03,-7.563894987106323242e-02,9.838163852691650391e-02,1.190036311745643616e-01,5.263406783342361450e-02,6.678559631109237671e-02,1.659797388128936291e-03,5.989102274179458618e-02,-2.205214202404022217e-01,-1.327615529298782349e-01,-3.283440172672271729e-01,-2.462201565504074097e-01,-6.461641192436218262e-02,7.858905941247940063e-03,2.589769428595900536e-03,8.377402275800704956e-02,1.302762031555175781e-01,9.070745110511779785e-02,5.545179545879364014e-02,3.345192968845367432e-02,1.231377869844436646e-01,4.022468253970146179e-02,1.550617665052413940e-01,8.416677266359329224e-02,3.441944345831871033e-02,9.286859631538391113e-02,1.728997677564620972e-01,-5.684782564640045166e-02,-1.559761613607406616e-01,-2.244998365640640259e-01,-4.803175106644630432e-02,4.499689862132072449e-02,1.943302452564239502e-01,2.350624501705169678e-01
3.111428916454315186e-01,2.601239681243896484e-01,1.726146554574370384e-03,1.172384098172187805e-01,-7.766221463680267334e-02,-2.171370200812816620e-02,4.255104064941406250e-01,4.279751479625701904e-01,2.898929640650749207e-02,3.566502407193183899e-02,5.772463679313659668e-01,4.268404543399810791e-01,9.999999403953552246e-01,4.600614607334136963e-01,3.683758974075317383e-01,7.708610966801643372e-03,3.097173869609832764e-01,1.817094534635543823e-01,6.136995181441307068e-02,-9.052519500255584717e-02,-8.005936443805694580e-02,-2.579124644398689270e-02,-5.866313353180885315e-02,1.899730227887630463e-02,-1.593846380710601807e-01,-1.620145142078399658e-01,-2.851619757711887360e-02,-4.219342023134231567e-02,3.639694452285766602e-01,1.168271377682685852e-01,8.022322505712509155e-02,1.172737255692481995e-01,2.234055548906326294e-01,2.394629567861557007e-01,2.859390713274478912e-02,5.623752251267433167e-02,5.932400748133659363e-02,-1.531434953212738037e-01,2.717340923845767975e-02,-8.490118198096752167e-03,1.973711512982845306e-02,-6.829383969306945801e-02,-1.125792972743511200e-02,1.331067681312561035e-01,8.702424354851245880e-03,4.052539542317390442e-02,4.690375179052352905e-02,9.370347484946250916e-03,3.689183294773101807e-01,2.123918831348419189e-01,1.664472669363021851e-01,1.161103844642639160e-01,4.412438720464706421e-02,9.246844798326492310e-02,7.232850790023803711e-02,6.718141585588455200e-02,1.750352829694747925e-01,1.385721266269683838e-01,2.135380506515502930e-01,1.658250540494918823e-01,1.953243911266326904e-01,2.652647495269775391e-01,2.300308942794799805e-01,2.483597844839096069e-01,2.816292047500610352e-01,3.016875088214874268e-01,1.395912021398544312e-01,4.775974527001380920e-02,1.684148162603378296e-01,6.607915461063385010e-02,5.798111483454704285e-02,4.114043712615966797e-02,2.379302233457565308e-01,2.109276354312896729e-01,2.237022817134857178e-01,1.116459742188453674e-01,1.993995159864425659e-01,2.501786649227142334e-01,5.106898397207260132e-02,1.917448937892913818e-01,4.871819168329238892e-02,1.035809367895126343e-01,-4.798441380262374878e-02,-1.550526022911071777e-01,5.709075555205345154e-02,6.460530310869216919e-02,9.434722363948822021e-02,2.822244912385940552e-02,1.321908831596374512e-01,3.297124430537223816e-02,-1.075560376048088074e-01,-1.386527717113494873e-01,-2.906533181667327881e-01,-2.488324791193008423e-01,-1.661345660686492920e-01,-7.907485961914062500e-02,-1.470194458961486816e-01,-1.177590712904930115e-02,-2.740853466093540192e-02,-2.609800733625888824e-02,1.856243424117565155e-02,-3.775333240628242493e-02,5.578217655420303345e-02,-4.107884690165519714e-02,5.458237230777740479e-02,-1.390059944242238998e-02,-2.606242708861827850e-02,-5.769900046288967133e-03,1.008059531450271606e-01,-9.065217524766921997e-02,-1.429482102394104004e-01,-2.411357015371322632e-01,-1.281029134988784790e-01,3.289014473557472229e-02,5.851300060749053955e-02,-1.062736567109823227e-02
