1.000000238418579102e+00,5.825433731079101562e-01,4.806265830993652344e-01,4.956933557987213135e-01,5.750453099608421326e-02,6.203348748385906219e-03,5.263924598693847656e-01,4.269220232963562012e-01,-6.210494786500930786e-02,-1.072278805077075958e-02,1.297473013401031494e-01,2.545402944087982178e-01,5.910447984933853149e-02,1.028333976864814758e-01,-1.447599381208419800e-01,-2.652683258056640625e-01,-8.007559180259704590e-02,-9.001136757433414459e-03,6.196064352989196777e-01,6.043321490287780762e-01,-2.140402793884277344e-01,-1.790753751993179321e-01,1.672320961952209473e-01,2.881613075733184814e-01,-1.359493583440780640e-01,-1.549477875232696533e-01,9.758365154266357422e-02,1.401861160993576050e-01,-2.747271060943603516e-01,-2.784942686557769775e-01,-1.896053086966276169e-03,-2.403312362730503082e-02,5.617039203643798828e-01,5.676642656326293945e-01,2.646338939666748047e-01,1.483127474784851074e-01,-4.025021791458129883e-01,-4.589719474315643311e-01,-3.650718927383422852e-01,-3.898096978664398193e-01,-3.357367217540740967e-01,-3.495424687862396240e-01,-2.335731238126754761e-01,-2.452254593372344971e-01,2.674331963062286377e-01,2.625775933265686035e-01,-2.583775818347930908e-01,-2.763347327709197998e-01,2.805766165256500244e-01,3.110846877098083496e-01,-1.059936285018920898e-01,-9.085515514016151428e-03,-2.121887654066085815e-01,-2.747039198875427246e-01,-3.341338634490966797e-01,-3.025224804878234863e-01,6.525722742080688477e-01,5.700252652168273926e-01,5.644639730453491211e-01,5.173428058624267578e-01,5.871659517288208008e-01,5.302128195762634277e-01,4.404673874378204346e-01,5.463225841522216797e-01,4.821819961071014404e-01,5.097339749336242676e-01,5.321493744850158691e-01,4.687995016574859619e-01,5.222633481025695801e-01,5.158644914627075195e-01,-2.550166547298431396e-01,-3.888127207756042480e-02,-2.205509841442108154e-01,-2.456788569688796997e-01,-2.877343297004699707e-01,-2.493256777524948120e-01,-1.998268067836761475e-01,-2.410366386175155640e-01,-8.741275966167449951e-02,-1.388232409954071045e-01,-2.487354427576065063e-01,-2.273483127355575562e-01,-2.460443973541259766e-01,-3.233232796192169189e-01,-2.464712560176849365e-01,-2.784742116928100586e-01,-1.549921780824661255e-01,-2.521163821220397949e-01,-1.279104202985763550e-01,-1.568748354911804199e-01,-2.476468533277511597e-01,-2.277221381664276123e-01,-1.942584216594696045e-01,-1.336209475994110107e-01,-3.834525942802429199e-01,-4.141459465026855469e-01,-4.564315974712371826e-01,-4.368713200092315674e-01,-3.119366168975830078e-01,-3.168347179889678955e-01,-1.554584652185440063e-01,-7.809537649154663086e-02,-1.829062700271606445e-01,-1.823760122060775757e-01,-3.616726100444793701e-01,-3.191572129726409912e-01,-1.334125399589538574e-01,-1.774100214242935181e-01,-2.462534010410308838e-01,-4.602757096290588379e-01,-4.628785252571105957e-01,-3.304951786994934082e-01,-2.726956009864807129e-01,-2.702830135822296143e-01,-3.310486078262329102e-01,-1.783715486526489258e-01
5.825433731079101562e-01,1.000000000000000000e+00,3.963813483715057373e-01,5.179889798164367676e-01,-1.936927437782287598e-01,-2.171630710363388062e-01,3.801981508731842041e-01,5.118831396102905273e-01,-2.971394956111907959e-01,-1.966619491577148438e-01,-1.102049499750137329e-01,3.231118619441986084e-01,-9.165808558464050293e-02,9.829852730035781860e-02,-2.952508628368377686e-01,-2.794315516948699951e-01,-1.312569826841354370e-01,1.089831218123435974e-01,6.220663785934448242e-01,6.052581667900085449e-01,-2.544881701469421387e-01,-2.451471239328384399e-01,7.981267571449279785e-02,2.175421565771102905e-01,-2.651500999927520752e-01,-2.975713908672332764e-01,-1.495973020792007446e-01,-1.064030081033706665e-01,-3.360469639301300049e-01,-2.449063509702682495e-01,-7.759800553321838379e-02,-9.669961035251617432e-02,5.348232984542846680e-01,5.559675097465515137e-01,2.773837745189666748e-01,1.504307836294174194e-01,-3.870268464088439941e-01,-4.192968308925628662e-01,-3.806426227092742920e-01,-4.012477099895477295e-01,-3.584915697574615479e-01,-2.753062546253204346e-01,-3.029658496379852295e-01,-2.280253618955612183e-01,3.140934109687805176e-01,2.767112255096435547e-01,-3.682087063789367676e-01,-3.284876346588134766e-01,3.181535005569458008e-01,4.053942263126373291e-01,-1.000434160232543945e-01,4.203049466013908386e-02,-2.915115952491760254e-01,-3.514185249805450439e-01,-4.250500798225402832e-01,-4.171838164329528809e-01,6.213563084602355957e-01,7.127881646156311035e-01,6.428160071372985840e-01,6.671739816665649414e-01,5.979203581809997559e-01,6.159635782241821289e-01,4.275157153606414795e-01,5.982040166854858398e-01,4.408903121948242188e-01,5.340321660041809082e-01,5.703026056289672852e-01,4.621623158454895020e-01,6.375260949134826660e-01,5.801979899406433105e-01,-2.930089533329010010e-01,-1.333067715167999268e-01,-2.880471646785736084e-01,-2.847758829593658447e-01,-3.318418562412261963e-01,-2.754251956939697266e-01,-2.425616979598999023e-01,-2.538220286369323730e-01,-1.128321066498756409e-01,-1.313677132129669189e-01,-2.328668981790542603e-01,-1.991398334503173828e-01,-2.501175105571746826e-01,-3.375669419765472412e-01,-2.978244721889495850e-01,-2.424741089344024658e-01,-1.916430592536926270e-01,-2.845381796360015869e-01,-2.892022132873535156e-01,-2.412008196115493774e-01,-3.848570287227630615e-01,-4.041062593460083008e-01,-3.823530077934265137e-01,-3.379798531532287598e-01,-4.226671457290649414e-01,-3.983026742935180664e-01,-4.580551385879516602e-01,-4.861601889133453369e-01,-4.503265023231506348e-01,-4.720689952373504639e-01,-2.796360552310943604e-01,-2.906854748725891113e-01,-2.913875579833984375e-01,-3.644945919513702393e-01,-4.590677917003631592e-01,-4.435886740684509277e-01,-9.740907698869705200e-02,-2.392941564321517944e-01,-2.735656201839447021e-01,-4.177156984806060791e-01,-4.517077207565307617e-01,-4.763967096805572510e-01,-4.255014955997467041e-01,-4.185099899768829346e-01,-4.537666440010070801e-01,-1.187161356210708618e-01
4.806265830993652344e-01,3.963813483715057373e-01,9.999997615814208984e-01,5.608637332916259766e-01,1.021138131618499756e-01,7.008662074804306030e-02,6.422479152679443359e-01,5.397576093673706055e-01,8.699629455804824829e-02,1.023427471518516541e-01,2.107683867216110229e-01,2.339254468679428101e-01,1.522649228572845459e-01,2.405519336462020874e-01,1.946511678397655487e-02,-3.748364374041557312e-02,-1.602004021406173706e-01,1.346929091960191727e-02,5.311612486839294434e-01,4.462008774280548096e-01,-8.469200879335403442e-02,-3.688570359372533858e-05,5.171300172805786133e-01,6.029908061027526855e-01,1.174471005797386169e-01,5.940144881606101990e-02,9.112132340669631958e-02,8.397132903337478638e-02,-1.693491786718368530e-01,-1.583155393600463867e-01,1.930825114250183105e-01,2.389776110649108887e-01,3.635250627994537354e-01,3.536597490310668945e-01,1.883538067340850830e-01,8.547713607549667358e-02,-2.195989042520523071e-01,-2.624778747558593750e-01,-1.648792326450347900e-01,-1.745225638151168823e-01,-1.761191487312316895e-01,-1.522784829139709473e-01,-2.446474879980087280e-01,-3.083427250385284424e-01,8.985339105129241943e-02,2.385485544800758362e-02,-2.020389437675476074e-01,-2.498097717761993408e-01,2.357801236212253571e-02,8.533090353012084961e-02,-2.814065217971801758e-01,-1.936420351266860962e-01,-2.148006111383438110e-01,-2.149326503276824951e-01,-1.515445709228515625e-01,-1.173564046621322632e-01,3.944115638732910156e-01,3.631370663642883301e-01,2.422625422477722168e-01,2.530147433280944824e-01,2.693150639533996582e-01,2.692067921161651611e-01,2.228450179100036621e-01,3.103729486465454102e-01,2.876080274581909180e-01,2.737457752227783203e-01,1.907262355089187622e-01,1.651893407106399536e-01,2.792649269104003906e-01,3.550689220428466797e-01,-8.322688937187194824e-02,4.954825714230537415e-02,-1.715287864208221436e-01,-1.304467022418975830e-01,-1.807348430156707764e-01,-1.326272785663604736e-01,-1.433782279491424561e-01,-1.915858238935470581e-01,-1.361022889614105225e-01,-6.677976250648498535e-02,-2.343396097421646118e-01,-1.967157125473022461e-01,-4.813323915004730225e-02,-1.067138761281967163e-01,-1.983199715614318848e-01,-2.257011532783508301e-01,6.105364114046096802e-02,1.536578778177499771e-02,-3.401737660169601440e-03,-2.661439403891563416e-02,-5.467079952359199524e-02,-6.332074105739593506e-02,2.022197283804416656e-02,8.288484811782836914e-02,-1.947869807481765747e-01,-2.337542027235031128e-01,-2.494882196187973022e-01,-2.283695936203002930e-01,-1.501411497592926025e-01,-1.338458061218261719e-01,9.090184420347213745e-02,1.589555442333221436e-01,8.112283796072006226e-02,5.785639956593513489e-02,-7.597514241933822632e-02,-4.132353886961936951e-02,6.104185245931148529e-03,3.765426948666572571e-02,-9.432388842105865479e-02,-2.583252787590026855e-01,-2.899712622165679932e-01,-1.993986964225769043e-01,-1.394080519676208496e-01,-4.360908642411231995e-02,-1.029309779405593872e-01,-8.275366574525833130e-02
4.956933557987213135e-01,5.179889798164367676e-01,5.608637332916259766e-01,1.000000119209289551e+00,-7.436630129814147949e-02,-1.117078959941864014e-02,5.603026747703552246e-01,6.832281947135925293e-01,-4.187272116541862488e-02,7.380273938179016113e-02,6.239187344908714294e-02,4.024172723293304443e-01,1.366767883300781250e-01,3.342389166355133057e-01,-9.278092533349990845e-02,-7.753639481961727142e-03,-1.148214638233184814e-01,3.378029540181159973e-02,5.752089619636535645e-01,5.543449521064758301e-01,-1.097799688577651978e-01,-3.737630695104598999e-02,3.776570260524749756e-01,5.707083344459533691e-01,-2.967602200806140900e-02,-4.768380895256996155e-02,-7.357233762741088867e-02,-4.181532934308052063e-02,-1.870963275432586670e-01,-1.432256102561950684e-01,1.899460554122924805e-01,2.107621431350708008e-01,3.506070375442504883e-01,3.654274344444274902e-01,9.406433254480361938e-02,1.676196232438087463e-02,-2.381769567728042603e-01,-2.852559089660644531e-01,-2.133158296346664429e-01,-2.072983235120773315e-01,-2.356646209955215454e-01,-1.398695260286331177e-01,-3.055352568626403809e-01,-2.934794127941131592e-01,7.534667849540710449e-02,4.036486521363258362e-02,-2.952373623847961426e-01,-2.875791490077972412e-01,3.105133399367332458e-02,1.283472478389739990e-01,-2.565932273864746094e-01,-1.499029695987701416e-01,-2.629970014095306396e-01,-3.040770888328552246e-01,-2.286605238914489746e-01,-2.417609244585037231e-01,3.784179687500000000e-01,4.375524818897247314e-01,3.262333273887634277e-01,3.968071043491363525e-01,3.054486513137817383e-01,4.198364913463592529e-01,1.979841589927673340e-01,3.766240477561950684e-01,2.417955249547958374e-01,3.529218733310699463e-01,2.243942618370056152e-01,2.558230161666870117e-01,4.156847298145294189e-01,4.587013423442840576e-01,-1.095262467861175537e-01,-2.073356881737709045e-02,-2.027444839477539062e-01,-1.873265057802200317e-01,-2.510001361370086670e-01,-1.669786125421524048e-01,-1.728055626153945923e-01,-1.982058286666870117e-01,-8.422008901834487915e-02,-1.220227479934692383e-01,-1.824898868799209595e-01,-1.697927564382553101e-01,-7.316657155752182007e-02,-1.126271188259124756e-01,-2.424013912677764893e-01,-1.688533425331115723e-01,-3.149378811940550804e-03,-3.977530077099800110e-02,-1.252884417772293091e-01,-9.059315174818038940e-02,-1.945771574974060059e-01,-2.359465211629867554e-01,-1.641915142536163330e-01,-1.496436297893524170e-01,-2.579881548881530762e-01,-2.636991441249847412e-01,-2.885336577892303467e-01,-3.109757900238037109e-01,-3.002787828445434570e-01,-2.846031486988067627e-01,-7.092456519603729248e-02,-7.161109149456024170e-02,-8.444929867982864380e-02,-1.438739895820617676e-01,-2.037913054227828979e-01,-2.109211683273315430e-01,-1.066749333404004574e-03,-3.198670223355293274e-02,-1.537397354841232300e-01,-2.941253185272216797e-01,-3.526900112628936768e-01,-3.300837278366088867e-01,-3.027258813381195068e-01,-2.190958112478256226e-01,-2.614451646804809570e-01,-7.333643734455108643e-02
5.750453099608421326e-02,-1.936927437782287598e-01,1.021138131618499756e-01,-7.436630129814147949e-02,1.000000357627868652e+00,5.874598026275634766e-01,6.555829197168350220e-02,-1.249057650566101074e-01,5.829401016235351562e-01,5.445834994316101074e-01,3.171051442623138428e-01,-9.725745022296905518e-02,1.672127246856689453e-01,1.221853774040937424e-02,5.115975141525268555e-01,2.798984646797180176e-01,9.748040884733200073e-02,-1.442578434944152832e-01,-1.021264959126710892e-02,-1.889328006654977798e-03,1.848664432764053345e-01,2.105813622474670410e-01,2.232680469751358032e-01,1.434427797794342041e-01,5.288647413253784180e-01,5.418152809143066406e-01,5.975803136825561523e-01,6.504126787185668945e-01,2.274679988622665405e-01,6.417236477136611938e-02,2.096860706806182861e-01,2.221664041280746460e-01,4.093755036592483521e-02,-1.314943004399538040e-02,1.499917358160018921e-02,7.310637831687927246e-02,7.639341801404953003e-02,4.383441433310508728e-02,1.415695548057556152e-01,1.010419204831123352e-01,1.833584606647491455e-01,5.091515183448791504e-02,1.127983853220939636e-01,2.231608889997005463e-02,-1.355196237564086914e-01,-1.038868427276611328e-01,2.084031105041503906e-01,1.228925734758377075e-01,-1.719611883163452148e-01,-1.927061676979064941e-01,2.509909681975841522e-03,-1.469117403030395508e-01,1.709061712026596069e-01,1.404607594013214111e-01,2.287683188915252686e-01,2.759648859500885010e-01,-5.285934079438447952e-03,-1.572895199060440063e-01,-1.397209465503692627e-01,-2.242984622716903687e-01,-8.098839968442916870e-02,-1.433480829000473022e-01,-6.874395161867141724e-02,-1.136247962713241577e-01,-6.568946409970521927e-03,-1.275661587715148926e-01,-9.131291508674621582e-02,-1.682942546904087067e-02,-1.414012908935546875e-01,-4.063973948359489441e-02,2.036587595939636230e-01,2.627537250518798828e-01,2.676058113574981689e-01,1.812537759542465210e-01,2.621261775493621826e-01,1.941249519586563110e-01,1.668916046619415283e-01,8.391950279474258423e-02,3.923727571964263916e-02,6.332471966743469238e-02,7.084505259990692139e-02,1.599022001028060913e-02,1.865081638097763062e-01,1.676678806543350220e-01,2.011112272739410400e-01,3.825244680047035217e-02,2.350260913372039795e-01,1.968202590942382812e-01,4.364090561866760254e-01,2.760775089263916016e-01,2.625399231910705566e-01,2.763131260871887207e-01,3.339689373970031738e-01,3.351605832576751709e-01,1.153511777520179749e-01,4.012214764952659607e-02,1.066266447305679321e-01,1.355093419551849365e-01,2.648395597934722900e-01,2.660160064697265625e-01,2.785837650299072266e-01,3.378873765468597412e-01,2.369364798069000244e-01,2.949422299861907959e-01,2.345065623521804810e-01,2.605953812599182129e-01,8.337143808603286743e-02,4.635374993085861206e-02,6.690928339958190918e-02,2.638929150998592377e-02,8.079684525728225708e-02,2.389290481805801392e-01,2.041380405426025391e-01,2.841807901859283447e-01,2.569601237773895264e-01,1.144296769052743912e-02
6.203348748385906219e-03,-2.171630710363388062e-01,7.008662074804306030e-02,-1.117078959941864014e-02,5.874598026275634766e-01,1.000000000000000000e+00,7.128764688968658447e-02,-6.977633386850357056e-02,6.042947173118591309e-01,6.791751384735107422e-01,3.428075313568115234e-01,-1.120143663138151169e-02,2.437436431646347046e-01,1.518136858940124512e-01,5.258266329765319824e-01,3.864967525005340576e-01,1.487036049365997314e-01,-6.984259933233261108e-02,-7.701960857957601547e-03,1.145851239562034607e-02,2.428844422101974487e-01,3.665967285633087158e-01,2.357585132122039795e-01,2.149202972650527954e-01,4.291357398033142090e-01,4.875988960266113281e-01,4.078559577465057373e-01,5.918830037117004395e-01,2.871416509151458740e-01,1.557753086090087891e-01,2.477344572544097900e-01,3.124201297760009766e-01,-4.090905189514160156e-02,-7.781975716352462769e-02,-6.413468718528747559e-02,5.517570674419403076e-02,1.677872538566589355e-01,1.219517737627029419e-01,2.393167763948440552e-01,1.918951272964477539e-01,2.138153165578842163e-01,1.467595547437667847e-01,1.520551145076751709e-01,3.036199323832988739e-02,-1.494691967964172363e-01,-1.100783497095108032e-01,2.442052215337753296e-01,1.321069896221160889e-01,-2.014894038438796997e-01,-2.505681216716766357e-01,-6.830671429634094238e-02,-1.788396537303924561e-01,1.681970506906509399e-01,1.492124646902084351e-01,3.113551735877990723e-01,3.469744622707366943e-01,-7.822707295417785645e-02,-1.964945942163467407e-01,-2.461128085851669312e-01,-2.652029097080230713e-01,-1.773462593555450439e-01,-1.548513025045394897e-01,-1.162286400794982910e-01,-1.346385180950164795e-01,-1.130746528506278992e-01,-1.723760813474655151e-01,-1.896120905876159668e-01,-4.737531393766403198e-02,-1.964604556560516357e-01,-3.521014004945755005e-02,2.769294679164886475e-01,2.888486087322235107e-01,3.106406331062316895e-01,2.472296357154846191e-01,2.632434368133544922e-01,2.517678439617156982e-01,2.455064505338668823e-01,1.523378342390060425e-01,1.173434630036354065e-01,1.753568351268768311e-01,1.377523541450500488e-01,9.804009646177291870e-02,2.294989079236984253e-01,2.764050662517547607e-01,2.084838896989822388e-01,6.081498041749000549e-02,2.883763611316680908e-01,2.788092494010925293e-01,4.656510353088378906e-01,3.741899728775024414e-01,3.857075572013854980e-01,3.619958758354187012e-01,4.432170987129211426e-01,4.247845411300659180e-01,1.596761494874954224e-01,7.802903652191162109e-02,1.615249216556549072e-01,2.108120173215866089e-01,3.675098419189453125e-01,3.523013889789581299e-01,3.934648036956787109e-01,4.328028261661529541e-01,3.585347533226013184e-01,3.995443284511566162e-01,3.371906876564025879e-01,3.626025617122650146e-01,7.676596194505691528e-02,1.125150993466377258e-01,7.058151811361312866e-02,8.443479984998703003e-02,1.538932174444198608e-01,3.126301765441894531e-01,3.073679208755493164e-01,3.825978338718414307e-01,3.492942452430725098e-01,3.148089721798896790e-02
5.263924598693847656e-01,3.801981508731842041e-01,6.422479152679443359e-01,5.603026747703552246e-01,6.555829197168350220e-02,7.128764688968658447e-02,1.000000357627868652e+00,5.466006398200988770e-01,1.054359152913093567e-01,8.377985656261444092e-02,3.126959800720214844e-01,3.742976188659667969e-01,3.260188400745391846e-01,3.472491800785064697e-01,1.330438721925020218e-02,-5.192019045352935791e-02,-4.445368424057960510e-02,8.761164546012878418e-02,4.903743863105773926e-01,4.601359367370605469e-01,-1.038654074072837830e-01,-8.523965254426002502e-03,4.928448498249053955e-01,5.741105675697326660e-01,7.658226788043975830e-02,6.730804592370986938e-02,5.846834555268287659e-02,4.594852402806282043e-02,-1.040932834148406982e-01,-1.115941628813743591e-01,2.694150209426879883e-01,2.979889810085296631e-01,3.827691078186035156e-01,3.721184134483337402e-01,1.028292179107666016e-01,3.968022763729095459e-02,-2.145300060510635376e-01,-2.571114897727966309e-01,-1.794817447662353516e-01,-1.857751309871673584e-01,-1.840801686048507690e-01,-1.529078036546707153e-01,-2.867348790168762207e-01,-3.576522767543792725e-01,5.523325502872467041e-02,1.828513108193874359e-02,-2.335494756698608398e-01,-2.884695529937744141e-01,1.370439585298299789e-02,2.972273528575897217e-02,-3.027690351009368896e-01,-2.403500527143478394e-01,-2.527704834938049316e-01,-2.565952837467193604e-01,-1.725753843784332275e-01,-1.660537421703338623e-01,3.938904702663421631e-01,3.219053447246551514e-01,2.179502546787261963e-01,2.198847681283950806e-01,2.695765197277069092e-01,2.728946208953857422e-01,2.994807362556457520e-01,3.279511034488677979e-01,2.482305318117141724e-01,2.442437559366226196e-01,1.613029986619949341e-01,1.792223006486892700e-01,2.713735401630401611e-01,3.261742293834686279e-01,-3.672189265489578247e-02,7.219050079584121704e-02,-1.292283684015274048e-01,-1.323547512292861938e-01,-1.776348203420639038e-01,-1.347294449806213379e-01,-1.505808830261230469e-01,-1.722003668546676636e-01,-5.934875085949897766e-02,-5.708253756165504456e-02,-1.789726465940475464e-01,-1.699779033660888672e-01,-3.678364679217338562e-02,-8.104981482028961182e-02,-2.140822410583496094e-01,-2.573218643665313721e-01,3.545499593019485474e-02,9.777196682989597321e-03,-5.804747715592384338e-02,-9.648139029741287231e-02,-8.756604045629501343e-02,-1.017946004867553711e-01,-3.428037464618682861e-02,3.023404441773891449e-02,-1.917963624000549316e-01,-2.368137538433074951e-01,-2.683061361312866211e-01,-2.277343571186065674e-01,-1.681002974510192871e-01,-1.561459451913833618e-01,3.184914588928222656e-02,1.102271154522895813e-01,3.484399244189262390e-02,2.041537128388881683e-02,-1.148077026009559631e-01,-8.790633082389831543e-02,-9.498096071183681488e-03,2.396778576076030731e-02,-9.938861429691314697e-02,-2.381666153669357300e-01,-3.001086711883544922e-01,-1.949309706687927246e-01,-1.729796975851058960e-01,-8.968353271484375000e-02,-1.478145420551300049e-01,-1.206313520669937134e-01
4.269220232963562012e-01,5.118831396102905273e-01,5.397576093673706055e-01,6.832281947135925293e-01,-1.249057650566101074e-01,-6.977633386850357056e-02,5.466006398200988770e-01,9.999997615814208984e-01,-8.076150715351104736e-02,3.263109549880027771e-02,1.116616576910018921e-01,5.010626912117004395e-01,1.475528031587600708e-01,4.248218536376953125e-01,-1.124934852123260498e-01,5.001848563551902771e-03,-6.278806924819946289e-02,1.335831880569458008e-01,5.308927297592163086e-01,5.058068633079528809e-01,-1.184994876384735107e-01,-4.346900433301925659e-02,3.793418705463409424e-01,5.504255294799804688e-01,-6.620002537965774536e-02,-5.641611665487289429e-02,-1.351675391197204590e-01,-1.253293901681900024e-01,-1.667607873678207397e-01,-9.788516908884048462e-02,1.949872076511383057e-01,2.136566936969757080e-01,3.571160733699798584e-01,3.620121181011199951e-01,1.045354902744293213e-01,1.874990575015544891e-02,-1.964897662401199341e-01,-2.354541867971420288e-01,-1.911879926919937134e-01,-1.834779381752014160e-01,-2.178637236356735229e-01,-8.671765774488449097e-02,-3.142626285552978516e-01,-2.935717403888702393e-01,7.733036577701568604e-02,5.955923721194267273e-02,-2.985192239284515381e-01,-2.858814597129821777e-01,4.945030435919761658e-02,1.295387297868728638e-01,-2.732200026512145996e-01,-1.500070542097091675e-01,-2.954145967960357666e-01,-2.844048738479614258e-01,-2.262667864561080933e-01,-2.341338247060775757e-01,3.411633968353271484e-01,4.284339845180511475e-01,2.812298834323883057e-01,3.534933030605316162e-01,2.913993597030639648e-01,3.935097157955169678e-01,2.671306133270263672e-01,4.040952920913696289e-01,2.093997001647949219e-01,3.141159117221832275e-01,1.829781830310821533e-01,2.102877050638198853e-01,3.666005730628967285e-01,4.325091242790222168e-01,-7.345994561910629272e-02,4.811438266187906265e-03,-1.998697668313980103e-01,-1.626314371824264526e-01,-2.250883579254150391e-01,-1.567385494709014893e-01,-1.300280839204788208e-01,-1.507160365581512451e-01,-4.399854689836502075e-02,-5.410425364971160889e-02,-1.413910686969757080e-01,-1.232670247554779053e-01,-6.204691529273986816e-02,-8.707437664270401001e-02,-2.504943013191223145e-01,-1.414636224508285522e-01,1.042093802243471146e-02,-1.359495799988508224e-02,-1.651516705751419067e-01,-1.103687956929206848e-01,-1.924305856227874756e-01,-2.173688858747482300e-01,-1.683620214462280273e-01,-1.381263881921768188e-01,-2.468467801809310913e-01,-2.415187805891036987e-01,-2.512203752994537354e-01,-2.710161805152893066e-01,-2.906874716281890869e-01,-2.613489031791687012e-01,-6.842604279518127441e-02,-8.648046851158142090e-02,-7.723239809274673462e-02,-1.402678191661834717e-01,-2.018644809722900391e-01,-2.020790874958038330e-01,-5.643093027174472809e-03,-4.862416163086891174e-02,-1.290118098258972168e-01,-2.450257092714309692e-01,-3.154201209545135498e-01,-3.189345002174377441e-01,-2.938822507858276367e-01,-2.018955051898956299e-01,-2.422009110450744629e-01,-7.124135643243789673e-02
-6.210494786500930786e-02,-2.971394956111907959e-01,8.699629455804824829e-02,-4.187272116541862488e-02,5.829401016235351562e-01,6.042947173118591309e-01,1.054359152913093567e-01,-8.076150715351104736e-02,1.000000238418579102e+00,5.938586592674255371e-01,4.029185771942138672e-01,6.071463599801063538e-02,3.626442849636077881e-01,2.255974709987640381e-01,6.131095290184020996e-01,4.818515181541442871e-01,2.295014560222625732e-01,1.875657588243484497e-02,-1.051705926656723022e-01,-6.846640259027481079e-02,3.444357216358184814e-01,4.143999814987182617e-01,2.863065898418426514e-01,2.222300022840499878e-01,5.488719344139099121e-01,5.933462977409362793e-01,4.261631667613983154e-01,4.748493134975433350e-01,4.190029799938201904e-01,2.844876646995544434e-01,3.748822212219238281e-01,4.013570547103881836e-01,-1.450795531272888184e-01,-1.835276782512664795e-01,-1.290873587131500244e-01,-2.591571211814880371e-02,2.846555411815643311e-01,2.628309428691864014e-01,3.358550965785980225e-01,2.824779748916625977e-01,3.326621353626251221e-01,2.250944375991821289e-01,1.616826057434082031e-01,7.411204278469085693e-02,-2.211511731147766113e-01,-2.099567353725433350e-01,2.663643956184387207e-01,2.078264653682708740e-01,-2.510531246662139893e-01,-3.231130540370941162e-01,1.407850999385118484e-02,-1.647928953170776367e-01,2.157923579216003418e-01,2.167842686176300049e-01,3.729923665523529053e-01,3.769804239273071289e-01,-1.785745173692703247e-01,-3.059400916099548340e-01,-3.423304855823516846e-01,-3.716722726821899414e-01,-2.908374369144439697e-01,-2.955467402935028076e-01,-1.750994473695755005e-01,-2.655079662799835205e-01,-1.837346255779266357e-01,-2.916459441184997559e-01,-3.086470067501068115e-01,-1.831198632717132568e-01,-2.194732576608657837e-01,-1.203302145004272461e-01,3.878332972526550293e-01,3.261117339134216309e-01,3.835259974002838135e-01,3.113596737384796143e-01,3.344992101192474365e-01,2.999264299869537354e-01,2.416678369045257568e-01,2.028809487819671631e-01,1.658114641904830933e-01,1.978663504123687744e-01,2.427836507558822632e-01,1.672026813030242920e-01,3.677085041999816895e-01,3.837486803531646729e-01,3.424564599990844727e-01,1.661747843027114868e-01,3.908194005489349365e-01,4.337011575698852539e-01,5.330089330673217773e-01,3.583391308784484863e-01,3.776418864727020264e-01,3.540019690990447998e-01,3.899275660514831543e-01,4.017245471477508545e-01,2.709284424781799316e-01,2.136839777231216431e-01,2.853221297264099121e-01,3.268845081329345703e-01,3.754363656044006348e-01,3.627699911594390869e-01,3.414135277271270752e-01,3.979888558387756348e-01,3.369899094104766846e-01,3.705327212810516357e-01,3.872675001621246338e-01,3.987754285335540771e-01,1.960680782794952393e-01,2.074934691190719604e-01,1.781346797943115234e-01,2.373502403497695923e-01,2.580743134021759033e-01,3.722623586654663086e-01,2.922787070274353027e-01,3.764605224132537842e-01,3.736666142940521240e-01,9.118185937404632568e-02
-1.072278805077075958e-02,-1.966619491577148438e-01,1.023427471518516541e-01,7.380273938179016113e-02,5.445834994316101074e-01,6.791751384735107422e-01,8.377985656261444092e-02,3.263109549880027771e-02,5.938586592674255371e-01,9.999996423721313477e-01,3.513404130935668945e-01,8.784198760986328125e-02,2.867981195449829102e-01,2.378793656826019287e-01,5.703985095024108887e-01,4.738827049732208252e-01,1.883784383535385132e-01,-2.990120835602283478e-02,1.985899731516838074e-02,4.421100020408630371e-02,2.567105889320373535e-01,3.712156414985656738e-01,2.769039571285247803e-01,2.902781069278717041e-01,4.385534524917602539e-01,4.761970043182373047e-01,3.474625647068023682e-01,5.060197710990905762e-01,3.239403963088989258e-01,1.910330802202224731e-01,2.836438715457916260e-01,3.519714176654815674e-01,-6.440631300210952759e-02,-9.926971048116683960e-02,-1.014784798026084900e-01,1.200777571648359299e-02,2.105292528867721558e-01,1.679307371377944946e-01,2.836074531078338623e-01,2.464348673820495605e-01,2.595093846321105957e-01,1.962854713201522827e-01,9.193390607833862305e-02,1.335857715457677841e-02,-2.154925018548965454e-01,-1.585147529840469360e-01,2.170168757438659668e-01,1.137540638446807861e-01,-2.544873058795928955e-01,-2.843541204929351807e-01,-9.964334219694137573e-02,-2.191263288259506226e-01,1.553574353456497192e-01,1.468831747770309448e-01,3.285216987133026123e-01,3.463332056999206543e-01,-1.108550652861595154e-01,-1.919999122619628906e-01,-2.683266103267669678e-01,-2.583502531051635742e-01,-1.965147703886032104e-01,-1.492438614368438721e-01,-1.331848651170730591e-01,-1.342404931783676147e-01,-1.388231068849563599e-01,-1.833545863628387451e-01,-2.399427890777587891e-01,-8.277175575494766235e-02,-1.669405102729797363e-01,-1.160948420874774456e-03,3.114936947822570801e-01,3.093257844448089600e-01,3.280448019504547119e-01,2.395742684602737427e-01,2.655005753040313721e-01,2.375689893960952759e-01,2.695038020610809326e-01,1.708670407533645630e-01,1.603249609470367432e-01,1.993990093469619751e-01,2.008337974548339844e-01,1.282888799905776978e-01,2.875538468360900879e-01,3.228732049465179443e-01,2.304435670375823975e-01,1.144254356622695923e-01,3.426768183708190918e-01,3.338605165481567383e-01,4.560858011245727539e-01,3.767533302307128906e-01,3.823389708995819092e-01,3.510861694812774658e-01,4.227235317230224609e-01,3.885204792022705078e-01,1.949594914913177490e-01,1.244939863681793213e-01,2.043552845716476440e-01,2.341563850641250610e-01,3.370793163776397705e-01,3.380517661571502686e-01,4.037265479564666748e-01,4.054343104362487793e-01,3.677277863025665283e-01,3.828111588954925537e-01,3.575088381767272949e-01,3.662835955619812012e-01,1.013345718383789062e-01,1.861832290887832642e-01,5.250694975256919861e-02,1.136840805411338806e-01,1.617970615625381470e-01,2.958810329437255859e-01,2.739974260330200195e-01,3.795247673988342285e-01,3.531968593597412109e-01,6.050600856542587280e-02
1.297473013401031494e-01,-1.102049499750137329e-01,2.107683867216110229e-01,6.239187344908714294e-02,3.171051442623138428e-01,3.428075313568115234e-01,3.126959800720214844e-01,1.116616576910018921e-01,4.029185771942138672e-01,3.513404130935668945e-01,1.000000000000000000e+00,3.314735591411590576e-01,5.724050402641296387e-01,4.497720301151275635e-01,3.622851967811584473e-01,2.495473623275756836e-01,4.284355342388153076e-01,2.491028606891632080e-01,4.677531123161315918e-02,9.085017442703247070e-02,1.216476336121559143e-01,2.699539065361022949e-01,3.735233843326568604e-01,3.086984157562255859e-01,2.850320041179656982e-01,3.076874315738677979e-01,1.919087469577789307e-01,2.147341072559356689e-01,3.409146666526794434e-01,2.156763076782226562e-01,4.088611900806427002e-01,4.339150190353393555e-01,1.119257658720016479e-01,5.627030134201049805e-02,5.286343395709991455e-02,1.129384711384773254e-01,1.339761763811111450e-01,1.160363033413887024e-01,1.542974412441253662e-01,7.578284293413162231e-02,9.226633608341217041e-02,7.433316856622695923e-02,6.457341462373733521e-02,-1.530538871884346008e-02,-7.729949802160263062e-02,-4.261927679181098938e-02,1.120584383606910706e-01,5.312278121709823608e-02,-1.162100285291671753e-01,-2.135645747184753418e-01,-7.559442520141601562e-02,-1.672794967889785767e-01,2.976102195680141449e-02,8.733206987380981445e-02,1.640868484973907471e-01,1.707502603530883789e-01,4.171217605471611023e-02,-1.159152388572692871e-01,-1.854953914880752563e-01,-2.362450510263442993e-01,-7.200047373771667480e-02,-1.387385874986648560e-01,2.229643613100051880e-01,-1.700237765908241272e-02,-1.848360989242792130e-03,-1.388071477413177490e-01,-1.347469240427017212e-01,-2.666395343840122223e-02,-8.257292956113815308e-02,6.363751739263534546e-02,3.655416369438171387e-01,3.739237189292907715e-01,2.786277532577514648e-01,2.378825247287750244e-01,1.808594018220901489e-01,1.919219642877578735e-01,2.893950343132019043e-01,2.297583073377609253e-01,3.018049001693725586e-01,2.845686674118041992e-01,2.401952147483825684e-01,1.819623559713363647e-01,1.865101158618927002e-01,1.911651194095611572e-01,1.786154359579086304e-01,5.320188775658607483e-02,2.964597642421722412e-01,2.527219653129577637e-01,3.002469241619110107e-01,1.483884453773498535e-01,2.158743590116500854e-01,2.306599169969558716e-01,2.401115149259567261e-01,2.522212564945220947e-01,1.051953509449958801e-01,3.625355288386344910e-02,9.120614081621170044e-02,1.230682507157325745e-01,1.983378082513809204e-01,2.020257711410522461e-01,2.193543016910552979e-01,2.406065016984939575e-01,2.142532020807266235e-01,2.171109616756439209e-01,1.613031029701232910e-01,1.662797480821609497e-01,5.663064867258071899e-02,6.565763056278228760e-02,-3.259783610701560974e-02,1.036273092031478882e-01,1.102434620261192322e-01,2.048654407262802124e-01,1.597943454980850220e-01,2.002571225166320801e-01,1.925548762083053589e-01,-3.235115483403205872e-02
2.545402944087982178e-01,3.231118619441986084e-01,2.339254468679428101e-01,4.024172723293304443e-01,-9.725745022296905518e-02,-1.120143663138151169e-02,3.742976188659667969e-01,5.010626912117004395e-01,6.071463599801063538e-02,8.784198760986328125e-02,3.314735591411590576e-01,9.999996423721313477e-01,4.118961989879608154e-01,6.102817654609680176e-01,5.270808935165405273e-02,1.904227137565612793e-01,3.219139873981475830e-01,4.526396095752716064e-01,2.873156070709228516e-01,3.712573051452636719e-01,1.817185059189796448e-02,1.031904891133308411e-01,3.017774224281311035e-01,3.317176997661590576e-01,6.873292848467826843e-03,5.301984027028083801e-03,-1.565166413784027100e-01,-1.554152518510818481e-01,1.348415166139602661e-01,1.921339333057403564e-01,3.677684366703033447e-01,3.046753406524658203e-01,2.734143137931823730e-01,2.516968846321105957e-01,8.832741528749465942e-03,3.938043490052223206e-03,1.270158495754003525e-02,1.901186769828200340e-03,1.146619766950607300e-02,-4.844119027256965637e-02,-1.995911635458469391e-02,6.126348674297332764e-02,-2.178243696689605713e-01,-1.438741236925125122e-01,-7.445760071277618408e-03,8.891072124242782593e-03,-2.152387797832489014e-01,-1.462103277444839478e-01,-2.669648267328739166e-03,-7.272606715559959412e-03,-1.296188235282897949e-01,-1.011772379279136658e-01,-2.023895531892776489e-01,-1.425355225801467896e-01,-9.734412282705307007e-02,-1.369984894990921021e-01,1.738398373126983643e-01,2.369814366102218628e-01,1.042637228965759277e-01,1.343611627817153931e-01,1.478161811828613281e-01,1.718946993350982666e-01,2.963327765464782715e-01,2.491230368614196777e-01,4.774446785449981689e-02,7.436523586511611938e-02,5.234352499246597290e-02,1.296078711748123169e-01,2.873228788375854492e-01,3.489177227020263672e-01,2.067900896072387695e-01,1.808349937200546265e-01,5.149316415190696716e-02,3.734487667679786682e-02,-6.965897232294082642e-02,-1.681532897055149078e-02,7.115389406681060791e-02,7.973657548427581787e-02,2.108828127384185791e-01,1.971009522676467896e-01,1.562205106019973755e-01,1.454684883356094360e-01,1.595818996429443359e-01,1.287010610103607178e-01,-2.118981257081031799e-02,6.365078687667846680e-02,1.620820462703704834e-01,1.513728499412536621e-01,-3.574981912970542908e-02,-3.483175486326217651e-02,-1.520327031612396240e-01,-1.640185564756393433e-01,-2.067228704690933228e-01,-1.632270216941833496e-01,-6.684172898530960083e-02,-5.242953076958656311e-02,-6.248579174280166626e-02,-8.459311723709106445e-02,-1.841721683740615845e-01,-1.665387153625488281e-01,-1.288717538118362427e-01,-1.483571827411651611e-01,-1.111071556806564331e-01,-1.786663085222244263e-01,-1.483895182609558105e-01,-1.608432382345199585e-01,5.824298411607742310e-02,-4.797528311610221863e-02,-6.309519708156585693e-02,-1.432859059423208237e-02,-9.161905944347381592e-02,-1.516143679618835449e-01,-2.215922325849533081e-01,-1.782448142766952515e-01,-1.829691827297210693e-01,4.251270554959774017e-03
5.910447984933853149e-02,-9.165808558464050293e-02,1.522649228572845459e-01,1.366767883300781250e-01,1.672127246856689453e-01,2.437436431646347046e-01,3.260188400745391846e-01,1.475528031587600708e-01,3.626442849636077881e-01,2.867981195449829102e-01,5.724050402641296387e-01,4.118961989879608154e-01,9.999997615814208984e-01,5.117658972740173340e-01,3.807806372642517090e-01,3.249045610427856445e-01,3.867394924163818359e-01,2.599698305130004883e-01,-1.130748190917074680e-03,5.003385990858078003e-02,1.506070196628570557e-01,2.561532258987426758e-01,3.522712290287017822e-01,3.097887337207794189e-01,2.804825603961944580e-01,2.886992394924163818e-01,2.751181833446025848e-02,4.231879487633705139e-02,3.909218013286590576e-01,2.837008237838745117e-01,4.936271309852600098e-01,4.881750047206878662e-01,-4.053340107202529907e-02,-8.380835503339767456e-02,-1.316613256931304932e-01,-2.559374831616878510e-02,1.986346989870071411e-01,1.890536397695541382e-01,2.133995741605758667e-01,1.428554952144622803e-01,1.618402749300003052e-01,1.724545955657958984e-01,-7.486830651760101318e-02,-8.861242979764938354e-02,-2.100933790206909180e-01,-2.111139595508575439e-01,-2.505619777366518974e-03,-2.041238360106945038e-02,-2.301381975412368774e-01,-3.096782863140106201e-01,-1.305807083845138550e-01,-2.421054989099502563e-01,-3.717143088579177856e-02,-2.349669858813285828e-02,1.618174463510513306e-01,8.357980847358703613e-02,-8.043210208415985107e-02,-1.576583236455917358e-01,-2.230930626392364502e-01,-2.221274077892303467e-01,-1.629086285829544067e-01,-1.724518388509750366e-01,7.684358954429626465e-02,-1.249827668070793152e-01,-1.421338915824890137e-01,-2.276027500629425049e-01,-2.380101680755615234e-01,-1.101573258638381958e-01,-3.179305046796798706e-02,2.408494055271148682e-02,3.734794259071350098e-01,2.435053437948226929e-01,2.691372632980346680e-01,1.704112738370895386e-01,1.522726863622665405e-01,1.813388466835021973e-01,1.908562481403350830e-01,1.854528784751892090e-01,2.941552698612213135e-01,2.179545760154724121e-01,2.638198733329772949e-01,1.299534738063812256e-01,3.080822825431823730e-01,2.771729826927185059e-01,1.959746479988098145e-01,3.947738930583000183e-02,3.465919196605682373e-01,3.216807842254638672e-01,2.356155067682266235e-01,5.613565817475318909e-02,1.079582720994949341e-01,5.531106144189834595e-02,7.634545117616653442e-02,7.354775071144104004e-02,1.666225343942642212e-01,1.394346207380294800e-01,1.308469623327255249e-01,1.334043741226196289e-01,8.912212401628494263e-02,8.176942169666290283e-02,1.308148056268692017e-01,1.137275844812393188e-01,1.516522616147994995e-01,1.011312305927276611e-01,1.498252600431442261e-01,1.271358132362365723e-01,1.381702423095703125e-01,1.665499657392501831e-01,-1.107429154217243195e-02,1.866131573915481567e-01,1.308123022317886353e-01,1.314565837383270264e-01,1.591762062162160873e-03,9.633688628673553467e-02,1.165032759308815002e-01,4.641777370125055313e-03
