1.000000476837158203e+00,6.507307887077331543e-01,2.505273222923278809e-01,3.780110478401184082e-01,2.528429031372070312e-01,4.214943647384643555e-01,5.136288404464721680e-01,4.259880483150482178e-01,2.260941080749034882e-02,1.300149112939834595e-01,1.242287158966064453e-01,3.170563876628875732e-01,1.519417017698287964e-01,2.636525630950927734e-01,3.647034987807273865e-02,5.211710557341575623e-02,2.795899808406829834e-01,2.496144920587539673e-01,1.829953044652938843e-01,1.908744126558303833e-01,5.740808323025703430e-02,1.356592178344726562e-01,1.907973885536193848e-01,3.008385896682739258e-01,3.621563613414764404e-01,4.995186626911163330e-01,2.953517436981201172e-01,3.593325316905975342e-01,2.581479549407958984e-01,3.699252381920814514e-02,3.599646091461181641e-01,3.668006658554077148e-01,2.489408850669860840e-01,3.255533277988433838e-01,2.258566617965698242e-01,2.630783319473266602e-01,3.767150938510894775e-01,2.516512274742126465e-01,3.174365162849426270e-01,3.782816231250762939e-01,3.235026597976684570e-01,1.033136099576950073e-01,3.172607123851776123e-01,2.433461248874664307e-01,2.643565237522125244e-01,2.506659030914306641e-01,3.430294692516326904e-01,3.373196423053741455e-01,3.622321784496307373e-01,3.354461789131164551e-01,2.888301610946655273e-01,1.750739216804504395e-01,3.658898174762725830e-01,3.056703209877014160e-01,2.348037511110305786e-01,3.287374377250671387e-01,6.718892455101013184e-01,5.421886444091796875e-01,4.433413147926330566e-01,3.394553065299987793e-01,4.884820878505706787e-01,2.962790727615356445e-01,4.620559215545654297e-01,3.608847856521606445e-01,3.902798295021057129e-01,3.588483929634094238e-01,4.634482860565185547e-01,3.985748887062072754e-01,2.202913314104080200e-01,3.300002813339233398e-01,2.331276834011077881e-01,2.979067564010620117e-01,1.080333963036537170e-01,-1.074222195893526077e-02,1.480183452367782593e-01,1.914929598569869995e-01,3.332752883434295654e-01,3.569170832633972168e-01,3.460388183593750000e-01,2.435245513916015625e-01,2.449300587177276611e-01,3.090749084949493408e-01,1.994879394769668579e-01,2.149652242660522461e-01,1.981585770845413208e-01,1.690754741430282593e-01,1.861788332462310791e-01,2.908665835857391357e-01,1.393194347620010376e-01,2.233222573995590210e-01,2.727666199207305908e-01,2.505068480968475342e-01,1.580387949943542480e-01,1.944771558046340942e-01,2.060679942369461060e-01,2.064328491687774658e-01,3.797097206115722656e-01,4.483017921447753906e-01,2.335104942321777344e-01,2.395938038825988770e-01,1.436384171247482300e-01,2.047351747751235962e-02,1.614702641963958740e-01,1.540789604187011719e-01,2.211967706680297852e-01,3.028002381324768066e-01,2.887781858444213867e-01,1.604331135749816895e-01,2.796285152435302734e-01,4.072102606296539307e-01,4.526894986629486084e-01,3.863532245159149170e-01,1.586763560771942139e-01,1.614630669355392456e-01,2.441808953881263733e-02,2.179953455924987793e-01
6.507307887077331543e-01,1.000000476837158203e+00,7.208701968193054199e-02,3.739508390426635742e-01,1.977095007896423340e-01,5.084695816040039062e-01,3.376590013504028320e-01,4.963639676570892334e-01,-5.315012484788894653e-02,8.849130570888519287e-02,-1.144844740629196167e-01,3.367909491062164307e-01,-4.492733255028724670e-02,4.028094112873077393e-01,-1.110608652234077454e-01,1.568639725446701050e-01,3.043040260672569275e-02,1.909705847501754761e-01,1.452082246541976929e-01,2.427472919225692749e-01,1.540323048830032349e-01,2.040356695652008057e-01,6.273435801267623901e-02,2.150011509656906128e-01,3.834537565708160400e-01,4.670180380344390869e-01,3.672427237033843994e-01,4.286924600601196289e-01,6.738700717687606812e-02,1.279135048389434814e-01,2.957833111286163330e-01,3.388585448265075684e-01,2.270434200763702393e-01,3.002263307571411133e-01,2.465628534555435181e-01,2.656586170196533203e-01,3.167920410633087158e-01,3.394555151462554932e-01,1.833434700965881348e-01,4.494553208351135254e-01,3.076298236846923828e-01,1.944296061992645264e-01,3.762918710708618164e-01,2.872777283191680908e-01,3.681265711784362793e-01,3.683736920356750488e-01,3.279633224010467529e-01,3.604586720466613770e-01,3.953704535961151123e-01,3.364791274070739746e-01,2.538652718067169189e-01,1.112827658653259277e-01,2.994520664215087891e-01,3.654139637947082520e-01,1.365566849708557129e-01,4.257772266864776611e-01,4.938639998435974121e-01,6.570736169815063477e-01,5.235483050346374512e-01,4.400547444820404053e-01,4.935312271118164062e-01,3.383030891418457031e-01,2.935201525688171387e-01,4.750055372714996338e-01,3.226891756057739258e-01,4.433449804782867432e-01,5.562449693679809570e-01,5.382881164550781250e-01,1.984697729349136353e-01,3.237431645393371582e-01,2.769719064235687256e-01,4.030385911464691162e-01,1.556624174118041992e-01,5.654035136103630066e-02,2.381964027881622314e-01,2.536914944648742676e-01,3.490069806575775146e-01,3.982757329940795898e-01,2.111876606941223145e-01,2.791342437267303467e-01,4.615500569343566895e-02,3.134686648845672607e-01,5.023153126239776611e-02,3.157071471214294434e-01,-5.209710914641618729e-03,1.492274105548858643e-01,1.420707255601882935e-01,3.844081461429595947e-01,-3.411327674984931946e-02,2.230459600687026978e-01,1.413699984550476074e-01,2.133950740098953247e-01,1.150266453623771667e-01,1.851097792387008667e-01,1.421259492635726929e-01,9.109148383140563965e-02,3.895075023174285889e-01,4.459169805049896240e-01,1.603600680828094482e-01,2.334612309932708740e-01,7.359587401151657104e-02,-1.591902412474155426e-02,8.611080795526504517e-02,7.504311203956604004e-02,1.278320550918579102e-01,2.244661152362823486e-01,2.528558373451232910e-01,1.315513104200363159e-01,2.621382772922515869e-01,4.113838970661163330e-01,5.262206792831420898e-01,4.453260004520416260e-01,1.862146407365798950e-01,1.809189766645431519e-01,4.647070541977882385e-02,3.047631382942199707e-01
2.505273222923278809e-01,7.208701968193054199e-02,1.000000119209289551e+00,3.431568443775177002e-01,2.694445848464965820e-01,6.429589539766311646e-02,6.133913397789001465e-01,3.853787481784820557e-01,1.756241768598556519e-01,-3.666343539953231812e-02,3.110840320587158203e-01,1.372319161891937256e-01,4.023060798645019531e-01,1.749242842197418213e-01,3.286532759666442871e-01,6.661859154701232910e-02,3.754164278507232666e-01,1.570340991020202637e-01,1.211807131767272949e-01,9.267678856849670410e-02,-1.583623588085174561e-01,-1.182074248790740967e-01,6.262280344963073730e-01,5.516932010650634766e-01,2.975922226905822754e-01,3.462132215499877930e-01,-2.412235131487250328e-03,-4.194029048085212708e-02,2.643185555934906006e-01,5.539342388510704041e-02,5.177752375602722168e-01,4.216915965080261230e-01,7.203827053308486938e-02,1.289169043302536011e-01,-1.861831992864608765e-01,-2.293604314327239990e-01,-2.147255837917327881e-02,-6.675062328577041626e-02,1.987133324146270752e-01,1.999006867408752441e-01,1.011745110154151917e-01,-1.888459622859954834e-01,-1.080204918980598450e-01,1.027850061655044556e-01,-1.212207973003387451e-01,-5.771587416529655457e-02,1.204238981008529663e-01,1.316495984792709351e-01,8.953648805618286133e-02,8.259312808513641357e-02,3.044677674770355225e-01,2.084254473447799683e-01,2.906843423843383789e-01,1.156024932861328125e-01,2.565431296825408936e-01,2.317970246076583862e-01,2.576851844787597656e-01,4.525375738739967346e-02,-6.286057084798812866e-02,-6.175253167748451233e-02,-8.422962576150894165e-02,-1.651568263769149780e-01,2.274840027093887329e-01,-3.253184957429766655e-03,1.130053102970123291e-01,-1.040524020791053772e-01,-9.064696729183197021e-02,-1.705621331930160522e-01,-8.038251101970672607e-02,-7.213057577610015869e-02,7.902396470308303833e-02,1.719570532441139221e-02,-2.454347163438796997e-01,2.662281394004821777e-01,-1.722229868173599243e-01,1.140888258814811707e-01,1.640114188194274902e-02,4.737647622823715210e-02,1.766888946294784546e-01,1.873083263635635376e-01,4.081917703151702881e-01,1.972521245479583740e-01,3.637633919715881348e-01,5.240135639905929565e-02,4.188235104084014893e-01,2.147359699010848999e-01,1.984237730503082275e-01,1.274204999208450317e-02,4.158671200275421143e-01,2.951313555240631104e-01,4.421817064285278320e-01,3.173650503158569336e-01,1.829728037118911743e-01,1.148831024765968323e-01,4.102372229099273682e-01,5.364591479301452637e-01,4.100673645734786987e-02,3.625027239322662354e-01,2.344668656587600708e-01,1.287103593349456787e-01,2.402767241001129150e-01,1.992125511169433594e-01,3.202318549156188965e-01,2.931534647941589355e-01,2.821278274059295654e-01,2.980888783931732178e-01,3.047641515731811523e-01,1.473510712385177612e-01,4.244876503944396973e-01,1.953581422567367554e-01,3.949198499321937561e-02,1.696140691637992859e-02,8.921691775321960449e-02,-3.429787606000900269e-02,-1.066605970263481140e-01,-1.956173479557037354e-01
3.780110478401184082e-01,3.739508390426635742e-01,3.431568443775177002e-01,9.999997615814208984e-01,-2.704067446757107973e-04,2.427242249250411987e-01,2.876116037368774414e-01,3.609658181667327881e-01,-1.240469515323638916e-01,-4.739334806799888611e-02,-1.209394931793212891e-01,1.047123223543167114e-01,-9.068096056580543518e-03,1.849297583103179932e-01,-7.100614905357360840e-02,6.000988185405731201e-02,-1.566814631223678589e-02,3.736983519047498703e-03,6.391273140907287598e-01,6.254493594169616699e-01,-8.770405501127243042e-02,-3.427480161190032959e-02,3.544891774654388428e-01,3.941354155540466309e-01,2.782733738422393799e-01,3.582237958908081055e-01,7.160829752683639526e-02,9.669036418199539185e-02,2.506320178508758545e-02,1.633046939969062805e-02,4.399046003818511963e-01,3.940742611885070801e-01,1.381624788045883179e-01,2.726135253906250000e-01,3.034414164721965790e-02,2.571909502148628235e-02,2.088619582355022430e-02,3.677706047892570496e-02,9.014307521283626556e-03,2.529678046703338623e-01,1.362591981887817383e-01,-2.781659364700317383e-02,7.583019137382507324e-02,9.663140773773193359e-02,1.395381242036819458e-01,1.039390489459037781e-01,1.540914177894592285e-01,1.551879644393920898e-01,1.799986064434051514e-01,1.104754954576492310e-01,1.787463873624801636e-01,1.032308326102793217e-03,2.944819927215576172e-01,2.762009799480438232e-01,9.877590835094451904e-02,2.745124995708465576e-01,1.694760024547576904e-01,1.988272368907928467e-01,2.020434588193893433e-01,1.209683716297149658e-01,8.968123793601989746e-02,6.062595546245574951e-02,-4.518040642142295837e-02,1.825685650110244751e-01,3.045771457254886627e-02,8.149598538875579834e-02,2.364051491022109985e-01,1.837719827890396118e-01,4.291681051254272461e-01,3.718050420284271240e-01,1.123631820082664490e-01,1.733824312686920166e-01,-1.322679519653320312e-01,1.606325507164001465e-01,-1.062650233507156372e-01,1.018429696559906006e-01,1.826510280370712280e-01,1.850855797529220581e-01,6.143091013655066490e-04,9.663534909486770630e-02,-3.397296182811260223e-03,5.788798909634351730e-03,1.147501021623611450e-01,2.030952721834182739e-01,1.913999393582344055e-02,4.857843276113271713e-03,1.313357502222061157e-01,2.228319197893142700e-01,9.560083597898483276e-02,1.837032586336135864e-01,2.254346013069152832e-01,2.598704397678375244e-01,8.655228465795516968e-02,2.115078270435333252e-01,2.234309017658233643e-01,3.009710311889648438e-01,1.420174688100814819e-01,3.906141519546508789e-01,1.027927249670028687e-01,5.623454973101615906e-02,8.490694314241409302e-02,1.475615352392196655e-01,2.079714685678482056e-01,1.747429221868515015e-01,1.027096807956695557e-01,3.848871588706970215e-02,1.512852907180786133e-01,-3.584505617618560791e-02,3.790667951107025146e-01,3.246506452560424805e-01,2.719219326972961426e-01,2.037397623062133789e-01,1.362032145261764526e-01,5.591363459825515747e-02,-8.875994384288787842e-02,8.763490244746208191e-03
2.528429031372070312e-01,1.977095007896423340e-01,2.694445848464965820e-01,-2.704067446757107973e-04,9.999997019767761230e-01,3.997260928153991699e-01,4.183019995689392090e-01,1.941891759634017944e-01,6.197355389595031738e-01,3.208482861518859863e-01,2.309505045413970947e-01,1.001312732696533203e-01,3.144893050193786621e-01,1.805114597082138062e-01,4.791637063026428223e-01,2.661467790603637695e-01,1.331036835908889771e-01,1.297610700130462646e-01,1.820892654359340668e-02,1.753785088658332825e-02,1.156942546367645264e-01,6.153682246804237366e-02,-1.133183389902114868e-02,1.433445326983928680e-02,5.595875382423400879e-01,3.844041824340820312e-01,5.285381078720092773e-01,3.321020305156707764e-01,2.008960247039794922e-01,7.362738996744155884e-02,3.965723514556884766e-02,3.343000542372465134e-03,-2.729068323969841003e-02,-8.587509393692016602e-02,-3.054234385490417480e-01,-2.539620995521545410e-01,-3.330247476696968079e-02,5.925110355019569397e-02,2.608295977115631104e-01,2.272569239139556885e-01,2.371470779180526733e-01,2.251489609479904175e-01,-1.783919781446456909e-01,-2.927075885236263275e-02,-1.113043799996376038e-01,2.721765777096152306e-03,-1.330468524247407913e-02,9.482301771640777588e-02,4.375083744525909424e-02,1.078704893589019775e-01,6.413153838366270065e-03,7.745717465877532959e-02,2.346922457218170166e-01,2.252694219350814819e-01,2.114322781562805176e-01,2.853614687919616699e-01,3.830406069755554199e-01,2.920642495155334473e-01,4.528207331895828247e-02,3.358139097690582275e-01,8.144336938858032227e-02,9.224957972764968872e-02,3.040452897548675537e-01,1.825458556413650513e-01,1.233620867133140564e-01,5.496412143111228943e-02,-7.978660613298416138e-02,-4.341818019747734070e-02,1.104244887828826904e-01,1.039775162935256958e-01,-5.237935110926628113e-02,-1.689495593309402466e-01,6.860689818859100342e-02,-8.582440018653869629e-02,2.745448052883148193e-02,-1.732955724000930786e-01,-1.749355196952819824e-01,-9.581410884857177734e-02,1.446537375450134277e-01,2.037015557289123535e-01,2.456382662057876587e-01,2.883478403091430664e-01,5.232607126235961914e-01,2.501379251480102539e-01,2.349052876234054565e-01,3.078781664371490479e-01,4.120486974716186523e-01,2.548542618751525879e-01,3.590101897716522217e-01,4.395428001880645752e-01,2.695259749889373779e-01,3.712059855461120605e-01,5.473591759800910950e-02,1.336663365364074707e-01,1.168035715818405151e-02,-6.160594150424003601e-02,2.030465304851531982e-01,1.096619144082069397e-01,4.390857741236686707e-02,1.784176528453826904e-01,1.791915148496627808e-01,4.043910279870033264e-02,1.243961602449417114e-01,1.298543661832809448e-01,4.727789759635925293e-02,3.699884414672851562e-01,1.114033088088035583e-01,3.495945632457733154e-01,3.166215121746063232e-02,7.729465514421463013e-02,6.471786648035049438e-02,1.029447764158248901e-01,8.195973932743072510e-02,9.698725491762161255e-02,1.182359233498573303e-01,2.023703008890151978e-01
4.214943647384643555e-01,5.084695816040039062e-01,6.429589539766311646e-02,2.427242249250411987e-01,3.997260928153991699e-01,1.000000119209289551e+00,2.187333554029464722e-01,5.134872198104858398e-01,1.939612813293933868e-02,4.690034985542297363e-01,-1.813418865203857422e-01,2.896742522716522217e-01,-1.119810491800308228e-01,5.453178286552429199e-01,-9.255618602037429810e-02,3.057896494865417480e-01,-5.167140439152717590e-02,1.069441512227058411e-01,1.365287229418754578e-02,1.154003962874412537e-01,1.435159891843795776e-01,2.057810574769973755e-01,4.038205742835998535e-02,2.365277558565139771e-01,6.023073196411132812e-01,5.492949485778808594e-01,6.718245744705200195e-01,6.975551843643188477e-01,6.883543916046619415e-03,1.537111550569534302e-01,2.313631474971771240e-01,2.759018838405609131e-01,6.149685382843017578e-02,1.447782367467880249e-01,1.146990433335304260e-01,2.353636175394058228e-01,1.900560855865478516e-01,2.623009383678436279e-01,1.251562237739562988e-01,3.859567642211914062e-01,2.799004912376403809e-01,3.054498136043548584e-01,2.824752926826477051e-01,1.921899318695068359e-01,3.007436394691467285e-01,3.618806004524230957e-01,1.623210459947586060e-01,3.229127526283264160e-01,2.621781527996063232e-01,2.236547619104385376e-01,8.461166918277740479e-02,2.924097701907157898e-03,3.549283444881439209e-01,4.969360232353210449e-01,9.881328046321868896e-02,4.613031744956970215e-01,3.842828869819641113e-01,5.943767428398132324e-01,5.966719388961791992e-01,5.511046648025512695e-01,4.456834197044372559e-01,3.599950075149536133e-01,2.319255769252777100e-01,5.178793072700500488e-01,1.400516480207443237e-01,3.066529035568237305e-01,4.961933791637420654e-01,4.997559487819671631e-01,1.891042590141296387e-01,3.016452789306640625e-01,2.032660096883773804e-01,2.777117192745208740e-01,1.866220235824584961e-01,2.079154551029205322e-02,2.554854750633239746e-01,1.318089514970779419e-01,2.413901239633560181e-01,3.362590968608856201e-01,1.215649470686912537e-01,1.673604696989059448e-01,-9.165084362030029297e-02,2.710436284542083740e-01,8.174411952495574951e-02,5.196158289909362793e-01,-1.038096100091934204e-01,4.836053028702735901e-02,2.104347497224807739e-01,6.369504332542419434e-01,-1.034627929329872131e-01,3.134284317493438721e-01,6.056211516261100769e-02,3.574322462081909180e-01,-4.223803430795669556e-02,3.244866132736206055e-01,-4.881037399172782898e-02,-9.916427731513977051e-02,3.873679935932159424e-01,3.687809705734252930e-01,2.682567574083805084e-02,2.353368848562240601e-01,-1.483985483646392822e-01,-7.552646100521087646e-02,-8.700512349605560303e-02,-1.986537873744964600e-02,-1.208962127566337585e-01,1.956354975700378418e-01,1.487708836793899536e-01,1.940305829048156738e-01,1.593619585037231445e-01,3.812312781810760498e-01,5.307811498641967773e-01,4.900335669517517090e-01,2.553274631500244141e-01,1.522451490163803101e-01,4.255149140954017639e-02,4.170370101928710938e-01
5.136288404464721680e-01,3.376590013504028320e-01,6.133913397789001465e-01,2.876116037368774414e-01,4.183019995689392090e-01,2.187333554029464722e-01,1.000000476837158203e+00,5.565854907035827637e-01,2.423412352800369263e-01,4.578439518809318542e-02,4.467291831970214844e-01,3.590157330036163330e-01,5.094391107559204102e-01,2.994256913661956787e-01,3.188241124153137207e-01,1.134501993656158447e-01,4.532715380191802979e-01,3.088728487491607666e-01,2.037344872951507568e-02,4.968036338686943054e-02,-1.473829429596662521e-02,4.856657609343528748e-02,3.864348828792572021e-01,3.844370245933532715e-01,4.014419913291931152e-01,4.596851170063018799e-01,1.771115660667419434e-01,2.064966857433319092e-01,3.516636490821838379e-01,1.340890079736709595e-01,4.036169946193695068e-01,3.052839338779449463e-01,1.440544575452804565e-01,1.678575575351715088e-01,-3.442217409610748291e-02,-2.315090596675872803e-02,1.873136162757873535e-01,9.716612100601196289e-02,3.299706280231475830e-01,3.409861028194427490e-01,2.892069220542907715e-01,-1.691596210002899170e-02,5.661201849579811096e-02,1.503009200096130371e-01,3.791239112615585327e-02,7.050865888595581055e-02,2.095941901206970215e-01,2.468770444393157959e-01,2.081129401922225952e-01,2.597320675849914551e-01,2.453484088182449341e-01,2.379973381757736206e-01,3.134559094905853271e-01,2.123528271913528442e-01,2.554213702678680420e-01,3.584865331649780273e-01,5.387675166130065918e-01,3.036811351776123047e-01,1.194209381937980652e-01,1.546089202165603638e-01,1.932125389575958252e-01,3.443966433405876160e-02,4.467350542545318604e-01,1.989034563302993774e-01,2.302497476339340210e-01,1.337767243385314941e-01,1.153733283281326294e-01,4.177303239703178406e-02,-1.065904647111892700e-01,2.486176555976271629e-03,1.418364942073822021e-01,1.070195585489273071e-01,-5.122869089245796204e-02,1.377339363098144531e-01,3.059382550418376923e-02,1.025485470890998840e-01,1.097061857581138611e-01,1.591295003890991211e-01,3.696916699409484863e-01,3.373682498931884766e-01,4.649596214294433594e-01,3.587227761745452881e-01,3.840059041976928711e-01,1.293325722217559814e-01,4.100461900234222412e-01,3.452914059162139893e-01,1.571763455867767334e-01,7.903138548135757446e-02,3.407880961894989014e-01,3.611774444580078125e-01,3.480339348316192627e-01,3.130500614643096924e-01,6.904013454914093018e-02,6.953093409538269043e-02,3.276467919349670410e-01,3.824495077133178711e-01,1.965762972831726074e-01,4.015061557292938232e-01,2.162818163633346558e-01,3.062214553356170654e-01,1.977916061878204346e-01,4.191574454307556152e-02,2.108443826436996460e-01,2.120830863714218140e-01,2.759343981742858887e-01,4.350959658622741699e-01,3.033639490604400635e-01,2.611097395420074463e-01,3.359228968620300293e-01,2.280257046222686768e-01,1.955663561820983887e-01,1.781312227249145508e-01,1.456447988748550415e-01,9.504095464944839478e-02,2.245110087096691132e-02,6.910946965217590332e-02
4.259880483150482178e-01,4.963639676570892334e-01,3.853787481784820557e-01,3.609658181667327881e-01,1.941891759634017944e-01,5.134872198104858398e-01,5.565854907035827637e-01,9.999999403953552246e-01,-1.540834009647369385e-01,1.522841751575469971e-01,4.162477329373359680e-02,5.104480981826782227e-01,9.646186977624893188e-02,6.347481012344360352e-01,-8.997149020433425903e-02,2.554446160793304443e-01,1.333649754524230957e-01,2.818168997764587402e-01,-7.013346254825592041e-02,7.277614623308181763e-02,8.077116310596466064e-02,1.229645907878875732e-01,3.245003819465637207e-01,4.279444515705108643e-01,4.335512220859527588e-01,4.377478957176208496e-01,3.424121737480163574e-01,4.244284331798553467e-01,5.777593702077865601e-02,2.160962969064712524e-01,4.147782623767852783e-01,3.810690641403198242e-01,1.440678089857101440e-01,2.429000139236450195e-01,1.748709678649902344e-01,2.305288761854171753e-01,2.085864990949630737e-01,2.449609637260437012e-01,1.366867423057556152e-01,4.684392511844635010e-01,2.728611230850219727e-01,1.604055464267730713e-01,2.235055714845657349e-01,2.084679007530212402e-01,1.876675635576248169e-01,2.444057762622833252e-01,1.900126785039901733e-01,3.351108729839324951e-01,2.642309665679931641e-01,2.762979865074157715e-01,2.636305987834930420e-01,1.645641475915908813e-01,3.977801501750946045e-01,4.600225389003753662e-01,8.987489342689514160e-02,5.725114345550537109e-01,3.653691411018371582e-01,4.639787971973419189e-01,3.822618424892425537e-01,3.229760825634002686e-01,3.397421240806579590e-01,1.432159841060638428e-01,3.392945826053619385e-01,4.866103827953338623e-01,1.588189601898193359e-01,2.606341540813446045e-01,3.567427396774291992e-01,3.341772556304931641e-01,-8.816570043563842773e-02,1.057479456067085266e-01,2.296767681837081909e-01,3.117545545101165771e-01,7.594543695449829102e-02,2.159095108509063721e-01,2.056289613246917725e-01,2.374508231878280640e-01,2.505270242691040039e-01,3.242864608764648438e-01,1.823071837425231934e-01,3.042075634002685547e-01,1.051557436585426331e-01,3.495849072933197021e-01,4.115253314375877380e-02,4.394887089729309082e-01,4.263244569301605225e-02,1.888029575347900391e-01,8.664369583129882812e-02,3.843578994274139404e-01,-5.326612293720245361e-02,3.425125479698181152e-01,1.353547573089599609e-01,3.640999495983123779e-01,-7.476603239774703979e-02,1.679693460464477539e-01,2.029801756143569946e-01,2.185547202825546265e-01,2.301848977804183960e-01,4.911074340343475342e-01,1.277238726615905762e-01,3.716961145401000977e-01,-1.346417516469955444e-01,-1.282011121511459351e-01,-1.087521910667419434e-01,-4.776928201317787170e-02,-3.600750863552093506e-02,1.711279898881912231e-01,1.926566958427429199e-01,1.465021967887878418e-01,3.646639287471771240e-01,3.810660541057586670e-01,4.653070569038391113e-01,4.370126426219940186e-01,2.973480224609375000e-01,3.209095820784568787e-02,-8.371521532535552979e-02,2.133868336677551270e-01
2.260941080749034882e-02,-5.315012484788894653e-02,1.756241768598556519e-01,-1.240469515323638916e-01,6.197355389595031738e-01,1.939612813293933868e-02,2.423412352800369263e-01,-1.540834009647369385e-01,9.999998211860656738e-01,2.671728730201721191e-01,3.132702112197875977e-01,1.104683708399534225e-02,3.595817387104034424e-01,-8.686376363039016724e-02,6.632211208343505859e-01,2.875678241252899170e-01,1.429590731859207153e-01,1.207204833626747131e-01,7.961074262857437134e-02,3.764100000262260437e-02,1.706364899873733521e-01,6.607032567262649536e-02,-1.586698591709136963e-01,-2.096438705921173096e-01,2.400681525468826294e-01,1.745888739824295044e-01,2.309572249650955200e-01,4.711771849542856216e-03,2.218633443117141724e-01,6.611181050539016724e-02,-1.401942074298858643e-01,-1.888471692800521851e-01,-5.509488657116889954e-02,-2.075534909963607788e-01,-4.177461862564086914e-01,-4.481042325496673584e-01,-1.448166221380233765e-01,-1.884565129876136780e-02,2.622127234935760498e-01,9.267078130505979061e-04,1.121764853596687317e-01,3.467796370387077332e-02,-3.417752385139465332e-01,-1.184990704059600830e-01,-2.941613793373107910e-01,-1.915114521980285645e-01,-9.812036901712417603e-02,-1.016867607831954956e-01,-9.967238456010818481e-02,-7.759741973131895065e-03,-9.349805116653442383e-02,5.136835202574729919e-02,-1.544439494609832764e-01,-1.610267758369445801e-01,1.702309846878051758e-01,5.950331315398216248e-02,1.811732202768325806e-01,7.560160011053085327e-02,-2.895916998386383057e-01,9.095156565308570862e-03,-1.597142815589904785e-01,-8.524511940777301788e-03,1.085594296455383301e-01,-1.451711058616638184e-01,1.153414621949195862e-01,-1.190433651208877563e-01,-3.408730924129486084e-01,-2.957469820976257324e-01,4.070015996694564819e-02,-2.393269725143909454e-02,-1.300829499959945679e-01,-3.099177777767181396e-01,-4.252880066633224487e-02,-1.625133454799652100e-01,-1.276307106018066406e-01,-2.731768488883972168e-01,-3.064173758029937744e-01,-2.651012837886810303e-01,9.540534019470214844e-02,1.383409053087234497e-01,2.833894789218902588e-01,2.103012949228286743e-01,5.335938334465026855e-01,3.237367793917655945e-02,2.865641117095947266e-01,3.837961852550506592e-01,3.219069540500640869e-01,-6.975604593753814697e-02,5.062348246574401855e-01,4.552688598632812500e-01,2.316679954528808594e-01,2.421673685312271118e-01,1.978751420974731445e-01,1.080520674586296082e-01,4.123971983790397644e-02,-8.632966317236423492e-03,-8.703839965164661407e-03,-1.639296859502792358e-01,2.633375115692615509e-02,8.188506960868835449e-02,4.403925240039825439e-01,2.911010980606079102e-01,3.543198704719543457e-01,3.469545841217041016e-01,2.152226120233535767e-01,3.574466705322265625e-01,6.215032190084457397e-02,3.239926099777221680e-01,-9.307295083999633789e-02,-2.399709224700927734e-01,-3.314465284347534180e-01,-2.680476903915405273e-01,-1.185787543654441833e-01,7.425301522016525269e-02,2.363584488630294800e-01,9.215270169079303741e-03
1.300149112939834595e-01,8.849130570888519287e-02,-3.666343539953231812e-02,-4.739334806799888611e-02,3.208482861518859863e-01,4.690034985542297363e-01,4.578439518809318542e-02,1.522841751575469971e-01,2.671728730201721191e-01,1.000000357627868652e+00,1.608856916427612305e-01,2.836137413978576660e-01,5.983600765466690063e-02,3.263851106166839600e-01,1.769449710845947266e-01,5.165085196495056152e-01,1.060856133699417114e-01,2.719913423061370850e-01,-6.938107311725616455e-02,-9.972023777663707733e-03,2.114076316356658936e-01,1.954289525747299194e-01,-2.006859779357910156e-01,-1.745031923055648804e-01,2.721727788448333740e-01,2.199472039937973022e-01,4.329859316349029541e-01,3.473772704601287842e-01,2.839375734329223633e-01,3.295655548572540283e-01,-1.263633072376251221e-01,-1.336909532546997070e-01,-3.084471821784973145e-02,-4.282362014055252075e-02,8.432077616453170776e-02,1.404143124818801880e-01,2.209362685680389404e-01,2.887958586215972900e-01,2.141006886959075928e-01,1.464222967624664307e-01,7.114014029502868652e-02,6.765263527631759644e-02,1.228763088583946228e-01,5.508669093251228333e-02,4.701834917068481445e-02,1.329179853200912476e-01,1.059867516160011292e-01,6.449007242918014526e-02,3.846849128603935242e-02,4.268205165863037109e-02,-8.700120449066162109e-02,-6.825827062129974365e-02,-1.130510121583938599e-02,-5.350039899349212646e-02,1.891291588544845581e-01,2.042770981788635254e-01,2.510956227779388428e-01,2.708951532840728760e-01,1.284833997488021851e-01,1.918389350175857544e-01,2.031857818365097046e-01,8.170141279697418213e-02,9.573069214820861816e-02,-1.323523372411727905e-02,5.604040250182151794e-02,3.806748241186141968e-02,2.060536444187164307e-01,2.636639773845672607e-01,1.064876690506935120e-01,2.343058586120605469e-01,1.934417188167572021e-01,2.316799163818359375e-01,2.193598002195358276e-01,-8.561271242797374725e-03,2.423996180295944214e-01,1.177687048912048340e-01,2.493469864130020142e-01,2.911076247692108154e-01,1.068620011210441589e-01,1.647781878709793091e-01,8.192906528711318970e-02,2.304406017065048218e-01,1.875699311494827271e-02,3.681409358978271484e-01,6.541763246059417725e-02,1.622723191976547241e-01,3.298994153738021851e-02,2.532183229923248291e-01,1.346514225006103516e-01,3.522589504718780518e-01,8.589774370193481445e-02,1.592650264501571655e-01,1.516728699207305908e-01,2.671805918216705322e-01,3.038477711379528046e-02,-1.032624840736389160e-01,1.884874403476715088e-01,-3.932020068168640137e-02,1.664614826440811157e-01,2.504926323890686035e-01,8.251037448644638062e-02,1.001130491495132446e-01,4.539738968014717102e-02,1.228064298629760742e-01,4.264220967888832092e-02,2.186470180749893188e-01,1.362116932868957520e-01,2.519462704658508301e-01,-9.367077797651290894e-02,-7.450142502784729004e-02,-4.276915933587588370e-05,2.514908090233802795e-02,1.683083474636077881e-01,2.134732156991958618e-01,1.953434944152832031e-01,2.962002754211425781e-01
1.242287158966064453e-01,-1.144844740629196167e-01,3.110840320587158203e-01,-1.209394931793212891e-01,2.309505045413970947e-01,-1.813418865203857422e-01,4.467291831970214844e-01,4.162477329373359680e-02,3.132702112197875977e-01,1.608856916427612305e-01,1.000000715255737305e+00,2.961211502552032471e-01,6.834715604782104492e-01,3.316773846745491028e-02,4.550032913684844971e-01,1.739478409290313721e-01,6.245415806770324707e-01,4.926429390907287598e-01,-1.128086969256401062e-01,-1.063917353749275208e-01,-5.417754873633384705e-03,4.292227793484926224e-03,1.049616560339927673e-01,-1.984666660428047180e-02,-2.084528096020221710e-03,1.352339833974838257e-01,-1.016027480363845825e-01,-7.092104852199554443e-02,5.534570813179016113e-01,3.061946332454681396e-01,-2.456298656761646271e-02,-1.216613054275512695e-01,2.096149697899818420e-02,9.412886574864387512e-03,-2.557653561234474182e-02,-6.425382196903228760e-02,2.146189510822296143e-01,8.723676949739456177e-02,3.236229419708251953e-01,6.849265098571777344e-02,3.397768363356590271e-02,-2.048576027154922485e-01,-1.624977588653564453e-02,6.943652778863906860e-02,-1.400330960750579834e-01,-1.366899311542510986e-01,1.624363660812377930e-01,2.471784874796867371e-02,-9.834796190261840820e-03,3.374372795224189758e-02,7.204601913690567017e-02,1.764061003923416138e-01,-4.981432482600212097e-02,-3.003198504447937012e-01,3.327187597751617432e-01,-1.805442501790821552e-03,3.001016676425933838e-01,-1.221938952803611755e-01,-2.561284601688385010e-01,-2.176430970430374146e-01,-4.466209188103675842e-02,-2.206907570362091064e-01,2.991965711116790771e-01,-2.800755798816680908e-01,1.572370827198028564e-01,-1.119815781712532043e-01,-1.096880063414573669e-01,-1.667316406965255737e-01,-1.787189394235610962e-01,-1.274585425853729248e-01,1.028709486126899719e-01,6.405850499868392944e-02,-1.181418262422084808e-02,1.951356232166290283e-01,5.577528476715087891e-02,1.287976503372192383e-01,1.105912625789642334e-01,1.136343330144882202e-01,3.607008159160614014e-01,2.860480248928070068e-01,6.251162886619567871e-01,3.091505765914916992e-01,2.695667445659637451e-01,-7.501446455717086792e-02,5.646706223487854004e-01,4.101104736328125000e-01,-1.066317409276962280e-01,-3.008137047290802002e-01,4.661301374435424805e-01,2.073709964752197266e-01,2.911368906497955322e-01,-1.794794760644435883e-02,1.882544159889221191e-01,-1.322489827871322632e-01,2.488065510988235474e-01,2.776993811130523682e-01,-7.907798863016068935e-04,-3.475125879049301147e-02,3.321010172367095947e-01,2.024993449449539185e-01,3.142742216587066650e-01,7.329149544239044189e-02,2.373336553573608398e-01,1.975797265768051147e-01,3.657891452312469482e-01,3.486595749855041504e-01,2.620643675327301025e-01,2.490534484386444092e-01,5.539217498153448105e-03,-2.063897699117660522e-01,-2.768237590789794922e-01,-2.627292871475219727e-01,3.828121349215507507e-02,5.285223945975303650e-02,1.115446388721466064e-01,-1.125628575682640076e-01
3.170563876628875732e-01,3.367909491062164307e-01,1.372319161891937256e-01,1.047123223543167114e-01,1.001312732696533203e-01,2.896742522716522217e-01,3.590157330036163330e-01,5.104480981826782227e-01,1.104683708399534225e-02,2.836137413978576660e-01,2.961211502552032471e-01,9.999999403953552246e-01,1.880725622177124023e-01,5.512979626655578613e-01,5.728586018085479736e-02,2.688165009021759033e-01,2.894358336925506592e-01,6.070291996002197266e-01,-1.166698932647705078e-01,3.285998851060867310e-02,2.227517068386077881e-01,2.789997160434722900e-01,9.909335523843765259e-02,1.344488263130187988e-01,2.108768075704574585e-01,3.054933547973632812e-01,2.252776473760604858e-01,2.895498275756835938e-01,1.666529327630996704e-01,3.246038556098937988e-01,1.921819746494293213e-01,1.852637976408004761e-01,2.006407231092453003e-01,2.693411111831665039e-01,2.962230741977691650e-01,2.825585305690765381e-01,2.556753158569335938e-01,2.694664597511291504e-01,1.914672553539276123e-01,3.115482926368713379e-01,1.679328829050064087e-01,2.040837891399860382e-02,3.276010751724243164e-01,2.683380544185638428e-01,1.773315072059631348e-01,2.120383679866790771e-01,2.952824831008911133e-01,2.594961225986480713e-01,2.544952034950256348e-01,1.734293252229690552e-01,1.895741075277328491e-01,9.237103164196014404e-02,5.159201100468635559e-02,-2.340462291613221169e-03,5.681954696774482727e-02,2.846161425113677979e-01,3.846364319324493408e-01,3.387324213981628418e-01,2.468704730272293091e-01,8.672337979078292847e-02,2.605941593647003174e-01,-2.615283476188778877e-03,2.920841872692108154e-01,1.274814754724502563e-01,1.740586608648300171e-01,1.140611544251441956e-01,3.298583924770355225e-01,2.967926561832427979e-01,-1.750724315643310547e-01,-3.324332414194941521e-03,2.476791739463806152e-01,3.042398393154144287e-01,6.829666346311569214e-02,2.357524633407592773e-01,2.474950850009918213e-01,2.771927714347839355e-01,2.438052296638488770e-01,2.961131334304809570e-01,1.961055845022201538e-01,3.758466541767120361e-01,2.903921008110046387e-01,5.389252305030822754e-01,-4.138683900237083435e-02,2.620642781257629395e-01,2.144667655229568481e-01,3.879737555980682373e-01,-1.349429190158843994e-01,8.354737609624862671e-02,5.385240167379379272e-02,3.619327545166015625e-01,3.975577652454376221e-02,6.957972049713134766e-02,5.862214416265487671e-02,1.154853552579879761e-01,1.709303855895996094e-01,2.053333371877670288e-01,8.637203276157379150e-02,2.389317899942398071e-01,1.472775489091873169e-01,2.597389519214630127e-01,2.311626635491847992e-02,1.745404861867427826e-02,1.887552998960018158e-02,9.755596518516540527e-02,1.565820872783660889e-01,2.009557783603668213e-01,2.297464013099670410e-01,1.818764358758926392e-01,1.145853251218795776e-01,6.722015142440795898e-02,1.832392662763595581e-01,1.214393749833106995e-01,1.214914768934249878e-01,5.450248345732688904e-02,4.779753461480140686e-02,1.139797493815422058e-01
1.519417017698287964e-01,-4.492733255028724670e-02,4.023060798645019531e-01,-9.068096056580543518e-03,3.144893050193786621e-01,-1.119810491800308228e-01,5.094391107559204102e-01,9.646186977624893188e-02,3.595817387104034424e-01,5.983600765466690063e-02,6.834715604782104492e-01,1.880725622177124023e-01,9.999998211860656738e-01,1.379365622997283936e-01,4.774750471115112305e-01,1.510323733091354370e-01,5.008900165557861328e-01,3.636791706085205078e-01,-2.727484889328479767e-02,-4.903313890099525452e-02,2.279271557927131653e-02,7.669291645288467407e-02,1.222217679023742676e-01,5.444629490375518799e-02,7.523138076066970825e-02,2.522657513618469238e-01,-3.292275965213775635e-02,1.404720637947320938e-02,5.851178765296936035e-01,2.998082935810089111e-01,7.837146520614624023e-02,2.326449379324913025e-02,1.011510193347930908e-01,6.044417247176170349e-02,-7.134389132261276245e-02,-1.055241748690605164e-01,2.240984737873077393e-01,1.290354728698730469e-01,3.247424364089965820e-01,1.079431697726249695e-01,1.063917651772499084e-01,-1.256920546293258667e-01,-9.650775045156478882e-02,6.519350409507751465e-02,-1.310375034809112549e-01,-9.892261028289794922e-02,1.124775037169456482e-01,2.717743813991546631e-02,2.415706031024456024e-02,6.536674499511718750e-02,4.987122118473052979e-02,1.635984331369400024e-01,3.612244129180908203e-02,-1.420374959707260132e-01,4.257037043571472168e-01,1.158624514937400818e-01,3.149322867393493652e-01,-2.148247882723808289e-02,-2.242075204849243164e-01,-1.227052733302116394e-01,-8.728550374507904053e-02,-1.156874224543571472e-01,2.857357859611511230e-01,-1.878926753997802734e-01,8.793780207633972168e-02,-1.128593385219573975e-01,-1.012333407998085022e-01,-1.424896717071533203e-01,-6.150924041867256165e-02,-2.572618611156940460e-02,1.611439883708953857e-01,3.889062628149986267e-02,-1.808149553835391998e-02,1.562278121709823608e-01,-5.182526540011167526e-03,7.071414589881896973e-02,9.498277306556701660e-02,7.552345842123031616e-02,3.146227300167083740e-01,2.197691500186920166e-01,5.877646803855895996e-01,2.599370479583740234e-01,4.109774529933929443e-01,-1.208987366408109665e-02,5.912827253341674805e-01,4.204645752906799316e-01,1.613217964768409729e-02,-1.546839028596878052e-01,5.773269534111022949e-01,3.341414034366607666e-01,3.785821199417114258e-01,1.729233860969543457e-01,1.718563288450241089e-01,-1.454952079802751541e-02,2.270012199878692627e-01,2.583959996700286865e-01,9.238950908184051514e-02,2.580401860177516937e-02,3.471562266349792480e-01,2.384468615055084229e-01,3.294457197189331055e-01,1.176095679402351379e-01,2.998781204223632812e-01,2.491687089204788208e-01,3.438870906829833984e-01,3.846167027950286865e-01,3.069552481174468994e-01,2.859241068363189697e-01,1.238447651267051697e-01,-6.265567243099212646e-02,-2.021994143724441528e-01,-2.154464274644851685e-01,-1.301140710711479187e-02,9.101770818233489990e-02,1.648086458444595337e-01,2.502881921827793121e-02
