9.999997615814208984e-01,3.785358667373657227e-01,-3.081399388611316681e-02,1.783349066972732544e-01,1.807676255702972412e-01,2.832818925380706787e-01,4.025043547153472900e-01,3.065074086189270020e-01,1.753296852111816406e-01,3.140757977962493896e-01,2.986429929733276367e-01,2.672363519668579102e-01,2.730667889118194580e-01,1.546141058206558228e-01,2.533269524574279785e-01,2.557869255542755127e-01,5.174660682678222656e-01,3.580003380775451660e-01,7.203269004821777344e-02,2.077747732400894165e-01,9.124904125928878784e-02,-2.476035244762897491e-02,-7.574032247066497803e-02,1.834995858371257782e-02,2.080359160900115967e-01,3.039097785949707031e-01,3.522212207317352295e-01,3.991991281509399414e-01,3.989293873310089111e-01,2.642212808132171631e-01,2.449936419725418091e-01,2.019871175289154053e-01,4.633124470710754395e-01,4.071961641311645508e-01,2.100578248500823975e-01,3.369367122650146484e-01,4.643679857254028320e-01,1.947298794984817505e-01,3.771061301231384277e-01,3.538170084357261658e-02,1.598104834556579590e-01,-1.040821000933647156e-01,-1.290393769741058350e-01,-1.943959482014179230e-02,-1.255202293395996094e-01,-2.248411029577255249e-01,5.502627417445182800e-02,1.033800654113292694e-02,1.877148747444152832e-01,2.014446770772337914e-03,3.309104219079017639e-02,-1.170790418982505798e-01,9.813778102397918701e-02,-6.201768666505813599e-02,4.101778268814086914e-01,1.589806824922561646e-01,5.736699104309082031e-01,2.811639904975891113e-01,1.919964253902435303e-01,1.673006415367126465e-01,5.701280385255813599e-02,-4.804211854934692383e-02,4.459791183471679688e-01,2.325305640697479248e-01,-2.508285222575068474e-03,-1.341438293457031250e-01,3.294424414634704590e-01,2.091819792985916138e-01,3.260707259178161621e-01,3.973903059959411621e-01,3.755444884300231934e-01,2.624165713787078857e-01,3.660563006997108459e-02,-1.181719377636909485e-01,6.559897959232330322e-02,4.185092076659202576e-02,4.763120710849761963e-01,4.810316860675811768e-01,3.667432665824890137e-01,3.023849427700042725e-01,4.690118730068206787e-01,3.436188697814941406e-01,2.411465644836425781e-01,9.240691363811492920e-02,4.069610834121704102e-01,2.078783810138702393e-01,1.460527628660202026e-01,-1.934434473514556885e-02,3.471185863018035889e-01,1.004943177103996277e-01,2.435031980276107788e-01,8.902911841869354248e-02,-1.807764358818531036e-02,-1.378121376037597656e-01,3.530037403106689453e-01,8.757201582193374634e-02,4.435439109802246094e-01,2.355445027351379395e-01,3.551443219184875488e-01,2.010606229305267334e-01,1.937572807073593140e-01,-1.380997803062200546e-02,3.353715837001800537e-01,1.270161420106887817e-01,4.425144791603088379e-01,3.550591170787811279e-01,3.355754017829895020e-01,2.456581741571426392e-01,3.073374032974243164e-01,2.729058563709259033e-01,2.087429612874984741e-01,1.483809798955917358e-01,-5.105766654014587402e-02,2.464401274919509888e-01,4.600104093551635742e-01,3.554556369781494141e-01
3.785358667373657227e-01,9.999998807907104492e-01,1.960857808589935303e-01,4.020045995712280273e-01,3.689063787460327148e-01,5.941155552864074707e-01,4.792484641075134277e-01,6.679105162620544434e-01,1.498428285121917725e-01,5.908724665641784668e-01,5.723117664456367493e-02,3.816436231136322021e-01,3.020491451025009155e-02,4.265081882476806641e-01,9.149223566055297852e-02,4.319665133953094482e-01,2.241124361753463745e-01,4.073095917701721191e-01,2.470614314079284668e-01,2.379411458969116211e-01,2.747214734554290771e-01,2.001900076866149902e-01,2.555067837238311768e-01,3.466878533363342285e-01,4.812824428081512451e-01,5.145038962364196777e-01,5.567815303802490234e-01,4.653764367103576660e-01,1.513738185167312622e-01,4.325366020202636719e-01,4.834502637386322021e-01,4.816513657569885254e-01,4.418115317821502686e-01,4.744775593280792236e-01,2.360086888074874878e-01,3.536101877689361572e-01,3.541519045829772949e-01,3.205281794071197510e-01,3.334283530712127686e-01,3.097670078277587891e-01,2.366451621055603027e-01,1.505955904722213745e-01,-2.713195085525512695e-01,-9.935918450355529785e-02,-2.369374781847000122e-01,-2.724379301071166992e-01,-1.213320717215538025e-02,1.510358899831771851e-01,6.347288843244314194e-03,-9.082434326410293579e-02,-2.408443987369537354e-01,-1.691107302904129028e-01,1.750938743352890015e-01,8.403135836124420166e-02,1.838271468877792358e-01,2.734676599502563477e-01,2.764751613140106201e-01,6.367543339729309082e-01,1.266519576311111450e-01,2.448800504207611084e-01,-1.994888633489608765e-01,9.909668564796447754e-02,9.370618313550949097e-02,5.388681292533874512e-01,-2.668724358081817627e-01,-2.490097582340240479e-01,2.084822207689285278e-01,2.303721159696578979e-01,3.381842076778411865e-01,3.438378870487213135e-01,4.366272091865539551e-01,4.892126917839050293e-01,1.661416143178939819e-01,2.495492398738861084e-01,2.994556725025177002e-01,3.018701970577239990e-01,4.032026827335357666e-01,4.353717565536499023e-01,2.553614974021911621e-01,2.760675549507141113e-01,1.310103535652160645e-01,3.323982357978820801e-01,1.033319085836410522e-01,3.249424695968627930e-01,1.110350936651229858e-01,4.666007757186889648e-01,1.381824016571044922e-01,3.949173092842102051e-01,6.832975894212722778e-02,4.701039791107177734e-01,1.450867652893066406e-01,2.540804147720336914e-01,-1.647722870111465454e-01,-1.286385208368301392e-01,2.890474498271942139e-01,2.013314962387084961e-01,3.998593389987945557e-01,5.123534202575683594e-01,1.227085441350936890e-01,1.994241327047348022e-01,1.705138683319091797e-01,6.358093768358230591e-02,3.017874956130981445e-01,2.333102971315383911e-01,4.000688791275024414e-01,4.368125498294830322e-01,1.080705672502517700e-01,3.311449885368347168e-01,2.651550769805908203e-01,4.063942134380340576e-01,4.960591197013854980e-01,3.838224112987518311e-01,-1.556736975908279419e-01,1.449771374464035034e-01,3.691252171993255615e-01,3.999833464622497559e-01
-3.081399388611316681e-02,1.960857808589935303e-01,9.999997615814208984e-01,3.782392442226409912e-01,1.250203847885131836e-01,1.759738773107528687e-01,4.068419337272644043e-01,2.262463122606277466e-01,-1.839119009673595428e-02,1.233890503644943237e-01,-1.004026830196380615e-01,-1.004962399601936340e-01,5.329987406730651855e-02,9.878350794315338135e-02,-2.925707958638668060e-02,1.314794868230819702e-01,4.967138543725013733e-02,-5.491693038493394852e-03,1.404423266649246216e-01,2.311974298208951950e-03,-1.065719202160835266e-01,-1.066048368811607361e-01,7.677900195121765137e-01,6.995831727981567383e-01,1.670553833246231079e-01,2.380940020084381104e-01,1.869008541107177734e-01,1.027738824486732483e-01,-5.133655667304992676e-02,1.227848604321479797e-01,4.703687429428100586e-01,5.462675690650939941e-01,-9.143832139670848846e-03,1.028931960463523865e-01,-6.842233985662460327e-02,-5.722024291753768921e-02,4.120538011193275452e-02,-1.528496295213699341e-01,5.337683856487274170e-02,-1.939761266112327576e-02,-3.949698805809020996e-02,-5.721198394894599915e-03,-1.438419222831726074e-01,-1.342414040118455887e-02,-1.005292087793350220e-01,-4.908819869160652161e-02,6.571128964424133301e-02,1.189908534288406372e-01,3.465533256530761719e-02,5.857528746128082275e-02,4.884475469589233398e-02,1.132492646574974060e-01,1.847453713417053223e-01,2.021784931421279907e-01,4.318394511938095093e-02,2.609271109104156494e-01,-9.407556802034378052e-02,1.385926157236099243e-01,-1.135288029909133911e-01,4.378240555524826050e-02,-9.451343864202499390e-02,1.883775368332862854e-02,-6.394430249929428101e-02,7.358542829751968384e-02,-1.243615224957466125e-01,-3.348987549543380737e-02,-1.359319686889648438e-01,-1.675813645124435425e-01,2.486101537942886353e-02,-1.530584394931793213e-01,7.256223261356353760e-02,2.596012353897094727e-01,-1.495569050312042236e-01,2.066596001386642456e-01,2.001357637345790863e-02,2.477688938379287720e-01,1.989516429603099823e-02,7.030805945396423340e-02,-5.850727111101150513e-02,4.897953942418098450e-03,-1.303998287767171860e-02,4.931788146495819092e-02,6.327438354492187500e-02,1.312456279993057251e-01,1.379020512104034424e-02,1.817619651556015015e-01,7.063004374504089355e-02,1.058900654315948486e-01,7.451178878545761108e-02,2.204586118459701538e-01,1.621572524309158325e-01,2.942219674587249756e-01,9.191182255744934082e-02,1.628606766462326050e-01,2.689941227436065674e-01,1.897315233945846558e-01,1.385235637426376343e-01,2.847760021686553955e-01,-3.794902190566062927e-02,1.909873485565185547e-01,7.246290147304534912e-02,9.834961593151092529e-02,9.758298844099044800e-02,1.605122238397598267e-01,8.275963366031646729e-02,1.827204227447509766e-01,-3.450198844075202942e-02,8.835521340370178223e-02,1.634802669286727905e-01,6.286419928073883057e-02,1.980659812688827515e-01,1.200093105435371399e-01,-5.286553502082824707e-02,1.278458237648010254e-01,1.341680437326431274e-01,1.478712409734725952e-01
1.783349066972732544e-01,4.020045995712280273e-01,3.782392442226409912e-01,1.000000119209289551e+00,2.135741859674453735e-01,3.240131139755249023e-01,4.717441797256469727e-01,6.084992885589599609e-01,8.478203415870666504e-02,3.694829940795898438e-01,-2.183109335601329803e-02,1.190659850835800171e-01,9.554196149110794067e-02,2.920712828636169434e-01,-9.200992994010448456e-03,3.586881756782531738e-01,1.331521421670913696e-01,2.938623540103435516e-02,3.819704651832580566e-01,3.026349842548370361e-01,6.131788715720176697e-02,5.178518220782279968e-02,3.427822589874267578e-01,4.708753824234008789e-01,2.493439912796020508e-01,3.055156767368316650e-01,3.248240649700164795e-01,2.795306444168090820e-01,1.807337403297424316e-01,2.821083068847656250e-01,2.893759906291961670e-01,4.074077606201171875e-01,2.487400472164154053e-01,3.466129302978515625e-01,1.290169656276702881e-01,1.639748662710189819e-01,3.008322119712829590e-01,6.456688046455383301e-02,2.623360455036163330e-01,1.896451115608215332e-01,1.746138632297515869e-01,1.339780092239379883e-01,-2.039440572261810303e-01,-1.618682295083999634e-01,-1.868485212326049805e-01,-2.079259306192398071e-01,-3.143940120935440063e-02,3.603189811110496521e-02,4.160920798312872648e-04,-9.788151085376739502e-02,-6.914793699979782104e-02,-9.699290245771408081e-02,1.065620854496955872e-01,2.405709326267242432e-01,3.003806173801422119e-01,3.278569579124450684e-01,8.278048038482666016e-02,3.267625570297241211e-01,1.342907398939132690e-01,1.792463511228561401e-01,2.219487912952899933e-02,1.050338819622993469e-01,-2.274115942418575287e-02,3.496612310409545898e-01,-9.944351762533187866e-02,-1.397381424903869629e-01,8.347503095865249634e-02,4.322840645909309387e-02,1.801460683345794678e-01,1.121474504470825195e-01,3.377876281738281250e-01,4.126048684120178223e-01,1.556145101785659790e-01,1.705237776041030884e-01,2.712127268314361572e-01,2.419927865266799927e-01,2.840210497379302979e-01,2.829674482345581055e-01,3.932586684823036194e-02,3.154752776026725769e-02,-2.005187608301639557e-02,1.811415143311023712e-02,9.833586961030960083e-02,2.980895936489105225e-01,-5.364095792174339294e-02,2.382372021675109863e-01,2.971086464822292328e-02,2.877411544322967529e-01,1.108836531639099121e-01,4.724670648574829102e-01,3.426977992057800293e-01,3.806404769420623779e-01,1.057895720005035400e-01,1.109734922647476196e-01,2.547429203987121582e-01,2.345359772443771362e-01,2.433323711156845093e-01,3.984746932983398438e-01,1.741527616977691650e-01,2.595633566379547119e-01,1.026221513748168945e-01,4.882717505097389221e-02,1.269872784614562988e-01,1.054209843277931213e-01,1.794016361236572266e-01,1.931277364492416382e-01,5.410503968596458435e-02,1.472868174314498901e-01,3.398838937282562256e-01,2.727661728858947754e-01,2.997672855854034424e-01,2.456043213605880737e-01,-3.021557070314884186e-02,7.687198370695114136e-02,2.121460437774658203e-01,2.934271693229675293e-01
1.807676255702972412e-01,3.689063787460327148e-01,1.250203847885131836e-01,2.135741859674453735e-01,9.999997615814208984e-01,6.221408843994140625e-01,3.822004199028015137e-01,3.102053999900817871e-01,6.444473862648010254e-01,5.294348597526550293e-01,-9.879851713776588440e-03,-5.481187626719474792e-02,2.743442356586456299e-01,3.008513152599334717e-02,5.057430863380432129e-01,2.829074859619140625e-01,2.248841077089309692e-01,1.200386509299278259e-01,7.453528046607971191e-02,8.491129428148269653e-02,2.070062607526779175e-01,1.177076250314712524e-01,1.941067427396774292e-01,1.364976614713668823e-01,6.080462932586669922e-01,4.948216974735260010e-01,6.303811073303222656e-01,4.075110256671905518e-01,2.789984643459320068e-01,3.019873797893524170e-02,4.584364891052246094e-01,3.142638504505157471e-01,6.566959619522094727e-02,8.345337212085723877e-02,-7.099106162786483765e-02,-1.438507065176963806e-02,2.290449291467666626e-01,-4.512653127312660217e-02,4.169649481773376465e-01,7.072350382804870605e-02,2.235590070486068726e-01,-1.334500163793563843e-01,-2.179230600595474243e-01,-1.436735391616821289e-01,-2.455264776945114136e-01,-2.542044222354888916e-01,7.754094898700714111e-02,2.245102524757385254e-01,7.433978468179702759e-02,-1.048707887530326843e-01,-1.931231915950775146e-01,-2.141454368829727173e-01,3.451617360115051270e-01,1.179097667336463928e-01,3.793041706085205078e-01,1.097587868571281433e-01,2.592898309230804443e-01,4.391794800758361816e-01,-5.992760509252548218e-02,2.751089930534362793e-01,-2.237165570259094238e-01,-7.680399715900421143e-02,1.878552436828613281e-01,1.847738474607467651e-01,-3.205157816410064697e-01,-3.155438601970672607e-01,-1.185205653309822083e-01,-3.025921806693077087e-02,1.574784815311431885e-01,1.760867238044738770e-01,1.037079617381095886e-01,1.620700955390930176e-01,2.283184416592121124e-02,-9.607107192277908325e-02,5.281487107276916504e-02,1.661868020892143250e-02,9.110169112682342529e-02,1.165256649255752563e-01,1.692978441715240479e-01,2.749767601490020752e-01,3.099445998668670654e-01,1.832610517740249634e-01,5.776344537734985352e-01,1.845005452632904053e-01,2.897023558616638184e-01,2.950671911239624023e-01,5.679163336753845215e-01,2.969768345355987549e-01,4.087461829185485840e-01,3.947498500347137451e-01,3.126060366630554199e-01,3.824944198131561279e-01,-1.201011519879102707e-02,9.978525340557098389e-02,1.878544390201568604e-01,1.268611997365951538e-01,4.469012916088104248e-01,4.332318603992462158e-01,1.540767699480056763e-01,6.459461897611618042e-02,2.778639197349548340e-01,2.402692735195159912e-01,4.118490517139434814e-01,4.111094474792480469e-01,4.287297427654266357e-01,4.083344340324401855e-01,2.252060770988464355e-01,2.016077935695648193e-01,1.712536364793777466e-01,3.472388088703155518e-01,4.488470554351806641e-01,3.964519500732421875e-01,-5.718499049544334412e-02,1.822881996631622314e-01,1.865625381469726562e-01,3.305852711200714111e-01
2.832818925380706787e-01,5.941155552864074707e-01,1.759738773107528687e-01,3.240131139755249023e-01,6.221408843994140625e-01,1.000000119209289551e+00,4.059957563877105713e-01,5.306385755538940430e-01,3.756826221942901611e-01,6.821423172950744629e-01,-6.017160788178443909e-02,1.709691733121871948e-01,4.612741619348526001e-02,2.580772936344146729e-01,2.838596105575561523e-01,4.990499317646026611e-01,2.039342820644378662e-01,2.332874089479446411e-01,1.493396610021591187e-01,1.386907547712326050e-01,3.026521503925323486e-01,2.614266872406005859e-01,2.315668761730194092e-01,2.830680906772613525e-01,6.067404747009277344e-01,6.311155557632446289e-01,6.483680009841918945e-01,5.798141360282897949e-01,2.116339057683944702e-01,3.106800019741058350e-01,5.315938591957092285e-01,4.760532677173614502e-01,3.284986317157745361e-01,3.676286637783050537e-01,1.546469032764434814e-01,2.242477387189865112e-01,3.408822119235992432e-01,1.898141801357269287e-01,4.170952141284942627e-01,2.971593439579010010e-01,2.651387453079223633e-01,1.044590473175048828e-01,-3.019450306892395020e-01,-8.533222228288650513e-02,-3.355368673801422119e-01,-3.151131868362426758e-01,2.323948778212070465e-02,2.988788187503814697e-01,-7.126106321811676025e-02,-1.656556725502014160e-01,-2.746097445487976074e-01,-1.877155750989913940e-01,2.398338466882705688e-01,1.710991859436035156e-01,2.420430034399032593e-01,3.106545805931091309e-01,2.209623306989669800e-01,5.419777631759643555e-01,-8.164268732070922852e-02,1.895854622125625610e-01,-3.570583164691925049e-01,-9.831942617893218994e-02,6.761781126260757446e-02,3.904718756675720215e-01,-4.329223930835723877e-01,-4.138633310794830322e-01,5.414131283760070801e-02,9.287597984075546265e-02,2.482112646102905273e-01,3.171421885490417480e-01,3.685747385025024414e-01,3.931852579116821289e-01,6.251602619886398315e-02,8.849576860666275024e-02,1.901719719171524048e-01,1.569058895111083984e-01,3.254102766513824463e-01,3.676691651344299316e-01,1.885067969560623169e-01,2.732824981212615967e-01,1.694124341011047363e-01,2.617269456386566162e-01,3.567873537540435791e-01,3.952154219150543213e-01,1.825232505798339844e-01,4.235142469406127930e-01,3.593913912773132324e-01,4.733606874942779541e-01,2.487284243106842041e-01,4.843556284904479980e-01,2.180225104093551636e-01,3.457151055335998535e-01,-1.584649384021759033e-01,-2.922956831753253937e-02,3.056940138339996338e-01,3.052409589290618896e-01,4.830939769744873047e-01,5.789912343025207520e-01,1.668373942375183105e-01,2.221359461545944214e-01,3.288453817367553711e-01,2.305140048265457153e-01,4.566544294357299805e-01,3.925757408142089844e-01,4.316491186618804932e-01,4.782885313034057617e-01,1.570780128240585327e-01,3.657531440258026123e-01,3.161609172821044922e-01,4.151617288589477539e-01,5.372624397277832031e-01,4.345278143882751465e-01,-1.029899194836616516e-01,2.516746222972869873e-01,3.628153800964355469e-01,4.438743591308593750e-01
4.025043547153472900e-01,4.792484641075134277e-01,4.068419337272644043e-01,4.717441797256469727e-01,3.822004199028015137e-01,4.059957563877105713e-01,9.999994039535522461e-01,5.373499393463134766e-01,3.545090854167938232e-01,4.142800271511077881e-01,6.799209862947463989e-02,1.527110487222671509e-01,3.725115358829498291e-01,2.667001485824584961e-01,2.198966741561889648e-01,1.745518147945404053e-01,2.911433875560760498e-01,1.668709516525268555e-01,2.374300211668014526e-01,2.127250432968139648e-01,4.675046354532241821e-02,-5.073617398738861084e-02,3.851900100708007812e-01,4.111064076423645020e-01,4.323171079158782959e-01,4.469989240169525146e-01,5.696299076080322266e-01,4.786526560783386230e-01,2.371453046798706055e-01,1.838289648294448853e-01,5.201388597488403320e-01,4.633280336856842041e-01,3.074110150337219238e-01,3.397416174411773682e-01,1.265599858015775681e-03,5.814761668443679810e-02,2.858101427555084229e-01,2.191390842199325562e-02,2.720702290534973145e-01,7.767343521118164062e-02,1.411757022142410278e-01,-5.844216793775558472e-02,-2.623269557952880859e-01,-1.080120578408241272e-01,-2.507805228233337402e-01,-2.653781771659851074e-01,8.509143441915512085e-02,1.451047509908676147e-01,6.418847478926181793e-03,-8.050121366977691650e-02,-2.579260990023612976e-02,-4.258356243371963501e-02,4.001024663448333740e-01,1.608826220035552979e-01,3.424651324748992920e-01,2.201825529336929321e-01,1.965504437685012817e-01,3.508519828319549561e-01,-4.773798212409019470e-02,9.518687427043914795e-02,-1.335032433271408081e-01,-8.792753517627716064e-02,2.158279120922088623e-01,3.210923075675964355e-01,-2.326205819845199585e-01,-2.937385737895965576e-01,-4.517435654997825623e-02,-5.087606981396675110e-02,1.155543401837348938e-01,1.905639469623565674e-01,2.837677299976348877e-01,2.898451387882232666e-01,-1.561210025101900101e-02,3.215440362691879272e-02,1.282986700534820557e-01,8.705884218215942383e-02,2.369178682565689087e-01,2.617869079113006592e-01,1.680437326431274414e-01,1.922287493944168091e-01,2.066832184791564941e-01,1.135142594575881958e-01,2.972122430801391602e-01,1.020075455307960510e-01,2.428903281688690186e-01,2.483247369527816772e-01,1.800132393836975098e-01,1.145939305424690247e-01,3.351498842239379883e-01,3.460899293422698975e-01,3.636455535888671875e-01,3.359632194042205811e-01,2.284382469952106476e-02,-6.264801323413848877e-02,2.631382048130035400e-01,1.320528090000152588e-01,3.792776763439178467e-01,4.397769272327423096e-01,1.857385635375976562e-01,2.108362764120101929e-01,1.351406276226043701e-01,4.664157330989837646e-02,2.623002529144287109e-01,1.596520990133285522e-01,3.643068671226501465e-01,3.754270970821380615e-01,1.759980320930480957e-01,1.991034150123596191e-01,2.717471122741699219e-01,3.194912970066070557e-01,4.346454739570617676e-01,3.362524807453155518e-01,-1.238821893930435181e-01,1.264416426420211792e-01,3.175677657127380371e-01,2.876259386539459229e-01
3.065074086189270020e-01,6.679105162620544434e-01,2.262463122606277466e-01,6.084992885589599609e-01,3.102053999900817871e-01,5.306385755538940430e-01,5.373499393463134766e-01,1.000000119209289551e+00,1.023349538445472717e-01,6.024152636528015137e-01,9.323281049728393555e-02,3.871199190616607666e-01,5.622444674372673035e-02,5.319243073463439941e-01,-4.562101513147354126e-02,4.259698688983917236e-01,2.006323635578155518e-01,3.136155605316162109e-01,2.608576416969299316e-01,2.411715388298034668e-01,1.939439028501510620e-01,1.546709090471267700e-01,2.695787250995635986e-01,4.097566604614257812e-01,4.415486156940460205e-01,4.847737848758697510e-01,5.429717302322387695e-01,4.839867651462554932e-01,1.673006564378738403e-01,4.524038136005401611e-01,4.087979197502136230e-01,4.484410583972930908e-01,4.563036859035491943e-01,5.376915931701660156e-01,2.547971308231353760e-01,3.326977789402008057e-01,3.587582111358642578e-01,2.437860071659088135e-01,3.203092217445373535e-01,2.861435413360595703e-01,2.363337874412536621e-01,1.926007568836212158e-01,-3.116016387939453125e-01,-1.358004659414291382e-01,-2.882244288921356201e-01,-3.079721033573150635e-01,-7.039090245962142944e-02,1.055932268500328064e-01,-6.789575517177581787e-02,-1.174073442816734314e-01,-1.795898377895355225e-01,-1.265049129724502563e-01,1.683219224214553833e-01,1.673928499221801758e-01,1.859442293643951416e-01,3.255265355110168457e-01,1.935042589902877808e-01,4.843693375587463379e-01,6.871613115072250366e-02,1.831085085868835449e-01,-2.001851797103881836e-01,7.501353323459625244e-02,1.175106875598430634e-02,5.737010240554809570e-01,-3.210241496562957764e-01,-2.721463441848754883e-01,1.279055178165435791e-01,1.264169961214065552e-01,1.807741373777389526e-01,2.734918594360351562e-01,4.632872641086578369e-01,4.414116144180297852e-01,2.051574885845184326e-01,2.123385667800903320e-01,3.254983723163604736e-01,2.775130569934844971e-01,4.272128343582153320e-01,4.431521892547607422e-01,2.356363683938980103e-01,2.344160676002502441e-01,4.631578922271728516e-02,2.274687141180038452e-01,2.843951620161533356e-02,3.687944412231445312e-01,-1.929463632404804230e-02,4.138936400413513184e-01,7.516266778111457825e-03,3.767984509468078613e-01,-1.236555911600589752e-02,5.107078552246093750e-01,1.442750245332717896e-01,3.084829151630401611e-01,-1.674176454544067383e-01,-1.517904251813888550e-01,2.559651434421539307e-01,1.728631854057312012e-01,3.207242488861083984e-01,4.653688073158264160e-01,8.162894099950790405e-02,2.477838695049285889e-01,6.301060318946838379e-02,-4.839336499571800232e-02,1.822411864995956421e-01,1.051255688071250916e-01,2.884924113750457764e-01,3.297917842864990234e-01,-6.756787188351154327e-03,2.762075662612915039e-01,2.995158433914184570e-01,4.170507490634918213e-01,4.835877716541290283e-01,3.535458147525787354e-01,-1.777104586362838745e-01,5.288131535053253174e-02,3.244783282279968262e-01,3.395868241786956787e-01
1.753296852111816406e-01,1.498428285121917725e-01,-1.839119009673595428e-02,8.478203415870666504e-02,6.444473862648010254e-01,3.756826221942901611e-01,3.545090854167938232e-01,1.023349538445472717e-01,9.999997615814208984e-01,3.344544172286987305e-01,5.975589901208877563e-02,-5.135188251733779907e-02,4.067998826503753662e-01,-3.966552019119262695e-02,6.190848350524902344e-01,1.279240399599075317e-01,1.838372498750686646e-01,6.199030578136444092e-02,3.458989411592483521e-02,5.146124213933944702e-02,1.033060401678085327e-01,4.075026884675025940e-02,4.650770500302314758e-02,6.755093112587928772e-03,5.306246280670166016e-01,3.622647523880004883e-01,5.095615386962890625e-01,3.184817135334014893e-01,1.634601056575775146e-01,-1.412645429372787476e-01,2.735141515731811523e-01,9.806149452924728394e-02,-2.951576933264732361e-02,-5.899913981556892395e-02,-2.345176935195922852e-01,-2.138447016477584839e-01,7.354179024696350098e-02,-5.306987836956977844e-02,2.039399594068527222e-01,1.924186013638973236e-02,1.361857354640960693e-01,-1.904131323099136353e-01,-2.226007431745529175e-01,-1.937468647956848145e-01,-2.337990254163742065e-01,-2.677286565303802490e-01,-5.091241747140884399e-02,2.568009542301297188e-03,6.232509016990661621e-02,-1.308878511190414429e-01,-2.608042061328887939e-01,-2.583349943161010742e-01,2.875180542469024658e-01,-1.225166320800781250e-01,2.787722945213317871e-01,-1.069873720407485962e-01,2.337447106838226318e-01,2.616350054740905762e-01,-2.222105115652084351e-02,1.578716188669204712e-01,-1.926548182964324951e-01,-1.862843185663223267e-01,2.709158360958099365e-01,8.170102536678314209e-02,-2.847812175750732422e-01,-3.043358027935028076e-01,-2.133355140686035156e-01,-1.468687802553176880e-01,1.613779575563967228e-03,8.271822333335876465e-02,-3.530482947826385498e-02,-4.730702936649322510e-02,-1.937648467719554901e-02,-1.893235146999359131e-01,-2.550783008337020874e-02,-5.598503351211547852e-02,-1.213422119617462158e-01,-1.008947119116783142e-01,1.274060755968093872e-01,1.538601815700531006e-01,3.077783286571502686e-01,1.059886291623115540e-01,5.838301777839660645e-01,3.969731554388999939e-02,3.496324419975280762e-01,1.377856880426406860e-01,5.705079436302185059e-01,1.606324762105941772e-01,5.014103055000305176e-01,2.724016904830932617e-01,3.307566642761230469e-01,2.697323262691497803e-01,3.204767033457756042e-02,3.729081153869628906e-02,7.142120599746704102e-02,3.172604739665985107e-02,2.806338071823120117e-01,2.356059998273849487e-01,5.930444225668907166e-02,-1.082131341099739075e-01,2.355628311634063721e-01,2.005186825990676880e-01,3.379665911197662354e-01,2.843329012393951416e-01,3.673622608184814453e-01,2.807259857654571533e-01,1.742874532938003540e-01,5.250881239771842957e-02,4.140008613467216492e-02,1.734010279178619385e-01,2.442236095666885376e-01,2.292623519897460938e-01,-8.128574490547180176e-02,1.269319802522659302e-01,1.218259111046791077e-01,1.476992964744567871e-01
3.140757977962493896e-01,5.908724665641784668e-01,1.233890503644943237e-01,3.694829940795898438e-01,5.294348597526550293e-01,6.821423172950744629e-01,4.142800271511077881e-01,6.024152636528015137e-01,3.344544172286987305e-01,1.000000238418579102e+00,1.224419549107551575e-01,3.310509324073791504e-01,1.062561497092247009e-01,3.952696025371551514e-01,2.922275066375732422e-01,5.831709504127502441e-01,3.201518654823303223e-01,3.501224815845489502e-01,1.630807965993881226e-01,1.416273266077041626e-01,3.215695321559906006e-01,2.273724079132080078e-01,1.980678439140319824e-01,2.854644954204559326e-01,5.626072287559509277e-01,5.484731197357177734e-01,6.574256420135498047e-01,5.616739988327026367e-01,2.803156077861785889e-01,3.611581027507781982e-01,4.859934151172637939e-01,4.688633382320404053e-01,4.395323395729064941e-01,4.930373132228851318e-01,2.103828787803649902e-01,2.693787515163421631e-01,4.389775693416595459e-01,2.149280607700347900e-01,4.390496015548706055e-01,2.679114043712615967e-01,2.287275940179824829e-01,-3.460703592281788588e-04,-2.593748569488525391e-01,-2.919761836528778076e-02,-2.923821806907653809e-01,-2.764935195446014404e-01,2.796661853790283203e-02,2.427027523517608643e-01,3.405778901651501656e-03,-8.690113574266433716e-02,-2.250406295061111450e-01,-1.350437849760055542e-01,2.211903780698776245e-01,6.026718765497207642e-02,3.086460232734680176e-01,2.988356947898864746e-01,3.050135970115661621e-01,4.910331666469573975e-01,1.941291848197579384e-03,1.634141504764556885e-01,-2.840061783790588379e-01,-6.559921056032180786e-02,1.992002725601196289e-01,4.298603534698486328e-01,-3.734428882598876953e-01,-3.217503428459167480e-01,1.126225367188453674e-01,1.402658224105834961e-01,2.488967031240463257e-01,2.976252436637878418e-01,4.626905620098114014e-01,4.502385854721069336e-01,1.018897444009780884e-01,1.047159209847450256e-01,2.641727328300476074e-01,1.908074021339416504e-01,4.439862668514251709e-01,4.904452264308929443e-01,3.324109315872192383e-01,2.957761287689208984e-01,2.384878993034362793e-01,3.188077211380004883e-01,3.461650013923645020e-01,4.635428190231323242e-01,2.351682931184768677e-01,4.792437851428985596e-01,3.679015338420867920e-01,4.627618789672851562e-01,2.431768625974655151e-01,4.464405179023742676e-01,1.936633884906768799e-01,2.686453759670257568e-01,-1.334622949361801147e-01,-8.717677742242813110e-02,3.657835423946380615e-01,2.714543938636779785e-01,5.108633041381835938e-01,4.989297091960906982e-01,2.080375254154205322e-01,2.258127331733703613e-01,2.966409325599670410e-01,1.248054429888725281e-01,3.997596502304077148e-01,3.036896586418151855e-01,4.432984292507171631e-01,4.675448238849639893e-01,2.016296833753585815e-01,3.799763023853302002e-01,3.347212374210357666e-01,3.957677483558654785e-01,4.833624362945556641e-01,3.913590312004089355e-01,-8.637318015098571777e-02,2.415138483047485352e-01,4.005483090877532959e-01,4.291541576385498047e-01
2.986429929733276367e-01,5.723117664456367493e-02,-1.004026830196380615e-01,-2.183109335601329803e-02,-9.879851713776588440e-03,-6.017160788178443909e-02,6.799209862947463989e-02,9.323281049728393555e-02,5.975589901208877563e-02,1.224419549107551575e-01,1.000000119209289551e+00,4.371211230754852295e-01,4.506917595863342285e-01,2.884960174560546875e-01,2.353488355875015259e-01,1.617761403322219849e-01,4.313536882400512695e-01,4.574642777442932129e-01,-8.693226426839828491e-02,-1.215427815914154053e-01,6.790319085121154785e-02,1.303880810737609863e-01,-1.332187801599502563e-01,-8.735647797584533691e-02,-6.364627182483673096e-02,1.370158512145280838e-02,1.605754345655441284e-01,1.643099933862686157e-01,3.414500653743743896e-01,2.630633413791656494e-01,1.760751381516456604e-02,3.156705945730209351e-02,3.017229735851287842e-01,2.256848514080047607e-01,7.893583923578262329e-02,1.246537789702415466e-01,1.738044023513793945e-01,8.095194399356842041e-02,1.146894693374633789e-01,7.536921650171279907e-03,-3.416495770215988159e-02,-6.533864140510559082e-02,7.249712944030761719e-02,1.750459969043731689e-01,4.634061455726623535e-02,1.797508262097835541e-02,4.658843949437141418e-02,5.694267153739929199e-02,2.667135894298553467e-01,1.898908764123916626e-01,1.821762472391128540e-01,1.291309744119644165e-01,-1.367994993925094604e-01,-1.161833032965660095e-01,8.910340815782546997e-02,9.165216982364654541e-02,3.884974122047424316e-01,1.082627177238464355e-01,1.477895230054855347e-01,5.786213092505931854e-03,8.494503051042556763e-02,-2.065693400800228119e-02,2.602582275867462158e-01,5.558689683675765991e-02,1.333983391523361206e-01,7.153320312500000000e-02,1.869400888681411743e-01,1.842865198850631714e-01,-3.670048341155052185e-02,1.212185919284820557e-01,1.674090474843978882e-01,1.057376042008399963e-01,9.734562784433364868e-02,-5.199149996042251587e-02,4.430261626839637756e-02,-2.046522125601768494e-02,2.054555416107177734e-01,1.905252933502197266e-01,3.917768597602844238e-01,3.278172314167022705e-01,4.625326097011566162e-01,3.820595741271972656e-01,2.335732579231262207e-01,1.030107960104942322e-01,3.923047184944152832e-01,1.886890828609466553e-01,8.357644081115722656e-02,-2.314476668834686279e-02,2.148816734552383423e-01,-1.667912304401397705e-02,3.732541203498840332e-02,-8.523920923471450806e-02,3.886919841170310974e-02,-1.133302152156829834e-01,1.119824126362800598e-01,5.752528086304664612e-02,8.365378528833389282e-02,-1.357692778110504150e-01,1.100827828049659729e-01,8.092436939477920532e-02,5.578915402293205261e-02,1.460590027272701263e-02,1.281050890684127808e-01,8.886162936687469482e-02,1.866282373666763306e-01,1.011114865541458130e-01,1.401260793209075928e-01,9.731451421976089478e-02,9.518121927976608276e-02,-7.119569182395935059e-02,-1.451841592788696289e-01,-1.531152278184890747e-01,-2.785523049533367157e-02,1.404947638511657715e-01,2.198484092950820923e-01,8.978671580553054810e-02
2.672363519668579102e-01,3.816436231136322021e-01,-1.004962399601936340e-01,1.190659850835800171e-01,-5.481187626719474792e-02,1.709691733121871948e-01,1.527110487222671509e-01,3.871199190616607666e-01,-5.135188251733779907e-02,3.310509324073791504e-01,4.371211230754852295e-01,9.999994039535522461e-01,8.331012725830078125e-02,6.034164428710937500e-01,-3.923918306827545166e-02,3.030485510826110840e-01,2.662791013717651367e-01,5.843710899353027344e-01,-4.777743481099605560e-03,-5.734376236796379089e-02,1.103647872805595398e-01,2.042448371648788452e-01,4.955376032739877701e-03,9.439247101545333862e-02,9.897819906473159790e-02,1.349005103111267090e-01,2.323744744062423706e-01,2.263213247060775757e-01,6.415107101202011108e-02,4.756578505039215088e-01,9.362272918224334717e-02,1.674593985080718994e-01,4.752782285213470459e-01,4.662278592586517334e-01,1.694456040859222412e-01,2.738469541072845459e-01,1.311014592647552490e-01,3.304556012153625488e-01,2.031673677265644073e-02,3.240187764167785645e-01,-2.911384217441082001e-03,1.436527669429779053e-01,-1.324941068887710571e-01,4.916458576917648315e-02,-1.663411110639572144e-01,-1.627970039844512939e-01,-9.953025728464126587e-02,-3.410666016861796379e-03,-4.942104220390319824e-02,-1.336088404059410095e-02,-1.089703813195228577e-01,1.737763173878192902e-02,-1.222356110811233521e-01,-9.386464208364486694e-02,-6.938497722148895264e-02,1.415840536355972290e-01,1.839170306921005249e-01,2.745556831359863281e-01,2.537149935960769653e-02,-6.456909328699111938e-02,-1.788157373666763306e-01,1.832601428031921387e-02,5.225277319550514221e-02,3.904340267181396484e-01,-1.107857748866081238e-01,-8.156432956457138062e-02,1.461793929338455200e-01,2.325769811868667603e-01,-1.927657425403594971e-02,1.252510398626327515e-01,3.224057555198669434e-01,2.594181001186370850e-01,2.021994739770889282e-01,2.579187750816345215e-01,2.901719212532043457e-01,1.810139417648315430e-01,2.608239054679870605e-01,3.158277869224548340e-01,3.449490368366241455e-01,3.620231449604034424e-01,1.653025299310684204e-01,4.316729605197906494e-01,-7.806722074747085571e-02,3.827229738235473633e-01,9.278692305088043213e-02,4.325712323188781738e-01,-6.278263777494430542e-02,2.781570553779602051e-01,-7.162542641162872314e-02,2.070836424827575684e-01,-7.348379585891962051e-03,-8.492567576467990875e-03,-1.251604557037353516e-01,-2.059835940599441528e-01,5.478556081652641296e-02,3.321139514446258545e-02,3.202524408698081970e-02,4.545450583100318909e-02,3.105673007667064667e-02,1.096458882093429565e-01,5.533403158187866211e-02,-4.223120212554931641e-02,1.158719137310981750e-01,5.621803924441337585e-02,1.530754119157791138e-01,1.657882928848266602e-01,-3.379240632057189941e-02,2.298469990491867065e-01,1.017880886793136597e-01,6.421385705471038818e-02,5.847395583987236023e-02,2.326101623475551605e-02,-1.426901072263717651e-01,8.168931305408477783e-02,2.371760457754135132e-01,6.168305501341819763e-02
2.730667889118194580e-01,3.020491451025009155e-02,5.329987406730651855e-02,9.554196149110794067e-02,2.743442356586456299e-01,4.612741619348526001e-02,3.725115358829498291e-01,5.622444674372673035e-02,4.067998826503753662e-01,1.062561497092247009e-01,4.506917595863342285e-01,8.331012725830078125e-02,9.999995231628417969e-01,1.591437458992004395e-01,4.839612245559692383e-01,-1.114769279956817627e-02,4.480373859405517578e-01,2.173141837120056152e-01,-2.710208669304847717e-02,5.455328151583671570e-03,-8.559299260377883911e-02,-1.063668802380561829e-01,-4.738392680883407593e-02,-6.580258905887603760e-02,6.860685348510742188e-02,7.005809247493743896e-02,2.800137996673583984e-01,2.442455738782882690e-01,4.566326439380645752e-01,6.587876379489898682e-02,1.767088621854782104e-01,7.648000121116638184e-02,1.618258655071258545e-01,7.416546344757080078e-02,-2.296729981899261475e-01,-1.568567752838134766e-01,1.417423486709594727e-01,-1.062565669417381287e-01,1.741924434900283813e-01,-1.226616799831390381e-01,-1.195106003433465958e-02,-1.829178482294082642e-01,-1.346043199300765991e-01,-3.846194222569465637e-02,-1.052178367972373962e-01,-1.646713763475418091e-01,4.708096012473106384e-02,1.409823447465896606e-02,2.567359209060668945e-01,6.992623955011367798e-02,1.292802691459655762e-01,9.442882984876632690e-02,7.163692265748977661e-02,3.960741311311721802e-02,3.812909424304962158e-01,9.630542248487472534e-02,3.321344852447509766e-01,1.245560720562934875e-01,-1.039403956383466721e-02,-4.120456054806709290e-02,6.445407122373580933e-02,-1.271667778491973877e-01,3.639200627803802490e-01,6.651616841554641724e-02,4.905825108289718628e-02,-1.358435899019241333e-01,-7.890183478593826294e-02,-1.385903656482696533e-01,1.617889292538166046e-02,1.467043310403823853e-01,3.045193478465080261e-02,1.172331813722848892e-02,-3.539449721574783325e-02,-1.941217482089996338e-01,-8.085800707340240479e-02,-1.424215883016586304e-01,5.252394825220108032e-02,5.300933122634887695e-02,2.597754895687103271e-01,2.364878356456756592e-01,5.243071317672729492e-01,1.991222053766250610e-01,5.606248974800109863e-01,-5.613159388303756714e-02,5.421428680419921875e-01,1.372821629047393799e-01,2.164346277713775635e-01,-6.547522544860839844e-02,5.686776041984558105e-01,1.027581766247749329e-01,4.346536397933959961e-01,1.737651228904724121e-01,1.997518837451934814e-01,-2.689743414521217346e-02,4.814220592379570007e-02,-6.223043426871299744e-02,1.019985675811767578e-01,-4.919175803661346436e-02,3.006746172904968262e-01,4.091740772128105164e-02,1.574967801570892334e-01,6.858048588037490845e-02,2.324456572532653809e-01,1.452641636133193970e-01,3.362582325935363770e-01,2.500568628311157227e-01,2.895857989788055420e-01,1.563060842454433441e-02,5.181244015693664551e-02,-5.558513104915618896e-03,-7.998058944940567017e-02,-8.771650493144989014e-02,-1.048728823661804199e-01,1.157497707754373550e-02,1.976399868726730347e-01,1.512960642576217651e-01
