1.000000357627868652e+00,4.089570045471191406e-01,2.940556406974792480e-01,1.455275267362594604e-01,-3.858837997540831566e-03,-9.327826648950576782e-02,4.039368927478790283e-01,1.336272656917572021e-01,9.460592269897460938e-02,-8.025188744068145752e-02,4.395960271358489990e-01,1.125059425830841064e-01,3.651385307312011719e-01,-2.171115018427371979e-03,1.820345222949981689e-01,-7.116809487342834473e-02,2.088107019662857056e-01,1.538266390562057495e-01,4.094473719596862793e-01,3.448005318641662598e-01,2.916747331619262695e-02,-1.521817408502101898e-02,1.437256485223770142e-01,7.184915244579315186e-02,3.459974378347396851e-02,-8.357959240674972534e-02,5.536327138543128967e-02,-3.155330941081047058e-02,2.056546509265899658e-01,2.867742441594600677e-02,-8.526621758937835693e-02,-4.160292446613311768e-02,2.641921639442443848e-01,2.088485956192016602e-01,-7.903510332107543945e-02,-8.586552739143371582e-02,2.608307637274265289e-03,-6.266674492508172989e-03,-2.060182392597198486e-02,-1.314163953065872192e-02,1.413445323705673218e-01,1.485780254006385803e-02,-7.613509893417358398e-02,-1.366988569498062134e-01,-1.337401121854782104e-01,-1.485144644975662231e-01,-4.632053524255752563e-02,-1.050291210412979126e-01,-7.200104743242263794e-02,-7.439077645540237427e-02,6.736896187067031860e-02,-2.118026651442050934e-02,1.151050776243209839e-01,-2.913344465196132660e-02,5.046685412526130676e-02,-8.315603435039520264e-02,5.350800752639770508e-01,3.556129634380340576e-01,4.646797776222229004e-01,2.745249867439270020e-01,4.926635622978210449e-01,2.614552080631256104e-01,3.542660176753997803e-01,8.158420771360397339e-02,2.560524344444274902e-01,-8.604840189218521118e-02,1.752652525901794434e-01,1.080295816063880920e-01,4.622517526149749756e-01,4.000301957130432129e-01,-2.277021296322345734e-02,-6.877434253692626953e-02,8.241406083106994629e-02,1.539241429418325424e-02,3.095768392086029053e-02,-1.095449924468994141e-01,-1.336787827312946320e-04,-6.038202717900276184e-02,8.489967137575149536e-02,1.851298362016677856e-01,2.984372675418853760e-01,5.530399456620216370e-02,2.916981838643550873e-02,1.248166188597679138e-01,2.829592227935791016e-01,-9.014848619699478149e-02,-2.714669704437255859e-02,3.446660190820693970e-02,2.684325873851776123e-01,-6.334827840328216553e-02,1.625852584838867188e-01,1.607097685337066650e-01,5.954668670892715454e-02,1.721659749746322632e-01,-5.933252349495887756e-02,-1.000951230525970459e-01,9.735464118421077728e-03,-3.490048274397850037e-02,2.786618843674659729e-02,3.330824896693229675e-02,2.979076281189918518e-02,1.790254563093185425e-01,2.644992619752883911e-02,1.767263710498809814e-01,-2.747301012277603149e-02,-4.405702464282512665e-03,-2.703595906496047974e-02,7.644750177860260010e-02,2.958086691796779633e-02,-5.900045856833457947e-02,-7.181726396083831787e-02,6.893063336610794067e-02,3.078129142522811890e-02,-4.043171182274818420e-02,-9.371854364871978760e-02,2.563655376434326172e-02
4.089570045471191406e-01,9.999999403953552246e-01,2.414493858814239502e-01,3.711926043033599854e-01,-1.182561516761779785e-01,-8.435167372226715088e-02,2.201421856880187988e-01,4.127645790576934814e-01,-6.133916974067687988e-02,-5.400051921606063843e-02,6.262738257646560669e-02,3.633109927177429199e-01,1.131882518529891968e-02,1.994795054197311401e-01,-4.214894026517868042e-02,3.324285382404923439e-03,1.586086601018905640e-01,3.334032297134399414e-01,3.949947059154510498e-01,4.758810102939605713e-01,-8.683070540428161621e-02,-8.460784703493118286e-02,9.980870038270950317e-02,1.768190413713455200e-01,-1.717694252729415894e-01,-1.595304310321807861e-01,-1.363072693347930908e-01,-1.220020502805709839e-01,9.751591831445693970e-02,1.170977428555488586e-01,-1.333262622356414795e-01,-3.393319621682167053e-02,1.401717513799667358e-01,1.507367938756942749e-01,-1.661280840635299683e-01,-1.557402461767196655e-01,-6.832088530063629150e-02,-2.985968254506587982e-02,-1.251421421766281128e-01,-1.383049935102462769e-01,-1.287355925887823105e-02,-1.836814172565937042e-02,-1.360391825437545776e-01,-1.427229493856430054e-01,-3.118511661887168884e-02,1.137799955904483795e-02,-1.628793776035308838e-01,-1.123566627502441406e-01,5.158170685172080994e-02,4.268920049071311951e-02,-1.020383238792419434e-01,4.192334413528442383e-02,-7.583242654800415039e-02,5.187343060970306396e-02,-1.315226405858993530e-01,-1.207014247775077820e-01,4.141488075256347656e-01,6.131835579872131348e-01,2.683656215667724609e-01,4.894579946994781494e-01,2.512266933917999268e-01,5.455936193466186523e-01,1.959262192249298096e-01,4.223603606224060059e-01,-1.062844973057508469e-02,5.816623196005821228e-02,3.633970022201538086e-02,-5.735900253057479858e-02,4.317918717861175537e-01,3.296853601932525635e-01,-1.803142130374908447e-01,-1.391333192586898804e-01,5.724399536848068237e-02,3.201500698924064636e-02,-2.317008748650550842e-02,-9.730193763971328735e-02,-7.347040623426437378e-02,-9.804113954305648804e-02,3.886117786169052124e-02,1.330602020025253296e-01,1.282342821359634399e-01,2.711114883422851562e-01,3.352736355736851692e-03,1.346831321716308594e-01,-8.069157600402832031e-02,4.119097720831632614e-03,-8.679728209972381592e-02,1.623809710144996643e-02,-1.587719283998012543e-02,-2.766954479739069939e-03,9.887531399726867676e-02,1.890221089124679565e-01,7.478415966033935547e-02,1.715867668390274048e-01,-1.716362535953521729e-01,-2.085778266191482544e-01,-2.068555355072021484e-01,-1.706068813800811768e-01,-6.977924611419439316e-03,-6.346947699785232544e-02,-8.196029812097549438e-03,8.873534202575683594e-02,-3.198256343603134155e-02,5.027293413877487183e-02,-1.572956293821334839e-01,-9.646292775869369507e-02,-3.514187410473823547e-02,8.723938465118408203e-02,-2.860791794955730438e-02,-1.654042899608612061e-01,-2.122952342033386230e-01,-6.641212850809097290e-02,3.911428526043891907e-02,-1.564402948133647442e-03,-1.223779246211051941e-01,-1.093558520078659058e-01
2.940556406974792480e-01,2.414493858814239502e-01,9.999995231628417969e-01,5.947133302688598633e-01,3.040653765201568604e-01,1.882046312093734741e-01,6.436866521835327148e-01,4.589474797248840332e-01,3.323034644126892090e-01,1.000672802329063416e-01,2.721738815307617188e-01,2.327611893415451050e-01,4.076122045516967773e-01,2.659295499324798584e-01,2.707557678222656250e-01,1.709674298763275146e-01,5.090936645865440369e-02,4.958950728178024292e-02,4.093983173370361328e-01,3.725976645946502686e-01,9.865863621234893799e-02,8.506420254707336426e-02,6.093266010284423828e-01,6.014243960380554199e-01,2.647303640842437744e-01,2.140500992536544800e-01,1.857999116182327271e-01,7.812944054603576660e-02,1.858002692461013794e-01,9.639477729797363281e-02,3.967526555061340332e-01,4.051836431026458740e-01,7.170075178146362305e-02,1.096874475479125977e-01,1.070847585797309875e-01,1.293317824602127075e-01,1.049134805798530579e-01,5.615894868969917297e-02,1.897711120545864105e-02,-5.633670371025800705e-03,1.601764559745788574e-01,1.964370347559452057e-02,3.947130590677261353e-02,-5.232457071542739868e-02,2.032819390296936035e-02,5.646062083542346954e-03,2.659961022436618805e-02,-1.102040782570838928e-01,-6.150322500616312027e-03,-8.048646152019500732e-02,2.751469053328037262e-02,-1.876047253608703613e-01,4.279639944434165955e-02,-7.176446169614791870e-02,1.098719658330082893e-03,-1.830321252346038818e-01,1.704585701227188110e-01,1.285880208015441895e-01,1.076472774147987366e-01,5.778171867132186890e-02,1.431190073490142822e-01,4.334846884012222290e-02,1.562113910913467407e-01,-5.022385343909263611e-02,2.536838352680206299e-01,3.601783141493797302e-02,4.607599228620529175e-02,3.681747987866401672e-02,2.485323697328567505e-01,1.533213704824447632e-01,5.049616843461990356e-02,1.595661938190460205e-01,1.760953217744827271e-01,1.399603486061096191e-01,9.381392598152160645e-02,8.122825622558593750e-02,5.231263861060142517e-02,5.133860185742378235e-02,-7.035288959741592407e-02,-1.011659130454063416e-01,1.724929809570312500e-01,-7.214009016752243042e-02,7.985806465148925781e-02,1.862196028232574463e-01,2.689640223979949951e-01,2.494901418685913086e-02,1.390976309776306152e-01,2.051562070846557617e-01,2.813260555267333984e-01,-9.027393907308578491e-02,2.591545581817626953e-01,2.197250723838806152e-01,2.493509650230407715e-01,1.973061859607696533e-01,-1.169447079300880432e-01,-1.045086011290550232e-01,-7.520329952239990234e-02,-1.404837071895599365e-01,7.596397399902343750e-02,1.575212366878986359e-02,2.227655053138732910e-01,2.595426738262176514e-01,1.501137018203735352e-01,2.231568545103073120e-01,7.863271981477737427e-03,3.188866376876831055e-02,-1.516043096780776978e-01,1.293740868568420410e-01,-5.511275492608547211e-03,-1.003117710351943970e-01,-1.004741117358207703e-01,-7.297353353351354599e-03,1.012508645653724670e-01,6.282179057598114014e-02,-6.545763462781906128e-02,-8.211600035429000854e-02
1.455275267362594604e-01,3.711926043033599854e-01,5.947133302688598633e-01,1.000000238418579102e+00,1.973454207181930542e-01,1.785787492990493774e-01,4.796187579631805420e-01,6.334725022315979004e-01,2.055253386497497559e-01,1.219135373830795288e-01,4.150544852018356323e-02,3.183397650718688965e-01,1.830389648675918579e-01,2.957199215888977051e-01,8.937861770391464233e-02,1.744845956563949585e-01,-4.873584210872650146e-02,1.113941967487335205e-01,3.461741209030151367e-01,3.927428424358367920e-01,-4.141758382320404053e-02,-3.585143759846687317e-02,4.896746873855590820e-01,5.986828804016113281e-01,9.181670844554901123e-02,1.333840042352676392e-01,3.380946069955825806e-02,3.727013617753982544e-02,1.336934510618448257e-02,8.746019005775451660e-02,2.351181358098983765e-01,3.091470003128051758e-01,-9.509932249784469604e-02,4.084915854036808014e-03,4.808164015412330627e-02,1.482103168964385986e-01,4.859127849340438843e-02,1.072866190224885941e-02,-7.878255844116210938e-02,-1.146947816014289856e-01,7.988534122705459595e-02,5.652733147144317627e-03,-8.559339493513107300e-02,-1.754418015480041504e-01,8.321812376379966736e-03,-2.113547548651695251e-02,-1.228272169828414917e-01,-2.105497419834136963e-01,-1.566013507544994354e-02,-1.119122132658958435e-01,-1.432875692844390869e-01,-1.968564838171005249e-01,-1.374669373035430908e-01,-1.304431706666946411e-01,-2.100329548120498657e-01,-2.894082665443420410e-01,1.015481650829315186e-01,2.308241873979568481e-01,1.352125313133001328e-02,1.597059071063995361e-01,3.552564978599548340e-02,2.012165635824203491e-01,6.691391021013259888e-02,1.099272742867469788e-01,1.417594105005264282e-01,2.559164762496948242e-01,-3.415568545460700989e-02,-5.555305629968643188e-02,2.283033430576324463e-01,1.283150464296340942e-01,-1.533816456794738770e-01,2.888747118413448334e-02,1.068997457623481750e-01,6.737017631530761719e-02,9.944778867065906525e-04,5.092307552695274353e-02,-7.330879569053649902e-02,-3.236056119203567505e-02,-1.800737977027893066e-01,-1.420402377843856812e-01,4.284654930233955383e-02,3.608511015772819519e-02,4.443835467100143433e-02,1.838886290788650513e-01,1.120781749486923218e-01,1.590098440647125244e-01,4.783087223768234253e-02,1.932556033134460449e-01,1.061990708112716675e-01,-7.122880220413208008e-02,2.732037007808685303e-01,2.378835678100585938e-01,3.320885002613067627e-01,1.878113746643066406e-01,-1.869653016328811646e-01,-1.848686039447784424e-01,-2.724831402301788330e-01,-2.968380451202392578e-01,-1.347347814589738846e-02,-9.945013374090194702e-02,1.906473189592361450e-01,1.662152856588363647e-01,9.830051660537719727e-02,1.278512328863143921e-01,-7.151092588901519775e-02,-7.035661488771438599e-02,-1.220427080988883972e-01,1.119614467024803162e-01,-1.495703868567943573e-02,-2.402422726154327393e-01,-2.880465388298034668e-01,-1.605601608753204346e-01,7.630760222673416138e-02,6.784322205930948257e-03,-1.781366169452667236e-01,-1.616025418043136597e-01
-3.858837997540831566e-03,-1.182561516761779785e-01,3.040653765201568604e-01,1.973454207181930542e-01,1.000000119209289551e+00,6.972482204437255859e-01,2.154980450868606567e-01,7.522527128458023071e-02,7.040254473686218262e-01,6.235724091529846191e-01,2.703312337398529053e-01,2.518043220043182373e-01,3.333353102207183838e-01,3.892337679862976074e-01,5.125439167022705078e-01,5.550941228866577148e-01,5.016409978270530701e-02,7.201204448938369751e-02,6.628313660621643066e-02,7.423153519630432129e-02,3.290988206863403320e-01,3.437674343585968018e-01,3.637398481369018555e-01,3.486897051334381104e-01,5.557597279548645020e-01,6.133371591567993164e-01,5.655171871185302734e-01,5.920451283454895020e-01,2.929533720016479492e-01,2.807781696319580078e-01,4.582314193248748779e-01,4.445534646511077881e-01,-7.530850172042846680e-02,6.227625906467437744e-02,6.558361649513244629e-02,9.749206900596618652e-02,1.707612574100494385e-01,2.384366691112518311e-01,1.105496194213628769e-02,-1.071601919829845428e-02,2.524045109748840332e-01,6.655760854482650757e-02,6.658151000738143921e-02,1.048261076211929321e-01,7.601873576641082764e-02,4.803301766514778137e-02,3.815422579646110535e-02,-2.262508496642112732e-02,4.565901309251785278e-02,1.824241946451365948e-03,1.465048938989639282e-01,-1.263417769223451614e-02,-2.633844874799251556e-02,-7.240538299083709717e-02,-9.858134435489773750e-04,-4.010418802499771118e-02,-1.343395262956619263e-01,-1.772485524415969849e-01,-1.362991034984588623e-01,-2.593225240707397461e-01,-5.518294125795364380e-02,-1.785822659730911255e-01,2.902354113757610321e-02,-6.764636188745498657e-02,1.459446102380752563e-01,3.232863172888755798e-02,-1.170273497700691223e-01,-1.980893686413764954e-02,-1.188392713665962219e-01,-1.004490330815315247e-01,7.259859144687652588e-02,2.373512983322143555e-01,2.917147278785705566e-01,2.975931465625762939e-01,2.152155786752700806e-01,2.894963026046752930e-01,1.296008080244064331e-01,1.431043595075607300e-01,1.580223254859447479e-02,-2.669492503628134727e-03,1.671754121780395508e-01,3.022015094757080078e-02,1.367072314023971558e-01,1.959694325923919678e-01,2.463279813528060913e-01,2.054502069950103760e-01,1.813607960939407349e-01,2.697261869907379150e-01,1.463993638753890991e-01,7.497888058423995972e-02,1.558305323123931885e-01,1.803519278764724731e-01,2.559927999973297119e-01,2.061629593372344971e-01,-5.363262817263603210e-02,-6.561937183141708374e-02,-1.619052328169345856e-02,-5.542154610157012939e-02,7.794578373432159424e-02,1.122999191284179688e-01,1.131539568305015564e-01,1.368761211633682251e-01,9.200638532638549805e-02,2.929528243839740753e-02,1.660872250795364380e-01,8.180753886699676514e-02,-1.991191059350967407e-01,-4.021165147423744202e-02,1.276009380817413330e-01,3.550051152706146240e-02,3.162254020571708679e-02,1.075232177972793579e-01,1.189843863248825073e-01,1.731032133102416992e-01,-9.608197957277297974e-02,-8.941110968589782715e-02
-9.327826648950576782e-02,-8.435167372226715088e-02,1.882046312093734741e-01,1.785787492990493774e-01,6.972482204437255859e-01,9.999997615814208984e-01,6.983238458633422852e-02,7.581600546836853027e-02,6.276965141296386719e-01,7.015644311904907227e-01,1.550927758216857910e-01,2.693997323513031006e-01,1.966718584299087524e-01,4.106757044792175293e-01,4.160433113574981689e-01,5.944362282752990723e-01,-5.088319536298513412e-03,7.251203060150146484e-02,-1.262323494302108884e-04,1.370504219084978104e-02,2.794694602489471436e-01,3.054811656475067139e-01,2.874726653099060059e-01,3.041743338108062744e-01,4.916365444660186768e-01,6.221550107002258301e-01,5.369230508804321289e-01,6.481783390045166016e-01,1.966200470924377441e-01,2.814792990684509277e-01,3.980289995670318604e-01,4.196451902389526367e-01,-1.067537963390350342e-01,5.201404541730880737e-02,3.618338145315647125e-03,6.120459735393524170e-02,1.287837624549865723e-01,2.369746863842010498e-01,1.493266597390174866e-02,4.597391933202743530e-03,1.894961297512054443e-01,1.005916818976402283e-01,3.230577707290649414e-02,1.173184812068939209e-01,9.583903849124908447e-02,6.673463433980941772e-02,6.080548278987407684e-03,9.829861111938953400e-03,6.844399124383926392e-02,2.047388255596160889e-02,9.581866115331649780e-02,4.341699182987213135e-02,-8.728787302970886230e-02,-6.478184461593627930e-02,-2.706146799027919769e-02,2.254605060443282127e-03,-1.764072477817535400e-01,-1.386638879776000977e-01,-1.946835964918136597e-01,-2.331791371107101440e-01,-9.720764309167861938e-02,-1.107092946767807007e-01,-2.701314538717269897e-02,2.326290123164653778e-02,1.535911578685045242e-02,5.708838626742362976e-02,-1.758031696081161499e-01,-8.087943494319915771e-02,-1.815535277128219604e-01,-1.464536488056182861e-01,4.959343001246452332e-02,2.230062931776046753e-01,2.327287495136260986e-01,2.406842559576034546e-01,1.259962320327758789e-01,2.627039253711700439e-01,1.134504601359367371e-01,1.181839108467102051e-01,-2.245562337338924408e-02,-2.071778662502765656e-02,4.634784162044525146e-02,6.596274673938751221e-02,1.222599074244499207e-01,1.537279784679412842e-01,8.492732793092727661e-02,2.299462258815765381e-01,1.053017452359199524e-01,2.660477459430694580e-01,5.481061339378356934e-02,1.577546149492263794e-01,1.216123402118682861e-01,1.800436079502105713e-01,2.516937255859375000e-01,1.949982345104217529e-01,-4.022758081555366516e-02,-6.410185992717742920e-02,-4.813464358448982239e-02,-1.600920595228672028e-02,5.486237257719039917e-02,9.233319014310836792e-02,5.872609093785285950e-02,5.115705728530883789e-02,3.851309418678283691e-02,-6.572165340185165405e-02,1.011551320552825928e-01,1.000883337110280991e-02,-1.857834160327911377e-01,-1.161812916398048401e-01,1.077791824936866760e-01,1.945015601813793182e-02,3.202483057975769043e-02,9.725643694400787354e-02,1.284986138343811035e-01,2.136265486478805542e-01,-6.930055469274520874e-02,-8.748242259025573730e-02
4.039368927478790283e-01,2.201421856880187988e-01,6.436866521835327148e-01,4.796187579631805420e-01,2.154980450868606567e-01,6.983238458633422852e-02,9.999998807907104492e-01,4.797681272029876709e-01,2.979936003684997559e-01,-2.833791449666023254e-02,3.334621489048004150e-01,1.591339111328125000e-01,5.220135450363159180e-01,1.141442209482192993e-01,2.519468665122985840e-01,2.376736886799335480e-02,1.027457490563392639e-01,3.358726203441619873e-02,3.558459281921386719e-01,3.412566483020782471e-01,4.284737631678581238e-02,2.250409498810768127e-02,4.304132163524627686e-01,3.995051383972167969e-01,1.491836756467819214e-01,5.913338810205459595e-02,3.548768535256385803e-02,-4.618905484676361084e-02,1.704983413219451904e-01,6.464611738920211792e-02,2.504549324512481689e-01,1.925394237041473389e-01,5.687839537858963013e-02,6.692953407764434814e-02,-1.049652788788080215e-02,2.314154990017414093e-02,3.931945189833641052e-02,-5.921735614538192749e-02,-8.528196066617965698e-02,-1.206388771533966064e-01,1.127016469836235046e-01,-9.991315007209777832e-02,-3.863353049382567406e-03,-1.552885025739669800e-01,-1.502308249473571777e-02,-2.211335860192775726e-02,-2.584007382392883301e-02,-1.797074228525161743e-01,2.116280142217874527e-03,-9.463894367218017578e-02,3.472892194986343384e-02,-2.305503189563751221e-01,3.286104649305343628e-02,-1.128499358892440796e-01,-5.287157371640205383e-02,-2.483537942171096802e-01,1.914245039224624634e-01,7.913436740636825562e-02,2.170183658599853516e-01,1.143653392791748047e-01,2.461638897657394409e-01,9.847276657819747925e-02,2.244472652673721313e-01,-5.073064938187599182e-02,3.281823098659515381e-01,1.736356131732463837e-02,5.674172937870025635e-02,1.986759714782238007e-02,2.491564750671386719e-01,1.363052427768707275e-01,1.505913678556680679e-02,6.410715728998184204e-02,1.518569886684417725e-01,8.352624624967575073e-02,1.069226562976837158e-01,-4.394468851387500763e-03,2.598782628774642944e-02,1.967534981667995453e-02,-9.381496906280517578e-02,-9.791773557662963867e-02,1.876708865165710449e-01,-1.062860935926437378e-01,2.224262058734893799e-02,2.029535323381423950e-01,2.521477341651916504e-01,-1.180093437433242798e-01,9.947852045297622681e-02,1.146982759237289429e-01,2.987989187240600586e-01,-1.617959886789321899e-01,1.857935488224029541e-01,1.930146515369415283e-01,1.488075554370880127e-01,1.466522365808486938e-01,-1.478813290596008301e-01,-1.345068812370300293e-01,-1.013031750917434692e-01,-2.088196128606796265e-01,4.168216139078140259e-02,-2.379779890179634094e-02,1.780705749988555908e-01,3.029561042785644531e-01,1.471282392740249634e-01,3.098998665809631348e-01,4.870342090725898743e-02,5.200856178998947144e-02,-1.095801293849945068e-01,1.465757191181182861e-01,-4.535980522632598877e-02,-1.544594317674636841e-01,-1.738895177841186523e-01,-6.915086507797241211e-02,6.016599014401435852e-02,-3.908862546086311340e-02,-8.133611828088760376e-02,1.248160377144813538e-02
1.336272656917572021e-01,4.127645790576934814e-01,4.589474797248840332e-01,6.334725022315979004e-01,7.522527128458023071e-02,7.581600546836853027e-02,4.797681272029876709e-01,1.000000357627868652e+00,1.190901026129722595e-01,1.583656109869480133e-02,-5.682934075593948364e-03,3.691503107547760010e-01,1.907578855752944946e-01,3.065415918827056885e-01,2.347029186785221100e-02,1.306966245174407959e-01,-3.585534170269966125e-02,1.068847030401229858e-01,2.771172821521759033e-01,3.407120406627655029e-01,-7.398054003715515137e-02,-3.960055112838745117e-02,3.004012107849121094e-01,4.297541677951812744e-01,-7.028955221176147461e-02,-3.391260281205177307e-02,-1.468793749809265137e-01,-1.050404906272888184e-01,1.380273047834634781e-02,1.548819392919540405e-01,1.182503700256347656e-01,1.681656837463378906e-01,-1.671886742115020752e-01,-4.930752143263816833e-02,-1.532048285007476807e-01,-4.224614426493644714e-02,-2.251427620649337769e-02,-8.022399246692657471e-02,-1.560173481702804565e-01,-2.493432909250259399e-01,4.132122267037630081e-03,-8.624971657991409302e-02,-1.397826373577117920e-01,-1.669757962226867676e-01,2.576954290270805359e-02,8.406933397054672241e-02,-1.845195144414901733e-01,-2.181551605463027954e-01,8.326644450426101685e-02,3.937389329075813293e-02,-8.931944519281387329e-02,-8.142716437578201294e-02,-1.468203514814376831e-01,-5.478005483746528625e-02,-2.200251966714859009e-01,-2.677073180675506592e-01,2.752944454550743103e-02,1.628047972917556763e-01,6.287781149148941040e-02,2.588472068309783936e-01,8.056025207042694092e-02,3.004899024963378906e-01,1.282050758600234985e-01,2.286387979984283447e-01,3.392879664897918701e-02,1.804167777299880981e-01,-1.121524721384048462e-01,-1.070946380496025085e-01,1.466978341341018677e-01,2.654129453003406525e-02,-1.269263774156570435e-01,1.040805503726005554e-02,5.438250303268432617e-02,7.624839991331100464e-02,1.026837504468858242e-03,-1.749624684453010559e-02,-7.202076911926269531e-02,-2.745668403804302216e-02,-2.034522593021392822e-01,-2.001765668392181396e-01,-2.204249240458011627e-02,4.864697530865669250e-02,6.986594758927822113e-03,1.996064931154251099e-01,-4.457799717783927917e-02,1.275528501719236374e-02,-3.659229353070259094e-02,6.975004822015762329e-02,2.050388231873512268e-02,-1.073341593146324158e-01,1.544197201728820801e-01,1.972546428442001343e-01,1.384260058403015137e-01,1.095822229981422424e-01,-1.653998494148254395e-01,-1.587442755699157715e-01,-2.548850774765014648e-01,-3.012417256832122803e-01,1.553039532154798508e-02,-1.277458369731903076e-01,1.160469502210617065e-01,2.050536423921585083e-01,9.694528579711914062e-02,2.182057797908782959e-01,-7.043187320232391357e-02,-8.769278228282928467e-02,-5.912637338042259216e-02,1.273530870676040649e-01,-7.506103068590164185e-02,-2.241686880588531494e-01,-3.122464716434478760e-01,-1.880880147218704224e-01,7.956527173519134521e-02,-5.177927389740943909e-02,-1.538599878549575806e-01,-1.014167815446853638e-01
9.460592269897460938e-02,-6.133916974067687988e-02,3.323034644126892090e-01,2.055253386497497559e-01,7.040254473686218262e-01,6.276965141296386719e-01,2.979936003684997559e-01,1.190901026129722595e-01,1.000000357627868652e+00,5.815087556838989258e-01,3.505781590938568115e-01,3.046390414237976074e-01,4.318846762180328369e-01,3.811784088611602783e-01,5.722829103469848633e-01,5.300465822219848633e-01,8.526904135942459106e-02,8.898988366127014160e-02,1.289654523134231567e-01,1.304044276475906372e-01,3.256762623786926270e-01,3.394979834556579590e-01,3.409435451030731201e-01,3.293191492557525635e-01,5.653192996978759766e-01,5.548976659774780273e-01,5.099325180053710938e-01,5.029801130294799805e-01,3.529707789421081543e-01,2.981469333171844482e-01,4.376295506954193115e-01,3.830689191818237305e-01,-4.532829299569129944e-02,5.805277451872825623e-02,8.273397572338581085e-03,1.958681829273700714e-02,1.387074291706085205e-01,2.015968114137649536e-01,-1.109951548278331757e-02,-6.618626415729522705e-02,2.293519675731658936e-01,-3.726572031155228615e-03,5.075670406222343445e-02,7.109393179416656494e-02,4.547508060932159424e-02,2.724265679717063904e-02,3.438257053494453430e-02,-5.065685510635375977e-02,4.137326776981353760e-02,-1.373968739062547684e-02,1.563864350318908691e-01,-3.122480772435665131e-02,-9.688950143754482269e-03,-8.207038044929504395e-02,8.211485110223293304e-03,-6.238528713583946228e-02,-9.540969133377075195e-02,-1.674783974885940552e-01,-8.786775916814804077e-02,-2.478988915681838989e-01,2.448700182139873505e-02,-1.429686397314071655e-01,8.657615631818771362e-02,-7.415678352117538452e-02,1.924796998500823975e-01,-2.035064250230789185e-02,-1.282680928707122803e-01,-6.948153674602508545e-02,-3.326544538140296936e-02,-7.155305892229080200e-02,6.252345442771911621e-02,2.180347144603729248e-01,3.426629602909088135e-01,3.176625967025756836e-01,2.725813686847686768e-01,2.891271710395812988e-01,1.396801769733428955e-01,1.508043110370635986e-01,2.067622914910316467e-02,1.322045549750328064e-02,2.118982076644897461e-01,1.121494267135858536e-02,1.107389926910400391e-01,1.742879152297973633e-01,2.283953130245208740e-01,1.141969636082649231e-01,1.298955827951431274e-01,1.761602461338043213e-01,2.100982218980789185e-01,2.396476827561855316e-02,1.776826977729797363e-01,2.123050987720489502e-01,2.600325047969818115e-01,2.266443967819213867e-01,-9.792065620422363281e-02,-1.032348349690437317e-01,-4.327284544706344604e-02,-1.050658449530601501e-01,1.095093339681625366e-01,1.366343200206756592e-01,1.550379246473312378e-01,2.243040502071380615e-01,1.385027468204498291e-01,1.085563451051712036e-01,2.035166919231414795e-01,1.154965981841087341e-01,-1.880387514829635620e-01,2.551665157079696655e-02,6.217597052454948425e-02,-2.629737183451652527e-02,-7.318122312426567078e-03,1.062621697783470154e-01,1.396752297878265381e-01,1.690496951341629028e-01,-1.040246263146400452e-01,-4.339849576354026794e-02
-8.025188744068145752e-02,-5.400051921606063843e-02,1.000672802329063416e-01,1.219135373830795288e-01,6.235724091529846191e-01,7.015644311904907227e-01,-2.833791449666023254e-02,1.583656109869480133e-02,5.815087556838989258e-01,9.999997019767761230e-01,1.474032849073410034e-01,2.768278717994689941e-01,1.219061687588691711e-01,4.083898961544036865e-01,3.670997619628906250e-01,6.132163405418395996e-01,-1.147765945643186569e-02,5.697852745652198792e-02,1.394305564463138580e-02,-6.435607094317674637e-03,2.763737142086029053e-01,2.822234034538269043e-01,2.098944634199142456e-01,2.346518188714981079e-01,4.784975647926330566e-01,5.929384827613830566e-01,5.304197072982788086e-01,6.316561102867126465e-01,1.539721339941024780e-01,2.609952092170715332e-01,3.210614323616027832e-01,3.337382376194000244e-01,-1.268776357173919678e-01,1.794445328414440155e-02,7.401598617434501648e-03,5.700431019067764282e-02,1.292482763528823853e-01,2.297993600368499756e-01,1.326842512935400009e-02,1.445348747074604034e-02,1.391190439462661743e-01,8.058257400989532471e-02,8.627697825431823730e-03,1.025052890181541443e-01,6.262678653001785278e-02,2.957914769649505615e-02,-6.596008315682411194e-03,-6.568052340298891068e-03,2.996710315346717834e-02,5.723958835005760193e-03,5.255740135908126831e-02,5.723950266838073730e-02,-1.458717584609985352e-01,-9.454489499330520630e-02,-5.542648211121559143e-02,5.556927993893623352e-03,-1.803591251373291016e-01,-9.883359819650650024e-02,-1.944273859262466431e-01,-2.169802486896514893e-01,-9.252863377332687378e-02,-1.003956571221351624e-01,-4.901711642742156982e-02,5.930895730853080750e-02,9.190156124532222748e-03,8.434073626995086670e-02,-1.706041693687438965e-01,-1.330290585756301880e-01,-1.676225960254669189e-01,-1.521895974874496460e-01,2.017352962866425514e-03,1.638505160808563232e-01,2.313640713691711426e-01,2.506399452686309814e-01,1.458625048398971558e-01,2.945563197135925293e-01,1.265847533941268921e-01,1.297305673360824585e-01,1.455576065927743912e-02,4.245973005890846252e-02,3.445088490843772888e-02,7.989510893821716309e-02,8.527605235576629639e-02,8.183947205543518066e-02,3.760219737887382507e-02,2.378903478384017944e-01,2.838812768459320068e-02,1.787744611501693726e-01,5.584793165326118469e-03,1.641872078180313110e-01,1.256528049707412720e-01,2.000944167375564575e-01,2.761359214782714844e-01,2.436369359493255615e-01,-5.712284147739410400e-02,-8.587049692869186401e-02,-5.935353413224220276e-02,-2.435285784304141998e-02,4.728461429476737976e-02,9.008360654115676880e-02,5.647147819399833679e-02,5.503726005554199219e-02,-5.619726609438657761e-03,-1.103015542030334473e-01,1.283454298973083496e-01,2.927999757230281830e-02,-1.864566802978515625e-01,-1.471457630395889282e-01,8.799131214618682861e-02,1.488815620541572571e-02,3.377566486597061157e-02,7.900470495223999023e-02,1.181018874049186707e-01,2.106184065341949463e-01,-6.028903275728225708e-02,-9.037826955318450928e-02
4.395960271358489990e-01,6.262738257646560669e-02,2.721738815307617188e-01,4.150544852018356323e-02,2.703312337398529053e-01,1.550927758216857910e-01,3.334621489048004150e-01,-5.682934075593948364e-03,3.505781590938568115e-01,1.474032849073410034e-01,1.000000119209289551e+00,2.485436499118804932e-01,5.837007164955139160e-01,1.814306080341339111e-01,4.221085906028747559e-01,1.692221015691757202e-01,2.714625000953674316e-01,1.686625480651855469e-01,2.946780920028686523e-01,1.807524710893630981e-01,1.494189500808715820e-01,1.677681207656860352e-01,2.732639014720916748e-01,1.802154630422592163e-01,3.293527960777282715e-01,2.344662845134735107e-01,2.715415060520172119e-01,1.493006497621536255e-01,3.636223077774047852e-01,1.851671636104583740e-01,2.392145991325378418e-01,1.956885606050491333e-01,2.135532051324844360e-01,2.336856871843338013e-01,2.918974868953227997e-02,1.148389093577861786e-02,6.565046310424804688e-02,5.629018694162368774e-02,4.729287326335906982e-02,4.145516827702522278e-02,2.332196384668350220e-01,6.797201931476593018e-02,2.443510480225086212e-02,4.427596926689147949e-03,-1.039980798959732056e-01,-8.356744050979614258e-02,5.406708922237157822e-03,-6.690499931573867798e-02,-4.747017845511436462e-02,-3.886848315596580505e-02,1.745484322309494019e-01,-6.957317818887531757e-04,1.023771390318870544e-01,-8.443401008844375610e-02,1.014096364378929138e-01,-1.853291131556034088e-02,1.683485507965087891e-01,-1.679072529077529907e-02,2.217993885278701782e-01,-3.452756628394126892e-02,3.049516379833221436e-01,-3.975598886609077454e-02,3.334993124008178711e-01,7.817468605935573578e-03,3.185292482376098633e-01,-9.930718690156936646e-02,1.279559582471847534e-01,1.035940349102020264e-01,1.555798649787902832e-01,8.312164992094039917e-02,1.774010807275772095e-01,1.762830168008804321e-01,3.449527323246002197e-01,2.116284519433975220e-01,3.020590543746948242e-01,1.472722291946411133e-01,1.908456981182098389e-01,9.391263872385025024e-02,6.855145096778869629e-02,1.467126011848449707e-01,3.106178939342498779e-01,-3.105457406491041183e-03,1.504318714141845703e-01,1.927617937326431274e-01,3.747131824493408203e-01,3.566332906484603882e-02,1.328263580799102783e-01,1.819173097610473633e-01,3.153560757637023926e-01,-6.873904913663864136e-02,6.495123356580734253e-02,3.044622018933296204e-02,1.307894103229045868e-02,2.942077256739139557e-02,-3.562613949179649353e-02,-4.188932105898857117e-02,5.047862604260444641e-02,-4.873193427920341492e-02,-1.111669582314789295e-03,2.311541140079498291e-02,9.551867097616195679e-02,1.191593185067176819e-01,8.518166840076446533e-02,1.085664182901382446e-01,8.128073811531066895e-02,6.361614167690277100e-02,-8.923274278640747070e-02,3.820236772298812866e-02,-9.957168251276016235e-03,-1.465618237853050232e-02,6.584293209016323090e-03,7.024969905614852905e-02,-1.500610355287790298e-02,-5.982419825159013271e-04,-4.169046878814697266e-02,7.881926372647285461e-03
1.125059425830841064e-01,3.633109927177429199e-01,2.327611893415451050e-01,3.183397650718688965e-01,2.518043220043182373e-01,2.693997323513031006e-01,1.591339111328125000e-01,3.691503107547760010e-01,3.046390414237976074e-01,2.768278717994689941e-01,2.485436499118804932e-01,9.999997615814208984e-01,2.571376860141754150e-01,6.085295677185058594e-01,2.912602424621582031e-01,4.374400675296783447e-01,1.177949011325836182e-01,4.041804969310760498e-01,2.387305945158004761e-01,3.571065962314605713e-01,8.835646510124206543e-02,2.173127233982086182e-01,2.706234753131866455e-01,3.977405428886413574e-01,1.874549537897109985e-01,2.088259160518646240e-01,1.518657058477401733e-01,1.300294250249862671e-01,2.586724162101745605e-01,4.401614665985107422e-01,2.450598031282424927e-01,2.986034750938415527e-01,2.144609764218330383e-02,1.297597587108612061e-01,-1.587414890527725220e-01,-6.899974495172500610e-02,-3.238633647561073303e-02,1.475495696067810059e-01,-5.411915853619575500e-02,-1.294476985931396484e-01,6.080095469951629639e-02,7.644096761941909790e-02,-1.154226213693618774e-01,2.504421584308147430e-02,-7.946684956550598145e-02,7.028540130704641342e-03,-9.921654313802719116e-02,-9.597758203744888306e-02,3.945659846067428589e-02,4.625835642218589783e-02,-3.324494138360023499e-02,4.223017394542694092e-02,-1.327033489942550659e-01,-4.025010392069816589e-02,-9.998148679733276367e-02,-8.338693529367446899e-02,-2.240862231701612473e-03,1.416432857513427734e-01,-3.997381031513214111e-02,5.032868310809135437e-02,8.759527653455734253e-02,2.165149152278900146e-01,2.380103319883346558e-01,3.842876255512237549e-01,-5.345152691006660461e-02,-9.542434781906194985e-06,-1.721944510936737061e-01,-1.664576381444931030e-01,1.109913513064384460e-01,2.116377465426921844e-02,-1.592583023011684418e-02,1.609373539686203003e-01,3.256032466888427734e-01,3.629256188869476318e-01,2.349764406681060791e-01,2.579073607921600342e-01,1.039022579789161682e-01,9.011611342430114746e-02,-1.293950993567705154e-02,1.140291243791580200e-01,1.541228890419006348e-01,3.394188880920410156e-01,1.498589366674423218e-01,3.104700446128845215e-01,3.669571364298462868e-03,2.885582745075225830e-01,6.172499805688858032e-02,2.076628804206848145e-01,4.805822856724262238e-03,6.378746032714843750e-02,1.227307841181755066e-01,2.007104307413101196e-01,1.237474605441093445e-01,1.424942761659622192e-01,-1.195593401789665222e-01,-1.233986094594001770e-01,-1.591982543468475342e-01,-1.858620941638946533e-01,3.007777221500873566e-02,4.076153854839503765e-04,7.841391861438751221e-02,1.468289345502853394e-01,1.051429063081741333e-01,8.603965491056442261e-02,1.153936795890331268e-02,-1.785294152796268463e-02,-9.257936477661132812e-02,6.759989261627197266e-02,-2.626589685678482056e-02,-9.778601676225662231e-02,-1.416665762662887573e-01,-1.446774043142795563e-02,9.355221688747406006e-02,8.516116440296173096e-02,-1.362840086221694946e-01,-1.397145092487335205e-01
3.651385307312011719e-01,1.131882518529891968e-02,4.076122045516967773e-01,1.830389648675918579e-01,3.333353102207183838e-01,1.966718584299087524e-01,5.220135450363159180e-01,1.907578855752944946e-01,4.318846762180328369e-01,1.219061687588691711e-01,5.837007164955139160e-01,2.571376860141754150e-01,1.000000119209289551e+00,2.467235177755355835e-01,5.072783231735229492e-01,1.929154098033905029e-01,1.373184621334075928e-01,7.875315845012664795e-02,2.500346601009368896e-01,1.372907608747482300e-01,1.613661497831344604e-01,1.683948785066604614e-01,3.315960168838500977e-01,2.742207050323486328e-01,3.209571242332458496e-01,2.031988948583602905e-01,2.268383651971817017e-01,1.155380085110664368e-01,3.597066104412078857e-01,1.956617385149002075e-01,3.285230398178100586e-01,2.467760145664215088e-01,1.096377596259117126e-01,7.139603793621063232e-02,-6.680561602115631104e-02,-7.602595537900924683e-02,2.122276462614536285e-02,2.698814310133457184e-02,-6.404806859791278839e-03,-5.160750821232795715e-02,1.767070293426513672e-01,5.680176895111799240e-03,7.466803304851055145e-03,-3.402913734316825867e-02,-9.253033250570297241e-02,-7.175050675868988037e-02,-9.422167204320430756e-03,-1.089317426085472107e-01,-2.174643054604530334e-02,-2.482900582253932953e-02,1.624069213867187500e-01,-8.440735191106796265e-02,7.376584410667419434e-02,-9.073737263679504395e-02,5.086075887084007263e-02,-7.849428802728652954e-02,5.432287603616714478e-02,-1.196534708142280579e-01,1.792425513267517090e-01,-4.953663423657417297e-02,2.675966918468475342e-01,-8.259049803018569946e-02,2.628960013389587402e-01,-7.881461828947067261e-02,3.298385739326477051e-01,-1.140874847769737244e-01,-1.019018702208995819e-02,-3.920462727546691895e-02,9.346358478069305420e-02,3.223683452233672142e-03,1.753844022750854492e-01,1.995482444763183594e-01,2.989784181118011475e-01,2.002432048320770264e-01,2.942129075527191162e-01,1.147684380412101746e-01,1.231037080287933350e-01,5.236649140715599060e-02,-3.263124451041221619e-02,4.310658946633338928e-02,2.722257673740386963e-01,-9.129060059785842896e-02,1.424713283777236938e-01,2.369000762701034546e-01,3.279253244400024414e-01,-5.157171189785003662e-02,1.631858050823211670e-01,1.430282741785049438e-01,3.492037653923034668e-01,-6.902264803647994995e-02,8.742365986108779907e-02,3.758905827999114990e-02,2.676459588110446930e-02,1.843120320700109005e-03,-4.199248924851417542e-02,-2.509188465774059296e-02,-8.630090393126010895e-03,-1.258663535118103027e-01,-2.374923974275588989e-02,-2.237131074070930481e-02,1.134510710835456848e-01,1.953838318586349487e-01,1.504407674074172974e-01,1.926568895578384399e-01,8.200494945049285889e-02,3.632520884275436401e-02,-9.964501857757568359e-02,9.571567177772521973e-02,-3.505641967058181763e-02,-5.734471976757049561e-02,-7.595013827085494995e-02,3.025725018233060837e-03,4.768924787640571594e-03,-1.643927209079265594e-02,-7.255456596612930298e-02,-9.471517987549304962e-03
