1.000000000000000000e+00,4.446988403797149658e-01,-7.116856984794139862e-03,1.374695152044296265e-01,-3.783368766307830811e-01,-3.690257370471954346e-01,2.112696170806884766e-01,-9.562288224697113037e-02,-3.454173803329467773e-01,-3.140392005443572998e-01,3.732017427682876587e-02,-1.357664316892623901e-01,-2.069210559129714966e-01,-2.951718866825103760e-01,-2.277763038873672485e-01,-3.778935670852661133e-01,3.622816801071166992e-01,-1.656815111637115479e-01,4.786409437656402588e-01,5.469087362289428711e-01,-3.342937827110290527e-01,-3.518531620502471924e-01,-4.129740595817565918e-01,-1.747291982173919678e-01,-2.850344777107238770e-01,-2.864422202110290527e-01,-1.992230117321014404e-01,-2.061590701341629028e-01,-5.569211393594741821e-02,-2.744611203670501709e-01,-3.821703195571899414e-01,-4.084507524967193604e-01,5.196509957313537598e-01,4.319943487644195557e-01,7.706944644451141357e-02,-1.794099509716033936e-01,3.418369591236114502e-02,-1.198210045695304871e-01,-9.026827663183212280e-02,-1.923703849315643311e-01,-5.783096700906753540e-02,-1.794897615909576416e-01,-1.218114718794822693e-01,-3.314809873700141907e-02,-1.715618669986724854e-01,-2.004753053188323975e-01,-3.626793250441551208e-02,-7.321766763925552368e-02,-2.882962822914123535e-01,-3.253137171268463135e-01,-1.570360362529754639e-01,-2.178422510623931885e-01,-5.403617769479751587e-02,-4.580939188599586487e-02,2.719177491962909698e-02,-1.400910466909408569e-01,6.637116074562072754e-01,1.502617895603179932e-01,6.240240484476089478e-02,-7.390913367271423340e-02,4.054499268531799316e-01,5.629623308777809143e-02,5.332165956497192383e-01,1.051530689001083374e-01,1.840785294771194458e-01,-6.429682672023773193e-02,1.879000216722488403e-01,9.145577251911163330e-02,3.921426534652709961e-01,2.645255029201507568e-01,-1.965749859809875488e-01,-2.531128227710723877e-01,-1.391243040561676025e-01,-1.788165122270584106e-01,-1.620814055204391479e-01,-1.939619481563568115e-01,1.947676092386245728e-01,3.800258412957191467e-02,3.860568404197692871e-01,-1.304862946271896362e-01,4.901091456413269043e-01,-1.528925150632858276e-01,-1.336104571819305420e-01,-2.337297648191452026e-01,2.992191314697265625e-01,-1.892120242118835449e-01,-2.170367985963821411e-01,-3.001555800437927246e-01,6.339043378829956055e-02,-2.964204251766204834e-01,3.822036460041999817e-02,1.179170142859220505e-02,6.260293722152709961e-02,-1.213383860886096954e-02,-6.537418812513351440e-02,-8.363798260688781738e-02,-7.364836335182189941e-02,-7.533888518810272217e-02,-3.719910606741905212e-02,1.980913244187831879e-02,1.775960028171539307e-01,4.016527161002159119e-02,-2.672418020665645599e-02,-5.667532235383987427e-02,1.254982203245162964e-01,-8.061440661549568176e-03,4.906592890620231628e-02,-2.635992765426635742e-01,-1.876285970211029053e-01,-3.014525473117828369e-01,-1.772231757640838623e-01,-5.377239733934402466e-02,-5.793134123086929321e-02,-2.370999753475189209e-02,-1.190296187996864319e-02,3.167331963777542114e-02
4.446988403797149658e-01,9.999999403953552246e-01,-1.363904774188995361e-01,2.648878395557403564e-01,-2.406253665685653687e-01,-1.870844960212707520e-01,-9.778531268239021301e-03,6.493151932954788208e-02,-2.538078427314758301e-01,-4.342263098806142807e-03,-5.990213155746459961e-02,1.286036223173141479e-01,-2.645759880542755127e-01,6.231904774904251099e-02,-1.952130794525146484e-01,-4.186999425292015076e-02,2.701062262058258057e-01,3.134602308273315430e-01,2.737328708171844482e-01,4.100242853164672852e-01,-1.821110695600509644e-01,-1.445985734462738037e-01,-3.131039738655090332e-01,-6.934039294719696045e-02,-2.739331126213073730e-01,-2.199572026729583740e-01,-2.119932770729064941e-01,-1.362194567918777466e-01,-5.919483676552772522e-02,9.095261245965957642e-02,-3.071369826793670654e-01,-2.609903514385223389e-01,5.136038064956665039e-01,5.159753561019897461e-01,2.442514151334762573e-01,1.315451413393020630e-01,9.059949219226837158e-02,1.652477532625198364e-01,3.129271417856216431e-02,-5.630175024271011353e-02,-1.137403175234794617e-01,-5.007192492485046387e-02,4.572759196162223816e-02,1.917155236005783081e-01,-6.677569448947906494e-02,1.058914139866828918e-02,1.466015428304672241e-01,1.893902570009231567e-01,-2.139955610036849976e-01,-6.994301825761795044e-02,-1.776147074997425079e-02,1.800928264856338501e-01,8.878400921821594238e-02,1.892245411872863770e-01,9.713584184646606445e-02,1.436118930578231812e-01,5.519896149635314941e-01,6.391817331314086914e-01,8.379269391298294067e-02,2.049776017665863037e-01,3.688108325004577637e-01,4.212227463722229004e-01,3.912974894046783447e-01,4.342539310455322266e-01,1.332818716764450073e-01,2.866538166999816895e-01,2.760100364685058594e-01,2.978951930999755859e-01,5.041554570198059082e-01,4.903428554534912109e-01,-1.428931802511215210e-01,-1.512649804353713989e-01,-8.543758094310760498e-02,3.274198994040489197e-02,-8.185955882072448730e-02,1.094477474689483643e-01,3.070211112499237061e-01,3.013235628604888916e-01,2.895571887493133545e-01,2.290081083774566650e-01,3.670850694179534912e-01,2.795484364032745361e-01,-1.843996495008468628e-01,-2.148579247295856476e-02,2.348565459251403809e-01,2.512429058551788330e-01,-2.913698852062225342e-01,-8.869352191686630249e-02,1.178636495023965836e-02,1.074616834521293640e-01,1.393110603094100952e-01,2.321736961603164673e-01,1.557758748531341553e-01,1.735739856958389282e-01,3.110066987574100494e-02,1.180186271667480469e-01,6.316480040550231934e-02,1.510660350322723389e-01,1.055233478546142578e-01,2.353967279195785522e-01,2.115883827209472656e-01,1.283868253231048584e-01,-3.291740640997886658e-02,8.439720608294010162e-03,1.124196574091911316e-01,4.498090595006942749e-02,-1.900431327521800995e-02,-1.087576523423194885e-01,-6.926678866147994995e-02,-1.637594550848007202e-01,8.598666172474622726e-04,8.628647029399871826e-02,3.665909171104431152e-02,5.157949775457382202e-02,6.454622745513916016e-02,8.036506921052932739e-02
-7.116856984794139862e-03,-1.363904774188995361e-01,9.999999403953552246e-01,5.244621038436889648e-01,1.878662258386611938e-01,9.434311836957931519e-02,5.330153703689575195e-01,2.736292183399200439e-01,2.629940509796142578e-01,5.680586397647857666e-02,3.086607754230499268e-01,1.661455184221267700e-01,3.439898788928985596e-01,1.537313461303710938e-01,2.629418969154357910e-01,3.163187205791473389e-02,-4.603518918156623840e-02,6.651474535465240479e-02,7.532839477062225342e-02,3.809344023466110229e-02,1.108696311712265015e-01,9.522398561239242554e-02,4.894080460071563721e-01,5.324434638023376465e-01,1.935968697071075439e-01,1.499786972999572754e-01,1.650021672248840332e-01,1.349350959062576294e-01,2.977837920188903809e-01,1.097264960408210754e-01,2.957243621349334717e-01,3.288966715335845947e-01,-2.099347300827503204e-02,1.123763024806976318e-01,-1.572946310043334961e-01,-1.242408007383346558e-01,5.833824351429939270e-02,1.094329133629798889e-01,6.134222447872161865e-02,-3.270538151264190674e-02,2.070641368627548218e-01,2.007986903190612793e-01,-1.574570089578628540e-01,-1.773844957351684570e-01,-1.749031543731689453e-01,-1.245720908045768738e-01,-1.735154837369918823e-01,-1.683514863252639771e-01,-2.026488780975341797e-01,-1.181662082672119141e-01,-2.348379641771316528e-01,-1.393720507621765137e-01,-1.438952088356018066e-01,-1.652229577302932739e-01,4.090107511729001999e-03,5.217173136770725250e-03,-2.087762802839279175e-01,-1.483642607927322388e-01,-2.467633187770843506e-01,-1.379831582307815552e-01,-2.061909288167953491e-01,-1.092152073979377747e-01,-4.056164994835853577e-02,-1.467574834823608398e-01,-2.073691785335540771e-01,-1.302631497383117676e-01,-1.762519031763076782e-01,-1.575676947832107544e-01,-2.523718774318695068e-01,-1.892988979816436768e-01,1.635298579931259155e-01,1.299558728933334351e-01,1.923573315143585205e-01,1.959564536809921265e-01,6.780296564102172852e-02,1.252063810825347900e-01,4.000855237245559692e-02,5.935428291559219360e-02,-1.209031790494918823e-02,3.096420690417289734e-02,-5.641805380582809448e-02,3.999382629990577698e-02,-1.552828252315521240e-01,-4.051416367292404175e-02,-1.832082569599151611e-01,-2.222584374248981476e-02,-9.419709444046020508e-02,-2.539422595873475075e-03,1.716729439795017242e-02,1.468806061893701553e-02,-7.015895843505859375e-02,-2.180986702442169189e-01,-1.159476712346076965e-01,-2.507080733776092529e-01,-2.700591227039694786e-03,6.434506922960281372e-02,-7.425683736801147461e-02,-8.808981627225875854e-02,-1.157678589224815369e-01,-1.907082498073577881e-01,-4.981671646237373352e-02,-1.858220100402832031e-01,-9.850874543190002441e-02,-1.149076819419860840e-01,-6.826876848936080933e-02,2.239228226244449615e-02,-9.316134452819824219e-02,-1.028147637844085693e-01,-2.300377935171127319e-02,-7.906362414360046387e-02,-1.155063062906265259e-01,-1.587153524160385132e-01,-2.232433259487152100e-01,-1.598110198974609375e-01,-3.621267899870872498e-02,7.278067618608474731e-02
1.374695152044296265e-01,2.648878395557403564e-01,5.244621038436889648e-01,1.000000119209289551e+00,8.281044661998748779e-02,8.972676843404769897e-02,5.686940550804138184e-01,5.816108584403991699e-01,1.284935325384140015e-01,6.379744410514831543e-02,3.342505693435668945e-01,4.204143285751342773e-01,2.632174193859100342e-01,4.135857522487640381e-01,1.321801990270614624e-01,-9.617922827601432800e-03,1.007477939128875732e-01,3.125035166740417480e-01,-2.227163128554821014e-02,1.063955724239349365e-01,4.958027973771095276e-02,5.548467487096786499e-02,2.491747140884399414e-01,6.397729516029357910e-01,1.443969458341598511e-01,1.757704615592956543e-01,1.318201124668121338e-01,1.058143451809883118e-01,2.957982122898101807e-01,3.300498127937316895e-01,2.622757554054260254e-01,3.698799610137939453e-01,9.492568671703338623e-02,2.461993098258972168e-01,-5.781862512230873108e-02,-6.022430583834648132e-02,7.328853011131286621e-02,1.384373605251312256e-01,2.104275487363338470e-02,2.088048495352268219e-02,1.616833060979843140e-01,1.906737685203552246e-01,-1.760434806346893311e-01,-1.410914212465286255e-01,-2.030474990606307983e-01,-1.553065776824951172e-01,-1.731676459312438965e-01,-1.532373577356338501e-01,-2.522638142108917236e-01,-1.539947837591171265e-01,-2.335698604583740234e-01,-9.923864901065826416e-02,-1.634392887353897095e-01,-1.353856772184371948e-01,-5.120497941970825195e-02,3.867910429835319519e-02,-5.790868308395147324e-04,8.819841593503952026e-02,-2.621812224388122559e-01,-1.100812181830406189e-01,-1.243645921349525452e-01,7.337459363043308258e-03,4.232357442378997803e-02,-2.458637021481990814e-02,-1.912730336189270020e-01,-7.044899463653564453e-02,-1.562946587800979614e-01,-9.584841877222061157e-02,-1.255932450294494629e-01,-3.471107035875320435e-02,1.675181388854980469e-01,1.554749310016632080e-01,1.902364641427993774e-01,2.861398458480834961e-01,1.190189495682716370e-01,1.788649857044219971e-01,1.118667498230934143e-01,1.567185074090957642e-01,5.990054830908775330e-02,1.624783873558044434e-01,6.152649968862533569e-02,2.062494605779647827e-01,-2.217661142349243164e-01,1.735858172178268433e-01,-8.350867778062820435e-02,1.055451557040214539e-01,-6.655043363571166992e-02,9.033776819705963135e-02,-5.374218896031379700e-02,7.844040542840957642e-02,-1.558522433042526245e-01,-1.783525049686431885e-01,-1.737214028835296631e-01,-1.849441677331924438e-01,-1.317476294934749603e-02,3.626321628689765930e-02,-8.033210784196853638e-02,-7.363379001617431641e-02,-1.766604185104370117e-01,-1.339249908924102783e-01,-1.136906966567039490e-01,-1.082287952303886414e-01,-1.304832994937896729e-01,-1.234303340315818787e-01,-1.005491614341735840e-01,-3.246117755770683289e-02,-6.819279491901397705e-02,-1.188838332891464233e-01,-7.538069039583206177e-02,-1.768550723791122437e-01,-1.498482674360275269e-01,-1.177398785948753357e-01,-1.843852996826171875e-01,-1.694649904966354370e-01,-1.026700735092163086e-01,-2.410432882606983185e-02
-3.783368766307830811e-01,-2.406253665685653687e-01,1.878662258386611938e-01,8.281044661998748779e-02,1.000000357627868652e+00,7.447999119758605957e-01,-4.470910131931304932e-02,2.113633751869201660e-01,7.812233567237854004e-01,5.300064682960510254e-01,1.420944035053253174e-01,1.241075545549392700e-01,3.506892025470733643e-01,2.813712358474731445e-01,6.149932146072387695e-01,5.214618444442749023e-01,-1.919041126966476440e-01,7.105389237403869629e-02,-2.135680317878723145e-01,-2.903269827365875244e-01,3.847541213035583496e-01,3.273259401321411133e-01,5.206374526023864746e-01,2.136109918355941772e-01,7.389990091323852539e-01,7.317374348640441895e-01,6.941916346549987793e-01,6.468760967254638672e-01,2.950937151908874512e-01,2.307593971490859985e-01,5.486126542091369629e-01,4.775344133377075195e-01,-2.164704650640487671e-01,-2.127636969089508057e-01,1.300781816244125366e-01,3.197982013225555420e-01,5.099096894264221191e-02,1.310966759920120239e-01,1.503209769725799561e-01,9.635853022336959839e-02,2.199322134256362915e-01,2.700038552284240723e-01,1.120826229453086853e-01,5.349076166749000549e-02,2.140515446662902832e-01,2.002776265144348145e-01,5.712851881980895996e-02,8.418689668178558350e-02,2.474102824926376343e-01,2.990421354770660400e-01,5.249077826738357544e-02,1.115748435258865356e-01,7.967419922351837158e-03,1.037246175110340118e-02,1.073390990495681763e-01,1.348461210727691650e-01,-3.811546564102172852e-01,-1.006711944937705994e-01,-6.284516304731369019e-02,1.318407356739044189e-01,-2.131553143262863159e-01,-4.242440313100814819e-02,-1.154686510562896729e-01,7.735141366720199585e-02,-2.031567543745040894e-01,-2.246380085125565529e-03,-3.197168232873082161e-03,4.938534647226333618e-02,-2.198225855827331543e-01,-1.333354115486145020e-01,2.529178559780120850e-01,3.129691481590270996e-01,2.548191547393798828e-01,2.279782146215438843e-01,2.325086146593093872e-01,7.797846198081970215e-02,-2.836498059332370758e-02,7.154337316751480103e-02,-2.014449089765548706e-01,1.073610931634902954e-01,-2.222962826490402222e-01,5.434017628431320190e-02,2.530972100794315338e-02,1.793326586484909058e-01,-1.508582085371017456e-01,1.226515099406242371e-01,2.117134034633636475e-01,4.435614347457885742e-01,1.411183029413223267e-01,1.784542351961135864e-01,6.121496483683586121e-02,-7.684082537889480591e-02,2.750712819397449493e-02,-1.328566372394561768e-01,5.158076807856559753e-02,1.010176539421081543e-01,4.815774783492088318e-02,7.369389757513999939e-03,8.165606856346130371e-02,-4.800239577889442444e-02,-1.097740978002548218e-01,-2.045230418443679810e-01,-5.291846767067909241e-02,-1.174257621169090271e-01,-8.221711963415145874e-02,-1.250735111534595490e-02,-4.960617050528526306e-02,3.285514563322067261e-02,9.916859865188598633e-02,1.642452329397201538e-01,1.125406026840209961e-01,1.543104499578475952e-01,8.547924458980560303e-02,2.326412359252572060e-03,4.685059562325477600e-02,3.056757897138595581e-02
-3.690257370471954346e-01,-1.870844960212707520e-01,9.434311836957931519e-02,8.972676843404769897e-02,7.447999119758605957e-01,9.999999403953552246e-01,-4.229588806629180908e-02,2.964387536048889160e-01,6.568318009376525879e-01,5.687127709388732910e-01,1.910026520490646362e-01,2.134961485862731934e-01,2.881442606449127197e-01,3.549101352691650391e-01,5.268852114677429199e-01,5.237294435501098633e-01,-1.318821460008621216e-01,1.746622622013092041e-01,-2.389594018459320068e-01,-2.664192318916320801e-01,3.521155118942260742e-01,3.357241451740264893e-01,4.249195158481597900e-01,1.833851039409637451e-01,6.750118136405944824e-01,6.558691263198852539e-01,6.722422838211059570e-01,6.773293614387512207e-01,3.324621915817260742e-01,3.035022020339965820e-01,5.109753608703613281e-01,4.704555571079254150e-01,-1.944481879472732544e-01,-1.728690564632415771e-01,3.919338062405586243e-02,2.333043366670608521e-01,1.218566820025444031e-01,1.996455639600753784e-01,2.149608582258224487e-01,1.667047739028930664e-01,2.856015563011169434e-01,3.395137488842010498e-01,8.458897471427917480e-02,2.441548742353916168e-02,1.908062249422073364e-01,1.703096926212310791e-01,1.845189929008483887e-02,4.743087291717529297e-02,2.139732986688613892e-01,2.446863204240798950e-01,5.447969585657119751e-02,9.108500182628631592e-02,2.830166602507233620e-03,-1.058080885559320450e-02,1.212768927216529846e-01,1.898183524608612061e-01,-3.691275715827941895e-01,-6.452168524265289307e-02,-5.262299999594688416e-02,1.186533272266387939e-01,-2.183102965354919434e-01,-3.999766707420349121e-02,-1.730089336633682251e-01,2.090398967266082764e-02,-1.714779585599899292e-01,-1.465920824557542801e-02,-1.012647058814764023e-02,4.585856199264526367e-02,-1.871650964021682739e-01,-7.547550648450851440e-02,2.721982300281524658e-01,3.495554327964782715e-01,3.057587444782257080e-01,3.151504099369049072e-01,3.006336390972137451e-01,1.945498734712600708e-01,4.491527006030082703e-02,1.705608814954757690e-01,-1.312012672424316406e-01,2.010876089334487915e-01,-2.147331684827804565e-01,1.542493700981140137e-01,-2.134366519749164581e-02,1.878318488597869873e-01,-1.081231161952018738e-01,1.476062834262847900e-01,2.231671214103698730e-01,4.466376900672912598e-01,1.590520590543746948e-01,2.083691954612731934e-01,2.987123280763626099e-02,-7.904729992151260376e-02,-3.185378387570381165e-03,-1.449666619300842285e-01,1.024361476302146912e-01,1.399346292018890381e-01,9.162659943103790283e-02,8.414033800363540649e-02,8.204843103885650635e-02,-4.895064607262611389e-02,-8.168735355138778687e-02,-1.888870000839233398e-01,-1.287821028381586075e-02,-9.854535758495330811e-02,-2.985723875463008881e-02,1.602690294384956360e-02,-1.028323080390691757e-02,1.956738159060478210e-02,1.384669691324234009e-01,1.960358619689941406e-01,1.033333390951156616e-01,1.069014817476272583e-01,5.094818398356437683e-02,7.858903706073760986e-02,1.011294499039649963e-01,7.553466595709323883e-03
2.112696170806884766e-01,-9.778531268239021301e-03,5.330153703689575195e-01,5.686940550804138184e-01,-4.470910131931304932e-02,-4.229588806629180908e-02,9.999998211860656738e-01,4.002180397510528564e-01,2.500738203525543213e-02,-1.817436963319778442e-01,5.438657999038696289e-01,3.482497334480285645e-01,3.934566974639892578e-01,2.320657819509506226e-01,1.350855976343154907e-01,-2.788876593112945557e-01,2.780192196369171143e-01,1.514507383108139038e-01,-1.538243144750595093e-01,1.760113798081874847e-02,6.150641012936830521e-03,-7.602156698703765869e-02,1.167081445455551147e-01,5.943987965583801270e-01,9.469681233167648315e-02,1.024175360798835754e-01,9.121130406856536865e-02,3.068177215754985809e-02,3.761191964149475098e-01,1.864688396453857422e-01,2.224397659301757812e-01,2.719484865665435791e-01,-5.678451806306838989e-02,8.352675288915634155e-02,-2.301476895809173584e-01,-2.535206079483032227e-01,1.683544814586639404e-01,2.427038550376892090e-02,6.367536634206771851e-02,-2.225675806403160095e-02,2.909115850925445557e-01,1.545015573501586914e-01,-3.250464797019958496e-01,-3.378792405128479004e-01,-2.601700425148010254e-01,-2.864467799663543701e-01,-3.380885720252990723e-01,-3.334718346595764160e-01,-2.977735102176666260e-01,-3.074727654457092285e-01,-3.322204351425170898e-01,-3.271301984786987305e-01,-3.316590785980224609e-01,-2.996751964092254639e-01,-1.846828684210777283e-02,-9.439148753881454468e-02,-2.987454459071159363e-02,-2.528483271598815918e-01,-3.078988194465637207e-01,-3.387369215488433838e-01,-2.441762983798980713e-01,-2.898448109626770020e-01,-8.911214768886566162e-02,-3.148991763591766357e-01,-2.113076895475387573e-01,-3.409368693828582764e-01,-3.441658616065979004e-01,-3.284144699573516846e-01,-3.460582494735717773e-01,-2.378605455160140991e-01,2.046641707420349121e-01,1.365853846073150635e-01,2.256644219160079956e-01,2.009769529104232788e-01,1.787088662385940552e-01,6.550926715135574341e-02,5.672044306993484497e-02,2.614804357290267944e-02,1.065683290362358093e-01,3.366458928212523460e-03,1.256980746984481812e-01,6.033843755722045898e-02,-4.916804283857345581e-02,1.699791401624679565e-01,-4.181229975074529648e-03,-6.705921888351440430e-02,6.043310835957527161e-02,-2.813852392137050629e-02,7.237236201763153076e-02,-2.463435754179954529e-02,-3.028764724731445312e-01,-2.702901065349578857e-01,-3.089042007923126221e-01,-2.056014537811279297e-01,-8.832854800857603550e-04,-4.756101220846176147e-02,-7.088199257850646973e-02,-1.514449864625930786e-01,-2.255067080259323120e-01,-2.593619525432586670e-01,-1.800192892551422119e-01,-7.825847715139389038e-02,-1.463536769151687622e-01,-1.123141571879386902e-01,-1.131802499294281006e-01,-2.966930344700813293e-02,3.575768694281578064e-02,-1.551574170589447021e-01,-8.181074261665344238e-02,-1.292583644390106201e-01,-1.378209292888641357e-01,-1.912232786417007446e-01,-2.189524471759796143e-01,-1.725126653909683228e-01,-1.320105493068695068e-01,-4.349408298730850220e-02
-9.562288224697113037e-02,6.493151932954788208e-02,2.736292183399200439e-01,5.816108584403991699e-01,2.113633751869201660e-01,2.964387536048889160e-01,4.002180397510528564e-01,9.999999403953552246e-01,2.470212131738662720e-01,2.161798328161239624e-01,4.377312362194061279e-01,5.941891670227050781e-01,4.452778697013854980e-01,6.443948745727539062e-01,1.432339698076248169e-01,1.595287770032882690e-01,1.180375143885612488e-01,3.985343873500823975e-01,-2.936646938323974609e-01,-2.675038874149322510e-01,1.995921432971954346e-01,2.418731003999710083e-01,3.631090819835662842e-01,5.066306591033935547e-01,3.105397820472717285e-01,3.732115328311920166e-01,2.538993358612060547e-01,2.090035378932952881e-01,4.283277988433837891e-01,5.357584953308105469e-01,5.145743489265441895e-01,5.970895290374755859e-01,-1.707110553979873657e-01,-4.799664393067359924e-02,-1.342285126447677612e-01,4.007847607135772705e-02,2.005001008510589600e-01,2.068910002708435059e-01,1.390261054039001465e-01,1.192808970808982849e-01,2.758834362030029297e-01,3.025183081626892090e-01,-2.281778901815414429e-01,-2.407632768154144287e-01,-2.158561795949935913e-01,-1.889611035585403442e-01,-2.165066301822662354e-01,-2.015756368637084961e-01,-1.388906687498092651e-01,-1.052459925413131714e-01,-2.056129872798919678e-01,-1.316998898983001709e-01,-2.017105817794799805e-01,-2.358620166778564453e-01,-1.962755620479583740e-02,5.564543604850769043e-02,-2.533058226108551025e-01,-6.871693581342697144e-02,-3.771946132183074951e-01,-2.082429528236389160e-01,-3.367626667022705078e-01,-9.074362367391586304e-02,-2.076007425785064697e-01,-1.781196892261505127e-01,-3.506898880004882812e-01,-1.862459182739257812e-01,-3.087468147277832031e-01,-2.139075100421905518e-01,-3.489095270633697510e-01,-1.897071897983551025e-01,3.523457050323486328e-01,3.856897950172424316e-01,3.991417288780212402e-01,4.189457595348358154e-01,3.854582011699676514e-01,2.471316009759902954e-01,1.050547659397125244e-01,1.987558603286743164e-01,-2.270305901765823364e-02,2.607304453849792480e-01,-1.038082540035247803e-01,2.098793685436248779e-01,-1.476643681526184082e-01,3.621378839015960693e-01,-1.339636594057083130e-01,6.262522935867309570e-02,1.805834025144577026e-01,2.413668930530548096e-01,-1.909223757684230804e-02,1.330588012933731079e-01,-2.034218460321426392e-01,-2.573006749153137207e-01,-2.342115044593811035e-01,-2.492694705724716187e-01,8.215978741645812988e-02,8.243767917156219482e-02,2.490969374775886536e-02,-2.688873093575239182e-03,-1.356106102466583252e-01,-1.677034646272659302e-01,-1.842194199562072754e-01,-1.615478694438934326e-01,-5.191589146852493286e-02,-1.037450209259986877e-01,-1.590394526720046997e-01,-5.494163557887077332e-02,4.505021963268518448e-03,5.453388803289271891e-05,3.383958712220191956e-02,9.896708279848098755e-02,-6.561596691608428955e-02,-1.283670216798782349e-01,-1.397818326950073242e-01,-1.007440015673637390e-01,-1.015483066439628601e-01,-4.046760126948356628e-02
-3.454173803329467773e-01,-2.538078427314758301e-01,2.629940509796142578e-01,1.284935325384140015e-01,7.812233567237854004e-01,6.568318009376525879e-01,2.500738203525543213e-02,2.470212131738662720e-01,9.999999403953552246e-01,5.117743015289306641e-01,1.399535685777664185e-01,9.473501890897750854e-02,3.978524208068847656e-01,2.610683441162109375e-01,6.724303960800170898e-01,5.158411264419555664e-01,-1.677661687135696411e-01,4.713730886578559875e-02,-1.673062592744827271e-01,-2.715333998203277588e-01,3.816457390785217285e-01,3.077053129673004150e-01,5.631564855575561523e-01,2.617362141609191895e-01,6.723046302795410156e-01,7.080743312835693359e-01,6.104578971862792969e-01,4.955741167068481445e-01,3.032229542732238770e-01,1.994366347789764404e-01,6.056571602821350098e-01,5.240280628204345703e-01,-2.251450419425964355e-01,-2.125622034072875977e-01,1.031390652060508728e-01,2.940618097782135010e-01,8.702605962753295898e-02,1.463183164596557617e-01,1.978896558284759521e-01,1.368981897830963135e-01,2.644057273864746094e-01,2.551166117191314697e-01,6.632754206657409668e-02,-8.216555230319499969e-03,1.645737290382385254e-01,1.609784811735153198e-01,-2.882793778553605080e-03,2.360341325402259827e-02,1.947828531265258789e-01,2.692152857780456543e-01,-3.603506484068930149e-04,8.753194659948348999e-02,-5.126300454139709473e-02,-4.614895209670066833e-02,9.937971830368041992e-02,1.218739151954650879e-01,-3.741886913776397705e-01,-1.118977218866348267e-01,-9.970103949308395386e-02,1.113444790244102478e-01,-2.384808212518692017e-01,-5.173976719379425049e-02,-1.215668767690658569e-01,5.730347707867622375e-02,-2.371156364679336548e-01,-8.870634250342845917e-03,-4.752650484442710876e-02,3.017998533323407173e-03,-2.513706982135772705e-01,-1.718524247407913208e-01,2.866241931915283203e-01,2.846398055553436279e-01,2.558196485042572021e-01,2.148689478635787964e-01,2.686401903629302979e-01,1.004382893443107605e-01,2.158932760357856750e-02,9.449524432420730591e-02,-1.786088049411773682e-01,8.002062886953353882e-02,-2.065072208642959595e-01,9.480080567300319672e-03,1.971748471260070801e-02,1.817090511322021484e-01,-1.653582304716110229e-01,8.306334167718887329e-02,1.789185106754302979e-01,4.033145606517791748e-01,1.591372489929199219e-01,1.502986699342727661e-01,2.681162953376770020e-02,-1.232548430562019348e-01,2.418042160570621490e-03,-1.754407882690429688e-01,3.939510509371757507e-02,9.774990379810333252e-02,4.803880676627159119e-02,-3.781460691243410110e-03,3.440061956644058228e-02,-8.154790103435516357e-02,-8.221776038408279419e-02,-2.058867961168289185e-01,-3.689750656485557556e-02,-9.049497544765472412e-02,-9.961600601673126221e-02,7.614155765622854233e-03,-1.345464959740638733e-02,8.077459782361984253e-02,8.904951810836791992e-02,1.575444340705871582e-01,3.303078934550285339e-02,9.040556848049163818e-02,5.340711399912834167e-02,-1.986346580088138580e-02,1.171834766864776611e-02,2.624339796602725983e-02
-3.140392005443572998e-01,-4.342263098806142807e-03,5.680586397647857666e-02,6.379744410514831543e-02,5.300064682960510254e-01,5.687127709388732910e-01,-1.817436963319778442e-01,2.161798328161239624e-01,5.117743015289306641e-01,1.000000357627868652e+00,4.600171744823455811e-02,1.480408310890197754e-01,1.124221310019493103e-01,3.269047737121582031e-01,3.695828616619110107e-01,6.919865012168884277e-01,-1.649071723222732544e-01,1.893790513277053833e-01,-1.615625470876693726e-01,-2.496188133955001831e-01,3.283903598785400391e-01,3.714890778064727783e-01,3.677794337272644043e-01,2.798880450427532196e-02,3.471011519432067871e-01,3.661377131938934326e-01,2.825812697410583496e-01,3.171643316745758057e-01,2.280956208705902100e-01,3.170987069606781006e-01,2.893882691860198975e-01,2.717620432376861572e-01,-1.239947527647018433e-01,-9.913241118192672729e-02,1.599406898021697998e-01,3.106589019298553467e-01,1.386964619159698486e-01,2.907890379428863525e-01,2.192912846803665161e-01,1.407555490732192993e-01,2.412675619125366211e-01,3.586363196372985840e-01,1.930816918611526489e-01,1.750189512968063354e-01,1.393193602561950684e-01,1.775916665792465210e-01,2.161156088113784790e-01,2.082622945308685303e-01,1.300375759601593018e-01,2.243611514568328857e-01,1.405833661556243896e-01,2.323741316795349121e-01,2.008923888206481934e-01,1.142468154430389404e-01,2.450172305107116699e-01,2.613739669322967529e-01,-2.144298702478408813e-01,2.020094990730285645e-01,-3.200083225965499878e-02,2.131975293159484863e-01,-3.590333461761474609e-02,2.106488049030303955e-01,-5.067959427833557129e-02,1.894308328628540039e-01,-6.901175528764724731e-02,2.225870788097381592e-01,9.518442302942276001e-02,1.746046543121337891e-01,7.796794176101684570e-03,7.698126882314682007e-02,2.573703527450561523e-01,3.082818090915679932e-01,2.870783507823944092e-01,3.117052614688873291e-01,2.181830704212188721e-01,1.898949146270751953e-01,9.143096208572387695e-02,2.250198274850845337e-01,-1.533960700035095215e-01,2.647132873535156250e-01,-1.471055299043655396e-01,2.211504429578781128e-01,-1.046439632773399353e-01,1.080520227551460266e-01,-2.341822534799575806e-02,2.466610223054885864e-01,1.896119415760040283e-01,4.650235176086425781e-01,1.799623966217041016e-01,2.545637190341949463e-01,2.651855051517486572e-01,7.961639761924743652e-02,2.558297514915466309e-01,2.228063158690929413e-02,1.195215359330177307e-01,2.083553671836853027e-01,1.995001584291458130e-01,1.959271728992462158e-01,2.665574252605438232e-01,9.648810327053070068e-02,1.492020785808563232e-01,-1.351259499788284302e-01,1.332865506410598755e-01,-4.754911176860332489e-03,9.711840748786926270e-02,9.431528300046920776e-02,6.459350883960723877e-02,1.003684774041175842e-01,9.888798743486404419e-02,1.817439645528793335e-01,1.990800499916076660e-01,2.430928647518157959e-01,1.859879493713378906e-01,1.540689021348953247e-01,2.160272300243377686e-01,1.139998361468315125e-01
3.732017427682876587e-02,-5.990213155746459961e-02,3.086607754230499268e-01,3.342505693435668945e-01,1.420944035053253174e-01,1.910026520490646362e-01,5.438657999038696289e-01,4.377312362194061279e-01,1.399535685777664185e-01,4.600171744823455811e-02,1.000000119209289551e+00,5.395443439483642578e-01,5.507891178131103516e-01,4.228011071681976318e-01,2.939955294132232666e-01,5.603754892945289612e-03,3.351984024047851562e-01,3.070465326309204102e-01,-3.338968753814697266e-01,-1.757318973541259766e-01,2.317874282598495483e-01,1.256868094205856323e-01,1.846811324357986450e-01,4.284394383430480957e-01,2.091864943504333496e-01,2.081815451383590698e-01,1.834361553192138672e-01,2.572355270385742188e-01,6.605225205421447754e-01,4.378849864006042480e-01,3.929001688957214355e-01,4.257763922214508057e-01,-5.005093291401863098e-02,4.762326180934906006e-02,-1.324173510074615479e-01,-6.632911413908004761e-02,4.287074804306030273e-01,2.639331221580505371e-01,3.217718005180358887e-01,6.556465476751327515e-02,5.071550011634826660e-01,4.217982292175292969e-01,-1.625478863716125488e-01,-2.000414133071899414e-01,-8.981203287839889526e-02,-1.312048137187957764e-01,-1.662946641445159912e-01,-1.685482561588287354e-01,-1.009030118584632874e-01,-1.215514615178108215e-01,-1.831467449665069580e-01,-2.198035567998886108e-01,-1.415627747774124146e-01,-1.558504998683929443e-01,2.152149677276611328e-01,8.815450221300125122e-02,-1.354532092809677124e-01,-2.191296219825744629e-01,-2.131536304950714111e-01,-1.969650536775588989e-01,-2.535584270954132080e-01,-2.498774081468582153e-01,-1.406498551368713379e-01,-1.975617259740829468e-01,-2.004069238901138306e-01,-2.523177266120910645e-01,-1.811049580574035645e-01,-1.443573236465454102e-01,-3.051260411739349365e-01,-1.322030723094940186e-01,4.759360253810882568e-01,4.435858130455017090e-01,5.759608745574951172e-01,4.995075762271881104e-01,4.554237425327301025e-01,3.224278092384338379e-01,8.295841515064239502e-02,1.370775550603866577e-01,2.221230976283550262e-02,2.171251624822616577e-01,9.083026647567749023e-02,2.849038243293762207e-01,-8.663416840136051178e-03,2.237673997879028320e-01,7.471351325511932373e-02,1.400524228811264038e-01,1.539092659950256348e-01,1.235293820500373840e-01,2.784046530723571777e-01,1.689427047967910767e-01,-1.198339685797691345e-01,-2.355280965566635132e-01,-1.619602292776107788e-01,-2.232215702533721924e-01,1.100098788738250732e-01,9.430388361215591431e-02,9.352996200323104858e-02,-1.738908700644969940e-02,1.726085203699767590e-03,-2.149881422519683838e-01,-1.173645183444023132e-01,-1.903745383024215698e-01,-7.970787584781646729e-02,-1.659364849328994751e-01,-3.385681286454200745e-02,5.532470345497131348e-02,1.968732029199600220e-01,-4.635689035058021545e-02,6.400246918201446533e-02,2.301648817956447601e-02,6.400372833013534546e-02,-3.761529922485351562e-02,-6.787696480751037598e-02,-3.049173764884471893e-02,2.969646453857421875e-02,9.036641567945480347e-02
-1.357664316892623901e-01,1.286036223173141479e-01,1.661455184221267700e-01,4.204143285751342773e-01,1.241075545549392700e-01,2.134961485862731934e-01,3.482497334480285645e-01,5.941891670227050781e-01,9.473501890897750854e-02,1.480408310890197754e-01,5.395443439483642578e-01,1.000000000000000000e+00,3.420970737934112549e-01,7.138330340385437012e-01,1.389400959014892578e-01,7.580978423357009888e-02,1.707851588726043701e-01,5.499239563941955566e-01,-3.517867028713226318e-01,-2.026334553956985474e-01,2.325545847415924072e-01,1.908208280801773071e-01,2.681390643119812012e-01,4.763861000537872314e-01,2.022904008626937866e-01,2.370910346508026123e-01,1.365077197551727295e-01,1.895304769277572632e-01,4.349049627780914307e-01,7.069057822227478027e-01,4.260144531726837158e-01,5.051022768020629883e-01,-1.102858781814575195e-01,5.883007124066352844e-02,-8.755715191364288330e-02,1.207514479756355286e-02,3.254540860652923584e-01,3.320859372615814209e-01,2.649671435356140137e-01,1.875499337911605835e-01,3.988601565361022949e-01,5.191764831542968750e-01,-1.873677670955657959e-01,-1.589906364679336548e-01,-1.340708881616592407e-01,-1.320136338472366333e-01,-1.490328907966613770e-01,-1.137902736663818359e-01,-1.459951698780059814e-01,-7.521472126245498657e-02,-2.224202901124954224e-01,-9.775492548942565918e-02,-1.582294404506683350e-01,-9.803811460733413696e-02,7.604653388261795044e-02,1.395855098962783813e-01,-2.536603510379791260e-01,-2.745242603123188019e-02,-2.623200416564941406e-01,-1.008173748850822449e-01,-3.141213357448577881e-01,-3.076439537107944489e-02,-2.621793150901794434e-01,-1.025664061307907104e-01,-2.202402353286743164e-01,-7.226813584566116333e-02,-1.993826627731323242e-01,-1.002872809767723083e-01,-2.628669738769531250e-01,-7.028432935476303101e-02,4.607048630714416504e-01,5.280169844627380371e-01,4.882914125919342041e-01,6.437837481498718262e-01,3.826277554035186768e-01,3.933579325675964355e-01,1.015131399035453796e-01,1.726948022842407227e-01,-4.046911373734474182e-02,2.631630301475524902e-01,-6.682937592267990112e-02,4.040367901325225830e-01,-1.011546328663825989e-01,5.028336048126220703e-01,-4.591679200530052185e-02,3.264236152172088623e-01,8.136086910963058472e-02,1.998424232006072998e-01,6.141056865453720093e-02,2.983707487583160400e-01,-1.983992159366607666e-01,-1.461553722620010376e-01,-2.333349585533142090e-01,-1.231045052409172058e-01,3.732033073902130127e-02,3.277274221181869507e-02,2.348108030855655670e-02,-6.365984212607145309e-03,-7.974880188703536987e-02,-1.303692013025283813e-01,-2.338826358318328857e-01,-7.320951670408248901e-02,-1.521727740764617920e-01,-9.166147559881210327e-02,-1.828407347202301025e-01,-3.346157819032669067e-02,1.305648088455200195e-01,9.224047511816024780e-02,5.505650769919157028e-04,2.345516346395015717e-02,4.234285093843936920e-03,-4.437775537371635437e-02,-6.388971209526062012e-02,-7.287580519914627075e-02,-6.930378824472427368e-02,-8.777001500129699707e-02
-2.069210559129714966e-01,-2.645759880542755127e-01,3.439898788928985596e-01,2.632174193859100342e-01,3.506892025470733643e-01,2.881442606449127197e-01,3.934566974639892578e-01,4.452778697013854980e-01,3.978524208068847656e-01,1.124221310019493103e-01,5.507891178131103516e-01,3.420970737934112549e-01,1.000000238418579102e+00,4.285891056060791016e-01,3.821751773357391357e-01,8.364951610565185547e-02,5.021829158067703247e-03,1.061922758817672729e-01,-4.759024977684020996e-01,-4.173936843872070312e-01,2.320268899202346802e-01,1.484902799129486084e-01,4.194644093513488770e-01,4.197370409965515137e-01,3.513781428337097168e-01,4.024391174316406250e-01,2.511614561080932617e-01,2.202927768230438232e-01,5.575169920921325684e-01,3.691734075546264648e-01,5.391472578048706055e-01,5.745064020156860352e-01,-3.359517157077789307e-01,-2.672089636325836182e-01,-8.163940161466598511e-02,6.949154194444417953e-03,1.495989710092544556e-01,8.490584790706634521e-02,1.102423965930938721e-01,4.660008475184440613e-02,3.223574459552764893e-01,2.636019289493560791e-01,-1.221147477626800537e-01,-1.754678189754486084e-01,-8.486243337392807007e-02,-7.629457116127014160e-02,-1.264549791812896729e-01,-1.451844871044158936e-01,7.391632348299026489e-02,1.835878565907478333e-02,-7.750052958726882935e-02,-1.095558479428291321e-01,-9.179592132568359375e-02,-1.302023082971572876e-01,5.010842531919479370e-02,-3.113680146634578705e-02,-2.572625279426574707e-01,-2.744683027267456055e-01,-2.671065032482147217e-01,-2.351940870285034180e-01,-3.399861752986907959e-01,-2.379858046770095825e-01,-1.639789640903472900e-01,-2.373517453670501709e-01,-3.345885276794433594e-01,-2.720227241516113281e-01,-3.230095505714416504e-01,-2.529787421226501465e-01,-4.170861542224884033e-01,-2.654506266117095947e-01,3.147526383399963379e-01,3.264432251453399658e-01,3.762190043926239014e-01,2.799782156944274902e-01,2.987609505653381348e-01,7.913776487112045288e-02,-1.020351201295852661e-01,-3.081684000790119171e-02,-2.248270809650421143e-01,8.615597337484359741e-02,-9.590747207403182983e-02,8.298318088054656982e-02,1.610929667949676514e-01,2.598657608032226562e-01,-3.624796867370605469e-02,4.377661272883415222e-02,3.200254440307617188e-01,2.382794022560119629e-01,1.000264212489128113e-01,1.025462970137596130e-01,-1.553462892770767212e-01,-2.732945978641510010e-01,-2.184351533651351929e-01,-2.158423811197280884e-01,5.848474055528640747e-02,7.861132174730300903e-02,-1.423802599310874939e-02,-9.988199919462203979e-02,-6.085228547453880310e-02,-2.351446747779846191e-01,-2.624748945236206055e-01,-1.733071357011795044e-01,-9.011314809322357178e-02,-9.387853741645812988e-02,-6.816991418600082397e-02,4.691792652010917664e-02,5.772307887673377991e-02,5.470776557922363281e-02,1.190979406237602234e-01,8.316992968320846558e-02,-1.988851837813854218e-02,-5.401853471994400024e-02,-1.204811334609985352e-01,-1.442971676588058472e-01,-5.361400172114372253e-02,6.124351918697357178e-02
