9.999999403953552246e-01,3.313767910003662109e-01,1.221909001469612122e-02,2.058082371950149536e-01,-7.910982519388198853e-02,-1.487699002027511597e-01,1.318857222795486450e-01,2.249546200037002563e-01,-6.217698752880096436e-02,-6.707769632339477539e-02,3.067373633384704590e-01,2.688917517662048340e-01,2.908203005790710449e-01,1.350094079971313477e-01,1.419745385646820068e-01,-3.113441914319992065e-02,9.509492665529251099e-03,-2.204242199659347534e-01,1.178239211440086365e-01,3.534765541553497314e-01,1.795426756143569946e-02,-7.937398552894592285e-02,-3.521020412445068359e-01,-1.023618653416633606e-01,8.768758922815322876e-02,9.642984718084335327e-03,-1.219876557588577271e-01,-1.820452958345413208e-01,1.830778829753398895e-02,-1.261616200208663940e-01,2.184043824672698975e-02,-1.125928312540054321e-01,7.308006286621093750e-02,6.239605695009231567e-02,-2.107370048761367798e-01,-1.871857494115829468e-01,-2.709519304335117340e-02,-9.620518237352371216e-02,3.586257994174957275e-02,-6.724688410758972168e-02,-6.797338277101516724e-02,-5.691270530223846436e-02,-2.218190878629684448e-01,-1.753636300563812256e-01,-2.832141220569610596e-01,-1.174095571041107178e-01,-9.742275625467300415e-02,-1.160896047949790955e-01,-7.616686075925827026e-02,1.104741021990776062e-01,6.508506089448928833e-02,-1.015487387776374817e-01,-2.217152342200279236e-02,-7.605997473001480103e-02,-4.568530712276697159e-03,-1.006725728511810303e-01,4.289839267730712891e-01,3.450552374124526978e-02,-1.277104020118713379e-01,5.003593489527702332e-02,1.654223054647445679e-01,5.427629500627517700e-02,5.229198560118675232e-02,-6.928802933543920517e-03,-2.194387167692184448e-01,-2.250480949878692627e-01,-3.201143816113471985e-02,-8.924169838428497314e-02,4.469941258430480957e-01,4.097344279289245605e-01,-1.531819906085729599e-02,1.041284482926130295e-02,-7.814294844865798950e-02,-5.355135537683963776e-03,-1.560591012239456177e-01,-1.781565546989440918e-01,-4.202083684504032135e-03,-5.654570832848548889e-02,-7.153192907571792603e-02,-1.994579583406448364e-01,-1.142063215374946594e-01,-2.336446195840835571e-01,6.429434567689895630e-02,1.490458101034164429e-02,-1.138176545500755310e-01,-9.528063982725143433e-02,-3.628734499216079712e-02,-9.118105471134185791e-02,-1.026407703757286072e-01,-1.325752735137939453e-01,-6.787963211536407471e-02,-1.889890283346176147e-01,-1.439640223979949951e-01,-2.147568613290786743e-01,-2.060342282056808472e-01,-1.606475412845611572e-01,-1.283587813377380371e-01,-1.916039288043975830e-01,-6.108838692307472229e-02,-2.941691316664218903e-02,-4.953113570809364319e-02,-8.258622884750366211e-02,-2.175321616232395172e-02,-2.992376685142517090e-02,4.565803706645965576e-02,9.262030012905597687e-03,1.218917816877365112e-01,2.070784568786621094e-02,-1.132534369826316833e-01,-1.144744753837585449e-01,1.047167181968688965e-02,-1.621351838111877441e-01,-1.011971682310104370e-01,-7.667541503906250000e-02,6.526498496532440186e-02,1.099528670310974121e-01
3.313767910003662109e-01,9.999999403953552246e-01,-1.285363268107175827e-02,1.637250632047653198e-01,-1.376280486583709717e-01,-2.133977562189102173e-01,4.512449726462364197e-02,2.116679102182388306e-01,-3.874127566814422607e-02,-1.010052636265754700e-01,7.673330605030059814e-02,4.473814070224761963e-01,1.990707516670227051e-01,3.603359460830688477e-01,1.289403438568115234e-01,2.135927230119705200e-02,1.202711015939712524e-01,3.019145429134368896e-01,1.791369169950485229e-03,2.131966352462768555e-01,1.782591268420219421e-02,7.252811919897794724e-03,-1.297488212585449219e-01,4.303752258419990540e-02,-2.082445099949836731e-02,-9.697917848825454712e-03,-1.994053274393081665e-01,-1.561154574155807495e-01,-4.623678326606750488e-02,5.577885732054710388e-02,-1.609270721673965454e-01,-1.889875382184982300e-01,2.038620412349700928e-01,3.696310222148895264e-01,-1.182306110858917236e-01,-7.901305705308914185e-02,-4.556035995483398438e-02,-3.264477849006652832e-02,-3.155623748898506165e-02,-4.400745779275894165e-02,1.151484251022338867e-01,9.621548652648925781e-02,1.801777258515357971e-02,2.265163809061050415e-01,-5.319710075855255127e-02,7.472620345652103424e-03,-1.433975994586944580e-01,5.242339801043272018e-03,6.617237813770771027e-04,3.708496689796447754e-01,4.878704994916915894e-02,4.515901803970336914e-01,-2.011858485639095306e-02,3.166921734809875488e-01,-6.583160907030105591e-02,1.568737030029296875e-01,3.637527227401733398e-01,5.343906283378601074e-01,1.078152209520339966e-01,2.522446513175964355e-01,1.922212690114974976e-01,4.140792489051818848e-01,-2.834963798522949219e-02,2.856511473655700684e-01,-1.051392331719398499e-01,9.742376208305358887e-02,2.300249636173248291e-01,2.672399282455444336e-01,1.845097094774246216e-01,2.149499356746673584e-01,-1.219557672739028931e-01,-6.363157182931900024e-02,9.940203279256820679e-02,1.149294674396514893e-01,-5.052005127072334290e-02,2.032263204455375671e-02,-7.681453973054885864e-02,1.393290907144546509e-01,5.102777108550071716e-02,5.110691860318183899e-02,2.533797919750213623e-02,1.850101947784423828e-01,3.166724741458892822e-02,3.383562862873077393e-01,-7.221438735723495483e-02,3.039942979812622070e-01,-8.551686257123947144e-02,2.250289469957351685e-01,-1.127141639590263367e-01,2.591061294078826904e-01,-2.196387946605682373e-01,1.717769205570220947e-01,-9.632258862257003784e-02,2.191136777400970459e-01,-1.963825672864913940e-01,-1.933044195175170898e-01,-1.364858895540237427e-01,-1.385263949632644653e-01,-1.622917056083679199e-01,1.372887045145034790e-01,7.415385544300079346e-02,3.508003056049346924e-01,1.777934283018112183e-01,2.559672892093658447e-01,3.005683794617652893e-02,4.719236493110656738e-02,9.955982118844985962e-02,1.256634891033172607e-01,-1.352472901344299316e-01,-1.428947299718856812e-01,4.973217844963073730e-02,-7.736182212829589844e-02,7.292448729276657104e-02,1.066308617591857910e-01,7.643243670463562012e-02,8.732370287179946899e-02
1.221909001469612122e-02,-1.285363268107175827e-02,9.999998211860656738e-01,5.634779930114746094e-01,-6.646592915058135986e-02,-1.398204267024993896e-01,6.535952091217041016e-01,2.851507067680358887e-01,9.028122574090957642e-02,-2.101811021566390991e-01,1.044468507170677185e-01,-1.770345121622085571e-01,2.006887048482894897e-01,-2.324319332838058472e-01,-1.310324817895889282e-01,-2.872314155101776123e-01,1.022511199116706848e-01,-8.852513879537582397e-02,2.387358248233795166e-02,2.073028236627578735e-01,-6.285039708018302917e-03,3.326575830578804016e-02,3.338505625724792480e-01,4.397043883800506592e-01,3.072748146951198578e-02,-3.059050068259239197e-02,-1.054041907191276550e-01,-1.300521343946456909e-01,7.716212421655654907e-02,-2.543336451053619385e-01,1.150406897068023682e-01,1.166999191045761108e-01,1.335538327693939209e-01,2.013369053602218628e-01,6.680888682603836060e-02,1.019028946757316589e-01,9.839314967393875122e-02,1.358704715967178345e-01,8.858477324247360229e-02,8.829773403704166412e-03,7.974199950695037842e-02,-1.944292038679122925e-01,-1.709652319550514221e-02,-3.639549016952514648e-02,-4.049896448850631714e-02,-1.359647661447525024e-01,2.828117609024047852e-01,8.462876826524734497e-02,-8.844798058271408081e-02,-8.880137652158737183e-02,6.991919130086898804e-02,1.640325412154197693e-02,2.788672447204589844e-01,1.947767436504364014e-01,2.144905924797058105e-01,1.076543405652046204e-01,7.930056005716323853e-02,-9.479753673076629639e-02,-6.625290215015411377e-02,-1.419018208980560303e-01,5.181138589978218079e-02,4.557465016841888428e-02,5.382296070456504822e-02,7.566616684198379517e-02,1.046934723854064941e-01,1.000380516052246094e-01,-1.092862039804458618e-01,-1.220284029841423035e-01,-2.137875407934188843e-01,-6.710704416036605835e-02,-1.449021100997924805e-01,-1.503363102674484253e-01,-8.651649206876754761e-02,-9.736729413270950317e-02,-2.435252303257584572e-03,-6.065676733851432800e-02,-3.295605629682540894e-02,9.803437627851963043e-03,3.735173493623733521e-02,-7.571421563625335693e-03,9.282497316598892212e-02,-3.097939863801002502e-02,2.439426630735397339e-01,-9.696013480424880981e-02,5.286879837512969971e-02,1.785440929234027863e-02,5.933020636439323425e-02,-5.212000757455825806e-02,3.599419258534908295e-03,2.806286327540874481e-02,2.708008885383605957e-01,1.613970696926116943e-01,2.505185306072235107e-01,1.889065355062484741e-01,-1.606099866330623627e-02,-1.036951914429664612e-01,7.117129862308502197e-02,-8.669315837323665619e-03,3.119196593761444092e-01,1.119446977972984314e-01,2.450789511203765869e-01,1.670427769422531128e-01,8.992883563041687012e-02,4.934590309858322144e-02,9.378360956907272339e-02,4.680889844894409180e-02,7.447564601898193359e-02,4.489710554480552673e-03,-7.578255981206893921e-02,-7.072316110134124756e-02,2.049078494310379028e-01,3.320944309234619141e-01,2.624447345733642578e-01,1.833392530679702759e-01,1.618582904338836670e-01,1.764378696680068970e-01
2.058082371950149536e-01,1.637250632047653198e-01,5.634779930114746094e-01,1.000000119209289551e+00,-1.214560493826866150e-02,-1.018731370568275452e-01,5.287000536918640137e-01,5.933310985565185547e-01,-2.184993587434291840e-03,-5.234315246343612671e-02,7.417052239179611206e-02,2.480538934469223022e-02,1.229931563138961792e-01,5.372963845729827881e-02,6.342742126435041428e-03,-9.577789902687072754e-02,7.598766684532165527e-02,-2.396104112267494202e-02,-1.662953011691570282e-02,2.696749567985534668e-01,4.436593502759933472e-02,-6.030994001775979996e-03,8.945482969284057617e-02,4.237943589687347412e-01,1.047293096780776978e-01,7.163295149803161621e-02,-1.418276727199554443e-01,-1.719161868095397949e-01,9.070294350385665894e-02,-5.345531553030014038e-02,2.028145045042037964e-01,1.798874437808990479e-01,1.967087388038635254e-01,3.153858184814453125e-01,2.851946093142032623e-02,1.332808402366936207e-03,6.533911824226379395e-02,1.159612014889717102e-01,5.884408205747604370e-02,4.347690567374229431e-02,3.720461577177047729e-02,-6.500574201345443726e-02,-7.735177129507064819e-02,-4.424132406711578369e-02,-7.980985939502716064e-02,-1.086431145668029785e-01,1.303027123212814331e-01,1.310576498508453369e-02,-7.253354042768478394e-02,-8.290559053421020508e-02,-2.821824140846729279e-02,2.812048606574535370e-02,1.630922406911849976e-01,7.604636251926422119e-02,1.769223511219024658e-01,7.764703780412673950e-02,7.175004482269287109e-02,1.120638754218816757e-02,-1.191325411200523376e-01,-1.116406768560409546e-01,-4.715064540505409241e-02,5.770870484411716461e-03,-1.049951836466789246e-01,-6.144390255212783813e-02,-2.236038632690906525e-02,2.339987317100167274e-03,-1.290609687566757202e-01,-1.113520413637161255e-01,-1.245630607008934021e-01,8.698329329490661621e-03,-2.423301152884960175e-02,6.711003184318542480e-02,-1.347483042627573013e-02,1.514589786529541016e-02,-5.248464643955230713e-02,-9.020336717367172241e-02,-2.115192823112010956e-03,-4.037877079099416733e-03,-1.664622873067855835e-02,-3.199206292629241943e-02,-7.580015808343887329e-02,-5.749568343162536621e-02,9.831504523754119873e-02,1.324737630784511566e-02,-2.259160764515399933e-02,1.065758615732192993e-02,5.512099340558052063e-02,4.622412472963333130e-02,6.956620141863822937e-03,4.161073639988899231e-02,1.546180993318557739e-01,1.042014285922050476e-01,1.304509341716766357e-01,1.331091523170471191e-01,-2.588905394077301025e-02,-2.374557778239250183e-03,6.955207884311676025e-02,-5.249883979558944702e-03,2.038545161485671997e-01,1.057376265525817871e-01,1.476400196552276611e-01,1.718830317258834839e-01,3.554009646177291870e-02,7.213032990694046021e-02,1.102170646190643311e-01,1.208594441413879395e-01,1.641116589307785034e-01,8.982592076063156128e-02,-4.495050013065338135e-02,-5.652626976370811462e-02,1.078874766826629639e-01,1.725589185953140259e-01,1.482655256986618042e-01,1.383824646472930908e-01,1.391354948282241821e-01,1.376765668392181396e-01
-7.910982519388198853e-02,-1.376280486583709717e-01,-6.646592915058135986e-02,-1.214560493826866150e-02,1.000000119209289551e+00,5.890056490898132324e-01,-7.634968310594558716e-02,2.580251172184944153e-02,9.716927260160446167e-02,4.916367307305335999e-02,-6.300840526819229126e-02,6.254306528717279434e-03,-2.470671571791172028e-02,7.980635017156600952e-02,9.625326842069625854e-02,2.817358076572418213e-01,-1.641331911087036133e-01,-6.028541550040245056e-02,3.635118156671524048e-02,-3.968574851751327515e-02,-3.859736025333404541e-02,2.421362698078155518e-02,3.932268545031547546e-02,3.613083809614181519e-02,1.352311577647924423e-02,1.411621570587158203e-01,5.604048371315002441e-01,5.217944979667663574e-01,-3.435857966542243958e-02,1.157576963305473328e-01,1.249259635806083679e-01,1.212371066212654114e-01,-7.900875061750411987e-02,-3.742055222392082214e-02,-1.347145810723304749e-02,-4.216492921113967896e-02,-7.093702256679534912e-02,-3.669238463044166565e-02,-2.295886352658271790e-02,4.075442254543304443e-02,-5.840590596199035645e-02,2.056419290602207184e-02,-8.581024408340454102e-02,-7.233000546693801880e-02,-6.465806066989898682e-02,1.208860054612159729e-02,-1.024207025766372681e-01,-4.648674651980400085e-02,-3.915927186608314514e-02,-8.650479465723037720e-02,-1.732532978057861328e-01,-1.380377560853958130e-01,-1.882427185773849487e-01,-1.591467857360839844e-01,-7.814101129770278931e-02,-1.084914878010749817e-01,-1.857896596193313599e-01,-1.411915123462677002e-01,-8.891697973012924194e-02,-3.751401230692863464e-02,-2.073617726564407349e-01,-1.545617431402206421e-01,-1.288018822669982910e-01,-7.623324543237686157e-02,-1.166069433093070984e-01,-1.001733988523483276e-01,-9.403339028358459473e-02,-6.850435584783554077e-02,-2.659565024077892303e-02,-4.621013626456260681e-02,-7.475434243679046631e-02,1.364271156489849091e-02,4.280682187527418137e-03,4.955621808767318726e-02,-3.175790980458259583e-02,-1.157125681638717651e-01,1.192341446876525879e-01,6.119604408740997314e-02,-1.324039325118064880e-02,-1.176812052726745605e-01,-6.390471011400222778e-02,-4.901950061321258545e-02,-3.447905555367469788e-02,8.028835803270339966e-02,-1.075113564729690552e-01,-6.559626013040542603e-02,6.779983639717102051e-02,1.115629151463508606e-01,-6.498170644044876099e-02,-6.487283855676651001e-02,-8.939046412706375122e-02,-5.604628100991249084e-02,-6.718218326568603516e-02,-7.209391891956329346e-02,2.037886902689933777e-02,1.627170443534851074e-01,-5.211955681443214417e-02,1.003369782119989395e-02,-1.018884927034378052e-01,-3.681106865406036377e-02,-1.175842657685279846e-01,-9.043950587511062622e-02,-1.068937256932258606e-01,-3.248118981719017029e-02,7.206438574939966202e-03,6.205015257000923157e-02,6.103429943323135376e-03,3.554702922701835632e-02,1.173527911305427551e-01,-1.071609905920922756e-03,-1.513492017984390259e-01,-1.085700988769531250e-01,-3.580978885293006897e-02,-8.162564039230346680e-02,-3.184089437127113342e-02,3.670097142457962036e-02
-1.487699002027511597e-01,-2.133977562189102173e-01,-1.398204267024993896e-01,-1.018731370568275452e-01,5.890056490898132324e-01,1.000000476837158203e+00,-1.543255746364593506e-01,3.649221733212471008e-02,7.846284657716751099e-02,2.100968360900878906e-01,-1.354641765356063843e-01,-4.318275302648544312e-02,-1.070672497153282166e-01,1.084503605961799622e-01,9.804576635360717773e-02,2.990906536579132080e-01,-1.796969473361968994e-01,-5.287221074104309082e-02,9.836250543594360352e-02,-2.395773120224475861e-02,-1.723076254129409790e-01,-2.951448410749435425e-02,6.268011033535003662e-02,-3.019284084439277649e-02,6.186999753117561340e-02,1.568501740694046021e-01,4.966484010219573975e-01,5.815595984458923340e-01,-7.936186343431472778e-02,1.670439094305038452e-01,1.029860600829124451e-01,1.070577800273895264e-01,-3.640707582235336304e-02,-2.425469458103179932e-02,6.753236055374145508e-02,-2.234261715784668922e-03,-8.009297400712966919e-02,-4.174968972802162170e-02,-2.323449961841106415e-02,3.414870426058769226e-02,-1.133646667003631592e-01,-1.503345649689435959e-02,-2.206905558705329895e-02,-3.085981681942939758e-02,2.406478486955165863e-02,1.316498517990112305e-01,-1.587386429309844971e-01,1.988458260893821716e-02,6.437559425830841064e-02,-5.875009670853614807e-02,-1.168739348649978638e-01,-1.055704653263092041e-01,-2.016815841197967529e-01,-1.461116671562194824e-01,-9.918197244405746460e-02,-9.101516753435134888e-02,-2.306728959083557129e-01,-1.183480620384216309e-01,3.039010334759950638e-03,-3.556642308831214905e-02,-1.496032774448394775e-01,-1.524133980274200439e-01,-6.338910758495330811e-02,-4.851479828357696533e-02,-3.839375823736190796e-02,3.303681733086705208e-03,-2.311274595558643341e-02,-3.557992726564407349e-02,4.855638369917869568e-03,-1.119310036301612854e-01,-4.516470059752464294e-02,5.085798352956771851e-02,-3.057020157575607300e-02,4.457138478755950928e-02,-2.837472409009933472e-02,-3.687809035181999207e-02,1.262640953063964844e-01,5.388846248388290405e-02,-2.239667065441608429e-02,1.552487723529338837e-02,-7.053111493587493896e-02,-4.050260176882147789e-04,-1.283914595842361450e-01,-1.859585568308830261e-02,-4.179045557975769043e-02,1.058609783649444580e-02,7.495948113501071930e-03,4.719276353716850281e-02,-6.126767396926879883e-02,-7.052938640117645264e-02,-1.035541966557502747e-01,-6.301931291818618774e-02,-1.064127087593078613e-01,-9.078430384397506714e-02,1.520035229623317719e-02,1.418270915746688843e-01,-9.014444798231124878e-02,1.669734716415405273e-02,-1.641754806041717529e-01,-2.007206529378890991e-02,-1.806477457284927368e-01,-1.692142337560653687e-01,-1.128780767321586609e-01,-7.592166960239410400e-02,3.206495940685272217e-02,5.177104473114013672e-02,-4.827975481748580933e-02,3.252235800027847290e-02,1.557200849056243896e-01,2.947415225207805634e-02,-1.194037944078445435e-01,-6.987863034009933472e-02,-4.298558458685874939e-02,-3.058444149792194366e-02,1.734498701989650726e-02,6.826013326644897461e-02
1.318857222795486450e-01,4.512449726462364197e-02,6.535952091217041016e-01,5.287000536918640137e-01,-7.634968310594558716e-02,-1.543255746364593506e-01,1.000000000000000000e+00,4.826149344444274902e-01,1.032617688179016113e-01,-1.639842242002487183e-01,1.234348639845848083e-01,-5.348005145788192749e-02,3.994161188602447510e-01,-2.745907567441463470e-02,-3.504010848701000214e-03,-2.215811461210250854e-01,-3.845884697511792183e-03,-1.072480827569961548e-01,-1.131668407469987869e-02,1.847714334726333618e-01,-4.942062869668006897e-02,-3.893881291151046753e-02,9.345891326665878296e-02,2.753963470458984375e-01,-4.001430422067642212e-02,-9.890763461589813232e-02,-1.164050400257110596e-01,-1.693628728389739990e-01,4.697854816913604736e-02,-1.714496612548828125e-01,5.463501438498497009e-02,4.784338176250457764e-02,8.790802955627441406e-02,1.831542998552322388e-01,7.439082860946655273e-02,1.036138758063316345e-01,2.958187833428382874e-02,7.164960354566574097e-02,9.805145859718322754e-02,-3.107750788331031799e-02,-1.599731296300888062e-02,-1.771068572998046875e-01,-1.119123306125402451e-02,-1.704429858364164829e-03,-9.863259270787239075e-03,-4.873170331120491028e-02,1.409516930580139160e-01,1.475118100643157959e-01,-5.817857012152671814e-02,-2.253035828471183777e-02,3.622426092624664307e-02,5.436337739229202271e-02,1.409046500921249390e-01,2.245272099971771240e-01,1.361148059368133545e-01,6.848950684070587158e-02,3.298823162913322449e-02,-1.213560346513986588e-02,-5.213801562786102295e-02,-3.018565289676189423e-02,2.057297900319099426e-02,2.029008977115154266e-02,8.709468878805637360e-03,4.139609169214963913e-03,9.800807386636734009e-02,9.965190291404724121e-02,-2.432897686958312988e-03,-2.908236533403396606e-02,-1.216190052218735218e-03,4.425068385899066925e-03,-1.287558078765869141e-01,-1.558813452720642090e-01,-1.210068166255950928e-01,-6.399819999933242798e-02,-8.331239968538284302e-02,-1.263672113418579102e-01,-6.035858765244483948e-02,1.522556878626346588e-03,-5.101997777819633484e-02,-6.874226033687591553e-02,-3.686652332544326782e-02,-6.939433515071868896e-02,1.342915892601013184e-01,-8.566310256719589233e-02,-2.759021148085594177e-02,6.063587963581085205e-02,-8.031719177961349487e-02,-7.077955454587936401e-02,-6.880868971347808838e-02,-3.152165561914443970e-02,1.721289008855819702e-01,1.637392789125442505e-01,1.532662808895111084e-01,2.002202868461608887e-01,-7.334551960229873657e-02,-1.345839649438858032e-01,-1.345607917755842209e-02,-8.060661703348159790e-02,1.944002360105514526e-01,1.076067164540290833e-01,2.050390690565109253e-01,1.774090081453323364e-01,1.362423747777938843e-01,9.690885990858078003e-02,1.301542669534683228e-01,9.162919223308563232e-02,1.113155260682106018e-01,2.600855007767677307e-02,-1.430849730968475342e-01,-9.856910258531570435e-02,1.575961709022521973e-01,2.650380730628967285e-01,2.689867317676544189e-01,1.879660338163375854e-01,1.629217863082885742e-01,1.691727936267852783e-01
2.249546200037002563e-01,2.116679102182388306e-01,2.851507067680358887e-01,5.933310985565185547e-01,2.580251172184944153e-02,3.649221733212471008e-02,4.826149344444274902e-01,1.000000000000000000e+00,2.502672187983989716e-02,1.133971139788627625e-01,9.131000190973281860e-02,1.939687579870223999e-01,2.330643087625503540e-01,3.311891555786132812e-01,1.941293179988861084e-01,5.436559021472930908e-02,1.310191769152879715e-02,1.188228093087673187e-02,-8.946384489536285400e-02,1.204460263252258301e-01,9.909699670970439911e-03,-5.966600030660629272e-02,-1.827398315072059631e-02,2.619652152061462402e-01,5.339226126670837402e-02,5.085442960262298584e-02,-9.346489608287811279e-02,-6.166003644466400146e-02,9.768415987491607666e-02,1.559820324182510376e-01,1.672380566596984863e-01,1.655045300722122192e-01,2.213627994060516357e-01,3.240389823913574219e-01,8.126027137041091919e-02,5.640803277492523193e-02,6.070156395435333252e-02,1.194163039326667786e-01,8.950178325176239014e-02,7.471436262130737305e-02,4.414833709597587585e-02,1.844995096325874329e-02,1.538460981100797653e-02,5.831237882375717163e-02,3.291566669940948486e-02,6.458919495344161987e-02,-6.562571972608566284e-02,1.624920815229415894e-01,5.995121970772743225e-02,5.746297910809516907e-02,3.398999944329261780e-02,1.160220950841903687e-01,-1.440569944679737091e-02,1.064386740326881409e-01,6.863772124052047729e-02,1.178520843386650085e-01,2.857984416186809540e-02,1.394140869379043579e-01,-6.950935814529657364e-03,3.905841335654258728e-02,-4.543715156614780426e-03,2.053246647119522095e-02,-7.700239121913909912e-02,-6.298498064279556274e-02,-1.658269204199314117e-03,6.306256353855133057e-02,1.266328245401382446e-01,1.241854354739189148e-01,1.504764258861541748e-01,5.417247861623764038e-02,5.953669548034667969e-02,1.217421218752861023e-01,4.391395300626754761e-02,1.076986342668533325e-01,-2.834855578839778900e-02,2.969475928694009781e-03,1.928762532770633698e-02,3.752158209681510925e-02,-6.185850501060485840e-02,2.237280132248997688e-03,-1.303758025169372559e-01,-1.417561341077089310e-02,-2.775722369551658630e-02,-7.154497783631086349e-03,-1.985425129532814026e-02,1.283074319362640381e-01,-1.287045478820800781e-01,2.530270256102085114e-02,-2.778389863669872284e-02,6.418031454086303711e-02,1.348048076033592224e-02,1.118368357419967651e-01,3.917292691767215729e-03,1.295893043279647827e-01,-2.510347962379455566e-02,1.702971197664737701e-02,2.318684943020343781e-02,7.911179214715957642e-03,4.958977177739143372e-02,8.959903568029403687e-02,7.687694579362869263e-02,1.474399119615554810e-01,6.518241763114929199e-02,6.555461883544921875e-02,8.851312845945358276e-02,8.502121269702911377e-02,1.040093675255775452e-01,6.734234094619750977e-02,6.105486303567886353e-03,-5.191853269934654236e-03,9.992957115173339844e-02,8.744101971387863159e-02,1.281684488058090210e-01,8.916060626506805420e-02,1.032354533672332764e-01,1.021029204130172729e-01
-6.217698752880096436e-02,-3.874127566814422607e-02,9.028122574090957642e-02,-2.184993587434291840e-03,9.716927260160446167e-02,7.846284657716751099e-02,1.032617688179016113e-01,2.502672187983989716e-02,1.000000476837158203e+00,3.700793683528900146e-01,1.782720685005187988e-01,1.529003977775573730e-01,1.394041031599044800e-01,1.081380248069763184e-01,3.800549209117889404e-01,2.637778222560882568e-01,1.179536655545234680e-01,8.754400163888931274e-02,6.612330675125122070e-02,4.995165765285491943e-02,-5.497188121080398560e-02,8.642183244228363037e-02,1.788863390684127808e-01,1.698319911956787109e-01,1.708934754133224487e-01,1.728067696094512939e-01,-3.087756782770156860e-02,-1.921091787517070770e-02,1.166126504540443420e-01,1.666643619537353516e-01,1.877682954072952271e-01,2.583039402961730957e-01,4.968342557549476624e-02,1.049572974443435669e-01,3.207415938377380371e-01,2.283957004547119141e-01,2.789972424507141113e-01,1.800127029418945312e-01,2.363047599792480469e-01,1.073247119784355164e-01,1.714026033878326416e-01,5.464578792452812195e-02,3.188520073890686035e-01,2.654595971107482910e-01,3.637418746948242188e-01,3.179162442684173584e-01,6.385682523250579834e-02,3.610724210739135742e-01,2.580935060977935791e-01,2.314460426568984985e-01,1.038419455289840698e-01,1.137934699654579163e-01,-7.999678701162338257e-02,1.944943368434906006e-01,1.131671890616416931e-01,1.606213748455047607e-01,4.907934367656707764e-02,6.889280676841735840e-02,1.851185113191604614e-01,1.914841383695602417e-01,1.904061585664749146e-01,1.437737792730331421e-01,2.075810581445693970e-01,2.758383452892303467e-01,2.677392959594726562e-01,2.430683076381683350e-01,2.455725222826004028e-01,2.872272431850433350e-01,1.001913771033287048e-01,8.011008054018020630e-02,8.544611185789108276e-02,4.744462296366691589e-02,1.034959480166435242e-01,4.738346859812736511e-02,2.178692370653152466e-01,2.536407299339771271e-02,2.462011277675628662e-01,1.810549795627593994e-01,5.929662287235260010e-02,6.792731583118438721e-02,2.003634572029113770e-01,2.015802562236785889e-01,-2.212250605225563049e-02,-1.440918911248445511e-02,2.260682135820388794e-01,2.963691949844360352e-01,-1.481085177510976791e-02,6.431657075881958008e-02,1.382058113813400269e-01,1.731194406747817993e-01,9.233728796243667603e-02,2.121431231498718262e-01,-2.126185223460197449e-03,1.396359503269195557e-01,1.324563175439834595e-01,1.541808843612670898e-01,1.975699961185455322e-01,1.976881325244903564e-01,7.679044455289840698e-02,1.598534435033798218e-01,1.356969494372606277e-02,1.141457036137580872e-01,1.435393691062927246e-01,1.693269610404968262e-01,8.613144606351852417e-02,7.638677209615707397e-02,-6.961532868444919586e-03,6.858817487955093384e-02,1.396024823188781738e-01,1.250765770673751831e-01,1.435477435588836670e-01,2.807819545269012451e-01,1.902315318584442139e-01,9.854788333177566528e-02,4.034051299095153809e-02,1.494593620300292969e-01
-6.707769632339477539e-02,-1.010052636265754700e-01,-2.101811021566390991e-01,-5.234315246343612671e-02,4.916367307305335999e-02,2.100968360900878906e-01,-1.639842242002487183e-01,1.133971139788627625e-01,3.700793683528900146e-01,1.000000119209289551e+00,-4.230420105159282684e-03,3.866292908787727356e-02,-1.701951473951339722e-01,1.266073137521743774e-01,3.535514473915100098e-01,3.770320415496826172e-01,-1.027460675686597824e-02,1.171505376696586609e-01,1.017038822174072266e-01,2.148423157632350922e-02,4.706800729036331177e-02,1.912665739655494690e-02,2.142751961946487427e-02,-6.638933718204498291e-02,9.193658083677291870e-02,9.238041192293167114e-02,-7.100731134414672852e-02,-2.182101644575595856e-02,5.554603785276412964e-02,2.111789882183074951e-01,1.212566271424293518e-01,1.525481492280960083e-01,9.518757462501525879e-02,7.015464454889297485e-02,3.012127876281738281e-01,1.412835866212844849e-01,1.216521188616752625e-01,1.069908440113067627e-01,8.874826133251190186e-02,5.128223076462745667e-02,-3.035719133913516998e-02,1.715483814477920532e-01,3.001886308193206787e-01,2.339254319667816162e-01,3.405484855175018311e-01,3.391691446304321289e-01,-1.034105047583580017e-01,3.057664036750793457e-01,2.683257758617401123e-01,1.523962020874023438e-01,1.553537845611572266e-01,4.010313376784324646e-02,-7.840918749570846558e-02,-2.480424882378429174e-04,6.779789179563522339e-02,1.339576542377471924e-01,-4.480055999010801315e-03,4.518358409404754639e-02,2.672986090183258057e-01,1.538114845752716064e-01,1.273654103279113770e-01,3.165358304977416992e-02,1.355515271425247192e-01,1.813258975744247437e-02,2.586298584938049316e-01,1.800790280103683472e-01,2.748574912548065186e-01,2.577441632747650146e-01,1.650421619415283203e-01,-1.036107353866100311e-02,1.795061081647872925e-01,1.619341969490051270e-01,7.057154178619384766e-02,6.675436347723007202e-02,4.918354749679565430e-02,-4.159154370427131653e-03,1.685937643051147461e-01,4.806686937808990479e-02,2.906280197203159332e-02,7.869472354650497437e-02,7.329084724187850952e-02,1.166197732090950012e-01,-2.641513049602508545e-01,-1.711764782667160034e-01,2.518206834793090820e-01,1.766361296176910400e-01,-2.113431543111801147e-01,-1.085062623023986816e-01,1.697865724563598633e-01,9.216516464948654175e-02,1.051069572567939758e-01,8.310838043689727783e-02,3.948407992720603943e-02,2.343705482780933380e-02,7.214099913835525513e-02,2.158697396516799927e-01,1.604194939136505127e-01,2.414790391921997070e-01,2.664259448647499084e-02,9.743489325046539307e-02,3.213445423170924187e-03,2.526656910777091980e-02,1.671048104763031006e-01,1.466757655143737793e-01,1.846377104520797729e-01,1.654445528984069824e-01,-4.768781363964080811e-02,5.103073641657829285e-02,1.902695149183273315e-01,1.580321192741394043e-01,2.364678122103214264e-02,1.046345606446266174e-01,8.787066489458084106e-02,1.432080864906311035e-01,9.189566969871520996e-02,4.887556284666061401e-02
3.067373633384704590e-01,7.673330605030059814e-02,1.044468507170677185e-01,7.417052239179611206e-02,-6.300840526819229126e-02,-1.354641765356063843e-01,1.234348639845848083e-01,9.131000190973281860e-02,1.782720685005187988e-01,-4.230420105159282684e-03,1.000000000000000000e+00,2.671401500701904297e-01,3.489696383476257324e-01,6.674271076917648315e-02,3.897450268268585205e-01,-4.167816042900085449e-02,4.053155183792114258e-01,-7.501842826604843140e-02,4.424171149730682373e-02,4.698333889245986938e-02,5.997175723314285278e-02,-4.300985857844352722e-02,4.778994992375373840e-02,1.684522032737731934e-01,1.671343445777893066e-01,2.979332767426967621e-02,-1.973904483020305634e-02,-7.129631191492080688e-02,2.366938740015029907e-01,-8.524502813816070557e-02,7.616761326789855957e-02,6.679331511259078979e-02,-1.905076391994953156e-02,-4.147285944782197475e-04,1.515114158391952515e-01,8.130266517400741577e-02,3.950387239456176758e-01,1.169933229684829712e-01,3.088656961917877197e-01,8.716027438640594482e-02,2.865672111511230469e-01,-6.882973480969667435e-03,1.790729314088821411e-01,-1.063108891248703003e-01,7.081375271081924438e-02,-7.282260060310363770e-02,1.468798071146011353e-01,1.312788426876068115e-01,2.186682671308517456e-01,2.826421149075031281e-02,2.527500092983245850e-01,-1.311966627836227417e-01,1.975742429494857788e-01,-5.456455517560243607e-03,2.916674613952636719e-01,6.899693608283996582e-02,2.464734911918640137e-01,-4.837872460484504700e-02,-1.347784418612718582e-02,1.926989480853080750e-02,2.211051285266876221e-01,7.729408331215381622e-03,3.947612643241882324e-01,1.550307869911193848e-01,-6.172724533826112747e-03,-2.019040286540985107e-01,6.625092774629592896e-02,7.563957571983337402e-02,1.412443965673446655e-01,8.344950526952743530e-02,-1.197762228548526764e-02,-1.004430279135704041e-01,7.939276099205017090e-02,-1.075701490044593811e-01,5.820471793413162231e-02,3.556205192580819130e-03,2.079858779907226562e-01,4.655028507113456726e-02,7.528290618211030960e-03,-9.113566577434539795e-02,2.742201685905456543e-01,-1.027358546853065491e-01,3.229348659515380859e-01,-5.799133703112602234e-02,2.901430130004882812e-01,6.344934459775686264e-03,2.001259028911590576e-01,-1.911579258739948273e-02,2.796738147735595703e-01,5.299641285091638565e-03,2.852292954921722412e-01,-1.064852345734834671e-02,8.742839843034744263e-02,-9.058349579572677612e-02,3.097874857485294342e-02,1.097952108830213547e-02,1.901743412017822266e-01,2.164875902235507965e-02,2.174132168292999268e-01,4.507803544402122498e-02,2.107380479574203491e-01,1.648076437413692474e-02,1.712331920862197876e-01,2.910923212766647339e-02,-1.688632741570472717e-02,-1.098567768931388855e-01,4.870492219924926758e-02,-3.698138520121574402e-02,-7.494575530290603638e-02,-2.995748072862625122e-02,1.925848722457885742e-01,8.897317945957183838e-02,2.771842107176780701e-02,1.641776598989963531e-02,5.659944191575050354e-02,1.354111135005950928e-01
2.688917517662048340e-01,4.473814070224761963e-01,-1.770345121622085571e-01,2.480538934469223022e-02,6.254306528717279434e-03,-4.318275302648544312e-02,-5.348005145788192749e-02,1.939687579870223999e-01,1.529003977775573730e-01,3.866292908787727356e-02,2.671401500701904297e-01,9.999999403953552246e-01,2.564092576503753662e-01,4.672750830650329590e-01,2.886690497398376465e-01,1.302965730428695679e-01,4.412605613470077515e-02,2.952956855297088623e-01,-1.627681590616703033e-02,1.291121840476989746e-01,-3.044880460947751999e-03,-1.068352576112374663e-04,-1.119546890258789062e-01,8.597363531589508057e-02,7.214473932981491089e-02,1.481562703847885132e-01,-6.330235302448272705e-02,-3.235280513763427734e-02,-5.785200279206037521e-03,2.411498725414276123e-01,1.357046328485012054e-02,2.810653671622276306e-02,1.387311890721321106e-02,1.834599971771240234e-01,-1.041644960641860962e-01,-2.666570246219635010e-02,1.786770671606063843e-01,1.855723708868026733e-01,1.595808193087577820e-02,9.593418985605239868e-02,1.620794832706451416e-01,2.345681339502334595e-01,6.230086088180541992e-02,2.199883759021759033e-01,1.412227600812911987e-01,2.339593023061752319e-01,-1.898210644721984863e-01,1.699724942445755005e-01,1.145022436976432800e-01,4.241888523101806641e-01,-9.416332840919494629e-02,2.552836537361145020e-01,-2.560709118843078613e-01,2.093969434499740601e-01,-1.397013217210769653e-01,1.898322850465774536e-01,8.361413329839706421e-02,3.824796974658966064e-01,8.108305186033248901e-02,3.091879487037658691e-01,2.014553099870681763e-01,3.973437547683715820e-01,1.368542909622192383e-01,4.110953509807586670e-01,-7.077691704034805298e-02,1.552101522684097290e-01,2.292790263891220093e-01,3.316228389739990234e-01,2.475041002035140991e-01,3.151692748069763184e-01,3.251903504133224487e-02,1.213773712515830994e-01,1.345823556184768677e-01,2.348310500383377075e-01,4.100500047206878662e-02,8.593478798866271973e-02,1.294699609279632568e-01,2.287506014108657837e-01,-3.887793049216270447e-02,1.107022464275360107e-01,7.054294459521770477e-03,2.670442163944244385e-01,-2.099070884287357330e-02,2.771609723567962646e-01,-2.739735506474971771e-02,3.615960478782653809e-01,-5.259550735354423523e-02,1.658219695091247559e-01,-8.770169317722320557e-02,2.530898749828338623e-01,-1.737322211265563965e-01,1.641388982534408569e-01,-2.782587409019470215e-01,8.255126327276229858e-02,-3.997181076556444168e-03,2.116250619292259216e-02,-3.094076551496982574e-02,4.703506827354431152e-02,-1.522132009267807007e-01,1.588005274534225464e-01,-1.793103814125061035e-01,1.597237437963485718e-01,-1.773196272552013397e-02,1.621504873037338257e-01,-4.960018768906593323e-02,-1.140176970511674881e-02,1.612060964107513428e-01,2.645565867424011230e-01,8.103112876415252686e-02,3.907864913344383240e-03,5.709455534815788269e-02,-7.014084607362747192e-02,-3.271127119660377502e-02,-7.224927097558975220e-02,-4.358451813459396362e-02,7.170378416776657104e-02
2.908203005790710449e-01,1.990707516670227051e-01,2.006887048482894897e-01,1.229931563138961792e-01,-2.470671571791172028e-02,-1.070672497153282166e-01,3.994161188602447510e-01,2.330643087625503540e-01,1.394041031599044800e-01,-1.701951473951339722e-01,3.489696383476257324e-01,2.564092576503753662e-01,1.000000238418579102e+00,3.954869806766510010e-01,3.072121143341064453e-01,-1.751212403178215027e-02,1.600211411714553833e-01,-6.205306947231292725e-02,-3.297554701566696167e-02,5.208623595535755157e-03,-7.476548850536346436e-02,-9.867491200566291809e-03,-7.563421130180358887e-02,9.951376914978027344e-02,1.187008768320083618e-01,2.050076797604560852e-02,-1.141445897519588470e-02,-6.257306039333343506e-02,1.228871643543243408e-01,-6.753937900066375732e-02,5.646876990795135498e-02,-1.564788073301315308e-02,-4.639785364270210266e-02,7.044281065464019775e-02,-2.547717094421386719e-02,4.878071695566177368e-02,1.770183742046356201e-01,2.011099457740783691e-01,2.138347178697586060e-01,1.179865375161170959e-01,8.135452121496200562e-02,-1.076089888811111450e-01,7.904657721519470215e-02,-2.360041625797748566e-02,2.860652096569538116e-02,-9.175124019384384155e-02,9.961800277233123779e-02,1.111577451229095459e-01,9.386943280696868896e-02,1.887896209955215454e-01,8.778575807809829712e-02,5.095589533448219299e-02,1.370088662952184677e-03,1.308629065752029419e-01,1.381775289773941040e-01,1.033308580517768860e-01,2.196092903614044189e-01,5.844802036881446838e-02,1.365602016448974609e-02,1.961706131696701050e-01,1.195969954133033752e-01,1.128238439559936523e-01,1.055759489536285400e-01,1.256558895111083984e-01,1.224006339907646179e-02,3.902065567672252655e-03,1.955923438072204590e-01,1.713539808988571167e-01,2.685779929161071777e-01,1.888265907764434814e-01,-1.340132951736450195e-01,-1.675230115652084351e-01,5.113733187317848206e-02,5.755303893238306046e-03,6.139851361513137817e-02,-1.675854064524173737e-02,4.049031808972358704e-02,2.135180681943893433e-02,5.694781430065631866e-03,-1.033810824155807495e-01,1.111377477645874023e-01,-5.856550857424736023e-02,2.365849763154983521e-01,4.799364879727363586e-02,5.791951715946197510e-02,4.224903881549835205e-02,3.027160465717315674e-02,1.899079978466033936e-02,-1.133752521127462387e-02,-4.498234391212463379e-02,6.410291790962219238e-02,2.424397878348827362e-02,-2.148193679749965668e-02,3.447391465306282043e-02,-1.319285184144973755e-01,-1.264013051986694336e-01,-6.310149282217025757e-02,-1.210238039493560791e-01,4.469181969761848450e-02,4.973712493665516376e-04,1.632045060396194458e-01,8.172911405563354492e-02,1.399249434471130371e-01,9.161636978387832642e-02,7.734517008066177368e-02,3.174338489770889282e-02,1.307817399501800537e-01,5.992528516799211502e-03,-1.421688199043273926e-01,-1.640397906303405762e-01,5.152296274900436401e-02,3.300061076879501343e-02,6.303330510854721069e-02,6.207180768251419067e-02,1.649111211299896240e-01,1.923631429672241211e-01
