1.000000238418579102e+00,6.011512875556945801e-01,4.322388768196105957e-01,1.409267336130142212e-01,-1.374306976795196533e-01,-2.042988240718841553e-01,4.519843757152557373e-01,2.237313427031040192e-02,-2.282205820083618164e-01,-1.880610138177871704e-01,5.858667194843292236e-02,2.498592808842658997e-02,3.206627815961837769e-02,-1.856286227703094482e-01,-3.045277595520019531e-01,-2.254294753074645996e-01,-1.126454174518585205e-01,-1.879449747502803802e-02,5.100057125091552734e-01,4.513056278228759766e-01,-1.757069379091262817e-01,-2.787888944149017334e-01,9.644564986228942871e-02,-1.298789773136377335e-02,-3.150433301925659180e-01,-2.542893588542938232e-01,-2.015522867441177368e-01,-1.761331409215927124e-01,-2.480983585119247437e-01,-2.258411943912506104e-01,-1.327624917030334473e-01,-1.353606283664703369e-01,3.131883442401885986e-01,2.387521415948867798e-01,-1.981894075870513916e-01,-2.531158924102783203e-01,-2.777255177497863770e-01,2.322125062346458435e-02,-3.242735266685485840e-01,-2.251094877719879150e-01,-3.406330645084381104e-01,-3.148745298385620117e-01,6.370780616998672485e-02,3.269268432632088661e-03,5.756733939051628113e-02,-4.584125708788633347e-03,-1.061626672744750977e-01,-5.857025459408760071e-02,-2.045869454741477966e-02,-3.916167840361595154e-02,-9.367236495018005371e-02,-1.915679872035980225e-01,1.249201074242591858e-01,2.081233859062194824e-01,-1.667679660022258759e-02,1.070279628038406372e-01,6.038258075714111328e-01,5.599942803382873535e-01,4.801360964775085449e-01,4.577292501926422119e-01,3.818322420120239258e-01,3.241151869297027588e-01,1.248927116394042969e-01,2.353946566581726074e-01,1.029840856790542603e-02,-6.515978276729583740e-02,2.213689386844635010e-01,5.407935008406639099e-02,4.282219409942626953e-01,2.645278871059417725e-01,-2.270440161228179932e-01,-2.747322320938110352e-01,-2.926996350288391113e-01,-2.440491467714309692e-01,-2.129323333501815796e-01,-1.633284837007522583e-01,-1.205532029271125793e-01,-5.146280676126480103e-02,-4.828345775604248047e-02,-1.611063070595264435e-02,-8.877933025360107422e-02,-1.223673578351736069e-02,-2.569565176963806152e-01,-3.023621141910552979e-01,-1.882283240556716919e-01,-2.671523094177246094e-01,-6.182348728179931641e-02,-1.927635371685028076e-01,8.176631480455398560e-02,1.135282963514328003e-01,-3.853446990251541138e-02,1.015680581331253052e-01,1.776714920997619629e-01,2.297840267419815063e-01,-4.699286073446273804e-03,-1.388366073369979858e-01,5.826702690683305264e-04,5.733971297740936279e-02,1.012869179248809814e-01,1.625285893678665161e-01,3.113785088062286377e-01,3.448427617549896240e-01,2.836608588695526123e-01,3.508004844188690186e-01,-1.927007548511028290e-02,5.236015468835830688e-02,4.846715927124023438e-02,2.039333432912826538e-01,-1.369317248463630676e-02,-1.035877969115972519e-02,-1.825184561312198639e-02,1.737472712993621826e-01,1.952333152294158936e-01,1.765821725130081177e-01,1.051062624901533127e-02,-1.062668636441230774e-01
6.011512875556945801e-01,1.000000238418579102e+00,5.226598978042602539e-01,3.894239068031311035e-01,7.685708254575729370e-02,3.091383911669254303e-02,5.166507363319396973e-01,2.793321013450622559e-01,-3.650135174393653870e-02,3.188933432102203369e-02,-5.129932105774059892e-05,3.509418666362762451e-01,2.086175382137298584e-01,8.442619442939758301e-02,-9.890499711036682129e-02,3.322458360344171524e-03,-1.808774471282958984e-01,1.487059742212295532e-01,5.466837882995605469e-01,5.724102854728698730e-01,1.240060850977897644e-02,-6.391119211912155151e-02,3.562256395816802979e-01,2.901451587677001953e-01,-3.713965788483619690e-02,9.608307853341102600e-03,2.423562295734882355e-02,4.847680032253265381e-02,-1.638521850109100342e-01,8.657136000692844391e-03,1.611663401126861572e-01,1.573150008916854858e-01,4.517696201801300049e-01,4.835653007030487061e-01,-9.318812936544418335e-02,-1.396922469139099121e-01,-2.235707342624664307e-01,-1.107455417513847351e-01,-1.262274682521820068e-01,-2.098412811756134033e-01,-1.742777973413467407e-01,-2.083162516355514526e-01,2.306276559829711914e-01,9.735251218080520630e-02,1.418058723211288452e-01,7.741063088178634644e-02,6.886568665504455566e-02,-2.193714492022991180e-03,8.239200711250305176e-02,5.932926759123802185e-02,2.203149348497390747e-02,-5.564907565712928772e-02,7.362329214811325073e-02,1.213976964354515076e-01,8.243057131767272949e-02,4.772675409913063049e-02,3.845605850219726562e-01,5.858079195022583008e-01,3.358028531074523926e-01,4.873062074184417725e-01,3.064394593238830566e-01,3.695906102657318115e-01,9.107745438814163208e-02,2.379537522792816162e-01,1.970675028860569000e-02,-8.020222932100296021e-02,2.015058249235153198e-01,1.092259213328361511e-01,3.493495881557464600e-01,2.278756350278854370e-01,-4.130279272794723511e-02,-7.240663468837738037e-02,-1.356908977031707764e-01,-1.508940309286117554e-01,3.645825386047363281e-02,-8.086585998535156250e-02,-2.764930203557014465e-02,-2.145463041961193085e-02,-1.111505776643753052e-01,4.709349200129508972e-02,-1.249664500355720520e-01,9.593632072210311890e-02,-2.983355522155761719e-01,-9.475747495889663696e-02,-1.277446597814559937e-01,-1.590764075517654419e-01,6.649565696716308594e-02,4.853310808539390564e-02,8.430615067481994629e-02,9.409856796264648438e-02,9.738942980766296387e-02,1.346414387226104736e-01,1.998538672924041748e-01,1.129578053951263428e-01,4.873281717300415039e-02,-1.125836521387100220e-01,1.045621410012245178e-01,-1.017776951193809509e-01,1.949364393949508667e-01,1.374535858631134033e-01,2.904193699359893799e-01,1.832314282655715942e-01,2.815857827663421631e-01,1.903364658355712891e-01,2.748191170394420624e-02,-2.413663268089294434e-02,8.016548305749893188e-02,1.744954735040664673e-01,-8.534618653357028961e-03,7.607722654938697815e-03,-7.808405160903930664e-02,2.804355025291442871e-01,3.007253110408782959e-01,6.574864685535430908e-02,5.260689556598663330e-02,-5.286828801035881042e-02
4.322388768196105957e-01,5.226598978042602539e-01,1.000000119209289551e+00,5.292706489562988281e-01,5.602836981415748596e-02,8.872064761817455292e-03,7.984399795532226562e-01,3.267167508602142334e-01,-1.933371275663375854e-02,1.136322226375341415e-02,2.052700892090797424e-02,1.429121196269989014e-01,2.191942185163497925e-01,7.077951729297637939e-02,-9.479594975709915161e-02,-1.993342861533164978e-02,-3.159716427326202393e-01,-1.377868950366973877e-01,6.498591899871826172e-01,5.211079716682434082e-01,4.954339470714330673e-03,-8.176546543836593628e-02,6.750766038894653320e-01,4.464964270591735840e-01,3.516379743814468384e-02,3.930811956524848938e-02,2.693058736622333527e-02,2.334826067090034485e-02,-2.054370343685150146e-01,-8.958511054515838623e-02,2.716042399406433105e-01,1.964450478553771973e-01,3.992536962032318115e-01,4.021539092063903809e-01,1.700578033924102783e-01,4.585499688982963562e-02,-2.157900929450988770e-01,-1.333795934915542603e-01,-1.609657853841781616e-01,-2.352616637945175171e-01,-1.594932675361633301e-01,-3.274015784263610840e-01,1.147346645593643188e-01,-3.893484920263290405e-02,-1.838296502828598022e-01,-1.719448864459991455e-01,6.116261240094900131e-03,-4.855880141258239746e-02,-8.763438463211059570e-02,-1.086049228906631470e-01,-3.925704583525657654e-02,-7.643999159336090088e-02,6.089141964912414551e-02,5.176504328846931458e-02,5.543270707130432129e-02,-1.234976481646299362e-02,-8.204286918044090271e-03,1.935610473155975342e-01,1.778171658515930176e-01,3.561884462833404541e-01,1.362989395856857300e-01,1.428203880786895752e-01,-1.839738041162490845e-01,3.845160361379384995e-03,1.509232968091964722e-01,-1.220802124589681625e-02,1.849743574857711792e-01,1.319322586059570312e-01,5.235077347606420517e-03,-6.549856066703796387e-02,1.289131119847297668e-02,-3.402921557426452637e-02,-1.145438849925994873e-01,-1.924169063568115234e-01,9.034535847604274750e-03,-1.199013665318489075e-01,-5.112301185727119446e-02,-6.102829053997993469e-02,-2.044226676225662231e-01,-1.102861240506172180e-01,-2.197361439466476440e-01,-1.184405013918876648e-01,-2.757418453693389893e-01,-2.058525681495666504e-01,-1.176655739545822144e-01,-1.203231811523437500e-01,-7.639283686876296997e-02,-3.212267160415649414e-02,8.484222739934921265e-02,7.510897517204284668e-02,2.448484152555465698e-01,2.926045060157775879e-01,2.927648723125457764e-01,2.881999015808105469e-01,-4.624947160482406616e-02,-1.653858721256256104e-01,5.211708694696426392e-02,-1.780684888362884521e-01,1.242743507027626038e-01,1.659046560525894165e-01,2.960188388824462891e-01,3.004942536354064941e-01,2.438904047012329102e-01,1.091146245598793030e-01,8.568803966045379639e-02,3.658817615360021591e-03,2.228687517344951630e-02,2.412119805812835693e-01,-6.740037351846694946e-02,6.012308876961469650e-03,1.400770060718059540e-02,2.523099184036254883e-01,2.165725976228713989e-01,3.406785801053047180e-02,8.697909116744995117e-02,-8.351974934339523315e-02
1.409267336130142212e-01,3.894239068031311035e-01,5.292706489562988281e-01,1.000000238418579102e+00,3.354156017303466797e-01,6.474596858024597168e-01,4.250653088092803955e-01,8.316847681999206543e-01,4.581853374838829041e-02,6.614794731140136719e-01,-1.214968115091323853e-01,4.396280050277709961e-01,1.390262991189956665e-01,6.600588560104370117e-01,6.729775667190551758e-02,6.223719120025634766e-01,-1.569069623947143555e-01,-1.944732964038848877e-01,2.689191102981567383e-01,3.123492598533630371e-01,3.603442013263702393e-01,4.561434388160705566e-01,6.621604561805725098e-01,8.322499990463256836e-01,5.477717518806457520e-01,6.468433141708374023e-01,5.147132873535156250e-01,6.011422276496887207e-01,-1.958354376256465912e-03,9.673281759023666382e-02,6.277069449424743652e-01,7.160218358039855957e-01,1.646016836166381836e-01,2.882933020591735840e-01,7.851255685091018677e-02,1.184838712215423584e-01,-7.602573186159133911e-02,-5.985753536224365234e-01,1.058240979909896851e-02,-4.570742547512054443e-01,7.606720179319381714e-02,-3.743810057640075684e-01,9.357175230979919434e-02,-6.834751367568969727e-02,-3.498454764485359192e-02,-1.668257080018520355e-02,2.536316588521003723e-02,-6.416384130716323853e-02,-6.047521159052848816e-02,-3.399021551012992859e-02,-1.064051464200019836e-01,-9.975578635931015015e-02,1.328564621508121490e-02,-6.828361749649047852e-02,-1.192890945822000504e-02,-3.114892542362213135e-01,-1.823711022734642029e-02,8.243522047996520996e-02,-9.213793277740478516e-02,2.265713512897491455e-01,-1.986969560384750366e-01,9.520071558654308319e-03,-2.673293948173522949e-01,-1.705181896686553955e-01,-9.134271740913391113e-02,1.465433649718761444e-02,-1.221031770110130310e-01,-3.264964371919631958e-02,-6.864489614963531494e-02,-1.314921379089355469e-01,3.368847072124481201e-01,4.768831729888916016e-01,2.317733317613601685e-01,-1.812417209148406982e-01,2.140808254480361938e-01,-2.122101783752441406e-01,9.275825694203376770e-03,-1.901259720325469971e-01,-1.509162485599517822e-01,-2.482292652130126953e-01,-1.587271988391876221e-01,-1.988510489463806152e-01,-1.460058838129043579e-01,3.467319607734680176e-01,-1.677328646183013916e-01,-7.525927573442459106e-02,9.376621991395950317e-02,6.042398214340209961e-01,-1.067113429307937622e-01,-1.630114167928695679e-01,2.556239068508148193e-01,7.390072196722030640e-02,2.210485935211181641e-01,5.002304166555404663e-02,-1.208894550800323486e-01,-3.221635520458221436e-01,-1.438245326280593872e-01,-4.340794086456298828e-01,3.064421191811561584e-02,-5.762748420238494873e-02,1.283259987831115723e-01,4.002774879336357117e-02,1.948129199445247650e-02,-1.954903304576873779e-01,-1.140384599566459656e-01,-3.574773967266082764e-01,-1.176382973790168762e-02,-7.442158460617065430e-02,-1.951203942298889160e-01,-2.167523652315139771e-01,-2.177689671516418457e-01,6.098674982786178589e-02,6.606090813875198364e-02,-2.894701063632965088e-01,-2.115781456232070923e-01,-1.872811019420623779e-01
-1.374306976795196533e-01,7.685708254575729370e-02,5.602836981415748596e-02,3.354156017303466797e-01,1.000000357627868652e+00,5.707401037216186523e-01,3.092645481228828430e-02,3.752028644084930420e-01,6.681202650070190430e-01,5.012308359146118164e-01,1.263847798109054565e-01,2.701868116855621338e-01,8.828359842300415039e-02,4.006786942481994629e-01,5.576025843620300293e-01,4.831144213676452637e-01,-1.952303946018218994e-02,-8.921949565410614014e-02,-1.326750591397285461e-02,3.920375183224678040e-02,3.571342527866363525e-01,3.765131533145904541e-01,2.569795250892639160e-01,3.621551394462585449e-01,5.044293403625488281e-01,4.917788803577423096e-01,5.862450599670410156e-01,4.971706867218017578e-01,6.936596333980560303e-02,1.623361259698867798e-01,3.708137273788452148e-01,3.826952576637268066e-01,1.245592907071113586e-01,1.169280782341957092e-01,1.801500469446182251e-01,1.604577600955963135e-01,2.327093034982681274e-01,-3.355975747108459473e-01,2.839288115501403809e-01,-3.298993110656738281e-01,2.215212732553482056e-01,-1.427700519561767578e-01,1.214213892817497253e-01,1.350283995270729065e-02,-3.045880980789661407e-02,-6.957788765430450439e-02,1.352979838848114014e-01,2.891949750483036041e-02,-7.312858104705810547e-02,-4.570851847529411316e-02,-7.758196908980607986e-03,8.224969357252120972e-02,-1.845053434371948242e-01,-2.118915170431137085e-01,1.382457166910171509e-01,-1.684932410717010498e-01,-1.824332624673843384e-01,-6.373061984777450562e-02,-1.681637614965438843e-01,-8.922650665044784546e-02,3.439881280064582825e-02,7.829619199037551880e-02,-8.937812596559524536e-02,-1.132803037762641907e-01,5.198870971798896790e-02,1.423790901899337769e-01,5.217527970671653748e-02,8.690547943115234375e-02,-6.162180006504058838e-02,-2.701048739254474640e-02,2.961786389350891113e-01,3.708125948905944824e-01,2.642315328121185303e-01,-3.738654544577002525e-03,1.798169612884521484e-01,-8.368977904319763184e-02,1.368260234594345093e-01,-7.047295570373535156e-02,-3.102171979844570160e-02,-1.548330336809158325e-01,-8.530195802450180054e-02,-1.726837605237960815e-01,1.617079414427280426e-02,1.720923036336898804e-01,1.533180847764015198e-02,4.463940113782882690e-02,5.779289081692695618e-02,3.838477432727813721e-01,3.486826121807098389e-01,5.204557254910469055e-02,2.555433809757232666e-01,8.802664279937744141e-02,1.940418779850006104e-01,1.234869435429573059e-01,1.164002157747745514e-02,-1.698524206876754761e-01,-1.072008255869150162e-02,-2.590069770812988281e-01,1.290047317743301392e-01,-3.909242153167724609e-02,-5.097773671150207520e-02,-9.232530742883682251e-02,-1.811002045869827271e-01,-3.931157290935516357e-01,1.526011433452367783e-02,-1.103467866778373718e-01,-8.072950690984725952e-02,-1.698757857084274292e-01,-3.406999632716178894e-02,-6.671465188264846802e-02,-6.912776082754135132e-02,1.444607824087142944e-01,1.775708198547363281e-01,-1.333416104316711426e-01,-1.015022210776805878e-02,-2.740165591239929199e-02
-2.042988240718841553e-01,3.091383911669254303e-02,8.872064761817455292e-03,6.474596858024597168e-01,5.707401037216186523e-01,1.000000119209289551e+00,-4.143500328063964844e-02,7.702031135559082031e-01,2.764954864978790283e-01,8.995065689086914062e-01,-3.791868314146995544e-02,4.447384774684906006e-01,9.225060790777206421e-02,8.332367539405822754e-01,3.529039025306701660e-01,8.906363248825073242e-01,1.038778349757194519e-01,-1.368456333875656128e-01,-1.617005020380020142e-01,-8.723559975624084473e-02,5.685397982597351074e-01,7.429701089859008789e-01,3.636814355850219727e-01,6.970517635345458984e-01,7.974074482917785645e-01,8.800703287124633789e-01,7.543242573738098145e-01,8.160317540168762207e-01,2.525234818458557129e-01,2.713340222835540771e-01,6.762745976448059082e-01,7.869642376899719238e-01,4.881821107119321823e-03,9.914211928844451904e-02,1.149430647492408752e-01,1.416830718517303467e-01,1.888267248868942261e-01,-6.848084926605224609e-01,2.776030302047729492e-01,-4.400117993354797363e-01,2.927736639976501465e-01,-2.335242927074432373e-01,9.259796142578125000e-02,-3.137276694178581238e-02,7.051490247249603271e-02,3.964911773800849915e-02,5.756007507443428040e-02,-6.287139654159545898e-02,3.428126871585845947e-02,-6.638190243393182755e-03,1.967075839638710022e-02,-3.355974331498146057e-02,-8.649338781833648682e-02,-1.915036588907241821e-01,4.513240978121757507e-02,-3.868482410907745361e-01,-1.056230440735816956e-01,-1.038668230175971985e-01,-3.129229545593261719e-01,-1.314473301172256470e-01,-2.727168798446655273e-01,-1.441953778266906738e-01,-1.539182215929031372e-01,-2.535291910171508789e-01,-1.652474701404571533e-01,-3.856294602155685425e-02,-1.945916265249252319e-01,-1.433380097150802612e-01,-1.144659370183944702e-01,-1.230870261788368225e-01,5.551307797431945801e-01,7.163379192352294922e-01,5.169157981872558594e-01,-1.711057685315608978e-02,3.480865955352783203e-01,-1.653859764337539673e-01,1.878932714462280273e-01,-1.414185166358947754e-01,2.378722280263900757e-02,-2.325714677572250366e-01,6.714579649269580841e-03,-1.972620040178298950e-01,5.056099593639373779e-02,5.813422203063964844e-01,-4.363455250859260559e-02,-4.418825358152389526e-02,1.606514304876327515e-01,8.180732727050781250e-01,-2.637391909956932068e-02,-2.444365769624710083e-01,1.194262877106666565e-01,-1.144360154867172241e-01,4.814781621098518372e-02,-7.125943154096603394e-02,-6.412666290998458862e-02,-2.649897634983062744e-01,-1.190298721194267273e-01,-4.225361347198486328e-01,-4.346506670117378235e-03,-1.684111803770065308e-01,-5.802784487605094910e-02,-1.506506502628326416e-01,-1.775748431682586670e-01,-3.743804693222045898e-01,-1.325135082006454468e-01,-3.744478821754455566e-01,-5.299862846732139587e-02,-2.928850054740905762e-01,-1.689276546239852905e-01,-1.910685896873474121e-01,-1.830201148986816406e-01,3.779869992285966873e-03,-2.986837178468704224e-02,-3.647832274436950684e-01,-2.915114164352416992e-01,-1.195322275161743164e-01
4.519843757152557373e-01,5.166507363319396973e-01,7.984399795532226562e-01,4.250653088092803955e-01,3.092645481228828430e-02,-4.143500328063964844e-02,1.000000119209289551e+00,3.268440663814544678e-01,5.500523746013641357e-02,-4.018793627619743347e-02,1.641244292259216309e-01,2.452899813652038574e-01,3.661110103130340576e-01,5.172225832939147949e-02,-4.870895296335220337e-02,-7.011349499225616455e-02,-2.329969555139541626e-01,-4.570805653929710388e-02,5.546892881393432617e-01,4.623694419860839844e-01,-1.065981239080429077e-01,-1.664724200963973999e-01,5.591388940811157227e-01,3.363987803459167480e-01,-3.283713385462760925e-02,-2.073368616402149200e-02,-9.844797849655151367e-02,-8.819513767957687378e-02,-1.435753703117370605e-01,-7.760260999202728271e-02,1.944955736398696899e-01,1.440305709838867188e-01,4.122601449489593506e-01,3.927210271358489990e-01,1.000398322939872742e-01,4.933148156851530075e-03,-2.274063676595687866e-01,-1.002971902489662170e-01,-1.364283859729766846e-01,-1.976742595434188843e-01,-1.890212893486022949e-01,-2.569815516471862793e-01,7.882039994001388550e-02,-9.613649547100067139e-02,-1.753314733505249023e-01,-1.773072630167007446e-01,-2.518622204661369324e-02,-7.435704767704010010e-02,-3.095993958413600922e-02,-9.345966577529907227e-02,9.748485870659351349e-03,-6.109488755464553833e-02,1.230763643980026245e-01,5.619662627577781677e-02,5.462204292416572571e-02,2.070678863674402237e-03,1.185183133929967880e-02,1.876731961965560913e-01,2.839552760124206543e-01,3.899555504322052002e-01,3.227974176406860352e-01,2.564328014850616455e-01,-4.792888183146715164e-03,1.562297642230987549e-01,2.993336915969848633e-01,1.566805690526962280e-01,2.436568140983581543e-01,1.428550034761428833e-01,-2.059866115450859070e-02,-2.353698760271072388e-02,1.005491148680448532e-02,-6.091032177209854126e-02,-1.057860851287841797e-01,-1.252403855323791504e-01,2.636309899389743805e-02,-5.686365067958831787e-02,3.934888914227485657e-02,2.042647823691368103e-02,-1.631574928760528564e-01,-8.390159904956817627e-02,-1.874742805957794189e-01,-2.953590825200080872e-02,-2.343327701091766357e-01,-2.115476131439208984e-01,-9.769875556230545044e-02,-8.516365289688110352e-02,-6.770917028188705444e-02,-9.139201790094375610e-02,1.769082695245742798e-01,1.238675117492675781e-01,2.213744074106216431e-01,3.269304931163787842e-01,3.468511700630187988e-01,3.633643984794616699e-01,-7.239749282598495483e-02,-1.581796556711196899e-01,5.045877769589424133e-02,-1.729196012020111084e-01,1.536667197942733765e-01,1.827253699302673340e-01,3.728228807449340820e-01,3.721236586570739746e-01,2.693545520305633545e-01,1.800573915243148804e-01,4.951397329568862915e-02,-2.082972787320613861e-02,-5.920680239796638489e-03,2.448558658361434937e-01,-4.550317302346229553e-02,-1.514016091823577881e-02,2.427185699343681335e-02,2.463735938072204590e-01,2.390157580375671387e-01,6.501630693674087524e-02,9.974140673875808716e-02,-5.366519466042518616e-02
2.237313427031040192e-02,2.793321013450622559e-01,3.267167508602142334e-01,8.316847681999206543e-01,3.752028644084930420e-01,7.702031135559082031e-01,3.268440663814544678e-01,9.999999403953552246e-01,1.352345347404479980e-01,7.838113903999328613e-01,-1.454209256917238235e-02,5.483700037002563477e-01,2.217405587434768677e-01,7.941646575927734375e-01,1.729886680841445923e-01,7.553002834320068359e-01,1.198205864056944847e-03,-1.147736310958862305e-01,5.776963382959365845e-02,1.301309317350387573e-01,4.210158288478851318e-01,5.713617205619812012e-01,5.612593889236450195e-01,8.085628151893615723e-01,6.578907370567321777e-01,7.633725404739379883e-01,5.768563151359558105e-01,6.784641146659851074e-01,1.570755541324615479e-01,2.078519165515899658e-01,6.690363883972167969e-01,7.903287410736083984e-01,1.201886907219886780e-01,2.444662600755691528e-01,6.747146695852279663e-02,1.213700771331787109e-01,5.456421058624982834e-03,-6.725170016288757324e-01,1.230633407831192017e-01,-4.647991359233856201e-01,1.552353352308273315e-01,-3.161050975322723389e-01,8.902624249458312988e-02,-8.800044655799865723e-02,1.703870855271816254e-02,7.631125859916210175e-03,1.490809582173824310e-02,-1.053317412734031677e-01,1.669183932244777679e-02,-1.182918157428503036e-02,-2.381332032382488251e-02,-7.266263663768768311e-02,8.657352998852729797e-03,-1.172853559255599976e-01,4.157149698585271835e-03,-3.648876845836639404e-01,-2.834761328995227814e-02,1.809164066798985004e-03,-1.491256505250930786e-01,1.365329325199127197e-01,-1.762610971927642822e-01,1.497353520244359970e-02,-1.399278491735458374e-01,-1.069231778383255005e-01,-7.568485289812088013e-02,6.168220937252044678e-02,-1.419198215007781982e-01,-8.568467199802398682e-02,-1.169644445180892944e-01,-1.505235284566879272e-01,4.645177721977233887e-01,6.093133091926574707e-01,3.784460127353668213e-01,-9.081796556711196899e-02,2.966173291206359863e-01,-1.741472631692886353e-01,1.163418218493461609e-01,-1.616013646125793457e-01,-6.609312444925308228e-02,-2.457650750875473022e-01,-7.848986238241195679e-02,-1.588788926601409912e-01,-6.484487652778625488e-02,4.785509705543518066e-01,-1.184814348816871643e-01,-6.045501306653022766e-02,1.405411511659622192e-01,7.139963507652282715e-01,-7.634866237640380859e-02,-1.912889331579208374e-01,1.756117194890975952e-01,-1.480647921562194824e-02,1.624218076467514038e-01,2.525693504139780998e-03,-1.282656192779541016e-01,-3.294735848903656006e-01,-1.524251252412796021e-01,-4.761610329151153564e-01,7.313533220440149307e-03,-1.185580566525459290e-01,1.226923689246177673e-01,-6.375427823513746262e-03,-2.626579068601131439e-02,-2.279030233621597290e-01,-1.659328192472457886e-01,-4.279265403747558594e-01,-4.924629256129264832e-02,-1.557369530200958252e-01,-2.093001455068588257e-01,-2.421841174364089966e-01,-2.234827578067779541e-01,1.679806783795356750e-02,1.202164031565189362e-02,-3.414851427078247070e-01,-2.832574248313903809e-01,-1.709221303462982178e-01
-2.282205820083618164e-01,-3.650135174393653870e-02,-1.933371275663375854e-02,4.581853374838829041e-02,6.681202650070190430e-01,2.764954864978790283e-01,5.500523746013641357e-02,1.352345347404479980e-01,9.999999403953552246e-01,2.140081524848937988e-01,3.104997277259826660e-01,2.692315280437469482e-01,2.122929543256759644e-01,1.873820275068283081e-01,6.903507709503173828e-01,2.252975255250930786e-01,1.273429691791534424e-01,1.867574304342269897e-01,-1.396114379167556763e-02,6.096541881561279297e-02,2.375243157148361206e-01,1.973727941513061523e-01,1.935969740152359009e-01,1.435849666595458984e-01,3.249242603778839111e-01,2.405114471912384033e-01,3.360752761363983154e-01,1.854382455348968506e-01,2.182819843292236328e-01,2.584505081176757812e-01,1.918155103921890259e-01,1.453094184398651123e-01,1.337495148181915283e-01,1.061138361692428589e-01,2.563704252243041992e-01,1.991987824440002441e-01,3.072951436042785645e-01,-1.040201261639595032e-02,3.676410913467407227e-01,1.270856801420450211e-02,1.865558475255966187e-01,1.386820077896118164e-01,3.503274917602539062e-02,-3.106524981558322906e-02,-5.020843818783760071e-02,-7.867924869060516357e-02,9.181242436170578003e-02,-1.964717358350753784e-02,-4.318833351135253906e-02,-9.767206758260726929e-02,4.468580707907676697e-02,8.800478279590606689e-02,-1.305807083845138550e-01,-1.458633542060852051e-01,7.165750116109848022e-02,-5.080770328640937805e-02,-2.561211585998535156e-01,-1.425151973962783813e-01,-1.469548493623733521e-01,-1.302571892738342285e-01,1.193746626377105713e-01,5.345580726861953735e-02,6.199484318494796753e-02,6.825715303421020508e-03,2.126495987176895142e-01,1.957120895385742188e-01,1.447845548391342163e-01,1.517861336469650269e-01,-1.051815524697303772e-01,2.931342273950576782e-02,2.359255403280258179e-01,2.213279604911804199e-01,3.025921583175659180e-01,2.187483906745910645e-01,2.489352971315383911e-01,1.622263789176940918e-01,1.964604556560516357e-01,6.835146248340606689e-02,1.527425050735473633e-01,9.720998257398605347e-02,1.015605181455612183e-01,1.100674122571945190e-01,1.654514223337173462e-01,1.520997881889343262e-01,2.538957595825195312e-01,2.686645388603210449e-01,1.680801510810852051e-01,1.374791711568832397e-01,4.735396802425384521e-01,2.388157993555068970e-01,3.075571358203887939e-01,1.707952767610549927e-01,2.378131002187728882e-01,1.543884128332138062e-01,8.542054332792758942e-03,-2.616449818015098572e-02,6.244922801852226257e-02,-1.361966282129287720e-01,8.693733066320419312e-02,-6.544410437345504761e-02,-4.982201009988784790e-02,-1.285022646188735962e-01,-1.935916095972061157e-01,-2.650142908096313477e-01,1.403413861989974976e-01,2.989501506090164185e-02,-4.298071935772895813e-02,-1.979302465915679932e-01,6.235855631530284882e-03,3.970569372177124023e-02,4.073695465922355652e-02,1.177175715565681458e-01,1.653070151805877686e-01,-5.002852529287338257e-02,7.622512429952621460e-02,9.353139996528625488e-02
-1.880610138177871704e-01,3.188933432102203369e-02,1.136322226375341415e-02,6.614794731140136719e-01,5.012308359146118164e-01,8.995065689086914062e-01,-4.018793627619743347e-02,7.838113903999328613e-01,2.140081524848937988e-01,1.000000357627868652e+00,-6.523098051548004150e-02,4.379075169563293457e-01,8.021071553230285645e-02,8.417280912399291992e-01,3.003802597522735596e-01,8.954674005508422852e-01,9.044604748487472534e-02,-1.618759781122207642e-01,-1.714992523193359375e-01,-1.014825403690338135e-01,5.635665655136108398e-01,7.436081171035766602e-01,3.583699166774749756e-01,7.031081914901733398e-01,7.813170552253723145e-01,8.772519826889038086e-01,7.298184037208557129e-01,8.111429214477539062e-01,2.407267391681671143e-01,2.544150650501251221e-01,6.674253344535827637e-01,7.940960526466369629e-01,-1.114225201308727264e-02,8.824595063924789429e-02,8.132576942443847656e-02,1.129745095968246460e-01,1.407850384712219238e-01,-6.996192932128906250e-01,2.373309433460235596e-01,-4.386610090732574463e-01,2.488974630832672119e-01,-2.609463632106781006e-01,7.293630391359329224e-02,-4.831554368138313293e-02,7.367879152297973633e-02,4.493379965424537659e-02,2.359176240861415863e-02,-8.552933484315872192e-02,3.716207668185234070e-02,-3.110699355602264404e-03,1.632802747189998627e-02,-6.055453792214393616e-02,-4.804346710443496704e-02,-1.545669436454772949e-01,3.670544922351837158e-02,-3.866046071052551270e-01,-8.235820382833480835e-02,-9.146350622177124023e-02,-2.951183021068572998e-01,-1.116539463400840759e-01,-2.879318594932556152e-01,-1.619146168231964111e-01,-1.614105403423309326e-01,-2.624318897724151611e-01,-1.769976317882537842e-01,-5.953353643417358398e-02,-2.184408158063888550e-01,-1.741499602794647217e-01,-1.055385693907737732e-01,-1.246340423822402954e-01,5.372763276100158691e-01,7.058596014976501465e-01,5.042017102241516113e-01,-3.600005805492401123e-02,3.592584431171417236e-01,-1.686257421970367432e-01,1.663351804018020630e-01,-1.621406376361846924e-01,1.345565915107727051e-02,-2.454640567302703857e-01,4.677928984165191650e-03,-1.957084834575653076e-01,3.905485570430755615e-02,5.982748866081237793e-01,-5.225015059113502502e-02,-4.975852370262145996e-02,1.795313358306884766e-01,8.365764021873474121e-01,-4.996480792760848999e-02,-2.539810836315155029e-01,9.561631828546524048e-02,-1.177978217601776123e-01,3.691139444708824158e-02,-8.135298639535903931e-02,-8.578033000230789185e-02,-2.695731520652770996e-01,-1.300514638423919678e-01,-4.225955903530120850e-01,-3.500524163246154785e-02,-1.741723269224166870e-01,-5.878212302923202515e-02,-1.479976773262023926e-01,-1.683479845523834229e-01,-3.494069874286651611e-01,-1.506666541099548340e-01,-3.953485786914825439e-01,-4.318067058920860291e-02,-2.813573777675628662e-01,-1.913917958736419678e-01,-2.002554237842559814e-01,-2.007949054241180420e-01,-1.954469829797744751e-02,-5.663910508155822754e-02,-3.711909651756286621e-01,-3.114188313484191895e-01,-1.227738261222839355e-01
5.858667194843292236e-02,-5.129932105774059892e-05,2.052700892090797424e-02,-1.214968115091323853e-01,1.263847798109054565e-01,-3.791868314146995544e-02,1.641244292259216309e-01,-1.454209256917238235e-02,3.104997277259826660e-01,-6.523098051548004150e-02,1.000000119209289551e+00,4.236189723014831543e-01,6.196552515029907227e-01,9.374693781137466431e-02,4.256200492382049561e-01,-1.867825165390968323e-02,3.446805477142333984e-01,2.894939780235290527e-01,8.766735345125198364e-02,-4.052959382534027100e-02,5.736270919442176819e-02,2.762323804199695587e-02,7.539153844118118286e-02,-3.107190877199172974e-02,7.100928574800491333e-02,-2.492420561611652374e-02,2.297617867588996887e-02,-6.339468806982040405e-02,4.243690669536590576e-01,3.135280907154083252e-01,4.039466381072998047e-02,-2.461498044431209564e-02,1.334270536899566650e-01,7.273817062377929688e-02,1.097680553793907166e-01,1.867970265448093414e-02,2.791035771369934082e-01,2.305091023445129395e-01,3.057497441768646240e-01,2.053067535161972046e-01,5.561536550521850586e-02,2.453124076128005981e-01,1.235302686691284180e-01,5.803216993808746338e-02,-6.059776246547698975e-02,-1.207462251186370850e-01,7.808504253625869751e-02,7.044427841901779175e-02,1.496700793504714966e-01,2.224743738770484924e-02,2.169677168130874634e-01,1.289641410112380981e-01,3.117265738546848297e-02,-3.350144997239112854e-02,1.237302869558334351e-01,1.673196405172348022e-01,-1.540676206350326538e-01,-1.468263715505599976e-01,-5.049709603190422058e-02,-6.123498082160949707e-02,3.119777739048004150e-01,2.018375694751739502e-01,4.485390484333038330e-01,3.607773482799530029e-01,4.385971426963806152e-01,3.052006959915161133e-01,6.356392800807952881e-02,2.908507175743579865e-02,-2.111015468835830688e-01,-1.141883805394172668e-01,2.115645855665206909e-01,7.371195405721664429e-02,1.998704671859741211e-01,3.059104084968566895e-01,1.036242023110389709e-01,2.516416013240814209e-01,1.880912780761718750e-01,1.046932786703109741e-01,2.845336198806762695e-01,1.789823770523071289e-01,2.830741703510284424e-01,2.466495931148529053e-01,2.590261995792388916e-01,1.103859469294548035e-01,3.684103488922119141e-01,3.149551451206207275e-01,1.855483502149581909e-01,-4.267098009586334229e-02,2.997408211231231689e-01,1.702396869659423828e-01,7.377015799283981323e-02,2.308984845876693726e-02,4.751141741871833801e-02,1.022232100367546082e-01,1.066701710224151611e-01,6.554985791444778442e-02,9.562587738037109375e-02,1.030522435903549194e-01,7.183973491191864014e-02,1.337799280881881714e-01,5.467461049556732178e-02,1.311010867357254028e-01,-7.747961580753326416e-02,2.025570906698703766e-02,5.560543388128280640e-02,5.568124353885650635e-02,-2.414114028215408325e-02,-2.662595175206661224e-02,9.529284387826919556e-02,8.412493765354156494e-02,1.497322469949722290e-01,2.126662991940975189e-02,-3.518062410876154900e-03,-1.715173944830894470e-02,2.206653729081153870e-02,4.299969971179962158e-02
2.498592808842658997e-02,3.509418666362762451e-01,1.429121196269989014e-01,4.396280050277709961e-01,2.701868116855621338e-01,4.447384774684906006e-01,2.452899813652038574e-01,5.483700037002563477e-01,2.692315280437469482e-01,4.379075169563293457e-01,4.236189723014831543e-01,1.000000119209289551e+00,5.618700981140136719e-01,6.090354919433593750e-01,3.912635445594787598e-01,4.614875018596649170e-01,2.524116039276123047e-01,3.111364543437957764e-01,5.872387066483497620e-02,1.453066319227218628e-01,3.351997137069702148e-01,4.135996997356414795e-01,4.027692079544067383e-01,5.008607506752014160e-01,4.763227105140686035e-01,4.743227362632751465e-01,3.453440666198730469e-01,3.699003756046295166e-01,4.091559350490570068e-01,4.915669858455657959e-01,5.088532567024230957e-01,5.282816290855407715e-01,2.910956442356109619e-01,3.715548515319824219e-01,1.059798523783683777e-01,1.002668589353561401e-01,1.976310759782791138e-01,-2.364490181207656860e-01,2.965003252029418945e-01,-7.195913791656494141e-02,1.594438105821609497e-01,9.165353327989578247e-02,2.226173132658004761e-01,3.023029491305351257e-02,1.071691215038299561e-01,2.586980722844600677e-02,1.274634897708892822e-01,1.338771730661392212e-02,1.851958483457565308e-01,5.109886452555656433e-02,1.782434284687042236e-01,8.534996211528778076e-02,4.758939519524574280e-02,-5.658761039376258850e-02,8.109875768423080444e-02,-9.849183261394500732e-02,-6.099809706211090088e-02,-3.566665202379226685e-02,-1.147011518478393555e-01,4.895896464586257935e-02,9.924912452697753906e-02,1.860600262880325317e-01,2.622154653072357178e-01,2.815698683261871338e-01,2.015332579612731934e-01,1.829186230897903442e-01,-5.217538028955459595e-02,-2.565879374742507935e-02,-1.694303303956985474e-01,-1.486598402261734009e-01,4.293304085731506348e-01,4.301508665084838867e-01,4.121210575103759766e-01,2.616949677467346191e-01,3.481180667877197266e-01,1.730477064847946167e-01,2.220240235328674316e-01,3.866313770413398743e-02,2.012320309877395630e-01,7.602436095476150513e-02,2.129165381193161011e-01,2.458644062280654907e-01,9.271484613418579102e-02,4.743822515010833740e-01,2.189066112041473389e-01,2.584064900875091553e-01,2.531740069389343262e-01,4.667315781116485596e-01,9.417552500963211060e-02,3.900908632203936577e-03,1.677744984626770020e-01,-5.336000397801399231e-02,1.313702166080474854e-01,1.169105619192123413e-02,2.619236148893833160e-02,-6.826412677764892578e-02,7.068201899528503418e-02,-1.752403676509857178e-01,1.291252523660659790e-01,1.675822958350181580e-02,1.190745308995246887e-01,-3.424185793846845627e-03,-2.719608321785926819e-02,-5.935246869921684265e-02,-1.448682416230440140e-02,-1.857799440622329712e-01,2.157333679497241974e-02,-7.377778738737106323e-02,-3.832219541072845459e-02,-2.218279801309108734e-02,4.672729482990689576e-05,1.018980219960212708e-01,6.189002841711044312e-02,-1.522597670555114746e-01,-7.059051096439361572e-02,2.899606339633464813e-02
3.206627815961837769e-02,2.086175382137298584e-01,2.191942185163497925e-01,1.390262991189956665e-01,8.828359842300415039e-02,9.225060790777206421e-02,3.661110103130340576e-01,2.217405587434768677e-01,2.122929543256759644e-01,8.021071553230285645e-02,6.196552515029907227e-01,5.618700981140136719e-01,9.999999403953552246e-01,3.245750963687896729e-01,4.543311893939971924e-01,1.255254745483398438e-01,1.835449188947677612e-01,3.215788304805755615e-01,1.171434447169303894e-01,2.213851921260356903e-02,1.926359832286834717e-01,1.677078753709793091e-01,3.033869266510009766e-01,2.248149365186691284e-01,2.508689761161804199e-01,1.385600715875625610e-01,9.945695102214813232e-02,6.672210246324539185e-02,4.003130197525024414e-01,4.501092731952667236e-01,2.917427420616149902e-01,2.351287305355072021e-01,1.414303034543991089e-01,1.569093167781829834e-01,1.305843442678451538e-01,4.238209128379821777e-02,2.669925987720489502e-01,9.073727577924728394e-02,3.056941628456115723e-01,1.312672197818756104e-01,9.222663938999176025e-02,2.806849181652069092e-01,2.016429454088211060e-01,1.369239091873168945e-01,-2.079453505575656891e-02,-4.650942608714103699e-02,1.704314947128295898e-01,1.111544221639633179e-01,2.751330137252807617e-01,1.690347194671630859e-01,3.812294602394104004e-01,2.563346922397613525e-01,8.189722150564193726e-02,-1.271970476955175400e-02,2.188332527875900269e-01,1.434214115142822266e-01,-1.945292353630065918e-01,-1.060007810592651367e-01,2.695535868406295776e-02,-6.151035893708467484e-03,2.385865151882171631e-01,9.954541176557540894e-02,3.380694985389709473e-01,2.644452452659606934e-01,4.041319191455841064e-01,2.438380271196365356e-01,6.120797619223594666e-02,3.417520597577095032e-02,-1.868074089288711548e-01,-1.564888209104537964e-01,3.680071234703063965e-01,2.370222806930541992e-01,2.425917237997055054e-01,3.266478478908538818e-01,2.006677985191345215e-01,2.389003932476043701e-01,2.537847757339477539e-01,1.590388417243957520e-01,1.287626624107360840e-01,2.227063328027725220e-01,2.673594653606414795e-01,3.296410441398620605e-01,2.584651708602905273e-01,2.359412759542465210e-01,4.421285986900329590e-01,3.534413576126098633e-01,2.228900194168090820e-01,1.170192286372184753e-01,2.183608412742614746e-01,1.160593852400779724e-01,1.346196532249450684e-01,3.559453412890434265e-02,6.255543977022171021e-02,2.948491089046001434e-02,2.261017262935638428e-01,1.459341347217559814e-01,2.159246355295181274e-01,4.885515570640563965e-02,1.763205230236053467e-01,1.884697526693344116e-01,1.206094175577163696e-01,9.560561925172805786e-02,6.541568040847778320e-02,7.301189750432968140e-02,7.658080011606216431e-02,-1.674659317359328270e-03,2.639450132846832275e-02,5.407610535621643066e-02,1.314230263233184814e-01,1.472062468528747559e-01,1.565745919942855835e-01,1.599138677120208740e-01,9.969007223844528198e-02,-6.511451303958892822e-02,-1.674842648208141327e-02,-2.268069237470626831e-02
