1.000000119209289551e+00,5.272657871246337891e-01,5.878472328186035156e-01,5.083947181701660156e-01,4.003084599971771240e-01,2.046831697225570679e-01,7.072489857673645020e-01,4.383295476436614990e-01,3.939044177532196045e-01,2.070606946945190430e-01,6.035705208778381348e-01,4.767599701881408691e-01,7.038006186485290527e-01,4.013294875621795654e-01,4.763717949390411377e-01,2.495988160371780396e-01,4.442104399204254150e-01,3.550944030284881592e-01,7.432714104652404785e-01,7.058709859848022461e-01,2.251497060060501099e-01,2.028243541717529297e-01,5.309370756149291992e-01,4.754303693771362305e-01,2.742140293121337891e-01,1.370492726564407349e-01,1.789405792951583862e-01,3.469283506274223328e-02,3.595978319644927979e-01,1.698576062917709351e-01,5.663295984268188477e-01,3.837419748306274414e-01,6.816298961639404297e-01,5.228586196899414062e-01,2.736744582653045654e-01,2.739913463592529297e-01,2.352732717990875244e-01,1.931493729352951050e-01,1.334455907344818115e-01,9.294793754816055298e-02,4.835836291313171387e-01,3.456983268260955811e-01,6.287917494773864746e-01,6.434702873229980469e-01,6.184648275375366211e-01,6.052023172378540039e-01,6.471102833747863770e-01,6.525974273681640625e-01,6.423929929733276367e-01,5.365797281265258789e-01,6.937376856803894043e-01,5.348104238510131836e-01,6.262443661689758301e-01,2.622762322425842285e-01,5.081421732902526855e-01,2.237550765275955200e-01,8.176143169403076172e-01,4.547625780105590820e-01,7.240375876426696777e-01,5.596861243247985840e-01,7.303720712661743164e-01,3.308834135532379150e-01,6.754887104034423828e-01,2.374284267425537109e-01,3.361170887947082520e-01,2.019909024238586426e-01,6.279302835464477539e-01,6.507878303527832031e-01,6.925938129425048828e-01,7.351180315017700195e-01,2.806391417980194092e-01,2.692306637763977051e-01,4.647702574729919434e-01,4.412838816642761230e-01,4.508644342422485352e-01,2.628865838050842285e-01,6.099847555160522461e-01,5.554526448249816895e-01,2.520941197872161865e-01,3.306904435157775879e-01,5.021141171455383301e-01,3.557349741458892822e-01,3.303408855572342873e-03,1.812102943658828735e-01,6.286076307296752930e-01,5.778484344482421875e-01,1.918470859527587891e-01,2.899655997753143311e-01,5.375527143478393555e-01,1.210424527525901794e-01,5.121096372604370117e-01,2.504441440105438232e-01,3.181743323802947998e-01,2.069508433341979980e-01,-7.117023319005966187e-02,-6.719786673784255981e-02,4.829317927360534668e-01,3.513547778129577637e-01,5.616909265518188477e-01,3.629757165908813477e-01,1.888198107481002808e-01,3.851029276847839355e-01,2.394459396600723267e-01,3.714822828769683838e-01,2.442689239978790283e-01,2.624327838420867920e-01,4.379862546920776367e-02,-1.245266497135162354e-01,1.393157988786697388e-01,3.498051464557647705e-01,5.805951356887817383e-01,3.883471488952636719e-01,4.480926990509033203e-01,1.939571201801300049e-01,2.273147702217102051e-01,1.965287923812866211e-01
5.272657871246337891e-01,9.999999403953552246e-01,2.263426035642623901e-01,4.952801465988159180e-01,-4.262673482298851013e-02,2.349217236042022705e-01,2.695055305957794189e-01,6.814495325088500977e-01,9.442757070064544678e-02,2.618379294872283936e-01,2.438895553350448608e-01,6.403968334197998047e-01,2.421061843633651733e-01,5.503675937652587891e-01,6.339882314205169678e-02,4.574639499187469482e-01,4.572260975837707520e-01,6.808124184608459473e-01,5.813609957695007324e-01,6.586967706680297852e-01,4.609963507391512394e-04,1.375729739665985107e-01,3.396448194980621338e-01,3.394232988357543945e-01,4.799038916826248169e-02,1.884804219007492065e-01,-6.015795469284057617e-02,5.437359958887100220e-02,4.193463325500488281e-01,3.386889100074768066e-01,3.033283948898315430e-01,4.490270018577575684e-01,5.377933382987976074e-01,6.384808421134948730e-01,9.548024088144302368e-02,1.787915974855422974e-01,2.196001261472702026e-01,1.581908613443374634e-01,1.699983030557632446e-01,1.902190595865249634e-01,3.589457273483276367e-01,2.484427541494369507e-01,3.736048340797424316e-01,5.021288990974426270e-01,4.075885713100433350e-01,5.627662539482116699e-01,4.771803617477416992e-01,5.308678746223449707e-01,4.811759591102600098e-01,5.323272347450256348e-01,4.260487258434295654e-01,5.071738958358764648e-01,4.328930079936981201e-01,3.190790414810180664e-01,3.066592216491699219e-01,2.373830825090408325e-01,5.602409243583679199e-01,7.919836044311523438e-01,5.600441694259643555e-01,6.832448244094848633e-01,4.082226157188415527e-01,6.125677227973937988e-01,4.666008949279785156e-01,6.618520617485046387e-01,-7.757030427455902100e-02,2.804823815822601318e-01,3.933497071266174316e-01,5.017245411872863770e-01,5.847845673561096191e-01,6.937077641487121582e-01,2.800217568874359131e-01,4.204531908035278320e-01,4.348426461219787598e-01,4.456624388694763184e-01,3.705783784389495850e-01,3.345945179462432861e-01,4.731010198593139648e-01,5.508460998535156250e-01,2.822445034980773926e-01,4.901175796985626221e-01,4.535710215568542480e-01,6.549198031425476074e-01,4.212146252393722534e-02,3.589955568313598633e-01,2.855225503444671631e-01,5.672155618667602539e-01,1.514105349779129028e-01,2.587633132934570312e-01,1.922350674867630005e-01,2.928768694400787354e-01,4.141346514225006104e-01,1.175239458680152893e-01,3.140684366226196289e-01,1.859176754951477051e-01,4.156031087040901184e-02,4.002502188086509705e-02,3.760585486888885498e-01,3.076507747173309326e-01,4.545463323593139648e-01,3.156014680862426758e-01,2.040460258722305298e-01,2.044670581817626953e-01,2.805580794811248779e-01,3.009282946586608887e-01,2.028281390666961670e-01,1.796241104602813721e-01,1.876977682113647461e-01,-4.959914833307266235e-02,1.910250782966613770e-01,2.712196409702301025e-01,4.626329541206359863e-01,4.004215002059936523e-01,3.884939253330230713e-01,2.613303363323211670e-01,3.094034492969512939e-01,1.769708991050720215e-01
5.878472328186035156e-01,2.263426035642623901e-01,1.000000119209289551e+00,6.437895298004150391e-01,3.369957506656646729e-01,-5.892146006226539612e-02,7.639225721359252930e-01,2.761410474777221680e-01,2.598114907741546631e-01,-1.826325356960296631e-01,5.729997754096984863e-01,2.274499684572219849e-01,5.174821019172668457e-01,1.546442061662673950e-01,3.874721825122833252e-01,6.413330137729644775e-02,2.949718832969665527e-01,4.585934430360794067e-02,6.246998906135559082e-01,5.553454756736755371e-01,1.545995175838470459e-01,9.467545896768569946e-02,8.037772774696350098e-01,7.296459078788757324e-01,5.544275045394897461e-01,1.200383082032203674e-01,3.216704428195953369e-01,-4.400826990604400635e-02,2.164771854877471924e-01,3.258115248172543943e-05,5.843809843063354492e-01,4.808933138847351074e-01,5.462242960929870605e-01,3.611526787281036377e-01,5.448899865150451660e-01,4.175740778446197510e-01,3.242059051990509033e-01,1.067069545388221741e-01,2.522675096988677979e-01,1.427049040794372559e-01,3.899089395999908447e-01,2.926053702831268311e-01,5.720152258872985840e-01,5.454882383346557617e-01,5.133216381072998047e-01,4.486470222473144531e-01,4.155865013599395752e-01,4.401041269302368164e-01,4.470378160476684570e-01,3.658768832683563232e-01,6.455425024032592773e-01,4.069261252880096436e-01,3.268647193908691406e-01,1.780143082141876221e-01,4.575424790382385254e-01,1.586076319217681885e-01,4.858667552471160889e-01,1.964595019817352295e-01,4.167553484439849854e-01,2.130986303091049194e-01,4.659076929092407227e-01,4.284662753343582153e-02,3.769935965538024902e-01,-8.132798224687576294e-02,6.607884764671325684e-01,3.271159529685974121e-01,6.853596568107604980e-01,5.448188781738281250e-01,4.449133574962615967e-01,3.787446618080139160e-01,1.537496447563171387e-01,1.889820992946624756e-01,4.609045386314392090e-01,4.507159590721130371e-01,3.443719744682312012e-01,2.790733277797698975e-01,5.673879981040954590e-01,4.904440343379974365e-01,2.210741490125656128e-01,2.002097666263580322e-01,2.545650303363800049e-01,1.786660999059677124e-01,3.135656472295522690e-03,7.427742332220077515e-02,6.925613880157470703e-01,4.740509092807769775e-01,3.566786348819732666e-01,3.352935314178466797e-01,6.062721014022827148e-01,1.424007564783096313e-01,3.154851794242858887e-01,1.736304014921188354e-01,3.923969268798828125e-01,4.316012263298034668e-01,-9.796942770481109619e-02,-9.211671352386474609e-02,2.652732431888580322e-01,1.615268737077713013e-01,2.461394369602203369e-01,1.694088429212570190e-01,2.414328306913375854e-01,5.391707420349121094e-01,3.129060864448547363e-01,4.622362256050109863e-01,3.428139984607696533e-01,3.895972967147827148e-01,1.974844038486480713e-01,7.603431493043899536e-02,3.546943143010139465e-02,2.728227972984313965e-01,4.313162267208099365e-01,2.352918684482574463e-01,3.271927833557128906e-01,2.628546357154846191e-01,3.060234189033508301e-01,2.612307667732238770e-01
5.083947181701660156e-01,4.952801465988159180e-01,6.437895298004150391e-01,9.999999403953552246e-01,9.162084013223648071e-02,1.536166220903396606e-01,5.963912010192871094e-01,6.833056807518005371e-01,1.164423972368240356e-01,9.407120943069458008e-02,4.259462356567382812e-01,4.796807467937469482e-01,3.445705473423004150e-01,4.506478607654571533e-01,1.470278054475784302e-01,3.530485332012176514e-01,3.273785114288330078e-01,3.033492565155029297e-01,6.454451084136962891e-01,6.903557181358337402e-01,8.030286431312561035e-02,2.297786325216293335e-01,6.802557706832885742e-01,7.711036205291748047e-01,3.257044255733489990e-01,1.900821328163146973e-01,7.138723134994506836e-02,-1.241850294172763824e-02,3.083857297897338867e-01,1.434072703123092651e-01,5.072805285453796387e-01,5.900665521621704102e-01,5.509906411170959473e-01,5.287868380546569824e-01,3.928967416286468506e-01,3.677656054496765137e-01,2.829712331295013428e-01,1.217952892184257507e-01,2.278524339199066162e-01,1.998068243265151978e-01,3.588699698448181152e-01,2.794265151023864746e-01,5.178374052047729492e-01,5.536031126976013184e-01,5.178036689758300781e-01,5.862469673156738281e-01,4.337839782238006592e-01,4.918830394744873047e-01,4.736002981662750244e-01,4.637066721916198730e-01,5.718367695808410645e-01,5.130737423896789551e-01,3.286488056182861328e-01,2.441964894533157349e-01,4.023903310298919678e-01,2.139856666326522827e-01,4.992885291576385498e-01,3.895980715751647949e-01,4.805083870887756348e-01,4.573648869991302490e-01,4.176816046237945557e-01,4.104095399379730225e-01,3.961931467056274414e-01,3.472165763378143311e-01,4.038493931293487549e-01,5.363200306892395020e-01,5.997966527938842773e-01,6.258894801139831543e-01,5.087194442749023438e-01,4.831824898719787598e-01,2.533792555332183838e-01,2.926148474216461182e-01,4.641464352607727051e-01,4.504674077033996582e-01,2.911460399627685547e-01,2.731241881847381592e-01,5.178403258323669434e-01,5.545240044593811035e-01,2.768400609493255615e-01,3.162454664707183838e-01,3.215912580490112305e-01,3.973212242126464844e-01,8.131910581141710281e-04,2.572567462921142578e-01,5.425047874450683594e-01,6.534652113914489746e-01,3.110770285129547119e-01,3.538532853126525879e-01,3.927341401576995850e-01,3.202856481075286865e-01,3.783828020095825195e-01,1.271419376134872437e-01,4.692313671112060547e-01,4.115076661109924316e-01,-2.638591267168521881e-02,-7.110404968261718750e-02,2.880995273590087891e-01,2.120820283889770508e-01,3.012177348136901855e-01,1.650608628988265991e-01,3.306260704994201660e-01,5.043658614158630371e-01,3.743356466293334961e-01,4.773042798042297363e-01,3.484814167022705078e-01,3.474803566932678223e-01,2.221458256244659424e-01,5.617078393697738647e-02,1.053592711687088013e-01,3.262202143669128418e-01,4.489261209964752197e-01,2.593674659729003906e-01,3.430612981319427490e-01,2.396939247846603394e-01,3.062758445739746094e-01,2.685593068599700928e-01
4.003084599971771240e-01,-4.262673482298851013e-02,3.369957506656646729e-01,9.162084013223648071e-02,9.999999403953552246e-01,4.315311312675476074e-01,3.670940399169921875e-01,-9.917917102575302124e-02,6.170176863670349121e-01,2.973076999187469482e-01,3.602136373519897461e-01,-3.398736193776130676e-02,4.213101267814636230e-01,1.366545073688030243e-02,6.952502131462097168e-01,8.295204490423202515e-02,1.614830046892166138e-01,-4.675622284412384033e-02,3.089215755462646484e-01,1.653630584478378296e-01,3.477058112621307373e-01,2.593010962009429932e-01,3.657607138156890869e-01,2.027934640645980835e-01,3.837039470672607422e-01,2.979108691215515137e-01,5.419954657554626465e-01,3.407487273216247559e-01,6.703748553991317749e-02,-1.261718869209289551e-01,4.181303083896636963e-01,1.284204274415969849e-01,3.446466624736785889e-01,1.466225981712341309e-01,2.302067726850509644e-01,1.027163192629814148e-01,8.143625408411026001e-02,5.347781255841255188e-02,-1.624453626573085785e-02,3.522842749953269958e-02,2.671040594577789307e-01,8.077475428581237793e-02,2.483355402946472168e-01,2.137754112482070923e-01,2.212136536836624146e-01,1.233304366469383240e-01,2.224698364734649658e-01,2.152868658304214478e-01,1.844582408666610718e-01,3.803348913788795471e-02,2.818504571914672852e-01,4.671768099069595337e-02,1.756209731101989746e-01,4.402222484350204468e-02,1.781501770019531250e-01,1.349605023860931396e-01,2.908669710159301758e-01,-5.331290140748023987e-02,1.636929661035537720e-01,-1.593077369034290314e-02,3.236891627311706543e-01,-7.115583121776580811e-02,2.336824834346771240e-01,-1.930161714553833008e-01,3.831435143947601318e-01,1.323083490133285522e-01,3.335644602775573730e-01,2.927027642726898193e-01,1.905463486909866333e-01,2.279603034257888794e-01,2.667062580585479736e-01,1.448748409748077393e-01,2.200104296207427979e-01,1.635301411151885986e-01,2.480922490358352661e-01,1.658447086811065674e-01,3.071618676185607910e-01,2.052975445985794067e-01,6.911133229732513428e-02,1.371185034513473511e-01,2.042823880910873413e-01,2.282143756747245789e-02,7.441290467977523804e-02,-1.634935438632965088e-01,4.225833117961883545e-01,1.621777415275573730e-01,1.216487586498260498e-01,1.059372797608375549e-01,3.697375655174255371e-01,5.601946637034416199e-02,2.945425510406494141e-01,2.010284513235092163e-01,1.707207709550857544e-01,6.596384942531585693e-02,-6.004919111728668213e-02,-2.967726625502109528e-02,2.241167277097702026e-01,2.220653295516967773e-01,2.831868529319763184e-01,2.389967590570449829e-01,6.674424558877944946e-02,1.390811502933502197e-01,4.828182980418205261e-02,9.818943589925765991e-02,7.763631641864776611e-02,1.668530553579330444e-01,-1.395097374916076660e-01,-8.276233822107315063e-02,1.307360678911209106e-01,1.427897065877914429e-01,2.910135686397552490e-01,1.969777047634124756e-01,1.372700035572052002e-01,8.441445417702198029e-03,7.139732688665390015e-02,1.060714200139045715e-01
2.046831697225570679e-01,2.349217236042022705e-01,-5.892146006226539612e-02,1.536166220903396606e-01,4.315311312675476074e-01,9.999999403953552246e-01,5.822581239044666290e-03,2.758055031299591064e-01,4.371230602264404297e-01,6.832838058471679688e-01,1.142823547124862671e-01,1.985086500644683838e-01,1.334140151739120483e-01,3.489384055137634277e-01,3.474257886409759521e-01,4.934131503105163574e-01,1.752841621637344360e-01,3.030972778797149658e-01,2.425590008497238159e-01,2.079333513975143433e-01,2.005646973848342896e-01,2.121152281761169434e-01,8.651955425739288330e-02,8.053563535213470459e-02,-5.241077020764350891e-02,3.229706585407257080e-01,1.573115587234497070e-01,4.837283194065093994e-01,9.937113523483276367e-02,2.975568734109401703e-02,1.542668640613555908e-01,1.888994425535202026e-01,2.729742527008056641e-01,3.279618024826049805e-01,-4.160705581307411194e-02,7.679244503378868103e-03,7.527391426265239716e-03,-3.603972867131233215e-02,-5.357982218265533447e-02,1.146052032709121704e-01,1.794938147068023682e-01,8.573714643716812134e-02,6.983395665884017944e-02,1.481075137853622437e-01,9.782776981592178345e-02,1.867559403181076050e-01,2.213269621133804321e-01,2.759523391723632812e-01,1.469919383525848389e-01,9.174293279647827148e-02,9.025242924690246582e-02,6.544810533523559570e-02,6.650552898645401001e-02,1.056984737515449524e-01,8.745184540748596191e-02,2.058107852935791016e-01,1.711412519216537476e-01,2.189523875713348389e-01,1.862313300371170044e-01,2.187620997428894043e-01,2.013616412878036499e-01,2.952130138874053955e-01,2.205220758914947510e-01,2.719347476959228516e-01,-1.232791393995285034e-01,1.296392381191253662e-01,1.265333145856857300e-01,2.774438858032226562e-01,1.805398017168045044e-01,3.130917251110076904e-01,3.489673435688018799e-01,2.619622349739074707e-01,1.656596511602401733e-01,1.530980318784713745e-01,7.949772477149963379e-02,1.725055277347564697e-01,2.048200070858001709e-01,1.816425621509552002e-01,4.006449505686759949e-02,2.164277583360671997e-01,2.231235057115554810e-01,2.543863356113433838e-01,5.845991149544715881e-02,1.177304610610008240e-01,9.539171308279037476e-02,2.395562082529067993e-01,1.084448322653770447e-01,7.999336719512939453e-02,9.462826699018478394e-02,2.755193114280700684e-01,3.337589204311370850e-01,1.511064618825912476e-01,1.493519097566604614e-01,2.432532608509063721e-02,5.524053238332271576e-03,4.331243410706520081e-02,2.640951573848724365e-01,2.925828695297241211e-01,3.005728721618652344e-01,2.434352636337280273e-01,1.023221537470817566e-01,9.970290958881378174e-02,9.668857604265213013e-02,1.135321334004402161e-01,5.961419269442558289e-02,1.044561564922332764e-01,-7.760197669267654419e-02,-1.270624101161956787e-01,1.172753870487213135e-01,1.590730845928192139e-01,2.778386473655700684e-01,1.661514937877655029e-01,7.501150667667388916e-02,-1.064329221844673157e-02,6.723310053348541260e-02,5.434291809797286987e-02
7.072489857673645020e-01,2.695055305957794189e-01,7.639225721359252930e-01,5.963912010192871094e-01,3.670940399169921875e-01,5.822581239044666290e-03,9.999999403953552246e-01,3.773134052753448486e-01,3.187440037727355957e-01,-8.489778265357017517e-04,5.923037528991699219e-01,2.798727452754974365e-01,7.081884145736694336e-01,1.968639343976974487e-01,3.571537733078002930e-01,3.381011541932821274e-03,3.470655977725982666e-01,8.369201421737670898e-02,6.474977135658264160e-01,6.089577078819274902e-01,1.972225457429885864e-01,1.036303564906120300e-01,6.418969035148620605e-01,6.186144948005676270e-01,3.250800371170043945e-01,-6.961613148450851440e-02,2.077152281999588013e-01,-1.200269088149070740e-01,2.940562367439270020e-01,2.624164894223213196e-02,5.683154463768005371e-01,3.657189905643463135e-01,5.606685280799865723e-01,3.796785771846771240e-01,4.859201908111572266e-01,4.083590507507324219e-01,3.028785586357116699e-01,1.383344531059265137e-01,1.961949765682220459e-01,7.964715361595153809e-02,3.817112147808074951e-01,3.236012160778045654e-01,6.147627234458923340e-01,5.586047172546386719e-01,5.582908391952514648e-01,4.967357516288757324e-01,4.747835099697113037e-01,4.744853973388671875e-01,5.067439079284667969e-01,4.041866958141326904e-01,6.710646748542785645e-01,5.162613391876220703e-01,4.166519343852996826e-01,2.066656053066253662e-01,4.554848372936248779e-01,1.623504012823104858e-01,6.059098243713378906e-01,2.152691632509231567e-01,5.431593060493469238e-01,3.586555421352386475e-01,6.464578509330749512e-01,1.933098733425140381e-01,5.678675770759582520e-01,4.956149309873580933e-02,5.613232254981994629e-01,2.993294298648834229e-01,6.964620947837829590e-01,6.314832568168640137e-01,5.304793119430541992e-01,4.802321791648864746e-01,1.366302669048309326e-01,9.585097432136535645e-02,4.434904158115386963e-01,4.276626110076904297e-01,3.684006035327911377e-01,2.619537115097045898e-01,5.750281214714050293e-01,4.905439615249633789e-01,1.860032081604003906e-01,1.616493463516235352e-01,3.417979180812835693e-01,1.557002663612365723e-01,-7.350093126296997070e-02,-1.195417344570159912e-02,6.439927220344543457e-01,4.636465609073638916e-01,2.129525542259216309e-01,2.932828962802886963e-01,5.682672262191772461e-01,1.151767745614051819e-01,3.429063260555267334e-01,2.001018524169921875e-01,3.297549188137054443e-01,2.956170141696929932e-01,-1.626485288143157959e-01,-1.564240902662277222e-01,2.418757379055023193e-01,1.863111555576324463e-01,3.135208487510681152e-01,2.156103551387786865e-01,1.970082521438598633e-01,4.661380052566528320e-01,2.424932867288589478e-01,3.931706249713897705e-01,2.876570224761962891e-01,2.973685860633850098e-01,1.545339375734329224e-01,-3.364944085478782654e-02,4.663763195276260376e-02,2.549539506435394287e-01,4.279125034809112549e-01,2.337113618850708008e-01,3.456195890903472900e-01,2.082567662000656128e-01,2.895856797695159912e-01,2.099224776029586792e-01
4.383295476436614990e-01,6.814495325088500977e-01,2.761410474777221680e-01,6.833056807518005371e-01,-9.917917102575302124e-02,2.758055031299591064e-01,3.773134052753448486e-01,1.000000238418579102e+00,9.887865185737609863e-02,3.331614434719085693e-01,2.011699229478836060e-01,6.426991820335388184e-01,2.005650997161865234e-01,6.252018809318542480e-01,-5.733422935009002686e-02,4.508119523525238037e-01,3.303082585334777832e-01,5.494324564933776855e-01,5.544872879981994629e-01,6.554905176162719727e-01,4.074064642190933228e-02,1.242703050374984741e-01,3.820781409740447998e-01,4.663826823234558105e-01,-3.372942283749580383e-02,1.031359732151031494e-01,-1.655452996492385864e-01,2.069585397839546204e-02,3.105220198631286621e-01,1.823182702064514160e-01,2.518978118896484375e-01,3.989508450031280518e-01,4.702190160751342773e-01,5.942001342773437500e-01,2.153187841176986694e-01,2.702980041503906250e-01,1.875616163015365601e-01,1.600156128406524658e-01,1.193203404545783997e-01,2.328367978334426880e-01,3.248853683471679688e-01,2.593284845352172852e-01,3.931950032711029053e-01,4.892996847629547119e-01,4.001624584197998047e-01,5.680142045021057129e-01,4.300786554813385010e-01,4.921271800994873047e-01,4.265859127044677734e-01,4.783448278903961182e-01,4.354675412178039551e-01,5.742526054382324219e-01,2.680735886096954346e-01,2.963150441646575928e-01,2.652979195117950439e-01,2.805911004543304443e-01,4.026491641998291016e-01,6.038359999656677246e-01,4.867171645164489746e-01,6.438239812850952148e-01,3.937174975872039795e-01,6.901656985282897949e-01,4.328887164592742920e-01,6.977444291114807129e-01,5.384049937129020691e-02,4.558375775814056396e-01,4.486874938011169434e-01,6.159029006958007812e-01,4.852081537246704102e-01,5.398134589195251465e-01,1.769066900014877319e-01,2.397598028182983398e-01,3.585877716541290283e-01,3.911966979503631592e-01,2.896471023559570312e-01,2.490288913249969482e-01,4.741608500480651855e-01,5.633204579353332520e-01,1.735872179269790649e-01,2.891132533550262451e-01,2.931422293186187744e-01,4.839569628238677979e-01,-9.950838983058929443e-02,2.593658566474914551e-01,2.361917197704315186e-01,6.070419549942016602e-01,1.489396393299102783e-01,3.110868036746978760e-01,1.955995261669158936e-01,4.430788457393646240e-01,4.124737083911895752e-01,2.220437228679656982e-01,3.735342621803283691e-01,3.294933736324310303e-01,-6.242237612605094910e-02,-2.958649396896362305e-02,3.226495981216430664e-01,2.885020375251770020e-01,3.768144249916076660e-01,2.981989085674285889e-01,2.083336263895034790e-01,3.168392181396484375e-01,2.837965786457061768e-01,3.673356175422668457e-01,2.428805083036422729e-01,2.013553380966186523e-01,2.678934335708618164e-01,1.844299025833606720e-02,7.697346806526184082e-02,3.244047760963439941e-01,4.555665850639343262e-01,3.048146367073059082e-01,3.624739348888397217e-01,2.356876283884048462e-01,3.283879458904266357e-01,2.145067155361175537e-01
3.939044177532196045e-01,9.442757070064544678e-02,2.598114907741546631e-01,1.164423972368240356e-01,6.170176863670349121e-01,4.371230602264404297e-01,3.187440037727355957e-01,9.887865185737609863e-02,1.000000000000000000e+00,3.568400144577026367e-01,3.244192600250244141e-01,1.190984472632408142e-01,3.665807545185089111e-01,1.789911240339279175e-01,5.350959300994873047e-01,1.437411606311798096e-01,1.435646265745162964e-01,6.027372553944587708e-02,3.066559135913848877e-01,2.146917432546615601e-01,2.513603866100311279e-01,1.944662183523178101e-01,2.792010307312011719e-01,1.953287422657012939e-01,2.098772078752517700e-01,2.182062119245529175e-01,3.162931203842163086e-01,2.969271242618560791e-01,5.435344204306602478e-02,-8.907959610223770142e-02,2.520998418331146240e-01,1.014899611473083496e-01,3.639610409736633301e-01,2.046349942684173584e-01,7.859999686479568481e-02,4.778990522027015686e-02,2.792059816420078278e-02,5.801173299551010132e-02,-9.612233936786651611e-02,3.460817039012908936e-02,1.656772047281265259e-01,1.058896258473396301e-01,1.743156462907791138e-01,1.755369007587432861e-01,1.758940815925598145e-01,1.323799490928649902e-01,2.312509864568710327e-01,2.126037329435348511e-01,1.279663145542144775e-01,1.944061741232872009e-02,2.330898493528366089e-01,5.508798360824584961e-02,1.698058992624282837e-01,9.310463815927505493e-02,1.344595849514007568e-01,1.427086591720581055e-01,2.810775637626647949e-01,3.517515957355499268e-02,2.064782381057739258e-01,8.543787896633148193e-02,3.561229109764099121e-01,6.303343921899795532e-02,2.389603108167648315e-01,-3.738686442375183105e-02,1.977750658988952637e-01,1.065845489501953125e-01,2.687562108039855957e-01,2.968568503856658936e-01,2.294340729713439941e-01,2.454466223716735840e-01,2.965821623802185059e-01,1.911131143569946289e-01,1.653587520122528076e-01,1.809993088245391846e-01,1.867583096027374268e-01,2.079003453254699707e-01,3.117362260818481445e-01,2.566452622413635254e-01,-6.637790938839316368e-04,5.963982641696929932e-02,2.056520283222198486e-01,5.664225295186042786e-02,3.567433357238769531e-02,-7.088877260684967041e-02,3.187244236469268799e-01,1.849980950355529785e-01,3.648483008146286011e-02,1.221964359283447266e-01,2.972485423088073730e-01,1.086368411779403687e-01,3.364200294017791748e-01,2.662995457649230957e-01,1.935895830392837524e-01,1.227926909923553467e-01,-6.165359169244766235e-02,4.020073637366294861e-02,2.002391964197158813e-01,2.533686161041259766e-01,3.092722892761230469e-01,2.764448821544647217e-01,1.204937249422073364e-01,1.626173257827758789e-01,1.267904937267303467e-01,1.777925938367843628e-01,1.422802358865737915e-01,2.034594416618347168e-01,-8.010197430849075317e-02,-1.284465193748474121e-01,1.429801583290100098e-01,2.122157067060470581e-01,3.014764487743377686e-01,2.264902889728546143e-01,1.898955553770065308e-01,1.421190798282623291e-01,1.731300354003906250e-01,1.771138608455657959e-01
2.070606946945190430e-01,2.618379294872283936e-01,-1.826325356960296631e-01,9.407120943069458008e-02,2.973076999187469482e-01,6.832838058471679688e-01,-8.489778265357017517e-04,3.331614434719085693e-01,3.568400144577026367e-01,1.000000357627868652e+00,6.743957102298736572e-02,3.316142261028289795e-01,1.788911819458007812e-01,4.369949102401733398e-01,2.591505944728851318e-01,4.709478616714477539e-01,1.326792091131210327e-01,2.838970422744750977e-01,1.261736452579498291e-01,1.925983726978302002e-01,1.331689506769180298e-01,2.425931245088577271e-01,-1.240479107946157455e-02,3.495217859745025635e-02,-2.038530260324478149e-01,1.961648762226104736e-01,2.885395288467407227e-02,3.370662927627563477e-01,1.069541499018669128e-01,3.300122544169425964e-02,2.977176569402217865e-02,5.164710804820060730e-02,1.390521675348281860e-01,2.416913807392120361e-01,-9.355812519788742065e-02,-2.548803016543388367e-02,-4.886191338300704956e-02,3.458759561181068420e-02,-1.087998375296592712e-01,1.800359040498733521e-02,1.522978395223617554e-01,3.215639665722846985e-02,5.268809571862220764e-02,1.525104492902755737e-01,8.638494461774826050e-02,1.975781172513961792e-01,1.776469498872756958e-01,2.477254718542098999e-01,1.747762113809585571e-01,1.859824359416961670e-01,9.707925468683242798e-02,1.904009580612182617e-01,9.586945921182632446e-02,1.609063744544982910e-01,2.767807617783546448e-02,2.196350395679473877e-01,1.508926153182983398e-01,2.397493720054626465e-01,2.244684249162673950e-01,3.589729070663452148e-01,2.357567995786666870e-01,4.145734608173370361e-01,2.863817214965820312e-01,3.904309570789337158e-01,-2.085311859846115112e-01,1.384080350399017334e-01,5.058706551790237427e-02,2.560607790946960449e-01,2.145920544862747192e-01,3.488455116748809814e-01,2.057759314775466919e-01,1.109628155827522278e-01,1.270597726106643677e-01,1.171138137578964233e-01,8.539126813411712646e-02,3.895058482885360718e-02,1.635278612375259399e-01,1.772147119045257568e-01,3.739998489618301392e-02,1.270188540220260620e-01,1.966662853956222534e-01,2.328313440084457397e-01,-4.723289608955383301e-02,6.379384081810712814e-03,2.217848598957061768e-02,2.759272456169128418e-01,1.205098815262317657e-02,8.324420452117919922e-02,1.963568665087223053e-02,2.721700966358184814e-01,3.603087365627288818e-01,2.232508063316345215e-01,1.436848789453506470e-01,-3.883252292871475220e-02,-5.462367087602615356e-02,-1.331355608999729156e-02,2.095869183540344238e-01,2.439012527465820312e-01,3.106593787670135498e-01,3.172270655632019043e-01,-8.349076961167156696e-04,-1.229660399258136749e-02,-1.299212314188480377e-02,2.695064991712570190e-02,9.452399797737598419e-03,1.585929095745086670e-02,-1.555084716528654099e-02,-1.823478043079376221e-01,1.908529698848724365e-01,1.983305513858795166e-01,2.809319198131561279e-01,2.026944607496261597e-01,3.453392907977104187e-02,-2.537261135876178741e-02,1.126609146595001221e-01,7.642843574285507202e-02
6.035705208778381348e-01,2.438895553350448608e-01,5.729997754096984863e-01,4.259462356567382812e-01,3.602136373519897461e-01,1.142823547124862671e-01,5.923037528991699219e-01,2.011699229478836060e-01,3.244192600250244141e-01,6.743957102298736572e-02,1.000000119209289551e+00,3.805257678031921387e-01,7.153335809707641602e-01,3.666110634803771973e-01,4.275217652320861816e-01,2.573715448379516602e-01,4.954794943332672119e-01,2.192150503396987915e-01,5.492259263992309570e-01,5.080332159996032715e-01,1.475228071212768555e-01,1.133531406521797180e-01,5.173354744911193848e-01,4.940868318080902100e-01,3.049486577510833740e-01,5.286822840571403503e-02,1.031154617667198181e-01,-5.302462726831436157e-02,4.539314210414886475e-01,2.309296280145645142e-01,6.130534410476684570e-01,4.598358869552612305e-01,5.527821183204650879e-01,3.923265933990478516e-01,4.363442361354827881e-01,3.690783977508544922e-01,2.336457073688507080e-01,1.738585829734802246e-01,2.241454422473907471e-01,1.310764849185943604e-01,4.589006304740905762e-01,3.313111662864685059e-01,5.328937172889709473e-01,5.035908818244934082e-01,5.138465762138366699e-01,4.551802277565002441e-01,4.998754858970642090e-01,5.104037523269653320e-01,4.312179684638977051e-01,3.520147800445556641e-01,5.786690115928649902e-01,3.608917593955993652e-01,4.434991478919982910e-01,2.352987229824066162e-01,4.254386425018310547e-01,1.330254822969436646e-01,5.472066998481750488e-01,2.300376296043395996e-01,3.970293998718261719e-01,1.921110749244689941e-01,4.928189218044281006e-01,9.732786566019058228e-02,5.202301740646362305e-01,6.660596281290054321e-02,4.059801995754241943e-01,1.924346387386322021e-01,5.775289535522460938e-01,4.663279056549072266e-01,5.509690046310424805e-01,4.454555213451385498e-01,2.922173142433166504e-01,2.869998812675476074e-01,5.281035304069519043e-01,4.563836455345153809e-01,3.890704214572906494e-01,2.878325283527374268e-01,5.691725015640258789e-01,4.944426119327545166e-01,3.028414547443389893e-01,3.264213800430297852e-01,4.421846568584442139e-01,3.131998479366302490e-01,1.137024089694023132e-01,1.779069900512695312e-01,6.875546574592590332e-01,5.047308802604675293e-01,2.726666927337646484e-01,2.383903115987777710e-01,4.742259681224822998e-01,8.943599462509155273e-02,4.156240224838256836e-01,2.003456354141235352e-01,3.131387829780578613e-01,2.400007545948028564e-01,-4.109947755932807922e-02,-6.461244076490402222e-02,3.666604161262512207e-01,2.501832842826843262e-01,3.324505686759948730e-01,2.412062883377075195e-01,2.093050032854080200e-01,4.282987415790557861e-01,3.254352211952209473e-01,4.472588300704956055e-01,3.285797834396362305e-01,3.526303768157958984e-01,1.037011668086051941e-01,-1.273654103279113770e-01,3.079582192003726959e-02,3.728698194026947021e-01,4.346335530281066895e-01,2.720130681991577148e-01,2.851017415523529053e-01,2.002600878477096558e-01,2.296119481325149536e-01,9.452349692583084106e-02
4.767599701881408691e-01,6.403968334197998047e-01,2.274499684572219849e-01,4.796807467937469482e-01,-3.398736193776130676e-02,1.985086500644683838e-01,2.798727452754974365e-01,6.426991820335388184e-01,1.190984472632408142e-01,3.316142261028289795e-01,3.805257678031921387e-01,1.000000119209289551e+00,3.291065096855163574e-01,7.459070682525634766e-01,1.143390685319900513e-01,5.518026351928710938e-01,4.814192652702331543e-01,5.774903297424316406e-01,5.242455601692199707e-01,6.336807608604431152e-01,9.012237936258316040e-02,1.549114286899566650e-01,3.339769542217254639e-01,3.685087859630584717e-01,4.508753120899200439e-02,1.479237228631973267e-01,-1.249949336051940918e-01,5.534802377223968506e-02,4.359584450721740723e-01,4.122706651687622070e-01,3.600994348526000977e-01,4.029688537120819092e-01,4.660436511039733887e-01,5.615895390510559082e-01,2.131025344133377075e-01,2.375875115394592285e-01,1.768641471862792969e-01,1.944580674171447754e-01,2.221701145172119141e-01,1.720064729452133179e-01,3.845821022987365723e-01,2.737629711627960205e-01,3.315796554088592529e-01,4.430555999279022217e-01,3.915110826492309570e-01,5.159917473793029785e-01,4.495882391929626465e-01,5.110509395599365234e-01,4.505881667137145996e-01,4.453254640102386475e-01,4.311833083629608154e-01,5.136856436729431152e-01,4.100042283535003662e-01,3.172773122787475586e-01,3.161785602569580078e-01,2.278342694044113159e-01,4.499792158603668213e-01,5.676975250244140625e-01,4.643769562244415283e-01,5.869132280349731445e-01,4.143093824386596680e-01,5.889666080474853516e-01,4.450769722461700439e-01,6.224792599678039551e-01,7.951144874095916748e-02,3.798653781414031982e-01,3.913276493549346924e-01,5.116701126098632812e-01,4.755422174930572510e-01,5.764379501342773438e-01,1.807226538658142090e-01,2.289477884769439697e-01,3.721332848072052002e-01,3.831207752227783203e-01,3.197276294231414795e-01,2.821303009986877441e-01,4.702084958553314209e-01,5.497882366180419922e-01,3.104625046253204346e-01,3.913628160953521729e-01,3.740937709808349609e-01,5.561415553092956543e-01,2.921194024384021759e-02,3.544841408729553223e-01,3.208289742469787598e-01,6.367626190185546875e-01,1.672079712152481079e-01,3.360410928726196289e-01,1.991782039403915405e-01,3.525796234607696533e-01,3.995765447616577148e-01,1.773874759674072266e-01,2.744873464107513428e-01,2.081308513879776001e-01,4.587343335151672363e-02,6.390075385570526123e-02,3.970430791378021240e-01,3.008515834808349609e-01,3.913100659847259521e-01,2.719484865665435791e-01,1.165031418204307556e-01,2.138535529375076294e-01,1.961653828620910645e-01,2.889432311058044434e-01,2.001783251762390137e-01,1.874343454837799072e-01,2.031212300062179565e-01,-7.261706143617630005e-02,2.414014041423797607e-01,3.774649202823638916e-01,4.696360528469085693e-01,2.941195666790008545e-01,2.338111847639083862e-01,1.083653792738914490e-01,2.275381982326507568e-01,1.034514755010604858e-01
7.038006186485290527e-01,2.421061843633651733e-01,5.174821019172668457e-01,3.445705473423004150e-01,4.213101267814636230e-01,1.334140151739120483e-01,7.081884145736694336e-01,2.005650997161865234e-01,3.665807545185089111e-01,1.788911819458007812e-01,7.153335809707641602e-01,3.291065096855163574e-01,1.000000119209289551e+00,3.267112970352172852e-01,5.103988051414489746e-01,1.316223889589309692e-01,4.256379008293151855e-01,1.826588958501815796e-01,5.465104579925537109e-01,5.131860375404357910e-01,2.093484997749328613e-01,1.198732182383537292e-01,4.528012871742248535e-01,4.273566305637359619e-01,2.104158401489257812e-01,-4.894284904003143311e-02,1.530986875295639038e-01,-9.155189990997314453e-02,3.662382960319519043e-01,1.509923636913299561e-01,5.643041729927062988e-01,3.084653019905090332e-01,5.396420359611511230e-01,3.524169623851776123e-01,2.942433059215545654e-01,2.859519124031066895e-01,2.730916142463684082e-01,1.804663091897964478e-01,1.626252830028533936e-01,8.899414911866188049e-03,4.586758613586425781e-01,3.700710237026214600e-01,6.317551136016845703e-01,5.703127384185791016e-01,5.815013051033020020e-01,4.933422803878784180e-01,5.939608216285705566e-01,5.891563892364501953e-01,5.623263716697692871e-01,4.449140727519989014e-01,6.500028967857360840e-01,4.668454527854919434e-01,5.621247291564941406e-01,2.537993490695953369e-01,4.825045466423034668e-01,1.102578043937683105e-01,6.176967620849609375e-01,1.781134605407714844e-01,5.799688100814819336e-01,3.533846139907836914e-01,6.920142173767089844e-01,1.333472281694412231e-01,6.453920602798461914e-01,6.406511366367340088e-02,3.474569022655487061e-01,1.310543864965438843e-01,5.636793375015258789e-01,5.055662393569946289e-01,6.047587394714355469e-01,5.261886119842529297e-01,2.294941693544387817e-01,1.346988379955291748e-01,4.263837933540344238e-01,4.346687197685241699e-01,3.520393073558807373e-01,2.349081784486770630e-01,5.363095998764038086e-01,4.455152153968811035e-01,2.102240324020385742e-01,2.724097967147827148e-01,4.659963548183441162e-01,2.313397526741027832e-01,8.365472406148910522e-02,9.277379512786865234e-02,6.403653025627136230e-01,4.726917147636413574e-01,1.853273659944534302e-01,2.276997715234756470e-01,5.250659584999084473e-01,7.426291704177856445e-03,4.229833185672760010e-01,2.020966708660125732e-01,2.934080660343170166e-01,1.629765927791595459e-01,-1.210194528102874756e-01,-1.639193296432495117e-01,3.479106724262237549e-01,2.461587339639663696e-01,4.266385436058044434e-01,2.838622331619262695e-01,1.608410179615020752e-01,3.870829343795776367e-01,2.255529165267944336e-01,3.638496696949005127e-01,2.373013943433761597e-01,2.562973201274871826e-01,2.779859676957130432e-02,-1.924631595611572266e-01,1.484716078266501427e-03,2.903486490249633789e-01,4.655372202396392822e-01,3.038485348224639893e-01,3.130518198013305664e-01,1.120394244790077209e-01,1.953437030315399170e-01,8.879858255386352539e-02
