1.000000238418579102e+00,4.716601967811584473e-01,4.534116089344024658e-01,3.835648298263549805e-01,1.657013446092605591e-01,-1.232531517744064331e-01,5.094119310379028320e-01,1.912377476692199707e-01,8.637598156929016113e-02,-2.163491398096084595e-01,2.636812925338745117e-01,3.576285019516944885e-02,2.537081837654113770e-01,-1.571260392665863037e-01,2.291321456432342529e-01,-8.218996971845626831e-02,4.242421984672546387e-01,2.520495355129241943e-01,3.172662258148193359e-01,2.973835766315460205e-01,-9.867182932794094086e-03,7.840000838041305542e-02,4.148838818073272705e-01,3.475699424743652344e-01,1.868965476751327515e-01,4.336641356348991394e-02,2.235542833805084229e-01,1.836464367806911469e-02,2.839239239692687988e-01,2.016198784112930298e-01,1.945710033178329468e-01,3.222085833549499512e-01,3.255337178707122803e-01,3.219425082206726074e-01,1.501754671335220337e-01,-1.474737934768199921e-02,3.217181563377380371e-01,2.273938804864883423e-01,4.862065017223358154e-01,3.565248847007751465e-01,2.050335854291915894e-01,5.449970811605453491e-02,2.283077836036682129e-01,2.445834428071975708e-01,2.061569988727569580e-01,1.618625968694686890e-01,3.406292498111724854e-01,2.402359396219253540e-01,7.664501667022705078e-02,-2.676828578114509583e-02,7.635142654180526733e-02,5.848272889852523804e-02,2.933189570903778076e-01,-1.509871333837509155e-01,5.396308302879333496e-01,3.477039039134979248e-01,6.884999871253967285e-01,4.071035981178283691e-01,2.831250131130218506e-01,2.125389724969863892e-01,4.430312216281890869e-01,3.672624528408050537e-01,4.389165937900543213e-01,3.667901158332824707e-01,1.635105460882186890e-01,1.656154096126556396e-01,3.708594739437103271e-01,3.656632900238037109e-01,3.102402091026306152e-01,3.173864781856536865e-01,9.186800569295883179e-02,1.859810054302215576e-01,-6.275922060012817383e-02,1.090283617377281189e-01,-1.948366314172744751e-02,8.525140583515167236e-02,1.471353173255920410e-01,1.893463730812072754e-01,2.392357140779495239e-01,2.282510250806808472e-01,4.031681716442108154e-01,2.065992206335067749e-01,1.029445976018905640e-01,-1.639510095119476318e-01,4.917051494121551514e-01,1.293110549449920654e-01,-1.375244185328483582e-02,-9.652430564165115356e-02,3.738204836845397949e-01,5.026474967598915100e-02,3.987721800804138184e-01,1.192911416292190552e-01,2.539987862110137939e-01,5.937442183494567871e-02,2.928521633148193359e-01,2.624548077583312988e-01,4.481717348098754883e-01,3.415063917636871338e-01,4.546701312065124512e-01,3.563404381275177002e-01,3.032145500183105469e-01,1.366571485996246338e-01,3.998656868934631348e-01,3.754809200763702393e-01,4.040177762508392334e-01,2.496324926614761353e-01,2.493819892406463623e-01,9.687301516532897949e-02,4.236025363206863403e-02,1.589079797267913818e-01,1.482837647199630737e-01,2.321771830320358276e-01,2.599699795246124268e-01,3.280588090419769287e-01,2.945638895034790039e-01,1.449456512928009033e-01
4.716601967811584473e-01,9.999997615814208984e-01,3.751385509967803955e-01,3.265846669673919678e-01,2.924182265996932983e-02,3.361321520060300827e-03,5.075113773345947266e-01,1.574861556291580200e-01,-2.572933584451675415e-02,-5.074103176593780518e-02,6.419467180967330933e-02,6.401269137859344482e-02,-2.425077185034751892e-02,-7.903394103050231934e-02,7.295664399862289429e-02,1.881119608879089355e-01,2.419399917125701904e-01,2.959848940372467041e-01,4.872048199176788330e-01,4.672349989414215088e-01,1.519959419965744019e-01,3.182368576526641846e-01,2.659395933151245117e-01,2.254473268985748291e-01,1.324331760406494141e-01,7.285752147436141968e-02,1.321096271276473999e-01,1.046969294548034668e-01,1.891417503356933594e-01,2.990115284919738770e-01,1.026417687535285950e-01,2.882500886917114258e-01,3.024636209011077881e-01,3.492371439933776855e-01,1.219197884202003479e-01,6.973373144865036011e-02,2.102099657058715820e-01,3.067574203014373779e-01,3.252857923507690430e-01,4.032733738422393799e-01,2.073667198419570923e-01,1.853142231702804565e-01,2.766280770301818848e-01,3.331286907196044922e-01,2.835443317890167236e-01,2.421128302812576294e-01,2.770746350288391113e-01,2.579147219657897949e-01,-2.878489205613732338e-03,2.735148556530475616e-02,-4.444379732012748718e-02,7.387621700763702393e-02,6.795632094144821167e-02,-5.267438013106584549e-03,3.197453618049621582e-01,2.278272211551666260e-01,4.563878178596496582e-01,6.670871973037719727e-01,1.939253956079483032e-01,1.149975880980491638e-01,3.012370765209197998e-01,3.725790083408355713e-01,2.157515138387680054e-01,4.894863665103912354e-01,2.824611216783523560e-02,1.977845579385757446e-01,3.993941843509674072e-01,4.050667285919189453e-01,1.939269453287124634e-01,3.416924476623535156e-01,1.490322202444076538e-01,1.844038963317871094e-01,1.173253506422042847e-01,3.066092133522033691e-01,1.380709856748580933e-01,3.023774921894073486e-01,2.556869685649871826e-01,3.056549429893493652e-01,1.505744755268096924e-01,2.842358350753784180e-01,1.313429474830627441e-01,1.913299709558486938e-01,-5.762240616604685783e-04,-2.422705851495265961e-02,1.492682546377182007e-01,1.973167061805725098e-01,-6.850780546665191650e-02,3.457986190915107727e-02,8.788691461086273193e-02,9.055257588624954224e-02,1.354438215494155884e-01,1.457780599594116211e-01,7.945628464221954346e-02,4.068286716938018799e-02,2.627875208854675293e-01,2.636772990226745605e-01,3.203264772891998291e-01,3.635995090007781982e-01,2.762369811534881592e-01,2.625529468059539795e-01,1.563935875892639160e-01,4.165624827146530151e-02,1.799454838037490845e-01,1.775025278329849243e-01,1.512179076671600342e-01,-2.992513589560985565e-02,1.370769888162612915e-01,-9.444499760866165161e-02,6.623167544603347778e-02,1.855454742908477783e-01,1.564753949642181396e-01,2.438745349645614624e-01,2.620885372161865234e-01,1.430744826793670654e-01,1.197681874036788940e-01,-7.270473241806030273e-02
4.534116089344024658e-01,3.751385509967803955e-01,9.999999403953552246e-01,7.204823493957519531e-01,-1.857512444257736206e-01,-4.102057814598083496e-01,7.062323093414306641e-01,5.386037230491638184e-01,-3.236245512962341309e-01,-5.062074065208435059e-01,1.019733026623725891e-01,6.819675117731094360e-02,1.741175055503845215e-01,-4.295232519507408142e-02,-1.720666587352752686e-01,-1.712489873170852661e-01,1.300331056118011475e-01,1.610022038221359253e-01,3.240495026111602783e-01,3.417906463146209717e-01,1.462366729974746704e-01,1.796746701002120972e-01,6.839839816093444824e-01,6.676294207572937012e-01,9.296296536922454834e-02,3.285430744290351868e-02,4.707472026348114014e-02,-1.131677404046058655e-01,2.027728408575057983e-01,2.034824341535568237e-01,3.591384887695312500e-01,4.954229295253753662e-01,2.023402750492095947e-01,3.623971641063690186e-01,1.815246045589447021e-02,-1.679142564535140991e-02,8.385355025529861450e-02,1.256538778543472290e-01,2.485114634037017822e-01,2.158063203096389771e-01,1.176111474633216858e-01,5.830598250031471252e-02,2.110029160976409912e-01,2.571620047092437744e-01,2.179215103387832642e-01,1.162052378058433533e-01,2.603373527526855469e-01,2.752415537834167480e-01,-5.378773435950279236e-02,-1.827353239059448242e-01,-6.780219823122024536e-02,-6.280811876058578491e-02,7.642651349306106567e-02,-1.537896096706390381e-01,4.662563502788543701e-01,2.582242190837860107e-01,2.949783504009246826e-01,2.963184714317321777e-01,1.054769903421401978e-01,2.889474332332611084e-01,1.182786077260971069e-01,2.713472247123718262e-01,2.650647759437561035e-01,4.321481585502624512e-01,-4.474854841828346252e-02,-1.129156257957220078e-02,1.067187264561653137e-01,1.660180538892745972e-01,2.746999561786651611e-01,2.052979320287704468e-01,1.795895397663116455e-01,2.537723779678344727e-01,-8.475133031606674194e-02,6.685023009777069092e-02,-7.766871899366378784e-02,-4.656265676021575928e-02,8.628050982952117920e-02,1.661510020494461060e-01,1.077874898910522461e-01,2.667226195335388184e-01,1.146600395441055298e-01,1.392331123352050781e-01,-2.236788421869277954e-01,-2.330072075128555298e-01,4.847350716590881348e-02,6.116058304905891418e-02,-3.869229257106781006e-01,-3.776273429393768311e-01,-4.290024563670158386e-02,-5.927591025829315186e-02,3.019269108772277832e-01,2.236346155405044556e-01,-5.359387956559658051e-03,-2.143499627709388733e-02,3.242880105972290039e-01,3.584301471710205078e-01,4.804502725601196289e-01,3.769318461418151855e-01,4.717181324958801270e-01,4.945125281810760498e-01,1.690467447042465210e-02,-1.416063755750656128e-01,1.342551261186599731e-01,1.218822151422500610e-01,2.913208901882171631e-01,1.167856901884078979e-01,2.336445264518260956e-02,-2.037757784128189087e-01,1.845998913049697876e-01,3.490072190761566162e-01,3.083996474742889404e-01,3.998509347438812256e-01,4.454154968261718750e-01,3.359248042106628418e-01,2.640577852725982666e-01,6.033406034111976624e-02
3.835648298263549805e-01,3.265846669673919678e-01,7.204823493957519531e-01,9.999999403953552246e-01,-2.018707394599914551e-01,-3.811745643615722656e-01,6.045662760734558105e-01,6.479361653327941895e-01,-3.002888262271881104e-01,-5.124129056930541992e-01,8.352598547935485840e-02,5.294831842184066772e-02,1.841651350259780884e-01,-5.924677103757858276e-02,-1.990680098533630371e-01,-1.677877306938171387e-01,1.398596167564392090e-01,1.610340476036071777e-01,2.135589122772216797e-01,1.999875158071517944e-01,1.006081551313400269e-01,1.623176634311676025e-01,6.160910129547119141e-01,7.059291601181030273e-01,6.888370215892791748e-02,6.413148343563079834e-02,-5.281596444547176361e-03,-8.229508250951766968e-02,1.277613341808319092e-01,2.034913301467895508e-01,3.274433612823486328e-01,5.327539443969726562e-01,1.872431039810180664e-01,3.728439509868621826e-01,1.387067288160324097e-01,5.670187249779701233e-02,1.186792701482772827e-01,1.809441149234771729e-01,2.365019172430038452e-01,2.550103366374969482e-01,8.405420184135437012e-02,3.436091914772987366e-02,1.936724334955215454e-01,2.185387611389160156e-01,1.759359240531921387e-01,5.276551097631454468e-02,2.240069806575775146e-01,3.000714778900146484e-01,-7.037637382745742798e-02,-2.125409543514251709e-01,-3.699163720011711121e-02,-7.710455358028411865e-02,2.671467326581478119e-02,-1.369747221469879150e-01,3.625897467136383057e-01,3.122603297233581543e-01,2.927626371383666992e-01,2.635373771190643311e-01,1.525247693061828613e-01,3.023487627506256104e-01,8.166642487049102783e-02,2.257641255855560303e-01,2.278839200735092163e-01,4.323800802230834961e-01,-7.973843067884445190e-02,-7.758818566799163818e-02,8.514297008514404297e-02,1.387365609407424927e-01,2.303025424480438232e-01,2.101954668760299683e-01,2.486926317214965820e-01,3.195588886737823486e-01,-2.760353730991482735e-03,3.480998799204826355e-02,5.148785188794136047e-02,-2.967861248180270195e-03,1.498140096664428711e-01,2.083368003368377686e-01,4.649061709642410278e-02,2.790396511554718018e-01,1.407235413789749146e-01,1.551710814237594604e-01,-2.353125959634780884e-01,-2.519106566905975342e-01,3.239167109131813049e-02,5.590007454156875610e-02,-3.884697258472442627e-01,-4.124776124954223633e-01,-9.339450299739837646e-02,-4.555038735270500183e-02,2.120098173618316650e-01,2.252522259950637817e-01,-8.827584981918334961e-02,-4.415789246559143066e-02,3.307934701442718506e-01,4.067988991737365723e-01,4.219502508640289307e-01,4.308427572250366211e-01,3.850841224193572998e-01,4.927295744419097900e-01,-2.509054727852344513e-02,-1.644022762775421143e-01,1.134977787733078003e-01,9.834079444408416748e-02,3.223471939563751221e-01,1.786409318447113037e-01,3.360014781355857849e-02,-1.192565858364105225e-01,2.262524813413619995e-01,4.098817408084869385e-01,3.444050848484039307e-01,4.069836139678955078e-01,4.444224536418914795e-01,3.127377033233642578e-01,2.961978316307067871e-01,1.239119619131088257e-01
1.657013446092605591e-01,2.924182265996932983e-02,-1.857512444257736206e-01,-2.018707394599914551e-01,1.000000119209289551e+00,5.914494395256042480e-01,-5.752996727824211121e-02,-1.712129563093185425e-01,7.590445876121520996e-01,4.664369523525238037e-01,1.828714758157730103e-01,3.726296126842498779e-02,2.394332736730575562e-01,1.162868514657020569e-01,6.519820094108581543e-01,2.752424180507659912e-01,1.769997775554656982e-01,7.102234661579132080e-02,-2.394787594676017761e-02,-1.672697067260742188e-01,-4.810857027769088745e-02,-4.512260854244232178e-02,-6.586959213018417358e-02,-1.653104573488235474e-01,6.414693593978881836e-01,4.317771494388580322e-01,6.476483345031738281e-01,5.547110438346862793e-01,7.466078549623489380e-02,2.539267949759960175e-02,-1.460152026265859604e-02,-1.241651400923728943e-01,-8.925161510705947876e-02,-2.426413297653198242e-01,-2.459390759468078613e-01,-2.921228706836700439e-01,-3.281502798199653625e-02,-2.076576463878154755e-02,1.203017011284828186e-01,7.263093441724777222e-02,3.969446569681167603e-02,1.265611946582794189e-01,-1.661789715290069580e-01,-2.164318412542343140e-01,-7.619585096836090088e-02,-3.467435762286186218e-02,-2.071288079023361206e-01,-8.422990888357162476e-02,2.152204327285289764e-02,3.920520097017288208e-02,-3.745513409376144409e-02,1.255722809582948685e-02,9.872107952833175659e-02,1.642449945211410522e-01,1.306523084640502930e-01,1.508098840713500977e-01,2.391438335180282593e-01,1.445633172988891602e-01,1.737389862537384033e-01,9.455191344022750854e-02,1.303375363349914551e-01,4.797972738742828369e-02,1.213789135217666626e-01,9.298186749219894409e-02,6.186736747622489929e-02,1.580896824598312378e-01,8.110531489364802837e-04,1.543993223458528519e-02,-7.244388759136199951e-02,1.094798594713211060e-01,-1.779138743877410889e-01,-2.178480774164199829e-01,-9.585633873939514160e-02,2.262895368039608002e-02,-1.548827886581420898e-01,-6.328196078538894653e-02,-2.188539654016494751e-01,-1.886849254369735718e-01,8.574338629841804504e-03,-1.216606795787811279e-01,2.159429192543029785e-01,1.421028375625610352e-01,6.466906666755676270e-01,4.346449375152587891e-01,4.105465710163116455e-01,1.876062601804733276e-01,6.482453942298889160e-01,5.646066069602966309e-01,5.584136843681335449e-01,4.049005210399627686e-01,1.641401499509811401e-01,1.755785942077636719e-01,2.752512395381927490e-01,2.496847808361053467e-01,6.044407188892364502e-02,-2.391291223466396332e-02,-5.869996547698974609e-02,-1.293749958276748657e-01,-4.663255438208580017e-02,-1.327601224184036255e-01,2.713690996170043945e-01,2.971199154853820801e-01,3.284159898757934570e-01,3.339513838291168213e-01,1.498541831970214844e-01,2.196151167154312134e-01,1.912063062191009521e-01,2.325807511806488037e-01,3.079767711460590363e-02,-2.944640628993511200e-02,-3.953222185373306274e-02,-2.396757341921329498e-02,-7.067526876926422119e-02,-1.224894635379314423e-02,-2.777958475053310394e-02,2.147871702909469604e-01
-1.232531517744064331e-01,3.361321520060300827e-03,-4.102057814598083496e-01,-3.811745643615722656e-01,5.914494395256042480e-01,1.000000238418579102e+00,-3.191888034343719482e-01,-3.273465335369110107e-01,6.233633756637573242e-01,7.664445638656616211e-01,-7.334712147712707520e-02,3.550614789128303528e-02,-1.579089164733886719e-01,1.561557501554489136e-01,4.822928905487060547e-01,5.827875137329101562e-01,5.310478736646473408e-04,4.700482636690139771e-02,1.138986408477649093e-04,-5.351018533110618591e-02,5.511808022856712341e-02,1.483010798692703247e-01,-3.269852697849273682e-01,-3.383867442607879639e-01,4.362197220325469971e-01,4.843205511569976807e-01,5.184339284896850586e-01,6.278267502784729004e-01,-6.235209852457046509e-02,1.033476218581199646e-01,-8.321138471364974976e-02,-1.487569212913513184e-01,-1.104351505637168884e-01,-2.323408424854278564e-01,-7.406973093748092651e-02,-4.197382926940917969e-02,-6.507174670696258545e-02,8.864080905914306641e-02,7.789411582052707672e-03,1.015502661466598511e-01,4.342952277511358261e-03,2.614830732345581055e-01,-8.859298378229141235e-02,-1.565197706222534180e-01,8.472061716020107269e-03,7.168657332658767700e-02,-1.824325323104858398e-01,-1.690676435828208923e-02,5.210698395967483521e-02,1.120122149586677551e-01,-2.615157701075077057e-02,5.217617377638816833e-02,4.801668692380189896e-03,3.871613740921020508e-01,-9.165422618389129639e-02,2.406420558691024780e-02,7.613586494699120522e-04,2.036098390817642212e-01,1.139417886734008789e-01,-7.748565077781677246e-02,2.774479240179061890e-02,-3.041679412126541138e-02,-1.459901481866836548e-01,-3.814940527081489563e-02,4.099858459085226059e-03,4.469529166817665100e-02,1.162595972418785095e-01,4.327697306871414185e-02,-7.078631222248077393e-02,1.257262825965881348e-01,-1.862487643957138062e-01,-2.358216196298599243e-01,3.195210546255111694e-02,1.274780780076980591e-01,-1.639953916310332716e-05,1.425480991601943970e-01,-3.217525780200958252e-02,9.262766689062118530e-04,-2.285997942090034485e-02,-4.523739218711853027e-02,-8.270423859357833862e-02,-1.094190496951341629e-02,5.037481784820556641e-01,6.337912678718566895e-01,9.339152276515960693e-02,8.091142773628234863e-02,5.791460871696472168e-01,6.887338161468505859e-01,2.914628386497497559e-01,4.208535254001617432e-01,-1.021531671285629272e-01,9.825946390628814697e-02,9.478824585676193237e-02,2.359764426946640015e-01,-7.280100882053375244e-02,-6.734762340784072876e-02,-1.765835136175155640e-01,-1.935812383890151978e-01,-2.612941861152648926e-01,-3.364012837409973145e-01,1.164295524358749390e-01,2.445337176322937012e-01,1.005883216857910156e-01,8.925509452819824219e-02,-8.402461558580398560e-02,-1.051354221999645233e-03,6.031040474772453308e-02,1.308775842189788818e-01,1.105821412056684494e-02,-7.122976332902908325e-02,-4.767705500125885010e-02,-8.707491308450698853e-02,-1.945844441652297974e-01,-2.040448039770126343e-01,-1.507574319839477539e-01,1.224242523312568665e-01
5.094119310379028320e-01,5.075113773345947266e-01,7.062323093414306641e-01,6.045662760734558105e-01,-5.752996727824211121e-02,-3.191888034343719482e-01,1.000000119209289551e+00,3.766195774078369141e-01,-1.734907031059265137e-01,-3.864506483078002930e-01,2.379058301448822021e-01,-2.171427756547927856e-02,2.521625459194183350e-01,-1.757479310035705566e-01,-3.482842817902565002e-02,-9.835104644298553467e-02,2.987280189990997314e-01,2.242785692214965820e-01,3.260722756385803223e-01,3.371649384498596191e-01,1.291770040988922119e-01,1.723436415195465088e-01,5.940777659416198730e-01,5.403544306755065918e-01,1.416669785976409912e-01,1.743839122354984283e-02,7.068067044019699097e-02,-4.587187990546226501e-02,3.517617881298065186e-01,2.274958491325378418e-01,3.280964195728302002e-01,4.542559981346130371e-01,3.532072007656097412e-01,4.070942699909210205e-01,1.852530613541603088e-02,-7.541059702634811401e-02,1.713031083345413208e-01,1.911501586437225342e-01,3.562859296798706055e-01,3.113885521888732910e-01,1.720476001501083374e-01,8.447452634572982788e-02,2.317847907543182373e-01,2.971851229667663574e-01,2.195026427507400513e-01,1.131244972348213196e-01,2.987151443958282471e-01,2.642982900142669678e-01,-2.616374380886554718e-02,-1.334002017974853516e-01,-2.442449145019054413e-02,-6.393806543201208115e-03,1.913786828517913818e-01,-1.896334886550903320e-01,5.161657929420471191e-01,3.266566991806030273e-01,3.917673528194427490e-01,3.722338974475860596e-01,8.807561546564102173e-02,1.973975598812103271e-01,2.259763032197952271e-01,2.613799273967742920e-01,4.075066149234771729e-01,4.907675087451934814e-01,4.044526815414428711e-02,9.001341462135314941e-02,1.655161827802658081e-01,2.365874201059341431e-01,1.782198697328567505e-01,2.018559128046035767e-01,2.153920978307723999e-01,2.667812705039978027e-01,-5.039952322840690613e-02,1.015141457319259644e-01,-4.101188853383064270e-02,-2.759869024157524109e-02,1.226388812065124512e-01,1.569659411907196045e-01,2.148555666208267212e-01,2.591426670551300049e-01,2.650335431098937988e-01,1.825534403324127197e-01,-1.206440478563308716e-01,-2.831404209136962891e-01,1.750377118587493896e-01,1.113623753190040588e-01,-2.654902040958404541e-01,-3.132158517837524414e-01,6.033155694603919983e-02,-1.129689440131187439e-02,3.320037424564361572e-01,1.896912008523941040e-01,6.452854722738265991e-02,-5.205467715859413147e-02,2.834909558296203613e-01,3.248848915100097656e-01,4.282050132751464844e-01,3.583388328552246094e-01,4.467095732688903809e-01,4.610627591609954834e-01,6.156341359019279480e-02,-1.010880768299102783e-01,1.405208259820938110e-01,1.339299976825714111e-01,3.060861527919769287e-01,9.691230952739715576e-02,9.008375555276870728e-02,-1.364578902721405029e-01,1.228886768221855164e-01,2.367244511842727661e-01,2.370312362909317017e-01,3.222246170043945312e-01,3.644721806049346924e-01,1.997425407171249390e-01,2.018166184425354004e-01,-2.039422653615474701e-02
1.912377476692199707e-01,1.574861556291580200e-01,5.386037230491638184e-01,6.479361653327941895e-01,-1.712129563093185425e-01,-3.273465335369110107e-01,3.766195774078369141e-01,1.000000119209289551e+00,-3.163644969463348389e-01,-4.651956558227539062e-01,1.111957430839538574e-01,3.543387949466705322e-01,2.584978938102722168e-01,2.949379086494445801e-01,-3.185741305351257324e-01,-1.663377583026885986e-01,1.406304724514484406e-02,1.968049257993698120e-01,-5.351024493575096130e-02,-5.156377796083688736e-03,3.717943280935287476e-02,1.115671619772911072e-01,5.438266992568969727e-01,5.998885631561279297e-01,1.164777874946594238e-01,1.141201630234718323e-01,-3.488915041089057922e-02,-8.167344331741333008e-02,-4.086075350642204285e-02,2.532434761524200439e-01,3.292099535465240479e-01,3.723466396331787109e-01,3.032084181904792786e-02,1.830931007862091064e-01,5.472403764724731445e-02,9.419717639684677124e-02,6.774236261844635010e-02,1.442933976650238037e-01,7.538343220949172974e-02,1.609144210815429688e-01,-6.121004372835159302e-02,1.773330941796302795e-02,-2.176963351666927338e-02,-2.540775341913104057e-03,-2.497854875400662422e-03,-4.113002493977546692e-02,3.936756402254104614e-02,1.446994394063949585e-01,-1.262957900762557983e-01,-2.319477647542953491e-01,-1.572932898998260498e-01,-2.042760550975799561e-01,1.453782990574836731e-02,-9.800024330615997314e-02,2.155614793300628662e-01,2.778339982032775879e-01,1.056903079152107239e-01,1.345354467630386353e-01,1.872196607291698456e-02,4.575197398662567139e-01,-1.398586630821228027e-01,1.636654585599899292e-01,1.528298258781433105e-01,3.618935644626617432e-01,-1.584692299365997314e-01,-9.856993705034255981e-02,-5.320951342582702637e-02,3.928843140602111816e-02,9.832973033189773560e-02,1.162051856517791748e-01,2.591085433959960938e-01,2.831747233867645264e-01,-6.621118634939193726e-02,-1.295898482203483582e-02,4.458204656839370728e-02,-5.583403632044792175e-02,2.082184702157974243e-02,6.972511112689971924e-02,-1.401845645159482956e-02,1.876135915517807007e-01,1.365941911935806274e-01,3.014554977416992188e-01,-2.859388887882232666e-01,-2.778435871005058289e-02,6.423894781619310379e-03,2.632105350494384766e-01,-4.123143851757049561e-01,-3.361404240131378174e-01,-7.955937087535858154e-02,7.897533476352691650e-02,1.914921700954437256e-01,2.276090532541275024e-01,-1.371164172887802124e-01,-4.236140847206115723e-02,2.433593720197677612e-01,2.381592690944671631e-01,3.144710659980773926e-01,3.606886863708496094e-01,3.297219574451446533e-01,4.399988651275634766e-01,-3.790376940742135048e-03,-2.154596149921417236e-01,1.421381980180740356e-01,2.388011477887630463e-02,3.110025525093078613e-01,2.403435409069061279e-01,8.092307299375534058e-02,3.558298200368881226e-02,2.308014035224914551e-01,3.569487631320953369e-01,3.456800282001495361e-01,3.682583868503570557e-01,3.559516072273254395e-01,3.974693417549133301e-01,3.904950320720672607e-01,2.520355582237243652e-01
8.637598156929016113e-02,-2.572933584451675415e-02,-3.236245512962341309e-01,-3.002888262271881104e-01,7.590445876121520996e-01,6.233633756637573242e-01,-1.734907031059265137e-01,-3.163644969463348389e-01,9.999997615814208984e-01,5.615645647048950195e-01,1.204590275883674622e-01,-8.226662874221801758e-02,1.249147728085517883e-01,1.699257059954106808e-03,7.513713240623474121e-01,2.409342676401138306e-01,1.331425905227661133e-01,-4.896357282996177673e-02,6.677203346043825150e-03,-1.320695132017135620e-01,-5.072079226374626160e-02,-4.463479667901992798e-02,-2.013862282037734985e-01,-2.925958931446075439e-01,4.411073327064514160e-01,3.172464072704315186e-01,5.760121941566467285e-01,4.995482265949249268e-01,4.964052699506282806e-03,-6.664723902940750122e-02,-1.372192651033401489e-01,-1.550064980983734131e-01,-1.774612665176391602e-01,-3.244498074054718018e-01,-2.496641427278518677e-01,-2.822596728801727295e-01,-3.939180076122283936e-02,-7.721033412963151932e-03,7.728302478790283203e-02,7.142812013626098633e-02,2.008228097110986710e-03,9.250872582197189331e-02,-1.365830451250076294e-01,-2.294535189867019653e-01,-2.827194146811962128e-02,-2.209936641156673431e-02,-1.823444813489913940e-01,-1.375955790281295776e-01,6.005129590630531311e-02,7.477842271327972412e-02,2.017197199165821075e-02,6.199026107788085938e-02,1.557845324277877808e-01,1.688940227031707764e-01,3.792804479598999023e-02,7.756096124649047852e-02,2.207549810409545898e-01,1.022194474935531616e-01,1.472342312335968018e-01,-5.940225347876548767e-02,1.478454917669296265e-01,-7.281955331563949585e-02,1.472948044538497925e-01,4.659017547965049744e-02,1.123038083314895630e-01,1.240027546882629395e-01,4.743459448218345642e-02,-2.573562972247600555e-02,-7.000088691711425781e-02,1.020082384347915649e-01,-1.539259254932403564e-01,-2.125215679407119751e-01,-4.068206995725631714e-03,3.085760213434696198e-02,-7.739240676164627075e-02,2.033086679875850677e-02,-1.712953895330429077e-01,-2.093685865402221680e-01,1.282653864473104477e-02,-1.733120083808898926e-01,1.797920167446136475e-01,3.388528479263186455e-03,7.103016376495361328e-01,3.822822868824005127e-01,3.535768985748291016e-01,1.639508642256259918e-02,7.533079385757446289e-01,5.718730688095092773e-01,5.223029851913452148e-01,3.446205258369445801e-01,1.668845862150192261e-01,1.559934020042419434e-01,3.422633111476898193e-01,2.719289064407348633e-01,4.073251038789749146e-02,-5.795484408736228943e-02,-1.971796005964279175e-01,-2.354443371295928955e-01,-1.841336041688919067e-01,-2.541951835155487061e-01,2.484096437692642212e-01,3.100157380104064941e-01,2.391876131296157837e-01,2.760311663150787354e-01,3.607108956202864647e-03,4.703709855675697327e-02,1.066837310791015625e-01,1.992826908826828003e-01,-6.194093078374862671e-02,-1.108092144131660461e-01,-1.808566451072692871e-01,-1.196322888135910034e-01,-1.529369950294494629e-01,-1.799767464399337769e-01,-1.714973151683807373e-01,8.866862952709197998e-02
-2.163491398096084595e-01,-5.074103176593780518e-02,-5.062074065208435059e-01,-5.124129056930541992e-01,4.664369523525238037e-01,7.664445638656616211e-01,-3.864506483078002930e-01,-4.651956558227539062e-01,5.615645647048950195e-01,1.000000000000000000e+00,-1.431825160980224609e-01,-7.877875864505767822e-02,-2.820578217506408691e-01,5.867702513933181763e-02,4.552544951438903809e-01,5.934622287750244141e-01,-5.264990031719207764e-02,-2.468006685376167297e-02,3.710089996457099915e-02,-2.808593958616256714e-02,-6.090713199228048325e-03,3.588092699646949768e-02,-5.116339325904846191e-01,-5.436903834342956543e-01,2.448440939188003540e-01,2.528126537799835205e-01,3.805201351642608643e-01,4.971106648445129395e-01,-9.733475744724273682e-02,-2.636585570871829987e-02,-2.580455243587493896e-01,-3.194472193717956543e-01,-1.258296966552734375e-01,-2.454938441514968872e-01,-6.764277815818786621e-02,-2.511409483850002289e-02,-5.328160896897315979e-02,2.150035090744495392e-02,-3.690741211175918579e-02,-3.108170814812183380e-02,-2.579403109848499298e-02,1.438717246055603027e-01,-5.080774426460266113e-02,-1.491872668266296387e-01,6.962434202432632446e-02,1.107905283570289612e-01,-1.784858703613281250e-01,-1.251808553934097290e-01,8.545003831386566162e-02,1.446627080440521240e-01,-1.213162206113338470e-02,8.098211884498596191e-02,2.463707700371742249e-02,3.225247263908386230e-01,-1.867486834526062012e-01,-7.958871126174926758e-02,-8.615576475858688354e-02,1.661982685327529907e-01,4.188288003206253052e-02,-2.109882533550262451e-01,-1.163657102733850479e-02,-6.408568471670150757e-02,-1.848080754280090332e-01,-9.550763666629791260e-02,-3.319255635142326355e-02,1.156485173851251602e-02,1.247018501162528992e-01,9.215279482305049896e-03,-9.797620773315429688e-02,6.910670548677444458e-02,-2.140386700630187988e-01,-2.630515396595001221e-01,6.290458608418703079e-03,4.379922896623611450e-02,-4.097004234790802002e-02,1.105708256363868713e-01,2.765122987329959869e-02,3.880878537893295288e-02,-8.179197087883949280e-03,-1.154684945940971375e-01,-1.739545017480850220e-01,-1.094937771558761597e-01,4.772601723670959473e-01,5.788286328315734863e-01,-2.872746996581554413e-02,1.403309032320976257e-02,5.935832262039184570e-01,6.941806674003601074e-01,2.100004106760025024e-01,3.382225930690765381e-01,-1.649441868066787720e-01,1.075334027409553528e-01,1.184900999069213867e-01,2.828675806522369385e-01,-1.835509091615676880e-01,-1.992645561695098877e-01,-3.231337070465087891e-01,-3.215299844741821289e-01,-3.807306289672851562e-01,-4.071825742721557617e-01,5.910050496459007263e-02,3.046073615550994873e-01,-1.024861633777618408e-02,3.203680366277694702e-02,-2.276332825422286987e-01,-1.551397144794464111e-01,-4.142103344202041626e-02,7.440818101167678833e-02,-1.039586067199707031e-01,-1.971642225980758667e-01,-2.262419015169143677e-01,-2.796430587768554688e-01,-3.261899948120117188e-01,-3.141646683216094971e-01,-2.858294546604156494e-01,-7.729624398052692413e-03
2.636812925338745117e-01,6.419467180967330933e-02,1.019733026623725891e-01,8.352598547935485840e-02,1.828714758157730103e-01,-7.334712147712707520e-02,2.379058301448822021e-01,1.111957430839538574e-01,1.204590275883674622e-01,-1.431825160980224609e-01,1.000000238418579102e+00,2.258756607770919800e-01,6.312069296836853027e-01,1.119529381394386292e-01,2.831355035305023193e-01,-1.491232961416244507e-02,5.699273943901062012e-01,3.053935170173645020e-01,-1.013007611036300659e-01,-7.665788382291793823e-02,1.182174831628799438e-01,8.119891583919525146e-02,2.235931009054183960e-01,1.399405449628829956e-01,1.399790793657302856e-01,-4.840738326311111450e-02,2.046122699975967407e-01,4.163782671093940735e-02,5.061760544776916504e-01,2.114506363868713379e-01,3.089666366577148438e-01,1.570154577493667603e-01,1.827996373176574707e-01,8.037115633487701416e-02,-4.446096345782279968e-02,-9.054371714591979980e-02,2.104738354682922363e-02,-5.076929926872253418e-03,9.982619434595108032e-02,-5.307817086577415466e-02,6.994605809450149536e-02,-1.643440127372741699e-01,7.593452185392379761e-02,8.072759211063385010e-02,6.267935968935489655e-03,4.019933566451072693e-02,-7.652249652892351151e-03,-1.592257432639598846e-02,-9.701122529804706573e-03,-5.175274610519409180e-02,-1.042131427675485611e-02,-5.658643320202827454e-02,8.247728645801544189e-02,-2.024480551481246948e-01,1.472628712654113770e-01,2.985230833292007446e-02,1.969490945339202881e-01,-6.662465631961822510e-02,-2.865984663367271423e-02,9.571182541549205780e-03,9.386020153760910034e-02,-2.443686127662658691e-02,2.355889528989791870e-01,5.033829435706138611e-02,1.461230218410491943e-02,-2.796979993581771851e-02,5.821489542722702026e-02,1.180532202124595642e-01,-3.649405390024185181e-02,-5.458154156804084778e-02,2.348185889422893524e-02,3.685329481959342957e-02,1.578552126884460449e-01,1.003643944859504700e-01,1.243240162730216980e-01,-3.775829821825027466e-02,-2.558227628469467163e-03,-5.567647516727447510e-02,4.001449048519134521e-01,1.827768683433532715e-01,5.426700115203857422e-01,2.741710245609283447e-01,2.862521111965179443e-01,-2.673345431685447693e-02,4.396878778934478760e-01,2.029224783182144165e-01,8.018956333398818970e-02,-4.577514156699180603e-02,3.391866981983184814e-01,7.866065949201583862e-02,1.164472699165344238e-01,2.570288814604282379e-02,5.863516125828027725e-03,-7.968199998140335083e-02,5.369243770837783813e-02,4.755262285470962524e-02,6.805813312530517578e-02,-2.155067585408687592e-02,1.036375537514686584e-01,8.558112382888793945e-02,1.361710578203201294e-01,-7.485834509134292603e-02,1.584292352199554443e-01,2.030353546142578125e-01,2.430818974971771240e-01,2.033469229936599731e-01,9.513541311025619507e-02,1.090358495712280273e-01,-3.623401373624801636e-02,-4.846759140491485596e-02,-8.111900836229324341e-02,-5.584099516272544861e-02,-1.579022780060768127e-02,6.515300273895263672e-02,2.121250778436660767e-01,1.128448843955993652e-01
3.576285019516944885e-02,6.401269137859344482e-02,6.819675117731094360e-02,5.294831842184066772e-02,3.726296126842498779e-02,3.550614789128303528e-02,-2.171427756547927856e-02,3.543387949466705322e-01,-8.226662874221801758e-02,-7.877875864505767822e-02,2.258756607770919800e-01,9.999999403953552246e-01,2.348149865865707397e-01,7.336491942405700684e-01,-1.137740239500999451e-01,6.738443672657012939e-02,8.276003599166870117e-02,4.200831651687622070e-01,-1.150187551975250244e-01,-5.725488439202308655e-02,8.506908267736434937e-02,1.746918559074401855e-01,1.715400516986846924e-01,1.572951525449752808e-01,1.430767327547073364e-01,1.449224799871444702e-01,8.804573863744735718e-02,3.025346063077449799e-02,9.860150516033172607e-02,4.486089646816253662e-01,1.809857636690139771e-01,8.268602192401885986e-02,7.633647322654724121e-02,9.145202487707138062e-02,1.035569459199905396e-01,1.875482797622680664e-01,7.795936614274978638e-02,1.560055464506149292e-01,2.161770313978195190e-02,7.276935875415802002e-02,-1.415397971868515015e-02,1.872601956129074097e-01,2.238593623042106628e-02,3.519515320658683777e-02,-6.554139405488967896e-02,1.200206764042377472e-02,-4.338921234011650085e-02,8.198067545890808105e-02,-4.314163327217102051e-02,1.558433007448911667e-02,-1.516045629978179932e-01,-9.684693813323974609e-02,-8.703894913196563721e-02,9.021867811679840088e-02,1.129515543580055237e-01,6.158997863531112671e-02,-4.258498176932334900e-02,5.127372592687606812e-02,-1.024443060159683228e-01,1.995761096477508545e-01,-1.385936290025711060e-01,1.742702908813953400e-02,-1.953820139169692993e-02,-6.874530017375946045e-02,-8.935270458459854126e-02,-3.611072152853012085e-02,1.042388007044792175e-02,1.175706088542938232e-01,-3.403986245393753052e-02,1.264812350273132324e-01,9.982091374695301056e-03,-3.928538039326667786e-02,2.920665219426155090e-02,2.621673941612243652e-01,6.207625940442085266e-02,1.533105820417404175e-01,-2.973827160894870758e-02,7.215135544538497925e-02,1.864048652350902557e-02,2.278804183006286621e-01,1.346245408058166504e-01,4.390165805816650391e-01,-2.990206005051732063e-03,3.623158335685729980e-01,1.103091835975646973e-01,3.450319766998291016e-01,-1.319604218006134033e-01,9.995185770094394684e-03,2.127817124128341675e-01,2.064144015312194824e-01,9.228466451168060303e-02,9.412434697151184082e-02,-2.937548980116844177e-02,3.691994026303291321e-02,9.162430465221405029e-02,-6.609629839658737183e-02,2.441880553960800171e-01,9.813158959150314331e-02,2.433138787746429443e-01,8.546144515275955200e-02,1.745577603578567505e-01,-9.206819534301757812e-02,2.591800987720489502e-01,4.562694579362869263e-02,2.355746477842330933e-01,2.408784925937652588e-01,2.408428788185119629e-01,1.957112252712249756e-01,1.450078636407852173e-01,6.879040598869323730e-02,1.801090538501739502e-01,1.851489096879959106e-01,1.188891679048538208e-01,3.014482557773590088e-01,3.384920954704284668e-01,3.069799542427062988e-01
2.537081837654113770e-01,-2.425077185034751892e-02,1.741175055503845215e-01,1.841651350259780884e-01,2.394332736730575562e-01,-1.579089164733886719e-01,2.521625459194183350e-01,2.584978938102722168e-01,1.249147728085517883e-01,-2.820578217506408691e-01,6.312069296836853027e-01,2.348149865865707397e-01,1.000000119209289551e+00,1.810138225555419922e-01,2.338124662637710571e-01,-1.993621438741683960e-01,3.714875876903533936e-01,2.464176863431930542e-01,-1.583139151334762573e-01,-1.300791203975677490e-01,4.465365782380104065e-02,-4.027956724166870117e-02,2.797273099422454834e-01,2.313856035470962524e-01,1.708956658840179443e-01,-1.134476810693740845e-02,1.793411076068878174e-01,4.217735677957534790e-02,4.001305103302001953e-01,1.981890052556991577e-01,2.957838773727416992e-01,1.100587025284767151e-01,1.044255420565605164e-01,5.397773534059524536e-02,-6.950050592422485352e-02,-1.519310474395751953e-01,5.040218681097030640e-02,-1.766756176948547363e-02,1.178035214543342590e-01,-5.092768743634223938e-02,7.629277557134628296e-02,-1.340071409940719604e-01,5.192194879055023193e-02,3.488896414637565613e-02,3.821580111980438232e-02,2.972030779346823692e-03,-1.438308274373412132e-03,-3.738792613148689270e-02,7.932051084935665131e-03,-1.096020787954330444e-01,2.582167088985443115e-02,-5.078049004077911377e-02,7.015763223171234131e-02,-2.543756961822509766e-01,2.457117736339569092e-01,1.487187147140502930e-01,1.515392661094665527e-01,-1.349098682403564453e-01,8.469121903181076050e-02,1.215414628386497498e-01,5.401658266782760620e-02,-1.032142043113708496e-01,3.282722532749176025e-01,1.085761114954948425e-01,-9.766525588929653168e-03,-7.485498487949371338e-02,3.666703030467033386e-02,8.752049505710601807e-02,7.312912028282880783e-03,1.639911159873008728e-02,3.092512302100658417e-02,6.347903609275817871e-02,7.885270752012729645e-03,1.732623949646949768e-02,4.028762876987457275e-02,-1.431851685047149658e-01,-5.005266517400741577e-02,-7.922258973121643066e-02,1.987816840410232544e-01,8.037196844816207886e-02,5.252566337585449219e-01,2.826338708400726318e-01,2.423077374696731567e-01,-7.881965488195419312e-02,4.126657247543334961e-01,2.361310124397277832e-01,4.936454072594642639e-02,-1.007768884301185608e-01,3.902167081832885742e-01,9.481030702590942383e-02,2.634807825088500977e-01,2.517309971153736115e-02,6.880396604537963867e-02,-9.608159959316253662e-02,8.096663653850555420e-02,4.540952295064926147e-02,1.108826473355293274e-01,-4.651438910514116287e-03,2.652931809425354004e-01,1.694470494985580444e-01,7.389803230762481689e-02,-1.560647934675216675e-01,1.884193867444992065e-01,1.562887430191040039e-01,3.213624358177185059e-01,2.944300770759582520e-01,1.290334612131118774e-01,1.089276149868965149e-01,2.303858660161495209e-02,8.074940182268619537e-03,5.503465235233306885e-02,-5.242175236344337463e-02,-6.406904757022857666e-02,1.321773976087570190e-01,2.595982551574707031e-01,1.679018139839172363e-01
