9.999995827674865723e-01,5.993956327438354492e-01,3.887042999267578125e-01,4.466485977172851562e-01,-8.442210964858531952e-03,-1.668112725019454956e-02,6.478935480117797852e-01,5.370702743530273438e-01,2.987153828144073486e-03,-1.107483264058828354e-02,5.655229091644287109e-01,5.338170528411865234e-01,3.996549844741821289e-01,4.527697861194610596e-01,6.715187430381774902e-02,1.035442203283309937e-01,5.512824654579162598e-01,4.723185598850250244e-01,2.124117910861968994e-01,6.926987320184707642e-02,8.811113238334655762e-02,1.852449476718902588e-01,4.201031625270843506e-01,3.920635282993316650e-01,1.737113893032073975e-01,1.295427531003952026e-01,1.485361307859420776e-01,1.136279329657554626e-01,4.267553091049194336e-01,1.782260835170745850e-01,4.243897795677185059e-01,4.293694496154785156e-01,3.038100600242614746e-01,3.488999903202056885e-01,1.805559247732162476e-01,9.892956167459487915e-02,6.417212635278701782e-02,2.195384353399276733e-01,1.150461658835411072e-02,2.578809857368469238e-01,-6.401338428258895874e-02,5.742734298110008240e-02,2.696033194661140442e-02,8.758220076560974121e-02,6.501952186226844788e-03,-5.091132223606109619e-02,1.370653361082077026e-01,1.177394613623619080e-01,2.275850996375083923e-02,-3.651119023561477661e-02,9.970086067914962769e-02,-2.496538311243057251e-02,1.613619178533554077e-01,8.210770785808563232e-03,2.429858744144439697e-01,2.290767580270767212e-01,6.872336268424987793e-01,3.747640550136566162e-01,1.178705990314483643e-01,-2.669069543480873108e-02,3.925935029983520508e-01,-8.458182215690612793e-02,5.770006775856018066e-01,2.785769701004028320e-01,1.212270930409431458e-01,-6.082927808165550232e-02,1.096922904253005981e-01,7.356873154640197754e-02,1.264272928237915039e-01,6.469863653182983398e-02,2.354247719049453735e-01,3.859508335590362549e-01,8.758647739887237549e-02,2.186909168958663940e-01,2.020820826292037964e-01,2.116263061761856079e-01,2.055110931396484375e-01,1.078643724322319031e-01,3.419120609760284424e-01,3.471837639808654785e-01,5.466151833534240723e-01,3.978973031044006348e-01,-3.951334860175848007e-03,7.683998346328735352e-02,4.663309454917907715e-01,1.207625716924667358e-01,-1.528948098421096802e-01,-7.894524931907653809e-02,2.355788201093673706e-01,5.109708011150360107e-02,1.145347431302070618e-01,1.575586758553981781e-02,-1.008055508136749268e-01,-1.075877249240875244e-01,4.108434319496154785e-01,3.506185412406921387e-01,2.583174705505371094e-01,3.111271560192108154e-01,1.717228293418884277e-01,1.985896825790405273e-01,7.899125665426254272e-02,-3.943687677383422852e-02,1.633440256118774414e-01,8.290220797061920166e-02,3.196414113044738770e-01,2.632413804531097412e-01,2.142316550016403198e-01,2.325124442577362061e-01,3.204789757728576660e-01,3.414630591869354248e-01,3.361044824123382568e-01,2.271330952644348145e-01,8.875493705272674561e-02,1.451664417982101440e-01,2.275938391685485840e-01,2.564612925052642822e-01
5.993956327438354492e-01,9.999995827674865723e-01,1.762343496084213257e-01,4.226822555065155029e-01,-1.146553009748458862e-01,-9.817175567150115967e-02,3.915015161037445068e-01,5.553848147392272949e-01,-8.271884173154830933e-02,4.738118872046470642e-02,3.294660747051239014e-01,5.152021050453186035e-01,1.502143442630767822e-01,4.311578273773193359e-01,-7.931397855281829834e-02,2.163547277450561523e-01,3.483006358146667480e-01,4.785051941871643066e-01,1.479941010475158691e-01,1.351428478956222534e-01,-8.149863220751285553e-03,1.764981001615524292e-01,2.578963637351989746e-01,2.429614961147308350e-01,5.370515212416648865e-02,3.998497128486633301e-02,-8.295648731291294098e-03,-2.776303794234991074e-03,2.472756356000900269e-01,1.186526492238044739e-01,2.695085406303405762e-01,2.553469240665435791e-01,1.351596266031265259e-01,1.714559644460678101e-01,1.706026494503021240e-01,4.105053469538688660e-02,-6.217658985406160355e-03,3.102962672710418701e-01,-1.035920828580856323e-01,3.358743786811828613e-01,-1.493914723396301270e-01,2.165610156953334808e-02,6.639117747545242310e-02,8.761369436979293823e-02,5.539839714765548706e-02,-2.499333582818508148e-02,1.170622333884239197e-01,1.371504962444305420e-01,1.025211140513420105e-01,3.731943294405937195e-02,6.161861121654510498e-02,1.358844488859176636e-01,2.035662531852722168e-02,6.518757343292236328e-02,2.184317819774150848e-02,2.344492524862289429e-01,5.220992565155029297e-01,5.492849946022033691e-01,3.952945396304130554e-02,-2.681805565953254700e-02,2.397046238183975220e-01,5.148719996213912964e-02,3.822086453437805176e-01,4.275541007518768311e-01,1.075702309608459473e-01,8.598680794239044189e-02,1.252411752939224243e-01,9.705191105604171753e-02,3.498786687850952148e-01,2.834436297416687012e-01,8.669287711381912231e-02,3.216677606105804443e-01,6.484347581863403320e-02,2.044208049774169922e-01,1.090149059891700745e-01,2.483066022396087646e-01,1.171261891722679138e-01,1.421536505222320557e-01,1.870548278093338013e-01,3.572161197662353516e-01,3.275713622570037842e-01,4.408885836601257324e-01,-2.086510807275772095e-01,1.530902385711669922e-01,1.897712796926498413e-01,3.184225261211395264e-01,-2.930952906608581543e-01,-4.392782971262931824e-02,-8.339853584766387939e-02,4.373256489634513855e-02,-1.227261796593666077e-01,-7.501609623432159424e-02,-2.547029852867126465e-01,-2.390953749418258667e-01,3.293323516845703125e-01,4.676464796066284180e-01,1.421693116426467896e-01,3.914127945899963379e-01,8.806547150015830994e-03,2.106197476387023926e-01,-1.861039996147155762e-01,-1.430479735136032104e-01,-1.065591946244239807e-01,1.032156404107809067e-02,3.067840039730072021e-01,2.474269866943359375e-01,2.091325372457504272e-01,2.169445455074310303e-01,2.659065127372741699e-01,3.256117999553680420e-01,2.875626683235168457e-01,1.667805165052413940e-01,8.410648442804813385e-03,1.766446232795715332e-01,2.557054460048675537e-01,2.338707894086837769e-01
3.887042999267578125e-01,1.762343496084213257e-01,1.000000119209289551e+00,5.875801444053649902e-01,3.323476612567901611e-01,1.923415213823318481e-01,6.056028604507446289e-01,4.945107698440551758e-01,2.860810458660125732e-01,5.982208251953125000e-02,3.156474530696868896e-01,1.214327961206436157e-01,3.994387388229370117e-01,2.588158547878265381e-01,2.906895577907562256e-01,1.026857122778892517e-01,2.194212377071380615e-01,5.652362853288650513e-02,1.357156783342361450e-01,-4.825496301054954529e-02,3.494287431240081787e-01,2.850458025932312012e-01,4.739668965339660645e-01,4.900597035884857178e-01,3.228145539760589600e-01,3.156127631664276123e-01,2.811390459537506104e-01,2.190457731485366821e-01,2.367619723081588745e-01,3.299751132726669312e-02,4.954063594341278076e-01,4.952648878097534180e-01,1.225679293274879456e-01,2.121225148439407349e-01,-9.469429962337017059e-03,-4.284068942070007324e-02,1.145998686552047729e-01,4.439840838313102722e-02,2.905011475086212158e-01,1.482449918985366821e-01,1.929405927658081055e-01,2.079278677701950073e-01,1.844614148139953613e-01,1.045604869723320007e-01,2.309106588363647461e-01,2.021034061908721924e-01,1.082107052206993103e-01,1.275620460510253906e-01,2.052585929632186890e-01,2.365655004978179932e-01,1.388551294803619385e-01,1.350894421339035034e-01,1.599926650524139404e-01,5.345914885401725769e-02,2.812395989894866943e-01,1.587747335433959961e-01,3.368204534053802490e-01,1.426851600408554077e-01,1.951064467430114746e-01,1.391198337078094482e-01,3.528831899166107178e-01,-1.349539309740066528e-02,2.174803316593170166e-01,6.059021502733230591e-02,7.642433792352676392e-02,1.283709853887557983e-01,1.158688124269247055e-02,-2.964419312775135040e-03,-4.169930890202522278e-02,-1.339573115110397339e-01,2.975002527236938477e-01,2.844098806381225586e-01,2.463372349739074707e-01,9.864105284214019775e-02,1.808979511260986328e-01,4.908567667007446289e-02,7.944019138813018799e-02,-7.198978215456008911e-02,1.259568333625793457e-01,9.422239661216735840e-02,1.663593798875808716e-01,2.752419188618659973e-02,2.090850323438644409e-01,-3.648688271641731262e-02,1.891234517097473145e-01,-8.301310241222381592e-02,1.642389893531799316e-01,-1.563704162836074829e-01,2.510881721973419189e-01,1.467050053179264069e-02,1.488915681838989258e-01,3.662787750363349915e-02,1.011563092470169067e-01,2.680383808910846710e-02,1.214107945561408997e-01,1.005511581897735596e-01,2.584542632102966309e-01,1.455537378787994385e-01,2.290470004081726074e-01,1.044893488287925720e-01,1.312541961669921875e-01,-6.700395047664642334e-02,1.197361648082733154e-01,-3.857900947332382202e-02,4.956822842359542847e-02,2.105317078530788422e-03,1.824827305972576141e-02,-3.214587643742561340e-02,6.379187107086181641e-02,1.259330809116363525e-01,1.355440020561218262e-01,2.469373345375061035e-01,2.153396457433700562e-01,1.120378896594047546e-01,1.349673420190811157e-02,6.946062296628952026e-02
4.466485977172851562e-01,4.226822555065155029e-01,5.875801444053649902e-01,1.000000119209289551e+00,1.700979620218276978e-01,1.839007139205932617e-01,5.158141851425170898e-01,6.942505836486816406e-01,1.472562402486801147e-01,9.870206564664840698e-02,3.242669403553009033e-01,2.257502675056457520e-01,3.866376578807830811e-01,3.688157796859741211e-01,2.116898000240325928e-01,2.509701550006866455e-01,2.932121753692626953e-01,2.148401737213134766e-01,2.133558094501495361e-01,1.212974488735198975e-01,2.534551024436950684e-01,3.341365754604339600e-01,4.033681750297546387e-01,5.152063369750976562e-01,2.763324975967407227e-01,2.783236801624298096e-01,2.976181209087371826e-01,2.719084024429321289e-01,2.839617133140563965e-01,-4.129068460315465927e-03,4.883404076099395752e-01,4.836344420909881592e-01,1.186357215046882629e-01,1.687351465225219727e-01,2.308165282011032104e-02,-1.030994672328233719e-02,1.339319162070751190e-02,1.936713457107543945e-01,1.219312772154808044e-01,3.235346078872680664e-01,1.925473799929022789e-03,1.386911273002624512e-01,7.716681808233261108e-02,1.458224724046885967e-03,1.728638559579849243e-01,7.057449966669082642e-02,7.186826318502426147e-02,9.583579003810882568e-02,1.328628361225128174e-01,1.240546330809593201e-01,-1.787758246064186096e-02,5.687569454312324524e-02,5.835378542542457581e-02,-3.827724233269691467e-02,8.669716864824295044e-02,2.566349208354949951e-01,3.065138757228851318e-01,2.282585352659225464e-01,1.209797635674476624e-01,2.970774192363023758e-03,2.361084818840026855e-01,-1.233609989285469055e-01,2.192341685295104980e-01,7.569026947021484375e-02,-3.170709684491157532e-02,-5.416374653577804565e-02,4.814630374312400818e-02,-3.978893160820007324e-02,1.290222406387329102e-01,3.640053048729896545e-02,2.386955469846725464e-01,4.100090563297271729e-01,1.185207515954971313e-01,1.106639280915260315e-01,1.594911515712738037e-01,1.428753584623336792e-01,1.378695219755172729e-01,6.079564988613128662e-02,1.981041878461837769e-01,1.433389186859130859e-01,2.347590178251266479e-01,9.346854686737060547e-02,7.842799276113510132e-02,1.529980897903442383e-01,1.196287348866462708e-01,-1.162381377071142197e-03,2.142226509749889374e-02,1.037333998829126358e-02,4.961446300148963928e-02,2.908192947506904602e-02,-3.561146557331085205e-02,-3.554865717887878418e-02,-1.360536515712738037e-01,-1.255020797252655029e-01,2.803380787372589111e-01,3.416766524314880371e-01,1.751165539026260376e-01,2.722580432891845703e-01,5.027534440159797668e-02,1.525991708040237427e-01,-3.783606365323066711e-02,-1.291421800851821899e-01,5.145554989576339722e-02,3.433462604880332947e-02,2.716263830661773682e-01,1.583121418952941895e-01,2.489999681711196899e-01,1.532280296087265015e-01,2.534548342227935791e-01,2.325769960880279541e-01,1.539027541875839233e-01,2.048195451498031616e-01,1.606128960847854614e-01,2.121357768774032593e-01,1.531016975641250610e-01,1.698460429906845093e-01
-8.442210964858531952e-03,-1.146553009748458862e-01,3.323476612567901611e-01,1.700979620218276978e-01,9.999998211860656738e-01,6.910445690155029297e-01,1.897997111082077026e-01,1.094705387949943542e-01,7.174906730651855469e-01,5.690494775772094727e-01,1.378843337297439575e-01,1.465704943984746933e-02,2.886332571506500244e-01,1.689401417970657349e-01,6.433923840522766113e-01,3.678960800170898438e-01,1.077491939067840576e-01,-9.461859241127967834e-03,2.157915942370891571e-02,-1.394532024860382080e-01,4.183096289634704590e-01,2.691387534141540527e-01,1.712244302034378052e-01,2.037879377603530884e-01,6.394129991531372070e-01,6.888762116432189941e-01,7.001529335975646973e-01,6.606071591377258301e-01,2.299783974885940552e-01,2.411374747753143311e-01,2.895661592483520508e-01,2.756367921829223633e-01,-8.414689451456069946e-02,-3.567474335432052612e-02,-1.927068829536437988e-01,-2.077660858631134033e-01,1.860539764165878296e-01,-2.221963740885257721e-02,3.087645173072814941e-01,1.225012838840484619e-01,2.866576015949249268e-01,2.554884254932403564e-01,-4.711156710982322693e-02,-3.818175569176673889e-02,-1.585083901882171631e-01,-5.082369223237037659e-02,1.497763860970735550e-02,-9.304109029471874237e-03,-2.013140469789505005e-01,-8.122590929269790649e-02,-1.551969349384307861e-01,-1.072925105690956116e-01,7.697596400976181030e-02,1.186602115631103516e-01,3.035018444061279297e-01,2.185907512903213501e-01,4.487267881631851196e-02,1.659455336630344391e-02,5.585952103137969971e-02,3.708007559180259705e-02,-2.244247123599052429e-02,-7.553403079509735107e-02,-1.451882123947143555e-01,-6.490336358547210693e-02,-2.163967341184616089e-01,-7.779377698898315430e-02,-1.687233299016952515e-01,-1.486266255378723145e-01,-2.552435100078582764e-01,-3.717414438724517822e-01,3.670543134212493896e-01,1.071039512753486633e-01,3.338199853897094727e-01,1.477158218622207642e-01,1.819361448287963867e-01,2.957363240420818329e-02,6.584362126886844635e-03,-5.764845758676528931e-02,1.795378029346466064e-01,4.497442394495010376e-03,1.411459892988204956e-01,1.015665605664253235e-01,6.330983638763427734e-01,3.487975597381591797e-01,2.248175293207168579e-01,7.777588814496994019e-02,5.145673751831054688e-01,3.537974357604980469e-01,4.395473599433898926e-01,4.468528032302856445e-01,2.610548138618469238e-01,2.442210763692855835e-01,3.092619776725769043e-01,3.494918346405029297e-01,-1.188685446977615356e-01,-6.739775091409683228e-02,2.488348037004470825e-01,-1.016114745289087296e-02,2.628329396247863770e-01,7.869627326726913452e-02,3.512460589408874512e-01,3.091347515583038330e-01,3.191719949245452881e-01,2.971062958240509033e-01,1.093658134341239929e-01,1.505857557058334351e-01,1.304193437099456787e-01,1.416407674551010132e-01,-7.451756298542022705e-02,-1.088404431939125061e-01,-3.076394461095333099e-02,4.180736094713211060e-02,1.174457371234893799e-01,-4.586964100599288940e-02,4.292007908225059509e-02,1.357642263174057007e-01
-1.668112725019454956e-02,-9.817175567150115967e-02,1.923415213823318481e-01,1.839007139205932617e-01,6.910445690155029297e-01,1.000000238418579102e+00,1.191823258996009827e-01,2.048956304788589478e-01,5.074406862258911133e-01,6.667493581771850586e-01,1.367307752370834351e-01,1.181887611746788025e-01,2.197800576686859131e-01,3.068922162055969238e-01,5.047654509544372559e-01,4.977608323097229004e-01,1.373371481895446777e-01,1.027051731944084167e-01,3.362044692039489746e-02,-1.086576431989669800e-01,2.788218557834625244e-01,2.037208527326583862e-01,1.458278000354766846e-01,2.318692207336425781e-01,5.923696756362915039e-01,6.670887470245361328e-01,6.481126546859741211e-01,7.018488049507141113e-01,2.983871698379516602e-01,4.060313105583190918e-01,3.062488436698913574e-01,3.344707190990447998e-01,-7.378834486007690430e-02,-1.239740103483200073e-02,-1.125072762370109558e-01,-9.085418283939361572e-02,2.071460932493209839e-01,6.364646553993225098e-02,2.262915819883346558e-01,1.711332350969314575e-01,2.438236325979232788e-01,2.783443331718444824e-01,-1.682111024856567383e-01,-1.027537658810615540e-01,-2.498433440923690796e-01,-1.688278466463088989e-01,1.211342681199312210e-02,-6.649023853242397308e-03,-3.006398677825927734e-01,-2.013790756464004517e-01,-2.196992039680480957e-01,-2.303040176630020142e-01,4.812864586710929871e-02,1.042554154992103577e-01,2.878068387508392334e-01,2.732411623001098633e-01,6.083020940423011780e-03,2.288264222443103790e-02,-5.491531640291213989e-02,-4.962391033768653870e-02,-1.594907641410827637e-01,-7.663054764270782471e-02,-1.328524947166442871e-01,-3.668781369924545288e-02,-2.861835062503814697e-01,-1.983465254306793213e-01,-1.966291069984436035e-01,-1.892190128564834595e-01,-2.421497255563735962e-01,-3.150676786899566650e-01,3.659401237964630127e-01,1.289309859275817871e-01,2.860046923160552979e-01,1.956290751695632935e-01,1.943006515502929688e-01,4.593187943100929260e-02,9.490568935871124268e-02,8.438189327716827393e-02,2.190483957529067993e-01,6.895050406455993652e-02,1.784747540950775146e-01,1.307774037122726440e-01,5.212941169738769531e-01,5.606305003166198730e-01,1.975236833095550537e-01,5.748976394534111023e-02,3.367374539375305176e-01,4.160267114639282227e-01,3.265753686428070068e-01,4.432183504104614258e-01,2.152806073427200317e-01,2.817055881023406982e-01,1.783412694931030273e-01,2.541884779930114746e-01,-2.721514366567134857e-02,-2.791379345580935478e-03,1.930109113454818726e-01,5.112832784652709961e-02,2.074009627103805542e-01,1.371957957744598389e-01,2.633221447467803955e-01,2.356265336275100708e-01,3.062061369419097900e-01,2.939997911453247070e-01,2.067940086126327515e-01,2.930970191955566406e-01,1.978503167629241943e-01,2.915284931659698486e-01,8.558820933103561401e-02,-7.962767966091632843e-03,2.023296803236007690e-02,3.005110658705234528e-02,1.314220428466796875e-01,-4.577361047267913818e-02,7.862123101949691772e-02,1.830535233020782471e-01
6.478935480117797852e-01,3.915015161037445068e-01,6.056028604507446289e-01,5.158141851425170898e-01,1.897997111082077026e-01,1.191823258996009827e-01,1.000000000000000000e+00,5.635649561882019043e-01,1.528838425874710083e-01,2.325863204896450043e-02,6.423684358596801758e-01,4.716087877750396729e-01,6.551223397254943848e-01,4.521956443786621094e-01,2.383197098970413208e-01,8.785280585289001465e-02,4.717881977558135986e-01,3.244446516036987305e-01,9.725721180438995361e-02,-4.892649501562118530e-02,2.544257342815399170e-01,3.005658090114593506e-01,5.603719353675842285e-01,5.442436337471008301e-01,3.209073543548583984e-01,2.926854193210601807e-01,1.962998956441879272e-01,1.230259016156196594e-01,5.168002843856811523e-01,2.975868284702301025e-01,6.032322645187377930e-01,5.708554983139038086e-01,1.912058889865875244e-01,2.599624097347259521e-01,-6.654465571045875549e-03,-6.367283314466476440e-02,-3.935805987566709518e-03,6.933528184890747070e-02,-1.323633175343275070e-02,1.246906369924545288e-01,4.231382161378860474e-02,1.683684140443801880e-01,3.035663813352584839e-02,4.065673425793647766e-02,8.409564942121505737e-02,1.518430374562740326e-02,1.164221316576004028e-01,9.864287823438644409e-02,9.048677980899810791e-02,4.240985959768295288e-02,1.354946196079254150e-01,3.400111198425292969e-02,2.642209529876708984e-01,8.182749897241592407e-02,2.718200981616973877e-01,1.745349019765853882e-01,5.659728646278381348e-01,2.066255658864974976e-01,1.084879487752914429e-01,-3.202223777770996094e-02,3.808386921882629395e-01,-1.544497907161712646e-01,4.613486230373382568e-01,1.687457710504531860e-01,5.422722920775413513e-02,-3.273048624396324158e-02,-2.804025448858737946e-02,-8.883293718099594116e-02,-9.123475104570388794e-02,-1.906657516956329346e-01,2.885836660861968994e-01,3.751567900180816650e-01,9.725677967071533203e-02,2.664231061935424805e-01,2.162273228168487549e-01,1.714287996292114258e-01,1.022841855883598328e-01,2.478668279945850372e-02,2.157828956842422485e-01,3.158010840415954590e-01,4.847323596477508545e-01,2.942202985286712646e-01,2.360173612833023071e-01,7.540525496006011963e-02,4.419769048690795898e-01,4.018506407737731934e-02,5.646197870373725891e-02,-8.865801990032196045e-02,3.442930579185485840e-01,7.652607560157775879e-02,1.636725962162017822e-01,6.109274923801422119e-02,2.635283581912517548e-02,-5.118973553180694580e-02,2.876144945621490479e-01,2.133098393678665161e-01,1.581201702356338501e-01,1.850489079952239990e-01,1.286831051111221313e-01,1.549024283885955811e-01,9.338797628879547119e-02,-1.103071793913841248e-01,1.264451742172241211e-01,-1.660457346588373184e-03,1.533602774143218994e-01,1.067810729146003723e-01,4.050013795495033264e-02,1.080812588334083557e-01,2.250387668609619141e-01,2.315812110900878906e-01,2.703872025012969971e-01,1.915870159864425659e-01,9.349585324525833130e-02,1.322567313909530640e-01,1.658627241849899292e-01,1.483841389417648315e-01
5.370702743530273438e-01,5.553848147392272949e-01,4.945107698440551758e-01,6.942505836486816406e-01,1.094705387949943542e-01,2.048956304788589478e-01,5.635649561882019043e-01,9.999997615814208984e-01,2.610104344785213470e-02,1.878658831119537354e-01,4.147993624210357666e-01,5.281821489334106445e-01,3.772148489952087402e-01,6.728314757347106934e-01,6.385338306427001953e-02,3.727974891662597656e-01,4.584465920925140381e-01,4.411620199680328369e-01,9.375625103712081909e-02,-4.684844240546226501e-02,2.685427963733673096e-01,3.491165637969970703e-01,5.205825567245483398e-01,5.649673342704772949e-01,2.533447742462158203e-01,2.404013872146606445e-01,1.831256598234176636e-01,2.107743471860885620e-01,3.756160438060760498e-01,2.307574152946472168e-01,5.732834935188293457e-01,6.066708564758300781e-01,1.155874133110046387e-01,2.022724151611328125e-01,2.530613169074058533e-02,-2.591546252369880676e-02,1.271185427904129028e-01,2.970591187477111816e-01,1.085544526576995850e-01,3.481596708297729492e-01,4.691273346543312073e-02,2.014448642730712891e-01,4.822286590933799744e-02,4.306162148714065552e-02,9.742319583892822266e-02,-1.899665570817887783e-03,1.468335241079330444e-01,1.527452468872070312e-01,8.420287817716598511e-02,3.322624787688255310e-02,4.509932920336723328e-02,4.957963153719902039e-02,1.422860175371170044e-01,1.210337057709693909e-01,1.774732172489166260e-01,3.373031616210937500e-01,4.518184661865234375e-01,3.821740150451660156e-01,3.738312795758247375e-02,-3.339047357439994812e-02,2.485026717185974121e-01,-6.725259125232696533e-02,3.456306159496307373e-01,2.948698699474334717e-01,2.110658446326851845e-03,-2.322417683899402618e-02,-2.797269262373447418e-02,-1.063377708196640015e-01,5.725543946027755737e-03,-1.112493276596069336e-01,4.062335193157196045e-01,5.143600106239318848e-01,3.204072117805480957e-01,3.199928700923919678e-01,3.356476128101348877e-01,3.101560771465301514e-01,2.637377679347991943e-01,1.854154169559478760e-01,3.019861876964569092e-01,3.422124385833740234e-01,3.915302455425262451e-01,3.408586680889129639e-01,2.303057117387652397e-03,3.355267047882080078e-01,2.295600026845932007e-01,1.906000822782516479e-01,-1.171887218952178955e-01,3.414386510848999023e-02,5.284363776445388794e-02,1.537680178880691528e-01,-1.424574665725231171e-02,9.476432204246520996e-02,-1.535019874572753906e-01,-1.276091039180755615e-01,3.243930935859680176e-01,4.736611545085906982e-01,2.809542119503021240e-01,3.775235712528228760e-01,1.251655071973800659e-01,2.715540826320648193e-01,-9.336528182029724121e-02,-1.537682712078094482e-01,-3.750863485038280487e-03,3.430223464965820312e-02,3.442966938018798828e-01,2.409114539623260498e-01,1.971436291933059692e-01,2.261239588260650635e-01,3.645082414150238037e-01,3.385730087757110596e-01,2.805106043815612793e-01,1.822952777147293091e-01,1.211002990603446960e-01,2.146255224943161011e-01,2.158005386590957642e-01,1.960162818431854248e-01
2.987153828144073486e-03,-8.271884173154830933e-02,2.860810458660125732e-01,1.472562402486801147e-01,7.174906730651855469e-01,5.074406862258911133e-01,1.528838425874710083e-01,2.610104344785213470e-02,9.999998211860656738e-01,5.568785667419433594e-01,1.384854167699813843e-01,-3.757306188344955444e-02,2.746068835258483887e-01,6.016092747449874878e-02,7.807802557945251465e-01,4.141460657119750977e-01,7.827451080083847046e-02,-4.836191609501838684e-02,4.670415446162223816e-02,-7.741936296224594116e-02,3.973319232463836670e-01,3.031789362430572510e-01,5.486233159899711609e-03,1.643904298543930054e-02,4.409965276718139648e-01,5.138741731643676758e-01,5.741433501243591309e-01,5.219472646713256836e-01,1.751214414834976196e-01,9.819543361663818359e-02,2.322026491165161133e-01,1.707664430141448975e-01,-9.182776510715484619e-02,-1.028618216514587402e-01,-1.522908955812454224e-01,-2.150560617446899414e-01,8.636435121297836304e-02,1.654128544032573700e-02,1.932303607463836670e-01,1.772650778293609619e-01,1.158115342259407043e-01,1.965881437063217163e-01,4.261941090226173401e-02,-2.672208100557327271e-02,1.445413194596767426e-02,1.208032816648483276e-01,-1.460925769060850143e-02,-3.489104658365249634e-02,-7.356423884630203247e-02,4.546302836388349533e-03,-2.086988985538482666e-01,-9.975222498178482056e-02,2.749699866399168968e-03,-2.915481105446815491e-02,2.014505118131637573e-01,1.973142027854919434e-01,-1.746330223977565765e-02,-5.416789278388023376e-02,-6.279659923166036606e-03,2.691057045012712479e-03,-9.105214476585388184e-02,-1.508651673793792725e-01,-1.406223773956298828e-01,-2.068026363849639893e-01,-3.213823139667510986e-01,-1.861949265003204346e-01,-1.521946936845779419e-01,-8.807574957609176636e-02,-1.220696344971656799e-01,-2.662555277347564697e-01,2.714600861072540283e-01,1.511373817920684814e-01,2.286433428525924683e-01,1.602129638195037842e-01,1.442046761512756348e-01,2.526588179171085358e-02,8.466463536024093628e-02,5.491802841424942017e-02,1.153223365545272827e-01,-7.084390614181756973e-03,2.263499423861503601e-02,-4.063304513692855835e-02,5.992943644523620605e-01,3.057118654251098633e-01,1.257417947053909302e-01,-2.793383225798606873e-02,4.582921266555786133e-01,3.509086072444915771e-01,3.970312178134918213e-01,3.496728241443634033e-01,2.730883061885833740e-01,2.095274478197097778e-01,3.642099797725677490e-01,3.642118275165557861e-01,-2.396925538778305054e-02,-4.880213737487792969e-02,1.779988557100296021e-01,3.599689109250903130e-03,1.961475163698196411e-01,1.205642297863960266e-01,3.068112432956695557e-01,3.309422135353088379e-01,2.102384418249130249e-01,2.612137794494628906e-01,9.506515413522720337e-02,9.852321445941925049e-02,1.696034818887710571e-01,6.554470956325531006e-02,-6.536541879177093506e-02,-4.827357828617095947e-02,-8.019468933343887329e-02,1.202510446310043335e-01,2.704661786556243896e-01,3.284151107072830200e-02,6.081651896238327026e-02,1.538539528846740723e-01
-1.107483264058828354e-02,4.738118872046470642e-02,5.982208251953125000e-02,9.870206564664840698e-02,5.690494775772094727e-01,6.667493581771850586e-01,2.325863204896450043e-02,1.878658831119537354e-01,5.568785667419433594e-01,9.999997615814208984e-01,6.949520856142044067e-02,1.143993437290191650e-01,1.124985441565513611e-01,3.145060241222381592e-01,5.058912634849548340e-01,7.343440651893615723e-01,9.840872883796691895e-02,7.122398912906646729e-02,1.154539361596107483e-02,-6.640912592411041260e-02,2.736667692661285400e-01,2.806958556175231934e-01,-5.955160595476627350e-03,3.925804421305656433e-02,3.707206249237060547e-01,4.710168838500976562e-01,4.283875823020935059e-01,5.281295180320739746e-01,1.629882156848907471e-01,2.509308159351348877e-01,2.317026406526565552e-01,2.323744148015975952e-01,-1.239801049232482910e-01,-1.210131198167800903e-01,-1.210681200027465820e-01,-1.331210583448410034e-01,1.103544011712074280e-01,1.311289072036743164e-01,1.190056875348091125e-01,2.430210113525390625e-01,1.133567988872528076e-01,1.788190454244613647e-01,-1.097079515457153320e-01,-1.432231217622756958e-01,-1.494393050670623779e-01,-1.170165613293647766e-01,-3.037429228425025940e-02,-5.429685488343238831e-02,-1.667456179857254028e-01,-1.685087084770202637e-01,-2.052331864833831787e-01,-1.597507447004318237e-01,-9.204027801752090454e-02,-3.506584465503692627e-02,9.803779423236846924e-02,2.112352699041366577e-01,2.308581583201885223e-02,6.236803019419312477e-04,-1.873013824224472046e-01,-1.731704473495483398e-01,-2.086154669523239136e-01,-8.898317813873291016e-02,-1.219516322016716003e-01,-7.653365284204483032e-02,-2.715581953525543213e-01,-1.997853815555572510e-01,-2.646738588809967041e-01,-2.454509437084197998e-01,-7.765059173107147217e-02,-2.104539573192596436e-01,2.760393321514129639e-01,1.833602935075759888e-01,2.853693068027496338e-01,2.369636148214340210e-01,1.920663863420486450e-01,1.471745669841766357e-01,1.354818940162658691e-01,1.517348885536193848e-01,1.593730300664901733e-01,3.934212774038314819e-02,5.613884702324867249e-02,9.344418346881866455e-02,4.135330319404602051e-01,6.352000236511230469e-01,6.431239098310470581e-02,5.434007197618484497e-02,2.288710325956344604e-01,4.597338140010833740e-01,1.709107309579849243e-01,3.228443264961242676e-01,5.108591914176940918e-02,1.457751542329788208e-01,7.696304470300674438e-02,1.533211916685104370e-01,-1.122980937361717224e-02,1.336076408624649048e-01,1.125874593853950500e-01,9.964191168546676636e-02,6.667892634868621826e-02,1.328607797622680664e-01,6.050315499305725098e-02,1.562748551368713379e-01,3.977017104625701904e-02,1.419067531824111938e-01,1.818312555551528931e-01,1.979224085807800293e-01,1.618351042270660400e-01,1.945185661315917969e-01,1.153637468814849854e-01,1.941928267478942871e-02,-4.312767460942268372e-02,1.816411130130290985e-02,1.257030814886093140e-01,-5.933565646409988403e-02,8.141545206308364868e-02,1.547154188156127930e-01
5.655229091644287109e-01,3.294660747051239014e-01,3.156474530696868896e-01,3.242669403553009033e-01,1.378843337297439575e-01,1.367307752370834351e-01,6.423684358596801758e-01,4.147993624210357666e-01,1.384854167699813843e-01,6.949520856142044067e-02,1.000000238418579102e+00,5.813014507293701172e-01,7.475574016571044922e-01,5.497461557388305664e-01,2.728458046913146973e-01,1.551673412322998047e-01,6.961862444877624512e-01,5.747792124748229980e-01,1.181189566850662231e-01,-4.030376300215721130e-02,2.518379986286163330e-01,2.825760245323181152e-01,3.960320055484771729e-01,3.653917312622070312e-01,2.514193356037139893e-01,2.645089030265808105e-01,2.630819678306579590e-01,1.537569314241409302e-01,6.963247656822204590e-01,4.663886427879333496e-01,6.005455255508422852e-01,5.501570701599121094e-01,9.529786556959152222e-02,1.694705337285995483e-01,-7.404188066720962524e-02,-1.146087124943733215e-01,7.786256074905395508e-02,1.612668931484222412e-01,-6.992848962545394897e-02,1.384308785200119019e-01,-2.371764555573463440e-02,1.229035556316375732e-01,-4.991123452782630920e-02,-5.939892493188381195e-03,-5.867311730980873108e-02,-1.089345216751098633e-01,1.721987277269363403e-01,1.085353568196296692e-01,-8.573259226977825165e-03,-1.274293810129165649e-01,4.091320931911468506e-02,-1.089168936014175415e-01,2.301242500543594360e-01,4.547912627458572388e-02,3.257487416267395020e-01,2.917939126491546631e-01,5.505515336990356445e-01,2.437721192836761475e-01,-3.555198013782501221e-02,-8.729134500026702881e-02,1.814329326152801514e-01,-1.755269318819046021e-01,4.460985660552978516e-01,1.565726399421691895e-01,-1.008846983313560486e-01,-1.639017164707183838e-01,-9.583755582571029663e-02,-1.204774528741836548e-01,-1.322315931320190430e-01,-1.874196082353591919e-01,3.541202545166015625e-01,3.978407680988311768e-01,7.989355921745300293e-02,3.481238186359405518e-01,2.162102609872817993e-01,1.778148263692855835e-01,1.731055676937103271e-01,1.517586261034011841e-01,4.030085802078247070e-01,5.554427504539489746e-01,6.953815221786499023e-01,4.788690507411956787e-01,2.527902424335479736e-01,1.911624670028686523e-01,6.295084357261657715e-01,1.880081743001937866e-01,-3.827755525708198547e-02,-3.575368598103523254e-02,4.676849842071533203e-01,2.309407740831375122e-01,1.727423071861267090e-01,8.772604167461395264e-02,1.521771401166915894e-02,-6.326881796121597290e-02,3.907772004604339600e-01,2.668788731098175049e-01,1.899015754461288452e-01,2.218509912490844727e-01,1.722517758607864380e-01,2.468623220920562744e-01,8.021308481693267822e-02,-1.074824631214141846e-01,1.556217223405838013e-01,7.068947702646255493e-02,2.910496294498443604e-01,2.537205815315246582e-01,1.202135235071182251e-01,2.535654902458190918e-01,2.711278200149536133e-01,2.754108309745788574e-01,2.382750958204269409e-01,1.547898203134536743e-01,1.571038812398910522e-01,1.612253040075302124e-01,3.053955733776092529e-01,2.902147471904754639e-01
5.338170528411865234e-01,5.152021050453186035e-01,1.214327961206436157e-01,2.257502675056457520e-01,1.465704943984746933e-02,1.181887611746788025e-01,4.716087877750396729e-01,5.281821489334106445e-01,-3.757306188344955444e-02,1.143993437290191650e-01,5.813014507293701172e-01,9.999999403953552246e-01,4.101897180080413818e-01,7.144991755485534668e-01,1.625957898795604706e-02,2.325340211391448975e-01,6.079845428466796875e-01,6.981176137924194336e-01,4.477040376514196396e-03,-1.106578856706619263e-01,1.764410287141799927e-01,2.426835596561431885e-01,4.015238285064697266e-01,3.759495615959167480e-01,1.711700409650802612e-01,1.674242615699768066e-01,9.043615311384201050e-02,1.007482036948204041e-01,5.409024953842163086e-01,5.822625160217285156e-01,4.449690878391265869e-01,4.831341207027435303e-01,1.841429173946380615e-01,2.705878615379333496e-01,8.754388242959976196e-02,9.826391004025936127e-03,2.075751870870590210e-01,3.067537546157836914e-01,-3.217404708266258240e-02,1.931374520063400269e-01,2.057781675830483437e-03,1.413312554359436035e-01,-1.255516558885574341e-01,-2.952031046152114868e-02,-1.911167800426483154e-01,-2.107156813144683838e-01,1.714916676282882690e-01,1.271068602800369263e-01,-1.087442412972450256e-01,-2.091467678546905518e-01,5.671174079179763794e-02,-1.012663468718528748e-01,1.939261853694915771e-01,1.777188181877136230e-01,2.613265812397003174e-01,3.182573616504669189e-01,5.032221674919128418e-01,3.453803062438964844e-01,-1.257453262805938721e-01,-1.613761037588119507e-01,1.214864552021026611e-01,-1.756712049245834351e-01,3.773461878299713135e-01,3.266738653182983398e-01,-6.419372558593750000e-02,-1.217686831951141357e-01,-1.435274481773376465e-01,-1.467256844043731689e-01,-1.192880719900131226e-01,-1.759770661592483521e-01,4.132510423660278320e-01,4.069195389747619629e-01,2.483354806900024414e-01,4.793575704097747803e-01,3.153356313705444336e-01,3.378407657146453857e-01,2.035172730684280396e-01,2.072058916091918945e-01,3.654540777206420898e-01,5.557123422622680664e-01,5.932928919792175293e-01,6.162837743759155273e-01,2.404282242059707642e-02,3.311469256877899170e-01,4.872556030750274658e-01,3.629695475101470947e-01,-1.750297695398330688e-01,5.468275398015975952e-02,2.332613766193389893e-01,2.981070876121520996e-01,1.009586304426193237e-01,2.022555917501449585e-01,-8.754280395805835724e-03,-7.756992708891630173e-03,3.334387242794036865e-01,3.731648325920104980e-01,2.203197330236434937e-01,2.639021873474121094e-01,2.021362930536270142e-01,2.796487808227539062e-01,5.488846823573112488e-02,-2.911242097616195679e-02,1.155582666397094727e-01,1.414986699819564819e-01,2.589949071407318115e-01,2.492869645357131958e-01,6.042318418622016907e-02,2.444497495889663696e-01,2.846910059452056885e-01,3.008909821510314941e-01,2.855637073516845703e-01,8.942519128322601318e-02,8.325208723545074463e-02,1.384983658790588379e-01,2.846080064773559570e-01,2.092261463403701782e-01
3.996549844741821289e-01,1.502143442630767822e-01,3.994387388229370117e-01,3.866376578807830811e-01,2.886332571506500244e-01,2.197800576686859131e-01,6.551223397254943848e-01,3.772148489952087402e-01,2.746068835258483887e-01,1.124985441565513611e-01,7.475574016571044922e-01,4.101897180080413818e-01,9.999997615814208984e-01,4.528300762176513672e-01,4.111985266208648682e-01,1.371571123600006104e-01,5.420477390289306641e-01,3.825332522392272949e-01,7.055335491895675659e-02,-6.778790801763534546e-02,4.066422581672668457e-01,3.833181262016296387e-01,3.991221785545349121e-01,4.088195860385894775e-01,3.350774645805358887e-01,3.624490201473236084e-01,3.406761586666107178e-01,2.439458966255187988e-01,6.239235997200012207e-01,4.085702896118164062e-01,6.317275762557983398e-01,5.622568726539611816e-01,3.404084220528602600e-02,1.066605672240257263e-01,-1.501915752887725830e-01,-1.764422655105590820e-01,-1.338211912661790848e-02,1.076466217637062073e-01,-3.932762891054153442e-02,1.097381636500358582e-01,4.368066415190696716e-02,2.046304494142532349e-01,2.270352095365524292e-03,-2.438044734299182892e-02,2.247342281043529510e-02,-1.280674152076244354e-02,1.731956154108047485e-01,1.262862980365753174e-01,3.682570904493331909e-02,-4.607764631509780884e-02,4.200248792767524719e-02,-5.375107377767562866e-02,2.646183371543884277e-01,8.302205801010131836e-02,2.332950681447982788e-01,2.514354288578033447e-01,3.991463184356689453e-01,1.219097003340721130e-01,2.549312543123960495e-03,-3.951467573642730713e-02,1.286866515874862671e-01,-1.721349954605102539e-01,2.739452421665191650e-01,4.206869006156921387e-02,-1.147628575563430786e-01,-1.238535046577453613e-01,-1.228987574577331543e-01,-1.581021845340728760e-01,-1.973143070936203003e-01,-2.838849127292633057e-01,3.589024841785430908e-01,3.987612128257751465e-01,8.435043692588806152e-02,3.676164746284484863e-01,2.416376322507858276e-01,2.353349030017852783e-01,1.197393909096717834e-01,9.781053662300109863e-02,2.812727689743041992e-01,4.067701697349548340e-01,5.474282503128051758e-01,3.164874017238616943e-01,3.921455144882202148e-01,1.279945224523544312e-01,5.218900442123413086e-01,1.118792146444320679e-01,1.286663413047790527e-01,-4.777112230658531189e-02,4.397363364696502686e-01,1.924418807029724121e-01,1.463439911603927612e-01,5.245722830295562744e-02,7.045228779315948486e-02,-2.854441106319427490e-02,2.901480793952941895e-01,1.646059453487396240e-01,1.361239552497863770e-01,1.281674802303314209e-01,1.100831553339958191e-01,1.730736643075942993e-01,8.371735364198684692e-02,-1.326640546321868896e-01,1.255940496921539307e-01,1.453392207622528076e-02,1.468566805124282837e-01,8.962822705507278442e-02,4.514633864164352417e-02,1.155353486537933350e-01,1.803387701511383057e-01,1.787040680646896362e-01,1.443567425012588501e-01,1.171608939766883850e-01,1.705163568258285522e-01,1.218914687633514404e-01,1.955639272928237915e-01,1.763381958007812500e-01
