1.000000357627868652e+00,5.910012722015380859e-01,4.601182639598846436e-01,6.393104195594787598e-01,5.103177577257156372e-02,9.301294386386871338e-02,4.724198281764984131e-01,4.278736114501953125e-01,2.177368402481079102e-01,3.449476063251495361e-01,6.075524091720581055e-01,4.218121170997619629e-01,4.060055911540985107e-01,3.915525674819946289e-01,3.243670165538787842e-01,3.477161824703216553e-01,5.554695725440979004e-01,4.686666131019592285e-01,4.232387542724609375e-01,6.225636005401611328e-01,5.382295697927474976e-02,4.066266492009162903e-02,7.803837209939956665e-02,3.890099227428436279e-01,6.924482434988021851e-02,-8.746066689491271973e-02,1.967580467462539673e-01,1.323752999305725098e-01,5.082120895385742188e-01,3.677277863025665283e-01,3.433478176593780518e-01,3.065893650054931641e-01,6.688394546508789062e-01,6.381583213806152344e-01,5.733047053217887878e-02,-1.838596165180206299e-01,4.937683343887329102e-01,2.486928552389144897e-01,2.097740173339843750e-01,7.577289640903472900e-02,1.838459968566894531e-01,9.703638404607772827e-02,3.921161890029907227e-01,4.413668215274810791e-01,3.599009513854980469e-01,4.182501137256622314e-01,3.687815368175506592e-01,2.332717627286911011e-01,4.067364037036895752e-01,4.335607290267944336e-01,4.680586457252502441e-01,4.436023831367492676e-01,5.039408206939697266e-01,3.737934827804565430e-01,4.847390949726104736e-01,3.063147664070129395e-01,7.476462125778198242e-01,6.066260933876037598e-01,4.387428164482116699e-01,4.201323390007019043e-01,5.260547995567321777e-01,4.502581655979156494e-01,4.621561169624328613e-01,2.797837853431701660e-01,5.070325732231140137e-01,4.752366244792938232e-01,5.439183115959167480e-01,4.994657933712005615e-01,6.409137248992919922e-01,5.518524050712585449e-01,1.120281741023063660e-01,1.875074803829193115e-01,2.857511341571807861e-01,3.822197616100311279e-01,3.506245836615562439e-02,-1.150825992226600647e-01,4.288026392459869385e-01,4.358647465705871582e-01,4.432226717472076416e-01,4.474761188030242920e-01,4.968499541282653809e-01,3.830943405628204346e-01,2.275493741035461426e-01,2.647950947284698486e-01,5.593904852867126465e-01,4.231392741203308105e-01,4.038602858781814575e-02,2.627692818641662598e-01,4.152924716472625732e-01,3.704722225666046143e-01,4.793165326118469238e-01,1.667149811983108521e-01,4.193052351474761963e-01,1.306196898221969604e-01,-5.222558230161666870e-02,-8.845356293022632599e-03,1.687456518411636353e-01,3.643978387117385864e-02,4.382969141006469727e-01,1.282993555068969727e-01,3.509488701820373535e-01,1.395784914493560791e-01,3.743750452995300293e-01,3.456690609455108643e-01,8.315046876668930054e-02,9.855634719133377075e-02,2.345577776432037354e-01,2.443694323301315308e-01,4.925984889268875122e-02,-1.409377753734588623e-01,-1.649985760450363159e-01,3.090584278106689453e-01,3.153855800628662109e-01,2.000536620616912842e-01,2.159214764833450317e-01,9.927865117788314819e-02
5.910012722015380859e-01,1.000000119209289551e+00,4.870694875717163086e-01,6.246240735054016113e-01,9.500344842672348022e-02,1.371539831161499023e-01,3.908989429473876953e-01,4.990126192569732666e-01,2.598095536231994629e-01,2.130443155765533447e-01,3.438117206096649170e-01,4.493288099765777588e-01,2.450310438871383667e-01,4.346714317798614502e-01,3.402177691459655762e-01,2.321552634239196777e-01,3.837497830390930176e-01,6.289322376251220703e-01,2.329121679067611694e-01,4.551977515220642090e-01,1.485888659954071045e-01,1.490108966827392578e-01,7.114055752754211426e-02,4.209120273590087891e-01,1.073092073202133179e-01,1.280669867992401123e-02,2.859357893466949463e-01,2.763280570507049561e-01,3.148218393325805664e-01,4.432324469089508057e-01,2.217741012573242188e-01,1.025557890534400940e-01,5.797418355941772461e-01,6.624613404273986816e-01,5.024597421288490295e-02,-1.195180639624595642e-01,2.623892426490783691e-01,2.153234332799911499e-01,2.158265113830566406e-01,1.541601568460464478e-01,1.309492290019989014e-01,3.133818507194519043e-01,3.098722100257873535e-01,5.027150511741638184e-01,2.657906413078308105e-01,4.008571207523345947e-01,2.239487320184707642e-01,2.557347118854522705e-01,3.005240559577941895e-01,3.784224390983581543e-01,3.218645453453063965e-01,5.300725698471069336e-01,3.340334296226501465e-01,3.441753983497619629e-01,2.390030324459075928e-01,1.869431585073471069e-01,6.016352176666259766e-01,7.009794116020202637e-01,3.032838404178619385e-01,3.635161519050598145e-01,2.908445000648498535e-01,3.750362098217010498e-01,1.554934978485107422e-01,2.052260935306549072e-01,3.486160039901733398e-01,4.393181502819061279e-01,3.587778210639953613e-01,4.795226454734802246e-01,5.156651139259338379e-01,4.899228215217590332e-01,1.880302297649905086e-04,1.776299998164176941e-02,1.538430154323577881e-01,4.496344029903411865e-01,3.715239837765693665e-02,1.108727529644966125e-01,2.962869405746459961e-01,4.046097993850708008e-01,2.415413707494735718e-01,3.945604264736175537e-01,2.830553948879241943e-01,5.932540893554687500e-01,2.343563586473464966e-01,4.621261358261108398e-01,3.749568462371826172e-01,5.183433294296264648e-01,-2.112449705600738525e-02,2.884682416915893555e-01,1.660294681787490845e-01,4.114146232604980469e-01,2.308461815118789673e-01,1.773752272129058838e-01,3.899885118007659912e-01,3.832587301731109619e-01,-1.654320955276489258e-01,-9.927457571029663086e-02,4.657463356852531433e-02,-1.026177927851676941e-01,2.624407708644866943e-01,8.341754227876663208e-02,3.734468519687652588e-01,3.661928474903106689e-01,3.903980553150177002e-01,3.924669921398162842e-01,1.708419024944305420e-01,2.137435227632522583e-01,9.017673879861831665e-02,2.528164982795715332e-01,-4.586261138319969177e-02,-1.700654923915863037e-01,-2.223121672868728638e-01,1.865712255239486694e-01,3.786497414112091064e-01,2.571533918380737305e-01,2.548763453960418701e-01,1.741101741790771484e-01
4.601182639598846436e-01,4.870694875717163086e-01,9.999998211860656738e-01,7.149289846420288086e-01,1.603095382452011108e-01,1.126844584941864014e-01,7.328543066978454590e-01,5.790629386901855469e-01,3.302020430564880371e-01,6.238772347569465637e-02,4.878446757793426514e-01,3.492783606052398682e-01,4.065518081188201904e-01,2.955073118209838867e-01,1.590763777494430542e-01,6.027470529079437256e-02,3.682832121849060059e-01,4.287076294422149658e-01,3.015129268169403076e-01,5.315343141555786133e-01,1.414345055818557739e-01,1.010732129216194153e-01,3.620308637619018555e-01,6.157448887825012207e-01,2.170382440090179443e-01,1.180490255355834961e-01,2.121900022029876709e-01,1.540464907884597778e-01,5.677504539489746094e-01,3.095668554306030273e-01,4.254717528820037842e-01,2.814307510852813721e-01,4.249822199344635010e-01,5.433162450790405273e-01,-4.815067723393440247e-02,-1.277700066566467285e-01,3.196487426757812500e-01,1.715037077665328979e-01,1.646198630332946777e-01,1.115551963448524475e-01,2.992063462734222412e-01,1.543592065572738647e-01,1.677034497261047363e-01,1.745893806219100952e-01,1.568545997142791748e-01,1.952972561120986938e-01,1.067865639925003052e-01,1.093415021896362305e-01,1.802243888378143311e-01,1.807514578104019165e-01,2.226454913616180420e-01,2.879396080970764160e-01,2.380167394876480103e-01,1.570900082588195801e-01,2.066968977451324463e-01,1.433281451463699341e-01,3.794782459735870361e-01,3.286424577236175537e-01,1.690727025270462036e-01,1.636184453964233398e-01,1.937381774187088013e-01,1.315556615591049194e-01,1.133758872747421265e-01,2.189404517412185669e-02,2.517637610435485840e-01,1.949263662099838257e-01,1.430414319038391113e-01,1.682071685791015625e-01,2.320930957794189453e-01,1.655698418617248535e-01,1.342644244432449341e-01,2.804351784288883209e-02,3.101222813129425049e-01,3.302772939205169678e-01,1.328928768634796143e-01,2.629634458571672440e-03,1.804600208997726440e-01,2.863472104072570801e-01,2.937581241130828857e-01,3.130410313606262207e-01,4.403336644172668457e-01,3.817882537841796875e-01,1.341002136468887329e-01,2.376863658428192139e-01,4.007899463176727295e-01,2.546908855438232422e-01,-6.696830689907073975e-02,2.538116881623864174e-03,2.673493325710296631e-01,2.539159655570983887e-01,2.590961456298828125e-01,1.757467091083526611e-01,3.840366005897521973e-01,2.848353087902069092e-01,-6.752757728099822998e-02,1.581322168931365013e-03,5.477277189493179321e-02,-2.284131012856960297e-02,2.313750088214874268e-01,1.545374095439910889e-01,3.360759317874908447e-01,2.019380927085876465e-01,2.497801333665847778e-01,8.963190019130706787e-02,8.451192080974578857e-02,1.135919094085693359e-01,1.938978284597396851e-01,2.766979634761810303e-01,-2.453328296542167664e-02,-1.042169779539108276e-01,-1.643150299787521362e-01,1.009893417358398438e-01,2.622737288475036621e-01,2.281630337238311768e-01,1.987672895193099976e-01,2.246900200843811035e-01
6.393104195594787598e-01,6.246240735054016113e-01,7.149289846420288086e-01,1.000000476837158203e+00,1.688696742057800293e-01,1.989507526159286499e-01,5.853685736656188965e-01,7.302990555763244629e-01,2.816002964973449707e-01,3.301491439342498779e-01,5.516336560249328613e-01,5.670641660690307617e-01,4.410440921783447266e-01,5.500146746635437012e-01,2.284064739942550659e-01,3.128988444805145264e-01,4.612536132335662842e-01,5.692673921585083008e-01,4.266228079795837402e-01,6.051623225212097168e-01,5.416725575923919678e-02,1.032198779284954071e-02,3.410468697547912598e-01,6.876928210258483887e-01,1.540641337633132935e-01,1.719468645751476288e-02,2.409254461526870728e-01,2.212195843458175659e-01,5.230332612991333008e-01,4.549143612384796143e-01,4.503800272941589355e-01,3.397204279899597168e-01,5.574789643287658691e-01,6.098614335060119629e-01,-6.609945744276046753e-02,-2.102634906768798828e-01,4.391708374023437500e-01,2.748355269432067871e-01,2.895306348800659180e-01,1.785401999950408936e-01,2.279739677906036377e-01,1.432788074016571045e-01,2.621268332004547119e-01,2.765380740165710449e-01,3.154968917369842529e-01,3.183008134365081787e-01,1.552534997463226318e-01,1.017076447606086731e-01,3.066639006137847900e-01,3.019233644008636475e-01,3.014152050018310547e-01,3.758662343025207520e-01,3.322258889675140381e-01,2.758770585060119629e-01,3.552180230617523193e-01,2.526713609695434570e-01,5.329847931861877441e-01,5.262847542762756348e-01,3.002373576164245605e-01,3.108104169368743896e-01,3.163791596889495850e-01,3.419507741928100586e-01,2.429353743791580200e-01,2.138753384351730347e-01,3.314696252346038818e-01,3.750494420528411865e-01,3.702917993068695068e-01,3.545266091823577881e-01,4.925376176834106445e-01,3.562603592872619629e-01,1.084171757102012634e-01,9.865148365497589111e-02,2.602235078811645508e-01,4.401746392250061035e-01,4.971827194094657898e-02,-2.697715908288955688e-02,2.981243431568145752e-01,4.037422835826873779e-01,3.125130534172058105e-01,4.478538036346435547e-01,4.051323831081390381e-01,4.745236337184906006e-01,2.147697508335113525e-01,3.190374076366424561e-01,4.159496128559112549e-01,4.355257153511047363e-01,2.812737412750720978e-02,2.310571223497390747e-01,3.601790368556976318e-01,3.902634680271148682e-01,3.850841820240020752e-01,2.559104859828948975e-01,3.672031164169311523e-01,2.591806948184967041e-01,-9.079947322607040405e-02,-2.696075104176998138e-02,7.418009638786315918e-02,-4.623354598879814148e-02,3.458400666713714600e-01,1.901865154504776001e-01,3.519093990325927734e-01,2.353481501340866089e-01,3.042750656604766846e-01,2.811000347137451172e-01,1.234406158328056335e-01,1.399977505207061768e-01,2.508569359779357910e-01,3.628762066364288330e-01,-3.019180148839950562e-02,-1.954367756843566895e-01,-2.420049309730529785e-01,1.791448593139648438e-01,2.980802655220031738e-01,1.941518783569335938e-01,1.756454110145568848e-01,1.396179348230361938e-01
5.103177577257156372e-02,9.500344842672348022e-02,1.603095382452011108e-01,1.688696742057800293e-01,9.999999403953552246e-01,6.200312376022338867e-01,9.615586698055267334e-02,8.369061350822448730e-02,3.670983016490936279e-01,1.628818809986114502e-01,8.266011625528335571e-02,9.311854094266891479e-02,1.295278966426849365e-01,9.230408817529678345e-02,2.681043446063995361e-01,1.404533237218856812e-01,1.125814393162727356e-01,9.544578194618225098e-02,-3.110427409410476685e-02,1.137739606201648712e-02,2.918678522109985352e-01,2.340513169765472412e-01,3.092657029628753662e-02,1.344249695539474487e-01,4.298759996891021729e-01,3.880575001239776611e-01,6.013520359992980957e-01,3.964281678199768066e-01,6.954983621835708618e-02,1.154007986187934875e-01,3.058602511882781982e-01,2.483361959457397461e-01,6.472616642713546753e-02,9.195719659328460693e-02,1.274658590555191040e-01,1.041551530361175537e-01,4.598648846149444580e-02,3.177874162793159485e-02,6.191506981849670410e-02,9.647396951913833618e-02,-3.101112321019172668e-02,8.370064944028854370e-02,9.448450058698654175e-02,1.029470190405845642e-01,1.246292367577552795e-01,6.737975776195526123e-02,9.150181710720062256e-02,1.488585174083709717e-01,7.824076712131500244e-02,1.068907901644706726e-01,6.189468130469322205e-02,4.223527014255523682e-02,1.369171589612960815e-01,1.015672758221626282e-01,1.019890755414962769e-01,2.258382588624954224e-01,1.412297040224075317e-01,1.462199091911315918e-01,1.472292095422744751e-01,1.811298280954360962e-01,1.578525006771087646e-01,8.291383087635040283e-02,1.726985126733779907e-01,1.871318370103836060e-01,7.439451664686203003e-02,1.305154561996459961e-01,1.505962610244750977e-01,2.010371834039688110e-01,1.223390027880668640e-01,9.716586023569107056e-02,1.476117223501205444e-01,1.070574969053268433e-01,9.520941227674484253e-02,2.014820277690887451e-01,7.284671813249588013e-02,2.622271776199340820e-01,1.097090840339660645e-01,2.075691968202590942e-01,2.490317262709140778e-02,1.824307888746261597e-01,8.039895445108413696e-02,9.539750218391418457e-02,1.466000378131866455e-01,1.443989276885986328e-01,9.322846680879592896e-02,1.219788193702697754e-01,7.945451885461807251e-03,4.501650854945182800e-02,1.100333258509635925e-01,8.784230053424835205e-02,1.991490721702575684e-01,8.519149571657180786e-02,1.231127604842185974e-01,1.213997323065996170e-02,-1.081486865878105164e-01,-5.220984667539596558e-02,7.008698582649230957e-02,8.890663273632526398e-03,1.514685004949569702e-01,3.240565583109855652e-02,6.307879090309143066e-02,-6.442410498857498169e-02,9.850754588842391968e-02,2.167633362114429474e-02,3.047642670571804047e-02,5.432793498039245605e-02,5.984470620751380920e-02,3.524812683463096619e-02,-1.119561791419982910e-01,-3.387917531654238701e-03,5.170862004160881042e-02,1.430687010288238525e-01,1.248433962464332581e-01,1.360395550727844238e-01,1.027852203696966171e-02,9.262654930353164673e-02
9.301294386386871338e-02,1.371539831161499023e-01,1.126844584941864014e-01,1.989507526159286499e-01,6.200312376022338867e-01,9.999997019767761230e-01,7.226272951811552048e-03,1.761002093553543091e-01,2.027646601200103760e-01,3.924729228019714355e-01,6.778343766927719116e-02,1.723741888999938965e-01,3.371750190854072571e-02,1.975763887166976929e-01,2.393631935119628906e-01,3.467907011508941650e-01,1.277792900800704956e-01,9.805814921855926514e-02,1.251042187213897705e-01,8.714597672224044800e-02,1.237605139613151550e-01,4.728492721915245056e-02,8.719058334827423096e-02,7.614199072122573853e-02,2.505390048027038574e-01,3.060575723648071289e-01,5.748385190963745117e-01,3.963021636009216309e-01,3.117952682077884674e-02,1.730827391147613525e-01,2.652120590209960938e-01,2.596126794815063477e-01,1.104144528508186340e-01,1.444078534841537476e-01,1.928903278894722462e-03,-2.042213454842567444e-02,1.336197108030319214e-01,9.266821295022964478e-02,-1.761723123490810394e-02,-7.117617875337600708e-02,-1.490748859941959381e-02,1.135193184018135071e-01,1.277955174446105957e-01,1.598736494779586792e-01,2.334084808826446533e-01,1.335392147302627563e-01,1.501763015985488892e-01,1.807402968406677246e-01,2.029384374618530273e-01,1.563692688941955566e-01,1.622462272644042969e-01,1.373992413282394409e-01,1.850279569625854492e-01,1.386905610561370850e-01,1.073431447148323059e-01,1.882345676422119141e-01,1.568427979946136475e-01,1.660763770341873169e-01,2.029456496238708496e-01,1.874227374792098999e-01,1.775417029857635498e-01,1.301237791776657104e-01,1.275848448276519775e-01,1.430275291204452515e-01,1.737660020589828491e-01,1.379151046276092529e-01,1.997702419757843018e-01,2.037869244813919067e-01,1.714477837085723877e-01,1.362265646457672119e-01,2.156149595975875854e-02,5.527752265334129333e-02,-3.470500558614730835e-02,1.268815398216247559e-01,6.342625617980957031e-02,9.907450526952743530e-02,1.629881858825683594e-01,2.267179787158966064e-01,8.002283424139022827e-02,1.745395511388778687e-01,4.408138245344161987e-02,5.361254885792732239e-02,1.620900481939315796e-01,7.921440154314041138e-02,1.261533349752426147e-01,1.515836119651794434e-01,9.191286750137805939e-03,1.208974272012710571e-01,9.812676161527633667e-02,1.445789933204650879e-01,1.964779347181320190e-01,7.491150498390197754e-02,7.464823126792907715e-02,3.577966475859284401e-03,5.603289231657981873e-03,2.537738718092441559e-02,7.583155483007431030e-02,5.868123099207878113e-02,1.814562827348709106e-01,3.659979999065399170e-02,7.642544060945510864e-02,1.382472575642168522e-03,1.094075217843055725e-01,1.606775671243667603e-01,-7.050618063658475876e-03,8.153704926371574402e-03,3.942322358489036560e-02,7.356654852628707886e-02,2.873462066054344177e-02,-5.656674876809120178e-02,-1.533691771328449249e-02,1.468054354190826416e-01,7.093167304992675781e-02,1.298783421516418457e-01,1.939970813691616058e-02,-3.440838679671287537e-02
4.724198281764984131e-01,3.908989429473876953e-01,7.328543066978454590e-01,5.853685736656188965e-01,9.615586698055267334e-02,7.226272951811552048e-03,1.000000119209289551e+00,5.429198741912841797e-01,2.740551829338073730e-01,4.761885851621627808e-02,6.148030161857604980e-01,3.948779702186584473e-01,5.810391306877136230e-01,3.483769893646240234e-01,2.419613599777221680e-01,6.257648020982742310e-02,4.787960052490234375e-01,4.799832105636596680e-01,2.496312707662582397e-01,4.558770656585693359e-01,1.113036870956420898e-01,8.544196933507919312e-02,2.393502146005630493e-01,5.977832078933715820e-01,1.330585926771163940e-01,1.013265699148178101e-01,1.676910370588302612e-01,1.293969899415969849e-01,6.613357067108154297e-01,3.766054213047027588e-01,3.571767807006835938e-01,2.421718239784240723e-01,4.004998207092285156e-01,5.097090601921081543e-01,-9.301979839801788330e-02,-1.628090888261795044e-01,3.873491883277893066e-01,2.609883844852447510e-01,2.775200605392456055e-01,2.202891558408737183e-01,3.325868844985961914e-01,2.694584727287292480e-01,9.752810746431350708e-02,1.064791306853294373e-01,1.128267422318458557e-01,1.607438772916793823e-01,4.093184322118759155e-02,1.410421542823314667e-02,1.172042265534400940e-01,1.337664127349853516e-01,1.612276285886764526e-01,2.169949561357498169e-01,1.473827809095382690e-01,6.699261814355850220e-02,2.894754707813262939e-01,1.570371240377426147e-01,3.833375871181488037e-01,2.618329524993896484e-01,9.860336035490036011e-02,1.345071196556091309e-01,1.812352687120437622e-01,9.085915982723236084e-02,1.202631518244743347e-01,3.203028813004493713e-02,2.236678302288055420e-01,1.575757563114166260e-01,1.475630253553390503e-01,9.235096722841262817e-02,1.655008047819137573e-01,1.122208014130592346e-01,1.998942941427230835e-01,8.399903774261474609e-02,4.095896482467651367e-01,3.569894731044769287e-01,1.452371031045913696e-01,-3.729772940278053284e-02,2.633293867111206055e-01,3.166587352752685547e-01,4.311280548572540283e-01,3.143583536148071289e-01,5.567871332168579102e-01,4.204640388488769531e-01,1.860302239656448364e-01,2.956406474113464355e-01,4.597311615943908691e-01,2.862357497215270996e-01,-1.685382053256034851e-02,8.978015929460525513e-02,3.939634859561920166e-01,3.273293673992156982e-01,2.495883554220199585e-01,1.767270267009735107e-01,3.691380023956298828e-01,3.119158148765563965e-01,-2.084929309785366058e-02,5.005170777440071106e-02,1.069219782948493958e-01,3.491951152682304382e-02,2.696139812469482422e-01,1.547307670116424561e-01,3.844292759895324707e-01,2.944375872611999512e-01,3.627784252166748047e-01,2.002861648797988892e-01,9.734261035919189453e-02,1.310123354196548462e-01,2.911479175090789795e-01,3.625636994838714600e-01,7.877790182828903198e-02,-1.015831902623176575e-01,-2.039354741573333740e-01,1.164766550064086914e-01,2.263682037591934204e-01,2.228848785161972046e-01,2.216862291097640991e-01,2.534776628017425537e-01
4.278736114501953125e-01,4.990126192569732666e-01,5.790629386901855469e-01,7.302990555763244629e-01,8.369061350822448730e-02,1.761002093553543091e-01,5.429198741912841797e-01,9.999997019767761230e-01,1.443098783493041992e-01,4.576588571071624756e-01,4.494521021842956543e-01,5.994422435760498047e-01,4.525826573371887207e-01,6.775588989257812500e-01,2.547248303890228271e-01,4.676139950752258301e-01,4.475366175174713135e-01,6.196117997169494629e-01,3.685126304626464844e-01,4.921583235263824463e-01,-2.762188203632831573e-02,-4.884443059563636780e-02,2.737772464752197266e-01,5.993865132331848145e-01,3.552136570215225220e-02,4.190555959939956665e-02,1.515030562877655029e-01,2.451885640621185303e-01,4.880590140819549561e-01,6.014865636825561523e-01,3.322165310382843018e-01,2.658008038997650146e-01,4.075574278831481934e-01,5.072564482688903809e-01,-1.564916372299194336e-01,-2.403198629617691040e-01,4.155613780021667480e-01,3.442181944847106934e-01,3.626662790775299072e-01,2.159223556518554688e-01,1.731502562761306763e-01,2.412866503000259399e-01,1.830441504716873169e-01,1.345840245485305786e-01,3.626832962036132812e-01,2.971914112567901611e-01,4.061069339513778687e-02,-2.709772903472185135e-03,3.028863370418548584e-01,2.001591026782989502e-01,2.459400445222854614e-01,3.291615545749664307e-01,1.744019389152526855e-01,7.085355371236801147e-02,3.138836324214935303e-01,2.148727476596832275e-01,3.695220053195953369e-01,4.146894812583923340e-01,2.210451364517211914e-01,2.624328434467315674e-01,2.100074589252471924e-01,2.392133027315139771e-01,1.065722554922103882e-01,1.117637157440185547e-01,2.964216768741607666e-01,3.014827072620391846e-01,2.850461602210998535e-01,2.254683375358581543e-01,3.235034048557281494e-01,1.835322976112365723e-01,9.141560643911361694e-02,8.860538899898529053e-02,1.778477579355239868e-01,4.115844964981079102e-01,-3.142171353101730347e-02,-5.757033079862594604e-02,2.712732851505279541e-01,3.385814428329467773e-01,3.145773410797119141e-01,4.481670558452606201e-01,4.215611815452575684e-01,5.162325501441955566e-01,3.150862455368041992e-01,3.774241209030151367e-01,4.223185181617736816e-01,4.849629104137420654e-01,9.672850370407104492e-02,3.402509391307830811e-01,3.979750871658325195e-01,5.004075765609741211e-01,2.587741315364837646e-01,1.553228050470352173e-01,2.694006562232971191e-01,2.569566667079925537e-01,-3.038069978356361389e-02,-6.062474567443132401e-04,3.775939717888832092e-02,-1.892023719847202301e-02,2.885931730270385742e-01,1.573129147291183472e-01,3.243992328643798828e-01,2.983165979385375977e-01,2.639930546283721924e-01,3.538910448551177979e-01,7.798592001199722290e-02,9.519197046756744385e-02,2.441264241933822632e-01,4.045414626598358154e-01,5.760344490408897400e-02,-2.651542425155639648e-01,-3.034563660621643066e-01,1.301254332065582275e-01,1.700919568538665771e-01,1.544170081615447998e-01,1.676412522792816162e-01,1.116609945893287659e-01
2.177368402481079102e-01,2.598095536231994629e-01,3.302020430564880371e-01,2.816002964973449707e-01,3.670983016490936279e-01,2.027646601200103760e-01,2.740551829338073730e-01,1.443098783493041992e-01,9.999999403953552246e-01,1.219233572483062744e-01,2.674848437309265137e-01,1.728550046682357788e-01,2.955492138862609863e-01,2.305828407406806946e-02,3.459544479846954346e-01,9.335921704769134521e-02,2.929938025772571564e-02,1.670093536376953125e-01,-1.049743518233299255e-01,7.308464497327804565e-02,1.816843003034591675e-01,2.294257469475269318e-02,2.304514795541763306e-01,3.260365426540374756e-01,3.353929519653320312e-01,2.449611127376556396e-01,3.154097497463226318e-01,1.998701542615890503e-01,2.846365272998809814e-01,2.300789803266525269e-01,3.606221377849578857e-01,3.201872706413269043e-01,1.954971998929977417e-01,3.069831430912017822e-01,7.423529773950576782e-02,1.561300922185182571e-02,1.405842304229736328e-01,8.113303035497665405e-02,4.866555333137512207e-02,6.064255721867084503e-03,2.523643672466278076e-01,2.108891457319259644e-01,1.832947731018066406e-01,2.626084983348846436e-01,7.860135287046432495e-02,2.222691178321838379e-01,1.199340000748634338e-01,1.307229101657867432e-01,1.568957120180130005e-01,3.061950802803039551e-01,2.004999965429306030e-01,2.571121156215667725e-01,2.724972665309906006e-01,3.118264377117156982e-01,1.157869398593902588e-01,1.364973634481430054e-01,2.513998150825500488e-01,3.006343245506286621e-01,2.158513218164443970e-01,2.251944988965988159e-01,2.135023176670074463e-01,2.275734990835189819e-01,5.055718123912811279e-02,4.751287400722503662e-02,1.707289516925811768e-01,2.039221376180648804e-01,1.691095679998397827e-01,2.207686305046081543e-01,2.847982943058013916e-01,3.474707007408142090e-01,2.232704758644104004e-01,1.994320899248123169e-01,2.121252268552780151e-01,2.442660480737686157e-01,2.911691367626190186e-02,9.238818287849426270e-02,1.283030360937118530e-01,2.051382660865783691e-01,4.892509430646896362e-02,2.282130122184753418e-01,1.182882934808731079e-01,1.668211817741394043e-01,-1.651726313866674900e-03,1.548480093479156494e-01,2.178888767957687378e-01,1.791068017482757568e-01,-1.262413561344146729e-01,1.601290516555309296e-02,4.865403473377227783e-02,1.060662418603897095e-01,1.338975131511688232e-01,8.904508501291275024e-02,2.496884763240814209e-01,9.569291770458221436e-02,-3.319986164569854736e-02,4.060631617903709412e-02,7.113398611545562744e-02,5.601346865296363831e-02,1.015824154019355774e-01,2.724743820726871490e-02,6.948676705360412598e-02,8.884605765342712402e-02,7.358128577470779419e-02,6.418678909540176392e-02,-1.080034002661705017e-01,-5.099159106612205505e-02,-5.335718393325805664e-02,1.456733793020248413e-02,1.694587431848049164e-02,-1.133472751826047897e-02,-6.475275754928588867e-02,5.364172905683517456e-02,2.276655137538909912e-01,2.082441300153732300e-01,1.167144179344177246e-01,3.361169621348381042e-02
3.449476063251495361e-01,2.130443155765533447e-01,6.238772347569465637e-02,3.301491439342498779e-01,1.628818809986114502e-01,3.924729228019714355e-01,4.761885851621627808e-02,4.576588571071624756e-01,1.219233572483062744e-01,9.999998211860656738e-01,2.505711913108825684e-01,3.896455168724060059e-01,1.591932028532028198e-01,5.505697131156921387e-01,3.733254075050354004e-01,8.303528428077697754e-01,3.816033005714416504e-01,3.235610127449035645e-01,3.696028590202331543e-01,2.634537518024444580e-01,-1.352139413356781006e-01,-1.717036962509155273e-01,-6.651104893535375595e-03,1.373349577188491821e-01,-5.483211949467658997e-02,-5.755410715937614441e-02,1.938619315624237061e-01,2.208740264177322388e-01,2.062346190214157104e-01,5.152290463447570801e-01,2.225153446197509766e-01,3.109034597873687744e-01,3.108830451965332031e-01,2.967715561389923096e-01,-1.319495886564254761e-01,-2.207226306200027466e-01,4.163902997970581055e-01,3.396624624729156494e-01,1.729053854942321777e-01,-6.168382242321968079e-02,-5.035747587680816650e-02,1.164748072624206543e-01,2.366184741258621216e-01,2.842909395694732666e-01,3.848082125186920166e-01,3.573602437973022461e-01,2.196640074253082275e-01,1.094536930322647095e-01,3.762212395668029785e-01,3.199997544288635254e-01,3.399070799350738525e-01,3.218621313571929932e-01,2.513493299484252930e-01,2.141619622707366943e-01,4.116630256175994873e-01,2.807946801185607910e-01,3.343000411987304688e-01,3.387715816497802734e-01,3.758144676685333252e-01,3.685654401779174805e-01,3.781989216804504395e-01,3.715406954288482666e-01,1.722060889005661011e-01,1.147625595331192017e-01,3.864177763462066650e-01,3.949521481990814209e-01,4.622299969196319580e-01,3.592641651630401611e-01,3.812651932239532471e-01,2.960609793663024902e-01,1.310143768787384033e-01,3.025837838649749756e-01,-6.215668469667434692e-02,3.659855723381042480e-01,-1.737037003040313721e-01,-9.576829522848129272e-02,3.402994871139526367e-01,2.952357232570648193e-01,1.737616807222366333e-01,3.617380559444427490e-01,1.428976058959960938e-01,1.865938901901245117e-01,2.270916104316711426e-01,9.566568583250045776e-02,2.699423134326934814e-01,3.576759696006774902e-01,-7.139791734516620636e-03,4.162052273750305176e-01,3.248729407787322998e-01,3.886112272739410400e-01,2.876727581024169922e-01,-1.139538213610649109e-01,1.019629612565040588e-01,-1.972470879554748535e-01,1.231013238430023193e-01,8.527369052171707153e-02,1.448658406734466553e-01,1.645856648683547974e-01,3.458979129791259766e-01,-3.668541461229324341e-02,1.065492182970046997e-01,-3.812911733984947205e-02,1.076338365674018860e-01,4.255090355873107910e-01,-1.561066359281539917e-01,-1.583961248397827148e-01,7.074415683746337891e-02,2.180495262145996094e-01,2.231243699789047241e-01,-2.288902401924133301e-01,-2.056940495967864990e-01,2.063027471303939819e-01,4.934594035148620605e-02,-1.482006907463073730e-02,1.642512679100036621e-01,-2.074216306209564209e-01
6.075524091720581055e-01,3.438117206096649170e-01,4.878446757793426514e-01,5.516336560249328613e-01,8.266011625528335571e-02,6.778343766927719116e-02,6.148030161857604980e-01,4.494521021842956543e-01,2.674848437309265137e-01,2.505711913108825684e-01,1.000000119209289551e+00,6.025270819664001465e-01,6.132718324661254883e-01,4.174819290637969971e-01,1.916466355323791504e-01,2.139878869056701660e-01,5.812166333198547363e-01,5.130337476730346680e-01,2.785037159919738770e-01,3.613063097000122070e-01,3.848085179924964905e-03,1.849859021604061127e-02,1.658816635608673096e-01,4.067495763301849365e-01,4.888669401407241821e-02,-8.495199680328369141e-02,1.436495631933212280e-01,1.417664736509323120e-01,6.118746399879455566e-01,4.079848229885101318e-01,3.600136935710906982e-01,3.005384504795074463e-01,3.916438817977905273e-01,4.192691743373870850e-01,-1.513924151659011841e-01,-2.568537890911102295e-01,5.529205799102783203e-01,2.148060500621795654e-01,2.569244205951690674e-01,1.118034273386001587e-01,3.137009143829345703e-01,1.392604559659957886e-01,1.995974481105804443e-01,1.627325713634490967e-01,1.632144302129745483e-01,2.372893542051315308e-01,6.709069758653640747e-02,-5.076995864510536194e-02,1.933581829071044922e-01,2.655391395092010498e-01,2.420888990163803101e-01,1.964464783668518066e-01,2.795207202434539795e-01,7.775803655385971069e-02,4.059546887874603271e-01,2.137625813484191895e-01,5.499749779701232910e-01,3.767674565315246582e-01,2.583964467048645020e-01,3.387848138809204102e-01,4.434244632720947266e-01,3.578770458698272705e-01,3.464968800544738770e-01,2.382512241601943970e-01,3.321627080440521240e-01,3.187704980373382568e-01,3.047350347042083740e-01,2.306051701307296753e-01,3.369209766387939453e-01,2.725622057914733887e-01,3.212745189666748047e-01,2.199821770191192627e-01,3.722391724586486816e-01,3.634108304977416992e-01,8.496869355440139771e-02,-1.392954885959625244e-01,3.733334243297576904e-01,3.913104832172393799e-01,4.722849428653717041e-01,4.780357182025909424e-01,5.985834002494812012e-01,3.772646486759185791e-01,2.553467750549316406e-01,2.323546111583709717e-01,5.001040101051330566e-01,2.944872379302978516e-01,6.737988442182540894e-02,1.031671762466430664e-01,5.162498354911804199e-01,2.715824842453002930e-01,3.906394839286804199e-01,1.046274155378341675e-01,2.922954857349395752e-01,8.241719752550125122e-02,-4.279337078332901001e-02,-1.562067773193120956e-03,8.070208877325057983e-02,-1.953542046248912811e-02,3.171251118183135986e-01,3.892485424876213074e-02,3.973380029201507568e-01,1.582318097352981567e-01,3.920642435550689697e-01,2.892200648784637451e-01,7.938013970851898193e-02,1.064527928829193115e-01,3.842701017856597900e-01,4.157719314098358154e-01,7.847832143306732178e-02,-2.375261336565017700e-01,-2.974088191986083984e-01,9.701815247535705566e-02,1.265044361352920532e-01,1.288633197546005249e-01,2.176701575517654419e-01,1.711094230413436890e-01
4.218121170997619629e-01,4.493288099765777588e-01,3.492783606052398682e-01,5.670641660690307617e-01,9.311854094266891479e-02,1.723741888999938965e-01,3.948779702186584473e-01,5.994422435760498047e-01,1.728550046682357788e-01,3.896455168724060059e-01,6.025270819664001465e-01,1.000000000000000000e+00,5.512644648551940918e-01,6.964492797851562500e-01,3.328055441379547119e-01,3.837916254997253418e-01,4.753298461437225342e-01,6.842184662818908691e-01,3.089575171470642090e-01,3.168594539165496826e-01,-1.295331865549087524e-01,-8.427981287240982056e-02,2.103280723094940186e-01,4.556196033954620361e-01,-7.203899323940277100e-02,-1.111178770661354065e-01,2.043817043304443359e-01,2.858830392360687256e-01,3.603758215904235840e-01,5.907926559448242188e-01,2.227215170860290527e-01,2.533325850963592529e-01,3.703570961952209473e-01,4.313551187515258789e-01,-1.854624897241592407e-01,-2.584649622440338135e-01,4.912406802177429199e-01,3.764749467372894287e-01,3.247012197971343994e-01,2.155493348836898804e-01,1.293974816799163818e-01,2.937962114810943604e-01,1.912563741207122803e-01,1.666180789470672607e-01,1.983247399330139160e-01,2.725488245487213135e-01,-3.083642013370990753e-02,-6.189528480172157288e-02,1.899724900722503662e-01,2.765026986598968506e-01,1.427214741706848145e-01,2.165922820568084717e-01,1.641173809766769409e-01,6.569673120975494385e-02,3.508022725582122803e-01,2.886746227741241455e-01,4.267140328884124756e-01,4.351483583450317383e-01,1.998777687549591064e-01,3.760847151279449463e-01,3.196620047092437744e-01,3.860972225666046143e-01,1.767788827419281006e-01,3.722173869609832764e-01,2.559089362621307373e-01,3.567127883434295654e-01,3.713854253292083740e-01,3.138008117675781250e-01,3.404983580112457275e-01,2.646920084953308105e-01,1.918445974588394165e-01,2.301049828529357910e-01,2.063991427421569824e-01,4.772503972053527832e-01,2.637080615386366844e-03,-4.753475263714790344e-02,3.450956344604492188e-01,3.798038363456726074e-01,3.702310025691986084e-01,4.889329671859741211e-01,3.666688203811645508e-01,5.778102874755859375e-01,3.674397766590118408e-01,3.953363597393035889e-01,3.649797737598419189e-01,5.044720172882080078e-01,1.429689824581146240e-01,2.922074794769287109e-01,4.093444943428039551e-01,4.036361277103424072e-01,2.734957933425903320e-01,2.239001989364624023e-01,8.498860150575637817e-02,1.801289767026901245e-01,-3.969601541757583618e-02,-6.562179420143365860e-03,6.395774544216692448e-04,-8.178837597370147705e-02,2.067281007766723633e-01,5.499134957790374756e-02,2.985172271728515625e-01,3.024249374866485596e-01,3.274163007736206055e-01,3.968418240547180176e-01,1.011889427900314331e-01,9.709890186786651611e-02,3.528211414813995361e-01,4.623193144798278809e-01,6.044702231884002686e-02,-3.509099185466766357e-01,-3.673630058765411377e-01,-1.032541133463382721e-02,3.604994341731071472e-02,1.203820332884788513e-01,2.258229553699493408e-01,1.377317160367965698e-01
4.060055911540985107e-01,2.450310438871383667e-01,4.065518081188201904e-01,4.410440921783447266e-01,1.295278966426849365e-01,3.371750190854072571e-02,5.810391306877136230e-01,4.525826573371887207e-01,2.955492138862609863e-01,1.591932028532028198e-01,6.132718324661254883e-01,5.512644648551940918e-01,1.000000119209289551e+00,5.343003869056701660e-01,3.710691630840301514e-01,1.738876253366470337e-01,4.716346859931945801e-01,4.842139780521392822e-01,2.847402691841125488e-01,2.720536589622497559e-01,1.856086542829871178e-03,5.783031880855560303e-02,2.447784245014190674e-01,4.774906337261199951e-01,7.679401338100433350e-02,7.238660007715225220e-02,1.522816121578216553e-01,2.507237195968627930e-01,5.309619307518005371e-01,4.003855884075164795e-01,3.336278498172760010e-01,2.872869968414306641e-01,3.248505592346191406e-01,3.925880491733551025e-01,-3.610603138804435730e-02,-1.447538435459136963e-01,4.674551784992218018e-01,3.874709904193878174e-01,4.143216311931610107e-01,2.687298655509948730e-01,2.323692291975021362e-01,2.844516634941101074e-01,1.332983970642089844e-01,5.131328105926513672e-02,1.061671450734138489e-01,1.300072371959686279e-01,2.850414440035820007e-02,-6.752365082502365112e-02,9.900818765163421631e-02,1.087281256914138794e-01,6.947716325521469116e-02,8.071490377187728882e-02,1.213486716151237488e-01,1.146186143159866333e-02,3.717940747737884521e-01,2.118231356143951416e-01,3.330851793289184570e-01,1.633140891790390015e-01,2.759260497987270355e-02,1.157753989100456238e-01,1.620309054851531982e-01,7.267075777053833008e-02,1.974492669105529785e-01,1.799702942371368408e-01,1.653513014316558838e-01,1.219057515263557434e-01,2.293502986431121826e-01,1.438530683517456055e-01,2.166357487440109253e-01,1.028864011168479919e-01,2.511123120784759521e-01,2.082818001508712769e-01,3.874159157276153564e-01,4.115420281887054443e-01,8.101153373718261719e-02,1.700468361377716064e-02,2.633810043334960938e-01,2.282503098249435425e-01,3.696646094322204590e-01,2.409237921237945557e-01,5.069794654846191406e-01,4.914105236530303955e-01,3.156588673591613770e-01,3.764268457889556885e-01,4.922787547111511230e-01,4.033185243606567383e-01,1.383884698152542114e-01,1.679807156324386597e-01,4.814010858535766602e-01,3.588322699069976807e-01,2.519078850746154785e-01,2.228619754314422607e-01,1.837043762207031250e-01,2.211415022611618042e-01,-5.927767138928174973e-03,7.907777279615402222e-02,8.615009486675262451e-02,1.000905060209333897e-03,2.072294205427169800e-01,1.336505711078643799e-01,3.124991059303283691e-01,2.505486011505126953e-01,3.183183073997497559e-01,2.718126177787780762e-01,4.891273006796836853e-02,6.241351366043090820e-02,3.406096696853637695e-01,2.658351957798004150e-01,7.255062460899353027e-02,-2.002604901790618896e-01,-1.802781671285629272e-01,3.337737545371055603e-02,1.184326559305191040e-01,1.456221789121627808e-01,1.463763564825057983e-01,1.190662533044815063e-01
