9.999995827674865723e-01,5.347955226898193359e-01,2.961782217025756836e-01,4.669384062290191650e-01,-3.259799480438232422e-01,5.438213795423507690e-02,3.805133104324340820e-01,2.942977845668792725e-01,-1.442302763462066650e-01,4.834542796015739441e-02,4.259145259857177734e-01,2.105376571416854858e-01,3.966278582811355591e-02,1.593290865421295166e-01,-2.660574615001678467e-01,1.458275914192199707e-01,4.613233804702758789e-01,2.891882061958312988e-01,5.760051012039184570e-01,6.691849231719970703e-01,-1.157273799180984497e-01,-1.283153295516967773e-01,2.941083721816539764e-02,6.826909631490707397e-02,-1.529856771230697632e-01,-1.103857830166816711e-01,-6.227536872029304504e-02,1.157250702381134033e-01,1.923630088567733765e-01,2.024790644645690918e-01,7.101868838071823120e-02,7.441034913063049316e-02,4.717987775802612305e-01,5.130251646041870117e-01,2.612787187099456787e-01,1.595770865678787231e-01,4.647110998630523682e-01,3.989457786083221436e-01,3.588770329952239990e-02,-1.082713380455970764e-01,3.077155649662017822e-01,-6.683345139026641846e-02,-2.901424169540405273e-01,-1.629178375005722046e-01,-4.429207444190979004e-01,-4.293587207794189453e-01,4.386427253484725952e-02,-1.398625373840332031e-01,-4.117343425750732422e-01,-4.076256752014160156e-01,-2.097717970609664917e-01,-3.255345225334167480e-01,-5.651794373989105225e-02,-1.066427156329154968e-01,3.065782785415649414e-01,1.807072013616561890e-01,7.551451325416564941e-01,4.197660088539123535e-01,1.025273948907852173e-01,-1.202963218092918396e-01,4.440125226974487305e-01,9.296678006649017334e-02,5.855541825294494629e-01,3.521296679973602295e-01,6.670665740966796875e-02,-9.227644652128219604e-02,1.572801619768142700e-01,2.790793217718601227e-02,5.122088789939880371e-01,4.910611510276794434e-01,1.038732901215553284e-01,7.558289915323257446e-02,1.700717210769653320e-01,-1.209751516580581665e-01,1.232958864420652390e-02,-7.739913463592529297e-02,2.772659063339233398e-01,2.465381622314453125e-01,3.803272843360900879e-01,4.082925319671630859e-01,5.122106671333312988e-01,3.695125281810760498e-01,-2.632441222667694092e-01,-3.448953330516815186e-01,4.387027025222778320e-01,3.558722436428070068e-01,-1.327186673879623413e-01,-1.542799472808837891e-01,4.632501602172851562e-01,2.007367759943008423e-01,2.715868055820465088e-01,1.702101379632949829e-01,1.934946775436401367e-01,1.435523033142089844e-01,2.045554220676422119e-01,1.692139953374862671e-01,3.490241765975952148e-01,2.237674444913864136e-01,4.022959172725677490e-01,3.219325840473175049e-01,2.573465704917907715e-01,2.312008589506149292e-01,2.614274621009826660e-01,2.248921543359756470e-01,2.258761078119277954e-01,1.967287063598632812e-01,1.969354748725891113e-01,2.220531553030014038e-01,4.678521305322647095e-02,1.578593812882900238e-02,5.464288219809532166e-02,6.166293285787105560e-03,8.524386584758758545e-02,2.198293358087539673e-01,7.795354723930358887e-02,2.355249822139739990e-01
5.347955226898193359e-01,1.000000596046447754e+00,2.249184250831604004e-01,5.262024402618408203e-01,-2.489895373582839966e-01,1.816452592611312866e-01,9.431398659944534302e-02,4.742642641067504883e-01,-2.976537644863128662e-01,2.527489364147186279e-01,7.866274565458297729e-02,3.857704997062683105e-01,-2.918140292167663574e-01,3.343247771263122559e-01,-4.272743165493011475e-01,3.286893665790557861e-01,2.200700342655181885e-01,4.395961761474609375e-01,5.559529662132263184e-01,6.174137592315673828e-01,-1.772682666778564453e-01,-6.678985059261322021e-02,-1.095219422131776810e-02,-6.159759685397148132e-02,-9.271597117185592651e-02,-5.059213936328887939e-02,1.373107638210058212e-02,2.570761442184448242e-01,-7.459366321563720703e-02,3.713813424110412598e-01,7.810670137405395508e-02,1.027155891060829163e-01,4.563008844852447510e-01,5.432240366935729980e-01,2.123065888881683350e-01,1.429875642061233521e-01,3.149288892745971680e-01,3.310652971267700195e-01,2.113435976207256317e-02,-1.895319670438766479e-01,2.099938392639160156e-01,-9.177038073539733887e-02,-2.728730738162994385e-01,-3.559757024049758911e-02,-4.284349679946899414e-01,-2.561990320682525635e-01,4.130319878458976746e-02,-4.260531812906265259e-02,-3.461754024028778076e-01,-1.918581575155258179e-01,-2.124265432357788086e-01,4.936536028981208801e-02,-2.087373472750186920e-02,1.596361249685287476e-01,2.042869627475738525e-01,1.255822181701660156e-01,5.541604757308959961e-01,7.921265959739685059e-01,1.037540808320045471e-01,1.491240710020065308e-01,2.876029014587402344e-01,3.985159099102020264e-01,3.034382760524749756e-01,6.581615805625915527e-01,-1.014439016580581665e-01,2.735744118690490723e-01,2.168429940938949585e-01,1.460341215133666992e-01,6.747718453407287598e-01,5.579892992973327637e-01,-1.511796470731496811e-02,1.483884006738662720e-01,1.011252850294113159e-01,-4.189039021730422974e-02,4.940767958760261536e-02,-4.821756482124328613e-02,2.230786234140396118e-01,2.314045876264572144e-01,1.544490158557891846e-01,3.938450515270233154e-01,1.839202791452407837e-01,4.733270704746246338e-01,-3.567892014980316162e-01,-2.425120472908020020e-01,9.757136553525924683e-02,5.246191024780273438e-01,-8.761456608772277832e-02,3.431022539734840393e-02,1.901535391807556152e-01,2.921637296676635742e-01,9.802490472793579102e-02,3.005670309066772461e-01,1.113005056977272034e-01,3.846529424190521240e-01,4.377415403723716736e-02,-1.088825985789299011e-02,1.939780414104461670e-01,5.450749397277832031e-02,2.094859033823013306e-01,3.255052268505096436e-01,9.650700539350509644e-02,3.732770085334777832e-01,3.027994185686111450e-02,2.536480128765106201e-01,5.252329260110855103e-02,9.579531103372573853e-02,3.307028859853744507e-02,1.461433321237564087e-01,-1.175728812813758850e-01,-1.517943739891052246e-01,-6.651125848293304443e-02,-1.048306003212928772e-02,1.135065779089927673e-01,1.453240960836410522e-01,-1.960873138159513474e-03,2.507189847528934479e-02
2.961782217025756836e-01,2.249184250831604004e-01,9.999994039535522461e-01,6.782995462417602539e-01,1.846093088388442993e-01,4.330738484859466553e-01,7.082518935203552246e-01,6.770628094673156738e-01,3.192206844687461853e-02,4.951306581497192383e-01,4.409857988357543945e-01,4.801353216171264648e-01,5.255872607231140137e-01,6.244807243347167969e-01,3.196351230144500732e-02,2.056960314512252808e-01,2.079689502716064453e-01,2.180667370557785034e-01,5.694066882133483887e-01,4.682937562465667725e-01,2.212035208940505981e-01,5.496026203036308289e-02,6.838433146476745605e-01,4.611507952213287354e-01,4.333145022392272949e-01,3.973011970520019531e-01,2.554951608180999756e-01,3.439478576183319092e-01,4.058153927326202393e-01,4.169040620326995850e-01,5.980249643325805664e-01,5.933055877685546875e-01,2.538577616214752197e-01,2.740324139595031738e-01,-1.245075017213821411e-01,-2.034600377082824707e-01,1.941860914230346680e-01,1.861831992864608765e-01,3.320236206054687500e-01,3.412136062979698181e-02,2.315441220998764038e-01,1.312004923820495605e-01,-2.044059187173843384e-01,-2.240854352712631226e-01,-7.037600874900817871e-02,-1.467751562595367432e-01,-1.526275426149368286e-01,-1.451174616813659668e-01,-1.176451239734888077e-02,-1.278322637081146240e-01,-4.388764500617980957e-02,-1.795459240674972534e-01,-1.711167544126510620e-01,-1.864248067140579224e-01,-9.937969967722892761e-03,-3.692860156297683716e-02,8.487507700920104980e-02,4.536485299468040466e-02,-7.640767842531204224e-02,-1.796268671751022339e-01,-1.105075702071189880e-01,-9.652053564786911011e-02,6.215982884168624878e-02,5.997969582676887512e-02,-2.897980809211730957e-01,-2.076926827430725098e-01,-4.658895358443260193e-02,-1.981746703386306763e-01,1.800235211849212646e-01,5.067853257060050964e-02,4.445896148681640625e-01,4.710185229778289795e-01,2.591671943664550781e-01,1.031285226345062256e-01,1.022635102272033691e-01,1.646956503391265869e-01,3.126520290970802307e-02,-3.755711391568183899e-02,-7.771664112806320190e-02,2.045055292546749115e-02,2.270600497722625732e-01,7.415242493152618408e-02,-1.238554716110229492e-03,-9.462417662143707275e-02,9.163260459899902344e-02,7.806470990180969238e-02,5.912094935774803162e-02,6.961621344089508057e-02,1.856791675090789795e-01,4.983565956354141235e-02,-1.230972856283187866e-01,-1.679473668336868286e-01,-1.435064971446990967e-01,-1.727834045886993408e-01,8.742564171552658081e-02,3.608548641204833984e-02,8.700332790613174438e-02,3.826151043176651001e-02,-1.105864271521568298e-01,-1.072159633040428162e-01,-7.821264117956161499e-02,-9.414672851562500000e-02,-1.053320392966270447e-01,-1.656276583671569824e-01,-1.841774135828018188e-01,-2.397010475397109985e-01,-5.187938362360000610e-02,-1.073648631572723389e-01,3.572848811745643616e-02,-2.423229813575744629e-02,1.831790246069431305e-02,-1.484768837690353394e-01,-3.216630816459655762e-01,-2.536698579788208008e-01,-2.877447940409183502e-02,-1.815396547317504883e-01
4.669384062290191650e-01,5.262024402618408203e-01,6.782995462417602539e-01,9.999994635581970215e-01,3.168604150414466858e-02,4.139647781848907471e-01,5.881936550140380859e-01,7.989197373390197754e-01,-5.055692419409751892e-02,4.897805154323577881e-01,3.729448616504669189e-01,6.202220320701599121e-01,2.623215317726135254e-01,6.698106527328491211e-01,-1.413709521293640137e-01,2.901450097560882568e-01,1.636306196451187134e-01,3.452128171920776367e-01,6.186549067497253418e-01,7.007557153701782227e-01,7.709434628486633301e-02,-1.298073679208755493e-02,5.205811858177185059e-01,5.128544569015502930e-01,2.468416094779968262e-01,2.505953311920166016e-01,2.122119367122650146e-01,3.701741099357604980e-01,2.718705236911773682e-01,5.402545332908630371e-01,4.264721572399139404e-01,4.846503436565399170e-01,3.428738415241241455e-01,4.507174193859100342e-01,3.944875672459602356e-02,-2.146888151764869690e-02,2.882503271102905273e-01,2.425219714641571045e-01,2.126431167125701904e-01,-1.232950612902641296e-01,2.415577620267868042e-01,6.238022446632385254e-02,-2.825961709022521973e-01,-1.153480783104896545e-01,-2.258615046739578247e-01,-1.478744298219680786e-01,-1.289143264293670654e-01,-1.161856576800346375e-01,-1.164326369762420654e-01,-9.344834089279174805e-02,-1.342119425535202026e-01,-6.860934197902679443e-02,-1.976543962955474854e-01,-6.111773103475570679e-02,9.689283370971679688e-02,-1.111247669905424118e-02,2.492510974407196045e-01,3.932641446590423584e-01,9.081042557954788208e-02,4.723415523767471313e-02,-2.833966165781021118e-03,1.773000806570053101e-01,9.731382131576538086e-02,3.885855972766876221e-01,-2.157207876443862915e-01,9.493851661682128906e-02,1.183129027485847473e-01,2.324564009904861450e-02,4.223783314228057861e-01,3.600160181522369385e-01,2.738166451454162598e-01,4.031420052051544189e-01,3.282445073127746582e-01,1.218715608119964600e-01,1.094881817698478699e-01,9.773802012205123901e-02,1.373039036989212036e-01,1.035059764981269836e-01,-1.684658229351043701e-02,1.865939795970916748e-01,1.421169638633728027e-01,2.990958690643310547e-01,-1.015175580978393555e-01,-8.765436708927154541e-02,4.118037223815917969e-02,3.680562973022460938e-01,1.276557799428701401e-03,1.594782918691635132e-01,1.375510543584823608e-01,1.552255600690841675e-01,-8.863417059183120728e-02,1.545288972556591034e-02,-1.087315231561660767e-01,5.711904540657997131e-02,-4.131559282541275024e-02,-9.461642801761627197e-02,4.929012060165405273e-02,-3.645011037588119507e-02,-1.099931821227073669e-02,4.958479106426239014e-02,-6.583859026432037354e-02,8.037921786308288574e-02,-5.703710764646530151e-02,-9.646429680287837982e-03,-2.718968875706195831e-02,-4.573912546038627625e-02,1.080799475312232971e-02,3.320631757378578186e-02,-1.022778823971748352e-01,-1.645804941654205322e-01,-8.031433075666427612e-02,-1.379996240139007568e-01,-1.917108893394470215e-01,-1.369249224662780762e-01,-3.747089579701423645e-02,-8.341630548238754272e-02
-3.259799480438232422e-01,-2.489895373582839966e-01,1.846093088388442993e-01,3.168604150414466858e-02,9.999999403953552246e-01,4.378072917461395264e-01,1.751230061054229736e-01,9.691514819860458374e-02,4.700603485107421875e-01,2.995236515998840332e-01,1.462544351816177368e-01,2.017302215099334717e-01,4.150795042514801025e-01,2.096570730209350586e-01,5.303600430488586426e-01,9.843248873949050903e-02,-6.717197597026824951e-02,4.419862758368253708e-03,-2.468103766441345215e-01,-2.704061269760131836e-01,2.644726932048797607e-01,1.850359290838241577e-01,3.226981759071350098e-01,3.549504578113555908e-01,4.361302554607391357e-01,4.458555281162261963e-01,5.537812709808349609e-01,2.627230584621429443e-01,1.798038929700851440e-01,2.475516647100448608e-01,3.047084510326385498e-01,2.825115323066711426e-01,-2.051931917667388916e-01,-2.124777138233184814e-01,-1.238368898630142212e-01,-6.346970051527023315e-02,-2.512445859611034393e-02,-1.085480824112892151e-01,1.509131193161010742e-01,1.121640726923942566e-01,-1.630810648202896118e-02,2.328063249588012695e-01,1.331993937492370605e-01,1.103261113166809082e-01,3.489829599857330322e-01,2.913914918899536133e-01,-1.027764528989791870e-01,9.224089235067367554e-02,3.814147412776947021e-01,3.195476830005645752e-01,9.040246903896331787e-02,1.025411784648895264e-01,-5.819617584347724915e-02,-2.880030125379562378e-02,-2.054899334907531738e-01,-1.636014878749847412e-01,-3.640148043632507324e-01,-2.543534934520721436e-01,-1.439100876450538635e-02,6.991599500179290771e-02,-2.425513565540313721e-01,-1.281998157501220703e-01,-3.243200182914733887e-01,-2.640991508960723877e-01,-9.667477011680603027e-02,-1.742193289101123810e-02,-3.083703480660915375e-02,1.333952881395816803e-02,-3.068144023418426514e-01,-2.518972456455230713e-01,2.412311136722564697e-01,3.471581637859344482e-01,1.599512100219726562e-01,3.031707108020782471e-01,1.360565125942230225e-01,2.080843895673751831e-01,-3.446490317583084106e-02,-1.659768074750900269e-01,-2.244407385587692261e-01,-1.334617584943771362e-01,-2.032775878906250000e-01,-1.712186485528945923e-01,2.506421208381652832e-01,3.905033171176910400e-01,-1.992622762918472290e-01,-1.016706451773643494e-01,6.966423988342285156e-02,2.813498377799987793e-01,-1.774333119392395020e-01,5.963321309536695480e-03,-2.091921716928482056e-01,-2.108780145645141602e-01,-1.711378991603851318e-01,-1.721796244382858276e-01,-4.690213873982429504e-02,-4.487544670701026917e-02,-4.429870098829269409e-02,-1.720404438674449921e-02,-2.663750052452087402e-01,-2.922756373882293701e-01,-1.812682896852493286e-01,-1.697139739990234375e-01,-1.546434909105300903e-01,-2.672077417373657227e-01,-1.306814104318618774e-01,-1.147901043295860291e-01,-1.423092186450958252e-01,-1.389684975147247314e-01,-4.131607245653867722e-03,2.965031936764717102e-02,1.588391810655593872e-01,-7.833219319581985474e-02,-1.425602734088897705e-01,-1.776384711265563965e-01,1.006341129541397095e-01,-1.481807082891464233e-01
5.438213795423507690e-02,1.816452592611312866e-01,4.330738484859466553e-01,4.139647781848907471e-01,4.378072917461395264e-01,1.000000119209289551e+00,3.354725837707519531e-01,5.130680203437805176e-01,9.937142580747604370e-02,6.497523784637451172e-01,3.048949241638183594e-01,4.472739398479461670e-01,3.231497704982757568e-01,5.438035130500793457e-01,8.094282448291778564e-02,3.826227188110351562e-01,1.321188807487487793e-01,1.647122651338577271e-01,1.984533369541168213e-01,2.158216834068298340e-01,7.759625464677810669e-02,-8.101807534694671631e-02,4.998635947704315186e-01,3.600449860095977783e-01,5.542114973068237305e-01,5.884143710136413574e-01,5.539193749427795410e-01,6.521559953689575195e-01,3.242942392826080322e-01,4.083353877067565918e-01,4.477284550666809082e-01,4.598518013954162598e-01,1.292113512754440308e-01,1.133553907275199890e-01,5.144807696342468262e-02,-5.862826365046203136e-04,1.679503023624420166e-01,1.109662801027297974e-01,1.646400541067123413e-01,-7.072414457798004150e-02,2.081610262393951416e-01,1.555535793304443359e-01,-1.211652383208274841e-01,-7.553736865520477295e-02,-2.142345532774925232e-03,2.036267891526222229e-03,-1.524802297353744507e-01,-4.239103570580482483e-02,6.646835803985595703e-02,3.330711275339126587e-02,-6.455249339342117310e-02,-7.941582053899765015e-02,-1.914950162172317505e-01,-1.194734275341033936e-01,-7.614335417747497559e-02,-4.763493686914443970e-02,-3.726896643638610840e-02,7.848937064409255981e-02,-6.404589116573333740e-02,-6.064495816826820374e-02,-7.839586585760116577e-02,2.043657004833221436e-03,-6.902620941400527954e-02,7.563709467649459839e-02,-2.759767472743988037e-01,-7.802565395832061768e-02,-4.995272029191255569e-03,-5.017163604497909546e-02,7.075621187686920166e-02,7.168038189411163330e-02,2.869195640087127686e-01,3.896966874599456787e-01,3.178502917289733887e-01,1.450423300266265869e-01,1.709745675325393677e-01,1.510447710752487183e-01,1.401415187865495682e-02,-9.729043394327163696e-02,-1.609640009701251984e-02,5.791474878787994385e-02,6.898723542690277100e-02,8.303485065698623657e-02,1.430397480726242065e-01,-1.718161068856716156e-02,-3.218097845092415810e-03,1.168273612856864929e-01,2.118733525276184082e-01,1.531314849853515625e-01,5.368677899241447449e-02,1.224587708711624146e-01,-2.362173348665237427e-01,-7.030529528856277466e-02,-2.454087883234024048e-01,-1.041671633720397949e-01,-9.758780151605606079e-02,-1.448287069797515869e-01,5.261482670903205872e-02,2.368359453976154327e-02,-1.988232135772705078e-01,-8.385754376649856567e-02,-1.955285668373107910e-01,-1.201552674174308777e-01,-2.416137307882308960e-01,-2.285799980163574219e-01,-2.548037767410278320e-01,-2.815948724746704102e-01,-2.411760538816452026e-01,-2.433697134256362915e-01,-8.250980079174041748e-02,-5.228782072663307190e-02,1.185005828738212585e-01,-1.164936274290084839e-01,-2.107749730348587036e-01,-2.145045101642608643e-01,-1.564876735210418701e-01,-2.703766822814941406e-01
3.805133104324340820e-01,9.431398659944534302e-02,7.082518935203552246e-01,5.881936550140380859e-01,1.751230061054229736e-01,3.354725837707519531e-01,1.000000119209289551e+00,5.637264847755432129e-01,1.272967457771301270e-01,2.823571562767028809e-01,6.315597891807556152e-01,4.924166500568389893e-01,6.590855121612548828e-01,4.583437740802764893e-01,1.946360468864440918e-01,-4.368041828274726868e-02,3.577408790588378906e-01,3.147568404674530029e-01,4.585230350494384766e-01,4.412811696529388428e-01,1.905144751071929932e-01,-7.654921710491180420e-02,6.528801321983337402e-01,5.734871029853820801e-01,4.131017327308654785e-01,4.129137098789215088e-01,3.002150952816009521e-01,2.812352180480957031e-01,5.078045129776000977e-01,3.576191365718841553e-01,6.297772526741027832e-01,6.043910980224609375e-01,2.483339309692382812e-01,3.200493454933166504e-01,-1.002903059124946594e-01,-1.214549541473388672e-01,3.415493667125701904e-01,2.602897286415100098e-01,2.986697554588317871e-01,7.408508658409118652e-02,3.364790976047515869e-01,3.075135946273803711e-01,-2.938603758811950684e-01,-2.414724826812744141e-01,-1.174807474017143250e-01,-2.085741311311721802e-01,-2.597053050994873047e-01,-1.059941723942756653e-01,-6.187811866402626038e-02,-1.658161133527755737e-01,-1.761489510536193848e-01,-2.915868461132049561e-01,-2.845034599304199219e-01,-2.319106459617614746e-01,-4.300324991345405579e-02,-4.389076493680477142e-04,5.849054083228111267e-02,-1.140443086624145508e-01,-2.137070000171661377e-01,-3.004670441150665283e-01,-1.588224470615386963e-01,-2.585072517395019531e-01,1.678639650344848633e-02,-1.255097985267639160e-01,-2.728770971298217773e-01,-3.500424027442932129e-01,-1.339642703533172607e-01,-2.797996103763580322e-01,3.081706352531909943e-02,-2.085446007549762726e-02,4.657577872276306152e-01,4.391217231750488281e-01,3.754076361656188965e-01,2.148067653179168701e-01,1.769321262836456299e-01,3.036520183086395264e-01,1.003921404480934143e-01,1.118355616927146912e-02,1.003043539822101593e-02,1.141318604350090027e-01,2.611946761608123779e-01,1.751178056001663208e-01,-1.021354366093873978e-02,9.381631761789321899e-02,1.539544165134429932e-01,8.909359574317932129e-02,2.751379646360874176e-02,1.438005566596984863e-01,2.057345658540725708e-01,1.394607126712799072e-01,-2.138025611639022827e-01,-2.598358094692230225e-01,-2.581117153167724609e-01,-2.453052997589111328e-01,3.215000778436660767e-02,2.349302731454372406e-02,1.258984655141830444e-01,8.749015629291534424e-02,-5.383216217160224915e-02,-1.500374972820281982e-01,-7.369673997163772583e-02,-5.787277221679687500e-02,1.749208196997642517e-02,-5.131307989358901978e-02,3.551013767719268799e-02,-3.611421212553977966e-03,1.232840120792388916e-01,1.370480507612228394e-01,8.051766455173492432e-02,-1.968282088637351990e-02,9.846039116382598877e-02,-1.413136124610900879e-01,-2.625624835491180420e-01,-2.238234728574752808e-01,-3.384683281183242798e-02,-1.816028170287609100e-02
2.942977845668792725e-01,4.742642641067504883e-01,6.770628094673156738e-01,7.989197373390197754e-01,9.691514819860458374e-02,5.130680203437805176e-01,5.637264847755432129e-01,1.000000119209289551e+00,-9.022185951471328735e-02,6.377406120300292969e-01,4.133052527904510498e-01,6.909214854240417480e-01,2.962043285369873047e-01,7.965673804283142090e-01,-1.132929623126983643e-01,3.677740395069122314e-01,2.320480048656463623e-01,3.666348457336425781e-01,5.960180163383483887e-01,5.851593017578125000e-01,1.026393845677375793e-01,-5.003557354211807251e-02,6.262067556381225586e-01,4.201969802379608154e-01,3.833250701427459717e-01,3.644063174724578857e-01,2.993498146533966064e-01,4.852489233016967773e-01,3.877153396606445312e-01,5.953414440155029297e-01,5.265113711357116699e-01,5.755390524864196777e-01,3.741653263568878174e-01,4.253928065299987793e-01,5.311715975403785706e-02,-3.795077651739120483e-02,2.400097995996475220e-01,2.025191783905029297e-01,2.832878530025482178e-01,-1.110432222485542297e-01,3.274513483047485352e-01,1.111838147044181824e-01,-2.410040348768234253e-01,-1.336078345775604248e-01,-1.541314870119094849e-01,-1.039546802639961243e-01,-1.388347148895263672e-01,-1.125641688704490662e-01,-7.339408248662948608e-02,-3.730880096554756165e-02,-1.061036437749862671e-01,-2.893491834402084351e-02,-2.075548321008682251e-01,-4.683052748441696167e-02,3.467280417680740356e-02,-5.707608163356781006e-02,1.402298212051391602e-01,3.215962946414947510e-01,-1.170432311482727528e-03,-3.069965913891792297e-02,-8.782380074262619019e-02,1.234720870852470398e-01,-4.096777364611625671e-02,3.118763864040374756e-01,-3.036622107028961182e-01,4.499359056353569031e-02,1.236205101013183594e-01,-1.708936505019664764e-02,3.646436631679534912e-01,2.482030242681503296e-01,3.673149645328521729e-01,4.930194020271301270e-01,4.032536447048187256e-01,2.048761248588562012e-01,2.815515995025634766e-01,2.279357314109802246e-01,1.606938540935516357e-01,8.732738345861434937e-02,-3.471217676997184753e-02,1.331468820571899414e-01,1.391139179468154907e-01,2.538345456123352051e-01,1.404587551951408386e-02,-8.598396182060241699e-02,-2.739412896335124969e-02,2.967462837696075439e-01,1.528197228908538818e-01,1.550747752189636230e-01,6.527511030435562134e-02,1.506184488534927368e-01,-2.818605303764343262e-01,-5.744773149490356445e-02,-2.997710108757019043e-01,-6.135886907577514648e-02,-9.055987745523452759e-02,-1.668230891227722168e-01,-3.232882544398307800e-02,-9.940532594919204712e-02,-1.871860921382904053e-01,-6.281921267509460449e-02,-2.722662687301635742e-01,-2.630398981273174286e-02,-2.783525288105010986e-01,-1.335842013359069824e-01,-1.955225020647048950e-01,-2.112471312284469604e-01,-1.284303665161132812e-01,-9.330837428569793701e-02,-1.091044843196868896e-01,-1.276822686195373535e-01,-7.978262752294540405e-02,-1.679223924875259399e-01,-2.934287786483764648e-01,-2.960675060749053955e-01,-1.916065961122512817e-01,-2.601096332073211670e-01
-1.442302763462066650e-01,-2.976537644863128662e-01,3.192206844687461853e-02,-5.055692419409751892e-02,4.700603485107421875e-01,9.937142580747604370e-02,1.272967457771301270e-01,-9.022185951471328735e-02,9.999999403953552246e-01,1.867197006940841675e-01,5.642586946487426758e-02,2.704026177525520325e-02,4.335508346557617188e-01,-9.452234953641891479e-04,7.265268564224243164e-01,1.237603574991226196e-01,-5.636394768953323364e-02,-5.404604971408843994e-02,-1.532077193260192871e-01,-1.744101345539093018e-01,7.270266860723495483e-02,-1.708274893462657928e-02,1.989255845546722412e-01,4.143525063991546631e-01,1.498158872127532959e-01,1.742501109838485718e-01,2.343517988920211792e-01,-4.144901409745216370e-02,1.379244327545166016e-01,9.794045984745025635e-02,1.122564151883125305e-01,1.190716549754142761e-01,-1.499084681272506714e-01,-1.206922680139541626e-01,2.901195175945758820e-02,1.279327422380447388e-01,-1.264133490622043610e-02,-5.188160389661788940e-02,-3.670293092727661133e-02,2.226465195417404175e-02,-1.131878513842821121e-02,2.126594036817550659e-01,2.181030809879302979e-01,2.552511394023895264e-01,2.531838119029998779e-01,2.739831805229187012e-01,2.768659405410289764e-02,1.890645027160644531e-01,2.922846078872680664e-01,3.146314620971679688e-01,5.895335599780082703e-02,9.319940954446792603e-02,-4.177759215235710144e-02,9.474125504493713379e-02,-5.390512570738792419e-02,-5.257586389780044556e-02,-1.918718069791793823e-01,-2.232011556625366211e-01,1.066387817263603210e-01,1.041372790932655334e-01,-7.389426231384277344e-02,-1.534887701272964478e-01,-1.366136819124221802e-01,-2.540439963340759277e-01,-1.002311799675226212e-02,-1.036368589848279953e-02,1.126381531357765198e-01,1.556519418954849243e-01,-2.169902771711349487e-01,-1.108747348189353943e-01,1.125553548336029053e-01,1.000202149152755737e-01,6.575285643339157104e-02,1.999917626380920410e-01,-4.795485362410545349e-02,1.365057975053787231e-01,5.900688841938972473e-02,-5.680784117430448532e-03,-1.571076661348342896e-01,-1.591683924198150635e-02,-1.269777715206146240e-01,-6.617856770753860474e-02,1.265778392553329468e-01,3.260186910629272461e-01,-1.581397950649261475e-01,3.020357107743620872e-03,-1.553247720003128052e-01,2.099611759185791016e-01,-6.900338828563690186e-02,9.395263344049453735e-02,3.899676725268363953e-02,-5.475278478115797043e-03,9.913484752178192139e-02,5.379850789904594421e-02,7.374566793441772461e-02,1.050678417086601257e-01,7.290061563253402710e-02,1.217719539999961853e-01,2.715674974024295807e-02,-9.870970249176025391e-02,9.883115440607070923e-02,1.309959799982607365e-03,1.647557169198989868e-01,-3.397040441632270813e-02,1.861874759197235107e-01,1.656777709722518921e-01,1.616416871547698975e-01,1.020482555031776428e-01,1.779385954141616821e-01,1.608132869005203247e-01,1.624817848205566406e-01,6.384877115488052368e-02,7.530042529106140137e-02,9.541063755750656128e-02,2.757237851619720459e-01,1.602176874876022339e-01
4.834542796015739441e-02,2.527489364147186279e-01,4.951306581497192383e-01,4.897805154323577881e-01,2.995236515998840332e-01,6.497523784637451172e-01,2.823571562767028809e-01,6.377406120300292969e-01,1.867197006940841675e-01,1.000000000000000000e+00,3.116450309753417969e-01,4.969280362129211426e-01,3.006635904312133789e-01,7.220898866653442383e-01,4.489289224147796631e-02,5.531766414642333984e-01,1.185793206095695496e-01,1.978056430816650391e-01,2.953339815139770508e-01,2.643058598041534424e-01,1.520884633064270020e-01,-7.726151496171951294e-02,5.293939709663391113e-01,2.840865850448608398e-01,4.730335175991058350e-01,4.260559082031250000e-01,3.866957724094390869e-01,5.617596507072448730e-01,3.718589842319488525e-01,4.318673312664031982e-01,3.993301093578338623e-01,4.430126547813415527e-01,1.294196546077728271e-01,1.356850862503051758e-01,6.108940392732620239e-02,-2.555298991501331329e-02,1.120671778917312622e-01,8.197041600942611694e-02,2.357601523399353027e-01,-1.491332352161407471e-01,2.796514928340911865e-01,9.656527638435363770e-02,-7.642178982496261597e-02,-9.696077555418014526e-02,3.686423599720001221e-02,6.059498339891433716e-02,-4.898884519934654236e-02,-1.160971671342849731e-01,1.099905073642730713e-01,6.552015244960784912e-02,8.935977704823017120e-03,-7.687437348067760468e-03,-1.228100508451461792e-01,-7.740528136491775513e-02,9.862651117146015167e-03,-8.289420604705810547e-02,4.374230920802801847e-04,1.805010586977005005e-01,1.735952449962496758e-03,5.296568851917982101e-03,-8.502266556024551392e-02,1.010620668530464172e-01,-3.130144253373146057e-02,2.432887852191925049e-01,-3.045880198478698730e-01,6.562964525073766708e-03,4.322619363665580750e-02,7.827502558939158916e-04,1.539455056190490723e-01,1.127180308103561401e-01,2.882363200187683105e-01,3.699797391891479492e-01,3.475111424922943115e-01,9.888719022274017334e-02,2.235699146986007690e-01,1.244393885135650635e-01,3.628948330879211426e-02,-5.806025490164756775e-02,-6.781124323606491089e-02,1.002891338430345058e-03,1.173317357897758484e-01,1.072752848267555237e-01,1.535462141036987305e-01,-7.639762759208679199e-02,-1.972743123769760132e-02,1.315240561962127686e-01,1.607102304697036743e-01,3.398244827985763550e-02,1.174613386392593384e-01,9.560672193765640259e-02,-1.949232369661331177e-01,6.753254681825637817e-03,-1.881232410669326782e-01,2.426516264677047729e-02,-1.540723592042922974e-01,-2.211624681949615479e-01,-8.553367108106613159e-02,-1.209202259778976440e-01,-2.140603363513946533e-01,-7.169006019830703735e-02,-2.229028642177581787e-01,6.797797046601772308e-03,-2.882277369499206543e-01,-1.795179247856140137e-01,-2.345333993434906006e-01,-2.616177499294281006e-01,-2.036994695663452148e-01,-2.362539023160934448e-01,-1.568430066108703613e-01,-1.321785449981689453e-01,-9.395878016948699951e-02,-1.587477922439575195e-01,-2.417164295911788940e-01,-2.380791902542114258e-01,-1.475579887628555298e-01,-2.471857666969299316e-01
4.259145259857177734e-01,7.866274565458297729e-02,4.409857988357543945e-01,3.729448616504669189e-01,1.462544351816177368e-01,3.048949241638183594e-01,6.315597891807556152e-01,4.133052527904510498e-01,5.642586946487426758e-02,3.116450309753417969e-01,9.999999403953552246e-01,5.227715373039245605e-01,5.326425433158874512e-01,3.923950195312500000e-01,9.152835607528686523e-02,7.388816773891448975e-02,6.090894341468811035e-01,3.815155327320098877e-01,2.689913809299468994e-01,2.782728374004364014e-01,2.098563611507415771e-01,-6.577323377132415771e-02,4.336514174938201904e-01,2.841275334358215332e-01,3.325895965099334717e-01,2.988893091678619385e-01,2.923745512962341309e-01,3.307501077651977539e-01,6.666715145111083984e-01,3.017344176769256592e-01,4.754917025566101074e-01,4.574377536773681641e-01,2.732434570789337158e-01,3.191891610622406006e-01,3.765842691063880920e-02,-1.625027321279048920e-02,4.193291068077087402e-01,3.394817709922790527e-01,3.340273797512054443e-01,4.586884751915931702e-02,5.133976340293884277e-01,3.343852460384368896e-01,-2.640858590602874756e-01,-3.147969543933868408e-01,-1.428109109401702881e-01,-2.583772242069244385e-01,-1.389480829238891602e-01,-1.713677346706390381e-01,-1.517878472805023193e-01,-2.851892709732055664e-01,-1.802184283733367920e-01,-4.152368009090423584e-01,-2.029290348291397095e-01,-3.113120198249816895e-01,7.008411735296249390e-02,9.261777251958847046e-02,1.774317324161529541e-01,-1.255041211843490601e-01,-2.643012702465057373e-01,-3.806239962577819824e-01,-3.483859822154045105e-02,-2.264875918626785278e-01,2.140884548425674438e-01,-5.030502751469612122e-02,-1.814509183168411255e-01,-4.068361818790435791e-01,-2.087681740522384644e-01,-3.053949475288391113e-01,-7.561152428388595581e-02,-6.301712989807128906e-02,5.042558908462524414e-01,4.031174480915069580e-01,5.237613916397094727e-01,1.912678331136703491e-01,3.384674191474914551e-01,2.299657166004180908e-01,1.475489139556884766e-01,1.633910648524761200e-02,2.052966058254241943e-01,2.120410203933715820e-01,5.306977033615112305e-01,2.529833614826202393e-01,1.387971490621566772e-01,-2.506972057744860649e-03,4.041449725627899170e-01,9.530516713857650757e-02,1.611776500940322876e-01,-1.147736907005310059e-01,4.383273422718048096e-01,1.903966367244720459e-01,-1.673492342233657837e-01,-1.879576593637466431e-01,-2.565722167491912842e-01,-2.080409079790115356e-01,-1.051260717213153839e-02,-2.653154358267784119e-02,1.079151257872581482e-01,5.309089273214340210e-02,-5.173205211758613586e-02,-8.167568594217300415e-02,-1.631463766098022461e-01,1.609418727457523346e-02,-8.113940060138702393e-02,-2.543574012815952301e-02,2.505682595074176788e-02,2.277809754014015198e-02,3.244647989049553871e-03,9.508810192346572876e-02,-1.610703952610492706e-02,-3.994417935609817505e-02,6.556534767150878906e-02,-1.345101743936538696e-01,-1.845851987600326538e-01,-1.553978621959686279e-01,-9.212400764226913452e-02,1.008309330791234970e-02
2.105376571416854858e-01,3.857704997062683105e-01,4.801353216171264648e-01,6.202220320701599121e-01,2.017302215099334717e-01,4.472739398479461670e-01,4.924166500568389893e-01,6.909214854240417480e-01,2.704026177525520325e-02,4.969280362129211426e-01,5.227715373039245605e-01,9.999998211860656738e-01,3.704907298088073730e-01,6.563738584518432617e-01,4.644376412034034729e-02,2.782537937164306641e-01,2.779892981052398682e-01,5.357643961906433105e-01,4.031594693660736084e-01,3.847935795783996582e-01,1.242775544524192810e-01,-5.359579343348741531e-03,4.900060892105102539e-01,3.950228691101074219e-01,3.198306858539581299e-01,3.554727435111999512e-01,3.355482518672943115e-01,4.065487980842590332e-01,3.964819908142089844e-01,6.237873435020446777e-01,5.061300396919250488e-01,5.436106920242309570e-01,3.153912425041198730e-01,3.724512457847595215e-01,-7.194686681032180786e-02,-8.621884137392044067e-02,2.581721246242523193e-01,3.538329303264617920e-01,3.101983368396759033e-01,7.518044859170913696e-02,3.329702317714691162e-01,3.805320262908935547e-01,-3.183568716049194336e-01,-1.378065645694732666e-01,-1.923750489950180054e-01,-1.333766877651214600e-01,-1.930092573165893555e-01,2.133254893124103546e-02,-1.542306244373321533e-01,-7.681335508823394775e-02,-2.608811259269714355e-01,-8.375982195138931274e-02,-2.602582275867462158e-01,-5.381653830409049988e-02,-5.971193895675241947e-04,1.173595041036605835e-01,-7.998663000762462616e-03,1.998572200536727905e-01,-2.006452083587646484e-01,-1.150484904646873474e-01,-1.932576894760131836e-01,6.885450333356857300e-02,-7.224310189485549927e-02,2.282981574535369873e-01,-3.822932839393615723e-01,-8.220311254262924194e-02,5.250917456578463316e-05,-1.300553530454635620e-01,1.581849008798599243e-01,1.075350120663642883e-01,3.663138151168823242e-01,4.967177212238311768e-01,4.118010401725769043e-01,3.423325717449188232e-01,2.613773047924041748e-01,2.628028988838195801e-01,1.514583230018615723e-01,6.072297319769859314e-02,-3.018647618591785431e-02,2.404040992259979248e-01,1.067874580621719360e-01,3.576287329196929932e-01,2.223781682550907135e-02,2.102165967226028442e-01,-3.462424501776695251e-02,3.554294407367706299e-01,1.187868639826774597e-01,2.297379374504089355e-01,9.118761122226715088e-02,3.563962280750274658e-01,-2.794335782527923584e-01,-1.478287391364574432e-02,-3.122601211071014404e-01,5.344881676137447357e-03,-4.957540333271026611e-02,-1.121520251035690308e-01,5.946985632181167603e-02,7.601028308272361755e-03,-1.156393215060234070e-01,-1.153870671987533569e-02,-2.002436667680740356e-01,1.142895370721817017e-01,-1.470328271389007568e-01,1.613825559616088867e-02,-6.680715829133987427e-02,-6.427431106567382812e-02,-2.464306540787220001e-03,1.132159307599067688e-01,-5.967962741851806641e-02,-8.326258510351181030e-02,5.509418249130249023e-02,-1.085626780986785889e-01,-1.548384726047515869e-01,-1.994785517454147339e-01,-8.692358434200286865e-02,-1.289609819650650024e-01
3.966278582811355591e-02,-2.918140292167663574e-01,5.255872607231140137e-01,2.623215317726135254e-01,4.150795042514801025e-01,3.231497704982757568e-01,6.590855121612548828e-01,2.962043285369873047e-01,4.335508346557617188e-01,3.006635904312133789e-01,5.326425433158874512e-01,3.704907298088073730e-01,1.000000119209289551e+00,3.789353370666503906e-01,5.349636673927307129e-01,1.134561095386743546e-02,1.785684525966644287e-01,1.152016967535018921e-01,1.496871560811996460e-01,6.925496459007263184e-02,3.128643035888671875e-01,2.511382848024368286e-02,6.200226545333862305e-01,5.405189990997314453e-01,4.426997303962707520e-01,4.484830796718597412e-01,3.184466361999511719e-01,1.526399254798889160e-01,5.698449015617370605e-01,2.861157357692718506e-01,5.262762904167175293e-01,5.465620160102844238e-01,6.937001366168260574e-03,-2.040208503603935242e-02,-2.049493044614791870e-01,-1.888744086027145386e-01,8.581980317831039429e-02,1.229201480746269226e-01,2.913672327995300293e-01,2.100334912538528442e-01,1.595097929239273071e-01,3.364239633083343506e-01,-5.792071670293807983e-02,-1.205921396613121033e-01,1.567741632461547852e-01,1.991209946572780609e-02,-2.000421434640884399e-01,1.775440946221351624e-02,1.573841273784637451e-01,2.336977235972881317e-02,-2.153027057647705078e-02,-2.092723250389099121e-01,-2.213979512453079224e-01,-2.068164646625518799e-01,-8.644811809062957764e-02,1.965955272316932678e-02,-2.086354345083236694e-01,-3.888935744762420654e-01,-1.725865155458450317e-01,-2.523586153984069824e-01,-2.375946491956710815e-01,-3.112066686153411865e-01,-9.026599675416946411e-02,-3.470310568809509277e-01,-1.921851634979248047e-01,-3.612341582775115967e-01,-8.969663828611373901e-02,-2.066642940044403076e-01,-2.508129477500915527e-01,-1.872700601816177368e-01,4.237815141677856445e-01,3.900397121906280518e-01,3.188616335391998291e-01,2.772386670112609863e-01,1.307899057865142822e-01,2.705303132534027100e-01,4.144519567489624023e-02,-1.027949899435043335e-01,-1.263031214475631714e-01,-9.277820587158203125e-02,1.654684692621231079e-01,-4.150234535336494446e-02,3.040681481361389160e-01,2.888769209384918213e-01,6.543704122304916382e-02,-7.395502924919128418e-02,1.476718932390213013e-01,2.061332762241363525e-01,9.088471531867980957e-02,1.088240221142768860e-01,-1.991522461175918579e-01,-2.131444662809371948e-01,-2.283620834350585938e-01,-2.644721865653991699e-01,5.712121352553367615e-02,1.127520129084587097e-01,3.508157283067703247e-02,1.023790016770362854e-01,-1.501157283782958984e-01,-1.885045617818832397e-01,-9.564210474491119385e-02,-1.635198593139648438e-01,-2.259467914700508118e-02,-1.883355528116226196e-01,-6.003908067941665649e-02,-1.392251104116439819e-01,3.900130838155746460e-02,-3.019610047340393066e-02,2.011589109897613525e-01,1.068774163722991943e-01,1.454776376485824585e-01,-1.023987084627151489e-01,-2.257136553525924683e-01,-2.417725622653961182e-01,4.629234597086906433e-02,-7.441186904907226562e-02
