9.999998211860656738e-01,5.279165506362915039e-01,6.089638471603393555e-01,3.970473110675811768e-01,1.228954493999481201e-01,-7.060723844915628433e-03,7.111666798591613770e-01,2.137290239334106445e-01,6.638317555189132690e-02,-1.266335397958755493e-01,5.988715887069702148e-01,3.630519509315490723e-01,5.801484584808349609e-01,2.523117065429687500e-01,2.532264888286590576e-01,-1.371732167899608612e-02,3.465583324432373047e-01,3.532119095325469971e-01,6.851066350936889648e-01,6.507709622383117676e-01,1.226123198866844177e-01,2.971824072301387787e-02,3.348362147808074951e-01,2.088298350572586060e-01,1.145124584436416626e-01,9.338894486427307129e-02,7.729949057102203369e-02,-1.682247966527938843e-02,4.609224796295166016e-01,2.810507416725158691e-01,1.787410974502563477e-01,6.776271015405654907e-02,3.241317868232727051e-01,3.900377452373504639e-01,6.597065180540084839e-02,1.112556234002113342e-01,1.507322937250137329e-01,4.825583845376968384e-02,1.045605912804603577e-01,6.427912414073944092e-02,-3.350131958723068237e-02,7.636325061321258545e-02,3.089544475078582764e-01,2.379171401262283325e-01,2.029850035905838013e-01,2.696480751037597656e-01,2.527843415737152100e-01,2.604516148567199707e-01,4.549856483936309814e-01,3.855303525924682617e-01,4.277894198894500732e-01,2.619291841983795166e-01,2.462127804756164551e-01,1.264118254184722900e-01,2.926594913005828857e-01,1.211325675249099731e-01,5.656500458717346191e-01,4.349011480808258057e-01,6.945914626121520996e-01,5.596020817756652832e-01,6.747018098831176758e-01,3.248207867145538330e-01,5.491689443588256836e-01,3.295872509479522705e-01,3.391589522361755371e-01,2.274085283279418945e-01,4.763365387916564941e-01,3.444992601871490479e-01,5.657398104667663574e-01,4.092511534690856934e-01,2.121315300464630127e-01,1.925218701362609863e-01,3.351266086101531982e-01,3.375363349914550781e-01,2.502080500125885010e-01,2.799058258533477783e-01,1.859405636787414551e-01,2.014760971069335938e-01,2.409932017326354980e-01,2.442887872457504272e-01,3.217475414276123047e-01,1.196939200162887573e-01,4.022279009222984314e-02,1.574252694845199585e-01,3.151852488517761230e-01,4.287544265389442444e-02,1.251513510942459106e-01,8.110472559928894043e-02,4.288950264453887939e-01,2.952196449041366577e-02,1.635409444570541382e-01,-1.368817836046218872e-01,3.021749295294284821e-02,-4.054104536771774292e-02,-5.109261721372604370e-02,-7.170182466506958008e-02,-3.972914814949035645e-02,1.505851894617080688e-01,2.332011312246322632e-01,8.017053455114364624e-02,1.167229190468788147e-01,2.038110643625259399e-01,2.352087348699569702e-01,1.751842200756072998e-01,1.294654607772827148e-01,1.733594238758087158e-01,2.524970173835754395e-01,1.688854885287582874e-03,1.163895428180694580e-01,-7.305613160133361816e-02,-4.907989129424095154e-02,9.172493219375610352e-02,9.149150550365447998e-02,2.416676580905914307e-01,1.587781608104705811e-01,9.246401488780975342e-02
5.279165506362915039e-01,9.999996423721313477e-01,2.498659491539001465e-01,5.186746120452880859e-01,2.108833752572536469e-02,-1.665329933166503906e-02,2.982248067855834961e-01,4.886059761047363281e-01,7.165835797786712646e-02,5.173532664775848389e-02,3.907456398010253906e-01,4.984093010425567627e-01,1.485596001148223877e-01,4.098078906536102295e-01,7.728268951177597046e-02,1.346170753240585327e-01,3.167946636676788330e-01,5.673799514770507812e-01,5.316401720046997070e-01,7.010476589202880859e-01,1.230043172836303711e-01,-2.951149642467498779e-02,1.600631624460220337e-01,1.579884290695190430e-01,-1.113833338022232056e-01,-7.096729241311550140e-03,-5.687161348760128021e-03,-6.568066030740737915e-02,3.948206007480621338e-01,3.631300032138824463e-01,6.433800328522920609e-03,-3.996509592980146408e-03,2.077224999666213989e-01,3.378873765468597412e-01,-1.089058667421340942e-01,-8.657014113850891590e-04,4.854026436805725098e-02,-2.630968950688838959e-02,3.537480160593986511e-02,5.527785792946815491e-02,-1.707511767745018005e-02,-4.196080844849348068e-03,3.560878634452819824e-01,4.060770571231842041e-01,3.373803496360778809e-01,4.793398380279541016e-01,2.689843475818634033e-01,3.735311031341552734e-01,5.070750117301940918e-01,5.524632334709167480e-01,3.884973227977752686e-01,4.416227936744689941e-01,2.570562660694122314e-01,2.991961240768432617e-01,9.133368730545043945e-02,2.424259185791015625e-01,6.036480665206909180e-01,7.554605007171630859e-01,6.222606301307678223e-01,6.933925747871398926e-01,6.109375357627868652e-01,5.092790722846984863e-01,3.772899210453033447e-01,6.057299375534057617e-01,5.101701617240905762e-02,3.363101482391357422e-01,3.533768951892852783e-01,3.619703054428100586e-01,6.830682158470153809e-01,6.718738675117492676e-01,4.696337133646011353e-02,1.386769860982894897e-01,2.182844281196594238e-01,4.065255820751190186e-01,3.173249587416648865e-02,1.838511526584625244e-01,7.914403080940246582e-02,1.871519237756729126e-01,2.166411876678466797e-01,3.750826120376586914e-01,2.315512746572494507e-01,3.582308292388916016e-01,-1.028680130839347839e-01,8.724549412727355957e-02,4.960437119007110596e-02,2.612895071506500244e-01,9.108678251504898071e-02,1.855571717023849487e-01,1.379666626453399658e-01,3.269974887371063232e-01,6.919276714324951172e-02,-2.094469070434570312e-01,-7.684040814638137817e-02,-2.186292558908462524e-01,-1.501222550868988037e-01,-1.616415679454803467e-01,-2.488575428724288940e-01,1.201453357934951782e-01,5.335710197687149048e-02,1.095665842294692993e-01,7.019001245498657227e-02,-3.395818918943405151e-02,1.220391094684600830e-01,-1.516426447778940201e-02,-8.778857439756393433e-02,-3.410550206899642944e-02,2.373019158840179443e-01,4.667306318879127502e-02,6.469160318374633789e-02,-1.630334258079528809e-01,-1.576171219348907471e-01,1.336984802037477493e-02,3.799233958125114441e-02,1.988234370946884155e-01,5.450064316391944885e-02,8.377833664417266846e-02
6.089638471603393555e-01,2.498659491539001465e-01,9.999999403953552246e-01,5.567265152931213379e-01,1.458644121885299683e-01,1.901846528053283691e-01,7.953211665153503418e-01,2.860741317272186279e-01,-5.749188736081123352e-02,-4.079379886388778687e-02,5.437758564949035645e-01,2.914227843284606934e-01,6.091062426567077637e-01,3.409044742584228516e-01,3.198269307613372803e-01,1.052665039896965027e-01,2.289212495088577271e-01,1.643899232149124146e-01,6.031709909439086914e-01,4.080515801906585693e-01,2.170431166887283325e-01,1.378960162401199341e-01,7.602167129516601562e-01,6.304992437362670898e-01,3.698290288448333740e-01,3.693200349807739258e-01,1.309960037469863892e-01,9.808596223592758179e-02,3.936252295970916748e-01,2.762543559074401855e-01,4.843022227287292480e-01,4.078929424285888672e-01,4.352979362010955811e-01,3.988885581493377686e-01,2.557298243045806885e-01,2.079973667860031128e-01,2.889889180660247803e-01,1.804603785276412964e-01,1.964814960956573486e-01,1.389868110418319702e-01,-4.398718848824501038e-02,7.153400033712387085e-02,1.693948358297348022e-01,4.592104256153106689e-02,1.709868907928466797e-01,3.041752055287361145e-02,2.141069062054157257e-02,3.190390020608901978e-02,2.548078894615173340e-01,1.429823487997055054e-01,1.977812051773071289e-01,1.116215065121650696e-01,-4.721363261342048645e-02,-8.630478382110595703e-02,3.075826168060302734e-01,7.330404967069625854e-02,2.656593620777130127e-01,2.252022773027420044e-01,3.214595615863800049e-01,3.196887075901031494e-01,3.313409984111785889e-01,2.338252365589141846e-01,3.079710602760314941e-01,2.235659956932067871e-01,5.419093370437622070e-01,3.448081612586975098e-01,4.585775136947631836e-01,2.661672234535217285e-01,2.076829820871353149e-01,7.707472890615463257e-02,3.864704668521881104e-01,3.111433386802673340e-01,3.678120672702789307e-01,3.073653280735015869e-01,2.390422075986862183e-01,2.340151071548461914e-01,2.903551459312438965e-01,2.230081707239151001e-01,2.306422740221023560e-01,1.591454744338989258e-01,2.647343575954437256e-01,8.982936292886734009e-02,9.623350203037261963e-02,1.951660364866256714e-01,4.452100992202758789e-01,2.576041519641876221e-01,1.038317978382110596e-01,9.569795429706573486e-02,2.657753527164459229e-01,1.669813133776187897e-02,1.484023034572601318e-01,-2.710417658090591431e-02,2.927629053592681885e-01,2.393781989812850952e-01,2.099921740591526031e-02,8.449555933475494385e-02,7.177776098251342773e-02,2.452915161848068237e-01,2.525844573974609375e-01,-1.663315109908580780e-02,1.718039959669113159e-01,3.753870129585266113e-01,2.392605394124984741e-01,3.107426166534423828e-01,2.349478751420974731e-01,2.763447761535644531e-01,1.185656413435935974e-01,6.325440481305122375e-03,5.800257250666618347e-02,-3.326572850346565247e-02,-2.790721505880355835e-02,8.071671426296234131e-02,1.161268129944801331e-01,2.127228379249572754e-01,2.753098607063293457e-01,-5.449415184557437897e-03
3.970473110675811768e-01,5.186746120452880859e-01,5.567265152931213379e-01,1.000000119209289551e+00,-1.832425035536289215e-02,1.936151832342147827e-01,5.005415678024291992e-01,7.504130601882934570e-01,-1.782591044902801514e-01,1.070348694920539856e-01,3.353246748447418213e-01,5.473288893699645996e-01,1.825447529554367065e-01,6.038240790367126465e-01,-3.378741443157196045e-02,1.796084195375442505e-01,1.958013623952865601e-01,3.231244981288909912e-01,4.648517668247222900e-01,5.070878267288208008e-01,1.196770817041397095e-01,8.744992315769195557e-02,4.809639751911163330e-01,6.254923939704895020e-01,-1.552983745932579041e-02,2.534705102443695068e-01,-8.175493776798248291e-02,-4.232929274439811707e-02,3.778917789459228516e-01,3.653986454010009766e-01,3.768627941608428955e-01,4.803641736507415771e-01,4.422211050987243652e-01,5.041883587837219238e-01,2.107953578233718872e-01,2.306557595729827881e-01,1.430549323558807373e-01,9.094442427158355713e-02,1.677871197462081909e-01,4.626242816448211670e-02,-8.211311697959899902e-02,-6.420608609914779663e-02,1.943962872028350830e-01,1.874205321073532104e-01,2.280714213848114014e-01,2.199769169092178345e-01,1.411098148673772812e-02,1.045085564255714417e-01,3.528558015823364258e-01,2.610343098640441895e-01,2.135947644710540771e-01,2.264967709779739380e-01,-2.689014188945293427e-02,-3.044512122869491577e-02,8.014012873172760010e-02,5.739026516675949097e-02,2.232669591903686523e-01,3.541991710662841797e-01,3.025628626346588135e-01,3.989463150501251221e-01,3.224512636661529541e-01,5.432608723640441895e-01,2.650076746940612793e-01,4.829351902008056641e-01,3.688772916793823242e-01,6.440686583518981934e-01,3.338635563850402832e-01,3.466148376464843750e-01,2.685510814189910889e-01,2.406113892793655396e-01,3.490689098834991455e-01,4.203811883926391602e-01,3.479940295219421387e-01,4.373430609703063965e-01,1.443409472703933716e-01,2.355080544948577881e-01,3.179597556591033936e-01,3.663489818572998047e-01,2.159784585237503052e-01,3.149833679199218750e-01,1.517603248357772827e-01,1.962061375379562378e-01,-1.211111322045326233e-01,8.394519984722137451e-02,7.851237803697586060e-02,4.218285083770751953e-01,1.408071815967559814e-02,1.784632652997970581e-01,4.816332459449768066e-02,3.046820163726806641e-01,2.407015860080718994e-01,-7.476078718900680542e-02,3.285309970378875732e-01,1.132413838058710098e-02,-4.870750382542610168e-02,-4.983651265501976013e-02,-1.653178781270980835e-01,1.108000651001930237e-01,1.306866016238927841e-02,-1.503621935844421387e-01,3.012535572052001953e-01,1.580831557512283325e-01,2.252685129642486572e-01,1.792166233062744141e-01,4.967091605067253113e-02,4.586223885416984558e-02,2.298920303583145142e-01,1.179852932691574097e-01,8.045677840709686279e-02,-1.748100966215133667e-01,-1.309793740510940552e-01,-1.062033697962760925e-03,3.826054558157920837e-02,1.702542006969451904e-01,2.100503593683242798e-01,5.518712103366851807e-03
1.228954493999481201e-01,2.108833752572536469e-02,1.458644121885299683e-01,-1.832425035536289215e-02,9.999998211860656738e-01,6.332376003265380859e-01,1.629714220762252808e-01,-1.975696980953216553e-01,5.678284764289855957e-01,5.242170095443725586e-01,2.183672189712524414e-01,3.496855124831199646e-02,3.371747732162475586e-01,-1.455719769001007080e-02,6.704145073890686035e-01,4.379752278327941895e-01,2.914710529148578644e-02,5.864592269062995911e-02,-4.196578520350158215e-04,-5.163053423166275024e-02,2.048059999942779541e-01,3.552347719669342041e-01,6.266465783119201660e-02,2.746749110519886017e-02,5.365169048309326172e-01,5.186713933944702148e-01,5.363108515739440918e-01,5.883462429046630859e-01,1.008971557021141052e-01,1.458362042903900146e-01,1.333413869142532349e-01,1.377295255661010742e-01,-1.095926854759454727e-02,1.306768134236335754e-02,3.184781596064567566e-02,5.753646045923233032e-02,5.040526762604713440e-02,2.743628621101379395e-01,1.105504482984542847e-01,1.451140642166137695e-01,7.061465829610824585e-02,1.596690416336059570e-01,7.220499217510223389e-02,3.911565616726875305e-02,4.684291034936904907e-02,-1.273896098136901855e-01,-6.238518282771110535e-02,5.788240954279899597e-02,3.153391182422637939e-02,-3.768240660429000854e-02,5.397679284214973450e-02,5.524097010493278503e-02,2.280118316411972046e-02,1.441823840141296387e-01,2.937599718570709229e-01,1.681272834539413452e-01,1.472667008638381958e-01,1.337768882513046265e-01,8.603018522262573242e-02,1.424075812101364136e-01,-6.550631672143936157e-02,-2.110020443797111511e-02,9.525501728057861328e-02,-1.913923211395740509e-02,7.613626867532730103e-02,3.769314789678901434e-04,-4.755776748061180115e-02,-1.855588257312774658e-01,1.286441385746002197e-01,5.320292711257934570e-02,5.212629586458206177e-02,1.585847884416580200e-01,8.431383222341537476e-02,7.306385785341262817e-02,4.145320504903793335e-02,1.059441417455673218e-01,2.072148956358432770e-02,2.461919002234935760e-02,4.301652684807777405e-02,9.846245497465133667e-02,1.771156936883926392e-01,2.013476938009262085e-02,2.405643165111541748e-01,1.316346973180770874e-01,3.262753784656524658e-01,1.262838393449783325e-01,8.274392038583755493e-02,-1.186709254980087280e-01,2.563150823116302490e-01,2.119914442300796509e-01,1.118448078632354736e-01,7.195060700178146362e-02,1.311641484498977661e-01,1.466152071952819824e-01,-6.097013130784034729e-02,5.185364559292793274e-02,2.960447780787944794e-02,6.874659657478332520e-02,1.523559093475341797e-01,2.371257245540618896e-01,1.233653351664543152e-01,1.660379469394683838e-01,7.736108452081680298e-02,9.695728868246078491e-02,7.792299147695302963e-03,9.844838082790374756e-02,-1.815949678421020508e-01,-2.954064309597015381e-01,-5.683660507202148438e-03,-4.803007096052169800e-02,-1.381360441446304321e-01,1.996241211891174316e-01,8.638848364353179932e-02,1.658054627478122711e-02,4.855008795857429504e-02,1.084976270794868469e-01
-7.060723844915628433e-03,-1.665329933166503906e-02,1.901846528053283691e-01,1.936151832342147827e-01,6.332376003265380859e-01,9.999995231628417969e-01,7.121362537145614624e-02,7.650808244943618774e-02,2.560964226722717285e-01,7.099019289016723633e-01,1.995715945959091187e-01,1.760309040546417236e-01,1.992871016263961792e-01,1.673835963010787964e-01,5.501127839088439941e-01,7.182213068008422852e-01,1.038701236248016357e-01,2.829107269644737244e-02,3.530179336667060852e-02,-1.164415106177330017e-01,2.605954706668853760e-01,3.566750586032867432e-01,2.179049402475357056e-01,3.103589713573455811e-01,5.937100052833557129e-01,6.297383904457092285e-01,6.690077781677246094e-01,7.463526129722595215e-01,9.218084812164306641e-02,1.821874678134918213e-01,2.194157987833023071e-01,3.493786752223968506e-01,1.135471239686012268e-01,1.316638737916946411e-01,8.929686248302459717e-02,1.150130629539489746e-01,1.519944816827774048e-01,2.431593537330627441e-01,7.497774064540863037e-02,2.860878109931945801e-01,8.899261802434921265e-02,2.422215640544891357e-01,5.776012688875198364e-02,1.733432710170745850e-02,-8.878963068127632141e-03,-2.015923410654067993e-01,-1.182103082537651062e-01,-2.764657139778137207e-03,1.696543395519256592e-02,-1.249919459223747253e-01,-2.453783527016639709e-02,-4.447990655899047852e-02,-5.998633429408073425e-02,1.172723341733217239e-02,3.299117088317871094e-01,2.829170823097229004e-01,4.434429109096527100e-02,4.750551655888557434e-02,-8.282665908336639404e-02,-3.630021587014198303e-03,-1.155425012111663818e-01,2.014880068600177765e-02,2.722957357764244080e-02,3.675945103168487549e-02,1.784980148077011108e-01,1.815946251153945923e-01,-1.512043923139572144e-02,-8.921518176794052124e-02,-4.157516732811927795e-02,-7.901156693696975708e-02,1.004168465733528137e-01,1.925323158502578735e-01,9.689796715974807739e-02,9.939080476760864258e-02,5.097034573554992676e-02,1.838194131851196289e-01,4.836686700582504272e-02,6.325615942478179932e-02,1.263301968574523926e-01,7.372069358825683594e-02,1.730163395404815674e-01,1.124622449278831482e-01,2.290336936712265015e-01,2.970812022686004639e-01,3.364250659942626953e-01,3.252402544021606445e-01,2.172415107488632202e-01,1.569781601428985596e-01,2.194839268922805786e-01,4.352037012577056885e-01,1.884523481130599976e-01,6.539807468652725220e-02,3.788398504257202148e-01,2.078891247510910034e-01,-5.274948105216026306e-02,8.688326179981231689e-02,1.667275838553905487e-02,1.607429087162017822e-01,1.714362800121307373e-01,1.347889155149459839e-01,2.316786646842956543e-01,2.688648402690887451e-01,1.226893812417984009e-01,1.655799448490142822e-01,5.704040825366973877e-02,9.156891703605651855e-02,-1.667837500572204590e-01,-1.783773303031921387e-01,-7.745353132486343384e-02,-9.162377566099166870e-02,-1.561855375766754150e-01,1.618518233299255371e-01,1.198506876826286316e-01,1.896100342273712158e-01,1.514827460050582886e-01,1.033746898174285889e-01
7.111666798591613770e-01,2.982248067855834961e-01,7.953211665153503418e-01,5.005415678024291992e-01,1.629714220762252808e-01,7.121362537145614624e-02,9.999992847442626953e-01,2.697068154811859131e-01,-1.946014538407325745e-02,-1.098828911781311035e-01,5.630056858062744141e-01,3.250786364078521729e-01,6.678004264831542969e-01,3.141574263572692871e-01,2.529531717300415039e-01,3.445229493081569672e-03,2.525909245014190674e-01,2.407397627830505371e-01,5.970290899276733398e-01,4.932818412780761719e-01,1.360184848308563232e-01,1.158560886979103088e-01,5.657866597175598145e-01,4.743531644344329834e-01,2.255640476942062378e-01,2.347244173288345337e-01,4.853429645299911499e-02,-6.652911659330129623e-03,4.211655855178833008e-01,2.845456302165985107e-01,3.608452081680297852e-01,2.786829471588134766e-01,3.912440240383148193e-01,4.273949861526489258e-01,2.030757516622543335e-01,1.921510845422744751e-01,1.770866662263870239e-01,1.287221610546112061e-01,1.757747381925582886e-01,7.647936791181564331e-02,-7.641977816820144653e-02,7.476056367158889771e-02,2.078482508659362793e-01,9.600561857223510742e-02,2.248575091361999512e-01,1.368579417467117310e-01,5.878408625721931458e-02,8.813890814781188965e-02,3.191144466400146484e-01,2.234057933092117310e-01,2.646594643592834473e-01,1.903219223022460938e-01,1.728098280727863312e-02,1.270662900060415268e-02,2.566011846065521240e-01,3.121525421738624573e-02,3.215632736682891846e-01,2.476570755243301392e-01,4.013507068157196045e-01,3.596666157245635986e-01,4.298895001411437988e-01,2.888536453247070312e-01,3.858687877655029297e-01,2.684918045997619629e-01,4.865516722202301025e-01,3.502735197544097900e-01,4.823723137378692627e-01,3.096039295196533203e-01,2.784895002841949463e-01,1.530670672655105591e-01,3.496012985706329346e-01,2.761716246604919434e-01,3.272880613803863525e-01,3.187915682792663574e-01,2.469715178012847900e-01,2.766103446483612061e-01,2.560037076473236084e-01,2.480918914079666138e-01,2.335838973522186279e-01,2.214240729808807373e-01,2.635888457298278809e-01,7.333952188491821289e-02,2.745218202471733093e-02,1.539483070373535156e-01,3.249783813953399658e-01,1.575172990560531616e-01,9.649670682847499847e-03,4.156020283699035645e-02,2.605619430541992188e-01,-3.392397612333297729e-02,9.073106944561004639e-02,-1.121984273195266724e-01,1.930176466703414917e-01,1.120389401912689209e-01,-3.107311436906456947e-03,1.679519191384315491e-02,2.181028388440608978e-02,1.821929514408111572e-01,1.860952526330947876e-01,-2.603975124657154083e-02,1.497692316770553589e-01,2.657633721828460693e-01,2.140780389308929443e-01,2.521353065967559814e-01,1.943836063146591187e-01,2.442969679832458496e-01,1.492573022842407227e-01,-1.479997648857533932e-03,6.551015377044677734e-02,-4.553093761205673218e-02,-3.461432456970214844e-02,4.496692121028900146e-02,6.128972023725509644e-02,1.619828343391418457e-01,2.093135118484497070e-01,7.968204095959663391e-03
2.137290239334106445e-01,4.886059761047363281e-01,2.860741317272186279e-01,7.504130601882934570e-01,-1.975696980953216553e-01,7.650808244943618774e-02,2.697068154811859131e-01,9.999997019767761230e-01,-2.274174541234970093e-01,7.484475523233413696e-02,2.026458382606506348e-01,6.291081905364990234e-01,-8.198036253452301025e-02,7.110626101493835449e-01,-2.554093897342681885e-01,1.069724112749099731e-01,1.310047209262847900e-01,2.843348383903503418e-01,3.525319993495941162e-01,4.360886812210083008e-01,8.800016716122627258e-03,1.208187430165708065e-03,2.434597909450531006e-01,4.191624820232391357e-01,-2.389663308858871460e-01,-2.758646151050925255e-03,-2.631121277809143066e-01,-1.664168536663055420e-01,3.353308737277984619e-01,3.841746449470520020e-01,2.821683585643768311e-01,3.884584903717041016e-01,4.090895056724548340e-01,4.450629055500030518e-01,1.190216690301895142e-01,1.425782889127731323e-01,3.883867338299751282e-02,-3.408048674464225769e-02,1.244706064462661743e-01,-6.246153265237808228e-02,-4.311488196253776550e-02,-1.172479242086410522e-01,1.337469816207885742e-01,1.940428614616394043e-01,1.516225486993789673e-01,2.955251634120941162e-01,5.917080864310264587e-02,1.076678782701492310e-01,2.919691503047943115e-01,2.079476714134216309e-01,1.275161504745483398e-01,1.193448528647422791e-01,-5.769847705960273743e-02,-1.059352904558181763e-01,-1.027204245328903198e-01,-2.141862362623214722e-02,3.106743283569812775e-02,1.891934871673583984e-01,1.360720545053482056e-01,2.234170138835906982e-01,2.793632447719573975e-01,5.574027895927429199e-01,1.984227746725082397e-01,4.238637983798980713e-01,2.884873747825622559e-01,5.376499295234680176e-01,1.454347074031829834e-01,2.476369142532348633e-01,1.188448593020439148e-01,1.688185632228851318e-01,2.478907108306884766e-01,3.924351334571838379e-01,2.530924975872039795e-01,3.944970667362213135e-01,8.623763918876647949e-02,1.943462193012237549e-01,2.670898139476776123e-01,3.642629683017730713e-01,1.874866038560867310e-01,2.438897788524627686e-01,3.681053221225738525e-02,1.412166953086853027e-01,-1.899076104164123535e-01,-1.854844391345977783e-02,-1.128205731511116028e-01,3.047177791595458984e-01,-8.063481003046035767e-02,9.828982502222061157e-02,-1.889443583786487579e-02,3.066855072975158691e-01,2.476305812597274780e-01,-5.916782468557357788e-02,2.326284348964691162e-01,-1.017842292785644531e-01,-9.799724072217941284e-02,-1.016554608941078186e-01,-2.416190356016159058e-01,-4.113238770514726639e-03,-8.013225346803665161e-02,-2.056558132171630859e-01,3.144164681434631348e-01,-1.524952147156000137e-02,1.961419582366943359e-01,1.018106192350387573e-01,-7.030386477708816528e-02,-1.084248796105384827e-01,2.897840142250061035e-01,1.150740981101989746e-01,3.890964761376380920e-02,-1.972238868474960327e-01,-1.274268180131912231e-01,-2.889920026063919067e-02,7.971591502428054810e-02,1.214491203427314758e-01,7.339071482419967651e-02,-3.988603875041007996e-02
6.638317555189132690e-02,7.165835797786712646e-02,-5.749188736081123352e-02,-1.782591044902801514e-01,5.678284764289855957e-01,2.560964226722717285e-01,-1.946014538407325745e-02,-2.274174541234970093e-01,1.000000119209289551e+00,3.708293437957763672e-01,1.326060593128204346e-01,-3.616598621010780334e-02,1.541351228952407837e-01,-8.747715502977371216e-02,5.300781130790710449e-01,2.936804890632629395e-01,2.443829365074634552e-02,1.760402023792266846e-01,-3.236614167690277100e-02,-8.870129473507404327e-03,1.493622511625289917e-01,1.547244787216186523e-01,-7.934832572937011719e-02,-1.276622414588928223e-01,3.016198277473449707e-01,2.639029622077941895e-01,3.102664053440093994e-01,2.729790508747100830e-01,1.734457723796367645e-02,4.638249799609184265e-02,-1.103817746043205261e-01,-1.176133975386619568e-01,-5.475215241312980652e-02,-2.982573956251144409e-02,-1.059799268841743469e-02,3.178969398140907288e-02,-9.454781562089920044e-02,1.673732846975326538e-01,-1.398587319999933243e-02,-1.969699934124946594e-02,1.328740119934082031e-01,1.025212258100509644e-01,1.249027252197265625e-01,9.818755835294723511e-02,8.790698647499084473e-02,5.671569705009460449e-02,1.976572275161743164e-01,1.828645765781402588e-01,1.142167579382658005e-02,4.434446245431900024e-02,1.070752516388893127e-01,4.019713401794433594e-02,1.895233243703842163e-01,2.211989164352416992e-01,9.557238221168518066e-02,1.204734146595001221e-01,2.181373983621597290e-01,1.540501862764358521e-01,1.005133315920829773e-01,7.082657516002655029e-02,-1.492945197969675064e-02,-1.540593057870864868e-01,1.016604155302047729e-01,-1.029727831482887268e-01,-4.208084195852279663e-02,-1.927842795848846436e-01,-3.709909971803426743e-03,-4.068766534328460693e-02,2.334318608045578003e-01,2.259211987257003784e-01,-1.630656123161315918e-01,-3.517023473978042603e-02,-2.830790728330612183e-02,-2.196005545556545258e-02,-1.382112056016921997e-01,1.082973834127187729e-02,-9.864407777786254883e-02,-5.518004298210144043e-02,-1.002669334411621094e-01,3.940980136394500732e-02,1.191737130284309387e-01,1.716056764125823975e-01,1.501324772834777832e-01,1.136577427387237549e-01,2.176485359668731689e-01,8.773837983608245850e-02,1.860178411006927490e-01,1.309519633650779724e-02,2.818916440010070801e-01,1.086231842637062073e-01,3.944669663906097412e-02,1.324037611484527588e-01,-9.458605200052261353e-02,4.870690032839775085e-02,-1.949299871921539307e-01,-1.479396075010299683e-01,-8.206725120544433594e-02,-6.096228957176208496e-02,2.234964817762374878e-02,2.157971858978271484e-01,-4.675126820802688599e-02,-1.327341049909591675e-02,-5.742000788450241089e-02,-5.559862591326236725e-03,-1.450390964746475220e-01,-6.758293509483337402e-02,-1.063499823212623596e-01,-1.571192592382431030e-01,-9.012178517878055573e-03,-1.553084403276443481e-01,6.073231808841228485e-03,5.603080615401268005e-02,-2.959361858665943146e-02,-5.203646421432495117e-02,-7.421196252107620239e-02,-7.272208482027053833e-02
-1.266335397958755493e-01,5.173532664775848389e-02,-4.079379886388778687e-02,1.070348694920539856e-01,5.242170095443725586e-01,7.099019289016723633e-01,-1.098828911781311035e-01,7.484475523233413696e-02,3.708293437957763672e-01,1.000000119209289551e+00,5.643409863114356995e-02,1.221290230751037598e-01,-7.787352893501520157e-03,1.150461286306381226e-01,4.523908495903015137e-01,6.488285660743713379e-01,-2.005815692245960236e-02,4.611601307988166809e-02,-3.390287607908248901e-02,-7.017116993665695190e-02,2.158187031745910645e-01,2.650114595890045166e-01,2.827235311269760132e-02,1.230942308902740479e-01,3.625894784927368164e-01,4.278106093406677246e-01,5.085454583168029785e-01,5.642715096473693848e-01,-3.854308649897575378e-02,1.286263167858123779e-01,1.773917116224765778e-02,1.162343695759773254e-01,4.895258322358131409e-02,7.765758037567138672e-02,-9.476351551711559296e-03,5.397355929017066956e-02,-1.664831489324569702e-02,2.009272277355194092e-01,-1.071642339229583740e-01,1.431450843811035156e-01,7.784681022167205811e-02,1.706831753253936768e-01,8.892317861318588257e-02,1.060301512479782104e-01,-3.025767859071493149e-03,-8.227171003818511963e-02,-4.394331574440002441e-02,7.048145681619644165e-02,-4.505752399563789368e-02,-1.186762899160385132e-01,-3.733094781637191772e-02,-6.653461605310440063e-02,-4.180879332125186920e-03,5.766779556870460510e-02,8.931259810924530029e-02,2.004337161779403687e-01,4.063148424029350281e-02,7.019778341054916382e-02,-7.616364955902099609e-02,-1.901055686175823212e-02,-1.022599712014198303e-01,8.295547217130661011e-03,-5.272343009710311890e-02,-7.612358778715133667e-03,3.078175336122512817e-02,1.024342775344848633e-01,-6.790768355131149292e-02,-5.646056681871414185e-02,2.996128052473068237e-02,6.626366078853607178e-02,-8.386609703302383423e-02,4.691985994577407837e-02,-4.753522947430610657e-02,1.408473821356892586e-03,-9.843625128269195557e-02,2.135134674608707428e-02,7.208481431007385254e-03,4.338947124779224396e-03,1.503098104149103165e-02,4.060880467295646667e-02,1.992315798997879028e-02,4.946493357419967651e-02,8.727504312992095947e-02,1.263667494058609009e-01,1.384391784667968750e-01,2.370171546936035156e-01,1.271528005599975586e-01,8.773033320903778076e-02,1.107885241508483887e-01,4.003790616989135742e-01,1.744886487722396851e-01,1.254293173551559448e-01,2.230837196111679077e-01,8.602555096149444580e-02,-1.023372784256935120e-01,-6.913847289979457855e-03,-7.765313982963562012e-02,-2.882697852328419685e-03,1.199679635465145111e-02,8.509938418865203857e-02,1.544815301895141602e-01,7.573966681957244873e-02,-9.375218302011489868e-03,3.258743882179260254e-02,-8.135192841291427612e-02,-3.550976142287254333e-02,-1.529042273759841919e-01,-1.466078013181686401e-01,-3.575259819626808167e-02,-1.110036000609397888e-01,-1.083017587661743164e-01,1.219257414340972900e-01,-1.703342050313949585e-02,7.527617365121841431e-02,9.319571405649185181e-02,3.894596919417381287e-02
5.988715887069702148e-01,3.907456398010253906e-01,5.437758564949035645e-01,3.353246748447418213e-01,2.183672189712524414e-01,1.995715945959091187e-01,5.630056858062744141e-01,2.026458382606506348e-01,1.326060593128204346e-01,5.643409863114356995e-02,9.999997615814208984e-01,4.422511756420135498e-01,6.731618046760559082e-01,4.003598093986511230e-01,4.211927056312561035e-01,2.439606040716171265e-01,6.512139439582824707e-01,5.379998087882995605e-01,5.416424870491027832e-01,4.348202347755432129e-01,1.894788742065429688e-01,9.586080908775329590e-02,4.609623551368713379e-01,3.989657461643218994e-01,2.797073423862457275e-01,2.300805896520614624e-01,1.752530485391616821e-01,1.041732504963874817e-01,5.713694691658020020e-01,3.017490506172180176e-01,2.656792104244232178e-01,2.858940958976745605e-01,2.889909744262695312e-01,3.383168876171112061e-01,1.326688230037689209e-01,2.064231783151626587e-01,2.499992847442626953e-01,1.071525439620018005e-01,1.096792295575141907e-01,2.339177429676055908e-01,9.775115549564361572e-02,8.865724503993988037e-02,3.124913573265075684e-01,2.577295303344726562e-01,2.351513504981994629e-01,2.371881753206253052e-01,2.010922729969024658e-01,2.289925068616867065e-01,4.002746343612670898e-01,3.676735460758209229e-01,4.890235662460327148e-01,2.769667506217956543e-01,3.137452304363250732e-01,1.857273876667022705e-01,4.281769394874572754e-01,2.686115801334381104e-01,5.504219532012939453e-01,4.201541841030120850e-01,4.100899696350097656e-01,2.678457200527191162e-01,3.904816806316375732e-01,1.361364722251892090e-01,6.007041335105895996e-01,3.261582851409912109e-01,3.671520948410034180e-01,1.078489273786544800e-01,4.703929722309112549e-01,3.264566063880920410e-01,4.954034388065338135e-01,3.942715525627136230e-01,3.088164329528808594e-01,2.381850481033325195e-01,4.040264785289764404e-01,3.937176764011383057e-01,2.380648702383041382e-01,2.709693014621734619e-01,2.388999611139297485e-01,1.983163207769393921e-01,4.704016149044036865e-01,4.118023514747619629e-01,5.845795869827270508e-01,3.758848607540130615e-01,2.533153295516967773e-01,3.338608145713806152e-01,5.858300924301147461e-01,2.826978564262390137e-01,3.176968395709991455e-01,2.300952225923538208e-01,4.538104832172393799e-01,1.613829433917999268e-01,5.871208012104034424e-02,-1.633484661579132080e-01,5.617416277527809143e-02,-1.357292570173740387e-02,-4.439979791641235352e-02,-2.553694881498813629e-02,-1.677551306784152985e-02,2.428961247205734253e-01,2.360353022813796997e-01,9.317466616630554199e-02,1.104506850242614746e-01,8.872064203023910522e-02,1.748622655868530273e-01,1.280575692653656006e-01,4.554544016718864441e-02,1.137921884655952454e-01,1.319035440683364868e-01,-5.230199918150901794e-02,7.404465973377227783e-02,-5.146826803684234619e-02,-1.665521264076232910e-01,1.063710227608680725e-01,8.970011025667190552e-02,3.034453392028808594e-01,1.793870031833648682e-01,9.486191719770431519e-02
3.630519509315490723e-01,4.984093010425567627e-01,2.914227843284606934e-01,5.473288893699645996e-01,3.496855124831199646e-02,1.760309040546417236e-01,3.250786364078521729e-01,6.291081905364990234e-01,-3.616598621010780334e-02,1.221290230751037598e-01,4.422511756420135498e-01,1.000000596046447754e+00,2.171586304903030396e-01,7.770489454269409180e-01,3.299830481410026550e-02,2.450638115406036377e-01,3.038999438285827637e-01,4.724848866462707520e-01,4.120101928710937500e-01,5.172768831253051758e-01,1.145499870181083679e-01,1.017301976680755615e-01,2.319853454828262329e-01,3.420906066894531250e-01,1.672635599970817566e-02,1.217360794544219971e-01,6.271493621170520782e-04,5.494756624102592468e-02,4.793313741683959961e-01,4.008539915084838867e-01,2.501622140407562256e-01,3.807516992092132568e-01,3.109863996505737305e-01,3.991777896881103516e-01,1.296129822731018066e-01,2.092376202344894409e-01,1.283087134361267090e-01,1.081008687615394592e-01,1.223761066794395447e-01,1.570603996515274048e-01,9.064162522554397583e-02,5.551593750715255737e-02,2.906667292118072510e-01,3.098996877670288086e-01,1.401382237672805786e-01,2.580323517322540283e-01,2.053778916597366333e-01,2.667877674102783203e-01,3.498508632183074951e-01,2.508057355880737305e-01,3.647864162921905518e-01,2.429008334875106812e-01,1.684954315423965454e-01,1.091586127877235413e-01,2.194940447807312012e-01,2.066047042608261108e-01,2.282740473747253418e-01,2.631134390830993652e-01,1.997585892677307129e-01,1.957520991563796997e-01,2.783618867397308350e-01,3.357766270637512207e-01,3.788857758045196533e-01,4.574869871139526367e-01,1.528725028038024902e-01,2.475538104772567749e-01,2.231278270483016968e-01,2.348839491605758667e-01,2.701415419578552246e-01,2.568547725677490234e-01,2.705021798610687256e-01,3.756060898303985596e-01,3.854474723339080811e-01,4.781059622764587402e-01,1.988646835088729858e-01,3.429283201694488525e-01,2.983177304267883301e-01,3.736807405948638916e-01,2.274255901575088501e-01,2.611315846443176270e-01,2.880384325981140137e-01,3.187310397624969482e-01,1.723724976181983948e-02,2.107973098754882812e-01,9.072741866111755371e-02,3.598287999629974365e-01,6.504526734352111816e-02,2.036277353763580322e-01,2.580343782901763916e-01,3.571496307849884033e-01,2.301167100667953491e-01,-1.215789616107940674e-01,1.567183285951614380e-01,-1.157189384102821350e-01,-1.495588421821594238e-01,-1.158357784152030945e-01,-1.080879122018814087e-01,1.358683556318283081e-01,1.162945255637168884e-01,2.459619380533695221e-02,2.827387154102325439e-01,-2.622769400477409363e-02,2.473528087139129639e-01,1.121831908822059631e-01,-6.166421249508857727e-02,2.855701930820941925e-02,3.008457422256469727e-01,1.365097472444176674e-03,-1.318978331983089447e-02,-1.810113936662673950e-01,-1.125932112336158752e-01,4.256848245859146118e-02,1.247737035155296326e-01,2.346941381692886353e-01,1.168988943099975586e-01,-6.266624666750431061e-03
5.801484584808349609e-01,1.485596001148223877e-01,6.091062426567077637e-01,1.825447529554367065e-01,3.371747732162475586e-01,1.992871016263961792e-01,6.678004264831542969e-01,-8.198036253452301025e-02,1.541351228952407837e-01,-7.787352893501520157e-03,6.731618046760559082e-01,2.171586304903030396e-01,9.999999403953552246e-01,1.969250589609146118e-01,5.565456151962280273e-01,1.238965317606925964e-01,4.103644192218780518e-01,2.537862062454223633e-01,4.080243706703186035e-01,2.275324165821075439e-01,1.887821555137634277e-01,1.414436697959899902e-01,4.958546161651611328e-01,3.676227331161499023e-01,4.903031587600708008e-01,3.925665318965911865e-01,2.769944071769714355e-01,2.013181000947952271e-01,4.228022098541259766e-01,2.316206842660903931e-01,3.510239422321319580e-01,2.667298018932342529e-01,1.808669120073318481e-01,2.158325910568237305e-01,1.981889605522155762e-01,1.773539483547210693e-01,3.009015023708343506e-01,2.037846148014068604e-01,4.446399956941604614e-02,1.675258427858352661e-01,-1.675174571573734283e-02,1.612567752599716187e-01,2.080547064542770386e-01,7.695006579160690308e-02,1.610296070575714111e-01,9.546960704028606415e-03,1.775593683123588562e-02,6.527907401323318481e-02,2.882372438907623291e-01,2.204184085130691528e-01,3.501031696796417236e-01,2.858110368251800537e-01,1.493134647607803345e-01,1.321582794189453125e-01,4.251661300659179688e-01,1.599440425634384155e-01,4.029058516025543213e-01,2.784307003021240234e-01,2.788256406784057617e-01,2.272825241088867188e-01,2.623139023780822754e-01,1.433577761054039001e-02,4.326097965240478516e-01,2.113415449857711792e-01,3.536789417266845703e-01,1.002693027257919312e-01,3.933148384094238281e-01,1.775202900171279907e-01,2.492340505123138428e-01,1.563092768192291260e-01,3.655750751495361328e-01,2.341145575046539307e-01,4.186836779117584229e-01,3.327316939830780029e-01,2.955913543701171875e-01,3.260771632194519043e-01,2.021566778421401978e-01,1.779842525720596313e-01,3.271787762641906738e-01,2.498182356357574463e-01,4.622921347618103027e-01,1.866066455841064453e-01,2.159016430377960205e-01,2.840684354305267334e-01,5.841247439384460449e-01,1.651698350906372070e-01,1.609502881765365601e-01,6.605659425258636475e-02,3.546441793441772461e-01,-7.675759494304656982e-02,3.161169961094856262e-02,-1.194832324981689453e-01,1.481803655624389648e-01,2.022371441125869751e-01,7.124751806259155273e-02,3.602205216884613037e-02,9.729386866092681885e-02,2.397308647632598877e-01,2.940876185894012451e-01,1.074013710021972656e-01,-2.856457605957984924e-02,2.195844501256942749e-01,7.403878122568130493e-02,7.560843229293823242e-02,2.004174441099166870e-01,2.553554177284240723e-01,-2.176104672253131866e-02,-1.107900366187095642e-01,3.238461539149284363e-02,4.273261502385139465e-02,-1.016225293278694153e-01,8.017328381538391113e-02,6.234508007764816284e-02,1.874429434537887573e-01,2.008894681930541992e-01,7.679196447134017944e-02
