1.000000119209289551e+00,7.244230508804321289e-01,6.801407337188720703e-01,5.577817559242248535e-01,-2.933204174041748047e-02,-5.704947933554649353e-02,6.572803854942321777e-01,4.747509062290191650e-01,-1.887928545475006104e-01,-5.138398706912994385e-02,3.715376257896423340e-01,3.518909215927124023e-01,3.329726159572601318e-01,2.185887843370437622e-01,-2.263479232788085938e-01,-1.439199000597000122e-01,7.325956970453262329e-02,1.306417286396026611e-01,6.124072670936584473e-01,6.447980999946594238e-01,-1.193385720252990723e-01,-2.405905574560165405e-01,4.910548031330108643e-01,4.829718172550201416e-01,-2.071807533502578735e-01,-1.530878394842147827e-01,2.452987991273403168e-02,3.189494088292121887e-02,-1.339471042156219482e-01,-1.741928011178970337e-01,1.237917914986610413e-01,1.935683339834213257e-01,6.083040833473205566e-01,5.615875720977783203e-01,7.203684747219085693e-02,3.468484058976173401e-02,-3.352397978305816650e-01,-2.228767871856689453e-01,-2.306465953588485718e-01,-3.010499179363250732e-01,-2.787596583366394043e-01,-2.199020534753799438e-01,-2.810559868812561035e-01,-1.966394335031509399e-01,1.193916276097297668e-01,1.431770324707031250e-01,-2.477027624845504761e-01,-2.854028940200805664e-01,2.201617658138275146e-01,3.257530927658081055e-01,6.642661243677139282e-02,1.215823739767074585e-01,-2.498047351837158203e-01,-1.791069954633712769e-01,-2.329546660184860229e-01,-2.540191709995269775e-01,8.000338077545166016e-01,6.856053471565246582e-01,6.365383863449096680e-01,6.759034395217895508e-01,7.369812726974487305e-01,4.905356168746948242e-01,4.309576451778411865e-01,3.802043795585632324e-01,4.485967755317687988e-01,4.117865562438964844e-01,5.270094275474548340e-01,3.768574595451354980e-01,4.988497793674468994e-01,3.713397085666656494e-01,-1.827909946441650391e-01,-1.309410184621810913e-01,-1.214946731925010681e-01,-7.899182289838790894e-02,-1.458936631679534912e-01,-1.786388009786605835e-01,-1.370452344417572021e-01,-1.506609171628952026e-01,-8.013954758644104004e-02,-4.967539571225643158e-04,-8.765853941440582275e-02,-8.497054874897003174e-02,-3.392201662063598633e-01,-3.191362619400024414e-01,-1.764177680015563965e-01,-1.170472428202629089e-01,-1.945738196372985840e-01,-1.760632395744323730e-01,-8.606142550706863403e-02,1.645732112228870392e-02,-1.971425712108612061e-01,-2.926573753356933594e-01,-2.477959990501403809e-01,-2.138021737337112427e-01,-3.480156362056732178e-01,-3.123545050621032715e-01,-3.770093321800231934e-01,-3.780168294906616211e-01,-3.454145491123199463e-01,-2.965741455554962158e-01,-8.806883543729782104e-02,-1.754497550427913666e-02,-1.137303654104471207e-03,-2.667415514588356018e-02,-2.725959718227386475e-01,-2.650766074657440186e-01,-7.104671001434326172e-02,-8.353064954280853271e-02,-2.557824552059173584e-02,-2.568444311618804932e-01,-3.488811254501342773e-01,-3.838721215724945068e-01,-3.913901746273040771e-01,-3.109198808670043945e-01,-4.000749588012695312e-01,-1.636994034051895142e-01
7.244230508804321289e-01,1.000000238418579102e+00,4.128722846508026123e-01,3.790411353111267090e-01,-1.135272998362779617e-02,-1.076669320464134216e-01,3.906266987323760986e-01,3.205298483371734619e-01,-1.632670462131500244e-01,-1.329112201929092407e-01,2.397168576717376709e-01,4.037023782730102539e-01,2.153417915105819702e-01,1.936424523591995239e-01,-1.728026866912841797e-01,-1.671402007341384888e-01,5.017352476716041565e-02,3.621309101581573486e-01,5.520283579826354980e-01,5.933940410614013672e-01,1.209483109414577484e-02,-1.312078535556793213e-01,2.517460286617279053e-01,2.662125229835510254e-01,-2.164761126041412354e-01,-2.346069365739822388e-01,5.970310419797897339e-02,6.921579688787460327e-02,-1.020576581358909607e-01,9.982225485146045685e-03,2.367627248167991638e-02,3.735194355249404907e-02,4.115596413612365723e-01,3.746094107627868652e-01,2.972784079611301422e-02,4.068837687373161316e-02,-2.427773326635360718e-01,-3.068867698311805725e-02,-1.104556769132614136e-01,-1.538418680429458618e-01,-1.371195018291473389e-01,-1.155937835574150085e-02,-1.105333119630813599e-01,1.339437812566757202e-02,1.095576882362365723e-01,2.306046932935714722e-01,-1.346941944211721420e-02,-5.975008755922317505e-02,2.293941378593444824e-01,3.718731701374053955e-01,1.297709345817565918e-01,2.320228815078735352e-01,1.020292937755584717e-02,1.009316444396972656e-01,-4.800255969166755676e-02,-1.504937186837196350e-02,7.424136400222778320e-01,8.423430919647216797e-01,5.990345478057861328e-01,6.806493997573852539e-01,5.256164073944091797e-01,4.677975177764892578e-01,2.686132490634918213e-01,4.279653728008270264e-01,2.396582812070846558e-01,3.896809816360473633e-01,4.318598508834838867e-01,3.486344814300537109e-01,5.262424349784851074e-01,4.478558599948883057e-01,-1.823376566171646118e-01,-1.587733924388885498e-01,-1.164003238081932068e-01,-5.175779573619365692e-03,-1.942988038063049316e-01,-8.737743645906448364e-02,-2.076909244060516357e-01,-1.797581017017364502e-01,-1.492833066731691360e-02,1.554347872734069824e-01,-5.660843849182128906e-02,7.391447573900222778e-02,-2.313268333673477173e-01,-2.405896782875061035e-01,-9.611393511295318604e-02,1.654162704944610596e-01,-1.325962692499160767e-01,2.431766316294670105e-02,2.536067331675440073e-04,3.135785758495330811e-01,2.186522632837295532e-02,-1.399269104003906250e-01,-9.090583026409149170e-02,-1.140388101339340210e-01,-3.075184524059295654e-01,-2.783670723438262939e-01,-2.133622020483016968e-01,-2.303412556648254395e-01,-1.374618262052536011e-01,-7.915685325860977173e-02,7.447586208581924438e-02,6.261461228132247925e-02,1.482733786106109619e-01,4.848849773406982422e-02,-1.044414639472961426e-01,-1.628099679946899414e-01,-8.199886977672576904e-02,-1.195062026381492615e-01,7.615825533866882324e-02,-1.857219934463500977e-01,-2.854501008987426758e-01,-2.233764529228210449e-01,-2.078742384910583496e-01,-1.380769908428192139e-01,-2.556423246860504150e-01,-9.660313278436660767e-02
6.801407337188720703e-01,4.128722846508026123e-01,1.000000238418579102e+00,7.169753909111022949e-01,-8.980985730886459351e-02,-7.849124819040298462e-02,8.676425814628601074e-01,6.146378517150878906e-01,-1.400318294763565063e-01,1.406950410455465317e-02,4.485470354557037354e-01,4.127012193202972412e-01,4.814558625221252441e-01,3.711704015731811523e-01,-1.280581355094909668e-01,-2.599132619798183441e-02,1.379388868808746338e-01,1.485697329044342041e-01,5.051142573356628418e-01,4.691350162029266357e-01,-1.301942467689514160e-01,-1.850964277982711792e-01,8.130165934562683105e-01,7.520961761474609375e-01,1.006765011698007584e-02,8.505324274301528931e-02,-1.568743437528610229e-01,-1.425006538629531860e-01,6.087126582860946655e-02,-6.095222756266593933e-02,4.354010820388793945e-01,4.620971381664276123e-01,6.256473660469055176e-01,6.336627006530761719e-01,2.549843192100524902e-01,1.480112075805664062e-01,-1.769878715276718140e-01,-1.777550131082534790e-01,-2.515223920345306396e-01,-2.808483242988586426e-01,-2.107205539941787720e-01,-2.117859870195388794e-01,-2.792922854423522949e-01,-2.373808771371841431e-01,2.031420618295669556e-01,8.104092627763748169e-02,-3.422131240367889404e-01,-3.676130175590515137e-01,1.778260767459869385e-01,2.618064582347869873e-01,4.895146563649177551e-02,1.800067722797393799e-01,-3.697086572647094727e-01,-3.040279448032379150e-01,-2.918331921100616455e-01,-3.102850317955017090e-01,4.575327634811401367e-01,3.083984255790710449e-01,3.204896748065948486e-01,4.076272249221801758e-01,4.982171058654785156e-01,4.305821359157562256e-01,3.985816240310668945e-01,4.296338856220245361e-01,5.031235814094543457e-01,4.010095298290252686e-01,4.087357819080352783e-01,2.064572572708129883e-01,1.808299124240875244e-01,9.349296987056732178e-02,8.141124993562698364e-02,1.789417117834091187e-01,1.361242234706878662e-01,1.699629426002502441e-01,3.489130362868309021e-02,6.075310055166482925e-03,1.890394240617752075e-01,1.703246384859085083e-01,1.063673943281173706e-02,3.254737332463264465e-02,-2.597536146640777588e-02,2.121547050774097443e-02,-2.280181199312210083e-01,-1.779603809118270874e-01,-9.564632177352905273e-02,-1.444046795368194580e-01,-1.194893941283226013e-01,-1.692939698696136475e-01,-2.206853926181793213e-01,-1.906952261924743652e-01,-3.597407341003417969e-01,-2.783485054969787598e-01,-2.617457509040832520e-01,-2.056495398283004761e-01,-3.257892429828643799e-01,-3.165938854217529297e-01,-4.017809629440307617e-01,-3.356162011623382568e-01,-3.362746536731719971e-01,-3.929406106472015381e-01,-6.673675030469894409e-02,-4.147576540708541870e-02,2.519408427178859711e-02,8.583287708461284637e-03,-2.807544469833374023e-01,-3.026992380619049072e-01,3.456296771764755249e-02,1.044819410890340805e-02,-5.134576559066772461e-02,-2.397180199623107910e-01,-2.815832495689392090e-01,-3.424745798110961914e-01,-4.207559525966644287e-01,-3.129740059375762939e-01,-3.333567380905151367e-01,-1.936245262622833252e-01
5.577817559242248535e-01,3.790411353111267090e-01,7.169753909111022949e-01,9.999999403953552246e-01,-2.591833472251892090e-02,3.077619969844818115e-01,6.928678154945373535e-01,8.646583557128906250e-01,-2.368406206369400024e-01,4.619295001029968262e-01,2.412528544664382935e-01,4.148261249065399170e-01,3.178959488868713379e-01,6.332291960716247559e-01,-2.296999692916870117e-01,3.673188984394073486e-01,-5.793997645378112793e-02,6.379283219575881958e-02,3.936196565628051758e-01,4.680519998073577881e-01,-1.227397471666336060e-01,-1.105263680219650269e-01,7.158902883529663086e-01,8.594036102294921875e-01,8.741971850395202637e-02,4.264088571071624756e-01,-5.255018547177314758e-02,9.187445044517517090e-02,-6.611285358667373657e-02,-7.298798859119415283e-02,4.430696070194244385e-01,6.415296196937561035e-01,3.855474889278411865e-01,4.133168458938598633e-01,-4.826569557189941406e-02,-1.313204914331436157e-01,-2.676142454147338867e-01,-4.664607644081115723e-01,-2.828758955001831055e-01,-4.487320482730865479e-01,-1.787776350975036621e-01,-3.382396399974822998e-01,-3.180345594882965088e-01,-2.927274405956268311e-01,9.381826221942901611e-02,1.413279920816421509e-01,-3.567888736724853516e-01,-3.642185926437377930e-01,2.326629757881164551e-01,2.472109943628311157e-01,4.602947272360324860e-03,1.243302598595619202e-01,-4.047587811946868896e-01,-2.947624623775482178e-01,-3.059572577476501465e-01,-4.667258560657501221e-01,3.576926589012145996e-01,2.787072658538818359e-01,4.019370973110198975e-01,4.872665405273437500e-01,4.157638549804687500e-01,4.863925278186798096e-01,2.864167988300323486e-01,3.823338449001312256e-01,3.017454147338867188e-01,3.858320415019989014e-01,3.649910986423492432e-01,2.449437230825424194e-01,1.913373470306396484e-01,1.199947223067283630e-01,-1.133512333035469055e-02,1.615557968616485596e-01,4.276335984468460083e-02,3.182593360543251038e-02,7.513634860515594482e-03,-1.929121315479278564e-01,1.087053939700126648e-01,2.199253141880035400e-01,-5.859762430191040039e-02,3.153727389872074127e-03,-2.145716696977615356e-01,-1.223612353205680847e-01,-2.048114091157913208e-01,-1.467930227518081665e-01,-2.553733289241790771e-01,-2.578565776348114014e-01,-9.723422676324844360e-02,-1.209884956479072571e-01,-2.073981165885925293e-01,-3.146570324897766113e-01,-3.013071119785308838e-01,-3.584727346897125244e-01,-2.169208675622940063e-01,-2.574707567691802979e-01,-3.341681361198425293e-01,-3.178356885910034180e-01,-4.221520721912384033e-01,-4.225832521915435791e-01,-3.017379939556121826e-01,-4.093177616596221924e-01,-3.860039263963699341e-02,-4.942090809345245361e-02,3.918402642011642456e-02,-4.792238026857376099e-02,-3.269976079463958740e-01,-3.289005458354949951e-01,3.782000392675399780e-02,-2.916381694376468658e-02,2.699416875839233398e-02,-3.497473597526550293e-01,-3.830610215663909912e-01,-4.055345654487609863e-01,-4.599336087703704834e-01,-3.498938083648681641e-01,-3.267633318901062012e-01,-1.167285516858100891e-01
-2.933204174041748047e-02,-1.135272998362779617e-02,-8.980985730886459351e-02,-2.591833472251892090e-02,9.999997019767761230e-01,5.358864068984985352e-01,-7.809026539325714111e-02,3.514495491981506348e-02,7.483562827110290527e-01,3.339711129665374756e-01,2.079274803400039673e-01,2.108768373727798462e-01,2.111677676439285278e-01,2.616572976112365723e-01,5.780491828918457031e-01,4.314706921577453613e-01,2.528980374336242676e-01,1.570477932691574097e-01,-8.408939093351364136e-02,-3.359219804406166077e-02,3.393758535385131836e-01,4.707629382610321045e-01,6.187700480222702026e-02,3.784045344218611717e-03,5.015828013420104980e-01,4.164284169673919678e-01,6.401750445365905762e-01,5.691971182823181152e-01,3.189011514186859131e-01,2.871196866035461426e-01,3.079158365726470947e-01,2.843549251556396484e-01,3.334913775324821472e-02,4.293831437826156616e-02,5.093528330326080322e-02,5.090857297182083130e-02,2.921189665794372559e-01,1.288401633501052856e-01,4.659286439418792725e-01,3.163907229900360107e-01,3.947686553001403809e-01,3.289433419704437256e-01,1.451463848352432251e-01,9.046856313943862915e-02,7.104658335447311401e-02,-1.924792677164077759e-02,1.442502588033676147e-01,1.374835819005966187e-01,-1.007747948169708252e-01,-9.034285694360733032e-02,3.652533516287803650e-02,-5.658765789121389389e-03,1.549840271472930908e-01,2.275937348604202271e-01,4.356325566768646240e-01,2.806819081306457520e-01,3.352094441652297974e-02,2.985939010977745056e-02,-3.850733116269111633e-02,-3.956212103366851807e-02,3.215096145868301392e-02,-3.087860345840454102e-02,8.745432645082473755e-02,1.437649596482515335e-02,4.849232733249664307e-02,-1.811339706182479858e-01,3.222865611314773560e-02,5.083441734313964844e-02,4.727143794298171997e-02,6.151702627539634705e-02,1.805135607719421387e-01,2.338273823261260986e-01,2.747842073440551758e-01,2.909397780895233154e-01,3.109316825866699219e-01,2.019420117139816284e-01,1.100701987743377686e-01,7.144755125045776367e-02,1.878978461027145386e-01,1.121957600116729736e-01,2.372353523969650269e-01,2.006151229143142700e-01,2.592382729053497314e-01,1.343932300806045532e-01,3.604423999786376953e-01,2.295559644699096680e-01,3.658146560192108154e-01,4.087758958339691162e-01,5.308557748794555664e-01,1.965889185667037964e-01,1.296736299991607666e-01,9.981106221675872803e-02,1.700021326541900635e-01,2.263378053903579712e-01,5.975261330604553223e-02,-3.620268544182181358e-03,2.008095234632492065e-01,1.012055799365043640e-01,1.946114003658294678e-01,1.517913341522216797e-01,-7.044757902622222900e-02,-1.218546731251990423e-05,-2.118610739707946777e-01,-1.439733505249023438e-01,6.369329243898391724e-02,-5.600561574101448059e-02,-1.930270642042160034e-01,-2.525561451911926270e-01,5.709289759397506714e-02,5.282533541321754456e-02,1.334103345870971680e-01,1.925531774759292603e-01,2.751344740390777588e-01,1.715764254331588745e-01,9.880950301885604858e-02,-5.090742930769920349e-02
-5.704947933554649353e-02,-1.076669320464134216e-01,-7.849124819040298462e-02,3.077619969844818115e-01,5.358864068984985352e-01,1.000000238418579102e+00,-8.103320002555847168e-02,3.961957097053527832e-01,3.287830054759979248e-01,8.493942022323608398e-01,-3.410349413752555847e-02,5.320577695965766907e-02,-5.418394226580858231e-03,4.641349911689758301e-01,1.419865936040878296e-01,8.009603023529052734e-01,-6.568094342947006226e-02,-1.377066075801849365e-01,-8.769264072179794312e-02,3.081725662923417985e-05,2.067789435386657715e-01,3.031955659389495850e-01,8.936915546655654907e-02,2.317060530185699463e-01,4.558351635932922363e-01,7.274770736694335938e-01,4.862956106662750244e-01,6.419093012809753418e-01,-7.921114563941955566e-03,3.432435914874076843e-02,2.984477877616882324e-01,4.754422307014465332e-01,-1.067378446459770203e-01,-1.087566837668418884e-01,-3.535149693489074707e-01,-3.451741039752960205e-01,-5.733191967010498047e-02,-4.583097398281097412e-01,1.148492470383644104e-01,-1.682662665843963623e-01,5.762002244591712952e-02,-1.815244406461715698e-01,-5.872273817658424377e-02,-1.803222596645355225e-01,-9.116872400045394897e-02,-7.828298211097717285e-02,-6.532769650220870972e-02,-3.489607572555541992e-02,-6.526613980531692505e-02,-1.100441589951515198e-01,-1.639953106641769409e-01,-1.750604212284088135e-01,-9.846078604459762573e-02,3.421764820814132690e-02,6.934411823749542236e-02,-1.212763190269470215e-01,-5.846434831619262695e-02,-8.856005966663360596e-02,-1.983639411628246307e-02,-7.895343005657196045e-03,-4.040753841400146484e-02,-8.238440379500389099e-03,-4.770549386739730835e-02,-1.199667155742645264e-01,-1.409875154495239258e-01,-1.718817800283432007e-01,-7.956054806709289551e-02,-7.873285561800003052e-02,-2.611457556486129761e-02,-4.129533469676971436e-02,-1.246863044798374176e-03,1.372669488191604614e-01,-1.794157922267913818e-02,-9.815057367086410522e-02,1.130531057715415955e-01,-1.949677169322967529e-01,-3.629393503069877625e-02,5.469827353954315186e-02,-1.383756473660469055e-02,-5.497170612215995789e-02,-1.452882736921310425e-01,-1.658324897289276123e-01,3.977342694997787476e-02,-1.320115383714437485e-02,-1.108125746250152588e-01,-2.091048061847686768e-01,7.482038438320159912e-02,1.073211282491683960e-01,1.815942525863647461e-01,-1.449465006589889526e-01,3.138641268014907837e-02,-9.873323142528533936e-02,1.592138968408107758e-02,1.473841629922389984e-02,-1.836491376161575317e-02,-5.778199434280395508e-02,-2.374801971018314362e-02,-1.278235614299774170e-01,-1.961983367800712585e-02,-7.876978069543838501e-02,-1.196734011173248291e-01,-1.547526475042104721e-02,-2.566213607788085938e-01,-2.550731897354125977e-01,-1.470293998718261719e-01,-1.700996905565261841e-01,-1.479526162147521973e-01,-1.795132756233215332e-01,1.283723860979080200e-01,-1.598621755838394165e-01,-7.077153027057647705e-02,-6.168856844305992126e-02,4.788883402943611145e-02,-6.919602304697036743e-02,-4.513520747423171997e-02,5.610603466629981995e-02
6.572803854942321777e-01,3.906266987323760986e-01,8.676425814628601074e-01,6.928678154945373535e-01,-7.809026539325714111e-02,-8.103320002555847168e-02,9.999999403953552246e-01,6.629633903503417969e-01,-1.471380889415740967e-01,2.047094702720642090e-02,5.391435623168945312e-01,4.877125024795532227e-01,6.014414429664611816e-01,4.377365708351135254e-01,-9.049309790134429932e-02,-2.777685038745403290e-02,2.282806932926177979e-01,2.023562639951705933e-01,3.980592191219329834e-01,3.507813811302185059e-01,-1.325767785310745239e-01,-1.725627481937408447e-01,8.080434799194335938e-01,7.495702505111694336e-01,-3.103823401033878326e-02,7.526697963476181030e-02,-1.820123791694641113e-01,-1.552275717258453369e-01,1.416799277067184448e-01,-1.183364354074001312e-02,4.940595924854278564e-01,5.185041427612304688e-01,6.583245992660522461e-01,6.778095364570617676e-01,2.721717953681945801e-01,1.435151994228363037e-01,-1.602425426244735718e-01,-1.619133055210113525e-01,-2.830127477645874023e-01,-2.736653983592987061e-01,-1.798049211502075195e-01,-1.637565344572067261e-01,-2.304701060056686401e-01,-1.741829365491867065e-01,2.878455817699432373e-01,1.822891831398010254e-01,-3.213617503643035889e-01,-3.509351611137390137e-01,2.780307233333587646e-01,3.277963101863861084e-01,1.595314592123031616e-01,2.549341320991516113e-01,-3.491223454475402832e-01,-3.074193596839904785e-01,-3.119652867317199707e-01,-3.407554924488067627e-01,4.548584222793579102e-01,2.852549552917480469e-01,3.096215426921844482e-01,3.829600512981414795e-01,5.752362608909606934e-01,4.948676228523254395e-01,4.965244233608245850e-01,5.164363980293273926e-01,5.499597191810607910e-01,4.587678313255310059e-01,4.052542746067047119e-01,2.444428205490112305e-01,6.881108880043029785e-02,3.386281430721282959e-02,1.374193876981735229e-01,2.392125576734542847e-01,2.039803415536880493e-01,2.276520431041717529e-01,7.725134491920471191e-02,2.529302425682544708e-02,2.506174445152282715e-01,2.298614233732223511e-01,5.280245095491409302e-02,6.837812811136245728e-02,6.746491044759750366e-02,4.245778545737266541e-02,-2.380750328302383423e-01,-2.092196792364120483e-01,-4.694364219903945923e-02,-1.089471057057380676e-01,-1.241695284843444824e-01,-2.059773057699203491e-01,-2.773193717002868652e-01,-2.281413376331329346e-01,-3.887109458446502686e-01,-3.611436486244201660e-01,-3.129102289676666260e-01,-2.779929637908935547e-01,-3.584093749523162842e-01,-3.340359330177307129e-01,-4.241259694099426270e-01,-3.792808949947357178e-01,-3.592353165149688721e-01,-3.918130993843078613e-01,-1.115417852997779846e-01,-8.492651581764221191e-02,6.741254124790430069e-03,-4.029097780585289001e-02,-3.452931642532348633e-01,-3.760729730129241943e-01,3.692945232614874840e-03,-1.675469987094402313e-02,-6.688743829727172852e-02,-2.716979384422302246e-01,-3.055654466152191162e-01,-3.682432472705841064e-01,-4.519436955451965332e-01,-3.622848391532897949e-01,-3.875663578510284424e-01,-2.163975089788436890e-01
4.747509062290191650e-01,3.205298483371734619e-01,6.146378517150878906e-01,8.646583557128906250e-01,3.514495491981506348e-02,3.961957097053527832e-01,6.629633903503417969e-01,9.999999403953552246e-01,-1.636577397584915161e-01,5.548413991928100586e-01,3.299399614334106445e-01,4.959215819835662842e-01,4.057831168174743652e-01,7.416436076164245605e-01,-1.515974253416061401e-01,4.586658477783203125e-01,3.736315295100212097e-02,1.105992048978805542e-01,2.188987731933593750e-01,3.223476707935333252e-01,-9.890367835760116577e-02,-6.345649063587188721e-02,6.768085360527038574e-01,8.260571360588073730e-01,7.567096501588821411e-02,4.865541458129882812e-01,-4.169579967856407166e-02,1.076958402991294861e-01,2.523484081029891968e-02,7.432593498378992081e-03,5.216050148010253906e-01,7.295204401016235352e-01,3.755724430084228516e-01,4.122643172740936279e-01,-9.417533874511718750e-02,-2.076418399810791016e-01,-2.351293861865997314e-01,-4.642651379108428955e-01,-2.719199359416961670e-01,-4.444171190261840820e-01,-1.499095559120178223e-01,-3.286783695220947266e-01,-2.234485149383544922e-01,-2.135511785745620728e-01,1.596125513315200806e-01,2.355319559574127197e-01,-2.916556298732757568e-01,-2.850282192230224609e-01,3.201901912689208984e-01,3.096376955509185791e-01,9.025098383426666260e-02,1.956591904163360596e-01,-3.467658162117004395e-01,-2.179398685693740845e-01,-2.722480595111846924e-01,-4.741385877132415771e-01,3.070728182792663574e-01,2.332249283790588379e-01,3.642618656158447266e-01,4.223335087299346924e-01,4.434345662593841553e-01,5.037230253219604492e-01,3.568430840969085693e-01,4.349845945835113525e-01,2.990688681602478027e-01,3.637433946132659912e-01,3.065178096294403076e-01,2.414061129093170166e-01,5.532072484493255615e-02,3.759096562862396240e-02,7.407114654779434204e-02,2.496167570352554321e-01,1.049313545227050781e-01,7.210586965084075928e-02,5.217141285538673401e-02,-1.916976273059844971e-01,1.454207152128219604e-01,2.734747529029846191e-01,-1.304276846349239349e-02,4.097736254334449768e-02,-1.268341243267059326e-01,-7.351920008659362793e-02,-2.079886049032211304e-01,-1.701172590255737305e-01,-2.080834209918975830e-01,-2.307360768318176270e-01,-1.059689670801162720e-01,-1.342608779668807983e-01,-2.248321473598480225e-01,-3.747748732566833496e-01,-2.621150612831115723e-01,-4.159224927425384521e-01,-2.815815508365631104e-01,-3.211827874183654785e-01,-3.229467868804931641e-01,-3.061088919639587402e-01,-3.916359841823577881e-01,-4.269952178001403809e-01,-2.771046161651611328e-01,-3.671056926250457764e-01,-1.298761814832687378e-01,-9.043994545936584473e-02,-3.962325304746627808e-02,-1.256963461637496948e-01,-3.739288151264190674e-01,-3.725349605083465576e-01,-1.858210191130638123e-02,-7.856238633394241333e-02,3.376125171780586243e-02,-3.440846204757690430e-01,-3.590995073318481445e-01,-3.970850110054016113e-01,-4.401947855949401855e-01,-3.869861066341400146e-01,-3.526153862476348877e-01,-9.664256870746612549e-02
-1.887928545475006104e-01,-1.632670462131500244e-01,-1.400318294763565063e-01,-2.368406206369400024e-01,7.483562827110290527e-01,3.287830054759979248e-01,-1.471380889415740967e-01,-1.636577397584915161e-01,1.000000119209289551e+00,1.202281415462493896e-01,2.728674113750457764e-01,2.005577385425567627e-01,2.515879869461059570e-01,1.100738793611526489e-01,7.145604491233825684e-01,2.718173563480377197e-01,3.215808570384979248e-01,1.830736547708511353e-01,-2.214854061603546143e-01,-1.661677658557891846e-01,3.728783130645751953e-01,4.689815044403076172e-01,1.395081076771020889e-02,-1.442388296127319336e-01,4.923769235610961914e-01,2.783699035644531250e-01,4.604592323303222656e-01,3.125208616256713867e-01,4.211319983005523682e-01,3.560546636581420898e-01,2.761859595775604248e-01,1.344871073961257935e-01,6.196000147610902786e-03,4.483041539788246155e-02,1.525926142930984497e-01,1.407175213098526001e-01,4.164740145206451416e-01,3.214902579784393311e-01,4.485333263874053955e-01,4.061258435249328613e-01,4.138321280479431152e-01,4.188124239444732666e-01,2.226281613111495972e-01,1.460889279842376709e-01,1.099288761615753174e-01,-1.077903658151626587e-01,1.982620507478713989e-01,1.872762292623519897e-01,-2.024249732494354248e-01,-1.947166174650192261e-01,3.023503534495830536e-02,-5.225272849202156067e-02,2.196908444166183472e-01,1.984401047229766846e-01,4.917580187320709229e-01,3.875968158245086670e-01,-8.504186570644378662e-02,-1.230668351054191589e-01,-2.174434959888458252e-01,-2.551968693733215332e-01,-7.615188509225845337e-02,-1.687580198049545288e-01,9.631750732660293579e-02,-3.250877186655998230e-02,6.569632142782211304e-02,-3.020344078540802002e-01,-9.159693121910095215e-02,-7.623125612735748291e-02,-6.720723956823348999e-02,-6.705655157566070557e-02,2.517518401145935059e-01,2.839407622814178467e-01,3.227387964725494385e-01,3.597496449947357178e-01,3.515857458114624023e-01,3.439937233924865723e-01,1.800699979066848755e-01,7.325666397809982300e-02,2.229828834533691406e-01,1.024159789085388184e-01,3.549917042255401611e-01,3.428718447685241699e-01,3.084957301616668701e-01,2.268937528133392334e-01,4.972293972969055176e-01,2.963761687278747559e-01,3.925176560878753662e-01,4.246511757373809814e-01,5.177881121635437012e-01,1.828552335500717163e-01,1.595163196325302124e-01,2.483920603990554810e-01,2.194580137729644775e-01,3.135123252868652344e-01,1.497360914945602417e-01,5.529619008302688599e-02,2.418532669544219971e-01,1.963036656379699707e-01,2.476309984922409058e-01,2.144616842269897461e-01,-2.871908806264400482e-02,1.942431367933750153e-02,-1.880446970462799072e-01,-9.245950728654861450e-02,1.648288220167160034e-01,5.487676337361335754e-02,-1.769265830516815186e-01,-2.165445536375045776e-01,3.941573202610015869e-02,1.516770571470260620e-01,2.294520437717437744e-01,3.301576972007751465e-01,4.129340052604675293e-01,2.290704399347305298e-01,1.949605047702789307e-01,-4.332469031214714050e-02
-5.138398706912994385e-02,-1.329112201929092407e-01,1.406950410455465317e-02,4.619295001029968262e-01,3.339711129665374756e-01,8.493942022323608398e-01,2.047094702720642090e-02,5.548413991928100586e-01,1.202281415462493896e-01,9.999999403953552246e-01,-3.121821023523807526e-02,6.158207356929779053e-02,2.759596891701221466e-02,5.859690904617309570e-01,2.742479927837848663e-02,8.376485705375671387e-01,-1.095346733927726746e-01,-1.520669460296630859e-01,-1.073406711220741272e-01,-1.298143994063138962e-02,1.158498600125312805e-01,1.950150877237319946e-01,1.777069270610809326e-01,3.822661340236663818e-01,4.060828685760498047e-01,7.968304157257080078e-01,2.724899947643280029e-01,4.701078236103057861e-01,-1.494689658284187317e-02,2.472110278904438019e-02,3.461541831493377686e-01,5.813294053077697754e-01,-1.232625395059585571e-01,-1.170173808932304382e-01,-3.886879384517669678e-01,-4.146058857440948486e-01,-8.255249261856079102e-02,-5.389893651008605957e-01,-4.666963592171669006e-03,-2.950862646102905273e-01,2.242271415889263153e-02,-3.015209436416625977e-01,-8.373251557350158691e-02,-1.948462724685668945e-01,-8.142533153295516968e-02,-8.951297029852867126e-03,-1.161587387323379517e-01,-6.956967711448669434e-02,3.526895493268966675e-02,-2.440310828387737274e-02,-1.076344698667526245e-01,-9.797559678554534912e-02,-1.674274653196334839e-01,-1.821617968380451202e-02,-4.245310649275779724e-02,-2.787024378776550293e-01,-1.067541390657424927e-01,-1.505562812089920044e-01,-5.523901432752609253e-03,-1.040115579962730408e-02,-4.040994122624397278e-02,3.305621910840272903e-03,-2.277266979217529297e-02,-8.538075536489486694e-02,-1.372025609016418457e-01,-9.947083145380020142e-02,-6.934423744678497314e-02,-6.050838530063629150e-02,-9.503511339426040649e-02,-6.289024651050567627e-02,2.767083235085010529e-02,1.821341067552566528e-01,3.237765049561858177e-03,-9.709095954895019531e-02,1.007646024227142334e-01,-2.458350211381912231e-01,1.881200633943080902e-02,1.536920070648193359e-01,-2.159470878541469574e-02,-6.731586158275604248e-02,-1.733690649271011353e-01,-1.801695525646209717e-01,7.320726756006479263e-03,-1.100813318043947220e-02,-1.688517779111862183e-01,-2.976338267326354980e-01,4.534949548542499542e-03,1.400749012827873230e-02,6.397646851837635040e-03,-3.403777778148651123e-01,-4.362903907895088196e-02,-1.692406833171844482e-01,-8.139933645725250244e-02,-8.895090222358703613e-02,-2.043780498206615448e-02,-5.931630358099937439e-02,-8.953763544559478760e-02,-1.809006929397583008e-01,-5.412943288683891296e-02,-1.418967247009277344e-01,-1.275299936532974243e-01,-3.437231853604316711e-02,-1.966281235218048096e-01,-2.121000289916992188e-01,-1.944733411073684692e-01,-1.885957270860671997e-01,-6.035832315683364868e-02,-9.308616071939468384e-02,9.260796755552291870e-02,-2.015545219182968140e-01,-1.017710044980049133e-01,-1.292532384395599365e-01,-6.664640456438064575e-02,-1.407384127378463745e-01,-6.921778619289398193e-02,6.459371000528335571e-02
3.715376257896423340e-01,2.397168576717376709e-01,4.485470354557037354e-01,2.412528544664382935e-01,2.079274803400039673e-01,-3.410349413752555847e-02,5.391435623168945312e-01,3.299399614334106445e-01,2.728674113750457764e-01,-3.121821023523807526e-02,9.999999403953552246e-01,6.136544346809387207e-01,8.368203639984130859e-01,4.915017187595367432e-01,4.053702652454376221e-01,4.703317210078239441e-02,6.404399275779724121e-01,4.509641528129577637e-01,-7.112855464220046997e-02,-5.114383250474929810e-02,1.993748545646667480e-02,8.183643221855163574e-02,4.985668957233428955e-01,3.645793795585632324e-01,1.226664483547210693e-01,9.888627380132675171e-02,-3.306269645690917969e-02,-1.122987940907478333e-01,5.216894149780273438e-01,3.452039361000061035e-01,5.595791339874267578e-01,4.847322702407836914e-01,5.241093635559082031e-01,5.329470634460449219e-01,4.203405678272247314e-01,2.402633875608444214e-01,1.992466598749160767e-01,1.988388448953628540e-01,7.430492900311946869e-03,7.167647778987884521e-02,6.942140311002731323e-02,1.347848474979400635e-01,1.999586671590805054e-01,2.238419800996780396e-01,4.957841038703918457e-01,3.404800295829772949e-01,8.596461266279220581e-02,4.007546603679656982e-02,3.573399782180786133e-01,4.171511530876159668e-01,4.293579161167144775e-01,4.525644779205322266e-01,2.359684370458126068e-02,6.092910841107368469e-02,7.099866867065429688e-02,9.318335913121700287e-03,3.381516933441162109e-01,1.902810037136077881e-01,6.744436174631118774e-02,3.343301266431808472e-02,4.358130097389221191e-01,1.835684031248092651e-01,5.784459710121154785e-01,4.218894541263580322e-01,4.936714768409729004e-01,2.311721742153167725e-01,2.322666794061660767e-01,1.565075665712356567e-01,-1.686127036809921265e-01,-1.469981819391250610e-01,4.198463857173919678e-01,4.637217521667480469e-01,4.341674447059631348e-01,4.577158093452453613e-01,2.499508410692214966e-01,2.580552697181701660e-01,3.171720206737518311e-01,2.337212860584259033e-01,2.397238761186599731e-01,2.298774719238281250e-01,4.445622563362121582e-01,4.433984160423278809e-01,-1.212033722549676895e-02,-4.834856837987899780e-02,3.528575897216796875e-01,2.194867879152297974e-01,2.654803171753883362e-02,3.708183765411376953e-02,-1.325275301933288574e-01,-1.480088680982589722e-01,-1.227841004729270935e-01,-2.174394279718399048e-01,-2.734804153442382812e-01,-2.260646969079971313e-01,-1.711283922195434570e-01,-1.793666332960128784e-01,-1.119151115417480469e-01,-1.250535398721694946e-01,-1.083055585622787476e-01,-7.628399133682250977e-02,-3.106594681739807129e-01,-1.905566155910491943e-01,-2.088945060968399048e-01,-1.800790578126907349e-01,-1.947118639945983887e-01,-2.905913591384887695e-01,-1.988632082939147949e-01,-1.777556240558624268e-01,-9.369493275880813599e-02,-1.105980724096298218e-01,-1.568371616303920746e-02,-9.152054041624069214e-02,-8.626965433359146118e-02,-2.294807732105255127e-01,-2.478130608797073364e-01,-1.796663403511047363e-01
3.518909215927124023e-01,4.037023782730102539e-01,4.127012193202972412e-01,4.148261249065399170e-01,2.108768373727798462e-01,5.320577695965766907e-02,4.877125024795532227e-01,4.959215819835662842e-01,2.005577385425567627e-01,6.158207356929779053e-02,6.136544346809387207e-01,1.000000119209289551e+00,6.476343274116516113e-01,6.216366291046142578e-01,2.823020815849304199e-01,1.500117778778076172e-01,4.224960505962371826e-01,5.961908698081970215e-01,8.648353070020675659e-02,1.834529340267181396e-01,1.395040750503540039e-01,1.464645862579345703e-01,5.363556742668151855e-01,4.813250303268432617e-01,1.006041914224624634e-01,1.592562347650527954e-01,2.872004359960556030e-02,-8.832915336824953556e-04,4.056708812713623047e-01,4.864626526832580566e-01,5.342434644699096680e-01,4.968554675579071045e-01,4.194783866405487061e-01,4.736544489860534668e-01,2.601507902145385742e-01,1.462566107511520386e-01,7.664106786251068115e-02,1.389345526695251465e-01,-2.872323989868164062e-02,2.259763330221176147e-02,1.338196247816085815e-01,2.025413215160369873e-01,3.947686776518821716e-02,1.000010073184967041e-01,3.333342671394348145e-01,3.251900076866149902e-01,1.659333123825490475e-03,-1.695127598941326141e-02,2.734657824039459229e-01,3.271920382976531982e-01,2.780080139636993408e-01,3.729406297206878662e-01,-3.158953040838241577e-02,1.416039071045815945e-03,5.123588070273399353e-02,-3.782496601343154907e-02,3.474893569946289062e-01,3.350656032562255859e-01,2.523281276226043701e-01,2.451318800449371338e-01,4.173215329647064209e-01,4.287326931953430176e-01,5.135018825531005859e-01,6.332957744598388672e-01,4.247931838035583496e-01,3.247619867324829102e-01,2.617478668689727783e-01,2.614333927631378174e-01,4.215289279818534851e-02,-4.475276172161102295e-02,2.745260596275329590e-01,3.956032991409301758e-01,3.281842470169067383e-01,4.302910268306732178e-01,1.038637831807136536e-01,1.741002649068832397e-01,2.492881864309310913e-01,2.795250117778778076e-01,2.481070309877395630e-01,3.229043483734130859e-01,2.703363895416259766e-01,3.880208134651184082e-01,-2.503667958080768585e-03,-1.779875904321670532e-02,2.285650372505187988e-01,2.933065593242645264e-01,5.038065090775489807e-02,1.567382067441940308e-01,-7.274471968412399292e-02,-3.733806684613227844e-02,-9.442993998527526855e-02,-1.560677438974380493e-01,-8.953527361154556274e-02,-1.260412037372589111e-01,-1.696130186319351196e-01,-1.436553299427032471e-01,-1.144886910915374756e-01,-1.507394015789031982e-01,-8.987507969141006470e-02,-1.145888790488243103e-01,-7.653328776359558105e-02,-1.086881309747695923e-01,-1.630179025232791901e-02,-8.933841437101364136e-02,-2.043904811143875122e-01,-2.781247496604919434e-01,-1.747271865606307983e-01,-3.100882768630981445e-01,1.120828539133071899e-01,-1.553892344236373901e-01,-1.858613938093185425e-01,-1.139092221856117249e-01,-1.476223468780517578e-01,-1.608639657497406006e-01,-2.051719725131988525e-01,-1.147960647940635681e-01
3.329726159572601318e-01,2.153417915105819702e-01,4.814558625221252441e-01,3.178959488868713379e-01,2.111677676439285278e-01,-5.418394226580858231e-03,6.014414429664611816e-01,4.057831168174743652e-01,2.515879869461059570e-01,2.759596891701221466e-02,8.368203639984130859e-01,6.476343274116516113e-01,9.999999403953552246e-01,5.760703086853027344e-01,3.991691172122955322e-01,9.042364358901977539e-02,5.999139547348022461e-01,5.036035776138305664e-01,-7.120396941900253296e-02,-6.316625326871871948e-02,6.775984913110733032e-02,1.116274073719978333e-01,5.623359084129333496e-01,4.667229950428009033e-01,2.368080615997314453e-01,2.027962952852249146e-01,-3.549990803003311157e-02,-7.759550213813781738e-02,5.377853512763977051e-01,3.915163576602935791e-01,6.489286422729492188e-01,5.528645515441894531e-01,4.361963868141174316e-01,4.793165028095245361e-01,4.062874615192413330e-01,2.461474537849426270e-01,2.084681242704391479e-01,1.962759196758270264e-01,-2.121718600392341614e-02,7.552491873502731323e-02,1.344406306743621826e-01,1.789633631706237793e-01,1.613485515117645264e-01,1.836744993925094604e-01,4.650886952877044678e-01,3.238228559494018555e-01,2.611861936748027802e-02,-1.325538381934165955e-02,3.300903737545013428e-01,3.659768104553222656e-01,4.162240028381347656e-01,4.407778680324554443e-01,-1.068026572465896606e-02,1.421439088881015778e-02,5.811585113406181335e-02,-2.892189845442771912e-02,3.141427636146545410e-01,1.523145139217376709e-01,5.889996513724327087e-02,1.402189675718545914e-02,3.863328695297241211e-01,1.807144433259963989e-01,5.754554867744445801e-01,4.351089596748352051e-01,4.833393990993499756e-01,2.467504143714904785e-01,2.274953424930572510e-01,1.625668406486511230e-01,-2.068352699279785156e-01,-1.335849165916442871e-01,4.076815247535705566e-01,4.974544346332550049e-01,4.704049527645111084e-01,5.262712836265563965e-01,2.795901000499725342e-01,2.879709005355834961e-01,4.003174006938934326e-01,3.373579978942871094e-01,2.983948290348052979e-01,2.844842970371246338e-01,4.465476870536804199e-01,4.406648874282836914e-01,4.607408866286277771e-02,1.227203942835330963e-02,3.951952457427978516e-01,2.114100903272628784e-01,7.595979422330856323e-02,9.636118263006210327e-02,-1.434604674577713013e-01,-1.985638588666915894e-01,-1.534464359283447266e-01,-2.281894236803054810e-01,-2.471914142370223999e-01,-2.254384160041809082e-01,-2.126636952161788940e-01,-2.024032473564147949e-01,-1.493844985961914062e-01,-1.669702678918838501e-01,-9.790968894958496094e-02,-8.700621128082275391e-02,-2.379757910966873169e-01,-1.754076629877090454e-01,-1.653281450271606445e-01,-1.566673815250396729e-01,-2.434209287166595459e-01,-3.382612764835357666e-01,-1.869104951620101929e-01,-1.778090447187423706e-01,-6.208963319659233093e-02,-1.683050841093063354e-01,-6.158451735973358154e-02,-9.879234433174133301e-02,-1.128428652882575989e-01,-2.101525813341140747e-01,-2.587898373603820801e-01,-1.781108528375625610e-01
