9.999998211860656738e-01,3.421818017959594727e-01,3.692790269851684570e-01,1.729970574378967285e-01,1.345833986997604370e-01,7.012280076742172241e-02,4.111408889293670654e-01,2.452562451362609863e-01,1.798746138811111450e-01,-9.414370357990264893e-02,3.552730381488800049e-01,1.679777503013610840e-01,4.084844291210174561e-01,2.823628783226013184e-01,1.121093779802322388e-01,-2.031560242176055908e-02,2.430107146501541138e-01,6.456236541271209717e-02,4.590791165828704834e-01,4.796012938022613525e-01,-6.742108613252639771e-02,-8.646710962057113647e-02,1.523322761058807373e-01,1.705599427223205566e-01,-6.911584641784429550e-04,3.919868264347314835e-03,4.393264651298522949e-02,4.061986505985260010e-02,1.760645806789398193e-01,1.106373295187950134e-01,2.381317168474197388e-01,1.518330276012420654e-01,4.815745949745178223e-01,3.022574782371520996e-01,2.891532890498638153e-02,-1.476115267723798752e-02,2.391195483505725861e-02,-4.210933111608028412e-03,1.249317452311515808e-01,1.457885652780532837e-01,8.167839795351028442e-02,1.242909133434295654e-01,-7.685846090316772461e-02,1.545747369527816772e-01,3.104851581156253815e-02,2.745440304279327393e-01,3.557921946048736572e-02,-8.121231198310852051e-02,3.118419051170349121e-01,2.844769358634948730e-01,2.110093981027603149e-01,2.672872841358184814e-01,1.700994521379470825e-01,9.152662009000778198e-02,7.971400022506713867e-02,6.344874948263168335e-02,4.004206061363220215e-01,2.451374977827072144e-01,5.359222292900085449e-01,4.043754935264587402e-01,5.377330183982849121e-01,2.928892076015472412e-01,2.737363278865814209e-01,6.962785869836807251e-02,2.280565798282623291e-01,1.448901593685150146e-01,4.180868566036224365e-01,2.624809741973876953e-01,3.147551119327545166e-01,3.719509840011596680e-01,1.444692723453044891e-02,1.877362467348575592e-02,1.980473101139068604e-01,2.748820185661315918e-01,1.497696638107299805e-01,6.959460675716400146e-02,2.273835986852645874e-01,2.225499749183654785e-01,1.194927394390106201e-01,2.775575779378414154e-02,1.118802949786186218e-01,-7.686999626457691193e-03,-2.924565970897674561e-02,-2.227959036827087402e-02,1.191804930567741394e-01,9.793752431869506836e-02,3.900715708732604980e-02,3.643508255481719971e-02,1.767151951789855957e-01,3.170839697122573853e-02,-2.401228249073028564e-01,-1.685986220836639404e-01,-7.813725620508193970e-02,-1.072645783424377441e-01,-4.495514556765556335e-02,-5.230244994163513184e-02,-6.695045530796051025e-02,-1.312175672501325607e-02,-1.572604477405548096e-02,-7.093706727027893066e-02,-7.797936350107192993e-02,-4.410798102617263794e-02,-3.426640480756759644e-02,-1.380054838955402374e-02,-2.609350718557834625e-02,-3.309079259634017944e-02,2.126216515898704529e-02,-1.631012260913848877e-01,-3.838552162051200867e-02,4.270245134830474854e-02,-6.849393830634653568e-04,-1.009625196456909180e-01,-1.117545142769813538e-01,-4.487333074212074280e-02,-5.773385241627693176e-02,-2.953159809112548828e-01
3.421818017959594727e-01,9.999999403953552246e-01,-5.166450515389442444e-02,1.736694425344467163e-01,5.200687050819396973e-02,1.459895521402359009e-01,-2.644284814596176147e-02,3.266705274581909180e-01,-6.439387798309326172e-02,-1.640022359788417816e-02,2.071930915117263794e-01,4.393865764141082764e-01,1.056212782859802246e-01,3.690578043460845947e-01,-7.433948665857315063e-02,7.151825726032257080e-02,2.392441183328628540e-01,2.744311690330505371e-01,2.079178392887115479e-01,4.543917477130889893e-01,-1.993968337774276733e-02,3.762632235884666443e-02,-6.336989998817443848e-02,1.580680161714553833e-02,-2.506433427333831787e-02,6.912234239280223846e-03,8.170891553163528442e-03,4.296064376831054688e-03,2.052667140960693359e-01,2.112775146961212158e-01,3.524679690599441528e-02,1.340974401682615280e-02,3.630269765853881836e-01,3.104312419891357422e-01,9.205250442028045654e-02,-7.349655777215957642e-02,1.757756471633911133e-01,-2.271413803100585938e-02,1.219594851136207581e-02,9.831400960683822632e-02,-2.323233895003795624e-02,1.964203417301177979e-01,-4.748734459280967712e-02,1.518346071243286133e-01,6.091766431927680969e-02,2.234281301498413086e-01,7.341431826353073120e-02,-5.614022538065910339e-02,1.527876108884811401e-01,2.785078287124633789e-01,1.223769560456275940e-01,2.966528236865997314e-01,2.552258670330047607e-01,2.672048211097717285e-01,1.711284518241882324e-01,1.436289399862289429e-01,3.909337818622589111e-01,5.958459377288818359e-01,3.226294517517089844e-01,3.883584737777709961e-01,3.337770700454711914e-01,4.703828394412994385e-01,1.248016506433486938e-01,5.055286884307861328e-01,-1.434992104768753052e-01,1.736505478620529175e-01,2.379406243562698364e-01,1.063620746135711670e-01,4.122673869132995605e-01,2.838147878646850586e-01,4.260606691241264343e-02,8.258835226297378540e-02,1.310170590877532959e-01,2.736817896366119385e-01,1.152468472719192505e-01,1.107431650161743164e-01,1.314911991357803345e-01,7.006779313087463379e-02,5.781500041484832764e-02,1.884268373250961304e-01,6.836069375276565552e-02,3.286840915679931641e-01,-1.347708255052566528e-01,1.763595044612884521e-01,-4.549447447061538696e-02,1.311350464820861816e-01,3.819287568330764771e-02,8.071453310549259186e-03,-2.339403331279754639e-02,8.268024772405624390e-02,-1.070431098341941833e-01,-2.737123332917690277e-02,-4.945659637451171875e-02,-5.504355579614639282e-02,2.657932601869106293e-02,-1.934380270540714264e-02,-5.197174102067947388e-02,6.084847450256347656e-02,1.976948976516723633e-01,9.813833981752395630e-02,1.145736780017614365e-02,-4.418700560927391052e-02,7.359242439270019531e-02,1.029823124408721924e-01,6.578065454959869385e-02,2.341820485889911652e-02,2.783279493451118469e-02,-6.224975734949111938e-02,-6.942114233970642090e-02,3.674832871183753014e-03,-4.829761385917663574e-02,1.256834268569946289e-01,3.446374088525772095e-02,-1.224805563688278198e-01,-3.939302265644073486e-02,-2.331441938877105713e-01
3.692790269851684570e-01,-5.166450515389442444e-02,1.000000119209289551e+00,3.192164003849029541e-01,1.993207186460494995e-01,1.608215086162090302e-02,6.540373563766479492e-01,1.057649180293083191e-01,2.716817557811737061e-01,-1.166479475796222687e-02,1.299126148223876953e-01,-2.511812150478363037e-01,2.988422214984893799e-01,-1.028544381260871887e-01,3.763163685798645020e-01,1.012025102972984314e-01,4.165242239832878113e-02,-1.496828645467758179e-01,4.400449097156524658e-01,1.385964006185531616e-01,7.602232694625854492e-02,3.461369499564170837e-02,6.307951211929321289e-01,4.779368340969085693e-01,1.942969411611557007e-01,9.917702525854110718e-02,1.867984831333160400e-01,1.680037379264831543e-01,3.081619925796985626e-02,-9.876356460154056549e-03,3.334510624408721924e-01,2.981974482536315918e-01,2.377083152532577515e-01,1.862893849611282349e-01,4.047068953514099121e-02,-1.944927126169204712e-02,-1.167730893939733505e-02,-3.399162366986274719e-02,8.935504406690597534e-02,1.142265051603317261e-01,1.025006622076034546e-01,4.113725200295448303e-02,-6.844633072614669800e-02,1.211908087134361267e-01,-2.165430784225463867e-02,9.631995856761932373e-02,5.309479683637619019e-02,-1.422040760517120361e-01,9.205241501331329346e-02,9.409993141889572144e-02,1.279760897159576416e-01,9.119988232851028442e-02,-2.551133185625076294e-02,6.960853934288024902e-02,-1.439510565251111984e-02,6.346093118190765381e-02,1.387602239847183228e-01,8.761011064052581787e-02,3.290346860885620117e-01,1.134029701352119446e-01,2.125601023435592651e-01,3.180823521688580513e-03,6.868963688611984253e-02,-1.567002534866333008e-01,4.933344721794128418e-01,1.963976621627807617e-01,2.893396317958831787e-01,1.319651752710342407e-01,7.813239097595214844e-02,1.550104618072509766e-01,4.073888435959815979e-02,6.832779943943023682e-02,1.217271909117698669e-01,1.257216334342956543e-01,1.051162928342819214e-01,2.773496136069297791e-02,2.477064877748489380e-01,2.015208452939987183e-01,9.411399811506271362e-02,1.622095145285129547e-02,1.413307711482048035e-02,-6.221395730972290039e-02,5.325328186154365540e-02,-6.649482995271682739e-02,3.574303388595581055e-01,7.400171458721160889e-02,9.971018135547637939e-02,7.796580344438552856e-02,2.356880754232406616e-01,8.965872228145599365e-02,-3.361417651176452637e-01,-3.562699258327484131e-02,5.211512744426727295e-02,8.013802021741867065e-02,-6.275656074285507202e-02,-7.913596183061599731e-02,-8.166459947824478149e-02,-4.370971769094467163e-02,-1.948833316564559937e-01,-8.938846737146377563e-02,-1.874308884143829346e-01,-8.559922873973846436e-02,-2.022056281566619873e-01,-1.748205423355102539e-01,-1.161167547106742859e-01,-3.621942549943923950e-02,-1.208980008959770203e-01,-1.213242560625076294e-01,5.059133470058441162e-02,-2.456738241016864777e-02,-5.205430090427398682e-02,-1.316535472869873047e-01,-1.155971288681030273e-01,-1.821070536971092224e-02,-2.596974372863769531e-02,-1.749055534601211548e-01
1.729970574378967285e-01,1.736694425344467163e-01,3.192164003849029541e-01,9.999999403953552246e-01,1.327707469463348389e-01,1.601016670465469360e-01,2.859700024127960205e-01,6.310161948204040527e-01,2.900247275829315186e-02,1.207623779773712158e-01,8.972293138504028320e-02,-2.097214199602603912e-02,1.529095470905303955e-01,2.056414335966110229e-01,6.156237050890922546e-02,1.705645322799682617e-01,-4.175195470452308655e-02,-1.891873218119144440e-02,1.028320193290710449e-01,3.133531212806701660e-01,2.407793551683425903e-01,8.647477626800537109e-02,3.513889908790588379e-01,6.180730462074279785e-01,1.262959092855453491e-01,1.827930957078933716e-01,1.100004017353057861e-01,1.184088140726089478e-01,1.575280129909515381e-01,2.214637957513332367e-02,2.648552358150482178e-01,4.050582647323608398e-01,2.064270079135894775e-01,3.819187581539154053e-01,1.451411098241806030e-01,1.045876070857048035e-01,6.962518393993377686e-02,3.132083686068654060e-03,1.622737944126129150e-01,2.929864227771759033e-01,-5.918201431632041931e-02,7.403848320245742798e-02,4.422612115740776062e-02,3.259744048118591309e-01,2.297309786081314087e-02,2.834057807922363281e-01,7.697312533855438232e-02,2.895602211356163025e-02,2.593010962009429932e-01,3.470063507556915283e-01,2.716209292411804199e-01,3.862815201282501221e-01,3.839210420846939087e-02,1.432803124189376831e-01,1.101491674780845642e-01,1.667508333921432495e-01,-4.811742901802062988e-02,6.884194910526275635e-02,3.864524066448211670e-01,4.198112785816192627e-01,3.317835927009582520e-01,3.826747238636016846e-01,9.141273796558380127e-02,4.969592392444610596e-02,2.545340955257415771e-01,6.107417345046997070e-01,4.602262973785400391e-01,5.506898760795593262e-01,-6.246134638786315918e-02,9.763713926076889038e-02,-4.663007333874702454e-02,2.571162208914756775e-02,1.773900389671325684e-01,2.430176883935928345e-01,1.763287782669067383e-01,1.283304244279861450e-01,2.553925290703773499e-02,9.700120985507965088e-02,3.031912259757518768e-02,-5.339239165186882019e-02,1.368684321641921997e-02,1.047227606177330017e-01,-1.688024997711181641e-01,-2.090550027787685394e-03,5.028959363698959351e-02,3.198547959327697754e-01,5.647368729114532471e-02,1.400433182716369629e-01,1.989827603101730347e-01,3.191895484924316406e-01,-2.510449588298797607e-01,-1.713656485080718994e-01,7.020609825849533081e-02,-9.939109534025192261e-02,7.621481781825423241e-04,-5.940265581011772156e-02,-8.539929986000061035e-02,1.560426652431488037e-01,-4.049519822001457214e-02,1.980375498533248901e-02,-5.318365246057510376e-02,-2.027907371520996094e-01,-2.358446717262268066e-01,-2.101901173591613770e-01,-1.501851975917816162e-01,-7.385971397161483765e-02,-1.346625536680221558e-01,-1.397272199392318726e-01,1.084280610084533691e-01,-5.062655732035636902e-02,1.235265359282493591e-01,-2.537888661026954651e-02,8.188976906239986420e-03,-8.950895816087722778e-02,-6.650798954069614410e-03,-1.478892564773559570e-01
1.345833986997604370e-01,5.200687050819396973e-02,1.993207186460494995e-01,1.327707469463348389e-01,1.000000000000000000e+00,6.455388665199279785e-01,1.012421175837516785e-01,3.913222625851631165e-02,6.151729822158813477e-01,5.431401729583740234e-01,-2.603713236749172211e-02,3.238139301538467407e-02,1.155762933194637299e-02,5.167935788631439209e-02,4.932696223258972168e-01,5.113750100135803223e-01,9.213481098413467407e-02,5.637711286544799805e-02,1.551593244075775146e-01,1.014767736196517944e-01,8.400479704141616821e-02,3.498501479625701904e-01,3.542731404304504395e-01,1.777373403310775757e-01,6.586136221885681152e-01,5.900084376335144043e-01,6.301015019416809082e-01,5.690168142318725586e-01,5.940006813034415245e-04,2.966501116752624512e-01,2.110359072685241699e-01,2.897886931896209717e-01,1.736796051263809204e-01,1.959641724824905396e-01,1.129554957151412964e-01,1.423314213752746582e-01,1.254925727844238281e-01,2.582169473171234131e-01,2.082473784685134888e-02,4.978414252400398254e-02,-3.469702973961830139e-02,4.582349359989166260e-01,5.705732479691505432e-02,4.348918423056602478e-02,1.866825073957443237e-01,2.210661172866821289e-01,-8.247001469135284424e-02,-1.934767886996269226e-02,2.497862875461578369e-01,2.105460762977600098e-01,9.744269400835037231e-02,3.958616405725479126e-02,1.512533705681562424e-02,4.684873670339584351e-02,3.567424416542053223e-02,2.250269800424575806e-01,1.535492837429046631e-01,8.558772504329681396e-02,2.907586693763732910e-01,1.851057708263397217e-01,1.784166395664215088e-01,8.411486446857452393e-02,1.669540405273437500e-01,-6.713240593671798706e-02,2.553814649581909180e-01,8.242703974246978760e-02,3.253841102123260498e-01,1.921519488096237183e-01,1.779555827379226685e-01,2.804326117038726807e-01,-1.633446849882602692e-02,4.592283442616462708e-02,-2.230843715369701385e-02,2.865668833255767822e-01,5.837133154273033142e-02,-1.448485627770423889e-02,4.888002946972846985e-02,1.201826781034469604e-01,1.436065435409545898e-01,1.876170784235000610e-01,8.740238100290298462e-02,1.872510612010955811e-01,1.306782960891723633e-01,4.212001264095306396e-01,8.116294443607330322e-02,1.134432405233383179e-01,2.179761826992034912e-01,2.165604680776596069e-01,1.829821169376373291e-01,2.889660894870758057e-01,-4.192458931356668472e-03,1.675654947757720947e-01,1.560233235359191895e-01,-4.123087227344512939e-02,2.223800309002399445e-02,1.570552885532379150e-01,-4.247790947556495667e-02,4.675698652863502502e-02,3.076631948351860046e-02,1.110449507832527161e-01,-9.635861217975616455e-02,-1.231319308280944824e-01,-5.120508372783660889e-02,-5.556593835353851318e-02,7.407797873020172119e-02,1.093384549021720886e-01,3.068299405276775360e-02,3.195607289671897888e-02,-8.171867579221725464e-02,-4.984068498015403748e-02,5.413563456386327744e-03,1.218320950865745544e-01,-1.633184030652046204e-02,-6.353342533111572266e-02,-3.881033509969711304e-02,-3.334772586822509766e-02
7.012280076742172241e-02,1.459895521402359009e-01,1.608215086162090302e-02,1.601016670465469360e-01,6.455388665199279785e-01,9.999998211860656738e-01,-2.765762619674205780e-02,1.323667764663696289e-01,4.778337478637695312e-01,6.732252836227416992e-01,-4.395239520817995071e-03,6.630356609821319580e-02,-1.185508742928504944e-01,9.294416755437850952e-02,3.869183659553527832e-01,6.799060106277465820e-01,1.388826966285705566e-01,9.043842554092407227e-02,1.259196847677230835e-01,1.458460390567779541e-01,1.043873205780982971e-01,4.815156757831573486e-01,1.937895715236663818e-01,1.477253735065460205e-01,5.958243012428283691e-01,5.920712351799011230e-01,6.198317408561706543e-01,6.336059570312500000e-01,6.266705691814422607e-02,3.386758565902709961e-01,2.051921039819717407e-01,3.005674481391906738e-01,1.535803824663162231e-01,1.966301202774047852e-01,1.310653388500213623e-01,1.210298761725425720e-01,1.968365460634231567e-01,3.003973960876464844e-01,-5.947100371122360229e-02,1.072164401412010193e-01,-7.776267826557159424e-02,6.070994138717651367e-01,4.415836930274963379e-02,2.010453864932060242e-02,1.667975634336471558e-01,1.366084218025207520e-01,3.664651513099670410e-02,-6.665517576038837433e-03,2.085839807987213135e-01,1.399981677532196045e-01,5.115466937422752380e-02,8.039568364620208740e-02,5.729464069008827209e-02,1.801941692829132080e-01,1.316836625337600708e-01,3.193532228469848633e-01,1.114982292056083679e-01,1.097002103924751282e-01,2.752090990543365479e-01,3.127705156803131104e-01,1.721663624048233032e-01,2.147219926118850708e-01,4.221015051007270813e-02,1.382389962673187256e-01,-2.583695109933614731e-03,2.127874344587326050e-01,3.079195916652679443e-01,2.082610875368118286e-01,2.234247475862503052e-01,2.497698515653610229e-01,-2.667370624840259552e-02,1.999963261187076569e-02,2.205055579543113708e-02,3.114426136016845703e-01,1.159252002835273743e-01,6.704220175743103027e-02,6.979605555534362793e-02,4.746924340724945068e-02,7.665592432022094727e-02,4.471466317772865295e-02,2.478844486176967621e-02,2.653174698352813721e-01,-2.084030769765377045e-02,5.172103643417358398e-01,-7.736613601446151733e-02,1.987505704164505005e-01,2.726772129535675049e-01,2.918942570686340332e-01,1.805987507104873657e-01,4.434917569160461426e-01,4.702819976955652237e-03,2.442624866962432861e-01,2.032838463783264160e-01,4.900701344013214111e-02,8.759125485084950924e-04,1.102470457553863525e-01,-4.361671209335327148e-02,1.048073992133140564e-01,1.088617146015167236e-01,2.661314010620117188e-01,1.734186895191669464e-02,-3.739451244473457336e-02,7.533495780080556870e-03,5.577030777931213379e-02,2.491405606269836426e-02,1.485240161418914795e-01,-5.085859447717666626e-02,8.408388495445251465e-02,2.172124199569225311e-02,6.917645689100027084e-03,-9.407165460288524628e-03,2.361642420291900635e-01,6.796291470527648926e-02,-3.533184528350830078e-02,6.921038962900638580e-03,-2.923146821558475494e-02
4.111408889293670654e-01,-2.644284814596176147e-02,6.540373563766479492e-01,2.859700024127960205e-01,1.012421175837516785e-01,-2.765762619674205780e-02,1.000000119209289551e+00,2.254282832145690918e-01,2.671928107738494873e-01,-1.860945858061313629e-02,1.610494256019592285e-01,-1.328790187835693359e-01,3.938446342945098877e-01,-2.646355191245675087e-03,1.879083067178726196e-01,2.617585472762584686e-02,-1.031747460365295410e-02,-1.029038801789283752e-01,3.061487376689910889e-01,1.655914783477783203e-01,8.992867171764373779e-02,-5.997416004538536072e-02,4.233010709285736084e-01,3.589652776718139648e-01,1.155192479491233826e-01,6.765730679035186768e-02,4.512975364923477173e-02,3.159395232796669006e-02,4.144863039255142212e-02,3.862238675355911255e-02,3.196296989917755127e-01,2.327258139848709106e-01,3.174579143524169922e-01,1.831376105546951294e-01,-1.850736699998378754e-02,-9.246208518743515015e-02,-2.681108005344867706e-02,-1.977808587253093719e-02,1.656681895256042480e-01,6.358720362186431885e-02,1.321530044078826904e-01,2.224392071366310120e-02,-7.816469669342041016e-02,8.749821782112121582e-02,4.824983328580856323e-02,1.561935544013977051e-01,-1.290739234536886215e-02,-1.627442389726638794e-01,1.686936020851135254e-01,1.534566581249237061e-01,1.800367981195449829e-01,7.691913098096847534e-02,-4.567383229732513428e-02,-8.074036985635757446e-02,-4.575191065669059753e-02,-1.689491048455238342e-02,9.770583361387252808e-02,3.342822566628456116e-02,2.753647863864898682e-01,1.082870811223983765e-01,2.910194694995880127e-01,1.383197754621505737e-01,1.203530579805374146e-01,-5.297162011265754700e-02,4.618221819400787354e-01,2.019676268100738525e-01,2.974377870559692383e-01,1.233594939112663269e-01,2.657890692353248596e-02,9.767475724220275879e-02,4.131919890642166138e-02,3.612326085567474365e-02,3.660253807902336121e-02,2.275094017386436462e-02,4.293106123805046082e-02,-4.948347434401512146e-02,2.110540568828582764e-01,1.974757462739944458e-01,2.836967445909976959e-02,-5.310160666704177856e-02,1.790111698210239410e-02,-7.093262672424316406e-02,3.728444129228591919e-02,-5.627036094665527344e-02,2.678456902503967285e-01,6.206018733792006969e-04,-1.581919752061367035e-02,-3.729341179132461548e-02,1.711071729660034180e-01,-6.843811273574829102e-02,-3.045567870140075684e-01,-1.044657602906227112e-01,3.307182341814041138e-02,-1.390581764280796051e-02,-8.232044056057929993e-03,-2.834654226899147034e-02,-7.375362794846296310e-03,-8.052305877208709717e-02,-1.589816361665725708e-01,-1.149931326508522034e-01,-6.337460130453109741e-02,-5.526097118854522705e-02,-1.200523078441619873e-01,-1.451135426759719849e-01,-2.601374872028827667e-02,-8.314216881990432739e-02,-5.931938067078590393e-02,-6.978325545787811279e-02,-2.577526122331619263e-02,3.594624809920787811e-03,-8.574224263429641724e-02,-2.271576970815658569e-01,-1.698942482471466064e-01,-1.063287351280450821e-02,-1.394162653014063835e-03,-1.908755451440811157e-01
2.452562451362609863e-01,3.266705274581909180e-01,1.057649180293083191e-01,6.310161948204040527e-01,3.913222625851631165e-02,1.323667764663696289e-01,2.254282832145690918e-01,9.999995231628417969e-01,8.398880064487457275e-02,1.161928698420524597e-01,1.784125864505767822e-01,2.170453667640686035e-01,2.585416138172149658e-01,4.220684766769409180e-01,-1.565910503268241882e-02,1.239014938473701477e-01,1.512095239013433456e-02,5.657155811786651611e-02,4.448472335934638977e-02,3.459381163120269775e-01,8.125080168247222900e-02,-7.763839513063430786e-02,5.389449000358581543e-02,3.212813436985015869e-01,-3.522807732224464417e-02,3.287744522094726562e-02,-3.905465826392173767e-02,-2.327741682529449463e-02,1.025439575314521790e-01,5.478080362081527710e-02,1.493868082761764526e-01,2.529557347297668457e-01,2.789601981639862061e-01,3.477478921413421631e-01,4.184615612030029297e-02,2.015472203493118286e-02,-3.360782563686370850e-02,-3.140847757458686829e-02,1.436389833688735962e-01,2.190933227539062500e-01,-1.128127053380012512e-01,1.352785155177116394e-02,-4.434146732091903687e-02,2.127362936735153198e-01,-2.258804999291896820e-02,2.286022156476974487e-01,4.852462932467460632e-02,-6.026716157793998718e-02,2.039969563484191895e-01,2.828797698020935059e-01,1.834092140197753906e-01,3.013812899589538574e-01,8.849990367889404297e-02,1.158610433340072632e-01,1.251099705696105957e-01,1.053252071142196655e-01,8.555892854928970337e-03,5.503987893462181091e-02,3.350871503353118896e-01,4.472769796848297119e-01,4.510875344276428223e-01,4.219439029693603516e-01,2.030722498893737793e-01,1.397914290428161621e-01,1.090977787971496582e-01,3.983198702335357666e-01,3.279291689395904541e-01,3.976101577281951904e-01,-3.342890739440917969e-02,1.039604768157005310e-01,-1.295882314443588257e-01,-9.664665162563323975e-02,5.092037841677665710e-02,1.395737379789352417e-01,6.391023844480514526e-02,5.629994347691535950e-02,-5.169719085097312927e-02,8.528476208448410034e-02,1.766910031437873840e-02,-4.163748770952224731e-02,1.394410803914070129e-02,1.391490995883941650e-01,-1.896327137947082520e-01,5.945079959928989410e-03,-8.642372488975524902e-02,2.105164527893066406e-01,-2.942119352519512177e-02,7.001239806413650513e-02,2.004866153001785278e-01,2.171399891376495361e-01,-1.688217073678970337e-01,-2.482264488935470581e-01,-8.616558276116847992e-03,-1.769330203533172607e-01,4.506011307239532471e-02,2.240784699097275734e-03,2.491576038300991058e-02,1.028787270188331604e-01,1.018717959523200989e-01,8.949941024184226990e-03,7.121016830205917358e-02,-1.230582669377326965e-01,-5.979349091649055481e-02,-7.740421593189239502e-02,-8.312761783599853516e-02,-1.473196595907211304e-01,-1.272230148315429688e-01,-1.090600043535232544e-01,1.237338557839393616e-01,6.944021582603454590e-02,1.649319543503224850e-03,-8.149423450231552124e-02,-5.100090429186820984e-02,-7.377552986145019531e-02,-2.948117069900035858e-02,-1.493819057941436768e-01
1.798746138811111450e-01,-6.439387798309326172e-02,2.716817557811737061e-01,2.900247275829315186e-02,6.151729822158813477e-01,4.778337478637695312e-01,2.671928107738494873e-01,8.398880064487457275e-02,9.999998211860656738e-01,5.166149139404296875e-01,1.036878526210784912e-01,-1.416676491498947144e-02,1.487980037927627563e-01,3.839628398418426514e-02,5.813158750534057617e-01,4.700861275196075439e-01,8.204638957977294922e-02,7.081590127199888229e-03,2.129421681165695190e-01,5.116993561387062073e-02,4.778035730123519897e-02,1.790091395378112793e-01,2.845101952552795410e-01,1.115192547440528870e-01,5.320570468902587891e-01,4.334131777286529541e-01,5.084322690963745117e-01,4.942540526390075684e-01,-1.056057065725326538e-01,1.928682029247283936e-01,2.104819267988204956e-01,2.042337954044342041e-01,1.100928634405136108e-01,1.087592989206314087e-01,3.759915381669998169e-02,9.164478629827499390e-02,-1.009670943021774292e-01,2.274113595485687256e-01,5.979632027447223663e-03,3.371119499206542969e-02,-7.463046908378601074e-02,3.259255886077880859e-01,-8.078655600547790527e-02,-2.543811686336994171e-02,7.778371125459671021e-02,1.250032037496566772e-01,-1.053721457719802856e-02,-7.386362552642822266e-02,1.105467230081558228e-01,6.656377017498016357e-02,6.262536346912384033e-02,-3.978537023067474365e-02,6.991069763898849487e-02,6.865381728857755661e-03,5.095702409744262695e-02,1.730914413928985596e-01,1.743705868721008301e-01,-5.157885327935218811e-02,1.839319914579391479e-01,4.670504108071327209e-02,1.895802319049835205e-01,-2.670365199446678162e-02,1.273982226848602295e-01,-1.736137568950653076e-01,2.507126033306121826e-01,-2.381825447082519531e-02,1.673154532909393311e-01,6.554221361875534058e-02,1.446885466575622559e-01,2.425999194383621216e-01,1.534082181751728058e-02,-1.479525770992040634e-02,-1.336593776941299438e-01,1.641280353069305420e-01,-4.286221787333488464e-02,-6.566319614648818970e-02,2.046056836843490601e-01,2.655781805515289307e-01,7.300393283367156982e-02,4.549488052725791931e-02,8.459536731243133545e-02,8.971438556909561157e-02,2.715904712677001953e-01,3.771704435348510742e-01,1.280231177806854248e-01,6.581953167915344238e-02,2.550725936889648438e-01,1.951140612363815308e-01,3.193778395652770996e-01,2.034073770046234131e-01,-3.142702579498291016e-02,1.824530661106109619e-01,1.320298761129379272e-01,2.616519050206989050e-04,-4.399006254971027374e-03,1.786148697137832642e-01,1.015883013606071472e-01,6.816254556179046631e-02,6.559189409017562866e-02,1.468281298875808716e-01,-8.027392625808715820e-02,-7.148629426956176758e-02,-3.380511328577995300e-02,-4.742046073079109192e-02,-2.112535759806632996e-02,2.438891679048538208e-03,-6.819865852594375610e-02,2.412939071655273438e-02,-3.251655772328376770e-02,1.958156824111938477e-01,6.956575438380241394e-03,5.570576339960098267e-02,-8.231489360332489014e-02,1.451148092746734619e-02,-4.529956355690956116e-02,-8.340083062648773193e-02
-9.414370357990264893e-02,-1.640022359788417816e-02,-1.166479475796222687e-02,1.207623779773712158e-01,5.431401729583740234e-01,6.732252836227416992e-01,-1.860945858061313629e-02,1.161928698420524597e-01,5.166149139404296875e-01,9.999997615814208984e-01,3.290257602930068970e-02,7.817737758159637451e-02,-6.275479495525360107e-02,6.820790469646453857e-02,4.642269909381866455e-01,7.174221873283386230e-01,5.583254620432853699e-02,1.148488670587539673e-01,4.849990457296371460e-02,-1.866664923727512360e-02,1.580294966697692871e-01,3.635372221469879150e-01,2.041153013706207275e-01,1.658396720886230469e-01,6.266762018203735352e-01,6.179343461990356445e-01,4.741414785385131836e-01,4.867781996726989746e-01,-2.744153328239917755e-02,2.624048888683319092e-01,1.904874294996261597e-01,3.164401948451995850e-01,3.607555106282234192e-02,1.433290839195251465e-01,8.783519268035888672e-02,1.076239645481109619e-01,1.095106303691864014e-01,3.461348712444305420e-01,-9.818956255912780762e-02,1.303182989358901978e-01,-1.499498933553695679e-01,3.652225732803344727e-01,3.572958707809448242e-02,-2.865147590637207031e-02,1.847602128982543945e-01,1.070373579859733582e-01,1.779951155185699463e-02,8.476524613797664642e-03,1.140225604176521301e-01,5.228013917803764343e-02,4.083976522088050842e-02,7.676926255226135254e-02,-2.094998583197593689e-02,8.067378401756286621e-02,-2.139391191303730011e-02,3.382988274097442627e-01,-3.565840050578117371e-02,-5.126561969518661499e-02,4.494782537221908569e-02,1.012880504131317139e-01,2.720990777015686035e-02,4.325549677014350891e-02,8.101615123450756073e-03,2.213438600301742554e-02,3.329053893685340881e-02,1.281503736972808838e-01,1.874456703662872314e-01,1.522471755743026733e-01,1.051304191350936890e-01,1.215823590755462646e-01,6.642645597457885742e-02,1.403026729822158813e-01,-4.044396802783012390e-02,1.663535982370376587e-01,4.474009573459625244e-02,9.333866089582443237e-02,1.229628846049308777e-01,2.155844867229461670e-01,1.929482817649841309e-02,2.759659290313720703e-02,-1.562905614264309406e-03,2.036862820386886597e-01,2.015623301267623901e-01,4.691862165927886963e-01,8.136563748121261597e-02,2.605270445346832275e-01,2.957786023616790771e-01,2.864702343940734863e-01,1.629237234592437744e-01,4.444984495639801025e-01,2.036307938396930695e-02,3.069168329238891602e-01,2.485046088695526123e-01,4.699228331446647644e-02,4.782794415950775146e-02,2.205519378185272217e-01,8.605445921421051025e-02,1.890583485364913940e-01,8.528704941272735596e-02,2.705397605895996094e-01,3.170051798224449158e-02,-7.436656951904296875e-02,2.826323360204696655e-02,-4.155067354440689087e-02,1.012008730322122574e-02,9.167724102735519409e-02,-6.654322892427444458e-02,7.287333160638809204e-02,3.816433995962142944e-02,1.820691227912902832e-01,8.955455571413040161e-02,1.198581755161285400e-01,-2.199679426848888397e-02,1.532484195195138454e-03,8.881416916847229004e-02,3.038008511066436768e-02
3.552730381488800049e-01,2.071930915117263794e-01,1.299126148223876953e-01,8.972293138504028320e-02,-2.603713236749172211e-02,-4.395239520817995071e-03,1.610494256019592285e-01,1.784125864505767822e-01,1.036878526210784912e-01,3.290257602930068970e-02,1.000000119209289551e+00,3.259575664997100830e-01,5.069778561592102051e-01,3.426271080970764160e-01,2.310616374015808105e-01,6.646443903446197510e-02,4.858282506465911865e-01,1.895228773355484009e-01,2.573285996913909912e-01,1.284644305706024170e-01,-1.888524158857762814e-03,-7.480150554329156876e-03,9.722653031349182129e-02,1.097758933901786804e-01,-4.757454246282577515e-02,-1.059831492602825165e-02,-9.176323562860488892e-02,-4.655043408274650574e-02,3.425498902797698975e-01,6.181074306368827820e-02,1.634482592344284058e-01,1.541400104761123657e-01,2.254040539264678955e-01,1.711045652627944946e-01,1.742653697729110718e-01,1.275468617677688599e-01,5.442088097333908081e-02,5.770996212959289551e-02,7.186426222324371338e-02,1.622985303401947021e-01,9.250345081090927124e-02,-1.197891030460596085e-02,-2.955896034836769104e-02,2.119755595922470093e-01,1.638803780078887939e-01,2.446304261684417725e-01,6.441909074783325195e-02,-1.452463306486606598e-02,1.137731224298477173e-01,2.000965029001235962e-01,2.329702526330947876e-01,3.573986589908599854e-01,1.603922396898269653e-01,1.675437390804290771e-01,7.828401774168014526e-02,1.130168884992599487e-01,2.309149354696273804e-01,1.711964458227157593e-01,1.841528564691543579e-01,1.324748992919921875e-01,2.914773821830749512e-01,2.585902623832225800e-02,1.292034834623336792e-01,1.865414679050445557e-01,3.081581927835941315e-02,2.070564329624176025e-01,2.067697793245315552e-01,1.637330353260040283e-01,1.279210746288299561e-01,1.516332030296325684e-01,1.317992508411407471e-01,1.017528772354125977e-01,3.274651467800140381e-01,1.841901987791061401e-01,2.443798482418060303e-01,2.463578283786773682e-01,2.381587475538253784e-01,1.578237116336822510e-01,1.330041289329528809e-01,-5.796205252408981323e-02,1.563896387815475464e-01,1.554165482521057129e-01,1.177086681127548218e-01,2.798184379935264587e-02,2.871772944927215576e-01,4.091080129146575928e-01,9.301635622978210449e-02,1.422973126173019409e-01,1.611780673265457153e-01,1.296224445104598999e-01,-1.247530654072761536e-01,4.382515326142311096e-02,1.355773210525512695e-01,1.036114692687988281e-01,4.679175466299057007e-02,-1.320023834705352783e-02,1.569702625274658203e-01,1.089428290724754333e-01,5.414263531565666199e-02,1.369516402482986450e-01,2.703909575939178467e-02,1.987101696431636810e-02,1.491818726062774658e-01,1.020758748054504395e-01,4.045356065034866333e-02,1.004628837108612061e-01,4.106229543685913086e-02,-3.677425533533096313e-02,-2.500832267105579376e-02,1.967887431383132935e-01,1.084708720445632935e-01,-4.472342506051063538e-02,3.072579018771648407e-02,1.047407239675521851e-01,2.018409520387649536e-01,-1.969193965196609497e-01
1.679777503013610840e-01,4.393865764141082764e-01,-2.511812150478363037e-01,-2.097214199602603912e-02,3.238139301538467407e-02,6.630356609821319580e-02,-1.328790187835693359e-01,2.170453667640686035e-01,-1.416676491498947144e-02,7.817737758159637451e-02,3.259575664997100830e-01,1.000000119209289551e+00,1.711506098508834839e-01,6.178233027458190918e-01,-4.254455864429473877e-02,9.253907203674316406e-02,3.591136634349822998e-01,5.030312538146972656e-01,6.540139764547348022e-02,2.405295968055725098e-01,-1.094285473227500916e-01,-7.504601031541824341e-02,-1.763450503349304199e-01,-9.645801037549972534e-02,-2.976285107433795929e-02,-9.906666353344917297e-03,-1.255515217781066895e-01,-1.215993314981460571e-01,2.127046436071395874e-01,2.038989812135696411e-01,-2.243409119546413422e-02,2.597740665078163147e-02,3.011877238750457764e-01,2.177547663450241089e-01,1.175436154007911682e-01,3.919731080532073975e-02,1.775489896535873413e-01,1.088830754160881042e-01,1.384106427431106567e-01,1.369575858116149902e-01,-2.710647135972976685e-02,8.738029003143310547e-02,8.100131899118423462e-02,1.564087867736816406e-01,1.331031471490859985e-01,2.095935493707656860e-01,-3.386541455984115601e-02,1.196352019906044006e-02,2.506509236991405487e-02,1.665541529655456543e-01,1.131877601146697998e-01,2.145438045263290405e-01,1.125836744904518127e-01,1.371746808290481567e-01,1.061597093939781189e-01,1.146486997604370117e-01,1.809277087450027466e-01,2.713844180107116699e-01,-2.608945779502391815e-02,7.711090892553329468e-02,1.157165616750717163e-01,2.248391956090927124e-01,3.477041423320770264e-01,4.016796946525573730e-01,-5.410812050104141235e-02,1.643841154873371124e-02,1.239483356475830078e-01,9.216357767581939697e-02,1.803218275308609009e-01,1.868949681520462036e-01,-9.773547947406768799e-02,1.107211783528327942e-02,4.045120626688003540e-02,1.051780655980110168e-01,3.849535435438156128e-02,6.235875934362411499e-02,3.136167675256729126e-02,1.179948374629020691e-01,3.598127514123916626e-02,1.543195694684982300e-01,1.070592999458312988e-01,3.467362821102142334e-01,1.513429358601570129e-02,2.274110019207000732e-01,2.690131776034832001e-02,2.240995913743972778e-01,-5.156241729855537415e-02,1.179088130593299866e-01,-8.736477792263031006e-02,5.980716273188591003e-02,3.724545240402221680e-02,2.362741157412528992e-02,-7.332034409046173096e-02,-1.672361344099044800e-01,1.240732148289680481e-01,1.007990390062332153e-01,2.093394696712493896e-01,1.064232885837554932e-01,2.674967944622039795e-01,1.357720345258712769e-01,4.200724139809608459e-02,-1.459268927574157715e-01,1.451178640127182007e-01,4.614161793142557144e-03,9.711763262748718262e-02,-6.142145022749900818e-02,5.115766078233718872e-02,-2.797652222216129303e-02,-1.610143482685089111e-01,1.135488897562026978e-01,3.959403187036514282e-02,9.282488375902175903e-02,2.918094396591186523e-02,-9.780072420835494995e-02,-1.969991810619831085e-02,-1.125260964035987854e-01
4.084844291210174561e-01,1.056212782859802246e-01,2.988422214984893799e-01,1.529095470905303955e-01,1.155762933194637299e-02,-1.185508742928504944e-01,3.938446342945098877e-01,2.585416138172149658e-01,1.487980037927627563e-01,-6.275479495525360107e-02,5.069778561592102051e-01,1.711506098508834839e-01,9.999997019767761230e-01,3.666540980339050293e-01,2.168031632900238037e-01,-9.178718924522399902e-02,2.034588158130645752e-01,9.412661194801330566e-02,2.099980115890502930e-01,1.241044625639915466e-01,2.017633244395256042e-02,-1.334069222211837769e-01,1.005756556987762451e-01,1.377052962779998779e-01,-6.722408533096313477e-02,-1.580120064318180084e-02,-2.049522846937179565e-01,-1.948006451129913330e-01,2.298753410577774048e-01,-2.524719573557376862e-02,1.037470623850822449e-01,6.562156230211257935e-02,2.784855961799621582e-01,1.790385842323303223e-01,-3.515549004077911377e-02,-2.318401634693145752e-02,1.311580068431794643e-03,-2.506463602185249329e-02,1.637784689664840698e-01,1.179033517837524414e-01,4.535734280943870544e-02,-1.363813281059265137e-01,-8.465129137039184570e-02,1.890823692083358765e-01,4.858777858316898346e-03,1.504502743482589722e-01,-7.342167943716049194e-02,-6.993095576763153076e-02,9.625376015901565552e-02,1.401745229959487915e-01,8.571634441614151001e-02,1.207407042384147644e-01,3.265815228223800659e-02,-7.649438083171844482e-02,-1.143883168697357178e-02,5.143409725860692561e-05,1.356028020381927490e-01,7.211537659168243408e-02,2.430149018764495850e-01,8.941043913364410400e-02,3.357323110103607178e-01,1.189703643321990967e-01,2.143924683332443237e-01,-1.846254616975784302e-02,1.388791948556900024e-01,2.105493657290935516e-02,1.473498195409774780e-01,6.339988112449645996e-02,4.692604765295982361e-02,1.092342361807823181e-01,7.477860897779464722e-02,4.518976435065269470e-02,2.221407890319824219e-01,8.809027820825576782e-02,2.181110531091690063e-01,7.491451501846313477e-02,1.376358270645141602e-01,1.767394244670867920e-01,3.623836115002632141e-02,-2.448132634162902832e-02,2.148003429174423218e-01,2.419974654912948608e-02,9.124722331762313843e-02,-1.348556578159332275e-01,2.435502260923385620e-01,2.025402635335922241e-01,-1.270995140075683594e-01,-9.112583473324775696e-03,1.630899757146835327e-01,-1.157933194190263748e-02,-1.714343875646591187e-01,-1.255674660205841064e-01,2.739978581666946411e-02,-7.781364023685455322e-02,-1.682497374713420868e-02,-7.146495860069990158e-03,1.057428121566772461e-01,-2.151343412697315216e-02,-3.085690177977085114e-02,-3.603024780750274658e-02,-1.132304780185222626e-02,-3.929058089852333069e-02,6.373181194067001343e-02,-2.122222911566495895e-03,4.768303036689758301e-02,-7.040265947580337524e-02,-3.537546843290328979e-02,-1.366225332021713257e-01,7.920056581497192383e-03,1.580360531806945801e-01,-1.900993846356868744e-02,-1.605122387409210205e-01,-1.126964464783668518e-01,-5.654315929859876633e-03,2.071576192975044250e-02,-2.160250097513198853e-01
