1.000000119209289551e+00,7.731764316558837891e-01,7.459771037101745605e-01,6.753978133201599121e-01,-2.731079161167144775e-01,-3.158557713031768799e-01,7.128839492797851562e-01,4.892506599426269531e-01,-3.988806530833244324e-02,-1.499040722846984863e-01,2.929127216339111328e-01,5.795556679368019104e-02,-5.203100666403770447e-02,-1.791065931320190430e-01,2.684366889297962189e-02,-4.074336588382720947e-01,-5.851015076041221619e-02,-1.685575246810913086e-01,7.572582960128784180e-01,7.446944713592529297e-01,-2.916102111339569092e-01,-4.641432762145996094e-01,6.010438799858093262e-01,5.820113420486450195e-01,-5.367057323455810547e-01,-5.610919594764709473e-01,-4.778418838977813721e-01,-5.130908489227294922e-01,-2.797153890132904053e-01,-4.552235901355743408e-01,-1.942299157381057739e-01,-2.205079197883605957e-01,6.486613750457763672e-01,5.706946849822998047e-01,1.706399582326412201e-02,-1.316276285797357559e-02,-2.080330550670623779e-01,-4.561598300933837891e-01,-3.014364242553710938e-01,-4.416157603263854980e-01,-3.255241736769676208e-02,-4.210229814052581787e-01,2.718951366841793060e-02,-7.453122735023498535e-02,1.312888264656066895e-01,8.431933075189590454e-02,-1.854028850793838501e-01,-1.666805595159530640e-01,1.714594364166259766e-01,3.364696353673934937e-02,1.595640927553176880e-01,-1.998462341725826263e-02,6.195578351616859436e-02,-4.606915265321731567e-02,-1.438587307929992676e-01,-3.414914608001708984e-01,8.715770840644836426e-01,7.700960040092468262e-01,6.935842633247375488e-01,6.125930547714233398e-01,6.328821182250976562e-01,4.351505041122436523e-01,2.684046626091003418e-01,-4.147363454103469849e-02,5.187645927071571350e-02,-4.229285567998886108e-02,5.074101090431213379e-01,3.279201686382293701e-01,7.906280159950256348e-01,7.643643021583557129e-01,-3.060647845268249512e-01,-3.617595136165618896e-01,-1.184591203927993774e-01,-3.632827997207641602e-01,3.988301008939743042e-02,-1.790589839220046997e-01,-2.016522884368896484e-01,-2.863502204418182373e-01,-1.130974665284156799e-01,-2.985808849334716797e-01,-8.381587266921997070e-02,-3.209913372993469238e-01,-3.141803741455078125e-01,-4.683841466903686523e-01,-1.543536782264709473e-01,-3.630267381668090820e-01,-2.837568223476409912e-01,-4.727976024150848389e-01,-7.734603434801101685e-02,-3.908247947692871094e-01,1.695204898715019226e-02,-7.159209344536066055e-03,-1.111054718494415283e-01,-5.476561561226844788e-02,-4.108535349369049072e-01,-4.716282784938812256e-01,-3.792249858379364014e-01,-3.803710043430328369e-01,1.424667052924633026e-02,-1.720938086509704590e-01,-1.244493573904037476e-01,-1.034316569566726685e-01,5.042774230241775513e-02,4.803090915083885193e-02,5.947955325245857239e-02,-2.280213125050067902e-02,-2.423496842384338379e-01,-2.252604365348815918e-01,-3.896300196647644043e-01,-5.015945434570312500e-01,-3.547650873661041260e-01,-2.979317903518676758e-01,-5.329146236181259155e-02,5.222801491618156433e-02,1.132846176624298096e-01,-1.276214122772216797e-01
7.731764316558837891e-01,1.000000000000000000e+00,7.681310176849365234e-01,8.204555511474609375e-01,-3.676652610301971436e-01,-2.475639879703521729e-01,5.699977874755859375e-01,7.223970890045166016e-01,-2.144542634487152100e-01,-8.365923911333084106e-02,1.003624945878982544e-01,2.282806932926177979e-01,-1.911993622779846191e-01,-1.970404759049415588e-02,-1.087181419134140015e-01,-2.555936872959136963e-01,-2.765509486198425293e-01,-1.607996672391891479e-01,8.091006875038146973e-01,7.863267660140991211e-01,-3.701427876949310303e-01,-4.759106338024139404e-01,7.600423097610473633e-01,7.345892190933227539e-01,-5.427322387695312500e-01,-5.302950143814086914e-01,-4.478702247142791748e-01,-4.999478459358215332e-01,-3.953382670879364014e-01,-4.405243098735809326e-01,-2.102983146905899048e-01,-1.365640610456466675e-01,6.763879060745239258e-01,6.743577122688293457e-01,-3.284935280680656433e-02,-8.194699138402938843e-02,-3.565220534801483154e-01,-5.053920745849609375e-01,-3.998634815216064453e-01,-4.951904416084289551e-01,-1.246032267808914185e-01,-4.187948703765869141e-01,-1.551632285118103027e-01,-1.789520233869552612e-01,1.845113746821880341e-02,6.362363696098327637e-02,-3.186397254467010498e-01,-2.211038619279861450e-01,8.140834048390388489e-03,3.875786811113357544e-02,-5.469225347042083740e-02,-7.408786565065383911e-02,-1.796083003282546997e-01,-1.066876351833343506e-01,-3.464760184288024902e-01,-4.069472253322601318e-01,6.754168868064880371e-01,8.928682208061218262e-01,5.321514010429382324e-01,6.105740070343017578e-01,3.893463611602783203e-01,6.489164233207702637e-01,-3.215112537145614624e-02,1.838136017322540283e-01,-1.901474148035049438e-01,6.486575305461883545e-02,4.571549296379089355e-01,3.017829358577728271e-01,7.910892367362976074e-01,7.715336084365844727e-01,-3.520484864711761475e-01,-3.136057257652282715e-01,-2.280472368001937866e-01,-3.995705842971801758e-01,-8.143670856952667236e-02,-2.063952833414077759e-01,-2.439224421977996826e-01,-3.177726864814758301e-01,-2.853309512138366699e-01,-3.849678039550781250e-01,-2.810871303081512451e-01,-3.514403104782104492e-01,-3.855409324169158936e-01,-4.470250904560089111e-01,-3.339971601963043213e-01,-4.052781760692596436e-01,-4.167540669441223145e-01,-5.008440017700195312e-01,-2.901113629341125488e-01,-3.861148059368133545e-01,-8.308936655521392822e-02,-1.167017519474029541e-01,-2.163610011339187622e-01,-1.714735031127929688e-01,-4.878902137279510498e-01,-5.001295208930969238e-01,-4.868306517601013184e-01,-4.840012192726135254e-01,-1.903012543916702271e-01,-2.994585335254669189e-01,-1.746531277894973755e-01,-1.955146193504333496e-01,-9.494156390428543091e-02,-1.153899356722831726e-01,-7.992583513259887695e-02,-1.414824426174163818e-01,-3.447198867797851562e-01,-2.901380956172943115e-01,-4.317861199378967285e-01,-5.424631834030151367e-01,-4.554646611213684082e-01,-4.385465085506439209e-01,-1.625085175037384033e-01,-5.669872462749481201e-02,-1.712222956120967865e-02,-2.329795360565185547e-01
7.459771037101745605e-01,7.681310176849365234e-01,9.999997615814208984e-01,8.540294170379638672e-01,-3.623421490192413330e-01,-4.133013784885406494e-01,7.600138783454895020e-01,5.954639315605163574e-01,-2.461960613727569580e-01,-2.712978720664978027e-01,9.056703001260757446e-02,-2.383451908826828003e-02,-2.471180707216262817e-01,-2.652234733104705811e-01,-9.118597209453582764e-02,-4.120728671550750732e-01,-3.594321906566619873e-01,-3.818408846855163574e-01,8.806812167167663574e-01,8.722118735313415527e-01,-4.122740328311920166e-01,-5.625750422477722168e-01,8.293154835700988770e-01,7.884768843650817871e-01,-5.923225879669189453e-01,-6.241698265075683594e-01,-4.511524736881256104e-01,-4.908277392387390137e-01,-4.840581417083740234e-01,-5.502403378486633301e-01,-2.079410701990127563e-01,-2.191516757011413574e-01,6.620258092880249023e-01,5.928847193717956543e-01,-1.019094958901405334e-01,-1.069689095020294189e-01,-4.197203814983367920e-01,-5.970605611801147461e-01,-4.713065624237060547e-01,-5.727114677429199219e-01,-1.656508445739746094e-01,-5.012959241867065430e-01,-2.605151832103729248e-01,-3.592011034488677979e-01,-1.546193808317184448e-01,-1.144562214612960815e-01,-4.203571379184722900e-01,-3.748029470443725586e-01,-2.119843363761901855e-01,-2.182193100452423096e-01,-1.402716040611267090e-01,-2.913780212402343750e-01,-2.441715598106384277e-01,-1.829038560390472412e-01,-3.832946717739105225e-01,-4.963595569133758545e-01,6.545218229293823242e-01,6.473287343978881836e-01,5.305007100105285645e-01,4.792089164257049561e-01,3.753433227539062500e-01,4.373507797718048096e-01,7.069639861583709717e-02,-8.919402956962585449e-02,-1.172929927706718445e-01,-1.810275167226791382e-01,4.141227006912231445e-01,1.801820397377014160e-01,8.130589723587036133e-01,8.418622016906738281e-01,-4.222809374332427979e-01,-4.468061625957489014e-01,-2.456143647432327271e-01,-4.780030250549316406e-01,-4.766901955008506775e-02,-2.250773310661315918e-01,-3.026625812053680420e-01,-3.775278031826019287e-01,-4.109504222869873047e-01,-5.087910890579223633e-01,-3.527911901473999023e-01,-5.508911609649658203e-01,-3.672758638858795166e-01,-5.434318184852600098e-01,-4.309424161911010742e-01,-5.644381642341613770e-01,-4.765709638595581055e-01,-5.916547775268554688e-01,-3.052014112472534180e-01,-5.147097110748291016e-01,-7.037948071956634521e-02,-2.005614787340164185e-01,-2.404314838349819183e-02,-1.158574149012565613e-01,-4.298614859580993652e-01,-4.724152386188507080e-01,-5.649611949920654297e-01,-5.292262434959411621e-01,-2.053294628858566284e-01,-3.610384166240692139e-01,8.781068958342075348e-03,-5.552972480654716492e-02,1.512848678976297379e-02,1.029520109295845032e-01,-2.464844845235347748e-02,-6.355282384902238846e-03,-3.530841767787933350e-01,-2.594205439090728760e-01,-4.263724982738494873e-01,-5.875424742698669434e-01,-5.552772879600524902e-01,-4.671723246574401855e-01,-2.005040794610977173e-01,-5.167601257562637329e-02,-8.587044663727283478e-03,-8.925440162420272827e-02
6.753978133201599121e-01,8.204555511474609375e-01,8.540294170379638672e-01,1.000000119209289551e+00,-3.835761249065399170e-01,-2.457479089498519897e-01,5.577562451362609863e-01,7.770204544067382812e-01,-2.748504877090454102e-01,-1.027973666787147522e-01,-4.209356755018234253e-02,9.900367259979248047e-02,-3.570940196514129639e-01,-1.089336425065994263e-01,-1.608956456184387207e-01,-2.291071116924285889e-01,-3.902374207973480225e-01,-2.784428298473358154e-01,8.673687577247619629e-01,8.757249116897583008e-01,-3.783008754253387451e-01,-4.945728778839111328e-01,8.153619766235351562e-01,8.564263582229614258e-01,-5.917763113975524902e-01,-5.619301795959472656e-01,-4.513921141624450684e-01,-4.735097587108612061e-01,-4.793701767921447754e-01,-4.914206862449645996e-01,-2.436713725328445435e-01,-1.331718116998672485e-01,6.716384291648864746e-01,6.894752979278564453e-01,-4.714708402752876282e-02,-3.380374982953071594e-02,-3.645566105842590332e-01,-5.299966931343078613e-01,-3.976968526840209961e-01,-5.317982435226440430e-01,-1.393965184688568115e-01,-4.461674392223358154e-01,-1.887909621000289917e-01,-2.654764056205749512e-01,-8.993599563837051392e-02,4.196113348007202148e-02,-3.132847249507904053e-01,-2.241387218236923218e-01,-1.914828270673751831e-01,-1.161054298281669617e-01,-1.544193327426910400e-01,-1.942338645458221436e-01,-2.786211967468261719e-01,-1.123863309621810913e-01,-3.518091142177581787e-01,-4.058490693569183350e-01,5.953707695007324219e-01,7.074188590049743652e-01,4.328874647617340088e-01,5.495851635932922363e-01,2.643449902534484863e-01,5.655440092086791992e-01,-3.823356702923774719e-02,1.008615791797637939e-01,-2.820413112640380859e-01,-5.884822830557823181e-02,4.572703242301940918e-01,3.246012926101684570e-01,7.994998097419738770e-01,8.476188778877258301e-01,-4.279494285583496094e-01,-3.713579773902893066e-01,-2.313132435083389282e-01,-4.381236135959625244e-01,-6.178212538361549377e-02,-1.836379170417785645e-01,-2.756800949573516846e-01,-3.390870094299316406e-01,-4.084356725215911865e-01,-4.929004907608032227e-01,-3.558214306831359863e-01,-4.504711031913757324e-01,-3.591652810573577881e-01,-4.651921689510345459e-01,-4.358366131782531738e-01,-4.469220042228698730e-01,-4.675042927265167236e-01,-5.547758936882019043e-01,-2.999662160873413086e-01,-3.848297297954559326e-01,3.392029181122779846e-02,-1.194576546549797058e-01,2.026128582656383514e-02,-8.188603073358535767e-02,-4.337940812110900879e-01,-4.711158871650695801e-01,-4.652753770351409912e-01,-4.798592925071716309e-01,-1.215415820479393005e-01,-2.725373506546020508e-01,3.250490128993988037e-02,-1.130566075444221497e-01,3.506584465503692627e-02,2.679994888603687286e-02,6.908070761710405350e-03,-5.952946841716766357e-02,-3.108348250389099121e-01,-2.737978398799896240e-01,-4.178928434848785400e-01,-5.254295468330383301e-01,-4.555754661560058594e-01,-3.872827589511871338e-01,-9.905299544334411621e-02,3.827039897441864014e-02,3.560404293239116669e-03,-1.008171588182449341e-01
-2.731079161167144775e-01,-3.676652610301971436e-01,-3.623421490192413330e-01,-3.835761249065399170e-01,1.000000119209289551e+00,6.992228627204895020e-01,-9.894976764917373657e-02,-1.486574560403823853e-01,7.164662480354309082e-01,5.541366934776306152e-01,3.602415621280670166e-01,3.713462054729461670e-01,5.511242747306823730e-01,4.644010663032531738e-01,7.189642786979675293e-01,5.416857004165649414e-01,5.307499766349792480e-01,5.407765507698059082e-01,-4.846658706665039062e-01,-4.587519168853759766e-01,7.146372795104980469e-01,6.649879217147827148e-01,-2.532880902290344238e-01,-1.942069828510284424e-01,6.527972817420959473e-01,6.273967027664184570e-01,6.181204319000244141e-01,6.218208074569702148e-01,6.622756123542785645e-01,6.052190661430358887e-01,6.277946829795837402e-01,5.215163230895996094e-01,-1.788603067398071289e-01,-1.652625501155853271e-01,2.761642038822174072e-01,2.545197308063507080e-01,6.191945075988769531e-01,6.080659031867980957e-01,4.284036755561828613e-01,6.356868147850036621e-01,2.560223340988159180e-01,4.134062826633453369e-01,4.296811223030090332e-01,4.304835200309753418e-01,3.846435546875000000e-01,2.777440249919891357e-01,4.984540939331054688e-01,4.644424021244049072e-01,3.950946629047393799e-01,3.280068039894104004e-01,4.073885381221771240e-01,3.781188130378723145e-01,3.396098911762237549e-01,2.781981229782104492e-01,4.812026023864746094e-01,4.741447865962982178e-01,-1.734933853149414062e-01,-2.511286735534667969e-01,-2.619979977607727051e-01,-2.412339895963668823e-01,-1.635343208909034729e-02,-1.119360849261283875e-01,3.055563271045684814e-01,2.883101403713226318e-01,2.655755579471588135e-01,2.924196720123291016e-01,-9.107547253370285034e-02,3.384495154023170471e-02,-4.153649210929870605e-01,-3.964871764183044434e-01,6.166039705276489258e-01,5.787735581398010254e-01,4.574077129364013672e-01,5.900142788887023926e-01,4.523064494132995605e-01,4.193528294563293457e-01,5.403270721435546875e-01,5.734804272651672363e-01,4.914208054542541504e-01,5.377509593963623047e-01,5.233339071273803711e-01,5.925386548042297363e-01,4.802821278572082520e-01,4.755460321903228760e-01,5.880446434020996094e-01,5.750404596328735352e-01,3.552547693252563477e-01,4.065732955932617188e-01,4.372168183326721191e-01,4.508261680603027344e-01,2.130983024835586548e-01,2.602560222148895264e-01,2.045763880014419556e-01,2.206665575504302979e-01,4.409641027450561523e-01,5.073944330215454102e-01,5.628730058670043945e-01,5.882309079170227051e-01,3.657932579517364502e-01,4.295389354228973389e-01,7.760106772184371948e-02,-8.042827248573303223e-02,2.034493535757064819e-01,3.373026847839355469e-02,1.971263885498046875e-01,1.610717624425888062e-01,1.385678797960281372e-01,6.519558280706405640e-02,4.786712527275085449e-01,5.313628315925598145e-01,5.980591177940368652e-01,4.846481382846832275e-01,2.712345421314239502e-01,1.627389192581176758e-01,2.771124541759490967e-01,2.076098769903182983e-01
-3.158557713031768799e-01,-2.475639879703521729e-01,-4.133013784885406494e-01,-2.457479089498519897e-01,6.992228627204895020e-01,1.000000119209289551e+00,-3.201802968978881836e-01,1.081201508641242981e-01,6.962226629257202148e-01,8.498762249946594238e-01,2.273885458707809448e-01,6.010102629661560059e-01,4.746910929679870605e-01,7.658583521842956543e-01,5.711725950241088867e-01,8.252218365669250488e-01,5.053464174270629883e-01,7.352182865142822266e-01,-4.915251433849334717e-01,-4.622846245765686035e-01,6.687954664230346680e-01,7.416196465492248535e-01,-1.689318120479583740e-01,-5.993678048253059387e-02,6.395864486694335938e-01,7.030713558197021484e-01,3.806459307670593262e-01,4.298129379749298096e-01,6.346285939216613770e-01,6.931891441345214844e-01,6.200150847434997559e-01,7.097093462944030762e-01,-1.031577363610267639e-01,3.232435137033462524e-02,4.221514165401458740e-01,4.320172369480133057e-01,6.384709477424621582e-01,6.440033316612243652e-01,4.937058389186859131e-01,6.681516170501708984e-01,2.557790279388427734e-01,3.979991078376770020e-01,5.480967760086059570e-01,6.051173806190490723e-01,4.951672554016113281e-01,5.104611515998840332e-01,6.662107110023498535e-01,6.904777288436889648e-01,4.495922923088073730e-01,5.121505856513977051e-01,4.779336452484130859e-01,5.792663693428039551e-01,2.729251682758331299e-01,4.116621315479278564e-01,5.066858530044555664e-01,5.811641812324523926e-01,-2.133756875991821289e-01,-1.137524992227554321e-01,-3.676557838916778564e-01,-1.771502047777175903e-01,-8.674939721822738647e-02,6.649244576692581177e-02,1.724002063274383545e-01,5.413962602615356445e-01,1.564013808965682983e-01,4.673445224761962891e-01,1.490425877273082733e-02,2.745043337345123291e-01,-4.465382993221282959e-01,-4.013119339942932129e-01,6.670552492141723633e-01,7.572754621505737305e-01,5.406523346900939941e-01,6.834202408790588379e-01,4.719319045543670654e-01,4.917218983173370361e-01,6.322253942489624023e-01,6.505716443061828613e-01,5.285043716430664062e-01,6.250799298286437988e-01,5.132267475128173828e-01,7.581719160079956055e-01,3.920725286006927490e-01,5.716027021408081055e-01,5.862783193588256836e-01,7.251972556114196777e-01,3.229875266551971436e-01,4.136452376842498779e-01,4.488152861595153809e-01,6.517729163169860840e-01,3.676553964614868164e-01,4.080236256122589111e-01,2.066597193479537964e-01,3.070036768913269043e-01,3.174018859863281250e-01,4.306901097297668457e-01,6.433530449867248535e-01,5.913718342781066895e-01,4.568802416324615479e-01,5.271072387695312500e-01,-2.070969715714454651e-02,-1.975272446870803833e-01,1.588816195726394653e-01,-1.303873062133789062e-01,2.107965946197509766e-01,6.000498682260513306e-02,1.853340715169906616e-01,-4.212482273578643799e-02,4.371338784694671631e-01,4.462278187274932861e-01,7.053064107894897461e-01,5.710382461547851562e-01,4.289022386074066162e-01,2.417149543762207031e-01,2.249483317136764526e-01,1.432404667139053345e-01
7.128839492797851562e-01,5.699977874755859375e-01,7.600138783454895020e-01,5.577562451362609863e-01,-9.894976764917373657e-02,-3.201802968978881836e-01,1.000000119209289551e+00,4.136557579040527344e-01,-1.731570437550544739e-02,-2.423837780952453613e-01,3.956834673881530762e-01,4.046882688999176025e-02,8.606736361980438232e-02,-2.550657391548156738e-01,1.189246550202369690e-01,-3.903681635856628418e-01,-8.296421915292739868e-02,-2.137219756841659546e-01,6.552828550338745117e-01,6.323900818824768066e-01,-2.353667914867401123e-01,-3.772103190422058105e-01,6.341416835784912109e-01,5.337027907371520996e-01,-3.435408473014831543e-01,-4.183078706264495850e-01,-1.999080777168273926e-01,-2.420871257781982422e-01,-2.446751892566680908e-01,-3.587723374366760254e-01,2.407167851924896240e-02,-1.164276748895645142e-01,5.609092712402343750e-01,4.362191259860992432e-01,-1.308372020721435547e-01,-1.417308449745178223e-01,-2.903515994548797607e-01,-4.012879431247711182e-01,-3.855567276477813721e-01,-3.933469951152801514e-01,-8.957199752330780029e-02,-3.994292914867401123e-01,-1.362841427326202393e-01,-2.674635946750640869e-01,-6.113763153553009033e-02,-1.207467988133430481e-01,-3.260234892368316650e-01,-3.222537934780120850e-01,-1.512238848954439163e-02,-1.844454705715179443e-01,2.789331413805484772e-02,-1.804314106702804565e-01,-2.000324660912156105e-03,-1.119440346956253052e-01,-2.627837061882019043e-01,-3.687426447868347168e-01,6.236181855201721191e-01,5.258501172065734863e-01,5.703417658805847168e-01,4.162282347679138184e-01,5.695192217826843262e-01,3.406411111354827881e-01,2.730536460876464844e-01,-9.500288963317871094e-02,1.667182743549346924e-01,-1.052151620388031006e-01,3.526222705841064453e-01,9.152440726757049561e-02,6.406155824661254883e-01,6.304627060890197754e-01,-2.456296086311340332e-01,-3.411530256271362305e-01,-9.667507559061050415e-02,-2.355111837387084961e-01,7.751284539699554443e-02,-7.667556405067443848e-02,-1.617694050073623657e-01,-2.063716650009155273e-01,-2.391071319580078125e-01,-3.265333771705627441e-01,-1.742339730262756348e-01,-3.474575877189636230e-01,-2.088620215654373169e-01,-3.630565106868743896e-01,-2.098060846328735352e-01,-3.887757360935211182e-01,-3.178412020206451416e-01,-3.864672482013702393e-01,-1.968256831169128418e-01,-3.875854611396789551e-01,-9.119945019483566284e-02,-9.169319272041320801e-02,-5.428073182702064514e-02,-3.430225327610969543e-02,-2.526759803295135498e-01,-2.939673960208892822e-01,-4.347446858882904053e-01,-3.392122089862823486e-01,-1.782296299934387207e-01,-2.254194021224975586e-01,2.392466645687818527e-03,7.712356746196746826e-02,4.990681633353233337e-02,1.861689239740371704e-01,4.745308775454759598e-03,9.375017136335372925e-02,-3.615805208683013916e-01,-1.148578524589538574e-01,-2.875171005725860596e-01,-3.522516787052154541e-01,-3.737724721431732178e-01,-3.817718029022216797e-01,-2.201749980449676514e-01,-7.756057381629943848e-02,9.064545482397079468e-02,-4.648239910602569580e-02
4.892506599426269531e-01,7.223970890045166016e-01,5.954639315605163574e-01,7.770204544067382812e-01,-1.486574560403823853e-01,1.081201508641242981e-01,4.136557579040527344e-01,9.999995231628417969e-01,-5.628889799118041992e-02,2.236797958612442017e-01,9.506545215845108032e-02,4.615804255008697510e-01,-1.206828951835632324e-01,2.873077094554901123e-01,9.235380217432975769e-03,1.178900822997093201e-01,-1.556178480386734009e-01,1.120867580175399780e-01,5.646394491195678711e-01,5.756404995918273926e-01,-1.473802626132965088e-01,-1.946656107902526855e-01,7.100675106048583984e-01,7.687490582466125488e-01,-3.355914652347564697e-01,-2.606437802314758301e-01,-2.988195717334747314e-01,-2.913260757923126221e-01,-2.197927534580230713e-01,-1.852085739374160767e-01,3.478766232728958130e-02,2.108947038650512695e-01,6.211630105972290039e-01,7.269615530967712402e-01,9.857318550348281860e-02,1.107739135622978210e-01,-1.669297814369201660e-01,-2.452060282230377197e-01,-2.562232613563537598e-01,-2.505301237106323242e-01,-8.167804032564163208e-02,-3.145953118801116943e-01,-1.714692823588848114e-02,-2.261828631162643433e-02,8.870579302310943604e-02,2.402565479278564453e-01,-7.475668936967849731e-02,2.542637661099433899e-02,4.392278939485549927e-02,1.794238239526748657e-01,3.555842116475105286e-02,1.220118999481201172e-01,-1.163566857576370239e-01,6.001812219619750977e-02,-1.676468104124069214e-01,-1.761579066514968872e-01,4.453012049198150635e-01,6.947807073593139648e-01,2.879062294960021973e-01,5.634062886238098145e-01,2.773714661598205566e-01,7.017121315002441406e-01,3.573066741228103638e-02,4.811320602893829346e-01,-1.800042390823364258e-01,2.921310067176818848e-01,3.933107256889343262e-01,3.967954218387603760e-01,5.074352622032165527e-01,5.645391941070556641e-01,-1.571978926658630371e-01,-5.147038400173187256e-02,-2.025100402534008026e-02,-1.161053031682968140e-01,1.034370958805084229e-01,1.479420531541109085e-02,-2.477538213133811951e-02,-5.830713734030723572e-02,-2.368809580802917480e-01,-2.047057151794433594e-01,-1.922462582588195801e-01,-8.408000320196151733e-02,-2.537530064582824707e-01,-2.057451009750366211e-01,-2.367228865623474121e-01,-1.245764568448066711e-01,-3.666484951972961426e-01,-3.680748343467712402e-01,-1.592535823583602905e-01,-9.647877514362335205e-02,1.152668744325637817e-01,3.950573503971099854e-02,1.818661019206047058e-02,-3.615889698266983032e-02,-3.017636239528656006e-01,-3.168163001537322998e-01,-2.445039302110671997e-01,-2.490088045597076416e-01,1.106992736458778381e-02,-7.394985109567642212e-02,-3.907721862196922302e-02,-2.031018882989883423e-01,2.396197244524955750e-02,-9.676860272884368896e-02,2.130628004670143127e-02,-9.810410439968109131e-02,-3.061726391315460205e-01,-3.084224462509155273e-01,-2.585141956806182861e-01,-3.129330873489379883e-01,-1.645880937576293945e-01,-1.746467053890228271e-01,1.171064935624599457e-02,1.897463202476501465e-02,5.116546154022216797e-02,-6.746216118335723877e-02
-3.988806530833244324e-02,-2.144542634487152100e-01,-2.461960613727569580e-01,-2.748504877090454102e-01,7.164662480354309082e-01,6.962226629257202148e-01,-1.731570437550544739e-02,-5.628889799118041992e-02,1.000000000000000000e+00,6.871672868728637695e-01,5.686077475547790527e-01,4.951249361038208008e-01,7.189045548439025879e-01,5.959399342536926270e-01,7.855011224746704102e-01,5.404525995254516602e-01,7.044937610626220703e-01,6.504769921302795410e-01,-3.976343274116516113e-01,-3.461481332778930664e-01,6.963343620300292969e-01,6.454187631607055664e-01,-1.435198634862899780e-01,-8.620546013116836548e-02,5.847775936126708984e-01,5.694276094436645508e-01,1.438942402601242065e-01,1.608791351318359375e-01,7.365179061889648438e-01,5.869451761245727539e-01,6.625379323959350586e-01,5.569940805435180664e-01,1.578299887478351593e-02,2.076638117432594299e-02,4.510537087917327881e-01,4.425966143608093262e-01,6.541354656219482422e-01,5.456359386444091797e-01,4.443528354167938232e-01,6.022098660469055176e-01,3.007589876651763916e-01,2.520572841167449951e-01,5.940604209899902344e-01,5.670449137687683105e-01,5.382766127586364746e-01,4.228969216346740723e-01,5.851684808731079102e-01,5.490825176239013672e-01,5.582486391067504883e-01,4.319109618663787842e-01,6.293247938156127930e-01,5.248789787292480469e-01,4.408063292503356934e-01,3.878693878650665283e-01,6.121905446052551270e-01,4.533993303775787354e-01,7.968311756849288940e-02,-6.097270920872688293e-02,-9.650555253028869629e-02,-9.574940055608749390e-02,2.394783049821853638e-01,-8.899908512830734253e-03,5.084626674652099609e-01,3.407954573631286621e-01,4.275372922420501709e-01,3.373099267482757568e-01,1.047622635960578918e-01,2.516563236713409424e-01,-3.121117949485778809e-01,-2.698506414890289307e-01,7.252504229545593262e-01,6.709094643592834473e-01,6.040832996368408203e-01,5.978608131408691406e-01,5.947310924530029297e-01,4.348603785037994385e-01,6.327885389328002930e-01,5.979677438735961914e-01,6.561398506164550781e-01,6.475614905357360840e-01,6.535530090332031250e-01,6.794422268867492676e-01,3.615882992744445801e-01,4.011776149272918701e-01,6.661936640739440918e-01,6.031477451324462891e-01,3.799962997436523438e-01,2.865884006023406982e-01,5.654284358024597168e-01,4.511889815330505371e-01,3.227056264877319336e-01,3.863743841648101807e-01,2.042761594057083130e-01,3.229787051677703857e-01,2.590880393981933594e-01,3.153737187385559082e-01,5.420482158660888672e-01,5.187119841575622559e-01,5.136790275573730469e-01,4.744316339492797852e-01,-1.123524084687232971e-01,-2.118585556745529175e-01,2.013379484415054321e-01,-9.206179529428482056e-02,2.496715933084487915e-01,9.337346255779266357e-02,1.095789521932601929e-01,-9.593532979488372803e-02,3.990672528743743896e-01,2.982472181320190430e-01,5.898852348327636719e-01,5.488110780715942383e-01,4.106462895870208740e-01,2.460309118032455444e-01,3.038808703422546387e-01,1.607651710510253906e-01
-1.499040722846984863e-01,-8.365923911333084106e-02,-2.712978720664978027e-01,-1.027973666787147522e-01,5.541366934776306152e-01,8.498762249946594238e-01,-2.423837780952453613e-01,2.236797958612442017e-01,6.871672868728637695e-01,1.000000000000000000e+00,2.360686361789703369e-01,6.387856602668762207e-01,4.303958415985107422e-01,7.585662603378295898e-01,5.638222694396972656e-01,8.227701187133789062e-01,4.640057086944580078e-01,7.119049429893493652e-01,-3.585749864578247070e-01,-3.316532671451568604e-01,5.661995410919189453e-01,6.330041885375976562e-01,-5.692185461521148682e-02,7.368556410074234009e-02,5.076755881309509277e-01,5.847693681716918945e-01,1.464464962482452393e-01,1.974085271358489990e-01,5.607883930206298828e-01,6.215366721153259277e-01,5.679729580879211426e-01,6.579056978225708008e-01,3.811311908066272736e-03,1.484802514314651489e-01,4.313875138759613037e-01,4.352715909481048584e-01,5.590002536773681641e-01,5.255324840545654297e-01,3.921660184860229492e-01,5.539124011993408203e-01,2.329595983028411865e-01,2.612086534500122070e-01,5.342617034912109375e-01,6.068189740180969238e-01,5.111340880393981934e-01,5.154532790184020996e-01,6.210345029830932617e-01,6.578017473220825195e-01,4.412804543972015381e-01,5.120189189910888672e-01,4.885073602199554443e-01,5.860681533813476562e-01,2.605706453323364258e-01,4.259924292564392090e-01,4.477801024913787842e-01,4.775485694408416748e-01,-6.610217690467834473e-02,4.511121287941932678e-02,-2.638610601425170898e-01,-2.341765724122524261e-02,-1.123782526701688766e-02,1.980861723423004150e-01,1.956928819417953491e-01,5.867853760719299316e-01,1.442727446556091309e-01,5.026041865348815918e-01,6.586074829101562500e-02,3.032365739345550537e-01,-3.353167772293090820e-01,-2.729439735412597656e-01,6.032593250274658203e-01,7.068014740943908691e-01,5.110403299331665039e-01,6.125888228416442871e-01,5.197699666023254395e-01,5.205418467521667480e-01,6.105741262435913086e-01,6.087117791175842285e-01,5.105543136596679688e-01,5.552412271499633789e-01,4.945110678672790527e-01,7.132693529129028320e-01,2.906531095504760742e-01,4.888875186443328857e-01,5.290014147758483887e-01,6.526434421539306641e-01,2.550087273120880127e-01,3.114572763442993164e-01,4.148301184177398682e-01,5.708085894584655762e-01,3.944711983203887939e-01,4.239232540130615234e-01,2.253524512052536011e-01,2.967804968357086182e-01,2.362033426761627197e-01,3.167555630207061768e-01,5.539106726646423340e-01,4.735725224018096924e-01,4.291003048419952393e-01,4.715241193771362305e-01,-3.724753484129905701e-02,-2.543732523918151855e-01,2.261595427989959717e-01,-1.890665590763092041e-01,2.665210962295532227e-01,2.986278571188449860e-02,1.677577495574951172e-01,-1.028638780117034912e-01,3.418923318386077881e-01,3.132762610912322998e-01,6.132274270057678223e-01,5.127989649772644043e-01,3.930746614933013916e-01,2.643138468265533447e-01,2.276139855384826660e-01,1.102687045931816101e-01
2.929127216339111328e-01,1.003624945878982544e-01,9.056703001260757446e-02,-4.209356755018234253e-02,3.602415621280670166e-01,2.273885458707809448e-01,3.956834673881530762e-01,9.506545215845108032e-02,5.686077475547790527e-01,2.360686361789703369e-01,9.999997019767761230e-01,5.093206167221069336e-01,7.872611284255981445e-01,3.650200963020324707e-01,5.149338245391845703e-01,8.552937954664230347e-02,5.508203506469726562e-01,4.197389781475067139e-01,-3.917395323514938354e-02,-2.738378755748271942e-02,4.097649455070495605e-01,3.221193552017211914e-01,1.330698132514953613e-01,7.240197062492370605e-02,2.872425317764282227e-01,2.170818001031875610e-01,-1.616918668150901794e-02,-8.478487143293023109e-05,4.496907293796539307e-01,2.637227475643157959e-01,5.625969767570495605e-01,3.812040388584136963e-01,2.842459678649902344e-01,1.984444856643676758e-01,2.908745110034942627e-01,2.384683936834335327e-01,3.250490427017211914e-01,2.370743602514266968e-01,1.708609461784362793e-01,2.720302045345306396e-01,1.930059641599655151e-01,1.724614016711711884e-02,3.139909505844116211e-01,2.402589321136474609e-01,3.427613973617553711e-01,2.196886539459228516e-01,1.752956658601760864e-01,1.942448467016220093e-01,4.534452259540557861e-01,2.861005067825317383e-01,4.929376840591430664e-01,3.335313796997070312e-01,3.773684203624725342e-01,2.373941391706466675e-01,2.498736530542373657e-01,1.113456934690475464e-01,3.874869644641876221e-01,2.219716608524322510e-01,2.634930312633514404e-01,1.467793583869934082e-01,5.448325872421264648e-01,1.318001002073287964e-01,6.093705892562866211e-01,2.978519499301910400e-01,4.760892391204833984e-01,2.681737542152404785e-01,2.418860048055648804e-01,2.059582024812698364e-01,1.354592479765415192e-02,2.730327844619750977e-02,4.897029399871826172e-01,3.601712882518768311e-01,4.106408655643463135e-01,3.480955064296722412e-01,4.259144365787506104e-01,2.234919518232345581e-01,3.838992118835449219e-01,3.293068706989288330e-01,3.607043623924255371e-01,3.988552987575531006e-01,3.443276286125183105e-01,3.407621085643768311e-01,1.013697311282157898e-01,6.716950982809066772e-02,3.556562066078186035e-01,2.345854043960571289e-01,9.193950891494750977e-02,-1.014709658920764923e-02,2.679978311061859131e-01,9.167869389057159424e-02,1.920961216092109680e-02,1.461370885372161865e-01,-5.550417304039001465e-02,9.384571015834808350e-02,9.162315726280212402e-02,5.295569077134132385e-02,1.587809771299362183e-01,2.426660656929016113e-01,1.865315586328506470e-01,1.155826970934867859e-01,-1.991458237171173096e-01,-1.350208222866058350e-01,-4.837812855839729309e-03,-1.358416974544525146e-01,9.772371500730514526e-03,-1.058514714241027832e-01,-2.699605226516723633e-01,-2.239542603492736816e-01,1.436170041561126709e-01,1.119329109787940979e-01,2.102304100990295410e-01,1.491540819406509399e-01,1.062593981623649597e-02,-1.546687260270118713e-02,1.317830383777618408e-01,-6.453531235456466675e-02
5.795556679368019104e-02,2.282806932926177979e-01,-2.383451908826828003e-02,9.900367259979248047e-02,3.713462054729461670e-01,6.010102629661560059e-01,4.046882688999176025e-02,4.615804255008697510e-01,4.951249361038208008e-01,6.387856602668762207e-01,5.093206167221069336e-01,1.000000238418579102e+00,5.838371515274047852e-01,8.261239528656005859e-01,4.980726540088653564e-01,5.984113812446594238e-01,4.216222465038299561e-01,7.331859469413757324e-01,-1.202385202050209045e-01,-1.158050149679183960e-01,4.611335992813110352e-01,4.481865763664245605e-01,2.395614981651306152e-01,2.568463981151580811e-01,3.674290180206298828e-01,3.838569819927215576e-01,7.506768405437469482e-02,9.301327168941497803e-02,4.848880469799041748e-01,5.164777636528015137e-01,6.311212182044982910e-01,6.585886478424072266e-01,2.845325767993927002e-01,3.841395378112792969e-01,3.972458541393280029e-01,3.526300489902496338e-01,3.796695470809936523e-01,3.539782762527465820e-01,1.794290691614151001e-01,3.627070486545562744e-01,1.526312679052352905e-01,8.914460241794586182e-02,3.631879091262817383e-01,4.464773535728454590e-01,4.592174589633941650e-01,4.481765031814575195e-01,3.669996559619903564e-01,4.577105641365051270e-01,4.319369792938232422e-01,5.033415555953979492e-01,4.153066575527191162e-01,5.151170492172241211e-01,1.555733233690261841e-01,3.065839707851409912e-01,2.514789402484893799e-01,2.608589529991149902e-01,1.661300808191299438e-01,3.526005148887634277e-01,-7.511793822050094604e-02,1.329337954521179199e-01,1.925070583820343018e-01,4.513121843338012695e-01,2.947247326374053955e-01,7.811442017555236816e-01,1.637449413537979126e-01,5.756462812423706055e-01,2.057972997426986694e-01,3.296296596527099609e-01,-1.278023570775985718e-01,-8.290886133909225464e-02,4.889073669910430908e-01,5.547918081283569336e-01,3.901764750480651855e-01,4.849678277969360352e-01,3.794055879116058350e-01,3.590508997440338135e-01,4.144743680953979492e-01,3.920686841011047363e-01,3.457942008972167969e-01,4.689476490020751953e-01,3.639073967933654785e-01,5.753285884857177734e-01,1.519654244184494019e-01,3.043294847011566162e-01,3.104298710823059082e-01,4.215682446956634521e-01,4.184314981102943420e-02,5.943631008267402649e-02,2.466542422771453857e-01,3.107714951038360596e-01,1.563038229942321777e-01,2.261992245912551880e-01,-4.118626564741134644e-02,7.074798643589019775e-02,1.579268574714660645e-01,2.117467373609542847e-01,3.083979189395904541e-01,3.359192311763763428e-01,2.770812809467315674e-01,2.366933375597000122e-01,-2.550739347934722900e-01,-3.575038313865661621e-01,-3.675484284758567810e-02,-3.475902378559112549e-01,2.021161662923987024e-06,-2.254296392202377319e-01,-2.136580944061279297e-01,-3.610692322254180908e-01,2.359383851289749146e-01,2.155290842056274414e-01,3.779698014259338379e-01,3.094666302204132080e-01,1.696435958147048950e-01,4.682433232665061951e-02,8.662807196378707886e-02,-8.753012865781784058e-02
-5.203100666403770447e-02,-1.911993622779846191e-01,-2.471180707216262817e-01,-3.570940196514129639e-01,5.511242747306823730e-01,4.746910929679870605e-01,8.606736361980438232e-02,-1.206828951835632324e-01,7.189045548439025879e-01,4.303958415985107422e-01,7.872611284255981445e-01,5.838371515274047852e-01,9.999999403953552246e-01,5.696821808815002441e-01,6.058813333511352539e-01,3.715884983539581299e-01,6.896349191665649414e-01,6.184406876564025879e-01,-3.891256749629974365e-01,-3.820345401763916016e-01,6.054816246032714844e-01,5.886169075965881348e-01,-1.376082003116607666e-01,-1.809222698211669922e-01,6.232914924621582031e-01,5.535649061203002930e-01,2.052571475505828857e-01,2.183932960033416748e-01,7.011592984199523926e-01,5.784600377082824707e-01,7.337707877159118652e-01,5.587193965911865234e-01,-1.569119398482143879e-03,-5.165773257613182068e-02,3.679791390895843506e-01,3.151847720146179199e-01,4.975805580615997314e-01,5.021614432334899902e-01,3.515496253967285156e-01,5.495209097862243652e-01,2.434053122997283936e-01,2.347145825624465942e-01,4.136464595794677734e-01,4.201889932155609131e-01,4.293254613876342773e-01,2.574797868728637695e-01,3.728206753730773926e-01,3.722597658634185791e-01,4.808174371719360352e-01,3.512307703495025635e-01,5.094205141067504883e-01,4.190800189971923828e-01,3.603501915931701660e-01,2.941488027572631836e-01,4.050639569759368896e-01,3.459284603595733643e-01,8.150944858789443970e-02,-3.453592211008071899e-02,-5.583963170647621155e-02,-1.226852014660835266e-01,2.991376519203186035e-01,-3.066767007112503052e-02,5.398560166358947754e-01,3.696089982986450195e-01,5.115373134613037109e-01,3.513828516006469727e-01,4.047361016273498535e-02,9.786907583475112915e-02,-3.295877575874328613e-01,-3.241600096225738525e-01,7.045913934707641602e-01,6.061279773712158203e-01,5.416084527969360352e-01,5.876975655555725098e-01,4.434706866741180420e-01,3.759414255619049072e-01,5.359756350517272949e-01,5.022969245910644531e-01,5.773199796676635742e-01,6.414121985435485840e-01,5.151532888412475586e-01,6.015706658363342285e-01,2.932845056056976318e-01,3.542880713939666748e-01,5.233108401298522949e-01,4.718619883060455322e-01,2.515006363391876221e-01,2.488956749439239502e-01,4.029171466827392578e-01,3.025928437709808350e-01,5.886076763272285461e-02,2.096455097198486328e-01,-1.968652755022048950e-02,1.511502563953399658e-01,3.106432855129241943e-01,3.361176848411560059e-01,4.133733808994293213e-01,4.897136390209197998e-01,2.822483479976654053e-01,2.742708921432495117e-01,-2.185515463352203369e-01,-1.873513311147689819e-01,2.981797046959400177e-02,-1.922136396169662476e-01,7.948971539735794067e-02,-4.831120371818542480e-02,-9.695503115653991699e-02,-1.463305652141571045e-01,3.882028460502624512e-01,3.850550651550292969e-01,4.745187461376190186e-01,3.790411949157714844e-01,1.465862095355987549e-01,3.906128928065299988e-02,1.674866229295730591e-01,2.832908369600772858e-02
