9.999998211860656738e-01,4.205341041088104248e-01,4.287884384393692017e-02,2.277941852807998657e-01,1.108226925134658813e-01,1.305505335330963135e-01,2.293943464756011963e-01,1.889375746250152588e-01,-4.992777947336435318e-03,1.738891005516052246e-02,5.929919481277465820e-01,1.638165265321731567e-01,-7.594258990138769150e-03,-5.783208459615707397e-02,-5.371041968464851379e-02,-6.710394471883773804e-02,3.568581044673919678e-01,1.219520792365074158e-01,4.117409288883209229e-01,2.886992394924163818e-01,-1.012876704335212708e-01,-1.318937242031097412e-01,-1.314840838313102722e-02,-4.875076189637184143e-02,2.233493328094482422e-02,1.230924203991889954e-01,9.228160232305526733e-02,8.871607482433319092e-03,4.209432899951934814e-01,2.793115079402923584e-01,1.356679350137710571e-01,4.973629489541053772e-02,3.381066024303436279e-01,1.249093264341354370e-01,5.697106197476387024e-02,4.450454562902450562e-02,2.755021154880523682e-01,1.366476267576217651e-01,2.490073442459106445e-01,2.686784863471984863e-01,4.065855145454406738e-01,2.219419628381729126e-01,-1.193801835179328918e-01,-1.122159361839294434e-01,5.230676755309104919e-02,1.893861591815948486e-02,-1.023352146148681641e-01,-6.689336895942687988e-02,1.261856406927108765e-01,1.225960105657577515e-01,-5.601580440998077393e-02,-9.654676169157028198e-02,-9.897568076848983765e-02,-2.204453349113464355e-01,2.161412239074707031e-01,1.511779129505157471e-01,2.211322188377380371e-01,-8.228262513875961304e-02,3.100286126136779785e-01,1.064752861857414246e-01,1.063688471913337708e-01,-1.393213123083114624e-01,4.011355936527252197e-01,2.981418976560235023e-03,1.756881475448608398e-01,1.072180867195129395e-01,3.330660462379455566e-01,1.920979022979736328e-01,2.733181118965148926e-01,1.402769982814788818e-01,1.694640368223190308e-01,1.111726164817810059e-01,2.133345305919647217e-01,3.073838353157043457e-01,-6.082136183977127075e-02,2.727253437042236328e-01,2.374814748764038086e-01,1.104148104786872864e-01,2.100656926631927490e-01,1.765524595975875854e-01,4.133415222167968750e-01,1.951635926961898804e-01,1.704246848821640015e-01,1.122286319732666016e-01,3.183613419532775879e-01,1.670495569705963135e-01,1.864290833473205566e-01,1.503562182188034058e-01,2.503489255905151367e-01,1.528182327747344971e-01,1.189220249652862549e-01,1.917548361234366894e-03,5.051461607217788696e-02,-1.504673361778259277e-01,1.469559669494628906e-01,1.799338459968566895e-01,2.187042385339736938e-01,1.952750235795974731e-01,1.010698825120925903e-01,4.836694151163101196e-02,8.334033936262130737e-02,-6.630448997020721436e-02,8.307351171970367432e-02,-7.257602363824844360e-02,1.441215723752975464e-01,1.721369922161102295e-01,2.199466377496719360e-01,1.864091753959655762e-01,-1.597872674465179443e-01,6.863304227590560913e-02,1.790525615215301514e-01,-1.260875165462493896e-01,-2.603534236550331116e-02,6.288396567106246948e-02,3.056688047945499420e-02,2.690175473690032959e-01
4.205341041088104248e-01,1.000000119209289551e+00,-2.764032967388629913e-02,1.226972118020057678e-01,5.773766711354255676e-02,1.420166343450546265e-01,1.833435334265232086e-02,2.302083522081375122e-01,-3.193224593997001648e-02,1.037259325385093689e-01,2.684327065944671631e-01,3.571581244468688965e-01,7.480302825570106506e-03,2.315052747726440430e-01,-1.459068059921264648e-01,5.659575760364532471e-02,2.301025539636611938e-01,2.848478257656097412e-01,1.547723561525344849e-01,1.506159454584121704e-01,-1.638034284114837646e-01,-2.101798206567764282e-01,-2.810527384281158447e-02,-1.566530950367450714e-02,1.544308941811323166e-02,1.344450712203979492e-01,-3.990942612290382385e-03,-1.825737953186035156e-02,1.815715432167053223e-01,1.872854381799697876e-01,-2.596418559551239014e-02,3.858455689623951912e-03,3.165714442729949951e-01,2.804309129714965820e-01,3.760550916194915771e-02,-3.405375033617019653e-02,8.722060173749923706e-02,6.961488723754882812e-02,4.046455025672912598e-02,4.679021239280700684e-02,1.866629570722579956e-01,1.332661807537078857e-01,1.497580558061599731e-01,1.763973385095596313e-01,1.958139687776565552e-01,3.121555745601654053e-01,5.253735557198524475e-02,1.045032590627670288e-01,1.749538779258728027e-01,2.943518459796905518e-01,1.996717453002929688e-01,2.944847941398620605e-01,3.506090492010116577e-02,-3.400425240397453308e-02,-5.739947408437728882e-02,6.881856173276901245e-02,2.465072721242904663e-01,3.965106010437011719e-01,2.635345458984375000e-01,2.922087907791137695e-01,7.700413465499877930e-02,1.506994366645812988e-01,1.182586178183555603e-01,2.134311050176620483e-01,1.751163899898529053e-01,2.023873180150985718e-01,2.372554838657379150e-01,2.962887585163116455e-01,7.332322001457214355e-02,2.360033094882965088e-01,-5.125096440315246582e-02,1.109791267663240433e-02,3.884753212332725525e-02,2.478172779083251953e-01,-1.339818835258483887e-01,1.339312940835952759e-01,1.414538547396659851e-02,-1.650102622807025909e-02,1.314879506826400757e-01,2.704142034053802490e-01,2.186157405376434326e-01,3.275209665298461914e-01,1.976182758808135986e-01,2.528476417064666748e-01,2.936684191226959229e-01,4.065240323543548584e-01,2.717372775077819824e-01,2.323101311922073364e-01,3.913631290197372437e-02,3.067556023597717285e-01,-1.480366438627243042e-01,6.534484773874282837e-02,-1.138239577412605286e-01,3.274383395910263062e-02,-6.521204113960266113e-02,-1.573481783270835876e-02,8.445178158581256866e-03,-2.742092125117778778e-02,-1.366372406482696533e-01,-4.454404115676879883e-02,-9.216126799583435059e-02,6.608009338378906250e-02,-1.396044939756393433e-01,-2.168452180922031403e-02,-2.161550894379615784e-02,9.273108094930648804e-02,3.576901927590370178e-02,1.353684514760971069e-01,-1.013759225606918335e-01,-4.877528920769691467e-02,1.106056384742259979e-02,-1.981995403766632080e-01,3.968296200037002563e-02,-7.991112023591995239e-02,-5.299634858965873718e-02,2.462249100208282471e-01
4.287884384393692017e-02,-2.764032967388629913e-02,1.000000119209289551e+00,6.706622838973999023e-01,3.580990061163902283e-02,-2.839018777012825012e-02,7.076272964477539062e-01,3.523380160331726074e-01,2.975976169109344482e-01,2.598843872547149658e-01,2.660487964749336243e-02,3.816588595509529114e-02,2.424862533807754517e-01,-8.668492734432220459e-02,2.708338499069213867e-01,6.208904460072517395e-02,4.290099442005157471e-02,4.878127202391624451e-02,-6.123671308159828186e-02,3.600916825234889984e-03,7.004499435424804688e-02,-2.367096953094005585e-02,6.393257975578308105e-01,3.864909708499908447e-01,1.951942592859268188e-01,2.040583640336990356e-01,9.991981089115142822e-03,5.460011214017868042e-02,2.083185017108917236e-01,1.416817605495452881e-01,1.499663889408111572e-01,1.247762143611907959e-01,8.837740868330001831e-02,1.656123399734497070e-01,4.744651541113853455e-02,8.785096555948257446e-02,1.460490673780441284e-01,-7.629360258579254150e-02,3.770849853754043579e-02,-1.414991449564695358e-02,1.283655017614364624e-01,6.304914504289627075e-02,1.228916049003601074e-01,-8.194005489349365234e-02,4.580266773700714111e-02,-4.193874076008796692e-02,1.307290494441986084e-01,1.549420803785324097e-01,-6.557376682758331299e-02,2.619833685457706451e-02,-4.271768033504486084e-02,3.036441281437873840e-02,1.340607851743698120e-01,2.449780106544494629e-01,1.264613866806030273e-01,6.681733299046754837e-03,-8.254088461399078369e-02,-3.921426832675933838e-02,-1.284892559051513672e-01,-5.684193223714828491e-02,-4.061124846339225769e-02,1.129718497395515442e-01,4.630763828754425049e-02,1.802015602588653564e-01,5.724801216274499893e-03,-1.101194880902767181e-02,-2.254455983638763428e-01,3.499042615294456482e-02,-1.833755075931549072e-01,-1.340972930192947388e-01,9.963525226339697838e-04,-2.961067296564579010e-02,8.924963325262069702e-02,5.120186135172843933e-02,7.670403271913528442e-02,6.695978343486785889e-02,8.928057551383972168e-02,1.841315478086471558e-01,4.609950259327888489e-02,7.616274058818817139e-02,5.747388303279876709e-02,-1.543685514479875565e-02,-1.783704385161399841e-02,1.164216734468936920e-02,1.095910836011171341e-02,-7.456407696008682251e-02,-3.642228618264198303e-02,6.136224418878555298e-02,1.172270029783248901e-01,-1.355824917554855347e-01,1.511044800281524658e-01,1.875857859849929810e-01,9.969476610422134399e-02,1.885430216789245605e-01,4.270819947123527527e-02,1.573440991342067719e-02,2.115068025887012482e-02,1.128038167953491211e-01,1.203801706433296204e-01,2.056958079338073730e-01,3.119936212897300720e-02,8.248675614595413208e-02,6.684184074401855469e-02,7.528806477785110474e-02,9.173228591680526733e-02,7.996698468923568726e-02,6.643929332494735718e-02,5.302824079990386963e-02,3.514450043439865112e-02,1.546539552509784698e-02,6.297304481267929077e-02,2.143052369356155396e-01,4.403049871325492859e-02,1.709385961294174194e-01,1.257722675800323486e-01,1.088203676044940948e-02
2.277941852807998657e-01,1.226972118020057678e-01,6.706622838973999023e-01,1.000000357627868652e+00,5.609724670648574829e-02,5.092791281640529633e-03,6.235674619674682617e-01,5.055201649665832520e-01,3.454380035400390625e-01,2.927680015563964844e-01,2.019037753343582153e-01,9.295210242271423340e-02,1.535202264785766602e-01,-6.703758984804153442e-02,2.733868956565856934e-01,5.339398980140686035e-02,1.259532868862152100e-01,5.992661416530609131e-02,1.013886407017707825e-01,1.263465136289596558e-01,3.925940766930580139e-02,-1.761254295706748962e-02,5.403473377227783203e-01,4.499360918998718262e-01,1.919944286346435547e-01,1.819957941770553589e-01,4.885099083185195923e-02,1.146941408514976501e-01,2.771142721176147461e-01,1.942099928855895996e-01,2.012068480253219604e-01,1.798396855592727661e-01,1.714378744363784790e-01,2.426495999097824097e-01,2.033120766282081604e-02,4.799978062510490417e-02,1.968418657779693604e-01,1.054171370924450457e-04,1.128359362483024597e-01,4.330344498157501221e-02,2.080698162317276001e-01,1.216705143451690674e-01,6.674384325742721558e-02,-1.174420639872550964e-01,1.207181345671415329e-02,-7.517296820878982544e-02,7.410603761672973633e-02,7.621712237596511841e-02,-1.515380479395389557e-02,2.194275520741939545e-02,-8.370715379714965820e-02,-1.763911917805671692e-02,7.047656178474426270e-02,1.828684657812118530e-01,1.264563053846359253e-01,4.943405464291572571e-02,8.886583149433135986e-03,-6.810087710618972778e-02,-2.751247771084308624e-02,-3.034056350588798523e-02,-1.649019680917263031e-02,5.573350936174392700e-02,1.453123092651367188e-01,1.594052463769912720e-01,-6.722580641508102417e-03,-2.217396348714828491e-02,-7.855081558227539062e-02,7.085981965065002441e-02,-8.499837666749954224e-02,-1.118591241538524628e-02,1.018236950039863586e-01,4.571558535099029541e-02,1.274240911006927490e-01,1.414688527584075928e-01,7.669492810964584351e-02,1.712239533662796021e-01,1.389969587326049805e-01,1.796324700117111206e-01,1.203566789627075195e-01,7.287366688251495361e-02,1.830648928880691528e-01,4.011913388967514038e-02,9.113282710313796997e-02,4.419786855578422546e-02,8.201916515827178955e-02,-1.208593882620334625e-02,9.743566066026687622e-02,1.351644694805145264e-01,1.557236760854721069e-01,-1.015121787786483765e-01,1.276134103536605835e-01,1.956545859575271606e-01,4.234019666910171509e-02,1.230058148503303528e-01,5.193519219756126404e-02,4.647699743509292603e-02,5.611640587449073792e-02,1.180454641580581665e-01,8.420279622077941895e-02,1.752328276634216309e-01,9.824498556554317474e-04,5.453249439597129822e-02,5.393669381737709045e-02,8.657101541757583618e-02,9.277728199958801270e-02,1.068472340703010559e-01,1.062594428658485413e-01,1.475348919630050659e-01,-6.061061099171638489e-02,-8.591715991497039795e-02,3.644049540162086487e-02,1.656509339809417725e-01,-5.320807173848152161e-02,1.176913529634475708e-01,8.335404098033905029e-02,6.803047657012939453e-02
1.108226925134658813e-01,5.773766711354255676e-02,3.580990061163902283e-02,5.609724670648574829e-02,1.000000119209289551e+00,6.331086158752441406e-01,5.903784185647964478e-02,6.494723260402679443e-03,2.619752287864685059e-01,2.569309175014495850e-01,5.305435508489608765e-02,-7.488694041967391968e-02,4.903214052319526672e-02,2.414659783244132996e-02,3.566063344478607178e-01,3.111515939235687256e-01,3.104472719132900238e-02,-1.559936162084341049e-02,1.002136468887329102e-01,9.444397687911987305e-02,5.734042450785636902e-02,6.653670221567153931e-02,2.066915184259414673e-01,2.182551622390747070e-01,4.483231008052825928e-01,4.945916533470153809e-01,6.232885122299194336e-01,3.743961453437805176e-01,1.903021782636642456e-01,1.162042170763015747e-01,3.340991139411926270e-01,3.112609684467315674e-01,3.975336253643035889e-02,1.665143221616744995e-01,1.105020102113485336e-02,-2.011981979012489319e-02,4.471289739012718201e-02,-7.106391340494155884e-02,-1.592141017317771912e-02,-7.464652508497238159e-02,5.076051130890846252e-02,-4.014191031455993652e-02,9.762997180223464966e-02,-6.041722372174263000e-02,8.608734607696533203e-02,4.292805120348930359e-02,8.670486509799957275e-02,-7.421257905662059784e-03,4.145134240388870239e-02,8.906527608633041382e-02,1.771900430321693420e-02,1.334624458104372025e-02,1.592778116464614868e-01,1.717317700386047363e-01,3.237141072750091553e-01,1.434136480093002319e-01,2.667010761797428131e-02,-5.727049428969621658e-03,1.761175575666129589e-03,2.940000407397747040e-02,5.479254573583602905e-02,7.408308237791061401e-02,1.371318697929382324e-01,1.967579498887062073e-02,-1.071902811527252197e-01,-2.854258008301258087e-02,8.575382828712463379e-02,9.508206695318222046e-02,1.226020827889442444e-01,1.315910071134567261e-01,-1.050784960389137268e-01,-2.545313239097595215e-01,1.147964671254158020e-01,-5.330274626612663269e-02,-2.333046048879623413e-01,-1.449418067932128906e-01,2.498767822980880737e-01,2.774164676666259766e-01,-8.000048995018005371e-02,1.516313105821609497e-01,1.119252890348434448e-01,2.105405554175376892e-02,-5.926208198070526123e-02,5.013159662485122681e-02,-7.484089583158493042e-02,-1.668328046798706055e-01,-1.463697012513875961e-02,1.292374283075332642e-01,1.952812671661376953e-01,-7.024202495813369751e-02,1.620280742645263672e-01,8.568619936704635620e-02,1.303266882896423340e-01,7.398766279220581055e-02,2.209361940622329712e-01,1.347092986106872559e-01,9.151331335306167603e-02,8.419656008481979370e-02,9.115182608366012573e-02,4.614232107996940613e-02,1.346957832574844360e-01,8.156642317771911621e-02,1.068454682826995850e-01,1.170117110013961792e-01,1.089965775609016418e-01,1.024860367178916931e-01,7.888530194759368896e-02,-2.347164601087570190e-02,1.797457486391067505e-01,8.039642870426177979e-02,-2.899702172726392746e-03,2.657463774085044861e-02,-3.370596840977668762e-02,1.106317266821861267e-01,2.959575057029724121e-01,1.235204264521598816e-01
1.305505335330963135e-01,1.420166343450546265e-01,-2.839018777012825012e-02,5.092791281640529633e-03,6.331086158752441406e-01,9.999995827674865723e-01,8.859953843057155609e-03,3.025744110345840454e-02,7.117211073637008667e-02,2.277679145336151123e-01,1.128577813506126404e-01,5.414031818509101868e-02,8.196975104510784149e-03,8.102383464574813843e-02,2.357217967510223389e-01,3.250672519207000732e-01,3.771455585956573486e-02,3.404409810900688171e-02,1.415946632623672485e-01,9.765490889549255371e-02,-4.301235079765319824e-02,-1.351346494629979134e-03,7.202838361263275146e-02,4.459115862846374512e-02,2.766873240470886230e-01,4.542637169361114502e-01,5.329915285110473633e-01,3.077294826507568359e-01,1.741376221179962158e-01,1.626334637403488159e-01,2.353353202342987061e-01,2.341467440128326416e-01,1.166989132761955261e-01,1.848060637712478638e-01,1.448469422757625580e-02,7.783021032810211182e-02,-7.587126921862363815e-03,-4.650391265749931335e-02,-2.106779441237449646e-02,-1.887461170554161072e-02,3.988037630915641785e-02,-1.723888516426086426e-02,8.262300491333007812e-02,-2.751167304813861847e-02,1.162142977118492126e-01,8.549419045448303223e-02,6.458389759063720703e-02,2.532781800255179405e-03,8.906870335340499878e-02,1.368192732334136963e-01,-3.888215869665145874e-02,5.618962273001670837e-02,1.071606948971748352e-01,1.006735861301422119e-01,2.677333950996398926e-01,1.260549724102020264e-01,2.292694896459579468e-02,3.346033021807670593e-02,7.227080315351486206e-02,6.476692855358123779e-02,4.455890133976936340e-02,4.635727033019065857e-02,1.478956043720245361e-01,5.247623100876808167e-02,-5.123234167695045471e-02,4.990418627858161926e-02,1.447880268096923828e-01,1.177901029586791992e-01,1.582816243171691895e-01,1.326902955770492554e-01,-1.896081268787384033e-01,-2.099492400884628296e-01,3.344648703932762146e-02,3.723835945129394531e-02,-2.563917338848114014e-01,-4.578925669193267822e-02,3.634480237960815430e-01,3.704572618007659912e-01,-1.853775829076766968e-01,3.178168237209320068e-01,8.574724942445755005e-02,9.844375401735305786e-02,-2.952023036777973175e-02,1.538237780332565308e-01,-6.475146859884262085e-02,-1.179230138659477234e-01,6.274608522653579712e-02,2.971646785736083984e-01,1.074281483888626099e-01,-7.382844388484954834e-02,1.848252862691879272e-01,9.686281532049179077e-02,1.666214317083358765e-01,9.463047236204147339e-02,2.793244123458862305e-01,2.738445699214935303e-01,1.598024815320968628e-01,1.464101076126098633e-01,1.029744446277618408e-01,5.794705450534820557e-02,1.580982804298400879e-01,8.205828070640563965e-02,1.521333456039428711e-01,1.667982339859008789e-01,1.611122339963912964e-01,1.639326661825180054e-01,8.724021911621093750e-02,3.420068323612213135e-02,2.426555007696151733e-01,1.780387461185455322e-01,2.057786472141742706e-02,3.073816746473312378e-02,2.441154047846794128e-02,1.473753899335861206e-01,3.316314518451690674e-01,2.697835564613342285e-01
2.293943464756011963e-01,1.833435334265232086e-02,7.076272964477539062e-01,6.235674619674682617e-01,5.903784185647964478e-02,8.859953843057155609e-03,9.999997615814208984e-01,5.069804787635803223e-01,2.662948071956634521e-01,1.542847007513046265e-01,2.512460350990295410e-01,1.838245540857315063e-01,4.126535654067993164e-01,3.806965425610542297e-02,1.804763376712799072e-01,-1.348101161420345306e-02,1.982454955577850342e-01,1.131348758935928345e-01,-5.084342882037162781e-02,-1.016047671437263489e-01,5.714608728885650635e-02,-3.829045221209526062e-02,4.672356247901916504e-01,2.438966482877731323e-01,2.204096764326095581e-01,2.286497205495834351e-01,5.707934498786926270e-02,3.745139762759208679e-02,3.131931722164154053e-01,1.767383217811584473e-01,1.671400666236877441e-01,1.092737913131713867e-01,5.668725445866584778e-02,8.361890912055969238e-02,-4.510401561856269836e-02,2.706702798604965210e-02,1.915848702192306519e-01,-7.196427881717681885e-02,9.160444885492324829e-02,2.302745170891284943e-02,2.366805076599121094e-01,1.113919466733932495e-01,5.259045585989952087e-02,-1.146131008863449097e-01,7.119855284690856934e-02,-1.481491792947053909e-02,6.661456078290939331e-02,6.856763362884521484e-02,-2.088836207985877991e-02,5.125289037823677063e-02,-5.810229480266571045e-02,1.757493987679481506e-02,2.392793446779251099e-02,6.216420605778694153e-02,1.051929593086242676e-01,-3.430753201246261597e-02,3.959383349865674973e-03,-2.396178059279918671e-02,2.223540097475051880e-03,-4.537495784461498260e-03,-7.064442336559295654e-02,4.544938448816537857e-03,1.269094794988632202e-01,8.959271013736724854e-02,1.045234203338623047e-01,5.410171300172805786e-02,-1.410248577594757080e-01,-1.678837090730667114e-02,-1.636401414871215820e-01,-2.048591077327728271e-01,-1.124130468815565109e-02,-3.357343003153800964e-02,1.163562089204788208e-01,1.043504849076271057e-01,2.042811131104826927e-03,8.133359998464584351e-02,9.811081737279891968e-02,1.448447704315185547e-01,1.442734301090240479e-01,9.444024413824081421e-02,1.677236407995223999e-01,2.813204377889633179e-02,3.816976025700569153e-02,7.968284934759140015e-02,2.103291004896163940e-01,5.906766653060913086e-02,3.625538945198059082e-02,1.396870911121368408e-01,2.063210904598236084e-01,-5.296128802001476288e-04,8.696863800287246704e-02,1.129286214709281921e-01,2.736469358205795288e-02,7.973106950521469116e-02,4.653126373887062073e-02,2.761504612863063812e-02,5.157058313488960266e-02,9.283604472875595093e-02,5.925528332591056824e-02,1.292464286088943481e-01,-1.747875660657882690e-02,4.858748614788055420e-02,3.623368218541145325e-03,3.395811095833778381e-02,3.526167199015617371e-02,6.052728742361068726e-02,7.311389595270156860e-02,7.123836129903793335e-02,-1.432124804705381393e-02,1.164197176694869995e-02,7.770971208810806274e-02,9.071452170610427856e-02,1.211394369602203369e-02,1.564700454473495483e-01,6.494875997304916382e-02,6.453131139278411865e-02
1.889375746250152588e-01,2.302083522081375122e-01,3.523380160331726074e-01,5.055201649665832520e-01,6.494723260402679443e-03,3.025744110345840454e-02,5.069804787635803223e-01,9.999997615814208984e-01,2.200758010149002075e-01,1.813054829835891724e-01,3.847956657409667969e-01,4.436056017875671387e-01,3.548847734928131104e-01,3.967302441596984863e-01,1.704039610922336578e-02,1.448429226875305176e-01,3.024843037128448486e-01,2.718960940837860107e-01,-1.250416338443756104e-01,-2.035509794950485229e-01,8.859393745660781860e-02,2.064841613173484802e-02,2.364276945590972900e-01,2.538004517555236816e-01,2.181600183248519897e-01,1.667244434356689453e-01,1.285860389471054077e-01,1.078839972615242004e-01,3.159826099872589111e-01,2.940015196800231934e-01,1.678073406219482422e-01,2.595397830009460449e-01,-4.083241801708936691e-03,3.618786111474037170e-02,-6.679197400808334351e-02,-5.201540887355804443e-02,1.995426714420318604e-01,2.599979005753993988e-02,6.432881206274032593e-02,3.762514144182205200e-02,2.732674181461334229e-01,1.874783039093017578e-01,5.585490167140960693e-02,-1.881683617830276489e-02,5.566928908228874207e-02,7.884828746318817139e-02,2.241981774568557739e-02,-6.281592883169651031e-03,5.530105903744697571e-02,1.391944885253906250e-01,7.407172769308090210e-02,8.066938072443008423e-02,-2.522265166044235229e-02,5.777515843510627747e-02,9.187834337353706360e-03,-1.674150116741657257e-02,1.571169346570968628e-01,1.091059818863868713e-01,7.419149577617645264e-02,8.088511228561401367e-02,2.775392495095729828e-02,9.592784941196441650e-02,3.226877748966217041e-02,4.484412446618080139e-02,1.459206193685531616e-01,1.325217783451080322e-01,-3.624022379517555237e-02,-1.652128994464874268e-02,-2.118672728538513184e-01,-1.725205928087234497e-01,7.982067018747329712e-02,1.034920886158943176e-01,1.396391987800598145e-01,2.361225336790084839e-01,4.764841869473457336e-02,9.061402082443237305e-02,3.612544387578964233e-02,8.070824295282363892e-02,2.155964821577072144e-01,1.192727982997894287e-01,1.879225969314575195e-01,2.332852333784103394e-01,2.825592458248138428e-01,2.624322474002838135e-01,2.656562328338623047e-01,2.405297011137008667e-01,2.728295922279357910e-01,2.616371512413024902e-01,1.040244475007057190e-01,1.346460282802581787e-01,-1.105127260088920593e-01,5.521117150783538818e-02,-1.369437128305435181e-01,3.857151418924331665e-02,-2.007356146350502968e-03,-1.615837682038545609e-03,-3.735334426164627075e-02,3.607053309679031372e-02,-1.373202055692672729e-01,-1.806107466109097004e-04,-1.120152100920677185e-01,3.985229507088661194e-02,-8.833123743534088135e-02,6.995707750320434570e-02,-5.490705370903015137e-02,-3.565660864114761353e-02,2.763612382113933563e-02,1.136834472417831421e-01,-6.050644442439079285e-02,9.595239534974098206e-03,-1.757362857460975647e-02,-1.342943608760833740e-01,-8.404653519392013550e-02,-8.266246318817138672e-02,-3.818566352128982544e-02,-3.095044195652008057e-02
-4.992777947336435318e-03,-3.193224593997001648e-02,2.975976169109344482e-01,3.454380035400390625e-01,2.619752287864685059e-01,7.117211073637008667e-02,2.662948071956634521e-01,2.200758010149002075e-01,1.000000357627868652e+00,6.000068783760070801e-01,7.202305644750595093e-02,-9.843958914279937744e-02,2.322163879871368408e-01,1.190403383225202560e-02,5.328272581100463867e-01,2.536787092685699463e-01,4.122111946344375610e-02,7.215879857540130615e-02,2.538297139108181000e-02,6.329289078712463379e-02,1.374344527721405029e-01,7.325156033039093018e-02,4.757884442806243896e-01,5.463399291038513184e-01,6.086435317993164062e-01,4.784173965454101562e-01,3.015250563621520996e-01,3.322002291679382324e-01,2.102617323398590088e-01,1.499172151088714600e-01,4.336746335029602051e-01,3.612335324287414551e-01,1.130458414554595947e-01,1.892284154891967773e-01,1.638777852058410645e-01,4.660836979746818542e-02,1.440120637416839600e-01,-1.329815983772277832e-01,8.051513135433197021e-02,-1.086435765027999878e-01,5.374861881136894226e-02,-2.021446265280246735e-02,1.193586438894271851e-01,-1.859294325113296509e-01,-5.484450981020927429e-02,-1.195040717720985413e-01,2.208984047174453735e-01,1.592498123645782471e-01,-7.570300251245498657e-02,-1.836117729544639587e-02,7.818405330181121826e-02,-3.769765794277191162e-02,3.154440224170684814e-01,4.442149400711059570e-01,1.477215141057968140e-01,-4.635586589574813843e-02,3.703223168849945068e-02,1.316945720463991165e-02,-8.954075723886489868e-02,5.494602397084236145e-02,9.425854682922363281e-02,2.509782016277313232e-01,1.816149987280368805e-02,1.126895546913146973e-01,-1.324076503515243530e-01,-7.754085958003997803e-02,6.970881670713424683e-02,1.479650735855102539e-01,4.130242392420768738e-02,2.118129730224609375e-01,1.777729541063308716e-01,2.919108793139457703e-02,1.722963601350784302e-01,-4.271909967064857483e-02,1.851472109556198120e-01,5.557861551642417908e-02,7.226505130529403687e-02,2.504142224788665771e-01,9.378203004598617554e-02,-4.618659988045692444e-02,5.315920710563659668e-02,-8.843603730201721191e-02,1.267905440181493759e-02,8.948285132646560669e-03,-1.345325857400894165e-01,-2.865974307060241699e-01,7.018493115901947021e-02,3.120272234082221985e-02,8.204597048461437225e-03,-2.700166702270507812e-01,1.064749136567115784e-01,2.117583751678466797e-01,7.027151435613632202e-02,3.083759546279907227e-01,-1.039571501314640045e-02,-1.076782681047916412e-02,-1.090253293514251709e-01,5.550215020775794983e-02,3.719645366072654724e-02,1.389276981353759766e-01,-2.517815679311752319e-02,1.666687726974487305e-01,-5.468178540468215942e-02,1.061102226376533508e-01,2.387322951108217239e-03,5.145252868533134460e-02,-5.592077597975730896e-02,8.884748443961143494e-03,1.484132260084152222e-01,-1.061916947364807129e-01,-8.129087835550308228e-02,3.164891600608825684e-01,2.443732693791389465e-02,3.466456010937690735e-02,9.747949242591857910e-02,-3.372490406036376953e-02
1.738891005516052246e-02,1.037259325385093689e-01,2.598843872547149658e-01,2.927680015563964844e-01,2.569309175014495850e-01,2.277679145336151123e-01,1.542847007513046265e-01,1.813054829835891724e-01,6.000068783760070801e-01,9.999998211860656738e-01,-7.693666964769363403e-03,-5.398221313953399658e-02,5.666644126176834106e-02,-3.934053331613540649e-02,4.490781426429748535e-01,5.091452598571777344e-01,-8.402080833911895752e-02,3.323221579194068909e-02,1.735422909259796143e-01,1.595134437084197998e-01,1.577566117048263550e-01,1.082792580127716064e-01,4.786615967750549316e-01,3.911432325839996338e-01,4.108832180500030518e-01,3.940783143043518066e-01,3.063339591026306152e-01,2.870393395423889160e-01,1.723493188619613647e-01,2.651497721672058105e-01,4.141024053096771240e-01,3.555039763450622559e-01,1.990984380245208740e-01,3.038111925125122070e-01,2.787969410419464111e-01,1.697744131088256836e-01,1.265933662652969360e-01,-7.012450695037841797e-02,6.207365170121192932e-02,1.909600198268890381e-02,1.935743167996406555e-02,2.307520247995853424e-02,1.612333357334136963e-01,-5.218588933348655701e-02,2.060184441506862640e-02,6.381064653396606445e-02,2.606713473796844482e-01,2.491907775402069092e-01,-1.467215735465288162e-02,9.562025964260101318e-02,-1.841974258422851562e-02,2.244664169847965240e-02,2.770079076290130615e-01,4.491876065731048584e-01,2.060224562883377075e-01,1.438124775886535645e-01,-1.256781071424484253e-01,-6.404105573892593384e-02,-1.493828464299440384e-02,5.050952732563018799e-02,1.208857148885726929e-01,2.240876108407974243e-01,-3.339169174432754517e-02,2.006713002920150757e-01,-8.779536932706832886e-02,-5.639053881168365479e-02,1.956534087657928467e-01,2.526215314865112305e-01,1.738454997539520264e-01,3.026587069034576416e-01,1.600890457630157471e-01,1.039478704333305359e-01,1.470303535461425781e-01,4.209753125905990601e-02,1.372350007295608521e-01,4.671015962958335876e-02,2.661573290824890137e-01,3.676422536373138428e-01,-9.164606034755706787e-02,5.481707397848367691e-03,-3.653870150446891785e-02,-6.435207277536392212e-02,-5.462305154651403427e-03,-2.406021580100059509e-02,-2.709166109561920166e-01,-2.828447818756103516e-01,-2.359989471733570099e-02,8.588532358407974243e-02,-7.613460719585418701e-02,-2.381924390792846680e-01,2.377722859382629395e-01,3.150932788848876953e-01,1.964983791112899780e-01,3.135974407196044922e-01,1.383483409881591797e-01,1.608428657054901123e-01,7.755449414253234863e-02,2.121969163417816162e-01,1.641362905502319336e-01,2.363520860671997070e-01,1.101821660995483398e-01,1.545066088438034058e-01,1.148622483015060425e-01,1.686009466648101807e-01,1.282590925693511963e-01,1.396168619394302368e-01,2.041929960250854492e-02,5.983098223805427551e-02,2.111365199089050293e-01,5.442489311099052429e-02,8.435570448637008667e-02,3.373082578182220459e-01,4.110923781991004944e-02,1.395184844732284546e-01,2.381608039140701294e-01,3.417925164103507996e-02
5.929919481277465820e-01,2.684327065944671631e-01,2.660487964749336243e-02,2.019037753343582153e-01,5.305435508489608765e-02,1.128577813506126404e-01,2.512460350990295410e-01,3.847956657409667969e-01,7.202305644750595093e-02,-7.693666964769363403e-03,1.000001192092895508e+00,4.367367327213287354e-01,2.396732419729232788e-01,2.398874908685684204e-01,-4.112638905644416809e-02,-3.970305994153022766e-02,5.767725110054016113e-01,3.063021600246429443e-01,1.448588967323303223e-01,4.778069630265235901e-02,4.580882936716079712e-02,-3.245278820395469666e-02,-1.054506748914718628e-02,2.577157132327556610e-02,5.972465127706527710e-02,1.434431076049804688e-01,7.833813130855560303e-02,5.400456860661506653e-02,5.586029887199401855e-01,3.885794579982757568e-01,1.705767214298248291e-01,1.113070100545883179e-01,1.613642871379852295e-01,3.573032841086387634e-02,3.345264121890068054e-02,6.089821085333824158e-02,3.289527595043182373e-01,1.145124286413192749e-01,2.881298363208770752e-01,2.509585022926330566e-01,4.886200129985809326e-01,2.842304110527038574e-01,-1.983433067798614502e-01,-1.893667429685592651e-01,2.209508791565895081e-03,-3.814601898193359375e-02,-1.944706737995147705e-01,-1.774622201919555664e-01,7.301589101552963257e-02,7.508786022663116455e-02,-8.594769239425659180e-02,-1.441064178943634033e-01,-2.134714275598526001e-01,-2.271304577589035034e-01,1.379221975803375244e-01,3.299580886960029602e-02,2.792299985885620117e-01,3.231446444988250732e-02,2.708947956562042236e-01,1.866204440593719482e-01,1.101961582899093628e-01,-7.475082576274871826e-02,3.557287454605102539e-01,-3.449076041579246521e-02,1.339114606380462646e-01,8.963506668806076050e-02,1.761172860860824585e-01,2.730671875178813934e-02,4.550968296825885773e-03,-5.608540773391723633e-02,2.178232073783874512e-01,2.025941312313079834e-01,2.660484313964843750e-01,3.544654548168182373e-01,3.609539568424224854e-02,3.150547742843627930e-01,2.427398711442947388e-01,1.578989475965499878e-01,3.086282610893249512e-01,2.111461013555526733e-01,4.809446334838867188e-01,2.562148272991180420e-01,3.683396279811859131e-01,3.543432354927062988e-01,3.804053068161010742e-01,1.708092093467712402e-01,2.895740270614624023e-01,2.544517517089843750e-01,2.223077714443206787e-01,1.964893788099288940e-01,-3.697733208537101746e-02,-1.939564757049083710e-02,-1.191044598817825317e-01,-1.266341358423233032e-01,1.461700201034545898e-01,1.788444370031356812e-01,1.282346844673156738e-01,1.836069673299789429e-01,-7.738462835550308228e-02,-2.717914804816246033e-02,-6.576266884803771973e-02,-2.852375432848930359e-02,-5.305333063006401062e-02,2.029876038432121277e-02,-1.152780372649431229e-02,4.352850094437599182e-02,1.013025641441345215e-01,2.004885971546173096e-01,-1.423725932836532593e-01,1.076400727033615112e-01,1.556673198938369751e-01,-2.183046191930770874e-01,-9.336645156145095825e-02,-4.257201030850410461e-02,-2.658515982329845428e-02,1.476276963949203491e-01
1.638165265321731567e-01,3.571581244468688965e-01,3.816588595509529114e-02,9.295210242271423340e-02,-7.488694041967391968e-02,5.414031818509101868e-02,1.838245540857315063e-01,4.436056017875671387e-01,-9.843958914279937744e-02,-5.398221313953399658e-02,4.367367327213287354e-01,9.999999403953552246e-01,2.591290771961212158e-01,5.927551388740539551e-01,-1.600505709648132324e-01,4.483615607023239136e-02,4.127308726310729980e-01,3.436630964279174805e-01,-1.250904351472854614e-01,-1.894845068454742432e-01,4.438807070255279541e-02,-3.033808059990406036e-02,-7.697694748640060425e-02,-8.834072947502136230e-02,-6.666160374879837036e-02,5.838885530829429626e-02,-1.982230693101882935e-02,-5.324089154601097107e-02,3.375892043113708496e-01,3.511577546596527100e-01,-5.574007518589496613e-03,1.526463404297828674e-02,6.779845803976058960e-02,-2.887581661343574524e-02,-1.125694904476404190e-02,7.279624044895172119e-02,1.382220983505249023e-01,1.125830486416816711e-01,1.324515193700790405e-01,1.239325255155563354e-01,2.922927737236022949e-01,2.779013216495513916e-01,-4.299623146653175354e-02,1.059296727180480957e-01,1.354113668203353882e-01,1.280384957790374756e-01,-7.478819042444229126e-02,-6.082069501280784607e-02,5.366251617670059204e-02,1.551376283168792725e-01,-4.671599250286817551e-03,1.017307415604591370e-01,-1.872812807559967041e-01,-1.659152358770370483e-01,-7.006539404392242432e-02,5.544661078602075577e-03,1.627590358257293701e-01,2.463768720626831055e-01,1.191365495324134827e-01,2.381168007850646973e-01,-6.283045560121536255e-02,8.054051548242568970e-02,2.947791665792465210e-02,9.199148416519165039e-02,1.269453018903732300e-01,1.832373142242431641e-01,2.703119255602359772e-02,2.835478074848651886e-02,-1.642737835645675659e-01,-1.036895066499710083e-01,8.068890869617462158e-02,2.141880542039871216e-01,1.668078750371932983e-01,3.551107645034790039e-01,2.813759073615074158e-02,2.455248534679412842e-01,-5.276120733469724655e-03,5.823404062539339066e-03,1.804780513048171997e-01,2.034764736890792847e-01,1.853809058666229248e-01,3.298731148242950439e-01,2.691986560821533203e-01,4.490097165107727051e-01,3.014472126960754395e-01,3.852225542068481445e-01,1.390771865844726562e-01,2.666542232036590576e-01,8.574543148279190063e-02,3.446787595748901367e-01,-1.830388307571411133e-01,-2.456397563219070435e-02,-2.040410041809082031e-01,-6.771219521760940552e-02,1.323310099542140961e-02,-2.896826341748237610e-02,1.204577274620532990e-02,-1.859198138117790222e-02,-1.583128869533538818e-01,-9.902261942625045776e-02,-1.219030991196632385e-01,-4.943960532546043396e-02,-1.063759773969650269e-01,-3.173453360795974731e-02,-5.361044406890869141e-02,-1.900129951536655426e-02,8.639691770076751709e-02,1.484885960817337036e-01,-9.325160086154937744e-02,7.948491722345352173e-02,1.058724299073219299e-01,-2.242166996002197266e-01,-1.041760742664337158e-01,-1.420455724000930786e-01,-1.131235584616661072e-01,4.679823666810989380e-02
-7.594258990138769150e-03,7.480302825570106506e-03,2.424862533807754517e-01,1.535202264785766602e-01,4.903214052319526672e-02,8.196975104510784149e-03,4.126535654067993164e-01,3.548847734928131104e-01,2.322163879871368408e-01,5.666644126176834106e-02,2.396732419729232788e-01,2.591290771961212158e-01,1.000000238418579102e+00,4.130643308162689209e-01,2.556524574756622314e-01,1.143050268292427063e-01,2.032965719699859619e-01,2.699983119964599609e-01,-3.318725526332855225e-01,-3.515585064888000488e-01,1.702489703893661499e-01,1.079648733139038086e-01,1.410731971263885498e-01,2.318845540285110474e-01,1.735491603612899780e-01,1.667350530624389648e-01,5.132749676704406738e-02,4.151069372892379761e-02,2.156586647033691406e-01,2.095529884099960327e-01,1.490831226110458374e-01,2.125477045774459839e-01,-1.012905091047286987e-01,-5.366864427924156189e-02,-2.669092454016208649e-02,-1.874197646975517273e-02,1.592708528041839600e-01,-1.142033040523529053e-01,8.799396455287933350e-02,-2.837304212152957916e-02,3.202425688505172729e-02,9.076815098524093628e-03,1.185111030936241150e-01,-9.401144832372665405e-02,9.542060643434524536e-02,3.601575270295143127e-02,8.394537866115570068e-02,5.957943201065063477e-02,7.757015526294708252e-02,1.208804696798324585e-01,1.486940532922744751e-01,1.240007802844047546e-01,9.958037734031677246e-02,4.694605246186256409e-02,-5.052382126450538635e-03,-1.566019654273986816e-01,2.077239751815795898e-01,2.201673537492752075e-01,4.360304027795791626e-02,1.954924613237380981e-01,8.463717065751552582e-03,1.964126676321029663e-01,1.682475954294204712e-02,7.610335201025009155e-02,9.337996691465377808e-02,1.285827457904815674e-01,-6.407955288887023926e-02,2.838339470326900482e-02,-2.920084595680236816e-01,-2.173677533864974976e-01,6.544382777065038681e-03,3.030648455023765564e-02,6.417463719844818115e-02,2.201906591653823853e-02,3.065647557377815247e-02,6.355917453765869141e-02,-2.563827857375144958e-02,1.451272219419479370e-01,1.477168202400207520e-01,7.202437520027160645e-02,-5.881763622164726257e-02,6.241075322031974792e-02,6.334303319454193115e-02,2.610976099967956543e-01,2.113502025604248047e-01,8.525918237864971161e-03,9.212063252925872803e-02,2.625017762184143066e-01,1.339191943407058716e-01,-5.635105445981025696e-02,-6.964664161205291748e-02,8.449288457632064819e-02,-4.851707071065902710e-02,1.212679818272590637e-01,5.281254649162292480e-02,4.330385942012071609e-03,-7.900797575712203979e-02,2.545267716050148010e-02,-6.792379915714263916e-02,5.122719705104827881e-02,-8.137351274490356445e-02,4.552236944437026978e-02,-1.190226227045059204e-01,1.546660624444484711e-02,-4.635069891810417175e-02,8.542694151401519775e-03,-2.423245459794998169e-02,2.613243705127388239e-04,9.852983057498931885e-02,4.371631890535354614e-02,-3.250025957822799683e-02,4.624832049012184143e-02,5.222037434577941895e-02,7.047473918646574020e-04,-9.965116158127784729e-03,-1.770559325814247131e-02
