1.000000119209289551e+00,5.407183766365051270e-01,5.010011419653892517e-02,1.042029783129692078e-01,9.048631787300109863e-02,1.541674286127090454e-01,1.459869742393493652e-01,1.827928125858306885e-01,9.869912266731262207e-02,8.120598644018173218e-02,3.960908651351928711e-01,3.207597732543945312e-01,3.038573265075683594e-01,2.637551128864288330e-01,1.583686172962188721e-01,4.058441519737243652e-02,1.814824491739273071e-01,2.352392077445983887e-01,1.327217519283294678e-01,2.107340246438980103e-01,-6.249865144491195679e-02,-6.418522447347640991e-02,-1.525229960680007935e-01,-1.242026612162590027e-01,4.475181549787521362e-02,5.161666125059127808e-02,5.515516921877861023e-02,4.066786170005798340e-02,2.925895154476165771e-01,9.859289042651653290e-03,4.314823821187019348e-02,1.166653558611869812e-01,1.280592679977416992e-01,-2.803478203713893890e-02,1.729680448770523071e-01,1.064097285270690918e-01,1.744900941848754883e-01,1.343549787998199463e-01,1.559560894966125488e-01,3.051028773188591003e-02,3.284780085086822510e-01,2.885682582855224609e-01,2.131641469895839691e-02,5.463198944926261902e-02,-4.737502336502075195e-02,-4.453529044985771179e-02,9.406843781471252441e-02,8.733021467924118042e-02,-8.368726819753646851e-02,-6.569913029670715332e-02,2.115733735263347626e-02,-3.595407679677009583e-02,1.315691173076629639e-01,6.346261501312255859e-02,1.679784059524536133e-01,3.734663873910903931e-02,5.524326562881469727e-01,3.649315536022186279e-01,3.406495600938796997e-02,3.040170669555664062e-02,1.345504224300384521e-01,2.120050936937332153e-01,2.183511406183242798e-01,2.123751044273376465e-01,1.245500743389129639e-01,5.318179354071617126e-02,1.972934901714324951e-01,1.323195397853851318e-01,4.049324691295623779e-01,3.202571570873260498e-01,2.458629570901393890e-02,6.008332967758178711e-02,1.162765175104141235e-01,9.050391614437103271e-02,1.258485317230224609e-01,5.382454395294189453e-02,8.969561010599136353e-02,3.930325061082839966e-02,9.170828759670257568e-02,1.791341602802276611e-02,2.357345819473266602e-01,1.791487932205200195e-01,-9.883408248424530029e-02,-1.113975122570991516e-01,2.871199548244476318e-01,1.770931482315063477e-01,-8.531333878636360168e-03,-6.036850064992904663e-02,6.991944462060928345e-02,-3.702409192919731140e-02,1.055799126625061035e-01,1.294260025024414062e-01,7.008140534162521362e-02,1.899745762348175049e-01,1.035243645310401917e-02,-2.536435425281524658e-02,1.006838008761405945e-01,4.254913423210382462e-03,6.999016553163528442e-02,6.708792597055435181e-02,-3.118084929883480072e-02,3.749643638730049133e-02,1.073020473122596741e-01,-2.763563580811023712e-02,8.648500591516494751e-02,7.766530662775039673e-02,-6.323503330349922180e-03,-8.138707280158996582e-02,3.094502910971641541e-02,6.022356450557708740e-02,5.294238775968551636e-02,-6.936782971024513245e-03,1.006046426482498646e-03,3.214531019330024719e-02,-3.875980153679847717e-02,5.054670572280883789e-02
5.407183766365051270e-01,9.999999403953552246e-01,4.386832006275653839e-03,7.453261315822601318e-02,1.524033546447753906e-01,1.762512326240539551e-01,1.207774784415960312e-02,1.139094009995460510e-01,2.152592092752456665e-01,1.642744541168212891e-01,2.705623805522918701e-01,2.730441391468048096e-01,2.643047273159027100e-01,2.254724502563476562e-01,2.251624614000320435e-01,1.830919682979583740e-01,1.325507014989852905e-01,2.703810632228851318e-01,1.703884825110435486e-02,1.073442846536636353e-01,4.235844127833843231e-03,-2.956577017903327942e-02,-4.811768978834152222e-02,-6.284767389297485352e-02,1.174388751387596130e-01,1.096834912896156311e-01,1.054538190364837646e-01,1.052730455994606018e-01,2.394391894340515137e-01,-3.394232364371418953e-03,4.899136722087860107e-02,1.519045978784561157e-01,3.374664112925529480e-02,1.459113601595163345e-02,-1.156278792768716812e-02,-5.536354705691337585e-02,7.446118444204330444e-02,2.386428788304328918e-02,3.397081419825553894e-02,-1.665101945400238037e-02,2.530445158481597900e-01,2.231708914041519165e-01,1.976875215768814087e-01,1.712147593498229980e-01,8.303634077310562134e-02,9.375301748514175415e-02,1.412580460309982300e-01,1.801522970199584961e-01,1.010091751813888550e-01,1.244812607765197754e-01,1.937958896160125732e-01,1.990227550268173218e-01,2.311122417449951172e-01,1.596006602048873901e-01,1.203669514507055283e-02,3.889258252456784248e-03,5.852279067039489746e-01,6.124503016471862793e-01,1.425826847553253174e-01,1.857547909021377563e-01,1.844439506530761719e-01,3.448566794395446777e-01,9.942501783370971680e-02,2.245494872331619263e-01,1.249570548534393311e-01,1.518706977367401123e-01,2.444853633642196655e-01,1.740089356899261475e-01,4.033541083335876465e-01,4.159196317195892334e-01,-2.034917660057544708e-02,4.343637079000473022e-02,-2.681749314069747925e-02,-1.525260601192712784e-02,1.699270755052566528e-01,-1.513875834643840790e-02,7.631935924291610718e-02,8.896593004465103149e-03,6.030483543872833252e-02,1.013949066400527954e-01,1.624615341424942017e-01,1.921717822551727295e-01,-4.504463076591491699e-02,3.266115486621856689e-02,2.685996294021606445e-01,2.318170964717864990e-01,1.531835831701755524e-02,7.118739653378725052e-03,2.388422191143035889e-02,4.699338600039482117e-02,4.415731877088546753e-02,2.113541066646575928e-01,1.035172343254089355e-01,2.496333718299865723e-01,-7.837529480457305908e-02,-7.591792196035385132e-02,-5.412801355123519897e-02,-6.035421416163444519e-02,-6.175876036286354065e-02,7.334455847740173340e-02,5.877960845828056335e-02,2.434903830289840698e-01,-5.066894460469484329e-03,3.387031704187393188e-02,5.402683839201927185e-02,7.573938369750976562e-02,-5.672617256641387939e-02,-9.283414483070373535e-02,-4.800878465175628662e-02,-8.441320061683654785e-02,-8.760230988264083862e-02,-4.361961781978607178e-02,4.167450219392776489e-02,-4.209190607070922852e-02,-1.540621370077133179e-02,4.236129298806190491e-02
5.010011419653892517e-02,4.386832006275653839e-03,9.999998211860656738e-01,6.070742011070251465e-01,1.038782224059104919e-01,1.083747670054435730e-02,5.989526510238647461e-01,4.855390787124633789e-01,1.642033606767654419e-01,1.935278624296188354e-01,-1.158875077962875366e-01,-1.047134050168097019e-03,1.455350667238235474e-01,1.533742845058441162e-01,2.642470002174377441e-01,1.933157742023468018e-01,-1.209345310926437378e-01,-1.317013502120971680e-01,2.079614698886871338e-01,2.257756441831588745e-01,1.089206710457801819e-01,1.329085677862167358e-01,5.500323176383972168e-01,3.815825879573822021e-01,5.861440300941467285e-02,5.294845625758171082e-02,-5.628634989261627197e-02,4.246350750327110291e-02,5.393618717789649963e-02,2.041890770196914673e-01,2.816257774829864502e-01,2.561904489994049072e-01,7.517101615667343140e-02,1.460956186056137085e-01,-3.257890418171882629e-02,-1.810746267437934875e-02,7.103957235813140869e-03,9.318509697914123535e-02,-1.154258381575345993e-02,1.992817781865596771e-02,1.996162347495555878e-02,1.383142825216054916e-02,9.157033264636993408e-02,1.088048294186592102e-01,1.225431337952613831e-01,8.718910068273544312e-02,1.413557529449462891e-01,8.319676667451858521e-02,7.003742456436157227e-02,5.000681802630424500e-02,7.347240298986434937e-02,4.111699014902114868e-02,5.968701839447021484e-02,8.471710979938507080e-02,4.604114964604377747e-02,1.203070282936096191e-01,-1.001808866858482361e-01,1.976712979376316071e-02,1.367003656923770905e-02,3.445099294185638428e-02,-1.832008361816406250e-01,-6.318040192127227783e-02,-5.414556339383125305e-02,-1.403703391551971436e-01,-1.338267028331756592e-01,-7.287864387035369873e-02,-8.219148963689804077e-02,2.099853381514549255e-02,-6.646924465894699097e-02,-2.387647517025470734e-02,1.208139508962631226e-01,9.509069472551345825e-02,-2.313164062798023224e-02,1.439836174249649048e-01,-6.613011658191680908e-02,-5.941736698150634766e-02,1.719912439584732056e-01,1.170414239168167114e-01,-1.971673918887972832e-03,-1.530279777944087982e-02,-4.972241073846817017e-02,-1.180745512247085571e-01,-1.100986897945404053e-01,-1.239888891577720642e-01,-3.955914080142974854e-02,-7.719118148088455200e-02,7.983090728521347046e-02,4.908636957406997681e-02,4.574460536241531372e-02,3.506087930873036385e-03,3.660087659955024719e-02,-5.488879512995481491e-03,-1.691466756165027618e-02,7.011644542217254639e-02,9.305143728852272034e-03,7.609749678522348404e-03,-3.591007553040981293e-03,1.069399900734424591e-02,4.438260197639465332e-02,5.348839238286018372e-02,1.054205116815865040e-03,-8.557744324207305908e-03,-9.084434807300567627e-02,-1.143564283847808838e-01,-9.271987527608871460e-02,-8.296761661767959595e-02,-5.982818081974983215e-02,-9.933517128229141235e-02,5.772683303803205490e-03,4.599385708570480347e-02,-3.649681061506271362e-02,6.432350724935531616e-02,1.228065975010395050e-02,1.518370863050222397e-02,-8.053236454725265503e-02,-9.572383761405944824e-02
1.042029783129692078e-01,7.453261315822601318e-02,6.070742011070251465e-01,1.000000119209289551e+00,8.861640840768814087e-02,2.084003388881683350e-02,4.286685287952423096e-01,5.934698581695556641e-01,2.460565268993377686e-01,1.700314879417419434e-01,-3.487886162474751472e-03,6.207764521241188049e-02,1.890077441930770874e-01,3.083723485469818115e-01,2.267950922250747681e-01,1.901700943708419800e-01,-1.636574417352676392e-01,-5.427637603133916855e-03,1.042127087712287903e-01,2.038308978080749512e-01,5.471954122185707092e-02,1.162538155913352966e-01,4.780281782150268555e-01,5.509636998176574707e-01,3.248749300837516785e-02,8.335131406784057617e-02,-2.253513969480991364e-02,1.327019780874252319e-01,-3.852916508913040161e-02,8.154555410146713257e-02,1.805529147386550903e-01,2.287444323301315308e-01,3.137543797492980957e-02,1.441317349672317505e-01,3.772127442061901093e-03,4.407124128192663193e-03,3.942393139004707336e-02,7.414493709802627563e-02,1.654749922454357147e-02,-3.615133464336395264e-02,8.112563192844390869e-02,-2.037514187395572662e-02,-6.156215909868478775e-03,5.580995976924896240e-02,-4.884045571088790894e-02,-6.415870040655136108e-02,9.237010776996612549e-02,5.799664929509162903e-02,-6.334479898214340210e-02,-8.264800906181335449e-02,1.332866307348012924e-02,-4.094604402780532837e-02,8.834861963987350464e-02,4.659402184188365936e-03,2.080214396119117737e-02,5.875103548169136047e-02,-7.689262740314006805e-03,1.010525599122047424e-01,-9.920798987150192261e-02,-7.804533094167709351e-02,-1.266830116510391235e-01,-6.940642744302749634e-02,-1.168063879013061523e-01,-5.828599259257316589e-02,-1.315196752548217773e-01,-1.501877307891845703e-01,-1.891675591468811035e-01,-1.247915551066398621e-01,3.345672506839036942e-03,-2.043498493731021881e-02,8.992236107587814331e-02,6.007904559373855591e-02,-9.418142586946487427e-02,7.972474396228790283e-02,-1.452604192309081554e-03,-3.134470432996749878e-02,6.907593458890914917e-02,7.284575700759887695e-02,-8.736953884363174438e-02,4.706597700715065002e-02,-1.115664243698120117e-01,-3.803648427128791809e-02,-1.465735733509063721e-01,-1.910624355077743530e-01,-9.242136776447296143e-02,-5.651952233165502548e-03,-5.659950524568557739e-02,-5.102876201272010803e-02,-1.120220683515071869e-02,1.812804117798805237e-02,1.168566793203353882e-01,4.621845856308937073e-02,1.264472007751464844e-01,1.390869021415710449e-01,2.520886994898319244e-02,-3.575769439339637756e-02,4.724237695336341858e-02,1.850400120019912720e-02,7.101482897996902466e-02,-2.545539289712905884e-02,-7.174326479434967041e-02,-2.688259072601795197e-02,6.651649251580238342e-03,-1.462013721466064453e-01,-3.615884482860565186e-02,-2.818948030471801758e-02,-9.645988792181015015e-02,-9.212476015090942383e-02,-1.546261832118034363e-02,8.579712361097335815e-02,-1.806442253291606903e-02,-6.057785358279943466e-04,2.296207845211029053e-02,4.743646085262298584e-02,-5.425549298524856567e-02,-9.685811400413513184e-02
9.048631787300109863e-02,1.524033546447753906e-01,1.038782224059104919e-01,8.861640840768814087e-02,1.000000238418579102e+00,6.217288970947265625e-01,5.528062209486961365e-02,4.666687175631523132e-02,6.111239790916442871e-01,5.172864198684692383e-01,5.711154639720916748e-02,6.854949146509170532e-02,1.492188572883605957e-01,2.830206453800201416e-01,5.560999512672424316e-01,4.919271171092987061e-01,-2.847316488623619080e-02,-1.205173903144896030e-03,4.635869711637496948e-02,8.501476794481277466e-02,3.644194304943084717e-01,3.514212965965270996e-01,1.637115925550460815e-01,1.292135119438171387e-01,5.936313271522521973e-01,3.993180394172668457e-01,4.854132533073425293e-01,3.446721136569976807e-01,1.839132010936737061e-01,3.149052560329437256e-01,3.927254676818847656e-01,4.773943722248077393e-01,2.029303088784217834e-02,5.305185168981552124e-02,2.560191228985786438e-02,-3.574116900563240051e-02,2.510378323495388031e-02,-2.760506421327590942e-02,8.390466123819351196e-02,1.223860532045364380e-01,-2.302051335573196411e-02,7.427175343036651611e-02,2.029898911714553833e-01,2.097316980361938477e-01,2.423049509525299072e-01,2.168801128864288330e-01,3.219962120056152344e-01,2.333264052867889404e-01,2.238970547914505005e-01,2.035216242074966431e-01,2.723136246204376221e-01,2.943841516971588135e-01,1.793985813856124878e-01,2.919410765171051025e-01,3.279664367437362671e-02,1.530893445014953613e-01,1.683618724346160889e-01,3.020376265048980713e-01,2.672089636325836182e-01,2.938200235366821289e-01,1.528778374195098877e-01,2.022319138050079346e-01,2.713631838560104370e-02,-7.686213124543428421e-03,8.377347886562347412e-02,1.034054905176162720e-01,2.372931838035583496e-01,2.304110229015350342e-01,2.059595882892608643e-01,2.175106108188629150e-01,1.615259647369384766e-01,2.461243271827697754e-01,7.388248573988676071e-03,2.343891113996505737e-01,6.753072887659072876e-02,1.423038542270660400e-01,1.501649916172027588e-01,1.125874221324920654e-01,-3.398007247596979141e-03,7.729957811534404755e-03,-3.090971586061641574e-05,-6.319098174571990967e-02,1.661865711212158203e-01,2.215032875537872314e-01,5.908428132534027100e-02,2.459824830293655396e-02,2.526360452175140381e-01,3.783803582191467285e-01,6.978511065244674683e-02,5.603314563632011414e-02,4.833054542541503906e-02,9.939157962799072266e-02,-4.904029890894889832e-02,4.914528131484985352e-02,1.408637152053415775e-03,2.738252840936183929e-02,3.536506369709968567e-02,-4.538337700068950653e-03,-3.205930069088935852e-02,7.741176988929510117e-03,-1.841815770603716373e-03,4.973180592060089111e-02,-8.402935229241847992e-03,1.241175550967454910e-02,3.841258212924003601e-02,-4.837349802255630493e-02,9.122831374406814575e-02,5.199280381202697754e-02,-8.000924438238143921e-02,-1.361281722784042358e-01,-4.658039193600416183e-03,9.278662502765655518e-02,5.736788269132375717e-03,-1.873208209872245789e-02,1.168677136301994324e-01,5.396378785371780396e-02
1.541674286127090454e-01,1.762512326240539551e-01,1.083747670054435730e-02,2.084003388881683350e-02,6.217288970947265625e-01,1.000000238418579102e+00,-1.043559983372688293e-02,4.747118800878524780e-02,4.123775362968444824e-01,3.931078910827636719e-01,1.436812728643417358e-01,8.519702404737472534e-02,1.349141299724578857e-01,2.540650367736816406e-01,4.170651435852050781e-01,4.078159630298614502e-01,1.610441692173480988e-02,3.670196235179901123e-02,-5.624802317470312119e-03,-6.209733430296182632e-03,2.604752480983734131e-01,1.771990060806274414e-01,4.350583627820014954e-02,6.007459387183189392e-02,5.684233307838439941e-01,4.211739897727966309e-01,5.134312510490417480e-01,3.944689631462097168e-01,1.454441547393798828e-01,2.329244315624237061e-01,3.018065392971038818e-01,3.883784413337707520e-01,2.361401543021202087e-02,2.106290869414806366e-02,1.394076459109783173e-02,-2.547176321968436241e-03,5.345919355750083923e-02,-5.998131353408098221e-03,1.020858287811279297e-01,9.524653106927871704e-02,8.342748135328292847e-02,1.514839231967926025e-01,1.971849948167800903e-01,1.718955934047698975e-01,1.803255528211593628e-01,1.511736214160919189e-01,2.637066543102264404e-01,1.947202384471893311e-01,1.623126864433288574e-01,1.422957181930541992e-01,2.228152304887771606e-01,2.282056659460067749e-01,2.123951613903045654e-01,2.474633157253265381e-01,2.351693622767925262e-02,7.797097414731979370e-02,1.981223821640014648e-01,2.480915784835815430e-01,1.774964928627014160e-01,1.922205686569213867e-01,1.198580712080001831e-01,1.055224463343620300e-01,7.768756896257400513e-02,6.496283411979675293e-02,1.030072793364524841e-01,4.881586879491806030e-02,1.700541377067565918e-01,1.528083384037017822e-01,1.780849397182464600e-01,1.661808639764785767e-01,1.084475293755531311e-01,2.140323519706726074e-01,3.074713982641696930e-02,2.524382770061492920e-01,1.289202719926834106e-01,1.866582930088043213e-01,6.717187911272048950e-02,8.145935833454132080e-02,5.787848494946956635e-03,-2.988626249134540558e-02,1.591006107628345490e-02,-5.157814547419548035e-02,8.944799751043319702e-02,1.579220741987228394e-01,6.186215952038764954e-02,4.241945594549179077e-02,2.531362771987915039e-01,2.993725538253784180e-01,1.636032201349735260e-02,1.354762073606252670e-02,5.528069287538528442e-02,1.116865798830986023e-01,1.805497886380180717e-04,1.078085675835609436e-01,3.543906286358833313e-02,1.176790799945592880e-02,7.607866078615188599e-02,3.210824728012084961e-02,-4.563095793128013611e-02,-2.865764312446117401e-03,2.219447307288646698e-02,6.791048496961593628e-02,-6.591956131160259247e-03,6.911591161042451859e-03,8.436968177556991577e-02,2.602936327457427979e-02,5.140462890267372131e-02,1.553970761597156525e-02,-1.272018440067768097e-02,-5.753314122557640076e-02,4.360122233629226685e-02,4.173230379819869995e-02,1.408885233104228973e-02,1.351131475530564785e-03,1.644592285156250000e-01,1.126961037516593933e-01
1.459869742393493652e-01,1.207774784415960312e-02,5.989526510238647461e-01,4.286685287952423096e-01,5.528062209486961365e-02,-1.043559983372688293e-02,1.000000238418579102e+00,5.825016498565673828e-01,1.122415959835052490e-01,6.099392101168632507e-02,9.522568434476852417e-02,7.988086342811584473e-02,4.615115225315093994e-01,2.961157560348510742e-01,2.585227489471435547e-01,8.569892495870590210e-02,-7.072492688894271851e-02,-7.783501595258712769e-02,3.567252497305162251e-05,3.701988235116004944e-02,1.052369624376296997e-01,1.133640706539154053e-01,2.495222836732864380e-01,2.699405252933502197e-01,7.307519018650054932e-02,1.237788870930671692e-01,-2.497612126171588898e-02,-8.834834210574626923e-03,1.489351391792297363e-01,1.551886200904846191e-01,1.689464300870895386e-01,2.220971882343292236e-01,-1.208550110459327698e-01,-5.651446804404258728e-02,-9.647043794393539429e-02,-3.922276198863983154e-02,-3.561950847506523132e-02,9.156263619661331177e-02,-4.395751282572746277e-02,-2.748844213783740997e-02,1.149455606937408447e-01,1.634722203016281128e-01,-2.677758783102035522e-02,1.429540570825338364e-02,2.856391295790672302e-02,1.749210245907306671e-02,-4.254107549786567688e-02,-6.807570159435272217e-02,8.321586064994335175e-03,-1.335645187646150589e-02,-1.946104131639003754e-02,-3.586309403181076050e-02,-1.616265177726745605e-01,-5.704476498067378998e-03,-1.151769235730171204e-01,-3.856289014220237732e-02,-9.925987571477890015e-02,-5.446025356650352478e-02,-9.789661271497607231e-04,1.497483532875776291e-02,-2.489477097988128662e-01,-1.085305884480476379e-01,-1.431606411933898926e-01,-2.271662205457687378e-01,-6.001731753349304199e-02,-2.460214868187904358e-02,-1.023208796977996826e-01,-2.744990400969982147e-02,-1.939551830291748047e-01,-1.189017593860626221e-01,3.844643384218215942e-02,2.548698894679546356e-02,1.063109338283538818e-01,1.346936672925949097e-01,-1.960350200533866882e-02,-6.697235256433486938e-02,2.566535584628582001e-02,-4.592890664935112000e-02,-6.627598404884338379e-02,-4.578569158911705017e-02,-1.064027696847915649e-01,-1.244603097438812256e-01,-8.993983268737792969e-02,-4.176396131515502930e-02,-7.649078220129013062e-02,-9.781240671873092651e-02,1.320269256830215454e-01,8.437731862068176270e-02,-2.418138645589351654e-02,-9.138437360525131226e-02,-1.833730787038803101e-01,-1.897419691085815430e-01,-2.140961587429046631e-01,-9.569876641035079956e-02,-6.933839991688728333e-03,-2.617529779672622681e-02,-8.408676087856292725e-02,-3.536073863506317139e-02,-1.130001544952392578e-01,-8.005606383085250854e-02,8.296431042253971100e-03,-7.886882871389389038e-02,-5.859868600964546204e-02,-7.497693598270416260e-02,-8.626828342676162720e-02,-5.898155272006988525e-02,-1.108860298991203308e-01,-3.632344305515289307e-02,1.204008981585502625e-01,1.172674447298049927e-01,1.128065586090087891e-02,-1.046273335814476013e-01,-1.873067766427993774e-01,-6.607816368341445923e-02,-2.053896896541118622e-02,-4.226484335958957672e-03
1.827928125858306885e-01,1.139094009995460510e-01,4.855390787124633789e-01,5.934698581695556641e-01,4.666687175631523132e-02,4.747118800878524780e-02,5.825016498565673828e-01,1.000000119209289551e+00,8.421618491411209106e-02,5.176873132586479187e-02,1.233330667018890381e-01,2.143140882253646851e-01,4.312067925930023193e-01,5.145481228828430176e-01,1.693244874477386475e-01,1.644948124885559082e-01,-4.131991788744926453e-02,-7.204408757388591766e-03,-1.425959914922714233e-01,-8.475438505411148071e-02,6.037044525146484375e-02,1.187878474593162537e-01,3.184626400470733643e-01,3.585739135742187500e-01,8.085351437330245972e-02,1.798771023750305176e-01,-5.008910968899726868e-02,3.310707956552505493e-02,1.695806086063385010e-01,1.445252001285552979e-01,1.447128504514694214e-01,2.345538586378097534e-01,-1.062121316790580750e-01,-7.357937842607498169e-02,-1.246118843555450439e-01,-7.112094014883041382e-02,6.010529398918151855e-02,1.082665696740150452e-01,9.666179865598678589e-02,4.342986270785331726e-02,1.716437041759490967e-01,1.410833895206451416e-01,3.221083059906959534e-02,8.391360938549041748e-02,-1.577186584472656250e-02,-1.620620116591453552e-02,3.855472058057785034e-02,4.502738639712333679e-02,-7.948270998895168304e-03,-3.713600710034370422e-02,5.965750291943550110e-02,7.921971380710601807e-03,5.653242021799087524e-02,5.107731744647026062e-02,-3.111034072935581207e-02,7.000608835369348526e-03,1.607833243906497955e-02,4.497722163796424866e-02,-5.737800523638725281e-02,-5.728978291153907776e-02,-2.399116158485412598e-01,-1.231712475419044495e-01,-1.121754869818687439e-01,-1.132977008819580078e-01,-5.090913176536560059e-02,-5.683714523911476135e-02,-1.323553472757339478e-01,-6.615857779979705811e-02,-1.637144088745117188e-01,-1.392859071493148804e-01,-7.362183649092912674e-03,6.311184260994195938e-03,6.640353798866271973e-02,1.804094612598419189e-01,9.852052479982376099e-02,7.848882675170898438e-02,5.812797695398330688e-02,-9.404551237821578979e-04,-6.561907380819320679e-02,-1.309518981724977493e-02,-4.051262512803077698e-02,-1.899196021258831024e-02,-2.925917133688926697e-02,-7.262898236513137817e-02,1.318082492798566818e-02,4.145984724164009094e-02,9.830675274133682251e-02,2.759499847888946533e-02,-9.556822478771209717e-03,-3.359565883874893188e-02,-1.394805405288934708e-02,-7.193699479103088379e-02,1.857607252895832062e-02,2.410341985523700714e-02,1.025888696312904358e-02,-4.879486188292503357e-02,-2.446470037102699280e-02,5.525410175323486328e-03,-6.643310934305191040e-02,-5.285513773560523987e-02,8.920855075120925903e-02,-1.973787881433963776e-02,3.494783863425254822e-02,-5.165464058518409729e-02,-3.514914214611053467e-02,-4.211565852165222168e-02,-8.066397160291671753e-02,-2.021079137921333313e-02,2.698224224150180817e-02,8.442848920822143555e-02,3.367035463452339172e-02,-1.142959222197532654e-01,-1.116568595170974731e-01,-3.269395232200622559e-02,-5.024198070168495178e-02,-9.203291498124599457e-03
9.869912266731262207e-02,2.152592092752456665e-01,1.642033606767654419e-01,2.460565268993377686e-01,6.111239790916442871e-01,4.123775362968444824e-01,1.122415959835052490e-01,8.421618491411209106e-02,1.000000238418579102e+00,6.010738015174865723e-01,4.671844094991683960e-02,5.065585020929574966e-03,1.951066404581069946e-01,2.649172842502593994e-01,6.576952934265136719e-01,5.240075588226318359e-01,-4.853174835443496704e-02,4.190598428249359131e-02,1.107773333787918091e-01,1.984858810901641846e-01,2.535504400730133057e-01,2.403452247381210327e-01,2.809978127479553223e-01,1.887420415878295898e-01,4.281151592731475830e-01,1.869903057813644409e-01,3.357300758361816406e-01,2.777232527732849121e-01,1.513718366622924805e-01,1.383988708257675171e-01,3.601438999176025391e-01,4.609237909317016602e-01,-2.605745568871498108e-02,3.425537422299385071e-02,6.029049400240182877e-03,-2.529384382069110870e-02,2.541974000632762909e-02,-4.491421207785606384e-02,2.379809739068150520e-03,2.652143500745296478e-02,-2.973126992583274841e-02,-2.717199549078941345e-02,2.144394367933273315e-01,2.558507621288299561e-01,2.226280421018600464e-01,2.002135366201400757e-01,3.052280247211456299e-01,2.535390853881835938e-01,1.985861510038375854e-01,2.092627882957458496e-01,2.463644593954086304e-01,2.782696187496185303e-01,2.090502679347991943e-01,3.086508512496948242e-01,1.337418612092733383e-02,8.137249946594238281e-02,1.700836271047592163e-01,3.609015345573425293e-01,2.905771732330322266e-01,3.226092457771301270e-01,1.748076528310775757e-01,2.570301294326782227e-01,-3.711146116256713867e-02,-3.571746870875358582e-02,7.535813003778457642e-02,1.198562160134315491e-01,2.028432339429855347e-01,1.543858349323272705e-01,2.961229681968688965e-01,2.739136219024658203e-01,9.271328896284103394e-02,1.632080823183059692e-01,-1.517522484064102173e-01,8.101284503936767578e-03,2.088099904358386993e-02,-1.496226154267787933e-02,1.775999069213867188e-01,1.540396064519882202e-01,-1.557027827948331833e-02,5.094527080655097961e-02,-5.806296691298484802e-02,-7.449787110090255737e-02,6.270172074437141418e-03,4.466877505183219910e-02,-2.790399454534053802e-02,1.400228496640920639e-02,9.026339650154113770e-02,2.271248251199722290e-01,-4.754563327878713608e-03,3.146703913807868958e-02,7.309039682149887085e-02,1.786782294511795044e-01,-3.499187901616096497e-02,1.570035815238952637e-01,-1.387109421193599701e-02,2.070509828627109528e-02,3.610046580433845520e-02,-1.951472274959087372e-02,5.680652800947427750e-03,1.378993410617113113e-02,-8.974787592887878418e-02,8.776984363794326782e-02,-1.523080654442310333e-02,-8.095780760049819946e-02,-9.712222032248973846e-03,-3.045930154621601105e-02,-4.310950636863708496e-02,-7.200133055448532104e-02,2.226257883012294769e-02,-7.781018316745758057e-02,-9.640681743621826172e-02,2.590212412178516388e-02,-3.956738114356994629e-02,-5.199713259935379028e-02,2.349948277696967125e-03,-2.004659734666347504e-02
8.120598644018173218e-02,1.642744541168212891e-01,1.935278624296188354e-01,1.700314879417419434e-01,5.172864198684692383e-01,3.931078910827636719e-01,6.099392101168632507e-02,5.176873132586479187e-02,6.010738015174865723e-01,1.000000238418579102e+00,-4.997725039720535278e-02,8.257691748440265656e-03,8.350737392902374268e-03,2.011826336383819580e-01,5.489327907562255859e-01,5.374513268470764160e-01,-3.901033475995063782e-02,-7.435220479965209961e-02,1.072472706437110901e-01,1.605077236890792847e-01,1.594377160072326660e-01,1.317444592714309692e-01,2.504161000251770020e-01,9.205644577741622925e-02,3.256435096263885498e-01,8.110263198614120483e-02,1.840217560529708862e-01,1.723142713308334351e-01,1.178103536367416382e-01,1.301376074552536011e-01,3.259168267250061035e-01,3.673543930053710938e-01,-1.832454651594161987e-02,1.271678227931261063e-02,-3.661073744297027588e-02,-1.093779206275939941e-01,-5.748905986547470093e-02,-8.593010157346725464e-02,-9.120710939168930054e-02,-8.980716764926910400e-02,-5.655464902520179749e-02,-2.449090592563152313e-02,2.740556597709655762e-01,3.088338673114776611e-01,3.139780461788177490e-01,2.640724778175354004e-01,3.273298442363739014e-01,2.683238387107849121e-01,2.675840556621551514e-01,2.804692089557647705e-01,2.735508084297180176e-01,2.986254096031188965e-01,2.176732271909713745e-01,4.101472198963165283e-01,-3.465239331126213074e-02,1.192121207714080811e-02,1.164114177227020264e-01,2.943476438522338867e-01,3.603620529174804688e-01,3.629920780658721924e-01,1.751041114330291748e-01,2.664344608783721924e-01,-1.360056642442941666e-02,-5.726946145296096802e-02,1.202703937888145447e-01,1.578685194253921509e-01,2.216539084911346436e-01,1.467598676681518555e-01,3.072791695594787598e-01,1.932362765073776245e-01,1.100395619869232178e-01,1.224574595689773560e-01,-8.140479773283004761e-02,-2.245517261326313019e-02,6.675722450017929077e-02,-1.244338136166334152e-02,1.612990647554397583e-01,1.238404884934425354e-01,-1.360222138464450836e-02,-2.961685182526707649e-03,-8.592855185270309448e-02,-1.214565411210060120e-01,-8.453260362148284912e-02,-2.105740830302238464e-03,-4.812326282262802124e-02,-2.894151210784912109e-02,1.082582548260688782e-01,2.220975160598754883e-01,-8.455835282802581787e-02,-3.875615447759628296e-02,7.649534940719604492e-02,1.583331972360610962e-01,-6.408239156007766724e-02,1.960858851671218872e-01,-7.764166593551635742e-02,-4.594503343105316162e-02,-3.575777634978294373e-02,-9.048066288232803345e-02,-3.374931961297988892e-02,-7.443015463650226593e-03,-1.673248857259750366e-01,6.516725569963455200e-02,-9.236389398574829102e-02,-1.852516531944274902e-01,-5.413367971777915955e-02,-1.003763079643249512e-01,-1.332159042358398438e-01,-1.638767719268798828e-01,4.533619806170463562e-02,-1.197570040822029114e-01,-2.015313506126403809e-01,-1.410443987697362900e-02,-2.927125990390777588e-02,-1.138389930129051208e-01,-6.558816134929656982e-02,-6.770450621843338013e-02
3.960908651351928711e-01,2.705623805522918701e-01,-1.158875077962875366e-01,-3.487886162474751472e-03,5.711154639720916748e-02,1.436812728643417358e-01,9.522568434476852417e-02,1.233330667018890381e-01,4.671844094991683960e-02,-4.997725039720535278e-02,1.000000119209289551e+00,4.896555244922637939e-01,4.968434870243072510e-01,2.829571962356567383e-01,2.124055474996566772e-02,-4.278565943241119385e-02,2.603475749492645264e-01,2.723949551582336426e-01,-3.278175368905067444e-02,-8.239398896694183350e-02,1.755592599511146545e-02,-1.787896454334259033e-02,-9.756916016340255737e-02,-1.328607462346553802e-02,8.151213079690933228e-02,6.868872791528701782e-02,1.863808780908584595e-01,7.681518793106079102e-02,3.450243175029754639e-01,6.205813214182853699e-02,-5.499097518622875214e-03,5.206988006830215454e-02,-2.221956476569175720e-02,-9.942478686571121216e-02,6.702084839344024658e-02,1.061184629797935486e-01,3.151190876960754395e-01,2.531677186489105225e-01,2.946633398532867432e-01,2.739749550819396973e-01,3.861725032329559326e-01,3.730986118316650391e-01,-1.874622255563735962e-01,-1.052749380469322205e-01,-1.590272635221481323e-01,-1.796256154775619507e-01,-5.165574327111244202e-02,-4.745549336075782776e-02,-1.550275534391403198e-01,-1.493583619594573975e-01,-1.156923472881317139e-01,-1.411020010709762573e-01,-4.309725761413574219e-02,-1.060171574354171753e-01,1.804596185684204102e-01,1.248911619186401367e-01,2.742308676242828369e-01,1.677528917789459229e-01,-9.851204603910446167e-02,-8.879816532135009766e-02,7.233210653066635132e-02,1.369668729603290558e-02,1.296990662813186646e-01,9.115674346685409546e-02,-1.162393484264612198e-02,-6.453442573547363281e-02,1.624846458435058594e-02,-4.652913194149732590e-03,9.025784581899642944e-02,3.658295422792434692e-02,4.779889434576034546e-02,1.073382943868637085e-01,2.258239835500717163e-01,2.035886347293853760e-01,2.595176100730895996e-01,1.881907582283020020e-01,3.078654594719409943e-02,-1.535959076136350632e-02,1.440366059541702271e-01,3.375915065407752991e-02,2.367388457059860229e-01,1.617292314767837524e-01,7.419097423553466797e-02,7.029805332422256470e-02,2.416708320379257202e-01,1.339509338140487671e-01,2.838951535522937775e-02,-2.049218676984310150e-02,1.335010826587677002e-01,3.508223220705986023e-02,-2.189901098608970642e-02,2.732916176319122314e-02,-1.491294614970684052e-02,-6.149851903319358826e-02,1.895222663879394531e-01,1.699976027011871338e-01,1.589417457580566406e-01,1.597181409597396851e-01,2.989263460040092468e-02,7.844675332307815552e-02,1.201771870255470276e-01,8.198219537734985352e-02,1.174912601709365845e-01,1.789543777704238892e-01,1.534750610589981079e-01,1.930729597806930542e-01,1.302367299795150757e-01,7.647876441478729248e-02,1.521243751049041748e-01,1.619511395692825317e-01,1.489958018064498901e-01,-6.625743210315704346e-02,-8.447212725877761841e-02,1.823147945106029510e-02,7.648147642612457275e-02,1.044972538948059082e-01
3.207597732543945312e-01,2.730441391468048096e-01,-1.047134050168097019e-03,6.207764521241188049e-02,6.854949146509170532e-02,8.519702404737472534e-02,7.988086342811584473e-02,2.143140882253646851e-01,5.065585020929574966e-03,8.257691748440265656e-03,4.896555244922637939e-01,9.999995231628417969e-01,3.426169753074645996e-01,3.596131205558776855e-01,8.664894849061965942e-04,-1.424485072493553162e-02,6.196445971727371216e-02,1.692767143249511719e-01,-4.591530561447143555e-02,-6.020889431238174438e-02,4.659726843237876892e-02,-4.572929069399833679e-02,-9.910714812576770782e-03,1.987767592072486877e-02,1.070133596658706665e-01,-9.213595651090145111e-03,6.246094033122062683e-02,5.808849260210990906e-02,2.363799810409545898e-01,2.860211431980133057e-01,5.555757507681846619e-02,7.814766466617584229e-02,-4.620296508073806763e-02,-5.972361937165260315e-02,1.563614234328269958e-02,-1.646360754966735840e-02,1.179305091500282288e-01,1.321428269147872925e-01,1.861207783222198486e-01,1.865046322345733643e-01,2.402431368827819824e-01,2.969610095024108887e-01,-1.094540506601333618e-01,-4.827863350510597229e-02,-6.347665935754776001e-02,-1.424924433231353760e-01,4.264811519533395767e-03,5.730959121137857437e-03,-8.953902125358581543e-02,-1.198699846863746643e-01,-5.786306783556938171e-02,-8.959182351827621460e-02,-2.239792793989181519e-02,6.362662184983491898e-03,1.309842318296432495e-01,1.435411870479583740e-01,5.580517649650573730e-02,1.769049316644668579e-01,-2.874851413071155548e-02,-1.438657660037279129e-02,3.897596150636672974e-02,1.148318499326705933e-01,1.239837035536766052e-01,1.315887719392776489e-01,-1.257719239220023155e-03,-5.856116488575935364e-02,5.859151482582092285e-02,3.207064792513847351e-02,8.626732230186462402e-02,8.595595508813858032e-02,4.866081103682518005e-02,6.388392299413681030e-02,2.717314362525939941e-01,2.511207163333892822e-01,1.196651384234428406e-01,1.233482733368873596e-01,5.972645059227943420e-02,-1.314618159085512161e-02,4.272787645459175110e-02,4.385175555944442749e-02,1.616499423980712891e-01,1.164616122841835022e-01,2.052780538797378540e-01,2.036754786968231201e-01,1.819327175617218018e-01,1.176965683698654175e-01,1.489153653383255005e-01,1.200758218765258789e-01,1.242449507117271423e-01,2.077870629727840424e-02,-2.890360727906227112e-02,-9.692108631134033203e-02,-9.935867041349411011e-02,-1.595354974269866943e-01,5.118960887193679810e-02,1.862485520541667938e-02,1.772065646946430206e-02,5.807840451598167419e-02,2.801137976348400116e-03,-1.182668609544634819e-03,6.369738280773162842e-02,-3.560696914792060852e-02,1.948412321507930756e-02,8.028154075145721436e-02,1.644741743803024292e-02,-1.552112866193056107e-02,8.687038719654083252e-02,9.591037780046463013e-02,7.075906544923782349e-02,1.102175638079643250e-01,1.329433023929595947e-01,-5.096236988902091980e-02,-1.064580231904983521e-01,-1.186830773949623108e-01,7.281410973519086838e-03,1.000564247369766235e-01
3.038573265075683594e-01,2.643047273159027100e-01,1.455350667238235474e-01,1.890077441930770874e-01,1.492188572883605957e-01,1.349141299724578857e-01,4.615115225315093994e-01,4.312067925930023193e-01,1.951066404581069946e-01,8.350737392902374268e-03,4.968434870243072510e-01,3.426169753074645996e-01,1.000000119209289551e+00,5.243169665336608887e-01,2.449505627155303955e-01,8.212444931268692017e-02,9.668607264757156372e-02,1.670110970735549927e-01,-8.142076432704925537e-02,-4.681033641099929810e-02,1.260990351438522339e-01,8.569784462451934814e-02,1.798317953944206238e-02,1.698196232318878174e-01,1.517955958843231201e-01,1.583437174558639526e-01,1.573675721883773804e-01,9.238732606172561646e-02,3.822484612464904785e-01,2.214183509349822998e-01,1.167751103639602661e-01,2.447791397571563721e-01,-9.652905911207199097e-02,-1.004938706755638123e-01,-3.159342706203460693e-02,7.725039124488830566e-02,2.254169285297393799e-01,1.797460317611694336e-01,2.021540701389312744e-01,2.001688480377197266e-01,3.057261407375335693e-01,2.676935493946075439e-01,-1.271815150976181030e-01,-6.356909871101379395e-02,-1.268877983093261719e-01,-1.135952770709991455e-01,-5.555479973554611206e-02,-3.276827931404113770e-02,-9.876628965139389038e-02,-1.039678677916526794e-01,-7.605986297130584717e-02,-8.900729566812515259e-02,-7.039663940668106079e-02,-5.775829032063484192e-02,6.082049757242202759e-02,9.362412989139556885e-02,1.634187102317810059e-01,1.659545302391052246e-01,-7.030194252729415894e-02,-7.616463303565979004e-02,-3.448083251714706421e-02,-2.992259897291660309e-02,5.025517195463180542e-02,-1.546967308968305588e-02,-8.767347782850265503e-03,-5.816926807165145874e-02,-5.560770630836486816e-02,-4.363515228033065796e-02,-4.031120613217353821e-02,1.373440772294998169e-02,6.362576782703399658e-02,9.572803229093551636e-02,1.953006684780120850e-01,2.472076863050460815e-01,6.809230893850326538e-02,9.732984006404876709e-02,9.060072153806686401e-02,1.717415452003479004e-02,1.130623221397399902e-01,2.936439402401447296e-02,9.920439869165420532e-02,7.018639892339706421e-02,1.322285383939743042e-01,1.372644603252410889e-01,1.524862200021743774e-01,9.532301127910614014e-02,1.475151330232620239e-01,8.596783131361007690e-02,1.173835024237632751e-01,3.705193474888801575e-02,-1.075378805398941040e-01,-3.127876669168472290e-02,-8.821813017129898071e-02,-6.671123206615447998e-02,1.011362895369529724e-01,7.585991919040679932e-02,3.947776928544044495e-02,8.469126373529434204e-02,-4.036836698651313782e-02,3.663991391658782959e-02,1.276606768369674683e-01,5.427289381623268127e-02,1.185734756290912628e-02,1.250235736370086670e-01,1.346420496702194214e-01,1.822636425495147705e-01,6.562935560941696167e-02,8.740943670272827148e-02,1.096027418971061707e-01,1.344208270311355591e-01,1.154758408665657043e-01,-1.243347749114036560e-01,-1.655624061822891235e-01,-2.001781482249498367e-03,7.043922692537307739e-02,1.685599088668823242e-01
