9.999997019767761230e-01,4.750783443450927734e-01,5.878793597221374512e-01,4.422221481800079346e-01,6.318914145231246948e-02,1.518530994653701782e-01,5.368189215660095215e-01,4.176069200038909912e-01,1.674923896789550781e-01,1.563316434621810913e-01,3.793073296546936035e-01,3.679192662239074707e-01,3.704791367053985596e-01,2.344649583101272583e-01,2.145132571458816528e-01,1.219898685812950134e-01,3.621388971805572510e-01,3.617852330207824707e-01,6.342403292655944824e-01,5.684432983398437500e-01,6.631077080965042114e-02,9.485618025064468384e-02,3.695779740810394287e-01,2.727289795875549316e-01,-1.941769123077392578e-01,-2.637286484241485596e-01,1.819718033075332642e-01,1.924830675125122070e-01,1.839196830987930298e-01,7.818616926670074463e-02,1.289030313491821289e-01,9.520321339368820190e-02,3.572452366352081299e-01,3.872252702713012695e-01,4.836827144026756287e-02,9.990426898002624512e-02,7.990700006484985352e-02,-3.792399540543556213e-02,1.108578369021415710e-01,1.894171237945556641e-01,8.015094697475433350e-02,1.535132229328155518e-01,2.948955595493316650e-01,2.620358765125274658e-01,1.370379477739334106e-01,3.201895356178283691e-01,2.837205529212951660e-01,3.385080993175506592e-01,3.213984072208404541e-01,3.028975129127502441e-01,3.207878470420837402e-01,2.268857210874557495e-01,2.962283194065093994e-01,2.560919225215911865e-01,3.365227282047271729e-01,3.747592866420745850e-01,6.309666037559509277e-01,2.322104871273040771e-01,6.027687788009643555e-01,5.610303282737731934e-01,5.154525637626647949e-01,3.743692636489868164e-01,4.357859492301940918e-01,3.381604254245758057e-01,1.460811346769332886e-01,1.355680823326110840e-01,4.845835864543914795e-01,3.506386876106262207e-01,5.042334198951721191e-01,4.321085214614868164e-01,5.206006020307540894e-02,4.691226780414581299e-02,1.856927424669265747e-01,8.280750364065170288e-02,2.882769107818603516e-01,-5.212984979152679443e-02,1.918380558490753174e-01,2.288223952054977417e-01,1.914331167936325073e-01,2.474171370267868042e-01,2.904517948627471924e-01,2.401226460933685303e-01,1.903685480356216431e-01,2.093818634748458862e-01,3.886145651340484619e-01,2.699182927608489990e-01,2.118833661079406738e-01,1.770049780607223511e-01,1.971983313560485840e-01,2.895152270793914795e-01,1.603582501411437988e-01,1.909803897142410278e-01,-2.025664038956165314e-02,-8.051344193518161774e-03,-4.789431393146514893e-02,-1.175523828715085983e-02,3.504154831171035767e-02,1.488101631402969360e-01,2.064784318208694458e-01,2.909677922725677490e-01,1.529438942670822144e-01,1.406043469905853271e-01,1.834626197814941406e-01,2.322465740144252777e-02,1.182665005326271057e-01,1.115809008479118347e-01,-7.105685025453567505e-02,3.972564265131950378e-02,-1.434814464300870895e-02,3.360783681273460388e-02,1.510627418756484985e-01,1.556561291217803955e-01,1.761428713798522949e-01,3.008716739714145660e-02,-5.250918492674827576e-02,-1.474870443344116211e-01
4.750783443450927734e-01,1.000000000000000000e+00,3.634896278381347656e-01,3.921905457973480225e-01,-2.149097919464111328e-01,1.885947287082672119e-01,4.966205954551696777e-01,4.076770842075347900e-01,2.141153067350387573e-01,2.033326774835586548e-01,3.553585708141326904e-01,5.155117511749267578e-01,3.896409869194030762e-01,4.057306945323944092e-01,1.057779937982559204e-01,1.439902186393737793e-01,2.927390933036804199e-01,3.717896044254302979e-01,4.675388932228088379e-01,4.828054606914520264e-01,5.949596315622329712e-02,2.053697556257247925e-01,2.344648987054824829e-01,2.264673411846160889e-01,-1.626867800951004028e-01,-9.496572613716125488e-02,9.637092798948287964e-02,1.888292282819747925e-01,2.595212459564208984e-01,1.246593222022056580e-01,1.643832921981811523e-01,2.266695648431777954e-01,8.737958222627639771e-02,2.862824499607086182e-01,-1.261950097978115082e-02,1.586527563631534576e-02,2.039714902639389038e-01,3.274951875209808350e-02,3.887448832392692566e-02,2.184410542249679565e-01,8.860192447900772095e-02,3.090121746063232422e-01,3.966217935085296631e-01,4.462869167327880859e-01,3.366525769233703613e-01,4.722706675529479980e-01,4.291762709617614746e-01,4.505393207073211670e-01,5.306649804115295410e-01,5.515397191047668457e-01,4.824774265289306641e-01,4.733799099922180176e-01,4.238842725753784180e-01,3.949693739414215088e-01,3.008983135223388672e-01,4.627104401588439941e-01,4.068233370780944824e-01,6.167613863945007324e-01,2.408333271741867065e-01,4.343470931053161621e-01,3.037312030792236328e-01,5.921455025672912598e-01,2.259514629840850830e-01,5.003314018249511719e-01,1.418897509574890137e-01,3.529863953590393066e-01,2.205809801816940308e-01,2.260511517524719238e-01,4.943486154079437256e-01,3.962564766407012939e-01,1.999064385890960693e-01,2.409661114215850830e-01,3.178285062313079834e-01,1.857896447181701660e-01,2.979084551334381104e-01,3.039613552391529083e-02,9.032132476568222046e-02,1.056281030178070068e-01,1.211338713765144348e-01,2.203178405761718750e-01,1.624472290277481079e-01,2.914212048053741455e-01,2.490463256835937500e-01,2.292143255472183228e-01,2.286811619997024536e-01,4.175745248794555664e-01,1.947726607322692871e-01,2.430298626422882080e-01,7.646650820970535278e-02,4.062672257423400879e-01,3.720450103282928467e-01,2.790461778640747070e-01,1.699767261743545532e-01,9.984993934631347656e-02,-3.607881814241409302e-02,1.454406231641769409e-02,1.129017770290374756e-01,2.055595368146896362e-01,3.658091723918914795e-01,4.028741419315338135e-01,3.476365208625793457e-01,2.098460048437118530e-01,4.006351232528686523e-01,8.277263492345809937e-02,2.737869322299957275e-01,1.754775047302246094e-01,-5.951573699712753296e-02,5.871447548270225525e-02,-6.249475851655006409e-02,6.340415030717849731e-02,2.585995197296142578e-01,2.328946292400360107e-01,3.268650770187377930e-01,1.772751510143280029e-01,8.101689815521240234e-02,3.379806410521268845e-03
5.878793597221374512e-01,3.634896278381347656e-01,9.999997615814208984e-01,6.387333869934082031e-01,1.514470856636762619e-02,2.909592986106872559e-01,7.049342989921569824e-01,5.894338488578796387e-01,2.767737507820129395e-01,2.808443605899810791e-01,2.616208791732788086e-01,2.260999232530593872e-01,3.409531712532043457e-01,3.180871009826660156e-01,2.437435090541839600e-01,1.816411912441253662e-01,1.960201859474182129e-01,1.732767224311828613e-01,4.768461287021636963e-01,4.347880780696868896e-01,2.300438284873962402e-01,2.507146000862121582e-01,6.273421645164489746e-01,5.871174335479736328e-01,5.770448129624128342e-03,9.601213783025741577e-02,2.539827227592468262e-01,3.235330283641815186e-01,2.745585143566131592e-01,1.132728531956672668e-01,4.877994060516357422e-01,4.609093964099884033e-01,3.326922357082366943e-01,4.461928904056549072e-01,2.292261123657226562e-01,2.340183407068252563e-01,1.324909478425979614e-01,4.486440122127532959e-02,1.320865601301193237e-01,1.102517545223236084e-01,5.361556634306907654e-02,1.626140624284744263e-01,3.305113315582275391e-01,3.978885412216186523e-01,2.969040572643280029e-01,4.223174750804901123e-01,3.624862134456634521e-01,3.814665079116821289e-01,3.618949353694915771e-01,3.172440230846405029e-01,3.596752882003784180e-01,3.629997670650482178e-01,3.119701445102691650e-01,2.908685207366943359e-01,2.088939100503921509e-01,3.067991733551025391e-01,3.613854348659515381e-01,1.664627343416213989e-01,4.722638726234436035e-01,5.642183423042297363e-01,2.765575945377349854e-01,3.386135697364807129e-01,1.762734502553939819e-01,2.548538446426391602e-01,2.905503213405609131e-01,3.519519865512847900e-01,5.218282341957092285e-01,5.012765526771545410e-01,3.133064508438110352e-01,3.645136654376983643e-01,2.181547135114669800e-01,2.156603485345840454e-01,2.136396765708923340e-01,9.818251430988311768e-02,1.768181473016738892e-01,-1.072735432535409927e-02,1.105722934007644653e-01,1.726022362709045410e-01,4.239951819181442261e-02,1.131859347224235535e-01,1.664716750383377075e-01,1.578412801027297974e-01,3.320238292217254639e-01,1.783642917871475220e-01,2.221560776233673096e-01,2.954054176807403564e-01,2.533544898033142090e-01,1.655995547771453857e-01,4.022795334458351135e-02,2.441284954547882080e-01,3.147543966770172119e-01,3.522945940494537354e-01,1.711862385272979736e-01,1.847736984491348267e-01,6.570423394441604614e-02,7.131506502628326416e-02,1.552201658487319946e-01,2.812189161777496338e-01,3.147928118705749512e-01,3.853850364685058594e-01,2.664970159530639648e-01,1.538392007350921631e-01,2.136785537004470825e-01,4.826758056879043579e-02,1.449146717786788940e-01,1.546119451522827148e-01,-1.782456934452056885e-01,1.204266622662544250e-01,2.904688008129596710e-02,1.717276275157928467e-01,3.309825062751770020e-01,2.681178152561187744e-01,3.557412028312683105e-01,1.909286230802536011e-01,4.610169306397438049e-02,-5.480517446994781494e-02
4.422221481800079346e-01,3.921905457973480225e-01,6.387333869934082031e-01,9.999997615814208984e-01,1.003296077251434326e-01,4.722449481487274170e-01,6.266299486160278320e-01,8.171268105506896973e-01,2.886066138744354248e-01,4.479415118694305420e-01,2.332700490951538086e-01,4.440236687660217285e-01,2.080195248126983643e-01,3.167152702808380127e-01,1.414828896522521973e-01,3.167020976543426514e-01,2.368719875812530518e-01,2.103312462568283081e-01,4.556747078895568848e-01,4.916563630104064941e-01,4.969757795333862305e-02,2.231305092573165894e-01,4.511440098285675049e-01,5.655685663223266602e-01,-1.903677135705947876e-01,7.186796516180038452e-02,6.094480678439140320e-02,2.708783447742462158e-01,2.794999480247497559e-01,1.349883377552032471e-01,4.304596185684204102e-01,5.228181481361389160e-01,2.685540318489074707e-01,5.135381221771240234e-01,2.687893807888031006e-01,2.728797793388366699e-01,1.880543678998947144e-02,-4.067698493599891663e-02,-7.597533520311117172e-03,3.868405520915985107e-02,-7.968432456254959106e-02,1.463139504194259644e-01,2.158408463001251221e-01,2.520347535610198975e-01,2.410990595817565918e-01,3.925001323223114014e-01,2.748522758483886719e-01,3.094626665115356445e-01,2.881094515323638916e-01,2.777326703071594238e-01,1.935593336820602417e-01,2.595253884792327881e-01,2.276714593172073364e-01,2.003696709871292114e-01,6.429799646139144897e-02,2.102326005697250366e-01,3.247989714145660400e-01,2.326487302780151367e-01,4.102296829223632812e-01,4.114276766777038574e-01,3.598792552947998047e-01,5.369235277175903320e-01,2.631375789642333984e-01,4.360218644142150879e-01,3.069171011447906494e-01,5.199939608573913574e-01,4.715276956558227539e-01,5.146968364715576172e-01,3.512837588787078857e-01,3.849375247955322266e-01,1.807995289564132690e-01,2.777275741100311279e-01,2.194651514291763306e-01,1.068100854754447937e-01,1.653300970792770386e-01,1.693059690296649933e-02,1.334803849458694458e-01,2.068509757518768311e-01,2.269809134304523468e-02,1.497519016265869141e-01,2.089924365282058716e-01,2.498788386583328247e-01,2.789021134376525879e-01,2.173230499029159546e-01,1.846320629119873047e-01,4.212568700313568115e-01,9.217720478773117065e-02,9.545663744211196899e-02,-7.557960599660873413e-02,3.601992726325988770e-01,3.657849729061126709e-01,3.139015436172485352e-01,2.488086819648742676e-01,5.917615815997123718e-02,2.017633430659770966e-02,2.699246816337108612e-02,5.204297974705696106e-02,2.131164968013763428e-01,2.249648422002792358e-01,2.980563938617706299e-01,4.015845954418182373e-01,1.450269222259521484e-01,3.398259282112121582e-01,7.543247938156127930e-02,1.636282205581665039e-01,5.270644277334213257e-02,-1.355941593647003174e-01,1.454586982727050781e-01,2.257550321519374847e-02,9.989035129547119141e-02,2.292440384626388550e-01,1.854474991559982300e-01,2.639470100402832031e-01,1.098303124308586121e-01,-2.002372872084379196e-03,-2.842053584754467010e-02
6.318914145231246948e-02,-2.149097919464111328e-01,1.514470856636762619e-02,1.003296077251434326e-01,1.000000119209289551e+00,3.586653172969818115e-01,8.255164138972759247e-03,5.362451821565628052e-02,2.150004059076309204e-01,3.918440267443656921e-02,2.320415675640106201e-01,-5.413591489195823669e-02,-1.494213566184043884e-02,-2.522745728492736816e-01,2.751871049404144287e-01,1.535366624593734741e-01,2.491889446973800659e-01,8.625339716672897339e-02,4.937589168548583984e-02,1.040716022253036499e-01,-1.975059211254119873e-01,-1.420353502035140991e-01,-2.690546512603759766e-01,-3.207730650901794434e-01,1.534874178469181061e-02,1.298350095748901367e-01,1.879519410431385040e-02,4.264393355697393417e-03,1.131709218025207520e-01,2.017509788274765015e-01,-7.473162841051816940e-03,-5.513999611139297485e-02,2.409556806087493896e-01,2.006734758615493774e-01,-2.921680733561515808e-02,5.276361480355262756e-02,-1.652558445930480957e-01,-1.701976209878921509e-01,-1.955273933708667755e-02,4.536452237516641617e-03,-1.938134431838989258e-02,-7.565994746983051300e-03,-9.263984858989715576e-02,-4.828395694494247437e-02,-1.979351043701171875e-01,-9.847033768892288208e-02,-1.055934205651283264e-01,-2.445282973349094391e-02,-1.597578525543212891e-01,-1.924868524074554443e-01,-2.268607914447784424e-01,-2.890807390213012695e-01,-1.098389104008674622e-01,-4.874669015407562256e-02,-5.433278530836105347e-02,-1.076173931360244751e-01,1.402400881052017212e-01,-8.831910789012908936e-02,2.343346774578094482e-01,-5.121988430619239807e-02,3.272695541381835938e-01,7.678429782390594482e-02,3.683353662490844727e-01,9.462518990039825439e-02,-2.091313004493713379e-01,-3.359047472476959229e-01,9.947992116212844849e-02,7.482845336198806763e-02,-1.912066340446472168e-02,4.866520315408706665e-02,-7.468352466821670532e-02,2.516876533627510071e-02,-4.206822719424962997e-03,2.385549843311309814e-01,-6.674370728433132172e-03,3.147358298301696777e-01,1.111260503530502319e-01,1.541936993598937988e-01,8.959282189607620239e-02,8.374428749084472656e-02,2.350167781114578247e-01,1.100097224116325378e-01,-5.997170135378837585e-02,1.878869235515594482e-01,2.345881238579750061e-02,-1.629871726036071777e-01,-1.013130024075508118e-01,-7.560612261295318604e-02,5.819776561111211777e-03,-3.036589026451110840e-01,-4.472909867763519287e-02,8.394241333007812500e-02,-1.726191639900207520e-01,-8.376792073249816895e-02,3.351143375039100647e-02,-3.484158962965011597e-02,-4.739990085363388062e-02,2.699185349047183990e-02,-2.728455886244773865e-02,1.181209757924079895e-01,-1.244201287627220154e-01,-6.557308882474899292e-02,-1.236451342701911926e-01,1.140427663922309875e-01,-1.679167896509170532e-01,3.031046129763126373e-02,-4.096477478742599487e-02,-1.360655277967453003e-01,2.948830369859933853e-03,-3.528953716158866882e-02,-1.086496189236640930e-01,1.197143942117691040e-01,-4.964006692171096802e-02,9.248716756701469421e-03,-4.266386106610298157e-02,-9.855052828788757324e-02
1.518530994653701782e-01,1.885947287082672119e-01,2.909592986106872559e-01,4.722449481487274170e-01,3.586653172969818115e-01,1.000000238418579102e+00,4.383412003517150879e-01,4.983342885971069336e-01,6.310482621192932129e-01,5.505293011665344238e-01,4.535454809665679932e-01,2.972428500652313232e-01,3.586473464965820312e-01,3.611315786838531494e-01,4.254065155982971191e-01,5.256873965263366699e-01,3.076092600822448730e-01,1.703264564275741577e-01,8.328133076429367065e-02,1.165859103202819824e-01,5.103813856840133667e-02,3.174236118793487549e-01,6.522021442651748657e-02,1.289994716644287109e-01,3.113269805908203125e-02,3.825141489505767822e-01,1.190880313515663147e-01,3.447926342487335205e-01,4.962172210216522217e-01,2.996231615543365479e-01,4.550120830535888672e-01,5.198262333869934082e-01,1.764064729213714600e-01,3.219165802001953125e-01,2.262839823961257935e-01,2.750230431556701660e-01,1.572749018669128418e-02,-5.407004803419113159e-02,-5.254728719592094421e-02,1.406495086848735809e-02,1.601477339863777161e-02,2.961435616016387939e-01,2.910628020763397217e-01,3.657561540603637695e-01,2.454051375389099121e-01,3.351980745792388916e-01,2.957808077335357666e-01,3.361192047595977783e-01,2.348258197307586670e-01,1.403932720422744751e-01,2.071933597326278687e-01,2.255022674798965454e-01,2.018250674009323120e-01,2.508241534233093262e-01,3.724892809987068176e-02,1.356494426727294922e-01,8.879330754280090332e-02,1.600253283977508545e-01,7.424207031726837158e-02,-1.671893335878849030e-02,2.666935324668884277e-01,3.841687142848968506e-01,3.186077475547790527e-01,4.317842125892639160e-01,1.963831931352615356e-01,2.758513987064361572e-01,1.837046593427658081e-01,2.906144857406616211e-01,2.031765282154083252e-01,2.987526655197143555e-01,3.791088759899139404e-01,4.469470083713531494e-01,3.981205821037292480e-01,3.736138045787811279e-01,2.030464708805084229e-01,1.319829821586608887e-01,1.419052183628082275e-01,1.858378797769546509e-01,6.571678072214126587e-02,7.496448606252670288e-02,3.141761720180511475e-01,2.546134889125823975e-01,3.266577124595642090e-01,3.405568599700927734e-01,1.814964413642883301e-01,3.207482397556304932e-01,1.760825067758560181e-01,1.155270785093307495e-01,-7.940876297652721405e-03,1.691503375768661499e-01,4.601248204708099365e-01,4.458018243312835693e-01,4.145849943161010742e-01,2.938520610332489014e-01,-2.846181206405162811e-02,-6.014052033424377441e-02,1.584269851446151733e-01,2.528349161148071289e-01,3.733051419258117676e-01,3.911519646644592285e-01,3.572802841663360596e-01,2.216634154319763184e-01,3.845024108886718750e-01,1.869263947010040283e-01,1.669516563415527344e-01,1.479268074035644531e-01,-7.398153096437454224e-02,1.505488753318786621e-01,3.331031650304794312e-02,5.242417752742767334e-02,2.643108963966369629e-01,3.805451393127441406e-01,4.211817085742950439e-01,3.525695204734802246e-01,1.788768470287322998e-01,-5.084104835987091064e-02
5.368189215660095215e-01,4.966205954551696777e-01,7.049342989921569824e-01,6.266299486160278320e-01,8.255164138972759247e-03,4.383412003517150879e-01,9.999995827674865723e-01,6.697764396667480469e-01,3.899399638175964355e-01,3.557091057300567627e-01,4.180773198604583740e-01,3.930111825466156006e-01,5.075579881668090820e-01,4.228519201278686523e-01,3.019836246967315674e-01,2.616381049156188965e-01,2.738021910190582275e-01,2.349295020103454590e-01,4.949048161506652832e-01,3.766699731349945068e-01,1.896069645881652832e-01,2.756175696849822998e-01,5.618753433227539062e-01,4.518873989582061768e-01,-4.275996237993240356e-02,7.584900408983230591e-02,2.341357171535491943e-01,3.351591825485229492e-01,3.450323343276977539e-01,1.415834724903106689e-01,5.002648234367370605e-01,4.504553973674774170e-01,3.375789225101470947e-01,4.454911053180694580e-01,2.441009432077407837e-01,2.405610084533691406e-01,1.643385589122772217e-01,2.649585343897342682e-02,3.798303753137588501e-02,1.356072872877120972e-01,5.125125497579574585e-02,2.681916058063507080e-01,4.147578179836273193e-01,4.438000023365020752e-01,3.954927921295166016e-01,4.663225114345550537e-01,4.231226742267608643e-01,4.596770405769348145e-01,4.399108290672302246e-01,3.748337626457214355e-01,4.480792582035064697e-01,4.133535027503967285e-01,3.244019150733947754e-01,3.094021379947662354e-01,2.034245729446411133e-01,3.084843158721923828e-01,3.253644108772277832e-01,3.563244640827178955e-01,3.636756241321563721e-01,4.242548644542694092e-01,3.905017375946044922e-01,5.119063854217529297e-01,2.048014849424362183e-01,4.156855642795562744e-01,3.804309070110321045e-01,4.614860713481903076e-01,4.739903211593627930e-01,4.586182832717895508e-01,4.213276505470275879e-01,3.898595273494720459e-01,3.219989240169525146e-01,3.255080282688140869e-01,3.024061918258666992e-01,1.071693077683448792e-01,2.241948544979095459e-01,-5.899231508374214172e-02,1.937107741832733154e-01,2.217076718807220459e-01,7.763071358203887939e-02,1.551723778247833252e-01,2.441541254520416260e-01,2.101606279611587524e-01,4.005565941333770752e-01,2.289677560329437256e-01,2.581070661544799805e-01,3.661924600601196289e-01,2.236512452363967896e-01,1.619943529367446899e-01,8.728456497192382812e-02,3.535358905792236328e-01,4.453937113285064697e-01,4.385974705219268799e-01,2.531786262989044189e-01,2.152381688356399536e-01,4.402721766382455826e-03,2.113378047943115234e-02,1.289851814508438110e-01,2.612127363681793213e-01,3.752320110797882080e-01,3.909448385238647461e-01,3.778524100780487061e-01,3.060577809810638428e-01,3.347522616386413574e-01,1.605425924062728882e-01,2.355064004659652710e-01,2.009418159723281860e-01,-1.069627106189727783e-01,1.519675552845001221e-01,1.299687661230564117e-02,1.092514619231224060e-01,3.514983952045440674e-01,3.004349768161773682e-01,3.862514495849609375e-01,2.439893335103988647e-01,1.157097443938255310e-01,-4.778384417295455933e-02
4.176069200038909912e-01,4.076770842075347900e-01,5.894338488578796387e-01,8.171268105506896973e-01,5.362451821565628052e-02,4.983342885971069336e-01,6.697764396667480469e-01,9.999997615814208984e-01,3.563224077224731445e-01,5.322926640510559082e-01,2.924173474311828613e-01,5.281022191047668457e-01,3.228818476200103760e-01,4.483160078525543213e-01,2.157742530107498169e-01,3.997735083103179932e-01,2.509906589984893799e-01,1.813825517892837524e-01,3.797900080680847168e-01,3.873981833457946777e-01,5.492084100842475891e-02,2.440870404243469238e-01,4.588580131530761719e-01,5.616590976715087891e-01,-1.589227020740509033e-01,8.601608872413635254e-02,1.140309870243072510e-01,3.046993017196655273e-01,3.027650117874145508e-01,1.344814002513885498e-01,3.941105008125305176e-01,4.946309030055999756e-01,2.464535236358642578e-01,4.650761187076568604e-01,2.139012217521667480e-01,2.244661301374435425e-01,1.172697404399514198e-03,-8.186529576778411865e-02,-2.720596455037593842e-02,1.766291260719299316e-02,-4.825625568628311157e-02,1.663078516721725464e-01,2.372617721557617188e-01,2.829383611679077148e-01,2.524560689926147461e-01,3.870290815830230713e-01,3.058699369430541992e-01,3.211759328842163086e-01,2.861400842666625977e-01,2.857000529766082764e-01,2.428542524576187134e-01,3.188849687576293945e-01,2.393203079700469971e-01,2.066469788551330566e-01,7.388748973608016968e-02,2.143259644508361816e-01,2.851416766643524170e-01,2.325922995805740356e-01,3.447019457817077637e-01,3.427384495735168457e-01,3.905006647109985352e-01,5.479792952537536621e-01,2.294450253248214722e-01,4.391819536685943604e-01,3.567758798599243164e-01,5.648530721664428711e-01,3.809931576251983643e-01,4.442416131496429443e-01,3.119894564151763916e-01,3.550022244453430176e-01,1.742593795061111450e-01,2.562612891197204590e-01,2.438899278640747070e-01,1.081192269921302795e-01,1.833387017250061035e-01,-5.958971567451953888e-03,8.377557992935180664e-02,1.564728915691375732e-01,3.689862787723541260e-02,1.409394145011901855e-01,1.966046392917633057e-01,2.218155711889266968e-01,3.152886331081390381e-01,2.203126400709152222e-01,1.963366270065307617e-01,4.329622983932495117e-01,8.480097353458404541e-02,9.919265657663345337e-02,-4.548064619302749634e-02,3.903825283050537109e-01,3.851371705532073975e-01,3.305583596229553223e-01,3.038055300712585449e-01,9.159750491380691528e-02,-1.866365596652030945e-02,1.905227638781070709e-02,2.869770489633083344e-02,2.056575268507003784e-01,2.295717597007751465e-01,3.123054206371307373e-01,4.265651404857635498e-01,1.859527677297592163e-01,3.614931106567382812e-01,8.942776918411254883e-02,2.180243879556655884e-01,8.450144529342651367e-02,-1.261019855737686157e-01,1.311616301536560059e-01,2.984117716550827026e-02,8.264354616403579712e-02,2.410864531993865967e-01,1.959018111228942871e-01,3.001321256160736084e-01,1.626240015029907227e-01,8.561489731073379517e-02,-1.100873947143554688e-02
1.674923896789550781e-01,2.141153067350387573e-01,2.767737507820129395e-01,2.886066138744354248e-01,2.150004059076309204e-01,6.310482621192932129e-01,3.899399638175964355e-01,3.563224077224731445e-01,9.999997019767761230e-01,5.303605198860168457e-01,4.548053443431854248e-01,2.527151405811309814e-01,5.042415857315063477e-01,4.563790261745452881e-01,6.282408237457275391e-01,5.445132255554199219e-01,2.595047652721405029e-01,1.228282600641250610e-01,1.967462245374917984e-03,4.039293562527745962e-04,1.395411938428878784e-01,3.400817513465881348e-01,1.304452419281005859e-01,1.169104725122451782e-01,2.002735137939453125e-01,3.455269634723663330e-01,2.859173417091369629e-01,3.601428270339965820e-01,4.933016896247863770e-01,2.703352570533752441e-01,4.329524934291839600e-01,4.843103587627410889e-01,8.522190898656845093e-02,1.805742830038070679e-01,9.552571922540664673e-02,1.180962994694709778e-01,3.402388095855712891e-02,-2.344249747693538666e-02,-4.933596029877662659e-02,5.711205303668975830e-02,7.090544700622558594e-02,3.140203058719635010e-01,3.588160276412963867e-01,4.207016825675964355e-01,2.538921535015106201e-01,3.403137624263763428e-01,3.735789358615875244e-01,3.122155368328094482e-01,3.285789787769317627e-01,2.301181703805923462e-01,3.724519312381744385e-01,3.567042350769042969e-01,3.196229338645935059e-01,2.824316918849945068e-01,1.115494742989540100e-01,1.404875665903091431e-01,1.025877222418785095e-01,9.165488183498382568e-02,-3.335723653435707092e-02,-7.067524641752243042e-02,2.011313140392303467e-01,2.405634224414825439e-01,2.740343213081359863e-01,2.948493361473083496e-01,2.935829460620880127e-01,1.856847107410430908e-01,3.859456256031990051e-02,1.152984499931335449e-01,1.428848206996917725e-01,1.669627428054809570e-01,3.709780871868133545e-01,3.625578582286834717e-01,4.487608075141906738e-01,3.560667634010314941e-01,2.493838965892791748e-01,1.318330466747283936e-01,6.421643495559692383e-02,1.008733585476875305e-01,4.281625524163246155e-02,-4.958641901612281799e-02,1.939548254013061523e-01,1.028447002172470093e-01,3.763196170330047607e-01,3.145819902420043945e-01,2.239441275596618652e-01,2.904576063156127930e-01,1.368847489356994629e-01,3.407020866870880127e-02,1.725530251860618591e-02,1.341062039136886597e-01,3.572081327438354492e-01,3.454506397247314453e-01,4.822896420955657959e-01,3.681009113788604736e-01,-2.057973481714725494e-02,-3.359640017151832581e-02,1.039321199059486389e-01,1.965648382902145386e-01,3.650300800800323486e-01,3.831800520420074463e-01,3.708397448062896729e-01,2.569108903408050537e-01,3.802940249443054199e-01,4.855955392122268677e-02,1.721326708793640137e-01,7.482740283012390137e-02,-9.847006201744079590e-02,1.065754070878028870e-01,8.076421916484832764e-03,2.243434265255928040e-02,2.730634808540344238e-01,3.826081454753875732e-01,4.144526422023773193e-01,3.242013454437255859e-01,1.388688683509826660e-01,-7.192061096429824829e-02
1.563316434621810913e-01,2.033326774835586548e-01,2.808443605899810791e-01,4.479415118694305420e-01,3.918440267443656921e-02,5.505293011665344238e-01,3.557091057300567627e-01,5.322926640510559082e-01,5.303605198860168457e-01,9.999997019767761230e-01,2.664096951484680176e-01,4.227695763111114502e-01,4.025185406208038330e-01,5.463647246360778809e-01,4.127625823020935059e-01,6.074594259262084961e-01,1.553653180599212646e-01,1.070440039038658142e-01,1.115299761295318604e-01,9.975017607212066650e-02,1.072657853364944458e-01,2.817014753818511963e-01,3.105619549751281738e-01,3.888606131076812744e-01,4.665140435099601746e-02,2.190357595682144165e-01,2.789657413959503174e-01,4.040659964084625244e-01,2.826752364635467529e-01,1.365557461977005005e-01,2.874175310134887695e-01,4.366210699081420898e-01,4.623822122812271118e-02,1.796283423900604248e-01,1.319035291671752930e-01,1.016864106059074402e-01,-1.577268168330192566e-02,8.331951685249805450e-03,-5.449558794498443604e-02,-1.460549421608448029e-03,3.007607534527778625e-02,2.270957976579666138e-01,1.778838038444519043e-01,2.459410578012466431e-01,1.637188941240310669e-01,2.895020544528961182e-01,2.478942573070526123e-01,2.719928026199340820e-01,2.029328197240829468e-01,2.177789360284805298e-01,2.443493902683258057e-01,3.309216201305389404e-01,2.815148830413818359e-01,2.266830801963806152e-01,9.608211368322372437e-02,1.751307547092437744e-01,1.079662889242172241e-01,1.127332374453544617e-01,-9.161960333585739136e-03,2.768100798130035400e-02,1.982088387012481689e-01,2.612701058387756348e-01,1.566165983676910400e-01,2.417345494031906128e-01,3.590174913406372070e-01,4.249810576438903809e-01,1.897632144391536713e-02,1.754954010248184204e-01,1.943888664245605469e-01,2.492853105068206787e-01,1.698645204305648804e-01,1.952855885028839111e-01,2.573240995407104492e-01,1.762622445821762085e-01,1.585711687803268433e-01,-3.045760095119476318e-02,-5.067450553178787231e-02,1.962402649223804474e-02,1.843599043786525726e-02,7.847307622432708740e-02,1.727377623319625854e-01,1.702052205801010132e-01,3.041886389255523682e-01,2.369695305824279785e-01,3.001118004322052002e-01,4.380731284618377686e-01,1.638081669807434082e-01,4.650483280420303345e-02,7.365870475769042969e-02,4.168080389499664307e-01,3.396794199943542480e-01,3.442026376724243164e-01,4.573054015636444092e-01,3.028462231159210205e-01,-3.530344739556312561e-02,-4.472430795431137085e-02,2.086773142218589783e-02,1.098673865199089050e-01,1.602591276168823242e-01,2.229199856519699097e-01,3.652960658073425293e-01,1.517518460750579834e-01,3.034743964672088623e-01,6.658705323934555054e-02,1.162236481904983521e-01,4.597587883472442627e-02,-6.885805726051330566e-02,7.540044933557510376e-02,1.494164299219846725e-02,5.023021250963211060e-02,1.583331972360610962e-01,2.368213832378387451e-01,2.698070704936981201e-01,2.215708941221237183e-01,1.027269884943962097e-01,-2.901289053261280060e-02
3.793073296546936035e-01,3.553585708141326904e-01,2.616208791732788086e-01,2.332700490951538086e-01,2.320415675640106201e-01,4.535454809665679932e-01,4.180773198604583740e-01,2.924173474311828613e-01,4.548053443431854248e-01,2.664096951484680176e-01,1.000000238418579102e+00,3.946548998355865479e-01,6.338535547256469727e-01,4.129225313663482666e-01,4.997854828834533691e-01,4.650685191154479980e-01,5.933935046195983887e-01,4.722883403301239014e-01,2.922298312187194824e-01,2.945381999015808105e-01,-3.485381603240966797e-02,2.273328155279159546e-01,3.903779387474060059e-02,-3.488850966095924377e-02,1.078985184431076050e-01,1.398425102233886719e-01,1.262762248516082764e-01,1.529715806245803833e-01,5.551390051841735840e-01,4.127982556819915771e-01,3.021745979785919189e-01,2.703567147254943848e-01,3.094280362129211426e-01,3.357004821300506592e-01,2.460026368498802185e-02,1.301780641078948975e-01,1.290322244167327881e-01,-5.833685025572776794e-02,-4.783350508660078049e-03,1.819007992744445801e-01,1.914100050926208496e-01,4.047988057136535645e-01,4.360040128231048584e-01,4.770962297916412354e-01,3.178665339946746826e-01,4.201745688915252686e-01,4.145198762416839600e-01,4.326899647712707520e-01,3.460992276668548584e-01,2.473134845495223999e-01,3.550002574920654297e-01,3.131380975246429443e-01,2.952792048454284668e-01,3.086631894111633301e-01,2.487587630748748779e-01,2.757028937339782715e-01,4.082642793655395508e-01,3.574641942977905273e-01,2.286052107810974121e-01,5.441025644540786743e-02,4.141880571842193604e-01,3.552499115467071533e-01,5.348232388496398926e-01,4.877988994121551514e-01,7.310044765472412109e-02,-1.387584116309881210e-02,2.547383606433868408e-01,2.703687846660614014e-01,3.622776269912719727e-01,3.064374625682830811e-01,2.908939421176910400e-01,2.903003692626953125e-01,4.571095705032348633e-01,5.044596195220947266e-01,2.459593415260314941e-01,2.581472396850585938e-01,3.015619516372680664e-01,2.966784834861755371e-01,2.226023077964782715e-01,2.081922292709350586e-01,4.591255784034729004e-01,3.782514333724975586e-01,3.922798335552215576e-01,4.593384265899658203e-01,4.515213370323181152e-01,3.634061813354492188e-01,2.378189116716384888e-01,2.214252203702926636e-01,1.678503155708312988e-01,8.205935359001159668e-02,4.193804860115051270e-01,3.505960404872894287e-01,2.158741950988769531e-01,2.099409550428390503e-01,1.838802732527256012e-02,3.225871920585632324e-02,1.555488556623458862e-01,2.732568383216857910e-01,4.515078365802764893e-01,4.417082071304321289e-01,2.555845975875854492e-01,2.531313598155975342e-01,2.933122217655181885e-01,2.136566936969757080e-01,1.343878358602523804e-01,2.196322679519653320e-01,-5.021736770868301392e-02,1.136031672358512878e-01,-3.031646274030208588e-02,-1.775280758738517761e-02,2.341614216566085815e-01,4.689833819866180420e-01,3.750228285789489746e-01,3.391239643096923828e-01,1.643757671117782593e-01,-1.535595804452896118e-01
3.679192662239074707e-01,5.155117511749267578e-01,2.260999232530593872e-01,4.440236687660217285e-01,-5.413591489195823669e-02,2.972428500652313232e-01,3.930111825466156006e-01,5.281022191047668457e-01,2.527151405811309814e-01,4.227695763111114502e-01,3.946548998355865479e-01,1.000000238418579102e+00,3.999403417110443115e-01,5.270580649375915527e-01,2.523405849933624268e-01,4.326139986515045166e-01,3.837409317493438721e-01,4.643537402153015137e-01,4.256851077079772949e-01,4.473353922367095947e-01,-2.813181281089782715e-02,1.478936076164245605e-01,2.384558469057083130e-01,2.441781014204025269e-01,-2.009696662425994873e-01,-9.908875823020935059e-02,8.238528668880462646e-02,1.839190721511840820e-01,3.308086693286895752e-01,2.480011433362960815e-01,1.574638038873672485e-01,2.077659368515014648e-01,1.825528740882873535e-01,3.187420964241027832e-01,3.656377270817756653e-02,4.866452887654304504e-02,7.449133694171905518e-02,-1.011120751500129700e-01,9.277830831706523895e-03,1.517255306243896484e-01,8.958704024553298950e-02,2.811512947082519531e-01,2.719998061656951904e-01,2.795073390007019043e-01,2.686798274517059326e-01,3.939943015575408936e-01,3.330027759075164795e-01,3.649556934833526611e-01,3.516814708709716797e-01,3.808250427246093750e-01,3.262011706829071045e-01,3.282081782817840576e-01,3.086083531379699707e-01,3.061146736145019531e-01,1.932204812765121460e-01,3.021815717220306396e-01,3.077816665172576904e-01,3.952493071556091309e-01,2.031690180301666260e-01,2.207939922809600830e-01,4.038784205913543701e-01,5.274899601936340332e-01,3.437339067459106445e-01,5.375775694847106934e-01,2.662373781204223633e-01,3.388068974018096924e-01,1.798369437456130981e-01,2.160803824663162231e-01,4.250771701335906982e-01,3.420579731464385986e-01,4.214702919125556946e-02,1.398643255233764648e-01,2.687130272388458252e-01,2.238734215497970581e-01,2.472604215145111084e-01,4.746263101696968079e-02,1.631840765476226807e-01,2.115067541599273682e-01,1.904438436031341553e-01,2.895458042621612549e-01,3.166848719120025635e-01,4.005450606346130371e-01,3.209517896175384521e-01,3.320619165897369385e-01,3.460878729820251465e-01,4.857664108276367188e-01,4.586103931069374084e-02,6.096525117754936218e-02,6.227114051580429077e-02,4.271592199802398682e-01,3.854379355907440186e-01,2.168987691402435303e-01,1.758186966180801392e-01,2.825908921658992767e-02,-4.233925044536590576e-02,4.907451197504997253e-02,2.478872612118721008e-02,1.772531121969223022e-01,2.106501311063766479e-01,2.299845367670059204e-01,3.358203768730163574e-01,1.602516472339630127e-01,3.872021436691284180e-01,1.090590357780456543e-01,2.343986779451370239e-01,1.167626604437828064e-01,3.456382546573877335e-03,5.679801106452941895e-02,-6.295638158917427063e-03,5.469562858343124390e-02,1.836837530136108398e-01,1.505788713693618774e-01,1.684947460889816284e-01,7.480446249246597290e-02,1.044671088457107544e-01,-1.857366226613521576e-02
3.704791367053985596e-01,3.896409869194030762e-01,3.409531712532043457e-01,2.080195248126983643e-01,-1.494213566184043884e-02,3.586473464965820312e-01,5.075579881668090820e-01,3.228818476200103760e-01,5.042415857315063477e-01,4.025185406208038330e-01,6.338535547256469727e-01,3.999403417110443115e-01,9.999997615814208984e-01,5.914363861083984375e-01,5.925970077514648438e-01,4.953924715518951416e-01,3.512500226497650146e-01,2.615621685981750488e-01,2.768694758415222168e-01,1.536009907722473145e-01,2.161253988742828369e-01,3.672438859939575195e-01,3.129107952117919922e-01,1.784095317125320435e-01,1.549516916275024414e-01,1.235493719577789307e-01,3.657027184963226318e-01,3.891360759735107422e-01,3.943352997303009033e-01,1.833872199058532715e-01,3.202379345893859863e-01,3.153564035892486572e-01,1.685435026884078979e-01,2.035928219556808472e-01,-1.007933728396892548e-02,5.247025564312934875e-02,1.741399317979812622e-01,-1.853657327592372894e-02,-1.558509934693574905e-02,2.077735811471939087e-01,1.941848248243331909e-01,3.378343284130096436e-01,4.928508698940277100e-01,5.160334706306457520e-01,3.540608584880828857e-01,4.453237354755401611e-01,4.704158902168273926e-01,4.824097752571105957e-01,4.366949796676635742e-01,3.761830925941467285e-01,5.367668271064758301e-01,4.903082549571990967e-01,4.070601165294647217e-01,4.052209258079528809e-01,3.089900314807891846e-01,3.551796972751617432e-01,2.962571978569030762e-01,2.846078872680664062e-01,6.927764415740966797e-02,7.590043544769287109e-02,3.328053355216979980e-01,2.483138591051101685e-01,2.546279132366180420e-01,3.027950525283813477e-01,2.638812363147735596e-01,1.487378776073455811e-01,1.356946080923080444e-01,1.510731875896453857e-01,3.282240331172943115e-01,2.999920248985290527e-01,2.808956503868103027e-01,2.409367114305496216e-01,3.989426195621490479e-01,2.956880033016204834e-01,1.953723281621932983e-01,4.769808426499366760e-02,1.061575114727020264e-01,9.285610914230346680e-02,1.789346486330032349e-01,1.045561805367469788e-01,2.748689949512481689e-01,2.418004423379898071e-01,5.110265612602233887e-01,4.043097496032714844e-01,5.213714838027954102e-01,4.339384436607360840e-01,3.304189145565032959e-01,2.391439676284790039e-01,2.540206015110015869e-01,2.812069356441497803e-01,4.374230504035949707e-01,3.801264762878417969e-01,3.290849626064300537e-01,3.612075746059417725e-01,-7.955585420131683350e-02,-3.868757188320159912e-02,9.457085281610488892e-02,2.389044016599655151e-01,3.854199945926666260e-01,3.660718500614166260e-01,2.877469062805175781e-01,3.302281498908996582e-01,3.112852573394775391e-01,1.650818884372711182e-01,2.397142350673675537e-01,2.412581890821456909e-01,-4.475225880742073059e-02,9.600720554590225220e-02,-4.518904909491539001e-02,-5.924990028142929077e-02,2.434797137975692749e-01,3.942644596099853516e-01,4.204131662845611572e-01,3.564454317092895508e-01,2.234648317098617554e-01,-1.176331341266632080e-01
