1.000000000000000000e+00,3.883606195449829102e-01,3.344779908657073975e-01,2.140731364488601685e-01,2.283179908990859985e-01,1.297439336776733398e-01,3.912751972675323486e-01,2.228194326162338257e-01,1.552998572587966919e-01,-3.708396852016448975e-02,3.141760528087615967e-01,2.077820599079132080e-01,2.163852453231811523e-01,-9.377899020910263062e-02,1.310909986495971680e-01,-1.387505829334259033e-01,4.253243803977966309e-01,3.402948081493377686e-01,9.470228105783462524e-02,9.318096935749053955e-02,-7.329677045345306396e-02,-8.496554195880889893e-02,2.907312214374542236e-01,3.035977184772491455e-01,2.917606830596923828e-01,2.962269186973571777e-01,1.648798137903213501e-01,1.421319693326950073e-01,4.084940254688262939e-01,-1.910890042781829834e-01,2.457592487335205078e-01,2.803538441658020020e-01,1.065550744533538818e-01,8.279693126678466797e-02,1.784059107303619385e-01,1.932072341442108154e-01,3.695670664310455322e-01,1.029920652508735657e-01,4.016535282135009766e-01,8.160101622343063354e-02,1.680454313755035400e-01,-1.835652142763137817e-01,2.233008109033107758e-02,1.627028733491897583e-01,-9.173242002725601196e-02,-7.162893563508987427e-02,2.728872597217559814e-01,3.005782067775726318e-01,7.586088776588439941e-02,9.691475331783294678e-02,3.170309662818908691e-01,-2.787800133228302002e-02,1.719387322664260864e-01,-1.533518880605697632e-01,2.449966073036193848e-01,6.827680021524429321e-02,5.407543778419494629e-01,1.836933642625808716e-01,1.697325706481933594e-01,4.728765040636062622e-02,4.360901713371276855e-01,5.926486849784851074e-02,3.568333983421325684e-01,3.278557211160659790e-02,4.699328839778900146e-01,1.147316694259643555e-01,3.725415170192718506e-01,3.393910527229309082e-01,1.627566665410995483e-01,7.468238472938537598e-02,2.097387909889221191e-01,2.428485602140426636e-01,1.808196157217025757e-01,-1.405986249446868896e-01,1.681987345218658447e-01,-1.075918599963188171e-01,2.367656230926513672e-01,8.874714374542236328e-02,4.640623927116394043e-01,3.803967684507369995e-02,4.992865324020385742e-01,3.372716903686523438e-01,1.452776789665222168e-01,-1.671669632196426392e-01,4.092524945735931396e-01,2.804296314716339111e-01,-1.135011669248342514e-02,-1.428368836641311646e-01,2.171797454357147217e-01,9.589039534330368042e-02,7.668095827102661133e-02,-1.082616299390792847e-01,-8.190809190273284912e-02,-5.873728170990943909e-02,2.699923813343048096e-01,2.787503898143768311e-01,3.953514993190765381e-01,3.096488714218139648e-01,2.871072888374328613e-01,1.790781021118164062e-01,1.763793528079986572e-01,7.905603945255279541e-02,3.650495409965515137e-01,3.077670335769653320e-01,2.418228983879089355e-01,2.761124372482299805e-01,2.998470664024353027e-01,1.290169954299926758e-01,1.806000173091888428e-01,2.410645931959152222e-01,2.590427100658416748e-01,1.623940169811248779e-01,1.232721060514450073e-01,2.828708589076995850e-01,2.532537579536437988e-01,1.366869658231735229e-01
3.883606195449829102e-01,9.999998211860656738e-01,2.397376298904418945e-01,2.871057689189910889e-01,1.481831967830657959e-01,1.698944121599197388e-01,7.311331480741500854e-02,4.053357839584350586e-01,1.410825848579406738e-01,1.732795834541320801e-01,2.871459126472473145e-01,4.991456866264343262e-01,1.008969843387603760e-01,2.438365221023559570e-01,2.836473472416400909e-02,2.071196436882019043e-01,1.829833984375000000e-01,5.140250921249389648e-01,6.964342296123504639e-02,1.432653814554214478e-01,6.274498254060745239e-02,1.800215616822242737e-02,2.340271919965744019e-01,1.829604357481002808e-01,2.180864363908767700e-01,1.496775448322296143e-01,1.252670437097549438e-01,-1.242746785283088684e-02,2.033421695232391357e-01,2.305273711681365967e-01,2.662427425384521484e-01,2.697761058807373047e-01,1.821383982896804810e-01,1.682352423667907715e-01,9.364534914493560791e-02,1.780857592821121216e-01,1.850749999284744263e-01,3.206505179405212402e-01,2.678113281726837158e-01,2.657153904438018799e-01,-4.433603212237358093e-02,1.306938566267490387e-02,-1.764711737632751465e-01,5.843744799494743347e-02,-1.503885537385940552e-01,1.005431171506643295e-02,1.308651864528656006e-01,2.038289308547973633e-01,3.321797400712966919e-02,2.424110025167465210e-01,1.126433461904525757e-01,1.429552733898162842e-01,-5.349416285753250122e-02,-7.567742466926574707e-02,2.288920581340789795e-01,3.536607623100280762e-01,3.357236385345458984e-01,6.296969056129455566e-01,1.881790161132812500e-01,3.605834245681762695e-01,2.338164150714874268e-01,3.717686533927917480e-01,9.025370702147483826e-03,2.124209702014923096e-01,2.137212902307510376e-01,3.981029987335205078e-01,3.394547104835510254e-01,4.496837556362152100e-01,1.723987758159637451e-01,1.832705140113830566e-01,9.985838085412979126e-02,3.045317828655242920e-01,-1.927649718709290028e-04,1.393393874168395996e-01,6.689284741878509521e-02,1.695551872253417969e-01,2.788425385951995850e-01,3.502111434936523438e-01,2.196764498949050903e-01,2.350931018590927124e-01,2.143657803535461426e-01,4.371197223663330078e-01,1.021186485886573792e-01,1.571731865406036377e-01,2.198805361986160278e-01,4.594652950763702393e-01,4.100669920444488525e-02,8.959820121526718140e-02,2.115591764450073242e-01,3.091616630554199219e-01,1.569847762584686279e-01,4.329582303762435913e-02,9.244700521230697632e-02,5.412682890892028809e-02,3.488490879535675049e-01,3.213395178318023682e-01,3.327114880084991455e-01,4.169725477695465088e-01,3.252886533737182617e-01,3.548184931278228760e-01,2.268946319818496704e-01,1.619910746812820435e-01,3.293537497520446777e-01,3.321428596973419189e-01,2.848042547702789307e-01,3.007723093032836914e-01,2.429734170436859131e-01,2.713783979415893555e-01,3.253689706325531006e-01,3.324094414710998535e-01,1.602958589792251587e-01,1.985161453485488892e-01,2.340489029884338379e-01,3.717500865459442139e-01,2.646172344684600830e-01,2.630592286586761475e-01
3.344779908657073975e-01,2.397376298904418945e-01,9.999998211860656738e-01,6.709132194519042969e-01,6.588528305292129517e-02,-1.949096843600273132e-02,5.791134238243103027e-01,5.424656271934509277e-01,-5.768232792615890503e-02,-1.649198681116104126e-01,2.845898866653442383e-01,1.562567353248596191e-01,3.378542363643646240e-01,1.943994909524917603e-01,-4.874109476804733276e-02,-2.120079845190048218e-01,2.676031887531280518e-01,2.928114235401153564e-01,-1.224216371774673462e-01,-2.243725582957267761e-02,-6.310836225748062134e-02,2.194012515246868134e-02,6.806269884109497070e-01,6.783483028411865234e-01,2.037857919931411743e-01,2.271450906991958618e-01,-8.485768735408782959e-02,-3.804424032568931580e-02,3.650424480438232422e-01,1.001705452799797058e-01,4.739922583103179932e-01,4.523861408233642578e-01,3.651672229170799255e-02,4.806793853640556335e-02,9.894038736820220947e-02,1.055924072861671448e-01,2.329123467206954956e-01,1.490625143051147461e-01,3.055345416069030762e-01,1.719794720411300659e-01,1.774488985538482666e-01,-9.784778207540512085e-02,-6.439072638750076294e-02,7.352683693170547485e-02,-2.303729206323623657e-01,-1.857297867536544800e-01,1.139096915721893311e-01,2.370385974645614624e-01,-1.290807873010635376e-01,8.814413100481033325e-02,1.767895966768264771e-01,1.217998266220092773e-01,3.295109048485755920e-02,-6.804162263870239258e-02,4.433592855930328369e-01,2.786055803298950195e-01,1.586020886898040771e-01,4.042681306600570679e-02,7.488139718770980835e-02,5.999059230089187622e-02,1.596936285495758057e-01,1.700295060873031616e-01,3.042766451835632324e-01,1.593301296234130859e-01,2.417525500059127808e-01,1.453389078378677368e-01,1.101751718670129776e-02,8.267187327146530151e-02,7.638353109359741211e-02,2.318245358765125275e-02,1.023152321577072144e-01,2.745415270328521729e-01,-6.258033961057662964e-02,-5.153040587902069092e-02,-1.644192934036254883e-01,-1.175499707460403442e-01,7.153962552547454834e-02,1.505451947450637817e-01,2.602759003639221191e-01,7.451465725898742676e-02,4.048781096935272217e-01,3.484469354152679443e-01,9.844059124588966370e-03,-1.291245371103286743e-01,2.524739205837249756e-01,1.764370650053024292e-01,-1.943446099758148193e-01,-2.620838880538940430e-01,2.159529626369476318e-01,1.121686920523643494e-01,3.656000494956970215e-01,1.901722252368927002e-01,1.400237530469894409e-01,-3.138517960906028748e-02,3.025096654891967773e-01,3.919232487678527832e-01,4.659136533737182617e-01,4.566399157047271729e-01,4.900789558887481689e-01,4.673678278923034668e-01,3.945688307285308838e-01,5.042099580168724060e-02,5.049691200256347656e-01,3.828243613243103027e-01,5.019543766975402832e-01,4.388734698295593262e-01,3.448599278926849365e-01,2.353266179561614990e-01,2.262677401304244995e-01,3.934111893177032471e-01,2.429483532905578613e-01,2.716595828533172607e-01,3.231388926506042480e-01,4.338626265525817871e-01,4.771664738655090332e-01,3.384022414684295654e-01
2.140731364488601685e-01,2.871057689189910889e-01,6.709132194519042969e-01,1.000000357627868652e+00,-1.015715897083282471e-01,-6.353420019149780273e-02,3.983992934226989746e-01,5.108117461204528809e-01,-1.455001533031463623e-01,-1.617956757545471191e-01,1.929188966751098633e-01,7.638698071241378784e-02,1.475975364446640015e-01,1.658537685871124268e-01,-1.429142802953720093e-01,-2.048674374818801880e-01,1.489631682634353638e-01,1.974392235279083252e-01,7.203671336174011230e-02,2.269645482301712036e-01,-7.839931547641754150e-02,-4.472692497074604034e-03,5.952289104461669922e-01,6.299339532852172852e-01,1.306187063455581665e-01,1.608341038227081299e-01,-1.527778953313827515e-01,-1.202990412712097168e-01,2.642643451690673828e-01,9.273152053356170654e-02,3.880564868450164795e-01,4.333090484142303467e-01,4.238615557551383972e-02,6.457594037055969238e-02,1.244405359029769897e-01,2.076305747032165527e-01,2.703619003295898438e-01,2.665053904056549072e-01,3.044695854187011719e-01,2.035722583532333374e-01,1.815337538719177246e-01,-6.562309805303812027e-03,-3.945628181099891663e-02,1.677554100751876831e-02,-1.717797964811325073e-01,-1.145432740449905396e-01,7.801824808120727539e-02,2.407510578632354736e-01,-2.752882055938243866e-02,9.595818817615509033e-02,1.383653134107589722e-01,5.887633562088012695e-02,-4.856741987168788910e-03,-1.441250555217266083e-02,3.382003009319305420e-01,3.485619127750396729e-01,5.331895872950553894e-02,1.219751909375190735e-01,1.064914911985397339e-01,8.668129146099090576e-02,8.288066089153289795e-02,1.732443720102310181e-01,1.617904156446456909e-01,1.872237026691436768e-01,1.687421649694442749e-01,1.297734528779983521e-01,-8.670614915899932384e-04,1.295682787895202637e-01,1.624480783939361572e-01,2.201131284236907959e-01,9.109875187277793884e-03,2.444727867841720581e-01,-2.194281294941902161e-02,-7.320006377995014191e-03,-7.403384894132614136e-02,-1.031650137156248093e-02,6.932807713747024536e-02,1.470209807157516479e-01,1.623919159173965454e-01,1.169975399971008301e-01,1.947533041238784790e-01,2.372455894947052002e-01,-1.383043825626373291e-01,-1.742269247770309448e-01,4.128493368625640869e-02,5.774771422147750854e-02,-2.521346509456634521e-01,-2.623492181301116943e-01,3.746634721755981445e-02,4.507631063461303711e-02,2.020808458328247070e-01,1.013125479221343994e-01,-9.793382138013839722e-03,-7.146902382373809814e-02,2.379856258630752563e-01,2.951946556568145752e-01,4.645318984985351562e-01,4.850958883762359619e-01,4.007834196090698242e-01,4.483194053173065186e-01,2.354699224233627319e-01,3.773099044337868690e-03,3.340505659580230713e-01,2.576329410076141357e-01,3.925334811210632324e-01,4.052643775939941406e-01,2.783701121807098389e-01,1.975563466548919678e-01,2.860088348388671875e-01,3.514219820499420166e-01,2.661116719245910645e-01,2.940711081027984619e-01,2.650848627090454102e-01,3.535894751548767090e-01,3.683674931526184082e-01,2.788961231708526611e-01
2.283179908990859985e-01,1.481831967830657959e-01,6.588528305292129517e-02,-1.015715897083282471e-01,1.000000476837158203e+00,6.527712941169738770e-01,2.857815623283386230e-01,5.404502898454666138e-02,7.866479754447937012e-01,5.669788122177124023e-01,2.652344107627868652e-01,2.227100580930709839e-01,4.450649917125701904e-01,1.574280261993408203e-01,6.731238961219787598e-01,4.552071988582611084e-01,3.288426697254180908e-01,2.852525413036346436e-01,-8.332266658544540405e-02,-8.066173642873764038e-02,-5.076133180409669876e-03,1.614299044013023376e-02,3.216658905148506165e-02,-1.278033759444952011e-02,6.224892139434814453e-01,6.146215796470642090e-01,6.406006813049316406e-01,6.092858314514160156e-01,4.158951640129089355e-01,1.592833697795867920e-01,2.862223684787750244e-01,1.936104446649551392e-01,6.571692228317260742e-02,-3.263912163674831390e-03,-5.436903983354568481e-02,-2.975895255804061890e-02,1.678460836410522461e-01,1.314931511878967285e-01,3.199597299098968506e-01,2.212425619363784790e-01,2.072818875312805176e-01,6.785945594310760498e-02,-1.327846497297286987e-01,-6.013379432260990143e-03,6.914604455232620239e-02,1.189039945602416992e-01,8.562987297773361206e-02,3.743384033441543579e-02,2.207409031689167023e-02,1.203819885849952698e-01,2.419844083487987518e-02,1.545478682965040207e-02,2.817494869232177734e-01,1.107371598482131958e-01,4.030165672302246094e-01,2.014224082231521606e-01,3.582912385463714600e-01,2.395248115062713623e-01,2.953049540519714355e-01,2.239145934581756592e-01,2.347358018159866333e-01,1.976014226675033569e-01,2.429401278495788574e-01,2.115390896797180176e-01,-4.994202777743339539e-02,9.360086917877197266e-02,2.900033891201019287e-01,1.373101025819778442e-01,-3.367356956005096436e-02,-3.524342179298400879e-02,9.321928024291992188e-02,8.491787314414978027e-02,1.771911829710006714e-01,-1.213767379522323608e-01,-5.454382672905921936e-02,-1.850190013647079468e-01,1.114807054400444031e-01,1.439410001039505005e-01,1.679284274578094482e-01,1.074372008442878723e-01,3.899638056755065918e-01,3.115360736846923828e-01,7.456158995628356934e-01,3.787706196308135986e-01,3.982098996639251709e-01,2.400108277797698975e-01,6.366047263145446777e-01,5.125630497932434082e-01,5.700128078460693359e-01,4.675564765930175781e-01,2.762192487716674805e-01,2.162884622812271118e-01,2.396781295537948608e-01,2.295331507921218872e-01,2.041006982326507568e-01,1.938542872667312622e-01,2.325472235679626465e-01,2.143961042165756226e-01,1.236126720905303955e-01,1.496997382491827011e-02,7.030951231718063354e-02,3.108929097652435303e-01,1.655272692441940308e-01,2.102028280496597290e-01,1.261911094188690186e-01,3.626542538404464722e-02,1.868959963321685791e-01,2.801842987537384033e-02,1.742316484451293945e-01,1.185176596045494080e-01,1.589141786098480225e-01,1.756159961223602295e-01,7.664018124341964722e-02,1.000443771481513977e-01,1.952438950538635254e-01,1.808407455682754517e-01
1.297439336776733398e-01,1.698944121599197388e-01,-1.949096843600273132e-02,-6.353420019149780273e-02,6.527712941169738770e-01,1.000000000000000000e+00,8.686489611864089966e-02,1.938884854316711426e-01,6.118919253349304199e-01,7.885987162590026855e-01,4.253610596060752869e-02,1.955366879701614380e-01,1.895287483930587769e-01,3.293916285037994385e-01,4.766613543033599854e-01,6.653452515602111816e-01,1.515574008226394653e-01,2.326127588748931885e-01,-1.253178417682647705e-01,-8.810931444168090820e-02,-6.082766130566596985e-02,9.682626277208328247e-02,1.166168414056301117e-02,1.335835270583629608e-02,6.039680838584899902e-01,6.168323755264282227e-01,5.513545870780944824e-01,7.347680926322937012e-01,2.479126751422882080e-01,2.376284599304199219e-01,2.270326912403106689e-01,2.518016695976257324e-01,4.567037522792816162e-02,-3.655750304460525513e-02,1.536112651228904724e-02,1.243510767817497253e-01,1.098076328635215759e-01,1.325031518936157227e-01,1.734104752540588379e-01,3.548650145530700684e-01,1.364863961935043335e-01,2.120506763458251953e-01,-1.442525237798690796e-01,1.310235075652599335e-02,-2.969981357455253601e-02,8.370442688465118408e-02,4.686506465077400208e-02,8.379567414522171021e-02,-9.535599499940872192e-02,3.780142962932586670e-02,6.221106648445129395e-02,2.595547586679458618e-02,1.805832833051681519e-01,2.809057235717773438e-01,2.054973393678665161e-01,3.613923788070678711e-01,3.046143352985382080e-01,3.587114214897155762e-01,3.306665122509002686e-01,1.923344880342483521e-01,2.177733629941940308e-01,2.799162268638610840e-01,2.084653973579406738e-01,4.488206207752227783e-01,4.251769930124282837e-02,1.225024685263633728e-01,2.866530418395996094e-01,1.501018404960632324e-01,-5.415349081158638000e-02,-5.229276791214942932e-02,6.688681244850158691e-02,1.544792950153350830e-01,5.047954991459846497e-02,-6.801682710647583008e-02,-2.382605150341987610e-02,-1.400993615388870239e-01,1.403449028730392456e-01,2.146290838718414307e-01,8.887290209531784058e-02,-2.963615581393241882e-02,2.689725160598754883e-01,3.712124526500701904e-01,5.328540205955505371e-01,5.886654257774353027e-01,2.521979212760925293e-01,2.122288942337036133e-01,4.965054988861083984e-01,6.946542859077453613e-01,3.556036949157714844e-01,5.131492614746093750e-01,1.361570805311203003e-01,2.585819363594055176e-01,6.301056593656539917e-02,1.670361757278442383e-01,1.447298973798751831e-01,1.488407552242279053e-01,1.327079087495803833e-01,2.758973836898803711e-01,-3.043898008763790131e-02,4.949267953634262085e-02,-4.055118933320045471e-02,2.897074818611145020e-01,7.218080013990402222e-02,1.394220888614654541e-01,1.045517027378082275e-01,1.050528287887573242e-01,1.242174208164215088e-01,9.459518641233444214e-02,2.685433924198150635e-01,1.476929783821105957e-01,2.486589699983596802e-01,2.176577299833297729e-01,-7.754060905426740646e-03,3.292374685406684875e-02,1.268561929464340210e-01,1.417778432369232178e-01
3.912751972675323486e-01,7.311331480741500854e-02,5.791134238243103027e-01,3.983992934226989746e-01,2.857815623283386230e-01,8.686489611864089966e-02,1.000000119209289551e+00,4.183045625686645508e-01,1.603106856346130371e-01,-9.672646224498748779e-02,3.350950181484222412e-01,2.003190666437149048e-01,5.054169893264770508e-01,2.009390443563461304e-01,2.402728646993637085e-01,-1.041571572422981262e-01,3.293710350990295410e-01,2.582810223102569580e-01,-1.231082677841186523e-01,-5.729088187217712402e-02,3.485336899757385254e-02,-4.432635381817817688e-02,4.834651052951812744e-01,4.868122637271881104e-01,3.045751452445983887e-01,3.487756848335266113e-01,1.560150980949401855e-01,1.389623582363128662e-01,3.669198155403137207e-01,5.179858207702636719e-02,3.947029709815979004e-01,3.262923657894134521e-01,-3.565331548452377319e-02,2.877975441515445709e-02,1.239335834980010986e-01,1.142536029219627380e-01,2.318291515111923218e-01,8.410799503326416016e-02,2.669701576232910156e-01,8.812668919563293457e-02,2.206751108169555664e-01,-5.507173761725425720e-02,-5.849339067935943604e-02,-3.378687053918838501e-02,-1.558948457241058350e-01,-1.997966319322586060e-01,1.327992510050535202e-02,5.886646360158920288e-02,-1.395983099937438965e-01,-1.448361948132514954e-02,2.876843884587287903e-02,-1.595365628600120544e-02,1.189581900835037231e-01,-5.028018355369567871e-02,3.341183662414550781e-01,6.940086930990219116e-02,2.020264118909835815e-01,8.088230155408382416e-03,1.632444709539413452e-01,1.396750360727310181e-01,1.578744649887084961e-01,1.109940558671951294e-01,3.879263401031494141e-01,1.581495851278305054e-01,1.159657686948776245e-01,-1.648609526455402374e-02,2.815078012645244598e-02,4.817528277635574341e-02,1.563410088419914246e-02,-9.274859726428985596e-02,1.955439597368240356e-01,2.009162008762359619e-01,1.247023642063140869e-01,-2.971305139362812042e-02,-1.401452231220901012e-03,-6.297591328620910645e-02,1.104503944516181946e-01,8.022174239158630371e-02,2.032142728567123413e-01,2.098500169813632965e-02,3.915974795818328857e-01,2.773897051811218262e-01,2.203435748815536499e-01,-4.359003528952598572e-02,2.199751138687133789e-01,9.354297816753387451e-02,2.891075052320957184e-02,-1.178534701466560364e-01,2.326629757881164551e-01,1.985094696283340454e-01,3.167498707771301270e-01,1.958928853273391724e-01,1.171200573444366455e-01,6.500234454870223999e-02,1.421355903148651123e-01,2.718262374401092529e-01,3.042445778846740723e-01,2.641099393367767334e-01,2.855600714683532715e-01,1.750875413417816162e-01,1.770851910114288330e-01,1.148641034960746765e-01,3.135821521282196045e-01,2.693009674549102783e-01,3.132963478565216064e-01,2.691357135772705078e-01,2.008917778730392456e-01,4.669204726815223694e-02,8.149667084217071533e-02,2.285843789577484131e-01,1.887245327234268188e-01,1.445715129375457764e-01,7.131249457597732544e-02,2.660650610923767090e-01,3.405437171459197998e-01,2.276070564985275269e-01
2.228194326162338257e-01,4.053357839584350586e-01,5.424656271934509277e-01,5.108117461204528809e-01,5.404502898454666138e-02,1.938884854316711426e-01,4.183045625686645508e-01,1.000000119209289551e+00,-7.874379307031631470e-02,9.353972226381301880e-02,3.290545940399169922e-01,3.898276686668395996e-01,3.311945497989654541e-01,5.911132097244262695e-01,-6.530229002237319946e-02,1.449039280414581299e-01,2.537575960159301758e-01,3.803249895572662354e-01,-1.905862987041473389e-02,7.165390998125076294e-02,2.494914922863245010e-03,6.329843401908874512e-02,4.637245833873748779e-01,5.272902250289916992e-01,1.944421678781509399e-01,2.441107183694839478e-01,-2.468464523553848267e-02,4.622808098793029785e-02,2.400487065315246582e-01,3.238393962383270264e-01,3.121892213821411133e-01,3.516050279140472412e-01,7.362020760774612427e-02,7.799588143825531006e-02,-9.245759993791580200e-02,1.109754014760255814e-02,2.324688881635665894e-01,2.004645913839340210e-01,2.162731587886810303e-01,2.685163021087646484e-01,7.574620097875595093e-02,2.250239998102188110e-02,-1.934333890676498413e-01,-7.434641569852828979e-02,-2.670233249664306641e-01,-2.252514660358428955e-01,-1.261188685894012451e-01,5.149625986814498901e-02,-1.144572049379348755e-01,-1.756243221461772919e-02,2.243566326797008514e-02,3.473750129342079163e-02,-1.392259299755096436e-01,-1.452508755028247833e-02,2.799924910068511963e-01,3.737003207206726074e-01,1.251878142356872559e-01,2.593474090099334717e-01,2.858494818210601807e-01,2.346257865428924561e-01,2.852568924427032471e-01,4.221015274524688721e-01,2.089992612600326538e-01,4.690078198909759521e-01,2.306552529335021973e-01,1.436386257410049438e-01,7.142675668001174927e-02,1.443949043750762939e-01,1.267391294240951538e-01,3.335897997021675110e-02,1.353914439678192139e-01,3.735973834991455078e-01,-3.058427944779396057e-02,7.250746339559555054e-02,1.710461825132369995e-02,5.107478052377700806e-02,2.211068719625473022e-01,3.409050703048706055e-01,1.421950161457061768e-01,1.113392859697341919e-01,2.560919523239135742e-01,3.417282104492187500e-01,1.329599134624004364e-02,1.923665553331375122e-01,1.639097183942794800e-01,2.164567857980728149e-01,-1.955731958150863647e-01,4.004644602537155151e-02,1.997884511947631836e-01,3.764637708663940430e-01,2.576842904090881348e-01,3.643110394477844238e-01,4.059661552309989929e-02,1.047743484377861023e-01,3.240767419338226318e-01,4.283457994461059570e-01,3.385591208934783936e-01,4.347051382064819336e-01,3.265932798385620117e-01,4.147092401981353760e-01,1.601080596446990967e-01,-1.018520677462220192e-03,2.817279696464538574e-01,2.137722969055175781e-01,2.843370139598846436e-01,2.592540681362152100e-01,1.780901998281478882e-01,1.972924917936325073e-01,2.638208568096160889e-01,4.442422091960906982e-01,1.946967542171478271e-01,1.196908056735992432e-01,1.457481384277343750e-01,3.437860608100891113e-01,1.954116225242614746e-01,2.306152135133743286e-01
1.552998572587966919e-01,1.410825848579406738e-01,-5.768232792615890503e-02,-1.455001533031463623e-01,7.866479754447937012e-01,6.118919253349304199e-01,1.603106856346130371e-01,-7.874379307031631470e-02,1.000000119209289551e+00,6.159406304359436035e-01,2.300495803356170654e-01,1.224181428551673889e-01,3.581078350543975830e-01,7.647617254406213760e-03,7.782590389251708984e-01,4.998160004615783691e-01,2.665078938007354736e-01,2.135092765092849731e-01,-3.242457658052444458e-02,-5.026097968220710754e-02,9.591840952634811401e-02,7.926994562149047852e-02,-1.068164557218551636e-01,-2.060482203960418701e-01,4.949456453323364258e-01,4.918466508388519287e-01,6.015723943710327148e-01,5.437265038490295410e-01,3.171874880790710449e-01,8.695678412914276123e-02,2.193568795919418335e-01,1.143865436315536499e-01,1.047563776373863220e-01,2.598439715802669525e-02,-1.309165731072425842e-02,2.510726219043135643e-03,1.290117502212524414e-01,9.419038146734237671e-02,2.737407386302947998e-01,2.197405993938446045e-01,2.011212408542633057e-01,5.731355026364326477e-02,-1.324679106473922729e-01,7.673359010368585587e-03,6.540210545063018799e-02,1.539424657821655273e-01,1.136694177985191345e-01,-8.317076717503368855e-04,-2.294295094907283783e-02,6.309266388416290283e-02,1.137387193739414215e-02,-1.050095446407794952e-02,2.847170531749725342e-01,6.811519712209701538e-02,3.476779162883758545e-01,1.895353794097900391e-01,3.560836017131805420e-01,2.582938075065612793e-01,1.534624844789505005e-01,1.615137308835983276e-01,1.887685954570770264e-01,1.452011168003082275e-01,2.345468550920486450e-01,1.408483535051345825e-01,-5.591217800974845886e-02,1.029794514179229736e-01,2.049920260906219482e-01,8.197371661663055420e-02,-6.237803027033805847e-02,1.477115042507648468e-02,7.113087922334671021e-02,2.170412614941596985e-02,1.708972007036209106e-01,-1.102182492613792419e-01,-4.951483011245727539e-02,-1.811440289020538330e-01,9.861264377832412720e-02,9.842380136251449585e-02,1.341310888528823853e-01,8.440223336219787598e-02,3.042328953742980957e-01,2.585738003253936768e-01,7.589944005012512207e-01,3.919861316680908203e-01,3.342610299587249756e-01,2.007551789283752441e-01,7.146067619323730469e-01,5.335597395896911621e-01,5.291298627853393555e-01,3.721327781677246094e-01,3.110574781894683838e-01,1.851464807987213135e-01,3.058359324932098389e-01,1.876296997070312500e-01,1.980785578489303589e-01,1.113576740026473999e-01,1.556479930877685547e-01,1.205298751592636108e-01,6.983962655067443848e-02,-2.729051932692527771e-02,5.933798849582672119e-02,3.342148065567016602e-01,1.211882382631301880e-01,1.565687656402587891e-01,6.797437369823455811e-02,3.921256400644779205e-03,1.339465826749801636e-01,-2.144465781748294830e-02,2.304798364639282227e-01,6.618469208478927612e-02,7.860987633466720581e-02,1.447997689247131348e-01,3.937214612960815430e-02,1.034404560923576355e-01,1.612782031297683716e-01,2.309083491563796997e-01
-3.708396852016448975e-02,1.732795834541320801e-01,-1.649198681116104126e-01,-1.617956757545471191e-01,5.669788122177124023e-01,7.885987162590026855e-01,-9.672646224498748779e-02,9.353972226381301880e-02,6.159406304359436035e-01,9.999997615814208984e-01,5.193898826837539673e-02,1.598928123712539673e-01,9.888269752264022827e-02,2.718849778175354004e-01,4.605177640914916992e-01,7.552900910377502441e-01,1.363690048456192017e-01,2.053453326225280762e-01,-7.018684595823287964e-02,-6.368713080883026123e-02,5.788913462311029434e-03,6.061352044343948364e-02,-1.705725789070129395e-01,-2.186919003725051880e-01,4.611802995204925537e-01,4.689383208751678467e-01,4.909690022468566895e-01,5.656641721725463867e-01,1.801839321851730347e-01,2.668121159076690674e-01,1.789858490228652954e-01,1.557336747646331787e-01,6.307142227888107300e-02,-1.527744904160499573e-02,3.946489654481410980e-03,1.066756546497344971e-01,8.410830795764923096e-02,1.643692702054977417e-01,1.350667923688888550e-01,3.381414413452148438e-01,8.264794945716857910e-02,1.951924860477447510e-01,-1.539047062397003174e-01,-2.911311015486717224e-02,5.653431266546249390e-02,1.606560945510864258e-01,-1.931468211114406586e-02,-6.188031286001205444e-02,-6.911387294530868530e-02,5.008807778358459473e-02,5.581987556070089340e-03,5.942955240607261658e-02,1.416877061128616333e-01,2.154451757669448853e-01,1.914276629686355591e-01,3.620720207691192627e-01,2.455075234174728394e-01,3.904161751270294189e-01,2.528525590896606445e-01,2.355241924524307251e-01,1.490571200847625732e-01,2.713554799556732178e-01,1.236208453774452209e-01,3.575763702392578125e-01,-4.859914630651473999e-02,1.427610516548156738e-01,2.519112229347229004e-01,1.527463495731353760e-01,-1.568497903645038605e-02,3.352727368474006653e-02,-7.464026100933551788e-03,7.745619863271713257e-02,-6.562883406877517700e-02,-9.149703383445739746e-02,-8.806692808866500854e-02,-1.817118078470230103e-01,1.564548462629318237e-01,2.120653986930847168e-01,5.392422154545783997e-02,8.401485532522201538e-02,1.595509648323059082e-01,3.008300065994262695e-01,5.012646317481994629e-01,6.570221185684204102e-01,2.058576047420501709e-01,2.270341813564300537e-01,4.958665966987609863e-01,7.138451933860778809e-01,3.752508759498596191e-01,5.021473169326782227e-01,1.877718567848205566e-01,3.201889991760253906e-01,1.917499154806137085e-01,2.988029718399047852e-01,1.743401736021041870e-01,1.313733756542205811e-01,7.603523880243301392e-02,1.862224489450454712e-01,-6.254188716411590576e-02,3.922542929649353027e-02,-8.276876807212829590e-02,3.526782989501953125e-01,-3.382138535380363464e-02,5.504554882645606995e-02,-2.361100167036056519e-03,3.235651925206184387e-02,9.470815211534500122e-02,1.301596760749816895e-01,2.523361146450042725e-01,1.022956147789955139e-01,7.866461575031280518e-02,1.123042479157447815e-01,-1.041447557508945465e-02,3.977787494659423828e-02,6.336238235235214233e-02,2.000129669904708862e-01
3.141760528087615967e-01,2.871459126472473145e-01,2.845898866653442383e-01,1.929188966751098633e-01,2.652344107627868652e-01,4.253610596060752869e-02,3.350950181484222412e-01,3.290545940399169922e-01,2.300495803356170654e-01,5.193898826837539673e-02,9.999995231628417969e-01,3.779613971710205078e-01,6.298400759696960449e-01,2.485618889331817627e-01,2.308495044708251953e-01,7.123471051454544067e-02,5.455484986305236816e-01,4.427555799484252930e-01,-4.061622172594070435e-02,-6.063840165734291077e-02,1.567746549844741821e-01,2.369826659560203552e-02,2.012100964784622192e-01,1.256114095449447632e-01,1.298709511756896973e-01,1.959754675626754761e-01,1.798902302980422974e-01,-2.866209018975496292e-03,4.173548221588134766e-01,2.412589937448501587e-01,3.195275962352752686e-01,2.297482043504714966e-01,1.546138823032379150e-01,1.627658754587173462e-01,8.518401533365249634e-02,-1.088241301476955414e-02,1.672930121421813965e-01,1.365562379360198975e-01,2.511865198612213135e-01,4.106275737285614014e-02,-3.240047022700309753e-02,-9.312668442726135254e-02,-7.966896519064903259e-03,7.567285001277923584e-02,6.073388084769248962e-02,7.598827034235000610e-02,4.678139928728342056e-03,-7.702132221311330795e-03,7.266335934400558472e-02,6.653903424739837646e-02,1.090569943189620972e-01,-1.868320256471633911e-02,-1.483880877494812012e-01,-3.487057983875274658e-01,2.546507120132446289e-01,1.294965595006942749e-01,2.589649260044097900e-01,6.415387243032455444e-02,1.686984300613403320e-02,8.164873719215393066e-02,1.995431631803512573e-01,1.138328313827514648e-01,1.840352416038513184e-01,-5.483688786625862122e-02,1.691973209381103516e-01,9.285637736320495605e-02,2.685689181089401245e-02,7.975634187459945679e-02,-2.446764847263693810e-04,4.829412326216697693e-03,1.580785512924194336e-01,2.021986544132232666e-01,1.556102037429809570e-01,-1.683502085506916046e-02,4.395499452948570251e-02,-5.102280527353286743e-02,2.081428170204162598e-01,1.788443326950073242e-01,3.638162910938262939e-01,3.322306275367736816e-01,4.495064020156860352e-01,3.472054302692413330e-01,3.148590922355651855e-01,1.045207157731056213e-01,4.501429498195648193e-01,3.864961862564086914e-01,7.797470688819885254e-02,-3.551839664578437805e-02,4.373013377189636230e-01,2.453780025243759155e-01,3.178442120552062988e-01,1.590094268321990967e-01,2.810344994068145752e-01,2.104131132364273071e-01,3.630719184875488281e-01,3.086491823196411133e-01,2.312474995851516724e-01,1.911114603281021118e-01,3.631694018840789795e-01,2.855048477649688721e-01,3.153846859931945801e-01,2.916442155838012695e-01,3.743568956851959229e-01,3.607225120067596436e-01,2.830767929553985596e-01,1.902648061513900757e-01,2.285154014825820923e-01,1.811488419771194458e-01,1.160406619310379028e-01,2.342049628496170044e-01,-1.352598369121551514e-01,-6.539291888475418091e-02,1.613154411315917969e-01,3.690785765647888184e-01,1.687656641006469727e-01,2.365562170743942261e-01
2.077820599079132080e-01,4.991456866264343262e-01,1.562567353248596191e-01,7.638698071241378784e-02,2.227100580930709839e-01,1.955366879701614380e-01,2.003190666437149048e-01,3.898276686668395996e-01,1.224181428551673889e-01,1.598928123712539673e-01,3.779613971710205078e-01,1.000000357627868652e+00,2.713499963283538818e-01,5.195080637931823730e-01,6.373055279254913330e-02,2.788003683090209961e-01,2.289863824844360352e-01,6.026980876922607422e-01,-6.259588897228240967e-02,-4.596583545207977295e-02,7.392231374979019165e-03,3.136892989277839661e-02,7.721917331218719482e-02,4.731616005301475525e-02,2.182700037956237793e-01,1.629972606897354126e-01,1.074881479144096375e-01,4.941572621464729309e-02,9.416027367115020752e-02,4.130798876285552979e-01,1.132592633366584778e-01,6.227141991257667542e-02,1.552101671695709229e-01,1.738225519657135010e-01,1.228593848645687103e-02,-9.338885545730590820e-02,-1.072302758693695068e-01,1.873569935560226440e-01,-3.949715942144393921e-02,1.564825028181076050e-01,-2.067537903785705566e-01,1.308808028697967529e-01,-2.022408843040466309e-01,-1.000932902097702026e-01,-6.699953973293304443e-02,-7.905979454517364502e-02,-1.299412697553634644e-01,-1.212663855403661728e-02,-2.724194340407848358e-02,4.942697659134864807e-02,-1.245828717947006226e-01,-2.774771489202976227e-02,-1.614970117807388306e-01,-1.413035839796066284e-01,6.716058403253555298e-02,1.272970288991928101e-01,1.553984880447387695e-01,2.758174836635589600e-01,1.482506096363067627e-01,2.290703207254409790e-01,1.381747275590896606e-01,2.303095012903213501e-01,-4.709595069289207458e-02,9.914842993021011353e-02,1.170954480767250061e-01,1.156608760356903076e-01,8.239686489105224609e-02,1.197896152734756470e-01,-6.098335236310958862e-02,-5.874842405319213867e-02,1.626489683985710144e-02,1.645348519086837769e-01,-1.243656054139137268e-01,2.347007542848587036e-01,-4.664374142885208130e-02,2.469659149646759033e-01,2.461023628711700439e-02,1.912577897310256958e-01,5.978366360068321228e-02,2.140205800533294678e-01,2.482151091098785400e-01,4.068206250667572021e-01,2.011860460042953491e-01,3.468265235424041748e-01,3.274665176868438721e-01,4.256308376789093018e-01,6.018010899424552917e-02,1.507451832294464111e-01,3.076955378055572510e-01,3.266023993492126465e-01,2.115108370780944824e-01,1.948100328445434570e-01,2.032681554555892944e-01,2.441053390502929688e-01,1.774719953536987305e-01,2.257638871669769287e-01,3.866361826658248901e-02,1.188651844859123230e-01,1.857213228940963745e-01,2.053215801715850830e-01,2.180161178112030029e-01,2.880838215351104736e-01,3.060359656810760498e-01,3.511572480201721191e-01,2.454962730407714844e-01,1.840640157461166382e-01,1.487511992454528809e-01,2.429421544075012207e-01,1.022763922810554504e-01,1.567268371582031250e-01,-3.320097923278808594e-02,-5.563431605696678162e-02,1.292909085750579834e-01,2.576930820941925049e-01,1.347536146640777588e-01,1.187184303998947144e-01
2.163852453231811523e-01,1.008969843387603760e-01,3.378542363643646240e-01,1.475975364446640015e-01,4.450649917125701904e-01,1.895287483930587769e-01,5.054169893264770508e-01,3.311945497989654541e-01,3.581078350543975830e-01,9.888269752264022827e-02,6.298400759696960449e-01,2.713499963283538818e-01,1.000000119209289551e+00,3.442079722881317139e-01,4.408560693264007568e-01,1.003485172986984253e-01,4.034540653228759766e-01,2.920804321765899658e-01,-2.219005972146987915e-01,-1.641261577606201172e-01,1.542174816131591797e-01,1.121100261807441711e-01,1.785030961036682129e-01,2.078070044517517090e-01,1.718114912509918213e-01,2.922292649745941162e-01,2.732301056385040283e-01,2.722787559032440186e-01,4.652309715747833252e-01,2.213744372129440308e-01,2.528991401195526123e-01,1.818370670080184937e-01,3.825418278574943542e-02,3.944210708141326904e-02,1.901295408606529236e-02,-4.782067984342575073e-02,1.360926032066345215e-01,4.949988424777984619e-02,2.319274842739105225e-01,3.388818725943565369e-02,6.983537971973419189e-02,1.464810315519571304e-02,-2.389799803495407104e-02,6.450577080249786377e-02,-4.280713200569152832e-02,-4.543262068182229996e-03,1.185483019798994064e-02,-2.073133736848831177e-02,-1.036164909601211548e-01,-8.032372221350669861e-03,9.816881269216537476e-02,4.943435266613960266e-02,-9.394261240959167480e-02,-1.622183769941329956e-01,2.822159230709075928e-01,1.307643353939056396e-01,2.098437696695327759e-01,2.271403744816780090e-02,1.034138053655624390e-01,7.420407235622406006e-02,1.413699090480804443e-01,1.953507959842681885e-01,3.705777227878570557e-01,1.303613483905792236e-01,7.227186858654022217e-02,1.068810224533081055e-01,6.886282563209533691e-02,-1.295540202409029007e-02,-1.834542304277420044e-02,-1.279811412096023560e-01,2.609305083751678467e-01,2.006580829620361328e-01,2.686361968517303467e-01,1.270431187003850937e-02,1.101082563400268555e-01,-2.281702682375907898e-02,2.195625305175781250e-01,1.971603184938430786e-01,1.984512805938720703e-01,1.083021536469459534e-01,4.842928051948547363e-01,3.320912122726440430e-01,5.261519551277160645e-01,2.200115621089935303e-01,3.820265829563140869e-01,3.227856457233428955e-01,2.230163067579269409e-01,1.459459662437438965e-01,4.273563027381896973e-01,3.462266921997070312e-01,3.125342428684234619e-01,2.368045151233673096e-01,2.582734823226928711e-01,1.446074396371841431e-01,2.153982967138290405e-01,2.387593835592269897e-01,1.555012315511703491e-01,1.240252256393432617e-01,2.517451047897338867e-01,1.710236221551895142e-01,2.408928275108337402e-01,2.500338554382324219e-01,2.744074165821075439e-01,2.828568518161773682e-01,1.953254193067550659e-01,4.070429503917694092e-02,5.596724152565002441e-02,1.999962143599987030e-02,9.476332366466522217e-02,2.123443931341171265e-01,-1.374556217342615128e-02,-2.821456827223300934e-02,5.688243359327316284e-02,1.831011623144149780e-01,1.388120800256729126e-01,1.972936838865280151e-01
