1.000000119209289551e+00,6.260730028152465820e-01,6.261115670204162598e-01,6.524625420570373535e-01,-1.087112054228782654e-01,1.846584677696228027e-02,6.648559570312500000e-01,5.399916768074035645e-01,5.255652964115142822e-02,5.576936900615692139e-02,4.688789546489715576e-01,3.472948372364044189e-01,5.298726558685302734e-01,2.953157126903533936e-01,-7.305710762739181519e-02,-1.988674700260162354e-02,3.955351114273071289e-01,2.758213579654693604e-01,5.797007083892822266e-01,5.218090415000915527e-01,-4.861616715788841248e-02,2.188437618315219879e-02,5.564526319503784180e-01,6.043559908866882324e-01,9.893435984849929810e-02,1.065663918852806091e-01,-1.561805903911590576e-01,-9.563074260950088501e-02,1.788302212953567505e-01,1.419035345315933228e-01,2.329449802637100220e-01,2.150026112794876099e-01,1.793073266744613647e-01,1.907681077718734741e-01,6.564634386450052261e-03,-3.076196089386940002e-02,-1.079568755812942982e-03,-2.920663170516490936e-02,-1.239196676760911942e-02,9.230566769838333130e-02,2.549560042098164558e-03,-2.974803559482097626e-02,-4.677319526672363281e-02,-3.786337748169898987e-02,1.369546204805374146e-01,1.034137159585952759e-01,8.365017920732498169e-02,3.285602480173110962e-02,3.811913132667541504e-01,1.795391589403152466e-01,2.397928386926651001e-01,5.989963188767433167e-02,1.221691742539405823e-01,-5.390731617808341980e-03,2.695658802986145020e-02,-4.436433315277099609e-03,7.028397321701049805e-01,6.465434432029724121e-01,6.598787307739257812e-01,5.458916425704956055e-01,6.199130415916442871e-01,4.681627750396728516e-01,4.891449511051177979e-01,4.791699051856994629e-01,5.329945087432861328e-01,4.026815593242645264e-01,4.581930637359619141e-01,3.225009143352508545e-01,5.186122655868530273e-01,4.420912563800811768e-01,7.070370018482208252e-02,-5.872691795229911804e-02,8.947391062974929810e-02,-3.037079796195030212e-02,9.341329336166381836e-02,-8.683393895626068115e-02,1.868262588977813721e-01,9.685906022787094116e-02,2.324551492929458618e-01,1.820615679025650024e-01,1.739811450242996216e-01,1.591819524765014648e-01,1.270102895796298981e-02,2.312846481800079346e-01,2.648574113845825195e-01,8.058670163154602051e-02,4.653245210647583008e-02,8.652145415544509888e-02,-2.973389625549316406e-02,1.153100631199777126e-03,1.179375052452087402e-01,1.668943837285041809e-02,8.582129329442977905e-02,1.073556318879127502e-01,-7.652784883975982666e-02,-3.323594108223915100e-02,-5.116248503327369690e-02,-6.103853881359100342e-02,9.324294328689575195e-02,5.063959211111068726e-02,2.656787931919097900e-01,3.318500220775604248e-01,2.981735169887542725e-01,2.683386504650115967e-01,2.052252925932407379e-02,9.604470431804656982e-02,2.178634405136108398e-01,1.931875795125961304e-01,-2.340276725590229034e-03,-1.228659674525260925e-01,-2.384508587419986725e-02,6.770612671971321106e-03,1.956643164157867432e-02,1.830523312091827393e-01,6.750392913818359375e-02,-3.225264698266983032e-02
6.260730028152465820e-01,1.000000238418579102e+00,4.589885771274566650e-01,7.022368907928466797e-01,-7.513374090194702148e-02,4.046904295682907104e-02,5.656072497367858887e-01,6.652892231941223145e-01,6.322962045669555664e-02,8.606044948101043701e-02,2.778816223144531250e-01,5.373650789260864258e-01,3.849216699600219727e-01,4.639629721641540527e-01,-1.171407550573348999e-01,4.911435022950172424e-02,3.520107865333557129e-01,4.353433549404144287e-01,4.620381295680999756e-01,4.192633032798767090e-01,-7.905910722911357880e-03,-1.739407517015933990e-02,4.003083109855651855e-01,5.198116898536682129e-01,5.062086880207061768e-02,8.269065618515014648e-02,-1.405745893716812134e-01,-7.317236810922622681e-02,8.314658701419830322e-02,1.961381733417510986e-01,2.059835940599441528e-01,2.165995538234710693e-01,1.939517110586166382e-01,2.409134060144424438e-01,5.580154806375503540e-02,2.723976783454418182e-02,-2.060386911034584045e-02,-4.716790467500686646e-02,-5.974131822586059570e-02,2.796198613941669464e-02,3.172670304775238037e-02,2.011894434690475464e-02,6.249813735485076904e-02,1.049668267369270325e-01,2.176481485366821289e-01,2.663590312004089355e-01,1.536031961441040039e-01,1.812811046838760376e-01,4.426606297492980957e-01,3.350533545017242432e-01,2.913463413715362549e-01,2.379126399755477905e-01,2.456146329641342163e-01,1.567760556936264038e-01,5.728163942694664001e-02,6.959388405084609985e-02,6.283031105995178223e-01,7.086280584335327148e-01,6.099809408187866211e-01,6.391360759735107422e-01,5.948646068572998047e-01,6.300367712974548340e-01,5.243754982948303223e-01,6.298062205314636230e-01,5.612808465957641602e-01,4.918949902057647705e-01,4.766789078712463379e-01,3.710382282733917236e-01,4.302142262458801270e-01,2.836428582668304443e-01,-9.842755645513534546e-02,-1.001500636339187622e-01,6.990434229373931885e-02,6.117553263902664185e-02,9.747653454542160034e-02,2.001112140715122223e-02,1.909928917884826660e-01,1.779279410839080811e-01,2.017235904932022095e-01,2.286307811737060547e-01,2.541082203388214111e-01,4.060911536216735840e-01,2.203760482370853424e-02,3.285847902297973633e-01,2.532501220703125000e-01,3.042609989643096924e-01,3.628789260983467102e-02,6.532168388366699219e-02,6.792709697037935257e-03,1.313665956258773804e-01,2.962508797645568848e-01,6.655021011829376221e-02,1.514923423528671265e-01,1.772947460412979126e-01,-9.306436777114868164e-02,-2.099058963358402252e-02,-7.553771138191223145e-02,-5.170096829533576965e-02,2.321437001228332520e-01,1.170819997787475586e-01,3.221136331558227539e-01,3.655920624732971191e-01,3.434459865093231201e-01,3.146089613437652588e-01,-9.385396540164947510e-02,-3.365359827876091003e-02,1.569944173097610474e-01,8.325169980525970459e-02,-1.141005568206310272e-02,-1.503673493862152100e-01,-1.357614248991012573e-01,1.026022657752037048e-01,5.676136910915374756e-02,1.582596451044082642e-01,-1.162971090525388718e-02,-8.115898072719573975e-02
6.261115670204162598e-01,4.589885771274566650e-01,9.999998211860656738e-01,6.362441778182983398e-01,-1.844390928745269775e-01,3.582527115941047668e-02,7.447586655616760254e-01,5.642427206039428711e-01,-3.417392820119857788e-02,9.857167303562164307e-02,2.890493571758270264e-01,1.718982458114624023e-01,4.569604396820068359e-01,3.643395006656646729e-01,-1.679815500974655151e-01,1.276111509650945663e-02,1.562039703130722046e-01,2.076129466295242310e-01,5.702289938926696777e-01,4.308596253395080566e-01,-5.604659207165241241e-03,1.345217525959014893e-01,7.254391908645629883e-01,6.977496147155761719e-01,2.292118668556213379e-01,1.803787499666213989e-01,-1.645272523164749146e-01,-5.482847988605499268e-02,3.822887316346168518e-02,1.123033165931701660e-01,3.057855963706970215e-01,2.749917507171630859e-01,1.837327778339385986e-01,1.239684745669364929e-01,6.902736425399780273e-02,1.480997889302670956e-03,6.975252926349639893e-02,-9.445535251870751381e-04,2.880190499126911163e-02,1.636705696582794189e-01,1.546423584222793579e-01,5.880246683955192566e-02,-7.233724743127822876e-02,-2.788162231445312500e-02,1.337934881448745728e-01,1.624660342931747437e-01,6.441127508878707886e-02,1.843301765620708466e-02,2.468703985214233398e-01,2.011142671108245850e-01,1.190287396311759949e-01,6.179789826273918152e-02,1.943771354854106903e-02,-5.409797653555870056e-03,-1.454561948776245117e-02,-4.933365061879158020e-02,4.471894800662994385e-01,5.409144163131713867e-01,4.313856661319732666e-01,4.529278278350830078e-01,3.388924002647399902e-01,3.200663626194000244e-01,2.644585072994232178e-01,2.815136611461639404e-01,2.904599010944366455e-01,3.739767968654632568e-01,3.425017893314361572e-01,2.409826964139938354e-01,3.714957833290100098e-01,2.596943676471710205e-01,2.576821744441986084e-01,1.126336678862571716e-01,1.240942999720573425e-02,-1.835612021386623383e-02,4.365280270576477051e-03,-1.870814859867095947e-01,2.375138401985168457e-01,1.622284650802612305e-01,1.024245694279670715e-01,1.158723756670951843e-01,8.063566684722900391e-02,4.929674044251441956e-02,6.157033145427703857e-02,2.829878926277160645e-01,1.983135789632797241e-01,9.840911626815795898e-02,-2.600608579814434052e-02,9.972257912158966064e-02,-1.317869871854782104e-01,-1.180681772530078888e-02,8.267877995967864990e-02,1.090897470712661743e-01,-4.070428386330604553e-02,1.708743423223495483e-01,2.659057639539241791e-02,-2.929994463920593262e-02,2.777483686804771423e-02,-4.649319872260093689e-02,6.755188852548599243e-02,1.106643825769424438e-01,2.281455546617507935e-01,3.347955048084259033e-01,3.195255100727081299e-01,3.047723174095153809e-01,9.926816821098327637e-02,1.973822116851806641e-01,2.621754109859466553e-01,2.262649983167648315e-01,-1.258456613868474960e-03,-4.217788577079772949e-02,1.114660203456878662e-01,5.914089828729629517e-02,9.203545749187469482e-02,1.634629368782043457e-01,1.151049733161926270e-01,6.663790903985500336e-03
6.524625420570373535e-01,7.022368907928466797e-01,6.362441778182983398e-01,9.999999403953552246e-01,-1.637598574161529541e-01,6.841148436069488525e-02,6.818653345108032227e-01,7.797886729240417480e-01,-2.214726805686950684e-02,1.597951054573059082e-01,2.983422279357910156e-01,4.562012255191802979e-01,4.075023531913757324e-01,5.469709634780883789e-01,-2.115293294191360474e-01,5.893296003341674805e-02,2.086829990148544312e-01,2.891580164432525635e-01,4.964158236980438232e-01,4.131371676921844482e-01,-6.567387282848358154e-02,-3.284908458590507507e-02,5.724782943725585938e-01,7.208493351936340332e-01,1.151591837406158447e-01,1.626504063606262207e-01,-1.925510019063949585e-01,-8.275385946035385132e-02,4.394169151782989502e-02,1.138960048556327820e-01,2.291294336318969727e-01,2.905861437320709229e-01,5.454497411847114563e-02,7.818771898746490479e-02,-3.588194400072097778e-02,-3.712365031242370605e-02,-7.515601813793182373e-02,-1.325022578239440918e-01,-1.347114145755767822e-01,2.159909345209598541e-03,3.096438385546207428e-02,-1.377847231924533844e-02,-1.144370585680007935e-01,-5.621244385838508606e-02,1.288117319345474243e-01,1.565705239772796631e-01,-2.168936468660831451e-02,3.044691681861877441e-02,3.568457067012786865e-01,2.434702068567276001e-01,1.839905828237533569e-01,1.090999916195869446e-01,5.379165709018707275e-02,3.406859934329986572e-02,-1.234857439994812012e-01,-9.060999751091003418e-02,5.479736328125000000e-01,6.571928262710571289e-01,5.644079446792602539e-01,6.006019115447998047e-01,5.200837850570678711e-01,5.313249826431274414e-01,3.942922949790954590e-01,4.905301332473754883e-01,4.865980744361877441e-01,5.321768522262573242e-01,3.785018324851989746e-01,2.810862958431243896e-01,3.818638026714324951e-01,2.605372369289398193e-01,-6.727516651153564453e-02,-1.041609495878219604e-01,-3.716003522276878357e-02,-5.409108847379684448e-02,-4.855129122734069824e-02,-1.623695939779281616e-01,7.906790077686309814e-02,3.648847341537475586e-02,1.147173047065734863e-01,1.571543067693710327e-01,1.239185109734535217e-01,2.003841251134872437e-01,-2.211685851216316223e-02,3.083278536796569824e-01,1.833774000406265259e-01,2.114938795566558838e-01,-8.836562931537628174e-02,8.200237900018692017e-02,-1.435843706130981445e-01,3.377298265695571899e-02,1.935189217329025269e-01,2.078640460968017578e-02,8.927066624164581299e-02,1.451090127229690552e-01,-1.022339910268783569e-01,-6.017433106899261475e-02,-1.605759114027023315e-01,-1.583826392889022827e-01,5.049621686339378357e-02,-7.105210795998573303e-03,2.741937041282653809e-01,3.350106477737426758e-01,2.945635616779327393e-01,2.844905853271484375e-01,-9.173845499753952026e-02,-2.899081818759441376e-02,1.799752414226531982e-01,1.154549419879913330e-01,-7.676003128290176392e-02,-1.841955929994583130e-01,-1.824842542409896851e-01,-1.864520460367202759e-02,-6.542623788118362427e-02,7.392105460166931152e-02,-8.010158687829971313e-02,-1.010508537292480469e-01
-1.087112054228782654e-01,-7.513374090194702148e-02,-1.844390928745269775e-01,-1.637598574161529541e-01,9.999994635581970215e-01,6.470348834991455078e-01,-2.379413843154907227e-01,-1.958370804786682129e-01,7.428236603736877441e-01,5.370652079582214355e-01,3.137464523315429688e-01,1.817950904369354248e-01,2.006326764822006226e-01,1.724727451801300049e-01,7.478675246238708496e-01,6.485720276832580566e-01,2.368233054876327515e-01,1.907150000333786011e-01,-3.755975142121315002e-02,-3.417028859257698059e-02,5.360065698623657227e-01,3.990392088890075684e-01,1.124287620186805725e-01,-5.009073391556739807e-02,5.266919136047363281e-01,5.843319892883300781e-01,7.564668655395507812e-01,6.840897202491760254e-01,2.994883656501770020e-01,3.194472491741180420e-01,4.529722332954406738e-01,4.731892943382263184e-01,2.146587073802947998e-01,1.464002877473831177e-01,3.248156905174255371e-01,1.967480778694152832e-01,3.319436609745025635e-01,1.996886357665061951e-02,2.500882744789123535e-01,4.486069083213806152e-02,3.097092807292938232e-01,1.152672842144966125e-01,4.452241659164428711e-01,3.018223643302917480e-01,2.424580305814743042e-01,1.674091219902038574e-01,2.504200041294097900e-01,1.533921062946319580e-01,9.771014004945755005e-02,2.495349757373332977e-02,3.177551925182342529e-01,9.067636728286743164e-02,1.657673865556716919e-01,8.846879005432128906e-02,4.234480857849121094e-01,1.499678790569305420e-01,5.719935894012451172e-02,-8.104974776506423950e-02,-9.646665304899215698e-02,-1.476839333772659302e-01,-1.474769040942192078e-02,-6.031930446624755859e-02,1.541498899459838867e-01,-2.301943168276920915e-04,5.575870350003242493e-02,-6.226466223597526550e-02,2.513720393180847168e-01,3.066807091236114502e-01,1.393377035856246948e-01,2.177623212337493896e-01,2.353882938623428345e-01,1.642706543207168579e-01,2.630278468132019043e-01,-2.471420541405677795e-02,3.829776346683502197e-01,7.573145627975463867e-02,2.296681553125381470e-01,1.992735117673873901e-01,2.999357581138610840e-01,9.831739962100982666e-02,2.462625056505203247e-01,1.605544388294219971e-01,2.777472734451293945e-01,2.536835670471191406e-01,4.475483596324920654e-01,2.168707549571990967e-01,4.697490036487579346e-01,5.458312630653381348e-01,6.470559239387512207e-01,2.884336113929748535e-01,4.777856171131134033e-02,3.782412707805633545e-01,2.911560237407684326e-01,2.015099227428436279e-01,5.383883416652679443e-02,7.044056430459022522e-03,1.331094354391098022e-01,1.237412542104721069e-01,1.726575046777725220e-01,1.424939334392547607e-01,-6.377822160720825195e-02,-1.677324473857879639e-01,-2.002543359994888306e-01,-1.563182175159454346e-01,9.653507918119430542e-02,-2.553802356123924255e-02,-1.108896434307098389e-01,-1.277222633361816406e-01,9.669598191976547241e-02,9.661508351564407349e-02,1.924381405115127563e-01,2.316499203443527222e-01,2.018311470746994019e-01,6.741952896118164062e-02,6.321777403354644775e-02,-1.235048659145832062e-02
1.846584677696228027e-02,4.046904295682907104e-02,3.582527115941047668e-02,6.841148436069488525e-02,6.470348834991455078e-01,9.999999403953552246e-01,-8.197573013603687286e-03,1.115520223975181580e-01,5.840288400650024414e-01,8.136256337165832520e-01,2.997591495513916016e-01,1.250300407409667969e-01,2.960032224655151367e-01,3.793944120407104492e-01,5.225314497947692871e-01,7.847225666046142578e-01,1.371995359659194946e-01,4.119762405753135681e-02,-6.502030044794082642e-02,-1.063955277204513550e-01,4.419156610965728760e-01,3.736397027969360352e-01,1.964826285839080811e-01,1.540807187557220459e-01,6.110119223594665527e-01,7.802053093910217285e-01,6.876884698867797852e-01,7.674344182014465332e-01,1.685206294059753418e-01,1.316895931959152222e-01,4.720304906368255615e-01,6.283402442932128906e-01,5.866545252501964569e-03,-9.145886451005935669e-02,1.902023255825042725e-01,7.083807885646820068e-02,1.724962592124938965e-01,-2.263722717761993408e-01,1.260244995355606079e-01,-1.068203747272491455e-01,2.383189350366592407e-01,-4.206472262740135193e-02,2.507237195968627930e-01,8.002505451440811157e-02,1.399514377117156982e-01,8.066658675670623779e-02,5.568717420101165771e-02,-2.861388027667999268e-02,1.785099357366561890e-01,6.934669613838195801e-02,1.997094750404357910e-01,9.430173784494400024e-02,1.533829513937234879e-02,-4.161451011896133423e-03,1.902035623788833618e-01,-1.111244633793830872e-01,1.342274397611618042e-01,6.628035753965377808e-02,5.941864103078842163e-02,3.291930258274078369e-02,8.982942998409271240e-02,7.773056626319885254e-02,1.783573776483535767e-01,6.091093271970748901e-02,1.397856473922729492e-01,9.175795316696166992e-02,2.451984584331512451e-01,2.324346750974655151e-01,4.118011519312858582e-02,1.013895869255065918e-01,1.488399952650070190e-01,2.687140740454196930e-02,1.900888979434967041e-01,-3.116464614868164062e-01,2.266341596841812134e-01,-1.573059409856796265e-01,9.081117063760757446e-02,6.385596096515655518e-02,1.849125623703002930e-01,-1.059386506676673889e-01,1.277186572551727295e-01,-5.117425695061683655e-02,1.627796441316604614e-01,3.182002007961273193e-01,2.481156587600708008e-01,2.820183336734771729e-02,2.977906465530395508e-01,5.749281644821166992e-01,3.931602835655212402e-01,3.616905584931373596e-02,-4.733493551611900330e-02,2.292115390300750732e-01,9.644039720296859741e-02,7.143860310316085815e-02,-1.156197581440210342e-02,-6.659234315156936646e-02,-3.646574541926383972e-02,-9.342172741889953613e-02,4.631244577467441559e-03,-1.919114589691162109e-02,-1.205745562911033630e-01,-1.678942143917083740e-01,-2.060623019933700562e-01,-1.768227070569992065e-01,-8.125343173742294312e-02,-1.315193027257919312e-01,-4.545762017369270325e-02,-8.612360805273056030e-02,-4.272881522774696350e-02,-1.199969649314880371e-02,2.858095802366733551e-02,5.948028340935707092e-02,6.938482820987701416e-02,-7.794047892093658447e-02,-7.798217982053756714e-02,-5.964523553848266602e-02
6.648559570312500000e-01,5.656072497367858887e-01,7.447586655616760254e-01,6.818653345108032227e-01,-2.379413843154907227e-01,-8.197573013603687286e-03,1.000000000000000000e+00,6.827878952026367188e-01,-1.302539464086294174e-02,8.462754637002944946e-02,3.521712124347686768e-01,3.273362219333648682e-01,5.808257460594177246e-01,4.044091403484344482e-01,-2.462386190891265869e-01,-2.651927992701530457e-02,2.678335905075073242e-01,2.445459216833114624e-01,5.120840072631835938e-01,3.382565081119537354e-01,-7.731717079877853394e-02,1.019251346588134766e-02,5.525017380714416504e-01,5.798941850662231445e-01,8.367779105901718140e-02,9.495488554239273071e-02,-2.767580449581146240e-01,-1.531272530555725098e-01,9.674172848463058472e-02,1.126376539468765259e-01,2.395501285791397095e-01,2.436877489089965820e-01,1.938643753528594971e-01,1.673409044742584229e-01,5.436428636312484741e-02,1.369168236851692200e-02,1.033264864236116409e-02,-7.488358765840530396e-02,-4.844752699136734009e-02,7.694511115550994873e-02,1.103390082716941833e-01,3.029462881386280060e-02,-7.675489783287048340e-02,-2.692421525716781616e-02,1.701561212539672852e-01,1.691952943801879883e-01,7.302089035511016846e-02,8.360031992197036743e-02,3.152368962764739990e-01,2.415814399719238281e-01,1.787649542093276978e-01,1.168470978736877441e-01,1.344430297613143921e-01,7.220623642206192017e-02,-5.619981512427330017e-02,-2.316377870738506317e-02,4.834183752536773682e-01,5.268613696098327637e-01,4.663574099540710449e-01,5.496637225151062012e-01,4.511129558086395264e-01,4.909149110317230225e-01,3.736711442470550537e-01,4.479794800281524658e-01,4.877508878707885742e-01,4.873432517051696777e-01,3.467284142971038818e-01,2.286265790462493896e-01,3.018418550491333008e-01,1.143785268068313599e-01,1.043300852179527283e-01,3.469957411289215088e-02,8.653225004673004150e-02,1.921695098280906677e-02,7.303224876523017883e-03,-1.029995679855346680e-01,2.372442930936813354e-01,1.877737045288085938e-01,1.213256493210792542e-01,1.029831469058990479e-01,1.381186842918395996e-01,1.432727426290512085e-01,3.861919417977333069e-02,3.333871960639953613e-01,2.003128528594970703e-01,1.312314867973327637e-01,-1.312976628541946411e-01,8.528240956366062164e-03,-1.916224658489227295e-01,-8.079596795141696930e-03,2.164666950702667236e-01,3.142140060663223267e-02,8.148872293531894684e-04,1.482031643390655518e-01,-3.943112865090370178e-02,-3.860458359122276306e-02,-5.831318348646163940e-02,-9.684972465038299561e-02,1.443009376525878906e-01,1.152515932917594910e-01,3.122776150703430176e-01,4.456968009471893311e-01,4.350064694881439209e-01,3.999406397342681885e-01,8.547152578830718994e-02,1.758493036031723022e-01,2.747640013694763184e-01,2.001988291740417480e-01,-2.328751143068075180e-03,-1.292100101709365845e-01,-2.757602557539939880e-02,6.343185901641845703e-02,3.627080470323562622e-02,1.821899712085723877e-01,7.181324809789657593e-02,-1.089603611035272479e-04
5.399916768074035645e-01,6.652892231941223145e-01,5.642427206039428711e-01,7.797886729240417480e-01,-1.958370804786682129e-01,1.115520223975181580e-01,6.827878952026367188e-01,9.999997615814208984e-01,-3.500632196664810181e-02,2.306671440601348877e-01,2.497879862785339355e-01,4.448966383934020996e-01,4.195255637168884277e-01,6.264806985855102539e-01,-2.753548324108123779e-01,9.091120958328247070e-02,1.487157791852951050e-01,2.225603014230728149e-01,3.490506112575531006e-01,1.916975229978561401e-01,-7.281075417995452881e-02,-7.118811458349227905e-02,4.318768680095672607e-01,5.940178036689758301e-01,1.126605868339538574e-01,1.734629124402999878e-01,-2.225194722414016724e-01,-7.984239608049392700e-02,-2.620356902480125427e-02,2.991332300007343292e-02,2.035157680511474609e-01,2.982130646705627441e-01,2.469169907271862030e-02,3.578005731105804443e-02,1.934779062867164612e-02,9.805238805711269379e-03,-1.530706733465194702e-01,-2.143609225749969482e-01,-1.877790838479995728e-01,-6.955777108669281006e-02,4.302345961332321167e-02,-3.082794323563575745e-02,-1.247538179159164429e-01,-6.655634194612503052e-02,1.232365965843200684e-01,1.809061616659164429e-01,-6.947530806064605713e-02,3.363562002778053284e-02,3.745990097522735596e-01,3.060944974422454834e-01,1.776653677225112915e-01,1.862132847309112549e-01,4.401540383696556091e-02,7.129892706871032715e-02,-1.850537210702896118e-01,-1.377318799495697021e-01,4.422618150711059570e-01,5.845698118209838867e-01,4.938757419586181641e-01,6.309000849723815918e-01,4.699408113956451416e-01,5.991497039794921875e-01,3.499935567378997803e-01,5.065445303916931152e-01,5.246855020523071289e-01,6.006615161895751953e-01,3.104394972324371338e-01,2.324148118495941162e-01,1.745875775814056396e-01,5.088429525494575500e-02,-1.214692145586013794e-01,-1.003747880458831787e-01,-1.061995886266231537e-02,-6.724074482917785645e-02,-9.385780245065689087e-02,-1.613348722457885742e-01,7.310475409030914307e-02,6.386791914701461792e-02,2.549342252314090729e-02,5.921020358800888062e-02,4.670905694365501404e-02,1.754425019025802612e-01,-7.871901243925094604e-02,3.135258257389068604e-01,1.178726851940155029e-01,2.115275710821151733e-01,-1.779688298702239990e-01,8.685968816280364990e-03,-1.958261132240295410e-01,-3.139718621969223022e-02,2.179225981235504150e-01,-1.630017161369323730e-02,1.444441545754671097e-02,1.165403276681900024e-01,-1.510736942291259766e-01,-1.057983711361885071e-01,-2.334887981414794922e-01,-2.287539690732955933e-01,4.952153563499450684e-02,-8.643956854939460754e-03,2.573388516902923584e-01,3.360612690448760986e-01,3.185170888900756836e-01,3.042728900909423828e-01,-1.271650791168212891e-01,-4.138322547078132629e-02,1.781505942344665527e-01,6.699491292238235474e-02,-8.378960192203521729e-02,-2.375755906105041504e-01,-2.543133795261383057e-01,-3.892473876476287842e-02,-1.030685380101203918e-01,3.174113854765892029e-02,-9.697713702917098999e-02,-1.100765466690063477e-01
5.255652964115142822e-02,6.322962045669555664e-02,-3.417392820119857788e-02,-2.214726805686950684e-02,7.428236603736877441e-01,5.840288400650024414e-01,-1.302539464086294174e-02,-3.500632196664810181e-02,1.000000000000000000e+00,5.075547695159912109e-01,3.835358619689941406e-01,3.007486760616302490e-01,3.764124512672424316e-01,2.648274004459381104e-01,7.063729166984558105e-01,5.850604176521301270e-01,3.675164282321929932e-01,2.866735458374023438e-01,6.712041795253753662e-02,6.123587954789400101e-04,4.999712407588958740e-01,3.929808735847473145e-01,2.050816714763641357e-01,3.266293182969093323e-02,5.205411314964294434e-01,5.419225692749023438e-01,6.380020380020141602e-01,5.841145515441894531e-01,3.128392398357391357e-01,3.559712171554565430e-01,5.118352174758911133e-01,5.026732087135314941e-01,2.963854670524597168e-01,2.270413339138031006e-01,3.659218847751617432e-01,2.206851392984390259e-01,3.687005043029785156e-01,7.200006395578384399e-02,2.809143960475921631e-01,1.206300780177116394e-01,3.746307194232940674e-01,1.010492742061614990e-01,4.588403105735778809e-01,3.577558398246765137e-01,2.711092829704284668e-01,2.518806755542755127e-01,3.127292990684509277e-01,2.531672120094299316e-01,2.247811257839202881e-01,1.521169096231460571e-01,4.413700997829437256e-01,1.856932640075683594e-01,2.805545032024383545e-01,1.703088879585266113e-01,4.579256474971771240e-01,2.114059180021286011e-01,1.823541224002838135e-01,3.535605221986770630e-02,3.527538850903511047e-02,2.657545730471611023e-02,1.550961732864379883e-01,9.741387516260147095e-02,2.768182754516601562e-01,1.564172804355621338e-01,2.365822792053222656e-01,1.077894121408462524e-01,3.356130719184875488e-01,3.767622709274291992e-01,2.093778997659683228e-01,2.028761506080627441e-01,2.527416944503784180e-01,2.002807110548019409e-01,3.028621673583984375e-01,5.789265036582946777e-02,4.024720788002014160e-01,1.040210053324699402e-01,3.770546913146972656e-01,3.234731554985046387e-01,2.992283999919891357e-01,1.820830404758453369e-01,2.837613523006439209e-01,2.722482681274414062e-01,2.674978375434875488e-01,3.303091824054718018e-01,5.378764271736145020e-01,3.208884596824645996e-01,4.344684183597564697e-01,5.287364721298217773e-01,6.324068307876586914e-01,3.593478798866271973e-01,1.998177617788314819e-01,3.822399675846099854e-01,3.443661928176879883e-01,2.945268452167510986e-01,2.675864147022366524e-03,-2.162680961191654205e-02,1.094533950090408325e-01,1.247691586613655090e-01,2.610704004764556885e-01,2.273453027009963989e-01,8.093911409378051758e-02,2.852931432425975800e-02,1.232344657182693481e-03,3.590901941061019897e-02,2.073708027601242065e-01,8.023047447204589844e-02,-1.397533435374498367e-02,-8.759786933660507202e-02,1.385676115751266479e-01,3.286809101700782776e-02,1.707258224487304688e-01,2.875027656555175781e-01,2.737824320793151855e-01,2.223111093044281006e-01,1.442799568176269531e-01,6.625562161207199097e-02
5.576936900615692139e-02,8.606044948101043701e-02,9.857167303562164307e-02,1.597951054573059082e-01,5.370652079582214355e-01,8.136256337165832520e-01,8.462754637002944946e-02,2.306671440601348877e-01,5.075547695159912109e-01,9.999998211860656738e-01,2.764902710914611816e-01,1.329818069934844971e-01,3.135958313941955566e-01,4.641115963459014893e-01,4.051796197891235352e-01,7.804725170135498047e-01,1.054332181811332703e-01,-7.887435145676136017e-03,-2.458158880472183228e-02,-1.224627196788787842e-01,3.566930294036865234e-01,2.936671078205108643e-01,2.027371078729629517e-01,1.875383853912353516e-01,5.719802975654602051e-01,7.439187169075012207e-01,5.760229825973510742e-01,6.904205679893493652e-01,1.208036914467811584e-01,5.763111636042594910e-02,4.341468513011932373e-01,6.117623448371887207e-01,-3.759193420410156250e-02,-1.526000350713729858e-01,1.535201072692871094e-01,4.743545874953269958e-02,1.130510494112968445e-01,-2.676977813243865967e-01,8.095514774322509766e-02,-1.465776115655899048e-01,2.078325152397155762e-01,-8.559928089380264282e-02,1.594454050064086914e-01,1.990301720798015594e-02,1.034774631261825562e-01,5.899262428283691406e-02,-1.375193707644939423e-03,-3.682183101773262024e-02,1.945742070674896240e-01,8.480273187160491943e-02,1.897176057100296021e-01,9.901225566864013672e-02,3.564544022083282471e-03,-1.744512468576431274e-03,9.118835628032684326e-02,-1.749484837055206299e-01,1.080990806221961975e-01,8.343137800693511963e-02,5.796837434172630310e-02,9.454531967639923096e-02,9.198725223541259766e-02,1.239733546972274780e-01,1.435154080390930176e-01,7.957459986209869385e-02,1.826672554016113281e-01,1.401669085025787354e-01,1.987399309873580933e-01,1.700064390897750854e-01,2.914347453042864799e-03,7.596941199153661728e-03,1.103455573320388794e-01,3.572175977751612663e-03,1.748509407043457031e-01,-3.498378694057464600e-01,1.577338576316833496e-01,-1.996761858463287354e-01,6.938724219799041748e-02,4.031435027718544006e-02,1.447124332189559937e-01,-1.618725508451461792e-01,8.841884881258010864e-02,-8.922756463289260864e-02,1.308185011148452759e-01,3.299379944801330566e-01,1.992274671792984009e-01,-2.739432733505964279e-03,1.887874752283096313e-01,5.257475972175598145e-01,2.690214812755584717e-01,-1.923208683729171753e-02,-1.084236707538366318e-02,1.645674258470535278e-01,8.196907490491867065e-02,8.764605224132537842e-02,-2.113120444118976593e-02,-7.566379755735397339e-02,-7.230829447507858276e-02,-1.371816396713256836e-01,-2.294069901108741760e-02,-5.068986117839813232e-02,-7.849992811679840088e-02,-1.113695725798606873e-01,-1.364153474569320679e-01,-1.278088092803955078e-01,-1.097798645496368408e-01,-1.552684605121612549e-01,-2.282681316137313843e-02,-6.504826247692108154e-02,-4.315053299069404602e-02,-4.702021181583404541e-02,-3.177057579159736633e-02,3.297918289899826050e-02,2.589761652052402496e-02,-1.003644615411758423e-01,-9.852264076471328735e-02,-6.722251325845718384e-02
4.688789546489715576e-01,2.778816223144531250e-01,2.890493571758270264e-01,2.983422279357910156e-01,3.137464523315429688e-01,2.997591495513916016e-01,3.521712124347686768e-01,2.497879862785339355e-01,3.835358619689941406e-01,2.764902710914611816e-01,1.000000119209289551e+00,3.637197017669677734e-01,6.488038897514343262e-01,3.284398615360260010e-01,3.599928319454193115e-01,2.948222458362579346e-01,3.932757973670959473e-01,2.208678722381591797e-01,3.092178106307983398e-01,1.874980926513671875e-01,2.094900161027908325e-01,1.201890707015991211e-01,3.517385423183441162e-01,3.157084882259368896e-01,2.731654345989227295e-01,3.264376819133758545e-01,2.360279262065887451e-01,2.474792897701263428e-01,4.172801375389099121e-01,2.927252948284149170e-01,3.676308393478393555e-01,3.822272419929504395e-01,1.619263291358947754e-01,1.665984541177749634e-01,1.127943322062492371e-01,4.664783552289009094e-02,1.864515095949172974e-01,-1.026105508208274841e-01,3.326823003590106964e-03,2.048532664775848389e-02,1.482186615467071533e-01,3.756866604089736938e-02,9.225808829069137573e-02,3.267252072691917419e-02,1.685240417718887329e-01,7.377558201551437378e-02,9.654998779296875000e-02,4.169963672757148743e-02,2.286691516637802124e-01,2.917215041816234589e-02,2.624494731426239014e-01,-1.794974133372306824e-02,5.717225372791290283e-02,-2.164056897163391113e-02,6.906238943338394165e-02,-8.317842148244380951e-03,4.199893772602081299e-01,2.664159834384918213e-01,2.669992744922637939e-01,2.059129178524017334e-01,3.679670691490173340e-01,2.711496055126190186e-01,3.811964392662048340e-01,3.259054422378540039e-01,4.107628166675567627e-01,2.425417602062225342e-01,3.090967833995819092e-01,2.248581945896148682e-01,2.399064451456069946e-01,2.504786252975463867e-01,9.352212399244308472e-02,-1.192903239279985428e-02,2.771796882152557373e-01,-5.860523786395788193e-03,2.885761260986328125e-01,1.746216602623462677e-02,2.003140896558761597e-01,1.337943375110626221e-01,2.626009285449981689e-01,1.328810006380081177e-01,2.030325233936309814e-01,1.753538101911544800e-01,1.520622521638870239e-01,3.146285712718963623e-01,3.957926630973815918e-01,1.100783273577690125e-01,9.826983511447906494e-02,2.574113011360168457e-01,2.041663676500320435e-01,7.235664874315261841e-02,-2.294291555881500244e-02,8.533070236444473267e-02,8.778715133666992188e-02,8.298481255769729614e-02,-8.132262527942657471e-02,-1.373270303010940552e-01,-1.603385955095291138e-01,-1.203743070363998413e-01,4.110330343246459961e-02,-1.483292039483785629e-02,6.883198767900466919e-02,8.246359229087829590e-02,1.308558043092489243e-02,6.322589516639709473e-02,5.039278045296669006e-02,2.636169781908392906e-03,9.685827791690826416e-02,-8.811406791210174561e-02,-2.260584151372313499e-03,-1.419403403997421265e-01,-5.885848775506019592e-02,3.370487317442893982e-02,-4.298798739910125732e-02,2.813735790550708771e-02,-1.674261502921581268e-02,-1.281260233372449875e-02
3.472948372364044189e-01,5.373650789260864258e-01,1.718982458114624023e-01,4.562012255191802979e-01,1.817950904369354248e-01,1.250300407409667969e-01,3.273362219333648682e-01,4.448966383934020996e-01,3.007486760616302490e-01,1.329818069934844971e-01,3.637197017669677734e-01,1.000000119209289551e+00,4.473269283771514893e-01,5.516032576560974121e-01,1.658295989036560059e-01,1.906954050064086914e-01,3.987388610839843750e-01,5.022308230400085449e-01,2.668294906616210938e-01,2.613903284072875977e-01,1.209140196442604065e-01,5.040035769343376160e-02,2.311849147081375122e-01,3.014728724956512451e-01,9.703952074050903320e-02,1.522170603275299072e-01,4.500217363238334656e-02,3.129561617970466614e-02,2.867168784141540527e-01,3.873417377471923828e-01,2.607480287551879883e-01,2.938770949840545654e-01,2.261981368064880371e-01,3.592108786106109619e-01,1.117131114006042480e-01,1.063924655318260193e-01,1.172601431608200073e-01,-6.124393548816442490e-03,-1.642581634223461151e-02,1.654763333499431610e-02,1.774798184633255005e-01,9.489965438842773438e-02,1.212643906474113464e-01,1.653918623924255371e-01,1.871749013662338257e-01,2.311043441295623779e-01,1.602551192045211792e-01,2.035796940326690674e-01,2.810406088829040527e-01,2.021949142217636108e-01,2.492523491382598877e-01,1.839216798543930054e-01,1.913930773735046387e-01,1.763147860765457153e-01,1.043849214911460876e-01,1.154624670743942261e-01,3.903004825115203857e-01,3.633582592010498047e-01,2.942192852497100830e-01,3.321988284587860107e-01,4.474572539329528809e-01,4.709428846836090088e-01,5.085093975067138672e-01,5.371671319007873535e-01,4.787008166313171387e-01,3.754674494266510010e-01,3.068593740463256836e-01,2.994463145732879639e-01,2.689073979854583740e-01,1.348048448562622070e-01,-1.012889388948678970e-02,5.386764556169509888e-02,2.064477205276489258e-01,2.572528123855590820e-01,1.733487844467163086e-01,1.917036771774291992e-01,2.436922043561935425e-01,2.577160000801086426e-01,1.835117489099502563e-01,2.999623119831085205e-01,2.326404154300689697e-01,4.747380912303924561e-01,6.271213293075561523e-02,3.495961427688598633e-01,3.637637197971343994e-01,4.147877395153045654e-01,9.117642045021057129e-02,1.251026391983032227e-01,1.442832201719284058e-01,2.484735697507858276e-01,2.944721877574920654e-01,1.909600198268890381e-01,2.433372437953948975e-01,1.658252626657485962e-01,-1.738548576831817627e-01,-1.386257261037826538e-01,-1.361560821533203125e-01,-6.971220672130584717e-02,2.136106342077255249e-01,1.204089000821113586e-01,2.622754275798797607e-01,2.568340301513671875e-01,2.093745172023773193e-01,2.462269067764282227e-01,5.392715707421302795e-02,2.256310731172561646e-02,5.577158182859420776e-02,-6.372136622667312622e-02,4.024937748908996582e-02,-1.114525571465492249e-01,-1.061249524354934692e-01,9.984721243381500244e-02,8.094603568315505981e-02,2.008835822343826294e-01,-1.657017134130001068e-02,-4.984025657176971436e-02
5.298726558685302734e-01,3.849216699600219727e-01,4.569604396820068359e-01,4.075023531913757324e-01,2.006326764822006226e-01,2.960032224655151367e-01,5.808257460594177246e-01,4.195255637168884277e-01,3.764124512672424316e-01,3.135958313941955566e-01,6.488038897514343262e-01,4.473269283771514893e-01,9.999997019767761230e-01,4.262206554412841797e-01,2.250107079744338989e-01,2.645949423313140869e-01,4.372594356536865234e-01,2.914341986179351807e-01,3.445627689361572266e-01,1.840239465236663818e-01,1.550487875938415527e-01,1.737548857927322388e-01,3.969488441944122314e-01,3.577032983303070068e-01,2.339502573013305664e-01,3.171424269676208496e-01,1.108802482485771179e-01,1.769139021635055542e-01,3.002344369888305664e-01,2.363838106393814087e-01,3.777922987937927246e-01,4.304780662059783936e-01,2.247117310762405396e-01,2.159345895051956177e-01,1.527521163225173950e-01,7.766959816217422485e-02,1.743503659963607788e-01,-9.232702851295471191e-02,3.592186421155929565e-02,5.167123302817344666e-02,2.369956672191619873e-01,8.860336989164352417e-02,4.712975770235061646e-02,-5.627227481454610825e-03,1.855277866125106812e-01,1.046964675188064575e-01,7.885401695966720581e-02,4.956341907382011414e-02,3.026523888111114502e-01,1.231734454631805420e-01,2.187630981206893921e-01,6.279125809669494629e-02,1.214973777532577515e-01,3.387567400932312012e-02,8.735819160938262939e-02,-4.092337563633918762e-02,4.398642778396606445e-01,3.391433060169219971e-01,3.371861279010772705e-01,3.454436659812927246e-01,4.638278186321258545e-01,4.380516111850738525e-01,5.007588267326354980e-01,4.655386209487915039e-01,5.345252156257629395e-01,3.405184745788574219e-01,3.602178692817687988e-01,2.529271245002746582e-01,2.393717467784881592e-01,1.458903849124908447e-01,1.674054712057113647e-01,8.280755579471588135e-02,2.978133261203765869e-01,1.718981191515922546e-02,2.299930006265640259e-01,8.178110234439373016e-03,3.204402327537536621e-01,2.633986175060272217e-01,1.927188187837600708e-01,1.011537685990333557e-01,1.861034780740737915e-01,1.821655184030532837e-01,1.282016038894653320e-01,4.117268025875091553e-01,3.556656837463378906e-01,1.145417690277099609e-01,5.972338467836380005e-02,1.971960067749023438e-01,9.990231692790985107e-02,2.894837409257888794e-02,1.400815695524215698e-01,1.499928832054138184e-01,9.107488393783569336e-02,1.671006828546524048e-01,-1.147579401731491089e-01,-1.349578350782394409e-01,-1.194910556077957153e-01,-1.262074708938598633e-01,1.372957974672317505e-01,9.874183684587478638e-02,2.210657745599746704e-01,3.010201752185821533e-01,2.686163783073425293e-01,2.745567560195922852e-01,1.404277086257934570e-01,1.343399584293365479e-01,1.873556524515151978e-01,1.152849011123180389e-02,4.531245306134223938e-02,-1.389622986316680908e-01,-4.217844828963279724e-02,8.899480104446411133e-02,4.709209129214286804e-02,1.683550029993057251e-01,6.508179008960723877e-02,2.593744173645973206e-02
