1.000000119209289551e+00,3.697843551635742188e-01,4.337709248065948486e-01,-8.747020037844777107e-04,1.480077505111694336e-01,2.100133448839187622e-01,4.379275441169738770e-01,-1.120955124497413635e-02,4.019634723663330078e-01,2.038519680500030518e-01,5.215622782707214355e-01,1.180963441729545593e-01,5.080044865608215332e-01,1.653591543436050415e-01,2.986497282981872559e-01,1.461561918258666992e-01,1.514731943607330322e-01,2.252827435731887817e-01,5.925909280776977539e-01,3.223870992660522461e-01,7.282489538192749023e-02,1.608803868293762207e-01,2.296463400125503540e-01,-4.666482284665107727e-02,5.778468679636716843e-03,-6.324379146099090576e-02,2.751466929912567139e-01,2.783365547657012939e-01,1.102015078067779541e-01,1.311363428831100464e-01,1.837613135576248169e-01,2.993501350283622742e-02,4.604832231998443604e-01,2.438445240259170532e-01,8.751392364501953125e-03,-9.350433945655822754e-02,1.849994212388992310e-01,1.625634431838989258e-01,2.357184439897537231e-01,2.411901354789733887e-01,1.473751515150070190e-01,2.652787268161773682e-01,1.146036311984062195e-01,2.296784818172454834e-01,-1.295928210020065308e-01,9.376489371061325073e-02,1.688737720251083374e-01,1.302484422922134399e-01,9.252375364303588867e-02,1.424802094697952271e-01,1.580111384391784668e-01,7.661168277263641357e-02,1.509217768907546997e-01,1.868520528078079224e-01,1.411728262901306152e-01,2.749936282634735107e-01,6.890429258346557617e-01,2.025241106748580933e-01,3.570182919502258301e-01,3.058597212657332420e-04,4.765047430992126465e-01,1.334528625011444092e-01,3.085039854049682617e-01,1.217967346310615540e-01,5.005142465233802795e-02,-1.863802373409271240e-01,-4.574117809534072876e-02,-1.203503161668777466e-01,2.206234484910964966e-01,2.172799706459045410e-01,2.294525504112243652e-01,2.577340900897979736e-01,2.704738974571228027e-01,2.149779796600341797e-01,1.566821038722991943e-01,1.721682846546173096e-01,3.386307358741760254e-01,3.164765536785125732e-01,1.007911711931228638e-01,1.784504801034927368e-01,9.184168279170989990e-02,7.482314854860305786e-02,1.147247105836868286e-01,2.830069959163665771e-01,1.842773109674453735e-01,-8.320356160402297974e-02,1.391542851924896240e-01,4.053087532520294189e-01,1.949470192193984985e-01,9.935906529426574707e-02,-1.858432739973068237e-01,-8.305122703313827515e-02,-1.024705618619918823e-01,-9.080239385366439819e-02,-7.678943872451782227e-02,1.428393647074699402e-02,8.982685394585132599e-03,1.938194036483764648e-01,1.165925487875938416e-01,2.598200738430023193e-01,-3.707860410213470459e-02,-8.366114459931850433e-03,2.783286618068814278e-03,4.335626959800720215e-02,5.295739043503999710e-03,-3.608374297618865967e-02,-3.342670947313308716e-02,-1.615635156631469727e-01,2.399081178009510040e-02,1.736240983009338379e-01,2.717207558453083038e-02,-1.521681528538465500e-02,-2.478298544883728027e-02,1.281073987483978271e-01,5.015647504478693008e-03,-1.463686525821685791e-01
3.697843551635742188e-01,1.000000596046447754e+00,8.285500854253768921e-02,3.756095468997955322e-01,-1.020143702626228333e-01,1.350426822900772095e-01,2.269416600465774536e-01,3.468865156173706055e-01,-2.741673961281776428e-02,1.538707762956619263e-01,1.761054247617721558e-02,2.661801576614379883e-01,2.025852948427200317e-01,2.604411840438842773e-01,7.839355617761611938e-03,2.586829364299774170e-01,2.009405791759490967e-01,4.386509954929351807e-01,3.736959099769592285e-01,5.237190127372741699e-01,9.024096280336380005e-02,4.532587528228759766e-02,1.106743738055229187e-01,-1.015049666166305542e-01,-6.855806708335876465e-02,-7.868292927742004395e-02,1.337969326414167881e-03,9.685596078634262085e-02,1.678477674722671509e-01,9.808943420648574829e-02,7.459198683500289917e-02,1.384459137916564941e-01,3.701248466968536377e-01,4.993323087692260742e-01,-1.943469978868961334e-02,1.976413838565349579e-02,9.027858078479766846e-02,1.465038508176803589e-01,9.531743079423904419e-02,2.063397169113159180e-01,2.058169692754745483e-01,1.366107314825057983e-01,2.435430437326431274e-01,3.497401773929595947e-01,-5.835004150867462158e-02,2.529188096523284912e-01,2.891474068164825439e-01,2.799756228923797607e-01,1.783272027969360352e-01,3.690772056579589844e-01,2.009604722261428833e-01,3.643971681594848633e-01,3.173645734786987305e-01,2.620239257812500000e-01,8.391045778989791870e-02,3.386212289333343506e-01,3.547392487525939941e-01,6.878129839897155762e-01,2.692018151283264160e-01,3.996957540512084961e-01,4.699309170246124268e-02,3.966997563838958740e-01,5.794372782111167908e-02,4.782424569129943848e-01,-2.659713327884674072e-01,1.340826004743576050e-01,1.225196942687034607e-01,1.109178215265274048e-01,2.951160669326782227e-01,1.633878648281097412e-01,1.520446687936782837e-01,2.466563880443572998e-01,2.339481264352798462e-01,1.432562321424484253e-01,1.159155592322349548e-01,7.045738399028778076e-02,1.769318282604217529e-01,2.863745093345642090e-01,-4.413243383169174194e-02,1.567272543907165527e-01,7.248461246490478516e-02,3.986810445785522461e-01,1.615398973226547241e-01,2.393601536750793457e-01,1.128630042076110840e-01,1.842666715383529663e-01,1.724304258823394775e-01,1.995986551046371460e-01,-8.340603113174438477e-02,3.990409076213836670e-01,-1.039599403738975525e-01,-2.196026742458343506e-01,3.749254718422889709e-02,-1.211051344871520996e-01,-9.860286116600036621e-02,5.653326213359832764e-02,-3.714779391884803772e-03,1.226796880364418030e-01,2.106367498636245728e-01,1.767354756593704224e-01,1.280065178871154785e-01,6.783569604158401489e-02,1.529103964567184448e-01,7.053121924400329590e-02,2.616492286324501038e-02,-3.948828205466270447e-02,-9.492216631770133972e-04,-1.166498810052871704e-01,3.582700714468955994e-02,3.705934807658195496e-02,-1.391040347516536713e-02,-1.907259039580821991e-02,5.654909461736679077e-02,6.066025048494338989e-02,-3.690373897552490234e-02,-1.397222280502319336e-01
4.337709248065948486e-01,8.285500854253768921e-02,1.000000000000000000e+00,2.562606036663055420e-01,-4.347384721040725708e-02,3.330343961715698242e-02,5.116992592811584473e-01,1.712813526391983032e-01,1.286239027976989746e-01,-3.827613592147827148e-02,3.439337909221649170e-01,3.858718276023864746e-02,2.993932664394378662e-01,-6.420401483774185181e-02,1.466005444526672363e-01,-1.324246376752853394e-01,3.572683036327362061e-02,-1.391295194625854492e-01,4.196093678474426270e-01,1.601225137710571289e-01,9.979250282049179077e-02,9.477318823337554932e-02,4.516039788722991943e-01,2.736203372478485107e-01,-1.673403233289718628e-01,-2.348139584064483643e-01,1.542332023382186890e-01,9.010790288448333740e-02,8.082910627126693726e-02,-7.286333292722702026e-02,7.603115588426589966e-02,1.135188192129135132e-01,2.301810830831527710e-01,1.031099259853363037e-01,9.533456712961196899e-02,1.040888484567403793e-02,1.526567041873931885e-01,1.087050884962081909e-01,1.475147753953933716e-01,1.205543801188468933e-01,7.928925007581710815e-02,8.099669218063354492e-02,6.928993761539459229e-02,1.748124137520790100e-02,-1.020947471261024475e-01,-1.192035526037216187e-01,1.602578908205032349e-01,4.210685566067695618e-02,-2.911251969635486603e-02,-7.938241958618164062e-02,1.160176321864128113e-01,-7.280872762203216553e-02,1.330844461917877197e-01,2.316599898040294647e-02,2.360870540142059326e-01,3.470828756690025330e-02,2.402973026037216187e-01,-1.056429147720336914e-01,2.089671641588211060e-01,-1.259097456932067871e-02,3.000868856906890869e-01,-1.512330584228038788e-02,1.163715720176696777e-01,-1.174231618642807007e-01,2.861021757125854492e-01,-3.261716291308403015e-02,9.991324692964553833e-02,-4.365574941039085388e-02,1.427198052406311035e-01,6.032915413379669189e-02,6.443340331315994263e-02,7.789564877748489380e-02,1.079886332154273987e-01,-7.657244335860013962e-03,4.882417991757392883e-02,-1.466346159577369690e-02,5.794215947389602661e-02,9.609231725335121155e-03,1.520751863718032837e-01,-2.379226125776767731e-02,8.363135159015655518e-02,-2.292831838130950928e-01,1.445397436618804932e-01,-2.234923653304576874e-03,2.244895249605178833e-01,-1.204882040619850159e-01,5.170335620641708374e-02,1.746126860380172729e-01,1.156446635723114014e-01,-1.112036257982254028e-01,-3.962185978889465332e-02,-6.953028589487075806e-02,-5.099788308143615723e-02,-3.572205314412713051e-03,-8.558262884616851807e-02,-6.786279845982789993e-03,2.755188010632991791e-02,7.442659139633178711e-02,-3.381457179784774780e-02,-2.881086245179176331e-02,-1.345423012971878052e-01,1.870403625071048737e-02,-6.601813435554504395e-02,6.234081834554672241e-02,-3.005346981808543205e-03,-1.633113995194435120e-02,-1.198544353246688843e-01,-7.554065436124801636e-02,6.129821389913558960e-02,-9.662399068474769592e-03,4.424042254686355591e-02,-9.661614894866943359e-03,5.679782107472419739e-02,1.562149971723556519e-01,7.744367420673370361e-02,-8.402732014656066895e-02
-8.747020037844777107e-04,3.756095468997955322e-01,2.562606036663055420e-01,1.000000238418579102e+00,-1.418006867170333862e-01,9.225840121507644653e-02,7.644148170948028564e-02,5.966830849647521973e-01,-2.239310741424560547e-01,2.529655024409294128e-02,-5.128914490342140198e-02,3.202829658985137939e-01,-8.229026198387145996e-02,1.721742898225784302e-01,-5.873170122504234314e-02,1.622683256864547729e-01,3.743427991867065430e-02,7.181047648191452026e-02,2.248844206333160400e-01,3.723472654819488525e-01,1.125270426273345947e-01,-3.327543288469314575e-02,2.538605928421020508e-01,4.288156330585479736e-01,-1.067306548357009888e-01,-2.946758642792701721e-02,-6.767203658819198608e-02,1.042645145207643509e-02,7.075906544923782349e-02,6.014858558773994446e-02,1.727930009365081787e-01,4.282054305076599121e-01,2.058703154325485229e-01,4.144278466701507568e-01,1.016985401511192322e-01,2.133507728576660156e-01,-4.549595993012189865e-03,2.927891351282596588e-02,-4.245035350322723389e-02,5.144401639699935913e-02,1.027980893850326538e-01,-3.277622163295745850e-02,6.617306172847747803e-02,7.686985284090042114e-02,-1.301024258136749268e-01,7.557215541601181030e-02,1.455491483211517334e-01,1.697755455970764160e-01,6.968357600271701813e-03,1.589564681053161621e-01,1.818228065967559814e-01,1.934252977371215820e-01,2.335100024938583374e-01,7.586638629436492920e-02,4.881445318460464478e-02,1.009064018726348877e-01,-1.275616977363824844e-02,2.169283032417297363e-01,1.226800829172134399e-01,3.480724692344665527e-01,-1.293151378631591797e-01,2.243437767028808594e-01,-6.135078892111778259e-02,1.321005076169967651e-01,-2.072879485785961151e-02,4.344036579132080078e-01,1.569050252437591553e-01,2.637317180633544922e-01,1.642600744962692261e-01,-1.201475411653518677e-02,-1.422615814954042435e-02,9.501325339078903198e-02,8.271020837128162384e-03,2.887657098472118378e-02,-2.714085020124912262e-02,-7.400753349065780640e-02,-9.145111776888370514e-03,6.458558142185211182e-02,2.713532932102680206e-02,2.261273190379142761e-02,1.142663732171058655e-01,1.692484617233276367e-01,1.716289073228836060e-01,-3.752654790878295898e-02,1.690561175346374512e-01,3.951212465763092041e-01,1.365605443716049194e-01,9.850396960973739624e-02,-1.616516709327697754e-01,2.880531847476959229e-01,2.257679589092731476e-04,-2.139714360237121582e-01,8.303807675838470459e-02,-7.634298503398895264e-02,-1.087106391787528992e-01,-5.128056183457374573e-02,-1.034176945686340332e-01,-1.668928377330303192e-02,1.306685525923967361e-02,-9.804045408964157104e-02,1.733586937189102173e-02,-1.679021748714148998e-03,1.870995387434959412e-02,-6.209603161551058292e-04,-7.472953945398330688e-02,-9.804568439722061157e-02,-1.048669144511222839e-01,-1.186429262161254883e-01,7.838089950382709503e-03,-8.267271518707275391e-02,-2.735630236566066742e-02,-1.557912081480026245e-01,8.659397065639495850e-02,7.653580605983734131e-02,4.498750716447830200e-02,-1.224651262164115906e-01
1.480077505111694336e-01,-1.020143702626228333e-01,-4.347384721040725708e-02,-1.418006867170333862e-01,9.999998807907104492e-01,4.789533615112304688e-01,-7.165961712598800659e-02,-1.970335841178894043e-01,5.090273618698120117e-01,4.099941849708557129e-01,1.785605996847152710e-01,3.057180158793926239e-02,5.848424136638641357e-02,7.331813126802444458e-02,2.960183024406433105e-01,2.136509418487548828e-01,-2.354846745729446411e-01,-1.448390483856201172e-01,1.076897010207176208e-01,-5.502300709486007690e-02,7.842423021793365479e-02,1.725354343652725220e-01,-1.226076576858758926e-02,-3.037174791097640991e-02,2.973661720752716064e-01,3.011494874954223633e-01,4.462078213691711426e-01,4.562746286392211914e-01,-1.441869288682937622e-01,-6.068830192089080811e-02,1.804526001214981079e-01,-3.135400637984275818e-02,-5.365240573883056641e-02,-2.019878029823303223e-01,-7.461059093475341797e-02,-1.417290121316909790e-01,2.234147302806377411e-02,-4.987158253788948059e-02,-4.937545582652091980e-02,-1.452070940285921097e-02,6.089985370635986328e-02,7.438695430755615234e-02,-2.192208543419837952e-02,6.631341576576232910e-02,-6.609638780355453491e-02,5.959969945251941681e-03,-2.408976852893829346e-01,-1.358291953802108765e-01,-5.402057617902755737e-02,-5.164592526853084564e-03,-3.249144181609153748e-02,-1.201358716934919357e-02,-1.649386882781982422e-01,8.151888847351074219e-02,-2.498897612094879150e-01,4.652182757854461670e-02,1.034716144204139709e-01,-1.232792809605598450e-01,-6.589441001415252686e-02,-2.133904695510864258e-01,5.269795656204223633e-02,-7.837089151144027710e-02,4.425315652042627335e-03,-1.320557296276092529e-01,-7.081583142280578613e-02,-1.224692463874816895e-01,-1.882036924362182617e-01,-8.825923502445220947e-02,-1.719463765621185303e-01,3.306135162711143494e-02,4.577047005295753479e-02,1.467353105545043945e-02,-6.864040344953536987e-02,-5.085530877113342285e-02,1.533685717731714249e-02,5.897551774978637695e-02,1.394694857299327850e-02,2.267880737781524658e-02,-1.161999776959419250e-01,-5.454467236995697021e-02,-1.921448707580566406e-01,-1.489410698413848877e-01,5.897148326039314270e-02,7.233566790819168091e-02,-1.178971827030181885e-01,-1.066441088914871216e-02,1.161734908819198608e-01,9.490441530942916870e-02,8.644439280033111572e-02,2.258595265448093414e-02,-2.600772678852081299e-01,-2.144614420831203461e-02,-8.904118835926055908e-02,-2.490779943764209747e-02,-1.010541766881942749e-01,-7.226197049021720886e-03,-1.547026336193084717e-01,5.976041313260793686e-03,-6.353603303432464600e-02,1.448171734809875488e-01,-9.184629470109939575e-02,-1.442388892173767090e-01,-1.865120232105255127e-01,-2.216286361217498779e-01,-7.867886871099472046e-02,-1.087588537484407425e-02,5.555268004536628723e-02,1.315832976251840591e-02,-9.956616163253784180e-02,3.202854190021753311e-03,-2.066434323787689209e-01,-1.312272548675537109e-01,-1.776657849550247192e-01,-1.117844060063362122e-01,-1.408261209726333618e-01,-1.402125656604766846e-01
2.100133448839187622e-01,1.350426822900772095e-01,3.330343961715698242e-02,9.225840121507644653e-02,4.789533615112304688e-01,9.999995231628417969e-01,-1.129586249589920044e-01,-1.091382205486297607e-01,3.700256049633026123e-01,5.636870861053466797e-01,1.177355498075485229e-01,1.098280400037765503e-01,-1.203046739101409912e-02,4.035022109746932983e-02,2.493874132633209229e-01,3.997096419334411621e-01,-1.645838022232055664e-01,1.844818890094757080e-02,2.604863047599792480e-01,1.099141240119934082e-01,2.403998672962188721e-01,2.547636628150939941e-01,9.678185731172561646e-02,4.298487212508916855e-03,2.767240107059478760e-01,2.720283567905426025e-01,4.584762752056121826e-01,5.485767126083374023e-01,2.401743456721305847e-02,2.636297233402729034e-02,1.882827132940292358e-01,1.821459084749221802e-01,4.216365143656730652e-02,-3.270996361970901489e-02,-1.539386156946420670e-02,-2.781841717660427094e-02,1.376672089099884033e-01,5.111538991332054138e-02,6.737791001796722412e-02,1.165450587868690491e-01,1.600264310836791992e-01,2.359792143106460571e-01,3.143766894936561584e-02,1.428846567869186401e-01,-6.611737608909606934e-02,4.089990630745887756e-02,-7.502518594264984131e-02,-7.625519484281539917e-02,-2.183017134666442871e-02,7.168433815240859985e-02,-2.269897609949111938e-02,5.770864337682723999e-02,-5.602180957794189453e-02,1.289120465517044067e-01,-1.689463704824447632e-01,1.149779036641120911e-01,2.438240945339202881e-01,1.353032439947128296e-01,-9.814174845814704895e-03,-4.315016791224479675e-03,6.232714746147394180e-03,3.277190774679183960e-02,-8.869910240173339844e-02,2.537455409765243530e-03,-1.539228260517120361e-01,1.219335198402404785e-02,-1.322708427906036377e-01,-1.101482121157459915e-04,1.142238266766071320e-02,9.670084714889526367e-02,1.460424363613128662e-01,1.656655222177505493e-01,8.839907497167587280e-02,1.871992461383342743e-02,1.063202768564224243e-01,8.217237144708633423e-02,9.769185446202754974e-03,7.965625822544097900e-02,-8.423874527215957642e-02,3.821218758821487427e-02,-1.331958174705505371e-01,-3.177066892385482788e-02,1.209888756275177002e-01,1.505739241838455200e-01,1.507242489606142044e-02,9.374494850635528564e-02,1.223744675517082214e-01,8.676831424236297607e-02,5.121279135346412659e-02,1.089335158467292786e-01,-3.311259746551513672e-01,-9.458511322736740112e-02,-9.507823735475540161e-02,-9.602963924407958984e-02,-4.977411031723022461e-02,1.857301592826843262e-02,-1.450592577457427979e-01,-1.940057985484600067e-02,-1.585758775472640991e-01,8.423148840665817261e-02,-8.273834735155105591e-02,-1.353972852230072021e-01,-1.566163748502731323e-01,-2.349766790866851807e-01,-9.083569049835205078e-02,-2.849048189818859100e-02,2.875814214348793030e-03,-6.153176352381706238e-02,-1.222601085901260376e-01,3.173653036355972290e-02,-2.102757543325424194e-01,-6.976690888404846191e-02,-2.062771767377853394e-01,-1.722120344638824463e-01,-9.560021758079528809e-02,-8.358159661293029785e-02
4.379275441169738770e-01,2.269416600465774536e-01,5.116992592811584473e-01,7.644148170948028564e-02,-7.165961712598800659e-02,-1.129586249589920044e-01,1.000000000000000000e+00,2.982527911663055420e-01,1.655945032835006714e-01,-6.944982707500457764e-02,3.523241877555847168e-01,5.452839657664299011e-02,5.509350895881652832e-01,9.058199822902679443e-02,1.872939318418502808e-01,-8.858676999807357788e-02,2.397408932447433472e-01,2.211861908435821533e-01,2.705165445804595947e-01,2.442214488983154297e-01,1.257223039865493774e-01,-4.228423163294792175e-02,8.439282327890396118e-02,1.730589196085929871e-02,-3.122613131999969482e-01,-3.766248822212219238e-01,3.661023825407028198e-02,-4.821765795350074768e-02,2.051884829998016357e-01,-3.380220010876655579e-02,5.179449170827865601e-02,-8.268107473850250244e-02,3.077941536903381348e-01,2.932294011116027832e-01,-2.133923918008804321e-01,-2.380608320236206055e-01,-1.419381331652402878e-02,-1.044200733304023743e-02,-1.989249512553215027e-02,-1.795241981744766235e-02,9.861841797828674316e-02,4.055682569742202759e-02,2.174756973981857300e-01,1.185576021671295166e-01,1.036021113395690918e-02,1.518044620752334595e-02,2.268361896276473999e-01,9.368275851011276245e-02,1.758621931076049805e-01,1.017348766326904297e-01,1.963479965925216675e-01,9.716647863388061523e-02,1.590628176927566528e-01,1.808976382017135620e-02,6.533358246088027954e-02,-1.005097106099128723e-02,1.978264451026916504e-01,5.453290790319442749e-02,2.441461384296417236e-01,-1.064810995012521744e-02,3.428774178028106689e-01,1.647845208644866943e-01,3.086150288581848145e-01,2.604480981826782227e-01,1.343148178420960903e-04,-1.031906902790069580e-01,-4.837966989725828171e-03,-1.779054254293441772e-01,1.796202510595321655e-01,-2.389213535934686661e-03,1.467197835445404053e-01,5.355520546436309814e-02,2.158930599689483643e-01,-1.870631799101829529e-02,8.544218540191650391e-02,3.085200302302837372e-02,1.106647029519081116e-01,-8.881380781531333923e-03,1.587547920644283295e-02,3.238247707486152649e-02,1.471953243017196655e-01,5.332608148455619812e-02,1.263103485107421875e-01,5.842139013111591339e-03,1.213400140404701233e-01,-2.301936149597167969e-01,-4.749890044331550598e-02,6.384427100419998169e-02,-8.505610376596450806e-02,-1.068728417158126831e-01,1.102129593491554260e-01,-1.329291015863418579e-01,8.696521818637847900e-02,-2.868721820414066315e-02,-1.526207923889160156e-01,-5.827725306153297424e-02,1.258231140673160553e-02,9.330522269010543823e-02,1.710740178823471069e-01,2.026930078864097595e-02,5.014960840344429016e-02,1.200630515813827515e-01,1.171397864818572998e-01,1.680870801210403442e-01,5.798390135169029236e-02,4.127935320138931274e-02,-8.754672110080718994e-02,8.802180737257003784e-02,-3.835198655724525452e-02,6.719142198562622070e-02,-4.813574720174074173e-03,3.402726724743843079e-02,1.524518579244613647e-01,2.416983693838119507e-01,1.508646607398986816e-01,-1.060743704438209534e-01
-1.120955124497413635e-02,3.468865156173706055e-01,1.712813526391983032e-01,5.966830849647521973e-01,-1.970335841178894043e-01,-1.091382205486297607e-01,2.982527911663055420e-01,1.000000357627868652e+00,-2.385774254798889160e-01,-1.181413903832435608e-01,-7.649256289005279541e-02,3.283072710037231445e-01,1.809739624150097370e-03,2.540759444236755371e-01,-1.013434454798698425e-01,2.759614400565624237e-02,6.531851738691329956e-02,1.953246891498565674e-01,1.158978864550590515e-01,3.037286102771759033e-01,4.131822660565376282e-02,-8.949530869722366333e-02,6.589373946189880371e-02,1.625645458698272705e-01,-2.859078347682952881e-01,-2.185898125171661377e-01,-2.102659344673156738e-01,-1.218960881233215332e-01,1.073966249823570251e-01,3.706268593668937683e-02,-1.146203558892011642e-02,2.300034761428833008e-01,2.250357419252395630e-01,4.227734804153442383e-01,-1.965883970260620117e-01,-6.038127094507217407e-02,-1.002891063690185547e-01,2.065729722380638123e-02,-1.420013010501861572e-01,6.882317364215850830e-02,7.088625431060791016e-02,-8.865886367857456207e-03,2.105590328574180603e-02,-1.163330301642417908e-02,-1.176361739635467529e-01,7.801229506731033325e-02,1.272271573543548584e-01,1.863908618688583374e-01,-4.135285969823598862e-03,1.409683078527450562e-01,1.217264682054519653e-01,2.155152708292007446e-01,2.148574888706207275e-01,8.127326518297195435e-02,8.510639518499374390e-02,1.239621862769126892e-01,-1.356776952743530273e-01,2.174754738807678223e-01,1.191785559058189392e-01,3.280451297760009766e-01,1.628101617097854614e-02,3.934824764728546143e-01,5.607470124959945679e-02,3.232606053352355957e-01,-9.952864050865173340e-02,3.902099132537841797e-01,2.515178546309471130e-02,1.476587206125259399e-01,1.323789507150650024e-01,-1.117571629583835602e-02,-9.387155622243881226e-02,5.574328452348709106e-02,8.529505133628845215e-02,3.071843832731246948e-02,6.317287683486938477e-02,-3.367051109671592712e-02,3.630774840712547302e-02,2.560742385685443878e-02,-6.651427596807479858e-02,4.669753462076187134e-02,1.072786375880241394e-02,2.258259505033493042e-01,1.148861646652221680e-01,-3.145223855972290039e-02,-7.441893965005874634e-02,1.599459350109100342e-01,-9.550370275974273682e-03,2.040796168148517609e-02,-2.056868672370910645e-01,2.871852517127990723e-01,1.339056342840194702e-01,-1.372910737991333008e-01,1.546805948019027710e-01,3.984956536442041397e-03,-8.958061039447784424e-02,-2.747069671750068665e-02,-4.941069055348634720e-03,1.023373007774353027e-01,1.686220914125442505e-01,-1.433623768389225006e-02,7.895097881555557251e-02,1.033055260777473450e-01,6.838047504425048828e-02,1.011286452412605286e-01,-7.883471250534057617e-02,-6.556488573551177979e-02,-1.255861818790435791e-01,-1.373528968542814255e-02,-3.247773507609963417e-03,-4.888151213526725769e-02,-2.720883674919605255e-02,-6.207026913762092590e-02,1.664141863584518433e-01,1.736955493688583374e-01,9.492842853069305420e-02,-8.739617466926574707e-02
4.019634723663330078e-01,-2.741673961281776428e-02,1.286239027976989746e-01,-2.239310741424560547e-01,5.090273618698120117e-01,3.700256049633026123e-01,1.655945032835006714e-01,-2.385774254798889160e-01,1.000000476837158203e+00,5.086429715156555176e-01,3.553640842437744141e-01,2.024795301258563995e-02,3.341218233108520508e-01,6.203741580247879028e-02,4.966410696506500244e-01,2.809614539146423340e-01,-1.013822257518768311e-01,-9.094200283288955688e-02,2.547262310981750488e-01,4.930711816996335983e-03,1.952871531248092651e-01,2.695159018039703369e-01,1.847314536571502686e-01,-6.312666460871696472e-03,2.746539413928985596e-01,1.718349158763885498e-01,4.953323602676391602e-01,4.663711190223693848e-01,-1.374141126871109009e-02,-5.083424225449562073e-02,2.205093055963516235e-01,-1.689701527357101440e-02,1.225958317518234253e-01,-7.065019756555557251e-02,-5.067458003759384155e-02,-1.422733664512634277e-01,1.618657410144805908e-01,8.373205363750457764e-02,1.527771949768066406e-01,1.488781720399856567e-01,1.236286312341690063e-01,2.266203314065933228e-01,-3.118414245545864105e-02,7.356400787830352783e-02,-1.674471348524093628e-01,-8.999124914407730103e-02,-1.515919566154479980e-01,-1.537695527076721191e-01,-8.270152658224105835e-02,-8.204741030931472778e-02,-1.549056638032197952e-02,-7.348575443029403687e-02,-1.139091998338699341e-01,9.812320768833160400e-02,-1.511581391096115112e-01,1.368827670812606812e-01,2.642705440521240234e-01,-1.063629016280174255e-01,9.951385669410228729e-03,-3.290198147296905518e-01,2.421973943710327148e-01,-6.741521507501602173e-02,6.760836392641067505e-02,-1.301679015159606934e-01,1.056772395968437195e-01,-1.725797206163406372e-01,-1.945875138044357300e-01,-1.647286862134933472e-01,5.306975450366735458e-03,1.408423334360122681e-01,1.275853067636489868e-01,9.148830920457839966e-02,9.506142884492874146e-02,4.330082237720489502e-02,1.122704893350601196e-01,1.588668674230575562e-01,1.741341203451156616e-01,9.034691005945205688e-02,-7.070569694042205811e-02,3.275650367140769958e-02,-1.523630619049072266e-01,-1.447387635707855225e-01,1.016464531421661377e-01,2.012531608343124390e-01,2.170822769403457642e-02,-6.568321585655212402e-02,1.701247394084930420e-01,2.132004201412200928e-01,2.384018450975418091e-01,5.175939947366714478e-02,-2.688845396041870117e-01,-1.443652212619781494e-01,-1.243827939033508301e-01,-1.018537506461143494e-01,-9.865648113191127777e-03,6.648559123277664185e-02,-4.100857675075531006e-02,8.652005344629287720e-02,-1.060966849327087402e-01,8.305159956216812134e-02,-6.173236668109893799e-02,-1.289942562580108643e-01,-1.059737429022789001e-01,-1.812048554420471191e-01,3.134991740807890892e-03,-1.245556119829416275e-02,1.092125177383422852e-01,-6.108613312244415283e-02,-2.429442247375845909e-03,1.986794322729110718e-01,-1.320564299821853638e-01,-1.181452274322509766e-01,-1.727107018232345581e-01,-4.435014724731445312e-02,-5.008969083428382874e-02,-1.537661999464035034e-01
2.038519680500030518e-01,1.538707762956619263e-01,-3.827613592147827148e-02,2.529655024409294128e-02,4.099941849708557129e-01,5.636870861053466797e-01,-6.944982707500457764e-02,-1.181413903832435608e-01,5.086429715156555176e-01,1.000000357627868652e+00,8.259598910808563232e-02,1.043733302503824234e-02,-6.785637233406305313e-03,-5.081195384263992310e-02,2.899182438850402832e-01,4.489749372005462646e-01,-2.295647710561752319e-01,-1.322892121970653534e-02,2.313370555639266968e-01,1.084194034337997437e-01,7.299180328845977783e-02,1.332185864448547363e-01,3.362034633755683899e-02,-4.846834391355514526e-02,2.317070662975311279e-01,1.335069686174392700e-01,4.279998838901519775e-01,4.714371860027313232e-01,-1.362349092960357666e-01,-1.063211560249328613e-01,7.139214873313903809e-02,-6.444101221859455109e-03,-5.315891280770301819e-02,-1.069757193326950073e-01,-4.747489839792251587e-02,-5.100558698177337646e-02,4.968525096774101257e-02,-5.919579882174730301e-03,6.007969379425048828e-02,7.519774138927459717e-02,4.942310601472854614e-02,1.110820695757865906e-01,3.726527839899063110e-02,1.784553229808807373e-01,-1.131601706147193909e-01,-1.809096522629261017e-02,6.639316212385892868e-03,-2.462206780910491943e-02,-5.659482255578041077e-02,4.030961543321609497e-02,-5.171890929341316223e-02,5.442578345537185669e-03,2.958938712254166603e-03,6.671653687953948975e-02,-1.852883696556091309e-01,7.147835940122604370e-02,2.255759686231613159e-01,1.838478147983551025e-01,-7.228449732065200806e-02,-4.633053764700889587e-02,-7.090810686349868774e-02,1.039512529969215393e-01,-1.766281872987747192e-01,2.936428040266036987e-02,-1.658105552196502686e-01,-5.004313774406909943e-03,-2.253997027873992920e-01,-1.249765902757644653e-01,3.669875673949718475e-03,7.679425925016403198e-02,-6.635673344135284424e-03,4.541525989770889282e-02,-8.111255615949630737e-02,-1.627925038337707520e-01,-9.193114936351776123e-02,-7.029827684164047241e-02,-3.568766266107559204e-02,3.821428865194320679e-02,-1.578877717256546021e-01,-7.293518632650375366e-03,-2.569231092929840088e-01,-6.068118661642074585e-02,2.535209432244300842e-02,9.356878697872161865e-02,-8.047941327095031738e-02,2.487579919397830963e-02,6.021445989608764648e-02,1.234066337347030640e-01,-6.241305917501449585e-02,1.167420819401741028e-01,-2.875045537948608398e-01,-7.955955713987350464e-02,-1.859088242053985596e-02,-6.060594692826271057e-02,3.342360630631446838e-02,4.693219065666198730e-02,-4.922187328338623047e-02,1.949088461697101593e-02,-1.675931736826896667e-02,8.998204022645950317e-02,-3.791040182113647461e-02,-1.684844642877578735e-01,-4.623061791062355042e-02,-2.269559651613235474e-01,3.148533776402473450e-02,2.151298709213733673e-02,5.293837562203407288e-02,-3.703653812408447266e-02,-6.976479291915893555e-02,1.561430841684341431e-01,-5.485490337014198303e-02,-7.988807745277881622e-03,-1.391546279191970825e-01,-1.815266460180282593e-01,-7.608542591333389282e-02,-1.589030176401138306e-01
5.215622782707214355e-01,1.761054247617721558e-02,3.439337909221649170e-01,-5.128914490342140198e-02,1.785605996847152710e-01,1.177355498075485229e-01,3.523241877555847168e-01,-7.649256289005279541e-02,3.553640842437744141e-01,8.259598910808563232e-02,1.000000357627868652e+00,2.292521893978118896e-01,5.991399288177490234e-01,2.410747110843658447e-01,2.897141277790069580e-01,5.155029147863388062e-02,2.457734942436218262e-01,3.642265871167182922e-02,3.240503668785095215e-01,2.805728465318679810e-02,1.166283488273620605e-01,2.593350112438201904e-01,2.546718120574951172e-01,1.445796340703964233e-01,4.641185048967599869e-03,-5.230181291699409485e-02,2.101029753684997559e-01,2.391878515481948853e-01,2.066504061222076416e-01,1.527113169431686401e-01,2.254187315702438354e-01,5.510584264993667603e-02,2.956944108009338379e-01,1.216441690921783447e-01,3.862978518009185791e-02,-6.738390773534774780e-02,2.138148248195648193e-01,8.658679574728012085e-02,2.248899638652801514e-01,1.401498615741729736e-01,1.425027698278427124e-01,1.848740875720977783e-01,7.568244636058807373e-02,1.551328003406524658e-01,-5.894296243786811829e-02,-1.785962260328233242e-03,9.564468264579772949e-02,5.959737673401832581e-02,4.519519582390785217e-02,4.986936692148447037e-03,1.947363615036010742e-01,3.640744369477033615e-03,6.647264212369918823e-02,2.053582072257995605e-01,7.245181500911712646e-02,8.645074814558029175e-02,3.211897015571594238e-01,-2.118779718875885010e-01,4.781293869018554688e-02,-2.878643572330474854e-01,3.390547037124633789e-01,-1.114235371351242065e-01,3.308424353599548340e-01,-1.357325017452239990e-01,2.297326326370239258e-01,-9.233710169792175293e-02,-1.636449843645095825e-01,-1.890445649623870850e-01,-3.506826236844062805e-02,-6.155290454626083374e-02,2.214082777500152588e-01,1.488947868347167969e-01,2.595184743404388428e-01,1.508557647466659546e-01,1.437227874994277954e-01,1.715891808271408081e-01,2.892211973667144775e-01,2.249415665864944458e-01,2.348713278770446777e-01,1.690576076507568359e-01,1.948350965976715088e-01,1.598005928099155426e-02,1.267943233251571655e-01,2.198271900415420532e-01,2.612984478473663330e-01,3.738510236144065857e-02,1.055530160665512085e-01,4.107553660869598389e-01,1.510432511568069458e-01,-6.250584870576858521e-02,-6.805063039064407349e-02,-3.185254335403442383e-02,-2.534342184662818909e-02,-1.231547072529792786e-01,-4.199814051389694214e-02,-1.979674398899078369e-02,-5.409455671906471252e-02,1.144761666655540466e-01,-1.007799711078405380e-02,1.517830193042755127e-01,-6.683941930532455444e-02,-7.715647667646408081e-02,-8.509268611669540405e-02,-6.341043859720230103e-02,-3.134692832827568054e-02,-9.301774948835372925e-02,-6.980621814727783203e-02,-1.817261576652526855e-01,-2.242140285670757294e-02,8.605779707431793213e-02,4.865288734436035156e-02,-3.491190820932388306e-02,-4.210982844233512878e-02,1.763598062098026276e-02,-1.208465639501810074e-02,-3.635217621922492981e-02
1.180963441729545593e-01,2.661801576614379883e-01,3.858718276023864746e-02,3.202829658985137939e-01,3.057180158793926239e-02,1.098280400037765503e-01,5.452839657664299011e-02,3.283072710037231445e-01,2.024795301258563995e-02,1.043733302503824234e-02,2.292521893978118896e-01,1.000000596046447754e+00,2.149793058633804321e-01,5.512487292289733887e-01,1.301079839468002319e-01,1.643157154321670532e-01,1.856146156787872314e-01,2.019743025302886963e-01,1.566156744956970215e-01,1.376585364341735840e-01,2.812369763851165771e-01,8.199403434991836548e-02,3.307058811187744141e-01,2.079287916421890259e-01,1.125739216804504395e-01,1.615822613239288330e-01,9.857706725597381592e-03,1.326028406620025635e-01,2.650723457336425781e-01,3.397801518440246582e-01,3.661261498928070068e-01,4.481541216373443604e-01,2.360504120588302612e-01,3.343471884727478027e-01,7.563561201095581055e-02,8.882889151573181152e-02,1.311496645212173462e-01,7.704693824052810669e-02,7.600162923336029053e-02,1.118196994066238403e-01,1.633971631526947021e-01,1.213555410504341125e-01,-3.531790524721145630e-02,5.835961550474166870e-02,-1.072653457522392273e-01,2.235974557697772980e-02,-5.537897348403930664e-02,2.644569985568523407e-02,-3.683453425765037537e-02,7.860075682401657104e-02,9.864217787981033325e-02,1.117831617593765259e-01,3.672872902825474739e-03,1.891694366931915283e-01,-9.810487926006317139e-02,1.031226515769958496e-01,-2.210877276957035065e-02,6.870509684085845947e-02,-4.377438500523567200e-02,5.538504943251609802e-02,5.010303854942321777e-02,1.058037653565406799e-01,7.545554637908935547e-02,7.221924513578414917e-02,1.730939000844955444e-01,3.832609653472900391e-01,-5.360542982816696167e-02,4.906851053237915039e-02,2.545549999922513962e-03,-4.214221239089965820e-02,2.141805738210678101e-01,2.453626543283462524e-01,2.335480153560638428e-01,2.494972050189971924e-01,2.018850147724151611e-01,2.024916261434555054e-01,2.228099256753921509e-01,2.122348099946975708e-01,8.251004666090011597e-02,8.048022538423538208e-02,1.618173420429229736e-01,2.941121160984039307e-01,1.465613842010498047e-01,1.226931810379028320e-01,2.158497571945190430e-01,3.990207314491271973e-01,1.072688549757003784e-01,1.609347313642501831e-01,-3.034127689898014069e-02,1.716394424438476562e-01,-1.615363731980323792e-02,-1.329893320798873901e-01,3.773393854498863220e-02,-7.470785081386566162e-02,-1.585400700569152832e-01,-5.984508246183395386e-02,-1.212112903594970703e-01,-7.037457078695297241e-02,-9.180246293544769287e-02,-2.100260555744171143e-02,1.075604744255542755e-02,2.078768424689769745e-02,-1.582867205142974854e-01,-4.543501511216163635e-02,-2.441675812005996704e-01,-2.118363529443740845e-01,-1.149681210517883301e-01,-1.929164826869964600e-01,-3.191404789686203003e-02,-2.766771614551544189e-02,-6.892330199480056763e-02,-1.297526359558105469e-01,2.797202952206134796e-02,5.422586202621459961e-02,1.338347233831882477e-02,-3.746963292360305786e-02
5.080044865608215332e-01,2.025852948427200317e-01,2.993932664394378662e-01,-8.229026198387145996e-02,5.848424136638641357e-02,-1.203046739101409912e-02,5.509350895881652832e-01,1.809739624150097370e-03,3.341218233108520508e-01,-6.785637233406305313e-03,5.991399288177490234e-01,2.149793058633804321e-01,1.000000119209289551e+00,3.008410930633544922e-01,3.196486234664916992e-01,5.745632573962211609e-02,3.086206614971160889e-01,1.684310138225555420e-01,2.552045285701751709e-01,8.589173108339309692e-02,1.502335816621780396e-01,1.332750618457794189e-01,2.076190412044525146e-01,4.764804244041442871e-02,-5.445050820708274841e-02,-1.038258746266365051e-01,1.364633888006210327e-01,9.196861833333969116e-02,3.236335515975952148e-01,1.484976708889007568e-01,2.151127308607101440e-01,5.296187475323677063e-03,2.985848188400268555e-01,2.067771106958389282e-01,-2.139845490455627441e-02,-7.507403939962387085e-02,1.964010894298553467e-01,8.186861872673034668e-02,1.825304329395294189e-01,1.118859946727752686e-01,1.852078884840011597e-01,1.461496353149414062e-01,1.373725235462188721e-01,1.954053193330764771e-01,4.957222845405340195e-03,4.762570187449455261e-02,1.104601398110389709e-01,4.570259153842926025e-02,1.643492579460144043e-01,9.868738055229187012e-02,1.975120306015014648e-01,1.058709844946861267e-01,1.142860352993011475e-01,1.469611376523971558e-01,4.975202679634094238e-02,7.623653113842010498e-02,3.181289136409759521e-01,-5.885411519557237625e-03,1.428020596504211426e-01,-1.301896572113037109e-01,3.991421163082122803e-01,6.216145679354667664e-02,3.560090959072113037e-01,9.493676573038101196e-02,1.741327792406082153e-01,-7.753471285104751587e-02,-4.397695511579513550e-02,-1.792077869176864624e-01,8.609463274478912354e-02,-5.427376367151737213e-03,3.065973222255706787e-01,1.896129548549652100e-01,3.452171981334686279e-01,2.155216485261917114e-01,2.138332575559616089e-01,2.276346087455749512e-01,3.242884576320648193e-01,2.157172560691833496e-01,1.033710241317749023e-01,1.508222818374633789e-01,2.294967770576477051e-01,1.305347383022308350e-01,1.534325331449508667e-01,1.998835653066635132e-01,3.030225932598114014e-01,-4.005804657936096191e-03,1.056511551141738892e-01,2.526543140411376953e-01,9.866940975189208984e-02,-9.926738590002059937e-02,7.029425352811813354e-02,-9.556894749402999878e-02,4.938053712248802185e-02,-8.043508231639862061e-02,-5.288523435592651367e-02,1.659397967159748077e-02,-7.090371567755937576e-03,1.160941869020462036e-01,6.421986222267150879e-02,1.222496777772903442e-01,8.012719452381134033e-02,6.191908940672874451e-02,6.561361253261566162e-02,6.841420382261276245e-02,2.942806854844093323e-02,6.386241875588893890e-03,3.992852196097373962e-02,-4.229424148797988892e-02,-2.915187738835811615e-03,1.126027852296829224e-01,2.932891622185707092e-02,3.304947167634963989e-02,3.578186035156250000e-02,1.383638679981231689e-01,7.368341088294982910e-02,-8.556003868579864502e-02
