9.999997615814208984e-01,3.288422822952270508e-01,2.580105066299438477e-01,1.375119239091873169e-01,-1.056664288043975830e-01,-7.538738101720809937e-02,1.761413812637329102e-01,5.373928579501807690e-04,-1.555175185203552246e-01,-1.655129045248031616e-01,2.914400398731231689e-01,1.154999732971191406e-01,-2.792666293680667877e-02,-8.366828411817550659e-02,-1.938380002975463867e-01,-2.101385146379470825e-01,3.919914066791534424e-01,2.055521905422210693e-01,5.122061371803283691e-01,4.931475818157196045e-01,1.136230751872062683e-01,1.267043799161911011e-01,-7.038331031799316406e-02,-7.810624688863754272e-02,-2.001307010650634766e-01,-1.925293207168579102e-01,-1.897699385881423950e-01,-1.843398958444595337e-01,1.434273421764373779e-01,5.247776210308074951e-02,-7.523468136787414551e-02,-3.501264750957489014e-02,5.800524353981018066e-01,4.568830430507659912e-01,1.813430190086364746e-01,-2.793866582214832306e-02,3.196937739849090576e-01,2.119189202785491943e-01,1.427566707134246826e-01,8.645088970661163330e-02,7.268775999546051025e-02,-6.725346669554710388e-03,-8.495201915502548218e-02,-9.296149760484695435e-02,-1.502436250448226929e-01,-1.659829616546630859e-01,1.281759887933731079e-01,-3.380002919584512711e-03,-1.795296967029571533e-01,-1.673790365457534790e-01,-8.639761060476303101e-02,-1.432887464761734009e-01,1.311790645122528076e-01,-5.509375035762786865e-02,3.693016469478607178e-01,2.202364355325698853e-01,6.044067740440368652e-01,9.956883639097213745e-02,-1.416504383087158203e-01,-1.424665004014968872e-01,1.528569757938385010e-01,1.885674521327018738e-02,5.286439657211303711e-01,2.565990686416625977e-01,4.764330107718706131e-03,-1.026192754507064819e-01,-1.281688828021287918e-02,-5.709894374012947083e-02,1.754596233367919922e-01,1.025067195296287537e-01,9.015200287103652954e-02,6.995773315429687500e-02,1.764432489871978760e-01,1.345041245222091675e-01,1.237049475312232971e-01,2.318848296999931335e-02,3.345573842525482178e-01,3.326551318168640137e-01,4.065626859664916992e-01,1.043863892555236816e-01,4.863831698894500732e-01,1.776856631040573120e-01,-1.625133901834487915e-01,-1.230485439300537109e-01,4.906665980815887451e-01,1.422452628612518311e-01,-1.955113708972930908e-01,-1.903758347034454346e-01,3.130341172218322754e-01,1.207672357559204102e-01,2.610081732273101807e-01,2.525006532669067383e-01,2.311759293079376221e-01,2.060891240835189819e-01,2.325386404991149902e-01,1.716072559356689453e-01,2.538970708847045898e-01,1.795038729906082153e-01,2.325588762760162354e-01,3.263767361640930176e-01,1.132422536611557007e-01,1.639837473630905151e-01,2.035106346011161804e-02,1.078653708100318909e-01,5.058485269546508789e-02,1.928916871547698975e-01,3.606199473142623901e-02,7.676433026790618896e-02,1.143667399883270264e-01,4.235340282320976257e-02,2.663614042103290558e-02,1.823268234729766846e-01,1.857943683862686157e-01,3.166776895523071289e-01,2.854507565498352051e-01,1.425654143095016479e-01
3.288422822952270508e-01,1.000000000000000000e+00,2.087421566247940063e-01,3.927884995937347412e-01,7.443298399448394775e-02,4.562826454639434814e-02,1.860960870981216431e-01,4.752241373062133789e-01,2.830675244331359863e-01,9.665703028440475464e-02,-4.777557030320167542e-02,5.541750192642211914e-01,2.077900432050228119e-02,4.697636365890502930e-01,2.396591752767562866e-01,2.588752508163452148e-01,-8.978416770696640015e-02,4.429363906383514404e-01,2.810937166213989258e-01,4.881080687046051025e-01,9.928098320960998535e-02,1.182864308357238770e-01,4.764069989323616028e-02,4.009658694267272949e-01,8.185230940580368042e-02,1.509889215230941772e-01,1.351079493761062622e-01,9.033714234828948975e-02,5.893295630812644958e-02,1.848743408918380737e-01,1.317975670099258423e-01,1.952930688858032227e-01,3.626007437705993652e-01,5.563707351684570312e-01,5.064893886446952820e-02,5.703692790120840073e-03,9.345635771751403809e-04,4.632499068975448608e-02,-8.186274021863937378e-02,1.887508668005466461e-02,4.975548386573791504e-02,1.050205249339342117e-02,4.911350086331367493e-02,9.667600691318511963e-02,1.407060325145721436e-01,2.542535960674285889e-01,-1.035023629665374756e-01,1.258985698223114014e-02,9.781850129365921021e-02,2.841035723686218262e-01,-1.058311946690082550e-02,3.118021488189697266e-01,-8.512295037508010864e-02,2.728391587734222412e-01,-1.744835674762725830e-01,1.089217215776443481e-01,1.847561001777648926e-01,5.954933762550354004e-01,1.230384185910224915e-01,3.676069676876068115e-01,1.034716051071882248e-02,3.554292619228363037e-01,-6.125404313206672668e-02,5.318232178688049316e-01,1.288729719817638397e-02,3.348568677902221680e-01,1.645856201648712158e-01,2.995189428329467773e-01,1.503449678421020508e-01,3.475541770458221436e-01,-4.473168030381202698e-02,5.216312780976295471e-02,2.831090427935123444e-02,1.357405483722686768e-01,-2.110259979963302612e-02,7.769119739532470703e-02,2.181361317634582520e-01,2.749090492725372314e-01,-2.825746871531009674e-02,6.352816522121429443e-02,-8.718296140432357788e-02,3.253957331180572510e-01,-9.416865557432174683e-02,2.890527248382568359e-01,-1.658017560839653015e-02,4.487040936946868896e-01,-3.318838402628898621e-02,1.979187279939651489e-01,-4.904063418507575989e-02,3.155809640884399414e-01,-1.419399231672286987e-01,2.863455414772033691e-01,-9.388002753257751465e-02,3.032837510108947754e-01,-2.462322823703289032e-02,-1.122165750712156296e-02,-1.753094196319580078e-01,-6.013124436140060425e-02,-1.616175621747970581e-01,4.569236189126968384e-02,-1.523053795099258423e-01,2.544780075550079346e-01,-1.223395094275474548e-01,1.493893116712570190e-01,-1.155076920986175537e-01,2.470684610307216644e-02,-1.628280431032180786e-01,-5.231475457549095154e-02,-1.038228571414947510e-01,-1.667020842432975769e-02,-1.006367728114128113e-01,-5.040180683135986328e-02,2.930359728634357452e-02,-6.599019467830657959e-02,-9.341514855623245239e-02,-4.550539329648017883e-02
2.580105066299438477e-01,2.087421566247940063e-01,1.000000000000000000e+00,7.641757726669311523e-01,1.342570483684539795e-01,7.496187090873718262e-02,7.357628345489501953e-01,5.097303986549377441e-01,4.115066826343536377e-01,1.601103246212005615e-01,3.536917269229888916e-01,2.986323535442352295e-01,4.115500152111053467e-01,5.983031541109085083e-02,2.693441212177276611e-01,-6.507366895675659180e-02,3.141240775585174561e-01,1.693223714828491211e-01,5.325178503990173340e-01,3.674257397651672363e-01,4.009161889553070068e-01,2.955412864685058594e-01,7.265160679817199707e-01,5.831783413887023926e-01,3.436654210090637207e-01,4.035908281803131104e-01,1.930713951587677002e-01,1.760591864585876465e-01,4.595716595649719238e-01,1.525113582611083984e-01,5.757864713668823242e-01,6.278702020645141602e-01,2.978548407554626465e-01,4.025588333606719971e-01,-1.973536908626556396e-01,-1.747231781482696533e-01,2.754829227924346924e-01,2.151633352041244507e-01,2.382338196039199829e-01,7.448621839284896851e-02,3.192551136016845703e-01,1.924432069063186646e-01,-1.865023672580718994e-01,-1.540529131889343262e-01,-4.277140274643898010e-02,-8.893714845180511475e-02,-2.234070748090744019e-01,-2.694021165370941162e-01,-4.254089295864105225e-02,-2.647471614181995392e-02,-4.324143007397651672e-02,-1.500054378993809223e-03,-1.717321425676345825e-01,-1.545636951923370361e-01,-1.157102826982736588e-02,-2.177635021507740021e-02,8.169022202491760254e-02,3.468468412756919861e-02,-1.616596132516860962e-01,-1.454890221357345581e-01,-2.392173856496810913e-01,-2.308810651302337646e-01,-1.218712925910949707e-01,-1.025929450988769531e-01,-2.586241662502288818e-01,-2.043976783752441406e-01,-2.238240838050842285e-01,-2.261395156383514404e-01,1.230150163173675537e-01,-2.870176918804645538e-02,3.704320788383483887e-01,3.783748447895050049e-01,3.970333635807037354e-01,3.283655345439910889e-01,2.785636484622955322e-01,1.293462514877319336e-01,2.627933919429779053e-01,6.242585927248001099e-02,1.225941851735115051e-01,-8.363877981901168823e-02,1.923650801181793213e-01,7.538225501775741577e-02,2.319338321685791016e-01,2.020862102508544922e-01,2.104169279336929321e-01,4.169112071394920349e-02,3.426590859889984131e-01,2.241186499595642090e-01,3.420538604259490967e-01,1.393578201532363892e-01,-2.504518032073974609e-01,-9.944932162761688232e-02,-2.597160935401916504e-01,-8.409985154867172241e-02,5.333601147867739201e-04,5.035439506173133850e-03,-1.718386262655258179e-01,4.102928563952445984e-03,-2.671437561511993408e-01,-9.694167971611022949e-02,-2.576730847358703613e-01,-4.242721199989318848e-02,-2.981183528900146484e-01,-1.089346036314964294e-01,-3.002102673053741455e-01,-2.216268777847290039e-01,-2.062939256429672241e-01,1.446392573416233063e-02,-5.478600412607192993e-02,-8.185304701328277588e-02,-1.362617462873458862e-01,-2.691276669502258301e-01,-2.950450479984283447e-01,-1.707025021314620972e-01,-1.937565654516220093e-01,-2.155265957117080688e-01
1.375119239091873169e-01,3.927884995937347412e-01,7.641757726669311523e-01,9.999998211860656738e-01,1.484416574239730835e-01,9.627646952867507935e-02,6.871092319488525391e-01,7.111808061599731445e-01,4.665877521038055420e-01,2.343122363090515137e-01,2.301107496023178101e-01,4.637578725814819336e-01,3.760347664356231689e-01,2.658077478408813477e-01,3.628097176551818848e-01,5.286867544054985046e-02,1.665090471506118774e-01,3.234640359878540039e-01,4.658891558647155762e-01,4.753254354000091553e-01,3.110907077789306641e-01,2.314015030860900879e-01,6.411526799201965332e-01,7.170265316963195801e-01,3.285321891307830811e-01,4.391471743583679199e-01,2.330152988433837891e-01,1.931817531585693359e-01,3.969489932060241699e-01,2.306703180074691772e-01,5.434523224830627441e-01,6.523489356040954590e-01,2.470224052667617798e-01,4.149247109889984131e-01,-1.903878301382064819e-01,-1.379753500223159790e-01,1.635670363903045654e-01,1.462322324514389038e-01,1.517578661441802979e-01,4.523510858416557312e-02,2.871930599212646484e-01,1.711123734712600708e-01,-1.595365554094314575e-01,-1.184441745281219482e-01,4.294500127434730530e-02,-3.132588928565382957e-03,-2.573155462741851807e-01,-2.517468333244323730e-01,1.664883107878267765e-03,5.405836179852485657e-02,-7.796310633420944214e-02,9.021439403295516968e-02,-2.316531687974929810e-01,5.836948286741971970e-03,-1.358674019575119019e-01,-1.571784913539886475e-02,4.945242032408714294e-02,2.836614251136779785e-01,-7.432463020086288452e-02,5.484275519847869873e-02,-2.211658805608749390e-01,-1.456870511174201965e-02,-1.772955805063247681e-01,1.800261288881301880e-01,-2.405827343463897705e-01,-1.723718270659446716e-02,-1.252075582742691040e-01,-6.088193878531455994e-02,1.501683890819549561e-01,9.472672641277313232e-02,2.861556112766265869e-01,3.282034397125244141e-01,3.128042519092559814e-01,2.877735197544097900e-01,1.748460680246353149e-01,7.860278338193893433e-02,2.189543396234512329e-01,6.850625574588775635e-02,2.181068062782287598e-02,1.054723374545574188e-02,4.386893287301063538e-02,1.840430349111557007e-01,1.352181285619735718e-01,2.851923704147338867e-01,4.864489287137985229e-02,2.080876082181930542e-01,2.835667729377746582e-01,2.830604612827301025e-01,2.218397110700607300e-01,2.003799080848693848e-01,-3.265609741210937500e-01,-6.120703369379043579e-02,-3.330409824848175049e-01,-3.562951460480690002e-02,-7.457760721445083618e-02,-7.398772239685058594e-02,-2.836632430553436279e-01,-9.281824529170989990e-02,-3.524131774902343750e-01,-1.751977503299713135e-01,-3.248368799686431885e-01,-2.160965278744697571e-02,-3.217986226081848145e-01,-1.460998654365539551e-01,-3.454980254173278809e-01,-3.042701482772827148e-01,-2.614863812923431396e-01,-7.101992517709732056e-02,-1.617884635925292969e-01,-1.240959316492080688e-01,-1.674904227256774902e-01,-3.036765158176422119e-01,-3.140546083450317383e-01,-2.532391548156738281e-01,-2.770220339298248291e-01,-2.714255452156066895e-01
-1.056664288043975830e-01,7.443298399448394775e-02,1.342570483684539795e-01,1.484416574239730835e-01,1.000000357627868652e+00,8.105367422103881836e-01,1.274235546588897705e-01,9.101581573486328125e-02,3.067066073417663574e-01,3.117973506450653076e-01,-1.062600687146186829e-02,1.138378530740737915e-01,1.407853662967681885e-01,5.775893852114677429e-02,3.011592626571655273e-01,2.256960570812225342e-01,-5.414463207125663757e-02,6.224040407687425613e-03,-1.452513271942734718e-03,-2.837327308952808380e-03,2.765014022588729858e-02,-3.732874989509582520e-02,1.943410784006118774e-01,1.550082862377166748e-01,6.292461156845092773e-01,4.462158679962158203e-01,6.945034265518188477e-01,7.311003804206848145e-01,1.295455843210220337e-01,5.933006852865219116e-02,1.721155494451522827e-01,1.879410743713378906e-01,5.075384397059679031e-03,5.776436254382133484e-02,-1.776670664548873901e-01,-2.566014416515827179e-02,-4.446944594383239746e-02,8.076881989836692810e-03,6.274993717670440674e-02,1.276486515998840332e-01,8.345656841993331909e-02,3.935479000210762024e-02,4.931007977575063705e-03,-2.036807686090469360e-02,1.213097497820854187e-01,9.669747203588485718e-02,-1.773021817207336426e-01,-1.497712731361389160e-01,9.357392042875289917e-02,1.140318214893341064e-01,3.875385969877243042e-02,5.945409461855888367e-02,-9.524452686309814453e-02,-2.806990034878253937e-02,-1.118640974164009094e-01,-1.398224234580993652e-01,-1.012375131249427795e-01,1.040437370538711548e-01,1.648526638746261597e-01,1.793450862169265747e-01,1.976066268980503082e-02,1.263389289379119873e-01,-1.994371265172958374e-01,-4.230068251490592957e-02,5.083110556006431580e-02,1.131930947303771973e-01,1.025246083736419678e-01,9.137284010648727417e-02,4.032741487026214600e-02,6.982552260160446167e-02,-4.528234899044036865e-02,-3.459900245070457458e-02,4.813936725258827209e-02,4.390846192836761475e-02,-1.389526724815368652e-01,-1.723765879869461060e-01,-9.391793608665466309e-02,-2.316989302635192871e-01,-1.090625524520874023e-01,-1.292759925127029419e-01,-9.525770694017410278e-02,2.123265713453292847e-02,1.863627731800079346e-01,1.418648660182952881e-01,-8.582744747400283813e-03,-4.023365210741758347e-03,2.682834565639495850e-01,1.752252876758575439e-01,3.478929027915000916e-02,-1.844385825097560883e-02,-2.642183601856231689e-01,-2.279702275991439819e-01,-2.808276712894439697e-01,-2.409505695104598999e-01,-3.797829747200012207e-01,-3.398151993751525879e-01,-4.044054746627807617e-01,-2.627927362918853760e-01,-3.143016397953033447e-01,-2.928488254547119141e-01,-2.203990668058395386e-01,-1.589727103710174561e-01,-1.852911263704299927e-01,-9.247417002916336060e-02,-1.928198784589767456e-01,-2.144990861415863037e-01,-1.542707085609436035e-01,-4.924007225781679153e-03,-2.588115036487579346e-01,-3.491381704807281494e-01,-2.002160251140594482e-01,-3.762494623661041260e-01,-2.835122346878051758e-01,-4.318431913852691650e-01,-4.121583700180053711e-01,-3.322064578533172607e-01
-7.538738101720809937e-02,4.562826454639434814e-02,7.496187090873718262e-02,9.627646952867507935e-02,8.105367422103881836e-01,9.999998211860656738e-01,4.983552172780036926e-02,2.306845411658287048e-02,1.874843537807464600e-01,4.357150793075561523e-01,-6.170165166258811951e-02,3.846953064203262329e-02,2.789503522217273712e-02,2.166552282869815826e-02,2.267695069313049316e-01,2.361366897821426392e-01,-7.903543114662170410e-02,-3.805486112833023071e-02,6.503933575004339218e-03,1.220669783651828766e-02,-4.272753372788429260e-02,-1.035878732800483704e-01,1.119245141744613647e-01,6.164291128516197205e-02,5.982145071029663086e-01,4.179539382457733154e-01,5.543217658996582031e-01,6.585088968276977539e-01,1.595013961195945740e-02,1.459290739148855209e-02,6.274525076150894165e-02,8.181812614202499390e-02,-2.728479355573654175e-02,7.821044884622097015e-03,-1.100018993020057678e-01,-7.000464200973510742e-02,-1.275314688682556152e-01,-5.931648984551429749e-02,-6.091808900237083435e-03,5.781619995832443237e-02,-3.234336525201797485e-02,-4.547767713665962219e-02,4.790397733449935913e-02,-5.686567630618810654e-03,1.366731524467468262e-01,8.967894315719604492e-02,-1.195287704467773438e-01,-1.368707865476608276e-01,1.183848977088928223e-01,9.345679730176925659e-02,9.151676297187805176e-02,5.807954072952270508e-02,-3.222626866772770882e-03,-2.227065712213516235e-02,-5.422497913241386414e-02,-1.233341097831726074e-01,-2.280996181070804596e-02,7.735856622457504272e-02,1.707607060670852661e-01,1.541588008403778076e-01,5.175358429551124573e-02,1.168739721179008484e-01,-1.330764591693878174e-01,-6.368964910507202148e-02,8.401508629322052002e-02,1.080317497253417969e-01,1.007157787680625916e-01,5.143311247229576111e-02,2.581700123846530914e-02,7.332091033458709717e-02,-1.532553583383560181e-01,-1.439255475997924805e-01,-6.878833472728729248e-02,-5.710626393556594849e-02,-2.543553411960601807e-01,-2.527652382850646973e-01,-2.177107334136962891e-01,-3.229718208312988281e-01,-1.468738019466400146e-01,-1.059860065579414368e-01,-9.699703007936477661e-02,-4.548062756657600403e-02,8.413095772266387939e-02,6.332304328680038452e-02,-7.122440263628959656e-03,-5.217441543936729431e-02,1.586068570613861084e-01,1.396737247705459595e-01,-3.323016921058297157e-03,-7.780279219150543213e-02,-1.511815488338470459e-01,-1.957139819860458374e-01,-1.673520803451538086e-01,-2.039057016372680664e-01,-3.857105076313018799e-01,-3.462725281715393066e-01,-3.748357594013214111e-01,-2.831496894359588623e-01,-1.995387971401214600e-01,-2.426360994577407837e-01,-1.166938692331314087e-01,-1.401594877243041992e-01,-7.840805500745773315e-02,-1.080019995570182800e-01,-9.767686575651168823e-02,-1.685355156660079956e-01,-7.961388677358627319e-02,-5.174189805984497070e-02,-2.388117313385009766e-01,-3.989561796188354492e-01,-1.550032943487167358e-01,-2.994466722011566162e-01,-2.496822625398635864e-01,-3.478466868400573730e-01,-3.200866878032684326e-01,-2.233009785413742065e-01
1.761413812637329102e-01,1.860960870981216431e-01,7.357628345489501953e-01,6.871092319488525391e-01,1.274235546588897705e-01,4.983552172780036926e-02,9.999996423721313477e-01,6.451395750045776367e-01,4.769945144653320312e-01,1.549733132123947144e-01,4.330990314483642578e-01,4.361148178577423096e-01,6.612089872360229492e-01,1.928671002388000488e-01,3.352403938770294189e-01,-1.364867202937602997e-02,4.774830937385559082e-01,3.036162555217742920e-01,4.061251282691955566e-01,3.526494503021240234e-01,3.167279064655303955e-01,3.568900823593139648e-01,6.548596620559692383e-01,5.904729366302490234e-01,3.488711416721343994e-01,4.055015742778778076e-01,2.342625409364700317e-01,1.811052560806274414e-01,5.812981724739074707e-01,3.177379071712493896e-01,5.875858664512634277e-01,6.643547415733337402e-01,1.539963036775588989e-01,3.136921823024749756e-01,-3.290686309337615967e-01,-2.110994756221771240e-01,4.086019992828369141e-01,3.176082372665405273e-01,3.481815457344055176e-01,2.001162320375442505e-01,4.509693682193756104e-01,2.977517247200012207e-01,-3.180017769336700439e-01,-2.928556203842163086e-01,-1.620056778192520142e-01,-1.906655579805374146e-01,-3.610095083713531494e-01,-3.525199294090270996e-01,-2.132118195295333862e-01,-1.134131178259849548e-01,-2.665046751499176025e-01,-9.480235725641250610e-02,-3.465636372566223145e-01,-1.768888831138610840e-01,4.384801536798477173e-02,9.501708298921585083e-02,-6.623196601867675781e-02,6.013985350728034973e-02,-2.441471815109252930e-01,-1.458722800016403198e-01,-3.707812130451202393e-01,-1.969486624002456665e-01,-2.108226120471954346e-01,-5.941640958189964294e-02,-3.844012022018432617e-01,-2.220077514648437500e-01,-2.624243497848510742e-01,-2.522141635417938232e-01,-7.235769182443618774e-02,-1.191708594560623169e-01,4.331805109977722168e-01,4.077030718326568604e-01,4.757062792778015137e-01,4.198124110698699951e-01,3.450474739074707031e-01,2.946324646472930908e-01,2.867953777313232422e-01,1.166930124163627625e-01,9.460457414388656616e-02,5.519868806004524231e-02,2.269021421670913696e-01,2.843044400215148926e-01,2.193533033132553101e-01,3.143763840198516846e-01,2.247984409332275391e-01,1.209286451339721680e-01,3.687392771244049072e-01,2.887636125087738037e-01,4.411002397537231445e-01,3.004354238510131836e-01,-2.535822391510009766e-01,-2.940957248210906982e-02,-2.774677276611328125e-01,-5.784678086638450623e-02,-5.827127397060394287e-02,-2.172698453068733215e-02,-1.629981398582458496e-01,5.901962867937982082e-04,-2.557892203330993652e-01,-3.813288360834121704e-02,-2.098348885774612427e-01,9.864399582147598267e-02,-2.578612864017486572e-01,4.507699608802795410e-02,-2.479909360408782959e-01,-1.330263763666152954e-01,-1.348182410001754761e-01,2.002080827951431274e-01,-5.538086965680122375e-02,-1.509988307952880859e-01,-1.744031906127929688e-01,-3.712751269340515137e-01,-2.508305311203002930e-01,-1.410084217786788940e-01,-1.844756007194519043e-01,-1.430602222681045532e-01
5.373928579501807690e-04,4.752241373062133789e-01,5.097303986549377441e-01,7.111808061599731445e-01,9.101581573486328125e-02,2.306845411658287048e-02,6.451395750045776367e-01,9.999999403953552246e-01,5.694936513900756836e-01,2.654182612895965576e-01,3.046911954879760742e-01,6.891837120056152344e-01,5.675040483474731445e-01,5.845803618431091309e-01,5.300884842872619629e-01,2.296856641769409180e-01,2.516200840473175049e-01,5.709791183471679688e-01,2.079361379146575928e-01,2.829808592796325684e-01,3.876363039016723633e-01,4.213875830173492432e-01,5.505283474922180176e-01,6.951121091842651367e-01,3.383352160453796387e-01,4.626145064830780029e-01,3.194187581539154053e-01,2.756454646587371826e-01,4.969990253448486328e-01,4.608848989009857178e-01,6.135178208351135254e-01,6.730741858482360840e-01,1.527751237154006958e-01,3.789460957050323486e-01,-2.382131516933441162e-01,-7.191466540098190308e-02,2.934297621250152588e-01,3.153083026409149170e-01,2.911047935485839844e-01,2.632941901683807373e-01,4.476728737354278564e-01,3.756951093673706055e-01,-2.268800288438796997e-01,-1.990717351436614990e-01,5.086614284664392471e-03,5.297329742461442947e-03,-4.177268743515014648e-01,-2.819494903087615967e-01,-2.305699326097965240e-02,1.037836372852325439e-01,-2.174212783575057983e-01,6.136828288435935974e-02,-4.250185787677764893e-01,-1.085161510854959488e-02,-1.398601979017257690e-01,1.233535632491111755e-01,-1.430806219577789307e-01,3.208743333816528320e-01,-1.221315283328294754e-02,1.719605028629302979e-01,-3.138059675693511963e-01,5.049646273255348206e-02,-3.551612198352813721e-01,2.209633141756057739e-01,-2.599243223667144775e-01,3.377217799425125122e-02,-8.330281823873519897e-02,8.773972513154149055e-04,-5.763547495007514954e-02,2.372739650309085846e-02,4.402860403060913086e-01,4.728961586952209473e-01,4.513871371746063232e-01,4.971233904361724854e-01,3.211950361728668213e-01,3.350135982036590576e-01,2.934008836746215820e-01,2.577257156372070312e-01,3.867955878376960754e-02,1.308570653200149536e-01,8.852647244930267334e-02,4.718943238258361816e-01,3.018611371517181396e-01,5.659675002098083496e-01,3.549091517925262451e-02,3.505193889141082764e-01,3.989783227443695068e-01,5.156310200691223145e-01,2.689068615436553955e-01,4.207868874073028564e-01,-3.513690829277038574e-01,2.823221310973167419e-02,-3.483064472675323486e-01,4.729233309626579285e-02,2.679445222020149231e-02,6.808865815401077271e-02,-1.937353163957595825e-01,2.663027495145797729e-02,-3.334151506423950195e-01,-1.182584688067436218e-01,-2.581561207771301270e-01,1.451864242553710938e-01,-2.282096892595291138e-01,8.482833206653594971e-02,-2.354821115732192993e-01,-1.401145905256271362e-01,-1.342442184686660767e-01,1.525505185127258301e-01,-2.423772960901260376e-02,-3.185950592160224915e-02,-1.402993798255920410e-01,-3.494181632995605469e-01,-2.709501981735229492e-01,-2.024275511503219604e-01,-2.471372038125991821e-01,-1.546030342578887939e-01
-1.555175185203552246e-01,2.830675244331359863e-01,4.115066826343536377e-01,4.665877521038055420e-01,3.067066073417663574e-01,1.874843537807464600e-01,4.769945144653320312e-01,5.694936513900756836e-01,9.999998211860656738e-01,4.099560976028442383e-01,1.887584775686264038e-01,4.987249672412872314e-01,5.888463854789733887e-01,4.931850135326385498e-01,7.361916899681091309e-01,4.265977442264556885e-01,-6.651702802628278732e-03,2.726350128650665283e-01,6.432381272315979004e-02,8.862419426441192627e-02,3.615774512290954590e-01,3.469885289669036865e-01,5.676810145378112793e-01,6.343248486518859863e-01,5.695236921310424805e-01,6.596227288246154785e-01,4.988211393356323242e-01,4.613029658794403076e-01,4.212802052497863770e-01,3.389973640441894531e-01,6.297295689582824707e-01,5.941305756568908691e-01,1.024543195962905884e-01,2.112512439489364624e-01,-1.656193286180496216e-01,-2.157329814508557320e-03,1.461939215660095215e-01,1.928337663412094116e-01,2.376869767904281616e-01,2.146727144718170166e-01,3.988515734672546387e-01,3.233338892459869385e-01,-7.094083703123033047e-04,5.109855160117149353e-02,2.544264197349548340e-01,2.693828046321868896e-01,-2.326482087373733521e-01,-8.867761492729187012e-02,2.323219627141952515e-01,3.655680716037750244e-01,7.586140930652618408e-02,2.955948114395141602e-01,-2.289859056472778320e-01,1.433146297931671143e-01,-1.507933735847473145e-01,8.653894811868667603e-02,-1.574575304985046387e-01,3.319745957851409912e-01,2.101346105337142944e-01,3.862111866474151611e-01,-1.497152894735336304e-01,2.069784551858901978e-01,-3.736143112182617188e-01,1.639222204685211182e-01,-8.465784788131713867e-02,2.116753160953521729e-01,1.556940525770187378e-01,2.191256731748580933e-01,8.986023068428039551e-02,1.357796043157577515e-01,3.230902850627899170e-01,3.466790914535522461e-01,3.216928839683532715e-01,4.033730328083038330e-01,1.971793919801712036e-01,2.165671736001968384e-01,2.007391303777694702e-01,1.590935289859771729e-01,-1.608355194330215454e-01,-2.323093265295028687e-02,-1.361836642026901245e-01,2.426480799913406372e-01,3.789122402667999268e-01,5.314558744430541992e-01,-4.226051643490791321e-02,3.069966137409210205e-01,6.145312190055847168e-01,5.904602408409118652e-01,1.913744956254959106e-01,3.347205519676208496e-01,-3.024373650550842285e-01,-8.489510416984558105e-02,-3.308270573616027832e-01,-1.313835531473159790e-01,-9.727831184864044189e-02,-2.107499912381172180e-02,-2.434991747140884399e-01,-3.894719993695616722e-04,-3.203708529472351074e-01,-1.982433646917343140e-01,-2.361846566200256348e-01,-7.750558108091354370e-02,-2.020627856254577637e-01,6.102437619119882584e-03,-1.964045017957687378e-01,-1.742024272680282593e-01,-1.210222020745277405e-01,1.587953716516494751e-01,-9.290597587823867798e-02,-5.661610513925552368e-02,-9.999465942382812500e-02,-3.253813087940216064e-01,-3.093865513801574707e-01,-3.191864490509033203e-01,-2.770791649818420410e-01,-2.351368516683578491e-01
-1.655129045248031616e-01,9.665703028440475464e-02,1.601103246212005615e-01,2.343122363090515137e-01,3.117973506450653076e-01,4.357150793075561523e-01,1.549733132123947144e-01,2.654182612895965576e-01,4.099560976028442383e-01,9.999995827674865723e-01,-1.278399527072906494e-01,1.006911396980285645e-01,1.252560913562774658e-01,2.347801774740219116e-01,4.655020534992218018e-01,5.710175037384033203e-01,-1.520890444517135620e-01,-1.556804031133651733e-02,1.041638627648353577e-01,9.271309524774551392e-02,-1.830987632274627686e-02,3.157761320471763611e-02,3.603850007057189941e-01,2.479624599218368530e-01,3.697467744350433350e-01,3.350144922733306885e-01,2.691842913627624512e-01,3.427985608577728271e-01,2.428166568279266357e-02,6.324124988168478012e-04,2.095026969909667969e-01,2.003699690103530884e-01,-1.507449150085449219e-02,1.370679214596748352e-02,-2.896757097914814949e-03,-6.143024563789367676e-02,-1.756337732076644897e-01,-4.096820577979087830e-02,-9.899296611547470093e-02,-6.470116227865219116e-02,-9.315872192382812500e-02,-9.095466136932373047e-02,2.622477114200592041e-01,2.190007120370864868e-01,3.603650927543640137e-01,3.339692056179046631e-01,7.021857053041458130e-02,5.664820596575737000e-02,3.409760296344757080e-01,3.210288584232330322e-01,3.256708979606628418e-01,3.110425770282745361e-01,1.769272536039352417e-01,2.716237604618072510e-01,-8.364731073379516602e-02,1.803620904684066772e-02,8.070144057273864746e-02,3.173289000988006592e-01,3.033980131149291992e-01,3.582436144351959229e-01,9.590737521648406982e-02,3.121221959590911865e-01,-1.432702690362930298e-01,9.752516448497772217e-02,1.375725418329238892e-01,2.976872026920318604e-01,2.866853773593902588e-01,2.216202020645141602e-01,2.067611813545227051e-01,2.083740681409835815e-01,-1.073831096291542053e-01,-8.201916515827178955e-02,-1.324061602354049683e-01,-7.076095044612884521e-02,-1.606602221727371216e-01,-1.068224310874938965e-01,-3.512435033917427063e-02,-1.124165132641792297e-01,-3.079442381858825684e-01,-1.159768700599670410e-01,-2.123032361268997192e-01,2.274295128881931305e-02,-2.175735495984554291e-02,1.323923319578170776e-01,-3.129778057336807251e-02,1.395937204360961914e-01,2.507230937480926514e-01,3.554032742977142334e-01,-2.800301276147365570e-02,8.191077411174774170e-02,-6.446211785078048706e-02,-5.662694573402404785e-02,-1.099730730056762695e-01,-8.657204359769821167e-02,-2.299598008394241333e-01,-1.685344874858856201e-01,-2.900832891464233398e-01,-1.321132630109786987e-01,-1.407300233840942383e-01,-1.515829861164093018e-01,-1.042225509881973267e-01,-1.553711593151092529e-01,-8.122950047254562378e-02,-1.727364212274551392e-01,-1.080158501863479614e-01,-2.062926739454269409e-01,-1.174286231398582458e-01,-8.132103085517883301e-02,-1.662292778491973877e-01,-1.896990090608596802e-01,-7.988970726728439331e-02,-1.691093146800994873e-01,-1.974426358938217163e-01,-2.428439855575561523e-01,-1.769685000181198120e-01,-1.507255434989929199e-01
2.914400398731231689e-01,-4.777557030320167542e-02,3.536917269229888916e-01,2.301107496023178101e-01,-1.062600687146186829e-02,-6.170165166258811951e-02,4.330990314483642578e-01,3.046911954879760742e-01,1.887584775686264038e-01,-1.278399527072906494e-01,9.999999403953552246e-01,4.829427897930145264e-01,6.260725259780883789e-01,2.305526733398437500e-01,1.443391889333724976e-01,-2.665538489818572998e-01,6.851541399955749512e-01,4.707766771316528320e-01,4.176243022084236145e-02,-3.095385804772377014e-02,5.343453884124755859e-01,5.388652682304382324e-01,2.642913162708282471e-01,1.396773904561996460e-01,1.739617586135864258e-01,1.886293441057205200e-01,1.304713785648345947e-01,1.211406886577606201e-01,6.366466283798217773e-01,5.064271688461303711e-01,3.729654848575592041e-01,4.101297259330749512e-01,4.309701547026634216e-02,1.008748337626457214e-01,-3.290617167949676514e-01,-2.098907679319381714e-01,6.774669885635375977e-01,6.282092332839965820e-01,7.117515206336975098e-01,5.285057425498962402e-01,6.935151815414428711e-01,6.336008310317993164e-01,-5.362803339958190918e-01,-5.144646763801574707e-01,-4.224175810813903809e-01,-4.924632310867309570e-01,-3.775986135005950928e-01,-4.144243896007537842e-01,-3.884883224964141846e-01,-3.644039630889892578e-01,-4.174126088619232178e-01,-3.947081863880157471e-01,-3.749587535858154297e-01,-3.900149762630462646e-01,4.603802561759948730e-01,2.962125539779663086e-01,-5.712240561842918396e-02,-2.570699453353881836e-01,-3.287820518016815186e-01,-3.402938246726989746e-01,-3.553445935249328613e-01,-3.413353264331817627e-01,-1.355664152652025223e-02,-1.631682366132736206e-01,-3.517260849475860596e-01,-4.095259010791778564e-01,-4.231773018836975098e-01,-4.503048062324523926e-01,-2.768578231334686279e-01,-3.012284636497497559e-01,5.779839158058166504e-01,5.288391709327697754e-01,7.052161693572998047e-01,6.924262642860412598e-01,4.236702919006347656e-01,2.713731825351715088e-01,2.140047997236251831e-01,2.062191665172576904e-01,4.590052068233489990e-01,1.572764962911605835e-01,6.302162408828735352e-01,3.561382889747619629e-01,4.762127995491027832e-01,4.018858075141906738e-01,5.107887983322143555e-01,9.507521986961364746e-02,3.463597595691680908e-01,2.835642993450164795e-01,7.026234269142150879e-01,3.264842033386230469e-01,1.005440130829811096e-01,3.107939846813678741e-02,5.514752864837646484e-02,3.017843514680862427e-02,2.169716209173202515e-01,2.026007026433944702e-01,2.405038923025131226e-01,1.834151893854141235e-01,1.343142092227935791e-01,1.782812625169754028e-01,1.721332967281341553e-01,2.509576082229614258e-01,1.046295985579490662e-01,2.755065262317657471e-01,1.065332815051078796e-01,2.365764379501342773e-01,3.338097333908081055e-01,5.430220365524291992e-01,1.319927573204040527e-01,-9.334022551774978638e-02,-1.396725326776504517e-01,-2.205871343612670898e-01,-1.316194534301757812e-01,1.494380235671997070e-01,1.341976225376129150e-01,5.700221657752990723e-02
1.154999732971191406e-01,5.541750192642211914e-01,2.986323535442352295e-01,4.637578725814819336e-01,1.138378530740737915e-01,3.846953064203262329e-02,4.361148178577423096e-01,6.891837120056152344e-01,4.987249672412872314e-01,1.006911396980285645e-01,4.829427897930145264e-01,1.000000357627868652e+00,5.531006455421447754e-01,7.188442945480346680e-01,4.843220114707946777e-01,1.869255155324935913e-01,3.102935850620269775e-01,7.373109459877014160e-01,7.611180841922760010e-02,2.451573014259338379e-01,4.542568325996398926e-01,5.208017230033874512e-01,2.790259420871734619e-01,5.385354161262512207e-01,2.798908352851867676e-01,3.883808851242065430e-01,3.146968781948089600e-01,2.830578982830047607e-01,5.474882721900939941e-01,6.489949822425842285e-01,5.468592047691345215e-01,5.985022187232971191e-01,1.816047877073287964e-01,4.487829208374023438e-01,-2.404448091983795166e-01,-6.639637798070907593e-02,4.309687316417694092e-01,5.415397286415100098e-01,4.684892296791076660e-01,4.823804795742034912e-01,5.981659889221191406e-01,5.763090252876281738e-01,-3.255870044231414795e-01,-2.532224655151367188e-01,-1.114846020936965942e-01,-6.894288212060928345e-02,-4.427458643913269043e-01,-2.830768823623657227e-01,-1.556198745965957642e-01,3.766092658042907715e-02,-3.248443305492401123e-01,3.146312013268470764e-02,-4.836997091770172119e-01,2.208851277828216553e-02,6.707375496625900269e-02,3.044787645339965820e-01,-1.506603807210922241e-01,2.931135594844818115e-01,-8.610332012176513672e-02,1.503657847642898560e-01,-3.374186456203460693e-01,9.213591367006301880e-02,-2.803814113140106201e-01,3.004151284694671631e-01,-2.815108299255371094e-01,5.887755006551742554e-02,-9.089991450309753418e-02,2.066335454583168030e-02,-1.503973603248596191e-01,5.248994380235671997e-02,4.538258910179138184e-01,5.304828286170959473e-01,5.501612424850463867e-01,6.698960661888122559e-01,3.385893702507019043e-01,3.770035803318023682e-01,2.709540128707885742e-01,3.088607490062713623e-01,2.000707536935806274e-01,2.050846517086029053e-01,2.087356746196746826e-01,6.069012880325317383e-01,3.356021642684936523e-01,6.862850785255432129e-01,1.430622190237045288e-01,4.971640408039093018e-01,3.590089976787567139e-01,5.506887435913085938e-01,3.785980045795440674e-01,5.510591268539428711e-01,-2.128701210021972656e-01,1.602111905813217163e-01,-2.274075150489807129e-01,1.762859523296356201e-01,7.250395417213439941e-02,1.146551370620727539e-01,-5.439441278576850891e-02,5.402217805385589600e-02,-1.635888963937759399e-01,3.419100493192672729e-02,-1.040902659296989441e-01,3.023041486740112305e-01,-6.374772638082504272e-02,2.720256745815277100e-01,-6.304778903722763062e-02,6.650801002979278564e-02,8.255108445882797241e-02,3.834816515445709229e-01,-4.843277111649513245e-02,-7.547707110643386841e-02,-1.443494409322738647e-01,-3.022035062313079834e-01,-1.864645779132843018e-01,-1.047774776816368103e-01,-1.100017726421356201e-01,-4.624501988291740417e-02
-2.792666293680667877e-02,2.077900432050228119e-02,4.115500152111053467e-01,3.760347664356231689e-01,1.407853662967681885e-01,2.789503522217273712e-02,6.612089872360229492e-01,5.675040483474731445e-01,5.888463854789733887e-01,1.252560913562774658e-01,6.260725259780883789e-01,5.531006455421447754e-01,9.999998211860656738e-01,4.661488831043243408e-01,5.016720890998840332e-01,9.556024521589279175e-02,4.782039523124694824e-01,3.947982788085937500e-01,7.330785505473613739e-03,-2.122255973517894745e-02,4.982063472270965576e-01,5.483279228210449219e-01,5.239734053611755371e-01,4.583418667316436768e-01,4.098086059093475342e-01,4.908614158630371094e-01,3.955818414688110352e-01,3.289471566677093506e-01,6.789602637290954590e-01,5.614453554153442383e-01,6.279862523078918457e-01,6.390190720558166504e-01,-3.013276308774948120e-02,8.612029254436492920e-02,-3.938884139060974121e-01,-1.795293688774108887e-01,5.236138701438903809e-01,5.160349607467651367e-01,6.203117370605468750e-01,5.042631030082702637e-01,7.063586115837097168e-01,6.179786920547485352e-01,-3.283669352531433105e-01,-3.019588887691497803e-01,-1.252913475036621094e-01,-1.636093258857727051e-01,-4.043030440807342529e-01,-3.183155655860900879e-01,-1.261064261198043823e-01,-2.005263976752758026e-02,-2.333420813083648682e-01,-8.077848702669143677e-02,-3.980693519115447998e-01,-1.622371077537536621e-01,1.845244467258453369e-01,2.502958476543426514e-01,-2.223987579345703125e-01,1.554977893829345703e-02,-6.737203150987625122e-02,1.830850169062614441e-02,-3.233904540538787842e-01,-8.244229108095169067e-02,-3.011722564697265625e-01,-6.528214365243911743e-02,-2.733449339866638184e-01,-1.098534539341926575e-01,-1.633345484733581543e-01,-1.682758480310440063e-01,-1.200123131275177002e-01,-9.561467170715332031e-02,5.517081022262573242e-01,5.155023932456970215e-01,6.261381506919860840e-01,6.550654768943786621e-01,4.111619591712951660e-01,4.075192213058471680e-01,1.833891123533248901e-01,1.450706273317337036e-01,9.024661034345626831e-02,1.078404262661933899e-01,2.658729851245880127e-01,3.977444767951965332e-01,5.694758892059326172e-01,5.982897877693176270e-01,2.671415209770202637e-01,2.364509403705596924e-01,6.142367720603942871e-01,5.516276955604553223e-01,5.746374130249023438e-01,4.494139254093170166e-01,-1.408026516437530518e-01,-5.179486796259880066e-02,-1.788715869188308716e-01,-9.692910313606262207e-02,-1.602662168443202972e-02,3.182340785861015320e-02,-1.753645576536655426e-02,5.630081146955490112e-02,-1.211939752101898193e-01,-8.644815534353256226e-03,-1.354951970279216766e-02,1.370600461959838867e-01,-3.275688737630844116e-02,2.336646467447280884e-01,-2.194832824170589447e-02,5.180272087454795837e-02,1.610198765993118286e-01,5.029020309448242188e-01,-9.939537849277257919e-04,-1.448733657598495483e-01,-1.440051198005676270e-01,-3.640657961368560791e-01,-2.622776627540588379e-01,-9.403902292251586914e-02,-1.035759150981903076e-01,-4.692942649126052856e-02
