9.999997019767761230e-01,4.258432686328887939e-01,3.813717961311340332e-01,5.107396841049194336e-01,-1.483435183763504028e-02,2.865408547222614288e-02,6.148392558097839355e-01,5.257250666618347168e-01,-1.007564440369606018e-01,-1.958837956190109253e-01,2.239218056201934814e-01,1.688379943370819092e-01,2.789160311222076416e-01,1.313816457986831665e-01,-9.366866201162338257e-02,-1.402023285627365112e-01,3.279930949211120605e-01,1.716353744268417358e-01,1.476185619831085205e-01,1.909120231866836548e-01,-3.178092883899807930e-03,-9.118331223726272583e-02,4.834187030792236328e-01,4.368607699871063232e-01,4.849815368652343750e-02,1.315957009792327881e-01,5.595361441373825073e-02,1.536653041839599609e-01,2.135106623172760010e-01,1.468330323696136475e-01,1.906378269195556641e-01,2.015583813190460205e-01,2.370314896106719971e-01,2.230056077241897583e-01,8.647803962230682373e-02,1.267249733209609985e-01,7.587952166795730591e-02,1.300305034965276718e-02,-9.290354698896408081e-02,-4.023952409625053406e-02,6.577595323324203491e-02,-3.478246981103438884e-06,-1.984085738658905029e-01,-2.132070064544677734e-01,-2.109659090638160706e-02,-6.130310520529747009e-02,-1.939829587936401367e-01,-1.654804348945617676e-01,2.961739897727966309e-01,2.189710140228271484e-01,1.728841364383697510e-01,1.706304103136062622e-01,1.698796078562736511e-02,-5.892969295382499695e-02,-1.670384779572486877e-02,-8.213974535465240479e-02,4.519338309764862061e-01,2.696857750415802002e-01,3.010197579860687256e-01,5.896227806806564331e-02,4.663294255733489990e-01,2.504379451274871826e-01,5.379145741462707520e-01,4.463978707790374756e-01,2.844139635562896729e-01,3.118293881416320801e-01,2.098648846149444580e-01,3.866345807909965515e-02,1.972550749778747559e-01,2.842205166816711426e-01,6.256757676601409912e-02,1.892734691500663757e-02,1.677707880735397339e-01,7.209621369838714600e-02,1.281078308820724487e-01,-4.256680235266685486e-02,-1.010686624795198441e-02,-6.170783936977386475e-02,2.497086077928543091e-01,7.748819887638092041e-02,3.071722984313964844e-01,2.673139870166778564e-01,4.054571688175201416e-02,9.518555551767349243e-02,4.130906760692596436e-01,4.019956886768341064e-01,1.996161043643951416e-02,2.759958058595657349e-02,-3.070426173508167267e-03,1.294159442186355591e-01,-1.071699038147926331e-01,7.170339673757553101e-02,-2.927859686315059662e-02,-7.995317131280899048e-02,-3.719474654644727707e-03,-7.091566920280456543e-02,1.469703316688537598e-01,1.731744557619094849e-01,-1.682778075337409973e-02,2.781967259943485260e-02,-9.335433691740036011e-02,-3.750443831086158752e-02,1.501067131757736206e-01,2.990111522376537323e-02,8.743199706077575684e-02,4.298698902130126953e-02,1.408975869417190552e-01,7.179387658834457397e-02,-5.437904596328735352e-02,1.325737535953521729e-01,3.987479805946350098e-01,2.966764569282531738e-01,3.459095656871795654e-01,1.190633550286293030e-01,1.345798522233963013e-01,1.338933557271957397e-01
4.258432686328887939e-01,1.000000715255737305e+00,1.734369844198226929e-01,4.213479757308959961e-01,5.778381973505020142e-02,2.569109201431274414e-01,3.353613913059234619e-01,5.011418461799621582e-01,-4.629214480519294739e-02,6.418403983116149902e-02,1.335455626249313354e-01,3.979512751102447510e-01,1.359392255544662476e-01,3.534685373306274414e-01,-3.400230035185813904e-02,1.125071570277214050e-01,2.583527266979217529e-01,3.957708179950714111e-01,1.854134202003479004e-01,3.205466270446777344e-01,1.078535094857215881e-01,8.884853124618530273e-02,3.502722680568695068e-01,3.513281345367431641e-01,1.659765988588333130e-01,2.995859384536743164e-01,1.883864700794219971e-01,2.927787601947784424e-01,1.828767359256744385e-01,3.142276406288146973e-01,2.681810259819030762e-01,2.605509757995605469e-01,2.684857547283172607e-01,2.689778208732604980e-01,1.542159318923950195e-01,2.640279531478881836e-01,1.466825455427169800e-01,2.304050028324127197e-01,2.208248898386955261e-02,1.408597230911254883e-01,5.447181314229965210e-02,2.462454438209533691e-01,-1.145032420754432678e-01,-7.910066843032836914e-02,-3.763794526457786560e-02,2.544977888464927673e-02,1.122680841945111752e-03,1.117258891463279724e-02,9.126298129558563232e-02,1.158269643783569336e-01,-9.018503129482269287e-02,-8.556914329528808594e-02,6.779881566762924194e-02,-1.131357625126838684e-01,3.552326932549476624e-02,2.018358856439590454e-01,4.888499379158020020e-01,6.290957331657409668e-01,2.691152989864349365e-01,2.914949655532836914e-01,2.288986742496490479e-01,2.977407276630401611e-01,3.636229336261749268e-01,4.964802563190460205e-01,3.978575021028518677e-02,9.552530944347381592e-02,2.836888730525970459e-01,2.690110504627227783e-01,3.428950607776641846e-01,2.513386309146881104e-01,1.671116203069686890e-01,1.738613992929458618e-01,1.593929678201675415e-01,2.142688035964965820e-01,7.934761792421340942e-02,3.057979792356491089e-02,1.508014500141143799e-01,1.244294047355651855e-01,3.375012576580047607e-01,3.332648277282714844e-01,3.210791051387786865e-01,4.134351909160614014e-01,1.101155057549476624e-01,3.207792937755584717e-01,2.371003478765487671e-01,2.379119992256164551e-01,1.255659759044647217e-01,2.666671872138977051e-01,1.320895552635192871e-01,3.661285340785980225e-01,3.451919183135032654e-02,1.727769374847412109e-01,-1.525480020791292191e-02,-9.034767746925354004e-03,2.536868453025817871e-01,2.526197135448455811e-01,3.289673030376434326e-01,4.003152251243591309e-01,7.075660675764083862e-02,1.388427019119262695e-01,-2.683538757264614105e-02,-7.997578941285610199e-03,1.188810616731643677e-01,1.059597134590148926e-01,2.034285217523574829e-01,1.958648562431335449e-01,1.167241409420967102e-01,1.296100020408630371e-01,2.125741392374038696e-01,2.537420690059661865e-01,4.412805438041687012e-01,3.209661543369293213e-01,2.379059940576553345e-01,5.093345046043395996e-02,1.704165786504745483e-01,2.788021862506866455e-01
3.813717961311340332e-01,1.734369844198226929e-01,1.000000238418579102e+00,6.821583509445190430e-01,1.471553146839141846e-01,7.429918646812438965e-02,7.387438416481018066e-01,6.076903343200683594e-01,3.016019798815250397e-02,-1.575822383165359497e-01,3.603358864784240723e-01,2.502774298191070557e-01,4.220836162567138672e-01,3.004270195960998535e-01,1.163690090179443359e-01,1.006073802709579468e-01,3.647987544536590576e-01,1.835934668779373169e-01,1.593877226114273071e-01,5.081914737820625305e-02,1.163534224033355713e-01,1.810343265533447266e-01,5.019558072090148926e-01,4.083436727523803711e-01,1.998590230941772461e-01,1.264497786760330200e-01,2.359993308782577515e-01,2.223215103149414062e-01,3.856676220893859863e-01,3.336139619350433350e-01,3.790743649005889893e-01,3.846686482429504395e-01,2.413393110036849976e-01,2.294716984033584595e-01,8.592168986797332764e-02,1.986099481582641602e-01,2.481227368116378784e-01,1.775164902210235596e-01,1.496487557888031006e-01,1.791065484285354614e-01,1.002944856882095337e-01,-4.051163047552108765e-02,-9.513916075229644775e-02,-9.084891527891159058e-02,-1.000037416815757751e-01,-1.927570104598999023e-01,-1.037679845467209816e-03,5.276805534958839417e-02,-7.127885520458221436e-02,-1.251973211765289307e-01,-1.564911007881164551e-01,-2.117602229118347168e-01,1.195225119590759277e-01,-2.372821979224681854e-02,3.815170526504516602e-01,1.830141097307205200e-01,1.663295179605484009e-01,1.451027691364288330e-01,3.597950637340545654e-01,2.490754276514053345e-01,2.278373688459396362e-01,3.436248302459716797e-01,3.845933079719543457e-01,3.349063694477081299e-01,-1.423518955707550049e-01,7.986571639776229858e-02,2.510022222995758057e-01,1.955277770757675171e-01,-5.895679444074630737e-02,4.618166014552116394e-02,2.861829698085784912e-01,2.734879553318023682e-01,3.113590776920318604e-01,2.881632149219512939e-01,1.612543165683746338e-01,1.357363909482955933e-01,2.099382728338241577e-01,1.994622498750686646e-01,2.365591228008270264e-01,7.153695821762084961e-02,2.219708412885665894e-01,2.294703423976898193e-01,2.249602079391479492e-01,1.461286544799804688e-01,1.654407978057861328e-01,1.071610525250434875e-01,-5.325137823820114136e-02,-6.981580052524805069e-03,1.943531930446624756e-01,1.289603859186172485e-01,3.002139627933502197e-01,2.555638849735260010e-01,1.459796428680419922e-01,4.886944219470024109e-02,2.024912089109420776e-01,1.072201952338218689e-01,3.003533482551574707e-01,2.440546602010726929e-01,2.458836883306503296e-01,2.831673622131347656e-01,-4.415628686547279358e-02,5.042999982833862305e-02,1.133286803960800171e-01,6.529929488897323608e-02,1.712320297956466675e-01,2.232312262058258057e-01,8.306771516799926758e-02,1.036909520626068115e-01,2.549068629741668701e-01,3.172855079174041748e-01,2.471738010644912720e-01,2.337784618139266968e-01,3.340088129043579102e-01,7.782655209302902222e-02,3.149535357952117920e-01,2.974601387977600098e-01
5.107396841049194336e-01,4.213479757308959961e-01,6.821583509445190430e-01,1.000000238418579102e+00,-1.472671702504158020e-02,1.005494669079780579e-01,7.324253916740417480e-01,7.652369141578674316e-01,-1.575872600078582764e-01,-2.252591103315353394e-01,2.065725624561309814e-01,1.690060049295425415e-01,2.814398705959320068e-01,2.897002696990966797e-01,-1.407624334096908569e-01,-6.700039654970169067e-02,2.532517015933990479e-01,2.044539153575897217e-01,1.411229670047760010e-01,1.954636722803115845e-01,2.809319645166397095e-02,8.143689483404159546e-02,6.349942088127136230e-01,6.224287748336791992e-01,1.398198306560516357e-01,1.743305027484893799e-01,1.458228826522827148e-01,2.493851035833358765e-01,2.580493688583374023e-01,3.070739805698394775e-01,3.151629269123077393e-01,3.340472280979156494e-01,2.031138241291046143e-01,1.890881061553955078e-01,6.405292451381683350e-02,2.423437535762786865e-01,1.392488032579421997e-01,1.436103731393814087e-01,6.285776942968368530e-02,8.823864161968231201e-02,3.939917683601379395e-02,6.775514036417007446e-02,-1.334342062473297119e-01,-1.571638435125350952e-01,-1.510994136333465576e-01,-1.649892032146453857e-01,-1.045408472418785095e-02,3.826268762350082397e-02,3.383406251668930054e-02,5.001647863537073135e-03,-5.476906523108482361e-02,-9.995353966951370239e-02,1.681901812553405762e-01,3.715835511684417725e-02,2.571838796138763428e-01,1.681391894817352295e-01,2.115288227796554565e-01,2.651148140430450439e-01,2.934073805809020996e-01,1.432117223739624023e-01,2.355392724275588989e-01,2.406115084886550903e-01,4.468057155609130859e-01,5.032742619514465332e-01,-3.434603661298751831e-02,1.444211751222610474e-01,1.992361843585968018e-01,1.235576421022415161e-01,1.234133988618850708e-01,1.218054592609405518e-01,1.893903911113739014e-01,2.073505520820617676e-01,2.694571912288665771e-01,2.164089232683181763e-01,6.680599600076675415e-02,2.651953510940074921e-02,9.358031302690505981e-02,9.399532526731491089e-02,2.404112219810485840e-01,1.168098598718643188e-01,2.009979784488677979e-01,2.996536791324615479e-01,1.067686006426811218e-01,1.801005452871322632e-01,1.604434549808502197e-01,2.220882028341293335e-01,-1.081232503056526184e-01,5.127723515033721924e-02,-3.368224203586578369e-02,1.793889254331588745e-01,1.454694122076034546e-01,3.310374319553375244e-01,1.538368314504623413e-02,7.792750373482704163e-03,1.761215329170227051e-01,5.232158675789833069e-02,3.746889829635620117e-01,3.707807958126068115e-01,2.517415285110473633e-01,3.498170077800750732e-01,-8.890182524919509888e-02,-4.868204891681671143e-02,1.488365083932876587e-01,8.280250430107116699e-02,2.391641885042190552e-01,2.870292365550994873e-01,1.792420446872711182e-01,1.273357719182968140e-01,1.862393915653228760e-01,3.803789019584655762e-01,4.971033930778503418e-01,4.775339365005493164e-01,5.230438113212585449e-01,1.874473690986633301e-01,2.498743683099746704e-01,2.924310266971588135e-01
-1.483435183763504028e-02,5.778381973505020142e-02,1.471553146839141846e-01,-1.472671702504158020e-02,1.000000476837158203e+00,6.130316853523254395e-01,1.069479510188102722e-01,2.654840797185897827e-02,8.025224208831787109e-01,6.478797197341918945e-01,1.837481260299682617e-01,8.094506710767745972e-02,3.404311239719390869e-01,1.920841038227081299e-01,6.753525137901306152e-01,5.938370227813720703e-01,1.490062773227691650e-01,1.030950769782066345e-01,9.715676307678222656e-02,1.012716162949800491e-02,3.994127213954925537e-01,3.626054227352142334e-01,1.792065054178237915e-02,3.353726491332054138e-02,6.992599368095397949e-01,5.768206119537353516e-01,7.163569927215576172e-01,6.327609419822692871e-01,1.956229805946350098e-01,2.751764059066772461e-01,2.312727421522140503e-01,2.110512256622314453e-01,-3.625509142875671387e-02,-8.330252021551132202e-02,-1.674091070890426636e-01,-1.649273633956909180e-01,2.198307961225509644e-01,2.810234427452087402e-01,2.924101948738098145e-01,4.332847595214843750e-01,2.361759543418884277e-01,3.741475343704223633e-01,-2.791407406330108643e-01,-1.975674778223037720e-01,-2.856783196330070496e-02,-4.994065687060356140e-02,-1.563112288713455200e-01,-1.921435445547103882e-01,-1.136333420872688293e-01,-9.374035149812698364e-02,-3.448412120342254639e-01,-3.303800523281097412e-01,4.676455631852149963e-02,-1.195672005414962769e-01,1.388588249683380127e-01,1.655397564172744751e-01,2.605788707733154297e-01,1.757187396287918091e-01,2.345214337110519409e-01,3.771754503250122070e-01,2.356213517487049103e-02,2.757686078548431396e-01,1.171767339110374451e-01,3.867512941360473633e-02,-3.205904364585876465e-01,-1.736842840909957886e-01,1.043384820222854614e-01,1.705363839864730835e-01,7.256275857798755169e-04,-4.425612743943929672e-03,2.329492419958114624e-01,2.066363692283630371e-01,2.338776290416717529e-01,2.329200953245162964e-01,2.558553814888000488e-01,3.172469139099121094e-01,2.635326087474822998e-01,2.413536161184310913e-01,6.962905824184417725e-02,1.841770857572555542e-01,2.581661939620971680e-01,8.320370316505432129e-02,7.333351373672485352e-01,5.403814911842346191e-01,1.238347589969635010e-01,-3.686941415071487427e-02,4.895650148391723633e-01,3.330808877944946289e-01,4.721974730491638184e-01,3.733563721179962158e-01,1.909381598234176636e-01,2.000953704118728638e-01,4.954102262854576111e-02,1.086789667606353760e-01,2.738342285156250000e-01,2.487688511610031128e-01,1.410211026668548584e-01,1.916836798191070557e-01,-6.208376958966255188e-02,3.164809569716453552e-02,1.406525261700153351e-02,7.919680792838335037e-04,-5.331236869096755981e-02,3.634895011782646179e-02,2.436045929789543152e-02,1.105831339955329895e-01,-5.088773369789123535e-02,8.454841375350952148e-02,2.777957916259765625e-01,1.918130666017532349e-01,5.630981177091598511e-02,1.182787772268056870e-02,6.808913499116897583e-02,-1.252578645944595337e-01,8.753672242164611816e-02,2.793911285698413849e-02
2.865408547222614288e-02,2.569109201431274414e-01,7.429918646812438965e-02,1.005494669079780579e-01,6.130316853523254395e-01,9.999997615814208984e-01,5.313639715313911438e-02,1.920627206563949585e-01,5.188744664192199707e-01,7.115336060523986816e-01,8.027020096778869629e-02,1.702102124691009521e-01,1.338394433259963989e-01,2.510074973106384277e-01,4.374067187309265137e-01,5.581301450729370117e-01,1.279002428054809570e-01,2.129284590482711792e-01,1.571581065654754639e-01,1.238721013069152832e-01,2.251697778701782227e-01,2.217140346765518188e-01,5.521761253476142883e-02,1.382361352443695068e-01,5.370367169380187988e-01,6.327771544456481934e-01,5.084531903266906738e-01,6.244648098945617676e-01,1.047187969088554382e-01,3.023366034030914307e-01,1.964935064315795898e-01,2.425538450479507446e-01,-4.744885489344596863e-02,-4.773407056927680969e-02,-6.687790155410766602e-02,-1.456414000131189823e-03,1.520170569419860840e-01,2.452460080385208130e-01,1.729623526334762573e-01,3.708112239837646484e-01,1.259862035512924194e-01,3.523452877998352051e-01,-2.517467737197875977e-01,-1.925801783800125122e-01,-1.451463401317596436e-01,-6.496618688106536865e-02,-1.560359150171279907e-01,-1.658549904823303223e-01,-6.504686921834945679e-02,-4.566577821969985962e-02,-3.047600388526916504e-01,-2.495550960302352905e-01,-1.651821658015251160e-02,-1.194894537329673767e-01,1.185048953630030155e-03,2.087253034114837646e-01,2.975124716758728027e-01,2.509656250476837158e-01,2.488497197628021240e-01,2.589071094989776611e-01,5.427678301930427551e-02,3.090723752975463867e-01,1.298299878835678101e-01,2.309737652540206909e-01,-2.467724829912185669e-01,-1.094029545783996582e-01,1.506165713071823120e-01,1.500493735074996948e-01,8.088941127061843872e-02,1.074431929737329483e-02,9.180333465337753296e-02,9.595616161823272705e-02,9.753185510635375977e-02,1.665801852941513062e-01,5.299809947609901428e-02,1.648988574743270874e-01,9.282338619232177734e-02,8.190484344959259033e-02,9.245014190673828125e-02,1.950459331274032593e-01,2.139437049627304077e-01,2.057792991399765015e-01,4.294682741165161133e-01,5.450264215469360352e-01,1.509450674057006836e-01,9.074725955724716187e-02,3.234024047851562500e-01,4.481723010540008545e-01,2.867902517318725586e-01,4.284290969371795654e-01,5.427817627787590027e-02,2.875299751758575439e-01,-3.888580203056335449e-02,2.804830670356750488e-01,2.290497124195098877e-01,2.237528264522552490e-01,1.265271455049514771e-01,2.715217173099517822e-01,-4.849386587738990784e-02,6.408160924911499023e-02,2.307508327066898346e-02,6.416570395231246948e-02,-5.123380199074745178e-02,8.339449763298034668e-02,-3.848200663924217224e-02,9.888283163309097290e-02,-1.082571670413017273e-01,5.076463893055915833e-02,2.215078622102737427e-01,1.561522334814071655e-01,1.977985948324203491e-01,1.768673509359359741e-01,1.370214521884918213e-01,4.863307252526283264e-02,4.779726266860961914e-02,9.986702352762222290e-02
6.148392558097839355e-01,3.353613913059234619e-01,7.387438416481018066e-01,7.324253916740417480e-01,1.069479510188102722e-01,5.313639715313911438e-02,9.999997019767761230e-01,7.244551181793212891e-01,-2.411814406514167786e-02,-2.256427258253097534e-01,3.499687910079956055e-01,1.936326473951339722e-01,4.995528757572174072e-01,3.137599527835845947e-01,-1.925832778215408325e-02,-3.789937868714332581e-02,4.097079932689666748e-01,1.790453791618347168e-01,9.289197623729705811e-02,3.889805823564529419e-02,1.055603101849555969e-01,1.473040431737899780e-01,6.744555830955505371e-01,5.856229066848754883e-01,2.124426662921905518e-01,1.889382600784301758e-01,2.505683898925781250e-01,2.674141228199005127e-01,3.810836076736450195e-01,2.958166599273681641e-01,4.195162653923034668e-01,4.060402512550354004e-01,2.706404030323028564e-01,2.510047554969787598e-01,8.063197135925292969e-02,1.935971230268478394e-01,1.876952946186065674e-01,1.423469185829162598e-01,5.856448411941528320e-02,7.767342031002044678e-02,1.357493400573730469e-01,2.511852234601974487e-02,-1.468637883663177490e-01,-1.418434977531433105e-01,-5.468049645423889160e-02,-1.136475354433059692e-01,-5.254135653376579285e-02,-9.857651311904191971e-04,1.204552948474884033e-01,4.579019546508789062e-02,-3.316660970449447632e-02,-8.488538116216659546e-02,2.145624905824661255e-01,-2.687001414597034454e-02,2.536190748214721680e-01,6.122506409883499146e-02,3.432410657405853271e-01,2.532661557197570801e-01,4.085658788681030273e-01,2.283351719379425049e-01,3.483419716358184814e-01,2.768740057945251465e-01,6.112238764762878418e-01,4.279766380786895752e-01,-2.281255088746547699e-02,1.261346638202667236e-01,2.718165218830108643e-01,1.597491651773452759e-01,-1.697692088782787323e-02,1.060332804918289185e-01,2.799853980541229248e-01,2.789067924022674561e-01,3.206990063190460205e-01,2.316705584526062012e-01,1.829157173633575439e-01,7.324904203414916992e-02,1.790912300348281860e-01,1.509208679199218750e-01,2.876892983913421631e-01,9.162256121635437012e-02,3.354864418506622314e-01,2.817967534065246582e-01,2.320553660392761230e-01,1.817029416561126709e-01,2.581109702587127686e-01,2.168889641761779785e-01,2.310949750244617462e-02,5.240925773978233337e-02,1.220928803086280823e-01,1.400683373212814331e-01,1.697987169027328491e-01,2.568730115890502930e-01,5.327462032437324524e-02,-6.474609486758708954e-03,1.781017035245895386e-01,4.713702201843261719e-02,3.494035601615905762e-01,3.317358791828155518e-01,1.727665066719055176e-01,1.875193715095520020e-01,-9.352258592844009399e-02,-3.689880669116973877e-02,1.319222450256347656e-01,2.482397481799125671e-02,1.961747556924819946e-01,2.063534259796142578e-01,1.422675848007202148e-01,1.145363673567771912e-01,2.031201273202896118e-01,3.572533726692199707e-01,4.601670503616333008e-01,3.889420330524444580e-01,4.527502059936523438e-01,1.132348850369453430e-01,2.588763236999511719e-01,3.004899024963378906e-01
5.257250666618347168e-01,5.011418461799621582e-01,6.076903343200683594e-01,7.652369141578674316e-01,2.654840797185897827e-02,1.920627206563949585e-01,7.244551181793212891e-01,1.000000476837158203e+00,-1.365701556205749512e-01,-1.373796761035919189e-01,2.628056704998016357e-01,3.283378183841705322e-01,3.828133940696716309e-01,5.140594244003295898e-01,-1.108867526054382324e-01,4.582687094807624817e-02,3.449659049510955811e-01,3.269981443881988525e-01,1.234132274985313416e-01,1.200769543647766113e-01,3.300718963146209717e-02,6.412470340728759766e-02,6.417523622512817383e-01,6.422971487045288086e-01,1.748122870922088623e-01,2.610793709754943848e-01,2.133881300687789917e-01,3.455801308155059814e-01,3.220879733562469482e-01,4.444746077060699463e-01,3.915737569332122803e-01,4.211928546428680420e-01,2.372058331966400146e-01,2.296074926853179932e-01,9.910099208354949951e-02,2.727437615394592285e-01,1.207303032279014587e-01,1.156972646713256836e-01,-1.130873709917068481e-02,8.193646371364593506e-02,-5.626036785542964935e-03,8.593805134296417236e-02,-1.643438488245010376e-01,-1.748124212026596069e-01,-2.202656120061874390e-01,-1.721863597631454468e-01,-6.169742345809936523e-02,-8.192294277250766754e-03,1.522019971162080765e-02,-1.787035912275314331e-02,-1.537157595157623291e-01,-1.789339482784271240e-01,1.562386453151702881e-01,-2.350670658051967621e-02,2.356492578983306885e-01,1.923158913850784302e-01,3.365024626255035400e-01,4.137544035911560059e-01,4.229525923728942871e-01,2.400494664907455444e-01,2.629345357418060303e-01,3.016767501831054688e-01,5.329521298408508301e-01,5.896126031875610352e-01,-1.006609722971916199e-01,6.490783393383026123e-02,2.964356541633605957e-01,2.186475247144699097e-01,-3.926496952772140503e-03,6.187717616558074951e-02,2.262192070484161377e-01,2.498004436492919922e-01,2.430217117071151733e-01,2.427836507558822632e-01,9.750000387430191040e-02,4.509216174483299255e-02,1.361358314752578735e-01,1.178944110870361328e-01,3.138942122459411621e-01,1.600670069456100464e-01,3.410267531871795654e-01,4.208281338214874268e-01,1.143717691302299500e-01,3.191116750240325928e-01,2.478920668363571167e-01,2.554886341094970703e-01,-3.900567069649696350e-02,1.510197967290878296e-01,6.364811956882476807e-02,3.260754346847534180e-01,1.556318551301956177e-01,4.030503630638122559e-01,2.741546183824539185e-02,1.049149110913276672e-01,2.193765789270401001e-01,1.191666647791862488e-01,3.723577857017517090e-01,3.902435302734375000e-01,1.928236335515975952e-01,2.622426152229309082e-01,-9.750561416149139404e-02,1.160662062466144562e-02,1.343889832496643066e-01,7.516555488109588623e-02,2.396170496940612793e-01,2.559868097305297852e-01,1.326879113912582397e-01,1.010345742106437683e-01,2.629373073577880859e-01,4.501283764839172363e-01,5.459592342376708984e-01,4.842879772186279297e-01,4.674305021762847900e-01,1.341245174407958984e-01,2.373890280723571777e-01,3.285988271236419678e-01
-1.007564440369606018e-01,-4.629214480519294739e-02,3.016019798815250397e-02,-1.575872600078582764e-01,8.025224208831787109e-01,5.188744664192199707e-01,-2.411814406514167786e-02,-1.365701556205749512e-01,9.999997615814208984e-01,6.556792259216308594e-01,2.463779002428054810e-01,5.701996013522148132e-02,3.542464673519134521e-01,1.154255419969558716e-01,7.831938266754150391e-01,5.910190939903259277e-01,1.522233188152313232e-01,6.723502278327941895e-02,5.779522657394409180e-02,-2.798086591064929962e-02,4.742475152015686035e-01,4.108715355396270752e-01,-1.674284785985946655e-01,-1.400665193796157837e-01,5.941472053527832031e-01,4.783425927162170410e-01,6.284586191177368164e-01,5.083420872688293457e-01,2.263398915529251099e-01,2.376054227352142334e-01,1.468033641576766968e-01,1.287584751844406128e-01,-9.797202795743942261e-02,-1.413199007511138916e-01,-1.932722479104995728e-01,-2.177643775939941406e-01,1.919805854558944702e-01,2.744493484497070312e-01,3.413007557392120361e-01,4.262623786926269531e-01,3.332237303256988525e-01,3.658706843852996826e-01,-1.658849120140075684e-01,-1.033267676830291748e-01,8.014483377337455750e-03,-2.856044284999370575e-02,-9.243259578943252563e-02,-1.257336288690567017e-01,-1.235750466585159302e-01,-1.112898513674736023e-01,-2.210841476917266846e-01,-2.235776633024215698e-01,-4.998641833662986755e-02,-1.043589338660240173e-01,9.854447841644287109e-02,1.711300611495971680e-01,2.110337018966674805e-01,9.867488592863082886e-02,1.366218179464340210e-01,2.677131593227386475e-01,1.378768216818571091e-02,2.088789641857147217e-01,-4.114709794521331787e-02,-9.648043662309646606e-02,-1.968759298324584961e-01,-8.247677236795425415e-02,5.214291065931320190e-02,1.206784844398498535e-01,-1.192884985357522964e-02,-2.275148592889308929e-02,2.757146656513214111e-01,2.325420379638671875e-01,3.069856762886047363e-01,2.846268415451049805e-01,3.324533700942993164e-01,3.747407495975494385e-01,2.384767979383468628e-01,2.423048615455627441e-01,1.661545597016811371e-02,1.433994323015213013e-01,2.186068594455718994e-01,2.706336230039596558e-02,7.340513467788696289e-01,4.668315649032592773e-01,1.472306102514266968e-01,-1.642874255776405334e-02,5.013226270675659180e-01,3.072558641433715820e-01,5.299283862113952637e-01,3.056768774986267090e-01,2.265622764825820923e-01,1.495359838008880615e-01,1.433120220899581909e-01,1.567576080560684204e-01,9.913326799869537354e-02,2.249765843152999878e-01,-5.562369152903556824e-02,8.080460131168365479e-02,-6.063416227698326111e-02,1.540947984904050827e-02,1.677509695291519165e-01,1.241601631045341492e-01,7.538200914859771729e-02,1.539809554815292358e-01,2.824407070875167847e-02,1.169649139046669006e-01,-2.469681762158870697e-02,8.860654383897781372e-02,1.261291801929473877e-01,-3.242904692888259888e-02,-1.793466359376907349e-01,-1.849605590105056763e-01,-1.044029593467712402e-01,-5.815023183822631836e-02,1.373786032199859619e-01,-2.017632499337196350e-02
-1.958837956190109253e-01,6.418403983116149902e-02,-1.575822383165359497e-01,-2.252591103315353394e-01,6.478797197341918945e-01,7.115336060523986816e-01,-2.256427258253097534e-01,-1.373796761035919189e-01,6.556792259216308594e-01,1.000000357627868652e+00,8.614088594913482666e-02,1.530678272247314453e-01,7.389774918556213379e-02,1.492160260677337646e-01,5.852961540222167969e-01,6.620280146598815918e-01,1.990047097206115723e-02,1.379439681768417358e-01,1.541378349065780640e-01,9.181454777717590332e-02,3.506411015987396240e-01,2.986977696418762207e-01,-2.378613948822021484e-01,-1.624090224504470825e-01,5.048832893371582031e-01,4.861790239810943604e-01,5.004891157150268555e-01,4.913202524185180664e-01,6.320163607597351074e-02,2.443755120038986206e-01,4.394845664501190186e-02,1.097591146826744080e-01,-5.823080986738204956e-02,-6.252525001764297485e-02,-1.243451684713363647e-01,-1.462653428316116333e-01,1.427979916334152222e-01,2.585887908935546875e-01,2.405411452054977417e-01,4.316115975379943848e-01,1.520660966634750366e-01,3.231742382049560547e-01,-1.953948587179183960e-01,-1.159161627292633057e-01,-6.619617342948913574e-02,3.712289617396891117e-04,-1.036604493856430054e-01,-1.337085366249084473e-01,-1.407978236675262451e-01,-9.355594217777252197e-02,-2.972773909568786621e-01,-2.513931691646575928e-01,-1.061336621642112732e-01,-1.667690426111221313e-01,-1.931281760334968567e-02,2.362030744552612305e-01,1.573127210140228271e-01,1.428921818733215332e-01,9.398537874221801758e-02,2.170244604349136353e-01,-4.585806280374526978e-02,1.923899054527282715e-01,-1.598206609487533569e-01,-7.257322967052459717e-02,-2.265553474426269531e-01,-1.637225002050399780e-01,5.382238328456878662e-02,1.293250024318695068e-01,9.169916808605194092e-02,-2.698609419167041779e-02,1.614745706319808960e-01,1.143608465790748596e-01,1.055657118558883667e-01,2.085280865430831909e-01,1.414532810449600220e-01,2.892766594886779785e-01,1.771090477705001831e-01,1.774597913026809692e-01,8.320415508933365345e-04,2.068253308534622192e-01,1.273711919784545898e-01,5.860447138547897339e-02,4.649334847927093506e-01,5.096008777618408203e-01,1.587074436247348785e-02,-6.261789053678512573e-02,3.993799984455108643e-01,4.779780507087707520e-01,3.513002097606658936e-01,3.984982967376708984e-01,1.127015277743339539e-01,1.577266007661819458e-01,7.687878608703613281e-02,2.892613112926483154e-01,2.101092785596847534e-01,2.497811466455459595e-01,-2.915971353650093079e-02,1.047338694334030151e-01,-6.464015692472457886e-02,2.859140187501907349e-02,1.757363080978393555e-01,1.946738958358764648e-01,-3.883478045463562012e-02,1.851083189249038696e-01,-4.716172441840171814e-02,8.910027891397476196e-02,-1.255685240030288696e-01,4.638364911079406738e-02,1.748835593461990356e-01,-8.774922229349613190e-03,-1.318439990282058716e-01,-9.797663986682891846e-02,-1.252020001411437988e-01,-6.648312509059906006e-02,2.829703874886035919e-02,-3.143048658967018127e-02
2.239218056201934814e-01,1.335455626249313354e-01,3.603358864784240723e-01,2.065725624561309814e-01,1.837481260299682617e-01,8.027020096778869629e-02,3.499687910079956055e-01,2.628056704998016357e-01,2.463779002428054810e-01,8.614088594913482666e-02,1.000000119209289551e+00,6.133289337158203125e-01,7.122482657432556152e-01,5.331490039825439453e-01,4.075416028499603271e-01,3.733203113079071045e-01,6.982570886611938477e-01,5.532895326614379883e-01,3.445941209793090820e-02,-3.813497722148895264e-02,5.023999214172363281e-01,4.211241006851196289e-01,9.979522973299026489e-02,4.408314079046249390e-02,2.450829446315765381e-01,1.616941839456558228e-01,3.754042387008666992e-01,1.914082169532775879e-01,6.821711659431457520e-01,5.335184931755065918e-01,3.654508888721466064e-01,4.029232561588287354e-01,2.251475155353546143e-01,2.237255722284317017e-01,1.251687407493591309e-01,7.508702576160430908e-02,3.306460678577423096e-01,3.468751609325408936e-01,3.853988647460937500e-01,3.681877255439758301e-01,3.002433478832244873e-01,7.997451722621917725e-02,8.867653459310531616e-02,6.515374779701232910e-02,-9.400237351655960083e-02,-1.105842217803001404e-01,2.128230482339859009e-01,2.287281602621078491e-01,-1.792440563440322876e-01,-2.303886115550994873e-01,-1.895419657230377197e-01,-2.463324815034866333e-01,-9.323962032794952393e-02,-1.241103932261466980e-01,3.742260336875915527e-01,3.088443875312805176e-01,2.281717509031295776e-01,9.240730851888656616e-02,1.118873953819274902e-01,9.913588315248489380e-02,1.299000903964042664e-02,1.665574759244918823e-01,2.568249776959419250e-02,2.625914663076400757e-02,-1.200567036867141724e-01,-4.267045110464096069e-02,1.199177950620651245e-01,2.225709110498428345e-01,-1.209576055407524109e-01,-1.419683173298835754e-02,4.379908740520477295e-01,4.101261198520660400e-01,4.162164926528930664e-01,4.917035996913909912e-01,3.101739883422851562e-01,3.245387673377990723e-01,3.163885176181793213e-01,3.001837730407714844e-01,4.189694523811340332e-01,3.252744376659393311e-01,4.692390263080596924e-01,4.273390471935272217e-01,2.942574322223663330e-01,2.499057054519653320e-01,4.164004623889923096e-01,2.982125282287597656e-01,5.980728659778833389e-03,-4.741697572171688080e-03,5.868324041366577148e-01,3.315925598144531250e-01,3.649030327796936035e-01,7.521039992570877075e-02,3.482797145843505859e-01,6.322691589593887329e-02,1.416965574026107788e-01,3.013732135295867920e-01,1.726635545492172241e-01,2.613501250743865967e-01,2.784492373466491699e-01,2.113108187913894653e-01,2.170822322368621826e-01,2.315088361501693726e-01,3.232813775539398193e-01,2.988824248313903809e-01,2.312080711126327515e-01,2.085092663764953613e-01,1.764390021562576294e-01,2.000183612108230591e-01,9.993237257003784180e-02,-3.522874042391777039e-02,-1.114915385842323303e-01,-4.620178043842315674e-02,-2.432118542492389679e-02,2.155065834522247314e-01,4.423066973686218262e-01,2.683711946010589600e-01
1.688379943370819092e-01,3.979512751102447510e-01,2.502774298191070557e-01,1.690060049295425415e-01,8.094506710767745972e-02,1.702102124691009521e-01,1.936326473951339722e-01,3.283378183841705322e-01,5.701996013522148132e-02,1.530678272247314453e-01,6.133289337158203125e-01,9.999999403953552246e-01,4.441169798374176025e-01,6.375238299369812012e-01,2.392867356538772583e-01,4.141907393932342529e-01,6.031640172004699707e-01,6.990332007408142090e-01,1.438983976840972900e-01,7.280758023262023926e-02,2.969159185886383057e-01,2.760296761989593506e-01,1.166728213429450989e-01,8.349394798278808594e-02,2.187657803297042847e-01,2.339399904012680054e-01,2.517550885677337646e-01,1.834163367748260498e-01,4.974124133586883545e-01,6.155050396919250488e-01,3.961404263973236084e-01,4.194936752319335938e-01,3.868041038513183594e-01,4.225864410400390625e-01,2.278143912553787231e-01,2.134135514497756958e-01,3.567797541618347168e-01,3.482167124748229980e-01,2.429576069116592407e-01,3.521198928356170654e-01,8.738863468170166016e-02,6.324436515569686890e-02,5.243182927370071411e-02,5.293029919266700745e-02,-1.500614583492279053e-01,-8.288571238517761230e-02,1.691206991672515869e-01,1.715758591890335083e-01,-1.368796676397323608e-01,-1.833074092864990234e-01,-2.022780925035476685e-01,-2.098875492811203003e-01,-1.106639280915260315e-01,-1.760397851467132568e-01,2.642807066440582275e-01,4.010576307773590088e-01,2.322416454553604126e-01,3.225716054439544678e-01,1.315335929393768311e-01,1.561471074819564819e-01,-1.367894001305103302e-02,2.466063350439071655e-01,-2.021161606535315514e-03,1.982850134372711182e-01,-8.798528462648391724e-02,2.299869805574417114e-02,1.790165156126022339e-01,2.822597026824951172e-01,-4.419426247477531433e-02,1.313966698944568634e-02,3.154887855052947998e-01,3.178369104862213135e-01,2.470845133066177368e-01,4.702398777008056641e-01,1.555582731962203979e-01,2.361471354961395264e-01,2.341830581426620483e-01,2.305356115102767944e-01,5.039276480674743652e-01,4.925758540630340576e-01,4.703684151172637939e-01,5.631107687950134277e-01,9.088853001594543457e-02,2.576425671577453613e-01,4.007944166660308838e-01,3.342626690864562988e-01,-1.215976327657699585e-01,3.617305308580398560e-02,4.524359107017517090e-01,4.178290963172912598e-01,2.843216955661773682e-01,2.995659038424491882e-02,2.711898684501647949e-01,9.747020900249481201e-02,2.891408205032348633e-01,3.952841758728027344e-01,2.440026849508285522e-01,3.207035660743713379e-01,2.785568833351135254e-01,2.161891460418701172e-01,1.274382174015045166e-01,2.195331752300262451e-01,2.076151520013809204e-01,2.553208768367767334e-01,2.381334006786346436e-01,2.048040926456451416e-01,1.139202713966369629e-01,1.746181845664978027e-01,2.104643881320953369e-01,1.997383497655391693e-02,3.664824366569519043e-02,1.220861449837684631e-02,-5.473219603300094604e-02,1.240173429250717163e-01,3.681509792804718018e-01,2.976244390010833740e-01
2.789160311222076416e-01,1.359392255544662476e-01,4.220836162567138672e-01,2.814398705959320068e-01,3.404311239719390869e-01,1.338394433259963989e-01,4.995528757572174072e-01,3.828133940696716309e-01,3.542464673519134521e-01,7.389774918556213379e-02,7.122482657432556152e-01,4.441169798374176025e-01,1.000000238418579102e+00,5.828338265419006348e-01,4.365757405757904053e-01,3.644275665283203125e-01,6.195493340492248535e-01,3.589169383049011230e-01,3.462484106421470642e-02,-6.378998607397079468e-02,3.951236009597778320e-01,3.477229475975036621e-01,2.457302361726760864e-01,1.995339840650558472e-01,3.256291151046752930e-01,2.432681769132614136e-01,4.812307059764862061e-01,3.272227048873901367e-01,7.032838463783264160e-01,5.705513954162597656e-01,4.097013473510742188e-01,3.949635922908782959e-01,1.514670848846435547e-01,1.237043142318725586e-01,2.732744626700878143e-02,4.068755358457565308e-02,2.480966299772262573e-01,2.638848423957824707e-01,2.855049073696136475e-01,3.021367192268371582e-01,2.994509339332580566e-01,1.368517875671386719e-01,-5.089185386896133423e-02,-5.744282528758049011e-02,6.189147010445594788e-03,-5.294119566679000854e-02,1.450305990874767303e-02,3.166567906737327576e-02,-1.783509366214275360e-02,-9.147340059280395508e-02,-1.571433097124099731e-01,-2.149883359670639038e-01,4.452605918049812317e-02,-6.332919001579284668e-02,3.679140210151672363e-01,2.186538577079772949e-01,2.852715551853179932e-01,1.012941598892211914e-01,2.221533209085464478e-01,1.726543456315994263e-01,1.329187750816345215e-01,1.781558096408843994e-01,2.770426273345947266e-01,9.004453569650650024e-02,-1.286260783672332764e-01,2.566627226769924164e-03,1.310261934995651245e-01,1.861776262521743774e-01,-1.362086385488510132e-01,-1.348372641950845718e-02,4.470459520816802979e-01,4.671831727027893066e-01,5.240238308906555176e-01,4.908831715583801270e-01,3.967069685459136963e-01,3.545890450477600098e-01,3.344113528728485107e-01,3.096289038658142090e-01,2.969475686550140381e-01,2.015570700168609619e-01,4.961988031864166260e-01,3.643572628498077393e-01,4.835895597934722900e-01,3.976266086101531982e-01,3.958762586116790771e-01,3.008369803428649902e-01,1.830720305442810059e-01,1.052591130137443542e-01,5.657739043235778809e-01,3.869798779487609863e-01,2.996518313884735107e-01,1.366635859012603760e-01,2.081341892480850220e-01,5.861545726656913757e-02,1.733289062976837158e-01,2.250147312879562378e-01,1.472218632698059082e-01,2.015332281589508057e-01,1.477955579757690430e-01,9.200157225131988525e-02,-7.398900575935840607e-03,1.154088303446769714e-01,1.444313675165176392e-01,9.996409714221954346e-02,1.883891522884368896e-01,1.772766113281250000e-01,1.564425975084304810e-01,1.392921805381774902e-01,1.412373334169387817e-01,9.917329251766204834e-02,8.198738098144531250e-02,7.558058202266693115e-02,8.626736700534820557e-02,6.259539723396301270e-02,3.236741721630096436e-01,2.225535660982131958e-01
