9.999999403953552246e-01,5.352634787559509277e-01,3.000538349151611328e-01,2.390434592962265015e-01,1.205708831548690796e-01,6.406730040907859802e-03,4.473902881145477295e-01,2.071941792964935303e-01,2.116673141717910767e-01,1.310370713472366333e-01,4.460840523242950439e-01,5.398156642913818359e-01,3.496486246585845947e-01,2.591437697410583496e-01,3.241294920444488525e-01,2.725228369235992432e-01,4.892254471778869629e-01,3.755834698677062988e-01,7.500199079513549805e-01,7.082240581512451172e-01,3.214143216609954834e-01,2.018524557352066040e-01,2.740014493465423584e-01,1.509163528680801392e-01,1.412849575281143188e-01,4.745206981897354126e-02,2.938960678875446320e-03,-8.298297971487045288e-02,5.042191147804260254e-01,4.710934162139892578e-01,3.364404439926147461e-01,2.146913856267929077e-01,5.013377666473388672e-01,5.216953754425048828e-01,-5.654099956154823303e-02,2.251254208385944366e-02,3.222677111625671387e-01,3.121641576290130615e-01,3.457881212234497070e-01,3.548040091991424561e-01,2.326398193836212158e-01,1.765045672655105591e-01,8.984331041574478149e-02,1.160622462630271912e-01,3.556125238537788391e-02,-1.461740117520093918e-02,2.785621881484985352e-01,1.269891560077667236e-01,4.504181444644927979e-02,-9.244063496589660645e-02,-3.018391691148281097e-02,-8.638034015893936157e-02,1.296502798795700073e-01,2.933762408792972565e-02,3.504855632781982422e-01,2.825511395931243896e-01,6.520804762840270996e-01,4.732825160026550293e-01,4.115504920482635498e-01,2.259910255670547485e-01,6.273218989372253418e-01,2.606636881828308105e-01,4.809443950653076172e-01,3.263482749462127686e-01,6.129776686429977417e-02,-2.396894432604312897e-02,4.238801077008247375e-02,5.104652047157287598e-02,5.099350214004516602e-01,3.680769801139831543e-01,7.962230592966079712e-02,2.368068844079971313e-01,4.052512645721435547e-01,4.129585027694702148e-01,3.120826482772827148e-01,3.445421159267425537e-01,4.081405401229858398e-01,3.322320282459259033e-01,4.472010433673858643e-01,3.426761031150817871e-01,3.842234611511230469e-01,3.124609291553497314e-01,2.687382996082305908e-01,2.201484441757202148e-01,2.305943816900253296e-01,1.850477904081344604e-01,2.085686773061752319e-01,1.515965908765792847e-01,3.185188174247741699e-01,1.366818547248840332e-01,1.045109145343303680e-02,1.990201622247695923e-01,-1.205624788999557495e-01,1.227852106094360352e-01,4.773787036538124084e-02,5.687683820724487305e-02,3.266506195068359375e-01,3.188240826129913330e-01,3.011929690837860107e-01,2.697927951812744141e-01,2.186449319124221802e-01,1.486055850982666016e-01,2.364674806594848633e-01,2.778533697128295898e-01,7.914967089891433716e-02,1.359440684318542480e-01,2.556480467319488525e-01,2.017529010772705078e-01,2.628059685230255127e-02,1.735294819809496403e-03,2.353493422269821167e-01,3.125680983066558838e-01,3.621898889541625977e-01,2.544650435447692871e-01,1.253875792026519775e-01,-6.565225869417190552e-02
5.352634787559509277e-01,9.999994039535522461e-01,1.958585083484649658e-01,3.482552170753479004e-01,2.979309111833572388e-02,1.367980837821960449e-01,2.749660909175872803e-01,3.032269477844238281e-01,1.128209531307220459e-01,2.122745364904403687e-01,4.535819590091705322e-02,4.552288651466369629e-01,-5.091445893049240112e-02,1.929623931646347046e-01,-1.171167660504579544e-02,1.632169485092163086e-01,3.487909138202667236e-01,4.965046346187591553e-01,5.447021126747131348e-01,5.418400764465332031e-01,2.026252448558807373e-02,-8.109783753752708435e-03,9.543153643608093262e-02,1.028160452842712402e-01,4.681372269988059998e-02,5.535146594047546387e-02,4.805401712656021118e-02,2.618804387748241425e-02,1.737795472145080566e-01,3.344235420227050781e-01,6.885123252868652344e-02,-8.910776814445853233e-04,3.635035455226898193e-01,4.132260978221893311e-01,-3.414335515117272735e-05,8.980154991149902344e-02,1.487887054681777954e-01,1.216755136847496033e-01,9.024048596620559692e-02,1.160922721028327942e-01,1.885920166969299316e-01,1.363876760005950928e-01,1.243626028299331665e-01,1.684045493602752686e-01,1.231521889567375183e-01,1.749865263700485229e-01,2.202837914228439331e-01,2.296097129583358765e-01,1.723811626434326172e-01,1.847965270280838013e-01,1.346928924322128296e-01,1.384126394987106323e-01,9.564594179391860962e-02,1.886481046676635742e-01,1.705242097377777100e-01,2.206358611583709717e-01,6.180325746536254883e-01,6.953592896461486816e-01,4.086759686470031738e-01,5.120897293090820312e-01,4.572334885597229004e-01,4.775111973285675049e-01,4.411201179027557373e-01,5.291655659675598145e-01,-5.115983262658119202e-02,9.740797430276870728e-02,8.502066135406494141e-02,1.748196780681610107e-01,5.098646283149719238e-01,3.816259205341339111e-01,-4.552067443728446960e-02,3.814261406660079956e-02,6.866087764501571655e-02,1.647520214319229126e-01,1.041852086782455444e-01,2.292313277721405029e-01,1.952287554740905762e-01,1.953006684780120850e-01,3.489962816238403320e-01,2.915603220462799072e-01,3.913893997669219971e-01,3.882381618022918701e-01,2.100879698991775513e-01,2.544571459293365479e-01,9.106065332889556885e-02,2.055570334196090698e-01,-1.203345833346247673e-03,2.179051004350185394e-02,1.074131950736045837e-01,2.555567622184753418e-01,-5.345265846699476242e-03,1.086451262235641479e-01,-1.307978574186563492e-02,9.174412488937377930e-02,-1.351442933082580566e-01,-3.745976835489273071e-03,1.240344941616058350e-01,2.502903044223785400e-01,3.471927344799041748e-01,3.494835197925567627e-01,1.284994930028915405e-01,1.782924234867095947e-01,1.162394583225250244e-01,2.288592308759689331e-01,7.645380496978759766e-02,5.303107574582099915e-02,1.078522112220525742e-02,9.493811428546905518e-02,-6.362728029489517212e-02,-7.435300201177597046e-02,1.534322500228881836e-01,3.610719442367553711e-01,3.122127950191497803e-01,1.762649714946746826e-01,-1.872123591601848602e-02,-1.670242249965667725e-01
3.000538349151611328e-01,1.958585083484649658e-01,9.999995827674865723e-01,5.512328147888183594e-01,1.425353884696960449e-01,2.421796089038252831e-03,6.156688332557678223e-01,3.571127057075500488e-01,3.266000747680664062e-02,-2.460802495479583740e-01,2.651460468769073486e-01,1.012448072433471680e-01,3.306608498096466064e-01,2.590013444423675537e-01,2.029965221881866455e-01,-1.014933064579963684e-01,5.042220279574394226e-02,-8.374535292387008667e-02,2.422446012496948242e-01,2.071804851293563843e-01,1.554640084505081177e-01,1.495561152696609497e-01,6.574149131774902344e-01,6.234692931175231934e-01,2.772796750068664551e-01,2.128483355045318604e-01,1.701934188604354858e-01,1.283306479454040527e-01,1.595633029937744141e-01,4.364503175020217896e-02,3.445440232753753662e-01,2.775935232639312744e-01,1.609020680189132690e-01,7.192454487085342407e-02,-3.470375388860702515e-02,-8.906390517950057983e-02,1.399479359388351440e-01,7.970117032527923584e-03,4.770738631486892700e-02,4.335463512688875198e-03,-8.914251625537872314e-02,3.924164548516273499e-02,1.756880991160869598e-02,-3.051168844103813171e-02,-2.712726034224033356e-02,-6.529074162244796753e-02,4.573623090982437134e-02,5.463422462344169617e-02,-6.280725449323654175e-02,-4.860469698905944824e-02,-2.485013101249933243e-04,-9.470618516206741333e-02,3.132046386599540710e-02,6.454657763242721558e-02,-4.334612283855676651e-03,4.178690258413553238e-03,2.035252302885055542e-01,1.988654583692550659e-01,1.658833175897598267e-01,2.297569066286087036e-02,1.928463727235794067e-01,-5.877859517931938171e-02,1.858374662697315216e-02,-4.734572023153305054e-02,2.894941866397857666e-01,3.149263188242912292e-02,5.986682698130607605e-02,-7.442999631166458130e-02,1.401837915182113647e-01,1.411578059196472168e-01,7.941289991140365601e-02,-2.600477077066898346e-02,9.135165810585021973e-02,-6.978622823953628540e-02,1.322617232799530029e-01,6.117795780301094055e-02,8.941925317049026489e-02,-1.242242939770221710e-02,1.037220880389213562e-01,4.371745511889457703e-03,1.122455112636089325e-03,-1.265487261116504669e-02,1.103147268295288086e-01,1.191430464386940002e-01,2.427126467227935791e-01,1.022900640964508057e-01,1.146935969591140747e-01,1.873838007450103760e-01,1.034485846757888794e-01,-1.606043241918087006e-02,-7.401005178689956665e-02,1.680005341768264771e-02,-3.062879852950572968e-02,9.870939701795578003e-02,-5.697867274284362793e-02,8.364680223166942596e-03,-7.588428258895874023e-02,-1.372140944004058838e-01,-2.001341618597507477e-02,-5.169143527746200562e-02,-1.550811529159545898e-01,-2.659479156136512756e-03,-1.278846561908721924e-01,-6.894814968109130859e-02,-1.114228740334510803e-01,-9.527817368507385254e-02,1.550111547112464905e-02,-5.175739154219627380e-02,-8.197563886642456055e-02,-3.715470805764198303e-02,-4.501984640955924988e-02,-1.025343537330627441e-01,-9.520825743675231934e-02,-1.148983240127563477e-01,-8.625904470682144165e-02,-3.793510794639587402e-02
2.390434592962265015e-01,3.482552170753479004e-01,5.512328147888183594e-01,9.999997019767761230e-01,4.665685072541236877e-02,1.572163850069046021e-01,5.627320408821105957e-01,7.686076164245605469e-01,-1.510493457317352295e-01,-1.622297316789627075e-01,8.392192423343658447e-02,2.290893346071243286e-01,9.300559014081954956e-02,3.905670344829559326e-01,-1.717343330383300781e-01,-1.717541217803955078e-01,1.958589255809783936e-02,-3.433113917708396912e-02,2.103436589241027832e-01,2.698920071125030518e-01,1.319185346364974976e-01,1.522969305515289307e-01,4.340292215347290039e-01,7.004538774490356445e-01,3.038458824157714844e-01,3.320553302764892578e-01,1.042454615235328674e-01,1.165728643536567688e-01,1.310649216175079346e-01,7.520083338022232056e-02,3.519806563854217529e-01,4.472919702529907227e-01,1.290890574455261230e-01,1.998180001974105835e-01,-2.306496724486351013e-02,-1.280099968425929546e-03,1.170477923005819321e-02,-7.332261651754379272e-02,-4.569505527615547180e-02,2.944157458841800690e-02,-1.321697235107421875e-01,-2.423621527850627899e-02,3.103872388601303101e-02,1.643456891179084778e-02,6.662762723863124847e-03,7.871964015066623688e-03,1.191565208137035370e-02,6.356973946094512939e-02,-2.734132669866085052e-02,-1.949821785092353821e-02,1.969170756638050079e-02,-6.369400769472122192e-02,3.945149481296539307e-02,-1.338057406246662140e-02,-7.060825824737548828e-02,-9.035579115152359009e-02,2.303163856267929077e-01,2.964517176151275635e-01,1.535599082708358765e-01,2.534188032150268555e-01,2.137562334537506104e-01,2.589879631996154785e-01,8.678591996431350708e-02,2.505279704928398132e-02,8.305237442255020142e-02,3.047036826610565186e-01,1.514479368925094604e-01,1.932945549488067627e-01,1.209946945309638977e-01,1.625568270683288574e-01,-4.221611842513084412e-02,1.060051098465919495e-01,9.078097343444824219e-02,1.988999545574188232e-02,7.416164875030517578e-02,7.471635192632675171e-02,7.351426035165786743e-02,6.645414978265762329e-02,8.695519715547561646e-02,6.736519746482372284e-03,1.059855297207832336e-01,5.140729248523712158e-02,-8.466060459613800049e-02,9.591113775968551636e-02,-5.442503467202186584e-02,6.994068622589111328e-02,-6.020246446132659912e-02,6.855185329914093018e-02,-2.184017896652221680e-01,-1.032448709011077881e-01,2.027382887899875641e-02,-1.622718125581741333e-01,1.188478395342826843e-01,-7.739409804344177246e-02,-1.826270967721939087e-01,-6.769454479217529297e-02,-1.321590244770050049e-01,-9.076373279094696045e-02,5.541215837001800537e-02,-2.475222200155258179e-02,5.326507147401571274e-03,8.645494282245635986e-02,-8.988748304545879364e-03,4.867263510823249817e-02,6.095758453011512756e-02,-6.425394862890243530e-02,5.415436625480651855e-02,8.221757411956787109e-02,-1.036078706383705139e-01,-8.787439763545989990e-02,-2.982084453105926514e-02,2.916257269680500031e-02,-1.739854365587234497e-02,-5.939493328332901001e-02,-5.538316443562507629e-02,-6.357674300670623779e-02
1.205708831548690796e-01,2.979309111833572388e-02,1.425353884696960449e-01,4.665685072541236877e-02,1.000000000000000000e+00,7.065448164939880371e-01,7.153564691543579102e-02,-8.729230612516403198e-03,5.604102611541748047e-01,5.135745406150817871e-01,1.714579164981842041e-01,1.561169624328613281e-01,2.262049764394760132e-01,1.304582804441452026e-01,2.612480819225311279e-01,3.881335556507110596e-01,7.806155830621719360e-02,1.093308851122856140e-01,9.843924641609191895e-02,8.214931190013885498e-02,2.383631914854049683e-01,2.078184187412261963e-01,3.872836232185363770e-01,3.145703673362731934e-01,6.371340751647949219e-01,5.811883211135864258e-01,6.194881796836853027e-01,5.773236751556396484e-01,1.410314142704010010e-01,9.105772525072097778e-02,3.209366798400878906e-01,2.725594043731689453e-01,1.332279741764068604e-01,9.285142272710800171e-02,-1.563598215579986572e-02,8.517339080572128296e-02,1.382027417421340942e-01,-1.407448202371597290e-03,1.584345698356628418e-01,3.467878326773643494e-02,5.984034761786460876e-02,8.404438197612762451e-02,-1.861751973628997803e-01,-2.310385257005691528e-01,-2.797500789165496826e-01,-3.821068704128265381e-01,-1.514569520950317383e-01,-2.496072500944137573e-01,-3.314628005027770996e-01,-3.793920874595642090e-01,-3.576942682266235352e-01,-3.237205147743225098e-01,-7.349669933319091797e-02,-7.033371180295944214e-02,-4.877547547221183777e-02,-4.576038196682929993e-02,4.020849242806434631e-02,1.067649871110916138e-01,1.210368890315294266e-02,-6.030702963471412659e-02,6.855498254299163818e-02,4.856375977396965027e-02,-3.490344807505607605e-02,1.846845448017120361e-02,1.446232497692108154e-01,1.339099183678627014e-02,-4.830497317016124725e-03,-4.819609597325325012e-02,1.174935176968574524e-01,6.084623932838439941e-02,1.684027612209320068e-01,1.367827057838439941e-01,1.333250552415847778e-01,6.174563989043235779e-02,2.098025977611541748e-01,1.415976136922836304e-01,1.629406213760375977e-01,6.548023223876953125e-02,1.450677961111068726e-01,5.437136813998222351e-02,6.605387479066848755e-02,1.635279059410095215e-01,5.464845895767211914e-02,-5.737637355923652649e-02,5.507477372884750366e-02,1.993049383163452148e-01,5.003001540899276733e-02,6.826268881559371948e-02,4.081203341484069824e-01,4.436717629432678223e-01,1.489785499870777130e-02,2.782759368419647217e-01,2.016259580850601196e-01,3.699082136154174805e-01,9.691762924194335938e-02,8.553930371999740601e-02,9.023506939411163330e-02,-2.176743745803833008e-02,3.814635425806045532e-02,1.331233046948909760e-02,6.071301549673080444e-02,7.538838684558868408e-02,-3.524988715071231127e-04,3.452135249972343445e-02,-4.620183631777763367e-02,1.748822927474975586e-01,-7.406147569417953491e-02,-2.766794152557849884e-02,1.022677049040794373e-01,6.571447104215621948e-02,-2.923813462257385254e-02,9.278903901576995850e-02,1.097114160656929016e-01,1.845764666795730591e-01,5.426154285669326782e-02,-5.908987671136856079e-02
6.406730040907859802e-03,1.367980837821960449e-01,2.421796089038252831e-03,1.572163850069046021e-01,7.065448164939880371e-01,1.000000238418579102e+00,4.836347699165344238e-02,1.280248314142227173e-01,3.094924688339233398e-01,5.214501619338989258e-01,5.398256704211235046e-03,1.338440030813217163e-01,6.882023066282272339e-02,1.415829807519912720e-01,-4.615007713437080383e-02,2.419967055320739746e-01,4.926197975873947144e-02,1.270208060741424561e-01,4.432424530386924744e-02,1.985872909426689148e-02,4.225584119558334351e-02,1.274882256984710693e-01,1.351709514856338501e-01,2.846826910972595215e-01,5.643073916435241699e-01,6.615068912506103516e-01,6.424058079719543457e-01,6.821361184120178223e-01,-1.505433861166238785e-02,2.104125358164310455e-02,1.826031804084777832e-01,2.122690528631210327e-01,1.024460718035697937e-01,1.232261657714843750e-01,-3.781414404511451721e-02,1.380728185176849365e-01,-9.430389851331710815e-03,-1.273627281188964844e-01,-5.744326859712600708e-02,-1.235764995217323303e-01,2.461182698607444763e-02,-3.975016251206398010e-02,-8.991939574480056763e-02,-1.314348727464675903e-01,-1.835510283708572388e-01,-1.952766925096511841e-01,-1.115317419171333313e-01,-1.322409659624099731e-01,-1.914901733398437500e-01,-2.171185612678527832e-01,-2.042739242315292358e-01,-1.626027673482894897e-01,-1.058118715882301331e-01,-5.653679743409156799e-02,-1.168991029262542725e-01,-1.472686827182769775e-01,1.026032865047454834e-02,1.110409796237945557e-01,2.960681542754173279e-02,9.513906389474868774e-02,2.397320466116070747e-03,1.834398210048675537e-01,1.254820637404918671e-02,1.303950697183609009e-01,-1.371346116065979004e-01,7.402798626571893692e-03,3.045878373086452484e-02,7.525216042995452881e-02,9.045661985874176025e-02,6.118129566311836243e-02,8.540714532136917114e-02,6.170763168483972549e-03,-3.738132119178771973e-02,-8.949369192123413086e-02,4.129045084118843079e-02,2.130470238626003265e-02,8.907113969326019287e-02,3.623643144965171814e-02,1.058450415730476379e-01,3.539599850773811340e-02,1.434035003185272217e-01,1.628329455852508545e-01,-1.064968411810696125e-03,-1.196137741208076477e-01,-1.807314455509185791e-01,6.374660134315490723e-02,-1.645006537437438965e-01,-1.416081786155700684e-01,1.311658769845962524e-01,3.523139357566833496e-01,-1.685024425387382507e-02,6.559938937425613403e-02,2.151756584644317627e-01,1.719985753297805786e-01,-7.627317309379577637e-02,5.933023244142532349e-02,1.435651094652712345e-03,-2.031159587204456329e-02,6.511681526899337769e-02,3.065504133701324463e-02,-4.666320234537124634e-02,1.636591926217079163e-02,-1.481764763593673706e-01,-2.693285793066024780e-02,-9.342756867408752441e-02,1.694529433734714985e-03,-2.317960560321807861e-01,-8.247458934783935547e-02,4.265803098678588867e-02,9.843976004049181938e-04,-1.211871020495891571e-02,2.107927948236465454e-01,1.049610301852226257e-01,1.618910729885101318e-01,-7.292607426643371582e-02,-1.343346238136291504e-01
4.473902881145477295e-01,2.749660909175872803e-01,6.156688332557678223e-01,5.627320408821105957e-01,7.153564691543579102e-02,4.836347699165344238e-02,9.999998211860656738e-01,5.450006127357482910e-01,7.170458883047103882e-02,-2.459540665149688721e-01,3.828066885471343994e-01,2.680573761463165283e-01,5.137258172035217285e-01,2.620567977428436279e-01,1.014680489897727966e-01,-1.065756827592849731e-01,2.522575259208679199e-01,1.523223817348480225e-01,4.422839283943176270e-01,4.128289222717285156e-01,2.103781998157501221e-01,2.058525979518890381e-01,3.902357220649719238e-01,3.848158419132232666e-01,2.314600944519042969e-01,2.381354123353958130e-01,2.163846278563141823e-03,-2.241577208042144775e-02,3.788867890834808350e-01,2.814246416091918945e-01,4.795908331871032715e-01,4.562740623950958252e-01,3.359294831752777100e-01,3.610865473747253418e-01,3.455053642392158508e-02,1.354333292692899704e-02,1.932972073554992676e-01,1.185944750905036926e-01,1.343708485364913940e-01,1.323878914117813110e-01,3.250356391072273254e-02,1.220243275165557861e-01,2.018799446523189545e-02,1.482535619288682938e-02,-5.842422321438789368e-02,-5.456729233264923096e-02,6.451708823442459106e-02,2.557185664772987366e-02,-8.063161373138427734e-02,-1.603641659021377563e-01,-7.346487790346145630e-02,-1.768786162137985229e-01,-4.103492572903633118e-02,-8.902246505022048950e-02,-1.252555193786974996e-05,-1.063336804509162903e-01,3.982279002666473389e-01,3.176769316196441650e-01,2.798062562942504883e-01,1.463464051485061646e-01,3.653249442577362061e-01,1.669139117002487183e-01,2.569918930530548096e-01,1.235237643122673035e-01,9.777309000492095947e-02,8.937018364667892456e-02,1.817837059497833252e-01,9.457521885633468628e-02,2.277963310480117798e-01,2.209780067205429077e-01,1.854455024003982544e-01,2.409755140542984009e-01,3.202756941318511963e-01,2.472794502973556519e-01,2.231453508138656616e-01,1.739185750484466553e-01,3.303354084491729736e-01,2.873267233371734619e-01,2.380543351173400879e-01,1.630109846591949463e-01,2.215070128440856934e-01,7.457499206066131592e-02,1.059652715921401978e-01,1.360075920820236206e-01,5.493318662047386169e-02,-1.098771318793296814e-01,6.150792539119720459e-02,-1.524345390498638153e-02,-6.311226636171340942e-02,-2.038102000951766968e-01,-1.202121898531913757e-01,-9.983345121145248413e-02,-9.061462432146072388e-02,1.915190601721405983e-03,-4.416771233081817627e-02,4.995989426970481873e-02,1.058829277753829956e-01,8.031516522169113159e-02,7.068631052970886230e-02,-3.658288717269897461e-02,5.404622480273246765e-02,1.558115631341934204e-01,7.964671403169631958e-02,5.351973697543144226e-02,2.746737748384475708e-02,-4.528066515922546387e-02,1.678630858659744263e-01,1.653273701667785645e-01,-5.545796360820531845e-03,-2.448891848325729370e-02,1.715427190065383911e-01,1.072025969624519348e-01,3.363178670406341553e-02,-3.918231651186943054e-02,-2.864098921418190002e-02,1.140373665839433670e-02
2.071941792964935303e-01,3.032269477844238281e-01,3.571127057075500488e-01,7.686076164245605469e-01,-8.729230612516403198e-03,1.280248314142227173e-01,5.450006127357482910e-01,9.999997019767761230e-01,-1.315570920705795288e-01,-1.187814995646476746e-01,9.827096015214920044e-03,2.621020376682281494e-01,1.627388894557952881e-01,4.637217521667480469e-01,-1.831964999437332153e-01,-1.251594573259353638e-01,-1.645396277308464050e-02,-5.932077020406723022e-02,1.354420185089111328e-01,2.214292585849761963e-01,4.750047996640205383e-02,9.862060099840164185e-02,2.219546735286712646e-01,4.952534139156341553e-01,1.814027726650238037e-01,2.288210541009902954e-01,2.452423609793186188e-02,3.155874088406562805e-02,8.286856114864349365e-02,4.359199479222297668e-02,2.037447243928909302e-01,3.777235746383666992e-01,3.192137926816940308e-02,1.380537748336791992e-01,2.825964614748954773e-02,-1.084177661687135696e-02,-3.269676864147186279e-02,-3.225809428840875626e-03,-1.045784652233123779e-01,2.519766241312026978e-02,-1.526876091957092285e-01,-9.887433052062988281e-02,8.813462918624281883e-04,1.092117279767990112e-02,-3.160345554351806641e-02,6.925116176716983318e-04,-3.552588075399398804e-02,2.593185938894748688e-02,-4.191546142101287842e-02,-2.547703124582767487e-02,-1.097079366445541382e-02,-6.118194013833999634e-02,-1.721901260316371918e-02,-1.033947318792343140e-01,-7.419777661561965942e-02,-1.079658046364784241e-01,1.678813248872756958e-01,2.419322878122329712e-01,2.288343012332916260e-01,3.670883178710937500e-01,2.466185688972473145e-01,3.790673911571502686e-01,6.627039611339569092e-02,3.140749782323837280e-02,5.224869400262832642e-02,3.337286114692687988e-01,1.507994979619979858e-01,1.994171589612960815e-01,3.086302056908607483e-02,9.627402573823928833e-02,-1.474528573453426361e-02,1.741512566804885864e-01,8.191467821598052979e-02,6.099366769194602966e-02,3.582654986530542374e-03,1.306974794715642929e-02,8.531973510980606079e-02,7.883021235466003418e-02,1.337536424398422241e-02,-1.417656242847442627e-02,5.749968811869621277e-02,3.171132411807775497e-03,-2.226257026195526123e-01,9.096250869333744049e-03,-1.770581454038619995e-01,-6.410926580429077148e-02,-1.078208908438682556e-01,-8.331766724586486816e-02,-2.188835591077804565e-01,-1.219940707087516785e-01,9.311141073703765869e-02,-1.240507885813713074e-01,2.332152873277664185e-01,-1.049992442131042480e-02,-1.559895873069763184e-01,-8.193175308406352997e-03,-8.014100044965744019e-02,1.119278930127620697e-02,1.218973472714424133e-01,3.109331801533699036e-02,1.276047080755233765e-01,2.058283537626266479e-01,7.347002625465393066e-02,1.245576739311218262e-01,1.613783389329910278e-01,5.310812033712863922e-03,8.599233627319335938e-02,1.811531633138656616e-01,-3.513714298605918884e-02,-4.404949396848678589e-02,2.494200505316257477e-02,8.085206896066665649e-02,6.048709526658058167e-02,3.978671878576278687e-02,2.147194743156433105e-02,-8.086293004453182220e-03
2.116673141717910767e-01,1.128209531307220459e-01,3.266000747680664062e-02,-1.510493457317352295e-01,5.604102611541748047e-01,3.094924688339233398e-01,7.170458883047103882e-02,-1.315570920705795288e-01,1.000000119209289551e+00,5.909421443939208984e-01,1.916211545467376709e-01,3.067098855972290039e-01,2.468287348747253418e-01,1.505647152662277222e-01,5.047877430915832520e-01,5.786531567573547363e-01,3.078368902206420898e-01,3.031603395938873291e-01,2.359014302492141724e-01,1.884510666131973267e-01,3.072977960109710693e-01,2.154856473207473755e-01,2.606009542942047119e-01,-8.071959950029850006e-03,1.694934517145156860e-01,6.857907772064208984e-02,1.033203378319740295e-01,5.023825913667678833e-02,3.148610591888427734e-01,3.206848800182342529e-01,1.986774355173110962e-01,6.605204194784164429e-02,2.401539385318756104e-01,1.446272581815719604e-01,1.017980948090553284e-01,1.109204292297363281e-01,2.071972936391830444e-01,1.117805019021034241e-01,3.453485369682312012e-01,2.156169861555099487e-01,1.339241415262222290e-01,2.151606529951095581e-01,-2.228862792253494263e-01,-2.150772213935852051e-01,-2.814652621746063232e-01,-3.331026732921600342e-01,-1.074252352118492126e-01,-2.092570960521697998e-01,-2.573783397674560547e-01,-3.229484260082244873e-01,-2.578780353069305420e-01,-2.634252905845642090e-01,2.010023780167102814e-02,-3.874855861067771912e-02,6.563900411128997803e-02,7.549025863409042358e-02,1.874206811189651489e-01,1.172117292881011963e-01,2.224921286106109619e-01,9.220518171787261963e-02,2.943784594535827637e-01,1.446810513734817505e-01,1.771185249090194702e-01,7.057532668113708496e-02,3.182258009910583496e-01,6.737785786390304565e-02,4.677534569054841995e-03,4.891725257039070129e-02,1.982015222311019897e-01,1.057509779930114746e-01,1.823118776082992554e-01,1.930618435144424438e-01,2.549064755439758301e-01,2.614838480949401855e-01,3.065572679042816162e-01,3.050616383552551270e-01,2.814510166645050049e-01,1.739266365766525269e-01,3.148714005947113037e-01,2.009409815073013306e-01,1.896350532770156860e-01,2.028363347053527832e-01,2.066165208816528320e-01,1.409276872873306274e-01,2.705260515213012695e-01,2.330032885074615479e-01,2.688268721103668213e-01,2.004825174808502197e-01,5.770782232284545898e-01,4.821330010890960693e-01,9.024845808744430542e-02,3.692764639854431152e-01,2.075548321008682251e-01,4.300230443477630615e-01,1.330239027738571167e-01,5.746625363826751709e-02,1.840600669384002686e-01,1.606082022190093994e-01,8.208673447370529175e-02,1.577498391270637512e-02,2.475348860025405884e-01,1.401276737451553345e-01,2.619543075561523438e-01,6.062870845198631287e-02,1.361955106258392334e-01,1.995284706354141235e-01,8.975291252136230469e-02,2.540916204452514648e-02,4.796633869409561157e-02,-6.881798058748245239e-02,4.594550654292106628e-02,6.752418726682662964e-02,1.109129115939140320e-01,2.282417118549346924e-01,7.400193065404891968e-02,-4.116520658135414124e-02
1.310370713472366333e-01,2.122745364904403687e-01,-2.460802495479583740e-01,-1.622297316789627075e-01,5.135745406150817871e-01,5.214501619338989258e-01,-2.459540665149688721e-01,-1.187814995646476746e-01,5.909421443939208984e-01,9.999998211860656738e-01,-6.976602971553802490e-02,2.705610096454620361e-01,-8.767155557870864868e-02,7.786854356527328491e-02,2.213661521673202515e-01,6.386194825172424316e-01,1.092084348201751709e-01,2.504397034645080566e-01,1.567372679710388184e-01,1.304708123207092285e-01,1.138074174523353577e-01,1.276175677776336670e-01,3.115882910788059235e-02,-7.437390089035034180e-02,1.233446970582008362e-01,8.768031001091003418e-02,1.905551254749298096e-01,1.916628330945968628e-01,4.898012429475784302e-02,1.433731764554977417e-01,-4.047208279371261597e-02,-1.008866131305694580e-01,1.147972643375396729e-01,8.683041483163833618e-02,3.994724527001380920e-02,1.176577955484390259e-01,7.136359065771102905e-02,8.570423349738121033e-03,2.056522220373153687e-01,1.736216396093368530e-01,1.126478463411331177e-01,-2.388576045632362366e-02,-2.510965764522552490e-01,-2.027120441198348999e-01,-2.521390318870544434e-01,-2.639515697956085205e-01,-1.085226088762283325e-01,-1.650718897581100464e-01,-1.945489048957824707e-01,-1.983288079500198364e-01,-2.350676357746124268e-01,-1.463033407926559448e-01,-1.280311401933431625e-02,-4.104642197489738464e-02,5.605192482471466064e-02,1.363912522792816162e-01,7.475114613771438599e-02,1.656895428895950317e-01,1.448998898267745972e-01,2.279921323060989380e-01,1.197456046938896179e-01,2.952404916286468506e-01,5.033843219280242920e-02,1.872091144323348999e-01,7.397474348545074463e-02,1.050251349806785583e-01,-7.566755264997482300e-02,6.723999977111816406e-02,2.471121251583099365e-01,1.208899021148681641e-01,3.997554257512092590e-02,7.326159626245498657e-02,5.841736122965812683e-02,1.162080839276313782e-01,1.353521049022674561e-01,1.579618453979492188e-01,8.612973988056182861e-02,2.994506992399692535e-02,1.637440174818038940e-01,1.208365932106971741e-01,1.351731270551681519e-01,2.203989923000335693e-01,8.262342214584350586e-02,-3.123770095407962799e-02,7.125253230333328247e-02,2.496486455202102661e-01,1.171342357993125916e-01,7.584198564291000366e-02,4.859828054904937744e-01,6.567856669425964355e-01,2.508941888809204102e-01,4.081481099128723145e-01,3.362096250057220459e-01,4.378929138183593750e-01,1.034705415368080139e-01,3.614339977502822876e-02,1.979916542768478394e-01,2.253058254718780518e-01,2.112399488687515259e-01,2.039685994386672974e-01,2.492869049310684204e-01,1.605118364095687866e-01,2.152502834796905518e-01,1.969861835241317749e-01,1.580163240432739258e-01,2.752012014389038086e-01,2.038856223225593567e-02,4.575826600193977356e-02,3.367361053824424744e-02,2.122598467394709587e-03,7.388871163129806519e-02,2.572797536849975586e-01,2.263489216566085815e-01,3.406650424003601074e-01,1.259965300559997559e-01,-6.887140125036239624e-02
4.460840523242950439e-01,4.535819590091705322e-02,2.651460468769073486e-01,8.392192423343658447e-02,1.714579164981842041e-01,5.398256704211235046e-03,3.828066885471343994e-01,9.827096015214920044e-03,1.916211545467376709e-01,-6.976602971553802490e-02,1.000000119209289551e+00,4.227404594421386719e-01,6.421934366226196289e-01,3.848881125450134277e-01,5.051795244216918945e-01,2.356489598751068115e-01,4.968100190162658691e-01,2.938779592514038086e-01,3.891536593437194824e-01,3.149428367614746094e-01,3.558929860591888428e-01,3.086320161819458008e-01,3.540965616703033447e-01,2.155400812625885010e-01,1.624740958213806152e-01,7.510766386985778809e-02,-9.112714976072311401e-02,-1.432142257690429688e-01,7.001346349716186523e-01,5.078345537185668945e-01,4.863892793655395508e-01,4.243190586566925049e-01,3.380280137062072754e-01,2.935607433319091797e-01,-1.371783465147018433e-01,-1.394524276256561279e-01,2.148196995258331299e-01,1.179448515176773071e-01,2.902602255344390869e-01,2.758049666881561279e-01,2.116793245077133179e-01,2.444437444210052490e-01,1.416487246751785278e-01,1.086157932877540588e-01,-2.212242595851421356e-02,-7.762736827135086060e-02,2.150824069976806641e-01,6.478938460350036621e-02,-8.568114601075649261e-03,-1.809888035058975220e-01,-6.525091826915740967e-02,-1.516326814889907837e-01,2.413469739258289337e-02,5.812744796276092529e-02,1.770637035369873047e-01,1.240032687783241272e-01,3.620284199714660645e-01,2.058682590723037720e-01,-1.163172908127307892e-02,-1.730740368366241455e-01,3.234386444091796875e-01,4.045716673135757446e-02,3.725400269031524658e-01,1.744004935026168823e-01,1.073186770081520081e-01,-1.080130189657211304e-01,-4.628179222345352173e-02,-9.575206041336059570e-02,2.118022888898849487e-01,2.235171347856521606e-01,3.320145308971405029e-01,4.034072458744049072e-01,5.533065795898437500e-01,4.577298164367675781e-01,4.548588991165161133e-01,3.858196735382080078e-01,4.082138538360595703e-01,3.221353888511657715e-01,3.416184484958648682e-01,2.429957389831542969e-01,2.661255896091461182e-01,2.226087450981140137e-01,3.345230817794799805e-01,3.507981896400451660e-01,2.185646742582321167e-01,1.506588310003280640e-01,2.024434357881546021e-01,2.629453837871551514e-01,1.316588968038558960e-01,-1.551873087882995605e-01,-1.087001264095306396e-01,1.839705556631088257e-02,-1.828133165836334229e-01,1.104882569052278996e-03,7.913867384195327759e-02,6.287092715501785278e-02,2.402662485837936401e-01,1.728983372449874878e-01,1.872280798852443695e-02,2.339786477386951447e-02,1.444408204406499863e-02,1.711180508136749268e-01,9.881602972745895386e-02,2.000083476305007935e-01,-8.635605126619338989e-02,-2.512974292039871216e-02,2.328617423772811890e-01,1.795352846384048462e-01,1.142375729978084564e-02,-1.987311616539955139e-02,1.754852384328842163e-01,7.040436565876007080e-02,1.252879500389099121e-01,8.456629514694213867e-02,-2.684190869331359863e-03,-6.336212158203125000e-02
5.398156642913818359e-01,4.552288651466369629e-01,1.012448072433471680e-01,2.290893346071243286e-01,1.561169624328613281e-01,1.338440030813217163e-01,2.680573761463165283e-01,2.621020376682281494e-01,3.067098855972290039e-01,2.705610096454620361e-01,4.227404594421386719e-01,1.000000238418579102e+00,2.702517211437225342e-01,5.358222723007202148e-01,2.693137526512145996e-01,4.606601595878601074e-01,4.881604313850402832e-01,4.502862989902496338e-01,5.559341907501220703e-01,4.620386660099029541e-01,2.409711480140686035e-01,1.707024276256561279e-01,2.396277040243148804e-01,1.640706956386566162e-01,9.230863302946090698e-02,2.032115682959556580e-02,-2.113731461577117443e-04,-4.728074371814727783e-02,4.670942127704620361e-01,5.648186206817626953e-01,2.449397295713424683e-01,2.037582099437713623e-01,3.861124217510223389e-01,4.148267209529876709e-01,-7.509546726942062378e-02,-4.718596860766410828e-02,1.684824377298355103e-01,1.654745787382125854e-01,2.138938456773757935e-01,2.307639569044113159e-01,2.475491762161254883e-01,1.965208202600479126e-01,-7.348240911960601807e-02,-9.291423857212066650e-02,-1.522707045078277588e-01,-1.444963663816452026e-01,7.704052142798900604e-03,-4.770661145448684692e-02,-1.074400842189788818e-01,-1.871407181024551392e-01,-1.640363633632659912e-01,-1.626708060503005981e-01,-8.857106417417526245e-02,-6.393142789602279663e-02,1.062666475772857666e-01,1.135412529110908508e-01,4.644026458263397217e-01,3.203562498092651367e-01,1.949831992387771606e-01,2.473571002483367920e-01,4.784524440765380859e-01,4.542697370052337646e-01,4.343885481357574463e-01,3.484807312488555908e-01,9.680120646953582764e-02,1.585699319839477539e-01,-5.860566720366477966e-02,3.046119958162307739e-02,3.616391718387603760e-01,1.723873466253280640e-01,7.422921806573867798e-02,2.012627273797988892e-01,2.532991766929626465e-01,3.594332337379455566e-01,2.743507027626037598e-01,3.120343983173370361e-01,3.378891050815582275e-01,3.341630101203918457e-01,4.064886868000030518e-01,3.307094573974609375e-01,3.671885132789611816e-01,3.428168296813964844e-01,3.335747718811035156e-01,3.896252512931823730e-01,1.719767302274703979e-01,3.119570314884185791e-01,1.313684284687042236e-01,1.358941644430160522e-01,2.592349648475646973e-01,2.376652806997299194e-01,-3.380453959107398987e-02,1.309097558259963989e-01,2.410065382719039917e-02,1.308291405439376831e-01,-2.130690775811672211e-02,-8.801225572824478149e-03,1.691578477621078491e-01,2.116247266530990601e-01,1.072698906064033508e-01,6.534324586391448975e-02,1.666174978017807007e-01,1.494489759206771851e-01,1.748155057430267334e-01,1.780633926391601562e-01,3.538725152611732483e-02,5.328297615051269531e-02,1.198212802410125732e-01,1.112209036946296692e-01,4.813520237803459167e-02,-6.860353052616119385e-02,1.089864969253540039e-01,1.883018612861633301e-01,1.691084206104278564e-01,2.233148962259292603e-01,4.312875121831893921e-02,-1.224883571267127991e-01
3.496486246585845947e-01,-5.091445893049240112e-02,3.306608498096466064e-01,9.300559014081954956e-02,2.262049764394760132e-01,6.882023066282272339e-02,5.137258172035217285e-01,1.627388894557952881e-01,2.468287348747253418e-01,-8.767155557870864868e-02,6.421934366226196289e-01,2.702517211437225342e-01,1.000000238418579102e+00,4.400344491004943848e-01,5.163342356681823730e-01,1.891484856605529785e-01,3.081847727298736572e-01,1.104832813143730164e-01,2.145754843950271606e-01,1.686732769012451172e-01,2.858595252037048340e-01,3.208079040050506592e-01,2.948436737060546875e-01,2.149336934089660645e-01,2.335145175457000732e-01,1.743499785661697388e-01,3.150332346558570862e-02,-3.860940458253026009e-03,4.992502331733703613e-01,2.833541929721832275e-01,3.998434841632843018e-01,3.855695724487304688e-01,1.415075361728668213e-01,1.393190026283264160e-01,-9.803102165460586548e-02,-1.485957652330398560e-01,1.246867924928665161e-01,1.320012509822845459e-01,1.860917061567306519e-01,1.880685538053512573e-01,4.484258964657783508e-02,1.655505746603012085e-01,6.276836991310119629e-02,2.833626605570316315e-02,-9.398655593395233154e-02,-1.546145081520080566e-01,6.922183930873870850e-02,-2.543043345212936401e-02,-9.796667098999023438e-02,-2.145669609308242798e-01,-8.882873505353927612e-02,-1.649267375469207764e-01,-1.714958809316158295e-02,-1.155763026326894760e-02,1.136248856782913208e-01,1.691744476556777954e-02,1.843541264533996582e-01,1.028026863932609558e-01,1.297257095575332642e-01,-1.358180791139602661e-01,3.428547382354736328e-01,2.179931476712226868e-02,2.073608338832855225e-01,6.897833943367004395e-02,1.332453489303588867e-01,-9.160821139812469482e-02,2.368181943893432617e-02,-9.085416793823242188e-02,5.774108693003654480e-02,9.462128579616546631e-02,3.381631970405578613e-01,3.573684692382812500e-01,4.549041092395782471e-01,3.531040847301483154e-01,3.472598791122436523e-01,2.571012377738952637e-01,3.433163762092590332e-01,2.027291059494018555e-01,1.593636572360992432e-01,1.438058018684387207e-01,1.258356124162673950e-01,8.228971064090728760e-02,1.440023034811019897e-01,1.711809784173965454e-01,1.132998839020729065e-01,-3.412774577736854553e-02,1.936925500631332397e-01,1.111774295568466187e-01,2.097016125917434692e-01,-1.069618612527847290e-01,-3.842552751302719116e-02,6.444357335567474365e-02,-1.237453427165746689e-02,1.335425227880477905e-01,7.909290492534637451e-02,9.445679932832717896e-02,1.642820537090301514e-01,8.221035450696945190e-02,-1.725781895220279694e-02,-1.412354782223701477e-02,3.516056761145591736e-02,2.236579805612564087e-01,6.104588136076927185e-02,1.443679183721542358e-01,-8.120974153280258179e-02,7.260672282427549362e-03,1.928305029869079590e-01,1.848638206720352173e-01,3.913294523954391479e-02,4.513384774327278137e-03,9.600178152322769165e-02,1.544493250548839569e-02,6.500057876110076904e-02,3.028321452438831329e-02,1.160530094057321548e-02,-1.436184858903288841e-03
