1.000000119209289551e+00,3.967552185058593750e-01,1.818910241127014160e-01,-1.494243443012237549e-01,1.871706694364547729e-01,-7.637201249599456787e-02,1.484340429306030273e-01,-1.197435259819030762e-01,9.537704288959503174e-02,-6.825834512710571289e-02,3.252507150173187256e-01,1.110100448131561279e-01,4.212922155857086182e-01,2.629399001598358154e-01,1.676332950592041016e-01,1.008390113711357117e-01,2.258639633655548096e-01,1.616254895925521851e-01,4.809168875217437744e-01,2.554794251918792725e-01,-7.169816177338361740e-03,-7.325544208288192749e-02,-2.209109626710414886e-02,-1.615010052919387817e-01,1.379368603229522705e-01,-5.231308285146951675e-03,7.028536498546600342e-02,4.473822191357612610e-02,9.680936485528945923e-02,1.244639530777931213e-01,-1.572564393281936646e-01,-2.945784293115139008e-02,2.356939762830734253e-01,1.541137248277664185e-01,3.437084704637527466e-02,-6.591356545686721802e-02,8.021262474358081818e-03,-2.132858522236347198e-02,6.634429097175598145e-02,-1.280175596475601196e-01,-1.891737431287765503e-02,-6.538061797618865967e-02,-1.475178077816963196e-02,7.838735729455947876e-02,-3.721142932772636414e-02,5.901029706001281738e-02,7.668203115463256836e-02,1.055390611290931702e-01,1.750406324863433838e-01,1.885475665330886841e-01,2.793399095535278320e-01,6.951356679201126099e-02,1.597003042697906494e-01,1.428761985152959824e-02,2.012138217687606812e-01,7.243535015732049942e-03,4.303473830223083496e-01,3.478071093559265137e-01,4.406358301639556885e-01,2.908618152141571045e-01,4.569220244884490967e-01,2.115108221769332886e-01,2.846173644065856934e-01,2.668484151363372803e-01,3.440000116825103760e-02,-1.661324650049209595e-01,2.658724486827850342e-01,4.423142969608306885e-02,3.747358620166778564e-01,2.113439738750457764e-01,1.584960669279098511e-01,9.229447692632675171e-02,1.452621668577194214e-01,5.694763362407684326e-02,1.412833184003829956e-01,1.131985113024711609e-01,8.292790502309799194e-02,2.781331725418567657e-02,1.669966429471969604e-01,1.500532627105712891e-01,1.868607252836227417e-01,1.703955084085464478e-01,1.672261580824851990e-02,7.030632812529802322e-03,1.870398968458175659e-01,-4.898503422737121582e-02,-2.596305124461650848e-02,3.020907985046505928e-03,1.583311408758163452e-01,3.595820814371109009e-02,-1.154036074876785278e-02,1.780282407999038696e-01,-2.438606172800064087e-01,3.401100635528564453e-02,-9.615623205900192261e-02,-9.560207277536392212e-02,-4.409928247332572937e-02,-1.007196009159088135e-01,9.725487232208251953e-02,1.256296634674072266e-01,-1.698030829429626465e-01,1.514979749917984009e-01,2.467036806046962738e-02,2.474110871553421021e-01,6.788522005081176758e-02,1.044057235121726990e-01,4.170649126172065735e-02,2.061818391084671021e-01,-1.118160635232925415e-01,-7.275170646607875824e-03,1.415673643350601196e-02,1.190927904099225998e-02,1.249575391411781311e-01,3.764075785875320435e-02,7.472565025091171265e-02,2.032920904457569122e-02
3.967552185058593750e-01,1.000000119209289551e+00,-5.648711696267127991e-02,1.652698963880538940e-01,5.117065459489822388e-02,-4.856243729591369629e-02,4.996261093765497208e-03,1.792392879724502563e-01,-1.841337829828262329e-01,1.096618995070457458e-01,-1.304805874824523926e-01,2.311912029981613159e-01,8.676626533269882202e-02,3.185040950775146484e-01,4.901854693889617920e-02,1.442127376794815063e-01,2.890350818634033203e-01,3.874295353889465332e-01,4.315319955348968506e-01,5.170437097549438477e-01,1.688203513622283936e-01,-6.461862940341234207e-03,-4.534849897027015686e-02,1.460228487849235535e-02,8.872357010841369629e-02,1.158338412642478943e-02,1.146937832236289978e-01,3.678351268172264099e-02,2.029370516538619995e-01,3.175181746482849121e-01,8.441882207989692688e-03,4.167955741286277771e-02,3.156355619430541992e-01,2.506509125232696533e-01,-1.580438762903213501e-01,-1.819214969873428345e-01,2.241098880767822266e-02,-1.383860129863023758e-02,-8.255754411220550537e-02,-1.084510460495948792e-01,4.208882525563240051e-02,-4.331409931182861328e-02,-5.828738957643508911e-02,8.978739380836486816e-02,4.971799254417419434e-02,1.382178217172622681e-01,5.322998017072677612e-02,1.881307363510131836e-01,2.639688253402709961e-01,3.101451396942138672e-01,1.850767284631729126e-01,2.440812289714813232e-01,2.128573954105377197e-01,1.740552783012390137e-01,1.852422803640365601e-01,5.613262578845024109e-02,4.876939058303833008e-01,5.451974272727966309e-01,3.588000535964965820e-01,4.890800118446350098e-01,3.472663760185241699e-01,4.205348789691925049e-01,3.399620354175567627e-01,5.044807791709899902e-01,-2.982580959796905518e-01,-1.401200983673334122e-02,8.260681480169296265e-02,6.528292596340179443e-02,4.023289084434509277e-01,2.823756635189056396e-01,2.603419125080108643e-01,1.591484695672988892e-01,1.911212503910064697e-01,2.400736659765243530e-01,1.952665150165557861e-01,1.318020224571228027e-01,1.240220814943313599e-01,1.839973181486129761e-01,1.017654165625572205e-01,2.448717653751373291e-01,2.125525176525115967e-01,4.024609625339508057e-01,2.819694764912128448e-02,1.343325078487396240e-01,-1.564061790704727173e-01,9.326956421136856079e-02,-2.303135991096496582e-01,-8.078341186046600342e-02,-1.003613695502281189e-01,1.177449226379394531e-01,-2.399040944874286652e-02,1.127842348068952560e-02,-1.735273301601409912e-01,-2.238762825727462769e-01,4.319434985518455505e-02,9.206892549991607666e-02,8.023058623075485229e-02,-4.057680070400238037e-02,1.584789305925369263e-01,8.198772370815277100e-02,-1.945431381464004517e-01,-1.065028980374336243e-01,-1.137702167034149170e-02,5.399006977677345276e-02,6.031096726655960083e-02,1.337901353836059570e-01,-2.310774475336074829e-02,1.297694146633148193e-01,1.996131241321563721e-02,1.577565371990203857e-01,8.441673964262008667e-02,-6.888088304549455643e-03,3.698591142892837524e-02,3.575757890939712524e-02,8.092016726732254028e-02,-3.038498759269714355e-02
1.818910241127014160e-01,-5.648711696267127991e-02,1.000000000000000000e+00,1.043709889054298401e-01,-5.247959401458501816e-03,-1.985795795917510986e-01,2.774846553802490234e-01,-1.430959850549697876e-01,5.700203403830528259e-02,-2.681945562362670898e-01,3.467701375484466553e-01,-2.245829254388809204e-01,4.485101997852325439e-02,-1.147954389452934265e-01,2.353783696889877319e-02,-8.188331872224807739e-02,-1.356085389852523804e-01,-8.186072856187820435e-02,7.670494262129068375e-03,-1.236848533153533936e-01,-1.134425029158592224e-01,-1.840057969093322754e-01,4.348896443843841553e-01,2.722831070423126221e-01,2.479093372821807861e-01,6.136684492230415344e-02,3.187637403607368469e-02,-7.984285801649093628e-02,-4.023465514183044434e-02,-9.804704785346984863e-02,1.721805781126022339e-01,2.814400494098663330e-01,8.791477233171463013e-02,1.292576547712087631e-02,2.968655228614807129e-01,1.084462702274322510e-01,1.378376735374331474e-03,2.026973292231559753e-02,1.606493145227432251e-01,-7.039536535739898682e-02,-5.411945749074220657e-03,3.679992258548736572e-02,-1.269011050462722778e-01,-1.138123646378517151e-01,-1.801513582468032837e-01,-2.110397666692733765e-01,-1.639824360609054565e-01,-1.451712995767593384e-01,-1.773658245801925659e-01,-2.433411628007888794e-01,-8.916560560464859009e-02,-1.133088171482086182e-01,-4.097224026918411255e-02,-8.822558820247650146e-02,-1.324221938848495483e-01,-1.231112331151962280e-01,6.404916942119598389e-02,1.052543818950653076e-01,-3.645189851522445679e-02,-1.268035024404525757e-01,-1.370794326066970825e-01,-1.326360106468200684e-01,-2.167020440101623535e-01,-2.613458633422851562e-01,4.396531581878662109e-01,6.941285729408264160e-02,7.882031053304672241e-02,-6.836596876382827759e-02,8.223707973957061768e-02,8.866766467690467834e-03,4.956400394439697266e-02,-3.712584450840950012e-02,2.618608251214027405e-02,-7.770804315805435181e-02,-7.930876314640045166e-02,-1.172578055411577225e-02,-3.187934402376413345e-03,-6.978128105401992798e-02,-2.308896183967590332e-02,-2.636174857616424561e-02,-2.752377390861511230e-01,-1.178990378975868225e-01,1.821408048272132874e-02,-7.263139635324478149e-02,3.596327900886535645e-01,1.273767948150634766e-01,1.762233376502990723e-01,-3.840616671368479729e-03,7.675435394048690796e-02,-1.399721950292587280e-01,-2.136691957712173462e-01,-1.100754812359809875e-01,-6.596768647432327271e-02,2.760944366455078125e-01,-1.070185005664825439e-01,-9.935975074768066406e-02,-1.346503347158432007e-01,-4.860823601484298706e-02,-2.951849102973937988e-01,-1.668079346418380737e-01,-1.352843940258026123e-01,1.543122529983520508e-01,-1.578106284141540527e-01,6.649801880121231079e-02,-5.945279821753501892e-02,8.670795708894729614e-03,1.360725611448287964e-02,3.426774963736534119e-02,-9.067235887050628662e-02,-6.440985202789306641e-02,-6.049899384379386902e-02,-1.430074423551559448e-01,-8.072999864816665649e-02,6.430410593748092651e-02,-5.949666351079940796e-02,-1.981467381119728088e-02
-1.494243443012237549e-01,1.652698963880538940e-01,1.043709889054298401e-01,9.999998211860656738e-01,-8.780327439308166504e-02,1.165335923433303833e-01,2.786181271076202393e-01,6.018629670143127441e-01,-2.487469017505645752e-01,4.341705888509750366e-02,-2.440403103828430176e-01,1.938383877277374268e-01,-3.105124831199645996e-01,8.712083846330642700e-02,-1.404266804456710815e-01,-8.967756479978561401e-02,-1.340876240283250809e-02,3.600119426846504211e-02,7.923309504985809326e-02,2.792465090751647949e-01,-3.218019381165504456e-02,2.320694178342819214e-02,1.151425242424011230e-01,5.666301846504211426e-01,-1.813533753156661987e-01,-3.580086305737495422e-02,-9.985768795013427734e-02,1.123363245278596878e-02,1.659343987703323364e-01,1.601625233888626099e-01,3.209458589553833008e-01,3.665707111358642578e-01,2.747074663639068604e-01,2.602083086967468262e-01,1.084561180323362350e-02,1.792032569646835327e-01,3.862478211522102356e-02,1.341759413480758667e-02,-1.031045168638229370e-01,-3.785314038395881653e-02,1.197488531470298767e-01,6.437516957521438599e-02,-2.643975429236888885e-02,-5.220198258757591248e-02,-4.972940310835838318e-02,-2.521295845508575439e-02,-1.052900403738021851e-02,-5.737216398119926453e-02,-3.340708836913108826e-02,-6.082377210259437561e-02,-1.595702320337295532e-01,-1.055223285220563412e-03,-4.437346942722797394e-03,-3.132068738341331482e-02,-1.009568572044372559e-01,-1.101629659533500671e-01,-3.732206067070364952e-03,-9.513420984148979187e-03,-7.025580853223800659e-02,1.463402509689331055e-01,-1.519600152969360352e-01,2.735443115234375000e-01,8.067557215690612793e-02,1.017351076006889343e-01,-1.645983159542083740e-01,3.580232858657836914e-01,-1.736248135566711426e-01,1.813574135303497314e-01,-8.969993144273757935e-02,-3.791667520999908447e-02,2.715962566435337067e-02,3.997011110186576843e-02,-8.605507202446460724e-03,1.273452192544937134e-01,3.188414871692657471e-02,3.397896513342857361e-02,3.019548021256923676e-02,9.229968488216400146e-02,-1.323647648096084595e-01,-1.879073679447174072e-02,-5.403422191739082336e-02,-8.655114471912384033e-02,-7.073066197335720062e-03,9.033269435167312622e-02,-2.585740387439727783e-01,9.000607579946517944e-02,-9.367258101701736450e-02,9.155749529600143433e-02,-2.049269825220108032e-01,2.706458419561386108e-02,6.756669282913208008e-02,-7.218385487794876099e-02,9.284315258264541626e-02,-2.349141240119934082e-01,-4.987908899784088135e-02,-1.159311607480049133e-01,-1.897454820573329926e-02,2.232088334858417511e-02,1.135179921984672546e-01,-1.118093170225620270e-02,2.154041826725006104e-02,-1.636539846658706665e-01,-8.835531189106404781e-04,-8.376044034957885742e-02,-1.592585444450378418e-02,-5.801912024617195129e-02,-6.688366085290908813e-02,-1.315242797136306763e-01,-1.103924121707677841e-02,-1.376486942172050476e-02,2.635291777551174164e-02,2.393616363406181335e-03,-8.367130649276077747e-04,-2.634573355317115784e-02,-2.138739265501499176e-02,-7.419328391551971436e-02
1.871706694364547729e-01,5.117065459489822388e-02,-5.247959401458501816e-03,-8.780327439308166504e-02,1.000000000000000000e+00,4.455087184906005859e-01,-5.420231074094772339e-02,-1.499208956956863403e-01,3.906564712524414062e-01,3.916666507720947266e-01,8.698491007089614868e-02,1.048240587115287781e-01,1.278257817029953003e-01,8.938906341791152954e-02,3.248896896839141846e-01,2.841523289680480957e-01,1.031775400042533875e-01,1.206444725394248962e-01,4.964614659547805786e-02,1.130284368991851807e-01,1.606881767511367798e-01,2.253277599811553955e-01,1.354312300682067871e-01,-1.121820416301488876e-03,1.422706842422485352e-01,1.171287000179290771e-01,4.217373728752136230e-01,4.470250904560089111e-01,9.743591398000717163e-02,1.157822236418724060e-01,1.605066470801830292e-02,2.849023975431919098e-02,1.144488379359245300e-01,-9.818881750106811523e-03,1.523264404386281967e-02,2.404619194567203522e-02,1.089588087052106857e-02,1.078584790229797363e-01,4.021315369755029678e-03,1.384411305189132690e-01,1.009946763515472412e-01,1.298530995845794678e-01,2.653675526380538940e-02,2.391613088548183441e-02,4.473949968814849854e-02,-3.234773129224777222e-02,2.954059094190597534e-02,6.523144990205764771e-02,-2.189451642334461212e-02,-2.504863031208515167e-02,-6.628837436437606812e-03,-2.887001633644104004e-02,-1.362703833729028702e-02,-8.220493793487548828e-02,8.831930346786975861e-03,1.426170021295547485e-01,1.322465837001800537e-01,1.044311970472335815e-01,1.492826081812381744e-02,1.378905586898326874e-02,9.525282680988311768e-02,1.122887283563613892e-01,1.715009212493896484e-01,7.259736955165863037e-02,-1.121400389820337296e-02,-7.861199229955673218e-02,2.666371129453182220e-02,-1.603215932846069336e-02,4.150076955556869507e-02,1.044432222843170166e-01,1.185210570693016052e-01,6.803900003433227539e-02,5.750593543052673340e-02,-4.570456966757774353e-02,-2.020933479070663452e-02,-8.549029007554054260e-03,1.514347493648529053e-01,1.452494561672210693e-01,-4.552292823791503906e-02,4.149058833718299866e-02,8.100911229848861694e-02,8.565115928649902344e-02,9.523464739322662354e-02,9.526287019252777100e-02,4.821377992630004883e-02,7.534713367931544781e-04,2.748523280024528503e-02,1.632438004016876221e-01,9.210667014122009277e-02,1.292065083980560303e-01,1.013459265232086182e-01,1.154516562819480896e-01,4.702886193990707397e-02,7.252284139394760132e-02,8.718871325254440308e-02,6.902336329221725464e-02,1.160380691289901733e-01,1.850559562444686890e-01,1.094839870929718018e-01,1.153416857123374939e-01,-1.805784255266189575e-01,-1.207218226045370102e-02,-1.981599628925323486e-02,-4.202880710363388062e-02,1.456183474510908127e-02,4.704298917204141617e-03,-1.768769323825836182e-02,-3.445070981979370117e-02,1.020797621458768845e-02,2.229283377528190613e-02,2.094214558601379395e-01,1.701590865850448608e-01,4.564239084720611572e-02,-5.462531745433807373e-02,-8.981583267450332642e-02,1.141347140073776245e-01
-7.637201249599456787e-02,-4.856243729591369629e-02,-1.985795795917510986e-01,1.165335923433303833e-01,4.455087184906005859e-01,1.000000000000000000e+00,-2.991366665810346603e-03,1.390429288148880005e-01,3.240403532981872559e-01,5.532843470573425293e-01,-1.492017656564712524e-01,5.048871040344238281e-02,-4.919876903295516968e-02,1.878659240901470184e-02,2.624835669994354248e-01,2.613190412521362305e-01,-7.200740743428468704e-03,3.166113421320915222e-02,-3.814119845628738403e-02,1.038716882467269897e-01,1.767731159925460815e-01,3.413258790969848633e-01,7.404655963182449341e-02,1.359994858503341675e-01,-3.172720223665237427e-02,1.127357408404350281e-01,3.412831723690032959e-01,4.742476940155029297e-01,3.577359393239021301e-02,4.463778436183929443e-02,1.476220488548278809e-01,1.330699678510427475e-02,5.859621614217758179e-02,7.892254739999771118e-02,-4.808472096920013428e-02,1.087788045406341553e-01,7.169058173894882202e-02,6.945034954696893692e-03,-1.052209883928298950e-01,7.243449240922927856e-02,1.965599805116653442e-01,2.538760304450988770e-01,2.091972390189766884e-03,-4.090343788266181946e-02,3.973353654146194458e-03,-4.812266305088996887e-02,-1.402289886027574539e-02,-2.804121375083923340e-02,-1.035690382122993469e-01,-3.354695066809654236e-02,-2.218112945556640625e-01,-7.995181530714035034e-02,-9.327079169452190399e-03,-7.015064358711242676e-02,-5.564376711845397949e-02,2.548689208924770355e-02,-2.893577888607978821e-02,-3.784820437431335449e-02,-1.453230977058410645e-01,-2.595939487218856812e-02,-7.367748767137527466e-02,1.193322837352752686e-01,1.310770809650421143e-01,2.222710102796554565e-02,-1.360430568456649780e-01,7.596956193447113037e-02,-1.689789146184921265e-01,-3.053137660026550293e-02,-4.560340940952301025e-02,-4.573074728250503540e-02,6.953028589487075806e-02,2.932266704738140106e-02,2.003229968249797821e-02,-8.108588866889476776e-03,-2.566703408956527710e-02,-5.007385089993476868e-02,1.728682816028594971e-01,1.604474335908889771e-01,-1.530371308326721191e-01,-9.137786179780960083e-02,2.224407717585563660e-02,-4.148954153060913086e-02,1.028460413217544556e-01,1.884610950946807861e-01,-1.193272396922111511e-01,-2.252350747585296631e-02,-1.372159551829099655e-02,1.127474978566169739e-01,-9.025131911039352417e-02,5.713840946555137634e-02,2.120453119277954102e-01,4.958315193653106689e-02,2.313964515924453735e-01,-5.669834837317466736e-02,6.848668213933706284e-03,3.961560782045125961e-03,7.574824988842010498e-02,9.034910798072814941e-02,1.236027032136917114e-01,6.858359277248382568e-02,2.278906293213367462e-02,-1.012187302112579346e-01,4.216520488262176514e-02,-1.375420093536376953e-01,7.002720236778259277e-02,8.865000680088996887e-03,-3.158881515264511108e-02,-1.246821582317352295e-01,3.615538775920867920e-02,4.685695748776197433e-03,1.151668801903724670e-01,1.756338179111480713e-01,4.391787946224212646e-02,2.232108451426029205e-02,-2.686509303748607635e-02,1.150705069303512573e-01
1.484340429306030273e-01,4.996261093765497208e-03,2.774846553802490234e-01,2.786181271076202393e-01,-5.420231074094772339e-02,-2.991366665810346603e-03,1.000000000000000000e+00,3.693343102931976318e-01,8.841869980096817017e-02,-1.651273071765899658e-01,1.359613537788391113e-01,3.328877687454223633e-02,2.722967267036437988e-01,1.874038279056549072e-01,1.015999093651771545e-01,-1.841662973165512085e-01,1.400939654558897018e-02,-1.630834043025970459e-01,1.503957808017730713e-01,6.453681737184524536e-02,-1.335579603910446167e-01,-1.132340058684349060e-01,-1.064261794090270996e-01,8.356303721666336060e-02,-3.137388527393341064e-01,-2.081459760665893555e-01,-2.144885063171386719e-01,-1.115002036094665527e-01,9.016922116279602051e-02,-5.278493277728557587e-03,8.821161091327667236e-02,1.064665690064430237e-01,2.196540087461471558e-01,2.032903581857681274e-01,-5.592073872685432434e-02,2.170532196760177612e-02,6.033985689282417297e-02,-5.278735980391502380e-02,5.925036035478115082e-03,-5.375275015830993652e-02,1.265937834978103638e-01,7.086835056543350220e-02,-1.124043017625808716e-01,-1.664113551378250122e-01,-6.957694143056869507e-02,-4.551236703991889954e-02,-1.270358711481094360e-01,-1.920120716094970703e-01,1.822308637201786041e-02,-6.107645109295845032e-02,-1.175724342465400696e-02,-6.243301182985305786e-02,-3.998275473713874817e-02,-1.036840304732322693e-01,-6.453176587820053101e-02,-1.693478673696517944e-01,-1.295426189899444580e-01,-1.837337911128997803e-01,1.649132221937179565e-01,2.140966802835464478e-02,7.986078411340713501e-02,9.020985662937164307e-02,1.652490198612213135e-01,4.670784994959831238e-02,2.735603228211402893e-02,-1.608510967344045639e-03,-6.166112050414085388e-02,-4.187434539198875427e-02,2.431158209219574928e-03,-8.335167914628982544e-02,3.771869465708732605e-02,-5.402352195233106613e-03,9.425339847803115845e-02,-2.442084439098834991e-02,-7.329346984624862671e-02,6.359773874282836914e-02,5.778427794575691223e-02,-2.907467074692249298e-02,-3.743822220712900162e-03,-6.815312802791595459e-02,-2.495425753295421600e-02,-2.455531656742095947e-01,-4.261102154850959778e-02,2.773333527147769928e-02,-8.832689374685287476e-03,-2.417518496513366699e-01,-4.733296856284141541e-02,-9.259241074323654175e-02,8.096005767583847046e-02,-9.272717684507369995e-02,-1.213220059871673584e-01,-2.399747632443904877e-02,-3.509788960218429565e-02,5.765981972217559814e-02,-1.286245286464691162e-01,-1.277903765439987183e-01,-1.241908967494964600e-01,-1.639537960290908813e-01,-6.242237240076065063e-02,1.363378670066595078e-02,-7.017309218645095825e-02,1.164319887757301331e-01,-2.288847416639328003e-02,1.279834359884262085e-01,1.806838624179363251e-02,2.670210972428321838e-02,-6.275701522827148438e-02,-5.963543802499771118e-02,-1.227630861103534698e-02,-7.945656031370162964e-02,-1.383571326732635498e-01,-5.920677259564399719e-02,-6.106959772296249866e-04,1.059764064848423004e-02,-9.125991910696029663e-02,6.931819766759872437e-02
-1.197435259819030762e-01,1.792392879724502563e-01,-1.430959850549697876e-01,6.018629670143127441e-01,-1.499208956956863403e-01,1.390429288148880005e-01,3.693343102931976318e-01,9.999998211860656738e-01,-1.395855545997619629e-01,1.102677732706069946e-01,-2.261199504137039185e-01,2.721303403377532959e-01,-1.039997041225433350e-01,2.508076131343841553e-01,-9.092988818883895874e-02,-1.258342713117599487e-01,4.601105302572250366e-02,4.340342711657285690e-04,1.151951625943183899e-01,1.993612498044967651e-01,-1.283557247370481491e-02,3.391658142209053040e-02,-1.090025901794433594e-01,3.220738470554351807e-01,-3.810937702655792236e-01,-1.594929099082946777e-01,-1.923250854015350342e-01,-4.019752889871597290e-02,1.986374408006668091e-01,8.900079876184463501e-02,1.347104310989379883e-01,1.460816264152526855e-01,1.769230216741561890e-01,2.260251939296722412e-01,-1.055925935506820679e-01,1.228746995329856873e-01,7.899503409862518311e-02,-4.005467891693115234e-02,-1.256567090749740601e-01,-6.545033305883407593e-02,1.774928420782089233e-01,6.857775151729583740e-02,-7.535254955291748047e-02,-8.360146731138229370e-02,-3.605521842837333679e-02,1.415523048490285873e-02,-2.148338779807090759e-02,-7.867248356342315674e-02,4.205577820539474487e-02,5.101021006703376770e-02,-1.190564483404159546e-01,4.145646840333938599e-02,2.840936370193958282e-02,-1.769945956766605377e-03,-3.014402650296688080e-02,-1.296177357435226440e-01,-2.537588216364383698e-02,-7.637923955917358398e-02,4.370290786027908325e-02,1.816450059413909912e-01,2.938034385442733765e-02,3.009935617446899414e-01,1.692370623350143433e-01,1.693206876516342163e-01,-2.710057199001312256e-01,2.220327556133270264e-01,-1.734135299921035767e-01,1.043513342738151550e-01,-7.502745091915130615e-02,-3.744100034236907959e-02,-1.178561430424451828e-02,1.668980158865451813e-02,3.630295861512422562e-03,9.234543889760971069e-02,2.022515609860420227e-02,2.383033372461795807e-02,9.929662197828292847e-02,6.042816117405891418e-02,-1.057685762643814087e-01,-3.661982715129852295e-02,2.574422769248485565e-02,-1.129519492387771606e-01,6.658607628196477890e-03,1.446162462234497070e-01,-3.500560224056243896e-01,-5.526267364621162415e-02,-2.062483131885528564e-01,1.212187297642230988e-02,-1.976950019598007202e-01,-5.030458793044090271e-02,1.174411699175834656e-01,-4.855413455516099930e-03,1.138273999094963074e-01,-2.664303183555603027e-01,-6.434821337461471558e-02,-1.280393004417419434e-01,-3.919637296348810196e-03,-5.637852847576141357e-02,1.967665404081344604e-01,7.136891782283782959e-02,5.092930793762207031e-02,-1.348228603601455688e-01,8.398365974426269531e-02,-3.646646440029144287e-02,7.297935336828231812e-02,1.455601770430803299e-02,-5.265113711357116699e-02,-6.650564074516296387e-02,-5.732951220124959946e-03,-5.168012529611587524e-02,-4.602327197790145874e-02,8.331988006830215454e-02,4.659020528197288513e-02,-4.989715758711099625e-03,2.429746650159358978e-02,1.728708855807781219e-02
9.537704288959503174e-02,-1.841337829828262329e-01,5.700203403830528259e-02,-2.487469017505645752e-01,3.906564712524414062e-01,3.240403532981872559e-01,8.841869980096817017e-02,-1.395855545997619629e-01,1.000000119209289551e+00,3.106781244277954102e-01,1.752482205629348755e-01,-1.010996699333190918e-01,2.493512481451034546e-01,-4.841399192810058594e-02,3.999691605567932129e-01,1.176568195223808289e-01,-1.352110952138900757e-01,-7.830042392015457153e-02,-8.046261966228485107e-02,-1.766440868377685547e-01,4.694467410445213318e-02,8.961154520511627197e-02,7.486973702907562256e-02,-1.372849792242050171e-01,-4.458075016736984253e-02,1.111368089914321899e-02,1.788130253553390503e-01,2.732946872711181641e-01,-1.113972067832946777e-01,-1.337497979402542114e-01,-1.059121862053871155e-01,-1.007681414484977722e-01,-1.906421482563018799e-01,-1.874464601278305054e-01,-7.806161791086196899e-02,5.489162635058164597e-03,9.231635928153991699e-02,2.545109717175364494e-03,8.585477620363235474e-02,6.248427182435989380e-02,1.806055754423141479e-01,1.961711794137954712e-01,-1.109075769782066345e-01,-1.578401774168014526e-01,-1.313934028148651123e-01,-1.516265869140625000e-01,-1.326733082532882690e-01,-1.127351075410842896e-01,-1.715639829635620117e-01,-1.239369586110115051e-01,-9.390170127153396606e-02,-1.014848947525024414e-01,-7.846983522176742554e-02,-1.624822169542312622e-01,-9.637047350406646729e-02,-9.567729197442531586e-03,-5.692211911082267761e-02,-8.537652343511581421e-02,-5.595897883176803589e-02,-1.431379467248916626e-01,2.736319042742252350e-02,-5.402291193604469299e-02,-1.708432286977767944e-02,-1.601083129644393921e-01,2.228975892066955566e-01,-5.558283254504203796e-02,-1.260133534669876099e-01,-2.485197633504867554e-01,-9.882335364818572998e-02,-3.269065544009208679e-02,1.642988808453083038e-02,-3.612530976533889771e-02,2.458981238305568695e-02,-1.577624678611755371e-01,-1.514494568109512329e-01,-6.171889230608940125e-02,9.668251872062683105e-02,2.544406987726688385e-02,-1.027653813362121582e-01,-6.090319901704788208e-02,-1.072091311216354370e-01,-1.252739429473876953e-01,4.095552861690521240e-02,5.424940213561058044e-02,1.967119276523590088e-01,3.463998436927795410e-03,9.261827915906906128e-02,5.426961462944746017e-03,1.403370499610900879e-01,-3.937203437089920044e-02,-2.055221050977706909e-02,-2.510824613273143768e-02,1.273988485336303711e-01,2.221155911684036255e-01,-1.537430100142955780e-02,-3.108984604477882385e-02,-4.121645912528038025e-02,5.785358324646949768e-02,-1.044029071927070618e-01,-2.744116261601448059e-02,-2.959469519555568695e-02,1.247121393680572510e-01,-5.608522891998291016e-02,-2.164683118462562561e-02,-3.504017367959022522e-02,9.434770792722702026e-03,-3.159737214446067810e-02,-4.242867976427078247e-02,3.146990761160850525e-02,-2.386314980685710907e-02,2.688148245215415955e-02,6.837495416402816772e-02,-6.419058144092559814e-02,-8.756284415721893311e-02,-9.512627124786376953e-02,1.872189790010452271e-01
-6.825834512710571289e-02,1.096618995070457458e-01,-2.681945562362670898e-01,4.341705888509750366e-02,3.916666507720947266e-01,5.532843470573425293e-01,-1.651273071765899658e-01,1.102677732706069946e-01,3.106781244277954102e-01,9.999999403953552246e-01,-2.474468946456909180e-01,1.170762628316879272e-01,-7.478559017181396484e-02,-1.476400997489690781e-02,2.283851653337478638e-01,4.467920064926147461e-01,4.049580078572034836e-03,1.360312998294830322e-01,-5.396636202931404114e-03,1.207846626639366150e-01,2.312421798706054688e-01,3.029276132583618164e-01,-1.007991749793291092e-02,8.408313989639282227e-02,-6.642025709152221680e-02,7.171107083559036255e-02,3.266572952270507812e-01,3.853251039981842041e-01,5.715715885162353516e-02,1.420289129018783569e-01,3.355539217591285706e-02,4.660345241427421570e-02,-7.371322065591812134e-02,4.864110611379146576e-03,-1.557489782571792603e-01,-2.545445691794157028e-03,-2.023653592914342880e-03,2.045701630413532257e-02,-3.787561785429716110e-03,8.724987506866455078e-02,9.660436958074569702e-02,1.083001941442489624e-01,4.481470212340354919e-02,3.962027654051780701e-02,6.927785277366638184e-02,-6.940895225852727890e-03,2.048728987574577332e-02,9.724030643701553345e-02,-5.376517027616500854e-02,1.693339087069034576e-02,-1.911859512329101562e-01,3.314619511365890503e-02,3.559179976582527161e-02,4.715701192617416382e-02,-1.451845560222864151e-02,9.919415414333343506e-02,4.684983566403388977e-02,8.911857008934020996e-02,-1.210794597864151001e-01,6.072632223367691040e-02,-4.513225704431533813e-02,1.880779266357421875e-01,7.491684705018997192e-02,7.185275107622146606e-02,-1.973959654569625854e-01,1.291261166334152222e-01,-1.489241123199462891e-01,-5.072283372282981873e-02,-4.873586446046829224e-02,-2.843151055276393890e-02,3.557167202234268188e-02,6.404057145118713379e-02,-5.164751037955284119e-02,9.385461360216140747e-02,6.590235512703657150e-03,-3.154539689421653748e-02,8.314990252256393433e-02,1.681781858205795288e-01,-1.479489356279373169e-01,-1.496107131242752075e-02,7.543276250362396240e-02,1.283270120620727539e-01,9.074515849351882935e-02,1.723875254392623901e-01,-1.634313017129898071e-01,1.566450744867324829e-01,-1.344552040100097656e-01,6.648825109004974365e-02,-8.582477271556854248e-02,1.035324633121490479e-01,1.938133239746093750e-01,6.296171247959136963e-02,2.233597189188003540e-01,-1.105056181550025940e-01,8.976720273494720459e-02,5.437073856592178345e-02,1.534552723169326782e-01,1.579357534646987915e-01,1.265499442815780640e-01,5.363755300641059875e-02,2.340986020863056183e-02,-4.203681647777557373e-02,2.546285279095172882e-02,-1.198959127068519592e-01,7.312281429767608643e-02,2.530975081026554108e-02,-4.473312199115753174e-02,-7.523804157972335815e-02,3.740067407488822937e-02,1.198199540376663208e-01,2.102045714855194092e-01,1.509715169668197632e-01,5.885000899434089661e-02,2.140647545456886292e-02,-9.563458152115345001e-03,1.066070981323719025e-02
3.252507150173187256e-01,-1.304805874824523926e-01,3.467701375484466553e-01,-2.440403103828430176e-01,8.698491007089614868e-02,-1.492017656564712524e-01,1.359613537788391113e-01,-2.261199504137039185e-01,1.752482205629348755e-01,-2.474468946456909180e-01,1.000000119209289551e+00,5.989926680922508240e-02,4.131106138229370117e-01,4.537912830710411072e-02,2.060858905315399170e-01,3.916653804481029510e-03,6.463097035884857178e-02,-1.133730933070182800e-01,9.990587085485458374e-02,-1.443325132131576538e-01,-1.927505731582641602e-01,-2.004222273826599121e-01,1.307189166545867920e-01,-1.213143095374107361e-01,6.024014204740524292e-02,4.416724294424057007e-02,-9.912537038326263428e-02,-1.096604168415069580e-01,7.035938650369644165e-02,-9.559657424688339233e-03,-4.129355400800704956e-02,5.508762598037719727e-02,1.898059993982315063e-02,-2.204212732613086700e-02,1.911392956972122192e-01,6.946249306201934814e-02,-3.485812619328498840e-02,-1.193735655397176743e-02,1.070269569754600525e-01,-4.858236387372016907e-02,-6.737831979990005493e-02,-1.161578595638275146e-01,-1.355901807546615601e-01,1.330021396279335022e-02,-1.921459287405014038e-01,-1.363246887922286987e-01,-1.464848965406417847e-01,-9.592873603105545044e-02,-1.579948216676712036e-01,-1.432514339685440063e-01,1.664366200566291809e-02,-8.394552022218704224e-02,-6.569828838109970093e-02,-1.605110317468643188e-01,-7.385695725679397583e-02,-1.304572373628616333e-01,-2.057243697345256805e-02,-4.908386245369911194e-02,-1.014284230768680573e-02,-2.234510928392410278e-01,2.162235602736473083e-02,-1.458539515733718872e-01,-4.490993171930313110e-02,-1.482264101505279541e-01,3.297848701477050781e-01,-5.930521711707115173e-02,7.620018720626831055e-02,-9.401102364063262939e-02,2.691083587706089020e-02,-5.981054157018661499e-02,-1.706885406747460365e-03,-4.742861166596412659e-02,-1.667387038469314575e-02,-5.194148421287536621e-02,-1.777963899075984955e-02,1.553637385368347168e-01,1.453873701393604279e-02,-9.273944795131683350e-02,1.070829182863235474e-01,-1.673156768083572388e-02,-7.447352260351181030e-02,-1.105931252241134644e-01,-5.799968913197517395e-02,-1.270929425954818726e-01,3.258914649486541748e-01,-1.197371929883956909e-01,2.184945493936538696e-01,-2.086988650262355804e-02,2.877459228038787842e-01,-2.402642369270324707e-01,-1.611666381359100342e-01,-2.175308018922805786e-02,-1.089294999837875366e-01,2.191978096961975098e-01,-1.206302344799041748e-01,-1.024735942482948303e-01,-9.311223030090332031e-02,-9.845867007970809937e-02,-1.429957002401351929e-01,-6.050486490130424500e-02,-1.176282912492752075e-01,1.421807408332824707e-01,7.473754696547985077e-03,1.459217220544815063e-01,4.433679953217506409e-02,-5.343680270016193390e-03,2.023285813629627228e-02,9.331759065389633179e-02,-1.155085563659667969e-01,-1.766182035207748413e-01,-1.611121892929077148e-01,-5.330965667963027954e-02,4.317948967218399048e-02,4.533762112259864807e-02,-4.532582685351371765e-02,5.592029914259910583e-02
1.110100448131561279e-01,2.311912029981613159e-01,-2.245829254388809204e-01,1.938383877277374268e-01,1.048240587115287781e-01,5.048871040344238281e-02,3.328877687454223633e-02,2.721303403377532959e-01,-1.010996699333190918e-01,1.170762628316879272e-01,5.989926680922508240e-02,1.000000000000000000e+00,1.146719828248023987e-01,5.088812708854675293e-01,3.710867837071418762e-03,2.233640253543853760e-01,2.157643586397171021e-01,1.217187717556953430e-01,1.649430245161056519e-01,1.972393989562988281e-01,-3.716430440545082092e-02,-3.620380908250808716e-02,-2.467948198318481445e-01,1.326324697583913803e-02,-2.158374637365341187e-01,-9.582982957363128662e-02,-1.991385072469711304e-01,-9.321128576993942261e-02,1.747651398181915283e-01,3.737501204013824463e-01,-4.907789174467325211e-03,3.185340017080307007e-02,1.821548044681549072e-01,1.387724578380584717e-01,-1.367028206586837769e-01,-3.588743135333061218e-02,-8.527929335832595825e-02,-8.884980529546737671e-02,-7.573053240776062012e-02,-1.046520099043846130e-01,5.778863094747066498e-03,-8.355836570262908936e-02,-2.679816260933876038e-02,9.364767372608184814e-02,-3.439633548259735107e-02,2.494806423783302307e-02,8.748330920934677124e-02,7.622393965721130371e-02,1.165698096156120300e-01,1.634595394134521484e-01,1.342285126447677612e-01,2.160279750823974609e-01,6.543784588575363159e-02,2.871435508131980896e-02,1.139538735151290894e-01,-7.741514593362808228e-02,-1.067403256893157959e-01,-9.345308691263198853e-02,1.394973844289779663e-01,1.361189484596252441e-01,9.874579310417175293e-02,1.931761056184768677e-01,2.356872558593750000e-01,3.373737335205078125e-01,-2.799719572067260742e-01,2.713494375348091125e-02,-7.395496126264333725e-03,1.225378364324569702e-01,-9.833149611949920654e-02,-1.390626877546310425e-01,7.801984436810016632e-03,1.255681067705154419e-01,-1.244717314839363098e-01,2.511205673217773438e-01,-1.883612573146820068e-02,2.013041526079177856e-01,3.413763642311096191e-02,1.394830346107482910e-01,2.658564038574695587e-02,1.135179996490478516e-01,2.078802883625030518e-01,7.659239321947097778e-02,7.256065309047698975e-02,8.859939873218536377e-02,-1.978089958429336548e-01,-3.223803639411926270e-02,4.943520948290824890e-02,1.364703923463821411e-01,3.088562563061714172e-02,-9.206031262874603271e-02,1.289366781711578369e-01,1.656273156404495239e-01,-9.718275815248489380e-02,-2.640425562858581543e-01,-2.343829954043030739e-03,-6.263694912195205688e-02,6.569974124431610107e-02,-5.375233292579650879e-02,2.851009964942932129e-01,7.903641462326049805e-02,-1.920616813004016876e-02,-7.755370438098907471e-02,1.125969067215919495e-01,5.169146880507469177e-02,3.578727692365646362e-02,-7.524199900217354298e-04,-4.915373027324676514e-02,4.424526542425155640e-02,-4.406290873885154724e-02,-9.007741510868072510e-02,1.267719641327857971e-02,1.076423898339271545e-01,1.478230208158493042e-01,-3.635057248175144196e-03,1.375603675842285156e-01,1.002390286885201931e-03
4.212922155857086182e-01,8.676626533269882202e-02,4.485101997852325439e-02,-3.105124831199645996e-01,1.278257817029953003e-01,-4.919876903295516968e-02,2.722967267036437988e-01,-1.039997041225433350e-01,2.493512481451034546e-01,-7.478559017181396484e-02,4.131106138229370117e-01,1.146719828248023987e-01,1.000000000000000000e+00,3.201904296875000000e-01,3.310398161411285400e-01,1.034706309437751770e-01,1.020878702402114868e-01,-5.008463561534881592e-02,1.843602359294891357e-01,-3.399231284856796265e-02,-7.503571454435586929e-03,-1.224155426025390625e-01,-1.379723101854324341e-01,-2.516661286354064941e-01,-5.366015434265136719e-02,2.839017286896705627e-02,-8.015032112598419189e-02,-8.155114948749542236e-02,6.267327815294265747e-02,4.158162325620651245e-02,-1.746110767126083374e-01,-8.816652745008468628e-02,-4.859229549765586853e-03,-3.456258401274681091e-02,-6.837017834186553955e-02,-9.712141752243041992e-02,1.790885441005229950e-02,-2.001611888408660889e-02,1.322340518236160278e-01,9.552959352731704712e-03,1.300367806106805801e-02,-5.214939266443252563e-02,-7.701896131038665771e-02,1.659646444022655487e-02,-1.455233991146087646e-01,-5.937897041440010071e-02,-1.790320873260498047e-02,-2.142887795343995094e-03,2.310770004987716675e-02,6.687314063310623169e-02,1.455617696046829224e-01,4.920869693160057068e-02,5.046151578426361084e-02,-1.184925585985183716e-01,3.415761142969131470e-02,-4.752073436975479126e-02,7.782939821481704712e-02,-3.807255625724792480e-02,2.511874139308929443e-01,-2.951294556260108948e-02,3.043110370635986328e-01,-2.286325953900814056e-02,1.539565473794937134e-01,8.213122934103012085e-02,1.242383662611246109e-02,-2.441796809434890747e-01,1.033378094434738159e-01,-1.022970750927925110e-01,9.391766041517257690e-02,2.517741918563842773e-02,1.204387098550796509e-01,9.533235430717468262e-02,1.353001147508621216e-01,-1.500497013330459595e-02,1.082898974418640137e-01,1.080864220857620239e-01,9.289757907390594482e-02,3.743677213788032532e-02,1.325273364782333374e-01,8.137923479080200195e-02,6.485236436128616333e-02,-1.915747113525867462e-02,-9.203502535820007324e-02,-2.837302908301353455e-02,6.908714771270751953e-02,-1.739351451396942139e-01,1.293151453137397766e-02,-9.973844140768051147e-02,2.976646721363067627e-01,-2.199250087141990662e-02,-1.487074792385101318e-01,3.599467920139431953e-03,-1.012167930603027344e-01,1.277908980846405029e-01,-8.009044080972671509e-02,-1.963026635348796844e-02,-6.138094142079353333e-02,-9.196950495243072510e-02,-7.322255522012710571e-02,-3.118170611560344696e-02,-8.515036851167678833e-02,1.281752139329910278e-01,1.208911370486021042e-02,1.639192551374435425e-01,-1.457297336310148239e-02,-1.052536908537149429e-02,-8.357182145118713379e-02,3.928906843066215515e-02,-1.054515242576599121e-01,1.108607463538646698e-02,-1.108098328113555908e-01,-6.563086807727813721e-02,-1.356833335012197495e-02,-8.828463032841682434e-03,-6.032764166593551636e-02,4.141829162836074829e-02
