9.999997615814208984e-01,5.602023005485534668e-01,2.051368802785873413e-01,2.552435398101806641e-01,-4.748019203543663025e-02,-1.338712871074676514e-01,3.538623452186584473e-01,1.992385834455490112e-01,-7.724541425704956055e-02,-2.492798715829849243e-01,2.794883847236633301e-01,3.472018837928771973e-01,1.951767951250076294e-01,6.588957272469997406e-03,-1.862006820738315582e-02,-2.665213644504547119e-01,2.663770914077758789e-01,2.309836745262145996e-01,3.786534070968627930e-01,3.259699344635009766e-01,2.729149460792541504e-01,2.346004694700241089e-01,1.589240282773971558e-01,1.154508590698242188e-01,3.401994332671165466e-02,5.848037824034690857e-02,2.776665389537811279e-01,2.261894047260284424e-01,1.131365299224853516e-01,2.268705964088439941e-01,2.612492144107818604e-01,1.737723797559738159e-01,3.266150355339050293e-01,3.361778855323791504e-01,1.354069709777832031e-01,1.242139115929603577e-01,2.644493281841278076e-01,8.914454281330108643e-02,2.367728054523468018e-01,2.001643329858779907e-01,-6.879312545061111450e-02,4.494764655828475952e-02,-2.947396785020828247e-02,1.184460222721099854e-01,-1.318312734365463257e-01,-1.019669100642204285e-01,3.793830424547195435e-02,1.589373797178268433e-01,-2.215589433908462524e-01,-2.211114615201950073e-01,-1.939156651496887207e-01,-1.396167725324630737e-01,-1.155912205576896667e-01,5.050323158502578735e-02,1.105290651321411133e-01,1.998785585165023804e-01,4.391863644123077393e-01,4.168104827404022217e-01,2.128733843564987183e-01,1.134414225816726685e-01,2.408993691205978394e-01,1.852166950702667236e-01,2.561369352042675018e-02,1.928131729364395142e-01,9.843283891677856445e-02,-6.757774390280246735e-04,2.810779213905334473e-01,1.711033731698989868e-01,1.941985934972763062e-01,2.822383642196655273e-01,4.255768358707427979e-01,3.287265896797180176e-01,6.083066388964653015e-02,3.237100243568420410e-01,9.279070049524307251e-02,3.096873760223388672e-01,3.096510469913482666e-01,2.271866351366043091e-01,2.274498045444488525e-01,1.483099460601806641e-01,4.858647882938385010e-01,2.380309849977493286e-01,-5.083277821540832520e-02,-1.209401991218328476e-03,4.075549840927124023e-01,3.335358202457427979e-02,-4.409038275480270386e-02,6.978761870414018631e-03,2.509886622428894043e-01,1.055366471409797668e-01,4.888754338026046753e-02,1.493437308818101883e-02,-3.087577410042285919e-02,-9.504618495702743530e-02,2.441334575414657593e-01,2.468756735324859619e-01,1.329801082611083984e-01,2.384639084339141846e-01,1.469978392124176025e-01,8.936116099357604980e-02,2.001480162143707275e-01,5.436215922236442566e-02,1.604721099138259888e-01,1.078783795237541199e-01,2.631448805332183838e-01,3.038919866085052490e-01,2.297471016645431519e-01,2.432868331670761108e-01,3.640381619334220886e-03,1.256962865591049194e-01,7.421075552701950073e-02,1.439171582460403442e-01,9.358414448797702789e-03,-2.303784154355525970e-02,9.413382411003112793e-02,8.004747331142425537e-02
5.602023005485534668e-01,9.999997615814208984e-01,2.103147059679031372e-01,3.096047341823577881e-01,-2.748356163501739502e-01,-1.655599921941757202e-01,2.076521813869476318e-01,2.900006771087646484e-01,-2.639965116977691650e-01,-2.653186917304992676e-01,2.997405529022216797e-01,3.484240770339965820e-01,1.343634575605392456e-01,8.879309892654418945e-02,-1.419261246919631958e-01,-2.169746607542037964e-01,2.066114544868469238e-01,2.371936440467834473e-01,3.483993113040924072e-01,3.624312579631805420e-01,2.555007636547088623e-01,1.783574968576431274e-01,6.525319069623947144e-02,9.584961086511611938e-02,-1.406799405813217163e-01,-9.839974343776702881e-03,1.562009914778172970e-03,1.157977953553199768e-01,1.579497456550598145e-01,1.697217077016830444e-01,1.085685864090919495e-01,5.970693752169609070e-02,2.043522894382476807e-01,2.475992739200592041e-01,2.976847887039184570e-01,2.354965955018997192e-01,1.527738720178604126e-01,1.950839720666408539e-02,1.869245171546936035e-01,1.339655816555023193e-01,-7.266842294484376907e-03,8.233244530856609344e-03,9.154205024242401123e-02,1.831830739974975586e-01,8.513174951076507568e-02,7.504341006278991699e-02,1.250214427709579468e-01,1.923186182975769043e-01,-9.651859849691390991e-02,-9.062063694000244141e-02,-1.234748214483261108e-01,-3.508612886071205139e-02,2.492223121225833893e-02,5.436123162508010864e-02,2.000295184552669525e-02,2.667478024959564209e-01,5.133817195892333984e-01,5.981435775756835938e-01,1.851139664649963379e-01,7.850258052349090576e-02,2.600286304950714111e-01,2.262630164623260498e-01,1.346946358680725098e-01,4.238690435886383057e-01,1.575232446193695068e-01,1.159752011299133301e-01,3.629743754863739014e-01,2.773743569850921631e-01,3.240590393543243408e-01,2.808109819889068604e-01,3.396639227867126465e-01,3.245149850845336914e-01,6.145833805203437805e-02,2.201685309410095215e-01,7.574508339166641235e-02,2.275649756193161011e-01,3.483670651912689209e-01,2.831968367099761963e-01,1.362280696630477905e-01,1.295484900474548340e-01,3.565858006477355957e-01,2.654307186603546143e-01,-1.665335297584533691e-01,-1.662043668329715729e-02,2.945737540721893311e-01,9.105143696069717407e-02,-1.692689508199691772e-01,-9.273642674088478088e-03,6.839402019977569580e-02,1.189693883061408997e-01,5.997129157185554504e-02,8.826433122158050537e-02,1.297682523727416992e-02,-3.648988530039787292e-02,1.879799664020538330e-01,1.827662736177444458e-01,2.317119576036930084e-02,2.213641703128814697e-01,1.116358190774917603e-01,2.232821732759475708e-01,1.290419548749923706e-01,7.338687032461166382e-02,1.517159342765808105e-01,1.813282966613769531e-01,2.904669940471649170e-01,3.381233513355255127e-01,1.910830736160278320e-01,3.142475485801696777e-01,7.223322056233882904e-03,4.228775203227996826e-02,6.728284060955047607e-02,1.153174340724945068e-01,-8.990054018795490265e-03,1.092832386493682861e-01,2.434890270233154297e-01,2.204804122447967529e-01
2.051368802785873413e-01,2.103147059679031372e-01,9.999994039535522461e-01,5.912222862243652344e-01,8.344962447881698608e-02,-1.561512947082519531e-01,5.179188847541809082e-01,4.146253168582916260e-01,1.083933636546134949e-01,-1.525007486343383789e-01,2.572287917137145996e-01,1.158522665500640869e-01,3.464922308921813965e-01,5.004793778061866760e-02,2.314248979091644287e-01,7.589429616928100586e-02,1.582775264978408813e-01,1.536659151315689087e-01,8.692549914121627808e-02,-1.009791418910026550e-01,8.367759734392166138e-02,1.056123077869415283e-01,5.177351236343383789e-01,3.487802147865295410e-01,2.429060637950897217e-02,-5.142575828358530998e-04,1.654374301433563232e-01,-7.826773822307586670e-02,2.875942885875701904e-01,1.774396747350692749e-01,2.850166261196136475e-01,2.087186127901077271e-01,1.077936589717864990e-01,1.739097833633422852e-01,4.421662539243698120e-02,-5.741725862026214600e-02,3.609607368707656860e-02,1.057373210787773132e-01,2.790699005126953125e-01,1.404151767492294312e-01,1.028189733624458313e-01,1.552078276872634888e-01,2.179542742669582367e-02,5.081536248326301575e-02,9.825540473684668541e-04,3.258362039923667908e-02,3.598566725850105286e-02,2.858656831085681915e-02,2.808427962008863688e-04,-9.130606777034699917e-04,-2.903338894248008728e-02,-4.738405346870422363e-02,4.660290479660034180e-02,-1.203691959381103516e-01,3.376911282539367676e-01,1.080181971192359924e-01,1.938577145338058472e-01,1.314657479524612427e-01,2.052726410329341888e-02,1.060907691717147827e-01,1.175976917147636414e-01,-7.466746866703033447e-02,3.397976458072662354e-01,1.125601157546043396e-01,-5.423200875520706177e-02,6.984083913266658783e-03,9.297969192266464233e-02,7.219140976667404175e-02,-1.666761338710784912e-01,9.548165649175643921e-02,1.177763417363166809e-01,1.195960640907287598e-01,-3.084389865398406982e-02,4.848681390285491943e-02,2.952348254621028900e-02,5.056410282850265503e-02,9.496894478797912598e-02,-2.216808497905731201e-02,1.231522783637046814e-01,2.681629918515682220e-02,1.407885104417800903e-01,1.370224952697753906e-01,1.364709138870239258e-01,-2.981588803231716156e-02,1.159526854753494263e-01,7.751736789941787720e-02,3.005902841687202454e-02,-1.629584282636642456e-01,1.426819562911987305e-01,-1.209431327879428864e-02,3.653031587600708008e-01,2.519194185733795166e-01,2.149574458599090576e-01,6.129761040210723877e-02,2.404085844755172729e-01,1.922784894704818726e-01,1.084222123026847839e-01,-2.597633935511112213e-02,3.373800814151763916e-01,2.578568458557128906e-01,6.330943107604980469e-02,2.820023894309997559e-02,1.594886332750320435e-01,8.067661523818969727e-02,1.385343223810195923e-01,1.781630367040634155e-01,1.443746387958526611e-01,1.639331430196762085e-01,1.233586892485618591e-01,3.481801226735115051e-02,-2.347946725785732269e-02,4.233355075120925903e-02,8.784434199333190918e-02,5.479953065514564514e-02,1.528079360723495483e-01,1.641992628574371338e-01
2.552435398101806641e-01,3.096047341823577881e-01,5.912222862243652344e-01,1.000000357627868652e+00,-2.293723635375499725e-02,-1.032054796814918518e-02,3.320052623748779297e-01,5.149263143539428711e-01,-1.995521225035190582e-02,-1.220402047038078308e-01,1.649599820375442505e-01,1.885524988174438477e-01,2.733120918273925781e-01,1.204498484730720520e-01,3.574843332171440125e-02,-2.249404601752758026e-02,1.219829544425010681e-01,1.912890374660491943e-01,1.959088444709777832e-01,5.385478213429450989e-02,8.006940037012100220e-02,1.167740151286125183e-01,5.126068592071533203e-01,4.747289121150970459e-01,1.080392673611640930e-01,1.761581301689147949e-01,8.652372658252716064e-02,1.103165745735168457e-01,2.663356661796569824e-01,2.325710207223892212e-01,3.407849967479705811e-01,3.252576589584350586e-01,1.385391503572463989e-01,2.128701359033584595e-01,2.170795947313308716e-02,2.105448767542839050e-02,1.165959686040878296e-01,1.309421807527542114e-01,1.724842041730880737e-01,1.731251925230026245e-01,1.339161843061447144e-01,1.976248770952224731e-01,-2.359450422227382660e-02,3.509710356593132019e-02,7.896614819765090942e-02,8.522659540176391602e-02,7.121599745005369186e-03,6.555902212858200073e-02,4.737088456749916077e-02,2.685142681002616882e-03,-2.938934974372386932e-02,-4.615296423435211182e-02,-1.645030267536640167e-02,-8.127416670322418213e-02,1.555408537387847900e-01,1.732466518878936768e-01,2.035011649131774902e-01,2.269288897514343262e-01,1.049192547798156738e-01,4.672808200120925903e-02,1.192429289221763611e-01,-1.131891310214996338e-01,9.940917044878005981e-02,2.909015417098999023e-01,-1.240899879485368729e-02,-5.881624296307563782e-02,9.970897436141967773e-02,5.652083456516265869e-02,-1.002726182341575623e-01,1.138656586408615112e-01,1.630800962448120117e-01,1.941920816898345947e-01,6.103110685944557190e-02,1.288595944643020630e-01,1.339601725339889526e-01,2.021030783653259277e-01,1.208389326930046082e-01,4.126485809683799744e-02,1.258974969387054443e-01,1.437871009111404419e-01,1.202732548117637634e-01,1.310713589191436768e-01,-2.564650215208530426e-02,-8.001058595255017281e-04,4.618097469210624695e-02,-6.669453531503677368e-02,-7.530798763036727905e-02,-5.003320798277854919e-02,2.521573333069682121e-03,-3.293786570429801941e-02,1.410437822341918945e-01,1.841771155595779419e-01,3.951692022383213043e-03,-6.161117181181907654e-02,1.112065836787223816e-01,1.737819164991378784e-01,7.433553785085678101e-02,1.454175114631652832e-01,2.096229195594787598e-01,2.468513399362564087e-01,-4.678699374198913574e-02,-3.966525942087173462e-02,2.416760846972465515e-02,-1.454043108969926834e-02,1.021903753280639648e-01,2.091824114322662354e-01,1.476297527551651001e-01,1.715867817401885986e-01,1.157122850418090820e-02,6.240099295973777771e-02,9.407006204128265381e-02,1.535203754901885986e-01,1.696180701255798340e-01,1.538557931780815125e-02,5.397075414657592773e-02,3.482361510396003723e-02
-4.748019203543663025e-02,-2.748356163501739502e-01,8.344962447881698608e-02,-2.293723635375499725e-02,1.000000238418579102e+00,3.723455369472503662e-01,1.964232921600341797e-01,-1.376246213912963867e-01,7.408341765403747559e-01,4.382244944572448730e-01,-1.979198008775711060e-01,-2.348167747259140015e-01,1.043121367692947388e-01,-9.343131631612777710e-02,5.652740001678466797e-01,3.129463791847229004e-01,-1.839608103036880493e-01,-2.292076349258422852e-01,4.916951805353164673e-02,-9.243622422218322754e-03,-7.342623174190521240e-02,-1.316790352575480938e-03,-4.926600493490695953e-03,-1.476170271635055542e-01,4.919536411762237549e-01,3.250287473201751709e-01,4.645351171493530273e-01,1.935182958841323853e-01,-1.238092929124832153e-01,5.140943685546517372e-04,9.016204625368118286e-02,-3.052298724651336670e-02,-1.197700351476669312e-01,-8.718974143266677856e-02,-2.247357070446014404e-01,-2.467575818300247192e-01,-5.939676240086555481e-02,5.507206544280052185e-03,-6.067121401429176331e-02,1.018121019005775452e-01,-4.700776189565658569e-02,1.989403963088989258e-01,-3.465862274169921875e-01,-3.226167261600494385e-01,-2.981325685977935791e-01,-3.357573747634887695e-01,-3.246519565582275391e-01,-3.188556432723999023e-01,-2.035464197397232056e-01,-6.746305525302886963e-02,-2.468616664409637451e-01,-1.610814481973648071e-01,-2.294421792030334473e-01,-1.844671368598937988e-01,2.469837814569473267e-01,-2.551422454416751862e-02,-1.273914426565170288e-01,-2.425119578838348389e-01,-4.711185395717620850e-02,-3.998374193906784058e-02,3.336406126618385315e-02,-8.251115679740905762e-02,-1.076527610421180725e-01,-1.009082198143005371e-01,-1.818096935749053955e-01,4.071768745779991150e-02,-3.721815645694732666e-01,-3.642279803752899170e-01,-9.833903610706329346e-02,-2.822787463665008545e-01,-4.273322410881519318e-03,1.969370758160948753e-03,-7.207783311605453491e-02,6.549829244613647461e-02,-9.057057648897171021e-02,-6.736807525157928467e-02,-1.669740378856658936e-01,-1.778635680675506592e-01,-2.891424112021923065e-02,-1.873776614665985107e-01,-1.547491550445556641e-01,-1.503532379865646362e-01,6.510723233222961426e-01,2.599634528160095215e-01,-1.005325615406036377e-01,-3.807598724961280823e-02,5.574760437011718750e-01,2.840127348899841309e-01,3.733706474304199219e-01,1.745652854442596436e-01,2.720937728881835938e-01,1.221126243472099304e-01,4.490940645337104797e-02,3.927934169769287109e-02,1.131520271301269531e-01,-2.846473827958106995e-02,1.187470927834510803e-01,-1.078312322497367859e-01,2.809588424861431122e-02,-6.481560319662094116e-02,-1.114696916192770004e-02,-1.393204927444458008e-02,-7.695511728525161743e-02,-8.512290567159652710e-02,-8.687532693147659302e-02,-8.331169188022613525e-02,-1.232033073902130127e-01,-1.497779339551925659e-01,2.121054828166961670e-01,-2.326810173690319061e-02,-1.149026528000831604e-01,-8.167051523923873901e-02,-2.156478352844715118e-03,-1.977663040161132812e-01,-1.696712225675582886e-01,-1.090742498636245728e-01
-1.338712871074676514e-01,-1.655599921941757202e-01,-1.561512947082519531e-01,-1.032054796814918518e-02,3.723455369472503662e-01,1.000000357627868652e+00,-2.577418982982635498e-01,-1.469911485910415649e-01,2.433326244354248047e-01,5.219266414642333984e-01,-3.817580640316009521e-01,-1.717823892831802368e-01,-2.511274814605712891e-01,1.111704409122467041e-01,8.419771492481231689e-02,1.957671940326690674e-01,-2.095222920179367065e-01,-1.709121763706207275e-01,-7.408957928419113159e-02,-1.245462894439697266e-01,-1.394588351249694824e-01,-2.612655237317085266e-02,1.565456986427307129e-01,2.441417723894119263e-01,4.203352332115173340e-01,5.573658943176269531e-01,2.027637809514999390e-01,5.617242455482482910e-01,-5.754162743687629700e-02,-9.216307662427425385e-03,1.306234300136566162e-01,2.142738699913024902e-01,-1.366577744483947754e-01,-2.812984772026538849e-02,-1.064837872982025146e-01,3.971489146351814270e-02,5.044734105467796326e-02,1.064003556966781616e-01,-1.567903459072113037e-01,1.842341721057891846e-01,3.962264209985733032e-02,2.428408861160278320e-01,-1.738378554582595825e-01,-1.073803156614303589e-01,-7.859104871749877930e-02,-1.369692385196685791e-01,-1.437225788831710815e-01,-4.622590169310569763e-02,3.591668605804443359e-02,-2.014313451945781708e-02,-2.260093390941619873e-02,-5.105992034077644348e-02,-4.421123117208480835e-02,9.576090425252914429e-02,-8.605822920799255371e-02,1.136427149176597595e-01,-7.108284533023834229e-02,-4.306434839963912964e-02,1.245898753404617310e-01,-8.944228291511535645e-02,1.874004304409027100e-01,-6.032105162739753723e-02,-2.050803005695343018e-01,1.614981442689895630e-01,-2.666524983942508698e-02,-3.771534562110900879e-02,-2.000012397766113281e-01,-2.428985536098480225e-01,-1.467786729335784912e-01,-2.218661606311798096e-01,-7.515570521354675293e-02,4.825993906706571579e-03,4.808760434389114380e-02,8.748142421245574951e-02,-1.932102814316749573e-02,8.626331575214862823e-03,-1.510509103536605835e-01,-7.720594853162765503e-02,-5.203890427947044373e-02,-1.670871973037719727e-01,-1.998592764139175415e-01,-5.008628219366073608e-02,1.700762212276458740e-01,4.208568930625915527e-01,-1.794059574604034424e-01,-1.572365909814834595e-01,2.789732813835144043e-01,5.159748196601867676e-01,6.928164511919021606e-02,1.427263170480728149e-01,-1.114029437303543091e-01,7.423384487628936768e-02,-2.507546246051788330e-01,-4.804432019591331482e-02,-3.350608423352241516e-02,-9.599165618419647217e-02,9.591426700353622437e-02,2.007193565368652344e-01,-1.531881690025329590e-01,-1.242158934473991394e-01,-1.450911313295364380e-01,-1.452138572931289673e-01,-1.812743991613388062e-01,-1.561640501022338867e-01,-1.441095769405364990e-01,-7.296348363161087036e-02,-8.095322549343109131e-02,-3.229746222496032715e-02,4.995163157582283020e-02,2.262681722640991211e-01,2.877614498138427734e-01,1.937664151191711426e-01,1.063208058476448059e-01,-2.291601449251174927e-01,-3.043743669986724854e-01,-1.748111099004745483e-01
3.538623452186584473e-01,2.076521813869476318e-01,5.179188847541809082e-01,3.320052623748779297e-01,1.964232921600341797e-01,-2.577418982982635498e-01,1.000000119209289551e+00,4.792502820491790771e-01,2.673053145408630371e-01,-1.059837266802787781e-01,4.666331112384796143e-01,3.588028550148010254e-01,6.070637106895446777e-01,1.976273804903030396e-01,3.919019103050231934e-01,6.976122409105300903e-02,2.549738287925720215e-01,2.643968462944030762e-01,2.702771723270416260e-01,1.676162928342819214e-01,3.141014873981475830e-01,2.615860402584075928e-01,2.136514335870742798e-01,5.350369215011596680e-02,1.172864586114883423e-01,-1.549669820815324783e-02,4.540843665599822998e-01,-1.082964055240154266e-02,2.530746161937713623e-01,3.285017609596252441e-01,3.295682072639465332e-01,1.758552491664886475e-01,2.313334792852401733e-01,1.645667850971221924e-01,-1.718116924166679382e-02,-1.385621130466461182e-01,1.024595499038696289e-01,7.904420793056488037e-02,2.808942496776580811e-01,1.037975400686264038e-01,1.324872765690088272e-02,1.026209443807601929e-01,-1.973043233156204224e-01,-1.543103456497192383e-01,-1.070502847433090210e-01,-6.130270287394523621e-02,-2.095191627740859985e-01,-2.236062735319137573e-01,-1.023413911461830139e-01,2.492117136716842651e-02,-1.869577914476394653e-01,-1.550472080707550049e-01,-2.266329228878021240e-01,-2.646142840385437012e-01,2.477243393659591675e-01,2.271196618676185608e-02,2.153579741716384888e-01,1.261312216520309448e-01,-3.624442266300320625e-03,1.729786992073059082e-01,1.316286772489547729e-01,2.616938203573226929e-02,3.126952350139617920e-01,1.199410483241081238e-01,-1.654401980340480804e-02,8.923645317554473877e-02,8.465732634067535400e-02,8.141262084245681763e-02,2.830808516591787338e-03,1.356053501367568970e-01,3.501823544502258301e-01,2.741354405879974365e-01,2.928523533046245575e-02,2.483854144811630249e-01,7.186662405729293823e-02,1.912209242582321167e-01,2.182617038488388062e-01,1.291314363479614258e-01,1.600149869918823242e-01,2.216459065675735474e-01,2.943597137928009033e-01,2.038970887660980225e-01,2.992470562458038330e-01,-1.419068081304430962e-03,2.414741367101669312e-01,1.302978098392486572e-01,4.317015409469604492e-03,-1.466549485921859741e-01,2.609054744243621826e-01,8.977096527814865112e-02,3.248365819454193115e-01,1.125165820121765137e-01,9.110245108604431152e-02,-9.064328856766223907e-03,2.602885365486145020e-01,2.250958979129791260e-01,1.805563084781169891e-02,-6.270298361778259277e-02,1.975603252649307251e-01,1.286719292402267456e-01,5.960244312882423401e-02,3.257918357849121094e-02,1.381454467773437500e-01,1.031438335776329041e-01,2.204762399196624756e-01,1.648230999708175659e-01,1.208126917481422424e-01,2.708020061254501343e-02,1.606983393430709839e-01,-8.556503802537918091e-02,-2.204848974943161011e-01,-1.286259889602661133e-01,-5.542037636041641235e-02,-1.277625411748886108e-01,1.432588100433349609e-01,1.618273705244064331e-01
1.992385834455490112e-01,2.900006771087646484e-01,4.146253168582916260e-01,5.149263143539428711e-01,-1.376246213912963867e-01,-1.469911485910415649e-01,4.792502820491790771e-01,1.000000119209289551e+00,-1.024021655321121216e-01,-9.543905407190322876e-02,3.829729557037353516e-01,5.677295923233032227e-01,4.712024331092834473e-01,5.840606093406677246e-01,1.528808474540710449e-02,1.499913781881332397e-01,2.977652251720428467e-01,4.424473643302917480e-01,3.702649846673011780e-02,-5.205322057008743286e-02,1.814316809177398682e-01,2.639799118041992188e-01,3.068761229515075684e-01,2.860431373119354248e-01,-2.503827400505542755e-02,-3.996935486793518066e-02,2.083097398281097412e-01,8.227833360433578491e-02,3.157052695751190186e-01,3.686879873275756836e-01,4.087291359901428223e-01,3.890005350112915039e-01,2.024906873703002930e-01,2.009796798229217529e-01,-1.936144940555095673e-02,-5.291898176074028015e-02,9.088438004255294800e-02,6.141965836286544800e-02,1.963855326175689697e-01,7.351085543632507324e-02,1.622617430984973907e-02,3.525196015834808350e-02,-1.165441796183586121e-01,-1.771746762096881866e-02,-6.110376119613647461e-02,2.729874104261398315e-03,-8.280125260353088379e-02,-4.968175664544105530e-02,-7.254499197006225586e-02,-2.198774367570877075e-02,-9.855151921510696411e-02,-1.402191519737243652e-01,-1.304261535406112671e-01,-9.595698118209838867e-02,9.266751259565353394e-02,1.428964883089065552e-01,6.064864993095397949e-02,1.557673811912536621e-01,-2.621971070766448975e-02,5.187137424945831299e-02,-1.891223248094320297e-03,-5.389153584837913513e-02,1.966967731714248657e-01,1.620330363512039185e-01,4.587667435407638550e-02,1.107393950223922729e-02,7.785969227552413940e-02,7.699789851903915405e-02,-1.066180020570755005e-01,2.502167224884033203e-01,1.894313395023345947e-01,2.636188566684722900e-01,1.631691004149615765e-03,1.465024650096893311e-01,7.092001289129257202e-02,2.321707606315612793e-01,1.344052851200103760e-01,2.061241567134857178e-01,1.786386370658874512e-01,3.442192077636718750e-01,2.900538742542266846e-01,3.794038295745849609e-01,-2.879573591053485870e-02,2.629163265228271484e-01,1.498869508504867554e-01,1.429309844970703125e-01,-1.883994787931442261e-01,-3.227723017334938049e-02,-1.953303068876266479e-02,1.468530446290969849e-01,7.982552796602249146e-02,1.873771995306015015e-01,-1.826491765677928925e-02,8.569722995162010193e-03,8.470284938812255859e-02,1.961940973997116089e-01,-4.905073717236518860e-02,-4.600116610527038574e-02,1.000632494688034058e-01,1.622863262891769409e-01,-6.062698736786842346e-02,-3.706795722246170044e-02,3.585204854607582092e-02,-8.546504192054271698e-03,1.203514859080314636e-01,1.843470185995101929e-01,9.465660154819488525e-02,9.422175586223602295e-02,3.208334371447563171e-02,-1.297330558300018311e-01,-1.823560446500778198e-01,-1.066614985466003418e-01,-6.222960352897644043e-02,-6.738302111625671387e-02,1.067965105175971985e-01,1.694205701351165771e-01
-7.724541425704956055e-02,-2.639965116977691650e-01,1.083933636546134949e-01,-1.995521225035190582e-02,7.408341765403747559e-01,2.433326244354248047e-01,2.673053145408630371e-01,-1.024021655321121216e-01,1.000000119209289551e+00,5.814302563667297363e-01,3.466299502179026604e-03,-1.130186319351196289e-01,2.371126562356948853e-01,-5.613471195101737976e-02,7.437611222267150879e-01,4.854019880294799805e-01,-3.794135898351669312e-02,-9.007930010557174683e-02,1.109953373670578003e-01,4.302740469574928284e-02,7.536206394433975220e-02,1.195436865091323853e-01,-6.158280000090599060e-02,-2.380257397890090942e-01,5.076013207435607910e-01,3.150609731674194336e-01,4.374715089797973633e-01,1.291774958372116089e-01,2.399902231991291046e-02,1.709713190793991089e-01,9.633167088031768799e-02,-3.357755765318870544e-02,-1.211966201663017273e-01,-1.439945995807647705e-01,-1.848076283931732178e-01,-2.088995724916458130e-01,-6.175888702273368835e-02,5.916311871260404587e-03,-1.332066487520933151e-02,-3.136645257472991943e-02,1.397530082613229752e-02,1.320834755897521973e-01,-2.962333261966705322e-01,-2.896087765693664551e-01,-2.197202891111373901e-01,-2.947618961334228516e-01,-2.855854928493499756e-01,-3.069365620613098145e-01,-1.715064644813537598e-01,-5.197738483548164368e-02,-2.631085813045501709e-01,-1.683145314455032349e-01,-2.854439616203308105e-01,-2.739304900169372559e-01,1.454944610595703125e-01,-8.849063515663146973e-02,-1.324819475412368774e-01,-2.692390978336334229e-01,-1.001006439328193665e-01,-1.616843491792678833e-01,-1.899203099310398102e-02,-2.038570493459701538e-01,-5.418834835290908813e-02,-1.462810039520263672e-01,-1.875587254762649536e-01,2.491424232721328735e-02,-3.255561590194702148e-01,-3.290959298610687256e-01,-8.403359353542327881e-02,-3.408002555370330811e-01,6.481839716434478760e-02,9.585106372833251953e-02,-1.198256760835647583e-02,1.115506514906883240e-01,-3.924850001931190491e-02,-4.003226757049560547e-02,-6.300450116395950317e-02,-8.854187279939651489e-02,4.725734516978263855e-02,-1.311696022748947144e-01,-4.333738237619400024e-02,-5.352031812071800232e-02,6.141479015350341797e-01,1.478915065526962280e-01,3.041315264999866486e-02,1.076550632715225220e-01,3.092488646507263184e-01,9.638651460409164429e-02,3.268493115901947021e-01,1.931822448968887329e-01,2.471434623003005981e-01,-3.505382919684052467e-03,1.210509687662124634e-01,3.449071198701858521e-02,1.129142716526985168e-01,6.086438894271850586e-02,6.869997084140777588e-02,-1.465467512607574463e-01,5.317289382219314575e-02,3.097933530807495117e-02,7.539521902799606323e-02,1.248149797320365906e-01,2.542244270443916321e-02,8.231608569622039795e-02,6.205374840646982193e-03,-5.776214879006147385e-03,-1.647426486015319824e-01,-2.029004991054534912e-01,1.425752937793731689e-01,-1.835586875677108765e-01,-2.492992877960205078e-01,-1.669174879789352417e-01,-6.579743325710296631e-02,-5.696742981672286987e-02,1.047546043992042542e-02,6.447798758745193481e-02
-2.492798715829849243e-01,-2.653186917304992676e-01,-1.525007486343383789e-01,-1.220402047038078308e-01,4.382244944572448730e-01,5.219266414642333984e-01,-1.059837266802787781e-01,-9.543905407190322876e-02,5.814302563667297363e-01,1.000000119209289551e+00,-1.120523288846015930e-01,-5.724810063838958740e-02,-4.959473758935928345e-02,1.632786244153976440e-01,4.714741706848144531e-01,6.905636787414550781e-01,-2.064860239624977112e-02,-1.601184159517288208e-02,-1.905519515275955200e-02,-6.151725724339485168e-02,4.898743331432342529e-02,1.762858480215072632e-01,-9.954197704792022705e-02,-1.301396042108535767e-01,4.328947365283966064e-01,3.825043737888336182e-01,2.083577066659927368e-01,2.360826730728149414e-01,3.612265735864639282e-02,1.922699362039566040e-01,6.869607418775558472e-02,6.265380978584289551e-02,-1.569584310054779053e-01,-1.305873990058898926e-01,-1.504353731870651245e-01,-1.266479939222335815e-01,-1.898886077105998993e-02,1.342468615621328354e-02,-8.677752315998077393e-02,-9.227848052978515625e-02,1.730965077877044678e-02,3.304691985249519348e-02,-1.170339733362197876e-01,-1.047220602631568909e-01,-4.088901355862617493e-02,-1.199954003095626831e-01,-7.060760259628295898e-02,-1.213555857539176941e-01,-8.680516853928565979e-03,4.779954440891742706e-03,-9.369415789842605591e-02,-9.647126495838165283e-02,-1.299510449171066284e-01,-1.244925484061241150e-01,-5.695681646466255188e-02,-2.448849612846970558e-03,-2.312665134668350220e-01,-2.375784367322921753e-01,-2.472003549337387085e-02,-2.197041064500808716e-01,1.528460346162319183e-02,-2.120825797319412231e-01,-1.125098243355751038e-01,-1.056673452258110046e-01,-7.363095879554748535e-02,1.322381757199764252e-02,-2.144872397184371948e-01,-2.253589630126953125e-01,-1.634193807840347290e-01,-3.322885632514953613e-01,-2.430681884288787842e-02,1.014733314514160156e-01,-3.822118788957595825e-02,4.349728301167488098e-02,-1.004394292831420898e-01,-8.087552338838577271e-02,-1.032188385725021362e-01,-1.738657057285308838e-02,9.534286707639694214e-02,-9.107206016778945923e-02,-4.217215254902839661e-02,5.667462944984436035e-02,2.966414988040924072e-01,3.530913293361663818e-01,2.681258134543895721e-02,1.922345757484436035e-01,1.190413087606430054e-01,2.727364301681518555e-01,1.718552708625793457e-01,2.536450326442718506e-01,-6.272139493376016617e-03,-5.563873797655105591e-02,3.230603784322738647e-02,7.676203548908233643e-02,3.192837117239832878e-03,2.710929140448570251e-02,-1.106337737292051315e-02,-1.100029945373535156e-01,-1.054928749799728394e-01,2.495875395834445953e-02,8.883747458457946777e-02,1.759968250989913940e-01,8.171818405389785767e-02,1.656098365783691406e-01,4.634051024913787842e-02,6.078140810132026672e-02,-1.463937014341354370e-01,-1.491197943687438965e-01,-1.598074287176132202e-02,-2.139457762241363525e-01,-1.930453628301620483e-01,-1.889606863260269165e-01,-1.564483046531677246e-01,6.166372075676918030e-02,4.814324527978897095e-02,1.315861493349075317e-01
2.794883847236633301e-01,2.997405529022216797e-01,2.572287917137145996e-01,1.649599820375442505e-01,-1.979198008775711060e-01,-3.817580640316009521e-01,4.666331112384796143e-01,3.829729557037353516e-01,3.466299502179026604e-03,-1.120523288846015930e-01,1.000000238418579102e+00,5.605937838554382324e-01,6.334448456764221191e-01,2.705515027046203613e-01,2.542867362499237061e-01,1.374467313289642334e-01,5.865308046340942383e-01,5.289048552513122559e-01,1.629374176263809204e-01,1.450986862182617188e-01,3.887975811958312988e-01,2.483363598585128784e-01,5.883042700588703156e-03,-8.518433570861816406e-02,-5.471170693635940552e-02,-1.246938407421112061e-01,1.224959641695022583e-01,-1.383936703205108643e-01,5.782395005226135254e-01,4.744490385055541992e-01,2.033906728029251099e-01,1.332389712333679199e-01,1.600554585456848145e-01,1.039809882640838623e-01,1.972505003213882446e-01,4.639035090804100037e-02,1.468892241973662749e-05,3.669628128409385681e-02,2.244170457124710083e-01,-4.204744845628738403e-02,1.341646909713745117e-01,-2.198226563632488251e-02,-4.532785341143608093e-02,1.478365436196327209e-02,7.105529308319091797e-02,6.965056806802749634e-02,-2.724141813814640045e-02,-5.480552464723587036e-02,-4.415531083941459656e-02,-4.449210688471794128e-02,-2.144006788730621338e-01,-2.048047035932540894e-01,-1.792473047971725464e-01,-2.126617431640625000e-01,2.121580764651298523e-02,3.485728753730654716e-03,1.549929380416870117e-01,1.458282470703125000e-01,-1.235109865665435791e-01,-5.930139869451522827e-02,-6.065291538834571838e-02,-5.395273864269256592e-02,3.187048435211181641e-01,6.227469071745872498e-02,-1.295822393149137497e-02,-2.152023464441299438e-02,2.020704746246337891e-01,1.962494850158691406e-01,6.130333617329597473e-02,1.182950213551521301e-01,1.723103672266006470e-01,1.888952255249023438e-01,1.416060030460357666e-01,9.861886501312255859e-02,2.020173221826553345e-01,1.685906350612640381e-01,4.112233519554138184e-01,3.525940179824829102e-01,3.526081740856170654e-01,3.832077980041503906e-01,5.827507972717285156e-01,4.852913022041320801e-01,4.929556697607040405e-02,-4.617330431938171387e-02,5.398687720298767090e-01,4.026141166687011719e-01,-3.187248408794403076e-01,-2.852610945701599121e-01,1.129089891910552979e-01,1.394452303647994995e-01,1.447815448045730591e-01,-2.483866736292839050e-02,9.430979192256927490e-02,-2.720974572002887726e-02,6.813041120767593384e-02,1.928974986076354980e-01,-1.508195400238037109e-01,-1.314019411802291870e-01,1.498440057039260864e-01,1.783819198608398438e-01,1.697988063097000122e-01,1.495142728090286255e-01,2.773257493972778320e-01,2.854720652103424072e-01,3.057033717632293701e-01,2.249931991100311279e-01,1.356123108416795731e-02,1.112197563052177429e-01,-1.487137377262115479e-01,-3.306525647640228271e-01,-3.124484419822692871e-01,-1.916838139295578003e-01,-1.544628888368606567e-01,1.145421341061592102e-01,3.342233300209045410e-01,2.729845345020294189e-01
3.472018837928771973e-01,3.484240770339965820e-01,1.158522665500640869e-01,1.885524988174438477e-01,-2.348167747259140015e-01,-1.717823892831802368e-01,3.588028550148010254e-01,5.677295923233032227e-01,-1.130186319351196289e-01,-5.724810063838958740e-02,5.605937838554382324e-01,1.000000357627868652e+00,4.470904171466827393e-01,5.881472826004028320e-01,3.500970080494880676e-02,1.024547964334487915e-01,4.496683180332183838e-01,6.100943684577941895e-01,1.173266395926475525e-01,5.872699990868568420e-02,2.880154550075531006e-01,2.957512736320495605e-01,8.021993935108184814e-02,8.907296508550643921e-02,-3.505161404609680176e-02,-1.995500549674034119e-02,1.875480413436889648e-01,1.095193177461624146e-01,3.720257282257080078e-01,5.334203839302062988e-01,3.145510852336883545e-01,3.104992210865020752e-01,2.500794827938079834e-01,2.639180719852447510e-01,2.294562757015228271e-02,1.353083737194538116e-02,7.634654641151428223e-02,1.125889346003532410e-01,1.915947943925857544e-01,4.219862073659896851e-02,2.557609416544437408e-02,6.311115622520446777e-02,-2.318525686860084534e-02,7.421527802944183350e-02,-2.971487119793891907e-02,-5.087387748062610626e-03,-2.429849095642566681e-02,-3.471171855926513672e-02,-9.478406608104705811e-02,-9.844721853733062744e-02,-1.842690557241439819e-01,-2.177346050739288330e-01,-1.971291303634643555e-01,-6.089738383889198303e-02,-1.357005834579467773e-01,5.323439091444015503e-02,1.007937565445899963e-01,2.041493207216262817e-01,2.630800195038318634e-02,-2.553407289087772369e-02,2.676970325410366058e-02,-4.775127395987510681e-02,7.477347552776336670e-02,9.010972827672958374e-02,1.917616464197635651e-02,-2.478273585438728333e-02,1.868557631969451904e-01,1.499914675951004028e-01,-1.627929625101387501e-03,2.110898792743682861e-01,2.555876076221466064e-01,2.656542658805847168e-01,1.180375665426254272e-01,2.627708315849304199e-01,1.500912457704544067e-01,3.536885678768157959e-01,2.891474664211273193e-01,3.379057049751281738e-01,2.925090193748474121e-01,4.644470214843750000e-01,4.533415138721466064e-01,5.827427506446838379e-01,-1.326845139265060425e-01,1.509538143873214722e-01,3.196861743927001953e-01,2.635276317596435547e-01,-3.503661155700683594e-01,-1.264388263225555420e-01,-4.214092716574668884e-02,1.560556441545486450e-01,-1.141569539904594421e-01,-8.230194449424743652e-02,-1.100720018148422241e-01,-1.252151131629943848e-01,2.300558425486087799e-02,1.636755317449569702e-01,-1.920429766178131104e-01,-1.320070922374725342e-01,-8.977185934782028198e-02,3.605015948414802551e-02,5.311713367700576782e-02,5.940064415335655212e-02,1.296950578689575195e-01,1.344245225191116333e-01,2.286604791879653931e-01,1.885481178760528564e-01,2.529460005462169647e-02,1.159018725156784058e-01,-1.592618823051452637e-01,-2.593500614166259766e-01,-3.114026486873626709e-01,-2.376339137554168701e-01,-2.435132116079330444e-01,-6.953590549528598785e-03,1.708532273769378662e-01,1.428688019514083862e-01
1.951767951250076294e-01,1.343634575605392456e-01,3.464922308921813965e-01,2.733120918273925781e-01,1.043121367692947388e-01,-2.511274814605712891e-01,6.070637106895446777e-01,4.712024331092834473e-01,2.371126562356948853e-01,-4.959473758935928345e-02,6.334448456764221191e-01,4.470904171466827393e-01,9.999992847442626953e-01,3.402957916259765625e-01,4.034277796745300293e-01,1.450339406728744507e-01,3.351108431816101074e-01,3.291290700435638428e-01,1.504193097352981567e-01,1.050269231200218201e-01,2.573984265327453613e-01,1.537174433469772339e-01,1.157370284199714661e-01,7.511935196816921234e-03,1.629466116428375244e-01,4.147258028388023376e-02,3.273840844631195068e-01,-3.929476812481880188e-02,5.097609162330627441e-01,4.425307512283325195e-01,3.135788440704345703e-01,2.371279746294021606e-01,9.581546485424041748e-02,5.254416912794113159e-02,1.809283532202243805e-02,-5.642945319414138794e-02,-1.078159827739000320e-02,1.287638545036315918e-01,2.562044262886047363e-01,8.474964648485183716e-02,2.194746136665344238e-01,1.082661673426628113e-01,-2.245227694511413574e-01,-1.648495197296142578e-01,-1.446097940206527710e-01,-9.492105990648269653e-02,-2.219665944576263428e-01,-2.021560370922088623e-01,-1.440512090921401978e-01,-5.411384254693984985e-02,-3.222526609897613525e-01,-2.966951429843902588e-01,-2.781760692596435547e-01,-2.021082937717437744e-01,8.085456490516662598e-02,-2.394378418102860451e-03,9.171997010707855225e-02,5.159892141819000244e-02,-9.541794657707214355e-02,5.917206406593322754e-02,-2.576486766338348389e-02,-3.843850642442703247e-02,3.166056275367736816e-01,1.029364019632339478e-01,-9.635724127292633057e-02,-4.312640056014060974e-03,1.547243818640708923e-02,1.079621259123086929e-02,-4.612714424729347229e-02,2.177202142775058746e-02,1.136178746819496155e-01,1.153299212455749512e-01,2.336309999227523804e-01,1.784722208976745605e-01,3.183129727840423584e-01,2.436650991439819336e-01,3.101875782012939453e-01,2.259738594293594360e-01,6.224266067147254944e-02,1.825124919414520264e-01,3.488896191120147705e-01,3.000494241714477539e-01,3.231139481067657471e-01,3.074874915182590485e-02,2.964905202388763428e-01,1.915152817964553833e-01,-9.886521100997924805e-02,-1.816169172525405884e-01,1.041813269257545471e-01,1.742800027132034302e-01,2.300898730754852295e-01,7.970605045557022095e-02,5.577231198549270630e-02,-5.796481273137032986e-04,3.410017117857933044e-02,1.304129511117935181e-01,-1.145302131772041321e-01,-1.268963664770126343e-01,2.055381089448928833e-01,1.518888920545578003e-01,2.867453917860984802e-02,6.513752043247222900e-02,7.755133509635925293e-02,9.943441301584243774e-02,1.024685129523277283e-01,9.536235779523849487e-02,-6.913281232118606567e-02,-1.522615272551774979e-02,-3.675490245223045349e-02,-2.355961054563522339e-01,-2.926377952098846436e-01,-1.344138830900192261e-01,-7.100585103034973145e-02,-8.040048927068710327e-02,1.435524523258209229e-01,1.040831059217453003e-01
