1.000000238418579102e+00,6.424154043197631836e-01,2.557845711708068848e-01,1.045645624399185181e-01,-1.141635552048683167e-01,-1.364695727825164795e-01,5.263019800186157227e-01,2.323871552944183350e-01,-1.127728074789047241e-01,-1.625014096498489380e-01,4.724882245063781738e-01,2.140292823314666748e-01,2.579703032970428467e-01,-2.777007594704627991e-02,-2.020911723375320435e-01,-1.392331719398498535e-01,3.747444152832031250e-01,5.273479223251342773e-01,6.045879721641540527e-01,5.001072883605957031e-01,-6.331203877925872803e-02,-5.712172761559486389e-02,-1.413164585828781128e-01,-1.344824135303497314e-01,-2.917255163192749023e-01,-3.100211620330810547e-01,-2.302742898464202881e-01,-2.430646270513534546e-01,4.402263760566711426e-01,3.906826674938201904e-01,-2.348593994975090027e-02,-5.770828574895858765e-02,3.611816465854644775e-01,2.981712222099304199e-01,-1.821623295545578003e-01,-1.766861975193023682e-01,4.329943656921386719e-02,5.909179896116256714e-02,5.990098416805267334e-02,5.792339146137237549e-02,7.957497239112854004e-02,4.500149562954902649e-02,2.206714749336242676e-01,1.472280919551849365e-01,2.521067559719085693e-01,1.219741329550743103e-01,1.998377293348312378e-01,1.665148288011550903e-01,6.751085817813873291e-02,1.123673990368843079e-01,2.684797644615173340e-01,4.097401979379355907e-04,1.480660140514373779e-01,1.107632294297218323e-01,1.497943252325057983e-01,1.603786945343017578e-01,6.664250493049621582e-01,5.419963002204895020e-01,6.256927251815795898e-01,5.056186914443969727e-01,4.810751080513000488e-01,2.308662831783294678e-01,4.941743910312652588e-01,4.488687515258789062e-01,-6.911999732255935669e-02,-2.576158642768859863e-01,2.937838733196258545e-01,1.562096327543258667e-01,5.347692966461181641e-01,1.712308228015899658e-01,1.233511641621589661e-01,8.322530239820480347e-02,2.931015789508819580e-01,2.280976474285125732e-01,3.275212645530700684e-01,2.425503730773925781e-01,2.819054126739501953e-01,6.343169510364532471e-02,4.180951416492462158e-02,4.097215235233306885e-01,2.981670498847961426e-01,2.595598995685577393e-01,2.229180000722408295e-02,2.492991536855697632e-01,1.222458109259605408e-01,-7.578882575035095215e-02,-4.752404638566076756e-04,-6.861283630132675171e-02,-9.895488619804382324e-02,-4.734633862972259521e-02,2.353916019201278687e-01,1.906931996345520020e-01,5.018476769328117371e-02,5.083448439836502075e-02,-9.653846174478530884e-02,-8.488611876964569092e-02,1.779144257307052612e-01,2.547316551208496094e-01,3.481895029544830322e-01,3.667477667331695557e-01,1.385360509157180786e-01,2.613250613212585449e-01,3.449362814426422119e-01,3.873853385448455811e-01,7.745579630136489868e-02,-1.671760901808738708e-02,1.493680477142333984e-01,1.378597021102905273e-01,1.776131540536880493e-01,9.666443802416324615e-03,4.946860671043395996e-02,3.051763176918029785e-01,9.975813329219818115e-02,1.609319448471069336e-01,9.428102523088455200e-02,-2.276095189154148102e-02
6.424154043197631836e-01,9.999998211860656738e-01,4.362243786454200745e-02,1.352040469646453857e-01,-8.104323595762252808e-02,-1.102096214890480042e-01,3.516609966754913330e-01,3.046905100345611572e-01,-9.857378154993057251e-02,-1.175758242607116699e-01,2.798835337162017822e-01,3.682290911674499512e-01,7.491625100374221802e-02,1.166746765375137329e-01,-2.681789100170135498e-01,-1.071840599179267883e-01,3.767241835594177246e-01,6.243147253990173340e-01,5.259939432144165039e-01,6.556731462478637695e-01,-4.891885817050933838e-02,-4.861545190215110779e-02,-2.309914976358413696e-01,-1.424107253551483154e-01,-3.540621697902679443e-01,-3.270837664604187012e-01,-1.939185857772827148e-01,-1.944645345211029053e-01,4.252647757530212402e-01,5.195102095603942871e-01,-9.627415798604488373e-03,-1.053145038895308971e-03,4.008692204952239990e-01,4.383155405521392822e-01,-1.773479282855987549e-01,-9.455754607915878296e-02,7.753296941518783569e-02,7.384885102510452271e-02,1.223168596625328064e-01,1.410906016826629639e-01,1.529134809970855713e-01,1.140590459108352661e-01,1.942381560802459717e-01,1.795674860477447510e-01,3.481899797916412354e-01,2.816793620586395264e-01,2.808827161788940430e-01,2.314888238906860352e-01,2.059476375579833984e-01,1.579697877168655396e-01,2.925261855125427246e-01,1.528126001358032227e-02,2.272137105464935303e-01,2.001397013664245605e-01,1.953284293413162231e-01,2.556812465190887451e-01,6.082747578620910645e-01,7.266094684600830078e-01,4.955615699291229248e-01,5.455363988876342773e-01,3.611847460269927979e-01,3.301608264446258545e-01,4.829645156860351562e-01,5.689288973808288574e-01,-2.306313216686248779e-01,-1.208938509225845337e-01,2.782351672649383545e-01,2.541592419147491455e-01,5.702027082443237305e-01,3.210554122924804688e-01,9.561251103878021240e-02,9.540616720914840698e-02,2.747859656810760498e-01,2.613008618354797363e-01,2.887741327285766602e-01,2.732883691787719727e-01,2.504487633705139160e-01,1.618594974279403687e-01,2.028087079524993896e-01,4.859059154987335205e-01,3.810691237449645996e-01,4.338117837905883789e-01,-5.434464290738105774e-02,3.151432871818542480e-01,7.317070662975311279e-02,6.536978483200073242e-02,-5.939108133316040039e-02,-1.148268207907676697e-01,-1.659891903400421143e-01,-1.289541721343994141e-01,1.803854703903198242e-01,1.609506011009216309e-01,-2.415959537029266357e-02,-7.262197881937026978e-02,-8.803927153348922729e-02,-8.021295815706253052e-02,2.164900004863739014e-01,2.681666314601898193e-01,4.308675229549407959e-01,3.790305852890014648e-01,1.331925243139266968e-01,2.953841686248779297e-01,2.893024086952209473e-01,3.964019715785980225e-01,8.289065212011337280e-02,6.385590136051177979e-02,8.688864111900329590e-02,1.234168335795402527e-01,1.058146134018898010e-01,5.504218861460685730e-02,7.891500741243362427e-02,3.674139380455017090e-01,1.633450090885162354e-01,1.575698405504226685e-01,1.156721636652946472e-01,-1.393723580986261368e-02
2.557845711708068848e-01,4.362243786454200745e-02,1.000000119209289551e+00,3.206853568553924561e-01,-5.529116466641426086e-02,-9.647683054208755493e-02,4.217366874217987061e-01,-2.755424939095973969e-02,-1.231927275657653809e-01,-1.457337439060211182e-01,1.599281728267669678e-01,-1.697156578302383423e-01,2.618264853954315186e-01,-9.069875627756118774e-02,1.008180081844329834e-01,-5.027787014842033386e-02,-2.260562926530838013e-01,-1.563565880060195923e-01,3.439832627773284912e-01,6.230010092258453369e-02,5.818416923284530640e-02,-4.730530455708503723e-02,5.528168082237243652e-01,2.473244369029998779e-01,2.179483473300933838e-01,9.548489004373550415e-02,-2.991348505020141602e-02,-1.285838633775711060e-01,-9.335398674011230469e-02,-1.389940381050109863e-01,2.217736393213272095e-01,1.101037263870239258e-01,7.614693045616149902e-02,-3.885233402252197266e-02,1.783487200736999512e-01,2.347281761467456818e-02,6.540114060044288635e-03,-7.260772865265607834e-03,2.257774956524372101e-02,8.709723129868507385e-03,-2.449924647808074951e-01,-1.764671951532363892e-01,1.817338541150093079e-02,4.280349984765052795e-02,2.905142493546009064e-03,-7.680473476648330688e-02,2.751431800425052643e-02,4.384730011224746704e-03,4.903169721364974976e-02,1.641478091478347778e-01,1.267432123422622681e-01,9.187892079353332520e-02,7.021405547857284546e-02,8.780433237552642822e-02,7.344637811183929443e-02,-8.264228701591491699e-03,4.709872975945472717e-02,4.559908062219619751e-02,1.620749086141586304e-01,-3.615544363856315613e-02,1.306653916835784912e-01,-1.211974546313285828e-01,-2.407199591398239136e-01,-2.560417950153350830e-01,5.157454013824462891e-01,7.503031194210052490e-02,1.378120630979537964e-01,-1.031088829040527344e-01,5.310683324933052063e-02,2.856803126633167267e-02,-2.049718610942363739e-02,-9.584088623523712158e-02,-9.197391569614410400e-02,-7.633768767118453979e-02,-1.839756406843662262e-02,-1.085762232542037964e-01,-8.323669433593750000e-03,-1.378897428512573242e-01,-1.730853170156478882e-01,1.027695741504430771e-02,-2.030030488967895508e-01,-1.463678032159805298e-01,1.749248802661895752e-02,-1.480994075536727905e-01,9.525933861732482910e-02,-1.794231981039047241e-01,1.625797301530838013e-01,1.895757615566253662e-01,3.604131937026977539e-01,2.017548829317092896e-01,-2.128115296363830566e-02,-2.702065929770469666e-02,-9.455307386815547943e-03,2.282027006149291992e-01,-5.268302932381629944e-02,-8.830241113901138306e-02,7.432562112808227539e-02,3.637113794684410095e-02,-1.552593149244785309e-02,-2.598255872726440430e-02,1.628683693706989288e-02,-3.835981339216232300e-02,3.451371192932128906e-02,-1.295869648456573486e-01,-7.821691781282424927e-02,-1.145142987370491028e-01,1.373087465763092041e-01,2.258339710533618927e-02,1.301242411136627197e-01,-7.177341729402542114e-03,2.007044851779937744e-03,-2.071624994277954102e-02,-9.579300880432128906e-03,-1.324120163917541504e-02,-2.294882014393806458e-02,-5.221204832196235657e-02
1.045645624399185181e-01,1.352040469646453857e-01,3.206853568553924561e-01,9.999998211860656738e-01,-2.090075612068176270e-01,5.958636477589607239e-02,2.459176033735275269e-01,5.618562698364257812e-01,-2.475606352090835571e-01,7.563561201095581055e-02,3.784730657935142517e-02,3.200764060020446777e-01,1.724649667739868164e-01,3.022643327713012695e-01,-1.225887984037399292e-01,1.486304253339767456e-01,-2.730535268783569336e-01,-1.140872240066528320e-01,9.104192256927490234e-02,2.373864650726318359e-01,-1.041239202022552490e-01,-3.394763544201850891e-02,3.995425403118133545e-01,6.406382322311401367e-01,7.999172061681747437e-02,2.123862802982330322e-01,-7.402698695659637451e-02,-6.681469082832336426e-02,-1.933419257402420044e-01,-4.913773387670516968e-02,1.811484396457672119e-01,4.276662468910217285e-01,-9.748006612062454224e-02,6.070213764905929565e-02,1.115189772099256516e-02,6.406565755605697632e-02,-1.149981468915939331e-01,-2.086499519646167755e-02,-8.517654240131378174e-02,2.822297066450119019e-02,-1.428108364343643188e-01,-1.277176737785339355e-01,-5.845755338668823242e-02,-5.174021795392036438e-02,-8.480821549892425537e-02,-8.961670100688934326e-02,-5.479288101196289062e-02,-1.236857622861862183e-01,1.015433389693498611e-02,9.586013108491897583e-02,5.849001556634902954e-02,7.122735679149627686e-02,-3.330785036087036133e-02,-7.567567378282546997e-02,-9.442993998527526855e-02,-7.750716805458068848e-02,-2.754882536828517914e-02,-2.447128528729081154e-03,1.021435260772705078e-01,1.864314824342727661e-01,-1.803909894078969955e-03,1.754207909107208252e-01,-2.571665644645690918e-01,-1.258469074964523315e-01,1.861075758934020996e-01,4.552841484546661377e-01,1.475201696157455444e-01,1.917468458414077759e-01,-2.098461985588073730e-02,2.871531620621681213e-02,-1.646450459957122803e-01,-6.648097187280654907e-02,-1.660848557949066162e-01,-8.572061359882354736e-02,-1.032023504376411438e-01,-4.330317303538322449e-02,-7.918536663055419922e-02,-1.345815509557723999e-01,-2.621132731437683105e-01,9.455760009586811066e-03,-2.907276451587677002e-01,-9.164604544639587402e-02,-5.853325501084327698e-02,-1.549675222486257553e-02,-1.245690286159515381e-01,1.347869634628295898e-01,-8.710673078894615173e-03,1.245127022266387939e-01,8.937134593725204468e-02,3.055180311203002930e-01,-5.812671035528182983e-02,-1.009452119469642639e-01,2.153865694999694824e-01,3.475099802017211914e-02,-1.846736520528793335e-01,-1.545072793960571289e-01,-1.289789080619812012e-01,-6.306296586990356445e-02,-1.505464017391204834e-01,-1.859840452671051025e-01,1.931602135300636292e-02,5.192292854189872742e-02,-3.804297372698783875e-02,-2.032456733286380768e-02,-1.033143103122711182e-01,-1.634439527988433838e-01,1.679720431566238403e-01,5.484605953097343445e-02,1.027850992977619171e-02,-8.555476367473602295e-02,-8.237294107675552368e-02,-1.511788815259933472e-01,-1.234312430024147034e-01,-3.063910268247127533e-02,-5.212343111634254456e-02,-1.406575888395309448e-01
-1.141635552048683167e-01,-8.104323595762252808e-02,-5.529116466641426086e-02,-2.090075612068176270e-01,9.999994039535522461e-01,4.229535758495330811e-01,4.346277564764022827e-02,-5.860407650470733643e-02,6.235703229904174805e-01,2.955821156501770020e-01,1.474814862012863159e-02,-5.533479154109954834e-02,6.148854643106460571e-02,-4.409347474575042725e-02,3.965644836425781250e-01,8.061233162879943848e-02,-3.479332104325294495e-02,9.255083650350570679e-02,-1.198848113417625427e-01,-5.079220607876777649e-02,2.640731930732727051e-01,2.556813061237335205e-01,8.092173375189304352e-03,1.115044392645359039e-02,1.455096900463104248e-01,1.929922550916671753e-01,3.305653631687164307e-01,3.613349199295043945e-01,1.121740862727165222e-01,4.438244551420211792e-02,2.074716538190841675e-01,7.252249866724014282e-02,9.965287148952484131e-02,7.569389790296554565e-02,1.337546855211257935e-01,7.184247672557830811e-02,5.977876111865043640e-02,-8.881504088640213013e-02,1.408313512802124023e-01,1.241464540362358093e-02,1.153276562690734863e-01,4.803206399083137512e-02,-9.155612438917160034e-02,3.166961250826716423e-03,-8.750277571380138397e-03,5.400247871875762939e-02,-6.921088695526123047e-02,-1.025229319930076599e-02,-1.177821978926658630e-01,-1.042361333966255188e-01,-3.766132518649101257e-02,-3.375136852264404297e-02,-2.448387816548347473e-02,9.964161552488803864e-03,1.424163579940795898e-01,-1.123317051678895950e-02,-3.789754211902618408e-02,3.580832481384277344e-02,7.147755473852157593e-02,1.690027676522731781e-02,2.008366733789443970e-01,1.393046379089355469e-01,-1.240899879485368729e-02,4.492273181676864624e-02,4.427682980895042419e-02,4.494162276387214661e-03,1.308715641498565674e-01,1.167797967791557312e-01,-9.047694504261016846e-02,4.546863585710525513e-02,-5.253715068101882935e-02,-6.986376643180847168e-02,-8.811586350202560425e-02,-1.316343396902084351e-01,-1.771382838487625122e-01,-1.910104304552078247e-01,-1.029499024152755737e-01,-1.342214178293943405e-03,6.441771239042282104e-02,-2.897236729040741920e-03,2.393153496086597443e-02,4.812442511320114136e-02,2.243226468563079834e-01,-6.761849671602249146e-02,8.761671930551528931e-02,1.090392097830772400e-02,5.195543635636568069e-03,-7.002326101064682007e-02,1.848053038120269775e-01,-8.988027460873126984e-03,-3.978402540087699890e-02,-1.653398573398590088e-01,-1.329195406287908554e-02,1.510736905038356781e-02,1.496260166168212891e-01,1.536967307329177856e-01,1.491951197385787964e-01,6.737427413463592529e-02,1.063069142401218414e-02,-6.553702056407928467e-03,1.614406406879425049e-01,-1.189703121781349182e-01,8.272881805896759033e-02,-1.621501892805099487e-01,2.893319427967071533e-01,2.607969343662261963e-01,-3.623980656266212463e-02,-1.750884205102920532e-01,-4.089375212788581848e-02,2.647188864648342133e-02,-9.321989864110946655e-02,9.374958276748657227e-02,1.161521300673484802e-01,9.369942545890808105e-02,1.834226250648498535e-01,2.365864664316177368e-01
-1.364695727825164795e-01,-1.102096214890480042e-01,-9.647683054208755493e-02,5.958636477589607239e-02,4.229535758495330811e-01,1.000000476837158203e+00,-1.925646960735321045e-01,1.362550705671310425e-01,5.247089266777038574e-01,6.445537209510803223e-01,-1.714290976524353027e-01,1.161211282014846802e-01,-6.527635455131530762e-02,2.975897490978240967e-01,3.640578985214233398e-01,4.794824123382568359e-01,-2.351326644420623779e-01,-9.147880226373672485e-02,-2.335352152585983276e-01,-1.426421701908111572e-01,2.333950251340866089e-01,3.979778289794921875e-01,9.449779987335205078e-03,1.430067270994186401e-01,2.227589339017868042e-01,5.113340616226196289e-01,4.894781112670898438e-01,6.187980175018310547e-01,-1.586352884769439697e-01,5.918964743614196777e-02,3.880774229764938354e-02,1.554797738790512085e-01,-1.719422638416290283e-01,-6.194641068577766418e-02,1.027526557445526123e-01,1.269667744636535645e-01,2.690940164029598236e-02,8.247416466474533081e-02,7.851263880729675293e-02,9.852817654609680176e-02,6.441934965550899506e-03,3.792603313922882080e-02,-1.002713292837142944e-01,-1.105998307466506958e-01,-1.053246930241584778e-01,-7.188613712787628174e-02,-1.619688868522644043e-01,-1.552954018115997314e-01,-1.636352092027664185e-01,9.823403321206569672e-03,-1.127529293298721313e-01,-1.548565365374088287e-02,-1.064245253801345825e-01,-6.640869379043579102e-02,6.494154781103134155e-02,-4.563006013631820679e-02,-1.109941750764846802e-01,-8.333849906921386719e-02,3.104720450937747955e-02,9.847526997327804565e-02,4.168074112385511398e-03,4.147129505872726440e-02,-1.548461616039276123e-01,-1.005002334713935852e-01,-4.120555520057678223e-02,7.794829457998275757e-02,-1.789569854736328125e-02,5.417702347040176392e-02,-1.566174477338790894e-01,1.805272512137889862e-02,-1.723279803991317749e-02,4.590632393956184387e-02,-1.042127683758735657e-01,-2.768938802182674408e-02,-1.315637379884719849e-01,-1.171721816062927246e-01,-1.440592557191848755e-01,-3.899894282221794128e-02,-7.054276764392852783e-02,-1.033013984560966492e-01,-1.117213293910026550e-01,-4.189036786556243896e-02,1.152946203947067261e-01,4.028235003352165222e-02,-8.343853801488876343e-02,-2.591679431498050690e-02,2.437781542539596558e-02,1.893638521432876587e-01,1.534761041402816772e-01,1.943568736314773560e-01,2.130832895636558533e-02,2.628138288855552673e-03,2.047992646694183350e-01,1.542400717735290527e-01,3.640058916062116623e-03,4.923688247799873352e-02,-1.263592205941677094e-02,-8.837478607892990112e-02,-6.749510020017623901e-02,-5.558006092905998230e-02,4.498025029897689819e-02,-5.381990224123001099e-02,-6.970407813787460327e-02,-2.000769227743148804e-01,1.172439604997634888e-01,1.053656414151191711e-01,3.688586130738258362e-02,-1.757462173700332642e-01,-4.035064950585365295e-02,5.026575177907943726e-03,-5.691652186214923859e-03,6.547423452138900757e-02,5.725275725126266479e-02,-1.584753580391407013e-02,1.238945946097373962e-01,1.579834669828414917e-01
5.263019800186157227e-01,3.516609966754913330e-01,4.217366874217987061e-01,2.459176033735275269e-01,4.346277564764022827e-02,-1.925646960735321045e-01,9.999994039535522461e-01,3.694926202297210693e-01,-7.311829179525375366e-02,-1.747159957885742188e-01,4.191812872886657715e-01,1.087455376982688904e-01,3.583812713623046875e-01,-5.263587459921836853e-02,-2.538003921508789062e-01,-2.011054605245590210e-01,1.135825514793395996e-01,3.251532614231109619e-01,4.756678938865661621e-01,3.557151556015014648e-01,-1.453971117734909058e-01,-1.495642066001892090e-01,2.546843327581882477e-02,1.825876533985137939e-02,-3.287364542484283447e-01,-3.153316378593444824e-01,-4.231875538825988770e-01,-3.957385122776031494e-01,2.302964776754379272e-01,1.964044868946075439e-01,1.378045827150344849e-01,9.748719632625579834e-02,2.993113398551940918e-01,2.312983572483062744e-01,-1.305814087390899658e-01,-1.082069873809814453e-01,-4.283157736063003540e-02,-1.083726286888122559e-01,-7.625146955251693726e-02,-7.829199731349945068e-02,6.521281599998474121e-02,-3.480288386344909668e-02,8.533908426761627197e-02,8.408445119857788086e-02,1.639501899480819702e-01,9.214711934328079224e-02,9.063436836004257202e-02,5.685224011540412903e-02,1.866395398974418640e-02,-1.109402440488338470e-02,1.634721606969833374e-01,-3.616152331233024597e-03,6.369283795356750488e-02,1.300627440214157104e-01,-3.952202573418617249e-02,-1.384064555168151855e-02,2.916580736637115479e-01,2.386879622936248779e-01,3.857665061950683594e-01,2.882389128208160400e-01,3.253948390483856201e-01,2.901957631111145020e-01,2.266296148300170898e-01,3.283226788043975830e-01,1.607473343610763550e-01,2.815948054194450378e-02,2.814000546932220459e-01,1.663909107446670532e-01,2.702974677085876465e-01,4.067449271678924561e-02,-1.021133810281753540e-01,-1.508744657039642334e-01,1.870667748153209686e-02,-2.249226905405521393e-02,1.562904939055442810e-02,-4.299524053931236267e-02,1.058117076754570007e-01,-5.592906475067138672e-02,-1.389123797416687012e-01,2.953047454357147217e-01,3.614395484328269958e-02,1.984006464481353760e-01,-6.404805183410644531e-02,1.345919519662857056e-01,9.519015997648239136e-02,-1.207585725933313370e-02,-3.637031838297843933e-02,-6.244891509413719177e-02,-1.529357582330703735e-02,1.776164397597312927e-02,1.274123042821884155e-01,2.447178214788436890e-02,3.988435026258230209e-03,6.895784288644790649e-02,-7.248128205537796021e-02,-6.090720370411872864e-02,9.176447242498397827e-02,1.339325159788131714e-01,1.021379679441452026e-01,1.210474222898483276e-01,1.298368275165557861e-01,1.156746968626976013e-01,2.563510537147521973e-01,2.024601995944976807e-01,5.042798817157745361e-02,-3.358998894691467285e-02,1.855701059103012085e-01,1.562924832105636597e-01,7.862557470798492432e-02,-6.717854738235473633e-02,-7.616091519594192505e-02,5.313706398010253906e-02,-1.072170771658420563e-02,1.170909628272056580e-01,5.290561355650424957e-03,-1.319787651300430298e-02
2.323871552944183350e-01,3.046905100345611572e-01,-2.755424939095973969e-02,5.618562698364257812e-01,-5.860407650470733643e-02,1.362550705671310425e-01,3.694926202297210693e-01,1.000000476837158203e+00,-1.550113260746002197e-01,1.541536599397659302e-01,1.467775553464889526e-01,5.178713798522949219e-01,1.579677462577819824e-01,4.179305434226989746e-01,-3.087962865829467773e-01,1.988328397274017334e-01,-1.126119028776884079e-02,2.485598325729370117e-01,1.136081218719482422e-01,3.065413236618041992e-01,-1.839275360107421875e-01,-4.383383691310882568e-02,8.082053624093532562e-03,3.857128918170928955e-01,-2.292612791061401367e-01,-2.876141481101512909e-02,-2.523142099380493164e-01,-1.552091985940933228e-01,7.111752033233642578e-02,3.287199735641479492e-01,1.684399670921266079e-03,2.763110995292663574e-01,4.590390622615814209e-02,2.841787040233612061e-01,-1.786879152059555054e-01,-2.382359094917774200e-02,-7.337736338376998901e-02,3.941009286791086197e-03,-8.112567663192749023e-02,4.276508465409278870e-02,4.336147755384445190e-02,1.924757659435272217e-02,-7.367569208145141602e-02,-6.042528524994850159e-02,-1.727442629635334015e-02,4.997991025447845459e-03,-2.828151173889636993e-02,-4.964586719870567322e-02,-6.185518950223922729e-02,-3.819655999541282654e-02,-2.124666795134544373e-02,-1.679455786943435669e-01,-1.156217232346534729e-01,-1.499951630830764771e-01,-1.595842838287353516e-01,-1.150271296501159668e-01,8.617687970399856567e-02,8.866257220506668091e-02,1.355625540018081665e-01,3.508505821228027344e-01,2.105852365493774414e-01,5.405843853950500488e-01,8.465592563152313232e-02,2.462881952524185181e-01,-1.157612055540084839e-01,3.151738345623016357e-01,2.801312692463397980e-02,1.836871355772018433e-01,1.532956026494503021e-02,-4.590469878166913986e-03,-7.869955152273178101e-02,4.737379774451255798e-02,-1.854998990893363953e-02,1.543732881546020508e-01,-7.377921137958765030e-03,1.095440760254859924e-01,1.848920248448848724e-02,-1.205644197762012482e-02,-1.362272202968597412e-01,1.829320490360260010e-01,-4.670018702745437622e-02,1.147222816944122314e-01,-8.255324512720108032e-02,1.769136786460876465e-01,-1.537166684865951538e-01,1.226273402571678162e-01,-1.505502313375473022e-01,2.321374788880348206e-02,-1.831351667642593384e-01,1.252438724040985107e-01,-7.784914970397949219e-02,-1.225527226924896240e-01,8.381199836730957031e-02,-1.267653554677963257e-01,-1.946275085210800171e-01,-1.529153436422348022e-01,-9.761033207178115845e-02,-2.282602526247501373e-02,-1.176585778594017029e-01,-9.725488722324371338e-02,-5.676056444644927979e-02,1.098992675542831421e-01,-4.135050252079963684e-02,1.413638442754745483e-01,-9.026918560266494751e-02,-8.735134452581405640e-02,1.378938704729080200e-01,8.927924185991287231e-02,-4.646654054522514343e-02,-1.048756912350654602e-01,-1.265068501234054565e-01,-3.430316969752311707e-02,-9.097719192504882812e-02,-4.926123097538948059e-02,-2.987907081842422485e-02,-6.146984547376632690e-02
-1.127728074789047241e-01,-9.857378154993057251e-02,-1.231927275657653809e-01,-2.475606352090835571e-01,6.235703229904174805e-01,5.247089266777038574e-01,-7.311829179525375366e-02,-1.550113260746002197e-01,1.000000238418579102e+00,3.700254857540130615e-01,-2.675540931522846222e-02,-1.469040568917989731e-02,3.159236535429954529e-02,1.089458912611007690e-02,5.179321169853210449e-01,1.488385796546936035e-01,-5.928942561149597168e-02,6.414158642292022705e-02,-1.652685701847076416e-01,-1.476883143186569214e-01,3.250131011009216309e-01,3.157204687595367432e-01,-1.259383857250213623e-01,-1.126215457916259766e-01,1.328326761722564697e-01,2.059957534074783325e-01,3.992559313774108887e-01,4.238882958889007568e-01,-6.147741805762052536e-04,8.929298073053359985e-02,8.382856845855712891e-02,2.849017502740025520e-03,1.329289376735687256e-02,-4.143062233924865723e-02,2.947427332401275635e-02,-2.612126246094703674e-02,1.240319758653640747e-01,-3.701898083090782166e-02,1.693360805511474609e-01,1.862703077495098114e-02,1.670662909746170044e-01,5.177221074700355530e-02,-3.378210961818695068e-02,1.582932472229003906e-02,1.814472256228327751e-03,3.006489388644695282e-02,-8.854987472295761108e-02,-3.738914057612419128e-02,-1.101610660552978516e-01,-4.848916456103324890e-02,-3.673251718282699585e-02,6.684026122093200684e-02,-1.393032167106866837e-02,3.404936939477920532e-02,9.011852741241455078e-02,-2.413883619010448456e-02,-2.165159769356250763e-02,4.889497533440589905e-03,6.422845274209976196e-02,4.603185690939426422e-03,1.132655367255210876e-01,1.819075644016265869e-02,3.712684661149978638e-02,6.180465593934059143e-02,-4.378201439976692200e-03,-9.964973479509353638e-02,5.609753727912902832e-02,5.306502804160118103e-02,-3.098327293992042542e-02,6.113189086318016052e-02,-1.014886647462844849e-01,-1.002530083060264587e-01,-7.631350308656692505e-02,-8.127894252538681030e-02,-1.034114062786102295e-01,-1.383748501539230347e-01,-1.009631976485252380e-01,6.867970526218414307e-02,9.922670572996139526e-02,-3.451143950223922729e-02,3.955728188157081604e-02,8.138304203748703003e-02,2.563211917877197266e-01,2.968191355466842651e-02,7.518990337848663330e-02,1.732865720987319946e-02,8.864670246839523315e-02,-4.101201891899108887e-02,1.725622564554214478e-01,-3.265471383929252625e-02,1.592689566314220428e-02,-2.609432861208915710e-02,8.521471172571182251e-03,4.358243942260742188e-02,1.534506380558013916e-01,1.498489528894424438e-01,1.099227219820022583e-01,5.211915820837020874e-02,1.545390021055936813e-02,5.253724753856658936e-02,2.063736319541931152e-02,-1.305891722440719604e-01,-4.161291755735874176e-03,-1.540382355451583862e-01,2.204588949680328369e-01,2.141257524490356445e-01,-6.976101547479629517e-02,-1.449101865291595459e-01,-6.271190941333770752e-02,-2.551837824285030365e-02,-4.271180927753448486e-02,9.914436936378479004e-02,9.594716876745223999e-02,6.179317086935043335e-02,1.729387044906616211e-01,2.394736707210540771e-01
-1.625014096498489380e-01,-1.175758242607116699e-01,-1.457337439060211182e-01,7.563561201095581055e-02,2.955821156501770020e-01,6.445537209510803223e-01,-1.747159957885742188e-01,1.541536599397659302e-01,3.700254857540130615e-01,1.000000476837158203e+00,-4.569450020790100098e-02,1.899928003549575806e-01,2.238260209560394287e-02,4.612812697887420654e-01,3.946709632873535156e-01,6.606926321983337402e-01,-1.117946207523345947e-01,-1.793405786156654358e-02,-1.829096078872680664e-01,-4.646850004792213440e-02,2.522725164890289307e-01,4.328599572181701660e-01,-8.494674228131771088e-03,1.804545819759368896e-01,2.572010755538940430e-01,5.359194874763488770e-01,3.946135342121124268e-01,5.550596714019775391e-01,-7.285788655281066895e-02,1.290331333875656128e-01,1.647081077098846436e-01,2.497659027576446533e-01,-6.950081884860992432e-02,-1.108323922380805016e-03,3.383782133460044861e-02,1.003173366189002991e-01,5.163929983973503113e-02,8.250869810581207275e-02,7.058648020029067993e-02,7.499365508556365967e-02,7.999550551176071167e-02,1.244127824902534485e-01,-8.694790303707122803e-02,-3.989335149526596069e-02,-8.219572156667709351e-02,-2.019290812313556671e-03,-1.124184280633926392e-01,-1.022749096155166626e-01,-8.138597756624221802e-02,-2.838208898901939392e-02,-6.488393247127532959e-02,3.397981077432632446e-02,-7.945714890956878662e-02,-7.602358609437942505e-02,6.152031198143959045e-02,-3.114782087504863739e-02,-1.880798041820526123e-01,-1.167143210768699646e-01,-4.179618507623672485e-02,-9.128508158028125763e-03,5.510561168193817139e-03,7.445578277111053467e-02,-8.590862154960632324e-02,-4.664306715130805969e-02,1.930935867130756378e-02,1.000778079032897949e-01,4.724590480327606201e-02,1.009837239980697632e-01,-1.697839498519897461e-01,-3.226782381534576416e-02,4.056378826498985291e-02,9.347940981388092041e-02,-7.261971384286880493e-02,1.194070465862751007e-02,-1.042966991662979126e-01,-9.272915869951248169e-02,-1.300243884325027466e-01,-6.156114116311073303e-02,-4.783149808645248413e-02,-1.234634816646575928e-01,-1.199533268809318542e-01,-6.842860579490661621e-02,1.320997774600982666e-01,1.650758534669876099e-01,-3.371175751090049744e-02,6.250894069671630859e-02,9.048844128847122192e-02,3.251186311244964600e-01,1.436778455972671509e-01,1.256233006715774536e-01,1.728888228535652161e-02,-6.464992463588714600e-02,1.442977935075759888e-01,3.127592056989669800e-02,-7.126319408416748047e-02,-6.890770792961120605e-02,-1.437665615230798721e-02,-1.790187954902648926e-01,-6.635926663875579834e-02,-9.429687261581420898e-02,3.457008302211761475e-02,-1.186695843935012817e-01,-7.906066626310348511e-02,-1.946277171373367310e-01,1.284332275390625000e-01,8.137597888708114624e-02,-9.255540557205677032e-03,-1.516583412885665894e-01,-9.585481137037277222e-02,-9.337558597326278687e-02,-4.118547961115837097e-02,4.988843202590942383e-02,1.285578757524490356e-01,8.649627678096294403e-03,1.045416370034217834e-01,1.024276092648506165e-01
4.724882245063781738e-01,2.798835337162017822e-01,1.599281728267669678e-01,3.784730657935142517e-02,1.474814862012863159e-02,-1.714290976524353027e-01,4.191812872886657715e-01,1.467775553464889526e-01,-2.675540931522846222e-02,-4.569450020790100098e-02,1.000000119209289551e+00,3.274653851985931396e-01,6.473644971847534180e-01,1.517460346221923828e-01,1.371504366397857666e-01,-4.303189925849437714e-03,3.318873047828674316e-01,3.894695937633514404e-01,4.626551270484924316e-01,2.909973263740539551e-01,1.580822467803955078e-02,4.016010090708732605e-02,1.818608120083808899e-02,7.497278600931167603e-02,-1.238636672496795654e-01,-1.679162681102752686e-01,-1.413932740688323975e-01,-1.391735970973968506e-01,4.677784442901611328e-01,2.973774373531341553e-01,2.758157849311828613e-01,2.011224627494812012e-01,2.570396661758422852e-01,2.378693073987960815e-01,-1.380965262651443481e-01,-1.687460541725158691e-01,5.588918179273605347e-02,2.177540585398674011e-02,1.935259103775024414e-01,1.365837007761001587e-01,2.331303358078002930e-01,1.335089355707168579e-01,1.270793378353118896e-01,2.946873605251312256e-01,1.596043109893798828e-01,2.142859846353530884e-01,1.650153696537017822e-01,2.550959587097167969e-01,1.457775831222534180e-01,9.344283491373062134e-02,2.453806847333908081e-01,2.418446913361549377e-02,1.826535016298294067e-01,9.930423647165298462e-02,2.655289173126220703e-01,1.693167835474014282e-01,2.258241027593612671e-01,2.300033718347549438e-01,2.748471200466156006e-01,1.222232729196548462e-01,2.168934196233749390e-01,9.794512391090393066e-02,3.041751384735107422e-01,3.041111826896667480e-01,1.500769853591918945e-01,-1.675423532724380493e-01,2.108713090419769287e-01,9.401675313711166382e-02,2.259881198406219482e-01,6.298641860485076904e-02,1.439649909734725952e-01,-3.257001750171184540e-03,2.051146030426025391e-01,8.669152110815048218e-02,2.087152749300003052e-01,1.272120028734207153e-01,1.568545848131179810e-01,-7.335232943296432495e-02,3.337895497679710388e-02,3.203996419906616211e-01,2.640884816646575928e-01,2.954452633857727051e-01,3.630811572074890137e-01,2.969878315925598145e-01,4.001274108886718750e-01,1.540565341711044312e-01,2.758964598178863525e-01,8.028075844049453735e-02,1.352376192808151245e-01,-2.511283196508884430e-02,1.063708811998367310e-01,-6.642875820398330688e-02,2.552161738276481628e-02,-1.451529562473297119e-01,-4.199977964162826538e-03,-4.566605389118194580e-02,2.455436736345291138e-01,1.422884017229080200e-01,1.686606854200363159e-01,1.212693452835083008e-01,2.014580518007278442e-01,-1.003083772957324982e-02,2.532666325569152832e-01,1.279683411121368408e-01,1.947277188301086426e-01,8.169468492269515991e-02,7.077633589506149292e-02,4.856773838400840759e-02,1.350357979536056519e-01,6.496728956699371338e-02,-5.502460896968841553e-02,1.375505179166793823e-01,3.140527009963989258e-02,8.899120241403579712e-02,1.516028791666030884e-01,4.901309683918952942e-02
2.140292823314666748e-01,3.682290911674499512e-01,-1.697156578302383423e-01,3.200764060020446777e-01,-5.533479154109954834e-02,1.161211282014846802e-01,1.087455376982688904e-01,5.178713798522949219e-01,-1.469040568917989731e-02,1.899928003549575806e-01,3.274653851985931396e-01,1.000000238418579102e+00,3.397535383701324463e-01,6.034187674522399902e-01,-7.071615755558013916e-02,2.681384384632110596e-01,8.047080785036087036e-02,2.962745726108551025e-01,1.310809105634689331e-01,3.700877428054809570e-01,-1.496963575482368469e-02,1.214661225676536560e-01,-1.141349002718925476e-01,2.090785801410675049e-01,-1.573683917522430420e-01,-3.437630459666252136e-02,-8.629266917705535889e-02,-2.735408488661050797e-03,1.886956095695495605e-01,4.240988790988922119e-01,9.728774428367614746e-03,1.766134202480316162e-01,2.747297100722789764e-02,2.527285814285278320e-01,-1.571761220693588257e-01,-3.703316673636436462e-02,1.186105757951736450e-01,1.779536604881286621e-01,1.321629732847213745e-01,2.026134729385375977e-01,1.559966951608657837e-01,1.291099190711975098e-01,2.306133881211280823e-02,8.495587855577468872e-02,6.904777139425277710e-02,1.289590895175933838e-01,7.995503395795822144e-02,5.317175760865211487e-02,1.385421454906463623e-01,9.572929143905639648e-02,1.466736644506454468e-01,-7.569590210914611816e-02,9.571872651576995850e-02,-5.002185329794883728e-02,1.519640684127807617e-01,1.415072083473205566e-01,1.122705787420272827e-01,1.239286735653877258e-01,1.332727819681167603e-01,2.644243240356445312e-01,1.593013256788253784e-01,3.123800754547119141e-01,1.467882841825485229e-01,2.209418714046478271e-01,-1.400116086006164551e-01,1.732800155878067017e-01,-2.937301993370056152e-03,1.081624776124954224e-01,9.764390438795089722e-02,8.928274363279342651e-02,5.615931749343872070e-02,1.341031789779663086e-01,8.102574199438095093e-02,2.182713598012924194e-01,7.580440491437911987e-02,2.192630618810653687e-01,2.276187762618064880e-02,1.036314591765403748e-01,1.413083523511886597e-01,1.238264590501785278e-01,1.974163353443145752e-01,2.594034075736999512e-01,1.122817099094390869e-01,2.963699996471405029e-01,1.484865695238113403e-01,2.898710072040557861e-01,1.006477233022451401e-02,7.012138515710830688e-02,-1.167490780353546143e-01,1.159737706184387207e-01,5.261437967419624329e-02,-5.930247157812118530e-02,1.195641383528709412e-01,-2.154049277305603027e-01,-6.786094605922698975e-02,-3.761034831404685974e-02,7.498785108327865601e-02,-6.782471900805830956e-04,9.339300543069839478e-02,-2.209151629358530045e-03,1.166442558169364929e-01,4.706741869449615479e-02,3.832658380270004272e-02,6.111714988946914673e-02,5.053338408470153809e-02,4.027983918786048889e-02,6.617449969053268433e-02,3.953224793076515198e-02,7.656253129243850708e-02,5.445682257413864136e-02,-8.716019243001937866e-02,1.489815264940261841e-01,9.857963025569915771e-02,1.514728553593158722e-02,1.386420875787734985e-01,6.142506375908851624e-02
2.579703032970428467e-01,7.491625100374221802e-02,2.618264853954315186e-01,1.724649667739868164e-01,6.148854643106460571e-02,-6.527635455131530762e-02,3.583812713623046875e-01,1.579677462577819824e-01,3.159236535429954529e-02,2.238260209560394287e-02,6.473644971847534180e-01,3.397535383701324463e-01,9.999994635581970215e-01,3.041619658470153809e-01,2.823415100574493408e-01,1.632353514432907104e-01,-2.518409304320812225e-02,1.163849234580993652e-01,2.447688877582550049e-01,1.491740942001342773e-01,6.988013535737991333e-02,1.378329396247863770e-01,2.422228902578353882e-01,2.370372861623764038e-01,9.268695116043090820e-02,1.849927566945552826e-02,-7.004301995038986206e-03,-1.042499113827943802e-02,1.784628927707672119e-01,6.878915429115295410e-02,2.663593888282775879e-01,2.201403528451919556e-01,-5.866255611181259155e-03,2.723175846040248871e-02,-6.477925926446914673e-02,-1.125918179750442505e-01,2.288881316781044006e-02,6.058754399418830872e-03,1.587746888399124146e-01,2.128788381814956665e-01,1.276379376649856567e-01,7.549797743558883667e-02,-7.009027153253555298e-02,1.304955184459686279e-01,5.500254221260547638e-03,1.173508539795875549e-01,9.956899099051952362e-03,9.121735394001007080e-02,7.067963480949401855e-02,7.896289229393005371e-02,2.185151726007461548e-01,3.945799171924591064e-02,1.749545335769653320e-01,6.749242544174194336e-02,3.169956207275390625e-01,1.754300892353057861e-01,7.908477447926998138e-03,6.695926189422607422e-02,2.305164337158203125e-01,5.911734700202941895e-02,1.940245628356933594e-01,1.021503731608390808e-01,-4.688694328069686890e-02,3.345959261059761047e-02,3.082105815410614014e-01,1.063694730401039124e-01,1.343681365251541138e-01,1.244776975363492966e-02,3.960220515727996826e-02,8.932326734066009521e-02,-3.327517211437225342e-02,-1.387050002813339233e-01,-2.206955477595329285e-02,-1.080967262387275696e-01,3.650607913732528687e-02,-5.824543163180351257e-02,-8.911173790693283081e-02,-2.576219141483306885e-01,-7.825849950313568115e-02,1.207815036177635193e-01,2.147277258336544037e-02,2.007146179676055908e-01,3.405591249465942383e-01,2.307358384132385254e-01,4.548829197883605957e-01,2.735946774482727051e-01,2.732546031475067139e-01,2.285671383142471313e-01,3.466018140316009521e-01,2.716846466064453125e-01,1.020368710160255432e-01,-1.250112503767013550e-01,1.139276772737503052e-01,-6.424998492002487183e-02,-1.940220035612583160e-02,-1.303604710847139359e-02,2.094613313674926758e-01,4.005002602934837341e-02,8.036853373050689697e-02,-2.895670942962169647e-02,2.505682706832885742e-01,-2.777906134724617004e-02,1.713525205850601196e-01,-4.740486294031143188e-02,2.204128503799438477e-01,8.495638519525527954e-02,4.320760071277618408e-02,-3.021042607724666595e-02,1.435777544975280762e-01,5.516526103019714355e-02,-1.901105195283889771e-01,3.316168487071990967e-02,2.782707102596759796e-02,2.522373013198375702e-02,1.388163864612579346e-01,6.274610012769699097e-02
