9.999999403953552246e-01,5.928884148597717285e-01,3.025629818439483643e-01,2.392676770687103271e-01,-1.724971085786819458e-02,2.731670141220092773e-01,4.252277910709381104e-01,2.571863532066345215e-01,-9.570490568876266479e-02,3.251198828220367432e-01,4.888002872467041016e-01,2.649673521518707275e-01,4.446682929992675781e-01,3.508347570896148682e-01,1.274079978466033936e-01,3.541918396949768066e-01,2.999575138092041016e-01,3.632445335388183594e-01,6.028468608856201172e-01,4.956137537956237793e-01,3.165010511875152588e-01,3.336888849735260010e-01,1.618106067180633545e-01,1.082588955760002136e-01,2.148815989494323730e-01,2.255380600690841675e-01,1.878161132335662842e-01,2.609571218490600586e-01,2.980033159255981445e-01,3.954511582851409912e-01,3.402421176433563232e-01,3.083709180355072021e-01,4.692994356155395508e-01,3.307229876518249512e-01,7.364267110824584961e-02,-6.804621964693069458e-02,7.412331551313400269e-02,-1.497044228017330170e-02,1.603088974952697754e-01,2.172416299581527710e-01,5.858415365219116211e-02,2.161749601364135742e-01,1.946614831686019897e-01,1.821151971817016602e-01,3.244960308074951172e-01,3.589832782745361328e-01,3.037275671958923340e-01,2.488879412412643433e-01,3.159933686256408691e-01,2.653189003467559814e-01,2.232247292995452881e-01,1.019527912139892578e-01,1.230125278234481812e-01,-1.663970015943050385e-02,2.441686391830444336e-01,1.844027191400527954e-01,6.664897203445434570e-01,4.791578054428100586e-01,4.358990192413330078e-01,3.848589360713958740e-01,5.239946842193603516e-01,1.847402006387710571e-01,3.759384155273437500e-01,2.616208493709564209e-01,5.441185086965560913e-02,-1.888058264739811420e-03,2.204185575246810913e-01,1.610960215330123901e-01,4.772288501262664795e-01,3.838165104389190674e-01,1.349243819713592529e-01,1.270982772111892700e-01,2.102004438638687134e-01,1.515600830316543579e-01,2.693091034889221191e-01,1.507017761468887329e-01,4.173944890499114990e-02,-1.032949835062026978e-01,2.795025706291198730e-01,3.243615627288818359e-01,4.775525331497192383e-01,3.246552050113677979e-01,7.132965326309204102e-02,2.542501986026763916e-01,3.942913711071014404e-01,1.516316533088684082e-01,2.284029275178909302e-01,2.623189389705657959e-01,1.712368428707122803e-01,-4.712489433586597443e-03,-8.067543618381023407e-03,-2.358708679676055908e-01,-2.163158059120178223e-01,-1.675115823745727539e-01,2.486338317394256592e-01,1.023064032196998596e-01,2.023651599884033203e-01,1.188088431954383850e-01,2.066305428743362427e-01,1.719067245721817017e-01,8.480086177587509155e-02,2.456107735633850098e-02,1.517964154481887817e-01,5.297247320413589478e-02,9.038403630256652832e-02,-8.771311491727828979e-03,1.644932627677917480e-01,-4.500094801187515259e-02,2.827029228210449219e-01,3.218666464090347290e-02,2.029258571565151215e-02,4.430111125111579895e-02,8.253052830696105957e-02,3.914490714669227600e-02,-2.325328625738620758e-02,-5.406146496534347534e-02
5.928884148597717285e-01,9.999997615814208984e-01,2.031157761812210083e-01,4.010713100433349609e-01,-1.605866700410842896e-01,2.633527219295501709e-01,3.145719468593597412e-01,4.037205874919891357e-01,-2.794532775878906250e-01,2.919962406158447266e-01,9.997513145208358765e-02,3.419266343116760254e-01,2.520149648189544678e-01,3.731987476348876953e-01,3.651292994618415833e-03,3.202534019947052002e-01,1.868243515491485596e-01,6.253335475921630859e-01,4.750749170780181885e-01,6.841585636138916016e-01,2.536624073982238770e-01,2.658696770668029785e-01,9.702856093645095825e-02,1.922710984945297241e-01,2.121265977621078491e-01,1.985009908676147461e-01,1.745536178350448608e-01,2.471178919076919556e-01,1.583104133605957031e-01,4.827368259429931641e-01,3.200906217098236084e-01,3.439978361129760742e-01,3.649021685123443604e-01,4.404180943965911865e-01,-1.053603515028953552e-01,-1.417168378829956055e-01,-6.092023849487304688e-02,1.078070253133773804e-01,1.616559028625488281e-01,2.306435257196426392e-01,9.505067765712738037e-02,2.223501801490783691e-01,1.745616048574447632e-01,2.621871232986450195e-01,3.891816139221191406e-01,4.498033523559570312e-01,3.298934400081634521e-01,2.848200201988220215e-01,3.693224787712097168e-01,3.915960788726806641e-01,1.463975608348846436e-01,2.124596238136291504e-01,1.120177134871482849e-01,9.404408931732177734e-02,2.016744613647460938e-01,3.506445884704589844e-01,7.075890898704528809e-01,8.009683489799499512e-01,2.316097468137741089e-01,5.204620361328125000e-01,3.247166574001312256e-01,2.845368087291717529e-01,3.489789962768554688e-01,4.645075500011444092e-01,-2.266289144754409790e-01,2.213459648191928864e-02,8.497978001832962036e-02,1.814678758382797241e-01,5.212182998657226562e-01,5.182021856307983398e-01,9.014686197042465210e-02,1.591443717479705811e-01,6.801851838827133179e-02,2.115611732006072998e-01,6.919629871845245361e-02,1.409628540277481079e-01,-1.597154289484024048e-01,-9.802868217229843140e-02,2.835805118083953857e-01,4.397764205932617188e-01,5.468205213546752930e-01,5.778092145919799805e-01,1.453114449977874756e-01,3.989547789096832275e-01,2.663581371307373047e-01,3.783367276191711426e-01,2.560483217239379883e-01,2.931720614433288574e-01,-3.445227071642875671e-02,9.882743656635284424e-02,-2.251816913485527039e-02,-2.108483761548995972e-01,-2.845343351364135742e-01,-3.029830157756805420e-01,9.469732642173767090e-02,5.970754846930503845e-02,1.063114330172538757e-01,1.298929154872894287e-01,2.284531891345977783e-01,2.323206067085266113e-01,1.837456412613391876e-02,-1.561115384101867676e-01,1.676181703805923462e-01,4.114564880728721619e-02,9.748128056526184082e-02,-5.321408435702323914e-02,2.127065211534500122e-01,-1.821586191654205322e-01,2.449633926153182983e-01,-1.315643545240163803e-02,-3.163848817348480225e-02,-2.427562512457370758e-02,-2.493804693222045898e-02,1.757341064512729645e-02,-4.521333426237106323e-02,-6.390882283449172974e-02
3.025629818439483643e-01,2.031157761812210083e-01,1.000000596046447754e+00,4.682873487472534180e-01,-9.551413357257843018e-02,1.169679686427116394e-01,6.820103526115417480e-01,3.867748677730560303e-01,-6.091166660189628601e-02,1.826208233833312988e-01,-2.649797871708869934e-02,-3.898115828633308411e-03,1.967732459306716919e-01,1.103321015834808350e-01,5.457259248942136765e-03,1.701039969921112061e-01,-1.421068757772445679e-01,-9.540117532014846802e-02,5.249729752540588379e-01,1.530369222164154053e-01,1.536406576633453369e-01,8.855055272579193115e-02,6.186479926109313965e-01,4.329767227172851562e-01,2.215423882007598877e-01,2.399664372205734253e-01,-9.289222955703735352e-02,2.753073722124099731e-02,2.287622727453708649e-02,4.023227840662002563e-02,3.486821949481964111e-01,1.717017740011215210e-01,9.174515306949615479e-02,4.176838696002960205e-02,8.464305102825164795e-02,-1.843772232532501221e-01,-1.766777187585830688e-01,-2.609948217868804932e-01,-6.665223091840744019e-02,-1.354050338268280029e-01,-1.378723531961441040e-01,-1.693250238895416260e-02,-2.205326259136199951e-01,-1.704687625169754028e-01,1.201022230088710785e-02,4.547474905848503113e-02,-1.877534538507461548e-01,-1.930101215839385986e-01,1.592397093772888184e-01,3.241235017776489258e-01,1.012844219803810120e-01,9.007538855075836182e-02,-1.086156964302062988e-01,-2.254699543118476868e-02,-3.044098317623138428e-01,-1.643469780683517456e-01,1.479176580905914307e-01,1.546455621719360352e-01,-7.758910208940505981e-02,4.398938268423080444e-02,-9.717640350572764874e-04,4.377024248242378235e-02,-1.670350432395935059e-01,-1.418521404266357422e-01,1.975366622209548950e-01,1.610815525054931641e-01,4.376761987805366516e-02,-3.096056580543518066e-01,-7.567380368709564209e-02,5.073346197605133057e-02,-6.025920156389474869e-03,4.484260082244873047e-02,-5.045837536454200745e-02,9.541780501604080200e-02,-7.655631750822067261e-02,-1.269980799406766891e-02,-1.596496105194091797e-01,-2.877963185310363770e-01,1.232729703187942505e-01,-6.647346168756484985e-02,-1.611884497106075287e-02,3.838151693344116211e-02,-6.077821552753448486e-02,4.378698766231536865e-02,8.563929796218872070e-02,-5.680151283740997314e-02,2.296473830938339233e-01,9.733586013317108154e-02,-2.938486635684967041e-01,-2.321494966745376587e-01,-9.211222082376480103e-02,1.138579938560724258e-02,-1.543446481227874756e-01,1.507901698350906372e-01,3.519809618592262268e-02,-4.984781518578529358e-02,-1.730751246213912964e-01,-1.059990599751472473e-01,-2.826659679412841797e-01,1.615933887660503387e-02,-1.516809910535812378e-01,3.832656145095825195e-02,-1.466102898120880127e-01,-7.669414579868316650e-02,-1.517130434513092041e-01,-1.104270666837692261e-01,2.998381853103637695e-02,-1.082948222756385803e-01,1.044020578265190125e-01,-1.205540820956230164e-01,-9.585137665271759033e-02,-2.866047322750091553e-01,-3.311827778816223145e-01,-3.051469922065734863e-01,-1.947182267904281616e-01,-2.141358703374862671e-01
2.392676770687103271e-01,4.010713100433349609e-01,4.682873487472534180e-01,1.000000119209289551e+00,-1.203627288341522217e-01,3.499551415443420410e-01,5.055640339851379395e-01,7.934524416923522949e-01,1.073608058504760265e-03,3.738178610801696777e-01,-6.523433327674865723e-02,4.715175330638885498e-01,1.718991696834564209e-01,4.748380482196807861e-01,-2.153733372688293457e-02,3.098845183849334717e-01,-1.515084058046340942e-01,2.620995938777923584e-01,3.172726631164550781e-01,3.649220764636993408e-01,1.017434298992156982e-01,1.518001556396484375e-01,3.922806680202484131e-01,6.010715365409851074e-01,3.436305373907089233e-02,2.317106425762176514e-01,-1.183627173304557800e-01,5.949970334768295288e-02,-1.160037666559219360e-01,2.661760151386260986e-01,2.848712503910064697e-01,4.188075959682464600e-01,3.555195778608322144e-02,2.480063140392303467e-01,-8.099127560853958130e-02,-1.458406150341033936e-01,-2.727527320384979248e-01,-9.245345741510391235e-02,-1.278204619884490967e-01,-8.277606964111328125e-02,-1.246467232704162598e-01,-4.048036783933639526e-02,-2.015029191970825195e-01,-1.579476743936538696e-01,-2.764678793027997017e-03,1.705575361847877502e-02,-1.098422482609748840e-01,-1.582256406545639038e-01,1.643181592226028442e-01,2.331489622592926025e-01,1.221362426877021790e-01,6.753174960613250732e-02,-1.197124719619750977e-01,-1.451903581619262695e-01,-1.702078431844711304e-01,-1.949905417859554291e-02,2.086419612169265747e-01,3.261733055114746094e-01,5.137538909912109375e-02,3.836427927017211914e-01,2.057512700557708740e-01,4.622857570648193359e-01,9.264349192380905151e-02,2.764709889888763428e-01,-8.967832662165164948e-03,2.573481500148773193e-01,2.525147423148155212e-02,-1.489308662712574005e-02,8.923621475696563721e-02,1.085861399769783020e-01,-1.955979131162166595e-02,1.576313376426696777e-01,-1.244443729519844055e-01,1.823471635580062866e-01,-9.648449718952178955e-02,-1.323641277849674225e-02,-2.842305302619934082e-01,-2.361508011817932129e-01,6.553117930889129639e-02,5.991477891802787781e-02,3.187526762485504150e-02,1.819307357072830200e-01,4.478060826659202576e-02,2.261468619108200073e-01,1.762327365577220917e-02,1.207876279950141907e-01,2.319055050611495972e-01,1.983765512704849243e-01,-2.645642459392547607e-01,-7.872315496206283569e-02,-1.340695004910230637e-02,-1.217537522315979004e-01,6.060122326016426086e-02,-3.918021544814109802e-02,-2.864967659115791321e-02,-7.862119935452938080e-03,-1.725940257310867310e-01,-2.399003133177757263e-02,-1.439717561006546021e-01,-1.161899566650390625e-01,5.106886848807334900e-02,-2.477925084531307220e-02,9.015940874814987183e-02,-1.121968869119882584e-02,-1.547490246593952179e-02,-8.439728617668151855e-02,1.436521951109170914e-02,-3.717792686074972153e-03,1.399495303630828857e-01,-1.598204821348190308e-01,-1.009421423077583313e-01,-2.458059042692184448e-01,-2.617185115814208984e-01,-2.004281431436538696e-01,-9.086211025714874268e-02,-2.735188603401184082e-01
-1.724971085786819458e-02,-1.605866700410842896e-01,-9.551413357257843018e-02,-1.203627288341522217e-01,1.000000000000000000e+00,4.524694681167602539e-01,-2.306134402751922607e-01,-1.862935870885848999e-01,7.349183559417724609e-01,3.589302301406860352e-01,2.108258157968521118e-01,8.736059069633483887e-02,4.886882007122039795e-02,2.333159372210502625e-02,5.836364030838012695e-01,2.357488870620727539e-01,-6.233727931976318359e-02,-1.414459645748138428e-01,-4.640197753906250000e-02,-1.915459334850311279e-01,2.019456624984741211e-01,2.233252227306365967e-01,9.815764427185058594e-02,2.020149491727352142e-02,3.981055021286010742e-01,3.128612339496612549e-01,5.540800690650939941e-01,4.721509218215942383e-01,8.967469446361064911e-03,3.986112773418426514e-02,1.190506145358085632e-01,1.192725449800491333e-01,1.789375245571136475e-01,4.130144789814949036e-02,2.243987321853637695e-01,1.548196077346801758e-01,2.544200420379638672e-01,1.668193191289901733e-01,2.023035883903503418e-01,1.993940323591232300e-01,1.330985277891159058e-01,1.497271806001663208e-01,-1.440689712762832642e-01,-2.024357616901397705e-01,-2.799048125743865967e-01,-2.801458835601806641e-01,-2.016089111566543579e-01,-2.082684338092803955e-01,-3.294745683670043945e-01,-2.057136297225952148e-01,-1.799709945917129517e-01,-1.602665334939956665e-01,-1.137864068150520325e-01,-1.006252989172935486e-01,1.962984949350357056e-01,3.365708887577056885e-02,-1.213368177413940430e-01,-1.517018973827362061e-01,-1.139014493674039841e-02,-1.953604519367218018e-01,1.036079451441764832e-01,7.804605644196271896e-03,-7.750464975833892822e-02,-1.681005209684371948e-01,3.104195594787597656e-01,1.418892890214920044e-01,1.499563604593276978e-01,-2.851828001439571381e-03,8.029045537114143372e-03,-1.379244178533554077e-01,1.841672956943511963e-01,9.323830902576446533e-02,1.851319372653961182e-01,1.132951080799102783e-01,2.186916470527648926e-01,1.423803269863128662e-01,2.398301512002944946e-01,1.516783982515335083e-01,2.337854355573654175e-02,1.039013825356960297e-02,-6.327325105667114258e-02,-1.209861636161804199e-01,2.489552050828933716e-01,3.050769865512847900e-02,1.873176097869873047e-01,7.142901420593261719e-02,2.840160019695758820e-02,1.775367856025695801e-01,2.564390301704406738e-01,3.044627904891967773e-01,-1.690361499786376953e-01,-8.857256919145584106e-02,9.356227517127990723e-02,3.053031265735626221e-01,1.297306567430496216e-01,5.304169282317161560e-02,2.330897450447082520e-01,1.047285869717597961e-01,-5.551919713616371155e-02,-1.268288344144821167e-01,-1.143540963530540466e-01,8.815924637019634247e-03,-1.223683729767799377e-01,-2.213945388793945312e-01,1.351327449083328247e-01,1.383699774742126465e-01,-7.177205383777618408e-02,2.649275660514831543e-01,8.995240181684494019e-02,2.196430712938308716e-01,2.014951258897781372e-01,1.051222011446952820e-01,1.673559695482254028e-01,9.302727133035659790e-02,2.490630745887756348e-01,8.285173028707504272e-02
2.731670141220092773e-01,2.633527219295501709e-01,1.169679686427116394e-01,3.499551415443420410e-01,4.524694681167602539e-01,9.999997615814208984e-01,1.630658805370330811e-01,3.482922613620758057e-01,3.945116996765136719e-01,7.812502980232238770e-01,2.494065463542938232e-01,4.788208305835723877e-01,3.387680351734161377e-01,5.340721607208251953e-01,4.981354773044586182e-01,7.416598200798034668e-01,-9.317602217197418213e-02,2.950534522533416748e-01,2.197034955024719238e-01,2.373196780681610107e-01,4.045571386814117432e-01,5.392940640449523926e-01,1.827473640441894531e-01,2.582074105739593506e-01,4.442238211631774902e-01,6.371544599533081055e-01,4.062165319919586182e-01,6.062152981758117676e-01,1.916085369884967804e-02,5.578566193580627441e-01,4.765212237834930420e-01,5.234180092811584473e-01,3.744573593139648438e-01,3.433362543582916260e-01,2.023049592971801758e-01,1.910651624202728271e-01,2.215713560581207275e-01,2.455935925245285034e-01,3.148440718650817871e-01,3.710135221481323242e-01,2.246062457561492920e-01,3.109356760978698730e-01,1.086093336343765259e-01,9.750948846340179443e-02,8.101988583803176880e-02,1.269345730543136597e-01,8.999964594841003418e-02,4.909602180123329163e-02,6.942845880985260010e-02,1.287087351083755493e-01,1.161083653569221497e-01,1.444128304719924927e-01,6.779994815587997437e-02,2.415099367499351501e-02,3.708751797676086426e-01,2.692982554435729980e-01,1.965789347887039185e-01,2.188150733709335327e-01,2.476127892732620239e-01,2.355330437421798706e-01,4.051013290882110596e-01,2.764700651168823242e-01,1.900011152029037476e-01,1.307742148637771606e-01,2.104446589946746826e-01,2.183447331190109253e-01,3.310150206089019775e-01,2.862070500850677490e-01,2.519361972808837891e-01,1.145910993218421936e-01,4.846710264682769775e-01,5.263894200325012207e-01,2.212007790803909302e-01,4.369635283946990967e-01,2.664116024971008301e-01,2.420343160629272461e-01,1.513115614652633667e-01,1.164973080158233643e-01,1.959784515202045441e-02,1.383066773414611816e-01,1.472937911748886108e-01,1.718095988035202026e-01,3.801798522472381592e-01,5.363528132438659668e-01,3.421389758586883545e-01,1.985720694065093994e-01,2.655086517333984375e-01,5.030660033226013184e-01,2.785148620605468750e-01,1.563125550746917725e-01,7.367426156997680664e-02,-2.223336324095726013e-02,1.592844277620315552e-01,1.656379997730255127e-01,1.968305110931396484e-01,6.873144209384918213e-02,3.415129780769348145e-01,2.141391336917877197e-01,1.582589745521545410e-01,6.020769104361534119e-02,4.797516018152236938e-02,2.937729284167289734e-02,1.437560617923736572e-01,-7.442185282707214355e-02,2.671193778514862061e-01,1.578475236892700195e-01,1.084439009428024292e-01,1.104028373956680298e-01,7.061164081096649170e-02,2.008679509162902832e-01,3.650180101394653320e-01,1.594758927822113037e-01,2.055970579385757446e-01,1.348288953304290771e-01,1.718722879886627197e-01,1.137181371450424194e-01
4.252277910709381104e-01,3.145719468593597412e-01,6.820103526115417480e-01,5.055640339851379395e-01,-2.306134402751922607e-01,1.630658805370330811e-01,9.999999403953552246e-01,5.634819269180297852e-01,-9.512275457382202148e-02,2.537371218204498291e-01,1.714911907911300659e-01,1.871705353260040283e-01,4.639858603477478027e-01,2.980284392833709717e-01,-1.059499606490135193e-01,2.077657580375671387e-01,2.634760551154613495e-02,1.235447078943252563e-01,4.943574070930480957e-01,3.471413850784301758e-01,1.431467235088348389e-01,1.481889635324478149e-01,2.664351165294647217e-01,2.065179795026779175e-01,2.427676878869533539e-02,1.390582025051116943e-01,-2.136209160089492798e-01,-6.671041995286941528e-02,1.778751313686370850e-01,2.029990851879119873e-01,3.191726803779602051e-01,2.122937738895416260e-01,2.277984619140625000e-01,2.225904762744903564e-01,-8.414109796285629272e-02,-2.668024301528930664e-01,-1.229937523603439331e-01,-2.203164249658584595e-01,-5.783412605524063110e-02,-1.092155724763870239e-01,-1.008982136845588684e-01,2.545521967113018036e-02,-9.646697342395782471e-02,-4.596099629998207092e-02,1.110376194119453430e-01,1.214550733566284180e-01,-3.410077095031738281e-02,-5.451910942792892456e-02,2.268647551536560059e-01,2.241705954074859619e-01,1.075106486678123474e-01,1.792510785162448883e-02,-9.466741979122161865e-02,-7.801800966262817383e-02,-2.099503725767135620e-01,-1.433929502964019775e-01,2.562710344791412354e-01,2.204716354608535767e-01,1.537278145551681519e-01,2.380764037370681763e-01,2.801068127155303955e-01,1.429462730884552002e-01,1.728027462959289551e-01,2.094062119722366333e-01,-4.409122094511985779e-02,-9.418953955173492432e-02,5.715252086520195007e-02,-1.298001110553741455e-01,7.916702330112457275e-02,9.288768470287322998e-02,6.372515857219696045e-02,9.534920752048492432e-02,5.037271603941917419e-02,1.262926906347274780e-01,2.334536053240299225e-02,2.906587347388267517e-02,-1.159529685974121094e-01,-2.747129797935485840e-01,1.203112453222274780e-01,8.731596171855926514e-03,1.327538788318634033e-01,1.608373969793319702e-01,-1.227326020598411560e-01,9.268522262573242188e-02,-6.073849741369485855e-03,-1.280361711978912354e-01,9.992862492799758911e-02,1.099973171949386597e-01,-2.438788563013076782e-01,-3.485867977142333984e-01,-2.650038339197635651e-02,-5.481469631195068359e-02,-1.676392704248428345e-01,-4.587785527110099792e-02,1.270502209663391113e-01,-1.222903467714786530e-02,-8.215009421110153198e-02,-2.112256549298763275e-02,-1.099718809127807617e-01,5.191361531615257263e-03,-7.871671579778194427e-03,9.556165337562561035e-02,1.181178167462348938e-02,6.301648169755935669e-02,-1.636848151683807373e-01,-1.866347938776016235e-01,1.339399665594100952e-01,-1.267700344324111938e-01,1.767939329147338867e-01,-8.070968836545944214e-02,-1.430368330329656601e-02,-1.569296270608901978e-01,-2.044942378997802734e-01,-2.458389699459075928e-01,-1.927827894687652588e-01,-2.206254601478576660e-01
2.571863532066345215e-01,4.037205874919891357e-01,3.867748677730560303e-01,7.934524416923522949e-01,-1.862935870885848999e-01,3.482922613620758057e-01,5.634819269180297852e-01,1.000000119209289551e+00,-4.083574935793876648e-02,3.892407715320587158e-01,1.487432047724723816e-03,5.260543227195739746e-01,2.840242087841033936e-01,5.974339246749877930e-01,-9.055151045322418213e-02,3.066011369228363037e-01,-3.536769002676010132e-02,3.501876890659332275e-01,3.216862678527832031e-01,4.249038696289062500e-01,9.130727499723434448e-02,1.416449993848800659e-01,1.885550916194915771e-01,3.863150179386138916e-01,-5.878956243395805359e-02,1.599796861410140991e-01,-1.494250595569610596e-01,2.141622453927993774e-02,1.362114120274782181e-02,3.437683880329132080e-01,3.225696384906768799e-01,4.459178745746612549e-01,1.048381552100181580e-01,3.031879067420959473e-01,-1.845897585153579712e-01,-1.890274882316589355e-01,-1.933631449937820435e-01,-1.095329597592353821e-01,-1.157118752598762512e-01,-8.867844194173812866e-02,-8.335226029157638550e-02,-1.470671407878398895e-02,-6.818325817584991455e-02,-2.461588196456432343e-02,9.042459726333618164e-02,1.167822256684303284e-01,-2.897586673498153687e-03,-5.567018315196037292e-02,2.249418795108795166e-01,2.154331505298614502e-01,1.351802796125411987e-01,5.246817320585250854e-02,-7.503456622362136841e-02,-1.292385309934616089e-01,-1.172915250062942505e-01,-3.564949333667755127e-02,2.402244508266448975e-01,3.239346444606781006e-01,1.530137956142425537e-01,4.177969098091125488e-01,2.904292047023773193e-01,4.493546187877655029e-01,2.308049649000167847e-01,3.682667315006256104e-01,-1.192271485924720764e-01,5.710957944393157959e-02,1.052712462842464447e-02,4.109495505690574646e-02,1.394820958375930786e-01,1.423411369323730469e-01,9.655440598726272583e-02,2.672684788703918457e-01,-1.879664603620767593e-03,2.634951472282409668e-01,-3.091707825660705566e-02,3.410699218511581421e-02,-1.953659206628799438e-01,-1.810930073261260986e-01,8.001631498336791992e-02,5.656680092215538025e-02,1.160342618823051453e-01,2.147910594940185547e-01,1.344372704625129700e-02,2.596498131752014160e-01,-2.994216978549957275e-02,1.367129944264888763e-02,1.448486447334289551e-01,1.758982092142105103e-01,-2.039733380079269409e-01,-1.906363368034362793e-01,4.112263396382331848e-02,-9.102056175470352173e-02,6.533482670783996582e-02,-1.055337563157081604e-01,3.564411029219627380e-02,1.365340594202280045e-02,-6.424993276596069336e-02,2.259914204478263855e-02,-3.073533624410629272e-02,-1.038431003689765930e-01,1.185136362910270691e-01,-4.164526239037513733e-03,1.264507621526718140e-01,1.074741012416779995e-03,-3.434978052973747253e-02,-1.081305891275405884e-01,1.080711334943771362e-01,-3.187065199017524719e-02,1.269807517528533936e-01,-8.969267457723617554e-02,-2.034225687384605408e-02,-1.367793381214141846e-01,-1.504773348569869995e-01,-1.650107651948928833e-01,-1.211901679635047913e-01,-2.057376652956008911e-01
-9.570490568876266479e-02,-2.794532775878906250e-01,-6.091166660189628601e-02,1.073608058504760265e-03,7.349183559417724609e-01,3.945116996765136719e-01,-9.512275457382202148e-02,-4.083574935793876648e-02,9.999998211860656738e-01,3.503302633762359619e-01,2.506106495857238770e-01,1.775800287723541260e-01,1.789266616106033325e-01,1.010868027806282043e-01,5.579957365989685059e-01,1.430035680532455444e-01,-1.590221971273422241e-01,-1.997003108263015747e-01,-9.392763674259185791e-02,-2.805235385894775391e-01,8.490298688411712646e-02,1.018036007881164551e-01,6.693992763757705688e-02,4.037644341588020325e-02,1.455984413623809814e-01,2.205493748188018799e-01,2.372903078794479370e-01,2.037803083658218384e-01,-3.688150644302368164e-02,-3.836411982774734497e-02,8.266676962375640869e-02,1.156041771173477173e-01,9.692439436912536621e-02,1.499409088864922523e-03,1.262192279100418091e-01,9.381829202175140381e-02,1.777631342411041260e-01,7.434975355863571167e-02,9.292341768741607666e-02,4.616116359829902649e-02,2.280480414628982544e-02,4.219084233045578003e-02,-1.995621323585510254e-01,-2.948092520236968994e-01,-3.466109335422515869e-01,-3.932333290576934814e-01,-2.371014058589935303e-01,-2.586737871170043945e-01,-3.343177139759063721e-01,-2.294704467058181763e-01,-1.396938264369964600e-01,-1.671480685472488403e-01,-2.084141522645950317e-01,-1.943824440240859985e-01,9.667008370161056519e-02,-1.309783756732940674e-01,-2.662087082862854004e-01,-2.937821447849273682e-01,-2.595485188066959381e-02,-1.882046312093734741e-01,1.817293465137481689e-01,1.042625904083251953e-01,-5.957151949405670166e-02,-1.214748919010162354e-01,2.900314927101135254e-01,1.077327579259872437e-01,4.327868297696113586e-02,-7.837318629026412964e-02,-1.629660725593566895e-01,-2.820785045623779297e-01,1.421787738800048828e-01,3.530866280198097229e-02,1.515043228864669800e-01,4.966918006539344788e-02,1.691370308399200439e-01,3.093665279448032379e-02,1.916761249303817749e-01,5.782878026366233826e-02,-3.414331376552581787e-02,-6.893776357173919678e-02,-1.958977133035659790e-01,-1.962887346744537354e-01,1.686916649341583252e-01,-1.195733696222305298e-01,8.112812787294387817e-02,-8.521384745836257935e-02,-1.154097095131874084e-01,2.962806075811386108e-02,1.677925884723663330e-01,1.305632442235946655e-01,-1.481423377990722656e-01,-1.346980333328247070e-01,1.902900189161300659e-01,3.096036016941070557e-01,1.305402815341949463e-01,-1.642919890582561493e-02,1.744415611028671265e-01,1.109305620193481445e-01,-1.171087771654129028e-01,-2.346015721559524536e-01,-1.264471709728240967e-01,2.780771814286708832e-02,-1.570088714361190796e-01,-2.431625276803970337e-01,5.838247388601303101e-02,9.942860156297683716e-02,-1.589433401823043823e-01,3.283298313617706299e-01,6.864217668771743774e-02,1.690391004085540771e-01,2.494919449090957642e-01,7.799956947565078735e-02,1.034291237592697144e-01,3.929627127945423126e-03,1.775400191545486450e-01,-1.122667803429067135e-03
3.251198828220367432e-01,2.919962406158447266e-01,1.826208233833312988e-01,3.738178610801696777e-01,3.589302301406860352e-01,7.812502980232238770e-01,2.537371218204498291e-01,3.892407715320587158e-01,3.503302633762359619e-01,1.000000119209289551e+00,2.553754150867462158e-01,4.729802906513214111e-01,3.792884945869445801e-01,5.428464412689208984e-01,4.395106136798858643e-01,7.816262841224670410e-01,-1.059148088097572327e-01,3.420344591140747070e-01,2.713242471218109131e-01,2.843434512615203857e-01,4.245251715183258057e-01,5.345959067344665527e-01,1.730466634035110474e-01,2.303885966539382935e-01,4.046167433261871338e-01,6.300327777862548828e-01,3.191569149494171143e-01,5.242301821708679199e-01,8.058103732764720917e-03,5.681354403495788574e-01,4.849141836166381836e-01,5.458365082740783691e-01,4.014829695224761963e-01,3.775299489498138428e-01,1.843928992748260498e-01,1.293381303548812866e-01,2.106709480285644531e-01,1.786184310913085938e-01,2.864728569984436035e-01,2.939874827861785889e-01,1.916204541921615601e-01,2.976017296314239502e-01,1.835092455148696899e-01,1.899259090423583984e-01,1.720745265483856201e-01,2.173814922571182251e-01,1.682367771863937378e-01,1.224896982312202454e-01,1.753910183906555176e-01,1.807928681373596191e-01,2.234857827425003052e-01,2.265109270811080933e-01,1.577156186103820801e-01,1.133591383695602417e-01,3.795179426670074463e-01,2.972648739814758301e-01,2.509392499923706055e-01,2.459396421909332275e-01,3.334033191204071045e-01,2.887309789657592773e-01,4.859510064125061035e-01,2.539280652999877930e-01,2.078733444213867188e-01,1.645828783512115479e-01,1.733211576938629150e-01,1.684047728776931763e-01,3.696683347225189209e-01,3.277627229690551758e-01,2.972719669342041016e-01,1.971153765916824341e-01,5.325694084167480469e-01,5.671553611755371094e-01,2.316039502620697021e-01,4.281164407730102539e-01,2.465318888425827026e-01,1.937950849533081055e-01,1.797737628221511841e-01,1.248978823423385620e-01,1.804931275546550751e-02,1.917829513549804688e-01,1.748962700366973877e-01,2.234618514776229858e-01,3.236337900161743164e-01,4.590375423431396484e-01,3.678185343742370605e-01,1.895438283681869507e-01,2.448375374078750610e-01,3.936929106712341309e-01,2.757387161254882812e-01,1.517622470855712891e-01,1.976817697286605835e-01,5.173182114958763123e-02,1.972290426492691040e-01,1.939062774181365967e-01,2.314393073320388794e-01,8.551611006259918213e-02,3.593948185443878174e-01,2.593591511249542236e-01,2.373214960098266602e-01,1.298721283674240112e-01,1.335692852735519409e-01,1.047553196549415588e-01,2.451420128345489502e-01,5.351306125521659851e-02,2.938799262046813965e-01,1.717275977134704590e-01,1.594502180814743042e-01,1.404242962598800659e-01,9.093955159187316895e-02,1.635142713785171509e-01,3.843287825584411621e-01,2.562668025493621826e-01,2.904308140277862549e-01,1.693256348371505737e-01,1.894767284393310547e-01,1.644001305103302002e-01
4.888002872467041016e-01,9.997513145208358765e-02,-2.649797871708869934e-02,-6.523433327674865723e-02,2.108258157968521118e-01,2.494065463542938232e-01,1.714911907911300659e-01,1.487432047724723816e-03,2.506106495857238770e-01,2.553754150867462158e-01,1.000000357627868652e+00,3.702144026756286621e-01,6.388664841651916504e-01,3.401818275451660156e-01,4.162890017032623291e-01,2.902839481830596924e-01,2.845925986766815186e-01,1.391427367925643921e-01,2.633668184280395508e-01,1.285965442657470703e-01,3.072474896907806396e-01,2.942484915256500244e-01,5.270416848361492157e-03,-1.080732569098472595e-01,1.224622726440429688e-01,1.291693747043609619e-01,2.084369957447052002e-01,2.179270982742309570e-01,3.486265838146209717e-01,2.837817072868347168e-01,1.609755754470825195e-01,1.953693032264709473e-01,3.722175359725952148e-01,1.348746567964553833e-01,7.251724600791931152e-02,1.354635786265134811e-02,2.832805514335632324e-01,8.328647911548614502e-02,1.675241589546203613e-01,2.093433737754821777e-01,1.170266270637512207e-01,1.592367142438888550e-01,1.427704691886901855e-01,6.645886600017547607e-02,-3.415304049849510193e-02,4.111288860440254211e-02,1.924916654825210571e-01,2.046443223953247070e-01,-1.176372319459915161e-01,-1.441957205533981323e-01,2.886288799345493317e-03,-9.259677678346633911e-02,4.664752259850502014e-02,-3.740534186363220215e-02,3.227588832378387451e-01,7.808332890272140503e-02,1.406120806932449341e-01,-4.453698918223381042e-02,2.811244726181030273e-01,-1.136962417513132095e-02,4.490747153759002686e-01,6.345807760953903198e-02,3.255188763141632080e-01,9.566157311201095581e-02,1.811768114566802979e-01,-9.007389843463897705e-02,5.070319864898920059e-03,4.724946618080139160e-02,1.934387087821960449e-01,-4.451739601790904999e-03,2.815145850181579590e-01,1.606457531452178955e-01,3.862406611442565918e-01,1.613902598619461060e-01,4.261446893215179443e-01,2.312657237052917480e-01,3.000987172126770020e-01,7.565729320049285889e-02,1.244242042303085327e-01,1.734402179718017578e-01,2.700789868831634521e-01,8.278331160545349121e-02,7.403673976659774780e-02,6.699076294898986816e-02,2.618973851203918457e-01,-5.987641215324401855e-02,-5.897227674722671509e-03,1.123483628034591675e-01,4.080219566822052002e-01,-4.616240039467811584e-03,3.863958269357681274e-02,-1.175229698419570923e-01,3.143906220793724060e-02,7.147488743066787720e-02,2.773561477661132812e-01,3.900110721588134766e-02,3.329248130321502686e-01,1.723589003086090088e-01,2.390931695699691772e-01,5.553295835852622986e-02,1.675910651683807373e-01,2.717799246311187744e-01,1.984514743089675903e-01,1.152673736214637756e-01,1.574884057044982910e-01,1.500736773014068604e-01,2.288798801600933075e-02,1.558191329240798950e-01,2.560842335224151611e-01,1.869575083255767822e-01,1.591610312461853027e-01,2.347180843353271484e-01,2.883318960666656494e-01,1.945946365594863892e-01,1.239860579371452332e-01,3.462146222591400146e-02
2.649673521518707275e-01,3.419266343116760254e-01,-3.898115828633308411e-03,4.715175330638885498e-01,8.736059069633483887e-02,4.788208305835723877e-01,1.871705353260040283e-01,5.260543227195739746e-01,1.775800287723541260e-01,4.729802906513214111e-01,3.702144026756286621e-01,1.000000238418579102e+00,4.363645315170288086e-01,7.090786695480346680e-01,2.996528744697570801e-01,4.585313200950622559e-01,2.109426259994506836e-02,4.449989795684814453e-01,1.878531277179718018e-01,2.658896744251251221e-01,2.549776136875152588e-01,3.420864641666412354e-01,1.011787354946136475e-01,2.777786552906036377e-01,5.592657625675201416e-02,2.436388134956359863e-01,1.104872301220893860e-01,2.273538261651992798e-01,1.029786169528961182e-01,5.184214115142822266e-01,2.815116643905639648e-01,4.913210272789001465e-01,1.577378958463668823e-01,2.826220393180847168e-01,-8.093015104532241821e-02,-4.144133999943733215e-02,6.563156098127365112e-02,1.902268975973129272e-01,8.859618753194808960e-02,2.082160264253616333e-01,6.089668348431587219e-02,1.286389529705047607e-01,9.682622551918029785e-02,1.217364221811294556e-01,7.584901154041290283e-02,1.645992994308471680e-01,1.944796442985534668e-01,1.671524196863174438e-01,4.061805829405784607e-02,1.186809986829757690e-01,1.065545231103897095e-01,1.124966666102409363e-01,1.371628325432538986e-02,-3.223662078380584717e-02,2.260887473821640015e-01,2.013570815324783325e-01,1.159469038248062134e-01,1.845723092555999756e-01,1.209495440125465393e-01,2.359059005975723267e-01,3.325400352478027344e-01,4.043008983135223389e-01,2.764874100685119629e-01,3.215846419334411621e-01,-2.975262328982353210e-02,1.502884775400161743e-01,-5.354951322078704834e-02,9.906943887472152710e-02,1.501462161540985107e-01,2.279832027852535248e-02,2.926595509052276611e-01,4.000494480133056641e-01,1.580987274646759033e-01,3.816057443618774414e-01,2.052301466464996338e-01,2.093338817358016968e-01,7.399524096399545670e-03,9.448140114545822144e-02,8.372869342565536499e-02,1.771379262208938599e-01,2.027369290590286255e-01,2.159110605716705322e-01,1.542288362979888916e-01,2.761313617229461670e-01,1.371006071567535400e-01,1.775062829256057739e-01,6.396450102329254150e-02,2.325885742902755737e-01,1.133332177996635437e-01,4.746199399232864380e-02,1.227308884263038635e-01,-1.188287958502769470e-01,1.704000085592269897e-01,-4.285810049623250961e-03,2.127285152673721313e-01,1.467695236206054688e-01,2.235201299190521240e-01,2.499643117189407349e-01,1.991553008556365967e-01,4.896735399961471558e-02,1.580195575952529907e-01,6.744880974292755127e-02,2.396969348192214966e-01,7.298345118761062622e-02,2.226668298244476318e-01,1.503450274467468262e-01,3.882711380720138550e-02,1.054136827588081360e-01,2.354791313409805298e-01,1.595378965139389038e-01,1.931311786174774170e-01,1.585037559270858765e-01,2.128062695264816284e-01,1.729647517204284668e-01,2.435743063688278198e-01,2.640045434236526489e-02
4.446682929992675781e-01,2.520149648189544678e-01,1.967732459306716919e-01,1.718991696834564209e-01,4.886882007122039795e-02,3.387680351734161377e-01,4.639858603477478027e-01,2.840242087841033936e-01,1.789266616106033325e-01,3.792884945869445801e-01,6.388664841651916504e-01,4.363645315170288086e-01,9.999998211860656738e-01,5.102338194847106934e-01,3.653121888637542725e-01,4.112459719181060791e-01,8.293963223695755005e-02,2.937247753143310547e-01,2.825522720813751221e-01,2.225481122732162476e-01,2.836660444736480713e-01,3.077339529991149902e-01,4.277116805315017700e-02,-2.866696193814277649e-02,1.764604002237319946e-01,2.489575594663619995e-01,5.899417027831077576e-02,1.861123591661453247e-01,1.691002994775772095e-01,3.662702143192291260e-01,2.388279736042022705e-01,2.859805226325988770e-01,3.681456744670867920e-01,1.927260905504226685e-01,6.499180942773818970e-02,1.388062071055173874e-02,1.120713129639625549e-01,5.073454603552818298e-02,1.615457832813262939e-01,1.876811385154724121e-01,1.158067882061004639e-01,2.022672444581985474e-01,1.376808732748031616e-01,1.226919293403625488e-01,6.863510608673095703e-02,1.264916062355041504e-01,1.682436615228652954e-01,1.698120534420013428e-01,6.421533226966857910e-02,5.767608433961868286e-02,7.065606862306594849e-02,2.663155086338520050e-02,4.875072464346885681e-02,2.490075118839740753e-02,1.914309561252593994e-01,6.177464127540588379e-02,2.418710589408874512e-01,1.543032079935073853e-01,2.809165716171264648e-01,1.614099144935607910e-01,5.230310559272766113e-01,1.183881610631942749e-01,3.193154633045196533e-01,1.799637526273727417e-01,8.770921081304550171e-02,-8.970430493354797363e-02,5.321677401661872864e-02,2.368685044348239899e-02,2.152663916349411011e-01,9.775617718696594238e-02,3.727188706398010254e-01,3.065792322158813477e-01,2.465678006410598755e-01,2.397299259901046753e-01,2.644607126712799072e-01,1.358125209808349609e-01,1.251596957445144653e-01,-4.882603883743286133e-02,7.875334471464157104e-02,1.650470793247222900e-01,2.539148330688476562e-01,2.254233211278915405e-01,4.832106456160545349e-02,2.319678664207458496e-01,1.980075687170028687e-01,-8.004099130630493164e-02,7.697906345129013062e-02,2.081895917654037476e-01,2.409179210662841797e-01,-1.535375863313674927e-01,7.515700161457061768e-02,-5.965686962008476257e-02,1.666374504566192627e-02,4.038520902395248413e-02,2.647535204887390137e-01,1.812769286334514618e-02,2.321659773588180542e-01,1.767726689577102661e-01,1.809095144271850586e-01,1.069478243589401245e-01,9.680172801017761230e-02,2.030961811542510986e-01,1.470567733049392700e-01,4.229727387428283691e-02,9.424743056297302246e-02,3.199068363755941391e-03,9.148466587066650391e-02,-1.169067993760108948e-02,1.697071641683578491e-01,7.129038125276565552e-02,1.856009066104888916e-01,1.477847993373870850e-01,1.378240734338760376e-01,2.759102359414100647e-02,4.646097309887409210e-03,-6.184624042361974716e-03
