1.000000357627868652e+00,4.494208991527557373e-01,5.036776661872863770e-01,2.737291157245635986e-01,1.054198071360588074e-01,2.205006778240203857e-01,3.023686110973358154e-01,5.611663218587636948e-03,2.192932516336441040e-01,1.905397921800613403e-01,3.818733096122741699e-01,4.420659504830837250e-03,3.301371932029724121e-01,4.539442062377929688e-02,1.909008622169494629e-02,-1.789602829376235604e-04,3.448217809200286865e-01,-1.488503515720367432e-01,5.422770977020263672e-01,4.557929635047912598e-01,-2.394364178180694580e-01,-1.384218186140060425e-01,3.288649320602416992e-01,2.749983966350555420e-01,4.671955853700637817e-02,-2.327522635459899902e-02,-1.238419711589813232e-01,-5.905001307837665081e-04,6.125446781516075134e-02,-1.772041469812393188e-01,8.139540255069732666e-02,7.888106256723403931e-02,4.586295187473297119e-01,3.047533631324768066e-01,8.510561287403106689e-02,3.590553766116499901e-03,-1.439722627401351929e-01,-3.533229976892471313e-02,2.494607865810394287e-01,8.187951892614364624e-02,-1.562020480632781982e-01,3.385470062494277954e-02,1.484660953283309937e-01,2.071110159158706665e-01,2.138266414403915405e-01,1.928250491619110107e-01,2.722596824169158936e-01,2.426812350749969482e-01,2.612982392311096191e-01,1.912660896778106689e-01,1.404534578323364258e-01,-9.109210222959518433e-03,1.049256995320320129e-01,8.183441311120986938e-02,3.258788883686065674e-01,7.667273283004760742e-02,6.912444233894348145e-01,3.057747483253479004e-01,5.797897577285766602e-01,2.554802298545837402e-01,4.274677932262420654e-01,-1.415618211030960083e-01,3.827394247055053711e-01,-2.045732140541076660e-01,2.236858010292053223e-01,-2.364911139011383057e-01,4.630877375602722168e-01,2.594155967235565186e-01,5.018138885498046875e-01,4.438799321651458740e-01,1.330457776784896851e-01,5.932724848389625549e-02,2.422355301678180695e-02,-1.013268604874610901e-01,-1.466317195445299149e-02,-1.850489377975463867e-01,1.545209884643554688e-01,8.938144892454147339e-02,1.580805331468582153e-01,8.054447174072265625e-02,2.299508005380630493e-01,-1.627046912908554077e-01,-1.236862391233444214e-01,-1.228077262639999390e-01,1.976315826177597046e-01,-1.442751139402389526e-01,8.458263427019119263e-02,7.450760155916213989e-02,3.272376954555511475e-01,8.836385607719421387e-02,8.079480379819869995e-02,1.252745278179645538e-02,9.950299561023712158e-02,-6.347750872373580933e-02,-6.566461175680160522e-02,-1.163770072162151337e-02,7.306915521621704102e-02,3.944166749715805054e-02,1.379328072071075439e-01,-9.326226264238357544e-02,2.052686549723148346e-02,-7.311958819627761841e-03,-7.469215244054794312e-02,-1.825473457574844360e-01,-1.551678627729415894e-01,-2.347393184900283813e-01,7.412663847208023071e-02,-1.205367222428321838e-02,-1.690755947493016720e-03,3.061412088572978973e-02,1.377940177917480469e-01,1.668162345886230469e-01,-3.978787455707788467e-03,-4.793438315391540527e-02,-1.508839875459671021e-01,-2.294404357671737671e-01
4.494208991527557373e-01,1.000000119209289551e+00,2.142352759838104248e-01,2.345088571310043335e-01,9.069531410932540894e-02,2.550313770771026611e-01,2.313827164471149445e-02,1.930399090051651001e-01,1.507719904184341431e-01,3.060204982757568359e-01,1.812472753226757050e-02,2.776114642620086670e-01,-1.020308863371610641e-02,7.538551837205886841e-02,-4.424487054347991943e-02,7.559571415185928345e-02,2.247400432825088501e-01,2.461761981248855591e-01,3.304665684700012207e-01,4.325822591781616211e-01,-5.862097069621086121e-02,-7.691179402172565460e-03,5.217543616890907288e-02,1.558628529310226440e-01,-3.725002286955714226e-03,-3.314851224422454834e-02,-9.066011011600494385e-02,5.930405575782060623e-03,5.110527575016021729e-02,-2.423119172453880310e-02,-6.838037073612213135e-02,-3.709121793508529663e-02,2.723931670188903809e-01,3.247051239013671875e-01,-2.143588662147521973e-01,-2.709291875362396240e-01,-1.878896504640579224e-01,8.054642379283905029e-02,1.726882606744766235e-01,9.603848308324813843e-02,-7.916173338890075684e-02,2.611518837511539459e-02,-8.860632777214050293e-02,2.482207491993904114e-02,-7.830760627985000610e-02,2.924544364213943481e-02,6.002966687083244324e-02,1.149504333734512329e-01,2.675429731607437134e-02,9.716823697090148926e-02,-7.293378561735153198e-02,-2.102202363312244415e-02,-5.112853646278381348e-02,1.722489856183528900e-02,2.022814750671386719e-01,9.292277693748474121e-02,4.478843808174133301e-01,6.358593106269836426e-01,3.454161584377288818e-01,3.155144155025482178e-01,1.129883080720901489e-01,9.412315487861633301e-02,5.389750376343727112e-02,2.411755323410034180e-01,-8.004448562860488892e-02,-8.870463073253631592e-02,3.001351058483123779e-01,4.875731468200683594e-02,5.121631026268005371e-01,3.606499731540679932e-01,-1.004233397543430328e-02,9.061520546674728394e-02,6.240451708436012268e-02,3.376257047057151794e-02,-1.193788126111030579e-01,-1.731575280427932739e-01,-1.077646836638450623e-01,-7.069274038076400757e-02,1.992032825946807861e-01,2.109185159206390381e-01,6.761469691991806030e-02,2.235729396343231201e-01,-1.139414459466934204e-01,1.021054089069366455e-01,-5.764285102486610413e-02,1.331384778022766113e-01,-8.493797481060028076e-02,9.130198508501052856e-02,1.810494512319564819e-01,5.309471487998962402e-02,-1.252743881195783615e-03,4.106381163001060486e-02,4.521454125642776489e-02,1.026443764567375183e-02,-6.381934881210327148e-02,-8.772400766611099243e-02,-3.897795453667640686e-02,-6.665276736021041870e-02,-6.832648534327745438e-03,-3.426919132471084595e-02,1.433019787073135376e-01,1.510788649320602417e-01,-3.189685195684432983e-02,2.464911341667175293e-02,-1.882168352603912354e-01,-2.578053176403045654e-01,-5.223650857806205750e-02,5.408057570457458496e-02,-3.464834019541740417e-02,-3.132721781730651855e-02,-8.458674699068069458e-02,-2.900744229555130005e-02,8.913870155811309814e-02,-7.440583407878875732e-02,-2.270979285240173340e-01,-2.202318012714385986e-01
5.036776661872863770e-01,2.142352759838104248e-01,9.999995827674865723e-01,5.248097181320190430e-01,3.203826248645782471e-01,3.236658275127410889e-01,5.145450234413146973e-01,2.564811110496520996e-01,5.286880135536193848e-01,3.203302323818206787e-01,1.693489253520965576e-01,1.266269236803054810e-01,3.706394135951995850e-01,2.994747161865234375e-01,3.083394467830657959e-01,2.638274431228637695e-01,2.791041731834411621e-01,-7.210654765367507935e-02,4.972458481788635254e-01,4.209653437137603760e-01,-8.179112523794174194e-02,1.084294989705085754e-01,6.434300541877746582e-01,5.729736685752868652e-01,4.743382930755615234e-01,3.721992075443267822e-01,1.518653631210327148e-01,1.797003000974655151e-01,7.280116528272628784e-02,6.448274850845336914e-02,4.206210076808929443e-01,4.179023802280426025e-01,3.272444009780883789e-01,1.919196397066116333e-01,3.382383286952972412e-01,1.894020885229110718e-01,6.256218254566192627e-02,2.281786799430847168e-01,3.860814571380615234e-01,2.678630650043487549e-01,-7.420507073402404785e-02,1.473398506641387939e-01,2.298528552055358887e-01,1.145020872354507446e-01,1.067210361361503601e-01,-1.712165190838277340e-03,2.258111685514450073e-01,2.477235794067382812e-01,1.565066725015640259e-01,-6.071094423532485962e-02,1.052993610501289368e-01,-1.273330450057983398e-01,4.722466319799423218e-02,1.209193319082260132e-01,4.374431669712066650e-01,2.728654146194458008e-01,4.090638756752014160e-01,1.763219237327575684e-01,3.635678589344024658e-01,8.854854106903076172e-02,4.057488143444061279e-01,-2.198987454175949097e-01,3.417654633522033691e-01,-2.715833187103271484e-01,3.299990296363830566e-01,-2.846927046775817871e-01,3.629904687404632568e-01,2.276185005903244019e-01,3.616984784603118896e-01,3.443167209625244141e-01,3.351933062076568604e-01,3.106606602668762207e-01,2.463367283344268799e-01,2.071114778518676758e-01,2.309169322252273560e-01,1.039281934499740601e-01,2.257069796323776245e-01,2.278249561786651611e-01,2.671106755733489990e-01,5.536137148737907410e-03,3.263432979583740234e-01,-1.698045060038566589e-02,-5.320631340146064758e-02,2.003974318504333496e-01,1.991468369960784912e-01,8.264493942260742188e-02,2.496022433042526245e-01,3.739356100559234619e-01,4.396223723888397217e-01,2.995892763137817383e-01,8.182930201292037964e-02,1.141083836555480957e-01,9.002132713794708252e-02,5.889274179935455322e-02,2.064057737588882446e-01,1.677368879318237305e-01,2.664093971252441406e-01,2.444390207529067993e-01,2.577250003814697266e-01,-6.149214692413806915e-03,-9.383901022374629974e-03,1.019723415374755859e-01,-7.351670414209365845e-02,-9.909791499376296997e-02,-2.740707993507385254e-02,-4.515739902853965759e-02,1.318708956241607666e-01,8.699122816324234009e-02,3.613228723406791687e-02,1.700944602489471436e-01,2.589340507984161377e-01,2.446288466453552246e-01,-1.033575925976037979e-02,-4.044777154922485352e-02,-4.588147625327110291e-02,-8.980588614940643311e-02
2.737291157245635986e-01,2.345088571310043335e-01,5.248097181320190430e-01,1.000000000000000000e+00,3.937921822071075439e-01,4.207864999771118164e-01,3.209338486194610596e-01,5.764677524566650391e-01,4.735940396785736084e-01,3.861078619956970215e-01,9.070140309631824493e-03,2.395605444908142090e-01,1.053192541003227234e-01,3.423984348773956299e-01,2.117882072925567627e-01,3.233195245265960693e-01,1.581819802522659302e-01,6.305947899818420410e-04,3.703501224517822266e-01,5.165111422538757324e-01,-1.499193254858255386e-02,2.385157942771911621e-01,5.773893594741821289e-01,6.511784195899963379e-01,4.751670062541961670e-01,4.323408007621765137e-01,1.542692482471466064e-01,2.772137224674224854e-01,2.214109897613525391e-02,1.057933121919631958e-01,3.740829825401306152e-01,4.809495508670806885e-01,3.422001302242279053e-01,3.835028111934661865e-01,1.792124807834625244e-01,1.357279270887374878e-01,-1.847331970930099487e-02,1.741371750831604004e-01,3.574006557464599609e-01,1.536318808794021606e-01,-1.370380818843841553e-01,8.819185942411422729e-02,1.643589287996292114e-01,1.022550370544195175e-02,5.123261362314224243e-02,1.024196762591600418e-02,7.282026112079620361e-02,1.487803757190704346e-01,8.691347390413284302e-02,-3.017328493297100067e-02,-6.906645372509956360e-03,-7.962985336780548096e-02,-8.960828185081481934e-02,1.275919526815414429e-01,2.723613679409027100e-01,1.848648637533187866e-01,2.767327427864074707e-01,2.191929966211318970e-01,3.131552934646606445e-01,1.503774821758270264e-01,3.813458979129791260e-01,-1.045356765389442444e-01,2.033774554729461670e-01,-1.426192373037338257e-01,2.785117626190185547e-01,-1.402521133422851562e-01,2.846809327602386475e-01,2.534494698047637939e-01,2.568196654319763184e-01,2.661719322204589844e-01,2.991408407688140869e-01,3.378148674964904785e-01,1.956245005130767822e-01,2.080136984586715698e-01,1.301442533731460571e-01,4.475481808185577393e-03,8.415155857801437378e-02,1.721771061420440674e-01,2.613268196582794189e-01,-6.543466448783874512e-02,1.701811105012893677e-01,-3.598758205771446228e-02,-1.235681101679801941e-01,2.499339133501052856e-01,-7.436254620552062988e-02,1.735236346721649170e-01,1.630131453275680542e-01,3.938188552856445312e-01,2.615751922130584717e-01,3.423387408256530762e-01,-1.776367425918579102e-03,-1.501347031444311142e-02,1.384633332490921021e-01,5.762261897325515747e-02,1.569138765335083008e-01,1.022542789578437805e-01,1.395094692707061768e-01,1.376389712095260620e-01,1.848360747098922729e-01,-7.897276431322097778e-02,4.289681091904640198e-02,3.549773991107940674e-02,-1.463073194026947021e-01,-1.539564132690429688e-01,-8.585830032825469971e-02,-1.149821206927299500e-01,-1.950822916114702821e-04,1.476470232009887695e-01,1.057025976479053497e-02,1.251914054155349731e-01,1.275084018707275391e-01,1.935796290636062622e-01,-1.245351582765579224e-01,-1.563316434621810913e-01,-1.130177676677703857e-01,-7.245881482958793640e-03
1.054198071360588074e-01,9.069531410932540894e-02,3.203826248645782471e-01,3.937921822071075439e-01,1.000000119209289551e+00,5.719861984252929688e-01,3.044970929622650146e-01,4.009533524513244629e-01,6.316940188407897949e-01,4.718082547187805176e-01,8.288322016596794128e-03,2.148381173610687256e-01,1.978632062673568726e-01,3.182497620582580566e-01,5.498943924903869629e-01,4.592817127704620361e-01,1.748833507299423218e-01,1.615686714649200439e-01,9.922464191913604736e-02,2.057909369468688965e-01,2.741092741489410400e-01,4.110729396343231201e-01,3.637015521526336670e-01,4.702697992324829102e-01,4.892939329147338867e-01,4.843986332416534424e-01,5.836439728736877441e-01,6.022130846977233887e-01,7.692406326532363892e-02,1.975529044866561890e-01,3.986600935459136963e-01,4.147567749023437500e-01,1.737201958894729614e-01,2.225624918937683105e-01,1.331939548254013062e-01,6.345139443874359131e-02,3.880380839109420776e-02,2.925735414028167725e-01,1.488102823495864868e-01,1.277266144752502441e-01,-4.276644811034202576e-02,1.939494311809539795e-01,7.282879203557968140e-02,8.821111172437667847e-03,-3.876184672117233276e-02,-1.014826670289039612e-01,3.280531987547874451e-02,6.502246111631393433e-02,-1.293332781642675400e-02,-1.140251085162162781e-01,-6.053432077169418335e-02,-1.642174422740936279e-01,-7.296967506408691406e-02,1.057258695363998413e-01,1.276940107345581055e-01,1.415890604257583618e-01,1.389735192060470581e-01,2.129724174737930298e-01,1.303616762161254883e-01,3.317771479487419128e-02,2.107200771570205688e-01,-5.324972420930862427e-02,1.341559141874313354e-01,-7.292932271957397461e-02,1.363843679428100586e-01,-1.950484216213226318e-01,1.036378145217895508e-01,4.981277510523796082e-02,6.754280626773834229e-02,1.393613815307617188e-01,2.886527180671691895e-01,2.967747747898101807e-01,2.496304363012313843e-01,3.013452887535095215e-01,1.681472957134246826e-01,9.226199984550476074e-02,1.392068564891815186e-01,1.798296421766281128e-01,2.062928229570388794e-01,-2.098690718412399292e-02,1.112923473119735718e-01,1.973986625671386719e-02,-6.228217855095863342e-02,2.024748772382736206e-01,-6.603569537401199341e-02,1.234511658549308777e-01,1.472625136375427246e-01,2.870682179927825928e-01,2.222860604524612427e-01,2.719280123710632324e-01,-1.353176683187484741e-01,-1.018021814525127411e-02,7.925034314393997192e-02,7.893046736717224121e-02,2.210875004529953003e-01,1.503117978572845459e-01,9.745731204748153687e-02,1.251122057437896729e-01,4.292998090386390686e-02,-2.677768841385841370e-02,-1.242375671863555908e-01,-4.788838326930999756e-02,-2.603806555271148682e-01,-1.727872341871261597e-01,-9.003198146820068359e-02,-4.432553797960281372e-02,-4.296630620956420898e-02,1.163302958011627197e-01,2.872535958886146545e-02,1.125668808817863464e-01,1.054767668247222900e-01,9.508980810642242432e-02,-3.778464347124099731e-02,-2.320139482617378235e-02,1.024528667330741882e-01,1.152912899851799011e-01
2.205006778240203857e-01,2.550313770771026611e-01,3.236658275127410889e-01,4.207864999771118164e-01,5.719861984252929688e-01,1.000000238418579102e+00,2.055132389068603516e-01,3.341037333011627197e-01,5.651364326477050781e-01,7.280959486961364746e-01,1.039853971451520920e-02,1.607719361782073975e-01,9.556396305561065674e-02,2.151421159505844116e-01,3.100270628929138184e-01,5.256769657135009766e-01,7.999581843614578247e-02,5.115393921732902527e-02,2.516966164112091064e-01,3.534846603870391846e-01,1.668558418750762939e-01,3.290262818336486816e-01,3.845615088939666748e-01,4.932212531566619873e-01,3.283499181270599365e-01,4.212110936641693115e-01,4.460509121417999268e-01,6.096568107604980469e-01,3.349022939801216125e-03,1.962709426879882812e-02,3.037453293800354004e-01,3.493068814277648926e-01,2.454787641763687134e-01,3.541397750377655029e-01,4.773320257663726807e-02,4.019076004624366760e-02,-1.249925643205642700e-01,2.098677605390548706e-01,1.841051131486892700e-01,1.477193236351013184e-01,-1.065721958875656128e-01,1.073197871446609497e-01,4.391981661319732666e-02,4.271781072020530701e-02,-2.700152061879634857e-02,-3.273431956768035889e-02,1.172262653708457947e-01,2.134108245372772217e-01,-5.020528286695480347e-02,-7.202561944723129272e-02,-1.408980041742324829e-01,-1.364138871431350708e-01,-1.792106032371520996e-02,1.327514946460723877e-01,2.329863458871841431e-01,1.918014734983444214e-01,2.634090781211853027e-01,3.010064065456390381e-01,1.855497062206268311e-01,1.037602648138999939e-01,1.972431838512420654e-01,-3.425909951329231262e-02,1.585672199726104736e-01,1.516504026949405670e-02,7.292266935110092163e-02,-1.356183141469955444e-01,2.517914772033691406e-01,1.503329575061798096e-01,2.766632735729217529e-01,2.340750843286514282e-01,1.974176019430160522e-01,2.678958773612976074e-01,1.129394769668579102e-01,1.553086340427398682e-01,5.159251764416694641e-02,-9.647943079471588135e-02,5.288400501012802124e-02,1.383626312017440796e-01,1.005918309092521667e-01,4.054834321141242981e-02,1.809076964855194092e-02,3.513609617948532104e-02,-2.088592052459716797e-01,6.895057857036590576e-02,-1.226603761315345764e-01,1.690462678670883179e-01,-3.078927518799901009e-03,2.843668460845947266e-01,2.868309020996093750e-01,3.273234665393829346e-01,8.108364045619964600e-02,9.667483717203140259e-02,2.619748115539550781e-01,2.238539457321166992e-01,8.845749497413635254e-02,5.992730334401130676e-02,1.266227066516876221e-01,6.774012744426727295e-02,1.601986289024353027e-01,3.969737514853477478e-02,1.398123651742935181e-01,1.777310073375701904e-01,-5.995593592524528503e-02,-1.234304532408714294e-01,-1.099689155817031860e-01,-1.687292307615280151e-01,8.890677243471145630e-03,1.038295030593872070e-01,2.673295140266418457e-02,1.327002495527267456e-01,9.271224588155746460e-02,1.211008429527282715e-01,4.207294806838035583e-02,-3.186584636569023132e-02,-1.022346615791320801e-01,3.386135026812553406e-02
3.023686110973358154e-01,2.313827164471149445e-02,5.145450234413146973e-01,3.209338486194610596e-01,3.044970929622650146e-01,2.055132389068603516e-01,1.000000000000000000e+00,2.868669927120208740e-01,4.365548491477966309e-01,1.953963339328765869e-01,4.183029830455780029e-01,2.403100878000259399e-01,6.136808395385742188e-01,3.568989634513854980e-01,4.229308664798736572e-01,2.340248525142669678e-01,3.658218979835510254e-01,1.010930463671684265e-01,1.800285726785659790e-01,6.155865639448165894e-02,7.436037063598632812e-02,1.663093864917755127e-01,5.139390230178833008e-01,3.970273733139038086e-01,3.595097661018371582e-01,2.609840929508209229e-01,2.271817028522491455e-01,1.764262169599533081e-01,3.618619143962860107e-01,2.438112497329711914e-01,5.404092669486999512e-01,4.278332591056823730e-01,2.387157231569290161e-01,1.426819711923599243e-01,2.082822620868682861e-01,1.771464496850967407e-01,1.518085598945617676e-01,6.710686534643173218e-02,2.455032318830490112e-01,1.121621355414390564e-01,5.768393352627754211e-02,5.143088474869728088e-02,5.829866603016853333e-02,-3.754004836082458496e-02,-3.114213701337575912e-03,-7.188820093870162964e-02,-3.344026207923889160e-02,-6.681068986654281616e-02,5.939519777894020081e-02,-1.516364607959985733e-02,1.801315695047378540e-02,-4.291417822241783142e-02,-9.162573842331767082e-04,-4.689393937587738037e-02,1.466489881277084351e-01,-2.585842274129390717e-03,2.105297893285751343e-01,1.104111522436141968e-01,1.757178306579589844e-01,6.774896383285522461e-02,2.400232404470443726e-01,-4.091383889317512512e-04,3.074429035186767578e-01,-6.755311787128448486e-02,1.536961942911148071e-01,-1.133086457848548889e-01,1.257977541536092758e-02,5.932772997766733170e-03,-4.102519899606704712e-02,-5.944925174117088318e-02,5.335378050804138184e-01,4.853851497173309326e-01,3.427186906337738037e-01,2.914359569549560547e-01,2.391249388456344604e-01,2.564359009265899658e-01,2.605372071266174316e-01,2.795551121234893799e-01,2.428066730499267578e-01,1.034414991736412048e-01,3.022632002830505371e-01,5.386217683553695679e-02,1.886665970087051392e-01,1.364026516675949097e-01,1.902239769697189331e-01,-1.506666243076324463e-01,2.535707056522369385e-01,6.406554579734802246e-02,1.846356540918350220e-01,-1.969366706907749176e-02,3.342241421341896057e-02,-1.613314263522624969e-02,-2.699022740125656128e-02,-2.027869075536727905e-01,1.519218385219573975e-01,5.988344550132751465e-02,1.651602387428283691e-01,8.555592596530914307e-02,1.625096201896667480e-01,-6.844707578420639038e-02,-1.893465071916580200e-01,-1.655693650245666504e-01,-2.471654117107391357e-01,-2.147016674280166626e-01,-7.831766456365585327e-02,-6.360657513141632080e-02,9.936289489269256592e-02,-6.254983693361282349e-02,-6.092555820941925049e-02,8.085595443844795227e-03,8.361599594354629517e-02,2.766533941030502319e-02,6.407040357589721680e-02,-1.498393900692462921e-02,3.203456103801727295e-02,-9.255877882242202759e-02
5.611663218587636948e-03,1.930399090051651001e-01,2.564811110496520996e-01,5.764677524566650391e-01,4.009533524513244629e-01,3.341037333011627197e-01,2.868669927120208740e-01,1.000000119209289551e+00,4.029463827610015869e-01,3.193581104278564453e-01,1.046465709805488586e-02,5.706400871276855469e-01,1.196654736995697021e-01,5.854224562644958496e-01,3.661322593688964844e-01,3.745433986186981201e-01,2.081768363714218140e-01,3.591616153717041016e-01,7.906182855367660522e-02,2.160224914550781250e-01,3.011494278907775879e-01,3.652209639549255371e-01,3.380597531795501709e-01,4.524415135383605957e-01,4.582702815532684326e-01,4.495257139205932617e-01,3.382585942745208740e-01,3.277055323123931885e-01,2.110439389944076538e-01,3.706676959991455078e-01,3.798583149909973145e-01,4.323627948760986328e-01,2.408528923988342285e-01,3.189268410205841064e-01,-2.005147747695446014e-02,2.373083308339118958e-02,1.215599924325942993e-01,3.116030991077423096e-01,2.459877729415893555e-01,1.912792921066284180e-01,1.434023678302764893e-02,1.085131764411926270e-01,-1.386422291398048401e-02,-1.509956121444702148e-01,-2.112875878810882568e-01,-1.530558466911315918e-01,-1.278840601444244385e-01,-1.476959045976400375e-02,-1.009588465094566345e-01,-1.339224725961685181e-01,-9.997212141752243042e-02,-1.340375095605850220e-01,-1.807723641395568848e-01,1.241595968604087830e-01,1.060791909694671631e-01,1.355458796024322510e-01,6.172361969947814941e-02,1.787042915821075439e-01,4.534697160124778748e-02,-3.312686830759048462e-02,2.706494331359863281e-01,-9.303414821624755859e-02,1.835122853517532349e-01,2.286040922626852989e-03,1.600882261991500854e-01,-1.852718442678451538e-01,-2.882306650280952454e-02,-1.565286330878734589e-02,-2.921434934251010418e-04,4.461437463760375977e-02,3.571456074714660645e-01,4.451355040073394775e-01,3.510303795337677002e-01,4.165467619895935059e-01,2.307180017232894897e-01,2.141205221414566040e-01,9.444816410541534424e-02,2.023921012878417969e-01,3.247418105602264404e-01,4.048324003815650940e-02,1.964546144008636475e-01,1.911597996950149536e-01,1.275663375854492188e-01,4.247479140758514404e-01,-6.853108108043670654e-02,2.279100120067596436e-01,1.784708648920059204e-01,3.417652249336242676e-01,1.221332177519798279e-01,2.424154132604598999e-01,-1.589173078536987305e-01,-7.276263087987899780e-02,7.757353037595748901e-02,7.640335708856582642e-02,2.597354054450988770e-01,1.449340283870697021e-01,1.361846774816513062e-01,1.364457607269287109e-01,8.656007796525955200e-02,-7.128316443413496017e-03,-1.752918213605880737e-02,-2.866821130737662315e-03,-2.144148796796798706e-01,-8.200685679912567139e-02,-9.505617618560791016e-02,-8.592302352190017700e-02,-6.362456083297729492e-02,1.716897487640380859e-01,-2.639448968693614006e-03,9.894166141748428345e-02,3.454959392547607422e-02,1.018970161676406860e-01,-8.189118653535842896e-02,-1.013823673129081726e-01,1.252112677320837975e-03,5.343571305274963379e-02
2.192932516336441040e-01,1.507719904184341431e-01,5.286880135536193848e-01,4.735940396785736084e-01,6.316940188407897949e-01,5.651364326477050781e-01,4.365548491477966309e-01,4.029463827610015869e-01,9.999995827674865723e-01,5.510926842689514160e-01,9.403768181800842285e-02,2.764597237110137939e-01,3.595696985721588135e-01,4.012255370616912842e-01,6.052073836326599121e-01,5.067523121833801270e-01,2.372365593910217285e-01,1.639193296432495117e-01,2.787005603313446045e-01,2.901758551597595215e-01,1.760466694831848145e-01,3.552206754684448242e-01,5.525901317596435547e-01,5.619824528694152832e-01,5.894542932510375977e-01,5.469105839729309082e-01,4.874782860279083252e-01,4.988807737827301025e-01,1.298846900463104248e-01,2.485632598400115967e-01,5.237546563148498535e-01,4.761449694633483887e-01,1.966970264911651611e-01,1.677299886941909790e-01,2.164204120635986328e-01,1.104150414466857910e-01,4.980684444308280945e-02,3.252443671226501465e-01,2.410140931606292725e-01,2.176481783390045166e-01,-3.144248202443122864e-02,1.912206560373306274e-01,9.995139390230178833e-02,1.927803456783294678e-02,-4.273860156536102295e-02,-1.292352676391601562e-01,7.680391520261764526e-02,1.354770660400390625e-01,-2.856905758380889893e-02,-1.574531644582748413e-01,-5.309259518980979919e-02,-1.966671049594879150e-01,-3.074206411838531494e-02,1.149566024541854858e-01,2.819456458091735840e-01,2.503537237644195557e-01,2.442539185285568237e-01,2.173051089048385620e-01,1.836867779493331909e-01,1.975921913981437683e-02,2.769464850425720215e-01,-1.502208262681961060e-01,2.202089875936508179e-01,-1.179963499307632446e-01,1.881086081266403198e-01,-2.530748546123504639e-01,1.313899010419845581e-01,5.399824306368827820e-02,1.638276726007461548e-01,1.694810092449188232e-01,3.795586824417114258e-01,3.887606561183929443e-01,2.555166482925415039e-01,3.307997286319732666e-01,2.014553844928741455e-01,1.669960916042327881e-01,1.663392931222915649e-01,2.059379667043685913e-01,2.631266415119171143e-01,4.719983413815498352e-02,2.711253166198730469e-01,1.263201236724853516e-01,-5.358087643980979919e-02,2.758202552795410156e-01,4.475567117333412170e-02,1.553701013326644897e-01,2.011868357658386230e-01,3.505833148956298828e-01,3.545164763927459717e-01,2.875181436538696289e-01,8.203754201531410217e-03,1.023996695876121521e-01,9.696409851312637329e-02,9.008371084928512573e-02,2.240577638149261475e-01,1.548849493265151978e-01,2.105444818735122681e-01,2.288993895053863525e-01,2.049457877874374390e-01,6.389008462429046631e-02,-6.194211170077323914e-02,6.801602244377136230e-02,-1.642876416444778442e-01,-6.388251483440399170e-02,-1.668966561555862427e-02,2.972040791064500809e-03,2.346649952232837677e-02,1.050718873739242554e-01,3.052166849374771118e-02,1.944045722484588623e-01,1.845622807741165161e-01,1.430857032537460327e-01,9.969862550497055054e-02,7.049751281738281250e-02,8.072378486394882202e-02,7.486122101545333862e-02
1.905397921800613403e-01,3.060204982757568359e-01,3.203302323818206787e-01,3.861078619956970215e-01,4.718082547187805176e-01,7.280959486961364746e-01,1.953963339328765869e-01,3.193581104278564453e-01,5.510926842689514160e-01,9.999998211860656738e-01,-2.534141205251216888e-02,2.170412689447402954e-01,8.753404021263122559e-02,2.372408211231231689e-01,2.881035804748535156e-01,5.165897011756896973e-01,4.783789813518524170e-02,9.400723129510879517e-02,2.029924541711807251e-01,3.107348680496215820e-01,1.702315509319305420e-01,2.924035489559173584e-01,3.273176252841949463e-01,4.819208383560180664e-01,3.419507443904876709e-01,4.190826117992401123e-01,3.922418951988220215e-01,4.878567159175872803e-01,2.120217308402061462e-02,4.014208167791366577e-02,2.728909254074096680e-01,2.992925941944122314e-01,1.257213503122329712e-01,2.363999634981155396e-01,-1.015705615282058716e-02,-2.818014100193977356e-02,-1.038699001073837280e-01,2.743419706821441650e-01,1.087123304605484009e-01,2.014456838369369507e-01,-3.140253201127052307e-02,1.209058240056037903e-01,-8.672335743904113770e-02,-7.526172697544097900e-02,-1.839227676391601562e-01,-1.656160503625869751e-01,-8.408740162849426270e-03,1.462641656398773193e-01,-1.842693388462066650e-01,-1.636193692684173584e-01,-2.524846196174621582e-01,-1.959215551614761353e-01,-1.215870007872581482e-01,6.984549015760421753e-02,1.834284812211990356e-01,1.874105781316757202e-01,2.479373514652252197e-01,3.468549847602844238e-01,1.484741717576980591e-01,9.734244644641876221e-02,1.458898931741714478e-01,-4.420710727572441101e-02,7.404337078332901001e-02,4.400763660669326782e-02,-5.734329577535390854e-03,-1.552883535623550415e-01,1.698455810546875000e-01,2.589380741119384766e-02,2.784266173839569092e-01,1.677859425544738770e-01,1.914251446723937988e-01,2.790851593017578125e-01,1.094637140631675720e-01,1.680889576673507690e-01,3.812499716877937317e-02,-8.322875946760177612e-02,-1.584611833095550537e-02,7.629795372486114502e-02,7.851631194353103638e-02,1.446598209440708160e-02,-2.995744906365871429e-02,1.212951242923736572e-01,-1.858604252338409424e-01,1.357489824295043945e-01,-1.829209178686141968e-01,2.046472877264022827e-01,-7.479988038539886475e-02,3.054698109626770020e-01,2.011869996786117554e-01,2.726483643054962158e-01,4.030790925025939941e-02,1.233466938138008118e-01,1.561081856489181519e-01,1.762115359306335449e-01,9.508597850799560547e-02,6.056597456336021423e-02,1.225357577204704285e-01,4.687086492776870728e-02,1.279581040143966675e-01,6.811226904392242432e-02,1.266726255416870117e-01,2.285191118717193604e-01,-9.168991446495056152e-02,-6.707037240266799927e-02,-1.540281921625137329e-01,-2.136199027299880981e-01,3.899069130420684814e-02,1.095796450972557068e-01,5.325811449438333511e-03,1.152086257934570312e-01,3.298405557870864868e-03,-4.136622417718172073e-03,7.913431525230407715e-02,-3.211827203631401062e-02,-1.157592460513114929e-01,-1.479337085038423538e-02
3.818733096122741699e-01,1.812472753226757050e-02,1.693489253520965576e-01,9.070140309631824493e-03,8.288322016596794128e-03,1.039853971451520920e-02,4.183029830455780029e-01,1.046465709805488586e-02,9.403768181800842285e-02,-2.534141205251216888e-02,9.999997019767761230e-01,1.981020569801330566e-01,6.449774503707885742e-01,2.405852079391479492e-01,1.654661893844604492e-01,3.142025694251060486e-02,5.130882263183593750e-01,2.716312371194362640e-02,1.743039786815643311e-01,2.425572276115417480e-02,-1.373933721333742142e-02,-3.098729532212018967e-03,1.876296699047088623e-01,5.454377830028533936e-02,2.623759582638740540e-02,-9.240154922008514404e-02,-5.091957375407218933e-02,-7.633538334630429745e-04,4.826309978961944580e-01,1.366780400276184082e-01,2.205950468778610229e-01,1.454968452453613281e-01,3.572436273097991943e-01,2.551108896732330322e-01,3.484909236431121826e-02,1.612411886453628540e-01,1.401655375957489014e-01,-8.145006000995635986e-02,1.563311815261840820e-01,8.912631124258041382e-02,6.074609234929084778e-02,-5.251371767371892929e-03,1.172609329223632812e-01,1.796776056289672852e-01,1.704795807600021362e-01,2.184250950813293457e-01,7.561441510915756226e-02,5.047879368066787720e-02,2.673752903938293457e-01,3.214561939239501953e-01,2.338755279779434204e-01,2.680913209915161133e-01,1.233911439776420593e-01,1.004064381122589111e-01,8.055522292852401733e-02,-4.570585489273071289e-02,2.771061956882476807e-01,-4.093979671597480774e-02,2.261620461940765381e-01,7.352935522794723511e-02,1.987401992082595825e-01,-9.338521212339401245e-02,3.262505233287811279e-01,-9.652720391750335693e-02,1.343277543783187866e-01,-2.587448991835117340e-02,1.117217168211936951e-01,1.173878163099288940e-01,-2.377768047153949738e-02,-3.752174787223339081e-03,3.761266171932220459e-01,2.476784437894821167e-01,2.643530666828155518e-01,8.100973069667816162e-02,1.498562246561050415e-01,1.290231198072433472e-01,3.951508104801177979e-01,2.889606356620788574e-01,1.863200366497039795e-01,1.349728554487228394e-01,2.813000380992889404e-01,-8.375494182109832764e-02,2.378312349319458008e-01,-6.736130267381668091e-02,2.885803878307342529e-01,-2.533248960971832275e-01,1.802903115749359131e-01,-1.778482794761657715e-01,8.004344999790191650e-02,-7.565259188413619995e-02,1.130496431142091751e-02,-5.647892132401466370e-02,-1.235873401165008545e-01,-3.155063986778259277e-01,6.387590430676937103e-03,2.664010506123304367e-03,7.332874089479446411e-02,1.859014108777046204e-02,1.476310491561889648e-01,-2.567684650421142578e-02,-2.208584547042846680e-01,-2.892953753471374512e-01,-1.663235872983932495e-01,-2.208717018365859985e-01,-5.734683200716972351e-02,-6.998471170663833618e-02,1.121817007660865784e-01,-1.046123579144477844e-01,3.624418750405311584e-03,-6.733312457799911499e-02,1.010963097214698792e-01,8.232869207859039307e-02,4.043151438236236572e-02,8.441203087568283081e-02,8.989553153514862061e-02,-3.070609830319881439e-02
4.420659504830837250e-03,2.776114642620086670e-01,1.266269236803054810e-01,2.395605444908142090e-01,2.148381173610687256e-01,1.607719361782073975e-01,2.403100878000259399e-01,5.706400871276855469e-01,2.764597237110137939e-01,2.170412689447402954e-01,1.981020569801330566e-01,1.000000119209289551e+00,2.600755691528320312e-01,6.250311136245727539e-01,4.337384402751922607e-01,3.651764988899230957e-01,3.840536773204803467e-01,6.152918338775634766e-01,1.014233157038688660e-01,9.865057468414306641e-02,3.705851137638092041e-01,3.695892989635467529e-01,1.574155241250991821e-01,1.700226664543151855e-01,3.062649667263031006e-01,2.057651579380035400e-01,2.803680300712585449e-01,1.979590207338333130e-01,4.165452420711517334e-01,5.411077141761779785e-01,2.861840128898620605e-01,2.279601395130157471e-01,2.675172090530395508e-01,2.850112020969390869e-01,-5.700180307030677795e-02,1.993566937744617462e-02,2.049918025732040405e-01,3.851830363273620605e-01,1.723410338163375854e-01,2.950923442840576172e-01,1.376487463712692261e-01,1.043836250901222229e-01,-2.827116660773754120e-02,-7.359254360198974609e-02,-2.579188346862792969e-01,-1.341808885335922241e-01,-8.983467519283294678e-02,2.853130176663398743e-02,-8.402244746685028076e-02,-5.962942913174629211e-02,4.689674824476242065e-02,4.583623260259628296e-02,-4.208017140626907349e-02,1.692910045385360718e-01,9.759309142827987671e-02,2.192447781562805176e-01,-4.321509972214698792e-02,1.891252100467681885e-01,-1.164638400077819824e-01,-1.138996779918670654e-01,4.055740684270858765e-02,-8.810409158468246460e-02,9.047343581914901733e-02,1.691562533378601074e-01,2.838541008532047272e-02,-1.487668901681900024e-01,-1.368177980184555054e-01,-1.476115435361862183e-01,-5.621515959501266479e-02,-6.801532208919525146e-02,4.334428906440734863e-01,4.873383045196533203e-01,4.995732903480529785e-01,5.516024231910705566e-01,3.180721402168273926e-01,4.069678783416748047e-01,2.360966503620147705e-01,2.969090342521667480e-01,4.255073666572570801e-01,2.502883374691009521e-01,3.102293908596038818e-01,4.658365249633789062e-01,2.791832387447357178e-01,5.089993476867675781e-01,7.556191086769104004e-02,3.113589584827423096e-01,1.895061135292053223e-01,1.857457756996154785e-01,9.889192879199981689e-02,1.635147780179977417e-01,-1.228285357356071472e-01,4.623831063508987427e-02,-2.584212645888328552e-02,1.887854561209678650e-02,2.519385218620300293e-01,1.546553075313568115e-01,1.797615289688110352e-01,2.152947634458541870e-01,1.145386695861816406e-01,1.396427899599075317e-01,-6.236667558550834656e-02,7.114971429109573364e-02,-1.070953756570816040e-01,1.674716621637344360e-01,-4.272865597158670425e-03,6.109302490949630737e-02,-2.482045441865921021e-02,1.632346212863922119e-01,-4.815454408526420593e-02,1.098867133259773254e-01,9.889975190162658691e-02,9.227171540260314941e-02,1.233090311288833618e-01,6.581089645624160767e-02,8.164759725332260132e-02,9.529180824756622314e-03
3.301371932029724121e-01,-1.020308863371610641e-02,3.706394135951995850e-01,1.053192541003227234e-01,1.978632062673568726e-01,9.556396305561065674e-02,6.136808395385742188e-01,1.196654736995697021e-01,3.595696985721588135e-01,8.753404021263122559e-02,6.449774503707885742e-01,2.600755691528320312e-01,9.999999403953552246e-01,3.938668668270111084e-01,4.378778040409088135e-01,1.963807493448257446e-01,4.571168124675750732e-01,9.348660707473754883e-02,1.693685203790664673e-01,-7.342278026044368744e-03,8.990985900163650513e-02,1.018508225679397583e-01,3.583012521266937256e-01,1.986462175846099854e-01,2.443538308143615723e-01,1.431922614574432373e-01,1.725523918867111206e-01,1.167962923645973206e-01,4.644860923290252686e-01,2.555276155471801758e-01,4.078273773193359375e-01,2.624873816967010498e-01,2.274517416954040527e-01,8.652725070714950562e-02,1.649809330701828003e-01,1.921999007463455200e-01,2.200674265623092651e-01,7.240106910467147827e-02,2.443814575672149658e-01,1.721986979246139526e-01,1.064033210277557373e-01,8.212798088788986206e-02,8.116531372070312500e-02,8.628499507904052734e-02,3.930746391415596008e-02,2.235617488622665405e-02,3.630726039409637451e-02,1.986997202038764954e-02,1.526539772748947144e-01,1.294964253902435303e-01,1.579353958368301392e-01,1.189464181661605835e-01,1.013199836015701294e-01,7.659252732992172241e-02,1.757353246212005615e-01,3.708704188466072083e-02,2.081615626811981201e-01,-2.770167030394077301e-02,1.844129711389541626e-01,2.775800600647926331e-02,2.144970148801803589e-01,-1.237770095467567444e-01,3.087932765483856201e-01,-1.435647457838058472e-01,1.836141049861907959e-01,-1.025893688201904297e-01,3.389202803373336792e-02,2.794426307082176208e-02,-1.893108338117599487e-02,-4.007316194474697113e-03,4.609298408031463623e-01,3.436400294303894043e-01,3.112614452838897705e-01,2.242741137742996216e-01,2.179708182811737061e-01,2.468271106481552124e-01,3.773748874664306641e-01,3.307413458824157715e-01,2.454776167869567871e-01,1.137862801551818848e-01,3.199005424976348877e-01,1.210677530616521835e-02,2.470163255929946899e-01,7.657615095376968384e-02,3.205808103084564209e-01,-1.317193955183029175e-01,2.244688421487808228e-01,-2.406640164554119110e-02,2.056466639041900635e-01,-2.488418482244014740e-02,3.378561511635780334e-02,3.809697926044464111e-02,-9.749780595302581787e-02,-2.286058366298675537e-01,1.728644073009490967e-01,1.157225295901298523e-01,1.726497858762741089e-01,1.218770518898963928e-01,1.881491243839263916e-01,2.043933421373367310e-02,-2.818571925163269043e-01,-2.187258154153823853e-01,-2.260843068361282349e-01,-1.760679036378860474e-01,-2.752619981765747070e-02,-1.741228811442852020e-02,1.732068806886672974e-01,-3.054759465157985687e-02,-3.183186426758766174e-02,1.357006561011075974e-02,1.497844755649566650e-01,7.115928083658218384e-02,1.011938601732254028e-01,1.073004454374313354e-01,1.600000113248825073e-01,-1.308094616979360580e-02
