1.000000119209289551e+00,6.292084604501724243e-02,3.971338868141174316e-01,2.993241548538208008e-01,2.459351569414138794e-01,1.218176409602165222e-01,3.347581326961517334e-01,3.816474974155426025e-01,4.673020169138908386e-02,-1.460580062121152878e-02,4.509114027023315430e-01,2.614597789943218231e-02,5.071441531181335449e-01,2.391741871833801270e-01,1.080028116703033447e-01,-1.005102894851006567e-04,1.905242800712585449e-01,-8.736089617013931274e-02,1.696574389934539795e-01,2.748435139656066895e-01,2.184553444385528564e-02,9.837538003921508789e-03,3.230914846062660217e-02,8.629502356052398682e-02,1.563231796026229858e-01,1.783708930015563965e-01,1.102653518319129944e-01,1.469341069459915161e-01,4.192779064178466797e-01,1.166407093405723572e-01,9.960789233446121216e-02,1.067173406481742859e-01,2.818345427513122559e-01,1.063675656914710999e-01,1.499373912811279297e-01,9.945198148488998413e-02,1.274772137403488159e-01,7.956044375896453857e-02,1.116759106516838074e-01,-9.923893958330154419e-02,2.671847939491271973e-01,1.165357381105422974e-01,-1.102294474840164185e-01,3.069388866424560547e-02,2.771761827170848846e-02,-1.736635528504848480e-02,1.040960028767585754e-01,3.254980221390724182e-02,5.303394049406051636e-02,-1.004219055175781250e-01,2.067206650972366333e-01,-1.232934221625328064e-01,7.049355655908584595e-02,-4.795644804835319519e-02,1.280857920646667480e-01,-6.033370643854141235e-02,4.234390854835510254e-01,-2.620537877082824707e-01,2.777793407440185547e-01,7.134016137570142746e-03,1.673661768436431885e-01,-9.041535854339599609e-02,1.795726567506790161e-01,-1.856992840766906738e-01,1.891715973615646362e-01,-2.678375132381916046e-02,2.657228410243988037e-01,1.794100403785705566e-01,2.670625150203704834e-01,1.480571776628494263e-01,2.207212150096893311e-01,1.997448801994323730e-01,3.906882703304290771e-01,2.795865833759307861e-01,-1.390893664211034775e-02,-1.342557668685913086e-01,2.247951775789260864e-01,1.851727962493896484e-01,2.233366668224334717e-01,1.090011838823556900e-02,1.630632728338241577e-01,-1.306588798761367798e-01,2.269876301288604736e-01,-6.196327507495880127e-02,1.137137562036514282e-01,-1.527905911207199097e-01,8.822317421436309814e-02,-7.546342909336090088e-02,1.119538769125938416e-01,-4.717699438333511353e-02,4.095501452684402466e-02,-1.870204806327819824e-01,9.038406610488891602e-02,-1.044841930270195007e-01,1.386871188879013062e-01,1.406287550926208496e-01,1.805805116891860962e-01,1.089733392000198364e-01,1.019238531589508057e-01,-9.246927499771118164e-02,1.405934393405914307e-01,-2.201446443796157837e-01,-6.464709993451833725e-03,-1.860143095254898071e-01,5.209534242749214172e-02,1.279510557651519775e-02,1.890509948134422302e-02,-7.553813606500625610e-02,9.914425760507583618e-02,1.542387008666992188e-01,1.591027528047561646e-01,-8.837041095830500126e-04,-2.124959975481033325e-02,-5.533194635063409805e-03,5.387168750166893005e-02,4.317232221364974976e-02
6.292084604501724243e-02,1.000000238418579102e+00,1.866287738084793091e-01,2.202433496713638306e-01,1.454834789037704468e-01,4.585012327879667282e-03,1.683062873780727386e-02,2.345531433820724487e-01,2.467614859342575073e-01,1.126353591680526733e-01,-4.326020926237106323e-02,5.783357024192810059e-01,2.719072811305522919e-02,2.877882421016693115e-01,1.462859362363815308e-01,1.918710172176361084e-01,4.400046542286872864e-02,5.785647034645080566e-01,2.024559974670410156e-01,3.068149387836456299e-01,2.036008089780807495e-01,1.445372998714447021e-01,6.356091797351837158e-02,3.207187727093696594e-02,1.089299172163009644e-01,2.396194338798522949e-01,1.898978948593139648e-01,1.452506035566329956e-01,9.637849032878875732e-02,5.050668120384216309e-01,2.121044248342514038e-01,1.431936770677566528e-01,4.377917945384979248e-01,5.930102467536926270e-01,1.168277710676193237e-01,5.383585393428802490e-02,1.607388705015182495e-01,2.147871851921081543e-01,2.072906494140625000e-01,1.547714471817016602e-01,1.600290685892105103e-01,1.753041744232177734e-01,8.333938568830490112e-02,2.578211128711700439e-01,1.020304337143898010e-01,2.556465566158294678e-01,5.396032705903053284e-02,3.318009972572326660e-01,-3.136980161070823669e-02,3.709125220775604248e-01,-7.133756577968597412e-02,4.199532866477966309e-01,-1.722104996442794800e-01,9.639108180999755859e-02,3.510648384690284729e-02,2.737162113189697266e-01,1.231079474091529846e-01,6.173765063285827637e-01,-1.120044589042663574e-01,2.712513208389282227e-01,-1.519292891025543213e-01,2.888598740100860596e-01,-2.844157218933105469e-01,3.223349452018737793e-01,-3.960923850536346436e-02,3.298539221286773682e-01,1.492370516061782837e-01,2.919308245182037354e-01,3.183999657630920410e-01,3.189903199672698975e-01,9.390578418970108032e-02,1.968495696783065796e-01,1.495698541402816772e-01,4.113079905509948730e-01,2.603541593998670578e-03,1.207271814346313477e-01,2.715584821999073029e-02,7.129401713609695435e-02,1.461848318576812744e-01,3.945269286632537842e-01,-3.263181447982788086e-02,4.893600046634674072e-01,-4.632829502224922180e-02,4.570495486259460449e-01,1.615962572395801544e-02,4.977843165397644043e-01,7.870149612426757812e-02,3.993353247642517090e-01,8.977530151605606079e-02,4.755725562572479248e-01,-1.405407041311264038e-01,2.677248418331146240e-01,9.616864472627639771e-02,3.093936741352081299e-01,1.139406934380531311e-01,2.243673056364059448e-01,1.189143136143684387e-01,2.101768702268600464e-01,1.837296783924102783e-02,3.352162241935729980e-01,2.139663398265838623e-01,3.149084448814392090e-01,4.408863931894302368e-02,2.712602019309997559e-01,2.184142023324966431e-01,4.294536709785461426e-01,6.578413769602775574e-03,2.938364744186401367e-01,8.709242194890975952e-02,7.941290736198425293e-02,8.412387967109680176e-02,1.537701934576034546e-01,1.721843183040618896e-01,2.656411230564117432e-01,2.356850355863571167e-01,2.119954861700534821e-02
3.971338868141174316e-01,1.866287738084793091e-01,1.000000119209289551e+00,3.783797621726989746e-01,2.086028903722763062e-01,5.496167019009590149e-02,5.823127627372741699e-01,4.616582393646240234e-01,1.752349585294723511e-01,1.270471364259719849e-01,1.442283987998962402e-01,1.418403834104537964e-01,2.787126600742340088e-01,2.517960071563720703e-01,1.010104045271873474e-01,1.467228829860687256e-01,1.297162324190139771e-01,1.476419270038604736e-01,3.076744079589843750e-01,3.400905430316925049e-01,-2.126955194398760796e-03,4.276625812053680420e-02,2.303044348955154419e-01,2.707632184028625488e-01,2.511570751667022705e-01,2.516504526138305664e-01,1.038463190197944641e-01,1.902128607034683228e-01,2.305316179990768433e-01,1.961044818162918091e-01,2.177472412586212158e-01,2.036112695932388306e-01,2.023141086101531982e-01,2.381458282470703125e-01,2.676750421524047852e-01,2.143753170967102051e-01,9.461490064859390259e-02,1.489075124263763428e-01,7.411752641201019287e-02,-5.259247869253158569e-02,2.221596539020538330e-01,1.814382225275039673e-01,6.065180152654647827e-02,2.462467849254608154e-01,1.093747317790985107e-01,1.482978761196136475e-01,1.805242300033569336e-01,2.727434635162353516e-01,5.250028893351554871e-02,1.070434302091598511e-01,-3.199491649866104126e-03,9.821690618991851807e-02,-2.403092943131923676e-02,1.940145040862262249e-03,4.487518966197967529e-02,7.685844600200653076e-02,1.803596615791320801e-01,8.923336863517761230e-02,5.382156372070312500e-02,-3.953601233661174774e-03,5.712291691452264786e-03,-1.473727636039257050e-02,-1.759858056902885437e-02,-9.602214395999908447e-02,1.010464429855346680e-01,6.499521434307098389e-02,1.986169070005416870e-01,1.993152499198913574e-01,1.113506779074668884e-01,7.699437905102968216e-03,1.981656849384307861e-01,2.244288027286529541e-01,1.530826538801193237e-01,2.205541729927062988e-01,-5.789976567029953003e-02,-1.242214534431695938e-02,1.910271793603897095e-01,1.421446502208709717e-01,1.624159216880798340e-01,1.177333146333694458e-01,8.833941817283630371e-02,8.569881319999694824e-02,1.986425518989562988e-01,1.542933285236358643e-01,5.644266307353973389e-02,8.420664072036743164e-02,8.472632616758346558e-02,1.285244226455688477e-01,1.600155532360076904e-01,1.746880114078521729e-01,3.304061293601989746e-02,6.895917654037475586e-02,1.478170454502105713e-01,1.939620375633239746e-01,1.201265454292297363e-01,1.519609242677688599e-01,1.924094706773757935e-01,2.110650688409805298e-01,9.301475435495376587e-02,1.293007433414459229e-01,2.104657292366027832e-01,1.558074206113815308e-01,1.077094152569770813e-01,1.321098357439041138e-01,1.161492690443992615e-01,1.317903101444244385e-01,1.173689588904380798e-02,2.417426556348800659e-03,1.029942259192466736e-01,1.844125539064407349e-01,1.418511718511581421e-01,2.332252077758312225e-02,4.547816887497901917e-02,2.252715453505516052e-02,1.032692790031433105e-01,1.357029676437377930e-01
2.993241548538208008e-01,2.202433496713638306e-01,3.783797621726989746e-01,1.000000357627868652e+00,1.321803331375122070e-01,1.421496868133544922e-01,2.886730730533599854e-01,6.233156323432922363e-01,8.715958148241043091e-02,2.174069285392761230e-01,1.134767234325408936e-01,2.371516078710556030e-01,2.203598171472549438e-01,3.182815611362457275e-01,8.896346390247344971e-02,2.137187719345092773e-01,1.284147650003433228e-01,1.985810399055480957e-01,2.600094079971313477e-01,4.273448884487152100e-01,3.572509810328483582e-02,7.860275357961654663e-02,1.965437978506088257e-01,5.459170937538146973e-01,4.748009517788887024e-02,1.626670509576797485e-01,9.349731355905532837e-02,1.176290735602378845e-01,1.585199534893035889e-01,2.533600330352783203e-01,8.685586601495742798e-02,2.579939365386962891e-01,7.495107501745223999e-02,1.648323088884353638e-01,2.847960405051708221e-02,-1.173800602555274963e-01,6.406427919864654541e-02,7.595529407262802124e-02,7.570625096559524536e-02,-2.543097548186779022e-02,1.216590106487274170e-01,8.139643073081970215e-02,-6.114945188164710999e-02,4.332613199949264526e-02,1.850091665983200073e-01,1.844425946474075317e-01,8.722691982984542847e-02,-3.476415574550628662e-02,1.747988909482955933e-01,1.556201577186584473e-01,1.861308664083480835e-01,6.587884575128555298e-02,1.852657087147235870e-02,-5.615202710032463074e-02,3.421968966722488403e-02,4.982443898916244507e-02,6.830209493637084961e-02,5.145417526364326477e-02,1.725029051303863525e-01,2.529400587081909180e-01,-1.959659904241561890e-02,5.451215058565139771e-02,-1.828837208449840546e-02,1.596473157405853271e-01,1.626042574644088745e-01,2.251333594322204590e-01,1.374316960573196411e-01,1.579413563013076782e-01,3.567010164260864258e-02,-7.177743315696716309e-02,5.479092895984649658e-02,1.534982025623321533e-01,1.863968968391418457e-01,2.729370296001434326e-01,-5.658091511577367783e-03,-4.817214980721473694e-02,1.079337596893310547e-01,4.123558849096298218e-02,1.369810700416564941e-01,1.608539372682571411e-01,9.713944047689437866e-02,1.500886231660842896e-01,2.478187158703804016e-02,6.559728085994720459e-02,1.187968552112579346e-01,5.763329565525054932e-02,3.336530551314353943e-02,7.485031336545944214e-02,1.676222383975982666e-01,1.060745194554328918e-01,6.720802187919616699e-02,-5.637042224407196045e-02,1.426125764846801758e-01,-4.586086422204971313e-02,6.412646174430847168e-02,7.003855705261230469e-02,7.554412633180618286e-02,-3.108743764460086823e-02,4.577083140611648560e-02,1.077505107969045639e-02,1.275478899478912354e-01,-5.330524966120719910e-02,4.878784343600273132e-02,-9.844700805842876434e-03,7.207429409027099609e-02,7.816932350397109985e-02,5.142447073012590408e-03,2.561589702963829041e-02,-2.374790608882904053e-02,-5.306886136531829834e-02,-7.489426434040069580e-02,-8.151207864284515381e-02,-9.989951550960540771e-02,4.810775071382522583e-02,9.214504808187484741e-02,8.152460679411888123e-03
2.459351569414138794e-01,1.454834789037704468e-01,2.086028903722763062e-01,1.321803331375122070e-01,1.000000476837158203e+00,5.651990771293640137e-01,2.477108687162399292e-01,1.729118824005126953e-01,3.791802227497100830e-01,3.936421275138854980e-01,1.885302215814590454e-01,8.172958344221115112e-02,2.622123956680297852e-01,1.566654294729232788e-01,2.497215718030929565e-01,2.605034708976745605e-01,1.878956109285354614e-01,1.130798608064651489e-01,1.497917175292968750e-01,1.552128940820693970e-01,7.044208049774169922e-02,-2.201232127845287323e-02,1.678577363491058350e-01,7.939516007900238037e-02,4.286361038684844971e-01,4.337925314903259277e-01,5.807245373725891113e-01,6.078063249588012695e-01,2.741320729255676270e-01,2.059427201747894287e-01,2.808373272418975830e-01,2.404482215642929077e-01,2.428937852382659912e-01,2.069420367479324341e-01,1.505580991506576538e-01,1.329961270093917847e-01,1.758076995611190796e-01,1.041653081774711609e-01,1.293505132198333740e-01,1.075097396969795227e-01,1.332608759403228760e-01,1.047201156616210938e-01,1.360969990491867065e-01,7.946561276912689209e-02,1.229995191097259521e-01,9.154696762561798096e-02,1.466269344091415405e-01,1.171810775995254517e-01,5.795768275856971741e-02,2.181648835539817810e-02,1.228892952203750610e-01,-2.150929719209671021e-02,1.535582840442657471e-01,3.850704059004783630e-02,2.301567941904067993e-01,7.503581792116165161e-02,1.119173616170883179e-01,6.624397635459899902e-02,2.326190173625946045e-01,1.098384708166122437e-01,1.193140819668769836e-01,6.928816437721252441e-02,1.430091261863708496e-01,4.217584058642387390e-02,1.896122246980667114e-01,4.754637181758880615e-02,2.280074805021286011e-01,1.876597851514816284e-01,1.102385893464088440e-01,4.885199666023254395e-02,5.933551117777824402e-02,1.020265743136405945e-01,2.007814198732376099e-01,2.432754039764404297e-01,2.645223867148160934e-03,-4.174606502056121826e-02,9.653212130069732666e-02,7.655656337738037109e-02,2.613093256950378418e-01,1.222921237349510193e-01,2.043036669492721558e-01,7.018951326608657837e-02,8.911587297916412354e-02,-6.681915372610092163e-02,2.076385617256164551e-01,2.903894893825054169e-02,9.127813391387462616e-03,-5.438027530908584595e-02,1.752133518457412720e-01,5.426533147692680359e-02,6.286540627479553223e-02,-3.070138627663254738e-03,4.796494916081428528e-02,-4.272159188985824585e-02,1.693279445171356201e-01,1.648668646812438965e-01,1.521581113338470459e-01,1.364728957414627075e-01,8.445737510919570923e-02,1.184313967823982239e-01,4.271024093031883240e-02,-1.055756807327270508e-01,-2.184797637164592743e-02,-1.296534687280654907e-01,5.659962818026542664e-02,4.368236288428306580e-02,1.696362160146236420e-02,-2.409844845533370972e-02,8.425318449735641479e-02,1.067366898059844971e-01,9.968251734972000122e-02,6.444098055362701416e-02,1.816197112202644348e-02,-2.694994397461414337e-02,-1.240986771881580353e-02,2.186318673193454742e-02
1.218176409602165222e-01,4.585012327879667282e-03,5.496167019009590149e-02,1.421496868133544922e-01,5.651990771293640137e-01,1.000000119209289551e+00,1.302930563688278198e-01,1.664725095033645630e-01,3.081887960433959961e-01,5.511349439620971680e-01,1.948301494121551514e-01,3.970092907547950745e-02,2.690202593803405762e-01,1.686817854642868042e-01,2.781214714050292969e-01,3.547406494617462158e-01,2.260325103998184204e-01,3.104127384722232819e-02,1.212640032172203064e-01,1.147727519273757935e-01,-2.142806909978389740e-02,-8.594247698783874512e-02,2.967054843902587891e-01,1.775562912225723267e-01,3.954434096813201904e-01,3.050804734230041504e-01,5.254213809967041016e-01,5.205080509185791016e-01,2.414880692958831787e-01,1.793733388185501099e-01,2.269365638494491577e-01,2.232834249734878540e-01,1.738583743572235107e-01,1.145530492067337036e-01,3.112817369401454926e-02,2.525102533400058746e-02,2.313835769891738892e-01,6.606023013591766357e-02,6.621933728456497192e-02,1.487408280372619629e-01,6.176672875881195068e-02,4.935636743903160095e-02,1.421491950750350952e-01,2.692445926368236542e-02,1.949898153543472290e-01,5.188655108213424683e-02,2.254885584115982056e-01,3.899304941296577454e-02,1.194988563656806946e-01,5.299088661558926105e-04,1.856014877557754517e-01,-1.036903187632560730e-01,2.509449124336242676e-01,6.185139343142509460e-02,2.586998343467712402e-01,1.932343584485352039e-03,6.376595795154571533e-02,2.591282129287719727e-02,2.872480154037475586e-01,1.424606293439865112e-01,1.338897645473480225e-01,3.429276123642921448e-02,1.808515936136245728e-01,8.435723185539245605e-02,2.800432145595550537e-01,6.701681017875671387e-02,2.327074259519577026e-01,1.322778612375259399e-01,7.090352475643157959e-02,-4.551022127270698547e-02,4.601418599486351013e-02,1.493384391069412231e-01,2.539120912551879883e-01,1.356326043605804443e-01,8.170156925916671753e-02,-3.770481050014495850e-02,6.645718216896057129e-02,5.234731733798980713e-02,2.064623087644577026e-01,-1.654117600992321968e-03,2.601737976074218750e-01,9.153821319341659546e-02,-2.327836304903030396e-02,-1.746599376201629639e-01,2.434903085231781006e-01,1.482965890318155289e-02,-1.375768147408962250e-02,-1.290892660617828369e-01,1.662851423025131226e-01,-5.038406327366828918e-02,1.338020712137222290e-01,1.254344545304775238e-02,-4.336032085120677948e-03,-8.550869673490524292e-02,9.220418334007263184e-02,1.047518998384475708e-01,1.973135024309158325e-01,1.179807633161544800e-01,1.090040877461433411e-01,1.240166351199150085e-01,-1.538338363170623779e-01,-1.971247047185897827e-01,-1.437010616064071655e-01,-2.273369431495666504e-01,-4.047962650656700134e-02,-5.392432957887649536e-02,-5.075003579258918762e-02,-7.103811949491500854e-02,1.242220476269721985e-01,9.551943093538284302e-02,5.798843130469322205e-02,7.481468468904495239e-02,-6.927452981472015381e-02,-4.191777855157852173e-02,-9.398038685321807861e-02,1.203077472746372223e-02
3.347581326961517334e-01,1.683062873780727386e-02,5.823127627372741699e-01,2.886730730533599854e-01,2.477108687162399292e-01,1.302930563688278198e-01,9.999998211860656738e-01,3.929837048053741455e-01,1.931810975074768066e-01,1.819706261157989502e-01,3.419974744319915771e-01,5.516921728849411011e-02,5.041432380676269531e-01,1.818181574344635010e-01,1.158360242843627930e-01,1.564201116561889648e-01,1.744697391986846924e-01,4.082663357257843018e-02,7.918744534254074097e-02,1.367653608322143555e-01,1.404462605714797974e-01,6.677467375993728638e-02,2.169077992439270020e-01,2.045542448759078979e-01,2.168055772781372070e-01,2.234552949666976929e-01,2.057205438613891602e-01,2.296039611101150513e-01,3.166769444942474365e-01,2.129728347063064575e-01,2.708560228347778320e-01,2.479083091020584106e-01,1.303674280643463135e-01,1.355448067188262939e-01,1.868138462305068970e-01,1.369742602109909058e-01,2.141637802124023438e-01,1.560715436935424805e-01,1.192186027765274048e-01,1.067382246255874634e-01,9.680213779211044312e-02,7.971146702766418457e-02,7.165168225765228271e-02,1.059967651963233948e-01,1.248151287436485291e-01,7.021459192037582397e-02,2.141011208295822144e-01,1.298987865447998047e-01,7.701086997985839844e-02,-4.912595450878143311e-02,-6.347143650054931641e-02,-1.302082836627960205e-01,-3.548819944262504578e-02,-1.606868505477905273e-01,1.946385800838470459e-01,1.135898381471633911e-01,1.534056011587381363e-02,-4.184244945645332336e-02,1.300636976957321167e-01,7.323797326534986496e-03,4.227563738822937012e-02,-8.040601760149002075e-02,1.184424236416816711e-01,-6.834702938795089722e-02,8.185399323701858521e-02,-5.969238281250000000e-02,2.668699026107788086e-01,1.868704706430435181e-01,-3.989318385720252991e-02,-1.014104187488555908e-01,2.588652372360229492e-01,2.728941440582275391e-01,2.584216594696044922e-01,2.038480490446090698e-01,8.478257805109024048e-02,3.386631235480308533e-02,1.716784983873367310e-01,1.269805431365966797e-01,2.221221327781677246e-01,9.451153129339218140e-02,1.434363871812820435e-01,1.304207835346460342e-02,1.941874772310256958e-01,-4.520791023969650269e-02,1.477239429950714111e-01,-3.156708180904388428e-02,-6.295090541243553162e-03,-5.788676440715789795e-02,1.734149754047393799e-01,9.158709086477756500e-03,7.056658715009689331e-02,-6.374657154083251953e-02,2.071862667798995972e-02,-1.470717135816812515e-03,1.493943631649017334e-01,7.539525628089904785e-02,2.429923117160797119e-01,2.195193767547607422e-01,2.362745702266693115e-01,1.218961700797080994e-01,1.320928782224655151e-01,9.518313221633434296e-03,1.504303067922592163e-01,4.320105537772178650e-02,1.447719037532806396e-01,6.898455321788787842e-02,6.116650998592376709e-02,2.551498357206583023e-03,1.257194429636001587e-01,1.930014342069625854e-01,1.712583005428314209e-01,5.166656896471977234e-02,6.500699371099472046e-02,-2.320768684148788452e-02,2.273721061646938324e-02,1.420569568872451782e-01
3.816474974155426025e-01,2.345531433820724487e-01,4.616582393646240234e-01,6.233156323432922363e-01,1.729118824005126953e-01,1.664725095033645630e-01,3.929837048053741455e-01,9.999999403953552246e-01,8.578547835350036621e-02,2.605253159999847412e-01,1.057089641690254211e-01,2.228503972291946411e-01,2.506688237190246582e-01,3.913460671901702881e-01,1.556441485881805420e-01,2.126007080078125000e-01,1.521057337522506714e-01,1.338921636343002319e-01,2.088139504194259644e-01,3.441719114780426025e-01,-3.718163445591926575e-02,1.834810152649879456e-02,1.382744610309600830e-01,3.822848498821258545e-01,2.264915108680725098e-01,2.212018072605133057e-01,1.341665536165237427e-01,1.345300376415252686e-01,2.268586605787277222e-01,2.180588990449905396e-01,9.949933737516403198e-02,2.100212126970291138e-01,1.648266911506652832e-01,1.647479683160781860e-01,1.190273910760879517e-01,5.413381382822990417e-02,5.670896172523498535e-02,8.717565983533859253e-02,5.943321436643600464e-02,-6.021229922771453857e-02,2.181715071201324463e-01,1.447929441928863525e-01,-7.276831567287445068e-02,1.741082668304443359e-01,7.846862077713012695e-02,6.813693791627883911e-02,1.036352589726448059e-01,4.056597128510475159e-02,5.349828302860260010e-02,4.585755988955497742e-02,5.356488004326820374e-02,6.338491104543209076e-03,-5.122730880975723267e-02,-3.479687497019767761e-02,-2.903737360611557961e-03,2.909365110099315643e-02,1.515965908765792847e-01,-2.143068611621856689e-02,2.601338364183902740e-02,8.558066934347152710e-02,-5.444387346506118774e-02,-2.223789691925048828e-02,-8.775168657302856445e-02,3.916741907596588135e-02,5.846024304628372192e-02,1.304182857275009155e-01,8.655855059623718262e-02,1.257596015930175781e-01,3.509030118584632874e-02,-5.034089088439941406e-02,1.811476945877075195e-01,2.224418520927429199e-01,2.639234960079193115e-01,2.709593772888183594e-01,2.565539814531803131e-02,-7.860166579484939575e-02,1.996037214994430542e-01,1.503630727529525757e-01,1.645634472370147705e-01,1.470468193292617798e-01,3.672253713011741638e-02,1.323926150798797607e-01,8.383449912071228027e-02,1.350228488445281982e-01,-1.422899216413497925e-02,7.764229178428649902e-02,3.055291622877120972e-02,1.278553903102874756e-01,4.304256662726402283e-02,1.076785326004028320e-01,-7.835415750741958618e-02,-7.902251929044723511e-02,4.943404346704483032e-03,-3.335934365168213844e-03,1.426596492528915405e-01,9.149195998907089233e-02,1.529782265424728394e-01,5.932636186480522156e-02,-1.126148505136370659e-03,-6.721489876508712769e-02,1.247148439288139343e-01,7.506198436021804810e-02,6.879603117704391479e-02,1.186536550521850586e-01,5.285903438925743103e-02,7.305730879306793213e-02,-3.672321559861302376e-03,7.725144922733306885e-02,1.177732348442077637e-01,1.610291302204132080e-01,2.311798185110092163e-02,-1.017441451549530029e-01,-1.478211134672164917e-01,6.429556757211685181e-03,1.004151925444602966e-01,7.004425674676895142e-02
4.673020169138908386e-02,2.467614859342575073e-01,1.752349585294723511e-01,8.715958148241043091e-02,3.791802227497100830e-01,3.081887960433959961e-01,1.931810975074768066e-01,8.578547835350036621e-02,1.000000000000000000e+00,5.271638035774230957e-01,2.359293103218078613e-01,2.094786614179611206e-01,2.785752415657043457e-01,2.332714796066284180e-01,5.710030198097229004e-01,4.254072904586791992e-01,1.991703063249588013e-01,2.694251835346221924e-01,1.648377627134323120e-01,2.056207358837127686e-01,1.900174617767333984e-01,1.201990619301795959e-01,1.789095103740692139e-01,8.943507820367813110e-02,1.826989203691482544e-01,3.387985825538635254e-01,3.342409133911132812e-01,3.636377155780792236e-01,2.655003964900970459e-01,3.745820820331573486e-01,4.244998395442962646e-01,3.661155104637145996e-01,3.148224055767059326e-01,3.770634531974792480e-01,1.885373592376708984e-01,1.134652867913246155e-01,3.294718265533447266e-01,1.654842793941497803e-01,2.149817794561386108e-01,1.611588150262832642e-01,-1.183261070400476456e-02,2.259556576609611511e-02,2.256563305854797363e-01,1.464910507202148438e-01,2.414230853319168091e-01,1.961370110511779785e-01,2.144294232130050659e-01,2.325075268745422363e-01,1.553286015987396240e-01,1.349738687276840210e-01,7.663810253143310547e-02,6.770834326744079590e-02,1.561034619808197021e-01,1.512970924377441406e-01,2.740171849727630615e-01,1.378009170293807983e-01,5.587083101272583008e-02,2.900616824626922607e-01,2.313786149024963379e-01,2.458737194538116455e-01,1.291079074144363403e-01,2.000645101070404053e-01,1.911756992340087891e-01,2.324729561805725098e-01,1.915599405765533447e-01,1.396615952253341675e-01,3.395902514457702637e-01,3.096839189529418945e-01,1.757178455591201782e-01,2.378493696451187134e-01,2.010414004325866699e-01,3.054184019565582275e-01,1.866738498210906982e-01,3.001353740692138672e-01,-2.288499288260936737e-02,1.211822777986526489e-01,-8.885325491428375244e-02,-5.499704554677009583e-02,1.655660122632980347e-01,1.340166032314300537e-01,2.481056749820709229e-01,2.636772096157073975e-01,-2.566506154835224152e-02,8.018146455287933350e-02,2.474080026149749756e-01,1.762149482965469360e-01,8.491602540016174316e-02,7.916100323200225830e-02,2.110401391983032227e-01,1.276967674493789673e-01,1.778413355350494385e-01,2.231689989566802979e-01,5.326930806040763855e-02,7.082326710224151611e-02,1.323799937963485718e-01,2.117313295602798462e-01,1.466077119112014771e-01,2.511681318283081055e-01,2.518487870693206787e-01,3.761599063873291016e-01,-6.386780738830566406e-02,-4.199835285544395447e-02,-6.620166823267936707e-03,-3.144163265824317932e-02,1.101236045360565186e-01,1.243134886026382446e-01,3.317898884415626526e-02,1.432265341281890869e-02,5.222364887595176697e-02,4.027115926146507263e-02,1.400944739580154419e-01,2.159409224987030029e-01,1.796760559082031250e-01,1.193533614277839661e-01,-4.065784811973571777e-02,3.487949073314666748e-02
-1.460580062121152878e-02,1.126353591680526733e-01,1.270471364259719849e-01,2.174069285392761230e-01,3.936421275138854980e-01,5.511349439620971680e-01,1.819706261157989502e-01,2.605253159999847412e-01,5.271638035774230957e-01,1.000000000000000000e+00,1.881077885627746582e-01,1.147977709770202637e-01,1.873163729906082153e-01,2.846831679344177246e-01,4.137701392173767090e-01,5.974652767181396484e-01,2.101843506097793579e-01,1.018615141510963440e-01,1.822798550128936768e-01,1.870937794446945190e-01,9.711124747991561890e-02,6.788858771324157715e-02,2.718281745910644531e-01,2.395051121711730957e-01,3.448474109172821045e-01,3.640840947628021240e-01,3.102932870388031006e-01,3.619558513164520264e-01,2.425749748945236206e-01,2.892453074455261230e-01,3.438470661640167236e-01,4.037360250949859619e-01,2.491324692964553833e-01,2.766480445861816406e-01,1.432478874921798706e-01,7.562609016895294189e-02,3.138226270675659180e-01,1.248012408614158630e-01,1.587195992469787598e-01,1.756945103406906128e-01,-1.847625337541103363e-02,1.791461184620857239e-02,1.958253383636474609e-01,7.305901497602462769e-02,2.287495583295822144e-01,1.057205647230148315e-01,2.687193453311920166e-01,6.391194462776184082e-02,1.694111377000808716e-01,2.744592726230621338e-02,1.525924503803253174e-01,-7.660474628210067749e-02,2.382596582174301147e-01,9.083191305398941040e-02,3.165234029293060303e-01,1.045272797346115112e-01,5.961852893233299255e-02,1.599449515342712402e-01,2.640242278575897217e-01,1.788692176342010498e-01,1.548661738634109497e-01,6.465132534503936768e-02,2.375943362712860107e-01,2.152149230241775513e-01,2.198264300823211670e-01,7.066782563924789429e-02,3.019013702869415283e-01,2.310584783554077148e-01,1.339372992515563965e-01,7.336269319057464600e-02,1.959283202886581421e-01,2.646900713443756104e-01,2.303556054830551147e-01,2.618620097637176514e-01,8.201306313276290894e-02,7.163517922163009644e-02,1.677740179002285004e-02,-9.740648791193962097e-03,1.156403347849845886e-01,3.621024638414382935e-02,2.533301115036010742e-01,2.156280577182769775e-01,-2.535466663539409637e-02,-3.678207471966743469e-02,2.504436969757080078e-01,5.227906256914138794e-02,9.041135758161544800e-02,3.938020672649145126e-03,2.383137345314025879e-01,1.460733544081449509e-02,2.385442405939102173e-01,9.400533884763717651e-02,7.310947775840759277e-02,-6.252842396497726440e-02,1.007950752973556519e-01,1.261271983385086060e-01,2.055188715457916260e-01,1.927129477262496948e-01,2.912149727344512939e-01,3.027459383010864258e-01,-6.560387462377548218e-02,-8.952416479587554932e-02,7.499680668115615845e-02,-4.095305129885673523e-02,1.119227260351181030e-01,1.856260001659393311e-02,1.647305116057395935e-02,3.892405703663825989e-02,7.353465259075164795e-02,5.859403312206268311e-02,8.726751804351806641e-02,9.332703799009323120e-02,6.690493971109390259e-02,4.661707580089569092e-02,-5.730460584163665771e-02,5.666974186897277832e-02
4.509114027023315430e-01,-4.326020926237106323e-02,1.442283987998962402e-01,1.134767234325408936e-01,1.885302215814590454e-01,1.948301494121551514e-01,3.419974744319915771e-01,1.057089641690254211e-01,2.359293103218078613e-01,1.881077885627746582e-01,9.999997615814208984e-01,1.509007066488265991e-01,6.052501201629638672e-01,2.707832753658294678e-01,2.521010637283325195e-01,2.326427251100540161e-01,4.325452744960784912e-01,-2.903371304273605347e-02,5.966673418879508972e-02,1.912867277860641479e-02,2.702053487300872803e-01,1.356969773769378662e-01,1.141631230711936951e-01,3.567969799041748047e-02,7.409377396106719971e-02,4.724352434277534485e-02,1.706747710704803467e-01,1.986700892448425293e-01,5.662867426872253418e-01,2.342750430107116699e-01,2.575766742229461670e-01,2.504766881465911865e-01,2.437204420566558838e-01,1.186189204454421997e-01,1.858433037996292114e-01,1.169278025627136230e-01,4.060047566890716553e-01,2.353134155273437500e-01,3.079119622707366943e-01,1.472452878952026367e-01,1.597079783678054810e-01,6.235716119408607483e-02,2.259046286344528198e-01,2.679800381883978844e-03,2.388196885585784912e-01,6.412860006093978882e-02,3.491083979606628418e-01,2.551477216184139252e-02,2.917324006557464600e-01,4.276310652494430542e-02,3.123696148395538330e-01,-1.710506081581115723e-01,2.682167291641235352e-01,-5.701721087098121643e-02,4.143239259719848633e-01,9.787184000015258789e-02,3.123372495174407959e-01,-1.047299876809120178e-01,5.297778248786926270e-01,2.229184955358505249e-01,4.711270928382873535e-01,1.315287351608276367e-01,4.941222071647644043e-01,6.033410131931304932e-02,3.533397912979125977e-01,-2.908635698258876801e-02,4.897835254669189453e-01,3.455749154090881348e-01,1.514778882265090942e-01,1.441107541322708130e-01,3.746698498725891113e-01,3.410665690898895264e-01,4.363191127777099609e-01,3.332243561744689941e-01,1.790317296981811523e-01,1.018026545643806458e-01,1.982257366180419922e-01,1.875166147947311401e-01,2.868818342685699463e-01,6.840480118989944458e-02,4.810397326946258545e-01,-2.284384891390800476e-02,2.996089458465576172e-01,-4.483903944492340088e-02,4.505850374698638916e-01,-1.104969307780265808e-01,2.467597424983978271e-01,-7.563210278749465942e-02,2.988987863063812256e-01,-1.094583421945571899e-01,3.634241521358489990e-01,-8.477313816547393799e-02,1.835224777460098267e-01,-1.613436192274093628e-01,3.208422958850860596e-01,2.343065291643142700e-01,3.577177822589874268e-01,3.311333060264587402e-01,3.861947655677795410e-01,1.483812034130096436e-01,1.445332914590835571e-01,-1.586274504661560059e-01,1.885609924793243408e-01,-1.155859380960464478e-01,1.187229156494140625e-01,-4.135876148939132690e-02,2.542976438999176025e-01,2.948582172393798828e-02,8.898878842592239380e-02,1.563400030136108398e-01,2.706830799579620361e-01,2.207001596689224243e-01,2.255154848098754883e-01,6.772987544536590576e-02,-5.674720555543899536e-02,-3.145963698625564575e-02
2.614597789943218231e-02,5.783357024192810059e-01,1.418403834104537964e-01,2.371516078710556030e-01,8.172958344221115112e-02,3.970092907547950745e-02,5.516921728849411011e-02,2.228503972291946411e-01,2.094786614179611206e-01,1.147977709770202637e-01,1.509007066488265991e-01,1.000000000000000000e+00,1.402265131473541260e-01,4.793458282947540283e-01,1.581258326768875122e-01,2.638471722602844238e-01,9.414254128932952881e-02,5.892311334609985352e-01,1.315871030092239380e-01,1.318316161632537842e-01,1.956511586904525757e-01,1.555386185646057129e-01,1.060010120272636414e-01,9.287406690418720245e-03,2.971778064966201782e-02,1.341711431741714478e-01,1.420173645019531250e-01,9.607197344303131104e-02,1.139566302299499512e-01,5.995394587516784668e-01,2.692731916904449463e-01,2.195057868957519531e-01,2.901966869831085205e-01,3.894346058368682861e-01,6.418778002262115479e-02,9.392092376947402954e-02,2.315984964370727539e-01,2.781265974044799805e-01,2.026978135108947754e-01,1.776145845651626587e-01,1.142852380871772766e-01,1.977514922618865967e-01,9.335383772850036621e-02,9.103036671876907349e-02,7.130976021289825439e-02,1.731863319873809814e-01,-6.865834444761276245e-02,2.056264281272888184e-01,-1.062772497534751892e-01,3.482356667518615723e-01,-8.969046920537948608e-02,3.202872872352600098e-01,-1.872868835926055908e-01,1.065139770507812500e-01,6.200696155428886414e-02,3.368706405162811279e-01,1.082958653569221497e-02,5.348712205886840820e-01,-4.947192221879959106e-02,3.562581837177276611e-01,-3.635458648204803467e-02,4.166661500930786133e-01,-2.147174924612045288e-01,4.406834244728088379e-01,-9.152932465076446533e-02,2.760831117630004883e-01,1.586773395538330078e-01,2.389707863330841064e-01,1.683999300003051758e-01,1.907210797071456909e-01,1.795582324266433716e-01,2.935722172260284424e-01,1.344394832849502563e-01,4.512035846710205078e-01,-6.097296718508005142e-03,1.530835777521133423e-01,1.190087944269180298e-01,1.548507660627365112e-01,1.418421119451522827e-01,3.501607179641723633e-01,4.673770815134048462e-02,4.077336192131042480e-01,1.516524516046047211e-02,5.145663022994995117e-01,1.910827867686748505e-02,4.511464834213256836e-01,8.104769140481948853e-02,3.951339423656463623e-01,1.767822355031967163e-02,4.388411343097686768e-01,-7.916427403688430786e-02,2.669672071933746338e-01,-3.173824772238731384e-02,2.129454165697097778e-01,1.515981554985046387e-01,2.274920046329498291e-01,1.392552405595779419e-01,2.965140342712402344e-01,6.649745255708694458e-02,3.583478927612304688e-01,9.962590783834457397e-02,2.937463223934173584e-01,2.292672917246818542e-02,2.722648680210113525e-01,4.961879178881645203e-02,1.757243126630783081e-01,1.501708477735519409e-01,2.949043810367584229e-01,6.180979311466217041e-02,1.535040587186813354e-01,1.952683329582214355e-01,1.660210192203521729e-01,1.647441387176513672e-01,1.815828531980514526e-01,6.595075130462646484e-02,-9.447708725929260254e-02
5.071441531181335449e-01,2.719072811305522919e-02,2.787126600742340088e-01,2.203598171472549438e-01,2.622123956680297852e-01,2.690202593803405762e-01,5.041432380676269531e-01,2.506688237190246582e-01,2.785752415657043457e-01,1.873163729906082153e-01,6.052501201629638672e-01,1.402265131473541260e-01,1.000000238418579102e+00,2.858303487300872803e-01,2.791682183742523193e-01,2.393151670694351196e-01,3.064785301685333252e-01,2.152105560526251793e-03,1.093629300594329834e-01,1.135140880942344666e-01,1.795468032360076904e-01,4.630716145038604736e-02,2.359074503183364868e-01,1.217818856239318848e-01,1.296155601739883423e-01,1.157031059265136719e-01,2.386580109596252441e-01,2.566503882408142090e-01,5.599790811538696289e-01,3.090908229351043701e-01,3.171800076961517334e-01,3.110190927982330322e-01,2.344943732023239136e-01,1.660631150007247925e-01,1.428406089544296265e-01,8.096460253000259399e-02,3.954293131828308105e-01,2.075850665569305420e-01,2.444478273391723633e-01,1.444498002529144287e-01,2.295186221599578857e-01,1.616417467594146729e-01,1.521295607089996338e-01,9.936401993036270142e-02,2.258364558219909668e-01,1.287464201450347900e-01,2.642177343368530273e-01,9.434783458709716797e-02,1.840782016515731812e-01,-1.332068350166082382e-02,1.740244030952453613e-01,-1.225414872169494629e-01,6.446698307991027832e-02,-1.469266712665557861e-01,3.024072051048278809e-01,6.518808752298355103e-02,1.440804898738861084e-01,-1.205991804599761963e-01,3.752003908157348633e-01,1.554612368345260620e-01,1.805773526430130005e-01,1.372455712407827377e-02,2.330937534570693970e-01,-1.924423687160015106e-02,2.292474508285522461e-01,1.977603882551193237e-02,4.059033393859863281e-01,2.675766944885253906e-01,1.217925697565078735e-01,2.015047334134578705e-02,3.505204021930694580e-01,3.518744111061096191e-01,4.838381707668304443e-01,3.573417365550994873e-01,1.490788757801055908e-01,4.577475413680076599e-02,2.281473278999328613e-01,1.871996968984603882e-01,2.605325579643249512e-01,3.586221858859062195e-02,2.918223738670349121e-01,-1.550326030701398849e-02,2.276566922664642334e-01,-4.574367776513099670e-02,2.752294540405273438e-01,-5.875742062926292419e-02,1.914901137351989746e-01,-5.239026620984077454e-02,2.510637044906616211e-01,-2.577413991093635559e-02,1.166944578289985657e-01,-1.405078619718551636e-01,3.468586504459381104e-02,-1.486793905496597290e-01,2.617143392562866211e-01,2.080547064542770386e-01,3.235987722873687744e-01,2.936466634273529053e-01,2.893016338348388672e-01,1.178222224116325378e-01,7.554396986961364746e-02,-2.088350951671600342e-01,6.808330863714218140e-02,-1.303810030221939087e-01,5.683356150984764099e-02,1.783487014472484589e-02,8.545597642660140991e-02,1.088566705584526062e-02,1.849981099367141724e-01,2.347173541784286499e-01,2.141253203153610229e-01,1.022274196147918701e-01,9.337677806615829468e-02,4.754719138145446777e-02,-3.988273814320564270e-02,-4.493890330195426941e-02
