1.000000000000000000e+00,5.460870862007141113e-01,6.334396600723266602e-01,5.831875801086425781e-01,2.286282479763031006e-01,2.802304327487945557e-01,7.035949230194091797e-01,6.019024252891540527e-01,4.082890450954437256e-01,1.098187342286109924e-01,6.421184539794921875e-01,5.474029183387756348e-01,6.670773029327392578e-01,5.048769712448120117e-01,4.100170135498046875e-01,4.268541038036346436e-01,3.452291190624237061e-01,4.992491304874420166e-01,6.232671737670898438e-01,6.104820370674133301e-01,3.588244318962097168e-01,2.364076822996139526e-01,5.935009121894836426e-01,4.956345558166503906e-01,4.727758765220642090e-01,4.860821962356567383e-01,2.870492339134216309e-01,2.974012792110443115e-01,5.192023515701293945e-01,5.050578713417053223e-01,5.660780668258666992e-01,5.886947512626647949e-01,5.884010791778564453e-01,5.407827496528625488e-01,3.195249438285827637e-01,2.957840263843536377e-01,2.049793154001235962e-01,2.903972268104553223e-01,7.041126489639282227e-02,1.073802113533020020e-01,3.342545330524444580e-01,4.089159518480300903e-02,9.521550498902797699e-03,1.571483314037322998e-01,5.417674779891967773e-03,1.158343330025672913e-01,-2.361758239567279816e-02,-2.610171772539615631e-02,1.364561766386032104e-01,6.921023875474929810e-02,2.282926291227340698e-01,6.708276271820068359e-02,2.052887082099914551e-01,1.881968602538108826e-02,5.503951013088226318e-02,1.623363792896270752e-01,6.672674417495727539e-01,4.350994527339935303e-01,3.370327651500701904e-01,2.128531038761138916e-01,3.792185485363006592e-01,3.728843629360198975e-01,4.105076789855957031e-01,4.091426134109497070e-01,1.301436424255371094e-01,1.333401948213577271e-01,1.538365185260772705e-01,2.150911539793014526e-01,3.341295719146728516e-01,2.267134040594100952e-01,4.054470658302307129e-01,4.419490993022918701e-01,5.753419399261474609e-01,5.743608474731445312e-01,3.949364423751831055e-01,5.161017775535583496e-01,4.300023615360260010e-01,4.363633096218109131e-01,1.716011762619018555e-01,3.225017189979553223e-01,2.970583140850067139e-01,3.405360877513885498e-01,2.959162592887878418e-01,3.232809603214263916e-01,1.813109964132308960e-01,2.311682552099227905e-01,3.104303590953350067e-02,1.185281127691268921e-01,7.344341278076171875e-02,7.832408696413040161e-02,1.916738748550415039e-01,3.453455865383148193e-02,1.803047358989715576e-01,1.549745202064514160e-01,-1.763832871802151203e-03,-7.492837309837341309e-02,2.262341417372226715e-02,2.095958776772022247e-02,7.363221794366836548e-02,3.508778661489486694e-02,1.615251600742340088e-01,6.596004217863082886e-02,7.853894680738449097e-02,1.448728423565626144e-02,-3.263827040791511536e-02,7.253915816545486450e-02,2.468500658869743347e-02,-2.047647088766098022e-01,7.194820791482925415e-02,-2.241663262248039246e-02,1.341405510902404785e-01,-3.928181156516075134e-02,-2.584936842322349548e-02,2.971757650375366211e-01,2.342248558998107910e-01,4.561959207057952881e-02
5.460870862007141113e-01,1.000000357627868652e+00,4.383079409599304199e-01,5.841852426528930664e-01,-3.864564746618270874e-02,2.695626616477966309e-01,4.713006615638732910e-01,6.468082070350646973e-01,6.143971160054206848e-02,1.608186960220336914e-01,4.151598215103149414e-01,6.557534933090209961e-01,3.651862442493438721e-01,6.196792721748352051e-01,9.544750303030014038e-02,4.427612125873565674e-01,2.751139402389526367e-01,6.908608675003051758e-01,5.636092424392700195e-01,6.109503507614135742e-01,2.943235635757446289e-01,2.955569028854370117e-01,3.938167691230773926e-01,4.571706354618072510e-01,2.534680068492889404e-01,2.894971072673797607e-01,1.655774712562561035e-01,2.380928397178649902e-01,3.736190199851989746e-01,5.483340024948120117e-01,4.240075051784515381e-01,5.207392573356628418e-01,5.557608604431152344e-01,6.065424680709838867e-01,2.214835137128829956e-01,2.872397899627685547e-01,1.939559578895568848e-01,2.621414661407470703e-01,1.720065623521804810e-02,9.076640009880065918e-02,1.533496230840682983e-01,1.084552779793739319e-01,7.597692310810089111e-02,2.356634140014648438e-01,1.006669625639915466e-01,2.644576728343963623e-01,8.536899089813232422e-02,1.559138447046279907e-01,2.346214354038238525e-01,2.967829406261444092e-01,2.626086473464965820e-01,3.404194414615631104e-01,3.115845918655395508e-01,2.449576854705810547e-01,-4.056223481893539429e-02,2.120157629251480103e-01,4.976266324520111084e-01,6.829394102096557617e-01,3.267648518085479736e-01,4.823955595493316650e-01,2.529067695140838623e-01,5.275210142135620117e-01,3.066440224647521973e-01,6.398747563362121582e-01,-3.233444411307573318e-03,4.054356217384338379e-01,1.982933729887008667e-01,3.451022505760192871e-01,3.373548984527587891e-01,3.787935376167297363e-01,3.108084797859191895e-01,3.961123228073120117e-01,4.389040768146514893e-01,5.384259223937988281e-01,3.211414813995361328e-01,4.557809531688690186e-01,3.545574247837066650e-01,4.289723634719848633e-01,1.789625287055969238e-01,4.991910159587860107e-01,2.209460586309432983e-01,5.028604269027709961e-01,8.736436814069747925e-02,3.017393648624420166e-01,1.012549921870231628e-02,2.931571900844573975e-01,-4.584928229451179504e-02,2.984589152038097382e-02,-1.642231941223144531e-01,2.754777371883392334e-01,2.317541241645812988e-01,1.183468848466873169e-01,3.024738729000091553e-01,1.755188703536987305e-01,-4.610153846442699432e-03,-1.459400728344917297e-02,-3.213607892394065857e-02,6.408212333917617798e-02,1.181213110685348511e-01,1.772064119577407837e-01,2.469384521245956421e-01,1.167541835457086563e-02,1.969690173864364624e-01,6.787200924009084702e-03,9.413458406925201416e-02,1.522563546895980835e-01,-2.780960872769355774e-03,-2.879854440689086914e-01,3.156450390815734863e-02,-1.379012223333120346e-02,9.309444576501846313e-02,-6.043294817209243774e-02,2.465478330850601196e-02,3.852724730968475342e-01,2.405429780483245850e-01,7.014352828264236450e-02
6.334396600723266602e-01,4.383079409599304199e-01,1.000000000000000000e+00,7.549718618392944336e-01,2.470062226057052612e-01,4.271486401557922363e-01,7.485888600349426270e-01,6.929421424865722656e-01,4.282485842704772949e-01,2.808022201061248779e-01,5.646190047264099121e-01,5.678876042366027832e-01,6.715903878211975098e-01,5.201590657234191895e-01,4.648585915565490723e-01,5.368739962577819824e-01,1.661172509193420410e-01,4.111307263374328613e-01,6.940181255340576172e-01,6.396996378898620605e-01,4.611045420169830322e-01,3.949494361877441406e-01,7.702361345291137695e-01,7.307616472244262695e-01,6.211563348770141602e-01,6.361253857612609863e-01,3.586907386779785156e-01,3.703711628913879395e-01,4.613359272480010986e-01,4.290056228637695312e-01,6.667289137840270996e-01,7.057828903198242188e-01,5.275591611862182617e-01,5.747218132019042969e-01,3.429681062698364258e-01,3.004307448863983154e-01,2.679494321346282959e-01,3.202975392341613770e-01,1.726734191179275513e-01,2.836573719978332520e-01,2.908791005611419678e-01,6.070704013109207153e-02,-3.678273409605026245e-02,2.912450581789016724e-02,-1.114694699645042419e-01,-7.004145532846450806e-02,-1.246158331632614136e-01,-1.321279555559158325e-01,-1.380578875541687012e-01,-1.562325507402420044e-01,1.699845865368843079e-02,-4.343329370021820068e-02,3.544780611991882324e-02,3.874865546822547913e-02,1.565696001052856445e-01,2.655890882015228271e-01,3.973743617534637451e-01,2.774148583412170410e-01,2.639760263264179230e-02,-4.268544912338256836e-02,1.174254566431045532e-01,1.458147764205932617e-01,1.981748342514038086e-01,2.472724020481109619e-01,1.281927525997161865e-01,1.039606183767318726e-01,2.736693806946277618e-02,4.463221877813339233e-02,7.786238193511962891e-02,1.184894470497965813e-03,5.235027670860290527e-01,5.808845758438110352e-01,6.258082985877990723e-01,6.131982803344726562e-01,4.237575232982635498e-01,5.189962387084960938e-01,4.477820098400115967e-01,4.590532481670379639e-01,1.116413921117782593e-01,2.838047146797180176e-01,1.684448868036270142e-01,2.478660792112350464e-01,2.191476076841354370e-01,3.155305683612823486e-01,1.515081226825714111e-01,2.574402093887329102e-01,2.922949567437171936e-02,2.880449295043945312e-01,1.926162093877792358e-01,2.695749998092651367e-01,1.383072435855865479e-01,-5.325930193066596985e-02,2.102205008268356323e-01,2.217771410942077637e-01,1.872094534337520599e-02,3.859068453311920166e-02,9.105563163757324219e-02,1.089780852198600769e-01,-3.696996718645095825e-02,1.847749203443527222e-02,2.023889422416687012e-01,1.650995016098022461e-01,1.124441027641296387e-01,2.823083847761154175e-02,5.335916206240653992e-02,8.599644154310226440e-02,1.313630789518356323e-01,-6.987576186656951904e-02,5.274678766727447510e-02,5.190962553024291992e-02,1.487469822168350220e-01,-4.637155681848526001e-02,-3.113740496337413788e-02,2.054747641086578369e-01,2.042659521102905273e-01,3.059065900743007660e-02
5.831875801086425781e-01,5.841852426528930664e-01,7.549718618392944336e-01,9.999998211860656738e-01,1.645611673593521118e-01,4.585330486297607422e-01,6.946280002593994141e-01,7.798851132392883301e-01,3.266389071941375732e-01,3.189476132392883301e-01,5.330262184143066406e-01,6.713924407958984375e-01,5.887416601181030273e-01,6.186435222625732422e-01,3.546960949897766113e-01,5.630828738212585449e-01,1.897840201854705811e-01,5.110549330711364746e-01,7.119085192680358887e-01,7.198407649993896484e-01,4.540960490703582764e-01,4.146558344364166260e-01,7.000299692153930664e-01,7.609213590621948242e-01,5.545461177825927734e-01,5.951107740402221680e-01,3.231076002120971680e-01,4.015870690345764160e-01,4.567734301090240479e-01,5.035730600357055664e-01,6.557353138923645020e-01,7.315044403076171875e-01,5.574500560760498047e-01,6.479027271270751953e-01,2.544614970684051514e-01,2.946051657199859619e-01,2.195522189140319824e-01,2.674367427825927734e-01,1.500932723283767700e-01,2.685666680335998535e-01,1.889154165983200073e-01,6.240908429026603699e-02,7.685540243983268738e-03,9.744714200496673584e-02,-5.052147433161735535e-02,3.259273990988731384e-02,-7.109565287828445435e-02,-3.495219349861145020e-02,-3.863922134041786194e-02,6.707621272653341293e-03,8.674666285514831543e-02,1.223140284419059753e-01,1.159284263849258423e-01,1.808868199586868286e-01,1.291243284940719604e-01,3.157891631126403809e-01,4.013422131538391113e-01,3.671735525131225586e-01,1.414934247732162476e-01,1.060305237770080566e-01,1.244896948337554932e-01,2.361881434917449951e-01,2.238217741250991821e-01,3.783832788467407227e-01,6.816286593675613403e-02,2.314032912254333496e-01,6.454046815633773804e-02,1.465538591146469116e-01,1.257146149873733521e-01,7.754047214984893799e-02,5.116184353828430176e-01,5.918269753456115723e-01,5.931681990623474121e-01,6.283905506134033203e-01,3.907074332237243652e-01,4.967447519302368164e-01,4.126025140285491943e-01,4.474305212497711182e-01,1.190226674079895020e-01,3.569727241992950439e-01,1.796449124813079834e-01,3.638850450515747070e-01,1.313543915748596191e-01,3.064078986644744873e-01,1.018115654587745667e-01,3.062595427036285400e-01,1.765815168619155884e-02,2.514987885951995850e-01,1.189711391925811768e-01,3.735243976116180420e-01,2.064977586269378662e-01,3.504919260740280151e-02,2.800483703613281250e-01,2.365740388631820679e-01,4.112637415528297424e-02,4.623564705252647400e-02,8.199883997440338135e-02,1.137259379029273987e-01,1.479258947074413300e-02,8.843469619750976562e-02,2.724083662033081055e-01,1.290438771247863770e-01,2.003782689571380615e-01,4.372454062104225159e-02,9.129777550697326660e-02,1.399616152048110962e-01,8.889564871788024902e-02,-1.604301035404205322e-01,3.912625089287757874e-02,5.220133438706398010e-02,1.329891830682754517e-01,-3.080677613615989685e-02,-2.638900466263294220e-02,2.789459228515625000e-01,2.398226559162139893e-01,4.296202212572097778e-02
2.286282479763031006e-01,-3.864564746618270874e-02,2.470062226057052612e-01,1.645611673593521118e-01,1.000000000000000000e+00,4.824909865856170654e-01,2.489994168281555176e-01,1.186667233705520630e-01,6.328302621841430664e-01,2.902720272541046143e-01,2.388121038675308228e-01,6.205317005515098572e-02,3.862794339656829834e-01,6.355091184377670288e-02,6.190245747566223145e-01,4.096676409244537354e-01,1.786591410636901855e-01,-6.597588071599602699e-05,1.218032762408256531e-01,1.347697675228118896e-01,5.368993878364562988e-01,3.564180433750152588e-01,2.597460150718688965e-01,1.572868227958679199e-01,4.814947247505187988e-01,4.295488595962524414e-01,6.242749094963073730e-01,5.898671150207519531e-01,3.186120092868804932e-01,8.438012003898620605e-02,2.410664111375808716e-01,1.786436140537261963e-01,2.232334315776824951e-01,1.238303929567337036e-01,7.734967023134231567e-02,-1.684272103011608124e-02,-2.465985715389251709e-02,-9.267196059226989746e-02,-1.211544945836067200e-01,1.542499959468841553e-01,1.749582737684249878e-01,2.285030204802751541e-03,-1.814107596874237061e-01,-1.923023462295532227e-01,-2.180164456367492676e-01,-2.023597955703735352e-01,-1.010408475995063782e-01,-1.679535657167434692e-01,-1.037796512246131897e-01,-2.057943195104598999e-01,-2.689760550856590271e-02,-1.697726249694824219e-01,-9.949280880391597748e-03,6.501834094524383545e-02,-2.190293222665786743e-01,2.577977478504180908e-01,3.385983705520629883e-01,8.477040380239486694e-02,1.043840646743774414e-01,-6.453211605548858643e-02,1.759482473134994507e-01,2.827040292322635651e-02,1.512834131717681885e-01,1.705108955502510071e-02,7.668119668960571289e-02,-1.822921633720397949e-01,-4.321000352501869202e-02,-6.422277539968490601e-02,6.886321306228637695e-02,5.667147040367126465e-02,1.692475080490112305e-01,1.307245045900344849e-01,3.004876673221588135e-01,1.062521561980247498e-01,2.109390646219253540e-01,1.660484373569488525e-01,9.936132282018661499e-02,1.670296862721443176e-02,1.632333248853683472e-01,6.865029036998748779e-02,2.119276970624923706e-01,3.337241010740399361e-03,4.207556545734405518e-01,1.210091784596443176e-01,2.052392214536666870e-01,2.876530587673187256e-02,6.219990924000740051e-02,2.659522928297519684e-02,2.398349493741989136e-01,7.678183913230895996e-02,5.269169341772794724e-03,-2.269551306962966919e-01,-1.544549688696861267e-02,-5.404860526323318481e-02,3.578584175556898117e-03,-2.352324128150939941e-02,-2.480082958936691284e-01,-2.447657473385334015e-02,-9.206278622150421143e-02,-1.758666783571243286e-01,-1.601931154727935791e-01,-9.817699901759624481e-03,-1.859216839075088501e-01,-1.486859917640686035e-01,-1.035459190607070923e-01,-1.807411164045333862e-01,-8.860880136489868164e-02,1.097175409086048603e-03,8.568787574768066406e-02,1.799734532833099365e-01,2.209267765283584595e-02,1.946666650474071503e-02,-6.875772029161453247e-02,8.029135316610336304e-02,1.134803891181945801e-01,1.283828169107437134e-01
2.802304327487945557e-01,2.695626616477966309e-01,4.271486401557922363e-01,4.585330486297607422e-01,4.824909865856170654e-01,9.999997615814208984e-01,3.860316872596740723e-01,4.393402636051177979e-01,4.841055274009704590e-01,5.514160394668579102e-01,2.126912772655487061e-01,3.038113713264465332e-01,3.774694204330444336e-01,3.569559752941131592e-01,4.722201526165008545e-01,6.091406345367431641e-01,-1.792774908244609833e-02,1.864540278911590576e-01,3.410233855247497559e-01,3.370075523853302002e-01,5.281146168708801270e-01,4.874695539474487305e-01,4.102391302585601807e-01,4.752979874610900879e-01,4.630053341388702393e-01,5.494297742843627930e-01,5.723240971565246582e-01,6.925215721130371094e-01,2.429881542921066284e-01,1.939439326524734497e-01,3.913372457027435303e-01,4.322227239608764648e-01,2.058565318584442139e-01,2.647184431552886963e-01,3.202524036169052124e-03,5.595817044377326965e-02,-6.526903249323368073e-03,4.431034624576568604e-02,-5.487456917762756348e-02,2.006882280111312866e-01,1.623183488845825195e-01,1.550559140741825104e-02,-1.308290362358093262e-01,-1.215290725231170654e-01,-2.085868418216705322e-01,-1.884026825428009033e-01,-1.470894962549209595e-01,-1.236779093742370605e-01,-1.853206455707550049e-01,-1.745991706848144531e-01,-1.281444728374481201e-01,-8.651866763830184937e-02,6.772801280021667480e-02,1.643084883689880371e-01,-6.068049371242523193e-02,2.501356899738311768e-01,2.494293302297592163e-01,1.944216936826705933e-01,2.091921865940093994e-02,-5.443019047379493713e-02,-9.458199143409729004e-03,4.299609363079071045e-02,8.960134349763393402e-03,1.149675026535987854e-01,-1.026325374841690063e-01,-3.192074224352836609e-02,-1.486489623785018921e-01,-8.535376936197280884e-02,-2.244154736399650574e-02,-2.627361193299293518e-02,3.567986190319061279e-01,3.879854083061218262e-01,3.218023777008056641e-01,2.885704040527343750e-01,1.564104408025741577e-01,2.159173786640167236e-01,1.092498153448104858e-01,1.435319632291793823e-01,-4.831089824438095093e-02,1.004732772707939148e-01,-3.603474423289299011e-02,1.473934799432754517e-01,1.430017799139022827e-01,2.442996799945831299e-01,-1.384213659912347794e-02,1.148469746112823486e-01,-3.934000059962272644e-02,1.428642570972442627e-01,9.652495384216308594e-02,2.932926714420318604e-01,-1.506161317229270935e-02,-2.516523599624633789e-01,9.191951900720596313e-02,6.549705564975738525e-02,-1.906380057334899902e-02,-2.215085364878177643e-02,-1.688359379768371582e-01,7.578349672257900238e-03,-1.145146638154983521e-01,-5.677406489849090576e-02,9.471313655376434326e-02,5.624341592192649841e-02,2.875425107777118683e-02,-1.109079122543334961e-01,-4.072180762887001038e-02,-2.049753442406654358e-02,-4.901510477066040039e-02,-8.575158566236495972e-02,2.711615152657032013e-02,2.516403235495090485e-02,-5.557945370674133301e-02,-5.176547542214393616e-02,-3.199842199683189392e-02,1.332562714815139771e-01,6.971513479948043823e-02,3.184747649356722832e-03
7.035949230194091797e-01,4.713006615638732910e-01,7.485888600349426270e-01,6.946280002593994141e-01,2.489994168281555176e-01,3.860316872596740723e-01,1.000000119209289551e+00,7.256022691726684570e-01,4.647910892963409424e-01,1.885527372360229492e-01,6.708322763442993164e-01,5.939587354660034180e-01,7.327395677566528320e-01,5.271062850952148438e-01,4.586954116821289062e-01,4.993092119693756104e-01,3.058727681636810303e-01,4.446216821670532227e-01,6.456562280654907227e-01,6.007639169692993164e-01,4.455951452255249023e-01,3.589236438274383545e-01,6.922410130500793457e-01,6.419348716735839844e-01,5.336285829544067383e-01,5.882625579833984375e-01,3.386997878551483154e-01,3.742501735687255859e-01,5.632470250129699707e-01,5.342453718185424805e-01,7.216640710830688477e-01,7.198103070259094238e-01,5.798953771591186523e-01,5.790987014770507812e-01,2.528911530971527100e-01,2.052186280488967896e-01,1.959508061408996582e-01,2.372775524854660034e-01,1.500926911830902100e-01,1.512159407138824463e-01,3.244868516921997070e-01,3.829262778162956238e-02,-7.167167961597442627e-02,2.671060897409915924e-02,-7.469686120748519897e-02,-2.445232123136520386e-02,-1.437988132238388062e-01,-1.375272125005722046e-01,-2.002057060599327087e-02,-8.471657335758209229e-02,1.030484065413475037e-01,-4.512910917401313782e-02,7.899093627929687500e-02,2.834548801183700562e-02,1.672112792730331421e-01,1.966052353382110596e-01,4.825686216354370117e-01,3.109192848205566406e-01,1.445831805467605591e-01,2.581787668168544769e-02,2.330515235662460327e-01,2.602108418941497803e-01,3.162555694580078125e-01,3.163118064403533936e-01,8.645716309547424316e-02,6.898096948862075806e-02,3.811734914779663086e-02,8.215810358524322510e-02,1.299736052751541138e-01,5.511362850666046143e-02,5.309441089630126953e-01,5.841215252876281738e-01,6.364671587944030762e-01,6.269346475601196289e-01,3.961885273456573486e-01,5.234563946723937988e-01,4.442445635795593262e-01,4.448589384555816650e-01,1.908771097660064697e-01,3.168439269065856934e-01,2.763608992099761963e-01,3.446674346923828125e-01,2.649889588356018066e-01,3.065606653690338135e-01,1.563075184822082520e-01,1.896730065345764160e-01,-5.624658986926078796e-02,1.881948858499526978e-01,1.307149380445480347e-01,1.448799967765808105e-01,1.629934459924697876e-01,-1.674886234104633331e-02,2.283766418695449829e-01,2.134319692850112915e-01,-3.975846618413925171e-02,-2.645644359290599823e-02,8.898650109767913818e-02,3.073571808636188507e-02,1.397603377699851990e-02,2.737552300095558167e-02,2.211070209741592407e-01,1.660760790109634399e-01,1.057890728116035461e-01,5.222844704985618591e-02,-1.880007609724998474e-02,4.131586849689483643e-02,1.005532592535018921e-01,-1.733420938253402710e-01,2.642309991642832756e-03,-4.119800776243209839e-02,8.446329832077026367e-02,-3.735571727156639099e-02,-2.305955812335014343e-02,2.074354141950607300e-01,1.557084769010543823e-01,-8.160201832652091980e-03
6.019024252891540527e-01,6.468082070350646973e-01,6.929421424865722656e-01,7.798851132392883301e-01,1.186667233705520630e-01,4.393402636051177979e-01,7.256022691726684570e-01,9.999997019767761230e-01,2.817506194114685059e-01,2.558406591415405273e-01,5.740301012992858887e-01,7.379118204116821289e-01,5.878674387931823730e-01,6.790717840194702148e-01,2.981938719749450684e-01,5.347124338150024414e-01,2.383687347173690796e-01,5.803443789482116699e-01,6.495178341865539551e-01,6.410202980041503906e-01,4.365823566913604736e-01,4.174565076828002930e-01,6.569065451622009277e-01,7.169689536094665527e-01,4.846163094043731689e-01,5.266754031181335449e-01,2.784723937511444092e-01,3.677852451801300049e-01,4.728403091430664062e-01,5.617685317993164062e-01,6.503345370292663574e-01,7.108205556869506836e-01,6.010197997093200684e-01,6.640646457672119141e-01,2.300309836864471436e-01,2.628415524959564209e-01,2.075316756963729858e-01,2.793112993240356445e-01,1.157959923148155212e-01,1.747411936521530151e-01,2.114186733961105347e-01,8.005084097385406494e-02,-3.374717757105827332e-02,8.745779097080230713e-02,-6.665053218603134155e-02,4.383269697427749634e-02,-9.775397926568984985e-02,-5.747030302882194519e-02,-5.534597672522068024e-03,4.771974682807922363e-02,1.086271405220031738e-01,1.337756216526031494e-01,1.272752881050109863e-01,1.663813292980194092e-01,8.627365529537200928e-02,2.554595172405242920e-01,4.096225500106811523e-01,4.088484644889831543e-01,1.449105739593505859e-01,1.433895677328109741e-01,1.729828119277954102e-01,3.066796064376831055e-01,2.612074315547943115e-01,4.573802053928375244e-01,6.523414701223373413e-02,2.553976178169250488e-01,7.927785068750381470e-02,1.702328622341156006e-01,1.727237701416015625e-01,1.230089068412780762e-01,5.068119764328002930e-01,5.788491368293762207e-01,5.656568408012390137e-01,6.268315911293029785e-01,3.587594926357269287e-01,5.026766657829284668e-01,4.020596146583557129e-01,4.432268142700195312e-01,1.527854502201080322e-01,4.157527983188629150e-01,1.823344528675079346e-01,4.264217615127563477e-01,1.221860423684120178e-01,2.955731153488159180e-01,7.273493707180023193e-02,2.949048280715942383e-01,-4.647941887378692627e-02,1.547347307205200195e-01,8.156552910804748535e-03,2.920309603214263916e-01,1.734675914049148560e-01,9.104128926992416382e-03,2.980405986309051514e-01,2.220550626516342163e-01,-2.864441089332103729e-02,-1.994786597788333893e-02,6.495362520217895508e-02,7.936775684356689453e-02,1.619606092572212219e-02,1.021010801196098328e-01,2.849156558513641357e-01,1.403756439685821533e-01,1.818731576204299927e-01,3.624112904071807861e-02,4.766443744301795959e-02,1.083962097764015198e-01,8.319992572069168091e-02,-2.644001543521881104e-01,3.852736577391624451e-02,8.239208720624446869e-03,8.313117921352386475e-02,-4.062861576676368713e-02,-1.613691262900829315e-02,2.809070050716400146e-01,2.322516143321990967e-01,2.723772637546062469e-02
4.082890450954437256e-01,6.143971160054206848e-02,4.282485842704772949e-01,3.266389071941375732e-01,6.328302621841430664e-01,4.841055274009704590e-01,4.647910892963409424e-01,2.817506194114685059e-01,9.999997615814208984e-01,4.216746687889099121e-01,4.267495870590209961e-01,1.916228085756301880e-01,5.284939408302307129e-01,2.595081627368927002e-01,7.499626874923706055e-01,4.831274449825286865e-01,1.451148986816406250e-01,1.187270283699035645e-01,3.001665472984313965e-01,2.860143780708312988e-01,5.100455284118652344e-01,3.848893940448760986e-01,4.583881497383117676e-01,3.685309886932373047e-01,5.792895555496215820e-01,6.049684882164001465e-01,4.964433014392852783e-01,5.607710480690002441e-01,4.107544124126434326e-01,1.915091425180435181e-01,4.958893656730651855e-01,4.384383857250213623e-01,2.317681759595870972e-01,1.478907167911529541e-01,8.128727227449417114e-02,5.648931860923767090e-02,-1.316798105835914612e-02,9.311196208000183105e-02,-2.244015224277973175e-02,9.727689623832702637e-02,2.283628135919570923e-01,5.446437373757362366e-02,-1.523659229278564453e-01,-1.081369966268539429e-01,-2.379395514726638794e-01,-2.214602828025817871e-01,-4.571106657385826111e-02,-1.432788074016571045e-01,-1.694543212652206421e-01,-3.103860616683959961e-01,-1.158252134919166565e-01,-2.684264481067657471e-01,-6.778668146580457687e-03,-5.473880842328071594e-02,-4.016980901360511780e-02,1.671167761087417603e-01,4.026589095592498779e-01,1.576674133539199829e-01,2.548885904252529144e-02,-1.087685972452163696e-01,8.127324283123016357e-02,4.815421253442764282e-02,1.670633852481842041e-01,3.517697006464004517e-02,-6.234939768910408020e-02,-2.650724351406097412e-01,-1.772351562976837158e-01,-1.153399944305419922e-01,2.430435083806514740e-02,2.123146131634712219e-02,3.844653666019439697e-01,3.599195778369903564e-01,4.687632024288177490e-01,3.071470260620117188e-01,2.353296726942062378e-01,2.962692677974700928e-01,2.859042882919311523e-01,2.051178663969039917e-01,9.392730891704559326e-02,9.308257699012756348e-02,1.701157540082931519e-01,7.504887878894805908e-02,3.191389441490173340e-01,2.875562310218811035e-01,9.992738068103790283e-02,1.092015579342842102e-01,8.111600577831268311e-02,1.736258715391159058e-01,2.830450534820556641e-01,4.025624133646488190e-03,7.655503600835800171e-02,-8.395034819841384888e-02,1.591775449924170971e-03,3.255498362705111504e-03,1.345416903495788574e-01,1.358300596475601196e-01,-6.397463381290435791e-02,1.614483445882797241e-01,6.120821461081504822e-02,4.795746132731437683e-02,-4.146620258688926697e-02,8.702652156352996826e-02,-7.277476042509078979e-02,6.285942345857620239e-02,-9.393339604139328003e-02,2.155024558305740356e-02,-6.359832361340522766e-03,5.150781013071537018e-03,1.258321702480316162e-01,5.905550718307495117e-02,8.627051115036010742e-02,1.164157465100288391e-01,9.079449623823165894e-02,5.769104883074760437e-02,8.631111681461334229e-02,1.019079685211181641e-01
1.098187342286109924e-01,1.608186960220336914e-01,2.808022201061248779e-01,3.189476132392883301e-01,2.902720272541046143e-01,5.514160394668579102e-01,1.885527372360229492e-01,2.558406591415405273e-01,4.216746687889099121e-01,9.999997615814208984e-01,1.394296735525131226e-01,2.365659475326538086e-01,1.964028924703598022e-01,2.201023548841476440e-01,3.661565482616424561e-01,4.941230714321136475e-01,-1.179586574435234070e-01,1.217902898788452148e-01,1.656919717788696289e-01,1.832571178674697876e-01,3.445466458797454834e-01,4.220939874649047852e-01,3.207341730594635010e-01,3.848796188831329346e-01,3.667150735855102539e-01,4.355487823486328125e-01,2.791262865066528320e-01,4.552561640739440918e-01,9.106440097093582153e-02,4.970046505331993103e-02,2.496161311864852905e-01,3.022206127643585205e-01,-1.513946335762739182e-02,5.990293622016906738e-02,-9.442026168107986450e-02,1.397192664444446564e-02,-4.656790569424629211e-02,5.523723736405372620e-02,-4.125253856182098389e-02,2.540021240711212158e-01,9.082247503101825714e-03,1.669708937406539917e-01,-1.725452691316604614e-01,-1.669194102287292480e-01,-2.465482652187347412e-01,-2.606850564479827881e-01,-9.633947163820266724e-02,-1.330370008945465088e-01,-2.785241603851318359e-01,-2.566506564617156982e-01,-2.629874944686889648e-01,-1.318554878234863281e-01,-4.990257695317268372e-02,6.394306197762489319e-03,-1.801068931818008423e-01,1.622920036315917969e-01,6.957869231700897217e-02,1.976277977228164673e-01,-1.811649352312088013e-01,-6.224250420928001404e-02,-2.040093541145324707e-01,1.448953291401267052e-03,-2.289643138647079468e-01,4.982570931315422058e-02,-1.293349266052246094e-01,-1.943600177764892578e-02,-3.008309006690979004e-01,-2.231235504150390625e-01,-7.809074968099594116e-02,-5.663477629423141479e-02,2.479541897773742676e-01,2.770794630050659180e-01,2.220169901847839355e-01,1.382612884044647217e-01,4.740011319518089294e-02,7.430899143218994141e-02,9.359451383352279663e-02,1.374909281730651855e-01,-7.694178819656372070e-02,9.355780482292175293e-02,-1.544397473335266113e-01,1.224087998270988464e-01,-5.393728986382484436e-02,2.026797384023666382e-01,-7.813270390033721924e-02,1.364409774541854858e-01,9.740412235260009766e-02,2.250257432460784912e-01,5.268272757530212402e-02,3.237830698490142822e-01,-6.219962239265441895e-02,-2.057500928640365601e-01,-2.138093672692775726e-02,-1.038405578583478928e-02,5.984616279602050781e-02,1.444581896066665649e-01,-2.211539745330810547e-01,1.475540101528167725e-01,-1.012692078948020935e-01,6.346669048070907593e-03,-4.829278960824012756e-02,-4.571136459708213806e-02,-1.250191181898117065e-01,-7.883542776107788086e-02,-3.217723220586776733e-02,4.823510348796844482e-02,4.149851389229297638e-03,7.626324892044067383e-02,1.105375662446022034e-01,5.403651390224695206e-03,-1.298544853925704956e-01,-5.242670327425003052e-02,3.818435594439506531e-02,-3.065591491758823395e-02,6.341317296028137207e-02,6.775905191898345947e-02
6.421184539794921875e-01,4.151598215103149414e-01,5.646190047264099121e-01,5.330262184143066406e-01,2.388121038675308228e-01,2.126912772655487061e-01,6.708322763442993164e-01,5.740301012992858887e-01,4.267495870590209961e-01,1.394296735525131226e-01,9.999998211860656738e-01,5.913603305816650391e-01,7.085567116737365723e-01,4.949900209903717041e-01,4.382058382034301758e-01,3.572460711002349854e-01,5.063437819480895996e-01,5.344740748405456543e-01,5.443304777145385742e-01,4.986734390258789062e-01,3.630450069904327393e-01,2.439278364181518555e-01,6.001862883567810059e-01,4.870741665363311768e-01,4.868993759155273438e-01,4.891868531703948975e-01,2.470866739749908447e-01,2.642856538295745850e-01,6.146634221076965332e-01,5.847240686416625977e-01,6.648334860801696777e-01,6.359224915504455566e-01,5.876057744026184082e-01,5.421472787857055664e-01,2.767378687858581543e-01,2.454214245080947876e-01,1.337733417749404907e-01,2.175764441490173340e-01,8.178429305553436279e-02,8.954600989818572998e-02,2.060523480176925659e-01,1.012066155672073364e-01,3.585775196552276611e-02,1.810911148786544800e-01,3.145857527852058411e-02,1.097643524408340454e-01,1.518875081092119217e-02,1.278766430914402008e-02,1.111837774515151978e-01,2.613999508321285248e-02,2.052181363105773926e-01,5.078874900937080383e-02,1.417758911848068237e-01,-6.120358780026435852e-02,3.273864742368459702e-03,8.554702997207641602e-02,4.853540062904357910e-01,2.954852283000946045e-01,1.476972550153732300e-01,8.814267069101333618e-02,2.738296985626220703e-01,2.891593575477600098e-01,4.267094731330871582e-01,3.803884685039520264e-01,1.550016701221466064e-01,1.561896800994873047e-01,8.366063237190246582e-02,1.334100365638732910e-01,2.442948222160339355e-01,1.585086882114410400e-01,4.370624721050262451e-01,4.948557019233703613e-01,5.901451110839843750e-01,6.208933591842651367e-01,4.297422766685485840e-01,5.320965647697448730e-01,5.316215157508850098e-01,4.954955279827117920e-01,3.286405503749847412e-01,4.544174671173095703e-01,3.906401395797729492e-01,4.036714732646942139e-01,2.451479882001876831e-01,1.791403740644454956e-01,3.346565365791320801e-01,2.546648681163787842e-01,-4.258333519101142883e-02,4.553762450814247131e-02,1.071367114782333374e-01,-8.617644198238849640e-03,1.632018536329269409e-01,2.429293096065521240e-02,2.234134376049041748e-01,1.432940214872360229e-01,1.428659539669752121e-02,4.366169497370719910e-02,6.267837435007095337e-02,3.078428655862808228e-02,1.151778027415275574e-01,-2.028585411608219147e-02,2.258295863866806030e-01,9.405123442411422729e-02,1.244888901710510254e-01,1.093170493841171265e-01,7.678343355655670166e-02,1.634471118450164795e-01,8.167149126529693604e-02,-2.164423912763595581e-01,6.582705676555633545e-02,6.582809984683990479e-02,1.863341629505157471e-01,6.699855625629425049e-02,-5.199609789997339249e-03,2.549861967563629150e-01,2.747557759284973145e-01,1.066602170467376709e-01
5.474029183387756348e-01,6.557534933090209961e-01,5.678876042366027832e-01,6.713924407958984375e-01,6.205317005515098572e-02,3.038113713264465332e-01,5.939587354660034180e-01,7.379118204116821289e-01,1.916228085756301880e-01,2.365659475326538086e-01,5.913603305816650391e-01,1.000000119209289551e+00,5.530989766120910645e-01,7.440670728683471680e-01,2.199969440698623657e-01,5.160636305809020996e-01,2.991329729557037354e-01,6.900017857551574707e-01,5.488679409027099609e-01,5.483812689781188965e-01,3.843625187873840332e-01,3.571916222572326660e-01,5.960194468498229980e-01,6.369515657424926758e-01,4.508765935897827148e-01,4.709309339523315430e-01,1.939281672239303589e-01,2.404711246490478516e-01,4.648179113864898682e-01,6.009775996208190918e-01,5.892951488494873047e-01,6.481285095214843750e-01,6.021912693977355957e-01,6.665101647377014160e-01,2.310720980167388916e-01,2.974563241004943848e-01,1.808912754058837891e-01,2.539227306842803955e-01,6.147156283259391785e-02,1.297602653503417969e-01,1.309500485658645630e-01,1.298242807388305664e-01,-3.995522391051054001e-03,1.235807612538337708e-01,-5.637261271476745605e-02,6.084013357758522034e-02,-6.485614180564880371e-02,-1.149117015302181244e-02,4.901918396353721619e-02,1.024711802601814270e-01,1.128212139010429382e-01,1.542717963457107544e-01,1.495161205530166626e-01,1.259199529886245728e-01,-2.871691249310970306e-02,1.774827986955642700e-01,4.206942021846771240e-01,4.792891740798950195e-01,1.173660308122634888e-01,1.877863407135009766e-01,1.408023238182067871e-01,3.294808566570281982e-01,2.820965647697448730e-01,5.459895133972167969e-01,5.406747013330459595e-02,3.238055706024169922e-01,6.478194892406463623e-02,1.666510403156280518e-01,2.092466503381729126e-01,1.704791039228439331e-01,4.693817198276519775e-01,5.289088487625122070e-01,5.422519445419311523e-01,6.339050531387329102e-01,3.678858280181884766e-01,4.962232708930969238e-01,4.099504053592681885e-01,4.557376503944396973e-01,1.859904229640960693e-01,4.905036687850952148e-01,2.172327935695648193e-01,4.630759656429290771e-01,1.144278943538665771e-01,2.471013665199279785e-01,7.644458115100860596e-02,3.282040953636169434e-01,-2.390787377953529358e-02,1.458958089351654053e-01,-2.583119273185729980e-02,2.396030128002166748e-01,1.525479853153228760e-01,3.027246147394180298e-02,2.888313233852386475e-01,1.925016492605209351e-01,-2.899800194427371025e-03,1.526804547756910324e-02,1.934747956693172455e-02,3.309880942106246948e-02,3.004638105630874634e-02,6.898133456707000732e-02,2.786140441894531250e-01,7.315687090158462524e-02,1.690128594636917114e-01,-1.343563105911016464e-02,7.413677871227264404e-02,1.525489836931228638e-01,7.689221203327178955e-02,-2.571197450160980225e-01,5.428825318813323975e-02,2.903047762811183929e-02,7.674463838338851929e-02,-3.449522703886032104e-02,-8.066073060035705566e-03,2.900283932685852051e-01,2.857984304428100586e-01,6.142211705446243286e-02
6.670773029327392578e-01,3.651862442493438721e-01,6.715903878211975098e-01,5.887416601181030273e-01,3.862794339656829834e-01,3.774694204330444336e-01,7.327395677566528320e-01,5.878674387931823730e-01,5.284939408302307129e-01,1.964028924703598022e-01,7.085567116737365723e-01,5.530989766120910645e-01,9.999998211860656738e-01,5.018110275268554688e-01,5.930542349815368652e-01,5.309467911720275879e-01,3.687669932842254639e-01,4.040641188621520996e-01,5.543791055679321289e-01,5.296925306320190430e-01,4.635316431522369385e-01,3.324968814849853516e-01,7.107063531875610352e-01,5.967731475830078125e-01,6.612050533294677734e-01,6.573305130004882812e-01,4.278547763824462891e-01,3.780839741230010986e-01,6.058771014213562012e-01,4.779411256313323975e-01,6.871825456619262695e-01,6.741283535957336426e-01,5.519050955772399902e-01,5.383868217468261719e-01,2.755481302738189697e-01,2.406971752643585205e-01,2.315192222595214844e-01,1.950809955596923828e-01,6.764455884695053101e-02,2.163031995296478271e-01,3.489432930946350098e-01,4.896375536918640137e-02,-3.184643387794494629e-02,2.677489444613456726e-02,-1.233034953474998474e-01,-8.656691759824752808e-02,-1.629354357719421387e-01,-1.475706100463867188e-01,-2.950268797576427460e-02,-1.192694008350372314e-01,1.119165718555450439e-01,-7.464068382978439331e-02,9.691399335861206055e-02,2.412315085530281067e-02,3.767643496394157410e-02,2.247549891471862793e-01,4.864548444747924805e-01,2.690619826316833496e-01,9.985691308975219727e-02,-2.525681257247924805e-02,1.977939307689666748e-01,1.774127632379531860e-01,2.861747741699218750e-01,2.492017149925231934e-01,8.649205416440963745e-02,3.510730713605880737e-02,3.398131206631660461e-02,5.976993963122367859e-02,1.885811388492584229e-01,1.138721853494644165e-01,5.546299815177917480e-01,5.846734642982482910e-01,6.548117995262145996e-01,6.139112710952758789e-01,4.436553716659545898e-01,5.422686934471130371e-01,4.920853972434997559e-01,4.201064109802246094e-01,1.836798191070556641e-01,3.009555935859680176e-01,3.247597515583038330e-01,2.503266930580139160e-01,4.167068898677825928e-01,3.136105835437774658e-01,2.807048559188842773e-01,2.112254351377487183e-01,-6.740611791610717773e-02,2.187810540199279785e-01,1.500371098518371582e-01,1.283518671989440918e-01,1.168242245912551880e-01,-7.535126060247421265e-02,2.112398743629455566e-01,1.926831007003784180e-01,-1.635400950908660889e-02,-4.160605743527412415e-02,-1.847246102988719940e-02,-6.942764855921268463e-03,-6.637064367532730103e-02,-8.742925524711608887e-02,1.443633586168289185e-01,1.186432763934135437e-01,5.474328249692916870e-02,3.893321752548217773e-02,-2.778839506208896637e-02,3.782199695706367493e-02,3.255921602249145508e-02,-1.100036576390266418e-01,-2.648275578394532204e-03,3.859103471040725708e-02,1.234339103102684021e-01,-4.287914186716079712e-02,-6.935465335845947266e-02,2.561101317405700684e-01,2.265261262655258179e-01,3.884473815560340881e-02
