1.000000357627868652e+00,3.497345745563507080e-01,2.717500627040863037e-01,9.507257491350173950e-02,-8.821810781955718994e-02,-9.454552829265594482e-02,3.914166986942291260e-01,2.710306942462921143e-01,-4.995465651154518127e-02,-1.326713263988494873e-01,3.656879067420959473e-01,1.585285514593124390e-01,2.321825325489044189e-01,-4.857917502522468567e-02,-3.931752964854240417e-02,-1.925886720418930054e-01,2.588787376880645752e-01,1.848488748073577881e-01,4.829728901386260986e-01,3.490813970565795898e-01,3.564430028200149536e-02,-5.192342400550842285e-02,8.267670124769210815e-02,-4.979883879423141479e-02,-4.327600821852684021e-02,-6.745481491088867188e-02,-1.408367156982421875e-01,-1.703221946954727173e-01,1.737924516201019287e-01,9.201128780841827393e-02,5.804773420095443726e-02,3.081920184195041656e-02,2.494814395904541016e-01,2.099970281124114990e-01,-9.134805947542190552e-02,-8.923833072185516357e-02,7.038735318928956985e-03,5.407628603279590607e-03,1.680127345025539398e-02,-1.624221727252006531e-02,-1.566844061017036438e-02,-1.817405410110950470e-02,-4.553819075226783752e-02,-7.377402484416961670e-02,-3.509616851806640625e-02,-5.641154199838638306e-02,-1.101428568363189697e-01,-3.876501694321632385e-02,-5.503688380122184753e-02,-9.755133837461471558e-02,-8.385469764471054077e-02,-1.247281730175018311e-01,-9.645125269889831543e-02,-5.755114555358886719e-02,-9.828518331050872803e-02,-7.551741600036621094e-02,4.997134804725646973e-01,3.071442544460296631e-01,1.425739973783493042e-01,4.941796883940696716e-02,3.094442486763000488e-01,1.990819126367568970e-01,1.882374733686447144e-01,6.038803607225418091e-02,4.865873139351606369e-03,-1.062949821352958679e-01,6.734274327754974365e-02,-3.922485187649726868e-02,3.480971455574035645e-01,2.913866043090820312e-01,1.716370582580566406e-01,1.090808510780334473e-01,1.415039002895355225e-01,8.159891515970230103e-02,-1.307745650410652161e-02,5.988279357552528381e-02,1.075798571109771729e-01,2.437557466328144073e-02,8.595085144042968750e-02,1.149378344416618347e-01,1.189632564783096313e-01,4.888400435447692871e-02,1.012166123837232590e-02,7.166023133322596550e-04,-2.965704724192619324e-02,-1.186473667621612549e-01,8.732514083385467529e-02,-1.428965479135513306e-01,8.596929162740707397e-02,-1.194847077131271362e-01,-6.097245216369628906e-02,-1.040550172328948975e-01,3.281532227993011475e-02,4.516075551509857178e-02,-4.086872562766075134e-02,7.717153523117303848e-03,-4.903761669993400574e-02,-1.222105920314788818e-01,-2.857277914881706238e-02,-6.276281177997589111e-02,1.353692379780113697e-03,7.820817083120346069e-02,-6.785452831536531448e-03,4.893886670470237732e-02,-9.349076449871063232e-02,-1.173290014266967773e-01,-1.393697410821914673e-01,-4.062330722808837891e-02,1.779437297955155373e-04,6.987681239843368530e-02,1.010828837752342224e-02,-3.545238822698593140e-02,2.326600515516474843e-04,2.311767451465129852e-02,3.251898288726806641e-02,-2.802015841007232666e-02
3.497345745563507080e-01,1.000000000000000000e+00,1.132650673389434814e-01,1.985634565353393555e-01,-1.681995540857315063e-01,-8.422549813985824585e-02,1.517851203680038452e-01,2.516179084777832031e-01,-1.961240917444229126e-01,-1.416190713644027710e-01,1.298453211784362793e-01,2.627348601818084717e-01,7.085529714822769165e-02,3.854902088642120361e-02,-6.437110155820846558e-02,-7.281658053398132324e-02,1.644698232412338257e-01,2.019494175910949707e-01,3.579528331756591797e-01,4.326229989528656006e-01,-1.529167592525482178e-02,-5.557286553084850311e-03,7.347565144300460815e-02,5.988359451293945312e-02,-1.134134829044342041e-01,-9.039940685033798218e-02,-1.376518309116363525e-01,-9.317038953304290771e-02,1.600503623485565186e-01,8.858496695756912231e-02,-4.187783226370811462e-02,4.929189011454582214e-02,1.477477103471755981e-01,2.461012452840805054e-01,-2.757780626416206360e-02,-1.856290735304355621e-02,2.906523086130619049e-02,-1.783190667629241943e-02,1.277701109647750854e-01,-1.313040405511856079e-02,5.548727512359619141e-02,8.968122303485870361e-03,5.383805930614471436e-02,6.865246593952178955e-02,6.213912740349769592e-02,6.675361096858978271e-02,-2.893099561333656311e-02,7.914703339338302612e-02,1.406769175082445145e-02,5.204562842845916748e-02,2.359413541853427887e-02,5.674998834729194641e-02,2.340490370988845825e-02,-4.554668441414833069e-02,-5.219190195202827454e-02,1.357435341924428940e-02,4.139027595520019531e-01,5.643306374549865723e-01,6.320852041244506836e-02,9.348537027835845947e-02,-4.989062994718551636e-02,1.723357737064361572e-01,2.062212862074375153e-02,1.469804048538208008e-01,-1.512044519186019897e-01,-4.665559530258178711e-02,-6.691905111074447632e-02,-5.577493458986282349e-02,3.314227759838104248e-01,3.760657906532287598e-01,1.246893871575593948e-02,5.198974162340164185e-02,8.258860558271408081e-02,1.940279453992843628e-01,2.937327884137630463e-02,1.542446911334991455e-01,6.936860084533691406e-02,1.685943305492401123e-01,9.964708238840103149e-02,1.823956221342086792e-01,6.709717214107513428e-02,1.475039124488830566e-01,5.593647435307502747e-02,-2.533344365656375885e-02,-3.236201405525207520e-02,4.546054452657699585e-02,1.252621561288833618e-01,-6.059786304831504822e-02,4.075749590992927551e-02,-2.010789327323436737e-02,-2.903925068676471710e-02,-1.042886301875114441e-01,6.532599031925201416e-02,6.123192980885505676e-02,-6.488267797976732254e-03,-1.804908178746700287e-02,-7.459545135498046875e-02,-1.909346133470535278e-01,-7.939641177654266357e-02,-1.789120286703109741e-01,7.595621794462203979e-02,6.212781742215156555e-02,1.179988682270050049e-02,9.154880046844482422e-02,-3.766399249434471130e-02,1.606406085193157196e-02,1.812541671097278595e-02,-1.591132022440433502e-02,-1.398739696014672518e-04,-4.415733274072408676e-03,-1.664423756301403046e-02,-8.351308852434158325e-02,-3.824997460469603539e-03,2.209412492811679840e-02,1.830530352890491486e-02,-5.637613125145435333e-03
2.717500627040863037e-01,1.132650673389434814e-01,9.999998211860656738e-01,4.556941390037536621e-01,4.632069543004035950e-02,3.858951106667518616e-02,5.777606368064880371e-01,3.544347286224365234e-01,6.441470235586166382e-02,-1.588554494082927704e-02,1.432028263807296753e-01,-1.174185574054718018e-01,1.266364157199859619e-01,-2.395192682743072510e-01,1.031529605388641357e-01,-6.165651977062225342e-02,-2.139772102236747742e-02,-6.537205725908279419e-02,2.712087929248809814e-01,1.760819405317306519e-01,1.309291571378707886e-01,3.058010339736938477e-02,5.199499130249023438e-01,3.867004215717315674e-01,2.632422447204589844e-01,3.024157285690307617e-01,7.651758939027786255e-02,9.704381972551345825e-02,2.550417743623256683e-02,2.977385930716991425e-02,2.709589898586273193e-01,3.402558863162994385e-01,1.831957511603832245e-02,1.014935523271560669e-01,1.108192130923271179e-01,7.823780179023742676e-03,1.561715900897979736e-01,1.389544606208801270e-01,1.191423982381820679e-01,1.257313936948776245e-01,1.567798666656017303e-02,5.534421652555465698e-02,-1.414842605590820312e-01,-1.670470088720321655e-01,-1.289086639881134033e-01,-1.908067166805267334e-01,-1.756350547075271606e-01,-1.301386058330535889e-01,-1.672799885272979736e-01,-1.984958350658416748e-01,-1.727859824895858765e-01,-1.851754635572433472e-01,-1.357406824827194214e-01,-1.070470958948135376e-01,-1.000643670558929443e-01,4.786920174956321716e-02,9.554924815893173218e-02,1.314946711063385010e-01,-2.127646952867507935e-01,-2.400420606136322021e-01,-4.007226228713989258e-02,7.257327437400817871e-02,-1.502842456102371216e-01,-2.230355143547058105e-01,1.896883696317672729e-01,6.523969769477844238e-02,-8.952022343873977661e-02,-2.807261049747467041e-01,6.311981938779354095e-03,1.227696463465690613e-01,2.221951633691787720e-01,1.899513006210327148e-01,1.653595566749572754e-01,7.778520137071609497e-02,8.230255544185638428e-02,-6.611992139369249344e-03,5.919533595442771912e-02,4.575257003307342529e-02,-2.388037741184234619e-02,3.997321240603923798e-03,9.948535822331905365e-03,-5.258404184132814407e-03,-1.103060245513916016e-01,-3.674284741282463074e-02,8.896604925394058228e-02,-1.888407766819000244e-02,3.246921673417091370e-02,6.719853729009628296e-02,1.910371035337448120e-01,6.980550289154052734e-02,2.908299677073955536e-02,3.123431652784347534e-02,1.370350569486618042e-01,9.984583407640457153e-02,4.541385453194379807e-03,-9.485696209594607353e-04,-2.614995837211608887e-02,-5.095234140753746033e-02,-5.753743276000022888e-02,-8.837610483169555664e-02,-6.946267560124397278e-03,1.064222157001495361e-01,-3.965450078248977661e-02,2.976681664586067200e-02,4.938605241477489471e-03,-4.872441757470369339e-03,-1.179490610957145691e-01,-7.347553968429565430e-02,1.090551093220710754e-01,7.888904958963394165e-02,-8.387023699469864368e-04,-6.239483132958412170e-02,-1.060198806226253510e-02,2.959988079965114594e-02,3.470781818032264709e-02,-3.706865385174751282e-02
9.507257491350173950e-02,1.985634565353393555e-01,4.556941390037536621e-01,1.000000119209289551e+00,-1.312334369868040085e-02,7.609211653470993042e-02,3.498805165290832520e-01,5.200215578079223633e-01,-1.435837242752313614e-02,5.495249107480049133e-02,-5.352250114083290100e-02,-6.245349533855915070e-03,-1.311997137963771820e-02,-1.583200991153717041e-01,-6.237986683845520020e-02,-8.671471732668578625e-04,-1.342386305332183838e-01,-1.160561963915824890e-01,7.730604708194732666e-02,1.951712071895599365e-01,3.045499697327613831e-02,-1.341295707970857620e-02,4.159896969795227051e-01,5.241628885269165039e-01,1.535842418670654297e-01,1.881842613220214844e-01,1.366869173943996429e-02,7.959098368883132935e-02,-5.824969615787267685e-03,2.414279431104660034e-02,2.010710537433624268e-01,3.498979210853576660e-01,-1.709414296783506870e-03,2.023970782756805420e-01,5.592292547225952148e-02,2.769348025321960449e-02,5.721965059638023376e-02,8.065308630466461182e-02,1.172286793589591980e-01,4.669046029448509216e-02,-1.708235964179039001e-02,2.085120603442192078e-02,-1.113881990313529968e-01,-5.771328136324882507e-02,-9.466633945703506470e-02,-9.230271726846694946e-02,-2.029277533292770386e-01,-1.101138070225715637e-01,-1.281285136938095093e-01,-1.111157983541488647e-01,-1.255892664194107056e-01,-9.739619493484497070e-02,-1.293115615844726562e-01,-1.429633945226669312e-01,-1.662669479846954346e-01,-5.667644366621971130e-02,-5.623090639710426331e-02,1.379528492689132690e-01,-2.110576182603836060e-01,-9.593939036130905151e-02,-1.253705471754074097e-01,2.507551610469818115e-01,-1.923793107271194458e-01,-7.258330285549163818e-02,7.500404864549636841e-02,2.426658868789672852e-01,-1.799824386835098267e-01,-1.559019833803176880e-01,-1.065310016274452209e-01,8.173393458127975464e-02,6.978341192007064819e-02,1.426121443510055542e-01,6.806366145610809326e-02,1.237820982933044434e-01,-8.070134557783603668e-03,4.003056138753890991e-02,1.099411491304636002e-02,4.995715990662574768e-02,-2.148865163326263428e-02,-2.058699540793895721e-02,-1.170573383569717407e-01,1.677544787526130676e-02,-9.730063378810882568e-02,-6.442367285490036011e-02,-5.825537070631980896e-02,7.960714399814605713e-02,6.163980439305305481e-02,-1.716904900968074799e-02,4.853507876396179199e-02,4.816677793860435486e-02,-9.155579842627048492e-03,-2.392218261957168579e-02,6.190432608127593994e-02,1.796109415590763092e-02,-2.350532077252864838e-02,9.297440759837627411e-03,-3.810490667819976807e-02,-1.416639089584350586e-01,-8.865004032850265503e-02,-1.766628473997116089e-01,-1.591179333627223969e-02,5.425314884632825851e-03,-1.356244534254074097e-01,-6.008891388773918152e-02,-4.465894028544425964e-02,-7.138635218143463135e-02,-1.347846165299415588e-02,-4.155736789107322693e-02,1.643498428165912628e-02,9.123755618929862976e-03,-5.923694372177124023e-02,-1.211972981691360474e-01,-4.568107053637504578e-02,-7.703648414462804794e-03,-2.776422724127769470e-02,-5.277036130428314209e-02
-8.821810781955718994e-02,-1.681995540857315063e-01,4.632069543004035950e-02,-1.312334369868040085e-02,1.000000357627868652e+00,5.146100521087646484e-01,-1.196484118700027466e-01,-1.058213040232658386e-01,4.936144948005676270e-01,3.973196446895599365e-01,2.688464522361755371e-02,-6.869611889123916626e-02,-3.618397936224937439e-02,-2.299218252301216125e-02,3.833552598953247070e-01,2.630266845226287842e-01,3.274036943912506104e-02,1.220330689102411270e-02,8.378896117210388184e-02,5.885946378111839294e-02,2.364210337400436401e-01,1.624412685632705688e-01,9.693004935979843140e-02,6.093704327940940857e-02,4.881231114268302917e-02,8.626406639814376831e-02,3.625400662422180176e-01,3.396136462688446045e-01,5.615969374775886536e-02,-5.495869368314743042e-02,-3.104447573423385620e-02,-6.148168444633483887e-02,9.654200822114944458e-02,-4.414761066436767578e-02,-5.562317743897438049e-02,-9.977931529283523560e-02,2.592320181429386139e-02,1.456463336944580078e-02,3.199110180139541626e-02,1.246959641575813293e-01,2.265995591878890991e-01,1.146181896328926086e-01,-9.561354666948318481e-02,-1.438526362180709839e-01,-1.075631007552146912e-01,-9.101957082748413086e-02,-3.394253551959991455e-02,-1.236361488699913025e-01,-3.362285438925027847e-03,-5.574004724621772766e-02,-2.197314053773880005e-02,-9.530222415924072266e-02,-7.990614324808120728e-02,-1.101054102182388306e-01,7.154706399887800217e-03,3.688734024763107300e-02,1.433246303349733353e-02,-4.399521276354789734e-02,1.215046718716621399e-01,9.030797332525253296e-02,2.217473387718200684e-01,8.471849560737609863e-02,2.696311771869659424e-01,1.234090998768806458e-01,6.737334281206130981e-02,-3.226882964372634888e-02,6.386293470859527588e-02,1.381547935307025909e-02,1.045616194605827332e-01,7.641901075839996338e-02,6.790074706077575684e-02,-3.359033167362213135e-02,6.562352180480957031e-02,2.446411876007914543e-03,-3.194419667124748230e-02,-9.603270143270492554e-02,-8.559304475784301758e-02,-2.083760686218738556e-02,3.918679058551788330e-02,-2.477188967168331146e-02,1.364998966455459595e-01,-1.207938194274902344e-01,5.053305998444557190e-02,8.667854964733123779e-02,2.038260549306869507e-01,5.721211060881614685e-02,1.214200351387262344e-02,1.874794363975524902e-01,1.416265815496444702e-01,1.238714829087257385e-01,1.138723045587539673e-01,7.852847129106521606e-02,2.840540371835231781e-02,-1.930101029574871063e-02,-1.205589473247528076e-01,-9.803581982851028442e-02,-8.533570170402526855e-02,1.608700901269912720e-01,9.315351396799087524e-02,1.543993204832077026e-01,-3.870188444852828979e-02,3.585835546255111694e-02,5.121670290827751160e-02,3.223578631877899170e-02,6.106202676892280579e-02,1.287024375051259995e-02,-1.058303043246269226e-01,-2.858748137950897217e-01,-8.089652284979820251e-03,-7.705319672822952271e-02,-2.603469043970108032e-02,3.761544078588485718e-02,4.982736706733703613e-02,1.193304136395454407e-01,5.709897726774215698e-02,-7.621593773365020752e-02
-9.454552829265594482e-02,-8.422549813985824585e-02,3.858951106667518616e-02,7.609211653470993042e-02,5.146100521087646484e-01,1.000000000000000000e+00,-1.462949365377426147e-01,-3.812793642282485962e-02,4.477784037590026855e-01,5.162953138351440430e-01,-6.038565933704376221e-02,-7.153639197349548340e-02,-1.245408430695533752e-01,-6.388445198535919189e-02,3.153420686721801758e-01,2.656237185001373291e-01,-1.470163092017173767e-02,-1.316424086689949036e-02,2.045333757996559143e-02,6.738537922501564026e-03,2.843290567398071289e-01,2.611713409423828125e-01,3.508699312806129456e-02,6.388752907514572144e-02,1.331403702497482300e-01,1.956115812063217163e-01,4.181088209152221680e-01,5.007827281951904297e-01,-3.225812315940856934e-02,-6.128642335534095764e-02,-1.051180996000766754e-02,8.714726194739341736e-03,6.994842737913131714e-02,-2.440635859966278076e-02,7.052990049123764038e-02,-9.656850248575210571e-03,8.815364539623260498e-02,1.090271547436714172e-01,1.183302626013755798e-01,2.135795205831527710e-01,2.094621211290359497e-01,1.947048753499984741e-01,-9.021012112498283386e-03,-2.498155832290649414e-02,-1.215812098234891891e-02,1.841819472610950470e-02,3.862788900732994080e-02,2.548584528267383575e-02,2.480333298444747925e-02,1.583346910774707794e-02,-8.664011955261230469e-03,-9.131291881203651428e-03,-2.373360469937324524e-02,-7.518687285482883453e-03,1.064685732126235962e-01,1.297131180763244629e-01,5.237543955445289612e-03,-3.662807168439030647e-03,6.068024411797523499e-02,1.593538559973239899e-02,2.052593976259231567e-02,5.067766830325126648e-02,4.124666750431060791e-02,-7.460898254066705704e-03,7.796213030815124512e-02,5.860467627644538879e-02,3.314088657498359680e-02,1.834125444293022156e-02,7.304237037897109985e-02,8.003292232751846313e-02,5.669331923127174377e-02,-1.403962634503841400e-02,5.347217619419097900e-02,5.768533423542976379e-02,-4.188742954283952713e-03,1.730791525915265083e-03,5.646126810461282730e-03,9.940309822559356689e-02,-6.838679779320955276e-03,9.313391894102096558e-02,5.109570175409317017e-02,-2.060667611658573151e-02,2.967301011085510254e-02,1.353725790977478027e-01,6.911584734916687012e-02,1.195367872714996338e-01,2.977019362151622772e-02,2.530255317687988281e-01,1.183006241917610168e-01,1.908967345952987671e-01,5.307608842849731445e-02,6.782525777816772461e-02,6.461136974394321442e-03,-3.704784438014030457e-02,-9.728682786226272583e-02,-1.066375896334648132e-01,-9.364996105432510376e-02,9.858766943216323853e-02,3.552630916237831116e-02,5.397550016641616821e-02,-9.316983819007873535e-02,-9.064241312444210052e-03,3.804319072514772415e-03,5.313439667224884033e-02,1.752077229321002960e-02,1.415403280407190323e-02,-1.342182755470275879e-01,-2.254623025655746460e-01,2.672738954424858093e-02,-1.686243526637554169e-02,-4.684401303529739380e-02,4.440788179636001587e-03,7.545107509940862656e-03,1.184194535017013550e-01,2.243101410567760468e-02,-1.097034364938735962e-01
3.914166986942291260e-01,1.517851203680038452e-01,5.777606368064880371e-01,3.498805165290832520e-01,-1.196484118700027466e-01,-1.462949365377426147e-01,9.999999403953552246e-01,4.827083945274353027e-01,-2.625830098986625671e-02,-1.359423995018005371e-01,1.426515579223632812e-01,5.547530576586723328e-02,2.231483012437820435e-01,-1.164690405130386353e-01,-7.621331512928009033e-02,-2.189483791589736938e-01,8.906438015401363373e-03,7.948356214910745621e-04,2.444717288017272949e-01,2.030434459447860718e-01,-5.562990903854370117e-02,-1.130541041493415833e-01,3.856393098831176758e-01,2.475398480892181396e-01,1.501316875219345093e-01,1.670148223638534546e-01,-1.423382163047790527e-01,-1.437394320964813232e-01,1.893806271255016327e-02,6.062770634889602661e-02,2.875251770019531250e-01,3.098436594009399414e-01,9.925596415996551514e-02,1.767297238111495972e-01,2.822083607316017151e-02,-1.060315500944852829e-02,1.139360293745994568e-01,7.402152568101882935e-02,5.749125406146049500e-02,1.666428335011005402e-02,-8.671052008867263794e-02,-2.810395695269107819e-02,-1.995521597564220428e-02,-7.846427708864212036e-02,-2.313994057476520538e-02,-9.629284590482711792e-02,-1.045271679759025574e-01,-4.380124062299728394e-02,-1.257728487253189087e-01,-1.346321552991867065e-01,-1.279675066471099854e-01,-1.298055350780487061e-01,-9.918119758367538452e-02,-1.068435683846473694e-01,-1.071941778063774109e-01,-1.932991482317447662e-02,1.343697011470794678e-01,1.269830614328384399e-01,-1.623550951480865479e-01,-2.063857764005661011e-01,1.209775544703006744e-02,1.686813384294509888e-01,-1.171977221965789795e-01,-7.531096786260604858e-02,8.751980215311050415e-02,1.358043123036623001e-02,-2.025500172749161720e-03,-1.375255733728408813e-01,3.452200070023536682e-02,1.483834683895111084e-01,2.391258329153060913e-01,1.882208585739135742e-01,1.335333436727523804e-01,6.975565850734710693e-02,1.922626048326492310e-02,6.691826856695115566e-04,9.300386160612106323e-02,4.557438939809799194e-02,-4.430191125720739365e-03,-4.023382440209388733e-02,1.420174352824687958e-02,2.428060956299304962e-02,-6.888677179813385010e-02,-5.358595401048660278e-02,-4.485193267464637756e-02,-1.030612364411354065e-01,-1.422642823308706284e-02,-1.027293577790260315e-01,4.093522205948829651e-02,-3.897818177938461304e-02,-5.557039007544517517e-02,-2.124054729938507080e-02,7.570941001176834106e-02,5.182880163192749023e-02,-4.393646493554115295e-02,3.143780678510665894e-02,-5.783131718635559082e-02,-1.130398362874984741e-01,-8.145927637815475464e-02,-1.178327128291130066e-01,-6.144773960113525391e-02,1.734674163162708282e-02,-5.968989431858062744e-02,-1.785641722381114960e-02,-4.364653304219245911e-02,-6.287813186645507812e-02,-1.240051463246345520e-01,1.250679232180118561e-02,2.949704229831695557e-02,2.904863469302654266e-02,-4.117038473486900330e-02,-5.045235157012939453e-02,2.696731314063072205e-02,-1.789704710245132446e-02,-3.477871650829911232e-04,3.110720776021480560e-02
2.710306942462921143e-01,2.516179084777832031e-01,3.544347286224365234e-01,5.200215578079223633e-01,-1.058213040232658386e-01,-3.812793642282485962e-02,4.827083945274353027e-01,1.000000238418579102e+00,-8.215554058551788330e-02,-5.215525254607200623e-02,-4.019768908619880676e-03,2.412083745002746582e-01,9.404108673334121704e-02,-4.388333763927221298e-03,-1.714422702789306641e-01,-1.836374253034591675e-01,-4.880899935960769653e-02,3.930306062102317810e-02,1.622861772775650024e-01,3.006401360034942627e-01,-1.350208520889282227e-01,-9.521216154098510742e-02,2.632434964179992676e-01,2.927489280700683594e-01,-2.831365540623664856e-02,9.483457542955875397e-03,-2.066626846790313721e-01,-1.483618319034576416e-01,1.205094438046216965e-02,7.149476557970046997e-02,1.171876192092895508e-01,1.916453689336776733e-01,1.221971213817596436e-01,2.792276740074157715e-01,-1.291241347789764404e-01,-1.435322463512420654e-01,-8.845194429159164429e-02,-5.161552876234054565e-02,-3.901295363903045654e-02,-8.143092691898345947e-02,-1.392401903867721558e-01,-5.324931070208549500e-02,4.706899821758270264e-02,7.666873186826705933e-02,1.056616753339767456e-01,9.392014890909194946e-02,-1.025876775383949280e-01,1.504486240446567535e-02,5.884533748030662537e-02,7.471784204244613647e-02,-3.905829740688204765e-03,7.284887880086898804e-02,-7.082778960466384888e-02,-6.734909117221832275e-02,-1.744791716337203979e-01,-5.138735473155975342e-02,3.544169291853904724e-02,6.754632294178009033e-02,-6.074191257357597351e-02,-1.154282130300998688e-02,6.618056446313858032e-02,3.987954556941986084e-01,-4.093730822205543518e-02,1.758945137262344360e-01,-4.999794065952301025e-02,1.235570013523101807e-01,-9.843780845403671265e-02,-4.980938509106636047e-02,-6.449347734451293945e-02,8.213940262794494629e-02,5.032416060566902161e-02,1.074692755937576294e-01,9.743042290210723877e-03,9.098107367753982544e-02,-1.142855957150459290e-01,-1.826363056898117065e-02,2.792378142476081848e-02,6.473882496356964111e-02,-5.421705543994903564e-03,-1.920359022915363312e-02,-3.327380865812301636e-02,1.629828065633773804e-01,-9.584435075521469116e-02,-5.892753973603248596e-02,-1.324543505907058716e-01,4.772940650582313538e-02,-3.621798008680343628e-02,-1.654873341321945190e-01,-9.588859975337982178e-02,-1.407570485025644302e-02,-3.729510307312011719e-02,-2.827677689492702484e-02,7.230905443429946899e-02,7.662235945463180542e-02,-1.184533536434173584e-01,-2.200167439877986908e-02,-1.274053007364273071e-01,-1.338528543710708618e-01,-4.452272504568099976e-02,-1.148271933197975159e-01,-1.330554671585559845e-02,5.914330109953880310e-02,-1.391276866197586060e-01,2.500888146460056305e-02,-1.244838759303092957e-01,-1.149743422865867615e-01,-5.052133277058601379e-02,-2.161591872572898865e-02,-5.559802427887916565e-02,-4.032574966549873352e-02,-4.646762087941169739e-02,-4.657422006130218506e-02,6.529849767684936523e-02,-1.042603701353073120e-02,-3.762655332684516907e-02,-4.847451299428939819e-02
-4.995465651154518127e-02,-1.961240917444229126e-01,6.441470235586166382e-02,-1.435837242752313614e-02,4.936144948005676270e-01,4.477784037590026855e-01,-2.625830098986625671e-02,-8.215554058551788330e-02,9.999999403953552246e-01,5.649708509445190430e-01,1.297672390937805176e-01,-5.751417949795722961e-02,8.746150135993957520e-02,2.119186706840991974e-02,4.467550218105316162e-01,2.589672803878784180e-01,2.086005732417106628e-02,7.018934004008769989e-03,-4.679406806826591492e-02,-1.234496086835861206e-01,1.422929912805557251e-01,6.026035547256469727e-02,8.418144285678863525e-02,-2.307971939444541931e-02,2.118794023990631104e-01,1.802897006273269653e-01,3.753777444362640381e-01,2.780684530735015869e-01,2.316989190876483917e-02,-5.230235680937767029e-02,6.562682241201400757e-02,2.556555531919002533e-02,8.231475204229354858e-02,-5.859472230076789856e-02,7.530191540718078613e-02,-4.154382646083831787e-02,1.035650968551635742e-01,1.517511159181594849e-01,7.358833402395248413e-02,1.994251012802124023e-01,4.368442296981811523e-02,1.875855326652526855e-01,-4.330463334918022156e-02,-8.997938781976699829e-02,-4.123108461499214172e-02,-3.953278437256813049e-02,2.553634159266948700e-02,-1.692149438895285130e-03,-3.628217056393623352e-02,-6.052573397755622864e-02,-6.954583525657653809e-02,-1.225462928414344788e-01,-1.063398718833923340e-01,-4.406850412487983704e-02,1.088440567255020142e-01,9.388249367475509644e-02,1.459970325231552124e-02,-4.791615530848503113e-02,-1.731245778501033783e-02,-8.153709024190902710e-02,1.418239474296569824e-01,8.897375315427780151e-02,5.534554272890090942e-02,-7.187189906835556030e-02,2.603612542152404785e-01,7.594632357358932495e-02,8.326435089111328125e-02,1.975014805793762207e-02,3.905925527215003967e-02,2.346814610064029694e-02,9.144429117441177368e-02,-1.942277885973453522e-02,6.924232095479965210e-02,-2.537503466010093689e-02,2.694009058177471161e-02,-3.016651608049869537e-03,3.321079537272453308e-02,7.597739994525909424e-02,8.366251736879348755e-02,2.494894713163375854e-02,6.343888491392135620e-02,-6.671975553035736084e-02,-6.976176798343658447e-02,1.393003165721893311e-01,1.219666153192520142e-01,8.280099183320999146e-02,-2.732665836811065674e-02,2.731692790985107422e-01,1.844870001077651978e-01,1.190746650099754333e-01,1.116950530558824539e-02,3.843222931027412415e-02,-1.868924498558044434e-02,-1.194154992699623108e-01,-1.260159462690353394e-01,-7.635921239852905273e-02,-5.640282481908798218e-02,1.475888937711715698e-01,5.558795109391212463e-02,7.194293290376663208e-02,-1.545092910528182983e-01,-2.619651518762111664e-02,-1.488542184233665466e-02,-1.434976700693368912e-02,-2.300463384017348289e-03,-5.822329595685005188e-02,-1.859475225210189819e-01,-2.996700704097747803e-01,-7.217453792691230774e-03,-2.073707804083824158e-02,2.121238783001899719e-02,5.495779216289520264e-02,-1.973462849855422974e-02,5.597881972789764404e-02,-2.957002259790897369e-02,-8.893644809722900391e-02
-1.326713263988494873e-01,-1.416190713644027710e-01,-1.588554494082927704e-02,5.495249107480049133e-02,3.973196446895599365e-01,5.162953138351440430e-01,-1.359423995018005371e-01,-5.215525254607200623e-02,5.649708509445190430e-01,1.000000119209289551e+00,-4.821937903761863708e-02,-9.257142245769500732e-02,-5.919059738516807556e-02,-9.425672143697738647e-02,3.184475600719451904e-01,2.933610379695892334e-01,-9.672784805297851562e-02,-3.366018459200859070e-02,-7.125063240528106689e-02,-5.780074745416641235e-02,1.359800696372985840e-01,1.449224948883056641e-01,-1.899376884102821350e-02,-4.850949347019195557e-02,1.216944083571434021e-01,1.651660501956939697e-01,3.450117409229278564e-01,3.221102356910705566e-01,-8.507452905178070068e-02,-8.174514025449752808e-02,-3.898418694734573364e-02,-1.490812841802835464e-02,-3.307196497917175293e-02,-5.799818783998489380e-02,3.312928602099418640e-02,-5.993548780679702759e-02,9.771303087472915649e-02,5.917445570230484009e-02,1.424584984779357910e-01,1.814036816358566284e-01,1.324115842580795288e-01,1.274641603231430054e-01,-6.539485417306423187e-03,-1.171949226409196854e-02,3.378118574619293213e-02,4.549941793084144592e-02,3.079983592033386230e-02,1.598890312016010284e-02,3.490865230560302734e-02,4.997619986534118652e-02,-2.809902653098106384e-02,-2.359659038484096527e-02,-9.332054108381271362e-02,-7.363010663539171219e-03,1.592335551977157593e-01,1.297861784696578979e-01,-7.269865274429321289e-02,-6.467059999704360962e-02,5.596220958977937698e-03,2.966336719691753387e-02,5.115126445889472961e-02,1.486330181360244751e-01,-1.828391477465629578e-02,-1.475659292191267014e-02,9.762763977050781250e-02,1.070633009076118469e-01,-9.085741825401782990e-03,-1.333968900144100189e-02,-3.771954029798507690e-02,2.732147229835391045e-03,2.490704879164695740e-02,2.163401618599891663e-02,5.600589513778686523e-02,6.805039197206497192e-02,4.949194192886352539e-02,1.929171942174434662e-02,-2.638290636241436005e-03,9.677621722221374512e-02,1.736206933856010437e-02,3.374083712697029114e-02,5.495025962591171265e-02,-2.000682055950164795e-02,-1.921166852116584778e-02,5.219667404890060425e-02,6.443978846073150635e-02,6.844560801982879639e-02,4.053256940096616745e-03,2.575450837612152100e-01,1.997701525688171387e-01,1.399710923433303833e-01,-8.238602429628372192e-02,-3.274492919445037842e-02,-5.431305989623069763e-02,-1.434910446405410767e-01,-1.673549562692642212e-01,-9.545783698558807373e-02,-1.248924657702445984e-01,4.839986562728881836e-02,-3.422252461314201355e-02,-5.898686125874519348e-03,-1.447012573480606079e-01,-1.065490022301673889e-02,-1.335824877023696899e-01,-1.441459264606237411e-02,-6.803103536367416382e-02,-9.157883375883102417e-02,-1.134206056594848633e-01,-2.342636734247207642e-01,-7.112508639693260193e-03,-5.764668807387351990e-02,-7.182686775922775269e-02,1.863131858408451080e-02,-5.945031717419624329e-02,2.457403764128684998e-02,-6.446778029203414917e-02,-8.768413960933685303e-02
3.656879067420959473e-01,1.298453211784362793e-01,1.432028263807296753e-01,-5.352250114083290100e-02,2.688464522361755371e-02,-6.038565933704376221e-02,1.426515579223632812e-01,-4.019768908619880676e-03,1.297672390937805176e-01,-4.821937903761863708e-02,9.999998807907104492e-01,1.587723046541213989e-01,5.414491295814514160e-01,1.651012152433395386e-01,2.211079746484756470e-01,1.381541639566421509e-01,2.268545031547546387e-01,2.573705613613128662e-01,2.897933721542358398e-01,1.501922309398651123e-01,-2.863054536283016205e-02,-3.368816152215003967e-02,1.823527961969375610e-01,4.239754006266593933e-02,3.903383761644363403e-02,-3.184380009770393372e-02,-2.070032432675361633e-02,-6.778536830097436905e-03,2.504101693630218506e-01,1.984810829162597656e-01,8.750604093074798584e-02,7.586371153593063354e-02,1.398608237504959106e-01,9.443942457437515259e-02,6.868728995323181152e-02,4.591010510921478271e-02,1.128156706690788269e-01,2.236599177122116089e-01,1.015687175095081329e-02,1.163549274206161499e-01,4.545500129461288452e-02,1.582706868648529053e-01,-1.170179247856140137e-01,-1.083601117134094238e-01,-1.483762562274932861e-01,-1.335359960794448853e-01,-5.337523296475410461e-02,-4.001823812723159790e-02,-1.375462263822555542e-01,-1.756982058286666870e-01,-1.551089137792587280e-01,-1.414568275213241577e-01,-1.196917295455932617e-01,-2.268600463867187500e-02,-1.579148322343826294e-02,8.890821784734725952e-02,1.832012981176376343e-01,1.398167610168457031e-01,-1.086541861295700073e-01,-1.736465990543365479e-01,1.579588800668716431e-01,2.418903261423110962e-02,1.308608502149581909e-01,4.208103287965059280e-03,8.967676758766174316e-02,-5.924366787075996399e-02,6.596093624830245972e-02,-3.242566436529159546e-02,1.671622991561889648e-01,1.143463253974914551e-01,1.460295915603637695e-01,1.232020407915115356e-01,1.828694492578506470e-01,1.303377151489257812e-01,1.054548695683479309e-01,1.820639520883560181e-01,1.864685714244842529e-01,8.288943767547607422e-02,1.747922748327255249e-01,1.527664214372634888e-01,4.570904746651649475e-02,1.772281080484390259e-01,1.876351237297058105e-02,2.264336645603179932e-01,1.269847899675369263e-01,1.260651946067810059e-01,5.261988844722509384e-03,1.250206083059310913e-01,1.336047500371932983e-01,4.966972395777702332e-02,6.451731920242309570e-02,7.607755064964294434e-02,7.079485803842544556e-02,5.992052331566810608e-02,2.895157784223556519e-02,2.912506693974137306e-03,1.224000826478004456e-01,1.346348077058792114e-01,9.967786073684692383e-02,1.323000192642211914e-01,1.265694759786128998e-02,5.534539371728897095e-02,9.618181735277175903e-02,9.916473180055618286e-02,1.818063296377658844e-02,-1.628131838515400887e-03,-7.449993491172790527e-02,-1.969842053949832916e-02,6.644867360591888428e-02,9.332971274852752686e-02,1.610167622566223145e-01,9.233476221561431885e-02,6.274894624948501587e-02,9.025277197360992432e-02,7.382328808307647705e-02,3.630303591489791870e-02
1.585285514593124390e-01,2.627348601818084717e-01,-1.174185574054718018e-01,-6.245349533855915070e-03,-6.869611889123916626e-02,-7.153639197349548340e-02,5.547530576586723328e-02,2.412083745002746582e-01,-5.751417949795722961e-02,-9.257142245769500732e-02,1.587723046541213989e-01,1.000000119209289551e+00,2.093050628900527954e-01,5.415740013122558594e-01,-1.515620481222867966e-02,5.076957121491432190e-02,9.283078461885452271e-02,1.883683353662490845e-01,1.584179401397705078e-01,2.217546254396438599e-01,-8.709407597780227661e-02,-7.158613950014114380e-02,-1.254046242684125900e-02,-2.754129096865653992e-02,-1.426352113485336304e-01,-1.929064840078353882e-01,-2.028931379318237305e-01,-1.359211057424545288e-01,1.827555745840072632e-01,1.460079252719879150e-01,-9.967998601496219635e-03,-2.071616612374782562e-02,1.699423342943191528e-01,2.536374628543853760e-01,-1.371636390686035156e-01,-9.401481598615646362e-02,-2.380185760557651520e-02,1.631063036620616913e-02,-4.082201048731803894e-02,-2.468206174671649933e-02,-3.789484873414039612e-02,3.137630876153707504e-03,1.873959973454475403e-02,4.573886469006538391e-02,-1.547983265481889248e-03,1.642266288399696350e-02,-2.540745958685874939e-02,6.134193390607833862e-02,-7.496426254510879517e-02,-2.392447926104068756e-02,-6.100827828049659729e-02,1.034267060458660126e-02,-6.276729702949523926e-02,-7.917872816324234009e-02,-4.108362644910812378e-02,4.518456757068634033e-02,1.854474283754825592e-02,7.891324162483215332e-02,3.187913820147514343e-02,1.031842455267906189e-01,1.051638722419738770e-01,2.314914613962173462e-01,9.056927263736724854e-02,3.084843158721923828e-01,-1.928907632827758789e-01,-5.166245996952056885e-02,-1.362511608749628067e-02,4.931425675749778748e-02,3.217047825455665588e-02,4.982468858361244202e-02,2.406294643878936768e-02,-7.987668737769126892e-03,1.097665652632713318e-01,1.760565638542175293e-01,-2.409460209310054779e-02,8.887489140033721924e-02,7.899788767099380493e-02,9.173555672168731689e-02,1.323796659708023071e-01,1.357132345438003540e-01,-1.778208650648593903e-02,1.116305738687515259e-01,2.587835118174552917e-02,2.502029389142990112e-02,-1.147112473845481873e-01,8.924042433500289917e-02,-1.053868606686592102e-02,-5.401609465479850769e-02,-8.697465807199478149e-02,6.212149932980537415e-02,-6.686278432607650757e-02,-1.781517639756202698e-02,-6.128355488181114197e-02,-1.874141767621040344e-02,-2.141885086894035339e-02,3.400263190269470215e-02,3.534913808107376099e-02,-9.683981537818908691e-03,2.009619399905204773e-02,4.669873043894767761e-02,2.263301238417625427e-02,-6.403537094593048096e-02,-1.868066936731338501e-02,-2.043449878692626953e-02,-7.258594036102294922e-02,-8.411596715450286865e-02,5.731700733304023743e-02,1.440897583961486816e-02,-6.995318084955215454e-02,-4.874536301940679550e-03,5.797190591692924500e-02,3.273183107376098633e-02,6.107478588819503784e-02,-2.283512987196445465e-02,-1.281885243952274323e-02,4.756903275847434998e-03
2.321825325489044189e-01,7.085529714822769165e-02,1.266364157199859619e-01,-1.311997137963771820e-02,-3.618397936224937439e-02,-1.245408430695533752e-01,2.231483012437820435e-01,9.404108673334121704e-02,8.746150135993957520e-02,-5.919059738516807556e-02,5.414491295814514160e-01,2.093050628900527954e-01,9.999998807907104492e-01,2.683814465999603271e-01,1.855732351541519165e-01,1.726236790418624878e-01,4.245997220277786255e-02,1.785824447870254517e-01,1.451398432254791260e-01,7.192505896091461182e-02,-1.425553411245346069e-01,-7.605553418397903442e-02,2.139331400394439697e-01,3.954358771443367004e-02,3.439912572503089905e-02,-3.750880807638168335e-02,-5.706871394068002701e-03,3.104186989367008209e-02,1.024613827466964722e-01,1.834854334592819214e-01,9.448694437742233276e-02,7.509612292051315308e-02,8.704092353582382202e-02,1.115143820643424988e-01,-6.929779890924692154e-03,3.897411376237869263e-02,5.495192483067512512e-02,2.603724002838134766e-01,-2.428808622062206268e-02,6.832440197467803955e-02,-2.078946307301521301e-02,2.209793478250503540e-01,-1.366656422615051270e-01,-1.227136328816413879e-01,-1.852487176656723022e-01,-2.004394531250000000e-01,-9.381718188524246216e-02,-1.173084154725074768e-01,-2.220857143402099609e-01,-2.387524098157882690e-01,-2.266296744346618652e-01,-1.542210131883621216e-01,-1.715808361768722534e-01,-1.081375405192375183e-01,-8.937466889619827271e-02,9.754090569913387299e-04,-1.914404891431331635e-02,7.175864279270172119e-02,-1.810104995965957642e-01,-1.881261318922042847e-01,1.339236497879028320e-01,1.048512533307075500e-01,9.805217385292053223e-02,1.193668618798255920e-01,2.510319277644157410e-02,2.072848938405513763e-02,3.403697535395622253e-02,-4.148856550455093384e-02,5.663149803876876831e-02,1.978343352675437927e-02,5.445286259055137634e-02,8.415181189775466919e-02,4.799472540616989136e-02,1.441236585378646851e-01,2.671427838504314423e-02,1.751825213432312012e-01,1.553231328725814819e-01,2.265925891697406769e-02,7.106271106749773026e-03,9.875783324241638184e-02,-9.002434462308883667e-02,2.023787051439285278e-01,-9.635372459888458252e-02,2.574996948242187500e-01,1.198735311627388000e-01,2.218052893877029419e-01,-3.396185114979743958e-02,9.043629467487335205e-02,1.350108385086059570e-01,3.868556022644042969e-02,7.532797008752822876e-02,6.563288718461990356e-02,4.678168892860412598e-02,8.585859090089797974e-02,-9.096508845686912537e-03,-9.845340624451637268e-03,5.907297506928443909e-02,7.746572047472000122e-02,8.601649850606918335e-02,9.180220216512680054e-02,6.792346388101577759e-02,3.660172596573829651e-02,9.942618757486343384e-02,3.907825797796249390e-02,-2.170364372432231903e-02,2.039869502186775208e-02,-8.565530180931091309e-03,8.981221914291381836e-02,-5.517537519335746765e-02,1.290153991430997849e-02,6.997011601924896240e-02,5.154281854629516602e-02,9.142635017633438110e-02,7.425217330455780029e-02,8.407104015350341797e-02,2.588256634771823883e-02
