9.999999403953552246e-01,4.393561780452728271e-01,2.354575991630554199e-01,3.183824419975280762e-01,-7.453823834657669067e-02,-1.674368828535079956e-01,3.013510704040527344e-01,3.650206029415130615e-01,-2.674486041069030762e-01,-2.257303148508071899e-01,1.601372808218002319e-01,3.698641359806060791e-01,-5.500110238790512085e-02,2.310025990009307861e-01,-3.800584375858306885e-01,-2.746987044811248779e-01,2.377073168754577637e-01,2.034058272838592529e-01,-1.363319903612136841e-01,4.045234248042106628e-02,-2.133764475584030151e-01,-1.037972643971443176e-01,2.776765525341033936e-01,2.405581474304199219e-01,-1.216103509068489075e-01,-1.704624146223068237e-01,1.059808433055877686e-01,1.380519866943359375e-01,7.196674495935440063e-02,8.286987245082855225e-02,9.385103732347488403e-02,1.974884718656539917e-01,3.022495210170745850e-01,3.180164098739624023e-01,1.485514193773269653e-01,1.341042201966047287e-02,-6.230770796537399292e-02,6.586284935474395752e-02,9.993594884872436523e-02,5.863646045327186584e-02,2.413521707057952881e-02,-3.975357321905903518e-05,3.933685366064310074e-03,3.517614006996154785e-01,7.860847562551498413e-02,3.037984371185302734e-01,8.346816897392272949e-02,1.557592004537582397e-01,3.783884048461914062e-01,3.914898931980133057e-01,3.637856841087341309e-01,3.928962945938110352e-01,1.174668371677398682e-01,4.937268048524856567e-02,7.370957732200622559e-02,1.755439639091491699e-01,6.019513607025146484e-01,4.182911813259124756e-01,3.227790296077728271e-01,3.182703256607055664e-01,2.784310877323150635e-01,3.764283359050750732e-01,6.102666854858398438e-01,5.546341538429260254e-01,2.915606200695037842e-01,4.103332459926605225e-01,3.494705855846405029e-01,3.054814934730529785e-01,2.461149543523788452e-01,3.812154829502105713e-01,9.734031558036804199e-02,1.086801663041114807e-01,1.485853921622037888e-02,2.795483171939849854e-02,1.582855880260467529e-01,1.622674167156219482e-01,-2.435660734772682190e-02,1.103355437517166138e-01,2.910359799861907959e-01,3.143914043903350830e-01,1.827901154756546021e-01,2.659566402435302734e-01,-2.144858688116073608e-01,-2.000925540924072266e-01,1.265997737646102905e-01,2.417274564504623413e-01,-9.571317583322525024e-02,-3.532701730728149414e-02,-2.806646525859832764e-01,4.004596546292304993e-02,-2.329111546277999878e-01,-3.759560734033584595e-02,-2.404746860265731812e-01,-2.815483212471008301e-01,-1.846101135015487671e-01,-1.324734836816787720e-01,-4.175556823611259460e-02,-6.426651030778884888e-03,-5.858011543750762939e-02,7.027988880872726440e-02,3.913960605859756470e-02,-1.632203757762908936e-01,7.069623470306396484e-02,-7.760402280837297440e-03,2.261023223400115967e-01,2.422905862331390381e-01,1.268820762634277344e-01,1.855218559503555298e-01,-1.748459935188293457e-01,-7.666626013815402985e-03,2.251836955547332764e-01,1.351038813591003418e-01,-1.270938962697982788e-01,-1.475402712821960449e-01,1.773539483547210693e-01,8.253000676631927490e-02
4.393561780452728271e-01,9.999994635581970215e-01,1.487599760293960571e-01,3.743034303188323975e-01,-2.513122558593750000e-01,-6.265950202941894531e-02,1.064171493053436279e-01,5.482918620109558105e-01,-2.119489312171936035e-01,7.778060436248779297e-02,2.641648352146148682e-01,6.358186602592468262e-01,7.601107656955718994e-02,4.436761140823364258e-01,-2.334536164999008179e-01,-3.679330646991729736e-02,1.785385608673095703e-01,5.227239727973937988e-01,-3.554061427712440491e-02,5.578352138400077820e-02,-1.909320503473281860e-01,-2.467081137001514435e-02,1.594938188791275024e-01,1.588667035102844238e-01,-1.322540789842605591e-01,-8.900713175535202026e-02,-1.462958473712205887e-02,1.698155254125595093e-01,2.731705904006958008e-01,3.348554670810699463e-01,1.904945522546768188e-01,2.891351580619812012e-01,4.806645214557647705e-01,4.848057031631469727e-01,2.816487252712249756e-01,1.745288074016571045e-01,1.999444067478179932e-01,2.883503139019012451e-01,1.331025958061218262e-01,2.784463167190551758e-01,1.113367453217506409e-01,1.222621649503707886e-01,1.635946929454803467e-01,4.834156334400177002e-01,9.158003330230712891e-02,3.236758410930633545e-01,1.710829138755798340e-01,3.108808994293212891e-01,3.280203342437744141e-01,3.194793462753295898e-01,3.199247121810913086e-01,3.116300106048583984e-01,8.032464981079101562e-02,4.341353848576545715e-02,6.019219756126403809e-02,4.379158020019531250e-01,5.510239005088806152e-01,7.395521998405456543e-01,6.208840608596801758e-01,5.682939887046813965e-01,4.273926615715026855e-01,5.928022265434265137e-01,2.224467545747756958e-01,5.567916631698608398e-01,2.320828735828399658e-01,3.341488242149353027e-01,6.286584734916687012e-01,6.649944782257080078e-01,3.235700726509094238e-01,4.861289858818054199e-01,1.873850822448730469e-01,3.048196136951446533e-01,-3.382371272891759872e-03,1.444074064493179321e-01,1.052915528416633606e-01,2.320199310779571533e-01,2.512415349483489990e-01,4.260537028312683105e-01,1.895562112331390381e-01,5.211017131805419922e-01,1.728445589542388916e-01,4.383248686790466309e-01,-2.827160656452178955e-01,2.284792624413967133e-02,2.117502093315124512e-01,5.114663839340209961e-01,-3.532670736312866211e-01,-1.575628817081451416e-01,-1.483969539403915405e-01,2.351268529891967773e-01,-1.352291405200958252e-01,-6.887467205524444580e-02,-1.925664693117141724e-01,-2.653481066226959229e-01,7.245568186044692993e-02,1.514141261577606201e-01,1.991477161645889282e-01,2.853460311889648438e-01,1.142768785357475281e-01,2.626248002052307129e-01,1.331187486648559570e-01,-7.029727846384048462e-02,1.026913896203041077e-01,9.093533456325531006e-02,3.852030634880065918e-01,3.187046349048614502e-01,2.710862755775451660e-01,2.447574436664581299e-01,1.024418324232101440e-02,1.599965095520019531e-01,2.423511743545532227e-01,7.540345191955566406e-02,-1.865130732767283916e-03,1.362016145139932632e-02,3.399888277053833008e-01,2.337607145309448242e-01
2.354575991630554199e-01,1.487599760293960571e-01,1.000000119209289551e+00,5.762185454368591309e-01,-2.544909417629241943e-01,-3.381486237049102783e-01,6.433684229850769043e-01,3.451457917690277100e-01,-4.383062720298767090e-01,-4.549203515052795410e-01,-1.183932051062583923e-01,4.888506978750228882e-02,-9.712345898151397705e-02,4.352340474724769592e-02,-4.594379365444183350e-01,-4.792588353157043457e-01,-8.846963196992874146e-02,-5.887909606099128723e-02,-1.898645460605621338e-01,-7.444283366203308105e-02,-2.242220640182495117e-01,-7.237470149993896484e-02,6.545403599739074707e-01,5.830373167991638184e-01,-1.490219831466674805e-01,-1.679068207740783691e-01,-3.887514770030975342e-02,2.132963202893733978e-02,4.048906639218330383e-02,-5.473624542355537415e-02,4.155983626842498779e-01,3.924480676651000977e-01,1.903147101402282715e-01,3.246160447597503662e-01,3.716363757848739624e-02,-1.899922192096710205e-01,5.294806137681007385e-02,3.989540785551071167e-02,1.257667839527130127e-01,-3.733746334910392761e-02,8.425079286098480225e-02,-6.048757582902908325e-02,6.731229275465011597e-02,3.479488193988800049e-01,2.417552620172500610e-01,3.759305477142333984e-01,2.118137627840042114e-01,2.313679903745651245e-01,3.367606997489929199e-01,3.420241773128509521e-01,2.694335579872131348e-01,2.775377631187438965e-01,1.372340321540832520e-01,1.864952445030212402e-01,2.177455425262451172e-01,-1.098174974322319031e-02,1.317165493965148926e-01,1.633156090974807739e-01,1.530979424715042114e-01,1.553190052509307861e-01,-1.060883700847625732e-01,1.717586666345596313e-01,3.917467892169952393e-01,3.196031451225280762e-01,-4.579340666532516479e-02,9.617619961500167847e-02,1.700942963361740112e-01,2.091017365455627441e-01,-1.704472932033240795e-03,1.892549246549606323e-01,6.191343814134597778e-02,1.035377010703086853e-01,-1.044652611017227173e-01,-1.387106776237487793e-01,1.030703634023666382e-02,-6.594636291265487671e-02,7.597976922988891602e-02,1.177946850657463074e-01,8.464042097330093384e-02,7.608731836080551147e-02,-1.426615267992019653e-01,-2.646918408572673798e-02,-3.806654810905456543e-01,-3.900360465049743652e-01,-1.890340000391006470e-01,-4.405671358108520508e-02,-9.598111361265182495e-02,-3.601055592298507690e-02,-3.340888023376464844e-01,-1.361315250396728516e-01,-1.558649539947509766e-01,-3.406344726681709290e-02,-1.763323843479156494e-01,-1.796207427978515625e-01,-1.793307512998580933e-01,-5.848012492060661316e-02,8.320798166096210480e-03,3.925009071826934814e-02,-1.100271660834550858e-02,-7.075791805982589722e-02,-4.739507101476192474e-03,-1.965865641832351685e-01,7.211457192897796631e-02,-2.197515964508056641e-02,1.464383304119110107e-01,-2.155704610049724579e-02,1.760453544557094574e-02,1.423007063567638397e-02,-9.602256864309310913e-02,4.001663997769355774e-02,2.727596759796142578e-01,1.528231799602508545e-01,-3.617326170206069946e-02,-1.459051072597503662e-01,-1.211743354797363281e-01,-2.010109871625900269e-01
3.183824419975280762e-01,3.743034303188323975e-01,5.762185454368591309e-01,1.000000238418579102e+00,-3.355194330215454102e-01,-2.789519131183624268e-01,4.054117500782012939e-01,6.825819015502929688e-01,-3.737101852893829346e-01,-3.450565934181213379e-01,2.005978226661682129e-01,3.743203282356262207e-01,6.695650517940521240e-02,4.135284423828125000e-01,-3.129097819328308105e-01,-3.024229109287261963e-01,2.297612279653549194e-01,3.031116724014282227e-01,3.389265760779380798e-02,1.198313906788825989e-01,-1.072298809885978699e-01,1.566670835018157959e-01,3.883002996444702148e-01,5.005958676338195801e-01,-1.548105031251907349e-01,-1.083622947335243225e-01,2.602304704487323761e-02,1.466045379638671875e-01,3.115500807762145996e-01,3.029189407825469971e-01,2.833167314529418945e-01,3.899214267730712891e-01,3.919923901557922363e-01,4.159351289272308350e-01,1.685993224382400513e-01,-5.795592814683914185e-02,2.121282815933227539e-01,1.386058181524276733e-01,3.021884262561798096e-01,2.372125536203384399e-01,1.230365857481956482e-01,2.876264788210391998e-02,1.921238452196121216e-01,4.130457639694213867e-01,3.342682123184204102e-01,4.291547238826751709e-01,2.893292605876922607e-01,3.826236724853515625e-01,3.735968172550201416e-01,3.549472689628601074e-01,2.802130877971649170e-01,2.640668749809265137e-01,1.285284608602523804e-01,2.080540060997009277e-01,3.054930865764617920e-01,3.195215165615081787e-01,2.120318859815597534e-01,3.012849688529968262e-01,2.323396056890487671e-01,1.865413784980773926e-01,7.087887078523635864e-02,2.603783309459686279e-01,2.948834598064422607e-01,4.139927625656127930e-01,4.892363026738166809e-02,1.380197256803512573e-01,2.468783557415008545e-01,3.061667680740356445e-01,8.750813454389572144e-02,2.349123358726501465e-01,1.718707084655761719e-01,2.980513870716094971e-01,5.172929167747497559e-02,-4.724313970655202866e-03,1.293352991342544556e-01,5.867982655763626099e-02,2.326603233814239502e-01,3.110359609127044678e-01,1.976450085639953613e-01,3.071558177471160889e-01,1.059500873088836670e-01,2.264314740896224976e-01,-2.640909850597381592e-01,-1.353620588779449463e-01,3.845769539475440979e-02,2.346553057432174683e-01,-2.450816482305526733e-01,-7.018305361270904541e-02,-1.794757992029190063e-01,9.178087115287780762e-02,-3.403100417926907539e-03,1.180001497268676758e-01,-1.048490628600120544e-01,-1.273640394210815430e-01,2.615816704928874969e-02,2.705908939242362976e-02,2.389081716537475586e-01,1.649743914604187012e-01,2.198142260313034058e-01,2.513262331485748291e-01,-7.931417785584926605e-03,-2.106028944253921509e-01,-4.251790046691894531e-02,-8.022204786539077759e-02,1.620075404644012451e-01,6.280192732810974121e-02,8.046665042638778687e-02,4.115949198603630066e-02,8.217514306306838989e-02,2.314454317092895508e-01,3.051220774650573730e-01,2.255531400442123413e-01,1.148599982261657715e-01,9.485875070095062256e-02,1.724667251110076904e-01,2.156582847237586975e-02
-7.453823834657669067e-02,-2.513122558593750000e-01,-2.544909417629241943e-01,-3.355194330215454102e-01,9.999997019767761230e-01,4.608942270278930664e-01,-2.564571797847747803e-01,-3.901900351047515869e-01,6.471409797668457031e-01,2.548576891422271729e-01,-1.665658801794052124e-01,-3.324146270751953125e-01,-1.450650487095117569e-02,-3.212063312530517578e-01,3.699207603931427002e-01,2.103440016508102417e-01,-4.549521952867507935e-02,-2.905148267745971680e-01,6.652950495481491089e-02,-2.811596915125846863e-02,1.001985073089599609e-01,3.456795588135719299e-02,-1.037474125623703003e-01,-9.493738412857055664e-02,5.997256040573120117e-01,4.493770599365234375e-01,4.290729463100433350e-01,2.145352363586425781e-01,-9.414592385292053223e-02,-2.915801703929901123e-01,1.158250588923692703e-02,-1.342070996761322021e-01,-2.689647376537322998e-01,-3.281252384185791016e-01,-1.257222443819046021e-01,-1.035290136933326721e-01,7.210456300526857376e-03,-8.556294441223144531e-02,8.589617908000946045e-02,-5.979572609066963196e-02,1.357429921627044678e-01,-8.590386807918548584e-02,-6.965204328298568726e-02,-2.697726190090179443e-01,-1.082634776830673218e-01,-2.587831914424896240e-01,-1.354428529739379883e-01,-2.076842635869979858e-01,-1.757547855377197266e-01,-1.815542131662368774e-01,-6.356561928987503052e-02,-1.188169196248054504e-01,1.001873388886451721e-01,1.482297629117965698e-01,-6.087045371532440186e-02,-1.685705929994583130e-01,-9.903129935264587402e-02,-3.236467540264129639e-01,-2.508046030998229980e-01,-2.553654313087463379e-01,-8.614414930343627930e-02,-2.004541456699371338e-01,2.974405512213706970e-02,-1.650693118572235107e-01,-4.277242720127105713e-02,-9.061098098754882812e-02,-2.968284189701080322e-01,-3.071118891239166260e-01,-2.063207030296325684e-01,-2.826263010501861572e-01,-2.598168849945068359e-01,-2.789162397384643555e-01,3.720948472619056702e-02,-9.072531759738922119e-02,-1.201156079769134521e-01,-1.892476677894592285e-01,-1.481809169054031372e-01,-2.581619620323181152e-01,-1.793850064277648926e-01,-2.750859856605529785e-01,6.061103194952011108e-02,-2.140805274248123169e-01,4.780045449733734131e-01,1.437992453575134277e-01,3.976124152541160583e-02,-1.964515298604965210e-01,2.630515694618225098e-01,2.520399689674377441e-01,1.961427330970764160e-01,-5.606614053249359131e-02,8.298267424106597900e-02,2.780722454190254211e-02,8.477861434221267700e-02,8.116280287504196167e-02,-5.581769347190856934e-02,-9.422577917575836182e-02,-1.549684554338455200e-01,-1.038546487689018250e-01,-1.887083053588867188e-01,-1.474816054105758667e-01,-7.902392745018005371e-02,5.365981534123420715e-02,-2.644921652972698212e-02,-3.317055851221084595e-02,-1.944497823715209961e-01,-1.344127953052520752e-01,-1.303712427616119385e-01,-7.004893571138381958e-02,-1.946911215782165527e-02,-2.251156717538833618e-01,-2.617171965539455414e-02,1.730876229703426361e-02,-3.158424049615859985e-02,-2.110266685485839844e-02,-1.425818502902984619e-01,4.427991062402725220e-02
-1.674368828535079956e-01,-6.265950202941894531e-02,-3.381486237049102783e-01,-2.789519131183624268e-01,4.608942270278930664e-01,1.000000476837158203e+00,-3.756103515625000000e-01,-1.517075151205062866e-01,2.750709950923919678e-01,6.613264083862304688e-01,-2.193414419889450073e-01,-1.020424067974090576e-01,-2.461369782686233521e-01,-9.219302982091903687e-02,4.823729768395423889e-02,4.225443303585052490e-01,-2.217290550470352173e-01,-1.623124331235885620e-01,3.832752257585525513e-02,2.982845902442932129e-02,-8.807679638266563416e-03,2.535850927233695984e-02,-1.531168371438980103e-01,-1.458343714475631714e-01,4.562760591506958008e-01,4.939561188220977783e-01,4.443256556987762451e-01,5.509560704231262207e-01,-1.199467331171035767e-01,-1.365377604961395264e-01,-5.841507390141487122e-02,-3.862279281020164490e-02,-8.721609413623809814e-02,-1.395552158355712891e-01,2.025419473648071289e-02,8.524965494871139526e-02,1.183927059173583984e-01,5.774322152137756348e-02,1.074217334389686584e-01,8.507037907838821411e-02,1.222614049911499023e-01,-4.385943710803985596e-02,-1.225072070956230164e-01,-1.652652174234390259e-01,-2.818171977996826172e-01,-3.241173923015594482e-01,-1.304848641157150269e-01,-1.081200409680604935e-02,-2.277281731367111206e-01,-2.144634127616882324e-01,-1.165258213877677917e-01,-1.315438002347946167e-01,-4.535174369812011719e-02,7.110459357500076294e-02,-1.242864206433296204e-01,1.335192173719406128e-01,-1.107431724667549133e-01,-4.251771792769432068e-02,-3.585018217563629150e-03,1.185019686818122864e-02,-5.981052666902542114e-02,-1.949402876198291779e-02,-1.232654228806495667e-01,-3.951746597886085510e-02,9.535723365843296051e-03,1.111379638314247131e-02,-8.260467648506164551e-02,-1.048009023070335388e-01,3.784625232219696045e-02,-1.617642864584922791e-02,-1.531435698270797729e-01,-7.281438447535037994e-03,-1.269328296184539795e-01,-1.209303289651870728e-01,-1.660185158252716064e-01,-1.102399080991744995e-01,-1.451209336519241333e-01,-1.261686235666275024e-01,-1.564199775457382202e-01,-7.757052779197692871e-02,-1.018671244382858276e-01,-6.810999661684036255e-02,8.207902312278747559e-02,4.293399751186370850e-01,-1.329529844224452972e-02,8.115215599536895752e-02,-3.661002218723297119e-02,2.832013368606567383e-01,5.747098475694656372e-03,2.263917773962020874e-01,-1.322234719991683960e-01,-2.786286920309066772e-02,-1.169309243559837341e-01,-2.291583456099033356e-02,-7.475981861352920532e-02,-4.576987028121948242e-02,-1.807315088808536530e-02,1.209804490208625793e-01,-5.204691365361213684e-02,8.993083983659744263e-02,-6.048461422324180603e-02,6.163018196821212769e-02,-4.739451035857200623e-02,-1.831390522420406342e-02,-2.352546202018857002e-03,2.444006316363811493e-02,5.312597006559371948e-02,4.453429207205772400e-02,-8.357699960470199585e-02,-1.492122262716293335e-01,1.268453057855367661e-02,6.098261848092079163e-02,8.100180327892303467e-02,-5.259444564580917358e-02,3.232795745134353638e-02,1.056770309805870056e-01
3.013510704040527344e-01,1.064171493053436279e-01,6.433684229850769043e-01,4.054117500782012939e-01,-2.564571797847747803e-01,-3.756103515625000000e-01,9.999998211860656738e-01,3.104202747344970703e-01,-3.196552693843841553e-01,-4.363198280334472656e-01,6.342166662216186523e-02,1.525277048349380493e-01,1.065426245331764221e-01,5.703716725111007690e-02,-3.506749570369720459e-01,-4.486727118492126465e-01,3.606178984045982361e-02,-2.526723779737949371e-02,-8.566214144229888916e-02,2.697172202169895172e-02,-1.387714594602584839e-01,-5.325691029429435730e-02,3.715670704841613770e-01,2.976375520229339600e-01,-2.330027371644973755e-01,-2.735960781574249268e-01,-4.668011888861656189e-02,-4.289229214191436768e-02,-8.062261343002319336e-02,-4.689904302358627319e-02,2.266166508197784424e-01,2.509464919567108154e-01,1.561549603939056396e-01,2.650665938854217529e-01,-1.569398120045661926e-02,-1.449688822031021118e-01,-1.207326948642730713e-01,-2.096118032932281494e-02,-2.293046191334724426e-02,-1.245701983571052551e-01,-3.467776998877525330e-02,1.833315379917621613e-02,-1.063479459844529629e-03,2.373667210340499878e-01,1.505099534988403320e-01,3.009360730648040771e-01,9.490291029214859009e-02,1.221753060817718506e-01,2.581370174884796143e-01,3.056339919567108154e-01,1.913751959800720215e-01,3.147202134132385254e-01,4.331258591264486313e-03,1.216776762157678604e-02,2.099718526005744934e-02,-1.214552670717239380e-01,1.473041623830795288e-01,1.082279086112976074e-01,5.639395862817764282e-02,2.853715419769287109e-02,-1.311144083738327026e-01,3.620546311140060425e-02,4.256372749805450439e-01,2.668036222457885742e-01,1.107317060232162476e-01,1.773152947425842285e-01,3.969690203666687012e-02,4.744529724121093750e-02,-2.206634730100631714e-02,9.158021956682205200e-02,7.620595395565032959e-02,2.468927018344402313e-02,3.640884906053543091e-02,1.309209596365690231e-02,1.015308052301406860e-01,5.355320498347282410e-02,-2.891369909048080444e-02,3.379914909601211548e-02,6.792090088129043579e-02,4.755007848143577576e-02,-3.180339932441711426e-03,5.707158148288726807e-02,-2.742145657539367676e-01,-3.129904866218566895e-01,-1.147085353732109070e-01,2.471075952053070068e-02,-8.630090951919555664e-02,-9.427521377801895142e-02,-3.036734759807586670e-01,-1.547513455152511597e-01,-1.887815445661544800e-01,-6.010686978697776794e-02,-1.604899615049362183e-01,-1.550742089748382568e-01,-2.365760505199432373e-01,-2.097220122814178467e-01,-1.338682621717453003e-01,-1.435438543558120728e-01,-2.715392410755157471e-02,-9.503300487995147705e-02,-5.761160328984260559e-02,-1.998222023248672485e-01,-6.826484203338623047e-02,-1.379796117544174194e-01,-3.604413941502571106e-02,-1.202298253774642944e-01,-7.205054908990859985e-02,-2.179015241563320160e-02,-1.431223899126052856e-01,-8.040116727352142334e-02,1.300797462463378906e-01,8.907789736986160278e-02,-1.683945804834365845e-01,-2.011904120445251465e-01,-1.449245810508728027e-01,-2.003034800291061401e-01
3.650206029415130615e-01,5.482918620109558105e-01,3.451457917690277100e-01,6.825819015502929688e-01,-3.901900351047515869e-01,-1.517075151205062866e-01,3.104202747344970703e-01,9.999998211860656738e-01,-3.441041707992553711e-01,-5.913156270980834961e-02,3.922694623470306396e-01,6.582888960838317871e-01,1.482000797986984253e-01,6.735473275184631348e-01,-3.175055086612701416e-01,-1.467453837394714355e-01,3.272570073604583740e-01,4.947597086429595947e-01,3.461598977446556091e-02,1.703129112720489502e-01,-2.286867052316665649e-01,7.285536080598831177e-02,2.183947712182998657e-01,3.355156779289245605e-01,-2.494750022888183594e-01,-1.699776798486709595e-01,8.418368175625801086e-03,2.108793407678604126e-01,2.712511718273162842e-01,4.016670584678649902e-01,1.192809417843818665e-01,3.441045582294464111e-01,3.959551751613616943e-01,4.108450412750244141e-01,1.574414074420928955e-01,2.498684264719486237e-02,1.495350003242492676e-01,1.598487943410873413e-01,2.056402862071990967e-01,2.463633418083190918e-01,9.950792789459228516e-02,2.070612832903862000e-02,9.519444406032562256e-02,4.294704794883728027e-01,1.873057782649993896e-01,4.063101112842559814e-01,1.758557856082916260e-01,3.818547129631042480e-01,3.414386212825775146e-01,3.692902326583862305e-01,2.935341596603393555e-01,3.479726314544677734e-01,7.868121564388275146e-02,1.523044109344482422e-01,1.781960427761077881e-01,4.496591389179229736e-01,3.420571684837341309e-01,5.215630531311035156e-01,3.888638317584991455e-01,3.213624060153961182e-01,1.900628060102462769e-01,3.868152201175689697e-01,3.121263980865478516e-01,5.763717293739318848e-01,1.980452835559844971e-01,2.752051651477813721e-01,3.375975787639617920e-01,4.042465686798095703e-01,2.179196625947952271e-01,3.462573885917663574e-01,1.520875245332717896e-01,3.523462116718292236e-01,4.890244919806718826e-03,5.432396382093429565e-02,1.021775305271148682e-01,1.405983865261077881e-01,2.245516031980514526e-01,3.733371794223785400e-01,2.982601821422576904e-01,4.979834258556365967e-01,1.796133965253829956e-01,4.430256783962249756e-01,-2.963231801986694336e-01,7.412490248680114746e-02,1.450708508491516113e-01,4.917676150798797607e-01,-3.069737255573272705e-01,-6.673783808946609497e-02,-2.031018286943435669e-01,3.301300108432769775e-01,-1.167734339833259583e-01,6.862385571002960205e-02,-2.011877745389938354e-01,-1.926734596490859985e-01,1.223547384142875671e-02,4.986580461263656616e-02,1.606747061014175415e-01,1.742222458124160767e-01,1.470141857862472534e-01,2.877938449382781982e-01,-3.056075610220432281e-02,-1.796430051326751709e-01,-9.326002001762390137e-02,-1.166745945811271667e-01,2.226161658763885498e-01,1.630970090627670288e-01,1.556493043899536133e-01,8.127791434526443481e-02,7.999813184142112732e-03,2.029254287481307983e-01,2.233716100454330444e-01,1.583844274282455444e-01,3.977882117033004761e-02,-2.659757621586322784e-02,2.135008573532104492e-01,4.246244207024574280e-02
-2.674486041069030762e-01,-2.119489312171936035e-01,-4.383062720298767090e-01,-3.737101852893829346e-01,6.471409797668457031e-01,2.750709950923919678e-01,-3.196552693843841553e-01,-3.441041707992553711e-01,1.000000119209289551e+00,3.359096050262451172e-01,1.133561432361602783e-01,-2.007860094308853149e-01,3.332914412021636963e-01,-2.084462493658065796e-01,7.296513319015502930e-01,3.309831917285919189e-01,1.100651323795318604e-01,-9.873928129673004150e-02,1.926853358745574951e-01,-2.163455262780189514e-02,2.141802459955215454e-01,8.207469433546066284e-02,-3.278539180755615234e-01,-2.115111798048019409e-01,4.032310843467712402e-01,2.609883248805999756e-01,2.129948586225509644e-01,-2.231077291071414948e-02,2.544767223298549652e-02,-1.206377297639846802e-01,-7.112922519445419312e-02,-1.649568676948547363e-01,-2.392795532941818237e-01,-3.401184976100921631e-01,-1.364324837923049927e-01,-6.275233626365661621e-02,7.629531621932983398e-02,-1.401352435350418091e-01,-2.401743829250335693e-02,-7.055436074733734131e-02,7.631311565637588501e-02,-1.503457687795162201e-02,1.189163476228713989e-01,-2.909912467002868652e-01,-6.854774802923202515e-02,-3.115306496620178223e-01,-8.101441711187362671e-02,-2.520897984504699707e-01,-2.878399193286895752e-01,-3.650926649570465088e-01,-1.712845861911773682e-01,-2.545081973075866699e-01,1.229402646422386169e-01,6.090107932686805725e-02,-6.691288948059082031e-02,-1.730065047740936279e-01,-1.250280141830444336e-01,-3.577464520931243896e-01,-2.585854232311248779e-01,-3.885453641414642334e-01,1.115699019283056259e-02,-2.582804262638092041e-01,-1.940992176532745361e-01,-3.576474487781524658e-01,-8.000392466783523560e-02,-2.875957190990447998e-01,-2.966474592685699463e-01,-3.153703212738037109e-01,-2.437843680381774902e-01,-4.104614853858947754e-01,-1.254683881998062134e-01,-2.288090437650680542e-01,2.577574551105499268e-01,1.151923835277557373e-01,-7.594448397867381573e-04,-6.662468612194061279e-02,8.400116860866546631e-02,-9.791216999292373657e-02,-1.486846804618835449e-01,-2.421030551195144653e-01,2.530504763126373291e-01,-1.326904594898223877e-01,7.126160264015197754e-01,2.712808251380920410e-01,2.393340617418289185e-01,-1.156732216477394104e-01,3.085197508335113525e-01,9.399508684873580933e-02,4.868463873863220215e-01,2.138508483767509460e-03,3.675204217433929443e-01,1.204550564289093018e-01,3.623074889183044434e-01,3.256867527961730957e-01,1.849671006202697754e-01,5.343189463019371033e-02,-4.345931112766265869e-02,-1.021706312894821167e-01,-7.613094151020050049e-02,-7.931323349475860596e-02,9.719994664192199707e-02,2.478270828723907471e-01,1.193886622786521912e-02,6.890179216861724854e-02,-2.951181232929229736e-01,-1.583915054798126221e-01,-1.537237614393234253e-01,-1.017434373497962952e-01,2.043516486883163452e-01,-7.256945222616195679e-02,-1.673929691314697266e-01,-8.228531479835510254e-02,-3.996765241026878357e-02,1.055857911705970764e-01,-8.485741913318634033e-02,1.183937788009643555e-01
-2.257303148508071899e-01,7.778060436248779297e-02,-4.549203515052795410e-01,-3.450565934181213379e-01,2.548576891422271729e-01,6.613264083862304688e-01,-4.363198280334472656e-01,-5.913156270980834961e-02,3.359096050262451172e-01,1.000000119209289551e+00,2.097497321665287018e-02,1.202669516205787659e-01,-4.868118092417716980e-02,1.329343914985656738e-01,2.529189586639404297e-01,6.763224005699157715e-01,-9.699904918670654297e-02,1.019346266984939575e-01,1.911888830363750458e-02,3.508509369567036629e-03,1.670777983963489532e-02,3.604137897491455078e-02,-3.102871477603912354e-01,-2.739775478839874268e-01,2.100287228822708130e-01,2.172566652297973633e-01,2.246428430080413818e-01,3.133346140384674072e-01,1.871757954359054565e-02,1.022420227527618408e-01,-1.666408628225326538e-01,-8.421706408262252808e-02,-5.906786024570465088e-02,-1.131833568215370178e-01,-4.045498743653297424e-02,1.093905493617057800e-01,4.853112623095512390e-02,6.568691879510879517e-02,-7.651074230670928955e-02,1.033768504858016968e-01,4.494449868798255920e-02,-1.387253124266862869e-02,-3.422993933781981468e-03,-9.125079214572906494e-02,-2.854193449020385742e-01,-2.780131995677947998e-01,-1.631037592887878418e-01,-6.218545883893966675e-02,-2.783586084842681885e-01,-2.623262405395507812e-01,-1.587246358394622803e-01,-1.530298292636871338e-01,-1.119645312428474426e-01,-7.816392928361892700e-02,-2.374044060707092285e-01,1.786749511957168579e-01,1.383126992732286453e-02,1.224279403686523438e-01,1.090100631117820740e-01,6.837729364633560181e-02,9.132976830005645752e-02,1.276003420352935791e-01,-2.342378199100494385e-01,-6.520799547433853149e-02,1.915237121284008026e-02,-1.248984411358833313e-02,4.700344800949096680e-02,3.126857429742813110e-02,9.003194049000740051e-03,-3.497960045933723450e-02,-3.462762013077735901e-02,6.943538784980773926e-02,-4.076249024365097284e-04,9.423314034938812256e-02,-5.730199813842773438e-02,4.894148930907249451e-02,-5.003640055656433105e-02,-1.187859661877155304e-02,-8.381388336420059204e-02,7.622269541025161743e-02,4.805026575922966003e-02,1.324249804019927979e-01,1.541154235601425171e-01,5.884510278701782227e-01,2.043976187705993652e-01,2.664397656917572021e-01,-2.623920515179634094e-02,1.274895817041397095e-01,1.314885020256042480e-01,4.126929342746734619e-01,-7.197678834199905396e-02,3.088181652128696442e-02,-9.814778342843055725e-03,1.008901968598365784e-01,1.344388276338577271e-01,1.022581011056900024e-01,-2.423698548227548599e-03,1.524253785610198975e-01,-8.702309429645538330e-02,1.067313402891159058e-01,6.336376070976257324e-02,2.264109849929809570e-01,-1.598579436540603638e-02,6.077267229557037354e-02,-1.730974577367305756e-02,3.771777078509330750e-02,4.686391726136207581e-02,7.837891578674316406e-02,4.393063858151435852e-02,-6.942827254533767700e-02,-1.631495505571365356e-01,-1.253563016653060913e-01,4.401699081063270569e-02,-9.597609750926494598e-03,8.563572168350219727e-02,1.411793977022171021e-01
1.601372808218002319e-01,2.641648352146148682e-01,-1.183932051062583923e-01,2.005978226661682129e-01,-1.665658801794052124e-01,-2.193414419889450073e-01,6.342166662216186523e-02,3.922694623470306396e-01,1.133561432361602783e-01,2.097497321665287018e-02,9.999998211860656738e-01,4.833340942859649658e-01,5.035683512687683105e-01,4.153969287872314453e-01,2.926003336906433105e-01,3.134418651461601257e-02,6.286386251449584961e-01,5.155775547027587891e-01,2.148402184247970581e-01,1.791094243526458740e-01,9.024122357368469238e-02,1.266405284404754639e-01,-5.927518382668495178e-02,3.691419959068298340e-02,-1.368399858474731445e-01,-1.605712324380874634e-01,3.002982353791594505e-03,1.354617346078157425e-02,4.685647785663604736e-01,3.422239124774932861e-01,3.760217130184173584e-02,1.548067927360534668e-01,2.265357673168182373e-01,2.192691415548324585e-01,8.276975154876708984e-02,6.390634924173355103e-02,5.393660813570022583e-02,-9.259994141757488251e-03,8.575174957513809204e-02,1.330863684415817261e-01,-1.328762900084257126e-02,8.209731429815292358e-03,2.766257226467132568e-01,1.454254835844039917e-01,1.173113137483596802e-01,1.682041734457015991e-01,4.326521977782249451e-02,1.105194315314292908e-01,4.033604264259338379e-02,4.101981222629547119e-02,-2.910544164478778839e-03,6.847600638866424561e-02,5.501322820782661438e-02,-4.740862920880317688e-02,7.908817380666732788e-02,1.907188594341278076e-01,3.214605748653411865e-01,2.268704026937484741e-01,1.562824398279190063e-01,3.068858571350574493e-02,2.489439100027084351e-01,5.969177186489105225e-02,3.249731287360191345e-02,1.072363704442977905e-01,1.391848623752593994e-01,-7.625051774084568024e-03,1.060695201158523560e-01,1.442511528730392456e-01,7.783675938844680786e-02,7.516217976808547974e-02,6.073237583041191101e-02,1.245805099606513977e-01,1.485547870397567749e-01,9.591413289308547974e-02,1.611826717853546143e-01,1.439250707626342773e-01,2.426585108041763306e-01,1.990796327590942383e-01,4.105669260025024414e-01,3.701842129230499268e-01,5.983638167381286621e-01,4.966384470462799072e-01,2.042274773120880127e-01,1.218411996960639954e-01,5.606802701950073242e-01,4.838824570178985596e-01,-1.702962815761566162e-02,-2.056080996990203857e-01,3.340011835098266602e-01,3.763822615146636963e-01,2.093642950057983398e-01,1.921056210994720459e-01,1.721893399953842163e-01,1.330965012311935425e-01,3.130222856998443604e-01,1.694523692131042480e-01,1.398461759090423584e-01,1.119980737566947937e-01,1.307394355535507202e-01,2.092906385660171509e-01,1.137702539563179016e-01,7.573048770427703857e-02,1.645971089601516724e-02,4.986013472080230713e-02,2.608183026313781738e-02,7.604998350143432617e-02,1.127598434686660767e-01,9.063636511564254761e-02,2.497436553239822388e-01,1.950353384017944336e-01,-6.020030006766319275e-02,5.803593434393405914e-03,4.132014233618974686e-03,2.367497980594635010e-01,2.239382117986679077e-01,2.105920612812042236e-01
3.698641359806060791e-01,6.358186602592468262e-01,4.888506978750228882e-02,3.743203282356262207e-01,-3.324146270751953125e-01,-1.020424067974090576e-01,1.525277048349380493e-01,6.582888960838317871e-01,-2.007860094308853149e-01,1.202669516205787659e-01,4.833340942859649658e-01,9.999997615814208984e-01,2.259153127670288086e-01,6.745625138282775879e-01,-1.628749668598175049e-01,6.481694430112838745e-02,3.094078600406646729e-01,6.103981733322143555e-01,2.934120828285813332e-03,1.117983683943748474e-01,-1.147257462143898010e-01,7.240173220634460449e-02,-1.364374998956918716e-02,6.917432695627212524e-02,-2.476495653390884399e-01,-2.004571408033370972e-01,-8.360120467841625214e-03,1.568099111318588257e-01,2.561270296573638916e-01,5.063028335571289062e-01,1.457282691262662411e-03,1.996746808290481567e-01,4.057486951351165771e-01,3.925720453262329102e-01,2.362164407968521118e-01,1.482058316469192505e-01,3.887035325169563293e-02,2.591600716114044189e-01,4.188540950417518616e-02,3.304961621761322021e-01,4.557621665298938751e-03,1.734800189733505249e-01,1.272053271532058716e-01,3.726257979869842529e-01,3.069211915135383606e-02,2.604511678218841553e-01,9.779670275747776031e-03,2.536478936672210693e-01,1.782054454088211060e-01,2.181687951087951660e-01,1.459093242883682251e-01,2.500030696392059326e-01,-8.343471586704254150e-02,-4.367958754301071167e-02,-7.353848963975906372e-02,3.811417222023010254e-01,3.922671079635620117e-01,5.875164270401000977e-01,4.013716578483581543e-01,3.622153699398040771e-01,2.625463902950286865e-01,4.521312713623046875e-01,1.667605340480804443e-01,4.886166453361511230e-01,1.775687932968139648e-01,2.782975733280181885e-01,3.939321935176849365e-01,4.214608073234558105e-01,2.567538917064666748e-01,3.464924991130828857e-01,2.014751881361007690e-01,2.827701866626739502e-01,9.725470840930938721e-02,2.877525985240936279e-01,1.938589215278625488e-01,3.372623324394226074e-01,1.748491823673248291e-01,3.455353379249572754e-01,2.670738399028778076e-01,5.309003591537475586e-01,3.007605969905853271e-01,5.837386250495910645e-01,-2.427092194557189941e-01,2.033581286668777466e-01,2.673068344593048096e-01,6.165657639503479004e-01,-3.366440236568450928e-01,-1.761387884616851807e-01,-1.529741436243057251e-01,3.354133069515228271e-01,-2.164671719074249268e-01,-7.080307602882385254e-02,-2.268064022064208984e-01,-2.271160632371902466e-01,3.815313056111335754e-02,7.775829732418060303e-02,1.047335937619209290e-01,1.497105360031127930e-01,2.999817393720149994e-02,2.355322092771530151e-01,2.013013884425163269e-02,-1.115082129836082458e-01,-7.957471162080764771e-02,-6.804912537336349487e-02,1.769153773784637451e-01,1.814400404691696167e-01,1.460026204586029053e-01,1.553171724081039429e-01,-3.334026038646697998e-02,1.361903250217437744e-01,8.881469815969467163e-02,3.091794438660144806e-02,-3.967358544468879700e-02,-1.664417609572410583e-02,2.799841761589050293e-01,1.488613188266754150e-01
-5.500110238790512085e-02,7.601107656955718994e-02,-9.712345898151397705e-02,6.695650517940521240e-02,-1.450650487095117569e-02,-2.461369782686233521e-01,1.065426245331764221e-01,1.482000797986984253e-01,3.332914412021636963e-01,-4.868118092417716980e-02,5.035683512687683105e-01,2.259153127670288086e-01,9.999999403953552246e-01,2.428743094205856323e-01,3.954925537109375000e-01,-7.115042209625244141e-02,3.864568471908569336e-01,2.163525968790054321e-01,2.144637405872344971e-01,2.047939412295818329e-02,6.333114579319953918e-03,-3.812014684081077576e-02,-1.829642206430435181e-01,-3.675821423530578613e-02,-7.629130780696868896e-02,-1.066645234823226929e-01,-5.701081827282905579e-02,-2.125653475522994995e-01,2.745044529438018799e-01,2.005146145820617676e-01,-5.681168660521507263e-02,2.998000755906105042e-02,7.086630165576934814e-02,2.236987091600894928e-02,-5.662227049469947815e-02,-1.558922138065099716e-02,8.306855708360671997e-02,-1.109990403056144714e-01,-2.111896872520446777e-02,-3.868921473622322083e-02,-6.940110027790069580e-02,-1.776845753192901611e-02,1.328212171792984009e-01,-6.003631278872489929e-02,1.164970919489860535e-01,-1.483842544257640839e-02,-2.062739990651607513e-02,-1.331149190664291382e-01,-7.302989810705184937e-02,-1.332004964351654053e-01,-4.725407063961029053e-02,-1.079408004879951477e-01,-1.613205182366073132e-03,-4.816371947526931763e-02,-4.218447580933570862e-02,-1.247768290340900421e-02,3.550726547837257385e-02,-1.075030714273452759e-01,-4.743235930800437927e-02,-2.487475425004959106e-01,1.480591893196105957e-01,-1.326578706502914429e-01,-6.216160953044891357e-02,-1.330533474683761597e-01,6.418218463659286499e-02,-1.435836702585220337e-01,-9.287369251251220703e-02,-8.970003575086593628e-02,-1.246288269758224487e-01,-2.290742248296737671e-01,1.160198226571083069e-01,5.746680498123168945e-02,2.692013084888458252e-01,2.351505011320114136e-01,1.790753602981567383e-01,1.836479008197784424e-01,2.784192860126495361e-01,1.703064292669296265e-01,6.850735098123550415e-02,2.815354242920875549e-02,4.504838585853576660e-01,1.884182542562484741e-01,3.415347933769226074e-01,5.446369573473930359e-02,3.825252652168273926e-01,1.951087713241577148e-01,2.962679415941238403e-02,-1.225424036383628845e-01,3.939838409423828125e-01,1.446061730384826660e-01,2.941263616085052490e-01,1.080261021852493286e-01,2.710988819599151611e-01,2.164487540721893311e-01,1.877032816410064697e-01,6.579336524009704590e-02,3.391857445240020752e-02,-9.106786549091339111e-02,1.250408776104450226e-02,3.647619858384132385e-02,1.473814994096755981e-01,1.683711111545562744e-01,-6.375901401042938232e-02,2.599170431494712830e-02,-1.592579036951065063e-01,-6.008898466825485229e-02,-3.881873190402984619e-02,-5.077277496457099915e-02,2.089750915765762329e-01,1.278377771377563477e-01,-1.806961447000503540e-01,-1.665404736995697021e-01,-1.661598980426788330e-01,6.745928525924682617e-02,-1.490662922151386738e-03,6.401208043098449707e-02
