9.999999403953552246e-01,2.330939173698425293e-01,-7.792073488235473633e-02,2.693108916282653809e-01,2.434225678443908691e-01,1.741952151060104370e-01,1.617546193301677704e-02,3.274761736392974854e-01,6.947981566190719604e-02,1.081745177507400513e-01,4.147669076919555664e-01,5.902858376502990723e-01,2.434734404087066650e-01,4.875378906726837158e-01,1.876515895128250122e-01,1.264877319335937500e-01,1.297003310173749924e-02,1.404782384634017944e-01,1.905966252088546753e-01,3.103781938552856445e-01,-2.665334753692150116e-02,2.685728669166564941e-02,-9.374538064002990723e-02,4.186571016907691956e-02,9.377120435237884521e-02,2.378579080104827881e-01,6.939972192049026489e-02,2.975923418998718262e-01,3.211334645748138428e-01,2.880471050739288330e-01,1.019237712025642395e-01,2.837062776088714600e-01,3.500775992870330811e-01,2.259472459554672241e-01,2.023471705615520477e-02,1.812781244516372681e-01,3.754851222038269043e-01,2.499317824840545654e-01,2.892579734325408936e-01,2.327401041984558105e-01,1.754386425018310547e-01,1.507258713245391846e-01,-4.160302132368087769e-02,-8.162003755569458008e-02,5.480597540736198425e-02,1.396252512931823730e-01,9.855861961841583252e-02,7.852197438478469849e-02,2.906674742698669434e-01,3.119191229343414307e-01,3.245950639247894287e-01,1.455882340669631958e-01,2.759382724761962891e-01,2.289699763059616089e-01,2.878063023090362549e-01,1.767369359731674194e-01,4.642230272293090820e-01,2.497726976871490479e-01,3.829692900180816650e-01,4.162811636924743652e-01,4.409605860710144043e-01,4.074395298957824707e-01,2.243094146251678467e-01,3.232126533985137939e-01,2.666437327861785889e-01,3.178584873676300049e-01,4.129502773284912109e-01,3.724903464317321777e-01,6.275572180747985840e-01,4.107931554317474365e-01,1.565875411033630371e-01,2.018073946237564087e-01,2.908017039299011230e-01,3.190351724624633789e-01,1.275262888520956039e-02,8.626791834831237793e-02,1.384372562170028687e-01,1.047239899635314941e-01,2.052210420370101929e-01,1.997650712728500366e-01,2.555185854434967041e-01,2.035725265741348267e-01,3.889976143836975098e-01,2.444016933441162109e-01,2.514617741107940674e-01,1.129632368683815002e-01,1.628755033016204834e-01,1.018022149801254272e-01,1.595042645931243896e-01,9.974728338420391083e-03,2.185531407594680786e-01,1.432388871908187866e-01,1.283524930477142334e-02,4.245090531185269356e-04,3.895007446408271790e-02,4.293326288461685181e-02,5.284670367836952209e-02,8.576431125402450562e-02,3.112554363906383514e-02,8.909255266189575195e-02,1.597310900688171387e-01,7.457826286554336548e-02,1.069933325052261353e-01,1.027546226978302002e-01,4.101299494504928589e-02,-4.169505089521408081e-02,2.836346924304962158e-01,2.403361201286315918e-01,-2.790214493870735168e-02,1.029976084828376770e-02,5.787263065576553345e-02,-5.317585915327072144e-02,-3.016669861972332001e-02,6.084844097495079041e-02,-3.921997919678688049e-02,8.509381860494613647e-02
2.330939173698425293e-01,9.999994635581970215e-01,3.396746516227722168e-01,2.650699615478515625e-01,1.911762207746505737e-01,-9.062456339597702026e-02,3.154211640357971191e-01,3.869740664958953857e-01,3.742458820343017578e-01,-5.753053724765777588e-02,-2.069975249469280243e-02,2.083535939455032349e-01,3.608186962082982063e-03,1.233413293957710266e-01,4.985167831182479858e-02,-1.207238435745239258e-01,4.212334156036376953e-01,5.141772031784057617e-01,2.886137925088405609e-02,8.406819403171539307e-02,-7.242619991302490234e-02,4.565881937742233276e-02,9.263727068901062012e-02,2.075625061988830566e-01,1.681065857410430908e-01,1.431332975625991821e-01,-2.304457873106002808e-02,1.154316812753677368e-01,2.355808764696121216e-01,3.247227966785430908e-01,-1.329022087156772614e-02,2.807993255555629730e-02,4.534282386302947998e-01,5.171922445297241211e-01,1.142242848873138428e-01,4.521482810378074646e-02,1.035433784127235413e-01,1.539323627948760986e-01,1.796393096446990967e-01,1.076430305838584900e-01,3.033533692359924316e-01,3.374201655387878418e-01,3.002067506313323975e-01,4.317886829376220703e-01,-1.013399660587310791e-02,3.113797307014465332e-01,2.142806798219680786e-01,4.250628054141998291e-01,7.118992973119020462e-03,2.246059626340866089e-01,2.940575480461120605e-01,6.126435399055480957e-01,-1.799579150974750519e-02,7.343170233070850372e-03,-2.580469101667404175e-02,2.842965768650174141e-03,3.880632519721984863e-01,6.528105139732360840e-01,1.754205375909805298e-01,1.004551500082015991e-01,4.238306730985641479e-02,1.168342977762222290e-01,-9.945397078990936279e-02,6.401393562555313110e-02,8.503878116607666016e-02,3.284716010093688965e-01,1.132565885782241821e-01,1.539268940687179565e-01,-4.236479476094245911e-02,2.493819221854209900e-03,-2.493452839553356171e-02,1.628259867429733276e-01,2.456333935260772705e-01,4.517489075660705566e-01,1.073869913816452026e-01,2.093934565782546997e-01,2.112844772636890411e-02,1.523845940828323364e-01,2.794336080551147461e-01,3.805914521217346191e-01,2.134746909141540527e-01,4.238528013229370117e-01,2.699928916990756989e-02,3.430712521076202393e-01,1.996406316757202148e-01,5.381700992584228516e-01,1.393439024686813354e-01,3.198993504047393799e-01,4.286829847842454910e-03,4.927442371845245361e-01,2.521728537976741791e-02,1.140062734484672546e-01,4.261069297790527344e-01,6.542720198631286621e-01,7.758935540914535522e-02,6.842761486768722534e-02,5.742616485804319382e-03,3.829392418265342712e-02,3.665808355435729027e-03,1.155235171318054199e-01,3.055543899536132812e-01,5.289392471313476562e-01,4.977932572364807129e-02,2.011893540620803833e-01,5.049175620079040527e-01,5.433086752891540527e-01,-4.658775031566619873e-02,2.121190354228019714e-02,-1.144702918827533722e-02,-2.034442126750946045e-02,-6.501527130603790283e-02,9.299847483634948730e-02,5.739251971244812012e-01,3.090519011020660400e-01,3.013589978218078613e-01,2.914558351039886475e-01
-7.792073488235473633e-02,3.396746516227722168e-01,1.000000476837158203e+00,3.945188522338867188e-01,2.174430526793003082e-02,-1.024898048490285873e-02,5.515730977058410645e-01,3.372865021228790283e-01,3.242293596267700195e-01,5.005165934562683105e-02,-1.465619355440139771e-01,-8.619884401559829712e-02,-3.943838551640510559e-02,-1.321023255586624146e-01,5.222846940159797668e-02,-5.547747388482093811e-02,3.080137968063354492e-01,3.001308143138885498e-01,1.842970401048660278e-01,1.417819969356060028e-02,-8.352179080247879028e-02,5.357500631362199783e-03,4.893212914466857910e-01,3.349156081676483154e-01,2.111909836530685425e-01,1.223118752241134644e-01,-1.324044261127710342e-02,-1.068845838308334351e-01,1.258026510477066040e-01,1.189126521348953247e-01,1.531111449003219604e-01,1.042900606989860535e-01,1.471563279628753662e-01,2.438751012086868286e-01,2.115751504898071289e-01,6.721186637878417969e-02,3.621157258749008179e-02,1.334638893604278564e-01,-1.237759087234735489e-02,4.725471604615449905e-03,2.269647568464279175e-01,2.240609824657440186e-01,3.375326395034790039e-01,2.979876399040222168e-01,1.467194855213165283e-01,2.945248782634735107e-01,3.021671175956726074e-01,3.838853836059570312e-01,7.049144059419631958e-02,1.284175217151641846e-01,1.800190210342407227e-01,3.075468540191650391e-01,-9.330939501523971558e-03,-8.080977201461791992e-02,1.577823981642723083e-02,-2.391778118908405304e-02,-1.465709786862134933e-02,2.289627492427825928e-01,1.173881515860557556e-01,-6.855848431587219238e-02,-9.942649304866790771e-02,-1.481961905956268311e-01,-1.345130354166030884e-01,-7.120282948017120361e-02,8.470855653285980225e-02,1.131815537810325623e-01,5.140828341245651245e-02,9.881717711687088013e-02,-2.968920171260833740e-01,-1.825913637876510620e-01,1.205276623368263245e-01,1.744076758623123169e-01,6.808996945619583130e-02,2.272339612245559692e-01,1.016769632697105408e-01,2.093265764415264130e-02,-1.566990464925765991e-02,7.059404999017715454e-02,1.079140007495880127e-01,2.287343442440032959e-01,1.752119958400726318e-01,1.354246884584426880e-01,-6.898695230484008789e-02,-1.324678361415863037e-01,1.011500284075737000e-01,2.764083743095397949e-01,7.664685696363449097e-02,6.539816409349441528e-02,5.014761164784431458e-02,2.627294957637786865e-01,1.058083549141883850e-01,1.545276343822479248e-01,3.363176584243774414e-01,3.975115120410919189e-01,9.906095266342163086e-02,6.706677377223968506e-02,1.651203036308288574e-01,1.210858300328254700e-01,2.194327265024185181e-01,2.985657155513763428e-01,1.769271939992904663e-01,2.366970181465148926e-01,5.629538372159004211e-02,-3.954031690955162048e-02,2.875865995883941650e-01,3.603270649909973145e-01,-6.864306330680847168e-02,3.316242247819900513e-02,7.123684883117675781e-02,6.855221092700958252e-02,1.014999151229858398e-01,2.374815344810485840e-01,4.144877791404724121e-01,2.943554222583770752e-01,1.893020421266555786e-01,1.029559373855590820e-01
2.693108916282653809e-01,2.650699615478515625e-01,3.945188522338867188e-01,9.999997615814208984e-01,1.410457193851470947e-01,5.919026583433151245e-02,4.253787696361541748e-01,6.830493807792663574e-01,1.928648948669433594e-01,1.203176453709602356e-01,-6.464646011590957642e-02,1.771542131900787354e-01,-1.283707469701766968e-01,9.688664227724075317e-02,1.412487309426069260e-02,5.491571873426437378e-02,2.424997985363006592e-01,1.831686943769454956e-01,1.476998925209045410e-01,1.608716249465942383e-01,6.905739009380340576e-02,7.691176980733871460e-02,2.240023314952850342e-01,6.453227400779724121e-01,1.617012023925781250e-01,2.290848642587661743e-01,-4.608726873993873596e-02,1.061716675758361816e-01,2.206195741891860962e-01,2.132442742586135864e-01,1.633449643850326538e-01,2.689989209175109863e-01,2.188040167093276978e-01,2.009004801511764526e-01,1.338614672422409058e-01,2.317274808883666992e-01,1.861601769924163818e-01,2.568031549453735352e-01,1.441941708326339722e-01,2.072372734546661377e-01,3.244224786758422852e-01,2.916297316551208496e-01,2.439772188663482666e-01,2.182213813066482544e-01,2.482384294271469116e-01,3.946306109428405762e-01,2.289185374975204468e-01,2.886201739311218262e-01,3.023964166641235352e-01,3.587961196899414062e-01,2.774144113063812256e-01,2.531140744686126709e-01,1.217350065708160400e-01,5.433511361479759216e-02,1.372692435979843140e-01,2.912508249282836914e-01,1.592943668365478516e-01,2.045592367649078369e-01,2.569724321365356445e-01,1.113727092742919922e-01,1.704241633415222168e-01,2.145618945360183716e-02,9.503055363893508911e-02,1.360325068235397339e-01,1.788928955793380737e-01,1.176884993910789490e-01,2.721646726131439209e-01,2.976584732532501221e-01,1.233464702963829041e-01,5.177152529358863831e-02,9.719716012477874756e-02,1.785419136285781860e-01,2.353150099515914917e-01,2.082549035549163818e-01,2.373347617685794830e-02,-6.382275372743606567e-03,3.573456779122352600e-02,1.181711032986640930e-01,2.402894943952560425e-01,2.079435735940933228e-01,2.345316857099533081e-01,2.466346621513366699e-01,1.151877939701080322e-01,8.974921703338623047e-02,9.056676179170608521e-02,3.465448021888732910e-01,9.811233729124069214e-02,1.276388019323348999e-01,1.395109593868255615e-01,3.581095039844512939e-01,2.456656843423843384e-01,2.861975729465484619e-01,2.541031837463378906e-01,3.093066513538360596e-01,1.239523515105247498e-01,5.294298753142356873e-02,1.903823167085647583e-01,1.831562668085098267e-01,1.497384458780288696e-01,3.156447410583496094e-01,1.671006679534912109e-01,1.449490934610366821e-01,2.233915179967880249e-01,8.594289422035217285e-02,2.050612717866897583e-01,1.961794942617416382e-01,-2.668104879558086395e-02,1.025340333580970764e-01,6.705748382955789566e-03,8.101207762956619263e-02,6.731827557086944580e-02,1.285378783941268921e-01,1.702003180980682373e-01,3.249267935752868652e-01,1.683269292116165161e-01,8.204950392246246338e-02
2.434225678443908691e-01,1.911762207746505737e-01,2.174430526793003082e-02,1.410457193851470947e-01,9.999999403953552246e-01,2.811593115329742432e-01,6.307436525821685791e-02,1.724687516689300537e-01,2.702623307704925537e-01,1.929310560226440430e-01,2.635318934917449951e-01,2.109267860651016235e-01,1.676322370767593384e-01,2.825114727020263672e-01,5.192597508430480957e-01,2.531194388866424561e-01,1.989438980817794800e-01,2.514291703701019287e-01,9.024947136640548706e-02,9.061830490827560425e-02,1.141427904367446899e-01,1.172316968441009521e-01,2.189331650733947754e-01,5.223433300852775574e-02,4.617011845111846924e-01,3.017472922801971436e-01,4.923842251300811768e-01,5.085395574569702148e-01,2.757681012153625488e-01,3.766157627105712891e-01,2.877939343452453613e-01,2.520376443862915039e-01,1.936075240373611450e-01,1.604005992412567139e-01,1.173540651798248291e-01,1.699360311031341553e-01,2.261185795068740845e-01,2.355717122554779053e-01,1.162586212158203125e-01,1.013344079256057739e-01,9.640659391880035400e-02,1.592833101749420166e-01,1.693315356969833374e-01,1.121623665094375610e-01,2.703813612461090088e-01,2.768205106258392334e-01,3.399848565459251404e-02,9.365993738174438477e-02,3.063919246196746826e-01,2.462781071662902832e-01,1.880805641412734985e-01,1.567116975784301758e-01,1.267862021923065186e-01,2.392291724681854248e-01,6.482249498367309570e-02,1.199711188673973083e-01,2.801468074321746826e-01,2.159545123577117920e-01,2.997866868972778320e-01,3.094428181648254395e-01,2.443783581256866455e-01,2.375255823135375977e-01,2.248805314302444458e-01,2.116624265909194946e-01,2.060556262731552124e-01,2.077028751373291016e-01,3.006217479705810547e-01,2.606498897075653076e-01,2.429746389389038086e-01,1.730163842439651489e-01,-5.414909869432449341e-02,4.641594365239143372e-02,6.899971514940261841e-02,1.247544586658477783e-01,-3.128225728869438171e-02,-1.969336345791816711e-02,2.882354855537414551e-01,3.182091712951660156e-01,1.941512227058410645e-01,2.275588959455490112e-01,1.874679476022720337e-01,3.045205771923065186e-01,3.276337683200836182e-01,2.635277211666107178e-01,1.918226331472396851e-01,2.013387680053710938e-01,2.708116471767425537e-01,1.921516805887222290e-01,8.424322307109832764e-02,1.768143326044082642e-01,8.432909846305847168e-02,1.383825242519378662e-01,1.311601791530847549e-02,3.479777276515960693e-02,2.863316535949707031e-01,2.027394920587539673e-01,2.112198173999786377e-01,1.396035999059677124e-01,6.042945757508277893e-02,1.086787506937980652e-02,3.413574025034904480e-02,6.674726307392120361e-02,1.373302005231380463e-02,6.605929881334304810e-02,1.546058058738708496e-01,1.634821444749832153e-01,4.236810654401779175e-02,1.315014213323593140e-01,2.489524632692337036e-01,2.001160532236099243e-01,2.249107062816619873e-01,-1.474390155635774136e-04,-2.303100004792213440e-02,-2.819940680637955666e-03,1.771795302629470825e-01,2.188902199268341064e-01
1.741952151060104370e-01,-9.062456339597702026e-02,-1.024898048490285873e-02,5.919026583433151245e-02,2.811593115329742432e-01,9.999995231628417969e-01,-1.059085950255393982e-01,-1.472388859838247299e-02,8.680231124162673950e-02,5.527207851409912109e-01,2.655921876430511475e-01,2.360989004373550415e-01,6.814488023519515991e-02,3.109841644763946533e-01,4.008358716964721680e-01,6.172839999198913574e-01,-5.814575403928756714e-02,7.424281537532806396e-02,1.302281320095062256e-01,8.757699280977249146e-02,1.770380139350891113e-01,1.695344001054763794e-01,1.947766840457916260e-01,1.205353513360023499e-01,2.419768422842025757e-01,3.261854648590087891e-01,2.621167898178100586e-01,4.056078195571899414e-01,6.158008798956871033e-02,2.503366172313690186e-01,1.734640747308731079e-01,2.521506547927856445e-01,-4.591710865497589111e-02,-5.735852941870689392e-02,2.761671505868434906e-02,1.106001958250999451e-01,1.627624332904815674e-01,1.329434961080551147e-01,8.961988240480422974e-02,9.086266160011291504e-02,-8.513886481523513794e-02,-1.744106970727443695e-02,-4.821631126105785370e-03,-1.075551509857177734e-01,2.481211423873901367e-01,3.265160694718360901e-02,8.574004471302032471e-02,3.254580125212669373e-02,3.482973277568817139e-01,1.297392845153808594e-01,1.339163631200790405e-01,-5.030203983187675476e-02,2.645891606807708740e-01,3.816408812999725342e-01,2.419338226318359375e-01,1.911697536706924438e-01,1.395486295223236084e-01,7.849691063165664673e-02,3.232277631759643555e-01,4.397200047969818115e-01,3.362643420696258545e-01,3.899240195751190186e-01,3.455222547054290771e-01,3.654066026210784912e-01,2.833076119422912598e-01,2.410177439451217651e-01,3.441690206527709961e-01,2.854598760604858398e-01,2.836485505104064941e-01,2.601520419120788574e-01,6.164114549756050110e-02,8.014838397502899170e-02,5.875802412629127502e-02,-1.162418350577354431e-02,-1.584486961364746094e-01,-7.273470610380172729e-02,7.850845903158187866e-02,1.138366088271141052e-01,3.235505893826484680e-02,6.283373385667800903e-02,1.150310114026069641e-01,1.469280123710632324e-01,2.740541398525238037e-01,9.507366269826889038e-02,1.873852461576461792e-01,7.613036036491394043e-02,1.986038088798522949e-01,1.753205657005310059e-01,2.608924210071563721e-01,7.308974862098693848e-02,2.419251650571823120e-01,2.549858689308166504e-01,-6.245726346969604492e-02,-9.431675076484680176e-02,-2.982712723314762115e-02,3.615915775299072266e-02,1.496391929686069489e-02,1.418847218155860901e-02,1.861450970172882080e-01,1.555829495191574097e-01,-1.134073063731193542e-01,-1.207906082272529602e-01,-1.097667496651411057e-03,2.048430405557155609e-02,-1.740486919879913330e-01,-1.416668295860290527e-01,1.738046109676361084e-01,1.339229792356491089e-01,7.966834306716918945e-02,-4.366695880889892578e-02,1.070325747132301331e-01,7.037382572889328003e-02,-1.463497579097747803e-01,-4.372931271791458130e-02,-1.206988915801048279e-01,-8.854483813047409058e-02
1.617546193301677704e-02,3.154211640357971191e-01,5.515730977058410645e-01,4.253787696361541748e-01,6.307436525821685791e-02,-1.059085950255393982e-01,1.000000357627868652e+00,5.312524437904357910e-01,3.462580144405364990e-01,-1.072167530655860901e-01,-5.266888067126274109e-02,3.039880655705928802e-03,2.145623415708541870e-01,-4.573847725987434387e-02,9.412946552038192749e-02,-2.175388187170028687e-01,2.713925540447235107e-01,2.240622192621231079e-01,-2.083935588598251343e-02,-1.174123678356409073e-02,4.994121938943862915e-02,6.682629138231277466e-02,1.764072775840759277e-01,2.257044762372970581e-01,2.981710731983184814e-01,1.775551140308380127e-01,1.280285790562629700e-02,-7.921024411916732788e-02,2.606248557567596436e-01,2.243652641773223877e-01,2.184353172779083252e-01,1.171946823596954346e-01,1.041421480476856232e-02,1.158345565199851990e-01,2.499779462814331055e-01,1.664570271968841553e-01,9.810478240251541138e-02,6.979209184646606445e-02,1.026355102658271790e-01,4.311911389231681824e-02,3.542016446590423584e-01,3.162032067775726318e-01,2.465722858905792236e-01,3.007926940917968750e-01,1.694462597370147705e-01,3.559634089469909668e-01,1.332558840513229370e-01,3.575093746185302734e-01,-2.729606442153453827e-02,1.837102174758911133e-01,-2.327923895791172981e-03,3.313700556755065918e-01,-2.038012295961380005e-01,-1.094782575964927673e-01,1.445145253092050552e-02,1.365188788622617722e-02,-1.552598029375076294e-01,2.328310161828994751e-01,2.188177704811096191e-01,-5.447549372911453247e-02,-1.546041518449783325e-01,-1.403876096010208130e-01,-1.055522039532661438e-01,-4.767420142889022827e-02,9.001774340867996216e-02,1.585013717412948608e-01,5.721513554453849792e-02,1.299785673618316650e-01,-2.743571400642395020e-01,-2.210387736558914185e-01,7.234581746160984039e-03,1.274555474519729614e-01,1.304375678300857544e-01,2.292139679193496704e-01,1.200945824384689331e-01,4.691282287240028381e-02,-1.689161360263824463e-02,1.148678660392761230e-01,1.964324861764907837e-01,1.560409069061279297e-01,1.796582043170928955e-01,1.608024090528488159e-01,-1.029744967818260193e-01,-7.798384130001068115e-02,3.702999278903007507e-02,2.661153972148895264e-01,3.759676963090896606e-02,1.286658793687820435e-01,-1.391505748033523560e-01,2.613550424575805664e-01,-1.030238568782806396e-01,1.793415248394012451e-01,1.640465110540390015e-01,3.687178194522857666e-01,2.934896051883697510e-01,1.830513030290603638e-01,2.768942713737487793e-01,1.777181923389434814e-01,2.181605100631713867e-01,2.894617915153503418e-01,7.150789350271224976e-02,2.251680642366409302e-01,2.321364730596542358e-02,7.623593509197235107e-02,2.695830464363098145e-01,3.367927670478820801e-01,-1.839903146028518677e-01,-8.397373557090759277e-02,2.004578262567520142e-01,2.245314121246337891e-01,1.598355621099472046e-01,2.434065043926239014e-01,3.513462841510772705e-01,2.675705254077911377e-01,2.541780769824981689e-01,1.162758544087409973e-01
3.274761736392974854e-01,3.869740664958953857e-01,3.372865021228790283e-01,6.830493807792663574e-01,1.724687516689300537e-01,-1.472388859838247299e-02,5.312524437904357910e-01,1.000000357627868652e+00,1.957477778196334839e-01,1.486934442073106766e-02,3.171541169285774231e-02,2.629876136779785156e-01,3.611517325043678284e-02,2.408123612403869629e-01,1.884896680712699890e-02,-3.075576387345790863e-02,3.286483585834503174e-01,2.621418237686157227e-01,5.146276578307151794e-02,1.047933995723724365e-01,8.435801416635513306e-02,8.797817677259445190e-02,5.864364281296730042e-02,4.688960909843444824e-01,2.248658686876296997e-01,2.042995244264602661e-01,-5.927658826112747192e-02,8.129011094570159912e-02,2.886877655982971191e-01,3.111354708671569824e-01,1.439019739627838135e-01,2.514664232730865479e-01,2.320130020380020142e-01,1.895132958889007568e-01,2.638580203056335449e-01,2.549051642417907715e-01,2.084917426109313965e-01,2.132158428430557251e-01,2.239622920751571655e-01,2.281031459569931030e-01,3.414886295795440674e-01,3.589825332164764404e-01,3.488669693470001221e-01,2.951191067695617676e-01,1.979926675558090210e-01,2.737507820129394531e-01,2.725041210651397705e-01,2.885603308677673340e-01,2.243314087390899658e-01,2.370039671659469604e-01,3.183381855487823486e-01,3.061881363391876221e-01,1.399362236261367798e-01,-2.001971006393432617e-02,1.639370173215866089e-01,1.879982501268386841e-01,2.662516832351684570e-01,2.888897657394409180e-01,2.504029273986816406e-01,7.544540613889694214e-02,1.724700927734375000e-01,-1.079898606985807419e-02,6.111477315425872803e-02,8.838173002004623413e-02,1.937180757522583008e-01,2.121291607618331909e-01,2.189807444810867310e-01,2.406027615070343018e-01,5.579553917050361633e-02,-1.190000697970390320e-01,2.032956853508949280e-02,1.297813206911087036e-01,2.729952037334442139e-01,3.062409460544586182e-01,7.698179036378860474e-02,7.772457599639892578e-02,5.330896750092506409e-02,1.100505441427230835e-01,3.004360795021057129e-01,2.225890159606933594e-01,2.932318747043609619e-01,3.220183253288269043e-01,1.137623712420463562e-01,2.344049513339996338e-01,1.995827853679656982e-01,3.627925515174865723e-01,1.133503764867782593e-01,2.324537485837936401e-01,1.424198299646377563e-01,3.720147907733917236e-01,2.483048141002655029e-01,1.631748825311660767e-01,3.402140438556671143e-01,3.308398127555847168e-01,1.772880703210830688e-01,8.161163330078125000e-02,2.252787053585052490e-01,1.666128337383270264e-01,2.180884331464767456e-01,2.154019773006439209e-01,2.658529281616210938e-01,2.227919399738311768e-01,2.638857960700988770e-01,1.571130156517028809e-01,3.407961428165435791e-01,2.642282247543334961e-01,-1.042516976594924927e-01,5.199369415640830994e-02,-1.321915443986654282e-02,9.416876733303070068e-02,1.145815998315811157e-01,1.633155792951583862e-01,2.868430912494659424e-01,3.382843136787414551e-01,1.814444810152053833e-01,1.275991350412368774e-01
6.947981566190719604e-02,3.742458820343017578e-01,3.242293596267700195e-01,1.928648948669433594e-01,2.702623307704925537e-01,8.680231124162673950e-02,3.462580144405364990e-01,1.957477778196334839e-01,9.999997615814208984e-01,2.128269970417022705e-01,3.607028722763061523e-02,-1.601976715028285980e-02,4.146709293127059937e-02,-1.755199767649173737e-02,3.295598030090332031e-01,9.840341657400131226e-02,2.953586280345916748e-01,2.701886892318725586e-01,1.854639314115047455e-02,4.260110482573509216e-02,5.203343555331230164e-02,9.060097485780715942e-02,2.587143182754516602e-01,1.582569628953933716e-01,3.710144758224487305e-01,3.535797297954559326e-01,1.874217838048934937e-01,1.090816706418991089e-01,2.887948751449584961e-01,3.037209212779998779e-01,2.576391696929931641e-01,1.322751343250274658e-01,1.832332909107208252e-01,2.582649290561676025e-01,1.805273741483688354e-01,1.587059795856475830e-01,1.605693399906158447e-01,1.316087692975997925e-01,1.099427118897438049e-01,3.538611531257629395e-02,1.968891918659210205e-01,1.568779796361923218e-01,2.617556154727935791e-01,3.158146739006042480e-01,9.449837356805801392e-02,2.406799346208572388e-01,3.160002827644348145e-01,4.539223909378051758e-01,6.041077896952629089e-02,1.563512682914733887e-01,1.859629005193710327e-01,3.810395300388336182e-01,5.626407801173627377e-04,2.028374820947647095e-01,1.037652492523193359e-01,4.402992129325866699e-02,1.599836945533752441e-01,3.904643356800079346e-01,2.304148375988006592e-01,1.582895815372467041e-01,2.344577573239803314e-02,1.061978563666343689e-01,1.520820707082748413e-02,3.044276963919401169e-03,1.454260945320129395e-01,2.616933286190032959e-01,1.357111930847167969e-01,1.600862145423889160e-01,-7.183292508125305176e-02,5.920644477009773254e-02,-5.905970185995101929e-02,1.311384439468383789e-01,1.769617497920989990e-01,2.232661098241806030e-01,1.269788295030593872e-01,1.404117196798324585e-01,9.346953034400939941e-02,2.599121630191802979e-01,2.488699704408645630e-01,2.330579161643981934e-01,2.429170459508895874e-01,2.218215167522430420e-01,-1.921253133332356811e-04,3.443901985883712769e-02,1.805577129125595093e-01,2.781594693660736084e-01,-3.208407014608383179e-02,2.586147375404834747e-02,-3.140271455049514771e-02,2.385687530040740967e-01,3.298781812191009521e-02,2.596796452999114990e-01,1.916876733303070068e-01,3.028102517127990723e-01,1.436477899551391602e-01,2.315957099199295044e-01,2.390905767679214478e-01,2.571928203105926514e-01,2.259017825126647949e-01,2.647509872913360596e-01,1.458787918090820312e-01,3.294315040111541748e-01,6.382814794778823853e-02,1.803579479455947876e-01,2.701430916786193848e-01,3.319960236549377441e-01,-4.741341248154640198e-02,-2.789366757497191429e-03,1.637512594461441040e-01,1.328525692224502563e-01,8.130077272653579712e-02,2.281263619661331177e-01,3.113778233528137207e-01,2.989508509635925293e-01,2.267600148916244507e-01,1.273959577083587646e-01
1.081745177507400513e-01,-5.753053724765777588e-02,5.005165934562683105e-02,1.203176453709602356e-01,1.929310560226440430e-01,5.527207851409912109e-01,-1.072167530655860901e-01,1.486934442073106766e-02,2.128269970417022705e-01,9.999997615814208984e-01,1.579381227493286133e-01,6.333728134632110596e-02,-9.933275729417800903e-02,1.084529012441635132e-01,2.781316936016082764e-01,6.449127197265625000e-01,5.858320370316505432e-02,7.334721833467483521e-02,2.241808921098709106e-01,1.432058066129684448e-01,8.611090481281280518e-02,8.693641424179077148e-02,2.060008943080902100e-01,1.327352970838546753e-01,1.605330109596252441e-01,3.737407922744750977e-01,1.106928363442420959e-01,2.727689445018768311e-01,1.213426068425178528e-01,1.760146170854568481e-01,1.731471568346023560e-01,2.626389861106872559e-01,3.890391811728477478e-02,5.365761741995811462e-02,7.884295284748077393e-02,1.448422074317932129e-01,1.305490732192993164e-01,6.733489781618118286e-02,8.437328785657882690e-02,6.230849772691726685e-02,-1.241838410496711731e-01,-5.186333507299423218e-02,4.877011105418205261e-02,-3.073213249444961548e-02,2.775175869464874268e-01,4.426527768373489380e-02,2.414343953132629395e-01,1.155335679650306702e-01,3.198523521423339844e-01,1.126213669776916504e-01,1.121817007660865784e-01,-7.985538803040981293e-03,2.433401942253112793e-01,3.517355620861053467e-01,2.768670022487640381e-01,1.779745668172836304e-01,1.989666074514389038e-01,1.403803527355194092e-01,2.256158590316772461e-01,3.191666603088378906e-01,3.501097857952117920e-01,2.974272668361663818e-01,3.266159594058990479e-01,1.949655860662460327e-01,2.863685190677642822e-01,2.564593851566314697e-01,2.994370460510253906e-01,2.870712578296661377e-01,2.620047628879547119e-01,2.554526329040527344e-01,7.060207426548004150e-02,1.055476740002632141e-01,1.017600148916244507e-01,-3.915303573012351990e-02,-7.342848926782608032e-02,1.082952413707971573e-02,1.164398640394210815e-01,1.705612838268280029e-01,5.028991028666496277e-02,1.081400886178016663e-01,1.302128881216049194e-01,1.273398995399475098e-01,1.560432463884353638e-01,1.161065301857888699e-03,1.539379656314849854e-01,9.612870216369628906e-02,6.503046303987503052e-02,5.947791412472724915e-02,2.511420547962188721e-01,7.035958021879196167e-02,3.325788974761962891e-01,3.433343768119812012e-01,1.237388253211975098e-01,-3.022637031972408295e-02,-4.281736165285110474e-02,5.438278242945671082e-02,5.381190404295921326e-02,1.102897748351097107e-01,2.534893155097961426e-01,2.275389581918716431e-01,-3.213588893413543701e-02,-3.546189144253730774e-02,8.359648287296295166e-02,5.080278590321540833e-02,-1.383207589387893677e-01,-7.775653153657913208e-02,4.456385597586631775e-02,3.427614644169807434e-02,6.786399986594915390e-03,-4.742108285427093506e-02,-2.001278661191463470e-02,1.629555523395538330e-01,-6.143072992563247681e-02,8.876609057188034058e-02,-1.813289709389209747e-02,-7.920095324516296387e-02
4.147669076919555664e-01,-2.069975249469280243e-02,-1.465619355440139771e-01,-6.464646011590957642e-02,2.635318934917449951e-01,2.655921876430511475e-01,-5.266888067126274109e-02,3.171541169285774231e-02,3.607028722763061523e-02,1.579381227493286133e-01,9.999995231628417969e-01,5.190610289573669434e-01,4.651775360107421875e-01,4.942467510700225830e-01,3.525580167770385742e-01,1.824346482753753662e-01,4.105189442634582520e-02,5.419394746422767639e-02,-6.824195384979248047e-02,-4.170006886124610901e-02,2.802845276892185211e-02,4.258577525615692139e-02,-6.629074364900588989e-02,-1.538573652505874634e-01,7.674071937799453735e-02,1.172413378953933716e-01,1.151316389441490173e-01,2.024452835321426392e-01,1.894466280937194824e-01,1.772869229316711426e-01,2.284526452422142029e-02,4.124654084444046021e-02,-8.788698911666870117e-02,-1.396895796060562134e-01,9.973220527172088623e-02,1.769859343767166138e-01,3.481537997722625732e-01,2.297273725271224976e-01,1.656846255064010620e-01,1.583889275789260864e-01,1.346198022365570068e-01,6.669992953538894653e-02,8.624139241874217987e-03,-6.937984377145767212e-02,1.643458753824234009e-01,2.611950226128101349e-02,8.895379304885864258e-02,-4.891223460435867310e-02,1.825940310955047607e-01,1.094642132520675659e-01,1.032190248370170593e-01,-7.495592534542083740e-02,2.561290562152862549e-01,2.782562077045440674e-01,2.663680613040924072e-01,1.801364421844482422e-01,2.895424664020538330e-01,9.098323434591293335e-02,3.614293336868286133e-01,4.447548687458038330e-01,4.794529974460601807e-01,4.491881430149078369e-01,4.011606574058532715e-01,3.625283241271972656e-01,2.027672529220581055e-01,1.121687889099121094e-01,3.597435653209686279e-01,2.312637567520141602e-01,3.670654892921447754e-01,1.893865317106246948e-01,-8.391234092414379120e-03,4.075254499912261963e-02,1.403743475675582886e-01,3.469661995768547058e-02,6.808397173881530762e-02,1.887901686131954193e-02,2.282412201166152954e-01,1.668053418397903442e-01,6.213454902172088623e-02,2.802194468677043915e-02,1.884751915931701660e-01,1.018354296684265137e-01,3.425239920616149902e-01,8.924356102943420410e-02,1.895398199558258057e-01,-2.155512943863868713e-02,4.726706072688102722e-02,-7.181867212057113647e-02,1.989159882068634033e-01,-9.996037930250167847e-02,2.493859678506851196e-01,1.223151609301567078e-01,-1.149527132511138916e-01,-2.102911621332168579e-01,1.421936899423599243e-01,1.293489634990692139e-01,1.263755708932876587e-01,6.040119379758834839e-02,1.352306008338928223e-01,8.269697427749633789e-02,-5.594716593623161316e-02,-4.867920279502868652e-02,6.275447458028793335e-02,7.297511398792266846e-02,-1.078759133815765381e-01,-1.288726627826690674e-01,2.660026252269744873e-01,1.849957704544067383e-01,1.033235490322113037e-01,6.409052014350891113e-02,9.482707083225250244e-02,-2.193474210798740387e-02,-1.892808675765991211e-01,-1.448401063680648804e-01,-1.140928640961647034e-01,2.945154160261154175e-02
5.902858376502990723e-01,2.083535939455032349e-01,-8.619884401559829712e-02,1.771542131900787354e-01,2.109267860651016235e-01,2.360989004373550415e-01,3.039880655705928802e-03,2.629876136779785156e-01,-1.601976715028285980e-02,6.333728134632110596e-02,5.190610289573669434e-01,1.000000000000000000e+00,3.468148708343505859e-01,6.733533740043640137e-01,1.856151074171066284e-01,1.396889537572860718e-01,-6.835198402404785156e-02,2.224892377853393555e-01,5.986471101641654968e-02,1.570640802383422852e-01,3.089895844459533691e-02,1.493222564458847046e-01,-2.053486742079257965e-02,8.463630080223083496e-02,5.073218047618865967e-02,2.008673846721649170e-01,8.464259095489978790e-03,1.698307842016220093e-01,1.807352006435394287e-01,3.587383031845092773e-01,7.988189905881881714e-02,2.546637654304504395e-01,1.725454330444335938e-01,1.056226938962936401e-01,8.055878430604934692e-02,2.491535991430282593e-01,4.174678027629852295e-01,3.927853107452392578e-01,3.625696301460266113e-01,3.938252329826354980e-01,2.927283346652984619e-01,2.511454820632934570e-01,7.273104973137378693e-03,-4.775610193610191345e-02,1.400746256113052368e-01,1.680333465337753296e-01,6.096807494759559631e-02,6.030466780066490173e-02,2.777564823627471924e-01,3.336120843887329102e-01,1.635622233152389526e-01,1.185674741864204407e-01,2.512548267841339111e-01,2.696896195411682129e-01,3.429588675498962402e-01,3.427203297615051270e-01,2.721367776393890381e-01,2.302152514457702637e-01,3.400858342647552490e-01,4.745304286479949951e-01,4.114807844161987305e-01,5.256795287132263184e-01,2.667870819568634033e-01,5.103043317794799805e-01,2.148886173963546753e-01,3.221288919448852539e-01,4.498315751552581787e-01,3.886633813381195068e-01,4.934301078319549561e-01,3.514884114265441895e-01,1.844866722822189331e-01,2.467642575502395630e-01,2.492354661226272583e-01,3.654666543006896973e-01,1.032332852482795715e-01,1.775838732719421387e-01,1.463878601789474487e-01,1.342181861400604248e-01,4.390398412942886353e-02,1.534025073051452637e-01,1.676577627658843994e-01,2.705276608467102051e-01,3.082988560199737549e-01,3.414885997772216797e-01,1.858130246400833130e-01,2.045843899250030518e-01,1.156322434544563293e-01,1.342231333255767822e-01,1.978355497121810913e-01,8.723536133766174316e-02,1.634244620800018311e-01,1.614189743995666504e-01,-1.080673709511756897e-01,2.353915013372898102e-02,1.380590200424194336e-01,8.056233823299407959e-02,1.043492630124092102e-01,1.375896185636520386e-01,7.949638366699218750e-02,1.430622041225433350e-01,6.564398296177387238e-03,8.201552927494049072e-02,2.547393180429935455e-02,1.670549809932708740e-01,-3.790943324565887451e-02,-6.279751658439636230e-02,3.263774216175079346e-01,2.836309075355529785e-01,2.618326805531978607e-03,1.002746149897575378e-01,1.174159571528434753e-01,-5.965732038021087646e-02,-8.977774530649185181e-02,-3.584900498390197754e-02,-8.721211552619934082e-02,2.342876978218555450e-02
2.434734404087066650e-01,3.608186962082982063e-03,-3.943838551640510559e-02,-1.283707469701766968e-01,1.676322370767593384e-01,6.814488023519515991e-02,2.145623415708541870e-01,3.611517325043678284e-02,4.146709293127059937e-02,-9.933275729417800903e-02,4.651775360107421875e-01,3.468148708343505859e-01,1.000000476837158203e+00,4.845248460769653320e-01,2.490832358598709106e-01,-7.192075997591018677e-02,8.228445425629615784e-03,2.186421118676662445e-02,-5.198725312948226929e-02,-2.952483296394348145e-02,1.251824945211410522e-01,1.336883902549743652e-01,-4.461179487407207489e-03,-2.819679677486419678e-01,1.683723777532577515e-01,1.293989270925521851e-01,1.715169996023178101e-01,1.456480938941240311e-02,3.356102406978607178e-01,2.603753507137298584e-01,9.492828696966171265e-02,5.971109494566917419e-03,-1.364022493362426758e-01,-1.281352192163467407e-01,2.928069978952407837e-02,3.826879709959030151e-02,2.836384475231170654e-01,2.322332859039306641e-01,2.400622665882110596e-01,2.136093825101852417e-01,1.387262642383575439e-01,1.363168209791183472e-01,-7.070647552609443665e-03,3.109634295105934143e-02,1.704788953065872192e-01,1.449064761400222778e-01,-3.306014090776443481e-02,3.901496902108192444e-02,7.882577180862426758e-02,1.810101270675659180e-01,-4.993328824639320374e-02,4.903979599475860596e-02,1.454590726643800735e-02,5.877771228551864624e-02,8.880456537008285522e-02,1.014960631728172302e-01,-4.189835488796234131e-02,-4.738262941827997565e-05,2.995218038558959961e-01,2.086729854345321655e-01,7.890401780605316162e-02,2.082043886184692383e-01,1.211738064885139465e-01,1.367925703525543213e-01,1.510870605707168579e-01,1.053380295634269714e-01,2.114831209182739258e-01,1.697149425745010376e-01,1.088703945279121399e-01,8.193903416395187378e-02,1.036241501569747925e-01,1.147176548838615417e-01,1.145022138953208923e-01,1.557652801275253296e-01,1.886732280254364014e-01,1.093239113688468933e-01,1.559592634439468384e-01,1.050600409507751465e-01,1.086364015936851501e-01,3.708004206418991089e-02,8.941950649023056030e-02,9.598873555660247803e-02,1.693371087312698364e-01,4.319024085998535156e-02,1.133466064929962158e-01,2.236687019467353821e-02,7.045574951916933060e-03,-9.685961157083511353e-02,-1.465122331865131855e-03,-7.648984342813491821e-02,-1.217983439564704895e-01,-5.673616752028465271e-02,-2.240060269832611084e-01,-1.492554694414138794e-01,2.871089279651641846e-01,1.881873160600662231e-01,1.518923342227935791e-01,6.091461703181266785e-02,-2.064387686550617218e-02,3.003259934484958649e-02,-1.268848627805709839e-01,-8.938766270875930786e-02,-1.609455496072769165e-01,-4.035980254411697388e-02,-2.610101923346519470e-02,-1.789702847599983215e-02,8.612449467182159424e-02,1.263717468827962875e-02,2.496756911277770996e-01,1.832555085420608521e-01,6.695499271154403687e-02,-8.749123662710189819e-02,-1.153624504804611206e-01,-1.606742590665817261e-01,-5.749607831239700317e-02,2.016614563763141632e-02
