9.999995231628417969e-01,5.448960661888122559e-01,3.820822834968566895e-01,3.434814512729644775e-01,6.324081122875213623e-02,1.037542000412940979e-01,5.463538169860839844e-01,3.159117698669433594e-01,-1.387544423341751099e-01,-2.950888313353061676e-02,2.617682218551635742e-01,2.108709365129470825e-01,4.045674204826354980e-01,1.391406059265136719e-01,-3.753557428717613220e-02,-1.128885298967361450e-01,2.954372763633728027e-01,2.552709877490997314e-01,4.129436612129211426e-01,5.005878806114196777e-01,2.235361635684967041e-01,2.117993533611297607e-01,3.998563587665557861e-01,3.287093639373779297e-01,2.174345999956130981e-01,2.440968453884124756e-01,2.846620678901672363e-01,2.257669717073440552e-01,2.270021587610244751e-01,2.979050874710083008e-01,4.245920181274414062e-01,4.232050180435180664e-01,2.266275584697723389e-01,2.553523182868957520e-01,3.471392095088958740e-01,2.484587877988815308e-01,1.151068210601806641e-01,-3.336180374026298523e-02,8.143632858991622925e-02,-9.199026972055435181e-02,-3.103566123172640800e-03,4.487827885895967484e-03,7.230466697365045547e-03,6.379736959934234619e-02,-1.466016322374343872e-01,-1.423476338386535645e-01,4.231957346200942993e-02,6.259208917617797852e-02,-1.071875393390655518e-01,-1.521017402410507202e-01,-1.015984639525413513e-01,-1.660910807549953461e-02,-1.220246683806180954e-02,1.392661482095718384e-01,-7.965964265167713165e-03,-1.457501947879791260e-01,4.889541566371917725e-01,3.805963397026062012e-01,1.740110963582992554e-01,9.552324563264846802e-02,7.651246339082717896e-02,2.942160936072468758e-03,2.591211348772048950e-02,1.338178962469100952e-01,-4.745547845959663391e-02,-1.443663835525512695e-01,2.117436677217483521e-01,1.311865597963333130e-01,3.744199275970458984e-01,3.195467889308929443e-01,3.301438689231872559e-01,3.056693673133850098e-01,8.234608918428421021e-02,1.888591647148132324e-01,6.138074025511741638e-02,-1.012455788441002369e-03,2.650099992752075195e-01,1.539134681224822998e-01,4.420735836029052734e-01,3.650693893432617188e-01,2.766442298889160156e-01,2.248330116271972656e-01,1.965659856796264648e-02,1.168464031070470810e-02,1.515267938375473022e-01,1.361923664808273315e-01,3.795373439788818359e-02,-7.954038679599761963e-03,1.872647553682327271e-01,-2.665694802999496460e-02,-1.574446111917495728e-01,-1.441500931978225708e-01,-2.421938627958297729e-01,-2.097774296998977661e-01,8.662254363298416138e-02,1.198659315705299377e-01,3.362174928188323975e-01,2.428821623325347900e-01,-1.598963700234889984e-02,-5.031125620007514954e-02,-1.632111072540283203e-01,-1.470404565334320068e-01,5.509558692574501038e-02,-6.450191885232925415e-02,1.871240735054016113e-01,1.048216819763183594e-01,1.281803101301193237e-01,7.055579870939254761e-02,1.935068666934967041e-01,2.579028010368347168e-01,3.992614746093750000e-01,2.126073241233825684e-01,1.893543079495429993e-02,4.053961858153343201e-02,4.216355830430984497e-02,1.228871494531631470e-01
5.448960661888122559e-01,9.999996423721313477e-01,3.549274504184722900e-01,5.367183089256286621e-01,2.020925879478454590e-01,3.626532256603240967e-01,5.448490381240844727e-01,6.005471944808959961e-01,-6.706126779317855835e-02,1.383253037929534912e-01,2.359127998352050781e-01,3.022634088993072510e-01,4.062907397747039795e-01,2.934820950031280518e-01,-9.347410500049591064e-02,-6.612563878297805786e-02,2.453854382038116455e-01,3.003156781196594238e-01,2.520397603511810303e-01,3.315951824188232422e-01,2.211068719625473022e-01,2.530907094478607178e-01,5.264959931373596191e-01,5.221024155616760254e-01,3.799983561038970947e-01,4.441896378993988037e-01,3.780589401721954346e-01,4.268650710582733154e-01,1.128369718790054321e-01,3.131554424762725830e-01,4.691199064254760742e-01,5.494967103004455566e-01,2.504940330982208252e-01,3.157661855220794678e-01,2.076322436332702637e-01,1.907978206872940063e-01,3.538121655583381653e-02,1.587267816066741943e-01,1.022230759263038635e-01,8.455820381641387939e-02,-8.060652017593383789e-02,9.229764342308044434e-02,-2.574522607028484344e-02,1.585574597120285034e-01,-5.551053211092948914e-02,-4.262435808777809143e-02,4.008795320987701416e-02,2.109334021806716919e-01,-1.472620293498039246e-02,-6.175966933369636536e-02,-9.439723193645477295e-02,9.994281828403472900e-02,-2.103766240179538727e-02,1.953670084476470947e-01,-1.147052794694900513e-01,-2.841881103813648224e-02,4.800558388233184814e-01,6.193924546241760254e-01,2.941548824310302734e-01,1.888681799173355103e-01,1.372265368700027466e-01,2.274844199419021606e-01,2.886139787733554840e-02,4.218705296516418457e-01,-8.563116192817687988e-02,4.092774540185928345e-02,2.589550614356994629e-01,2.323223352432250977e-01,1.591119021177291870e-01,1.209532693028450012e-01,3.450217545032501221e-01,3.571020364761352539e-01,1.199923530220985413e-01,2.104171216487884521e-01,1.382957398891448975e-01,1.403951197862625122e-01,2.825101613998413086e-01,2.476720809936523438e-01,3.446259200572967529e-01,3.283117413520812988e-01,2.661633193492889404e-01,4.819245040416717529e-01,-6.756445020437240601e-02,2.471724301576614380e-01,-4.461847990751266479e-02,3.550090491771697998e-01,9.213119046762585640e-04,2.071484178304672241e-01,7.992610335350036621e-02,2.122171670198440552e-01,-2.183384001255035400e-01,5.314743891358375549e-02,-3.540938794612884521e-01,-1.566833853721618652e-01,1.617126166820526123e-01,2.581766843795776367e-01,3.184422254562377930e-01,4.405195415019989014e-01,-4.617280885577201843e-02,4.549878463149070740e-02,-2.440228313207626343e-01,-2.214253097772598267e-01,8.001274615526199341e-02,-1.807635277509689331e-02,2.484180629253387451e-01,1.361269354820251465e-01,1.122491881251335144e-01,2.284200340509414673e-01,2.290831059217453003e-01,3.590397834777832031e-01,5.037030577659606934e-01,3.413337767124176025e-01,2.026199921965599060e-02,6.511076539754867554e-02,7.187800109386444092e-02,1.731405705213546753e-01
3.820822834968566895e-01,3.549274504184722900e-01,9.999998807907104492e-01,4.775464236736297607e-01,3.010628521442413330e-01,2.361427396535873413e-01,5.225169658660888672e-01,3.506469726562500000e-01,9.730533510446548462e-02,8.770944923162460327e-02,2.288078665733337402e-01,1.508691161870956421e-01,4.274851679801940918e-01,7.913545519113540649e-02,1.146946474909782410e-01,-1.003131642937660217e-01,2.529044747352600098e-01,2.479388862848281860e-01,8.860525488853454590e-02,1.684576570987701416e-01,1.888287216424942017e-01,2.557117044925689697e-01,6.186328530311584473e-01,4.951783418655395508e-01,2.807466685771942139e-01,2.732388973236083984e-01,3.489571511745452881e-01,3.534546792507171631e-01,1.711703836917877197e-01,8.418901264667510986e-02,4.346095919609069824e-01,4.831902086734771729e-01,2.066160738468170166e-01,2.838350832462310791e-01,5.390476435422897339e-02,7.467551529407501221e-02,2.408075518906116486e-02,-1.519360765814781189e-02,3.981523215770721436e-02,-8.042493718676269054e-04,-2.201770991086959839e-02,-8.222627453505992889e-03,-6.712602078914642334e-02,4.569423198699951172e-02,-4.606532678008079529e-02,-4.890725761651992798e-02,-1.614096574485301971e-03,1.107546221464872360e-02,-2.393286488950252533e-02,-1.835702359676361084e-02,-3.909343108534812927e-02,2.187401615083217621e-02,-4.326140508055686951e-02,-1.076168715953826904e-01,-9.091105312108993530e-02,-1.367504596710205078e-01,3.421604335308074951e-01,2.459882050752639771e-01,2.450956404209136963e-02,-4.002757743000984192e-02,3.748678043484687805e-02,-4.877544566988945007e-02,6.689522415399551392e-02,1.839564442634582520e-01,-9.396879374980926514e-02,-1.693280786275863647e-01,1.277710124850273132e-02,-1.511491741985082626e-02,7.098019123077392578e-02,4.679620638489723206e-02,3.139016032218933105e-01,2.006686627864837646e-01,5.364848300814628601e-03,1.458292361348867416e-02,4.357108473777770996e-02,-5.893763899803161621e-02,1.509472131729125977e-01,3.970979154109954834e-02,3.032235205173492432e-01,2.536225616931915283e-01,2.425437122583389282e-01,2.225971966981887817e-01,2.263582646846771240e-01,6.650464981794357300e-02,-3.982867673039436340e-02,-7.037633657455444336e-02,1.296059638261795044e-01,2.340576983988285065e-02,1.880268007516860962e-01,-6.249155849218368530e-02,-8.597800135612487793e-02,-1.074002832174301147e-01,-2.159522026777267456e-01,-2.639023661613464355e-01,4.173415526747703552e-02,5.226878821849822998e-02,1.091406494379043579e-01,1.140888854861259460e-01,-7.589861750602722168e-02,-8.860243111848831177e-02,-1.274210661649703979e-01,-1.472138762474060059e-01,-3.560345247387886047e-02,-4.257147014141082764e-02,3.025165945291519165e-02,-1.371159963309764862e-02,-3.979044035077095032e-03,5.063751339912414551e-02,1.304190903902053833e-01,1.973591446876525879e-01,2.192076593637466431e-01,9.166785329580307007e-02,-8.525086194276809692e-02,-8.015839755535125732e-02,-5.118792131543159485e-02,1.039575319737195969e-02
3.434814512729644775e-01,5.367183089256286621e-01,4.775464236736297607e-01,1.000000238418579102e+00,1.531490981578826904e-01,2.408476769924163818e-01,5.582439303398132324e-01,5.914832949638366699e-01,-3.226339071989059448e-02,5.369332805275917053e-02,2.116802036762237549e-01,2.084622979164123535e-01,3.469149470329284668e-01,2.444312274456024170e-01,-1.127777434885501862e-02,-4.813588224351406097e-03,2.772956788539886475e-01,3.650338947772979736e-01,2.579452395439147949e-01,2.758390605449676514e-01,1.920633763074874878e-01,2.889514267444610596e-01,4.858279824256896973e-01,5.320959687232971191e-01,2.626973092555999756e-01,2.985702753067016602e-01,3.479120731353759766e-01,4.267458617687225342e-01,1.876324713230133057e-01,2.992689311504364014e-01,4.429759681224822998e-01,5.466837882995605469e-01,2.883506417274475098e-01,3.551574349403381348e-01,1.525658220052719116e-01,2.426328510046005249e-01,2.874998375773429871e-02,1.283902078866958618e-01,7.658188045024871826e-02,1.089333146810531616e-01,-1.355118211358785629e-02,1.157395839691162109e-01,1.365886181592941284e-01,2.591243684291839600e-01,-1.220725178718566895e-01,1.038441341370344162e-02,1.133561432361602783e-01,2.439373731613159180e-01,6.213545799255371094e-03,1.500201318413019180e-02,-9.100728784687817097e-04,9.792274236679077148e-02,-2.689814753830432892e-02,9.067417681217193604e-02,-8.328580111265182495e-02,8.547338843345642090e-02,3.584609329700469971e-01,4.990161955356597900e-01,1.975640505552291870e-01,2.590111792087554932e-01,-5.844749975949525833e-03,1.730291098356246948e-01,-4.664887115359306335e-02,3.560132086277008057e-01,-2.238582521677017212e-01,-3.856880962848663330e-02,1.800058186054229736e-01,2.349705100059509277e-01,5.751254782080650330e-02,9.750792384147644043e-02,4.330937564373016357e-01,4.176481664180755615e-01,1.107325553894042969e-01,1.337375342845916748e-01,1.407297104597091675e-01,7.489674538373947144e-02,2.269285023212432861e-01,2.757169008255004883e-01,3.038310408592224121e-01,3.472241759300231934e-01,2.129051983356475830e-01,3.851392269134521484e-01,7.279215008020401001e-02,2.090997397899627686e-01,-8.280397951602935791e-02,1.817411780357360840e-01,6.617084890604019165e-02,2.492904067039489746e-01,1.998906396329402924e-02,2.242366075515747070e-01,-6.858556717634201050e-02,2.026294916868209839e-01,-2.416397184133529663e-01,-8.782297372817993164e-02,7.269705086946487427e-02,2.027552872896194458e-01,2.738278210163116455e-01,3.740611970424652100e-01,3.507984057068824768e-02,1.408605277538299561e-01,-1.609643697738647461e-01,-8.836835622787475586e-02,6.641322374343872070e-02,2.354536764323711395e-02,1.619886010885238647e-01,7.938835769891738892e-02,1.136980801820755005e-01,2.334125787019729614e-01,1.456109136343002319e-01,3.378591537475585938e-01,4.238425195217132568e-01,3.029972910881042480e-01,8.359875530004501343e-02,3.169372305274009705e-02,7.210032641887664795e-02,6.757112592458724976e-02
6.324081122875213623e-02,2.020925879478454590e-01,3.010628521442413330e-01,1.531490981578826904e-01,9.999997019767761230e-01,6.328126192092895508e-01,1.475018858909606934e-01,2.494609504938125610e-01,5.722060203552246094e-01,5.547739267349243164e-01,4.856273531913757324e-02,5.109576135873794556e-02,3.326717019081115723e-01,1.308904290199279785e-01,3.432900905609130859e-01,1.804954558610916138e-01,4.019510000944137573e-03,7.240376621484756470e-02,-1.694052666425704956e-01,-9.142696857452392578e-03,1.982605755329132080e-01,1.537242978811264038e-01,4.531622827053070068e-01,4.870668053627014160e-01,6.451970934867858887e-01,6.051754951477050781e-01,5.785350799560546875e-01,4.974105656147003174e-01,-1.387968938797712326e-02,-2.891807118430733681e-03,4.314453005790710449e-01,3.435887396335601807e-01,3.179456293582916260e-02,6.928044557571411133e-02,-2.210026979446411133e-01,-2.073149830102920532e-01,-1.094411090016365051e-01,6.325520575046539307e-02,-9.852685779333114624e-02,1.535582691431045532e-01,-1.862003803253173828e-01,1.128233596682548523e-01,-2.439885586500167847e-01,-1.494924426078796387e-01,1.584404855966567993e-01,1.110635250806808472e-01,-6.204204633831977844e-02,-1.502552628517150879e-02,3.553041070699691772e-02,1.036330312490463257e-01,-2.956837415695190430e-02,6.287643313407897949e-02,5.795331299304962158e-02,2.088863216340541840e-02,-1.227706968784332275e-01,-7.435588538646697998e-02,1.483615338802337646e-01,2.994349971413612366e-02,-6.544785574078559875e-03,-1.979726254940032959e-01,9.980342350900173187e-03,-8.918845653533935547e-02,-4.022954497486352921e-03,1.954257488250732422e-01,-5.282081291079521179e-02,-4.091176390647888184e-02,-2.531682886183261871e-02,-1.382328122854232788e-01,-1.913012377917766571e-02,-4.581902176141738892e-02,-9.835457056760787964e-02,-1.166965737938880920e-01,-4.182615131139755249e-02,-1.329676061868667603e-01,9.137151762843132019e-03,-5.988780409097671509e-02,-7.853552699089050293e-02,-7.006950676441192627e-02,4.093098640441894531e-02,4.790030047297477722e-02,8.904276043176651001e-02,1.542059183120727539e-01,3.813771903514862061e-01,3.889657258987426758e-01,-6.048310175538063049e-02,1.628752499818801880e-01,3.194740414619445801e-01,2.686698138713836670e-01,3.257186114788055420e-01,1.739325225353240967e-01,-6.929149478673934937e-02,-2.909139357507228851e-02,-2.013656497001647949e-01,-1.993193477392196655e-01,-4.074303060770034790e-02,1.347408741712570190e-01,-3.776792064309120178e-02,1.573077291250228882e-01,-1.317071169614791870e-01,-1.802961528301239014e-01,-9.809668362140655518e-02,-2.189614176750183105e-01,-9.616787731647491455e-02,-1.145826950669288635e-01,-2.112617157399654388e-02,-1.833686828613281250e-01,2.795177139341831207e-02,2.346794158220291138e-01,9.301941096782684326e-02,1.070780456066131592e-01,9.694308042526245117e-02,1.276629120111465454e-01,-1.712763756513595581e-01,-9.329641610383987427e-02,-1.343954205513000488e-01,-2.448851428925991058e-02
1.037542000412940979e-01,3.626532256603240967e-01,2.361427396535873413e-01,2.408476769924163818e-01,6.328126192092895508e-01,1.000000119209289551e+00,1.668568700551986694e-01,4.101434946060180664e-01,3.614519536495208740e-01,6.136396527290344238e-01,3.703176230192184448e-02,1.235665753483772278e-01,2.781270742416381836e-01,2.272660285234451294e-01,1.179578602313995361e-01,1.914548873901367188e-01,-1.700850762426853180e-02,4.879356920719146729e-02,-1.461356133222579956e-01,8.161495439708232880e-03,1.129627749323844910e-01,1.721055507659912109e-01,4.960320591926574707e-01,5.498750805854797363e-01,6.678211092948913574e-01,6.914702653884887695e-01,5.262354612350463867e-01,6.086507439613342285e-01,-1.061752960085868835e-01,4.694094508886337280e-02,3.970830142498016357e-01,4.188968539237976074e-01,7.676530629396438599e-02,1.237205788493156433e-01,-1.078012883663177490e-01,-7.549609988927841187e-02,-6.458900868892669678e-02,1.118417531251907349e-01,-1.194780319929122925e-01,1.105039790272712708e-01,-1.994366198778152466e-01,1.586661934852600098e-01,-2.390762865543365479e-01,-3.125239536166191101e-02,1.788285374641418457e-01,1.492300778627395630e-01,-2.545316703617572784e-02,1.059154570102691650e-01,1.247464045882225037e-01,1.248177438974380493e-01,5.246069282293319702e-02,1.981779932975769043e-01,1.167305111885070801e-01,1.349441260099411011e-01,-1.621091812849044800e-01,-2.002816274762153625e-02,1.658571511507034302e-01,1.487120091915130615e-01,1.276643425226211548e-01,-1.765325367450714111e-01,1.633797287940979004e-01,1.393840312957763672e-01,1.198475807905197144e-02,3.783209025859832764e-01,7.475718855857849121e-02,9.941812604665756226e-02,1.063870713114738464e-01,-5.332919582724571228e-02,-1.877719163894653320e-02,-4.950760304927825928e-02,-8.976784348487854004e-02,-5.831358581781387329e-02,-5.281354859471321106e-02,-1.177882310003042221e-02,-7.754487916827201843e-03,5.365272611379623413e-02,1.823938265442848206e-02,7.727349549531936646e-02,4.281370341777801514e-02,6.516373902559280396e-02,6.107321381568908691e-02,2.502534985542297363e-01,1.560764461755752563e-01,5.736862421035766602e-01,-1.017092987895011902e-01,2.452318966388702393e-01,1.441182345151901245e-01,3.781749308109283447e-01,2.021513879299163818e-01,2.452234327793121338e-01,-1.973487734794616699e-01,2.045733109116554260e-02,-3.476347923278808594e-01,-1.500153094530105591e-01,2.943846397101879120e-02,2.149895727634429932e-01,2.631064690649509430e-02,2.612982094287872314e-01,-1.248951479792594910e-01,-1.214070618152618408e-01,-2.400031387805938721e-01,-2.850864529609680176e-01,-7.779563963413238525e-02,-1.519707441329956055e-01,7.181978970766067505e-02,-1.511183828115463257e-01,6.114031746983528137e-02,2.471117973327636719e-01,1.551389843225479126e-01,2.275315374135971069e-01,2.254245579242706299e-01,2.114220857620239258e-01,-1.760550141334533691e-01,-9.501322358846664429e-02,-1.444240212440490723e-01,-1.499680709093809128e-02
5.463538169860839844e-01,5.448490381240844727e-01,5.225169658660888672e-01,5.582439303398132324e-01,1.475018858909606934e-01,1.668568700551986694e-01,1.000000119209289551e+00,5.489760637283325195e-01,-8.615755289793014526e-02,-5.092403292655944824e-02,3.552281558513641357e-01,2.848220467567443848e-01,5.240091681480407715e-01,2.726389765739440918e-01,5.132877081632614136e-02,-4.417256638407707214e-02,3.674691915512084961e-01,3.599300086498260498e-01,3.167657256126403809e-01,2.940130233764648438e-01,2.897632718086242676e-01,2.848322689533233643e-01,4.673336446285247803e-01,4.072199165821075439e-01,2.486624121665954590e-01,2.585579454898834229e-01,3.880171179771423340e-01,3.821869790554046631e-01,3.274617791175842285e-01,3.522963523864746094e-01,4.909178316593170166e-01,5.104591846466064453e-01,3.483589291572570801e-01,3.932242691516876221e-01,2.122995555400848389e-01,1.651770323514938354e-01,1.053473651409149170e-01,1.122443750500679016e-01,1.537196487188339233e-01,3.624441474676132202e-02,2.573397010564804077e-02,1.010637581348419189e-01,1.315765082836151123e-01,1.853972077369689941e-01,-1.373379528522491455e-01,-1.272272039204835892e-02,3.572824224829673767e-02,9.326060861349105835e-02,-1.086728647351264954e-02,-6.056619342416524887e-03,-1.186455320566892624e-02,4.893041402101516724e-02,-9.369802661240100861e-03,1.107870861887931824e-01,-1.706979353912174702e-03,-4.784496873617172241e-02,5.338580608367919922e-01,5.005760788917541504e-01,2.494228333234786987e-01,2.827626764774322510e-01,1.088530197739601135e-01,9.093308448791503906e-02,1.835964322090148926e-01,3.367158174514770508e-01,-1.099812611937522888e-01,-5.722913891077041626e-02,1.541832238435745239e-01,1.996374428272247314e-01,6.767057627439498901e-02,8.853571116924285889e-02,5.167530179023742676e-01,4.420477449893951416e-01,2.104500979185104370e-01,2.518066763877868652e-01,1.813867390155792236e-01,1.279684752225875854e-01,3.430848717689514160e-01,2.849018871784210205e-01,4.375906884670257568e-01,4.403649568557739258e-01,3.840505182743072510e-01,4.009151160717010498e-01,1.902264505624771118e-01,1.118331775069236755e-01,1.442081630229949951e-01,1.580768227577209473e-01,1.225028336048126221e-01,1.129368692636489868e-01,1.904948502779006958e-01,1.140543073415756226e-01,-2.150889113545417786e-02,4.945733025670051575e-02,-2.071693837642669678e-01,-2.255568206310272217e-01,1.117382422089576721e-01,1.534053385257720947e-01,3.158939778804779053e-01,2.848675251007080078e-01,-1.477371994405984879e-02,4.194435197860002518e-03,-1.300011724233627319e-01,-1.214365586638450623e-01,1.568875461816787720e-01,-2.912989817559719086e-02,2.274900972843170166e-01,1.583476811647415161e-01,2.083321660757064819e-01,1.704088747501373291e-01,1.515159755945205688e-01,2.458768039941787720e-01,4.246546924114227295e-01,1.874445825815200806e-01,1.728304661810398102e-02,1.815142482519149780e-02,1.111062765121459961e-01,1.502469629049301147e-01
3.159117698669433594e-01,6.005471944808959961e-01,3.506469726562500000e-01,5.914832949638366699e-01,2.494609504938125610e-01,4.101434946060180664e-01,5.489760637283325195e-01,9.999996423721313477e-01,1.940977014601230621e-02,2.499786913394927979e-01,2.202841341495513916e-01,3.766346275806427002e-01,4.139406383037567139e-01,4.981314241886138916e-01,-5.676332488656044006e-02,6.675827503204345703e-02,1.985333710908889771e-01,3.337758779525756836e-01,1.304191499948501587e-01,1.698412001132965088e-01,1.630420684814453125e-01,2.142460197210311890e-01,4.559319615364074707e-01,5.528555512428283691e-01,3.961851596832275391e-01,4.384752511978149414e-01,3.933162987232208252e-01,5.280905365943908691e-01,7.917799800634384155e-02,3.432091772556304932e-01,3.739758133888244629e-01,4.782720208168029785e-01,1.686421483755111694e-01,2.453358173370361328e-01,4.992872104048728943e-02,6.285636126995086670e-02,-2.436083741486072540e-02,1.368901431560516357e-01,2.149093709886074066e-02,7.392224669456481934e-02,-7.959794998168945312e-02,1.566533595323562622e-01,-1.611128635704517365e-02,1.332628577947616577e-01,-6.073036044836044312e-02,5.544944107532501221e-02,-9.256827086210250854e-02,6.637749075889587402e-02,7.008857280015945435e-02,5.479457601904869080e-02,9.610198438167572021e-03,5.570705235004425049e-02,-3.215241059660911560e-02,8.400826901197433472e-02,-2.245513051748275757e-01,-1.028420962393283844e-02,3.031106293201446533e-01,4.604137241840362549e-01,2.882836759090423584e-01,1.551636904478073120e-01,1.343202143907546997e-01,2.389800846576690674e-01,4.337614402174949646e-02,5.362125635147094727e-01,-8.461578935384750366e-02,7.330946624279022217e-02,1.310718506574630737e-01,8.532563596963882446e-02,1.112076640129089355e-02,6.300864042714238167e-04,2.760195434093475342e-01,3.470801115036010742e-01,7.496264576911926270e-02,1.428670883178710938e-01,1.056521460413932800e-01,1.288324445486068726e-01,1.784030050039291382e-01,2.376015186309814453e-01,2.997490763664245605e-01,3.632977008819580078e-01,2.352522164583206177e-01,4.840249121189117432e-01,3.053986653685569763e-02,3.945838809013366699e-01,-1.429685503244400024e-01,2.172015458345413208e-01,8.876034617424011230e-02,4.062753915786743164e-01,-5.162560567259788513e-02,2.480421513319015503e-01,-2.313275933265686035e-01,1.310703605413436890e-01,-4.290164411067962646e-01,-2.114109396934509277e-01,1.819713227450847626e-02,1.788182109594345093e-01,9.763216227293014526e-02,2.453949898481369019e-01,-2.168024033308029175e-01,-8.895304799079895020e-02,-3.370013535022735596e-01,-2.292184680700302124e-01,-4.035561904311180115e-02,-9.570125490427017212e-02,1.497677266597747803e-01,2.490696310997009277e-02,1.155806928873062134e-01,2.607949376106262207e-01,1.682382822036743164e-01,2.724701166152954102e-01,3.140610456466674805e-01,1.856290698051452637e-01,-5.259331688284873962e-02,-1.094252243638038635e-01,7.074641529470682144e-03,8.989690989255905151e-02
-1.387544423341751099e-01,-6.706126779317855835e-02,9.730533510446548462e-02,-3.226339071989059448e-02,5.722060203552246094e-01,3.614519536495208740e-01,-8.615755289793014526e-02,1.940977014601230621e-02,1.000000119209289551e+00,5.302302837371826172e-01,1.094029322266578674e-01,4.098143428564071655e-02,1.920503526926040649e-01,4.308972135186195374e-02,5.609530806541442871e-01,3.333523869514465332e-01,7.939090020954608917e-03,5.894481204450130463e-03,-1.900680810213088989e-01,-1.352789252996444702e-01,1.722927838563919067e-01,1.052806079387664795e-01,1.107288450002670288e-01,1.426102221012115479e-01,3.689715862274169922e-01,3.201353847980499268e-01,2.318997681140899658e-01,1.787657588720321655e-01,7.627018541097640991e-02,-6.054699048399925232e-02,2.342521399259567261e-01,1.630547344684600830e-01,-4.329380393028259277e-02,-2.632850408554077148e-02,-2.265519797801971436e-01,-2.060244083404541016e-01,-3.934073075652122498e-02,3.541933372616767883e-02,1.662478595972061157e-02,1.979313045740127563e-01,-1.486870795488357544e-01,3.530606254935264587e-02,-1.892477422952651978e-01,-2.297496348619461060e-01,2.165657281875610352e-01,8.147638291120529175e-02,-2.919511869549751282e-02,-8.445376902818679810e-02,-4.371870309114456177e-02,4.992365092039108276e-02,-1.442132890224456787e-01,-1.030979603528976440e-01,-1.245068833231925964e-01,-1.287412792444229126e-01,-7.044100761413574219e-02,-9.437664598226547241e-02,-2.056231722235679626e-02,-1.176430433988571167e-01,-1.261376589536666870e-01,-1.806818693876266479e-01,-1.003968939185142517e-01,-1.613977849483489990e-01,-5.490252748131752014e-02,-9.308022446930408478e-03,-1.144277602434158325e-01,-1.444202363491058350e-01,-1.303241401910781860e-01,-2.098380029201507568e-01,-6.616526842117309570e-02,-7.199101150035858154e-02,-1.273034363985061646e-01,-1.065991222858428955e-01,3.291546180844306946e-02,-7.045435160398483276e-02,2.742559649050235748e-02,-6.622903794050216675e-02,-1.270250380039215088e-01,-1.096020489931106567e-01,-9.992518275976181030e-02,-1.178820505738258362e-01,6.339082960039377213e-03,1.740958727896213531e-02,3.541015982627868652e-01,2.237737327814102173e-01,3.626627847552299500e-02,1.058408692479133606e-01,3.879157006740570068e-01,2.450040727853775024e-01,2.961477935314178467e-01,1.500541269779205322e-01,1.227883920073509216e-01,-3.832184942439198494e-03,-4.346135258674621582e-02,-1.507514864206314087e-01,1.179551705718040466e-02,3.286291286349296570e-02,-1.485725790262222290e-01,-3.485022857785224915e-02,-2.369635185459628701e-04,-7.418154925107955933e-02,1.017377823591232300e-01,-1.292904764413833618e-01,6.721427198499441147e-03,-6.383482366800308228e-03,-2.661502547562122345e-02,-1.553731560707092285e-01,3.926186636090278625e-02,1.577231138944625854e-01,5.749443918466567993e-02,-2.474895212799310684e-03,-1.327484101057052612e-01,-8.248085528612136841e-02,-1.033960729837417603e-01,-9.248211979866027832e-02,-5.810120329260826111e-02,1.112860348075628281e-02
-2.950888313353061676e-02,1.383253037929534912e-01,8.770944923162460327e-02,5.369332805275917053e-02,5.547739267349243164e-01,6.136396527290344238e-01,-5.092403292655944824e-02,2.499786913394927979e-01,5.302302837371826172e-01,9.999999403953552246e-01,9.957195073366165161e-02,1.712429374456405640e-01,1.419848501682281494e-01,2.177809178829193115e-01,2.021848261356353760e-01,3.773525953292846680e-01,-8.421338163316249847e-03,1.920232176780700684e-02,-1.969334185123443604e-01,-7.867384701967239380e-02,1.610846966505050659e-01,1.711795926094055176e-01,2.111974656581878662e-01,3.095458149909973145e-01,5.109969973564147949e-01,5.161394476890563965e-01,3.545921742916107178e-01,3.670478463172912598e-01,-6.850358098745346069e-02,1.408116985112428665e-02,2.585111260414123535e-01,2.564267218112945557e-01,-6.979996338486671448e-03,5.159529857337474823e-03,-1.412554532289505005e-01,-1.311582922935485840e-01,-7.343113422393798828e-02,9.030643850564956665e-02,-6.556093692779541016e-02,1.634768694639205933e-01,-2.057155668735504150e-01,1.248885989189147949e-01,-2.560054957866668701e-01,-1.860219687223434448e-01,1.638247668743133545e-01,9.446518868207931519e-02,-3.858024999499320984e-02,1.845654658973217010e-02,-6.740073673427104950e-03,9.264288097620010376e-02,-5.096759181469678879e-03,6.497196108102798462e-02,3.457519784569740295e-02,2.827390655875205994e-02,-1.682421714067459106e-01,-3.272076696157455444e-02,4.896458238363265991e-02,-1.580971293151378632e-02,-2.498717606067657471e-02,-2.545358538627624512e-01,7.969335466623306274e-02,1.691808551549911499e-02,-1.166708096861839294e-01,1.559117436408996582e-01,3.629345074295997620e-02,2.554333023726940155e-02,4.700980614870786667e-03,-1.668452620506286621e-01,-1.791529916226863861e-02,-5.478531122207641602e-02,-2.002431899309158325e-01,-1.032977625727653503e-01,-7.953346520662307739e-02,-4.293494671583175659e-02,-3.743548691272735596e-02,5.695239640772342682e-03,-8.490493893623352051e-02,-1.098469365388154984e-02,-1.022191271185874939e-01,-4.587931931018829346e-02,-1.265975553542375565e-02,1.512562483549118042e-01,8.940488100051879883e-02,4.714377820491790771e-01,-1.190108153969049454e-02,2.394211441278457642e-01,1.535343676805496216e-01,3.726205229759216309e-01,1.448062807321548462e-01,2.088627368211746216e-01,-1.466244459152221680e-01,-2.490234095603227615e-03,-3.102523684501647949e-01,-1.195478215813636780e-01,-2.377308532595634460e-02,9.913639724254608154e-02,-9.941993653774261475e-02,8.100835978984832764e-02,-8.749829232692718506e-02,-7.034362107515335083e-02,-1.788366138935089111e-01,-1.759977042675018311e-01,-5.222171545028686523e-02,-2.786811813712120056e-02,4.768127202987670898e-02,-9.486191719770431519e-02,-2.272830158472061157e-02,1.546086817979812622e-01,4.872111231088638306e-02,9.395174682140350342e-02,5.145689472556114197e-03,6.598289310932159424e-02,-1.063106507062911987e-01,-5.964418873190879822e-02,-5.410312488675117493e-02,2.461992204189300537e-02
2.617682218551635742e-01,2.359127998352050781e-01,2.288078665733337402e-01,2.116802036762237549e-01,4.856273531913757324e-02,3.703176230192184448e-02,3.552281558513641357e-01,2.202841341495513916e-01,1.094029322266578674e-01,9.957195073366165161e-02,9.999999403953552246e-01,4.367223978042602539e-01,4.429154694080352783e-01,1.957420110702514648e-01,1.001418083906173706e-01,4.342421144247055054e-02,5.636924505233764648e-01,4.534826874732971191e-01,1.015439778566360474e-01,1.310738176107406616e-01,2.409832924604415894e-01,2.458532154560089111e-01,1.534393727779388428e-01,1.263438165187835693e-01,4.596282169222831726e-02,3.694337606430053711e-02,1.001634746789932251e-01,9.413015097379684448e-02,3.544958233833312988e-01,2.391122430562973022e-01,3.350220024585723877e-01,3.470659255981445312e-01,2.408533096313476562e-01,2.647389471530914307e-01,1.806211322546005249e-01,9.586329013109207153e-02,8.304863423109054565e-02,3.128262236714363098e-02,1.765057295560836792e-01,5.280967801809310913e-02,-5.413046479225158691e-02,2.824407129082828760e-04,1.272689402103424072e-01,5.064959451556205750e-02,-2.184440009295940399e-02,-4.562941193580627441e-02,4.747765138745307922e-02,2.601310797035694122e-02,-6.866361945867538452e-02,-8.791627734899520874e-02,-1.097286269068717957e-01,-1.101801097393035889e-01,-1.697562336921691895e-01,-1.245039552450180054e-01,1.293872669339179993e-02,-9.127239882946014404e-02,1.873906701803207397e-01,1.936488747596740723e-01,-8.771028369665145874e-02,-6.239180639386177063e-02,-1.000023707747459412e-01,-3.863206878304481506e-02,3.140183631330728531e-03,6.385914236307144165e-02,-1.489923894405364990e-01,-2.044414579868316650e-01,6.687700748443603516e-02,1.807379536330699921e-02,1.859884709119796753e-03,1.874857023358345032e-02,2.114430069923400879e-01,2.551314234733581543e-01,6.966532021760940552e-02,1.771259754896163940e-01,3.344709426164627075e-02,5.049848929047584534e-02,1.326771229505538940e-01,6.597705930471420288e-02,2.475504726171493530e-01,3.409018218517303467e-01,3.366387188434600830e-01,3.548687994480133057e-01,3.532668948173522949e-02,3.496696054935455322e-02,3.188641965389251709e-01,1.356023252010345459e-01,9.570030495524406433e-03,-6.419399380683898926e-02,1.980144828557968140e-01,2.265748754143714905e-02,4.855363070964813232e-02,-9.204868227243423462e-02,-1.670607030391693115e-01,-2.946257591247558594e-01,2.349415272474288940e-01,6.983097642660140991e-02,1.952578574419021606e-01,9.493687748908996582e-02,1.513687819242477417e-01,1.312692910432815552e-01,7.310877088457345963e-03,-1.556527018547058105e-01,2.571111023426055908e-01,5.105055123567581177e-02,2.342195063829421997e-01,1.973087042570114136e-01,8.573573827743530273e-02,4.959924146533012390e-02,5.831892788410186768e-02,1.009907796978950500e-01,1.179122403264045715e-01,7.203579694032669067e-02,5.535700172185897827e-02,8.579816785641014576e-04,1.782364845275878906e-01,1.548808664083480835e-01
2.108709365129470825e-01,3.022634088993072510e-01,1.508691161870956421e-01,2.084622979164123535e-01,5.109576135873794556e-02,1.235665753483772278e-01,2.848220467567443848e-01,3.766346275806427002e-01,4.098143428564071655e-02,1.712429374456405640e-01,4.367223978042602539e-01,1.000000119209289551e+00,3.241073191165924072e-01,5.930082798004150391e-01,-1.450809091329574585e-02,2.417703121900558472e-01,3.065120577812194824e-01,4.596492946147918701e-01,1.298801451921463013e-01,5.674390122294425964e-02,2.165554314851760864e-01,2.760676443576812744e-01,1.151467710733413696e-01,1.392434686422348022e-01,7.196714729070663452e-02,5.004356428980827332e-02,1.326528340578079224e-01,1.958584338426589966e-01,3.179832398891448975e-01,4.429760873317718506e-01,2.341949641704559326e-01,2.818294167518615723e-01,2.206248790025711060e-01,2.673837244510650635e-01,1.244196742773056030e-01,1.703049615025520325e-02,1.617765873670578003e-01,-1.656137779355049133e-02,1.832992136478424072e-01,4.154645651578903198e-02,-2.696260809898376465e-03,7.911873608827590942e-02,8.460173010826110840e-02,6.302505731582641602e-02,-2.416507527232170105e-02,-6.972327828407287598e-02,-6.820885837078094482e-02,-6.646350771188735962e-02,-5.992192029953002930e-02,-1.013936921954154968e-01,-1.431577503681182861e-01,-1.051510646939277649e-01,-1.870674341917037964e-01,-2.846031077206134796e-02,-1.132516004145145416e-02,8.859763294458389282e-02,1.817598044872283936e-01,2.516132295131683350e-01,7.352387160062789917e-02,2.779036946594715118e-02,-1.470639649778604507e-02,6.240179389715194702e-02,-5.491872504353523254e-02,1.982056498527526855e-01,-5.155947059392929077e-02,-1.390630155801773071e-01,7.867489010095596313e-02,-1.559761236421763897e-03,-5.634597316384315491e-02,-8.439912460744380951e-03,2.601064443588256836e-01,3.729518055915832520e-01,1.096938028931617737e-01,3.695853352546691895e-01,1.041187122464179993e-01,2.119383364915847778e-01,2.602880299091339111e-01,1.953895837068557739e-01,3.772265911102294922e-01,3.895072042942047119e-01,2.240322977304458618e-01,4.970127940177917480e-01,-8.826694829622283578e-05,2.576379477977752686e-01,1.812145859003067017e-01,2.821053266525268555e-01,3.012606501579284668e-02,1.211733743548393250e-01,1.166550666093826294e-01,2.008087038993835449e-01,-7.487399876117706299e-02,-4.091425798833370209e-04,-2.693687975406646729e-01,-1.713294237852096558e-01,1.592550724744796753e-01,5.523958429694175720e-02,1.326618939638137817e-01,6.325183808803558350e-02,5.439010635018348694e-02,1.312334984540939331e-01,-5.290022864937782288e-02,-2.453136444091796875e-02,1.869501173496246338e-01,1.223594844341278076e-01,2.238166034221649170e-01,1.413589268922805786e-01,1.340686678886413574e-01,6.817943602800369263e-02,2.474046498537063599e-02,4.466873034834861755e-02,5.222087725996971130e-02,3.195532411336898804e-02,-3.739928081631660461e-02,-6.710998713970184326e-02,1.215289086103439331e-01,1.864480525255203247e-01
4.045674204826354980e-01,4.062907397747039795e-01,4.274851679801940918e-01,3.469149470329284668e-01,3.326717019081115723e-01,2.781270742416381836e-01,5.240091681480407715e-01,4.139406383037567139e-01,1.920503526926040649e-01,1.419848501682281494e-01,4.429154694080352783e-01,3.241073191165924072e-01,9.999998211860656738e-01,2.520003020763397217e-01,1.449047923088073730e-01,-1.053813248872756958e-01,3.079420030117034912e-01,2.498215883970260620e-01,1.059666872024536133e-01,2.925314903259277344e-01,2.169052660465240479e-01,1.785143762826919556e-01,4.673446714878082275e-01,4.239547550678253174e-01,3.804905414581298828e-01,3.756591677665710449e-01,3.902064263820648193e-01,3.421319127082824707e-01,3.080860376358032227e-01,1.861710399389266968e-01,4.770048260688781738e-01,4.587821662425994873e-01,1.981959640979766846e-01,2.648897469043731689e-01,7.754955440759658813e-02,-9.226311929523944855e-03,-3.105528838932514191e-02,-2.013272792100906372e-02,2.953612245619297028e-02,7.756619900465011597e-02,-1.435169875621795654e-01,1.751131936907768250e-02,3.118325769901275635e-02,5.330652743577957153e-02,-3.866317681968212128e-03,-7.039986550807952881e-03,3.028601640835404396e-03,3.234811872243881226e-02,2.365188673138618469e-02,4.083057865500450134e-03,-4.910881444811820984e-02,3.891536965966224670e-02,-6.695745140314102173e-02,-8.131013065576553345e-02,-1.253763735294342041e-01,-1.227566301822662354e-01,2.617682814598083496e-01,2.002290338277816772e-01,6.293446570634841919e-02,-5.276129022240638733e-02,-1.331161055713891983e-02,-3.899430111050605774e-02,9.567253291606903076e-02,2.470242828130722046e-01,-8.653008192777633667e-02,-1.106013134121894836e-01,7.058371603488922119e-02,-2.331095747649669647e-02,1.440258026123046875e-01,8.109828084707260132e-02,2.265673130750656128e-01,1.663339585065841675e-01,7.873485237360000610e-02,3.536105528473854065e-02,1.859776116907596588e-02,-5.044890567660331726e-02,1.612565815448760986e-01,7.813317328691482544e-02,3.815745711326599121e-01,3.734250664710998535e-01,3.884359002113342285e-01,3.568117320537567139e-01,2.367185056209564209e-01,1.168346405029296875e-01,1.850093007087707520e-01,2.363832890987396240e-01,1.208673417568206787e-01,9.388656914234161377e-02,2.527000308036804199e-01,1.488154679536819458e-01,-7.092732191085815430e-02,-1.087938845157623291e-01,-3.139955401420593262e-01,-3.622685372829437256e-01,5.856087058782577515e-02,9.751158207654953003e-02,1.076242178678512573e-01,1.651852130889892578e-01,-6.121413782238960266e-02,-8.120976388454437256e-02,-1.676997989416122437e-01,-2.459669411182403564e-01,5.918408557772636414e-02,-9.125927090644836426e-02,7.682715356349945068e-02,-1.559971366077661514e-02,5.358364433050155640e-02,8.161298930644989014e-02,1.587714850902557373e-01,1.204832419753074646e-01,1.430775076150894165e-01,4.376932978630065918e-03,-1.075936779379844666e-01,-5.616216734051704407e-02,7.151606678962707520e-02,1.564309597015380859e-01
1.391406059265136719e-01,2.934820950031280518e-01,7.913545519113540649e-02,2.444312274456024170e-01,1.308904290199279785e-01,2.272660285234451294e-01,2.726389765739440918e-01,4.981314241886138916e-01,4.308972135186195374e-02,2.177809178829193115e-01,1.957420110702514648e-01,5.930082798004150391e-01,2.520003020763397217e-01,9.999998807907104492e-01,-2.113627828657627106e-02,3.541809022426605225e-01,1.381062567234039307e-01,3.040937781333923340e-01,5.166912823915481567e-02,1.656458154320716858e-02,1.537939608097076416e-01,2.251461446285247803e-01,9.258669614791870117e-02,1.877528429031372070e-01,1.743219792842864990e-01,1.457843631505966187e-01,2.046337425708770752e-01,2.638975381851196289e-01,1.747899800539016724e-01,4.827692210674285889e-01,1.878755092620849609e-01,2.382345199584960938e-01,6.606730073690414429e-02,9.903854131698608398e-02,-2.023238316178321838e-02,-1.344295497983694077e-02,2.396512217819690704e-02,-2.869940921664237976e-02,6.484828144311904907e-02,-1.773245073854923248e-02,1.865709014236927032e-02,1.076704040169715881e-01,9.516496956348419189e-02,7.383783161640167236e-02,-1.389966346323490143e-02,3.142710030078887939e-02,-9.945397078990936279e-02,-4.617231339216232300e-02,-1.977892965078353882e-02,7.529476191848516464e-03,-6.021380051970481873e-02,-6.265050172805786133e-02,-1.090712100267410278e-01,1.068198904395103455e-01,-1.061318218708038330e-01,1.291821300983428955e-01,1.616276502609252930e-01,2.145206332206726074e-01,1.068218499422073364e-01,9.933016449213027954e-02,9.844657033681869507e-03,7.438861578702926636e-02,-3.779470920562744141e-02,2.601686716079711914e-01,-5.454669520258903503e-02,-1.038817763328552246e-01,-4.677800089120864868e-02,-5.210146680474281311e-02,-7.161448895931243896e-02,1.038400735706090927e-02,1.937623023986816406e-01,3.624996840953826904e-01,8.686964958906173706e-02,3.227269053459167480e-01,1.255675554275512695e-01,2.063701152801513672e-01,9.402720630168914795e-02,1.212874799966812134e-01,2.232494354248046875e-01,3.159315586090087891e-01,9.905405342578887939e-02,4.315774440765380859e-01,2.803285792469978333e-02,3.918207287788391113e-01,-1.667006313800811768e-02,2.464110851287841797e-01,8.514650911092758179e-02,3.167926669120788574e-01,-1.613757223822176456e-03,2.890329658985137939e-01,-1.095306649804115295e-01,1.460189521312713623e-01,-2.746877670288085938e-01,-7.380061596632003784e-02,1.819042675197124481e-02,8.720277249813079834e-02,3.450538963079452515e-02,3.938975185155868530e-02,-9.994740039110183716e-02,6.225787848234176636e-02,-1.158074885606765747e-01,-1.024740864522755146e-03,4.577123001217842102e-02,6.083982996642589569e-03,1.760077923536300659e-01,5.810723453760147095e-02,1.412837952375411987e-01,1.038610786199569702e-01,-4.127036035060882568e-02,-1.327141933143138885e-02,5.667060613632202148e-02,7.456447184085845947e-02,1.574429450556635857e-03,-2.317100204527378082e-02,9.385003894567489624e-02,5.476013198494911194e-02
-3.753557428717613220e-02,-9.347410500049591064e-02,1.146946474909782410e-01,-1.127777434885501862e-02,3.432900905609130859e-01,1.179578602313995361e-01,5.132877081632614136e-02,-5.676332488656044006e-02,5.609530806541442871e-01,2.021848261356353760e-01,1.001418083906173706e-01,-1.450809091329574585e-02,1.449047923088073730e-01,-2.113627828657627106e-02,9.999997615814208984e-01,4.012998044490814209e-01,4.035815224051475525e-02,3.549047932028770447e-02,-7.043827325105667114e-02,-1.077015101909637451e-01,2.504589557647705078e-01,1.732359826564788818e-01,7.450821250677108765e-02,-6.422161590307950974e-03,1.632379442453384399e-01,8.590894937515258789e-02,1.682640016078948975e-01,5.254258960485458374e-02,2.893806397914886475e-01,7.104677706956863403e-02,1.726356893777847290e-01,8.802054077386856079e-02,1.049397587776184082e-01,1.027292385697364807e-01,-1.532448679208755493e-01,-1.430369466543197632e-01,1.129048988223075867e-01,1.847627107053995132e-03,1.133569180965423584e-01,1.633110642433166504e-01,2.606878802180290222e-02,9.349201619625091553e-02,-9.826384484767913818e-02,-1.962555199861526489e-01,1.647507995367050171e-01,3.403870016336441040e-02,1.284968387335538864e-02,-6.659092009067535400e-02,-7.669773697853088379e-02,-9.946414269506931305e-03,-1.689430922269821167e-01,-1.168923079967498779e-01,-8.216192573308944702e-02,1.255423277616500854e-01,1.792909204959869385e-01,7.382488995790481567e-02,8.746062219142913818e-02,-6.543046236038208008e-02,-5.322322621941566467e-02,-7.854423671960830688e-02,-3.041446441784501076e-03,-1.467409431934356689e-01,1.887585669755935669e-01,-4.852052405476570129e-02,-4.176973551511764526e-02,-6.004161387681961060e-02,-7.714564353227615356e-02,-1.135624945163726807e-01,-1.065471768379211426e-01,-8.613859117031097412e-02,5.871505290269851685e-02,-3.536423901095986366e-03,7.561867684125900269e-02,6.570599973201751709e-02,1.697322912514209747e-02,-1.048739999532699585e-02,1.961608044803142548e-02,-4.184649139642715454e-02,-6.526247132569551468e-03,-9.790644794702529907e-02,1.658550649881362915e-01,-2.160328254103660583e-02,5.377414822578430176e-01,8.329416811466217041e-02,2.124434262514114380e-01,1.072148233652114868e-01,3.890122771263122559e-01,1.010092869400978088e-01,4.000801742076873779e-01,1.106376796960830688e-01,3.666516244411468506e-01,1.000419706106185913e-01,2.241886407136917114e-01,-2.728124521672725677e-02,3.500080481171607971e-02,3.514708951115608215e-02,3.093372471630573273e-02,9.413625812157988548e-04,1.372443735599517822e-01,4.302508011460304260e-02,1.914792656898498535e-01,-5.280308425426483154e-02,7.927147299051284790e-02,-1.071975845843553543e-02,8.721090853214263916e-04,-8.034653961658477783e-02,1.577036380767822266e-01,1.596702635288238525e-01,6.794568151235580444e-02,6.278318911790847778e-02,-1.559998653829097748e-02,-3.357542306184768677e-02,9.478646516799926758e-02,5.018192902207374573e-02,4.085785523056983948e-02,5.840801075100898743e-02
-1.128885298967361450e-01,-6.612563878297805786e-02,-1.003131642937660217e-01,-4.813588224351406097e-03,1.804954558610916138e-01,1.914548873901367188e-01,-4.417256638407707214e-02,6.675827503204345703e-02,3.333523869514465332e-01,3.773525953292846680e-01,4.342421144247055054e-02,2.417703121900558472e-01,-1.053813248872756958e-01,3.541809022426605225e-01,4.012998044490814209e-01,1.000000119209289551e+00,2.548859640955924988e-02,1.286638826131820679e-01,-3.155306726694107056e-02,-1.714858561754226685e-01,2.818090915679931641e-01,3.592170774936676025e-01,-1.493114978075027466e-01,-1.113605871796607971e-01,2.765086479485034943e-02,-6.440373836085200310e-04,1.200028955936431885e-01,1.465713381767272949e-01,2.233409285545349121e-01,3.749043047428131104e-01,3.264693543314933777e-02,4.777008295059204102e-02,1.614909172058105469e-01,1.095938161015510559e-01,-5.026650428771972656e-02,-4.424842447042465210e-02,1.441582143306732178e-01,6.212893128395080566e-02,1.818036586046218872e-01,2.141282558441162109e-01,1.247531771659851074e-01,2.512098252773284912e-01,2.627193182706832886e-02,-8.225531876087188721e-02,9.032955020666122437e-02,-2.974557690322399139e-02,5.266649276018142700e-02,4.290818050503730774e-02,-1.540444940328598022e-01,-5.306944996118545532e-02,-1.018181592226028442e-01,-1.077540293335914612e-01,-4.383131116628646851e-02,2.803322970867156982e-01,1.973441690206527710e-01,3.786523640155792236e-01,4.082781448960304260e-02,-2.215816453099250793e-02,-4.707812890410423279e-02,1.606611162424087524e-02,2.778871357440948486e-02,-1.481468323618173599e-02,1.347911916673183441e-02,-4.630491137504577637e-02,-7.998538203537464142e-03,-8.335856348276138306e-02,1.105067133903503418e-02,-2.408825419843196869e-02,-1.492559909820556641e-01,-5.229435116052627563e-02,7.215851545333862305e-02,1.788706928491592407e-01,7.537814974784851074e-02,3.013124167919158936e-01,7.819944620132446289e-02,1.270421892404556274e-01,1.013533771038055420e-01,1.281773746013641357e-01,-3.106471523642539978e-02,5.345468409359455109e-03,-4.562140442430973053e-03,5.435093864798545837e-02,2.133176326751708984e-01,4.491887986660003662e-01,1.220071986317634583e-01,2.547479569911956787e-01,1.659515798091888428e-01,3.257593214511871338e-01,2.121087908744812012e-01,3.601973652839660645e-01,1.902061849832534790e-01,2.815799713134765625e-01,4.609205201268196106e-02,1.962547600269317627e-01,1.562755256891250610e-01,1.435408145189285278e-01,8.645005524158477783e-02,7.616777718067169189e-02,1.949923634529113770e-01,2.827995121479034424e-01,1.210476905107498169e-01,1.282490342855453491e-01,1.492729783058166504e-01,1.089231818914413452e-01,2.083870768547058105e-01,8.283197879791259766e-02,2.323201447725296021e-01,1.566007137298583984e-01,1.642079651355743408e-02,6.891120225191116333e-02,3.347935155034065247e-02,1.104670912027359009e-01,1.473430544137954712e-01,9.705739468336105347e-02,1.448371559381484985e-01,4.376440495252609253e-02
2.954372763633728027e-01,2.453854382038116455e-01,2.529044747352600098e-01,2.772956788539886475e-01,4.019510000944137573e-03,-1.700850762426853180e-02,3.674691915512084961e-01,1.985333710908889771e-01,7.939090020954608917e-03,-8.421338163316249847e-03,5.636924505233764648e-01,3.065120577812194824e-01,3.079420030117034912e-01,1.381062567234039307e-01,4.035815224051475525e-02,2.548859640955924988e-02,9.999998211860656738e-01,5.996451377868652344e-01,1.064089462161064148e-01,8.621381223201751709e-02,3.668894469738006592e-01,3.216951191425323486e-01,1.571622192859649658e-01,1.194456443190574646e-01,-3.248674422502517700e-02,-1.406928151845932007e-02,1.911108791828155518e-01,1.805483847856521606e-01,4.912872314453125000e-01,3.627932369709014893e-01,3.866861462593078613e-01,3.649339675903320312e-01,2.576419711112976074e-01,2.524492442607879639e-01,3.020385503768920898e-01,2.485062479972839355e-01,1.776055395603179932e-01,4.327081888914108276e-02,2.428363561630249023e-01,2.820543572306632996e-02,3.604302927851676941e-02,-1.247474923729896545e-02,2.070164829492568970e-01,1.481802910566329956e-01,-1.362846642732620239e-01,-1.144139245152473450e-01,1.404973268508911133e-01,1.103375181555747986e-01,-1.179635152220726013e-01,-1.276019513607025146e-01,-1.018640697002410889e-01,-1.135822683572769165e-01,-1.193309053778648376e-01,-6.445147842168807983e-02,1.473188400268554688e-01,-2.973751910030841827e-02,2.577987313270568848e-01,2.336621433496475220e-01,-1.617095619440078735e-02,8.066210150718688965e-02,-1.156115755438804626e-01,2.236008271574974060e-02,-1.508362707681953907e-03,5.982084572315216064e-02,-2.159129679203033447e-01,-2.064550071954727173e-01,1.186357513070106506e-01,1.247122511267662048e-01,3.968391320086084306e-05,7.036300841718912125e-03,3.603980541229248047e-01,3.755502104759216309e-01,1.387200504541397095e-01,1.817128807306289673e-01,5.176565144211053848e-03,-2.285360172390937805e-02,1.454119533300399780e-01,6.458453088998794556e-02,3.820376098155975342e-01,3.665251731872558594e-01,4.821718931198120117e-01,3.799887597560882568e-01,7.044834643602371216e-02,1.651415228843688965e-02,3.470519185066223145e-01,1.502339988946914673e-01,2.301917411386966705e-02,-4.721095785498619080e-02,2.561236321926116943e-01,8.980116248130798340e-02,1.045684441924095154e-01,-2.697858726605772972e-03,-9.949639439582824707e-02,-1.770350188016891479e-01,2.794768214225769043e-01,1.657600998878479004e-01,3.437857925891876221e-01,2.060921788215637207e-01,2.409218251705169678e-01,2.174751907587051392e-01,5.695030465722084045e-02,-1.016580127179622650e-02,3.191310167312622070e-01,1.380724906921386719e-01,2.948663830757141113e-01,2.421914637088775635e-01,1.819394677877426147e-01,6.697858124971389771e-02,1.255050748586654663e-01,2.203006893396377563e-01,2.199555933475494385e-01,2.099656462669372559e-01,1.396148055791854858e-01,6.116297841072082520e-02,1.773464828729629517e-01,1.985513567924499512e-01
2.552709877490997314e-01,3.003156781196594238e-01,2.479388862848281860e-01,3.650338947772979736e-01,7.240376621484756470e-02,4.879356920719146729e-02,3.599300086498260498e-01,3.337758779525756836e-01,5.894481204450130463e-03,1.920232176780700684e-02,4.534826874732971191e-01,4.596492946147918701e-01,2.498215883970260620e-01,3.040937781333923340e-01,3.549047932028770447e-02,1.286638826131820679e-01,5.996451377868652344e-01,9.999992251396179199e-01,1.585864275693893433e-01,1.075059473514556885e-01,3.512211143970489502e-01,3.427535295486450195e-01,1.985225975513458252e-01,2.009464204311370850e-01,1.303288247436285019e-02,5.820509046316146851e-03,2.322538644075393677e-01,2.734632790088653564e-01,4.187495708465576172e-01,4.933883249759674072e-01,3.274918198585510254e-01,3.748701214790344238e-01,2.368478626012802124e-01,2.750902473926544189e-01,2.232292294502258301e-01,1.922990381717681885e-01,1.672619581222534180e-01,8.918743580579757690e-02,1.926768571138381958e-01,1.195741072297096252e-01,5.354904010891914368e-02,1.564017534255981445e-01,1.817824840545654297e-01,2.118018120527267456e-01,-8.472289890050888062e-02,-7.193730026483535767e-02,8.351810276508331299e-02,1.108937561511993408e-01,-6.965641677379608154e-02,-7.925449311733245850e-02,-9.704460203647613525e-02,-5.641631782054901123e-02,-1.026130393147468567e-01,1.457034423947334290e-02,6.555546820163726807e-02,1.045640036463737488e-01,2.042753994464874268e-01,3.509349822998046875e-01,-1.941580325365066528e-02,9.096392244100570679e-02,-1.318188756704330444e-01,-1.546745002269744873e-02,-1.163582354784011841e-01,1.022023111581802368e-01,-2.389420121908187866e-01,-2.364749759435653687e-01,1.058960705995559692e-01,1.072891503572463989e-01,-5.808530375361442566e-02,1.167272031307220459e-02,4.196810126304626465e-01,4.762473404407501221e-01,1.464327275753021240e-01,2.543298900127410889e-01,9.120129048824310303e-02,1.199479550123214722e-01,1.868580281734466553e-01,1.368214339017868042e-01,4.420963227748870850e-01,5.003828406333923340e-01,3.596336543560028076e-01,4.957059025764465332e-01,4.581686481833457947e-02,1.357222795486450195e-01,1.861249506473541260e-01,1.731801927089691162e-01,4.687448497861623764e-03,3.531159460544586182e-02,1.299194544553756714e-01,1.654094606637954712e-01,-3.565356507897377014e-02,6.110683549195528030e-03,-1.783694624900817871e-01,-1.833815723657608032e-01,1.964065432548522949e-01,1.534568369388580322e-01,2.671660780906677246e-01,2.345946431159973145e-01,1.187997385859489441e-01,2.158523052930831909e-01,1.452550198882818222e-02,-2.855911292135715485e-02,2.469997256994247437e-01,1.508592367172241211e-01,2.822304666042327881e-01,2.410436570644378662e-01,2.174273729324340820e-01,1.803335398435592651e-01,9.571199119091033936e-02,1.514723151922225952e-01,1.894692331552505493e-01,1.855837255716323853e-01,5.369096621870994568e-02,3.608288243412971497e-02,1.477869898080825806e-01,1.683399528264999390e-01
4.129436612129211426e-01,2.520397603511810303e-01,8.860525488853454590e-02,2.579452395439147949e-01,-1.694052666425704956e-01,-1.461356133222579956e-01,3.167657256126403809e-01,1.304191499948501587e-01,-1.900680810213088989e-01,-1.969334185123443604e-01,1.015439778566360474e-01,1.298801451921463013e-01,1.059666872024536133e-01,5.166912823915481567e-02,-7.043827325105667114e-02,-3.155306726694107056e-02,1.064089462161064148e-01,1.585864275693893433e-01,9.999998211860656738e-01,3.943927288055419922e-01,1.715824455022811890e-01,1.455103904008865356e-01,-1.302074175328016281e-02,-1.168361678719520569e-02,-1.015692576766014099e-01,-6.650348007678985596e-02,4.566368833184242249e-02,2.667121775448322296e-02,1.881979852914810181e-01,2.336447387933731079e-01,1.113976463675498962e-01,1.470851898193359375e-01,2.940977215766906738e-01,2.745284438133239746e-01,4.870339334011077881e-01,4.305303990840911865e-01,1.835760921239852905e-01,1.495440602302551270e-01,1.353078633546829224e-01,2.662300691008567810e-02,1.399583369493484497e-01,1.094349399209022522e-01,9.919636696577072144e-02,8.963410556316375732e-02,-5.127770081162452698e-02,-6.506881117820739746e-02,7.655531913042068481e-02,4.114982113242149353e-02,-2.029602183029055595e-03,-8.949404209852218628e-02,-5.662777647376060486e-02,-9.880863130092620850e-02,-7.194066047668457031e-02,3.989546373486518860e-02,9.584780782461166382e-02,4.432318732142448425e-02,3.192960023880004883e-01,2.854045927524566650e-01,2.565148174762725830e-01,2.553070783615112305e-01,7.151363790035247803e-02,3.939986974000930786e-02,-2.402480505406856537e-02,1.106399577111005783e-02,-1.027805581688880920e-01,-2.847455628216266632e-02,3.839599192142486572e-01,3.469043672084808350e-01,1.576852351427078247e-01,1.723015904426574707e-01,3.177627921104431152e-01,3.255461156368255615e-01,2.309782803058624268e-01,1.561725735664367676e-01,2.179574519395828247e-01,1.205020770430564880e-01,3.433555960655212402e-01,3.557205200195312500e-01,2.251474112272262573e-01,2.500689923763275146e-01,2.858436107635498047e-02,3.007004410028457642e-02,-6.846238672733306885e-02,-8.833254128694534302e-02,9.240453690290451050e-02,4.646904394030570984e-02,3.313016844913363457e-03,-3.258625417947769165e-02,4.536578804254531860e-02,-1.067850552499294281e-02,-4.587313625961542130e-03,-1.630790717899799347e-02,-3.264341503381729126e-02,-9.849111549556255341e-03,1.288584619760513306e-01,7.742241770029067993e-02,2.489170730113983154e-01,1.645601093769073486e-01,1.370545178651809692e-01,9.880155324935913086e-02,-1.248783245682716370e-02,1.563220657408237457e-02,1.521807610988616943e-01,6.424216926097869873e-02,2.412384450435638428e-01,1.595951169729232788e-01,2.108449041843414307e-01,1.251966357231140137e-01,1.159716621041297913e-01,1.520929187536239624e-01,2.443356364965438843e-01,1.143342331051826477e-01,4.647748172283172607e-02,1.369920969009399414e-01,2.059269845485687256e-01,1.433220803737640381e-01
5.005878806114196777e-01,3.315951824188232422e-01,1.684576570987701416e-01,2.758390605449676514e-01,-9.142696857452392578e-03,8.161495439708232880e-03,2.940130233764648438e-01,1.698412001132965088e-01,-1.352789252996444702e-01,-7.867384701967239380e-02,1.310738176107406616e-01,5.674390122294425964e-02,2.925314903259277344e-01,1.656458154320716858e-02,-1.077015101909637451e-01,-1.714858561754226685e-01,8.621381223201751709e-02,1.075059473514556885e-01,3.943927288055419922e-01,9.999997019767761230e-01,-1.634139567613601685e-02,-1.422539725899696350e-02,2.164176702499389648e-01,2.089083045721054077e-01,1.042049154639244080e-01,1.314854621887207031e-01,6.014966219663619995e-02,7.493779063224792480e-02,9.797547012567520142e-02,1.840828508138656616e-01,1.765574514865875244e-01,1.798033863306045532e-01,2.679940313100814819e-02,7.393448054790496826e-02,1.613370031118392944e-01,5.797174200415611267e-02,-9.558518975973129272e-02,-1.573686860501766205e-02,-7.430952042341232300e-02,1.910402439534664154e-02,-1.062503382563591003e-01,-1.794715225696563721e-02,-2.525918930768966675e-02,1.086230855435132980e-02,-1.375155746936798096e-01,-7.501802593469619751e-02,-6.085998937487602234e-02,3.011373057961463928e-02,-1.263212561607360840e-01,-1.060347929596900940e-01,-1.485897600650787354e-01,-5.896546319127082825e-02,-1.277775168418884277e-01,1.135535445064306259e-02,-1.445610821247100830e-01,-5.667676031589508057e-02,1.716630756855010986e-01,1.497826129198074341e-01,9.230883419513702393e-02,6.137459352612495422e-02,-1.056304294615983963e-02,5.142823606729507446e-02,-7.872497290372848511e-02,2.015841938555240631e-02,-1.270499229431152344e-01,-3.697016090154647827e-02,1.246450915932655334e-01,7.831703871488571167e-02,6.097366213798522949e-01,5.438342690467834473e-01,1.179845109581947327e-01,1.577907800674438477e-01,-9.357631206512451172e-03,-4.764657095074653625e-02,-2.008816599845886230e-02,-1.084693521261215210e-01,1.032913848757743835e-01,6.455449759960174561e-02,2.506544888019561768e-01,2.729445099830627441e-01,6.424061954021453857e-02,1.368799507617950439e-01,-7.887706905603408813e-02,-8.411644957959651947e-03,-2.188144624233245850e-02,1.353418380022048950e-01,-8.078651130199432373e-02,5.196884647011756897e-02,-1.283849775791168213e-02,1.678933575749397278e-02,-2.455285191535949707e-01,-1.455812603235244751e-01,-2.547253072261810303e-01,-1.048909127712249756e-01,-6.379199214279651642e-03,7.435163855552673340e-02,5.939139053225517273e-02,1.002848967909812927e-01,-8.683162182569503784e-02,-6.029963865876197815e-02,-1.403026878833770752e-01,-4.001209884881973267e-02,-3.727388381958007812e-02,2.009557746350765228e-02,-6.396241020411252975e-03,3.579058498144149780e-02,4.160388931632041931e-02,5.568166449666023254e-02,9.169416129589080811e-02,9.334670752286911011e-02,1.089478209614753723e-01,2.888630703091621399e-02,-1.148358732461929321e-01,-1.188010498881340027e-01,-7.769307494163513184e-02,-2.687694318592548370e-02
2.235361635684967041e-01,2.211068719625473022e-01,1.888287216424942017e-01,1.920633763074874878e-01,1.982605755329132080e-01,1.129627749323844910e-01,2.897632718086242676e-01,1.630420684814453125e-01,1.722927838563919067e-01,1.610846966505050659e-01,2.409832924604415894e-01,2.165554314851760864e-01,2.169052660465240479e-01,1.537939608097076416e-01,2.504589557647705078e-01,2.818090915679931641e-01,3.668894469738006592e-01,3.512211143970489502e-01,1.715824455022811890e-01,-1.634139567613601685e-02,1.000000357627868652e+00,6.002685427665710449e-01,1.309559792280197144e-01,1.086407974362373352e-01,1.453038305044174194e-01,1.817317754030227661e-01,3.761154413223266602e-01,2.708561718463897705e-01,4.128398299217224121e-01,3.161407113075256348e-01,3.682906329631805420e-01,3.448866903781890869e-01,3.490417599678039551e-01,3.717760145664215088e-01,1.519966274499893188e-01,1.390262693166732788e-01,3.148797750473022461e-01,1.879548430442810059e-01,2.909133434295654297e-01,1.736811250448226929e-01,1.493419259786605835e-01,9.334847331047058105e-02,1.262114942073822021e-01,1.944862306118011475e-02,-2.808819711208343506e-02,-1.368072181940078735e-01,1.844955980777740479e-01,1.861454844474792480e-01,-1.447207182645797729e-01,-1.338638961315155029e-01,-1.252128928899765015e-01,-5.643297731876373291e-02,1.392975822091102600e-02,2.303092181682586670e-01,2.131171524524688721e-01,1.590251624584197998e-01,3.322021365165710449e-01,2.472545057535171509e-01,9.891732782125473022e-02,1.376972049474716187e-01,-3.928792476654052734e-02,-6.535477191209793091e-02,7.027282565832138062e-02,4.352274537086486816e-02,-1.584174782037734985e-01,-1.153961122035980225e-01,1.831299662590026855e-01,1.767665147781372070e-01,-1.348761618137359619e-01,-1.094159334897994995e-01,4.293500483036041260e-01,3.678376376628875732e-01,2.719962000846862793e-01,2.782971262931823730e-01,1.409883499145507812e-01,7.737397402524948120e-02,2.791330218315124512e-01,2.094885706901550293e-01,3.149829208850860596e-01,2.408532947301864624e-01,3.424971699714660645e-01,1.932204961776733398e-01,1.943207979202270508e-01,7.535449415445327759e-02,2.471570670604705811e-01,2.333952337503433228e-01,1.385952681303024292e-01,5.096091330051422119e-02,3.428229689598083496e-01,1.931249648332595825e-01,1.560338437557220459e-01,1.538866907358169556e-01,-5.807311739772558212e-03,-1.378967519849538803e-02,2.071022540330886841e-01,2.077099233865737915e-01,4.073835611343383789e-01,3.438591063022613525e-01,2.201810032129287720e-01,2.452245801687240601e-01,5.702962353825569153e-02,3.567737713456153870e-02,2.736346721649169922e-01,1.509175002574920654e-01,3.173160552978515625e-01,2.014103084802627563e-01,3.148438036441802979e-01,2.087188661098480225e-01,1.883005797863006592e-01,2.848021686077117920e-01,3.568774163722991943e-01,2.969390749931335449e-01,1.996309459209442139e-01,2.409627437591552734e-01,2.452785670757293701e-01,2.463602572679519653e-01
2.117993533611297607e-01,2.530907094478607178e-01,2.557117044925689697e-01,2.889514267444610596e-01,1.537242978811264038e-01,1.721055507659912109e-01,2.848322689533233643e-01,2.142460197210311890e-01,1.052806079387664795e-01,1.711795926094055176e-01,2.458532154560089111e-01,2.760676443576812744e-01,1.785143762826919556e-01,2.251461446285247803e-01,1.732359826564788818e-01,3.592170774936676025e-01,3.216951191425323486e-01,3.427535295486450195e-01,1.455103904008865356e-01,-1.422539725899696350e-02,6.002685427665710449e-01,1.000000476837158203e+00,1.846631914377212524e-01,1.582236886024475098e-01,1.359404474496841431e-01,1.773061156272888184e-01,3.125856220722198486e-01,3.086519539356231689e-01,3.618890345096588135e-01,4.001434147357940674e-01,3.090536296367645264e-01,3.673970401287078857e-01,3.706865906715393066e-01,4.112854599952697754e-01,1.313509345054626465e-01,1.134494021534919739e-01,2.636271417140960693e-01,5.945152416825294495e-02,2.568436563014984131e-01,1.095531284809112549e-01,1.004250422120094299e-01,1.446503698825836182e-01,1.828934252262115479e-01,1.125596687197685242e-01,-6.798354536294937134e-02,-1.137430146336555481e-01,2.246983945369720459e-01,2.439465969800949097e-01,-1.092553883790969849e-01,-1.162884235382080078e-01,-6.294569373130798340e-02,2.805506251752376556e-02,4.062408581376075745e-02,2.520152926445007324e-01,2.376886606216430664e-01,2.406365871429443359e-01,2.837654054164886475e-01,2.666715979576110840e-01,2.765858732163906097e-02,1.114226952195167542e-01,-5.213374271988868713e-02,-6.143990531563758850e-02,-3.476735949516296387e-02,4.700816422700881958e-02,-1.092114299535751343e-01,-1.464050114154815674e-01,1.432339400053024292e-01,1.398067921400070190e-01,-1.442855447530746460e-01,-1.127070412039756775e-01,3.707741498947143555e-01,4.145898222923278809e-01,1.618670225143432617e-01,3.662022650241851807e-01,1.065874472260475159e-01,8.689305931329727173e-02,2.730361819267272949e-01,2.356003075838088989e-01,2.866336107254028320e-01,2.739417850971221924e-01,2.435852885246276855e-01,2.190626114606857300e-01,1.153185442090034485e-01,1.961532235145568848e-01,1.632091999053955078e-01,1.904773116111755371e-01,9.322459995746612549e-02,7.513064891099929810e-02,3.116028904914855957e-01,2.200801819562911987e-01,1.184686198830604553e-01,1.773414909839630127e-01,-2.931995689868927002e-02,1.738570630550384521e-02,1.919494867324829102e-01,1.534734070301055908e-01,3.691379725933074951e-01,2.947260439395904541e-01,2.410280257463455200e-01,2.951446771621704102e-01,3.580136597156524658e-02,7.646246254444122314e-02,2.509291470050811768e-01,1.651065498590469360e-01,3.076789379119873047e-01,1.958196759223937988e-01,2.668790519237518311e-01,1.196665912866592407e-01,1.039707958698272705e-01,2.425146400928497314e-01,3.554525673389434814e-01,2.706040740013122559e-01,1.598484814167022705e-01,1.883958876132965088e-01,2.093398422002792358e-01,1.505686789751052856e-01
3.998563587665557861e-01,5.264959931373596191e-01,6.186328530311584473e-01,4.858279824256896973e-01,4.531622827053070068e-01,4.960320591926574707e-01,4.673336446285247803e-01,4.559319615364074707e-01,1.107288450002670288e-01,2.111974656581878662e-01,1.534393727779388428e-01,1.151467710733413696e-01,4.673446714878082275e-01,9.258669614791870117e-02,7.450821250677108765e-02,-1.493114978075027466e-01,1.571622192859649658e-01,1.985225975513458252e-01,-1.302074175328016281e-02,2.164176702499389648e-01,1.309559792280197144e-01,1.846631914377212524e-01,9.999995231628417969e-01,7.285118103027343750e-01,5.560231804847717285e-01,5.708572268486022949e-01,4.491167068481445312e-01,4.913226664066314697e-01,4.025361314415931702e-02,8.868692070245742798e-02,5.387395620346069336e-01,5.685011744499206543e-01,1.354340910911560059e-01,2.459788471460342407e-01,-2.514093928039073944e-02,1.104573346674442291e-02,-5.381718277931213379e-02,-3.112484887242317200e-02,-9.915307164192199707e-02,-2.340922132134437561e-02,-1.987304985523223877e-01,4.008012358099222183e-03,-1.547845304012298584e-01,6.092336773872375488e-02,6.586118042469024658e-02,3.666618466377258301e-02,7.297450210899114609e-04,1.155918687582015991e-01,4.222187772393226624e-02,4.915192723274230957e-02,-2.260383032262325287e-02,1.635958105325698853e-01,7.385336607694625854e-02,6.960395723581314087e-02,-2.151480019092559814e-01,-1.778036653995513916e-01,2.906236946582794189e-01,2.872447073459625244e-01,1.010825484991073608e-01,-1.467128843069076538e-01,1.253009885549545288e-01,1.036440432071685791e-01,2.731343172490596771e-02,3.368122577667236328e-01,-3.480032831430435181e-02,-1.516004651784896851e-02,6.266326457262039185e-02,-4.214584827423095703e-02,1.065742596983909607e-01,4.923170432448387146e-02,1.950035244226455688e-01,1.301355659961700439e-01,-3.989806398749351501e-02,9.508838877081871033e-03,9.675800800323486328e-03,-2.403233014047145844e-02,1.577117145061492920e-01,7.936093211174011230e-02,3.109962940216064453e-01,2.404361963272094727e-01,2.318164408206939697e-01,2.689596116542816162e-01,1.576523929834365845e-01,2.169993817806243896e-01,-1.010395064949989319e-01,6.790436804294586182e-02,1.034143045544624329e-01,1.566036790609359741e-01,1.979671418666839600e-01,4.595214035362005234e-03,-2.375289350748062134e-01,-1.298090517520904541e-01,-3.673398196697235107e-01,-2.795147895812988281e-01,-2.416704036295413971e-02,1.570021212100982666e-01,1.391437947750091553e-01,2.734791636466979980e-01,-2.034667134284973145e-01,-1.730189174413681030e-01,-2.990794777870178223e-01,-3.230874240398406982e-01,-1.586535423994064331e-01,-1.996240168809890747e-01,-1.906321384012699127e-02,-1.580913811922073364e-01,-7.676009088754653931e-03,8.522471785545349121e-02,1.541978269815444946e-01,2.676754593849182129e-01,3.566593527793884277e-01,2.048057764768600464e-01,-1.414784789085388184e-01,-8.511969447135925293e-02,-1.804951876401901245e-01,-1.054498646408319473e-02
3.287093639373779297e-01,5.221024155616760254e-01,4.951783418655395508e-01,5.320959687232971191e-01,4.870668053627014160e-01,5.498750805854797363e-01,4.072199165821075439e-01,5.528555512428283691e-01,1.426102221012115479e-01,3.095458149909973145e-01,1.263438165187835693e-01,1.392434686422348022e-01,4.239547550678253174e-01,1.877528429031372070e-01,-6.422161590307950974e-03,-1.113605871796607971e-01,1.194456443190574646e-01,2.009464204311370850e-01,-1.168361678719520569e-02,2.089083045721054077e-01,1.086407974362373352e-01,1.582236886024475098e-01,7.285118103027343750e-01,1.000000119209289551e+00,6.154515743255615234e-01,6.110806465148925781e-01,5.192791223526000977e-01,5.548985600471496582e-01,-5.382128059864044189e-02,8.979073911905288696e-02,5.204257369041442871e-01,5.859416723251342773e-01,8.810678869485855103e-02,1.977978199720382690e-01,-6.356720626354217529e-02,-1.745594479143619537e-02,-9.705227613449096680e-02,3.986211866140365601e-02,-1.263655573129653931e-01,1.975283212959766388e-02,-1.892328560352325439e-01,7.049164921045303345e-02,-1.224908381700515747e-01,7.734391093254089355e-02,1.851843670010566711e-02,9.112107008695602417e-02,-2.204777672886848450e-02,1.208498999476432800e-01,7.441213726997375488e-02,7.141815871000289917e-02,1.125936210155487061e-02,1.422758847475051880e-01,5.840150266885757446e-02,5.360503494739532471e-02,-2.577460110187530518e-01,-1.342363655567169189e-01,2.474949061870574951e-01,2.763363122940063477e-01,1.121505275368690491e-01,-1.221752390265464783e-01,5.944054573774337769e-02,1.038049459457397461e-01,-7.875341176986694336e-02,3.707845211029052734e-01,-7.079155743122100830e-02,9.532722644507884979e-03,5.563314631581306458e-02,-4.731673747301101685e-02,9.585434943437576294e-02,2.385860867798328400e-02,1.065228357911109924e-01,8.435076475143432617e-02,-4.652290046215057373e-02,-2.555761858820915222e-02,-1.312821451574563980e-02,-2.274402044713497162e-02,5.429543554782867432e-02,6.854967027902603149e-02,2.442736029624938965e-01,2.458119243383407593e-01,1.296949088573455811e-01,2.879445552825927734e-01,1.110867112874984741e-01,2.838211059570312500e-01,-1.509548425674438477e-01,1.112366989254951477e-01,9.384455531835556030e-02,2.613220512866973877e-01,1.238569244742393494e-01,7.917734980583190918e-02,-2.746523022651672363e-01,-5.956926196813583374e-02,-4.171214997768402100e-01,-2.694219350814819336e-01,-3.540224209427833557e-02,1.875020712614059448e-01,1.078199073672294617e-01,3.081560432910919189e-01,-2.006445676088333130e-01,-1.397039443254470825e-01,-3.340226709842681885e-01,-3.039860725402832031e-01,-1.765580177307128906e-01,-1.942575126886367798e-01,-2.556299231946468353e-02,-1.513489335775375366e-01,-2.920055575668811798e-02,1.527302563190460205e-01,1.196659728884696960e-01,2.756097912788391113e-01,3.523893058300018311e-01,2.673508226871490479e-01,-1.027107015252113342e-01,-1.008470207452774048e-01,-1.516911983489990234e-01,-3.972877934575080872e-02
2.174345999956130981e-01,3.799983561038970947e-01,2.807466685771942139e-01,2.626973092555999756e-01,6.451970934867858887e-01,6.678211092948913574e-01,2.486624121665954590e-01,3.961851596832275391e-01,3.689715862274169922e-01,5.109969973564147949e-01,4.596282169222831726e-02,7.196714729070663452e-02,3.804905414581298828e-01,1.743219792842864990e-01,1.632379442453384399e-01,2.765086479485034943e-02,-3.248674422502517700e-02,1.303288247436285019e-02,-1.015692576766014099e-01,1.042049154639244080e-01,1.453038305044174194e-01,1.359404474496841431e-01,5.560231804847717285e-01,6.154515743255615234e-01,1.000000238418579102e+00,7.412241697311401367e-01,5.396524071693420410e-01,4.693610966205596924e-01,-1.200320646166801453e-01,-5.290636792778968811e-03,4.584071636199951172e-01,4.404314458370208740e-01,-1.171441935002803802e-02,7.456430047750473022e-02,-1.771233677864074707e-01,-1.256005465984344482e-01,-1.457485556602478027e-01,9.837313555181026459e-03,-1.738857328891754150e-01,4.402204882353544235e-03,-2.736027240753173828e-01,2.560361474752426147e-02,-2.212644815444946289e-01,-5.840559676289558411e-02,1.010407432913780212e-01,1.459262818098068237e-01,-6.168491765856742859e-02,8.476725965738296509e-02,3.890710696578025818e-02,9.759185463190078735e-02,-6.601311266422271729e-03,1.428851336240768433e-01,7.360548526048660278e-02,8.710442483425140381e-02,-2.942591607570648193e-01,-2.085477262735366821e-01,1.962417513132095337e-01,1.528265178203582764e-01,1.115275099873542786e-01,-1.527528166770935059e-01,9.413813054561614990e-02,5.238153040409088135e-02,-9.053893387317657471e-02,3.140133917331695557e-01,1.255008857697248459e-02,5.272351205348968506e-02,1.331833004951477051e-02,-9.184794872999191284e-02,5.212899670004844666e-02,-1.783677749335765839e-02,-7.616440951824188232e-02,-5.952420085668563843e-02,-2.913599275052547455e-02,-4.769332706928253174e-02,-3.091413341462612152e-02,-1.215138193219900131e-02,-4.213231429457664490e-02,-2.255509048700332642e-02,7.839123904705047607e-02,6.642273068428039551e-02,4.872007295489311218e-02,2.237286120653152466e-01,2.014392763376235962e-01,3.751879036426544189e-01,-7.502529770135879517e-02,1.682112067937850952e-01,2.376158088445663452e-01,2.587701976299285889e-01,1.998199373483657837e-01,9.464962035417556763e-02,-2.404140532016754150e-01,-6.790726631879806519e-02,-3.828200101852416992e-01,-2.675077319145202637e-01,-1.446326822042465210e-01,1.051288768649101257e-01,1.683344505727291107e-02,2.365733683109283447e-01,-2.424283772706985474e-01,-2.302602678537368774e-01,-3.191264271736145020e-01,-3.376761376857757568e-01,-1.832245290279388428e-01,-2.445653378963470459e-01,-1.333707291632890701e-02,-2.041209042072296143e-01,-1.001475192606449127e-02,1.854085475206375122e-01,6.997273862361907959e-02,1.259954720735549927e-01,2.502894997596740723e-01,1.619148850440979004e-01,-1.984581798315048218e-01,-7.944983243942260742e-02,-1.563331335783004761e-01,-7.231190800666809082e-02
2.440968453884124756e-01,4.441896378993988037e-01,2.732388973236083984e-01,2.985702753067016602e-01,6.051754951477050781e-01,6.914702653884887695e-01,2.585579454898834229e-01,4.384752511978149414e-01,3.201353847980499268e-01,5.161394476890563965e-01,3.694337606430053711e-02,5.004356428980827332e-02,3.756591677665710449e-01,1.457843631505966187e-01,8.590894937515258789e-02,-6.440373836085200310e-04,-1.406928151845932007e-02,5.820509046316146851e-03,-6.650348007678985596e-02,1.314854621887207031e-01,1.817317754030227661e-01,1.773061156272888184e-01,5.708572268486022949e-01,6.110806465148925781e-01,7.412241697311401367e-01,9.999997615814208984e-01,4.935423731803894043e-01,5.327939391136169434e-01,-1.100496575236320496e-01,3.287486732006072998e-02,4.251881539821624756e-01,4.403200745582580566e-01,5.923222750425338745e-02,1.185328140854835510e-01,-1.020717471837997437e-01,-4.405906796455383301e-02,-1.051591187715530396e-01,5.469925701618194580e-02,-1.469258964061737061e-01,3.772179037332534790e-02,-2.789796888828277588e-01,2.706942521035671234e-02,-2.160872370004653931e-01,-3.454732894897460938e-02,1.502560079097747803e-01,1.354639083147048950e-01,-1.064338628202676773e-02,1.438619345426559448e-01,1.138252094388008118e-01,1.135587319731712341e-01,4.141091927886009216e-02,1.989496648311614990e-01,1.137029007077217102e-01,1.090663895010948181e-01,-2.806917428970336914e-01,-1.786277890205383301e-01,2.332299351692199707e-01,2.136935591697692871e-01,1.868255138397216797e-01,-1.073498353362083435e-01,1.568665355443954468e-01,1.134002730250358582e-01,-3.239163383841514587e-02,3.644879758358001709e-01,2.956095524132251740e-02,1.019434705376625061e-01,1.126571148633956909e-01,-1.395787298679351807e-02,8.732806146144866943e-02,1.303494442254304886e-02,-2.262333966791629791e-02,7.767403963953256607e-03,-1.200617477297782898e-02,-4.910928010940551758e-02,2.206259034574031830e-02,1.247235224582254887e-03,5.004267022013664246e-02,8.719634264707565308e-02,7.517638802528381348e-02,7.256944477558135986e-02,1.182058528065681458e-01,2.188480049371719360e-01,1.157229766249656677e-01,3.855675756931304932e-01,-1.199360564351081848e-01,2.205185592174530029e-01,1.735801547765731812e-01,3.233373463153839111e-01,1.566552817821502686e-01,1.415241956710815430e-01,-2.628020644187927246e-01,-4.132322967052459717e-02,-3.859068155288696289e-01,-2.193238586187362671e-01,-1.228193342685699463e-01,1.253832131624221802e-01,3.079335205256938934e-02,2.819835841655731201e-01,-2.389569282531738281e-01,-2.231993377208709717e-01,-3.213479518890380859e-01,-3.131017386913299561e-01,-1.578058749437332153e-01,-2.040627300739288330e-01,-4.822307266294956207e-03,-1.748217642307281494e-01,2.358927205204963684e-02,2.062022686004638672e-01,1.350237727165222168e-01,2.017172425985336304e-01,3.013229370117187500e-01,1.965719759464263916e-01,-1.888570040464401245e-01,-7.426312565803527832e-02,-1.668571382761001587e-01,2.081442391499876976e-03
2.846620678901672363e-01,3.780589401721954346e-01,3.489571511745452881e-01,3.479120731353759766e-01,5.785350799560546875e-01,5.262354612350463867e-01,3.880171179771423340e-01,3.933162987232208252e-01,2.318997681140899658e-01,3.545921742916107178e-01,1.001634746789932251e-01,1.326528340578079224e-01,3.902064263820648193e-01,2.046337425708770752e-01,1.682640016078948975e-01,1.200028955936431885e-01,1.911108791828155518e-01,2.322538644075393677e-01,4.566368833184242249e-02,6.014966219663619995e-02,3.761154413223266602e-01,3.125856220722198486e-01,4.491167068481445312e-01,5.192791223526000977e-01,5.396524071693420410e-01,4.935423731803894043e-01,9.999998807907104492e-01,6.414130330085754395e-01,1.073534563183784485e-01,1.405380964279174805e-01,5.235512256622314453e-01,4.696294069290161133e-01,2.089595198631286621e-01,2.301928400993347168e-01,-2.622554264962673187e-02,6.970734335482120514e-03,3.766221227124333382e-03,1.341129690408706665e-01,6.377888377755880356e-03,7.620430737733840942e-02,6.289050728082656860e-02,2.120861262083053589e-01,-3.967029973864555359e-02,1.990294456481933594e-02,-4.987787455320358276e-02,6.521086324937641621e-04,1.337448228150606155e-02,1.003212034702301025e-01,-3.883514925837516785e-02,5.276746116578578949e-03,1.080003473907709122e-02,7.593115419149398804e-02,1.181530952453613281e-01,1.814676523208618164e-01,2.399330213665962219e-02,2.992997691035270691e-02,3.867059350013732910e-01,2.697341144084930420e-01,1.682727187871932983e-01,4.650247469544410706e-02,8.694375865161418915e-03,-3.548616543412208557e-02,4.060107097029685974e-02,2.540283799171447754e-01,-5.824683606624603271e-02,-5.226808041334152222e-02,1.192177087068557739e-01,7.864693552255630493e-02,-2.619258873164653778e-02,-4.183295369148254395e-02,1.620617210865020752e-01,6.333775073289871216e-02,2.498838864266872406e-02,-1.068558916449546814e-02,-4.607344046235084534e-02,-5.833493173122406006e-02,4.857283085584640503e-02,7.446124404668807983e-02,2.540919482707977295e-01,2.407735139131546021e-01,1.765390485525131226e-01,2.410061210393905640e-01,3.499097526073455811e-01,3.426318168640136719e-01,1.086272746324539185e-01,2.551916241645812988e-01,2.167571485042572021e-01,1.986064314842224121e-01,3.498746156692504883e-01,2.549400329589843750e-01,-5.540790781378746033e-02,7.470722496509552002e-02,-2.021248191595077515e-01,-1.446539163589477539e-01,6.054454669356346130e-02,2.476164996623992920e-01,2.440408766269683838e-01,3.671663999557495117e-01,-2.162176743149757385e-02,-4.121130704879760742e-02,-1.290145814418792725e-01,-1.196717768907546997e-01,5.501170456409454346e-02,-9.266520850360393524e-03,1.407722681760787964e-01,1.406067400239408016e-03,1.347844451665878296e-01,2.372447550296783447e-01,1.479295641183853149e-01,2.676899135112762451e-01,3.610586524009704590e-01,3.519173264503479004e-01,2.307554148137569427e-02,7.628719508647918701e-02,2.965364791452884674e-02,3.462176024913787842e-02
2.257669717073440552e-01,4.268650710582733154e-01,3.534546792507171631e-01,4.267458617687225342e-01,4.974105656147003174e-01,6.086507439613342285e-01,3.821869790554046631e-01,5.280905365943908691e-01,1.787657588720321655e-01,3.670478463172912598e-01,9.413015097379684448e-02,1.958584338426589966e-01,3.421319127082824707e-01,2.638975381851196289e-01,5.254258960485458374e-02,1.465713381767272949e-01,1.805483847856521606e-01,2.734632790088653564e-01,2.667121775448322296e-02,7.493779063224792480e-02,2.708561718463897705e-01,3.086519539356231689e-01,4.913226664066314697e-01,5.548985600471496582e-01,4.693610966205596924e-01,5.327939391136169434e-01,6.414130330085754395e-01,1.000000119209289551e+00,7.430196553468704224e-02,2.362496703863143921e-01,4.589979946613311768e-01,4.866649508476257324e-01,2.145162969827651978e-01,2.387471199035644531e-01,-4.674724768847227097e-03,4.967791214585304260e-02,8.383560925722122192e-03,1.765784770250320435e-01,-3.910014778375625610e-02,9.600269049406051636e-02,1.276043913094326854e-04,2.480158954858779907e-01,-7.195105403661727905e-02,9.452458471059799194e-02,3.203523531556129456e-02,4.459293931722640991e-02,-2.861678972840309143e-02,7.988624274730682373e-02,9.618112444877624512e-02,6.123420968651771545e-02,3.923870623111724854e-02,1.041839271783828735e-01,6.915055215358734131e-02,1.318234503269195557e-01,-3.533665463328361511e-02,7.469634711742401123e-02,2.677656114101409912e-01,3.043977320194244385e-01,2.200153023004531860e-01,6.929938495159149170e-02,3.554973378777503967e-02,1.051297634840011597e-01,1.481919828802347183e-02,3.792749941349029541e-01,-8.185338973999023438e-02,6.855539977550506592e-03,1.914104372262954712e-01,9.028995037078857422e-02,1.789647899568080902e-02,-2.066862303763628006e-03,2.002185732126235962e-01,1.876130551099777222e-01,1.176842674612998962e-02,1.042808033525943756e-02,-7.331436965614557266e-03,-9.847062639892101288e-03,1.593368202447891235e-01,2.026173472404479980e-01,2.644114792346954346e-01,2.863069772720336914e-01,1.880426257848739624e-01,3.335473239421844482e-01,2.087990939617156982e-01,5.010963678359985352e-01,-3.851024806499481201e-02,2.680818438529968262e-01,1.599091291427612305e-01,3.970464468002319336e-01,2.177383601665496826e-01,3.320617675781250000e-01,-1.663463711738586426e-01,1.157616823911666870e-01,-3.129084706306457520e-01,-1.074714213609695435e-01,8.664891868829727173e-02,2.298272103071212769e-01,1.599147021770477295e-01,3.580737113952636719e-01,-9.817121922969818115e-02,-9.180103242397308350e-02,-1.913976669311523438e-01,-1.189418584108352661e-01,4.253258928656578064e-02,7.562993094325065613e-03,1.509187370538711548e-01,4.622092936187982559e-03,1.823013573884963989e-01,2.673260271549224854e-01,1.703649014234542847e-01,2.858815193176269531e-01,3.433201611042022705e-01,2.845585644245147705e-01,-1.070769801735877991e-01,-8.139859884977340698e-02,-6.086593866348266602e-02,5.542997643351554871e-02
2.270021587610244751e-01,1.128369718790054321e-01,1.711703836917877197e-01,1.876324713230133057e-01,-1.387968938797712326e-02,-1.061752960085868835e-01,3.274617791175842285e-01,7.917799800634384155e-02,7.627018541097640991e-02,-6.850358098745346069e-02,3.544958233833312988e-01,3.179832398891448975e-01,3.080860376358032227e-01,1.747899800539016724e-01,2.893806397914886475e-01,2.233409285545349121e-01,4.912872314453125000e-01,4.187495708465576172e-01,1.881979852914810181e-01,9.797547012567520142e-02,4.128398299217224121e-01,3.618890345096588135e-01,4.025361314415931702e-02,-5.382128059864044189e-02,-1.200320646166801453e-01,-1.100496575236320496e-01,1.073534563183784485e-01,7.430196553468704224e-02,1.000000357627868652e+00,5.143125653266906738e-01,3.448716104030609131e-01,2.656593620777130127e-01,3.504987061023712158e-01,3.216371536254882812e-01,2.996091544628143311e-01,1.651948392391204834e-01,3.125104606151580811e-01,4.602704569697380066e-02,3.366810381412506104e-01,1.379074752330780029e-01,1.690478920936584473e-01,6.742797046899795532e-02,2.398225218057632446e-01,1.105336174368858337e-01,-7.832857221364974976e-02,-1.123586893081665039e-01,1.624070703983306885e-01,8.313534408807754517e-02,-8.206966519355773926e-02,-1.120875701308250427e-01,-1.217330619692802429e-01,-1.135545298457145691e-01,-8.926672488451004028e-02,4.567249864339828491e-02,3.461967706680297852e-01,1.888710409402847290e-01,2.530542910099029541e-01,1.088240742683410645e-01,6.839846819639205933e-02,1.163223087787628174e-01,-5.081083998084068298e-02,-3.764669224619865417e-02,1.740152835845947266e-01,-3.075910918414592743e-02,-1.144586130976676941e-01,-1.914137154817581177e-01,1.746656447649002075e-01,1.558804512023925781e-01,-2.236121147871017456e-02,8.194246888160705566e-02,4.620928466320037842e-01,4.293968081474304199e-01,3.430614173412322998e-01,3.759809136390686035e-01,1.786535531282424927e-01,6.477479636669158936e-02,3.713958263397216797e-01,2.459199875593185425e-01,4.646567702293395996e-01,4.103825688362121582e-01,4.786823987960815430e-01,2.753854095935821533e-01,2.971573770046234131e-01,2.142347581684589386e-02,4.090255200862884521e-01,2.548201084136962891e-01,1.176765784621238708e-01,-1.089225150644779205e-02,3.839958310127258301e-01,2.060346901416778564e-01,3.205847740173339844e-01,9.876780211925506592e-02,9.285185486078262329e-02,-7.363583147525787354e-02,2.651420235633850098e-01,1.796644628047943115e-01,3.564402461051940918e-01,1.686582416296005249e-01,3.635033369064331055e-01,3.405723571777343750e-01,2.129371315240859985e-01,1.229400709271430969e-01,3.595311939716339111e-01,2.054517865180969238e-01,3.208909630775451660e-01,2.398473471403121948e-01,2.941302955150604248e-01,8.722484856843948364e-02,1.373743265867233276e-01,1.683387011289596558e-01,1.548347324132919312e-01,1.461758762598037720e-01,2.261672914028167725e-01,1.350302696228027344e-01,2.755605280399322510e-01,2.472464740276336670e-01
2.979050874710083008e-01,3.131554424762725830e-01,8.418901264667510986e-02,2.992689311504364014e-01,-2.891807118430733681e-03,4.694094508886337280e-02,3.522963523864746094e-01,3.432091772556304932e-01,-6.054699048399925232e-02,1.408116985112428665e-02,2.391122430562973022e-01,4.429760873317718506e-01,1.861710399389266968e-01,4.827692210674285889e-01,7.104677706956863403e-02,3.749043047428131104e-01,3.627932369709014893e-01,4.933883249759674072e-01,2.336447387933731079e-01,1.840828508138656616e-01,3.161407113075256348e-01,4.001434147357940674e-01,8.868692070245742798e-02,8.979073911905288696e-02,-5.290636792778968811e-03,3.287486732006072998e-02,1.405380964279174805e-01,2.362496703863143921e-01,5.143125653266906738e-01,9.999997615814208984e-01,2.527586519718170166e-01,2.596112489700317383e-01,2.605192363262176514e-01,2.540693581104278564e-01,2.349049448966979980e-01,1.654727160930633545e-01,1.622816473245620728e-01,9.366332553327083588e-03,1.953577548265457153e-01,6.379444897174835205e-02,5.478084087371826172e-02,1.413064301013946533e-01,2.065570354461669922e-01,1.601463556289672852e-01,-7.593476772308349609e-02,-3.760112449526786804e-02,6.868740916252136230e-02,8.983463048934936523e-02,-7.269006222486495972e-02,-5.360837280750274658e-02,-8.637981116771697998e-02,-6.115078926086425781e-02,-8.864143490791320801e-02,2.066552937030792236e-01,1.429664343595504761e-01,2.532308399677276611e-01,2.143670320510864258e-01,2.833887338638305664e-01,1.000570207834243774e-01,1.825899183750152588e-01,-1.100565865635871887e-02,9.400455653667449951e-02,3.307885723188519478e-03,1.014829948544502258e-01,-7.388589531183242798e-02,-1.408687680959701538e-01,1.592385321855545044e-01,1.566925644874572754e-01,6.424991041421890259e-02,1.471360772848129272e-01,4.273201823234558105e-01,5.619598031044006348e-01,2.353398352861404419e-01,4.991689324378967285e-01,1.605492681264877319e-01,1.680095940828323364e-01,3.372896015644073486e-01,2.943022847175598145e-01,4.237151443958282471e-01,4.888438284397125244e-01,2.880322337150573730e-01,3.888021409511566162e-01,5.447101220488548279e-02,2.803827822208404541e-01,1.724212467670440674e-01,3.186005949974060059e-01,5.597289279103279114e-02,2.113025784492492676e-01,1.619470417499542236e-01,2.635801136493682861e-01,1.222681440412998199e-02,1.556996256113052368e-01,-1.531404256820678711e-01,-3.319946676492691040e-02,1.665880531072616577e-01,1.380645483732223511e-01,2.993162572383880615e-01,2.015840858221054077e-01,1.362335234880447388e-01,2.851557135581970215e-01,-3.492602333426475525e-02,3.599676862359046936e-02,1.770728677511215210e-01,9.217507392168045044e-02,2.943029403686523438e-01,1.821144968271255493e-01,3.093648850917816162e-01,1.156993731856346130e-01,5.337265878915786743e-02,1.541741341352462769e-01,2.246316671371459961e-01,2.213068753480911255e-01,1.407094001770019531e-01,8.434764295816421509e-02,1.789939701557159424e-01,1.691645085811614990e-01
4.245920181274414062e-01,4.691199064254760742e-01,4.346095919609069824e-01,4.429759681224822998e-01,4.314453005790710449e-01,3.970830142498016357e-01,4.909178316593170166e-01,3.739758133888244629e-01,2.342521399259567261e-01,2.585111260414123535e-01,3.350220024585723877e-01,2.341949641704559326e-01,4.770048260688781738e-01,1.878755092620849609e-01,1.726356893777847290e-01,3.264693543314933777e-02,3.866861462593078613e-01,3.274918198585510254e-01,1.113976463675498962e-01,1.765574514865875244e-01,3.682906329631805420e-01,3.090536296367645264e-01,5.387395620346069336e-01,5.204257369041442871e-01,4.584071636199951172e-01,4.251881539821624756e-01,5.235512256622314453e-01,4.589979946613311768e-01,3.448716104030609131e-01,2.527586519718170166e-01,9.999994635581970215e-01,7.183858156204223633e-01,3.320876359939575195e-01,3.664347529411315918e-01,1.875278353691101074e-01,1.469600796699523926e-01,1.131717562675476074e-01,1.051292642951011658e-01,1.297963708639144897e-01,7.584594190120697021e-02,-7.298356294631958008e-02,4.988752678036689758e-02,5.247712507843971252e-02,1.089836359024047852e-01,7.637416478246450424e-03,7.581218145787715912e-03,1.168941110372543335e-01,1.151871681213378906e-01,-1.246104110032320023e-02,3.020214848220348358e-03,-5.863418802618980408e-02,6.541257351636886597e-02,1.528332196176052094e-02,7.464870810508728027e-02,4.222647473216056824e-02,-1.090047433972358704e-01,4.011637568473815918e-01,3.151127696037292480e-01,1.452360600233078003e-01,-7.398362504318356514e-04,-5.397706758230924606e-03,-2.301369979977607727e-02,7.571035623550415039e-02,2.307928204536437988e-01,-1.090609952807426453e-01,-1.414757668972015381e-01,2.170899808406829834e-01,1.310899257659912109e-01,3.220428526401519775e-02,4.622343182563781738e-02,3.479835391044616699e-01,2.733528316020965576e-01,1.195503771305084229e-01,1.379690468311309814e-01,7.303193956613540649e-02,-3.060099668800830841e-02,2.546640932559967041e-01,1.645750701427459717e-01,3.940513730049133301e-01,4.088826477527618408e-01,3.192151486873626709e-01,3.203817903995513916e-01,2.242600619792938232e-01,2.031926214694976807e-01,1.736996620893478394e-01,1.930769979953765869e-01,1.484509557485580444e-01,1.093837395310401917e-01,3.863560557365417480e-01,1.396670788526535034e-01,1.532101910561323166e-02,-7.075634598731994629e-02,-2.362091541290283203e-01,-3.211330473423004150e-01,2.359165102243423462e-01,3.331350684165954590e-01,3.675642609596252441e-01,3.613599836826324463e-01,1.275413334369659424e-01,6.530821323394775391e-02,-9.194085747003555298e-02,-2.100089937448501587e-01,1.307785362005233765e-01,-1.995325833559036255e-02,2.486356347799301147e-01,7.885500043630599976e-02,1.916266679763793945e-01,1.766830235719680786e-01,2.560640275478363037e-01,3.017036020755767822e-01,3.944399058818817139e-01,3.189355134963989258e-01,4.562344402074813843e-02,6.007632985711097717e-02,9.086862951517105103e-02,1.431700438261032104e-01
4.232050180435180664e-01,5.494967103004455566e-01,4.831902086734771729e-01,5.466837882995605469e-01,3.435887396335601807e-01,4.188968539237976074e-01,5.104591846466064453e-01,4.782720208168029785e-01,1.630547344684600830e-01,2.564267218112945557e-01,3.470659255981445312e-01,2.818294167518615723e-01,4.587821662425994873e-01,2.382345199584960938e-01,8.802054077386856079e-02,4.777008295059204102e-02,3.649339675903320312e-01,3.748701214790344238e-01,1.470851898193359375e-01,1.798033863306045532e-01,3.448866903781890869e-01,3.673970401287078857e-01,5.685011744499206543e-01,5.859416723251342773e-01,4.404314458370208740e-01,4.403200745582580566e-01,4.696294069290161133e-01,4.866649508476257324e-01,2.656593620777130127e-01,2.596112489700317383e-01,7.183858156204223633e-01,9.999998211860656738e-01,3.178050518035888672e-01,3.700806796550750732e-01,2.015089541673660278e-01,1.988242268562316895e-01,9.585774689912796021e-02,1.141404509544372559e-01,1.225003749132156372e-01,7.637932896614074707e-02,-9.308039397001266479e-02,6.279460340738296509e-02,8.055000752210617065e-02,2.043965309858322144e-01,4.821548983454704285e-02,5.284018442034721375e-02,1.739357709884643555e-01,2.028575092554092407e-01,3.171829506754875183e-02,3.901995345950126648e-02,7.528400165028870106e-04,1.288728266954421997e-01,1.128011476248502731e-02,6.880868226289749146e-02,-5.650019738823175430e-03,-6.087113544344902039e-02,3.870150744915008545e-01,3.699994385242462158e-01,1.437239795923233032e-01,-3.529867390170693398e-03,1.383863389492034912e-02,-2.057656878605484962e-03,1.559991505928337574e-03,2.703743278980255127e-01,-9.843406081199645996e-02,-1.272834390401840210e-01,2.317690551280975342e-01,1.586931198835372925e-01,3.830729052424430847e-02,2.304852008819580078e-02,3.845599889755249023e-01,3.325899839401245117e-01,1.005691066384315491e-01,1.651521027088165283e-01,9.225621074438095093e-02,4.050908610224723816e-02,2.719984948635101318e-01,2.074220180511474609e-01,3.741710186004638672e-01,3.835572898387908936e-01,2.896663844585418701e-01,3.520750403404235840e-01,1.026410236954689026e-01,2.244727611541748047e-01,7.748126238584518433e-02,1.785720586776733398e-01,4.639459401369094849e-02,1.542890965938568115e-01,2.730060219764709473e-01,1.423107087612152100e-01,-7.268767058849334717e-02,-5.626728013157844543e-02,-3.026641011238098145e-01,-2.977106571197509766e-01,2.296129316091537476e-01,3.182982802391052246e-01,3.295076191425323486e-01,3.893404603004455566e-01,1.085175797343254089e-01,1.013041436672210693e-01,-1.395527124404907227e-01,-2.322478592395782471e-01,1.000171527266502380e-01,-4.032165184617042542e-02,2.370187044143676758e-01,6.786185503005981445e-02,1.740805804729461670e-01,1.726363748311996460e-01,2.404744476079940796e-01,3.550385832786560059e-01,4.266619384288787842e-01,3.093756139278411865e-01,2.405859157443046570e-02,6.256359070539474487e-02,1.077234297990798950e-01,1.513256728649139404e-01
2.266275584697723389e-01,2.504940330982208252e-01,2.066160738468170166e-01,2.883506417274475098e-01,3.179456293582916260e-02,7.676530629396438599e-02,3.483589291572570801e-01,1.686421483755111694e-01,-4.329380393028259277e-02,-6.979996338486671448e-03,2.408533096313476562e-01,2.206248790025711060e-01,1.981959640979766846e-01,6.606730073690414429e-02,1.049397587776184082e-01,1.614909172058105469e-01,2.576419711112976074e-01,2.368478626012802124e-01,2.940977215766906738e-01,2.679940313100814819e-02,3.490417599678039551e-01,3.706865906715393066e-01,1.354340910911560059e-01,8.810678869485855103e-02,-1.171441935002803802e-02,5.923222750425338745e-02,2.089595198631286621e-01,2.145162969827651978e-01,3.504987061023712158e-01,2.605192363262176514e-01,3.320876359939575195e-01,3.178050518035888672e-01,9.999996423721313477e-01,7.496745586395263672e-01,3.015018999576568604e-01,1.887775659561157227e-01,2.583877742290496826e-01,2.597694694995880127e-01,2.649860382080078125e-01,2.751004099845886230e-01,1.348986029624938965e-01,2.248761653900146484e-01,1.063496023416519165e-01,5.891531333327293396e-02,2.830908820033073425e-02,-6.833449751138687134e-02,1.174769029021263123e-01,9.380885958671569824e-02,7.697656285017728806e-03,-7.697603106498718262e-02,-3.632115200161933899e-02,-1.144086010754108429e-02,-4.756115749478340149e-02,1.061029657721519470e-01,2.404117733240127563e-01,2.437695860862731934e-01,2.967024445533752441e-01,3.007403612136840820e-01,2.278880178928375244e-01,1.490221321582794189e-01,1.173030659556388855e-01,5.340430140495300293e-02,2.611653208732604980e-01,1.947759687900543213e-01,-5.158841237425804138e-02,7.264371961355209351e-02,4.360478520393371582e-01,3.750900328159332275e-01,-1.951466649770736694e-01,-1.153424531221389771e-01,3.554238677024841309e-01,2.556289434432983398e-01,1.524388045072555542e-01,2.220472395420074463e-01,8.992366492748260498e-02,9.881035238504409790e-02,3.531084656715393066e-01,3.925748467445373535e-01,2.245277017354965210e-01,2.369627058506011963e-01,3.347557783126831055e-01,2.371051311492919922e-01,1.054165735840797424e-01,1.102669090032577515e-01,1.536700576543807983e-01,1.915606409311294556e-01,-5.378806963562965393e-03,1.357785798609256744e-02,2.015495002269744873e-01,1.808929145336151123e-01,2.321046590805053711e-01,1.938693523406982422e-01,5.128762871026992798e-02,2.594401314854621887e-02,2.694962620735168457e-01,2.717255651950836182e-01,3.569332063198089600e-01,2.999581992626190186e-01,3.077204227447509766e-01,3.398608565330505371e-01,8.476939052343368530e-02,3.037140145897865295e-02,2.784031629562377930e-01,1.501525491476058960e-01,2.726326584815979004e-01,2.060436904430389404e-01,1.338123828172683716e-01,1.024271920323371887e-01,2.523596286773681641e-01,3.082992732524871826e-01,3.144543170928955078e-01,2.173872441053390503e-01,2.127649933099746704e-01,9.548635035753250122e-02,2.218393087387084961e-01,3.223793804645538330e-01
2.553523182868957520e-01,3.157661855220794678e-01,2.838350832462310791e-01,3.551574349403381348e-01,6.928044557571411133e-02,1.237205788493156433e-01,3.932242691516876221e-01,2.453358173370361328e-01,-2.632850408554077148e-02,5.159529857337474823e-03,2.647389471530914307e-01,2.673837244510650635e-01,2.648897469043731689e-01,9.903854131698608398e-02,1.027292385697364807e-01,1.095938161015510559e-01,2.524492442607879639e-01,2.750902473926544189e-01,2.745284438133239746e-01,7.393448054790496826e-02,3.717760145664215088e-01,4.112854599952697754e-01,2.459788471460342407e-01,1.977978199720382690e-01,7.456430047750473022e-02,1.185328140854835510e-01,2.301928400993347168e-01,2.387471199035644531e-01,3.216371536254882812e-01,2.540693581104278564e-01,3.664347529411315918e-01,3.700806796550750732e-01,7.496745586395263672e-01,9.999998807907104492e-01,2.590686976909637451e-01,1.469520926475524902e-01,2.351233661174774170e-01,2.460115998983383179e-01,2.590897679328918457e-01,2.395946681499481201e-01,1.149600297212600708e-01,1.818211376667022705e-01,9.930127859115600586e-02,9.578922390937805176e-02,2.784456312656402588e-02,-4.996103420853614807e-02,1.241810917854309082e-01,1.438492536544799805e-01,3.339330200105905533e-03,-7.177565246820449829e-02,-5.605383589863777161e-02,2.281518466770648956e-02,-3.924081847071647644e-02,1.169047281146049500e-01,1.871504932641983032e-01,1.888397186994552612e-01,2.924048602581024170e-01,3.415103554725646973e-01,2.121023386716842651e-01,1.057621315121650696e-01,7.388437539339065552e-02,4.857804626226425171e-02,1.589069962501525879e-01,2.396849691867828369e-01,-8.884191513061523438e-02,4.385514929890632629e-02,3.770266175270080566e-01,3.028440475463867188e-01,-2.170367985963821411e-01,-1.872282922267913818e-01,3.928627669811248779e-01,3.087643384933471680e-01,2.054598182439804077e-01,2.779428064823150635e-01,1.299731135368347168e-01,1.492143273353576660e-01,3.436877429485321045e-01,3.778529167175292969e-01,2.621728777885437012e-01,2.347556650638580322e-01,3.065260648727416992e-01,2.739519178867340088e-01,8.204966783523559570e-02,8.517936617136001587e-02,1.115758121013641357e-01,1.619996130466461182e-01,-5.018414929509162903e-03,8.454454131424427032e-03,1.701159924268722534e-01,1.217180788516998291e-01,1.543690562248229980e-01,1.529887020587921143e-01,-1.125312317162752151e-02,-1.003668457269668579e-02,2.339425683021545410e-01,2.943846285343170166e-01,3.652525842189788818e-01,3.227978944778442383e-01,2.460572570562362671e-01,3.032700717449188232e-01,4.958570934832096100e-03,-1.855151169002056122e-02,2.413133382797241211e-01,1.092043220996856689e-01,2.449834495782852173e-01,1.612070500850677490e-01,1.566229164600372314e-01,1.157395243644714355e-01,2.422322034835815430e-01,2.781687974929809570e-01,3.331195414066314697e-01,2.058997601270675659e-01,1.545422822237014771e-01,1.043563857674598694e-01,1.978156864643096924e-01,2.792761921882629395e-01
3.471392095088958740e-01,2.076322436332702637e-01,5.390476435422897339e-02,1.525658220052719116e-01,-2.210026979446411133e-01,-1.078012883663177490e-01,2.122995555400848389e-01,4.992872104048728943e-02,-2.265519797801971436e-01,-1.412554532289505005e-01,1.806211322546005249e-01,1.244196742773056030e-01,7.754955440759658813e-02,-2.023238316178321838e-02,-1.532448679208755493e-01,-5.026650428771972656e-02,3.020385503768920898e-01,2.232292294502258301e-01,4.870339334011077881e-01,1.613370031118392944e-01,1.519966274499893188e-01,1.313509345054626465e-01,-2.514093928039073944e-02,-6.356720626354217529e-02,-1.771233677864074707e-01,-1.020717471837997437e-01,-2.622554264962673187e-02,-4.674724768847227097e-03,2.996091544628143311e-01,2.349049448966979980e-01,1.875278353691101074e-01,2.015089541673660278e-01,3.015018999576568604e-01,2.590686976909637451e-01,9.999998211860656738e-01,6.592414975166320801e-01,2.557850778102874756e-01,1.527092009782791138e-01,2.633707225322723389e-01,5.121611058712005615e-02,1.417586654424667358e-01,6.444128602743148804e-02,2.211053073406219482e-01,2.467930167913436890e-01,-4.347201436758041382e-02,-3.594725951552391052e-02,2.201594710350036621e-01,1.679263114929199219e-01,9.714440256357192993e-02,-2.016208507120609283e-02,6.888608634471893311e-02,-3.675551852211356163e-03,2.665251307189464569e-02,-9.906245395541191101e-03,2.552469670772552490e-01,1.074425317347049713e-02,2.953258156776428223e-01,1.716973632574081421e-01,2.036746740341186523e-01,1.133847907185554504e-01,4.325291514396667480e-02,5.574654415249824524e-02,5.320439487695693970e-02,-2.428206987679004669e-02,-2.004631049931049347e-02,-7.119803130626678467e-02,5.082638859748840332e-01,4.238381087779998779e-01,9.072533994913101196e-02,1.163088083267211914e-01,3.305567204952239990e-01,2.986673414707183838e-01,2.436757534742355347e-01,2.095260024070739746e-01,1.622110754251480103e-01,1.442368626594543457e-01,4.385487139225006104e-01,4.122800827026367188e-01,2.701658010482788086e-01,2.857036888599395752e-01,1.742019653320312500e-01,8.350142091512680054e-02,-1.429180204868316650e-01,-8.987139910459518433e-02,1.778236776590347290e-01,2.806924842298030853e-02,-7.953835278749465942e-02,-9.842330962419509888e-02,4.510421305894851685e-02,-4.339210689067840576e-02,1.150101050734519958e-01,-2.373422123491764069e-02,8.686476387083530426e-03,-1.008640155196189880e-01,2.739959061145782471e-01,1.672894954681396484e-01,3.532179296016693115e-01,2.106616795063018799e-01,3.202871680259704590e-01,2.227936536073684692e-01,4.355400800704956055e-02,6.962379906326532364e-03,2.687350213527679443e-01,1.087099388241767883e-01,3.976050019264221191e-01,3.033020794391632080e-01,2.267558723688125610e-01,8.692753314971923828e-02,2.022582888603210449e-01,2.024952471256256104e-01,2.789818644523620605e-01,1.781028956174850464e-01,1.401734650135040283e-01,1.885229498147964478e-01,3.233366310596466064e-01,2.919059991836547852e-01
2.484587877988815308e-01,1.907978206872940063e-01,7.467551529407501221e-02,2.426328510046005249e-01,-2.073149830102920532e-01,-7.549609988927841187e-02,1.651770323514938354e-01,6.285636126995086670e-02,-2.060244083404541016e-01,-1.311582922935485840e-01,9.586329013109207153e-02,1.703049615025520325e-02,-9.226311929523944855e-03,-1.344295497983694077e-02,-1.430369466543197632e-01,-4.424842447042465210e-02,2.485062479972839355e-01,1.922990381717681885e-01,4.305303990840911865e-01,5.797174200415611267e-02,1.390262693166732788e-01,1.134494021534919739e-01,1.104573346674442291e-02,-1.745594479143619537e-02,-1.256005465984344482e-01,-4.405906796455383301e-02,6.970734335482120514e-03,4.967791214585304260e-02,1.651948392391204834e-01,1.654727160930633545e-01,1.469600796699523926e-01,1.988242268562316895e-01,1.887775659561157227e-01,1.469520926475524902e-01,6.592414975166320801e-01,9.999995231628417969e-01,1.702544242143630981e-01,1.040673404932022095e-01,1.853655874729156494e-01,-4.668096546083688736e-03,8.440572768449783325e-02,4.529758542776107788e-02,2.546069920063018799e-01,3.225635886192321777e-01,4.851523321121931076e-03,3.154258802533149719e-02,2.811412811279296875e-01,2.567850351333618164e-01,1.298543512821197510e-01,6.577445566654205322e-02,1.169355586171150208e-01,8.833222836256027222e-02,9.465364366769790649e-02,4.647953435778617859e-02,1.834694892168045044e-01,7.614983711391687393e-03,2.638387382030487061e-01,2.532221078872680664e-01,2.147508561611175537e-01,1.945309191942214966e-01,1.776074618101119995e-02,6.090198084712028503e-02,-3.626285493373870850e-02,-3.522244747728109360e-03,-8.487938344478607178e-02,-9.515938907861709595e-02,4.268428981304168701e-01,4.528149366378784180e-01,3.999859467148780823e-02,9.549640119075775146e-02,3.168156445026397705e-01,3.187285363674163818e-01,1.761598289012908936e-01,1.642354130744934082e-01,1.741497367620468140e-01,1.284181028604507446e-01,3.603552877902984619e-01,3.788659572601318359e-01,1.639190018177032471e-01,2.199807167053222656e-01,6.002918258309364319e-02,5.615578591823577881e-02,-1.486600935459136963e-01,-3.544627875089645386e-02,9.567159414291381836e-02,6.905637215822935104e-03,-5.154854804277420044e-02,-3.248182311654090881e-02,4.028987605124711990e-03,-1.042598113417625427e-02,9.013897180557250977e-02,5.975688621401786804e-02,-7.345995400100946426e-03,-4.026562720537185669e-02,1.533629745244979858e-01,8.991946280002593994e-02,2.868109047412872314e-01,1.967849731445312500e-01,2.434811145067214966e-01,2.059523314237594604e-01,2.667314372956752777e-02,1.170746143907308578e-02,1.899709999561309814e-01,6.279278546571731567e-02,2.872642874717712402e-01,1.917914003133773804e-01,1.907357871532440186e-01,8.972178399562835693e-02,7.307130098342895508e-02,1.753898859024047852e-01,3.163207769393920898e-01,2.362321019172668457e-01,1.554772853851318359e-01,2.560328245162963867e-01,2.458456158638000488e-01,1.159343421459197998e-01
1.151068210601806641e-01,3.538121655583381653e-02,2.408075518906116486e-02,2.874998375773429871e-02,-1.094411090016365051e-01,-6.458900868892669678e-02,1.053473651409149170e-01,-2.436083741486072540e-02,-3.934073075652122498e-02,-7.343113422393798828e-02,8.304863423109054565e-02,1.617765873670578003e-01,-3.105528838932514191e-02,2.396512217819690704e-02,1.129048988223075867e-01,1.441582143306732178e-01,1.776055395603179932e-01,1.672619581222534180e-01,1.835760921239852905e-01,-9.558518975973129272e-02,3.148797750473022461e-01,2.636271417140960693e-01,-5.381718277931213379e-02,-9.705227613449096680e-02,-1.457485556602478027e-01,-1.051591187715530396e-01,3.766221227124333382e-03,8.383560925722122192e-03,3.125104606151580811e-01,1.622816473245620728e-01,1.131717562675476074e-01,9.585774689912796021e-02,2.583877742290496826e-01,2.351233661174774170e-01,2.557850778102874756e-01,1.702544242143630981e-01,9.999997019767761230e-01,1.602067649364471436e-01,4.056623280048370361e-01,1.237023770809173584e-01,3.151956796646118164e-01,1.173943355679512024e-01,1.098199784755706787e-01,5.862034484744071960e-02,5.218934640288352966e-02,-6.518801301717758179e-02,9.747358411550521851e-02,5.342438817024230957e-02,5.802351608872413635e-02,-9.226789325475692749e-02,-8.530977368354797363e-02,-8.533712476491928101e-02,2.711454033851623535e-02,1.926393657922744751e-01,4.005405008792877197e-01,1.605367809534072876e-01,2.183550149202346802e-01,1.579282283782958984e-01,1.774396747350692749e-01,1.455273926258087158e-01,3.189774230122566223e-02,8.393937349319458008e-02,1.812643855810165405e-01,6.108205392956733704e-02,-1.690651290118694305e-02,-4.965692758560180664e-02,2.746055424213409424e-01,2.138295620679855347e-01,-1.577108204364776611e-01,-9.738057106733322144e-02,2.319054752588272095e-01,2.069871574640274048e-01,2.244662195444107056e-01,3.134407997131347656e-01,1.805146038532257080e-01,1.840657293796539307e-01,4.194527864456176758e-01,2.267853021621704102e-01,2.321616411209106445e-01,8.746504783630371094e-02,2.471776604652404785e-01,2.018478885293006897e-02,9.699431806802749634e-02,3.582257404923439026e-02,1.889564245939254761e-01,7.387781888246536255e-02,4.906681925058364868e-02,-7.615087088197469711e-03,2.549946606159210205e-01,9.313949942588806152e-02,2.575223147869110107e-01,1.256350576877593994e-01,1.317394524812698364e-01,5.885051935911178589e-02,2.939561009407043457e-01,2.137062102556228638e-01,4.046384692192077637e-01,2.041872143745422363e-01,3.504811227321624756e-01,2.335295528173446655e-01,1.995615065097808838e-01,9.796870499849319458e-02,2.692951858043670654e-01,1.615965962409973145e-01,3.063495755195617676e-01,1.603100746870040894e-01,2.731575369834899902e-01,5.778875201940536499e-02,2.223884314298629761e-01,2.515951395034790039e-01,2.443705499172210693e-01,1.890222281217575073e-01,1.783121228218078613e-01,6.705925613641738892e-02,1.545743048191070557e-01,2.381992042064666748e-01
-3.336180374026298523e-02,1.587267816066741943e-01,-1.519360765814781189e-02,1.283902078866958618e-01,6.325520575046539307e-02,1.118417531251907349e-01,1.122443750500679016e-01,1.368901431560516357e-01,3.541933372616767883e-02,9.030643850564956665e-02,3.128262236714363098e-02,-1.656137779355049133e-02,-2.013272792100906372e-02,-2.869940921664237976e-02,1.847627107053995132e-03,6.212893128395080566e-02,4.327081888914108276e-02,8.918743580579757690e-02,1.495440602302551270e-01,-1.573686860501766205e-02,1.879548430442810059e-01,5.945152416825294495e-02,-3.112484887242317200e-02,3.986211866140365601e-02,9.837313555181026459e-03,5.469925701618194580e-02,1.341129690408706665e-01,1.765784770250320435e-01,4.602704569697380066e-02,9.366332553327083588e-03,1.051292642951011658e-01,1.141404509544372559e-01,2.597694694995880127e-01,2.460115998983383179e-01,1.527092009782791138e-01,1.040673404932022095e-01,1.602067649364471436e-01,9.999999403953552246e-01,1.596153527498245239e-01,4.713838994503021240e-01,1.754595041275024414e-01,3.769392967224121094e-01,3.363554715178906918e-04,5.019011348485946655e-02,-6.859988905489444733e-03,-2.213814109563827515e-02,3.956262394785881042e-02,1.031802743673324585e-01,-1.900887861847877502e-02,-4.942814633250236511e-02,-4.065039008855819702e-02,-7.430344820022583008e-02,1.979722268879413605e-02,7.144529372453689575e-02,2.182399034500122070e-01,3.172676265239715576e-01,1.827908456325531006e-01,2.282773256301879883e-01,2.812114953994750977e-01,1.490762382745742798e-01,1.452877223491668701e-01,1.161922290921211243e-01,8.184491097927093506e-02,1.261061578989028931e-01,-6.292330473661422729e-02,1.885003745555877686e-01,3.570202589035034180e-01,3.210187256336212158e-01,-1.161990463733673096e-01,-9.106877446174621582e-02,1.409155428409576416e-01,4.161880537867546082e-02,2.130065113306045532e-01,-3.064795397222042084e-02,1.766192764043807983e-01,1.529417037963867188e-01,1.979237794876098633e-01,2.637264132499694824e-01,-6.265876442193984985e-02,5.486461892724037170e-02,-1.688846736215054989e-03,1.245535984635353088e-01,-4.608103632926940918e-02,7.525041699409484863e-02,-4.005044698715209961e-02,2.072816491127014160e-01,-9.587799012660980225e-02,1.025212109088897705e-01,1.572766923345625401e-03,2.772685885429382324e-01,1.730261445045471191e-01,2.237850874662399292e-01,8.384053409099578857e-02,1.103212460875511169e-01,2.344505488872528076e-01,3.374346494674682617e-01,1.579667031764984131e-01,3.088869452476501465e-01,2.428415417671203613e-01,2.401137501001358032e-01,1.262018233537673950e-01,9.714945405721664429e-02,2.625569999217987061e-01,1.975783407688140869e-01,2.737001776695251465e-01,1.904629021883010864e-01,1.205839738249778748e-01,3.954549431800842285e-01,2.406926453113555908e-01,2.061822563409805298e-01,1.606008559465408325e-01,1.713680028915405273e-01,8.536396920680999756e-02,6.093798950314521790e-02,2.090812325477600098e-01,2.655709981918334961e-01
8.143632858991622925e-02,1.022230759263038635e-01,3.981523215770721436e-02,7.658188045024871826e-02,-9.852685779333114624e-02,-1.194780319929122925e-01,1.537196487188339233e-01,2.149093709886074066e-02,1.662478595972061157e-02,-6.556093692779541016e-02,1.765057295560836792e-01,1.832992136478424072e-01,2.953612245619297028e-02,6.484828144311904907e-02,1.133569180965423584e-01,1.818036586046218872e-01,2.428363561630249023e-01,1.926768571138381958e-01,1.353078633546829224e-01,-7.430952042341232300e-02,2.909133434295654297e-01,2.568436563014984131e-01,-9.915307164192199707e-02,-1.263655573129653931e-01,-1.738857328891754150e-01,-1.469258964061737061e-01,6.377888377755880356e-03,-3.910014778375625610e-02,3.366810381412506104e-01,1.953577548265457153e-01,1.297963708639144897e-01,1.225003749132156372e-01,2.649860382080078125e-01,2.590897679328918457e-01,2.633707225322723389e-01,1.853655874729156494e-01,4.056623280048370361e-01,1.596153527498245239e-01,9.999992847442626953e-01,2.531281709671020508e-01,2.597781419754028320e-01,1.104098111391067505e-01,2.569088935852050781e-01,1.273796111345291138e-01,-1.181937158107757568e-01,-1.582113802433013916e-01,2.066284716129302979e-01,1.545052677392959595e-01,-9.490543603897094727e-02,-1.588331162929534912e-01,-5.515372753143310547e-02,-1.196225583553314209e-01,4.252251703292131424e-03,1.206382364034652710e-01,3.885682821273803711e-01,1.678501516580581665e-01,2.364106625318527222e-01,2.080271244049072266e-01,8.604352921247482300e-02,2.288931608200073242e-01,-4.303691536188125610e-02,-6.072831153869628906e-02,8.012887835502624512e-02,-9.856630116701126099e-02,-6.190597265958786011e-02,-2.308360189199447632e-01,1.844739317893981934e-01,2.677688598632812500e-01,-1.692243516445159912e-01,-9.521041065454483032e-02,3.345494866371154785e-01,2.981413304805755615e-01,2.804653942584991455e-01,3.489949405193328857e-01,1.957265734672546387e-01,1.483299583196640015e-01,3.795723617076873779e-01,2.420177608728408813e-01,2.338587939739227295e-01,1.273418664932250977e-01,1.526246666908264160e-01,1.474526803940534592e-02,1.486361324787139893e-01,3.248246619477868080e-03,2.762901186943054199e-01,1.146371886134147644e-01,6.349126249551773071e-02,-1.277621984481811523e-01,2.726262807846069336e-01,1.128737330436706543e-01,2.644339799880981445e-01,1.127190366387367249e-01,1.520751863718032837e-01,-2.812939696013927460e-02,4.062240719795227051e-01,2.682460546493530273e-01,4.369932711124420166e-01,2.832035124301910400e-01,4.291917979717254639e-01,3.785085082054138184e-01,3.228885233402252197e-01,1.449454873800277710e-01,4.001972973346710205e-01,3.067362010478973389e-01,3.615708649158477783e-01,3.475139737129211426e-01,1.907864212989807129e-01,5.411223322153091431e-02,2.106392085552215576e-01,1.426884084939956665e-01,2.191680818796157837e-01,2.239378541707992554e-01,2.589631676673889160e-01,2.450133860111236572e-01,2.663229703903198242e-01,2.375879883766174316e-01
-9.199026972055435181e-02,8.455820381641387939e-02,-8.042493718676269054e-04,1.089333146810531616e-01,1.535582691431045532e-01,1.105039790272712708e-01,3.624441474676132202e-02,7.392224669456481934e-02,1.979313045740127563e-01,1.634768694639205933e-01,5.280967801809310913e-02,4.154645651578903198e-02,7.756619900465011597e-02,-1.773245073854923248e-02,1.633110642433166504e-01,2.141282558441162109e-01,2.820543572306632996e-02,1.195741072297096252e-01,2.662300691008567810e-02,1.910402439534664154e-02,1.736811250448226929e-01,1.095531284809112549e-01,-2.340922132134437561e-02,1.975283212959766388e-02,4.402204882353544235e-03,3.772179037332534790e-02,7.620430737733840942e-02,9.600269049406051636e-02,1.379074752330780029e-01,6.379444897174835205e-02,7.584594190120697021e-02,7.637932896614074707e-02,2.751004099845886230e-01,2.395946681499481201e-01,5.121611058712005615e-02,-4.668096546083688736e-03,1.237023770809173584e-01,4.713838994503021240e-01,2.531281709671020508e-01,1.000000119209289551e+00,9.126985073089599609e-02,4.167630374431610107e-01,-6.071983370929956436e-03,-4.472376778721809387e-02,5.315572768449783325e-02,-1.161235477775335312e-02,5.477108992636203766e-03,5.143919214606285095e-02,-6.385410577058792114e-02,-1.454228907823562622e-02,-8.131101727485656738e-02,-6.019832938909530640e-02,-5.736610665917396545e-02,6.512858718633651733e-02,2.035152018070220947e-01,4.343601465225219727e-01,5.158644914627075195e-02,1.214830875396728516e-01,6.157294288277626038e-02,7.544821500778198242e-02,-1.300846785306930542e-02,-4.970162734389305115e-02,5.340412259101867676e-02,3.581060096621513367e-02,-1.355940401554107666e-01,6.616743654012680054e-02,2.017041146755218506e-01,2.110414803028106689e-01,-7.668015360832214355e-02,-5.247456720098853111e-04,5.175998434424400330e-02,-4.409713204950094223e-03,1.211754903197288513e-01,-5.260919779539108276e-02,1.305623054504394531e-01,6.147617101669311523e-02,1.449883133172988892e-01,1.743345260620117188e-01,-2.748866751790046692e-02,8.063738048076629639e-02,2.007194980978965759e-02,1.366107761859893799e-01,1.364432275295257568e-01,1.961433440446853638e-01,-2.045777812600135803e-02,2.998787462711334229e-01,4.406823776662349701e-03,1.142947152256965637e-01,9.824308753013610840e-02,4.263582229614257812e-01,2.201622277498245239e-01,2.317947596311569214e-01,9.898930042982101440e-02,1.041480973362922668e-01,2.399979978799819946e-01,3.167038559913635254e-01,1.086883991956710815e-01,2.801629602909088135e-01,2.887344360351562500e-01,3.453300297260284424e-01,2.033530622720718384e-01,9.698420763015747070e-02,2.592611610889434814e-01,2.777179777622222900e-01,2.344819903373718262e-01,1.877235472202301025e-01,3.942964598536491394e-02,3.242225348949432373e-01,2.230763137340545654e-01,9.542670100927352905e-02,2.226570248603820801e-02,4.564913362264633179e-02,8.512034267187118530e-02,2.591802179813385010e-02,1.705479919910430908e-01,2.400067150592803955e-01
-3.103566123172640800e-03,-8.060652017593383789e-02,-2.201770991086959839e-02,-1.355118211358785629e-02,-1.862003803253173828e-01,-1.994366198778152466e-01,2.573397010564804077e-02,-7.959794998168945312e-02,-1.486870795488357544e-01,-2.057155668735504150e-01,-5.413046479225158691e-02,-2.696260809898376465e-03,-1.435169875621795654e-01,1.865709014236927032e-02,2.606878802180290222e-02,1.247531771659851074e-01,3.604302927851676941e-02,5.354904010891914368e-02,1.399583369493484497e-01,-1.062503382563591003e-01,1.493419259786605835e-01,1.004250422120094299e-01,-1.987304985523223877e-01,-1.892328560352325439e-01,-2.736027240753173828e-01,-2.789796888828277588e-01,6.289050728082656860e-02,1.276043913094326854e-04,1.690478920936584473e-01,5.478084087371826172e-02,-7.298356294631958008e-02,-9.308039397001266479e-02,1.348986029624938965e-01,1.149600297212600708e-01,1.417586654424667358e-01,8.440572768449783325e-02,3.151956796646118164e-01,1.754595041275024414e-01,2.597781419754028320e-01,9.126985073089599609e-02,1.000000119209289551e+00,2.096219956874847412e-01,1.927092373371124268e-01,1.001950427889823914e-01,-8.407825976610183716e-02,-8.933858573436737061e-02,6.332281231880187988e-02,4.381712898612022400e-02,-3.522977605462074280e-02,-1.049586683511734009e-01,-3.289387794211506844e-03,-6.894488632678985596e-02,5.060733854770660400e-02,1.446296274662017822e-01,3.608173131942749023e-01,2.542176246643066406e-01,1.216709539294242859e-01,7.526562362909317017e-02,7.466928660869598389e-02,1.982067674398422241e-01,-7.984902709722518921e-02,-6.864510476589202881e-02,8.091407269239425659e-02,-9.159194678068161011e-02,1.398622058331966400e-02,-5.956872925162315369e-02,7.067574560642242432e-02,1.607875376939773560e-01,-1.309610754251480103e-01,-8.273337036371231079e-02,1.607807427644729614e-01,5.893787741661071777e-02,2.317520231008529663e-01,1.095028743147850037e-01,1.004118844866752625e-01,7.685331255197525024e-02,1.735636293888092041e-01,1.579711288213729858e-01,1.133103221654891968e-01,2.073142910376191139e-03,6.709783338010311127e-03,-9.444658458232879639e-02,1.029883623123168945e-01,-7.471809536218643188e-02,9.691990166902542114e-02,-3.356302529573440552e-02,-2.589837834239006042e-02,-9.831079095602035522e-02,7.168766856193542480e-02,8.333958685398101807e-02,1.931474953889846802e-01,1.521980762481689453e-01,1.969334632158279419e-01,1.894231289625167847e-01,2.134170830249786377e-01,1.509763300418853760e-01,2.562575936317443848e-01,1.277152597904205322e-01,2.376849651336669922e-01,1.970724910497665405e-01,1.960572153329849243e-01,2.677001059055328369e-01,1.964167058467864990e-01,2.355924993753433228e-01,1.384798884391784668e-01,1.945970952510833740e-01,9.448342025279998779e-02,-1.372456923127174377e-02,1.443380713462829590e-01,1.229585930705070496e-01,9.976881742477416992e-02,1.477966606616973877e-01,1.841595768928527832e-01,9.594926983118057251e-02,1.577012538909912109e-01,8.501052111387252808e-02
4.487827885895967484e-03,9.229764342308044434e-02,-8.222627453505992889e-03,1.157395839691162109e-01,1.128233596682548523e-01,1.586661934852600098e-01,1.010637581348419189e-01,1.566533595323562622e-01,3.530606254935264587e-02,1.248885989189147949e-01,2.824407129082828760e-04,7.911873608827590942e-02,1.751131936907768250e-02,1.076704040169715881e-01,9.349201619625091553e-02,2.512098252773284912e-01,-1.247474923729896545e-02,1.564017534255981445e-01,1.094349399209022522e-01,-1.794715225696563721e-02,9.334847331047058105e-02,1.446503698825836182e-01,4.008012358099222183e-03,7.049164921045303345e-02,2.560361474752426147e-02,2.706942521035671234e-02,2.120861262083053589e-01,2.480158954858779907e-01,6.742797046899795532e-02,1.413064301013946533e-01,4.988752678036689758e-02,6.279460340738296509e-02,2.248761653900146484e-01,1.818211376667022705e-01,6.444128602743148804e-02,4.529758542776107788e-02,1.173943355679512024e-01,3.769392967224121094e-01,1.104098111391067505e-01,4.167630374431610107e-01,2.096219956874847412e-01,9.999998807907104492e-01,4.059500247240066528e-02,2.684649080038070679e-02,-4.903457686305046082e-02,-3.449149057269096375e-02,1.976472791284322739e-03,4.132953658699989319e-02,-2.105090767145156860e-02,-3.741537407040596008e-02,1.776791736483573914e-02,-3.341219574213027954e-02,3.610846772789955139e-02,2.134388238191604614e-01,2.154434472322463989e-01,3.839668035507202148e-01,1.051910668611526489e-01,1.547034233808517456e-01,7.966177165508270264e-02,1.090102121233940125e-01,6.538075208663940430e-02,1.340571884065866470e-02,2.832414396107196808e-02,6.585073471069335938e-02,-8.005882799625396729e-02,5.014251172542572021e-02,1.425846070051193237e-01,1.594514399766921997e-01,-1.215442419052124023e-01,-2.841772884130477905e-02,6.836100667715072632e-02,6.167578697204589844e-02,6.281569600105285645e-02,2.704484201967716217e-02,4.805772751569747925e-02,1.897228360176086426e-01,1.480174362659454346e-01,1.918909400701522827e-01,-2.747419290244579315e-02,1.221378445625305176e-01,-5.211424455046653748e-02,9.814373403787612915e-02,1.208298951387405396e-01,2.612072527408599854e-01,-1.083001215010881424e-02,2.367305606603622437e-01,1.645505800843238831e-02,1.295126527547836304e-01,1.187383979558944702e-01,3.418209552764892578e-01,8.206168562173843384e-02,1.612319052219390869e-01,5.018668249249458313e-02,1.282968968152999878e-01,1.861933618783950806e-01,2.393310666084289551e-01,1.280338168144226074e-01,2.508011162281036377e-01,1.564618349075317383e-01,1.818511486053466797e-01,5.655302107334136963e-02,8.360898494720458984e-02,1.494732201099395752e-01,1.157131120562553406e-01,1.674533784389495850e-01,1.233288049697875977e-01,5.882507190108299255e-02,2.315951287746429443e-01,1.574076414108276367e-01,1.029752269387245178e-01,9.500331431627273560e-02,1.492002904415130615e-01,5.791194736957550049e-02,3.447892609983682632e-03,7.469956576824188232e-02,3.655704483389854431e-02
7.230466697365045547e-03,-2.574522607028484344e-02,-6.712602078914642334e-02,1.365886181592941284e-01,-2.439885586500167847e-01,-2.390762865543365479e-01,1.315765082836151123e-01,-1.611128635704517365e-02,-1.892477422952651978e-01,-2.560054957866668701e-01,1.272689402103424072e-01,8.460173010826110840e-02,3.118325769901275635e-02,9.516496956348419189e-02,-9.826384484767913818e-02,2.627193182706832886e-02,2.070164829492568970e-01,1.817824840545654297e-01,9.919636696577072144e-02,-2.525918930768966675e-02,1.262114942073822021e-01,1.828934252262115479e-01,-1.547845304012298584e-01,-1.224908381700515747e-01,-2.212644815444946289e-01,-2.160872370004653931e-01,-3.967029973864555359e-02,-7.195105403661727905e-02,2.398225218057632446e-01,2.065570354461669922e-01,5.247712507843971252e-02,8.055000752210617065e-02,1.063496023416519165e-01,9.930127859115600586e-02,2.211053073406219482e-01,2.546069920063018799e-01,1.098199784755706787e-01,3.363554715178906918e-04,2.569088935852050781e-01,-6.071983370929956436e-03,1.927092373371124268e-01,4.059500247240066528e-02,1.000000119209289551e+00,6.551095247268676758e-01,-4.175920784473419189e-02,8.586802333593368530e-02,5.686299800872802734e-01,4.637573063373565674e-01,1.138864308595657349e-01,9.439192712306976318e-02,2.909329831600189209e-01,2.513001561164855957e-01,2.626170814037322998e-01,1.211994364857673645e-01,2.674988806247711182e-01,1.470750123262405396e-01,1.100865229964256287e-01,1.133022680878639221e-01,3.671224229037761688e-03,2.404413074254989624e-01,-1.743558198213577271e-01,-1.713743209838867188e-01,-6.309778988361358643e-02,-1.487738937139511108e-01,-6.430058274418115616e-03,-2.463262677192687988e-01,7.273638248443603516e-02,3.265460431575775146e-01,-1.102684065699577332e-01,-2.330348268151283264e-02,3.373021185398101807e-01,3.100622296333312988e-01,2.394039332866668701e-01,2.511612474918365479e-01,7.054633647203445435e-02,8.367222547531127930e-02,2.276551127433776855e-01,1.801887452602386475e-01,1.507282257080078125e-01,2.211572229862213135e-01,1.158678010106086731e-01,3.997163474559783936e-02,1.334810722619295120e-02,-1.262698322534561157e-01,2.690287232398986816e-01,-2.600825205445289612e-02,-1.828480139374732971e-02,-1.554397046566009521e-01,1.004014909267425537e-01,1.841562055051326752e-02,2.282766848802566528e-01,1.041500046849250793e-01,1.236405894160270691e-01,-9.926918894052505493e-03,1.717061698436737061e-01,7.288295030593872070e-02,2.868871390819549561e-01,1.210337281227111816e-01,3.007906675338745117e-01,3.498770892620086670e-01,1.446613818407058716e-01,1.488290578126907349e-01,2.184601575136184692e-01,5.163479223847389221e-02,1.540490537881851196e-01,1.810682713985443115e-01,1.128287315368652344e-01,-4.140288382768630981e-02,-1.086637191474437714e-02,3.132582455873489380e-02,1.706591993570327759e-01,1.836567372083663940e-01,2.354639023542404175e-01,3.281462490558624268e-01,2.981126606464385986e-01,1.073433831334114075e-01
6.379736959934234619e-02,1.585574597120285034e-01,4.569423198699951172e-02,2.591243684291839600e-01,-1.494924426078796387e-01,-3.125239536166191101e-02,1.853972077369689941e-01,1.332628577947616577e-01,-2.297496348619461060e-01,-1.860219687223434448e-01,5.064959451556205750e-02,6.302505731582641602e-02,5.330652743577957153e-02,7.383783161640167236e-02,-1.962555199861526489e-01,-8.225531876087188721e-02,1.481802910566329956e-01,2.118018120527267456e-01,8.963410556316375732e-02,1.086230855435132980e-02,1.944862306118011475e-02,1.125596687197685242e-01,6.092336773872375488e-02,7.734391093254089355e-02,-5.840559676289558411e-02,-3.454732894897460938e-02,1.990294456481933594e-02,9.452458471059799194e-02,1.105336174368858337e-01,1.601463556289672852e-01,1.089836359024047852e-01,2.043965309858322144e-01,5.891531333327293396e-02,9.578922390937805176e-02,2.467930167913436890e-01,3.225635886192321777e-01,5.862034484744071960e-02,5.019011348485946655e-02,1.273796111345291138e-01,-4.472376778721809387e-02,1.001950427889823914e-01,2.684649080038070679e-02,6.551095247268676758e-01,1.000000119209289551e+00,5.011300370097160339e-02,2.043708413839340210e-01,5.452840924263000488e-01,5.324212312698364258e-01,2.939683496952056885e-01,2.307793647050857544e-01,3.828592002391815186e-01,4.639632701873779297e-01,3.803984224796295166e-01,1.415911018848419189e-01,1.670212000608444214e-01,9.452448785305023193e-02,1.158816069364547729e-01,2.053805589675903320e-01,1.016044542193412781e-01,1.586260497570037842e-01,-3.963801637291908264e-02,1.636831462383270264e-02,-9.469352662563323975e-02,2.748342975974082947e-02,8.430830389261245728e-02,-7.450046390295028687e-02,1.810830831527709961e-01,3.768553435802459717e-01,-3.625791892409324646e-02,-1.970686949789524078e-02,3.282124698162078857e-01,2.832234799861907959e-01,1.812603473663330078e-01,2.054804265499114990e-01,9.148746728897094727e-02,1.207237169146537781e-01,2.506380379199981689e-01,2.293637096881866455e-01,1.891582459211349487e-01,2.153930962085723877e-01,1.093105152249336243e-01,1.410474330186843872e-01,-7.180014997720718384e-02,-1.296884845942258835e-02,1.294559538364410400e-01,-8.273620158433914185e-03,-7.431659847497940063e-02,-5.720586329698562622e-02,-8.549288846552371979e-03,1.198187656700611115e-02,5.618877336382865906e-02,8.629425615072250366e-02,-2.239764109253883362e-02,-5.816654488444328308e-02,1.012990698218345642e-01,7.717685401439666748e-02,2.328646928071975708e-01,1.826959997415542603e-01,1.739088743925094604e-01,2.601315379142761230e-01,1.357526332139968872e-02,1.239344757050275803e-02,1.369302868843078613e-01,-4.168731719255447388e-02,1.655710488557815552e-01,9.497484564781188965e-02,1.227069497108459473e-01,3.341158479452133179e-02,2.774720080196857452e-03,4.738444462418556213e-02,2.166911959648132324e-01,1.714365035295486450e-01,7.630117982625961304e-02,2.757128477096557617e-01,2.256546020507812500e-01,1.340511441230773926e-01
-1.466016322374343872e-01,-5.551053211092948914e-02,-4.606532678008079529e-02,-1.220725178718566895e-01,1.584404855966567993e-01,1.788285374641418457e-01,-1.373379528522491455e-01,-6.073036044836044312e-02,2.165657281875610352e-01,1.638247668743133545e-01,-2.184440009295940399e-02,-2.416507527232170105e-02,-3.866317681968212128e-03,-1.389966346323490143e-02,1.647507995367050171e-01,9.032955020666122437e-02,-1.362846642732620239e-01,-8.472289890050888062e-02,-5.127770081162452698e-02,-1.375155746936798096e-01,-2.808819711208343506e-02,-6.798354536294937134e-02,6.586118042469024658e-02,1.851843670010566711e-02,1.010407432913780212e-01,1.502560079097747803e-01,-4.987787455320358276e-02,3.203523531556129456e-02,-7.832857221364974976e-02,-7.593476772308349609e-02,7.637416478246450424e-03,4.821548983454704285e-02,2.830908820033073425e-02,2.784456312656402588e-02,-4.347201436758041382e-02,4.851523321121931076e-03,5.218934640288352966e-02,-6.859988905489444733e-03,-1.181937158107757568e-01,5.315572768449783325e-02,-8.407825976610183716e-02,-4.903457686305046082e-02,-4.175920784473419189e-02,5.011300370097160339e-02,9.999997615814208984e-01,5.318199396133422852e-01,1.293805390596389771e-01,4.027926921844482422e-02,3.724573254585266113e-01,4.535157680511474609e-01,1.592299193143844604e-01,2.409665882587432861e-01,9.995019435882568359e-02,-6.143831089138984680e-02,-3.518831729888916016e-02,-6.574451178312301636e-02,-1.013670936226844788e-01,-1.252496540546417236e-01,-4.433325026184320450e-03,-2.685427665710449219e-01,1.622687429189682007e-01,1.879273168742656708e-02,7.570584863424301147e-02,6.210319325327873230e-02,1.545101404190063477e-01,1.573307812213897705e-01,1.198861673474311829e-01,2.459166385233402252e-02,-1.158458814024925232e-01,-1.671716719865798950e-01,-1.646925210952758789e-01,-1.112167611718177795e-01,-1.270222943276166916e-02,-1.512371283024549484e-02,6.062768027186393738e-02,8.516629040241241455e-02,4.666732251644134521e-02,3.130479902029037476e-02,-8.529943972826004028e-02,-1.107783839106559753e-01,5.591982975602149963e-02,-5.864847451448440552e-02,1.066834386438131332e-02,1.160188540816307068e-01,-1.851789951324462891e-01,-1.384285837411880493e-01,2.786972187459468842e-02,1.064265668392181396e-01,-4.684213176369667053e-02,-1.334040611982345581e-01,-1.781441457569599152e-02,-1.691456884145736694e-01,-1.150439530611038208e-01,-1.817766726016998291e-01,2.903997153043746948e-02,-4.716284573078155518e-02,-1.325824260711669922e-01,-9.825072437524795532e-02,-3.039250895380973816e-02,-5.210323631763458252e-02,-1.598855704069137573e-01,-3.175041973590850830e-01,-2.186877429485321045e-01,-3.345483541488647461e-01,-1.495598107576370239e-01,-3.156688511371612549e-01,-2.658772468566894531e-02,-5.106753855943679810e-02,8.565085381269454956e-02,8.008050918579101562e-02,-7.531781494617462158e-02,-1.295641213655471802e-01,-1.251236349344253540e-01,-6.291827559471130371e-02,-1.462403126060962677e-02,1.191948652267456055e-01
-1.423476338386535645e-01,-4.262435808777809143e-02,-4.890725761651992798e-02,1.038441341370344162e-02,1.110635250806808472e-01,1.492300778627395630e-01,-1.272272039204835892e-02,5.544944107532501221e-02,8.147638291120529175e-02,9.446518868207931519e-02,-4.562941193580627441e-02,-6.972327828407287598e-02,-7.039986550807952881e-03,3.142710030078887939e-02,3.403870016336441040e-02,-2.974557690322399139e-02,-1.144139245152473450e-01,-7.193730026483535767e-02,-6.506881117820739746e-02,-7.501802593469619751e-02,-1.368072181940078735e-01,-1.137430146336555481e-01,3.666618466377258301e-02,9.112107008695602417e-02,1.459262818098068237e-01,1.354639083147048950e-01,6.521086324937641621e-04,4.459293931722640991e-02,-1.123586893081665039e-01,-3.760112449526786804e-02,7.581218145787715912e-03,5.284018442034721375e-02,-6.833449751138687134e-02,-4.996103420853614807e-02,-3.594725951552391052e-02,3.154258802533149719e-02,-6.518801301717758179e-02,-2.213814109563827515e-02,-1.582113802433013916e-01,-1.161235477775335312e-02,-8.933858573436737061e-02,-3.449149057269096375e-02,8.586802333593368530e-02,2.043708413839340210e-01,5.318199396133422852e-01,1.000000476837158203e+00,1.164744421839714050e-01,7.194735109806060791e-02,5.021641254425048828e-01,7.303443551063537598e-01,4.354966282844543457e-01,3.774322867393493652e-01,1.892828792333602905e-01,-1.432415544986724854e-01,-4.412603005766868591e-02,-4.614578932523727417e-02,-7.061739265918731689e-02,-7.720649242401123047e-02,1.312896609306335449e-01,-5.414418131113052368e-02,7.267978787422180176e-02,3.046538867056369781e-02,1.759545691311359406e-02,8.486822247505187988e-02,1.810015141963958740e-01,2.077869921922683716e-01,1.527410894632339478e-01,1.868780553340911865e-01,-4.843126609921455383e-02,-8.940233290195465088e-02,-1.129226386547088623e-01,-1.276223957538604736e-01,-8.717944845557212830e-03,-3.056599572300910950e-02,6.118853017687797546e-02,6.148701161146163940e-02,-1.830839365720748901e-02,4.072822630405426025e-02,-1.313012093305587769e-01,-3.932965919375419617e-02,-1.687138341367244720e-02,9.436235763132572174e-03,5.747439339756965637e-02,1.070085763931274414e-01,-1.556677371263504028e-01,-2.048609256744384766e-01,1.170345693826675415e-01,1.223315894603729248e-01,-1.385722756385803223e-01,-1.033365055918693542e-01,-2.020936692133545876e-03,-3.393736854195594788e-02,-1.039510220289230347e-01,-2.641299068927764893e-01,-1.132703721523284912e-01,-1.250076591968536377e-01,-1.441287398338317871e-01,-1.187346503138542175e-01,-8.465827256441116333e-02,-4.201972857117652893e-02,-1.751509457826614380e-01,-2.181750982999801636e-01,-2.119845896959304810e-01,-2.813951075077056885e-01,-1.584951132535934448e-01,-2.851802110671997070e-01,-1.116809099912643433e-01,-4.644816741347312927e-02,-2.709162235260009766e-02,-9.521691128611564636e-03,-2.920759283006191254e-02,-9.753285348415374756e-02,-8.764076977968215942e-02,-1.181396245956420898e-01,-4.394066333770751953e-02,7.612497359514236450e-02
4.231957346200942993e-02,4.008795320987701416e-02,-1.614096574485301971e-03,1.133561432361602783e-01,-6.204204633831977844e-02,-2.545316703617572784e-02,3.572824224829673767e-02,-9.256827086210250854e-02,-2.919511869549751282e-02,-3.858024999499320984e-02,4.747765138745307922e-02,-6.820885837078094482e-02,3.028601640835404396e-03,-9.945397078990936279e-02,1.284968387335538864e-02,5.266649276018142700e-02,1.404973268508911133e-01,8.351810276508331299e-02,7.655531913042068481e-02,-6.085998937487602234e-02,1.844955980777740479e-01,2.246983945369720459e-01,7.297450210899114609e-04,-2.204777672886848450e-02,-6.168491765856742859e-02,-1.064338628202676773e-02,1.337448228150606155e-02,-2.861678972840309143e-02,1.624070703983306885e-01,6.868740916252136230e-02,1.168941110372543335e-01,1.739357709884643555e-01,1.174769029021263123e-01,1.241810917854309082e-01,2.201594710350036621e-01,2.811412811279296875e-01,9.747358411550521851e-02,3.956262394785881042e-02,2.066284716129302979e-01,5.477108992636203766e-03,6.332281231880187988e-02,1.976472791284322739e-03,5.686299800872802734e-01,5.452840924263000488e-01,1.293805390596389771e-01,1.164744421839714050e-01,1.000000119209289551e+00,6.802901625633239746e-01,1.608811616897583008e-01,1.684201210737228394e-01,3.757942914962768555e-01,3.952870368957519531e-01,4.496745169162750244e-01,1.579607427120208740e-01,2.819789350032806396e-01,8.785574138164520264e-02,1.313080936670303345e-01,7.756137102842330933e-02,-7.909662276506423950e-02,1.416797470301389694e-02,-2.141554467380046844e-02,-1.735989451408386230e-01,-1.234036162495613098e-01,-1.948835253715515137e-01,1.005548611283302307e-01,-2.063293755054473877e-01,1.347953081130981445e-01,2.587336897850036621e-01,-9.356183558702468872e-02,-8.763965964317321777e-02,2.434653341770172119e-01,1.773800700902938843e-01,2.134032547473907471e-01,2.236830294132232666e-01,4.643285274505615234e-02,9.436495602130889893e-02,1.861930042505264282e-01,1.242156550288200378e-01,1.017201766371726990e-01,2.276083268225193024e-02,9.272420406341552734e-02,-6.797469407320022583e-02,-3.973794355988502502e-02,-9.578066319227218628e-02,2.083366662263870239e-01,-2.703632041811943054e-02,-8.277802169322967529e-02,-1.989220082759857178e-01,1.696184426546096802e-01,-7.502868026494979858e-02,2.287485897541046143e-01,2.697934769093990326e-02,1.699011921882629395e-01,-2.778926631435751915e-03,1.969534307718276978e-01,9.614347666501998901e-02,3.448170721530914307e-01,2.020264416933059692e-01,3.645755946636199951e-01,3.653134107589721680e-01,1.187775805592536926e-01,-4.390443116426467896e-02,1.677942872047424316e-01,-7.630281150341033936e-02,1.405081897974014282e-01,3.437176346778869629e-02,1.165411546826362610e-01,4.059656336903572083e-02,1.146847680211067200e-01,1.821140050888061523e-01,2.611094117164611816e-01,2.688410282135009766e-01,1.975888162851333618e-01,4.347711205482482910e-01,3.228112161159515381e-01,1.295520663261413574e-01
6.259208917617797852e-02,2.109334021806716919e-01,1.107546221464872360e-02,2.439373731613159180e-01,-1.502552628517150879e-02,1.059154570102691650e-01,9.326060861349105835e-02,6.637749075889587402e-02,-8.445376902818679810e-02,1.845654658973217010e-02,2.601310797035694122e-02,-6.646350771188735962e-02,3.234811872243881226e-02,-4.617231339216232300e-02,-6.659092009067535400e-02,4.290818050503730774e-02,1.103375181555747986e-01,1.108937561511993408e-01,4.114982113242149353e-02,3.011373057961463928e-02,1.861454844474792480e-01,2.439465969800949097e-01,1.155918687582015991e-01,1.208498999476432800e-01,8.476725965738296509e-02,1.438619345426559448e-01,1.003212034702301025e-01,7.988624274730682373e-02,8.313534408807754517e-02,8.983463048934936523e-02,1.151871681213378906e-01,2.028575092554092407e-01,9.380885958671569824e-02,1.438492536544799805e-01,1.679263114929199219e-01,2.567850351333618164e-01,5.342438817024230957e-02,1.031802743673324585e-01,1.545052677392959595e-01,5.143919214606285095e-02,4.381712898612022400e-02,4.132953658699989319e-02,4.637573063373565674e-01,5.324212312698364258e-01,4.027926921844482422e-02,7.194735109806060791e-02,6.802901625633239746e-01,9.999997615814208984e-01,1.038383468985557556e-01,8.117862790822982788e-02,3.003983199596405029e-01,4.085390865802764893e-01,4.504556655883789062e-01,3.203129172325134277e-01,1.781162768602371216e-01,1.610878407955169678e-01,1.947339475154876709e-01,2.293910533189773560e-01,2.988060005009174347e-02,8.815347403287887573e-02,1.355248782783746719e-02,-1.293175388127565384e-02,-1.221978440880775452e-01,-3.984413295984268188e-02,6.777517497539520264e-02,-1.047967970371246338e-01,1.733846217393875122e-01,3.089398741722106934e-01,-3.470296785235404968e-02,-3.878038749098777771e-02,2.271341681480407715e-01,1.889413595199584961e-01,2.061303108930587769e-01,1.794702410697937012e-01,6.735720485448837280e-02,9.913611412048339844e-02,1.744498610496520996e-01,1.642016321420669556e-01,1.071017459034919739e-01,3.313126042485237122e-02,6.710510700941085815e-02,5.024066567420959473e-02,-7.684981822967529297e-02,2.808661758899688721e-02,1.173330917954444885e-01,1.452598720788955688e-01,-1.344359964132308960e-01,-6.874730437994003296e-02,8.946254104375839233e-02,5.338119342923164368e-02,8.570328354835510254e-02,1.531345695257186890e-01,1.974381506443023682e-02,8.881108462810516357e-02,1.294998824596405029e-01,1.847614198923110962e-01,3.602468073368072510e-01,4.003168046474456787e-01,2.588692903518676758e-01,3.691382706165313721e-01,2.044769749045372009e-02,1.044486649334430695e-02,1.621466577053070068e-01,-5.359908100217580795e-03,1.758650243282318115e-01,1.202264353632926941e-01,1.129327043890953064e-01,1.331119686365127563e-01,1.313920170068740845e-01,2.374075204133987427e-01,4.022175073623657227e-01,3.950155377388000488e-01,1.780159920454025269e-01,3.853656053543090820e-01,2.472843825817108154e-01,1.092476323246955872e-01
-1.071875393390655518e-01,-1.472620293498039246e-02,-2.393286488950252533e-02,6.213545799255371094e-03,3.553041070699691772e-02,1.247464045882225037e-01,-1.086728647351264954e-02,7.008857280015945435e-02,-4.371870309114456177e-02,-6.740073673427104950e-03,-6.866361945867538452e-02,-5.992192029953002930e-02,2.365188673138618469e-02,-1.977892965078353882e-02,-7.669773697853088379e-02,-1.540444940328598022e-01,-1.179635152220726013e-01,-6.965641677379608154e-02,-2.029602183029055595e-03,-1.263212561607360840e-01,-1.447207182645797729e-01,-1.092553883790969849e-01,4.222187772393226624e-02,7.441213726997375488e-02,3.890710696578025818e-02,1.138252094388008118e-01,-3.883514925837516785e-02,9.618112444877624512e-02,-8.206966519355773926e-02,-7.269006222486495972e-02,-1.246104110032320023e-02,3.171829506754875183e-02,7.697656285017728806e-03,3.339330200105905533e-03,9.714440256357192993e-02,1.298543512821197510e-01,5.802351608872413635e-02,-1.900887861847877502e-02,-9.490543603897094727e-02,-6.385410577058792114e-02,-3.522977605462074280e-02,-2.105090767145156860e-02,1.138864308595657349e-01,2.939683496952056885e-01,3.724573254585266113e-01,5.021641254425048828e-01,1.608811616897583008e-01,1.038383468985557556e-01,1.000000119209289551e+00,5.807281732559204102e-01,5.802589654922485352e-01,4.676354527473449707e-01,3.549573123455047607e-01,1.066284719854593277e-02,6.789100915193557739e-02,-7.290672510862350464e-03,-3.455859795212745667e-02,-2.720755524933338165e-03,2.304430156946182251e-01,1.553352177143096924e-02,8.438406884670257568e-02,1.086039617657661438e-01,1.489719152450561523e-01,1.988385468721389771e-01,2.495377510786056519e-01,1.527099609375000000e-01,2.302552461624145508e-01,1.837157905101776123e-01,-8.741757273674011230e-02,-7.001794129610061646e-02,-5.161890387535095215e-02,-1.074501797556877136e-01,-3.410605341196060181e-02,-6.660576164722442627e-02,5.007247999310493469e-02,8.579273521900177002e-02,7.469984889030456543e-02,1.022408977150917053e-01,-5.283116549253463745e-02,-5.876375734806060791e-02,8.679001033306121826e-02,1.393065322190523148e-02,2.978143654763698578e-02,9.719756245613098145e-02,-7.221518456935882568e-02,-1.598429828882217407e-01,5.589641630649566650e-02,1.172082796692848206e-01,-7.894624769687652588e-02,-5.336245894432067871e-02,5.428870394825935364e-02,5.107289925217628479e-02,-1.238752156496047974e-02,-1.225918903946876526e-01,-9.650821238756179810e-02,-1.125567704439163208e-01,-7.538907229900360107e-02,-7.694023102521896362e-02,-3.581969812512397766e-02,-3.731785714626312256e-02,-9.211411327123641968e-02,-7.758461683988571167e-02,-1.177491098642349243e-01,-1.721110492944717407e-01,-2.098051458597183228e-02,-1.739112585783004761e-01,-3.040317445993423462e-03,-4.001307860016822815e-02,-2.352785319089889526e-02,1.944444514811038971e-02,1.447824109345674515e-02,-5.473984032869338989e-02,-8.330515027046203613e-02,-6.489922106266021729e-02,-5.337745323777198792e-02,1.398015618324279785e-01
-1.521017402410507202e-01,-6.175966933369636536e-02,-1.835702359676361084e-02,1.500201318413019180e-02,1.036330312490463257e-01,1.248177438974380493e-01,-6.056619342416524887e-03,5.479457601904869080e-02,4.992365092039108276e-02,9.264288097620010376e-02,-8.791627734899520874e-02,-1.013936921954154968e-01,4.083057865500450134e-03,7.529476191848516464e-03,-9.946414269506931305e-03,-5.306944996118545532e-02,-1.276019513607025146e-01,-7.925449311733245850e-02,-8.949404209852218628e-02,-1.060347929596900940e-01,-1.338638961315155029e-01,-1.162884235382080078e-01,4.915192723274230957e-02,7.141815871000289917e-02,9.759185463190078735e-02,1.135587319731712341e-01,5.276746116578578949e-03,6.123420968651771545e-02,-1.120875701308250427e-01,-5.360837280750274658e-02,3.020214848220348358e-03,3.901995345950126648e-02,-7.697603106498718262e-02,-7.177565246820449829e-02,-2.016208507120609283e-02,6.577445566654205322e-02,-9.226789325475692749e-02,-4.942814633250236511e-02,-1.588331162929534912e-01,-1.454228907823562622e-02,-1.049586683511734009e-01,-3.741537407040596008e-02,9.439192712306976318e-02,2.307793647050857544e-01,4.535157680511474609e-01,7.303443551063537598e-01,1.684201210737228394e-01,8.117862790822982788e-02,5.807281732559204102e-01,9.999998211860656738e-01,5.789044499397277832e-01,5.005576610565185547e-01,2.829230129718780518e-01,-1.307937800884246826e-01,-4.812495410442352295e-02,-3.679824247956275940e-02,-9.567177295684814453e-02,-6.204872205853462219e-02,8.601375669240951538e-02,-1.984781026840209961e-02,4.471307247877120972e-02,3.033528104424476624e-02,1.433544605970382690e-02,1.111203953623771667e-01,2.025628387928009033e-01,1.689793765544891357e-01,1.171098649501800537e-01,1.354061365127563477e-01,-3.547703847289085388e-02,-5.600861832499504089e-02,-7.264830917119979858e-02,-1.220198422670364380e-01,-4.217706248164176941e-02,-4.026907682418823242e-02,3.395994380116462708e-02,4.016708955168724060e-02,-4.699591081589460373e-03,5.794093385338783264e-02,-1.079377904534339905e-01,-3.876508772373199463e-02,-2.168288640677928925e-02,6.834405474364757538e-03,6.583157181739807129e-02,1.212603971362113953e-01,-1.375194489955902100e-01,-2.111079841852188110e-01,1.048017814755439758e-01,1.273904889822006226e-01,-1.589033752679824829e-01,-9.373346716165542603e-02,1.007843413390219212e-03,1.819800585508346558e-02,-7.556279748678207397e-02,-2.378276139497756958e-01,-1.404647380113601685e-01,-1.537334918975830078e-01,-1.463018208742141724e-01,-1.310864686965942383e-01,-9.970419853925704956e-02,-4.453374072909355164e-02,-1.691936105489730835e-01,-1.901817023754119873e-01,-2.059368044137954712e-01,-2.642914056777954102e-01,-1.333868652582168579e-01,-2.893774807453155518e-01,-6.617892533540725708e-02,-3.521256148815155029e-02,-4.271671921014785767e-02,-2.733178064227104187e-02,-4.180996119976043701e-02,-9.601663798093795776e-02,-8.281154930591583252e-02,-7.196539640426635742e-02,-2.594821341335773468e-02,6.938984990119934082e-02
-1.015984639525413513e-01,-9.439723193645477295e-02,-3.909343108534812927e-02,-9.100728784687817097e-04,-2.956837415695190430e-02,5.246069282293319702e-02,-1.186455320566892624e-02,9.610198438167572021e-03,-1.442132890224456787e-01,-5.096759181469678879e-03,-1.097286269068717957e-01,-1.431577503681182861e-01,-4.910881444811820984e-02,-6.021380051970481873e-02,-1.689430922269821167e-01,-1.018181592226028442e-01,-1.018640697002410889e-01,-9.704460203647613525e-02,-5.662777647376060486e-02,-1.485897600650787354e-01,-1.252128928899765015e-01,-6.294569373130798340e-02,-2.260383032262325287e-02,1.125936210155487061e-02,-6.601311266422271729e-03,4.141091927886009216e-02,1.080003473907709122e-02,3.923870623111724854e-02,-1.217330619692802429e-01,-8.637981116771697998e-02,-5.863418802618980408e-02,7.528400165028870106e-04,-3.632115200161933899e-02,-5.605383589863777161e-02,6.888608634471893311e-02,1.169355586171150208e-01,-8.530977368354797363e-02,-4.065039008855819702e-02,-5.515372753143310547e-02,-8.131101727485656738e-02,-3.289387794211506844e-03,1.776791736483573914e-02,2.909329831600189209e-01,3.828592002391815186e-01,1.592299193143844604e-01,4.354966282844543457e-01,3.757942914962768555e-01,3.003983199596405029e-01,5.802589654922485352e-01,5.789044499397277832e-01,1.000000596046447754e+00,5.905861258506774902e-01,5.652175545692443848e-01,1.138855330646038055e-02,1.026718020439147949e-01,4.038547351956367493e-02,6.043653469532728195e-03,-7.493502646684646606e-02,1.259373277425765991e-01,1.418846938759088516e-02,1.236504092812538147e-01,-4.606174305081367493e-02,3.396683931350708008e-02,2.115168422460556030e-02,4.029089212417602539e-01,7.898728549480438232e-02,1.471136957406997681e-01,1.982918381690979004e-01,-6.306455284357070923e-02,-6.730120629072189331e-02,-2.035638503730297089e-02,-1.195960566401481628e-01,-2.124135009944438934e-02,-5.259945243597030640e-02,-2.859522774815559387e-02,2.307253144681453705e-02,-1.724012428894639015e-03,4.295433685183525085e-02,-9.739065170288085938e-02,-8.632857352495193481e-02,2.618145896121859550e-03,-9.616585075855255127e-02,2.483033016324043274e-02,4.021744802594184875e-02,6.916607171297073364e-02,-1.869647800922393799e-01,-3.075333870947360992e-02,-3.186344355344772339e-02,-7.724372297525405884e-02,-1.050828993320465088e-01,4.673492163419723511e-02,5.785849690437316895e-02,3.843081369996070862e-02,-7.666359096765518188e-02,-8.033311367034912109e-02,-1.098988279700279236e-01,-4.006477072834968567e-02,-6.911033391952514648e-02,-9.840652346611022949e-03,2.871154993772506714e-02,-7.857070863246917725e-02,-2.425317838788032532e-02,-8.929351717233657837e-02,-1.601725220680236816e-01,-4.991851001977920532e-02,-1.529427468776702881e-01,-6.335549801588058472e-02,-5.473034456372261047e-02,-2.124898880720138550e-02,-3.400529175996780396e-02,5.655848886817693710e-03,-1.629255828447639942e-03,-3.747250139713287354e-02,7.559224963188171387e-02,5.483593791723251343e-02,1.008316949009895325e-01
-1.660910807549953461e-02,9.994281828403472900e-02,2.187401615083217621e-02,9.792274236679077148e-02,6.287643313407897949e-02,1.981779932975769043e-01,4.893041402101516724e-02,5.570705235004425049e-02,-1.030979603528976440e-01,6.497196108102798462e-02,-1.101801097393035889e-01,-1.051510646939277649e-01,3.891536965966224670e-02,-6.265050172805786133e-02,-1.168923079967498779e-01,-1.077540293335914612e-01,-1.135822683572769165e-01,-5.641631782054901123e-02,-9.880863130092620850e-02,-5.896546319127082825e-02,-5.643297731876373291e-02,2.805506251752376556e-02,1.635958105325698853e-01,1.422758847475051880e-01,1.428851336240768433e-01,1.989496648311614990e-01,7.593115419149398804e-02,1.041839271783828735e-01,-1.135545298457145691e-01,-6.115078926086425781e-02,6.541257351636886597e-02,1.288728266954421997e-01,-1.144086010754108429e-02,2.281518466770648956e-02,-3.675551852211356163e-03,8.833222836256027222e-02,-8.533712476491928101e-02,-7.430344820022583008e-02,-1.196225583553314209e-01,-6.019832938909530640e-02,-6.894488632678985596e-02,-3.341219574213027954e-02,2.513001561164855957e-01,4.639632701873779297e-01,2.409665882587432861e-01,3.774322867393493652e-01,3.952870368957519531e-01,4.085390865802764893e-01,4.676354527473449707e-01,5.005576610565185547e-01,5.905861258506774902e-01,9.999998807907104492e-01,5.970331430435180664e-01,1.767558008432388306e-01,4.225309193134307861e-02,5.530438944697380066e-02,5.503695085644721985e-02,8.256307989358901978e-02,9.306617081165313721e-02,-4.955749213695526123e-02,1.422614753246307373e-01,6.488902866840362549e-02,5.942815914750099182e-03,1.276514530181884766e-01,3.590156435966491699e-01,1.922286599874496460e-01,9.154250472784042358e-02,1.663982123136520386e-01,-1.569244638085365295e-02,-5.434057861566543579e-02,3.250220790505409241e-02,-3.937846794724464417e-02,-5.607585981488227844e-02,1.589466445147991180e-02,-1.218054350465536118e-02,5.331965908408164978e-02,6.383406370878219604e-02,1.014967635273933411e-01,-2.557123638689517975e-02,-1.497088279575109482e-02,3.251830115914344788e-02,3.407209739089012146e-02,-3.580776229500770569e-02,6.930368393659591675e-02,8.677559904754161835e-03,-6.023969501256942749e-02,-8.672904223203659058e-02,2.079799072816967964e-03,-5.894220620393753052e-02,-7.339217513799667358e-02,-3.658689185976982117e-02,1.777891069650650024e-02,-7.737509906291961670e-02,-9.339925646781921387e-02,-7.642208784818649292e-02,-1.079935859888792038e-02,3.169844299554824829e-02,5.562485009431838989e-02,-1.617134362459182739e-02,6.497684866189956665e-02,-1.267844289541244507e-01,-8.791209012269973755e-02,-1.064580306410789490e-01,-1.846993416547775269e-01,-4.425897821784019470e-02,-1.914847195148468018e-01,3.642930835485458374e-02,-6.589203607290983200e-03,1.803730614483356476e-02,4.560569301247596741e-02,1.140282154083251953e-01,4.188525676727294922e-02,-6.382615119218826294e-02,1.033922731876373291e-01,-9.184635244309902191e-03,7.382243126630783081e-02
-1.220246683806180954e-02,-2.103766240179538727e-02,-4.326140508055686951e-02,-2.689814753830432892e-02,5.795331299304962158e-02,1.167305111885070801e-01,-9.369802661240100861e-03,-3.215241059660911560e-02,-1.245068833231925964e-01,3.457519784569740295e-02,-1.697562336921691895e-01,-1.870674341917037964e-01,-6.695745140314102173e-02,-1.090712100267410278e-01,-8.216192573308944702e-02,-4.383131116628646851e-02,-1.193309053778648376e-01,-1.026130393147468567e-01,-7.194066047668457031e-02,-1.277775168418884277e-01,1.392975822091102600e-02,4.062408581376075745e-02,7.385336607694625854e-02,5.840150266885757446e-02,7.360548526048660278e-02,1.137029007077217102e-01,1.181530952453613281e-01,6.915055215358734131e-02,-8.926672488451004028e-02,-8.864143490791320801e-02,1.528332196176052094e-02,1.128011476248502731e-02,-4.756115749478340149e-02,-3.924081847071647644e-02,2.665251307189464569e-02,9.465364366769790649e-02,2.711454033851623535e-02,1.979722268879413605e-02,4.252251703292131424e-03,-5.736610665917396545e-02,5.060733854770660400e-02,3.610846772789955139e-02,2.626170814037322998e-01,3.803984224796295166e-01,9.995019435882568359e-02,1.892828792333602905e-01,4.496745169162750244e-01,4.504556655883789062e-01,3.549573123455047607e-01,2.829230129718780518e-01,5.652175545692443848e-01,5.970331430435180664e-01,9.999998211860656738e-01,3.163081705570220947e-01,2.732394337654113770e-01,1.017131358385086060e-01,9.672586619853973389e-02,-2.012488991022109985e-02,1.446310877799987793e-01,-7.079429924488067627e-02,1.846931576728820801e-01,3.394910367205739021e-03,2.877496182918548584e-02,-2.591140940785408020e-02,3.973426520824432373e-01,3.744038194417953491e-02,1.274485588073730469e-01,1.611871570348739624e-01,-6.892906129360198975e-02,-6.328999251127243042e-02,-2.006463892757892609e-02,-1.023295596241950989e-01,2.126822015270590782e-03,-1.878551021218299866e-02,-4.870070889592170715e-02,1.077044941484928131e-02,5.519797652959823608e-02,2.265895716845989227e-02,-1.271185744553804398e-02,-7.470519840717315674e-02,-1.515953801572322845e-02,-1.703402400016784668e-01,1.354598905891180038e-02,1.541239675134420395e-02,1.101089939475059509e-01,-1.237306147813796997e-01,-6.945407390594482422e-02,-4.760848730802536011e-02,1.027637347579002380e-01,-1.064098700881004333e-01,1.019931361079216003e-01,4.450812935829162598e-02,1.170395463705062866e-01,5.517522804439067841e-03,-7.557661831378936768e-02,2.103729406371712685e-03,1.089041829109191895e-01,5.674631521105766296e-02,4.889837279915809631e-02,5.297013744711875916e-02,4.569350555539131165e-02,1.168449223041534424e-02,-2.336449921131134033e-02,-1.338486373424530029e-01,1.303662732243537903e-02,-1.343651413917541504e-01,7.812913507223129272e-02,1.035860925912857056e-02,-3.891706094145774841e-02,1.617305353283882141e-02,1.085663288831710815e-01,1.075685545802116394e-01,-1.346988976001739502e-02,1.870240867137908936e-01,2.491801977157592773e-02,2.859028056263923645e-02
1.392661482095718384e-01,1.953670084476470947e-01,-1.076168715953826904e-01,9.067417681217193604e-02,2.088863216340541840e-02,1.349441260099411011e-01,1.107870861887931824e-01,8.400826901197433472e-02,-1.287412792444229126e-01,2.827390655875205994e-02,-1.245039552450180054e-01,-2.846031077206134796e-02,-8.131013065576553345e-02,1.068198904395103455e-01,1.255423277616500854e-01,2.803322970867156982e-01,-6.445147842168807983e-02,1.457034423947334290e-02,3.989546373486518860e-02,1.135535445064306259e-02,2.303092181682586670e-01,2.520152926445007324e-01,6.960395723581314087e-02,5.360503494739532471e-02,8.710442483425140381e-02,1.090663895010948181e-01,1.814676523208618164e-01,1.318234503269195557e-01,4.567249864339828491e-02,2.066552937030792236e-01,7.464870810508728027e-02,6.880868226289749146e-02,1.061029657721519470e-01,1.169047281146049500e-01,-9.906245395541191101e-03,4.647953435778617859e-02,1.926393657922744751e-01,7.144529372453689575e-02,1.206382364034652710e-01,6.512858718633651733e-02,1.446296274662017822e-01,2.134388238191604614e-01,1.211994364857673645e-01,1.415911018848419189e-01,-6.143831089138984680e-02,-1.432415544986724854e-01,1.579607427120208740e-01,3.203129172325134277e-01,1.066284719854593277e-02,-1.307937800884246826e-01,1.138855330646038055e-02,1.767558008432388306e-01,3.163081705570220947e-01,1.000000119209289551e+00,2.633929550647735596e-01,3.119220733642578125e-01,2.280964851379394531e-01,2.751798331737518311e-01,1.549378782510757446e-01,1.728032529354095459e-01,1.491367518901824951e-01,1.600706875324249268e-01,1.551705449819564819e-01,1.214138194918632507e-01,1.109171584248542786e-01,4.008392617106437683e-02,8.038551360368728638e-02,1.303588449954986572e-01,-8.100688457489013672e-02,-1.506762299686670303e-02,1.788663417100906372e-01,1.734972596168518066e-01,6.232899054884910583e-02,2.341093868017196655e-01,4.781918227672576904e-02,1.479814946651458740e-01,1.981302648782730103e-01,1.544088125228881836e-01,4.891289398074150085e-02,-6.319088861346244812e-03,5.646445229649543762e-02,2.375262789428234100e-02,5.397906899452209473e-02,2.133340090513229370e-01,1.142173111438751221e-01,2.851553559303283691e-01,-1.481339149177074432e-02,1.408136188983917236e-01,2.221046090126037598e-01,2.621558010578155518e-01,9.807445853948593140e-02,2.670725286006927490e-01,9.877553582191467285e-02,3.309675455093383789e-01,7.619229704141616821e-02,2.239236831665039062e-01,3.625280261039733887e-01,3.443240225315093994e-01,1.462000757455825806e-01,2.078741192817687988e-01,4.643797501921653748e-02,1.235914751887321472e-01,1.495553702116012573e-01,6.038350984454154968e-02,1.945991218090057373e-01,1.537257581949234009e-01,2.666907906532287598e-01,1.607690304517745972e-01,7.268260419368743896e-02,1.950062364339828491e-01,4.011132121086120605e-01,3.625037968158721924e-01,1.785551011562347412e-01,2.893218398094177246e-01,6.203208491206169128e-02,1.183452270925045013e-02
-7.965964265167713165e-03,-1.147052794694900513e-01,-9.091105312108993530e-02,-8.328580111265182495e-02,-1.227706968784332275e-01,-1.621091812849044800e-01,-1.706979353912174702e-03,-2.245513051748275757e-01,-7.044100761413574219e-02,-1.682421714067459106e-01,1.293872669339179993e-02,-1.132516004145145416e-02,-1.253763735294342041e-01,-1.061318218708038330e-01,1.792909204959869385e-01,1.973441690206527710e-01,1.473188400268554688e-01,6.555546820163726807e-02,9.584780782461166382e-02,-1.445610821247100830e-01,2.131171524524688721e-01,2.376886606216430664e-01,-2.151480019092559814e-01,-2.577460110187530518e-01,-2.942591607570648193e-01,-2.806917428970336914e-01,2.399330213665962219e-02,-3.533665463328361511e-02,3.461967706680297852e-01,1.429664343595504761e-01,4.222647473216056824e-02,-5.650019738823175430e-03,2.404117733240127563e-01,1.871504932641983032e-01,2.552469670772552490e-01,1.834694892168045044e-01,4.005405008792877197e-01,2.182399034500122070e-01,3.885682821273803711e-01,2.035152018070220947e-01,3.608173131942749023e-01,2.154434472322463989e-01,2.674988806247711182e-01,1.670212000608444214e-01,-3.518831729888916016e-02,-4.412603005766868591e-02,2.819789350032806396e-01,1.781162768602371216e-01,6.789100915193557739e-02,-4.812495410442352295e-02,1.026718020439147949e-01,4.225309193134307861e-02,2.732394337654113770e-01,2.633929550647735596e-01,1.000000119209289551e+00,4.401509463787078857e-01,1.671701818704605103e-01,-1.722688600420951843e-02,1.150111630558967590e-01,1.155068054795265198e-01,-5.608845036476850510e-03,-1.140137091279029846e-01,2.115656882524490356e-01,-1.964549720287322998e-01,1.475935280323028564e-01,-7.134328037500381470e-02,2.675632536411285400e-01,2.906486690044403076e-01,-1.612359434366226196e-01,-8.287171274423599243e-02,1.981287300586700439e-01,8.632297813892364502e-02,1.930670589208602905e-01,2.083055377006530762e-01,9.302413463592529297e-02,7.792635262012481689e-02,2.455382198095321655e-01,1.351507902145385742e-01,1.157697141170501709e-01,4.973256215453147888e-02,1.049483567476272583e-01,-1.416246443986892700e-01,2.031735032796859741e-01,-3.428759425878524780e-02,3.023082017898559570e-01,5.694390833377838135e-02,-7.845665328204631805e-03,-1.587462276220321655e-01,4.055637717247009277e-01,1.520074903964996338e-01,5.346134305000305176e-01,1.967211961746215820e-01,4.571075141429901123e-01,1.841336637735366821e-01,3.577681183815002441e-01,2.632431685924530029e-01,3.968299329280853271e-01,1.944847255945205688e-01,6.084687709808349609e-01,4.455769360065460205e-01,4.513963162899017334e-01,2.942883670330047607e-01,4.022876024246215820e-01,2.766791582107543945e-01,3.128260970115661621e-01,2.114666253328323364e-01,3.100042939186096191e-01,1.161026656627655029e-01,1.192933246493339539e-01,1.243665143847465515e-01,1.351576000452041626e-01,1.945977210998535156e-01,2.326232939958572388e-01,1.783642321825027466e-01,2.331056892871856689e-01,2.067329734563827515e-01
-1.457501947879791260e-01,-2.841881103813648224e-02,-1.367504596710205078e-01,8.547338843345642090e-02,-7.435588538646697998e-02,-2.002816274762153625e-02,-4.784496873617172241e-02,-1.028420962393283844e-02,-9.437664598226547241e-02,-3.272076696157455444e-02,-9.127239882946014404e-02,8.859763294458389282e-02,-1.227566301822662354e-01,1.291821300983428955e-01,7.382488995790481567e-02,3.786523640155792236e-01,-2.973751910030841827e-02,1.045640036463737488e-01,4.432318732142448425e-02,-5.667676031589508057e-02,1.590251624584197998e-01,2.406365871429443359e-01,-1.778036653995513916e-01,-1.342363655567169189e-01,-2.085477262735366821e-01,-1.786277890205383301e-01,2.992997691035270691e-02,7.469634711742401123e-02,1.888710409402847290e-01,2.532308399677276611e-01,-1.090047433972358704e-01,-6.087113544344902039e-02,2.437695860862731934e-01,1.888397186994552612e-01,1.074425317347049713e-02,7.614983711391687393e-03,1.605367809534072876e-01,3.172676265239715576e-01,1.678501516580581665e-01,4.343601465225219727e-01,2.542176246643066406e-01,3.839668035507202148e-01,1.470750123262405396e-01,9.452448785305023193e-02,-6.574451178312301636e-02,-4.614578932523727417e-02,8.785574138164520264e-02,1.610878407955169678e-01,-7.290672510862350464e-03,-3.679824247956275940e-02,4.038547351956367493e-02,5.530438944697380066e-02,1.017131358385086060e-01,3.119220733642578125e-01,4.401509463787078857e-01,9.999998807907104492e-01,3.714334964752197266e-02,5.637964233756065369e-02,9.940283745527267456e-02,1.423190385103225708e-01,1.600260101258754730e-02,1.222147978842258453e-02,8.070939034223556519e-02,-2.103375084698200226e-02,3.232848271727561951e-02,9.826615452766418457e-02,1.755396872758865356e-01,2.292064577341079712e-01,-1.224744841456413269e-01,-1.306403614580631256e-02,1.176582947373390198e-01,1.016199067234992981e-01,5.858230963349342346e-02,1.135965362191200256e-01,8.311218023300170898e-02,9.106284379959106445e-02,1.285704523324966431e-01,1.774438768625259399e-01,-1.554937008768320084e-02,4.611904546618461609e-02,-2.740542404353618622e-02,7.979954034090042114e-02,1.191217601299285889e-01,2.092512845993041992e-01,3.170254454016685486e-02,2.630647420883178711e-01,-6.448546797037124634e-02,1.204034909605979919e-01,7.244012504816055298e-02,4.686111211776733398e-01,2.729211449623107910e-01,4.290849268436431885e-01,2.531425356864929199e-01,3.846618831157684326e-01,1.559599190950393677e-01,2.464115023612976074e-01,1.524073630571365356e-01,2.117763012647628784e-01,3.438941836357116699e-01,5.054816603660583496e-01,2.851555943489074707e-01,3.578158318996429443e-01,2.561469078063964844e-01,3.098358213901519775e-01,2.153344899415969849e-01,1.427232325077056885e-01,1.758689582347869873e-01,2.371718138456344604e-01,4.288939014077186584e-02,5.531975626945495605e-02,4.881621524691581726e-02,1.507080793380737305e-01,1.725047081708908081e-01,1.145054101943969727e-01,1.632003784179687500e-01,1.321023553609848022e-01
4.889541566371917725e-01,4.800558388233184814e-01,3.421604335308074951e-01,3.584609329700469971e-01,1.483615338802337646e-01,1.658571511507034302e-01,5.338580608367919922e-01,3.031106293201446533e-01,-2.056231722235679626e-02,4.896458238363265991e-02,1.873906701803207397e-01,1.817598044872283936e-01,2.617682814598083496e-01,1.616276502609252930e-01,8.746062219142913818e-02,4.082781448960304260e-02,2.577987313270568848e-01,2.042753994464874268e-01,3.192960023880004883e-01,1.716630756855010986e-01,3.322021365165710449e-01,2.837654054164886475e-01,2.906236946582794189e-01,2.474949061870574951e-01,1.962417513132095337e-01,2.332299351692199707e-01,3.867059350013732910e-01,2.677656114101409912e-01,2.530542910099029541e-01,2.143670320510864258e-01,4.011637568473815918e-01,3.870150744915008545e-01,2.967024445533752441e-01,2.924048602581024170e-01,2.953258156776428223e-01,2.638387382030487061e-01,2.183550149202346802e-01,1.827908456325531006e-01,2.364106625318527222e-01,5.158644914627075195e-02,1.216709539294242859e-01,1.051910668611526489e-01,1.100865229964256287e-01,1.158816069364547729e-01,-1.013670936226844788e-01,-7.061739265918731689e-02,1.313080936670303345e-01,1.947339475154876709e-01,-3.455859795212745667e-02,-9.567177295684814453e-02,6.043653469532728195e-03,5.503695085644721985e-02,9.672586619853973389e-02,2.280964851379394531e-01,1.671701818704605103e-01,3.714334964752197266e-02,9.999997615814208984e-01,4.929843842983245850e-01,3.890246152877807617e-01,3.194768726825714111e-01,2.149941623210906982e-01,4.330102354288101196e-02,1.955282390117645264e-01,1.834509074687957764e-01,-4.333799239248037338e-03,-8.934636414051055908e-02,2.720912098884582520e-01,3.407679200172424316e-01,6.277152895927429199e-02,7.593563199043273926e-02,4.196861386299133301e-01,3.338791131973266602e-01,2.191957384347915649e-01,2.301629334688186646e-01,1.849551796913146973e-01,1.311111301183700562e-01,3.459768593311309814e-01,2.742484211921691895e-01,2.851481735706329346e-01,1.835989058017730713e-01,2.917861044406890869e-01,2.427130192518234253e-01,2.080461382865905762e-01,1.036512032151222229e-01,2.273334413766860962e-01,2.360259890556335449e-01,1.912575513124465942e-01,3.250954300165176392e-02,3.187893331050872803e-01,1.452728211879730225e-01,1.150148436427116394e-01,1.194162815809249878e-01,-3.947408869862556458e-02,-1.640430069528520107e-03,1.443027108907699585e-01,2.140519171953201294e-01,3.954999744892120361e-01,3.572675883769989014e-01,1.652961820363998413e-01,1.291638612747192383e-01,4.563863854855298996e-03,2.966621890664100647e-02,2.321274429559707642e-01,1.075894534587860107e-01,3.232693970203399658e-01,2.398192435503005981e-01,2.443290799856185913e-01,2.387683391571044922e-01,1.862697601318359375e-01,2.697311639785766602e-01,4.849090278148651123e-01,3.382832705974578857e-01,1.477997750043869019e-01,1.912767738103866577e-01,1.585671901702880859e-01,2.251910120248794556e-01
3.805963397026062012e-01,6.193924546241760254e-01,2.459882050752639771e-01,4.990161955356597900e-01,2.994349971413612366e-02,1.487120091915130615e-01,5.005760788917541504e-01,4.604137241840362549e-01,-1.176430433988571167e-01,-1.580971293151378632e-02,1.936488747596740723e-01,2.516132295131683350e-01,2.002290338277816772e-01,2.145206332206726074e-01,-6.543046236038208008e-02,-2.215816453099250793e-02,2.336621433496475220e-01,3.509349822998046875e-01,2.854045927524566650e-01,1.497826129198074341e-01,2.472545057535171509e-01,2.666715979576110840e-01,2.872447073459625244e-01,2.763363122940063477e-01,1.528265178203582764e-01,2.136935591697692871e-01,2.697341144084930420e-01,3.043977320194244385e-01,1.088240742683410645e-01,2.833887338638305664e-01,3.151127696037292480e-01,3.699994385242462158e-01,3.007403612136840820e-01,3.415103554725646973e-01,1.716973632574081421e-01,2.532221078872680664e-01,1.579282283782958984e-01,2.282773256301879883e-01,2.080271244049072266e-01,1.214830875396728516e-01,7.526562362909317017e-02,1.547034233808517456e-01,1.133022680878639221e-01,2.053805589675903320e-01,-1.252496540546417236e-01,-7.720649242401123047e-02,7.756137102842330933e-02,2.293910533189773560e-01,-2.720755524933338165e-03,-6.204872205853462219e-02,-7.493502646684646606e-02,8.256307989358901978e-02,-2.012488991022109985e-02,2.751798331737518311e-01,-1.722688600420951843e-02,5.637964233756065369e-02,4.929843842983245850e-01,9.999999403953552246e-01,3.283195495605468750e-01,5.117499232292175293e-01,1.176464650779962540e-02,2.428286373615264893e-01,1.206284016370773315e-02,3.915067911148071289e-01,-2.039871066808700562e-01,-2.893297001719474792e-02,2.206997722387313843e-01,3.551377952098846436e-01,-3.955021873116493225e-02,4.533719643950462341e-02,4.407545626163482666e-01,4.164246916770935059e-01,2.024615854024887085e-01,2.870332300662994385e-01,2.137733846902847290e-01,2.164826542139053345e-01,3.229196071624755859e-01,3.271264135837554932e-01,2.706859409809112549e-01,2.742900848388671875e-01,1.968237161636352539e-01,4.527374207973480225e-01,-2.349825762212276459e-02,1.762645840644836426e-01,1.149659045040607452e-02,3.011115491390228271e-01,7.621261477470397949e-02,1.583233922719955444e-01,5.518543347716331482e-02,2.387156635522842407e-01,-5.901431664824485779e-02,2.041993290185928345e-01,-1.569630652666091919e-01,1.478450372815132141e-03,1.439822465181350708e-01,1.802953481674194336e-01,3.780121207237243652e-01,4.239265918731689453e-01,6.288084387779235840e-02,1.672628968954086304e-01,-9.158013761043548584e-02,-4.265390709042549133e-02,1.808988451957702637e-01,1.111456975340843201e-01,2.616959810256958008e-01,2.302039563655853271e-01,1.575800627470016479e-01,2.141983509063720703e-01,1.691747456789016724e-01,3.015605211257934570e-01,5.186325311660766602e-01,3.671290874481201172e-01,1.518182605504989624e-01,1.265851408243179321e-01,7.315946370363235474e-02,1.368856728076934814e-01
1.740110963582992554e-01,2.941548824310302734e-01,2.450956404209136963e-02,1.975640505552291870e-01,-6.544785574078559875e-03,1.276643425226211548e-01,2.494228333234786987e-01,2.882836759090423584e-01,-1.261376589536666870e-01,-2.498717606067657471e-02,-8.771028369665145874e-02,7.352387160062789917e-02,6.293446570634841919e-02,1.068218499422073364e-01,-5.322322621941566467e-02,-4.707812890410423279e-02,-1.617095619440078735e-02,-1.941580325365066528e-02,2.565148174762725830e-01,9.230883419513702393e-02,9.891732782125473022e-02,2.765858732163906097e-02,1.010825484991073608e-01,1.121505275368690491e-01,1.115275099873542786e-01,1.868255138397216797e-01,1.682727187871932983e-01,2.200153023004531860e-01,6.839846819639205933e-02,1.000570207834243774e-01,1.452360600233078003e-01,1.437239795923233032e-01,2.278880178928375244e-01,2.121023386716842651e-01,2.036746740341186523e-01,2.147508561611175537e-01,1.774396747350692749e-01,2.812114953994750977e-01,8.604352921247482300e-02,6.157294288277626038e-02,7.466928660869598389e-02,7.966177165508270264e-02,3.671224229037761688e-03,1.016044542193412781e-01,-4.433325026184320450e-03,1.312896609306335449e-01,-7.909662276506423950e-02,2.988060005009174347e-02,2.304430156946182251e-01,8.601375669240951538e-02,1.259373277425765991e-01,9.306617081165313721e-02,1.446310877799987793e-01,1.549378782510757446e-01,1.150111630558967590e-01,9.940283745527267456e-02,3.890246152877807617e-01,3.283195495605468750e-01,9.999997019767761230e-01,4.060220420360565186e-01,4.014180898666381836e-01,3.289906084537506104e-01,2.362085729837417603e-01,2.912865281105041504e-01,1.833655238151550293e-01,2.712549567222595215e-01,5.508392453193664551e-01,5.298847556114196777e-01,-8.138775825500488281e-03,6.200801953673362732e-02,2.030816227197647095e-01,1.192597672343254089e-01,1.574037969112396240e-01,5.178589001297950745e-02,1.740729361772537231e-01,1.051917597651481628e-01,3.127620518207550049e-01,3.347294926643371582e-01,8.725271373987197876e-02,7.174109667539596558e-02,1.387112140655517578e-01,1.445093601942062378e-01,2.201461046934127808e-02,1.732543557882308960e-01,3.433306887745857239e-02,1.722593307495117188e-01,5.187152698636054993e-02,2.337724566459655762e-01,8.352749049663543701e-02,1.973522752523422241e-01,5.886827409267425537e-02,1.793767511844635010e-01,-9.027141332626342773e-02,8.486840128898620605e-02,1.357427146285772324e-02,1.138786450028419495e-01,9.504733979701995850e-02,1.573658734560012817e-01,8.211160893552005291e-04,-2.683166414499282837e-02,-2.942437119781970978e-02,1.309320479631423950e-01,9.524778276681900024e-02,1.140717044472694397e-01,1.812289357185363770e-01,2.711527235805988312e-02,1.263767480850219727e-01,1.619340777397155762e-01,8.598441630601882935e-02,1.081844866275787354e-01,2.302928119897842407e-01,1.072890013456344604e-01,-6.488162279129028320e-02,-1.048166975378990173e-01,-5.627392232418060303e-02,1.580829322338104248e-01
9.552324563264846802e-02,1.888681799173355103e-01,-4.002757743000984192e-02,2.590111792087554932e-01,-1.979726254940032959e-01,-1.765325367450714111e-01,2.827626764774322510e-01,1.551636904478073120e-01,-1.806818693876266479e-01,-2.545358538627624512e-01,-6.239180639386177063e-02,2.779036946594715118e-02,-5.276129022240638733e-02,9.933016449213027954e-02,-7.854423671960830688e-02,1.606611162424087524e-02,8.066210150718688965e-02,9.096392244100570679e-02,2.553070783615112305e-01,6.137459352612495422e-02,1.376972049474716187e-01,1.114226952195167542e-01,-1.467128843069076538e-01,-1.221752390265464783e-01,-1.527528166770935059e-01,-1.073498353362083435e-01,4.650247469544410706e-02,6.929938495159149170e-02,1.163223087787628174e-01,1.825899183750152588e-01,-7.398362504318356514e-04,-3.529867390170693398e-03,1.490221321582794189e-01,1.057621315121650696e-01,1.133847907185554504e-01,1.945309191942214966e-01,1.455273926258087158e-01,1.490762382745742798e-01,2.288931608200073242e-01,7.544821500778198242e-02,1.982067674398422241e-01,1.090102121233940125e-01,2.404413074254989624e-01,1.586260497570037842e-01,-2.685427665710449219e-01,-5.414418131113052368e-02,1.416797470301389694e-02,8.815347403287887573e-02,1.553352177143096924e-02,-1.984781026840209961e-02,1.418846938759088516e-02,-4.955749213695526123e-02,-7.079429924488067627e-02,1.728032529354095459e-01,1.155068054795265198e-01,1.423190385103225708e-01,3.194768726825714111e-01,5.117499232292175293e-01,4.060220420360565186e-01,9.999995231628417969e-01,-9.504222124814987183e-02,1.277932226657867432e-01,4.584503546357154846e-02,1.184528917074203491e-01,-2.351190000772476196e-01,-3.858987614512443542e-02,1.701090186834335327e-01,4.440327584743499756e-01,-2.749645337462425232e-02,1.410956978797912598e-01,3.826041221618652344e-01,3.235695958137512207e-01,2.461340278387069702e-01,1.887344270944595337e-01,2.497135996818542480e-01,1.343955695629119873e-01,2.031552046537399292e-01,2.364246547222137451e-01,9.125677496194839478e-02,9.491214156150817871e-02,5.826019868254661560e-02,1.885732561349868774e-01,6.078659370541572571e-02,5.200375616550445557e-02,5.376151204109191895e-02,2.033443599939346313e-01,1.354239135980606079e-01,1.332441866397857666e-01,3.748876973986625671e-02,3.208827674388885498e-01,1.675297170877456665e-01,3.935741186141967773e-01,1.475480049848556519e-01,2.662518322467803955e-01,6.260000914335250854e-02,7.122318446636199951e-02,2.537888586521148682e-01,2.265187501907348633e-01,1.309356838464736938e-01,1.627197265625000000e-01,1.435175091028213501e-01,3.254192471504211426e-01,2.691006064414978027e-01,2.872865498065948486e-01,2.204078286886215210e-01,3.044576942920684814e-01,1.685960590839385986e-01,1.450227797031402588e-01,8.856393396854400635e-03,5.872538685798645020e-02,2.928598225116729736e-01,2.179745435714721680e-01,1.951605826616287231e-01,8.087814599275588989e-02,7.289877533912658691e-02,4.761921986937522888e-02
7.651246339082717896e-02,1.372265368700027466e-01,3.748678043484687805e-02,-5.844749975949525833e-03,9.980342350900173187e-03,1.633797287940979004e-01,1.088530197739601135e-01,1.343202143907546997e-01,-1.003968939185142517e-01,7.969335466623306274e-02,-1.000023707747459412e-01,-1.470639649778604507e-02,-1.331161055713891983e-02,9.844657033681869507e-03,-3.041446441784501076e-03,2.778871357440948486e-02,-1.156115755438804626e-01,-1.318188756704330444e-01,7.151363790035247803e-02,-1.056304294615983963e-02,-3.928792476654052734e-02,-5.213374271988868713e-02,1.253009885549545288e-01,5.944054573774337769e-02,9.413813054561614990e-02,1.568665355443954468e-01,8.694375865161418915e-03,3.554973378777503967e-02,-5.081083998084068298e-02,-1.100565865635871887e-02,-5.397706758230924606e-03,1.383863389492034912e-02,1.173030659556388855e-01,7.388437539339065552e-02,4.325291514396667480e-02,1.776074618101119995e-02,3.189774230122566223e-02,1.452877223491668701e-01,-4.303691536188125610e-02,-1.300846785306930542e-02,-7.984902709722518921e-02,6.538075208663940430e-02,-1.743558198213577271e-01,-3.963801637291908264e-02,1.622687429189682007e-01,7.267978787422180176e-02,-2.141554467380046844e-02,1.355248782783746719e-02,8.438406884670257568e-02,4.471307247877120972e-02,1.236504092812538147e-01,1.422614753246307373e-01,1.846931576728820801e-01,1.491367518901824951e-01,-5.608845036476850510e-03,1.600260101258754730e-02,2.149941623210906982e-01,1.176464650779962540e-02,4.014180898666381836e-01,-9.504222124814987183e-02,9.999999403953552246e-01,3.207066953182220459e-01,3.054120242595672607e-01,9.536693245172500610e-02,5.114244818687438965e-01,4.179199635982513428e-01,2.804076075553894043e-01,1.870575249195098877e-01,-7.352627813816070557e-02,-7.024384289979934692e-02,-2.924585901200771332e-02,-4.123182967305183411e-02,9.934357367455959320e-03,4.365815594792366028e-02,7.350994646549224854e-02,7.815224677324295044e-02,1.733512431383132935e-01,1.511622369289398193e-01,-4.415319859981536865e-02,-7.597552984952926636e-02,1.086673066020011902e-01,-4.771481081843376160e-02,-6.150667741894721985e-02,1.152927726507186890e-01,-4.731865599751472473e-02,2.192604355514049530e-02,-1.732476055622100830e-01,3.664435818791389465e-02,-1.689300499856472015e-02,-7.732268422842025757e-02,-6.874715536832809448e-02,-1.137976422905921936e-01,-1.624091714620590210e-01,-2.062072232365608215e-02,1.777548529207706451e-02,-7.646022830158472061e-03,-1.006813049316406250e-01,-6.016795709729194641e-02,-1.052000075578689575e-01,-1.264502108097076416e-01,-2.463971674442291260e-01,-1.835209429264068604e-01,-1.809036433696746826e-01,-2.209949791431427002e-01,-4.853725805878639221e-02,-1.468605995178222656e-01,5.747604649513959885e-03,3.739004582166671753e-02,1.381803750991821289e-01,8.024071902036666870e-02,4.621802642941474915e-02,-9.010057151317596436e-02,-1.994240432977676392e-01,-1.008128896355628967e-01,-5.432086810469627380e-02,7.920839637517929077e-02
2.942160936072468758e-03,2.274844199419021606e-01,-4.877544566988945007e-02,1.730291098356246948e-01,-8.918845653533935547e-02,1.393840312957763672e-01,9.093308448791503906e-02,2.389800846576690674e-01,-1.613977849483489990e-01,1.691808551549911499e-02,-3.863206878304481506e-02,6.240179389715194702e-02,-3.899430111050605774e-02,7.438861578702926636e-02,-1.467409431934356689e-01,-1.481468323618173599e-02,2.236008271574974060e-02,-1.546745002269744873e-02,3.939986974000930786e-02,5.142823606729507446e-02,-6.535477191209793091e-02,-6.143990531563758850e-02,1.036440432071685791e-01,1.038049459457397461e-01,5.238153040409088135e-02,1.134002730250358582e-01,-3.548616543412208557e-02,1.051297634840011597e-01,-3.764669224619865417e-02,9.400455653667449951e-02,-2.301369979977607727e-02,-2.057656878605484962e-03,5.340430140495300293e-02,4.857804626226425171e-02,5.574654415249824524e-02,6.090198084712028503e-02,8.393937349319458008e-02,1.161922290921211243e-01,-6.072831153869628906e-02,-4.970162734389305115e-02,-6.864510476589202881e-02,1.340571884065866470e-02,-1.713743209838867188e-01,1.636831462383270264e-02,1.879273168742656708e-02,3.046538867056369781e-02,-1.735989451408386230e-01,-1.293175388127565384e-02,1.086039617657661438e-01,3.033528104424476624e-02,-4.606174305081367493e-02,6.488902866840362549e-02,3.394910367205739021e-03,1.600706875324249268e-01,-1.140137091279029846e-01,1.222147978842258453e-02,4.330102354288101196e-02,2.428286373615264893e-01,3.289906084537506104e-01,1.277932226657867432e-01,3.207066953182220459e-01,9.999994039535522461e-01,1.991496533155441284e-01,4.340794086456298828e-01,7.022081315517425537e-02,4.263142943382263184e-01,2.228284329175949097e-01,1.534347236156463623e-01,2.314454503357410431e-02,1.024020761251449585e-01,4.354708269238471985e-02,8.437928557395935059e-02,2.777573466300964355e-02,1.096904650330543518e-01,1.006100550293922424e-01,1.349469274282455444e-01,1.840006709098815918e-01,2.374786138534545898e-01,-1.193358842283487320e-02,-1.351250428706407547e-02,1.187611296772956848e-01,1.673257797956466675e-01,-1.169431656599044800e-01,2.190715223550796509e-01,-1.311205774545669556e-01,1.352098137140274048e-01,-3.687655553221702576e-02,2.966865897178649902e-01,-1.413857191801071167e-01,7.244542986154556274e-02,-1.660012155771255493e-01,1.421383768320083618e-01,-2.413952946662902832e-01,8.438511937856674194e-02,2.002022229135036469e-02,-2.897519432008266449e-02,2.481483970768749714e-04,6.150554120540618896e-02,-1.266875714063644409e-01,-3.469044715166091919e-02,-2.058072388172149658e-01,-3.251620009541511536e-02,-9.879955649375915527e-02,-6.814780831336975098e-02,2.513344213366508484e-02,-1.216912195086479187e-01,7.863473892211914062e-02,5.166254565119743347e-02,5.929620005190372467e-03,1.510134786367416382e-01,1.176499053835868835e-01,7.857804745435714722e-02,-6.812851130962371826e-02,-1.898064464330673218e-01,-1.815807968378067017e-01,-1.756949163973331451e-02
2.591211348772048950e-02,2.886139787733554840e-02,6.689522415399551392e-02,-4.664887115359306335e-02,-4.022954497486352921e-03,1.198475807905197144e-02,1.835964322090148926e-01,4.337614402174949646e-02,-5.490252748131752014e-02,-1.166708096861839294e-01,3.140183631330728531e-03,-5.491872504353523254e-02,9.567253291606903076e-02,-3.779470920562744141e-02,1.887585669755935669e-01,1.347911916673183441e-02,-1.508362707681953907e-03,-1.163582354784011841e-01,-2.402480505406856537e-02,-7.872497290372848511e-02,7.027282565832138062e-02,-3.476735949516296387e-02,2.731343172490596771e-02,-7.875341176986694336e-02,-9.053893387317657471e-02,-3.239163383841514587e-02,4.060107097029685974e-02,1.481919828802347183e-02,1.740152835845947266e-01,3.307885723188519478e-03,7.571035623550415039e-02,1.559991505928337574e-03,2.611653208732604980e-01,1.589069962501525879e-01,5.320439487695693970e-02,-3.626285493373870850e-02,1.812643855810165405e-01,8.184491097927093506e-02,8.012887835502624512e-02,5.340412259101867676e-02,8.091407269239425659e-02,2.832414396107196808e-02,-6.309778988361358643e-02,-9.469352662563323975e-02,7.570584863424301147e-02,1.759545691311359406e-02,-1.234036162495613098e-01,-1.221978440880775452e-01,1.489719152450561523e-01,1.433544605970382690e-02,3.396683931350708008e-02,5.942815914750099182e-03,2.877496182918548584e-02,1.551705449819564819e-01,2.115656882524490356e-01,8.070939034223556519e-02,1.955282390117645264e-01,1.206284016370773315e-02,2.362085729837417603e-01,4.584503546357154846e-02,3.054120242595672607e-01,1.991496533155441284e-01,9.999999403953552246e-01,2.961603999137878418e-01,2.496345192193984985e-01,3.280673325061798096e-01,1.658999621868133545e-01,1.645539551973342896e-01,-9.655830264091491699e-02,-7.180561870336532593e-02,5.481010675430297852e-02,-8.388024568557739258e-02,5.477692000567913055e-03,-2.242500521242618561e-02,2.035641297698020935e-02,5.245206411927938461e-03,1.245458573102951050e-01,1.020511910319328308e-01,2.388944290578365326e-02,1.169728767126798630e-02,3.737136423587799072e-01,8.545014075934886932e-03,2.652643322944641113e-01,2.226891368627548218e-02,7.180704921483993530e-02,8.684670552611351013e-03,7.669086754322052002e-02,4.648750647902488708e-02,1.396681666374206543e-01,4.310934990644454956e-02,3.216035664081573486e-01,1.749019622802734375e-01,1.704394370317459106e-01,1.858749077655375004e-03,9.346891194581985474e-02,5.328472703695297241e-02,6.926942616701126099e-02,-1.854419894516468048e-02,1.095665097236633301e-01,4.413894936442375183e-02,7.363551855087280273e-02,-3.023944422602653503e-02,4.718868527561426163e-03,-8.402040600776672363e-02,5.405112728476524353e-02,1.193274557590484619e-02,1.101426258683204651e-01,3.210674226284027100e-02,1.707216054201126099e-01,2.665067911148071289e-01,1.040895581245422363e-01,2.689585834741592407e-02,2.103076130151748657e-01,-8.843374997377395630e-02,2.285419264808297157e-03,2.174863070249557495e-01
1.338178962469100952e-01,4.218705296516418457e-01,1.839564442634582520e-01,3.560132086277008057e-01,1.954257488250732422e-01,3.783209025859832764e-01,3.367158174514770508e-01,5.362125635147094727e-01,-9.308022446930408478e-03,1.559117436408996582e-01,6.385914236307144165e-02,1.982056498527526855e-01,2.470242828130722046e-01,2.601686716079711914e-01,-4.852052405476570129e-02,-4.630491137504577637e-02,5.982084572315216064e-02,1.022023111581802368e-01,1.106399577111005783e-02,2.015841938555240631e-02,4.352274537086486816e-02,4.700816422700881958e-02,3.368122577667236328e-01,3.707845211029052734e-01,3.140133917331695557e-01,3.644879758358001709e-01,2.540283799171447754e-01,3.792749941349029541e-01,-3.075910918414592743e-02,1.014829948544502258e-01,2.307928204536437988e-01,2.703743278980255127e-01,1.947759687900543213e-01,2.396849691867828369e-01,-2.428206987679004669e-02,-3.522244747728109360e-03,6.108205392956733704e-02,1.261061578989028931e-01,-9.856630116701126099e-02,3.581060096621513367e-02,-9.159194678068161011e-02,6.585073471069335938e-02,-1.487738937139511108e-01,2.748342975974082947e-02,6.210319325327873230e-02,8.486822247505187988e-02,-1.948835253715515137e-01,-3.984413295984268188e-02,1.988385468721389771e-01,1.111203953623771667e-01,2.115168422460556030e-02,1.276514530181884766e-01,-2.591140940785408020e-02,1.214138194918632507e-01,-1.964549720287322998e-01,-2.103375084698200226e-02,1.834509074687957764e-01,3.915067911148071289e-01,2.912865281105041504e-01,1.184528917074203491e-01,9.536693245172500610e-02,4.340794086456298828e-01,2.961603999137878418e-01,9.999995231628417969e-01,-6.182793155312538147e-02,3.107042014598846436e-01,1.043987125158309937e-01,5.412676930427551270e-02,-6.226702407002449036e-02,-1.026806309819221497e-01,1.086234748363494873e-01,1.033850163221359253e-01,-1.021702401340007782e-02,3.608163446187973022e-02,5.896750465035438538e-02,1.458041518926620483e-01,1.152694970369338989e-01,2.086316794157028198e-01,1.117257326841354370e-01,1.191336214542388916e-01,3.023051023483276367e-01,4.417189359664916992e-01,1.007079631090164185e-01,3.509144484996795654e-01,-1.458914428949356079e-01,2.080321758985519409e-01,1.475058495998382568e-01,4.067806303501129150e-01,-7.319782674312591553e-02,2.124867737293243408e-01,-9.867835044860839844e-02,2.506257295608520508e-01,-2.406269162893295288e-01,-4.670399799942970276e-02,-3.807089850306510925e-02,7.535033673048019409e-02,4.486666247248649597e-02,1.657271832227706909e-01,-1.809222102165222168e-01,-9.350092709064483643e-02,-2.347667366266250610e-01,-1.700804680585861206e-01,-4.406441748142242432e-02,-1.375041455030441284e-01,4.872470721602439880e-02,-1.131673529744148254e-01,1.306841075420379639e-01,2.093967348337173462e-01,1.548848152160644531e-01,2.779485881328582764e-01,2.331319153308868408e-01,1.405636221170425415e-01,3.234692290425300598e-02,-1.562661826610565186e-01,-1.390674263238906860e-01,1.174061447381973267e-01
-4.745547845959663391e-02,-8.563116192817687988e-02,-9.396879374980926514e-02,-2.238582521677017212e-01,-5.282081291079521179e-02,7.475718855857849121e-02,-1.099812611937522888e-01,-8.461578935384750366e-02,-1.144277602434158325e-01,3.629345074295997620e-02,-1.489923894405364990e-01,-5.155947059392929077e-02,-8.653008192777633667e-02,-5.454669520258903503e-02,-4.176973551511764526e-02,-7.998538203537464142e-03,-2.159129679203033447e-01,-2.389420121908187866e-01,-1.027805581688880920e-01,-1.270499229431152344e-01,-1.584174782037734985e-01,-1.092114299535751343e-01,-3.480032831430435181e-02,-7.079155743122100830e-02,1.255008857697248459e-02,2.956095524132251740e-02,-5.824683606624603271e-02,-8.185338973999023438e-02,-1.144586130976676941e-01,-7.388589531183242798e-02,-1.090609952807426453e-01,-9.843406081199645996e-02,-5.158841237425804138e-02,-8.884191513061523438e-02,-2.004631049931049347e-02,-8.487938344478607178e-02,-1.690651290118694305e-02,-6.292330473661422729e-02,-6.190597265958786011e-02,-1.355940401554107666e-01,1.398622058331966400e-02,-8.005882799625396729e-02,-6.430058274418115616e-03,8.430830389261245728e-02,1.545101404190063477e-01,1.810015141963958740e-01,1.005548611283302307e-01,6.777517497539520264e-02,2.495377510786056519e-01,2.025628387928009033e-01,4.029089212417602539e-01,3.590156435966491699e-01,3.973426520824432373e-01,1.109171584248542786e-01,1.475935280323028564e-01,3.232848271727561951e-02,-4.333799239248037338e-03,-2.039871066808700562e-01,1.833655238151550293e-01,-2.351190000772476196e-01,5.114244818687438965e-01,7.022081315517425537e-02,2.496345192193984985e-01,-6.182793155312538147e-02,1.000000238418579102e+00,2.777559757232666016e-01,1.265769153833389282e-01,4.717754945158958435e-02,-7.094287872314453125e-02,-1.222458854317665100e-01,-2.016617059707641602e-01,-2.359618246555328369e-01,-5.813708528876304626e-02,3.343684598803520203e-02,-8.179794251918792725e-02,1.676313206553459167e-02,1.095904223620891571e-02,-5.022440478205680847e-02,-5.599897727370262146e-02,-1.195011213421821594e-01,-2.943113073706626892e-02,-2.172046452760696411e-01,-3.248961642384529114e-02,4.182212054729461670e-02,8.145409822463989258e-02,-1.261243671178817749e-01,-1.704062521457672119e-01,-1.047529950737953186e-01,1.160245947539806366e-02,-1.841286867856979370e-01,5.152320954948663712e-03,-1.744392216205596924e-01,-4.967042058706283569e-02,-8.608175814151763916e-02,1.647783210501074791e-03,-6.870704889297485352e-02,-9.319282323122024536e-02,-1.705000251531600952e-01,1.990399789065122604e-03,-4.873914644122123718e-02,-1.155378371477127075e-01,-1.137547269463539124e-01,-2.085963636636734009e-01,-2.327436208724975586e-01,-8.812060952186584473e-02,-2.269337922334671021e-01,-4.269065707921981812e-02,-1.106779649853706360e-01,5.227754823863506317e-03,-5.331895872950553894e-02,-8.113528788089752197e-02,-1.147801429033279419e-01,-1.432381570339202881e-01,-1.014275476336479187e-01,-8.197159320116043091e-02,6.116827204823493958e-02
-1.443663835525512695e-01,4.092774540185928345e-02,-1.693280786275863647e-01,-3.856880962848663330e-02,-4.091176390647888184e-02,9.941812604665756226e-02,-5.722913891077041626e-02,7.330946624279022217e-02,-1.444202363491058350e-01,2.554333023726940155e-02,-2.044414579868316650e-01,-1.390630155801773071e-01,-1.106013134121894836e-01,-1.038817763328552246e-01,-6.004161387681961060e-02,-8.335856348276138306e-02,-2.064550071954727173e-01,-2.364749759435653687e-01,-2.847455628216266632e-02,-3.697016090154647827e-02,-1.153961122035980225e-01,-1.464050114154815674e-01,-1.516004651784896851e-02,9.532722644507884979e-03,5.272351205348968506e-02,1.019434705376625061e-01,-5.226808041334152222e-02,6.855539977550506592e-03,-1.914137154817581177e-01,-1.408687680959701538e-01,-1.414757668972015381e-01,-1.272834390401840210e-01,7.264371961355209351e-02,4.385514929890632629e-02,-7.119803130626678467e-02,-9.515938907861709595e-02,-4.965692758560180664e-02,1.885003745555877686e-01,-2.308360189199447632e-01,6.616743654012680054e-02,-5.956872925162315369e-02,5.014251172542572021e-02,-2.463262677192687988e-01,-7.450046390295028687e-02,1.573307812213897705e-01,2.077869921922683716e-01,-2.063293755054473877e-01,-1.047967970371246338e-01,1.527099609375000000e-01,1.689793765544891357e-01,7.898728549480438232e-02,1.922286599874496460e-01,3.744038194417953491e-02,4.008392617106437683e-02,-7.134328037500381470e-02,9.826615452766418457e-02,-8.934636414051055908e-02,-2.893297001719474792e-02,2.712549567222595215e-01,-3.858987614512443542e-02,4.179199635982513428e-01,4.263142943382263184e-01,3.280673325061798096e-01,3.107042014598846436e-01,2.777559757232666016e-01,9.999999403953552246e-01,2.184138745069503784e-01,1.727014183998107910e-01,-3.775982558727264404e-02,-1.085747182369232178e-01,-1.922127455472946167e-01,-2.063980847597122192e-01,-7.468281686305999756e-02,-1.731414943933486938e-01,1.490297354757785797e-02,2.578317932784557343e-02,4.458312178030610085e-04,1.071497797966003418e-01,-2.147424221038818359e-01,-1.597283780574798584e-01,4.925034567713737488e-02,2.252722345292568207e-02,-5.936741083860397339e-02,7.490415126085281372e-03,-2.391458898782730103e-01,3.914437722414731979e-03,-1.488073021173477173e-01,1.019130945205688477e-01,-2.616051435470581055e-01,-2.992701716721057892e-02,-3.681886568665504456e-02,1.116250008344650269e-01,-7.271158695220947266e-02,6.421927362680435181e-02,-7.592555135488510132e-02,-2.476180344820022583e-02,-2.059860974550247192e-01,-6.302934139966964722e-02,-1.489478945732116699e-01,-1.025272533297538757e-01,-2.524505555629730225e-01,-1.310756653547286987e-01,-2.209011912345886230e-01,-1.791829466819763184e-01,-1.509508192539215088e-01,-1.808248609304428101e-01,-5.283688381314277649e-02,1.079830750823020935e-01,5.515495315194129944e-02,1.028385460376739502e-01,-3.145859017968177795e-02,-1.636468470096588135e-01,-7.341374456882476807e-02,-2.316224724054336548e-01,-1.037579923868179321e-01,1.038300991058349609e-01
2.117436677217483521e-01,2.589550614356994629e-01,1.277710124850273132e-02,1.800058186054229736e-01,-2.531682886183261871e-02,1.063870713114738464e-01,1.541832238435745239e-01,1.310718506574630737e-01,-1.303241401910781860e-01,4.700980614870786667e-03,6.687700748443603516e-02,7.867489010095596313e-02,7.058371603488922119e-02,-4.677800089120864868e-02,-7.714564353227615356e-02,1.105067133903503418e-02,1.186357513070106506e-01,1.058960705995559692e-01,3.839599192142486572e-01,1.246450915932655334e-01,1.831299662590026855e-01,1.432339400053024292e-01,6.266326457262039185e-02,5.563314631581306458e-02,1.331833004951477051e-02,1.126571148633956909e-01,1.192177087068557739e-01,1.914104372262954712e-01,1.746656447649002075e-01,1.592385321855545044e-01,2.170899808406829834e-01,2.317690551280975342e-01,4.360478520393371582e-01,3.770266175270080566e-01,5.082638859748840332e-01,4.268428981304168701e-01,2.746055424213409424e-01,3.570202589035034180e-01,1.844739317893981934e-01,2.017041146755218506e-01,7.067574560642242432e-02,1.425846070051193237e-01,7.273638248443603516e-02,1.810830831527709961e-01,1.198861673474311829e-01,1.527410894632339478e-01,1.347953081130981445e-01,1.733846217393875122e-01,2.302552461624145508e-01,1.171098649501800537e-01,1.471136957406997681e-01,9.154250472784042358e-02,1.274485588073730469e-01,8.038551360368728638e-02,2.675632536411285400e-01,1.755396872758865356e-01,2.720912098884582520e-01,2.206997722387313843e-01,5.508392453193664551e-01,1.701090186834335327e-01,2.804076075553894043e-01,2.228284329175949097e-01,1.658999621868133545e-01,1.043987125158309937e-01,1.265769153833389282e-01,2.184138745069503784e-01,9.999999403953552246e-01,6.314681768417358398e-01,3.037260472774505615e-02,8.000057935714721680e-02,2.122744470834732056e-01,1.330161541700363159e-01,1.585126519203186035e-01,9.876104444265365601e-02,1.478567123413085938e-01,1.049902960658073425e-01,4.306710958480834961e-01,4.360668957233428955e-01,1.595583260059356689e-01,1.952790915966033936e-01,1.640053391456604004e-01,1.065202355384826660e-01,-8.561659604310989380e-02,1.287947893142700195e-01,8.774785697460174561e-02,1.388814002275466919e-01,-1.038815081119537354e-01,5.515764653682708740e-02,1.042010858654975891e-01,1.255060285329818726e-01,1.179888173937797546e-01,9.391093999147415161e-02,-8.576798439025878906e-02,-2.960102818906307220e-02,2.507184147834777832e-01,2.400460392236709595e-01,2.570522129535675049e-01,2.850846350193023682e-01,2.723011076450347900e-01,1.938721090555191040e-01,-1.827176287770271301e-02,6.001789588481187820e-03,1.869042813777923584e-01,1.225372478365898132e-01,3.431566059589385986e-01,1.746028512716293335e-01,1.437556147575378418e-01,1.734147667884826660e-01,2.665757536888122559e-01,2.706441581249237061e-01,2.939350903034210205e-01,2.013601511716842651e-01,2.656727470457553864e-02,4.174521937966346741e-02,2.163403630256652832e-01,3.457898497581481934e-01
1.311865597963333130e-01,2.323223352432250977e-01,-1.511491741985082626e-02,2.349705100059509277e-01,-1.382328122854232788e-01,-5.332919582724571228e-02,1.996374428272247314e-01,8.532563596963882446e-02,-2.098380029201507568e-01,-1.668452620506286621e-01,1.807379536330699921e-02,-1.559761236421763897e-03,-2.331095747649669647e-02,-5.210146680474281311e-02,-1.135624945163726807e-01,-2.408825419843196869e-02,1.247122511267662048e-01,1.072891503572463989e-01,3.469043672084808350e-01,7.831703871488571167e-02,1.767665147781372070e-01,1.398067921400070190e-01,-4.214584827423095703e-02,-4.731673747301101685e-02,-9.184794872999191284e-02,-1.395787298679351807e-02,7.864693552255630493e-02,9.028995037078857422e-02,1.558804512023925781e-01,1.566925644874572754e-01,1.310899257659912109e-01,1.586931198835372925e-01,3.750900328159332275e-01,3.028440475463867188e-01,4.238381087779998779e-01,4.528149366378784180e-01,2.138295620679855347e-01,3.210187256336212158e-01,2.677688598632812500e-01,2.110414803028106689e-01,1.607875376939773560e-01,1.594514399766921997e-01,3.265460431575775146e-01,3.768553435802459717e-01,2.459166385233402252e-02,1.868780553340911865e-01,2.587336897850036621e-01,3.089398741722106934e-01,1.837157905101776123e-01,1.354061365127563477e-01,1.982918381690979004e-01,1.663982123136520386e-01,1.611871570348739624e-01,1.303588449954986572e-01,2.906486690044403076e-01,2.292064577341079712e-01,3.407679200172424316e-01,3.551377952098846436e-01,5.298847556114196777e-01,4.440327584743499756e-01,1.870575249195098877e-01,1.534347236156463623e-01,1.645539551973342896e-01,5.412676930427551270e-02,4.717754945158958435e-02,1.727014183998107910e-01,6.314681768417358398e-01,1.000000119209289551e+00,-1.012151502072811127e-02,8.682073652744293213e-02,3.151255846023559570e-01,2.282127887010574341e-01,2.087043076753616333e-01,1.208198592066764832e-01,1.872041225433349609e-01,1.101469770073890686e-01,3.661998510360717773e-01,4.072203636169433594e-01,9.533499181270599365e-02,1.642266809940338135e-01,1.268637031316757202e-01,1.238426640629768372e-01,-2.460561878979206085e-02,4.258957877755165100e-02,6.312896311283111572e-02,1.326255202293395996e-01,-4.858934879302978516e-02,-8.752469904720783234e-03,5.328644067049026489e-02,1.585509330034255981e-01,1.918927133083343506e-01,2.196413278579711914e-01,6.450856477022171021e-02,8.233889937400817871e-02,1.902668327093124390e-01,1.772057265043258667e-01,2.766478955745697021e-01,2.941368520259857178e-01,3.021667003631591797e-01,2.947396337985992432e-01,1.036837846040725708e-01,1.402077078819274902e-01,2.344806790351867676e-01,1.784753799438476562e-01,2.746859192848205566e-01,2.111135721206665039e-01,1.223504021763801575e-01,1.394477039575576782e-01,1.469506621360778809e-01,1.664052158594131470e-01,3.203749060630798340e-01,2.163155376911163330e-01,1.204829066991806030e-01,1.334944814443588257e-01,1.987607032060623169e-01,2.402813285589218140e-01
3.744199275970458984e-01,1.591119021177291870e-01,7.098019123077392578e-02,5.751254782080650330e-02,-1.913012377917766571e-02,-1.877719163894653320e-02,6.767057627439498901e-02,1.112076640129089355e-02,-6.616526842117309570e-02,-1.791529916226863861e-02,1.859884709119796753e-03,-5.634597316384315491e-02,1.440258026123046875e-01,-7.161448895931243896e-02,-1.065471768379211426e-01,-1.492559909820556641e-01,3.968391320086084306e-05,-5.808530375361442566e-02,1.576852351427078247e-01,6.097366213798522949e-01,-1.348761618137359619e-01,-1.442855447530746460e-01,1.065742596983909607e-01,9.585434943437576294e-02,5.212899670004844666e-02,8.732806146144866943e-02,-2.619258873164653778e-02,1.789647899568080902e-02,-2.236121147871017456e-02,6.424991041421890259e-02,3.220428526401519775e-02,3.830729052424430847e-02,-1.951466649770736694e-01,-2.170367985963821411e-01,9.072533994913101196e-02,3.999859467148780823e-02,-1.577108204364776611e-01,-1.161990463733673096e-01,-1.692243516445159912e-01,-7.668015360832214355e-02,-1.309610754251480103e-01,-1.215442419052124023e-01,-1.102684065699577332e-01,-3.625791892409324646e-02,-1.158458814024925232e-01,-4.843126609921455383e-02,-9.356183558702468872e-02,-3.470296785235404968e-02,-8.741757273674011230e-02,-3.547703847289085388e-02,-6.306455284357070923e-02,-1.569244638085365295e-02,-6.892906129360198975e-02,-8.100688457489013672e-02,-1.612359434366226196e-01,-1.224744841456413269e-01,6.277152895927429199e-02,-3.955021873116493225e-02,-8.138775825500488281e-03,-2.749645337462425232e-02,-7.352627813816070557e-02,2.314454503357410431e-02,-9.655830264091491699e-02,-6.226702407002449036e-02,-7.094287872314453125e-02,-3.775982558727264404e-02,3.037260472774505615e-02,-1.012151502072811127e-02,1.000000119209289551e+00,6.552196145057678223e-01,-3.101067058742046356e-02,-1.274960767477750778e-02,-1.443483382463455200e-01,-1.750716269016265869e-01,-1.239068061113357544e-01,-2.182319909334182739e-01,-1.482855901122093201e-02,-5.871610715985298157e-02,1.144272461533546448e-01,1.069390401244163513e-01,-3.784061968326568604e-02,-7.507642265409231186e-03,-7.493586838245391846e-02,-2.278357185423374176e-02,-5.774626508355140686e-02,7.034877687692642212e-02,-2.437315322458744049e-02,7.515973597764968872e-02,-8.847977966070175171e-02,-8.534467779099941254e-03,-2.588619291782379150e-01,-1.544825881719589233e-01,-1.765516400337219238e-01,-7.955448329448699951e-02,-1.102745234966278076e-01,-6.382089853286743164e-02,-1.085132360458374023e-01,-5.770194530487060547e-02,-1.698955595493316650e-01,-1.791193634271621704e-01,-6.826984882354736328e-02,1.434555277228355408e-02,-9.902148693799972534e-02,1.236721221357584000e-02,-7.952572405338287354e-02,-5.514621362090110779e-02,-3.414436429738998413e-02,-1.471846830099821091e-02,6.779808900319039822e-04,2.015159837901592255e-02,-5.458694323897361755e-02,-9.112758934497833252e-02,-1.580151915550231934e-01,-1.631188541650772095e-01,-1.550561934709548950e-01,-6.543144583702087402e-02
3.195467889308929443e-01,1.209532693028450012e-01,4.679620638489723206e-02,9.750792384147644043e-02,-4.581902176141738892e-02,-4.950760304927825928e-02,8.853571116924285889e-02,6.300864042714238167e-04,-7.199101150035858154e-02,-5.478531122207641602e-02,1.874857023358345032e-02,-8.439912460744380951e-03,8.109828084707260132e-02,1.038400735706090927e-02,-8.613859117031097412e-02,-5.229435116052627563e-02,7.036300841718912125e-03,1.167272031307220459e-02,1.723015904426574707e-01,5.438342690467834473e-01,-1.094159334897994995e-01,-1.127070412039756775e-01,4.923170432448387146e-02,2.385860867798328400e-02,-1.783677749335765839e-02,1.303494442254304886e-02,-4.183295369148254395e-02,-2.066862303763628006e-03,8.194246888160705566e-02,1.471360772848129272e-01,4.622343182563781738e-02,2.304852008819580078e-02,-1.153424531221389771e-01,-1.872282922267913818e-01,1.163088083267211914e-01,9.549640119075775146e-02,-9.738057106733322144e-02,-9.106877446174621582e-02,-9.521041065454483032e-02,-5.247456720098853111e-04,-8.273337036371231079e-02,-2.841772884130477905e-02,-2.330348268151283264e-02,-1.970686949789524078e-02,-1.671716719865798950e-01,-8.940233290195465088e-02,-8.763965964317321777e-02,-3.878038749098777771e-02,-7.001794129610061646e-02,-5.600861832499504089e-02,-6.730120629072189331e-02,-5.434057861566543579e-02,-6.328999251127243042e-02,-1.506762299686670303e-02,-8.287171274423599243e-02,-1.306403614580631256e-02,7.593563199043273926e-02,4.533719643950462341e-02,6.200801953673362732e-02,1.410956978797912598e-01,-7.024384289979934692e-02,1.024020761251449585e-01,-7.180561870336532593e-02,-1.026806309819221497e-01,-1.222458854317665100e-01,-1.085747182369232178e-01,8.000057935714721680e-02,8.682073652744293213e-02,6.552196145057678223e-01,9.999997615814208984e-01,5.814841017127037048e-02,6.521343439817428589e-02,-9.563971310853958130e-02,-9.033723920583724976e-02,-4.466694593429565430e-02,-1.485451310873031616e-01,4.218832030892372131e-02,1.342376135289669037e-02,1.414138376712799072e-01,1.786933243274688721e-01,-4.606517776846885681e-02,3.768860548734664917e-02,-4.025369510054588318e-02,4.021138697862625122e-02,-3.175989165902137756e-02,1.099952310323715210e-01,-1.283052563667297363e-02,1.170612722635269165e-01,-2.784685231745243073e-02,1.072983071208000183e-01,-1.606332957744598389e-01,-3.335791081190109253e-02,-1.336214691400527954e-01,-2.013343572616577148e-02,-5.429013818502426147e-02,-3.111357428133487701e-02,-5.134767293930053711e-02,-3.100587986409664154e-02,-9.331098943948745728e-02,-7.198204100131988525e-02,3.938476741313934326e-02,1.344807744026184082e-01,-2.013284713029861450e-02,1.450880467891693115e-01,9.430174715816974640e-03,3.246163576841354370e-02,-2.755423262715339661e-02,3.922776784747838974e-03,-1.011640205979347229e-02,3.481452353298664093e-03,-2.110425382852554321e-02,-1.425504405051469803e-02,-1.028076559305191040e-01,-1.713094115257263184e-01,-1.409683972597122192e-01,-1.227999329566955566e-01
3.301438689231872559e-01,3.450217545032501221e-01,3.139016032218933105e-01,4.330937564373016357e-01,-9.835457056760787964e-02,-8.976784348487854004e-02,5.167530179023742676e-01,2.760195434093475342e-01,-1.273034363985061646e-01,-2.002431899309158325e-01,2.114430069923400879e-01,2.601064443588256836e-01,2.265673130750656128e-01,1.937623023986816406e-01,5.871505290269851685e-02,7.215851545333862305e-02,3.603980541229248047e-01,4.196810126304626465e-01,3.177627921104431152e-01,1.179845109581947327e-01,4.293500483036041260e-01,3.707741498947143555e-01,1.950035244226455688e-01,1.065228357911109924e-01,-7.616440951824188232e-02,-2.262333966791629791e-02,1.620617210865020752e-01,2.002185732126235962e-01,4.620928466320037842e-01,4.273201823234558105e-01,3.479835391044616699e-01,3.845599889755249023e-01,3.554238677024841309e-01,3.928627669811248779e-01,3.305567204952239990e-01,3.168156445026397705e-01,2.319054752588272095e-01,1.409155428409576416e-01,3.345494866371154785e-01,5.175998434424400330e-02,1.607807427644729614e-01,6.836100667715072632e-02,3.373021185398101807e-01,3.282124698162078857e-01,-1.646925210952758789e-01,-1.129226386547088623e-01,2.434653341770172119e-01,2.271341681480407715e-01,-5.161890387535095215e-02,-7.264830917119979858e-02,-2.035638503730297089e-02,3.250220790505409241e-02,-2.006463892757892609e-02,1.788663417100906372e-01,1.981287300586700439e-01,1.176582947373390198e-01,4.196861386299133301e-01,4.407545626163482666e-01,2.030816227197647095e-01,3.826041221618652344e-01,-2.924585901200771332e-02,4.354708269238471985e-02,5.481010675430297852e-02,1.086234748363494873e-01,-2.016617059707641602e-01,-1.922127455472946167e-01,2.122744470834732056e-01,3.151255846023559570e-01,-3.101067058742046356e-02,5.814841017127037048e-02,1.000000119209289551e+00,6.398298740386962891e-01,3.968207240104675293e-01,4.194419085979461670e-01,3.225850760936737061e-01,2.207643836736679077e-01,5.094067454338073730e-01,4.197402894496917725e-01,4.376294016838073730e-01,3.762440681457519531e-01,3.730908334255218506e-01,2.923183739185333252e-01,1.060374453663825989e-01,-3.902715444564819336e-02,2.303436100482940674e-01,1.794182807207107544e-01,7.092857360839843750e-02,-1.442976482212543488e-02,1.906872838735580444e-01,1.510660499334335327e-01,1.312419623136520386e-01,1.542739421129226685e-01,3.418572619557380676e-02,-9.860354475677013397e-03,2.338744699954986572e-01,1.890521943569183350e-01,4.513554573059082031e-01,3.583737313747406006e-01,2.307494729757308960e-01,2.707639634609222412e-01,1.203381046652793884e-01,8.572296053171157837e-02,3.660891354084014893e-01,1.780911982059478760e-01,3.543124794960021973e-01,3.439266383647918701e-01,3.419514000415802002e-01,1.750045567750930786e-01,1.973429620265960693e-01,2.250449806451797485e-01,4.185254871845245361e-01,2.706720530986785889e-01,1.891560703516006470e-01,2.561249434947967529e-01,2.596599161624908447e-01,2.193503826856613159e-01
3.056693673133850098e-01,3.571020364761352539e-01,2.006686627864837646e-01,4.176481664180755615e-01,-1.166965737938880920e-01,-5.831358581781387329e-02,4.420477449893951416e-01,3.470801115036010742e-01,-1.065991222858428955e-01,-1.032977625727653503e-01,2.551314234733581543e-01,3.729518055915832520e-01,1.663339585065841675e-01,3.624996840953826904e-01,-3.536423901095986366e-03,1.788706928491592407e-01,3.755502104759216309e-01,4.762473404407501221e-01,3.255461156368255615e-01,1.577907800674438477e-01,3.678376376628875732e-01,4.145898222923278809e-01,1.301355659961700439e-01,8.435076475143432617e-02,-5.952420085668563843e-02,7.767403963953256607e-03,6.333775073289871216e-02,1.876130551099777222e-01,4.293968081474304199e-01,5.619598031044006348e-01,2.733528316020965576e-01,3.325899839401245117e-01,2.556289434432983398e-01,3.087643384933471680e-01,2.986673414707183838e-01,3.187285363674163818e-01,2.069871574640274048e-01,4.161880537867546082e-02,2.981413304805755615e-01,-4.409713204950094223e-03,5.893787741661071777e-02,6.167578697204589844e-02,3.100622296333312988e-01,2.832234799861907959e-01,-1.112167611718177795e-01,-1.276223957538604736e-01,1.773800700902938843e-01,1.889413595199584961e-01,-1.074501797556877136e-01,-1.220198422670364380e-01,-1.195960566401481628e-01,-3.937846794724464417e-02,-1.023295596241950989e-01,1.734972596168518066e-01,8.632297813892364502e-02,1.016199067234992981e-01,3.338791131973266602e-01,4.164246916770935059e-01,1.192597672343254089e-01,3.235695958137512207e-01,-4.123182967305183411e-02,8.437928557395935059e-02,-8.388024568557739258e-02,1.033850163221359253e-01,-2.359618246555328369e-01,-2.063980847597122192e-01,1.330161541700363159e-01,2.282127887010574341e-01,-1.274960767477750778e-02,6.521343439817428589e-02,6.398298740386962891e-01,9.999996423721313477e-01,3.359140753746032715e-01,5.163164138793945312e-01,2.874384820461273193e-01,2.623517215251922607e-01,4.222435057163238525e-01,3.735510706901550293e-01,3.857092261314392090e-01,4.034682810306549072e-01,2.867980599403381348e-01,3.650386631488800049e-01,-2.608172595500946045e-02,7.272709906101226807e-02,1.289961934089660645e-01,2.025016546249389648e-01,3.906582668423652649e-02,8.224847912788391113e-02,8.545358479022979736e-02,1.559156775474548340e-01,-9.442622773349285126e-03,1.084338426589965820e-01,-1.072376593947410583e-01,-1.903526834212243557e-03,1.784634739160537720e-01,1.393238008022308350e-01,3.470160067081451416e-01,2.623198926448822021e-01,1.283255964517593384e-01,2.385331541299819946e-01,1.353616174310445786e-02,4.719274118542671204e-02,2.838306427001953125e-01,1.310473531484603882e-01,3.258425295352935791e-01,2.993729710578918457e-01,3.577418625354766846e-01,1.783454865217208862e-01,1.184709891676902771e-01,1.462438702583312988e-01,3.281564116477966309e-01,2.123856097459793091e-01,1.074782460927963257e-01,1.722890883684158325e-01,2.082350701093673706e-01,1.289667487144470215e-01
8.234608918428421021e-02,1.199923530220985413e-01,5.364848300814628601e-03,1.107325553894042969e-01,-4.182615131139755249e-02,-5.281354859471321106e-02,2.104500979185104370e-01,7.496264576911926270e-02,3.291546180844306946e-02,-7.953346520662307739e-02,6.966532021760940552e-02,1.096938028931617737e-01,7.873485237360000610e-02,8.686964958906173706e-02,7.561867684125900269e-02,7.537814974784851074e-02,1.387200504541397095e-01,1.464327275753021240e-01,2.309782803058624268e-01,-9.357631206512451172e-03,2.719962000846862793e-01,1.618670225143432617e-01,-3.989806398749351501e-02,-4.652290046215057373e-02,-2.913599275052547455e-02,-1.200617477297782898e-02,2.498838864266872406e-02,1.176842674612998962e-02,3.430614173412322998e-01,2.353398352861404419e-01,1.195503771305084229e-01,1.005691066384315491e-01,1.524388045072555542e-01,2.054598182439804077e-01,2.436757534742355347e-01,1.761598289012908936e-01,2.244662195444107056e-01,2.130065113306045532e-01,2.804653942584991455e-01,1.211754903197288513e-01,2.317520231008529663e-01,6.281569600105285645e-02,2.394039332866668701e-01,1.812603473663330078e-01,-1.270222943276166916e-02,-8.717944845557212830e-03,2.134032547473907471e-01,2.061303108930587769e-01,-3.410605341196060181e-02,-4.217706248164176941e-02,-2.124135009944438934e-02,-5.607585981488227844e-02,2.126822015270590782e-03,6.232899054884910583e-02,1.930670589208602905e-01,5.858230963349342346e-02,2.191957384347915649e-01,2.024615854024887085e-01,1.574037969112396240e-01,2.461340278387069702e-01,9.934357367455959320e-03,2.777573466300964355e-02,5.477692000567913055e-03,-1.021702401340007782e-02,-5.813708528876304626e-02,-7.468281686305999756e-02,1.585126519203186035e-01,2.087043076753616333e-01,-1.443483382463455200e-01,-9.563971310853958130e-02,3.968207240104675293e-01,3.359140753746032715e-01,9.999998211860656738e-01,3.872215151786804199e-01,5.066555142402648926e-01,3.511958718299865723e-01,3.778040409088134766e-01,3.125993609428405762e-01,2.311314791440963745e-01,1.899435371160507202e-01,1.815400719642639160e-01,1.328637301921844482e-01,1.226128935813903809e-01,-4.693933576345443726e-02,1.532164067029953003e-01,1.195471957325935364e-01,1.355501264333724976e-01,3.075062483549118042e-02,1.967631131410598755e-01,6.825745105743408203e-02,1.981651335954666138e-01,1.459696292877197266e-01,8.703994750976562500e-02,2.188092656433582306e-02,1.730570346117019653e-01,1.695115119218826294e-01,2.880323827266693115e-01,2.408473640680313110e-01,2.211617082357406616e-01,2.311130166053771973e-01,7.615519315004348755e-02,-4.432023037225008011e-03,2.460671812295913696e-01,6.582731753587722778e-02,2.076187878847122192e-01,2.066212892532348633e-01,2.345855385065078735e-01,2.095969915390014648e-01,1.208813861012458801e-01,1.040044799447059631e-01,2.362358421087265015e-01,1.892017126083374023e-01,1.565493792295455933e-01,1.618291884660720825e-01,2.119083702564239502e-01,1.630480438470840454e-01
1.888591647148132324e-01,2.104171216487884521e-01,1.458292361348867416e-02,1.337375342845916748e-01,-1.329676061868667603e-01,-1.177882310003042221e-02,2.518066763877868652e-01,1.428670883178710938e-01,-7.045435160398483276e-02,-4.293494671583175659e-02,1.771259754896163940e-01,3.695853352546691895e-01,3.536105528473854065e-02,3.227269053459167480e-01,6.570599973201751709e-02,3.013124167919158936e-01,1.817128807306289673e-01,2.543298900127410889e-01,1.561725735664367676e-01,-4.764657095074653625e-02,2.782971262931823730e-01,3.662022650241851807e-01,9.508838877081871033e-03,-2.555761858820915222e-02,-4.769332706928253174e-02,-4.910928010940551758e-02,-1.068558916449546814e-02,1.042808033525943756e-02,3.759809136390686035e-01,4.991689324378967285e-01,1.379690468311309814e-01,1.651521027088165283e-01,2.220472395420074463e-01,2.779428064823150635e-01,2.095260024070739746e-01,1.642354130744934082e-01,3.134407997131347656e-01,-3.064795397222042084e-02,3.489949405193328857e-01,-5.260919779539108276e-02,1.095028743147850037e-01,2.704484201967716217e-02,2.511612474918365479e-01,2.054804265499114990e-01,-1.512371283024549484e-02,-3.056599572300910950e-02,2.236830294132232666e-01,1.794702410697937012e-01,-6.660576164722442627e-02,-4.026907682418823242e-02,-5.259945243597030640e-02,1.589466445147991180e-02,-1.878551021218299866e-02,2.341093868017196655e-01,2.083055377006530762e-01,1.135965362191200256e-01,2.301629334688186646e-01,2.870332300662994385e-01,5.178589001297950745e-02,1.887344270944595337e-01,4.365815594792366028e-02,1.096904650330543518e-01,-2.242500521242618561e-02,3.608163446187973022e-02,3.343684598803520203e-02,-1.731414943933486938e-01,9.876104444265365601e-02,1.208198592066764832e-01,-1.750716269016265869e-01,-9.033723920583724976e-02,4.194419085979461670e-01,5.163164138793945312e-01,3.872215151786804199e-01,1.000000238418579102e+00,3.120925128459930420e-01,3.872234523296356201e-01,3.979013562202453613e-01,3.108529150485992432e-01,3.121092319488525391e-01,2.613422274589538574e-01,1.811140328645706177e-01,2.284124344587326050e-01,-2.231968566775321960e-02,1.333418488502502441e-01,2.491894364356994629e-01,1.760235726833343506e-01,3.302369266748428345e-02,6.817397195845842361e-03,1.754370033740997314e-01,7.559822499752044678e-02,1.050168201327323914e-01,1.266659647226333618e-01,-2.268355153501033783e-02,-1.771537959575653076e-02,2.046537995338439941e-01,8.655519783496856689e-02,4.068162739276885986e-01,2.120350152254104614e-01,2.748695015907287598e-01,3.486703932285308838e-01,1.302628498524427414e-02,-3.905480727553367615e-02,2.126543223857879639e-01,1.090754382312297821e-02,3.000621199607849121e-01,2.073125839233398438e-01,3.069703578948974609e-01,4.306391626596450806e-02,5.442637950181961060e-02,1.215628907084465027e-01,3.005894422531127930e-01,2.494063526391983032e-01,2.084970325231552124e-01,2.422816604375839233e-01,2.472831159830093384e-01,1.466115117073059082e-01
6.138074025511741638e-02,1.382957398891448975e-01,4.357108473777770996e-02,1.407297104597091675e-01,9.137151762843132019e-03,-7.754487916827201843e-03,1.813867390155792236e-01,1.056521460413932800e-01,2.742559649050235748e-02,-3.743548691272735596e-02,3.344709426164627075e-02,1.041187122464179993e-01,1.859776116907596588e-02,1.255675554275512695e-01,1.697322912514209747e-02,7.819944620132446289e-02,5.176565144211053848e-03,9.120129048824310303e-02,2.179574519395828247e-01,-2.008816599845886230e-02,1.409883499145507812e-01,1.065874472260475159e-01,9.675800800323486328e-03,-1.312821451574563980e-02,-3.091413341462612152e-02,2.206259034574031830e-02,-4.607344046235084534e-02,-7.331436965614557266e-03,1.786535531282424927e-01,1.605492681264877319e-01,7.303193956613540649e-02,9.225621074438095093e-02,8.992366492748260498e-02,1.299731135368347168e-01,1.622110754251480103e-01,1.741497367620468140e-01,1.805146038532257080e-01,1.766192764043807983e-01,1.957265734672546387e-01,1.305623054504394531e-01,1.004118844866752625e-01,4.805772751569747925e-02,7.054633647203445435e-02,9.148746728897094727e-02,6.062768027186393738e-02,6.118853017687797546e-02,4.643285274505615234e-02,6.735720485448837280e-02,5.007247999310493469e-02,3.395994380116462708e-02,-2.859522774815559387e-02,-1.218054350465536118e-02,-4.870070889592170715e-02,4.781918227672576904e-02,9.302413463592529297e-02,8.311218023300170898e-02,1.849551796913146973e-01,2.137733846902847290e-01,1.740729361772537231e-01,2.497135996818542480e-01,7.350994646549224854e-02,1.006100550293922424e-01,2.035641297698020935e-02,5.896750465035438538e-02,-8.179794251918792725e-02,1.490297354757785797e-02,1.478567123413085938e-01,1.872041225433349609e-01,-1.239068061113357544e-01,-4.466694593429565430e-02,3.225850760936737061e-01,2.874384820461273193e-01,5.066555142402648926e-01,3.120925128459930420e-01,9.999999403953552246e-01,4.316145777702331543e-01,3.806114494800567627e-01,3.353704214096069336e-01,7.023812830448150635e-02,1.254215538501739502e-01,6.769959628582000732e-02,1.259938180446624756e-01,4.744999483227729797e-02,2.106721326708793640e-02,-6.002747453749179840e-03,8.922033756971359253e-02,8.496686071157455444e-02,1.237218081951141357e-01,6.437248736619949341e-02,8.116499334573745728e-02,1.003292202949523926e-01,1.270895302295684814e-01,5.435359198600053787e-03,3.906857222318649292e-02,1.254741102457046509e-01,1.643391400575637817e-01,1.075051575899124146e-01,1.274363845586776733e-01,9.720034897327423096e-02,1.237212121486663818e-01,4.031459614634513855e-02,6.070187082514166832e-04,1.321842521429061890e-01,4.100887104868888855e-02,1.392810791730880737e-01,1.517888009548187256e-01,2.014919668436050415e-01,1.585089266300201416e-01,4.124860092997550964e-02,1.253562606871128082e-02,1.447042822837829590e-01,4.672503843903541565e-02,8.565406315028667450e-03,3.012587688863277435e-02,8.071766793727874756e-02,5.485120788216590881e-02
-1.012455788441002369e-03,1.403951197862625122e-01,-5.893763899803161621e-02,7.489674538373947144e-02,-5.988780409097671509e-02,5.365272611379623413e-02,1.279684752225875854e-01,1.288324445486068726e-01,-6.622903794050216675e-02,5.695239640772342682e-03,5.049848929047584534e-02,2.119383364915847778e-01,-5.044890567660331726e-02,2.063701152801513672e-01,-1.048739999532699585e-02,1.270421892404556274e-01,-2.285360172390937805e-02,1.199479550123214722e-01,1.205020770430564880e-01,-1.084693521261215210e-01,7.737397402524948120e-02,8.689305931329727173e-02,-2.403233014047145844e-02,-2.274402044713497162e-02,-1.215138193219900131e-02,1.247235224582254887e-03,-5.833493173122406006e-02,-9.847062639892101288e-03,6.477479636669158936e-02,1.680095940828323364e-01,-3.060099668800830841e-02,4.050908610224723816e-02,9.881035238504409790e-02,1.492143273353576660e-01,1.442368626594543457e-01,1.284181028604507446e-01,1.840657293796539307e-01,1.529417037963867188e-01,1.483299583196640015e-01,6.147617101669311523e-02,7.685331255197525024e-02,1.897228360176086426e-01,8.367222547531127930e-02,1.207237169146537781e-01,8.516629040241241455e-02,6.148701161146163940e-02,9.436495602130889893e-02,9.913611412048339844e-02,8.579273521900177002e-02,4.016708955168724060e-02,2.307253144681453705e-02,5.331965908408164978e-02,1.077044941484928131e-02,1.479814946651458740e-01,7.792635262012481689e-02,9.106284379959106445e-02,1.311111301183700562e-01,2.164826542139053345e-01,1.051917597651481628e-01,1.343955695629119873e-01,7.815224677324295044e-02,1.349469274282455444e-01,5.245206411927938461e-03,1.458041518926620483e-01,1.676313206553459167e-02,2.578317932784557343e-02,1.049902960658073425e-01,1.101469770073890686e-01,-2.182319909334182739e-01,-1.485451310873031616e-01,2.207643836736679077e-01,2.623517215251922607e-01,3.511958718299865723e-01,3.872234523296356201e-01,4.316145777702331543e-01,9.999994039535522461e-01,3.042888045310974121e-01,2.864681482315063477e-01,5.989971011877059937e-02,7.398694753646850586e-02,3.129317238926887512e-02,2.096106857061386108e-01,-9.484639763832092285e-02,8.817630261182785034e-02,2.858831919729709625e-02,1.194332242012023926e-01,-1.242434233427047729e-02,6.203595921397209167e-02,-1.254930160939693451e-02,8.542034775018692017e-02,7.804353535175323486e-02,1.376406401395797729e-01,1.940680108964443207e-02,9.012112021446228027e-02,1.043234318494796753e-01,5.519318580627441406e-02,1.198446601629257202e-01,1.074002459645271301e-01,1.107735112309455872e-01,1.573564112186431885e-01,2.401020936667919159e-02,-2.925301529467105865e-02,1.555875241756439209e-01,2.569372765719890594e-02,1.517576277256011963e-01,1.541759967803955078e-01,9.993432462215423584e-02,1.299584954977035522e-01,2.793492004275321960e-02,9.401137940585613251e-03,1.323536485433578491e-01,7.418222725391387939e-02,2.891214191913604736e-02,1.254725307226181030e-01,1.320836693048477173e-01,8.420811593532562256e-02
2.650099992752075195e-01,2.825101613998413086e-01,1.509472131729125977e-01,2.269285023212432861e-01,-7.853552699089050293e-02,1.823938265442848206e-02,3.430848717689514160e-01,1.784030050039291382e-01,-1.270250380039215088e-01,-8.490493893623352051e-02,1.326771229505538940e-01,2.602880299091339111e-01,1.612565815448760986e-01,9.402720630168914795e-02,1.961608044803142548e-02,1.013533771038055420e-01,1.454119533300399780e-01,1.868580281734466553e-01,3.433555960655212402e-01,1.032913848757743835e-01,2.791330218315124512e-01,2.730361819267272949e-01,1.577117145061492920e-01,5.429543554782867432e-02,-4.213231429457664490e-02,5.004267022013664246e-02,4.857283085584640503e-02,1.593368202447891235e-01,3.713958263397216797e-01,3.372896015644073486e-01,2.546640932559967041e-01,2.719984948635101318e-01,3.531084656715393066e-01,3.436877429485321045e-01,4.385487139225006104e-01,3.603552877902984619e-01,4.194527864456176758e-01,1.979237794876098633e-01,3.795723617076873779e-01,1.449883133172988892e-01,1.735636293888092041e-01,1.480174362659454346e-01,2.276551127433776855e-01,2.506380379199981689e-01,4.666732251644134521e-02,-1.830839365720748901e-02,1.861930042505264282e-01,1.744498610496520996e-01,7.469984889030456543e-02,-4.699591081589460373e-03,-1.724012428894639015e-03,6.383406370878219604e-02,5.519797652959823608e-02,1.981302648782730103e-01,2.455382198095321655e-01,1.285704523324966431e-01,3.459768593311309814e-01,3.229196071624755859e-01,3.127620518207550049e-01,2.031552046537399292e-01,1.733512431383132935e-01,1.840006709098815918e-01,1.245458573102951050e-01,1.152694970369338989e-01,1.095904223620891571e-02,4.458312178030610085e-04,4.306710958480834961e-01,3.661998510360717773e-01,-1.482855901122093201e-02,4.218832030892372131e-02,5.094067454338073730e-01,4.222435057163238525e-01,3.778040409088134766e-01,3.979013562202453613e-01,3.806114494800567627e-01,3.042888045310974121e-01,9.999998807907104492e-01,6.331902742385864258e-01,3.599857687950134277e-01,3.203457593917846680e-01,2.535998821258544922e-01,1.808103770017623901e-01,5.134790390729904175e-02,8.886463940143585205e-02,1.922693401575088501e-01,1.897140443325042725e-01,4.035919159650802612e-02,7.908593863248825073e-02,2.026284933090209961e-01,1.212829872965812683e-01,1.109011247754096985e-01,8.178079128265380859e-02,-7.553642243146896362e-02,-6.222132220864295959e-02,3.061672151088714600e-01,1.840097606182098389e-01,3.531311750411987305e-01,2.782901227474212646e-01,2.470871359109878540e-01,1.952597796916961670e-01,3.445284813642501831e-02,-4.805030766874551773e-03,2.566413581371307373e-01,1.374450027942657471e-01,3.569722473621368408e-01,2.556458115577697754e-01,2.937826812267303467e-01,1.281997710466384888e-01,2.235643416643142700e-01,2.388119846582412720e-01,3.577850461006164551e-01,1.772058755159378052e-01,3.024577163159847260e-02,1.453641057014465332e-01,2.181966751813888550e-01,2.686028182506561279e-01
1.539134681224822998e-01,2.476720809936523438e-01,3.970979154109954834e-02,2.757169008255004883e-01,-7.006950676441192627e-02,7.727349549531936646e-02,2.849018871784210205e-01,2.376015186309814453e-01,-1.096020489931106567e-01,-1.098469365388154984e-02,6.597705930471420288e-02,1.953895837068557739e-01,7.813317328691482544e-02,1.212874799966812134e-01,-4.184649139642715454e-02,1.281773746013641357e-01,6.458453088998794556e-02,1.368214339017868042e-01,3.557205200195312500e-01,6.455449759960174561e-02,2.094885706901550293e-01,2.356003075838088989e-01,7.936093211174011230e-02,6.854967027902603149e-02,-2.255509048700332642e-02,8.719634264707565308e-02,7.446124404668807983e-02,2.026173472404479980e-01,2.459199875593185425e-01,2.943022847175598145e-01,1.645750701427459717e-01,2.074220180511474609e-01,3.925748467445373535e-01,3.778529167175292969e-01,4.122800827026367188e-01,3.788659572601318359e-01,2.267853021621704102e-01,2.637264132499694824e-01,2.420177608728408813e-01,1.743345260620117188e-01,1.579711288213729858e-01,1.918909400701522827e-01,1.801887452602386475e-01,2.293637096881866455e-01,3.130479902029037476e-02,4.072822630405426025e-02,1.242156550288200378e-01,1.642016321420669556e-01,1.022408977150917053e-01,5.794093385338783264e-02,4.295433685183525085e-02,1.014967635273933411e-01,2.265895716845989227e-02,1.544088125228881836e-01,1.351507902145385742e-01,1.774438768625259399e-01,2.742484211921691895e-01,3.271264135837554932e-01,3.347294926643371582e-01,2.364246547222137451e-01,1.511622369289398193e-01,2.374786138534545898e-01,1.020511910319328308e-01,2.086316794157028198e-01,-5.022440478205680847e-02,1.071497797966003418e-01,4.360668957233428955e-01,4.072203636169433594e-01,-5.871610715985298157e-02,1.342376135289669037e-02,4.197402894496917725e-01,3.735510706901550293e-01,3.125993609428405762e-01,3.108529150485992432e-01,3.353704214096069336e-01,2.864681482315063477e-01,6.331902742385864258e-01,9.999997615814208984e-01,2.553789615631103516e-01,2.861219346523284912e-01,1.545247733592987061e-01,1.832358390092849731e-01,-1.406707242131233215e-02,1.464145779609680176e-01,7.042393088340759277e-02,2.122723609209060669e-01,4.908753186464309692e-02,1.695524901151657104e-01,6.374093890190124512e-02,2.008309811353683472e-01,6.857103854417800903e-02,1.839415878057479858e-01,-8.978388458490371704e-02,3.107518330216407776e-02,1.747420132160186768e-01,1.450989991426467896e-01,2.342268377542495728e-01,2.608160376548767090e-01,1.763602346181869507e-01,2.015846371650695801e-01,-2.477344684302806854e-02,4.470546171069145203e-02,2.262108176946640015e-01,1.500255018472671509e-01,3.019064664840698242e-01,2.242351025342941284e-01,2.403194457292556763e-01,1.504793763160705566e-01,2.028353214263916016e-01,2.349503338336944580e-01,3.036198318004608154e-01,1.579315662384033203e-01,5.455736070871353149e-02,9.165154397487640381e-02,1.627414226531982422e-01,2.161913365125656128e-01
4.420735836029052734e-01,3.446259200572967529e-01,3.032235205173492432e-01,3.038310408592224121e-01,4.093098640441894531e-02,4.281370341777801514e-02,4.375906884670257568e-01,2.997490763664245605e-01,-9.992518275976181030e-02,-1.022191271185874939e-01,2.475504726171493530e-01,3.772265911102294922e-01,3.815745711326599121e-01,2.232494354248046875e-01,-6.526247132569551468e-03,-3.106471523642539978e-02,3.820376098155975342e-01,4.420963227748870850e-01,2.251474112272262573e-01,2.506544888019561768e-01,3.149829208850860596e-01,2.866336107254028320e-01,3.109962940216064453e-01,2.442736029624938965e-01,7.839123904705047607e-02,7.517638802528381348e-02,2.540919482707977295e-01,2.644114792346954346e-01,4.646567702293395996e-01,4.237151443958282471e-01,3.940513730049133301e-01,3.741710186004638672e-01,2.245277017354965210e-01,2.621728777885437012e-01,2.701658010482788086e-01,1.639190018177032471e-01,2.321616411209106445e-01,-6.265876442193984985e-02,2.338587939739227295e-01,-2.748866751790046692e-02,1.133103221654891968e-01,-2.747419290244579315e-02,1.507282257080078125e-01,1.891582459211349487e-01,-8.529943972826004028e-02,-1.313012093305587769e-01,1.017201766371726990e-01,1.071017459034919739e-01,-5.283116549253463745e-02,-1.079377904534339905e-01,-9.739065170288085938e-02,-2.557123638689517975e-02,-1.271185744553804398e-02,4.891289398074150085e-02,1.157697141170501709e-01,-1.554937008768320084e-02,2.851481735706329346e-01,2.706859409809112549e-01,8.725271373987197876e-02,9.125677496194839478e-02,-4.415319859981536865e-02,-1.193358842283487320e-02,2.388944290578365326e-02,1.117257326841354370e-01,-5.599897727370262146e-02,-2.147424221038818359e-01,1.595583260059356689e-01,9.533499181270599365e-02,1.144272461533546448e-01,1.414138376712799072e-01,4.376294016838073730e-01,3.857092261314392090e-01,2.311314791440963745e-01,3.121092319488525391e-01,7.023812830448150635e-02,5.989971011877059937e-02,3.599857687950134277e-01,2.553789615631103516e-01,9.999998211860656738e-01,5.620424151420593262e-01,4.115656912326812744e-01,3.236200213432312012e-01,1.185508668422698975e-01,8.908762782812118530e-02,2.254511862993240356e-01,1.548049896955490112e-01,4.533803090453147888e-02,-3.860191907733678818e-03,2.583315670490264893e-01,1.054208204150199890e-01,-5.528938397765159607e-02,-6.959566473960876465e-02,-2.225566059350967407e-01,-2.336418628692626953e-01,2.080592364072799683e-01,1.503112167119979858e-01,3.819200098514556885e-01,2.393483370542526245e-01,1.204063370823860168e-01,1.116748675704002380e-01,-4.654148593544960022e-02,-8.424058556556701660e-02,1.745694577693939209e-01,6.872966885566711426e-02,2.478079050779342651e-01,1.656134128570556641e-01,1.925663948059082031e-01,5.370652303099632263e-02,2.566305696964263916e-01,2.472556531429290771e-01,2.868679463863372803e-01,1.723819077014923096e-01,3.497395291924476624e-02,2.107645757496356964e-02,1.106021553277969360e-01,1.871407479047775269e-01
3.650693893432617188e-01,3.283117413520812988e-01,2.536225616931915283e-01,3.472241759300231934e-01,4.790030047297477722e-02,6.516373902559280396e-02,4.403649568557739258e-01,3.632977008819580078e-01,-1.178820505738258362e-01,-4.587931931018829346e-02,3.409018218517303467e-01,3.895072042942047119e-01,3.734250664710998535e-01,3.159315586090087891e-01,-9.790644794702529907e-02,5.345468409359455109e-03,3.665251731872558594e-01,5.003828406333923340e-01,2.500689923763275146e-01,2.729445099830627441e-01,2.408532947301864624e-01,2.739417850971221924e-01,2.404361963272094727e-01,2.458119243383407593e-01,6.642273068428039551e-02,7.256944477558135986e-02,2.407735139131546021e-01,2.863069772720336914e-01,4.103825688362121582e-01,4.888438284397125244e-01,4.088826477527618408e-01,3.835572898387908936e-01,2.369627058506011963e-01,2.347556650638580322e-01,2.857036888599395752e-01,2.199807167053222656e-01,8.746504783630371094e-02,5.486461892724037170e-02,1.273418664932250977e-01,8.063738048076629639e-02,2.073142910376191139e-03,1.221378445625305176e-01,2.211572229862213135e-01,2.153930962085723877e-01,-1.107783839106559753e-01,-3.932965919375419617e-02,2.276083268225193024e-02,3.313126042485237122e-02,-5.876375734806060791e-02,-3.876508772373199463e-02,-8.632857352495193481e-02,-1.497088279575109482e-02,-7.470519840717315674e-02,-6.319088861346244812e-03,4.973256215453147888e-02,4.611904546618461609e-02,1.835989058017730713e-01,2.742900848388671875e-01,7.174109667539596558e-02,9.491214156150817871e-02,-7.597552984952926636e-02,-1.351250428706407547e-02,1.169728767126798630e-02,1.191336214542388916e-01,-1.195011213421821594e-01,-1.597283780574798584e-01,1.952790915966033936e-01,1.642266809940338135e-01,1.069390401244163513e-01,1.786933243274688721e-01,3.762440681457519531e-01,4.034682810306549072e-01,1.899435371160507202e-01,2.613422274589538574e-01,1.254215538501739502e-01,7.398694753646850586e-02,3.203457593917846680e-01,2.861219346523284912e-01,5.620424151420593262e-01,1.000000119209289551e+00,2.641659677028656006e-01,4.090967774391174316e-01,-1.951520098373293877e-03,1.567342579364776611e-01,1.381607353687286377e-01,1.617571115493774414e-01,-6.879710592329502106e-03,9.568489342927932739e-02,1.305644810199737549e-01,1.699833571910858154e-01,-6.181161850690841675e-02,-3.799922764301300049e-02,-2.685305476188659668e-01,-3.120863139629364014e-01,1.759671717882156372e-01,1.683315485715866089e-01,2.399556636810302734e-01,1.735035777091979980e-01,8.962809294462203979e-02,1.243050619959831238e-01,-9.703570604324340820e-02,-8.261567354202270508e-02,1.421957612037658691e-01,6.722159683704376221e-02,2.588684856891632080e-01,2.115505635738372803e-01,1.867095977067947388e-01,1.063733771443367004e-01,1.351236253976821899e-01,1.770131289958953857e-01,2.101046890020370483e-01,1.619254052639007568e-01,5.839186906814575195e-02,-3.736556693911552429e-02,1.159272342920303345e-01,1.297773867845535278e-01
2.766442298889160156e-01,2.661633193492889404e-01,2.425437122583389282e-01,2.129051983356475830e-01,8.904276043176651001e-02,6.107321381568908691e-02,3.840505182743072510e-01,2.352522164583206177e-01,6.339082960039377213e-03,-1.265975553542375565e-02,3.366387188434600830e-01,2.240322977304458618e-01,3.884359002113342285e-01,9.905405342578887939e-02,1.658550649881362915e-01,-4.562140442430973053e-03,4.821718931198120117e-01,3.596336543560028076e-01,2.858436107635498047e-02,6.424061954021453857e-02,3.424971699714660645e-01,2.435852885246276855e-01,2.318164408206939697e-01,1.296949088573455811e-01,4.872007295489311218e-02,1.182058528065681458e-01,1.765390485525131226e-01,1.880426257848739624e-01,4.786823987960815430e-01,2.880322337150573730e-01,3.192151486873626709e-01,2.896663844585418701e-01,3.347557783126831055e-01,3.065260648727416992e-01,1.742019653320312500e-01,6.002918258309364319e-02,2.471776604652404785e-01,-1.688846736215054989e-03,1.526246666908264160e-01,2.007194980978965759e-02,6.709783338010311127e-03,-5.211424455046653748e-02,1.158678010106086731e-01,1.093105152249336243e-01,5.591982975602149963e-02,-1.687138341367244720e-02,9.272420406341552734e-02,6.710510700941085815e-02,8.679001033306121826e-02,-2.168288640677928925e-02,2.618145896121859550e-03,3.251830115914344788e-02,-1.515953801572322845e-02,5.646445229649543762e-02,1.049483567476272583e-01,-2.740542404353618622e-02,2.917861044406890869e-01,1.968237161636352539e-01,1.387112140655517578e-01,5.826019868254661560e-02,1.086673066020011902e-01,1.187611296772956848e-01,3.737136423587799072e-01,3.023051023483276367e-01,-2.943113073706626892e-02,4.925034567713737488e-02,1.640053391456604004e-01,1.268637031316757202e-01,-3.784061968326568604e-02,-4.606517776846885681e-02,3.730908334255218506e-01,2.867980599403381348e-01,1.815400719642639160e-01,1.811140328645706177e-01,6.769959628582000732e-02,3.129317238926887512e-02,2.535998821258544922e-01,1.545247733592987061e-01,4.115656912326812744e-01,2.641659677028656006e-01,9.999999403953552246e-01,4.093966186046600342e-01,2.208539098501205444e-01,4.583550617098808289e-02,3.074756562709808350e-01,2.218784838914871216e-01,7.570795714855194092e-02,4.321066662669181824e-02,2.719988524913787842e-01,1.259749382734298706e-01,1.645985990762710571e-01,8.916538208723068237e-02,-7.067660242319107056e-02,-1.247841119766235352e-01,1.343048363924026489e-01,7.639919221401214600e-02,2.638569474220275879e-01,1.732280254364013672e-01,1.332201063632965088e-01,1.139397025108337402e-01,-1.832987740635871887e-02,-1.010154113173484802e-01,2.008098959922790527e-01,-1.936375349760055542e-02,1.963379383087158203e-01,1.092944964766502380e-01,1.915466040372848511e-01,7.997658103704452515e-02,2.562838196754455566e-01,2.931801378726959229e-01,2.109894007444381714e-01,1.182404458522796631e-01,1.591233462095260620e-01,3.060502558946609497e-02,1.289121806621551514e-01,3.401315808296203613e-01
2.248330116271972656e-01,4.819245040416717529e-01,2.225971966981887817e-01,3.851392269134521484e-01,1.542059183120727539e-01,2.502534985542297363e-01,4.009151160717010498e-01,4.840249121189117432e-01,1.740958727896213531e-02,1.512562483549118042e-01,3.548687994480133057e-01,4.970127940177917480e-01,3.568117320537567139e-01,4.315774440765380859e-01,-2.160328254103660583e-02,5.435093864798545837e-02,3.799887597560882568e-01,4.957059025764465332e-01,3.007004410028457642e-02,1.368799507617950439e-01,1.932204961776733398e-01,2.190626114606857300e-01,2.689596116542816162e-01,2.879445552825927734e-01,2.237286120653152466e-01,2.188480049371719360e-01,2.410061210393905640e-01,3.335473239421844482e-01,2.753854095935821533e-01,3.888021409511566162e-01,3.203817903995513916e-01,3.520750403404235840e-01,2.371051311492919922e-01,2.739519178867340088e-01,8.350142091512680054e-02,5.615578591823577881e-02,2.018478885293006897e-02,1.245535984635353088e-01,1.474526803940534592e-02,1.366107761859893799e-01,-9.444658458232879639e-02,9.814373403787612915e-02,3.997163474559783936e-02,1.410474330186843872e-01,-5.864847451448440552e-02,9.436235763132572174e-03,-6.797469407320022583e-02,5.024066567420959473e-02,1.393065322190523148e-02,6.834405474364757538e-03,-9.616585075855255127e-02,3.407209739089012146e-02,-1.703402400016784668e-01,2.375262789428234100e-02,-1.416246443986892700e-01,7.979954034090042114e-02,2.427130192518234253e-01,4.527374207973480225e-01,1.445093601942062378e-01,1.885732561349868774e-01,-4.771481081843376160e-02,1.673257797956466675e-01,8.545014075934886932e-03,4.417189359664916992e-01,-2.172046452760696411e-01,2.252722345292568207e-02,1.065202355384826660e-01,1.238426640629768372e-01,-7.507642265409231186e-03,3.768860548734664917e-02,2.923183739185333252e-01,3.650386631488800049e-01,1.328637301921844482e-01,2.284124344587326050e-01,1.259938180446624756e-01,2.096106857061386108e-01,1.808103770017623901e-01,1.832358390092849731e-01,3.236200213432312012e-01,4.090967774391174316e-01,4.093966186046600342e-01,1.000000119209289551e+00,1.999667100608348846e-02,3.147320747375488281e-01,9.093127399682998657e-02,4.257544577121734619e-01,4.632417112588882446e-02,2.435817867517471313e-01,2.260505594313144684e-02,3.361370861530303955e-01,-6.424642354249954224e-02,2.072842121124267578e-01,-2.602482438087463379e-01,-1.253634095191955566e-01,5.532214418053627014e-02,1.083154827356338501e-01,1.351559013128280640e-01,2.493233084678649902e-01,-1.616412401199340820e-02,1.151627451181411743e-01,-1.141603887081146240e-01,-8.872849494218826294e-02,2.171909511089324951e-01,1.147658601403236389e-01,2.755679786205291748e-01,2.032627761363983154e-01,1.476175040006637573e-01,2.664478123188018799e-01,9.730747342109680176e-02,1.494617015123367310e-01,2.003951519727706909e-01,1.530277281999588013e-01,1.478334795683622360e-02,-3.310237452387809753e-02,1.250235587358474731e-01,1.843878626823425293e-01
1.965659856796264648e-02,-6.756445020437240601e-02,2.263582646846771240e-01,7.279215008020401001e-02,3.813771903514862061e-01,1.560764461755752563e-01,1.902264505624771118e-01,3.053986653685569763e-02,3.541015982627868652e-01,8.940488100051879883e-02,3.532668948173522949e-02,-8.826694829622283578e-05,2.367185056209564209e-01,2.803285792469978333e-02,5.377414822578430176e-01,2.133176326751708984e-01,7.044834643602371216e-02,4.581686481833457947e-02,-6.846238672733306885e-02,-7.887706905603408813e-02,1.943207979202270508e-01,1.153185442090034485e-01,1.576523929834365845e-01,1.110867112874984741e-01,2.014392763376235962e-01,1.157229766249656677e-01,3.499097526073455811e-01,2.087990939617156982e-01,2.971573770046234131e-01,5.447101220488548279e-02,2.242600619792938232e-01,1.026410236954689026e-01,1.054165735840797424e-01,8.204966783523559570e-02,-1.429180204868316650e-01,-1.486600935459136963e-01,9.699431806802749634e-02,-4.608103632926940918e-02,1.486361324787139893e-01,1.364432275295257568e-01,1.029883623123168945e-01,1.208298951387405396e-01,1.334810722619295120e-02,-7.180014997720718384e-02,1.066834386438131332e-02,5.747439339756965637e-02,-3.973794355988502502e-02,-7.684981822967529297e-02,2.978143654763698578e-02,6.583157181739807129e-02,2.483033016324043274e-02,-3.580776229500770569e-02,1.354598905891180038e-02,5.397906899452209473e-02,2.031735032796859741e-01,1.191217601299285889e-01,2.080461382865905762e-01,-2.349825762212276459e-02,2.201461046934127808e-02,6.078659370541572571e-02,-6.150667741894721985e-02,-1.169431656599044800e-01,2.652643322944641113e-01,1.007079631090164185e-01,-3.248961642384529114e-02,-5.936741083860397339e-02,-8.561659604310989380e-02,-2.460561878979206085e-02,-7.493586838245391846e-02,-4.025369510054588318e-02,1.060374453663825989e-01,-2.608172595500946045e-02,1.226128935813903809e-01,-2.231968566775321960e-02,4.744999483227729797e-02,-9.484639763832092285e-02,5.134790390729904175e-02,-1.406707242131233215e-02,1.185508668422698975e-01,-1.951520098373293877e-03,2.208539098501205444e-01,1.999667100608348846e-02,9.999996423721313477e-01,1.851647794246673584e-01,2.300875335931777954e-01,7.721763104200363159e-02,5.458265542984008789e-01,1.034834310412406921e-01,4.579147100448608398e-01,1.768644899129867554e-01,3.315389454364776611e-01,1.704134196043014526e-01,1.902810484170913696e-01,-4.300706461071968079e-02,2.329631242901086807e-03,5.436310172080993652e-02,7.619573920965194702e-02,6.408654153347015381e-02,1.036059111356735229e-01,3.251435980200767517e-02,1.860272437334060669e-01,6.377834081649780273e-02,7.876356691122055054e-02,4.618696123361587524e-02,-1.704094186425209045e-02,-7.683273404836654663e-02,1.176271364092826843e-01,1.354730725288391113e-01,5.071669816970825195e-02,3.886448591947555542e-02,4.581611976027488708e-02,7.263546437025070190e-02,1.132544651627540588e-01,-4.429541155695915222e-02,-8.807850629091262817e-02,2.342092059552669525e-02
1.168464031070470810e-02,2.471724301576614380e-01,6.650464981794357300e-02,2.090997397899627686e-01,3.889657258987426758e-01,5.736862421035766602e-01,1.118331775069236755e-01,3.945838809013366699e-01,2.237737327814102173e-01,4.714377820491790771e-01,3.496696054935455322e-02,2.576379477977752686e-01,1.168346405029296875e-01,3.918207287788391113e-01,8.329416811466217041e-02,4.491887986660003662e-01,1.651415228843688965e-02,1.357222795486450195e-01,-8.833254128694534302e-02,-8.411644957959651947e-03,7.535449415445327759e-02,1.961532235145568848e-01,2.169993817806243896e-01,2.838211059570312500e-01,3.751879036426544189e-01,3.855675756931304932e-01,3.426318168640136719e-01,5.010963678359985352e-01,2.142347581684589386e-02,2.803827822208404541e-01,2.031926214694976807e-01,2.244727611541748047e-01,1.102669090032577515e-01,8.517936617136001587e-02,-8.987139910459518433e-02,-3.544627875089645386e-02,3.582257404923439026e-02,7.525041699409484863e-02,3.248246619477868080e-03,1.961433440446853638e-01,-7.471809536218643188e-02,2.612072527408599854e-01,-1.262698322534561157e-01,-1.296884845942258835e-02,1.160188540816307068e-01,1.070085763931274414e-01,-9.578066319227218628e-02,2.808661758899688721e-02,9.719756245613098145e-02,1.212603971362113953e-01,4.021744802594184875e-02,6.930368393659591675e-02,1.541239675134420395e-02,2.133340090513229370e-01,-3.428759425878524780e-02,2.092512845993041992e-01,1.036512032151222229e-01,1.762645840644836426e-01,1.732543557882308960e-01,5.200375616550445557e-02,1.152927726507186890e-01,2.190715223550796509e-01,2.226891368627548218e-02,3.509144484996795654e-01,4.182212054729461670e-02,7.490415126085281372e-03,1.287947893142700195e-01,4.258957877755165100e-02,-2.278357185423374176e-02,4.021138697862625122e-02,-3.902715444564819336e-02,7.272709906101226807e-02,-4.693933576345443726e-02,1.333418488502502441e-01,2.106721326708793640e-02,8.817630261182785034e-02,8.886463940143585205e-02,1.464145779609680176e-01,8.908762782812118530e-02,1.567342579364776611e-01,4.583550617098808289e-02,3.147320747375488281e-01,1.851647794246673584e-01,1.000000238418579102e+00,-6.094537302851676941e-02,3.412891626358032227e-01,2.012617737054824829e-01,5.476451516151428223e-01,1.623466014862060547e-01,5.009300112724304199e-01,-1.020884141325950623e-01,2.320943176746368408e-01,-3.016899824142456055e-01,3.568008914589881897e-02,9.924092143774032593e-02,1.870081126689910889e-01,4.937745258212089539e-02,1.972906291484832764e-01,-1.140284445136785507e-02,4.999833554029464722e-02,-1.250610798597335815e-01,-2.926081046462059021e-02,9.361447766423225403e-03,1.827637851238250732e-02,1.773462444543838501e-01,-5.084481835365295410e-02,1.284088939428329468e-01,2.250859886407852173e-01,1.197060719132423401e-01,1.546750217676162720e-01,1.612258404493331909e-01,2.225253880023956299e-01,-9.482987970113754272e-02,-1.456166207790374756e-01,-1.052918732166290283e-01,-6.763319484889507294e-03
1.515267938375473022e-01,-4.461847990751266479e-02,-3.982867673039436340e-02,-8.280397951602935791e-02,-6.048310175538063049e-02,-1.017092987895011902e-01,1.442081630229949951e-01,-1.429685503244400024e-01,3.626627847552299500e-02,-1.190108153969049454e-02,3.188641965389251709e-01,1.812145859003067017e-01,1.850093007087707520e-01,-1.667006313800811768e-02,2.124434262514114380e-01,1.220071986317634583e-01,3.470519185066223145e-01,1.861249506473541260e-01,9.240453690290451050e-02,-2.188144624233245850e-02,2.471570670604705811e-01,1.632091999053955078e-01,-1.010395064949989319e-01,-1.509548425674438477e-01,-7.502529770135879517e-02,-1.199360564351081848e-01,1.086272746324539185e-01,-3.851024806499481201e-02,4.090255200862884521e-01,1.724212467670440674e-01,1.736996620893478394e-01,7.748126238584518433e-02,1.536700576543807983e-01,1.115758121013641357e-01,1.778236776590347290e-01,9.567159414291381836e-02,1.889564245939254761e-01,-4.005044698715209961e-02,2.762901186943054199e-01,-2.045777812600135803e-02,9.691990166902542114e-02,-1.083001215010881424e-02,2.690287232398986816e-01,1.294559538364410400e-01,-1.851789951324462891e-01,-1.556677371263504028e-01,2.083366662263870239e-01,1.173330917954444885e-01,-7.221518456935882568e-02,-1.375194489955902100e-01,6.916607171297073364e-02,8.677559904754161835e-03,1.101089939475059509e-01,1.142173111438751221e-01,3.023082017898559570e-01,3.170254454016685486e-02,2.273334413766860962e-01,1.149659045040607452e-02,3.433306887745857239e-02,5.376151204109191895e-02,-4.731865599751472473e-02,-1.311205774545669556e-01,7.180704921483993530e-02,-1.458914428949356079e-01,8.145409822463989258e-02,-2.391458898782730103e-01,8.774785697460174561e-02,6.312896311283111572e-02,-5.774626508355140686e-02,-3.175989165902137756e-02,2.303436100482940674e-01,1.289961934089660645e-01,1.532164067029953003e-01,2.491894364356994629e-01,-6.002747453749179840e-03,2.858831919729709625e-02,1.922693401575088501e-01,7.042393088340759277e-02,2.254511862993240356e-01,1.381607353687286377e-01,3.074756562709808350e-01,9.093127399682998657e-02,2.300875335931777954e-01,-6.094537302851676941e-02,1.000000238418579102e+00,3.120185434818267822e-01,5.336059257388114929e-02,-2.032546550035476685e-01,4.983665645122528076e-01,1.056555062532424927e-01,3.108497858047485352e-01,5.464467406272888184e-02,1.333251297473907471e-01,-2.228478714823722839e-02,1.932395398616790771e-01,9.948168694972991943e-02,3.200293779373168945e-01,1.527641564607620239e-01,3.536292612552642822e-01,2.487029284238815308e-01,2.494841963052749634e-01,1.211411654949188232e-01,4.637364149093627930e-01,2.240712493658065796e-01,3.035388886928558350e-01,2.926125526428222656e-01,1.746354997158050537e-01,-1.615538448095321655e-02,8.436814881861209869e-03,-2.364324592053890228e-02,9.299854189157485962e-02,1.279191821813583374e-01,2.087605297565460205e-01,3.225899934768676758e-01,2.925518453121185303e-01,2.311030477285385132e-01
1.361923664808273315e-01,3.550090491771697998e-01,-7.037633657455444336e-02,1.817411780357360840e-01,1.628752499818801880e-01,2.452318966388702393e-01,1.580768227577209473e-01,2.172015458345413208e-01,1.058408692479133606e-01,2.394211441278457642e-01,1.356023252010345459e-01,2.821053266525268555e-01,2.363832890987396240e-01,2.464110851287841797e-01,1.072148233652114868e-01,2.547479569911956787e-01,1.502339988946914673e-01,1.731801927089691162e-01,4.646904394030570984e-02,1.353418380022048950e-01,2.333952337503433228e-01,1.904773116111755371e-01,6.790436804294586182e-02,1.112366989254951477e-01,1.682112067937850952e-01,2.205185592174530029e-01,2.551916241645812988e-01,2.680818438529968262e-01,2.548201084136962891e-01,3.186005949974060059e-01,1.930769979953765869e-01,1.785720586776733398e-01,1.915606409311294556e-01,1.619996130466461182e-01,2.806924842298030853e-02,6.905637215822935104e-03,7.387781888246536255e-02,2.072816491127014160e-01,1.146371886134147644e-01,2.998787462711334229e-01,-3.356302529573440552e-02,2.367305606603622437e-01,-2.600825205445289612e-02,-8.273620158433914185e-03,-1.384285837411880493e-01,-2.048609256744384766e-01,-2.703632041811943054e-02,1.452598720788955688e-01,-1.598429828882217407e-01,-2.111079841852188110e-01,-1.869647800922393799e-01,-6.023969501256942749e-02,-1.237306147813796997e-01,2.851553559303283691e-01,5.694390833377838135e-02,2.630647420883178711e-01,2.360259890556335449e-01,3.011115491390228271e-01,1.722593307495117188e-01,2.033443599939346313e-01,2.192604355514049530e-02,1.352098137140274048e-01,8.684670552611351013e-03,2.080321758985519409e-01,-1.261243671178817749e-01,3.914437722414731979e-03,1.388814002275466919e-01,1.326255202293395996e-01,7.034877687692642212e-02,1.099952310323715210e-01,1.794182807207107544e-01,2.025016546249389648e-01,1.195471957325935364e-01,1.760235726833343506e-01,8.922033756971359253e-02,1.194332242012023926e-01,1.897140443325042725e-01,2.122723609209060669e-01,1.548049896955490112e-01,1.617571115493774414e-01,2.218784838914871216e-01,4.257544577121734619e-01,7.721763104200363159e-02,3.412891626358032227e-01,3.120185434818267822e-01,9.999998807907104492e-01,2.218417590484023094e-03,2.330106496810913086e-01,2.778260707855224609e-01,5.726388096809387207e-01,4.555981233716011047e-02,2.762705981731414795e-01,-9.932798147201538086e-02,2.178736031055450439e-01,1.673613935708999634e-01,2.892133295536041260e-01,2.414633184671401978e-01,4.407524764537811279e-01,1.719958186149597168e-01,2.442572563886642456e-01,7.967515289783477783e-02,1.129933744668960571e-01,3.772702217102050781e-01,3.020462095737457275e-01,3.260959088802337646e-01,2.843745052814483643e-01,1.737393736839294434e-01,2.887533605098724365e-01,1.087430194020271301e-01,1.207084208726882935e-01,2.095400094985961914e-01,2.672033905982971191e-01,1.241021826863288879e-01,1.960197091102600098e-01,2.047507613897323608e-01,2.146186679601669312e-01
3.795373439788818359e-02,9.213119046762585640e-04,1.296059638261795044e-01,6.617084890604019165e-02,3.194740414619445801e-01,1.441182345151901245e-01,1.225028336048126221e-01,8.876034617424011230e-02,3.879157006740570068e-01,1.535343676805496216e-01,9.570030495524406433e-03,3.012606501579284668e-02,1.208673417568206787e-01,8.514650911092758179e-02,3.890122771263122559e-01,1.659515798091888428e-01,2.301917411386966705e-02,4.687448497861623764e-03,3.313016844913363457e-03,-8.078651130199432373e-02,1.385952681303024292e-01,9.322459995746612549e-02,1.034143045544624329e-01,9.384455531835556030e-02,2.376158088445663452e-01,1.735801547765731812e-01,2.167571485042572021e-01,1.599091291427612305e-01,1.176765784621238708e-01,5.597289279103279114e-02,1.484509557485580444e-01,4.639459401369094849e-02,-5.378806963562965393e-03,-5.018414929509162903e-03,-7.953835278749465942e-02,-5.154854804277420044e-02,4.906681925058364868e-02,-9.587799012660980225e-02,6.349126249551773071e-02,4.406823776662349701e-03,-2.589837834239006042e-02,1.645505800843238831e-02,-1.828480139374732971e-02,-7.431659847497940063e-02,2.786972187459468842e-02,1.170345693826675415e-01,-8.277802169322967529e-02,-1.344359964132308960e-01,5.589641630649566650e-02,1.048017814755439758e-01,-3.075333870947360992e-02,-8.672904223203659058e-02,-6.945407390594482422e-02,-1.481339149177074432e-02,-7.845665328204631805e-03,-6.448546797037124634e-02,1.912575513124465942e-01,7.621261477470397949e-02,5.187152698636054993e-02,1.354239135980606079e-01,-1.732476055622100830e-01,-3.687655553221702576e-02,7.669086754322052002e-02,1.475058495998382568e-01,-1.704062521457672119e-01,-1.488073021173477173e-01,-1.038815081119537354e-01,-4.858934879302978516e-02,-2.437315322458744049e-02,-1.283052563667297363e-02,7.092857360839843750e-02,3.906582668423652649e-02,1.355501264333724976e-01,3.302369266748428345e-02,8.496686071157455444e-02,-1.242434233427047729e-02,4.035919159650802612e-02,4.908753186464309692e-02,4.533803090453147888e-02,-6.879710592329502106e-03,7.570795714855194092e-02,4.632417112588882446e-02,5.458265542984008789e-01,2.012617737054824829e-01,5.336059257388114929e-02,2.218417590484023094e-03,9.999999403953552246e-01,3.185158967971801758e-01,2.969655990600585938e-01,1.228612810373306274e-01,2.181973755359649658e-01,2.087670862674713135e-01,1.073072925209999084e-01,-7.193938642740249634e-02,-1.697560995817184448e-01,-1.064491495490074158e-01,3.146974835544824600e-03,-5.099753290414810181e-02,-7.285823673009872437e-02,-9.116441756486892700e-02,1.036687791347503662e-01,1.637689955532550812e-02,9.954820387065410614e-03,1.336911111138761044e-03,6.327772047370672226e-03,-1.201580837368965149e-01,8.684051781892776489e-02,1.073637381196022034e-01,-9.966671466827392578e-02,5.624827463179826736e-03,5.661697313189506531e-02,4.012648388743400574e-02,7.896779477596282959e-02,-7.361128926277160645e-02,-1.391480565071105957e-01,-2.204171381890773773e-03
-7.954038679599761963e-03,2.071484178304672241e-01,2.340576983988285065e-02,2.492904067039489746e-01,2.686698138713836670e-01,3.781749308109283447e-01,1.129368692636489868e-01,4.062753915786743164e-01,2.450040727853775024e-01,3.726205229759216309e-01,-6.419399380683898926e-02,1.211733743548393250e-01,9.388656914234161377e-02,3.167926669120788574e-01,1.010092869400978088e-01,3.257593214511871338e-01,-4.721095785498619080e-02,3.531159460544586182e-02,-3.258625417947769165e-02,5.196884647011756897e-02,5.096091330051422119e-02,7.513064891099929810e-02,1.566036790609359741e-01,2.613220512866973877e-01,2.587701976299285889e-01,3.233373463153839111e-01,1.986064314842224121e-01,3.970464468002319336e-01,-1.089225150644779205e-02,2.113025784492492676e-01,1.093837395310401917e-01,1.542890965938568115e-01,1.357785798609256744e-02,8.454454131424427032e-03,-9.842330962419509888e-02,-3.248182311654090881e-02,-7.615087088197469711e-03,1.025212109088897705e-01,-1.277621984481811523e-01,1.142947152256965637e-01,-9.831079095602035522e-02,1.295126527547836304e-01,-1.554397046566009521e-01,-5.720586329698562622e-02,1.064265668392181396e-01,1.223315894603729248e-01,-1.989220082759857178e-01,-6.874730437994003296e-02,1.172082796692848206e-01,1.273904889822006226e-01,-3.186344355344772339e-02,2.079799072816967964e-03,-4.760848730802536011e-02,1.408136188983917236e-01,-1.587462276220321655e-01,1.204034909605979919e-01,3.250954300165176392e-02,1.583233922719955444e-01,2.337724566459655762e-01,1.332441866397857666e-01,3.664435818791389465e-02,2.966865897178649902e-01,4.648750647902488708e-02,4.067806303501129150e-01,-1.047529950737953186e-01,1.019130945205688477e-01,5.515764653682708740e-02,-8.752469904720783234e-03,7.515973597764968872e-02,1.170612722635269165e-01,-1.442976482212543488e-02,8.224847912788391113e-02,3.075062483549118042e-02,6.817397195845842361e-03,1.237218081951141357e-01,6.203595921397209167e-02,7.908593863248825073e-02,1.695524901151657104e-01,-3.860191907733678818e-03,9.568489342927932739e-02,4.321066662669181824e-02,2.435817867517471313e-01,1.034834310412406921e-01,5.476451516151428223e-01,-2.032546550035476685e-01,2.330106496810913086e-01,3.185158967971801758e-01,1.000000238418579102e+00,-3.961509559303522110e-03,4.085612595081329346e-01,-8.501701056957244873e-02,3.426771163940429688e-01,-2.599932253360748291e-01,7.473929971456527710e-02,-9.379538148641586304e-02,7.068845629692077637e-02,-1.104375049471855164e-01,4.452267289161682129e-02,-2.127882689237594604e-01,-9.407173097133636475e-02,-1.624506562948226929e-01,1.485260203480720520e-02,-9.356021136045455933e-02,-2.502387017011642456e-02,-1.231068512424826622e-03,-1.618921756744384766e-01,1.082908958196640015e-01,1.804437786340713501e-01,-2.084463275969028473e-02,1.491671055555343628e-01,8.146230876445770264e-02,7.875006645917892456e-02,-5.423689261078834534e-02,-2.429380863904953003e-01,-1.859358400106430054e-01,1.643819361925125122e-02
1.872647553682327271e-01,7.992610335350036621e-02,1.880268007516860962e-01,1.998906396329402924e-02,3.257186114788055420e-01,2.021513879299163818e-01,1.904948502779006958e-01,-5.162560567259788513e-02,2.961477935314178467e-01,1.448062807321548462e-01,1.980144828557968140e-01,1.166550666093826294e-01,2.527000308036804199e-01,-1.613757223822176456e-03,4.000801742076873779e-01,2.121087908744812012e-01,2.561236321926116943e-01,1.299194544553756714e-01,4.536578804254531860e-02,-1.283849775791168213e-02,3.428229689598083496e-01,3.116028904914855957e-01,1.979671418666839600e-01,1.238569244742393494e-01,1.998199373483657837e-01,1.566552817821502686e-01,3.498746156692504883e-01,2.177383601665496826e-01,3.839958310127258301e-01,1.619470417499542236e-01,3.863560557365417480e-01,2.730060219764709473e-01,2.015495002269744873e-01,1.701159924268722534e-01,4.510421305894851685e-02,4.028987605124711990e-03,2.549946606159210205e-01,1.572766923345625401e-03,2.726262807846069336e-01,9.824308753013610840e-02,7.168766856193542480e-02,1.187383979558944702e-01,1.004014909267425537e-01,-8.549288846552371979e-03,-4.684213176369667053e-02,-1.385722756385803223e-01,1.696184426546096802e-01,8.946254104375839233e-02,-7.894624769687652588e-02,-1.589033752679824829e-01,-7.724372297525405884e-02,-5.894220620393753052e-02,1.027637347579002380e-01,2.221046090126037598e-01,4.055637717247009277e-01,7.244012504816055298e-02,3.187893331050872803e-01,5.518543347716331482e-02,8.352749049663543701e-02,3.748876973986625671e-02,-1.689300499856472015e-02,-1.413857191801071167e-01,1.396681666374206543e-01,-7.319782674312591553e-02,1.160245947539806366e-02,-2.616051435470581055e-01,1.042010858654975891e-01,5.328644067049026489e-02,-8.847977966070175171e-02,-2.784685231745243073e-02,1.906872838735580444e-01,8.545358479022979736e-02,1.967631131410598755e-01,1.754370033740997314e-01,6.437248736619949341e-02,-1.254930160939693451e-02,2.026284933090209961e-01,6.374093890190124512e-02,2.583315670490264893e-01,1.305644810199737549e-01,2.719988524913787842e-01,2.260505594313144684e-02,4.579147100448608398e-01,1.623466014862060547e-01,4.983665645122528076e-01,2.778260707855224609e-01,2.969655990600585938e-01,-3.961509559303522110e-03,9.999999403953552246e-01,2.249794602394104004e-01,3.782761991024017334e-01,5.173721909523010254e-02,1.221170499920845032e-01,-4.148216918110847473e-03,2.682954668998718262e-01,2.465028613805770874e-01,3.722927868366241455e-01,2.601334154605865479e-01,3.728203475475311279e-01,1.834742724895477295e-01,2.529210150241851807e-01,7.265679538249969482e-02,3.344385623931884766e-01,1.653739660978317261e-01,2.469780296087265015e-01,1.021013483405113220e-01,2.331696748733520508e-01,9.697993099689483643e-02,9.667818993330001831e-02,1.293961703777313232e-01,2.141317427158355713e-01,2.817194461822509766e-01,1.467952728271484375e-01,1.573336571455001831e-01,6.765888631343841553e-02,1.323317885398864746e-01
-2.665694802999496460e-02,2.122171670198440552e-01,-6.249155849218368530e-02,2.242366075515747070e-01,1.739325225353240967e-01,2.452234327793121338e-01,1.140543073415756226e-01,2.480421513319015503e-01,1.500541269779205322e-01,2.088627368211746216e-01,2.265748754143714905e-02,2.008087038993835449e-01,1.488154679536819458e-01,2.890329658985137939e-01,1.106376796960830688e-01,3.601973652839660645e-01,8.980116248130798340e-02,1.654094606637954712e-01,-1.067850552499294281e-02,1.678933575749397278e-02,1.931249648332595825e-01,2.200801819562911987e-01,4.595214035362005234e-03,7.917734980583190918e-02,9.464962035417556763e-02,1.415241956710815430e-01,2.549400329589843750e-01,3.320617675781250000e-01,2.060346901416778564e-01,2.635801136493682861e-01,1.396670788526535034e-01,1.423107087612152100e-01,1.808929145336151123e-01,1.217180788516998291e-01,-4.339210689067840576e-02,-1.042598113417625427e-02,9.313949942588806152e-02,2.772685885429382324e-01,1.128737330436706543e-01,4.263582229614257812e-01,8.333958685398101807e-02,3.418209552764892578e-01,1.841562055051326752e-02,1.198187656700611115e-02,-1.334040611982345581e-01,-1.033365055918693542e-01,-7.502868026494979858e-02,5.338119342923164368e-02,-5.336245894432067871e-02,-9.373346716165542603e-02,-1.050828993320465088e-01,-7.339217513799667358e-02,-1.064098700881004333e-01,2.621558010578155518e-01,1.520074903964996338e-01,4.686111211776733398e-01,1.452728211879730225e-01,2.387156635522842407e-01,1.973522752523422241e-01,3.208827674388885498e-01,-7.732268422842025757e-02,7.244542986154556274e-02,4.310934990644454956e-02,2.124867737293243408e-01,-1.841286867856979370e-01,-2.992701716721057892e-02,1.255060285329818726e-01,1.585509330034255981e-01,-8.534467779099941254e-03,1.072983071208000183e-01,1.510660499334335327e-01,1.559156775474548340e-01,6.825745105743408203e-02,7.559822499752044678e-02,8.116499334573745728e-02,8.542034775018692017e-02,1.212829872965812683e-01,2.008309811353683472e-01,1.054208204150199890e-01,1.699833571910858154e-01,1.259749382734298706e-01,3.361370861530303955e-01,1.768644899129867554e-01,5.009300112724304199e-01,1.056555062532424927e-01,5.726388096809387207e-01,1.228612810373306274e-01,4.085612595081329346e-01,2.249794602394104004e-01,1.000000119209289551e+00,1.608878672122955322e-01,4.708909988403320312e-01,-5.895894486457109451e-03,2.943651676177978516e-01,1.424394994974136353e-01,2.880651056766510010e-01,1.491035223007202148e-01,3.123063147068023682e-01,1.979175508022308350e-01,2.959248423576354980e-01,1.788256913423538208e-01,3.113226592540740967e-01,3.440477550029754639e-01,3.938490152359008789e-01,3.235159814357757568e-01,2.273834943771362305e-01,1.412058919668197632e-01,3.279521167278289795e-01,1.290604621171951294e-01,1.098388880491256714e-01,1.438741385936737061e-01,2.049961239099502563e-01,1.013503745198249817e-01,4.942032322287559509e-02,1.031110733747482300e-01,1.807699948549270630e-01
-1.574446111917495728e-01,-2.183384001255035400e-01,-8.597800135612487793e-02,-6.858556717634201050e-02,-6.929149478673934937e-02,-1.973487734794616699e-01,-2.150889113545417786e-02,-2.313275933265686035e-01,1.227883920073509216e-01,-1.466244459152221680e-01,4.855363070964813232e-02,-7.487399876117706299e-02,-7.092732191085815430e-02,-1.095306649804115295e-01,3.666516244411468506e-01,1.902061849832534790e-01,1.045684441924095154e-01,-3.565356507897377014e-02,-4.587313625961542130e-03,-2.455285191535949707e-01,1.560338437557220459e-01,1.184686198830604553e-01,-2.375289350748062134e-01,-2.746523022651672363e-01,-2.404140532016754150e-01,-2.628020644187927246e-01,-5.540790781378746033e-02,-1.663463711738586426e-01,3.205847740173339844e-01,1.222681440412998199e-02,1.532101910561323166e-02,-7.268767058849334717e-02,2.321046590805053711e-01,1.543690562248229980e-01,1.150101050734519958e-01,9.013897180557250977e-02,2.575223147869110107e-01,1.730261445045471191e-01,2.644339799880981445e-01,2.201622277498245239e-01,1.931474953889846802e-01,8.206168562173843384e-02,2.282766848802566528e-01,5.618877336382865906e-02,-1.781441457569599152e-02,-2.020936692133545876e-03,2.287485897541046143e-01,8.570328354835510254e-02,5.428870394825935364e-02,1.007843413390219212e-03,4.673492163419723511e-02,-3.658689185976982117e-02,1.019931361079216003e-01,9.807445853948593140e-02,5.346134305000305176e-01,2.729211449623107910e-01,1.150148436427116394e-01,-5.901431664824485779e-02,5.886827409267425537e-02,1.675297170877456665e-01,-6.874715536832809448e-02,-1.660012155771255493e-01,3.216035664081573486e-01,-9.867835044860839844e-02,5.152320954948663712e-03,-3.681886568665504456e-02,1.179888173937797546e-01,1.918927133083343506e-01,-2.588619291782379150e-01,-1.606332957744598389e-01,1.312419623136520386e-01,-9.442622773349285126e-03,1.981651335954666138e-01,1.050168201327323914e-01,1.003292202949523926e-01,7.804353535175323486e-02,1.109011247754096985e-01,6.857103854417800903e-02,-5.528938397765159607e-02,-6.181161850690841675e-02,1.645985990762710571e-01,-6.424642354249954224e-02,3.315389454364776611e-01,-1.020884141325950623e-01,3.108497858047485352e-01,4.555981233716011047e-02,2.181973755359649658e-01,-8.501701056957244873e-02,3.782761991024017334e-01,1.608878672122955322e-01,9.999998807907104492e-01,4.134657979011535645e-01,5.775964856147766113e-01,1.756510883569717407e-01,1.874498873949050903e-01,1.140405014157295227e-01,2.358938604593276978e-01,6.377635896205902100e-02,5.639470219612121582e-01,4.294919967651367188e-01,4.734684824943542480e-01,2.079591900110244751e-01,3.993371129035949707e-01,1.988335251808166504e-01,2.644407451152801514e-01,1.759907454252243042e-01,1.790859550237655640e-01,1.138328909873962402e-01,1.520594768226146698e-02,1.011463701725006104e-01,4.875157773494720459e-02,1.092693805694580078e-01,4.409654438495635986e-01,1.733013242483139038e-01,2.653071880340576172e-01,2.728049755096435547e-01
-1.441500931978225708e-01,5.314743891358375549e-02,-1.074002832174301147e-01,2.026294916868209839e-01,-2.909139357507228851e-02,2.045733109116554260e-02,4.945733025670051575e-02,1.310703605413436890e-01,-3.832184942439198494e-03,-2.490234095603227615e-03,-9.204868227243423462e-02,-4.091425798833370209e-04,-1.087938845157623291e-01,1.460189521312713623e-01,1.000419706106185913e-01,2.815799713134765625e-01,-2.697858726605772972e-03,6.110683549195528030e-03,-1.630790717899799347e-02,-1.455812603235244751e-01,1.538866907358169556e-01,1.773414909839630127e-01,-1.298090517520904541e-01,-5.956926196813583374e-02,-6.790726631879806519e-02,-4.132322967052459717e-02,7.470722496509552002e-02,1.157616823911666870e-01,9.876780211925506592e-02,1.556996256113052368e-01,-7.075634598731994629e-02,-5.626728013157844543e-02,1.938693523406982422e-01,1.529887020587921143e-01,-2.373422123491764069e-02,5.975688621401786804e-02,1.256350576877593994e-01,2.237850874662399292e-01,1.127190366387367249e-01,2.317947596311569214e-01,1.521980762481689453e-01,1.612319052219390869e-01,1.041500046849250793e-01,8.629425615072250366e-02,-1.691456884145736694e-01,-3.393736854195594788e-02,2.697934769093990326e-02,1.531345695257186890e-01,5.107289925217628479e-02,1.819800585508346558e-02,5.785849690437316895e-02,1.777891069650650024e-02,4.450812935829162598e-02,2.670725286006927490e-01,1.967211961746215820e-01,4.290849268436431885e-01,1.194162815809249878e-01,2.041993290185928345e-01,1.793767511844635010e-01,3.935741186141967773e-01,-1.137976422905921936e-01,1.421383768320083618e-01,1.749019622802734375e-01,2.506257295608520508e-01,-1.744392216205596924e-01,1.116250008344650269e-01,9.391093999147415161e-02,2.196413278579711914e-01,-1.544825881719589233e-01,-3.335791081190109253e-02,1.542739421129226685e-01,1.084338426589965820e-01,1.459696292877197266e-01,1.266659647226333618e-01,1.270895302295684814e-01,1.376406401395797729e-01,8.178079128265380859e-02,1.839415878057479858e-01,-6.959566473960876465e-02,-3.799922764301300049e-02,8.916538208723068237e-02,2.072842121124267578e-01,1.704134196043014526e-01,2.320943176746368408e-01,5.464467406272888184e-02,2.762705981731414795e-01,2.087670862674713135e-01,3.426771163940429688e-01,5.173721909523010254e-02,4.708909988403320312e-01,4.134657979011535645e-01,1.000000119209289551e+00,2.720189690589904785e-01,3.879148662090301514e-01,-1.387694478034973145e-02,1.132914125919342041e-01,1.776009052991867065e-01,2.284872233867645264e-01,2.098000198602676392e-01,3.800528049468994141e-01,1.981011927127838135e-01,2.809254825115203857e-01,2.880743741989135742e-01,2.608813345432281494e-01,2.579726576805114746e-01,2.118527591228485107e-01,2.044414877891540527e-01,2.569510936737060547e-01,-1.883946917951107025e-02,1.733222454786300659e-01,2.093870639801025391e-01,2.473672330379486084e-01,3.838192820549011230e-01,1.629594415426254272e-01,2.327460348606109619e-01,2.228907495737075806e-01
-2.421938627958297729e-01,-3.540938794612884521e-01,-2.159522026777267456e-01,-2.416397184133529663e-01,-2.013656497001647949e-01,-3.476347923278808594e-01,-2.071693837642669678e-01,-4.290164411067962646e-01,-4.346135258674621582e-02,-3.102523684501647949e-01,-1.670607030391693115e-01,-2.693687975406646729e-01,-3.139955401420593262e-01,-2.746877670288085938e-01,2.241886407136917114e-01,4.609205201268196106e-02,-9.949639439582824707e-02,-1.783694624900817871e-01,-3.264341503381729126e-02,-2.547253072261810303e-01,-5.807311739772558212e-03,-2.931995689868927002e-02,-3.673398196697235107e-01,-4.171214997768402100e-01,-3.828200101852416992e-01,-3.859068155288696289e-01,-2.021248191595077515e-01,-3.129084706306457520e-01,9.285185486078262329e-02,-1.531404256820678711e-01,-2.362091541290283203e-01,-3.026641011238098145e-01,5.128762871026992798e-02,-1.125312317162752151e-02,8.686476387083530426e-03,-7.345995400100946426e-03,1.317394524812698364e-01,8.384053409099578857e-02,1.520751863718032837e-01,9.898930042982101440e-02,1.969334632158279419e-01,5.018668249249458313e-02,1.236405894160270691e-01,-2.239764109253883362e-02,-1.150439530611038208e-01,-1.039510220289230347e-01,1.699011921882629395e-01,1.974381506443023682e-02,-1.238752156496047974e-02,-7.556279748678207397e-02,3.843081369996070862e-02,-7.737509906291961670e-02,1.170395463705062866e-01,9.877553582191467285e-02,4.571075141429901123e-01,2.531425356864929199e-01,-3.947408869862556458e-02,-1.569630652666091919e-01,-9.027141332626342773e-02,1.475480049848556519e-01,-1.624091714620590210e-01,-2.413952946662902832e-01,1.704394370317459106e-01,-2.406269162893295288e-01,-4.967042058706283569e-02,-7.271158695220947266e-02,-8.576798439025878906e-02,6.450856477022171021e-02,-1.765516400337219238e-01,-1.336214691400527954e-01,3.418572619557380676e-02,-1.072376593947410583e-01,8.703994750976562500e-02,-2.268355153501033783e-02,5.435359198600053787e-03,1.940680108964443207e-02,-7.553642243146896362e-02,-8.978388458490371704e-02,-2.225566059350967407e-01,-2.685305476188659668e-01,-7.067660242319107056e-02,-2.602482438087463379e-01,1.902810484170913696e-01,-3.016899824142456055e-01,1.333251297473907471e-01,-9.932798147201538086e-02,1.073072925209999084e-01,-2.599932253360748291e-01,1.221170499920845032e-01,-5.895894486457109451e-03,5.775964856147766113e-01,2.720189690589904785e-01,9.999998211860656738e-01,3.941743671894073486e-01,2.402012981474399567e-02,1.016256306320428848e-02,1.065199673175811768e-01,-3.135751932859420776e-02,3.730838894844055176e-01,2.637602686882019043e-01,5.905174016952514648e-01,3.154576122760772705e-01,2.937505245208740234e-01,1.876766383647918701e-01,9.319328516721725464e-02,1.221741810441017151e-01,1.628637760877609253e-01,8.559131622314453125e-02,-8.572274446487426758e-02,-1.087785139679908752e-01,-9.848547726869583130e-02,2.241648361086845398e-02,3.077757060527801514e-01,2.300928235054016113e-01,1.457571089267730713e-01,2.095367992296814919e-03
-2.097774296998977661e-01,-1.566833853721618652e-01,-2.639023661613464355e-01,-8.782297372817993164e-02,-1.993193477392196655e-01,-1.500153094530105591e-01,-2.255568206310272217e-01,-2.114109396934509277e-01,-1.507514864206314087e-01,-1.195478215813636780e-01,-2.946257591247558594e-01,-1.713294237852096558e-01,-3.622685372829437256e-01,-7.380061596632003784e-02,-2.728124521672725677e-02,1.962547600269317627e-01,-1.770350188016891479e-01,-1.833815723657608032e-01,-9.849111549556255341e-03,-1.048909127712249756e-01,-1.378967519849538803e-02,1.738570630550384521e-02,-2.795147895812988281e-01,-2.694219350814819336e-01,-2.675077319145202637e-01,-2.193238586187362671e-01,-1.446539163589477539e-01,-1.074714213609695435e-01,-7.363583147525787354e-02,-3.319946676492691040e-02,-3.211330473423004150e-01,-2.977106571197509766e-01,2.594401314854621887e-02,-1.003668457269668579e-02,-1.008640155196189880e-01,-4.026562720537185669e-02,5.885051935911178589e-02,1.103212460875511169e-01,-2.812939696013927460e-02,1.041480973362922668e-01,1.894231289625167847e-01,1.282968968152999878e-01,-9.926918894052505493e-03,-5.816654488444328308e-02,-1.817766726016998291e-01,-2.641299068927764893e-01,-2.778926631435751915e-03,8.881108462810516357e-02,-1.225918903946876526e-01,-2.378276139497756958e-01,-7.666359096765518188e-02,-9.339925646781921387e-02,5.517522804439067841e-03,3.309675455093383789e-01,1.841336637735366821e-01,3.846618831157684326e-01,-1.640430069528520107e-03,1.478450372815132141e-03,8.486840128898620605e-02,2.662518322467803955e-01,-2.062072232365608215e-02,8.438511937856674194e-02,1.858749077655375004e-03,-4.670399799942970276e-02,-8.608175814151763916e-02,6.421927362680435181e-02,-2.960102818906307220e-02,8.233889937400817871e-02,-7.955448329448699951e-02,-2.013343572616577148e-02,-9.860354475677013397e-03,-1.903526834212243557e-03,2.188092656433582306e-02,-1.771537959575653076e-02,3.906857222318649292e-02,9.012112021446228027e-02,-6.222132220864295959e-02,3.107518330216407776e-02,-2.336418628692626953e-01,-3.120863139629364014e-01,-1.247841119766235352e-01,-1.253634095191955566e-01,-4.300706461071968079e-02,3.568008914589881897e-02,-2.228478714823722839e-02,2.178736031055450439e-01,-7.193938642740249634e-02,7.473929971456527710e-02,-4.148216918110847473e-03,2.943651676177978516e-01,1.756510883569717407e-01,3.879148662090301514e-01,3.941743671894073486e-01,1.000000119209289551e+00,-1.849346444942057133e-03,1.149351447820663452e-01,6.273996829986572266e-02,1.073386296629905701e-01,1.598083376884460449e-01,2.331144660711288452e-01,2.986215353012084961e-01,5.165359377861022949e-01,2.072632610797882080e-01,3.236898779869079590e-01,3.743235766887664795e-02,1.345455348491668701e-01,8.326853066682815552e-02,9.544633328914642334e-02,-8.096962422132492065e-02,-7.038796693086624146e-02,-1.128487288951873779e-02,1.345915049314498901e-01,1.663762331008911133e-01,1.346848011016845703e-01,-3.824447095394134521e-02,-1.024790853261947632e-01
8.662254363298416138e-02,1.617126166820526123e-01,4.173415526747703552e-02,7.269705086946487427e-02,-4.074303060770034790e-02,2.943846397101879120e-02,1.117382422089576721e-01,1.819713227450847626e-02,1.179551705718040466e-02,-2.377308532595634460e-02,2.349415272474288940e-01,1.592550724744796753e-01,5.856087058782577515e-02,1.819042675197124481e-02,3.500080481171607971e-02,1.562755256891250610e-01,2.794768214225769043e-01,1.964065432548522949e-01,1.288584619760513306e-01,-6.379199214279651642e-03,2.071022540330886841e-01,1.919494867324829102e-01,-2.416704036295413971e-02,-3.540224209427833557e-02,-1.446326822042465210e-01,-1.228193342685699463e-01,6.054454669356346130e-02,8.664891868829727173e-02,2.651420235633850098e-01,1.665880531072616577e-01,2.359165102243423462e-01,2.296129316091537476e-01,2.694962620735168457e-01,2.339425683021545410e-01,2.739959061145782471e-01,1.533629745244979858e-01,2.939561009407043457e-01,2.344505488872528076e-01,4.062240719795227051e-01,2.399979978799819946e-01,2.134170830249786377e-01,1.861933618783950806e-01,1.717061698436737061e-01,1.012990698218345642e-01,2.903997153043746948e-02,-1.132703721523284912e-01,1.969534307718276978e-01,1.294998824596405029e-01,-9.650821238756179810e-02,-1.404647380113601685e-01,-8.033311367034912109e-02,-7.642208784818649292e-02,-7.557661831378936768e-02,7.619229704141616821e-02,3.577681183815002441e-01,1.559599190950393677e-01,1.443027108907699585e-01,1.439822465181350708e-01,1.357427146285772324e-02,6.260000914335250854e-02,1.777548529207706451e-02,2.002022229135036469e-02,9.346891194581985474e-02,-3.807089850306510925e-02,1.647783210501074791e-03,-7.592555135488510132e-02,2.507184147834777832e-01,1.902668327093124390e-01,-1.102745234966278076e-01,-5.429013818502426147e-02,2.338744699954986572e-01,1.784634739160537720e-01,1.730570346117019653e-01,2.046537995338439941e-01,1.254741102457046509e-01,1.043234318494796753e-01,3.061672151088714600e-01,1.747420132160186768e-01,2.080592364072799683e-01,1.759671717882156372e-01,1.343048363924026489e-01,5.532214418053627014e-02,2.329631242901086807e-03,9.924092143774032593e-02,1.932395398616790771e-01,1.673613935708999634e-01,-1.697560995817184448e-01,-9.379538148641586304e-02,2.682954668998718262e-01,1.424394994974136353e-01,1.874498873949050903e-01,-1.387694478034973145e-02,2.402012981474399567e-02,-1.849346444942057133e-03,1.000000119209289551e+00,4.485457837581634521e-01,4.410604834556579590e-01,3.010559082031250000e-01,4.877431690692901611e-01,3.437342643737792969e-01,1.491620540618896484e-01,-1.354146748781204224e-02,3.051062524318695068e-01,1.430590450763702393e-01,3.323127627372741699e-01,2.533708512783050537e-01,1.887068301439285278e-01,1.507582813501358032e-01,4.161063134670257568e-01,3.238409161567687988e-01,2.365855723619461060e-01,2.891111671924591064e-01,1.493457257747650146e-01,1.202628314495086670e-01,2.913731038570404053e-01,1.993468850851058960e-01
1.198659315705299377e-01,2.581766843795776367e-01,5.226878821849822998e-02,2.027552872896194458e-01,1.347408741712570190e-01,2.149895727634429932e-01,1.534053385257720947e-01,1.788182109594345093e-01,3.286291286349296570e-02,9.913639724254608154e-02,6.983097642660140991e-02,5.523958429694175720e-02,9.751158207654953003e-02,8.720277249813079834e-02,3.514708951115608215e-02,1.435408145189285278e-01,1.657600998878479004e-01,1.534568369388580322e-01,7.742241770029067993e-02,7.435163855552673340e-02,2.077099233865737915e-01,1.534734070301055908e-01,1.570021212100982666e-01,1.875020712614059448e-01,1.051288768649101257e-01,1.253832131624221802e-01,2.476164996623992920e-01,2.298272103071212769e-01,1.796644628047943115e-01,1.380645483732223511e-01,3.331350684165954590e-01,3.182982802391052246e-01,2.717255651950836182e-01,2.943846285343170166e-01,1.672894954681396484e-01,8.991946280002593994e-02,2.137062102556228638e-01,3.374346494674682617e-01,2.682460546493530273e-01,3.167038559913635254e-01,1.509763300418853760e-01,2.393310666084289551e-01,7.288295030593872070e-02,7.717685401439666748e-02,-4.716284573078155518e-02,-1.250076591968536377e-01,9.614347666501998901e-02,1.847614198923110962e-01,-1.125567704439163208e-01,-1.537334918975830078e-01,-1.098988279700279236e-01,-1.079935859888792038e-02,2.103729406371712685e-03,2.239236831665039062e-01,2.632431685924530029e-01,2.464115023612976074e-01,2.140519171953201294e-01,1.802953481674194336e-01,1.138786450028419495e-01,7.122318446636199951e-02,-7.646022830158472061e-03,-2.897519432008266449e-02,5.328472703695297241e-02,7.535033673048019409e-02,-6.870704889297485352e-02,-2.476180344820022583e-02,2.400460392236709595e-01,1.772057265043258667e-01,-6.382089853286743164e-02,-3.111357428133487701e-02,1.890521943569183350e-01,1.393238008022308350e-01,1.695115119218826294e-01,8.655519783496856689e-02,1.643391400575637817e-01,5.519318580627441406e-02,1.840097606182098389e-01,1.450989991426467896e-01,1.503112167119979858e-01,1.683315485715866089e-01,7.639919221401214600e-02,1.083154827356338501e-01,5.436310172080993652e-02,1.870081126689910889e-01,9.948168694972991943e-02,2.892133295536041260e-01,-1.064491495490074158e-01,7.068845629692077637e-02,2.465028613805770874e-01,2.880651056766510010e-01,1.140405014157295227e-01,1.132914125919342041e-01,1.016256306320428848e-02,1.149351447820663452e-01,4.485457837581634521e-01,9.999996423721313477e-01,4.156436920166015625e-01,5.101546645164489746e-01,3.215208351612091064e-01,2.963020205497741699e-01,6.591758877038955688e-02,3.808287903666496277e-02,2.328526824712753296e-01,1.644761711359024048e-01,2.888742983341217041e-01,2.529353499412536621e-01,2.232268303632736206e-01,2.864236831665039062e-01,3.889247477054595947e-01,2.883408069610595703e-01,3.374519646167755127e-01,3.619324564933776855e-01,1.879659742116928101e-01,1.569627821445465088e-01,1.618919074535369873e-01,1.885959655046463013e-01
3.362174928188323975e-01,3.184422254562377930e-01,1.091406494379043579e-01,2.738278210163116455e-01,-3.776792064309120178e-02,2.631064690649509430e-02,3.158939778804779053e-01,9.763216227293014526e-02,-1.485725790262222290e-01,-9.941993653774261475e-02,1.952578574419021606e-01,1.326618939638137817e-01,1.076242178678512573e-01,3.450538963079452515e-02,3.093372471630573273e-02,8.645005524158477783e-02,3.437857925891876221e-01,2.671660780906677246e-01,2.489170730113983154e-01,5.939139053225517273e-02,4.073835611343383789e-01,3.691379725933074951e-01,1.391437947750091553e-01,1.078199073672294617e-01,1.683344505727291107e-02,3.079335205256938934e-02,2.440408766269683838e-01,1.599147021770477295e-01,3.564402461051940918e-01,2.993162572383880615e-01,3.675642609596252441e-01,3.295076191425323486e-01,3.569332063198089600e-01,3.652525842189788818e-01,3.532179296016693115e-01,2.868109047412872314e-01,4.046384692192077637e-01,1.579667031764984131e-01,4.369932711124420166e-01,1.086883991956710815e-01,2.562575936317443848e-01,1.280338168144226074e-01,2.868871390819549561e-01,2.328646928071975708e-01,-1.325824260711669922e-01,-1.441287398338317871e-01,3.448170721530914307e-01,3.602468073368072510e-01,-7.538907229900360107e-02,-1.463018208742141724e-01,-4.006477072834968567e-02,3.169844299554824829e-02,1.089041829109191895e-01,3.625280261039733887e-01,3.968299329280853271e-01,1.524073630571365356e-01,3.954999744892120361e-01,3.780121207237243652e-01,9.504733979701995850e-02,2.537888586521148682e-01,-1.006813049316406250e-01,2.481483970768749714e-04,6.926942616701126099e-02,4.486666247248649597e-02,-9.319282323122024536e-02,-2.059860974550247192e-01,2.570522129535675049e-01,2.766478955745697021e-01,-1.085132360458374023e-01,-5.134767293930053711e-02,4.513554573059082031e-01,3.470160067081451416e-01,2.880323827266693115e-01,4.068162739276885986e-01,1.075051575899124146e-01,1.198446601629257202e-01,3.531311750411987305e-01,2.342268377542495728e-01,3.819200098514556885e-01,2.399556636810302734e-01,2.638569474220275879e-01,1.351559013128280640e-01,7.619573920965194702e-02,4.937745258212089539e-02,3.200293779373168945e-01,2.414633184671401978e-01,3.146974835544824600e-03,-1.104375049471855164e-01,3.722927868366241455e-01,1.491035223007202148e-01,2.358938604593276978e-01,1.776009052991867065e-01,1.065199673175811768e-01,6.273996829986572266e-02,4.410604834556579590e-01,4.156436920166015625e-01,1.000000119209289551e+00,5.710586309432983398e-01,5.104016065597534180e-01,4.508514404296875000e-01,1.364978551864624023e-01,3.851909190416336060e-02,3.797828257083892822e-01,1.483149081468582153e-01,4.494771361351013184e-01,3.479665517807006836e-01,3.235275447368621826e-01,1.882008314132690430e-01,2.926861345767974854e-01,4.450618028640747070e-01,6.218277812004089355e-01,5.819241404533386230e-01,4.232975244522094727e-01,3.805305957794189453e-01,3.370230495929718018e-01,2.688304781913757324e-01
2.428821623325347900e-01,4.405195415019989014e-01,1.140888854861259460e-01,3.740611970424652100e-01,1.573077291250228882e-01,2.612982094287872314e-01,2.848675251007080078e-01,2.453949898481369019e-01,-3.485022857785224915e-02,8.100835978984832764e-02,9.493687748908996582e-02,6.325183808803558350e-02,1.651852130889892578e-01,3.938975185155868530e-02,9.413625812157988548e-04,7.616777718067169189e-02,2.060921788215637207e-01,2.345946431159973145e-01,1.645601093769073486e-01,1.002848967909812927e-01,3.438591063022613525e-01,2.947260439395904541e-01,2.734791636466979980e-01,3.081560432910919189e-01,2.365733683109283447e-01,2.819835841655731201e-01,3.671663999557495117e-01,3.580737113952636719e-01,1.686582416296005249e-01,2.015840858221054077e-01,3.613599836826324463e-01,3.893404603004455566e-01,2.999581992626190186e-01,3.227978944778442383e-01,2.106616795063018799e-01,1.967849731445312500e-01,2.041872143745422363e-01,3.088869452476501465e-01,2.832035124301910400e-01,2.801629602909088135e-01,1.277152597904205322e-01,2.508011162281036377e-01,1.210337281227111816e-01,1.826959997415542603e-01,-9.825072437524795532e-02,-1.187346503138542175e-01,2.020264416933059692e-01,4.003168046474456787e-01,-7.694023102521896362e-02,-1.310864686965942383e-01,-6.911033391952514648e-02,5.562485009431838989e-02,5.674631521105766296e-02,3.443240225315093994e-01,1.944847255945205688e-01,2.117763012647628784e-01,3.572675883769989014e-01,4.239265918731689453e-01,1.573658734560012817e-01,2.265187501907348633e-01,-6.016795709729194641e-02,6.150554120540618896e-02,-1.854419894516468048e-02,1.657271832227706909e-01,-1.705000251531600952e-01,-6.302934139966964722e-02,2.850846350193023682e-01,2.941368520259857178e-01,-5.770194530487060547e-02,-3.100587986409664154e-02,3.583737313747406006e-01,2.623198926448822021e-01,2.408473640680313110e-01,2.120350152254104614e-01,1.274363845586776733e-01,1.074002459645271301e-01,2.782901227474212646e-01,2.608160376548767090e-01,2.393483370542526245e-01,1.735035777091979980e-01,1.732280254364013672e-01,2.493233084678649902e-01,6.408654153347015381e-02,1.972906291484832764e-01,1.527641564607620239e-01,4.407524764537811279e-01,-5.099753290414810181e-02,4.452267289161682129e-02,2.601334154605865479e-01,3.123063147068023682e-01,6.377635896205902100e-02,2.284872233867645264e-01,-3.135751932859420776e-02,1.073386296629905701e-01,3.010559082031250000e-01,5.101546645164489746e-01,5.710586309432983398e-01,9.999998211860656738e-01,3.250139355659484863e-01,3.666778504848480225e-01,3.037701919674873352e-02,1.787796057760715485e-02,3.222534358501434326e-01,1.975420117378234863e-01,3.855425119400024414e-01,3.388226330280303955e-01,2.469190955162048340e-01,3.342843651771545410e-01,3.031111359596252441e-01,4.078093469142913818e-01,6.076124310493469238e-01,5.796792507171630859e-01,2.831624448299407959e-01,3.101363778114318848e-01,2.315360009670257568e-01,2.200133204460144043e-01
-1.598963700234889984e-02,-4.617280885577201843e-02,-7.589861750602722168e-02,3.507984057068824768e-02,-1.317071169614791870e-01,-1.248951479792594910e-01,-1.477371994405984879e-02,-2.168024033308029175e-01,-2.369635185459628701e-04,-8.749829232692718506e-02,1.513687819242477417e-01,5.439010635018348694e-02,-6.121413782238960266e-02,-9.994740039110183716e-02,1.372443735599517822e-01,1.949923634529113770e-01,2.409218251705169678e-01,1.187997385859489441e-01,1.370545178651809692e-01,-8.683162182569503784e-02,2.201810032129287720e-01,2.410280257463455200e-01,-2.034667134284973145e-01,-2.006445676088333130e-01,-2.424283772706985474e-01,-2.389569282531738281e-01,-2.162176743149757385e-02,-9.817121922969818115e-02,3.635033369064331055e-01,1.362335234880447388e-01,1.275413334369659424e-01,1.085175797343254089e-01,3.077204227447509766e-01,2.460572570562362671e-01,3.202871680259704590e-01,2.434811145067214966e-01,3.504811227321624756e-01,2.428415417671203613e-01,4.291917979717254639e-01,2.887344360351562500e-01,2.376849651336669922e-01,1.564618349075317383e-01,3.007906675338745117e-01,1.739088743925094604e-01,-3.039250895380973816e-02,-8.465827256441116333e-02,3.645755946636199951e-01,2.588692903518676758e-01,-3.581969812512397766e-02,-9.970419853925704956e-02,-9.840652346611022949e-03,-1.617134362459182739e-02,4.889837279915809631e-02,1.462000757455825806e-01,6.084687709808349609e-01,3.438941836357116699e-01,1.652961820363998413e-01,6.288084387779235840e-02,8.211160893552005291e-04,1.309356838464736938e-01,-1.052000075578689575e-01,-1.266875714063644409e-01,1.095665097236633301e-01,-1.809222102165222168e-01,1.990399789065122604e-03,-1.489478945732116699e-01,2.723011076450347900e-01,3.021667003631591797e-01,-1.698955595493316650e-01,-9.331098943948745728e-02,2.307494729757308960e-01,1.283255964517593384e-01,2.211617082357406616e-01,2.748695015907287598e-01,9.720034897327423096e-02,1.107735112309455872e-01,2.470871359109878540e-01,1.763602346181869507e-01,1.204063370823860168e-01,8.962809294462203979e-02,1.332201063632965088e-01,-1.616412401199340820e-02,1.036059111356735229e-01,-1.140284445136785507e-02,3.536292612552642822e-01,1.719958186149597168e-01,-7.285823673009872437e-02,-2.127882689237594604e-01,3.728203475475311279e-01,1.979175508022308350e-01,5.639470219612121582e-01,2.098000198602676392e-01,3.730838894844055176e-01,1.598083376884460449e-01,4.877431690692901611e-01,3.215208351612091064e-01,5.104016065597534180e-01,3.250139355659484863e-01,9.999997019767761230e-01,6.520175933837890625e-01,4.098429679870605469e-01,1.910133510828018188e-01,4.607660770416259766e-01,2.798394262790679932e-01,4.234710633754730225e-01,3.028188049793243408e-01,2.084944248199462891e-01,1.075330823659896851e-01,1.881348639726638794e-01,2.487294077873229980e-01,2.331260293722152710e-01,3.578272759914398193e-01,4.348687529563903809e-01,2.946408987045288086e-01,3.511800765991210938e-01,2.817116677761077881e-01
-5.031125620007514954e-02,4.549878463149070740e-02,-8.860243111848831177e-02,1.408605277538299561e-01,-1.802961528301239014e-01,-1.214070618152618408e-01,4.194435197860002518e-03,-8.895304799079895020e-02,-7.418154925107955933e-02,-7.034362107515335083e-02,1.312692910432815552e-01,1.312334984540939331e-01,-8.120976388454437256e-02,6.225787848234176636e-02,4.302508011460304260e-02,2.827995121479034424e-01,2.174751907587051392e-01,2.158523052930831909e-01,9.880155324935913086e-02,-6.029963865876197815e-02,2.452245801687240601e-01,2.951446771621704102e-01,-1.730189174413681030e-01,-1.397039443254470825e-01,-2.302602678537368774e-01,-2.231993377208709717e-01,-4.121130704879760742e-02,-9.180103242397308350e-02,3.405723571777343750e-01,2.851557135581970215e-01,6.530821323394775391e-02,1.013041436672210693e-01,3.398608565330505371e-01,3.032700717449188232e-01,2.227936536073684692e-01,2.059523314237594604e-01,2.335295528173446655e-01,2.401137501001358032e-01,3.785085082054138184e-01,3.453300297260284424e-01,1.970724910497665405e-01,1.818511486053466797e-01,3.498770892620086670e-01,2.601315379142761230e-01,-5.210323631763458252e-02,-4.201972857117652893e-02,3.653134107589721680e-01,3.691382706165313721e-01,-3.731785714626312256e-02,-4.453374072909355164e-02,2.871154993772506714e-02,6.497684866189956665e-02,5.297013744711875916e-02,2.078741192817687988e-01,4.455769360065460205e-01,5.054816603660583496e-01,1.291638612747192383e-01,1.672628968954086304e-01,-2.683166414499282837e-02,1.627197265625000000e-01,-1.264502108097076416e-01,-3.469044715166091919e-02,4.413894936442375183e-02,-9.350092709064483643e-02,-4.873914644122123718e-02,-1.025272533297538757e-01,1.938721090555191040e-01,2.947396337985992432e-01,-1.791193634271621704e-01,-7.198204100131988525e-02,2.707639634609222412e-01,2.385331541299819946e-01,2.311130166053771973e-01,3.486703932285308838e-01,1.237212121486663818e-01,1.573564112186431885e-01,1.952597796916961670e-01,2.015846371650695801e-01,1.116748675704002380e-01,1.243050619959831238e-01,1.139397025108337402e-01,1.151627451181411743e-01,3.251435980200767517e-02,4.999833554029464722e-02,2.487029284238815308e-01,2.442572563886642456e-01,-9.116441756486892700e-02,-9.407173097133636475e-02,1.834742724895477295e-01,2.959248423576354980e-01,4.294919967651367188e-01,3.800528049468994141e-01,2.637602686882019043e-01,2.331144660711288452e-01,3.437342643737792969e-01,2.963020205497741699e-01,4.508514404296875000e-01,3.666778504848480225e-01,6.520175933837890625e-01,1.000000119209289551e+00,3.155096769332885742e-01,2.458817213773727417e-01,3.970935046672821045e-01,2.862001657485961914e-01,3.835435807704925537e-01,2.911650538444519043e-01,1.522699743509292603e-01,1.039004847407341003e-01,9.520981460809707642e-02,2.393324375152587891e-01,2.472354024648666382e-01,3.709393143653869629e-01,5.167750120162963867e-01,3.249417245388031006e-01,3.383115530014038086e-01,2.764617204666137695e-01
-1.632111072540283203e-01,-2.440228313207626343e-01,-1.274210661649703979e-01,-1.609643697738647461e-01,-9.809668362140655518e-02,-2.400031387805938721e-01,-1.300011724233627319e-01,-3.370013535022735596e-01,1.017377823591232300e-01,-1.788366138935089111e-01,7.310877088457345963e-03,-5.290022864937782288e-02,-1.676997989416122437e-01,-1.158074885606765747e-01,1.914792656898498535e-01,1.210476905107498169e-01,5.695030465722084045e-02,1.452550198882818222e-02,-1.248783245682716370e-02,-1.403026878833770752e-01,5.702962353825569153e-02,3.580136597156524658e-02,-2.990794777870178223e-01,-3.340226709842681885e-01,-3.191264271736145020e-01,-3.213479518890380859e-01,-1.290145814418792725e-01,-1.913976669311523438e-01,2.129371315240859985e-01,-3.492602333426475525e-02,-9.194085747003555298e-02,-1.395527124404907227e-01,8.476939052343368530e-02,4.958570934832096100e-03,4.355400800704956055e-02,2.667314372956752777e-02,1.995615065097808838e-01,1.262018233537673950e-01,3.228885233402252197e-01,2.033530622720718384e-01,1.960572153329849243e-01,5.655302107334136963e-02,1.446613818407058716e-01,1.357526332139968872e-02,-1.598855704069137573e-01,-1.751509457826614380e-01,1.187775805592536926e-01,2.044769749045372009e-02,-9.211411327123641968e-02,-1.691936105489730835e-01,-7.857070863246917725e-02,-1.267844289541244507e-01,4.569350555539131165e-02,4.643797501921653748e-02,4.513963162899017334e-01,2.851555943489074707e-01,4.563863854855298996e-03,-9.158013761043548584e-02,-2.942437119781970978e-02,1.435175091028213501e-01,-2.463971674442291260e-01,-2.058072388172149658e-01,7.363551855087280273e-02,-2.347667366266250610e-01,-1.155378371477127075e-01,-2.524505555629730225e-01,-1.827176287770271301e-02,1.036837846040725708e-01,-6.826984882354736328e-02,3.938476741313934326e-02,1.203381046652793884e-01,1.353616174310445786e-02,7.615519315004348755e-02,1.302628498524427414e-02,4.031459614634513855e-02,2.401020936667919159e-02,3.445284813642501831e-02,-2.477344684302806854e-02,-4.654148593544960022e-02,-9.703570604324340820e-02,-1.832987740635871887e-02,-1.141603887081146240e-01,1.860272437334060669e-01,-1.250610798597335815e-01,2.494841963052749634e-01,7.967515289783477783e-02,1.036687791347503662e-01,-1.624506562948226929e-01,2.529210150241851807e-01,1.788256913423538208e-01,4.734684824943542480e-01,1.981011927127838135e-01,5.905174016952514648e-01,2.986215353012084961e-01,1.491620540618896484e-01,6.591758877038955688e-02,1.364978551864624023e-01,3.037701919674873352e-02,4.098429679870605469e-01,3.155096769332885742e-01,9.999997615814208984e-01,4.690811038017272949e-01,5.375264883041381836e-01,4.793835878372192383e-01,2.910156250000000000e-01,2.238051444292068481e-01,1.761599928140640259e-01,1.132811158895492554e-01,-8.572144061326980591e-02,-1.522171944379806519e-01,-1.422108560800552368e-01,1.877681352198123932e-03,1.380065977573394775e-01,9.471412748098373413e-02,6.972739845514297485e-02,4.258570075035095215e-02
-1.470404565334320068e-01,-2.214253097772598267e-01,-1.472138762474060059e-01,-8.836835622787475586e-02,-2.189614176750183105e-01,-2.850864529609680176e-01,-1.214365586638450623e-01,-2.292184680700302124e-01,-1.292904764413833618e-01,-1.759977042675018311e-01,-1.556527018547058105e-01,-2.453136444091796875e-02,-2.459669411182403564e-01,-1.024740864522755146e-03,-5.280308425426483154e-02,1.282490342855453491e-01,-1.016580127179622650e-02,-2.855911292135715485e-02,1.563220657408237457e-02,-4.001209884881973267e-02,3.567737713456153870e-02,7.646246254444122314e-02,-3.230874240398406982e-01,-3.039860725402832031e-01,-3.376761376857757568e-01,-3.131017386913299561e-01,-1.196717768907546997e-01,-1.189418584108352661e-01,1.229400709271430969e-01,3.599676862359046936e-02,-2.100089937448501587e-01,-2.322478592395782471e-01,3.037140145897865295e-02,-1.855151169002056122e-02,6.962379906326532364e-03,1.170746143907308578e-02,9.796870499849319458e-02,9.714945405721664429e-02,1.449454873800277710e-01,9.698420763015747070e-02,2.677001059055328369e-01,8.360898494720458984e-02,1.488290578126907349e-01,1.239344757050275803e-02,-3.175041973590850830e-01,-2.181750982999801636e-01,-4.390443116426467896e-02,1.044486649334430695e-02,-7.758461683988571167e-02,-1.901817023754119873e-01,-2.425317838788032532e-02,-8.791209012269973755e-02,1.168449223041534424e-02,1.235914751887321472e-01,2.942883670330047607e-01,3.578158318996429443e-01,2.966621890664100647e-02,-4.265390709042549133e-02,1.309320479631423950e-01,3.254192471504211426e-01,-1.835209429264068604e-01,-3.251620009541511536e-02,-3.023944422602653503e-02,-1.700804680585861206e-01,-1.137547269463539124e-01,-1.310756653547286987e-01,6.001789588481187820e-03,1.402077078819274902e-01,1.434555277228355408e-02,1.344807744026184082e-01,8.572296053171157837e-02,4.719274118542671204e-02,-4.432023037225008011e-03,-3.905480727553367615e-02,6.070187082514166832e-04,-2.925301529467105865e-02,-4.805030766874551773e-03,4.470546171069145203e-02,-8.424058556556701660e-02,-8.261567354202270508e-02,-1.010154113173484802e-01,-8.872849494218826294e-02,6.377834081649780273e-02,-2.926081046462059021e-02,1.211411654949188232e-01,1.129933744668960571e-01,1.637689955532550812e-02,1.485260203480720520e-02,7.265679538249969482e-02,3.113226592540740967e-01,2.079591900110244751e-01,2.809254825115203857e-01,3.154576122760772705e-01,5.165359377861022949e-01,-1.354146748781204224e-02,3.808287903666496277e-02,3.851909190416336060e-02,1.787796057760715485e-02,1.910133510828018188e-01,2.458817213773727417e-01,4.690811038017272949e-01,1.000000119209289551e+00,3.650485873222351074e-01,6.228875517845153809e-01,1.500988900661468506e-01,2.426205426454544067e-01,6.812843680381774902e-02,-3.144772723317146301e-02,-1.397878825664520264e-01,-1.799051463603973389e-01,-9.047440439462661743e-02,1.601516269147396088e-02,8.523599058389663696e-02,-1.239735540002584457e-02,-8.843319118022918701e-02,-2.831653878092765808e-02
5.509558692574501038e-02,8.001274615526199341e-02,-3.560345247387886047e-02,6.641322374343872070e-02,-9.616787731647491455e-02,-7.779563963413238525e-02,1.568875461816787720e-01,-4.035561904311180115e-02,6.721427198499441147e-03,-5.222171545028686523e-02,2.571111023426055908e-01,1.869501173496246338e-01,5.918408557772636414e-02,4.577123001217842102e-02,7.927147299051284790e-02,1.492729783058166504e-01,3.191310167312622070e-01,2.469997256994247437e-01,1.521807610988616943e-01,-3.727388381958007812e-02,2.736346721649169922e-01,2.509291470050811768e-01,-1.586535423994064331e-01,-1.765580177307128906e-01,-1.832245290279388428e-01,-1.578058749437332153e-01,5.501170456409454346e-02,4.253258928656578064e-02,3.595311939716339111e-01,1.770728677511215210e-01,1.307785362005233765e-01,1.000171527266502380e-01,2.784031629562377930e-01,2.413133382797241211e-01,2.687350213527679443e-01,1.899709999561309814e-01,2.692951858043670654e-01,2.625569999217987061e-01,4.001972973346710205e-01,2.592611610889434814e-01,1.964167058467864990e-01,1.494732201099395752e-01,2.184601575136184692e-01,1.369302868843078613e-01,-2.186877429485321045e-01,-2.119845896959304810e-01,1.677942872047424316e-01,1.621466577053070068e-01,-1.177491098642349243e-01,-2.059368044137954712e-01,-8.929351717233657837e-02,-1.064580306410789490e-01,-2.336449921131134033e-02,1.495553702116012573e-01,4.022876024246215820e-01,2.561469078063964844e-01,2.321274429559707642e-01,1.808988451957702637e-01,9.524778276681900024e-02,2.691006064414978027e-01,-1.809036433696746826e-01,-9.879955649375915527e-02,4.718868527561426163e-03,-4.406441748142242432e-02,-2.085963636636734009e-01,-2.209011912345886230e-01,1.869042813777923584e-01,2.344806790351867676e-01,-9.902148693799972534e-02,-2.013284713029861450e-02,3.660891354084014893e-01,2.838306427001953125e-01,2.460671812295913696e-01,2.126543223857879639e-01,1.321842521429061890e-01,1.555875241756439209e-01,2.566413581371307373e-01,2.262108176946640015e-01,1.745694577693939209e-01,1.421957612037658691e-01,2.008098959922790527e-01,2.171909511089324951e-01,7.876356691122055054e-02,9.361447766423225403e-03,4.637364149093627930e-01,3.772702217102050781e-01,9.954820387065410614e-03,-9.356021136045455933e-02,3.344385623931884766e-01,3.440477550029754639e-01,3.993371129035949707e-01,2.880743741989135742e-01,2.937505245208740234e-01,2.072632610797882080e-01,3.051062524318695068e-01,2.328526824712753296e-01,3.797828257083892822e-01,3.222534358501434326e-01,4.607660770416259766e-01,3.970935046672821045e-01,5.375264883041381836e-01,3.650485873222351074e-01,1.000000119209289551e+00,5.799494981765747070e-01,5.706998705863952637e-01,5.346425175666809082e-01,3.083759248256683350e-01,2.586814761161804199e-01,1.065450310707092285e-01,3.320244699716567993e-02,1.609591543674468994e-01,1.531435996294021606e-01,1.763081699609756470e-01,2.366532981395721436e-01,3.240913152694702148e-01,2.971607446670532227e-01
-6.450191885232925415e-02,-1.807635277509689331e-02,-4.257147014141082764e-02,2.354536764323711395e-02,-1.145826950669288635e-01,-1.519707441329956055e-01,-2.912989817559719086e-02,-9.570125490427017212e-02,-6.383482366800308228e-03,-2.786811813712120056e-02,5.105055123567581177e-02,1.223594844341278076e-01,-9.125927090644836426e-02,6.083982996642589569e-03,-1.071975845843553543e-02,1.089231818914413452e-01,1.380724906921386719e-01,1.508592367172241211e-01,6.424216926097869873e-02,2.009557746350765228e-02,1.509175002574920654e-01,1.651065498590469360e-01,-1.996240168809890747e-01,-1.942575126886367798e-01,-2.445653378963470459e-01,-2.040627300739288330e-01,-9.266520850360393524e-03,7.562993094325065613e-03,2.054517865180969238e-01,9.217507392168045044e-02,-1.995325833559036255e-02,-4.032165184617042542e-02,1.501525491476058960e-01,1.092043220996856689e-01,1.087099388241767883e-01,6.279278546571731567e-02,1.615965962409973145e-01,1.975783407688140869e-01,3.067362010478973389e-01,2.777179777622222900e-01,2.355924993753433228e-01,1.157131120562553406e-01,5.163479223847389221e-02,-4.168731719255447388e-02,-3.345483541488647461e-01,-2.813951075077056885e-01,-7.630281150341033936e-02,-5.359908100217580795e-03,-1.721110492944717407e-01,-2.642914056777954102e-01,-1.601725220680236816e-01,-1.846993416547775269e-01,-1.338486373424530029e-01,6.038350984454154968e-02,2.766791582107543945e-01,3.098358213901519775e-01,1.075894534587860107e-01,1.111456975340843201e-01,1.140717044472694397e-01,2.872865498065948486e-01,-2.209949791431427002e-01,-6.814780831336975098e-02,-8.402040600776672363e-02,-1.375041455030441284e-01,-2.327436208724975586e-01,-1.791829466819763184e-01,1.225372478365898132e-01,1.784753799438476562e-01,1.236721221357584000e-02,1.450880467891693115e-01,1.780911982059478760e-01,1.310473531484603882e-01,6.582731753587722778e-02,1.090754382312297821e-02,4.100887104868888855e-02,2.569372765719890594e-02,1.374450027942657471e-01,1.500255018472671509e-01,6.872966885566711426e-02,6.722159683704376221e-02,-1.936375349760055542e-02,1.147658601403236389e-01,4.618696123361587524e-02,1.827637851238250732e-02,2.240712493658065796e-01,3.020462095737457275e-01,1.336911111138761044e-03,-2.502387017011642456e-02,1.653739660978317261e-01,3.938490152359008789e-01,1.988335251808166504e-01,2.608813345432281494e-01,1.876766383647918701e-01,3.236898779869079590e-01,1.430590450763702393e-01,1.644761711359024048e-01,1.483149081468582153e-01,1.975420117378234863e-01,2.798394262790679932e-01,2.862001657485961914e-01,4.793835878372192383e-01,6.228875517845153809e-01,5.799494981765747070e-01,9.999997019767761230e-01,3.596094548702239990e-01,4.787034392356872559e-01,8.690529316663742065e-02,9.788858145475387573e-02,1.311728358268737793e-02,-8.814577013254165649e-02,-1.087131630629301071e-02,6.948871165513992310e-02,7.774417847394943237e-02,5.493125692009925842e-02,8.608621358871459961e-02,1.590739786624908447e-01
1.871240735054016113e-01,2.484180629253387451e-01,3.025165945291519165e-02,1.619886010885238647e-01,-2.112617157399654388e-02,7.181978970766067505e-02,2.274900972843170166e-01,1.497677266597747803e-01,-2.661502547562122345e-02,4.768127202987670898e-02,2.342195063829421997e-01,2.238166034221649170e-01,7.682715356349945068e-02,1.760077923536300659e-01,8.721090853214263916e-04,2.083870768547058105e-01,2.948663830757141113e-01,2.822304666042327881e-01,2.412384450435638428e-01,-6.396241020411252975e-03,3.173160552978515625e-01,3.076789379119873047e-01,-1.906321384012699127e-02,-2.556299231946468353e-02,-1.333707291632890701e-02,-4.822307266294956207e-03,1.407722681760787964e-01,1.509187370538711548e-01,3.208909630775451660e-01,2.943029403686523438e-01,2.486356347799301147e-01,2.370187044143676758e-01,2.726326584815979004e-01,2.449834495782852173e-01,3.976050019264221191e-01,2.872642874717712402e-01,3.063495755195617676e-01,2.737001776695251465e-01,3.615708649158477783e-01,2.344819903373718262e-01,1.384798884391784668e-01,1.674533784389495850e-01,1.540490537881851196e-01,1.655710488557815552e-01,-1.495598107576370239e-01,-1.584951132535934448e-01,1.405081897974014282e-01,1.758650243282318115e-01,-2.098051458597183228e-02,-1.333868652582168579e-01,-4.991851001977920532e-02,-4.425897821784019470e-02,1.303662732243537903e-02,1.945991218090057373e-01,3.128260970115661621e-01,2.153344899415969849e-01,3.232693970203399658e-01,2.616959810256958008e-01,1.812289357185363770e-01,2.204078286886215210e-01,-4.853725805878639221e-02,2.513344213366508484e-02,5.405112728476524353e-02,4.872470721602439880e-02,-8.812060952186584473e-02,-1.509508192539215088e-01,3.431566059589385986e-01,2.746859192848205566e-01,-7.952572405338287354e-02,9.430174715816974640e-03,3.543124794960021973e-01,3.258425295352935791e-01,2.076187878847122192e-01,3.000621199607849121e-01,1.392810791730880737e-01,1.517576277256011963e-01,3.569722473621368408e-01,3.019064664840698242e-01,2.478079050779342651e-01,2.588684856891632080e-01,1.963379383087158203e-01,2.755679786205291748e-01,-1.704094186425209045e-02,1.773462444543838501e-01,3.035388886928558350e-01,3.260959088802337646e-01,6.327772047370672226e-03,-1.231068512424826622e-03,2.469780296087265015e-01,3.235159814357757568e-01,2.644407451152801514e-01,2.579726576805114746e-01,9.319328516721725464e-02,3.743235766887664795e-02,3.323127627372741699e-01,2.888742983341217041e-01,4.494771361351013184e-01,3.855425119400024414e-01,4.234710633754730225e-01,3.835435807704925537e-01,2.910156250000000000e-01,1.500988900661468506e-01,5.706998705863952637e-01,3.596094548702239990e-01,1.000000238418579102e+00,5.297527313232421875e-01,4.077026844024658203e-01,3.364165127277374268e-01,1.726637184619903564e-01,2.048841565847396851e-01,3.216469287872314453e-01,3.094809651374816895e-01,2.090071886777877808e-01,2.194260656833648682e-01,3.888300657272338867e-01,3.457986414432525635e-01
1.048216819763183594e-01,1.361269354820251465e-01,-1.371159963309764862e-02,7.938835769891738892e-02,-1.833686828613281250e-01,-1.511183828115463257e-01,1.583476811647415161e-01,2.490696310997009277e-02,-1.553731560707092285e-01,-9.486191719770431519e-02,1.973087042570114136e-01,1.413589268922805786e-01,-1.559971366077661514e-02,5.810723453760147095e-02,-8.034653961658477783e-02,8.283197879791259766e-02,2.421914637088775635e-01,2.410436570644378662e-01,1.595951169729232788e-01,3.579058498144149780e-02,2.014103084802627563e-01,1.958196759223937988e-01,-1.580913811922073364e-01,-1.513489335775375366e-01,-2.041209042072296143e-01,-1.748217642307281494e-01,1.406067400239408016e-03,4.622092936187982559e-03,2.398473471403121948e-01,1.821144968271255493e-01,7.885500043630599976e-02,6.786185503005981445e-02,2.060436904430389404e-01,1.612070500850677490e-01,3.033020794391632080e-01,1.917914003133773804e-01,1.603100746870040894e-01,1.904629021883010864e-01,3.475139737129211426e-01,1.877235472202301025e-01,1.945970952510833740e-01,1.233288049697875977e-01,1.810682713985443115e-01,9.497484564781188965e-02,-3.156688511371612549e-01,-2.851802110671997070e-01,3.437176346778869629e-02,1.202264353632926941e-01,-1.739112585783004761e-01,-2.893774807453155518e-01,-1.529427468776702881e-01,-1.914847195148468018e-01,-1.343651413917541504e-01,1.537257581949234009e-01,2.114666253328323364e-01,1.427232325077056885e-01,2.398192435503005981e-01,2.302039563655853271e-01,2.711527235805988312e-02,3.044576942920684814e-01,-1.468605995178222656e-01,-1.216912195086479187e-01,1.193274557590484619e-02,-1.131673529744148254e-01,-2.269337922334671021e-01,-1.808248609304428101e-01,1.746028512716293335e-01,2.111135721206665039e-01,-5.514621362090110779e-02,3.246163576841354370e-02,3.439266383647918701e-01,2.993729710578918457e-01,2.066212892532348633e-01,2.073125839233398438e-01,1.517888009548187256e-01,1.541759967803955078e-01,2.556458115577697754e-01,2.242351025342941284e-01,1.656134128570556641e-01,2.115505635738372803e-01,1.092944964766502380e-01,2.032627761363983154e-01,-7.683273404836654663e-02,-5.084481835365295410e-02,2.926125526428222656e-01,2.843745052814483643e-01,-1.201580837368965149e-01,-1.618921756744384766e-01,1.021013483405113220e-01,2.273834943771362305e-01,1.759907454252243042e-01,2.118527591228485107e-01,1.221741810441017151e-01,1.345455348491668701e-01,2.533708512783050537e-01,2.529353499412536621e-01,3.479665517807006836e-01,3.388226330280303955e-01,3.028188049793243408e-01,2.911650538444519043e-01,2.238051444292068481e-01,2.426205426454544067e-01,5.346425175666809082e-01,4.787034392356872559e-01,5.297527313232421875e-01,9.999995231628417969e-01,2.074541300535202026e-01,2.055894881486892700e-01,1.287922412157058716e-01,6.880219280719757080e-02,2.734705209732055664e-01,2.064435184001922607e-01,2.190410345792770386e-01,2.930411100387573242e-01,4.164256751537322998e-01,3.051297068595886230e-01
1.281803101301193237e-01,1.122491881251335144e-01,-3.979044035077095032e-03,1.136980801820755005e-01,2.795177139341831207e-02,6.114031746983528137e-02,2.083321660757064819e-01,1.155806928873062134e-01,3.926186636090278625e-02,-2.272830158472061157e-02,8.573573827743530273e-02,1.340686678886413574e-01,5.358364433050155640e-02,1.412837952375411987e-01,1.577036380767822266e-01,2.323201447725296021e-01,1.819394677877426147e-01,2.174273729324340820e-01,2.108449041843414307e-01,4.160388931632041931e-02,3.148438036441802979e-01,2.668790519237518311e-01,-7.676009088754653931e-03,-2.920055575668811798e-02,-1.001475192606449127e-02,2.358927205204963684e-02,1.347844451665878296e-01,1.823013573884963989e-01,2.941302955150604248e-01,3.093648850917816162e-01,1.916266679763793945e-01,1.740805804729461670e-01,1.338123828172683716e-01,1.566229164600372314e-01,2.267558723688125610e-01,1.907357871532440186e-01,2.731575369834899902e-01,1.205839738249778748e-01,1.907864212989807129e-01,3.942964598536491394e-02,9.448342025279998779e-02,5.882507190108299255e-02,1.128287315368652344e-01,1.227069497108459473e-01,-2.658772468566894531e-02,-1.116809099912643433e-01,1.165411546826362610e-01,1.129327043890953064e-01,-3.040317445993423462e-03,-6.617892533540725708e-02,-6.335549801588058472e-02,3.642930835485458374e-02,7.812913507223129272e-02,2.666907906532287598e-01,3.100042939186096191e-01,1.758689582347869873e-01,2.443290799856185913e-01,1.575800627470016479e-01,1.263767480850219727e-01,1.685960590839385986e-01,5.747604649513959885e-03,7.863473892211914062e-02,1.101426258683204651e-01,1.306841075420379639e-01,-4.269065707921981812e-02,-5.283688381314277649e-02,1.437556147575378418e-01,1.223504021763801575e-01,-3.414436429738998413e-02,-2.755423262715339661e-02,3.419514000415802002e-01,3.577418625354766846e-01,2.345855385065078735e-01,3.069703578948974609e-01,2.014919668436050415e-01,9.993432462215423584e-02,2.937826812267303467e-01,2.403194457292556763e-01,1.925663948059082031e-01,1.867095977067947388e-01,1.915466040372848511e-01,1.476175040006637573e-01,1.176271364092826843e-01,1.284088939428329468e-01,1.746354997158050537e-01,1.737393736839294434e-01,8.684051781892776489e-02,1.082908958196640015e-01,2.331696748733520508e-01,1.412058919668197632e-01,1.790859550237655640e-01,2.044414877891540527e-01,1.628637760877609253e-01,8.326853066682815552e-02,1.887068301439285278e-01,2.232268303632736206e-01,3.235275447368621826e-01,2.469190955162048340e-01,2.084944248199462891e-01,1.522699743509292603e-01,1.761599928140640259e-01,6.812843680381774902e-02,3.083759248256683350e-01,8.690529316663742065e-02,4.077026844024658203e-01,2.074541300535202026e-01,1.000000238418579102e+00,4.367843270301818848e-01,1.101392731070518494e-01,1.401949077844619751e-01,2.515383660793304443e-01,1.871096193790435791e-01,6.362891942262649536e-02,1.597136110067367554e-01,2.005704045295715332e-01,6.190627813339233398e-02
7.055579870939254761e-02,2.284200340509414673e-01,5.063751339912414551e-02,2.334125787019729614e-01,2.346794158220291138e-01,2.471117973327636719e-01,1.704088747501373291e-01,2.607949376106262207e-01,1.577231138944625854e-01,1.546086817979812622e-01,4.959924146533012390e-02,6.817943602800369263e-02,8.161298930644989014e-02,1.038610786199569702e-01,1.596702635288238525e-01,1.566007137298583984e-01,6.697858124971389771e-02,1.803335398435592651e-01,1.251966357231140137e-01,5.568166449666023254e-02,2.087188661098480225e-01,1.196665912866592407e-01,8.522471785545349121e-02,1.527302563190460205e-01,1.854085475206375122e-01,2.062022686004638672e-01,2.372447550296783447e-01,2.673260271549224854e-01,8.722484856843948364e-02,1.156993731856346130e-01,1.766830235719680786e-01,1.726363748311996460e-01,1.024271920323371887e-01,1.157395243644714355e-01,8.692753314971923828e-02,8.972178399562835693e-02,5.778875201940536499e-02,3.954549431800842285e-01,5.411223322153091431e-02,3.242225348949432373e-01,-1.372456923127174377e-02,2.315951287746429443e-01,-4.140288382768630981e-02,3.341158479452133179e-02,-5.106753855943679810e-02,-4.644816741347312927e-02,4.059656336903572083e-02,1.331119686365127563e-01,-4.001307860016822815e-02,-3.521256148815155029e-02,-5.473034456372261047e-02,-6.589203607290983200e-03,1.035860925912857056e-02,1.607690304517745972e-01,1.161026656627655029e-01,2.371718138456344604e-01,2.387683391571044922e-01,2.141983509063720703e-01,1.619340777397155762e-01,1.450227797031402588e-01,3.739004582166671753e-02,5.166254565119743347e-02,3.210674226284027100e-02,2.093967348337173462e-01,-1.106779649853706360e-01,1.079830750823020935e-01,1.734147667884826660e-01,1.394477039575576782e-01,-1.471846830099821091e-02,3.922776784747838974e-03,1.750045567750930786e-01,1.783454865217208862e-01,2.095969915390014648e-01,4.306391626596450806e-02,1.585089266300201416e-01,1.299584954977035522e-01,1.281997710466384888e-01,1.504793763160705566e-01,5.370652303099632263e-02,1.063733771443367004e-01,7.997658103704452515e-02,2.664478123188018799e-01,1.354730725288391113e-01,2.250859886407852173e-01,-1.615538448095321655e-02,2.887533605098724365e-01,1.073637381196022034e-01,1.804437786340713501e-01,9.697993099689483643e-02,3.279521167278289795e-01,1.138328909873962402e-01,2.569510936737060547e-01,8.559131622314453125e-02,9.544633328914642334e-02,1.507582813501358032e-01,2.864236831665039062e-01,1.882008314132690430e-01,3.342843651771545410e-01,1.075330823659896851e-01,1.039004847407341003e-01,1.132811158895492554e-01,-3.144772723317146301e-02,2.586814761161804199e-01,9.788858145475387573e-02,3.364165127277374268e-01,2.055894881486892700e-01,4.367843270301818848e-01,9.999998211860656738e-01,2.328648865222930908e-01,1.812713295221328735e-01,2.248394638299942017e-01,2.037074863910675049e-01,-1.566396467387676239e-02,9.814287722110748291e-02,1.957148462533950806e-01,1.070104390382766724e-01
1.935068666934967041e-01,2.290831059217453003e-01,1.304190903902053833e-01,1.456109136343002319e-01,9.301941096782684326e-02,1.551389843225479126e-01,1.515159755945205688e-01,1.682382822036743164e-01,5.749443918466567993e-02,4.872111231088638306e-02,5.831892788410186768e-02,2.474046498537063599e-02,1.587714850902557373e-01,-4.127036035060882568e-02,6.794568151235580444e-02,1.642079651355743408e-02,1.255050748586654663e-01,9.571199119091033936e-02,1.159716621041297913e-01,9.169416129589080811e-02,1.883005797863006592e-01,1.039707958698272705e-01,1.541978269815444946e-01,1.196659728884696960e-01,6.997273862361907959e-02,1.350237727165222168e-01,1.479295641183853149e-01,1.703649014234542847e-01,1.373743265867233276e-01,5.337265878915786743e-02,2.560640275478363037e-01,2.404744476079940796e-01,2.523596286773681641e-01,2.422322034835815430e-01,2.022582888603210449e-01,7.307130098342895508e-02,2.223884314298629761e-01,2.406926453113555908e-01,2.106392085552215576e-01,2.230763137340545654e-01,1.443380713462829590e-01,1.574076414108276367e-01,-1.086637191474437714e-02,2.774720080196857452e-03,8.565085381269454956e-02,-2.709162235260009766e-02,1.146847680211067200e-01,1.313920170068740845e-01,-2.352785319089889526e-02,-4.271671921014785767e-02,-2.124898880720138550e-02,1.803730614483356476e-02,-3.891706094145774841e-02,7.268260419368743896e-02,1.192933246493339539e-01,4.288939014077186584e-02,1.862697601318359375e-01,1.691747456789016724e-01,8.598441630601882935e-02,8.856393396854400635e-03,1.381803750991821289e-01,5.929620005190372467e-03,1.707216054201126099e-01,1.548848152160644531e-01,5.227754823863506317e-03,5.515495315194129944e-02,2.665757536888122559e-01,1.469506621360778809e-01,6.779808900319039822e-04,-1.011640205979347229e-02,1.973429620265960693e-01,1.184709891676902771e-01,1.208813861012458801e-01,5.442637950181961060e-02,4.124860092997550964e-02,2.793492004275321960e-02,2.235643416643142700e-01,2.028353214263916016e-01,2.566305696964263916e-01,1.351236253976821899e-01,2.562838196754455566e-01,9.730747342109680176e-02,5.071669816970825195e-02,1.197060719132423401e-01,8.436814881861209869e-03,1.087430194020271301e-01,-9.966671466827392578e-02,-2.084463275969028473e-02,9.667818993330001831e-02,1.290604621171951294e-01,1.520594768226146698e-02,-1.883946917951107025e-02,-8.572274446487426758e-02,-8.096962422132492065e-02,4.161063134670257568e-01,3.889247477054595947e-01,2.926861345767974854e-01,3.031111359596252441e-01,1.881348639726638794e-01,9.520981460809707642e-02,-8.572144061326980591e-02,-1.397878825664520264e-01,1.065450310707092285e-01,1.311728358268737793e-02,1.726637184619903564e-01,1.287922412157058716e-01,1.101392731070518494e-01,2.328648865222930908e-01,1.000000119209289551e+00,4.523659944534301758e-01,2.852227091789245605e-01,2.034810930490493774e-01,4.997266456484794617e-02,2.937844954431056976e-02,1.719339638948440552e-01,2.492210268974304199e-01
2.579028010368347168e-01,3.590397834777832031e-01,1.973591446876525879e-01,3.378591537475585938e-01,1.070780456066131592e-01,2.275315374135971069e-01,2.458768039941787720e-01,2.724701166152954102e-01,-2.474895212799310684e-03,9.395174682140350342e-02,1.009907796978950500e-01,4.466873034834861755e-02,1.204832419753074646e-01,-1.327141933143138885e-02,6.278318911790847778e-02,6.891120225191116333e-02,2.203006893396377563e-01,1.514723151922225952e-01,1.520929187536239624e-01,9.334670752286911011e-02,2.848021686077117920e-01,2.425146400928497314e-01,2.676754593849182129e-01,2.756097912788391113e-01,1.259954720735549927e-01,2.017172425985336304e-01,2.676899135112762451e-01,2.858815193176269531e-01,1.683387011289596558e-01,1.541741341352462769e-01,3.017036020755767822e-01,3.550385832786560059e-01,3.082992732524871826e-01,2.781687974929809570e-01,2.024952471256256104e-01,1.753898859024047852e-01,2.515951395034790039e-01,2.061822563409805298e-01,1.426884084939956665e-01,9.542670100927352905e-02,1.229585930705070496e-01,1.029752269387245178e-01,3.132582455873489380e-02,4.738444462418556213e-02,8.008050918579101562e-02,-9.521691128611564636e-03,1.821140050888061523e-01,2.374075204133987427e-01,1.944444514811038971e-02,-2.733178064227104187e-02,-3.400529175996780396e-02,4.560569301247596741e-02,1.617305353283882141e-02,1.950062364339828491e-01,1.243665143847465515e-01,5.531975626945495605e-02,2.697311639785766602e-01,3.015605211257934570e-01,1.081844866275787354e-01,5.872538685798645020e-02,8.024071902036666870e-02,1.510134786367416382e-01,2.665067911148071289e-01,2.779485881328582764e-01,-5.331895872950553894e-02,1.028385460376739502e-01,2.706441581249237061e-01,1.664052158594131470e-01,2.015159837901592255e-02,3.481452353298664093e-03,2.250449806451797485e-01,1.462438702583312988e-01,1.040044799447059631e-01,1.215628907084465027e-01,1.253562606871128082e-02,9.401137940585613251e-03,2.388119846582412720e-01,2.349503338336944580e-01,2.472556531429290771e-01,1.770131289958953857e-01,2.931801378726959229e-01,1.494617015123367310e-01,3.886448591947555542e-02,1.546750217676162720e-01,-2.364324592053890228e-02,1.207084208726882935e-01,5.624827463179826736e-03,1.491671055555343628e-01,1.293961703777313232e-01,1.098388880491256714e-01,1.011463701725006104e-01,1.733222454786300659e-01,-1.087785139679908752e-01,-7.038796693086624146e-02,3.238409161567687988e-01,2.883408069610595703e-01,4.450618028640747070e-01,4.078093469142913818e-01,2.487294077873229980e-01,2.393324375152587891e-01,-1.522171944379806519e-01,-1.799051463603973389e-01,3.320244699716567993e-02,-8.814577013254165649e-02,2.048841565847396851e-01,6.880219280719757080e-02,1.401949077844619751e-01,1.812713295221328735e-01,4.523659944534301758e-01,9.999998211860656738e-01,5.451443195343017578e-01,4.689471125602722168e-01,3.387723565101623535e-01,6.262551993131637573e-02,1.327286511659622192e-01,2.350755184888839722e-01
3.992614746093750000e-01,5.037030577659606934e-01,2.192076593637466431e-01,4.238425195217132568e-01,9.694308042526245117e-02,2.254245579242706299e-01,4.246546924114227295e-01,3.140610456466674805e-01,-1.327484101057052612e-01,5.145689472556114197e-03,1.179122403264045715e-01,5.222087725996971130e-02,1.430775076150894165e-01,5.667060613632202148e-02,-1.559998653829097748e-02,3.347935155034065247e-02,2.199555933475494385e-01,1.894692331552505493e-01,2.443356364965438843e-01,1.089478209614753723e-01,3.568774163722991943e-01,3.554525673389434814e-01,3.566593527793884277e-01,3.523893058300018311e-01,2.502894997596740723e-01,3.013229370117187500e-01,3.610586524009704590e-01,3.433201611042022705e-01,1.548347324132919312e-01,2.246316671371459961e-01,3.944399058818817139e-01,4.266619384288787842e-01,3.144543170928955078e-01,3.331195414066314697e-01,2.789818644523620605e-01,3.163207769393920898e-01,2.443705499172210693e-01,1.606008559465408325e-01,2.191680818796157837e-01,2.226570248603820801e-02,9.976881742477416992e-02,9.500331431627273560e-02,1.706591993570327759e-01,2.166911959648132324e-01,-7.531781494617462158e-02,-2.920759283006191254e-02,2.611094117164611816e-01,4.022175073623657227e-01,1.447824109345674515e-02,-4.180996119976043701e-02,5.655848886817693710e-03,1.140282154083251953e-01,1.085663288831710815e-01,4.011132121086120605e-01,1.351576000452041626e-01,4.881621524691581726e-02,4.849090278148651123e-01,5.186325311660766602e-01,2.302928119897842407e-01,2.928598225116729736e-01,4.621802642941474915e-02,1.176499053835868835e-01,1.040895581245422363e-01,2.331319153308868408e-01,-8.113528788089752197e-02,-3.145859017968177795e-02,2.939350903034210205e-01,3.203749060630798340e-01,-5.458694323897361755e-02,-2.110425382852554321e-02,4.185254871845245361e-01,3.281564116477966309e-01,2.362358421087265015e-01,3.005894422531127930e-01,1.447042822837829590e-01,1.323536485433578491e-01,3.577850461006164551e-01,3.036198318004608154e-01,2.868679463863372803e-01,2.101046890020370483e-01,2.109894007444381714e-01,2.003951519727706909e-01,4.581611976027488708e-02,1.612258404493331909e-01,9.299854189157485962e-02,2.095400094985961914e-01,5.661697313189506531e-02,8.146230876445770264e-02,2.141317427158355713e-01,1.438741385936737061e-01,4.875157773494720459e-02,2.093870639801025391e-01,-9.848547726869583130e-02,-1.128487288951873779e-02,2.365855723619461060e-01,3.374519646167755127e-01,6.218277812004089355e-01,6.076124310493469238e-01,2.331260293722152710e-01,2.472354024648666382e-01,-1.422108560800552368e-01,-9.047440439462661743e-02,1.609591543674468994e-01,-1.087131630629301071e-02,3.216469287872314453e-01,2.734705209732055664e-01,2.515383660793304443e-01,2.248394638299942017e-01,2.852227091789245605e-01,5.451443195343017578e-01,9.999999403953552246e-01,6.339581608772277832e-01,3.202402889728546143e-01,3.012889623641967773e-01,2.033336758613586426e-01,1.771089881658554077e-01
2.126073241233825684e-01,3.413337767124176025e-01,9.166785329580307007e-02,3.029972910881042480e-01,1.276629120111465454e-01,2.114220857620239258e-01,1.874445825815200806e-01,1.856290698051452637e-01,-8.248085528612136841e-02,6.598289310932159424e-02,7.203579694032669067e-02,3.195532411336898804e-02,4.376932978630065918e-03,7.456447184085845947e-02,-3.357542306184768677e-02,1.104670912027359009e-01,2.099656462669372559e-01,1.855837255716323853e-01,1.143342331051826477e-01,2.888630703091621399e-02,2.969390749931335449e-01,2.706040740013122559e-01,2.048057764768600464e-01,2.673508226871490479e-01,1.619148850440979004e-01,1.965719759464263916e-01,3.519173264503479004e-01,2.845585644245147705e-01,1.461758762598037720e-01,2.213068753480911255e-01,3.189355134963989258e-01,3.093756139278411865e-01,2.173872441053390503e-01,2.058997601270675659e-01,1.781028956174850464e-01,2.362321019172668457e-01,1.890222281217575073e-01,1.713680028915405273e-01,2.239378541707992554e-01,4.564913362264633179e-02,1.477966606616973877e-01,1.492002904415130615e-01,1.836567372083663940e-01,1.714365035295486450e-01,-1.295641213655471802e-01,-9.753285348415374756e-02,2.688410282135009766e-01,3.950155377388000488e-01,-5.473984032869338989e-02,-9.601663798093795776e-02,-1.629255828447639942e-03,4.188525676727294922e-02,1.075685545802116394e-01,3.625037968158721924e-01,1.945977210998535156e-01,1.507080793380737305e-01,3.382832705974578857e-01,3.671290874481201172e-01,1.072890013456344604e-01,2.179745435714721680e-01,-9.010057151317596436e-02,7.857804745435714722e-02,2.689585834741592407e-02,1.405636221170425415e-01,-1.147801429033279419e-01,-1.636468470096588135e-01,2.013601511716842651e-01,2.163155376911163330e-01,-9.112758934497833252e-02,-1.425504405051469803e-02,2.706720530986785889e-01,2.123856097459793091e-01,1.892017126083374023e-01,2.494063526391983032e-01,4.672503843903541565e-02,7.418222725391387939e-02,1.772058755159378052e-01,1.579315662384033203e-01,1.723819077014923096e-01,1.619254052639007568e-01,1.182404458522796631e-01,1.530277281999588013e-01,7.263546437025070190e-02,2.225253880023956299e-01,1.279191821813583374e-01,2.672033905982971191e-01,4.012648388743400574e-02,7.875006645917892456e-02,2.817194461822509766e-01,2.049961239099502563e-01,1.092693805694580078e-01,2.473672330379486084e-01,2.241648361086845398e-02,1.345915049314498901e-01,2.891111671924591064e-01,3.619324564933776855e-01,5.819241404533386230e-01,5.796792507171630859e-01,3.578272759914398193e-01,3.709393143653869629e-01,1.877681352198123932e-03,1.601516269147396088e-02,1.531435996294021606e-01,6.948871165513992310e-02,3.094809651374816895e-01,2.064435184001922607e-01,1.871096193790435791e-01,2.037074863910675049e-01,2.034810930490493774e-01,4.689471125602722168e-01,6.339581608772277832e-01,1.000000119209289551e+00,4.692521393299102783e-01,3.416686654090881348e-01,1.633036732673645020e-01,3.793140128254890442e-02
1.893543079495429993e-02,2.026199921965599060e-02,-8.525086194276809692e-02,8.359875530004501343e-02,-1.712763756513595581e-01,-1.760550141334533691e-01,1.728304661810398102e-02,-5.259331688284873962e-02,-1.033960729837417603e-01,-1.063106507062911987e-01,5.535700172185897827e-02,-3.739928081631660461e-02,-1.075936779379844666e-01,1.574429450556635857e-03,9.478646516799926758e-02,1.473430544137954712e-01,1.396148055791854858e-01,5.369096621870994568e-02,4.647748172283172607e-02,-1.148358732461929321e-01,1.996309459209442139e-01,1.598484814167022705e-01,-1.414784789085388184e-01,-1.027107015252113342e-01,-1.984581798315048218e-01,-1.888570040464401245e-01,2.307554148137569427e-02,-1.070769801735877991e-01,2.261672914028167725e-01,1.407094001770019531e-01,4.562344402074813843e-02,2.405859157443046570e-02,2.127649933099746704e-01,1.545422822237014771e-01,1.401734650135040283e-01,1.554772853851318359e-01,1.783121228218078613e-01,8.536396920680999756e-02,2.589631676673889160e-01,8.512034267187118530e-02,1.841595768928527832e-01,5.791194736957550049e-02,2.354639023542404175e-01,7.630117982625961304e-02,-1.251236349344253540e-01,-8.764076977968215942e-02,1.975888162851333618e-01,1.780159920454025269e-01,-8.330515027046203613e-02,-8.281154930591583252e-02,-3.747250139713287354e-02,-6.382615119218826294e-02,-1.346988976001739502e-02,1.785551011562347412e-01,2.326232939958572388e-01,1.725047081708908081e-01,1.477997750043869019e-01,1.518182605504989624e-01,-6.488162279129028320e-02,1.951605826616287231e-01,-1.994240432977676392e-01,-6.812851130962371826e-02,2.103076130151748657e-01,3.234692290425300598e-02,-1.432381570339202881e-01,-7.341374456882476807e-02,2.656727470457553864e-02,1.204829066991806030e-01,-1.580151915550231934e-01,-1.028076559305191040e-01,1.891560703516006470e-01,1.074782460927963257e-01,1.565493792295455933e-01,2.084970325231552124e-01,8.565406315028667450e-03,2.891214191913604736e-02,3.024577163159847260e-02,5.455736070871353149e-02,3.497395291924476624e-02,5.839186906814575195e-02,1.591233462095260620e-01,1.478334795683622360e-02,1.132544651627540588e-01,-9.482987970113754272e-02,2.087605297565460205e-01,1.241021826863288879e-01,7.896779477596282959e-02,-5.423689261078834534e-02,1.467952728271484375e-01,1.013503745198249817e-01,4.409654438495635986e-01,3.838192820549011230e-01,3.077757060527801514e-01,1.663762331008911133e-01,1.493457257747650146e-01,1.879659742116928101e-01,4.232975244522094727e-01,2.831624448299407959e-01,4.348687529563903809e-01,5.167750120162963867e-01,1.380065977573394775e-01,8.523599058389663696e-02,1.763081699609756470e-01,7.774417847394943237e-02,2.090071886777877808e-01,2.190410345792770386e-01,6.362891942262649536e-02,-1.566396467387676239e-02,4.997266456484794617e-02,3.387723565101623535e-01,3.202402889728546143e-01,4.692521393299102783e-01,9.999998211860656738e-01,3.831749260425567627e-01,2.853648960590362549e-01,1.926486492156982422e-01
4.053961858153343201e-02,6.511076539754867554e-02,-8.015839755535125732e-02,3.169372305274009705e-02,-9.329641610383987427e-02,-9.501322358846664429e-02,1.815142482519149780e-02,-1.094252243638038635e-01,-9.248211979866027832e-02,-5.964418873190879822e-02,8.579816785641014576e-04,-6.710998713970184326e-02,-5.616216734051704407e-02,-2.317100204527378082e-02,5.018192902207374573e-02,9.705739468336105347e-02,6.116297841072082520e-02,3.608288243412971497e-02,1.369920969009399414e-01,-1.188010498881340027e-01,2.409627437591552734e-01,1.883958876132965088e-01,-8.511969447135925293e-02,-1.008470207452774048e-01,-7.944983243942260742e-02,-7.426312565803527832e-02,7.628719508647918701e-02,-8.139859884977340698e-02,1.350302696228027344e-01,8.434764295816421509e-02,6.007632985711097717e-02,6.256359070539474487e-02,9.548635035753250122e-02,1.043563857674598694e-01,1.885229498147964478e-01,2.560328245162963867e-01,6.705925613641738892e-02,6.093798950314521790e-02,2.450133860111236572e-01,2.591802179813385010e-02,9.594926983118057251e-02,3.447892609983682632e-03,3.281462490558624268e-01,2.757128477096557617e-01,-6.291827559471130371e-02,-1.181396245956420898e-01,4.347711205482482910e-01,3.853656053543090820e-01,-6.489922106266021729e-02,-7.196539640426635742e-02,7.559224963188171387e-02,1.033922731876373291e-01,1.870240867137908936e-01,2.893218398094177246e-01,1.783642321825027466e-01,1.145054101943969727e-01,1.912767738103866577e-01,1.265851408243179321e-01,-1.048166975378990173e-01,8.087814599275588989e-02,-1.008128896355628967e-01,-1.898064464330673218e-01,-8.843374997377395630e-02,-1.562661826610565186e-01,-1.014275476336479187e-01,-2.316224724054336548e-01,4.174521937966346741e-02,1.334944814443588257e-01,-1.631188541650772095e-01,-1.713094115257263184e-01,2.561249434947967529e-01,1.722890883684158325e-01,1.618291884660720825e-01,2.422816604375839233e-01,3.012587688863277435e-02,1.254725307226181030e-01,1.453641057014465332e-01,9.165154397487640381e-02,2.107645757496356964e-02,-3.736556693911552429e-02,3.060502558946609497e-02,-3.310237452387809753e-02,-4.429541155695915222e-02,-1.456166207790374756e-01,3.225899934768676758e-01,1.960197091102600098e-01,-7.361128926277160645e-02,-2.429380863904953003e-01,1.573336571455001831e-01,4.942032322287559509e-02,1.733013242483139038e-01,1.629594415426254272e-01,2.300928235054016113e-01,1.346848011016845703e-01,1.202628314495086670e-01,1.569627821445465088e-01,3.805305957794189453e-01,3.101363778114318848e-01,2.946408987045288086e-01,3.249417245388031006e-01,9.471412748098373413e-02,-1.239735540002584457e-02,2.366532981395721436e-01,5.493125692009925842e-02,2.194260656833648682e-01,2.930411100387573242e-01,1.597136110067367554e-01,9.814287722110748291e-02,2.937844954431056976e-02,6.262551993131637573e-02,3.012889623641967773e-01,3.416686654090881348e-01,3.831749260425567627e-01,1.000000119209289551e+00,5.737661719322204590e-01,1.892226636409759521e-01
4.216355830430984497e-02,7.187800109386444092e-02,-5.118792131543159485e-02,7.210032641887664795e-02,-1.343954205513000488e-01,-1.444240212440490723e-01,1.111062765121459961e-01,7.074641529470682144e-03,-5.810120329260826111e-02,-5.410312488675117493e-02,1.782364845275878906e-01,1.215289086103439331e-01,7.151606678962707520e-02,9.385003894567489624e-02,4.085785523056983948e-02,1.448371559381484985e-01,1.773464828729629517e-01,1.477869898080825806e-01,2.059269845485687256e-01,-7.769307494163513184e-02,2.452785670757293701e-01,2.093398422002792358e-01,-1.804951876401901245e-01,-1.516911983489990234e-01,-1.563331335783004761e-01,-1.668571382761001587e-01,2.965364791452884674e-02,-6.086593866348266602e-02,2.755605280399322510e-01,1.789939701557159424e-01,9.086862951517105103e-02,1.077234297990798950e-01,2.218393087387084961e-01,1.978156864643096924e-01,3.233366310596466064e-01,2.458456158638000488e-01,1.545743048191070557e-01,2.090812325477600098e-01,2.663229703903198242e-01,1.705479919910430908e-01,1.577012538909912109e-01,7.469956576824188232e-02,2.981126606464385986e-01,2.256546020507812500e-01,-1.462403126060962677e-02,-4.394066333770751953e-02,3.228112161159515381e-01,2.472843825817108154e-01,-5.337745323777198792e-02,-2.594821341335773468e-02,5.483593791723251343e-02,-9.184635244309902191e-03,2.491801977157592773e-02,6.203208491206169128e-02,2.331056892871856689e-01,1.632003784179687500e-01,1.585671901702880859e-01,7.315946370363235474e-02,-5.627392232418060303e-02,7.289877533912658691e-02,-5.432086810469627380e-02,-1.815807968378067017e-01,2.285419264808297157e-03,-1.390674263238906860e-01,-8.197159320116043091e-02,-1.037579923868179321e-01,2.163403630256652832e-01,1.987607032060623169e-01,-1.550561934709548950e-01,-1.409683972597122192e-01,2.596599161624908447e-01,2.082350701093673706e-01,2.119083702564239502e-01,2.472831159830093384e-01,8.071766793727874756e-02,1.320836693048477173e-01,2.181966751813888550e-01,1.627414226531982422e-01,1.106021553277969360e-01,1.159272342920303345e-01,1.289121806621551514e-01,1.250235587358474731e-01,-8.807850629091262817e-02,-1.052918732166290283e-01,2.925518453121185303e-01,2.047507613897323608e-01,-1.391480565071105957e-01,-1.859358400106430054e-01,6.765888631343841553e-02,1.031110733747482300e-01,2.653071880340576172e-01,2.327460348606109619e-01,1.457571089267730713e-01,-3.824447095394134521e-02,2.913731038570404053e-01,1.618919074535369873e-01,3.370230495929718018e-01,2.315360009670257568e-01,3.511800765991210938e-01,3.383115530014038086e-01,6.972739845514297485e-02,-8.843319118022918701e-02,3.240913152694702148e-01,8.608621358871459961e-02,3.888300657272338867e-01,4.164256751537322998e-01,2.005704045295715332e-01,1.957148462533950806e-01,1.719339638948440552e-01,1.327286511659622192e-01,2.033336758613586426e-01,1.633036732673645020e-01,2.853648960590362549e-01,5.737661719322204590e-01,9.999999403953552246e-01,4.248921573162078857e-01
1.228871494531631470e-01,1.731405705213546753e-01,1.039575319737195969e-02,6.757112592458724976e-02,-2.448851428925991058e-02,-1.499680709093809128e-02,1.502469629049301147e-01,8.989690989255905151e-02,1.112860348075628281e-02,2.461992204189300537e-02,1.548808664083480835e-01,1.864480525255203247e-01,1.564309597015380859e-01,5.476013198494911194e-02,5.840801075100898743e-02,4.376440495252609253e-02,1.985513567924499512e-01,1.683399528264999390e-01,1.433220803737640381e-01,-2.687694318592548370e-02,2.463602572679519653e-01,1.505686789751052856e-01,-1.054498646408319473e-02,-3.972877934575080872e-02,-7.231190800666809082e-02,2.081442391499876976e-03,3.462176024913787842e-02,5.542997643351554871e-02,2.472464740276336670e-01,1.691645085811614990e-01,1.431700438261032104e-01,1.513256728649139404e-01,3.223793804645538330e-01,2.792761921882629395e-01,2.919059991836547852e-01,1.159343421459197998e-01,2.381992042064666748e-01,2.655709981918334961e-01,2.375879883766174316e-01,2.400067150592803955e-01,8.501052111387252808e-02,3.655704483389854431e-02,1.073433831334114075e-01,1.340511441230773926e-01,1.191948652267456055e-01,7.612497359514236450e-02,1.295520663261413574e-01,1.092476323246955872e-01,1.398015618324279785e-01,6.938984990119934082e-02,1.008316949009895325e-01,7.382243126630783081e-02,2.859028056263923645e-02,1.183452270925045013e-02,2.067329734563827515e-01,1.321023553609848022e-01,2.251910120248794556e-01,1.368856728076934814e-01,1.580829322338104248e-01,4.761921986937522888e-02,7.920839637517929077e-02,-1.756949163973331451e-02,2.174863070249557495e-01,1.174061447381973267e-01,6.116827204823493958e-02,1.038300991058349609e-01,3.457898497581481934e-01,2.402813285589218140e-01,-6.543144583702087402e-02,-1.227999329566955566e-01,2.193503826856613159e-01,1.289667487144470215e-01,1.630480438470840454e-01,1.466115117073059082e-01,5.485120788216590881e-02,8.420811593532562256e-02,2.686028182506561279e-01,2.161913365125656128e-01,1.871407479047775269e-01,1.297773867845535278e-01,3.401315808296203613e-01,1.843878626823425293e-01,2.342092059552669525e-02,-6.763319484889507294e-03,2.311030477285385132e-01,2.146186679601669312e-01,-2.204171381890773773e-03,1.643819361925125122e-02,1.323317885398864746e-01,1.807699948549270630e-01,2.728049755096435547e-01,2.228907495737075806e-01,2.095367992296814919e-03,-1.024790853261947632e-01,1.993468850851058960e-01,1.885959655046463013e-01,2.688304781913757324e-01,2.200133204460144043e-01,2.817116677761077881e-01,2.764617204666137695e-01,4.258570075035095215e-02,-2.831653878092765808e-02,2.971607446670532227e-01,1.590739786624908447e-01,3.457986414432525635e-01,3.051297068595886230e-01,6.190627813339233398e-02,1.070104390382766724e-01,2.492210268974304199e-01,2.350755184888839722e-01,1.771089881658554077e-01,3.793140128254890442e-02,1.926486492156982422e-01,1.892226636409759521e-01,4.248921573162078857e-01,9.999995231628417969e-01
