9.999995827674865723e-01,-1.074746847152709961e-01,5.284904837608337402e-01,-1.207914296537637711e-02,1.764142885804176331e-02,-9.808728843927383423e-02,3.614659011363983154e-01,-8.853070437908172607e-02,1.712628267705440521e-02,2.105725407600402832e-01,7.945975661277770996e-01,-3.104844987392425537e-01,2.694824635982513428e-01,-4.188823699951171875e-01,-4.237337708473205566e-01,2.317654043436050415e-01,7.184025645256042480e-01,-3.733935952186584473e-01,5.540366172790527344e-01,3.048812150955200195e-01,-1.086399238556623459e-02,-5.338031426072120667e-02,1.489095985889434814e-01,-4.314202070236206055e-01,9.197349101305007935e-02,4.057378694415092468e-02,-9.730389341711997986e-03,-1.820361316204071045e-01,6.118156909942626953e-01,-3.122410774230957031e-01,1.149832233786582947e-01,-2.975736372172832489e-02,4.607037007808685303e-01,1.380130946636199951e-01,1.221740171313285828e-01,-7.615119963884353638e-02,3.898080885410308838e-01,-3.598920255899429321e-02,2.804125249385833740e-01,1.790758818387985229e-01,3.725571930408477783e-01,-8.815895020961761475e-02,4.662540853023529053e-01,-2.835763990879058838e-01,4.342535734176635742e-01,-1.893230676651000977e-01,6.081911325454711914e-01,-9.747023135423660278e-02,5.449374318122863770e-01,-4.491754472255706787e-01,6.359018683433532715e-01,-5.700432658195495605e-01,6.779608130455017090e-01,-5.391895174980163574e-01,6.273842453956604004e-01,-1.221373826265335083e-01,7.436067461967468262e-01,-3.587697148323059082e-01,6.200637221336364746e-01,-3.122824057936668396e-02,7.183114290237426758e-01,-3.958245515823364258e-01,7.170785069465637207e-01,-4.103197157382965088e-01,6.824291348457336426e-01,-2.925795316696166992e-01,3.977189958095550537e-01,9.456516057252883911e-02,5.091227293014526367e-01,2.190902084112167358e-01,1.293798089027404785e-01,4.056454077363014221e-02,3.479883670806884766e-01,1.323288381099700928e-01,2.695054411888122559e-01,-3.988885879516601562e-02,4.046824201941490173e-02,-7.436636835336685181e-02,4.954167902469635010e-01,-1.224909676238894463e-03,6.826153397560119629e-01,-2.448626011610031128e-01,6.151620745658874512e-01,-4.905087947845458984e-01,7.482984662055969238e-01,-5.070780515670776367e-01,4.896883666515350342e-01,-2.484846264123916626e-01,6.662544012069702148e-01,-4.297499656677246094e-01,6.806060671806335449e-01,-4.822054505348205566e-01,5.223616957664489746e-01,-4.849344491958618164e-01,3.578537330031394958e-02,-3.979742154479026794e-02,2.310478389263153076e-01,8.688644319772720337e-02,6.649389863014221191e-01,-1.613727658987045288e-01,5.248372554779052734e-01,-5.073137879371643066e-01,2.601459622383117676e-01,-4.518866837024688721e-01,3.441422581672668457e-01,-5.427799001336097717e-02,4.338529109954833984e-01,2.875875681638717651e-02,3.521595150232315063e-02,4.812383279204368591e-02,1.308856159448623657e-02,3.188168108463287354e-01,1.340887099504470825e-01,1.087627932429313660e-01,-1.818173378705978394e-02,3.300408273935317993e-02
-1.074746847152709961e-01,1.000000000000000000e+00,-1.210280135273933411e-01,4.561035037040710449e-01,-4.821031913161277771e-02,4.657104238867759705e-02,-1.282632499933242798e-01,6.276671886444091797e-01,1.590332388877868652e-02,2.002085298299789429e-01,-2.014564573764801025e-01,6.694899201393127441e-01,-1.028104722499847412e-01,5.505085587501525879e-01,2.347633987665176392e-01,1.414491534233093262e-01,-1.191864907741546631e-01,6.228190660476684570e-01,1.260319054126739502e-01,2.910388112068176270e-01,-1.204477972351014614e-03,1.054336801171302795e-01,-1.094114705920219421e-01,2.665993869304656982e-01,7.266196422278881073e-03,9.269351512193679810e-02,-3.015843778848648071e-02,1.265961676836013794e-01,-1.582209914922714233e-01,3.964755535125732422e-01,4.544325638562440872e-03,3.726198896765708923e-02,1.244733259081840515e-01,2.532228529453277588e-01,1.303899940103292465e-02,9.103847295045852661e-02,2.934255637228488922e-02,2.856386899948120117e-01,8.784989267587661743e-02,1.302437186241149902e-01,-7.507491111755371094e-02,1.055732741951942444e-01,1.431674808263778687e-01,1.628374904394149780e-01,2.147260606288909912e-01,4.524744749069213867e-01,-1.827957928180694580e-01,1.611738204956054688e-01,1.925812810659408569e-01,5.093045234680175781e-01,-1.155156921595335007e-02,5.010160207748413086e-01,-9.103135764598846436e-02,4.609456062316894531e-01,-1.650493890047073364e-01,3.999469876289367676e-01,-8.640853688120841980e-03,7.565770149230957031e-01,1.572148948907852173e-01,6.089847087860107422e-01,1.886655762791633606e-02,6.465128660202026367e-01,-1.869077086448669434e-01,5.137385129928588867e-01,1.237822137773036957e-02,5.119969248771667480e-01,3.269806802272796631e-01,5.006419420242309570e-01,2.019841372966766357e-01,3.835442364215850830e-01,-1.239961832761764526e-01,1.328786951489746571e-03,-1.048837229609489441e-01,1.772415935993194580e-01,1.826270110905170441e-02,1.365288048982620239e-01,-1.538387220352888107e-02,3.938228264451026917e-02,1.085029169917106628e-01,2.349696308374404907e-01,1.394138671457767487e-02,5.558081269264221191e-01,-1.792557984590530396e-01,4.424823820590972900e-01,-3.815171867609024048e-02,5.447960495948791504e-01,-6.891290843486785889e-02,4.892907440662384033e-01,-1.109054759144783020e-01,5.657386779785156250e-01,-1.174442172050476074e-01,4.916875958442687988e-01,-2.944126911461353302e-02,5.101506710052490234e-01,-1.424411684274673462e-01,-5.014156177639961243e-02,-1.207832172513008118e-01,1.750213354825973511e-01,-8.517877757549285889e-02,4.505650699138641357e-01,-8.566517382860183716e-02,5.371834039688110352e-01,8.094929903745651245e-02,3.862822651863098145e-01,4.000323265790939331e-02,3.351590633392333984e-01,1.321244090795516968e-01,2.433305233716964722e-01,-1.450526416301727295e-01,-1.540006995201110840e-01,1.929410151205956936e-03,9.820954501628875732e-02,2.313723862171173096e-01,1.816187649965286255e-01,9.325897693634033203e-02,7.061696052551269531e-02
5.284904837608337402e-01,-1.210280135273933411e-01,1.000000119209289551e+00,2.270423471927642822e-01,1.593791246414184570e-01,5.583501607179641724e-02,7.398025393486022949e-01,3.521624207496643066e-02,3.749731481075286865e-01,1.190192326903343201e-01,5.175620913505554199e-01,-3.463580906391143799e-01,3.979046642780303955e-01,-4.279485940933227539e-01,-1.618295162916183472e-01,3.292752429842948914e-02,3.963077068328857422e-01,-3.679970204830169678e-01,3.252541422843933105e-01,2.093133032321929932e-01,-8.937906473875045776e-02,-8.726134896278381348e-02,5.921702384948730469e-01,-3.451023623347282410e-02,2.989475131034851074e-01,2.460641711950302124e-01,4.829392209649085999e-02,-6.019369140267372131e-02,4.644296169281005859e-01,-4.525320231914520264e-01,3.414088487625122070e-01,2.889887392520904541e-01,2.112108916044235229e-01,1.302915811538696289e-01,2.390089929103851318e-01,-2.446183189749717712e-02,1.339407712221145630e-01,-2.386596202850341797e-01,-8.620204031467437744e-02,-8.683734387159347534e-02,2.086671590805053711e-01,-1.318328082561492920e-01,2.352281063795089722e-01,-3.463147878646850586e-01,2.173711359500885010e-01,-2.201331257820129395e-01,3.686869740486145020e-01,-1.378401666879653931e-01,3.697275817394256592e-01,-3.669447302818298340e-01,4.968743324279785156e-01,-4.097549915313720703e-01,5.161355733871459961e-01,-2.805212736129760742e-01,3.190960586071014404e-01,-2.006920278072357178e-01,4.523015320301055908e-01,-2.760252654552459717e-01,2.162290960550308228e-01,-2.135383039712905884e-01,3.747286796569824219e-01,-3.709815740585327148e-01,3.674999773502349854e-01,-5.078596472740173340e-01,4.056108593940734863e-01,-4.383112490177154541e-01,1.945999823510646820e-02,-1.689772903919219971e-01,2.166474163532257080e-01,1.631044447422027588e-01,1.361283008009195328e-02,-1.915821433067321777e-02,1.813721656799316406e-01,-1.033971384167671204e-01,1.010536327958106995e-01,2.296006679534912109e-02,1.381046026945114136e-01,4.714035242795944214e-02,1.759207844734191895e-01,-2.963375747203826904e-01,3.480344116687774658e-01,-4.925392568111419678e-01,4.373214542865753174e-01,-3.502461314201354980e-01,4.042211771011352539e-01,-5.301840901374816895e-01,2.630336284637451172e-01,-2.750734984874725342e-01,3.520729839801788330e-01,-4.594337940216064453e-01,4.597533643245697021e-01,-3.347206413745880127e-01,3.204596936702728271e-01,-2.940002381801605225e-01,6.733210384845733643e-02,-1.806911528110504150e-01,1.682415008544921875e-01,1.122768502682447433e-02,4.202945530414581299e-01,-1.907540261745452881e-01,3.346517086029052734e-01,-3.328146040439605713e-01,2.297926098108291626e-01,-3.230700790882110596e-01,3.147831559181213379e-01,-8.046562969684600830e-02,2.190285623073577881e-01,-1.045235991477966309e-01,6.984856724739074707e-02,6.621626764535903931e-02,-2.115856111049652100e-02,1.370187550783157349e-01,5.951294209808111191e-03,3.861859813332557678e-02,1.277479249984025955e-02,4.854340478777885437e-02
-1.207914296537637711e-02,4.561035037040710449e-01,2.270423471927642822e-01,1.000000476837158203e+00,8.835914731025695801e-02,5.011525005102157593e-02,3.051670789718627930e-01,6.666058897972106934e-01,3.428798913955688477e-01,1.077099665999412537e-01,-1.367517709732055664e-01,2.868577241897583008e-01,1.669434607028961182e-01,2.314860969781875610e-01,4.077206552028656006e-01,-1.104675084352493286e-01,-1.897463351488113403e-01,2.293175011873245239e-01,1.296118199825286865e-01,4.029404222965240479e-01,3.243042528629302979e-02,-1.946417032741010189e-03,1.357955932617187500e-01,6.032620668411254883e-01,1.120877340435981750e-01,1.679419130086898804e-01,3.142971917986869812e-02,1.188180893659591675e-01,-5.780638009309768677e-02,2.370622307062149048e-01,2.984511256217956543e-01,3.660994768142700195e-01,2.064715474843978882e-01,4.885991811752319336e-01,1.544150412082672119e-01,9.001963585615158081e-02,2.917571738362312317e-02,9.550419449806213379e-02,1.271298062056303024e-02,-4.261904209852218628e-02,1.773671433329582214e-02,1.381746232509613037e-01,-8.282732218503952026e-03,1.268916875123977661e-01,-1.155061554163694382e-02,2.548523843288421631e-01,-1.726235598325729370e-01,1.738538146018981934e-01,-7.589273154735565186e-03,2.824373245239257812e-01,-9.975813329219818115e-02,3.267396092414855957e-01,-1.225027367472648621e-01,3.893857896327972412e-01,-1.827305257320404053e-01,1.789604276418685913e-01,-8.485572040081024170e-02,3.313075006008148193e-01,-3.472664952278137207e-02,1.905853301286697388e-01,-1.037364378571510315e-01,2.360986769199371338e-01,-1.918819397687911987e-01,1.781225651502609253e-01,-6.124611198902130127e-02,1.797922104597091675e-01,6.257840245962142944e-02,1.762001812458038330e-01,8.983048796653747559e-02,2.690082192420959473e-01,-1.954228803515434265e-02,2.639957889914512634e-02,-2.303803339600563049e-03,8.835776895284652710e-02,1.907148770987987518e-02,7.121019065380096436e-02,1.348201483488082886e-01,1.987324208021163940e-01,-4.868605732917785645e-02,6.919956952333450317e-02,-1.316534876823425293e-01,1.617872565984725952e-01,-2.711034715175628662e-01,3.182304799556732178e-01,-1.827370226383209229e-01,2.903248071670532227e-01,-7.434679567813873291e-02,2.141975462436676025e-01,-2.385540902614593506e-01,2.556509971618652344e-01,-2.177306413650512695e-01,3.606289923191070557e-01,-2.346653938293457031e-01,2.513682544231414795e-01,-4.544439539313316345e-02,2.872139401733875275e-02,9.605126106180250645e-04,1.217258125543594360e-01,-1.699826568365097046e-01,3.112776577472686768e-01,-3.373096287250518799e-01,2.266581803560256958e-01,-1.632789373397827148e-01,9.630563855171203613e-02,-6.980166770517826080e-03,2.265221178531646729e-01,4.666338115930557251e-02,1.645344048738479614e-01,-7.388337701559066772e-02,-6.990250200033187866e-02,-2.776327356696128845e-02,5.127321183681488037e-02,8.092001080513000488e-02,4.978479817509651184e-02,3.975750505924224854e-02,5.985351279377937317e-02
1.764142885804176331e-02,-4.821031913161277771e-02,1.593791246414184570e-01,8.835914731025695801e-02,1.000000119209289551e+00,6.856213212013244629e-01,1.505703181028366089e-01,2.177907899022102356e-02,3.768098354339599609e-01,2.007716000080108643e-01,5.214063823223114014e-02,2.390424907207489014e-02,1.715152859687805176e-01,4.282130673527717590e-02,2.963488698005676270e-01,1.915814876556396484e-01,-8.032471686601638794e-02,-1.309884637594223022e-01,3.516889736056327820e-02,4.522665590047836304e-02,-3.343936428427696228e-02,-8.794725686311721802e-02,9.876161813735961914e-02,7.392168790102005005e-02,3.955644071102142334e-01,3.430179953575134277e-01,1.808227151632308960e-01,-7.735731452703475952e-02,1.371138244867324829e-01,2.675530686974525452e-02,2.079777047038078308e-02,2.379122823476791382e-01,1.378860473632812500e-01,1.626658886671066284e-01,2.787015736103057861e-01,2.584476768970489502e-01,1.088178679347038269e-01,1.178029477596282959e-01,2.290164818987250328e-03,-4.362762346863746643e-02,1.720518916845321655e-01,2.606154680252075195e-01,9.667229652404785156e-02,1.010673269629478455e-01,8.230440318584442139e-02,7.300405204296112061e-02,4.663319140672683716e-02,1.240498870611190796e-01,-1.025821082293987274e-02,-1.472725905478000641e-02,-3.241579106543213129e-04,-6.141472607851028442e-03,1.286874152719974518e-02,3.334100171923637390e-02,7.600802183151245117e-02,4.112562537193298340e-02,-4.356884211301803589e-02,-5.324183776974678040e-02,-1.148149091750383377e-02,-6.104429066181182861e-02,-3.101564012467861176e-02,-8.207347989082336426e-02,-8.551149629056453705e-03,-1.211550235748291016e-01,4.907952994108200073e-02,-4.813911393284797668e-02,-3.934676200151443481e-02,4.363954067230224609e-02,1.232278626412153244e-02,7.923711836338043213e-02,1.639196127653121948e-01,2.123645544052124023e-01,1.467597633600234985e-01,1.456883847713470459e-01,-1.234310641884803772e-01,-8.245966583490371704e-02,2.823353707790374756e-01,3.957625925540924072e-01,-2.371957711875438690e-02,-2.182772755622863770e-01,-9.744194895029067993e-02,-9.811904281377792358e-02,-6.101242452859878540e-02,3.381942585110664368e-02,-3.335669264197349548e-02,-5.865399725735187531e-03,1.210489422082901001e-01,5.782068241387605667e-03,-3.545422106981277466e-02,-1.979465968906879425e-02,-1.798041164875030518e-02,8.978643268346786499e-02,-6.277254968881607056e-02,2.294618822634220123e-02,3.217810392379760742e-01,2.479008287191390991e-01,3.037845194339752197e-01,2.050107568502426147e-01,-1.334840618073940277e-02,7.549385726451873779e-02,-1.041247546672821045e-01,-1.390063390135765076e-02,-1.051842048764228821e-01,-8.107303082942962646e-02,4.073401447385549545e-03,9.514412842690944672e-03,-1.622170209884643555e-02,1.829774230718612671e-01,2.388578057289123535e-01,3.662354946136474609e-01,2.161817252635955811e-01,9.046947956085205078e-02,1.466519013047218323e-02,3.071595914661884308e-02,3.047133237123489380e-02,-7.758357375860214233e-02
-9.808728843927383423e-02,4.657104238867759705e-02,5.583501607179641724e-02,5.011525005102157593e-02,6.856213212013244629e-01,9.999998211860656738e-01,6.713398732244968414e-03,9.522772580385208130e-02,1.463708877563476562e-01,3.227554261684417725e-01,-2.634471096098423004e-02,1.302665323019027710e-01,3.518917039036750793e-02,1.640340089797973633e-01,1.746946424245834351e-01,2.927253246307373047e-01,-5.625427514314651489e-02,-3.329133614897727966e-02,-6.251329183578491211e-02,-4.182702675461769104e-02,-6.383274495601654053e-02,-5.028981342911720276e-02,1.227259933948516846e-01,3.431740403175354004e-02,4.193252325057983398e-01,4.654417037963867188e-01,1.429124027490615845e-01,7.194317877292633057e-02,2.731785364449024200e-02,3.860376402735710144e-02,-1.114337518811225891e-01,1.484149992465972900e-01,-4.737152159214019775e-02,-7.248536497354507446e-02,1.236435845494270325e-01,9.235004335641860962e-02,2.755743265151977539e-02,1.053117215633392334e-01,-8.670491725206375122e-02,-7.436987757682800293e-02,2.116867899894714355e-02,1.751403361558914185e-01,1.600139029324054718e-02,3.792735282331705093e-03,5.845212563872337341e-02,1.116333603858947754e-01,-8.224391192197799683e-02,-1.837690174579620361e-02,1.051371265202760696e-02,4.896382987499237061e-02,7.386540994048118591e-03,5.530488491058349609e-02,-3.523706272244453430e-02,5.436654388904571533e-02,2.188652753829956055e-02,-1.867340877652168274e-02,-9.035727381706237793e-02,6.735011935234069824e-02,-2.864765003323554993e-02,5.557591840624809265e-02,-6.048562005162239075e-02,8.999502658843994141e-02,-6.901788711547851562e-02,-2.593627572059631348e-02,-7.703886833041906357e-03,3.662064298987388611e-02,-7.252310216426849365e-02,3.038683161139488220e-02,-4.916470870375633240e-02,-3.908135462552309036e-03,-7.458958309143781662e-03,9.485265612602233887e-02,4.480848461389541626e-02,5.779628828167915344e-02,-1.720790416002273560e-01,-1.037770956754684448e-01,1.695578694343566895e-01,2.844919562339782715e-01,-2.200158499181270599e-02,-2.316243350505828857e-01,-5.982608720660209656e-02,-4.611917585134506226e-02,-3.179570892825722694e-03,1.097900867462158203e-01,-3.695424273610115051e-02,2.813192270696163177e-02,9.037595987319946289e-02,1.799871474504470825e-01,-1.277018431574106216e-02,4.041304439306259155e-02,-4.417644441127777100e-02,7.016688585281372070e-02,-7.017181720584630966e-03,4.846325889229774475e-02,2.593315243721008301e-01,1.251838654279708862e-01,1.145543903112411499e-01,6.335892528295516968e-02,-1.050594896078109741e-01,2.366886287927627563e-02,-1.375069655478000641e-02,8.134882152080535889e-02,3.301791101694107056e-02,5.113620311021804810e-02,-9.780048392713069916e-03,-9.842896834015846252e-03,1.467981562018394470e-02,1.543839722871780396e-01,1.692490428686141968e-01,2.674933969974517822e-01,7.142572849988937378e-02,-3.399271517992019653e-02,-4.656049981713294983e-02,-2.221125364303588867e-02,-1.061130966991186142e-02,-8.722014725208282471e-03
3.614659011363983154e-01,-1.282632499933242798e-01,7.398025393486022949e-01,3.051670789718627930e-01,1.505703181028366089e-01,6.713398732244968414e-03,9.999997019767761230e-01,5.086118727922439575e-02,5.366033315658569336e-01,1.963791809976100922e-02,3.785141110420227051e-01,-2.622047662734985352e-01,5.809422135353088379e-01,-4.016495943069458008e-01,7.495529204607009888e-02,-2.552877962589263916e-01,1.857289671897888184e-01,-2.377240359783172607e-01,2.027730047702789307e-01,3.173404633998870850e-01,-8.045713417232036591e-03,-1.232348158955574036e-01,5.222512483596801758e-01,2.328612953424453735e-01,3.326110541820526123e-01,3.250898420810699463e-01,8.989892899990081787e-02,1.185637805610895157e-02,3.742465376853942871e-01,-3.570796847343444824e-01,4.183556735515594482e-01,4.317600429058074951e-01,1.856247782707214355e-01,2.807079851627349854e-01,2.710846364498138428e-01,4.963275790214538574e-02,8.940400928258895874e-02,-1.937959939241409302e-01,-6.636986136436462402e-02,-8.214609324932098389e-02,1.601307392120361328e-01,-4.887579381465911865e-02,9.244197607040405273e-02,-2.844693660736083984e-01,6.252802163362503052e-02,-2.045648694038391113e-01,1.481835395097732544e-01,-1.130676493048667908e-01,1.971400231122970581e-01,-2.785812318325042725e-01,2.787893414497375488e-01,-2.747306823730468750e-01,2.921093106269836426e-01,-1.203116178512573242e-01,1.591752469539642334e-01,-1.305657476186752319e-01,2.855198383331298828e-01,-2.285705357789993286e-01,5.598115921020507812e-02,-2.695874571800231934e-01,2.014272063970565796e-01,-3.376093804836273193e-01,1.631433516740798950e-01,-4.986816644668579102e-01,2.327168732881546021e-01,-3.943848609924316406e-01,-8.768700808286666870e-02,-1.906298249959945679e-01,6.492055952548980713e-02,1.101340651512145996e-01,-4.218771681189537048e-02,-3.955304995179176331e-02,1.099164411425590515e-01,-1.466976553201675415e-01,8.327820338308811188e-03,-4.774616286158561707e-02,1.978304833173751831e-01,1.588449627161026001e-01,5.802143365144729614e-02,-2.818231880664825439e-01,1.499842554330825806e-01,-4.673589169979095459e-01,2.207396775484085083e-01,-1.118601411581039429e-01,1.999012082815170288e-01,-4.020819365978240967e-01,1.192875131964683533e-01,-1.996563822031021118e-01,1.934168636798858643e-01,-3.746355473995208740e-01,2.129806578159332275e-01,-1.702408939599990845e-01,1.198755130171775818e-01,-1.167640537023544312e-01,5.194547772407531738e-02,-7.861934602260589600e-02,1.965634524822235107e-01,3.095798380672931671e-02,2.341445982456207275e-01,-1.488495618104934692e-01,1.787083894014358521e-01,-1.448961049318313599e-01,2.727173864841461182e-01,-1.213545352220535278e-01,2.985877394676208496e-01,1.351687870919704437e-02,1.696412712335586548e-01,-8.453845232725143433e-02,7.494079321622848511e-02,3.695831075310707092e-02,-2.728248946368694305e-02,6.052574142813682556e-02,-2.230454608798027039e-02,4.546140786260366440e-03,-8.700503036379814148e-03,-8.651090413331985474e-02
-8.853070437908172607e-02,6.276671886444091797e-01,3.521624207496643066e-02,6.666058897972106934e-01,2.177907899022102356e-02,9.522772580385208130e-02,5.086118727922439575e-02,1.000000119209289551e+00,8.408669382333755493e-02,1.676740050315856934e-01,-1.427463442087173462e-01,5.240156054496765137e-01,-4.774241149425506592e-02,5.224354267120361328e-01,2.295995354652404785e-01,4.565792903304100037e-02,-1.609100401401519775e-01,4.578315913677215576e-01,1.188785731792449951e-01,3.306151926517486572e-01,4.288180917501449585e-02,1.471797227859497070e-01,3.756148740649223328e-02,4.087572693824768066e-01,1.117417681962251663e-02,1.327573359012603760e-01,-3.047950379550457001e-02,1.455086171627044678e-01,-5.132356286048889160e-02,3.489997386932373047e-01,1.850465536117553711e-01,2.079860121011734009e-01,9.714251756668090820e-02,3.126516938209533691e-01,6.489421427249908447e-02,7.863925397396087646e-02,-1.857386343181133270e-02,1.701998412609100342e-01,2.358938800171017647e-03,1.330104842782020569e-02,2.237459085881710052e-02,1.376105844974517822e-01,-4.112005233764648438e-02,9.338554739952087402e-02,7.740441709756851196e-02,3.281226158142089844e-01,-2.299094647169113159e-01,1.003038212656974792e-01,1.533503364771604538e-02,3.469703197479248047e-01,-1.490655094385147095e-01,3.688792586326599121e-01,-1.915829777717590332e-01,3.693937361240386963e-01,-1.937170177698135376e-01,2.652410268783569336e-01,-1.327717453241348267e-01,5.569167733192443848e-01,2.276168391108512878e-02,3.847260475158691406e-01,-1.065259873867034912e-01,4.464491009712219238e-01,-2.182726413011550903e-01,3.687729537487030029e-01,-1.064514219760894775e-01,3.289600312709808350e-01,1.738895624876022339e-01,3.277830183506011963e-01,9.870545566082000732e-02,2.699978947639465332e-01,-1.777932420372962952e-02,9.229145944118499756e-02,-1.918058842420578003e-02,1.599419265985488892e-01,8.809962868690490723e-02,1.546047776937484741e-01,7.096663862466812134e-02,1.095945835113525391e-01,3.800696879625320435e-02,1.581082642078399658e-01,-4.765674471855163574e-02,3.831223845481872559e-01,-1.845141947269439697e-01,3.946251273155212402e-01,-1.666138023138046265e-01,3.927413225173950195e-01,-8.488881587982177734e-02,4.243336319923400879e-01,-1.920846998691558838e-01,4.004700481891632080e-01,-2.114216238260269165e-01,3.802620470523834229e-01,-1.358117163181304932e-01,3.260183632373809814e-01,-7.160761207342147827e-02,-2.752400236204266548e-03,-8.980941027402877808e-02,1.214123889803886414e-01,-1.860135346651077271e-01,3.492629826068878174e-01,-2.107502520084381104e-01,3.562264442443847656e-01,-7.008020579814910889e-02,2.744115293025970459e-01,1.882593519985675812e-02,2.790862321853637695e-01,5.412485450506210327e-02,2.278609871864318848e-01,-5.883596464991569519e-02,-8.985592424869537354e-02,-7.860809564590454102e-03,-7.311310619115829468e-03,7.691725343465805054e-02,9.645147621631622314e-02,8.889622241258621216e-02,1.369539201259613037e-01
1.712628267705440521e-02,1.590332388877868652e-02,3.749731481075286865e-01,3.428798913955688477e-01,3.768098354339599609e-01,1.463708877563476562e-01,5.366033315658569336e-01,8.408669382333755493e-02,9.999995231628417969e-01,1.768218278884887695e-01,-3.802255028858780861e-03,2.566397655755281448e-03,4.839912950992584229e-01,-9.600720554590225220e-02,4.986108243465423584e-01,-1.783588230609893799e-01,-1.180400773882865906e-01,2.481083851307630539e-03,-1.208080095238983631e-03,2.094270884990692139e-01,5.519711226224899292e-02,-7.836096733808517456e-02,2.985031306743621826e-01,4.238224923610687256e-01,2.771096825599670410e-01,2.791289091110229492e-01,2.023296654224395752e-01,9.486690163612365723e-02,9.989769011735916138e-02,5.175220780074596405e-03,4.947238862514495850e-01,5.623305439949035645e-01,1.700846552848815918e-01,3.720944523811340332e-01,3.507716953754425049e-01,2.898631989955902100e-01,1.054623946547508240e-01,5.652957037091255188e-02,7.600482058478519320e-05,-9.068327024579048157e-03,5.805370211601257324e-02,1.768125444650650024e-01,8.373271673917770386e-02,6.568016856908798218e-02,-2.732574474066495895e-03,3.514117747545242310e-02,4.441371560096740723e-02,2.176067233085632324e-01,1.183726731687784195e-02,8.054938167333602905e-02,2.988588996231555939e-02,9.386868774890899658e-02,3.161237016320228577e-02,2.201764136552810669e-01,-1.563623547554016113e-02,1.172684803605079651e-01,-3.071416169404983521e-03,9.584566578269004822e-03,-1.536933481693267822e-01,-1.406147629022598267e-01,-7.900660485029220581e-02,-9.883841872215270996e-02,-6.707529723644256592e-02,-1.731199771165847778e-01,-3.394664078950881958e-02,-1.851855665445327759e-01,-1.308151334524154663e-01,-6.681442260742187500e-02,-1.483241096138954163e-02,2.247476726770401001e-01,7.442263513803482056e-02,1.285059601068496704e-01,1.321155875921249390e-01,4.258640483021736145e-02,-1.842984184622764587e-02,2.171917818486690521e-02,3.291921913623809814e-01,4.015980362892150879e-01,-1.198900863528251648e-01,-1.669554710388183594e-01,-1.527266651391983032e-01,-2.032732516527175903e-01,-1.682128310203552246e-01,1.427220851182937622e-01,-1.269690692424774170e-01,-4.022741317749023438e-02,-6.349992752075195312e-02,-1.253291219472885132e-01,-1.267379820346832275e-01,-3.464957699179649353e-02,-3.702627122402191162e-02,2.212985605001449585e-01,-8.941860496997833252e-02,1.832323521375656128e-01,1.521378904581069946e-01,1.531891524791717529e-01,3.241735994815826416e-01,2.572619020938873291e-01,3.913693130016326904e-02,1.429359167814254761e-01,-1.300812214612960815e-01,8.325989544391632080e-02,3.004690632224082947e-02,2.262334525585174561e-02,1.265886574983596802e-01,1.018779873847961426e-01,-1.482881326228380203e-02,2.840570546686649323e-02,1.808683723211288452e-01,1.917631179094314575e-01,1.994024068117141724e-01,8.426227420568466187e-02,7.626910507678985596e-02,6.695204228162765503e-02,6.808695197105407715e-02,-1.110721006989479065e-01
2.105725407600402832e-01,2.002085298299789429e-01,1.190192326903343201e-01,1.077099665999412537e-01,2.007716000080108643e-01,3.227554261684417725e-01,1.963791809976100922e-02,1.676740050315856934e-01,1.768218278884887695e-01,9.999997615814208984e-01,1.823309957981109619e-01,7.100427150726318359e-02,2.580996416509151459e-02,4.782046005129814148e-02,-5.395407322794198990e-03,5.156629085540771484e-01,2.152159661054611206e-01,1.488023623824119568e-02,1.607077568769454956e-01,9.175984561443328857e-02,-4.455387592315673828e-03,-4.748043138533830643e-03,1.043678075075149536e-01,-1.412562429904937744e-01,1.938761584460735321e-02,1.676607578992843628e-01,1.628242433071136475e-01,1.413889527320861816e-01,1.757250577211380005e-01,1.132511254400014877e-02,1.758841425180435181e-01,1.960980296134948730e-01,1.846222877502441406e-01,4.452623799443244934e-02,9.738268703222274780e-02,-3.284327313303947449e-02,3.108489215373992920e-01,1.759200990200042725e-01,1.345437616109848022e-01,1.369321495294570923e-01,1.108047738671302795e-01,1.172557938843965530e-02,2.734400033950805664e-01,-3.194708749651908875e-02,2.552196979522705078e-01,9.869424253702163696e-02,1.982975751161575317e-01,7.620550692081451416e-02,2.996608614921569824e-01,1.628080569207668304e-02,3.224874138832092285e-01,-3.895727172493934631e-02,2.752959430217742920e-01,-8.380877226591110229e-02,1.890185177326202393e-01,1.788844019174575806e-01,2.106330245733261108e-01,9.266474843025207520e-02,2.449556440114974976e-01,2.264327108860015869e-01,2.227391153573989868e-01,1.144315525889396667e-01,2.610496580600738525e-01,3.776432201266288757e-02,2.408979535102844238e-01,1.334128342568874359e-02,1.167716830968856812e-01,1.048033908009529114e-01,2.279289364814758301e-01,1.230430603027343750e-01,9.880188852548599243e-03,6.843375414609909058e-02,1.199376955628395081e-01,1.382811963558197021e-01,1.610787361860275269e-01,6.986093521118164062e-02,2.267098240554332733e-02,7.296493649482727051e-02,1.785310357809066772e-01,-3.041700983885675669e-04,2.650710344314575195e-01,3.678275272250175476e-02,1.451133638620376587e-01,-9.760973602533340454e-02,2.651721835136413574e-01,-4.042800143361091614e-02,2.687004506587982178e-01,6.270164251327514648e-02,2.292431294918060303e-01,4.042292013764381409e-02,2.934258580207824707e-01,5.352101847529411316e-02,2.657163143157958984e-01,-2.336881309747695923e-02,3.062362037599086761e-02,9.233004599809646606e-02,1.424337923526763916e-01,2.381051629781723022e-01,2.913833856582641602e-01,1.987368762493133545e-01,1.651704907417297363e-01,-4.191773384809494019e-02,1.168400347232818604e-01,-1.947560310363769531e-01,1.163143664598464966e-01,2.039004489779472351e-02,2.453544735908508301e-01,1.745410859584808350e-01,-1.290713343769311905e-02,1.007394865155220032e-01,-3.382918192073702812e-03,2.092995047569274902e-01,2.194420546293258667e-01,1.052731201052665710e-01,-1.033496111631393433e-02,6.027898564934730530e-02
7.945975661277770996e-01,-2.014564573764801025e-01,5.175620913505554199e-01,-1.367517709732055664e-01,5.214063823223114014e-02,-2.634471096098423004e-02,3.785141110420227051e-01,-1.427463442087173462e-01,-3.802255028858780861e-03,1.823309957981109619e-01,9.999998211860656738e-01,-2.916181981563568115e-01,3.391257822513580322e-01,-4.233149588108062744e-01,-4.755482971668243408e-01,2.328606545925140381e-01,7.331776022911071777e-01,-4.061971604824066162e-01,4.142981767654418945e-01,1.814827919006347656e-01,4.252745211124420166e-02,1.255165692418813705e-02,2.058599889278411865e-01,-4.494136273860931396e-01,9.581156075000762939e-02,5.214132741093635559e-02,6.908835377544164658e-03,-1.634311378002166748e-01,6.695098876953125000e-01,-3.567799925804138184e-01,1.026513949036598206e-01,-4.284657537937164307e-02,3.807087540626525879e-01,4.376382380723953247e-02,1.824445426464080811e-01,-2.785802818834781647e-02,3.598493635654449463e-01,-3.878777101635932922e-02,2.187209129333496094e-01,1.569814980030059814e-01,3.876802623271942139e-01,-8.094799518585205078e-02,4.365388453006744385e-01,-3.364102244377136230e-01,4.157910048961639404e-01,-2.291797697544097900e-01,5.799801349639892578e-01,-1.356581002473831177e-01,5.411267280578613281e-01,-5.054105520248413086e-01,6.205029487609863281e-01,-6.217484474182128906e-01,6.619039773941040039e-01,-5.760635137557983398e-01,6.219996213912963867e-01,-1.817085891962051392e-01,6.962273120880126953e-01,-4.129658043384552002e-01,5.594762563705444336e-01,-9.314613044261932373e-02,6.997938752174377441e-01,-4.358047246932983398e-01,7.227402925491333008e-01,-4.891937077045440674e-01,6.561000347137451172e-01,-3.581430613994598389e-01,3.513860702514648438e-01,6.746881455183029175e-02,3.895662128925323486e-01,1.291461437940597534e-01,1.389677375555038452e-01,6.145164370536804199e-02,3.832757174968719482e-01,9.382961690425872803e-02,2.594760060310363770e-01,-6.285279244184494019e-02,6.909991055727005005e-02,-4.634438082575798035e-02,4.824012517929077148e-01,-5.361757427453994751e-02,7.014207839965820312e-01,-3.004528880119323730e-01,6.925939917564392090e-01,-4.802422225475311279e-01,7.415167093276977539e-01,-5.653021335601806641e-01,4.931081533432006836e-01,-2.158163487911224365e-01,6.956967115402221680e-01,-4.759742021560668945e-01,6.715070009231567383e-01,-5.123111605644226074e-01,5.425077676773071289e-01,-4.823860526084899902e-01,1.118889376521110535e-01,-3.271356597542762756e-02,2.774380743503570557e-01,6.540363281965255737e-02,6.403238177299499512e-01,-2.311660796403884888e-01,5.892611145973205566e-01,-4.930815696716308594e-01,3.564901351928710938e-01,-3.984479606151580811e-01,3.572372794151306152e-01,-8.865713328123092651e-02,4.450545907020568848e-01,8.433740586042404175e-03,9.088712930679321289e-02,1.220462396740913391e-01,3.097326681017875671e-02,2.622871994972229004e-01,9.442661702632904053e-02,1.029418259859085083e-01,3.725612163543701172e-02,8.129877038300037384e-03
-3.104844987392425537e-01,6.694899201393127441e-01,-3.463580906391143799e-01,2.868577241897583008e-01,2.390424907207489014e-02,1.302665323019027710e-01,-2.622047662734985352e-01,5.240156054496765137e-01,2.566397655755281448e-03,7.100427150726318359e-02,-2.916181981563568115e-01,1.000000238418579102e+00,-4.929465427994728088e-02,6.498121619224548340e-01,3.639294803142547607e-01,-4.106768406927585602e-03,-2.299636900424957275e-01,7.052609324455261230e-01,-1.345885246992111206e-01,7.865258306264877319e-02,8.521958440542221069e-02,1.816337555646896362e-01,-2.510452270507812500e-01,3.467497229576110840e-01,-6.932396441698074341e-02,5.328212399035692215e-03,-4.648802801966667175e-02,1.029956713318824768e-01,-2.167514264583587646e-01,5.904240012168884277e-01,-2.634728699922561646e-02,6.926413625478744507e-02,5.269667599350214005e-03,1.548455059528350830e-01,2.913369424641132355e-02,2.017724663019180298e-01,8.344846777617931366e-03,4.415331184864044189e-01,9.599782526493072510e-02,1.517225205898284912e-01,-7.712139189243316650e-02,2.777924835681915283e-01,-2.888655476272106171e-02,2.533267140388488770e-01,3.411514684557914734e-02,4.444712996482849121e-01,-3.283762335777282715e-01,2.163387238979339600e-01,-7.357408106327056885e-02,5.190165638923645020e-01,-2.727835774421691895e-01,5.294135212898254395e-01,-3.528655469417572021e-01,4.789127111434936523e-01,-2.532424330711364746e-01,3.942733108997344971e-01,-2.425666749477386475e-01,6.438952684402465820e-01,-3.763607144355773926e-02,4.848291277885437012e-01,-1.773384660482406616e-01,5.521256327629089355e-01,-3.085966110229492188e-01,5.056915283203125000e-01,-1.684804856777191162e-01,4.938454031944274902e-01,1.861845254898071289e-01,4.769530296325683594e-01,-8.836050331592559814e-02,1.781020462512969971e-01,4.764506965875625610e-02,2.022521793842315674e-01,-3.090989217162132263e-02,3.203698992729187012e-01,6.459765136241912842e-03,1.582282632589340210e-01,8.660826832056045532e-02,1.998187303543090820e-01,-2.060513943433761597e-03,2.646115124225616455e-01,-1.628001779317855835e-01,6.150696873664855957e-01,-2.902802526950836182e-01,6.501548886299133301e-01,-2.498581260442733765e-01,6.081869006156921387e-01,-1.187267750501632690e-01,5.580177903175354004e-01,-2.534437775611877441e-01,6.156551241874694824e-01,-3.578092455863952637e-01,5.600817799568176270e-01,-2.305794954299926758e-01,5.498276948928833008e-01,-6.020984146744012833e-03,8.529032766819000244e-02,-1.039412524551153183e-02,2.012658268213272095e-01,-3.071286678314208984e-01,3.871347606182098389e-01,-2.306539416313171387e-01,6.227625012397766113e-01,1.035105250775814056e-02,5.172006487846374512e-01,-1.121615394949913025e-01,3.241301476955413818e-01,2.659541182219982147e-02,2.785756587982177734e-01,4.839826747775077820e-02,2.543579228222370148e-02,1.651316732168197632e-01,-3.512489795684814453e-02,8.681958913803100586e-02,1.264744848012924194e-01,1.193515285849571228e-01,-5.572211463004350662e-03
2.694824635982513428e-01,-1.028104722499847412e-01,3.979046642780303955e-01,1.669434607028961182e-01,1.715152859687805176e-01,3.518917039036750793e-02,5.809422135353088379e-01,-4.774241149425506592e-02,4.839912950992584229e-01,2.580996416509151459e-02,3.391257822513580322e-01,-4.929465427994728088e-02,9.999997615814208984e-01,-2.835106253623962402e-01,2.264665216207504272e-01,-2.871362268924713135e-01,2.002480030059814453e-01,-6.325574219226837158e-02,9.918551892042160034e-02,2.531917095184326172e-01,1.134607866406440735e-01,-2.751125581562519073e-02,1.677994579076766968e-01,2.825988233089447021e-01,2.381164431571960449e-01,2.255508303642272949e-01,8.495886623859405518e-02,-2.115411125123500824e-02,3.526877760887145996e-01,-8.638533204793930054e-02,4.363252818584442139e-01,4.894633591175079346e-01,2.594944238662719727e-01,2.792559862136840820e-01,3.633446693420410156e-01,2.317176163196563721e-01,1.579885184764862061e-01,2.676106058061122894e-02,5.440171062946319580e-02,-4.754266142845153809e-02,1.512621492147445679e-01,9.897179901599884033e-02,2.162678837776184082e-01,-7.384877651929855347e-02,1.362834721803665161e-01,-7.563052326440811157e-02,1.567114293575286865e-01,6.988973915576934814e-02,2.092288881540298462e-01,-1.245851293206214905e-01,1.865327209234237671e-01,-1.533923894166946411e-01,1.795142441987991333e-01,-6.353880465030670166e-02,9.852483868598937988e-02,-6.625271588563919067e-02,2.479937076568603516e-01,-1.788722574710845947e-01,9.418804943561553955e-02,-1.323988139629364014e-01,2.575514614582061768e-01,-1.994208842515945435e-01,2.447395175695419312e-01,-3.120374977588653564e-01,2.205680161714553833e-01,-2.289513945579528809e-01,3.667866811156272888e-02,9.828487411141395569e-03,3.936874493956565857e-02,1.059287488460540771e-01,1.875891983509063721e-01,1.489407122135162354e-01,2.148858606815338135e-01,5.921481177210807800e-02,1.219284534454345703e-01,5.616812035441398621e-02,1.709207296371459961e-01,1.965437531471252441e-01,1.145436912775039673e-01,-8.010417222976684570e-02,1.727437227964401245e-01,-2.264770865440368652e-01,1.629919558763504028e-01,1.065293848514556885e-01,1.912647634744644165e-01,-1.947665363550186157e-01,2.038829326629638672e-01,-1.724294503219425678e-03,1.533495187759399414e-01,-1.940043717622756958e-01,9.598238766193389893e-02,-2.367445267736911774e-02,6.655609607696533203e-02,1.368132978677749634e-02,1.372628509998321533e-01,-7.765936199575662613e-03,2.852822840213775635e-01,7.996822893619537354e-02,2.238075584173202515e-01,-6.986830383539199829e-02,1.321454793214797974e-01,-2.784709818661212921e-02,2.599493265151977539e-01,2.424799650907516479e-02,1.554971635341644287e-01,5.481621623039245605e-02,2.525150477886199951e-01,-1.387338503263890743e-03,1.044588908553123474e-01,8.273094147443771362e-02,1.264006942510604858e-01,1.955565214157104492e-01,1.273606568574905396e-01,8.221767842769622803e-02,8.399171382188796997e-02,-1.116828620433807373e-01
