1.000000119209289551e+00,4.850021898746490479e-01,3.666587769985198975e-01,2.389293015003204346e-01,-7.240723073482513428e-02,-2.523814141750335693e-01,3.154495656490325928e-01,4.628230631351470947e-02,-1.385952979326248169e-01,-1.677254587411880493e-01,2.915126681327819824e-01,-6.798561662435531616e-02,2.270459830760955811e-01,-2.425266504287719727e-01,-1.699241101741790771e-01,-3.715367317199707031e-01,4.859502315521240234e-01,2.305719852447509766e-01,5.973365902900695801e-01,4.823515117168426514e-01,-2.649640291929244995e-02,7.668989896774291992e-02,1.743339449167251587e-01,7.178264856338500977e-02,9.990144520998001099e-02,5.925475433468818665e-02,5.805646255612373352e-02,4.412065446376800537e-02,2.617577910423278809e-01,1.597531139850616455e-01,2.906750440597534180e-01,2.184875756502151489e-01,2.923895120620727539e-01,2.774649858474731445e-01,-6.123960018157958984e-02,-5.600532889366149902e-02,1.446308009326457977e-02,1.318442225456237793e-01,1.185769215226173401e-02,1.310596913099288940e-01,1.519164741039276123e-01,1.435479074716567993e-01,-1.264150887727737427e-01,-1.899356991052627563e-01,1.135829314589500427e-01,1.098478138446807861e-01,1.957970112562179565e-02,-8.309360593557357788e-02,5.104769021272659302e-02,-1.345163211226463318e-02,1.011942252516746521e-01,-8.381947129964828491e-02,1.983436644077301025e-01,9.998536854982376099e-02,8.962117135524749756e-02,2.084343694150447845e-02,6.435312032699584961e-01,4.460541903972625732e-01,3.085572719573974609e-01,1.772724986076354980e-01,1.755762994289398193e-01,-7.548040896654129028e-02,3.243935108184814453e-01,1.601570285856723785e-02,-8.276057243347167969e-02,-7.414735853672027588e-02,-5.901957303285598755e-02,3.226167336106300354e-02,4.749878644943237305e-01,3.289447426795959473e-01,3.041500225663185120e-02,1.715585142374038696e-01,1.636094897985458374e-01,3.444591164588928223e-01,2.186617404222488403e-01,-4.095543920993804932e-02,-1.247466951608657837e-01,-1.514182686805725098e-01,3.530837297439575195e-01,2.087989747524261475e-01,4.107971489429473877e-01,1.202402114868164062e-01,2.129473090171813965e-01,1.529151946306228638e-01,1.931706070899963379e-01,-8.359207212924957275e-02,1.929865628480911255e-01,1.840310990810394287e-01,1.284613758325576782e-01,-1.443934291601181030e-01,1.270359964109957218e-03,1.051320061087608337e-01,-3.517964109778404236e-02,-1.213894691318273544e-02,-4.715693742036819458e-02,-1.138576865196228027e-02,8.703801780939102173e-02,7.611519843339920044e-02,1.061508152633905411e-02,4.225259181112051010e-03,6.912517547607421875e-02,1.548286154866218567e-02,1.227122098207473755e-01,2.328449636697769165e-01,4.170698672533035278e-02,-2.472535520792007446e-02,-7.473944872617721558e-02,-8.327401429414749146e-02,2.148575708270072937e-02,-1.329728402197360992e-02,-5.611874163150787354e-02,-3.130233287811279297e-02,-1.346373185515403748e-02,-6.692669540643692017e-02,-1.188080161809921265e-01,-8.099146932363510132e-02
4.850021898746490479e-01,9.999999403953552246e-01,1.531895101070404053e-01,3.992739915847778320e-01,-1.386346220970153809e-01,-1.285722702741622925e-01,1.027577519416809082e-01,2.325181216001510620e-01,-1.540042757987976074e-01,-9.522713720798492432e-02,6.495537608861923218e-02,2.743616998195648193e-01,-6.908234208822250366e-03,9.523167461156845093e-02,-1.405663639307022095e-01,-1.006122529506683350e-01,4.024616479873657227e-01,4.703879356384277344e-01,4.818258583545684814e-01,6.855846643447875977e-01,-1.335156112909317017e-01,-7.185280323028564453e-02,4.159269481897354126e-02,1.693306863307952881e-01,-4.952435567975044250e-02,3.014848195016384125e-02,-1.091665774583816528e-01,-9.750740230083465576e-02,2.181576043367385864e-01,2.688667774200439453e-01,2.721700072288513184e-02,5.181631445884704590e-02,2.701713144779205322e-01,3.238005042076110840e-01,-1.008955836296081543e-01,-1.849405281245708466e-02,-4.548360779881477356e-02,7.276807725429534912e-02,-2.445557527244091034e-02,4.879259690642356873e-02,1.083264201879501343e-01,1.072842329740524292e-01,-1.783087402582168579e-01,-2.123476117849349976e-01,2.442310899496078491e-01,1.749091744422912598e-01,-3.436149284243583679e-02,-1.095837354660034180e-01,1.317454781383275986e-02,5.543790012598037720e-02,2.253236621618270874e-02,-2.635412290692329407e-02,1.750435084104537964e-01,1.613454520702362061e-01,5.782907828688621521e-03,2.237136475741863251e-02,5.438750982284545898e-01,6.910321712493896484e-01,2.248729467391967773e-01,2.938899695873260498e-01,6.839140504598617554e-02,1.390495002269744873e-01,1.963683217763900757e-01,2.644391655921936035e-01,-1.499883979558944702e-01,6.031878292560577393e-02,-1.044010743498802185e-02,4.721494764089584351e-02,5.290378928184509277e-01,4.841757118701934814e-01,-1.507252603769302368e-01,6.378883495926856995e-03,1.102372165769338608e-02,3.144061565399169922e-01,8.539634943008422852e-02,-7.833394408226013184e-02,-1.918615549802780151e-01,-2.153430879116058350e-01,4.230539202690124512e-01,3.495693504810333252e-01,4.177366495132446289e-01,3.952580094337463379e-01,9.988225251436233521e-02,2.275035083293914795e-01,6.954234093427658081e-02,1.605164706707000732e-01,1.622255146503448486e-01,8.929449319839477539e-02,8.935783058404922485e-03,4.600794613361358643e-02,1.064540073275566101e-01,1.976149082183837891e-01,5.081789195537567139e-02,5.042650178074836731e-02,-6.020274013280868530e-02,-6.488097831606864929e-03,5.155406892299652100e-02,4.082674905657768250e-02,-6.995316594839096069e-02,-3.833183646202087402e-02,8.436916023492813110e-02,3.849779441952705383e-02,1.398684829473495483e-01,1.712093651294708252e-01,2.758220955729484558e-02,-6.319503486156463623e-02,-9.838850051164627075e-02,-1.386868357658386230e-01,-1.930941641330718994e-02,-7.967089116573333740e-02,-8.199490606784820557e-02,1.008029282093048096e-02,-3.067214787006378174e-02,4.328515753149986267e-02,-4.130481928586959839e-02,-9.065458923578262329e-02
3.666587769985198975e-01,1.531895101070404053e-01,1.000000119209289551e+00,4.514991641044616699e-01,-1.359204947948455811e-01,-3.887568414211273193e-01,7.101171612739562988e-01,2.936872243881225586e-01,-1.849677711725234985e-01,-3.463768064975738525e-01,1.591921448707580566e-01,-1.242127195000648499e-01,3.264450728893280029e-01,-1.358409877866506577e-02,-1.186940893530845642e-01,-2.169536054134368896e-01,-6.676585972309112549e-02,-1.102925464510917664e-01,3.938927054405212402e-01,1.762805581092834473e-01,-1.346961408853530884e-01,-9.046332538127899170e-02,6.598273515701293945e-01,4.617581963539123535e-01,3.561218082904815674e-01,7.509607821702957153e-02,-2.076720148324966431e-01,-3.213547170162200928e-01,-1.315188419539481401e-04,-1.592269837856292725e-01,2.847154438495635986e-01,2.877812683582305908e-01,1.444615125656127930e-01,1.831205934286117554e-01,3.006703555583953857e-01,2.071181982755661011e-01,1.870789192616939545e-02,1.089153364300727844e-01,-7.585239410400390625e-02,-2.897871844470500946e-02,-1.183640435338020325e-01,-1.112241670489311218e-01,-2.399741671979427338e-03,1.775649376213550568e-03,-1.451852768659591675e-01,-1.175906807184219360e-01,5.613292381167411804e-02,3.505577147006988525e-02,-1.650890335440635681e-02,-2.307233586907386780e-02,4.171805456280708313e-02,-1.697403378784656525e-02,4.077019914984703064e-02,-7.838368415832519531e-02,-5.660295858979225159e-02,-1.513618379831314087e-01,5.309623852372169495e-02,5.452840030193328857e-02,8.490744233131408691e-02,8.325872570276260376e-02,9.377887099981307983e-02,7.554981112480163574e-02,-1.815814524888992310e-01,-1.102874726057052612e-01,4.450877010822296143e-01,3.566681146621704102e-01,1.671490669250488281e-01,2.701394073665142059e-02,5.086187645792961121e-02,2.650268748402595520e-02,5.341829359531402588e-02,1.346875727176666260e-01,-1.544970422983169556e-01,-2.429613843560218811e-02,-1.947092823684215546e-02,-1.168819069862365723e-01,2.057784944772720337e-01,1.118765994906425476e-01,-5.391668528318405151e-02,-1.099789962172508240e-01,-1.748351305723190308e-01,-2.898402214050292969e-01,-6.038153171539306641e-02,-1.751327961683273315e-01,2.284446954727172852e-01,-3.722129017114639282e-02,-7.114683091640472412e-02,-3.900317847728729248e-02,1.185609549283981323e-01,-1.663919836282730103e-01,1.035075634717941284e-01,1.524650156497955322e-01,9.997249394655227661e-02,3.305136263370513916e-01,-5.720243602991104126e-02,-1.148994863033294678e-01,4.297690000385046005e-03,-4.476419463753700256e-02,2.554581686854362488e-02,1.350610256195068359e-01,1.704156398773193359e-02,2.561118006706237793e-01,1.799604445695877075e-01,1.936397105455398560e-01,1.267608106136322021e-01,1.910449117422103882e-01,1.148679666221141815e-02,-9.223133325576782227e-03,-7.424507290124893188e-02,-1.678202860057353973e-02,1.504050791263580322e-01,4.616794362664222717e-02,-1.272963127121329308e-04,1.411025673151016235e-01,1.403075456619262695e-01,9.247987717390060425e-02
2.389293015003204346e-01,3.992739915847778320e-01,4.514991641044616699e-01,1.000000119209289551e+00,-2.103541940450668335e-01,-6.243035197257995605e-02,4.342540800571441650e-01,6.896500587463378906e-01,-2.323756963014602661e-01,-1.009171456098556519e-01,-4.378475248813629150e-02,1.593474894762039185e-01,1.797005534172058105e-02,1.690600663423538208e-01,-2.131415754556655884e-01,-6.195403635501861572e-02,-7.012367248535156250e-02,6.651404500007629395e-02,2.297214865684509277e-01,3.570979535579681396e-01,-2.103952616453170776e-01,-5.430871993303298950e-02,2.820793688297271729e-01,5.501622557640075684e-01,-2.314805611968040466e-02,-7.789126038551330566e-02,-2.982557117938995361e-01,-2.950619161128997803e-01,-2.856660634279251099e-03,-2.649663202464580536e-02,1.078778058290481567e-01,3.080802559852600098e-01,4.482507705688476562e-02,1.790593564510345459e-01,-9.227534756064414978e-03,8.364257961511611938e-02,-1.622156202793121338e-01,-8.324390649795532227e-02,-2.146079391241073608e-01,-2.220769077539443970e-01,-1.422175914049148560e-01,-9.907330572605133057e-02,-1.443805396556854248e-01,-1.203929036855697632e-01,-1.648580580949783325e-01,-1.640421003103256226e-01,-1.145549640059471130e-01,-1.078353300690650940e-01,-2.331161871552467346e-02,-1.005848050117492676e-01,-1.079626567661762238e-02,-4.613622277975082397e-02,8.344103395938873291e-02,2.687590569257736206e-02,-1.536949276924133301e-01,-1.688160896301269531e-01,8.060757815837860107e-02,1.958997845649719238e-01,1.087300926446914673e-01,2.207051068544387817e-01,8.751168847084045410e-02,3.865705728530883789e-01,-2.850541472434997559e-02,1.607812941074371338e-01,2.144991755485534668e-01,3.877041637897491455e-01,-3.659519925713539124e-02,-2.237483859062194824e-03,7.001054286956787109e-02,-9.986465738620609045e-05,-7.650101929903030396e-02,1.970762461423873901e-01,-1.082234084606170654e-01,7.395265251398086548e-02,-8.646957576274871826e-02,-5.397207662463188171e-02,-4.929044283926486969e-03,-2.475271187722682953e-02,7.396994624286890030e-03,-9.769991040229797363e-02,-4.259967803955078125e-02,-6.897130515426397324e-04,-1.342763006687164307e-01,1.658542826771736145e-02,-7.505197823047637939e-02,1.298192888498306274e-01,-1.251957863569259644e-01,-3.316599503159523010e-02,-5.744475498795509338e-02,5.735076218843460083e-02,2.137633115053176880e-01,4.517028480768203735e-02,2.639092504978179932e-01,1.712376028299331665e-01,-1.319410055875778198e-01,-1.600002944469451904e-01,-1.319351941347122192e-01,-9.154787659645080566e-02,-2.199729159474372864e-02,1.071204543113708496e-01,1.876743584871292114e-01,2.640302479267120361e-01,2.254161387681961060e-01,3.174877464771270752e-01,1.154645830392837524e-01,4.347125440835952759e-02,-1.967065595090389252e-02,-1.937438249588012695e-01,-1.268814057111740112e-01,-1.345504820346832275e-01,-1.951599679887294769e-02,-3.756045922636985779e-02,4.611795768141746521e-03,9.774991869926452637e-02,5.995940789580345154e-02,-3.411808609962463379e-02
-7.240723073482513428e-02,-1.386346220970153809e-01,-1.359204947948455811e-01,-2.103541940450668335e-01,9.999997615814208984e-01,5.404773354530334473e-01,-1.308360546827316284e-01,-2.095941156148910522e-01,6.396652460098266602e-01,4.581600725650787354e-01,2.301179319620132446e-01,2.504409290850162506e-02,1.440589278936386108e-01,3.533313749358057976e-03,5.904551744461059570e-01,3.163744509220123291e-01,1.512531191110610962e-01,-3.492916002869606018e-02,-2.574781328439712524e-02,5.617636721581220627e-03,2.404230386018753052e-01,2.539814710617065430e-01,6.286283582448959351e-02,-8.222661167383193970e-02,2.496837526559829712e-01,4.209169149398803711e-01,5.449749827384948730e-01,5.744342207908630371e-01,1.717265993356704712e-01,1.931315660476684570e-01,2.996570169925689697e-01,2.145841419696807861e-01,4.630507156252861023e-02,7.123577874153852463e-03,1.744280159473419189e-01,7.880191504955291748e-02,1.890914142131805420e-01,1.031972616910934448e-01,2.610222101211547852e-01,2.301356494426727295e-01,1.306785941123962402e-01,1.544268727302551270e-01,1.009599119424819946e-01,6.441649049520492554e-02,1.370639912784099579e-02,2.165555022656917572e-02,9.449313580989837646e-02,2.735013701021671295e-02,-3.773333132266998291e-02,7.969425059854984283e-03,1.124419048428535461e-01,4.348178952932357788e-02,7.518130540847778320e-02,4.140159115195274353e-02,1.875327378511428833e-01,2.662866115570068359e-01,-3.810508642345666885e-03,-7.879816740751266479e-02,1.372149586677551270e-01,1.036947499960660934e-02,2.436628639698028564e-01,9.045806713402271271e-03,2.007606178522109985e-01,4.207405820488929749e-02,7.439721375703811646e-02,-9.840653091669082642e-02,2.167971134185791016e-01,2.042596489191055298e-01,3.056678734719753265e-02,6.983009725809097290e-02,2.657077610492706299e-01,2.035799175500869751e-01,2.847823500633239746e-01,2.250861227512359619e-01,3.601270318031311035e-01,1.721727102994918823e-01,1.530375629663467407e-01,1.627133786678314209e-01,2.035060338675975800e-02,-2.531733177602291107e-02,1.853685081005096436e-02,-9.903959184885025024e-02,2.076944559812545776e-01,7.997509092092514038e-02,1.998494416475296021e-01,3.757630661129951477e-02,3.820207417011260986e-01,2.822130322456359863e-01,3.951471149921417236e-01,3.233390152454376221e-01,5.362521857023239136e-02,1.560612320899963379e-01,7.994005829095840454e-02,1.926441788673400879e-01,2.168058007955551147e-01,1.727112829685211182e-01,1.816796809434890747e-01,1.995931565761566162e-01,1.187309250235557556e-01,1.225272193551063538e-01,1.610478386282920837e-02,4.341116920113563538e-02,5.563522130250930786e-02,7.291667163372039795e-03,2.289539128541946411e-01,1.370974183082580566e-01,1.425877213478088379e-01,3.991960734128952026e-02,-6.373795121908187866e-02,1.187372803688049316e-01,9.950619935989379883e-02,2.024466991424560547e-01,1.580533683300018311e-01,4.323367029428482056e-02,5.337124317884445190e-02,-1.375853316858410835e-03
-2.523814141750335693e-01,-1.285722702741622925e-01,-3.887568414211273193e-01,-6.243035197257995605e-02,5.404773354530334473e-01,9.999995827674865723e-01,-3.199702203273773193e-01,3.527413308620452881e-02,5.840151906013488770e-01,7.073053121566772461e-01,9.119005501270294189e-02,3.033888638019561768e-01,-4.946317896246910095e-02,2.985334694385528564e-01,5.366131067276000977e-01,6.114427447319030762e-01,6.867454200983047485e-02,5.085312202572822571e-02,-1.681025326251983643e-01,-3.067679889500141144e-02,2.409404665231704712e-01,2.327570468187332153e-01,-1.524408459663391113e-01,2.342824358493089676e-03,-1.222449820488691330e-03,2.525699734687805176e-01,3.313322961330413818e-01,4.377575516700744629e-01,1.572851091623306274e-01,2.693777680397033691e-01,3.871797770261764526e-02,1.507649570703506470e-01,-1.607550121843814850e-02,4.008156806230545044e-02,-2.644944004714488983e-02,4.404074326157569885e-02,1.160989478230476379e-01,-6.872367858886718750e-02,1.613219827413558960e-01,7.767557352781295776e-02,1.123616918921470642e-01,1.222930252552032471e-01,2.043107300996780396e-01,1.649291813373565674e-01,-1.045437678694725037e-01,-9.800651669502258301e-02,3.405027836561203003e-02,4.574888944625854492e-02,-1.458813529461622238e-02,-6.460206955671310425e-02,7.572676986455917358e-02,9.901972860097885132e-02,2.916534058749675751e-02,2.733958140015602112e-02,1.414304673671722412e-01,2.416084706783294678e-01,-1.619831919670104980e-01,-8.331426233053207397e-02,9.911814332008361816e-02,6.340895593166351318e-02,2.512302398681640625e-01,2.724379897117614746e-01,1.941879391670227051e-01,2.771569788455963135e-01,-6.012700870633125305e-02,5.902159959077835083e-03,7.521846145391464233e-02,1.431059390306472778e-01,-1.104253008961677551e-01,-9.129372239112854004e-02,1.195371150970458984e-01,2.445613443851470947e-01,1.817564666271209717e-01,1.931343376636505127e-01,2.137467414140701294e-01,1.775166094303131104e-01,1.366185694932937622e-01,1.610443592071533203e-01,-6.303974241018295288e-02,-1.105050072073936462e-01,-3.588796779513359070e-02,5.410562083125114441e-02,1.886283606290817261e-02,1.830666065216064453e-01,-6.724951416254043579e-02,1.760890483856201172e-01,1.757006645202636719e-01,1.513226479291915894e-01,1.978764832019805908e-01,4.890528917312622070e-01,2.156890481710433960e-01,2.028101682662963867e-02,3.205819427967071533e-01,8.005680143833160400e-02,1.626178026199340820e-01,1.420554816722869873e-01,1.187497302889823914e-01,1.669408828020095825e-01,2.236538231372833252e-01,2.376023977994918823e-01,1.840119063854217529e-01,1.058159545063972473e-01,8.091037720441818237e-02,9.572055190801620483e-03,2.202579081058502197e-01,1.490171700716018677e-01,1.719749271869659424e-01,9.114614687860012054e-03,-2.765979617834091187e-02,1.355451941490173340e-01,1.577566862106323242e-01,2.327420562505722046e-01,2.105402648448944092e-01,1.867119520902633667e-01,1.982159465551376343e-01,4.772880580276250839e-03
3.154495656490325928e-01,1.027577519416809082e-01,7.101171612739562988e-01,4.342540800571441650e-01,-1.308360546827316284e-01,-3.199702203273773193e-01,1.000000238418579102e+00,4.509619176387786865e-01,-1.705870777368545532e-01,-3.402437567710876465e-01,3.095963001251220703e-01,1.881231740117073059e-02,4.725112020969390869e-01,5.363323912024497986e-02,-1.888127475976943970e-01,-2.722494304180145264e-01,-8.332692831754684448e-02,-1.512670516967773438e-01,2.693060636520385742e-01,9.772899746894836426e-02,-2.082425951957702637e-01,-7.749000191688537598e-02,3.619185984134674072e-01,2.316681593656539917e-01,3.175284713506698608e-02,-8.358439058065414429e-02,-2.850294709205627441e-01,-3.182743191719055176e-01,9.326235204935073853e-02,-1.110098436474800110e-01,1.618980467319488525e-01,1.933023929595947266e-01,9.647273272275924683e-02,1.145363152027130127e-01,5.492462590336799622e-02,2.152813225984573364e-02,-1.163437813520431519e-01,6.267670542001724243e-03,-1.609270423650741577e-01,-1.139710322022438049e-01,-1.165328621864318848e-01,-1.140665858983993530e-01,5.341673642396926880e-02,3.939099982380867004e-02,-4.079518467187881470e-02,-5.669035762548446655e-02,6.233119964599609375e-02,4.101259633898735046e-02,1.703404448926448822e-02,5.974800512194633484e-02,1.010273303836584091e-02,3.224769234657287598e-02,-3.654709085822105408e-02,-7.497145235538482666e-02,-1.406901329755783081e-01,-1.658025532960891724e-01,-2.347422018647193909e-02,-7.579492032527923584e-02,4.594001546502113342e-02,9.019608795642852783e-02,2.714207768440246582e-01,1.871094405651092529e-01,-2.726301923394203186e-02,9.876408427953720093e-02,3.158298432826995850e-01,2.212984859943389893e-01,2.031633257865905762e-01,4.828634485602378845e-02,-1.320480108261108398e-01,-1.282425820827484131e-01,9.717511385679244995e-02,5.981045588850975037e-02,-3.343431279063224792e-02,-1.369322929531335831e-02,-5.644471384584903717e-03,2.733517996966838837e-02,1.874276548624038696e-01,1.121542975306510925e-01,-1.180300265550613403e-01,-1.933186799287796021e-01,-1.973144710063934326e-01,-3.031707704067230225e-01,-1.092157810926437378e-01,-2.315637320280075073e-01,4.473857954144477844e-02,-1.623164564371109009e-01,-1.694811284542083740e-01,-1.778873056173324585e-01,1.488170623779296875e-01,-1.828431785106658936e-01,-5.605758354067802429e-02,-4.538894630968570709e-03,-1.855973526835441589e-02,1.599771082401275635e-01,-4.657346010208129883e-02,-1.545591354370117188e-01,1.198000740259885788e-02,-9.556247293949127197e-02,4.902463033795356750e-02,8.005707710981369019e-02,7.893054932355880737e-02,3.433865904808044434e-01,1.583801507949829102e-01,2.116974145174026489e-01,1.534076035022735596e-01,1.838966310024261475e-01,1.659221202135086060e-02,7.001670543104410172e-03,-4.266213253140449524e-02,-3.338007256388664246e-02,7.057925313711166382e-02,2.759790420532226562e-02,-1.213945746421813965e-01,8.966699987649917603e-02,1.218784525990486145e-01,1.284602880477905273e-01
4.628230631351470947e-02,2.325181216001510620e-01,2.936872243881225586e-01,6.896500587463378906e-01,-2.095941156148910522e-01,3.527413308620452881e-02,4.509619176387786865e-01,1.000000119209289551e+00,-1.831205934286117554e-01,-4.263188689947128296e-02,-1.195160392671823502e-02,3.879924118518829346e-01,5.007968842983245850e-02,3.785198628902435303e-01,-1.820752471685409546e-01,8.046802878379821777e-02,-2.580035030841827393e-01,-5.105597525835037231e-02,4.162178933620452881e-02,1.121613234281539917e-01,-2.094755470752716064e-01,-6.814488023519515991e-02,8.516027778387069702e-02,4.031725823879241943e-01,-2.431949228048324585e-01,-1.950544118881225586e-01,-3.547732830047607422e-01,-3.046408891677856445e-01,-8.222468942403793335e-02,-2.779487520456314087e-02,-8.850909024477005005e-02,1.284397542476654053e-01,-1.481376737356185913e-01,3.751316573470830917e-03,-2.027420550584793091e-01,-3.717594966292381287e-02,-2.688511013984680176e-01,-2.076565623283386230e-01,-3.007246255874633789e-01,-3.199220597743988037e-01,-2.470498830080032349e-01,-2.092481404542922974e-01,1.610936596989631653e-02,2.885809727013111115e-02,-1.894551813602447510e-01,-2.009654194116592407e-01,-7.427550852298736572e-02,-2.295042015612125397e-02,2.714744955301284790e-02,9.075079113245010376e-03,-8.722570538520812988e-02,2.981865778565406799e-02,-5.713108554482460022e-02,-8.920321613550186157e-02,-2.633436322212219238e-01,-2.494535595178604126e-01,-1.529176831245422363e-01,-1.316060405224561691e-02,1.020383015275001526e-01,2.881866991519927979e-01,2.876715362071990967e-01,6.155147552490234375e-01,-1.163661926984786987e-01,2.226126939058303833e-01,2.075085341930389404e-01,4.125104248523712158e-01,-2.991877868771553040e-02,-2.145249210298061371e-02,-2.090787589550018311e-01,-2.506334483623504639e-01,-1.281502544879913330e-01,4.844323173165321350e-02,-1.612824052572250366e-01,-6.515112519264221191e-02,-1.386766135692596436e-01,1.205648668110370636e-02,7.026310265064239502e-02,4.389168694615364075e-02,-1.861018240451812744e-01,-2.522270381450653076e-01,-2.646603882312774658e-01,-1.311413943767547607e-01,-3.504240512847900391e-01,-1.403059810400009155e-01,-2.862064540386199951e-01,1.174656301736831665e-01,-3.218044638633728027e-01,-2.271902263164520264e-01,-8.871775865554809570e-02,8.131339401006698608e-02,7.199271023273468018e-02,-1.306138336658477783e-01,1.927965879440307617e-01,3.966903686523437500e-02,-9.513089060783386230e-02,-1.974867135286331177e-01,-1.285386085510253906e-01,-1.089678257703781128e-01,-2.436907030642032623e-02,6.951165199279785156e-02,2.092792987823486328e-01,3.000000417232513428e-01,1.537761688232421875e-01,2.359718382358551025e-01,8.884419500827789307e-02,7.978941500186920166e-02,4.900408908724784851e-02,-1.508980393409729004e-01,-6.557354331016540527e-02,-8.407136052846908569e-02,1.895355992019176483e-02,-4.907717555761337280e-02,-9.395129233598709106e-02,8.908717334270477295e-02,8.554556220769882202e-02,5.906248837709426880e-02
-1.385952979326248169e-01,-1.540042757987976074e-01,-1.849677711725234985e-01,-2.323756963014602661e-01,6.396652460098266602e-01,5.840151906013488770e-01,-1.705870777368545532e-01,-1.831205934286117554e-01,9.999999403953552246e-01,6.383649706840515137e-01,2.040836513042449951e-01,8.016116917133331299e-02,1.236414760351181030e-01,3.596180677413940430e-02,5.449829697608947754e-01,3.623351156711578369e-01,2.199220955371856689e-01,8.871779590845108032e-02,-1.757260411977767944e-02,2.769715152680873871e-02,2.057806402444839478e-01,1.606526523828506470e-01,9.911430068314075470e-03,-9.329325705766677856e-02,1.270093619823455811e-01,2.870930135250091553e-01,3.711400628089904785e-01,4.323815405368804932e-01,2.095353156328201294e-01,1.932338178157806396e-01,1.480604410171508789e-01,8.258555084466934204e-02,1.025818809866905212e-01,9.437912702560424805e-02,1.322578340768814087e-01,4.057919606566429138e-02,2.685891985893249512e-01,7.281656563282012939e-02,2.675552666187286377e-01,1.996584683656692505e-01,1.374678164720535278e-01,1.607653647661209106e-01,1.124062165617942810e-01,4.709256812930107117e-02,-1.582615636289119720e-02,-4.516762122511863708e-02,4.689329117536544800e-02,-1.190253999084234238e-02,-1.225241944193840027e-01,-7.622387260198593140e-02,1.234539747238159180e-01,5.123538151383399963e-02,1.804539375007152557e-02,-5.386455450206995010e-03,2.252140343189239502e-01,2.302619963884353638e-01,3.665004624053835869e-04,-4.965874925255775452e-02,1.399659067392349243e-01,-5.197005346417427063e-02,3.197327256202697754e-01,4.446290805935859680e-02,2.452214658260345459e-01,1.259041875600814819e-01,3.976580686867237091e-03,-5.031230300664901733e-02,1.517778337001800537e-01,1.968657076358795166e-01,1.012315694242715836e-02,4.878108575940132141e-02,2.228759527206420898e-01,1.291573941707611084e-01,1.625881791114807129e-01,1.289158463478088379e-01,2.249743044376373291e-01,1.976842582225799561e-01,1.026042476296424866e-01,1.297167539596557617e-01,7.747990638017654419e-02,3.151197358965873718e-02,7.379522174596786499e-02,2.585225552320480347e-02,9.067291766405105591e-02,8.669762313365936279e-02,1.824819296598434448e-01,8.147862553596496582e-02,2.865178585052490234e-01,1.739200502634048462e-01,4.233819246292114258e-01,3.764443099498748779e-01,2.082214504480361938e-01,1.759380847215652466e-01,2.819780707359313965e-01,1.775536835193634033e-01,2.237005531787872314e-01,1.629013270139694214e-01,2.102265805006027222e-01,1.602680832147598267e-01,2.354611903429031372e-01,2.277141809463500977e-01,1.473257243633270264e-01,1.540552973747253418e-01,4.868367686867713928e-02,-5.812623351812362671e-02,2.861179113388061523e-01,1.953978091478347778e-01,1.043888702988624573e-01,1.353558152914047241e-01,-2.294474281370639801e-02,1.714448481798171997e-01,1.733813285827636719e-01,2.897068560123443604e-01,2.553398609161376953e-01,1.650445312261581421e-01,1.779571920633316040e-01,9.845466911792755127e-02
-1.677254587411880493e-01,-9.522713720798492432e-02,-3.463768064975738525e-01,-1.009171456098556519e-01,4.581600725650787354e-01,7.073053121566772461e-01,-3.402437567710876465e-01,-4.263188689947128296e-02,6.383649706840515137e-01,9.999998211860656738e-01,4.989007115364074707e-02,8.803493529558181763e-02,-6.587634235620498657e-02,4.135731980204582214e-02,5.051546096801757812e-01,3.905709981918334961e-01,1.469699293375015259e-01,7.024708390235900879e-02,-1.120262071490287781e-01,1.908059045672416687e-02,1.665704697370529175e-01,1.505122333765029907e-01,-1.373451203107833862e-01,-3.663801401853561401e-02,8.461946708848699927e-05,1.414284408092498779e-01,3.639595508575439453e-01,4.431784451007843018e-01,8.559370040893554688e-02,9.940148890018463135e-02,-1.357455551624298096e-02,5.553994700312614441e-02,4.099868703633546829e-03,3.846568986773490906e-02,-8.088956028223037720e-02,-8.584196865558624268e-02,1.656355857849121094e-01,-6.777962297201156616e-02,1.451856046915054321e-01,8.433897048234939575e-02,1.141015514731407166e-01,1.172439754009246826e-01,-2.038689889013767242e-02,-7.781051099300384521e-02,-9.517135471105575562e-02,-1.379679590463638306e-01,-1.549516022205352783e-01,-1.660841703414916992e-01,-1.345107853412628174e-01,-1.654276996850967407e-01,2.368026226758956909e-02,9.074137546122074127e-03,1.753753167577087879e-03,2.614404261112213135e-02,1.088812500238418579e-01,1.664744019508361816e-01,-1.590133830904960632e-02,1.659413613379001617e-02,1.097001880407333374e-01,-1.593115553259849548e-02,2.502029538154602051e-01,1.124215647578239441e-01,2.335488200187683105e-01,1.464868336915969849e-01,-1.048990339040756226e-01,-6.672068685293197632e-02,-6.753592938184738159e-02,9.045650251209735870e-03,3.499155119061470032e-02,2.352707274258136749e-02,6.586510688066482544e-02,2.872110307216644287e-01,1.191198006272315979e-01,1.413851678371429443e-01,1.368006914854049683e-01,1.440996974706649780e-01,-5.729344859719276428e-02,-4.137923195958137512e-02,1.750468090176582336e-02,-4.053383320569992065e-02,1.208724454045295715e-01,1.370813995599746704e-01,3.324903547763824463e-02,1.875551342964172363e-01,1.282147597521543503e-02,1.315254718065261841e-01,2.230516970157623291e-01,2.492118626832962036e-01,2.933869063854217529e-01,4.381609559059143066e-01,1.996186673641204834e-01,1.263012290000915527e-01,3.084818720817565918e-01,9.763658046722412109e-02,1.062362790107727051e-01,9.868648648262023926e-02,7.517810910940170288e-02,7.153275609016418457e-02,1.236272826790809631e-01,1.416471153497695923e-01,1.216999813914299011e-01,5.659142881631851196e-02,3.315156791359186172e-03,-6.337706744670867920e-02,8.719848096370697021e-02,4.110312461853027344e-02,7.917030015960335732e-04,-8.955103345215320587e-03,-1.129977218806743622e-02,1.195700243115425110e-01,3.292753919959068298e-02,1.417880058288574219e-01,1.555704474449157715e-01,6.715913116931915283e-02,4.397714510560035706e-02,-3.117272630333900452e-02
2.915126681327819824e-01,6.495537608861923218e-02,1.591921448707580566e-01,-4.378475248813629150e-02,2.301179319620132446e-01,9.119005501270294189e-02,3.095963001251220703e-01,-1.195160392671823502e-02,2.040836513042449951e-01,4.989007115364074707e-02,1.000000119209289551e+00,2.332691997289657593e-01,6.653521656990051270e-01,9.862516820430755615e-02,2.617406249046325684e-01,1.318575162440538406e-02,2.966713905334472656e-01,1.113576740026473999e-01,2.990782260894775391e-01,1.611561477184295654e-01,-5.345381423830986023e-02,6.378266960382461548e-02,9.364641457796096802e-02,-6.254069507122039795e-02,-1.378758111968636513e-03,9.956690669059753418e-02,2.175915613770484924e-02,8.502822369337081909e-02,4.687401652336120605e-01,1.600664556026458740e-01,1.886833757162094116e-01,1.588235348463058472e-01,1.688588410615921021e-01,8.954509347677230835e-02,-1.133383214473724365e-01,-1.049673780798912048e-01,2.268163673579692841e-02,3.659455105662345886e-02,3.284807503223419189e-02,1.560485661029815674e-01,1.528510749340057373e-01,1.440192461013793945e-01,1.169168800115585327e-01,2.310943976044654846e-02,1.509384810924530029e-01,1.350687891244888306e-01,1.367420554161071777e-01,5.901419371366500854e-02,3.811233118176460266e-02,5.739101767539978027e-02,6.875053048133850098e-02,-3.574832156300544739e-02,3.788584843277931213e-02,2.509476989507675171e-02,1.540974080562591553e-01,1.145190596580505371e-01,8.153400570154190063e-02,1.211883593350648880e-02,9.707312285900115967e-02,1.784139499068260193e-02,3.267736136913299561e-01,2.482916414737701416e-02,2.579260170459747314e-01,1.847467124462127686e-01,4.056010767817497253e-02,-1.743481010198593140e-01,3.723013028502464294e-02,1.633342728018760681e-02,1.566668972373008728e-02,1.949376426637172699e-02,3.649823665618896484e-01,2.168627530336380005e-01,3.607776463031768799e-01,2.921669781208038330e-01,2.409393042325973511e-01,1.585132032632827759e-01,7.776245474815368652e-02,8.088377118110656738e-02,8.855941146612167358e-02,9.348293393850326538e-02,1.541429907083511353e-01,-1.550415810197591782e-02,2.566028833389282227e-01,1.454164087772369385e-01,2.106059640645980835e-01,-1.057032048702239990e-01,1.285981088876724243e-01,-5.561077967286109924e-03,2.623268365859985352e-01,4.356334917247295380e-03,-3.256693482398986816e-02,-2.837443165481090546e-02,-5.508188158273696899e-03,-3.249811008572578430e-02,-1.706051640212535858e-02,5.393704026937484741e-02,1.252487897872924805e-01,5.621931329369544983e-02,1.645315736532211304e-01,4.386783763766288757e-02,1.368532329797744751e-01,1.565743088722229004e-01,1.815031915903091431e-01,9.113971889019012451e-02,1.905867457389831543e-01,1.014876514673233032e-01,6.137436628341674805e-02,1.883233524858951569e-02,-3.875271603465080261e-02,-2.249807491898536682e-02,1.946504600346088409e-02,1.396865099668502808e-01,2.047598920762538910e-02,1.288816481828689575e-01,1.666754037141799927e-01,1.990946196019649506e-02
-6.798561662435531616e-02,2.743616998195648193e-01,-1.242127195000648499e-01,1.593474894762039185e-01,2.504409290850162506e-02,3.033888638019561768e-01,1.881231740117073059e-02,3.879924118518829346e-01,8.016116917133331299e-02,8.803493529558181763e-02,2.332691997289657593e-01,1.000000000000000000e+00,1.040966138243675232e-01,7.122271060943603516e-01,1.199423074722290039e-01,4.633528590202331543e-01,6.981830112636089325e-03,2.419444024562835693e-01,6.900701671838760376e-02,2.197010666131973267e-01,-3.639970719814300537e-02,-4.633091390132904053e-03,-4.239999875426292419e-02,1.613744050264358521e-01,-1.697041243314743042e-01,9.796984493732452393e-02,-1.558385789394378662e-01,-5.260888859629631042e-02,2.329601198434829712e-01,3.721971213817596436e-01,-7.136178016662597656e-02,6.620047241449356079e-02,2.358788438141345978e-02,8.527565002441406250e-02,-2.019541859626770020e-01,-2.440687268972396851e-03,-1.034455746412277222e-01,-1.785043627023696899e-01,-4.980238527059555054e-02,-5.012251064181327820e-02,1.728811673820018768e-02,-3.071925044059753418e-02,2.507176101207733154e-01,2.098640948534011841e-01,4.384243860840797424e-02,-3.270237240940332413e-03,1.454083472490310669e-01,1.514058411121368408e-01,4.777052253484725952e-02,2.596402540802955627e-02,6.637687329202890396e-03,5.710630118846893311e-02,-3.224287927150726318e-02,-2.809428609907627106e-02,-3.439590707421302795e-02,-2.789817191660404205e-02,-1.015116721391677856e-01,6.009314209222793579e-02,1.002856492996215820e-01,1.569703817367553711e-01,2.748375833034515381e-01,4.207327663898468018e-01,9.232261031866073608e-02,3.896075785160064697e-01,-6.053014472126960754e-02,1.153251677751541138e-01,1.226907223463058472e-01,7.340595126152038574e-02,-9.594044089317321777e-02,-4.959524422883987427e-02,-3.162129223346710205e-02,-6.422591954469680786e-02,7.893191277980804443e-02,1.389637738466262817e-01,7.464864104986190796e-02,1.041746065020561218e-01,1.423486322164535522e-01,1.576963365077972412e-01,2.590599842369556427e-02,1.967304199934005737e-02,-1.639123633503913879e-02,1.536352187395095825e-01,-7.027825713157653809e-02,1.363853961229324341e-01,-1.508786380290985107e-01,2.790708243846893311e-01,-5.564459785819053650e-02,-1.125931963324546814e-01,-3.704293444752693176e-02,1.566813141107559204e-01,6.042952463030815125e-02,-3.913636133074760437e-02,1.308449506759643555e-01,-3.508852794766426086e-02,2.485960954800248146e-03,2.806016243994235992e-02,7.122687250375747681e-02,1.042115911841392517e-01,1.269540786743164062e-01,1.215914264321327209e-01,1.809172481298446655e-01,1.691784113645553589e-01,1.454460024833679199e-01,1.068672612309455872e-01,1.235093697905540466e-01,7.403726130723953247e-02,1.642644256353378296e-01,-1.222962699830532074e-02,1.399421831592917442e-03,-6.336306780576705933e-02,1.173044741153717041e-01,1.710943132638931274e-01,4.278666526079177856e-02,2.487767934799194336e-01,2.371092736721038818e-01,1.440026611089706421e-01
2.270459830760955811e-01,-6.908234208822250366e-03,3.264450728893280029e-01,1.797005534172058105e-02,1.440589278936386108e-01,-4.946317896246910095e-02,4.725112020969390869e-01,5.007968842983245850e-02,1.236414760351181030e-01,-6.587634235620498657e-02,6.653521656990051270e-01,1.040966138243675232e-01,9.999997615814208984e-01,1.436336338520050049e-01,2.661188244819641113e-01,-8.511324226856231689e-02,1.700976788997650146e-01,5.618197098374366760e-02,2.442677170038223267e-01,1.041957512497901917e-01,-8.259179443120956421e-02,-1.345649641007184982e-02,2.097543478012084961e-01,-4.021663218736648560e-03,9.641563892364501953e-02,9.675700962543487549e-02,-8.271193131804466248e-03,-2.184602431952953339e-03,3.311400711536407471e-01,8.464485406875610352e-02,2.358799427747726440e-01,1.765196025371551514e-01,1.550610810518264771e-01,6.022965162992477417e-02,-1.052985899150371552e-02,-1.078344956040382385e-01,4.217000212520360947e-03,3.754806146025657654e-02,4.566262289881706238e-02,9.765196591615676880e-02,1.378372460603713989e-01,5.051228031516075134e-02,7.852671295404434204e-02,2.014774084091186523e-02,1.453364491462707520e-01,1.151606887578964233e-01,1.071710065007209778e-01,3.966808691620826721e-02,1.091268658638000488e-02,6.250763684511184692e-02,-1.881071180105209351e-02,-1.321079023182392120e-02,-8.739645034074783325e-02,-2.991508133709430695e-02,1.253601163625717163e-02,1.322885602712631226e-02,3.128998354077339172e-02,-3.704616427421569824e-02,-1.215720913023687899e-04,-3.753052651882171631e-02,2.688159048557281494e-01,-6.696919910609722137e-03,1.516225636005401611e-01,1.326674222946166992e-01,1.755750030279159546e-01,-2.709541842341423035e-02,6.379056721925735474e-02,-4.550906643271446228e-02,-3.881775960326194763e-02,-6.981475744396448135e-03,3.413051068782806396e-01,1.824571043252944946e-01,2.430777698755264282e-01,1.817496716976165771e-01,1.668755561113357544e-01,1.038295030593872070e-01,9.204778075218200684e-02,3.099277056753635406e-02,2.564478293061256409e-02,4.037958383560180664e-02,6.668633222579956055e-02,-5.407956987619400024e-02,2.174055427312850952e-01,4.478736221790313721e-02,2.880765199661254883e-01,-7.165815681219100952e-02,1.213997751474380493e-01,-1.910848222905769944e-04,3.377583324909210205e-01,1.519204489886760712e-02,-7.822217047214508057e-02,3.931979881599545479e-04,1.064793686964549124e-04,7.927432656288146973e-02,-4.034488275647163391e-02,-2.151256613433361053e-02,1.265952587127685547e-01,1.836892403662204742e-02,7.113153487443923950e-02,1.163427345454692841e-02,1.068131327629089355e-01,2.654850780963897705e-01,1.923446208238601685e-01,1.652045398950576782e-01,1.673089861869812012e-01,1.113757491111755371e-01,2.774666994810104370e-02,1.860111579298973083e-02,-3.729501366615295410e-02,3.789622132899239659e-05,3.584391670301556587e-03,7.774372398853302002e-02,-3.150400519371032715e-02,9.400916099548339844e-02,1.232324913144111633e-01,7.736995816230773926e-02
