1.000000476837158203e+00,3.526392281055450439e-01,-3.353050053119659424e-01,1.601781845092773438e-01,3.318991512060165405e-02,-6.411480903625488281e-02,-4.750480055809020996e-01,6.809594482183456421e-02,-8.776684105396270752e-02,-8.440526574850082397e-02,3.174664676189422607e-01,1.446401476860046387e-01,-4.015185236930847168e-01,4.041617736220359802e-02,-2.014192789793014526e-01,-1.390030956827104092e-03,6.759136319160461426e-01,3.533778488636016846e-01,2.601255178451538086e-01,2.228731960058212280e-01,1.379641890525817871e-01,-1.115513220429420471e-02,-2.034455537796020508e-01,3.990531899034976959e-03,-2.629839628934860229e-02,-1.883668825030326843e-02,-3.135143592953681946e-02,-1.098987311124801636e-01,5.164745450019836426e-01,1.220779567956924438e-01,-1.743177175521850586e-01,-1.778551638126373291e-01,4.900664389133453369e-01,4.455362856388092041e-01,1.998680979013442993e-01,1.828997880220413208e-01,3.472066521644592285e-01,1.594484150409698486e-01,4.828957617282867432e-01,2.605707049369812012e-01,3.868561983108520508e-01,6.516222655773162842e-02,2.028076052665710449e-01,2.348507195711135864e-01,7.061797380447387695e-02,4.438824951648712158e-02,3.604062497615814209e-01,3.253961205482482910e-01,1.958192288875579834e-01,1.079083606600761414e-01,1.890840828418731689e-01,1.143216714262962341e-01,1.298402547836303711e-01,1.622604280710220337e-01,3.873232901096343994e-01,3.442088067531585693e-01,6.376238465309143066e-01,3.803108036518096924e-01,8.158838003873825073e-02,3.006162941455841064e-01,1.701755970716476440e-01,1.732009351253509521e-01,1.664961129426956177e-01,1.997176110744476318e-01,8.402554690837860107e-02,1.941907852888107300e-01,4.044421315193176270e-01,4.037462770938873291e-01,3.400784730911254883e-01,1.671844720840454102e-01,9.435755014419555664e-02,8.551265299320220947e-02,3.800408244132995605e-01,5.794725567102432251e-02,2.712856531143188477e-01,1.764061003923416138e-01,-4.944981634616851807e-01,-3.481523990631103516e-01,6.141129732131958008e-01,2.074115425348281860e-01,5.844259262084960938e-01,3.066921532154083252e-01,6.037651747465133667e-02,-1.458303071558475494e-02,3.386966884136199951e-01,2.201016843318939209e-01,2.507279813289642334e-02,-7.357315719127655029e-02,2.476283460855484009e-01,1.062822416424751282e-01,1.687463670969009399e-01,1.008305773138999939e-01,1.801832616329193115e-01,6.877745687961578369e-02,4.732599258422851562e-01,3.100118339061737061e-01,5.931802392005920410e-01,5.408617854118347168e-01,2.495267689228057861e-01,2.477942556142807007e-01,1.820909082889556885e-01,1.234639137983322144e-01,2.752040922641754150e-01,2.141662836074829102e-01,3.207010328769683838e-01,3.178927898406982422e-01,1.729748696088790894e-01,2.238528132438659668e-01,3.048049807548522949e-01,4.203312397003173828e-01,3.871146738529205322e-01,1.090633645653724670e-01,6.638383865356445312e-02,8.790635317564010620e-02,1.751208603382110596e-01,3.777916431427001953e-01
3.526392281055450439e-01,9.999997615814208984e-01,-6.937619298696517944e-02,2.143362760543823242e-01,-1.118027567863464355e-01,-1.363761443644762039e-02,-1.892189830541610718e-01,2.886674404144287109e-01,-2.110559493303298950e-01,-5.319784209132194519e-02,4.941225424408912659e-02,3.281495571136474609e-01,-2.217828035354614258e-01,2.931413650512695312e-01,-2.040594816207885742e-01,1.770995929837226868e-02,1.809915602207183838e-01,3.225927352905273438e-01,3.682688251137733459e-02,1.488924622535705566e-01,9.240956977009773254e-03,1.713195443153381348e-02,-3.015497699379920959e-02,6.005427986383438110e-02,-8.028916269540786743e-02,-1.836758106946945190e-02,-1.299491245299577713e-02,5.147647857666015625e-02,1.263801157474517822e-01,1.505973041057586670e-01,-5.190538987517356873e-02,-7.164685055613517761e-03,1.902518719434738159e-01,2.399891018867492676e-01,1.891054511070251465e-01,1.913968026638031006e-01,1.190867200493812561e-01,1.985919028520584106e-01,2.141522169113159180e-01,2.718977928161621094e-01,2.448989450931549072e-01,2.336290925741195679e-01,3.971054404973983765e-02,9.277325123548507690e-02,-1.259658019989728928e-02,7.944316416978836060e-02,7.129738479852676392e-02,1.138302981853485107e-01,1.023622080683708191e-01,1.693334132432937622e-01,6.919184327125549316e-02,6.025028228759765625e-02,-5.615588650107383728e-02,3.194374963641166687e-03,6.137483939528465271e-02,2.395596206188201904e-01,2.275098860263824463e-01,5.546080470085144043e-01,2.678011059761047363e-01,3.720492720603942871e-01,1.251458972692489624e-01,3.970927894115447998e-01,2.920275926589965820e-02,4.160073101520538330e-01,8.687216788530349731e-02,3.343234658241271973e-01,3.436295092105865479e-01,3.001251220703125000e-01,4.483645558357238770e-01,3.686964213848114014e-01,-4.566370323300361633e-02,4.618527367711067200e-02,1.770821958780288696e-01,9.216360002756118774e-02,1.533070057630538940e-01,1.378080248832702637e-01,-2.050660401582717896e-01,-1.321589350700378418e-01,2.106636315584182739e-01,1.181619837880134583e-01,7.970877736806869507e-02,3.817948997020721436e-01,-4.032181203365325928e-02,1.849771291017532349e-01,-1.732220128178596497e-02,2.431534826755523682e-01,-9.420731663703918457e-02,9.173942357301712036e-02,-5.061844363808631897e-02,2.444716691970825195e-01,4.792778193950653076e-02,1.164386123418807983e-01,2.477900311350822449e-02,1.158189848065376282e-01,5.153745412826538086e-02,3.310358151793479919e-02,2.205991595983505249e-01,2.756206691265106201e-01,1.164335235953330994e-01,1.988637149333953857e-01,8.977216482162475586e-02,1.651971936225891113e-01,1.477615684270858765e-01,2.305549234151840210e-01,2.144012153148651123e-01,3.441894352436065674e-01,1.359888236038386822e-03,2.424051761627197266e-01,1.010201051831245422e-01,1.630784571170806885e-01,2.295126467943191528e-01,2.252517640590667725e-02,1.082820584997534752e-03,-2.494587749242782593e-02,5.860786139965057373e-02,1.827835887670516968e-01
-3.353050053119659424e-01,-6.937619298696517944e-02,9.999995827674865723e-01,2.762161493301391602e-01,3.089524805545806885e-01,4.971097782254219055e-02,7.762745022773742676e-01,1.918590068817138672e-01,4.711991548538208008e-01,8.302932232618331909e-02,8.018628507852554321e-02,-8.311104774475097656e-02,6.726830601692199707e-01,-3.801200911402702332e-02,5.338141322135925293e-01,2.207621037960052490e-01,-3.682630658149719238e-01,-7.724520564079284668e-02,1.906448900699615479e-01,2.159639447927474976e-02,1.075534969568252563e-01,1.024455800652503967e-01,5.311751961708068848e-01,2.544400691986083984e-01,1.718852519989013672e-01,-1.148303672671318054e-01,2.180645912885665894e-01,4.280055686831474304e-02,-1.966193318367004395e-02,3.925767261534929276e-03,4.979718327522277832e-01,4.336142539978027344e-01,-1.805784255266189575e-01,-9.299945831298828125e-02,-1.832348108291625977e-01,-1.345954835414886475e-01,-1.839968748390674591e-02,-8.377255499362945557e-02,-1.994571536779403687e-01,-2.290765792131423950e-01,-1.615544706583023071e-01,-1.749256849288940430e-01,-1.412789821624755859e-01,-1.497208923101425171e-01,1.467354362830519676e-03,-5.666496232151985168e-02,-1.276699751615524292e-01,-7.811062037944793701e-02,-7.292301207780838013e-02,-2.540493011474609375e-02,3.477660566568374634e-02,8.208385109901428223e-02,2.393582649528980255e-02,4.167833179235458374e-02,-2.408473752439022064e-02,-7.276406884193420410e-02,-2.964686229825019836e-02,-1.188396010547876358e-02,-1.234016865491867065e-01,-6.647451221942901611e-02,5.732525512576103210e-02,4.152091592550277710e-02,7.637340575456619263e-02,-8.871484547853469849e-03,2.649914920330047607e-01,-1.198174059391021729e-01,-1.548877209424972534e-01,-1.394413560628890991e-01,-2.328269034624099731e-01,-2.912817895412445068e-01,4.899487644433975220e-02,4.353827983140945435e-02,-1.657629311084747314e-01,-5.649545416235923767e-02,-1.543926894664764404e-01,-1.760383844375610352e-01,5.572651624679565430e-01,2.594426572322845459e-01,-3.866474032402038574e-01,-1.638455539941787720e-01,-1.826903820037841797e-01,-1.001622900366783142e-01,2.640034556388854980e-01,-7.436523586511611938e-02,1.280492991209030151e-01,-3.812424093484878540e-02,2.423565685749053955e-01,-1.486977934837341309e-01,1.309067904949188232e-01,-4.041434079408645630e-02,2.051276564598083496e-01,1.466881632804870605e-01,2.341714650392532349e-01,1.651562303304672241e-01,-1.729065030813217163e-01,-1.325033605098724365e-01,-2.865889966487884521e-01,-3.127371668815612793e-01,1.664516031742095947e-01,1.087766364216804504e-01,2.143324166536331177e-01,2.071852535009384155e-01,2.241776734590530396e-01,1.887661814689636230e-01,2.148560285568237305e-01,4.110710229724645615e-03,8.234740793704986572e-02,-1.013908833265304565e-01,-9.681630134582519531e-02,-5.905929207801818848e-02,-1.342886537313461304e-01,1.014308556914329529e-01,1.579525768756866455e-01,1.476324647665023804e-01,6.991970539093017578e-02,-1.969358697533607483e-02
1.601781845092773438e-01,2.143362760543823242e-01,2.762161493301391602e-01,9.999997615814208984e-01,-1.902583800256252289e-02,-1.409355998039245605e-01,1.533548533916473389e-01,4.339763224124908447e-01,9.795985370874404907e-02,3.019005246460437775e-02,2.725305557250976562e-01,2.848030924797058105e-01,1.776332557201385498e-01,1.729720644652843475e-02,2.091621309518814087e-01,2.457078695297241211e-01,1.310980170965194702e-01,2.567840218544006348e-01,1.778835058212280273e-01,3.352709859609603882e-02,3.320878744125366211e-01,2.528742551803588867e-01,8.473360538482666016e-02,2.821003794670104980e-01,-1.019863933324813843e-01,-1.015459001064300537e-01,1.614124514162540436e-02,-5.297777056694030762e-02,3.224155306816101074e-01,2.471179217100143433e-01,1.455435007810592651e-01,3.054486215114593506e-01,1.923068612813949585e-01,2.535830438137054443e-01,1.099174320697784424e-01,1.228546500205993652e-01,2.459270954132080078e-01,1.722702980041503906e-01,1.658224910497665405e-01,1.938152909278869629e-01,1.031012907624244690e-01,-8.691126480698585510e-03,4.229068383574485779e-02,-4.151137545704841614e-02,-1.597511619329452515e-01,-2.063591778278350830e-01,1.570027768611907959e-01,1.542720943689346313e-01,-8.346737176179885864e-02,-5.589118599891662598e-02,7.450326532125473022e-02,1.178005933761596680e-01,-3.314439579844474792e-02,1.041317358613014221e-01,1.970892697572708130e-01,3.423046469688415527e-01,1.426475644111633301e-01,2.094572782516479492e-01,7.579578459262847900e-02,1.161727607250213623e-01,8.575182408094406128e-02,1.587328016757965088e-01,-4.976638779044151306e-02,3.079803884029388428e-01,1.425938308238983154e-01,1.592276841402053833e-01,2.344478815793991089e-01,1.735659688711166382e-01,-3.425736725330352783e-02,-1.129825934767723083e-01,3.046214878559112549e-01,2.333168238401412964e-01,2.199856787919998169e-01,9.385704249143600464e-02,1.113098487257957458e-01,4.979906231164932251e-02,1.495721489191055298e-01,1.569644063711166382e-01,1.005354896187782288e-01,1.655190885066986084e-01,1.094415932893753052e-01,1.204292476177215576e-01,9.813104569911956787e-02,9.181756526231765747e-02,1.604916751384735107e-01,2.043774425983428955e-01,3.963264450430870056e-02,4.968795180320739746e-02,1.266137063503265381e-01,1.249692216515541077e-01,1.504222005605697632e-01,2.834793031215667725e-01,1.672728359699249268e-01,1.964246481657028198e-01,1.188565418124198914e-01,1.433693319559097290e-01,1.025047600269317627e-01,1.004163026809692383e-01,2.797118425369262695e-01,3.583612143993377686e-01,1.703344583511352539e-01,2.562377750873565674e-01,2.730873823165893555e-01,3.454456031322479248e-01,4.137432277202606201e-01,2.895731925964355469e-01,2.642948329448699951e-01,1.873031854629516602e-01,1.830316781997680664e-01,2.451400756835937500e-01,6.965649873018264771e-02,3.050801344215869904e-03,1.211578622460365295e-01,2.670403420925140381e-01,2.818373739719390869e-01,3.575028479099273682e-01
3.318991512060165405e-02,-1.118027567863464355e-01,3.089524805545806885e-01,-1.902583800256252289e-02,1.000000357627868652e+00,5.128231048583984375e-01,2.663643956184387207e-01,2.377896569669246674e-02,6.664661765098571777e-01,4.801314771175384521e-01,2.693974077701568604e-01,-4.632477089762687683e-02,2.451406568288803101e-01,1.139700636267662048e-01,3.757144212722778320e-01,3.253269493579864502e-01,9.464702010154724121e-02,-3.312484547495841980e-02,1.428166627883911133e-01,2.657089531421661377e-01,6.960251927375793457e-02,-9.795115143060684204e-02,2.186386883258819580e-01,7.500337064266204834e-02,5.859960317611694336e-01,2.636190950870513916e-01,6.136769056320190430e-01,2.580600976943969727e-01,1.203308328986167908e-01,-6.135275587439537048e-02,4.129812419414520264e-01,2.205686569213867188e-01,-1.263307482004165649e-01,-1.356639266014099121e-01,-3.662300109863281250e-01,-3.347038924694061279e-01,-5.000060051679611206e-02,-2.763037681579589844e-01,-4.462973773479461670e-02,-2.332607507705688477e-01,-8.988353610038757324e-02,-2.290856987237930298e-01,1.767056621611118317e-02,1.844390481710433960e-02,3.046307153999805450e-02,-9.315074235200881958e-02,-2.362616593018174171e-03,3.018360398709774017e-02,-7.748784869909286499e-02,4.857304040342569351e-03,-1.857223361730575562e-02,1.958661712706089020e-02,1.663920730352401733e-01,2.148249298334121704e-01,3.447198122739791870e-02,4.084103927016258240e-02,3.055453300476074219e-01,1.498301774263381958e-01,-3.213948607444763184e-01,1.355704069137573242e-01,-1.442720144987106323e-01,-1.058707386255264282e-02,2.204786799848079681e-02,-2.481739036738872528e-02,-1.021716147661209106e-01,-2.488231956958770752e-01,-3.069098889827728271e-01,-1.671811938285827637e-01,1.119153667241334915e-02,-1.658142507076263428e-01,-1.887413412332534790e-01,-2.022568434476852417e-01,-1.596206128597259521e-01,-1.725692451000213623e-01,-8.776065707206726074e-02,-1.415230482816696167e-01,-2.320567332208156586e-02,-1.023971959948539734e-01,6.654968857765197754e-02,-4.351398721337318420e-02,2.128389030694961548e-01,1.126897800713777542e-02,4.014070034027099609e-01,1.545973271131515503e-01,3.553757965564727783e-01,1.605703979730606079e-01,3.699472248554229736e-01,-2.910973131656646729e-02,3.369834423065185547e-01,3.197709918022155762e-01,1.488912701606750488e-01,1.710241138935089111e-01,1.780623793601989746e-01,1.490168273448944092e-01,1.548798382282257080e-01,1.533773094415664673e-01,1.013115346431732178e-01,9.066346287727355957e-02,5.223231017589569092e-02,1.416491866111755371e-01,1.895221173763275146e-01,2.100990116596221924e-01,1.756542026996612549e-01,1.079423129558563232e-01,7.629177719354629517e-02,4.682905599474906921e-02,3.465634072199463844e-03,-1.972564011812210083e-01,6.016802042722702026e-03,1.263460889458656311e-02,3.594129905104637146e-02,2.961066067218780518e-01,3.560661375522613525e-01,2.404786348342895508e-01,1.884605139493942261e-01,6.625264883041381836e-02
-6.411480903625488281e-02,-1.363761443644762039e-02,4.971097782254219055e-02,-1.409355998039245605e-01,5.128231048583984375e-01,1.000000476837158203e+00,3.993511945009231567e-02,2.492827624082565308e-01,3.420850336551666260e-01,6.231350302696228027e-01,-8.721004426479339600e-02,-6.870716065168380737e-02,-4.524917155504226685e-02,2.855051159858703613e-01,5.925396084785461426e-02,2.914474606513977051e-01,1.946374028921127319e-02,-1.359992325305938721e-01,1.769604906439781189e-02,1.064641326665878296e-01,-1.616571694612503052e-01,-1.789522618055343628e-01,1.688706576824188232e-01,2.098647058010101318e-01,5.467762351036071777e-01,6.506232023239135742e-01,5.185667276382446289e-01,5.712291002273559570e-01,-8.905424177646636963e-02,-7.960274815559387207e-02,3.425135612487792969e-01,2.934663891792297363e-01,-5.659811943769454956e-02,-5.782744288444519043e-02,-1.746662557125091553e-01,-2.268710546195507050e-02,4.503722861409187317e-02,-3.235172331333160400e-01,-1.901695877313613892e-02,-1.806439757347106934e-01,-1.706824004650115967e-01,-2.125140428543090820e-01,1.000017672777175903e-01,2.029272466897964478e-01,1.495969444513320923e-01,1.358900070190429688e-01,6.408842653036117554e-02,1.640670001506805420e-01,7.395169138908386230e-02,2.134651839733123779e-01,1.684506423771381378e-02,3.293436765670776367e-02,1.897396594285964966e-01,1.345956027507781982e-01,-1.246914118528366089e-01,1.500225067138671875e-01,7.715924642980098724e-03,1.762012541294097900e-01,2.714981092140078545e-04,1.264222413301467896e-01,-1.629058569669723511e-01,1.247486621141433716e-01,-6.156031787395477295e-02,2.161698639392852783e-01,-2.070249915122985840e-01,-1.154696289449930191e-02,-1.608135998249053955e-01,-6.691583991050720215e-02,6.763751059770584106e-02,4.277746379375457764e-02,-2.941177189350128174e-01,-1.629514694213867188e-01,-1.881495118141174316e-01,-2.401766031980514526e-01,-7.448143512010574341e-02,-2.155923396348953247e-01,-3.350844979286193848e-02,-8.550925552845001221e-02,7.490316778421401978e-02,-1.856392472982406616e-01,3.408011421561241150e-02,1.899189688265323639e-02,6.162268109619617462e-03,4.016398489475250244e-01,-2.572322078049182892e-02,4.036587476730346680e-02,6.561318784952163696e-02,2.694120705127716064e-01,6.255415733903646469e-03,4.237762093544006348e-01,-7.520654052495956421e-02,2.417015880346298218e-01,-9.144090116024017334e-02,1.432946026325225830e-01,5.648006871342658997e-02,1.451413333415985107e-01,1.087566390633583069e-01,2.715726494789123535e-01,-1.332020461559295654e-01,1.126869469881057739e-01,-9.147984534502029419e-02,9.064999222755432129e-02,-1.073620021343231201e-01,-3.334392094984650612e-03,-1.119508966803550720e-01,8.395195007324218750e-02,-7.996927946805953979e-02,-1.005317717790603638e-01,9.248369187116622925e-02,5.660611018538475037e-02,1.857496201992034912e-01,4.275412559509277344e-01,3.237588703632354736e-01,2.004278264939785004e-02,2.878846414387226105e-02,-1.748896762728691101e-02
-4.750480055809020996e-01,-1.892189830541610718e-01,7.762745022773742676e-01,1.533548533916473389e-01,2.663643956184387207e-01,3.993511945009231567e-02,9.999999403953552246e-01,8.253870904445648193e-02,4.672986268997192383e-01,6.414541602134704590e-02,1.288737505674362183e-01,-3.032284788787364960e-02,8.216802477836608887e-01,-4.385667294263839722e-02,5.942372679710388184e-01,1.677596718072891235e-01,-4.931779801845550537e-01,-9.164497256278991699e-02,5.115824192762374878e-02,-6.199596077203750610e-02,1.273897886276245117e-01,1.575072407722473145e-01,5.017116665840148926e-01,2.382576018571853638e-01,1.037771701812744141e-01,-9.318832308053970337e-02,2.007160335779190063e-01,1.301644444465637207e-01,-1.193728968501091003e-01,2.205203101038932800e-02,4.693573713302612305e-01,4.072315394878387451e-01,-2.676647305488586426e-01,-1.897495090961456299e-01,-1.761143505573272705e-01,-1.696330755949020386e-01,-1.124032735824584961e-01,-7.535386085510253906e-02,-3.428269922733306885e-01,-2.200338840484619141e-01,-3.085887134075164795e-01,-1.195308566093444824e-01,-1.802556812763214111e-01,-2.409056127071380615e-01,-8.525442332029342651e-02,-1.361963301897048950e-01,-1.997016072273254395e-01,-2.000516057014465332e-01,-1.642231196165084839e-01,-1.631142795085906982e-01,-1.926262862980365753e-02,-5.117377731949090958e-03,1.967639289796352386e-02,-1.470545306801795959e-02,-8.311007916927337646e-02,-1.459466814994812012e-01,-1.511611044406890869e-01,-1.811489313840866089e-01,-8.977569639682769775e-02,-2.155992090702056885e-01,4.162831604480743408e-02,-5.436921864748001099e-02,6.462256610393524170e-02,-8.549680560827255249e-02,2.702234089374542236e-01,-1.697062849998474121e-01,-2.121268510818481445e-01,-2.316741943359375000e-01,-2.651340663433074951e-01,-3.597782850265502930e-01,1.348718404769897461e-01,1.013797223567962646e-01,-2.190011590719223022e-01,-1.106735039502382278e-02,-1.988133490085601807e-01,-1.600931286811828613e-01,7.144936919212341309e-01,3.929021954536437988e-01,-5.151129961013793945e-01,-1.162718608975410461e-01,-2.501147091388702393e-01,-1.331911534070968628e-01,3.086814880371093750e-01,-8.005914837121963501e-02,1.525472998619079590e-01,-6.466554850339889526e-02,2.766165435314178467e-01,-5.398249626159667969e-02,1.903377771377563477e-01,-2.726467885076999664e-02,1.696992218494415283e-01,1.087864711880683899e-01,1.558286994695663452e-01,9.077577292919158936e-02,-2.699709534645080566e-01,-1.885721236467361450e-01,-4.569254219532012939e-01,-4.402625858783721924e-01,1.279586553573608398e-01,1.891698502004146576e-02,1.421691179275512695e-01,6.333424150943756104e-02,1.128233596682548523e-01,5.762678012251853943e-02,9.080097079277038574e-02,-1.237434968352317810e-01,8.561138063669204712e-02,-8.861626684665679932e-02,-1.724914610385894775e-01,-1.865502893924713135e-01,-2.519032061100006104e-01,7.974806427955627441e-02,1.560122072696685791e-01,1.397224068641662598e-01,3.606036677956581116e-02,-1.505933254957199097e-01
6.809594482183456421e-02,2.886674404144287109e-01,1.918590068817138672e-01,4.339763224124908447e-01,2.377896569669246674e-02,2.492827624082565308e-01,8.253870904445648193e-02,1.000000119209289551e+00,3.866223245859146118e-02,1.835162341594696045e-01,-4.807397723197937012e-03,3.730971515178680420e-01,4.240144416689872742e-02,5.345748662948608398e-01,7.858294248580932617e-02,4.163922369480133057e-01,1.596056222915649414e-01,2.221846431493759155e-01,1.971153765916824341e-01,1.352261900901794434e-01,-3.150547295808792114e-02,-1.173432841897010803e-01,1.709309667348861694e-01,4.130923449993133545e-01,3.189666941761970520e-02,2.147582024335861206e-01,1.348205357789993286e-01,3.099749386310577393e-01,1.938440352678298950e-01,3.795611858367919922e-01,2.509253323078155518e-01,4.276578724384307861e-01,1.527892947196960449e-01,2.141285389661788940e-01,3.986187279224395752e-02,1.758132576942443848e-01,2.091491520404815674e-01,-1.021425649523735046e-01,1.378009319305419922e-01,1.204418763518333435e-02,-1.133363619446754456e-01,-1.290025264024734497e-01,7.300826837308704853e-04,8.934042602777481079e-02,-3.520046919584274292e-02,-1.546953469514846802e-01,5.587361380457878113e-02,1.725500524044036865e-01,2.238840423524379730e-02,3.269141167402267456e-02,7.312911748886108398e-02,9.444590657949447632e-02,-3.473586216568946838e-02,2.469682879745960236e-02,2.328729629516601562e-02,3.835686445236206055e-01,2.274187467992305756e-02,3.917483985424041748e-01,2.366254329681396484e-01,1.929403245449066162e-01,5.559545382857322693e-02,2.860004305839538574e-01,9.878290444612503052e-02,6.353668570518493652e-01,8.014773949980735779e-03,3.202891945838928223e-01,8.894805610179901123e-02,9.269295632839202881e-02,9.990627318620681763e-02,6.170945242047309875e-02,-2.989187091588973999e-02,1.421629935503005981e-01,2.341889543458819389e-03,-8.065750449895858765e-02,3.585347533226013184e-02,-5.246384069323539734e-02,6.918992847204208374e-02,-3.187035769224166870e-02,2.163086235523223877e-01,8.076447248458862305e-02,9.678826481103897095e-02,3.630213141441345215e-01,1.032250225543975830e-01,5.620019435882568359e-01,-1.176998484879732132e-02,2.282738387584686279e-01,8.108186721801757812e-02,4.008086025714874268e-01,1.655591279268264771e-02,3.469781279563903809e-01,7.029938697814941406e-02,5.309396386146545410e-01,-9.348459541797637939e-02,2.957250773906707764e-01,1.489710360765457153e-01,1.885826587677001953e-01,6.003414839506149292e-02,2.450825572013854980e-01,-1.951575279235839844e-02,3.200479745864868164e-01,-6.704156845808029175e-02,2.077234089374542236e-01,8.939549326896667480e-02,2.013588249683380127e-01,1.960110962390899658e-01,2.833820283412933350e-01,1.275841891765594482e-01,1.119335368275642395e-01,2.867488563060760498e-01,3.522831499576568604e-01,2.494903802871704102e-01,1.015412062406539917e-01,4.903634637594223022e-02,-4.215347394347190857e-02,8.429655805230140686e-03,2.142641395330429077e-01
-8.776684105396270752e-02,-2.110559493303298950e-01,4.711991548538208008e-01,9.795985370874404907e-02,6.664661765098571777e-01,3.420850336551666260e-01,4.672986268997192383e-01,3.866223245859146118e-02,9.999997615814208984e-01,5.334855318069458008e-01,2.950430810451507568e-01,-3.882959112524986267e-02,4.592906236648559570e-01,4.874233901500701904e-02,6.926617026329040527e-01,4.990963339805603027e-01,2.610394731163978577e-02,6.272108852863311768e-02,1.851855814456939697e-01,2.337230294942855835e-01,2.233860790729522705e-01,5.505367368459701538e-02,1.617755144834518433e-01,6.426987703889608383e-03,3.216391205787658691e-01,7.861305773258209229e-02,3.633335828781127930e-01,9.061244130134582520e-02,1.818041056394577026e-01,7.385738939046859741e-02,3.304888606071472168e-01,2.040139287710189819e-01,-1.816474646329879761e-01,-1.804890632629394531e-01,-4.009006023406982422e-01,-3.034095466136932373e-01,3.935442119836807251e-02,-1.781582236289978027e-01,-5.562482401728630066e-02,-1.954948306083679199e-01,-1.375283747911453247e-01,-2.666725814342498779e-01,-2.736796811223030090e-02,-8.166682720184326172e-02,-3.306714817881584167e-02,-1.520291715860366821e-01,-2.732395566999912262e-02,-6.160908378660678864e-03,-1.619662046432495117e-01,-9.070133417844772339e-02,-3.808004781603813171e-02,4.588836058974266052e-02,1.095665097236633301e-01,2.062594443559646606e-01,2.085406929254531860e-01,9.358415752649307251e-02,1.484452337026596069e-01,6.904433667659759521e-02,-3.258248567581176758e-01,-8.593767881393432617e-02,-2.073168568313121796e-02,7.311107963323593140e-02,-9.013613313436508179e-02,-1.259463280439376831e-01,-7.151927333325147629e-03,-2.506598532199859619e-01,-3.027653396129608154e-01,-2.358551323413848877e-01,-9.909012168645858765e-02,-3.036625385284423828e-01,-6.596312671899795532e-02,-6.587515771389007568e-02,-1.421801894903182983e-01,-1.120505481958389282e-01,-1.303784698247909546e-01,-1.993934065103530884e-01,1.942189186811447144e-01,-6.629714742302894592e-03,-5.535317212343215942e-02,1.145713217556476593e-02,1.536160111427307129e-01,8.007654920220375061e-03,4.106833338737487793e-01,5.156097188591957092e-02,3.793385922908782959e-01,1.827790737152099609e-01,3.255426585674285889e-01,-1.646218448877334595e-01,4.321794509887695312e-01,1.892468333244323730e-01,2.862165868282318115e-01,2.302958071231842041e-01,2.854683399200439453e-01,2.011105865240097046e-01,1.595910340547561646e-01,2.304924428462982178e-01,-9.273888915777206421e-02,-3.826675564050674438e-02,2.149537801742553711e-01,2.907689511775970459e-01,3.106893301010131836e-01,2.811459898948669434e-01,2.685249447822570801e-01,2.220710963010787964e-01,1.396972984075546265e-01,-3.168142586946487427e-02,1.015152409672737122e-01,-1.078857481479644775e-01,5.261357501149177551e-02,3.829015418887138367e-02,-1.379517465829849243e-01,1.000719070434570312e-01,2.414102703332901001e-01,3.103804588317871094e-01,2.092521935701370239e-01,7.846668362617492676e-02
-8.440526574850082397e-02,-5.319784209132194519e-02,8.302932232618331909e-02,3.019005246460437775e-02,4.801314771175384521e-01,6.231350302696228027e-01,6.414541602134704590e-02,1.835162341594696045e-01,5.334855318069458008e-01,9.999992251396179199e-01,1.232110112905502319e-01,1.643307656049728394e-01,4.878475144505500793e-02,3.136825263500213623e-01,3.269245624542236328e-01,5.701019167900085449e-01,1.133856922388076782e-01,5.286693945527076721e-02,5.748438835144042969e-02,1.830647140741348267e-01,1.294057220220565796e-01,-1.704775169491767883e-02,-6.830144673585891724e-02,-7.282474637031555176e-02,3.717385530471801758e-01,3.843213021755218506e-01,3.730644881725311279e-01,2.574551999568939209e-01,1.105928942561149597e-01,6.943323463201522827e-02,2.082276344299316406e-01,1.883815675973892212e-01,-5.529073253273963928e-02,-5.512984469532966614e-02,-1.901807934045791626e-01,-2.691722288727760315e-02,1.875277161598205566e-01,-2.423774600028991699e-01,8.442720770835876465e-02,-1.139938756823539734e-01,-9.715173393487930298e-02,-2.448894232511520386e-01,5.974221229553222656e-02,8.740214258432388306e-02,5.533843487501144409e-02,1.460459921509027481e-02,4.493670538067817688e-02,7.834333926439285278e-02,-3.645627573132514954e-02,1.113454625010490417e-01,4.007738549262285233e-03,5.938116833567619324e-02,8.578025549650192261e-02,1.901782155036926270e-01,1.131204441189765930e-01,2.071069478988647461e-01,3.193021193146705627e-02,2.179982066154479980e-01,-1.099480763077735901e-01,1.035595238208770752e-01,-7.696956861764192581e-03,2.487056404352188110e-01,-2.208140492439270020e-01,6.489609181880950928e-02,-1.388927698135375977e-01,-6.778036803007125854e-02,-1.918655782938003540e-01,-8.254588395357131958e-02,4.338887706398963928e-02,-1.677897945046424866e-02,-1.705989539623260498e-01,-1.081722676753997803e-01,-9.480102360248565674e-02,-1.592655330896377563e-01,-6.729415804147720337e-02,-1.784899830818176270e-01,1.998277939856052399e-02,-1.690879650413990021e-02,1.286219507455825806e-01,-8.178302645683288574e-02,1.037556454539299011e-01,4.796106368303298950e-02,1.478308886289596558e-01,3.865227103233337402e-01,1.450490504503250122e-01,2.298724651336669922e-01,1.061323061585426331e-01,1.008507758378982544e-01,1.879257857799530029e-01,3.853093385696411133e-01,5.965825170278549194e-02,2.015896290540695190e-01,6.513752043247222900e-02,2.039953321218490601e-01,1.272177547216415405e-01,2.478052973747253418e-01,-7.647247985005378723e-03,1.488919705152511597e-01,4.281311109662055969e-02,2.844157516956329346e-01,1.566687822341918945e-01,2.792985737323760986e-01,1.167996004223823547e-01,2.012500464916229248e-01,9.280963242053985596e-02,1.392522752285003662e-01,4.169532284140586853e-02,-3.837847337126731873e-02,7.827366143465042114e-02,3.556023165583610535e-02,-4.086672887206077576e-02,9.582455456256866455e-02,1.578377485275268555e-01,2.145270258188247681e-01,1.886380463838577271e-01,7.035291194915771484e-02
3.174664676189422607e-01,4.941225424408912659e-02,8.018628507852554321e-02,2.725305557250976562e-01,2.693974077701568604e-01,-8.721004426479339600e-02,1.288737505674362183e-01,-4.807397723197937012e-03,2.950430810451507568e-01,1.232110112905502319e-01,9.999992847442626953e-01,4.304603040218353271e-01,3.296330571174621582e-01,1.764166951179504395e-01,3.182829618453979492e-01,1.581086963415145874e-01,4.126269519329071045e-01,4.954211711883544922e-01,1.902447789907455444e-01,2.886389195919036865e-01,3.871949911117553711e-01,2.160866409540176392e-01,-2.225193679332733154e-01,-1.321831345558166504e-01,-1.196796000003814697e-01,-9.157747775316238403e-02,7.340491749346256256e-03,-1.786788702011108398e-01,5.453130006790161133e-01,2.455711960792541504e-01,2.721137134358286858e-03,1.619002409279346466e-02,1.136886030435562134e-01,7.764299213886260986e-02,-5.271527171134948730e-02,-1.196505203843116760e-01,1.580923795700073242e-01,1.591574549674987793e-01,1.728128790855407715e-01,1.459925621747970581e-01,1.218958050012588501e-01,8.059732615947723389e-02,1.730173081159591675e-01,-2.160114608705043793e-02,-1.567490696907043457e-01,-2.996524274349212646e-01,2.403537482023239136e-01,1.599803566932678223e-01,-2.959399484097957611e-02,-2.051073610782623291e-01,9.151139855384826660e-02,4.940043017268180847e-02,1.242718249559402466e-01,2.970389723777770996e-01,2.878917753696441650e-01,2.838932275772094727e-01,4.120139181613922119e-01,2.055202424526214600e-01,-1.665613502264022827e-01,1.165542155504226685e-01,-3.406356554478406906e-03,1.213147640228271484e-01,-4.940966144204139709e-02,5.503147840499877930e-02,4.374273866415023804e-02,3.974607959389686584e-02,1.634208410978317261e-01,1.186379790306091309e-01,4.439475759863853455e-02,-2.069053351879119873e-01,2.560668587684631348e-01,7.573797553777694702e-02,3.403944671154022217e-01,1.724746376276016235e-01,1.533388048410415649e-01,1.313839554786682129e-01,4.938635975122451782e-02,4.075643420219421387e-02,2.339922934770584106e-01,3.411574065685272217e-01,4.252628087997436523e-01,2.833069562911987305e-01,4.412487149238586426e-01,-8.360810577869415283e-03,5.822731852531433105e-01,4.667806923389434814e-01,2.559132575988769531e-01,-8.297390886582434177e-04,4.836669266223907471e-01,3.062781989574432373e-01,2.573088109493255615e-01,1.615649014711380005e-01,2.683121860027313232e-01,1.110342144966125488e-01,1.406022161245346069e-01,7.402077317237854004e-02,2.877876348793506622e-02,4.491266235709190369e-02,2.136670053005218506e-01,2.743802964687347412e-01,3.159969151020050049e-01,2.046402692794799805e-01,3.438723087310791016e-01,1.955041587352752686e-01,2.878609597682952881e-01,1.719167232513427734e-01,2.382929325103759766e-01,1.775756776332855225e-01,-1.177017465233802795e-01,3.837025258690118790e-03,-1.163940876722335815e-01,-1.188271120190620422e-01,8.071270585060119629e-02,3.324801325798034668e-01,3.040271699428558350e-01,2.456254065036773682e-01
1.446401476860046387e-01,3.281495571136474609e-01,-8.311104774475097656e-02,2.848030924797058105e-01,-4.632477089762687683e-02,-6.870716065168380737e-02,-3.032284788787364960e-02,3.730971515178680420e-01,-3.882959112524986267e-02,1.643307656049728394e-01,4.304603040218353271e-01,9.999997615814208984e-01,1.293292045593261719e-01,5.603584051132202148e-01,1.270773261785507202e-01,2.888346910476684570e-01,2.336168140172958374e-01,5.779075622558593750e-01,9.783971309661865234e-02,2.100087255239486694e-01,2.714648544788360596e-01,2.169307768344879150e-01,-2.234810590744018555e-01,-2.789681032299995422e-02,-2.273776829242706299e-01,-4.015768319368362427e-02,3.827322274446487427e-02,8.403168618679046631e-02,3.480330705642700195e-01,5.502941608428955078e-01,-4.591671377420425415e-02,6.964135169982910156e-02,8.394914120435714722e-02,1.200481951236724854e-01,1.644923985004425049e-01,1.353541463613510132e-01,1.233718395233154297e-01,2.272380888462066650e-01,1.432916522026062012e-01,3.124924600124359131e-01,5.563315749168395996e-02,2.233131378889083862e-01,9.165735542774200439e-02,9.869693778455257416e-03,-1.309334486722946167e-01,-2.633513212203979492e-01,4.650510847568511963e-02,5.175642296671867371e-02,-4.734600335359573364e-02,-1.573487520217895508e-01,-1.766634359955787659e-02,4.677571705542504787e-04,-1.567227840423583984e-01,9.604854881763458252e-02,1.076628118753433228e-01,3.644776344299316406e-01,1.347507685422897339e-01,3.317375183105468750e-01,1.553028225898742676e-01,1.214020103216171265e-01,4.066848754882812500e-02,2.749668955802917480e-01,-5.661084875464439392e-02,4.098441004753112793e-01,1.634879386983811855e-03,3.071632385253906250e-01,1.931946128606796265e-01,1.815269142389297485e-01,1.342686563730239868e-01,5.295641254633665085e-03,2.379030436277389526e-01,1.854697316884994507e-01,2.289367765188217163e-01,2.739315629005432129e-01,1.429531723260879517e-01,3.024280071258544922e-01,1.201887950301170349e-01,2.269064188003540039e-01,1.856701970100402832e-01,3.851497173309326172e-01,1.739915609359741211e-01,5.503340959548950195e-01,2.797140479087829590e-01,4.102207124233245850e-01,2.096305787563323975e-01,5.397564172744750977e-01,5.928499996662139893e-02,3.079855144023895264e-01,1.966998428106307983e-01,4.356514811515808105e-01,7.788442820310592651e-02,2.409089356660842896e-01,-2.556185051798820496e-02,1.936884075403213501e-01,1.949529163539409637e-02,1.210746094584465027e-01,-8.720354735851287842e-02,4.363060370087623596e-02,7.895153760910034180e-02,2.673754990100860596e-01,1.315036118030548096e-01,2.044137418270111084e-01,1.985016018152236938e-01,2.606798410415649414e-01,2.121445983648300171e-01,3.203192353248596191e-01,1.405607461929321289e-01,3.028655648231506348e-01,7.475453894585371017e-03,4.068832099437713623e-02,-9.098667651414871216e-02,-2.641468644142150879e-01,-1.078939139842987061e-01,1.185021027922630310e-01,1.523322165012359619e-01,1.590209454298019409e-01
-4.015185236930847168e-01,-2.217828035354614258e-01,6.726830601692199707e-01,1.776332557201385498e-01,2.451406568288803101e-01,-4.524917155504226685e-02,8.216802477836608887e-01,4.240144416689872742e-02,4.592906236648559570e-01,4.878475144505500793e-02,3.296330571174621582e-01,1.293292045593261719e-01,1.000000119209289551e+00,3.946499526500701904e-02,6.768465638160705566e-01,2.284183502197265625e-01,-3.580361902713775635e-01,5.586855858564376831e-02,4.046786949038505554e-02,-1.868332177400588989e-02,2.356553971767425537e-01,2.261618524789810181e-01,3.353629410266876221e-01,1.159018874168395996e-01,-2.074866928160190582e-02,-1.644201576709747314e-01,1.371024549007415771e-01,4.721426963806152344e-02,6.605069339275360107e-02,1.472245603799819946e-01,3.777556121349334717e-01,3.417884111404418945e-01,-2.527591884136199951e-01,-1.911152005195617676e-01,-1.372743397951126099e-01,-1.783768534660339355e-01,-8.136164397001266479e-02,-3.981983289122581482e-02,-2.766615152359008789e-01,-1.535359919071197510e-01,-2.494430243968963623e-01,-9.399139136075973511e-02,-1.159260421991348267e-01,-2.176961153745651245e-01,-8.384180068969726562e-02,-2.003419250249862671e-01,-1.514373123645782471e-01,-1.654340773820877075e-01,-1.589146405458450317e-01,-2.336355000734329224e-01,-2.869508787989616394e-02,-1.401859149336814880e-02,3.370574861764907837e-02,1.020570099353790283e-01,3.165433928370475769e-02,-4.957704246044158936e-02,-1.045876890420913696e-01,-1.759452372789382935e-01,-8.745330572128295898e-02,-1.856846511363983154e-01,7.300607860088348389e-02,-2.225795947015285492e-02,8.037917315959930420e-02,-6.431227177381515503e-02,2.626870274543762207e-01,-7.918144017457962036e-02,-1.631331592798233032e-01,-1.699779033660888672e-01,-2.644499838352203369e-01,-4.015552103519439697e-01,2.064552903175354004e-01,7.433038204908370972e-02,-1.302799582481384277e-01,5.040093138813972473e-02,-1.589777171611785889e-01,-9.733939170837402344e-02,7.097607851028442383e-01,4.178429841995239258e-01,-4.519926607608795166e-01,-2.102915383875370026e-02,-1.276378929615020752e-01,-4.357928782701492310e-02,4.607891440391540527e-01,-3.330544382333755493e-02,3.054204285144805908e-01,9.857437014579772949e-02,3.136541843414306641e-01,-2.701429463922977448e-02,3.223607540130615234e-01,2.815197035670280457e-02,2.576179206371307373e-01,1.736705303192138672e-01,2.163876146078109741e-01,1.666212826967239380e-01,-2.384849339723587036e-01,-1.636709421873092651e-01,-4.887421429157257080e-01,-4.847984015941619873e-01,1.999141126871109009e-01,1.049122214317321777e-01,2.123289257287979126e-01,1.237025335431098938e-01,1.795647591352462769e-01,1.001620590686798096e-01,1.282621026039123535e-01,-1.145247966051101685e-01,1.609906852245330811e-01,-3.553442284464836121e-02,-1.953807175159454346e-01,-2.245276570320129395e-01,-3.362167179584503174e-01,-5.703569203615188599e-02,1.033836379647254944e-01,2.218598276376724243e-01,1.180007457733154297e-01,-7.147535681724548340e-02
