1.000000119209289551e+00,4.477123022079467773e-01,4.411207437515258789e-01,2.107421904802322388e-01,1.523972004652023315e-01,1.146661192178726196e-01,3.521839678287506104e-01,1.479361802339553833e-01,1.817696541547775269e-01,-7.723098993301391602e-02,4.376511275768280029e-01,1.934125274419784546e-01,3.352325558662414551e-01,1.180815994739532471e-01,2.703501880168914795e-01,7.583311293274164200e-03,3.106290698051452637e-01,2.846532873809337616e-02,3.542881309986114502e-01,4.143351912498474121e-01,1.687621325254440308e-01,-5.803868919610977173e-02,1.628420352935791016e-01,4.942162707448005676e-02,6.547872722148895264e-02,-8.749887347221374512e-02,1.611764729022979736e-01,1.175388991832733154e-01,2.656199038028717041e-01,-1.882352121174335480e-02,1.010768674314022064e-02,-8.103380352258682251e-02,3.553173840045928955e-01,1.461501568555831909e-01,7.855211198329925537e-02,-7.497309148311614990e-02,1.350878030061721802e-01,2.610334008932113647e-02,6.778306514024734497e-02,9.201742708683013916e-02,2.371433675289154053e-01,7.849570363759994507e-02,1.464375257492065430e-01,1.426081061363220215e-01,2.142897062003612518e-02,-5.888586863875389099e-02,4.560265317559242249e-02,8.600851520895957947e-03,1.076384410262107849e-01,-2.173056080937385559e-02,1.284779906272888184e-01,1.114048212766647339e-01,2.145907729864120483e-01,6.126349046826362610e-02,2.997617423534393311e-01,2.569287456572055817e-02,6.300151348114013672e-01,3.468462824821472168e-01,4.325478672981262207e-01,3.778600692749023438e-01,4.400764703750610352e-01,1.393670737743377686e-01,4.293642044067382812e-01,4.987768828868865967e-02,4.012410715222358704e-02,-2.342823743820190430e-01,1.140869408845901489e-01,-5.081666260957717896e-02,3.515172600746154785e-01,1.013531535863876343e-01,1.603892743587493896e-01,1.070110872387886047e-02,2.278831750154495239e-01,5.971506610512733459e-02,1.382861435413360596e-01,1.501878798007965088e-01,1.804376393556594849e-01,1.173897385597229004e-01,2.623324990272521973e-01,7.989369332790374756e-03,8.083369582891464233e-02,-8.017553389072418213e-02,3.765281662344932556e-02,2.993943355977535248e-02,1.723911911249160767e-01,6.031411886215209961e-02,5.433440953493118286e-02,1.795114576816558838e-01,1.430702358484268188e-01,8.991098403930664062e-02,-1.023041903972625732e-01,2.548491116613149643e-03,-2.990233302116394043e-01,-1.010533347725868225e-01,-1.854896098375320435e-01,-8.916954696178436279e-02,-7.180004566907882690e-02,2.704310044646263123e-02,1.002376824617385864e-01,8.561028540134429932e-02,-1.773187965154647827e-01,-1.143085584044456482e-02,1.120695173740386963e-01,6.146964058279991150e-02,-1.552194654941558838e-01,-1.386806666851043701e-01,-7.332713156938552856e-02,-1.900195032358169556e-01,-5.006962642073631287e-02,-1.774414479732513428e-01,-6.655827164649963379e-02,-3.496464714407920837e-02,-8.141869306564331055e-02,6.613675504922866821e-02,6.830712407827377319e-02,1.525217760354280472e-02
4.477123022079467773e-01,1.000000000000000000e+00,2.145507782697677612e-01,2.369162887334823608e-01,-2.013611197471618652e-01,-1.754659861326217651e-01,2.109420001506805420e-01,2.698569893836975098e-01,-1.379907429218292236e-01,-1.244748532772064209e-01,1.808555722236633301e-01,3.712812960147857666e-01,2.064352929592132568e-01,3.538219928741455078e-01,7.052770256996154785e-02,1.646881103515625000e-01,2.624772489070892334e-01,4.150993824005126953e-01,4.894042611122131348e-01,5.119783282279968262e-01,1.136588901281356812e-01,9.844247251749038696e-04,7.664775103330612183e-02,6.456715986132621765e-03,-5.723301437683403492e-04,3.818524256348609924e-02,-1.711294800043106079e-01,-1.782191544771194458e-01,3.229719400405883789e-01,3.255305290222167969e-01,2.477926462888717651e-01,2.410394698381423950e-01,3.035774827003479004e-01,2.716353833675384521e-01,-1.108190119266510010e-01,-1.595377624034881592e-01,-4.030707105994224548e-02,1.572410911321640015e-01,-7.686620950698852539e-02,7.418178766965866089e-02,1.726507395505905151e-01,1.914954483509063721e-01,1.710228770971298218e-01,7.178097963333129883e-02,1.725321859121322632e-01,7.344997674226760864e-02,6.614091992378234863e-02,5.038321763277053833e-02,3.546810895204544067e-02,4.104021191596984863e-02,1.090896129608154297e-01,1.628524512052536011e-01,-8.379247039556503296e-03,2.079303376376628876e-02,4.882881045341491699e-02,4.968304187059402466e-02,3.440784215927124023e-01,6.206007599830627441e-01,6.995084881782531738e-02,2.733467817306518555e-01,6.423591077327728271e-02,2.894562184810638428e-01,1.569297760725021362e-01,3.622453808784484863e-01,-1.212696582078933716e-01,-1.646577939391136169e-02,-4.474695399403572083e-02,-8.840813487768173218e-02,2.176980376243591309e-01,2.756276428699493408e-01,2.119946032762527466e-01,2.235987484455108643e-01,2.572155892848968506e-01,3.709461390972137451e-01,2.054741680622100830e-01,3.216179311275482178e-01,2.499994784593582153e-01,3.455903530120849609e-01,1.150113567709922791e-01,2.819598913192749023e-01,6.799820065498352051e-02,3.844056129455566406e-01,-1.034742295742034912e-01,8.248512446880340576e-02,8.096124976873397827e-02,1.910377740859985352e-01,-1.425778865814208984e-01,1.173761859536170959e-01,-1.653518825769424438e-01,9.189868718385696411e-02,-7.894191890954971313e-02,1.672510243952274323e-02,-2.183552980422973633e-01,-1.380257010459899902e-01,-2.063181847333908081e-01,-1.411341279745101929e-01,-4.169732332229614258e-03,7.947784662246704102e-02,1.815674155950546265e-01,1.029853373765945435e-01,-4.902397468686103821e-02,-8.929252624511718750e-02,1.198291480541229248e-01,-1.139246448874473572e-01,-1.734445095062255859e-01,-1.432051360607147217e-01,-2.733438834547996521e-02,-4.258934035897254944e-02,-1.112201511859893799e-01,-1.247050091624259949e-01,8.562209457159042358e-02,-7.269052416086196899e-02,-1.682179421186447144e-01,9.908325225114822388e-02,-3.528681397438049316e-02,6.355382502079010010e-02
4.411207437515258789e-01,2.145507782697677612e-01,9.999993443489074707e-01,4.220097959041595459e-01,8.010642975568771362e-02,1.940421201288700104e-02,6.136372685432434082e-01,2.920244038105010986e-01,2.580562829971313477e-01,-8.097847551107406616e-02,1.341560631990432739e-01,-5.807215347886085510e-02,3.131351470947265625e-01,1.232338622212409973e-01,2.659732699394226074e-01,-6.101312860846519470e-02,1.432644724845886230e-01,-5.201083049178123474e-02,2.602209448814392090e-01,1.968027800321578979e-01,9.041614085435867310e-02,-1.399654312990605831e-03,5.799381732940673828e-01,4.705774486064910889e-01,3.007782101631164551e-01,2.115119248628616333e-01,1.601098626852035522e-01,4.240044206380844116e-02,1.329504400491714478e-01,-5.217615514993667603e-02,2.811833620071411133e-01,1.663382947444915771e-01,2.291759103536605835e-01,1.971632093191146851e-01,2.530058920383453369e-01,7.720102369785308838e-02,1.096770018339157104e-01,6.533771008253097534e-02,-2.843560092151165009e-02,1.589414328336715698e-01,6.282912939786911011e-02,9.324479103088378906e-02,4.462147504091262817e-02,-9.012028574943542480e-03,-1.352322697639465332e-01,-2.688776552677154541e-01,-1.010605394840240479e-01,-1.356417685747146606e-01,-5.892786756157875061e-02,-2.284048646688461304e-01,-4.557409882545471191e-02,-1.002470999956130981e-01,-6.206116173416376114e-03,-1.270807087421417236e-01,3.325653076171875000e-02,-8.108620345592498779e-02,1.646394133567810059e-01,5.983515828847885132e-02,8.578955382108688354e-02,1.328257471323013306e-01,1.486660391092300415e-01,1.489803045988082886e-01,1.260278373956680298e-01,-1.430012732744216919e-01,3.804275989532470703e-01,1.640225350856781006e-01,-6.099508702754974365e-02,-1.931530982255935669e-01,1.158793792128562927e-01,-1.071130409836769104e-01,1.040531769394874573e-01,-2.616683579981327057e-02,9.635270386934280396e-02,1.098583191633224487e-01,7.039527595043182373e-02,1.083389520645141602e-01,1.515026092529296875e-01,1.008355543017387390e-01,1.364276260137557983e-01,6.462100893259048462e-02,-1.244153827428817749e-01,-4.957475513219833374e-02,1.508289575576782227e-02,3.557844460010528564e-02,3.145604729652404785e-01,1.701517403125762939e-01,2.092003077268600464e-02,2.954241037368774414e-01,8.522377163171768188e-02,1.515256464481353760e-01,-2.095498293638229370e-01,-9.742286801338195801e-02,-2.280476242303848267e-01,-1.839182823896408081e-01,-1.448212265968322754e-01,-1.008714362978935242e-01,-1.122236102819442749e-01,2.855681814253330231e-03,-1.752192974090576172e-01,-7.855943590402603149e-02,-1.600170284509658813e-01,-1.576766520738601685e-01,2.117476612329483032e-02,-1.015039607882499695e-01,-1.221647337079048157e-01,-1.789541840553283691e-01,-1.642849892377853394e-01,-1.493957638740539551e-01,-2.499799616634845734e-02,-7.453085482120513916e-02,5.095664784312248230e-02,-4.912485182285308838e-02,-6.280705332756042480e-02,-3.394905477762222290e-02,-9.456411749124526978e-02,8.941039443016052246e-03
2.107421904802322388e-01,2.369162887334823608e-01,4.220097959041595459e-01,1.000000119209289551e+00,-6.385739147663116455e-02,1.124759614467620850e-01,3.905672132968902588e-01,7.079467773437500000e-01,6.536127626895904541e-02,7.291134446859359741e-02,8.955140411853790283e-02,2.925696969032287598e-01,1.090271100401878357e-01,2.550236880779266357e-01,1.228717193007469177e-01,1.353577226400375366e-01,1.467593759298324585e-01,5.101956054568290710e-02,1.551449596881866455e-01,2.306508272886276245e-01,5.905287340283393860e-02,-2.113884873688220978e-02,1.803373694419860840e-01,4.110383987426757812e-01,-6.500396132469177246e-02,2.449591271579265594e-02,3.070072503760457039e-03,2.523786574602127075e-02,2.844663560390472412e-01,1.076577790081501007e-02,1.060313358902931213e-01,2.411625832319259644e-01,1.974824666976928711e-01,2.952087521553039551e-01,1.397757828235626221e-01,1.735652387142181396e-01,6.736921519041061401e-02,7.591764628887176514e-02,2.582999318838119507e-02,1.498796343803405762e-01,1.618165522813796997e-01,7.984209060668945312e-02,1.867016591131687164e-02,3.057689173147082329e-03,2.386319823563098907e-02,4.642551019787788391e-02,-1.034713387489318848e-01,-4.889164119958877563e-02,3.799387812614440918e-02,1.066153571009635925e-01,6.637666374444961548e-02,2.086711823940277100e-01,1.107859313488006592e-01,5.831701681017875671e-02,1.973295584321022034e-02,4.278584569692611694e-02,7.673295587301254272e-02,7.454613596200942993e-02,1.713658422231674194e-01,3.304762840270996094e-01,1.263377219438552856e-01,4.000173807144165039e-01,1.141627728939056396e-01,1.325363516807556152e-01,8.603183180093765259e-02,3.414360284805297852e-01,2.578174322843551636e-02,9.618554264307022095e-02,-2.827957645058631897e-02,-1.717767864465713501e-02,5.832180380821228027e-02,4.098523035645484924e-02,2.095059901475906372e-01,1.305675357580184937e-01,1.882241666316986084e-01,1.788865178823471069e-01,8.020802587270736694e-02,9.034999459981918335e-02,5.881512165069580078e-02,3.544032573699951172e-02,-6.380020081996917725e-02,-7.934655062854290009e-03,-5.637259781360626221e-02,4.116333648562431335e-02,-5.818704888224601746e-02,2.632119059562683105e-01,2.753982320427894592e-03,2.009190618991851807e-01,1.485420204699039459e-02,2.065573632717132568e-01,-1.577513962984085083e-01,-1.461842954158782959e-01,-1.327765733003616333e-01,-2.892511785030364990e-01,-9.471964091062545776e-02,-7.246143370866775513e-02,-2.221674919128417969e-01,-5.771614983677864075e-02,-1.252885162830352783e-01,-1.155252754688262939e-01,-9.780003130435943604e-02,-2.604953646659851074e-01,-2.815838158130645752e-02,-1.919623017311096191e-01,-1.135969236493110657e-01,-2.323429733514785767e-01,-3.471241518855094910e-02,-1.701780706644058228e-01,-9.767184406518936157e-02,-8.563404530286788940e-02,-6.996782124042510986e-02,-1.557677686214447021e-01,-1.082551702857017517e-01,-1.849932223558425903e-01,-1.340061426162719727e-01,9.143064171075820923e-02
1.523972004652023315e-01,-2.013611197471618652e-01,8.010642975568771362e-02,-6.385739147663116455e-02,9.999995231628417969e-01,7.121106982231140137e-01,-1.524118185043334961e-01,-1.435223817825317383e-01,6.370751857757568359e-01,5.210399031639099121e-01,9.305201470851898193e-02,-1.050948500633239746e-01,-7.881945371627807617e-02,-1.378615200519561768e-01,1.438972502946853638e-01,1.433035880327224731e-01,1.012667939066886902e-01,-2.921406328678131104e-01,-7.966939359903335571e-03,-2.374164387583732605e-02,9.662590175867080688e-02,6.567348539829254150e-02,1.385496556758880615e-01,1.875547021627426147e-01,2.379106134176254272e-01,7.300432771444320679e-02,6.826944351196289062e-01,6.639447808265686035e-01,-1.151273250579833984e-01,-4.052000939846038818e-01,-3.742011785507202148e-01,-4.085960388183593750e-01,1.410350799560546875e-01,-6.535445153713226318e-02,3.603165447711944580e-01,2.533299028873443604e-01,2.368620634078979492e-01,-1.490216702222824097e-02,2.420885115861892700e-01,5.285681784152984619e-02,1.035479158163070679e-01,-1.155381053686141968e-01,2.801002264022827148e-01,3.538497090339660645e-01,9.092742949724197388e-02,7.556796073913574219e-02,2.060056030750274658e-01,2.146148681640625000e-01,1.770562976598739624e-01,1.046684756875038147e-01,1.252257972955703735e-01,3.565694391727447510e-02,2.075019031763076782e-01,7.561473548412322998e-02,2.240965813398361206e-01,8.214781433343887329e-02,2.345066517591476440e-01,-2.929518185555934906e-02,1.523616313934326172e-01,-4.569849371910095215e-02,2.921184003353118896e-01,-8.090170472860336304e-02,1.654639691114425659e-01,-2.359435409307479858e-01,3.738380670547485352e-01,1.073222160339355469e-01,2.778604328632354736e-01,2.401984930038452148e-01,1.631896793842315674e-01,1.182015538215637207e-01,1.029301583766937256e-01,-6.808845698833465576e-02,-2.426163852214813232e-02,-3.561694622039794922e-01,-1.270720809698104858e-01,-2.129877805709838867e-01,-9.148790687322616577e-02,-2.863480150699615479e-01,2.824110090732574463e-01,-2.808436453342437744e-01,5.328684113919734955e-03,-3.608754873275756836e-01,1.400662809610366821e-01,-1.153438612818717957e-01,2.305092662572860718e-01,1.130383461713790894e-01,3.046820759773254395e-01,1.905284821987152100e-01,2.810396552085876465e-01,3.645550832152366638e-02,5.665527284145355225e-02,1.225370466709136963e-01,1.568207442760467529e-01,2.127878665924072266e-01,-9.941112995147705078e-02,-5.345413088798522949e-02,4.617610946297645569e-02,-4.634137079119682312e-02,-7.124204188585281372e-02,1.655730754137039185e-01,-6.133342161774635315e-02,2.509925961494445801e-01,2.891366742551326752e-02,1.817920804023742676e-01,8.760028332471847534e-02,3.421958535909652710e-02,-4.049758240580558777e-02,-2.370360344648361206e-01,1.193861886858940125e-01,-1.561559736728668213e-01,-1.458490937948226929e-01,3.698242455720901489e-02,1.792504489421844482e-01,-3.223109990358352661e-02,-6.954759359359741211e-02,-5.466673523187637329e-02
1.146661192178726196e-01,-1.754659861326217651e-01,1.940421201288700104e-02,1.124759614467620850e-01,7.121106982231140137e-01,1.000000596046447754e+00,-2.567216157913208008e-01,2.546972408890724182e-02,5.399843454360961914e-01,5.487782955169677734e-01,1.243864465504884720e-02,-4.569368436932563782e-02,-2.381564080715179443e-01,-1.670067459344863892e-01,-6.111531984061002731e-04,1.256170570850372314e-01,8.780223131179809570e-02,-3.790295124053955078e-01,-4.494833201169967651e-02,-6.548642367124557495e-02,7.569614052772521973e-02,2.570326067507266998e-02,4.940157011151313782e-02,1.856495440006256104e-01,1.067995950579643250e-01,-2.999934554100036621e-02,7.175647616386413574e-01,7.846251130104064941e-01,-1.015069782733917236e-01,-5.121319890022277832e-01,-5.432839393615722656e-01,-4.774538874626159668e-01,9.121274203062057495e-02,-6.992818415164947510e-02,3.882437050342559814e-01,3.390497267246246338e-01,2.783248424530029297e-01,-1.588666066527366638e-02,2.581779956817626953e-01,5.974233895540237427e-02,1.456529051065444946e-01,-1.191796585917472839e-01,2.846420109272003174e-01,3.944341540336608887e-01,5.593635514378547668e-02,1.358031481504440308e-01,2.158574610948562622e-01,2.079613804817199707e-01,1.904409676790237427e-01,1.965645849704742432e-01,1.210824847221374512e-01,1.293824911117553711e-01,3.192991018295288086e-01,1.780183315277099609e-01,2.741748690605163574e-01,1.276609152555465698e-01,2.807290256023406982e-01,-3.014789707958698273e-02,1.827539503574371338e-01,5.288878083229064941e-02,2.972420752048492432e-01,-2.864323742687702179e-02,1.899147033691406250e-01,-2.286422699689865112e-01,3.056028187274932861e-01,1.811764687299728394e-01,2.674590945243835449e-01,2.856990993022918701e-01,1.822840869426727295e-01,1.128446310758590698e-01,8.065254241228103638e-02,-9.773728251457214355e-02,-4.047479107975959778e-02,-4.549164175987243652e-01,-1.385421603918075562e-01,-2.522195577621459961e-01,-2.385528236627578735e-01,-4.201067090034484863e-01,2.740846574306488037e-01,-3.277676701545715332e-01,3.521174564957618713e-02,-4.312862157821655273e-01,9.252795577049255371e-02,-1.905314028263092041e-01,1.410535573959350586e-01,1.666290313005447388e-01,3.646506369113922119e-01,1.726568490266799927e-01,3.177489042282104492e-01,1.058180779218673706e-01,-1.297803595662117004e-02,8.591882884502410889e-02,1.134523302316665649e-01,1.551386862993240356e-01,-8.089529722929000854e-02,-8.194535970687866211e-02,-6.750197708606719971e-02,-8.704582601785659790e-02,-1.601999104022979736e-01,7.226628810167312622e-02,-1.048450767993927002e-01,1.506615281105041504e-01,-6.854020059108734131e-02,7.285191118717193604e-02,-3.355707041919231415e-03,-6.897061318159103394e-02,-2.196620404720306396e-02,-3.505262434482574463e-01,1.547096073627471924e-01,-2.289350628852844238e-01,-3.161637187004089355e-01,-9.515357017517089844e-02,1.201017275452613831e-01,-1.991534680128097534e-01,-1.688689440488815308e-01,-6.785925477743148804e-02
3.521839678287506104e-01,2.109420001506805420e-01,6.136372685432434082e-01,3.905672132968902588e-01,-1.524118185043334961e-01,-2.567216157913208008e-01,9.999998211860656738e-01,4.589570760726928711e-01,1.291557401418685913e-01,-1.632722467184066772e-01,3.451580703258514404e-01,1.062767729163169861e-01,5.860372185707092285e-01,3.190446794033050537e-01,3.720529377460479736e-01,3.398718684911727905e-02,1.392208188772201538e-01,1.165339946746826172e-01,1.728323400020599365e-01,1.888282448053359985e-01,4.763794317841529846e-02,-4.477185010910034180e-02,3.414079546928405762e-01,2.787539958953857422e-01,1.007922962307929993e-01,1.625554561614990234e-01,-1.802984178066253662e-01,-2.898176908493041992e-01,2.006088495254516602e-01,1.922384947538375854e-01,3.923102915287017822e-01,3.283011615276336670e-01,1.454700976610183716e-01,1.992390006780624390e-01,1.380107644945383072e-02,-4.771740362048149109e-02,-9.534827619791030884e-02,-1.382000371813774109e-02,-1.413851529359817505e-01,1.067323610186576843e-01,3.655631095170974731e-02,1.601669490337371826e-01,-1.733029186725616455e-01,-2.400432825088500977e-01,-1.529705524444580078e-01,-2.559936642646789551e-01,-2.216092199087142944e-01,-2.489520758390426636e-01,-7.272914797067642212e-02,-2.326787561178207397e-01,-7.205913960933685303e-02,-9.420394897460937500e-02,-1.586584299802780151e-01,-2.483253329992294312e-01,-1.296084523200988770e-01,-1.541000157594680786e-01,3.563312813639640808e-02,4.211987555027008057e-02,1.242946386337280273e-01,1.267487108707427979e-01,2.147214561700820923e-01,3.433011770248413086e-01,1.263464987277984619e-01,1.851427927613258362e-02,2.288122475147247314e-01,1.516249924898147583e-01,-9.407910704612731934e-02,-2.387743592262268066e-01,-3.219051286578178406e-02,-7.662998139858245850e-02,2.273476310074329376e-02,3.539214376360177994e-03,1.481594592332839966e-01,2.999624907970428467e-01,1.810316443443298340e-01,2.209363877773284912e-01,2.481299042701721191e-01,2.732887566089630127e-01,-2.439538016915321350e-02,1.922890990972518921e-01,-2.035797834396362305e-01,1.373317837715148926e-01,-1.272000223398208618e-01,5.099004134535789490e-02,8.280596882104873657e-02,1.030990034341812134e-01,-2.647260427474975586e-01,1.188267767429351807e-01,-3.989506512880325317e-02,7.492654770612716675e-02,-2.301762253046035767e-01,-1.607583910226821899e-01,-2.204668968915939331e-01,-2.666667103767395020e-01,-7.424997538328170776e-02,6.416673306375741959e-03,-1.117641776800155640e-01,2.687288261950016022e-02,-1.119747310876846313e-01,-1.319410055875778198e-01,-1.203909218311309814e-01,-2.064611762762069702e-01,-5.534724891185760498e-02,-1.503959000110626221e-01,-1.271326988935470581e-01,-1.437184512615203857e-01,-1.446231603622436523e-01,6.965968012809753418e-02,-8.936429023742675781e-02,-3.024652414023876190e-02,5.923814699053764343e-02,-1.173540651798248291e-01,-1.853088587522506714e-01,5.021321773529052734e-02,4.543441161513328552e-02,-1.295600365847349167e-02
1.479361802339553833e-01,2.698569893836975098e-01,2.920244038105010986e-01,7.079467773437500000e-01,-1.435223817825317383e-01,2.546972408890724182e-02,4.589570760726928711e-01,1.000000119209289551e+00,5.947577580809593201e-02,2.583652921020984650e-02,2.256933748722076416e-01,4.387468099594116211e-01,2.520519495010375977e-01,4.057856798171997070e-01,1.447380185127258301e-01,1.265503913164138794e-01,1.836327016353607178e-01,1.598605215549468994e-01,1.546882688999176025e-01,2.494224756956100464e-01,8.821036666631698608e-03,-5.891649052500724792e-02,8.362028002738952637e-02,2.512969970703125000e-01,-1.286959499120712280e-01,2.191101200878620148e-02,-1.313590258359909058e-01,-9.562940150499343872e-02,3.270655572414398193e-01,1.371839493513107300e-01,1.170680075883865356e-01,2.670457959175109863e-01,2.096628695726394653e-01,3.255187571048736572e-01,7.774852216243743896e-02,1.771261692047119141e-01,-1.470285840332508087e-02,4.301521182060241699e-02,-5.398714914917945862e-02,8.886581659317016602e-02,1.152291819453239441e-01,5.469694361090660095e-02,-5.265367403626441956e-02,-5.828236415982246399e-02,7.668974250555038452e-02,1.225265190005302429e-01,-8.376114070415496826e-02,-7.300923019647598267e-02,1.068810373544692993e-01,1.866791993379592896e-01,1.099443212151527405e-01,2.323046624660491943e-01,8.200289309024810791e-02,-3.772578388452529907e-02,-2.634091302752494812e-02,-3.109681792557239532e-02,3.415140882134437561e-02,1.050281003117561340e-01,1.812228262424468994e-01,3.182520568370819092e-01,2.176330089569091797e-01,5.280950665473937988e-01,1.658209711313247681e-01,2.190894335508346558e-01,1.382370740175247192e-01,4.284280240535736084e-01,4.722760245203971863e-02,1.254548877477645874e-01,-6.897955387830734253e-02,7.191573083400726318e-02,7.702359557151794434e-02,5.350587517023086548e-02,1.997158080339431763e-01,1.866571456193923950e-01,2.026173919439315796e-01,1.980553418397903442e-01,1.269213557243347168e-01,1.770076006650924683e-01,3.154596313834190369e-02,1.003831028938293457e-01,-8.405642956495285034e-02,4.528232291340827942e-02,-1.655636429786682129e-01,-2.279835939407348633e-02,-1.128438562154769897e-01,2.018938064575195312e-01,-1.487542688846588135e-01,9.866442531347274780e-02,-8.713856339454650879e-02,1.489589661359786987e-01,-1.207854375243186951e-01,-1.355035156011581421e-01,-1.353330463171005249e-01,-2.930610775947570801e-01,-1.428651213645935059e-01,-6.891018152236938477e-02,-2.088766098022460938e-01,-1.924086362123489380e-02,-2.340396679937839508e-02,-9.149956703186035156e-02,-1.083392575383186340e-01,-2.417920827865600586e-01,-5.616655200719833374e-02,-1.963970661163330078e-01,-1.834388226270675659e-01,-2.091102898120880127e-01,-3.474290296435356140e-02,-9.653552621603012085e-02,-1.019267290830612183e-01,-6.352281570434570312e-02,-4.402346909046173096e-02,-2.236407697200775146e-01,-1.375518441200256348e-01,-1.645851433277130127e-01,-1.323644816875457764e-01,3.598512336611747742e-02
1.817696541547775269e-01,-1.379907429218292236e-01,2.580562829971313477e-01,6.536127626895904541e-02,6.370751857757568359e-01,5.399843454360961914e-01,1.291557401418685913e-01,5.947577580809593201e-02,9.999999403953552246e-01,5.017204284667968750e-01,2.078656405210494995e-01,-1.060193870216608047e-02,1.785166412591934204e-01,6.682018935680389404e-02,3.762563169002532959e-01,1.710214316844940186e-01,2.156821079552173615e-02,-2.343107908964157104e-01,4.955602809786796570e-02,2.948884852230548859e-02,1.636518090963363647e-01,2.047730609774589539e-02,3.060298264026641846e-01,3.177512884140014648e-01,3.483084142208099365e-01,2.460390627384185791e-01,5.098716020584106445e-01,4.453671276569366455e-01,-7.367618381977081299e-02,-2.500635087490081787e-01,-1.093360781669616699e-01,-1.610291749238967896e-01,1.500693708658218384e-01,3.052555955946445465e-02,3.777344822883605957e-01,2.812379896640777588e-01,1.015242338180541992e-01,-6.479706615209579468e-02,2.933744899928569794e-02,6.866607815027236938e-02,4.856106638908386230e-02,-3.176863538101315498e-03,1.691239178180694580e-01,1.542592793703079224e-01,-3.142950683832168579e-02,-7.447923719882965088e-02,1.002584472298622131e-01,-2.804095158353447914e-03,1.104359403252601624e-01,-2.630619797855615616e-03,9.836293756961822510e-02,-4.652616381645202637e-02,7.026790827512741089e-02,-5.659196898341178894e-02,9.702778607606887817e-02,-6.580962333828210831e-03,1.690774559974670410e-01,-2.589155733585357666e-02,1.177017167210578918e-01,-4.944892600178718567e-02,3.271330595016479492e-01,6.866724044084548950e-02,1.428575813770294189e-01,-1.704349070787429810e-01,5.244667530059814453e-01,2.635477483272552490e-01,1.440488100051879883e-01,6.471796333789825439e-02,9.699964523315429688e-02,5.974276736378669739e-02,1.525685638189315796e-01,-4.505683481693267822e-02,-2.524200640618801117e-02,-1.997174620628356934e-01,-1.307083815336227417e-01,-1.301527768373489380e-01,-5.252013728022575378e-02,-1.421083509922027588e-01,2.845910787582397461e-01,-1.283890604972839355e-01,-3.274032473564147949e-02,-2.661807537078857422e-01,-3.132938873022794724e-03,-1.890902072191238403e-01,2.841716706752777100e-01,1.690202355384826660e-01,1.143423691391944885e-01,2.375999987125396729e-01,1.728486269712448120e-01,5.824421718716621399e-02,-6.477130949497222900e-02,-4.676914215087890625e-02,8.973878622055053711e-02,2.948242798447608948e-02,-2.138950377702713013e-01,-1.093397885560989380e-01,1.554693747311830521e-02,2.247092500329017639e-02,-4.672519490122795105e-02,2.892787195742130280e-02,-2.859602682292461395e-02,7.372796535491943359e-02,-5.987681075930595398e-02,9.683009237051010132e-02,-2.745924144983291626e-02,-2.227901667356491089e-02,-1.211048215627670288e-01,-1.733204573392868042e-01,8.743027597665786743e-02,-1.918151974678039551e-01,-2.508274018764495850e-01,-1.870161443948745728e-01,7.916939258575439453e-02,-3.118306212127208710e-02,-6.878149509429931641e-02,-1.284965723752975464e-01
-7.723098993301391602e-02,-1.244748532772064209e-01,-8.097847551107406616e-02,7.291134446859359741e-02,5.210399031639099121e-01,5.487782955169677734e-01,-1.632722467184066772e-01,2.583652921020984650e-02,5.017204284667968750e-01,9.999993443489074707e-01,1.023951917886734009e-01,1.791975051164627075e-01,-3.417646884918212891e-02,1.772379428148269653e-01,2.480648010969161987e-01,5.737525224685668945e-01,2.147498540580272675e-02,-3.895841538906097412e-02,9.470796585083007812e-02,3.273037821054458618e-02,8.332870900630950928e-02,1.435773223638534546e-01,1.356920599937438965e-01,2.802103459835052490e-01,8.833669871091842651e-02,5.158059671521186829e-02,3.076848685741424561e-01,3.628461360931396484e-01,5.125718936324119568e-02,-1.138532981276512146e-01,-1.518592983484268188e-01,-5.565457418560981750e-02,4.395131021738052368e-02,4.337972030043601990e-02,1.554158627986907959e-01,1.562584936618804932e-01,6.762631237506866455e-02,5.485874786972999573e-02,2.774154767394065857e-02,-2.864233404397964478e-02,7.491744309663772583e-02,-1.391441840678453445e-02,1.496393829584121704e-01,1.826349645853042603e-01,6.121907010674476624e-02,5.875653028488159180e-02,9.694018214941024780e-02,1.406546682119369507e-01,9.322798997163772583e-02,1.156825125217437744e-01,4.388219118118286133e-02,4.522193968296051025e-02,-1.051814644597470760e-03,4.025574773550033569e-02,-7.149961590766906738e-02,9.446419030427932739e-02,-8.271631784737110138e-03,4.729241877794265747e-02,-8.065899461507797241e-02,-1.524533629417419434e-01,7.616540044546127319e-02,8.297507464885711670e-02,-4.238637909293174744e-02,-5.056134890764951706e-03,2.453627884387969971e-01,3.196464180946350098e-01,9.483480453491210938e-02,1.104084253311157227e-01,8.241767436265945435e-02,1.214164048433303833e-01,1.710325181484222412e-01,1.766017228364944458e-01,1.862678527832031250e-01,-6.424266099929809570e-02,8.973825722932815552e-02,-1.664978824555873871e-02,-1.345048006623983383e-02,-9.834343940019607544e-02,1.996420919895172119e-01,-8.725391700863838196e-03,9.099460393190383911e-02,-4.547708854079246521e-02,6.177754327654838562e-02,-7.438276708126068115e-02,1.903142780065536499e-01,3.234981298446655273e-01,1.890280097723007202e-01,1.353540420532226562e-01,2.037079930305480957e-01,1.221544593572616577e-01,1.905296742916107178e-01,2.507010698318481445e-01,2.801630198955535889e-01,2.650774717330932617e-01,-3.875079005956649780e-02,-8.529799990355968475e-03,-3.090915968641638756e-03,-8.513414114713668823e-02,-4.626835882663726807e-02,1.166146248579025269e-01,2.516808733344078064e-02,1.263373196125030518e-01,-4.524785652756690979e-02,4.422245174646377563e-02,4.468405246734619141e-02,-3.860481083393096924e-02,-1.177047491073608398e-01,-1.147793382406234741e-01,6.243158504366874695e-02,-5.146397277712821960e-02,-1.842882633209228516e-01,-6.348194181919097900e-02,1.642819195985794067e-01,-5.477442592382431030e-02,-6.589068472385406494e-02,-4.761382937431335449e-02
4.376511275768280029e-01,1.808555722236633301e-01,1.341560631990432739e-01,8.955140411853790283e-02,9.305201470851898193e-02,1.243864465504884720e-02,3.451580703258514404e-01,2.256933748722076416e-01,2.078656405210494995e-01,1.023951917886734009e-01,9.999997019767761230e-01,4.035894870758056641e-01,5.446428656578063965e-01,3.256748914718627930e-01,4.279685914516448975e-01,1.896473318338394165e-01,4.011984765529632568e-01,2.673340439796447754e-01,2.711658477783203125e-01,3.334838151931762695e-01,2.399916499853134155e-01,-3.936524689197540283e-02,2.383878454566001892e-02,-4.237834736704826355e-02,-6.580186635255813599e-02,-1.394952982664108276e-01,-7.481911778450012207e-02,-9.787482023239135742e-02,4.247740209102630615e-01,1.705138236284255981e-01,6.994583457708358765e-02,4.654271900653839111e-02,2.917852699756622314e-01,1.782699078321456909e-01,-9.167796000838279724e-03,3.691876679658889771e-02,-2.269149757921695709e-02,-1.514547877013683319e-02,-7.607801817357540131e-04,-4.625967517495155334e-02,2.229343205690383911e-01,1.989120990037918091e-02,6.486884318292140961e-03,1.293211942538619041e-03,1.345912516117095947e-01,6.105588003993034363e-02,2.074009925127029419e-02,-1.307083293795585632e-02,1.425617933273315430e-01,3.183078393340110779e-02,1.311741620302200317e-01,7.635736465454101562e-02,2.964440733194351196e-02,-7.913383096456527710e-02,5.831472575664520264e-02,-3.845749795436859131e-02,3.317940533161163330e-01,2.518382668495178223e-01,2.078427076339721680e-01,5.938717722892761230e-02,4.067294299602508545e-01,2.519809007644653320e-01,4.413467645645141602e-01,2.462166249752044678e-01,1.021455079317092896e-01,-8.202711120247840881e-03,1.430887579917907715e-01,6.410238146781921387e-02,1.192015856504440308e-01,2.057779133319854736e-01,1.721465438604354858e-01,8.667769283056259155e-02,3.704716563224792480e-01,2.153242975473403931e-01,3.350397646427154541e-01,2.777963280677795410e-01,3.676012754440307617e-01,2.890033721923828125e-01,2.749131023883819580e-01,1.530611068010330200e-01,1.907659322023391724e-01,9.583712369203567505e-02,-3.349304571747779846e-02,5.413299053907394409e-02,5.956001579761505127e-02,4.192689806222915649e-02,-3.780236840248107910e-02,1.748006418347358704e-02,1.295159608125686646e-01,-1.136995293200016022e-02,4.888293892145156860e-02,9.551140666007995605e-02,-1.016276553273200989e-01,3.840437531471252441e-02,-1.360545307397842407e-01,-1.104164402931928635e-03,-6.742314994335174561e-02,3.676624968647956848e-02,1.720383763313293457e-01,1.659957617521286011e-01,-6.907184422016143799e-02,8.708402514457702637e-02,5.843166261911392212e-02,1.035727486014366150e-01,-9.959752112627029419e-02,-7.860080152750015259e-02,-9.507455676794052124e-02,3.501544892787933350e-02,-2.955327183008193970e-02,-2.087073214352130890e-02,-3.440826386213302612e-02,-1.152766421437263489e-01,-4.631751030683517456e-02,1.175342127680778503e-01,8.542455732822418213e-02,2.020337060093879700e-02
1.934125274419784546e-01,3.712812960147857666e-01,-5.807215347886085510e-02,2.925696969032287598e-01,-1.050948500633239746e-01,-4.569368436932563782e-02,1.062767729163169861e-01,4.387468099594116211e-01,-1.060193870216608047e-02,1.791975051164627075e-01,4.035894870758056641e-01,1.000000357627868652e+00,2.509353160858154297e-01,5.218743085861206055e-01,2.386817485094070435e-01,3.345876932144165039e-01,2.833257615566253662e-01,4.668871760368347168e-01,3.033759593963623047e-01,4.275440275669097900e-01,2.338805496692657471e-01,-3.387244045734405518e-02,-1.344809085130691528e-01,-7.590872049331665039e-02,-1.438095271587371826e-01,-1.031204238533973694e-01,-2.329538315534591675e-01,-1.978221088647842407e-01,4.952266812324523926e-01,3.434361219406127930e-01,9.316386282444000244e-02,2.219673842191696167e-01,3.747748434543609619e-01,4.608720839023590088e-01,-1.039289161562919617e-01,5.894005671143531799e-02,-4.621947929263114929e-02,1.555007100105285645e-01,-8.159919083118438721e-02,6.796921789646148682e-02,2.216610610485076904e-01,9.607880562543869019e-02,5.347849428653717041e-02,-2.549035241827368736e-03,1.977617293596267700e-01,2.713842689990997314e-01,5.251006409525871277e-02,4.419694468379020691e-02,1.882083564996719360e-01,2.575345933437347412e-01,2.227118164300918579e-01,3.124481439590454102e-01,8.671543747186660767e-02,5.337116867303848267e-02,3.852474736049771309e-03,1.958348900079727173e-01,1.413076817989349365e-01,3.775810599327087402e-01,1.825851947069168091e-01,2.067543119192123413e-01,2.654396295547485352e-01,4.324733316898345947e-01,2.871641516685485840e-01,6.120138764381408691e-01,-1.527082175016403198e-01,1.787424534559249878e-01,2.185862362384796143e-01,2.352888733148574829e-01,1.101794540882110596e-01,2.257862985134124756e-01,2.331377565860748291e-01,2.759756445884704590e-01,4.433248937129974365e-01,3.752827942371368408e-01,3.783509135246276855e-01,3.937070071697235107e-01,3.413746953010559082e-01,3.736452758312225342e-01,1.373966783285140991e-01,2.680031359195709229e-01,1.994333565235137939e-01,2.682284712791442871e-01,-7.098663598299026489e-02,9.545178711414337158e-02,-6.801170855760574341e-02,1.999293714761734009e-01,-8.659362047910690308e-02,8.527627587318420410e-02,-3.304936364293098450e-02,2.044623196125030518e-01,1.369368433952331543e-01,2.831724099814891815e-02,-7.506164163351058960e-02,-1.763744950294494629e-01,-1.809823065996170044e-01,1.095457654446363449e-02,-1.096453443169593811e-01,8.315952122211456299e-02,1.943973898887634277e-01,1.328992396593093872e-01,4.976412281394004822e-02,-1.431394964456558228e-01,1.078051924705505371e-01,-1.898532509803771973e-01,-2.056197822093963623e-01,-2.309245169162750244e-01,2.076724916696548462e-02,3.375485166907310486e-02,-1.253984719514846802e-01,-1.291758101433515549e-02,1.367405173368752003e-03,-1.085032224655151367e-01,-2.168703451752662659e-02,2.778026275336742401e-02,-1.799711585044860840e-02,8.772642910480499268e-02
3.352325558662414551e-01,2.064352929592132568e-01,3.131351470947265625e-01,1.090271100401878357e-01,-7.881945371627807617e-02,-2.381564080715179443e-01,5.860372185707092285e-01,2.520519495010375977e-01,1.785166412591934204e-01,-3.417646884918212891e-02,5.446428656578063965e-01,2.509353160858154297e-01,9.999997019767761230e-01,4.878972470760345459e-01,5.784209370613098145e-01,2.515573203563690186e-01,1.509874910116195679e-01,1.644139438867568970e-01,2.288945913314819336e-01,2.213935703039169312e-01,1.532122045755386353e-01,-7.594248279929161072e-03,1.853241175413131714e-01,9.228376299142837524e-02,1.485030651092529297e-01,1.715179383754730225e-01,-2.232905030250549316e-01,-3.343901038169860840e-01,2.550613582134246826e-01,3.396351337432861328e-01,3.436070978641510010e-01,2.495880872011184692e-01,1.348594278097152710e-01,1.058480218052864075e-01,-6.925798207521438599e-02,-1.118565574288368225e-01,-1.944470554590225220e-01,-3.984612599015235901e-02,-1.517097651958465576e-01,4.862649366259574890e-02,8.951095491647720337e-02,1.109857931733131409e-01,-1.776366233825683594e-01,-2.446067482233047485e-01,-6.628738343715667725e-02,-1.904403865337371826e-01,-2.176227569580078125e-01,-2.785906493663787842e-01,8.858790248632431030e-02,-1.438836157321929932e-01,6.092006713151931763e-02,-2.913515781983733177e-03,-1.094072386622428894e-01,-2.262984365224838257e-01,-8.545263111591339111e-02,-1.274790018796920776e-01,6.498743593692779541e-02,1.492059230804443359e-01,1.603332906961441040e-01,8.989261835813522339e-02,3.081387877464294434e-01,2.957490086555480957e-01,1.118798702955245972e-01,9.410332143306732178e-02,1.705505996942520142e-01,2.746208943426609039e-02,-5.629524216055870056e-02,-2.245324999094009399e-01,3.232451900839805603e-02,7.465779036283493042e-02,1.493269950151443481e-02,-2.313289791345596313e-02,2.150492072105407715e-01,3.740185797214508057e-01,2.358698099851608276e-01,3.155132532119750977e-01,3.310154378414154053e-01,3.364306688308715820e-01,-6.443463265895843506e-03,2.328803986310958862e-01,-1.059011667966842651e-01,2.603775262832641602e-01,-1.169751510024070740e-01,6.238741055130958557e-02,1.101614385843276978e-01,1.162493079900741577e-01,-2.946692407131195068e-01,4.115943983197212219e-02,-6.740245968103408813e-02,-1.618878217414021492e-03,-1.251899003982543945e-01,-6.794523447751998901e-02,-1.798263788223266602e-01,-1.569361984729766846e-01,-3.713312000036239624e-02,6.292943656444549561e-02,-2.170098014175891876e-02,1.204232648015022278e-01,3.275178000330924988e-02,-4.350551590323448181e-02,-9.138771146535873413e-02,-9.477926790714263916e-02,-8.956833183765411377e-02,-9.319077245891094208e-03,-1.398368328809738159e-01,-8.134888857603073120e-02,-7.177361845970153809e-02,1.551425755023956299e-01,-8.640360087156295776e-02,4.089295491576194763e-02,8.479390293359756470e-02,-1.774032711982727051e-01,-1.414101868867874146e-01,1.290788501501083374e-01,1.220627129077911377e-01,4.391964897513389587e-02
