9.999995231628417969e-01,2.383688092231750488e-01,1.139675602316856384e-01,6.998563557863235474e-02,-7.445607334375381470e-02,-1.904864758253097534e-01,9.000683575868606567e-02,3.081781417131423950e-02,1.360683236271142960e-02,-1.413355171680450439e-01,2.701497077941894531e-01,-4.815737530589103699e-02,9.062364697456359863e-02,-2.200467139482498169e-01,-5.685512349009513855e-02,-1.888639181852340698e-01,1.394050717353820801e-01,-1.096788346767425537e-01,2.461841255426406860e-01,3.477955460548400879e-01,2.137681841850280762e-01,-3.853760659694671631e-02,-4.516226053237915039e-02,-1.538509577512741089e-01,-3.921823576092720032e-02,7.468595635145902634e-03,-7.357210665941238403e-02,-1.376771926879882812e-01,3.917032387107610703e-03,-1.072315126657485962e-01,-1.643925458192825317e-01,-1.963479220867156982e-01,3.090845644474029541e-01,1.986280083656311035e-01,9.194134175777435303e-02,6.846341490745544434e-02,2.641089260578155518e-01,8.247344940900802612e-02,8.894985914230346680e-02,-3.657877072691917419e-02,3.303825482726097107e-02,-6.497474014759063721e-02,-1.152457222342491150e-01,-9.814955294132232666e-02,-3.187230229377746582e-02,6.954343058168888092e-03,-1.159423515200614929e-01,-1.597089171409606934e-01,2.717375196516513824e-02,-1.599137932062149048e-01,1.914226114749908447e-01,-2.066495865583419800e-01,9.941082447767257690e-02,-2.000563144683837891e-01,5.210660398006439209e-02,-1.344408094882965088e-01,6.333238482475280762e-01,1.534641683101654053e-01,3.192682564258575439e-01,8.956864476203918457e-02,4.105580151081085205e-01,9.864001721143722534e-02,4.812114238739013672e-01,-1.976008340716362000e-02,2.977955937385559082e-01,6.019733264110982418e-04,3.157167434692382812e-01,2.208395898342132568e-01,4.724124670028686523e-01,2.650842666625976562e-01,-1.455287933349609375e-01,-1.469733864068984985e-01,2.298839576542377472e-02,-1.383878290653228760e-01,-8.164965361356735229e-02,-1.770236641168594360e-01,2.999109625816345215e-01,2.025512903928756714e-01,3.746440634131431580e-02,-5.125526338815689087e-02,2.397511601448059082e-01,-8.111238479614257812e-02,-6.334617733955383301e-02,-2.337812185287475586e-01,3.110832571983337402e-01,-1.194238215684890747e-01,-1.206373125314712524e-01,-1.368497312068939209e-01,1.618531495332717896e-01,-3.036704957485198975e-01,9.478829056024551392e-02,-2.239082455635070801e-01,-7.861237227916717529e-02,-3.007364869117736816e-01,-1.109341681003570557e-01,7.127287238836288452e-02,-1.589801535010337830e-02,5.564177036285400391e-02,4.836200922727584839e-02,-7.806121557950973511e-02,-1.582023650407791138e-01,-3.421906530857086182e-01,5.362979695200920105e-02,-1.763541102409362793e-01,9.634649008512496948e-02,3.717131912708282471e-02,7.299158722162246704e-03,-1.345513761043548584e-02,-1.467111110687255859e-01,9.593285620212554932e-03,8.613896369934082031e-02,-1.761961914598941803e-02,-5.930715054273605347e-02,3.922691568732261658e-02,1.139139942824840546e-02,-9.454425424337387085e-02
2.383688092231750488e-01,1.000000238418579102e+00,1.793178468942642212e-01,2.762082219123840332e-01,5.891949310898780823e-02,1.669273339211940765e-02,1.641305685043334961e-01,1.865330189466476440e-01,1.170741468667984009e-01,-7.904832810163497925e-02,-7.596535235643386841e-02,2.201122939586639404e-01,1.836320757865905762e-02,1.725956983864307404e-02,-3.967510908842086792e-02,-1.272954493761062622e-01,1.225007027387619019e-01,3.280407488346099854e-01,1.821985393762588501e-01,3.166917860507965088e-01,1.584921628236770630e-01,6.118167191743850708e-02,2.798875095322728157e-03,-3.066371195018291473e-02,9.172329306602478027e-02,8.551880717277526855e-02,-4.154740273952484131e-02,-5.354971159249544144e-03,1.019498035311698914e-01,9.855736792087554932e-02,4.887389391660690308e-02,3.651963546872138977e-02,3.328014910221099854e-01,4.500330388545989990e-01,1.378276944160461426e-01,1.256469041109085083e-01,1.667379140853881836e-01,8.119400590658187866e-02,4.012877121567726135e-02,5.750898271799087524e-02,3.267319500446319580e-02,3.188283368945121765e-02,6.472177058458328247e-02,2.496931403875350952e-01,2.853861823678016663e-02,1.696881055831909180e-01,-1.646659821271896362e-01,-4.076475650072097778e-02,3.381010144948959351e-02,1.323072761297225952e-01,3.601482138037681580e-02,2.959375679492950439e-01,-1.009290814399719238e-01,-1.464198231697082520e-01,-1.017226278781890869e-01,-2.956392616033554077e-02,1.872647404670715332e-01,5.565537214279174805e-01,7.959957420825958252e-02,2.247679233551025391e-01,-3.700212016701698303e-02,2.438433021306991577e-01,-1.362701952457427979e-01,1.743069589138031006e-01,-1.208463872899301350e-04,2.119492590427398682e-01,1.672659367322921753e-01,2.055097669363021851e-01,1.911531239748001099e-01,2.933716773986816406e-01,-1.555264368653297424e-02,2.677445858716964722e-02,9.706568717956542969e-02,1.227351576089859009e-01,-6.736778467893600464e-02,-9.672964923083782196e-03,9.729876369237899780e-02,1.674313843250274658e-01,1.192317232489585876e-01,1.651378422975540161e-01,1.059427559375762939e-01,2.647823095321655273e-01,-1.438300311565399170e-01,1.661032587289810181e-01,7.574452087283134460e-03,2.609413266181945801e-01,-1.159882396459579468e-01,8.952127397060394287e-02,8.242177776992321014e-03,1.927813589572906494e-01,2.370391506701707840e-03,2.776336371898651123e-01,4.008464515209197998e-02,3.029381930828094482e-01,-7.461117208003997803e-02,1.512410938739776611e-01,-6.356723140925168991e-03,1.280464231967926025e-01,1.273700967431068420e-02,2.230924665927886963e-01,-1.998505741357803345e-02,5.246840789914131165e-02,1.724190451204776764e-02,1.617280095815658569e-01,1.833757162094116211e-01,3.203705847263336182e-01,-1.258528977632522583e-01,3.340864926576614380e-02,-2.190396934747695923e-02,-2.114646136760711670e-02,-2.592436224222183228e-02,6.951371580362319946e-02,2.501640319824218750e-01,2.592505812644958496e-01,9.938897937536239624e-02,1.374690532684326172e-01
1.139675602316856384e-01,1.793178468942642212e-01,1.000000000000000000e+00,6.251102089881896973e-01,1.033094823360443115e-01,4.742437228560447693e-02,7.195404171943664551e-01,5.729712247848510742e-01,3.261406421661376953e-01,1.024731323122978210e-01,3.111667633056640625e-01,3.215066492557525635e-01,5.940030217170715332e-01,2.073128819465637207e-01,2.250598222017288208e-01,1.003507748246192932e-01,5.917249247431755066e-02,1.739859730005264282e-01,2.258637994527816772e-01,1.041733771562576294e-01,2.282412201166152954e-01,1.330004483461380005e-01,4.476551115512847900e-01,3.432949781417846680e-01,2.141303271055221558e-01,1.817077994346618652e-01,1.200274303555488586e-01,1.471207439899444580e-01,3.764690458774566650e-01,3.314718902111053467e-01,4.052777886390686035e-01,3.981385231018066406e-01,8.219592273235321045e-02,2.042783349752426147e-01,5.876954179257154465e-03,5.313543230295181274e-02,2.086545377969741821e-01,7.941196113824844360e-02,7.660482078790664673e-02,1.891690939664840698e-01,3.427382707595825195e-01,2.290833592414855957e-01,-1.237173452973365784e-01,1.196076720952987671e-01,-7.984089851379394531e-02,-1.204448658972978592e-02,-1.713680624961853027e-01,-1.060738936066627502e-01,-1.162079647183418274e-01,-2.817308343946933746e-02,-9.383703023195266724e-02,-4.267476126551628113e-02,-1.865722984075546265e-01,-1.577008664608001709e-01,-3.472835943102836609e-02,1.113678887486457825e-01,-1.651549339294433594e-02,5.415403284132480621e-03,-7.541032880544662476e-02,-6.517691910266876221e-02,-7.285679131746292114e-02,-7.794983685016632080e-02,-1.908331736922264099e-02,-1.691184192895889282e-01,3.028475865721702576e-02,7.456875592470169067e-02,1.532150781713426113e-04,-8.410410024225711823e-03,-1.543353646993637085e-01,-1.663404852151870728e-01,2.768475115299224854e-01,2.447617501020431519e-01,2.558537721633911133e-01,2.464199662208557129e-01,1.790179461240768433e-01,1.751823574304580688e-01,1.566333621740341187e-01,1.056300178170204163e-01,8.669767528772354126e-02,2.788977697491645813e-03,6.307409703731536865e-02,2.672192826867103577e-02,1.876303553581237793e-01,1.916020661592483521e-01,-2.839588746428489685e-02,-7.342351973056793213e-02,1.499094665050506592e-01,9.412332624197006226e-02,-4.473212733864784241e-02,6.952446885406970978e-03,-1.535874605178833008e-01,-7.277391850948333740e-02,-8.311853557825088501e-02,1.202435195446014404e-01,1.354247629642486572e-01,4.720591753721237183e-02,5.449811369180679321e-02,-8.857318013906478882e-02,-1.666780561208724976e-01,-1.034449860453605652e-01,-6.740780174732208252e-02,1.513736844062805176e-01,-6.676428765058517456e-02,3.287336602807044983e-02,1.636582314968109131e-01,3.018509745597839355e-01,7.668277621269226074e-02,2.046633064746856689e-01,1.198406890034675598e-01,-3.301865234971046448e-02,-4.514509066939353943e-02,-1.095898449420928955e-01,1.003702431917190552e-01,-6.232606619596481323e-02,3.511111065745353699e-02,7.895677536725997925e-02
6.998563557863235474e-02,2.762082219123840332e-01,6.251102089881896973e-01,9.999997615814208984e-01,3.988627716898918152e-02,8.299075812101364136e-02,5.159056186676025391e-01,6.379297971725463867e-01,2.177834510803222656e-01,4.621734842658042908e-02,9.840877354145050049e-02,4.249421954154968262e-01,3.397406935691833496e-01,1.970399320125579834e-01,5.769697949290275574e-02,3.692417591810226440e-02,1.723773330450057983e-01,2.606204152107238770e-01,2.782150506973266602e-01,2.487723976373672485e-01,2.592323124408721924e-01,1.992185860872268677e-01,4.008029401302337646e-01,2.873492538928985596e-01,1.400093734264373779e-01,1.504982560873031616e-01,1.198768094182014465e-01,1.885108649730682373e-01,3.886436820030212402e-01,3.663988709449768066e-01,2.665801942348480225e-01,2.652295231819152832e-01,1.537705957889556885e-01,2.902083694934844971e-01,9.087303280830383301e-02,8.142846822738647461e-02,2.994927167892456055e-01,2.238060534000396729e-01,1.810358762741088867e-01,3.050646185874938965e-01,2.936572432518005371e-01,3.047490119934082031e-01,-3.032974153757095337e-02,1.604395061731338501e-01,1.273524295538663864e-02,7.854888588190078735e-02,-1.033842265605926514e-01,-2.493845671415328979e-02,-6.559380143880844116e-02,7.578380405902862549e-02,-7.105043530464172363e-02,9.621882438659667969e-02,-7.569311559200286865e-02,-3.796730935573577881e-02,1.051589325070381165e-01,2.151333093643188477e-01,-1.898039318621158600e-02,2.081938087940216064e-01,-6.654995679855346680e-02,4.444215446710586548e-02,-1.194471865892410278e-01,5.049194023013114929e-02,-8.636072278022766113e-02,9.257780760526657104e-02,-6.763339787721633911e-02,1.267505735158920288e-01,4.538368806242942810e-02,3.727114573121070862e-02,1.668933220207691193e-02,-6.396813318133354187e-03,2.224556505680084229e-01,2.738181054592132568e-01,3.184825181961059570e-01,3.391927778720855713e-01,1.267366707324981689e-01,1.194094195961952209e-01,2.169018685817718506e-01,2.173298001289367676e-01,1.787134259939193726e-01,1.095529943704605103e-01,9.974106401205062866e-02,2.892625927925109863e-01,2.576765418052673340e-02,1.927556544542312622e-01,6.070234254002571106e-02,2.231726497411727905e-01,8.885316550731658936e-02,1.580472439527511597e-01,1.021739840507507324e-01,2.466183006763458252e-01,-2.196789719164371490e-02,1.260062605142593384e-01,-6.074064224958419800e-02,1.676352769136428833e-01,8.513790369033813477e-02,1.503035575151443481e-01,5.625065043568611145e-02,6.658197194337844849e-02,2.736863493919372559e-02,1.517565250396728516e-01,6.035280972719192505e-02,1.239589080214500427e-01,8.127928525209426880e-02,2.126754522323608398e-01,2.739498615264892578e-01,4.142518639564514160e-01,8.355411887168884277e-02,2.068718969821929932e-01,7.240340858697891235e-02,-8.069725334644317627e-02,5.193307064473628998e-03,6.560200452804565430e-02,1.670297384262084961e-01,1.139547899365425110e-01,1.447965800762176514e-01,1.664882153272628784e-01
-7.445607334375381470e-02,5.891949310898780823e-02,1.033094823360443115e-01,3.988627716898918152e-02,1.000000000000000000e+00,5.807045102119445801e-01,1.146859675645828247e-01,1.698168665170669556e-01,5.243617892265319824e-01,4.808043539524078369e-01,7.055127620697021484e-02,1.128730773925781250e-01,1.643607914447784424e-01,1.993019580841064453e-01,5.194569826126098633e-01,4.770312309265136719e-01,-1.246153004467487335e-02,-5.623304843902587891e-02,1.055520549416542053e-01,-2.210668288171291351e-02,1.935528665781021118e-01,1.180905923247337341e-01,2.362865656614303589e-01,2.759936153888702393e-01,4.509678184986114502e-01,4.573947489261627197e-01,4.859262704849243164e-01,3.444705009460449219e-01,1.789239794015884399e-01,1.997392773628234863e-01,3.408170640468597412e-01,3.801039159297943115e-01,1.664115786552429199e-01,1.049126312136650085e-01,1.308790147304534912e-01,2.576853521168231964e-02,-4.052694141864776611e-02,-1.117483898997306824e-01,3.082747943699359894e-02,2.262569591403007507e-02,-1.163011509925127029e-02,-1.027954928576946259e-02,9.897233545780181885e-02,1.071282699704170227e-01,2.427840605378150940e-02,8.265567570924758911e-02,5.857142060995101929e-02,7.912151515483856201e-02,1.181555166840553284e-01,1.104306206107139587e-01,1.093728989362716675e-01,1.146481856703758240e-01,7.722674310207366943e-02,1.475595682859420776e-01,4.990882426500320435e-02,3.534028679132461548e-02,-5.662081018090248108e-02,1.163350883871316910e-02,2.041338739218190312e-04,3.665343299508094788e-02,-3.233856754377484322e-03,-3.015890717506408691e-02,-1.381834894418716431e-01,-1.120130158960819244e-02,-1.145423054695129395e-01,-2.161978743970394135e-02,-2.473136642947793007e-03,2.260006964206695557e-03,-3.834588080644607544e-02,3.085473179817199707e-02,1.015096381306648254e-01,-2.691898727789521217e-03,4.566826671361923218e-02,3.747181966900825500e-02,1.029425337910652161e-01,2.142832130193710327e-01,6.922753993421792984e-03,1.460687443614006042e-02,2.279952913522720337e-02,-6.438312679529190063e-02,1.775070093572139740e-02,-8.128281682729721069e-02,1.797392964363098145e-01,2.001187950372695923e-01,-5.031510442495346069e-02,4.016146995127201080e-03,1.720580011606216431e-01,1.773937195539474487e-01,4.560240730643272400e-02,5.394816771149635315e-02,6.135698407888412476e-02,7.014804333448410034e-02,4.075515270233154297e-02,4.491532221436500549e-02,-4.141691327095031738e-02,-1.083321124315261841e-01,-7.091496884822845459e-02,1.729103550314903259e-02,6.945848464965820312e-02,2.909522689878940582e-02,-5.877382680773735046e-02,3.505711257457733154e-02,2.194248698651790619e-02,5.751070007681846619e-02,-1.177632287144660950e-01,-7.260416448116302490e-02,-8.840846270322799683e-02,-1.534257680177688599e-01,1.639636233448982239e-02,-7.269845902919769287e-02,6.560333422385156155e-04,1.164248138666152954e-01,1.028078794479370117e-01,4.614089801907539368e-02,-4.590382426977157593e-02,-1.714539900422096252e-02
-1.904864758253097534e-01,1.669273339211940765e-02,4.742437228560447693e-02,8.299075812101364136e-02,5.807045102119445801e-01,9.999998807907104492e-01,3.126889839768409729e-02,1.145015582442283630e-01,3.331964313983917236e-01,3.731323778629302979e-01,-8.333174884319305420e-02,5.208490043878555298e-02,2.888130024075508118e-02,5.862431228160858154e-02,3.824034631252288818e-01,3.692506551742553711e-01,-2.315528504550457001e-02,-6.930752098560333252e-02,4.490497056394815445e-03,-2.240301296114921570e-02,8.814223110675811768e-02,1.555962413549423218e-01,1.712832748889923096e-01,1.936863362789154053e-01,3.706869781017303467e-01,3.962637186050415039e-01,6.133592724800109863e-01,4.960385859012603760e-01,1.011227667331695557e-01,7.684928178787231445e-02,2.697817981243133545e-01,2.834874987602233887e-01,2.107470482587814331e-02,3.274007514119148254e-02,1.946000009775161743e-02,-1.074645742774009705e-01,-7.183726131916046143e-02,-1.303053200244903564e-01,2.904755622148513794e-02,1.317285448312759399e-01,-5.561275035142898560e-02,3.203313425183296204e-02,1.670448035001754761e-01,6.791564822196960449e-02,9.740950912237167358e-02,8.782527595758438110e-02,7.926750928163528442e-02,6.815826892852783203e-02,1.513479650020599365e-01,1.665089875459671021e-01,1.364039927721023560e-01,1.799258887767791748e-01,1.341232359409332275e-01,1.936020255088806152e-01,4.107071459293365479e-02,2.426077425479888916e-02,-1.496831029653549194e-01,1.294053066521883011e-02,-9.342248551547527313e-03,6.907668709754943848e-02,-9.223227947950363159e-02,-1.588936522603034973e-02,-1.645736694335937500e-01,1.640834100544452667e-02,-1.482654511928558350e-01,2.634844370186328888e-02,-6.963081657886505127e-02,-6.089941412210464478e-02,-7.851376384496688843e-02,5.560261383652687073e-02,2.119531668722629547e-02,-5.176506564021110535e-02,3.930253535509109497e-02,3.070248663425445557e-02,3.213526308536529541e-02,1.281218081712722778e-01,-6.115184351801872253e-02,-4.128133505582809448e-02,-8.517377823591232300e-02,-9.248754382133483887e-02,1.013014931231737137e-03,-4.556314647197723389e-02,6.797099113464355469e-02,1.647024899721145630e-01,5.489332601428031921e-03,9.727087616920471191e-02,1.755907386541366577e-01,1.803875267505645752e-01,1.080800071358680725e-01,1.346805989742279053e-01,8.115599304437637329e-02,1.565278768539428711e-01,7.626916468143463135e-02,8.580025285482406616e-02,-7.774025201797485352e-02,-1.620558053255081177e-01,-1.051358729600906372e-01,1.270298846065998077e-02,6.466551870107650757e-02,9.172069281339645386e-02,3.308294713497161865e-02,3.417610004544258118e-02,7.652238756418228149e-02,1.165539547801017761e-01,-3.961580619215965271e-02,-2.717750892043113708e-02,-4.219803586602210999e-02,-1.438424885272979736e-01,2.321667969226837158e-03,-1.450866609811782837e-01,-1.415074337273836136e-02,5.488906055688858032e-02,9.409736841917037964e-02,7.917708158493041992e-02,3.597175329923629761e-02,8.101800456643104553e-03
9.000683575868606567e-02,1.641305685043334961e-01,7.195404171943664551e-01,5.159056186676025391e-01,1.146859675645828247e-01,3.126889839768409729e-02,9.999998807907104492e-01,6.021223068237304688e-01,3.342456221580505371e-01,9.387415647506713867e-02,3.456940650939941406e-01,3.367839157581329346e-01,6.867263317108154297e-01,2.032756060361862183e-01,2.558404803276062012e-01,7.443149387836456299e-02,1.000903081148862839e-02,1.914341002702713013e-01,2.968080639839172363e-01,1.833232492208480835e-01,2.326382398605346680e-01,1.287305206060409546e-01,2.551417350769042969e-01,2.153378427028656006e-01,1.514259874820709229e-01,1.382121890783309937e-01,1.037663891911506653e-01,1.099350005388259888e-01,3.288516700267791748e-01,2.975399196147918701e-01,3.358953595161437988e-01,3.400371968746185303e-01,3.995001688599586487e-02,1.756824254989624023e-01,-1.901283115148544312e-02,4.027876630425453186e-02,2.042449265718460083e-01,5.224229767918586731e-02,5.566274374723434448e-02,1.666014045476913452e-01,2.813029885292053223e-01,1.962535828351974487e-01,-2.205612212419509888e-01,4.186514019966125488e-02,-1.180511489510536194e-01,1.914655975997447968e-02,-2.668021917343139648e-01,-1.659001708030700684e-01,-1.645600348711013794e-01,-2.558374404907226562e-02,-1.930637061595916748e-01,-9.132638573646545410e-02,-2.851721644401550293e-01,-2.491572648286819458e-01,-1.090128645300865173e-01,1.051454991102218628e-02,-7.986649870872497559e-02,5.827357992529869080e-02,3.069223649799823761e-02,2.793726697564125061e-02,7.454094593413174152e-04,9.004861116409301758e-03,2.788145095109939575e-02,-1.050535514950752258e-01,1.506643146276473999e-01,1.666963398456573486e-01,1.033519506454467773e-01,8.569836616516113281e-02,-1.892189830541610718e-01,-1.360585689544677734e-01,2.367178499698638916e-01,1.969166398048400879e-01,1.906286329030990601e-01,2.337940931320190430e-01,1.069677099585533142e-01,1.308027207851409912e-01,1.524664014577865601e-01,1.043074429035186768e-01,5.275559425354003906e-02,2.767478115856647491e-02,3.824978694319725037e-02,5.678842961788177490e-02,1.608966290950775146e-01,2.115344256162643433e-01,-5.230112001299858093e-02,-5.164126306772232056e-02,1.161955669522285461e-01,1.570955365896224976e-01,-9.041619300842285156e-02,9.123144671320915222e-03,-2.472679913043975830e-01,-9.808064252138137817e-02,-2.068892270326614380e-01,4.729907587170600891e-02,7.113156467676162720e-02,4.246613755822181702e-02,-2.739600650966167450e-02,-5.062790960073471069e-02,-1.594598889350891113e-01,-7.861949503421783447e-02,-1.119038388133049011e-01,5.985842645168304443e-02,-3.047684207558631897e-02,6.720022857189178467e-02,1.333371698856353760e-01,2.450153380632400513e-01,2.192926220595836639e-02,1.124563142657279968e-01,1.179294213652610779e-01,-1.207041181623935699e-02,4.069020505994558334e-03,-9.785439819097518921e-02,-7.123351562768220901e-03,-2.832022309303283691e-02,1.899924501776695251e-02,3.913437202572822571e-02
3.081781417131423950e-02,1.865330189466476440e-01,5.729712247848510742e-01,6.379297971725463867e-01,1.698168665170669556e-01,1.145015582442283630e-01,6.021223068237304688e-01,1.000000238418579102e+00,3.484436571598052979e-01,2.852427959442138672e-01,2.975480556488037109e-01,4.822526276111602783e-01,5.055405497550964355e-01,4.011483192443847656e-01,2.735551297664642334e-01,2.870907485485076904e-01,3.551958501338958740e-02,1.432295739650726318e-01,2.830187380313873291e-01,1.324714869260787964e-01,2.225930541753768921e-01,2.225303202867507935e-01,3.709449172019958496e-01,2.808107137680053711e-01,1.963908076286315918e-01,1.728449016809463501e-01,1.066356450319290161e-01,1.566886901855468750e-01,3.988463878631591797e-01,4.290821850299835205e-01,3.770295977592468262e-01,3.848128318786621094e-01,1.156400889158248901e-01,1.555349528789520264e-01,2.324897795915603638e-02,5.065659061074256897e-02,1.898616552352905273e-01,1.173673197627067566e-01,6.298479437828063965e-02,2.006762474775314331e-01,2.346539199352264404e-01,1.883886307477951050e-01,-1.084646433591842651e-01,9.799539297819137573e-02,-5.052366852760314941e-02,6.957934796810150146e-02,-6.114608421921730042e-02,-1.065261196345090866e-02,-4.212700575590133667e-02,6.736250966787338257e-02,-8.235308527946472168e-02,-9.487857110798358917e-03,-1.278704404830932617e-01,-2.961754053831100464e-02,9.738832712173461914e-02,2.041181474924087524e-01,-1.636258214712142944e-01,1.172699481248855591e-01,-5.414675176143646240e-02,4.740441963076591492e-02,-6.990978121757507324e-02,-2.268237149110063910e-04,-8.305614441633224487e-02,4.755737632513046265e-02,-1.975599676370620728e-02,6.088044494390487671e-02,6.241933256387710571e-02,3.561342135071754456e-02,-5.786950886249542236e-02,-8.915767818689346313e-02,3.591265380382537842e-01,2.867304384708404541e-01,2.722404897212982178e-01,3.080597817897796631e-01,2.251211851835250854e-01,2.519169747829437256e-01,1.698529720306396484e-01,1.077244505286216736e-01,6.750895082950592041e-02,-2.466750890016555786e-02,-2.475438266992568970e-02,1.553064584732055664e-01,2.383249402046203613e-01,2.571580111980438232e-01,-1.001259759068489075e-01,5.440631881356239319e-02,1.620061099529266357e-01,1.707372218370437622e-01,-3.664557635784149170e-02,1.281240731477737427e-01,-6.643788516521453857e-02,-3.278892859816551208e-02,-8.272755146026611328e-02,5.233355611562728882e-02,1.336137205362319946e-01,9.861816465854644775e-02,7.142031192779541016e-02,4.930581431835889816e-03,-1.450137700885534286e-02,2.269942872226238251e-02,-1.158085931092500687e-02,9.537152945995330811e-02,-3.460368514060974121e-02,8.438330888748168945e-02,7.443875819444656372e-02,2.440786212682723999e-01,-3.024372458457946777e-02,8.819980174303054810e-02,1.688026934862136841e-01,-4.901222418993711472e-03,-1.412822213023900986e-02,-7.906704209744930267e-03,4.029269516468048096e-02,-5.385466292500495911e-02,-3.128484589979052544e-03,7.350411266088485718e-02
1.360683236271142960e-02,1.170741468667984009e-01,3.261406421661376953e-01,2.177834510803222656e-01,5.243617892265319824e-01,3.331964313983917236e-01,3.342456221580505371e-01,3.484436571598052979e-01,1.000000119209289551e+00,5.721974968910217285e-01,2.501344382762908936e-01,2.175724655389785767e-01,4.323599636554718018e-01,2.661578357219696045e-01,6.238967776298522949e-01,5.111483931541442871e-01,2.244901470839977264e-02,-2.736824192106723785e-02,1.883777529001235962e-01,6.713092327117919922e-02,3.498289585113525391e-01,2.257572710514068604e-01,4.504931867122650146e-01,3.948194384574890137e-01,5.752986669540405273e-01,5.325757861137390137e-01,2.972182929515838623e-01,3.194426000118255615e-01,3.853782713413238525e-01,3.214562833309173584e-01,5.157306194305419922e-01,5.222666263580322266e-01,2.972555756568908691e-01,2.752430737018585205e-01,1.573237776756286621e-01,1.168209686875343323e-01,1.584419757127761841e-01,-2.513264678418636322e-02,9.829434007406234741e-02,1.419200003147125244e-02,1.788546741008758545e-01,5.254800245165824890e-02,1.099105253815650940e-01,1.596600264310836792e-01,1.521897763013839722e-01,2.065546661615371704e-01,4.399354755878448486e-02,7.482611387968063354e-02,2.072799354791641235e-01,2.049405276775360107e-01,1.688517779111862183e-01,1.560467928647994995e-01,1.058042496442794800e-01,1.442508399486541748e-01,1.040487587451934814e-01,1.339772809296846390e-02,-1.152487285435199738e-02,1.133159548044204712e-01,1.306281089782714844e-01,1.120377406477928162e-01,1.082973927259445190e-01,1.284792739897966385e-02,-9.535465389490127563e-02,1.763309910893440247e-02,-3.157695755362510681e-02,1.887554861605167389e-02,1.456990838050842285e-01,1.497353911399841309e-01,3.939813748002052307e-02,1.087626144289970398e-01,3.295865356922149658e-01,2.074891775846481323e-01,2.344977557659149170e-01,1.576111614704132080e-01,2.230313122272491455e-01,3.440917134284973145e-01,1.995532363653182983e-01,1.631401628255844116e-01,-2.869587577879428864e-02,-1.543656140565872192e-01,4.979887977242469788e-03,-1.268903464078903198e-01,2.845611572265625000e-01,2.859743237495422363e-01,1.526568736881017685e-02,8.516439236700534821e-03,2.729438245296478271e-01,3.191005587577819824e-01,4.544925689697265625e-02,4.335753619670867920e-02,8.215270936489105225e-02,4.830082505941390991e-02,-2.823327295482158661e-02,6.050211936235427856e-02,-2.494463138282299042e-02,-4.279075935482978821e-02,-7.419753074645996094e-02,2.592001669108867645e-02,8.606144040822982788e-02,6.316927075386047363e-02,-1.509364694356918335e-01,3.324505686759948730e-02,1.963848434388637543e-02,8.656008541584014893e-02,-8.026876300573348999e-02,4.676063358783721924e-02,-9.095918387174606323e-02,-1.088924109935760498e-01,1.135459616780281067e-01,-8.706860989332199097e-02,3.404010459780693054e-02,1.319305896759033203e-01,2.569630146026611328e-01,1.010599136352539062e-01,-1.379449944943189621e-02,1.288652978837490082e-02
-1.413355171680450439e-01,-7.904832810163497925e-02,1.024731323122978210e-01,4.621734842658042908e-02,4.808043539524078369e-01,3.731323778629302979e-01,9.387415647506713867e-02,2.852427959442138672e-01,5.721974968910217285e-01,9.999998807907104492e-01,2.396657764911651611e-01,2.064618915319442749e-01,2.090077251195907593e-01,2.851570844650268555e-01,6.875180006027221680e-01,6.834695935249328613e-01,-2.158322334289550781e-01,-1.544776111841201782e-01,2.537505142390727997e-02,-1.994767934083938599e-01,1.499588787555694580e-01,1.351063698530197144e-01,3.200505077838897705e-01,2.864674925804138184e-01,4.845733046531677246e-01,3.652208149433135986e-01,2.053786367177963257e-01,2.398819625377655029e-01,1.717202663421630859e-01,2.621246874332427979e-01,3.442748785018920898e-01,3.830538392066955566e-01,4.356272891163825989e-02,-2.760762348771095276e-02,2.202155441045761108e-02,-1.861921139061450958e-02,-1.513812690973281860e-01,-1.890887618064880371e-01,-1.151772439479827881e-01,-8.971296995878219604e-02,-6.029614061117172241e-02,-1.532249897718429565e-01,1.699291020631790161e-01,2.109625339508056641e-01,1.017105951905250549e-01,1.455243974924087524e-01,2.450535446405410767e-01,2.147934138774871826e-01,2.131970822811126709e-01,2.036785036325454712e-01,2.297330647706985474e-01,1.810577213764190674e-01,1.728016734123229980e-01,3.165695965290069580e-01,1.804092824459075928e-01,1.725212037563323975e-01,-1.753567755222320557e-01,-1.433178689330816269e-02,5.101117119193077087e-02,7.212034612894058228e-02,4.741227254271507263e-02,-3.559252619743347168e-02,-1.197418123483657837e-01,1.000324729830026627e-02,-7.403910160064697266e-02,-9.431933611631393433e-02,-5.585819855332374573e-02,-7.601667940616607666e-02,-8.638071268796920776e-02,-6.378822028636932373e-02,2.426980435848236084e-01,6.882101297378540039e-02,8.172167581506073475e-04,9.149047546088695526e-04,2.550891339778900146e-01,4.090333282947540283e-01,-6.903609633445739746e-02,-1.025606989860534668e-01,-1.113161295652389526e-01,-2.807362377643585205e-01,-1.640178710222244263e-01,-2.274737656116485596e-01,4.094926714897155762e-01,2.379751801490783691e-01,-1.386844068765640259e-01,-1.300922185182571411e-01,2.998643815517425537e-01,2.841089069843292236e-01,-5.820676311850547791e-02,4.478492191992700100e-04,1.988122165203094482e-01,9.345190227031707764e-02,2.216435670852661133e-01,1.258910596370697021e-01,3.099794499576091766e-02,-1.241803765296936035e-01,-2.249059826135635376e-02,-1.094255074858665466e-01,6.863602995872497559e-02,-3.085434995591640472e-02,5.485991714522242546e-04,1.620902121067047119e-01,-1.746405959129333496e-01,-9.734582155942916870e-02,-2.519175112247467041e-01,-6.471545249223709106e-02,-9.074446558952331543e-02,-1.415247321128845215e-01,3.596891090273857117e-02,-8.370063453912734985e-02,-9.466510266065597534e-02,5.698129534721374512e-02,1.455433964729309082e-01,-1.200713962316513062e-01,-1.666155904531478882e-01,-1.587589643895626068e-02
2.701497077941894531e-01,-7.596535235643386841e-02,3.111667633056640625e-01,9.840877354145050049e-02,7.055127620697021484e-02,-8.333174884319305420e-02,3.456940650939941406e-01,2.975480556488037109e-01,2.501344382762908936e-01,2.396657764911651611e-01,1.000000000000000000e+00,3.665350675582885742e-01,5.975753664970397949e-01,4.072362184524536133e-01,2.982125878334045410e-01,3.434895277023315430e-01,4.611311480402946472e-03,8.627748489379882812e-02,1.771217584609985352e-01,-9.742093831300735474e-02,1.471280455589294434e-01,2.163613438606262207e-01,2.473336160182952881e-01,9.523412585258483887e-02,9.911005198955535889e-02,-3.311054781079292297e-02,2.268957719206809998e-02,2.474174089729785919e-02,2.731746435165405273e-01,3.562735021114349365e-01,2.661530375480651855e-01,2.508547008037567139e-01,2.587219141423702240e-02,8.745878934860229492e-03,-1.427634358406066895e-01,-6.989231798797845840e-03,2.260288745164871216e-01,4.931957647204399109e-02,5.487908795475959778e-02,6.915514171123504639e-02,2.505946159362792969e-01,2.559913508594036102e-02,-1.886174380779266357e-01,-7.238391786813735962e-02,-1.258311271667480469e-01,-1.363869160413742065e-01,-1.816379465162754059e-02,-8.108388632535934448e-02,-6.221949681639671326e-02,-1.402039378881454468e-01,-3.083137050271034241e-02,-2.502129971981048584e-01,-1.325318664312362671e-01,-1.237570792436599731e-01,1.176135540008544922e-01,1.322836875915527344e-01,1.256504561752080917e-02,-2.408080101013183594e-01,1.105442829430103302e-02,-9.671826660633087158e-02,1.402727067470550537e-01,-2.085904479026794434e-01,2.325112819671630859e-01,-1.408864408731460571e-01,8.344779163599014282e-02,-1.773344874382019043e-01,-1.501273270696401596e-02,-8.052475005388259888e-02,-9.601545333862304688e-02,-2.346333563327789307e-01,2.705630660057067871e-01,1.753606349229812622e-01,7.527889311313629150e-02,1.276621371507644653e-01,2.618551850318908691e-01,2.302387654781341553e-01,1.134298294782638550e-01,2.522200718522071838e-02,-8.093515038490295410e-02,-6.182084605097770691e-02,9.092982858419418335e-02,-7.807764410972595215e-02,3.963452577590942383e-01,1.006650328636169434e-01,3.263365849852561951e-02,-2.359746396541595459e-01,1.047901213169097900e-01,-4.774402454495429993e-02,-4.490858409553766251e-04,-1.923378705978393555e-01,1.248653628863394260e-03,-3.099873363971710205e-01,-2.654570527374744415e-02,-1.497382372617721558e-01,1.600220501422882080e-01,3.636678680777549744e-02,1.230199635028839111e-01,-1.745556592941284180e-01,-9.133064746856689453e-02,-2.964273691177368164e-01,-5.262143164873123169e-02,7.921365648508071899e-02,-1.757157891988754272e-01,-2.279508262872695923e-01,-5.043114721775054932e-02,2.826774306595325470e-02,1.116639971733093262e-01,2.041562944650650024e-01,1.298543214797973633e-01,4.411777108907699585e-02,-5.023768544197082520e-02,-1.615976244211196899e-01,-6.345954537391662598e-02,-2.894563972949981689e-01,-2.367593795061111450e-01,-1.588319391012191772e-01
-4.815737530589103699e-02,2.201122939586639404e-01,3.215066492557525635e-01,4.249421954154968262e-01,1.128730773925781250e-01,5.208490043878555298e-02,3.367839157581329346e-01,4.822526276111602783e-01,2.175724655389785767e-01,2.064618915319442749e-01,3.665350675582885742e-01,1.000000119209289551e+00,4.217711687088012695e-01,5.981127023696899414e-01,2.714025378227233887e-01,3.273930251598358154e-01,1.338515728712081909e-01,4.773270189762115479e-01,7.420388609170913696e-02,-4.391088709235191345e-02,2.165987491607666016e-01,3.671345412731170654e-01,1.747048944234848022e-01,1.530172526836395264e-01,1.589054167270660400e-01,1.254539005458354950e-02,1.046737283468246460e-01,2.152980864048004150e-01,3.745607733726501465e-01,5.659638643264770508e-01,3.605000078678131104e-01,3.717727065086364746e-01,6.786365807056427002e-02,1.302323639392852783e-01,-1.515037100762128830e-02,8.060427755117416382e-02,2.590826451778411865e-01,2.862529158592224121e-01,2.031595706939697266e-01,3.481670618057250977e-01,3.312659859657287598e-01,2.889606058597564697e-01,-6.092008948326110840e-02,1.217658817768096924e-01,-2.021708339452743530e-02,2.383919060230255127e-02,-4.851322993636131287e-02,7.022134214639663696e-02,-1.109419465065002441e-01,1.797704547643661499e-01,-1.670381277799606323e-01,1.640775352716445923e-01,-1.959197223186492920e-01,2.045302838087081909e-01,1.722409874200820923e-01,3.488210439682006836e-01,-3.076186180114746094e-01,6.192089617252349854e-02,-1.690846830606460571e-01,2.661067433655261993e-02,-2.489758431911468506e-01,3.055094741284847260e-03,-2.060279697179794312e-01,1.884485185146331787e-01,-1.874160915613174438e-01,3.669421002268791199e-02,-7.258138060569763184e-02,-4.957987368106842041e-02,-1.250559538602828979e-01,-1.277323812246322632e-01,3.617062568664550781e-01,4.126482009887695312e-01,3.619129061698913574e-01,4.836300909519195557e-01,1.615397781133651733e-01,2.583074867725372314e-01,1.351432502269744873e-01,1.793849468231201172e-01,1.515350192785263062e-01,3.085560500621795654e-01,6.572731584310531616e-02,4.211610257625579834e-01,1.768232583999633789e-01,3.718534111976623535e-01,-6.109272688627243042e-02,3.305607438087463379e-01,9.309247136116027832e-02,1.430604904890060425e-01,9.968321770429611206e-02,4.141816496849060059e-01,-1.343176811933517456e-01,1.828181892633438110e-01,-1.232636570930480957e-01,2.257655411958694458e-01,2.177913188934326172e-01,2.418898493051528931e-01,1.937765926122665405e-01,8.026117086410522461e-02,7.872105343267321587e-04,1.362876445055007935e-01,6.567692756652832031e-02,2.686374783515930176e-01,-3.974817693233489990e-02,1.826093196868896484e-01,7.750961929559707642e-02,3.049085736274719238e-01,1.671211719512939453e-01,2.857633233070373535e-01,1.041426509618759155e-01,2.957298979163169861e-02,4.650966078042984009e-02,3.628519177436828613e-02,7.341276109218597412e-02,-1.775186695158481598e-02,1.961838221177458763e-03,9.750091284513473511e-02
9.062364697456359863e-02,1.836320757865905762e-02,5.940030217170715332e-01,3.397406935691833496e-01,1.643607914447784424e-01,2.888130024075508118e-02,6.867263317108154297e-01,5.055405497550964355e-01,4.323599636554718018e-01,2.090077251195907593e-01,5.975753664970397949e-01,4.217711687088012695e-01,9.999998807907104492e-01,4.236067533493041992e-01,3.808820247650146484e-01,2.932778298854827881e-01,2.229191735386848450e-02,1.847904473543167114e-01,1.496393680572509766e-01,-3.812820091843605042e-02,2.535799145698547363e-01,2.629484236240386963e-01,3.475103676319122314e-01,2.751613855361938477e-01,2.595865726470947266e-01,1.841416954994201660e-01,1.685366034507751465e-01,1.824685335159301758e-01,4.406624734401702881e-01,4.373198449611663818e-01,4.699072241783142090e-01,4.741859138011932373e-01,2.172632329165935516e-02,9.756758064031600952e-02,-6.948007643222808838e-02,4.789932444691658020e-02,2.225642204284667969e-01,2.664514258503913879e-02,8.688941597938537598e-02,1.334418356418609619e-01,3.792212605476379395e-01,2.130735218524932861e-01,-1.678988486528396606e-01,2.469119615852832794e-02,-6.443202495574951172e-02,-1.811518892645835876e-02,-1.760144084692001343e-01,-1.217901334166526794e-01,-7.856389880180358887e-02,1.679966598749160767e-02,-1.004630848765373230e-01,-1.004618182778358459e-01,-2.236189693212509155e-01,-1.587283909320831299e-01,-1.905154064297676086e-02,6.707295030355453491e-02,-1.066498756408691406e-01,-1.429211944341659546e-01,3.233221545815467834e-02,-9.827103465795516968e-03,2.718888781964778900e-02,-9.219335019588470459e-02,5.150779709219932556e-02,-1.676816195249557495e-01,1.126144081354141235e-01,4.139180481433868408e-02,5.041821673512458801e-02,1.174525823444128036e-02,-2.034902572631835938e-01,-2.180904448032379150e-01,3.601093888282775879e-01,3.225681483745574951e-01,2.368002086877822876e-01,2.737331092357635498e-01,2.397770583629608154e-01,2.694371640682220459e-01,1.294323205947875977e-01,5.905480310320854187e-02,1.482835970818996429e-02,9.452710859477519989e-03,9.986639022827148438e-02,-6.251187063753604889e-03,3.903136849403381348e-01,2.976630628108978271e-01,-1.959832152351737022e-03,-1.069254875183105469e-01,2.721927464008331299e-01,1.856430023908615112e-01,-4.322609305381774902e-02,-3.876743093132972717e-02,-1.915264725685119629e-01,-2.174922823905944824e-01,-1.667946279048919678e-01,-3.401034697890281677e-02,1.512857377529144287e-01,4.409209266304969788e-02,5.933736637234687805e-02,-1.233776658773422241e-01,-1.989124715328216553e-01,-1.867928653955459595e-01,-7.423318177461624146e-02,1.022219210863113403e-01,-5.296677723526954651e-02,-1.574377901852130890e-02,4.512051492929458618e-02,1.554730236530303955e-01,1.339855641126632690e-01,2.088906317949295044e-01,1.803056597709655762e-01,2.641929313540458679e-02,-1.277821138501167297e-02,-1.595556288957595825e-01,-1.162802148610353470e-02,-1.631872355937957764e-01,-1.264199912548065186e-01,-3.129965066909790039e-02
