1.000000238418579102e+00,4.824098646640777588e-01,2.431514710187911987e-01,5.276086181402206421e-02,-5.633648484945297241e-02,-1.949516832828521729e-01,1.897114813327789307e-01,-1.670017838478088379e-03,8.582629263401031494e-02,-2.555846422910690308e-02,3.092860579490661621e-01,-1.631262339651584625e-02,1.310959309339523315e-01,-4.778298083692789078e-03,1.575768291950225830e-01,-4.162960126996040344e-02,1.145012229681015015e-01,1.241541206836700439e-01,5.925474166870117188e-01,5.523632168769836426e-01,-1.400595158338546753e-01,-9.091832488775253296e-02,2.744237780570983887e-01,9.811309166252613068e-03,-5.623659119009971619e-02,-1.099781319499015808e-01,1.254913061857223511e-01,-1.163909677416086197e-02,-5.708645656704902649e-02,-1.036324799060821533e-01,2.406253945082426071e-03,-9.056862443685531616e-02,4.786351919174194336e-01,3.208999931812286377e-01,1.955423802137374878e-01,8.520993590354919434e-02,8.092341572046279907e-02,2.740120701491832733e-02,2.015143185853958130e-01,1.405826807022094727e-01,6.470233947038650513e-02,4.672975093126296997e-02,2.201764881610870361e-01,1.842993795871734619e-01,1.267677247524261475e-01,7.142098993062973022e-02,2.183597236871719360e-01,2.923519313335418701e-01,3.178309798240661621e-01,1.906396001577377319e-01,3.388737142086029053e-01,2.043978869915008545e-01,3.055510818958282471e-01,2.380391806364059448e-01,2.053156942129135132e-01,1.458802968263626099e-01,6.332638263702392578e-01,4.447430372238159180e-01,4.533486664295196533e-01,3.507859408855438232e-01,4.694530665874481201e-01,3.314125537872314453e-01,4.128405153751373291e-01,2.046557366847991943e-01,2.463234812021255493e-01,4.389992356300354004e-02,3.587417900562286377e-01,2.056580632925033569e-01,5.316202640533447266e-01,4.669259786605834961e-01,-1.739268936216831207e-02,-4.866819456219673157e-02,2.040603198111057281e-02,-3.421763330698013306e-02,5.690373107790946960e-02,2.620117366313934326e-02,3.738595172762870789e-02,8.263151347637176514e-02,8.493123948574066162e-02,6.399387866258621216e-02,1.052236184477806091e-01,1.358138173818588257e-01,-1.065280586481094360e-01,2.384936250746250153e-02,3.849795758724212646e-01,2.690476179122924805e-01,1.384704653173685074e-02,3.763027861714363098e-02,1.569725871086120605e-01,1.908863782882690430e-01,6.580711156129837036e-02,1.551299393177032471e-01,1.947517544031143188e-01,2.298683226108551025e-01,-1.311416551470756531e-02,3.438749909400939941e-02,8.376654982566833496e-02,1.121783331036567688e-01,1.575311720371246338e-01,2.944127321243286133e-01,1.887335628271102905e-01,3.178593218326568604e-01,1.496607661247253418e-01,2.723141610622406006e-01,1.032872200012207031e-01,1.278841793537139893e-01,7.751791924238204956e-02,-1.156029701232910156e-01,-6.433795392513275146e-02,2.074227668344974518e-02,2.335676401853561401e-01,7.014720886945724487e-02,7.263822108507156372e-02,5.185490101575851440e-02,-8.114984631538391113e-02,4.799473565071821213e-03
4.824098646640777588e-01,9.999998807907104492e-01,3.414674401283264160e-01,3.347207009792327881e-01,6.790116429328918457e-02,-2.889167517423629761e-02,1.931349933147430420e-01,2.638022005558013916e-01,1.202093157917261124e-02,-1.339337229728698730e-02,2.015061229467391968e-01,2.814657688140869141e-01,1.944287419319152832e-01,1.824259161949157715e-01,8.225668221712112427e-02,1.839402616024017334e-01,4.764528572559356689e-02,3.645291030406951904e-01,4.241344034671783447e-01,5.450025796890258789e-01,-1.007682178169488907e-02,1.631868034601211548e-01,3.512905538082122803e-01,3.044485151767730713e-01,1.336571574211120605e-01,7.081129401922225952e-02,1.623872667551040649e-01,6.217136606574058533e-02,6.609635800123214722e-02,8.300877362489700317e-02,2.036448270082473755e-01,1.883373707532882690e-01,4.663223326206207275e-01,5.443007349967956543e-01,1.487896777689456940e-02,-1.486468967050313950e-02,7.866863906383514404e-02,2.803260926157236099e-03,1.743734776973724365e-01,1.367841064929962158e-01,8.153866231441497803e-02,1.094602867960929871e-01,1.085754111409187317e-01,1.714203804731369019e-01,1.600212007761001587e-01,2.234284132719039917e-01,1.772287487983703613e-01,2.090143412351608276e-01,4.069829881191253662e-01,4.008742868900299072e-01,3.528420627117156982e-01,3.603081107139587402e-01,3.192895650863647461e-01,1.537006795406341553e-01,1.123967319726943970e-01,7.631446421146392822e-02,4.852367639541625977e-01,6.992041468620300293e-01,4.641740918159484863e-01,5.772486329078674316e-01,2.432630956172943115e-01,4.844769239425659180e-01,9.019299596548080444e-02,4.509017765522003174e-01,1.227633282542228699e-02,2.364312112331390381e-01,4.026755392551422119e-01,1.986222118139266968e-01,5.720111727714538574e-01,4.569115638732910156e-01,1.011845618486404419e-01,1.306316703557968140e-01,8.268117159605026245e-02,6.362972408533096313e-02,5.448274686932563782e-02,3.809463605284690857e-02,-7.692934572696685791e-02,2.959608100354671478e-02,9.368547797203063965e-02,2.154712677001953125e-01,6.581660360097885132e-02,3.444460034370422363e-01,1.778348721563816071e-02,2.370765358209609985e-01,3.444930016994476318e-01,4.097576141357421875e-01,-2.083457261323928833e-02,1.120900139212608337e-01,-1.432200614362955093e-02,2.434885352849960327e-01,-5.039600282907485962e-02,-2.520835027098655701e-02,-1.623003557324409485e-02,-4.471044987440109253e-02,-7.712466176599264145e-03,5.178057774901390076e-02,2.390544861555099487e-02,-1.342918956652283669e-03,2.901150472462177277e-02,1.911410689353942871e-01,4.083678126335144043e-02,9.107479453086853027e-02,-8.103224635124206543e-02,-1.539214700460433960e-02,-1.225144863128662109e-01,-7.922273874282836914e-02,6.254998594522476196e-02,-7.504362612962722778e-02,-2.226516808150336146e-04,1.995866931974887848e-02,1.136489138007164001e-01,-1.101432144641876221e-01,-1.236149370670318604e-01,-2.344690263271331787e-02,-1.992435753345489502e-01,-6.425859779119491577e-02
2.431514710187911987e-01,3.414674401283264160e-01,1.000000119209289551e+00,6.567668318748474121e-01,3.666975498199462891e-01,2.156961262226104736e-01,7.142701745033264160e-01,6.149198412895202637e-01,2.889687418937683105e-01,6.147944927215576172e-02,3.393718600273132324e-01,4.109731912612915039e-01,4.779452085494995117e-01,3.513162732124328613e-01,7.990004867315292358e-02,4.996124655008316040e-03,1.565321385860443115e-01,2.715901434421539307e-01,2.980938255786895752e-01,2.965075969696044922e-01,3.933334350585937500e-02,7.755650579929351807e-02,7.165161967277526855e-01,6.188075542449951172e-01,2.747845053672790527e-01,2.725864946842193604e-01,2.737609669566154480e-02,-1.227969452738761902e-01,1.571072936058044434e-01,1.475101262331008911e-01,4.635361135005950928e-01,4.137184321880340576e-01,4.479970335960388184e-01,4.205289185047149658e-01,2.814701795578002930e-01,2.285106182098388672e-01,-8.765316009521484375e-02,-3.432408720254898071e-02,2.249484695494174957e-02,-4.817420616745948792e-02,9.918474825099110603e-04,-9.423628449440002441e-02,1.744978502392768860e-02,7.011143118143081665e-02,1.134891510009765625e-01,1.568174362182617188e-01,6.704705208539962769e-02,7.773340493440628052e-02,2.784661352634429932e-01,2.419356256723403931e-01,2.130142599344253540e-01,2.078889012336730957e-01,4.000239819288253784e-02,-9.945499897003173828e-02,-8.041062206029891968e-02,-1.805523633956909180e-01,1.115246638655662537e-01,1.403283923864364624e-01,3.324240148067474365e-01,1.928119063377380371e-01,3.539669215679168701e-01,1.268862485885620117e-01,2.284812629222869873e-01,2.101250141859054565e-01,4.050508737564086914e-01,3.062217235565185547e-01,3.419616222381591797e-01,2.853549420833587646e-01,7.293253391981124878e-02,1.308406442403793335e-01,3.616650104522705078e-01,3.661426007747650146e-01,2.064141482114791870e-01,2.408496588468551636e-01,2.577215433120727539e-01,1.724343597888946533e-01,2.641343772411346436e-01,3.279181122779846191e-01,1.458971500396728516e-01,1.852436661720275879e-01,1.243950426578521729e-01,2.794904410839080811e-01,-9.418914467096328735e-02,-9.597108513116836548e-02,9.671410918235778809e-02,8.656622469425201416e-02,-1.561688035726547241e-01,-8.883470296859741211e-02,5.329141765832901001e-02,-3.017283743247389793e-03,-3.175967931747436523e-02,1.128508988767862320e-02,3.867375850677490234e-02,-3.613000363111495972e-02,-2.957063540816307068e-02,-1.999100483953952789e-02,-4.374117590487003326e-03,-7.645981758832931519e-02,2.517301589250564575e-02,2.022434957325458527e-02,2.554508484899997711e-02,2.001031339168548584e-01,-5.507703870534896851e-02,9.091810137033462524e-02,-4.429227858781814575e-02,1.472599245607852936e-02,7.938514649868011475e-02,8.146109431982040405e-02,-2.663413248956203461e-02,6.272606551647186279e-02,1.476549357175827026e-01,-7.613024860620498657e-02,-9.767051041126251221e-02,3.211580682545900345e-03,-4.804312437772750854e-02,4.177853465080261230e-02
5.276086181402206421e-02,3.347207009792327881e-01,6.567668318748474121e-01,9.999995231628417969e-01,3.287676572799682617e-01,3.301247656345367432e-01,5.827368497848510742e-01,7.496101260185241699e-01,1.504616439342498779e-01,4.407810792326927185e-02,2.021147459745407104e-01,4.939517378807067871e-01,3.895079493522644043e-01,4.230839908123016357e-01,4.412573948502540588e-02,1.340068429708480835e-01,1.176485121250152588e-01,2.739873826503753662e-01,7.313480973243713379e-02,1.626805365085601807e-01,9.472265839576721191e-02,1.728565692901611328e-01,5.822795629501342773e-01,7.200793027877807617e-01,2.446250170469284058e-01,2.941419482231140137e-01,-3.083041124045848846e-02,-6.066456437110900879e-02,2.447769790887832642e-01,2.941569685935974121e-01,4.580342173576354980e-01,4.705204963684082031e-01,3.212313950061798096e-01,4.164668321609497070e-01,1.271864026784896851e-01,1.654682904481887817e-01,-1.886627972126007080e-01,-6.150282174348831177e-02,-2.700577676296234131e-02,-4.706123471260070801e-02,-1.929285190999507904e-02,-5.690453201532363892e-02,-1.012356281280517578e-01,-1.662689028307795525e-03,4.150927066802978516e-02,1.212101429700851440e-01,-3.510780259966850281e-02,-4.797088727355003357e-02,1.330784112215042114e-01,1.602426469326019287e-01,6.288145482540130615e-02,1.463841795921325684e-01,-1.139742359519004822e-01,-2.360440939664840698e-01,-2.081317156553268433e-01,-2.404048293828964233e-01,-2.997281402349472046e-02,4.999816045165061951e-02,2.427099645137786865e-01,1.313503086566925049e-01,1.856008768081665039e-01,9.825552999973297119e-02,1.117824688553810120e-01,2.310089170932769775e-01,2.090374976396560669e-01,3.092294037342071533e-01,1.880149245262145996e-01,2.024342119693756104e-01,-8.970322459936141968e-02,-9.747806191444396973e-02,3.275443613529205322e-01,3.639960587024688721e-01,1.957662999629974365e-01,2.499179989099502563e-01,2.241447567939758301e-01,1.622729301452636719e-01,1.828207820653915405e-01,2.454033046960830688e-01,8.804401010274887085e-02,1.782316416501998901e-01,1.521965414285659790e-01,2.963417470455169678e-01,-2.293608337640762329e-02,-1.126451790332794189e-02,-4.812458530068397522e-02,4.894423484802246094e-02,-1.492270231246948242e-01,-8.211692422628402710e-02,-8.123967563733458519e-04,-5.388408526778221130e-02,-1.250220090150833130e-01,-1.471417397260665894e-01,-3.133578225970268250e-02,-1.848179697990417480e-01,1.687846519052982330e-02,8.121784031391143799e-02,-6.990086287260055542e-02,-1.161077097058296204e-01,-8.679328858852386475e-02,-1.092109233140945435e-01,1.735677383840084076e-02,3.705306351184844971e-02,-9.816484898328781128e-02,-3.803947195410728455e-02,-1.112565174698829651e-01,-3.932598978281021118e-02,1.069928482174873352e-01,1.208618432283401489e-01,1.823134347796440125e-02,3.799929097294807434e-02,4.759018123149871826e-02,-1.379346251487731934e-01,-1.419215053319931030e-01,-1.557772886008024216e-02,-4.803232848644256592e-02,-4.545913264155387878e-02
-5.633648484945297241e-02,6.790116429328918457e-02,3.666975498199462891e-01,3.287676572799682617e-01,1.000000476837158203e+00,5.503413677215576172e-01,4.730182886123657227e-01,4.029829204082489014e-01,6.141712665557861328e-01,3.086197674274444580e-01,2.119750082492828369e-01,3.573886752128601074e-01,5.435569882392883301e-01,4.120309054851531982e-01,3.747050464153289795e-01,3.626365363597869873e-01,2.917452752590179443e-01,2.907025814056396484e-01,-1.141323670744895935e-01,-8.894401043653488159e-02,1.445914804935455322e-01,1.171603426337242126e-01,3.562684059143066406e-01,3.864454925060272217e-01,6.047722101211547852e-01,6.216818094253540039e-01,2.676213383674621582e-01,2.286237478256225586e-02,4.188216626644134521e-01,3.784293234348297119e-01,4.886667132377624512e-01,4.545317888259887695e-01,1.716087013483047485e-01,1.602832078933715820e-01,1.260614693164825439e-01,1.139065921306610107e-01,-1.412571966648101807e-01,-8.155080676078796387e-02,4.001376405358314514e-02,-7.369358092546463013e-02,1.361608952283859253e-01,-5.287557840347290039e-02,-5.555607005953788757e-02,7.119783759117126465e-02,9.771680086851119995e-02,1.637373715639114380e-01,-1.648242399096488953e-02,-5.328897014260292053e-02,2.790177166461944580e-01,2.642543613910675049e-01,1.452405452728271484e-01,2.318237274885177612e-01,-1.437324285507202148e-01,-1.795269846916198730e-01,-1.158771887421607971e-01,-2.109968662261962891e-01,-7.721608132123947144e-02,-8.781771361827850342e-02,2.046894729137420654e-01,1.009629666805267334e-01,2.326412498950958252e-01,-1.233335770666599274e-02,8.739864826202392578e-02,8.683762699365615845e-02,2.586291730403900146e-01,2.702137231826782227e-01,1.700588166713714600e-01,1.386671960353851318e-01,-8.888328075408935547e-02,-8.309284597635269165e-02,5.592210292816162109e-01,5.521698594093322754e-01,4.951085746288299561e-01,5.000622272491455078e-01,4.585444331169128418e-01,3.767554163932800293e-01,3.199260234832763672e-01,3.434084951877593994e-01,2.535207569599151611e-01,2.815177142620086670e-01,3.196704089641571045e-01,2.919653058052062988e-01,1.614089757204055786e-01,-4.992833733558654785e-02,1.469868570566177368e-01,9.728568047285079956e-02,-2.068992257118225098e-01,-2.122047096490859985e-01,-1.410953998565673828e-01,-1.581014841794967651e-01,-1.284371614456176758e-01,-9.339369833469390869e-02,-1.426008343696594238e-01,-1.863560229539871216e-01,-2.187814265489578247e-01,-1.573817580938339233e-01,-1.964134722948074341e-01,-2.695633471012115479e-01,-4.244014248251914978e-02,-1.454290300607681274e-01,-5.532639101147651672e-02,9.607677161693572998e-02,3.057268448173999786e-02,1.247015371918678284e-01,9.553761780261993408e-02,7.804626971483230591e-02,-2.548030763864517212e-02,9.740228950977325439e-02,-2.108296900987625122e-01,-1.867565661668777466e-01,1.633030921220779419e-02,-1.152635738253593445e-01,-8.329252153635025024e-02,4.043072834610939026e-02,-1.992863416671752930e-02,1.734472066164016724e-02
-1.949516832828521729e-01,-2.889167517423629761e-02,2.156961262226104736e-01,3.301247656345367432e-01,5.503413677215576172e-01,9.999996423721313477e-01,2.998601496219635010e-01,4.190845787525177002e-01,3.315562307834625244e-01,4.841987788677215576e-01,-3.036737628281116486e-02,2.536275088787078857e-01,2.714621722698211670e-01,3.314845263957977295e-01,1.311838179826736450e-01,3.953491449356079102e-01,4.061665385961532593e-02,4.388492554426193237e-02,-2.688702046871185303e-01,-2.298990041017532349e-01,1.930805891752243042e-01,8.292333036661148071e-02,1.521854698657989502e-01,3.181282877922058105e-01,2.901734709739685059e-01,3.989835381507873535e-01,1.266009807586669922e-01,1.504069864749908447e-01,2.738678753376007080e-01,2.230501919984817505e-01,1.933376491069793701e-01,2.797961235046386719e-01,-1.353583950549364090e-02,1.149565130472183228e-01,2.105743158608675003e-03,7.076620310544967651e-02,-1.763669848442077637e-01,-1.732208281755447388e-01,1.069168560206890106e-02,-4.945840686559677124e-02,8.193275332450866699e-02,-8.256538771092891693e-03,-1.472143530845642090e-01,-2.324615232646465302e-02,1.358486339449882507e-02,8.091327548027038574e-02,-1.522457748651504517e-01,-1.534587740898132324e-01,4.869093373417854309e-02,1.272998303174972534e-01,-5.787681043148040771e-02,1.735937595367431641e-01,-3.143788278102874756e-01,-1.862352043390274048e-01,-2.189786881208419800e-01,-1.138815358281135559e-01,-2.817110121250152588e-01,-1.892011016607284546e-01,-5.151757970452308655e-02,-3.698109090328216553e-02,8.213113178499042988e-04,-7.533243298530578613e-02,-1.144383475184440613e-01,8.599125593900680542e-02,9.228855371475219727e-02,3.262240886688232422e-01,-2.063977904617786407e-02,3.547065705060958862e-02,-2.235675007104873657e-01,-2.834927141666412354e-01,3.321043550968170166e-01,3.355681300163269043e-01,2.934085726737976074e-01,2.496896535158157349e-01,2.715316712856292725e-01,2.153411507606506348e-01,2.002041786909103394e-01,1.507163494825363159e-01,2.526946552097797394e-02,-2.974988427013158798e-03,1.035323813557624817e-01,1.022021025419235229e-01,1.503491699695587158e-01,-8.806299418210983276e-02,-7.765460014343261719e-02,-7.071645557880401611e-02,-1.140898391604423523e-01,-1.460027545690536499e-01,-8.357851952314376831e-02,-7.307015359401702881e-02,-8.908861130475997925e-02,-1.535517722368240356e-01,-1.906300708651542664e-02,-1.641696095466613770e-01,-1.381493806838989258e-01,-9.633341431617736816e-02,-1.606544107198715210e-01,-2.227818965911865234e-01,-1.234827414155006409e-01,-2.704505324363708496e-01,7.750312238931655884e-02,-1.402374356985092163e-02,1.053984314203262329e-01,8.723095059394836426e-02,9.981448948383331299e-02,5.563874170184135437e-02,-1.894924417138099670e-02,1.016340479254722595e-01,-1.711910665035247803e-01,-1.290538161993026733e-01,-1.170233637094497681e-02,-7.888817787170410156e-02,-2.168861962854862213e-02,3.285987675189971924e-02,2.272323518991470337e-02,-4.851518198847770691e-03
1.897114813327789307e-01,1.931349933147430420e-01,7.142701745033264160e-01,5.827368497848510742e-01,4.730182886123657227e-01,2.998601496219635010e-01,9.999998807907104492e-01,6.148504018783569336e-01,4.219259321689605713e-01,1.192399859428405762e-01,3.894867897033691406e-01,4.284434616565704346e-01,5.935203433036804199e-01,4.115146994590759277e-01,1.644230782985687256e-01,4.121294990181922913e-02,2.193811684846878052e-01,2.786538004875183105e-01,1.764551848173141479e-01,1.784472018480300903e-01,8.742331527173519135e-03,1.155814435333013535e-02,6.451807022094726562e-01,5.562096834182739258e-01,3.183563947677612305e-01,3.644558489322662354e-01,2.660668268799781799e-02,-1.613911986351013184e-01,2.344289124011993408e-01,2.136326879262924194e-01,4.910793900489807129e-01,4.250903129577636719e-01,4.557848572731018066e-01,3.760610520839691162e-01,2.608262598514556885e-01,2.567811012268066406e-01,-1.591321080923080444e-01,-5.319977551698684692e-02,-5.516393110156059265e-03,-8.644583076238632202e-02,5.074369721114635468e-03,-1.564026027917861938e-01,-1.397711411118507385e-02,2.449370920658111572e-02,1.114163100719451904e-01,1.373613923788070679e-01,-6.018441636115312576e-04,1.076400373131036758e-02,2.732954025268554688e-01,1.973508596420288086e-01,2.030006200075149536e-01,1.832540631294250488e-01,-5.550226941704750061e-02,-1.508725434541702271e-01,-1.004293859004974365e-01,-2.113718837499618530e-01,3.721741214394569397e-02,1.075891591608524323e-02,3.398992419242858887e-01,1.163289621472358704e-01,4.381963610649108887e-01,9.235461056232452393e-02,3.080741763114929199e-01,1.758256852626800537e-01,4.407044351100921631e-01,3.044238984584808350e-01,3.199216425418853760e-01,2.840229868888854980e-01,7.633825764060020447e-03,7.555261999368667603e-02,4.507806897163391113e-01,4.389790296554565430e-01,3.000996112823486328e-01,3.456182479858398438e-01,3.085766136646270752e-01,2.395214736461639404e-01,3.200708031654357910e-01,4.008112549781799316e-01,1.691739261150360107e-01,2.229441106319427490e-01,2.211577892303466797e-01,2.955442667007446289e-01,-6.913934648036956787e-02,-1.460011750459671021e-01,1.016362011432647705e-01,7.677279412746429443e-02,-2.222037017345428467e-01,-1.837888509035110474e-01,5.044084414839744568e-02,-8.272439241409301758e-02,-6.572037935256958008e-02,2.725340984761714935e-02,2.271193824708461761e-02,-4.503802955150604248e-02,-6.549514085054397583e-02,-7.602197676897048950e-02,-7.182009518146514893e-02,-1.177826747298240662e-01,-2.643614076077938080e-02,-3.260980173945426941e-02,-4.226444754749536514e-03,1.589640974998474121e-01,-1.708026230335235596e-02,1.205872222781181335e-01,3.155724331736564636e-02,5.877747386693954468e-02,3.551162406802177429e-02,8.059293031692504883e-02,-5.756183713674545288e-02,-1.621104031801223755e-02,7.205748558044433594e-02,-7.191997766494750977e-02,-8.977469801902770996e-02,1.412917207926511765e-02,-3.166865929961204529e-02,-3.073470294475555420e-02
-1.670017838478088379e-03,2.638022005558013916e-01,6.149198412895202637e-01,7.496101260185241699e-01,4.029829204082489014e-01,4.190845787525177002e-01,6.148504018783569336e-01,9.999995231628417969e-01,1.810934245586395264e-01,1.213233545422554016e-01,2.627059221267700195e-01,5.678643584251403809e-01,4.370419979095458984e-01,5.282591581344604492e-01,2.166303433477878571e-02,1.874984800815582275e-01,1.636932194232940674e-01,2.985249161720275879e-01,-2.025475725531578064e-02,5.047885701060295105e-02,1.075915768742561340e-01,1.725341975688934326e-01,5.425696372985839844e-01,7.064411044120788574e-01,2.596428096294403076e-01,3.303629159927368164e-01,-5.045675113797187805e-02,-4.688135534524917603e-02,3.063691854476928711e-01,3.257234096527099609e-01,4.643459916114807129e-01,5.180515646934509277e-01,3.357288837432861328e-01,4.630480408668518066e-01,1.806767582893371582e-01,2.545612156391143799e-01,-1.857448667287826538e-01,-3.810340911149978638e-02,-3.353410959243774414e-02,-3.254520148038864136e-02,4.927555471658706665e-02,-1.620237343013286591e-02,-1.249887794256210327e-01,-1.505022589117288589e-02,3.407659754157066345e-02,1.500999629497528076e-01,-8.345767855644226074e-02,-7.732039690017700195e-02,1.213882863521575928e-01,2.039461433887481689e-01,3.117328509688377380e-02,1.979489177465438843e-01,-2.044067829847335815e-01,-2.492094933986663818e-01,-2.512413561344146729e-01,-2.503820359706878662e-01,-1.109758093953132629e-01,-4.140356089919805527e-03,1.586027145385742188e-01,1.273604333400726318e-01,1.995710879564285278e-01,1.408545821905136108e-01,1.303486824035644531e-01,2.934879064559936523e-01,2.563982307910919189e-01,4.193114042282104492e-01,1.859923154115676880e-01,2.240300476551055908e-01,-1.314714103937149048e-01,-1.381127238273620605e-01,3.883074820041656494e-01,4.262132942676544189e-01,2.769408822059631348e-01,3.066672384738922119e-01,2.782037854194641113e-01,2.197924852371215820e-01,2.480739802122116089e-01,3.153067231178283691e-01,1.213407218456268311e-01,2.069166749715805054e-01,1.732637584209442139e-01,3.164177834987640381e-01,4.770357906818389893e-02,-2.283565141260623932e-02,-5.006565526127815247e-02,4.600554332137107849e-02,-1.777020841836929321e-01,-1.479393094778060913e-01,-9.593187831342220306e-03,-7.484465092420578003e-02,-9.839335829019546509e-02,-1.510099172592163086e-01,-7.577490527182817459e-03,-2.012199014425277710e-01,-4.203227290417999029e-04,4.278444498777389526e-02,-6.296237558126449585e-02,-1.376746445894241333e-01,-1.062239855527877808e-01,-1.521831750869750977e-01,5.903478339314460754e-02,-3.868272062391042709e-03,-3.466408327221870422e-02,-4.255618527531623840e-02,-5.625283718109130859e-02,-3.443777188658714294e-02,6.015720590949058533e-02,1.244011372327804565e-01,2.125344797968864441e-02,6.439844518899917603e-02,6.930310279130935669e-02,-9.989068657159805298e-02,-9.316214174032211304e-02,4.339320585131645203e-03,-3.930082172155380249e-02,-8.339786529541015625e-02
8.582629263401031494e-02,1.202093157917261124e-02,2.889687418937683105e-01,1.504616439342498779e-01,6.141712665557861328e-01,3.315562307834625244e-01,4.219259321689605713e-01,1.810934245586395264e-01,1.000000238418579102e+00,3.710310161113739014e-01,2.729134261608123779e-01,1.908537894487380981e-01,5.562055706977844238e-01,2.954836487770080566e-01,4.083886444568634033e-01,1.859657168388366699e-01,2.750895619392395020e-01,2.340743690729141235e-01,5.054787546396255493e-02,7.055177539587020874e-02,-1.226890236139297485e-01,-1.590733379125595093e-01,3.227864503860473633e-01,2.125382870435714722e-01,5.736047029495239258e-01,5.679308176040649414e-01,1.783622205257415771e-01,-1.861792206764221191e-01,2.852751314640045166e-01,2.295543551445007324e-01,4.099751710891723633e-01,2.989470362663269043e-01,1.551528573036193848e-01,2.380805648863315582e-02,1.523115783929824829e-01,1.098699420690536499e-01,-2.040380835533142090e-01,-2.115872204303741455e-01,-3.617111966013908386e-02,-2.119339257478713989e-01,-5.399744585156440735e-02,-2.163797318935394287e-01,-2.058139303699135780e-03,4.064455628395080566e-02,7.939707487821578979e-02,7.450561225414276123e-02,4.742718487977981567e-02,-1.244208402931690216e-02,2.755798101425170898e-01,1.601404994726181030e-01,1.928727477788925171e-01,1.499524265527725220e-01,-1.021923422813415527e-01,-1.862131804227828979e-01,-9.533318132162094116e-02,-2.286468446254730225e-01,-1.151043456047773361e-02,-8.486248552799224854e-02,2.085078358650207520e-01,5.311102047562599182e-02,3.113887310028076172e-01,-9.435003250837326050e-02,1.408128738403320312e-01,-9.438972920179367065e-02,3.082260191440582275e-01,1.234210655093193054e-01,1.503663659095764160e-01,1.210923269391059875e-01,1.853486150503158569e-02,2.696979418396949768e-02,5.087673664093017578e-01,4.543214738368988037e-01,4.327489435672760010e-01,4.980918169021606445e-01,3.987379968166351318e-01,4.365883171558380127e-01,2.978115081787109375e-01,3.325955569744110107e-01,2.060900479555130005e-01,2.447104901075363159e-01,2.788668870925903320e-01,1.888966560363769531e-01,-1.697767823934555054e-01,-3.428384065628051758e-01,1.092153713107109070e-01,-9.904786013066768646e-03,-3.476448357105255127e-01,-3.650698661804199219e-01,-2.121729403734207153e-01,-2.763227820396423340e-01,-8.835889399051666260e-02,2.518970286473631859e-03,-3.247599676251411438e-02,-2.604228816926479340e-02,-2.515716552734375000e-01,-2.045150250196456909e-01,-2.189669162034988403e-01,-2.677871882915496826e-01,1.877328567206859589e-02,-9.121981263160705566e-02,4.473502188920974731e-02,2.213662713766098022e-01,9.271362423896789551e-02,2.059309184551239014e-01,1.326860636472702026e-01,1.528582274913787842e-01,1.679947040975093842e-02,8.654987812042236328e-02,-2.607834637165069580e-01,-2.248059064149856567e-01,5.873652920126914978e-02,-1.041737347841262817e-01,1.462698727846145630e-02,9.833141416311264038e-02,-1.149431336671113968e-02,2.706205099821090698e-02
-2.555846422910690308e-02,-1.339337229728698730e-02,6.147944927215576172e-02,4.407810792326927185e-02,3.086197674274444580e-01,4.841987788677215576e-01,1.192399859428405762e-01,1.213233545422554016e-01,3.710310161113739014e-01,9.999998807907104492e-01,4.951747879385948181e-02,1.318011134862899780e-01,2.042578309774398804e-01,2.647825479507446289e-01,-6.849799305200576782e-02,3.707822263240814209e-01,-4.024477303028106689e-02,5.811819061636924744e-02,-9.666015207767486572e-02,-1.538197100162506104e-01,-1.392090171575546265e-01,-2.510534822940826416e-01,2.783459424972534180e-02,1.226271502673625946e-02,2.145358473062515259e-01,2.680115103721618652e-01,-4.164136573672294617e-02,-1.387908458709716797e-01,1.750297099351882935e-01,9.417382627725601196e-02,3.888462111353874207e-02,8.180404454469680786e-02,-1.270689219236373901e-01,9.089826792478561401e-02,6.201307475566864014e-02,1.238420903682708740e-01,-9.291496872901916504e-02,-3.114532530307769775e-01,-7.392204552888870239e-02,-1.822421699762344360e-01,-1.289004534482955933e-01,-2.134696990251541138e-01,1.308875158429145813e-02,2.280840650200843811e-02,1.441714167594909668e-01,1.031961664557456970e-01,-3.006882593035697937e-02,-4.556996747851371765e-02,9.870564192533493042e-02,2.005494385957717896e-01,5.396039038896560669e-02,2.479093819856643677e-01,-2.047582715749740601e-01,-1.260360032320022583e-01,-1.901812702417373657e-01,-9.854573756456375122e-02,-1.621985286474227905e-01,-2.753039298113435507e-04,-3.218211606144905090e-02,8.893734961748123169e-02,4.002202302217483521e-02,1.115468069911003113e-01,-1.285239309072494507e-01,1.944684535264968872e-01,9.762299060821533203e-02,3.942850232124328613e-01,7.694785296916961670e-02,8.822179585695266724e-02,-7.019107788801193237e-02,-1.079798117280006409e-01,2.525999546051025391e-01,2.172180265188217163e-01,2.443459481000900269e-01,1.815434992313385010e-01,2.505875825881958008e-01,2.147584408521652222e-01,1.862955689430236816e-01,1.756220757961273193e-01,6.592671573162078857e-02,-1.230249181389808655e-02,5.119704455137252808e-02,1.584271341562271118e-01,-1.691894382238388062e-01,-3.721300363540649414e-01,-6.604898720979690552e-02,-7.386735081672668457e-02,-2.541018128395080566e-01,-2.802515923976898193e-01,-2.770076394081115723e-01,-1.016181707382202148e-01,1.338083744049072266e-01,5.259771272540092468e-02,1.523496359586715698e-01,6.144824251532554626e-02,-1.595661491155624390e-01,-1.225645765662193298e-01,-1.092654168605804443e-01,-2.479477822780609131e-01,-4.031087085604667664e-02,-1.592594832181930542e-01,2.552165389060974121e-01,1.205829530954360962e-01,2.147349864244461060e-01,2.309102863073348999e-01,1.144347488880157471e-01,6.995458900928497314e-02,-3.461330384016036987e-02,3.661366924643516541e-02,-2.670187354087829590e-01,-1.213206872344017029e-01,-8.318200707435607910e-03,-9.052887558937072754e-02,8.900814503431320190e-02,8.804915100336074829e-02,5.952826142311096191e-02,2.893334813416004181e-02
3.092860579490661621e-01,2.015061229467391968e-01,3.393718600273132324e-01,2.021147459745407104e-01,2.119750082492828369e-01,-3.036737628281116486e-02,3.894867897033691406e-01,2.627059221267700195e-01,2.729134261608123779e-01,4.951747879385948181e-02,9.999997615814208984e-01,4.985016286373138428e-01,5.935943126678466797e-01,5.204368233680725098e-01,4.891516268253326416e-02,4.666920751333236694e-02,5.694468617439270020e-01,5.198010802268981934e-01,1.674689352512359619e-01,1.685442775487899780e-01,-1.515300422906875610e-01,-1.460480317473411560e-02,3.886791765689849854e-01,2.942720055580139160e-01,3.043873310089111328e-01,2.715871036052703857e-01,-1.443508267402648926e-01,-3.239117264747619629e-01,2.750889062881469727e-01,2.311782240867614746e-01,4.219027161598205566e-01,3.249435424804687500e-01,3.115698099136352539e-01,2.626772820949554443e-01,1.875764131546020508e-01,1.972097903490066528e-01,9.853681921958923340e-02,1.475183479487895966e-02,1.019256487488746643e-01,-1.855086348950862885e-02,-9.500750340521335602e-03,-2.049148380756378174e-01,1.230948567390441895e-01,9.383385628461837769e-02,1.705488413572311401e-01,1.526222079992294312e-01,1.698246747255325317e-01,1.357009559869766235e-01,2.922224998474121094e-01,2.356782108545303345e-01,2.834613621234893799e-01,2.170597761869430542e-01,1.364435255527496338e-01,-8.579993247985839844e-02,6.775539368391036987e-02,-1.243628785014152527e-01,2.487294226884841919e-01,1.806512773036956787e-01,3.533831834793090820e-01,2.374682426452636719e-01,4.403621852397918701e-01,2.233380824327468872e-01,4.065153002738952637e-01,2.456305176019668579e-01,2.606475651264190674e-01,2.078005224466323853e-01,3.239705860614776611e-01,2.699788510799407959e-01,1.364255845546722412e-01,1.848318129777908325e-01,3.790645897388458252e-01,3.558909893035888672e-01,4.056068360805511475e-01,3.594532608985900879e-01,3.112073242664337158e-01,2.865362465381622314e-01,2.911654114723205566e-01,3.308661580085754395e-01,3.967036902904510498e-01,3.448370099067687988e-01,2.230262011289596558e-01,3.608056902885437012e-01,-1.847986429929733276e-01,-1.537079811096191406e-01,1.793951839208602905e-01,1.493722498416900635e-01,-2.682097256183624268e-01,-1.666829437017440796e-01,-3.764624148607254028e-02,-6.141480803489685059e-02,2.627484500408172607e-02,7.608216255903244019e-02,9.004049748182296753e-02,4.546713829040527344e-02,6.218992546200752258e-02,-1.835579518228769302e-03,1.112705543637275696e-01,3.961134329438209534e-02,3.826950490474700928e-02,1.459269523620605469e-01,7.950998097658157349e-02,2.462291121482849121e-01,7.766398042440414429e-02,2.512868642807006836e-01,3.116011247038841248e-02,1.577629446983337402e-01,9.791042655706405640e-02,5.878415703773498535e-02,-4.156854376196861267e-02,1.523316055536270142e-01,2.519505321979522705e-01,4.404252767562866211e-02,6.985011044889688492e-03,-7.196182012557983398e-02,-4.060535877943038940e-02,1.055212225764989853e-02
-1.631262339651584625e-02,2.814657688140869141e-01,4.109731912612915039e-01,4.939517378807067871e-01,3.573886752128601074e-01,2.536275088787078857e-01,4.284434616565704346e-01,5.678643584251403809e-01,1.908537894487380981e-01,1.318011134862899780e-01,4.985016286373138428e-01,9.999998807907104492e-01,5.919957756996154785e-01,7.339482307434082031e-01,-4.701997712254524231e-02,2.600682377815246582e-01,4.049159884452819824e-01,6.250436902046203613e-01,-1.257177293300628662e-01,-8.029242977499961853e-03,-3.112592175602912903e-02,1.475690156221389771e-01,4.416149556636810303e-01,6.224717497825622559e-01,4.415669739246368408e-01,4.624002277851104736e-01,-1.574583202600479126e-01,-2.215905636548995972e-01,3.848124444484710693e-01,4.380890429019927979e-01,5.910727381706237793e-01,6.015983223915100098e-01,2.013723254203796387e-01,3.771466910839080811e-01,7.851447165012359619e-02,1.969958245754241943e-01,-4.664934426546096802e-02,-1.004861816763877869e-01,-3.581261262297630310e-02,-1.171749234199523926e-01,-1.348793692886829376e-02,-1.703752577304840088e-01,-2.790028601884841919e-02,5.373729765415191650e-02,1.526927798986434937e-01,2.327910810708999634e-01,4.887504875659942627e-02,-2.473737485706806183e-02,2.029561102390289307e-01,2.836407124996185303e-01,1.057478263974189758e-01,2.561935186386108398e-01,-4.648958146572113037e-02,-2.589221000671386719e-01,-1.344947516918182373e-01,-2.674560546875000000e-01,-6.974528729915618896e-02,1.275292932987213135e-01,1.700547784566879272e-01,2.076905518770217896e-01,1.121015474200248718e-01,2.002932131290435791e-01,2.980560064315795898e-02,3.885048925876617432e-01,9.878978878259658813e-02,3.637192845344543457e-01,1.734839081764221191e-01,1.854488104581832886e-01,-6.141505762934684753e-02,-7.299344241619110107e-02,5.116129517555236816e-01,5.290053486824035645e-01,4.382276833057403564e-01,4.737825393676757812e-01,3.347579836845397949e-01,3.718951344490051270e-01,2.545612454414367676e-01,3.357543349266052246e-01,3.273830413818359375e-01,4.600913226604461670e-01,1.865911930799484253e-01,4.872488677501678467e-01,-5.583610385656356812e-02,-6.715476512908935547e-02,2.625910006463527679e-02,1.530132293701171875e-01,-3.064723312854766846e-01,-1.758638024330139160e-01,-2.168356627225875854e-01,-1.278306692838668823e-01,-7.874205708503723145e-02,-1.526045501232147217e-01,-6.660655140876770020e-02,-2.174385488033294678e-01,4.909500479698181152e-02,1.332749333232641220e-02,-7.382139097899198532e-03,-1.612960696220397949e-01,-1.044754907488822937e-01,-7.622764259576797485e-02,-8.354724384844303131e-03,-2.088770084083080292e-02,-8.612823486328125000e-02,-3.778164461255073547e-02,-9.448547661304473877e-02,-4.638551548123359680e-02,6.292100250720977783e-02,1.267029047012329102e-01,2.381739579141139984e-02,1.440926492214202881e-01,1.287809461355209351e-01,-1.261376142501831055e-01,-8.744435757398605347e-02,-9.038092195987701416e-02,-1.184888407588005066e-01,-7.005436718463897705e-02
1.310959309339523315e-01,1.944287419319152832e-01,4.779452085494995117e-01,3.895079493522644043e-01,5.435569882392883301e-01,2.714621722698211670e-01,5.935203433036804199e-01,4.370419979095458984e-01,5.562055706977844238e-01,2.042578309774398804e-01,5.935943126678466797e-01,5.919957756996154785e-01,9.999998807907104492e-01,6.373136043548583984e-01,1.721257865428924561e-01,2.003923654556274414e-01,4.876596629619598389e-01,6.010074019432067871e-01,1.693684980273246765e-02,1.092093586921691895e-01,-9.603162109851837158e-02,-9.685904718935489655e-03,5.206266641616821289e-01,5.062344074249267578e-01,5.888132452964782715e-01,5.972812771797180176e-01,-2.898673899471759796e-02,-3.067046403884887695e-01,3.996694386005401611e-01,3.982923626899719238e-01,6.533726453781127930e-01,5.715584158897399902e-01,2.916330099105834961e-01,2.700538337230682373e-01,1.887576133012771606e-01,2.214526087045669556e-01,-1.332110315561294556e-01,-1.508898437023162842e-01,-2.070962451398372650e-02,-1.984341144561767578e-01,-6.910772621631622314e-02,-2.854821383953094482e-01,4.253088310360908508e-02,9.379107505083084106e-02,2.047524601221084595e-01,2.172697484493255615e-01,1.170736476778984070e-01,3.741346672177314758e-02,3.689414560794830322e-01,3.080226778984069824e-01,2.862387001514434814e-01,2.810974717140197754e-01,2.565476298332214355e-02,-2.237522155046463013e-01,-6.408987194299697876e-02,-2.925612032413482666e-01,9.149380773305892944e-02,9.231013059616088867e-02,3.654595315456390381e-01,2.223005741834640503e-01,3.716170489788055420e-01,1.252510100603103638e-01,2.361250221729278564e-01,2.110699117183685303e-01,2.764480412006378174e-01,3.016095757484436035e-01,3.154713213443756104e-01,2.691520154476165771e-01,6.113652512431144714e-02,9.025930613279342651e-02,6.537723541259765625e-01,6.296703219413757324e-01,5.242005586624145508e-01,5.904086828231811523e-01,4.141324162483215332e-01,4.713861346244812012e-01,3.964299261569976807e-01,4.905980825424194336e-01,3.746225535869598389e-01,4.386246204376220703e-01,3.237548768520355225e-01,4.883912801742553711e-01,-1.680207997560501099e-01,-2.331057935953140259e-01,1.858211308717727661e-01,1.762339174747467041e-01,-3.797999620437622070e-01,-3.018323481082916260e-01,-1.851113438606262207e-01,-2.210486829280853271e-01,-6.988251209259033203e-02,-4.798848554491996765e-02,-5.024801194667816162e-02,-1.528272330760955811e-01,-7.347358018159866333e-02,-1.212219297885894775e-01,-8.389355987310409546e-02,-2.079717665910720825e-01,1.812140340916812420e-03,-1.448606699705123901e-02,4.515114054083824158e-02,1.397460401058197021e-01,4.428583011031150818e-02,1.635085046291351318e-01,5.505615472793579102e-02,1.090070307254791260e-01,7.251080870628356934e-02,8.569753915071487427e-02,-1.591893583536148071e-01,-4.955216124653816223e-02,1.008673086762428284e-01,-1.286393404006958008e-01,-7.658316195011138916e-02,3.510648384690284729e-02,-1.237703114748001099e-02,-4.572025313973426819e-02
