1.000000238418579102e+00,5.556212663650512695e-01,5.351342558860778809e-01,3.630279898643493652e-01,2.922764280810952187e-03,1.772181540727615356e-01,4.830273389816284180e-01,3.434687554836273193e-01,1.526486128568649292e-01,1.543979644775390625e-01,2.868456244468688965e-01,1.884919106960296631e-01,1.371520310640335083e-01,-5.538452044129371643e-02,-6.640500575304031372e-02,-1.753131896257400513e-01,1.083576083183288574e-01,1.714785695075988770e-01,5.707094073295593262e-01,4.146120846271514893e-01,-2.802925370633602142e-02,-1.149397809058427811e-02,3.462870121002197266e-01,2.631161808967590332e-01,1.678348928689956665e-01,1.024454385042190552e-01,1.405588537454605103e-01,1.939668655395507812e-01,-6.524612195789813995e-03,-1.831292212009429932e-01,-2.537995763123035431e-02,3.761068731546401978e-02,4.233449697494506836e-01,4.268328845500946045e-01,1.102479398250579834e-01,4.016117006540298462e-02,-7.842230051755905151e-02,-1.376294344663619995e-01,7.284497376531362534e-03,9.216769831255078316e-04,-9.565642476081848145e-02,-2.186883091926574707e-01,4.442090913653373718e-02,-3.266411647200584412e-02,1.277939528226852417e-01,1.527886688709259033e-01,6.996250152587890625e-02,1.348357740789651871e-02,2.193415462970733643e-01,1.223633140325546265e-01,-3.435990586876869202e-02,-4.209986701607704163e-02,-1.451701223850250244e-01,-2.278913110494613647e-01,-8.707905560731887817e-02,-1.029039099812507629e-01,5.906742811203002930e-01,4.607964456081390381e-01,4.481875896453857422e-01,4.122213423252105713e-01,5.696254968643188477e-01,4.399035871028900146e-01,4.959686994552612305e-01,3.162750005722045898e-01,3.616276681423187256e-01,1.815784424543380737e-01,3.127544820308685303e-01,3.681005239486694336e-01,4.515105187892913818e-01,2.799201309680938721e-01,1.234394237399101257e-01,6.395796686410903931e-02,6.441198289394378662e-02,1.707911118865013123e-02,-7.217830419540405273e-02,-3.087311051785945892e-02,6.472981721162796021e-02,4.207463562488555908e-02,2.374605974182486534e-03,-3.931682091206312180e-03,4.662045836448669434e-02,-8.375808596611022949e-02,-1.191507801413536072e-01,-2.049219310283660889e-01,-9.388842590851709247e-05,-1.726069450378417969e-01,1.564463675022125244e-01,1.239025816321372986e-01,-8.606533519923686981e-03,-6.459353864192962646e-02,-2.250431627035140991e-01,-1.680986136198043823e-01,-1.093775480985641479e-01,1.148581057786941528e-01,-9.786166250705718994e-03,-8.790055662393569946e-02,5.370580125600099564e-03,-2.316385507583618164e-02,-1.138883084058761597e-01,-1.211398467421531677e-01,-1.118285059928894043e-01,-3.139149025082588196e-02,-1.708828210830688477e-01,-9.162862598896026611e-02,-2.304098010063171387e-01,-1.590315401554107666e-01,-2.380996197462081909e-01,-1.352981477975845337e-02,3.991124778985977173e-02,9.529379010200500488e-02,8.167704194784164429e-02,1.094855740666389465e-01,1.321667619049549103e-02,-7.513231039047241211e-02,-1.845238059759140015e-01,-1.963870227336883545e-01
5.556212663650512695e-01,1.000000119209289551e+00,3.566435873508453369e-01,3.167254626750946045e-01,-1.262161880731582642e-01,2.461184263229370117e-01,1.113368794322013855e-01,2.684534788131713867e-01,7.102251052856445312e-02,1.418674141168594360e-01,7.570749521255493164e-02,2.769256532192230225e-01,-1.524363160133361816e-01,1.412805169820785522e-03,-1.052427664399147034e-01,-1.767439544200897217e-01,8.949664235115051270e-02,3.261843323707580566e-01,6.085664629936218262e-01,5.862984061241149902e-01,1.004066094756126404e-01,6.281206011772155762e-02,3.657916188240051270e-01,3.002253174781799316e-01,1.323151886463165283e-01,-4.782140254974365234e-03,7.555133104324340820e-02,1.164188310503959656e-01,-7.190907746553421021e-02,-7.739486545324325562e-02,-8.844567090272903442e-02,-8.367509394884109497e-02,5.162932276725769043e-01,5.823116898536682129e-01,-2.215505205094814301e-02,3.737738355994224548e-02,-1.354095339775085449e-01,-2.424852252006530762e-01,-1.470576524734497070e-01,2.376790158450603485e-02,-1.563481986522674561e-01,-2.957856059074401855e-01,6.595861166715621948e-02,-5.707799270749092102e-02,-8.151287329383194447e-04,-3.221919760107994080e-02,1.119055151939392090e-01,2.409087121486663818e-02,-9.488833695650100708e-02,-1.140026375651359558e-01,-3.663356006145477295e-01,-1.665227562189102173e-01,-2.245127558708190918e-01,-2.493765205144882202e-01,-2.609724402427673340e-01,-1.974573731422424316e-01,6.914150118827819824e-01,7.728570103645324707e-01,5.243379473686218262e-01,5.728024840354919434e-01,4.614230990409851074e-01,4.284959137439727783e-01,3.464148640632629395e-01,4.774524867534637451e-01,2.092824503779411316e-02,2.028768509626388550e-01,3.156405389308929443e-01,3.670724630355834961e-01,6.045786142349243164e-01,5.110831260681152344e-01,-6.716939061880111694e-02,-7.496749609708786011e-02,-1.192926988005638123e-01,-6.128702685236930847e-02,-1.793168783187866211e-01,-8.796798437833786011e-02,-1.228398010134696960e-01,-7.603597640991210938e-02,1.278113126754760742e-01,1.939465552568435669e-01,8.833140879869461060e-02,8.504498004913330078e-02,-2.426151633262634277e-01,-1.447556912899017334e-01,-1.775659173727035522e-01,-8.072511106729507446e-02,3.690442070364952087e-02,1.614954322576522827e-01,-2.564485967159271240e-01,-1.176972836256027222e-01,-2.605622708797454834e-01,-1.488589346408843994e-01,-6.207315251231193542e-02,1.233626678586006165e-01,-6.064405292272567749e-02,-1.896784752607345581e-01,-6.816987693309783936e-02,-7.705836743116378784e-02,-1.344244182109832764e-01,-1.516192555427551270e-01,-1.308523416519165039e-01,-2.105908989906311035e-01,-1.189312860369682312e-01,-2.292734533548355103e-01,-1.451938152313232422e-01,-9.885165095329284668e-02,-1.698355823755264282e-01,-3.173995763063430786e-02,-1.360271032899618149e-02,4.274040460586547852e-02,1.592842862010002136e-02,9.995342791080474854e-02,9.309670329093933105e-02,-7.952054589986801147e-02,-8.061394840478897095e-02,-9.298745542764663696e-02
5.351342558860778809e-01,3.566435873508453369e-01,9.999999403953552246e-01,6.527203917503356934e-01,1.105200275778770447e-01,9.647575765848159790e-02,7.205906510353088379e-01,6.386360526084899902e-01,1.533825546503067017e-01,1.655904799699783325e-01,4.114872813224792480e-01,2.098843902349472046e-01,3.610291481018066406e-01,2.691791951656341553e-01,2.538750506937503815e-02,4.874953068792819977e-03,2.943736612796783447e-01,2.230149060487747192e-01,4.817713201045989990e-01,3.133883178234100342e-01,5.867330357432365417e-02,6.010891404002904892e-03,7.050513625144958496e-01,6.908221840858459473e-01,2.381187230348587036e-01,2.028804719448089600e-01,1.254389584064483643e-01,1.182818710803985596e-01,1.628048121929168701e-01,-7.077164202928543091e-02,3.272583484649658203e-01,4.150289297103881836e-01,4.268849492073059082e-01,4.494083821773529053e-01,2.729092538356781006e-01,3.371679186820983887e-01,-1.917513459920883179e-02,-8.121751993894577026e-02,4.841252416372299194e-02,-4.410599544644355774e-02,-1.397656369954347610e-02,-1.254194825887680054e-01,2.224401086568832397e-01,1.174809038639068604e-01,1.874142289161682129e-01,-3.521642461419105530e-02,1.585599482059478760e-01,5.452207848429679871e-02,5.829620361328125000e-02,-4.590495303273200989e-02,-2.665925538167357445e-03,-3.516999538987874985e-03,-7.377932965755462646e-02,-1.989025622606277466e-01,-4.349173977971076965e-02,-1.652698516845703125e-01,3.793302476406097412e-01,3.123582899570465088e-01,9.385608881711959839e-02,1.868615299463272095e-01,2.928749322891235352e-01,1.941774934530258179e-01,3.261209428310394287e-01,1.952518373727798462e-01,2.622290849685668945e-01,2.226537615060806274e-01,2.099063694477081299e-01,2.138819098472595215e-01,1.489786505699157715e-01,1.133320704102516174e-01,2.639528810977935791e-01,2.540234923362731934e-01,1.770752966403961182e-01,1.665688604116439819e-01,2.436366304755210876e-02,8.439670503139495850e-02,1.825305074453353882e-01,1.647653579711914062e-01,2.025972604751586914e-01,1.526148766279220581e-01,2.128371447324752808e-01,1.767280846834182739e-01,4.497851058840751648e-02,-7.898705080151557922e-03,2.596111893653869629e-01,5.826575309038162231e-02,2.428465038537979126e-01,2.694676816463470459e-01,-3.431900590658187866e-02,-5.443180352449417114e-02,-1.434430629014968872e-01,-1.644782721996307373e-01,-1.175460666418075562e-01,-1.665732450783252716e-02,-1.907363533973693848e-02,-6.021657213568687439e-02,4.891407489776611328e-02,1.841277629137039185e-02,-8.203622698783874512e-02,-1.435110419988632202e-01,-6.767884641885757446e-02,-4.146692901849746704e-02,-1.521462053060531616e-01,-1.628029048442840576e-01,-2.486689239740371704e-01,-1.791375428438186646e-01,-1.933475434780120850e-01,-1.491951942443847656e-01,-5.586821958422660828e-02,3.495768457651138306e-02,1.587848663330078125e-01,1.735789775848388672e-01,7.963008433580398560e-02,-5.354884266853332520e-02,-2.322365492582321167e-01,-2.072690278291702271e-01
3.630279898643493652e-01,3.167254626750946045e-01,6.527203917503356934e-01,1.000000119209289551e+00,1.821846663951873779e-01,3.165203332901000977e-02,5.188498497009277344e-01,6.599595546722412109e-01,1.810420155525207520e-01,1.125040575861930847e-01,3.062807619571685791e-01,2.988854348659515381e-01,1.905190199613571167e-01,3.459330201148986816e-01,-9.917684644460678101e-02,-1.593303494155406952e-02,2.567529380321502686e-01,2.353850603103637695e-01,5.115854740142822266e-01,4.809380471706390381e-01,-4.461317509412765503e-02,-5.384660139679908752e-02,4.882840216159820557e-01,6.057093739509582520e-01,1.978860348463058472e-01,2.336153537034988403e-01,1.904566138982772827e-01,1.485883891582489014e-01,1.170794591307640076e-01,-6.879170984029769897e-02,2.368600368499755859e-01,3.740777373313903809e-01,2.556208670139312744e-01,3.184503018856048584e-01,1.649756133556365967e-01,3.070459961891174316e-01,-9.241045266389846802e-02,-1.351952254772186279e-01,4.773626849055290222e-02,-1.625150889158248901e-01,-1.281840503215789795e-01,-1.934996396303176880e-01,1.524784564971923828e-01,5.501868203282356262e-02,2.171152830123901367e-01,-8.052764832973480225e-02,9.237259626388549805e-03,-9.218741953372955322e-02,-1.328003108501434326e-01,-1.383526921272277832e-01,-1.439611464738845825e-01,-6.306566298007965088e-02,-1.551078855991363525e-01,-2.926903665065765381e-01,-1.616635620594024658e-01,-2.404513657093048096e-01,2.609295845031738281e-01,2.767876982688903809e-01,7.700420171022415161e-02,2.495149374008178711e-01,1.444561034440994263e-01,2.933121323585510254e-01,1.904455572366714478e-01,2.253481298685073853e-01,1.461853832006454468e-01,4.142127931118011475e-01,2.526681423187255859e-01,2.776308059692382812e-01,2.119103670120239258e-01,2.041031569242477417e-01,1.560372412204742432e-01,2.210080921649932861e-01,6.742975860834121704e-02,1.268539279699325562e-01,-6.796611938625574112e-03,5.191980302333831787e-02,2.139072120189666748e-01,2.096930444240570068e-01,1.587541103363037109e-01,1.779282093048095703e-01,1.939531415700912476e-01,2.418738454580307007e-01,-9.439055621623992920e-02,-3.460456803441047668e-02,1.423275917768478394e-01,1.844359040260314941e-01,1.689678728580474854e-01,2.804677188396453857e-01,-8.274757862091064453e-02,-2.862047590315341949e-02,-2.411878108978271484e-01,-2.553327381610870361e-01,-1.757589280605316162e-01,-8.753813803195953369e-02,-1.188700646162033081e-01,-1.175855845212936401e-01,-8.576004952192306519e-02,-5.959928780794143677e-02,-1.229795590043067932e-01,-2.162114530801773071e-01,1.197510361671447754e-01,4.748656228184700012e-02,-5.075413361191749573e-02,-1.247079893946647644e-01,-1.943268030881881714e-01,-8.290589600801467896e-02,-1.946665346622467041e-01,-1.297668218612670898e-01,-1.425434499979019165e-01,-8.948861062526702881e-02,9.161107987165451050e-02,6.423965096473693848e-02,-3.213636949658393860e-02,-6.906998157501220703e-02,-1.779471635818481445e-01,-1.210069358348846436e-01
2.922764280810952187e-03,-1.262161880731582642e-01,1.105200275778770447e-01,1.821846663951873779e-01,9.999999403953552246e-01,2.328924387693405151e-01,1.537398844957351685e-01,8.606878668069839478e-02,3.354601263999938965e-01,3.486487269401550293e-01,2.268903404474258423e-01,4.431542381644248962e-02,2.504017949104309082e-01,1.361102759838104248e-01,2.559672594070434570e-01,2.273000180721282959e-01,1.347664743661880493e-01,1.093143038451671600e-02,5.570094287395477295e-02,1.954892650246620178e-02,1.809475570917129517e-01,1.803519576787948608e-01,5.235115531831979752e-03,8.078303933143615723e-02,4.294510781764984131e-01,4.787666797637939453e-01,4.698546826839447021e-01,4.735253751277923584e-01,1.929565221071243286e-01,3.352144733071327209e-02,1.360382288694381714e-01,1.513717621564865112e-01,-9.016358852386474609e-02,-8.595016598701477051e-02,-1.926742866635322571e-02,5.884150974452495575e-03,4.275145474821329117e-03,1.360860913991928101e-01,2.957718074321746826e-01,1.116235256195068359e-01,-1.329518109560012817e-02,1.531831920146942139e-01,1.891450434923171997e-01,2.005381435155868530e-01,1.119722053408622742e-01,3.929687291383743286e-02,1.573839336633682251e-01,1.860226094722747803e-01,-8.709077537059783936e-02,-1.211899518966674805e-01,4.217053204774856567e-02,-7.721973583102226257e-03,5.975683405995368958e-02,2.640300430357456207e-02,2.100648880004882812e-01,1.285790801048278809e-01,-3.671116381883621216e-02,-9.333588182926177979e-02,-1.632388383150100708e-01,2.688037464395165443e-03,-4.598532244563102722e-02,1.578729413449764252e-02,-4.392193257808685303e-02,-1.006926447153091431e-01,5.194078199565410614e-03,1.634695753455162048e-02,-1.394980773329734802e-02,4.998698085546493530e-02,-4.202732816338539124e-03,3.475197032094001770e-02,1.109680086374282837e-01,1.110189557075500488e-01,3.112016431987285614e-02,-1.907909102737903595e-02,-4.659773409366607666e-02,-1.272247135639190674e-01,2.283642441034317017e-01,1.636002659797668457e-01,5.508252233266830444e-02,-2.929236181080341339e-02,8.824544399976730347e-02,7.216258347034454346e-02,2.574592530727386475e-01,1.090086549520492554e-01,2.228605151176452637e-01,1.904293596744537354e-01,2.701015770435333252e-01,2.704108655452728271e-01,1.872305572032928467e-01,2.284055501222610474e-01,5.929924920201301575e-02,4.313261713832616806e-03,-9.554348140954971313e-02,-1.565006971359252930e-01,-1.285009980201721191e-01,9.889674931764602661e-02,8.769958466291427612e-02,2.344436049461364746e-01,5.700198560953140259e-02,8.262041956186294556e-02,-4.267059732228517532e-03,1.570155173540115356e-01,-1.153667084872722626e-02,5.736295133829116821e-02,8.938555605709552765e-03,4.040985554456710815e-02,-7.889590412378311157e-02,-1.357938200235366821e-01,-2.825691401958465576e-01,-2.448873594403266907e-02,2.034635245800018311e-01,1.618418097496032715e-01,7.018341124057769775e-02,-3.407073020935058594e-02,-7.711052894592285156e-04,-4.027990624308586121e-03
1.772181540727615356e-01,2.461184263229370117e-01,9.647575765848159790e-02,3.165203332901000977e-02,2.328924387693405151e-01,1.000000238418579102e+00,4.192316532135009766e-02,-5.682127084583044052e-04,2.241614758968353271e-01,3.790455758571624756e-01,-6.905380636453628540e-02,3.403095155954360962e-02,-6.255597621202468872e-02,-9.762049466371536255e-02,1.675473749637603760e-01,1.127493530511856079e-01,-1.268139630556106567e-01,5.817095190286636353e-02,1.771749407052993774e-01,1.330874562263488770e-01,1.815338730812072754e-01,1.759320497512817383e-01,5.523724853992462158e-02,2.410252392292022705e-02,3.580962717533111572e-01,2.403881847858428955e-01,2.086070626974105835e-01,4.495854079723358154e-01,-8.373010903596878052e-02,-6.687990576028823853e-02,-2.078376896679401398e-02,-7.183775305747985840e-02,2.158731967210769653e-01,1.590846925973892212e-01,3.889118880033493042e-02,-2.676988765597343445e-02,-5.822075158357620239e-02,-8.085694909095764160e-02,-5.020245537161827087e-02,2.144085168838500977e-01,-2.850069850683212280e-02,-8.454683423042297363e-02,1.947917044162750244e-01,9.752722829580307007e-02,1.980788446962833405e-02,-4.542445763945579529e-02,2.964693903923034668e-01,2.728972136974334717e-01,-9.284572303295135498e-02,-1.986347287893295288e-01,-1.396984755992889404e-01,-1.528429388999938965e-01,4.953078553080558777e-02,-5.425744503736495972e-02,1.052173525094985962e-01,5.461373552680015564e-02,2.745292186737060547e-01,2.684115171432495117e-01,1.962561458349227905e-01,2.639442682266235352e-01,1.523233056068420410e-01,1.201370283961296082e-01,9.284995496273040771e-02,4.089837148785591125e-02,1.190253049135208130e-01,5.564048886299133301e-02,4.837594553828239441e-02,6.312565505504608154e-02,2.791531085968017578e-01,2.660042345523834229e-01,-3.586000949144363403e-02,-1.698614656925201416e-02,-8.591011166572570801e-02,-1.741605550050735474e-01,-7.069636136293411255e-03,-1.175745725631713867e-01,-1.287316679954528809e-01,-1.190005466341972351e-01,-2.652106061577796936e-02,-2.592547982931137085e-02,-4.471728950738906860e-02,-2.707545459270477295e-02,3.602850064635276794e-02,2.946980856359004974e-02,1.440341677516698837e-02,-2.576573379337787628e-02,1.584319770336151123e-01,1.852243542671203613e-01,-3.011347539722919464e-02,1.373923718929290771e-01,-4.984283447265625000e-02,-1.921333558857440948e-02,1.429870724678039551e-02,7.144618034362792969e-02,-2.157638780772686005e-02,8.012027293443679810e-02,1.415035128593444824e-01,1.531176567077636719e-01,1.478462368249893188e-01,1.073482185602188110e-01,1.366520114243030548e-02,-8.141234517097473145e-02,8.446624130010604858e-02,6.816399097442626953e-02,5.460058152675628662e-02,6.547268480062484741e-02,3.838788345456123352e-02,1.100218817591667175e-01,4.451823979616165161e-02,6.728044897317886353e-02,1.623004823923110962e-01,2.584577798843383789e-01,2.746037244796752930e-01,3.589081019163131714e-02,3.759885579347610474e-02,2.317029237747192383e-02
4.830273389816284180e-01,1.113368794322013855e-01,7.205906510353088379e-01,5.188498497009277344e-01,1.537398844957351685e-01,4.192316532135009766e-02,1.000000238418579102e+00,6.797104477882385254e-01,1.571853309869766235e-01,1.956347674131393433e-01,5.608761310577392578e-01,3.291887044906616211e-01,5.520378351211547852e-01,3.468291163444519043e-01,7.454431802034378052e-02,1.422595381736755371e-01,3.818515241146087646e-01,2.513931989669799805e-01,2.028823941946029663e-01,1.694208942353725433e-02,-2.544167218729853630e-03,6.164963543415069580e-02,5.958882570266723633e-01,5.770164728164672852e-01,1.354841887950897217e-01,1.649957150220870972e-01,1.077842786908149719e-01,9.281008690595626831e-02,3.404708504676818848e-01,4.694442823529243469e-02,4.141789376735687256e-01,5.552080869674682617e-01,3.279749453067779541e-01,3.875678181648254395e-01,2.536715269088745117e-01,3.457037508487701416e-01,1.233989596366882324e-01,1.082697883248329163e-01,8.291985094547271729e-02,2.814771607518196106e-02,1.028385534882545471e-01,2.395160682499408722e-02,1.699407696723937988e-01,1.941662579774856567e-01,1.998717784881591797e-01,1.237856894731521606e-01,1.031791418790817261e-01,5.971122905611991882e-02,2.031526267528533936e-01,1.078160628676414490e-01,1.968538910150527954e-01,1.250673681497573853e-01,2.811452373862266541e-02,-9.182558208703994751e-02,1.009704694151878357e-01,-3.704948816448450089e-03,2.448470890522003174e-01,7.300626486539840698e-02,-5.233496055006980896e-02,-1.529284939169883728e-02,2.794164419174194336e-01,2.057776004076004028e-01,4.404205679893493652e-01,2.055863887071609497e-01,4.027434289455413818e-01,2.321190387010574341e-01,1.089270040392875671e-01,1.697551012039184570e-01,-7.018103450536727905e-02,-4.987887293100357056e-02,4.451264441013336182e-01,4.375125467777252197e-01,3.799819350242614746e-01,3.265163600444793701e-01,1.917591691017150879e-01,1.820624470710754395e-01,3.570605814456939697e-01,3.384371995925903320e-01,1.444195508956909180e-01,1.135818883776664734e-01,2.785482704639434814e-01,1.379518657922744751e-01,1.824508458375930786e-01,4.574627801775932312e-02,2.774831056594848633e-01,5.611339583992958069e-02,2.162451744079589844e-01,2.124331146478652954e-01,1.181690022349357605e-01,-1.170340459793806076e-02,-1.015115305781364441e-01,-1.485648006200790405e-01,-1.590965986251831055e-01,-1.118589192628860474e-01,1.838693022727966309e-02,1.926207914948463440e-03,7.280136644840240479e-02,4.288908466696739197e-02,1.247293967753648758e-02,-5.892733857035636902e-02,-5.199976637959480286e-02,3.659510985016822815e-02,-1.169386133551597595e-01,-9.801460802555084229e-02,-2.416705191135406494e-01,-1.773186922073364258e-01,-1.948171108961105347e-01,-4.575214907526969910e-02,-2.552141807973384857e-02,7.665562629699707031e-02,1.222967281937599182e-01,1.119731664657592773e-01,-2.642627805471420288e-02,-6.672019511461257935e-02,-2.243303507566452026e-01,-1.609229445457458496e-01
3.434687554836273193e-01,2.684534788131713867e-01,6.386360526084899902e-01,6.599595546722412109e-01,8.606878668069839478e-02,-5.682127084583044052e-04,6.797104477882385254e-01,9.999998211860656738e-01,2.491711266338825226e-02,1.176749318838119507e-01,3.994698822498321533e-01,4.567381143569946289e-01,3.219347894191741943e-01,4.719467163085937500e-01,-5.899289250373840332e-02,1.195567920804023743e-01,2.831774055957794189e-01,2.716702818870544434e-01,2.515077292919158936e-01,1.638199388980865479e-01,-1.230876613408327103e-02,-6.008107680827379227e-03,5.920194387435913086e-01,6.593999266624450684e-01,5.834848061203956604e-02,1.123103499412536621e-01,7.643472403287887573e-02,3.921506181359291077e-02,2.185017466545104980e-01,-1.576637849211692810e-02,3.214368224143981934e-01,4.687123000621795654e-01,3.461224734783172607e-01,4.512821137905120850e-01,1.717509776353836060e-01,3.685492277145385742e-01,2.998508140444755554e-02,-1.804139092564582825e-02,1.618347689509391785e-02,-8.076843619346618652e-02,2.760375477373600006e-02,-8.711695671081542969e-02,7.102213054895401001e-02,9.535917639732360840e-02,1.225928589701652527e-01,3.307488933205604553e-02,7.974559813737869263e-02,4.771105200052261353e-02,-3.705218806862831116e-02,3.563319891691207886e-02,-3.738074004650115967e-02,1.133496314287185669e-01,-8.681167662143707275e-02,-1.747304052114486694e-01,-7.114376127719879150e-02,-1.274959892034530640e-01,1.910559684038162231e-01,1.689251363277435303e-01,-7.741824537515640259e-02,8.522301167249679565e-02,1.847057938575744629e-01,4.290402233600616455e-01,3.845027983188629150e-01,4.649546146392822266e-01,2.811015844345092773e-01,5.329875946044921875e-01,5.359023809432983398e-02,1.907372623682022095e-01,-2.300630882382392883e-02,3.937643393874168396e-02,3.099887371063232422e-01,3.420220017433166504e-01,2.444484084844589233e-01,2.669290602207183838e-01,1.532934010028839111e-01,1.716365963220596313e-01,2.469503730535507202e-01,2.895599901676177979e-01,2.039763033390045166e-01,1.545249521732330322e-01,2.396365702152252197e-01,2.926625609397888184e-01,3.175336122512817383e-02,6.951308250427246094e-02,1.109756082296371460e-01,1.362903267145156860e-01,6.300768256187438965e-02,1.935585290193557739e-01,-2.937722019851207733e-02,-5.333678051829338074e-02,-1.076276823878288269e-01,-1.389924287796020508e-01,-1.265208274126052856e-01,-6.509714573621749878e-02,-3.678473457694053650e-02,-1.158739030361175537e-01,-1.261746510863304138e-02,-3.696204721927642822e-02,-2.613666094839572906e-02,-9.769528359174728394e-02,2.125315926969051361e-02,1.228858623653650284e-02,3.300897311419248581e-03,-1.758751422166824341e-01,-2.560130953788757324e-01,-2.055895626544952393e-01,-1.931624561548233032e-01,-1.159980148077011108e-01,-4.312415793538093567e-02,1.234966143965721130e-02,6.755081564188003540e-02,7.470548152923583984e-03,-4.523929208517074585e-02,-1.362941712141036987e-01,-2.387783825397491455e-01,-1.902625709772109985e-01
1.526486128568649292e-01,7.102251052856445312e-02,1.533825546503067017e-01,1.810420155525207520e-01,3.354601263999938965e-01,2.241614758968353271e-01,1.571853309869766235e-01,2.491711266338825226e-02,9.999995827674865723e-01,5.701346397399902344e-01,6.913925707340240479e-02,8.484644815325737000e-03,1.495623588562011719e-01,4.903212562203407288e-02,2.166755348443984985e-01,1.208642050623893738e-01,9.391786158084869385e-02,4.766628518700599670e-02,2.139695882797241211e-01,1.946034282445907593e-01,1.308316588401794434e-01,6.796201318502426147e-02,2.272497862577438354e-02,5.683987960219383240e-02,5.877421498298645020e-01,5.417798757553100586e-01,3.625833988189697266e-01,3.884704113006591797e-01,6.128619611263275146e-02,1.104996306821703911e-03,1.388372331857681274e-01,1.101481840014457703e-01,7.389312237501144409e-02,4.028034582734107971e-02,5.128444638103246689e-03,1.202679611742496490e-02,2.444844879209995270e-02,1.062348410487174988e-01,2.404880523681640625e-01,2.320813685655593872e-01,-7.787539064884185791e-02,6.259737908840179443e-02,1.735097765922546387e-01,7.390323281288146973e-02,6.404351443052291870e-02,-1.162754818797111511e-01,8.667734265327453613e-02,8.773525059223175049e-02,-1.403205543756484985e-01,-2.658385336399078369e-01,-7.938595116138458252e-02,-1.614793837070465088e-01,-5.047556757926940918e-02,2.845112420618534088e-02,9.139952063560485840e-02,8.162419497966766357e-02,1.825483888387680054e-01,1.581670939922332764e-01,8.045029640197753906e-02,8.410633355379104614e-02,7.001716643571853638e-02,5.741983652114868164e-03,-1.923159137368202209e-02,-1.269331872463226318e-01,2.677433192729949951e-02,-7.107017189264297485e-02,1.697817891836166382e-01,1.338144242763519287e-01,2.280351519584655762e-01,2.361628711223602295e-01,-2.471883315593004227e-03,4.957108572125434875e-02,-5.202582851052284241e-02,-1.796059869229793549e-02,-1.630641520023345947e-01,-9.322553128004074097e-02,5.019762367010116577e-02,-3.089778497815132141e-02,-4.423069208860397339e-02,-7.529968023300170898e-02,-7.131954655051231384e-03,-5.200655013322830200e-02,1.122179254889488220e-01,1.594847254455089569e-02,1.234883740544319153e-01,9.103429317474365234e-02,3.249330520629882812e-01,3.477422595024108887e-01,1.517731398344039917e-01,1.407028138637542725e-01,-2.753750234842300415e-02,-1.636505685746669769e-02,-7.355618476867675781e-02,-9.707585722208023071e-02,-3.767369315028190613e-02,6.563176959753036499e-02,5.515180528163909912e-02,1.292860656976699829e-01,-2.734034135937690735e-02,2.465872326865792274e-03,5.884318426251411438e-02,2.114912569522857666e-01,8.678391575813293457e-03,1.846599727869033813e-01,5.107345059514045715e-02,7.966702431440353394e-02,-4.023858159780502319e-02,2.169420197606086731e-02,-8.948833495378494263e-02,7.040757685899734497e-02,1.421521306037902832e-01,1.932566761970520020e-01,7.691599428653717041e-02,8.236658573150634766e-02,1.010468900203704834e-01,8.465028554201126099e-02
1.543979644775390625e-01,1.418674141168594360e-01,1.655904799699783325e-01,1.125040575861930847e-01,3.486487269401550293e-01,3.790455758571624756e-01,1.956347674131393433e-01,1.176749318838119507e-01,5.701346397399902344e-01,1.000000000000000000e+00,1.300587207078933716e-01,1.022467538714408875e-01,1.916190683841705322e-01,1.367309689521789551e-01,2.115445584058761597e-01,2.187097370624542236e-01,7.469212263822555542e-02,1.182295158505439758e-01,1.246727555990219116e-01,1.107157990336418152e-01,2.472189813852310181e-01,1.664510369300842285e-01,1.292511224746704102e-01,1.507129967212677002e-01,5.881378054618835449e-01,5.402225852012634277e-01,2.607414126396179199e-01,4.199403822422027588e-01,1.083387210965156555e-01,2.138588391244411469e-02,2.177701592445373535e-01,1.563827097415924072e-01,2.349838465452194214e-01,2.110543251037597656e-01,2.063782513141632080e-02,9.478569030761718750e-02,1.410501543432474136e-02,7.196801155805587769e-02,3.524068742990493774e-02,3.801546990871429443e-01,-1.045603081583976746e-01,2.134779840707778931e-02,1.961380988359451294e-01,1.600347757339477539e-01,6.285779178142547607e-02,-8.444663137197494507e-02,2.269249856472015381e-01,2.317865341901779175e-01,-1.435988545417785645e-01,-2.930436134338378906e-01,-7.025878876447677612e-02,-1.524877697229385376e-01,2.991250529885292053e-02,-2.882002107799053192e-02,1.219435185194015503e-01,3.717574104666709900e-02,2.368098199367523193e-01,2.243479192256927490e-01,8.422783017158508301e-02,8.687922358512878418e-02,1.507346928119659424e-01,9.403429925441741943e-02,7.222823798656463623e-02,3.453689441084861755e-02,1.286279410123825073e-01,4.836698248982429504e-02,2.480624914169311523e-01,2.087495625019073486e-01,2.226467579603195190e-01,3.079077601432800293e-01,7.731142640113830566e-02,1.424836516380310059e-01,7.703367620706558228e-02,8.051006007008254528e-04,-6.898295599967241287e-03,4.830264672636985779e-02,-1.937461830675601959e-02,-1.854456216096878052e-02,4.051210358738899231e-02,-4.813522566109895706e-03,1.525480858981609344e-02,7.794283330440521240e-02,1.321442127227783203e-01,1.229787468910217285e-01,1.329484134912490845e-01,1.216134279966354370e-01,2.445335686206817627e-01,4.305538535118103027e-01,1.290415041148662567e-02,1.192760169506072998e-01,-8.375053852796554565e-02,-1.166859567165374756e-01,-1.424189209938049316e-01,-4.042993858456611633e-02,7.375250756740570068e-02,1.236815899610519409e-01,2.019175887107849121e-01,1.946842670440673828e-01,-1.754908636212348938e-02,-6.578058749437332153e-02,6.865799427032470703e-02,1.263504028320312500e-01,5.493109673261642456e-02,1.003473997116088867e-01,5.247107893228530884e-02,-1.933355815708637238e-03,-3.919838368892669678e-02,6.699396669864654541e-02,1.504214946180582047e-02,1.466755867004394531e-01,2.296563386917114258e-01,1.398449391126632690e-01,3.064298070967197418e-02,9.710013866424560547e-02,5.858291313052177429e-02,5.728327855467796326e-02
2.868456244468688965e-01,7.570749521255493164e-02,4.114872813224792480e-01,3.062807619571685791e-01,2.268903404474258423e-01,-6.905380636453628540e-02,5.608761310577392578e-01,3.994698822498321533e-01,6.913925707340240479e-02,1.300587207078933716e-01,1.000000238418579102e+00,5.802166461944580078e-01,7.569155097007751465e-01,5.807653069496154785e-01,3.008988201618194580e-01,3.450495302677154541e-01,7.221416831016540527e-01,5.748677849769592285e-01,2.002098858356475830e-01,2.185853943228721619e-02,2.383800894021987915e-01,2.715425193309783936e-01,5.252303481101989746e-01,5.058218836784362793e-01,1.073007844388484955e-02,6.253755837678909302e-02,2.686242163181304932e-01,7.832245528697967529e-02,6.763353943824768066e-01,4.171133637428283691e-01,3.901500999927520752e-01,5.377998948097229004e-01,2.462124675512313843e-01,3.137840926647186279e-01,2.077851891517639160e-01,2.589405179023742676e-01,2.751331329345703125e-01,2.830347418785095215e-01,1.523407995700836182e-01,1.426398307085037231e-01,2.270015329122543335e-01,2.843100726604461670e-01,2.863638997077941895e-01,2.384002804756164551e-01,2.249997407197952271e-01,5.330154299736022949e-02,2.023422122001647949e-01,1.692667454481124878e-01,1.067286133766174316e-01,-2.194251306354999542e-02,1.885987967252731323e-01,1.012041419744491577e-01,-1.520233601331710815e-02,-9.491281956434249878e-02,1.595831811428070068e-01,4.091331735253334045e-02,2.955521047115325928e-01,7.401568442583084106e-02,-1.524540632963180542e-01,-1.888235956430435181e-01,1.141692847013473511e-01,-1.940099336206912994e-02,5.079261660575866699e-01,2.495180368423461914e-01,1.471157670021057129e-01,3.984759002923965454e-02,1.009036377072334290e-01,1.297615468502044678e-01,6.395331025123596191e-02,1.017418727278709412e-01,5.761048793792724609e-01,5.312533974647521973e-01,5.252457261085510254e-01,5.171871781349182129e-01,2.688856720924377441e-01,2.668100893497467041e-01,5.273627042770385742e-01,4.999724924564361572e-01,4.716872274875640869e-01,4.582415521144866943e-01,6.517853736877441406e-01,4.041968882083892822e-01,3.775799274444580078e-01,2.338063269853591919e-01,4.446012377738952637e-01,1.882686614990234375e-01,2.213166952133178711e-01,1.416409015655517578e-01,1.317764222621917725e-01,-1.036370843648910522e-01,-1.247767955064773560e-01,-1.212139129638671875e-01,-1.697699874639511108e-01,-1.768940985202789307e-01,5.999726802110671997e-02,1.875663697719573975e-01,2.230762243270874023e-01,2.301338613033294678e-01,9.327362477779388428e-02,-2.538314554840326309e-03,-7.522496581077575684e-02,-1.553000323474407196e-02,-1.390243321657180786e-01,-1.088363975286483765e-01,-1.474101096391677856e-01,-6.948858499526977539e-02,-1.917425096035003662e-01,-4.071854799985885620e-02,-7.700801640748977661e-02,1.163109689950942993e-01,2.997876703739166260e-01,1.779728829860687256e-01,4.194946587085723877e-02,-6.717202067375183105e-02,-1.301262676715850830e-01,-1.887466199696063995e-02
1.884919106960296631e-01,2.769256532192230225e-01,2.098843902349472046e-01,2.988854348659515381e-01,4.431542381644248962e-02,3.403095155954360962e-02,3.291887044906616211e-01,4.567381143569946289e-01,8.484644815325737000e-03,1.022467538714408875e-01,5.802166461944580078e-01,1.000000119209289551e+00,4.702441990375518799e-01,6.783709526062011719e-01,2.184286862611770630e-01,2.913224101066589355e-01,4.903167486190795898e-01,6.182295083999633789e-01,2.489952594041824341e-01,1.695280373096466064e-01,7.018142193555831909e-02,1.297538131475448608e-01,4.580634534358978271e-01,4.290773272514343262e-01,-8.977020531892776489e-02,-4.942438006401062012e-02,1.912611573934555054e-01,5.909667909145355225e-02,4.822175204753875732e-01,3.984374403953552246e-01,2.357435077428817749e-01,3.685433268547058105e-01,3.082369863986968994e-01,3.954631984233856201e-01,6.546543538570404053e-02,1.667141020298004150e-01,1.741245985031127930e-01,1.924209445714950562e-01,5.166307091712951660e-02,1.150253713130950928e-01,1.729356348514556885e-01,1.630565673112869263e-01,1.098491922020912170e-01,9.948150068521499634e-02,2.314723655581474304e-02,-5.194359272718429565e-02,9.535364061594009399e-02,8.743359893560409546e-02,-9.993617981672286987e-02,-1.225019544363021851e-01,-8.515465259552001953e-02,1.322053000330924988e-02,-1.798749417066574097e-01,-9.538314491510391235e-02,5.461471620947122574e-03,-1.063885726034641266e-02,2.692079842090606689e-01,1.922886967658996582e-01,-5.174285173416137695e-02,-4.167652130126953125e-02,2.545979991555213928e-02,1.756428778171539307e-01,4.684474170207977295e-01,5.230204463005065918e-01,3.465333580970764160e-02,1.702775955200195312e-01,4.813749343156814575e-02,1.322305500507354736e-01,1.752872318029403687e-01,2.356205582618713379e-01,3.947464823722839355e-01,4.181197881698608398e-01,3.794600367546081543e-01,4.567556679248809814e-01,2.358121275901794434e-01,2.469655722379684448e-01,3.284564316272735596e-01,3.891927301883697510e-01,3.993660211563110352e-01,4.416424334049224854e-01,5.096072554588317871e-01,4.377368688583374023e-01,1.663473993539810181e-01,2.392789572477340698e-01,1.666154116392135620e-01,2.173353880643844604e-01,6.193622201681137085e-02,1.356058418750762939e-01,1.068602316081523895e-03,-1.452230196446180344e-02,-1.592256277799606323e-01,-7.656011730432510376e-02,-1.123073250055313110e-01,-6.451042741537094116e-02,4.048403725028038025e-02,1.157086566090583801e-01,1.003729403018951416e-01,1.164040863513946533e-01,3.886187076568603516e-02,-4.229128360748291016e-02,-4.255974292755126953e-02,1.191770844161510468e-02,-6.710185669362545013e-03,-8.371188491582870483e-02,-1.157413572072982788e-01,-5.212136730551719666e-02,-2.074774801731109619e-01,-2.999320626258850098e-03,-3.545907884836196899e-02,5.362862348556518555e-02,1.461081951856613159e-01,4.552794247865676880e-02,2.003170736134052277e-02,-6.974581629037857056e-02,-1.168374493718147278e-01,-7.957072928547859192e-03
1.371520310640335083e-01,-1.524363160133361816e-01,3.610291481018066406e-01,1.905190199613571167e-01,2.504017949104309082e-01,-6.255597621202468872e-02,5.520378351211547852e-01,3.219347894191741943e-01,1.495623588562011719e-01,1.916190683841705322e-01,7.569155097007751465e-01,4.702441990375518799e-01,1.000000119209289551e+00,6.230869889259338379e-01,4.256378412246704102e-01,4.245232641696929932e-01,6.271036863327026367e-01,4.319151043891906738e-01,-7.002034690231084824e-03,-2.057615816593170166e-01,1.583397537469863892e-01,2.154432237148284912e-01,4.407472312450408936e-01,3.977402150630950928e-01,5.133697763085365295e-02,1.217580065131187439e-01,2.826358377933502197e-01,5.945737659931182861e-02,6.235966682434082031e-01,4.123793840408325195e-01,3.815024793148040771e-01,5.205742716789245605e-01,8.991188555955886841e-02,8.456665277481079102e-02,1.684603244066238403e-01,2.098396271467208862e-01,3.057908415794372559e-01,3.694927394390106201e-01,1.844051480293273926e-01,1.799013167619705200e-01,2.842569053173065186e-01,3.575050532817840576e-01,3.293454051017761230e-01,3.179598450660705566e-01,1.477909386157989502e-01,1.536525599658489227e-02,2.448642402887344360e-01,2.188535183668136597e-01,1.243338957428932190e-01,3.508244082331657410e-02,3.271517157554626465e-01,1.693247109651565552e-01,8.895105868577957153e-02,6.316055357456207275e-02,2.701647281646728516e-01,1.519560664892196655e-01,9.309750795364379883e-02,-9.509422630071640015e-02,-2.758239805698394775e-01,-2.833666205406188965e-01,2.979269437491893768e-02,-1.319818347692489624e-01,2.978527247905731201e-01,2.407873282209038734e-03,2.179048657417297363e-01,-7.121617347002029419e-02,-1.602844707667827606e-02,-6.200327537953853607e-03,-1.033554151654243469e-01,-5.672949552536010742e-02,5.764265656471252441e-01,5.529956817626953125e-01,5.516565442085266113e-01,5.336440801620483398e-01,2.752633094787597656e-01,3.262165188789367676e-01,4.847868978977203369e-01,4.321775734424591064e-01,3.475039303302764893e-01,3.325547873973846436e-01,5.289076566696166992e-01,3.665094375610351562e-01,4.973422884941101074e-01,3.386565744876861572e-01,5.914261341094970703e-01,2.911279201507568359e-01,2.722148299217224121e-01,1.993359327316284180e-01,2.742827534675598145e-01,8.244047313928604126e-02,1.556114573031663895e-02,-3.112251497805118561e-02,-1.324808448553085327e-01,-2.225707620382308960e-01,1.273195445537567139e-01,2.776676714420318604e-01,3.130800426006317139e-01,3.182642161846160889e-01,1.552503854036331177e-01,6.375083327293395996e-02,-7.280741631984710693e-02,4.775530099868774414e-02,-9.630442410707473755e-02,-2.590866945683956146e-02,-1.286925226449966431e-01,-7.037568092346191406e-02,-1.549738347530364990e-01,-8.680113404989242554e-02,-2.814539149403572083e-02,1.167336776852607727e-01,3.132818937301635742e-01,2.185890972614288330e-01,7.236020267009735107e-02,-3.912709280848503113e-02,-1.388783901929855347e-01,-3.776604309678077698e-02
