1.000000238418579102e+00,5.237872004508972168e-01,2.668166458606719971e-01,2.582664191722869873e-01,5.635616183280944824e-02,7.385954260826110840e-02,5.214720964431762695e-01,3.038181662559509277e-01,2.568682134151458740e-01,-1.813997887074947357e-02,4.017247557640075684e-01,4.213136136531829834e-01,2.655009925365447998e-01,1.340062469244003296e-01,7.733809202909469604e-02,1.047090664505958557e-01,4.360415637493133545e-01,3.641210198402404785e-01,4.519749879837036133e-01,4.122759699821472168e-01,6.839924305677413940e-02,1.561109721660614014e-01,1.731857955455780029e-01,1.574576199054718018e-01,8.594020456075668335e-02,1.471835076808929443e-01,3.023024275898933411e-02,1.274330168962478638e-01,2.294053733348846436e-01,2.104858458042144775e-01,3.018774986267089844e-01,3.493806123733520508e-01,4.000311493873596191e-01,4.349250197410583496e-01,7.724622637033462524e-02,1.759350597858428955e-01,5.904071405529975891e-02,-1.105759814381599426e-01,-1.358743160963058472e-01,-5.216901004314422607e-02,-2.849935591220855713e-01,-2.395408414304256439e-02,1.183411478996276855e-01,1.480898112058639526e-01,1.131956949830055237e-01,1.157059445977210999e-01,-6.566644879058003426e-04,5.012762546539306641e-02,5.458534508943557739e-02,-1.119954138994216919e-01,1.153123565018177032e-02,-6.060594320297241211e-02,-1.944442093372344971e-01,-9.920819848775863647e-02,1.427588015794754028e-01,1.002363264560699463e-01,5.779005289077758789e-01,3.009494245052337646e-01,1.823250204324722290e-01,-6.230787560343742371e-02,4.272550642490386963e-01,1.434816271066665649e-01,2.444488853216171265e-01,9.741986542940139771e-02,3.695694804191589355e-01,-9.461978077888488770e-02,2.084988802671432495e-01,2.234699577093124390e-01,9.664397686719894409e-03,-8.862226456403732300e-02,4.392040669918060303e-01,4.034037590026855469e-01,-1.341657489538192749e-01,2.274344563484191895e-01,-1.264249533414840698e-01,1.517904102802276611e-01,1.779218018054962158e-01,2.413170039653778076e-01,3.461413383483886719e-01,2.125083208084106445e-01,5.071285963058471680e-01,4.274614751338958740e-01,-7.194700092077255249e-02,3.450561687350273132e-02,4.824341833591461182e-01,3.402396142482757568e-01,1.975206285715103149e-02,3.704691678285598755e-02,4.071934819221496582e-01,1.307571083307266235e-01,1.650734394788742065e-01,5.867001018486917019e-04,3.589582443237304688e-02,9.561403840780258179e-02,2.227237075567245483e-01,4.892103746533393860e-02,2.663893997669219971e-01,1.475545763969421387e-01,2.571656703948974609e-01,2.894581854343414307e-01,3.654749989509582520e-01,2.450136840343475342e-01,3.990105688571929932e-01,3.570806682109832764e-01,2.984010577201843262e-01,2.686719894409179688e-01,4.098477065563201904e-01,9.439484030008316040e-02,1.359023153781890869e-01,9.526368975639343262e-02,2.563025429844856262e-02,-3.495271876454353333e-02,2.743239328265190125e-02,4.828006327152252197e-01,4.053400754928588867e-01,3.573416769504547119e-01
5.237872004508972168e-01,1.000000000000000000e+00,1.111435592174530029e-01,1.885748952627182007e-01,1.314852684736251831e-01,1.576981991529464722e-01,3.556856513023376465e-01,3.749193549156188965e-01,1.975191086530685425e-01,7.552488893270492554e-02,1.982135027647018433e-01,4.579756259918212891e-01,1.880152225494384766e-01,2.349339276552200317e-01,3.966252878308296204e-02,8.450467139482498169e-03,1.829929649829864502e-01,3.072975575923919678e-01,3.561872541904449463e-01,4.508535563945770264e-01,7.306294888257980347e-02,7.873904705047607422e-02,2.080351412296295166e-01,1.430610865354537964e-01,1.686162054538726807e-01,1.201683357357978821e-01,1.599833816289901733e-01,2.227004468441009521e-01,1.101653277873992920e-01,2.845047116279602051e-01,2.697554528713226318e-01,2.728376388549804688e-01,2.418410480022430420e-01,2.310419380664825439e-01,1.467483043670654297e-01,2.967960238456726074e-01,6.319127231836318970e-02,1.178740411996841431e-01,-4.291835427284240723e-02,1.494735032320022583e-01,-1.563486754894256592e-01,2.137768268585205078e-01,4.937843978404998779e-02,4.795283451676368713e-02,6.038903445005416870e-02,1.061373725533485413e-01,-1.544921249151229858e-01,-1.327607482671737671e-01,7.479082047939300537e-02,4.506018012762069702e-02,-8.349188417196273804e-02,-1.674627512693405151e-02,-2.170453369617462158e-01,-8.489255607128143311e-02,3.899211063981056213e-02,2.500102519989013672e-01,3.564737737178802490e-01,5.557305216789245605e-01,3.415986299514770508e-01,2.106775045394897461e-01,3.158477246761322021e-01,2.457599639892578125e-01,8.883439004421234131e-02,3.327018320560455322e-01,1.677279770374298096e-01,3.837577998638153076e-02,3.615512847900390625e-01,2.789724767208099365e-01,1.950049400329589844e-01,1.380434781312942505e-01,3.991093039512634277e-01,3.035331368446350098e-01,-8.134832233190536499e-02,2.519994378089904785e-01,-4.402885958552360535e-02,2.152112871408462524e-01,2.628561556339263916e-01,3.846769034862518311e-01,1.674795001745223999e-01,1.818761676549911499e-01,2.338182479143142700e-01,3.512514531612396240e-01,4.886011406779289246e-02,1.868526339530944824e-01,2.197806090116500854e-01,3.374902606010437012e-01,2.074757963418960571e-01,2.096151262521743774e-01,2.523972392082214355e-01,2.438627183437347412e-01,1.056805402040481567e-01,1.173489168286323547e-01,2.471962571144104004e-02,1.124624013900756836e-01,9.499420225620269775e-02,-1.212561279535293579e-01,9.379960596561431885e-02,-1.916990056633949280e-02,1.835165023803710938e-01,2.691523134708404541e-01,2.923200428485870361e-01,1.903368383646011353e-01,3.446601927280426025e-01,3.793305456638336182e-01,3.282899260520935059e-01,2.937607169151306152e-01,2.436327487230300903e-01,8.658290654420852661e-02,5.715951696038246155e-02,-3.990920260548591614e-02,6.836447119712829590e-02,9.165252000093460083e-02,-7.411847263574600220e-02,3.247120976448059082e-01,3.980078399181365967e-01,4.361760914325714111e-01
2.668166458606719971e-01,1.111435592174530029e-01,9.999998211860656738e-01,5.184189677238464355e-01,2.026692032814025879e-01,5.068221688270568848e-02,5.717910528182983398e-01,1.612260937690734863e-01,1.455242782831192017e-01,-8.552692830562591553e-02,1.166788339614868164e-01,2.033496648073196411e-02,2.327709794044494629e-01,-1.148996409028768539e-03,2.124101221561431885e-01,8.130462467670440674e-02,1.284164935350418091e-01,7.515639811754226685e-02,9.102723747491836548e-02,2.887292392551898956e-02,8.738452941179275513e-02,2.371246367692947388e-01,4.802141189575195312e-01,3.898842036724090576e-01,2.243615239858627319e-01,9.646441042423248291e-02,1.798591762781143188e-01,4.041935503482818604e-02,7.771518081426620483e-02,-1.675625704228878021e-02,3.856894373893737793e-01,3.239572048187255859e-01,2.084577679634094238e-01,2.832213044166564941e-01,-5.287894234061241150e-02,-6.485907733440399170e-02,9.939963370561599731e-02,1.494834199547767639e-02,6.920844316482543945e-02,2.966935001313686371e-02,-5.873105674982070923e-02,4.614748060703277588e-02,-1.085097119212150574e-01,-4.444554448127746582e-02,6.103944405913352966e-02,1.314673759043216705e-02,2.207589894533157349e-01,1.895717531442642212e-01,1.162386150099337101e-03,9.604588150978088379e-02,1.067289337515830994e-02,7.314886152744293213e-02,1.419259458780288696e-01,1.001983806490898132e-01,1.863896697759628296e-01,2.580818906426429749e-02,2.564557790756225586e-01,1.576167047023773193e-01,1.641488820314407349e-02,2.261074483394622803e-01,-2.473624795675277710e-02,1.936606317758560181e-02,1.114937737584114075e-01,-5.185772851109504700e-02,-3.086472488939762115e-02,-8.433333784341812134e-02,-1.332535315304994583e-02,3.029333613812923431e-02,-6.664946675300598145e-02,-9.054309129714965820e-02,1.971883177757263184e-01,8.437618613243103027e-02,-7.595840841531753540e-02,3.805813193321228027e-02,-1.226831227540969849e-02,1.189810708165168762e-01,-6.984015554189682007e-02,-1.389440596103668213e-01,1.247245296835899353e-01,5.034453235566616058e-03,1.659700274467468262e-01,1.345988065004348755e-01,2.461963705718517303e-02,-7.725139707326889038e-02,1.066859886050224304e-01,-4.930611699819564819e-02,-4.452792555093765259e-02,-1.443563699722290039e-01,1.272078007459640503e-01,-4.344152286648750305e-02,1.240262463688850403e-01,3.894418478012084961e-03,-1.074358914047479630e-02,3.106512315571308136e-02,2.848557531833648682e-01,1.412610244005918503e-02,2.800869345664978027e-01,1.518240422010421753e-01,1.220630630850791931e-01,8.179856091737747192e-02,1.220937371253967285e-01,1.695174574851989746e-01,2.325310558080673218e-01,1.570652127265930176e-01,2.365593165159225464e-01,1.124288216233253479e-01,1.200379580259323120e-01,1.539796218276023865e-02,1.501487493515014648e-01,3.799778819084167480e-01,2.362053096294403076e-01,-1.573841087520122528e-02,-9.886420518159866333e-02,6.306880712509155273e-02,1.341602504253387451e-01,1.663458049297332764e-01
2.582664191722869873e-01,1.885748952627182007e-01,5.184189677238464355e-01,9.999997615814208984e-01,-3.390999883413314819e-02,1.806495189666748047e-01,3.609015047550201416e-01,2.504253983497619629e-01,-5.754185840487480164e-02,7.972195744514465332e-03,1.705365814268589020e-02,1.073686853051185608e-01,1.055179536342620850e-02,2.318279296159744263e-01,-2.385170571506023407e-02,-8.609633892774581909e-02,3.418820351362228394e-02,1.000114381313323975e-01,4.389975592494010925e-02,1.582052409648895264e-01,-1.355428546667098999e-01,1.751175336539745331e-02,3.823585510253906250e-01,4.414098560810089111e-01,1.588772982358932495e-01,1.571630984544754028e-01,2.626969516277313232e-01,1.761234551668167114e-01,-3.536793962121009827e-02,-2.456374000757932663e-03,1.138362064957618713e-01,1.551496833562850952e-01,1.951812058687210083e-01,2.525061368942260742e-01,3.235875815153121948e-02,1.347801685333251953e-01,1.453275382518768311e-01,9.650030732154846191e-02,1.467103660106658936e-01,1.018146574497222900e-01,-5.141451582312583923e-02,6.648632138967514038e-02,-2.754246592521667480e-01,-1.443728506565093994e-01,-1.913934759795665741e-02,2.489626407623291016e-02,-2.170776203274726868e-02,-1.155796553939580917e-02,-9.700877964496612549e-02,6.794746033847332001e-03,-8.204445987939834595e-02,-1.142899841070175171e-01,4.086428880691528320e-02,5.265268962830305099e-03,1.105549931526184082e-01,1.030583754181861877e-01,2.977948784828186035e-01,2.521268427371978760e-01,2.604176700115203857e-01,2.621600329875946045e-01,2.892279438674449921e-02,7.304372638463973999e-02,1.236982122063636780e-01,8.870718628168106079e-02,-7.569508999586105347e-02,-1.283479630947113037e-01,1.036228537559509277e-01,1.028230041265487671e-01,3.357676044106483459e-02,5.895510315895080566e-02,7.678342610597610474e-02,1.793826813809573650e-03,-1.682085990905761719e-01,-1.584254503250122070e-01,4.104266874492168427e-03,2.362747862935066223e-02,1.004968285560607910e-01,3.109313733875751495e-02,1.262466758489608765e-01,-7.799579203128814697e-02,9.630750119686126709e-02,1.254927814006805420e-01,-1.652609407901763916e-01,6.125601753592491150e-02,2.607992105185985565e-02,-9.296995401382446289e-02,-1.209694445133209229e-01,-2.997818402945995331e-02,1.109843514859676361e-02,8.590271323919296265e-02,-4.375884681940078735e-02,7.473447173833847046e-02,-2.309578359127044678e-01,-1.139499172568321228e-01,8.841411769390106201e-02,-1.280067712068557739e-01,1.843339800834655762e-01,1.072716061025857925e-02,4.110274836421012878e-02,1.849562115967273712e-02,-6.842064205557107925e-03,-2.676179632544517517e-02,1.227447837591171265e-01,1.724774017930030823e-02,2.455921471118927002e-01,5.145804956555366516e-02,3.701705858111381531e-02,-1.299799382686614990e-01,1.026067286729812622e-01,1.619196832180023193e-01,2.526624500751495361e-01,2.720669470727443695e-02,-2.288126200437545776e-01,-9.079246222972869873e-02,1.315555423498153687e-01,1.906328499317169189e-01
5.635616183280944824e-02,1.314852684736251831e-01,2.026692032814025879e-01,-3.390999883413314819e-02,9.999995827674865723e-01,3.161126673221588135e-01,2.370757609605789185e-01,-1.687497459352016449e-02,7.125248908996582031e-01,2.526779472827911377e-01,3.757058680057525635e-01,1.304888129234313965e-01,4.479350745677947998e-01,1.036978960037231445e-01,5.439985394477844238e-01,2.939403057098388672e-01,2.525285780429840088e-01,1.386754363775253296e-01,3.651793231256306171e-04,-3.989660367369651794e-02,1.761995255947113037e-01,1.063110008835792542e-01,1.038596332073211670e-01,1.746121235191822052e-02,4.223619401454925537e-01,1.528452038764953613e-01,3.309796452522277832e-01,2.508552968502044678e-01,2.742390334606170654e-01,1.629743725061416626e-01,2.238535434007644653e-01,6.599449366331100464e-02,-8.613041043281555176e-02,-1.189289465546607971e-01,-1.866225302219390869e-01,-2.225099802017211914e-01,-6.376232206821441650e-02,1.513713039457798004e-03,4.035530239343643188e-02,9.684753417968750000e-02,1.058163307607173920e-02,9.267143160104751587e-02,-3.172554075717926025e-02,-1.234273016452789307e-01,-7.143583893775939941e-02,-7.268055528402328491e-02,1.407658099196851254e-03,-4.152754694223403931e-02,-1.366602033376693726e-01,-7.683151867240667343e-03,-2.219253629446029663e-01,-9.134193509817123413e-02,2.161588519811630249e-02,-3.001105785369873047e-02,1.249953582882881165e-01,-3.825763240456581116e-02,1.053403615951538086e-01,2.256301343441009521e-01,-1.613090001046657562e-02,1.874229460954666138e-01,1.425634510815143585e-02,6.709379702806472778e-02,8.013129234313964844e-02,1.120125949382781982e-01,-6.128485873341560364e-02,-2.077168785035610199e-02,-1.685940772294998169e-01,-1.801481992006301880e-01,-2.847193181514739990e-02,-5.871054157614707947e-02,-6.450251210480928421e-03,-8.628365397453308105e-02,-1.929213665425777435e-02,1.369078904390335083e-01,-8.530529588460922241e-02,8.720490336418151855e-02,-1.713052392005920410e-01,-1.755320578813552856e-01,1.060470119118690491e-01,4.341805726289749146e-02,2.508997023105621338e-01,1.517666280269622803e-01,4.843394756317138672e-01,1.758272200822830200e-01,2.766081094741821289e-01,2.485795319080352783e-01,3.952210545539855957e-01,2.755037322640419006e-02,4.152809381484985352e-01,2.365821897983551025e-01,2.053921967744827271e-01,4.012265708297491074e-03,1.536140739917755127e-01,1.754996925592422485e-01,1.155184432864189148e-01,5.461758002638816833e-02,1.103761941194534302e-01,1.501705124974250793e-02,6.154567375779151917e-02,-5.872395262122154236e-02,2.770253121852874756e-01,2.085874825716018677e-01,2.763371467590332031e-01,2.275597900152206421e-01,1.776073575019836426e-01,1.491375118494033813e-01,1.349951177835464478e-01,1.474079042673110962e-01,-5.393563769757747650e-03,1.026093363761901855e-01,-1.035277768969535828e-01,-1.528638303279876709e-01,-2.217383980751037598e-01,1.062887161970138550e-02,1.915375888347625732e-02,9.785629063844680786e-02
7.385954260826110840e-02,1.576981991529464722e-01,5.068221688270568848e-02,1.806495189666748047e-01,3.161126673221588135e-01,1.000000119209289551e+00,6.344739347696304321e-02,2.463593780994415283e-01,2.684202492237091064e-01,6.062613129615783691e-01,6.731818616390228271e-02,1.192731261253356934e-01,-2.237748540937900543e-02,2.927177846431732178e-01,3.928211703896522522e-02,3.373921513557434082e-01,1.040243208408355713e-01,1.638520061969757080e-01,-2.759505622088909149e-02,5.634653195738792419e-02,-6.882219016551971436e-02,1.395774781703948975e-01,2.607264220714569092e-01,2.997236847877502441e-01,3.807498812675476074e-01,5.596845746040344238e-01,5.659329295158386230e-01,6.975899934768676758e-01,-2.427615597844123840e-02,3.773896768689155579e-02,2.920227050781250000e-01,2.943713963031768799e-01,3.981368243694305420e-02,3.398985043168067932e-02,1.329210102558135986e-01,4.330008849501609802e-02,4.932087287306785583e-02,2.669425494968891144e-02,1.738155074417591095e-02,7.727061212062835693e-02,-1.154587045311927795e-01,3.560824692249298096e-02,2.086823619902133942e-02,5.488826707005500793e-02,7.250788062810897827e-02,1.482822597026824951e-01,8.992177248001098633e-02,1.406435370445251465e-01,8.771520853042602539e-02,1.950385570526123047e-01,1.497433334589004517e-02,-2.148393169045448303e-02,5.978025868535041809e-02,3.209254518151283264e-02,-8.046103641390800476e-03,1.467746943235397339e-01,3.945357352495193481e-02,3.348236978054046631e-01,3.234297335147857666e-01,1.737243086099624634e-01,4.553228244185447693e-02,1.928182505071163177e-02,-1.103271767497062683e-01,7.711257785558700562e-02,-1.066013723611831665e-01,-9.706162661314010620e-02,2.153041809797286987e-01,1.266855299472808838e-01,1.315813362598419189e-01,1.041098013520240784e-01,5.146819725632667542e-02,1.385089904069900513e-01,-2.040617614984512329e-01,-5.547618120908737183e-02,-6.988752633333206177e-02,-2.076184377074241638e-02,1.955871470272541046e-02,4.024932160973548889e-02,2.168654799461364746e-01,1.169500574469566345e-01,5.552914366126060486e-02,2.168107181787490845e-01,-4.498863592743873596e-02,2.491003721952438354e-01,1.324508637189865112e-01,2.827173769474029541e-01,1.907984316349029541e-01,2.406567633152008057e-01,1.614438742399215698e-01,4.106092751026153564e-01,-1.026976779103279114e-01,3.982893377542495728e-02,-8.183398097753524780e-02,1.751110404729843140e-01,9.975949674844741821e-02,1.622552424669265747e-02,1.035839244723320007e-01,1.359719634056091309e-01,-4.395307227969169617e-02,4.526285082101821899e-02,1.133320853114128113e-01,2.121741473674774170e-01,2.193611711263656616e-01,2.328450232744216919e-01,3.185877799987792969e-01,2.745580077171325684e-01,1.517447829246520996e-01,1.509342193603515625e-01,6.756210327148437500e-02,1.325388848781585693e-01,2.301848083734512329e-01,1.431053876876831055e-01,-8.625547587871551514e-02,5.094985291361808777e-02,1.759816557168960571e-01,2.500061690807342529e-01
5.214720964431762695e-01,3.556856513023376465e-01,5.717910528182983398e-01,3.609015047550201416e-01,2.370757609605789185e-01,6.344739347696304321e-02,1.000000119209289551e+00,4.695415496826171875e-01,2.412918061017990112e-01,-8.871840685606002808e-02,3.411111533641815186e-01,2.620696127414703369e-01,4.294045865535736084e-01,1.938007920980453491e-01,4.409096762537956238e-02,2.055041864514350891e-02,2.834106385707855225e-01,1.691830009222030640e-01,3.516596257686614990e-01,2.594977319240570068e-01,-2.182127442210912704e-03,1.070459559559822083e-01,4.351972341537475586e-01,3.721691370010375977e-01,2.349917441606521606e-01,1.709260791540145874e-02,2.368775159120559692e-01,1.243463978171348572e-01,1.005130261182785034e-01,1.395193487405776978e-01,3.736481070518493652e-01,3.799462616443634033e-01,2.153237164020538330e-01,3.228904604911804199e-01,-7.566915452480316162e-02,3.350665047764778137e-02,-4.385478794574737549e-02,-1.321055591106414795e-01,-2.013383507728576660e-01,-6.149875372648239136e-02,-2.847383618354797363e-01,4.879967495799064636e-02,-9.825894981622695923e-02,-1.046851351857185364e-01,2.674132958054542542e-02,7.217375934123992920e-02,-5.077836290001869202e-02,-1.343751884996891022e-02,4.080472514033317566e-03,-1.279058400541543961e-02,-9.961713105440139771e-02,-9.575614333152770996e-02,-3.866474702954292297e-02,-5.874127894639968872e-02,4.008985310792922974e-02,9.009294211864471436e-02,3.144691884517669678e-01,2.012332975864410400e-01,1.737047135829925537e-01,8.283701539039611816e-02,1.687401235103607178e-01,8.603742718696594238e-02,1.904696822166442871e-01,1.387667208909988403e-01,1.188997402787208557e-01,-1.290005296468734741e-01,3.106422908604145050e-02,8.940633386373519897e-03,8.519391529262065887e-03,-9.730225801467895508e-02,4.357039630413055420e-01,3.662175536155700684e-01,-1.863397508859634399e-01,1.994794309139251709e-01,-1.984014213085174561e-01,1.415710449218750000e-01,-5.043326318264007568e-02,2.210306935012340546e-02,2.224442809820175171e-01,8.519735932350158691e-02,3.314594328403472900e-01,2.674861848354339600e-01,1.311768218874931335e-02,2.742930315434932709e-02,2.977625429630279541e-01,1.531782299280166626e-01,2.291016653180122375e-02,9.785476140677928925e-03,3.133796453475952148e-01,2.016563266515731812e-01,7.340810447931289673e-02,4.952508583664894104e-02,-1.036984622478485107e-01,6.080188322812318802e-03,2.421528398990631104e-01,9.677322581410408020e-03,2.291388809680938721e-01,1.744821667671203613e-01,7.736843824386596680e-02,1.761512458324432373e-01,2.117696553468704224e-01,1.286815702915191650e-01,2.595877051353454590e-01,2.021841406822204590e-01,2.552856504917144775e-01,2.317613214254379272e-01,2.413722574710845947e-01,1.013374552130699158e-01,2.506556212902069092e-01,2.029682248830795288e-01,1.336031854152679443e-01,-9.657084941864013672e-02,-1.142979636788368225e-01,2.554132342338562012e-01,2.400731742382049561e-01,2.634582817554473877e-01
3.038181662559509277e-01,3.749193549156188965e-01,1.612260937690734863e-01,2.504253983497619629e-01,-1.687497459352016449e-02,2.463593780994415283e-01,4.695415496826171875e-01,9.999998211860656738e-01,3.606755752116441727e-03,9.665596485137939453e-02,2.191156893968582153e-01,3.634987473487854004e-01,2.033740878105163574e-01,5.529575347900390625e-01,-2.594156265258789062e-01,1.367183476686477661e-01,1.883301138877868652e-01,1.833021789789199829e-01,2.770441472530364990e-01,2.739165425300598145e-01,-8.543325960636138916e-02,4.654943943023681641e-02,3.942525982856750488e-01,5.707637667655944824e-01,1.812128573656082153e-01,6.499347835779190063e-02,3.519830107688903809e-01,4.049573838710784912e-01,-9.590359777212142944e-02,1.384745240211486816e-01,2.632280290126800537e-01,3.968454003334045410e-01,1.537689417600631714e-01,2.404645234346389771e-01,-4.977422580122947693e-02,1.339613199234008789e-01,-1.448345482349395752e-01,-2.417188882827758789e-01,-3.802839815616607666e-01,-1.744364202022552490e-01,-3.875308036804199219e-01,-5.368835106492042542e-02,-4.172238695900887251e-04,-8.041778951883316040e-02,-4.646764323115348816e-02,7.647549360990524292e-02,-2.680535018444061279e-01,-9.712069481611251831e-02,-1.962471753358840942e-02,-2.752329409122467041e-02,-1.944669485092163086e-01,-2.162627577781677246e-01,-1.281536370515823364e-01,-1.065052673220634460e-01,-1.872101277112960815e-01,2.477469742298126221e-01,1.319893449544906616e-01,2.382866889238357544e-01,4.568908214569091797e-01,-1.821402087807655334e-02,2.399853914976119995e-01,1.320789754390716553e-01,2.349070459604263306e-02,3.857798576354980469e-01,8.462971448898315430e-02,-1.639605909585952759e-01,1.742434203624725342e-01,4.546371102333068848e-02,1.900726743042469025e-02,-1.106781065464019775e-01,4.454009830951690674e-01,5.133847594261169434e-01,-2.304643690586090088e-01,1.129396483302116394e-01,-2.394905090332031250e-01,1.190503500401973724e-02,1.112214848399162292e-02,1.337369680404663086e-01,1.666481643915176392e-01,1.699445545673370361e-01,2.569344043731689453e-01,4.114902317523956299e-01,-1.914749741554260254e-01,3.204005062580108643e-01,2.265741378068923950e-01,3.451071083545684814e-01,-3.061533346772193909e-02,3.775612115859985352e-01,1.650080382823944092e-01,4.951333999633789062e-01,-1.584174782037734985e-01,2.451020330190658569e-01,-2.698023617267608643e-01,6.477416306734085083e-02,1.428371220827102661e-01,-3.933862596750259399e-02,-4.614837002009153366e-03,2.003884166479110718e-01,-1.400874704122543335e-01,1.318177133798599243e-01,1.420785188674926758e-01,5.505742132663726807e-02,1.364911943674087524e-01,1.705731451511383057e-01,1.699591726064682007e-01,2.122704982757568359e-01,1.899195909500122070e-01,4.870651289820671082e-02,2.703785598278045654e-01,9.490574896335601807e-02,1.810214221477508545e-01,-3.429187461733818054e-02,-1.279892772436141968e-01,1.370318979024887085e-01,1.838153898715972900e-01,2.225376665592193604e-01
2.568682134151458740e-01,1.975191086530685425e-01,1.455242782831192017e-01,-5.754185840487480164e-02,7.125248908996582031e-01,2.684202492237091064e-01,2.412918061017990112e-01,3.606755752116441727e-03,9.999999403953552246e-01,2.682830691337585449e-01,5.505293011665344238e-01,2.908630669116973877e-01,4.935646951198577881e-01,1.055966317653656006e-01,6.089875698089599609e-01,4.409841895103454590e-01,4.941556155681610107e-01,3.571156263351440430e-01,6.441921740770339966e-02,1.264514122158288956e-02,2.068851590156555176e-01,1.845880895853042603e-01,-6.110915448516607285e-03,-6.888659298419952393e-02,3.813610970973968506e-01,1.949410140514373779e-01,2.646608054637908936e-01,2.555535733699798584e-01,3.800590336322784424e-01,2.807195186614990234e-01,3.181186318397521973e-01,1.793399155139923096e-01,9.131474047899246216e-02,3.596692532300949097e-02,-1.484071761369705200e-01,-1.956148892641067505e-01,-1.346136070787906647e-02,-2.726157195866107941e-02,-7.244537025690078735e-02,-1.394693087786436081e-02,-1.770749688148498535e-01,-1.129958126693964005e-02,2.866087481379508972e-02,-3.270432725548744202e-02,-1.034249830991029739e-02,-5.436477717012166977e-03,6.304161250591278076e-02,4.394349083304405212e-02,-7.342727482318878174e-02,-6.663730740547180176e-02,-1.736310273408889771e-01,-8.729875087738037109e-02,-1.167628467082977295e-01,-7.694739848375320435e-02,1.961982995271682739e-01,-1.611573994159698486e-02,2.243755906820297241e-01,2.133547514677047729e-01,-3.556827455759048462e-02,5.645865574479103088e-02,1.849299371242523193e-01,1.261031776666641235e-01,5.647278577089309692e-02,1.090081259608268738e-01,7.442183047533035278e-02,-7.187063992023468018e-02,-1.317807286977767944e-01,-9.742336720228195190e-02,-7.399579137563705444e-02,-1.525021940469741821e-01,1.474314779043197632e-01,6.087702885270118713e-02,-1.229828670620918274e-01,1.897708326578140259e-01,-1.363315284252166748e-01,6.050097569823265076e-02,-1.267596334218978882e-01,-9.046988189220428467e-02,3.221523463726043701e-01,2.211235314607620239e-01,4.556400179862976074e-01,3.693559467792510986e-01,4.012701809406280518e-01,1.396746039390563965e-01,4.592525064945220947e-01,4.221273958683013916e-01,3.106509447097778320e-01,8.898197120288386941e-05,5.942724943161010742e-01,2.824818789958953857e-01,3.381772637367248535e-01,-1.412007585167884827e-02,2.435506731271743774e-01,2.248718440532684326e-01,2.599300742149353027e-01,1.354315429925918579e-01,2.611767947673797607e-01,8.407657593488693237e-02,2.451487332582473755e-01,9.702375531196594238e-02,4.503857791423797607e-01,2.933700084686279297e-01,4.827382862567901611e-01,3.991992473602294922e-01,3.213994204998016357e-01,2.745774388313293457e-01,2.995030581951141357e-01,2.147897332906723022e-01,1.973067782819271088e-02,1.171549707651138306e-01,-1.504661440849304199e-01,-1.465025395154953003e-01,-1.604254692792892456e-01,2.263075560331344604e-01,2.552437782287597656e-01,2.527084052562713623e-01
-1.813997887074947357e-02,7.552488893270492554e-02,-8.552692830562591553e-02,7.972195744514465332e-03,2.526779472827911377e-01,6.062613129615783691e-01,-8.871840685606002808e-02,9.665596485137939453e-02,2.682830691337585449e-01,9.999995827674865723e-01,1.442217230796813965e-01,2.003495693206787109e-01,-3.256739675998687744e-02,3.179210722446441650e-01,1.846989393234252930e-01,5.059034228324890137e-01,1.560652703046798706e-01,2.609511911869049072e-01,-9.055382013320922852e-02,4.993849433958530426e-03,5.468690022826194763e-02,1.537019312381744385e-01,-3.298345953226089478e-02,5.948940292000770569e-02,1.610164940357208252e-01,3.875510096549987793e-01,2.383984029293060303e-01,4.015991389751434326e-01,1.730575114488601685e-01,2.617121934890747070e-01,1.583965122699737549e-01,1.221193969249725342e-01,-4.321363288909196854e-03,-3.933865949511528015e-02,1.585799455642700195e-01,9.890260547399520874e-02,1.290473490953445435e-01,1.819131970405578613e-01,1.368186026811599731e-01,1.408847868442535400e-01,3.437596559524536133e-02,7.070662826299667358e-02,5.269561707973480225e-02,3.589406609535217285e-02,-1.920070149935781956e-03,1.250546723604202271e-01,1.043316125869750977e-01,1.009814217686653137e-01,4.447342455387115479e-02,9.969218820333480835e-02,-1.554829999804496765e-02,-1.064074411988258362e-01,2.265898324549198151e-02,-4.498487338423728943e-02,5.450676009058952332e-02,1.820603907108306885e-01,4.278381913900375366e-02,2.763123512268066406e-01,1.115398630499839783e-01,5.150734633207321167e-02,1.015298813581466675e-01,3.167076408863067627e-02,-8.379901945590972900e-02,1.594864875078201294e-01,-3.202861547470092773e-02,-1.040321886539459229e-01,1.521760374307632446e-01,8.590339124202728271e-02,1.427984237670898438e-01,1.481338888406753540e-01,1.956863701343536377e-02,7.792876660823822021e-02,1.798988319933414459e-02,7.961525768041610718e-02,7.494730502367019653e-02,4.806547611951828003e-02,8.373221009969711304e-02,1.198869496583938599e-01,1.339468657970428467e-01,1.917733401060104370e-01,1.256238371133804321e-01,2.769260108470916748e-01,-4.740027338266372681e-02,3.318287134170532227e-01,1.607918441295623779e-01,3.239083886146545410e-01,1.153511852025985718e-01,1.957734972238540649e-01,1.163825243711471558e-01,3.391888141632080078e-01,1.240099966526031494e-02,1.115696877241134644e-02,3.091261163353919983e-02,1.417222768068313599e-01,3.203598037362098694e-02,1.274143904447555542e-01,1.224813517183065414e-02,6.227842066437005997e-03,4.253951832652091980e-02,8.166685700416564941e-02,1.832764297723770142e-01,1.387381851673126221e-01,1.718709170818328857e-01,2.226365953683853149e-01,2.412679046392440796e-01,2.113188505172729492e-01,8.395642042160034180e-02,1.689403504133224487e-01,-1.085399091243743896e-01,-7.688293606042861938e-02,5.394443869590759277e-03,1.062500253319740295e-01,-2.511062845587730408e-02,-4.518383182585239410e-03,2.034502029418945312e-01,1.936748772859573364e-01
4.017247557640075684e-01,1.982135027647018433e-01,1.166788339614868164e-01,1.705365814268589020e-02,3.757058680057525635e-01,6.731818616390228271e-02,3.411111533641815186e-01,2.191156893968582153e-01,5.505293011665344238e-01,1.442217230796813965e-01,9.999995231628417969e-01,4.605030119419097900e-01,6.018174886703491211e-01,3.110735714435577393e-01,3.166273236274719238e-01,3.565237224102020264e-01,7.316662073135375977e-01,5.271804928779602051e-01,1.329543292522430420e-01,8.920355141162872314e-02,1.465808302164077759e-01,8.280594646930694580e-02,-8.889622241258621216e-02,1.389776123687624931e-03,1.026761904358863831e-01,3.997695446014404297e-02,4.850281402468681335e-02,7.335203886032104492e-02,5.476087331771850586e-01,3.928782641887664795e-01,2.917496860027313232e-01,1.583050936460494995e-01,1.817713379859924316e-01,1.980744451284408569e-01,-4.507518559694290161e-02,-9.798494726419448853e-02,4.036368802189826965e-02,-1.447664052248001099e-01,-1.272571086883544922e-01,-1.056920737028121948e-01,-2.322101145982742310e-01,-8.520702272653579712e-02,2.214604988694190979e-02,-5.309914425015449524e-02,2.228435128927230835e-02,1.698447577655315399e-02,-1.161612346768379211e-01,-5.645611882209777832e-02,-8.659795671701431274e-02,-2.369294762611389160e-01,-1.009407937526702881e-01,-1.806549429893493652e-01,-1.880283802747726440e-01,-2.334544062614440918e-01,1.108825951814651489e-01,-2.334196865558624268e-02,3.990058302879333496e-01,1.515455096960067749e-01,-3.121064603328704834e-02,-1.550163477659225464e-01,3.049908578395843506e-01,1.244239062070846558e-01,3.206807971000671387e-01,2.219527959823608398e-01,3.203037977218627930e-01,-7.845102250576019287e-02,-1.147898063063621521e-01,-1.278799623250961304e-01,1.205699611455202103e-02,-1.242780536413192749e-01,3.315348327159881592e-01,2.847492694854736328e-01,-1.068035215139389038e-01,1.937180608510971069e-01,-2.296280264854431152e-01,-4.636175930500030518e-02,-8.762972056865692139e-02,-5.949168279767036438e-02,4.621041715145111084e-01,4.184833168983459473e-01,7.151366472244262695e-01,5.189816951751708984e-01,1.589035838842391968e-01,1.572220027446746826e-01,6.902313232421875000e-01,4.680624008178710938e-01,-2.303809300065040588e-02,-3.248488903045654297e-02,5.844842791557312012e-01,3.355949819087982178e-01,2.811562716960906982e-01,-2.006384357810020447e-02,1.486293375492095947e-01,9.071949869394302368e-02,2.537339329719543457e-01,1.530662626028060913e-01,1.184092015027999878e-01,1.075561568140983582e-01,1.967426091432571411e-01,1.268675774335861206e-01,4.647403955459594727e-01,1.506488174200057983e-01,3.255543410778045654e-01,2.699579596519470215e-01,2.186381965875625610e-01,1.802956461906433105e-01,3.347500264644622803e-01,1.663683801889419556e-01,4.588393867015838623e-02,-1.083510667085647583e-01,-2.703014910221099854e-01,-2.784745693206787109e-01,-1.008160486817359924e-01,3.205264806747436523e-01,2.565529048442840576e-01,1.491927653551101685e-01
4.213136136531829834e-01,4.579756259918212891e-01,2.033496648073196411e-02,1.073686853051185608e-01,1.304888129234313965e-01,1.192731261253356934e-01,2.620696127414703369e-01,3.634987473487854004e-01,2.908630669116973877e-01,2.003495693206787109e-01,4.605030119419097900e-01,1.000000238418579102e+00,2.653296589851379395e-01,5.340751409530639648e-01,1.026503592729568481e-01,1.109731793403625488e-01,3.829188346862792969e-01,6.273142099380493164e-01,2.152448743581771851e-01,2.456833273172378540e-01,2.205919027328491211e-01,2.500180006027221680e-01,1.291403174400329590e-01,2.074523419141769409e-01,6.016479432582855225e-02,7.017103582620620728e-02,1.312654912471771240e-01,1.754476875066757202e-01,2.698321044445037842e-01,6.331348419189453125e-01,2.878022193908691406e-01,2.292777299880981445e-01,3.108342885971069336e-01,3.156616389751434326e-01,3.891380038112401962e-03,1.447939872741699219e-01,2.039979025721549988e-02,1.587910503149032593e-01,-5.134978517889976501e-02,1.936960369348526001e-01,-1.362111568450927734e-01,2.821313440799713135e-01,6.298463046550750732e-02,7.232186943292617798e-02,-2.829113602638244629e-02,7.901754230260848999e-02,-1.914336532354354858e-01,-1.052373051643371582e-01,-1.800604350864887238e-02,-1.488690078258514404e-01,-2.307334393262863159e-01,-2.634007632732391357e-01,-3.222648501396179199e-01,-2.327499240636825562e-01,-3.846683725714683533e-02,2.058214247226715088e-01,2.796924114227294922e-01,3.383549153804779053e-01,2.677855789661407471e-01,-1.002026647329330444e-01,3.005221486091613770e-01,1.037126183509826660e-01,8.451950550079345703e-02,3.324832916259765625e-01,1.298100352287292480e-01,-2.623291909694671631e-01,5.006890371441841125e-02,7.348637282848358154e-02,-2.787480317056179047e-02,-1.111677512526512146e-01,3.664354085922241211e-01,2.557993829250335693e-01,7.266937755048274994e-03,4.569572806358337402e-01,-4.005609825253486633e-02,3.436414599418640137e-01,9.849935770034790039e-02,2.803682386875152588e-01,2.615695297718048096e-01,3.243899345397949219e-01,4.554384946823120117e-01,5.854343771934509277e-01,-4.751901701092720032e-02,3.844906091690063477e-01,3.995799124240875244e-01,4.722608923912048340e-01,4.208143800497055054e-02,2.404434680938720703e-01,3.218709826469421387e-01,3.421324491500854492e-01,8.192684501409530640e-02,2.901032380759716034e-02,-1.476026792079210281e-02,9.336946904659271240e-02,1.361114680767059326e-01,-7.995074242353439331e-02,1.143354922533035278e-01,-3.090885654091835022e-02,1.073297634720802307e-01,1.285612136125564575e-01,3.910245001316070557e-01,1.504897922277450562e-01,3.057876825332641602e-01,3.078070878982543945e-01,2.615145146846771240e-01,1.956475824117660522e-01,1.989048421382904053e-01,3.633647039532661438e-02,3.579502552747726440e-02,-1.162696629762649536e-01,-5.931386351585388184e-02,-3.962092101573944092e-02,-9.631930291652679443e-02,2.239098995923995972e-01,3.400996923446655273e-01,2.560602128505706787e-01
2.655009925365447998e-01,1.880152225494384766e-01,2.327709794044494629e-01,1.055179536342620850e-02,4.479350745677947998e-01,-2.237748540937900543e-02,4.294045865535736084e-01,2.033740878105163574e-01,4.935646951198577881e-01,-3.256739675998687744e-02,6.018174886703491211e-01,2.653296589851379395e-01,9.999997615814208984e-01,2.243120819330215454e-01,3.360818326473236084e-01,2.249674201011657715e-01,4.425249695777893066e-01,2.791631817817687988e-01,1.420131623744964600e-01,6.840865314006805420e-02,1.648094058036804199e-01,1.205813512206077576e-01,1.008486226201057434e-01,9.360332041978836060e-02,1.995872557163238525e-01,-6.760422140359878540e-02,9.944234043359756470e-02,1.126659959554672241e-01,4.636018574237823486e-01,2.744368612766265869e-01,2.802423536777496338e-01,2.220432907342910767e-01,1.294907927513122559e-01,1.357148587703704834e-01,-1.404702514410018921e-01,-1.755618751049041748e-01,-8.439609408378601074e-02,-1.461071223020553589e-01,-1.275504380464553833e-01,-7.600418478250503540e-02,-7.643993198871612549e-02,6.078552082180976868e-02,-1.395307332277297974e-01,-2.323904633522033691e-01,-8.246050775051116943e-02,-1.016038581728935242e-01,-1.064821332693099976e-01,-8.506838232278823853e-02,-1.252685338258743286e-01,-2.079752236604690552e-01,-1.429000049829483032e-01,-1.097433865070343018e-01,-3.942527621984481812e-02,-1.243043541908264160e-01,-1.685047522187232971e-02,-9.870382398366928101e-02,2.865460216999053955e-01,5.884813517332077026e-02,-4.043102264404296875e-02,-3.461732342839241028e-02,1.940882951021194458e-01,3.750940784811973572e-02,2.182081937789916992e-01,1.539802253246307373e-01,2.278180569410324097e-01,1.862461864948272705e-02,-2.196541875600814819e-01,-2.245571464300155640e-01,-7.178551703691482544e-02,-1.882033646106719971e-01,2.341582328081130981e-01,2.189443409442901611e-01,8.541665971279144287e-02,2.486398965120315552e-01,-7.579885423183441162e-03,1.422718167304992676e-01,-6.380716711282730103e-02,-9.785136580467224121e-02,1.272060871124267578e-01,1.488641649484634399e-01,4.847852885723114014e-01,3.338438868522644043e-01,3.697703182697296143e-01,4.653852805495262146e-02,5.055099129676818848e-01,3.713555037975311279e-01,-7.024173391982913017e-04,-1.013139635324478149e-01,3.704907596111297607e-01,2.453294247388839722e-01,1.431444138288497925e-01,-8.587825112044811249e-03,4.276123642921447754e-02,1.183143816888332367e-02,8.556272089481353760e-02,-2.251924760639667511e-02,-3.590265288949012756e-02,6.056737527251243591e-02,1.706049777567386627e-02,1.030897572636604309e-01,2.517280578613281250e-01,9.687122702598571777e-02,2.109704017639160156e-01,1.929958760738372803e-01,1.567446589469909668e-01,1.813003122806549072e-01,1.003409698605537415e-01,6.808631867170333862e-02,1.354378834366798401e-02,-1.129753701388835907e-02,-2.184300571680068970e-01,-2.757430970668792725e-01,-2.067400068044662476e-01,2.160398066043853760e-01,8.310329914093017578e-02,7.814200222492218018e-02
