1.000000000000000000e+00,2.596699893474578857e-01,1.950637698173522949e-01,6.355024874210357666e-02,1.936658620834350586e-01,9.394257515668869019e-02,2.291913330554962158e-01,5.551939085125923157e-02,1.404756158590316772e-01,3.883925825357437134e-02,1.594352871179580688e-01,5.396470800042152405e-02,1.894353181123733521e-01,-3.949622809886932373e-02,1.708504706621170044e-01,1.410347670316696167e-01,1.783743947744369507e-01,6.531032174825668335e-02,2.646272070705890656e-03,-3.101998241618275642e-03,1.269731074571609497e-01,1.415693759918212891e-01,8.000265061855316162e-02,1.011539474129676819e-01,1.110975220799446106e-01,8.947569876909255981e-02,2.199694365262985229e-01,2.185116559267044067e-01,1.973441541194915771e-01,3.090909682214260101e-02,1.272859573364257812e-01,1.765661239624023438e-01,2.794754803180694580e-01,2.277764379978179932e-01,1.178150847554206848e-01,-5.814387276768684387e-02,7.708752900362014771e-02,5.020006746053695679e-02,2.350298762321472168e-01,2.122388631105422974e-01,1.030260547995567322e-01,5.205069482326507568e-02,1.600273549556732178e-01,1.228057369589805603e-01,1.795571595430374146e-01,1.746325492858886719e-01,1.498502343893051147e-01,1.352591365575790405e-01,1.366118043661117554e-01,1.477116495370864868e-01,1.768034696578979492e-01,7.991801947355270386e-02,1.276442110538482666e-01,8.154071867465972900e-02,2.428746372461318970e-01,1.260926574468612671e-01,4.040246307849884033e-01,2.631415426731109619e-01,1.368046998977661133e-01,1.922901272773742676e-01,2.278549075126647949e-01,2.409521192312240601e-01,4.036161303520202637e-01,2.305411845445632935e-01,9.335201978683471680e-02,2.171416580677032471e-01,2.430362999439239502e-01,2.164633572101593018e-01,-1.710891537368297577e-02,9.316152334213256836e-02,1.426475495100021362e-01,1.022877022624015808e-01,7.674790173768997192e-02,5.929517000913619995e-02,9.191323624690994620e-05,-4.367958009243011475e-02,1.372785419225692749e-01,9.458879381418228149e-02,1.405585408210754395e-01,1.090647131204605103e-01,2.157676815986633301e-01,-7.719237357378005981e-03,2.102071493864059448e-01,7.995655387639999390e-02,2.130842208862304688e-01,1.280939728021621704e-01,2.083197832107543945e-01,1.101699769496917725e-01,1.728084832429885864e-01,1.265211850404739380e-01,1.754783689975738525e-01,1.293683797121047974e-01,1.748420000076293945e-01,2.126537263393402100e-01,3.815284371376037598e-02,1.402948498725891113e-01,1.892215460538864136e-01,1.429975777864456177e-01,1.540080457925796509e-01,8.903425186872482300e-02,1.664010286331176758e-01,1.637188941240310669e-01,1.345162838697433472e-01,1.657577604055404663e-01,1.483829617500305176e-01,1.649364531040191650e-01,1.682617217302322388e-01,5.861299112439155579e-02,1.342231035232543945e-01,3.752453625202178955e-02,1.535073388367891312e-02,2.401207014918327332e-02,4.776220396161079407e-02,1.640657633543014526e-01,1.313920170068740845e-01,7.882817089557647705e-02
2.596699893474578857e-01,1.000000000000000000e+00,1.346034258604049683e-01,1.760363131761550903e-01,4.560348764061927795e-02,9.421814978122711182e-02,3.208436369895935059e-01,1.983899474143981934e-01,2.033352665603160858e-02,2.005057595670223236e-02,3.306861221790313721e-02,1.937917768955230713e-01,1.208862587809562683e-01,1.162884756922721863e-01,-1.083031855523586273e-02,5.681535601615905762e-02,1.202715411782264709e-01,2.083020806312561035e-01,5.959676206111907959e-02,3.101838938891887665e-02,-3.332103369757533073e-03,1.478823367506265640e-02,1.202230900526046753e-01,5.485724657773971558e-02,7.193938642740249634e-02,5.046828091144561768e-02,4.518669843673706055e-02,2.982059121131896973e-02,1.082455366849899292e-01,6.362098455429077148e-02,1.235535442829132080e-01,8.967890590429306030e-02,2.058311998844146729e-01,1.404210478067398071e-01,1.031762138009071350e-01,-6.315256468951702118e-03,1.425532717257738113e-02,1.170533224940299988e-01,-1.264899037778377533e-02,1.037676334381103516e-01,-4.786931350827217102e-02,6.472825258970260620e-02,-6.029591895639896393e-03,5.363937094807624817e-02,9.848234802484512329e-02,4.433596506714820862e-02,-3.285530209541320801e-02,-2.369622886180877686e-02,7.688479963690042496e-03,5.070664733648300171e-02,-4.849957302212715149e-02,-5.809288471937179565e-03,-1.119100376963615417e-01,-5.013484135270118713e-02,1.581869460642337799e-02,1.218512579798698425e-01,1.830241829156875610e-01,3.034747242927551270e-01,7.155580818653106689e-02,9.730581939220428467e-02,1.411727219820022583e-01,1.320845633745193481e-01,6.474941223859786987e-02,2.810516953468322754e-01,5.344036594033241272e-02,1.440942734479904175e-01,1.184684485197067261e-01,1.350211799144744873e-01,1.194204762578010559e-01,1.772941052913665771e-01,-4.526759684085845947e-02,-7.722916547209024429e-03,-1.259700953960418701e-01,-2.636985294520854950e-02,-1.245068386197090149e-01,1.853024028241634369e-02,8.350842446088790894e-02,1.136018261313438416e-01,4.881331324577331543e-02,9.970760345458984375e-02,8.761453628540039062e-02,1.480747759342193604e-01,2.089472487568855286e-02,5.398230999708175659e-02,4.475486278533935547e-02,1.829768121242523193e-01,7.729070633649826050e-02,1.503453552722930908e-01,-2.251022495329380035e-02,1.335303187370300293e-01,-3.789420053362846375e-02,-5.093938857316970825e-02,-6.843386590480804443e-02,-1.748798601329326630e-02,1.665159314870834351e-02,7.186812162399291992e-02,-4.153813794255256653e-02,6.361774355173110962e-02,1.910524070262908936e-02,9.203940629959106445e-02,2.573240082710981369e-03,7.697720080614089966e-03,1.674270443618297577e-02,5.964608862996101379e-02,7.492351531982421875e-02,9.643443673849105835e-02,9.041289240121841431e-02,9.418612718582153320e-02,4.577872809022665024e-03,-2.260888367891311646e-02,7.382315117865800858e-03,7.065865397453308105e-02,2.686641365289688110e-02,7.453370839357376099e-02,6.550534814596176147e-02,-4.170067980885505676e-02
1.950637698173522949e-01,1.346034258604049683e-01,1.000000357627868652e+00,4.361340701580047607e-01,-1.152355503290891647e-02,-1.321667432785034180e-02,3.380657732486724854e-01,3.030564486980438232e-01,-8.207125216722488403e-02,-1.119230687618255615e-01,-3.361985087394714355e-02,4.943914711475372314e-02,-6.447101477533578873e-03,2.144716493785381317e-02,-3.449005261063575745e-02,-5.515623092651367188e-02,-1.363846193999052048e-02,1.356479525566101074e-02,-9.534606710076332092e-03,-1.474461704492568970e-02,6.341873109340667725e-02,7.475950568914413452e-02,4.658913910388946533e-01,4.100184142589569092e-01,4.330951720476150513e-02,6.482831388711929321e-02,1.485978625714778900e-02,6.103707477450370789e-02,9.013728797435760498e-02,8.514386415481567383e-02,2.632162570953369141e-01,2.369622141122817993e-01,9.831108897924423218e-02,1.729009747505187988e-01,1.132088974118232727e-01,1.004785895347595215e-01,7.247584313154220581e-02,6.875711679458618164e-02,9.249857068061828613e-02,1.048162505030632019e-01,4.900078102946281433e-02,3.724775090813636780e-02,1.287454813718795776e-01,7.846698164939880371e-02,3.829657658934593201e-02,8.140664547681808472e-02,1.225801482796669006e-01,1.838917434215545654e-01,7.691062986850738525e-02,9.049122780561447144e-02,1.628162115812301636e-01,8.189955353736877441e-02,1.843425929546356201e-01,1.819388568401336670e-01,1.949862390756607056e-01,2.124691456556320190e-01,8.192294836044311523e-02,8.011753112077713013e-02,5.882342532277107239e-02,6.659602373838424683e-02,9.538463503122329712e-02,8.808024227619171143e-02,1.326739490032196045e-01,1.915000379085540771e-01,1.018447354435920715e-01,1.469638496637344360e-01,7.908297330141067505e-02,1.246486082673072815e-01,-2.217244170606136322e-02,-1.961259543895721436e-02,1.372400671243667603e-01,1.403795778751373291e-01,5.719920620322227478e-03,2.879630401730537415e-02,-5.877232551574707031e-02,-1.525792386382818222e-02,6.435896456241607666e-02,1.122314948588609695e-02,1.161408349871635437e-01,7.731332629919052124e-02,9.020088613033294678e-02,4.386838898062705994e-02,4.036559909582138062e-02,-3.713453933596611023e-02,7.635896652936935425e-02,1.304900646209716797e-01,-2.921036817133426666e-02,2.799093350768089294e-02,3.419450670480728149e-02,7.155536860227584839e-02,2.019902467727661133e-01,1.701184511184692383e-01,1.752038151025772095e-01,1.509435474872589111e-01,8.295293152332305908e-02,1.405474990606307983e-01,1.426092535257339478e-01,1.435864865779876709e-01,2.202347368001937866e-01,2.059500664472579956e-01,1.873692572116851807e-01,1.211818233132362366e-01,1.923742741346359253e-01,1.656449586153030396e-01,1.531921625137329102e-01,1.552391052246093750e-01,8.584299683570861816e-02,9.865082800388336182e-02,1.719662174582481384e-02,6.637483090162277222e-02,1.435297578573226929e-01,1.396942287683486938e-01,1.581148356199264526e-01,1.068679541349411011e-01,7.067666202783584595e-02,6.475292146205902100e-02
6.355024874210357666e-02,1.760363131761550903e-01,4.361340701580047607e-01,1.000000238418579102e+00,-1.837178766727447510e-01,-9.848541021347045898e-02,2.499696463346481323e-01,4.549497663974761963e-01,-2.394123524427413940e-01,-1.646301597356796265e-01,-1.003560889512300491e-02,1.367683857679367065e-01,1.612902991473674774e-02,2.008744329214096069e-01,-1.805182844400405884e-01,-1.474412828683853149e-01,-5.606552958488464355e-02,5.190146714448928833e-02,2.884634584188461304e-02,-2.988919382914900780e-03,2.016755024669691920e-05,-2.653116919100284576e-02,4.211426079273223877e-01,3.877052068710327148e-01,-7.530539482831954956e-02,-2.709681168198585510e-02,-1.322823315858840942e-01,-8.736623823642730713e-02,-7.814668118953704834e-03,1.299434006214141846e-01,1.896625608205795288e-01,1.989938318729400635e-01,-6.245407462120056152e-02,2.511459030210971832e-02,3.024635137990117073e-03,8.247032016515731812e-02,3.117313608527183533e-03,2.634543180465698242e-02,-4.072922095656394958e-02,-3.421910805627703667e-03,-1.312794163823127747e-02,-3.373658051714301109e-03,5.730575323104858398e-02,3.844079002737998962e-02,-3.819133341312408447e-02,1.864895806647837162e-03,-4.238171130418777466e-02,4.947843775153160095e-02,-3.278519958257675171e-02,-1.638920232653617859e-02,1.385819632560014725e-02,-2.205924317240715027e-02,1.699906401336193085e-02,1.041673049330711365e-01,4.291764460504055023e-03,1.759822368621826172e-01,-8.207259327173233032e-02,-1.594605110585689545e-02,-7.327594608068466187e-02,-7.442677021026611328e-02,-4.967540875077247620e-02,-5.640127882361412048e-02,-5.447365716099739075e-02,1.529229283332824707e-01,5.093229934573173523e-03,-5.100783891975879669e-03,-8.863046020269393921e-02,-1.244172733277082443e-02,-6.853010505437850952e-02,-1.061663702130317688e-01,6.018507108092308044e-02,7.040317356586456299e-02,-3.329657763242721558e-02,-3.232645988464355469e-02,-2.021582424640655518e-02,1.443411223590373993e-02,-5.186584312468767166e-03,-2.426873147487640381e-02,1.584232039749622345e-02,5.081681534647941589e-02,2.203678153455257416e-02,6.086600944399833679e-02,-8.261222392320632935e-02,-6.763020157814025879e-02,-6.239227950572967529e-02,3.053419291973114014e-02,-1.089819893240928650e-01,1.335369423031806946e-02,-1.080638691782951355e-01,2.186140591220464557e-05,1.760426722466945648e-02,3.931365162134170532e-02,-3.091157972812652588e-02,-9.868163615465164185e-03,2.470677345991134644e-02,5.941516906023025513e-02,-3.360107913613319397e-02,6.134056299924850464e-02,3.575263544917106628e-02,1.201457157731056213e-01,4.953898862004280090e-02,1.809266954660415649e-02,8.930697292089462280e-02,7.156344503164291382e-02,8.802317827939987183e-02,6.654147803783416748e-02,-1.522118411958217621e-02,4.035129770636558533e-02,-1.041306555271148682e-01,5.279573053121566772e-02,1.027823239564895630e-01,1.558084934949874878e-01,8.451535552740097046e-02,-3.716874495148658752e-02,-4.487974196672439575e-02,-5.383357033133506775e-02
1.936658620834350586e-01,4.560348764061927795e-02,-1.152355503290891647e-02,-1.837178766727447510e-01,9.999996423721313477e-01,4.584141075611114502e-01,3.644948452711105347e-02,-1.784293204545974731e-01,5.434086918830871582e-01,3.984456062316894531e-01,-5.977259948849678040e-02,-1.428085267543792725e-01,3.968277573585510254e-02,-1.158470511436462402e-01,4.850099682807922363e-01,4.132172465324401855e-01,-6.827354431152343750e-03,-8.617337793111801147e-02,-5.032245442271232605e-02,-7.028467953205108643e-02,2.118590325117111206e-01,3.101476430892944336e-01,-5.742464587092399597e-02,-3.650369867682456970e-02,4.707801043987274170e-01,4.173545241355895996e-01,4.757739901542663574e-01,4.694253206253051758e-01,2.009634971618652344e-01,6.614066660404205322e-02,1.196010857820510864e-01,9.608763456344604492e-02,1.499724239110946655e-01,7.446219027042388916e-02,1.554749254137277603e-02,-8.034947514533996582e-02,1.086840331554412842e-01,1.405660659074783325e-01,2.986777126789093018e-01,3.247088789939880371e-01,1.407029181718826294e-01,2.207617908716201782e-01,2.828114852309226990e-02,-1.770496927201747894e-02,1.884080469608306885e-01,1.386606246232986450e-01,1.114678680896759033e-01,9.817098081111907959e-02,7.421217858791351318e-02,1.139613166451454163e-01,4.497330263257026672e-02,9.399587725056335330e-05,1.142310947179794312e-01,7.552492618560791016e-02,3.092139065265655518e-01,2.050098627805709839e-01,3.216786086559295654e-01,2.359595894813537598e-01,1.747802793979644775e-01,2.444642484188079834e-01,2.204109430313110352e-01,1.844759583473205566e-01,2.528319358825683594e-01,1.081418022513389587e-01,4.011769592761993408e-02,9.882525354623794556e-02,2.601329684257507324e-01,1.851411163806915283e-01,-1.436675060540437698e-02,7.478314638137817383e-02,5.752497911453247070e-02,1.161906793713569641e-01,2.730907872319221497e-02,5.812217667698860168e-02,-3.774894028902053833e-02,-3.856782242655754089e-02,8.797368407249450684e-02,1.356686949729919434e-01,2.125085145235061646e-02,2.941025979816913605e-02,7.487323880195617676e-02,-7.094682008028030396e-02,4.028151929378509521e-01,3.794327676296234131e-01,1.563662588596343994e-01,9.255717694759368896e-02,3.483297824859619141e-01,3.055624067783355713e-01,3.064783811569213867e-01,3.102529644966125488e-01,2.539749443531036377e-01,2.779008150100708008e-01,2.832713425159454346e-01,3.104913532733917236e-01,6.842502206563949585e-02,1.685688346624374390e-01,2.258148938417434692e-01,2.111818790435791016e-01,2.227769941091537476e-01,1.505354046821594238e-01,2.461994588375091553e-01,2.317926287651062012e-01,1.476246863603591919e-01,1.682090312242507935e-01,1.137513369321823120e-01,1.219391450285911560e-01,2.341530472040176392e-01,1.747005879878997803e-01,1.735204905271530151e-01,-4.495742917060852051e-02,3.520321846008300781e-02,-5.135354027152061462e-02,7.105109840631484985e-02,1.878136247396469116e-01,1.602016240358352661e-01,1.629507541656494141e-01
9.394257515668869019e-02,9.421814978122711182e-02,-1.321667432785034180e-02,-9.848541021347045898e-02,4.584141075611114502e-01,1.000000238418579102e+00,1.884237490594387054e-02,-6.772810965776443481e-02,3.548537194728851318e-01,4.854699671268463135e-01,-2.165755182504653931e-01,-1.103509590029716492e-01,-9.052868932485580444e-02,-3.084767237305641174e-02,2.896560728549957275e-01,3.792923390865325928e-01,-1.228300034999847412e-01,-7.301054149866104126e-02,-1.017886251211166382e-01,-1.298490166664123535e-01,1.396714150905609131e-01,2.628138065338134766e-01,2.201164513826370239e-02,2.786975167691707611e-02,3.383994698524475098e-01,3.831852972507476807e-01,3.177734315395355225e-01,4.214961528778076172e-01,1.193267405033111572e-01,1.586107313632965088e-01,7.846134901046752930e-02,1.235868111252784729e-01,1.097582727670669556e-01,1.494642160832881927e-02,5.660576745867729187e-02,3.262065351009368896e-02,1.053996309638023376e-01,1.649725437164306641e-01,2.324239760637283325e-01,3.312996923923492432e-01,1.285387873649597168e-01,2.287874221801757812e-01,6.698833312839269638e-03,-1.223638746887445450e-02,1.952806711196899414e-01,1.709234267473220825e-01,8.565730601549148560e-02,9.395910054445266724e-02,8.962198346853256226e-02,1.334244012832641602e-01,5.943851917982101440e-02,-1.650012657046318054e-02,5.857707932591438293e-02,8.639342337846755981e-02,1.714641451835632324e-01,2.515377104282379150e-01,2.276866436004638672e-01,2.307861894369125366e-01,1.804878562688827515e-01,1.830987632274627686e-01,1.820281893014907837e-01,1.012414991855621338e-01,1.337099224328994751e-01,1.580382585525512695e-01,3.532852604985237122e-02,5.260049924254417419e-02,2.582161426544189453e-01,1.815079301595687866e-01,-1.070304866880178452e-02,8.375689387321472168e-02,5.046897754073143005e-02,1.288085579872131348e-01,6.114379316568374634e-02,1.181464716792106628e-01,-6.378288380801677704e-03,2.672042511403560638e-02,9.191045165061950684e-02,1.555866152048110962e-01,-6.004636362195014954e-02,5.334394983947277069e-03,-3.040434233844280243e-02,-5.449694581329822540e-03,2.895422875881195068e-01,4.416191279888153076e-01,3.117050975561141968e-02,8.501522243022918701e-02,2.673220038414001465e-01,3.758783340454101562e-01,1.353630870580673218e-01,2.728339135646820068e-01,1.183102205395698547e-01,2.402812391519546509e-01,1.968186497688293457e-01,2.618716061115264893e-01,2.280759997665882111e-02,1.447528302669525146e-01,1.104608103632926941e-01,1.753931790590286255e-01,1.122985482215881348e-01,1.129023581743240356e-01,1.856038719415664673e-01,1.905207335948944092e-01,1.069003418087959290e-01,1.408451050519943237e-01,7.029680162668228149e-02,7.913403213024139404e-02,1.747090369462966919e-01,1.915300041437149048e-01,5.599379166960716248e-02,-1.026591584086418152e-01,1.109002903103828430e-01,-4.542841389775276184e-02,3.262161044403910637e-03,6.818283349275588989e-02,1.064378991723060608e-01,1.665666997432708740e-01
2.291913330554962158e-01,3.208436369895935059e-01,3.380657732486724854e-01,2.499696463346481323e-01,3.644948452711105347e-02,1.884237490594387054e-02,9.999997019767761230e-01,2.672589123249053955e-01,-5.719489883631467819e-03,-5.691349133849143982e-02,1.057361736893653870e-01,1.722289621829986572e-01,2.659536004066467285e-01,5.911278352141380310e-02,-1.434966456145048141e-02,-2.198346145451068878e-02,1.131314411759376526e-01,1.199459955096244812e-01,3.550416976213455200e-02,1.826371811330318451e-02,1.529750134795904160e-02,3.752003982663154602e-02,2.327926307916641235e-01,1.451950967311859131e-01,6.037480011582374573e-02,6.272639334201812744e-02,5.321923270821571350e-02,5.959840491414070129e-02,1.800925880670547485e-01,4.751003533601760864e-02,2.616406381130218506e-01,2.048109024763107300e-01,1.756083071231842041e-01,1.887577325105667114e-01,1.517423093318939209e-01,6.426431238651275635e-02,1.341088861227035522e-01,9.129726886749267578e-02,8.303026854991912842e-02,8.212251961231231689e-02,-2.652428345754742622e-03,-9.809193201363086700e-03,1.056054010987281799e-01,1.278190612792968750e-01,1.307763606309890747e-01,1.471357792615890503e-01,9.646091610193252563e-02,1.042814552783966064e-01,1.491559445858001709e-01,1.055028885602951050e-01,1.246237680315971375e-01,1.034899204969406128e-01,1.087783202528953552e-01,1.058110967278480530e-01,1.365091353654861450e-01,1.721890121698379517e-01,1.458234339952468872e-01,1.796627491712570190e-01,9.529629349708557129e-02,1.309144943952560425e-01,1.622585803270339966e-01,1.227041706442832947e-01,1.243272721767425537e-01,2.044543623924255371e-01,1.426775455474853516e-01,1.957817822694778442e-01,1.237005889415740967e-01,1.828038394451141357e-01,9.173698723316192627e-02,1.537003368139266968e-01,1.148504316806793213e-01,1.495391577482223511e-01,-1.832246035337448120e-02,-1.733183860778808594e-02,-4.506776109337806702e-03,2.160772681236267090e-02,1.198947057127952576e-01,1.479338407516479492e-01,1.642073243856430054e-01,1.007741540670394897e-01,1.238972097635269165e-01,7.896313071250915527e-02,3.176255151629447937e-02,-2.661751210689544678e-02,1.102960035204887390e-01,9.994550794363021851e-02,-1.138625945895910263e-02,3.076977096498012543e-02,4.497704561799764633e-03,4.001478850841522217e-02,6.503506004810333252e-02,4.934353008866310120e-02,2.882051281630992889e-02,2.523670718073844910e-02,6.938757002353668213e-02,3.518316149711608887e-02,7.969820499420166016e-02,9.720668941736221313e-02,1.298361271619796753e-01,1.783698499202728271e-01,2.095000632107257843e-02,-1.196641568094491959e-02,7.220400869846343994e-02,5.882675200700759888e-02,1.205905526876449585e-01,1.346256732940673828e-01,3.801891580224037170e-02,3.028840199112892151e-02,4.488796740770339966e-02,4.770827665925025940e-02,1.619771569967269897e-01,1.862940341234207153e-01,1.574162542819976807e-01,7.452305406332015991e-02,1.055552810430526733e-01,3.491604700684547424e-02
5.551939085125923157e-02,1.983899474143981934e-01,3.030564486980438232e-01,4.549497663974761963e-01,-1.784293204545974731e-01,-6.772810965776443481e-02,2.672589123249053955e-01,9.999997019767761230e-01,-2.160995155572891235e-01,-1.408219039440155029e-01,6.247246265411376953e-02,3.113823533058166504e-01,8.159670233726501465e-02,3.630299866199493408e-01,-1.942960768938064575e-01,-1.826013177633285522e-01,3.379298374056816101e-02,1.395949125289916992e-01,9.053763002157211304e-03,-1.907918043434619904e-02,-7.534558326005935669e-02,-1.008374020457267761e-01,3.484384715557098389e-01,3.197070360183715820e-01,-5.977352336049079895e-02,-1.435517333447933197e-02,-2.012478113174438477e-01,-1.190158203244209290e-01,1.912472397089004517e-02,1.368781179189682007e-01,1.690894514322280884e-01,1.970121115446090698e-01,-5.777399986982345581e-02,4.284514859318733215e-02,-5.964338779449462891e-03,7.401744276285171509e-02,-5.840314552187919617e-02,9.568241424858570099e-03,-1.547232270240783691e-01,-9.033598750829696655e-02,-1.260412931442260742e-01,-2.784071117639541626e-02,-2.970500150695443153e-03,-6.110186688601970673e-03,-9.100779891014099121e-02,-5.294033139944076538e-02,-1.121724247932434082e-01,-6.628009676933288574e-02,-4.203426837921142578e-02,-5.031579360365867615e-02,-3.391164541244506836e-02,-7.470330595970153809e-02,-4.850006662309169769e-03,8.706698566675186157e-02,-9.845886379480361938e-02,1.453502178192138672e-01,-6.947445124387741089e-02,1.439887750893831253e-02,-1.052245870232582092e-01,-1.131549924612045288e-01,-6.293112784624099731e-02,-1.381914168596267700e-01,-5.070982128381729126e-02,2.432394474744796753e-01,-4.579455591738224030e-03,-4.506558924913406372e-02,-1.553397923707962036e-01,-6.467454135417938232e-02,-8.869446069002151489e-02,-8.899609744548797607e-02,-1.719629578292369843e-02,5.407671257853507996e-02,-6.557717174291610718e-02,-1.324694603681564331e-02,-1.675247400999069214e-02,6.251624971628189087e-02,-8.058160543441772461e-02,-6.188188865780830383e-02,9.267532080411911011e-02,9.641485661268234253e-02,7.516961544752120972e-02,1.262650489807128906e-01,-1.539844125509262085e-01,-3.779837116599082947e-02,-7.237367331981658936e-02,2.628321200609207153e-02,-1.799360960721969604e-01,-3.887342289090156555e-02,-1.679699122905731201e-01,-2.832680940628051758e-02,-7.544154673814773560e-02,-3.017232939600944519e-02,-1.101641878485679626e-01,-1.181232929229736328e-01,-4.255207255482673645e-02,-9.398452192544937134e-02,-1.317729651927947998e-01,-3.550998494029045105e-02,-6.438260525465011597e-02,5.641207098960876465e-02,-8.542791008949279785e-03,-7.318829745054244995e-02,2.253714203834533691e-02,-1.645195856690406799e-02,6.302808411419391632e-03,-7.222842425107955933e-03,-3.942485898733139038e-02,9.791417978703975677e-03,-1.764552146196365356e-01,-7.574085891246795654e-02,7.129525393247604370e-02,8.950246870517730713e-02,3.364290297031402588e-02,-1.471908092498779297e-01,-1.119087412953376770e-01,-1.116091534495353699e-01
1.404756158590316772e-01,2.033352665603160858e-02,-8.207125216722488403e-02,-2.394123524427413940e-01,5.434086918830871582e-01,3.548537194728851318e-01,-5.719489883631467819e-03,-2.160995155572891235e-01,1.000000238418579102e+00,3.837336897850036621e-01,1.493286900222301483e-02,-1.268811374902725220e-01,6.432974338531494141e-02,-1.285014301538467407e-01,5.398065447807312012e-01,4.153310656547546387e-01,5.479560047388076782e-02,-5.955494940280914307e-02,-1.967657171189785004e-02,-3.049821220338344574e-02,2.293477207422256470e-01,2.893194258213043213e-01,-1.701262742280960083e-01,-1.612264811992645264e-01,4.146989285945892334e-01,3.274207413196563721e-01,4.366821348667144775e-01,3.639875054359436035e-01,2.111774235963821411e-01,5.352030321955680847e-02,1.125607937574386597e-01,5.006237328052520752e-02,1.345523595809936523e-01,5.200844258069992065e-02,3.057365119457244873e-02,-7.375425100326538086e-02,7.057699561119079590e-02,1.171605214476585388e-01,2.306292951107025146e-01,2.346079796552658081e-01,8.439692109823226929e-02,1.779022812843322754e-01,-1.301034260541200638e-02,-7.189908623695373535e-02,1.249693185091018677e-01,6.387127935886383057e-02,9.285392612218856812e-02,4.765357077121734619e-02,3.090731613337993622e-02,4.741061478853225708e-02,-2.769490703940391541e-02,-5.888902395963668823e-02,1.029217913746833801e-01,2.141335979104042053e-02,2.780152857303619385e-01,1.435478478670120239e-01,2.869508266448974609e-01,2.119910866022109985e-01,1.403724104166030884e-01,2.324497997760772705e-01,1.881949156522750854e-01,1.671655029058456421e-01,1.929441690444946289e-01,2.208839543163776398e-02,-3.067121608182787895e-03,6.306652724742889404e-02,2.149444222450256348e-01,1.547603607177734375e-01,3.232314065098762512e-02,9.055718779563903809e-02,3.839389607310295105e-02,9.513787180185317993e-02,1.097944658249616623e-02,6.728207319974899292e-02,-6.425363570451736450e-02,-6.852091103792190552e-02,9.984113276004791260e-02,1.521459370851516724e-01,5.787266790866851807e-02,2.664203010499477386e-02,7.038276642560958862e-02,-9.831374138593673706e-02,3.701203465461730957e-01,3.382683992385864258e-01,1.553207188844680786e-01,3.575014695525169373e-02,3.329688906669616699e-01,2.187502086162567139e-01,3.344149589538574219e-01,2.724464237689971924e-01,2.582332789897918701e-01,2.185689955949783325e-01,2.428826093673706055e-01,2.081238031387329102e-01,9.978096187114715576e-02,1.423877626657485962e-01,2.170638740062713623e-01,1.677335351705551147e-01,2.090365290641784668e-01,1.200847700238227844e-01,1.726335436105728149e-01,1.426851600408554077e-01,8.558233082294464111e-02,9.779092669486999512e-02,4.960559681057929993e-02,6.765877455472946167e-02,1.626147627830505371e-01,8.405682444572448730e-02,2.285562902688980103e-01,3.622721880674362183e-02,-2.597191371023654938e-03,-8.650218695402145386e-02,6.724470853805541992e-02,1.921048015356063843e-01,1.435499489307403564e-01,1.470451653003692627e-01
3.883925825357437134e-02,2.005057595670223236e-02,-1.119230687618255615e-01,-1.646301597356796265e-01,3.984456062316894531e-01,4.854699671268463135e-01,-5.691349133849143982e-02,-1.408219039440155029e-01,3.837336897850036621e-01,1.000000000000000000e+00,-1.204037666320800781e-01,-5.639171972870826721e-02,-6.319420039653778076e-02,-1.868262887001037598e-03,3.321342766284942627e-01,4.838395714759826660e-01,-5.318047478795051575e-02,-2.443919889628887177e-02,-5.407084524631500244e-02,-7.959479093551635742e-02,1.657937616109848022e-01,2.605046331882476807e-01,-1.280915886163711548e-01,-1.258131116628646851e-01,2.761754989624023438e-01,3.046244084835052490e-01,3.104831874370574951e-01,3.218441903591156006e-01,1.068948134779930115e-01,1.246942058205604553e-01,4.051633924245834351e-02,8.041922003030776978e-02,7.526474446058273315e-02,-1.790833473205566406e-02,3.486492484807968140e-02,-1.097701955586671829e-02,4.351747781038284302e-02,8.278702199459075928e-02,1.286111623048782349e-01,1.977837383747100830e-01,3.662035241723060608e-02,1.457568109035491943e-01,-7.039304077625274658e-02,-1.099544018507003784e-01,7.548949122428894043e-02,6.099689379334449768e-02,4.386153072118759155e-02,1.273536495864391327e-02,1.200537430122494698e-03,3.459008038043975830e-02,-5.034984648227691650e-02,-9.520023316144943237e-02,-2.786402776837348938e-02,-1.360422000288963318e-02,1.029901877045631409e-01,1.271257847547531128e-01,1.936811506748199463e-01,1.633551120758056641e-01,1.387502104043960571e-01,1.557194739580154419e-01,1.496894061565399170e-01,9.820204228162765503e-02,5.497633665800094604e-02,1.774020376615226269e-03,-1.586165837943553925e-02,4.346515052020549774e-03,1.958702057600021362e-01,1.262199729681015015e-01,2.265566494315862656e-03,8.097683638334274292e-02,1.322302035987377167e-02,9.353923052549362183e-02,-1.574231497943401337e-02,6.171230226755142212e-02,-7.518047094345092773e-02,-5.420260131359100342e-02,6.981996446847915649e-02,1.452839672565460205e-01,-3.281801939010620117e-02,3.471008501946926117e-03,-2.522943913936614990e-02,-2.834626100957393646e-02,2.630901634693145752e-01,4.599715471267700195e-01,6.214499846100807190e-02,5.333159118890762329e-02,2.676593065261840820e-01,3.075096905231475830e-01,1.987812221050262451e-01,2.700675725936889648e-01,8.736825734376907349e-02,1.777207553386688232e-01,1.520725339651107788e-01,1.842105090618133545e-01,6.817107647657394409e-02,9.372474998235702515e-02,1.009579747915267944e-01,9.004624933004379272e-02,6.033006310462951660e-02,5.906758457422256470e-02,7.815977931022644043e-02,1.264790892601013184e-01,4.042093455791473389e-02,8.812483400106430054e-02,1.134244259446859360e-02,2.164202369749546051e-02,9.700693190097808838e-02,1.086174696683883667e-01,1.391602605581283569e-01,7.980485446751117706e-03,1.342687383294105530e-02,-1.240697577595710754e-01,-4.155430942773818970e-03,1.123754903674125671e-01,1.236899569630622864e-01,1.910395324230194092e-01
1.594352871179580688e-01,3.306861221790313721e-02,-3.361985087394714355e-02,-1.003560889512300491e-02,-5.977259948849678040e-02,-2.165755182504653931e-01,1.057361736893653870e-01,6.247246265411376953e-02,1.493286900222301483e-02,-1.204037666320800781e-01,1.000000119209289551e+00,2.419121116399765015e-01,4.153511822223663330e-01,1.606057584285736084e-01,1.016911789774894714e-01,-1.861977204680442810e-02,4.478731453418731689e-01,2.754134535789489746e-01,6.807259470224380493e-02,4.868085682392120361e-02,9.754208475351333618e-02,2.535601146519184113e-02,-4.832703620195388794e-02,-4.991288855671882629e-02,-2.262339740991592407e-02,-9.572504460811614990e-02,3.259632363915443420e-02,-1.085652336478233337e-01,2.868354916572570801e-01,9.278937429189682007e-02,1.760838031768798828e-01,1.573502570390701294e-01,3.350956831127405167e-03,5.758521705865859985e-02,-3.980063274502754211e-02,-9.185142815113067627e-02,4.945171251893043518e-02,-3.081815876066684723e-02,-3.396307304501533508e-02,-1.472228765487670898e-01,-6.576161086559295654e-02,-7.422006875276565552e-02,5.841070041060447693e-02,2.930383197963237762e-02,-9.475828707218170166e-02,-9.371983259916305542e-02,5.686517059803009033e-02,-5.743380635976791382e-03,-1.465765014290809631e-02,-1.133316978812217712e-01,-3.052933700382709503e-02,-5.996240302920341492e-02,4.141542688012123108e-02,-5.613536015152931213e-02,6.630685180425643921e-02,-8.655816316604614258e-02,8.259415626525878906e-02,-7.390838861465454102e-02,-1.164584979414939880e-01,-3.731589764356613159e-02,4.400608595460653305e-03,-5.337149370461702347e-03,9.017933905124664307e-02,-6.381293386220932007e-02,1.386609859764575958e-02,-8.085360750555992126e-03,-9.626086056232452393e-02,-5.911928787827491760e-02,-5.073763802647590637e-02,-5.061843991279602051e-02,5.327678099274635315e-02,5.023215711116790771e-02,2.829622849822044373e-02,-3.708326723426580429e-03,2.680217102169990540e-02,-8.458129316568374634e-02,9.792272001504898071e-02,8.036565780639648438e-02,2.773452103137969971e-01,2.378043979406356812e-01,3.705534934997558594e-01,1.021430343389511108e-01,7.028618454933166504e-02,-1.150416284799575806e-01,2.920255362987518311e-01,3.663850575685501099e-02,3.714827075600624084e-02,-1.964630484580993652e-01,2.169163078069686890e-01,3.707972588017582893e-03,4.650111123919487000e-02,-5.987841635942459106e-02,-5.913060903549194336e-02,-1.062504574656486511e-01,1.301139146089553833e-01,1.213396899402141571e-02,8.608132600784301758e-02,-1.978341117501258850e-02,2.837421186268329620e-02,2.968578971922397614e-02,-1.032142862677574158e-01,-9.285103529691696167e-02,-5.119903013110160828e-03,-1.818955177441239357e-03,5.918797850608825684e-02,5.864447355270385742e-02,7.178636267781257629e-03,-1.058514118194580078e-01,1.161292865872383118e-01,1.132473349571228027e-01,-5.651974305510520935e-02,5.890607717446982861e-04,-1.068652700632810593e-02,1.000145897269248962e-01,1.390280723571777344e-01,4.147938266396522522e-02
5.396470800042152405e-02,1.937917768955230713e-01,4.943914711475372314e-02,1.367683857679367065e-01,-1.428085267543792725e-01,-1.103509590029716492e-01,1.722289621829986572e-01,3.113823533058166504e-01,-1.268811374902725220e-01,-5.639171972870826721e-02,2.419121116399765015e-01,1.000000238418579102e+00,2.378477603197097778e-01,3.959629833698272705e-01,-8.745705336332321167e-02,-5.694822594523429871e-02,2.708468437194824219e-01,3.810901641845703125e-01,-8.768348023295402527e-03,-1.311726402491331100e-02,-3.010851331055164337e-02,-6.638218462467193604e-02,9.425430744886398315e-02,1.303891390562057495e-01,-6.418413668870925903e-02,5.273463204503059387e-03,-1.753284633159637451e-01,-1.609915196895599365e-01,1.154489293694496155e-01,1.664036810398101807e-01,1.697061359882354736e-01,1.842990219593048096e-01,-8.485198020935058594e-03,1.212549954652786255e-01,5.171050131320953369e-02,1.084477081894874573e-01,-6.434578448534011841e-02,4.598034545779228210e-02,-2.216805964708328247e-01,-1.392218768596649170e-01,-1.449011266231536865e-01,-7.611268758773803711e-02,2.305490523576736450e-02,7.621128112077713013e-02,-2.011248916387557983e-01,-9.238959103822708130e-02,-1.760170608758926392e-02,-2.548255398869514465e-02,-5.865483358502388000e-02,-8.803922683000564575e-02,-8.305057138204574585e-02,-5.111735686659812927e-02,-1.100628823041915894e-01,-4.039344936609268188e-02,-1.583884805440902710e-01,-2.014333195984363556e-02,2.380066551268100739e-02,8.578183501958847046e-02,-5.380229279398918152e-02,-9.620463103055953979e-02,-4.777389392256736755e-02,-3.842410445213317871e-02,-6.028193607926368713e-02,1.400808990001678467e-01,-1.778759062290191650e-02,-1.945574395358562469e-02,-7.809548825025558472e-02,-6.580322235822677612e-02,-5.593930184841156006e-02,-5.764449760317802429e-02,-7.021614816039800644e-03,5.327171087265014648e-02,-6.301892548799514771e-02,1.885415613651275635e-02,-3.738236799836158752e-02,1.067492339643649757e-04,-7.288175635039806366e-03,8.482044562697410583e-03,2.373439073562622070e-01,2.571120560169219971e-01,2.091259360313415527e-01,3.025084137916564941e-01,-1.627201884984970093e-01,-8.174145221710205078e-02,7.129720598459243774e-02,1.856200695037841797e-01,-1.597432345151901245e-01,-1.357775777578353882e-01,-4.863633960485458374e-02,6.262353062629699707e-02,-1.253717094659805298e-01,-1.016306653618812561e-01,-1.406804323196411133e-01,-1.497431248426437378e-01,-3.957712091505527496e-03,-9.247284382581710815e-02,-1.354185193777084351e-01,-5.289471521973609924e-02,-7.690794765949249268e-02,2.186186425387859344e-02,-9.615172445774078369e-02,-8.496773242950439453e-02,-1.925775222480297089e-02,-9.336788207292556763e-03,-3.375307656824588776e-03,4.341251682490110397e-03,-5.343559756875038147e-02,2.965200692415237427e-02,1.665496733039617538e-03,4.204689711332321167e-02,2.002081461250782013e-02,4.919438809156417847e-02,6.151258945465087891e-03,-3.004439175128936768e-02,-4.229089245200157166e-03,-3.776025399565696716e-02
1.894353181123733521e-01,1.208862587809562683e-01,-6.447101477533578873e-03,1.612902991473674774e-02,3.968277573585510254e-02,-9.052868932485580444e-02,2.659536004066467285e-01,8.159670233726501465e-02,6.432974338531494141e-02,-6.319420039653778076e-02,4.153511822223663330e-01,2.378477603197097778e-01,1.000000000000000000e+00,2.243252247571945190e-01,1.286702603101730347e-01,2.497361600399017334e-02,3.849521279335021973e-01,2.532711327075958252e-01,7.120287418365478516e-02,4.024992883205413818e-02,6.117844954133033752e-02,4.987039417028427124e-02,-1.176303997635841370e-02,1.163118518888950348e-02,1.029291003942489624e-02,2.963004074990749359e-02,7.716663181781768799e-02,1.878717727959156036e-02,3.194172382354736328e-01,1.598322540521621704e-01,2.086639851331710815e-01,2.025861889123916626e-01,-8.304922957904636860e-04,5.170817300677299500e-02,-2.255671098828315735e-02,-6.024148687720298767e-02,5.682845786213874817e-02,1.886527985334396362e-02,1.465906854718923569e-02,-2.165983431041240692e-02,-9.306322783231735229e-02,-9.362421929836273193e-02,9.490475803613662720e-02,1.033377274870872498e-01,-2.068963274359703064e-02,-8.351367898285388947e-03,5.459855869412422180e-02,1.063041016459465027e-02,4.803879186511039734e-02,-3.293707966804504395e-02,2.179141528904438019e-02,2.315802313387393951e-02,1.799955219030380249e-02,2.821969427168369293e-02,1.119850054383277893e-01,5.294177308678627014e-02,7.656425237655639648e-02,9.494450874626636505e-03,-7.950638979673385620e-02,-3.380824252963066101e-02,2.289089746773242950e-02,3.213198482990264893e-02,7.176992297172546387e-02,1.281536300666630268e-03,4.851809516549110413e-02,4.905010759830474854e-02,-3.491593897342681885e-02,-2.163567952811717987e-02,5.065929144620895386e-03,-4.771815612912178040e-03,9.259217232465744019e-02,9.065844863653182983e-02,2.903566509485244751e-02,1.534777600318193436e-02,6.614837795495986938e-02,-1.151919178664684296e-02,4.110320284962654114e-02,7.086861878633499146e-02,2.323782742023468018e-01,1.658792644739151001e-01,3.543881177902221680e-01,1.684716790914535522e-01,1.306857615709304810e-01,-6.405046582221984863e-02,2.726265192031860352e-01,8.696111291646957397e-02,5.183194205164909363e-02,-9.858971834182739258e-02,1.664657145738601685e-01,4.757651686668395996e-02,5.236671119928359985e-02,1.653700694441795349e-02,-1.548534352332353592e-02,-7.638949435204267502e-03,1.246363222599029541e-01,4.342696070671081543e-02,1.072016581892967224e-01,6.338230520486831665e-02,1.043354123830795288e-01,1.700629740953445435e-01,-1.872872933745384216e-02,-4.274535924196243286e-03,5.504130199551582336e-02,3.987780213356018066e-02,1.226150915026664734e-01,1.080897673964500427e-01,7.171359658241271973e-02,-1.019766181707382202e-02,1.280483305454254150e-01,1.275357455015182495e-01,5.662097129970788956e-03,6.863630563020706177e-02,7.063185423612594604e-02,5.413377657532691956e-02,1.343875676393508911e-01,8.529412746429443359e-02
