1.000000119209289551e+00,2.738898694515228271e-01,3.169596567749977112e-02,2.633498422801494598e-02,-2.137659937143325806e-01,-2.754438221454620361e-01,2.870621681213378906e-01,-8.804379031062126160e-03,-2.524032294750213623e-01,-3.057336211204528809e-01,2.902206778526306152e-01,9.394077211618423462e-02,-1.893541216850280762e-02,-1.686598211526870728e-01,-1.730140596628189087e-01,-3.532728850841522217e-01,3.429501056671142578e-01,-3.769176453351974487e-02,2.113188058137893677e-01,1.528834849596023560e-01,-2.178864926099777222e-01,-2.067546397447586060e-01,1.993251405656337738e-02,-5.059085041284561157e-02,-2.771208584308624268e-01,-2.227964848279953003e-01,-2.859610617160797119e-01,-2.529908120632171631e-01,-5.547672137618064880e-02,-2.176409363746643066e-01,-1.240446716547012329e-01,-1.721428781747817993e-01,3.359460532665252686e-01,2.966348528861999512e-01,1.608822941780090332e-01,1.708141416311264038e-01,2.705700993537902832e-01,4.683382064104080200e-02,3.104050755500793457e-01,6.264438480138778687e-02,-9.204031527042388916e-02,-1.896447837352752686e-01,-6.489394605159759521e-02,-3.452179208397865295e-02,1.147793903946876526e-01,1.723578944802284241e-02,5.810485221445560455e-03,-5.563670396804809570e-02,1.056528389453887939e-01,-4.229270294308662415e-02,1.964185945689678192e-02,-9.833312034606933594e-02,-6.888164207339286804e-03,1.524073188193142414e-03,2.632036209106445312e-01,7.512740045785903931e-02,6.464033722877502441e-01,3.308157026767730713e-01,2.423026114702224731e-01,1.482419967651367188e-01,4.224943518638610840e-01,2.555717527866363525e-01,5.097806453704833984e-01,2.937087416648864746e-01,3.718946576118469238e-01,1.169983595609664917e-01,3.711357414722442627e-01,3.012294471263885498e-01,3.274275958538055420e-01,2.520283758640289307e-01,-9.674433618783950806e-02,-1.287733316421508789e-01,-1.372902989387512207e-01,-2.275474369525909424e-01,-6.861804425716400146e-02,-1.602798998355865479e-01,6.221824511885643005e-02,3.994671255350112915e-02,2.158032357692718506e-01,5.069013312458992004e-02,3.170881271362304688e-01,-1.131426449865102768e-02,8.466189354658126831e-02,-2.536953687667846680e-01,3.302419185638427734e-01,-7.440195977687835693e-02,5.615463480353355408e-02,-1.567812114953994751e-01,3.039112687110900879e-01,4.435281455516815186e-02,1.575596332550048828e-01,1.634573489427566528e-01,1.651014834642410278e-01,1.482057869434356689e-01,1.955307722091674805e-01,1.189280152320861816e-01,1.312236636877059937e-01,1.198941692709922791e-01,1.753754764795303345e-01,1.441700011491775513e-01,2.469824552536010742e-01,1.063881218433380127e-01,2.942852675914764404e-01,1.969176083803176880e-01,2.759991884231567383e-01,1.470317840576171875e-01,2.237278223037719727e-01,1.453781872987747192e-01,1.193150654435157776e-01,1.049116328358650208e-01,-1.929551549255847931e-02,1.597662419080734253e-01,1.253026425838470459e-01,1.527768969535827637e-01,9.648727625608444214e-02,4.080451652407646179e-02
2.738898694515228271e-01,9.999998211860656738e-01,1.210162639617919922e-01,2.528519630432128906e-01,-2.643930017948150635e-01,-2.211900502443313599e-01,1.388876587152481079e-01,2.733655273914337158e-01,-2.556402087211608887e-01,-1.872884780168533325e-01,-6.381721049547195435e-02,2.612845301628112793e-01,-1.747484803199768066e-01,4.325264692306518555e-02,-3.114798069000244141e-01,-1.276289373636245728e-01,-3.674048557877540588e-02,3.363450467586517334e-01,2.489887624979019165e-01,1.355003714561462402e-01,-6.838694214820861816e-02,-4.866036400198936462e-02,1.229232363402843475e-02,-4.097279533743858337e-02,-1.547983139753341675e-01,-2.300923019647598267e-01,-2.707056105136871338e-01,-2.825418710708618164e-01,-1.830606609582901001e-01,4.465686902403831482e-02,-1.008691638708114624e-01,-7.986622303724288940e-02,1.428058594465255737e-01,1.475787758827209473e-01,8.394334465265274048e-02,1.008632034063339233e-01,-7.021529227495193481e-02,1.565677225589752197e-01,-7.216645032167434692e-02,2.051543891429901123e-01,-9.863314032554626465e-02,4.925278946757316589e-02,-6.885477900505065918e-02,-3.275658935308456421e-02,-8.673739433288574219e-02,-4.312651290092617273e-04,-9.145423769950866699e-02,-3.547718003392219543e-02,-1.150683239102363586e-01,-1.399348024278879166e-02,-1.117228493094444275e-01,-3.564463183283805847e-02,-1.599780321121215820e-01,-3.263413906097412109e-02,-8.318603038787841797e-02,2.739897668361663818e-01,3.003019690513610840e-01,6.034515500068664551e-01,1.102978438138961792e-01,2.277547121047973633e-01,1.631925851106643677e-01,3.361877501010894775e-01,9.936565533280372620e-03,4.769299030303955078e-01,2.078745327889919281e-02,2.331192642450332642e-01,1.621901243925094604e-01,2.010618448257446289e-01,1.825122386217117310e-01,2.489136457443237305e-01,-4.111118242144584656e-02,1.309859333559870720e-03,-1.029365062713623047e-01,6.804667413234710693e-02,-1.737335696816444397e-02,3.416381031274795532e-02,5.526528880000114441e-02,2.093441784381866455e-01,-8.413847535848617554e-02,1.262063533067703247e-01,-9.498248994350433350e-02,4.085362851619720459e-01,-2.579959332942962646e-01,-1.247022394090890884e-02,-1.560958623886108398e-01,3.976826965808868408e-01,-2.044794708490371704e-01,1.387693919241428375e-02,-1.804548650979995728e-01,2.434568703174591064e-01,-4.845133796334266663e-02,1.341798007488250732e-01,-5.004257429391145706e-03,1.015319302678108215e-01,7.418239861726760864e-02,1.039008200168609619e-01,-9.485514834523200989e-03,2.334754467010498047e-01,3.441527951508760452e-03,1.217174977064132690e-01,4.055369272828102112e-02,1.936603486537933350e-01,6.241922453045845032e-02,2.650691270828247070e-01,8.809527754783630371e-02,2.096104621887207031e-01,1.861682906746864319e-02,1.215361207723617554e-01,-1.391889154911041260e-02,4.160242900252342224e-02,1.128958538174629211e-01,1.536905616521835327e-01,1.265789866447448730e-01,2.330814152956008911e-01,1.457640528678894043e-01,1.033482328057289124e-01
3.169596567749977112e-02,1.210162639617919922e-01,9.999998807907104492e-01,5.569794774055480957e-01,1.920313239097595215e-01,9.230662882328033447e-02,4.900573790073394775e-01,3.852002024650573730e-01,2.287756949663162231e-01,1.227091401815414429e-01,2.065439373254776001e-01,1.740624904632568359e-01,3.618090450763702393e-01,2.364680469036102295e-01,2.217758893966674805e-01,2.197751104831695557e-01,1.623787432909011841e-01,1.368111521005630493e-01,1.085564196109771729e-01,3.407438844442367554e-02,3.051612079143524170e-01,3.314529657363891602e-01,5.802798271179199219e-01,5.800550580024719238e-01,2.804452478885650635e-01,2.825072407722473145e-01,1.584436595439910889e-01,1.913143992424011230e-01,2.892856895923614502e-01,3.558625876903533936e-01,3.709799647331237793e-01,3.831757307052612305e-01,-1.052257269620895386e-01,-9.473580121994018555e-02,-1.646945625543594360e-01,-1.415670812129974365e-01,4.103266447782516479e-02,6.087119877338409424e-02,-2.326205931603908539e-02,8.003369718790054321e-02,-1.345440000295639038e-01,9.298697113990783691e-02,3.677279502153396606e-02,1.035445481538772583e-01,-3.666759654879570007e-02,2.101191319525241852e-03,8.726017922163009644e-02,1.829417645931243896e-01,-2.101691812276840210e-02,3.929839935153722763e-03,5.906376522034406662e-03,-2.511383034288883209e-03,1.779299080371856689e-01,1.326559931039810181e-01,6.681361794471740723e-02,1.911014169454574585e-01,-5.050129443407058716e-02,-2.836198545992374420e-02,-1.470239013433456421e-01,4.317080974578857422e-02,-1.428539156913757324e-01,-1.599042094312608242e-03,-2.803810313344001770e-02,8.619239181280136108e-02,-1.518195122480392456e-01,-9.139310568571090698e-02,-1.810699254274368286e-01,-1.100974306464195251e-01,-1.544080674648284912e-01,-9.949968010187149048e-02,2.168385535478591919e-01,2.894965708255767822e-01,1.419431716203689575e-01,3.648031055927276611e-01,1.524585932493209839e-01,1.675552576780319214e-01,1.524896547198295593e-02,9.532628953456878662e-02,6.678038835525512695e-02,-8.165133744478225708e-02,7.914149016141891479e-02,2.370086126029491425e-02,-1.715207844972610474e-02,9.410659968852996826e-02,-1.811894029378890991e-02,1.154901236295700073e-01,-1.918253153562545776e-01,-8.936181664466857910e-02,-7.804957032203674316e-02,6.891884654760360718e-02,-5.934313312172889709e-02,-9.225752204656600952e-02,-1.552912890911102295e-01,-9.159792214632034302e-02,7.326351106166839600e-02,1.001364961266517639e-01,8.971602469682693481e-02,1.856961846351623535e-01,2.954354137182235718e-02,4.244848340749740601e-02,-1.104664877057075500e-01,-3.590995073318481445e-02,-1.344261765480041504e-01,-3.284087032079696655e-02,-1.282141171395778656e-02,1.405638270080089569e-02,-5.754878744482994080e-02,2.929838607087731361e-03,1.138891056180000305e-01,1.985741704702377319e-01,2.038130462169647217e-01,5.460586398839950562e-02,-5.173835530877113342e-02,-8.556754887104034424e-02,-1.065177246928215027e-01,-3.398372977972030640e-02
2.633498422801494598e-02,2.528519630432128906e-01,5.569794774055480957e-01,1.000000119209289551e+00,2.921958863735198975e-01,2.558718919754028320e-01,5.277348160743713379e-01,6.392946243286132812e-01,2.824466228485107422e-01,2.707591354846954346e-01,2.266635149717330933e-01,3.191744685173034668e-01,4.046359360218048096e-01,4.136836528778076172e-01,2.728554010391235352e-01,3.758353292942047119e-01,9.163115918636322021e-02,2.751427888870239258e-01,6.191537901759147644e-02,-3.019401431083679199e-02,3.598575890064239502e-01,4.181700050830841064e-01,3.983993828296661377e-01,4.904273450374603271e-01,3.749815523624420166e-01,3.746674060821533203e-01,2.365385740995407104e-01,2.749865353107452393e-01,3.166757225990295410e-01,4.583282768726348877e-01,4.257424473762512207e-01,5.207929611206054688e-01,-1.274632215499877930e-01,-7.997928559780120850e-02,-1.003809422254562378e-01,-1.413337048143148422e-02,-9.044872969388961792e-02,3.738851100206375122e-02,-6.313826143741607666e-02,1.731846928596496582e-01,-1.360804215073585510e-02,1.696792393922805786e-01,1.895281076431274414e-01,1.999459415674209595e-01,9.013285487890243530e-02,1.470205932855606079e-01,9.425468742847442627e-02,2.118911743164062500e-01,3.724705800414085388e-02,1.067751571536064148e-01,4.437527805566787720e-02,5.756350606679916382e-02,1.298351585865020752e-01,1.392527669668197632e-01,-1.322714686393737793e-01,8.307226747274398804e-02,-3.685851395130157471e-02,9.046701341867446899e-02,-8.210892975330352783e-02,4.068370163440704346e-02,-1.021163836121559143e-01,5.423833802342414856e-02,-7.373121380805969238e-02,1.224887669086456299e-01,-1.544052064418792725e-01,-7.226555049419403076e-02,-1.577032953500747681e-01,-4.029015079140663147e-02,-1.311348229646682739e-01,-9.007924050092697144e-02,3.436687886714935303e-01,4.209688007831573486e-01,2.292983680963516235e-01,4.592782855033874512e-01,2.215802073478698730e-01,2.521393597126007080e-01,4.485258460044860840e-02,2.089035660028457642e-01,-3.905073180794715881e-02,5.674747005105018616e-02,-3.024729713797569275e-02,1.946145743131637573e-01,4.725631698966026306e-02,2.704852223396301270e-01,-1.546168029308319092e-01,1.537881046533584595e-01,-1.602948904037475586e-01,3.411628305912017822e-02,-2.749714255332946777e-01,2.557328902184963226e-02,-1.898673921823501587e-01,-1.524648815393447876e-01,-2.419898360967636108e-01,-1.346464604139328003e-01,-6.391997635364532471e-02,-2.696537785232067108e-02,-5.824881047010421753e-02,1.035863980650901794e-01,-1.398582607507705688e-01,-8.463460206985473633e-02,-2.390764802694320679e-01,-1.145550012588500977e-01,-2.860444784164428711e-01,-1.583909690380096436e-01,-2.054738104343414307e-01,-1.309161335229873657e-01,-2.276651561260223389e-01,-1.195856854319572449e-01,5.336334928870201111e-02,8.924804627895355225e-02,1.590497344732284546e-01,-5.932426825165748596e-02,-1.315440982580184937e-01,-1.394418776035308838e-01,-1.814738959074020386e-01,-1.741454303264617920e-01
-2.137659937143325806e-01,-2.643930017948150635e-01,1.920313239097595215e-01,2.921958863735198975e-01,1.000000238418579102e+00,6.778067946434020996e-01,2.163489311933517456e-01,2.922294437885284424e-01,6.682589054107666016e-01,6.468386650085449219e-01,1.579406708478927612e-01,2.138001024723052979e-01,4.123051464557647705e-01,4.317144155502319336e-01,6.287664175033569336e-01,5.688498020172119141e-01,4.509722068905830383e-02,1.410092413425445557e-01,-1.911041736602783203e-01,-2.016249746084213257e-01,4.545789957046508789e-01,4.664732515811920166e-01,2.926074266433715820e-01,3.901604115962982178e-01,6.931814551353454590e-01,6.604401469230651855e-01,6.710009574890136719e-01,6.038777232170104980e-01,3.445966541767120361e-01,4.242227375507354736e-01,4.478268921375274658e-01,4.656552076339721680e-01,-9.716973453760147095e-02,-1.188821196556091309e-01,-1.399694532155990601e-01,-1.640631705522537231e-01,-3.198250010609626770e-02,6.622726470232009888e-02,-1.308466959744691849e-02,9.807807952165603638e-02,1.903106868267059326e-01,2.299915403127670288e-01,1.333298981189727783e-01,1.235228776931762695e-01,3.268723934888839722e-02,2.366552827879786491e-03,5.938069522380828857e-02,1.607497185468673706e-01,3.287614509463310242e-02,2.552424371242523193e-02,9.968657791614532471e-02,3.865861147642135620e-02,2.377135604619979858e-01,2.106946855783462524e-01,-1.296687126159667969e-01,-7.592478394508361816e-02,-2.303181588649749756e-01,-2.048903256654739380e-01,-7.454497367143630981e-02,-3.265165910124778748e-02,-1.579781770706176758e-01,-7.598075270652770996e-02,-1.335179656744003296e-01,-1.631324738264083862e-01,-1.867957115173339844e-01,-1.422845572233200073e-01,-2.590878009796142578e-01,-1.996890753507614136e-01,-1.959134638309478760e-01,-1.819977313280105591e-01,2.953515946865081787e-01,2.929024994373321533e-01,2.255930006504058838e-01,2.943048179149627686e-01,1.579989194869995117e-01,1.052966788411140442e-01,-1.161856949329376221e-01,-1.019333302974700928e-01,-4.895925149321556091e-02,-2.683557383716106415e-02,9.030202776193618774e-02,4.431984573602676392e-02,4.412085711956024170e-01,5.008678436279296875e-01,2.565455809235572815e-02,1.754700951278209686e-02,3.087620139122009277e-01,3.216610848903656006e-01,-4.055928438901901245e-02,-3.994512371718883514e-03,-2.252672910690307617e-01,-2.668047845363616943e-01,-2.717075645923614502e-01,-1.842789202928543091e-01,-1.920932978391647339e-01,-1.006393432617187500e-01,-2.188519239425659180e-01,-2.086085379123687744e-01,-2.535609900951385498e-01,-3.109591305255889893e-01,-2.806665003299713135e-01,-1.319619715213775635e-01,-2.574205696582794189e-01,-2.278190404176712036e-01,-2.290475815534591675e-01,-2.288486808538436890e-01,-1.670574098825454712e-01,-1.339826136827468872e-01,-1.387943420559167862e-02,-4.453102499246597290e-02,-4.804037883877754211e-02,-2.500693500041961670e-01,-3.661672174930572510e-01,-3.993327021598815918e-01,-3.045639991760253906e-01,-2.600982189178466797e-01
-2.754438221454620361e-01,-2.211900502443313599e-01,9.230662882328033447e-02,2.558718919754028320e-01,6.778067946434020996e-01,9.999997019767761230e-01,1.499531120061874390e-01,3.404856324195861816e-01,6.324230432510375977e-01,7.407422661781311035e-01,3.337357193231582642e-02,2.328431308269500732e-01,2.807427644729614258e-01,4.451873004436492920e-01,5.625193715095520020e-01,6.521745324134826660e-01,-7.024471461772918701e-02,1.238739863038063049e-01,-1.692639142274856567e-01,-1.507556736469268799e-01,4.465205371379852295e-01,4.989371299743652344e-01,1.941046863794326782e-01,3.354873955249786377e-01,6.147009134292602539e-01,6.781090497970581055e-01,6.580393314361572266e-01,6.673518419265747070e-01,2.429313957691192627e-01,4.466706216335296631e-01,4.609390795230865479e-01,4.814910590648651123e-01,-1.222564652562141418e-01,-1.250884383916854858e-01,-1.331659108400344849e-01,-1.383571177721023560e-01,-1.673045903444290161e-01,6.471167504787445068e-02,-1.239381730556488037e-01,1.153824478387832642e-01,1.519183218479156494e-01,2.882708609104156494e-01,1.443924009799957275e-01,1.279768943786621094e-01,-3.371212258934974670e-02,-4.975423589348793030e-02,2.405090443789958954e-02,1.502913385629653931e-01,-4.481809958815574646e-02,-2.432761946693062782e-03,4.648681357502937317e-02,4.953164607286453247e-02,1.522327810525894165e-01,2.310402244329452515e-01,-2.437121123075485229e-01,-4.777658730745315552e-02,-3.080793917179107666e-01,-1.695120781660079956e-01,-8.579727262258529663e-02,-8.496244996786117554e-02,-1.968558132648468018e-01,-9.274892508983612061e-02,-2.204072028398513794e-01,-1.354459822177886963e-01,-2.247858196496963501e-01,-1.719414293766021729e-01,-2.452611625194549561e-01,-2.078199088573455811e-01,-1.852756142616271973e-01,-1.415561735630035400e-01,2.698286771774291992e-01,2.951105535030364990e-01,1.459326595067977905e-01,2.855455875396728516e-01,9.823921322822570801e-02,8.991923183202743530e-02,-2.183683067560195923e-01,-1.749082505702972412e-01,-8.850957453250885010e-02,4.000252578407526016e-03,-5.587237328290939331e-02,6.442166864871978760e-02,3.252960145473480225e-01,5.990871191024780273e-01,-1.060841754078865051e-01,5.505426228046417236e-02,2.667930126190185547e-01,4.247684180736541748e-01,-1.661107242107391357e-01,2.128318697214126587e-02,-3.053780496120452881e-01,-2.873110175132751465e-01,-3.091066777706146240e-01,-1.786495149135589600e-01,-2.656573355197906494e-01,-1.330116540193557739e-01,-2.774942219257354736e-01,-2.087797522544860840e-01,-3.266662657260894775e-01,-3.203427493572235107e-01,-2.658577263355255127e-01,-1.230881214141845703e-01,-2.508482336997985840e-01,-2.051285654306411743e-01,-2.585185170173645020e-01,-2.133261263370513916e-01,-2.142201513051986694e-01,-1.870847344398498535e-01,-6.273984909057617188e-02,-9.554604440927505493e-02,-2.889709919691085815e-02,-2.615188658237457275e-01,-3.840228021144866943e-01,-3.554343283176422119e-01,-2.302099019289016724e-01,-2.365559637546539307e-01
2.870621681213378906e-01,1.388876587152481079e-01,4.900573790073394775e-01,5.277348160743713379e-01,2.163489311933517456e-01,1.499531120061874390e-01,9.999994635581970215e-01,5.098838806152343750e-01,2.450402081012725830e-01,1.098116487264633179e-01,4.118561148643493652e-01,2.725231945514678955e-01,4.935869574546813965e-01,2.166029810905456543e-01,2.904742956161499023e-01,1.283409297466278076e-01,2.395439594984054565e-01,9.441364556550979614e-02,1.636788062751293182e-02,-5.760972574353218079e-02,2.949469983577728271e-01,2.600060999393463135e-01,3.543067276477813721e-01,3.927466571331024170e-01,2.246802896261215210e-01,2.737694680690765381e-01,1.207029446959495544e-01,1.516501009464263916e-01,3.158154189586639404e-01,2.599928081035614014e-01,4.051335453987121582e-01,4.083949625492095947e-01,8.102470636367797852e-02,1.077144667506217957e-01,-6.546088308095932007e-02,-1.747727766633033752e-02,7.512880861759185791e-02,-2.561562135815620422e-02,1.237497627735137939e-01,3.838376328349113464e-02,-4.523348063230514526e-02,1.420340873301029205e-02,1.459630280733108521e-01,1.563423573970794678e-01,1.158413365483283997e-01,1.084778010845184326e-01,1.261289566755294800e-01,1.466391384601593018e-01,1.720056980848312378e-01,1.409438401460647583e-01,1.841375380754470825e-01,1.355333924293518066e-01,2.106879651546478271e-01,1.006328463554382324e-01,5.281285196542739868e-02,-7.419962901622056961e-03,1.732296198606491089e-01,4.958354681730270386e-02,3.137760981917381287e-02,2.788704447448253632e-02,1.121018826961517334e-01,7.559720426797866821e-02,2.941372394561767578e-01,1.264509707689285278e-01,1.216824799776077271e-01,1.014158478938043118e-03,-5.947249010205268860e-02,-2.985049039125442505e-02,-1.186954006552696228e-01,-8.165834099054336548e-02,2.955802083015441895e-01,2.983378469944000244e-01,1.734580546617507935e-01,2.854096889495849609e-01,1.913572698831558228e-01,1.268337815999984741e-01,-6.449582520872354507e-03,2.042064629495143890e-02,1.073262915015220642e-01,6.203455105423927307e-02,1.646219938993453979e-01,-2.617085166275501251e-02,2.153183966875076294e-01,2.033272944390773773e-02,1.106195598840713501e-01,-5.233722180128097534e-02,-1.271194778382778168e-02,-1.120895296335220337e-01,-4.327755421400070190e-02,-1.418485194444656372e-01,-1.335990279912948608e-01,-1.787149757146835327e-01,-1.737682223320007324e-01,-1.579451858997344971e-01,9.202896617352962494e-03,-4.405659064650535583e-02,-4.319750145077705383e-02,2.126711979508399963e-02,-8.846934884786605835e-02,-1.168819740414619446e-01,-1.488718539476394653e-01,-1.539039015769958496e-01,-1.449752151966094971e-01,-1.406717747449874878e-01,-6.913940608501434326e-02,-1.009613648056983948e-01,-9.481827169656753540e-02,-1.000747606158256531e-01,2.142868749797344208e-02,8.122271299362182617e-02,7.537655998021364212e-03,-4.155560955405235291e-02,-1.470679342746734619e-01,-9.748477488756179810e-02,-1.651987284421920776e-01,-1.955063045024871826e-01
-8.804379031062126160e-03,2.733655273914337158e-01,3.852002024650573730e-01,6.392946243286132812e-01,2.922294437885284424e-01,3.404856324195861816e-01,5.098838806152343750e-01,1.000000000000000000e+00,3.362967371940612793e-01,3.795794248580932617e-01,2.272250652313232422e-01,4.980244636535644531e-01,4.080590903759002686e-01,5.531604290008544922e-01,2.894314229488372803e-01,4.666779637336730957e-01,-1.088279951363801956e-02,4.071160554885864258e-01,3.360075503587722778e-02,-5.809596180915832520e-02,4.151064753532409668e-01,4.701929688453674316e-01,2.755314707756042480e-01,3.846280276775360107e-01,3.798677027225494385e-01,4.049678444862365723e-01,2.851907908916473389e-01,2.871420979499816895e-01,2.619294822216033936e-01,5.333079695701599121e-01,5.162164568901062012e-01,5.967617630958557129e-01,-1.151385437697172165e-02,4.781368002295494080e-02,-1.377996951341629028e-01,-7.830204069614410400e-02,-1.438134163618087769e-01,5.369569733738899231e-02,-1.422595828771591187e-01,1.775604635477066040e-01,-2.419486176222562790e-03,2.016010880470275879e-01,2.705359756946563721e-01,3.033010959625244141e-01,7.291150838136672974e-02,1.684768795967102051e-01,1.450771093368530273e-01,2.942222356796264648e-01,-1.503456383943557739e-02,8.448133617639541626e-02,6.142506748437881470e-02,1.260711550712585449e-01,1.664932817220687866e-01,2.067554444074630737e-01,-1.831230670213699341e-01,1.513586193323135376e-01,-8.350259810686111450e-02,1.433658450841903687e-01,-1.623688191175460815e-01,-1.888717897236347198e-02,-2.086038887500762939e-01,8.038176223635673523e-03,-1.486140936613082886e-01,1.812272667884826660e-01,-1.937619894742965698e-01,-5.954338237643241882e-02,-2.291301488876342773e-01,-4.373637959361076355e-02,-2.321137189865112305e-01,-1.149284839630126953e-01,3.672255277633666992e-01,4.476041793823242188e-01,2.313187420368194580e-01,4.618661999702453613e-01,2.357547432184219360e-01,2.657164335250854492e-01,-7.045987993478775024e-02,7.089008390903472900e-02,-6.156328693032264709e-02,1.313531100749969482e-01,-1.160703450441360474e-01,3.209394514560699463e-01,1.300227735191583633e-02,3.682927489280700684e-01,-2.318571507930755615e-01,2.530620396137237549e-01,-1.368658095598220825e-01,1.244825199246406555e-01,-3.086758852005004883e-01,6.376617401838302612e-02,-2.208310663700103760e-01,-1.372961252927780151e-01,-2.521028518676757812e-01,-1.288219839334487915e-01,-8.162567019462585449e-02,8.571198210120201111e-03,-8.799368143081665039e-02,9.247460216283798218e-02,-1.648788601160049438e-01,-8.626089245080947876e-02,-2.963516116142272949e-01,-1.378395259380340576e-01,-3.191230595111846924e-01,-1.577101796865463257e-01,-2.462919801473617554e-01,-1.352978199720382690e-01,-2.057220488786697388e-01,-1.353102922439575195e-01,5.120859667658805847e-02,5.549455806612968445e-02,1.573007702827453613e-01,-6.422854959964752197e-02,-1.393411159515380859e-01,-1.686377972364425659e-01,-1.754382103681564331e-01,-1.586158573627471924e-01
-2.524032294750213623e-01,-2.556402087211608887e-01,2.287756949663162231e-01,2.824466228485107422e-01,6.682589054107666016e-01,6.324230432510375977e-01,2.450402081012725830e-01,3.362967371940612793e-01,1.000000000000000000e+00,6.588176488876342773e-01,2.195964157581329346e-01,1.218712627887725830e-01,5.024788975715637207e-01,3.596641123294830322e-01,7.312853336334228516e-01,5.944938063621520996e-01,1.277661621570587158e-01,1.903896182775497437e-01,-1.701032072305679321e-01,-1.535322666168212891e-01,5.777615904808044434e-01,5.484964251518249512e-01,2.868925631046295166e-01,4.125480055809020996e-01,6.646727323532104492e-01,7.030003666877746582e-01,6.642307639122009277e-01,5.796722173690795898e-01,4.486440122127532959e-01,4.459388852119445801e-01,4.860250651836395264e-01,5.445555448532104492e-01,-1.640267521142959595e-01,-1.937743276357650757e-01,-1.797473579645156860e-01,-2.034766674041748047e-01,-1.440912857651710510e-02,5.222873762249946594e-02,-4.770351201295852661e-02,3.501534461975097656e-02,2.389177232980728149e-01,2.382782548666000366e-01,2.447928488254547119e-01,1.962266266345977783e-01,5.662424117326736450e-02,6.841338425874710083e-02,1.197085753083229065e-01,2.037161886692047119e-01,6.656055152416229248e-02,7.121733576059341431e-02,1.621647328138351440e-01,1.247672960162162781e-01,3.085603117942810059e-01,1.276885718107223511e-01,-1.380835622549057007e-01,-9.064803272485733032e-02,-2.542618513107299805e-01,-2.377510666847229004e-01,-2.129069566726684570e-01,-1.113194525241851807e-01,-2.563175261020660400e-01,-1.926123499870300293e-01,-1.158332601189613342e-01,-2.023197412490844727e-01,-1.890050321817398071e-01,-1.716093420982360840e-01,-3.409337997436523438e-01,-2.562116086483001709e-01,-2.852267324924468994e-01,-2.149979472160339355e-01,3.878291249275207520e-01,3.738495111465454102e-01,3.396437168121337891e-01,3.718825876712799072e-01,3.036271929740905762e-01,1.936498731374740601e-01,-5.505026876926422119e-02,-9.645257145166397095e-02,4.888487234711647034e-02,4.510585218667984009e-02,1.122171059250831604e-01,4.045613110065460205e-02,3.709644079208374023e-01,3.959330022335052490e-01,3.243215754628181458e-02,4.026534443255513906e-04,2.398272007703781128e-01,2.024578601121902466e-01,-6.641124188899993896e-02,-1.272945404052734375e-01,-2.591630220413208008e-01,-3.496651351451873779e-01,-3.244114816188812256e-01,-2.360956370830535889e-01,-1.210821568965911865e-01,-7.477082312107086182e-02,-1.575168967247009277e-01,-1.579891741275787354e-01,-2.599338889122009277e-01,-3.063644766807556152e-01,-3.500843942165374756e-01,-1.810672283172607422e-01,-3.393162488937377930e-01,-2.937480509281158447e-01,-2.793637216091156006e-01,-2.738837301731109619e-01,-1.773055195808410645e-01,-1.989983916282653809e-01,8.924334496259689331e-02,3.821843490004539490e-02,3.504422679543495178e-02,-2.397135794162750244e-01,-3.363026976585388184e-01,-3.630982041358947754e-01,-4.041333496570587158e-01,-3.092676103115081787e-01
-3.057336211204528809e-01,-1.872884780168533325e-01,1.227091401815414429e-01,2.707591354846954346e-01,6.468386650085449219e-01,7.407422661781311035e-01,1.098116487264633179e-01,3.795794248580932617e-01,6.588176488876342773e-01,1.000000000000000000e+00,6.306859850883483887e-02,2.709585428237915039e-01,2.929846942424774170e-01,4.979109764099121094e-01,5.514376163482666016e-01,7.166209220886230469e-01,-2.782606147229671478e-02,2.316664755344390869e-01,-1.792256534099578857e-01,-1.538138836622238159e-01,5.167280435562133789e-01,5.585743784904479980e-01,2.212096303701400757e-01,3.496308922767639160e-01,6.526161432266235352e-01,6.673890352249145508e-01,6.541634798049926758e-01,6.218377947807312012e-01,2.593706846237182617e-01,5.219213366508483887e-01,4.802805483341217041e-01,4.925935864448547363e-01,-1.310161501169204712e-01,-1.336213648319244385e-01,-1.354722678661346436e-01,-1.860222667455673218e-01,-9.425900876522064209e-02,8.581252396106719971e-02,-1.650877594947814941e-01,1.237740963697433472e-01,1.297187358140945435e-01,2.818387150764465332e-01,1.777674555778503418e-01,1.813872009515762329e-01,-3.487566113471984863e-02,-7.905634120106697083e-03,5.017976462841033936e-02,2.031148225069046021e-01,-3.528168797492980957e-02,-8.194029331207275391e-03,5.532445013523101807e-02,5.117632821202278137e-02,1.676234304904937744e-01,1.910729110240936279e-01,-2.645189762115478516e-01,1.189432013779878616e-02,-3.214304447174072266e-01,-1.741088330745697021e-01,-1.696029603481292725e-01,-1.161985695362091064e-01,-2.721282243728637695e-01,-1.442978382110595703e-01,-2.657627761363983154e-01,-1.434761881828308105e-01,-2.691407501697540283e-01,-1.972570121288299561e-01,-3.155354559421539307e-01,-2.303834706544876099e-01,-2.620679438114166260e-01,-2.085314393043518066e-01,3.212606608867645264e-01,3.550859391689300537e-01,1.926357746124267578e-01,3.465556502342224121e-01,1.532654911279678345e-01,1.321626454591751099e-01,-1.799115240573883057e-01,-1.399642378091812134e-01,-7.525844126939773560e-02,2.692614309489727020e-02,-2.712281607091426849e-02,1.553777754306793213e-01,2.131772637367248535e-01,6.292688846588134766e-01,-1.100230962038040161e-01,1.118580624461174011e-01,1.672878712415695190e-01,3.989777863025665283e-01,-2.034187167882919312e-01,5.147881805896759033e-02,-3.346379101276397705e-01,-3.026271462440490723e-01,-3.516914844512939453e-01,-2.030203342437744141e-01,-2.121626883745193481e-01,-6.488156318664550781e-02,-2.409447729587554932e-01,-1.329289227724075317e-01,-3.155711591243743896e-01,-2.903168797492980957e-01,-3.270766139030456543e-01,-1.234591603279113770e-01,-3.057835996150970459e-01,-2.089814990758895874e-01,-2.689500153064727783e-01,-1.830814927816390991e-01,-2.066369950771331787e-01,-1.614276170730590820e-01,2.979368437081575394e-03,-3.669666498899459839e-02,-5.860341712832450867e-03,-2.795881927013397217e-01,-3.851931691169738770e-01,-3.928674757480621338e-01,-2.766386568546295166e-01,-2.374833822250366211e-01
2.902206778526306152e-01,-6.381721049547195435e-02,2.065439373254776001e-01,2.266635149717330933e-01,1.579406708478927612e-01,3.337357193231582642e-02,4.118561148643493652e-01,2.272250652313232422e-01,2.195964157581329346e-01,6.306859850883483887e-02,1.000000119209289551e+00,2.285517156124114990e-01,4.935314953327178955e-01,1.593595445156097412e-01,3.508208990097045898e-01,8.232653141021728516e-02,5.723547339439392090e-01,2.926180958747863770e-01,-2.117867395281791687e-02,-9.090089052915573120e-02,2.736912965774536133e-01,2.327164411544799805e-01,2.297647297382354736e-01,2.384185492992401123e-01,1.433059573173522949e-01,1.675931662321090698e-01,1.231990680098533630e-01,1.036011576652526855e-01,4.939464032649993896e-01,2.115272134542465210e-01,4.222376942634582520e-01,3.630021512508392334e-01,2.156263589859008789e-01,2.174114435911178589e-01,8.714316412806510925e-03,-6.268463283777236938e-02,1.968388259410858154e-01,7.842535525560379028e-02,2.267009764909744263e-01,4.399637505412101746e-02,1.509802043437957764e-01,1.611094176769256592e-02,1.190986707806587219e-01,6.581567972898483276e-02,1.650873422622680664e-01,1.203634589910507202e-01,7.470553368330001831e-02,4.811518639326095581e-02,1.136149689555168152e-01,1.395135419443249702e-03,6.532887928187847137e-03,-8.396361768245697021e-02,1.105216965079307556e-01,-9.997180104255676270e-02,1.390711814165115356e-01,-1.113327518105506897e-01,2.077278941869735718e-01,-9.425873309373855591e-02,-1.495742797851562500e-01,-7.644658535718917847e-02,-8.257585577666759491e-03,-1.116894185543060303e-01,2.651768922805786133e-01,-3.144586831331253052e-02,-1.205478701740503311e-02,-2.119581401348114014e-01,-8.550012111663818359e-02,-4.490618780255317688e-02,-5.205493047833442688e-02,-7.771523296833038330e-02,2.864618897438049316e-01,2.119412869215011597e-01,2.649465203285217285e-01,1.410034596920013428e-01,2.275876253843307495e-01,7.065504044294357300e-02,1.234831586480140686e-01,5.665552616119384766e-02,4.248740971088409424e-01,3.467274904251098633e-01,4.307228624820709229e-01,5.032350122928619385e-02,3.157353997230529785e-01,-3.422536700963973999e-02,2.968756854534149170e-01,-1.570882350206375122e-01,-1.351488754153251648e-02,-1.901143193244934082e-01,2.049739360809326172e-01,-1.158486455678939819e-01,3.408527746796607971e-02,-8.027853071689605713e-02,-4.293035343289375305e-02,-3.826314210891723633e-02,1.668849885463714600e-01,1.729019582271575928e-01,7.596657425165176392e-02,4.214265197515487671e-02,4.239193722605705261e-02,-4.463144578039646149e-03,-6.489096581935882568e-02,-1.659930497407913208e-01,-6.847978383302688599e-02,-1.256200671195983887e-01,-1.428536139428615570e-02,-4.503310471773147583e-02,-2.927851304411888123e-02,-6.456808745861053467e-02,2.796994745731353760e-01,2.262478321790695190e-01,8.997918665409088135e-02,6.752012297511100769e-03,3.645319491624832153e-02,-5.295511800795793533e-03,-1.187095344066619873e-01,-1.001065373420715332e-01
9.394077211618423462e-02,2.612845301628112793e-01,1.740624904632568359e-01,3.191744685173034668e-01,2.138001024723052979e-01,2.328431308269500732e-01,2.725231945514678955e-01,4.980244636535644531e-01,1.218712627887725830e-01,2.709585428237915039e-01,2.285517156124114990e-01,1.000000000000000000e+00,2.320880442857742310e-01,6.203513741493225098e-01,1.123776435852050781e-01,3.180289864540100098e-01,3.230804949998855591e-02,4.767356216907501221e-01,-1.303724758327007294e-02,-9.204176068305969238e-02,2.485636621713638306e-01,3.290868103504180908e-01,2.280740290880203247e-01,2.652769088745117188e-01,2.423580437898635864e-01,2.343071699142456055e-01,1.797623336315155029e-01,1.943862289190292358e-01,1.472054868936538696e-01,4.768010377883911133e-01,3.802404105663299561e-01,3.610832393169403076e-01,2.768319547176361084e-01,2.441800534725189209e-01,-1.134436391294002533e-02,-9.012406319379806519e-02,-1.321561336517333984e-01,1.663522571325302124e-01,-1.228535845875740051e-01,2.459560185670852661e-01,-5.493165925145149231e-02,1.686918139457702637e-01,1.554585434496402740e-02,5.355160683393478394e-02,-1.087513845413923264e-02,8.799696341156959534e-03,-5.213787406682968140e-02,5.474402755498886108e-02,-2.893055975437164307e-02,8.259369060397148132e-03,-8.510249853134155273e-02,-5.270824581384658813e-02,-1.369490381330251694e-02,9.539604932069778442e-02,-1.271374672651290894e-01,2.016245424747467041e-01,-5.078998208045959473e-02,1.545752137899398804e-01,-7.681213319301605225e-02,-4.957556724548339844e-03,-1.070611700415611267e-01,6.814386695623397827e-02,-1.796844303607940674e-01,1.788215041160583496e-01,-1.587060987949371338e-01,2.584895119071006775e-02,-1.225619390606880188e-01,-3.977565467357635498e-02,-4.361610487103462219e-02,-4.637567698955535889e-02,1.644123345613479614e-01,1.963974088430404663e-01,7.573639601469039917e-02,2.921219766139984131e-01,6.014796718955039978e-02,9.100558608770370483e-02,-1.819174289703369141e-01,-4.353777691721916199e-02,-8.029897697269916534e-03,1.268040239810943604e-01,-2.199556119740009308e-02,3.310095071792602539e-01,3.568477556109428406e-02,4.017785191535949707e-01,-1.477515846490859985e-01,1.912070214748382568e-01,9.995854459702968597e-03,2.346594929695129395e-01,-1.315717697143554688e-01,1.354587674140930176e-01,-1.198310256004333496e-01,-2.956392802298069000e-02,-9.440265595912933350e-02,-4.281811416149139404e-02,-3.038759343326091766e-02,6.626831740140914917e-02,-1.458875089883804321e-01,7.626658678054809570e-02,-9.502677619457244873e-02,-1.134737487882375717e-02,-8.601743727922439575e-02,-1.154685765504837036e-02,-9.078810364007949829e-02,3.106060065329074860e-02,-6.407224386930465698e-02,2.147335745394229889e-02,1.341049280017614365e-02,1.104616671800613403e-01,-9.249755181372165680e-03,-6.114928051829338074e-02,-2.121726609766483307e-02,-4.577757418155670166e-02,-7.846633344888687134e-02,-9.283354133367538452e-02,2.430429682135581970e-02,-1.465650647878646851e-02
-1.893541216850280762e-02,-1.747484803199768066e-01,3.618090450763702393e-01,4.046359360218048096e-01,4.123051464557647705e-01,2.807427644729614258e-01,4.935869574546813965e-01,4.080590903759002686e-01,5.024788975715637207e-01,2.929846942424774170e-01,4.935314953327178955e-01,2.320880442857742310e-01,9.999999403953552246e-01,3.630308806896209717e-01,5.871906280517578125e-01,2.952288091182708740e-01,3.547768294811248779e-01,2.347175627946853638e-01,-1.181220263242721558e-01,-1.544331461191177368e-01,4.775741100311279297e-01,4.290570914745330811e-01,3.418667018413543701e-01,4.462625086307525635e-01,4.023517370223999023e-01,5.014095306396484375e-01,3.517336547374725342e-01,3.371881842613220215e-01,6.079465150833129883e-01,4.366598427295684814e-01,5.390901565551757812e-01,6.052718758583068848e-01,-7.174546271562576294e-02,-6.899481266736984253e-02,-5.949193239212036133e-02,-9.881026297807693481e-02,7.574532926082611084e-02,-2.035338059067726135e-02,3.399014472961425781e-02,-3.505247086286544800e-02,8.469977974891662598e-02,6.240125000476837158e-02,2.269393503665924072e-01,1.760663837194442749e-01,1.926553696393966675e-01,1.237866804003715515e-01,1.817448735237121582e-01,1.747120022773742676e-01,2.208817750215530396e-01,1.426270455121994019e-01,2.111497223377227783e-01,9.144488722085952759e-02,3.264780342578887939e-01,9.402824938297271729e-02,2.840004861354827881e-02,-1.154700666666030884e-01,-5.647370591759681702e-02,-2.312517911195755005e-01,-1.491986811161041260e-01,-8.294183015823364258e-02,-7.168029993772506714e-02,-9.519945085048675537e-02,6.352911144495010376e-02,-1.122482344508171082e-01,-2.573407813906669617e-02,-1.096182391047477722e-01,-2.177276015281677246e-01,-1.935375779867172241e-01,-2.278488576412200928e-01,-2.360157817602157593e-01,5.176622867584228516e-01,4.808045029640197754e-01,4.538292884826660156e-01,4.453483521938323975e-01,3.778901994228363037e-01,2.499875426292419434e-01,7.512155920267105103e-02,6.163967773318290710e-02,1.709954887628555298e-01,7.671219855546951294e-02,3.122277855873107910e-01,2.470803912729024887e-03,3.868863582611083984e-01,9.308421611785888672e-02,2.421470582485198975e-01,-1.323025673627853394e-01,1.490275710821151733e-01,-7.961906492710113525e-02,6.530152261257171631e-02,-2.250136882066726685e-01,-1.363255083560943604e-01,-2.957401275634765625e-01,-2.239861488342285156e-01,-2.631774842739105225e-01,7.685801479965448380e-03,-5.244148522615432739e-02,-5.955591797828674316e-02,-9.320902824401855469e-02,-1.000276505947113037e-01,-1.799151599407196045e-01,-2.662624716758728027e-01,-3.116625845432281494e-01,-2.897190153598785400e-01,-3.279878199100494385e-01,-1.579187214374542236e-01,-2.027831822633743286e-01,-1.112020760774612427e-01,-1.230848804116249084e-01,1.117952093482017517e-01,6.837607175111770630e-02,3.022585250437259674e-02,-7.325997203588485718e-02,-1.878748834133148193e-01,-2.209869176149368286e-01,-2.881806492805480957e-01,-2.084290385246276855e-01
