1.000000119209289551e+00,5.265363454818725586e-01,4.181964397430419922e-01,2.168612033128738403e-01,5.171994119882583618e-02,-1.053602769970893860e-01,4.979685246944427490e-01,3.021370768547058105e-01,1.356595754623413086e-01,-2.117845416069030762e-01,3.217559158802032471e-01,3.796253502368927002e-01,2.661365866661071777e-01,1.188300773501396179e-01,1.005922630429267883e-01,-6.868787854909896851e-02,2.183483093976974487e-01,2.690136432647705078e-01,4.120844304561614990e-01,3.444923758506774902e-01,9.959532320499420166e-02,1.434589326381683350e-01,4.485245943069458008e-01,3.806167244911193848e-01,8.921448141336441040e-02,1.312167197465896606e-01,1.595810502767562866e-01,6.727680563926696777e-02,2.573416829109191895e-01,1.224300190806388855e-01,2.130556702613830566e-01,2.296192049980163574e-01,3.531625568866729736e-01,2.862552106380462646e-01,2.907654047012329102e-01,2.254329472780227661e-01,1.222122982144355774e-01,-1.224572807550430298e-01,-2.305773831903934479e-02,-8.512198925018310547e-02,-1.810954511165618896e-01,-1.187654659152030945e-01,7.875742018222808838e-02,1.923328191041946411e-01,-6.358628720045089722e-02,9.509981609880924225e-03,1.411794126033782959e-01,1.360323876142501831e-01,-2.178269624710083008e-02,-2.386170811951160431e-02,3.158170729875564575e-02,3.687053918838500977e-02,1.556865638121962547e-03,1.068809404969215393e-01,4.693548381328582764e-02,-2.034937031567096710e-03,5.762011408805847168e-01,3.840292394161224365e-01,3.933777287602424622e-02,6.185103207826614380e-03,2.474157363176345825e-01,-5.964468419551849365e-02,3.770324587821960449e-01,1.617266684770584106e-01,3.813198953866958618e-02,-2.459231764078140259e-03,1.785855144262313843e-01,1.046760976314544678e-01,2.386266440153121948e-01,1.361932903528213501e-01,7.591913640499114990e-02,2.031604945659637451e-01,1.783796027302742004e-02,1.451121419668197632e-01,-5.199677869677543640e-02,8.061708882451057434e-03,1.572375893592834473e-01,1.575839668512344360e-01,2.013287097215652466e-01,1.345847100019454956e-01,3.198919892311096191e-01,2.737742364406585693e-01,-3.740833327174186707e-02,-3.256144002079963684e-02,3.902550935745239258e-01,3.861966729164123535e-01,-1.365227550268173218e-01,3.205440938472747803e-02,1.701120287179946899e-01,1.396854221820831299e-01,8.536078967154026031e-03,-1.086573973298072815e-01,1.319403350353240967e-01,-1.580523848533630371e-01,1.609518378973007202e-01,1.771169900894165039e-01,2.496732920408248901e-01,2.121160328388214111e-01,2.298208624124526978e-01,4.892598092555999756e-02,2.105332463979721069e-01,1.142907515168190002e-01,2.011671960353851318e-01,1.905481368303298950e-01,7.547667622566223145e-02,9.498739987611770630e-02,1.252060476690530777e-02,5.004374682903289795e-02,1.550050824880599976e-01,5.046167597174644470e-02,2.699221670627593994e-01,3.037946224212646484e-01,1.914406567811965942e-01,1.894514560699462891e-01,2.033286243677139282e-01,1.814931631088256836e-01
5.265363454818725586e-01,9.999998211860656738e-01,3.116368055343627930e-01,2.658085227012634277e-01,-2.976793795824050903e-02,6.889425963163375854e-02,3.171726763248443604e-01,3.500873744487762451e-01,1.924882642924785614e-02,-1.087716147303581238e-01,1.435172855854034424e-01,4.363827109336853027e-01,2.164192497730255127e-01,2.654321789741516113e-01,5.600336566567420959e-02,7.196398079395294189e-02,5.943246185779571533e-02,1.932976990938186646e-01,2.731520831584930420e-01,4.241849482059478760e-01,8.942923694849014282e-02,1.594104617834091187e-01,3.663543164730072021e-01,3.149962723255157471e-01,1.244237199425697327e-01,2.194892913103103638e-01,1.124326288700103760e-01,1.339889317750930786e-01,7.172517478466033936e-02,1.694460213184356689e-01,1.873643845319747925e-01,1.651110798120498657e-01,2.735413312911987305e-01,2.864704430103302002e-01,5.171182751655578613e-02,6.352437287569046021e-02,1.052203848958015442e-01,-1.476775109767913818e-01,7.148195523768663406e-03,-2.547196857631206512e-02,-1.241355612874031067e-01,5.185880511999130249e-02,5.252722278237342834e-02,9.457896649837493896e-02,-1.047175601124763489e-01,9.907951205968856812e-02,5.125660449266433716e-02,8.551099151372909546e-02,-1.234186696819961071e-03,4.218807816505432129e-02,6.212443485856056213e-02,8.365251868963241577e-02,7.514706254005432129e-02,1.544905751943588257e-01,2.202999033033847809e-02,7.593203336000442505e-02,3.578972816467285156e-01,6.838648915290832520e-01,2.579460851848125458e-02,6.826993823051452637e-02,6.143739446997642517e-02,5.513769015669822693e-02,1.326408833265304565e-01,2.413576245307922363e-01,-2.004261501133441925e-02,9.581935405731201172e-02,-1.337489113211631775e-02,-5.310834385454654694e-03,4.096484482288360596e-01,2.873802781105041504e-01,3.718692064285278320e-02,1.628215014934539795e-01,1.550023071467876434e-02,1.456083655357360840e-01,8.853577077388763428e-03,6.871460378170013428e-02,-3.468557447195053101e-02,5.141181498765945435e-02,1.038007810711860657e-01,1.085764765739440918e-01,1.653680950403213501e-01,2.864130735397338867e-01,3.077506273984909058e-02,1.638462990522384644e-01,2.250240594148635864e-01,3.220919668674468994e-01,-3.217232972383499146e-02,1.108711883425712585e-01,9.620721638202667236e-02,1.733552366495132446e-01,2.388231270015239716e-02,-5.277201905846595764e-02,6.842793524265289307e-02,-3.631155565381050110e-02,1.481984555721282959e-01,2.577538974583148956e-02,2.052164971828460693e-01,2.586087286472320557e-01,1.025535464286804199e-01,2.643778454512357712e-03,2.675473093986511230e-01,1.400431096553802490e-01,2.308505624532699585e-01,2.203060686588287354e-01,1.617033332586288452e-01,1.863041371107101440e-01,1.123705208301544189e-01,1.116714626550674438e-01,1.009555906057357788e-01,4.645358026027679443e-02,1.561587601900100708e-01,1.666807979345321655e-01,1.179326176643371582e-01,3.760648518800735474e-02,1.392291337251663208e-01,1.907527446746826172e-01
4.181964397430419922e-01,3.116368055343627930e-01,1.000000238418579102e+00,4.511948227882385254e-01,3.580925464630126953e-01,1.128164455294609070e-01,5.990777015686035156e-01,4.283063411712646484e-01,1.973646134138107300e-01,3.336457163095474243e-02,2.565360367298126221e-01,3.702195361256599426e-02,3.612283766269683838e-01,1.426890492439270020e-01,1.612654328346252441e-01,-3.880970925092697144e-02,2.976664528250694275e-02,-9.452449530363082886e-02,2.480273097753524780e-01,2.308108955621719360e-01,1.886333711445331573e-02,-5.205107107758522034e-02,5.408670902252197266e-01,4.631978869438171387e-01,3.482370078563690186e-01,3.214835524559020996e-01,2.616505026817321777e-01,1.161274611949920654e-01,1.182577386498451233e-01,-1.764637976884841919e-01,2.684982419013977051e-01,3.207066059112548828e-01,1.016010791063308716e-01,4.643714055418968201e-02,-1.552657503634691238e-02,-6.012179329991340637e-02,-1.285474449396133423e-01,-1.380916237831115723e-01,-1.383010149002075195e-01,-1.584181040525436401e-01,-1.063215285539627075e-01,-1.835968941450119019e-01,3.804420307278633118e-02,7.536546885967254639e-02,6.953836977481842041e-02,6.088351085782051086e-02,-8.474183827638626099e-02,-1.860501989722251892e-02,8.830881863832473755e-02,4.777943342924118042e-02,5.877339094877243042e-02,9.596179425716400146e-02,5.960323289036750793e-02,1.446883827447891235e-01,9.184163808822631836e-02,-8.989319205284118652e-02,2.317132204771041870e-01,1.993141472339630127e-01,3.155131638050079346e-02,1.375264376401901245e-01,-6.680102087557315826e-03,-1.038848534226417542e-01,2.314637750387191772e-01,5.959524959325790405e-02,-9.276302903890609741e-02,-9.581706672906875610e-02,7.086431980133056641e-02,3.909441456198692322e-02,7.364571094512939453e-02,5.548531934618949890e-02,-5.492720007896423340e-02,-8.140721358358860016e-03,-1.048186719417572021e-01,-1.864760518074035645e-01,-1.376013457775115967e-01,-1.668351143598556519e-01,-3.944151848554611206e-02,2.772417850792407990e-02,1.078551337122917175e-01,-1.744765490293502808e-01,7.947937399148941040e-02,-8.536334335803985596e-02,1.615890860557556152e-01,-5.679834261536598206e-02,5.322962254285812378e-02,-6.641719490289688110e-02,1.082528159022331238e-01,6.334414356388151646e-04,8.121105283498764038e-02,-8.204222656786441803e-03,5.770868621766567230e-03,-1.069981139153242111e-02,-5.774518474936485291e-02,-1.496022790670394897e-01,-1.658335328102111816e-01,-1.719771921634674072e-01,1.045375224202871323e-02,-1.294619888067245483e-01,2.776085771620273590e-02,-3.526856750249862671e-02,-9.548855572938919067e-02,-1.226177141070365906e-01,-1.396632939577102661e-01,-1.475991159677505493e-01,-1.840751320123672485e-01,-1.742630451917648315e-01,-6.828831881284713745e-02,-1.364855319261550903e-01,-1.124792918562889099e-01,1.955523155629634857e-02,1.142793223261833191e-01,1.727530509233474731e-01,6.936781853437423706e-02,-1.241597458720207214e-01,-1.895983219146728516e-01,-1.860940158367156982e-01
2.168612033128738403e-01,2.658085227012634277e-01,4.511948227882385254e-01,9.999994635581970215e-01,-3.471660986542701721e-02,2.265181094408035278e-01,3.483212888240814209e-01,5.107499957084655762e-01,-2.518307566642761230e-01,5.833999812602996826e-02,-4.712728038430213928e-02,-7.942278869450092316e-03,7.465387880802154541e-02,1.538777500391006470e-01,-3.039192855358123779e-01,-1.869082748889923096e-01,-1.718521267175674438e-01,-2.330181300640106201e-01,-9.624915570020675659e-02,8.218668401241302490e-02,-3.497504889965057373e-01,-2.603211700916290283e-01,4.836822152137756348e-01,5.786103606224060059e-01,1.427362412214279175e-01,2.434384375810623169e-01,9.437927603721618652e-02,8.241181075572967529e-02,-4.653857648372650146e-02,-3.379013240337371826e-01,2.062298953533172607e-01,4.073960483074188232e-01,-1.366397142410278320e-01,-1.352504044771194458e-01,-2.634931802749633789e-01,-1.125184670090675354e-01,-3.042352795600891113e-01,1.091855838894844055e-01,-2.316398471593856812e-01,1.110330075025558472e-01,8.692671544849872589e-03,3.962008655071258545e-02,-3.731627389788627625e-02,2.737184287980198860e-03,1.279985159635543823e-01,2.860807776451110840e-01,-2.102354019880294800e-01,2.634958922863006592e-02,1.723101735115051270e-01,2.630220055580139160e-01,1.860604137182235718e-01,2.435055673122406006e-01,-4.914037883281707764e-02,2.704783082008361816e-01,-2.330662757158279419e-01,1.815477013587951660e-01,-8.818689733743667603e-02,8.669239282608032227e-02,2.720251977443695068e-01,1.881894618272781372e-01,-2.763959467411041260e-01,5.416953191161155701e-02,-2.837742678821086884e-02,4.296763837337493896e-01,-1.308227926492691040e-01,1.091855242848396301e-01,3.947999700903892517e-02,7.279722392559051514e-02,3.064858540892601013e-02,-7.971871644258499146e-02,-1.615264564752578735e-01,-2.214472293853759766e-01,-5.250991880893707275e-02,-3.646659851074218750e-01,-7.016740739345550537e-02,-1.442407369613647461e-01,-2.056212723255157471e-02,9.874352067708969116e-02,-3.354360535740852356e-02,-1.640095114707946777e-01,-2.163717150688171387e-01,-2.203005105257034302e-01,-2.480899989604949951e-01,-9.058697521686553955e-02,-3.266310393810272217e-01,-1.166337952017784119e-01,-2.282633185386657715e-01,-7.824648171663284302e-02,-3.571444451808929443e-01,-4.683711752295494080e-02,-2.403154522180557251e-01,9.201243519783020020e-02,-3.214570283889770508e-01,-1.937591284513473511e-01,-4.264955520629882812e-01,-1.951515823602676392e-01,-2.624175250530242920e-01,-1.696379669010639191e-02,-1.405642479658126831e-01,6.254373490810394287e-02,-3.219498991966247559e-01,-3.146384060382843018e-01,-4.121912419795989990e-01,-2.977654933929443359e-01,-3.860722780227661133e-01,-3.057247996330261230e-01,-2.298982441425323486e-01,-1.074517238885164261e-02,-2.383351027965545654e-01,1.021939739584922791e-01,2.320141196250915527e-01,2.396070957183837891e-01,1.259501278400421143e-01,-2.243722379207611084e-01,-3.251264095306396484e-01,-3.560302257537841797e-01
5.171994119882583618e-02,-2.976793795824050903e-02,3.580925464630126953e-01,-3.471660986542701721e-02,1.000000238418579102e+00,2.570592164993286133e-01,4.134274721145629883e-01,1.644708216190338135e-01,4.843980669975280762e-01,2.561810612678527832e-01,2.391508519649505615e-01,-8.467810600996017456e-02,3.646063208580017090e-01,2.365509234368801117e-02,5.198202133178710938e-01,2.940632104873657227e-01,1.289095431566238403e-01,-3.472975268959999084e-02,-3.714194148778915405e-02,-3.638085350394248962e-02,1.702546924352645874e-01,2.136590145528316498e-02,1.243350654840469360e-01,-2.462630905210971832e-02,4.613834917545318604e-01,2.265799939632415771e-01,5.263493657112121582e-01,2.485229223966598511e-01,1.620735079050064087e-01,-4.011008143424987793e-02,1.813860237598419189e-01,4.603137820959091187e-02,-7.140677422285079956e-02,-8.459292352199554443e-02,-1.419467777013778687e-01,-1.583161354064941406e-01,-1.210267618298530579e-01,-1.391945630311965942e-01,3.968920558691024780e-03,-1.439393907785415649e-01,1.047392375767230988e-02,-1.426945924758911133e-01,-1.246159374713897705e-01,-2.258035540580749512e-01,-1.073886528611183167e-01,-2.812806963920593262e-01,-1.939349621534347534e-01,-2.339882105588912964e-01,-7.291721552610397339e-02,-2.991921901702880859e-01,-2.763075232505798340e-01,-2.476416081190109253e-01,2.061133272945880890e-02,3.857747465372085571e-02,2.790530920028686523e-01,-2.977188117802143097e-02,2.397449761629104614e-01,6.230814382433891296e-02,-4.622457548975944519e-02,2.001311630010604858e-01,-6.628173403441905975e-03,-4.267803207039833069e-02,3.899727761745452881e-01,-9.594846516847610474e-02,-2.523567378520965576e-01,-1.538500189781188965e-01,-3.740083053708076477e-02,-9.513755142688751221e-02,-8.760158717632293701e-02,-1.867412775754928589e-02,-2.628591097891330719e-02,5.392949283123016357e-02,-1.131467968225479126e-01,-6.477616727352142334e-02,-1.462005823850631714e-01,-1.818122714757919312e-01,-7.172314077615737915e-02,-1.433177739381790161e-01,1.271927803754806519e-01,-1.601877994835376740e-02,2.032958865165710449e-01,-2.785685285925865173e-02,4.534415900707244873e-01,1.039320975542068481e-01,1.469629257917404175e-01,-9.602766484022140503e-02,4.223889708518981934e-01,6.456532329320907593e-02,3.350165784358978271e-01,1.758715510368347168e-01,2.906051874160766602e-01,1.772302836179733276e-01,1.480655521154403687e-01,3.207115083932876587e-02,-6.543651968240737915e-02,-1.892451941967010498e-01,5.455976352095603943e-02,-2.460130602121353149e-01,1.320245768874883652e-02,-2.421718649566173553e-02,2.899337001144886017e-02,1.784325949847698212e-02,5.741192027926445007e-02,-6.823882926255464554e-03,-2.583500370383262634e-02,-6.221146136522293091e-02,-2.335050888359546661e-02,-1.683061122894287109e-01,2.981794066727161407e-02,-2.641846239566802979e-02,-8.655154705047607422e-02,-6.588930264115333557e-03,1.031316220760345459e-01,-4.154765233397483826e-02,-3.834142535924911499e-02,-7.407728582620620728e-02
-1.053602769970893860e-01,6.889425963163375854e-02,1.128164455294609070e-01,2.265181094408035278e-01,2.570592164993286133e-01,9.999998211860656738e-01,3.872240707278251648e-02,3.570619821548461914e-01,-4.144588485360145569e-02,6.570016741752624512e-01,-1.752322912216186523e-01,6.421961635351181030e-02,-2.500121109187602997e-02,2.656374871730804443e-01,-1.753949001431465149e-02,3.694445788860321045e-01,-1.561334878206253052e-01,-1.447926461696624756e-01,-1.318320631980895996e-01,-8.156040310859680176e-02,9.038941352628171444e-04,-3.743677586317062378e-02,1.425538063049316406e-01,2.184860855340957642e-01,3.457523882389068604e-01,4.664424061775207520e-01,3.654520809650421143e-01,6.101192831993103027e-01,-2.462364882230758667e-01,-1.115167289972305298e-01,6.693329662084579468e-02,2.208997458219528198e-01,-1.424739956855773926e-01,-1.009212061762809753e-01,-2.005225121974945068e-01,-7.065688073635101318e-02,-1.897231936454772949e-01,-7.652875781059265137e-02,-2.047114670276641846e-01,-1.751757599413394928e-02,-5.076228454709053040e-02,6.386060267686843872e-02,-1.687403023242950439e-01,-2.087416946887969971e-01,-8.063448965549468994e-02,-1.063129305839538574e-01,-2.193280607461929321e-01,-1.434636861085891724e-01,6.381412502378225327e-03,-1.123326793313026428e-01,-4.395338147878646851e-02,-7.895718514919281006e-02,-6.300079822540283203e-02,2.891409993171691895e-01,-9.890490025281906128e-02,1.702746450901031494e-01,-7.004827726632356644e-03,4.981569200754165649e-02,2.556481659412384033e-01,7.021600753068923950e-02,-4.243698716163635254e-02,1.136289071291685104e-02,2.480280958116054535e-02,2.738204896450042725e-01,-4.205139726400375366e-02,-1.281303763389587402e-01,-2.888685837388038635e-02,-1.756655573844909668e-01,-8.259454369544982910e-02,-2.202063612639904022e-02,-1.346097588539123535e-01,2.604052238166332245e-02,-1.690369844436645508e-01,-2.098744958639144897e-01,-1.569835245609283447e-01,-2.403548061847686768e-01,-3.315151929855346680e-01,-1.986364722251892090e-01,1.805837452411651611e-02,-6.487949937582015991e-02,-1.008696332573890686e-01,-3.887281985953450203e-03,6.285218894481658936e-02,3.791857361793518066e-01,-1.000968664884567261e-01,-6.314660608768463135e-02,8.001215755939483643e-02,2.536365985870361328e-01,-1.592699885368347168e-01,1.695571988821029663e-01,-1.679821684956550598e-02,2.618097662925720215e-01,-2.106816619634628296e-01,5.967495590448379517e-02,-1.856257319450378418e-01,-2.729797065258026123e-01,-2.018214315176010132e-01,-4.819538816809654236e-02,-1.539889276027679443e-01,-2.032459527254104614e-02,-1.725983172655105591e-01,-1.176798939704895020e-01,-1.169923618435859680e-01,-1.039497926831245422e-01,-7.390491664409637451e-02,-2.400982379913330078e-02,-9.730250388383865356e-02,-5.818954110145568848e-02,-2.337039113044738770e-01,-4.422195628285408020e-02,5.061834305524826050e-02,1.404125690460205078e-01,1.149331033229827881e-01,-1.341450214385986328e-01,-2.062719166278839111e-01,-1.308923512697219849e-01
4.979685246944427490e-01,3.171726763248443604e-01,5.990777015686035156e-01,3.483212888240814209e-01,4.134274721145629883e-01,3.872240707278251648e-02,9.999994635581970215e-01,5.805864334106445312e-01,2.458684295415878296e-01,-1.391304936259984970e-02,3.847440481185913086e-01,2.592482268810272217e-01,5.344759225845336914e-01,2.965946197509765625e-01,3.360229432582855225e-01,9.256385266780853271e-02,1.340286731719970703e-01,4.108739271759986877e-02,1.858638674020767212e-01,1.587208658456802368e-01,8.667100965976715088e-02,6.808178871870040894e-02,4.979366362094879150e-01,4.023476839065551758e-01,2.170927822589874268e-01,2.195927500724792480e-01,3.151880800724029541e-01,7.536470144987106323e-02,3.665614426136016846e-01,-2.694466896355152130e-02,3.722311258316040039e-01,3.699841201305389404e-01,1.527426391839981079e-01,9.989442676305770874e-02,5.493033304810523987e-02,2.523635327816009521e-02,-3.289543092250823975e-02,-1.096309944987297058e-01,-5.091937631368637085e-02,-1.872565299272537231e-01,-4.951366782188415527e-02,-1.587539911270141602e-01,8.253826946020126343e-02,7.316927611827850342e-02,5.418187007308006287e-02,1.496380567550659180e-02,-4.998113214969635010e-02,-1.832149736583232880e-02,4.959657415747642517e-02,-5.476762726902961731e-02,-2.688181586563587189e-02,2.952922077383846045e-04,3.720783628523349762e-03,1.573378294706344604e-01,8.296191692352294922e-02,-2.259947918355464935e-02,3.787337243556976318e-01,2.461918443441390991e-01,-4.279915010556578636e-04,1.004920750856399536e-01,-8.582969754934310913e-02,-1.208359152078628540e-01,3.271169364452362061e-01,4.898725077509880066e-02,-1.919647157192230225e-01,-2.233197540044784546e-02,1.005003526806831360e-01,7.728769630193710327e-02,4.401068761944770813e-02,-1.194403134286403656e-02,1.039808839559555054e-01,1.637027412652969360e-01,6.020812317728996277e-02,-1.960703730583190918e-02,-4.358813911676406860e-02,-1.464180499315261841e-01,1.955602318048477173e-01,1.226610615849494934e-01,1.579671353101730347e-01,1.542961038649082184e-02,1.607595682144165039e-01,-1.092101074755191803e-02,1.494781225919723511e-01,-6.463716924190521240e-02,1.325140744447708130e-01,6.446170806884765625e-02,1.352008283138275146e-01,-3.813960403203964233e-02,1.712970286607742310e-01,1.086477786302566528e-01,1.020895596593618393e-02,5.437208712100982666e-02,2.036383375525474548e-02,-9.653127193450927734e-02,-6.725093722343444824e-02,-7.425561547279357910e-02,6.780181080102920532e-02,-1.247138679027557373e-01,3.405283391475677490e-02,3.203140571713447571e-02,8.406129782088100910e-04,-1.237013842910528183e-02,-3.891610074788331985e-03,3.398519940674304962e-03,-9.739077091217041016e-02,-8.631989359855651855e-02,-5.327660962939262390e-02,-9.929984807968139648e-02,8.537617325782775879e-02,3.463489934802055359e-02,8.004687726497650146e-02,1.243980154395103455e-01,9.284093230962753296e-02,1.401552092283964157e-02,-2.607797645032405853e-02,-6.266675144433975220e-02
3.021370768547058105e-01,3.500873744487762451e-01,4.283063411712646484e-01,5.107499957084655762e-01,1.644708216190338135e-01,3.570619821548461914e-01,5.805864334106445312e-01,1.000000119209289551e+00,-8.923464268445968628e-02,2.269669920206069946e-01,1.411865502595901489e-01,3.920117020606994629e-01,2.463318854570388794e-01,5.569630265235900879e-01,-2.178473025560379028e-02,2.619796395301818848e-01,-2.065012976527214050e-02,2.259653806686401367e-02,9.945174306631088257e-02,7.966681569814682007e-02,-7.501710951328277588e-02,-5.221201851963996887e-02,4.335005581378936768e-01,4.480003118515014648e-01,1.009876653552055359e-01,2.073527127504348755e-01,1.778332740068435669e-01,1.542916893959045410e-01,1.841551437973976135e-02,-2.173299528658390045e-02,1.700817197561264038e-01,3.925221562385559082e-01,-5.966843105852603912e-03,-5.462671630084514618e-03,-1.026637554168701172e-01,-4.828459396958351135e-02,-1.486630588769912720e-01,3.257212415337562561e-02,-1.798696964979171753e-01,-7.655572891235351562e-02,-7.026263326406478882e-02,-1.104607712477445602e-02,-6.746765971183776855e-02,-4.175959154963493347e-02,-1.167722977697849274e-02,5.467384681105613708e-02,-1.992251425981521606e-01,-9.170837700366973877e-02,2.393265254795551300e-02,1.129918731749057770e-02,-6.163287442177534103e-03,-4.630164243280887604e-03,-8.900511264801025391e-02,3.325773775577545166e-01,-9.736528992652893066e-02,2.389890402555465698e-01,2.481115609407424927e-01,2.189551740884780884e-01,1.796665489673614502e-01,5.180059000849723816e-02,-1.469607055187225342e-01,-3.889328986406326294e-02,7.632443308830261230e-02,3.335981965065002441e-01,-1.815665364265441895e-01,5.786933004856109619e-03,1.359255518764257431e-02,-5.188529938459396362e-02,8.586835861206054688e-02,7.948147249408066273e-04,-1.107697375118732452e-03,9.069313853979110718e-02,-3.969495743513107300e-02,-1.149700656533241272e-01,-7.811101526021957397e-02,-1.588267087936401367e-01,-1.715871319174766541e-02,6.793939974159002304e-03,3.608296066522598267e-02,-1.662665419280529022e-02,-7.912202924489974976e-02,1.821731030941009521e-02,-1.003494486212730408e-01,1.141276955604553223e-01,-1.298902481794357300e-01,1.620096527040004730e-02,-4.360153153538703918e-02,3.361272066831588745e-02,-1.540015935897827148e-01,1.753626167774200439e-01,-1.067212298512458801e-01,2.605994045734405518e-01,-1.402790844440460205e-01,-3.015568293631076813e-02,-1.747157722711563110e-01,-1.657736897468566895e-01,-1.786615997552871704e-01,-1.194032952189445496e-01,-1.742608547210693359e-01,3.439927473664283752e-02,-1.312281489372253418e-01,-1.156628429889678955e-01,-1.269169896841049194e-01,-7.083241641521453857e-02,-1.445574015378952026e-01,-9.632558375597000122e-02,-7.942435145378112793e-02,-2.375297248363494873e-02,-2.969863079488277435e-02,5.657173320651054382e-02,3.305763751268386841e-02,9.684484452009201050e-02,8.603080362081527710e-02,-9.629794210195541382e-02,-1.770374476909637451e-01,-1.573348045349121094e-01
1.356595754623413086e-01,1.924882642924785614e-02,1.973646134138107300e-01,-2.518307566642761230e-01,4.843980669975280762e-01,-4.144588485360145569e-02,2.458684295415878296e-01,-8.923464268445968628e-02,1.000000119209289551e+00,1.766961514949798584e-01,4.897008836269378662e-01,-5.137757956981658936e-02,4.064338803291320801e-01,4.151131026446819305e-03,6.854229569435119629e-01,2.799314856529235840e-01,4.510051608085632324e-01,1.882269531488418579e-01,7.479563355445861816e-02,9.501753002405166626e-02,4.194879531860351562e-01,3.126685917377471924e-01,2.250292524695396423e-02,-1.128234043717384338e-01,3.103877305984497070e-01,1.327390074729919434e-01,1.638341695070266724e-01,5.064265057444572449e-02,3.986012637615203857e-01,1.264494806528091431e-01,2.745284140110015869e-01,1.412940118461847305e-02,3.300025314092636108e-02,2.658421173691749573e-02,8.401115238666534424e-02,-2.373667247593402863e-02,1.098475605249404907e-01,-2.731500566005706787e-01,1.348069757223129272e-01,-2.664555907249450684e-01,-1.027945429086685181e-01,-3.054582774639129639e-01,3.652563318610191345e-02,-1.296119485050439835e-02,-8.480040729045867920e-02,-2.162094563245773315e-01,1.850420087575912476e-01,-3.703475231304764748e-03,-3.902508690953254700e-02,-1.684473305940628052e-01,-8.696166425943374634e-02,-7.617708295583724976e-02,5.421854928135871887e-02,-2.967636883258819580e-01,2.965584099292755127e-01,-2.364396899938583374e-01,2.468124181032180786e-01,6.037269905209541321e-02,-2.938825488090515137e-01,-1.978242071345448494e-03,1.897555887699127197e-01,-4.376751929521560669e-02,2.236554622650146484e-01,-4.811425805091857910e-01,9.744201600551605225e-02,-5.016980692744255066e-02,-7.532972097396850586e-02,-1.298315972089767456e-01,2.953867614269256592e-02,4.555244743824005127e-02,5.991283804178237915e-02,2.027132511138916016e-01,-3.290297836065292358e-02,1.898971498012542725e-01,-1.005620509386062622e-01,-4.405716061592102051e-02,1.875578798353672028e-02,-1.613198406994342804e-02,2.538563013076782227e-01,1.234459355473518372e-01,5.002506375312805176e-01,7.149086147546768188e-02,3.700940608978271484e-01,-3.083875589072704315e-02,4.655282795429229736e-01,1.010648310184478760e-01,2.365168482065200806e-01,-3.381964564323425293e-02,4.839855730533599854e-01,-9.363793767988681793e-03,2.261962592601776123e-01,-6.717394292354583740e-02,3.154857158660888672e-01,1.090281456708908081e-01,1.630387604236602783e-01,4.457725584506988525e-02,2.199051976203918457e-01,-1.635888516902923584e-01,2.407122850418090820e-01,6.500111520290374756e-02,3.325395286083221436e-01,2.887341380119323730e-01,3.382292687892913818e-01,2.227143645286560059e-01,2.078278511762619019e-01,1.682546436786651611e-01,7.136768102645874023e-02,-1.046733707189559937e-01,1.842481940984725952e-01,-1.727823913097381592e-01,-1.718754917383193970e-01,-2.081562131643295288e-01,-9.675450623035430908e-02,3.429796695709228516e-01,3.564944267272949219e-01,2.759906351566314697e-01
-2.117845416069030762e-01,-1.087716147303581238e-01,3.336457163095474243e-02,5.833999812602996826e-02,2.561810612678527832e-01,6.570016741752624512e-01,-1.391304936259984970e-02,2.269669920206069946e-01,1.766961514949798584e-01,1.000000000000000000e+00,3.159690275788307190e-02,2.311899885535240173e-02,3.883942728862166405e-03,2.365483641624450684e-01,1.067983582615852356e-01,4.779297709465026855e-01,4.990823194384574890e-02,-2.627512207254767418e-03,-1.244934499263763428e-01,-9.057305008172988892e-02,1.300066709518432617e-01,2.462021261453628540e-02,-7.917922921478748322e-03,1.269657816737890244e-02,3.316309154033660889e-01,3.719555437564849854e-01,2.700506448745727539e-01,4.663991630077362061e-01,-1.174933463335037231e-01,-6.803191453218460083e-02,6.987207382917404175e-02,1.318513005971908569e-01,-1.227908134460449219e-01,-1.008712202310562134e-01,-3.604218736290931702e-02,4.091929271817207336e-02,-1.431055516004562378e-01,-3.599764406681060791e-02,-1.658507287502288818e-01,-1.155040264129638672e-01,-8.775094896554946899e-02,-7.809730619192123413e-02,-1.406804323196411133e-01,-1.396879404783248901e-01,-7.138326764106750488e-02,-1.509692519903182983e-01,-9.269303083419799805e-02,-1.581111997365951538e-01,-1.972437649965286255e-02,-9.672984480857849121e-02,-4.745193198323249817e-02,-5.946662649512290955e-02,-1.151101142168045044e-01,-4.942423850297927856e-02,-5.457610264420509338e-02,5.711763352155685425e-02,-4.881017282605171204e-02,-1.127715483307838440e-01,3.958469256758689880e-02,-9.341748431324958801e-03,3.269771859049797058e-02,-5.761176347732543945e-02,-5.257605761289596558e-02,1.410741172730922699e-02,6.907690316438674927e-02,-6.771958619356155396e-02,-5.726601928472518921e-02,-2.149293273687362671e-01,-6.246951222419738770e-02,-2.265008166432380676e-02,-1.384611129760742188e-01,-1.584302634000778198e-02,-2.010650783777236938e-01,-1.685159951448440552e-01,-1.770485043525695801e-01,-2.544184625148773193e-01,-2.293033003807067871e-01,-1.872313320636749268e-01,7.734232395887374878e-02,3.287127986550331116e-02,-1.629962772130966187e-02,2.660973556339740753e-02,1.244345959275960922e-02,2.576553821563720703e-01,-3.866638243198394775e-02,-2.941834926605224609e-02,-2.484687604010105133e-03,9.417593479156494141e-02,-9.011563658714294434e-02,6.597207486629486084e-02,-2.152062486857175827e-03,1.722351312637329102e-01,-8.670265972614288330e-02,7.776249945163726807e-02,-1.365969777107238770e-01,-2.076790183782577515e-01,-2.184967994689941406e-01,-1.699389368295669556e-01,-5.949148535728454590e-02,7.895810157060623169e-02,-1.083667576313018799e-01,-6.079388037323951721e-02,-4.965058714151382446e-02,-4.266404733061790466e-02,-3.190053999423980713e-02,2.155839465558528900e-02,-9.314252436161041260e-02,-3.650237992405891418e-02,-1.666604280471801758e-01,-2.204701304435729980e-01,-1.369688212871551514e-01,-9.334495663642883301e-02,-1.118873339146375656e-02,9.304217249155044556e-02,-3.616724535822868347e-02,-6.997590418905019760e-03
3.217559158802032471e-01,1.435172855854034424e-01,2.565360367298126221e-01,-4.712728038430213928e-02,2.391508519649505615e-01,-1.752322912216186523e-01,3.847440481185913086e-01,1.411865502595901489e-01,4.897008836269378662e-01,3.159690275788307190e-02,9.999998211860656738e-01,3.391343951225280762e-01,6.014837622642517090e-01,2.798067629337310791e-01,4.186473786830902100e-01,2.010917663574218750e-01,6.297835707664489746e-01,4.433436989784240723e-01,2.206658273935317993e-01,1.508656740188598633e-01,3.650220036506652832e-01,2.851328551769256592e-01,1.701682358980178833e-01,8.399736881256103516e-02,1.901722252368927002e-01,1.411360353231430054e-01,6.794890016317367554e-02,-7.397171854972839355e-02,5.809951424598693848e-01,2.491974085569381714e-01,3.172505497932434082e-01,1.735663414001464844e-01,1.732114702463150024e-01,1.626807302236557007e-01,2.353679537773132324e-01,1.573337763547897339e-01,1.375318467617034912e-01,-1.293738335371017456e-01,9.870500862598419189e-02,-2.280305624008178711e-01,5.888018291443586349e-03,-2.667782008647918701e-01,-3.487866744399070740e-02,-6.043444387614727020e-03,-1.108772829174995422e-01,-1.911507099866867065e-01,4.746916890144348145e-02,-1.277972906827926636e-01,-1.164233684539794922e-01,-1.745859831571578979e-01,-1.405852437019348145e-01,-1.705600470304489136e-01,-6.708578765392303467e-02,-2.699110209941864014e-01,1.908000111579895020e-01,-1.384734809398651123e-01,3.269331157207489014e-01,1.247361823916435242e-01,-2.866183817386627197e-01,-1.307460665702819824e-01,1.574449092149734497e-01,-5.919463559985160828e-02,2.550701498985290527e-01,-2.235536575317382812e-01,9.690434671938419342e-03,-3.673859313130378723e-02,-4.794273898005485535e-02,-1.157840266823768616e-01,1.699855774641036987e-01,1.340803056955337524e-01,1.258135139942169189e-01,1.330949962139129639e-01,7.433193176984786987e-02,1.714373826980590820e-01,-5.821209773421287537e-02,-7.936662435531616211e-02,1.469237655401229858e-01,7.717621326446533203e-02,3.997652530670166016e-01,2.505802512168884277e-01,5.565267801284790039e-01,2.838601469993591309e-01,1.708254963159561157e-01,-2.096000127494335175e-02,4.474970996379852295e-01,2.460690587759017944e-01,6.239946559071540833e-02,-1.255721449851989746e-01,4.638748168945312500e-01,1.067289412021636963e-01,1.106494814157485962e-01,-1.315457373857498169e-01,1.670451611280441284e-01,-9.849130362272262573e-02,1.905119717121124268e-01,1.506652832031250000e-01,1.247967407107353210e-01,-1.178984418511390686e-01,1.162131801247596741e-01,4.567665234208106995e-02,2.629126906394958496e-01,1.364968419075012207e-01,2.639217972755432129e-01,1.355377137660980225e-01,1.561455279588699341e-01,1.228209286928176880e-01,1.028043180704116821e-01,-4.831717535853385925e-02,2.576372027397155762e-01,-9.210611879825592041e-02,-9.413156658411026001e-02,-2.343084216117858887e-01,-1.638072431087493896e-01,2.417406141757965088e-01,2.432261854410171509e-01,2.018263041973114014e-01
3.796253502368927002e-01,4.363827109336853027e-01,3.702195361256599426e-02,-7.942278869450092316e-03,-8.467810600996017456e-02,6.421961635351181030e-02,2.592482268810272217e-01,3.920117020606994629e-01,-5.137757956981658936e-02,2.311899885535240173e-02,3.391343951225280762e-01,1.000000238418579102e+00,2.228658944368362427e-01,5.041424632072448730e-01,2.565326727926731110e-02,2.674324512481689453e-01,2.268919795751571655e-01,5.332819819450378418e-01,2.432540655136108398e-01,1.667376607656478882e-01,1.736251264810562134e-01,1.979767829179763794e-01,1.697250604629516602e-01,1.664601564407348633e-01,-4.657011851668357849e-02,1.116915717720985413e-01,2.283771708607673645e-02,5.387222021818161011e-02,1.124666333198547363e-01,4.263480603694915771e-01,3.587259352207183838e-02,1.196387037634849548e-01,2.487578094005584717e-01,2.556917965412139893e-01,1.670000553131103516e-01,1.593079864978790283e-01,1.534867286682128906e-01,-1.980469189584255219e-02,-4.378510639071464539e-02,-2.731727436184883118e-02,-8.417086303234100342e-02,1.301757544279098511e-01,-4.801484569907188416e-02,4.525313526391983032e-02,-1.185423955321311951e-01,-6.440997123718261719e-02,3.240994736552238464e-02,-1.997145637869834900e-02,-1.355257630348205566e-01,-1.195525676012039185e-01,-1.018968969583511353e-01,-1.189683675765991211e-01,-8.682161569595336914e-02,9.808523207902908325e-02,-1.036506593227386475e-01,1.001475602388381958e-01,3.687454462051391602e-01,3.748938739299774170e-01,-6.125475466251373291e-02,-1.687489598989486694e-01,7.424284517765045166e-02,-6.724697351455688477e-02,5.585381388664245605e-02,2.686127126216888428e-01,-2.355518081458285451e-04,1.203135214745998383e-02,-5.566944554448127747e-02,-7.887130975723266602e-02,2.551825940608978271e-01,1.791837662458419800e-01,1.354312896728515625e-01,2.415141910314559937e-01,6.347508728504180908e-02,2.927746474742889404e-01,4.313671961426734924e-03,5.642130970954895020e-02,1.141917053610086441e-02,-9.841078426688909531e-04,2.028800845146179199e-01,2.908146083354949951e-01,2.113657295703887939e-01,5.336846709251403809e-01,-9.085156023502349854e-02,2.747879028320312500e-01,2.461951673030853271e-01,4.661498665809631348e-01,-4.921516031026840210e-02,1.296746283769607544e-01,1.224411278963088989e-01,3.367926180362701416e-01,-5.112098529934883118e-02,1.476321928203105927e-02,2.163687534630298615e-02,-6.669648736715316772e-02,3.085812628269195557e-01,1.684316545724868774e-01,7.142670452594757080e-02,1.695595234632492065e-01,-9.980646520853042603e-02,-3.459413722157478333e-02,1.890028268098831177e-01,1.037555560469627380e-01,2.212018668651580811e-01,2.196348905563354492e-01,1.774513423442840576e-01,2.268275171518325806e-01,8.959735929965972900e-02,1.255957037210464478e-01,2.394634038209915161e-01,2.219334244728088379e-02,9.983811527490615845e-03,-2.846262231469154358e-02,-1.723450049757957458e-02,4.562977701425552368e-02,1.665792465209960938e-01,2.286863625049591064e-01
2.661365866661071777e-01,2.164192497730255127e-01,3.612283766269683838e-01,7.465387880802154541e-02,3.646063208580017090e-01,-2.500121109187602997e-02,5.344759225845336914e-01,2.463318854570388794e-01,4.064338803291320801e-01,3.883942728862166405e-03,6.014837622642517090e-01,2.228658944368362427e-01,9.999998211860656738e-01,3.566390275955200195e-01,5.119862556457519531e-01,1.632596105337142944e-01,3.041191995143890381e-01,1.177132427692413330e-01,9.995189309120178223e-02,4.687792435288429260e-02,2.849822342395782471e-01,2.205992639064788818e-01,3.340777158737182617e-01,2.279220819473266602e-01,3.098097145557403564e-01,2.175388336181640625e-01,2.784294784069061279e-01,1.135164946317672729e-01,5.774716138839721680e-01,1.321522146463394165e-01,4.295786619186401367e-01,2.932075858116149902e-01,1.291114091873168945e-01,1.175083890557289124e-01,3.223419561982154846e-02,-2.286997251212596893e-02,7.519651204347610474e-02,-1.753489822149276733e-01,1.406686007976531982e-01,-1.898037344217300415e-01,4.954594001173973083e-02,-1.903950721025466919e-01,7.676573097705841064e-02,1.044140569865703583e-02,1.568366773426532745e-02,-3.797983750700950623e-02,3.286062041297554970e-03,-7.126253843307495117e-02,3.391043841838836670e-02,-7.896599173545837402e-02,-2.678519673645496368e-02,-9.599816799163818359e-02,8.523228019475936890e-02,-8.828816935420036316e-03,2.394647449254989624e-01,-1.221451014280319214e-01,2.045486867427825928e-01,2.246777564287185669e-01,-1.209526956081390381e-01,1.585610769689083099e-02,2.723309770226478577e-02,-9.785693883895874023e-02,2.704424858093261719e-01,-2.454342395067214966e-01,-1.081521585583686829e-01,-7.923314720392227173e-02,-1.228322391398251057e-03,-5.940479412674903870e-02,8.481052517890930176e-02,4.019976034760475159e-02,2.331614941358566284e-01,2.009456753730773926e-01,1.371936351060867310e-01,1.313578784465789795e-01,3.236072883009910583e-02,-1.846845820546150208e-02,1.620997488498687744e-01,9.552537649869918823e-02,1.702202856540679932e-01,1.200603879988193512e-02,3.724714219570159912e-01,2.735569514334201813e-02,4.188505709171295166e-01,2.831277903169393539e-03,3.433881998062133789e-01,4.509799554944038391e-02,2.555986940860748291e-01,-4.459795728325843811e-02,4.175952672958374023e-01,5.211533606052398682e-02,1.334341466426849365e-01,-2.733804285526275635e-02,1.063669919967651367e-01,2.007924206554889679e-02,2.634486742317676544e-02,-2.897944115102291107e-02,1.397879719734191895e-01,-1.380942910909652710e-01,1.035310626029968262e-01,-2.664240449666976929e-02,1.292826235294342041e-01,1.378597021102905273e-01,1.530543416738510132e-01,6.255237013101577759e-02,9.582685679197311401e-02,5.427426844835281372e-02,6.323857605457305908e-02,-1.622048318386077881e-01,1.314656138420104980e-01,-1.831731945276260376e-02,-3.158722445368766785e-02,-8.889962732791900635e-02,-6.778613477945327759e-02,1.218453124165534973e-01,6.417006254196166992e-02,6.278721243143081665e-02
