1.000000000000000000e+00,3.816362917423248291e-01,4.151544868946075439e-01,2.374625504016876221e-01,1.272015925496816635e-02,4.126837104558944702e-02,3.941385746002197266e-01,1.530910283327102661e-01,8.949774503707885742e-02,9.794832207262516022e-03,4.841234385967254639e-01,2.500519752502441406e-01,3.833293616771697998e-01,2.455531209707260132e-01,1.735671907663345337e-01,1.059161406010389328e-02,4.260564446449279785e-01,3.523800075054168701e-01,4.771258533000946045e-01,4.487833082675933838e-01,3.247388452291488647e-02,-3.324988065287470818e-03,1.374418437480926514e-01,1.723746806383132935e-01,-1.244207145646214485e-03,-9.988056495785713196e-03,-1.189373210072517395e-01,-1.339027285575866699e-01,3.715693056583404541e-01,2.327121049165725708e-01,1.680168956518173218e-01,1.156041026115417480e-01,3.267752826213836670e-01,3.010711967945098877e-01,4.466530308127403259e-02,5.279405415058135986e-02,2.045701071619987488e-02,1.237095072865486145e-01,-5.646779388189315796e-02,9.583486616611480713e-02,9.585788100957870483e-02,1.064954325556755066e-01,1.986606866121292114e-01,1.084072440862655640e-01,1.588509231805801392e-01,1.472628116607666016e-01,2.374719083309173584e-01,1.842042654752731323e-01,1.590954065322875977e-01,1.779363155364990234e-01,2.433174997568130493e-01,2.302646636962890625e-01,2.610976994037628174e-01,2.168882191181182861e-01,2.421462386846542358e-01,2.142979353666305542e-01,5.592259764671325684e-01,3.532718420028686523e-01,3.802253901958465576e-01,3.757922649383544922e-01,3.795658349990844727e-01,1.914816796779632568e-01,2.775053083896636963e-01,1.844690144062042236e-01,1.154326796531677246e-01,2.556137274950742722e-03,2.579300403594970703e-01,2.077112495899200439e-01,3.260537981986999512e-01,3.217677772045135498e-01,1.339185982942581177e-01,6.679780781269073486e-02,3.304415047168731689e-01,2.105595022439956665e-01,3.538967967033386230e-01,2.309046089649200439e-01,1.029794365167617798e-01,1.530107110738754272e-01,2.263331413269042969e-01,1.841584444046020508e-01,2.614381611347198486e-01,2.409673929214477539e-01,5.425193160772323608e-02,2.668785750865936279e-01,9.441312402486801147e-02,1.089486479759216309e-01,-1.082321703433990479e-01,1.691255867481231689e-01,1.702641248703002930e-01,6.386036425828933716e-02,4.852458089590072632e-02,-5.712944641709327698e-02,-9.558692574501037598e-02,-7.513798773288726807e-02,9.440624155104160309e-03,9.102026000618934631e-03,8.093224838376045227e-03,1.821635290980339050e-02,3.061792254447937012e-01,1.438992470502853394e-01,7.059439271688461304e-02,1.135658621788024902e-01,7.352312654256820679e-02,1.510916948318481445e-01,1.065717712044715881e-01,9.446527808904647827e-02,1.638752408325672150e-02,7.007154822349548340e-02,2.502164803445339203e-02,-6.762579083442687988e-02,-3.826988115906715393e-02,2.637637034058570862e-02,-1.226886641234159470e-02,1.744445115327835083e-01,5.566723272204399109e-02,-1.042269635945558548e-02
3.816362917423248291e-01,9.999995231628417969e-01,7.200962398201227188e-03,2.535446286201477051e-01,-5.167305842041969299e-02,2.672209590673446655e-02,-5.225754529237747192e-02,2.019454538822174072e-01,-1.063523516058921814e-01,3.377057611942291260e-02,-3.544489294290542603e-02,3.305357396602630615e-01,4.146001767367124557e-03,2.961510717868804932e-01,-3.853902593255043030e-02,1.975375264883041382e-01,3.447590172290802002e-01,5.736325383186340332e-01,5.985962748527526855e-01,5.802927017211914062e-01,8.760772645473480225e-02,7.539535313844680786e-02,-2.179977484047412872e-02,6.316959112882614136e-02,-1.700639352202415466e-02,-8.569098077714443207e-03,9.511423856019973755e-02,9.903461486101150513e-02,2.380743324756622314e-01,3.821625411510467529e-01,6.402968615293502808e-02,5.362712591886520386e-02,1.733792722225189209e-01,2.378095537424087524e-01,-1.347201913595199585e-01,-1.129718422889709473e-01,1.093319896608591080e-02,1.388297975063323975e-01,1.096946522593498230e-01,2.419287860393524170e-01,2.077556997537612915e-01,2.659572958946228027e-01,8.296580612659454346e-02,2.301451563835144043e-01,1.290205270051956177e-01,1.894148439168930054e-01,2.638394236564636230e-01,2.378785014152526855e-01,2.077746093273162842e-01,7.685986161231994629e-02,2.147497981786727905e-01,4.653497412800788879e-02,2.394731938838958740e-01,1.041201129555702209e-01,2.839406728744506836e-01,3.160478472709655762e-01,5.408846139907836914e-01,7.651498317718505859e-01,4.026690721511840820e-01,4.350255429744720459e-01,3.160635828971862793e-01,2.045141905546188354e-01,2.183694690465927124e-01,4.066880047321319580e-01,-2.098611295223236084e-01,-4.734139889478683472e-02,1.684473901987075806e-01,1.643642634153366089e-01,5.142974853515625000e-01,4.784616529941558838e-01,9.448492527008056641e-02,1.409408152103424072e-01,2.450057417154312134e-01,3.000763952732086182e-01,1.771395355463027954e-01,3.121115565299987793e-01,7.310350425541400909e-03,6.923069804906845093e-02,2.220305651426315308e-01,2.523651123046875000e-01,3.181157410144805908e-01,5.449811816215515137e-01,2.506947517395019531e-01,2.776356935501098633e-01,-8.004781603813171387e-02,1.761409342288970947e-01,5.623988062143325806e-02,1.811235249042510986e-01,-8.470240980386734009e-02,3.268389701843261719e-01,1.595801264047622681e-01,-7.167320698499679565e-02,-2.720150351524353027e-01,-2.071439772844314575e-01,-4.966966435313224792e-02,-6.013108789920806885e-02,8.288588374853134155e-02,2.305370569229125977e-01,4.122812747955322266e-01,2.284996509552001953e-01,9.206911176443099976e-02,-6.270691752433776855e-02,3.078510165214538574e-01,1.584254354238510132e-01,9.730330109596252441e-02,6.015554815530776978e-02,-3.451312333345413208e-02,-8.065678924322128296e-02,-1.102164983749389648e-01,-7.671523839235305786e-02,4.903327673673629761e-02,8.781307190656661987e-02,9.742489457130432129e-02,2.077523767948150635e-01,2.199700288474559784e-02,-4.795449227094650269e-02
4.151544868946075439e-01,7.200962398201227188e-03,9.999997615814208984e-01,5.132177472114562988e-01,7.231113035231828690e-03,6.822901219129562378e-02,6.346623301506042480e-01,3.717878460884094238e-01,-4.192917048931121826e-02,3.631981834769248962e-02,3.817524611949920654e-01,1.372648477554321289e-01,4.152570366859436035e-01,2.495497316122055054e-01,-2.572703920304775238e-02,-1.095182225108146667e-01,4.869972541928291321e-02,3.454856574535369873e-03,1.834593713283538818e-01,1.057748124003410339e-01,-2.451245859265327454e-02,-1.596714258193969727e-01,5.905069708824157715e-01,4.752885103225708008e-01,2.830368876457214355e-01,2.318379878997802734e-01,-1.691341698169708252e-01,-1.602043956518173218e-01,5.733666196465492249e-02,-4.517389088869094849e-02,2.986504435539245605e-01,2.381815463304519653e-01,1.615646183490753174e-01,6.437268853187561035e-02,3.730554878711700439e-02,-2.344483218621462584e-04,-1.245084702968597412e-01,-1.224518939852714539e-01,-1.952926516532897949e-01,-1.718073040246963501e-01,-8.820513635873794556e-02,-1.155340969562530518e-01,-1.617617309093475342e-01,-2.409643232822418213e-01,-2.325027734041213989e-01,-3.033155500888824463e-01,-2.149975448846817017e-01,-2.000972926616668701e-01,-2.033114582300186157e-01,-1.463826596736907959e-01,-3.190258890390396118e-02,-7.784672826528549194e-02,-1.137223392724990845e-01,-1.251123994588851929e-01,-8.276875317096710205e-02,-2.102249711751937866e-01,3.417900577187538147e-02,-1.007161661982536316e-01,7.680667936801910400e-02,-3.013164096046239138e-04,1.701423525810241699e-01,3.108802996575832367e-02,-6.501703523099422455e-03,-4.004970192909240723e-02,4.431603848934173584e-01,2.719397246837615967e-01,1.631295680999755859e-01,-9.651653468608856201e-02,7.244684547185897827e-02,-9.063429385423660278e-02,1.066961698234081268e-02,-1.701753959059715271e-02,1.329250335693359375e-01,2.923331782221794128e-02,1.682852208614349365e-01,-3.306318819522857666e-02,2.980535291135311127e-02,2.016422338783740997e-02,-8.169674128293991089e-02,-6.124618649482727051e-02,-7.125680893659591675e-02,-3.644740954041481018e-02,-7.175693660974502563e-02,1.106526702642440796e-01,2.566401064395904541e-01,1.107201650738716125e-01,-4.124202765524387360e-03,-4.779421910643577576e-02,8.782999217510223389e-02,-1.101621985435485840e-01,2.856538444757461548e-02,1.541193109005689621e-02,1.621015369892120361e-01,2.945405244827270508e-01,-1.150680929422378540e-01,-5.678435787558555603e-02,-2.131348848342895508e-01,-2.496492266654968262e-01,-1.651603430509567261e-01,-2.928562760353088379e-01,7.383688539266586304e-02,2.959794402122497559e-01,-6.704548746347427368e-02,9.437016397714614868e-02,-9.107222408056259155e-02,2.649942971765995026e-02,1.637529768049716949e-02,1.206028014421463013e-01,-3.659454733133316040e-02,-1.646428257226943970e-01,-1.596111804246902466e-01,-1.657111048698425293e-01,-1.227587834000587463e-01,-1.608063727617263794e-01,-1.214841902256011963e-01,-1.935829073190689087e-01
2.374625504016876221e-01,2.535446286201477051e-01,5.132177472114562988e-01,9.999997615814208984e-01,2.187145315110683441e-02,2.597867548465728760e-01,3.463780283927917480e-01,6.951005458831787109e-01,-1.867135167121887207e-01,2.325758934020996094e-01,1.624156981706619263e-01,4.723829627037048340e-01,1.165228486061096191e-01,5.427311658859252930e-01,-2.413401454687118530e-01,1.430222392082214355e-01,2.007468603551387787e-02,4.574289172887802124e-02,2.253532409667968750e-01,3.934294879436492920e-01,5.782535299658775330e-02,9.141218848526477814e-03,5.054171085357666016e-01,6.794391870498657227e-01,3.274238109588623047e-01,3.428186774253845215e-01,3.180193156003952026e-02,7.819315791130065918e-02,7.242569327354431152e-02,7.511073350906372070e-02,2.821860909461975098e-01,4.068271815776824951e-01,4.084726795554161072e-02,1.887698620557785034e-01,-9.622967243194580078e-02,-6.153086200356483459e-02,-3.014461994171142578e-01,-1.509493887424468994e-01,-1.735168099403381348e-01,-6.702030450105667114e-02,1.309305545873939991e-03,5.696838721632957458e-03,-1.375581473112106323e-01,-1.249973624944686890e-01,-2.637221217155456543e-01,-2.078997343778610229e-01,-1.436233073472976685e-01,-1.140050292015075684e-01,-1.509046554565429688e-01,-9.088829159736633301e-02,-3.477806225419044495e-02,-1.385975778102874756e-01,-1.533163785934448242e-01,-1.858507692813873291e-01,-1.303004473447799683e-01,-6.681393086910247803e-02,5.492359865456819534e-03,5.187715590000152588e-02,4.712002351880073547e-02,1.839333325624465942e-01,2.885147184133529663e-02,2.522902488708496094e-01,-2.797703817486763000e-02,1.709666252136230469e-01,2.138260751962661743e-01,4.398645758628845215e-01,4.102413076907396317e-03,9.714049845933914185e-02,2.860254235565662384e-02,2.833542041480541229e-02,-1.017744280397891998e-02,1.780204176902770996e-01,2.499718219041824341e-01,8.557474613189697266e-02,2.522096335887908936e-01,2.112040370702743530e-01,4.215518385171890259e-02,1.263315677642822266e-01,-1.076631993055343628e-01,-1.189285963773727417e-01,-1.068914756178855896e-01,1.156130433082580566e-01,-1.670530065894126892e-02,2.347717881202697754e-01,4.417900741100311279e-02,3.152174353599548340e-01,4.460195451974868774e-02,1.675121784210205078e-01,-1.167239248752593994e-01,1.996915638446807861e-01,6.379186362028121948e-02,-7.938955724239349365e-02,1.795097589492797852e-01,-1.886592619121074677e-02,-1.610948890447616577e-01,-1.214904710650444031e-01,-2.770869433879852295e-01,-2.470213919878005981e-01,-1.325651705265045166e-01,-2.735232710838317871e-01,2.076305299997329712e-01,3.904618322849273682e-02,3.638549521565437317e-02,4.236880689859390259e-02,-1.236878037452697754e-01,-9.079787135124206543e-02,-6.830664817243814468e-03,-7.019879296422004700e-03,-1.766656637191772461e-01,-2.515206336975097656e-01,-2.492781579494476318e-01,-1.941315531730651855e-01,-2.174759209156036377e-01,-1.072914227843284607e-01,-1.862626522779464722e-01,-3.199720084667205811e-01
1.272015925496816635e-02,-5.167305842041969299e-02,7.231113035231828690e-03,2.187145315110683441e-02,1.000000238418579102e+00,6.922906637191772461e-01,2.025952190160751343e-02,7.454875856637954712e-02,5.947740077972412109e-01,4.830624163150787354e-01,3.602298200130462646e-01,2.869161367416381836e-01,2.081926614046096802e-01,2.849994003772735596e-01,5.197401642799377441e-01,3.571756780147552490e-01,1.871092468500137329e-01,1.495473235845565796e-01,-2.308708243072032928e-02,8.489194512367248535e-02,1.590746194124221802e-01,1.424646079540252686e-01,1.984727233648300171e-01,2.426452338695526123e-01,3.207566440105438232e-01,3.145409822463989258e-01,5.495924949645996094e-01,5.367453098297119141e-01,3.099318444728851318e-01,2.284615933895111084e-01,2.179033458232879639e-01,1.983840614557266235e-01,2.787472605705261230e-01,2.596268653869628906e-01,-2.425512857735157013e-02,-1.179396808147430420e-01,5.112442001700401306e-02,-1.953622885048389435e-02,-4.419609531760215759e-02,-2.338111214339733124e-02,7.070350646972656250e-02,6.436292827129364014e-02,9.330340474843978882e-02,2.325010858476161957e-02,9.117791429162025452e-03,-9.404400736093521118e-02,-2.997047081589698792e-02,-3.678869083523750305e-02,-1.659943759441375732e-01,-2.141549438238143921e-01,-6.091891601681709290e-02,-1.739805936813354492e-01,-3.290171176195144653e-02,-1.125167086720466614e-01,1.036018412560224533e-02,-5.127743259072303772e-02,-1.599967479705810547e-02,4.407351836562156677e-03,-1.607065834105014801e-02,-9.438317269086837769e-02,1.378464698791503906e-01,2.506546676158905029e-01,2.495602369308471680e-01,2.723219096660614014e-01,2.362071573734283447e-01,1.637864559888839722e-01,1.604088544845581055e-01,1.812075227499008179e-01,-5.223610997200012207e-02,9.646412730216979980e-02,-5.604811385273933411e-02,4.645381495356559753e-02,1.373087316751480103e-01,1.181529611349105835e-01,7.381823658943176270e-02,1.024919748306274414e-01,1.198879256844520569e-01,2.256628423929214478e-01,9.235669672489166260e-02,-8.121044375002384186e-04,1.762174218893051147e-01,1.481758356094360352e-01,8.603193610906600952e-02,-5.844935402274131775e-02,1.906818300485610962e-01,1.049434617161750793e-01,9.688437916338443756e-03,3.558129305019974709e-03,4.216251671314239502e-01,1.345994621515274048e-01,-5.150105431675910950e-02,1.446804106235504150e-01,1.456993073225021362e-01,9.043741226196289062e-02,4.537196829915046692e-02,1.206957269459962845e-02,3.657647967338562012e-02,3.784164041280746460e-02,-1.042170333676040173e-03,-1.970692165195941925e-02,2.683123387396335602e-02,1.783949732780456543e-01,-2.198207378387451172e-02,8.280695974826812744e-02,5.686568468809127808e-02,1.036480627954006195e-02,1.088715866208076477e-01,-1.558083202689886093e-02,7.926582545042037964e-02,3.966499492526054382e-02,-2.589621581137180328e-02,-4.165786784142255783e-03,-1.172996982932090759e-01,-7.663237303495407104e-02,2.033511921763420105e-02,3.414107486605644226e-02
4.126837104558944702e-02,2.672209590673446655e-02,6.822901219129562378e-02,2.597867548465728760e-01,6.922906637191772461e-01,9.999992847442626953e-01,1.831515878438949585e-01,3.517750799655914307e-01,4.173030257225036621e-01,5.451254844665527344e-01,3.605827689170837402e-01,4.005677700042724609e-01,3.007276952266693115e-01,5.052272081375122070e-01,2.610823512077331543e-01,3.726480007171630859e-01,3.075481355190277100e-01,2.432648092508316040e-01,1.320088654756546021e-01,2.704049050807952881e-01,1.254979819059371948e-01,1.192208603024482727e-01,1.738160997629165649e-01,3.154239952564239502e-01,3.358134925365447998e-01,3.805657625198364258e-01,4.056647419929504395e-01,4.667639732360839844e-01,4.306097626686096191e-01,3.685058057308197021e-01,2.726840078830718994e-01,3.086222410202026367e-01,3.310970962047576904e-01,3.728494048118591309e-01,-1.160751059651374817e-01,-1.731709539890289307e-01,-1.606263220310211182e-02,-7.786066830158233643e-02,-7.497830688953399658e-02,-4.849928244948387146e-02,1.414932757616043091e-01,7.749879360198974609e-02,-4.016949981451034546e-02,-8.479264378547668457e-02,-1.294395327568054199e-01,-1.994979083538055420e-01,-1.112999841570854187e-01,-1.194123327732086182e-01,-2.478027194738388062e-01,-2.657039761543273926e-01,-1.277998387813568115e-01,-2.420669794082641602e-01,-6.866938620805740356e-02,-1.439675688743591309e-01,-5.332774668931961060e-02,-1.150031983852386475e-01,3.269927948713302612e-02,4.483452066779136658e-02,-1.044584996998310089e-02,-2.256827428936958313e-02,1.699730753898620605e-01,3.646202385425567627e-01,3.288974165916442871e-01,3.888200223445892334e-01,9.318098425865173340e-02,2.181711047887802124e-01,3.560514375567436218e-02,1.431415528059005737e-01,2.314959466457366943e-02,2.005326300859451294e-01,2.749041654169559479e-02,1.949951499700546265e-01,2.974187433719635010e-01,2.300624996423721313e-01,1.957962810993194580e-01,2.480777800083160400e-01,1.656823307275772095e-01,2.802307605743408203e-01,1.491819024085998535e-01,1.223132573068141937e-02,2.144740819931030273e-01,1.817496716976165771e-01,1.187404766678810120e-01,6.329470872879028320e-02,1.241005305200815201e-02,5.106167867779731750e-02,-1.410279124975204468e-01,-5.065037682652473450e-02,2.457228004932403564e-01,1.836483776569366455e-01,4.722657427191734314e-02,8.145546913146972656e-02,1.851128041744232178e-01,-1.699006371200084686e-02,1.579334586858749390e-02,-3.634232655167579651e-02,-7.286720722913742065e-02,-9.493034332990646362e-02,-1.665512099862098694e-02,-1.110270172357559204e-01,2.251513749361038208e-01,1.540314406156539917e-01,7.712936401367187500e-02,1.245782002806663513e-01,8.452251553535461426e-03,-7.417780905961990356e-02,1.341321468353271484e-01,8.955135941505432129e-03,-2.112137526273727417e-02,-3.026136383414268494e-02,-9.767814725637435913e-02,-9.907809644937515259e-02,-1.769998222589492798e-01,-1.644107997417449951e-01,-1.214097440242767334e-01,-3.867670893669128418e-02
3.941385746002197266e-01,-5.225754529237747192e-02,6.346623301506042480e-01,3.463780283927917480e-01,2.025952190160751343e-02,1.831515878438949585e-01,9.999997019767761230e-01,4.269374012947082520e-01,1.855643242597579956e-01,1.536717414855957031e-01,4.239952564239501953e-01,1.979907304048538208e-01,6.204220652580261230e-01,2.912299335002899170e-01,-3.217711299657821655e-02,-1.057891398668289185e-01,2.745813429355621338e-01,1.661487817764282227e-01,2.315913885831832886e-01,2.478960007429122925e-01,-2.049425840377807617e-01,-2.182313650846481323e-01,1.366753578186035156e-01,1.226581111550331116e-01,-3.438171744346618652e-02,-5.845171213150024414e-02,-3.476610183715820312e-01,-3.284554779529571533e-01,2.474414706230163574e-01,1.954572498798370361e-01,1.369397044181823730e-01,7.023582607507705688e-02,3.296979069709777832e-01,2.097141593694686890e-01,-1.290961652994155884e-01,-1.092147678136825562e-01,-8.809024095535278320e-02,-2.112999707460403442e-01,-1.709244400262832642e-01,-2.057203501462936401e-01,-1.000994071364402771e-01,-1.215244978666305542e-01,-1.254594177007675171e-01,-2.071901112794876099e-01,-2.118036299943923950e-01,-3.028346598148345947e-01,-1.163988709449768066e-01,-1.256678700447082520e-01,-2.511080503463745117e-01,-2.417226433753967285e-01,-5.424509197473526001e-02,-5.240341275930404663e-02,-1.283888611942529678e-02,-1.221494078636169434e-01,-8.569064736366271973e-02,-2.348376661539077759e-01,1.240965649485588074e-01,-6.639305502176284790e-02,2.054784148931503296e-01,1.042497605085372925e-01,4.017862379550933838e-01,2.847961485385894775e-01,3.805967271327972412e-01,2.629955708980560303e-01,1.936367601156234741e-01,2.070823013782501221e-01,2.269741892814636230e-01,-1.694350503385066986e-02,1.114657744765281677e-01,1.280827224254608154e-01,9.219931438565254211e-03,9.070192463696002960e-03,1.314592063426971436e-01,1.535914242267608643e-01,1.335544586181640625e-01,2.924520336091518402e-02,1.101721376180648804e-01,6.892899423837661743e-02,9.778556972742080688e-02,8.452197536826133728e-03,1.457562297582626343e-01,-4.876924678683280945e-02,-1.046361848711967468e-01,7.400403916835784912e-02,-6.022241339087486267e-02,-1.144553944468498230e-01,-3.049038052558898926e-01,-3.249000608921051025e-01,1.418475359678268433e-01,-1.897740215063095093e-01,1.199883073568344116e-01,8.943606913089752197e-02,8.951748162508010864e-02,1.817970722913742065e-01,-2.435049973428249359e-02,-4.634182900190353394e-02,-1.739185005426406860e-01,-2.950622737407684326e-01,-6.535886973142623901e-02,-2.018083631992340088e-01,1.870645731687545776e-01,3.819073140621185303e-01,-3.613026812672615051e-02,1.951579153537750244e-01,-6.106217205524444580e-02,1.242695003747940063e-02,6.136193405836820602e-03,4.618924483656883240e-02,-3.549621906131505966e-03,-8.653864264488220215e-02,-1.659886687994003296e-01,-1.443116664886474609e-01,-4.131415486335754395e-02,-1.435901224613189697e-01,-1.211965829133987427e-01,-6.208594888448715210e-02
1.530910283327102661e-01,2.019454538822174072e-01,3.717878460884094238e-01,6.951005458831787109e-01,7.454875856637954712e-02,3.517750799655914307e-01,4.269374012947082520e-01,1.000000119209289551e+00,4.299938213080167770e-03,4.076799452304840088e-01,2.439573854207992554e-01,6.043572425842285156e-01,3.597788512706756592e-01,6.690029501914978027e-01,-2.125700116157531738e-01,2.773444354534149170e-01,1.189393848180770874e-01,1.412571370601654053e-01,2.424473017454147339e-01,3.955998420715332031e-01,-2.422988414764404297e-02,-6.161734834313392639e-02,2.154961526393890381e-01,3.801838755607604980e-01,3.101144917309284210e-02,8.944568037986755371e-02,-1.072799786925315857e-01,-5.948194488883018494e-02,1.729620546102523804e-01,2.492862045764923096e-01,9.661116451025009155e-02,1.617413163185119629e-01,1.586456447839736938e-01,2.938905656337738037e-01,-2.607055008411407471e-01,-2.028200775384902954e-01,-2.903760671615600586e-01,-2.218123227357864380e-01,-1.830881386995315552e-01,-8.436404168605804443e-02,-4.751237854361534119e-02,-7.384915649890899658e-02,-1.843318194150924683e-01,-9.425411373376846313e-02,-2.804687619209289551e-01,-2.259510904550552368e-01,-8.426529914140701294e-02,-7.984186708927154541e-02,-2.312448471784591675e-01,-2.528282403945922852e-01,-1.519070286303758621e-02,-2.159192413091659546e-01,-9.642024338245391846e-02,-3.650567829608917236e-01,-2.489349618554115295e-02,-7.212077081203460693e-02,-6.422089785337448120e-02,3.427458181977272034e-02,8.356163650751113892e-02,1.738181412220001221e-01,2.550796866416931152e-01,5.159918665885925293e-01,2.123172581195831299e-01,4.227294921875000000e-01,2.001895308494567871e-01,5.306007862091064453e-01,1.024518609046936035e-01,1.297333836555480957e-01,6.019949913024902344e-02,1.430360674858093262e-01,-7.719742506742477417e-02,9.616815298795700073e-02,1.726526767015457153e-01,8.546439558267593384e-02,2.241035252809524536e-01,1.441718786954879761e-01,1.487787161022424698e-02,6.131659820675849915e-02,-1.522395666688680649e-02,-7.956181466579437256e-02,3.650173917412757874e-02,1.487600952386856079e-01,2.888876013457775116e-03,1.715923249721527100e-01,-7.584366202354431152e-02,2.478170543909072876e-01,-9.320475161075592041e-02,-5.299438536167144775e-02,-5.137762986123561859e-03,2.574955523014068604e-01,1.200715154409408569e-01,-9.378965944051742554e-02,8.208069950342178345e-02,-6.367355585098266602e-02,-1.430553942918777466e-01,-1.454989612102508545e-01,-2.089361846446990967e-01,-2.662707865238189697e-01,-7.218091934919357300e-02,-2.755469977855682373e-01,3.405929505825042725e-01,1.898035556077957153e-01,4.623872041702270508e-02,9.235069155693054199e-02,-1.274517625570297241e-01,-1.079876348376274109e-01,7.942698150873184204e-02,-1.793842762708663940e-02,-9.281532466411590576e-02,-2.214737087488174438e-01,-2.785751521587371826e-01,-2.456796169281005859e-01,-1.305271238088607788e-01,-1.616263538599014282e-01,-1.924683153629302979e-01,-2.574936151504516602e-01
8.949774503707885742e-02,-1.063523516058921814e-01,-4.192917048931121826e-02,-1.867135167121887207e-01,5.947740077972412109e-01,4.173030257225036621e-01,1.855643242597579956e-01,4.299938213080167770e-03,1.000000357627868652e+00,5.551859736442565918e-01,3.590537309646606445e-01,2.413162142038345337e-01,3.841245472431182861e-01,1.428613215684890747e-01,6.348643898963928223e-01,3.403714299201965332e-01,2.005443722009658813e-01,1.531167626380920410e-01,-7.159066200256347656e-02,4.637835174798965454e-02,-1.280711591243743896e-01,-8.479613065719604492e-02,-1.017959117889404297e-01,-1.048067435622215271e-01,-1.981240808963775635e-01,-2.137404233217239380e-01,4.309834167361259460e-02,1.933863572776317596e-02,2.016921341419219971e-01,2.354212254285812378e-01,-4.939531534910202026e-02,-1.239320114254951477e-01,2.791315317153930664e-01,1.995254307985305786e-01,-6.680145114660263062e-02,-1.078098416328430176e-01,-4.645212087780237198e-03,-9.633774310350418091e-02,-1.018033623695373535e-01,-6.839498132467269897e-02,-1.011261790990829468e-01,-9.202965348958969116e-02,9.727083891630172729e-02,3.242586553096771240e-02,1.373132765293121338e-01,1.653870008885860443e-02,1.035720631480216980e-01,-4.411729518324136734e-03,6.032633595168590546e-03,-9.789621829986572266e-02,7.530460506677627563e-02,8.047790825366973877e-02,1.446642577648162842e-01,-3.416405990719795227e-02,1.104207783937454224e-01,1.041463762521743774e-02,2.422107197344303131e-02,7.297528907656669617e-03,1.504590511322021484e-01,4.382357373833656311e-02,3.333894908428192139e-01,3.429860472679138184e-01,4.048190116882324219e-01,3.504914045333862305e-01,1.622476726770401001e-01,7.553279399871826172e-02,2.205955088138580322e-01,1.469943225383758545e-01,-1.691324636340141296e-02,1.845831274986267090e-01,-2.167364805936813354e-01,-2.054526954889297485e-01,-1.107109934091567993e-01,-1.513546053320169449e-02,-6.734771281480789185e-02,-5.383214354515075684e-02,-3.512462228536605835e-02,3.375671431422233582e-02,1.360827982425689697e-01,5.886515229940414429e-02,2.376216650009155273e-01,1.048984564840793610e-02,-1.058388501405715942e-01,-1.485699415206909180e-01,1.147122308611869812e-02,-4.929091036319732666e-02,-1.729210317134857178e-01,-1.433866620063781738e-01,4.514183998107910156e-01,3.003176301717758179e-02,-1.182252913713455200e-02,1.108684614300727844e-01,3.729272866621613503e-03,1.074270382523536682e-01,4.174030572175979614e-02,-3.039043396711349487e-02,-1.137186400592327118e-02,-5.035759508609771729e-02,4.234876483678817749e-02,-6.972093135118484497e-03,-1.514020655304193497e-02,2.333875894546508789e-01,-1.695540398359298706e-01,6.120941601693630219e-03,2.688958682119846344e-02,-3.934010490775108337e-02,-5.376630928367376328e-03,-2.611145190894603729e-02,1.093266084790229797e-01,9.569150395691394806e-03,-1.134437248110771179e-01,-8.880765736103057861e-02,2.597922645509243011e-02,-6.052875891327857971e-02,-2.036037156358361244e-03,8.231672644615173340e-02
9.794832207262516022e-03,3.377057611942291260e-02,3.631981834769248962e-02,2.325758934020996094e-01,4.830624163150787354e-01,5.451254844665527344e-01,1.536717414855957031e-01,4.076799452304840088e-01,5.551859736442565918e-01,1.000000357627868652e+00,1.835321485996246338e-01,4.817170500755310059e-01,2.191920280456542969e-01,4.228736162185668945e-01,2.873088419437408447e-01,6.559651494026184082e-01,1.030834689736366272e-01,9.175704419612884521e-02,7.502853870391845703e-02,2.116692960262298584e-01,-3.245233744382858276e-02,7.964015007019042969e-03,8.425185084342956543e-02,1.426078379154205322e-01,-1.193532198667526245e-01,-7.351762801408767700e-02,1.122881025075912476e-01,1.362255215644836426e-01,1.645064353942871094e-01,2.929621934890747070e-01,5.035056173801422119e-02,1.150205135345458984e-01,1.632197648286819458e-01,2.157065421342849731e-01,-1.533473134040832520e-01,-1.510783433914184570e-01,-1.344729959964752197e-01,-2.195079326629638672e-01,-9.457816183567047119e-02,-1.368170678615570068e-01,2.416810207068920135e-02,-1.187414303421974182e-01,-2.030328810214996338e-01,-1.255217343568801880e-01,-1.324014961719512939e-01,-1.134405583143234253e-01,-8.511127531528472900e-02,-1.732139885425567627e-01,-1.026047989726066589e-01,-1.839992552995681763e-01,-3.471454977989196777e-02,-1.622598171234130859e-01,-4.381591081619262695e-02,-2.874371111392974854e-01,1.086381077766418457e-02,-8.017192780971527100e-02,-4.184664785861968994e-02,2.189109660685062408e-02,-3.325443714857101440e-02,-9.710564627312123775e-04,1.802214533090591431e-01,3.856092393398284912e-01,2.196262925863265991e-01,3.727317154407501221e-01,1.606216281652450562e-01,2.189303934574127197e-01,-2.978977560997009277e-02,8.155184797942638397e-03,3.320641443133354187e-02,1.828240603208541870e-01,-1.065804436802864075e-01,-6.254244595766067505e-02,1.755955512635409832e-03,-3.267566859722137451e-02,4.341258481144905090e-02,1.086083892732858658e-02,-1.071454286575317383e-01,-1.911913231015205383e-02,6.018649041652679443e-02,-4.295194149017333984e-02,9.376396238803863525e-02,6.143702939152717590e-02,-2.218089252710342407e-02,-2.146860398352146149e-02,4.962127655744552612e-03,1.142331883311271667e-01,8.891174569725990295e-03,1.318166684359312057e-02,1.995282322168350220e-01,2.097858339548110962e-01,2.553538233041763306e-02,3.791540488600730896e-02,2.674587070941925049e-02,-8.913307450711727142e-03,2.749441377818584442e-02,-4.311537370085716248e-02,-7.948783785104751587e-02,-2.225528508424758911e-01,-1.004655286669731140e-01,-2.628402411937713623e-01,1.050923094153404236e-01,8.488911390304565430e-02,-1.184439435601234436e-01,-1.201648190617561340e-01,-3.962517529726028442e-02,-1.563353985548019409e-01,8.990837377496063709e-04,-1.037262976169586182e-01,1.459204126149415970e-02,-3.174548270180821419e-03,-1.715023070573806763e-01,-1.801028996706008911e-01,-4.457464069128036499e-02,-8.301284909248352051e-02,-1.301777064800262451e-01,1.274445001035928726e-02
4.841234385967254639e-01,-3.544489294290542603e-02,3.817524611949920654e-01,1.624156981706619263e-01,3.602298200130462646e-01,3.605827689170837402e-01,4.239952564239501953e-01,2.439573854207992554e-01,3.590537309646606445e-01,1.835321485996246338e-01,1.000000357627868652e+00,3.569373488426208496e-01,6.039763689041137695e-01,3.999108076095581055e-01,4.269461035728454590e-01,1.182455942034721375e-01,3.740584552288055420e-01,1.750887036323547363e-01,1.429083794355392456e-01,2.233525067567825317e-01,4.302745684981346130e-03,-3.647906333208084106e-02,2.432872653007507324e-01,2.917139232158660889e-01,1.469844430685043335e-01,1.460070759057998657e-01,-4.781668260693550110e-02,-3.348791971802711487e-02,4.649913609027862549e-01,1.868861615657806396e-01,1.678875535726547241e-01,7.678241282701492310e-02,3.612075448036193848e-01,3.029122650623321533e-01,-1.233463063836097717e-01,-1.851072162389755249e-01,1.080592200160026550e-01,8.287112228572368622e-03,-4.920021817088127136e-02,-1.117765624076128006e-02,-1.068674586713314056e-02,2.761657349765300751e-02,1.640192866325378418e-01,7.536853663623332977e-03,-4.671748727560043335e-02,-1.519118249416351318e-01,2.750059030950069427e-02,5.696547403931617737e-02,-1.967153400182723999e-01,-1.509565263986587524e-01,-8.728951215744018555e-03,-1.880211383104324341e-02,1.209044605493545532e-01,3.158110752701759338e-02,1.581032127141952515e-01,-1.664420822635293007e-03,1.314419060945510864e-01,-3.185304254293441772e-02,1.353443413972854614e-01,6.692726165056228638e-02,3.786404430866241455e-01,3.758694231510162354e-01,3.558389842510223389e-01,2.726729810237884521e-01,3.853431642055511475e-01,2.908685803413391113e-01,2.373178005218505859e-01,1.501643657684326172e-01,4.103564098477363586e-02,1.338689774274826050e-01,7.846993207931518555e-02,7.990908622741699219e-02,2.812452614307403564e-01,1.612962484359741211e-01,2.991306185722351074e-01,1.183693856000900269e-01,1.762905865907669067e-01,2.885855138301849365e-01,1.819416284561157227e-01,9.193475544452667236e-02,2.095845639705657959e-01,7.965589314699172974e-02,9.736600518226623535e-02,1.197303831577301025e-01,1.907808184623718262e-01,9.873013198375701904e-02,-2.200801074504852295e-01,2.614711411297321320e-02,4.494499266147613525e-01,6.839879602193832397e-02,5.246149003505706787e-02,9.188829362392425537e-02,1.513687670230865479e-01,1.137792021036148071e-01,-3.658698173239827156e-03,-3.702671453356742859e-02,-4.562486335635185242e-02,-4.539249464869499207e-02,1.215378195047378540e-01,1.232344750314950943e-02,2.134637534618377686e-01,3.464377820491790771e-01,1.317905075848102570e-02,2.280150651931762695e-01,3.239298006519675255e-03,1.221403665840625763e-02,1.334528774023056030e-01,1.765130460262298584e-01,3.333562240004539490e-02,-1.796115748584270477e-02,-8.845652639865875244e-02,-3.194164857268333435e-02,-1.225099563598632812e-01,-6.146400049328804016e-02,2.610995061695575714e-02,-6.668168306350708008e-02
2.500519752502441406e-01,3.305357396602630615e-01,1.372648477554321289e-01,4.723829627037048340e-01,2.869161367416381836e-01,4.005677700042724609e-01,1.979907304048538208e-01,6.043572425842285156e-01,2.413162142038345337e-01,4.817170500755310059e-01,3.569373488426208496e-01,1.000000119209289551e+00,2.798840701580047607e-01,7.333227396011352539e-01,1.590733826160430908e-01,5.073363780975341797e-01,1.419004797935485840e-01,2.293674647808074951e-01,2.058487981557846069e-01,4.936462044715881348e-01,4.754390567541122437e-02,5.151749029755592346e-02,1.867826581001281738e-01,3.536600768566131592e-01,5.106043070554733276e-03,4.114367440342903137e-02,6.400527805089950562e-02,9.198948740959167480e-02,2.861428856849670410e-01,3.776122331619262695e-01,1.561375856399536133e-01,2.003928869962692261e-01,1.764453053474426270e-01,3.524028360843658447e-01,-1.685802340507507324e-01,-1.667980551719665527e-01,-1.711306273937225342e-01,-1.175915822386741638e-01,-1.343225985765457153e-01,3.724165633320808411e-02,-1.300922408699989319e-02,-3.198115527629852295e-02,4.154059290885925293e-02,7.751078903675079346e-02,-7.413777709007263184e-02,-6.831230223178863525e-02,1.094096824526786804e-01,8.382946997880935669e-02,-8.365245163440704346e-02,-1.387723237276077271e-01,5.714983120560646057e-02,-1.155634298920631409e-01,4.743157327175140381e-02,-2.077477127313613892e-01,8.693198114633560181e-02,1.103644147515296936e-01,5.573563277721405029e-03,1.776591539382934570e-01,9.533114731311798096e-02,2.365731000900268555e-01,2.679812908172607422e-01,5.805392861366271973e-01,2.747066020965576172e-01,5.431270599365234375e-01,1.894487589597702026e-01,3.929972946643829346e-01,1.174348071217536926e-01,2.036274671554565430e-01,5.515798553824424744e-02,2.152374982833862305e-01,-1.211726069450378418e-01,7.357596606016159058e-02,9.281030297279357910e-02,7.112838327884674072e-02,1.465245783329010010e-01,1.993828713893890381e-01,-2.320800721645355225e-02,9.935294091701507568e-02,8.573711663484573364e-02,-1.031173299998044968e-02,1.433158814907073975e-01,3.106583356857299805e-01,3.776175528764724731e-02,1.484243720769882202e-01,3.999061137437820435e-02,3.863379359245300293e-01,-7.399857789278030396e-02,1.519982218742370605e-01,1.213829070329666138e-01,3.894688487052917480e-01,1.002136170864105225e-01,-5.616912618279457092e-02,2.666516229510307312e-02,-1.655296534299850464e-01,-6.427609920501708984e-02,-8.820486068725585938e-02,-8.637642115354537964e-02,-7.314216345548629761e-02,7.905473560094833374e-02,-9.957837313413619995e-02,2.422900199890136719e-01,1.120804995298385620e-01,5.571772158145904541e-02,3.477695956826210022e-02,-8.272834122180938721e-02,-1.457322835922241211e-01,4.962931945919990540e-02,-1.037098169326782227e-01,-8.013164252042770386e-02,-1.055884882807731628e-01,-1.892033666372299194e-01,-1.839486509561538696e-01,-1.478639245033264160e-01,9.296839125454425812e-04,-3.007146902382373810e-02,-1.597143858671188354e-01
3.833293616771697998e-01,4.146001767367124557e-03,4.152570366859436035e-01,1.165228486061096191e-01,2.081926614046096802e-01,3.007276952266693115e-01,6.204220652580261230e-01,3.597788512706756592e-01,3.841245472431182861e-01,2.191920280456542969e-01,6.039763689041137695e-01,2.798840701580047607e-01,9.999999403953552246e-01,3.799967169761657715e-01,2.520623803138732910e-01,5.151199921965599060e-02,3.389489650726318359e-01,2.718571424484252930e-01,1.723933666944503784e-01,1.545872986316680908e-01,-1.261050701141357422e-01,-1.959286779165267944e-01,2.330398559570312500e-02,7.287439424544572830e-03,-1.047848984599113464e-01,-1.029484272003173828e-01,-2.615579068660736084e-01,-2.630922794342041016e-01,3.454355597496032715e-01,2.751215100288391113e-01,5.553639680147171021e-02,-7.999905198812484741e-02,3.794599771499633789e-01,2.773296535015106201e-01,-1.097730696201324463e-01,-1.485356092453002930e-01,-2.799192443490028381e-03,-4.591106250882148743e-02,-9.520080685615539551e-02,-5.974489077925682068e-02,-9.374036453664302826e-03,-8.225832879543304443e-02,-5.981499794870615005e-03,-6.588897109031677246e-02,-6.478444486856460571e-02,-1.596878767013549805e-01,2.622770890593528748e-02,-4.318219423294067383e-02,-1.519314199686050415e-01,-1.545872539281845093e-01,1.181860715150833130e-01,5.498068034648895264e-02,1.748619228601455688e-01,-9.734501689672470093e-02,1.334153264760971069e-01,-9.659048169851303101e-02,1.229457631707191467e-01,4.555488750338554382e-02,3.137236237525939941e-01,1.511682122945785522e-01,5.619140863418579102e-01,4.003634154796600342e-01,4.484290778636932373e-01,3.334749341011047363e-01,2.632318139076232910e-01,2.286695539951324463e-01,3.548764288425445557e-01,1.289709508419036865e-01,1.436838358640670776e-01,1.946827322244644165e-01,1.891177333891391754e-02,3.034569323062896729e-03,1.468733400106430054e-01,1.933485716581344604e-01,1.782037317752838135e-01,4.906708747148513794e-02,1.113938540220260620e-01,6.431058794260025024e-02,1.531709879636764526e-01,1.144767254590988159e-01,2.132257372140884399e-01,2.021069079637527466e-02,-2.857636101543903351e-02,2.954676002264022827e-02,-5.110566318035125732e-02,-6.115322560071945190e-02,-3.201992213726043701e-01,-3.285910785198211670e-01,3.318178057670593262e-01,-3.160726651549339294e-02,8.186296373605728149e-02,4.201475996524095535e-03,-2.984261605888605118e-03,1.129594296216964722e-01,-5.116311460733413696e-02,-5.492733418941497803e-02,-6.948538869619369507e-02,-1.212723255157470703e-01,6.949318200349807739e-02,-4.822667688131332397e-02,1.769979298114776611e-01,3.808260858058929443e-01,-4.377453774213790894e-02,1.499174833297729492e-01,-2.779645845293998718e-02,3.439767286181449890e-02,3.690354898571968079e-02,6.133449822664260864e-02,1.508196117356419563e-03,-7.342562824487686157e-02,-9.667582064867019653e-02,-1.269313544034957886e-01,3.147574886679649353e-02,-1.349379420280456543e-01,-7.856734097003936768e-02,-6.634829938411712646e-02
