9.999999403953552246e-01,5.504872798919677734e-01,5.420640707015991211e-01,6.069024205207824707e-01,2.331430315971374512e-01,1.767828315496444702e-01,5.547409653663635254e-01,5.614026188850402832e-01,3.470095992088317871e-01,2.742187678813934326e-01,6.293981075286865234e-01,4.532866775989532471e-01,4.278004765510559082e-01,3.511183857917785645e-01,2.097762525081634521e-01,2.215503752231597900e-01,3.816998302936553955e-01,3.850935101509094238e-01,5.020664334297180176e-01,5.701853036880493164e-01,1.747316680848598480e-02,2.956208400428295135e-02,4.071369767189025879e-01,4.811187982559204102e-01,2.611179649829864502e-01,3.215180337429046631e-01,3.026707172393798828e-01,3.332482874393463135e-01,4.428088366985321045e-01,4.151138067245483398e-01,2.330881059169769287e-01,2.234403043985366821e-01,5.447574257850646973e-01,4.775234758853912354e-01,2.725756764411926270e-01,-1.173114776611328125e-01,2.782460153102874756e-01,1.594147235155105591e-01,3.239877820014953613e-01,1.432711631059646606e-01,1.608676761388778687e-01,-9.805957227945327759e-02,2.489415258169174194e-01,2.345222234725952148e-01,2.856411039829254150e-01,2.682088613510131836e-01,2.391240745782852173e-01,-5.680720880627632141e-02,2.113963514566421509e-01,3.132016360759735107e-01,4.386149644851684570e-01,3.561499416828155518e-01,4.332149028778076172e-01,3.313803970813751221e-01,3.381586968898773193e-01,1.755084395408630371e-01,6.396117806434631348e-01,5.303331613540649414e-01,2.825264632701873779e-01,2.884690761566162109e-01,4.075538814067840576e-01,2.649438679218292236e-01,4.445343613624572754e-01,3.210819959640502930e-01,4.195358157157897949e-01,3.642607629299163818e-01,4.631718695163726807e-01,4.088463485240936279e-01,5.536450147628784180e-01,4.877470135688781738e-01,-2.279175817966461182e-02,-4.965408891439437866e-02,2.463454604148864746e-01,1.952176243066787720e-01,2.056116312742233276e-01,-5.622585304081439972e-03,8.133669197559356689e-02,6.189560052007436752e-03,3.253063261508941650e-01,2.744123041629791260e-01,4.636768698692321777e-01,3.647536039352416992e-01,2.484680414199829102e-01,2.304602414369583130e-01,5.436616539955139160e-01,4.377241730690002441e-01,2.089805752038955688e-01,2.128217220306396484e-01,3.337398171424865723e-01,1.799548864364624023e-01,3.902282714843750000e-01,2.966676354408264160e-01,3.648793399333953857e-01,2.449784576892852783e-01,1.212117960676550865e-03,-3.320428356528282166e-02,-2.098113484680652618e-02,-1.175599396228790283e-01,3.302071988582611084e-01,2.082276344299316406e-01,3.351739346981048584e-01,2.448688745498657227e-01,2.730996012687683105e-01,2.525950372219085693e-01,3.506541550159454346e-01,2.295727878808975220e-01,1.405314952135086060e-01,1.729762107133865356e-01,-1.871712356805801392e-01,-1.797341853380203247e-01,-1.751655340194702148e-01,2.204871922731399536e-01,1.790324896574020386e-01,3.225294351577758789e-01,2.481074929237365723e-01,1.576748192310333252e-01
5.504872798919677734e-01,1.000000119209289551e+00,3.411027491092681885e-01,4.588721394538879395e-01,1.044528260827064514e-01,7.696854323148727417e-02,2.611900269985198975e-01,3.891201913356781006e-01,3.400784432888031006e-01,2.214663028717041016e-01,4.284199476242065430e-01,5.662646293640136719e-01,2.670021355152130127e-01,3.393253386020660400e-01,1.999249458312988281e-01,2.221401631832122803e-01,4.044054746627807617e-01,5.078749656677246094e-01,3.647207617759704590e-01,3.818136453628540039e-01,8.327364176511764526e-02,3.520274907350540161e-02,2.944636642932891846e-01,3.748385906219482422e-01,2.108883410692214966e-01,2.811721265316009521e-01,2.667295932769775391e-01,2.548372745513916016e-01,2.327989786863327026e-01,4.100881516933441162e-01,4.626589268445968628e-02,1.323330849409103394e-01,5.468222498893737793e-01,5.940648913383483887e-01,1.531286984682083130e-01,-1.880776435136795044e-01,3.017439544200897217e-01,2.286519408226013184e-01,3.712809383869171143e-01,1.426883488893508911e-01,2.686980664730072021e-01,7.935359328985214233e-02,3.604027926921844482e-01,4.296085238456726074e-01,2.360650897026062012e-01,3.095949590206146240e-01,2.800306677818298340e-01,6.967975199222564697e-02,1.588080078363418579e-01,5.081793069839477539e-01,4.643865823745727539e-01,6.335239410400390625e-01,4.452897012233734131e-01,4.204325079917907715e-01,2.601091861724853516e-01,1.389490962028503418e-01,6.173759698867797852e-01,7.071301341056823730e-01,2.527403831481933594e-01,2.771873772144317627e-01,3.588843047618865967e-01,4.009665250778198242e-01,2.394579350948333740e-01,2.945094406604766846e-01,3.655988276004791260e-01,4.058532416820526123e-01,4.459863901138305664e-01,4.849419295787811279e-01,4.702746868133544922e-01,6.893442273139953613e-01,-7.021612673997879028e-02,-1.712726056575775146e-02,2.512426674365997314e-01,2.615038454532623291e-01,3.097681701183319092e-01,1.388683915138244629e-01,-1.693517155945301056e-02,-8.306194841861724854e-02,3.770706653594970703e-01,2.013052999973297119e-01,3.978920280933380127e-01,4.767361879348754883e-01,2.834735214710235596e-01,4.966159164905548096e-01,5.163139700889587402e-01,6.783276796340942383e-01,2.455220967531204224e-01,3.709112107753753662e-01,2.767215371131896973e-01,3.763632178306579590e-01,3.922818005084991455e-01,6.701146960258483887e-01,4.489911794662475586e-01,6.052998900413513184e-01,-9.348966181278228760e-02,-4.383036121726036072e-02,-1.340982913970947266e-01,-2.229535430669784546e-01,2.099834829568862915e-01,2.968551814556121826e-01,3.721741139888763428e-01,5.136047601699829102e-01,3.257965743541717529e-01,5.148145556449890137e-01,4.889266490936279297e-01,4.962472915649414062e-01,1.252932250499725342e-01,3.584221005439758301e-01,-3.000718355178833008e-01,-2.668025493621826172e-01,-2.426418662071228027e-01,2.831200659275054932e-01,3.635621070861816406e-01,4.272046685218811035e-01,3.094778954982757568e-01,2.070720195770263672e-01
5.420640707015991211e-01,3.411027491092681885e-01,1.000000238418579102e+00,7.028200030326843262e-01,6.587862968444824219e-02,-2.079088473692536354e-03,7.326081991195678711e-01,6.842402219772338867e-01,4.031012058258056641e-01,3.249127268791198730e-01,4.684760570526123047e-01,3.595236837863922119e-01,5.630322098731994629e-01,4.006334245204925537e-01,8.768282085657119751e-02,1.928411722183227539e-01,4.013659954071044922e-01,3.751454353332519531e-01,6.014125347137451172e-01,6.008986234664916992e-01,-1.154398098587989807e-01,-1.245118957012891769e-02,6.655784249305725098e-01,6.651337742805480957e-01,1.143178939819335938e-01,1.129594966769218445e-01,1.111399456858634949e-01,1.008546203374862671e-01,5.192631483078002930e-01,4.308456182479858398e-01,2.717788517475128174e-01,2.892970144748687744e-01,4.677638709545135498e-01,4.996495246887207031e-01,3.511333465576171875e-01,6.198310479521751404e-02,2.629360556602478027e-01,1.822889596223831177e-01,2.755027413368225098e-01,-3.419317677617073059e-02,1.732402592897415161e-01,-3.525589779019355774e-02,1.572360545396804810e-01,2.099453806877136230e-01,2.414935976266860962e-01,1.952108144760131836e-01,3.658079802989959717e-01,1.049794331192970276e-01,1.733909249305725098e-01,1.669177114963531494e-01,1.879258155822753906e-01,1.955387443304061890e-01,2.753171622753143311e-01,3.095865845680236816e-01,1.811932325363159180e-01,3.868216648697853088e-02,3.616560101509094238e-01,3.121438324451446533e-01,2.046620398759841919e-01,2.004676014184951782e-01,2.182992845773696899e-01,1.616508513689041138e-01,3.858598470687866211e-01,3.283949494361877441e-01,3.020132184028625488e-01,2.847487330436706543e-01,3.756847977638244629e-01,3.277395963668823242e-01,4.691453278064727783e-01,3.580281138420104980e-01,9.534996747970581055e-02,1.906673908233642578e-01,2.332605272531509399e-01,1.650772541761398315e-01,1.251768767833709717e-01,2.715524286031723022e-02,1.885748803615570068e-01,2.793781831860542297e-02,3.403786718845367432e-01,3.173728585243225098e-01,4.317835867404937744e-01,3.415853977203369141e-01,1.674090325832366943e-01,6.687185168266296387e-02,3.943510353565216064e-01,3.313190639019012451e-01,1.916635781526565552e-01,1.793472468852996826e-01,1.897255778312683105e-01,1.534504741430282593e-01,2.841239869594573975e-01,2.332738041877746582e-01,2.278924286365509033e-01,1.649308204650878906e-01,3.047844208776950836e-02,-4.645878076553344727e-02,8.950328081846237183e-02,-1.924551464617252350e-02,4.120005071163177490e-01,3.417817056179046631e-01,1.579757332801818848e-01,1.198042854666709900e-01,1.609658747911453247e-01,1.767414808273315430e-01,1.754288971424102783e-01,7.966949790716171265e-02,1.371506005525588989e-01,1.094264388084411621e-01,-1.536575406789779663e-01,-7.806859165430068970e-02,-1.717539317905902863e-02,3.376765847206115723e-01,2.726784050464630127e-01,2.213874161243438721e-01,1.241261586546897888e-01,5.883809179067611694e-02
6.069024205207824707e-01,4.588721394538879395e-01,7.028200030326843262e-01,1.000000238418579102e+00,2.446794956922531128e-01,1.648019403219223022e-01,6.231884360313415527e-01,7.872217893600463867e-01,4.731327891349792480e-01,4.670463502407073975e-01,6.086595654487609863e-01,5.182391405105590820e-01,4.952615201473236084e-01,4.740246534347534180e-01,1.608005911111831665e-01,2.804542779922485352e-01,4.388179779052734375e-01,4.302847385406494141e-01,6.820753812789916992e-01,7.140182852745056152e-01,-4.506566002964973450e-02,-3.576907142996788025e-02,6.325603723526000977e-01,7.658298611640930176e-01,1.926194727420806885e-01,2.439474165439605713e-01,3.031997978687286377e-01,2.913790941238403320e-01,4.817338883876800537e-01,5.204632282257080078e-01,2.663784325122833252e-01,3.365988135337829590e-01,5.142927765846252441e-01,5.209136009216308594e-01,2.835398912429809570e-01,-1.391786485910415649e-01,2.985219657421112061e-01,2.516660094261169434e-01,3.695388734340667725e-01,8.689312636852264404e-02,1.492339223623275757e-01,-9.032384306192398071e-02,2.671524584293365479e-01,2.692477703094482422e-01,3.573834598064422607e-01,2.816382944583892822e-01,3.723433613777160645e-01,5.362607538700103760e-03,2.952969372272491455e-01,2.762980461120605469e-01,3.645891249179840088e-01,2.616389691829681396e-01,4.634993672370910645e-01,4.103043973445892334e-01,3.204333484172821045e-01,2.109391093254089355e-01,5.014181733131408691e-01,5.030335783958435059e-01,3.091598451137542725e-01,3.319645524024963379e-01,3.820200264453887939e-01,2.942682504653930664e-01,5.497328639030456543e-01,5.015523433685302734e-01,4.189736545085906982e-01,4.378730952739715576e-01,5.327795743942260742e-01,4.298367202281951904e-01,6.015298366546630859e-01,4.525853693485260010e-01,5.365664139389991760e-02,8.941309899091720581e-02,2.231774032115936279e-01,2.055650800466537476e-01,2.124411910772323608e-01,9.827999025583267212e-02,9.519550949335098267e-02,-5.562746524810791016e-02,4.284003973007202148e-01,4.142250418663024902e-01,5.557375550270080566e-01,4.826653897762298584e-01,2.037005573511123657e-01,1.678344309329986572e-01,5.408628582954406738e-01,5.132226943969726562e-01,1.982134282588958740e-01,2.087800353765487671e-01,3.760387003421783447e-01,3.678997457027435303e-01,4.459148049354553223e-01,3.528624475002288818e-01,3.603668212890625000e-01,2.769964635372161865e-01,-8.344381302595138550e-02,-1.161234080791473389e-01,-7.681059092283248901e-02,-2.221341431140899658e-01,4.686882793903350830e-01,3.779838383197784424e-01,3.042592406272888184e-01,1.729594469070434570e-01,2.833341956138610840e-01,2.512899935245513916e-01,2.371481060981750488e-01,1.376433372497558594e-01,2.300713807344436646e-01,1.970559954643249512e-01,-3.305555880069732666e-01,-2.860849201679229736e-01,-2.280919849872589111e-01,3.217092156410217285e-01,2.503872811794281006e-01,2.353134453296661377e-01,1.523946225643157959e-01,9.710809588432312012e-02
2.331430315971374512e-01,1.044528260827064514e-01,6.587862968444824219e-02,2.446794956922531128e-01,1.000000119209289551e+00,6.151296496391296387e-01,3.592558205127716064e-02,1.887569427490234375e-01,3.914646804332733154e-01,4.791034162044525146e-01,3.323103189468383789e-01,2.029155194759368896e-01,-1.067593768239021301e-01,1.252279430627822876e-01,4.086622893810272217e-01,3.801428973674774170e-01,9.530945122241973877e-02,1.381121724843978882e-01,1.364260017871856689e-01,1.727861464023590088e-01,2.013480961322784424e-01,9.919720701873302460e-03,1.256378442049026489e-01,1.528690904378890991e-01,4.756732285022735596e-01,5.525321960449218750e-01,6.734240055084228516e-01,5.510222911834716797e-01,2.185979336500167847e-01,1.483670324087142944e-01,1.717730164527893066e-01,3.321103751659393311e-01,8.411268889904022217e-02,8.157282322645187378e-02,-5.464933346956968307e-03,-1.875760257244110107e-01,2.104289978742599487e-01,1.917515397071838379e-01,2.953196167945861816e-01,4.203737080097198486e-01,6.992609798908233643e-02,1.699545420706272125e-02,2.294110357761383057e-01,1.287604868412017822e-01,2.931999564170837402e-01,1.890027523040771484e-01,1.013427078723907471e-01,-1.367233544588088989e-01,2.008441090583801270e-01,1.328377127647399902e-01,2.786290645599365234e-01,1.016424968838691711e-01,3.012412190437316895e-01,8.269904553890228271e-02,4.302140474319458008e-01,3.752422332763671875e-01,2.476578801870346069e-01,2.038519233465194702e-01,2.205753475427627563e-01,1.740364581346511841e-01,2.879270911216735840e-01,1.090879589319229126e-01,2.688018381595611572e-01,1.943154036998748779e-01,2.882064580917358398e-01,2.121509313583374023e-01,3.174708783626556396e-01,2.167331576347351074e-01,1.996325254440307617e-01,5.370055139064788818e-02,2.143931947648525238e-02,-1.370250731706619263e-01,1.787097752094268799e-01,2.391433119773864746e-01,3.422403633594512939e-01,1.987218260765075684e-01,5.524637177586555481e-02,7.704177498817443848e-02,1.480237692594528198e-01,1.519721001386642456e-01,3.370645642280578613e-01,2.155123949050903320e-01,1.923500597476959229e-01,6.397839635610580444e-02,3.524698913097381592e-01,1.777315884828567505e-01,1.610242277383804321e-01,8.843194693326950073e-02,4.763121902942657471e-01,2.456681877374649048e-01,2.660883367061614990e-01,5.093155056238174438e-02,2.036864608526229858e-01,7.466625422239303589e-02,6.929057650268077850e-03,6.977932900190353394e-02,-5.340449884533882141e-02,-5.148920416831970215e-02,1.643000990152359009e-01,1.365549713373184204e-01,2.691604495048522949e-01,2.758769318461418152e-02,1.957509368658065796e-01,1.303241699934005737e-01,1.583359539508819580e-01,9.238509833812713623e-02,2.487482875585556030e-01,2.417439669370651245e-01,-9.934997558593750000e-02,-1.663983464241027832e-01,-1.550693660974502563e-01,-9.524296969175338745e-02,4.551925137639045715e-02,2.583639025688171387e-01,1.226699352264404297e-01,1.998033747076988220e-02
1.767828315496444702e-01,7.696854323148727417e-02,-2.079088473692536354e-03,1.648019403219223022e-01,6.151296496391296387e-01,9.999995827674865723e-01,-6.981468945741653442e-02,1.431363970041275024e-01,2.166508734226226807e-01,3.764663934707641602e-01,2.899782359600067139e-01,2.010192275047302246e-01,-2.030125260353088379e-01,-1.363425049930810928e-02,3.307480216026306152e-01,3.547567725181579590e-01,1.213760487735271454e-02,1.911882162094116211e-01,4.684605076909065247e-02,6.895341724157333374e-02,1.793148964643478394e-01,5.340185016393661499e-02,8.422039449214935303e-02,1.208384484052658081e-01,4.779581427574157715e-01,5.591736435890197754e-01,5.096282958984375000e-01,5.235965847969055176e-01,1.738337576389312744e-01,1.592321246862411499e-01,7.212270982563495636e-03,1.154485568404197693e-01,2.946694614365696907e-03,-1.442873943597078323e-02,3.886463353410363197e-03,-1.898356378078460693e-01,2.655631601810455322e-01,2.051046639680862427e-01,1.608121991157531738e-01,3.794443607330322266e-01,1.416155248880386353e-01,1.625878363847732544e-01,3.491005003452301025e-01,2.431531995534896851e-01,3.739033937454223633e-01,2.863786220550537109e-01,1.441200077533721924e-01,-1.135633140802383423e-01,2.714702785015106201e-01,2.124187499284744263e-01,3.453768193721771240e-01,1.896470040082931519e-01,3.569814264774322510e-01,1.374316811561584473e-01,4.654152989387512207e-01,2.858957946300506592e-01,2.314250618219375610e-01,2.478131204843521118e-01,3.382632136344909668e-01,2.710706293582916260e-01,3.904346823692321777e-01,2.354367971420288086e-01,2.740931510925292969e-01,1.983493119478225708e-01,3.867480456829071045e-01,2.836079001426696777e-01,3.272944986820220947e-01,2.926021516323089600e-01,9.156435728073120117e-02,4.183226451277732849e-02,5.988687276840209961e-02,-1.102847903966903687e-01,1.505661010742187500e-01,2.574079632759094238e-01,2.991459965705871582e-01,2.842749357223510742e-01,9.609069675207138062e-02,1.116410642862319946e-01,1.380979567766189575e-01,3.335156664252281189e-02,2.585715949535369873e-01,1.651725471019744873e-01,2.425886988639831543e-01,1.128650307655334473e-01,3.072621822357177734e-01,1.936467587947845459e-01,1.182688027620315552e-01,1.265314221382141113e-01,4.110473692417144775e-01,1.690501421689987183e-01,2.893064320087432861e-01,1.001827269792556763e-01,2.098567187786102295e-01,1.409102231264114380e-01,-3.491499926894903183e-03,9.671290963888168335e-02,-1.503120809793472290e-01,-1.081415265798568726e-01,1.186222285032272339e-01,1.173810213804244995e-01,2.436101287603378296e-01,5.044799298048019409e-02,1.734368652105331421e-01,1.013032421469688416e-01,1.795894801616668701e-01,1.310051679611206055e-01,2.199462056159973145e-01,1.204948499798774719e-01,-5.939509719610214233e-02,-2.144413441419601440e-01,-2.016781270503997803e-01,-6.376691907644271851e-02,-7.680958951823413372e-04,2.258431911468505859e-01,1.587583571672439575e-01,4.198018833994865417e-02
5.547409653663635254e-01,2.611900269985198975e-01,7.326081991195678711e-01,6.231884360313415527e-01,3.592558205127716064e-02,-6.981468945741653442e-02,1.000000119209289551e+00,6.139364242553710938e-01,3.891330659389495850e-01,1.711667478084564209e-01,4.847852587699890137e-01,2.561531066894531250e-01,6.667652726173400879e-01,3.395265042781829834e-01,9.462316334247589111e-02,3.589010564610362053e-03,3.660671412944793701e-01,2.606302201747894287e-01,5.113689303398132324e-01,5.472684502601623535e-01,-1.404805779457092285e-01,-1.209724321961402893e-02,5.690567493438720703e-01,6.149181127548217773e-01,6.513973325490951538e-02,5.100576579570770264e-02,7.324759662151336670e-02,6.008876860141754150e-02,4.770387411117553711e-01,3.409602642059326172e-01,3.171565234661102295e-01,2.806069254875183105e-01,3.633501231670379639e-01,4.053607285022735596e-01,2.740454077720642090e-01,6.317354738712310791e-02,1.891665309667587280e-01,1.353533715009689331e-01,1.824706345796585083e-01,-8.320035785436630249e-02,4.725657775998115540e-02,-1.364004611968994141e-01,3.566288948059082031e-02,1.198507696390151978e-01,1.602959632873535156e-01,1.116649582982063293e-01,2.962201237678527832e-01,1.107521876692771912e-01,9.601841121912002563e-02,9.498934447765350342e-02,1.017198115587234497e-01,1.335282623767852783e-01,1.530790030956268311e-01,2.251382917165756226e-01,1.215060651302337646e-01,3.633128106594085693e-02,2.966192662715911865e-01,2.332313060760498047e-01,1.027373149991035461e-01,1.216455101966857910e-01,1.593938469886779785e-01,5.376604571938514709e-02,3.495366871356964111e-01,2.289936393499374390e-01,2.318206876516342163e-01,1.934774816036224365e-01,2.691376209259033203e-01,2.048321366310119629e-01,3.634494543075561523e-01,2.790479660034179688e-01,-4.825276322662830353e-03,1.331941932439804077e-01,1.562905311584472656e-01,8.777390420436859131e-02,2.672512829303741455e-02,-4.672311991453170776e-02,1.534926742315292358e-01,6.455972790718078613e-02,2.464185953140258789e-01,2.568830847740173340e-01,3.413911461830139160e-01,2.405236959457397461e-01,6.128804385662078857e-02,4.939095675945281982e-02,2.919181585311889648e-01,2.017949074506759644e-01,1.768607050180435181e-01,1.637348383665084839e-01,1.394825428724288940e-01,8.955999463796615601e-02,1.832656264305114746e-01,1.285158842802047729e-01,1.039439588785171509e-01,5.503077059984207153e-02,5.989159643650054932e-02,-3.456798195838928223e-02,1.640076190233230591e-01,5.406748130917549133e-02,3.870780169963836670e-01,2.592166066169738770e-01,8.256380259990692139e-02,9.459603577852249146e-02,1.021324321627616882e-01,1.590723544359207153e-01,5.845587328076362610e-02,-3.076660446822643280e-02,5.824654176831245422e-02,3.246982395648956299e-02,-9.920787066221237183e-02,-9.279116988182067871e-03,4.170604795217514038e-02,3.086580038070678711e-01,1.898364424705505371e-01,1.262343823909759521e-01,7.330632954835891724e-02,-2.428055740892887115e-03
5.614026188850402832e-01,3.891201913356781006e-01,6.842402219772338867e-01,7.872217893600463867e-01,1.887569427490234375e-01,1.431363970041275024e-01,6.139364242553710938e-01,1.000000476837158203e+00,4.664148390293121338e-01,4.503408670425415039e-01,5.698786973953247070e-01,4.967164993286132812e-01,4.883032143115997314e-01,4.899088740348815918e-01,1.083586812019348145e-01,2.899155914783477783e-01,4.145466089248657227e-01,4.106497764587402344e-01,6.601126790046691895e-01,6.349977850914001465e-01,-4.468838870525360107e-02,-4.164182022213935852e-02,6.640545725822448730e-01,7.484992146492004395e-01,1.227890104055404663e-01,1.844997107982635498e-01,2.159003019332885742e-01,1.768622398376464844e-01,4.238986968994140625e-01,4.709359407424926758e-01,2.267913222312927246e-01,3.053294122219085693e-01,4.500210285186767578e-01,4.465624988079071045e-01,2.597251236438751221e-01,-9.699641168117523193e-02,2.663350999355316162e-01,1.693335175514221191e-01,2.884290814399719238e-01,-2.137332595884799957e-02,1.452793031930923462e-01,-2.008415013551712036e-02,2.176675051450729370e-01,2.303665876388549805e-01,2.784718871116638184e-01,2.142880558967590332e-01,3.687348365783691406e-01,2.328521572053432465e-02,2.365428954362869263e-01,2.024225145578384399e-01,2.930696904659271240e-01,2.201302051544189453e-01,4.145419001579284668e-01,3.707245588302612305e-01,2.498293966054916382e-01,1.064772233366966248e-01,4.460512697696685791e-01,4.532898664474487305e-01,2.490379661321640015e-01,2.646709084510803223e-01,3.169478476047515869e-01,2.734503746032714844e-01,5.037590265274047852e-01,4.937076568603515625e-01,3.444453179836273193e-01,3.814459443092346191e-01,4.515551924705505371e-01,3.382051587104797363e-01,5.347415804862976074e-01,4.019981920719146729e-01,7.947324961423873901e-02,1.476442366838455200e-01,1.754889935255050659e-01,2.015307098627090454e-01,1.614469140768051147e-01,9.055595099925994873e-02,6.452138721942901611e-02,-7.277508825063705444e-02,3.947398960590362549e-01,3.545890450477600098e-01,4.673042893409729004e-01,4.325048625469207764e-01,1.043571978807449341e-01,1.198312193155288696e-01,4.581449329853057861e-01,4.209357202053070068e-01,1.578439027070999146e-01,2.017250806093215942e-01,3.117524981498718262e-01,3.179753720760345459e-01,4.099142253398895264e-01,3.076816201210021973e-01,2.880811095237731934e-01,2.206698507070541382e-01,-9.408599883317947388e-02,-1.702886819839477539e-01,-6.037469953298568726e-02,-1.955723911523818970e-01,4.654709696769714355e-01,3.746618032455444336e-01,2.579843103885650635e-01,1.418109536170959473e-01,2.591114640235900879e-01,2.188769578933715820e-01,1.493677794933319092e-01,6.655944138765335083e-02,1.657562255859375000e-01,1.507098376750946045e-01,-3.156320750713348389e-01,-2.598219811916351318e-01,-1.627686172723770142e-01,3.127263784408569336e-01,1.875184029340744019e-01,1.760294735431671143e-01,1.167805194854736328e-01,7.919084280729293823e-02
3.470095992088317871e-01,3.400784432888031006e-01,4.031012058258056641e-01,4.731327891349792480e-01,3.914646804332733154e-01,2.166508734226226807e-01,3.891330659389495850e-01,4.664148390293121338e-01,9.999999403953552246e-01,5.069414973258972168e-01,4.952690303325653076e-01,3.844860196113586426e-01,4.268676936626434326e-01,4.268659055233001709e-01,4.695397615432739258e-01,3.091964721679687500e-01,3.792035579681396484e-01,2.385687828063964844e-01,4.392289519309997559e-01,4.214416742324829102e-01,4.564515873789787292e-02,-3.269764035940170288e-02,4.510070681571960449e-01,4.885991811752319336e-01,3.112648129463195801e-01,3.395775258541107178e-01,3.727522790431976318e-01,3.306441903114318848e-01,4.146228134632110596e-01,3.536748588085174561e-01,2.340378761291503906e-01,3.503753244876861572e-01,3.304094672203063965e-01,3.692655265331268311e-01,1.422551721334457397e-01,-7.723021507263183594e-02,2.324222773313522339e-01,2.894582152366638184e-01,3.345454633235931396e-01,1.172550022602081299e-01,1.601755172014236450e-01,2.223531343042850494e-02,2.288342863321304321e-01,2.696622014045715332e-01,2.497638016939163208e-01,1.927290409803390503e-01,3.534159958362579346e-01,7.992795854806900024e-02,1.991333812475204468e-01,2.065450549125671387e-01,2.467136681079864502e-01,2.385449111461639404e-01,3.598211407661437988e-01,2.936425209045410156e-01,2.318945080041885376e-01,1.760790199041366577e-01,3.899771571159362793e-01,3.593896031379699707e-01,2.116920948028564453e-01,2.120745629072189331e-01,2.899497449398040771e-01,2.172417342662811279e-01,4.442066848278045654e-01,4.410765171051025391e-01,2.663088142871856689e-01,2.730586230754852295e-01,4.419801831245422363e-01,3.506308794021606445e-01,4.548550844192504883e-01,4.347132742404937744e-01,8.657684177160263062e-02,8.773203939199447632e-02,2.696594595909118652e-01,2.670372724533081055e-01,2.531171441078186035e-01,1.151622757315635681e-01,3.659929707646369934e-02,-5.401336774230003357e-02,3.346623480319976807e-01,1.350685656070709229e-01,3.989509344100952148e-01,3.195908069610595703e-01,1.093346551060676575e-01,1.522068083286285400e-01,3.949300348758697510e-01,3.029523789882659912e-01,2.321654111146926880e-01,2.223525792360305786e-01,3.491281569004058838e-01,2.514085173606872559e-01,3.276551961898803711e-01,2.913372814655303955e-01,2.469579875469207764e-01,2.281997352838516235e-01,-7.821458578109741211e-02,-6.805652379989624023e-02,8.924710564315319061e-03,-1.045055389404296875e-01,3.244703710079193115e-01,3.109838366508483887e-01,3.508562445640563965e-01,2.704375088214874268e-01,3.353945612907409668e-01,3.485399484634399414e-01,2.092567682266235352e-01,1.206297203898429871e-01,2.096313834190368652e-01,2.991656363010406494e-01,-2.626712024211883545e-01,-1.885069310665130615e-01,-4.854813590645790100e-02,1.583293527364730835e-01,1.613850891590118408e-01,2.822948396205902100e-01,1.879981160163879395e-01,7.561189681291580200e-02
2.742187678813934326e-01,2.214663028717041016e-01,3.249127268791198730e-01,4.670463502407073975e-01,4.791034162044525146e-01,3.764663934707641602e-01,1.711667478084564209e-01,4.503408670425415039e-01,5.069414973258972168e-01,9.999998211860656738e-01,3.989170491695404053e-01,3.052884936332702637e-01,1.677010357379913330e-01,4.429023563861846924e-01,3.171844482421875000e-01,6.138471961021423340e-01,2.574285566806793213e-01,2.212263345718383789e-01,4.060391783714294434e-01,3.655413389205932617e-01,1.703793108463287354e-01,2.494661882519721985e-02,3.924860954284667969e-01,3.707020580768585205e-01,2.720318734645843506e-01,3.049296140670776367e-01,3.824712336063385010e-01,3.748759925365447998e-01,3.537558317184448242e-01,3.539264798164367676e-01,1.862123906612396240e-01,3.246252834796905518e-01,3.080133795738220215e-01,2.954912781715393066e-01,1.894712299108505249e-01,-1.084093302488327026e-01,2.450446933507919312e-01,2.786794006824493408e-01,3.306727707386016846e-01,2.380477488040924072e-01,1.978295445442199707e-01,5.751214921474456787e-02,2.719884812831878662e-01,1.929909884929656982e-01,2.673370540142059326e-01,1.990644633769989014e-01,3.089460134506225586e-01,3.566240891814231873e-02,2.457248568534851074e-01,1.318379789590835571e-01,3.238229453563690186e-01,1.111533045768737793e-01,4.121782481670379639e-01,2.470943927764892578e-01,3.042385578155517578e-01,2.497516423463821411e-01,3.749531507492065430e-01,3.040263354778289795e-01,3.323940336704254150e-01,2.238847017288208008e-01,3.318116962909698486e-01,2.036433368921279907e-01,3.991571068763732910e-01,3.812247514724731445e-01,3.512184619903564453e-01,2.889923155307769775e-01,4.652984142303466797e-01,3.757357001304626465e-01,4.688691198825836182e-01,3.202934265136718750e-01,1.346533149480819702e-01,1.040548458695411682e-01,2.520822584629058838e-01,2.995489537715911865e-01,3.227915763854980469e-01,1.813158243894577026e-01,1.052783802151679993e-01,-1.371274981647729874e-02,3.393107354640960693e-01,2.083676606416702271e-01,4.060346484184265137e-01,3.309192955493927002e-01,1.726582199335098267e-01,-2.321526035666465759e-02,4.231099188327789307e-01,3.131788372993469238e-01,1.512829512357711792e-01,4.078950732946395874e-02,3.385943472385406494e-01,2.770636975765228271e-01,3.665627539157867432e-01,2.177817523479461670e-01,3.011272251605987549e-01,1.775634139776229858e-01,-1.989555172622203827e-02,-2.774622663855552673e-02,-4.998660087585449219e-02,-1.198560446500778198e-01,3.334923088550567627e-01,3.126155138015747070e-01,3.171987235546112061e-01,6.554292887449264526e-02,2.694553136825561523e-01,1.460372954607009888e-01,1.715006828308105469e-01,1.024182289838790894e-01,2.588768601417541504e-01,3.340069651603698730e-01,-2.031862586736679077e-01,-2.039007544517517090e-01,-1.194913238286972046e-01,1.215061843395233154e-01,1.303440183401107788e-01,2.145437747240066528e-01,1.314914375543594360e-01,1.110116615891456604e-01
6.293981075286865234e-01,4.284199476242065430e-01,4.684760570526123047e-01,6.086595654487609863e-01,3.323103189468383789e-01,2.899782359600067139e-01,4.847852587699890137e-01,5.698786973953247070e-01,4.952690303325653076e-01,3.989170491695404053e-01,1.000000476837158203e+00,5.227916240692138672e-01,4.018052220344543457e-01,4.082841873168945312e-01,2.736619710922241211e-01,2.448668181896209717e-01,3.829467296600341797e-01,3.346576392650604248e-01,4.721836745738983154e-01,5.061023235321044922e-01,5.571349710226058960e-02,-2.767685428261756897e-02,4.638240635395050049e-01,5.507972240447998047e-01,2.836154699325561523e-01,3.307570219039916992e-01,3.896173834800720215e-01,3.568859100341796875e-01,5.082726478576660156e-01,4.551122784614562988e-01,1.851887553930282593e-01,2.194017171859741211e-01,4.140059649944305420e-01,3.672219216823577881e-01,1.705384999513626099e-01,-1.826615482568740845e-01,3.374697566032409668e-01,2.623094022274017334e-01,3.210011720657348633e-01,2.136269509792327881e-01,2.640353143215179443e-01,3.084503486752510071e-02,2.791260480880737305e-01,1.955178081989288330e-01,3.371885120868682861e-01,2.682868242263793945e-01,3.008024096488952637e-01,-1.031167954206466675e-01,2.396908402442932129e-01,2.406216412782669067e-01,4.270657002925872803e-01,2.417083084583282471e-01,4.989352524280548096e-01,2.833259999752044678e-01,4.007712602615356445e-01,2.843720614910125732e-01,5.733359456062316895e-01,4.846966266632080078e-01,3.116357326507568359e-01,2.959097325801849365e-01,4.744693636894226074e-01,2.899492084980010986e-01,5.647443532943725586e-01,4.625572860240936279e-01,4.254736304283142090e-01,3.646616637706756592e-01,5.176711678504943848e-01,3.961154222488403320e-01,5.068859457969665527e-01,4.453886449337005615e-01,5.143252387642860413e-02,8.297998458147048950e-03,3.121284842491149902e-01,2.575342357158660889e-01,3.296285867691040039e-01,1.629498004913330078e-01,8.505842089653015137e-02,-1.353485323488712311e-02,3.714948594570159912e-01,2.479210793972015381e-01,5.304057002067565918e-01,3.887039124965667725e-01,2.326045036315917969e-01,2.119469195604324341e-01,5.698968172073364258e-01,4.301418662071228027e-01,2.259642928838729858e-01,1.937624514102935791e-01,4.531814754009246826e-01,2.629741430282592773e-01,4.946106672286987305e-01,2.608588039875030518e-01,3.560413718223571777e-01,1.814253032207489014e-01,-4.282423108816146851e-02,-8.010548353195190430e-02,-7.479909062385559082e-02,-2.080947458744049072e-01,3.773360848426818848e-01,2.509834468364715576e-01,4.032691717147827148e-01,1.706634908914566040e-01,3.735155463218688965e-01,2.454502284526824951e-01,3.062604963779449463e-01,1.517405062913894653e-01,2.719186544418334961e-01,2.353296577930450439e-01,-2.713882029056549072e-01,-2.714937329292297363e-01,-2.138687074184417725e-01,1.908043026924133301e-01,1.156668663024902344e-01,2.606617212295532227e-01,2.989267706871032715e-01,8.863043040037155151e-02
4.532866775989532471e-01,5.662646293640136719e-01,3.595236837863922119e-01,5.182391405105590820e-01,2.029155194759368896e-01,2.010192275047302246e-01,2.561531066894531250e-01,4.967164993286132812e-01,3.844860196113586426e-01,3.052884936332702637e-01,5.227916240692138672e-01,9.999997019767761230e-01,2.653967440128326416e-01,4.218780994415283203e-01,2.320257276296615601e-01,2.702291309833526611e-01,3.721158504486083984e-01,4.823415279388427734e-01,3.627711832523345947e-01,3.767009973526000977e-01,-1.281356066465377808e-02,-8.964346721768379211e-03,3.588284552097320557e-01,4.608774781227111816e-01,2.521100044250488281e-01,3.316580057144165039e-01,2.368362545967102051e-01,2.436339408159255981e-01,3.065301775932312012e-01,5.700916647911071777e-01,1.109526380896568298e-01,1.697484403848648071e-01,4.002760350704193115e-01,3.577984869480133057e-01,1.471786946058273315e-01,-1.531183272600173950e-01,3.178469240665435791e-01,3.026695251464843750e-01,3.576803207397460938e-01,2.180119305849075317e-01,1.654070168733596802e-01,7.502225786447525024e-02,4.466300606727600098e-01,3.641367554664611816e-01,4.263238608837127686e-01,4.443335533142089844e-01,3.117742538452148438e-01,-1.501203398220241070e-03,3.638755977153778076e-01,4.905276298522949219e-01,4.288937151432037354e-01,4.477474987506866455e-01,5.054817795753479004e-01,3.159171342849731445e-01,3.946778774261474609e-01,2.632694840431213379e-01,4.845778942108154297e-01,6.492053270339965820e-01,3.981333971023559570e-01,4.165016412734985352e-01,4.823344945907592773e-01,5.248661637306213379e-01,4.541302621364593506e-01,5.656538605690002441e-01,4.368467032909393311e-01,4.808775484561920166e-01,5.690412521362304688e-01,4.670253992080688477e-01,4.161091744899749756e-01,4.661096334457397461e-01,-7.388461381196975708e-02,-4.119976237416267395e-02,1.952918022871017456e-01,2.761867940425872803e-01,1.987886875867843628e-01,1.394152492284774780e-01,-2.646825835108757019e-02,-4.187003895640373230e-02,3.684630393981933594e-01,2.177486121654510498e-01,4.856027960777282715e-01,4.403532147407531738e-01,2.767841219902038574e-01,4.622884690761566162e-01,5.290091037750244141e-01,5.768228173255920410e-01,2.071589827537536621e-01,3.469847142696380615e-01,3.688471913337707520e-01,3.681955635547637939e-01,4.872240126132965088e-01,4.811008870601654053e-01,3.905837833881378174e-01,4.599672853946685791e-01,-6.763391941785812378e-02,-4.331932589411735535e-02,-9.672445803880691528e-02,-2.158206403255462646e-01,3.178922832012176514e-01,3.248236477375030518e-01,3.741209208965301514e-01,3.829700648784637451e-01,3.714620172977447510e-01,4.149309396743774414e-01,2.675826549530029297e-01,2.029675394296646118e-01,2.246479988098144531e-01,2.979475855827331543e-01,-2.466970980167388916e-01,-2.410395294427871704e-01,-2.570493817329406738e-01,2.209861725568771362e-01,2.056632190942764282e-01,2.090072333812713623e-01,1.684534847736358643e-01,9.269408136606216431e-02
4.278004765510559082e-01,2.670021355152130127e-01,5.630322098731994629e-01,4.952615201473236084e-01,-1.067593768239021301e-01,-2.030125260353088379e-01,6.667652726173400879e-01,4.883032143115997314e-01,4.268676936626434326e-01,1.677010357379913330e-01,4.018052220344543457e-01,2.653967440128326416e-01,9.999998211860656738e-01,4.156993329524993896e-01,1.730716973543167114e-01,-3.394929924979805946e-03,4.110760092735290527e-01,1.956191956996917725e-01,4.865185022354125977e-01,4.899480342864990234e-01,-1.222022622823715210e-01,-9.379399009048938751e-03,4.857563376426696777e-01,5.269275903701782227e-01,-3.420981392264366150e-02,-5.692218616604804993e-02,-7.816100120544433594e-02,4.976763390004634857e-03,4.624933302402496338e-01,3.391194045543670654e-01,3.202437758445739746e-01,2.228068560361862183e-01,3.936342000961303711e-01,3.814390003681182861e-01,2.956801354885101318e-01,9.307880699634552002e-02,1.006273329257965088e-01,8.476182818412780762e-02,1.189537271857261658e-01,-1.975195705890655518e-01,9.656856767833232880e-03,-1.333212405443191528e-01,5.114445835351943970e-02,1.371989101171493530e-01,1.047714352607727051e-01,1.108270213007926941e-01,3.154340982437133789e-01,1.573971360921859741e-01,1.262736469507217407e-01,1.391046494245529175e-01,1.176544874906539917e-01,1.424311399459838867e-01,1.867742240428924561e-01,2.515107095241546631e-01,-4.923162609338760376e-02,-1.003394797444343567e-01,3.176530897617340088e-01,2.179076075553894043e-01,5.573919415473937988e-02,1.130535677075386047e-01,1.520482152700424194e-01,1.003042533993721008e-01,3.401234745979309082e-01,2.582908272743225098e-01,1.373596936464309692e-01,1.588270515203475952e-01,2.767780125141143799e-01,2.234759330749511719e-01,4.195210635662078857e-01,3.565045297145843506e-01,2.314442209899425507e-02,1.833481937646865845e-01,1.206475794315338135e-01,3.818642115220427513e-03,-7.225286215543746948e-02,-1.325119435787200928e-01,9.727463126182556152e-02,-2.642913535237312317e-02,2.515047788619995117e-01,1.632724404335021973e-01,2.526556551456451416e-01,1.683759391307830811e-01,1.480324119329452515e-01,1.630379110574722290e-01,2.292625606060028076e-01,1.778592914342880249e-01,3.056044876575469971e-01,2.443534284830093384e-01,4.567361250519752502e-02,4.290492460131645203e-02,2.103462964296340942e-01,1.839828491210937500e-01,1.608418077230453491e-01,1.349474638700485229e-01,1.440941821783781052e-02,-8.737900853157043457e-02,1.442192643880844116e-01,4.881265573203563690e-03,3.290979564189910889e-01,1.975982934236526489e-01,1.636051833629608154e-01,2.366731464862823486e-01,2.025929093360900879e-01,2.724918425083160400e-01,3.603223338723182678e-02,-4.672965034842491150e-02,5.128647387027740479e-02,4.964788258075714111e-02,-1.383371651172637939e-01,-1.494587212800979614e-02,4.260383546352386475e-02,3.559687733650207520e-01,1.948536634445190430e-01,2.832229621708393097e-02,1.102509349584579468e-02,3.980248793959617615e-02
