9.999997615814208984e-01,3.592464923858642578e-01,5.274708867073059082e-01,4.128468334674835205e-01,-2.495887456461787224e-03,4.780770465731620789e-02,4.335058927536010742e-01,3.749924600124359131e-01,1.268046498298645020e-01,1.853539049625396729e-01,4.878413677215576172e-01,2.633230090141296387e-01,4.676198065280914307e-01,3.654800355434417725e-01,2.051979005336761475e-01,1.439196914434432983e-01,2.352709174156188965e-01,8.098999410867691040e-02,4.354426264762878418e-01,4.683270156383514404e-01,2.190689146518707275e-01,2.501284331083297729e-02,3.537698881700634956e-03,1.940276175737380981e-01,1.076522320508956909e-01,5.954737216234207153e-02,8.104962855577468872e-02,1.114726141095161438e-01,4.142871797084808350e-01,2.216682732105255127e-01,1.004033163189888000e-01,1.873293966054916382e-01,4.312127232551574707e-01,3.214187026023864746e-01,2.412353903055191040e-01,2.301837652921676636e-01,1.929544806480407715e-01,9.726607799530029297e-02,1.250266730785369873e-01,2.285198681056499481e-02,2.530116140842437744e-01,1.787960231304168701e-01,1.440004259347915649e-01,-3.635517135262489319e-02,1.211578957736492157e-02,-5.447822064161300659e-02,5.135675519704818726e-02,4.079468548297882080e-02,2.402345389127731323e-01,1.612217426300048828e-01,3.191971480846405029e-01,5.048907920718193054e-02,2.519238293170928955e-01,-8.849579840898513794e-02,7.256863173097372055e-03,-4.596107825636863708e-02,6.476565003395080566e-01,2.635920643806457520e-01,3.295047283172607422e-01,1.934478878974914551e-01,4.705903530120849609e-01,1.983204483985900879e-01,3.257025778293609619e-01,7.947462052106857300e-02,3.420825302600860596e-01,1.121264696121215820e-01,2.164584100246429443e-01,1.846795976161956787e-01,5.870983004570007324e-01,3.144215047359466553e-01,1.256139576435089111e-01,5.780749022960662842e-02,3.269900679588317871e-01,2.944260239601135254e-01,2.842782437801361084e-01,1.395518630743026733e-01,2.808631360530853271e-01,3.297449350357055664e-01,1.452206224203109741e-01,-8.152756839990615845e-02,2.985246777534484863e-01,-3.685288503766059875e-02,4.425216913223266602e-01,2.624292969703674316e-01,2.876276969909667969e-01,7.716931402683258057e-03,2.500973939895629883e-01,1.390200946480035782e-02,-3.284633392468094826e-03,-1.794969290494918823e-01,2.077148407697677612e-01,-3.156411647796630859e-02,2.701479494571685791e-01,-6.567450612783432007e-02,2.329649180173873901e-01,1.790091097354888916e-01,2.081572562456130981e-01,2.625738084316253662e-01,2.108473032712936401e-01,1.585623025894165039e-01,2.450672835111618042e-01,-1.441995054483413696e-01,2.137930095195770264e-01,-1.525100469589233398e-01,2.752698361873626709e-01,3.215635716915130615e-01,3.714694827795028687e-02,9.720129519701004028e-02,3.797137737274169922e-01,-7.191712502390146255e-03,8.445950597524642944e-02,1.339375078678131104e-01,1.978270113468170166e-01,1.952598690986633301e-01,9.918919205665588379e-02,2.775930613279342651e-02
3.592464923858642578e-01,9.999995827674865723e-01,9.607354551553726196e-02,2.076661139726638794e-01,1.509100049734115601e-01,2.699994742870330811e-01,-1.939152739942073822e-02,1.526681929826736450e-01,2.717456817626953125e-01,2.248214483261108398e-01,2.185491025447845459e-01,4.813534617424011230e-01,5.064582079648971558e-02,4.965126514434814453e-01,2.840992510318756104e-01,3.045528829097747803e-01,2.755621075630187988e-01,5.239533782005310059e-01,1.048876717686653137e-01,3.604086041450500488e-01,1.191243156790733337e-01,6.999018043279647827e-02,-7.276745885610580444e-02,2.274615913629531860e-01,1.890793070197105408e-02,3.434030339121818542e-02,2.559328675270080566e-01,3.277001976966857910e-01,2.089850157499313354e-01,3.640740513801574707e-01,6.722136586904525757e-02,8.240502327680587769e-02,4.732659459114074707e-01,5.150061845779418945e-01,2.192440778017044067e-01,2.026028335094451904e-01,1.841381490230560303e-01,2.569364011287689209e-01,3.012336194515228271e-01,2.373519241809844971e-01,1.215649545192718506e-01,1.713021546602249146e-01,3.746854066848754883e-01,1.966452151536941528e-01,1.304100751876831055e-01,2.945261597633361816e-01,3.069514334201812744e-01,3.671379983425140381e-01,3.967217206954956055e-01,4.493649899959564209e-01,5.210196375846862793e-01,5.600281357765197754e-01,4.640409946441650391e-01,2.873487472534179688e-01,1.964622437953948975e-01,2.797999680042266846e-01,5.203934907913208008e-01,7.172276973724365234e-01,3.164875507354736328e-01,3.814266026020050049e-01,4.189851880073547363e-01,4.519737064838409424e-01,1.672966331243515015e-01,4.408327341079711914e-01,2.689513862133026123e-01,2.963085770606994629e-01,2.026602476835250854e-01,2.348458319902420044e-01,4.060085713863372803e-01,4.136220216751098633e-01,-8.749978989362716675e-02,-3.320025280117988586e-02,1.344941705465316772e-01,3.163282275199890137e-01,1.680384278297424316e-01,1.563352048397064209e-01,1.884934008121490479e-01,2.605618536472320557e-01,2.087702602148056030e-01,4.468431323766708374e-02,2.600292563438415527e-01,3.996143341064453125e-01,6.548554450273513794e-02,4.639987349510192871e-01,3.055227696895599365e-01,3.818435668945312500e-01,9.513985365629196167e-02,2.962259054183959961e-01,1.642460376024246216e-01,3.548854887485504150e-01,2.528160810470581055e-01,3.921172618865966797e-01,3.637999296188354492e-01,3.797329068183898926e-01,9.527809172868728638e-02,1.659546643495559692e-01,2.987646758556365967e-01,3.212744295597076416e-01,2.994590997695922852e-01,3.199641704559326172e-01,2.786239087581634521e-01,2.753685116767883301e-01,1.828610152006149292e-01,2.785455286502838135e-01,-3.516926430165767670e-03,1.365658640861511230e-01,-6.537489593029022217e-02,3.420896232128143311e-01,6.058492511510848999e-02,-3.427355363965034485e-02,1.248054951429367065e-01,2.039878368377685547e-01,3.375773727893829346e-01,2.961716949939727783e-01,2.091333568096160889e-01,-7.860257476568222046e-02
5.274708867073059082e-01,9.607354551553726196e-02,1.000000357627868652e+00,6.345815062522888184e-01,-4.482046514749526978e-02,-1.672807894647121429e-02,6.922858357429504395e-01,4.918121993541717529e-01,2.041613310575485229e-01,2.369105070829391479e-01,2.488893121480941772e-01,1.139127686619758606e-01,4.595186114311218262e-01,2.727907896041870117e-01,1.708571761846542358e-01,1.467016488313674927e-01,1.700141131877899170e-01,4.268557950854301453e-02,4.890933930873870850e-01,4.259987473487854004e-01,1.679150164127349854e-01,4.182250425219535828e-02,2.350621074438095093e-01,3.433190882205963135e-01,2.134701758623123169e-01,8.885483443737030029e-02,-1.060068327933549881e-02,-3.182887285947799683e-02,3.810045123100280762e-01,1.652491092681884766e-01,1.411767303943634033e-01,2.687709927558898926e-01,3.016510009765625000e-01,2.803528606891632080e-01,1.769157052040100098e-01,1.636224389076232910e-01,1.552450656890869141e-01,-3.432013839483261108e-02,8.056023716926574707e-02,-9.092132560908794403e-03,1.849525719881057739e-01,1.417075097560882568e-01,8.002508431673049927e-02,-1.884166896343231201e-02,6.397350132465362549e-02,-6.272576749324798584e-02,7.249725610017776489e-02,3.306285664439201355e-02,1.402236521244049072e-01,-4.779087379574775696e-03,1.092161014676094055e-01,-3.610012680292129517e-02,1.864153593778610229e-01,-7.896333932876586914e-02,6.139571592211723328e-02,-3.662045300006866455e-02,3.499040305614471436e-01,1.373299807310104370e-01,3.970015421509742737e-02,-2.004986070096492767e-02,1.476827710866928101e-01,5.411823466420173645e-02,5.542826652526855469e-02,-1.874528080224990845e-01,1.819896697998046875e-01,3.696263208985328674e-02,9.335763752460479736e-02,5.722442269325256348e-02,3.126740455627441406e-01,3.023041412234306335e-02,5.883747711777687073e-02,9.719064086675643921e-02,2.494132071733474731e-01,1.687501221895217896e-01,1.908106207847595215e-01,7.066115736961364746e-02,2.581697106361389160e-01,2.540477514266967773e-01,1.513577997684478760e-01,-4.655107110738754272e-02,1.503092944622039795e-01,-1.342668682336807251e-01,3.435086011886596680e-01,1.008334979414939880e-01,1.406165510416030884e-01,-5.776898935437202454e-02,3.017314374446868896e-01,1.231211330741643906e-02,1.327620074152946472e-02,-1.571579575538635254e-01,1.740853041410446167e-01,-8.328197896480560303e-02,1.736297309398651123e-01,-4.471773654222488403e-02,2.411115318536758423e-01,1.792324781417846680e-01,1.814490556716918945e-01,1.554322987794876099e-01,1.676934063434600830e-01,6.724236905574798584e-02,1.584034562110900879e-01,-3.612747415900230408e-02,2.132169306278228760e-01,-4.317691177129745483e-02,1.321782916784286499e-01,1.657538115978240967e-01,1.197496987879276276e-02,7.764136791229248047e-02,4.277795255184173584e-01,5.421409010887145996e-02,1.801539510488510132e-01,1.813940405845642090e-01,1.480607539415359497e-01,1.228737086057662964e-01,9.738740324974060059e-02,8.189307898283004761e-02
4.128468334674835205e-01,2.076661139726638794e-01,6.345815062522888184e-01,9.999995827674865723e-01,9.536467492580413818e-03,9.600085765123367310e-02,6.194543242454528809e-01,7.371843457221984863e-01,2.062004059553146362e-01,3.117396533489227295e-01,2.733369767665863037e-01,2.638613283634185791e-01,4.323105216026306152e-01,4.352560043334960938e-01,2.483145892620086670e-01,3.493594229221343994e-01,2.431662231683731079e-01,1.862677037715911865e-01,3.801178634166717529e-01,4.422426819801330566e-01,2.497324161231517792e-02,1.251834165304899216e-02,1.922442466020584106e-01,6.085042357444763184e-01,1.356483995914459229e-01,7.774118334054946899e-02,6.218856200575828552e-02,8.572956174612045288e-02,3.476454615592956543e-01,2.279568612575531006e-01,-1.693548634648323059e-02,1.828882694244384766e-01,1.957004964351654053e-01,2.332018613815307617e-01,-1.717258244752883911e-03,-6.416188925504684448e-02,6.269458681344985962e-02,-3.432122245430946350e-02,9.249237179756164551e-02,7.515810895711183548e-03,-5.893141403794288635e-02,-3.206027671694755554e-02,1.016845405101776123e-01,-2.180402353405952454e-02,1.568704694509506226e-01,3.160582110285758972e-02,9.741658717393875122e-02,-6.174593046307563782e-02,2.576301693916320801e-01,8.855988830327987671e-02,1.902732700109481812e-01,3.481848165392875671e-02,2.314545512199401855e-01,-1.758438795804977417e-01,1.730792522430419922e-01,-3.398311138153076172e-02,3.612499535083770752e-01,2.459506690502166748e-01,1.019326001405715942e-01,1.322935521602630615e-01,1.417889744043350220e-01,1.485403925180435181e-01,1.829463988542556763e-01,-2.499301731586456299e-02,2.488920539617538452e-01,1.714874804019927979e-01,1.002844423055648804e-01,4.504518210887908936e-02,2.905581891536712646e-01,9.162357449531555176e-02,-5.489860102534294128e-02,-1.900075189769268036e-02,1.123432740569114685e-01,7.102617621421813965e-02,5.113492161035537720e-02,6.580295413732528687e-02,1.095159500837326050e-01,9.734334796667098999e-02,6.000123545527458191e-02,-7.493350654840469360e-03,1.668411195278167725e-01,9.545551612973213196e-03,1.719361394643783569e-01,1.637188494205474854e-01,1.792382448911666870e-01,5.375051125884056091e-02,3.281581103801727295e-01,5.850131437182426453e-02,1.208085641264915466e-01,-6.326026469469070435e-02,2.790207266807556152e-01,-1.149075180292129517e-01,2.300255745649337769e-01,-4.691342636942863464e-02,1.690337061882019043e-01,1.047846302390098572e-01,9.469517320394515991e-02,-2.008682861924171448e-02,2.084835469722747803e-01,-6.993705034255981445e-02,1.637577861547470093e-01,6.090005394071340561e-03,1.811449676752090454e-01,7.021482288837432861e-02,-5.999390408396720886e-02,-2.710478566586971283e-02,-1.333871111273765564e-02,3.347565606236457825e-02,2.654058635234832764e-01,-1.278464589267969131e-02,7.225377485156059265e-03,3.964055702090263367e-02,9.246870130300521851e-02,2.799379266798496246e-02,5.819527804851531982e-02,8.199168741703033447e-02
-2.495887456461787224e-03,1.509100049734115601e-01,-4.482046514749526978e-02,9.536467492580413818e-03,1.000000119209289551e+00,6.036627292633056641e-01,-8.402752131223678589e-02,-1.410367712378501892e-02,2.465742230415344238e-01,1.518436372280120850e-01,1.069578453898429871e-01,1.668604463338851929e-01,8.146496862173080444e-02,1.048856899142265320e-01,1.838876456022262573e-01,1.496357768774032593e-01,2.858691811561584473e-01,3.035347461700439453e-01,3.630182519555091858e-02,1.060352176427841187e-01,4.662470519542694092e-02,5.004564672708511353e-02,4.703635722398757935e-02,1.124071702361106873e-01,3.871815204620361328e-01,3.453502058982849121e-01,4.280412793159484863e-01,4.416123032569885254e-01,1.822494715452194214e-01,3.104262948036193848e-01,4.577542468905448914e-02,6.519003957509994507e-02,1.599904000759124756e-01,1.823360770940780640e-01,-6.375948339700698853e-02,-8.526303805410861969e-03,2.005294710397720337e-02,2.056111693382263184e-01,2.147207856178283691e-01,2.395176738500595093e-01,1.868086308240890503e-02,1.971264332532882690e-01,6.173822283744812012e-02,7.472556829452514648e-02,8.944594115018844604e-02,1.262362748384475708e-01,1.164256706833839417e-01,1.961230933666229248e-01,5.560887232422828674e-02,1.669937968254089355e-01,1.861412660218775272e-03,9.037233889102935791e-02,-4.651231318712234497e-02,1.322695612907409668e-02,1.578248292207717896e-01,2.665021717548370361e-01,1.696495115756988525e-01,1.259519606828689575e-01,1.218260899186134338e-01,1.397713124752044678e-01,1.816331297159194946e-01,1.469834744930267334e-01,1.822572201490402222e-01,2.463524192571640015e-01,1.124286204576492310e-01,1.253531575202941895e-01,1.293274462223052979e-01,1.214969456195831299e-01,1.092676743865013123e-01,1.071490645408630371e-01,2.082053758203983307e-02,-7.090902887284755707e-03,1.613823175430297852e-01,3.289012610912322998e-01,8.779457956552505493e-02,1.743196398019790649e-01,4.277631640434265137e-02,8.698365092277526855e-02,1.945648938417434692e-01,3.702470660209655762e-01,1.887257099151611328e-01,2.755549252033233643e-01,-1.410584058612585068e-02,1.655975729227066040e-01,2.428369075059890747e-01,2.488709837198257446e-01,5.031030625104904175e-02,2.171245813369750977e-01,1.123259142041206360e-01,2.673836350440979004e-01,5.817807465791702271e-02,1.778963804244995117e-01,1.492705196142196655e-01,2.349141240119934082e-01,1.985061913728713989e-01,2.413005232810974121e-01,2.183639854192733765e-01,1.297732442617416382e-01,2.237387597560882568e-01,2.443624436855316162e-01,2.501918375492095947e-01,2.339271008968353271e-01,2.224132567644119263e-01,2.585799694061279297e-01,1.741961762309074402e-02,7.719944417476654053e-02,1.288036853075027466e-01,1.754377931356430054e-01,8.985278010368347168e-02,1.522941142320632935e-01,-6.739197671413421631e-02,-4.004772752523422241e-02,1.259572654962539673e-01,1.672242432832717896e-01,1.110488176345825195e-01,1.133212372660636902e-01
4.780770465731620789e-02,2.699994742870330811e-01,-1.672807894647121429e-02,9.600085765123367310e-02,6.036627292633056641e-01,9.999997019767761230e-01,-8.672385662794113159e-02,8.585149049758911133e-02,2.228222191333770752e-01,3.536286354064941406e-01,1.749152392148971558e-01,3.039540052413940430e-01,4.931284859776496887e-02,2.826733291149139404e-01,2.643045186996459961e-01,3.481950163841247559e-01,1.450767368078231812e-01,3.661662638187408447e-01,1.441900990903377533e-02,1.730635464191436768e-01,-7.957617938518524170e-02,2.498547546565532684e-02,1.101473346352577209e-02,1.708692759275436401e-01,2.502151131629943848e-01,2.893950343132019043e-01,4.152298271656036377e-01,5.648339986801147461e-01,1.272128969430923462e-01,3.456836938858032227e-01,-4.807757586240768433e-02,-1.094246469438076019e-02,1.500280648469924927e-01,1.710597872734069824e-01,-2.353820204734802246e-02,1.602736301720142365e-02,8.472570031881332397e-02,1.903225928544998169e-01,2.283557653427124023e-01,2.481316775083541870e-01,-9.385802596807479858e-02,1.449402719736099243e-01,1.713260114192962646e-01,1.624654829502105713e-01,1.674555689096450806e-01,2.140334099531173706e-01,2.143155336380004883e-01,1.736868768930435181e-01,2.589834332466125488e-01,2.864702939987182617e-01,1.638504862785339355e-01,2.100137770175933838e-01,1.386437863111495972e-01,-3.150273114442825317e-02,3.017369508743286133e-01,2.934364080429077148e-01,1.911440193653106689e-01,2.847397029399871826e-01,1.638105958700180054e-01,2.926512062549591064e-01,1.550799608230590820e-01,2.529032826423645020e-01,1.486977040767669678e-01,3.237113952636718750e-01,7.086050510406494141e-02,2.475285232067108154e-01,1.556086540222167969e-01,1.361981928348541260e-01,1.633747816085815430e-01,1.843465715646743774e-01,-1.218850612640380859e-01,-1.148142069578170776e-01,3.190249949693679810e-02,2.850724160671234131e-01,6.415510177612304688e-02,1.928894221782684326e-01,3.680173307657241821e-03,4.894870892167091370e-02,5.773324519395828247e-02,2.727995812892913818e-01,1.040767356753349304e-01,3.025801777839660645e-01,-5.429355055093765259e-02,2.235853672027587891e-01,2.691166400909423828e-01,3.029697239398956299e-01,1.429976057261228561e-02,2.070324122905731201e-01,2.044642120599746704e-01,2.787671983242034912e-01,1.991738528013229370e-01,7.892537862062454224e-02,1.514287739992141724e-01,1.437039077281951904e-01,6.757223606109619141e-02,1.549487113952636719e-01,1.583146005868911743e-01,2.970065549015998840e-02,2.282643467187881470e-01,1.153040975332260132e-01,2.298471182584762573e-01,2.232149094343185425e-01,1.502013653516769409e-01,2.485274821519851685e-01,-1.777171641588211060e-01,-1.073876768350601196e-01,3.599360585212707520e-02,1.958252042531967163e-01,4.074868932366371155e-02,1.387135405093431473e-02,-8.060296624898910522e-02,-8.261686563491821289e-02,3.350625932216644287e-02,1.186639890074729919e-01,1.266890168190002441e-01,7.364720106124877930e-02
4.335058927536010742e-01,-1.939152739942073822e-02,6.922858357429504395e-01,6.194543242454528809e-01,-8.402752131223678589e-02,-8.672385662794113159e-02,9.999999403953552246e-01,5.445929765701293945e-01,9.695908427238464355e-02,5.864007771015167236e-02,1.492309570312500000e-01,3.860734775662422180e-02,4.796353578567504883e-01,1.132091879844665527e-01,1.344107538461685181e-01,8.197989314794540405e-02,1.674876511096954346e-01,1.756423898041248322e-02,3.494845330715179443e-01,3.268859982490539551e-01,-9.810606949031352997e-03,-5.287761241197586060e-02,2.815081477165222168e-01,3.308199346065521240e-01,1.777842193841934204e-01,9.122273325920104980e-02,-4.727059602737426758e-02,-4.458569735288619995e-02,3.344798684120178223e-01,6.495050340890884399e-02,5.908229574561119080e-02,1.726271361112594604e-01,1.582738906145095825e-01,1.534335911273956299e-01,1.207862701267004013e-02,3.981646150350570679e-02,5.949808284640312195e-02,-8.345004171133041382e-02,-7.379708439111709595e-02,-6.737567484378814697e-02,7.066609710454940796e-02,-5.803982540965080261e-02,-4.043583944439888000e-02,-1.424238681793212891e-01,-2.123372256755828857e-02,-1.122167259454727173e-01,-5.098967999219894409e-02,-8.714091777801513672e-02,1.316900849342346191e-01,-7.547166943550109863e-02,4.865333810448646545e-02,-9.055544435977935791e-02,6.618151813745498657e-02,-1.701894849538803101e-01,-1.154216285794973373e-02,-9.376650303602218628e-02,2.045170217752456665e-01,-5.661352351307868958e-02,-2.710865996778011322e-02,-8.616407215595245361e-02,3.425402566790580750e-02,-1.147465854883193970e-01,2.723474800586700439e-02,-3.336170911788940430e-01,1.911829262971878052e-01,-3.991483151912689209e-02,-8.159259334206581116e-03,-4.656824842095375061e-02,1.305058449506759644e-01,-9.989973157644271851e-02,6.403031945228576660e-02,1.600309088826179504e-02,1.041558235883712769e-01,7.218934595584869385e-03,6.961065530776977539e-02,-5.946232005953788757e-02,7.193934172391891479e-02,8.488133549690246582e-02,5.630405619740486145e-02,-5.407761037349700928e-02,1.304161995649337769e-01,-1.825300455093383789e-01,1.733982712030410767e-01,3.391732228919863701e-03,2.957710251212120056e-02,-1.611716598272323608e-01,2.589108645915985107e-01,-4.596445709466934204e-02,-1.766524091362953186e-02,-1.877686977386474609e-01,6.753104925155639648e-02,-1.638479083776473999e-01,6.006438657641410828e-02,-6.123342737555503845e-02,1.684676855802536011e-01,1.291565597057342529e-01,1.002252474427223206e-01,6.044765561819076538e-02,8.868126571178436279e-02,-3.260064870119094849e-02,4.873405769467353821e-02,-5.251593515276908875e-02,9.498467296361923218e-02,-5.221705883741378784e-02,1.016246527433395386e-01,1.072440892457962036e-01,5.834018811583518982e-03,1.860671304166316986e-02,2.841296195983886719e-01,8.376390486955642700e-02,4.274940490722656250e-02,7.937708497047424316e-02,9.268932044506072998e-02,-2.394519560039043427e-02,6.237027421593666077e-02,1.196121647953987122e-01
3.749924600124359131e-01,1.526681929826736450e-01,4.918121993541717529e-01,7.371843457221984863e-01,-1.410367712378501892e-02,8.585149049758911133e-02,5.445929765701293945e-01,9.999998211860656738e-01,1.007595062255859375e-01,1.564237773418426514e-01,2.739397585391998291e-01,2.651576995849609375e-01,4.536482393741607666e-01,4.267933666706085205e-01,1.077524945139884949e-01,2.759717404842376709e-01,1.742087751626968384e-01,1.015857234597206116e-01,2.498231828212738037e-01,2.747456729412078857e-01,-6.605228036642074585e-02,-6.087350100278854370e-02,1.841621696949005127e-01,4.728903770446777344e-01,9.700700640678405762e-02,7.045080512762069702e-02,-2.195517532527446747e-02,5.630679801106452942e-02,3.229351937770843506e-01,1.766728758811950684e-01,-1.252321004867553711e-01,3.305098041892051697e-02,6.100045517086982727e-02,1.582765430212020874e-01,-4.239816218614578247e-02,-1.182736754417419434e-01,-7.086629420518875122e-02,-1.245470270514488220e-01,-4.046850278973579407e-02,-6.533577293157577515e-02,-5.266435071825981140e-02,-7.393632829189300537e-02,-3.651525452733039856e-02,-1.576911807060241699e-01,2.789883315563201904e-02,-7.603893429040908813e-02,-8.460463583469390869e-02,-1.331562995910644531e-01,1.292695105075836182e-01,-9.452892467379570007e-03,1.091530844569206238e-01,-6.593416631221771240e-02,1.184601858258247375e-01,-2.090793997049331665e-01,1.958994753658771515e-02,-1.136447638273239136e-01,2.125111371278762817e-01,1.303980201482772827e-01,4.010132700204849243e-02,4.256631806492805481e-02,1.547647565603256226e-01,1.540357433259487152e-02,1.604419797658920288e-01,-6.333055347204208374e-02,2.191971540451049805e-01,3.637040033936500549e-02,3.312599658966064453e-02,-1.234147138893604279e-02,2.202040255069732666e-01,7.309629768133163452e-02,-4.795359075069427490e-02,-3.275334462523460388e-02,7.496349513530731201e-02,4.626341164112091064e-02,3.213535621762275696e-02,-1.524406112730503082e-02,9.307134896516799927e-03,-1.511142775416374207e-02,-7.769252359867095947e-02,-9.891158342361450195e-02,9.098266065120697021e-02,-9.108526259660720825e-02,2.599313557147979736e-01,1.549006104469299316e-01,3.623495250940322876e-02,-6.057574972510337830e-02,2.907743155956268311e-01,-2.002411894500255585e-02,8.248547092080116272e-03,-1.561663001775741577e-01,1.878741532564163208e-01,-1.518153846263885498e-01,1.513643115758895874e-01,-7.023719698190689087e-02,8.359222114086151123e-02,4.702096804976463318e-02,-9.921802207827568054e-03,-1.242645308375358582e-01,1.050781458616256714e-01,-1.217614784836769104e-01,1.775343120098114014e-01,3.554662317037582397e-02,1.790482550859451294e-01,5.370195209980010986e-02,-3.914546221494674683e-02,-2.345028333365917206e-02,-7.857595384120941162e-02,-1.744219288229942322e-02,1.273721605539321899e-01,-1.008874736726284027e-02,5.561537668108940125e-02,1.811283268034458160e-02,-3.788649290800094604e-02,-2.774922549724578857e-02,1.069704294204711914e-01,1.300099343061447144e-01
1.268046498298645020e-01,2.717456817626953125e-01,2.041613310575485229e-01,2.062004059553146362e-01,2.465742230415344238e-01,2.228222191333770752e-01,9.695908427238464355e-02,1.007595062255859375e-01,1.000000119209289551e+00,5.512841939926147461e-01,1.479240655899047852e-01,1.896751224994659424e-01,2.155354768037796021e-01,3.258130252361297607e-01,5.394619107246398926e-01,4.380089044570922852e-01,2.257323563098907471e-01,2.335244119167327881e-01,8.362017571926116943e-02,2.655505239963531494e-01,1.176601946353912354e-01,2.333082072436809540e-02,1.170393750071525574e-01,3.163893818855285645e-01,2.918618619441986084e-01,2.609380185604095459e-01,3.002059161663055420e-01,2.755850553512573242e-01,2.860020995140075684e-01,3.727392554283142090e-01,8.427365869283676147e-02,2.051284015178680420e-01,2.893098592758178711e-01,3.060401082038879395e-01,9.385909885168075562e-02,1.135940477252006531e-01,1.599259972572326660e-01,1.971443295478820801e-01,2.653616070747375488e-01,1.433334201574325562e-01,-3.950369730591773987e-02,6.741166114807128906e-02,2.042247503995895386e-01,1.932047009468078613e-01,1.580396741628646851e-01,2.413511872291564941e-01,2.395300865173339844e-01,3.073293864727020264e-01,2.579692900180816650e-01,3.293142020702362061e-01,2.550109922885894775e-01,3.068292140960693359e-01,1.721120327711105347e-01,2.704482078552246094e-01,1.819329410791397095e-01,1.823958307504653931e-01,2.816078066825866699e-01,3.341456055641174316e-01,1.937945634126663208e-01,2.268557250499725342e-01,2.391451895236968994e-01,2.648397386074066162e-01,1.266817897558212280e-01,2.074321806430816650e-01,1.869509667158126831e-01,2.259565293788909912e-01,1.458490043878555298e-01,1.276691555976867676e-01,1.684181839227676392e-01,2.668208181858062744e-01,-1.040879711508750916e-01,2.194418385624885559e-02,1.775926202535629272e-01,2.573949396610260010e-01,1.185933873057365417e-01,9.601312875747680664e-02,1.054737642407417297e-01,1.845553964376449585e-01,2.376835495233535767e-01,1.550407707691192627e-01,1.920719742774963379e-01,2.323148101568222046e-01,-3.855518251657485962e-02,3.026142716407775879e-01,2.184091806411743164e-01,2.081909179687500000e-01,1.447239667177200317e-01,1.696553826332092285e-01,3.105675615370273590e-02,1.971292495727539062e-01,9.519314020872116089e-02,2.012872546911239624e-01,1.571924686431884766e-01,1.618987321853637695e-01,1.106587052345275879e-01,1.580947488546371460e-01,2.740530967712402344e-01,2.459255754947662354e-01,2.983769476413726807e-01,2.610419988632202148e-01,1.783171594142913818e-01,1.497185826301574707e-01,1.407807618379592896e-01,1.995791196823120117e-01,-1.241844613105058670e-02,6.823890656232833862e-02,2.154537104070186615e-02,1.465363502502441406e-01,3.189737796783447266e-01,3.545124828815460205e-02,2.258637398481369019e-01,2.105035334825515747e-01,1.935097426176071167e-01,2.348449379205703735e-01,4.136751219630241394e-02,-4.125532135367393494e-02
1.853539049625396729e-01,2.248214483261108398e-01,2.369105070829391479e-01,3.117396533489227295e-01,1.518436372280120850e-01,3.536286354064941406e-01,5.864007771015167236e-02,1.564237773418426514e-01,5.512841939926147461e-01,9.999994635581970215e-01,2.235841155052185059e-01,3.089812994003295898e-01,2.368758171796798706e-01,4.681083858013153076e-01,5.807317495346069336e-01,6.393263339996337891e-01,1.175140514969825745e-01,1.836529523134231567e-01,1.044704392552375793e-01,2.795331478118896484e-01,1.354540288448333740e-01,-1.195949502289295197e-02,-1.302243322134017944e-01,3.019644021987915039e-01,1.120575964450836182e-01,7.008636742830276489e-02,2.059167176485061646e-01,2.234038859605789185e-01,2.228370457887649536e-01,3.866292238235473633e-01,1.876402460038661957e-02,2.095475792884826660e-01,1.613694578409194946e-01,1.084552332758903503e-01,1.620697677135467529e-01,1.607249528169631958e-01,2.527522146701812744e-01,2.635426819324493408e-01,3.464415371417999268e-01,2.514483928680419922e-01,-9.766652435064315796e-02,8.708651363849639893e-02,3.337771296501159668e-01,2.841156423091888428e-01,3.362533450126647949e-01,3.161218762397766113e-01,3.419747352600097656e-01,1.702091991901397705e-01,4.371854662895202637e-01,4.074328839778900146e-01,3.287601470947265625e-01,2.598978579044342041e-01,2.919398844242095947e-01,6.448368728160858154e-02,3.685976564884185791e-01,2.713494896888732910e-01,2.955697774887084961e-01,4.233621954917907715e-01,3.658574521541595459e-01,4.713797569274902344e-01,2.128717899322509766e-01,4.007059335708618164e-01,1.511146575212478638e-01,3.202736377716064453e-01,1.936158239841461182e-01,4.450254142284393311e-01,3.244972825050354004e-01,2.579753100872039795e-01,2.745822072029113770e-01,3.225344121456146240e-01,-1.764952391386032104e-01,-6.732445210218429565e-02,8.645337820053100586e-02,2.444477230310440063e-01,1.132060363888740540e-01,1.431843787431716919e-01,1.000022664666175842e-01,1.802582889795303345e-01,1.988075375556945801e-01,1.507207602262496948e-01,1.520115286111831665e-01,2.439979463815689087e-01,4.346108529716730118e-03,2.721711099147796631e-01,3.258724808692932129e-01,3.229803442955017090e-01,1.366760581731796265e-01,1.555971652269363403e-01,2.060261517763137817e-01,1.957059055566787720e-01,2.722732126712799072e-01,7.015062868595123291e-02,1.766381412744522095e-01,-6.521617621183395386e-02,9.137538820505142212e-02,9.391532093286514282e-02,2.380533367395401001e-01,1.096459999680519104e-01,3.059121668338775635e-01,1.215429678559303284e-01,1.423601210117340088e-01,9.662453085184097290e-03,8.517210185527801514e-02,1.046610251069068909e-01,-1.285261809825897217e-01,-2.386928722262382507e-02,3.584838286042213440e-02,1.342480778694152832e-01,2.853578925132751465e-01,-1.796071976423263550e-02,1.333891749382019043e-01,1.452915519475936890e-01,6.913158297538757324e-02,2.351846992969512939e-01,1.378565132617950439e-01,-2.313117124140262604e-02
4.878413677215576172e-01,2.185491025447845459e-01,2.488893121480941772e-01,2.733369767665863037e-01,1.069578453898429871e-01,1.749152392148971558e-01,1.492309570312500000e-01,2.739397585391998291e-01,1.479240655899047852e-01,2.235841155052185059e-01,9.999997019767761230e-01,5.660594701766967773e-01,4.002697765827178955e-01,4.388302862644195557e-01,3.332337439060211182e-01,3.674099743366241455e-01,3.560829758644104004e-01,1.825495958328247070e-01,2.520431876182556152e-01,2.554453909397125244e-01,2.143279612064361572e-01,8.527637273073196411e-02,-1.395714133977890015e-01,1.984433680772781372e-01,-2.314675226807594299e-02,2.606439776718616486e-02,1.526917517185211182e-01,2.109001874923706055e-01,4.724153578281402588e-01,3.175308108329772949e-01,1.158391609787940979e-01,1.124394237995147705e-01,3.503536581993103027e-01,3.181297481060028076e-01,1.038473471999168396e-01,1.149950921535491943e-01,2.721644341945648193e-01,1.277700364589691162e-01,3.054114282131195068e-01,2.198569476604461670e-01,2.689112424850463867e-01,3.272808790206909180e-01,9.535060822963714600e-02,-8.698020130395889282e-02,7.285238243639469147e-04,-1.205577980726957321e-02,1.316305100917816162e-01,4.517769813537597656e-02,3.025861680507659912e-01,1.516126692295074463e-01,2.799200117588043213e-01,-5.894522368907928467e-02,2.675205171108245850e-01,-2.899852991104125977e-01,2.704721987247467041e-01,1.601021140813827515e-01,4.647642970085144043e-01,1.842975020408630371e-01,2.615291178226470947e-01,1.760916262865066528e-01,4.352290630340576172e-01,1.834549754858016968e-01,4.390922784805297852e-01,1.418802440166473389e-01,3.657909333705902100e-01,1.396441310644149780e-01,2.102937251329421997e-01,1.969500780105590820e-01,2.922005653381347656e-01,2.273104935884475708e-01,1.144866570830345154e-01,1.613889634609222412e-01,4.476359486579895020e-01,4.213742613792419434e-01,2.591039538383483887e-01,3.277725577354431152e-01,3.037433028221130371e-01,2.805670797824859619e-01,1.360789984464645386e-01,-8.092731237411499023e-03,4.075440764427185059e-01,1.585645377635955811e-01,2.554371356964111328e-01,2.905139923095703125e-01,4.708259999752044678e-01,2.177059352397918701e-01,1.345865428447723389e-01,1.969699049368500710e-03,2.424507737159729004e-01,1.195790339261293411e-02,2.840740978717803955e-01,-1.254825294017791748e-02,2.783034443855285645e-01,-1.924311742186546326e-02,1.516973823308944702e-01,1.821482777595520020e-01,2.507756948471069336e-01,1.150393635034561157e-01,3.449985980987548828e-01,1.573957651853561401e-01,2.936773598194122314e-01,6.572607159614562988e-02,2.016016989946365356e-01,1.007698327302932739e-01,7.957635447382926941e-03,9.173698723316192627e-02,-5.282714217901229858e-02,8.029941469430923462e-02,2.762139737606048584e-01,-9.859713912010192871e-02,6.529441475868225098e-02,1.016064286231994629e-01,1.462695002555847168e-01,1.336273998022079468e-01,8.131028711795806885e-02,-3.013570979237556458e-02
2.633230090141296387e-01,4.813534617424011230e-01,1.139127686619758606e-01,2.638613283634185791e-01,1.668604463338851929e-01,3.039540052413940430e-01,3.860734775662422180e-02,2.651576995849609375e-01,1.896751224994659424e-01,3.089812994003295898e-01,5.660594701766967773e-01,1.000000119209289551e+00,2.478376030921936035e-01,6.122401952743530273e-01,4.393432736396789551e-01,4.809832870960235596e-01,2.957314550876617432e-01,5.535632967948913574e-01,1.843864172697067261e-01,3.225216269493103027e-01,1.704154163599014282e-01,1.466894745826721191e-01,-1.488572359085083008e-01,2.551672756671905518e-01,-5.053236708045005798e-02,-1.227497030049562454e-02,2.430954873561859131e-01,3.460373282432556152e-01,3.654719591140747070e-01,5.522838830947875977e-01,1.211658790707588196e-01,1.025473251938819885e-01,3.987793028354644775e-01,4.259034991264343262e-01,1.498313248157501221e-01,1.741756647825241089e-01,2.937733530998229980e-01,3.504747450351715088e-01,3.785664439201354980e-01,3.851650953292846680e-01,1.682752072811126709e-01,3.061981797218322754e-01,2.219033837318420410e-01,1.216963529586791992e-01,1.237480193376541138e-01,1.786338090896606445e-01,2.150239795446395874e-01,2.161714583635330200e-01,3.598128557205200195e-01,3.531733751296997070e-01,2.644697129726409912e-01,2.187769412994384766e-01,2.756682634353637695e-01,-1.067114621400833130e-01,4.033272266387939453e-01,4.275851845741271973e-01,3.309621214866638184e-01,4.426028728485107422e-01,2.844442725181579590e-01,3.075203597545623779e-01,3.548921048641204834e-01,3.614772558212280273e-01,3.101380467414855957e-01,4.075072407722473145e-01,3.329803943634033203e-01,2.973900437355041504e-01,2.719334959983825684e-01,3.282089233398437500e-01,2.826937139034271240e-01,3.183870911598205566e-01,3.938617557287216187e-02,1.684692502021789551e-01,3.157349824905395508e-01,5.047500729560852051e-01,2.069927752017974854e-01,3.713479936122894287e-01,2.764221727848052979e-01,3.100599646568298340e-01,1.060822382569313049e-01,1.952007561922073364e-01,2.676489949226379395e-01,5.076795220375061035e-01,2.075821161270141602e-02,5.313061475753784180e-01,3.924518823623657227e-01,5.228158831596374512e-01,-3.004872985184192657e-02,2.414902895689010620e-01,2.756285965442657471e-01,3.703012764453887939e-01,2.914145886898040771e-01,2.677586078643798828e-01,2.313348054885864258e-01,2.425521463155746460e-01,1.072372943162918091e-01,2.212943136692047119e-01,3.022107183933258057e-01,1.942441016435623169e-01,3.970903158187866211e-01,2.779784500598907471e-01,1.926395893096923828e-01,2.737538516521453857e-01,7.835298776626586914e-02,3.222148418426513672e-01,-1.545518338680267334e-01,-1.780339330434799194e-02,-7.455204427242279053e-02,2.145278155803680420e-01,1.130658909678459167e-01,-6.051174178719520569e-02,8.664285391569137573e-02,1.486463397741317749e-01,1.816611886024475098e-01,1.240719854831695557e-01,1.072686985135078430e-01,-3.451957926154136658e-02
4.676198065280914307e-01,5.064582079648971558e-02,4.595186114311218262e-01,4.323105216026306152e-01,8.146496862173080444e-02,4.931284859776496887e-02,4.796353578567504883e-01,4.536482393741607666e-01,2.155354768037796021e-01,2.368758171796798706e-01,4.002697765827178955e-01,2.478376030921936035e-01,1.000000119209289551e+00,3.577864170074462891e-01,3.903019726276397705e-01,3.457283377647399902e-01,2.064071744680404663e-01,1.328623741865158081e-01,3.078628778457641602e-01,2.672711908817291260e-01,1.101602911949157715e-01,1.350982338190078735e-01,4.337657988071441650e-02,3.728793859481811523e-01,1.283569186925888062e-01,9.100535511970520020e-02,9.481061249971389771e-02,1.345319151878356934e-01,5.005898475646972656e-01,3.271938860416412354e-01,1.091157943010330200e-01,2.059269100427627563e-01,3.258793950080871582e-01,3.081046938896179199e-01,2.171526253223419189e-01,2.304403930902481079e-01,1.835302710533142090e-01,9.456568211317062378e-02,2.367780059576034546e-01,1.547747552394866943e-01,6.892313808202743530e-02,5.426629260182380676e-02,1.757839620113372803e-01,4.911448433995246887e-02,2.289148867130279541e-01,8.219910413026809692e-02,1.479575634002685547e-01,1.154789850115776062e-01,2.143428176641464233e-01,9.683857858180999756e-02,1.286458522081375122e-01,-2.332621626555919647e-02,1.158094555139541626e-01,-1.513150036334991455e-01,1.850743591785430908e-01,7.359320670366287231e-02,2.887470424175262451e-01,4.592354968190193176e-02,1.992253214120864868e-01,6.582202762365341187e-02,2.692787349224090576e-01,4.245062917470932007e-02,2.763994634151458740e-01,-7.144883275032043457e-03,3.185959160327911377e-01,1.035638004541397095e-01,2.953865230083465576e-01,2.249134331941604614e-01,3.195922970771789551e-01,1.427636444568634033e-01,-6.316456478089094162e-03,1.014210134744644165e-01,2.745486795902252197e-01,2.781420648097991943e-01,1.196844410151243210e-02,5.406277254223823547e-02,2.232097387313842773e-01,2.511374056339263916e-01,7.433018088340759277e-02,1.528516691178083420e-02,2.053053379058837891e-01,6.608474068343639374e-03,2.523837089538574219e-01,2.165731787681579590e-01,2.451949268579483032e-01,1.074795350432395935e-01,1.695027053356170654e-01,1.039599552750587463e-01,1.154284477233886719e-01,-3.712233621627092361e-03,2.427210956811904907e-01,-1.928253448568284512e-03,1.655949354171752930e-01,4.382764920592308044e-02,1.900727748870849609e-01,1.809021830558776855e-01,2.238186448812484741e-01,9.927963465452194214e-02,2.904831171035766602e-01,3.915756195783615112e-02,1.608838438987731934e-01,1.118035018444061279e-01,1.024028733372688293e-01,8.789090067148208618e-02,-6.742094457149505615e-02,-3.934669867157936096e-02,-3.857017308473587036e-02,5.368774384260177612e-02,3.332939743995666504e-01,8.272205479443073273e-03,1.934740692377090454e-01,2.576908469200134277e-01,1.625160276889801025e-01,2.200608104467391968e-01,5.557328462600708008e-02,-6.585478782653808594e-02
