9.999999403953552246e-01,6.030268669128417969e-01,2.945728600025177002e-01,3.378387391567230225e-01,-7.234254479408264160e-02,-2.610413543879985809e-02,3.873860836029052734e-01,3.510838449001312256e-01,5.125055555254220963e-03,-4.346510022878646851e-02,4.186279177665710449e-01,3.283059298992156982e-01,3.283584117889404297e-01,2.604337334632873535e-01,-3.258320968598127365e-03,5.295079946517944336e-02,2.672478258609771729e-01,3.541535437107086182e-01,5.648872852325439453e-01,5.634349584579467773e-01,-6.655105203390121460e-02,-3.303950279951095581e-02,1.291633248329162598e-01,1.132186129689216614e-01,-8.641110360622406006e-02,-5.594246089458465576e-02,-1.767024397850036621e-01,-1.102346852421760559e-01,2.117652595043182373e-01,2.383329719305038452e-01,1.401208639144897461e-01,1.497165858745574951e-01,3.818624615669250488e-01,3.706051707267761230e-01,6.027866154909133911e-02,2.148805111646652222e-01,1.497538685798645020e-01,6.726703047752380371e-02,4.859276115894317627e-02,9.710542857646942139e-03,1.363149136304855347e-01,5.514137819409370422e-02,2.744562327861785889e-01,2.392993271350860596e-01,2.431096434593200684e-01,2.873424291610717773e-01,2.664315998554229736e-01,2.403262257575988770e-01,2.909269928932189941e-01,2.019569128751754761e-01,1.039019674062728882e-01,1.820063441991806030e-01,8.665283769369125366e-02,1.333615276962518692e-03,1.308350712060928345e-01,5.855457484722137451e-02,5.978937149047851562e-01,5.052894353866577148e-01,5.365146994590759277e-01,4.807515144348144531e-01,4.245028495788574219e-01,3.868193626403808594e-01,2.824290990829467773e-01,3.563730120658874512e-01,-2.926178090274333954e-02,1.894219666719436646e-01,3.976084589958190918e-01,3.451120853424072266e-01,4.626364409923553467e-01,4.910297989845275879e-01,1.718206405639648438e-01,2.052858024835586548e-01,1.917591542005538940e-01,2.118887603282928467e-01,1.331135481595993042e-01,2.088224589824676514e-01,2.829996943473815918e-01,2.698614597320556641e-01,1.386414319276809692e-01,2.783249318599700928e-01,2.319538593292236328e-01,3.178771138191223145e-01,1.068523824214935303e-01,1.210474893450737000e-01,2.070969641208648682e-01,1.398189514875411987e-01,7.722489535808563232e-02,5.146885541762458161e-06,9.087493270635604858e-02,2.316114678978919983e-02,3.377695381641387939e-01,3.534615635871887207e-01,1.512534022331237793e-01,1.865071207284927368e-01,6.290860474109649658e-02,2.022256329655647278e-02,1.814282536506652832e-01,1.181084066629409790e-01,3.187592625617980957e-01,3.120178282260894775e-01,1.531419754028320312e-01,1.472418755292892456e-01,3.322314620018005371e-01,2.509995698928833008e-01,2.715061306953430176e-01,2.700324654579162598e-01,6.630375981330871582e-02,2.187015265226364136e-01,4.828349500894546509e-02,9.935375303030014038e-02,1.062175557017326355e-01,2.723653614521026611e-01,2.817686498165130615e-01,1.889080852270126343e-01,1.558256298303604126e-01,5.101577565073966980e-02
6.030268669128417969e-01,1.000000119209289551e+00,1.569049209356307983e-01,3.276373445987701416e-01,-1.910581290721893311e-01,-9.535238146781921387e-03,3.220550119876861572e-01,4.161873459815979004e-01,-1.192488148808479309e-01,-8.713991940021514893e-02,3.635012507438659668e-01,4.259878098964691162e-01,1.988901197910308838e-01,3.461484909057617188e-01,-1.592198908329010010e-01,-2.152183651924133301e-02,2.632313072681427002e-01,4.529925882816314697e-01,4.948510229587554932e-01,6.124536991119384766e-01,-1.056053191423416138e-01,-5.302931368350982666e-02,3.084631077945232391e-02,8.297140896320343018e-02,-1.519670188426971436e-01,-6.528539955615997314e-02,-2.296114861965179443e-01,-1.904882639646530151e-01,1.665072292089462280e-01,2.240706235170364380e-01,1.476571559906005859e-01,1.701876670122146606e-01,3.945285379886627197e-01,4.713624715805053711e-01,-2.356189303100109100e-02,1.193398311734199524e-01,1.824823617935180664e-01,1.120677515864372253e-01,1.489917561411857605e-02,4.035690054297447205e-02,2.024356126785278320e-01,7.815086841583251953e-02,1.885312199592590332e-01,1.930919885635375977e-01,1.892610490322113037e-01,2.291064560413360596e-01,1.798958629369735718e-01,1.774825155735015869e-01,2.388494312763214111e-01,1.895813643932342529e-01,4.252297803759574890e-02,1.443914920091629028e-01,3.553437814116477966e-02,-2.395820058882236481e-02,4.672295972704887390e-02,1.026556175202131271e-02,4.993812441825866699e-01,6.559386253356933594e-01,2.719216048717498779e-01,4.473958015441894531e-01,2.616796493530273438e-01,5.112936496734619141e-01,2.848192751407623291e-01,5.235562324523925781e-01,-1.751952916383743286e-01,1.312040239572525024e-01,2.183431535959243774e-01,2.764984667301177979e-01,3.259580135345458984e-01,3.632284104824066162e-01,1.720461100339889526e-01,2.137930244207382202e-01,1.700103580951690674e-01,2.310654819011688232e-01,1.136741787195205688e-01,1.884292215108871460e-01,1.950256228446960449e-01,2.201408743858337402e-01,9.498357027769088745e-02,2.050462812185287476e-01,1.712302267551422119e-01,2.957234084606170654e-01,5.794759839773178101e-02,1.774786114692687988e-01,3.595809638500213623e-02,1.060119718313217163e-01,6.320087611675262451e-02,-4.362443089485168457e-02,-1.667504571378231049e-02,-3.777943179011344910e-02,3.509385585784912109e-01,2.842219769954681396e-01,1.007221266627311707e-01,1.972823143005371094e-01,4.891071841120719910e-02,5.793835967779159546e-02,1.644974201917648315e-01,1.082417741417884827e-01,3.000695407390594482e-01,1.948248147964477539e-01,8.659174293279647827e-02,5.725611373782157898e-02,2.424629628658294678e-01,2.147928625345230103e-01,2.545930147171020508e-01,2.285262197256088257e-01,8.302704244852066040e-02,2.015976011753082275e-01,8.164343982934951782e-02,8.133611083030700684e-02,6.776645034551620483e-02,1.903006732463836670e-01,2.223689705133438110e-01,1.582458019256591797e-01,1.900088340044021606e-01,7.182288169860839844e-02
2.945728600025177002e-01,1.569049209356307983e-01,1.000000119209289551e+00,5.928997993469238281e-01,2.049069255590438843e-01,2.118142135441303253e-02,6.625795364379882812e-01,4.412873983383178711e-01,2.599534988403320312e-01,7.311812043190002441e-02,3.416241705417633057e-01,3.435308933258056641e-01,4.557201862335205078e-01,3.138414323329925537e-01,3.232469856739044189e-01,2.965550422668457031e-01,1.095513254404067993e-01,1.371117234230041504e-01,4.699230492115020752e-01,2.928158044815063477e-01,1.334033161401748657e-01,1.244895085692405701e-01,6.288591623306274414e-01,5.629245638847351074e-01,2.636454105377197266e-01,2.397334426641464233e-01,8.237709105014801025e-02,6.947658956050872803e-02,2.008374035358428955e-01,1.690081208944320679e-01,4.958327114582061768e-01,4.926260709762573242e-01,4.090566933155059814e-01,3.251976072788238525e-01,2.495136111974716187e-01,2.832852303981781006e-01,1.627396196126937866e-01,1.566013246774673462e-01,7.894626259803771973e-02,2.136478014290332794e-02,7.548965513706207275e-02,3.428321704268455505e-02,1.908321231603622437e-01,1.683281660079956055e-01,1.827313005924224854e-01,1.231402307748794556e-01,2.031276524066925049e-01,1.654742211103439331e-01,1.336065381765365601e-01,1.452932655811309814e-01,1.971136331558227539e-01,1.837220937013626099e-01,1.236564442515373230e-01,1.128148660063743591e-01,7.266360521316528320e-02,-5.178684368729591370e-02,1.080685853958129883e-01,1.547655835747718811e-02,3.585255444049835205e-01,7.052469998598098755e-02,3.350425064563751221e-01,9.816140681505203247e-02,1.860257424414157867e-02,-1.422220561653375626e-02,3.458499014377593994e-01,4.453355371952056885e-01,3.582425713539123535e-01,2.550740838050842285e-01,3.274333775043487549e-01,2.998977899551391602e-01,2.405266761779785156e-01,2.694308757781982422e-01,2.164317518472671509e-01,1.883096545934677124e-01,1.799298971891403198e-01,1.173961758613586426e-01,1.943197250366210938e-01,1.949295550584793091e-01,1.146459653973579407e-01,1.095156893134117126e-01,1.640298068523406982e-01,1.053297743201255798e-01,1.828566491603851318e-01,5.078823491930961609e-02,3.301128149032592773e-01,2.616687119007110596e-01,1.539289057254791260e-01,3.025623038411140442e-03,8.651752024888992310e-02,1.811932958662509918e-02,1.093420609831809998e-01,1.385448276996612549e-01,9.823213517665863037e-02,1.105071157217025757e-01,-2.746079489588737488e-02,-6.188545748591423035e-02,3.561703488230705261e-02,-5.036816000938415527e-02,3.790836781263351440e-02,4.393092915415763855e-02,1.596559733152389526e-01,2.146505266427993774e-01,6.425972282886505127e-02,5.584007501602172852e-02,9.308114647865295410e-03,5.235353112220764160e-02,4.151575639843940735e-02,6.467663496732711792e-02,-9.918124414980411530e-03,1.106487438082695007e-01,7.560099661350250244e-02,6.993601471185684204e-02,1.727673225104808807e-02,1.020398270338773727e-02,8.270409703254699707e-02,-1.049840264022350311e-02
3.378387391567230225e-01,3.276373445987701416e-01,5.928997993469238281e-01,9.999998807907104492e-01,5.963182076811790466e-02,4.528614133596420288e-02,6.094390749931335449e-01,6.712531447410583496e-01,1.419225633144378662e-01,1.185171157121658325e-01,3.132863938808441162e-01,4.521245658397674561e-01,3.030941784381866455e-01,4.115488529205322266e-01,8.920861780643463135e-02,2.647990882396697998e-01,1.789446473121643066e-01,2.412074208259582520e-01,5.020802617073059082e-01,4.470298588275909424e-01,-9.781644679605960846e-03,-1.973957195878028870e-02,4.792435467243194580e-01,5.686958432197570801e-01,1.597299724817276001e-01,2.268134653568267822e-01,-8.475829660892486572e-02,-5.430500954389572144e-02,2.099714428186416626e-01,2.001465708017349243e-01,4.664664268493652344e-01,5.158616900444030762e-01,4.193292856216430664e-01,4.526939690113067627e-01,1.257214248180389404e-01,2.710140049457550049e-01,1.244956180453300476e-01,1.011861786246299744e-01,-4.108958411961793900e-03,3.677368396893143654e-03,7.676230370998382568e-02,-1.038831379264593124e-02,2.275945097208023071e-01,1.616129130125045776e-01,2.270071506500244141e-01,1.980235129594802856e-01,2.176218330860137939e-01,2.152787446975708008e-01,1.928028464317321777e-01,1.721186041831970215e-01,1.832261532545089722e-01,1.777614653110504150e-01,1.164479777216911316e-01,7.926455885171890259e-02,6.616280414164066315e-03,-5.007845908403396606e-02,2.044991850852966309e-01,1.552889943122863770e-01,3.024093508720397949e-01,2.638034820556640625e-01,2.891311347484588623e-01,3.404880762100219727e-01,1.238625347614288330e-01,1.910561025142669678e-01,1.456664800643920898e-01,5.045435428619384766e-01,3.388450741767883301e-01,3.802540004253387451e-01,3.326888382434844971e-01,3.425897955894470215e-01,2.431741505861282349e-01,2.757732570171356201e-01,2.383842021226882935e-01,2.176976501941680908e-01,1.951649188995361328e-01,1.601388007402420044e-01,1.415868252515792847e-01,1.966866552829742432e-01,1.153724417090415955e-01,1.104052662849426270e-01,2.044208794832229614e-01,1.575751453638076782e-01,7.913706451654434204e-02,9.907265007495880127e-02,1.273393779993057251e-01,2.598656415939331055e-01,6.960391253232955933e-02,-5.802499130368232727e-02,-3.003786690533161163e-02,-2.160075493156909943e-02,2.617155015468597412e-01,2.062181085348129272e-01,1.701853573322296143e-01,1.531326174736022949e-01,-3.744158148765563965e-02,-8.251264691352844238e-03,2.105011232197284698e-02,-1.246557570993900299e-02,1.272617131471633911e-01,5.451378598809242249e-02,2.500680685043334961e-01,2.180477827787399292e-01,1.271754354238510132e-01,1.348840296268463135e-01,1.786143984645605087e-03,3.228883445262908936e-02,6.163362041115760803e-02,1.307718753814697266e-01,-5.767643079161643982e-02,1.307792663574218750e-01,6.170286610722541809e-02,8.387333899736404419e-02,8.355640619993209839e-02,-7.370360195636749268e-03,4.807420074939727783e-02,-6.791085004806518555e-02
-7.234254479408264160e-02,-1.910581290721893311e-01,2.049069255590438843e-01,5.963182076811790466e-02,9.999999403953552246e-01,5.193365812301635742e-01,1.147193014621734619e-01,-4.524271562695503235e-02,6.386340260505676270e-01,4.792617261409759521e-01,1.232552975416183472e-01,7.191083859652280807e-03,1.745805889368057251e-01,-5.412748083472251892e-02,5.152834653854370117e-01,4.162525832653045654e-01,2.300708740949630737e-01,4.294390603899955750e-02,9.227059036493301392e-02,-7.391572580672800541e-05,3.232579827308654785e-01,2.064407467842102051e-01,2.076565474271774292e-01,1.124926358461380005e-01,4.766804873943328857e-01,4.853884279727935791e-01,3.632067441940307617e-01,2.195586264133453369e-01,2.774498760700225830e-01,1.167000085115432739e-01,2.915657162666320801e-01,1.839025169610977173e-01,1.046442016959190369e-01,2.623832970857620239e-02,3.633807301521301270e-01,2.835032641887664795e-01,7.309573143720626831e-02,1.247978433966636658e-01,8.780550211668014526e-03,-6.647628545761108398e-02,-7.359777111560106277e-03,1.031607761979103088e-01,2.169298827648162842e-01,2.360140383243560791e-01,2.900626957416534424e-01,2.285680770874023438e-01,2.448398768901824951e-01,2.029494643211364746e-01,2.602691054344177246e-01,2.863161563873291016e-01,3.342505693435668945e-01,3.029832243919372559e-01,2.197594642639160156e-01,2.046622782945632935e-01,1.199383810162544250e-01,2.255791053175926208e-02,-7.792791351675987244e-03,-1.896385252475738525e-01,1.968824416399002075e-01,-1.677890494465827942e-02,2.236693203449249268e-01,-4.799338430166244507e-02,1.838768869638442993e-01,-8.225054293870925903e-02,4.248090684413909912e-01,2.408451586961746216e-01,3.361000716686248779e-01,2.469960451126098633e-01,1.318776607513427734e-01,5.121199786663055420e-02,2.955727875232696533e-01,2.907685935497283936e-01,2.916038334369659424e-01,2.726277410984039307e-01,1.839212477207183838e-01,1.862622350454330444e-01,2.709520757198333740e-01,2.574001550674438477e-01,2.606631815433502197e-01,1.265146285295486450e-01,3.326861560344696045e-01,2.517376840114593506e-01,1.805659830570220947e-01,-1.102987453341484070e-01,3.952075242996215820e-01,2.638345062732696533e-01,9.297301620244979858e-02,-1.263870764523744583e-02,1.173764243721961975e-01,1.293584983795881271e-02,-3.360567241907119751e-02,-1.401129085570573807e-02,1.935043558478355408e-02,-3.942496329545974731e-02,-1.527704596519470215e-01,-1.160653606057167053e-01,-1.522429008036851883e-02,-4.160724952816963196e-02,4.643562063574790955e-02,6.825736165046691895e-02,3.772747889161109924e-02,2.247934043407440186e-02,-8.347050100564956665e-02,-9.685046970844268799e-02,-8.453357219696044922e-02,-5.907757207751274109e-02,7.137510925531387329e-02,6.254877895116806030e-03,-4.645843803882598877e-02,1.792301833629608154e-01,2.730744779109954834e-01,7.802103459835052490e-02,-4.660488665103912354e-02,-5.669346824288368225e-02,-8.060613274574279785e-02,-3.767272457480430603e-02
-2.610413543879985809e-02,-9.535238146781921387e-03,2.118142135441303253e-02,4.528614133596420288e-02,5.193365812301635742e-01,1.000000238418579102e+00,5.107699334621429443e-02,6.404460221529006958e-02,4.901517927646636963e-01,6.496943235397338867e-01,7.160909473896026611e-02,1.222145110368728638e-01,5.861768499016761780e-02,8.265946060419082642e-02,2.586863636970520020e-01,3.856512904167175293e-01,2.112391889095306396e-01,1.791851073503494263e-01,8.861934393644332886e-02,1.252531558275222778e-01,1.356295198202133179e-01,7.808032631874084473e-02,-3.048509918153285980e-02,-3.884460777044296265e-03,3.970748782157897949e-01,5.087749361991882324e-01,1.596138030290603638e-01,1.428103446960449219e-01,2.057844549417495728e-01,1.285491138696670532e-01,1.567241102457046509e-01,1.020711585879325867e-01,3.657111153006553650e-02,7.509773224592208862e-02,1.587913632392883301e-01,1.203327327966690063e-01,-6.156290695071220398e-02,9.723484516143798828e-03,-2.048703432083129883e-01,-1.285894960165023804e-01,5.241465196013450623e-02,9.156925231218338013e-02,4.997218400239944458e-02,9.911640733480453491e-02,1.318934857845306396e-01,1.256075054407119751e-01,7.369982451200485229e-02,4.431911557912826538e-02,1.716864556074142456e-01,1.889676302671432495e-01,1.579626053571701050e-01,1.599681228399276733e-01,1.343374103307723999e-01,6.165447458624839783e-02,-5.599214881658554077e-02,-4.317766055464744568e-03,-1.845479570329189301e-02,-3.367787227034568787e-02,5.910363048315048218e-02,7.823231816291809082e-02,6.728937476873397827e-02,8.337967097759246826e-02,1.595868021249771118e-01,6.375180929899215698e-02,9.846566617488861084e-02,1.246311590075492859e-01,1.513728648424148560e-01,1.437882035970687866e-01,-1.215853635221719742e-02,-3.167433664202690125e-02,2.718288600444793701e-01,2.776992917060852051e-01,3.216665685176849365e-01,3.199902474880218506e-01,2.698018550872802734e-01,3.033575713634490967e-01,1.871732473373413086e-01,2.309866398572921753e-01,1.005734577775001526e-01,7.000431418418884277e-02,1.743989884853363037e-01,1.911198496818542480e-01,-3.709264099597930908e-02,-1.138577908277511597e-01,8.922243118286132812e-02,1.054274439811706543e-01,-9.591843932867050171e-02,-6.672925502061843872e-02,-9.452420473098754883e-02,-7.395455241203308105e-02,-3.271003486588597298e-03,-6.142424792051315308e-02,-4.442084580659866333e-02,-9.515961259603500366e-02,-2.439348548650741577e-01,-9.472126513719558716e-02,-1.417703777551651001e-01,-8.243220299482345581e-02,7.978589856065809727e-04,-8.707656525075435638e-03,6.894040107727050781e-02,-7.782983034849166870e-02,2.400841377675533295e-02,-9.062103182077407837e-02,2.068497240543365479e-03,-7.161930203437805176e-02,1.229336559772491455e-01,-7.517577614635229111e-03,-8.427776396274566650e-02,3.873880580067634583e-02,1.144058480858802795e-01,-3.397050127387046814e-02,-4.870615154504776001e-02,-6.877323985099792480e-02,-5.215329676866531372e-02,-4.037272930145263672e-02
3.873860836029052734e-01,3.220550119876861572e-01,6.625795364379882812e-01,6.094390749931335449e-01,1.147193014621734619e-01,5.107699334621429443e-02,1.000000119209289551e+00,6.314252614974975586e-01,1.565314829349517822e-01,4.497567191720008850e-02,3.987850546836853027e-01,4.277704954147338867e-01,4.728222489356994629e-01,3.875287175178527832e-01,1.816511750221252441e-01,2.517763078212738037e-01,1.781189441680908203e-01,2.793429195880889893e-01,4.860019087791442871e-01,4.084241688251495361e-01,8.341585099697113037e-02,1.459887325763702393e-01,4.001050293445587158e-01,4.251230359077453613e-01,1.055535823106765747e-01,1.742906868457794189e-01,-4.639756307005882263e-02,3.056481294333934784e-02,2.656982839107513428e-01,2.739048302173614502e-01,4.459264278411865234e-01,4.614696800708770752e-01,4.629381895065307617e-01,4.288617372512817383e-01,1.505421549081802368e-01,2.745323777198791504e-01,1.946645826101303101e-01,1.827199459075927734e-01,6.593604385852813721e-02,5.806340277194976807e-02,1.591169685125350952e-01,5.839484557509422302e-02,2.192899435758590698e-01,2.081668078899383545e-01,2.366838455200195312e-01,1.959778666496276855e-01,2.325065881013870239e-01,2.116298675537109375e-01,2.155509591102600098e-01,1.992273777723312378e-01,1.986336261034011841e-01,2.198327034711837769e-01,1.147688552737236023e-01,9.713896363973617554e-02,5.730875208973884583e-02,-4.857163876295089722e-02,1.781663447618484497e-01,1.255889236927032471e-01,3.191661834716796875e-01,1.876578778028488159e-01,4.165569245815277100e-01,3.427868485450744629e-01,1.976987123489379883e-01,2.222007662057876587e-01,1.579896211624145508e-01,4.079774022102355957e-01,3.525616526603698730e-01,2.982839941978454590e-01,2.696360349655151367e-01,2.477006018161773682e-01,2.759225368499755859e-01,3.225554823875427246e-01,2.236738204956054688e-01,2.497214525938034058e-01,1.691602319478988647e-01,1.642167717218399048e-01,2.100285738706588745e-01,2.311655730009078979e-01,9.557336568832397461e-02,1.508355438709259033e-01,1.724930256605148315e-01,1.493474096059799194e-01,1.468979567289352417e-01,1.440551429986953735e-01,2.170838564634323120e-01,2.609499096870422363e-01,1.477908492088317871e-01,-2.565195783972740173e-02,5.856049805879592896e-02,-8.303820155560970306e-03,2.398052662611007690e-01,1.849142462015151978e-01,9.484983235597610474e-02,1.338731348514556885e-01,-1.420488115400075912e-02,-2.089028712362051010e-03,8.435974270105361938e-02,-2.810594253242015839e-02,1.661746054887771606e-01,7.162272930145263672e-02,1.507484167814254761e-01,1.762934327125549316e-01,1.305622756481170654e-01,1.258456110954284668e-01,7.772684842348098755e-02,6.962741166353225708e-02,4.454741999506950378e-02,9.256736189126968384e-02,2.335881069302558899e-02,1.029983311891555786e-01,8.512119948863983154e-02,1.202785149216651917e-01,1.331619322299957275e-01,5.802049860358238220e-02,9.656799584627151489e-02,2.659752592444419861e-02
3.510838449001312256e-01,4.161873459815979004e-01,4.412873983383178711e-01,6.712531447410583496e-01,-4.524271562695503235e-02,6.404460221529006958e-02,6.314252614974975586e-01,1.000000238418579102e+00,2.538925968110561371e-02,8.506834506988525391e-02,3.575762808322906494e-01,4.885350763797760010e-01,3.211603164672851562e-01,4.838642776012420654e-01,-1.960413716733455658e-02,1.923757046461105347e-01,2.330916523933410645e-01,3.586639761924743652e-01,4.596965312957763672e-01,4.812304675579071045e-01,-4.209074378013610840e-02,4.424023441970348358e-03,2.561808526515960693e-01,3.955972492694854736e-01,-1.328742364421486855e-03,1.384051740169525146e-01,-1.887442022562026978e-01,-6.679103523492813110e-02,2.561448216438293457e-01,2.770806550979614258e-01,3.651185333728790283e-01,4.293995797634124756e-01,4.168468713760375977e-01,4.858729243278503418e-01,5.412574857473373413e-02,2.228737026453018188e-01,1.522477120161056519e-01,1.214417144656181335e-01,-1.742300763726234436e-02,1.717448048293590546e-02,1.480783522129058838e-01,1.406627614051103592e-02,1.991911679506301880e-01,1.667505204677581787e-01,2.078010588884353638e-01,2.009817808866500854e-01,1.837995201349258423e-01,1.842976212501525879e-01,2.119454145431518555e-01,1.738332211971282959e-01,1.395828872919082642e-01,1.601509600877761841e-01,6.487041711807250977e-02,1.257492788136005402e-02,-2.223864197731018066e-02,-5.264150723814964294e-02,2.168004512786865234e-01,2.056354731321334839e-01,1.922979503870010376e-01,2.783874273300170898e-01,3.131837844848632812e-01,4.971454739570617676e-01,2.556583583354949951e-01,3.534445464611053467e-01,-1.291837356984615326e-02,3.965790867805480957e-01,2.335930913686752319e-01,3.081240057945251465e-01,2.069106400012969971e-01,2.235119193792343140e-01,2.613414824008941650e-01,2.992727756500244141e-01,2.467415630817413330e-01,2.807171642780303955e-01,2.077284157276153564e-01,2.261753231287002563e-01,1.699019670486450195e-01,2.361477166414260864e-01,8.241464942693710327e-02,1.197587549686431885e-01,1.640188246965408325e-01,1.568747609853744507e-01,4.366127774119377136e-02,1.572517305612564087e-01,4.778640344738960266e-02,2.333307713270187378e-01,4.455834999680519104e-02,-6.765630841255187988e-02,-6.272756308317184448e-02,-4.140617698431015015e-02,3.044137656688690186e-01,1.854680329561233521e-01,1.117579117417335510e-01,1.074784770607948303e-01,-3.456243500113487244e-02,1.884469948709011078e-02,3.524506464600563049e-02,-1.021306030452251434e-02,1.767788082361221313e-01,3.808274492621421814e-02,1.947562396526336670e-01,1.254745870828628540e-01,1.765704452991485596e-01,1.271515637636184692e-01,6.110525503754615784e-02,3.409847244620323181e-02,7.754520326852798462e-02,9.931683540344238281e-02,-9.025767794810235500e-04,7.996568828821182251e-02,4.930715262889862061e-02,7.233981043100357056e-02,1.266878992319107056e-01,1.820770092308521271e-02,5.175647139549255371e-02,-1.262002531439065933e-02
5.125055555254220963e-03,-1.192488148808479309e-01,2.599534988403320312e-01,1.419225633144378662e-01,6.386340260505676270e-01,4.901517927646636963e-01,1.565314829349517822e-01,2.538925968110561371e-02,1.000000357627868652e+00,5.986232757568359375e-01,2.334911823272705078e-01,1.625103503465652466e-01,3.033890128135681152e-01,1.204759851098060608e-01,5.644394159317016602e-01,4.612666666507720947e-01,3.425132036209106445e-01,2.111861556768417358e-01,1.283351182937622070e-01,4.588463157415390015e-02,3.169468939304351807e-01,1.528826206922531128e-01,2.734603881835937500e-01,2.281918674707412720e-01,5.985785126686096191e-01,6.245789527893066406e-01,1.823523193597793579e-01,4.566738009452819824e-02,3.961763978004455566e-01,2.368313372135162354e-01,4.064100980758666992e-01,3.226662278175354004e-01,1.560456603765487671e-01,9.565138816833496094e-02,4.449114203453063965e-01,3.529171943664550781e-01,9.918304532766342163e-02,1.363986432552337646e-01,4.357521608471870422e-02,-2.266275510191917419e-02,-7.970692217350006104e-02,7.176188379526138306e-02,2.383920997381210327e-01,2.990188598632812500e-01,3.340400457382202148e-01,2.885169386863708496e-01,2.198973000049591064e-01,2.306860387325286865e-01,2.855184376239776611e-01,3.248656094074249268e-01,3.559194803237915039e-01,3.487275242805480957e-01,1.902578324079513550e-01,1.542634516954421997e-01,1.454638689756393433e-01,7.266454398632049561e-02,6.248808279633522034e-02,-1.142550110816955566e-01,2.716138362884521484e-01,2.570868004113435745e-03,2.730630338191986084e-01,-2.808803319931030273e-02,2.123432159423828125e-01,-4.328595846891403198e-02,4.694373011589050293e-01,3.499288558959960938e-01,3.788582980632781982e-01,2.784141004085540771e-01,1.958878040313720703e-01,1.196234524250030518e-01,4.700187444686889648e-01,4.470892548561096191e-01,4.476561844348907471e-01,4.331436157226562500e-01,4.038352072238922119e-01,3.602013587951660156e-01,4.177954494953155518e-01,3.957677185535430908e-01,3.351944983005523682e-01,2.315351217985153198e-01,4.017384946346282959e-01,3.375368118286132812e-01,1.243749260902404785e-01,-8.252657204866409302e-02,4.589822888374328613e-01,3.359594643115997314e-01,8.874882757663726807e-02,4.095793887972831726e-02,1.751922518014907837e-01,7.344940304756164551e-02,-2.634184435009956360e-02,-5.427256971597671509e-02,2.097558230161666870e-02,-3.088081628084182739e-02,-9.270618110895156860e-02,-6.073423102498054504e-02,5.054260045289993286e-02,3.418946266174316406e-02,5.375944077968597412e-02,1.028022915124893188e-01,1.042415648698806763e-01,7.164669781923294067e-02,-1.227816683240234852e-03,-4.663057252764701843e-02,-2.377569489181041718e-02,-3.929084632545709610e-03,1.113474592566490173e-01,1.755615882575511932e-02,-3.442654386162757874e-02,2.387693673372268677e-01,3.299573659896850586e-01,5.223125591874122620e-02,-7.220416516065597534e-02,-2.898594178259372711e-02,-5.461574345827102661e-02,-5.574126541614532471e-02
-4.346510022878646851e-02,-8.713991940021514893e-02,7.311812043190002441e-02,1.185171157121658325e-01,4.792617261409759521e-01,6.496943235397338867e-01,4.497567191720008850e-02,8.506834506988525391e-02,5.986232757568359375e-01,1.000000119209289551e+00,1.161210015416145325e-01,1.610789597034454346e-01,1.484971940517425537e-01,1.524052470922470093e-01,3.699996173381805420e-01,4.618950486183166504e-01,2.936369478702545166e-01,1.906524896621704102e-01,7.882291823625564575e-02,8.443642407655715942e-02,1.429943889379501343e-01,6.168061494827270508e-02,9.384059160947799683e-02,1.606024950742721558e-01,5.378688573837280273e-01,5.940567255020141602e-01,1.399205923080444336e-01,7.744859158992767334e-02,3.059958219528198242e-01,1.741695851087570190e-01,2.507060766220092773e-01,2.111628502607345581e-01,4.499489068984985352e-02,7.187370210886001587e-02,3.014752864837646484e-01,2.373898029327392578e-01,-3.027739748358726501e-02,1.526650227606296539e-02,-1.577752530574798584e-01,-9.060141444206237793e-02,-2.848744206130504608e-02,4.854367673397064209e-02,1.377243846654891968e-01,2.090193629264831543e-01,2.302737683057785034e-01,2.103569954633712769e-01,9.732697904109954834e-02,1.390744149684906006e-01,2.254609465599060059e-01,2.551378607749938965e-01,2.506040334701538086e-01,2.519675195217132568e-01,1.194330379366874695e-01,5.865377932786941528e-02,-3.326520323753356934e-02,6.827005743980407715e-02,7.039776537567377090e-03,-1.010444313287734985e-01,1.223499849438667297e-01,5.790667608380317688e-02,1.239641457796096802e-01,2.976999804377555847e-02,1.879844665527343750e-01,1.868835184723138809e-03,2.776123285293579102e-01,2.966997325420379639e-01,2.272395789623260498e-01,2.165980339050292969e-01,5.064497515559196472e-02,3.123213164508342743e-02,3.733144700527191162e-01,3.603260517120361328e-01,4.139425754547119141e-01,3.800817131996154785e-01,3.700067996978759766e-01,3.494064211845397949e-01,2.811783850193023682e-01,3.202596306800842285e-01,2.180386036634445190e-01,1.074549183249473572e-01,2.946412861347198486e-01,2.486418634653091431e-01,-5.334765464067459106e-02,-1.222143843770027161e-01,1.948512643575668335e-01,2.142636179924011230e-01,-1.010709926486015320e-01,-5.351463798433542252e-03,-6.573962420225143433e-02,1.369989942759275436e-02,-3.017012216150760651e-02,-1.000071242451667786e-01,4.243473988026380539e-03,-1.187779828906059265e-01,-2.076144069433212280e-01,-8.235091716051101685e-02,-8.059653639793395996e-02,-2.170851826667785645e-02,-9.536941535770893097e-03,1.278154645115137100e-02,1.215066015720367432e-01,-1.213385257869958878e-02,3.090333379805088043e-02,-8.035591244697570801e-02,-1.876064948737621307e-02,-7.835954427719116211e-02,1.218796074390411377e-01,-1.487712375819683075e-03,-1.104000061750411987e-01,1.113951578736305237e-01,2.243288159370422363e-01,-6.511012557893991470e-03,-7.398810237646102905e-02,-8.381391316652297974e-02,-7.515804469585418701e-02,-7.469400763511657715e-02
4.186279177665710449e-01,3.635012507438659668e-01,3.416241705417633057e-01,3.132863938808441162e-01,1.232552975416183472e-01,7.160909473896026611e-02,3.987850546836853027e-01,3.575762808322906494e-01,2.334911823272705078e-01,1.161210015416145325e-01,9.999998211860656738e-01,5.483924746513366699e-01,6.170561313629150391e-01,4.928484559059143066e-01,2.781085669994354248e-01,2.391999810934066772e-01,4.653476476669311523e-01,5.278371572494506836e-01,3.150697648525238037e-01,2.947420179843902588e-01,9.834562987089157104e-02,5.911006033420562744e-02,2.547376453876495361e-01,2.867351472377777100e-01,1.981263756752014160e-01,2.671363353729248047e-01,-8.790035545825958252e-02,-2.334670424461364746e-01,4.705674052238464355e-01,4.101111590862274170e-01,5.035172700881958008e-01,4.857973158359527588e-01,4.257772564888000488e-01,3.936004042625427246e-01,3.487665653228759766e-01,3.000043034553527832e-01,3.059462308883666992e-01,2.578996121883392334e-01,4.719185456633567810e-02,1.058607622981071472e-01,2.171205282211303711e-01,1.481626778841018677e-01,2.333747595548629761e-01,3.072044253349304199e-01,3.087249398231506348e-01,3.232132494449615479e-01,2.039220184087753296e-01,2.498531639575958252e-01,2.689814865589141846e-01,2.873283922672271729e-01,2.066505551338195801e-01,3.169477581977844238e-01,3.422398492693901062e-02,-7.522971928119659424e-02,2.635868266224861145e-02,4.970551282167434692e-02,3.290873169898986816e-01,2.666028738021850586e-01,2.268853634595870972e-01,1.096811518073081970e-01,3.674730658531188965e-01,2.469115257263183594e-01,4.008044600486755371e-01,3.569540083408355713e-01,2.229803949594497681e-01,2.722941637039184570e-01,2.779305577278137207e-01,2.629640698432922363e-01,1.644079387187957764e-01,2.012814134359359741e-01,5.768357515335083008e-01,5.358000397682189941e-01,4.840609729290008545e-01,5.106805562973022461e-01,4.178698360919952393e-01,4.215758442878723145e-01,5.117105841636657715e-01,5.278810262680053711e-01,2.288659214973449707e-01,2.680312097072601318e-01,3.376268744468688965e-01,3.891526758670806885e-01,1.702921539545059204e-01,1.590180248022079468e-01,3.385989665985107422e-01,3.435311615467071533e-01,2.831980958580970764e-02,2.167448215186595917e-02,2.515244297683238983e-02,-1.474467292428016663e-02,1.547878980636596680e-01,1.124106645584106445e-01,1.925848610699176788e-02,6.573097407817840576e-02,3.308830410242080688e-02,6.585913151502609253e-02,1.842289865016937256e-01,1.264812499284744263e-01,1.180268898606300354e-01,1.131376102566719055e-01,1.095366477966308594e-01,2.808598428964614868e-02,1.549091190099716187e-01,5.013486370444297791e-02,1.498739123344421387e-01,1.043812409043312073e-01,1.795411109924316406e-01,1.387169659137725830e-01,6.194724142551422119e-02,2.431898564100265503e-01,3.049262166023254395e-01,1.213257163763046265e-01,5.423235148191452026e-02,2.736038342118263245e-02,1.166671365499496460e-01,3.923630341887474060e-02
3.283059298992156982e-01,4.259878098964691162e-01,3.435308933258056641e-01,4.521245658397674561e-01,7.191083859652280807e-03,1.222145110368728638e-01,4.277704954147338867e-01,4.885350763797760010e-01,1.625103503465652466e-01,1.610789597034454346e-01,5.483924746513366699e-01,9.999998211860656738e-01,4.477596282958984375e-01,6.607334613800048828e-01,1.287693232297897339e-01,2.498055696487426758e-01,2.545309066772460938e-01,4.495142698287963867e-01,3.162999451160430908e-01,3.378773629665374756e-01,-1.066174730658531189e-02,-1.923678256571292877e-02,2.860931158065795898e-01,4.071937501430511475e-01,1.443486064672470093e-01,2.591374814510345459e-01,-1.370202302932739258e-01,-2.148071378469467163e-01,2.496679723262786865e-01,2.565904259681701660e-01,4.786090850830078125e-01,5.310329198837280273e-01,4.408653378486633301e-01,5.084074139595031738e-01,1.251378059387207031e-01,1.382166296243667603e-01,1.819588541984558105e-01,1.500427722930908203e-01,-4.041974246501922607e-02,1.006944775581359863e-01,1.516213268041610718e-01,8.482723683118820190e-02,9.903950244188308716e-02,1.226609721779823303e-01,1.754619479179382324e-01,1.738206148147583008e-01,7.891735434532165527e-02,1.096848323941230774e-01,1.443262100219726562e-01,1.427832692861557007e-01,1.043467223644256592e-01,1.524620354175567627e-01,1.938981376588344574e-02,-8.319687843322753906e-02,-5.594723671674728394e-02,-3.582219406962394714e-02,1.377827525138854980e-01,2.406174093484878540e-01,1.264278590679168701e-01,7.824579626321792603e-02,2.993812859058380127e-01,3.664464056491851807e-01,2.438821047544479370e-01,3.911476731300354004e-01,1.052478179335594177e-01,3.654911518096923828e-01,1.954403817653656006e-01,2.213800996541976929e-01,9.349454939365386963e-02,1.027829274535179138e-01,4.305237233638763428e-01,4.453929662704467773e-01,3.019934892654418945e-01,3.574549853801727295e-01,2.731073498725891113e-01,2.588340044021606445e-01,2.905546426773071289e-01,3.173221647739410400e-01,7.145850360393524170e-02,9.471421688795089722e-02,1.500220894813537598e-01,2.551416754722595215e-01,5.235664546489715576e-02,2.254980802536010742e-01,1.558334082365036011e-01,2.881951034069061279e-01,-1.158408727496862411e-02,-1.008092192932963371e-03,-6.404691934585571289e-02,-4.873733222484588623e-02,1.682125031948089600e-01,6.850580126047134399e-02,8.101797848939895630e-02,1.299621313810348511e-01,-5.616049095988273621e-02,5.747339129447937012e-02,2.203625440597534180e-02,1.405209209769964218e-02,8.827954530715942383e-02,2.490405924618244171e-02,2.333759367465972900e-01,8.038188517093658447e-02,1.471497267484664917e-01,5.647732317447662354e-02,8.769814670085906982e-02,4.560839384794235229e-02,1.478520482778549194e-01,1.365602165460586548e-01,4.320826847106218338e-03,1.230044588446617126e-01,1.066666394472122192e-01,1.464242953807115555e-02,4.243908077478408813e-02,1.104715839028358459e-02,9.328966587781906128e-02,-2.019572257995605469e-02
3.283584117889404297e-01,1.988901197910308838e-01,4.557201862335205078e-01,3.030941784381866455e-01,1.745805889368057251e-01,5.861768499016761780e-02,4.728222489356994629e-01,3.211603164672851562e-01,3.033890128135681152e-01,1.484971940517425537e-01,6.170561313629150391e-01,4.477596282958984375e-01,9.999997019767761230e-01,5.052868723869323730e-01,4.068824052810668945e-01,2.729093432426452637e-01,3.421876728534698486e-01,4.557637870311737061e-01,2.453394532203674316e-01,1.963099539279937744e-01,1.471535265445709229e-01,1.712636351585388184e-01,3.897124230861663818e-01,4.291913509368896484e-01,2.973862588405609131e-01,2.883861064910888672e-01,7.248250395059585571e-02,-4.863548278808593750e-02,4.113705456256866455e-01,3.616943657398223877e-01,5.131331086158752441e-01,5.093008279800415039e-01,3.800404071807861328e-01,3.350867927074432373e-01,3.775553405284881592e-01,3.323183953762054443e-01,2.838077843189239502e-01,3.192675411701202393e-01,1.117048412561416626e-01,1.869345754384994507e-01,1.738591194152832031e-01,2.038675397634506226e-01,1.608517765998840332e-01,2.481366991996765137e-01,2.343219816684722900e-01,2.179074436426162720e-01,1.645974367856979370e-01,2.065615355968475342e-01,1.738514900207519531e-01,2.006244510412216187e-01,1.788058727979660034e-01,2.656642496585845947e-01,1.222850289195775986e-02,-4.702525213360786438e-02,5.951803922653198242e-02,9.402086585760116577e-02,2.197169661521911621e-01,1.326491981744766235e-01,2.902716696262359619e-01,4.991958290338516235e-02,3.894650042057037354e-01,1.483424752950668335e-01,2.490513771772384644e-01,1.971826702356338501e-01,2.867277562618255615e-01,3.275450170040130615e-01,3.048133850097656250e-01,2.194558829069137573e-01,2.294413000345230103e-01,2.362269461154937744e-01,5.260457992553710938e-01,5.019224882125854492e-01,3.700413703918457031e-01,4.254749715328216553e-01,2.976638674736022949e-01,3.262933790683746338e-01,4.204847812652587891e-01,4.511289596557617188e-01,1.963128894567489624e-01,2.611377537250518799e-01,2.683734297752380371e-01,2.957770824432373047e-01,1.859312206506729126e-01,1.531769931316375732e-01,3.398339450359344482e-01,2.970795035362243652e-01,7.970228046178817749e-02,7.525698095560073853e-02,9.106571227312088013e-02,6.555768847465515137e-02,6.477413326501846313e-02,6.073437631130218506e-02,4.312092438340187073e-02,2.405879832804203033e-02,7.192327827215194702e-02,6.752333045005798340e-02,2.027443498373031616e-01,1.083793044090270996e-01,6.071929261088371277e-02,7.189495116472244263e-02,1.073870062828063965e-01,8.106984198093414307e-02,9.069048613309860229e-02,4.611827898770570755e-03,7.446956634521484375e-02,5.382140725851058960e-02,1.510299742221832275e-01,8.117420971393585205e-02,5.938836559653282166e-02,2.203000634908676147e-01,2.852003276348114014e-01,1.424694657325744629e-01,2.435247972607612610e-02,9.852973744273185730e-03,9.006238728761672974e-02,7.301699370145797729e-02
