9.999997615814208984e-01,8.074707388877868652e-01,6.796552538871765137e-01,7.390193343162536621e-01,-1.351861804723739624e-01,-8.509190380573272705e-02,5.937615633010864258e-01,6.572920680046081543e-01,-2.494319677352905273e-01,-2.090603262186050415e-01,2.154188156127929688e-01,2.236996293067932129e-01,9.784130007028579712e-02,6.733911484479904175e-02,-2.648731470108032227e-01,-3.601391315460205078e-01,-1.322637405246496201e-02,-2.588441036641597748e-02,7.897126078605651855e-01,7.552400827407836914e-01,-2.190707474946975708e-01,-2.690702974796295166e-01,5.884379744529724121e-01,5.670630931854248047e-01,-1.473167836666107178e-01,-1.425952613353729248e-01,-2.218736894428730011e-02,-4.246763512492179871e-02,-1.667310148477554321e-01,-3.003993630409240723e-01,3.783595561981201172e-02,9.745482355356216431e-02,5.109334588050842285e-01,4.721450805664062500e-01,-6.878735125064849854e-02,-1.777718812227249146e-01,-2.855061590671539307e-01,-4.375711381435394287e-01,-2.326539009809494019e-01,-3.351501524448394775e-01,-2.216508835554122925e-01,-2.613293826580047607e-01,-3.206667602062225342e-01,-3.514154255390167236e-01,-6.802294403314590454e-02,-9.094235301017761230e-02,-3.040799498558044434e-01,-3.494211435317993164e-01,3.368256846442818642e-03,5.631063133478164673e-02,-2.180878520011901855e-01,-1.858180463314056396e-01,-2.506361305713653564e-01,-2.610456347465515137e-01,-2.435053586959838867e-01,-3.444547951221466064e-01,8.149925470352172852e-01,7.731176614761352539e-01,7.581557631492614746e-01,7.322819232940673828e-01,6.710032224655151367e-01,7.147319912910461426e-01,3.516473770141601562e-01,3.949137926101684570e-01,3.752143979072570801e-01,4.534804821014404297e-01,5.510849356651306152e-01,4.627376794815063477e-01,6.307491660118103027e-01,5.927305817604064941e-01,-1.864484697580337524e-01,-1.869275420904159546e-01,-2.478730082511901855e-01,-2.990672588348388672e-01,-2.315985411405563354e-01,-2.271030992269515991e-01,-1.329422295093536377e-01,-1.413242071866989136e-01,-1.515000015497207642e-01,-1.008178293704986572e-01,-2.807344496250152588e-01,-2.411388158798217773e-01,-1.759648174047470093e-01,-3.029452562332153320e-01,-2.660569250583648682e-01,-3.705046474933624268e-01,-9.968135505914688110e-02,-2.256831079721450806e-01,4.284552112221717834e-02,-1.053789854049682617e-01,-8.617509901523590088e-02,-1.804101318120956421e-01,8.476027846336364746e-02,1.841175109148025513e-01,-6.599652767181396484e-02,-1.743232756853103638e-01,-1.450909227132797241e-01,-2.254529744386672974e-01,-2.954951226711273193e-01,-3.322720825672149658e-01,2.737399637699127197e-01,2.907069623470306396e-01,2.474920004606246948e-01,2.138846516609191895e-01,-1.436310354620218277e-02,-2.272339351475238800e-02,2.219216227531433105e-01,-1.727571524679660797e-02,-1.059669926762580872e-01,-1.797320842742919922e-01,-2.694098949432373047e-01,-2.380782663822174072e-01,-1.799862235784530640e-01,-1.113828048110008240e-01,-1.353168338537216187e-01,-7.856042683124542236e-02
8.074707388877868652e-01,1.000000000000000000e+00,5.680474638938903809e-01,7.066143155097961426e-01,-1.399100422859191895e-01,-1.414644122123718262e-01,4.970234632492065430e-01,6.619143486022949219e-01,-3.279379904270172119e-01,-2.662211656570434570e-01,8.777575939893722534e-02,3.255062401294708252e-01,-5.624017864465713501e-02,8.079840242862701416e-02,-3.371771872043609619e-01,-4.143649339675903320e-01,-8.267313987016677856e-02,2.873682789504528046e-02,7.573317289352416992e-01,7.611445784568786621e-01,-2.431990951299667358e-01,-3.087397217750549316e-01,5.540504455566406250e-01,5.331562757492065430e-01,-2.231564372777938843e-01,-2.222730815410614014e-01,-1.483514066785573959e-02,-6.905425339937210083e-02,-2.355637550354003906e-01,-2.970677614212036133e-01,1.058847457170486450e-02,8.280979096889495850e-02,6.616536974906921387e-01,6.134329438209533691e-01,-6.971888244152069092e-02,-1.533467769622802734e-01,-3.970971405506134033e-01,-5.053849220275878906e-01,-3.109594881534576416e-01,-3.993237316608428955e-01,-2.522104680538177490e-01,-3.473400473594665527e-01,-3.763269186019897461e-01,-3.834931254386901855e-01,-2.093498408794403076e-02,-1.953286491334438324e-02,-3.909115195274353027e-01,-4.239090979099273682e-01,9.603913873434066772e-02,1.461640894412994385e-01,-2.208491712808609009e-01,-9.021841734647750854e-02,-3.245157599449157715e-01,-3.273607194423675537e-01,-3.793627619743347168e-01,-4.276406466960906982e-01,7.901163101196289062e-01,8.556044101715087891e-01,7.314640283584594727e-01,7.324833273887634277e-01,7.580156922340393066e-01,8.027684092521667480e-01,4.089474678039550781e-01,5.471547842025756836e-01,3.340970873832702637e-01,5.072160363197326660e-01,5.451630949974060059e-01,4.940752685070037842e-01,5.974835157394409180e-01,5.977295041084289551e-01,-2.069691717624664307e-01,-1.582001298666000366e-01,-3.338107168674468994e-01,-2.875663638114929199e-01,-3.049331307411193848e-01,-2.218432575464248657e-01,-1.600002050399780273e-01,-1.368750035762786865e-01,-1.882535666227340698e-01,-3.663896024227142334e-02,-3.287149667739868164e-01,-1.841240227222442627e-01,-2.306253015995025635e-01,-3.362061679363250732e-01,-3.526510596275329590e-01,-3.790198862552642822e-01,-1.992784142494201660e-01,-3.070878088474273682e-01,-4.401250556111335754e-02,-1.641977578401565552e-01,-2.103576660156250000e-01,-2.559463679790496826e-01,1.981378532946109772e-02,4.929092898964881897e-02,-8.503788709640502930e-02,-2.235998958349227905e-01,-1.926973015069961548e-01,-2.815587818622589111e-01,-3.947423100471496582e-01,-4.892723262310028076e-01,2.030642032623291016e-01,1.637333184480667114e-01,1.907707750797271729e-01,9.492471069097518921e-02,-1.007631644606590271e-01,-1.079502478241920471e-01,1.211890727281570435e-01,-6.866315752267837524e-02,-1.099254041910171509e-01,-2.012586891651153564e-01,-3.026343584060668945e-01,-2.957373261451721191e-01,-2.885716855525970459e-01,-2.217263132333755493e-01,-2.511763572692871094e-01,-1.652836799621582031e-01
6.796552538871765137e-01,5.680474638938903809e-01,9.999998211860656738e-01,7.570655345916748047e-01,-1.826961338520050049e-01,-5.432836711406707764e-02,8.599638938903808594e-01,7.458686232566833496e-01,-6.966952234506607056e-02,-5.410836264491081238e-02,4.185846149921417236e-01,3.829462230205535889e-01,4.165947437286376953e-01,3.504727184772491455e-01,-1.376152038574218750e-01,-1.305331736803054810e-01,1.733887940645217896e-01,1.151140108704566956e-01,5.486539006233215332e-01,4.609233140945434570e-01,-1.417965143918991089e-01,-2.107987999916076660e-01,7.966604828834533691e-01,7.268583178520202637e-01,-6.421789526939392090e-03,4.027559608221054077e-02,-1.760322898626327515e-01,-1.257591545581817627e-01,-1.915245130658149719e-02,-3.840275108814239502e-02,3.761127889156341553e-01,4.276596605777740479e-01,4.446119368076324463e-01,4.556574523448944092e-01,1.615950763225555420e-01,8.947203308343887329e-02,-1.762428432703018188e-01,-2.383003830909729004e-01,-2.588403522968292236e-01,-2.608825564384460449e-01,-2.259013205766677856e-01,-1.716242134571075439e-01,-2.426194697618484497e-01,-2.314338982105255127e-01,-4.766736924648284912e-02,-8.026590943336486816e-02,-2.277334183454513550e-01,-2.660350799560546875e-01,-5.354800075292587280e-02,6.917887926101684570e-02,-1.021158993244171143e-01,-5.657795816659927368e-02,-1.855405867099761963e-01,-8.344805240631103516e-02,-2.190102934837341309e-01,-2.855733036994934082e-01,5.131080746650695801e-01,5.015184283256530762e-01,4.578026533126831055e-01,4.298754036426544189e-01,4.184160530567169189e-01,4.866430461406707764e-01,3.425024449825286865e-01,3.738071620464324951e-01,3.924727141857147217e-01,4.804361164569854736e-01,3.674319684505462646e-01,2.742311656475067139e-01,3.018015027046203613e-01,2.710909545421600342e-01,9.947397559881210327e-02,1.023499742150306702e-01,-2.491884864866733551e-02,-1.117087341845035553e-02,-1.229625418782234192e-01,-1.015346795320510864e-01,-6.765124201774597168e-02,-4.061488434672355652e-02,1.067909523844718933e-01,6.738493591547012329e-02,-1.901228725910186768e-02,5.590105894953012466e-03,-2.254884541034698486e-01,-2.245071679353713989e-01,-5.748216062784194946e-02,-1.632521897554397583e-01,-1.596652418375015259e-01,-1.724332273006439209e-01,-1.266009509563446045e-01,-1.553317904472351074e-01,-1.459452062845230103e-01,-1.672143489122390747e-01,-1.298090964555740356e-01,4.614861682057380676e-02,-9.473334997892379761e-02,-2.249104082584381104e-01,-2.147903442382812500e-01,-2.946429252624511719e-01,-3.279954195022583008e-01,-2.666101455688476562e-01,1.184194087982177734e-01,1.667704284191131592e-01,8.705870807170867920e-02,5.419635772705078125e-02,-1.441779434680938721e-01,-1.805896759033203125e-01,2.112744748592376709e-01,-8.737967908382415771e-02,-1.536212265491485596e-01,-2.321858108043670654e-01,-3.268103301525115967e-01,-3.104500174522399902e-01,-2.694042325019836426e-01,-1.845046281814575195e-01,-1.772451400756835938e-01,-1.783031821250915527e-01
7.390193343162536621e-01,7.066143155097961426e-01,7.570655345916748047e-01,1.000000238418579102e+00,-8.500849455595016479e-02,1.114839166402816772e-01,6.620913147926330566e-01,8.593213558197021484e-01,-2.110721766948699951e-01,3.450820595026016235e-02,2.584585845470428467e-01,3.144221901893615723e-01,1.682192087173461914e-01,2.942338585853576660e-01,-2.549796104431152344e-01,-2.342356592416763306e-01,2.818262763321399689e-02,-6.993857026100158691e-02,6.757289171218872070e-01,6.660623550415039062e-01,-2.071460932493209839e-01,-3.078785538673400879e-01,7.581062316894531250e-01,8.187050223350524902e-01,-6.217938289046287537e-02,4.270691052079200745e-02,-1.610927470028400421e-02,1.263806782662868500e-02,-1.732848584651947021e-01,-3.111264109611511230e-01,2.604629695415496826e-01,3.703284859657287598e-01,4.995280504226684570e-01,5.289155840873718262e-01,1.550199650228023529e-02,1.749869063496589661e-02,-4.634023904800415039e-01,-4.975522160530090332e-01,-3.945944607257843018e-01,-4.928372204303741455e-01,-2.783716320991516113e-01,-4.272071421146392822e-01,-3.573403358459472656e-01,-3.554283976554870605e-01,-3.089698590338230133e-02,-2.497808262705802917e-02,-4.057614803314208984e-01,-4.497642815113067627e-01,3.661303082481026649e-03,8.688202500343322754e-02,-2.060559689998626709e-01,-1.163449734449386597e-01,-2.920117676258087158e-01,-2.495105117559432983e-01,-3.805313408374786377e-01,-4.891712069511413574e-01,6.352958679199218750e-01,6.489663124084472656e-01,6.066122055053710938e-01,6.220737099647521973e-01,5.438247919082641602e-01,6.968461275100708008e-01,3.804255723953247070e-01,4.899684488773345947e-01,2.294391691684722900e-01,4.847005903720855713e-01,3.940543532371520996e-01,3.811271786689758301e-01,5.088022351264953613e-01,4.422428905963897705e-01,-1.412050127983093262e-01,-1.487318724393844604e-01,-2.259178608655929565e-01,-2.869342267513275146e-01,-2.559786438941955566e-01,-2.765189707279205322e-01,-2.469321638345718384e-01,-2.530614435672760010e-01,-6.893346458673477173e-02,-8.723291754722595215e-02,-2.580145597457885742e-01,-2.159609794616699219e-01,-2.698121964931488037e-01,-4.234932661056518555e-01,-3.648772835731506348e-01,-4.214351475238800049e-01,-1.677888482809066772e-01,-4.150429964065551758e-01,-6.775779277086257935e-02,-3.066879808902740479e-01,-1.439911127090454102e-01,-2.001527994871139526e-01,1.874813809990882874e-03,5.140206590294837952e-02,-1.588537245988845825e-01,-2.889920473098754883e-01,-2.780378460884094238e-01,-3.947164118289947510e-01,-3.898831307888031006e-01,-3.975506424903869629e-01,1.711427718400955200e-01,2.075577825307846069e-01,1.049461737275123596e-01,5.709920451045036316e-02,-1.716166585683822632e-01,-2.125697880983352661e-01,2.410040646791458130e-01,-5.128910392522811890e-02,-1.794307082891464233e-01,-2.612861394882202148e-01,-4.136341512203216553e-01,-3.719982504844665527e-01,-3.013619482517242432e-01,-1.997877955436706543e-01,-2.195311188697814941e-01,-2.658585309982299805e-01
-1.351861804723739624e-01,-1.399100422859191895e-01,-1.826961338520050049e-01,-8.500849455595016479e-02,9.999997019767761230e-01,7.247106432914733887e-01,-1.060003414750099182e-01,-3.342511132359504700e-02,6.865114569664001465e-01,6.439105868339538574e-01,4.015712738037109375e-01,1.457329839468002319e-01,3.771173059940338135e-01,3.680669069290161133e-01,7.371518015861511230e-01,6.462876796722412109e-01,3.762469887733459473e-01,2.509476542472839355e-01,-2.777191698551177979e-01,-2.239331454038619995e-01,5.461443066596984863e-01,4.976423084735870361e-01,9.973212331533432007e-02,1.218511164188385010e-01,7.563773393630981445e-01,6.548575162887573242e-01,7.492876052856445312e-01,7.232468128204345703e-01,5.479260087013244629e-01,3.576128184795379639e-01,4.780735075473785400e-01,4.378894567489624023e-01,-5.432551261037588120e-03,2.894695661962032318e-02,2.210501879453659058e-01,2.349462956190109253e-01,2.693304121494293213e-01,3.290274441242218018e-01,3.298952579498291016e-01,2.176547050476074219e-01,1.283093988895416260e-01,2.331715822219848633e-01,-5.670534912496805191e-03,1.013975664973258972e-01,1.344453096389770508e-01,2.134206444025039673e-01,2.404291741549968719e-02,1.236867537954822183e-04,1.793359518051147461e-01,1.433897018432617188e-01,5.862100794911384583e-02,8.737444877624511719e-02,-9.798281639814376831e-02,-1.337439119815826416e-01,2.394036650657653809e-01,1.590406596660614014e-01,-3.504047915339469910e-02,-6.556450575590133667e-02,-1.884415447711944580e-01,-2.003018409013748169e-01,-6.650433689355850220e-02,-4.003514349460601807e-02,2.261368930339813232e-02,4.305611923336982727e-02,-5.702750012278556824e-02,-1.231644451618194580e-01,5.208392627537250519e-03,1.071485728025436401e-01,-1.242661029100418091e-01,-4.645403847098350525e-02,3.299292623996734619e-01,2.755745649337768555e-01,4.941106438636779785e-01,2.807542085647583008e-01,4.511011540889739990e-01,2.228629589080810547e-01,1.825793385505676270e-01,1.399625372141599655e-02,2.039874643087387085e-01,1.820584833621978760e-01,3.629113435745239258e-01,2.053397297859191895e-01,3.737480342388153076e-01,2.250490486621856689e-01,2.679068744182586670e-01,2.230633795261383057e-01,3.820599317550659180e-01,1.431373953819274902e-01,4.740729629993438721e-01,7.456205785274505615e-02,-8.420222438871860504e-03,7.166738063097000122e-02,4.467864707112312317e-02,4.702092148363590240e-03,2.749951928853988647e-02,7.183706015348434448e-02,8.055187016725540161e-02,9.157133847475051880e-02,6.908999383449554443e-02,4.414912313222885132e-02,-1.914948970079421997e-01,-2.221792005002498627e-02,-1.347786039113998413e-01,-1.923564821481704712e-01,-4.863879829645156860e-02,-3.533099219202995300e-02,-1.222949773073196411e-01,1.905359327793121338e-02,7.768720388412475586e-03,9.101646393537521362e-02,1.076572462916374207e-01,2.254854515194892883e-02,6.784365326166152954e-02,9.391608834266662598e-02,3.061363473534584045e-02,-7.932172715663909912e-02
-8.509190380573272705e-02,-1.414644122123718262e-01,-5.432836711406707764e-02,1.114839166402816772e-01,7.247106432914733887e-01,1.000000119209289551e+00,-3.491886705160140991e-02,1.444768905639648438e-01,5.449720025062561035e-01,8.098101615905761719e-01,3.425444066524505615e-01,4.133536666631698608e-02,3.259488940238952637e-01,4.200573563575744629e-01,5.429198145866394043e-01,6.147024035453796387e-01,2.815425693988800049e-01,9.519398957490921021e-02,-2.287260890007019043e-01,-1.905461400747299194e-01,4.183866381645202637e-01,3.391222357749938965e-01,1.982625573873519897e-01,2.987858355045318604e-01,6.913527250289916992e-01,7.814166545867919922e-01,6.853013038635253906e-01,7.451001405715942383e-01,3.798312544822692871e-01,1.833418309688568115e-01,5.080926418304443359e-01,5.209819674491882324e-01,-5.085828900337219238e-02,1.840799301862716675e-02,2.431838512420654297e-01,3.579491078853607178e-01,8.740106225013732910e-02,2.364207059144973755e-01,1.794617474079132080e-01,5.868645012378692627e-02,4.759123921394348145e-02,5.832275003194808960e-02,2.322259545326232910e-02,1.546256840229034424e-01,1.631309539079666138e-01,2.214268594980239868e-01,1.018309872597455978e-02,-1.095014065504074097e-02,1.601185500621795654e-01,1.891899406909942627e-01,9.168418496847152710e-02,1.160876005887985229e-01,-4.004782438278198242e-02,-1.962137967348098755e-02,1.378917247056961060e-01,3.988620266318321228e-02,-9.211520664393901825e-03,-5.367995798587799072e-02,-1.394566893577575684e-01,-1.408935040235519409e-01,-1.040897592902183533e-01,-2.324894629418849945e-02,6.490072701126337051e-03,7.331074029207229614e-02,-1.249402686953544617e-01,-1.192586570978164673e-01,2.173447608947753906e-02,8.940301835536956787e-02,-6.309831887483596802e-02,-4.765388369560241699e-02,1.979148834943771362e-01,1.066548377275466919e-01,3.540906310081481934e-01,1.200044602155685425e-01,3.005804419517517090e-01,4.603162780404090881e-02,-3.147106245160102844e-02,-2.109535038471221924e-01,2.045239210128784180e-01,1.160371005535125732e-01,2.758493721485137939e-01,8.820337802171707153e-02,2.440500855445861816e-01,7.482295483350753784e-02,1.690236926078796387e-01,1.089545264840126038e-01,3.662735819816589355e-01,-1.392980758100748062e-02,3.599914312362670898e-01,-5.789918825030326843e-02,-8.350388379767537117e-04,4.840158298611640930e-02,-7.178344298154115677e-03,-3.425287827849388123e-02,-5.274346098303794861e-02,-2.211380563676357269e-02,-5.130714736878871918e-03,-5.039712414145469666e-02,2.935228496789932251e-02,6.145825609564781189e-02,-2.312250435352325439e-01,-3.263692930340766907e-02,-1.843470782041549683e-01,-1.999072581529617310e-01,-1.349937915802001953e-01,-1.481786370277404785e-01,-2.581257559359073639e-02,1.197976339608430862e-02,-8.673609048128128052e-02,1.696967333555221558e-02,3.877680283039808273e-03,-7.060923427343368530e-02,2.544656582176685333e-02,1.692327484488487244e-02,-5.437027662992477417e-02,-1.691895574331283569e-01
5.937615633010864258e-01,4.970234632492065430e-01,8.599638938903808594e-01,6.620913147926330566e-01,-1.060003414750099182e-01,-3.491886705160140991e-02,1.000000238418579102e+00,7.109463810920715332e-01,5.041851848363876343e-02,-2.450416795909404755e-02,5.480593442916870117e-01,5.299025774002075195e-01,5.657418370246887207e-01,4.979609847068786621e-01,-3.037136048078536987e-02,-2.797434665262699127e-02,2.977538704872131348e-01,2.820367217063903809e-01,4.076893031597137451e-01,3.418063223361968994e-01,-5.003361776471138000e-02,-1.119942218065261841e-01,7.978631258010864258e-01,6.911082863807678223e-01,7.324083894491195679e-02,1.059749796986579895e-01,-1.257405132055282593e-01,-8.685589581727981567e-02,1.089647412300109863e-01,1.301654279232025146e-01,5.120667219161987305e-01,5.401784181594848633e-01,5.064651966094970703e-01,5.245350003242492676e-01,2.081649005413055420e-01,1.437586843967437744e-01,-7.882048934698104858e-02,-1.300338655710220337e-01,-2.186428308486938477e-01,-2.075242996215820312e-01,-2.049725949764251709e-01,-1.078636422753334045e-01,-2.051346302032470703e-01,-1.715394258499145508e-01,3.402645885944366455e-02,5.373544059693813324e-03,-1.981086283922195435e-01,-2.182903587818145752e-01,3.128601703792810440e-03,1.161891445517539978e-01,-6.007418036460876465e-02,-5.266997031867504120e-04,-2.217213511466979980e-01,-9.410473704338073730e-02,-2.059725224971771240e-01,-2.512322962284088135e-01,4.349267184734344482e-01,4.356511831283569336e-01,3.256812095642089844e-01,2.922065556049346924e-01,4.054501056671142578e-01,4.340428113937377930e-01,4.170994162559509277e-01,4.509126245975494385e-01,3.774127960205078125e-01,4.840779900550842285e-01,3.438792824745178223e-01,3.036204576492309570e-01,1.993927210569381714e-01,2.018112987279891968e-01,2.442547976970672607e-01,2.609579265117645264e-01,1.166531443595886230e-01,1.415372490882873535e-01,-2.979900920763611794e-03,3.217704221606254578e-02,4.226179048418998718e-02,7.668211311101913452e-02,2.190266251564025879e-01,1.937247663736343384e-01,1.321716606616973877e-01,1.371808946132659912e-01,-1.817471534013748169e-01,-1.563920825719833374e-01,1.119364984333515167e-02,-5.350558459758758545e-02,-2.089265733957290649e-01,-1.577351689338684082e-01,-1.562475264072418213e-01,-1.670921295881271362e-01,-2.292644530534744263e-01,-2.249642312526702881e-01,-2.408422976732254028e-01,-7.057656347751617432e-02,-9.072910249233245850e-02,-2.154902517795562744e-01,-1.954631805419921875e-01,-2.426580339670181274e-01,-3.240092992782592773e-01,-2.886937260627746582e-01,1.001415308564901352e-02,3.138601034879684448e-02,-2.121008746325969696e-02,-6.664620339870452881e-02,-2.076984047889709473e-01,-2.241766601800918579e-01,1.653765290975570679e-01,-1.070303469896316528e-01,-1.407032012939453125e-01,-1.993131190538406372e-01,-2.675687372684478760e-01,-3.017084300518035889e-01,-3.039233088493347168e-01,-2.176449894905090332e-01,-1.908057332038879395e-01,-1.829013675451278687e-01
6.572920680046081543e-01,6.619143486022949219e-01,7.458686232566833496e-01,8.593213558197021484e-01,-3.342511132359504700e-02,1.444768905639648438e-01,7.109463810920715332e-01,9.999997019767761230e-01,-1.559976488351821899e-01,8.693133294582366943e-02,3.557183444499969482e-01,4.997076392173767090e-01,2.717923223972320557e-01,4.864333271980285645e-01,-2.096824645996093750e-01,-1.563181877136230469e-01,1.442865729331970215e-01,1.157057285308837891e-01,5.213013291358947754e-01,5.185624361038208008e-01,-1.671642363071441650e-01,-2.591827213764190674e-01,7.979698777198791504e-01,8.334631919860839844e-01,5.607903469353914261e-03,1.115984693169593811e-01,-7.012066897004842758e-03,2.093026414513587952e-02,-6.823796778917312622e-02,-1.456315666437149048e-01,3.978554010391235352e-01,5.093901753425598145e-01,5.857866406440734863e-01,6.301464438438415527e-01,1.095214784145355225e-01,1.356728076934814453e-01,-4.212625622749328613e-01,-4.267504513263702393e-01,-4.268465936183929443e-01,-4.825623929500579834e-01,-3.050301373004913330e-01,-4.023772180080413818e-01,-3.232885003089904785e-01,-2.858254909515380859e-01,6.447637826204299927e-02,6.759028881788253784e-02,-3.991783261299133301e-01,-4.247190356254577637e-01,9.596344083547592163e-02,1.771920919418334961e-01,-1.327751725912094116e-01,6.735906936228275299e-03,-3.204070031642913818e-01,-2.464675009250640869e-01,-4.133112132549285889e-01,-5.019937157630920410e-01,5.594050884246826172e-01,5.932202935218811035e-01,5.015866756439208984e-01,5.121901035308837891e-01,5.601481795310974121e-01,6.819462180137634277e-01,4.752843379974365234e-01,6.158684492111206055e-01,2.575778067111968994e-01,5.903406143188476562e-01,3.600901365280151367e-01,3.976517915725708008e-01,3.469222784042358398e-01,2.890012860298156738e-01,-1.598179107531905174e-03,2.210118062794208527e-02,-1.172404661774635315e-01,-1.336822062730789185e-01,-1.865825802087783813e-01,-1.821811050176620483e-01,-1.626520752906799316e-01,-1.625216752290725708e-01,3.860502317547798157e-02,8.575724065303802490e-02,-1.317920684814453125e-01,-3.743527457118034363e-02,-2.836873531341552734e-01,-3.919473588466644287e-01,-3.089412748813629150e-01,-2.989726662635803223e-01,-2.480326741933822632e-01,-4.447053372859954834e-01,-1.441985666751861572e-01,-3.434184789657592773e-01,-2.550283074378967285e-01,-2.657927870750427246e-01,-1.506034582853317261e-01,-1.234015598893165588e-01,-1.652284562587738037e-01,-3.028546571731567383e-01,-3.067663609981536865e-01,-4.077708125114440918e-01,-4.434793293476104736e-01,-4.560642540454864502e-01,5.076195299625396729e-02,4.796606674790382385e-02,-1.334293652325868607e-02,-9.717670828104019165e-02,-2.769716084003448486e-01,-3.174252212047576904e-01,1.940312236547470093e-01,-1.043778434395790100e-01,-1.869290024042129517e-01,-2.695199847221374512e-01,-4.120971262454986572e-01,-3.998986482620239258e-01,-3.927714228630065918e-01,-2.753405570983886719e-01,-2.669681012630462646e-01,-3.158597350120544434e-01
-2.494319677352905273e-01,-3.279379904270172119e-01,-6.966952234506607056e-02,-2.110721766948699951e-01,6.865114569664001465e-01,5.449720025062561035e-01,5.041851848363876343e-02,-1.559976488351821899e-01,1.000000357627868652e+00,6.102986335754394531e-01,4.689050018787384033e-01,1.101318001747131348e-01,5.704118609428405762e-01,3.783513605594635010e-01,8.524172306060791016e-01,7.610436081886291504e-01,4.443973600864410400e-01,2.780983746051788330e-01,-3.913883268833160400e-01,-3.802268505096435547e-01,5.913489460945129395e-01,5.919925570487976074e-01,7.209628820419311523e-02,9.409222402609884739e-04,6.701712608337402344e-01,6.058052778244018555e-01,4.992774426937103271e-01,4.981558322906494141e-01,5.885059833526611328e-01,5.377149581909179688e-01,5.079711675643920898e-01,4.116847217082977295e-01,-1.694230139255523682e-01,-1.504794806241989136e-01,2.713586091995239258e-01,2.962223887443542480e-01,5.299189090728759766e-01,5.517275929450988770e-01,4.541720151901245117e-01,4.106342196464538574e-01,1.840831935405731201e-01,4.370943009853363037e-01,6.822254508733749390e-02,1.235181391239166260e-01,3.215710818767547607e-02,6.356710195541381836e-02,1.737868934869766235e-01,1.129204630851745605e-01,1.976119913160800934e-02,1.947294361889362335e-02,9.452705085277557373e-02,6.149278022348880768e-03,4.842825233936309814e-02,2.194617874920368195e-02,4.439215660095214844e-01,3.475103378295898438e-01,-2.294996082782745361e-01,-2.555880248546600342e-01,-3.001100420951843262e-01,-3.720209896564483643e-01,-2.539099156856536865e-01,-2.648022770881652832e-01,-1.005011647939682007e-01,-1.531652212142944336e-01,1.076854020357131958e-02,-2.177248597145080566e-01,-3.927637264132499695e-02,-2.218279242515563965e-02,-2.751577794551849365e-01,-1.614166945219039917e-01,4.630712270736694336e-01,4.199801087379455566e-01,6.247700452804565430e-01,4.831658899784088135e-01,5.296093821525573730e-01,3.329120278358459473e-01,2.516591250896453857e-01,1.370279937982559204e-01,3.608189821243286133e-01,2.013533413410186768e-01,5.785968899726867676e-01,3.247528076171875000e-01,4.322920739650726318e-01,4.174584150314331055e-01,5.513644814491271973e-01,4.118642807006835938e-01,3.946814835071563721e-01,3.626719117164611816e-01,4.972277581691741943e-01,2.201455235481262207e-01,6.348146498203277588e-02,9.953317791223526001e-02,-6.594093888998031616e-02,8.829335682094097137e-03,2.902164682745933533e-02,1.141187623143196106e-01,1.114059239625930786e-01,1.486742645502090454e-01,1.253576278686523438e-01,1.662595123052597046e-01,-2.411775290966033936e-01,-4.575810953974723816e-02,-1.912866383790969849e-01,-1.712570786476135254e-01,-8.770143240690231323e-02,-5.747574940323829651e-02,-1.147801429033279419e-01,5.776459351181983948e-03,-2.487594820559024811e-02,1.002531871199607849e-01,1.529447287321090698e-01,6.011597439646720886e-02,5.545785278081893921e-02,1.563926413655281067e-02,2.285267971456050873e-02,-6.775577366352081299e-02
-2.090603262186050415e-01,-2.662211656570434570e-01,-5.410836264491081238e-02,3.450820595026016235e-02,6.439105868339538574e-01,8.098101615905761719e-01,-2.450416795909404755e-02,8.693133294582366943e-02,6.102986335754394531e-01,9.999997019767761230e-01,3.127304911613464355e-01,2.947034500539302826e-02,3.582539260387420654e-01,4.488186836242675781e-01,5.745728611946105957e-01,6.965538263320922852e-01,3.074233531951904297e-01,4.075970500707626343e-02,-2.959024012088775635e-01,-2.847897410392761230e-01,3.784981071949005127e-01,3.118383586406707764e-01,1.618527621030807495e-01,2.365173399448394775e-01,6.342325210571289062e-01,7.120553851127624512e-01,4.870516061782836914e-01,5.431964993476867676e-01,4.299779534339904785e-01,2.552849352359771729e-01,5.119673013687133789e-01,5.062116980552673340e-01,-1.160248294472694397e-01,-4.889458417892456055e-02,2.929824590682983398e-01,4.395587444305419922e-01,1.444517076015472412e-01,3.126355409622192383e-01,1.364343464374542236e-01,7.741565257310867310e-02,8.732669055461883545e-02,8.775798976421356201e-02,5.396533012390136719e-02,1.345592439174652100e-01,7.915560901165008545e-02,1.118518710136413574e-01,2.513814158737659454e-02,-1.719934633001685143e-03,8.101826161146163940e-02,1.019089892506599426e-01,6.971795111894607544e-02,9.406223893165588379e-02,1.379273924976587296e-02,5.232430994510650635e-02,1.604227274656295776e-01,6.463766843080520630e-02,-1.643001288175582886e-01,-2.236611694097518921e-01,-2.571095228195190430e-01,-2.536233663558959961e-01,-1.923829168081283569e-01,-1.485325247049331665e-01,-8.143073320388793945e-02,-5.896755307912826538e-02,-1.802977323532104492e-01,-1.320500075817108154e-01,-1.087474673986434937e-01,-4.739619791507720947e-02,-2.208931297063827515e-01,-1.720599681138992310e-01,2.613208889961242676e-01,1.477008312940597534e-01,3.863524794578552246e-01,1.762260794639587402e-01,2.904958426952362061e-01,1.447405084036290646e-03,-3.968366235494613647e-02,-2.347326427698135376e-01,2.549454271793365479e-01,8.849211037158966064e-02,3.408444225788116455e-01,8.682063221931457520e-02,2.531427443027496338e-01,1.564351171255111694e-01,2.219132781028747559e-01,1.510436981916427612e-01,3.492925465106964111e-01,1.692566834390163422e-02,2.543448805809020996e-01,-1.057580187916755676e-01,4.698428884148597717e-02,1.100634112954139709e-01,2.531932853162288666e-02,-3.451099619269371033e-02,-4.955414682626724243e-02,4.895300604403018951e-03,1.960986061021685600e-03,-3.454991430044174194e-02,5.778519809246063232e-02,9.680921584367752075e-02,-1.896497458219528198e-01,-3.453053906559944153e-02,-1.866973340511322021e-01,-1.522280126810073853e-01,-1.380953937768936157e-01,-1.524838358163833618e-01,-1.222357973456382751e-01,-8.385010994970798492e-03,-5.257675424218177795e-02,3.883967548608779907e-02,2.661863155663013458e-02,-2.018737047910690308e-02,2.279801666736602783e-02,9.043484926223754883e-03,-5.351447686553001404e-02,-1.795463263988494873e-01
2.154188156127929688e-01,8.777575939893722534e-02,4.185846149921417236e-01,2.584585845470428467e-01,4.015712738037109375e-01,3.425444066524505615e-01,5.480593442916870117e-01,3.557183444499969482e-01,4.689050018787384033e-01,3.127304911613464355e-01,9.999998211860656738e-01,5.951452255249023438e-01,8.301765322685241699e-01,6.788121461868286133e-01,4.533057510852813721e-01,4.211390614509582520e-01,7.264968752861022949e-01,5.874634981155395508e-01,-6.184090673923492432e-02,-6.361841410398483276e-02,3.792119026184082031e-01,3.301313221454620361e-01,5.547556877136230469e-01,4.562539458274841309e-01,5.493186116218566895e-01,5.124825835227966309e-01,2.376172989606857300e-01,2.812705636024475098e-01,6.396579742431640625e-01,5.214677453041076660e-01,7.371875643730163574e-01,7.073932290077209473e-01,2.422383278608322144e-01,2.797110676765441895e-01,2.867053747177124023e-01,2.309413552284240723e-01,2.644558846950531006e-01,2.151544839143753052e-01,6.989167630672454834e-02,5.634319782257080078e-02,-1.105648204684257507e-01,2.040767371654510498e-01,-5.235382914543151855e-02,6.343147903680801392e-02,2.000226080417633057e-01,1.757592707872390747e-01,-2.576932869851589203e-02,-3.465903550386428833e-02,5.978029221296310425e-02,1.127668544650077820e-01,6.209625303745269775e-02,-8.993063122034072876e-03,-2.253070473670959473e-01,-1.624913662672042847e-01,4.484983906149864197e-02,-3.954548761248588562e-02,2.214493602514266968e-01,1.668755859136581421e-01,-3.747791051864624023e-02,-8.905742317438125610e-02,1.243129372596740723e-01,1.317639648914337158e-01,4.388506412506103516e-01,3.830768764019012451e-01,2.765552401542663574e-01,1.948063224554061890e-01,2.269363105297088623e-01,2.814993560314178467e-01,6.651869043707847595e-03,4.470193758606910706e-02,5.440701842308044434e-01,5.184218287467956543e-01,6.055359244346618652e-01,4.903012514114379883e-01,4.242035448551177979e-01,3.824715614318847656e-01,3.012053966522216797e-01,2.207371741533279419e-01,4.720692336559295654e-01,4.625566005706787109e-01,5.290966629981994629e-01,4.211412370204925537e-01,1.108551770448684692e-01,6.502611190080642700e-02,3.359842300415039062e-01,2.547752857208251953e-01,5.706858634948730469e-02,7.869731634855270386e-02,1.482975631952285767e-01,-2.924061007797718048e-02,-2.095520347356796265e-01,-1.302944421768188477e-01,-3.329649865627288818e-01,-1.998200267553329468e-01,4.430329799652099609e-02,-3.693084698170423508e-03,-3.783427178859710693e-02,-8.311176300048828125e-02,-1.574733555316925049e-01,-1.650969982147216797e-01,-2.523886561393737793e-01,-1.600836664438247681e-01,-2.018185704946517944e-01,-3.216896951198577881e-01,-2.220462113618850708e-01,-2.261731177568435669e-01,8.428620547056198120e-02,-6.862547993659973145e-02,-5.260678753256797791e-02,-5.224011093378067017e-02,-1.294416040182113647e-01,-1.723947227001190186e-01,-2.302102744579315186e-01,-1.398753672838211060e-01,-9.198217093944549561e-02,-1.498707383871078491e-01
2.236996293067932129e-01,3.255062401294708252e-01,3.829462230205535889e-01,3.144221901893615723e-01,1.457329839468002319e-01,4.133536666631698608e-02,5.299025774002075195e-01,4.997076392173767090e-01,1.101318001747131348e-01,2.947034500539302826e-02,5.951452255249023438e-01,1.000000000000000000e+00,5.248026847839355469e-01,7.420951724052429199e-01,8.000022917985916138e-02,1.431213915348052979e-01,5.375155806541442871e-01,6.802693009376525879e-01,3.588379127904772758e-03,3.126640617847442627e-02,1.393672227859497070e-01,1.189348995685577393e-01,5.146877765655517578e-01,4.358000457286834717e-01,1.908249258995056152e-01,1.671262830495834351e-01,5.557367578148841858e-02,3.633997216820716858e-02,3.368002474308013916e-01,4.381516277790069580e-01,5.722159743309020996e-01,5.965632796287536621e-01,5.186768770217895508e-01,5.406773686408996582e-01,2.213218808174133301e-01,1.891880780458450317e-01,3.448804840445518494e-03,-1.346937101334333420e-02,-2.027208656072616577e-01,-1.115219518542289734e-01,-1.732139438390731812e-01,8.568446151912212372e-03,-1.398359537124633789e-01,-3.830322623252868652e-02,2.094217538833618164e-01,2.038929015398025513e-01,-1.703361272811889648e-01,-1.414048373699188232e-01,1.952305436134338379e-01,2.249438613653182983e-01,5.433303117752075195e-02,1.829465627670288086e-01,-2.911177873611450195e-01,-2.322223186492919922e-01,-2.739163339138031006e-01,-2.086503803730010986e-01,2.464330494403839111e-01,3.281337320804595947e-01,3.072022087872028351e-02,1.517276838421821594e-02,3.412372171878814697e-01,3.568038940429687500e-01,6.244944930076599121e-01,6.795529127120971680e-01,2.683270275592803955e-01,4.834823608398437500e-01,1.625184416770935059e-01,2.761073410511016846e-01,2.124418970197439194e-03,3.371018217876553535e-03,3.905288577079772949e-01,5.089784860610961914e-01,3.009331822395324707e-01,4.096845090389251709e-01,1.839771419763565063e-01,3.094288110733032227e-01,2.611201703548431396e-01,2.793177664279937744e-01,3.484667241573333740e-01,5.173745155334472656e-01,3.293512761592864990e-01,5.092642903327941895e-01,-1.590910851955413818e-01,-5.566582456231117249e-02,6.053051352500915527e-02,2.226541489362716675e-01,-3.008893132209777832e-01,-1.316414028406143188e-01,-1.897059828042984009e-01,-1.462206244468688965e-01,-3.634268343448638916e-01,-2.475058436393737793e-01,-3.604615628719329834e-01,-3.643144965171813965e-01,-1.888992637395858765e-02,-1.006326824426651001e-01,-1.253870576620101929e-01,-1.456287801265716553e-01,-3.388313055038452148e-01,-4.005277752876281738e-01,-2.406547665596008301e-01,-2.886875569820404053e-01,-2.887209653854370117e-01,-4.311002790927886963e-01,-3.286897540092468262e-01,-3.343328833580017090e-01,-8.569682016968727112e-03,-1.773757934570312500e-01,-2.555229142308235168e-02,-1.194746270775794983e-01,-1.700171828269958496e-01,-2.422463148832321167e-01,-3.966652154922485352e-01,-3.030059933662414551e-01,-2.334365844726562500e-01,-2.607165575027465820e-01
9.784130007028579712e-02,-5.624017864465713501e-02,4.165947437286376953e-01,1.682192087173461914e-01,3.771173059940338135e-01,3.259488940238952637e-01,5.657418370246887207e-01,2.717923223972320557e-01,5.704118609428405762e-01,3.582539260387420654e-01,8.301765322685241699e-01,5.248026847839355469e-01,9.999995827674865723e-01,6.837263703346252441e-01,5.448626279830932617e-01,5.397260785102844238e-01,6.733437180519104004e-01,5.354456901550292969e-01,-1.866457164287567139e-01,-2.049364000558853149e-01,4.369993507862091064e-01,4.020460247993469238e-01,4.868850708007812500e-01,3.894495069980621338e-01,5.757459402084350586e-01,5.418108105659484863e-01,2.113527655601501465e-01,2.656839191913604736e-01,6.495844125747680664e-01,5.794055461883544922e-01,7.503942847251892090e-01,6.943228244781494141e-01,8.795919269323348999e-02,1.343553215265274048e-01,2.822134494781494141e-01,2.289919704198837280e-01,3.805944919586181641e-01,3.591877222061157227e-01,1.653534621000289917e-01,2.029676586389541626e-01,8.963142521679401398e-03,3.252882063388824463e-01,-3.277068957686424255e-03,8.799354732036590576e-02,1.662024557590484619e-01,1.733099669218063354e-01,8.734835684299468994e-02,6.413708627223968506e-02,4.317097365856170654e-02,8.389599621295928955e-02,1.064043641090393066e-01,2.732032723724842072e-02,-1.161249876022338867e-01,-2.914304658770561218e-02,1.708832532167434692e-01,1.286305040121078491e-01,4.285080358386039734e-02,-1.061019115149974823e-02,-1.570675820112228394e-01,-2.042339593172073364e-01,-4.300181940197944641e-02,-7.952314801514148712e-03,2.532542645931243896e-01,2.145915925502777100e-01,1.958575844764709473e-01,1.541166901588439941e-01,9.073475748300552368e-02,1.406400352716445923e-01,-1.520353108644485474e-01,-1.042645052075386047e-01,6.104418039321899414e-01,5.796201229095458984e-01,6.571040749549865723e-01,5.491681098937988281e-01,4.889796674251556396e-01,4.135457575321197510e-01,3.251751959323883057e-01,2.734675109386444092e-01,4.921874701976776123e-01,4.250859022140502930e-01,6.010353565216064453e-01,4.696420133113861084e-01,1.569419652223587036e-01,2.125513106584548950e-01,4.221789538860321045e-01,3.618903458118438721e-01,1.141128838062286377e-01,1.984392106533050537e-01,1.133550852537155151e-01,4.000522941350936890e-02,-1.087783947587013245e-01,-3.352859616279602051e-02,-2.781279385089874268e-01,-1.220862120389938354e-01,2.639839425683021545e-02,1.724489778280258179e-02,1.711791567504405975e-02,2.153694443404674530e-02,-3.596576303243637085e-02,3.116308478638529778e-03,-2.053777873516082764e-01,-1.073606684803962708e-01,-1.867900490760803223e-01,-2.233376204967498779e-01,-1.906060576438903809e-01,-1.765021681785583496e-01,3.705118596553802490e-02,-4.643258824944496155e-02,-1.988772861659526825e-02,-1.028472278267145157e-02,-3.476691991090774536e-02,-1.080366075038909912e-01,-1.324112564325332642e-01,-6.257946044206619263e-02,-3.630971536040306091e-02,-1.257845759391784668e-01
