9.999997615814208984e-01,2.233912199735641479e-01,-1.509043388068675995e-02,4.327977895736694336e-01,3.328842669725418091e-02,7.423488050699234009e-02,2.433579415082931519e-01,2.240358144044876099e-01,-4.780552536249160767e-02,8.095542341470718384e-02,4.055074453353881836e-01,3.327202498912811279e-01,1.329106390476226807e-01,2.834896445274353027e-01,-7.180392742156982422e-02,-5.843625962734222412e-02,1.887630373239517212e-01,1.893557757139205933e-01,3.618777394294738770e-01,3.884290158748626709e-01,-9.322257339954376221e-02,-6.370199471712112427e-02,-2.569365203380584717e-01,-4.879240319132804871e-02,-7.197412103414535522e-02,2.898581139743328094e-02,-3.563571348786354065e-02,-2.206827513873577118e-02,2.242114394903182983e-01,1.086105704307556152e-01,8.841821923851966858e-03,7.979022711515426636e-02,2.927507460117340088e-01,2.618316709995269775e-01,1.091464236378669739e-01,1.183487325906753540e-01,1.307565718889236450e-01,6.332061439752578735e-02,5.366377159953117371e-02,1.573453657329082489e-02,-2.399466000497341156e-02,-3.898511454463005066e-02,-1.908673793077468872e-01,-1.374122947454452515e-01,-9.561734646558761597e-02,-1.809250563383102417e-01,-3.256838303059339523e-03,-2.884899452328681946e-02,-1.199595853686332703e-01,-8.510916680097579956e-02,-1.347417235374450684e-01,-1.787380427122116089e-01,-1.454930752515792847e-01,-1.213167682290077209e-01,2.462138980627059937e-02,-1.360159134492278099e-03,4.085754454135894775e-01,2.746542096138000488e-01,3.199363052845001221e-01,1.041499897837638855e-01,1.893909126520156860e-01,6.376513093709945679e-02,2.686464190483093262e-01,2.376522123813629150e-01,1.649695336818695068e-01,3.548717871308326721e-02,2.414720207452774048e-01,1.688476651906967163e-01,2.873627245426177979e-01,2.963011153042316437e-02,6.403247267007827759e-02,1.370766013860702515e-01,1.076204180717468262e-01,1.870942860841751099e-01,1.411795616149902344e-01,1.429717242717742920e-01,1.070367097854614258e-01,1.017051339149475098e-01,2.708984315395355225e-01,1.655825823545455933e-01,2.638609111309051514e-01,1.368825286626815796e-01,-8.691411465406417847e-03,-9.091808646917343140e-02,1.970457881689071655e-01,2.846941119059920311e-03,-1.033908724784851074e-01,-9.670845419168472290e-02,5.477334186434745789e-02,-6.352154910564422607e-02,-4.778012633323669434e-02,-1.411587372422218323e-02,-9.837370365858078003e-02,-9.957730025053024292e-02,8.497162163257598877e-02,1.168137695640325546e-02,3.905941545963287354e-02,-4.788834229111671448e-02,2.478868886828422546e-02,6.552816927433013916e-02,-7.539182901382446289e-02,2.761354297399520874e-02,-5.712630599737167358e-02,7.199055701494216919e-02,-6.679749488830566406e-02,-3.797623515129089355e-02,4.542720969766378403e-03,6.289984285831451416e-02,1.774680018424987793e-01,8.618282526731491089e-02,-7.075279206037521362e-02,-6.251130998134613037e-02,-4.206454753875732422e-02,8.251582086086273193e-02,-5.984731763601303101e-02,-3.737216815352439880e-02
2.233912199735641479e-01,9.999999403953552246e-01,2.892191894352436066e-02,1.407417207956314087e-01,6.151137128472328186e-02,8.190672844648361206e-02,-1.044149547815322876e-01,-4.163452982902526855e-02,-2.441118210554122925e-01,-1.161005198955535889e-01,7.434761524200439453e-02,3.188587129116058350e-01,-1.694251298904418945e-01,1.579740345478057861e-01,-1.402725130319595337e-01,4.847781360149383545e-02,2.491753995418548584e-01,4.070875048637390137e-01,-1.250925753265619278e-02,1.495669502764940262e-02,-6.564844399690628052e-02,-1.617268286645412445e-02,-1.326936669647693634e-02,5.981962382793426514e-02,6.768041104078292847e-02,7.790688425302505493e-02,1.175286844372749329e-01,1.812343001365661621e-01,-3.368185833096504211e-02,1.959334015846252441e-01,-1.931369602680206299e-01,-1.454117447137832642e-01,4.401918351650238037e-01,4.076490402221679688e-01,-3.712439164519309998e-02,-1.087925657629966736e-01,-2.112603373825550079e-02,2.977408096194267273e-02,-2.141653001308441162e-02,7.596207433380186558e-04,2.605385705828666687e-02,-4.926866665482521057e-02,6.325180828571319580e-02,1.740109920501708984e-01,1.369265373796224594e-03,1.385194212198257446e-01,-1.411062926054000854e-01,1.932083256542682648e-02,8.738601952791213989e-02,2.646164894104003906e-01,2.008699625730514526e-01,4.407724142074584961e-01,3.804987296462059021e-02,1.709484308958053589e-01,-1.201844587922096252e-01,-7.556514814496040344e-03,4.759984016418457031e-01,5.410602688789367676e-01,8.497211150825023651e-03,2.992308884859085083e-02,1.387787908315658569e-01,2.442835718393325806e-01,-2.139033051207661629e-03,3.084380328655242920e-01,5.144593492150306702e-02,1.117784604430198669e-01,1.197462454438209534e-01,2.103339433670043945e-01,6.451586633920669556e-02,3.381832838058471680e-01,-1.725376397371292114e-01,-6.171032413840293884e-02,-9.813877753913402557e-03,1.328123956918716431e-01,-2.069774642586708069e-02,-4.736370965838432312e-02,-6.899785995483398438e-02,1.178165525197982788e-02,1.456906646490097046e-01,2.185755223035812378e-01,1.282625645399093628e-01,2.881028950214385986e-01,5.980186164379119873e-02,3.103980422019958496e-01,1.244957894086837769e-01,2.444366514682769775e-01,6.704104691743850708e-02,1.315617114305496216e-01,1.266483776271343231e-02,2.196765244007110596e-01,-1.219436079263687134e-01,1.398983746767044067e-01,-2.324261888861656189e-02,2.013999074697494507e-01,9.176912717521190643e-03,-2.249317243695259094e-02,-8.072032034397125244e-02,-4.755623266100883484e-02,-1.068870499730110168e-01,-3.576447488740086555e-04,9.605336003005504608e-03,3.089070320129394531e-01,-1.192406788468360901e-01,7.641974836587905884e-02,7.459496147930622101e-03,2.342471629381179810e-01,2.603816427290439606e-02,1.183772310614585876e-01,4.218878597021102905e-02,-3.745052590966224670e-02,4.520618915557861328e-02,-3.018134087324142456e-02,1.926557868719100952e-01,6.192616000771522522e-02,2.962619811296463013e-02,5.703767761588096619e-02
-1.509043388068675995e-02,2.892191894352436066e-02,1.000000357627868652e+00,4.331653714179992676e-01,1.830294579267501831e-01,1.733843237161636353e-01,4.544994235038757324e-01,3.533499538898468018e-01,1.522920578718185425e-01,8.891605585813522339e-02,1.811162531375885010e-01,1.679405570030212402e-01,3.470426797866821289e-01,2.359728962182998657e-01,1.896869763731956482e-02,1.033135205507278442e-01,1.017430499196052551e-01,1.039930731058120728e-01,1.545305550098419189e-01,-1.368573494255542755e-02,1.129442527890205383e-01,1.109194010496139526e-01,6.281635761260986328e-01,4.938417077064514160e-01,1.048551425337791443e-01,1.304766386747360229e-01,1.772963255643844604e-01,9.052295237779617310e-02,2.588045001029968262e-01,1.796943247318267822e-01,2.893899679183959961e-01,3.175513446331024170e-01,-2.926326543092727661e-02,3.558541834354400635e-02,-2.242774963378906250e-01,-1.256303191184997559e-01,5.395550653338432312e-02,5.089884623885154724e-03,1.435131132602691650e-01,1.335809528827667236e-01,2.318687736988067627e-01,1.356271356344223022e-01,-1.174188777804374695e-01,-1.326669156551361084e-01,-2.701302058994770050e-02,2.842127718031406403e-02,-3.515272736549377441e-01,-1.715216487646102905e-01,1.896767131984233856e-02,6.866113096475601196e-02,7.000769022852182388e-03,6.511048972606658936e-02,-1.819224804639816284e-01,-1.178941428661346436e-01,-1.163181960582733154e-01,-3.918115794658660889e-02,5.060215480625629425e-03,1.811795309185981750e-02,1.798418462276458740e-01,2.400180101394653320e-01,-5.799169093370437622e-02,1.335693001747131348e-01,-6.535852700471878052e-02,-1.567129231989383698e-02,1.487448513507843018e-01,1.461139470338821411e-01,-2.350038662552833557e-02,-5.006764456629753113e-02,-2.175821214914321899e-01,-5.954392626881599426e-02,1.633244305849075317e-01,1.749617010354995728e-01,6.663174927234649658e-02,1.049898788332939148e-01,7.548888772726058960e-02,1.187352091073989868e-01,5.241605453193187714e-03,-1.657931279623880982e-04,3.207360208034515381e-02,-9.948406368494033813e-03,1.202342957258224487e-01,-3.383402153849601746e-02,2.906441688537597656e-01,1.114085540175437927e-01,8.224610239267349243e-02,-1.338359117507934570e-01,3.406635224819183350e-01,2.370254844427108765e-01,7.483711093664169312e-02,2.958233468234539032e-02,-2.592460215091705322e-01,-2.651526629924774170e-01,-2.926803827285766602e-01,-2.667047083377838135e-01,7.085715979337692261e-02,8.029813319444656372e-02,-4.365362972021102905e-02,2.411264739930629730e-02,-1.844779700040817261e-01,-2.106169760227203369e-01,-1.632162481546401978e-01,-2.012100815773010254e-01,-1.130725219845771790e-01,-7.151203602552413940e-02,-4.352451488375663757e-02,2.623032964766025543e-02,2.816561143845319748e-03,-2.786981873214244843e-02,5.753592774271965027e-02,1.338414251804351807e-01,1.742699742317199707e-02,-2.435741126537322998e-01,-2.492040842771530151e-01,-2.346064299345016479e-01,-2.165431715548038483e-02,-5.102542042732238770e-02
4.327977895736694336e-01,1.407417207956314087e-01,4.331653714179992676e-01,1.000000238418579102e+00,8.761130273342132568e-02,2.139661312103271484e-01,4.492822289466857910e-01,6.598008871078491211e-01,2.493675611913204193e-02,1.577200442552566528e-01,3.778160512447357178e-01,4.081750512123107910e-01,2.735912799835205078e-01,4.214161932468414307e-01,-1.857627928256988525e-02,5.006747692823410034e-02,6.520345062017440796e-02,8.447007089853286743e-02,2.726748287677764893e-01,3.041529059410095215e-01,6.497964262962341309e-02,8.645688742399215698e-02,1.988579779863357544e-01,5.124875903129577637e-01,-2.838613837957382202e-02,1.042689010500907898e-01,1.452869027853012085e-01,6.176656484603881836e-02,2.873914539813995361e-01,2.322542965412139893e-01,1.362983882427215576e-01,3.150429427623748779e-01,1.024120524525642395e-01,1.374404281377792358e-01,-2.416378259658813477e-01,-1.818740516901016235e-01,1.140244230628013611e-01,6.678405404090881348e-02,2.715889513492584229e-01,1.793875694274902344e-01,2.113886475563049316e-01,2.415320873260498047e-01,-1.722850799560546875e-01,-1.773706674575805664e-01,-8.518200367689132690e-02,-1.328377574682235718e-01,-2.014641463756561279e-01,-1.468615382909774780e-01,-6.699836999177932739e-02,-1.389477867633104324e-02,-5.770479515194892883e-02,-3.979340195655822754e-02,-1.296227574348449707e-01,9.164134971797466278e-03,6.839288771152496338e-02,4.056958109140396118e-02,1.749317049980163574e-01,2.563398480415344238e-01,2.434081584215164185e-01,2.296896427869796753e-01,6.555017828941345215e-02,1.293500661849975586e-01,2.495323494076728821e-02,1.487720012664794922e-01,1.437602192163467407e-01,1.041448563337326050e-01,6.903726141899824142e-03,-7.899043709039688110e-02,5.865719914436340332e-02,-5.769706889986991882e-02,5.101777985692024231e-02,8.388406038284301758e-02,1.041860505938529968e-01,1.627968549728393555e-01,1.287412792444229126e-01,1.052901297807693481e-01,7.208909094333648682e-02,1.766734197735786438e-02,1.116959676146507263e-01,9.360729157924652100e-02,1.329736262559890747e-01,1.186596881598234177e-02,3.281794488430023193e-01,2.191977500915527344e-01,1.525817513465881348e-01,-2.869891189038753510e-02,2.555896639823913574e-01,2.686427235603332520e-01,1.991269141435623169e-01,6.452877074480056763e-02,-1.113099828362464905e-01,-9.596517682075500488e-02,-2.078128904104232788e-01,-2.541605234146118164e-01,1.842433065176010132e-01,8.147826790809631348e-02,3.285000566393136978e-03,-3.861607983708381653e-02,-3.434351831674575806e-02,-3.716887533664703369e-02,-1.643499284982681274e-01,-2.016714811325073242e-01,-1.148748770356178284e-01,-2.952653914690017700e-02,3.770636394619941711e-03,7.112077623605728149e-02,4.286244511604309082e-02,2.948028221726417542e-02,1.724134832620620728e-01,1.339196860790252686e-01,-1.205152645707130432e-01,-2.203183919191360474e-01,-1.995376050472259521e-01,-1.275788545608520508e-01,8.854392915964126587e-03,5.470500141382217407e-02
3.328842669725418091e-02,6.151137128472328186e-02,1.830294579267501831e-01,8.761130273342132568e-02,9.999997615814208984e-01,5.869490504264831543e-01,3.042428381741046906e-02,1.390451472252607346e-02,3.934110701084136963e-01,1.905972808599472046e-01,1.333597004413604736e-01,9.578129649162292480e-02,1.221551671624183655e-01,8.768641948699951172e-02,3.963285982608795166e-01,2.759494185447692871e-01,1.645477116107940674e-01,1.511357873678207397e-01,-1.328770667314529419e-01,-1.524268537759780884e-01,3.491759896278381348e-01,3.000638782978057861e-01,2.492908537387847900e-01,2.316461652517318726e-01,5.193947553634643555e-01,5.158822536468505859e-01,5.511479377746582031e-01,5.452324151992797852e-01,2.631152868270874023e-01,2.615849971771240234e-01,3.461049795150756836e-01,3.126854598522186279e-01,-8.271002769470214844e-02,-8.112356066703796387e-03,8.006545156240463257e-02,7.434531114995479584e-03,6.445451080799102783e-02,-1.706171222031116486e-02,4.323907941579818726e-02,6.905400753021240234e-02,1.639562845230102539e-01,1.243389546871185303e-01,1.339995022863149643e-02,-2.070581354200839996e-02,1.568983644247055054e-01,1.542670130729675293e-01,-9.362096339464187622e-02,-4.319231584668159485e-02,1.977963447570800781e-01,1.098694130778312683e-01,1.420766711235046387e-01,4.455941542983055115e-02,-3.664708510041236877e-02,-2.441668696701526642e-02,2.081628888845443726e-02,1.325395256280899048e-01,1.177573502063751221e-01,9.858725219964981079e-02,2.773117125034332275e-01,2.577576041221618652e-01,2.277322411537170410e-01,2.394239604473114014e-01,1.627089828252792358e-01,2.051022797822952271e-01,2.637314498424530029e-01,2.109965234994888306e-01,2.109261155128479004e-01,2.247341424226760864e-01,8.936672471463680267e-03,9.915169328451156616e-02,1.773622781038284302e-01,1.512969434261322021e-01,1.846769154071807861e-01,1.228605434298515320e-01,8.578906953334808350e-02,1.058755591511726379e-01,-1.042057722806930542e-01,-1.525217741727828979e-01,1.645903885364532471e-01,1.371066123247146606e-01,2.704295814037322998e-01,1.237870976328849792e-01,3.179318308830261230e-01,1.787878274917602539e-01,2.551213502883911133e-01,9.049663692712783813e-02,3.317496478557586670e-01,3.225687444210052490e-01,1.948591917753219604e-01,1.210750639438629150e-01,-8.486925065517425537e-02,-9.420391917228698730e-02,-1.191336587071418762e-01,-1.605163961648941040e-01,-1.499271094799041748e-01,-1.807466149330139160e-01,4.408236593008041382e-02,3.334531560540199280e-02,-9.420307725667953491e-02,-1.119626089930534363e-01,-6.020247936248779297e-02,-6.096938252449035645e-02,-7.694271206855773926e-02,-9.425353258848190308e-02,-5.046167597174644470e-02,-5.157579109072685242e-02,2.612866833806037903e-02,6.534741818904876709e-02,-8.235432952642440796e-02,-2.354461327195167542e-02,1.982721686363220215e-01,-2.167202159762382507e-02,-7.616756856441497803e-02,-9.192333556711673737e-03,7.159312069416046143e-02,1.492159813642501831e-01
7.423488050699234009e-02,8.190672844648361206e-02,1.733843237161636353e-01,2.139661312103271484e-01,5.869490504264831543e-01,1.000000119209289551e+00,-2.132044872269034386e-03,2.347528934478759766e-01,2.892442047595977783e-01,4.485038220882415771e-01,1.118102669715881348e-01,1.683528572320938110e-01,2.182764112949371338e-01,3.019726276397705078e-01,2.801748216152191162e-01,4.107463061809539795e-01,5.245925486087799072e-02,7.427367568016052246e-02,-3.491690382361412048e-02,-1.026602387428283691e-01,2.965828776359558105e-01,2.036450654268264771e-01,2.491761595010757446e-01,2.276196777820587158e-01,5.113863348960876465e-01,6.155691742897033691e-01,4.178262352943420410e-01,5.581214427947998047e-01,1.534769833087921143e-01,2.574766576290130615e-01,3.512124419212341309e-01,3.872640430927276611e-01,-3.968878835439682007e-02,2.266608923673629761e-02,-4.630208387970924377e-02,-1.234637200832366943e-01,-1.644901782274246216e-01,-2.272002100944519043e-01,-3.274998441338539124e-02,-9.782309085130691528e-02,1.310782283544540405e-01,3.913063555955886841e-02,-3.897354006767272949e-02,-5.364364385604858398e-02,8.778234571218490601e-02,7.331514358520507812e-02,-1.290003806352615356e-01,-8.713801950216293335e-02,1.166843250393867493e-01,4.953204467892646790e-02,1.125162169337272644e-01,-2.524270862340927124e-02,-4.230084270238876343e-02,-9.966953098773956299e-02,-1.736147254705429077e-01,-5.736586079001426697e-02,9.322004765272140503e-02,1.563380807638168335e-01,3.626844286918640137e-01,3.298286497592926025e-01,2.762831449508666992e-01,2.887402474880218506e-01,1.362077742815017700e-01,3.315486609935760498e-01,3.428402841091156006e-01,2.676797509193420410e-01,2.275788336992263794e-01,2.016814351081848145e-01,5.358754470944404602e-02,7.669100165367126465e-02,-2.785473130643367767e-03,8.414426818490028381e-03,-1.253052428364753723e-02,-1.710839010775089264e-02,-1.115809008479118347e-01,-1.227613240480422974e-01,-2.364571541547775269e-01,-2.610675394535064697e-01,5.168848112225532532e-02,8.151932805776596069e-02,1.206636950373649597e-01,5.412305146455764771e-02,2.715900838375091553e-01,1.747607439756393433e-01,1.096871867775917053e-01,-2.320932038128376007e-02,2.968217432498931885e-01,3.193108141422271729e-01,4.964899644255638123e-02,-1.725620031356811523e-02,-1.558658480644226074e-01,-1.699860543012619019e-01,-1.626066565513610840e-01,-2.350978553295135498e-01,-1.986692249774932861e-01,-3.054136931896209717e-01,-1.765914559364318848e-01,-2.065825760364532471e-01,-2.035736292600631714e-01,-2.031228691339492798e-01,-2.187799066305160522e-01,-1.715932041406631470e-01,-1.791492551565170288e-01,-1.711819320917129517e-01,-2.124805897474288940e-01,-1.950821280479431152e-01,-1.373355686664581299e-01,-1.674681305885314941e-01,-1.505538076162338257e-01,-3.826884552836418152e-02,3.100840840488672256e-03,-1.352834999561309814e-01,-1.754195243120193481e-01,-1.497794091701507568e-01,-1.196020245552062988e-01,-6.103955674916505814e-03
2.433579415082931519e-01,-1.044149547815322876e-01,4.544994235038757324e-01,4.492822289466857910e-01,3.042428381741046906e-02,-2.132044872269034386e-03,9.999998211860656738e-01,3.061782717704772949e-01,5.075310543179512024e-02,-6.829641014337539673e-02,4.244643151760101318e-01,2.288338392972946167e-01,3.315648138523101807e-01,1.322447359561920166e-01,8.167080581188201904e-03,-2.367877513170242310e-01,2.637803256511688232e-01,2.423020303249359131e-01,3.090153038501739502e-01,2.695054411888122559e-01,7.718583196401596069e-02,7.864097505807876587e-02,2.042418718338012695e-01,3.040175437927246094e-01,1.078968588262796402e-02,6.062828749418258667e-02,1.022381708025932312e-01,7.281210273504257202e-02,3.261626064777374268e-01,1.983966529369354248e-01,2.584017515182495117e-01,2.958784699440002441e-01,1.094368696212768555e-01,1.466187238693237305e-01,-1.813221164047718048e-02,1.029189303517341614e-01,2.359003722667694092e-01,9.962931275367736816e-02,2.020321190357208252e-01,1.831382662057876587e-01,1.571269780397415161e-01,1.829239577054977417e-01,-2.075209915637969971e-01,-2.240029573440551758e-01,-9.910610318183898926e-02,-1.609682589769363403e-01,-2.585336267948150635e-01,-1.612126827239990234e-01,-2.366470396518707275e-01,-1.734839230775833130e-01,-2.122160941362380981e-01,-1.220844686031341553e-01,-2.715043723583221436e-01,-9.262370318174362183e-02,1.546369493007659912e-02,1.327640493400394917e-03,9.966764599084854126e-02,7.174637168645858765e-03,1.431130021810531616e-01,1.116771772503852844e-01,-4.190434515476226807e-02,4.890284687280654907e-02,7.855669409036636353e-02,5.866008810698986053e-03,1.351671814918518066e-01,8.126430958509445190e-02,-3.357565775513648987e-02,-3.889723867177963257e-02,-2.128151357173919678e-01,-2.266248762607574463e-01,2.341120541095733643e-01,2.598955631256103516e-01,2.095074653625488281e-01,2.219261080026626587e-01,1.824074983596801758e-01,1.891641169786453247e-01,2.062020599842071533e-01,1.666995882987976074e-01,2.397092580795288086e-01,1.821326315402984619e-01,2.924715578556060791e-01,1.416137367486953735e-01,1.482971012592315674e-01,1.285762786865234375e-01,1.730352938175201416e-01,-7.538858801126480103e-02,1.216477081179618835e-01,1.253819018602371216e-01,1.046208292245864868e-01,-7.795126643031835556e-03,-2.203905582427978516e-01,-2.417881041765213013e-01,-2.789651453495025635e-01,-2.859607934951782227e-01,2.322485893964767456e-01,2.485813200473785400e-01,1.017977595329284668e-01,8.926586061716079712e-02,-8.932039141654968262e-02,-1.379986852407455444e-01,-1.430056244134902954e-01,-1.545803844928741455e-01,-1.053167805075645447e-01,-6.624469906091690063e-02,-2.963980101048946381e-02,-1.217401679605245590e-02,-3.897334635257720947e-02,-3.516846895217895508e-02,1.806006133556365967e-01,2.263595610857009888e-01,8.690799027681350708e-02,-1.913806200027465820e-01,-2.453977167606353760e-01,-1.574139446020126343e-01,-5.597383901476860046e-02,-7.276126649230718613e-03
2.240358144044876099e-01,-4.163452982902526855e-02,3.533499538898468018e-01,6.598008871078491211e-01,1.390451472252607346e-02,2.347528934478759766e-01,3.061782717704772949e-01,9.999998211860656738e-01,-2.560956170782446861e-03,2.607253193855285645e-01,2.417598217725753784e-01,2.372395694255828857e-01,3.676135241985321045e-01,4.753516018390655518e-01,-8.869384229183197021e-02,1.658514142036437988e-01,-6.446965783834457397e-02,-7.236707955598831177e-02,2.412768006324768066e-01,2.524103224277496338e-01,7.168865948915481567e-02,6.135049089789390564e-02,2.280506491661071777e-01,3.613414168357849121e-01,4.665494710206985474e-02,1.196924224495887756e-01,1.004331335425376892e-01,6.757830828428268433e-02,2.399692088365554810e-01,2.228973060846328735e-01,1.744334995746612549e-01,3.147749006748199463e-01,6.895861029624938965e-02,8.460041135549545288e-02,-1.756350547075271606e-01,-1.067118346691131592e-01,1.562975160777568817e-02,7.041416596621274948e-03,1.870444864034652710e-01,9.600186347961425781e-02,2.107768803834915161e-01,2.247058600187301636e-01,-1.930270344018936157e-01,-2.147997617721557617e-01,-1.148268803954124451e-01,-1.554073989391326904e-01,-2.185791581869125366e-01,-2.216374278068542480e-01,-8.344789594411849976e-02,-1.342790275812149048e-01,-1.310018301010131836e-01,-1.570534855127334595e-01,-1.924048662185668945e-01,-1.395210623741149902e-01,-4.150395095348358154e-02,-8.019007742404937744e-02,-2.107956819236278534e-02,4.847683012485504150e-02,1.544841378927230835e-01,1.562728434801101685e-01,-1.527343224734067917e-02,2.112146280705928802e-02,-1.148682832717895508e-01,-1.189165189862251282e-02,7.573341578245162964e-02,8.921530097723007202e-02,-7.457681745290756226e-02,-1.645415276288986206e-01,7.719890773296356201e-02,-1.622907668352127075e-01,1.052363812923431396e-01,9.293875843286514282e-02,9.539359062910079956e-02,1.435708850622177124e-01,1.065936088562011719e-01,6.186407059431076050e-02,-1.751955784857273102e-02,-9.503510594367980957e-02,-5.444631353020668030e-02,-8.821660280227661133e-02,-4.808586463332176208e-02,-8.581931889057159424e-02,2.210515588521957397e-01,1.151140704751014709e-01,-2.520664967596530914e-02,-1.234001666307449341e-01,1.874385029077529907e-01,2.029113471508026123e-01,6.253507733345031738e-02,-4.039825126528739929e-02,-1.521779447793960571e-01,-2.069052010774612427e-01,-2.061197459697723389e-01,-3.130011558532714844e-01,8.098029345273971558e-02,-2.586294151842594147e-02,-6.196773797273635864e-02,-8.520219475030899048e-02,-1.170901507139205933e-01,-1.313996613025665283e-01,-2.013361304998397827e-01,-2.604157328605651855e-01,-1.159869655966758728e-01,-9.329566359519958496e-02,-5.488024652004241943e-02,-1.446835231035947800e-02,-1.113833952695131302e-02,-5.404318869113922119e-02,1.983761601150035858e-02,9.042129665613174438e-02,-1.017699986696243286e-01,-2.195461690425872803e-01,-2.603472173213958740e-01,-1.426389366388320923e-01,-2.432569488883018494e-02,3.297469345852732658e-03
-4.780552536249160767e-02,-2.441118210554122925e-01,1.522920578718185425e-01,2.493675611913204193e-02,3.934110701084136963e-01,2.892442047595977783e-01,5.075310543179512024e-02,-2.560956170782446861e-03,9.999998211860656738e-01,3.838112056255340576e-01,-1.213760487735271454e-02,-9.916482120752334595e-02,3.306447565555572510e-01,1.559197157621383667e-02,4.261220097541809082e-01,1.357503384351730347e-01,-4.705242440104484558e-02,-9.881976246833801270e-02,2.786877006292343140e-02,4.250002559274435043e-03,2.792632393538951874e-02,-1.778227626346051693e-03,2.264354079961776733e-01,2.904417812824249268e-01,2.691771984100341797e-01,3.610681593418121338e-01,2.494111359119415283e-01,8.905331045389175415e-02,2.597238123416900635e-01,1.261212825775146484e-01,2.576552927494049072e-01,2.648028731346130371e-01,-1.687660813331604004e-01,-7.435882091522216797e-02,9.000179171562194824e-02,4.157974570989608765e-02,-4.946631193161010742e-02,-1.786862015724182129e-01,-1.956759579479694366e-02,-8.500783890485763550e-02,-4.859558120369911194e-02,-3.233179822564125061e-02,-2.268443070352077484e-02,-1.210745871067047119e-01,5.681455507874488831e-02,1.082057692110538483e-02,3.254703432321548462e-02,-9.739940986037254333e-03,1.063878387212753296e-01,-1.396789215505123138e-03,5.453524738550186157e-02,-8.376325666904449463e-02,-3.704504924826323986e-04,-8.099102997221052647e-04,-1.824185624718666077e-02,-4.762516915798187256e-02,-2.273250557482242584e-02,3.481016308069229126e-02,2.955006361007690430e-01,3.263225555419921875e-01,2.083044946193695068e-01,1.353995800018310547e-01,2.289344370365142822e-01,9.917169064283370972e-02,1.747555136680603027e-01,1.379937827587127686e-01,1.895934045314788818e-01,1.185665130615234375e-01,1.423140913248062134e-01,1.151447296142578125e-01,2.082258462905883789e-01,1.192316412925720215e-01,2.789736911654472351e-02,-4.281993582844734192e-02,-2.129608951508998871e-02,-6.929294206202030182e-03,2.898031473159790039e-02,2.464547287672758102e-03,-5.777491722255945206e-03,-1.325317621231079102e-01,6.681709736585617065e-02,-6.456328928470611572e-02,1.731996536254882812e-01,2.704339660704135895e-02,5.582636222243309021e-02,-1.482497304677963257e-01,6.612984836101531982e-02,9.615819156169891357e-02,1.429640222340822220e-02,-1.734132617712020874e-01,6.712365429848432541e-04,-1.284729093313217163e-01,-4.721530526876449585e-02,-2.001151591539382935e-01,-4.170272499322891235e-02,-8.535841852426528931e-02,4.258239641785621643e-02,-3.321047127246856689e-02,3.777549043297767639e-02,-4.513899609446525574e-02,-2.703770622611045837e-02,-1.377622783184051514e-01,5.476094037294387817e-02,-1.118952408432960510e-01,-1.188038885593414307e-01,-2.502974271774291992e-01,-5.225858185440301895e-03,-2.847672440111637115e-02,-1.069874614477157593e-01,8.479578047990798950e-02,-2.623684471473097801e-03,5.020829383283853531e-03,-1.375613957643508911e-01,-4.515777342021465302e-03,-1.038158610463142395e-01,-1.473057866096496582e-01
8.095542341470718384e-02,-1.161005198955535889e-01,8.891605585813522339e-02,1.577200442552566528e-01,1.905972808599472046e-01,4.485038220882415771e-01,-6.829641014337539673e-02,2.607253193855285645e-01,3.838112056255340576e-01,1.000000238418579102e+00,-5.488966032862663269e-02,-1.562098413705825806e-02,1.803157776594161987e-01,2.222137451171875000e-01,2.422032058238983154e-01,5.061464905738830566e-01,-5.130038782954216003e-02,-8.515873551368713379e-02,1.544307321310043335e-01,1.228245869278907776e-01,-1.101493462920188904e-02,-4.216599464416503906e-02,1.671073734760284424e-01,8.707474172115325928e-02,1.917725801467895508e-01,2.929762303829193115e-01,9.864799678325653076e-02,4.781852662563323975e-02,1.455309838056564331e-01,1.186423525214195251e-01,1.698827147483825684e-01,2.239283025264739990e-01,-4.197144880890846252e-02,4.484132677316665649e-02,6.965530663728713989e-02,2.790798991918563843e-02,-8.996819704771041870e-02,-1.968041360378265381e-01,-9.192794561386108398e-03,-6.862477213144302368e-02,1.933924108743667603e-02,1.066381460987031460e-03,-8.896037191152572632e-02,-1.706723868846893311e-01,3.071999736130237579e-02,-4.354145750403404236e-02,1.233833283185958862e-02,-3.587881103157997131e-02,6.111145764589309692e-02,-7.482697814702987671e-02,4.007055982947349548e-02,-1.963857561349868774e-01,-7.863476872444152832e-03,-1.538976430892944336e-01,-4.801967367529869080e-02,-5.089133977890014648e-02,4.867646098136901855e-02,1.717555820941925049e-01,4.526114761829376221e-01,3.939586579799652100e-01,3.007464110851287842e-01,2.135200500488281250e-01,2.474543899297714233e-01,2.215969711542129517e-01,3.056689500808715820e-01,2.259854972362518311e-01,3.411586582660675049e-01,2.194378077983856201e-01,2.645946443080902100e-01,8.794301003217697144e-02,6.111998483538627625e-02,5.878240242600440979e-02,-1.052153706550598145e-01,-8.698745816946029663e-02,-1.158639416098594666e-01,-1.153796315193176270e-01,-4.128785338252782822e-03,1.332044694572687149e-02,6.107392720878124237e-03,-7.648467272520065308e-02,5.467379838228225708e-02,-4.744824022054672241e-02,1.618909239768981934e-01,-1.472142245620489120e-02,1.061459481716156006e-01,-1.254226565361022949e-01,1.098916530609130859e-01,1.617546528577804565e-01,4.039350524544715881e-02,-1.223810613155364990e-01,-1.335359644144773483e-02,-1.895577162504196167e-01,-5.792079493403434753e-02,-2.482202649116516113e-01,3.698096424341201782e-02,-7.869095355272293091e-02,-1.089931000024080276e-02,-1.183394268155097961e-01,2.259094733744859695e-03,-6.738950312137603760e-02,-5.434226989746093750e-02,-1.389912068843841553e-01,2.545106597244739532e-02,-8.887594193220138550e-02,-1.317645758390426636e-01,-2.301127165555953979e-01,-7.172188907861709595e-02,-1.384407579898834229e-01,-3.050801530480384827e-02,2.114312052726745605e-01,-7.693433016538619995e-02,-8.650587499141693115e-02,-1.900615394115447998e-01,-7.500465493649244308e-03,-1.198937296867370605e-01,-2.001500725746154785e-01
4.055074453353881836e-01,7.434761524200439453e-02,1.811162531375885010e-01,3.778160512447357178e-01,1.333597004413604736e-01,1.118102669715881348e-01,4.244643151760101318e-01,2.417598217725753784e-01,-1.213760487735271454e-02,-5.488966032862663269e-02,1.000000000000000000e+00,5.745707154273986816e-01,3.292658627033233643e-01,3.573147058486938477e-01,1.201452389359474182e-01,5.904559046030044556e-03,4.477312862873077393e-01,3.041947782039642334e-01,5.112174898386001587e-02,1.624705083668231964e-02,9.715704619884490967e-02,8.937397599220275879e-02,2.252713404595851898e-02,1.490874588489532471e-01,6.423002481460571289e-02,1.082427948713302612e-01,9.927823394536972046e-02,1.713006198406219482e-01,4.627149105072021484e-01,3.374598026275634766e-01,2.087604254484176636e-01,2.870200276374816895e-01,9.263176470994949341e-02,8.995871990919113159e-02,-1.024844795465469360e-01,-2.622986957430839539e-02,2.611962556838989258e-01,1.332071423530578613e-01,2.239310443401336670e-01,2.010238766670227051e-01,3.465520739555358887e-01,2.540761828422546387e-01,-1.946578919887542725e-01,-1.609424948692321777e-01,-1.997616700828075409e-02,-1.083768829703330994e-01,-1.749653816223144531e-01,-1.434922963380813599e-01,-6.695706397294998169e-02,-2.518913894891738892e-02,-4.099319875240325928e-02,-9.527755528688430786e-02,-1.254799813032150269e-01,-9.106280654668807983e-02,6.180272251367568970e-02,3.512993082404136658e-02,2.299971431493759155e-01,7.505545020103454590e-02,1.945262998342514038e-01,1.156695112586021423e-01,2.166879326105117798e-01,1.541560739278793335e-01,1.873158365488052368e-01,2.065883576869964600e-01,1.603405773639678955e-01,8.310458809137344360e-02,6.804300844669342041e-02,1.190957613289356232e-02,-3.012788109481334686e-02,-8.153659105300903320e-02,2.649813592433929443e-01,2.771097421646118164e-01,4.246750473976135254e-01,3.822242021560668945e-01,3.040575981140136719e-01,2.604979872703552246e-01,9.328603744506835938e-02,3.617386519908905029e-02,3.720053434371948242e-01,2.965390086174011230e-01,4.355274736881256104e-01,1.721406579017639160e-01,2.496604472398757935e-01,2.067977190017700195e-01,2.574754059314727783e-01,4.584976285696029663e-02,1.291176080703735352e-01,1.203033849596977234e-01,1.898826956748962402e-01,9.274423867464065552e-02,-1.199558302760124207e-01,-8.998938649892807007e-02,-1.598909795284271240e-01,-1.615048199892044067e-01,1.981382519006729126e-01,1.242538988590240479e-01,2.585488557815551758e-02,-7.508159428834915161e-02,-1.156248003244400024e-01,-8.265716582536697388e-02,-9.744539856910705566e-02,-1.252975407987833023e-02,-6.958592683076858521e-02,8.389636129140853882e-02,-3.107805550098419189e-02,3.302228823304176331e-02,3.663295879960060120e-03,1.620781980454921722e-02,1.739444881677627563e-01,1.800738275051116943e-01,-1.279345434159040451e-02,-1.486681252717971802e-01,-1.588450670242309570e-01,-1.869854182004928589e-01,-1.018927618861198425e-01,6.498941779136657715e-02
3.327202498912811279e-01,3.188587129116058350e-01,1.679405570030212402e-01,4.081750512123107910e-01,9.578129649162292480e-02,1.683528572320938110e-01,2.288338392972946167e-01,2.372395694255828857e-01,-9.916482120752334595e-02,-1.562098413705825806e-02,5.745707154273986816e-01,9.999997019767761230e-01,1.889310777187347412e-01,4.666352272033691406e-01,2.344518154859542847e-02,1.110839694738388062e-01,3.793471753597259521e-01,5.258659124374389648e-01,-3.593836678192019463e-03,-8.122834563255310059e-02,7.204197347164154053e-02,1.145291104912757874e-01,7.507767528295516968e-02,1.807780116796493530e-01,5.201050266623497009e-02,8.660592883825302124e-02,7.494910061359405518e-02,1.979707777500152588e-01,3.036272227764129639e-01,4.809478819370269775e-01,1.455049365758895874e-01,2.640409171581268311e-01,1.093209460377693176e-01,1.275533437728881836e-01,-9.452598541975021362e-02,-2.372053451836109161e-03,1.515850275754928589e-01,1.787760257720947266e-01,1.775954365730285645e-01,2.041296660900115967e-01,2.370001226663589478e-01,1.834667623043060303e-01,-1.796181648969650269e-01,-1.135341897606849670e-01,1.358033064752817154e-02,-5.554589256644248962e-02,-2.448363900184631348e-01,-1.294291019439697266e-01,-8.192183449864387512e-03,1.937774717807769775e-01,-4.584857821464538574e-02,8.091621845960617065e-02,-1.594709157943725586e-01,-2.090006135404109955e-02,-1.477399840950965881e-02,3.940544649958610535e-02,1.391984373331069946e-01,2.766948640346527100e-01,1.628881692886352539e-01,2.074098736047744751e-01,1.565657258033752441e-01,2.802476286888122559e-01,9.405525028705596924e-02,4.412769079208374023e-01,8.181251585483551025e-02,1.635742038488388062e-01,1.324447691440582275e-01,7.333065569400787354e-02,-4.268517345190048218e-02,-5.409512296319007874e-02,2.019129842519760132e-01,2.730518877506256104e-01,2.708636224269866943e-01,3.827032446861267090e-01,1.617534756660461426e-01,1.701741218566894531e-01,4.101748391985893250e-02,4.853146895766258240e-02,2.838240563869476318e-01,3.654560744762420654e-01,3.337041139602661133e-01,3.420464992523193359e-01,2.609407305717468262e-01,3.698808550834655762e-01,1.835931986570358276e-01,1.652755886316299438e-01,1.427507996559143066e-01,1.992656141519546509e-01,1.549284011125564575e-01,2.171979993581771851e-01,-2.086021155118942261e-01,-1.922073570312932134e-04,-2.246481627225875854e-01,-1.009707078337669373e-01,1.363972872495651245e-01,7.613702118396759033e-02,1.425927877426147461e-02,-6.007341295480728149e-02,-1.963365972042083740e-01,-7.635826617479324341e-02,-1.302101761102676392e-01,1.478748917579650879e-01,-1.174635291099548340e-01,1.797084063291549683e-01,-1.251924633979797363e-01,1.387940160930156708e-02,1.954463310539722443e-02,7.204209268093109131e-02,1.429934352636337280e-01,1.382639855146408081e-01,1.686877012252807617e-02,-2.025033086538314819e-01,-1.532832831144332886e-01,-1.439630389213562012e-01,-1.471165716648101807e-01,3.119025751948356628e-02
1.329106390476226807e-01,-1.694251298904418945e-01,3.470426797866821289e-01,2.735912799835205078e-01,1.221551671624183655e-01,2.182764112949371338e-01,3.315648138523101807e-01,3.676135241985321045e-01,3.306447565555572510e-01,1.803157776594161987e-01,3.292658627033233643e-01,1.889310777187347412e-01,9.999994635581970215e-01,4.697642326354980469e-01,1.750048995018005371e-01,1.174501515924930573e-02,6.965884566307067871e-02,2.638418041169643402e-02,1.393015682697296143e-01,-6.506372988224029541e-02,-3.972613252699375153e-03,-2.256476134061813354e-02,3.371973335742950439e-01,2.632274329662322998e-01,2.151433825492858887e-01,2.773902118206024170e-01,1.354171931743621826e-01,5.547403916716575623e-02,3.644679486751556396e-01,3.121186792850494385e-01,4.085733592510223389e-01,4.459083080291748047e-01,-8.602742105722427368e-02,-9.452862292528152466e-02,-1.586570739746093750e-01,-1.457168068736791611e-02,-1.169376745820045471e-01,-1.901043504476547241e-01,5.603132769465446472e-03,-1.101576834917068481e-01,1.403750777244567871e-01,8.276344090700149536e-02,-1.722962260246276855e-01,-1.621079593896865845e-01,-2.060122787952423096e-02,-5.703162774443626404e-02,-2.337680459022521973e-01,-1.315346062183380127e-01,2.215029671788215637e-02,9.921006113290786743e-02,-2.494411915540695190e-02,3.163707628846168518e-02,-1.608000397682189941e-01,-1.762502081692218781e-02,-2.596012651920318604e-01,-2.292496562004089355e-01,9.823272004723548889e-03,-5.744031444191932678e-02,2.706596851348876953e-01,2.753509283065795898e-01,7.732062041759490967e-02,1.948927193880081177e-01,-3.242595866322517395e-02,2.618764527142047882e-02,2.324248403310775757e-01,2.396399080753326416e-01,7.548367232084274292e-02,3.700184077024459839e-02,-8.154006302356719971e-02,1.556036807596683502e-02,3.147903680801391602e-01,2.092164903879165649e-01,1.205601468682289124e-01,1.167235523462295532e-01,1.067863926291465759e-01,1.344937682151794434e-01,-5.206032097339630127e-02,-7.570927590131759644e-02,2.501184120774269104e-02,-2.927143312990665436e-02,9.514494799077510834e-03,-1.041015237569808960e-01,1.932432204484939575e-01,3.867511451244354248e-02,-8.659018576145172119e-02,-2.344024926424026489e-01,1.472337692975997925e-01,1.433433741331100464e-01,-1.325374543666839600e-01,-2.036418765783309937e-01,-3.240770995616912842e-01,-2.583632767200469971e-01,-3.221646249294281006e-01,-3.218752145767211914e-01,-5.614426732063293457e-02,-9.284609556198120117e-02,-1.901834905147552490e-01,-1.448263525962829590e-01,-2.858941256999969482e-01,-2.933082878589630127e-01,-3.161817789077758789e-01,-2.338127642869949341e-01,-2.052117884159088135e-01,-2.105190455913543701e-01,-3.170980513095855713e-01,-2.352606505155563354e-01,-1.128141731023788452e-01,-1.524807363748550415e-01,-8.812484890222549438e-02,1.245234683156013489e-01,-1.221261695027351379e-01,-2.879660725593566895e-01,-3.365205526351928711e-01,-3.442443609237670898e-01,-2.783167064189910889e-01,-1.889314353466033936e-01
