1.000000119209289551e+00,6.695271134376525879e-01,4.899434745311737061e-01,5.893223881721496582e-01,2.314956188201904297e-01,2.274752855300903320e-01,4.199537932872772217e-01,5.387603640556335449e-01,3.862795531749725342e-01,3.471372127532958984e-01,4.207916855812072754e-01,3.497104346752166748e-01,5.370782315731048584e-02,4.430854022502899170e-01,3.021099269390106201e-01,2.701908051967620850e-01,5.241048932075500488e-01,4.457909762859344482e-01,6.704175472259521484e-01,6.976358294486999512e-01,4.154147207736968994e-02,3.021365031599998474e-02,3.619757294654846191e-01,3.466938138008117676e-01,5.096219945698976517e-03,1.463728211820125580e-02,1.805449575185775757e-01,1.596305519342422485e-01,3.799806833267211914e-01,4.574227631092071533e-01,1.815147250890731812e-01,2.448389381170272827e-01,6.315425634384155273e-01,5.999890565872192383e-01,2.523229122161865234e-01,1.763453781604766846e-01,4.437027573585510254e-01,5.001524090766906738e-01,4.482395350933074951e-01,3.247690796852111816e-01,-7.766812294721603394e-02,3.374912077561020851e-03,2.213141135871410370e-02,-6.029106304049491882e-02,1.097401082515716553e-01,-8.692076802253723145e-02,1.770904213190078735e-01,1.250686645507812500e-01,-3.880107030272483826e-02,-9.099794924259185791e-02,1.969763934612274170e-01,1.841064915060997009e-02,2.100999355316162109e-01,3.529348596930503845e-02,4.679642021656036377e-01,2.765018045902252197e-01,6.769370436668395996e-01,5.747975707054138184e-01,1.573223918676376343e-01,2.042104117572307587e-02,4.236126840114593506e-01,-4.804206080734729767e-03,5.140691995620727539e-01,3.850245773792266846e-01,1.190913915634155273e-01,-1.619132701307535172e-03,2.362958639860153198e-01,1.816950142383575439e-01,5.847323536872863770e-01,5.380027294158935547e-01,2.219137847423553467e-01,1.373694986104965210e-01,1.656668186187744141e-01,2.806839942932128906e-01,1.087817177176475525e-01,1.510550975799560547e-01,5.647069215774536133e-01,5.332674384117126465e-01,4.276373684406280518e-01,4.080829620361328125e-01,4.656500816345214844e-01,3.468297719955444336e-01,2.506014406681060791e-01,3.047787249088287354e-01,3.925331532955169678e-01,2.656903266906738281e-01,3.602659404277801514e-01,1.673322767019271851e-01,3.704558312892913818e-01,2.876188457012176514e-01,3.440973162651062012e-01,2.201547920703887939e-01,2.739852964878082275e-01,1.536365300416946411e-01,2.725528776645660400e-01,4.208639264106750488e-01,3.521281778812408447e-01,4.039390683174133301e-01,3.333053290843963623e-01,3.944401144981384277e-01,3.217484056949615479e-01,2.980015873908996582e-01,3.713263571262359619e-01,3.546504974365234375e-01,2.078674882650375366e-01,2.455737292766571045e-01,2.587276995182037354e-01,4.679915904998779297e-01,2.950681149959564209e-01,2.183471769094467163e-01,1.277178823947906494e-01,2.374774366617202759e-01,1.476276963949203491e-01,2.351886481046676636e-01,2.800315022468566895e-01,2.181144207715988159e-01
6.695271134376525879e-01,9.999996423721313477e-01,2.987903654575347900e-01,4.241766035556793213e-01,1.388205587863922119e-01,1.495839804410934448e-01,2.596435844898223877e-01,4.441792368888854980e-01,3.244961202144622803e-01,2.665104269981384277e-01,3.354945182800292969e-01,3.967630863189697266e-01,2.050161361694335938e-02,3.769430518150329590e-01,3.090781271457672119e-01,2.307226657867431641e-01,4.609054625034332275e-01,6.979342699050903320e-01,5.875612497329711914e-01,6.946454048156738281e-01,-4.458643123507499695e-02,6.242900714278221130e-02,1.959023177623748779e-01,2.217435687780380249e-01,-7.732796669006347656e-02,-5.182670429348945618e-02,1.631752848625183105e-01,1.213009506464004517e-01,2.721535563468933105e-01,5.408970713615417480e-01,8.030395209789276123e-02,1.978198140859603882e-01,6.171889305114746094e-01,6.743357777595520020e-01,2.326405197381973267e-01,1.209621578454971313e-01,3.788474500179290771e-01,6.069083809852600098e-01,4.571363329887390137e-01,4.088253378868103027e-01,-9.265815466642379761e-02,3.948596492409706116e-02,5.073220655322074890e-02,1.766385510563850403e-03,1.523469090461730957e-01,4.710894450545310974e-02,1.383903622627258301e-01,2.077662497758865356e-01,2.549442090094089508e-02,4.883610084652900696e-02,1.789413094520568848e-01,1.722925603389739990e-01,1.670761555433273315e-01,2.345690578222274780e-01,4.339359104633331299e-01,4.494825899600982666e-01,5.800627470016479492e-01,7.818695902824401855e-01,1.596192121505737305e-01,1.381284296512603760e-01,3.556962311267852783e-01,1.425838470458984375e-01,4.472603499889373779e-01,6.082100868225097656e-01,1.119098961353302002e-01,1.450118273496627808e-01,2.233372479677200317e-01,2.534939348697662354e-01,5.119820833206176758e-01,5.915539264678955078e-01,1.773322224617004395e-01,1.365840584039688110e-01,5.719396471977233887e-02,3.290705680847167969e-01,1.337238997220993042e-01,1.774632930755615234e-01,5.041267871856689453e-01,5.750559568405151367e-01,3.573631644248962402e-01,5.158354043960571289e-01,4.650141596794128418e-01,5.476304888725280762e-01,1.176933944225311279e-01,2.985387742519378662e-01,3.467822372913360596e-01,4.981388747692108154e-01,3.701447546482086182e-01,2.085023075342178345e-01,3.640821576118469238e-01,4.910990297794342041e-01,2.855222821235656738e-01,4.376057684421539307e-01,2.380686551332473755e-01,3.853014707565307617e-01,2.607553601264953613e-01,3.927083313465118408e-01,3.687472641468048096e-01,4.473303556442260742e-01,2.744230031967163086e-01,4.987687468528747559e-01,3.222857117652893066e-01,5.696416497230529785e-01,4.134458601474761963e-01,5.221458077430725098e-01,2.352911382913589478e-01,3.484723865985870361e-01,2.094059288501739502e-01,5.303570628166198730e-01,2.126926034688949585e-01,1.780871897935867310e-01,1.653507202863693237e-01,2.880383133888244629e-01,2.515387535095214844e-01,3.595903515815734863e-01,3.565601110458374023e-01,3.222220242023468018e-01
4.899434745311737061e-01,2.987903654575347900e-01,9.999997615814208984e-01,7.781046628952026367e-01,2.916878163814544678e-01,3.323529064655303955e-01,6.818400621414184570e-01,6.375246047973632812e-01,4.698641002178192139e-01,4.010301530361175537e-01,2.714851200580596924e-01,2.770533561706542969e-01,2.468680292367935181e-01,3.941521644592285156e-01,1.967695653438568115e-01,3.729715645313262939e-01,3.118470311164855957e-01,1.730105131864547729e-01,4.454889595508575439e-01,4.479995667934417725e-01,1.697265803813934326e-01,1.588493585586547852e-01,6.550936102867126465e-01,6.889594197273254395e-01,2.840730845928192139e-01,2.898699343204498291e-01,2.688992917537689209e-01,2.941434979438781738e-01,3.617886006832122803e-01,2.748071551322937012e-01,4.633425772190093994e-01,4.698665738105773926e-01,3.896731734275817871e-01,4.537084102630615234e-01,6.357970088720321655e-02,1.479259729385375977e-01,3.119814991950988770e-01,2.318337410688400269e-01,2.945822775363922119e-01,2.043217271566390991e-01,6.480167806148529053e-02,8.082764595746994019e-02,1.182709410786628723e-01,-2.237137034535408020e-02,8.621785044670104980e-02,-7.761238515377044678e-02,1.016411930322647095e-01,1.430110819637775421e-02,2.670506946742534637e-03,-5.575776845216751099e-02,1.212458238005638123e-01,1.031400170177221298e-02,1.396050900220870972e-01,-4.630906879901885986e-02,2.556809484958648682e-01,8.916878700256347656e-02,2.883284986019134521e-01,1.424345672130584717e-01,-6.144103035330772400e-02,-1.312452554702758789e-01,5.578716471791267395e-02,-2.061976790428161621e-01,1.434446126222610474e-01,-3.816500306129455566e-02,-5.147326737642288208e-02,-1.705522388219833374e-01,2.868301700800657272e-03,-5.996312573552131653e-02,1.731147915124893188e-01,1.501841545104980469e-01,2.734290361404418945e-01,2.039811760187149048e-01,2.297857552766799927e-01,2.541553974151611328e-01,6.786587089300155640e-02,1.544058024883270264e-01,2.812007963657379150e-01,2.958270311355590820e-01,1.634780466556549072e-01,1.470616608858108521e-01,2.271293699741363525e-01,2.160822413861751556e-02,3.700973987579345703e-01,3.104965388774871826e-01,1.888140439987182617e-01,4.144879058003425598e-02,2.141176313161849976e-01,1.177859082818031311e-01,2.290881723165512085e-01,1.550582349300384521e-01,2.012509256601333618e-01,6.492844969034194946e-02,2.133783847093582153e-01,8.169901371002197266e-02,1.308566927909851074e-01,2.212983518838882446e-01,1.606371849775314331e-01,1.291031539440155029e-01,1.558885723352432251e-01,9.469838440418243408e-02,1.316248029470443726e-01,5.947495996952056885e-02,1.085327342152595520e-01,1.457266360521316528e-01,3.448357433080673218e-02,2.925838902592658997e-02,1.258778125047683716e-01,1.910280585289001465e-01,1.350198835134506226e-01,1.560500115156173706e-01,-1.398993469774723053e-02,9.863556176424026489e-02,2.545999921858310699e-02,8.815324306488037109e-02,1.000982671976089478e-01,-2.271413244307041168e-02
5.893223881721496582e-01,4.241766035556793213e-01,7.781046628952026367e-01,1.000000119209289551e+00,2.199367880821228027e-01,2.716463208198547363e-01,7.144144773483276367e-01,7.962068319320678711e-01,3.920418918132781982e-01,3.272738754749298096e-01,3.465064764022827148e-01,4.442146718502044678e-01,2.531675696372985840e-01,4.666296839714050293e-01,2.401238530874252319e-01,2.713379263877868652e-01,3.287374377250671387e-01,3.243418931961059570e-01,4.169348478317260742e-01,5.506645441055297852e-01,1.066914051771163940e-01,1.742484718561172485e-01,4.940535724163055420e-01,7.228294014930725098e-01,1.755311042070388794e-01,2.157585918903350830e-01,2.250598818063735962e-01,2.287257611751556396e-01,3.583698272705078125e-01,3.835274875164031982e-01,3.915382623672485352e-01,4.959445893764495850e-01,3.769254088401794434e-01,4.733446240425109863e-01,-2.010734751820564270e-02,3.599511459469795227e-02,2.384445816278457642e-01,3.078509569168090820e-01,2.544553279876708984e-01,1.694514602422714233e-01,7.347026467323303223e-02,1.029256805777549744e-01,1.496682967990636826e-02,-4.185079038143157959e-02,4.689871519804000854e-02,-1.044839620590209961e-01,-1.786785013973712921e-02,-3.796378150582313538e-02,-6.310992687940597534e-02,-5.519713833928108215e-02,5.604000389575958252e-02,3.054374642670154572e-02,5.892874300479888916e-02,-4.501260071992874146e-02,1.746018081903457642e-01,1.015140190720558167e-01,3.854951560497283936e-01,3.012276887893676758e-01,-1.960866502486169338e-04,-4.378017038106918335e-02,1.518924236297607422e-01,-2.826297096908092499e-02,1.919155567884445190e-01,1.214079558849334717e-01,-5.791896954178810120e-03,-5.823186039924621582e-02,7.720476388931274414e-02,3.063644468784332275e-02,2.697022855281829834e-01,2.332542389631271362e-01,2.707213163375854492e-01,2.644605636596679688e-01,2.383555620908737183e-01,2.762518823146820068e-01,6.604223698377609253e-02,1.055847629904747009e-01,2.589197456836700439e-01,2.881029844284057617e-01,2.038382440805435181e-01,2.840206623077392578e-01,2.382078915834426880e-01,2.065278440713882446e-01,2.215709239244461060e-01,3.786930739879608154e-01,1.884350627660751343e-01,1.886754482984542847e-01,2.032082229852676392e-01,1.868939250707626343e-01,2.199254781007766724e-01,2.719599306583404541e-01,1.289996951818466187e-01,6.988804787397384644e-02,1.564171165227890015e-01,8.212389051914215088e-02,1.899696886539459229e-02,2.094535827636718750e-01,5.735420808196067810e-02,7.637127488851547241e-02,8.808805793523788452e-02,1.102513372898101807e-01,1.068944483995437622e-01,1.190705820918083191e-01,1.420984119176864624e-01,1.990355700254440308e-01,4.913336038589477539e-02,3.048870339989662170e-02,1.603998243808746338e-01,1.991576403379440308e-01,3.644024208188056946e-02,6.889417022466659546e-02,-1.027546375989913940e-01,2.798818424344062805e-02,-6.295578926801681519e-02,4.446575790643692017e-02,8.583922684192657471e-02,3.387520834803581238e-02
2.314956188201904297e-01,1.388205587863922119e-01,2.916878163814544678e-01,2.199367880821228027e-01,1.000000357627868652e+00,6.953454017639160156e-01,1.345732063055038452e-01,1.965113729238510132e-01,5.481594204902648926e-01,4.832706451416015625e-01,6.731235235929489136e-02,3.795906435698270798e-03,1.844636499881744385e-01,3.140229880809783936e-01,4.131627082824707031e-01,4.819605946540832520e-01,2.055718153715133667e-01,1.155972033739089966e-01,2.843093872070312500e-01,2.203253507614135742e-01,6.171526759862899780e-02,6.569725461304187775e-03,4.857039451599121094e-01,2.920055985450744629e-01,5.298324227333068848e-01,4.673051536083221436e-01,5.781376361846923828e-01,5.195031762123107910e-01,1.750315576791763306e-01,2.412428855895996094e-01,2.693108916282653809e-01,2.217316329479217529e-01,1.857549995183944702e-01,1.587541848421096802e-01,1.005368456244468689e-01,4.875246062874794006e-02,1.213143467903137207e-01,1.446797847747802734e-01,1.906523406505584717e-01,1.686681061983108521e-01,-1.081928983330726624e-01,-1.510240603238344193e-03,4.543156549334526062e-02,2.816225751303136349e-04,2.836034260690212250e-02,-1.556998863816261292e-02,2.360893227159976959e-02,3.292840346693992615e-02,5.688054859638214111e-02,1.039706766605377197e-01,1.516152471303939819e-01,9.495218843221664429e-02,4.677791893482208252e-02,7.892344146966934204e-02,1.514367908239364624e-01,7.687127590179443359e-02,1.378098130226135254e-01,3.140600770711898804e-02,9.780759364366531372e-02,4.853130877017974854e-02,1.135785952210426331e-01,-1.266835331916809082e-01,1.908985823392868042e-01,-2.444017212837934494e-03,8.154701441526412964e-02,-1.899312995374202728e-02,-6.984857469797134399e-02,-4.474876075983047485e-02,7.582256197929382324e-02,7.175399363040924072e-02,1.290448755025863647e-01,7.922045141458511353e-02,4.679640382528305054e-02,2.119196355342864990e-01,-6.174358353018760681e-02,-2.575491182506084442e-02,2.408403158187866211e-01,2.060137838125228882e-01,1.636660844087600708e-01,9.193097054958343506e-02,1.001419201493263245e-01,4.807555675506591797e-02,2.607232928276062012e-01,1.951842308044433594e-01,3.339139372110366821e-02,-1.125249546021223068e-03,3.103955686092376709e-01,1.253533512353897095e-01,7.633917033672332764e-03,9.199997410178184509e-03,2.153218351304531097e-02,-2.831637486815452576e-02,-1.902052387595176697e-02,-5.582647025585174561e-02,2.008128166198730469e-01,1.763797998428344727e-01,1.865855008363723755e-01,1.777281761169433594e-01,4.650222137570381165e-02,1.681928522884845734e-02,1.680683717131614685e-02,3.406467661261558533e-02,5.767866224050521851e-02,2.128408290445804596e-02,-2.009353786706924438e-02,1.475609187036752701e-02,-8.145054802298545837e-03,1.328575164079666138e-01,2.720248401165008545e-01,1.817051172256469727e-01,1.281121820211410522e-01,1.608710736036300659e-01,-6.000164430588483810e-03,1.558954566717147827e-01,5.940977483987808228e-02,3.459594398736953735e-02
2.274752855300903320e-01,1.495839804410934448e-01,3.323529064655303955e-01,2.716463208198547363e-01,6.953454017639160156e-01,9.999998807907104492e-01,1.224908009171485901e-01,2.729566097259521484e-01,5.371134281158447266e-01,5.790069103240966797e-01,9.744191169738769531e-02,1.915424503386020660e-02,1.155841052532196045e-01,2.802380323410034180e-01,3.783014118671417236e-01,6.062648296356201172e-01,2.575699388980865479e-01,8.562432974576950073e-02,3.119698166847229004e-01,2.014454305171966553e-01,1.808038912713527679e-02,-1.334793027490377426e-02,5.249262452125549316e-01,2.947882413864135742e-01,4.748857915401458740e-01,4.896388351917266846e-01,5.316508412361145020e-01,5.391384959220886230e-01,1.514031887054443359e-01,2.461635172367095947e-01,3.224917650222778320e-01,2.899525463581085205e-01,2.558226287364959717e-01,1.956824213266372681e-01,1.744828224182128906e-01,9.000075608491897583e-02,1.451176106929779053e-01,1.931013166904449463e-01,2.864505946636199951e-01,2.325317114591598511e-01,-1.913549751043319702e-01,3.202442824840545654e-02,2.879990823566913605e-02,-3.361953422427177429e-02,6.789184361696243286e-02,-1.688233576714992523e-02,4.140122979879379272e-02,3.908634558320045471e-02,8.046948909759521484e-02,2.763805538415908813e-02,1.704055368900299072e-01,3.630795981734991074e-03,1.013875231146812439e-01,-6.430756300687789917e-02,1.841668337583541870e-01,1.082478761672973633e-01,1.652357578277587891e-01,-1.796891167759895325e-02,-1.866533793509006500e-02,-1.049158498644828796e-01,5.758317932486534119e-02,-2.200299501419067383e-01,2.631689012050628662e-01,-3.729191422462463379e-02,-3.100124001502990723e-02,-1.154103800654411316e-01,-1.409748196601867676e-01,-1.309712678194046021e-01,1.076598539948463440e-01,2.839406020939350128e-02,1.732350438833236694e-01,7.466956973075866699e-02,4.701809212565422058e-02,2.184323519468307495e-01,-4.219779744744300842e-02,7.400657981634140015e-02,2.340764254331588745e-01,2.389113306999206543e-01,1.498247534036636353e-01,6.954701989889144897e-02,1.373718827962875366e-01,-4.272979125380516052e-02,3.100460767745971680e-01,1.520232111215591431e-01,8.038367331027984619e-02,-3.661605343222618103e-02,3.600504398345947266e-01,9.784719347953796387e-02,8.062746375799179077e-02,-3.069219412282109261e-03,1.316222250461578369e-01,-4.887244105339050293e-02,9.761318564414978027e-02,-8.941877633333206177e-02,2.034152299165725708e-01,1.517436951398849487e-01,1.897671520709991455e-01,1.872039884328842163e-01,9.280680119991302490e-02,5.496645346283912659e-02,1.239647716283798218e-01,-5.567204579710960388e-02,1.323648989200592041e-01,-4.320057108998298645e-03,-1.550244074314832687e-02,-2.845823066309094429e-03,3.380255028605461121e-02,1.437402814626693726e-01,1.825533509254455566e-01,1.309272944927215576e-01,1.595591008663177490e-01,2.276032865047454834e-01,8.304966986179351807e-02,1.177739650011062622e-01,1.099643185734748840e-01,5.214365199208259583e-02
4.199537932872772217e-01,2.596435844898223877e-01,6.818400621414184570e-01,7.144144773483276367e-01,1.345732063055038452e-01,1.224908009171485901e-01,9.999998807907104492e-01,6.622282862663269043e-01,2.640688717365264893e-01,6.619974970817565918e-02,4.740549027919769287e-01,4.829152822494506836e-01,4.186747670173645020e-01,4.553783833980560303e-01,1.806752383708953857e-01,7.838515192270278931e-02,3.216204643249511719e-01,2.730215191841125488e-01,2.116764932870864868e-01,3.735026419162750244e-01,2.335172146558761597e-01,2.660188674926757812e-01,2.938130199909210205e-01,5.229055881500244141e-01,1.702615916728973389e-01,1.713578104972839355e-01,1.608402878046035767e-01,1.848060488700866699e-01,5.162482261657714844e-01,3.584204018115997314e-01,4.309189617633819580e-01,5.040465593338012695e-01,1.925297677516937256e-01,3.558716177940368652e-01,-2.250211499631404877e-02,7.737980037927627563e-02,2.615053653717041016e-01,2.007523477077484131e-01,2.336916923522949219e-01,1.378193795680999756e-01,1.932457536458969116e-01,2.139020264148712158e-01,7.465244084596633911e-02,-1.369627076201140881e-03,7.881519943475723267e-02,-1.565044932067394257e-02,-2.439500950276851654e-02,-9.746370837092399597e-03,4.190108925104141235e-02,5.619157105684280396e-02,4.846636950969696045e-02,1.991442777216434479e-02,1.859814301133155823e-02,-1.727140881121158600e-02,9.265705198049545288e-02,2.298782765865325928e-02,2.064514458179473877e-01,1.335723251104354858e-01,1.394731402397155762e-01,9.867597371339797974e-02,2.323304116725921631e-01,1.188345104455947876e-01,5.973152071237564087e-02,-9.416575543582439423e-03,2.706232964992523193e-01,4.262556508183479309e-02,2.259796559810638428e-01,2.230042666196823120e-01,1.842074282467365265e-02,2.256897091865539551e-01,3.563426733016967773e-01,3.939815759658813477e-01,3.829545080661773682e-01,3.037883341312408447e-01,1.688370704650878906e-01,1.503446400165557861e-01,1.461312174797058105e-01,1.854602545499801636e-01,3.060070276260375977e-01,2.859748005867004395e-01,3.196879029273986816e-01,2.416112124919891357e-01,2.210301309823989868e-01,3.635455667972564697e-01,2.927990257740020752e-01,2.136715501546859741e-01,1.549781858921051025e-01,2.216697335243225098e-01,2.434093356132507324e-01,2.438255697488784790e-01,3.847142681479454041e-03,2.565921470522880554e-02,6.759279221296310425e-02,1.493550240993499756e-01,6.044420599937438965e-02,1.388337314128875732e-01,1.341968681663274765e-02,2.906156145036220551e-02,-4.603870213031768799e-03,1.737556979060173035e-02,3.843815624713897705e-02,1.240214779973030090e-01,6.730736047029495239e-02,1.581097692251205444e-01,1.136318221688270569e-02,1.049560829997062683e-01,1.904179006814956665e-01,1.233317628502845764e-01,1.000450029969215393e-01,2.203395664691925049e-01,-1.089247837662696838e-01,-5.542128160595893860e-02,-7.286906242370605469e-02,-4.691992327570915222e-02,3.868917748332023621e-02,-3.156790882349014282e-02
5.387603640556335449e-01,4.441792368888854980e-01,6.375246047973632812e-01,7.962068319320678711e-01,1.965113729238510132e-01,2.729566097259521484e-01,6.622282862663269043e-01,1.000000119209289551e+00,3.293706178665161133e-01,3.530440032482147217e-01,4.788879454135894775e-01,5.458715558052062988e-01,3.240158259868621826e-01,5.665104985237121582e-01,2.031759768724441528e-01,3.017264902591705322e-01,3.988138437271118164e-01,3.830545842647552490e-01,4.183484315872192383e-01,4.916783869266510010e-01,1.931319832801818848e-01,2.559190094470977783e-01,3.631142675876617432e-01,5.425770878791809082e-01,1.417638361454010010e-01,2.114892601966857910e-01,2.764417231082916260e-01,2.800767123699188232e-01,4.834174811840057373e-01,4.803227186203002930e-01,4.286178648471832275e-01,5.295686125755310059e-01,4.083940088748931885e-01,4.806416034698486328e-01,-5.177893117070198059e-02,-8.831467479467391968e-03,2.395436465740203857e-01,3.185151815414428711e-01,3.180381059646606445e-01,2.873147130012512207e-01,4.787568747997283936e-02,2.007797211408615112e-01,-3.973153606057167053e-02,-1.456373035907745361e-01,1.120387911796569824e-01,-1.446597725152969360e-01,-8.790479600429534912e-02,-9.192132204771041870e-02,-1.207952760159969330e-02,-9.442904591560363770e-02,2.257037535309791565e-02,-5.048731714487075806e-02,3.150448948144912720e-02,-1.023474857211112976e-01,1.821231991052627563e-01,1.529029160737991333e-01,3.671307861804962158e-01,3.418475687503814697e-01,-7.505967747420072556e-03,2.350524067878723145e-03,1.692745983600616455e-01,3.710316866636276245e-02,2.596670091152191162e-01,1.909537464380264282e-01,3.424015268683433533e-02,-1.118778530508279800e-02,1.246206462383270264e-01,6.669604778289794922e-02,2.563613057136535645e-01,2.872947156429290771e-01,3.904785513877868652e-01,3.982008993625640869e-01,3.457611501216888428e-01,3.587643206119537354e-01,1.081846877932548523e-01,1.933980882167816162e-01,2.639903426170349121e-01,3.004232645034790039e-01,2.650408744812011719e-01,2.533807158470153809e-01,3.121694624423980713e-01,2.742864489555358887e-01,2.341918945312500000e-01,3.835628330707550049e-01,2.310916036367416382e-01,2.281602174043655396e-01,2.692483067512512207e-01,3.182149827480316162e-01,3.370930552482604980e-01,2.834137082099914551e-01,1.522209793329238892e-01,8.864952251315116882e-03,2.100573331117630005e-01,2.253675460815429688e-02,-3.033434040844440460e-03,2.143287211656570435e-01,2.696522139012813568e-02,9.511793404817581177e-02,5.931267142295837402e-02,1.557123810052871704e-01,2.016319483518600464e-01,1.032593250274658203e-01,2.481171041727066040e-01,2.727426290512084961e-01,1.161849275231361389e-01,1.055328771471977234e-01,1.940864026546478271e-01,2.751600444316864014e-01,-2.321716956794261932e-02,6.500191986560821533e-02,-1.402365565299987793e-01,5.150052905082702637e-02,-1.226061489433050156e-02,1.007414907217025757e-01,9.847342222929000854e-02,7.287275046110153198e-02
3.862795531749725342e-01,3.244961202144622803e-01,4.698641002178192139e-01,3.920418918132781982e-01,5.481594204902648926e-01,5.371134281158447266e-01,2.640688717365264893e-01,3.293706178665161133e-01,1.000000238418579102e+00,6.831988692283630371e-01,1.059331372380256653e-01,4.836339503526687622e-02,9.707093983888626099e-02,5.007188916206359863e-01,5.501434206962585449e-01,6.268059015274047852e-01,2.880772352218627930e-01,1.480629891157150269e-01,4.615804851055145264e-01,4.313161671161651611e-01,2.493442781269550323e-02,2.759021706879138947e-03,6.142944693565368652e-01,4.993468821048736572e-01,2.730237245559692383e-01,2.675001919269561768e-01,3.666440546512603760e-01,4.063860774040222168e-01,1.531346887350082397e-01,3.080632090568542480e-01,3.464973568916320801e-01,3.593415617942810059e-01,4.377426803112030029e-01,4.266634583473205566e-01,2.174580395221710205e-01,1.379569321870803833e-01,2.960196435451507568e-01,3.531991839408874512e-01,4.285158216953277588e-01,2.600575983524322510e-01,-1.729127615690231323e-01,-5.733495578169822693e-02,2.138289064168930054e-01,3.478259965777397156e-02,2.586451172828674316e-01,4.385848715901374817e-02,1.874787658452987671e-01,1.763533204793930054e-01,2.032313197851181030e-01,1.927298158407211304e-01,3.292967677116394043e-01,2.226447612047195435e-01,2.565053999423980713e-01,1.629706323146820068e-01,3.496690094470977783e-01,1.915337294340133667e-01,3.677732348442077637e-01,2.143087685108184814e-01,1.260707974433898926e-01,6.854029744863510132e-02,1.919882446527481079e-01,-1.174814254045486450e-01,3.388933241367340088e-01,9.023870527744293213e-02,6.691087782382965088e-02,2.318304404616355896e-02,9.840159676969051361e-03,5.104184150695800781e-02,2.282172441482543945e-01,3.775709867477416992e-01,1.257724016904830933e-01,3.262608125805854797e-02,-5.476300790905952454e-02,1.283568888902664185e-01,-2.101840637624263763e-02,1.549241542816162109e-01,3.622984588146209717e-01,3.955340981483459473e-01,1.087402328848838806e-01,1.313768774271011353e-01,2.711991965770721436e-01,1.311287730932235718e-01,3.065384328365325928e-01,2.603023648262023926e-01,2.234760820865631104e-01,1.405975371599197388e-01,3.370926976203918457e-01,1.167723760008811951e-01,2.053198665380477905e-01,1.674334406852722168e-01,2.563550174236297607e-01,1.219772920012474060e-01,2.000895589590072632e-01,6.876583397388458252e-02,2.284262031316757202e-01,3.377356231212615967e-01,2.406587749719619751e-01,2.305151373147964478e-01,2.014878541231155396e-01,1.775673329830169678e-01,1.370090693235397339e-01,3.895494714379310608e-02,1.765863895416259766e-01,1.548951771110296249e-02,2.140624821186065674e-01,2.105786651372909546e-01,1.646149009466171265e-01,2.245388329029083252e-01,2.976827323436737061e-01,2.578674554824829102e-01,1.896814629435539246e-02,2.721555829048156738e-01,1.344240307807922363e-01,1.911009103059768677e-01,2.392252087593078613e-01,2.372631430625915527e-01
3.471372127532958984e-01,2.665104269981384277e-01,4.010301530361175537e-01,3.272738754749298096e-01,4.832706451416015625e-01,5.790069103240966797e-01,6.619974970817565918e-02,3.530440032482147217e-01,6.831988692283630371e-01,1.000000119209289551e+00,1.210061162710189819e-01,-1.118312962353229523e-02,7.281981408596038818e-02,4.198452532291412354e-01,4.164346456527709961e-01,7.681587338447570801e-01,2.406759262084960938e-01,1.492355316877365112e-01,5.323683023452758789e-01,3.565328121185302734e-01,9.848925471305847168e-02,6.020701676607131958e-02,5.705971121788024902e-01,3.082901239395141602e-01,1.940618753433227539e-01,2.531082332134246826e-01,4.137503504753112793e-01,4.082135260105133057e-01,1.357906609773635864e-01,3.061029314994812012e-01,2.887291312217712402e-01,2.984633147716522217e-01,4.390267729759216309e-01,3.196157515048980713e-01,2.070107311010360718e-01,1.590995341539382935e-01,2.295937538146972656e-01,3.196823894977569580e-01,3.727751076221466064e-01,3.610986471176147461e-01,-1.954561918973922729e-01,2.204423025250434875e-02,1.178634539246559143e-01,-3.554269671440124512e-02,1.957398205995559692e-01,-5.662699788808822632e-02,2.054882943630218506e-01,1.639315336942672729e-01,8.043907582759857178e-02,-4.182803630828857422e-02,2.565456330776214600e-01,-1.472467556595802307e-02,3.107960522174835205e-01,-3.049657121300697327e-02,3.959909975528717041e-01,2.836418449878692627e-01,2.667267620563507080e-01,1.520176827907562256e-01,-7.993637770414352417e-02,-1.518899798393249512e-01,-1.597725413739681244e-02,-3.157107234001159668e-01,2.805813550949096680e-01,5.496380478143692017e-02,-1.278371065855026245e-01,-1.663902401924133301e-01,-9.065423160791397095e-02,-1.015058904886245728e-01,2.855092585086822510e-01,2.395875453948974609e-01,1.123040691018104553e-01,2.522151730954647064e-02,-6.836646050214767456e-02,1.646394729614257812e-01,3.727253992110490799e-03,2.159760594367980957e-01,3.329710960388183594e-01,3.647946715354919434e-01,7.318367063999176025e-02,8.871514350175857544e-02,1.983236223459243774e-01,-9.242989122867584229e-03,3.466720581054687500e-01,7.711873203516006470e-02,1.996486932039260864e-01,-7.155002560466527939e-03,3.584912717342376709e-01,6.594620645046234131e-02,2.795887887477874756e-01,9.451309591531753540e-02,4.511396288871765137e-01,9.353899955749511719e-02,3.813225924968719482e-01,-1.509219221770763397e-02,2.313022315502166748e-01,3.092598915100097656e-01,3.053437471389770508e-01,2.885814607143402100e-01,3.278656899929046631e-01,2.886412143707275391e-01,3.514069616794586182e-01,1.293166261166334152e-02,3.064782619476318359e-01,8.018838614225387573e-02,1.737539768218994141e-01,1.115462332963943481e-01,1.256232559680938721e-01,3.090941905975341797e-01,2.251917123794555664e-01,1.663888394832611084e-01,6.863161921501159668e-02,2.958902716636657715e-01,2.218586206436157227e-01,2.288289368152618408e-01,1.313340961933135986e-01,1.438324749469757080e-01
4.207916855812072754e-01,3.354945182800292969e-01,2.714851200580596924e-01,3.465064764022827148e-01,6.731235235929489136e-02,9.744191169738769531e-02,4.740549027919769287e-01,4.788879454135894775e-01,1.059331372380256653e-01,1.210061162710189819e-01,1.000000238418579102e+00,6.102225780487060547e-01,5.343437790870666504e-01,3.701331615447998047e-01,2.520490288734436035e-01,1.377113312482833862e-01,5.027055144309997559e-01,3.561727106571197510e-01,2.582729458808898926e-01,3.131292760372161865e-01,2.669885158538818359e-01,3.010122776031494141e-01,4.842090606689453125e-02,9.957451373338699341e-02,1.510130520910024643e-02,5.579388514161109924e-02,1.248850598931312561e-01,1.126196235418319702e-01,7.169014811515808105e-01,5.359438061714172363e-01,3.083206117153167725e-01,3.786959052085876465e-01,2.544048428535461426e-01,3.357814550399780273e-01,9.981124848127365112e-02,1.404596269130706787e-01,3.637925088405609131e-01,3.216342031955718994e-01,3.909192383289337158e-01,3.553872108459472656e-01,2.176133543252944946e-01,3.414330184459686279e-01,5.178486555814743042e-02,-3.348815813660621643e-02,2.010990232229232788e-01,7.563221151940524578e-05,1.163713708519935608e-01,8.669012039899826050e-02,1.471626311540603638e-01,-8.409368246793746948e-02,1.033261865377426147e-01,-2.120840847492218018e-01,1.203106343746185303e-01,-8.924072980880737305e-02,2.954678237438201904e-01,1.831989735364913940e-01,3.356468975543975830e-01,1.985165476799011230e-01,5.191640928387641907e-02,2.442126162350177765e-02,3.277212083339691162e-01,1.183016672730445862e-01,3.137965798377990723e-01,1.977570354938507080e-01,2.552941739559173584e-01,-9.435711801052093506e-02,3.396266996860504150e-01,3.059057593345642090e-01,1.811740696430206299e-01,3.217851817607879639e-01,4.291430115699768066e-01,3.838962316513061523e-01,4.480913281440734863e-01,4.474399685859680176e-01,2.735650539398193359e-01,2.911569178104400635e-01,3.001259863376617432e-01,2.782998383045196533e-01,4.738613963127136230e-01,2.930331528186798096e-01,5.075203776359558105e-01,2.553925812244415283e-01,3.197163045406341553e-01,1.933824568986892700e-01,4.975260198116302490e-01,2.215762436389923096e-01,4.196780323982238770e-01,1.971719563007354736e-01,4.678620100021362305e-01,2.240346819162368774e-01,2.623648643493652344e-01,1.110465601086616516e-01,2.789599597454071045e-01,1.334669589996337891e-01,1.107040569186210632e-01,1.919789314270019531e-01,2.052475214004516602e-01,1.938974112272262573e-01,1.903678774833679199e-01,1.914266496896743774e-01,2.964594364166259766e-01,1.715357601642608643e-01,3.287172913551330566e-01,3.086155652999877930e-01,1.554806623607873917e-02,1.539316326379776001e-01,2.920840680599212646e-01,3.436453342437744141e-01,3.757064417004585266e-02,1.864040791988372803e-01,2.446196414530277252e-02,9.193225950002670288e-02,1.177523955702781677e-01,8.243387937545776367e-02,1.222572401165962219e-01,3.664704039692878723e-02
3.497104346752166748e-01,3.967630863189697266e-01,2.770533561706542969e-01,4.442146718502044678e-01,3.795906435698270798e-03,1.915424503386020660e-02,4.829152822494506836e-01,5.458715558052062988e-01,4.836339503526687622e-02,-1.118312962353229523e-02,6.102225780487060547e-01,9.999998807907104492e-01,4.751944541931152344e-01,4.861815869808197021e-01,2.737019658088684082e-01,7.491292804479598999e-02,2.061349749565124512e-01,4.993432462215423584e-01,1.583661735057830811e-01,3.380342721939086914e-01,1.938453614711761475e-01,3.274153172969818115e-01,-6.040241569280624390e-02,2.225132733583450317e-01,-2.166880853474140167e-02,-1.264310069382190704e-02,6.999506801366806030e-02,8.587155491113662720e-02,5.315409898757934570e-01,6.084039807319641113e-01,2.977528274059295654e-01,4.119289517402648926e-01,2.117391973733901978e-01,3.511361181735992432e-01,-1.412307191640138626e-02,8.129467070102691650e-02,2.801363170146942139e-01,3.391101062297821045e-01,2.739368379116058350e-01,2.609874904155731201e-01,2.806097567081451416e-01,4.321262240409851074e-01,-1.471631135791540146e-02,6.963241100311279297e-02,8.701064623892307281e-03,-1.128720119595527649e-02,-2.752939239144325256e-02,7.523040473461151123e-02,-3.220380097627639771e-02,-1.400145585648715496e-03,-1.470075249671936035e-01,-5.359861627221107483e-02,-1.589788347482681274e-01,8.187779039144515991e-02,1.568395793437957764e-01,2.313954979181289673e-01,1.578117758035659790e-01,2.386564761400222778e-01,3.020220622420310974e-02,1.432541310787200928e-01,1.919158250093460083e-01,3.048109710216522217e-01,1.033122763037681580e-01,3.486442863941192627e-01,1.132992058992385864e-01,6.141486763954162598e-02,2.792199850082397461e-01,3.270295262336730957e-01,6.540250778198242188e-02,2.420059144496917725e-01,3.425565063953399658e-01,4.378873407840728760e-01,3.909180164337158203e-01,4.571334123611450195e-01,2.463375180959701538e-01,1.689677536487579346e-01,1.990218311548233032e-01,2.190978676080703735e-01,2.460024058818817139e-01,4.040791988372802734e-01,3.328930437564849854e-01,4.772672653198242188e-01,1.133794412016868591e-01,4.099919199943542480e-01,2.288653850555419922e-01,4.282711744308471680e-01,2.363468557596206665e-01,2.712303698062896729e-01,3.552986681461334229e-01,4.405186772346496582e-01,-5.279796198010444641e-02,1.016367673873901367e-01,-4.723853617906570435e-02,1.371650844812393188e-01,7.986629009246826172e-02,1.820390969514846802e-01,1.112342849373817444e-01,1.075900942087173462e-01,9.475593687966465950e-04,4.354596138000488281e-02,-4.460020363330841064e-02,1.803265064954757690e-01,1.720689423382282257e-02,2.391833662986755371e-01,5.359536968171596527e-03,1.431123763322830200e-01,2.422366291284561157e-01,2.687855362892150879e-01,3.995902463793754578e-02,1.549317240715026855e-01,-2.228587493300437927e-02,-8.153437823057174683e-02,-9.906196594238281250e-02,3.668347001075744629e-02,9.471011906862258911e-02,8.728871494531631470e-02
5.370782315731048584e-02,2.050161361694335938e-02,2.468680292367935181e-01,2.531675696372985840e-01,1.844636499881744385e-01,1.155841052532196045e-01,4.186747670173645020e-01,3.240158259868621826e-01,9.707093983888626099e-02,7.281981408596038818e-02,5.343437790870666504e-01,4.751944541931152344e-01,1.000000238418579102e+00,3.104049861431121826e-01,2.814979255199432373e-01,2.039361596107482910e-01,4.520972073078155518e-02,1.503558307886123657e-01,-9.059414267539978027e-03,5.990423262119293213e-02,1.164203807711601257e-01,1.968760788440704346e-01,7.151428610086441040e-02,2.228852808475494385e-01,2.343007028102874756e-01,2.330782115459442139e-01,1.261507123708724976e-01,1.157495155930519104e-01,5.547224283218383789e-01,4.675098359584808350e-01,3.336063623428344727e-01,3.760360479354858398e-01,-5.563207436352968216e-03,1.353269070386886597e-01,4.136594757437705994e-02,1.802600026130676270e-01,1.068540662527084351e-01,1.476643383502960205e-01,1.232643425464630127e-01,1.848636865615844727e-01,3.303095102310180664e-01,4.324194788932800293e-01,1.202199682593345642e-01,1.822703182697296143e-01,1.541138738393783569e-01,1.978068649768829346e-01,8.615793287754058838e-02,1.603391766548156738e-01,1.603037863969802856e-01,9.688066691160202026e-02,-2.744008041918277740e-02,-5.141912028193473816e-02,-3.007475472986698151e-02,1.154498197138309479e-02,3.454353287816047668e-02,7.782484591007232666e-02,-3.296241164207458496e-02,-1.227073743939399719e-01,2.165159583091735840e-02,4.917417094111442566e-02,6.072492152452468872e-02,1.168258488178253174e-01,-9.328751266002655029e-02,-1.366211380809545517e-02,1.561326980590820312e-01,-8.783677220344543457e-02,2.120880484580993652e-01,2.214817702770233154e-01,-1.257834285497665405e-01,-2.467748709022998810e-02,3.785437643527984619e-01,3.869531154632568359e-01,3.176384866237640381e-01,4.088523685932159424e-01,1.261824816465377808e-01,5.750069022178649902e-02,-7.471681386232376099e-02,-3.183142840862274170e-02,4.676049575209617615e-02,1.229454055428504944e-01,1.120962500572204590e-01,1.225335970520973206e-01,2.419508397579193115e-01,2.587197124958038330e-01,1.600987166166305542e-01,2.040183544158935547e-01,3.502155542373657227e-01,1.993664801120758057e-01,2.667275965213775635e-01,2.578266263008117676e-01,-3.377718478441238403e-02,9.513227269053459167e-03,5.442624096758663654e-04,7.824546843767166138e-02,2.253258228302001953e-02,-1.635738089680671692e-02,1.199624910950660706e-01,-1.626007957383990288e-03,-2.554742060601711273e-02,-1.109861060976982117e-01,8.501863107085227966e-03,8.655446767807006836e-02,-3.497171401977539062e-02,8.261948823928833008e-02,-1.856340020895004272e-01,-4.234548658132553101e-02,1.113937497138977051e-01,1.392923295497894287e-01,-7.155954837799072266e-02,1.545604020357131958e-01,1.321899592876434326e-01,-2.220814302563667297e-02,-3.897582739591598511e-02,7.035381346940994263e-02,1.016905382275581360e-01,-5.441002175211906433e-02
