9.999996423721313477e-01,3.912112712860107422e-01,3.102101087570190430e-01,2.999458909034729004e-01,1.108287833631038666e-02,-1.991493441164493561e-02,2.910269796848297119e-01,2.974242568016052246e-01,1.763790547847747803e-01,6.239037588238716125e-02,4.969402849674224854e-01,2.881497442722320557e-01,2.238859534263610840e-01,1.104407534003257751e-01,1.059064716100692749e-01,7.274470478296279907e-02,2.728953659534454346e-01,2.602333724498748779e-01,3.494983613491058350e-01,2.792091369628906250e-01,3.422781825065612793e-02,-1.087343785911798477e-02,1.050896570086479187e-01,1.314844340085983276e-01,4.041068628430366516e-02,1.015361994504928589e-01,2.684244699776172638e-02,3.560485690832138062e-02,2.323678433895111084e-01,2.947727739810943604e-01,2.436896711587905884e-01,5.748232454061508179e-02,3.415159285068511963e-01,2.613225579261779785e-01,2.586420178413391113e-01,2.914629578590393066e-01,1.685821115970611572e-01,9.201425313949584961e-02,2.296456992626190186e-01,1.760293394327163696e-01,1.162010952830314636e-01,1.100316345691680908e-01,2.994499206542968750e-01,2.422340661287307739e-01,2.749627828598022461e-01,1.892118155956268311e-01,3.383204340934753418e-01,2.667572796344757080e-01,3.186636567115783691e-01,3.013200461864471436e-01,3.413245677947998047e-01,2.692793607711791992e-01,3.183837831020355225e-01,1.180586665868759155e-01,2.035291194915771484e-01,1.417337656021118164e-01,5.743439793586730957e-01,3.740058243274688721e-01,1.903686523437500000e-01,2.255440652370452881e-01,4.786682426929473877e-01,1.924294382333755493e-01,1.947014927864074707e-01,9.901359677314758301e-02,1.509059667587280273e-01,1.883923709392547607e-01,2.972265183925628662e-01,2.619120478630065918e-01,5.358740091323852539e-01,1.886706650257110596e-01,2.697526812553405762e-01,2.037655711174011230e-01,2.753702104091644287e-01,2.103303074836730957e-01,4.073962196707725525e-02,2.013761848211288452e-01,2.922552824020385742e-01,2.996173799037933350e-01,5.031586810946464539e-02,1.535303890705108643e-01,2.221110016107559204e-01,2.039276808500289917e-01,2.964271306991577148e-01,2.907606065273284912e-01,1.901108622550964355e-01,8.564948290586471558e-02,2.924639880657196045e-01,3.114445507526397705e-01,1.385194361209869385e-01,1.197066530585289001e-01,2.348501384258270264e-01,1.892566382884979248e-01,2.504979074001312256e-01,2.489227354526519775e-01,2.566656470298767090e-01,2.102738618850708008e-01,2.619049847126007080e-01,2.469311654567718506e-01,2.712783515453338623e-01,2.000819146633148193e-01,2.694241404533386230e-01,2.021337598562240601e-01,3.504754304885864258e-01,2.649057507514953613e-01,2.663749754428863525e-01,1.258390098810195923e-01,8.755603432655334473e-02,1.187942251563072205e-01,1.884769946336746216e-01,2.474506646394729614e-01,2.088456451892852783e-01,2.465455681085586548e-01,2.228384464979171753e-01,2.024312019348144531e-01,7.109694927930831909e-02,-5.624029319733381271e-03
3.912112712860107422e-01,9.999997615814208984e-01,3.282310664653778076e-01,3.548026680946350098e-01,9.232939779758453369e-02,6.848455220460891724e-02,2.078922837972640991e-01,3.144875466823577881e-01,3.473481535911560059e-01,2.831233441829681396e-01,1.275060176849365234e-01,2.405539453029632568e-01,6.840702891349792480e-02,1.947254538536071777e-01,3.468300774693489075e-02,-2.466198429465293884e-02,4.415479302406311035e-02,2.281661182641983032e-01,1.490235924720764160e-01,3.749892711639404297e-01,9.392600506544113159e-02,3.870460391044616699e-02,4.083162918686866760e-02,1.522764116525650024e-01,2.375527769327163696e-01,2.358460724353790283e-01,1.835483759641647339e-01,1.456522047519683838e-01,9.592173993587493896e-02,8.341076225042343140e-02,1.697182357311248779e-01,1.338027864694595337e-01,2.696152329444885254e-01,3.957944214344024658e-01,9.407835453748703003e-02,1.332916170358657837e-01,-3.645603358745574951e-02,5.052198469638824463e-02,3.759277611970901489e-02,-4.288230556994676590e-03,1.260641403496265411e-02,1.068344861268997192e-01,1.198103055357933044e-01,3.505375683307647705e-01,1.716145724058151245e-01,3.043768107891082764e-01,1.982864439487457275e-01,2.733938097953796387e-01,2.078126966953277588e-01,4.890069961547851562e-01,2.435471862554550171e-01,5.553902387619018555e-01,1.837575584650039673e-01,4.039645791053771973e-01,-1.410383544862270355e-02,2.578936517238616943e-02,3.383237123489379883e-01,6.534218788146972656e-01,2.469743490219116211e-01,3.345364034175872803e-01,3.617620170116424561e-01,3.794667124748229980e-01,-7.546541839838027954e-02,3.662492707371711731e-02,1.744272559881210327e-01,3.843506872653961182e-01,2.265253365039825439e-01,3.186862170696258545e-01,3.117253780364990234e-01,4.075375199317932129e-01,1.139610353857278824e-02,4.893575981259346008e-02,5.569203943014144897e-02,1.869439482688903809e-01,5.083898082375526428e-03,7.701581716537475586e-02,8.963464200496673584e-02,1.713337302207946777e-01,-8.586040884256362915e-02,4.723430797457695007e-02,-1.504109968664124608e-04,2.102015763521194458e-01,1.740905642509460449e-01,2.034402042627334595e-01,-2.637079544365406036e-02,2.189663052558898926e-01,2.731461226940155029e-01,2.890163064002990723e-01,-1.272370219230651855e-01,1.870564371347427368e-01,-3.454490005970001221e-02,1.942523121833801270e-01,2.082449942827224731e-02,3.210752606391906738e-01,7.222425937652587891e-02,5.219404771924018860e-02,7.003429532051086426e-02,2.409719303250312805e-02,2.071068808436393738e-02,9.806203097105026245e-02,-4.073224496096372604e-03,2.893244922161102295e-01,1.806996911764144897e-01,3.660108745098114014e-01,1.061553135514259338e-01,1.948977857828140259e-01,-9.545098990201950073e-02,-8.781985379755496979e-03,4.285930469632148743e-02,3.161457553505897522e-02,7.713760435581207275e-02,1.082482486963272095e-01,1.127403005957603455e-01,9.575615078210830688e-02,-3.937884420156478882e-02,-1.566110551357269287e-01
3.102101087570190430e-01,3.282310664653778076e-01,9.999998807907104492e-01,6.673617362976074219e-01,1.197224855422973633e-01,1.567944139242172241e-02,6.739940047264099121e-01,6.073456406593322754e-01,4.142544865608215332e-01,1.838801056146621704e-01,3.682954311370849609e-01,1.771783083677291870e-01,3.064927756786346436e-01,2.825620472431182861e-01,-7.125250250101089478e-02,-1.767527312040328979e-01,3.050573170185089111e-01,3.326592445373535156e-01,4.635058045387268066e-01,4.852768480777740479e-01,-2.137396484613418579e-03,-2.107371948659420013e-02,4.441828429698944092e-01,4.901922047138214111e-01,2.046842277050018311e-01,2.339110225439071655e-01,8.579310029745101929e-02,4.144013859331607819e-03,2.847297191619873047e-01,3.720066547393798828e-01,3.794567584991455078e-01,2.275017946958541870e-01,3.094033598899841309e-01,3.440825939178466797e-01,2.525665462017059326e-01,2.791500389575958252e-01,1.000521406531333923e-01,4.765159636735916138e-02,1.372034102678298950e-01,8.968623727560043335e-02,1.366047561168670654e-01,6.013006716966629028e-02,9.641163796186447144e-02,2.121310383081436157e-01,1.208634674549102783e-01,1.884637475013732910e-01,1.562683284282684326e-01,2.532390356063842773e-01,8.116257190704345703e-02,2.892413735389709473e-01,3.472397476434707642e-02,2.758832573890686035e-01,3.381711989641189575e-02,1.186816096305847168e-01,3.695939085446298122e-04,-2.547947457060217857e-03,3.551217913627624512e-01,2.907620072364807129e-01,2.433358877897262573e-01,2.035236954689025879e-01,3.189289867877960205e-01,1.573484241962432861e-01,5.203654989600181580e-02,6.034582108259201050e-02,1.980328559875488281e-01,3.125827610492706299e-01,2.752350866794586182e-01,3.540087044239044189e-01,3.266726136207580566e-01,2.541767954826354980e-01,2.023854851722717285e-01,2.159486263990402222e-01,3.270879685878753662e-01,2.153971344232559204e-01,1.227909326553344727e-01,1.331878900527954102e-01,2.463491708040237427e-01,2.153162658214569092e-01,1.750884652137756348e-01,2.179192900657653809e-01,1.833041757345199585e-01,3.383944034576416016e-01,2.781198918819427490e-01,1.030215993523597717e-01,1.043522730469703674e-01,1.307457834482192993e-01,2.559260427951812744e-01,1.382627636194229126e-01,-4.575160332024097443e-03,9.125512838363647461e-02,-3.634966537356376648e-02,1.885935217142105103e-01,4.680778086185455322e-02,3.197165727615356445e-01,1.456478983163833618e-01,1.058921217918395996e-01,1.071680039167404175e-01,8.730483055114746094e-02,5.301969125866889954e-02,1.077721938490867615e-01,3.284230455756187439e-02,2.339469343423843384e-01,1.059807389974594116e-01,2.264721542596817017e-01,1.478242129087448120e-01,1.762901395559310913e-01,5.273248627781867981e-02,1.012647673487663269e-01,1.771356165409088135e-01,1.904674917459487915e-01,1.507042944431304932e-01,1.632447391748428345e-01,2.287018299102783203e-01,1.924515962600708008e-01,-6.570823024958372116e-03,6.147383712232112885e-03
2.999458909034729004e-01,3.548026680946350098e-01,6.673617362976074219e-01,1.000000238418579102e+00,5.763221532106399536e-02,6.662672758102416992e-02,5.544724464416503906e-01,6.356330513954162598e-01,2.819637358188629150e-01,3.059719502925872803e-01,3.299920558929443359e-01,2.010642439126968384e-01,1.823160499334335327e-01,2.566695511341094971e-01,-1.978053897619247437e-01,-1.909584999084472656e-01,1.684815287590026855e-01,3.032769560813903809e-01,3.762125968933105469e-01,6.002354025840759277e-01,-1.084783971309661865e-01,-1.227322146296501160e-01,3.398833572864532471e-01,5.223507285118103027e-01,1.797156780958175659e-01,2.134315371513366699e-01,2.692010812461376190e-02,-1.568564586341381073e-02,1.009230837225914001e-01,2.604640126228332520e-01,2.295613437891006470e-01,1.450761258602142334e-01,2.255574315786361694e-01,3.063487708568572998e-01,1.309050023555755615e-01,1.677335500717163086e-01,-8.536159247159957886e-02,-5.707193911075592041e-02,-9.462814778089523315e-03,-5.749310180544853210e-02,-1.977265812456607819e-02,-5.204918980598449707e-02,8.354360610246658325e-02,2.035232931375503540e-01,1.107625886797904968e-01,2.228188365697860718e-01,2.271053940057754517e-02,8.112879097461700439e-02,9.609173983335494995e-02,3.039833009243011475e-01,1.322623193264007568e-01,2.913969159126281738e-01,7.094470411539077759e-02,5.410408228635787964e-02,-9.883259236812591553e-02,-1.360189616680145264e-01,3.327580988407135010e-01,3.164418041706085205e-01,2.670840322971343994e-01,2.148272991180419922e-01,3.333999216556549072e-01,2.434637993574142456e-01,2.842485159635543823e-02,8.798040449619293213e-03,2.865140438079833984e-01,3.704101145267486572e-01,1.711319237947463989e-01,3.458325862884521484e-01,3.325300216674804688e-01,3.257733881473541260e-01,4.589711874723434448e-02,3.443514183163642883e-02,1.202399209141731262e-01,9.069822728633880615e-02,2.775127626955509186e-02,1.307883765548467636e-03,3.919156640768051147e-02,2.696753479540348053e-02,9.207792580127716064e-02,1.287966221570968628e-01,8.730657398700714111e-02,3.097848296165466309e-01,2.673739492893218994e-01,-4.209417104721069336e-02,3.786570951342582703e-02,4.070934653282165527e-02,1.299407929182052612e-01,1.185690462589263916e-01,-9.893584996461868286e-02,2.481979609001427889e-04,-5.920622497797012329e-02,1.412463486194610596e-01,1.674620434641838074e-02,3.035564720630645752e-01,2.082623541355133057e-02,-5.349710583686828613e-02,-8.671917766332626343e-02,-1.193716824054718018e-01,-8.379175513982772827e-02,-1.252989377826452255e-02,6.488022860139608383e-03,2.647444903850555420e-01,8.477418124675750732e-02,2.050731629133224487e-01,1.709106191992759705e-02,8.721917867660522461e-02,-1.458484679460525513e-02,8.879420347511768341e-03,3.563870489597320557e-02,5.887125153094530106e-03,-4.558727890253067017e-02,2.857909351587295532e-02,2.547035180032253265e-02,8.612463623285293579e-02,-5.113038793206214905e-02,-6.589812785387039185e-02
1.108287833631038666e-02,9.232939779758453369e-02,1.197224855422973633e-01,5.763221532106399536e-02,9.999996423721313477e-01,5.928321480751037598e-01,2.122414559125900269e-01,1.224547848105430603e-01,3.545999825000762939e-01,1.061582937836647034e-01,-1.909217238426208496e-02,2.879339084029197693e-02,9.958032518625259399e-02,1.057672947645187378e-01,4.197731316089630127e-01,2.759588956832885742e-01,1.559495925903320312e-01,1.546792984008789062e-01,7.373189181089401245e-02,2.146386913955211639e-02,1.566333472728729248e-01,2.338493913412094116e-01,1.340180784463882446e-01,1.897302120923995972e-01,2.695012986660003662e-01,3.026159405708312988e-01,5.037980675697326660e-01,4.503931403160095215e-01,2.791299819946289062e-01,2.352624982595443726e-01,2.196341454982757568e-01,2.617721557617187500e-01,1.573736220598220825e-01,1.301886737346649170e-01,7.367157936096191406e-02,3.491512686014175415e-02,8.373419940471649170e-02,-2.046057395637035370e-02,2.059756815433502197e-01,2.230653166770935059e-01,1.559752970933914185e-01,2.237321287393569946e-01,1.299567371606826782e-01,1.255307942628860474e-01,1.566254943609237671e-01,9.987326711416244507e-02,1.268887817859649658e-01,1.174591928720474243e-01,1.356985867023468018e-01,1.465555280447006226e-01,6.545545160770416260e-02,1.795996576547622681e-01,2.673188596963882446e-02,1.557963788509368896e-01,1.090015694499015808e-01,2.580122053623199463e-01,8.480080962181091309e-02,1.214570328593254089e-01,2.065109163522720337e-01,1.943936944007873535e-01,1.284546405076980591e-01,1.487189680337905884e-01,-6.928013637661933899e-03,1.806430667638778687e-01,1.476774513721466064e-01,1.630964726209640503e-01,2.257231771945953369e-01,1.602502167224884033e-01,1.216459870338439941e-01,6.165167316794395447e-02,1.569624543190002441e-01,2.107322961091995239e-01,1.610944271087646484e-01,2.458073198795318604e-01,7.738789170980453491e-02,1.787428557872772217e-01,7.021902501583099365e-02,1.143188625574111938e-01,2.310260385274887085e-01,3.062300384044647217e-01,1.851952672004699707e-01,1.558217853307723999e-01,-1.205319464206695557e-01,3.423703461885452271e-02,9.879841655492782593e-02,1.255782395601272583e-01,1.051994189620018005e-01,8.757024072110652924e-03,2.010861486196517944e-01,2.159168273210525513e-01,-2.348330989480018616e-02,-2.974114939570426941e-02,1.027786917984485626e-02,-1.076137647032737732e-02,8.710053563117980957e-02,1.179369688034057617e-01,1.349800676107406616e-01,1.079249978065490723e-01,4.341883212327957153e-02,-2.464634133502840996e-03,3.528979048132896423e-02,-2.720009535551071167e-03,-6.421175599098205566e-02,-2.018216066062450409e-02,1.021736338734626770e-01,1.681150645017623901e-01,1.088156476616859436e-01,1.075796857476234436e-01,1.172171682119369507e-01,1.016809493303298950e-01,1.175750866532325745e-01,4.139097407460212708e-03,6.960438936948776245e-02,1.174016892910003662e-01,1.392824500799179077e-01,4.489613324403762817e-02
-1.991493441164493561e-02,6.848455220460891724e-02,1.567944139242172241e-02,6.662672758102416992e-02,5.928321480751037598e-01,1.000000119209289551e+00,1.022132039070129395e-01,8.008384704589843750e-02,1.308768391609191895e-01,2.023600339889526367e-01,2.300339005887508392e-02,6.824303418397903442e-02,1.577000482939183712e-03,8.591102808713912964e-02,2.550220787525177002e-01,2.709556818008422852e-01,4.360365122556686401e-02,4.611931368708610535e-02,-3.685463592410087585e-02,3.686975222080945969e-03,4.362119734287261963e-02,3.919808566570281982e-02,1.335946191102266312e-02,1.305003017187118530e-01,1.339579671621322632e-01,2.718622684478759766e-01,3.532365560531616211e-01,4.697731137275695801e-01,6.861772388219833374e-02,3.267215192317962646e-02,4.884026199579238892e-02,1.217727512121200562e-01,4.343805089592933655e-02,4.874674975872039795e-02,-3.325283899903297424e-02,-6.959848850965499878e-02,-5.506199225783348083e-02,-1.981444470584392548e-02,2.894516289234161377e-02,7.033786177635192871e-02,-5.192928016185760498e-02,1.908758282661437988e-02,1.150246113538742065e-01,1.373692154884338379e-01,8.296544849872589111e-02,7.199749350547790527e-02,1.531258132308721542e-02,-2.391839213669300079e-02,1.079914122819900513e-01,7.960836589336395264e-02,1.465936303138732910e-01,1.101900786161422729e-01,6.472487002611160278e-02,1.016034334897994995e-01,6.331901997327804565e-02,1.453830897808074951e-01,3.548432141542434692e-02,5.389806255698204041e-02,1.369410157203674316e-01,9.368264675140380859e-02,1.273370385169982910e-01,1.175915375351905823e-01,4.105281457304954529e-02,6.211103126406669617e-02,1.979764401912689209e-01,8.666410297155380249e-02,8.125287294387817383e-02,9.095266461372375488e-02,-4.075407516211271286e-03,7.144716102629899979e-03,-2.185487933456897736e-02,2.403096295893192291e-02,-6.790357828140258789e-02,3.698484972119331360e-02,-3.131132572889328003e-03,-3.113264776766300201e-02,-9.243528544902801514e-02,-4.596672579646110535e-02,7.816511392593383789e-02,1.389290392398834229e-01,1.104773730039596558e-01,4.146876279264688492e-03,-7.264187932014465332e-02,-5.863702297210693359e-02,3.829978406429290771e-02,5.245535448193550110e-02,4.508922249078750610e-02,3.041438758373260498e-02,1.107749119400978088e-01,1.407915204763412476e-01,2.892897091805934906e-02,1.358492672443389893e-02,6.376892793923616409e-03,4.376866563688963652e-04,-4.425296187400817871e-02,-2.665794268250465393e-02,-6.284555792808532715e-02,-6.309570372104644775e-02,-4.834173247218132019e-02,-5.275812372565269470e-02,-4.952142015099525452e-03,-4.562383983284235001e-03,-9.068429470062255859e-02,-6.031452491879463196e-02,-4.814109951257705688e-02,7.352437358349561691e-03,5.349617451429367065e-02,7.124247029423713684e-03,6.230884231626987457e-03,-3.406425938010215759e-02,-2.996284700930118561e-02,-1.185654848814010620e-01,-7.790326327085494995e-02,5.842863116413354874e-03,7.804328203201293945e-02,-1.086869090795516968e-02
2.910269796848297119e-01,2.078922837972640991e-01,6.739940047264099121e-01,5.544724464416503906e-01,2.122414559125900269e-01,1.022132039070129395e-01,9.999998807907104492e-01,5.377135872840881348e-01,4.239403307437896729e-01,1.302680820226669312e-01,4.192439317703247070e-01,1.966895610094070435e-01,4.311340153217315674e-01,2.935050129890441895e-01,5.338071659207344055e-02,-1.165523082017898560e-01,4.001221954822540283e-01,2.963209152221679688e-01,4.151047468185424805e-01,3.790692090988159180e-01,3.578119724988937378e-02,-1.249599922448396683e-02,3.901494443416595459e-01,4.467320144176483154e-01,1.938258707523345947e-01,2.184717357158660889e-01,1.299243867397308350e-01,5.638605356216430664e-02,4.363995194435119629e-01,3.761967420578002930e-01,4.018134772777557373e-01,2.928012609481811523e-01,3.050902783870697021e-01,3.081654906272888184e-01,2.051475197076797485e-01,2.444907575845718384e-01,2.288871705532073975e-01,1.276078522205352783e-01,2.169474810361862183e-01,1.967934072017669678e-01,2.031772583723068237e-01,1.362855285406112671e-01,4.000509157776832581e-02,1.063822060823440552e-01,8.854916691780090332e-02,6.848284602165222168e-02,1.590918749570846558e-01,2.025231122970581055e-01,6.640946865081787109e-02,1.814343780279159546e-01,-3.984264563769102097e-03,1.813210099935531616e-01,-1.046514231711626053e-02,1.270121783018112183e-01,1.136824116110801697e-01,9.452513605356216431e-02,3.563068211078643799e-01,1.764917075634002686e-01,1.932285875082015991e-01,1.608049273490905762e-01,2.633445262908935547e-01,1.408421993255615234e-01,1.038247942924499512e-01,9.298617392778396606e-02,1.874952167272567749e-01,2.308441400527954102e-01,2.677431106567382812e-01,2.992824316024780273e-01,2.786303460597991943e-01,1.818366944789886475e-01,2.543894648551940918e-01,2.565288543701171875e-01,3.677955865859985352e-01,2.516267001628875732e-01,1.039537489414215088e-01,1.425799429416656494e-01,2.704101502895355225e-01,2.379251867532730103e-01,1.737610697746276855e-01,1.924569755792617798e-01,2.304006963968276978e-01,2.867510318756103516e-01,1.526936590671539307e-01,9.432978183031082153e-02,1.881011128425598145e-01,1.627425551414489746e-01,2.489155679941177368e-01,1.200501620769500732e-01,1.436221301555633545e-01,1.438461691141128540e-01,4.432947561144828796e-02,1.701428890228271484e-01,1.337210983037948608e-01,2.508747279644012451e-01,1.643414497375488281e-01,1.346766203641891479e-01,1.376266628503799438e-01,1.366965770721435547e-01,1.233350113034248352e-01,1.675950288772583008e-01,1.089611053466796875e-01,1.832406520843505859e-01,9.256096184253692627e-02,1.622106432914733887e-01,2.453286498785018921e-01,1.819881945848464966e-01,1.991636902093887329e-01,2.263577878475189209e-01,1.670867204666137695e-01,2.163413912057876587e-01,1.544498652219772339e-01,1.201810836791992188e-01,2.250395268201828003e-01,1.550116240978240967e-01,6.624861061573028564e-02,1.094351410865783691e-01
2.974242568016052246e-01,3.144875466823577881e-01,6.073456406593322754e-01,6.356330513954162598e-01,1.224547848105430603e-01,8.008384704589843750e-02,5.377135872840881348e-01,9.999998807907104492e-01,2.680719792842864990e-01,2.272421568632125854e-01,2.636801004409790039e-01,1.727484911680221558e-01,2.994572520256042480e-01,4.160028100013732910e-01,-7.255862653255462646e-02,-1.081734150648117065e-01,1.800010800361633301e-01,3.331136405467987061e-01,4.742121696472167969e-01,5.117066502571105957e-01,-1.085197851061820984e-01,-1.207349598407745361e-01,5.511905550956726074e-01,5.435231328010559082e-01,1.682029813528060913e-01,1.931232661008834839e-01,4.802192747592926025e-02,5.968277808278799057e-03,1.935428828001022339e-01,3.489287495613098145e-01,2.796359956264495850e-01,2.579916119575500488e-01,2.497500479221343994e-01,3.950443267822265625e-01,1.249142810702323914e-01,1.947135329246520996e-01,3.610943630337715149e-02,5.562289431691169739e-02,1.380202770233154297e-01,1.042805016040802002e-01,1.245681121945381165e-01,-1.850585103966295719e-03,8.591540157794952393e-03,9.595435857772827148e-02,2.580627053976058960e-02,5.933069810271263123e-02,1.141304075717926025e-01,1.837223917245864868e-01,1.303015928715467453e-02,1.734228879213333130e-01,2.069035172462463379e-02,1.773844808340072632e-01,2.446339838206768036e-02,9.972466528415679932e-02,4.137590155005455017e-02,4.738079383969306946e-02,2.147726714611053467e-01,1.491844803094863892e-01,9.604767709970474243e-02,1.067251563072204590e-01,1.794726699590682983e-01,6.829106062650680542e-02,-1.079398393630981445e-01,-1.384090334177017212e-01,6.751397997140884399e-02,1.692928820848464966e-01,1.105233505368232727e-01,2.953285276889801025e-01,3.167316019535064697e-01,3.926912844181060791e-01,1.997785121202468872e-01,1.933073550462722778e-01,2.420705109834671021e-01,2.446945011615753174e-01,7.831110805273056030e-02,1.525681912899017334e-01,1.832803636789321899e-01,1.830209046602249146e-01,2.016680389642715454e-01,1.898472607135772705e-01,1.585502028465270996e-01,3.287836909294128418e-01,2.487446367740631104e-01,4.080208763480186462e-02,9.667154401540756226e-02,7.262839376926422119e-02,1.355171054601669312e-01,1.008800119161605835e-01,-1.682832837104797363e-02,5.370477586984634399e-02,-2.612078376114368439e-02,1.107718721032142639e-01,7.987517863512039185e-02,2.379936724901199341e-01,8.655213564634323120e-02,2.872923575341701508e-02,9.751246869564056396e-02,5.464515183120965958e-03,7.395614683628082275e-02,1.163870617747306824e-01,6.064643338322639465e-02,2.383632510900497437e-01,1.816560775041580200e-01,3.234919011592864990e-01,1.883846223354339600e-01,2.378714829683303833e-01,1.844078674912452698e-02,8.252096176147460938e-02,1.135344803333282471e-01,1.077791750431060791e-01,7.135211676359176636e-02,9.728102385997772217e-02,1.524461358785629272e-01,1.990086287260055542e-01,9.237410873174667358e-02,1.052261292934417725e-01
1.763790547847747803e-01,3.473481535911560059e-01,4.142544865608215332e-01,2.819637358188629150e-01,3.545999825000762939e-01,1.308768391609191895e-01,4.239403307437896729e-01,2.680719792842864990e-01,1.000000119209289551e+00,2.160971909761428833e-01,1.700022816658020020e-01,6.501252204179763794e-02,3.145004808902740479e-01,1.150578111410140991e-01,2.466681748628616333e-01,-2.501719258725643158e-02,3.133416771888732910e-01,2.957042455673217773e-01,2.332478314638137817e-01,2.272920906543731689e-01,1.996610015630722046e-01,1.718329638242721558e-01,2.233512252569198608e-01,3.157247602939605713e-01,4.280270636081695557e-01,3.755642771720886230e-01,3.539886474609375000e-01,2.192251086235046387e-01,4.694851934909820557e-01,3.396490514278411865e-01,4.214856624603271484e-01,4.076812565326690674e-01,3.484157323837280273e-01,3.971221446990966797e-01,2.570702433586120605e-01,2.388261109590530396e-01,2.332669347524642944e-01,7.693271338939666748e-02,2.241992801427841187e-01,1.745882034301757812e-01,2.411530911922454834e-01,2.341523915529251099e-01,8.579484373331069946e-02,2.020522654056549072e-01,1.878844797611236572e-01,1.990797221660614014e-01,2.656870186328887939e-01,3.390277028083801270e-01,1.557852476835250854e-01,3.367801010608673096e-01,3.660054877400398254e-02,3.392191231250762939e-01,6.280100345611572266e-02,2.720579504966735840e-01,9.869129210710525513e-02,1.444526314735412598e-01,3.200751245021820068e-01,3.410944938659667969e-01,2.570413351058959961e-01,2.654548585414886475e-01,2.675293087959289551e-01,2.519338726997375488e-01,3.173562139272689819e-02,1.848035454750061035e-01,1.560578495264053345e-01,3.202912807464599609e-01,3.582929074764251709e-01,3.103965818881988525e-01,2.773707509040832520e-01,2.758579254150390625e-01,2.759649753570556641e-01,3.272081613540649414e-01,3.389634490013122559e-01,3.401557207107543945e-01,1.445471197366714478e-01,2.136286646127700806e-01,2.636463642120361328e-01,2.921415269374847412e-01,1.543906182050704956e-01,2.631979882717132568e-01,1.646827459335327148e-01,2.965418994426727295e-01,1.491181924939155579e-02,1.580780893564224243e-01,8.472821116447448730e-02,2.267234325408935547e-01,3.062163889408111572e-01,1.313313394784927368e-01,8.352907747030258179e-02,1.902403980493545532e-01,-2.516544796526432037e-02,1.337792426347732544e-01,6.184521317481994629e-02,1.958635151386260986e-01,2.590614259243011475e-01,2.677957713603973389e-01,2.574658989906311035e-01,2.536073625087738037e-01,1.675941348075866699e-01,1.631834208965301514e-01,3.094151802361011505e-02,1.572805792093276978e-01,1.091949790716171265e-01,2.239171713590621948e-01,2.579410672187805176e-01,2.385883033275604248e-01,1.197622492909431458e-01,1.950922012329101562e-01,2.286240309476852417e-01,2.581556141376495361e-01,2.443710863590240479e-01,1.780135631561279297e-01,2.589692175388336182e-01,1.372494846582412720e-01,8.217880129814147949e-02,3.688666969537734985e-02
6.239037588238716125e-02,2.831233441829681396e-01,1.838801056146621704e-01,3.059719502925872803e-01,1.061582937836647034e-01,2.023600339889526367e-01,1.302680820226669312e-01,2.272421568632125854e-01,2.160971909761428833e-01,9.999997615814208984e-01,8.886846899986267090e-02,1.857744008302688599e-01,3.436812013387680054e-02,3.817380219697952271e-02,-5.391335114836692810e-02,4.841800034046173096e-02,-9.760899096727371216e-02,4.983528330922126770e-02,-2.356391027569770813e-02,3.222400844097137451e-01,1.748560070991516113e-01,1.736262738704681396e-01,-4.079489037394523621e-02,1.642007231712341309e-01,4.088234603404998779e-01,4.644792973995208740e-01,2.756684422492980957e-01,2.882125079631805420e-01,5.525806173682212830e-02,-1.334669534116983414e-02,2.323570251464843750e-01,3.168790042400360107e-01,2.144831568002700806e-01,2.898411750793457031e-01,1.010587587952613831e-01,3.771439939737319946e-02,-7.017388939857482910e-02,1.058745086193084717e-01,-5.076379328966140747e-02,-1.478135883808135986e-01,2.272594720125198364e-02,1.908277124166488647e-01,9.457866102457046509e-02,1.922510415315628052e-01,4.996225237846374512e-02,1.750213056802749634e-01,4.174670949578285217e-02,6.803914904594421387e-02,8.431658893823623657e-02,1.730641871690750122e-01,1.374100595712661743e-01,1.777079999446868896e-01,6.065390631556510925e-02,9.223119914531707764e-02,-8.896117657423019409e-02,-1.062545552849769592e-01,1.939305812120437622e-01,2.116589993238449097e-01,2.002006769180297852e-01,7.754262536764144897e-02,2.074275016784667969e-01,1.261561810970306396e-01,4.160559549927711487e-02,5.928177852183580399e-03,1.600780189037322998e-01,1.539797186851501465e-01,8.233705908060073853e-02,2.055998295545578003e-01,1.099965721368789673e-01,2.487082928419113159e-01,-3.770751506090164185e-02,6.302506476640701294e-02,-3.137937560677528381e-02,1.780220866203308105e-01,6.289909034967422485e-02,4.989412426948547363e-02,-9.555774182081222534e-02,-1.097065303474664688e-02,-1.577511429786682129e-01,-4.418492317199707031e-03,-9.179025888442993164e-02,1.115812510251998901e-01,-1.027553081512451172e-01,-3.252615928649902344e-01,-1.654150187969207764e-01,-4.016472026705741882e-03,7.147192955017089844e-02,5.185712128877639771e-02,-2.206651121377944946e-01,-2.690364047884941101e-02,-7.029089331626892090e-02,7.359811663627624512e-02,-1.237600892782211304e-01,1.664530336856842041e-01,6.897458434104919434e-02,2.843561209738254547e-02,-1.629329845309257507e-02,-4.133530333638191223e-02,-7.557447254657745361e-02,-2.969571016728878021e-02,-8.520849794149398804e-02,1.198144406080245972e-01,9.857622534036636353e-02,2.096113562583923340e-01,-1.649671345949172974e-01,5.222700908780097961e-02,-1.046495065093040466e-01,-6.021799892187118530e-02,6.754866242408752441e-02,2.290574274957180023e-02,9.745636582374572754e-02,2.259946987032890320e-02,-5.290135741233825684e-02,-5.323594901710748672e-03,-1.804874688386917114e-01,-1.587665528059005737e-01
4.969402849674224854e-01,1.275060176849365234e-01,3.682954311370849609e-01,3.299920558929443359e-01,-1.909217238426208496e-02,2.300339005887508392e-02,4.192439317703247070e-01,2.636801004409790039e-01,1.700022816658020020e-01,8.886846899986267090e-02,1.000000238418579102e+00,4.381621181964874268e-01,3.818454146385192871e-01,1.585017740726470947e-01,-2.830936945974826813e-02,-1.037393808364868164e-01,4.302345812320709229e-01,3.072857260704040527e-01,2.681045234203338623e-01,2.172070890665054321e-01,-1.584798283874988556e-02,-7.059214264154434204e-02,1.092261373996734619e-01,1.753437072038650513e-01,-3.486921638250350952e-02,4.448296874761581421e-02,-5.700545758008956909e-02,-4.286554828286170959e-02,2.823956608772277832e-01,2.978353202342987061e-01,2.411001920700073242e-01,1.038738563656806946e-01,1.637310236692428589e-01,9.874406456947326660e-02,1.536887288093566895e-01,1.868343204259872437e-01,1.817970871925354004e-01,1.757041066884994507e-01,2.012837827205657959e-01,1.355653405189514160e-01,3.963831067085266113e-02,5.120660737156867981e-02,1.217904761433601379e-01,6.997624784708023071e-02,1.376017332077026367e-01,6.225592643022537231e-02,1.936472654342651367e-01,1.048451438546180725e-01,1.163931265473365784e-01,1.290259808301925659e-01,1.396396160125732422e-01,5.393463000655174255e-02,1.850196272134780884e-01,-5.124496296048164368e-02,2.488085776567459106e-01,1.055097579956054688e-01,5.271169543266296387e-01,1.536490768194198608e-01,9.485628455877304077e-02,1.116122305393218994e-01,3.823451101779937744e-01,1.364910751581192017e-01,3.591591715812683105e-01,1.485565155744552612e-01,1.415910571813583374e-01,1.383919566869735718e-01,1.499465852975845337e-01,1.908646672964096069e-01,3.213772773742675781e-01,6.520594656467437744e-02,2.194475978612899780e-01,1.636192649602890015e-01,2.293299883604049683e-01,1.455726921558380127e-01,5.003435537219047546e-02,7.567839324474334717e-02,2.092928886413574219e-01,1.979991346597671509e-01,2.597369626164436340e-02,1.521891355514526367e-01,3.092159926891326904e-01,2.497989386320114136e-01,3.093648552894592285e-01,1.008581221103668213e-01,2.683432996273040771e-01,4.004287719726562500e-02,2.970740199089050293e-01,1.577672809362411499e-01,2.165304422378540039e-01,7.831739634275436401e-02,3.628085255622863770e-01,2.285157591104507446e-01,3.376302123069763184e-01,2.445898652076721191e-01,1.494298279285430908e-01,1.272021234035491943e-01,1.386862397193908691e-01,1.579768657684326172e-01,2.307193875312805176e-01,1.854446679353713989e-01,3.232710957527160645e-01,1.849921941757202148e-01,3.633914589881896973e-01,1.893131881952285767e-01,1.700265556573867798e-01,6.869433820247650146e-02,2.408173978328704834e-01,1.405449062585830688e-01,1.009732335805892944e-01,1.638205498456954956e-01,1.330868154764175415e-01,1.760841459035873413e-01,1.295932084321975708e-01,1.181005164980888367e-01,7.086981832981109619e-02,4.883857816457748413e-02
2.881497442722320557e-01,2.405539453029632568e-01,1.771783083677291870e-01,2.010642439126968384e-01,2.879339084029197693e-02,6.824303418397903442e-02,1.966895610094070435e-01,1.727484911680221558e-01,6.501252204179763794e-02,1.857744008302688599e-01,4.381621181964874268e-01,9.999998807907104492e-01,3.023324608802795410e-01,3.923542797565460205e-01,1.107483580708503723e-01,1.365846097469329834e-01,2.683584690093994141e-01,3.592346310615539551e-01,1.927427053451538086e-01,2.440658807754516602e-01,6.323358416557312012e-02,1.078935116529464722e-01,5.533650051802396774e-03,1.615775972604751587e-01,-5.733085423707962036e-02,-2.609715983271598816e-02,8.089809864759445190e-02,7.559689879417419434e-02,2.288525849580764771e-01,2.944782078266143799e-01,2.384106814861297607e-01,2.085329592227935791e-01,7.861949503421783447e-02,8.346439898014068604e-02,1.740794628858566284e-02,1.302283108234405518e-01,2.216329276561737061e-01,3.340866565704345703e-01,2.258619517087936401e-01,2.230753600597381592e-01,1.276222765445709229e-01,1.839636266231536865e-01,-1.739061251282691956e-02,3.515492379665374756e-02,7.168283313512802124e-02,3.921208530664443970e-02,8.043839782476425171e-02,1.316692233085632324e-01,-5.363253504037857056e-02,5.763514712452888489e-02,-5.779645591974258423e-02,1.279960572719573975e-02,-1.362803298979997635e-02,1.470122486352920532e-01,2.660429477691650391e-01,3.446422815322875977e-01,2.382426708936691284e-01,2.297641783952713013e-01,6.388308852910995483e-02,1.784230619668960571e-01,1.287662237882614136e-01,1.574898958206176758e-01,2.297843694686889648e-01,2.252764850854873657e-01,6.659407168626785278e-02,1.209295243024826050e-01,1.050140783190727234e-01,2.140451073646545410e-01,2.089632004499435425e-01,1.459430456161499023e-01,2.741981744766235352e-01,2.126359939575195312e-01,2.083490192890167236e-01,3.083686232566833496e-01,6.323461234569549561e-02,1.939097195863723755e-01,1.607286930084228516e-01,2.297164648771286011e-01,-2.297447435557842255e-02,1.226967871189117432e-01,2.281642705202102661e-01,3.799336552619934082e-01,1.210368722677230835e-01,9.546402096748352051e-02,2.900006473064422607e-01,2.919543087482452393e-01,8.163277804851531982e-02,1.079751700162887573e-01,1.555643528699874878e-01,4.069618582725524902e-01,2.930344045162200928e-01,3.615128397941589355e-01,1.976280063390731812e-01,3.190302550792694092e-01,7.975569367408752441e-02,1.180908754467964172e-01,1.561155468225479126e-01,1.772913634777069092e-01,2.236776947975158691e-01,3.025128841400146484e-01,1.601873040199279785e-01,2.204728424549102783e-01,2.549091577529907227e-01,2.156315743923187256e-01,5.979144573211669922e-02,1.403109133243560791e-01,2.903443574905395508e-01,2.920316755771636963e-01,1.415206212550401688e-02,8.396161347627639771e-02,1.680651158094406128e-01,2.075922489166259766e-01,1.176461204886436462e-01,4.987169802188873291e-02,9.779593348503112793e-02,8.658427745103836060e-02
2.238859534263610840e-01,6.840702891349792480e-02,3.064927756786346436e-01,1.823160499334335327e-01,9.958032518625259399e-02,1.577000482939183712e-03,4.311340153217315674e-01,2.994572520256042480e-01,3.145004808902740479e-01,3.436812013387680054e-02,3.818454146385192871e-01,3.023324608802795410e-01,1.000000238418579102e+00,4.173073172569274902e-01,2.309317588806152344e-01,-5.236702039837837219e-02,5.148618817329406738e-01,3.910112082958221436e-01,4.461708366870880127e-01,2.191128879785537720e-01,1.057485789060592651e-01,3.695565834641456604e-02,3.880490064620971680e-01,3.920921385288238525e-01,1.529373601078987122e-02,3.497986868023872375e-02,9.019856154918670654e-02,-3.033766523003578186e-03,5.084598064422607422e-01,3.778573870658874512e-01,3.396085202693939209e-01,3.885179162025451660e-01,2.627052962779998779e-01,2.818410992622375488e-01,1.340759247541427612e-01,2.665663063526153564e-01,4.425182938575744629e-01,3.929582834243774414e-01,4.458986222743988037e-01,3.884672522544860840e-01,3.726815879344940186e-01,1.909519284963607788e-01,-8.364084362983703613e-02,-3.930905088782310486e-02,7.625322043895721436e-02,-8.042655885219573975e-02,2.511622011661529541e-01,2.542597055435180664e-01,-1.138521637767553329e-02,-2.953794412314891815e-02,-1.594174653291702271e-01,-4.779544100165367126e-02,1.107146590948104858e-02,1.623420566320419312e-01,3.701371848583221436e-01,3.543091714382171631e-01,3.201546669006347656e-01,4.789233580231666565e-02,9.334320574998855591e-02,1.632862091064453125e-01,1.012599915266036987e-01,8.628772199153900146e-02,2.579895555973052979e-01,1.747118979692459106e-01,1.270064804702997208e-02,1.020618081092834473e-01,2.422653287649154663e-01,2.887797355651855469e-01,2.297262400388717651e-01,2.481410354375839233e-01,4.249930083751678467e-01,3.568810224533081055e-01,4.042867422103881836e-01,3.780347704887390137e-01,1.462649852037429810e-01,3.155927360057830811e-01,3.229085206985473633e-01,3.368833363056182861e-01,1.465374976396560669e-01,2.303466498851776123e-01,4.050105214118957520e-01,4.487195014953613281e-01,5.838215351104736328e-02,7.438914477825164795e-02,3.884201943874359131e-01,3.092301189899444580e-01,2.723247706890106201e-01,-4.985093697905540466e-02,4.130785167217254639e-01,3.151067793369293213e-01,2.996755838394165039e-01,2.799446582794189453e-01,3.787336349487304688e-01,2.170988619327545166e-01,1.672364473342895508e-01,2.215979844331741333e-01,2.971876859664916992e-01,2.683491110801696777e-01,3.639228641986846924e-01,3.886097371578216553e-01,2.228560894727706909e-01,7.686552405357360840e-02,2.800598144531250000e-01,1.895363479852676392e-01,3.340842127799987793e-01,3.575018942356109619e-01,3.543712794780731201e-01,4.208564460277557373e-01,1.511711478233337402e-01,2.015758752822875977e-01,2.627267539501190186e-01,2.450270056724548340e-01,3.970722556114196777e-01,7.343098521232604980e-02,1.960680633783340454e-01,3.205318450927734375e-01
