1.000000238418579102e+00,4.154404401779174805e-01,-3.159895539283752441e-01,-1.172983646392822266e-01,-6.635504961013793945e-02,-6.225921097211539745e-04,2.032791078090667725e-01,2.086418420076370239e-01,-1.581749469041824341e-01,-5.674411356449127197e-02,5.787830352783203125e-01,3.548747599124908447e-01,-1.687029935419559479e-02,1.306670159101486206e-01,-1.005951315164566040e-01,9.186825901269912720e-02,5.878971219062805176e-01,3.945246338844299316e-01,3.542282581329345703e-01,2.943881154060363770e-01,1.112911328673362732e-01,2.256675213575363159e-01,-1.268630176782608032e-01,-1.809732764959335327e-01,-1.303514372557401657e-02,3.900386020541191101e-02,-1.015039905905723572e-02,5.204265192151069641e-02,3.496215939521789551e-01,2.665652930736541748e-01,6.739943474531173706e-02,-3.586727380752563477e-02,3.944633901119232178e-01,4.336286187171936035e-01,3.311606645584106445e-01,2.531482279300689697e-01,2.745116055011749268e-01,3.570757806301116943e-01,3.416719138622283936e-01,4.093408882617950439e-01,2.236341536045074463e-01,2.628009021282196045e-01,7.046438753604888916e-02,3.449338674545288086e-01,-2.608359158039093018e-01,6.263568997383117676e-02,2.024608850479125977e-01,1.709899902343750000e-01,-1.597221940755844116e-01,5.760557949542999268e-02,-4.731055814772844315e-03,6.364244967699050903e-02,2.047305554151535034e-02,-9.539243578910827637e-02,2.713801562786102295e-01,2.304796576499938965e-01,6.769068837165832520e-01,3.710322976112365723e-01,2.908526659011840820e-01,2.051272541284561157e-01,2.252319008111953735e-01,2.048541605472564697e-01,2.793781161308288574e-01,2.687153816223144531e-01,-8.206050097942352295e-02,1.300390227697789669e-03,3.866643011569976807e-01,3.933977484703063965e-01,4.052794575691223145e-01,3.477786481380462646e-01,2.439817339181900024e-01,1.356913596391677856e-01,3.566827774047851562e-01,1.160747110843658447e-01,2.414060086011886597e-01,1.357618421316146851e-01,4.937021136283874512e-01,3.048475384712219238e-01,4.182740673422813416e-02,2.939527332782745361e-01,3.857444822788238525e-01,3.029640316963195801e-01,3.017945028841495514e-02,1.127885952591896057e-01,2.207842618227005005e-01,1.830197572708129883e-01,-1.072107553482055664e-01,-5.337651353329420090e-03,9.011520445346832275e-02,1.858433634042739868e-01,-4.059507325291633606e-02,-4.409156367182731628e-02,-8.937449753284454346e-02,-1.854524910449981689e-01,3.373557329177856445e-01,3.149432241916656494e-01,4.854431748390197754e-01,4.520519971847534180e-01,2.154229134321212769e-01,1.168971061706542969e-01,1.293460428714752197e-01,-2.488566003739833832e-02,2.222978025674819946e-01,2.044149041175842285e-01,3.648756742477416992e-01,3.039465546607971191e-01,1.792998164892196655e-01,3.026756048202514648e-01,1.935494095087051392e-01,2.151385098695755005e-01,2.435754835605621338e-01,2.003274559974670410e-01,6.891289353370666504e-02,1.470755785703659058e-01,3.079530000686645508e-01,3.131586611270904541e-01
4.154404401779174805e-01,9.999997615814208984e-01,-9.916290640830993652e-02,-5.047354102134704590e-02,2.240060642361640930e-02,1.992789655923843384e-01,1.390894968062639236e-02,2.729492783546447754e-01,-2.086024284362792969e-01,6.994927674531936646e-02,1.131574586033821106e-01,3.812861144542694092e-01,-1.661479622125625610e-01,1.313761770725250244e-01,-5.163324624300003052e-02,1.632490754127502441e-01,2.361697852611541748e-01,2.920413017272949219e-01,3.790538609027862549e-01,3.629927635192871094e-01,1.138011813163757324e-01,1.754637956619262695e-01,4.103178624063730240e-03,1.799474842846393585e-02,-9.229423105716705322e-02,-3.297271952033042908e-02,1.883969455957412720e-01,2.377171665430068970e-01,5.162692163139581680e-03,1.928240358829498291e-01,-3.784635290503501892e-02,-1.172989532351493835e-01,2.530616223812103271e-01,2.216275483369827271e-01,2.425266504287719727e-01,1.726524084806442261e-01,1.625424027442932129e-01,2.768466472625732422e-01,1.981167793273925781e-01,4.115382134914398193e-01,7.797061651945114136e-02,2.823353409767150879e-01,3.421252593398094177e-03,1.926924735307693481e-01,-2.357429116964340210e-01,7.195077836513519287e-02,1.119178161025047302e-01,5.212863907217979431e-02,-1.052281484007835388e-01,1.038890779018402100e-01,4.166614264249801636e-02,8.074984699487686157e-02,-3.689989447593688965e-02,-3.706189990043640137e-02,1.814863830804824829e-01,3.569119572639465332e-01,4.611787199974060059e-01,5.927276015281677246e-01,1.812625229358673096e-01,3.005904257297515869e-01,1.573808789253234863e-01,5.162934660911560059e-01,-7.972399145364761353e-02,3.503140509128570557e-01,-3.493941854685544968e-03,1.141223460435867310e-01,3.593648672103881836e-01,4.085800647735595703e-01,3.608427643775939941e-01,3.149345517158508301e-01,2.000320889055728912e-02,1.284105982631444931e-02,-7.253244519233703613e-02,-2.137441933155059814e-02,-6.887701898813247681e-02,9.111458784900605679e-04,2.831515856087207794e-02,5.040048435330390930e-02,1.028923168778419495e-01,2.260337769985198975e-01,1.014454811811447144e-01,3.035514652729034424e-01,1.237613707780838013e-01,2.416641265153884888e-01,7.951774448156356812e-02,3.309926688671112061e-01,-2.050074003636837006e-02,2.432072460651397705e-01,1.096904575824737549e-01,3.719539642333984375e-01,4.812091588973999023e-02,1.433144956827163696e-01,8.720695972442626953e-02,1.518824137747287750e-02,7.050728797912597656e-02,2.586552202701568604e-01,1.502955406904220581e-01,3.230887651443481445e-01,1.983098834753036499e-01,2.625267207622528076e-01,4.634464979171752930e-01,1.859428733587265015e-02,4.264758229255676270e-01,4.464545845985412598e-01,4.126105904579162598e-01,3.049360513687133789e-01,1.383609920740127563e-01,2.990240156650543213e-01,6.368516385555267334e-02,-4.131114482879638672e-02,4.239198938012123108e-02,1.507010012865066528e-01,1.442819833755493164e-02,2.976067066192626953e-01,4.425282478332519531e-01,4.521978199481964111e-01
-3.159895539283752441e-01,-9.916290640830993652e-02,9.999997615814208984e-01,4.954744875431060791e-01,2.408766895532608032e-01,3.955932706594467163e-02,5.134626626968383789e-01,3.421578705310821533e-01,2.573296427726745605e-01,8.074723184108734131e-02,-7.865581661462783813e-02,1.395141929388046265e-01,5.579053163528442383e-01,3.460898995399475098e-01,3.033875823020935059e-01,1.357222348451614380e-01,-9.792442619800567627e-02,-1.690677739679813385e-02,-7.417060434818267822e-02,-1.049390528351068497e-03,-2.411331422626972198e-02,5.816471576690673828e-02,6.661943197250366211e-01,6.358769536018371582e-01,2.886929214000701904e-01,2.396552860736846924e-01,2.880687713623046875e-01,1.734812110662460327e-01,9.620443731546401978e-02,1.078049018979072571e-01,4.289663136005401611e-01,4.113063514232635498e-01,-6.607488542795181274e-02,-1.274218261241912842e-01,-2.015512734651565552e-01,-2.037860900163650513e-01,1.788815706968307495e-01,-9.866242855787277222e-02,-7.882145047187805176e-02,-1.425184309482574463e-01,-8.178354054689407349e-02,-4.220143705606460571e-02,-1.340385675430297852e-01,-1.325543075799942017e-01,-2.276429086923599243e-01,-1.121815443038940430e-01,7.754215039312839508e-03,6.012742221355438232e-02,-2.122496366500854492e-01,-8.694317936897277832e-02,-1.116064265370368958e-01,-9.777180105447769165e-02,1.150041520595550537e-01,3.572275117039680481e-02,-2.043740265071392059e-02,8.004409819841384888e-02,-1.429844796657562256e-01,-9.472736716270446777e-02,-1.857193857431411743e-01,-6.457228213548660278e-02,-2.060122936964035034e-01,-1.186296939849853516e-01,2.376470565795898438e-01,1.340461671352386475e-01,-1.565376371145248413e-01,-9.896204620599746704e-02,-2.125178128480911255e-01,-2.325673997402191162e-01,-2.531180083751678467e-01,-2.862824201583862305e-01,1.463757455348968506e-01,1.768352985382080078e-01,-1.220442801713943481e-01,-4.340653866529464722e-02,-6.488209217786788940e-02,-5.443954095244407654e-02,-2.708538174629211426e-01,-2.133585959672927856e-01,3.282740712165832520e-01,-3.231780137866735458e-03,1.104518249630928040e-01,7.327471673488616943e-02,1.980119943618774414e-01,1.356339752674102783e-01,1.946423500776290894e-01,1.019017696380615234e-01,9.571088850498199463e-02,-7.286821305751800537e-02,1.989547163248062134e-01,1.107683032751083374e-01,2.564641535282135010e-01,2.546584904193878174e-01,9.531819075345993042e-02,4.223895445466041565e-02,-5.320178717374801636e-02,-4.561268910765647888e-02,-2.356114089488983154e-01,-1.443076580762863159e-01,6.455905735492706299e-02,1.713740974664688110e-01,-3.698686510324478149e-02,-4.438949003815650940e-02,1.278796885162591934e-02,1.008589845150709152e-02,2.889914438128471375e-02,-5.105085298418998718e-02,9.438944607973098755e-02,3.899111971259117126e-02,3.546844422817230225e-02,8.816219121217727661e-02,-2.920603565871715546e-02,1.456872671842575073e-01,1.778980493545532227e-01,-8.458129130303859711e-03,-3.083210624754428864e-02,8.950075134634971619e-03
-1.172983646392822266e-01,-5.047354102134704590e-02,4.954744875431060791e-01,1.000000119209289551e+00,-4.843149706721305847e-02,-5.796113610267639160e-02,4.683441817760467529e-01,4.892078638076782227e-01,-1.540920976549386978e-02,-7.292570173740386963e-02,-1.451491285115480423e-02,1.670564264059066772e-01,3.828483521938323975e-01,3.914971053600311279e-01,7.027403917163610458e-03,8.414527028799057007e-02,-8.252136409282684326e-02,1.556594762951135635e-02,6.678202748298645020e-02,4.204867780208587646e-02,-5.682168900966644287e-02,7.342123240232467651e-02,4.662818908691406250e-01,5.488038063049316406e-01,1.612601429224014282e-01,2.057985514402389526e-01,2.362011186778545380e-02,6.960947811603546143e-02,1.081477105617523193e-01,1.455665081739425659e-01,3.619615137577056885e-01,4.206221103668212891e-01,-3.735232725739479065e-02,2.427931502461433411e-02,3.385710716247558594e-02,8.094035834074020386e-02,1.396226882934570312e-01,-7.217521965503692627e-02,-6.242108345031738281e-02,-6.688936054706573486e-02,3.393669798970222473e-02,-3.151351585984230042e-02,8.821413666009902954e-02,-5.414315313100814819e-02,-5.984093993902206421e-02,-1.233472153544425964e-01,8.453898876905441284e-02,1.385693401098251343e-01,-1.672009080648422241e-01,-8.371141552925109863e-02,-9.085422009229660034e-02,-3.847658634185791016e-03,1.206252276897430420e-01,1.373803019523620605e-01,-4.038416221737861633e-02,1.086300238966941833e-01,-3.291258960962295532e-02,-1.305418275296688080e-02,9.832698106765747070e-02,6.809445470571517944e-02,-4.027953837066888809e-03,-1.028814688324928284e-01,2.155386656522750854e-01,2.286768406629562378e-01,-3.572065383195877075e-02,-4.291262850165367126e-02,5.595748126506805420e-02,-5.438758432865142822e-02,-6.245663389563560486e-02,-1.053137034177780151e-01,2.269865721464157104e-01,3.231026232242584229e-01,1.205845698714256287e-01,1.656806468963623047e-01,1.368071585893630981e-01,7.890871167182922363e-02,3.909306228160858154e-02,1.019331365823745728e-01,1.186119914054870605e-01,-1.073282677680253983e-02,4.559960588812828064e-02,7.303334027528762817e-02,-2.756359241902828217e-02,1.021838709712028503e-01,1.939154812134802341e-03,8.644345402717590332e-02,-7.867944240570068359e-02,-8.177015930414199829e-02,-5.153485387563705444e-02,2.351165562868118286e-02,8.443327993154525757e-02,2.262481749057769775e-01,-3.721537068486213684e-02,-1.822373270988464355e-02,9.042890742421150208e-04,3.438855707645416260e-02,-5.298784747719764709e-02,1.413517631590366364e-02,1.412875298410654068e-02,1.135306060314178467e-01,-1.359104514122009277e-01,-6.563171744346618652e-02,-9.592534601688385010e-02,-1.201135590672492981e-01,-8.959645777940750122e-02,-6.620569527149200439e-02,-8.409173227846622467e-03,2.075328677892684937e-02,1.474464535713195801e-01,1.931518763303756714e-01,2.106598019599914551e-01,1.235976070165634155e-01,1.216907575726509094e-01,-7.223777472972869873e-02,-1.333214491605758667e-01,-5.032351985573768616e-02
-6.635504961013793945e-02,2.240060642361640930e-02,2.408766895532608032e-01,-4.843149706721305847e-02,1.000000119209289551e+00,6.311878561973571777e-01,2.534388005733489990e-01,4.470516368746757507e-02,6.870808005332946777e-01,5.351284742355346680e-01,1.235967725515365601e-01,5.121667683124542236e-02,3.509766161441802979e-01,-6.288929376751184464e-03,6.671214103698730469e-01,1.606179922819137573e-01,1.398372203111648560e-01,-6.427374482154846191e-02,-6.468553841114044189e-02,1.539799384772777557e-03,2.075644731521606445e-01,2.072115391492843628e-01,2.465266287326812744e-01,1.209706068038940430e-01,6.158210039138793945e-01,5.207725763320922852e-01,6.657035350799560547e-01,5.556485056877136230e-01,2.606264948844909668e-01,-2.948622591793537140e-02,3.389202058315277100e-01,2.471542209386825562e-01,-1.095373034477233887e-01,-1.627101898193359375e-01,-1.341101825237274170e-01,-1.446975916624069214e-01,1.456169039011001587e-01,5.162523128092288971e-03,2.173268944025039673e-01,5.952312052249908447e-02,2.902076244354248047e-01,2.124025970697402954e-01,-1.957898959517478943e-02,1.222479622811079025e-02,-1.690250486135482788e-01,3.051493875682353973e-02,-2.406993135809898376e-02,-5.130842700600624084e-02,-5.707996711134910583e-02,7.287558633834123611e-03,5.773702636361122131e-03,-4.041347280144691467e-02,1.665093004703521729e-01,-1.380948722362518311e-02,2.635288536548614502e-01,4.089263454079627991e-02,5.599417164921760559e-02,1.033573970198631287e-01,-6.410530954599380493e-02,-8.337712287902832031e-02,-1.717735379934310913e-01,-1.511200517416000366e-01,8.391469717025756836e-02,8.555511385202407837e-02,-1.323948651552200317e-01,-1.321051418781280518e-01,-1.907479166984558105e-01,-1.720521450042724609e-01,-1.259965151548385620e-01,-2.013484835624694824e-01,8.573706448078155518e-02,2.091090008616447449e-02,3.776858747005462646e-02,-1.629089266061782837e-01,-1.066584233194589615e-02,-1.033197045326232910e-01,-5.199352651834487915e-02,-1.749425977468490601e-01,1.463122963905334473e-01,-1.281754765659570694e-02,2.685014605522155762e-01,1.903916522860527039e-02,6.505188345909118652e-01,1.807605028152465820e-01,4.122569561004638672e-01,1.024742275476455688e-01,4.714373946189880371e-01,1.083058789372444153e-01,5.315283536911010742e-01,2.442050725221633911e-01,2.429934293031692505e-01,1.135684773325920105e-01,1.146744936704635620e-01,2.492748573422431946e-02,7.861144095659255981e-02,1.409256756305694580e-01,6.582501530647277832e-02,9.060189127922058105e-02,1.031952053308486938e-01,5.156482383608818054e-02,1.287556290626525879e-01,-7.207250595092773438e-02,1.219485700130462646e-01,9.661949425935745239e-02,1.341686993837356567e-01,2.992594055831432343e-02,1.635628938674926758e-01,3.163539245724678040e-02,6.380839645862579346e-02,6.230161339044570923e-02,-3.280102973803877831e-03,1.150137186050415039e-01,1.327682882547378540e-01,7.942616194486618042e-02,1.318969428539276123e-01,1.611247658729553223e-01
-6.225921097211539745e-04,1.992789655923843384e-01,3.955932706594467163e-02,-5.796113610267639160e-02,6.311878561973571777e-01,1.000000119209289551e+00,-1.507885172031819820e-03,1.313604414463043213e-01,3.788315951824188232e-01,6.625127792358398438e-01,2.732830122113227844e-02,1.034094318747520447e-01,1.072647571563720703e-01,1.324720233678817749e-01,4.207486510276794434e-01,2.809460461139678955e-01,1.211882457137107849e-01,2.228658087551593781e-02,-9.977588057518005371e-02,-4.901392851024866104e-03,1.945420503616333008e-01,2.972632348537445068e-01,2.019245773553848267e-01,1.401371210813522339e-01,5.408806800842285156e-01,5.799426436424255371e-01,5.278558135032653809e-01,6.170618534088134766e-01,2.309593707323074341e-01,5.589970573782920837e-02,2.437361776828765869e-01,2.141500115394592285e-01,-7.476310431957244873e-02,-1.098053157329559326e-01,-1.241448335349559784e-02,-5.177759751677513123e-02,1.375568509101867676e-01,2.108211070299148560e-01,1.305721253156661987e-01,2.004334479570388794e-01,2.368096113204956055e-01,3.351600766181945801e-01,6.483298540115356445e-02,6.954876333475112915e-02,-8.187092095613479614e-02,8.054824918508529663e-02,-2.440910600125789642e-02,-1.704411208629608154e-02,4.290482029318809509e-02,9.707476198673248291e-02,1.606167256832122803e-01,3.047351352870464325e-02,1.128418222069740295e-01,3.281002864241600037e-02,2.239395231008529663e-01,2.188630998134613037e-01,1.514601260423660278e-01,1.649386733770370483e-01,5.198159813880920410e-02,-8.268330991268157959e-02,-2.328120544552803040e-02,3.524969564750790596e-03,-1.311235502362251282e-02,1.680662035942077637e-01,4.393614456057548523e-02,1.970579847693443298e-02,-9.430947154760360718e-02,-4.332323372364044189e-02,-6.608515977859497070e-02,-1.551604866981506348e-01,-2.587302029132843018e-02,2.548246458172798157e-02,-1.230438426136970520e-02,-1.982162594795227051e-01,-2.030821517109870911e-02,-2.548827417194843292e-02,-1.079505383968353271e-01,-2.234884053468704224e-01,1.721321195363998413e-01,1.041365936398506165e-01,2.649267911911010742e-01,1.613239049911499023e-01,4.173488318920135498e-01,4.116197228431701660e-01,2.681523859500885010e-01,2.110591530799865723e-01,3.687479197978973389e-01,3.259248733520507812e-01,2.980840206146240234e-01,3.574815094470977783e-01,9.265523985959589481e-04,1.505201309919357300e-01,-4.055815190076828003e-02,7.018195092678070068e-02,-1.675517857074737549e-02,1.751327812671661377e-01,1.142570469528436661e-02,2.171608060598373413e-01,1.591938920319080353e-02,1.188821196556091309e-01,1.488488018512725830e-01,2.972435578703880310e-02,1.731648743152618408e-01,1.824606209993362427e-01,2.544408440589904785e-01,1.635781824588775635e-01,2.150514870882034302e-01,2.062293291091918945e-01,1.373653858900070190e-01,-5.731330811977386475e-02,2.595673128962516785e-02,1.576278805732727051e-01,5.959171336144208908e-03,3.117730841040611267e-02,2.107238024473190308e-01,2.458182573318481445e-01
2.032791078090667725e-01,1.390894968062639236e-02,5.134626626968383789e-01,4.683441817760467529e-01,2.534388005733489990e-01,-1.507885172031819820e-03,9.999997615814208984e-01,5.160932540893554688e-01,2.596743404865264893e-01,1.078057847917079926e-02,4.078873991966247559e-01,4.029608666896820068e-01,6.564286351203918457e-01,3.688719272613525391e-01,2.965897917747497559e-01,2.419498562812805176e-02,2.853583693504333496e-01,1.564076691865921021e-01,2.490679770708084106e-01,2.014004141092300415e-01,1.476543024182319641e-02,1.114231869578361511e-01,4.839718341827392578e-01,3.842855691909790039e-01,2.915945947170257568e-01,2.506414651870727539e-01,2.146609276533126831e-01,1.549853086471557617e-01,3.994198441505432129e-01,2.071514427661895752e-01,5.220835804939270020e-01,5.018715262413024902e-01,1.590417623519897461e-01,1.693052798509597778e-01,1.777229830622673035e-02,-1.041784882545471191e-03,2.730002701282501221e-01,2.660391107201576233e-02,1.613022685050964355e-01,5.229218676686286926e-02,1.656116843223571777e-01,7.468343526124954224e-02,-1.098301075398921967e-02,8.898780494928359985e-02,-2.791216373443603516e-01,-4.501092061400413513e-02,1.338225901126861572e-01,1.631636321544647217e-01,-2.760920524597167969e-01,-7.186015695333480835e-02,-1.752388775348663330e-01,-5.400305241346359253e-02,1.941618174314498901e-01,7.093182299286127090e-03,1.999461352825164795e-01,1.176912188529968262e-01,2.320906221866607666e-01,1.429684758186340332e-01,1.761873997747898102e-02,-6.223371997475624084e-02,-1.036859527230262756e-01,-1.906413286924362183e-01,4.220211505889892578e-01,2.358946502208709717e-01,-2.254134863615036011e-01,-1.363143324851989746e-01,4.390883073210716248e-02,-4.543716832995414734e-02,2.183789573609828949e-02,-4.720831662416458130e-02,3.956417441368103027e-01,3.752749562263488770e-01,2.607609033584594727e-01,1.192334964871406555e-01,1.968805342912673950e-01,5.919075384736061096e-02,2.479933947324752808e-01,1.932927966117858887e-01,2.096150070428848267e-01,6.435122340917587280e-02,3.238589763641357422e-01,1.443051546812057495e-01,3.050243854522705078e-01,2.606724388897418976e-02,3.306651115417480469e-01,1.504702419042587280e-01,8.111128956079483032e-02,-2.000181525945663452e-01,3.283996582031250000e-01,1.980391442775726318e-01,3.080674707889556885e-01,1.923690587282180786e-01,1.198448240756988525e-01,-3.309849277138710022e-02,2.028805315494537354e-01,1.159428134560585022e-01,1.402836441993713379e-01,1.059154197573661804e-01,1.834250092506408691e-01,1.315111368894577026e-01,-1.169798080809414387e-03,-5.748676508665084839e-02,5.667725950479507446e-02,3.175241127610206604e-02,1.123831048607826233e-01,7.610669732093811035e-02,8.328665792942047119e-02,9.229698777198791504e-02,1.503762304782867432e-01,2.711608707904815674e-01,1.770204752683639526e-01,1.925388574600219727e-01,2.252215445041656494e-01,5.823977291584014893e-02,6.083131954073905945e-02,7.095939666032791138e-02
2.086418420076370239e-01,2.729492783546447754e-01,3.421578705310821533e-01,4.892078638076782227e-01,4.470516368746757507e-02,1.313604414463043213e-01,5.160932540893554688e-01,1.000000119209289551e+00,-1.478786915540695190e-01,9.693581610918045044e-02,2.745462357997894287e-01,5.008598566055297852e-01,3.236493468284606934e-01,6.758093833923339844e-01,-5.551976338028907776e-02,2.305274754762649536e-01,2.630507946014404297e-01,2.799129784107208252e-01,2.460024207830429077e-01,2.867765724658966064e-01,-2.287935279309749603e-02,1.137208193540573120e-01,5.056571364402770996e-01,5.263068675994873047e-01,2.440009415149688721e-01,2.976487278938293457e-01,1.635062098503112793e-01,2.638843655586242676e-01,2.492851763963699341e-01,2.728941142559051514e-01,4.425118565559387207e-01,4.442690610885620117e-01,2.011310905218124390e-01,1.742150038480758667e-01,7.533405721187591553e-02,4.835257772356271744e-03,2.256672382354736328e-01,1.763464510440826416e-01,5.127697810530662537e-02,1.643377095460891724e-01,2.842300944030284882e-02,7.811123877763748169e-02,-3.258731961250305176e-02,1.177342534065246582e-01,-2.761447727680206299e-01,-5.442395061254501343e-02,4.795820266008377075e-02,1.109013110399246216e-01,-3.153831660747528076e-01,-4.669089242815971375e-02,-1.160205900669097900e-01,-4.749403893947601318e-02,2.189365960657596588e-02,-1.022280659526586533e-02,-5.623276531696319580e-02,2.653214037418365479e-01,3.406455814838409424e-01,3.496291637420654297e-01,2.299508452415466309e-01,1.434678137302398682e-01,-3.741788677871227264e-03,7.881008088588714600e-02,2.919242084026336670e-01,4.715567231178283691e-01,-1.452264934778213501e-01,-5.980490823276340961e-04,1.334401816129684448e-01,1.867865920066833496e-01,1.013429462909698486e-01,5.461513251066207886e-02,3.254539072513580322e-01,3.987338542938232422e-01,1.100083813071250916e-01,2.303647436201572418e-02,1.068437248468399048e-01,3.479089587926864624e-02,1.235939189791679382e-01,1.099682450294494629e-01,2.261599004268646240e-01,1.771791130304336548e-01,2.408871501684188843e-01,3.308065533638000488e-01,5.098845437169075012e-02,3.406167030334472656e-01,1.493809670209884644e-01,3.186658620834350586e-01,-1.168749481439590454e-01,5.088242143392562866e-02,-2.576939016580581665e-02,3.399528264999389648e-01,-5.602582171559333801e-02,1.865837574005126953e-01,-1.443776786327362061e-01,-1.139538139104843140e-01,1.214756816625595093e-02,1.710039228200912476e-01,-6.343363970518112183e-02,1.868686676025390625e-01,-3.824179992079734802e-02,1.781577914953231812e-01,-2.546031214296817780e-02,-1.249643936753273010e-01,5.128692090511322021e-02,8.172249048948287964e-02,2.024211883544921875e-01,1.848725080490112305e-01,1.299117505550384521e-01,3.075746893882751465e-01,9.329818934202194214e-02,1.183796599507331848e-01,1.297978460788726807e-01,1.987894922494888306e-01,7.665310800075531006e-02,5.981639027595520020e-02,2.019136399030685425e-01,1.671510934829711914e-01
-1.581749469041824341e-01,-2.086024284362792969e-01,2.573296427726745605e-01,-1.540920976549386978e-02,6.870808005332946777e-01,3.788315951824188232e-01,2.596743404865264893e-01,-1.478786915540695190e-01,9.999997615814208984e-01,4.657262265682220459e-01,1.511566638946533203e-01,1.254812814295291901e-02,4.236782193183898926e-01,-5.862817540764808655e-02,7.354944944381713867e-01,1.123322322964668274e-01,9.479781240224838257e-02,-7.689393311738967896e-02,-1.973277479410171509e-01,-1.591007858514785767e-01,2.012826055288314819e-01,2.204587757587432861e-01,1.849139928817749023e-01,2.604126930236816406e-02,4.605089128017425537e-01,4.241382181644439697e-01,3.619313836097717285e-01,2.133487313985824585e-01,3.443404436111450195e-01,4.661391023546457291e-03,2.687441408634185791e-01,2.153621464967727661e-01,-1.625447124242782593e-01,-1.393870562314987183e-01,-1.273397058248519897e-01,-1.050262898206710815e-01,7.992740720510482788e-02,-8.140405267477035522e-02,6.125105172395706177e-02,-1.676074415445327759e-01,2.898194789886474609e-01,9.797762334346771240e-02,9.147498756647109985e-02,2.778205275535583496e-02,-2.257088944315910339e-02,9.700042754411697388e-02,7.595237344503402710e-02,5.151565745472908020e-02,1.176678910851478577e-01,6.137241423130035400e-02,4.068275913596153259e-02,-2.630580961704254150e-02,1.724566668272018433e-01,-2.340022008866071701e-03,2.210510671138763428e-01,-5.580939725041389465e-02,-1.229252070188522339e-01,-3.318895027041435242e-02,-1.915640085935592651e-01,-1.939208805561065674e-01,-1.564386934041976929e-01,-2.663613557815551758e-01,8.384201675653457642e-02,-3.016282059252262115e-02,-1.053975671529769897e-01,-7.157229632139205933e-02,-2.355297803878784180e-01,-3.168807923793792725e-01,-2.740375399589538574e-01,-3.510707914829254150e-01,8.676963299512863159e-02,2.641320601105690002e-02,1.154561713337898254e-01,-4.066416993737220764e-02,8.673325926065444946e-02,2.079450152814388275e-02,-1.412286702543497086e-02,-1.475226581096649170e-01,1.637531965970993042e-01,-1.363612525165081024e-02,2.966513037681579590e-01,1.915804110467433929e-02,4.779697954654693604e-01,-1.023307591676712036e-01,3.985581994056701660e-01,-2.957600867375731468e-03,5.013952255249023438e-01,-1.136477291584014893e-01,5.028077363967895508e-01,5.865850672125816345e-02,2.601695358753204346e-01,-1.514989044517278671e-02,2.005423456430435181e-01,8.585785329341888428e-02,1.382819414138793945e-01,3.834180906414985657e-02,3.583438694477081299e-02,-4.576217755675315857e-02,1.124900504946708679e-01,-5.476259812712669373e-02,-1.256967429071664810e-02,1.189068406820297241e-01,8.092996478080749512e-02,-9.624609723687171936e-03,4.123061522841453552e-02,-1.335795503109693527e-03,1.479749232530593872e-01,-4.667109996080398560e-02,1.217754483222961426e-01,7.289004325866699219e-02,-7.379437237977981567e-02,-2.298749517649412155e-03,9.155955165624618530e-02,-7.363804429769515991e-02,-1.024297028779983521e-01,-4.115502536296844482e-02
-5.674411356449127197e-02,6.994927674531936646e-02,8.074723184108734131e-02,-7.292570173740386963e-02,5.351284742355346680e-01,6.625127792358398438e-01,1.078057847917079926e-02,9.693581610918045044e-02,4.657262265682220459e-01,1.000000119209289551e+00,9.387780725955963135e-02,1.131920218467712402e-01,9.750059247016906738e-02,1.556743830442428589e-01,3.816093206405639648e-01,4.374587833881378174e-01,1.599245667457580566e-01,9.501343965530395508e-02,-1.417222321033477783e-01,-9.555567055940628052e-02,2.302227914333343506e-01,2.770822644233703613e-01,1.194281429052352905e-01,8.291834592819213867e-02,4.149456620216369629e-01,4.270675778388977051e-01,3.190310597419738770e-01,3.491162955760955811e-01,3.043301105499267578e-01,7.174720615148544312e-02,1.614130288362503052e-01,1.307986974716186523e-01,-7.610891014337539673e-02,-7.750712335109710693e-02,-1.004570396617054939e-03,-3.864405676722526550e-02,1.463431566953659058e-01,1.780399531126022339e-01,8.473052829504013062e-02,1.046581938862800598e-01,1.782073378562927246e-01,1.393175572156906128e-01,1.161969900131225586e-01,1.483665257692337036e-01,6.455927342176437378e-02,1.997941136360168457e-01,7.119015604257583618e-02,1.028790697455406189e-01,1.626707762479782104e-01,2.069266736507415771e-01,2.370019853115081787e-01,9.242317825555801392e-02,9.470576047897338867e-02,9.132983535528182983e-02,8.343926817178726196e-02,2.028743773698806763e-01,6.501547247171401978e-02,2.039780020713806152e-01,-5.999996140599250793e-02,-9.664104878902435303e-02,6.303182244300842285e-02,1.017543114721775055e-02,-1.096987053751945496e-01,5.041220411658287048e-02,1.389387845993041992e-01,1.046466231346130371e-01,-8.973439037799835205e-02,-1.820639008656144142e-03,-9.925007075071334839e-02,-1.982703506946563721e-01,4.289322346448898315e-02,5.253528431057929993e-02,4.733604937791824341e-02,-1.476696878671646118e-01,3.172373399138450623e-02,-3.991615399718284607e-02,-9.720933437347412109e-02,-1.969982236623764038e-01,1.797893941402435303e-01,1.053649708628654480e-01,2.191239893436431885e-01,2.113350331783294678e-01,2.499412298202514648e-01,2.975692749023437500e-01,2.424499094486236572e-01,3.062556385993957520e-01,3.157495558261871338e-01,2.158160358667373657e-01,1.692421585321426392e-01,2.924907803535461426e-01,-3.999846801161766052e-02,6.404454261064529419e-02,4.254699125885963440e-02,1.001488864421844482e-01,5.339323729276657104e-02,1.412181258201599121e-01,-3.355597704648971558e-02,1.417727321386337280e-01,-4.282881040126085281e-03,8.975000679492950439e-02,7.895218580961227417e-02,1.375645697116851807e-01,1.491955667734146118e-01,1.879772841930389404e-01,1.749540567398071289e-01,1.713788360357284546e-01,2.038039565086364746e-01,2.433983236551284790e-01,5.439418181777000427e-02,-1.052093058824539185e-01,-1.012035831809043884e-01,1.107619330286979675e-02,-5.316986888647079468e-02,4.778636246919631958e-02,1.097708866000175476e-01,1.821962296962738037e-01
5.787830352783203125e-01,1.131574586033821106e-01,-7.865581661462783813e-02,-1.451491285115480423e-02,1.235967725515365601e-01,2.732830122113227844e-02,4.078873991966247559e-01,2.745462357997894287e-01,1.511566638946533203e-01,9.387780725955963135e-02,9.999999403953552246e-01,4.816580712795257568e-01,3.722097575664520264e-01,2.526982128620147705e-01,1.543905138969421387e-01,1.382799893617630005e-01,6.775873899459838867e-01,4.682189524173736572e-01,2.113774120807647705e-01,1.983045786619186401e-01,2.085851579904556274e-01,3.059428036212921143e-01,-1.736030168831348419e-02,-1.378501057624816895e-01,1.266027539968490601e-01,1.057925745844841003e-01,5.310726538300514221e-02,4.116243124008178711e-02,6.045116186141967773e-01,2.890659868717193604e-01,2.727856338024139404e-01,1.753869503736495972e-01,3.107361495494842529e-01,3.291060626506805420e-01,2.912465631961822510e-01,1.876397877931594849e-01,2.944381535053253174e-01,2.482662349939346313e-01,3.450797200202941895e-01,2.079532891511917114e-01,3.452896177768707275e-01,6.692235171794891357e-02,1.699462085962295532e-01,3.746606409549713135e-01,-2.022681981325149536e-01,1.650421470403671265e-01,3.104400336742401123e-01,2.515011727809906006e-01,-1.421757638454437256e-01,1.115043535828590393e-01,1.142369396984577179e-02,3.015661239624023438e-02,9.128596633672714233e-02,-5.300122871994972229e-02,2.667763531208038330e-01,9.416672587394714355e-02,4.877480268478393555e-01,3.182565569877624512e-01,1.396338790655136108e-01,5.822962522506713867e-02,1.116575449705123901e-01,-3.651757538318634033e-02,3.173593878746032715e-01,8.387374132871627808e-02,-1.580046266317367554e-01,-5.265656858682632446e-02,2.218217104673385620e-01,2.486056089401245117e-01,1.836576014757156372e-01,1.538796424865722656e-01,3.862335979938507080e-01,2.605961561203002930e-01,4.075724184513092041e-01,8.275114744901657104e-02,3.107596337795257568e-01,9.720320254564285278e-02,5.058465003967285156e-01,2.520625591278076172e-01,2.204760462045669556e-01,2.890801429748535156e-01,5.287063121795654297e-01,3.245104253292083740e-01,2.237718552350997925e-01,-6.267243996262550354e-03,4.868334233760833740e-01,2.744243443012237549e-01,1.451631542295217514e-02,-1.309361308813095093e-01,2.886248826980590820e-01,1.740732342004776001e-01,7.103368639945983887e-02,-7.653406262397766113e-02,3.283143416047096252e-02,-9.902025759220123291e-02,3.342327773571014404e-01,2.164682894945144653e-01,3.587305247783660889e-01,2.559820413589477539e-01,2.346202880144119263e-01,5.922542884945869446e-02,7.101795822381973267e-02,3.361592814326286316e-02,1.954891979694366455e-01,1.747488826513290405e-01,3.124241232872009277e-01,2.439576685428619385e-01,1.945111155509948730e-01,2.509051561355590820e-01,8.950062096118927002e-02,1.611741781234741211e-01,8.498956263065338135e-02,1.299535334110260010e-01,5.777125060558319092e-02,1.010271161794662476e-01,2.036564797163009644e-01,1.544330120086669922e-01
3.548747599124908447e-01,3.812861144542694092e-01,1.395141929388046265e-01,1.670564264059066772e-01,5.121667683124542236e-02,1.034094318747520447e-01,4.029608666896820068e-01,5.008598566055297852e-01,1.254812814295291901e-02,1.131920218467712402e-01,4.816580712795257568e-01,1.000000119209289551e+00,3.067670762538909912e-01,5.112876296043395996e-01,9.904336184263229370e-02,2.596688270568847656e-01,4.511530995368957520e-01,5.753291845321655273e-01,2.858199775218963623e-01,3.331157267093658447e-01,1.637598127126693726e-01,3.928390741348266602e-01,3.107326328754425049e-01,2.126841545104980469e-01,1.007377505302429199e-01,1.441967636346817017e-01,9.407218545675277710e-02,1.458451300859451294e-01,4.041876494884490967e-01,5.463232994079589844e-01,3.613987863063812256e-01,3.099207282066345215e-01,3.681181073188781738e-01,3.492965698242187500e-01,1.959790587425231934e-01,1.229454800486564636e-01,2.013429254293441772e-01,3.214320242404937744e-01,1.096215918660163879e-01,2.087302953004837036e-01,1.302634626626968384e-01,1.766120791435241699e-01,9.548188745975494385e-02,3.115051090717315674e-01,-3.842081725597381592e-01,1.402727663516998291e-01,3.059522211551666260e-01,2.996622025966644287e-01,-3.160502314567565918e-01,1.558197140693664551e-01,-7.420504838228225708e-02,1.241455748677253723e-01,5.284646153450012207e-02,8.166582882404327393e-02,1.622800230979919434e-01,2.628078758716583252e-01,3.153418004512786865e-01,4.585073888301849365e-01,-3.258003666996955872e-02,-2.928252570200129412e-06,-1.616072505712509155e-01,2.229382097721099854e-02,1.492462754249572754e-01,3.105033636093139648e-01,-2.616870105266571045e-01,4.512741230428218842e-03,1.280322074890136719e-01,2.239580452442169189e-01,1.068953275680541992e-01,4.426534101366996765e-02,3.062006831169128418e-01,2.704818844795227051e-01,2.073309570550918579e-01,1.795069128274917603e-01,2.125310450792312622e-01,2.407398372888565063e-01,2.484876811504364014e-01,1.702712625265121460e-01,3.317833542823791504e-01,4.322651028633117676e-01,4.117175340652465820e-01,5.005338191986083984e-01,1.481585651636123657e-01,2.724876105785369873e-01,3.174855411052703857e-01,4.502152502536773682e-01,-4.589524865150451660e-02,6.241532042622566223e-02,1.689278632402420044e-01,3.483894765377044678e-01,1.079169362783432007e-01,8.926732838153839111e-02,5.955879017710685730e-02,-5.990165844559669495e-02,8.580774813890457153e-02,2.278809100389480591e-01,1.185209080576896667e-01,1.916069984436035156e-01,1.922157108783721924e-01,2.120096236467361450e-01,1.710364818572998047e-01,3.585533797740936279e-02,2.701298594474792480e-01,2.599916458129882812e-01,3.660237789154052734e-01,2.304384112358093262e-01,1.098108515143394470e-01,3.122858107089996338e-01,3.069333173334598541e-02,-1.170400343835353851e-02,5.956713482737541199e-02,1.762561798095703125e-01,9.536471217870712280e-02,1.883477866649627686e-01,2.720082700252532959e-01,2.113543301820755005e-01
-1.687029935419559479e-02,-1.661479622125625610e-01,5.579053163528442383e-01,3.828483521938323975e-01,3.509766161441802979e-01,1.072647571563720703e-01,6.564286351203918457e-01,3.236493468284606934e-01,4.236782193183898926e-01,9.750059247016906738e-02,3.722097575664520264e-01,3.067670762538909912e-01,1.000000119209289551e+00,3.691939711570739746e-01,4.806069433689117432e-01,3.311253711581230164e-02,2.705550789833068848e-01,1.322425156831741333e-01,-3.885069116950035095e-02,-5.433411337435245514e-03,6.085477769374847412e-02,2.017686516046524048e-01,5.226820111274719238e-01,3.922595679759979248e-01,3.961390852928161621e-01,3.223355114459991455e-01,2.699845135211944580e-01,1.548875421285629272e-01,4.752185046672821045e-01,2.591876983642578125e-01,6.079071760177612305e-01,5.834413170814514160e-01,4.462725669145584106e-02,2.264068089425563812e-02,-2.879194729030132294e-02,-2.647055126726627350e-02,2.003781050443649292e-01,-2.602830156683921814e-02,5.533767864108085632e-02,-1.392908394336700439e-01,1.786420047283172607e-01,-1.355208456516265869e-02,8.060433901846408844e-03,-7.219438441097736359e-03,-2.428389936685562134e-01,-4.162095114588737488e-02,1.074194908142089844e-01,1.207510903477668762e-01,-1.717312932014465332e-01,-4.747756198048591614e-02,-9.160242974758148193e-02,-5.029029771685600281e-02,2.782822847366333008e-01,9.902320057153701782e-02,2.202180922031402588e-01,-1.641226932406425476e-02,5.615571141242980957e-02,-5.092889815568923950e-02,-6.369395554065704346e-02,-1.102477684617042542e-01,-1.290006041526794434e-01,-2.386219054460525513e-01,4.656395912170410156e-01,8.850011229515075684e-02,-1.652269810438156128e-01,-5.358119681477546692e-02,-1.029052808880805969e-01,-1.690118014812469482e-01,-1.710480302572250366e-01,-1.974220126867294312e-01,3.594469428062438965e-01,3.272546529769897461e-01,1.679289340972900391e-01,5.939387902617454529e-02,1.870369613170623779e-01,1.027814596891403198e-01,9.385886788368225098e-02,-2.847155183553695679e-02,3.353544473648071289e-01,6.283078342676162720e-02,3.913556039333343506e-01,7.708224654197692871e-02,3.653650581836700439e-01,3.854881040751934052e-03,5.167042613029479980e-01,1.627409309148788452e-01,1.497399359941482544e-01,-2.471566945314407349e-01,3.467397689819335938e-01,4.756418615579605103e-02,2.923598587512969971e-01,6.701708585023880005e-02,8.243228495121002197e-02,-7.407908886671066284e-02,3.698190674185752869e-02,-4.740735515952110291e-02,-2.418679557740688324e-02,-1.227146685123443604e-01,1.561987400054931641e-01,9.029664844274520874e-02,-1.028051525354385376e-01,-5.057204514741897583e-02,-1.496459357440471649e-02,-9.203649312257766724e-02,2.161656506359577179e-02,-2.393181994557380676e-02,7.391438633203506470e-02,-1.946329139173030853e-02,2.904631383717060089e-02,7.881177961826324463e-02,2.828411012887954712e-02,1.111486107110977173e-01,1.567754596471786499e-01,2.710884064435958862e-02,7.349321618676185608e-03,-2.328941784799098969e-02
