1.000000119209289551e+00,3.847606480121612549e-01,3.756223022937774658e-01,3.216303586959838867e-01,7.620763033628463745e-02,1.376525908708572388e-01,5.592969655990600586e-01,2.822406291961669922e-01,8.875198662281036377e-02,-5.710276588797569275e-02,3.421485126018524170e-01,-9.497054852545261383e-03,5.307396650314331055e-01,4.067584872245788574e-02,2.465575039386749268e-01,-1.330208405852317810e-02,3.777578175067901611e-01,2.743056714534759521e-01,3.590256869792938232e-01,4.733687043190002441e-01,-5.862497538328170776e-02,-4.360741004347801208e-02,1.396024823188781738e-01,1.484412252902984619e-01,1.736026257276535034e-01,1.391437351703643799e-01,1.838577091693878174e-01,1.736536771059036255e-01,2.580191940069198608e-02,-9.492503851652145386e-02,1.332259327173233032e-01,1.450615674257278442e-01,4.493776857852935791e-01,3.943078219890594482e-01,1.377970576286315918e-01,-1.134879663586616516e-01,1.824992001056671143e-01,1.442141085863113403e-01,2.632826566696166992e-02,1.495138555765151978e-01,-4.680748283863067627e-02,6.224374845623970032e-02,3.846519291400909424e-01,2.367394715547561646e-01,3.059911429882049561e-01,2.171391844749450684e-01,3.823383152484893799e-01,2.941571772098541260e-01,2.873696386814117432e-01,2.005661576986312866e-01,3.774021565914154053e-01,2.037420123815536499e-01,4.270240068435668945e-01,2.345585078001022339e-01,3.545480966567993164e-01,1.872835606336593628e-01,6.907007694244384766e-01,3.678918182849884033e-01,4.636585414409637451e-01,2.847956120967864990e-01,5.262326598167419434e-01,3.343608975410461426e-01,4.042665958404541016e-01,2.456323206424713135e-01,3.141129910945892334e-01,2.049150615930557251e-01,3.535442352294921875e-01,2.851275503635406494e-01,5.418880581855773926e-01,3.373134434223175049e-01,-4.032137244939804077e-02,-9.320142120122909546e-02,1.333080232143402100e-01,3.530073910951614380e-02,2.735402248799800873e-02,1.017560288310050964e-01,2.320353090763092041e-01,2.750676572322845459e-01,-6.209436431527137756e-02,-8.251155167818069458e-02,2.273363322019577026e-01,-1.085461769253015518e-02,-1.339506506919860840e-01,1.329072713851928711e-01,3.866478800773620605e-01,1.882001012563705444e-01,2.212960459291934967e-02,2.170851528644561768e-01,3.109579980373382568e-01,9.242020547389984131e-02,1.413547694683074951e-01,5.553171783685684204e-02,6.831231713294982910e-02,5.317959189414978027e-02,-2.063833326101303101e-01,-2.171775698661804199e-01,5.362621694803237915e-02,-9.374451637268066406e-02,-1.714797466993331909e-01,1.547846477478742599e-02,-1.927122026681900024e-01,-5.781463161110877991e-02,-2.437239736318588257e-01,-1.122900545597076416e-01,-2.300501763820648193e-01,-8.329235017299652100e-02,-2.026819884777069092e-01,-1.782953739166259766e-01,1.654317528009414673e-01,-7.921691983938217163e-02,1.452890932559967041e-01,-1.242749672383069992e-02,8.152639120817184448e-02,7.686797995120286942e-03,-1.998383998870849609e-01,-2.407333701848983765e-01
3.847606480121612549e-01,1.000000000000000000e+00,3.553536832332611084e-01,6.077602505683898926e-01,8.478092961013317108e-03,1.146687790751457214e-01,2.590549886226654053e-01,6.546733975410461426e-01,-1.469994336366653442e-01,9.263154864311218262e-02,-1.476325932890176773e-02,3.847892880439758301e-01,2.713552862405776978e-02,4.346629679203033447e-01,-9.360394626855850220e-02,1.548466831445693970e-01,1.632357202470302582e-02,3.967954814434051514e-01,2.986555397510528564e-01,5.815771222114562988e-01,-1.782261878252029419e-01,-9.784434735774993896e-02,2.530463635921478271e-01,3.038254380226135254e-01,3.150466084480285645e-02,6.186484917998313904e-02,-2.936948649585247040e-02,3.069265931844711304e-02,-1.307265311479568481e-01,3.126763738691806793e-03,1.456535458564758301e-01,1.686577647924423218e-01,3.290962576866149902e-01,2.728453278541564941e-01,1.365948617458343506e-01,1.747270077466964722e-01,-5.498035624623298645e-02,8.843523263931274414e-02,-5.108531191945075989e-02,1.031725853681564331e-01,-7.289715856313705444e-02,8.195506036281585693e-02,6.484971195459365845e-02,2.160733044147491455e-01,2.720013856887817383e-01,3.268455862998962402e-01,1.222019046545028687e-01,2.040500342845916748e-01,3.545104861259460449e-01,4.099460542201995850e-01,1.850057989358901978e-01,3.802755773067474365e-01,7.326716184616088867e-02,1.150725036859512329e-01,4.773040115833282471e-02,1.768222302198410034e-01,4.401887655258178711e-01,7.740284204483032227e-01,4.256341159343719482e-01,5.858041048049926758e-01,3.337500989437103271e-01,6.865332722663879395e-01,9.640584886074066162e-02,6.792666912078857422e-01,1.418181955814361572e-01,4.181867837905883789e-01,3.047656714916229248e-01,3.360681235790252686e-01,4.567182064056396484e-01,5.406475067138671875e-01,7.785576581954956055e-02,8.038738369941711426e-02,5.932112038135528564e-02,1.050340980291366577e-01,2.803045883774757385e-02,1.478400230407714844e-01,1.195575520396232605e-01,1.787582635879516602e-01,-1.421610563993453979e-01,-3.745775669813156128e-02,-9.622179716825485229e-02,3.303065598011016846e-01,-1.626630276441574097e-01,8.275276422500610352e-02,-1.114952340722084045e-01,4.023830890655517578e-01,-1.303250342607498169e-01,1.002706214785575867e-01,-1.476265192031860352e-01,2.959221005439758301e-01,-3.777454793453216553e-02,1.562044676393270493e-02,1.894820332527160645e-01,4.995908960700035095e-02,-1.379009485244750977e-01,-1.818458884954452515e-01,-5.789640918374061584e-02,-1.396473050117492676e-01,-7.896525412797927856e-02,1.067889630794525146e-01,1.056510284543037415e-01,9.351684153079986572e-02,5.605622753500938416e-02,8.505120873451232910e-02,-4.990760236978530884e-02,-3.764035180211067200e-03,-1.154741197824478149e-01,-4.650371894240379333e-02,3.805444762110710144e-02,-3.285668045282363892e-02,6.248492747545242310e-02,8.933975361287593842e-03,1.416446119546890259e-01,1.418769061565399170e-01,-4.145212471485137939e-02,-1.407966315746307373e-01
3.756223022937774658e-01,3.553536832332611084e-01,1.000000119209289551e+00,4.505192637443542480e-01,1.175785660743713379e-01,1.120425295084714890e-02,6.909070014953613281e-01,3.165298700332641602e-01,1.299758106470108032e-01,-1.502036154270172119e-01,-3.405037149786949158e-02,1.257263422012329102e-01,3.509970903396606445e-01,1.175198853015899658e-01,2.000062465667724609e-01,-3.643621876835823059e-02,-3.273270651698112488e-02,2.920985594391822815e-02,4.961472153663635254e-01,5.225222706794738770e-01,9.378620237112045288e-02,3.335796669125556946e-02,6.229681968688964844e-01,3.781152665615081787e-01,9.323646873235702515e-02,3.562235459685325623e-02,-2.224472723901271820e-02,-6.548099964857101440e-02,-4.326866939663887024e-02,-4.834772273898124695e-02,2.198282629251480103e-01,2.154357135295867920e-01,3.198747336864471436e-01,2.744736671447753906e-01,1.689488142728805542e-01,4.000756144523620605e-02,2.608975470066070557e-01,3.457507491111755371e-01,1.556881815195083618e-01,1.665990203619003296e-01,1.755906045436859131e-01,1.585287004709243774e-01,1.148227676749229431e-01,1.207739412784576416e-01,5.581772699952125549e-02,3.275438025593757629e-02,2.580595314502716064e-01,1.797722727060317993e-01,-5.520423874258995056e-03,5.896546319127082825e-02,5.969840660691261292e-02,5.529416725039482117e-02,1.354179382324218750e-01,-4.884751886129379272e-02,1.248733773827552795e-01,6.864118576049804688e-02,2.777034342288970947e-01,3.054120540618896484e-01,1.620034277439117432e-01,1.396078765392303467e-01,2.222978025674819946e-01,2.275810241699218750e-01,8.618486672639846802e-02,1.828755587339401245e-01,2.411202490329742432e-01,1.375407725572586060e-01,1.362991482019424438e-01,5.568091943860054016e-02,2.376636564731597900e-01,2.019086331129074097e-01,3.384060859680175781e-01,2.901250123977661133e-01,1.674424409866333008e-01,4.791746288537979126e-02,1.978510022163391113e-01,2.692411541938781738e-01,3.476028740406036377e-01,3.642584979534149170e-01,5.892791599035263062e-02,-7.668377831578254700e-03,8.699817955493927002e-02,9.082308411598205566e-02,-8.874324150383472443e-03,2.162002027034759521e-02,2.368390411138534546e-01,1.672903597354888916e-01,1.826583743095397949e-01,1.598774194717407227e-01,2.654748260974884033e-01,4.367143660783767700e-02,2.640629245433956385e-04,7.142604142427444458e-02,4.745967686176300049e-02,9.602122008800506592e-02,1.848182454705238342e-02,-1.238192096352577209e-01,4.351684078574180603e-02,-8.975629508495330811e-02,6.760007888078689575e-02,2.380417138338088989e-01,1.949318684637546539e-02,3.641556203365325928e-01,8.723568916320800781e-02,2.320391833782196045e-01,8.429132401943206787e-02,1.743339896202087402e-01,1.241992264986038208e-01,1.261255294084548950e-01,8.118321001529693604e-02,1.175305396318435669e-01,2.513068616390228271e-01,1.176209971308708191e-01,2.752051651477813721e-01,1.144180521368980408e-01,9.409129619598388672e-02,-1.195122227072715759e-01
3.216303586959838867e-01,6.077602505683898926e-01,4.505192637443542480e-01,1.000000476837158203e+00,4.980273544788360596e-02,1.714579612016677856e-01,3.404640853404998779e-01,7.402816414833068848e-01,-3.157145157456398010e-02,1.178271248936653137e-01,-1.643341500312089920e-03,2.574186325073242188e-01,1.185229942202568054e-01,4.411175251007080078e-01,2.977916784584522247e-02,1.200897470116615295e-01,-9.881249815225601196e-02,1.267462968826293945e-01,3.003544807434082031e-01,4.429273307323455811e-01,-3.875586017966270447e-02,-5.419710651040077209e-02,3.837260901927947998e-01,4.626903235912322998e-01,1.148398965597152710e-01,1.310757100582122803e-01,2.209444530308246613e-03,2.894249930977821350e-02,-1.669875979423522949e-01,-1.470950245857238770e-01,1.058321520686149597e-01,1.782104223966598511e-01,7.897170633077621460e-02,5.680079385638237000e-02,1.921698004007339478e-01,1.208176165819168091e-01,-8.747368305921554565e-02,6.767298281192779541e-02,-1.312107890844345093e-01,-2.616664860397577286e-03,-6.484370678663253784e-02,8.129068650305271149e-03,4.304977133870124817e-02,9.575711190700531006e-02,1.990854442119598389e-01,1.796483546495437622e-01,6.815753132104873657e-02,4.734610766172409058e-02,1.927210241556167603e-01,2.254769355058670044e-01,1.872248649597167969e-01,2.570245265960693359e-01,1.263830959796905518e-01,8.324117213487625122e-02,1.538911182433366776e-02,1.002262085676193237e-01,2.722623944282531738e-01,4.755748510360717773e-01,2.583245635032653809e-01,4.143873751163482666e-01,2.957635521888732910e-01,5.176421403884887695e-01,2.633267082273960114e-02,4.055939614772796631e-01,3.203537166118621826e-01,4.936626255512237549e-01,2.721071839332580566e-01,2.506561577320098877e-01,2.712677717208862305e-01,3.094602227210998535e-01,-1.098097711801528931e-01,-5.771723017096519470e-02,-4.970986396074295044e-02,-1.135692819952964783e-01,-1.607874594628810883e-02,4.983171448111534119e-02,-2.729644626379013062e-02,5.190816521644592285e-02,-1.365792155265808105e-01,-9.680055081844329834e-02,-1.647443622350692749e-01,9.983060508966445923e-02,-1.604313701391220093e-01,1.612295769155025482e-02,3.497942909598350525e-02,4.224633276462554932e-01,-9.802410006523132324e-02,2.070957571268081665e-01,-1.064397976733744144e-03,2.919277548789978027e-01,-1.447801291942596436e-01,-5.226073414087295532e-02,2.188914567232131958e-01,7.983836531639099121e-02,-2.751529514789581299e-01,-2.898510992527008057e-01,-2.102386355400085449e-01,-2.843539714813232422e-01,-1.631251126527786255e-01,-2.439800091087818146e-02,7.590498775243759155e-02,1.141565218567848206e-01,-6.014839187264442444e-02,-6.115822494029998779e-02,-1.607477813959121704e-01,-1.128271892666816711e-01,-1.744373887777328491e-01,-1.538936644792556763e-01,-1.061798166483640671e-02,-1.708656102418899536e-01,-1.115216463804244995e-01,-1.419314444065093994e-01,3.766363486647605896e-02,2.537408098578453064e-02,-1.702064126729965210e-01,-1.983102709054946899e-01
7.620763033628463745e-02,8.478092961013317108e-03,1.175785660743713379e-01,4.980273544788360596e-02,1.000000000000000000e+00,6.926906108856201172e-01,-6.299286149442195892e-03,-1.444141864776611328e-01,6.211369633674621582e-01,6.077740788459777832e-01,4.690006002783775330e-02,7.730944454669952393e-02,1.692261695861816406e-01,-1.994415521621704102e-01,3.022631406784057617e-01,3.462986052036285400e-01,1.532978471368551254e-02,1.212854832410812378e-01,5.848651379346847534e-02,1.445695608854293823e-01,5.089980363845825195e-01,5.604042410850524902e-01,3.715071380138397217e-01,4.798159301280975342e-01,6.785124540328979492e-01,6.504130959510803223e-01,5.199018120765686035e-01,5.052391886711120605e-01,3.371517732739448547e-02,6.338566541671752930e-02,6.036562323570251465e-01,6.278833150863647461e-01,-1.789104193449020386e-02,4.069520905613899231e-02,-2.394560128450393677e-01,-1.354662775993347168e-01,1.491528302431106567e-01,2.642383575439453125e-01,4.238975048065185547e-02,4.697308316826820374e-02,3.203863650560379028e-02,-2.880745334550738335e-03,-1.244354397058486938e-01,-1.249806359410285950e-01,-1.151893883943557739e-01,-1.018910929560661316e-01,-1.447704248130321503e-02,6.775487214326858521e-02,1.503294706344604492e-02,-8.975614793598651886e-03,2.038991078734397888e-02,2.083193138241767883e-02,9.215410798788070679e-02,-3.615291416645050049e-01,8.939994126558303833e-02,-6.618043035268783569e-02,3.872733190655708313e-02,3.669612482190132141e-02,4.031162708997726440e-03,-5.869208648800849915e-02,-3.356333449482917786e-02,-3.405920788645744324e-02,-4.358905553817749023e-02,3.913542721420526505e-03,-8.242703229188919067e-02,-9.547311812639236450e-02,-1.843309849500656128e-01,-1.798926144838333130e-01,-3.749466687440872192e-02,-1.518876999616622925e-01,2.106673717498779297e-01,4.290781021118164062e-01,-9.039553254842758179e-02,6.915471702814102173e-02,-2.816054411232471466e-02,1.137796267867088318e-01,1.192860454320907593e-01,1.375230550765991211e-01,8.410461992025375366e-02,8.261139690876007080e-02,-2.485338412225246429e-02,7.946502417325973511e-02,-1.047377511858940125e-01,-1.999609917402267456e-01,1.206019148230552673e-02,5.099212750792503357e-02,8.761119842529296875e-02,-2.774910628795623779e-01,3.536067605018615723e-01,2.630525231361389160e-01,-9.820709377527236938e-02,-1.789436638355255127e-01,-6.341832131147384644e-02,7.407003641128540039e-02,-6.537279486656188965e-02,4.540842026472091675e-02,7.604010403156280518e-02,-5.292474478483200073e-02,-7.403813302516937256e-02,-1.145322769880294800e-01,8.813286572694778442e-02,1.879018694162368774e-01,7.205109298229217529e-02,1.269604265689849854e-01,1.257614046335220337e-01,1.579735875129699707e-01,1.142481938004493713e-01,4.837678372859954834e-02,-1.532603353261947632e-01,8.135863579809665680e-03,-9.846840985119342804e-03,-3.915352746844291687e-02,-6.152774021029472351e-02,-1.336791664361953735e-01,5.271897185593843460e-03,1.539065269753336906e-03
1.376525908708572388e-01,1.146687790751457214e-01,1.120425295084714890e-02,1.714579612016677856e-01,6.926906108856201172e-01,9.999998211860656738e-01,-1.081332666217349470e-04,-5.887157749384641647e-03,3.714739978313446045e-01,5.998275876045227051e-01,4.603796824812889099e-02,-1.330998726189136505e-02,1.539658904075622559e-01,-2.053605318069458008e-01,1.568945497274398804e-01,2.567120194435119629e-01,-2.752523310482501984e-02,6.834264099597930908e-02,6.752617657184600830e-02,1.551393121480941772e-01,4.563193321228027344e-01,4.941427707672119141e-01,2.044714242219924927e-01,4.207340180873870850e-01,7.712575793266296387e-01,7.706117630004882812e-01,7.013598680496215820e-01,7.116553187370300293e-01,-3.206095844507217407e-02,-1.004786491394042969e-01,5.073720812797546387e-01,5.792410969734191895e-01,2.207827940583229065e-02,7.185815274715423584e-02,-2.143794000148773193e-01,-1.761097460985183716e-01,8.044300973415374756e-02,1.321973651647567749e-01,-8.462150394916534424e-02,-3.662888333201408386e-02,-3.245488181710243225e-02,9.834995865821838379e-02,-2.845247648656368256e-02,-2.551407925784587860e-02,2.381852827966213226e-02,4.221620038151741028e-02,-2.180114947259426117e-02,1.960034370422363281e-01,1.479637920856475830e-01,9.866374731063842773e-02,1.527016460895538330e-01,1.642610877752304077e-01,1.598801910877227783e-01,-1.744496822357177734e-01,8.421120047569274902e-02,3.460778295993804932e-02,8.010200411081314087e-02,8.778270334005355835e-02,1.085502356290817261e-01,3.476888686418533325e-02,7.047116011381149292e-02,6.326711177825927734e-02,-5.934670194983482361e-02,4.729787632822990417e-02,-3.021187521517276764e-02,5.221380293369293213e-02,-1.304236240684986115e-02,-5.723495036363601685e-03,2.356193773448467255e-02,-8.380750566720962524e-02,6.286628544330596924e-02,2.405459433794021606e-01,-2.116963863372802734e-01,-6.839191913604736328e-02,-2.396004348993301392e-01,-2.917126752436161041e-02,3.014307841658592224e-02,5.828762054443359375e-02,-1.567344181239604950e-02,-7.132311910390853882e-02,-9.977152198553085327e-02,-1.205101702362298965e-02,-1.663580685853958130e-01,-2.141547650098800659e-01,-4.951433744281530380e-03,1.125565692782402039e-01,-1.288771927356719971e-01,-2.690411806106567383e-01,1.755263954401016235e-01,4.122675657272338867e-01,-9.367923438549041748e-02,-1.340598016977310181e-01,5.746778845787048340e-02,9.854998439550399780e-02,-1.986112743616104126e-01,-8.530172705650329590e-02,-1.525949221104383469e-02,-1.358759105205535889e-01,-1.572963446378707886e-01,-1.628042608499526978e-01,1.044249394908547401e-03,-5.894248373806476593e-03,-8.918329328298568726e-02,-4.366634041070938110e-02,-1.799731142818927765e-02,3.222249075770378113e-02,-5.970508605241775513e-02,-8.925483375787734985e-02,-1.173359900712966919e-01,-1.167716830968856812e-01,-3.003151714801788330e-02,-3.424502909183502197e-02,-7.113106548786163330e-02,-1.517332941293716431e-01,-7.621601969003677368e-02,-9.481228888034820557e-02
5.592969655990600586e-01,2.590549886226654053e-01,6.909070014953613281e-01,3.404640853404998779e-01,-6.299286149442195892e-03,-1.081332666217349470e-04,1.000000238418579102e+00,2.450429797172546387e-01,4.455064982175827026e-02,-2.561587989330291748e-01,5.046829953789710999e-02,-1.165484115481376648e-01,5.495256781578063965e-01,-1.990191871300339699e-03,2.574034929275512695e-01,-1.300396770238876343e-01,7.900072634220123291e-02,-2.817144431173801422e-02,4.353781640529632568e-01,4.052110910415649414e-01,3.984836488962173462e-02,-4.294140264391899109e-02,3.624531328678131104e-01,1.525974869728088379e-01,9.783330559730529785e-02,2.119154110550880432e-02,9.735148400068283081e-02,2.738469652831554413e-02,6.193795125000178814e-04,-1.704667210578918457e-01,7.015217840671539307e-02,7.886487245559692383e-02,4.157825112342834473e-01,3.612635433673858643e-01,1.864659935235977173e-01,-7.109038531780242920e-02,2.284691184759140015e-01,2.118208408355712891e-01,1.088130474090576172e-01,1.548788100481033325e-01,9.170312434434890747e-02,1.381663382053375244e-01,3.395236730575561523e-01,2.567452192306518555e-01,2.343560606241226196e-01,1.347780674695968628e-01,3.812499642372131348e-01,2.843636870384216309e-01,1.249613836407661438e-01,1.059513464570045471e-01,2.530117630958557129e-01,1.005500033497810364e-01,2.930489778518676758e-01,1.304572671651840210e-01,2.948755919933319092e-01,1.640921235084533691e-01,4.204952418804168701e-01,2.078321874141693115e-01,3.503483533859252930e-01,1.636191457509994507e-01,4.076108336448669434e-01,2.255619913339614868e-01,2.864972054958343506e-01,9.705568850040435791e-02,3.680179715156555176e-01,1.801682561635971069e-01,3.126409351825714111e-01,2.254949808120727539e-01,3.357681035995483398e-01,1.839167624711990356e-01,1.716575771570205688e-01,2.906258776783943176e-02,2.051322907209396362e-01,1.176878716796636581e-02,1.522384136915206909e-01,1.663653254508972168e-01,3.547512590885162354e-01,3.751894831657409668e-01,1.245113462209701538e-02,-6.571694463491439819e-02,2.417621016502380371e-01,-2.571572177112102509e-02,2.722931466996669769e-02,1.051491126418113708e-01,4.208820164203643799e-01,1.121956035494804382e-01,1.172135546803474426e-01,2.561297714710235596e-01,3.198881447315216064e-01,-1.696295104920864105e-02,8.908565342426300049e-02,1.154543757438659668e-01,6.529767811298370361e-02,7.470601797103881836e-02,-4.989559203386306763e-02,-1.763895750045776367e-01,4.290997982025146484e-02,-9.244254231452941895e-02,-4.403714090585708618e-02,1.864067763090133667e-01,-1.415998041629791260e-01,1.827248185873031616e-01,-1.065293923020362854e-01,5.875403434038162231e-02,-4.168428108096122742e-02,7.604049891233444214e-02,-2.875671535730361938e-02,2.611477114260196686e-02,1.663164794445037842e-01,1.694534905254840851e-03,2.732196450233459473e-01,1.143463253974914551e-01,2.428023815155029297e-01,1.086019873619079590e-01,4.421147704124450684e-02,-1.982314884662628174e-01
2.822406291961669922e-01,6.546733975410461426e-01,3.165298700332641602e-01,7.402816414833068848e-01,-1.444141864776611328e-01,-5.887157749384641647e-03,2.450429797172546387e-01,9.999995231628417969e-01,-1.739350408315658569e-01,2.755420655012130737e-02,-4.662960022687911987e-02,2.877590656280517578e-01,8.998873643577098846e-03,5.914013385772705078e-01,-7.814154028892517090e-02,1.075161173939704895e-01,-7.794560492038726807e-02,2.235569804906845093e-01,2.587019503116607666e-01,4.126694798469543457e-01,-2.120897769927978516e-01,-2.424087077379226685e-01,1.847321689128875732e-01,2.508573234081268311e-01,-1.024848744273185730e-01,-7.156480103731155396e-02,-1.568732857704162598e-01,-1.332466006278991699e-01,-1.802560836076736450e-01,-1.118445247411727905e-01,-8.850932866334915161e-02,-5.601963028311729431e-02,1.256322711706161499e-01,7.588475197553634644e-02,2.323803603649139404e-01,1.484592556953430176e-01,-1.788273155689239502e-01,9.155198000371456146e-03,-1.755303740501403809e-01,-4.202703386545181274e-02,-1.069245263934135437e-01,-1.219865400344133377e-02,5.995615571737289429e-02,1.307090818881988525e-01,2.254211008548736572e-01,2.017541229724884033e-01,1.841733977198600769e-02,1.112154219299554825e-02,2.093882709741592407e-01,2.290204614400863647e-01,1.513171941041946411e-01,2.323776334524154663e-01,6.968848407268524170e-02,1.721204519271850586e-01,-4.373397305607795715e-02,8.753319084644317627e-02,2.989296019077301025e-01,5.425046682357788086e-01,2.768794894218444824e-01,4.461564123630523682e-01,3.090188205242156982e-01,5.634911060333251953e-01,6.883379817008972168e-02,4.822414219379425049e-01,2.663466036319732666e-01,4.486189186573028564e-01,2.816219925880432129e-01,2.831294238567352295e-01,3.455665707588195801e-01,4.069526195526123047e-01,-1.733814924955368042e-01,-1.641928702592849731e-01,-2.979971282184123993e-02,-5.809271708130836487e-02,-4.227804765105247498e-02,-2.078436315059661865e-02,-4.850540682673454285e-02,2.123186923563480377e-02,-1.963419467210769653e-01,-9.035004675388336182e-02,-1.463182270526885986e-01,1.495062559843063354e-01,-1.204301342368125916e-01,1.032543629407882690e-01,-4.412524774670600891e-02,3.894051313400268555e-01,-1.560340076684951782e-01,2.552489936351776123e-01,-1.667440682649612427e-01,2.078765034675598145e-01,-7.308843731880187988e-02,6.252624839544296265e-02,2.246883958578109741e-01,9.328892081975936890e-02,-2.765557467937469482e-01,-2.965729832649230957e-01,-2.419449836015701294e-01,-2.880889475345611572e-01,-1.885578334331512451e-01,-3.091622609645128250e-03,2.292445860803127289e-02,-8.675285615026950836e-03,-1.033430621027946472e-01,-1.111554205417633057e-01,-2.332087606191635132e-01,-1.832517683506011963e-01,-1.975610554218292236e-01,-1.383599191904067993e-01,-6.104696542024612427e-03,-2.004390805959701538e-01,-1.255047470331192017e-01,-8.852734416723251343e-02,2.237365208566188812e-02,9.902288019657135010e-02,-1.942811459302902222e-01,-1.948235183954238892e-01
8.875198662281036377e-02,-1.469994336366653442e-01,1.299758106470108032e-01,-3.157145157456398010e-02,6.211369633674621582e-01,3.714739978313446045e-01,4.455064982175827026e-02,-1.739350408315658569e-01,9.999995827674865723e-01,5.184085369110107422e-01,1.506563574075698853e-01,5.320592317730188370e-03,2.959430217742919922e-01,-6.259268522262573242e-02,5.865761041641235352e-01,3.992056250572204590e-01,2.175281494855880737e-01,6.225227564573287964e-02,1.297958344221115112e-01,6.695940345525741577e-02,3.457207381725311279e-01,3.130747377872467041e-01,2.718103826045989990e-01,2.285526990890502930e-01,3.544080853462219238e-01,2.866914570331573486e-01,2.930989265441894531e-01,2.242232859134674072e-01,1.656703799962997437e-01,1.336228847503662109e-01,3.129333555698394775e-01,3.320945501327514648e-01,-2.088020183145999908e-02,4.085574299097061157e-02,-9.735689498484134674e-03,-1.177101656794548035e-01,1.713978350162506104e-01,2.862932980060577393e-01,8.072407543659210205e-02,4.675413295626640320e-02,-3.912546206265687943e-03,-1.280351579189300537e-01,5.118949711322784424e-02,-6.079344078898429871e-02,-1.013339981436729431e-01,-1.533369570970535278e-01,1.078843027353286743e-01,-4.562117904424667358e-02,-1.161689311265945435e-01,-1.592950373888015747e-01,4.092939570546150208e-02,-1.660368591547012329e-01,2.038374096155166626e-01,-2.026121467351913452e-01,1.917914003133773804e-01,-2.949285693466663361e-02,5.773194879293441772e-02,-1.209284737706184387e-01,-1.368245780467987061e-01,-1.787222176790237427e-01,1.523361448198556900e-02,-1.760644614696502686e-01,1.088166981935501099e-01,-1.864570826292037964e-01,1.125736460089683533e-01,-1.613352298736572266e-01,-1.255389153957366943e-01,-1.826888024806976318e-01,-4.296003840863704681e-03,-1.600566059350967407e-01,9.564437717199325562e-02,2.391134202480316162e-01,1.124982386827468872e-01,1.597497165203094482e-01,2.246791571378707886e-01,2.350199073553085327e-01,1.570552587509155273e-01,1.706427186727523804e-01,1.561086177825927734e-01,1.872122436761856079e-01,1.735734194517135620e-01,-4.886387847363948822e-03,-7.958458736538887024e-03,-3.559090942144393921e-02,2.624570429325103760e-01,1.280562300235033035e-02,2.775757014751434326e-01,3.549293428659439087e-02,5.603859424591064453e-01,1.047724634408950806e-01,7.266229391098022461e-02,-4.823141265660524368e-03,2.733730897307395935e-02,1.491098850965499878e-01,-2.250669896602630615e-02,-8.530645631253719330e-03,5.123674124479293823e-02,-1.617015525698661804e-02,3.057488054037094116e-02,1.887888647615909576e-02,-4.551557451486587524e-02,1.698392480611801147e-01,-4.241266101598739624e-02,3.129840129986405373e-03,3.401601687073707581e-02,5.703582614660263062e-02,4.649521782994270325e-02,-2.034840919077396393e-02,-4.635422676801681519e-02,1.654883101582527161e-02,3.220329433679580688e-02,-8.275876753032207489e-03,7.251744624227285385e-03,-4.285813122987747192e-02,8.238404989242553711e-03,-6.760843843221664429e-02
-5.710276588797569275e-02,9.263154864311218262e-02,-1.502036154270172119e-01,1.178271248936653137e-01,6.077740788459777832e-01,5.998275876045227051e-01,-2.561587989330291748e-01,2.755420655012130737e-02,5.184085369110107422e-01,9.999997019767761230e-01,2.922964282333850861e-02,1.348672807216644287e-01,-4.552768915891647339e-02,5.822126567363739014e-02,2.545002400875091553e-01,5.565707087516784668e-01,9.390285238623619080e-03,1.617581993341445923e-01,4.158311709761619568e-02,7.656341046094894409e-02,2.765927016735076904e-01,3.326574862003326416e-01,1.448355168104171753e-01,2.978999316692352295e-01,4.638909995555877686e-01,4.760427474975585938e-01,3.835948109626770020e-01,4.018261432647705078e-01,1.109256129711866379e-02,9.862753748893737793e-02,3.697420060634613037e-01,4.081963598728179932e-01,-9.082297235727310181e-02,-5.846009403467178345e-02,-7.080639898777008057e-02,-3.158653900027275085e-02,1.233742572367191315e-02,1.237941384315490723e-01,-3.054599463939666748e-02,2.743704617023468018e-02,-5.171804130077362061e-02,-8.461931347846984863e-02,-9.207098186016082764e-02,-3.298418968915939331e-02,-2.678282558917999268e-03,-7.445448078215122223e-03,-1.120705530047416687e-01,4.376510158181190491e-02,9.784943610429763794e-02,5.059465020895004272e-02,4.645695164799690247e-02,7.218956947326660156e-02,2.840690780431032181e-03,-1.903971135616302490e-01,3.849595785140991211e-02,4.742201045155525208e-02,-4.232252016663551331e-02,1.024051681160926819e-01,-3.202515840530395508e-02,4.840764030814170837e-02,-2.645919471979141235e-02,7.533972710371017456e-02,-1.377471983432769775e-01,1.049697399139404297e-01,-1.170222833752632141e-02,7.557176053524017334e-02,-5.489851534366607666e-02,-6.498640030622482300e-02,1.511659286916255951e-02,-4.798856377601623535e-02,2.429022453725337982e-02,2.246298342943191528e-01,-8.318365365266799927e-02,1.026350855827331543e-01,-8.187177445506677032e-05,1.082305982708930969e-01,-1.961028575897216797e-02,-1.816441118717193604e-02,-2.489656768739223480e-02,1.012531965970993042e-01,-1.327738910913467407e-01,1.019152253866195679e-01,-1.114120930433273315e-01,-1.321343034505844116e-01,-8.641029149293899536e-02,1.861725896596908569e-01,1.533862855285406113e-02,-1.248353123664855957e-01,1.047045886516571045e-01,4.430720806121826172e-01,-1.026180088520050049e-01,-5.470989644527435303e-02,1.486419886350631714e-01,1.302202641963958740e-01,-1.035370975732803345e-01,-1.131864171475172043e-02,9.572466835379600525e-03,-6.445024162530899048e-02,-6.641177088022232056e-02,-9.730896353721618652e-02,1.568014323711395264e-01,1.268621906638145447e-02,4.082619026303291321e-02,-1.242939941585063934e-02,3.304605931043624878e-02,1.644689217209815979e-02,-5.392864346504211426e-02,-6.917642056941986084e-02,-1.137956455349922180e-01,-3.869657590985298157e-02,-8.253258466720581055e-02,-2.120932750403881073e-02,-5.108709633350372314e-02,-7.222031801939010620e-02,-4.297650232911109924e-02,-2.657942101359367371e-02
3.421485126018524170e-01,-1.476325932890176773e-02,-3.405037149786949158e-02,-1.643341500312089920e-03,4.690006002783775330e-02,4.603796824812889099e-02,5.046829953789710999e-02,-4.662960022687911987e-02,1.506563574075698853e-01,2.922964282333850861e-02,9.999998211860656738e-01,1.720055490732192993e-01,4.946046173572540283e-01,-2.377388067543506622e-02,2.910777628421783447e-01,7.078950107097625732e-02,4.925480186939239502e-01,3.831017017364501953e-01,-6.641851365566253662e-02,-1.165559887886047363e-02,-1.139409318566322327e-01,8.282467722892761230e-02,-8.142621256411075592e-03,7.678288966417312622e-02,7.629895955324172974e-02,8.635506778955459595e-02,3.284090757369995117e-02,8.775654435157775879e-02,2.609826922416687012e-01,3.707371652126312256e-01,2.065272629261016846e-01,2.090126574039459229e-01,-1.915661431849002838e-02,1.251602265983819962e-02,-8.125851303339004517e-02,-5.833590403199195862e-02,7.813172787427902222e-02,-1.310263574123382568e-02,2.699436619877815247e-02,1.618071496486663818e-01,-2.489711195230484009e-01,-6.791210174560546875e-02,7.920245826244354248e-02,-1.455031484365463257e-01,-1.124679148197174072e-01,-1.391543745994567871e-01,8.010832965373992920e-02,8.618392050266265869e-02,-8.214295655488967896e-02,-1.657564043998718262e-01,-2.190074324607849121e-02,-1.474901586771011353e-01,1.053510829806327820e-01,1.552738249301910400e-01,5.829259380698204041e-02,-5.792403593659400940e-02,1.019260957837104797e-01,-4.112679883837699890e-02,-1.112888082861900330e-01,-1.696562021970748901e-01,-3.129810094833374023e-02,-1.220279261469841003e-01,9.186078608036041260e-02,-2.979987487196922302e-02,1.705951243638992310e-02,-4.268633201718330383e-02,-1.089063361287117004e-01,-1.289427727460861206e-01,2.990685869008302689e-03,7.843089988455176353e-04,-1.051922366023063660e-01,-8.415765315294265747e-02,-2.160412073135375977e-02,-6.855440884828567505e-02,5.708052590489387512e-02,-4.218201711773872375e-02,-1.944057494401931763e-01,-1.860751658678054810e-01,2.488519623875617981e-02,1.047527268528938293e-01,-1.804866082966327667e-02,-1.489004790782928467e-01,-1.923136115074157715e-01,7.969359308481216431e-02,5.947583913803100586e-02,-1.013447791337966919e-01,-7.434765994548797607e-02,4.016926139593124390e-02,1.827198714017868042e-01,-5.698136240243911743e-02,4.424953460693359375e-02,-6.733768433332443237e-02,-8.595804870128631592e-02,-1.993162557482719421e-02,-2.016081102192401886e-02,1.363327354192733765e-01,3.290754854679107666e-01,3.187851011753082275e-01,-7.984007149934768677e-02,-1.717635244131088257e-01,-1.732666790485382080e-02,-8.606458455324172974e-02,-4.570439457893371582e-02,-1.239347904920578003e-01,-1.427396833896636963e-01,-1.120670214295387268e-01,-1.922094523906707764e-01,-2.637107968330383301e-01,1.252855956554412842e-01,1.892160773277282715e-01,8.052772283554077148e-02,2.122555859386920929e-02,-1.276439428329467773e-01,-1.836947202682495117e-01,-2.515926361083984375e-01,1.287959367036819458e-01
-9.497054852545261383e-03,3.847892880439758301e-01,1.257263422012329102e-01,2.574186325073242188e-01,7.730944454669952393e-02,-1.330998726189136505e-02,-1.165484115481376648e-01,2.877590656280517578e-01,5.320592317730188370e-03,1.348672807216644287e-01,1.720055490732192993e-01,9.999997019767761230e-01,-5.380266159772872925e-02,4.659072458744049072e-01,-4.361004382371902466e-02,2.380578815937042236e-01,-7.390153408050537109e-02,5.020436644554138184e-01,8.691961318254470825e-02,2.404773831367492676e-01,-6.999263167381286621e-02,8.750453591346740723e-02,3.262877762317657471e-01,3.286822140216827393e-01,-8.019791543483734131e-02,-1.987747661769390106e-02,-2.260821759700775146e-01,-1.457368284463882446e-01,-4.736639559268951416e-02,3.506468236446380615e-01,2.982597351074218750e-01,2.526989579200744629e-01,3.243348374962806702e-02,9.021023660898208618e-02,-5.351911485195159912e-02,1.766925007104873657e-01,-1.815974153578281403e-02,1.336946338415145874e-01,8.206422626972198486e-02,7.813549786806106567e-02,-1.898399321362376213e-03,-8.067764341831207275e-02,-2.462417334318161011e-01,-1.096378788352012634e-01,-1.368709355592727661e-01,-1.998785324394702911e-02,-7.016120105981826782e-02,-9.001947008073329926e-03,-6.953625380992889404e-02,1.060651093721389771e-01,-1.904375702142715454e-01,1.010035648941993713e-01,-1.700002104043960571e-01,-1.689011454582214355e-01,-1.253762394189834595e-01,-4.008262604475021362e-02,-5.515385419130325317e-02,3.131680786609649658e-01,-1.210073977708816528e-01,1.261345148086547852e-01,-1.485559195280075073e-01,2.160162627696990967e-01,-2.256975173950195312e-01,3.458375334739685059e-01,-1.214219331741333008e-01,1.028766781091690063e-01,-1.726137250661849976e-01,-1.033964306116104126e-01,-3.789165616035461426e-02,1.175825595855712891e-01,1.450253129005432129e-01,2.850956618785858154e-01,-1.213142368942499161e-02,1.200507730245590210e-01,9.502956271171569824e-02,1.819545626640319824e-01,-2.967081964015960693e-02,2.626853249967098236e-02,-6.506454944610595703e-02,9.817504882812500000e-02,-2.464192062616348267e-01,2.677586972713470459e-01,-1.414003074169158936e-01,-3.753448650240898132e-02,-2.326181232929229736e-01,2.504379749298095703e-01,-1.705925352871417999e-02,-9.133716672658920288e-02,-1.179658919572830200e-01,1.863497495651245117e-01,-1.587250679731369019e-01,-1.116066426038742065e-01,-2.922937460243701935e-02,-7.390452921390533447e-02,9.375816583633422852e-02,1.527497470378875732e-01,1.353123635053634644e-01,1.060597896575927734e-01,1.264103353023529053e-01,4.802082851529121399e-02,3.080531656742095947e-01,1.825254112482070923e-01,3.284536898136138916e-01,2.035585343837738037e-01,1.590409427881240845e-01,9.147408604621887207e-02,-4.210975021123886108e-03,-4.052125290036201477e-02,-1.555539071559906006e-01,2.059539556503295898e-01,-3.232214367017149925e-03,-4.982665181159973145e-02,3.332438319921493530e-02,5.125406756997108459e-02,-7.736374437808990479e-02,1.393412947654724121e-01
5.307396650314331055e-01,2.713552862405776978e-02,3.509970903396606445e-01,1.185229942202568054e-01,1.692261695861816406e-01,1.539658904075622559e-01,5.495256781578063965e-01,8.998873643577098846e-03,2.959430217742919922e-01,-4.552768915891647339e-02,4.946046173572540283e-01,-5.380266159772872925e-02,1.000000119209289551e+00,-3.830134496092796326e-02,4.624905884265899658e-01,-5.195371806621551514e-03,3.311198055744171143e-01,1.576205343008041382e-01,1.750537008047103882e-01,1.708189547061920166e-01,6.782849133014678955e-02,9.640979021787643433e-02,1.539880037307739258e-01,9.795468300580978394e-02,2.226618975400924683e-01,1.532303243875503540e-01,2.159114629030227661e-01,1.617115885019302368e-01,1.964825391769409180e-01,4.812282696366310120e-02,1.719877868890762329e-01,1.862754523754119873e-01,1.755627691745758057e-01,1.634702384471893311e-01,3.197612985968589783e-02,-1.912418603897094727e-01,1.545806974172592163e-01,1.355884075164794922e-01,8.401375263929367065e-02,1.847743839025497437e-01,-6.532219052314758301e-02,2.776847593486309052e-02,3.513320088386535645e-01,1.096007376909255981e-01,1.454451233148574829e-01,4.256099089980125427e-02,3.709644973278045654e-01,2.273038178682327271e-01,6.482204049825668335e-02,-1.645733416080474854e-02,2.487759888172149658e-01,-2.706944942474365234e-02,3.872096836566925049e-01,1.308425068855285645e-01,3.208941519260406494e-01,7.802762091159820557e-02,3.154614269733428955e-01,-6.599968299269676208e-03,1.652602106332778931e-01,-3.213169798254966736e-02,2.877740859985351562e-01,-8.070915937423706055e-03,3.397015929222106934e-01,-8.095432072877883911e-02,2.968484461307525635e-01,-1.127072982490062714e-02,1.323467344045639038e-01,5.443937331438064575e-02,1.810433119535446167e-01,4.971359297633171082e-02,-3.004536218941211700e-02,-7.998505234718322754e-02,1.182009875774383545e-01,-5.398954451084136963e-02,1.450299620628356934e-01,8.124899864196777344e-02,1.219865903258323669e-01,1.497324705123901367e-01,4.207119718194007874e-02,1.735994010232388973e-03,2.136872410774230957e-01,-1.401138752698898315e-01,-6.018907204270362854e-02,1.155758127570152283e-01,4.064612686634063721e-01,-6.596978753805160522e-02,5.138583108782768250e-02,1.547386199235916138e-01,4.645998179912567139e-01,-7.402700185775756836e-02,3.227725252509117126e-02,-7.662890478968620300e-03,2.782892901450395584e-03,1.733807660639286041e-02,-8.776070177555084229e-02,-8.000363409519195557e-02,1.643306314945220947e-01,4.146946966648101807e-02,-5.291875079274177551e-02,1.552720926702022552e-02,-1.592702418565750122e-01,7.257819920778274536e-02,-1.428649723529815674e-01,-1.007808521389961243e-01,-1.277015507221221924e-01,-2.633902244269847870e-02,-1.680259257555007935e-01,-2.028732746839523315e-01,1.141962558031082153e-01,2.125038951635360718e-02,1.676124334335327148e-01,2.310736849904060364e-02,7.803393900394439697e-02,-1.725340075790882111e-02,-9.721199423074722290e-02,-1.140754818916320801e-01
