9.999999403953552246e-01,4.513858854770660400e-01,1.265490204095840454e-01,7.723719626665115356e-02,-3.070768713951110840e-01,-2.015776783227920532e-01,1.134871169924736023e-01,3.836135566234588623e-02,-2.014798074960708618e-01,-1.872578412294387817e-01,3.020274639129638672e-01,-1.800736412405967712e-03,1.454734802246093750e-01,-8.383259922266006470e-02,-1.826066672801971436e-01,-2.758023440837860107e-01,1.580993533134460449e-01,2.172327600419521332e-02,4.480887055397033691e-01,3.635957241058349609e-01,-1.307574510574340820e-01,-4.721506685018539429e-02,7.411701604723930359e-03,4.379152134060859680e-02,-1.433119475841522217e-01,-1.727094650268554688e-01,-1.124254167079925537e-01,-9.953653812408447266e-02,-7.142952829599380493e-02,-1.782150268554687500e-01,-1.683763712644577026e-01,-2.070952951908111572e-01,-1.590782217681407928e-02,-8.106829226016998291e-02,-4.431169852614402771e-02,-7.710678130388259888e-02,2.584132738411426544e-02,-5.228966474533081055e-02,1.044780835509300232e-01,-2.488241903483867645e-02,-4.156826063990592957e-02,-9.459076076745986938e-02,-3.083012439310550690e-02,-1.032105386257171631e-01,-1.065392792224884033e-01,-6.508091837167739868e-02,-1.369044631719589233e-01,-8.653134107589721680e-02,-5.829302966594696045e-02,4.587310180068016052e-02,-5.111177265644073486e-02,-5.726430565118789673e-02,-6.455752998590469360e-02,-3.992860764265060425e-02,-8.617008477449417114e-02,-8.806713670492172241e-02,4.588593840599060059e-01,3.381143212318420410e-01,2.415067404508590698e-01,2.518360912799835205e-01,2.284713536500930786e-01,8.943483233451843262e-02,1.898733675479888916e-01,6.560725718736648560e-02,-4.150202870368957520e-02,1.036005560308694839e-02,3.267012163996696472e-02,-2.406117506325244904e-02,3.036338686943054199e-01,1.565877646207809448e-01,-6.774316541850566864e-03,-1.198348104953765869e-01,1.091212481260299683e-01,-8.028442412614822388e-02,-3.525350615382194519e-02,-9.205404669046401978e-02,-1.125243902206420898e-01,-2.165772318840026855e-01,5.166709423065185547e-02,-5.839461088180541992e-02,8.123973011970520020e-02,5.280929058790206909e-02,-2.118573635816574097e-01,-1.042015999555587769e-01,2.135057002305984497e-02,-4.025210440158843994e-02,3.198601678013801575e-02,4.326635599136352539e-02,4.076999798417091370e-02,-6.811723113059997559e-02,4.284239932894706726e-02,3.661469742655754089e-02,-4.995993524789810181e-02,4.286428540945053101e-02,-7.884720712900161743e-02,-3.082042001187801361e-02,-1.199981197714805603e-01,-1.003654971718788147e-01,-1.841417402029037476e-01,-9.832567721605300903e-02,-1.882803812623023987e-02,1.459033489227294922e-01,-4.638259485363960266e-02,1.126501336693763733e-01,6.386665999889373779e-02,4.809786751866340637e-02,-9.918296337127685547e-02,7.292878348380327225e-03,-8.946839720010757446e-02,-9.028732776641845703e-02,-1.491816132329404354e-03,9.078335762023925781e-02,-2.855464071035385132e-02,-8.015196025371551514e-02,-5.831711739301681519e-02,8.811976760625839233e-02
4.513858854770660400e-01,1.000000238418579102e+00,1.020449325442314148e-01,1.520861685276031494e-01,-1.993598341941833496e-01,-1.580552607774734497e-01,1.881156116724014282e-01,2.055526822805404663e-01,-1.496454477310180664e-01,-1.073116064071655273e-01,-1.945725828409194946e-02,2.068544179201126099e-01,3.938705474138259888e-02,2.056792378425598145e-02,-1.594656407833099365e-01,-1.814929395914077759e-01,8.491627126932144165e-02,3.234773874282836914e-01,3.350083231925964355e-01,5.140172243118286133e-01,-8.500332385301589966e-02,-2.483545802533626556e-03,-3.206897526979446411e-02,3.170617297291755676e-02,-1.847953945398330688e-01,-1.555325537919998169e-01,-6.838814914226531982e-02,-1.068425923585891724e-01,-6.850049644708633423e-02,1.379654854536056519e-01,-3.528311476111412048e-02,-9.144747257232666016e-02,1.018746644258499146e-01,1.405528336763381958e-01,-1.678230017423629761e-01,-1.999999880790710449e-01,9.645732119679450989e-03,1.000177115201950073e-02,1.611166894435882568e-01,6.950063258409500122e-02,-1.087282598018646240e-01,-7.018081098794937134e-02,8.085805177688598633e-02,-4.911909811198711395e-03,3.592446818947792053e-02,1.219594478607177734e-01,1.097207982093095779e-02,-3.673906996846199036e-02,1.276487708091735840e-01,2.750367224216461182e-01,1.258677989244461060e-01,2.133947759866714478e-01,2.951398491859436035e-02,4.003710672259330750e-02,8.941203355789184570e-02,7.619852572679519653e-02,5.495962500572204590e-01,6.778215169906616211e-01,2.116346061229705811e-01,4.262795746326446533e-01,2.165066003799438477e-01,2.078222930431365967e-01,2.976351082324981689e-01,2.779836952686309814e-01,-1.193815246224403381e-01,-3.024470061063766479e-02,7.510315626859664917e-03,1.087207645177841187e-01,4.575228095054626465e-01,3.824190199375152588e-01,-1.765195131301879883e-01,-8.839072287082672119e-02,-1.192344352602958679e-01,5.743666365742683411e-02,-2.836353182792663574e-01,-1.600538939237594604e-01,-2.045103609561920166e-01,-1.846048682928085327e-01,1.168070137500762939e-01,2.079521715641021729e-01,1.770635992288589478e-01,2.447055429220199585e-01,-1.203091442584991455e-02,-7.081874459981918335e-02,3.318263962864875793e-02,5.208804830908775330e-02,8.343964070081710815e-02,1.765473745763301849e-02,5.660143494606018066e-02,7.231632620096206665e-02,1.308625657111406326e-02,-3.860782831907272339e-02,-1.129680052399635315e-01,-1.739317178726196289e-01,3.132484853267669678e-03,-2.436512894928455353e-02,7.421574741601943970e-02,1.839533075690269470e-02,-4.589034244418144226e-02,-1.989107578992843628e-02,1.567395776510238647e-02,-1.059516668319702148e-01,2.961410582065582275e-02,-6.129220128059387207e-03,1.438330262899398804e-01,8.199995011091232300e-02,3.707346320152282715e-02,1.547706723213195801e-01,-1.292298436164855957e-01,-2.847144566476345062e-02,2.952672727406024933e-02,6.798495352268218994e-02,-3.651041164994239807e-02,-4.812970384955406189e-02,-8.713245391845703125e-02,1.548734903335571289e-01
1.265490204095840454e-01,1.020449325442314148e-01,1.000000238418579102e+00,5.570696592330932617e-01,3.004664741456508636e-02,-1.367128491401672363e-01,5.987920761108398438e-01,3.563783168792724609e-01,6.224565207958221436e-03,-6.406784802675247192e-02,1.405408084392547607e-01,1.183515563607215881e-01,3.427234888076782227e-01,2.994449436664581299e-01,2.559016346931457520e-01,1.424359232187271118e-01,-1.643299013376235962e-01,2.360403724014759064e-02,3.051325678825378418e-01,1.847748756408691406e-01,-6.854213774204254150e-02,-3.748976439237594604e-02,6.452806591987609863e-01,5.265092253684997559e-01,2.776189446449279785e-01,1.719354093074798584e-01,-1.775366961956024170e-01,-1.941392123699188232e-01,-1.480837762355804443e-01,-1.539666950702667236e-02,2.881348431110382080e-01,3.104352653026580811e-01,1.709201931953430176e-01,2.829878404736518860e-02,1.018658056855201721e-01,-1.229190733283758163e-02,-6.086878105998039246e-02,-1.204918771982192993e-01,-1.708811670541763306e-01,-1.951880156993865967e-01,-1.335676107555627823e-02,-5.918252095580101013e-02,-2.123385295271873474e-02,-9.508641809225082397e-02,1.017773821949958801e-01,-9.617669135332107544e-02,-1.494089365005493164e-01,-1.366426348686218262e-01,-1.978187263011932373e-02,-1.120859570801258087e-02,-7.471019029617309570e-02,-5.188528448343276978e-02,-1.218074560165405273e-02,6.747453659772872925e-02,-1.169801950454711914e-01,-8.767855167388916016e-02,-1.506673637777566910e-02,1.878597587347030640e-02,3.377071395516395569e-02,-2.602272108197212219e-02,1.044192239642143250e-01,3.308039903640747070e-02,4.838921502232551575e-02,-3.019112721085548401e-02,3.594705462455749512e-01,2.372235208749771118e-01,1.689657270908355713e-01,-5.318031460046768188e-02,1.339339651167392731e-02,-4.933295771479606628e-02,8.255763910710811615e-03,9.274011850357055664e-02,-5.464655533432960510e-02,2.945632487535476685e-02,-9.092948585748672485e-02,-1.039004549384117126e-01,4.861039295792579651e-02,1.184765715152025223e-02,-1.249668002128601074e-01,6.156403571367263794e-02,-1.485085859894752502e-02,1.009369045495986938e-01,-1.284822821617126465e-01,9.578510187566280365e-03,2.131486684083938599e-01,1.327671408653259277e-01,-1.123193502426147461e-01,-6.893334537744522095e-02,1.181576699018478394e-01,-7.561103999614715576e-02,6.252142786979675293e-02,2.110159844160079956e-01,2.245513349771499634e-01,2.297302186489105225e-01,-4.799854382872581482e-02,-4.979716986417770386e-02,-1.950830221176147461e-01,-2.360155135393142700e-01,-7.944736629724502563e-02,-8.648529648780822754e-02,1.329753696918487549e-01,1.767241507768630981e-01,7.694403827190399170e-02,9.394319355487823486e-02,4.983698576688766479e-02,9.985284507274627686e-02,1.733490079641342163e-01,4.132968932390213013e-02,6.890759617090225220e-02,-5.148582533001899719e-02,-1.505605429410934448e-01,-3.505670931190252304e-03,2.484476566314697266e-02,-4.246129468083381653e-02,8.221000432968139648e-02,1.052273884415626526e-01
7.723719626665115356e-02,1.520861685276031494e-01,5.570696592330932617e-01,1.000000119209289551e+00,-1.471599750220775604e-02,4.109944030642509460e-02,3.988816440105438232e-01,6.539540886878967285e-01,-1.666630953550338745e-01,5.042870715260505676e-02,-9.478810429573059082e-02,2.382834404706954956e-01,6.212490051984786987e-02,2.856420874595642090e-01,-1.853206567466259003e-02,1.491352468729019165e-01,-1.742473393678665161e-01,9.813808836042881012e-03,1.433646529912948608e-01,2.789622545242309570e-01,-6.849229801446199417e-03,-5.470334738492965698e-02,5.233104228973388672e-01,6.525321006774902344e-01,1.009511202573776245e-01,1.375573873519897461e-01,-1.693755537271499634e-01,-1.295316815376281738e-01,-1.839022785425186157e-01,1.337374560534954071e-02,2.460051178932189941e-01,3.759495317935943604e-01,2.266448289155960083e-01,2.377609908580780029e-01,8.433699607849121094e-02,1.260877847671508789e-01,-1.278969347476959229e-01,-1.963580995798110962e-01,-2.608978748321533203e-01,-2.471577525138854980e-01,3.770402446389198303e-02,-1.220537908375263214e-02,8.389877155423164368e-03,-1.392108350992202759e-01,1.386539191007614136e-01,-9.811342507600784302e-02,-1.019158065319061279e-01,-1.880881041288375854e-01,-9.393255412578582764e-02,-4.252617061138153076e-02,-1.153294369578361511e-01,-6.139636039733886719e-02,-7.642019540071487427e-02,-4.286379367113113403e-02,-2.137309461832046509e-01,-1.994983255863189697e-01,3.306322172284126282e-02,6.930229254066944122e-03,-9.073565155267715454e-02,9.641144424676895142e-02,-3.645781427621841431e-02,2.548858523368835449e-01,-3.163996711373329163e-02,3.074681386351585388e-02,1.893223673105239868e-01,5.371438860893249512e-01,2.095774561166763306e-01,2.041111290454864502e-01,7.495550066232681274e-02,7.575392723083496094e-02,-2.542146109044551849e-02,7.886606454849243164e-02,-7.099500298500061035e-02,6.341187399812042713e-04,-4.456912353634834290e-02,3.656468819826841354e-03,5.895546823740005493e-02,5.039400234818458557e-02,-9.823177009820938110e-02,1.162472888827323914e-01,-4.726767167448997498e-02,9.986641258001327515e-02,-1.885729134082794189e-01,-1.358793489634990692e-02,6.931611150503158569e-02,2.072769403457641602e-01,-1.567408293485641479e-01,-7.252597063779830933e-02,-7.920062541961669922e-02,-7.645267248153686523e-02,5.722003430128097534e-02,1.027937158942222595e-01,3.649490177631378174e-01,4.099650681018829346e-02,-4.145625978708267212e-02,3.330852487124502659e-04,-2.153296470642089844e-01,-1.940924674272537231e-01,-1.236069053411483765e-01,-1.741597205400466919e-01,1.572213619947433472e-01,6.244369223713874817e-02,6.641554832458496094e-02,1.231973618268966675e-01,1.316009461879730225e-01,8.528510481119155884e-02,1.804947555065155029e-01,4.379687830805778503e-02,1.992566697299480438e-02,-3.418885543942451477e-02,-1.482357233762741089e-01,-2.280833572149276733e-02,4.331493005156517029e-02,-2.000973373651504517e-02,3.119111992418766022e-02,4.554330930113792419e-02
-3.070768713951110840e-01,-1.993598341941833496e-01,3.004664741456508636e-02,-1.471599750220775604e-02,9.999997019767761230e-01,6.388921141624450684e-01,1.112975105643272400e-01,4.507191479206085205e-02,6.257314085960388184e-01,5.744238495826721191e-01,1.223745271563529968e-01,1.778700500726699829e-01,1.294760704040527344e-01,1.867219954729080200e-01,5.467433333396911621e-01,4.676030576229095459e-01,5.769557319581508636e-03,1.532087028026580811e-01,-2.159062474966049194e-01,-1.806741356849670410e-01,3.471289575099945068e-01,3.402538299560546875e-01,1.111981049180030823e-01,1.333902627229690552e-01,3.493404984474182129e-01,3.840418159961700439e-01,5.771467089653015137e-01,5.394855141639709473e-01,1.097686514258384705e-01,1.845497041940689087e-01,2.547035813331604004e-01,3.009383082389831543e-01,1.837020814418792725e-01,1.604522913694381714e-01,2.677273750305175781e-01,2.008945345878601074e-01,1.437323093414306641e-01,1.794087737798690796e-01,1.173182204365730286e-01,2.192732989788055420e-01,2.774472236633300781e-01,2.848258018493652344e-01,1.007799357175827026e-01,1.369490325450897217e-01,9.113302826881408691e-02,8.583921939134597778e-02,1.139057576656341553e-01,8.736521005630493164e-02,4.632712900638580322e-02,-6.028777454048395157e-03,7.308807224035263062e-02,3.664845973253250122e-02,8.843083865940570831e-03,-4.281073436141014099e-02,1.607714593410491943e-01,1.487407386302947998e-01,-2.334157675504684448e-01,-2.003280520439147949e-01,5.092837288975715637e-02,-6.967616081237792969e-02,1.625131964683532715e-01,6.855147331953048706e-02,8.594199270009994507e-02,4.058766365051269531e-02,3.141619861125946045e-01,1.140190884470939636e-01,1.791660487651824951e-01,1.614561527967453003e-01,-2.139472067356109619e-01,-1.805182844400405884e-01,5.804214626550674438e-02,1.685842573642730713e-01,-1.775260269641876221e-02,1.981376558542251587e-01,5.211305990815162659e-02,1.554338634014129639e-01,2.075329571962356567e-01,2.040142118930816650e-01,2.723998948931694031e-02,1.469412446022033691e-01,3.422878682613372803e-02,2.953924424946308136e-02,8.021633327007293701e-02,1.299492120742797852e-01,2.348532676696777344e-01,2.112467885017395020e-01,1.771033853292465210e-01,1.797892451286315918e-01,4.031236469745635986e-01,2.819180190563201904e-01,1.362582743167877197e-01,1.997824609279632568e-01,2.229176461696624756e-01,2.161435335874557495e-01,-2.812392450869083405e-02,5.658287089318037033e-03,1.145899966359138489e-01,1.409775316715240479e-01,2.241861373186111450e-01,1.144272610545158386e-01,6.471776962280273438e-02,3.542822971940040588e-02,1.597744375467300415e-01,-1.342735625803470612e-02,3.722814470529556274e-02,7.272102683782577515e-02,2.105936110019683838e-01,6.937633454799652100e-02,3.872443735599517822e-02,8.393603563308715820e-02,3.353676572442054749e-02,1.370697468519210815e-01,1.909949332475662231e-01,1.236322373151779175e-01,1.813258677721023560e-01,2.837861515581607819e-02
-2.015776783227920532e-01,-1.580552607774734497e-01,-1.367128491401672363e-01,4.109944030642509460e-02,6.388921141624450684e-01,1.000000238418579102e+00,-5.036256089806556702e-02,1.259763836860656738e-01,4.775077700614929199e-01,6.244628429412841797e-01,2.501761913299560547e-02,2.461943626403808594e-01,-4.119250550866127014e-02,1.482993066310882568e-01,3.447202146053314209e-01,4.429670870304107666e-01,6.246489658951759338e-02,1.538530588150024414e-01,-1.492505967617034912e-01,-4.982551559805870056e-02,2.334402501583099365e-01,2.048230916261672974e-01,2.441453374922275543e-02,1.100851446390151978e-01,1.018974557518959045e-01,2.238592803478240967e-01,5.796076655387878418e-01,5.825359225273132324e-01,5.051467940211296082e-02,1.715192496776580811e-01,1.177264750003814697e-01,1.883807927370071411e-01,2.107658386230468750e-01,2.325614690780639648e-01,1.537297070026397705e-01,1.277279406785964966e-01,1.021875590085983276e-01,5.418368056416511536e-02,7.338017970323562622e-02,1.339907795190811157e-01,2.292087227106094360e-01,1.832493096590042114e-01,1.346929669380187988e-01,2.424843050539493561e-02,2.799509465694427490e-02,-3.042643889784812927e-02,1.108530834317207336e-01,4.371976479887962341e-03,-1.310370415449142456e-01,-1.812249720096588135e-01,-1.046834737062454224e-01,-1.651854068040847778e-01,-1.192170307040214539e-01,-2.090805768966674805e-01,4.752749577164649963e-02,-1.252946816384792328e-02,-1.038151755928993225e-01,-1.431152671575546265e-01,-4.831212386488914490e-02,-6.266343593597412109e-02,1.063893586397171021e-01,2.442748099565505981e-01,1.723058074712753296e-01,1.386803239583969116e-01,2.620225846767425537e-01,2.342530786991119385e-01,1.895052641630172729e-01,2.387712746858596802e-01,-1.866291277110576630e-02,8.016946725547313690e-03,-4.868676140904426575e-02,4.026987403631210327e-02,-8.514172583818435669e-02,1.069663241505622864e-01,9.517673403024673462e-02,1.528399735689163208e-01,1.376490145921707153e-01,9.414404630661010742e-02,1.930393464863300323e-02,1.559702903032302856e-01,1.078301668167114258e-01,7.607957720756530762e-02,7.323873043060302734e-02,1.355146467685699463e-01,1.773527711629867554e-01,1.154675185680389404e-01,2.679047584533691406e-01,2.446335852146148682e-01,2.356288880109786987e-01,1.819658279418945312e-01,2.514166235923767090e-01,7.216542214155197144e-02,3.298590183258056641e-01,1.769460439682006836e-01,-1.409304793924093246e-02,7.502679526805877686e-02,7.445435971021652222e-02,1.122956946492195129e-01,1.690814346075057983e-01,6.040640175342559814e-03,1.701171398162841797e-01,-3.595265559852123260e-03,2.023297250270843506e-01,1.459162961691617966e-02,1.420058757066726685e-01,3.712567314505577087e-02,1.648780554533004761e-01,3.919328749179840088e-02,2.424303069710731506e-02,9.017184376716613770e-02,4.626134410500526428e-02,2.002010941505432129e-01,1.969749331474304199e-01,1.137314587831497192e-01,1.693667620420455933e-01,-3.029509261250495911e-02
1.134871169924736023e-01,1.881156116724014282e-01,5.987920761108398438e-01,3.988816440105438232e-01,1.112975105643272400e-01,-5.036256089806556702e-02,1.000000000000000000e+00,5.166535377502441406e-01,2.271436750888824463e-01,1.258994638919830322e-01,2.365205734968185425e-01,3.570599257946014404e-01,5.433372855186462402e-01,3.479013442993164062e-01,1.802897155284881592e-01,1.244067847728729248e-01,-8.300755172967910767e-02,1.511183530092239380e-01,2.845375239849090576e-01,1.611714810132980347e-01,-4.459955915808677673e-02,2.173429168760776520e-02,3.792487680912017822e-01,3.290577232837677002e-01,1.022839359939098358e-02,-3.823474049568176270e-03,-2.023462504148483276e-01,-2.208216041326522827e-01,1.444158609956502914e-02,9.404287487268447876e-02,2.094400674104690552e-01,2.368538677692413330e-01,1.238445416092872620e-01,1.119678318500518799e-01,1.040388122200965881e-01,-8.643155544996261597e-02,-7.683462649583816528e-02,-1.090055480599403381e-01,-1.291813254356384277e-01,-1.288330703973770142e-01,9.388605505228042603e-02,2.276745252311229706e-02,3.634512424468994141e-03,2.370646595954895020e-02,4.356692358851432800e-02,4.315051808953285217e-02,2.726339362561702728e-02,1.361815351992845535e-02,1.193874701857566833e-01,1.642975956201553345e-01,1.410969346761703491e-01,1.743451058864593506e-01,1.182429939508438110e-01,1.336501240730285645e-01,6.498593091964721680e-02,4.335580766201019287e-02,-7.563132792711257935e-02,2.656360529363155365e-02,1.851891726255416870e-01,1.981359571218490601e-01,2.957634329795837402e-01,1.915467381477355957e-01,2.035572677850723267e-01,1.334736347198486328e-01,1.793702244758605957e-01,8.378439396619796753e-02,7.422067970037460327e-02,-6.046745181083679199e-02,-1.029713600873947144e-01,-9.658709168434143066e-02,2.921288460493087769e-02,1.650664955377578735e-01,1.115659158676862717e-02,1.692014038562774658e-01,-6.812945008277893066e-02,-2.126862294971942902e-02,1.466367095708847046e-01,1.237144246697425842e-01,-1.621029456146061420e-03,1.160078644752502441e-01,1.014859043061733246e-02,4.096226394176483154e-02,-1.819868832826614380e-01,-1.757381707429885864e-01,9.980182349681854248e-02,-1.259544864296913147e-02,-2.145533412694931030e-01,-2.162086963653564453e-01,2.406229823827743530e-01,9.121795743703842163e-02,1.499234586954116821e-01,1.614448130130767822e-01,2.358743846416473389e-01,1.933441460132598877e-01,-4.681342840194702148e-02,-2.419393882155418396e-02,-5.546624958515167236e-02,-6.015764176845550537e-02,1.659057885408401489e-01,3.881259262561798096e-02,2.390544116497039795e-01,2.092834413051605225e-01,1.967382133007049561e-01,1.709187924861907959e-01,4.203336685895919800e-02,3.614120930433273315e-02,1.828383505344390869e-01,7.475528120994567871e-02,2.633274532854557037e-02,1.701356284320354462e-02,-9.870976954698562622e-02,1.055817976593971252e-01,1.816559880971908569e-01,-1.772051304578781128e-02,-7.873440533876419067e-02,-4.365020245313644409e-02
3.836135566234588623e-02,2.055526822805404663e-01,3.563783168792724609e-01,6.539540886878967285e-01,4.507191479206085205e-02,1.259763836860656738e-01,5.166535377502441406e-01,9.999999403953552246e-01,1.899510435760021210e-02,2.400611340999603271e-01,9.320199023932218552e-04,4.868487715721130371e-01,2.108603715896606445e-01,4.448489546775817871e-01,-8.033031597733497620e-03,2.429236620664596558e-01,-1.365372538566589355e-01,1.124886274337768555e-01,1.223661452531814575e-01,2.377450019121170044e-01,-4.720324650406837463e-02,-6.803970783948898315e-02,2.988074123859405518e-01,4.438128471374511719e-01,-1.399069875478744507e-01,-9.385181218385696411e-02,-1.601043194532394409e-01,-1.238442510366439819e-01,-7.045101374387741089e-02,1.067784577608108521e-01,9.024280309677124023e-02,2.339905500411987305e-01,1.348428279161453247e-01,2.526952624320983887e-01,-4.445984959602355957e-02,-5.091155320405960083e-02,-2.413475364446640015e-01,-2.519421577453613281e-01,-3.283938467502593994e-01,-2.774216532707214355e-01,8.925908803939819336e-02,2.428793907165527344e-02,1.612040773034095764e-02,-9.222111850976943970e-02,3.437025472521781921e-02,-2.024556696414947510e-02,-4.177198186516761780e-02,-1.593255698680877686e-01,-7.213355600833892822e-02,3.742700442671775818e-02,-7.662092894315719604e-02,2.312961034476757050e-02,-1.042356714606285095e-01,-8.289499580860137939e-02,-1.820249408483505249e-01,-1.759355664253234863e-01,-3.282080218195915222e-02,-6.592625752091407776e-03,-9.483846835792064667e-03,2.150076478719711304e-01,1.303573250770568848e-01,4.518207609653472900e-01,1.101221442222595215e-01,2.405236065387725830e-01,4.314963147044181824e-02,3.739240467548370361e-01,6.068889051675796509e-03,1.072095185518264771e-01,-4.059993103146553040e-02,1.588806323707103729e-02,-1.001949086785316467e-01,9.106518328189849854e-02,-7.647097110748291016e-02,7.579126954078674316e-02,-5.689406022429466248e-02,3.582838550209999084e-02,5.180181190371513367e-02,5.823851749300956726e-02,-7.115350663661956787e-02,1.289653480052947998e-01,-1.917922683060169220e-02,9.219467639923095703e-02,-2.201995551586151123e-01,-1.100153475999832153e-01,-8.767370879650115967e-02,3.965096175670623779e-02,-2.304832637310028076e-01,-2.166341394186019897e-01,9.902308695018291473e-03,3.513963147997856140e-02,9.626950323581695557e-02,3.493022918701171875e-02,3.110099434852600098e-01,-1.220983546227216721e-02,-1.577386260032653809e-01,-1.077746450901031494e-01,-2.377664297819137573e-01,-1.360783874988555908e-01,-2.497007325291633606e-02,-1.300154328346252441e-01,1.995358020067214966e-01,7.102761417627334595e-02,1.150085255503654480e-01,1.303669363260269165e-01,8.967043459415435791e-02,1.201880909502506256e-02,2.460151016712188721e-01,1.698035150766372681e-01,-1.203268617391586304e-01,-1.329957544803619385e-01,-2.323727607727050781e-01,-5.758285149931907654e-02,6.357178837060928345e-02,-1.113334298133850098e-01,-8.217184990644454956e-02,1.630856655538082123e-03
-2.014798074960708618e-01,-1.496454477310180664e-01,6.224565207958221436e-03,-1.666630953550338745e-01,6.257314085960388184e-01,4.775077700614929199e-01,2.271436750888824463e-01,1.899510435760021210e-02,1.000000119209289551e+00,6.118762493133544922e-01,1.422819197177886963e-01,1.523565948009490967e-01,2.777303159236907959e-01,1.325362473726272583e-01,5.334281921386718750e-01,4.172586202621459961e-01,-8.797344565391540527e-02,1.584574207663536072e-02,8.882578462362289429e-03,-1.763599961996078491e-01,1.721103191375732422e-01,2.050711959600448608e-01,1.035398542881011963e-01,-2.726095030084252357e-03,1.932638585567474365e-01,1.885925531387329102e-01,3.704546391963958740e-01,3.399106860160827637e-01,2.323286607861518860e-02,4.538660496473312378e-02,4.610248655080795288e-02,5.784614756703376770e-02,-4.969118628650903702e-03,-4.003283753991127014e-02,8.245037496089935303e-02,-1.087570041418075562e-01,1.023070514202117920e-01,1.117019653320312500e-01,1.027292758226394653e-01,1.485219150781631470e-01,2.182841300964355469e-01,1.635355800390243530e-01,7.820051908493041992e-02,3.544726595282554626e-02,-2.595463208854198456e-02,6.764389574527740479e-03,1.196327432990074158e-01,3.926529735326766968e-02,1.453582011163234711e-02,-1.860458403825759888e-02,5.986233800649642944e-02,1.880467683076858521e-02,-1.450591161847114563e-02,-3.971874341368675232e-02,1.191304996609687805e-01,6.168549507856369019e-02,-2.574309706687927246e-01,-1.711975485086441040e-01,1.404196918010711670e-01,-6.901783868670463562e-03,3.160714507102966309e-01,1.075839772820472717e-01,5.821611359715461731e-02,-3.186647221446037292e-02,2.910440862178802490e-01,4.550013691186904907e-02,-3.012061305344104767e-02,-1.163001507520675659e-01,-1.748352944850921631e-01,-1.556915789842605591e-01,3.561522439122200012e-02,8.646215498447418213e-02,-1.068489998579025269e-02,1.173052564263343811e-01,2.601662650704383850e-02,6.542768329381942749e-02,1.339468955993652344e-01,1.159849092364311218e-01,-2.345953509211540222e-02,2.434320934116840363e-02,-3.385270014405250549e-02,-6.753665953874588013e-02,-2.556989900767803192e-02,3.852907940745353699e-02,1.466658860445022583e-01,6.435456871986389160e-02,7.143121957778930664e-02,7.488359510898590088e-02,4.548388123512268066e-01,3.506066203117370605e-01,2.016592621803283691e-01,1.708222329616546631e-01,2.274768203496932983e-01,3.676742613315582275e-01,-6.106941774487495422e-02,-6.461398152168840170e-05,8.160345256328582764e-02,7.534469664096832275e-02,2.400963157415390015e-01,4.610513523221015930e-02,1.066299602389335632e-01,1.932232975959777832e-01,1.543625444173812866e-01,7.049323990941047668e-03,-2.357269264757633209e-02,-6.424930412322282791e-03,1.519276052713394165e-01,1.466928143054246902e-02,7.207646965980529785e-02,5.315956100821495056e-02,4.468295082915574312e-04,2.045660912990570068e-01,2.880338430404663086e-01,1.546279937028884888e-01,1.149948462843894958e-01,-2.554375305771827698e-02
-1.872578412294387817e-01,-1.073116064071655273e-01,-6.406784802675247192e-02,5.042870715260505676e-02,5.744238495826721191e-01,6.244628429412841797e-01,1.258994638919830322e-01,2.400611340999603271e-01,6.118762493133544922e-01,9.999998211860656738e-01,6.091533601284027100e-02,2.899607121944427490e-01,1.635786592960357666e-01,1.640350371599197388e-01,3.715624809265136719e-01,4.775178730487823486e-01,-3.004731796681880951e-02,9.392861276865005493e-02,-9.269063919782638550e-02,-1.760653406381607056e-01,2.339681982994079590e-01,2.357121407985687256e-01,7.567882537841796875e-02,1.663196831941604614e-01,1.445524543523788452e-01,2.016043812036514282e-01,3.812326192855834961e-01,3.944419920444488525e-01,4.088013619184494019e-02,9.689322859048843384e-02,6.829579174518585205e-02,1.531572043895721436e-01,-2.238377556204795837e-02,2.954576397314667702e-03,3.062658198177814484e-02,-1.657683588564395905e-02,4.521850496530532837e-02,8.896961063146591187e-02,7.384423632174730301e-03,1.205058619379997253e-01,2.984884679317474365e-01,2.548006772994995117e-01,1.217004582285881042e-01,3.247778862714767456e-02,-2.241424098610877991e-02,-3.063856391236186028e-03,1.012894809246063232e-01,1.500545255839824677e-02,-1.118207946419715881e-01,-3.715557232499122620e-02,-3.045435622334480286e-02,-2.260487712919712067e-02,-5.809365585446357727e-02,-8.622483164072036743e-02,3.217599540948867798e-02,1.561252214014530182e-02,-1.434037983417510986e-01,-1.347293853759765625e-01,-1.684599183499813080e-02,6.382612884044647217e-02,1.191794723272323608e-01,1.929542720317840576e-01,3.784655779600143433e-02,-2.156912349164485931e-02,1.287125945091247559e-01,2.082346081733703613e-01,-6.389819085597991943e-02,-5.846003443002700806e-02,-9.773427248001098633e-02,-6.847503036260604858e-02,7.688658684492111206e-02,1.443834453821182251e-01,3.916937112808227539e-02,1.438944637775421143e-01,9.584368020296096802e-02,1.902744174003601074e-01,1.555789858102798462e-01,1.426441967487335205e-01,7.504863291978836060e-02,1.053137332201004028e-01,1.367789413779973984e-02,-3.350109793245792389e-03,-6.089733913540840149e-02,6.146465614438056946e-02,6.869824975728988647e-02,8.241813629865646362e-02,-3.959182649850845337e-02,1.464010495692491531e-02,3.383356332778930664e-01,4.442258477210998535e-01,2.283640503883361816e-01,1.797095537185668945e-01,3.152864575386047363e-01,1.590726822614669800e-01,1.871459186077117920e-02,5.631928890943527222e-02,2.426165714859962463e-02,9.775058925151824951e-02,1.907859891653060913e-01,1.850713044404983521e-03,9.026673436164855957e-02,3.639093413949012756e-02,1.575478315353393555e-01,-3.969781845808029175e-02,-6.367401685565710068e-03,-4.958957433700561523e-02,2.089750319719314575e-01,1.301311999559402466e-01,1.381271053105592728e-02,4.968222975730895996e-02,-2.770761772990226746e-02,2.292639762163162231e-01,2.192544937133789062e-01,7.095783017575740814e-03,6.161969900131225586e-02,3.316160291433334351e-02
3.020274639129638672e-01,-1.945725828409194946e-02,1.405408084392547607e-01,-9.478810429573059082e-02,1.223745271563529968e-01,2.501761913299560547e-02,2.365205734968185425e-01,9.320199023932218552e-04,1.422819197177886963e-01,6.091533601284027100e-02,9.999999403953552246e-01,3.928095400333404541e-01,5.937940478324890137e-01,4.328752160072326660e-01,3.538275063037872314e-01,2.139945328235626221e-01,3.528468906879425049e-01,2.918348908424377441e-01,8.308226615190505981e-02,-2.152557857334613800e-02,1.003049015998840332e-01,1.221965178847312927e-01,2.032066881656646729e-02,5.096556618809700012e-02,1.075451225042343140e-01,5.699435621500015259e-02,4.177811741828918457e-02,5.117367021739482880e-03,3.815068900585174561e-01,1.919395476579666138e-01,1.662764847278594971e-01,1.475883424282073975e-01,3.154687210917472839e-02,-2.458162140101194382e-03,1.082113534212112427e-01,3.153658285737037659e-02,1.532782018184661865e-01,6.447813659906387329e-02,5.811997875571250916e-02,9.261067956686019897e-02,2.442215085029602051e-01,2.067372649908065796e-01,2.335974387824535370e-02,1.411793231964111328e-01,-1.937732845544815063e-01,5.736517719924449921e-03,3.553188964724540710e-02,1.439559906721115112e-01,-2.544009126722812653e-03,-1.598074473440647125e-02,8.205381035804748535e-02,4.675251618027687073e-02,6.927261501550674438e-02,3.897228837013244629e-02,1.409552097320556641e-01,1.311048269271850586e-01,-1.169999036937952042e-02,-1.148715242743492126e-01,-3.075286932289600372e-02,-5.063487589359283447e-02,5.064708366990089417e-02,-9.979131072759628296e-02,3.492349982261657715e-01,2.701077759265899658e-01,-2.415179274976253510e-02,-2.366123497486114502e-01,-8.535099774599075317e-02,-1.065247654914855957e-01,-1.629445254802703857e-01,-2.036497294902801514e-01,2.160521596670150757e-01,2.321091890335083008e-01,3.089590668678283691e-01,3.224382102489471436e-01,1.856442242860794067e-01,2.220231741666793823e-01,2.330287545919418335e-01,1.242919638752937317e-01,1.798217743635177612e-01,1.464322805404663086e-01,3.034247457981109619e-01,1.161729693412780762e-01,-2.472304739058017731e-02,-3.013283573091030121e-02,2.726093530654907227e-01,6.815842539072036743e-02,-6.159655004739761353e-02,-4.494754225015640259e-02,2.137194424867630005e-01,4.672213457524776459e-03,7.664477825164794922e-02,1.583299189805984497e-01,-2.120928093791007996e-02,9.996002167463302612e-02,-4.310513287782669067e-02,-2.592500299215316772e-02,4.538732394576072693e-02,9.890867769718170166e-02,1.470305770635604858e-01,1.652527153491973877e-01,4.871608316898345947e-02,9.022101759910583496e-02,8.142393082380294800e-02,1.403415501117706299e-01,-4.894245648756623268e-04,-6.259182095527648926e-02,4.220810160040855408e-02,-3.152059391140937805e-02,-7.530309725552797318e-03,1.996674202382564545e-02,4.164387285709381104e-02,1.837278306484222412e-01,1.166160479187965393e-01,-3.290597721934318542e-02,-6.121717020869255066e-02,-6.479902565479278564e-02
-1.800736412405967712e-03,2.068544179201126099e-01,1.183515563607215881e-01,2.382834404706954956e-01,1.778700500726699829e-01,2.461943626403808594e-01,3.570599257946014404e-01,4.868487715721130371e-01,1.523565948009490967e-01,2.899607121944427490e-01,3.928095400333404541e-01,9.999998211860656738e-01,4.084460735321044922e-01,6.697016358375549316e-01,2.401113659143447876e-01,4.107584357261657715e-01,1.945106238126754761e-01,4.720057845115661621e-01,1.390742044895887375e-02,1.772645413875579834e-01,1.259983032941818237e-01,6.408986449241638184e-02,3.044327162206172943e-02,1.693127155303955078e-01,-6.449259072542190552e-02,9.455803781747817993e-03,-2.625694684684276581e-02,-6.276146322488784790e-02,3.081698715686798096e-01,4.497872292995452881e-01,2.280701696872711182e-01,2.782998979091644287e-01,2.281147539615631104e-01,3.539205789566040039e-01,-5.196485668420791626e-03,-5.380843579769134521e-02,-5.842117025167681277e-05,-9.385313838720321655e-02,-1.274361908435821533e-01,-8.128044754266738892e-02,2.786250412464141846e-01,2.071132361888885498e-01,1.463862806558609009e-01,7.334278523921966553e-02,-2.685925737023353577e-02,8.615423738956451416e-02,1.044773384928703308e-01,1.815524767152965069e-03,8.334165613632649183e-05,4.211426898837089539e-02,1.628398150205612183e-02,9.661757946014404297e-02,-8.636676520109176636e-02,-1.521862745285034180e-01,7.609201967716217041e-02,1.836008741520345211e-03,-5.783635005354881287e-02,-1.011217571794986725e-02,-2.834125421941280365e-02,2.141552120447158813e-01,6.624791771173477173e-02,3.201270997524261475e-01,4.459438025951385498e-01,5.656993985176086426e-01,-8.132084459066390991e-02,2.553600631654262543e-02,5.361886695027351379e-02,1.933591514825820923e-01,-5.440686643123626709e-02,3.558303043246269226e-02,-3.363168984651565552e-02,1.578213870525360107e-01,6.810165196657180786e-02,3.349241316318511963e-01,3.370668366551399231e-02,2.620430290699005127e-01,1.885160207748413086e-01,1.826574504375457764e-01,1.195938736200332642e-01,3.384795784950256348e-01,2.762615084648132324e-01,1.481318175792694092e-01,-3.693252056837081909e-02,-1.292279064655303955e-01,1.396024376153945923e-01,4.785637184977531433e-02,-1.747309863567352295e-01,-2.302431315183639526e-01,1.146881058812141418e-01,5.338786169886589050e-02,2.085724622011184692e-01,-2.235112246125936508e-03,2.338889092206954956e-01,-2.778796106576919556e-02,-8.431864529848098755e-02,-2.927102614194154739e-03,6.058971956372261047e-02,1.500089168548583984e-01,2.163596153259277344e-01,-3.386970236897468567e-02,2.926904857158660889e-01,2.103388682007789612e-02,3.061199784278869629e-01,2.108774185180664062e-01,1.350241899490356445e-01,-7.811614125967025757e-02,2.518871724605560303e-01,7.114177942276000977e-02,-1.066250354051589966e-01,3.809562185779213905e-03,-9.868075139820575714e-04,1.821278780698776245e-01,3.067536354064941406e-01,-1.636722590774297714e-04,-5.522160604596138000e-02,-6.369524449110031128e-02
1.454734802246093750e-01,3.938705474138259888e-02,3.427234888076782227e-01,6.212490051984786987e-02,1.294760704040527344e-01,-4.119250550866127014e-02,5.433372855186462402e-01,2.108603715896606445e-01,2.777303159236907959e-01,1.635786592960357666e-01,5.937940478324890137e-01,4.084460735321044922e-01,1.000000238418579102e+00,4.589662849903106689e-01,3.592123389244079590e-01,2.490424364805221558e-01,1.564103662967681885e-01,2.777417898178100586e-01,1.238845586776733398e-01,-8.483332395553588867e-02,5.264510959386825562e-02,1.091458350419998169e-01,2.374925315380096436e-01,2.483505904674530029e-01,1.272358596324920654e-01,7.626586407423019409e-02,-1.530283689498901367e-01,-1.822113394737243652e-01,2.516472041606903076e-01,2.458658367395401001e-01,2.665012478828430176e-01,2.208704650402069092e-01,-9.999129176139831543e-02,-8.330111950635910034e-02,8.885720744729042053e-03,-1.449117958545684814e-01,7.198328524827957153e-02,1.725320331752300262e-02,2.048056758940219879e-02,6.041120365262031555e-02,1.789690107107162476e-01,1.497610807418823242e-01,9.078811109066009521e-02,1.461344957351684570e-01,-1.207469105720520020e-01,3.633836284279823303e-02,1.029314845800399780e-01,1.523152440786361694e-01,5.178305506706237793e-02,6.482183188199996948e-02,1.822103112936019897e-01,1.335976868867874146e-01,1.884411722421646118e-01,1.846634447574615479e-01,1.671688258647918701e-01,1.682707518339157104e-01,-2.106086350977420807e-02,-3.333271667361259460e-02,1.622017621994018555e-01,9.020089358091354370e-02,2.453855127096176147e-01,-6.069058179855346680e-02,3.224857449531555176e-01,1.282997578382492065e-01,2.281585521996021271e-02,-2.013550400733947754e-01,-7.936617732048034668e-02,-2.155330628156661987e-01,-1.517986506223678589e-01,-1.503976583480834961e-01,1.076767519116401672e-01,2.134232670068740845e-01,1.371971219778060913e-01,3.335436284542083740e-01,2.659835666418075562e-02,8.408101648092269897e-02,1.838371604681015015e-01,1.232457756996154785e-01,1.215201616287231445e-01,1.426825970411300659e-01,2.293847352266311646e-01,1.213685944676399231e-01,-7.520192116498947144e-02,-5.788476765155792236e-02,2.858856916427612305e-01,8.759804069995880127e-02,-1.922810375690460205e-01,-1.547832936048507690e-01,3.647859990596771240e-01,1.810519397258758545e-01,1.123634353280067444e-01,2.039706110954284668e-01,4.696052893996238708e-02,1.199199482798576355e-01,-4.391254857182502747e-02,-5.720056965947151184e-02,-1.388045959174633026e-03,2.834739908576011658e-02,1.754645109176635742e-01,2.007328718900680542e-01,3.090165928006172180e-02,8.273985586129128933e-04,3.514319285750389099e-02,-9.607560932636260986e-03,-6.120184436440467834e-02,-8.944052457809448242e-02,5.946414172649383545e-02,-4.957706201821565628e-03,4.575074091553688049e-02,1.369182299822568893e-02,1.093718595802783966e-02,2.023723870515823364e-01,1.633643209934234619e-01,-8.737927675247192383e-02,-1.029852628707885742e-01,-8.443038165569305420e-02
