1.000000000000000000e+00,2.911548018455505371e-01,2.639872729778289795e-01,2.796577215194702148e-01,5.899371579289436340e-02,-6.900974549353122711e-03,4.620876610279083252e-01,1.692958772182464600e-01,7.542953640222549438e-02,4.718233272433280945e-02,5.455076694488525391e-01,1.589919477701187134e-01,5.612056851387023926e-01,2.430465631186962128e-02,2.586310505867004395e-01,1.391135752201080322e-01,2.278293520212173462e-01,3.115611374378204346e-01,3.147427439689636230e-01,2.426906228065490723e-01,1.249646767973899841e-01,4.651317372918128967e-02,4.957313835620880127e-02,3.676345804706215858e-03,8.432791382074356079e-02,5.132580921053886414e-02,1.097584813833236694e-01,2.073626779019832611e-02,2.228468656539916992e-01,1.249419972300529480e-01,5.908711627125740051e-02,-6.883683963678777218e-04,2.118072062730789185e-01,1.195253431797027588e-01,2.199216187000274658e-02,-1.432735938578844070e-02,2.587156891822814941e-01,1.721027344465255737e-01,6.946226954460144043e-02,6.107487529516220093e-02,2.025310099124908447e-01,1.416267752647399902e-01,2.195667475461959839e-01,1.952301710844039917e-01,-2.807942032814025879e-01,-1.862158477306365967e-01,2.086082845926284790e-01,9.797679632902145386e-02,1.983420401811599731e-01,6.560939946211874485e-04,2.098018229007720947e-01,8.456375449895858765e-03,2.184428721666336060e-01,-6.616253405809402466e-02,1.166386306285858154e-01,8.305387943983078003e-02,6.079565882682800293e-01,2.516029775142669678e-01,4.360450804233551025e-01,6.016548350453376770e-02,4.713493883609771729e-01,1.531368773430585861e-02,3.273803889751434326e-01,4.668115079402923584e-02,-2.145010419189929962e-02,-9.798795729875564575e-02,-2.267172932624816895e-02,-3.301829472184181213e-02,3.410571813583374023e-01,2.426391094923019409e-01,1.991873383522033691e-01,2.671940922737121582e-01,1.995646804571151733e-01,2.770307362079620361e-01,1.409706324338912964e-01,1.487196087837219238e-01,3.200939595699310303e-01,3.738200962543487549e-01,5.557009205222129822e-02,2.450506538152694702e-01,8.826050907373428345e-02,2.309288233518600464e-01,7.121544796973466873e-03,1.535725872963666916e-02,1.059576198458671570e-01,8.502119779586791992e-02,-1.449418440461158752e-02,-2.336823008954524994e-02,1.249495819211006165e-01,-2.945716865360736847e-02,-1.192461922764778137e-01,1.383690396323800087e-03,3.242078050971031189e-02,6.130129471421241760e-02,-7.998014241456985474e-02,-4.618011415004730225e-02,4.262940958142280579e-02,1.304804980754852295e-01,1.367080658674240112e-01,1.334728002548217773e-01,-1.256365478038787842e-01,-9.774663299322128296e-02,2.658252604305744171e-02,6.326941400766372681e-02,4.874475300312042236e-02,7.627155631780624390e-03,-4.998868331313133240e-02,-2.873155288398265839e-03,1.859076879918575287e-02,2.674910239875316620e-02,1.103009060025215149e-01,5.899814888834953308e-02,2.109303697943687439e-02,9.758312255144119263e-02,1.802139431238174438e-01,3.894468396902084351e-02
2.911548018455505371e-01,9.999998807907104492e-01,-5.265053734183311462e-02,2.546683847904205322e-01,-1.928793489933013916e-01,-1.022799387574195862e-01,4.593566805124282837e-02,3.315405249595642090e-01,-1.398711502552032471e-01,-1.574357040226459503e-02,1.115270033478736877e-01,4.209594130516052246e-01,7.563269138336181641e-02,2.912865579128265381e-01,-1.071274727582931519e-01,2.240564823150634766e-01,1.635418087244033813e-02,3.006519079208374023e-01,1.806693822145462036e-01,4.633722007274627686e-01,1.274513155221939087e-01,1.475235633552074432e-02,-1.538993716239929199e-01,2.658399343490600586e-01,-1.004528105258941650e-01,-3.542045131325721741e-02,-6.984903663396835327e-02,-3.259684890508651733e-02,1.838327646255493164e-01,2.004769295454025269e-01,-1.057125926017761230e-01,-4.887057468295097351e-02,2.832498550415039062e-01,3.591067790985107422e-01,-5.608385056257247925e-02,8.787889033555984497e-02,3.067903816699981689e-01,1.593410819768905640e-01,4.474385455250740051e-02,1.731698065996170044e-01,1.286153197288513184e-01,1.741448938846588135e-01,2.792291641235351562e-01,3.888284265995025635e-01,1.563903540372848511e-01,3.045490086078643799e-01,3.448238074779510498e-01,3.087094128131866455e-01,3.548592925071716309e-01,4.612063765525817871e-01,1.898860335350036621e-01,4.076193869113922119e-01,2.554525136947631836e-01,3.280363082885742188e-01,2.002499103546142578e-01,3.369666635990142822e-01,2.327021509408950806e-01,6.307986378669738770e-01,3.321305513381958008e-01,4.395018517971038818e-01,1.393028646707534790e-01,3.862993419170379639e-01,-3.274753689765930176e-02,4.422361850738525391e-01,-3.001416623592376709e-01,1.020636484026908875e-01,2.286138769704848528e-04,1.966462284326553345e-01,3.628931939601898193e-01,3.773894309997558594e-01,-6.341136759147047997e-04,5.064381659030914307e-02,2.595321238040924072e-01,2.348697632551193237e-01,1.789175570011138916e-01,2.673452198505401611e-01,1.574774235486984253e-01,2.019363790750503540e-01,1.565556079149246216e-01,2.766023576259613037e-01,1.173249110579490662e-01,4.332209229469299316e-01,1.246422678232192993e-01,3.612118363380432129e-01,-7.154473662376403809e-02,3.166967332363128662e-01,-5.391448363661766052e-02,1.007309779524803162e-01,-9.907239675521850586e-02,2.242897748947143555e-01,-9.370868653059005737e-02,2.128634974360466003e-02,-8.988750725984573364e-02,8.507220447063446045e-02,-1.168687827885150909e-02,3.261830285191535950e-02,9.885853528976440430e-02,1.780232340097427368e-01,2.055769860744476318e-01,1.560080498456954956e-01,-8.583392947912216187e-02,-4.458166286349296570e-02,1.389305293560028076e-01,8.635311573743820190e-02,1.405254751443862915e-01,1.422420609742403030e-02,-8.219889365136623383e-03,6.246203556656837463e-03,-3.898674389347434044e-03,-6.324323266744613647e-02,1.071464642882347107e-01,1.145212724804878235e-01,1.138508021831512451e-01,1.731638014316558838e-01,1.776579469442367554e-01,-1.602248102426528931e-02
2.639872729778289795e-01,-5.265053734183311462e-02,1.000000119209289551e+00,3.164761364459991455e-01,-4.995454102754592896e-02,-1.659835875034332275e-01,6.240810155868530273e-01,2.013437002897262573e-01,2.572729438543319702e-02,-2.026555538177490234e-01,2.839761078357696533e-01,-1.135988309979438782e-01,4.188812971115112305e-01,-1.448094248771667480e-01,3.194711506366729736e-01,-6.172893568873405457e-03,-1.942947506904602051e-02,4.082915559411048889e-02,3.219941854476928711e-01,9.590356051921844482e-02,5.106807500123977661e-02,2.960319072008132935e-02,6.511550545692443848e-01,3.417084217071533203e-01,9.880745410919189453e-02,9.523940086364746094e-02,1.391099393367767334e-01,-5.452080070972442627e-02,3.749887272715568542e-02,-4.252620786428451538e-02,3.265007734298706055e-01,2.207207977771759033e-01,5.639119446277618408e-02,5.179141089320182800e-02,2.571544349193572998e-01,1.077012568712234497e-01,1.843083500862121582e-01,1.746374368667602539e-01,2.089242190122604370e-01,5.910398066043853760e-02,4.726267606019973755e-02,4.524122551083564758e-02,1.039613690227270126e-02,-1.517394650727510452e-02,-2.278599888086318970e-01,-3.105345368385314941e-01,-5.475566163659095764e-02,-1.890466734766960144e-02,-1.512473076581954956e-01,-2.497156858444213867e-01,2.536953613162040710e-02,-1.152007579803466797e-01,5.723167583346366882e-02,4.007327184081077576e-02,3.550714254379272461e-02,-8.238173276185989380e-02,8.852253109216690063e-02,-4.583523422479629517e-02,-9.708583354949951172e-02,-2.547957003116607666e-01,-7.229910232126712799e-03,-1.854516714811325073e-01,3.792302682995796204e-02,-1.372143477201461792e-01,3.229160010814666748e-01,1.183863133192062378e-01,-6.384578347206115723e-02,-4.699682816863059998e-02,8.667839318513870239e-02,-5.766296386718750000e-02,2.809661924839019775e-01,2.617397606372833252e-01,1.568099409341812134e-01,1.492464393377304077e-01,1.951196640729904175e-01,2.068446874618530273e-01,2.602648735046386719e-01,2.574429214000701904e-01,-1.938793361186981201e-01,6.365675479173660278e-02,-2.391991764307022095e-01,-2.036544494330883026e-02,-2.777511021122336388e-03,-2.960802316665649414e-01,3.238175213336944580e-01,6.539531797170639038e-02,1.252926141023635864e-01,1.277905255556106567e-01,1.926311850547790527e-01,-1.430180370807647705e-01,-2.486761957406997681e-01,-6.762696057558059692e-02,1.812132596969604492e-01,1.347837150096893311e-01,1.525965239852666855e-02,1.138176321983337402e-01,2.431278303265571594e-02,1.458628177642822266e-01,-1.476796418428421021e-01,1.743633672595024109e-02,1.537086814641952515e-01,2.280926704406738281e-01,1.353064179420471191e-01,1.281054466962814331e-01,1.339825093746185303e-01,1.411797106266021729e-01,1.436157617717981339e-03,-9.240067750215530396e-02,-1.748910844326019287e-01,5.088415741920471191e-02,1.436036378145217896e-01,2.365953102707862854e-02,4.607969895005226135e-02,-3.576188534498214722e-02,1.721335351467132568e-01,2.649538815021514893e-01
2.796577215194702148e-01,2.546683847904205322e-01,3.164761364459991455e-01,1.000000000000000000e+00,-8.445432782173156738e-02,1.144679728895425797e-02,3.863776624202728271e-01,6.687365174293518066e-01,4.906044155359268188e-02,5.403207615017890930e-02,2.774856090545654297e-01,1.573061048984527588e-01,3.553196489810943604e-01,2.996833622455596924e-01,1.453998982906341553e-01,2.380989193916320801e-01,4.853864386677742004e-02,2.912266254425048828e-01,1.396580934524536133e-01,3.278740346431732178e-01,5.341915413737297058e-02,3.531450405716896057e-02,2.995532155036926270e-01,5.379606485366821289e-01,1.241643950343132019e-01,1.524363607168197632e-01,7.494337111711502075e-02,7.030601799488067627e-02,2.062363028526306152e-01,1.517587602138519287e-01,2.093925178050994873e-01,2.727252840995788574e-01,1.463585346937179565e-01,2.960424125194549561e-01,1.727730184793472290e-01,2.229802608489990234e-01,1.776098310947418213e-01,8.869651705026626587e-02,5.644221603870391846e-02,1.272518783807754517e-01,2.043730765581130981e-01,1.053637638688087463e-01,-4.555134475231170654e-02,-1.622289232909679413e-02,-1.623588353395462036e-01,-2.202706038951873779e-02,-6.271021813154220581e-02,-6.655733287334442139e-02,-1.130484417080879211e-01,-6.999953649938106537e-03,-2.058629505336284637e-02,1.626608818769454956e-01,-2.795962058007717133e-02,6.780977547168731689e-02,1.764611341059207916e-02,-1.341461110860109329e-02,1.827351599931716919e-01,2.088667601346969604e-01,7.966820895671844482e-02,1.384739130735397339e-01,1.635414361953735352e-01,1.786061078310012817e-01,4.485870152711868286e-02,1.251341700553894043e-01,1.869025081396102905e-01,3.223462402820587158e-01,6.558569520711898804e-02,2.849253118038177490e-01,3.480686843395233154e-01,2.101652473211288452e-01,1.502690166234970093e-01,2.357514053583145142e-01,2.342595756053924561e-01,2.844663262367248535e-01,7.685273140668869019e-02,1.434561312198638916e-01,2.653017342090606689e-01,3.060445189476013184e-01,6.068192422389984131e-02,2.506368756294250488e-01,-2.697117812931537628e-02,2.365973591804504395e-01,1.174549087882041931e-01,6.063490360975265503e-02,1.705134212970733643e-01,3.636032044887542725e-01,4.658240452408790588e-02,2.577690482139587402e-01,-7.416929118335247040e-03,9.318087995052337646e-02,-3.174811601638793945e-01,-8.085425011813640594e-03,4.445400461554527283e-02,8.991772681474685669e-02,-2.074941527098417282e-03,4.338429495692253113e-02,3.981892392039299011e-02,9.040924161672592163e-02,-8.521720767021179199e-02,6.151490379124879837e-03,1.173057779669761658e-01,1.153379827737808228e-01,2.108791619539260864e-01,2.124575823545455933e-01,2.545118629932403564e-01,1.047644317150115967e-01,3.661627694964408875e-02,-7.070889323949813843e-02,-4.020094126462936401e-02,-2.275445684790611267e-02,7.844178378582000732e-02,-4.424916207790374756e-02,6.065402179956436157e-02,3.108567744493484497e-02,1.515988260507583618e-01,1.092854216694831848e-01
5.899371579289436340e-02,-1.928793489933013916e-01,-4.995454102754592896e-02,-8.445432782173156738e-02,9.999998807907104492e-01,4.737985432147979736e-01,8.336993865668773651e-03,-2.170446664094924927e-01,4.611144065856933594e-01,4.288033545017242432e-01,9.599495679140090942e-02,2.370635047554969788e-02,4.516963381320238113e-03,-8.784666657447814941e-02,4.321950972080230713e-01,2.549982257187366486e-02,1.673669368028640747e-01,1.249100267887115479e-01,3.204382210969924927e-02,-1.258396804332733154e-01,5.819239839911460876e-02,8.834446966648101807e-02,2.416899241507053375e-02,-3.055636584758758545e-01,9.980687499046325684e-02,1.560484319925308228e-01,2.909112572669982910e-01,3.410715758800506592e-01,-7.021527737379074097e-02,-2.121004834771156311e-02,-8.975897729396820068e-02,-1.810315698385238647e-01,7.658451795578002930e-04,-1.406182944774627686e-01,-5.280673876404762268e-02,-4.959341138601303101e-02,-1.564308106899261475e-01,-3.120844960212707520e-01,-5.836135149002075195e-02,-1.162144914269447327e-02,1.362779294140636921e-03,-1.167069002985954285e-01,-7.732415944337844849e-02,-1.433682590723037720e-01,-1.306070387363433838e-01,-1.791030168533325195e-01,-8.236905932426452637e-02,-2.153922915458679199e-01,-7.751216739416122437e-02,-2.101711779832839966e-01,3.044892847537994385e-02,-2.810818254947662354e-01,-1.737413108348846436e-01,-2.585155665874481201e-01,-1.398330181837081909e-01,-8.761549741029739380e-02,1.452083587646484375e-01,-1.159059163182973862e-02,3.094335831701755524e-02,-2.143237888813018799e-01,4.776058718562126160e-02,-1.886593550443649292e-01,1.935827136039733887e-01,-1.722771823406219482e-01,1.517503857612609863e-01,-1.547626554965972900e-01,1.204090937972068787e-02,-1.348570138216018677e-01,-1.689644604921340942e-01,-5.360228195786476135e-02,3.367490693926811218e-02,-6.603320688009262085e-02,-1.602736711502075195e-01,-7.993233390152454376e-03,-1.566394567489624023e-01,-1.673602014780044556e-01,-8.456513285636901855e-02,-7.675484567880630493e-02,5.150790512561798096e-02,-9.528570622205734253e-02,4.500142112374305725e-02,-1.420781761407852173e-02,2.041677534580230713e-01,7.696530967950820923e-02,1.836538314819335938e-01,-1.629535406827926636e-01,2.002649009227752686e-01,1.432407796382904053e-01,1.249147504568099976e-01,-1.484938561916351318e-01,-8.905462175607681274e-02,6.248308718204498291e-02,-4.706829786300659180e-02,1.165580525994300842e-01,7.031286600977182388e-03,-5.373371765017509460e-02,-8.068735897541046143e-02,-1.006164774298667908e-01,2.162260375916957855e-02,4.681831225752830505e-03,-7.249976694583892822e-02,7.448583096265792847e-02,3.916780278086662292e-02,1.758280992507934570e-01,8.176726847887039185e-02,1.790044307708740234e-01,8.081027120351791382e-02,1.619162857532501221e-01,-3.097956441342830658e-02,1.569027751684188843e-01,-1.853493414819240570e-02,-2.024006247520446777e-01,-9.423305094242095947e-02,8.899093419313430786e-02,6.596684455871582031e-03,7.895918190479278564e-02
-6.900974549353122711e-03,-1.022799387574195862e-01,-1.659835875034332275e-01,1.144679728895425797e-02,4.737985432147979736e-01,1.000000000000000000e+00,-6.203352287411689758e-02,-4.671682789921760559e-02,5.070782899856567383e-01,5.136679410934448242e-01,1.178612336516380310e-01,1.123382151126861572e-01,5.559715628623962402e-02,1.166425943374633789e-01,3.154254257678985596e-01,3.904047906398773193e-01,1.558592319488525391e-01,2.301464527845382690e-01,-2.261609397828578949e-02,-2.429690025746822357e-02,4.695288464426994324e-02,2.130972146987915039e-01,-1.350882500410079956e-01,-1.996174156665802002e-01,2.488870918750762939e-01,3.918995261192321777e-01,2.313327193260192871e-01,5.104535222053527832e-01,5.374312773346900940e-02,1.416630446910858154e-01,-1.014871709048748016e-02,2.863454865291714668e-03,3.375812899321317673e-03,1.706706476397812366e-03,-1.303884536027908325e-01,1.016926113516092300e-02,-1.051438897848129272e-01,-4.657046124339103699e-02,-5.824260786175727844e-02,5.598547402769327164e-03,-7.878790795803070068e-02,3.545128181576728821e-02,-1.107855141162872314e-01,-9.868433699011802673e-03,-1.536996811628341675e-01,-8.681011199951171875e-02,-1.104094181209802628e-02,-8.139070868492126465e-02,-1.017095521092414856e-01,-1.262643337249755859e-01,-1.283086538314819336e-01,-1.416506618261337280e-01,2.049347758293151855e-02,-1.576245576143264771e-01,-6.651178002357482910e-02,6.491307169198989868e-02,7.652225345373153687e-02,6.351235508918762207e-02,-5.410859361290931702e-02,-4.625611752271652222e-02,-1.255903951823711395e-02,6.449116021394729614e-02,3.876775503158569336e-03,1.937801763415336609e-02,-2.666928246617317200e-02,-9.932015091180801392e-02,-9.066104888916015625e-02,-6.827527284622192383e-02,-1.370722651481628418e-01,2.575279027223587036e-02,-5.242644622921943665e-02,1.751076281070709229e-01,-1.106785163283348083e-01,1.192063689231872559e-01,-1.248770356178283691e-01,-7.383868098258972168e-02,8.764144149608910084e-04,9.896022081375122070e-02,1.884130015969276428e-02,1.176157370209693909e-01,6.573679298162460327e-02,2.623839378356933594e-01,7.608722895383834839e-02,1.562858372926712036e-01,-6.840217113494873047e-02,1.403301060199737549e-01,1.705588549375534058e-01,2.202018946409225464e-01,-4.483084194362163544e-03,8.534929901361465454e-02,5.961059778928756714e-02,1.076996177434921265e-01,-1.592650264501571655e-02,8.776190690696239471e-03,-1.007972955703735352e-01,-5.853728950023651123e-02,-6.188398972153663635e-02,-3.223692625761032104e-02,1.557857543230056763e-01,4.889471828937530518e-02,-1.412086635828018188e-01,-9.947459399700164795e-02,-1.758825220167636871e-02,6.775889545679092407e-02,-6.024556607007980347e-02,-2.226058021187782288e-02,7.159781455993652344e-02,2.728335186839103699e-02,4.039176926016807556e-02,-1.259901281446218491e-02,1.832196488976478577e-02,-2.868454344570636749e-02,-1.783777400851249695e-02,4.252035915851593018e-02,-7.368866354227066040e-02,3.199618309736251831e-02
4.620876610279083252e-01,4.593566805124282837e-02,6.240810155868530273e-01,3.863776624202728271e-01,8.336993865668773651e-03,-6.203352287411689758e-02,9.999996423721313477e-01,2.904491722583770752e-01,8.508196473121643066e-02,-1.081518307328224182e-01,4.527203738689422607e-01,1.702474430203437805e-03,5.466770529747009277e-01,-3.924817964434623718e-02,2.053102552890777588e-01,4.360890388488769531e-02,1.843439489603042603e-01,1.675093919038772583e-01,3.219739198684692383e-01,2.393462806940078735e-01,-4.783121123909950256e-02,-5.731026176363229752e-03,3.970693647861480713e-01,2.811191976070404053e-01,6.463807821273803711e-02,1.406086143106222153e-02,8.921398222446441650e-02,-7.196813076734542847e-02,2.435799092054367065e-01,1.513565238565206528e-02,3.080962896347045898e-01,3.050723671913146973e-01,2.460214793682098389e-01,1.638470143079757690e-01,7.925771176815032959e-02,2.160455845296382904e-02,2.195041179656982422e-01,1.580958366394042969e-01,1.732031404972076416e-01,2.855046652257442474e-02,1.343363672494888306e-01,5.216528475284576416e-02,1.011138707399368286e-01,4.520845040678977966e-02,-2.146519273519515991e-01,-2.186923623085021973e-01,8.231177181005477905e-02,4.904440790414810181e-02,1.168242562562227249e-02,-1.580408215522766113e-01,5.300982668995857239e-02,-4.750896617770195007e-02,1.282700002193450928e-01,5.098817497491836548e-02,8.707018196582794189e-02,2.164757065474987030e-02,3.087813258171081543e-01,5.304953083395957947e-02,1.471036225557327271e-01,-8.533187210559844971e-02,2.362758815288543701e-01,1.880367472767829895e-02,2.916011214256286621e-01,5.705527216196060181e-02,2.005963176488876343e-01,4.590003564953804016e-02,-7.346297055482864380e-02,-2.520585805177688599e-02,2.271646112203598022e-01,1.582379639148712158e-01,2.267066240310668945e-01,2.905327081680297852e-01,2.343468368053436279e-01,2.115434110164642334e-01,2.167796343564987183e-01,1.605951339006423950e-01,2.745796740055084229e-01,2.626400291919708252e-01,-1.077855378389358521e-01,8.083093166351318359e-02,2.021881565451622009e-02,5.582697689533233643e-02,-2.461231127381324768e-02,-2.097037285566329956e-01,1.443432271480560303e-01,-2.997613698244094849e-02,4.720298945903778076e-02,4.763949289917945862e-02,4.618685320019721985e-02,-1.126389354467391968e-01,-1.386821419000625610e-01,9.265726059675216675e-02,1.494675129652023315e-01,5.526303499937057495e-02,-1.845509372651576996e-02,9.081213735044002533e-03,6.769216060638427734e-02,2.068098932504653931e-01,7.471716403961181641e-02,1.711938530206680298e-01,1.306801289319992065e-01,7.775052636861801147e-02,1.725880354642868042e-01,1.382597684860229492e-01,1.657480746507644653e-01,3.698318824172019958e-02,4.759979248046875000e-02,-1.353206187486648560e-01,-9.061992168426513672e-02,6.201565265655517578e-02,1.391944736242294312e-01,1.166893392801284790e-01,1.093525663018226624e-01,5.318314954638481140e-02,1.408661305904388428e-01,1.869334429502487183e-01
1.692958772182464600e-01,3.315405249595642090e-01,2.013437002897262573e-01,6.687365174293518066e-01,-2.170446664094924927e-01,-4.671682789921760559e-02,2.904491722583770752e-01,1.000000357627868652e+00,3.062202408909797668e-02,2.565700933337211609e-02,2.517289519309997559e-01,3.716152608394622803e-01,3.311506211757659912e-01,5.088312029838562012e-01,3.992744162678718567e-02,2.920169532299041748e-01,-1.352341566234827042e-02,2.341638952493667603e-01,4.486062005162239075e-02,3.455156981945037842e-01,7.846997119486331940e-03,-1.553121861070394516e-02,1.295351237058639526e-01,5.234518647193908691e-01,1.911049336194992065e-02,5.090866610407829285e-02,-5.616563186049461365e-02,-3.216488519683480263e-03,2.033458203077316284e-01,2.002788335084915161e-01,1.141690909862518311e-01,2.273074388504028320e-01,1.732483059167861938e-01,2.872680425643920898e-01,1.622362993657588959e-02,6.595693528652191162e-02,2.029851675033569336e-01,1.204975172877311707e-01,3.601173684000968933e-02,1.000268086791038513e-01,1.823959201574325562e-01,1.190981343388557434e-01,-3.728579357266426086e-02,5.957283824682235718e-02,-7.075876742601394653e-02,1.304421275854110718e-01,1.092481706291437149e-02,5.309784784913063049e-02,-6.018321029841899872e-03,1.414536684751510620e-01,-5.360013619065284729e-02,3.066996634006500244e-01,7.932739704847335815e-02,2.221599072217941284e-01,9.211489558219909668e-02,5.464878678321838379e-02,3.680689260363578796e-02,1.457903981208801270e-01,9.133164584636688232e-02,2.629433870315551758e-01,1.622027605772018433e-01,2.882105708122253418e-01,7.280472666025161743e-02,2.518772482872009277e-01,1.202678680419921875e-01,1.511967033147811890e-01,5.144357681274414062e-03,2.490917593240737915e-01,2.356914579868316650e-01,2.081072479486465454e-01,1.691251248121261597e-01,1.789511293172836304e-01,2.297331094741821289e-01,2.559766173362731934e-01,1.156508401036262512e-01,2.360023856163024902e-01,1.978688687086105347e-01,2.829717397689819336e-01,2.320520766079425812e-02,3.052835166454315186e-01,1.115592941641807556e-02,3.048661053180694580e-01,7.570025324821472168e-02,1.575850397348403931e-01,1.375258993357419968e-02,3.900124132633209229e-01,7.672248873859643936e-03,1.475398540496826172e-01,-2.108781039714813232e-02,2.207512706518173218e-01,-2.005176395177841187e-01,-2.500180341303348541e-02,-8.996653556823730469e-02,-5.142496526241302490e-02,6.201714742928743362e-03,2.306058257818222046e-02,5.677118897438049316e-02,8.843924105167388916e-02,5.453675240278244019e-02,5.212271958589553833e-02,6.633013486862182617e-02,6.426715850830078125e-02,2.078391015529632568e-01,1.685224622488021851e-01,2.052801251411437988e-01,-8.951009251177310944e-03,4.808014258742332458e-02,-1.283159106969833374e-01,1.703561283648014069e-02,-4.060801491141319275e-02,-7.817672565579414368e-03,2.170533500611782074e-02,6.504898518323898315e-02,-6.051969528198242188e-02,5.139534175395965576e-02,4.704637825489044189e-02
7.542953640222549438e-02,-1.398711502552032471e-01,2.572729438543319702e-02,4.906044155359268188e-02,4.611144065856933594e-01,5.070782899856567383e-01,8.508196473121643066e-02,3.062202408909797668e-02,9.999997615814208984e-01,4.146136343479156494e-01,2.527667284011840820e-01,8.038917183876037598e-02,2.239131033420562744e-01,5.896552279591560364e-02,4.785718917846679688e-01,2.285836935043334961e-01,9.102346748113632202e-02,1.583783030509948730e-01,7.548642158508300781e-02,-1.025778334587812424e-02,1.980547606945037842e-02,4.675073549151420593e-02,1.542111765593290329e-02,-1.478020995855331421e-01,1.339593231678009033e-01,2.856442332267761230e-01,1.982345879077911377e-01,2.867718338966369629e-01,-3.766615316271781921e-02,-5.602564662694931030e-03,1.432726383209228516e-01,7.379399240016937256e-02,4.806335642933845520e-02,-3.200857713818550110e-02,-1.047023087739944458e-01,-4.124340787529945374e-02,-8.777257055044174194e-02,-1.651326417922973633e-01,-3.573969379067420959e-02,-1.124686524271965027e-01,-1.295837387442588806e-02,-2.741926535964012146e-02,-1.257768571376800537e-01,9.655412286520004272e-03,-1.063064560294151306e-01,-8.123506605625152588e-02,-1.300348993390798569e-02,6.854591891169548035e-03,-4.382470995187759399e-02,-1.071958169341087341e-01,-1.393570285290479660e-02,-1.864926218986511230e-01,-1.714318245649337769e-02,-1.156397014856338501e-01,-6.321814656257629395e-02,-1.306667476892471313e-01,4.565567895770072937e-02,-9.944510459899902344e-02,-2.439422300085425377e-03,-1.193417161703109741e-01,5.858762189745903015e-02,-1.719779521226882935e-02,1.198525577783584595e-01,-1.289660632610321045e-01,1.999698281288146973e-01,-1.399098038673400879e-01,-1.287638396024703979e-01,-1.097683310508728027e-01,-1.555460244417190552e-01,-1.560328062623739243e-03,5.817711725831031799e-02,1.376819163560867310e-01,-1.236645132303237915e-01,1.731623411178588867e-01,-5.262534320354461670e-02,5.073738098144531250e-02,4.453198984265327454e-02,1.711125075817108154e-01,-2.456207759678363800e-02,1.393307745456695557e-01,-3.681898489594459534e-02,1.872404515743255615e-01,5.159299448132514954e-02,-1.373590994626283646e-02,1.996044255793094635e-02,6.915842741727828979e-02,1.530780792236328125e-01,1.143355146050453186e-01,2.204259186983108521e-01,-1.092097833752632141e-01,1.361962128430604935e-02,2.913122996687889099e-02,4.331629350781440735e-02,5.170906707644462585e-02,-5.457359552383422852e-02,-5.268502235412597656e-02,-4.059188440442085266e-02,-5.768242850899696350e-02,1.630805879831314087e-01,9.833952784538269043e-02,5.413659289479255676e-02,9.025897085666656494e-02,5.342179536819458008e-02,1.479960530996322632e-01,1.639098860323429108e-02,6.884630024433135986e-02,3.031352348625659943e-02,-1.636347547173500061e-02,4.352509602904319763e-02,1.514350473880767822e-01,-2.221807837486267090e-03,-8.449032157659530640e-02,-2.213289961218833923e-02,-3.646662458777427673e-02,-7.353697717189788818e-02,8.810815960168838501e-02
4.718233272433280945e-02,-1.574357040226459503e-02,-2.026555538177490234e-01,5.403207615017890930e-02,4.288033545017242432e-01,5.136679410934448242e-01,-1.081518307328224182e-01,2.565700933337211609e-02,4.146136343479156494e-01,1.000000357627868652e+00,1.526920050382614136e-01,2.399586439132690430e-01,7.010457664728164673e-02,1.983882486820220947e-01,2.482285499572753906e-01,3.167879879474639893e-01,7.267716526985168457e-02,6.513161212205886841e-02,1.262796949595212936e-02,-1.099970750510692596e-02,4.252764210104942322e-02,1.619604378938674927e-01,-6.831021606922149658e-02,-9.070788323879241943e-02,1.700325608253479004e-01,2.408665716648101807e-01,1.909591853618621826e-01,3.208076357841491699e-01,5.470278114080429077e-02,1.039945185184478760e-01,-5.614596977829933167e-02,-5.683428049087524414e-02,1.406846288591623306e-02,-2.042459137737751007e-02,-1.720849424600601196e-01,-4.837385844439268112e-03,-5.035531148314476013e-02,-1.107392013072967529e-01,-9.173117578029632568e-02,1.566443033516407013e-02,3.853358700871467590e-02,-2.075663581490516663e-02,-6.608656793832778931e-02,-5.125566199421882629e-02,-8.245772868394851685e-02,-5.920590460300445557e-02,-1.537115406244993210e-02,-1.191013827919960022e-01,-5.315047875046730042e-02,-6.999915838241577148e-02,-1.168774068355560303e-01,-1.214548349380493164e-01,-6.796284019947052002e-02,-1.008625701069831848e-01,-8.690286427736282349e-02,-5.051149800419807434e-02,3.622500225901603699e-02,3.024459816515445709e-02,-1.514365244656801224e-02,2.384527772665023804e-02,4.988432675600051880e-02,1.279239803552627563e-01,-2.969482913613319397e-02,8.671903982758522034e-03,4.096909612417221069e-02,2.321846596896648407e-02,-1.160104796290397644e-01,-1.314538568258285522e-01,-3.651748225092887878e-02,-4.617013409733772278e-02,-1.121584400534629822e-01,2.274243906140327454e-02,-7.013128697872161865e-02,1.713919825851917267e-02,-1.002052873373031616e-01,-9.793040901422500610e-02,-3.675902262330055237e-02,4.488220065832138062e-02,7.085420936346054077e-02,7.350575178861618042e-02,3.122158721089363098e-02,1.613397896289825439e-01,6.115511804819107056e-02,9.985941648483276367e-02,-3.756045177578926086e-02,1.000508442521095276e-01,6.200642511248588562e-02,1.337398141622543335e-01,-3.911983221769332886e-02,3.546617180109024048e-02,-3.204578906297683716e-02,-1.938644424080848694e-02,-8.564586937427520752e-02,-8.380478620529174805e-02,-1.164560914039611816e-01,-4.628521949052810669e-02,-6.491645425558090210e-02,-3.841489180922508240e-02,6.948900222778320312e-02,-1.620101975277066231e-03,-1.530289202928543091e-01,-1.068780869245529175e-01,-9.776456654071807861e-02,-8.350949734449386597e-03,-4.466530680656433105e-02,-3.419944271445274353e-02,-5.688764899969100952e-02,-5.218688398599624634e-02,1.290631443262100220e-01,5.971138924360275269e-02,-1.767493598163127899e-02,-5.174131691455841064e-02,-8.673709630966186523e-02,-1.425174158066511154e-02,-5.828946828842163086e-02,-1.075152233242988586e-01
5.455076694488525391e-01,1.115270033478736877e-01,2.839761078357696533e-01,2.774856090545654297e-01,9.599495679140090942e-02,1.178612336516380310e-01,4.527203738689422607e-01,2.517289519309997559e-01,2.527667284011840820e-01,1.526920050382614136e-01,1.000000119209289551e+00,2.346566170454025269e-01,7.195860743522644043e-01,1.047763526439666748e-01,3.393297195434570312e-01,2.687044441699981689e-01,3.217194974422454834e-01,3.733852207660675049e-01,2.458211034536361694e-01,2.542385458946228027e-01,6.198155134916305542e-02,7.742085307836532593e-02,1.358582079410552979e-01,2.110529504716396332e-02,2.427431195974349976e-01,1.432373970746994019e-01,1.936350613832473755e-01,1.223380640149116516e-01,3.608281314373016357e-01,2.546056509017944336e-01,2.349377125501632690e-01,1.705409139394760132e-01,1.642805039882659912e-01,1.339621990919113159e-01,-2.033940702676773071e-02,-1.209028344601392746e-02,1.463711112737655640e-01,1.515415608882904053e-01,1.153764873743057251e-01,1.078416779637336731e-02,1.577485948801040649e-01,1.059058457612991333e-01,1.678894162178039551e-01,1.336241364479064941e-01,-1.390870064496994019e-01,-1.467891931533813477e-01,2.013268768787384033e-01,1.567858755588531494e-01,5.274338647723197937e-02,-9.658285975456237793e-02,2.733750734478235245e-03,-7.345219701528549194e-02,2.283329963684082031e-01,-1.094838753342628479e-01,8.360067009925842285e-02,-3.273005038499832153e-02,3.286931812763214111e-01,4.246985912322998047e-02,1.971365809440612793e-01,-2.727973461151123047e-02,2.779110074043273926e-01,-7.658141199499368668e-03,3.479713499546051025e-01,6.685600429773330688e-02,4.410815238952636719e-02,-1.784203648567199707e-01,-7.132484018802642822e-02,-6.723748892545700073e-02,2.162107825279235840e-01,1.723600924015045166e-01,1.485649794340133667e-01,3.460162580013275146e-01,1.434166729450225830e-01,3.687549233436584473e-01,4.976397380232810974e-02,2.063291668891906738e-01,3.406220972537994385e-01,4.584953784942626953e-01,1.142682787030935287e-02,3.907444775104522705e-01,1.170689910650253296e-01,3.528372645378112793e-01,-9.816421568393707275e-02,-4.783022776246070862e-02,2.493537031114101410e-03,1.795334666967391968e-01,4.921633005142211914e-02,7.802375406026840210e-02,1.309919059276580811e-01,5.587844643741846085e-03,-1.234403438866138458e-02,5.863590165972709656e-02,3.625571727752685547e-02,-3.937788307666778564e-02,-2.802613936364650726e-02,-1.871863938868045807e-02,3.639205917716026306e-02,5.724753066897392273e-02,1.290114074945449829e-01,1.522464454174041748e-01,-3.346806764602661133e-02,-6.453998386859893799e-02,2.485328353941440582e-02,2.657980099320411682e-02,-1.105617824941873550e-02,-9.677572548389434814e-02,-5.815520510077476501e-02,-1.081201210618019104e-01,6.253667175769805908e-02,7.796616107225418091e-02,9.097754210233688354e-02,8.960710465908050537e-02,2.677291817963123322e-02,-4.948937892913818359e-02,4.932963475584983826e-02,2.844185009598731995e-02
1.589919477701187134e-01,4.209594130516052246e-01,-1.135988309979438782e-01,1.573061048984527588e-01,2.370635047554969788e-02,1.123382151126861572e-01,1.702474430203437805e-03,3.716152608394622803e-01,8.038917183876037598e-02,2.399586439132690430e-01,2.346566170454025269e-01,9.999996423721313477e-01,1.660032123327255249e-01,5.701649785041809082e-01,6.715420633554458618e-02,3.396387398242950439e-01,6.338190287351608276e-02,2.844221591949462891e-01,-1.721954531967639923e-02,3.054625093936920166e-01,6.414666026830673218e-02,9.812083840370178223e-02,-1.980440467596054077e-01,1.556292176246643066e-01,4.287973977625370026e-03,-7.710005622357130051e-03,-3.602075576782226562e-02,1.346564441919326782e-01,2.824791669845581055e-01,4.627949297428131104e-01,-8.839023113250732422e-02,-1.004126816987991333e-01,1.812151521444320679e-01,2.474087774753570557e-01,-2.292366027832031250e-01,-8.803968131542205811e-02,1.243687346577644348e-01,1.374592036008834839e-01,-6.895732879638671875e-02,1.112489551305770874e-01,1.135610789060592651e-01,2.249250710010528564e-01,1.118526235222816467e-02,1.505883932113647461e-01,6.948390509933233261e-03,2.192878574132919312e-01,1.920421868562698364e-01,1.320135295391082764e-01,1.746380925178527832e-01,2.724106609821319580e-01,-6.552174221724271774e-03,2.439980953931808472e-01,1.285985559225082397e-01,1.829981207847595215e-01,1.070486083626747131e-01,2.035383880138397217e-01,-2.275088243186473846e-02,2.376825958490371704e-01,1.640679687261581421e-01,3.999348878860473633e-01,1.279125511646270752e-01,4.537145197391510010e-01,7.245860248804092407e-02,4.662946462631225586e-01,-1.189292594790458679e-01,-3.544101119041442871e-02,-1.710961759090423584e-01,4.880768433213233948e-02,1.760054677724838257e-01,2.315036058425903320e-01,-1.368112117052078247e-02,5.807661265134811401e-02,9.997454285621643066e-02,2.974503636360168457e-01,8.571825921535491943e-02,1.942767053842544556e-01,3.634089604020118713e-02,1.065994724631309509e-01,1.603251397609710693e-01,3.483774662017822266e-01,1.786947101354598999e-01,4.305151402950286865e-01,1.726915687322616577e-01,3.803378045558929443e-01,-7.713501900434494019e-02,2.912251651287078857e-01,-3.247311711311340332e-02,2.378683723509311676e-02,1.501747220754623413e-02,2.911920547485351562e-01,-6.087180227041244507e-03,1.136461421847343445e-01,-2.773058712482452393e-01,-3.734631463885307312e-02,6.499823927879333496e-02,3.259870037436485291e-02,9.751856327056884766e-02,1.577597707509994507e-01,2.881818115711212158e-01,1.734672784805297852e-01,-1.832543164491653442e-01,-4.489926621317863464e-02,8.432763069868087769e-02,1.258711367845535278e-01,-2.103655412793159485e-02,-6.240036711096763611e-02,-7.242329884320497513e-03,-2.531912736594676971e-02,1.229358166456222534e-01,6.553693860769271851e-02,-2.422754280269145966e-02,1.387383788824081421e-01,-2.070428454317152500e-04,7.578071206808090210e-02,4.487156111281365156e-04,-1.306596547365188599e-01
5.612056851387023926e-01,7.563269138336181641e-02,4.188812971115112305e-01,3.553196489810943604e-01,4.516963381320238113e-03,5.559715628623962402e-02,5.466770529747009277e-01,3.311506211757659912e-01,2.239131033420562744e-01,7.010457664728164673e-02,7.195860743522644043e-01,1.660032123327255249e-01,1.000000000000000000e+00,1.477553099393844604e-01,3.879404962062835693e-01,2.997361719608306885e-01,2.410870641469955444e-01,3.930817544460296631e-01,1.812481433153152466e-01,1.623948663473129272e-01,1.019963920116424561e-01,6.935463845729827881e-02,2.209557592868804932e-01,1.370566487312316895e-01,2.947265505790710449e-01,2.047674506902694702e-01,2.351095676422119141e-01,9.305547177791595459e-02,3.601011037826538086e-01,2.493200749158859253e-01,2.998808026313781738e-01,2.364350259304046631e-01,1.279269456863403320e-01,8.232443034648895264e-02,1.042706519365310669e-01,7.587088644504547119e-02,2.064666450023651123e-01,1.853046119213104248e-01,1.063980087637901306e-01,-1.606960222125053406e-02,1.807879060506820679e-01,1.375314444303512573e-01,1.700390875339508057e-01,1.695573627948760986e-01,-2.023603022098541260e-01,-1.641093492507934570e-01,1.441160440444946289e-01,1.611214280128479004e-01,1.392757333815097809e-02,-1.045552343130111694e-01,9.011087566614151001e-02,-3.473423048853874207e-02,2.200645059347152710e-01,-5.550386756658554077e-02,6.758159399032592773e-02,-4.663245007395744324e-02,3.126327693462371826e-01,1.819198019802570343e-02,1.315433084964752197e-01,-9.354794025421142578e-02,2.832475006580352783e-01,-5.724660679697990417e-02,2.598110437393188477e-01,-2.681683935225009918e-02,1.419575810432434082e-01,-9.856253862380981445e-02,-7.203976809978485107e-02,-8.362373337149620056e-03,1.721779853105545044e-01,1.251051872968673706e-01,2.680798172950744629e-01,4.328825473785400391e-01,1.366200596094131470e-01,3.718965649604797363e-01,1.440158337354660034e-01,2.405163049697875977e-01,4.244103729724884033e-01,5.334760546684265137e-01,-2.676631510257720947e-02,4.394464790821075439e-01,6.339631229639053345e-02,3.650459349155426025e-01,-7.686187326908111572e-02,-6.866970658302307129e-02,1.388082504272460938e-01,2.535791099071502686e-01,1.098301708698272705e-01,1.099980100989341736e-01,2.297128140926361084e-01,8.131839334964752197e-03,-6.542067229747772217e-02,-1.586450613103806973e-03,1.201825514435768127e-01,-7.164521142840385437e-03,-1.095930784940719604e-01,-6.375718861818313599e-02,-3.501170501112937927e-02,2.802329696714878082e-02,1.071620881557464600e-01,1.158498302102088928e-01,1.540712732821702957e-02,-3.508692607283592224e-02,7.027138024568557739e-02,6.724092364311218262e-02,1.195362955331802368e-02,-7.313831895589828491e-02,-3.282934054732322693e-02,-1.344738751649856567e-01,1.217815931886434555e-02,-1.688482053577899933e-02,5.612723156809806824e-02,1.053778231143951416e-01,2.646063081920146942e-02,-5.731197446584701538e-02,3.111395798623561859e-02,2.333674021065235138e-02
