9.999998211860656738e-01,7.015016078948974609e-01,1.653707027435302734e-01,4.729846715927124023e-01,1.868249922990798950e-01,2.807720005512237549e-01,3.718021214008331299e-01,4.882956445217132568e-01,2.076722532510757446e-01,2.528270483016967773e-01,7.005428671836853027e-01,6.064547300338745117e-01,1.944590061902999878e-01,3.313301205635070801e-01,1.335825920104980469e-01,3.344920277595520020e-01,4.537519216537475586e-01,5.718488693237304688e-01,2.785815596580505371e-01,4.707058966159820557e-01,3.458871543407440186e-01,3.931650817394256592e-01,-3.044954128563404083e-02,-6.261101365089416504e-02,1.555950641632080078e-01,2.555586099624633789e-01,2.688249945640563965e-01,2.271395176649093628e-01,4.920911788940429688e-01,4.726576209068298340e-01,4.228303432464599609e-01,3.898539841175079346e-01,4.082245230674743652e-01,4.612893462181091309e-01,2.640868425369262695e-01,2.613773345947265625e-01,5.421259999275207520e-01,3.743193149566650391e-01,4.573769867420196533e-01,3.009039759635925293e-01,5.041946768760681152e-01,5.284996628761291504e-01,4.046510756015777588e-01,3.637858629226684570e-01,3.906981647014617920e-01,4.082949757575988770e-01,3.731278181076049805e-01,2.980122566223144531e-01,3.289014995098114014e-01,4.038510322570800781e-01,3.696942925453186035e-01,2.994587123394012451e-01,3.381782174110412598e-01,2.235834747552871704e-01,5.428087711334228516e-01,4.207706451416015625e-01,7.317814826965332031e-01,5.941544175148010254e-01,6.521090269088745117e-01,5.426350831985473633e-01,5.501803755760192871e-01,4.913545250892639160e-01,6.473321914672851562e-01,5.910043120384216309e-01,5.488414168357849121e-01,5.441313982009887695e-01,5.485596656799316406e-01,5.259703993797302246e-01,3.071075081825256348e-01,-1.357959657907485962e-01,4.756214320659637451e-01,5.183942317962646484e-01,5.239521265029907227e-01,4.615890383720397949e-01,2.926924824714660645e-01,3.162527978420257568e-01,1.165664494037628174e-01,6.958115100860595703e-02,2.746746540069580078e-01,4.103599488735198975e-01,6.060754060745239258e-01,5.652576684951782227e-01,9.542310982942581177e-02,1.312381327152252197e-01,6.056497693061828613e-01,4.939508140087127686e-01,2.417478263378143311e-01,1.770872026681900024e-01,5.520182251930236816e-01,4.076949357986450195e-01,3.531078100204467773e-01,4.445694684982299805e-01,2.389574646949768066e-01,3.980035781860351562e-01,8.737490861676633358e-04,-5.656111985445022583e-03,1.655820608139038086e-01,7.678110152482986450e-02,2.617216408252716064e-01,3.891288638114929199e-01,4.733670037239789963e-03,3.825155794620513916e-01,-9.418825805187225342e-02,2.944893836975097656e-01,-9.762194752693176270e-02,8.947274833917617798e-02,3.301911754533648491e-03,1.221511960029602051e-01,4.125428199768066406e-02,1.166307106614112854e-01,2.917447984218597412e-01,2.077462375164031982e-01,1.882121413946151733e-01,1.763015389442443848e-01,-7.241894304752349854e-02,-1.018784791231155396e-01
7.015016078948974609e-01,9.999997615814208984e-01,6.922888755798339844e-02,3.072146177291870117e-01,2.428714185953140259e-01,3.981299996376037598e-01,1.898766160011291504e-01,3.393152654170989990e-01,2.967101335525512695e-01,2.744980156421661377e-01,5.739888548851013184e-01,6.863326430320739746e-01,8.453116565942764282e-02,3.731691837310791016e-01,2.072285115718841553e-01,3.104285895824432373e-01,5.271588563919067383e-01,6.549103260040283203e-01,1.080445796251296997e-01,2.706286609172821045e-01,3.263032138347625732e-01,4.103422164916992188e-01,1.018002703785896301e-01,1.867313170805573463e-03,1.165594607591629028e-01,2.153083831071853638e-01,2.606320679187774658e-01,2.478370517492294312e-01,3.637316524982452393e-01,3.975836038589477539e-01,3.564511835575103760e-01,3.868118822574615479e-01,4.087596535682678223e-01,5.252994298934936523e-01,2.918530702590942383e-01,3.144847750663757324e-01,4.132570922374725342e-01,3.793514966964721680e-01,4.229674339294433594e-01,3.271894156932830811e-01,4.309668838977813721e-01,4.754854142665863037e-01,4.904449582099914551e-01,5.053182840347290039e-01,3.753847479820251465e-01,5.555951595306396484e-01,4.062333405017852783e-01,4.335677325725555420e-01,4.394823014736175537e-01,5.631105899810791016e-01,4.319860339164733887e-01,5.180732607841491699e-01,4.175545573234558105e-01,3.220612704753875732e-01,4.622754156589508057e-01,5.036025047302246094e-01,7.413665056228637695e-01,8.253046870231628418e-01,6.728100776672363281e-01,6.903234720230102539e-01,6.296706199645996094e-01,6.703959107398986816e-01,6.347912549972534180e-01,6.933583021163940430e-01,6.363261342048645020e-01,6.939265131950378418e-01,6.639230847358703613e-01,7.044459581375122070e-01,2.776942253112792969e-01,1.110520362854003906e-01,3.998721539974212646e-01,4.497230350971221924e-01,4.382994174957275391e-01,4.028261601924896240e-01,3.120883405208587646e-01,3.229413330554962158e-01,1.033630669116973877e-01,9.162872284650802612e-02,3.090440034866333008e-01,3.728500902652740479e-01,5.956737399101257324e-01,6.577709317207336426e-01,2.075027376413345337e-01,2.664482593536376953e-01,5.664391517639160156e-01,6.790260076522827148e-01,2.610929906368255615e-01,2.629046738147735596e-01,4.571584761142730713e-01,5.639627575874328613e-01,3.521744012832641602e-01,5.424631237983703613e-01,2.275958061218261719e-01,5.125842690467834473e-01,-2.420160919427871704e-02,-1.829726994037628174e-02,7.602428644895553589e-02,9.321852028369903564e-02,1.784984767436981201e-01,4.495327770709991455e-01,4.696996416896581650e-03,4.913470149040222168e-01,-1.279319971799850464e-01,4.208426773548126221e-01,-1.667633056640625000e-01,6.319015473127365112e-02,4.190469533205032349e-02,1.469898223876953125e-01,7.616262882947921753e-02,1.255376040935516357e-01,2.673694491386413574e-01,2.093828022480010986e-01,2.605947852134704590e-01,1.637173146009445190e-01,-1.068348884582519531e-01,-1.735780686140060425e-01
1.653707027435302734e-01,6.922888755798339844e-02,1.000000357627868652e+00,5.285946130752563477e-01,-8.725146204233169556e-02,-9.244204312562942505e-02,4.856226444244384766e-01,2.722355723381042480e-01,1.868749596178531647e-02,5.705201625823974609e-02,1.044818162918090820e-01,1.027712747454643250e-01,1.555318981409072876e-01,1.403846144676208496e-01,-1.038890779018402100e-01,6.793992966413497925e-02,-2.993709966540336609e-02,-7.321383059024810791e-02,4.651769697666168213e-01,2.441008388996124268e-01,-6.550326198339462280e-02,-4.375002160668373108e-02,2.374653518199920654e-01,5.268052220344543457e-01,-5.182718858122825623e-03,-1.758311688899993896e-02,-1.552031189203262329e-01,-1.955097615718841553e-01,1.511026173830032349e-01,1.492775529623031616e-01,-1.190729811787605286e-02,3.382418677210807800e-02,2.538862824440002441e-01,2.731013596057891846e-01,4.538558796048164368e-02,-6.636402755975723267e-02,6.958653219044208527e-03,-1.334584057331085205e-01,-3.578899800777435303e-02,-8.144069463014602661e-02,2.482732571661472321e-02,-4.502624273300170898e-02,-1.120123895816504955e-03,-4.199061915278434753e-02,9.077014029026031494e-02,-9.438848495483398438e-02,3.949768841266632080e-02,-9.552510827779769897e-02,2.159830927848815918e-02,-4.866311326622962952e-02,-4.533220827579498291e-02,-9.363573789596557617e-02,-7.482499629259109497e-02,-1.214478909969329834e-01,-5.464066751301288605e-03,-1.378816962242126465e-01,3.757058829069137573e-02,8.074114099144935608e-03,9.136927872896194458e-02,1.137447357177734375e-01,1.024084910750389099e-01,8.442682772874832153e-02,-1.904095709323883057e-02,-2.775809913873672485e-02,3.187226364389061928e-03,1.305828336626291275e-02,2.073181867599487305e-01,1.745642274618148804e-01,-5.360154062509536743e-02,4.912386089563369751e-02,9.986748546361923218e-02,7.550130784511566162e-02,9.872694313526153564e-02,-2.500085718929767609e-02,1.178768947720527649e-01,6.189174205064773560e-02,-3.080921620130538940e-02,-7.123852521181106567e-02,-1.092271804809570312e-01,-6.816254556179046631e-02,-9.886600077152252197e-02,-1.384404301643371582e-01,1.943853348493576050e-01,7.728036493062973022e-02,-5.470976978540420532e-02,-1.623640954494476318e-01,8.182048052549362183e-02,2.107138931751251221e-02,-5.698247626423835754e-02,-9.953438490629196167e-02,-4.018276184797286987e-02,-6.732602417469024658e-02,-4.154228791594505310e-02,-6.653461605310440063e-02,-1.150665506720542908e-01,-2.338733524084091187e-01,-7.582116872072219849e-02,-2.046647816896438599e-01,-5.043603852391242981e-02,-1.200066283345222473e-01,-8.099330216646194458e-02,-1.004338935017585754e-01,-1.329703927040100098e-01,-4.795187339186668396e-02,-3.888605162501335144e-02,-3.606694936752319336e-02,-7.217562943696975708e-02,-9.534738957881927490e-03,-2.254002094268798828e-01,-9.787838906049728394e-02,-6.926954537630081177e-02,-4.973251745104789734e-02,-5.239046365022659302e-02,-8.137409389019012451e-02,4.969851113855838776e-03,-7.204710692167282104e-02
4.729846715927124023e-01,3.072146177291870117e-01,5.285946130752563477e-01,9.999999403953552246e-01,-1.229634433984756470e-01,5.291730631142854691e-03,6.587379574775695801e-01,6.820822954177856445e-01,4.166147485375404358e-02,2.654410004615783691e-01,3.215505778789520264e-01,3.148065805435180664e-01,2.555840015411376953e-01,2.697542309761047363e-01,-8.459118753671646118e-02,2.487597912549972534e-01,2.529765069484710693e-01,2.147765755653381348e-01,3.511031270027160645e-01,3.565324842929840088e-01,2.463939785957336426e-01,2.421306222677230835e-01,1.637793481349945068e-01,3.170499205589294434e-01,-1.424458622932434082e-01,-7.517483085393905640e-03,-1.573895514011383057e-01,-1.631931662559509277e-01,3.021146953105926514e-01,2.313109487295150757e-01,2.107726484537124634e-01,2.926115989685058594e-01,3.134687840938568115e-01,3.494005799293518066e-01,1.714259237051010132e-01,9.222053736448287964e-02,2.415954321622848511e-01,1.299701780080795288e-01,1.940095871686935425e-01,1.418779045343399048e-01,2.976365983486175537e-01,2.635220587253570557e-01,2.491395920515060425e-01,4.567128419876098633e-02,2.490071654319763184e-01,1.263570487499237061e-01,1.948359757661819458e-01,2.499034069478511810e-02,2.455606013536453247e-01,1.913845241069793701e-01,2.187437564134597778e-01,1.081101670861244202e-01,8.694890886545181274e-02,5.188355222344398499e-02,2.565869688987731934e-01,1.039658561348915100e-01,2.931355834007263184e-01,2.286194413900375366e-01,3.592035174369812012e-01,3.167849183082580566e-01,3.353005945682525635e-01,1.862301975488662720e-01,2.714773714542388916e-01,2.345755100250244141e-01,2.877352237701416016e-01,3.025373518466949463e-01,3.166704177856445312e-01,2.714815139770507812e-01,7.200313359498977661e-02,-1.901477426290512085e-01,3.495753109455108643e-01,3.213135898113250732e-01,3.165513873100280762e-01,2.277944087982177734e-01,2.353043556213378906e-01,2.369751483201980591e-01,-1.072811484336853027e-01,-1.515276581048965454e-01,7.664867211133241653e-03,1.452029943466186523e-01,3.018629550933837891e-01,2.235047966241836548e-01,5.832406133413314819e-02,8.791771531105041504e-02,3.006153404712677002e-01,1.355780214071273804e-01,1.197280883789062500e-01,9.128957986831665039e-02,3.168492913246154785e-01,1.412597000598907471e-01,1.144816949963569641e-01,1.377239227294921875e-01,1.082395762205123901e-01,1.412854045629501343e-01,-1.742350310087203979e-01,-2.587229013442993164e-01,-5.102161318063735962e-02,-1.848954856395721436e-01,3.269492834806442261e-02,5.509993806481361389e-02,-4.208890348672866821e-02,1.624860167503356934e-01,-1.179150938987731934e-01,9.925301373004913330e-02,-1.462840735912322998e-01,-7.448598742485046387e-02,-1.393709033727645874e-01,6.132859736680984497e-02,-2.205886244773864746e-01,-9.069884568452835083e-02,2.367461286485195160e-02,2.844669856131076813e-02,9.489273279905319214e-02,-7.392909843474626541e-03,-1.735211610794067383e-01,-1.656865626573562622e-01
1.868249922990798950e-01,2.428714185953140259e-01,-8.725146204233169556e-02,-1.229634433984756470e-01,1.000000238418579102e+00,6.506790518760681152e-01,-9.780151396989822388e-02,-8.858799189329147339e-02,2.652881145477294922e-01,6.445283442735671997e-02,1.897768527269363403e-01,2.243379652500152588e-01,-3.177477419376373291e-01,-2.649312373250722885e-03,4.042265117168426514e-01,1.416416168212890625e-01,1.568393111228942871e-01,3.130418956279754639e-01,-9.052638709545135498e-02,-8.832594752311706543e-02,1.012453585863113403e-01,9.316304326057434082e-02,3.073326647281646729e-01,1.816002130508422852e-01,4.458306431770324707e-01,6.262525916099548340e-01,7.529395818710327148e-01,7.587681412696838379e-01,2.574443817138671875e-01,2.936109006404876709e-01,3.120960295200347900e-01,2.460813820362091064e-01,9.945910423994064331e-02,2.044724971055984497e-01,1.552174687385559082e-01,1.563835889101028442e-01,1.903206855058670044e-01,6.296814233064651489e-02,1.461368650197982788e-01,4.950603097677230835e-02,1.702254414558410645e-01,1.793990731239318848e-01,1.953755021095275879e-01,3.064174652099609375e-01,2.284179031848907471e-01,3.820443451404571533e-01,1.670839190483093262e-01,1.263221651315689087e-01,2.147280126810073853e-01,2.916976511478424072e-01,2.532172203063964844e-01,2.738357484340667725e-01,2.273946851491928101e-01,1.755681037902832031e-01,2.043850719928741455e-01,1.002092882990837097e-01,3.215447366237640381e-01,3.044424653053283691e-01,2.172959446907043457e-01,2.049223780632019043e-01,2.755548357963562012e-01,3.190557658672332764e-01,3.530173301696777344e-01,3.715005517005920410e-01,2.981742918491363525e-01,2.871885895729064941e-01,1.905635446310043335e-01,1.976085454225540161e-01,8.257519453763961792e-02,7.494930177927017212e-02,-1.338260471820831299e-01,-1.043602153658866882e-01,6.596741825342178345e-02,5.444434285163879395e-02,-2.230732887983322144e-01,-1.469402015209197998e-01,4.012505412101745605e-01,4.254600703716278076e-01,3.499620854854583740e-01,3.296814560890197754e-01,2.742574214935302734e-01,2.774043381214141846e-01,1.311156898736953735e-01,1.676129102706909180e-01,3.029303252696990967e-01,3.273840546607971191e-01,1.098589003086090088e-01,2.192234545946121216e-01,9.544204920530319214e-02,2.151193320751190186e-01,1.749862730503082275e-01,2.634268999099731445e-01,9.653533995151519775e-02,2.734767794609069824e-01,6.742785125970840454e-02,2.319905906915664673e-01,1.808956563472747803e-01,9.838606417179107666e-02,9.543399512767791748e-02,1.720539629459381104e-01,2.296939305961132050e-02,2.243780940771102905e-01,-7.330430205911397934e-03,2.754602134227752686e-01,1.033113524317741394e-01,2.487858384847640991e-01,-1.247029677033424377e-01,-3.457571193575859070e-02,3.974182605743408203e-01,4.039562940597534180e-01,3.265383243560791016e-01,2.009575217962265015e-01,7.011933624744415283e-02,2.916502952575683594e-01,2.711019515991210938e-01,4.339939728379249573e-02
2.807720005512237549e-01,3.981299996376037598e-01,-9.244204312562942505e-02,5.291730631142854691e-03,6.506790518760681152e-01,1.000000000000000000e+00,-1.443893015384674072e-01,7.639717310667037964e-02,3.172139823436737061e-01,3.613211512565612793e-01,2.380545139312744141e-01,3.322295844554901123e-01,-2.575454413890838623e-01,1.631151139736175537e-01,3.897225260734558105e-01,2.574295699596405029e-01,2.236228436231613159e-01,3.351023793220520020e-01,-2.501531317830085754e-02,3.215836733579635620e-02,7.930608838796615601e-02,1.147668212652206421e-01,3.111795485019683838e-01,1.390014588832855225e-01,4.182032644748687744e-01,5.464957356452941895e-01,6.035634279251098633e-01,6.415971517562866211e-01,2.301195710897445679e-01,2.936984300613403320e-01,2.934402823448181152e-01,2.952448725700378418e-01,1.313539296388626099e-01,2.583924233913421631e-01,2.092880457639694214e-01,1.819991022348403931e-01,2.151085585355758667e-01,1.572581231594085693e-01,1.474836319684982300e-01,1.074317395687103271e-01,1.687671989202499390e-01,2.629905641078948975e-01,4.331714212894439697e-01,4.076942801475524902e-01,4.155688285827636719e-01,4.755041301250457764e-01,2.679286897182464600e-01,1.812179982662200928e-01,4.603377580642700195e-01,4.916664958000183105e-01,4.611805379390716553e-01,4.454041421413421631e-01,3.802278935909271240e-01,3.036202490329742432e-01,2.457573264837265015e-01,1.642418354749679565e-01,4.204643070697784424e-01,4.192706942558288574e-01,3.392727375030517578e-01,3.856579661369323730e-01,4.015460312366485596e-01,3.865329623222351074e-01,4.599952995777130127e-01,4.235154986381530762e-01,4.135143160820007324e-01,4.077705144882202148e-01,2.891555726528167725e-01,3.075427114963531494e-01,1.498389691114425659e-01,6.248319521546363831e-02,2.083450369536876678e-02,3.143779188394546509e-02,1.193396598100662231e-01,1.576881855726242065e-01,-1.216769739985466003e-01,-1.716873981058597565e-02,2.427635490894317627e-01,2.297143340110778809e-01,3.131694495677947998e-01,3.148438930511474609e-01,3.630549013614654541e-01,3.617557585239410400e-01,9.168720245361328125e-02,1.478552222251892090e-01,3.759340345859527588e-01,4.348183274269104004e-01,9.625807404518127441e-02,3.247013688087463379e-01,2.306437790393829346e-01,3.297034204006195068e-01,2.269992530345916748e-01,3.957780003547668457e-01,1.734049916267395020e-01,4.110425114631652832e-01,-9.179049171507358551e-03,1.357757002115249634e-01,5.629171803593635559e-02,8.327648043632507324e-03,4.675602540373802185e-02,2.132098376750946045e-01,-4.704340919852256775e-02,3.680147826671600342e-01,-1.808720082044601440e-01,2.872673273086547852e-01,-1.304554939270019531e-01,8.099523186683654785e-02,1.821148395538330078e-02,1.283331662416458130e-01,2.549369335174560547e-01,1.920688897371292114e-01,2.312448471784591675e-01,1.842242032289505005e-01,1.831280142068862915e-01,3.032029271125793457e-01,4.973737522959709167e-02,-1.509514451026916504e-01
3.718021214008331299e-01,1.898766160011291504e-01,4.856226444244384766e-01,6.587379574775695801e-01,-9.780151396989822388e-02,-1.443893015384674072e-01,9.999999403953552246e-01,5.534386634826660156e-01,-4.452051129192113876e-03,6.103481166064739227e-03,2.975724041461944580e-01,2.427341341972351074e-01,4.285430312156677246e-01,2.050329595804214478e-01,-1.027871593832969666e-01,4.281939566135406494e-02,6.722535938024520874e-02,1.055302098393440247e-01,1.524937897920608521e-01,1.908532977104187012e-01,2.103445529937744141e-01,1.774514913558959961e-01,2.312968075275421143e-01,1.896158158779144287e-01,-2.290306985378265381e-01,-7.084479928016662598e-02,-1.516985297203063965e-01,-1.115709543228149414e-01,2.177071124315261841e-01,1.397704929113388062e-01,1.686644405126571655e-01,2.297667413949966431e-01,8.554852008819580078e-02,1.263614892959594727e-01,2.249233610928058624e-02,4.475824162364006042e-02,9.321472048759460449e-02,-8.534320443868637085e-02,1.148823201656341553e-01,5.777843296527862549e-02,2.253035604953765869e-01,1.170910447835922241e-01,3.936514258384704590e-02,-7.335749268531799316e-02,4.163058474659919739e-02,2.290664799511432648e-02,1.070671062916517258e-02,-7.313156872987747192e-02,1.335060596466064453e-02,-1.425887749064713717e-04,1.307564228773117065e-02,-2.955358475446701050e-02,5.192478187382221222e-03,-8.857273310422897339e-02,1.127721294760704041e-01,-4.131457582116127014e-02,1.926486939191818237e-01,1.694802492856979370e-01,2.573793530464172363e-01,2.124346792697906494e-01,1.602931618690490723e-01,1.213487535715103149e-01,9.493198990821838379e-02,8.991454541683197021e-02,1.503740996122360229e-01,1.487262248992919922e-01,2.158023267984390259e-01,1.852675676345825195e-01,1.096632555127143860e-01,1.126083359122276306e-02,1.594185382127761841e-01,1.745372116565704346e-01,1.475707590579986572e-01,8.060088753700256348e-02,9.677994251251220703e-02,1.211746111512184143e-01,-8.178899437189102173e-02,-1.115924417972564697e-01,-6.608949601650238037e-02,-1.397110894322395325e-02,1.047674342989921570e-01,2.411038801074028015e-02,1.004607081413269043e-01,2.625781483948230743e-02,1.064579859375953674e-01,-1.615648344159126282e-02,5.157370120286941528e-03,-3.350439667701721191e-02,8.617956936359405518e-02,-1.755968108773231506e-02,-2.438307739794254303e-02,-2.032130211591720581e-02,-6.823045015335083008e-02,1.891265437006950378e-02,-1.648512333631515503e-01,-2.346422374248504639e-01,-4.779777303338050842e-02,-1.908790022134780884e-01,-7.905447483062744141e-02,-8.520393073558807373e-02,-6.472362577915191650e-02,1.839466020464897156e-02,-1.018389984965324402e-01,-8.398051373660564423e-03,-1.449156999588012695e-01,-2.111205309629440308e-01,-1.616528183221817017e-01,-7.386525161564350128e-03,-1.168886348605155945e-01,3.490412235260009766e-02,2.380376681685447693e-03,1.411931496113538742e-02,-3.086404874920845032e-02,-1.048874780535697937e-01,-1.985984593629837036e-01,-1.852505058050155640e-01
4.882956445217132568e-01,3.393152654170989990e-01,2.722355723381042480e-01,6.820822954177856445e-01,-8.858799189329147339e-02,7.639717310667037964e-02,5.534386634826660156e-01,9.999999403953552246e-01,5.680187046527862549e-02,2.880704998970031738e-01,4.246120750904083252e-01,4.093110561370849609e-01,3.246265351772308350e-01,4.934956729412078857e-01,-1.101443246006965637e-01,2.611568570137023926e-01,2.356744855642318726e-01,2.393349707126617432e-01,1.209438517689704895e-01,3.272941112518310547e-01,1.146033480763435364e-01,9.634100645780563354e-02,1.010682657361030579e-01,1.082132011651992798e-01,2.174066379666328430e-02,1.622203886508941650e-01,-4.845415800809860229e-02,-6.639119237661361694e-02,2.430260032415390015e-01,3.122074306011199951e-01,1.382154971361160278e-01,2.099831402301788330e-01,1.291990131139755249e-01,1.907449960708618164e-01,6.568484753370285034e-02,6.434015929698944092e-02,2.152529954910278320e-01,1.351201534271240234e-01,8.907579630613327026e-02,2.749615721404552460e-02,2.428413182497024536e-01,3.290044963359832764e-01,2.037196159362792969e-01,4.867973923683166504e-02,2.997603118419647217e-01,1.490901261568069458e-01,7.062493264675140381e-02,-3.837205469608306885e-02,2.529475390911102295e-01,2.496250569820404053e-01,2.052666246891021729e-01,9.812398254871368408e-02,1.986705698072910309e-02,6.484752148389816284e-02,1.867532879114151001e-01,6.591106206178665161e-02,3.265495300292968750e-01,2.441022992134094238e-01,4.312524795532226562e-01,3.626374006271362305e-01,3.402678966522216797e-01,1.684889197349548340e-01,3.205633461475372314e-01,2.546434998512268066e-01,3.737887144088745117e-01,3.171044588088989258e-01,3.273382186889648438e-01,2.346035540103912354e-01,9.399883449077606201e-02,-2.058678865432739258e-01,3.175068795680999756e-01,3.252628147602081299e-01,2.860919535160064697e-01,1.983525454998016357e-01,5.823404714465141296e-02,7.506199926137924194e-02,-1.602604538202285767e-01,-2.323669940233230591e-01,5.524417012929916382e-02,1.700985431671142578e-01,2.844328582286834717e-01,2.769924104213714600e-01,4.158079624176025391e-02,7.632691413164138794e-02,2.518458962440490723e-01,1.582155078649520874e-01,1.383045464754104614e-01,1.161567196249961853e-01,2.629819512367248535e-01,1.290685832500457764e-01,1.061297859996557236e-02,9.706680476665496826e-02,1.555872429162263870e-02,8.944838494062423706e-02,-1.703520566225051880e-01,-1.910789012908935547e-01,-1.395938843488693237e-01,-1.994659006595611572e-01,-4.859337955713272095e-02,-1.977640017867088318e-02,-1.219662651419639587e-01,1.402848213911056519e-01,-1.248067617416381836e-01,1.134153828024864197e-01,-1.311960816383361816e-01,-9.547928720712661743e-02,-5.646202713251113892e-02,1.223991885781288147e-01,-1.726713627576828003e-01,-1.544921100139617920e-01,-8.793301880359649658e-02,-1.503880023956298828e-01,-7.887794822454452515e-02,-4.502656310796737671e-02,-1.553163975477218628e-01,-1.243315562605857849e-01
2.076722532510757446e-01,2.967101335525512695e-01,1.868749596178531647e-02,4.166147485375404358e-02,2.652881145477294922e-01,3.172139823436737061e-01,-4.452051129192113876e-03,5.680187046527862549e-02,1.000000119209289551e+00,5.863769054412841797e-01,2.681470811367034912e-01,1.979630440473556519e-01,1.340467482805252075e-01,2.788552939891815186e-01,6.110702753067016602e-01,3.062537908554077148e-01,6.791909784078598022e-02,1.601057946681976318e-01,5.699136108160018921e-02,-2.668055705726146698e-02,1.136335209012031555e-01,1.631061583757400513e-01,1.179659739136695862e-01,2.059839069843292236e-01,5.273035541176795959e-02,2.182648032903671265e-01,9.313141554594039917e-02,6.065647676587104797e-02,2.164546847343444824e-01,1.196704953908920288e-01,1.247699186205863953e-01,2.072259038686752319e-01,1.565070897340774536e-01,6.498182564973831177e-02,2.109656333923339844e-01,1.706166118383407593e-01,8.593125641345977783e-02,3.844597563147544861e-02,5.829086154699325562e-02,5.116090178489685059e-02,1.337156593799591064e-01,4.533275216817855835e-02,4.388774335384368896e-01,4.001426100730895996e-01,3.557847440242767334e-01,4.019087851047515869e-01,3.325397968292236328e-01,2.664634287357330322e-01,4.647332727909088135e-01,4.584466516971588135e-01,4.531053304672241211e-01,4.199450910091400146e-01,3.735966682434082031e-01,4.302586913108825684e-01,1.019159182906150818e-01,1.689790040254592896e-01,2.880093157291412354e-01,2.872205078601837158e-01,3.089182078838348389e-01,3.920352160930633545e-01,2.340829372406005859e-01,3.026832342147827148e-01,1.599133610725402832e-01,1.953508406877517700e-01,2.040728479623794556e-01,2.407955825328826904e-01,3.927395641803741455e-01,3.936837017536163330e-01,1.399197131395339966e-01,2.551047503948211670e-01,1.775330752134323120e-01,1.888173222541809082e-01,1.628645658493041992e-01,1.440310627222061157e-01,2.026757150888442993e-01,2.231508940458297729e-01,1.043803058564662933e-02,1.635865494608879089e-02,1.747287809848785400e-02,5.924586579203605652e-02,1.263426095247268677e-01,1.352743804454803467e-01,-4.318402148783206940e-03,-4.580272734165191650e-02,1.183844730257987976e-01,1.675893366336822510e-01,-1.898669637739658356e-02,-4.435210302472114563e-02,7.929538190364837646e-02,5.425035953521728516e-02,1.643243283033370972e-01,3.176434338092803955e-01,1.472499072551727295e-01,3.109900653362274170e-01,-8.932169526815414429e-02,-2.502361312508583069e-02,-3.393561765551567078e-02,-2.593003772199153900e-02,-2.929508127272129059e-02,1.402164250612258911e-01,-6.972351670265197754e-02,1.526274532079696655e-01,-1.373922079801559448e-01,6.531189382076263428e-02,-7.016127556562423706e-02,-1.175610814243555069e-02,-8.536583930253982544e-02,-2.187001891434192657e-02,5.084725469350814819e-02,1.724588684737682343e-02,6.062110513448715210e-02,8.912903815507888794e-02,7.182503491640090942e-02,-2.334114350378513336e-02,-1.314707100391387939e-01,-1.779278963804244995e-01
2.528270483016967773e-01,2.744980156421661377e-01,5.705201625823974609e-02,2.654410004615783691e-01,6.445283442735671997e-02,3.613211512565612793e-01,6.103481166064739227e-03,2.880704998970031738e-01,5.863769054412841797e-01,9.999994635581970215e-01,2.179030030965805054e-01,2.433815896511077881e-01,1.122242733836174011e-01,4.489566385746002197e-01,2.763592898845672607e-01,4.675374031066894531e-01,1.151002198457717896e-01,1.514231413602828979e-01,1.710630208253860474e-01,1.580537706613540649e-01,8.336179703474044800e-02,1.166093349456787109e-01,9.654670953750610352e-02,1.340847760438919067e-01,-1.012905035167932510e-02,1.311870664358139038e-01,-1.961270719766616821e-02,-1.169927511364221573e-02,9.213516116142272949e-02,1.747894287109375000e-01,1.328310072422027588e-01,2.383112162351608276e-01,1.674763560295104980e-01,1.288432180881500244e-01,2.960565090179443359e-01,2.076109349727630615e-01,1.601973474025726318e-01,1.020587906241416931e-01,5.100923031568527222e-02,8.301258087158203125e-02,1.314804106950759888e-01,1.288609504699707031e-01,5.232210755348205566e-01,3.071767091751098633e-01,4.513810873031616211e-01,3.052284419536590576e-01,3.918116986751556396e-01,1.541708856821060181e-01,5.228255987167358398e-01,4.008139967918395996e-01,5.155249238014221191e-01,3.884862065315246582e-01,4.107579886913299561e-01,4.368313252925872803e-01,2.179115563631057739e-01,1.523752957582473755e-01,2.896856069564819336e-01,2.583827972412109375e-01,2.758193612098693848e-01,3.261340260505676270e-01,3.391765654087066650e-01,2.677824795246124268e-01,2.499748021364212036e-01,2.162241637706756592e-01,1.977292299270629883e-01,2.387112379074096680e-01,3.161107599735260010e-01,2.798566222190856934e-01,2.836725711822509766e-01,1.109497398138046265e-01,2.670840919017791748e-01,2.480304390192031860e-01,1.574922055006027222e-01,1.675550043582916260e-01,1.987223774194717407e-01,2.411562055349349976e-01,-1.185396611690521240e-01,-1.089422702789306641e-01,5.509832128882408142e-02,7.743657380342483521e-02,1.728635728359222412e-01,1.603709161281585693e-01,-2.451075315475463867e-01,-1.111177727580070496e-01,1.440674364566802979e-01,1.539053022861480713e-01,-6.529559940099716187e-02,6.161572411656379700e-02,2.369736284017562866e-01,1.277815401554107666e-01,1.669983565807342529e-01,4.033582508563995361e-01,2.121329754590988159e-01,3.739994466304779053e-01,-1.269384026527404785e-01,-1.268382072448730469e-01,-1.396023780107498169e-01,-1.201173141598701477e-01,-6.010831147432327271e-02,1.205961853265762329e-01,-1.311189085245132446e-01,2.825176119804382324e-01,-2.542423903942108154e-01,1.214988902211189270e-01,-2.116124182939529419e-01,-1.106345206499099731e-01,-3.268174082040786743e-02,1.381790786981582642e-01,-1.723995357751846313e-01,-1.694322675466537476e-01,-4.564924910664558411e-02,7.574462145566940308e-02,1.026433855295181274e-01,5.289872735738754272e-02,-2.665324509143829346e-01,-3.182500004768371582e-01
7.005428671836853027e-01,5.739888548851013184e-01,1.044818162918090820e-01,3.215505778789520264e-01,1.897768527269363403e-01,2.380545139312744141e-01,2.975724041461944580e-01,4.246120750904083252e-01,2.681470811367034912e-01,2.179030030965805054e-01,9.999999403953552246e-01,7.196508049964904785e-01,3.528710007667541504e-01,5.106640458106994629e-01,1.594532132148742676e-01,3.789007067680358887e-01,5.415384173393249512e-01,5.637884140014648438e-01,1.759701669216156006e-01,2.434345483779907227e-01,3.523427844047546387e-01,3.790459930896759033e-01,9.989355504512786865e-02,1.101462543010711670e-01,1.908460557460784912e-01,2.730450332164764404e-01,2.365396916866302490e-01,1.964360922574996948e-01,5.033366084098815918e-01,5.854445099830627441e-01,4.627785086631774902e-01,4.437040686607360840e-01,3.352154195308685303e-01,3.921884894371032715e-01,2.947732508182525635e-01,2.680796384811401367e-01,5.820448994636535645e-01,4.316997826099395752e-01,5.257570147514343262e-01,4.146609008312225342e-01,5.303512215614318848e-01,5.822148323059082031e-01,3.327187001705169678e-01,3.161126971244812012e-01,3.387499153614044189e-01,3.736510574817657471e-01,3.234305083751678467e-01,2.439862042665481567e-01,3.308111429214477539e-01,3.749018907546997070e-01,2.527853846549987793e-01,2.393712401390075684e-01,2.675935029983520508e-01,8.456154167652130127e-02,5.537592768669128418e-01,4.281511902809143066e-01,6.310827732086181641e-01,5.362440347671508789e-01,6.198006272315979004e-01,5.128362178802490234e-01,5.415415167808532715e-01,5.156590938568115234e-01,5.029160380363464355e-01,5.082819461822509766e-01,4.267633855342864990e-01,4.152465760707855225e-01,5.981547236442565918e-01,5.199667215347290039e-01,1.957624852657318115e-01,7.105045486241579056e-03,4.954699277877807617e-01,5.547826290130615234e-01,5.837723016738891602e-01,5.756257176399230957e-01,3.378709256649017334e-01,4.084524512290954590e-01,1.579629033803939819e-01,1.621008813381195068e-01,2.980349063873291016e-01,3.449267745018005371e-01,5.661175251007080078e-01,4.988749921321868896e-01,2.125213593244552612e-01,2.770116031169891357e-01,4.985034167766571045e-01,4.477085173130035400e-01,3.659439682960510254e-01,3.022567033767700195e-01,5.071565508842468262e-01,4.176411926746368408e-01,2.326361984014511108e-01,3.314439356327056885e-01,7.388544082641601562e-02,2.227087020874023438e-01,1.405125409364700317e-01,9.802554547786712646e-02,2.490595281124114990e-01,1.347728073596954346e-01,2.382405996322631836e-01,3.358056545257568359e-01,-6.203436478972434998e-02,2.132877260446548462e-01,-1.749366670846939087e-01,1.835922598838806152e-01,-8.034577965736389160e-02,7.802750915288925171e-02,5.423014611005783081e-02,1.210025474429130554e-01,6.764350086450576782e-02,1.225270777940750122e-01,3.252225518226623535e-01,1.963531970977783203e-01,1.266612261533737183e-01,9.908123314380645752e-02,-9.970977902412414551e-02,-1.427405774593353271e-01
6.064547300338745117e-01,6.863326430320739746e-01,1.027712747454643250e-01,3.148065805435180664e-01,2.243379652500152588e-01,3.322295844554901123e-01,2.427341341972351074e-01,4.093110561370849609e-01,1.979630440473556519e-01,2.433815896511077881e-01,7.196508049964904785e-01,9.999997019767761230e-01,2.046833932399749756e-01,5.955415368080139160e-01,9.456903487443923950e-02,3.455213308334350586e-01,5.792657732963562012e-01,6.562923192977905273e-01,1.677669584751129150e-01,2.647178173065185547e-01,3.609769642353057861e-01,4.359368681907653809e-01,2.168194800615310669e-01,1.080190390348434448e-01,1.564490348100662231e-01,2.918578386306762695e-01,3.116428852081298828e-01,2.794235646724700928e-01,4.376366436481475830e-01,6.481997966766357422e-01,4.977705478668212891e-01,5.113706588745117188e-01,3.899496793746948242e-01,5.221315026283264160e-01,3.742999434471130371e-01,3.953519165515899658e-01,5.573585033416748047e-01,4.718276560306549072e-01,5.265603661537170410e-01,4.638637304306030273e-01,5.645804405212402344e-01,6.298541426658630371e-01,3.255897760391235352e-01,3.142260611057281494e-01,2.815389633178710938e-01,4.254351258277893066e-01,2.731028497219085693e-01,2.661227285861968994e-01,3.303677141666412354e-01,3.893684744834899902e-01,2.250860780477523804e-01,2.723516821861267090e-01,1.934035569429397583e-01,7.627512514591217041e-02,5.151578187942504883e-01,4.769222140312194824e-01,5.779876112937927246e-01,6.316866874694824219e-01,5.643962025642395020e-01,5.403660535812377930e-01,5.631006360054016113e-01,5.652125477790832520e-01,5.077706575393676758e-01,6.144196391105651855e-01,4.715623259544372559e-01,5.029913783073425293e-01,6.013350486755371094e-01,5.769068002700805664e-01,2.141717523336410522e-01,3.402917459607124329e-02,4.720064401626586914e-01,5.116245150566101074e-01,5.579714775085449219e-01,5.607511997222900391e-01,2.973146736621856689e-01,3.732340931892395020e-01,1.956031620502471924e-01,2.065989971160888672e-01,3.953721225261688232e-01,3.796133100986480713e-01,5.955597758293151855e-01,5.977764129638671875e-01,2.268501371145248413e-01,4.361671507358551025e-01,4.619794487953186035e-01,5.300959348678588867e-01,3.745615780353546143e-01,4.052825868129730225e-01,4.808185398578643799e-01,5.176394581794738770e-01,1.756870746612548828e-01,3.566011786460876465e-01,1.310666743665933609e-02,2.612224519252777100e-01,1.397564113140106201e-01,1.372392475605010986e-01,1.870679110288619995e-01,1.355264484882354736e-01,1.596473008394241333e-01,3.570718467235565186e-01,-9.192897379398345947e-02,3.130808770656585693e-01,-1.890447437763214111e-01,3.249435126781463623e-01,-9.982835501432418823e-02,1.129562556743621826e-01,1.064303517341613770e-01,2.230154871940612793e-01,1.008375063538551331e-01,1.295522302389144897e-01,3.172628581523895264e-01,2.058151066303253174e-01,1.195677593350410461e-01,1.746479421854019165e-01,-1.279200166463851929e-01,-1.940052956342697144e-01
1.944590061902999878e-01,8.453116565942764282e-02,1.555318981409072876e-01,2.555840015411376953e-01,-3.177477419376373291e-01,-2.575454413890838623e-01,4.285430312156677246e-01,3.246265351772308350e-01,1.340467482805252075e-01,1.122242733836174011e-01,3.528710007667541504e-01,2.046833932399749756e-01,9.999997615814208984e-01,4.230276942253112793e-01,-5.261339247226715088e-02,7.354473322629928589e-02,5.502168834209442139e-02,1.471910160034894943e-02,1.322028636932373047e-01,1.258976757526397705e-01,1.905981302261352539e-01,1.432283818721771240e-01,1.565227955579757690e-01,-1.072914339601993561e-02,-3.312973678112030029e-01,-2.572708725929260254e-01,-3.409230709075927734e-01,-3.241350948810577393e-01,1.388869583606719971e-01,1.337160915136337280e-01,1.143575087189674377e-01,1.594822853803634644e-01,3.772180527448654175e-02,-5.331302061676979065e-03,5.907124653458595276e-02,2.720123156905174255e-02,5.149728804826736450e-02,-5.951251462101936340e-02,8.724352717399597168e-02,1.223608776926994324e-01,1.433254927396774292e-01,1.035587564110755920e-01,2.554642967879772186e-02,-1.396903842687606812e-01,-4.714337736368179321e-02,-1.357862055301666260e-01,6.973564624786376953e-03,-1.009624600410461426e-01,2.242618612945079803e-02,-5.596455186605453491e-02,-8.473990857601165771e-02,-1.286867707967758179e-01,-9.015165269374847412e-02,-1.758406609296798706e-01,9.034597128629684448e-02,-1.640929281711578369e-02,6.677571684122085571e-02,7.452652603387832642e-02,1.434759348630905151e-01,1.598335802555084229e-01,5.064346641302108765e-02,5.102429166436195374e-02,-6.032003834843635559e-02,-6.871244311332702637e-02,-7.082159817218780518e-02,-4.043967649340629578e-02,2.171218842267990112e-01,1.705376207828521729e-01,1.941750943660736084e-01,1.518331617116928101e-01,2.606287598609924316e-01,2.551376819610595703e-01,1.764780730009078979e-01,1.812140941619873047e-01,1.845767498016357422e-01,1.950788497924804688e-01,-2.382956594228744507e-01,-2.686949372291564941e-01,-1.240383982658386230e-01,-1.728633791208267212e-01,-3.899240400642156601e-04,-9.830567985773086548e-02,3.929362446069717407e-02,4.565165564417839050e-02,-5.098417028784751892e-02,-1.516493111848831177e-01,1.512535065412521362e-01,4.403081163763999939e-02,9.837544709444046021e-02,-7.308752089738845825e-02,-1.144019365310668945e-01,-1.447448730468750000e-01,-1.181398630142211914e-01,-1.312615871429443359e-01,-1.041464805603027344e-01,-2.695688605308532715e-01,-1.363651733845472336e-02,-1.481655836105346680e-01,-7.994075119495391846e-02,-1.167706325650215149e-01,-1.212660223245620728e-01,-1.383965462446212769e-01,-1.524940729141235352e-01,-1.355409622192382812e-01,-1.211746409535408020e-01,-2.150540947914123535e-01,-3.435477986931800842e-02,-2.755894884467124939e-02,-2.334026247262954712e-01,-2.489148974418640137e-01,-8.542941510677337646e-02,-8.854626677930355072e-03,-1.092393323779106140e-01,-2.380682677030563354e-01,-2.777942419052124023e-01,-1.592404842376708984e-01
