1.000000119209289551e+00,4.957681298255920410e-01,2.849334180355072021e-01,-7.245382666587829590e-02,-1.374197900295257568e-01,-2.229137122631072998e-01,4.903542697429656982e-01,-1.172190979123115540e-01,-1.714566051959991455e-01,-2.162951827049255371e-01,4.671974182128906250e-01,2.878232896327972412e-01,2.637185752391815186e-01,-1.424850970506668091e-01,-8.596415817737579346e-02,-1.817775517702102661e-01,2.737970650196075439e-01,2.554072439670562744e-01,4.395900964736938477e-01,3.535303771495819092e-01,-1.082489043474197388e-01,-1.259494125843048096e-01,-2.004013955593109131e-01,-1.692194789648056030e-01,-2.492175996303558350e-01,-1.970002502202987671e-01,-1.955877393484115601e-01,-1.776964068412780762e-01,3.841095417737960815e-02,7.329268753528594971e-02,-2.249562293291091919e-01,-2.326939553022384644e-01,2.532086968421936035e-01,8.878694474697113037e-02,-1.793063431978225708e-01,-5.286201089620590210e-02,7.736954092979431152e-02,1.041016131639480591e-01,-1.013302989304065704e-02,9.724827110767364502e-02,-1.596115157008171082e-02,7.287629693746566772e-02,1.021890491247177124e-01,7.665481418371200562e-02,5.349145829677581787e-02,2.447690069675445557e-01,1.695705354213714600e-01,1.107593923807144165e-01,2.552073597908020020e-01,1.864466071128845215e-01,1.697338372468948364e-01,-2.118923142552375793e-02,8.569367229938507080e-02,-1.285332348197698593e-02,5.904328823089599609e-02,1.184076890349388123e-01,6.404972672462463379e-01,3.989020586013793945e-01,5.314074158668518066e-01,3.312184810638427734e-01,6.340647935867309570e-01,3.186516463756561279e-01,5.367635488510131836e-01,3.703681528568267822e-01,9.539582580327987671e-02,7.602307200431823730e-02,1.211086735129356384e-01,3.636606335639953613e-01,4.560585319995880127e-01,3.168984055519104004e-01,-1.619525551795959473e-01,-2.135361731052398682e-01,1.421828418970108032e-01,-3.476753458380699158e-02,5.222512781620025635e-02,6.905756145715713501e-02,1.785468608140945435e-01,-1.329447776079177856e-01,-7.313993573188781738e-02,2.172613143920898438e-01,2.209272533655166626e-01,7.536426931619644165e-02,-1.944334656000137329e-01,-3.261343389749526978e-02,-1.695424467325210571e-01,-1.562342792749404907e-01,-8.961319923400878906e-02,-1.013901233673095703e-01,9.178451448678970337e-02,-3.025352954864501953e-02,1.087553426623344421e-01,-5.662949010729789734e-02,-8.051987737417221069e-03,-2.146413028240203857e-01,2.533230744302272797e-02,5.354306474328041077e-02,-2.451705932617187500e-02,9.537009894847869873e-02,1.208287030458450317e-01,1.224523782730102539e-01,1.326274275779724121e-01,-1.443486362695693970e-01,2.102255672216415405e-01,1.473997533321380615e-01,1.928402930498123169e-01,1.831137090921401978e-01,5.514202266931533813e-02,1.510369777679443359e-01,-2.177411876618862152e-02,-2.206064201891422272e-02,-7.652379106730222702e-03,8.265698701143264771e-02,6.330893933773040771e-02,1.969759613275527954e-01,6.025899201631546021e-02,2.346472814679145813e-02
4.957681298255920410e-01,9.999997615814208984e-01,1.933075934648513794e-01,1.099802479147911072e-01,-9.155189245939254761e-02,-7.367095351219177246e-02,2.650313973426818848e-01,7.047875970602035522e-02,-2.368834912776947021e-01,-9.422836452722549438e-02,2.278926372528076172e-01,4.342982470989227295e-01,3.173508495092391968e-02,-2.417905256152153015e-02,-1.002276092767715454e-01,-3.104581125080585480e-02,9.029939770698547363e-02,3.896320462226867676e-01,3.794503509998321533e-01,5.084815025329589844e-01,-1.587893515825271606e-01,-1.149950772523880005e-01,-1.601690500974655151e-01,-4.561454430222511292e-02,-1.095607951283454895e-01,-4.805389046669006348e-02,-8.813446015119552612e-02,-8.815440535545349121e-02,-8.429731428623199463e-02,1.679496765136718750e-01,-1.739528924226760864e-01,-1.193420216441154480e-01,2.031954228878021240e-01,1.963015198707580566e-01,-1.901284009218215942e-01,-5.660439282655715942e-02,-1.407876759767532349e-01,5.030064657330513000e-02,-8.248934149742126465e-02,1.876755803823471069e-02,-4.325588420033454895e-02,-8.146920241415500641e-03,-6.784604396671056747e-03,-2.004570886492729187e-02,2.742541208863258362e-02,2.254033386707305908e-01,7.952824234962463379e-03,-6.043193489313125610e-02,2.194922566413879395e-01,2.425719499588012695e-01,6.185405422002077103e-03,-2.653287351131439209e-02,-1.095258910208940506e-02,-1.132539585232734680e-01,-1.107808202505111694e-02,9.192781150341033936e-02,4.737261235713958740e-01,7.060196399688720703e-01,4.528573453426361084e-01,4.904529452323913574e-01,4.545456171035766602e-01,4.951288104057312012e-01,3.558882176876068115e-01,5.499556660652160645e-01,-4.090448096394538879e-02,2.132064551115036011e-01,2.562341047450900078e-03,3.202487826347351074e-01,4.866053164005279541e-01,4.425996243953704834e-01,-2.138295024633407593e-01,-1.072783172130584717e-01,9.012477099895477295e-02,-2.162653766572475433e-02,3.117738477885723114e-02,1.843652874231338501e-02,7.187838200479745865e-03,-4.983420297503471375e-02,-2.388556450605392456e-01,2.239292263984680176e-01,4.821706935763359070e-02,1.471101492643356323e-01,-1.240386888384819031e-01,7.699835300445556641e-02,-2.862961590290069580e-01,-5.507040396332740784e-02,-4.091107845306396484e-02,9.362314641475677490e-02,-1.840822212398052216e-02,1.267485916614532471e-01,1.242915689945220947e-01,-1.026881039142608643e-01,7.578544318675994873e-02,-1.857973188161849976e-01,-5.954334512352943420e-02,-4.665366560220718384e-02,-1.497502475976943970e-01,-4.124343395233154297e-02,8.285793662071228027e-02,5.154386907815933228e-02,2.200743854045867920e-01,-1.161644980311393738e-01,2.464974671602249146e-01,1.697898805141448975e-01,9.137305617332458496e-02,1.499749422073364258e-01,-1.646358333528041840e-02,2.701839245855808258e-02,-5.699033383280038834e-03,-1.566331684589385986e-01,-2.119653224945068359e-01,-6.746836751699447632e-02,-1.658231206238269806e-02,1.741693019866943359e-01,4.954473301768302917e-02,-1.103555560111999512e-01
2.849334180355072021e-01,1.933075934648513794e-01,1.000000000000000000e+00,4.809303283691406250e-01,1.150596514344215393e-01,3.280710577964782715e-01,6.508865356445312500e-01,4.342981576919555664e-01,4.649272188544273376e-02,3.442948460578918457e-01,3.051148653030395508e-01,2.112147063016891479e-01,4.129137098789215088e-01,4.445751309394836426e-01,2.627094388008117676e-01,4.007637500762939453e-01,-4.487808048725128174e-02,-3.904420509934425354e-02,3.055632710456848145e-01,3.002300560474395752e-01,1.408666670322418213e-01,2.406978309154510498e-01,6.036956310272216797e-01,4.849150776863098145e-01,3.089540600776672363e-01,3.063797652721405029e-01,1.499659568071365356e-01,2.240903973579406738e-01,5.729326233267784119e-02,2.606453001499176025e-01,3.864123225212097168e-01,3.678215146064758301e-01,1.910884678363800049e-01,1.689629256725311279e-01,4.806625074706971645e-04,-3.485722094774246216e-02,8.319583535194396973e-02,-1.166227012872695923e-01,4.111196473240852356e-02,-2.807296514511108398e-01,2.220195084810256958e-01,-1.946202479302883148e-02,-5.192906782031059265e-02,-1.497958749532699585e-01,9.962930344045162201e-03,4.152937605977058411e-02,-1.356112957000732422e-01,-1.567888408899307251e-01,2.615386433899402618e-02,-2.035687677562236786e-02,-1.913675479590892792e-02,-3.841565549373626709e-02,-2.544713392853736877e-02,5.112347751855850220e-02,-3.405290096998214722e-02,-1.992814093828201294e-01,2.160157710313796997e-01,2.367385327816009521e-01,4.776960611343383789e-02,1.920732855796813965e-02,2.868551760911941528e-02,-3.613207116723060608e-02,3.412181138992309570e-02,1.043650042265653610e-02,2.247179299592971802e-01,5.256459116935729980e-03,7.806798815727233887e-02,-2.464438043534755707e-02,1.965898722410202026e-01,2.460966408252716064e-01,1.836733818054199219e-01,9.846732765436172485e-02,2.097219526767730713e-01,-9.048222005367279053e-02,4.032535552978515625e-01,-1.727234274148941040e-01,-1.052492633461952209e-01,1.081466525793075562e-01,-6.185023859143257141e-02,-3.044353984296321869e-02,-4.946151003241539001e-02,-1.104821637272834778e-01,1.277912557125091553e-01,2.906322181224822998e-01,8.120665699243545532e-02,-7.525844871997833252e-02,1.764085888862609863e-01,8.575300127267837524e-02,-5.027717724442481995e-02,-2.487813979387283325e-01,-1.236662417650222778e-01,-7.581198215484619141e-02,-4.772221297025680542e-02,-1.396525502204895020e-01,-2.425091154873371124e-02,-1.229840517044067383e-01,-1.811233907938003540e-01,-2.948516905307769775e-01,-6.773377209901809692e-02,-7.160700857639312744e-02,-6.239379569888114929e-02,2.828680723905563354e-02,-1.051238104701042175e-01,-4.186831042170524597e-02,-4.071915894746780396e-02,-9.419551491737365723e-02,-1.537687238305807114e-02,-1.102814003825187683e-01,-5.880045890808105469e-02,-1.139861643314361572e-01,-2.675689756870269775e-01,-1.554838865995407104e-01,-7.630685716867446899e-02,-2.087082900106906891e-02,-8.929813653230667114e-02,-1.519152522087097168e-01
-7.245382666587829590e-02,1.099802479147911072e-01,4.809303283691406250e-01,1.000000238418579102e+00,2.885571420192718506e-01,7.845140099525451660e-01,2.677313387393951416e-01,8.716842532157897949e-01,-2.487781457602977753e-02,8.039951920509338379e-01,-5.772515013813972473e-02,2.440925240516662598e-01,1.086837574839591980e-01,8.267572522163391113e-01,1.577266901731491089e-01,8.183482885360717773e-01,-2.995340526103973389e-02,-1.495891511440277100e-01,2.852232195436954498e-03,8.014740049839019775e-02,2.167685925960540771e-01,4.180752635002136230e-01,6.043902635574340820e-01,8.537095189094543457e-01,6.855047345161437988e-01,7.767973542213439941e-01,4.514749646186828613e-01,5.077021121978759766e-01,1.354332715272903442e-01,2.886285185813903809e-01,7.288588285446166992e-01,8.108278512954711914e-01,4.535246640443801880e-02,3.004202246665954590e-01,4.009966179728507996e-02,1.914410144090652466e-01,-1.960628926753997803e-01,-4.412469267845153809e-01,-1.663685142993927002e-01,-6.654201745986938477e-01,1.037523001432418823e-01,-3.321953117847442627e-01,-1.636246889829635620e-01,-2.611958980560302734e-01,-4.916206747293472290e-02,2.561877481639385223e-02,-2.142558395862579346e-01,-2.647448778152465820e-01,7.973627746105194092e-02,1.060014888644218445e-01,1.627490669488906860e-02,1.290164887905120850e-01,-1.026669591665267944e-01,3.090433217585086823e-02,-1.314380019903182983e-01,-5.088415741920471191e-01,-1.200453750789165497e-02,8.045741170644760132e-02,-2.005882328376173973e-03,1.070519015192985535e-01,-7.276616245508193970e-02,1.298683881759643555e-01,-1.473851352930068970e-01,-3.017790056765079498e-02,7.032679021358489990e-02,1.508131772279739380e-01,-1.491974592208862305e-01,-2.130655646324157715e-01,-7.775826752185821533e-02,7.157308980822563171e-03,3.644294142723083496e-01,5.314869880676269531e-01,1.782772243022918701e-01,-4.958887770771980286e-02,1.695716679096221924e-01,-3.609425723552703857e-01,-5.812780261039733887e-01,7.631534337997436523e-02,3.606517240405082703e-02,-3.237023651599884033e-01,-7.480958849191665649e-02,-3.660447597503662109e-01,2.073290944099426270e-01,1.287919431924819946e-01,-2.525949850678443909e-02,-1.348967552185058594e-01,1.263667643070220947e-01,-2.036511711776256561e-02,-7.677582651376724243e-02,-2.491181641817092896e-01,-1.601347327232360840e-01,-1.557471007108688354e-01,2.802068367600440979e-02,-1.273363381624221802e-01,-2.174083441495895386e-01,-3.582989871501922607e-01,-3.244259655475616455e-01,-6.278325915336608887e-01,-1.472704112529754639e-01,-2.916448414325714111e-01,3.311024978756904602e-02,6.132794171571731567e-02,-8.060957491397857666e-02,-9.820754081010818481e-02,-2.445123940706253052e-01,-2.763161957263946533e-01,-1.300427615642547607e-01,-3.281983435153961182e-01,-1.444725394248962402e-01,-2.773469686508178711e-01,-3.963601887226104736e-01,-2.564811408519744873e-01,-1.799626946449279785e-01,-1.116518303751945496e-01,-1.982181221246719360e-01,-3.618104457855224609e-01
-1.374197900295257568e-01,-9.155189245939254761e-02,1.150596514344215393e-01,2.885571420192718506e-01,9.999997019767761230e-01,4.732026755809783936e-01,5.033441819250583649e-03,2.834350466728210449e-01,5.535092949867248535e-01,4.199333190917968750e-01,8.677650243043899536e-02,-1.460641156882047653e-02,1.711573153734207153e-01,2.980881929397583008e-01,5.448429584503173828e-01,3.575190603733062744e-01,6.895904662087559700e-04,-2.561218477785587311e-02,-7.689001411199569702e-02,-1.222328543663024902e-01,3.265010714530944824e-01,2.729322612285614014e-01,3.228068053722381592e-01,3.180613517761230469e-01,5.796478390693664551e-01,5.538915991783142090e-01,5.751934051513671875e-01,5.532851219177246094e-01,8.805287629365921021e-02,1.845676749944686890e-01,3.985424339771270752e-01,3.634809851646423340e-01,-1.303226803429424763e-03,-3.038229234516620636e-02,8.180766552686691284e-02,-1.914455555379390717e-02,1.829823404550552368e-01,-7.628528028726577759e-02,2.084484547376632690e-01,-1.491357833147048950e-01,2.803131043910980225e-01,-7.720830291509628296e-02,9.771139174699783325e-02,1.672768779098987579e-02,-5.000441335141658783e-03,-1.428585126996040344e-02,1.862938329577445984e-02,1.491379830986261368e-02,-9.338427335023880005e-02,5.641531199216842651e-02,9.027852118015289307e-02,4.996242374181747437e-02,1.000819876790046692e-01,1.350427567958831787e-01,1.639445275068283081e-01,-2.695617824792861938e-02,-7.865525782108306885e-02,3.862225264310836792e-02,-1.019035205245018005e-01,-1.478147786110639572e-02,-2.727719582617282867e-02,9.885237552225589752e-03,-1.317905783653259277e-01,-1.605581194162368774e-01,1.855919063091278076e-01,-3.104137955233454704e-03,3.807247057557106018e-02,-7.934817671775817871e-02,-6.215052306652069092e-02,9.449814260005950928e-02,2.133089154958724976e-01,1.893468946218490601e-01,2.280007451772689819e-01,-2.657096460461616516e-02,7.105010747909545898e-02,-1.277190297842025757e-01,-9.260120242834091187e-02,2.485858649015426636e-01,1.772982440888881683e-02,-4.948263987898826599e-02,-4.183324053883552551e-02,-6.319419294595718384e-02,1.211955323815345764e-01,2.127229236066341400e-02,2.773763835430145264e-01,4.207739233970642090e-02,4.003695249557495117e-01,2.632035613059997559e-01,2.821602523326873779e-01,8.309049904346466064e-02,7.302112132310867310e-02,2.180172875523567200e-02,1.127635687589645386e-01,2.516362071037292480e-01,3.766100481152534485e-02,-1.019267439842224121e-01,7.226114720106124878e-02,-1.684239804744720459e-01,-2.077777171507477760e-03,-3.431122377514839172e-02,4.129879549145698547e-02,3.009818494319915771e-01,1.713517308235168457e-02,-1.219185069203376770e-02,-1.293823029845952988e-02,-1.252053538337349892e-03,1.367821842432022095e-01,-8.703266829252243042e-02,-1.029748842120170593e-02,8.631123229861259460e-03,1.607500389218330383e-02,3.463141154497861862e-03,8.389346301555633545e-02,2.369905635714530945e-02,6.350072473287582397e-02,3.533352911472320557e-02
-2.229137122631072998e-01,-7.367095351219177246e-02,3.280710577964782715e-01,7.845140099525451660e-01,4.732026755809783936e-01,1.000000238418579102e+00,8.772335946559906006e-02,7.904607057571411133e-01,2.166765630245208740e-01,8.647769093513488770e-01,-1.070748716592788696e-01,5.000540986657142639e-02,6.130832433700561523e-02,7.731730937957763672e-01,3.164957165718078613e-01,8.440173268318176270e-01,-1.106979697942733765e-01,-2.395381629467010498e-01,-1.433837264776229858e-01,-1.177233457565307617e-01,3.698260486125946045e-01,5.035915970802307129e-01,5.845797657966613770e-01,8.042263984680175781e-01,7.905198335647583008e-01,8.519823551177978516e-01,5.891917943954467773e-01,6.376448273658752441e-01,1.335583925247192383e-01,2.310643196105957031e-01,7.615900635719299316e-01,8.197427988052368164e-01,-8.056880533695220947e-02,1.595702916383743286e-01,7.070042937994003296e-02,1.605990380048751831e-01,-1.051495596766471863e-01,-4.322429597377777100e-01,-3.733621910214424133e-02,-6.373885273933410645e-01,2.039166688919067383e-01,-3.363312184810638428e-01,-1.262558102607727051e-01,-2.444750666618347168e-01,-4.785329475998878479e-02,-2.653333917260169983e-02,-1.984211057424545288e-01,-2.195246219635009766e-01,1.087291166186332703e-02,5.125778168439865112e-02,-7.348568178713321686e-04,7.471388578414916992e-02,-8.806981146335601807e-02,1.036502271890640259e-01,-5.985110625624656677e-02,-4.877375364303588867e-01,-1.469748467206954956e-01,-6.109414622187614441e-02,-1.412675082683563232e-01,-1.501451246440410614e-02,-2.308295369148254395e-01,-1.776911504566669464e-02,-2.823644280433654785e-01,-2.108618021011352539e-01,3.140604868531227112e-02,-1.906126737594604492e-03,-2.132968455553054810e-01,-3.435942530632019043e-01,-2.167683392763137817e-01,-6.005848571658134460e-02,4.059792757034301758e-01,5.500953197479248047e-01,1.327579170465469360e-01,-2.957511693239212036e-02,1.166241690516471863e-01,-3.366324603557586670e-01,-5.604487657546997070e-01,1.643254011869430542e-01,6.794704589992761612e-03,-3.775055110454559326e-01,-1.130515784025192261e-01,-3.889756798744201660e-01,2.856449782848358154e-01,9.466103464365005493e-02,6.257300823926925659e-02,-1.709046810865402222e-01,2.396125942468643188e-01,4.828939959406852722e-02,-5.828994791954755783e-03,-2.483362257480621338e-01,-1.691328436136245728e-01,-1.166027858853340149e-01,2.965890988707542419e-02,-1.471296045929193497e-02,-1.371636092662811279e-01,-3.200380504131317139e-01,-2.204350233078002930e-01,-5.786789059638977051e-01,-1.079670563340187073e-01,-2.564096152782440186e-01,-5.026908591389656067e-02,1.237387657165527344e-01,-1.228298768401145935e-01,-1.050162389874458313e-01,-2.397639751434326172e-01,-2.794415056705474854e-01,-1.163698807358741760e-01,-3.804504871368408203e-01,-1.160626560449600220e-01,-1.842781603336334229e-01,-2.833801209926605225e-01,-1.756035685539245605e-01,-9.194165468215942383e-02,-1.021642982959747314e-01,-1.446233838796615601e-01,-2.592234015464782715e-01
4.903542697429656982e-01,2.650313973426818848e-01,6.508865356445312500e-01,2.677313387393951416e-01,5.033441819250583649e-03,8.772335946559906006e-02,1.000000000000000000e+00,2.454456388950347900e-01,-1.046054214239120483e-01,9.947837144136428833e-02,4.684058129787445068e-01,3.211504220962524414e-01,5.467413067817687988e-01,2.042583376169204712e-01,6.002400070428848267e-02,1.472402065992355347e-01,6.746152788400650024e-02,6.439023464918136597e-02,3.680292963981628418e-01,2.772800922393798828e-01,-6.417671591043472290e-02,-6.961486651562154293e-04,2.467477619647979736e-01,2.100347727537155151e-01,-7.330008782446384430e-03,6.047806516289710999e-02,-7.599768042564392090e-02,-1.259627006947994232e-02,9.844131022691726685e-02,2.052955776453018188e-01,1.161674559116363525e-01,1.063906550407409668e-01,2.074311077594757080e-01,1.222878322005271912e-01,-8.955950848758220673e-03,-8.773636072874069214e-02,1.052870005369186401e-01,-1.135045383125543594e-02,5.406244890764355659e-04,-1.348123252391815186e-01,1.303891837596893311e-01,-3.264390397816896439e-03,7.832911610603332520e-02,-8.298870921134948730e-02,6.418754905462265015e-02,6.880367547273635864e-02,-3.638180717825889587e-02,-9.788574278354644775e-02,8.046508580446243286e-02,5.499972775578498840e-02,-6.742690224200487137e-03,-7.489133626222610474e-02,-3.179477900266647339e-02,-1.188867092132568359e-01,-9.871645271778106689e-02,-1.496145874261856079e-01,2.804604172706604004e-01,2.269071936607360840e-01,1.287847906351089478e-01,7.010779529809951782e-02,3.056541681289672852e-01,1.662721484899520874e-01,1.224942952394485474e-01,1.079220548272132874e-01,2.366386353969573975e-01,1.065424457192420959e-01,7.864893972873687744e-02,1.872027479112148285e-02,1.626280695199966431e-01,1.454883515834808350e-01,8.289913833141326904e-02,-2.853056788444519043e-02,1.815578490495681763e-01,-7.535017281770706177e-02,2.642087638378143311e-01,-1.120086982846260071e-01,-2.688148804008960724e-02,-6.784536689519882202e-02,-9.647842496633529663e-02,7.623989135026931763e-02,3.221899271011352539e-02,-4.696859419345855713e-02,-4.320124536752700806e-02,1.228211075067520142e-01,-7.354187965393066406e-02,-1.422420591115951538e-01,-1.827406696975231171e-02,-3.188642859458923340e-02,-6.365036219358444214e-02,-1.446337550878524780e-01,-1.211135536432266235e-01,-1.864115595817565918e-01,-1.150157079100608826e-01,-2.010088860988616943e-01,-1.916494034230709076e-02,-4.366074129939079285e-02,-1.133122369647026062e-01,-1.846847236156463623e-01,-8.960118889808654785e-02,-1.284025460481643677e-01,8.357656188309192657e-03,-9.806470572948455811e-02,-4.710328578948974609e-02,-2.660788968205451965e-02,-6.867039483040571213e-03,-1.084641367197036743e-01,-6.495408248156309128e-03,5.149549990892410278e-02,-5.311957746744155884e-02,-4.948544874787330627e-02,-1.434077024459838867e-01,-1.054187491536140442e-01,-1.238101795315742493e-01,2.471739985048770905e-02,-9.244387596845626831e-02,-4.097080975770950317e-02
-1.172190979123115540e-01,7.047875970602035522e-02,4.342981576919555664e-01,8.716842532157897949e-01,2.834350466728210449e-01,7.904607057571411133e-01,2.454456388950347900e-01,1.000000119209289551e+00,-2.488061971962451935e-02,8.150067925453186035e-01,-6.222438439726829529e-02,2.652735114097595215e-01,1.087674722075462341e-01,8.438615798950195312e-01,1.520370095968246460e-01,8.230686187744140625e-01,-3.693440556526184082e-02,-1.691773384809494019e-01,-1.497623883187770844e-02,3.117285110056400299e-02,2.238824665546417236e-01,4.182006120681762695e-01,6.063178181648254395e-01,8.513959050178527832e-01,6.781392693519592285e-01,7.769925594329833984e-01,4.495805501937866211e-01,5.100266933441162109e-01,1.443209946155548096e-01,2.954186499118804932e-01,7.350376248359680176e-01,8.245595693588256836e-01,3.141986578702926636e-02,2.989379167556762695e-01,5.307435989379882812e-02,1.929751932621002197e-01,-2.077157497406005859e-01,-4.407795667648315430e-01,-1.778180599212646484e-01,-6.662746071815490723e-01,9.876360744237899780e-02,-3.413712978363037109e-01,-1.730968654155731201e-01,-2.801645100116729736e-01,-5.344094708561897278e-02,-5.302978679537773132e-03,-2.213737070560455322e-01,-2.608515620231628418e-01,4.552345722913742065e-02,8.917872607707977295e-02,-1.049857586622238159e-02,1.164716482162475586e-01,-1.095620468258857727e-01,1.711033098399639130e-02,-1.518405824899673462e-01,-5.361570119857788086e-01,-8.320724219083786011e-02,1.727744191884994507e-02,-6.580511480569839478e-02,4.282409325242042542e-02,-1.017347350716590881e-01,1.014903858304023743e-01,-1.701520830392837524e-01,-5.555520579218864441e-02,7.816427201032638550e-02,1.378223598003387451e-01,-1.946598738431930542e-01,-2.857495248317718506e-01,-1.279079765081405640e-01,-4.800441488623619080e-02,3.847986757755279541e-01,5.669659376144409180e-01,1.709824353456497192e-01,-2.275285683572292328e-02,1.468914896249771118e-01,-3.553775250911712646e-01,-6.073314547538757324e-01,8.400236815214157104e-02,3.001948259770870209e-02,-3.288828134536743164e-01,-6.381011009216308594e-02,-3.781541585922241211e-01,2.084760367870330811e-01,1.177481114864349365e-01,-1.505893189460039139e-03,-1.241910904645919800e-01,1.052864789962768555e-01,-3.639405220746994019e-02,-8.400401473045349121e-02,-2.237112224102020264e-01,-1.901217252016067505e-01,-1.685847342014312744e-01,-1.270179054699838161e-03,-1.175970062613487244e-01,-2.272421419620513916e-01,-3.741939663887023926e-01,-3.275547921657562256e-01,-6.344406008720397949e-01,-1.698596328496932983e-01,-3.204157054424285889e-01,-6.224830634891986847e-03,5.749966576695442200e-02,-1.244909688830375671e-01,-1.173231154680252075e-01,-2.773562967777252197e-01,-3.113216161727905273e-01,-1.558399945497512817e-01,-3.322879970073699951e-01,-1.469052284955978394e-01,-2.773576080799102783e-01,-3.891183435916900635e-01,-2.609659731388092041e-01,-1.923004239797592163e-01,-1.494424343109130859e-01,-2.273708432912826538e-01,-3.604682981967926025e-01
-1.714566051959991455e-01,-2.368834912776947021e-01,4.649272188544273376e-02,-2.487781457602977753e-02,5.535092949867248535e-01,2.166765630245208740e-01,-1.046054214239120483e-01,-2.488061971962451935e-02,1.000000119209289551e+00,1.676193922758102417e-01,8.124196529388427734e-02,-1.839485019445419312e-01,1.568220406770706177e-01,4.319758713245391846e-02,5.397878885269165039e-01,9.742765873670578003e-02,-1.174211353063583374e-01,-1.164084151387214661e-01,-1.069090887904167175e-01,-1.051647886633872986e-01,3.076896071434020996e-01,1.828736513853073120e-01,2.319967746734619141e-01,6.101406738162040710e-02,3.218787312507629395e-01,2.221776098012924194e-01,3.903867602348327637e-01,3.189996182918548584e-01,2.013801038265228271e-02,9.421743452548980713e-02,1.885987818241119385e-01,1.149680018424987793e-01,-1.309414058923721313e-01,-2.288414090871810913e-01,1.923259161412715912e-02,-1.855399459600448608e-01,3.108033239841461182e-01,1.174007952213287354e-01,4.087058603763580322e-01,1.380084007978439331e-01,3.913255035877227783e-01,1.690376847982406616e-01,1.169365197420120239e-01,4.530178010463714600e-02,-6.294079124927520752e-02,-1.047418341040611267e-01,7.077199220657348633e-02,9.018665552139282227e-02,-1.861490160226821899e-01,-1.127214655280113220e-01,8.033053949475288391e-03,-8.649265021085739136e-02,6.426285952329635620e-02,1.115327700972557068e-01,1.925395727157592773e-01,1.400856673717498779e-01,-1.451930701732635498e-01,-9.548337757587432861e-02,-1.981194317340850830e-01,-1.960721611976623535e-01,-1.964366734027862549e-01,-2.027023434638977051e-01,-2.026307731866836548e-01,-2.983733117580413818e-01,7.278708368539810181e-02,-2.233237177133560181e-01,1.198912505060434341e-02,-1.287016272544860840e-01,-1.084365844726562500e-01,3.226239234209060669e-02,1.282292455434799194e-01,-3.226798772811889648e-02,1.155406683683395386e-01,-7.242816500365734100e-03,2.019203603267669678e-01,5.442254990339279175e-02,1.363606601953506470e-01,2.755951583385467529e-01,-5.443204566836357117e-02,-7.769658416509628296e-02,-5.992637574672698975e-02,4.082720726728439331e-02,2.586609125137329102e-01,1.050683036446571350e-01,3.202022314071655273e-01,1.653635315597057343e-02,4.114519655704498291e-01,2.976632416248321533e-01,2.754211127758026123e-01,5.139555782079696655e-02,8.291809260845184326e-02,1.020424962043762207e-01,1.025406122207641602e-01,2.785191535949707031e-01,1.668449491262435913e-01,1.012014597654342651e-01,2.142852544784545898e-01,1.196330413222312927e-01,1.271606236696243286e-01,1.600285470485687256e-01,-2.615477330982685089e-02,2.249795943498611450e-01,6.821937393397092819e-03,3.403760865330696106e-02,1.345074176788330078e-01,7.628754526376724243e-02,1.854758858680725098e-01,-5.923792719841003418e-02,9.130771458148956299e-02,1.522698253393173218e-01,1.791385710239410400e-01,1.603078544139862061e-01,2.078992575407028198e-01,1.377195566892623901e-01,1.680836081504821777e-01,2.292403876781463623e-01
-2.162951827049255371e-01,-9.422836452722549438e-02,3.442948460578918457e-01,8.039951920509338379e-01,4.199333190917968750e-01,8.647769093513488770e-01,9.947837144136428833e-02,8.150067925453186035e-01,1.676193922758102417e-01,1.000000119209289551e+00,-1.071861684322357178e-01,8.545915037393569946e-02,7.798292487859725952e-02,8.045502305030822754e-01,2.722697556018829346e-01,8.557832241058349609e-01,-7.538349181413650513e-02,-2.470990568399429321e-01,-1.206392198801040649e-01,-1.103379502892494202e-01,3.511210381984710693e-01,4.900471270084381104e-01,6.018520593643188477e-01,8.284133076667785645e-01,7.788268923759460449e-01,8.472219109535217285e-01,5.567309856414794922e-01,6.125090718269348145e-01,1.600054502487182617e-01,2.578798830509185791e-01,7.827841639518737793e-01,8.413119912147521973e-01,-5.462111160159111023e-02,1.895299702882766724e-01,8.386696130037307739e-02,2.042704373598098755e-01,-1.111849397420883179e-01,-4.375243484973907471e-01,-8.459340035915374756e-02,-6.762606501579284668e-01,1.646038591861724854e-01,-3.503232300281524658e-01,-1.396215111017227173e-01,-2.287624627351760864e-01,-5.184090510010719299e-02,-1.521149929612874985e-02,-1.729458123445510864e-01,-1.821438521146774292e-01,2.445791289210319519e-02,6.787260621786117554e-02,3.551298379898071289e-02,1.121962442994117737e-01,-4.546668007969856262e-02,1.345200687646865845e-01,-7.175312191247940063e-02,-5.137763619422912598e-01,-1.560828685760498047e-01,-8.863852173089981079e-02,-1.430385112762451172e-01,-3.617738932371139526e-02,-2.269817739725112915e-01,-3.139911592006683350e-02,-2.493799030780792236e-01,-1.910022199153900146e-01,4.621790349483489990e-02,1.556880306452512741e-02,-2.184386551380157471e-01,-3.393968939781188965e-01,-2.141146361827850342e-01,-9.303713589906692505e-02,4.195350110530853271e-01,5.826203227043151855e-01,1.714557111263275146e-01,-1.267971470952033997e-02,1.271291226148605347e-01,-3.199939429759979248e-01,-5.785622596740722656e-01,1.630524843931198120e-01,4.742215573787689209e-02,-3.687606453895568848e-01,-7.441423833370208740e-02,-3.808163404464721680e-01,2.645284831523895264e-01,8.801460266113281250e-02,7.474435120820999146e-02,-1.409637480974197388e-01,1.828878819942474365e-01,-1.223711203783750534e-02,-2.964681200683116913e-02,-2.561018764972686768e-01,-1.761720478534698486e-01,-1.206669062376022339e-01,-1.431502215564250946e-02,-3.213951736688613892e-02,-1.733737736940383911e-01,-3.256549537181854248e-01,-2.445500195026397705e-01,-5.947395563125610352e-01,-1.263834238052368164e-01,-2.699421048164367676e-01,-5.185884237289428711e-02,1.283198893070220947e-01,-1.346257477998733521e-01,-1.300384700298309326e-01,-2.718990147113800049e-01,-3.033721148967742920e-01,-1.388629227876663208e-01,-3.590551614761352539e-01,-1.264529973268508911e-01,-1.952038258314132690e-01,-2.884846925735473633e-01,-1.791985630989074707e-01,-9.887705743312835693e-02,-1.332343816757202148e-01,-1.782618910074234009e-01,-2.715333402156829834e-01
4.671974182128906250e-01,2.278926372528076172e-01,3.051148653030395508e-01,-5.772515013813972473e-02,8.677650243043899536e-02,-1.070748716592788696e-01,4.684058129787445068e-01,-6.222438439726829529e-02,8.124196529388427734e-02,-1.071861684322357178e-01,9.999999403953552246e-01,4.434206187725067139e-01,5.038195848464965820e-01,-1.698356866836547852e-02,2.869951426982879639e-01,-9.115368127822875977e-02,4.967227578163146973e-01,4.918676912784576416e-01,5.059648752212524414e-01,3.224661946296691895e-01,5.908384546637535095e-02,4.553615581244230270e-03,-1.346022170037031174e-02,-8.896017819643020630e-02,-1.503326445817947388e-01,-9.591464698314666748e-02,-7.977292686700820923e-02,-7.379796355962753296e-03,4.118337333202362061e-01,4.107511937618255615e-01,-2.192825824022293091e-02,-8.106950670480728149e-02,3.996317982673645020e-01,1.861455887556076050e-01,-8.411749452352523804e-02,-1.124392077326774597e-01,3.127636611461639404e-01,2.390289753675460815e-01,1.588560342788696289e-01,1.586573272943496704e-01,2.077596485614776611e-01,1.269483417272567749e-01,2.037939727306365967e-01,2.035460919141769409e-01,-5.825781263411045074e-03,5.860772356390953064e-02,2.414973378181457520e-01,2.096131891012191772e-01,-1.192504838109016418e-01,-1.608765274286270142e-01,-3.607217222452163696e-02,-1.858663856983184814e-01,1.818562299013137817e-01,5.419123917818069458e-02,1.046338528394699097e-01,7.484127581119537354e-02,3.407665789127349854e-01,1.677794009447097778e-01,4.522213712334632874e-03,-1.418741941452026367e-01,2.480628192424774170e-01,-4.515166953206062317e-02,4.625662267208099365e-01,3.239878714084625244e-01,-8.628901094198226929e-03,-2.070448398590087891e-01,-6.891700625419616699e-02,1.084634810686111450e-01,3.168995678424835205e-01,9.419012069702148438e-02,1.789167821407318115e-01,5.657831206917762756e-02,4.134631752967834473e-01,3.121895492076873779e-01,2.504874169826507568e-01,2.431381791830062866e-01,2.629859149456024170e-01,1.414937525987625122e-01,1.683671027421951294e-01,3.537863194942474365e-01,4.838252663612365723e-01,3.117193281650543213e-01,2.657677419483661652e-02,2.263362146914005280e-02,1.110866144299507141e-01,-5.697876587510108948e-02,3.981329500675201416e-02,-3.260533139109611511e-02,1.307263821363449097e-01,1.584544032812118530e-02,9.611140191555023193e-02,-4.530902951955795288e-02,-1.909031569957733154e-01,-9.680810570716857910e-02,1.401619017124176025e-01,1.542632728815078735e-01,2.098317146301269531e-01,1.179724186658859253e-01,1.525425761938095093e-01,7.977928221225738525e-02,-1.056886538863182068e-01,-1.493141055107116699e-01,6.386169791221618652e-02,-7.171825319528579712e-02,2.986529655754566193e-02,7.372077554464340210e-03,1.306545138359069824e-01,2.192912697792053223e-01,1.039769947528839111e-01,1.797824800014495850e-01,1.834791749715805054e-01,1.679724454879760742e-01,7.280720770359039307e-02,1.260123401880264282e-01,7.170823216438293457e-02,1.803459078073501587e-01
2.878232896327972412e-01,4.342982470989227295e-01,2.112147063016891479e-01,2.440925240516662598e-01,-1.460641156882047653e-02,5.000540986657142639e-02,3.211504220962524414e-01,2.652735114097595215e-01,-1.839485019445419312e-01,8.545915037393569946e-02,4.434206187725067139e-01,1.000000000000000000e+00,2.009314745664596558e-01,2.764900922775268555e-01,6.096998602151870728e-02,1.306457221508026123e-01,4.290914833545684814e-01,4.940909147262573242e-01,4.568990767002105713e-01,4.252557158470153809e-01,-9.032111614942550659e-03,3.644901141524314880e-02,2.906323038041591644e-02,1.264891177415847778e-01,-6.809309870004653931e-02,6.903618574142456055e-02,1.590297790244221687e-03,1.162897646427154541e-01,3.792041838169097900e-01,5.168436169624328613e-01,1.039795577526092529e-01,1.208616271615028381e-01,4.227366149425506592e-01,4.065938293933868408e-01,-8.742155134677886963e-02,1.234262832440435886e-03,3.773281723260879517e-02,5.346161872148513794e-02,-7.270210236310958862e-02,-6.781507283449172974e-02,1.561243087053298950e-02,-2.550653927028179169e-02,1.518253609538078308e-02,8.429837226867675781e-02,-8.467374742031097412e-02,4.692985862493515015e-02,9.485585242509841919e-02,7.634005695581436157e-02,-7.348695397377014160e-02,-1.543496921658515930e-02,-6.739197671413421631e-02,5.848032608628273010e-02,6.236876547336578369e-02,-1.592944711446762085e-01,-1.259816586971282959e-01,-7.264589518308639526e-02,1.675982922315597534e-01,2.133910357952117920e-01,7.907667756080627441e-02,-1.436395477503538132e-02,3.212326169013977051e-01,2.728653252124786377e-01,4.952823817729949951e-01,5.357189178466796875e-01,-2.648649737238883972e-02,1.712421774864196777e-01,-4.285821318626403809e-02,1.565856933593750000e-01,2.991323471069335938e-01,3.706647455692291260e-02,1.704962253570556641e-01,2.294569164514541626e-01,4.286574125289916992e-01,3.259363472461700439e-01,1.623180359601974487e-01,2.208754420280456543e-01,1.289514172822237015e-02,6.947463750839233398e-02,1.075292006134986877e-01,2.913933992385864258e-01,3.952836990356445312e-01,2.460615634918212891e-01,-8.029789663851261139e-03,1.433630138635635376e-01,-2.862654253840446472e-02,1.869041919708251953e-01,-6.316059827804565430e-02,-3.642900148406624794e-03,5.662294104695320129e-02,2.419861108064651489e-01,5.124686658382415771e-02,-9.927186369895935059e-02,-1.273390352725982666e-01,-1.204564645886421204e-01,-1.739143729209899902e-01,-1.591518670320510864e-01,-1.290855705738067627e-01,-1.531452983617782593e-01,-6.266372650861740112e-02,-1.488561481237411499e-01,8.460210263729095459e-02,-8.489389717578887939e-02,9.480568766593933105e-02,-3.390829637646675110e-02,-7.603140175342559814e-02,-8.076690137386322021e-02,-9.561810642480850220e-03,1.069643720984458923e-01,-6.041412055492401123e-02,-1.273135691881179810e-01,-1.016334295272827148e-01,-6.885287165641784668e-02,-1.427723467350006104e-01,-3.125174343585968018e-02,-9.461399167776107788e-02,-1.003239154815673828e-01
2.637185752391815186e-01,3.173508495092391968e-02,4.129137098789215088e-01,1.086837574839591980e-01,1.711573153734207153e-01,6.130832433700561523e-02,5.467413067817687988e-01,1.087674722075462341e-01,1.568220406770706177e-01,7.798292487859725952e-02,5.038195848464965820e-01,2.009314745664596558e-01,1.000000238418579102e+00,2.032645046710968018e-01,3.997864127159118652e-01,9.545475244522094727e-02,1.348605304956436157e-01,5.778673663735389709e-02,2.960934937000274658e-01,1.059331744909286499e-01,3.357484191656112671e-02,1.760900579392910004e-02,3.075537383556365967e-01,1.450569629669189453e-01,6.340194493532180786e-02,5.834359675645828247e-02,1.271113306283950806e-01,3.332446515560150146e-02,2.905760109424591064e-01,3.022143840789794922e-01,1.646631062030792236e-01,9.183512628078460693e-02,7.319015264511108398e-02,-3.923381119966506958e-02,-6.762559525668621063e-03,-6.348081678152084351e-02,3.260043561458587646e-01,1.584020406007766724e-01,1.611250191926956177e-01,4.789213091135025024e-02,2.582076191902160645e-01,1.119312420487403870e-01,1.068900600075721741e-01,8.764168620109558105e-02,-1.751176081597805023e-02,7.229670416563749313e-03,1.541834771633148193e-01,1.664175242185592651e-01,-5.473869293928146362e-02,-1.583297923207283020e-02,8.777890354394912720e-02,-2.429168298840522766e-02,1.243769526481628418e-01,1.117122471332550049e-01,1.674856543540954590e-01,3.834536671638488770e-02,9.560970962047576904e-02,3.850114718079566956e-02,-3.908836096525192261e-02,-1.050055548548698425e-01,7.583352178335189819e-02,-7.570255547761917114e-02,1.328352838754653931e-02,-6.054327636957168579e-02,1.892155557870864868e-01,-1.262447535991668701e-01,-1.047320477664470673e-02,-9.037247300148010254e-02,2.875764109194278717e-02,6.373467855155467987e-03,2.366076707839965820e-01,4.337171465158462524e-02,3.524415493011474609e-01,1.013444662094116211e-01,3.667464852333068848e-01,9.067771583795547485e-02,1.470463275909423828e-01,1.315023005008697510e-01,4.957590624690055847e-02,1.124138757586479187e-01,2.603652477264404297e-01,1.861708909273147583e-01,1.822020262479782104e-01,1.784491240978240967e-01,3.588989973068237305e-01,7.300125062465667725e-02,1.592454910278320312e-01,5.645993724465370178e-02,2.369476407766342163e-01,3.571014106273651123e-02,5.632747709751129150e-02,4.813560843467712402e-02,-1.160406693816184998e-01,4.507838934659957886e-02,8.114674687385559082e-02,9.426077455282211304e-02,1.427770256996154785e-01,8.298724889755249023e-02,7.554072141647338867e-02,9.677776694297790527e-02,2.638117223978042603e-02,1.191687658429145813e-01,6.038206815719604492e-02,4.042180255055427551e-02,1.126604899764060974e-01,-2.112473547458648682e-02,2.068156599998474121e-01,2.022644430398941040e-01,7.412583380937576294e-02,1.339513808488845825e-01,1.652301847934722900e-01,1.251413226127624512e-01,1.028617471456527710e-01,1.331340819597244263e-01,4.310406371951103210e-02,1.583987772464752197e-01
