1.000000119209289551e+00,4.718148708343505859e-01,2.607702314853668213e-01,4.384530782699584961e-01,1.898330599069595337e-01,2.649754881858825684e-01,3.990130424499511719e-01,4.571880698204040527e-01,-4.405738040804862976e-02,-4.737558960914611816e-02,1.871651709079742432e-01,2.525553405284881592e-01,2.993906140327453613e-01,3.526710867881774902e-01,6.768795102834701538e-02,2.129532843828201294e-01,3.099387586116790771e-01,1.634401828050613403e-01,1.989268660545349121e-01,2.710753977298736572e-01,8.071822114288806915e-03,-7.766993250697851181e-03,3.829206824302673340e-01,4.028279781341552734e-01,4.186723232269287109e-01,4.719878733158111572e-01,4.776254296302795410e-01,5.016418099403381348e-01,1.625334173440933228e-01,2.163639217615127563e-01,4.521725177764892578e-01,4.258646667003631592e-01,2.232159525156021118e-01,2.810895442962646484e-01,7.215317338705062866e-02,2.001595199108123779e-01,1.650504618883132935e-01,-2.050428465008735657e-02,8.919541537761688232e-02,-3.751222044229507446e-02,2.237604558467864990e-01,6.671075522899627686e-02,-3.231702148914337158e-01,-3.014929294586181641e-01,-3.445365726947784424e-01,-2.386504411697387695e-01,-2.444783896207809448e-01,-1.343673467636108398e-01,-1.342049241065979004e-01,2.729336358606815338e-02,-1.065231859683990479e-01,-1.294627040624618530e-01,1.106833294034004211e-01,3.296724855899810791e-01,6.888493895530700684e-02,8.720416575670242310e-02,5.743959546089172363e-01,4.050519168376922607e-01,3.994099497795104980e-01,1.955442577600479126e-01,3.433386087417602539e-01,2.586207985877990723e-01,3.457586169242858887e-01,3.705815076828002930e-01,-7.626260817050933838e-02,2.073094621300697327e-02,1.300652623176574707e-01,7.149511575698852539e-02,2.699117362499237061e-01,2.521351873874664307e-01,6.677250564098358154e-02,1.730770058929920197e-02,1.382460147142410278e-01,-1.119784489274024963e-01,1.009426489472389221e-01,-4.077136516571044922e-03,5.287985503673553467e-02,3.096690634265542030e-03,2.577881813049316406e-01,1.051529943943023682e-01,5.269663929939270020e-01,3.384163081645965576e-01,3.418774604797363281e-01,3.420305550098419189e-01,3.454381525516510010e-01,3.705283105373382568e-01,1.859629005193710327e-01,2.531068027019500732e-01,3.015147745609283447e-01,3.838022351264953613e-01,1.783325895667076111e-02,1.902151852846145630e-01,-8.726911246776580811e-02,1.727896183729171753e-01,2.148952782154083252e-01,1.170267835259437561e-01,3.733789622783660889e-01,4.028310775756835938e-01,5.111044272780418396e-02,7.297899574041366577e-02,2.161986976861953735e-01,2.321991622447967529e-01,3.332470059394836426e-01,2.760196626186370850e-01,8.953357487916946411e-02,2.282756567001342773e-01,1.270578056573867798e-01,1.892725080251693726e-01,1.863750368356704712e-01,4.322066158056259155e-02,3.063511550426483154e-01,3.334610164165496826e-01,2.737309336662292480e-01,1.004522815346717834e-01,1.239074468612670898e-01,8.857128024101257324e-02
4.718148708343505859e-01,1.000000000000000000e+00,1.170868426561355591e-01,5.725600719451904297e-01,-3.065162152051925659e-02,2.831104993820190430e-01,1.558496654033660889e-01,4.980667829513549805e-01,-2.989812195301055908e-01,-1.860521137714385986e-01,-1.731344461441040039e-01,5.117403268814086914e-01,-1.799223944544792175e-02,5.347305536270141602e-01,-1.938858330249786377e-01,2.190164327621459961e-01,9.737470746040344238e-02,3.090179562568664551e-01,1.944896280765533447e-01,3.038888573646545410e-01,-4.871159617323428392e-04,-8.972082287073135376e-02,4.588774740695953369e-01,5.858210325241088867e-01,3.694476485252380371e-01,5.345289111137390137e-01,4.286357462406158447e-01,5.693953037261962891e-01,-1.116539016366004944e-01,4.139226377010345459e-01,3.531932234764099121e-01,5.163822770118713379e-01,1.276910901069641113e-01,2.600562274456024170e-01,5.990225821733474731e-02,1.721853315830230713e-01,-2.058919332921504974e-02,1.433135271072387695e-01,-1.745307892560958862e-01,4.751617833971977234e-02,7.887426018714904785e-02,2.837872803211212158e-01,-3.798708021640777588e-01,-2.864273190498352051e-01,-3.075111210346221924e-01,-2.021949142217636108e-01,-3.347901105880737305e-01,-1.505708843469619751e-01,-8.176622539758682251e-02,7.002180814743041992e-02,-7.718027383089065552e-02,-6.866644136607646942e-03,7.919747382402420044e-02,4.582159817218780518e-01,-1.858570277690887451e-01,1.756379008293151855e-01,4.337868094444274902e-01,5.814095735549926758e-01,4.532539248466491699e-01,1.519886031746864319e-02,1.047760546207427979e-01,3.017173707485198975e-01,8.583856374025344849e-02,5.329047441482543945e-01,-1.913227140903472900e-01,1.563213020563125610e-01,6.585881859064102173e-02,-1.307713389396667480e-01,1.843714267015457153e-01,1.810777038335800171e-01,1.647655665874481201e-01,2.926252484321594238e-01,2.482809312641620636e-02,1.501147896051406860e-01,2.093930914998054504e-02,1.896731257438659668e-01,-2.821747027337551117e-02,1.084575057029724121e-01,1.053704768419265747e-01,2.412941455841064453e-01,2.938146293163299561e-01,4.185378253459930420e-01,9.588997811079025269e-02,4.615547657012939453e-01,6.320275366306304932e-02,3.687421381473541260e-01,1.200521364808082581e-01,3.314490914344787598e-01,-7.058735191822052002e-02,4.517332315444946289e-01,-9.949231147766113281e-02,3.264458179473876953e-01,-1.829831600189208984e-01,2.374411076307296753e-01,6.913524866104125977e-02,1.882985681295394897e-01,3.165532052516937256e-01,5.589804053306579590e-01,-6.021645292639732361e-02,1.220399141311645508e-01,5.404250230640172958e-03,2.330049127340316772e-01,9.043490886688232422e-02,1.218390241265296936e-01,-1.573810428380966187e-01,5.237697064876556396e-02,6.229449063539505005e-03,1.764440685510635376e-01,3.093358576297760010e-01,9.329931437969207764e-02,4.352323114871978760e-01,4.171898961067199707e-01,2.854528725147247314e-01,-1.142250448465347290e-01,-7.966086268424987793e-02,-9.015379101037979126e-02
2.607702314853668213e-01,1.170868426561355591e-01,1.000000119209289551e+00,5.192829966545104980e-01,2.658574879169464111e-01,1.072452664375305176e-01,6.121606826782226562e-01,4.604474604129791260e-01,1.165192276239395142e-01,-4.879165813326835632e-02,1.586469411849975586e-01,1.576276421546936035e-01,3.119176030158996582e-01,2.007562816143035889e-01,2.744830548763275146e-01,1.010510027408599854e-01,2.455762326717376709e-01,1.574466973543167114e-01,1.419844478368759155e-01,7.435218244791030884e-02,5.541701614856719971e-02,-1.954866573214530945e-03,4.529627859592437744e-01,2.811068892478942871e-01,3.609130382537841797e-01,1.113893687725067139e-01,3.053441047668457031e-01,1.913579851388931274e-01,2.700795829296112061e-01,1.430342942476272583e-01,2.906838059425354004e-01,1.465423703193664551e-01,-8.481207489967346191e-02,-2.184169925749301910e-02,7.050106674432754517e-02,5.741123855113983154e-02,-5.574136599898338318e-02,-1.005668342113494873e-01,8.656853437423706055e-02,5.309832468628883362e-02,1.161559894680976868e-01,-7.054587360471487045e-03,-1.077042520046234131e-01,-1.034828051924705505e-01,-2.870723009109497070e-01,-2.051111161708831787e-01,-8.660164475440979004e-02,-1.673619449138641357e-01,-2.509998679161071777e-01,-8.868788927793502808e-02,-2.025325447320938110e-01,-1.732629090547561646e-01,1.302193105220794678e-01,4.308098182082176208e-02,2.013848274946212769e-01,1.143332198262214661e-01,2.951618731021881104e-01,1.723743826150894165e-01,9.064437448978424072e-02,3.920250535011291504e-01,2.303047329187393188e-01,1.439161151647567749e-01,3.319610357284545898e-01,1.343656927347183228e-01,-2.686264179646968842e-02,-3.645784407854080200e-02,-1.507168412208557129e-01,-7.006234675645828247e-02,-3.949168324470520020e-02,9.218394011259078979e-02,7.497604191303253174e-02,1.390294265002012253e-02,9.143747389316558838e-02,-4.843188077211380005e-02,7.126002013683319092e-02,-5.162628367543220520e-02,-1.247482672333717346e-01,-1.765740662813186646e-01,3.077970147132873535e-01,1.736971437931060791e-01,3.286648988723754883e-01,1.575387865304946899e-01,3.489524126052856445e-01,1.927979588508605957e-01,1.253972351551055908e-01,1.548073440790176392e-01,2.427071630954742432e-01,1.545095890760421753e-01,2.464778572320938110e-01,2.559699416160583496e-01,3.658555150032043457e-01,2.786260843276977539e-01,1.100323647260665894e-01,9.120411425828933716e-02,2.933438718318939209e-01,1.654475629329681396e-01,1.995455622673034668e-01,1.229074373841285706e-01,1.078724116086959839e-01,1.288235187530517578e-01,7.974147051572799683e-02,6.696917116641998291e-02,1.146682202816009521e-01,6.994583457708358765e-02,6.397392600774765015e-02,7.458969205617904663e-02,3.539360687136650085e-02,-1.392776891589164734e-02,2.070552259683609009e-01,2.292106300592422485e-01,8.816130459308624268e-02,6.551527976989746094e-02,9.681762754917144775e-02,-5.740517284721136093e-03,1.547135859727859497e-01,3.258552849292755127e-01
4.384530782699584961e-01,5.725600719451904297e-01,5.192829966545104980e-01,1.000000119209289551e+00,1.634721457958221436e-02,2.607717216014862061e-01,3.243403136730194092e-01,6.568796038627624512e-01,-2.266847491264343262e-01,-1.410676389932632446e-01,-4.985910281538963318e-02,4.102413058280944824e-01,1.208276301622390747e-01,5.239584445953369141e-01,-7.092947512865066528e-02,2.567723691463470459e-01,1.294281333684921265e-01,1.764899194240570068e-01,2.332401871681213379e-01,3.302339613437652588e-01,-6.094076856970787048e-02,-1.179227679967880249e-01,5.864923596382141113e-01,6.175687313079833984e-01,3.730424046516418457e-01,4.711040258407592773e-01,4.282158911228179932e-01,5.408968329429626465e-01,7.963427342474460602e-03,2.761236727237701416e-01,3.695487976074218750e-01,4.508688151836395264e-01,2.951284684240818024e-02,1.764372885227203369e-01,1.041020974516868591e-01,1.805131882429122925e-01,1.457509119063615799e-03,-3.529629111289978027e-02,-6.312268972396850586e-02,3.347118198871612549e-02,1.264370977878570557e-01,1.229879409074783325e-01,-2.584639787673950195e-01,-1.922928839921951294e-01,-3.453927338123321533e-01,-1.983789354562759399e-01,-2.505473792552947998e-01,-9.468054026365280151e-02,-2.103592306375503540e-01,-5.365391820669174194e-02,-2.013017088174819946e-01,-1.731810867786407471e-01,6.810248643159866333e-02,3.622932136058807373e-01,-6.156336888670921326e-02,2.199357450008392334e-01,3.717081546783447266e-01,3.483045995235443115e-01,4.337057471275329590e-01,7.127210497856140137e-02,2.244056761264801025e-01,1.261106133460998535e-01,2.392322123050689697e-01,4.998193383216857910e-01,-1.911971569061279297e-01,-3.068394213914871216e-02,-2.067905291914939880e-02,-1.011694073677062988e-01,1.878409087657928467e-01,2.281270027160644531e-01,3.957103937864303589e-02,1.053756922483444214e-01,4.277989268302917480e-02,-8.048043400049209595e-02,4.597556218504905701e-02,1.943150162696838379e-02,-1.494334787130355835e-01,-1.164320781826972961e-01,1.657454967498779297e-01,1.121018677949905396e-01,3.374668657779693604e-01,2.663037776947021484e-01,1.728525459766387939e-01,4.204208254814147949e-01,3.976768627762794495e-02,3.063680529594421387e-01,1.402624398469924927e-01,3.169983923435211182e-01,4.411726444959640503e-02,4.455325007438659668e-01,7.851171493530273438e-02,3.902842998504638672e-01,-7.445277273654937744e-02,2.680013179779052734e-01,1.977217495441436768e-01,1.941869407892227173e-01,3.413595259189605713e-01,4.641228020191192627e-01,6.497241556644439697e-02,2.631366252899169922e-01,8.271916210651397705e-02,1.978780776262283325e-01,1.267134398221969604e-01,8.712740987539291382e-02,-8.084963262081146240e-02,2.455656044185161591e-02,4.359168186783790588e-02,1.077967807650566101e-01,3.344347774982452393e-01,2.222358882427215576e-01,3.536020517349243164e-01,3.852896094322204590e-01,3.222667574882507324e-01,-5.147998780012130737e-02,-5.611178278923034668e-02,6.648435443639755249e-02
1.898330599069595337e-01,-3.065162152051925659e-02,2.658574879169464111e-01,1.634721457958221436e-02,9.999999403953552246e-01,6.334510445594787598e-01,5.552615523338317871e-01,2.829686105251312256e-01,7.483180165290832520e-01,5.930898785591125488e-01,5.022655129432678223e-01,2.592248320579528809e-01,5.895994305610656738e-01,1.791741847991943359e-01,5.136263966560363770e-01,2.403796911239624023e-01,4.100781381130218506e-01,3.040013611316680908e-01,5.406166613101959229e-02,6.424615532159805298e-02,4.729569852352142334e-01,3.989241421222686768e-01,-2.704452909529209137e-02,-1.569201648235321045e-01,5.196505784988403320e-01,3.496600389480590820e-01,4.475705921649932861e-01,2.442678064107894897e-01,4.362716674804687500e-01,1.110590845346450806e-01,3.745585978031158447e-01,1.915304511785507202e-01,-6.490161269903182983e-02,-1.647456735372543335e-01,-1.574963480234146118e-01,-1.698081344366073608e-01,8.035180158913135529e-03,-3.119586035609245300e-02,1.371680498123168945e-01,-1.162805315107107162e-02,8.272209018468856812e-02,2.544201910495758057e-03,-8.470662683248519897e-02,-1.478377729654312134e-01,-2.273927330970764160e-01,-1.417628228664398193e-01,-1.689880192279815674e-01,-2.985172569751739502e-01,-5.455066263675689697e-02,1.006727814674377441e-01,-5.028583854436874390e-02,-4.481021687388420105e-02,-2.231395691633224487e-01,-3.339025676250457764e-01,8.325113356113433838e-02,-1.648245602846145630e-01,1.485061943531036377e-01,1.431754976511001587e-01,-1.185916885733604431e-01,5.030930042266845703e-01,3.736196830868721008e-02,1.119171530008316040e-01,7.394469529390335083e-02,-1.746463030576705933e-01,-9.882627055048942566e-03,-6.513866782188415527e-02,-2.399141490459442139e-01,-1.849133223295211792e-01,2.101219445466995239e-02,7.774441619403660297e-04,5.718870088458061218e-02,-3.423827886581420898e-02,5.793226137757301331e-02,2.698785811662673950e-02,-1.052256394177675247e-02,-1.507059391587972641e-02,5.299378186464309692e-02,-5.968250334262847900e-02,1.735285073518753052e-01,1.357549875974655151e-01,2.738323211669921875e-01,9.155853837728500366e-02,4.236038625240325928e-01,8.214833587408065796e-02,3.284678757190704346e-01,2.990777976810932159e-02,3.165487945079803467e-01,4.870930314064025879e-02,5.082905292510986328e-01,2.223189175128936768e-01,1.016104742884635925e-01,-9.281738847494125366e-02,-6.708694994449615479e-02,-1.847425401210784912e-01,1.067823022603988647e-01,-4.968427587300539017e-03,1.792577207088470459e-01,4.283871501684188843e-02,2.456227783113718033e-03,-2.484405934810638428e-01,-1.390093099325895309e-02,-1.197694838047027588e-01,7.661766558885574341e-02,2.703862264752388000e-02,1.075589284300804138e-01,2.006504088640213013e-01,8.814353495836257935e-02,-3.733152151107788086e-02,-1.749382913112640381e-01,7.976580411195755005e-02,-4.301059618592262268e-02,-1.910393983125686646e-01,-1.981836855411529541e-01,-1.050558537244796753e-01,3.540967404842376709e-01,3.892847597599029541e-01
2.649754881858825684e-01,2.831104993820190430e-01,1.072452664375305176e-01,2.607717216014862061e-01,6.334510445594787598e-01,9.999999403953552246e-01,3.396129906177520752e-01,4.447741210460662842e-01,4.145318865776062012e-01,5.250723361968994141e-01,1.989211291074752808e-01,3.530243039131164551e-01,2.436028718948364258e-01,3.506143987178802490e-01,1.012212485074996948e-01,3.051523566246032715e-01,2.433361709117889404e-01,2.578064501285552979e-01,3.729447489604353905e-04,1.657991260290145874e-01,3.331129252910614014e-01,3.423767387866973877e-01,1.430176496505737305e-01,1.561781764030456543e-01,5.533031821250915527e-01,6.569414734840393066e-01,5.558890700340270996e-01,5.621650815010070801e-01,1.630467027425765991e-01,1.298451125621795654e-01,5.520644783973693848e-01,5.502122640609741211e-01,-3.938852250576019287e-02,-1.150917541235685349e-02,-7.327858358621597290e-02,-4.812689870595932007e-02,2.762625925242900848e-02,5.703101307153701782e-02,2.045777998864650726e-02,-1.473133638501167297e-02,-8.791242726147174835e-03,9.002482891082763672e-02,-1.650060713291168213e-01,-1.367847919464111328e-01,-1.899579316377639771e-01,-6.907920539379119873e-02,-2.937079370021820068e-01,-2.010916620492935181e-01,6.407680362462997437e-02,1.590877324342727661e-01,7.826562970876693726e-02,6.667561829090118408e-02,-2.298437356948852539e-01,-9.645378589630126953e-02,-1.749835461378097534e-01,-9.493693709373474121e-02,1.987297683954238892e-01,2.474772632122039795e-01,1.638745963573455811e-01,2.075879722833633423e-01,1.808064989745616913e-02,6.325181573629379272e-02,-3.065763600170612335e-02,3.256608173251152039e-02,2.382050454616546631e-02,-6.947467476129531860e-02,-1.817583292722702026e-01,-2.504470348358154297e-01,7.729968428611755371e-02,6.382960081100463867e-02,4.916854947805404663e-02,5.035814270377159119e-02,2.333683148026466370e-02,8.285282179713249207e-03,-5.930717103183269501e-03,1.021949457935988903e-03,1.485590729862451553e-02,-2.138508670032024384e-02,9.040685743093490601e-02,1.016067191958427429e-01,1.764253526926040649e-01,9.357030689716339111e-02,1.918819844722747803e-01,2.630165815353393555e-01,1.513118147850036621e-01,4.364204406738281250e-02,2.305186837911605835e-01,2.077071219682693481e-01,2.192938327789306641e-01,3.151637017726898193e-01,-1.600401699542999268e-01,4.115521907806396484e-03,-2.209541201591491699e-01,-6.738509237766265869e-02,8.540029078722000122e-02,4.007298557553440332e-04,4.016206264495849609e-01,3.928764760494232178e-01,-1.570131443440914154e-02,-1.223840415477752686e-01,-9.748430550098419189e-02,-2.134606800973415375e-02,-1.300175953656435013e-02,-4.528630059212446213e-03,-1.001662239432334900e-01,9.485427290201187134e-02,8.793680369853973389e-02,2.548363618552684784e-02,-6.173151731491088867e-02,2.594564855098724365e-01,2.547226846218109131e-01,9.117893129587173462e-02,-5.305581539869308472e-02,-2.712212502956390381e-01,2.009710073471069336e-01,2.365696877241134644e-01
3.990130424499511719e-01,1.558496654033660889e-01,6.121606826782226562e-01,3.243403136730194092e-01,5.552615523338317871e-01,3.396129906177520752e-01,1.000000357627868652e+00,5.916793942451477051e-01,3.581505417823791504e-01,1.818241477012634277e-01,3.884558975696563721e-01,3.310094475746154785e-01,5.798478126525878906e-01,3.667727708816528320e-01,4.991758167743682861e-01,2.217157930135726929e-01,3.884561955928802490e-01,2.435127049684524536e-01,1.866644918918609619e-01,1.226218640804290771e-01,2.502071559429168701e-01,1.695949584245681763e-01,2.956101298332214355e-01,1.636821776628494263e-01,5.211315751075744629e-01,2.795765101909637451e-01,5.161774754524230957e-01,3.764964640140533447e-01,4.504218697547912598e-01,2.065369933843612671e-01,3.909165561199188232e-01,2.386423349380493164e-01,-6.885607540607452393e-02,-7.193869352340698242e-02,-1.004338636994361877e-01,-1.060341298580169678e-01,3.613862022757530212e-02,-3.510513901710510254e-02,2.068557888269424438e-01,3.780123591423034668e-02,1.956152170896530151e-01,3.562679514288902283e-02,-2.579989433288574219e-01,-2.766256332397460938e-01,-3.567797839641571045e-01,-2.852909564971923828e-01,-2.621237635612487793e-01,-3.465515971183776855e-01,-2.118473351001739502e-01,-1.150482520461082458e-02,-2.296760380268096924e-01,-1.845466047525405884e-01,3.890655189752578735e-02,-1.534321065992116928e-02,2.117074131965637207e-01,4.338520392775535583e-02,4.386579394340515137e-01,3.050833642482757568e-01,2.165872156620025635e-01,6.295014023780822754e-01,2.904598116874694824e-01,2.394500970840454102e-01,3.212774991989135742e-01,1.560388505458831787e-01,-9.701494872570037842e-02,-5.324988812208175659e-02,-7.936723530292510986e-02,-9.458258002996444702e-02,6.377323716878890991e-02,1.643134951591491699e-01,1.527619957923889160e-01,5.392450094223022461e-02,1.560253202915191650e-01,-1.910379156470298767e-02,5.710590630769729614e-02,2.793293632566928864e-02,-1.901361718773841858e-02,-1.225788667798042297e-01,3.203029632568359375e-01,1.756185442209243774e-01,5.085251927375793457e-01,2.389899790287017822e-01,5.746541619300842285e-01,3.234742879867553711e-01,2.323123067617416382e-01,1.652692705392837524e-01,4.108594954013824463e-01,2.703431844711303711e-01,4.179109036922454834e-01,4.223514497280120850e-01,3.782676160335540771e-01,2.766606211662292480e-01,4.378631711006164551e-02,8.767414093017578125e-02,3.112002015113830566e-01,1.124443188309669495e-01,2.453223019838333130e-01,1.724313199520111084e-01,7.681299000978469849e-02,-1.378344930708408356e-02,3.794230753555893898e-03,6.298256665468215942e-02,1.630623340606689453e-01,9.565938264131546021e-02,8.875977247953414917e-02,1.519228070974349976e-01,7.895146310329437256e-02,1.687862537801265717e-02,1.597678363323211670e-01,1.946672052145004272e-01,7.845644652843475342e-02,9.323438629508018494e-03,1.110297814011573792e-02,-6.290636956691741943e-02,2.516112923622131348e-01,3.915894925594329834e-01
4.571880698204040527e-01,4.980667829513549805e-01,4.604474604129791260e-01,6.568796038627624512e-01,2.829686105251312256e-01,4.447741210460662842e-01,5.916793942451477051e-01,9.999998211860656738e-01,6.075768917798995972e-02,1.337064057588577271e-01,1.536229252815246582e-01,5.296440720558166504e-01,3.651598691940307617e-01,6.703367829322814941e-01,1.900726556777954102e-01,4.332243800163269043e-01,2.606325745582580566e-01,2.609153091907501221e-01,1.840782612562179565e-01,2.421977818012237549e-01,1.416689157485961914e-01,1.128242984414100647e-01,4.513962268829345703e-01,4.741275906562805176e-01,4.986114203929901123e-01,5.198761820793151855e-01,5.512033104896545410e-01,6.383844614028930664e-01,1.985829323530197144e-01,3.738816678524017334e-01,4.088526368141174316e-01,4.550570845603942871e-01,3.808514028787612915e-02,1.336376070976257324e-01,1.925705745816230774e-02,8.397690951824188232e-02,4.815182834863662720e-02,-4.717100411653518677e-02,2.525573037564754486e-02,1.554290391504764557e-02,1.817863285541534424e-01,1.239220425486564636e-01,-3.456614017486572266e-01,-3.023191094398498535e-01,-3.724797964096069336e-01,-2.570900321006774902e-01,-3.727667927742004395e-01,-2.595955729484558105e-01,-1.852725744247436523e-01,5.384610500186681747e-03,-2.308400273323059082e-01,-1.770779341459274292e-01,-3.130553290247917175e-03,2.683507502079010010e-01,-3.424832224845886230e-02,1.630830615758895874e-01,4.589386582374572754e-01,4.957999885082244873e-01,4.990473389625549316e-01,3.038029670715332031e-01,3.474302291870117188e-01,2.534595131874084473e-01,2.093531638383865356e-01,4.963569045066833496e-01,-1.879359334707260132e-01,-5.400550365447998047e-02,1.918608695268630981e-02,-1.233546510338783264e-01,1.194056868553161621e-01,2.411134839057922363e-01,1.136152669787406921e-01,1.485029757022857666e-01,1.175750568509101868e-01,-6.032660230994224548e-02,4.371565207839012146e-02,4.740421473979949951e-02,-7.812782377004623413e-02,-9.358789026737213135e-02,1.919358074665069580e-01,1.705406308174133301e-01,4.068820774555206299e-01,3.597778975963592529e-01,3.616459071636199951e-01,5.500549674034118652e-01,1.031530052423477173e-01,3.327420353889465332e-01,3.099843561649322510e-01,4.425729215145111084e-01,2.091610878705978394e-01,5.595398545265197754e-01,9.523937106132507324e-02,4.042558968067169189e-01,-1.404748111963272095e-01,2.290883660316467285e-01,2.697892487049102783e-01,1.917246580123901367e-01,3.101977109909057617e-01,3.897500932216644287e-01,-4.389722272753715515e-02,9.646022319793701172e-02,3.883454483002424240e-03,1.509256958961486816e-01,1.411852091550827026e-01,1.262244880199432373e-01,-2.887396141886711121e-02,1.033858731389045715e-01,9.187088161706924438e-02,1.210062429308891296e-01,2.756020128726959229e-01,2.014147788286209106e-01,2.443128377199172974e-01,1.944614648818969727e-01,1.693953722715377808e-01,-1.299916803836822510e-01,7.407286763191223145e-02,2.445670962333679199e-01
-4.405738040804862976e-02,-2.989812195301055908e-01,1.165192276239395142e-01,-2.266847491264343262e-01,7.483180165290832520e-01,4.145318865776062012e-01,3.581505417823791504e-01,6.075768917798995972e-02,1.000000596046447754e+00,7.415387630462646484e-01,6.172446012496948242e-01,1.165424585342407227e-01,5.607804656028747559e-01,-2.599561354145407677e-03,6.521007418632507324e-01,2.742412686347961426e-01,4.352172911167144775e-01,2.854140996932983398e-01,-5.997227877378463745e-02,-1.049414947628974915e-01,5.746685266494750977e-01,5.174537897109985352e-01,-3.362725377082824707e-01,-4.644292891025543213e-01,1.863506734371185303e-01,1.781403645873069763e-02,9.258304536342620850e-02,-6.987170130014419556e-02,5.359390974044799805e-01,7.882685959339141846e-02,1.397998034954071045e-01,-7.289556413888931274e-02,-7.341232150793075562e-02,-2.519218921661376953e-01,-8.373228460550308228e-02,-1.475378125905990601e-01,6.023555994033813477e-02,1.017181947827339172e-02,2.728110849857330322e-01,3.425616398453712463e-02,7.226512581110000610e-02,-1.103972122073173523e-01,1.423900723457336426e-01,5.119996517896652222e-02,1.431921217590570450e-02,5.151787772774696350e-03,1.026035323739051819e-01,-7.538244128227233887e-02,3.492340072989463806e-02,1.338570564985275269e-01,-2.182386629283428192e-02,-3.660984802991151810e-03,-2.545706629753112793e-01,-4.662275910377502441e-01,1.794788539409637451e-01,-1.294827312231063843e-01,-2.279577776789665222e-02,5.992664024233818054e-02,-2.374622970819473267e-01,4.068138897418975830e-01,-5.017896648496389389e-03,8.228985965251922607e-02,-2.535204589366912842e-02,-2.989677488803863525e-01,3.299994021654129028e-02,-7.368911802768707275e-02,-4.214128851890563965e-02,-9.147801320068538189e-04,-5.418096110224723816e-02,-6.774245947599411011e-02,9.400707483291625977e-02,5.424348637461662292e-03,1.482443660497665405e-01,1.070407778024673462e-01,1.116426959633827209e-01,7.710210233926773071e-02,1.708072870969772339e-01,3.023700043559074402e-02,1.021776646375656128e-01,1.211935058236122131e-01,1.325579881668090820e-01,5.585090070962905884e-02,2.931582927703857422e-01,-1.166227385401725769e-01,3.729604184627532959e-01,9.110608138144016266e-03,2.125191092491149902e-01,-8.830332010984420776e-02,5.018841028213500977e-01,-9.995639324188232422e-03,1.218589320778846741e-01,-2.116317003965377808e-01,7.789313793182373047e-02,-2.128791958093643188e-01,9.459471702575683594e-02,-2.461982704699039459e-02,-5.142633337527513504e-03,-2.591983377933502197e-01,6.068340316414833069e-02,-2.266486585140228271e-01,8.136274665594100952e-02,-1.389175653457641602e-01,1.852085888385772705e-01,1.513054221868515015e-01,2.890729308128356934e-01,2.941943109035491943e-01,1.598638445138931274e-01,-3.447468206286430359e-02,-3.202207684516906738e-01,2.765878289937973022e-02,-2.824299335479736328e-01,-4.093474745750427246e-01,-2.923921644687652588e-01,5.526149645447731018e-02,3.974822759628295898e-01,3.787520527839660645e-01
-4.737558960914611816e-02,-1.860521137714385986e-01,-4.879165813326835632e-02,-1.410676389932632446e-01,5.930898785591125488e-01,5.250723361968994141e-01,1.818241477012634277e-01,1.337064057588577271e-01,7.415387630462646484e-01,9.999997615814208984e-01,5.225006341934204102e-01,2.029689252376556396e-01,4.003111720085144043e-01,1.226533725857734680e-01,4.555161893367767334e-01,4.762748181819915771e-01,3.222872018814086914e-01,3.140935301780700684e-01,-1.372099071741104126e-01,-6.403067708015441895e-02,5.470100641250610352e-01,5.522043704986572266e-01,-3.246753811836242676e-01,-3.774370551109313965e-01,1.176509037613868713e-01,9.126134216785430908e-02,9.379704296588897705e-02,4.280930757522583008e-02,4.068502187728881836e-01,1.422453671693801880e-01,1.295744776725769043e-01,1.721367798745632172e-02,-6.048483774065971375e-02,-1.946261376142501831e-01,-4.040731117129325867e-02,-4.511360079050064087e-02,1.400617957115173340e-01,1.014542728662490845e-01,2.280672639608383179e-01,6.473284959793090820e-02,1.055935844779014587e-01,-3.332783654332160950e-02,1.358770281076431274e-01,6.874948740005493164e-02,7.286775857210159302e-02,3.888646513223648071e-02,7.481234520673751831e-02,1.905570551753044128e-02,8.191308937966823578e-03,1.194918006658554077e-01,-5.330730229616165161e-02,-3.137069195508956909e-02,-3.683400750160217285e-01,-3.566291034221649170e-01,3.470751270651817322e-02,-4.665187001228332520e-02,-3.297448530793190002e-02,1.187685057520866394e-01,-6.368761509656906128e-02,2.150840759277343750e-01,9.294003248214721680e-03,9.646125882863998413e-02,-1.468744128942489624e-01,-1.544118076562881470e-01,6.969849579036235809e-03,-1.023628860712051392e-01,5.192815884947776794e-02,1.443164702504873276e-02,-4.773765057325363159e-02,-7.074890285730361938e-02,1.386602669954299927e-01,8.573005348443984985e-02,1.544213742017745972e-01,1.327837258577346802e-01,1.369142979383468628e-01,1.020342558622360229e-01,1.879718303680419922e-01,1.092182323336601257e-01,-3.485453128814697266e-02,8.980161696672439575e-02,4.984946176409721375e-02,1.177003681659698486e-01,1.419773548841476440e-01,2.056068181991577148e-02,2.578198015689849854e-01,5.849437415599822998e-02,1.628007292747497559e-01,4.478245973587036133e-02,3.387030363082885742e-01,5.026423558592796326e-02,-2.488180622458457947e-02,-1.720881909132003784e-01,4.117919132113456726e-03,-7.972756773233413696e-02,3.671090304851531982e-02,-1.084413938224315643e-02,7.881188648752868176e-04,-1.554858088493347168e-01,-9.917262941598892212e-03,-1.673503220081329346e-01,5.027340725064277649e-02,-4.079661145806312561e-02,1.456087827682495117e-01,1.745949983596801758e-01,1.662967652082443237e-01,2.984659075736999512e-01,1.889146566390991211e-01,-5.090852733701467514e-03,-2.941045463085174561e-01,6.005326658487319946e-02,-2.092590183019638062e-01,-3.499597609043121338e-01,-2.436976730823516846e-01,2.447652257978916168e-02,3.380210995674133301e-01,3.160997033119201660e-01
1.871651709079742432e-01,-1.731344461441040039e-01,1.586469411849975586e-01,-4.985910281538963318e-02,5.022655129432678223e-01,1.989211291074752808e-01,3.884558975696563721e-01,1.536229252815246582e-01,6.172446012496948242e-01,5.225006341934204102e-01,1.000000357627868652e+00,2.556833922863006592e-01,7.419533729553222656e-01,1.987592279911041260e-01,4.974753260612487793e-01,2.303662449121475220e-01,6.630632281303405762e-01,4.231016635894775391e-01,8.621432632207870483e-02,4.128216207027435303e-02,4.307145178318023682e-01,3.789197802543640137e-01,-2.475034445524215698e-01,-3.505838215351104736e-01,-2.487740106880664825e-02,-6.906545907258987427e-02,-4.059858620166778564e-02,-1.040510088205337524e-01,6.678664088249206543e-01,1.669129580259323120e-01,9.374012053012847900e-02,-1.148683056235313416e-01,3.430389985442161560e-02,-1.402175724506378174e-01,-1.925388909876346588e-02,8.321890980005264282e-02,2.145750075578689575e-01,-2.694514580070972443e-02,2.864226698875427246e-01,-8.249045349657535553e-03,2.948559522628784180e-01,-1.818588674068450928e-01,2.063187658786773682e-01,8.534363657236099243e-02,1.045154873281717300e-02,2.635937929153442383e-02,1.623245477676391602e-01,1.109012681990861893e-02,-3.288519382476806641e-02,4.614247009158134460e-02,-9.128499776124954224e-02,-6.250382214784622192e-02,-2.237964272499084473e-01,-3.165774047374725342e-01,2.404946535825729370e-01,1.753233559429645538e-02,5.508291069418191910e-03,2.464578859508037567e-02,-1.329990327358245850e-01,2.601321935653686523e-01,1.861442029476165771e-01,2.115040719509124756e-01,1.049394458532333374e-01,-9.295023977756500244e-02,3.250550106167793274e-02,6.391220539808273315e-02,9.396302700042724609e-02,1.751520782709121704e-01,7.099117338657379150e-02,2.570756338536739349e-02,1.531484723091125488e-01,-2.415407262742519379e-02,3.217011392116546631e-01,2.126038260757923126e-02,2.527569532394409180e-01,5.414606258273124695e-02,1.895159631967544556e-01,-4.097048565745353699e-02,1.843570321798324585e-01,1.942549198865890503e-01,3.803686797618865967e-01,3.159112036228179932e-01,2.126400172710418701e-01,-8.654247969388961792e-02,5.786254405975341797e-01,2.989649772644042969e-01,-3.539209440350532532e-02,-1.673890203237533569e-01,5.637314319610595703e-01,1.278058737516403198e-01,1.513043940067291260e-01,-1.476966589689254761e-01,1.051517128944396973e-01,-9.579529613256454468e-02,1.881026178598403931e-01,6.195415928959846497e-02,-8.996524661779403687e-02,-2.333802580833435059e-01,1.209882199764251709e-01,-5.822252109646797180e-02,2.616333067417144775e-01,-2.133349329233169556e-02,4.418131709098815918e-01,3.702909946441650391e-01,4.665610790252685547e-01,4.292291700839996338e-01,3.463430702686309814e-01,2.150112092494964600e-01,-3.075492382049560547e-01,-7.328034192323684692e-02,-2.881224155426025391e-01,-4.153933227062225342e-01,-3.054900169372558594e-01,2.597562372684478760e-01,4.820850193500518799e-01,3.045874238014221191e-01
2.525553405284881592e-01,5.117403268814086914e-01,1.576276421546936035e-01,4.102413058280944824e-01,2.592248320579528809e-01,3.530243039131164551e-01,3.310094475746154785e-01,5.296440720558166504e-01,1.165424585342407227e-01,2.029689252376556396e-01,2.556833922863006592e-01,9.999997615814208984e-01,3.477801680564880371e-01,6.123511791229248047e-01,8.822613954544067383e-02,2.924374043941497803e-01,3.139957487583160400e-01,5.543956160545349121e-01,1.680404841899871826e-01,2.643736302852630615e-01,3.181680738925933838e-01,2.308365255594253540e-01,2.271507233381271362e-01,2.622849047183990479e-01,2.587779760360717773e-01,3.371705114841461182e-01,3.074431717395782471e-01,3.862604796886444092e-01,1.646131277084350586e-01,5.375766158103942871e-01,2.383238971233367920e-01,3.021161258220672607e-01,2.367718704044818878e-02,2.551018632948398590e-02,-1.157329380512237549e-01,-5.118579417467117310e-02,-5.863575264811515808e-02,2.149326503276824951e-01,-9.952069073915481567e-02,1.164005920290946960e-01,1.198346912860870361e-01,2.310686260461807251e-01,-2.369662225246429443e-01,-1.871390938758850098e-01,-2.436431944370269775e-01,-1.329277306795120239e-01,-2.501853704452514648e-01,-2.630591988563537598e-01,-1.456773877143859863e-01,1.897099777124822140e-03,-2.177355140447616577e-01,-1.536347717046737671e-01,-2.219680994749069214e-01,2.590895630419254303e-02,-1.940318644046783447e-01,8.603093028068542480e-02,1.032577827572822571e-01,3.532736599445343018e-01,2.444346100091934204e-01,1.083172932267189026e-01,-4.125110805034637451e-03,2.264884859323501587e-01,-6.809717416763305664e-02,2.921857237815856934e-01,-2.527198791503906250e-01,-1.268743444234132767e-02,-1.414472237229347229e-02,-2.513356506824493408e-01,1.199991554021835327e-01,1.032954975962638855e-01,2.720229625701904297e-01,3.779941499233245850e-01,8.786147087812423706e-02,3.061975836753845215e-01,3.473771736025810242e-02,2.858328819274902344e-01,-2.228518202900886536e-02,1.048270091414451599e-01,1.227430179715156555e-01,3.493108451366424561e-01,2.466807663440704346e-01,4.132298827171325684e-01,7.735907286405563354e-02,2.862087488174438477e-01,1.273504048585891724e-01,2.807110548019409180e-01,6.476096063852310181e-02,1.624820977449417114e-01,6.269405782222747803e-02,3.761077225208282471e-01,-9.575264900922775269e-02,1.229116693139076233e-01,-2.835072576999664307e-01,6.881825625896453857e-03,2.838532254099845886e-02,1.249827072024345398e-01,7.686176151037216187e-02,3.123572170734405518e-01,-1.036642417311668396e-01,-1.980971917510032654e-02,-1.060339882969856262e-01,1.772629097104072571e-03,6.160034611821174622e-02,7.627271115779876709e-02,-7.272142171859741211e-02,1.134538948535919189e-01,1.459869276732206345e-02,2.379890978336334229e-01,2.510378696024417877e-02,-2.164350450038909912e-02,6.658985465764999390e-02,-3.063622629269957542e-03,-3.735798224806785583e-02,-5.180686339735984802e-02,8.615228533744812012e-02,9.713473916053771973e-02
2.993906140327453613e-01,-1.799223944544792175e-02,3.119176030158996582e-01,1.208276301622390747e-01,5.895994305610656738e-01,2.436028718948364258e-01,5.798478126525878906e-01,3.651598691940307617e-01,5.607804656028747559e-01,4.003111720085144043e-01,7.419533729553222656e-01,3.477801680564880371e-01,9.999999403953552246e-01,3.988761007785797119e-01,6.099494099617004395e-01,3.278848826885223389e-01,6.054407358169555664e-01,3.867583274841308594e-01,1.438498646020889282e-01,1.005635336041450500e-01,4.119240343570709229e-01,2.984420657157897949e-01,-5.538270249962806702e-02,-1.705839037895202637e-01,2.173311114311218262e-01,1.017994210124015808e-01,2.252432256937026978e-01,1.093494445085525513e-01,6.816477775573730469e-01,3.244046568870544434e-01,2.207735180854797363e-01,2.075832337141036987e-02,-8.274152874946594238e-03,-9.313834458589553833e-02,-5.246853828430175781e-02,3.652846813201904297e-02,1.542263925075531006e-01,-3.688995540142059326e-02,2.531668543815612793e-01,2.604768052697181702e-02,3.663805425167083740e-01,-7.922337390482425690e-03,-1.250389963388442993e-02,-1.050554960966110229e-01,-2.359214425086975098e-01,-1.362016350030899048e-01,-4.525550082325935364e-02,-1.707947254180908203e-01,-1.258999854326248169e-01,2.525043301284313202e-02,-2.448308318853378296e-01,-2.091602236032485962e-01,-1.067226231098175049e-01,-1.417874693870544434e-01,2.773622274398803711e-01,7.422326505184173584e-02,1.870360672473907471e-01,1.744460910558700562e-01,-2.548898011445999146e-02,4.237329065799713135e-01,2.343957573175430298e-01,2.380208522081375122e-01,2.452455312013626099e-01,6.022903695702552795e-02,-1.739492118358612061e-01,2.305886708199977875e-02,2.178921550512313843e-02,6.873237341642379761e-02,6.611216813325881958e-02,3.332648798823356628e-02,1.662980169057846069e-01,-9.671514853835105896e-03,2.817057669162750244e-01,-3.710550081450492144e-04,1.756016165018081665e-01,4.122940078377723694e-02,1.192318871617317200e-01,-5.594636499881744385e-02,2.829829156398773193e-01,2.466247230768203735e-01,4.746571183204650879e-01,3.460862338542938232e-01,4.686867594718933105e-01,1.402996182441711426e-01,4.783781766891479492e-01,3.331679403781890869e-01,1.965430080890655518e-01,6.337527930736541748e-02,6.189651489257812500e-01,3.299250900745391846e-01,2.893711030483245850e-01,7.777854055166244507e-02,1.057797670364379883e-01,1.196532510221004486e-02,2.785454690456390381e-01,1.754988878965377808e-01,3.093679808080196381e-02,-6.802988052368164062e-02,9.087541699409484863e-02,-3.102968260645866394e-02,2.324065119028091431e-01,2.382767759263515472e-02,3.890936970710754395e-01,3.023408353328704834e-01,3.770717382431030273e-01,3.834652900695800781e-01,2.346265017986297607e-01,1.492477655410766602e-01,-1.019886210560798645e-01,-2.676644548773765564e-02,-1.658695340156555176e-01,-2.625291943550109863e-01,-1.423270553350448608e-01,1.602102071046829224e-01,3.821676671504974365e-01,3.677594065666198730e-01
