1.000000238418579102e+00,2.449618279933929443e-01,2.886038422584533691e-01,1.776871681213378906e-01,1.375295519828796387e-01,1.375637799501419067e-01,3.655948340892791748e-01,1.803640127182006836e-01,-1.408340036869049072e-02,1.204048693180084229e-01,3.288016021251678467e-01,3.205687999725341797e-01,2.076915353536605835e-01,4.683423414826393127e-02,7.556388527154922485e-02,9.381704777479171753e-02,2.883087694644927979e-01,1.751219332218170166e-01,-6.531693041324615479e-02,1.604364439845085144e-02,-1.113153696060180664e-01,-1.108146533370018005e-01,-8.298530429601669312e-02,-6.166877970099449158e-02,5.807732790708541870e-02,3.006943501532077789e-02,7.859060540795326233e-03,1.825970970094203949e-02,2.372682690620422363e-01,9.917816519737243652e-02,-1.325477063655853271e-01,-1.345325112342834473e-01,1.916652470827102661e-01,2.468464663252234459e-03,2.113766670227050781e-01,6.869278103113174438e-02,1.932530254125595093e-01,-7.577765267342329025e-03,1.539010107517242432e-01,2.391431014984846115e-03,1.546166986227035522e-01,9.310903400182723999e-02,2.132596373558044434e-01,1.584044843912124634e-01,2.592317294329404831e-03,-3.550444263964891434e-03,2.908127307891845703e-01,9.029699862003326416e-02,7.317466288805007935e-02,-3.698630630970001221e-02,2.079729139804840088e-01,-1.270983647555112839e-02,2.438801378011703491e-01,4.811285808682441711e-02,1.997081935405731201e-01,-7.699807733297348022e-02,5.131784677505493164e-01,1.649655848741531372e-01,1.169660240411758423e-01,3.398901596665382385e-02,3.372981846332550049e-01,1.711792200803756714e-01,2.423655539751052856e-01,1.460155397653579712e-01,2.848212122917175293e-01,1.271367669105529785e-01,2.285840660333633423e-01,2.445886582136154175e-01,1.661102324724197388e-01,1.960194706916809082e-01,-1.233278959989547729e-02,2.963635139167308807e-03,1.584679782390594482e-01,1.036321967840194702e-01,-1.689760573208332062e-02,-7.598888128995895386e-02,1.841057240962982178e-01,1.011885926127433777e-01,1.152131855487823486e-01,4.638861399143934250e-03,2.066443413496017456e-01,1.084774509072303772e-01,2.298341691493988037e-02,3.435185179114341736e-02,3.642806112766265869e-01,1.126372963190078735e-01,-3.881518542766571045e-02,5.404554679989814758e-02,2.615407705307006836e-01,5.740520730614662170e-02,1.936151534318923950e-01,-1.731176301836967468e-02,2.479264289140701294e-01,9.014113992452621460e-02,-3.912466764450073242e-02,-6.724625825881958008e-02,-5.226401146501302719e-03,-4.484882578253746033e-02,7.163142412900924683e-02,-6.434055417776107788e-02,1.502021402120590210e-01,-2.294926904141902924e-02,-2.128797210752964020e-02,-4.091149196028709412e-02,-1.420057713985443115e-01,7.411519763991236687e-04,-1.191460937261581421e-01,-1.882347613573074341e-01,4.058406874537467957e-02,-2.430325932800769806e-02,5.200225394219160080e-03,-3.814633563160896301e-02,1.426316332072019577e-02,-5.140428245067596436e-02,-2.847872674465179443e-02,4.121030494570732117e-02
2.449618279933929443e-01,9.999997615814208984e-01,1.864722371101379395e-01,3.082132637500762939e-01,1.734502464532852173e-01,1.480175256729125977e-01,2.032686024904251099e-01,2.617940306663513184e-01,2.927807271480560303e-01,1.483637243509292603e-01,-8.321236073970794678e-02,2.356377989053726196e-01,6.241577118635177612e-02,1.015016660094261169e-01,1.816905289888381958e-01,3.502288833260536194e-02,-7.396268099546432495e-02,1.292409002780914307e-01,9.400424361228942871e-02,2.793584465980529785e-01,-9.313303977251052856e-03,6.547451764345169067e-02,1.082663312554359436e-01,1.511330902576446533e-01,1.328816115856170654e-01,1.223920807242393494e-01,1.264847069978713989e-01,1.529347300529479980e-01,-4.094674065709114075e-02,1.055482104420661926e-01,1.910642534494400024e-02,3.749466687440872192e-02,1.364843100309371948e-01,1.691746115684509277e-01,3.984523564577102661e-02,4.914802312850952148e-02,1.120418310165405273e-02,1.390458941459655762e-01,-6.290373206138610840e-02,1.748195588588714600e-01,-2.885822951793670654e-02,1.653739660978317261e-01,4.190266877412796021e-02,2.476951479911804199e-01,3.715712577104568481e-02,1.655056327581405640e-01,1.697074063122272491e-02,6.816604733467102051e-02,8.133287727832794189e-02,2.539239525794982910e-01,6.022125110030174255e-02,3.535822033882141113e-01,-2.754377759993076324e-02,1.805518120527267456e-01,-5.404544621706008911e-02,2.389566898345947266e-01,2.528221309185028076e-01,5.589586496353149414e-01,-8.378052711486816406e-02,6.227646023035049438e-02,8.679521083831787109e-02,2.436915487051010132e-01,-9.500484913587570190e-02,3.953156471252441406e-01,-1.226962804794311523e-01,3.801294835284352303e-03,1.211125217378139496e-02,4.517747089266777039e-02,1.735344231128692627e-01,2.929638028144836426e-01,3.929764404892921448e-02,3.180517256259918213e-02,1.098175123333930969e-01,1.405435502529144287e-01,-1.070439442992210388e-02,1.114046201109886169e-01,6.456559151411056519e-02,1.465341746807098389e-01,-1.589613556861877441e-01,-1.165839880704879761e-01,-2.514782547950744629e-01,6.021571531891822815e-02,-1.559353619813919067e-01,3.070194423198699951e-01,-2.131911367177963257e-01,4.176370799541473389e-01,-1.358917914330959320e-02,2.935579121112823486e-01,-6.734206527471542358e-02,4.579493105411529541e-01,-2.259576879441738129e-02,2.752822935581207275e-01,6.800633668899536133e-02,3.190091848373413086e-01,-6.798107177019119263e-02,-5.633876100182533264e-02,-1.267636269330978394e-01,-8.818660676479339600e-02,-3.733005374670028687e-02,1.573986858129501343e-01,9.733463078737258911e-02,3.361158370971679688e-01,-3.575792163610458374e-02,1.574616134166717529e-01,-1.872795969247817993e-01,4.563222080469131470e-02,-1.453120410442352295e-01,8.126442134380340576e-02,-1.355109922587871552e-02,-7.169598340988159180e-02,-9.112081676721572876e-02,-7.361721247434616089e-02,-6.919488310813903809e-02,-1.583180725574493408e-01,-1.078191995620727539e-01,-4.571840167045593262e-02
2.886038422584533691e-01,1.864722371101379395e-01,9.999994635581970215e-01,7.754949927330017090e-01,3.328899741172790527e-01,3.194164335727691650e-01,7.885916233062744141e-01,6.543362140655517578e-01,4.884968101978302002e-01,4.722598195075988770e-01,4.187469482421875000e-01,4.108964502811431885e-01,6.543004512786865234e-01,4.766949713230133057e-01,4.461992383003234863e-01,3.035627305507659912e-01,3.746321499347686768e-01,4.174240827560424805e-01,4.430030286312103271e-01,4.721269309520721436e-01,2.673908770084381104e-01,1.975352466106414795e-01,6.090608239173889160e-01,6.071268916130065918e-01,3.533722758293151855e-01,3.180676102638244629e-01,3.526531457901000977e-01,3.691517114639282227e-01,5.121151804924011230e-01,4.845982789993286133e-01,4.862180352210998535e-01,5.154771208763122559e-01,3.416640162467956543e-01,4.000647962093353271e-01,6.885668635368347168e-02,1.124313175678253174e-01,3.097711205482482910e-01,2.779465019702911377e-01,3.759597539901733398e-01,3.352453112602233887e-01,3.872205018997192383e-01,4.071648418903350830e-01,-1.720785945653915405e-01,-2.177608907222747803e-01,-8.203078806400299072e-02,-1.522552818059921265e-01,-2.300855070352554321e-01,-1.714446842670440674e-01,-1.298398971557617188e-01,-1.480152457952499390e-01,-2.587946951389312744e-01,-1.767815053462982178e-01,-3.450494706630706787e-01,-2.390404194593429565e-01,1.926271617412567139e-01,1.039841026067733765e-01,-8.711046539247035980e-03,5.556424334645271301e-02,3.506551310420036316e-02,6.743388622999191284e-02,-1.159713119268417358e-01,-2.106143720448017120e-02,-1.931499540805816650e-01,-4.908404313027858734e-03,-5.576875433325767517e-02,-6.180807482451200485e-03,1.400380581617355347e-01,1.981560438871383667e-01,3.287094533443450928e-01,2.563011944293975830e-01,3.421163260936737061e-01,4.521669149398803711e-01,4.339898526668548584e-01,4.043895304203033447e-01,3.497332930564880371e-01,2.246768325567245483e-01,2.203730344772338867e-01,1.956796795129776001e-01,3.159367740154266357e-01,2.722520232200622559e-01,2.543583810329437256e-01,2.955548167228698730e-01,2.331035137176513672e-01,2.632238864898681641e-01,1.630133837461471558e-01,4.790717735886573792e-02,3.956130743026733398e-01,4.732573628425598145e-01,3.203290700912475586e-01,2.044614106416702271e-01,-2.145665735006332397e-01,-1.282100081443786621e-01,-2.025887370109558105e-01,-5.499439686536788940e-02,2.153242379426956177e-01,2.324654161930084229e-01,1.401268839836120605e-01,1.745377182960510254e-01,-1.034746170043945312e-01,-1.004046648740768433e-01,8.224305510520935059e-02,9.230829030275344849e-02,6.601109355688095093e-02,2.018973380327224731e-01,1.299200356006622314e-01,2.051957994699478149e-01,1.944461166858673096e-01,2.033140212297439575e-01,1.130302175879478455e-01,1.798159778118133545e-01,3.391999751329421997e-02,-9.513869136571884155e-02,-1.809758245944976807e-01,-3.838445618748664856e-02,6.081762164831161499e-02,8.005813509225845337e-02
1.776871681213378906e-01,3.082132637500762939e-01,7.754949927330017090e-01,9.999995231628417969e-01,2.923388183116912842e-01,2.814807295799255371e-01,6.942198872566223145e-01,7.778046131134033203e-01,4.800167381763458252e-01,4.487617015838623047e-01,3.228226006031036377e-01,4.672491848468780518e-01,6.371703147888183594e-01,6.110593080520629883e-01,3.701859116554260254e-01,1.968408226966857910e-01,2.744444012641906738e-01,4.518242478370666504e-01,5.933232307434082031e-01,6.126418113708496094e-01,2.031268030405044556e-01,1.822027564048767090e-01,6.946623325347900391e-01,7.454105019569396973e-01,2.957994639873504639e-01,2.902669906616210938e-01,3.520707488059997559e-01,3.635575175285339355e-01,3.373400568962097168e-01,4.885500371456146240e-01,4.934710860252380371e-01,5.518904924392700195e-01,3.878004252910614014e-01,5.018532872200012207e-01,9.552076226100325584e-04,6.958258897066116333e-02,1.755623519420623779e-01,2.374818474054336548e-01,2.642619013786315918e-01,2.686834335327148438e-01,2.362827360630035400e-01,3.308850824832916260e-01,-1.303109079599380493e-01,-1.617661267518997192e-01,-2.423847094178199768e-02,-1.382375061511993408e-01,-3.071489930152893066e-01,-2.197397202253341675e-01,-1.200971901416778564e-01,-8.756941556930541992e-02,-3.130310177803039551e-01,-1.283465027809143066e-01,-4.367024004459381104e-01,-2.028800696134567261e-01,5.131334438920021057e-02,8.524052053689956665e-02,-5.581638962030410767e-02,1.520495712757110596e-01,-1.667700521647930145e-02,1.201274394989013672e-01,-1.547825783491134644e-01,4.782963171601295471e-02,-2.773489654064178467e-01,1.096505224704742432e-01,-1.429887264966964722e-01,2.886182814836502075e-02,1.249567046761512756e-01,2.462179213762283325e-01,4.931472241878509521e-01,4.027931094169616699e-01,2.593760788440704346e-01,3.675701916217803955e-01,3.229601383209228516e-01,3.193423151969909668e-01,2.691647112369537354e-01,2.224585860967636108e-01,1.229232773184776306e-01,1.477836221456527710e-01,2.473576962947845459e-01,2.849867939949035645e-01,1.216037645936012268e-01,3.664422333240509033e-01,7.624983787536621094e-02,2.839759290218353271e-01,2.530383504927158356e-02,1.575330793857574463e-01,3.874212205410003662e-01,5.226274132728576660e-01,1.704016178846359253e-01,2.627648115158081055e-01,-2.781440913677215576e-01,-6.045338883996009827e-02,-2.406657487154006958e-01,-2.312723547220230103e-02,1.466207802295684814e-01,1.810375452041625977e-01,4.677148535847663879e-02,6.840147823095321655e-02,-1.322891414165496826e-01,-6.928155571222305298e-02,2.881914936006069183e-02,1.450237035751342773e-01,-1.560376863926649094e-02,2.013761848211288452e-01,1.552859693765640259e-01,1.858974695205688477e-01,1.863510012626647949e-01,2.133663594722747803e-01,-1.495593134313821793e-02,9.534979611635208130e-02,-3.867749124765396118e-02,-5.873514339327812195e-02,-2.100624144077301025e-01,-9.234792739152908325e-02,1.719568669795989990e-02,3.364083543419837952e-02
1.375295519828796387e-01,1.734502464532852173e-01,3.328899741172790527e-01,2.923388183116912842e-01,1.000000000000000000e+00,7.887933850288391113e-01,3.167951703071594238e-01,2.757347524166107178e-01,5.618335604667663574e-01,4.966449141502380371e-01,1.704849302768707275e-01,1.931469589471817017e-01,3.152720034122467041e-01,2.040408849716186523e-01,5.151931047439575195e-01,3.682677447795867920e-01,-2.739502303302288055e-02,2.023348212242126465e-01,1.011388823390007019e-01,1.545332074165344238e-01,-6.598562747240066528e-02,-1.314622908830642700e-01,2.576545476913452148e-01,2.462552785873413086e-01,7.203984856605529785e-01,6.819257736206054688e-01,5.824562311172485352e-01,5.671799778938293457e-01,2.352766096591949463e-01,2.037490755319595337e-01,1.257685869932174683e-01,1.276486963033676147e-01,7.581060379743576050e-02,5.087123438715934753e-02,-5.361587181687355042e-02,-1.809677481651306152e-02,4.296575859189033508e-02,1.046430170536041260e-01,1.958021521568298340e-01,3.702304363250732422e-01,1.575157791376113892e-01,2.120881527662277222e-01,-8.155176043510437012e-02,-5.887867137789726257e-02,1.175240799784660339e-02,2.731938287615776062e-02,-1.695810258388519287e-01,-1.603559106588363647e-01,1.878849789500236511e-02,1.121789403259754181e-02,-7.233788818120956421e-02,-6.811452098190784454e-03,-2.161563038825988770e-01,-1.499617546796798706e-01,9.000235050916671753e-02,1.925013363361358643e-01,-1.553401350975036621e-02,1.190848425030708313e-01,6.557530164718627930e-02,8.022905141115188599e-02,7.392320781946182251e-02,7.913092523813247681e-02,-1.642065942287445068e-01,-6.775493919849395752e-02,4.912010580301284790e-02,4.534374177455902100e-02,1.085563749074935913e-01,1.010332033038139343e-01,1.497702449560165405e-01,1.514622718095779419e-01,9.925203770399093628e-02,7.796161621809005737e-02,2.283765226602554321e-01,2.449556589126586914e-01,7.151428610086441040e-02,8.648327738046646118e-02,1.406593024730682373e-01,1.996788978576660156e-01,-4.163173213601112366e-02,-5.795943737030029297e-02,1.171971391886472702e-02,1.595459580421447754e-01,1.566810011863708496e-01,1.896305829286575317e-01,-1.660443656146526337e-02,5.126863345503807068e-02,2.224747687578201294e-01,3.314933478832244873e-01,1.056932285428047180e-01,9.450323879718780518e-02,-2.350854128599166870e-01,-1.491556018590927124e-01,-2.152676135301589966e-01,-1.405484974384307861e-01,4.995527118444442749e-02,2.993406727910041809e-02,-2.454532496631145477e-02,5.033541843295097351e-02,-1.675228476524353027e-01,-1.400802731513977051e-01,-5.957712233066558838e-02,-2.892778813838958740e-02,-7.080157101154327393e-02,-1.036775205284357071e-02,-4.601916298270225525e-02,-2.038965001702308655e-02,-2.508767065592110157e-04,3.791770711541175842e-02,2.572756074368953705e-02,1.025979667901992798e-01,-1.758556067943572998e-01,-2.725609242916107178e-01,-2.870891690254211426e-01,-3.776023089885711670e-01,-2.944399416446685791e-01,4.066938906908035278e-02
1.375637799501419067e-01,1.480175256729125977e-01,3.194164335727691650e-01,2.814807295799255371e-01,7.887933850288391113e-01,9.999998211860656738e-01,3.094186484813690186e-01,3.148506879806518555e-01,5.383495688438415527e-01,5.745671391487121582e-01,2.289188951253890991e-01,3.001186847686767578e-01,3.245034813880920410e-01,2.260838001966476440e-01,5.910183191299438477e-01,4.732258021831512451e-01,-1.893497887067496777e-03,2.532075345516204834e-01,1.865677163004875183e-02,8.640575408935546875e-02,1.665197126567363739e-02,-7.789188623428344727e-02,1.783479452133178711e-01,1.757061034440994263e-01,7.367548346519470215e-01,7.322315573692321777e-01,6.189748048782348633e-01,6.311923861503601074e-01,3.180086612701416016e-01,2.911061644554138184e-01,1.514903753995895386e-01,1.704666167497634888e-01,8.679381757974624634e-02,3.325050324201583862e-02,-4.891079291701316833e-02,-8.543852716684341431e-03,6.051485985517501831e-02,1.058020517230033875e-01,2.584005296230316162e-01,3.722325265407562256e-01,2.665141224861145020e-01,3.081363141536712646e-01,-7.085514813661575317e-02,-7.622304558753967285e-02,8.139848709106445312e-02,1.015560477972030640e-01,-1.888724714517593384e-01,-1.710816770792007446e-01,1.049241051077842712e-01,6.294650584459304810e-02,-3.863245993852615356e-02,1.586853899061679840e-02,-2.224076092243194580e-01,-1.395187973976135254e-01,4.961693286895751953e-02,1.532198339700698853e-01,-4.553059116005897522e-02,1.929853707551956177e-01,1.914845556020736694e-01,1.998387426137924194e-01,1.157454550266265869e-01,1.588800996541976929e-01,-1.670503020286560059e-01,1.181652187369763851e-03,1.208174601197242737e-01,1.309421062469482422e-01,2.262043505907058716e-01,1.845370531082153320e-01,1.050503924489021301e-01,1.603582054376602173e-01,1.435662358999252319e-01,1.423847526311874390e-01,2.586137950420379639e-01,3.309435844421386719e-01,9.055367857217788696e-02,7.769731432199478149e-02,1.314905285835266113e-01,1.921611130237579346e-01,-4.248259123414754868e-03,2.600253932178020477e-02,1.343383453786373138e-02,2.229453772306442261e-01,2.003117501735687256e-01,2.383315861225128174e-01,-1.758154248818755150e-03,1.010478883981704712e-01,1.907592415809631348e-01,3.162135779857635498e-01,1.075055226683616638e-01,8.158975839614868164e-02,-3.337680101394653320e-01,-2.072271257638931274e-01,-3.070620894432067871e-01,-1.924307644367218018e-01,7.193969190120697021e-02,6.055203825235366821e-02,-3.164578601717948914e-02,7.579014450311660767e-02,-2.782131135463714600e-01,-2.240801304578781128e-01,-1.772889047861099243e-01,-1.242942661046981812e-01,-9.138957411050796509e-02,-3.578269854187965393e-02,-4.951577633619308472e-02,-4.723368212580680847e-02,-2.422603312879800797e-03,2.280937321484088898e-02,6.797470897436141968e-02,1.268796324729919434e-01,-1.406223624944686890e-01,-2.652970850467681885e-01,-2.640520930290222168e-01,-3.819958567619323730e-01,-2.512874305248260498e-01,2.014885656535625458e-03
3.655948340892791748e-01,2.032686024904251099e-01,7.885916233062744141e-01,6.942198872566223145e-01,3.167951703071594238e-01,3.094186484813690186e-01,1.000000119209289551e+00,6.458171010017395020e-01,4.747172296047210693e-01,4.609994590282440186e-01,4.834772944450378418e-01,4.750336110591888428e-01,6.920294761657714844e-01,4.711099565029144287e-01,4.193055927753448486e-01,2.703743577003479004e-01,4.031419157981872559e-01,4.761037230491638184e-01,3.172630667686462402e-01,3.515450060367584229e-01,2.677352130413055420e-01,2.261385619640350342e-01,4.499370157718658447e-01,4.861817061901092529e-01,3.221610188484191895e-01,2.887817919254302979e-01,3.504343032836914062e-01,3.608605563640594482e-01,5.483365058898925781e-01,5.057355761528015137e-01,4.522873759269714355e-01,4.710237681865692139e-01,2.516152858734130859e-01,2.791177332401275635e-01,7.622543722391128540e-03,6.401407718658447266e-02,4.287765026092529297e-01,3.462992310523986816e-01,4.236646294593811035e-01,3.750844299793243408e-01,4.326084852218627930e-01,4.669689834117889404e-01,-2.856637239456176758e-01,-2.759869396686553955e-01,-1.994809508323669434e-01,-2.237952053546905518e-01,-2.537434101104736328e-01,-2.002635598182678223e-01,-2.205264121294021606e-01,-1.675820499658584595e-01,-3.427169919013977051e-01,-2.187830805778503418e-01,-3.943305909633636475e-01,-2.617609798908233643e-01,2.569067478179931641e-01,1.429699361324310303e-01,-3.010869771242141724e-02,5.235896632075309753e-02,4.467718303203582764e-03,6.071745231747627258e-02,-1.550844758749008179e-01,-1.282129716128110886e-02,-1.918285787105560303e-01,2.122076041996479034e-02,-8.193375915288925171e-02,1.488379668444395065e-02,1.185714453458786011e-01,1.718378365039825439e-01,2.562311589717864990e-01,2.273543477058410645e-01,3.824789524078369141e-01,4.572958648204803467e-01,5.223738551139831543e-01,4.680524468421936035e-01,3.688142895698547363e-01,2.070426791906356812e-01,2.562665343284606934e-01,2.104427218437194824e-01,3.009417653083801270e-01,2.562166452407836914e-01,2.624837458133697510e-01,3.620218336582183838e-01,1.768176853656768799e-01,2.262691855430603027e-01,1.875210404396057129e-01,1.232546269893646240e-01,3.121148645877838135e-01,4.095064103603363037e-01,3.928582668304443359e-01,2.845696806907653809e-01,-1.882746815681457520e-01,-8.926595747470855713e-02,-1.487798243761062622e-01,-6.839179899543523788e-03,2.375395447015762329e-01,2.393641769886016846e-01,1.673070341348648071e-01,1.979521960020065308e-01,-8.061160147190093994e-02,-7.818565517663955688e-02,7.826563715934753418e-02,1.240000128746032715e-01,3.915561735630035400e-02,1.815532892942428589e-01,1.326828896999359131e-01,2.387358695268630981e-01,1.254335939884185791e-01,1.661362200975418091e-01,1.709331572055816650e-01,1.755729317665100098e-01,4.590166360139846802e-02,-1.373297870159149170e-01,-1.646738052368164062e-01,-9.563430212438106537e-03,8.391418308019638062e-02,1.262789219617843628e-01
1.803640127182006836e-01,2.617940306663513184e-01,6.543362140655517578e-01,7.778046131134033203e-01,2.757347524166107178e-01,3.148506879806518555e-01,6.458171010017395020e-01,9.999997615814208984e-01,4.012190401554107666e-01,4.906616508960723877e-01,4.103227853775024414e-01,6.348943114280700684e-01,6.881051063537597656e-01,7.455403804779052734e-01,3.274831771850585938e-01,2.856766283512115479e-01,2.332659661769866943e-01,4.960472285747528076e-01,4.404065907001495361e-01,4.191031157970428467e-01,1.795351058244705200e-01,1.682281941175460815e-01,5.581241846084594727e-01,6.108795404434204102e-01,2.569376528263092041e-01,2.808789312839508057e-01,3.282629847526550293e-01,3.599799573421478271e-01,3.521968722343444824e-01,5.325271487236022949e-01,4.216581284999847412e-01,4.955171644687652588e-01,2.277879118919372559e-01,2.980713844299316406e-01,-1.399321556091308594e-01,-5.961294099688529968e-02,1.537766754627227783e-01,1.655585318803787231e-01,2.325251996517181396e-01,1.807382255792617798e-01,2.396095842123031616e-01,3.659502863883972168e-01,-1.611979007720947266e-01,-2.131412178277969360e-01,-2.588809235021471977e-03,-1.242386996746063232e-01,-3.997772037982940674e-01,-3.163008987903594971e-01,-3.392245993018150330e-02,-7.878973148763179779e-03,-2.800605595111846924e-01,-1.142534837126731873e-01,-4.760579764842987061e-01,-2.216746211051940918e-01,-5.697067454457283020e-02,-3.054473176598548889e-02,-1.574554741382598877e-01,2.173913270235061646e-01,1.137056872248649597e-01,2.875443994998931885e-01,-1.243575364351272583e-01,1.926576048135757446e-01,-3.717988431453704834e-01,1.384523957967758179e-01,-4.978238791227340698e-02,1.859375685453414917e-01,2.345398664474487305e-01,3.558907508850097656e-01,5.026754736900329590e-01,4.746303856372833252e-01,2.656308710575103760e-01,3.715164959430694580e-01,3.192197382450103760e-01,3.605760037899017334e-01,2.684104144573211670e-01,2.122441381216049194e-01,9.025630354881286621e-02,1.121787726879119873e-01,1.703457832336425781e-01,3.258641660213470459e-01,1.207568049430847168e-01,4.394523799419403076e-01,9.623665362596511841e-02,2.625786662101745605e-01,2.160647418349981308e-03,1.574551314115524292e-01,3.553952276706695557e-01,4.388400912284851074e-01,9.748248755931854248e-02,1.694828420877456665e-01,-3.978301584720611572e-01,-1.747889965772628784e-01,-3.064331114292144775e-01,-1.136674657464027405e-01,1.155053600668907166e-01,1.183437705039978027e-01,-2.723617479205131531e-02,1.990915648639202118e-02,-2.743578553199768066e-01,-2.083009630441665649e-01,-1.226838231086730957e-01,2.795983105897903442e-02,-1.660382747650146484e-01,8.461613208055496216e-02,1.004996150732040405e-01,7.354679703712463379e-02,5.475729331374168396e-02,5.090611800551414490e-02,-1.895233057439327240e-02,7.706795632839202881e-02,-1.017944663763046265e-01,-1.304899156093597412e-01,-2.684639394283294678e-01,-1.422245055437088013e-01,-3.897533938288688660e-02,-4.196261242032051086e-02
-1.408340036869049072e-02,2.927807271480560303e-01,4.884968101978302002e-01,4.800167381763458252e-01,5.618335604667663574e-01,5.383495688438415527e-01,4.747172296047210693e-01,4.012190401554107666e-01,1.000000238418579102e+00,6.315835118293762207e-01,1.768662482500076294e-01,2.464251667261123657e-01,4.520646333694458008e-01,3.220889270305633545e-01,6.616240143775939941e-01,3.206896781921386719e-01,5.452909693121910095e-02,3.015105426311492920e-01,2.516877353191375732e-01,3.155651092529296875e-01,2.666991353034973145e-01,2.412567734718322754e-01,3.987510800361633301e-01,4.031358063220977783e-01,5.937968492507934570e-01,6.060083508491516113e-01,5.941833853721618652e-01,6.026383638381958008e-01,3.494665324687957764e-01,3.585276603698730469e-01,4.459233283996582031e-01,4.483941197395324707e-01,2.381733357906341553e-01,2.868218719959259033e-01,-4.407596960663795471e-02,1.235483661293983459e-01,1.690886765718460083e-01,3.494544327259063721e-01,2.590018510818481445e-01,4.952254593372344971e-01,2.941600680351257324e-01,4.419577419757843018e-01,-2.801527082920074463e-01,-1.296418160200119019e-01,-8.970452845096588135e-02,-2.155713923275470734e-02,-2.720345556735992432e-01,-8.705665171146392822e-02,-9.569434821605682373e-02,4.306598752737045288e-02,-2.547932863235473633e-01,4.061940312385559082e-02,-3.656401038169860840e-01,-5.933120846748352051e-02,1.212146282196044922e-01,4.004911184310913086e-01,-7.845269888639450073e-02,1.680694669485092163e-01,-3.066009655594825745e-02,7.017501443624496460e-02,-1.086979582905769348e-01,2.735621668398380280e-02,-1.986893117427825928e-01,7.898709923028945923e-02,-1.668009310960769653e-01,3.030910389497876167e-03,1.272035762667655945e-02,2.955804206430912018e-02,1.656982153654098511e-01,1.561103016138076782e-01,3.051314949989318848e-01,3.320528864860534668e-01,4.149391353130340576e-01,4.169189929962158203e-01,2.849443256855010986e-01,2.718288004398345947e-01,1.962175518274307251e-01,2.502477765083312988e-01,1.060889884829521179e-01,1.219590827822685242e-01,-7.098815869539976120e-03,2.499532699584960938e-01,1.277476549148559570e-01,3.015748262405395508e-01,-1.017872318625450134e-01,2.469615489244461060e-01,4.230390191078186035e-01,5.642090439796447754e-01,1.832212805747985840e-01,3.940100073814392090e-01,-2.662931680679321289e-01,5.352539196610450745e-02,-2.743076384067535400e-01,2.642591297626495361e-02,2.522772550582885742e-01,2.507036030292510986e-01,1.595314741134643555e-01,2.540482878684997559e-01,-8.522208780050277710e-02,6.008136644959449768e-02,9.793880395591259003e-03,1.389435231685638428e-01,2.342252805829048157e-02,1.450430452823638916e-01,6.960922479629516602e-02,1.391030550003051758e-01,8.726151287555694580e-02,2.366060763597488403e-01,2.244578599929809570e-01,2.573724687099456787e-01,3.708783537149429321e-02,-1.280099302530288696e-01,-1.499553471803665161e-01,-1.433219909667968750e-01,-1.833389326930046082e-02,5.343427881598472595e-02
1.204048693180084229e-01,1.483637243509292603e-01,4.722598195075988770e-01,4.487617015838623047e-01,4.966449141502380371e-01,5.745671391487121582e-01,4.609994590282440186e-01,4.906616508960723877e-01,6.315835118293762207e-01,9.999997019767761230e-01,3.178036212921142578e-01,3.742837309837341309e-01,5.178546309471130371e-01,4.244633316993713379e-01,5.731977224349975586e-01,5.731067061424255371e-01,1.543039530515670776e-01,3.614939153194427490e-01,1.924615651369094849e-01,1.950159221887588501e-01,2.675510048866271973e-01,2.255806028842926025e-01,3.670498430728912354e-01,3.340183198451995850e-01,5.300714969635009766e-01,5.337457656860351562e-01,5.573588013648986816e-01,5.876227617263793945e-01,4.193478524684906006e-01,4.722501933574676514e-01,4.444287419319152832e-01,4.706979393959045410e-01,1.183007881045341492e-01,1.367448270320892334e-01,-1.516419351100921631e-01,-8.896359801292419434e-02,1.695018410682678223e-01,1.991111338138580322e-01,3.660177290439605713e-01,3.610938191413879395e-01,3.646905124187469482e-01,4.237360358238220215e-01,-2.386161386966705322e-01,-2.754304707050323486e-01,-1.963084563612937927e-02,-8.687989413738250732e-02,-3.516492843627929688e-01,-2.860647141933441162e-01,-1.129723154008388519e-02,-5.259837210178375244e-02,-1.765214949846267700e-01,-1.419710069894790649e-01,-3.301001787185668945e-01,-2.382327318191528320e-01,8.444552868604660034e-02,1.259433627128601074e-01,-8.261933177709579468e-02,1.181398555636405945e-01,1.357221901416778564e-01,1.747713238000869751e-01,-1.792722940444946289e-02,7.210651785135269165e-02,-2.202121913433074951e-01,-1.791889220476150513e-02,-1.349874120205640793e-02,6.811501830816268921e-02,1.566695570945739746e-01,1.694838106632232666e-01,2.087876796722412109e-01,2.081137001514434814e-01,2.731373310089111328e-01,3.475970923900604248e-01,3.641405701637268066e-01,4.104704856872558594e-01,2.705741524696350098e-01,1.400491446256637573e-01,1.329225748777389526e-01,1.607660800218582153e-01,1.464647203683853149e-01,1.725578606128692627e-01,9.413992613554000854e-02,2.791640460491180420e-01,2.348750531673431396e-01,2.600998580455780029e-01,4.405266791582107544e-02,8.320578932762145996e-02,4.187301397323608398e-01,4.887027442455291748e-01,2.514640986919403076e-01,1.929373294115066528e-01,-3.458220362663269043e-01,-2.417642474174499512e-01,-3.368802666664123535e-01,-2.320997714996337891e-01,1.636720597743988037e-01,1.645906865596771240e-01,2.253391221165657043e-02,1.204492822289466858e-01,-2.876608967781066895e-01,-2.454261332750320435e-01,-1.037287190556526184e-01,-1.024692282080650330e-01,-8.785851299762725830e-02,-1.046991255134344101e-02,2.707499451935291290e-02,1.472969539463520050e-02,9.909042716026306152e-02,9.666789323091506958e-02,1.165350526571273804e-01,1.440269798040390015e-01,-1.191411763429641724e-01,-2.389975190162658691e-01,-2.768741548061370850e-01,-1.755663752555847168e-01,-5.575186386704444885e-02,-1.430739415809512138e-03
3.288016021251678467e-01,-8.321236073970794678e-02,4.187469482421875000e-01,3.228226006031036377e-01,1.704849302768707275e-01,2.289188951253890991e-01,4.834772944450378418e-01,4.103227853775024414e-01,1.768662482500076294e-01,3.178036212921142578e-01,9.999998211860656738e-01,5.600282549858093262e-01,5.676944255828857422e-01,4.147349894046783447e-01,1.997458338737487793e-01,2.762223780155181885e-01,6.448971033096313477e-01,5.293555259704589844e-01,4.251075163483619690e-02,-7.168729789555072784e-03,1.877380758523941040e-01,1.056451275944709778e-01,1.836941987276077271e-01,1.642772257328033447e-01,1.313328593969345093e-01,1.518307328224182129e-01,1.921881735324859619e-01,1.913847178220748901e-01,6.713420748710632324e-01,5.108780264854431152e-01,2.447516769170761108e-01,3.086610138416290283e-01,1.411025673151016235e-01,1.016199961304664612e-01,-1.991505175828933716e-02,-2.471513813361525536e-03,4.785558879375457764e-01,2.226786166429519653e-01,4.364077746868133545e-01,1.914068162441253662e-01,4.348579943180084229e-01,4.068634510040283203e-01,-5.003388598561286926e-02,-2.038046419620513916e-01,-1.088193152099847794e-03,-1.222761645913124084e-01,-1.321837007999420166e-01,-1.575798690319061279e-01,-4.700201377272605896e-02,-1.215121895074844360e-01,-1.110223457217216492e-01,-2.185327708721160889e-01,-1.870843023061752319e-01,-1.911756396293640137e-01,3.165819346904754639e-01,-8.894503861665725708e-02,7.078089565038681030e-02,7.680997718125581741e-03,2.258235067129135132e-01,2.433580309152603149e-01,6.156357703730463982e-04,8.692847937345504761e-02,-2.989416942000389099e-02,1.020287815481424332e-02,1.758178323507308960e-01,2.381445318460464478e-01,2.674800455570220947e-01,3.063502609729766846e-01,1.343642324209213257e-01,1.302594244480133057e-01,3.360458910465240479e-01,3.903593420982360840e-01,4.998530149459838867e-01,4.686053693294525146e-01,3.622312843799591064e-01,1.917905807495117188e-01,2.239939719438552856e-01,1.523021906614303589e-01,4.342248737812042236e-01,4.092234373092651367e-01,6.018047928810119629e-01,5.279698967933654785e-01,3.334830105304718018e-01,9.624034166336059570e-02,5.414681434631347656e-01,9.407124668359756470e-02,3.071762025356292725e-01,1.055536791682243347e-01,5.655909180641174316e-01,4.936603829264640808e-02,-1.134816333651542664e-01,-2.114202976226806641e-01,-7.041844725608825684e-02,-7.858274132013320923e-02,2.600425481796264648e-01,2.505306005477905273e-01,2.185821086168289185e-01,1.944954246282577515e-01,-9.182628244161605835e-02,-1.910394132137298584e-01,1.448932737112045288e-01,-3.929862752556800842e-02,1.411114484071731567e-01,1.728149652481079102e-01,2.759413421154022217e-01,1.538573205471038818e-01,1.494424939155578613e-01,1.141276210546493530e-02,1.976457089185714722e-01,1.516425013542175293e-01,2.929571270942687988e-02,-6.492944061756134033e-02,-8.892901986837387085e-02,8.983017504215240479e-02,1.605719625949859619e-01,1.472662985324859619e-01
3.205687999725341797e-01,2.356377989053726196e-01,4.108964502811431885e-01,4.672491848468780518e-01,1.931469589471817017e-01,3.001186847686767578e-01,4.750336110591888428e-01,6.348943114280700684e-01,2.464251667261123657e-01,3.742837309837341309e-01,5.600282549858093262e-01,9.999997019767761230e-01,5.527957081794738770e-01,6.113006472587585449e-01,3.165884912014007568e-01,3.577976822853088379e-01,3.484502434730529785e-01,6.396277546882629395e-01,5.271985661238431931e-03,5.070918705314397812e-03,1.184965297579765320e-01,1.015355736017227173e-01,1.188933625817298889e-01,1.791757792234420776e-01,1.586050689220428467e-01,2.055431902408599854e-01,2.152010351419448853e-01,2.547307610511779785e-01,4.653680920600891113e-01,6.225925683975219727e-01,1.611701697111129761e-01,2.407731562852859497e-01,1.241482719779014587e-01,6.178552284836769104e-02,-6.481754034757614136e-02,1.005336991511285305e-03,2.885605692863464355e-01,2.394016683101654053e-01,3.308127522468566895e-01,1.904346942901611328e-01,3.709908425807952881e-01,4.332218170166015625e-01,-2.967267669737339020e-02,-6.148545816540718079e-02,1.320888400077819824e-01,8.352851122617721558e-02,-2.041651606559753418e-01,-1.223662495613098145e-01,1.087626293301582336e-01,1.659821420907974243e-01,-7.366592437028884888e-02,7.731322944164276123e-02,-2.856290638446807861e-01,-2.123842202126979828e-02,-1.909124106168746948e-02,-4.966543987393379211e-02,-4.214293137192726135e-02,3.938407003879547119e-01,3.601909279823303223e-01,4.839909076690673828e-01,8.187401294708251953e-02,4.246066212654113770e-01,-2.486452460289001465e-01,3.092311918735504150e-01,2.287475317716598511e-01,4.611274003982543945e-01,4.641965329647064209e-01,4.725310802459716797e-01,2.611913383007049561e-01,3.561685383319854736e-01,2.478093802928924561e-01,3.267837464809417725e-01,3.899818062782287598e-01,4.536125659942626953e-01,2.064480334520339966e-01,1.546846777200698853e-01,2.270434945821762085e-01,2.090937197208404541e-01,2.531027495861053467e-01,4.612561762332916260e-01,2.403091192245483398e-01,6.132572293281555176e-01,8.791628479957580566e-02,2.226061373949050903e-01,1.981672048568725586e-01,3.749932646751403809e-01,1.613679528236389160e-01,2.573226988315582275e-01,2.138562798500061035e-01,1.700057834386825562e-01,-3.494025766849517822e-01,-1.401503980159759521e-01,-2.490293383598327637e-01,-6.563074141740798950e-02,1.797314286231994629e-01,1.544601768255233765e-01,4.042290523648262024e-02,7.669783383607864380e-02,-2.929750084877014160e-01,-2.068126499652862549e-01,-1.911077797412872314e-01,-8.603456616401672363e-02,-1.792211234569549561e-01,2.999338507652282715e-02,4.859324172139167786e-02,2.800989337265491486e-02,-8.639213442802429199e-02,-1.125456616282463074e-01,1.654308289289474487e-01,1.439738571643829346e-01,-3.004172071814537048e-02,-1.299515813589096069e-01,-1.610303223133087158e-01,-6.943989545106887817e-02,4.576105251908302307e-02,4.149462655186653137e-02
2.076915353536605835e-01,6.241577118635177612e-02,6.543004512786865234e-01,6.371703147888183594e-01,3.152720034122467041e-01,3.245034813880920410e-01,6.920294761657714844e-01,6.881051063537597656e-01,4.520646333694458008e-01,5.178546309471130371e-01,5.676944255828857422e-01,5.527957081794738770e-01,1.000000119209289551e+00,7.169443964958190918e-01,4.181936979293823242e-01,3.435038924217224121e-01,3.480275869369506836e-01,4.915267825126647949e-01,3.717614114284515381e-01,3.070018291473388672e-01,2.668932676315307617e-01,1.815423816442489624e-01,4.917011559009552002e-01,5.336407423019409180e-01,2.762021422386169434e-01,2.571292221546173096e-01,3.779975175857543945e-01,3.682514131069183350e-01,5.403461456298828125e-01,5.793465375900268555e-01,4.686462581157684326e-01,5.260831713676452637e-01,1.893170326948165894e-01,2.322176545858383179e-01,-1.025787070393562317e-01,3.461557440459728241e-03,2.669878602027893066e-01,2.439616322517395020e-01,3.728024661540985107e-01,2.637995183467864990e-01,3.699068725109100342e-01,4.284873902797698975e-01,-2.164300680160522461e-01,-2.785066068172454834e-01,-8.295103162527084351e-02,-2.106755077838897705e-01,-3.657677471637725830e-01,-2.522287666797637939e-01,-1.238506212830543518e-01,-6.077948585152626038e-02,-2.879134714603424072e-01,-1.686632335186004639e-01,-4.380343556404113770e-01,-2.353407889604568481e-01,8.553452789783477783e-02,3.507664054632186890e-02,-1.213276460766792297e-01,3.059785254299640656e-02,1.163142472505569458e-01,2.418242692947387695e-01,-1.488534510135650635e-01,8.233387023210525513e-02,-2.869937717914581299e-01,-1.029293891042470932e-02,3.931325860321521759e-03,1.860393881797790527e-01,2.105088531970977783e-01,3.218836486339569092e-01,4.390304088592529297e-01,3.659664988517761230e-01,3.441415727138519287e-01,4.158849716186523438e-01,4.490639567375183105e-01,3.931252360343933105e-01,3.801229298114776611e-01,2.437560856342315674e-01,1.522617489099502563e-01,1.554592847824096680e-01,2.655417025089263916e-01,3.174133300781250000e-01,3.002332746982574463e-01,4.675918519496917725e-01,2.030103802680969238e-01,1.725787818431854248e-01,1.857160329818725586e-01,7.257132977247238159e-02,4.249370098114013672e-01,3.889701068401336670e-01,2.994689047336578369e-01,1.242088600993156433e-01,-3.331108391284942627e-01,-2.017086297273635864e-01,-2.825782597064971924e-01,-1.463350504636764526e-01,2.428255975246429443e-01,2.391384840011596680e-01,1.269579082727432251e-01,1.608720272779464722e-01,-1.999396681785583496e-01,-1.708073914051055908e-01,-1.497682929039001465e-02,-1.418295688927173615e-02,-7.486925274133682251e-02,1.010430604219436646e-01,1.897776424884796143e-01,1.436188369989395142e-01,1.335113793611526489e-01,7.834763824939727783e-02,8.252109587192535400e-02,1.816096752882003784e-01,-1.846258901059627533e-02,-1.395829319953918457e-01,-2.236637324094772339e-01,-1.164013147354125977e-01,3.254570066928863525e-02,5.363338813185691833e-02
