9.999997615814208984e-01,4.513811171054840088e-01,8.895029127597808838e-02,1.766645759344100952e-01,-6.342004984617233276e-02,3.481476753950119019e-02,2.804062962532043457e-01,4.886755943298339844e-01,-1.590279936790466309e-01,-9.136448055505752563e-02,3.415790200233459473e-01,3.872551321983337402e-01,3.194529414176940918e-01,1.444840133190155029e-01,-1.414949297904968262e-01,-3.954800963401794434e-02,3.991876542568206787e-01,3.046108186244964600e-01,1.847426593303680420e-01,2.249265462160110474e-01,3.376881033182144165e-02,4.228296875953674316e-02,1.039921045303344727e-01,8.872909098863601685e-02,7.850325852632522583e-02,1.155601292848587036e-01,7.058690488338470459e-02,8.986978977918624878e-02,3.506742119789123535e-01,1.050370708107948303e-01,2.631928920745849609e-01,3.245359957218170166e-01,1.522561311721801758e-01,1.856121569871902466e-01,2.147803455591201782e-01,2.074474990367889404e-01,2.549081742763519287e-01,1.241480782628059387e-01,3.208730816841125488e-01,3.664911091327667236e-01,1.106125935912132263e-01,-6.502999365329742432e-02,8.281839638948440552e-02,1.637360900640487671e-01,-5.456811189651489258e-02,-6.870378740131855011e-03,3.023153543472290039e-01,3.075023293495178223e-01,8.075872063636779785e-02,1.637240522541105747e-03,1.346448510885238647e-01,1.584112793207168579e-01,1.720106154680252075e-01,2.268771380186080933e-01,2.496703863143920898e-01,2.319510579109191895e-01,6.085662841796875000e-01,3.575533032417297363e-01,1.100682243704795837e-01,1.429687291383743286e-01,3.335729837417602539e-01,8.738476783037185669e-02,2.386056482791900635e-01,2.943588495254516602e-01,1.455268710851669312e-01,6.521952897310256958e-02,3.386451601982116699e-01,2.974289059638977051e-01,3.297240734100341797e-01,2.902694046497344971e-01,9.194040298461914062e-02,9.527976065874099731e-02,1.348478794097900391e-01,2.865219675004482269e-02,9.406106173992156982e-02,1.114874705672264099e-01,1.195063069462776184e-01,1.511384844779968262e-01,2.416779249906539917e-01,1.986540853977203369e-01,4.333687424659729004e-01,3.780234158039093018e-01,-5.764708295464515686e-02,4.849471896886825562e-02,3.313105702400207520e-01,2.924185991287231445e-01,-4.044865071773529053e-02,-8.883755654096603394e-02,2.566376030445098877e-01,2.096000462770462036e-01,4.395858570933341980e-02,9.340679645538330078e-02,6.990456953644752502e-03,9.905124455690383911e-02,3.403892815113067627e-01,3.245080411434173584e-01,3.459403514862060547e-01,3.504738509654998779e-01,2.347492426633834839e-01,2.632235884666442871e-01,2.336383163928985596e-01,1.010424867272377014e-01,3.381424248218536377e-01,3.453813195228576660e-01,4.488270580768585205e-01,3.676017820835113525e-01,3.562543690204620361e-01,4.086872339248657227e-01,2.568632960319519043e-01,1.642205566167831421e-01,2.187173068523406982e-01,2.649746537208557129e-01,2.505043745040893555e-01,3.106387853622436523e-01,3.063946068286895752e-01,3.027727603912353516e-01
4.513811171054840088e-01,1.000000119209289551e+00,7.734191417694091797e-02,2.148217260837554932e-01,1.013865172863006592e-01,1.173636838793754578e-01,2.976641654968261719e-01,4.571341574192047119e-01,6.487309932708740234e-02,-3.353517130017280579e-02,2.182126790285110474e-01,4.560143351554870605e-01,3.440376520156860352e-01,2.686845958232879639e-01,1.029628887772560120e-01,9.989436715841293335e-02,3.752843141555786133e-01,4.605396986007690430e-01,2.632091641426086426e-01,2.243287265300750732e-01,2.135545015335083008e-01,1.742678731679916382e-01,-4.104069620370864868e-02,-3.038237243890762329e-02,1.709403246641159058e-01,1.783864945173263550e-01,2.625866830348968506e-01,2.126737236976623535e-01,2.495214343070983887e-01,2.771705985069274902e-01,1.565607637166976929e-01,1.509758234024047852e-01,8.299094438552856445e-02,1.073826402425765991e-01,1.941859573125839233e-01,1.207049861550331116e-01,2.140006981790065765e-02,2.805331349372863770e-01,6.241033971309661865e-02,3.176153004169464111e-01,8.904153853654861450e-02,3.825480863451957703e-02,1.470277309417724609e-01,2.853266894817352295e-01,9.669847041368484497e-02,1.905293464660644531e-01,2.382337450981140137e-01,3.011692464351654053e-01,8.673253655433654785e-02,1.165913864970207214e-01,1.639871001243591309e-01,2.167528420686721802e-01,1.882058233022689819e-01,1.461094617843627930e-01,3.407994508743286133e-01,2.859643101692199707e-01,5.171394944190979004e-01,6.714357733726501465e-01,2.948165237903594971e-01,3.135037720203399658e-01,3.633719682693481445e-01,1.951456964015960693e-01,2.188406735658645630e-01,4.389076530933380127e-01,4.619744792580604553e-02,1.375735253095626831e-01,4.143929481506347656e-01,3.840877413749694824e-01,3.040452897548675537e-01,3.176557421684265137e-01,3.165128231048583984e-01,2.432221025228500366e-01,2.790751457214355469e-01,1.514180749654769897e-01,2.480134814977645874e-01,1.234534457325935364e-01,1.442347913980484009e-01,2.379369288682937622e-01,2.507780790328979492e-01,3.797582089900970459e-01,3.626127541065216064e-01,4.616825878620147705e-01,1.833154559135437012e-01,9.850483387708663940e-02,3.320317268371582031e-01,3.945308029651641846e-01,1.328253000974655151e-01,2.763291075825691223e-02,3.422837853431701660e-01,4.110331237316131592e-01,3.031047880649566650e-01,2.971377372741699219e-01,1.133075207471847534e-01,9.537661820650100708e-02,2.399657964706420898e-01,3.364865183830261230e-01,2.466707825660705566e-01,4.006188809871673584e-01,3.815041482448577881e-01,3.215852379798889160e-01,2.098308205604553223e-01,1.665830314159393311e-01,3.476797044277191162e-01,3.750684261322021484e-01,3.839000761508941650e-01,2.722614109516143799e-01,1.975876092910766602e-01,3.048481941223144531e-01,1.697936207056045532e-01,2.628036141395568848e-01,2.328884452581405640e-01,1.867199987173080444e-01,1.746197491884231567e-01,2.437818050384521484e-01,2.694972157478332520e-01,2.065096646547317505e-01
8.895029127597808838e-02,7.734191417694091797e-02,1.000000119209289551e+00,6.666690111160278320e-01,1.397258937358856201e-01,-1.673477329313755035e-02,5.488855242729187012e-01,3.934143185615539551e-01,-5.557976290583610535e-02,-3.033580780029296875e-01,1.071389392018318176e-01,1.273849457502365112e-01,2.324701398611068726e-01,9.549606591463088989e-02,2.152543328702449799e-02,-6.684519350528717041e-02,4.503635689616203308e-02,1.330666095018386841e-01,9.308350086212158203e-02,-1.318621449172496796e-02,1.316635906696319580e-01,1.235632300376892090e-01,6.957155466079711914e-01,7.147660255432128906e-01,3.377372324466705322e-01,2.969711720943450928e-01,1.026374101638793945e-01,-5.477213766425848007e-03,1.571469008922576904e-01,1.941131800413131714e-01,5.479547977447509766e-01,5.554122328758239746e-01,1.061694547533988953e-01,2.407353520393371582e-01,-4.858462139964103699e-02,-4.102453216910362244e-02,-1.502261757850646973e-01,-2.850085496902465820e-03,-5.496723204851150513e-02,1.397294849157333374e-01,3.441462293267250061e-02,2.057024985551834106e-01,8.684056997299194336e-02,-2.645042352378368378e-02,-1.164837628602981567e-01,-6.941929459571838379e-02,1.538862884044647217e-01,-4.764578305184841156e-03,-1.065207719802856445e-01,-1.710853725671768188e-02,-9.635744243860244751e-02,-4.586541093885898590e-03,-4.161191172897815704e-03,-5.075940862298011780e-02,1.173376515507698059e-01,6.500127166509628296e-02,-3.025535680353641510e-02,-5.253174155950546265e-02,-4.424141719937324524e-02,-6.712427735328674316e-02,-3.063626028597354889e-02,-9.944348782300949097e-02,7.689888030290603638e-02,1.093976199626922607e-01,1.344956755638122559e-01,3.403018042445182800e-02,-1.635183095932006836e-01,-5.883114412426948547e-02,-4.009261727333068848e-02,-6.365497410297393799e-02,4.880703345406800508e-04,-2.691349945962429047e-02,2.158674448728561401e-01,9.959978610277175903e-02,1.770641207695007324e-01,7.948698103427886963e-02,-1.209203451871871948e-01,-7.324270159006118774e-02,1.147200688719749451e-01,1.080410629510879517e-01,1.034137532114982605e-01,1.198951005935668945e-01,3.269933164119720459e-02,1.464234199374914169e-02,1.296016722917556763e-01,1.186210215091705322e-01,-2.508677542209625244e-01,-2.359646111726760864e-01,7.069315761327743530e-02,6.163718923926353455e-02,2.146086990833282471e-01,1.701872646808624268e-01,5.206114798784255981e-02,3.118696156889200211e-03,-1.231527626514434814e-01,6.688358262181282043e-03,-9.372136741876602173e-02,-9.076213836669921875e-02,3.314956426620483398e-01,2.390884906053543091e-01,2.203605473041534424e-01,-1.059326529502868652e-02,2.179356664419174194e-01,1.743732094764709473e-01,1.297619193792343140e-01,9.875281900167465210e-02,9.000496007502079010e-03,1.223509311676025391e-01,-5.936206132173538208e-02,-5.801387131214141846e-03,1.787863299250602722e-02,8.812312781810760498e-02,1.173013001680374146e-01,1.611801981925964355e-01,9.225114434957504272e-02,-1.044083163142204285e-01
1.766645759344100952e-01,2.148217260837554932e-01,6.666690111160278320e-01,1.000000238418579102e+00,1.202952340245246887e-01,1.111808419227600098e-01,4.811196625232696533e-01,4.829650819301605225e-01,-1.062356159090995789e-01,-2.686136662960052490e-01,1.582752168178558350e-01,3.293724954128265381e-01,2.645538151264190674e-01,3.192429840564727783e-01,-4.760309308767318726e-02,-5.809326097369194031e-02,9.553971886634826660e-02,2.491776645183563232e-01,2.893602252006530762e-01,2.582640647888183594e-01,6.514918804168701172e-02,-3.999487310647964478e-02,5.403933525085449219e-01,6.136837601661682129e-01,3.436056673526763916e-01,3.704980909824371338e-01,9.464699774980545044e-02,6.527301669120788574e-02,3.140805959701538086e-01,4.068329036235809326e-01,4.689712226390838623e-01,5.055365562438964844e-01,-2.545512048527598381e-03,9.379682689905166626e-02,-6.796352565288543701e-02,-9.929706901311874390e-02,-3.932738304138183594e-02,1.908555626869201660e-01,6.527507305145263672e-02,3.107463121414184570e-01,1.170537620782852173e-01,2.430575937032699585e-01,7.500823587179183960e-02,-2.030421979725360870e-02,5.855852365493774414e-02,-1.382207614369690418e-03,1.347276270389556885e-01,1.031573787331581116e-01,-1.329323947429656982e-01,4.431854933500289917e-02,-5.630749464035034180e-02,5.746876075863838196e-02,9.801314026117324829e-02,8.249899744987487793e-02,1.725933104753494263e-01,2.357445061206817627e-01,1.061959564685821533e-01,6.161055341362953186e-02,9.994505345821380615e-02,-3.148872777819633484e-02,1.148309037089347839e-01,1.913778670132160187e-02,4.377822950482368469e-02,2.858218848705291748e-01,1.513039916753768921e-01,1.323658823966979980e-01,-3.771256282925605774e-02,4.732032865285873413e-02,1.468890011310577393e-01,6.381662189960479736e-02,4.468196071684360504e-03,1.271104905754327774e-02,2.978525757789611816e-01,1.335314810276031494e-01,1.830588877201080322e-01,6.629796326160430908e-02,-7.120107300579547882e-03,1.041050255298614502e-01,1.974994540214538574e-01,2.611320018768310547e-01,1.073241233825683594e-01,2.197473943233489990e-01,-1.146752107888460159e-02,1.660632155835628510e-02,9.010800719261169434e-02,2.005972713232040405e-01,-2.276175469160079956e-01,-2.194318473339080811e-01,6.866657733917236328e-02,1.369966715574264526e-01,1.671438366174697876e-01,2.643702924251556396e-01,-4.323859885334968567e-02,2.376132272183895111e-02,-1.884318888187408447e-02,2.169500142335891724e-01,-1.920852437615394592e-02,7.621283084154129028e-02,3.031598925590515137e-01,3.389646708965301514e-01,1.795109510421752930e-01,-9.538774192333221436e-02,1.778641045093536377e-01,1.667893081903457642e-01,1.738414168357849121e-01,1.683246940374374390e-01,1.194673702120780945e-01,1.824606955051422119e-01,8.126245439052581787e-02,1.049002632498741150e-01,1.252351105213165283e-01,1.787886023521423340e-01,2.226810455322265625e-01,2.302085608243942261e-01,1.193253174424171448e-01,-5.252219736576080322e-02
-6.342004984617233276e-02,1.013865172863006592e-01,1.397258937358856201e-01,1.202952340245246887e-01,1.000000238418579102e+00,7.154455184936523438e-01,3.173495829105377197e-01,8.503445982933044434e-02,7.599856853485107422e-01,5.008327364921569824e-01,-1.203253939747810364e-01,1.167761608958244324e-01,1.997962445020675659e-01,2.330591678619384766e-01,6.595022082328796387e-01,3.510665893554687500e-01,-1.063169166445732117e-01,9.902171790599822998e-02,2.051202021539211273e-02,2.032711636275053024e-03,1.884639412164688110e-01,1.646096259355545044e-01,2.252081036567687988e-01,1.802040338516235352e-01,7.702510952949523926e-01,7.081997990608215332e-01,7.161129117012023926e-01,6.767655014991760254e-01,2.465764433145523071e-02,1.700275540351867676e-01,3.780741989612579346e-01,2.327015101909637451e-01,-2.267525494098663330e-01,-1.727686673402786255e-01,-2.350788861513137817e-01,-2.816764712333679199e-01,-3.598862886428833008e-01,1.467861384153366089e-01,-1.268329024314880371e-01,9.987304359674453735e-02,1.409389078617095947e-01,2.456183284521102905e-01,-8.756875991821289062e-02,-1.012134179472923279e-01,-4.935166612267494202e-02,4.215527698397636414e-02,-5.230946000665426254e-03,-4.132010042667388916e-02,-6.493873149156570435e-02,1.681614369153976440e-01,2.017442323267459869e-02,1.738150566816329956e-01,2.409846484661102295e-01,3.329617679119110107e-01,1.545735597610473633e-01,1.545511037111282349e-01,9.618811309337615967e-02,1.979431807994842529e-01,1.282366067171096802e-01,2.529812753200531006e-01,-3.359065949916839600e-02,1.652926504611968994e-01,2.581798434257507324e-01,1.216327920556068420e-01,-5.133080482482910156e-02,1.164600104093551636e-01,-2.339496975764632225e-03,4.356609284877777100e-02,-6.259509921073913574e-02,-2.294729836285114288e-02,1.360740065574645996e-01,6.229521706700325012e-02,7.365705817937850952e-02,9.079687297344207764e-02,1.215635240077972412e-01,1.210501492023468018e-01,-9.320616722106933594e-02,3.424542024731636047e-02,-1.473076827824115753e-02,1.414673179388046265e-01,2.755366861820220947e-01,1.731374114751815796e-01,6.787133812904357910e-01,3.329739272594451904e-01,3.133594691753387451e-01,2.407341003417968750e-01,5.571183562278747559e-01,4.768274724483489990e-01,3.240182101726531982e-01,3.042142987251281738e-01,3.121804594993591309e-01,3.121781647205352783e-01,2.614182233810424805e-01,2.958338260650634766e-01,-6.782010942697525024e-02,-7.269326015375554562e-04,-7.664447277784347534e-02,-5.939785763621330261e-02,1.259575039148330688e-01,6.638704985380172729e-02,2.105012387037277222e-01,3.287557661533355713e-01,1.182770207524299622e-01,1.916368603706359863e-01,3.099612705409526825e-02,8.455441147089004517e-02,-2.713152393698692322e-02,1.401145756244659424e-01,5.464151501655578613e-02,2.688207104802131653e-02,1.209425851702690125e-01,1.748287528753280640e-01,1.198929995298385620e-01,1.007717400789260864e-01,9.400521218776702881e-02,-3.582253353670239449e-03
3.481476753950119019e-02,1.173636838793754578e-01,-1.673477329313755035e-02,1.111808419227600098e-01,7.154455184936523438e-01,1.000000238418579102e+00,2.078143060207366943e-01,1.604704856872558594e-01,6.132842898368835449e-01,6.674750447273254395e-01,-1.193378195166587830e-01,2.713671028614044189e-01,1.180011406540870667e-01,3.860155045986175537e-01,4.665168821811676025e-01,3.984612822532653809e-01,-6.754466146230697632e-02,1.824535131454467773e-01,4.240080714225769043e-02,5.978570133447647095e-02,1.277001798152923584e-01,8.890576660633087158e-02,1.325816214084625244e-01,1.352477222681045532e-01,6.741274595260620117e-01,7.337684631347656250e-01,6.252977252006530762e-01,7.684650421142578125e-01,7.821964472532272339e-02,2.265006154775619507e-01,3.244598209857940674e-01,2.539506852626800537e-01,-1.768272221088409424e-01,-1.520245820283889771e-01,-1.804739087820053101e-01,-1.635623574256896973e-01,-1.730516105890274048e-01,1.288710236549377441e-01,-4.505362734198570251e-02,1.727830618619918823e-01,1.695872843265533447e-01,3.001838326454162598e-01,-1.451517790555953979e-01,-1.727852523326873779e-01,-9.192874282598495483e-02,-6.407167017459869385e-02,-3.380147740244865417e-02,3.033846616744995117e-02,-8.269604295492172241e-02,5.907906591892242432e-02,-3.220992535352706909e-02,6.102119758725166321e-02,1.808643788099288940e-01,4.792736768722534180e-01,4.850989207625389099e-02,2.054795473814010620e-01,1.791501790285110474e-01,2.199455946683883667e-01,2.686423659324645996e-01,1.943905800580978394e-01,8.424585312604904175e-02,7.162495702505111694e-02,1.465635746717453003e-01,1.796806603670120239e-01,-1.142938062548637390e-01,4.978870227932929993e-02,8.728814870119094849e-02,1.622630283236503601e-02,1.593585312366485596e-02,3.100752364844083786e-03,8.483961224555969238e-02,1.001516580581665039e-01,3.271955251693725586e-02,7.516200095415115356e-02,5.062214285135269165e-02,9.640791267156600952e-02,-7.409444451332092285e-02,1.328337490558624268e-01,5.266551673412322998e-02,8.795058727264404297e-02,2.291882932186126709e-01,2.263281047344207764e-01,4.580621421337127686e-01,3.799044787883758545e-01,1.962818354368209839e-01,3.324151933193206787e-01,5.370817780494689941e-01,5.463632345199584961e-01,2.478053420782089233e-01,3.081928491592407227e-01,9.964513033628463745e-02,2.987899184226989746e-01,1.258056461811065674e-01,3.575637638568878174e-01,3.140230849385261536e-02,1.005957499146461487e-01,-1.108494703657925129e-03,7.857214659452438354e-02,-1.071266271173954010e-02,8.838278800249099731e-02,1.859054267406463623e-01,3.503313362598419189e-01,1.001427248120307922e-01,2.015299946069717407e-01,7.543083280324935913e-02,1.436075270175933838e-01,6.518623232841491699e-02,1.290719658136367798e-01,2.225470542907714844e-01,1.399938613176345825e-01,2.816485762596130371e-01,3.134429752826690674e-01,2.581370472908020020e-01,1.608382165431976318e-01,1.476586759090423584e-01,7.628520578145980835e-02
2.804062962532043457e-01,2.976641654968261719e-01,5.488855242729187012e-01,4.811196625232696533e-01,3.173495829105377197e-01,2.078143060207366943e-01,1.000000000000000000e+00,5.096498131752014160e-01,1.724309921264648438e-01,-7.301995158195495605e-02,1.530461758375167847e-01,4.373229146003723145e-01,4.662925601005554199e-01,4.010055959224700928e-01,2.512298524379730225e-01,9.365690499544143677e-02,1.814918667078018188e-01,3.817055523395538330e-01,1.336870640516281128e-01,8.746557682752609253e-02,2.158699035644531250e-01,2.135479301214218140e-01,4.506149590015411377e-01,4.473225176334381104e-01,4.629737734794616699e-01,4.341010749340057373e-01,4.158980846405029297e-01,3.251736462116241455e-01,3.114026486873626709e-01,3.831672072410583496e-01,5.342127680778503418e-01,4.846413135528564453e-01,1.301828473806381226e-01,2.436637580394744873e-01,-1.060053892433643341e-02,-5.475057754665613174e-03,-1.022384762763977051e-01,2.253906130790710449e-01,-1.772090047597885132e-02,3.037802577018737793e-01,1.319222003221511841e-01,2.766562700271606445e-01,-1.339653972536325455e-02,-4.744543228298425674e-03,-1.509322971105575562e-01,6.070223171263933182e-03,1.702379435300827026e-01,8.212284743785858154e-02,-1.636381447315216064e-02,1.668124347925186157e-01,5.728926509618759155e-02,1.861917525529861450e-01,1.704096496105194092e-01,2.086093425750732422e-01,2.588320374488830566e-01,2.624853551387786865e-01,1.995866298675537109e-01,1.969442218542098999e-01,1.281465739011764526e-01,2.565922141075134277e-01,1.355729997158050537e-01,1.011638492345809937e-01,3.361000120639801025e-01,3.199795186519622803e-01,4.582940414547920227e-02,8.777540177106857300e-02,8.048026263713836670e-02,1.652709543704986572e-01,8.378569036722183228e-02,1.154124587774276733e-01,3.005109131336212158e-01,1.860533207654953003e-01,3.721469044685363770e-01,2.461511492729187012e-01,2.787503600120544434e-01,1.433913260698318481e-01,2.915617637336254120e-02,1.442465186119079590e-01,2.458538562059402466e-01,2.948665022850036621e-01,4.171406030654907227e-01,3.892661631107330322e-01,3.559096455574035645e-01,2.273631244897842407e-01,3.387477099895477295e-01,3.523530960083007812e-01,6.797795742750167847e-02,5.662786960601806641e-02,2.859985828399658203e-01,3.039613068103790283e-01,3.648078441619873047e-01,3.419158160686492920e-01,1.114687323570251465e-01,1.215127632021903992e-01,2.755661960691213608e-03,1.621015071868896484e-01,3.030151687562465668e-02,8.991437405347824097e-02,3.412590920925140381e-01,3.062361776828765869e-01,2.956621944904327393e-01,8.285675197839736938e-02,2.505791783332824707e-01,2.517055273056030273e-01,2.052685767412185669e-01,2.067506760358810425e-01,6.313954293727874756e-02,2.329636067152023315e-01,1.354182958602905273e-01,1.571376025676727295e-01,1.335171163082122803e-01,2.162194252014160156e-01,2.062527537345886230e-01,1.830572932958602905e-01,1.798717230558395386e-01,1.049535945057868958e-01
4.886755943298339844e-01,4.571341574192047119e-01,3.934143185615539551e-01,4.829650819301605225e-01,8.503445982933044434e-02,1.604704856872558594e-01,5.096498131752014160e-01,9.999997019767761230e-01,-1.307195872068405151e-01,-1.320851594209671021e-01,2.315183579921722412e-01,5.424815416336059570e-01,3.524363934993743896e-01,5.373639464378356934e-01,-9.444481879472732544e-02,1.281702052801847458e-02,2.233081758022308350e-01,3.850008249282836914e-01,1.486258208751678467e-01,1.206404268741607666e-01,1.163023933768272400e-01,1.190595701336860657e-01,3.255395591259002686e-01,3.492453098297119141e-01,2.615587115287780762e-01,3.371260464191436768e-01,2.049198299646377563e-01,2.669582068920135498e-01,2.574263811111450195e-01,3.098063170909881592e-01,3.902951776981353760e-01,4.978229105472564697e-01,2.170638889074325562e-01,3.081832826137542725e-01,1.620595902204513550e-01,1.752657890319824219e-01,1.063913330435752869e-01,2.337459176778793335e-01,1.166453063488006592e-01,4.004154801368713379e-01,2.238145284354686737e-02,1.426844298839569092e-01,-3.045651316642761230e-02,9.344571270048618317e-03,-1.807806044816970825e-01,-4.201355576515197754e-02,1.823683977127075195e-01,2.002831101417541504e-01,6.413849070668220520e-03,6.017538160085678101e-02,6.239928305149078369e-03,1.032069772481918335e-01,1.893614679574966431e-01,3.266526758670806885e-01,2.016597986221313477e-01,4.401205480098724365e-01,3.077709376811981201e-01,3.010706901550292969e-01,3.291664421558380127e-01,1.907448172569274902e-01,2.896328866481781006e-01,-9.071533568203449249e-03,2.620526254177093506e-01,5.406674146652221680e-01,7.918238639831542969e-02,1.185617074370384216e-01,2.299880236387252808e-01,1.802581846714019775e-01,1.189116090536117554e-01,8.301989734172821045e-02,2.231000959873199463e-01,2.283198237419128418e-01,1.997119337320327759e-01,8.166811615228652954e-02,1.455676853656768799e-01,1.450293064117431641e-01,3.887794166803359985e-02,1.778399795293807983e-01,1.921187341213226318e-01,2.517769038677215576e-01,3.593789339065551758e-01,4.604650139808654785e-01,7.396487146615982056e-02,2.686105966567993164e-01,2.823219001293182373e-01,4.383691549301147461e-01,-6.884058564901351929e-02,6.184069905430078506e-03,1.952438950538635254e-01,2.949729859828948975e-01,1.685482263565063477e-01,3.930535912513732910e-01,-6.271366775035858154e-02,1.311916112899780273e-01,1.608918160200119019e-01,2.934863269329071045e-01,2.323800325393676758e-01,3.291344642639160156e-01,2.865625023841857910e-01,4.956611096858978271e-01,2.747517228126525879e-01,5.774341989308595657e-03,2.740842401981353760e-01,2.926219105720520020e-01,3.512380421161651611e-01,3.867937922477722168e-01,2.641851305961608887e-01,3.826755583286285400e-01,3.228870034217834473e-01,2.561627924442291260e-01,2.598280012607574463e-01,3.130363523960113525e-01,3.383660316467285156e-01,2.361073493957519531e-01,2.239369601011276245e-01,1.822464615106582642e-01
-1.590279936790466309e-01,6.487309932708740234e-02,-5.557976290583610535e-02,-1.062356159090995789e-01,7.599856853485107422e-01,6.132842898368835449e-01,1.724309921264648438e-01,-1.307195872068405151e-01,1.000000119209289551e+00,6.454360485076904297e-01,-6.309848278760910034e-02,7.150156050920486450e-02,2.073125988245010376e-01,1.286795139312744141e-01,7.654913067817687988e-01,5.244295597076416016e-01,-4.428679123520851135e-02,1.246519982814788818e-01,-1.023952662944793701e-02,-2.186823450028896332e-02,2.409529536962509155e-01,2.492855042219161987e-01,5.462225154042243958e-02,1.000148057937622070e-02,5.882911682128906250e-01,5.323753952980041504e-01,6.840222477912902832e-01,6.184302568435668945e-01,3.566108644008636475e-02,1.657240390777587891e-01,2.106139212846755981e-01,6.028837338089942932e-02,-1.997421383857727051e-01,-1.881713867187500000e-01,-2.460178136825561523e-01,-3.046465814113616943e-01,-3.718241155147552490e-01,5.787287279963493347e-02,-1.416798830032348633e-01,-3.304127976298332214e-02,9.104976803064346313e-02,2.066894471645355225e-01,-3.995437547564506531e-02,-6.242623552680015564e-02,-4.763089492917060852e-02,3.866057097911834717e-02,-6.105138361454010010e-02,-1.222078055143356323e-01,-8.971395343542098999e-02,8.411134034395217896e-02,-1.081502158194780350e-02,9.067041426897048950e-02,5.784296616911888123e-02,1.674253195524215698e-01,1.511727273464202881e-01,4.928830265998840332e-02,4.183237254619598389e-02,2.043282091617584229e-01,2.847220934927463531e-02,1.399287283420562744e-01,-8.860215544700622559e-02,1.443784981966018677e-01,1.609120815992355347e-01,6.949419528245925903e-02,-9.892483800649642944e-02,2.410315535962581635e-02,-3.578897193074226379e-02,-6.110166665166616440e-03,-8.842501044273376465e-02,-4.267178103327751160e-02,1.898386776447296143e-01,1.152814254164695740e-01,9.663301706314086914e-02,2.030784636735916138e-01,1.459966301918029785e-01,1.728961318731307983e-01,-9.402591735124588013e-02,-8.494064095430076122e-04,-8.683667518198490143e-03,5.644066631793975830e-02,2.506662905216217041e-01,1.539689153432846069e-01,6.919311285018920898e-01,3.792939782142639160e-01,2.892442345619201660e-01,1.983717978000640869e-01,6.520041227340698242e-01,5.583646297454833984e-01,4.042404890060424805e-01,3.522451221942901611e-01,3.270416259765625000e-01,2.729686796665191650e-01,3.609007596969604492e-01,3.472420573234558105e-01,-8.637646585702896118e-02,-2.186050452291965485e-02,-1.905538439750671387e-01,-1.578591316938400269e-01,3.763147164136171341e-03,-7.740199565887451172e-02,2.381443530321121216e-01,4.320299923419952393e-01,1.294846236705780029e-01,2.004538476467132568e-01,3.527076682075858116e-03,-5.297572351992130280e-03,-8.508662879467010498e-02,-6.673278752714395523e-03,-6.643486768007278442e-02,-3.303796052932739258e-03,-3.834029287099838257e-02,-5.072195455431938171e-02,-9.101460874080657959e-02,1.013104058802127838e-02,8.528175950050354004e-02,1.339062675833702087e-02
-9.136448055505752563e-02,-3.353517130017280579e-02,-3.033580780029296875e-01,-2.686136662960052490e-01,5.008327364921569824e-01,6.674750447273254395e-01,-7.301995158195495605e-02,-1.320851594209671021e-01,6.454360485076904297e-01,9.999997615814208984e-01,-6.065966561436653137e-02,9.810762852430343628e-02,2.534870989620685577e-02,1.986454427242279053e-01,5.398143529891967773e-01,6.438241600990295410e-01,-1.468069385737180710e-02,1.523394584655761719e-01,-1.852370239794254303e-02,3.202531859278678894e-02,1.694960743188858032e-01,1.828491389751434326e-01,-9.310968220233917236e-02,-1.144197806715965271e-01,3.330735266208648682e-01,3.808036148548126221e-01,4.965380132198333740e-01,6.191238164901733398e-01,2.847076207399368286e-02,1.302951872348785400e-01,4.010315611958503723e-02,-1.575354486703872681e-02,-1.002189517021179199e-01,-1.488135606050491333e-01,-1.477519720792770386e-01,-1.420064419507980347e-01,-1.538195013999938965e-01,-3.546657972037792206e-03,-5.787793919444084167e-02,-5.212432146072387695e-02,7.710836082696914673e-02,1.773357689380645752e-01,-1.760965436697006226e-01,-2.297361791133880615e-01,-1.623028963804244995e-01,-1.524066627025604248e-01,-1.333785206079483032e-01,-1.175237596035003662e-01,-1.204561069607734680e-01,-4.158826917409896851e-02,-1.348233222961425781e-01,-4.456705227494239807e-02,-7.245036959648132324e-02,2.535683810710906982e-01,8.996772579848766327e-03,8.705440908670425415e-02,5.159220099449157715e-02,1.477769166231155396e-01,1.318145096302032471e-01,3.051803447306156158e-02,-3.285998012870550156e-03,1.008006744086742401e-02,2.916059270501136780e-02,1.034378036856651306e-01,-2.015751451253890991e-01,-7.420851383358240128e-03,3.690621256828308105e-02,-7.873944193124771118e-02,-6.149290595203638077e-03,-1.506980415433645248e-02,9.604402631521224976e-02,1.379860788583755493e-01,-6.437120609916746616e-04,1.462862491607666016e-01,6.460517644882202148e-02,1.229140534996986389e-01,-4.729097336530685425e-02,4.824813827872276306e-02,3.625541925430297852e-02,-5.000673606991767883e-02,1.562752425670623779e-01,1.700426489114761353e-01,4.022405743598937988e-01,4.758793413639068604e-01,1.665394008159637451e-01,2.429584860801696777e-01,6.098386049270629883e-01,6.597141623497009277e-01,2.970336377620697021e-01,3.003948926925659180e-01,5.745684728026390076e-02,2.273817807435989380e-01,2.175272852182388306e-01,4.597243964672088623e-01,-6.408181041479110718e-02,1.949275657534599304e-02,-1.488869488239288330e-01,-9.517905861139297485e-02,-2.362228929996490479e-01,-9.652253985404968262e-02,1.919978857040405273e-01,4.799579679965972900e-01,1.098312214016914368e-01,1.896877288818359375e-01,3.176627680659294128e-02,4.057423397898674011e-02,-5.611933767795562744e-03,-6.719847768545150757e-02,9.238033741712570190e-02,5.325391888618469238e-02,-2.070759655907750130e-03,-2.197881788015365601e-02,-3.021089918911457062e-02,-3.626120090484619141e-02,5.748233199119567871e-02,8.566357940435409546e-02
3.415790200233459473e-01,2.182126790285110474e-01,1.071389392018318176e-01,1.582752168178558350e-01,-1.203253939747810364e-01,-1.193378195166587830e-01,1.530461758375167847e-01,2.315183579921722412e-01,-6.309848278760910034e-02,-6.065966561436653137e-02,9.999997019767761230e-01,3.618965744972229004e-01,6.249625682830810547e-01,1.060176193714141846e-01,7.552309427410364151e-03,2.208862602710723877e-01,6.770663261413574219e-01,5.399727225303649902e-01,9.411654621362686157e-02,1.164869144558906555e-01,3.921592980623245239e-02,8.738210052251815796e-02,1.182223781943321228e-01,1.284469217061996460e-01,3.119601868093013763e-02,7.313832640647888184e-02,9.207677096128463745e-02,-3.033898584544658661e-02,5.669587254524230957e-01,3.382501304149627686e-01,2.368119806051254272e-01,2.508330643177032471e-01,-3.469667956233024597e-02,1.831333152949810028e-02,2.044183574616909027e-02,-1.045971065759658813e-01,2.685998976230621338e-01,6.832783110439777374e-03,3.399783074855804443e-01,7.684073597192764282e-02,1.093723401427268982e-01,-1.814028620719909668e-02,1.856952905654907227e-01,2.042048275470733643e-01,6.516962498426437378e-02,1.049166619777679443e-01,1.846574693918228149e-01,1.511853933334350586e-01,-8.784454315900802612e-02,-1.252838969230651855e-01,6.293850392103195190e-02,-3.013513237237930298e-02,-8.125158399343490601e-02,-3.995209187269210815e-02,2.347988337278366089e-01,9.586586803197860718e-02,2.565905451774597168e-01,9.794422239065170288e-02,-1.639160066843032837e-01,-8.647665381431579590e-02,1.020172983407974243e-01,6.347621977329254150e-02,-3.583104163408279419e-02,1.356379687786102295e-01,2.840572781860828400e-02,-1.027142181992530823e-01,4.738004878163337708e-02,1.190837770700454712e-01,9.338337182998657227e-02,-1.773812063038349152e-02,2.505275048315525055e-02,5.537059158086776733e-02,1.920791119337081909e-01,1.167409494519233704e-01,2.736582979559898376e-02,-5.160401016473770142e-02,2.129169851541519165e-01,1.230356767773628235e-01,4.951184988021850586e-01,3.102084994316101074e-01,4.389519691467285156e-01,3.834568262100219727e-01,-5.446626618504524231e-02,8.237525820732116699e-02,3.984938263893127441e-01,2.669485509395599365e-01,-2.034048289060592651e-01,-1.580077260732650757e-01,4.972457587718963623e-01,3.769297301769256592e-01,1.082577332854270935e-01,9.773150831460952759e-02,3.933023661375045776e-02,2.849400229752063751e-02,2.500343024730682373e-01,3.683276474475860596e-01,1.395676434040069580e-01,1.954728811979293823e-01,3.994503244757652283e-02,1.254652291536331177e-01,2.723126411437988281e-01,8.335778117179870605e-02,4.098818302154541016e-01,3.037538528442382812e-01,4.709013998508453369e-01,2.496133595705032349e-01,3.400791287422180176e-01,1.537020802497863770e-01,5.683292169123888016e-03,1.460547372698783875e-02,-1.542059034109115601e-01,-2.328092753887176514e-01,-1.700883358716964722e-01,1.126461625099182129e-01,2.473405599594116211e-01,2.086085826158523560e-01
3.872551321983337402e-01,4.560143351554870605e-01,1.273849457502365112e-01,3.293724954128265381e-01,1.167761608958244324e-01,2.713671028614044189e-01,4.373229146003723145e-01,5.424815416336059570e-01,7.150156050920486450e-02,9.810762852430343628e-02,3.618965744972229004e-01,1.000000476837158203e+00,5.067563652992248535e-01,6.083781123161315918e-01,7.554315775632858276e-02,2.380371093750000000e-01,3.650403320789337158e-01,6.267103552818298340e-01,1.710651069879531860e-01,2.199206501245498657e-01,1.746322810649871826e-01,1.467446684837341309e-01,9.565899521112442017e-02,1.489260643720626831e-01,3.144156038761138916e-01,3.995219469070434570e-01,3.535036444664001465e-01,3.812201917171478271e-01,4.019750356674194336e-01,5.197948217391967773e-01,2.784080207347869873e-01,2.910898625850677490e-01,7.209977507591247559e-02,1.376154124736785889e-01,6.820745766162872314e-02,4.546982236206531525e-03,7.713980227708816528e-02,2.265973985195159912e-01,8.967772871255874634e-02,3.533738553524017334e-01,1.492687016725540161e-01,1.675678938627243042e-01,7.630008459091186523e-02,1.327740401029586792e-01,-3.970136865973472595e-02,6.344442069530487061e-02,2.084946036338806152e-01,2.296428531408309937e-01,-8.433451503515243530e-02,7.334715873003005981e-02,7.630794495344161987e-02,1.185416951775550842e-01,9.370544552803039551e-02,2.175042927265167236e-01,2.308786064386367798e-01,3.796135783195495605e-01,3.044488728046417236e-01,3.193940818309783936e-01,2.109542489051818848e-01,1.888319402933120728e-01,2.381689548492431641e-01,1.285371631383895874e-01,1.283582001924514771e-01,4.322040081024169922e-01,-1.239195093512535095e-02,4.463186487555503845e-02,2.081956416368484497e-01,2.244711667299270630e-01,2.227087169885635376e-01,1.984725594520568848e-01,3.073294460773468018e-01,2.946059405803680420e-01,2.909321486949920654e-01,2.525249123573303223e-01,1.653380244970321655e-01,1.403070539236068726e-01,9.943745285272598267e-02,2.573593258857727051e-01,3.522040247917175293e-01,3.226341605186462402e-01,4.360465705394744873e-01,5.396479964256286621e-01,1.492449790239334106e-01,3.099662065505981445e-01,3.241453766822814941e-01,5.110238194465637207e-01,5.858314782381057739e-02,1.280871331691741943e-01,3.091402053833007812e-01,4.810063540935516357e-01,1.631252020597457886e-01,3.480783402919769287e-01,-1.371933240443468094e-02,1.820075362920761108e-01,1.912192255258560181e-01,4.027074277400970459e-01,1.252022832632064819e-01,3.371652662754058838e-01,1.785458773374557495e-01,3.565134108066558838e-01,2.868847250938415527e-01,1.213278844952583313e-01,2.963011562824249268e-01,3.309653997421264648e-01,3.942164480686187744e-01,3.316706717014312744e-01,2.312460392713546753e-01,3.029634654521942139e-01,2.493267953395843506e-01,2.277088165283203125e-01,1.647997349500656128e-01,1.582727283239364624e-01,1.929521411657333374e-01,2.002113759517669678e-01,2.454658448696136475e-01,2.389754205942153931e-01
3.194529414176940918e-01,3.440376520156860352e-01,2.324701398611068726e-01,2.645538151264190674e-01,1.997962445020675659e-01,1.180011406540870667e-01,4.662925601005554199e-01,3.524363934993743896e-01,2.073125988245010376e-01,2.534870989620685577e-02,6.249625682830810547e-01,5.067563652992248535e-01,9.999997615814208984e-01,3.010117113590240479e-01,2.852825224399566650e-01,2.394492179155349731e-01,4.761344492435455322e-01,5.314029455184936523e-01,1.570230722427368164e-01,1.290994286537170410e-01,2.989418506622314453e-01,2.891661226749420166e-01,1.985538303852081299e-01,1.993553042411804199e-01,3.604058623313903809e-01,3.248535990715026855e-01,4.350760281085968018e-01,2.370469272136688232e-01,5.133537054061889648e-01,4.410484731197357178e-01,4.260834157466888428e-01,3.492914438247680664e-01,4.815536364912986755e-02,1.006004288792610168e-01,4.294079169631004333e-02,-1.038046181201934814e-01,6.709192879498004913e-03,1.644470840692520142e-01,1.188358366489410400e-01,1.852782964706420898e-01,1.529366523027420044e-01,1.272150427103042603e-01,1.015662923455238342e-01,2.203509360551834106e-01,4.932073503732681274e-02,1.847221404314041138e-01,1.242474541068077087e-01,1.138488426804542542e-01,-3.088743612170219421e-02,3.683783486485481262e-02,9.782774746417999268e-02,9.835005551576614380e-02,5.034260824322700500e-02,3.277577087283134460e-02,2.355624139308929443e-01,8.307594805955886841e-02,2.891084551811218262e-01,2.650734186172485352e-01,-2.685804665088653564e-02,1.935362070798873901e-01,1.203113794326782227e-01,2.197527885437011719e-01,1.393650174140930176e-01,1.625923216342926025e-01,-2.168602496385574341e-02,-5.391870439052581787e-02,9.696009010076522827e-02,2.300989180803298950e-01,1.416447907686233521e-01,1.002843379974365234e-01,3.485960662364959717e-01,2.969671487808227539e-01,3.293832838535308838e-01,2.670383453369140625e-01,2.595290839672088623e-01,1.400713771581649780e-01,2.164851427078247070e-01,2.186777591705322266e-01,3.490859866142272949e-01,3.251980841159820557e-01,5.672876238822937012e-01,3.834422528743743896e-01,3.200603425502777100e-01,1.510393917560577393e-01,5.358060598373413086e-01,3.169127404689788818e-01,6.697092950344085693e-02,-3.060365654528141022e-02,5.540238022804260254e-01,4.376139342784881592e-01,2.803659737110137939e-01,1.470178365707397461e-01,1.064460948109626770e-01,2.904924377799034119e-02,1.554594039916992188e-01,2.996646463871002197e-01,6.038019806146621704e-02,1.618509739637374878e-01,2.427415847778320312e-01,1.544187366962432861e-01,2.929142117500305176e-01,1.121614500880241394e-01,3.228448927402496338e-01,2.426744997501373291e-01,3.271751701831817627e-01,1.622143983840942383e-01,1.326069831848144531e-01,1.384184956550598145e-01,-4.132145084440708160e-03,9.735116362571716309e-02,-2.882093889638781548e-03,-6.829039752483367920e-02,-6.576305627822875977e-02,2.129595428705215454e-01,2.906721532344818115e-01,1.539268791675567627e-01
