9.999998211860656738e-01,5.536306500434875488e-01,3.270780742168426514e-01,3.218620419502258301e-01,-4.136207327246665955e-02,-2.785219065845012665e-02,3.214724361896514893e-01,2.446658462285995483e-01,1.750900298357009888e-01,2.721340656280517578e-01,5.456160902976989746e-01,3.470883667469024658e-01,4.060705304145812988e-01,2.188639938831329346e-01,-2.561898436397314072e-03,1.607602536678314209e-01,4.366944134235382080e-01,2.597825527191162109e-01,4.867774248123168945e-01,3.802859187126159668e-01,1.149805560708045959e-01,-1.468737870454788208e-01,2.057255208492279053e-01,2.813052237033843994e-01,7.504234462976455688e-02,1.163948476314544678e-01,1.395332217216491699e-01,1.339058578014373779e-01,3.136458098888397217e-01,1.900686770677566528e-01,2.427438497543334961e-01,1.611972749233245850e-01,6.322262883186340332e-01,4.510282576084136963e-01,2.274006307125091553e-01,8.341111242771148682e-02,2.714984118938446045e-01,1.948534995317459106e-01,-3.011386469006538391e-02,2.672425284981727600e-02,1.219326853752136230e-01,1.789966225624084473e-01,-1.283968389034271240e-01,-2.528916001319885254e-01,-1.867411658167839050e-02,-8.728524297475814819e-02,-1.834289878606796265e-01,-2.831546664237976074e-01,-1.013449113816022873e-02,-3.301850333809852600e-02,1.596891731023788452e-01,-1.307672113180160522e-01,6.239867582917213440e-02,-2.896163761615753174e-01,-5.682551488280296326e-02,-2.079787105321884155e-01,6.949582695960998535e-01,3.344748616218566895e-01,2.590627074241638184e-01,2.332552969455718994e-01,4.451840221881866455e-01,2.401223629713058472e-01,3.889358639717102051e-01,3.475270867347717285e-01,2.957091033458709717e-01,1.633808612823486328e-01,3.490654230117797852e-01,3.232701420783996582e-01,5.962268114089965820e-01,3.508945107460021973e-01,2.482432574033737183e-01,2.192452251911163330e-01,1.908686757087707520e-01,1.743155121803283691e-01,2.731074392795562744e-01,1.636818945407867432e-01,3.753636479377746582e-01,3.108673393726348877e-01,1.090465560555458069e-01,4.142109677195549011e-02,3.672604858875274658e-01,1.238422468304634094e-01,2.846222929656505585e-02,-7.442624121904373169e-02,3.544786274433135986e-01,3.592919930815696716e-02,-3.838139120489358902e-03,-1.352180987596511841e-01,9.113238006830215454e-02,-1.907506138086318970e-01,4.875085502862930298e-02,-2.698621451854705811e-01,-2.385915629565715790e-02,-3.071073889732360840e-01,6.065001711249351501e-02,1.234947070479393005e-01,-3.846636041998863220e-02,-2.011232636868953705e-02,-5.972244217991828918e-02,-1.509925574064254761e-01,-2.470470964908599854e-02,-2.694697082042694092e-01,3.096832078881561756e-04,-1.953698545694351196e-01,1.277633607387542725e-01,4.532077163457870483e-02,7.202995568513870239e-02,-6.346257776021957397e-02,1.133536770939826965e-01,-4.215742275118827820e-02,-1.543906033039093018e-01,-1.131811738014221191e-01,-1.799391210079193115e-01,-8.583823591470718384e-02,-1.212030928581953049e-02,9.073842316865921021e-02
5.536306500434875488e-01,1.000000119209289551e+00,5.065673589706420898e-01,4.930655956268310547e-01,-3.797365352511405945e-03,-7.251788675785064697e-02,4.856986105442047119e-01,4.594043195247650146e-01,2.456267923116683960e-01,3.194842636585235596e-01,3.459075987339019775e-01,5.180948972702026367e-01,4.501046240329742432e-01,3.212560713291168213e-01,7.548467256128787994e-03,1.467710733413696289e-01,2.866792082786560059e-01,3.054671585559844971e-01,4.864234328269958496e-01,4.370947182178497314e-01,1.042141113430261612e-02,-1.087410524487495422e-01,4.172316193580627441e-01,3.909062445163726807e-01,3.047604262828826904e-01,2.594302594661712646e-01,1.189418807625770569e-01,1.651363968849182129e-01,2.279002368450164795e-01,2.122923433780670166e-01,3.522257506847381592e-01,2.986755073070526123e-01,4.880352616310119629e-01,4.867614507675170898e-01,1.302825063467025757e-01,5.992885306477546692e-02,1.423294246196746826e-01,4.558306187391281128e-02,-2.395265363156795502e-02,-3.313107788562774658e-02,1.844069734215736389e-02,4.196272790431976318e-02,1.784303970634937286e-02,1.120688859373331070e-02,1.332485377788543701e-01,1.394073367118835449e-01,-1.557755619287490845e-01,-8.096493035554885864e-02,1.207145899534225464e-01,2.488222271203994751e-01,1.389177292585372925e-01,1.658163070678710938e-01,8.617006242275238037e-03,-6.072564981877803802e-03,-1.216150522232055664e-01,-1.359560191631317139e-01,4.842185676097869873e-01,5.276817679405212402e-01,3.148190677165985107e-01,3.971939980983734131e-01,3.985809385776519775e-01,4.043834209442138672e-01,3.421443998813629150e-01,3.726392984390258789e-01,3.480154573917388916e-01,3.738535642623901367e-01,3.272649943828582764e-01,3.954407274723052979e-01,5.395092368125915527e-01,3.733048737049102783e-01,2.007867097854614258e-01,2.177612632513046265e-01,1.146598607301712036e-01,1.323396861553192139e-01,1.762200444936752319e-01,1.797152161598205566e-01,3.086193501949310303e-01,2.861099541187286377e-01,5.193226784467697144e-02,4.164047911763191223e-02,2.492376118898391724e-01,2.575701177120208740e-01,9.099335968494415283e-02,-6.533015519380569458e-02,2.716402113437652588e-01,2.284595519304275513e-01,3.140970319509506226e-02,-4.259373247623443604e-02,-4.164770245552062988e-02,-2.271453291177749634e-02,-7.461363077163696289e-02,-9.702257812023162842e-02,-9.645796567201614380e-02,-1.648457348346710205e-01,4.722343757748603821e-02,1.574840098619461060e-01,-7.978570461273193359e-02,-1.016873400658369064e-02,-1.112010329961776733e-01,-7.497662305831909180e-02,-1.231310591101646423e-01,-1.130749583244323730e-01,-9.697737544775009155e-02,-1.145563945174217224e-01,4.044049978256225586e-02,-5.965590476989746094e-03,-8.596682921051979065e-03,-3.411820903420448303e-02,4.364377632737159729e-02,-3.276936709880828857e-02,-1.453023999929428101e-01,-4.525187984108924866e-02,-1.154773756861686707e-01,-1.523450613021850586e-01,-2.527839504182338715e-02,4.674146696925163269e-02
3.270780742168426514e-01,5.065673589706420898e-01,1.000000119209289551e+00,6.646972298622131348e-01,4.199467971920967102e-02,-1.697640120983123779e-02,7.355862855911254883e-01,6.598430871963500977e-01,2.971639037132263184e-01,3.536787331104278564e-01,3.104854822158813477e-01,4.518607556819915771e-01,4.864592850208282471e-01,3.778586983680725098e-01,-1.005853638052940369e-01,3.045689128339290619e-02,3.144807517528533936e-01,3.131489455699920654e-01,5.370309352874755859e-01,4.076722860336303711e-01,-4.851007461547851562e-02,-1.628872938454151154e-02,7.285305857658386230e-01,6.506595015525817871e-01,4.573945105075836182e-01,4.435851573944091797e-01,1.144842207431793213e-01,7.165614515542984009e-02,3.905375301837921143e-01,1.379398405551910400e-01,5.631572604179382324e-01,5.087580680847167969e-01,2.766137719154357910e-01,3.701583743095397949e-01,-5.691801384091377258e-02,-7.120937108993530273e-02,6.128583103418350220e-02,-6.266103126108646393e-03,-5.633733794093132019e-02,-5.250229313969612122e-02,8.762271702289581299e-02,7.167246192693710327e-03,1.178319798782467842e-04,-6.576572358608245850e-02,4.601684585213661194e-02,-5.508009716868400574e-02,-1.053310036659240723e-01,-7.627197355031967163e-02,-1.604218850843608379e-03,5.787216499447822571e-02,2.351063303649425507e-02,7.103964686393737793e-02,-3.492645174264907837e-02,6.750933825969696045e-03,-4.125754535198211670e-02,-8.321814984083175659e-02,2.395994514226913452e-01,1.990316212177276611e-01,1.554330289363861084e-01,1.373644620180130005e-01,1.259327381849288940e-01,2.741875685751438141e-02,1.683970093727111816e-01,2.176762744784355164e-02,1.752879321575164795e-01,1.173625364899635315e-01,7.355757057666778564e-02,7.755112648010253906e-02,2.495930343866348267e-01,1.584305465221405029e-01,3.694230616092681885e-01,2.924250960350036621e-01,2.609384655952453613e-01,1.960129141807556152e-01,1.984693408012390137e-01,1.306764185428619385e-01,2.138316035270690918e-01,1.376060843467712402e-01,1.274928450584411621e-01,1.274231523275375366e-01,2.366029173135757446e-01,2.086490243673324585e-01,2.336571216583251953e-01,-4.859857261180877686e-02,9.494827687740325928e-02,4.291118681430816650e-02,2.239886857569217682e-02,-3.272459283471107483e-02,-2.073495415970683098e-03,-4.400585219264030457e-02,-6.251706928014755249e-02,-1.405279338359832764e-01,-4.848615080118179321e-02,-1.401586383581161499e-01,-1.559523493051528931e-02,7.676761597394943237e-02,-9.053295850753784180e-02,-5.796884372830390930e-02,-1.018600240349769592e-01,-7.379858940839767456e-02,-5.876700207591056824e-02,1.228050678037106991e-03,-1.233824156224727631e-02,3.545783087611198425e-02,2.100838907063007355e-02,2.999114990234375000e-02,1.344610564410686493e-02,2.870210260152816772e-02,-8.198418654501438141e-03,-8.445783704519271851e-02,-1.496061384677886963e-01,-1.376830190420150757e-01,-9.321773797273635864e-02,-9.091462194919586182e-02,-6.502608209848403931e-02,-2.094107680022716522e-02
3.218620419502258301e-01,4.930655956268310547e-01,6.646972298622131348e-01,9.999998211860656738e-01,-5.042944103479385376e-03,-6.491813808679580688e-02,6.544688940048217773e-01,7.602331638336181641e-01,3.329989612102508545e-01,4.567003548145294189e-01,2.667496502399444580e-01,4.442419111728668213e-01,5.276733636856079102e-01,6.205146908760070801e-01,-1.058781240135431290e-02,2.246160507202148438e-01,1.862270385026931763e-01,3.094016015529632568e-01,5.382283926010131836e-01,6.657762527465820312e-01,3.122613765299320221e-02,2.177312783896923065e-02,6.299344897270202637e-01,6.898801922798156738e-01,3.968243002891540527e-01,3.251068890094757080e-01,1.666782498359680176e-01,1.382461339235305786e-01,2.329894602298736572e-01,1.591884195804595947e-01,4.846867918968200684e-01,5.009670853614807129e-01,3.159640729427337646e-01,4.700795114040374756e-01,-6.698770821094512939e-02,-1.354046314954757690e-01,1.127930656075477600e-01,1.213716808706521988e-02,2.670295163989067078e-02,1.808556355535984039e-02,2.276263572275638580e-02,-2.179072983562946320e-02,1.438852027058601379e-02,-6.082728505134582520e-02,1.143817380070686340e-01,-3.864808753132820129e-02,-1.239140480756759644e-01,-8.035728335380554199e-02,7.363890111446380615e-02,1.252703964710235596e-01,1.026862636208534241e-01,1.172290220856666565e-01,1.309895794838666916e-02,1.794176362454891205e-02,-2.034735120832920074e-02,-2.687035128474235535e-02,2.686368227005004883e-01,2.367135733366012573e-01,1.796283125877380371e-01,2.055644989013671875e-01,1.634102016687393188e-01,1.128823608160018921e-01,1.818848401308059692e-01,9.120739996433258057e-02,1.807071119546890259e-01,1.774584501981735229e-01,1.959454268217086792e-01,2.486286610364913940e-01,3.472321629524230957e-01,4.343150258064270020e-01,2.429414242506027222e-01,2.465714365243911743e-01,1.721777915954589844e-01,1.809094548225402832e-01,1.417765915393829346e-01,1.520932912826538086e-01,1.573366820812225342e-01,1.418356001377105713e-01,1.019601151347160339e-01,8.447436988353729248e-02,2.018002271652221680e-01,2.440726906061172485e-01,9.156191349029541016e-02,-6.495825946331024170e-02,1.697322428226470947e-01,1.828975677490234375e-01,5.470248684287071228e-02,-1.387834176421165466e-02,-1.205918844789266586e-02,6.176064535975456238e-02,-3.372225910425186157e-02,-9.441218525171279907e-02,-4.246779717504978180e-03,-1.035545468330383301e-01,-4.515989124774932861e-02,7.179531455039978027e-02,-1.016031876206398010e-01,-6.594424694776535034e-02,-4.688625782728195190e-02,-4.534742608666419983e-02,-3.760357573628425598e-02,-1.766201853752136230e-02,1.741963066160678864e-02,5.549652501940727234e-03,5.929827317595481873e-02,2.321854792535305023e-02,2.733199484646320343e-02,-9.371102787554264069e-03,4.116965830326080322e-02,-1.498495638370513916e-01,-2.448841333389282227e-01,-1.687530279159545898e-01,-1.392267048358917236e-01,-1.556625813245773315e-01,-4.921093955636024475e-02,-5.066040158271789551e-02
-4.136207327246665955e-02,-3.797365352511405945e-03,4.199467971920967102e-02,-5.042944103479385376e-03,1.000000119209289551e+00,7.059488296508789062e-01,1.263410001993179321e-01,-4.096345044672489166e-03,3.587268292903900146e-01,2.977200448513031006e-01,-1.476548425853252411e-02,6.358983367681503296e-02,1.485359221696853638e-01,-4.891638085246086121e-02,5.519044995307922363e-01,3.516691327095031738e-01,-6.467977911233901978e-02,-1.293503306806087494e-02,-1.367132663726806641e-01,-1.053283289074897766e-01,2.804642319679260254e-01,4.161488413810729980e-01,1.881390959024429321e-01,1.698162555694580078e-01,1.707575917243957520e-01,2.465329468250274658e-01,3.776972591876983643e-01,2.728610336780548096e-01,1.285918653011322021e-01,1.752124875783920288e-01,2.917659282684326172e-01,2.395718544721603394e-01,-1.680182665586471558e-02,-2.987632341682910919e-02,1.712973564863204956e-01,1.152643337845802307e-01,8.937510102987289429e-02,1.914091967046260834e-02,2.817387282848358154e-01,1.030851528048515320e-01,2.167352847754955292e-02,5.723234638571739197e-02,1.012045368552207947e-01,1.312708407640457153e-01,1.443293690681457520e-01,1.438840925693511963e-01,5.303406342864036560e-02,4.017297923564910889e-02,1.757802516222000122e-01,2.291949540376663208e-01,1.424652785062789917e-01,2.109739035367965698e-01,-7.097008079290390015e-02,9.599447995424270630e-02,4.869340732693672180e-02,-7.522878795862197876e-02,2.436180599033832550e-02,-3.216651454567909241e-02,2.401192188262939453e-01,2.101677954196929932e-01,7.342197746038436890e-02,7.320442795753479004e-02,-6.668768823146820068e-02,1.725084334611892700e-02,1.065832376480102539e-01,1.744071394205093384e-01,2.427387684583663940e-01,1.531451493501663208e-01,1.009110882878303528e-01,1.967141404747962952e-02,1.291004568338394165e-01,2.283169925212860107e-01,1.343970596790313721e-01,9.576275944709777832e-02,7.268815487623214722e-02,5.085067078471183777e-02,4.927295073866844177e-02,1.391176283359527588e-01,-9.738588333129882812e-02,-1.129803881049156189e-01,-3.161927312612533569e-02,-1.543941795825958252e-01,7.600557804107666016e-02,1.656658053398132324e-01,-9.700351953506469727e-02,-1.244169380515813828e-02,1.146749109029769897e-01,1.107843071222305298e-01,-3.103358857333660126e-02,-5.210236832499504089e-02,-8.591836690902709961e-02,-3.470735251903533936e-02,-1.065373122692108154e-01,-2.958797104656696320e-02,1.966505646705627441e-01,1.054408550262451172e-01,1.082009077072143555e-01,1.095633581280708313e-01,-1.014214381575584412e-01,-7.513675093650817871e-02,-8.825422078371047974e-02,-1.579932868480682373e-01,-6.085399910807609558e-02,-1.269843578338623047e-01,-2.219006419181823730e-02,-1.340593956410884857e-02,-2.302932739257812500e-02,-1.108757704496383667e-01,2.210399806499481201e-01,2.523559033870697021e-01,1.934544593095779419e-01,-2.513393573462963104e-02,-6.062778457999229431e-02,6.682610604912042618e-03,2.109737601131200790e-03,7.498814165592193604e-02
-2.785219065845012665e-02,-7.251788675785064697e-02,-1.697640120983123779e-02,-6.491813808679580688e-02,7.059488296508789062e-01,1.000000000000000000e+00,1.576295867562294006e-02,-1.016235873103141785e-01,1.689880639314651489e-01,1.250963807106018066e-01,-3.055224753916263580e-02,-4.291087761521339417e-02,-2.479083370417356491e-03,-1.443348973989486694e-01,3.641000092029571533e-01,2.152723371982574463e-01,-4.012519866228103638e-02,-9.886123239994049072e-02,-6.772936880588531494e-02,-1.153396666049957275e-01,1.824304163455963135e-01,4.376358687877655029e-01,7.664998620748519897e-02,4.647526517510414124e-02,3.609002009034156799e-02,1.001322418451309204e-01,2.469864934682846069e-01,1.642680615186691284e-01,1.062752902507781982e-01,7.126622647047042847e-02,2.389366179704666138e-01,2.087970972061157227e-01,-3.532483056187629700e-02,-7.641127705574035645e-02,9.647216647863388062e-02,2.555392310023307800e-02,1.158267706632614136e-01,6.240533292293548584e-02,2.877420186996459961e-01,4.899597261101007462e-03,6.593668460845947266e-02,9.046082198619842529e-02,6.292146444320678711e-02,9.644267708063125610e-02,8.678797632455825806e-02,6.372280418872833252e-02,8.127049356698989868e-02,5.908693745732307434e-02,9.095478057861328125e-02,1.223722100257873535e-01,9.079150110483169556e-02,1.379279196262359619e-01,-5.214290320873260498e-02,7.316829264163970947e-02,7.379443943500518799e-02,-1.043699085712432861e-01,-1.703651621937751770e-02,-1.074244305491447449e-01,1.602004021406173706e-01,1.183668673038482666e-01,1.580545306205749512e-02,-1.303913164883852005e-02,-4.523606598377227783e-02,-5.286911875009536743e-02,6.178969144821166992e-02,8.490532636642456055e-02,1.401150822639465332e-01,4.756253957748413086e-02,3.793758153915405273e-02,-4.150981456041336060e-02,4.164208099246025085e-02,1.587310880422592163e-01,1.245184317231178284e-01,7.779288291931152344e-02,2.527131885290145874e-02,-2.661038935184478760e-02,4.634902998805046082e-02,9.835770726203918457e-02,-7.640504091978073120e-02,-1.014506146311759949e-01,-6.042814347892999649e-03,-1.686753183603286743e-01,1.246196962893009186e-02,5.840296670794487000e-02,-1.070903688669204712e-01,-6.608717888593673706e-02,3.220023587346076965e-02,4.412608593702316284e-02,-3.600155562162399292e-02,-9.240525960922241211e-02,-2.615618519484996796e-02,1.270550861954689026e-02,-5.359850823879241943e-02,1.390384417027235031e-02,1.606151610612869263e-01,9.203740954399108887e-02,1.038781404495239258e-01,9.066605567932128906e-02,-2.294652350246906281e-02,-2.879056707024574280e-02,-2.754716761410236359e-02,-8.232039213180541992e-02,1.555718760937452316e-02,-4.643828049302101135e-02,2.202692441642284393e-02,5.120711028575897217e-02,4.828792065382003784e-02,-2.977487072348594666e-02,1.490122079849243164e-01,2.332800328731536865e-01,1.635946780443191528e-01,3.617237135767936707e-02,-2.623866498470306396e-02,6.462270021438598633e-02,2.186840027570724487e-02,1.375122070312500000e-01
3.214724361896514893e-01,4.856986105442047119e-01,7.355862855911254883e-01,6.544688940048217773e-01,1.263410001993179321e-01,1.576295867562294006e-02,9.999998211860656738e-01,6.741474270820617676e-01,4.356730282306671143e-01,4.830230772495269775e-01,3.075965642929077148e-01,5.136063694953918457e-01,6.216297149658203125e-01,4.702864289283752441e-01,7.540684193372726440e-02,1.803308427333831787e-01,2.668758332729339600e-01,3.490827083587646484e-01,4.490863084793090820e-01,4.402585029602050781e-01,6.889572739601135254e-02,1.644274964928627014e-02,6.773740649223327637e-01,6.825011372566223145e-01,5.066252946853637695e-01,4.471709430217742920e-01,2.468206137418746948e-01,1.867494285106658936e-01,4.300370812416076660e-01,2.472408413887023926e-01,5.436165332794189453e-01,4.717316329479217529e-01,2.593482732772827148e-01,4.070511460304260254e-01,-3.524614125490188599e-02,-7.749389857053756714e-02,8.251059055328369141e-02,-1.696664839982986450e-03,-4.759745672345161438e-02,3.490921854972839355e-02,1.105805858969688416e-01,4.412950202822685242e-02,-2.002450404688715935e-03,-5.931562930345535278e-02,1.332405060529708862e-01,-1.416553184390068054e-02,-1.158644855022430420e-01,-8.210845291614532471e-02,7.685619592666625977e-02,9.726180881261825562e-02,8.426807820796966553e-02,9.057034552097320557e-02,-2.387388981878757477e-02,1.016948372125625610e-02,-5.276268720626831055e-02,-5.438699573278427124e-02,2.639823257923126221e-01,2.267109900712966919e-01,1.899993866682052612e-01,1.751042753458023071e-01,1.323488205671310425e-01,4.852858185768127441e-02,1.519943028688430786e-01,1.086187958717346191e-01,1.931806802749633789e-01,1.142984628677368164e-01,1.767048984766006470e-01,1.949778348207473755e-01,2.747007012367248535e-01,2.662852704524993896e-01,3.442440927028656006e-01,3.273465335369110107e-01,2.531652748584747314e-01,2.334000021219253540e-01,2.029311358928680420e-01,1.738216727972030640e-01,1.645760983228683472e-01,1.690789312124252319e-01,1.057564765214920044e-01,1.043252795934677124e-01,2.437757253646850586e-01,2.075999975204467773e-01,2.159019112586975098e-01,9.051564335823059082e-02,1.591198444366455078e-01,7.825494557619094849e-02,1.027875617146492004e-01,6.076702848076820374e-02,8.994924277067184448e-02,1.900288648903369904e-02,-5.567234382033348083e-02,-1.718840152025222778e-01,-1.261821202933788300e-02,-1.420942991971969604e-01,-1.448906958103179932e-02,9.740030020475387573e-02,-9.820820391178131104e-02,-6.689337641000747681e-02,-1.088713034987449646e-01,-7.236761599779129028e-02,-2.931802719831466675e-02,-5.212869495153427124e-02,-2.587273158133029938e-02,-1.523970067501068115e-02,3.154072677716612816e-03,-9.985519573092460632e-03,-2.787078544497489929e-02,-7.312950678169727325e-03,4.053375497460365295e-02,-9.313905239105224609e-02,-1.887967735528945923e-01,-1.533920764923095703e-01,-6.657222658395767212e-02,-5.644631013274192810e-02,-6.864986568689346313e-02,-5.747041106224060059e-02
2.446658462285995483e-01,4.594043195247650146e-01,6.598430871963500977e-01,7.602331638336181641e-01,-4.096345044672489166e-03,-1.016235873103141785e-01,6.741474270820617676e-01,1.000000000000000000e+00,3.018222153186798096e-01,4.565615355968475342e-01,2.816690206527709961e-01,4.848189353942871094e-01,5.578435659408569336e-01,6.362877488136291504e-01,5.824342370033264160e-03,2.359298616647720337e-01,1.972101777791976929e-01,2.945885658264160156e-01,4.295620918273925781e-01,5.484243631362915039e-01,2.053016237914562225e-02,-3.324704617261886597e-02,6.573583483695983887e-01,6.905157566070556641e-01,4.471259713172912598e-01,3.750693798065185547e-01,1.762385070323944092e-01,1.539082080125808716e-01,2.795150279998779297e-01,2.226175516843795776e-01,4.696995317935943604e-01,4.965145587921142578e-01,2.611940801143646240e-01,4.276445508003234863e-01,-8.456052094697952271e-02,-1.262736469507217407e-01,6.312128156423568726e-02,-2.848226018249988556e-02,4.196687415242195129e-02,1.437815185636281967e-02,2.985211089253425598e-02,-4.211498051881790161e-02,5.376453697681427002e-02,-2.158748731017112732e-02,1.212655082345008850e-01,1.328361127525568008e-02,-9.906504303216934204e-02,-9.487523883581161499e-02,1.429567486047744751e-01,1.275289654731750488e-01,1.511969119310379028e-01,1.075291037559509277e-01,8.302152901887893677e-02,3.600899875164031982e-02,-2.327739074826240540e-02,-3.204094991087913513e-02,2.060297280550003052e-01,2.102218568325042725e-01,1.328682750463485718e-01,1.500788927078247070e-01,1.046605035662651062e-01,7.150750607252120972e-02,1.250068843364715576e-01,5.148605629801750183e-02,1.496114730834960938e-01,1.248050108551979065e-01,1.341046988964080811e-01,2.001108527183532715e-01,2.710447907447814941e-01,3.537751138210296631e-01,2.409294694662094116e-01,2.710793018341064453e-01,2.051621973514556885e-01,1.498072743415832520e-01,1.030036583542823792e-01,1.011907979846000671e-01,1.304399520158767700e-01,1.118264496326446533e-01,1.067634448409080505e-01,9.459104388952255249e-02,2.134808897972106934e-01,2.540865242481231689e-01,2.244184017181396484e-01,2.468827553093433380e-02,1.896931231021881104e-01,1.506796181201934814e-01,1.246661692857742310e-01,5.376752093434333801e-02,1.118602789938449860e-02,6.613882631063461304e-02,-3.813046589493751526e-02,-1.150864064693450928e-01,2.730071544647216797e-03,-1.086643412709236145e-01,-2.086992934346199036e-02,3.493428602814674377e-02,-8.991584181785583496e-02,-1.044073253870010376e-01,-6.283351778984069824e-02,-7.608895748853683472e-02,-9.232376702129840851e-03,-1.774021983146667480e-02,2.795050852000713348e-02,4.403979051858186722e-03,6.508692353963851929e-02,1.802834309637546539e-02,2.858305722475051880e-02,-5.558088887482881546e-03,7.936052978038787842e-03,-1.491938084363937378e-01,-2.224258780479431152e-01,-1.764876246452331543e-01,-9.862046688795089722e-02,-1.074556186795234680e-01,-5.073438957333564758e-02,-4.422887042164802551e-02
1.750900298357009888e-01,2.456267923116683960e-01,2.971639037132263184e-01,3.329989612102508545e-01,3.587268292903900146e-01,1.689880639314651489e-01,4.356730282306671143e-01,3.018222153186798096e-01,9.999998211860656738e-01,6.250900626182556152e-01,2.033098489046096802e-01,3.333096802234649658e-01,5.751438736915588379e-01,3.302624523639678955e-01,5.268333554267883301e-01,4.404764175415039062e-01,1.144840046763420105e-01,2.926126420497894287e-01,6.110291182994842529e-02,2.120288461446762085e-01,2.154398411512374878e-01,5.765235051512718201e-02,4.450065195560455322e-01,4.968332052230834961e-01,4.865477383136749268e-01,4.161247014999389648e-01,4.484406113624572754e-01,3.545294106006622314e-01,3.002125024795532227e-01,3.361273109912872314e-01,4.463518261909484863e-01,3.703346550464630127e-01,1.386983394622802734e-01,2.779387235641479492e-01,8.301336318254470825e-02,5.569222941994667053e-02,1.913015544414520264e-01,1.208406984806060791e-01,-6.953614205121994019e-02,5.345942825078964233e-02,1.397801935672760010e-01,1.183843836188316345e-01,8.307262510061264038e-02,2.486125193536281586e-02,2.897991240024566650e-01,1.362982988357543945e-01,-1.387884318828582764e-01,-8.042595535516738892e-02,1.842017918825149536e-01,2.437184602022171021e-01,1.053941920399665833e-01,1.939169168472290039e-01,-7.427755743265151978e-02,1.124642565846443176e-01,-1.118794903159141541e-01,-6.653784960508346558e-02,1.933384090662002563e-01,2.306420952081680298e-01,2.114416062831878662e-01,2.435042411088943481e-01,1.660189032554626465e-01,1.865671575069427490e-01,9.240137785673141479e-02,2.696478068828582764e-01,1.657660007476806641e-01,2.370728999376296997e-01,2.716317176818847656e-01,2.500317990779876709e-01,1.625396162271499634e-01,2.118370682001113892e-01,3.124958276748657227e-01,3.560858666896820068e-01,2.240761965513229370e-01,2.298011630773544312e-01,2.625380754470825195e-01,2.094074934720993042e-01,1.072262451052665710e-01,2.206350564956665039e-01,4.569355398416519165e-02,-5.810676608234643936e-03,1.320038884878158569e-01,1.726278215646743774e-01,4.034253582358360291e-02,1.889264732599258423e-01,1.344131529331207275e-01,2.024999707937240601e-01,1.511057913303375244e-01,9.778919816017150879e-02,7.313513010740280151e-02,7.570111751556396484e-02,-1.123942956328392029e-01,-1.062158346176147461e-01,-8.584458380937576294e-02,-7.935681194067001343e-02,5.616426095366477966e-02,1.025483533740043640e-01,-7.612917572259902954e-02,-5.677483975887298584e-02,-1.793870925903320312e-01,-8.298146724700927734e-02,-1.017649397253990173e-01,-1.702382862567901611e-01,-1.068900600075721741e-01,-1.751821339130401611e-01,3.051779605448246002e-02,-6.256930995732545853e-03,-4.969578236341476440e-02,-1.391731947660446167e-01,8.540162444114685059e-02,4.059449303895235062e-03,-9.911514818668365479e-02,-1.071909442543983459e-01,-4.322392866015434265e-02,-4.871741682291030884e-02,-4.742367565631866455e-02,2.330813743174076080e-02
2.721340656280517578e-01,3.194842636585235596e-01,3.536787331104278564e-01,4.567003548145294189e-01,2.977200448513031006e-01,1.250963807106018066e-01,4.830230772495269775e-01,4.565615355968475342e-01,6.250900626182556152e-01,9.999997019767761230e-01,2.517896890640258789e-01,4.365478456020355225e-01,6.018692255020141602e-01,4.821335971355438232e-01,4.480850100517272949e-01,5.683706402778625488e-01,1.116424649953842163e-01,2.773293554782867432e-01,2.206130623817443848e-01,3.648831248283386230e-01,3.340339660644531250e-01,3.566774353384971619e-02,5.191246867179870605e-01,6.067057251930236816e-01,5.252677202224731445e-01,4.748830497264862061e-01,4.738482534885406494e-01,4.207851588726043701e-01,2.847414314746856689e-01,4.824376404285430908e-01,4.947148561477661133e-01,4.303894639015197754e-01,2.986048460006713867e-01,4.085652232170104980e-01,1.733424365520477295e-01,1.310216635465621948e-01,1.721773743629455566e-01,1.300590187311172485e-01,6.311932206153869629e-02,1.883953511714935303e-01,1.454894393682479858e-01,1.657919883728027344e-01,1.256687939167022705e-01,1.720231771469116211e-02,2.766593396663665771e-01,1.433140486478805542e-01,-8.659928292036056519e-02,-9.202598780393600464e-02,2.457694560289382935e-01,2.262098044157028198e-01,1.745114028453826904e-01,1.323280036449432373e-01,-3.149611875414848328e-02,2.027957886457443237e-02,-1.997312903404235840e-02,-3.060550428926944733e-02,2.586588263511657715e-01,2.223874479532241821e-01,2.639966011047363281e-01,2.622056603431701660e-01,2.112055420875549316e-01,1.590231359004974365e-01,1.691568493843078613e-01,2.324107289314270020e-01,2.312052696943283081e-01,2.251348495483398438e-01,3.636282086372375488e-01,3.470373749732971191e-01,3.045378327369689941e-01,3.554701209068298340e-01,3.344771862030029297e-01,3.921510577201843262e-01,2.401704043149948120e-01,2.895476520061492920e-01,2.842951416969299316e-01,3.081714212894439697e-01,1.690000295639038086e-01,3.046873807907104492e-01,8.480346202850341797e-02,4.301059618592262268e-02,1.316575258970260620e-01,2.005762457847595215e-01,1.947033703327178955e-01,2.443123012781143188e-01,2.212811112403869629e-01,1.940366625785827637e-01,2.495215088129043579e-01,1.428378671407699585e-01,1.258971542119979858e-01,5.357690155506134033e-02,-7.655208557844161987e-02,-2.017295360565185547e-01,-7.780218124389648438e-02,-1.546826809644699097e-01,1.650723665952682495e-01,1.658165752887725830e-01,3.781168162822723389e-02,9.705828502774238586e-03,-1.143721565604209900e-01,-1.361113488674163818e-01,-3.889543190598487854e-02,-1.771794408559799194e-01,-2.000115811824798584e-02,-1.842867881059646606e-01,6.867805123329162598e-02,-3.677907586097717285e-02,4.699619021266698837e-03,-1.129752695560455322e-01,1.554163396358489990e-01,3.735017031431198120e-02,-5.497724562883377075e-02,-8.062497526407241821e-02,-2.638570405542850494e-02,-5.068349093198776245e-02,-1.729865930974483490e-02,1.667863316833972931e-02
5.456160902976989746e-01,3.459075987339019775e-01,3.104854822158813477e-01,2.667496502399444580e-01,-1.476548425853252411e-02,-3.055224753916263580e-02,3.075965642929077148e-01,2.816690206527709961e-01,2.033098489046096802e-01,2.517896890640258789e-01,9.999998211860656738e-01,4.699264466762542725e-01,4.905751645565032959e-01,2.067388892173767090e-01,9.780918247997760773e-03,1.051300391554832458e-01,5.134412646293640137e-01,3.300175070762634277e-01,3.577216565608978271e-01,2.054446935653686523e-01,1.031700372695922852e-01,-1.290633827447891235e-01,2.713036835193634033e-01,3.089890778064727783e-01,1.563845872879028320e-01,1.442448943853378296e-01,1.505662947893142700e-01,1.050998196005821228e-01,4.131686389446258545e-01,2.680274844169616699e-01,2.800764739513397217e-01,1.958940029144287109e-01,3.247288465499877930e-01,1.823142021894454956e-01,6.041250005364418030e-02,-3.902352228760719299e-02,1.839342266321182251e-01,1.076617240905761719e-01,-1.307598780840635300e-02,5.288242921233177185e-02,1.622441262006759644e-01,1.156723126769065857e-01,-4.264356940984725952e-02,-1.933553814888000488e-01,1.339668408036231995e-02,-7.827001810073852539e-02,-1.653719246387481689e-01,-2.142274230718612671e-01,3.825560584664344788e-02,-2.108860202133655548e-02,1.349393874406814575e-01,-1.204222440719604492e-01,1.222600787878036499e-01,-1.832859963178634644e-01,4.132248461246490479e-02,-8.503646403551101685e-02,4.748506247997283936e-01,1.555177867412567139e-01,7.527483999729156494e-02,6.618165969848632812e-02,2.891389429569244385e-01,1.893230229616165161e-01,3.357927501201629639e-01,2.318698465824127197e-01,1.476071327924728394e-01,3.906508162617683411e-02,1.034635081887245178e-01,8.690148591995239258e-02,2.584916353225708008e-01,7.359506934881210327e-02,3.330481052398681641e-01,2.695813775062561035e-01,2.679544687271118164e-01,1.663641482591629028e-01,2.107812464237213135e-01,6.738655269145965576e-02,2.298309803009033203e-01,1.346294581890106201e-01,2.093461155891418457e-01,8.575564622879028320e-02,3.575058579444885254e-01,1.841153353452682495e-01,2.424117475748062134e-01,1.186941042542457581e-01,3.702259957790374756e-01,-1.926013454794883728e-02,1.159690096974372864e-01,1.520049641840159893e-03,1.898757368326187134e-01,-2.946897223591804504e-02,1.354474276304244995e-01,-1.187077015638351440e-01,4.457941278815269470e-02,-1.707939058542251587e-01,-2.035718038678169250e-02,6.035799533128738403e-02,-5.594593286514282227e-02,-6.712305545806884766e-02,-5.008922144770622253e-02,-9.657350182533264160e-02,3.152848035097122192e-02,-5.624356865882873535e-02,3.204260766506195068e-02,-2.864842489361763000e-02,3.376098349690437317e-02,-3.283274918794631958e-02,1.024347767233848572e-01,7.015880197286605835e-02,-6.042294949293136597e-02,-9.782426804304122925e-02,-1.089349612593650818e-01,-1.400296837091445923e-01,-7.667686790227890015e-02,-1.371254473924636841e-01,-6.037040427327156067e-02,3.398562595248222351e-02
3.470883667469024658e-01,5.180948972702026367e-01,4.518607556819915771e-01,4.442419111728668213e-01,6.358983367681503296e-02,-4.291087761521339417e-02,5.136063694953918457e-01,4.848189353942871094e-01,3.333096802234649658e-01,4.365478456020355225e-01,4.699264466762542725e-01,9.999998211860656738e-01,5.855315327644348145e-01,4.393225312232971191e-01,1.706154942512512207e-01,2.672387659549713135e-01,2.683596909046173096e-01,5.170357823371887207e-01,2.917203009128570557e-01,2.912442386150360107e-01,1.389096975326538086e-01,-5.526890978217124939e-02,4.667661786079406738e-01,4.304125308990478516e-01,3.800844550132751465e-01,2.620117962360382080e-01,2.359669357538223267e-01,2.765610218048095703e-01,2.884978652000427246e-01,4.402576386928558350e-01,3.822556734085083008e-01,3.180287778377532959e-01,1.939598172903060913e-01,2.601051926612854004e-01,-5.758746340870857239e-02,-7.574140280485153198e-02,1.065461114048957825e-01,7.563999295234680176e-02,4.098239541053771973e-02,1.063942983746528625e-01,1.747838109731674194e-01,1.225816681981086731e-01,5.076587572693824768e-02,3.662417083978652954e-02,1.243550330400466919e-01,6.970475614070892334e-02,-1.866668760776519775e-01,-2.120505459606647491e-02,1.087139844894409180e-01,2.413088083267211914e-01,1.214201673865318298e-01,2.117553651332855225e-01,8.775067515671253204e-03,9.135197848081588745e-02,-4.808979108929634094e-02,1.180057600140571594e-02,2.780184149742126465e-01,4.393058419227600098e-01,1.390723586082458496e-01,2.988365888595581055e-01,2.298051863908767700e-01,3.419234156608581543e-01,2.035523355007171631e-01,2.609051764011383057e-01,1.744823455810546875e-01,2.038871496915817261e-01,1.301559358835220337e-01,2.444331943988800049e-01,1.863341033458709717e-01,2.060611546039581299e-01,2.336594462394714355e-01,3.327193558216094971e-01,1.299416869878768921e-01,1.773909032344818115e-01,1.275247484445571899e-01,1.329109668731689453e-01,1.356979608535766602e-01,1.973903179168701172e-01,1.247826963663101196e-01,1.385776400566101074e-01,2.029172331094741821e-01,3.611138761043548584e-01,1.941489726305007935e-01,2.450873553752899170e-01,2.711170911788940430e-01,2.659906446933746338e-01,1.821469962596893311e-01,1.825825273990631104e-01,9.380470216274261475e-02,2.290359437465667725e-01,-2.607127465307712555e-02,2.554992912337183952e-03,-3.826988860964775085e-02,-5.548783764243125916e-02,3.129881247878074646e-02,1.323947310447692871e-01,-5.443925410509109497e-02,-4.440693557262420654e-02,-1.184544265270233154e-01,-6.303196400403976440e-02,-4.005097597837448120e-02,7.030619680881500244e-02,-6.878131628036499023e-02,-2.329253591597080231e-02,-4.569238424301147461e-02,-7.687287777662277222e-02,1.656417362391948700e-02,5.606687813997268677e-02,-2.199776656925678253e-02,-7.122584432363510132e-02,-1.293896734714508057e-01,-1.359208077192306519e-01,-5.541341751813888550e-02,-1.500617712736129761e-01,-1.468170583248138428e-01,-2.423307299613952637e-02
4.060705304145812988e-01,4.501046240329742432e-01,4.864592850208282471e-01,5.276733636856079102e-01,1.485359221696853638e-01,-2.479083370417356491e-03,6.216297149658203125e-01,5.578435659408569336e-01,5.751438736915588379e-01,6.018692255020141602e-01,4.905751645565032959e-01,5.855315327644348145e-01,1.000000119209289551e+00,5.372674465179443359e-01,3.442650735378265381e-01,4.225143194198608398e-01,3.017813563346862793e-01,3.942977190017700195e-01,2.827858626842498779e-01,3.853102922439575195e-01,2.426496446132659912e-01,-2.456782199442386627e-02,5.532020330429077148e-01,6.087719202041625977e-01,4.774564802646636963e-01,4.053762853145599365e-01,4.210348129272460938e-01,3.153892457485198975e-01,4.494565427303314209e-01,4.414550364017486572e-01,5.065529942512512207e-01,4.347712993621826172e-01,3.304147124290466309e-01,4.263953864574432373e-01,3.907346725463867188e-02,-2.823254838585853577e-02,1.150448918342590332e-01,-1.946258591488003731e-03,-1.927715539932250977e-02,1.012737080454826355e-01,1.409946382045745850e-01,1.100728958845138550e-01,1.089792605489492416e-02,-1.031325682997703552e-01,1.798694282770156860e-01,5.307363718748092651e-02,-2.234320640563964844e-01,-1.954091340303421021e-01,2.110946923494338989e-01,2.019527554512023926e-01,2.032004445791244507e-01,1.156734377145767212e-01,2.631656080484390259e-02,-3.480421006679534912e-02,-1.286108940839767456e-01,-1.042045280337333679e-01,3.801405429840087891e-01,3.088640272617340088e-01,2.422038316726684570e-01,2.731478512287139893e-01,2.490607351064682007e-01,2.366286069154739380e-01,2.369476258754730225e-01,2.712917625904083252e-01,2.215973585844039917e-01,2.172707468271255493e-01,2.544419169425964355e-01,3.034351170063018799e-01,3.371400535106658936e-01,3.591958284378051758e-01,3.512531220912933350e-01,3.887986540794372559e-01,2.543386816978454590e-01,2.646166682243347168e-01,2.476522922515869141e-01,2.351516485214233398e-01,1.174198836088180542e-01,1.613305360078811646e-01,1.374411880970001221e-01,1.008639037609100342e-01,2.740568220615386963e-01,2.541695833206176758e-01,2.494707703590393066e-01,2.363936901092529297e-01,3.043375611305236816e-01,1.681921184062957764e-01,2.762539386749267578e-01,1.688841134309768677e-01,1.097609847784042358e-01,5.126022174954414368e-02,-9.539061039686203003e-02,-2.402769625186920166e-01,-7.812386006116867065e-02,-2.295087426900863647e-01,-3.530452400445938110e-02,4.946890473365783691e-02,-1.606749743223190308e-01,-1.437503993511199951e-01,-2.285212725400924683e-01,-1.994838565587997437e-01,-1.112444251775741577e-01,-1.980834752321243286e-01,-1.238934323191642761e-01,-2.063786536455154419e-01,-7.089769095182418823e-02,-1.631072610616683960e-01,-9.114484488964080811e-02,-1.367566138505935669e-01,7.161595858633518219e-03,-1.227368786931037903e-01,-2.215005606412887573e-01,-1.882575452327728271e-01,-1.457533091306686401e-01,-1.569155603647232056e-01,-1.606195718050003052e-01,-8.956079930067062378e-02
