1.000000476837158203e+00,2.838742434978485107e-01,4.660770893096923828e-01,7.094111293554306030e-02,3.046615235507488251e-02,-1.289380788803100586e-01,2.414143681526184082e-01,3.376232087612152100e-02,1.460975110530853271e-01,-1.224174425005912781e-01,5.805239081382751465e-01,2.921326756477355957e-01,2.011720836162567139e-01,5.795377120375633240e-02,9.705852717161178589e-02,-8.254715800285339355e-02,4.862183332443237305e-01,9.034243971109390259e-02,5.269225835800170898e-01,4.220752418041229248e-01,1.016624122858047485e-01,-7.478328049182891846e-02,2.764973640441894531e-01,3.651043027639389038e-02,-7.437814772129058838e-02,-1.279126107692718506e-01,-1.691734604537487030e-02,-1.186655536293983459e-01,2.756253480911254883e-01,1.068880781531333923e-02,-2.838070737197995186e-03,-1.005050167441368103e-01,1.988916248083114624e-01,4.018758982419967651e-02,2.657502423971891403e-03,9.597670286893844604e-02,1.708212047815322876e-01,2.341970056295394897e-01,4.611761122941970825e-02,2.691687345504760742e-01,-2.648807689547538757e-02,1.987809985876083374e-01,1.164792999625205994e-01,-1.500989217311143875e-02,-7.705605030059814453e-02,-7.465513050556182861e-02,8.609077334403991699e-02,1.083094719797372818e-02,1.227443441748619080e-01,-3.822686895728111267e-02,3.376237452030181885e-01,2.677100338041782379e-02,1.900403499603271484e-01,4.245732724666595459e-02,2.416387349367141724e-01,1.616990417242050171e-01,5.060955286026000977e-01,2.957818508148193359e-01,3.602083921432495117e-01,3.431534767150878906e-01,5.305978655815124512e-01,3.674375116825103760e-01,2.038368284702301025e-01,1.329928338527679443e-01,3.498985469341278076e-01,4.228621721267700195e-01,3.456513881683349609e-01,2.210879474878311157e-01,3.954614400863647461e-01,2.903166115283966064e-01,8.082775771617889404e-02,-8.141130208969116211e-02,-2.409247495234012604e-02,-2.548086270689964294e-02,-1.338216662406921387e-01,5.436282139271497726e-03,1.256988346576690674e-01,1.064507365226745605e-01,2.286384105682373047e-01,7.917228341102600098e-02,1.274188756942749023e-01,2.871254086494445801e-01,2.486376911401748657e-01,7.050856947898864746e-02,3.995358347892761230e-01,4.037487506866455078e-01,1.416013389825820923e-01,1.611864008009433746e-02,2.995743453502655029e-01,2.705188989639282227e-01,1.343042105436325073e-01,4.028162658214569092e-01,1.238916739821434021e-01,3.697821795940399170e-01,-2.218085378408432007e-01,-1.936857253313064575e-01,7.579578459262847900e-02,1.854259520769119263e-02,9.388177655637264252e-03,6.686450541019439697e-02,1.821355521678924561e-01,2.502733767032623291e-01,1.372666507959365845e-01,2.702350616455078125e-01,1.173700839281082153e-01,1.483118981122970581e-01,-5.439773574471473694e-02,-3.032305277884006500e-02,3.593759238719940186e-02,-3.012630529701709747e-02,9.988909214735031128e-02,8.337992429733276367e-02,1.272895485162734985e-01,2.633968591690063477e-01,1.512023508548736572e-01,-2.450067736208438873e-02
2.838742434978485107e-01,1.000000119209289551e+00,-4.995051026344299316e-02,-3.588239550590515137e-01,-3.815737664699554443e-01,-4.360255599021911621e-01,-9.911738336086273193e-02,-3.814988434314727783e-01,-2.380641400814056396e-01,-4.240117669105529785e-01,9.327577054500579834e-02,3.379076719284057617e-01,-1.638744473457336426e-01,-3.674233555793762207e-01,-2.107791006565093994e-01,-4.035592973232269287e-01,2.267557084560394287e-01,6.752138137817382812e-01,4.718246757984161377e-01,6.369178295135498047e-01,-6.318704783916473389e-02,-2.550124824047088623e-01,-2.549010813236236572e-01,-4.087987542152404785e-01,-3.546196520328521729e-01,-4.251611828804016113e-01,-3.217098712921142578e-01,-3.904470503330230713e-01,7.051430642604827881e-02,3.608395159244537354e-01,-3.757890462875366211e-01,-4.545153975486755371e-01,2.214334607124328613e-01,3.057110682129859924e-02,-6.111996620893478394e-02,-6.051560491323471069e-02,1.497066617012023926e-01,3.786532878875732422e-01,4.247060045599937439e-02,2.480215281248092651e-01,-8.124159276485443115e-02,2.968444824218750000e-01,1.051298901438713074e-01,-1.135147064924240112e-01,1.346348524093627930e-01,2.103087753057479858e-01,1.949075311422348022e-01,3.545867279171943665e-02,1.789888143539428711e-01,2.483519017696380615e-01,3.423970937728881836e-01,3.313384950160980225e-01,1.140501126646995544e-01,2.909554243087768555e-01,2.595770061016082764e-01,4.144971966743469238e-01,6.511365175247192383e-01,8.163890838623046875e-01,5.543435811996459961e-01,5.288051962852478027e-01,4.370401799678802490e-01,1.868559271097183228e-01,4.611559808254241943e-01,5.065253973007202148e-01,1.259986013174057007e-01,-3.427118062973022461e-02,3.233540058135986328e-01,2.296034097671508789e-01,6.453106999397277832e-01,5.889933705329895020e-01,-1.999276280403137207e-01,-3.159930109977722168e-01,-2.214974761009216309e-01,2.186295539140701294e-01,-6.125134602189064026e-02,5.162172764539718628e-02,1.923466660082340240e-02,3.297337889671325684e-01,2.129213660955429077e-01,5.158759355545043945e-01,3.589908778667449951e-01,5.986227393150329590e-01,8.148679137229919434e-02,-7.652811706066131592e-02,3.228154778480529785e-01,3.226937055587768555e-01,-1.424441486597061157e-01,-2.037321627140045166e-01,-5.845113098621368408e-02,2.794002592563629150e-01,-1.825160086154937744e-01,1.126294657588005066e-01,-1.947689801454544067e-01,3.826020285487174988e-02,-1.801712661981582642e-01,-1.272287815809249878e-01,1.343530863523483276e-01,7.958497852087020874e-02,1.543020457029342651e-02,1.219954490661621094e-01,3.254584223031997681e-02,1.691256910562515259e-01,2.440910190343856812e-01,3.329390883445739746e-01,2.197223305702209473e-01,6.810875982046127319e-02,9.776136279106140137e-02,-2.020210772752761841e-02,1.337139029055833817e-02,-8.263897895812988281e-02,1.403013169765472412e-01,1.832647770643234253e-01,-2.803248725831508636e-02,3.101122975349426270e-01,6.295122951269149780e-02,-7.544206082820892334e-02
4.660770893096923828e-01,-4.995051026344299316e-02,1.000000000000000000e+00,4.224419891834259033e-01,3.996533453464508057e-01,2.912234961986541748e-01,5.343720912933349609e-01,2.772776782512664795e-01,3.147224783897399902e-01,2.881410717964172363e-01,4.834766685962677002e-01,-1.274594664573669434e-01,3.820607662200927734e-01,3.041425347328186035e-01,2.895318865776062012e-01,3.250642716884613037e-01,8.550026267766952515e-02,-2.526553273200988770e-01,2.352783530950546265e-01,8.953679352998733521e-02,1.326920390129089355e-01,1.917214244604110718e-01,7.069712877273559570e-01,5.018233656883239746e-01,4.762862324714660645e-01,3.304422795772552490e-01,4.081578254699707031e-01,3.019603192806243896e-01,4.994049668312072754e-02,-1.921063810586929321e-01,3.594044446945190430e-01,3.194351196289062500e-01,-3.512287512421607971e-02,-1.576459594070911407e-02,7.597308605909347534e-02,-2.661794610321521759e-02,9.639810025691986084e-02,-1.248640790581703186e-01,4.221718013286590576e-02,-2.402713522315025330e-03,8.504138886928558350e-02,-9.770234115421772003e-03,-3.715291246771812439e-02,-8.651211857795715332e-02,-1.832265555858612061e-01,-2.239295244216918945e-01,-9.097522497177124023e-02,-1.133776903152465820e-01,-1.313440650701522827e-01,-1.817478984594345093e-01,1.432453542947769165e-01,-7.108569145202636719e-02,-1.468044705688953400e-02,-2.674957364797592163e-02,-8.079760707914829254e-03,-9.234407544136047363e-02,1.470123082399368286e-01,-5.002714321017265320e-02,-2.598616108298301697e-02,-4.530861228704452515e-02,8.955819904804229736e-02,-1.185460984706878662e-01,-1.836279928684234619e-01,-3.682510852813720703e-01,1.209977492690086365e-01,1.780234724283218384e-01,1.311162859201431274e-01,-7.107095420360565186e-02,1.143510863184928894e-01,7.538551092147827148e-02,3.179514706134796143e-01,1.530084460973739624e-01,1.847872734069824219e-01,-1.186554878950119019e-01,3.583166003227233887e-02,-2.705604769289493561e-02,1.224887440912425518e-03,-1.795269846916198730e-01,-1.112219169735908508e-01,-2.645426988601684570e-01,-1.497203856706619263e-01,-1.529325693845748901e-01,3.660636544227600098e-01,3.069219589233398438e-01,4.066873788833618164e-01,1.564705818891525269e-01,3.583072423934936523e-01,3.136281669139862061e-01,4.100893735885620117e-01,-1.822615787386894226e-02,1.644077003002166748e-01,4.246681630611419678e-01,1.047109514474868774e-01,3.784457147121429443e-01,-1.795536279678344727e-01,-1.852544844150543213e-01,-8.665976114571094513e-03,-1.235665231943130493e-01,-8.469086140394210815e-02,-6.292793154716491699e-02,-1.027085557579994202e-01,-3.310038521885871887e-02,-8.952472358942031860e-02,-5.363726988434791565e-03,-7.613945752382278442e-02,1.377498507499694824e-01,-1.479079574346542358e-01,-1.470522433519363403e-01,-7.944520562887191772e-02,-1.436716169118881226e-01,1.489402074366807938e-02,-4.786356166005134583e-02,1.369112730026245117e-02,1.811313070356845856e-02,6.094721145927906036e-03,-5.807366594672203064e-02
7.094111293554306030e-02,-3.588239550590515137e-01,4.224419891834259033e-01,1.000000000000000000e+00,6.523706316947937012e-01,8.060782551765441895e-01,3.983874917030334473e-01,8.732816576957702637e-01,3.708352148532867432e-01,7.914266586303710938e-01,1.821876913309097290e-01,1.004655957221984863e-01,3.304179012775421143e-01,8.409783244132995605e-01,3.034049570560455322e-01,7.778953313827514648e-01,2.327753789722919464e-02,-5.033808946609497070e-01,-1.061159595847129822e-01,-1.048621833324432373e-01,3.627046346664428711e-01,4.406040310859680176e-01,6.059567928314208984e-01,8.667690753936767578e-01,6.788747906684875488e-01,7.910298109054565430e-01,6.347087621688842773e-01,7.249183058738708496e-01,1.916044801473617554e-01,-5.170085281133651733e-02,6.900020241737365723e-01,8.219802975654602051e-01,-1.794731169939041138e-01,1.787332594394683838e-01,-1.304905861616134644e-01,-2.140695601701736450e-01,-1.100740507245063782e-01,-6.329815983772277832e-01,-2.161179333925247192e-01,-4.631935954093933105e-01,6.887401454150676727e-03,-4.150954484939575195e-01,-2.150521129369735718e-01,-2.743469364941120148e-02,-2.199798375368118286e-01,-2.537955641746520996e-01,-3.379634618759155273e-01,-2.461696714162826538e-01,-1.917632073163986206e-01,-2.027537822723388672e-01,-2.633871734142303467e-01,-2.057154625654220581e-01,-1.605693250894546509e-01,-1.770103275775909424e-01,-3.107864558696746826e-01,-4.196711182594299316e-01,-1.343623995780944824e-01,-3.352320790290832520e-01,-3.316042423248291016e-01,-2.157941460609436035e-01,-1.812635064125061035e-01,-1.166021153330802917e-01,-1.584912538528442383e-01,-3.167749047279357910e-01,-1.031898558139801025e-01,9.330208599567413330e-02,-3.904665410518646240e-01,-4.084736108779907227e-01,-1.946458071470260620e-01,-1.154825687408447266e-01,4.024222493171691895e-01,5.804291963577270508e-01,4.698653519153594971e-01,-1.201259866356849670e-01,1.922239512205123901e-01,-3.436024487018585205e-02,-2.193500250577926636e-01,-5.948607325553894043e-01,-4.880031943321228027e-02,-5.041937232017517090e-01,-1.691291481256484985e-01,-5.220512151718139648e-01,1.218496263027191162e-01,5.727161765098571777e-01,-1.111370846629142761e-01,-1.646578013896942139e-01,3.186132609844207764e-01,5.602488517761230469e-01,1.119008734822273254e-01,-2.059808075428009033e-01,7.683638483285903931e-02,-1.221380941569805145e-02,1.005393490195274353e-01,-1.820099540054798126e-02,-2.517589032649993896e-01,-2.914357483386993408e-01,-3.935006260871887207e-01,-4.363379180431365967e-01,-1.980764865875244141e-01,-3.514171540737152100e-01,-8.777941018342971802e-02,-1.297091394662857056e-01,-1.453490853309631348e-01,-2.345715314149856567e-01,-3.456833958625793457e-01,-3.064755201339721680e-01,-1.819525957107543945e-01,-1.936509460210800171e-01,-1.528818011283874512e-01,-3.357670903205871582e-01,-3.454314470291137695e-01,-2.758606374263763428e-01,-1.019227802753448486e-01,-3.703522980213165283e-01,-2.926250100135803223e-01,-2.642309963703155518e-01
3.046615235507488251e-02,-3.815737664699554443e-01,3.996533453464508057e-01,6.523706316947937012e-01,1.000000357627868652e+00,7.472805976867675781e-01,1.837569475173950195e-01,5.952763557434082031e-01,6.739080548286437988e-01,6.903726458549499512e-01,1.017708256840705872e-01,-1.370850857347249985e-02,1.920269429683685303e-01,6.796498298645019531e-01,4.744701087474822998e-01,7.448690533638000488e-01,8.684695512056350708e-02,-4.879036247730255127e-01,-1.153076067566871643e-01,-1.277993172407150269e-01,3.949916958808898926e-01,7.257478833198547363e-01,6.060356497764587402e-01,6.828156113624572754e-01,7.492051720619201660e-01,7.494055032730102539e-01,8.191384077072143555e-01,8.349756598472595215e-01,5.510673671960830688e-02,3.393602743744850159e-02,6.800417304039001465e-01,6.907226443290710449e-01,4.873069748282432556e-02,2.693322002887725830e-01,7.204604893922805786e-02,-5.539868399500846863e-02,7.988296449184417725e-02,-4.818031191825866699e-01,6.763990968465805054e-02,-2.765095829963684082e-01,-4.696872085332870483e-02,-4.308531880378723145e-01,-9.548237919807434082e-02,2.338355593383312225e-02,-8.100263774394989014e-02,-2.175499051809310913e-01,-2.029198855161666870e-01,-2.074598968029022217e-01,-1.575967222452163696e-01,-1.987388432025909424e-01,-2.925198376178741455e-01,-2.709834873676300049e-01,-2.286578565835952759e-01,-3.494412004947662354e-01,-1.608531326055526733e-01,-4.246372878551483154e-01,-1.741375625133514404e-01,-3.753201663494110107e-01,-3.485209345817565918e-01,-3.674727976322174072e-01,-1.799406260251998901e-01,-2.066612839698791504e-01,-2.160936594009399414e-01,-3.731586933135986328e-01,2.010182477533817291e-02,4.069406911730766296e-02,-2.197501510381698608e-01,-2.661628723144531250e-01,-1.901176273822784424e-01,-1.309978812932968140e-01,5.590596199035644531e-01,5.354108810424804688e-01,4.580380320549011230e-01,-1.777354627847671509e-01,2.885057628154754639e-01,3.051573336124420166e-01,4.585949704051017761e-02,-3.758144676685333252e-01,-4.724035039544105530e-02,-4.861570894718170166e-01,-1.882801055908203125e-01,-5.660164356231689453e-01,2.494016140699386597e-01,4.157350063323974609e-01,-7.120793312788009644e-02,-1.725298017263412476e-01,5.556426048278808594e-01,6.803439855575561523e-01,3.049186766147613525e-01,-1.490525454282760620e-01,1.201345548033714294e-01,1.056909635663032532e-01,1.529011875391006470e-01,1.560539007186889648e-01,-2.180036157369613647e-01,-2.781082689762115479e-01,-2.153957337141036987e-01,-2.561559677124023438e-01,-8.848187513649463654e-03,-1.471415013074874878e-01,-1.214650645852088928e-01,-1.014498919248580933e-01,-2.220231741666793823e-01,-2.227920442819595337e-01,-2.456230819225311279e-01,-1.340552270412445068e-01,-1.779458224773406982e-01,-1.305066794157028198e-01,-9.158071875572204590e-02,-1.962177902460098267e-01,-1.574356108903884888e-01,-7.688573747873306274e-02,7.121619582176208496e-02,-2.458704411983489990e-01,-1.527094841003417969e-01,-1.658195406198501587e-01
-1.289380788803100586e-01,-4.360255599021911621e-01,2.912234961986541748e-01,8.060782551765441895e-01,7.472805976867675781e-01,9.999998211860656738e-01,2.276547253131866455e-01,7.914369702339172363e-01,3.982802927494049072e-01,9.063808917999267578e-01,9.563519060611724854e-02,-6.228200346231460571e-02,2.753924429416656494e-01,8.388170003890991211e-01,4.124453663825988770e-01,8.931550979614257812e-01,-1.430993806570768356e-02,-5.706278085708618164e-01,-2.428282499313354492e-01,-2.486798763275146484e-01,4.186139106750488281e-01,6.087914705276489258e-01,5.024458169937133789e-01,8.131459355354309082e-01,7.886026501655578613e-01,9.077617526054382324e-01,7.564597129821777344e-01,8.586884140968322754e-01,1.873067617416381836e-01,-1.457053795456886292e-02,7.189172506332397461e-01,8.851922154426574707e-01,-1.747854202985763550e-01,1.993932127952575684e-01,-1.065528169274330139e-01,-2.605693042278289795e-01,-5.462488532066345215e-02,-7.030577659606933594e-01,-1.680029332637786865e-01,-5.188072323799133301e-01,1.222730334848165512e-02,-4.672499299049377441e-01,-2.212506085634231567e-01,-2.002535201609134674e-02,-1.741929501295089722e-01,-2.237415164709091187e-01,-3.130045533180236816e-01,-2.158028334379196167e-01,-2.001381069421768188e-01,-1.790452003479003906e-01,-3.567517101764678955e-01,-2.076345235109329224e-01,-2.077227830886840820e-01,-2.237779647111892700e-01,-3.060059845447540283e-01,-4.701648652553558350e-01,-2.233634889125823975e-01,-4.147792458534240723e-01,-4.214571118354797363e-01,-3.487626910209655762e-01,-3.432597219944000244e-01,-3.651064038276672363e-01,-1.764955669641494751e-01,-3.676471412181854248e-01,-2.390398383140563965e-01,-1.630055457353591919e-01,-4.876023232936859131e-01,-5.119312405586242676e-01,-2.817051410675048828e-01,-1.835387349128723145e-01,5.076976418495178223e-01,6.979805231094360352e-01,5.421788692474365234e-01,-7.797671854496002197e-02,2.450030595064163208e-01,-5.593452136963605881e-03,-2.222399413585662842e-01,-6.853631734848022461e-01,-4.969341680407524109e-02,-5.930722355842590332e-01,-1.510751396417617798e-01,-6.511729359626770020e-01,1.651716530323028564e-01,6.183465123176574707e-01,-1.876470744609832764e-01,-3.712711036205291748e-01,3.508792519569396973e-01,6.587907671928405762e-01,5.433150380849838257e-02,-3.442602157592773438e-01,5.876543000340461731e-04,-7.804428786039352417e-02,-2.556319534778594971e-02,-1.238323524594306946e-01,-1.744232028722763062e-01,-2.517516016960144043e-01,-3.545410931110382080e-01,-4.302484691143035889e-01,-1.751920431852340698e-01,-3.285180330276489258e-01,-2.324647903442382812e-01,-2.171695083379745483e-01,-2.295445501804351807e-01,-3.289939165115356445e-01,-4.468302726745605469e-01,-3.556720018386840820e-01,-1.684387028217315674e-01,-2.162007838487625122e-01,-1.226047053933143616e-01,-2.579921185970306396e-01,-3.187516033649444580e-01,-2.402031421661376953e-01,-1.406537443399429321e-01,-4.554738998413085938e-01,-3.749906420707702637e-01,-2.235802412033081055e-01
2.414143681526184082e-01,-9.911738336086273193e-02,5.343720912933349609e-01,3.983874917030334473e-01,1.837569475173950195e-01,2.276547253131866455e-01,1.000000715255737305e+00,3.823819160461425781e-01,1.931403577327728271e-01,2.243937700986862183e-01,3.553043901920318604e-01,1.875231713056564331e-01,6.263044476509094238e-01,2.704013586044311523e-01,2.124093472957611084e-01,2.165652811527252197e-01,5.725667579099535942e-04,-6.654090434312820435e-02,3.069984018802642822e-01,1.285089403390884399e-01,9.224209934473037720e-02,7.507362402975559235e-03,4.384640753269195557e-01,3.980988562107086182e-01,1.951962858438491821e-01,2.147881537675857544e-01,6.608376652002334595e-02,1.173274517059326172e-01,3.155341744422912598e-01,1.282310485839843750e-01,4.127274155616760254e-01,2.946039438247680664e-01,1.409826129674911499e-01,2.490762770175933838e-01,1.996988616883754730e-02,-5.361938476562500000e-02,-1.103628277778625488e-01,-2.266767770051956177e-01,-1.022735908627510071e-01,-1.550597548484802246e-01,1.248676404356956482e-01,3.742450475692749023e-02,-4.391875863075256348e-02,3.350668586790561676e-03,-4.390532150864601135e-02,-7.762608677148818970e-02,-1.682981662452220917e-02,-5.427573248744010925e-02,-1.143774762749671936e-01,-1.599426120519638062e-01,-6.995617598295211792e-02,-6.304715573787689209e-02,1.184752881526947021e-01,4.383999854326248169e-02,-3.342731669545173645e-02,-3.729859739542007446e-02,-1.193477511405944824e-01,-1.029140651226043701e-01,9.150653932010754943e-05,-6.724677979946136475e-02,1.432770937681198120e-01,1.184888631105422974e-01,2.314208634197711945e-02,-4.827392101287841797e-02,3.171801567077636719e-01,8.053517341613769531e-02,1.366699673235416412e-02,-9.738759696483612061e-02,-9.158824384212493896e-02,-3.302839025855064392e-02,2.079706192016601562e-01,1.921693384647369385e-01,2.411064356565475464e-01,1.472034901380538940e-01,1.685626804828643799e-01,-5.567536130547523499e-02,4.055686667561531067e-02,-1.229422688484191895e-01,-1.211070194840431213e-01,-1.745547652244567871e-01,-1.029710397124290466e-01,-1.640271693468093872e-01,1.879422366619110107e-01,2.876754403114318848e-01,1.189807504415512085e-01,-6.720394641160964966e-02,4.099478572607040405e-02,5.717600136995315552e-02,1.254714578390121460e-01,-5.536690354347229004e-02,2.108018547296524048e-01,2.351809889078140259e-01,1.491693109273910522e-01,1.612987667322158813e-01,-1.700984537601470947e-01,-1.786150932312011719e-01,-2.239573188126087189e-02,-7.642950862646102905e-02,1.403341591358184814e-01,5.221107602119445801e-02,1.635766625404357910e-01,1.715561747550964355e-01,1.705105155706405640e-01,1.217243894934654236e-01,-7.314430922269821167e-02,-1.104859560728073120e-01,-1.558701545000076294e-01,-1.432266384363174438e-01,-1.982864364981651306e-02,-9.018123149871826172e-02,4.562826082110404968e-02,4.517714306712150574e-02,1.063948422670364380e-01,3.469449281692504883e-02,2.331991121172904968e-02,-2.297542057931423187e-02
3.376232087612152100e-02,-3.814988434314727783e-01,2.772776782512664795e-01,8.732816576957702637e-01,5.952763557434082031e-01,7.914369702339172363e-01,3.823819160461425781e-01,9.999997615814208984e-01,3.064024448394775391e-01,7.773052453994750977e-01,1.389523148536682129e-01,2.049772441387176514e-01,3.560293018817901611e-01,8.475903272628784180e-01,3.059573173522949219e-01,7.511073350906372070e-01,6.517469882965087891e-02,-4.611160755157470703e-01,-1.063515469431877136e-01,-1.280085444450378418e-01,3.665859699249267578e-01,3.954342305660247803e-01,5.123788118362426758e-01,8.118554949760437012e-01,6.073204278945922852e-01,7.591120600700378418e-01,5.562562346458435059e-01,6.798654198646545410e-01,3.142153918743133545e-01,3.520511463284492493e-02,6.950966715812683105e-01,8.147929310798645020e-01,-1.295066773891448975e-01,2.240442037582397461e-01,-1.233246922492980957e-01,-2.139179706573486328e-01,-1.148224696516990662e-01,-6.360241174697875977e-01,-2.607570588588714600e-01,-4.929384589195251465e-01,1.053350791335105896e-02,-3.894648551940917969e-01,-2.165004462003707886e-01,-5.285759922116994858e-03,-1.760142147541046143e-01,-2.063956856727600098e-01,-3.093426525592803955e-01,-2.030680477619171143e-01,-1.280905306339263916e-01,-1.640947610139846802e-01,-2.935713529586791992e-01,-1.870444267988204956e-01,-9.149496257305145264e-02,-1.544606834650039673e-01,-3.021766245365142822e-01,-4.066971540451049805e-01,-1.731053888797760010e-01,-3.555200099945068359e-01,-2.959563434123992920e-01,-1.699305176734924316e-01,-1.493089199066162109e-01,-4.102143645286560059e-02,-7.595530152320861816e-02,-1.822264194488525391e-01,-7.963272184133529663e-02,4.830693826079368591e-02,-4.268173873424530029e-01,-4.338615238666534424e-01,-2.484376430511474609e-01,-1.597434878349304199e-01,3.808040320873260498e-01,5.782220363616943359e-01,4.799536168575286865e-01,-9.931047260761260986e-02,1.977887898683547974e-01,-7.087496668100357056e-02,-2.270838767290115356e-01,-6.121299266815185547e-01,1.117257121950387955e-02,-4.804362356662750244e-01,-1.203501895070075989e-01,-4.973013401031494141e-01,7.857105880975723267e-02,5.678796172142028809e-01,-2.053484022617340088e-01,-2.406506389379501343e-01,2.248163223266601562e-01,5.050509572029113770e-01,2.962154103443026543e-03,-2.299030572175979614e-01,5.409967899322509766e-02,-8.195997774600982666e-02,5.534444376826286316e-02,-1.050220802426338196e-01,-2.601948380470275879e-01,-3.115898370742797852e-01,-4.175926148891448975e-01,-4.494412839412689209e-01,-1.731920838356018066e-01,-3.469747304916381836e-01,-5.637697875499725342e-02,-1.038259044289588928e-01,-1.234154179692268372e-01,-2.324165552854537964e-01,-4.062731266021728516e-01,-4.096597135066986084e-01,-1.850785911083221436e-01,-2.062006592750549316e-01,-1.190131306648254395e-01,-3.211292326450347900e-01,-3.735333085060119629e-01,-2.690803706645965576e-01,-1.116721630096435547e-01,-4.177255630493164062e-01,-3.307868540287017822e-01,-3.122609853744506836e-01
1.460975110530853271e-01,-2.380641400814056396e-01,3.147224783897399902e-01,3.708352148532867432e-01,6.739080548286437988e-01,3.982802927494049072e-01,1.931403577327728271e-01,3.064024448394775391e-01,1.000000119209289551e+00,3.421846330165863037e-01,2.026801370084285736e-02,6.899591535329818726e-02,1.292728483676910400e-01,3.392255008220672607e-01,4.379262030124664307e-01,3.906721174716949463e-01,1.622962206602096558e-01,-3.059889972209930420e-01,3.125635161995887756e-02,4.109874367713928223e-02,2.958403527736663818e-01,5.265532135963439941e-01,4.677918851375579834e-01,3.761664330959320068e-01,4.338776469230651855e-01,3.775963783264160156e-01,5.014829635620117188e-01,4.921531379222869873e-01,-2.050857804715633392e-02,6.918975710868835449e-02,4.300456345081329346e-01,3.518592417240142822e-01,1.354902386665344238e-01,2.860472798347473145e-01,9.429472684860229492e-02,4.530974850058555603e-02,1.265034377574920654e-01,-1.627688556909561157e-01,1.831524521112442017e-01,-3.846212849020957947e-02,-1.713458001613616943e-01,-3.592660427093505859e-01,-5.163464695215225220e-03,2.553020976483821869e-02,9.743113070726394653e-03,-1.224704980850219727e-01,-9.412285685539245605e-02,-1.899909526109695435e-01,-9.005549550056457520e-02,-1.650787144899368286e-01,-1.847692579030990601e-01,-2.520325183868408203e-01,-1.554295867681503296e-01,-3.317863047122955322e-01,-9.222273714840412140e-03,-2.215335518121719360e-01,-5.567517131567001343e-02,-1.952194124460220337e-01,-8.679782599210739136e-02,-1.513779908418655396e-01,1.004598662257194519e-01,1.274546235799789429e-01,-1.918254494667053223e-01,-2.524585425853729248e-01,1.845915466547012329e-01,2.817007303237915039e-01,2.430601231753826141e-02,4.135206341743469238e-02,-7.071222364902496338e-02,1.781374588608741760e-02,3.567309677600860596e-01,2.355978637933731079e-01,2.610517740249633789e-01,-1.300767958164215088e-01,2.047870457172393799e-01,3.791416585445404053e-01,1.538236886262893677e-01,-7.226277887821197510e-02,4.171609506011009216e-02,-2.733320891857147217e-01,-9.108480811119079590e-02,-3.025658726692199707e-01,1.079837083816528320e-01,1.508455127477645874e-01,3.667759941890835762e-03,5.805706605315208435e-02,4.845553040504455566e-01,4.716948270797729492e-01,4.731392860412597656e-01,1.329120099544525146e-01,2.245301306247711182e-01,1.982051432132720947e-01,3.048616647720336914e-01,2.608766555786132812e-01,-1.182848513126373291e-01,-1.829439252614974976e-01,-7.555436342954635620e-02,-1.938088610768318176e-02,1.323322206735610962e-01,2.816711924970149994e-02,1.826373673975467682e-02,4.329681769013404846e-02,-1.403901427984237671e-01,-2.259842492640018463e-02,-4.041926562786102295e-02,1.682091876864433289e-02,-1.142771095037460327e-01,5.984588712453842163e-02,-6.919477134943008423e-02,-2.116811834275722504e-02,9.192330390214920044e-02,1.295324712991714478e-01,3.139612972736358643e-01,4.866848513484001160e-02,8.682207763195037842e-02,-5.664163827896118164e-02
-1.224174425005912781e-01,-4.240117669105529785e-01,2.881410717964172363e-01,7.914266586303710938e-01,6.903726458549499512e-01,9.063808917999267578e-01,2.243937700986862183e-01,7.773052453994750977e-01,3.421846330165863037e-01,1.000000119209289551e+00,1.137680038809776306e-01,-1.018998697400093079e-01,2.859345078468322754e-01,8.284611105918884277e-01,4.327093064785003662e-01,8.946251273155212402e-01,-3.331872820854187012e-02,-5.746484994888305664e-01,-2.462699264287948608e-01,-2.614569067955017090e-01,4.227896034717559814e-01,5.577615499496459961e-01,4.915991425514221191e-01,8.039508461952209473e-01,7.755381464958190918e-01,8.974942564964294434e-01,7.228497862815856934e-01,8.224982619285583496e-01,2.003365308046340942e-01,-4.930039495229721069e-02,6.865001320838928223e-01,8.794229626655578613e-01,-2.105459719896316528e-01,1.588957458734512329e-01,-1.231681630015373230e-01,-2.721909880638122559e-01,-6.516072154045104980e-02,-6.967880725860595703e-01,-1.884255409240722656e-01,-5.110114216804504395e-01,3.317143395543098450e-02,-4.385030567646026611e-01,-2.299807965755462646e-01,-3.401587903499603271e-02,-2.029704302549362183e-01,-2.339757829904556274e-01,-3.267247080802917480e-01,-2.127856612205505371e-01,-2.189760804176330566e-01,-1.820925325155258179e-01,-3.341591060161590576e-01,-1.961550712585449219e-01,-2.066221237182617188e-01,-1.931739151477813721e-01,-3.049086630344390869e-01,-4.560266733169555664e-01,-2.040653079748153687e-01,-3.910807371139526367e-01,-4.202943146228790283e-01,-3.355315625667572021e-01,-3.486727774143218994e-01,-3.849301338195800781e-01,-1.799110025167465210e-01,-3.760635554790496826e-01,-2.581060528755187988e-01,-1.650867909193038940e-01,-4.923143088817596436e-01,-5.278564095497131348e-01,-2.638013064861297607e-01,-1.754121631383895874e-01,4.862235486507415771e-01,6.984845399856567383e-01,5.361858010292053223e-01,-5.493436381220817566e-02,2.140775918960571289e-01,-8.646848797798156738e-02,-2.534275650978088379e-01,-7.211283445358276367e-01,-4.490146413445472717e-02,-6.005312204360961914e-01,-1.404322385787963867e-01,-6.353541612625122070e-01,1.716860085725784302e-01,6.325105428695678711e-01,-1.606352031230926514e-01,-3.649895787239074707e-01,3.089929819107055664e-01,6.434994935989379883e-01,4.182971641421318054e-02,-3.496870994567871094e-01,-1.590446382761001587e-02,-5.098207294940948486e-02,-5.314532294869422913e-02,-1.268243938684463501e-01,-1.502867639064788818e-01,-2.303466498851776123e-01,-3.480828404426574707e-01,-4.356438815593719482e-01,-2.027757018804550171e-01,-3.522824645042419434e-01,-2.557467818260192871e-01,-2.392561584711074829e-01,-2.237289845943450928e-01,-3.377085924148559570e-01,-4.568350911140441895e-01,-3.588719964027404785e-01,-1.609975993633270264e-01,-2.321744263172149658e-01,-1.104846075177192688e-01,-2.423561513423919678e-01,-3.282079100608825684e-01,-2.675253748893737793e-01,-1.823259145021438599e-01,-4.629387557506561279e-01,-3.784249126911163330e-01,-2.096099406480789185e-01
5.805239081382751465e-01,9.327577054500579834e-02,4.834766685962677002e-01,1.821876913309097290e-01,1.017708256840705872e-01,9.563519060611724854e-02,3.553043901920318604e-01,1.389523148536682129e-01,2.026801370084285736e-02,1.137680038809776306e-01,9.999995827674865723e-01,1.240545436739921570e-01,4.469237625598907471e-01,2.314205169677734375e-01,3.070786595344543457e-01,1.587838381528854370e-01,2.735362052917480469e-01,3.177029080688953400e-03,3.348181247711181641e-01,1.684984415769577026e-01,8.398713171482086182e-02,1.704535074532032013e-02,3.615683019161224365e-01,2.449990808963775635e-01,1.219893321394920349e-01,1.033497303724288940e-01,1.178141906857490540e-01,4.264521226286888123e-02,3.882829844951629639e-01,3.382294252514839172e-02,1.878262311220169067e-01,1.405145227909088135e-01,1.101532503962516785e-01,8.130788803100585938e-02,7.127499580383300781e-02,-2.404291555285453796e-02,2.154506593942642212e-01,5.191401392221450806e-02,6.567566841840744019e-02,1.298917829990386963e-01,1.488849967718124390e-01,2.212071120738983154e-01,1.211007386445999146e-01,7.837816327810287476e-02,-4.152629524469375610e-02,-7.604978978633880615e-03,1.044355630874633789e-01,9.207916259765625000e-02,1.790364272892475128e-02,-4.752208665013313293e-02,1.952034085988998413e-01,-1.893755048513412476e-02,6.274643540382385254e-02,9.968211874365806580e-03,1.861989647150039673e-01,7.589865475893020630e-02,2.128610163927078247e-01,5.493436008691787720e-02,1.064429432153701782e-01,8.137429505586624146e-02,1.599643081426620483e-01,-2.533579617738723755e-02,7.671292126178741455e-02,-4.839038848876953125e-02,2.719416022300720215e-01,1.311235725879669189e-01,1.081455871462821960e-01,5.758369807153940201e-03,1.438264995813369751e-01,8.804193139076232910e-02,2.320107966661453247e-01,1.357536166906356812e-01,1.643171161413192749e-01,1.122521609067916870e-01,3.224221989512443542e-02,-1.338493227958679199e-01,4.937086254358291626e-03,-1.104895323514938354e-01,2.734505198895931244e-02,-2.065012603998184204e-02,6.643185764551162720e-02,1.078762859106063843e-01,4.748290479183197021e-01,3.220273256301879883e-01,4.984756410121917725e-01,2.252773642539978027e-01,1.796344071626663208e-01,1.711609512567520142e-01,3.062136769294738770e-01,5.885254964232444763e-02,1.880392134189605713e-01,3.130820095539093018e-01,1.029814854264259338e-01,2.249729186296463013e-01,-1.880532205104827881e-01,-1.380633711814880371e-01,5.846407637000083923e-02,-6.459587812423706055e-02,-3.310461761429905891e-03,-4.669766128063201904e-02,8.984801918268203735e-02,9.694934636354446411e-02,1.227925270795822144e-01,1.499498933553695679e-01,-8.436636067926883698e-03,1.038196310400962830e-01,-8.231772482395172119e-02,-1.668365597724914551e-01,-5.653681606054306030e-02,-1.379162352532148361e-02,1.149540096521377563e-01,1.003123354166746140e-03,4.559899494051933289e-02,1.259151697158813477e-01,1.257608179003000259e-02,4.540896415710449219e-02
2.921326756477355957e-01,3.379076719284057617e-01,-1.274594664573669434e-01,1.004655957221984863e-01,-1.370850857347249985e-02,-6.228200346231460571e-02,1.875231713056564331e-01,2.049772441387176514e-01,6.899591535329818726e-02,-1.018998697400093079e-01,1.240545436739921570e-01,1.000000119209289551e+00,7.890059053897857666e-02,1.314637660980224609e-01,-4.355503246188163757e-02,-6.526281684637069702e-02,3.655019104480743408e-01,4.047505557537078857e-01,4.300718307495117188e-01,5.065305233001708984e-01,5.247270315885543823e-02,-6.974928826093673706e-02,-3.046409972012042999e-02,-1.881584897637367249e-02,-2.211935222148895264e-01,-1.215199306607246399e-01,-1.537564694881439209e-01,-9.177882969379425049e-02,4.010488688945770264e-01,5.587487816810607910e-01,1.006668731570243835e-01,-6.664362549781799316e-02,3.562615811824798584e-01,3.222883939743041992e-01,-4.582313075661659241e-02,-9.165045805275440216e-03,-3.075764514505863190e-02,1.039270777255296707e-02,-1.164796426892280579e-01,-5.617456138134002686e-02,-1.408577710390090942e-01,-1.059207227081060410e-02,4.013741016387939453e-02,2.760734222829341888e-02,1.397586762905120850e-01,1.008865535259246826e-01,4.046704247593879700e-02,-6.505543738603591919e-02,1.722470372915267944e-01,8.113636821508407593e-02,2.610268257558345795e-02,6.679924577474594116e-02,1.007940098643302917e-01,3.160678222775459290e-02,3.287538886070251465e-02,8.142502605915069580e-02,1.993151605129241943e-01,2.900052368640899658e-01,3.296378254890441895e-01,3.507006764411926270e-01,4.441622495651245117e-01,5.776604413986206055e-01,5.011858940124511719e-01,6.186159849166870117e-01,3.827521204948425293e-01,1.951962262392044067e-01,9.920251369476318359e-02,1.151061952114105225e-01,1.621230989694595337e-01,2.213628739118576050e-01,-1.167591884732246399e-01,-7.077639549970626831e-02,1.914250897243618965e-04,9.849519282579421997e-02,1.397399455308914185e-01,1.678275316953659058e-01,3.523530066013336182e-02,1.051919981837272644e-01,2.575059831142425537e-01,2.845773696899414062e-01,2.130273133516311646e-01,2.647191584110260010e-01,6.307245697826147079e-03,2.996662817895412445e-02,-3.792951628565788269e-02,1.539837419986724854e-01,-7.203570008277893066e-02,-4.471330344676971436e-02,-9.328675270080566406e-02,1.995625346899032593e-01,4.516018379945307970e-04,-1.976889185607433319e-02,1.255419999361038208e-01,-2.031367272138595581e-02,-3.146934211254119873e-01,-3.056801259517669678e-01,-1.658375561237335205e-01,-1.183846890926361084e-01,7.863943278789520264e-02,1.653658784925937653e-02,3.459470570087432861e-01,3.408960998058319092e-01,2.600748538970947266e-01,2.707816958427429199e-01,8.823121339082717896e-02,-1.778406649827957153e-01,-7.039609551429748535e-02,2.206854289397597313e-03,-7.308849692344665527e-02,-2.253563851118087769e-01,-9.301520884037017822e-02,9.838784486055374146e-02,1.705171018838882446e-01,1.032730862498283386e-01,-2.968406304717063904e-02,-2.325364947319030762e-01
2.011720836162567139e-01,-1.638744473457336426e-01,3.820607662200927734e-01,3.304179012775421143e-01,1.920269429683685303e-01,2.753924429416656494e-01,6.263044476509094238e-01,3.560293018817901611e-01,1.292728483676910400e-01,2.859345078468322754e-01,4.469237625598907471e-01,7.890059053897857666e-02,1.000000119209289551e+00,3.740332126617431641e-01,4.464090168476104736e-01,2.691218256950378418e-01,-8.475449681282043457e-02,-8.008997887372970581e-02,1.385345216840505600e-02,-1.008704677224159241e-01,5.247519165277481079e-02,3.217175230383872986e-02,3.739705681800842285e-01,3.373688459396362305e-01,2.395001202821731567e-01,2.757834494113922119e-01,1.545536518096923828e-01,1.676448881626129150e-01,3.034736216068267822e-01,9.954385459423065186e-02,3.325957655906677246e-01,3.268787562847137451e-01,2.295738086104393005e-02,1.609034240245819092e-01,9.748241282068192959e-04,-1.804744750261306763e-01,4.933367297053337097e-02,-1.719816327095031738e-01,-5.295846145600080490e-03,-7.724799215793609619e-02,2.231388986110687256e-01,1.325712054967880249e-01,2.514011785387992859e-02,6.862343847751617432e-02,-1.708593666553497314e-01,-1.311973333358764648e-01,-3.188155218958854675e-02,-1.926845638081431389e-03,-8.899883925914764404e-02,-1.808457076549530029e-01,-7.857209444046020508e-02,-9.319356083869934082e-02,2.322129011154174805e-01,-3.755246847867965698e-02,8.944974839687347412e-02,-1.681719273328781128e-01,-1.166408434510231018e-01,-1.446447223424911499e-01,4.807717725634574890e-02,-1.045159026980400085e-01,2.129638940095901489e-01,-1.573306135833263397e-02,4.910586029291152954e-02,-1.565789133310317993e-01,1.651202440261840820e-01,1.086548939347267151e-01,-2.695115096867084503e-02,-1.672349721193313599e-01,-1.375869512557983398e-01,-1.036282554268836975e-01,2.774353623390197754e-01,2.599462270736694336e-01,2.951813042163848877e-01,2.117591649293899536e-01,2.179977893829345703e-01,-1.048497259616851807e-01,6.196462735533714294e-02,-1.559324711561203003e-01,-7.336970418691635132e-02,-1.183959767222404480e-01,-4.846259206533432007e-02,-1.841454952955245972e-01,1.153070181608200073e-01,3.648834824562072754e-01,1.398003995418548584e-01,-9.418912231922149658e-02,4.071943461894989014e-02,9.508954733610153198e-02,1.631885319948196411e-01,-5.921037495136260986e-02,2.247233688831329346e-01,1.744177043437957764e-01,1.365676969289779663e-01,1.263879686594009399e-01,-1.546214371919631958e-01,-2.153766006231307983e-01,-2.051598206162452698e-02,-1.477812528610229492e-01,1.085051223635673523e-01,-5.442893877625465393e-02,1.627512425184249878e-01,1.109421625733375549e-01,1.002380847930908203e-01,4.947320744395256042e-02,-1.009587869048118591e-01,-2.513334713876247406e-02,-7.610213011503219604e-02,-1.747040599584579468e-01,-9.844278544187545776e-02,-8.291225880384445190e-02,5.204656720161437988e-02,-9.419120103120803833e-02,8.942544460296630859e-02,-3.039294108748435974e-02,-8.431025780737400055e-03,4.072914645075798035e-02
