1.000000357627868652e+00,4.990980625152587891e-01,3.937051445245742798e-02,1.786848753690719604e-01,-3.749483451247215271e-02,-3.633138164877891541e-02,3.651904687285423279e-02,1.743662208318710327e-01,5.694176629185676575e-02,6.989100575447082520e-02,5.037584900856018066e-01,4.011111557483673096e-01,1.776428520679473877e-01,2.535367310047149658e-01,5.451660975813865662e-02,1.649103909730911255e-01,4.283572733402252197e-01,2.073501646518707275e-01,2.937574982643127441e-01,2.735627591609954834e-01,7.611452043056488037e-02,8.121860027313232422e-02,-1.073661819100379944e-01,2.294822409749031067e-02,9.572535753250122070e-03,7.284877821803092957e-03,-1.044233739376068115e-01,-1.169119551777839661e-01,1.761634647846221924e-01,1.157302781939506531e-01,1.235402673482894897e-01,1.377774924039840698e-01,2.859411537647247314e-01,1.767456382513046265e-01,-1.252701580524444580e-01,-1.299569755792617798e-01,8.159955590963363647e-02,-6.019653379917144775e-02,7.212918251752853394e-02,-4.623553156852722168e-02,8.990650624036788940e-02,4.735633730888366699e-02,1.650326400995254517e-01,-4.082881379872560501e-03,2.685238122940063477e-01,1.462311595678329468e-01,2.113185375928878784e-01,7.392599433660507202e-02,4.671622216701507568e-01,2.439886629581451416e-01,4.451918900012969971e-01,1.210960149765014648e-01,4.272787868976593018e-01,1.838003844022750854e-01,3.545843362808227539e-01,1.081185862421989441e-01,5.461045503616333008e-01,3.336472213268280029e-01,3.645759820938110352e-01,3.056750893592834473e-01,3.698714971542358398e-01,2.600394785404205322e-01,3.395166695117950439e-01,1.660340279340744019e-01,2.467853873968124390e-01,1.260127127170562744e-01,3.353259861469268799e-01,2.735321521759033203e-01,6.262504458427429199e-01,4.218778312206268311e-01,2.041872031986713409e-02,5.174128338694572449e-02,9.677823632955551147e-02,4.580014199018478394e-02,1.808481216430664062e-01,1.209176331758499146e-01,1.203843504190444946e-01,-1.666954346001148224e-02,2.120257467031478882e-01,7.934760302305221558e-02,3.470259606838226318e-01,1.419016122817993164e-01,3.153646588325500488e-01,2.174458652734756470e-02,4.585843980312347412e-01,2.091946154832839966e-01,2.185245603322982788e-01,4.514927789568901062e-02,3.517439067363739014e-01,2.172573059797286987e-01,3.528251349925994873e-01,1.502465605735778809e-01,3.097548484802246094e-01,6.609225273132324219e-02,-1.687177568674087524e-01,-1.427875459194183350e-01,-2.011069282889366150e-02,-7.802713662385940552e-02,2.178378403186798096e-01,1.438401639461517334e-01,2.791208326816558838e-01,1.490660291165113449e-02,2.125995755195617676e-01,2.699662186205387115e-02,1.326507925987243652e-01,4.215445742011070251e-02,1.476714760065078735e-01,3.126388415694236755e-02,-2.668063938617706299e-01,-1.892424076795578003e-01,-3.176984935998916626e-02,1.114158704876899719e-02,4.075421765446662903e-02,-2.286729961633682251e-02,5.979895219206809998e-02,1.673981547355651855e-01
4.990980625152587891e-01,9.999999403953552246e-01,1.073491945862770081e-01,2.622445821762084961e-01,-8.418795466423034668e-02,-6.527811288833618164e-02,2.048574388027191162e-02,1.439457535743713379e-01,5.242542177438735962e-02,-7.740310858935117722e-03,1.616533994674682617e-01,5.516886711120605469e-01,-8.025362156331539154e-03,2.938272356986999512e-01,5.297965835779905319e-03,1.849073916673660278e-01,2.021109461784362793e-01,3.549133241176605225e-01,9.441537410020828247e-02,1.944763958454132080e-01,4.736093431711196899e-02,1.392079591751098633e-01,9.147357195615768433e-02,1.675847321748733521e-01,9.406320005655288696e-02,-3.031828626990318298e-02,-1.086237728595733643e-01,-6.191862374544143677e-02,-9.564021602272987366e-03,1.885967999696731567e-01,1.576870828866958618e-01,1.951626539230346680e-01,2.817568480968475342e-01,3.104479610919952393e-01,-6.612259894609451294e-02,-5.624120309948921204e-02,7.162298262119293213e-02,9.034416079521179199e-02,2.203579619526863098e-02,1.849616877734661102e-02,6.550212204456329346e-02,8.385163545608520508e-02,1.212969794869422913e-01,1.998768746852874756e-01,1.359537988901138306e-01,2.997222542762756348e-01,4.890704527497291565e-02,1.177638769149780273e-01,2.878875434398651123e-01,5.229344964027404785e-01,2.495376169681549072e-01,4.719925820827484131e-01,2.002818286418914795e-01,2.549410164356231689e-01,1.203251108527183533e-01,1.666025817394256592e-01,2.604047656059265137e-01,5.573219060897827148e-01,1.552332639694213867e-01,3.019704818725585938e-01,6.665964424610137939e-02,3.737046122550964355e-01,3.415848186705261469e-04,2.941154837608337402e-01,-7.145798206329345703e-02,2.138098329305648804e-01,1.623457223176956177e-01,1.477979570627212524e-01,3.931162357330322266e-01,3.743732571601867676e-01,-1.477826535701751709e-01,-6.834988482296466827e-03,7.708965241909027100e-02,1.526343375444412231e-01,1.172592192888259888e-01,1.442674994468688965e-01,1.737229675054550171e-01,1.289868205785751343e-01,1.695637255907058716e-01,1.305613070726394653e-01,1.254597157239913940e-01,2.913877964019775391e-01,1.791484653949737549e-01,3.141958117485046387e-01,2.066499590873718262e-01,4.033386707305908203e-01,1.148913577198982239e-01,2.495507299900054932e-01,1.111114844679832458e-01,3.639603853225708008e-01,1.034408956766128540e-01,2.541486918926239014e-01,1.578437685966491699e-01,4.174950718879699707e-01,-6.892278790473937988e-02,-3.469519317150115967e-02,-5.504445359110832214e-02,-4.638536646962165833e-02,6.760030239820480347e-02,1.779585778713226318e-01,2.318802922964096069e-01,3.397995233535766602e-01,8.502928912639617920e-02,1.739713996648788452e-01,1.607577353715896606e-01,2.485945224761962891e-01,1.618645191192626953e-01,1.173260807991027832e-01,-1.012280881404876709e-01,-1.205345466732978821e-01,-3.872702643275260925e-02,-4.973879829049110413e-02,4.227515682578086853e-02,1.154561992734670639e-02,3.283925354480743408e-02,1.794533431529998779e-01
3.937051445245742798e-02,1.073491945862770081e-01,9.999995827674865723e-01,6.057488322257995605e-01,4.907622002065181732e-03,-9.097479283809661865e-02,6.275835633277893066e-01,5.375347137451171875e-01,1.204619035124778748e-01,-7.198839448392391205e-03,3.222379460930824280e-02,1.303441971540451050e-01,4.654854536056518555e-01,2.418204396963119507e-01,1.338174939155578613e-01,-7.995743304491043091e-03,8.961342275142669678e-02,1.764353662729263306e-01,7.425446063280105591e-02,1.327528953552246094e-01,9.919995069503784180e-02,1.351420134305953979e-01,4.580661654472351074e-01,3.144501745700836182e-01,9.449972957372665405e-02,8.021225035190582275e-02,-1.218184903264045715e-01,-1.354196816682815552e-01,2.235440313816070557e-01,2.809235453605651855e-01,4.149973690509796143e-01,3.257229328155517578e-01,1.025363504886627197e-01,3.957785069942474365e-01,3.309724107384681702e-02,-1.364344917237758636e-02,1.093382611870765686e-01,3.618002310395240784e-02,1.063331961631774902e-01,1.098100841045379639e-01,1.433443427085876465e-01,2.296122610569000244e-01,8.243089914321899414e-02,7.473617047071456909e-02,1.035774499177932739e-01,2.274776548147201538e-01,-1.257974747568368912e-02,1.002453938126564026e-01,-3.437025845050811768e-02,-5.245318636298179626e-03,-6.416958570480346680e-02,2.708237469196319580e-01,-1.842625439167022705e-01,-9.291110560297966003e-03,-2.880452945828437805e-02,6.331851333379745483e-02,-1.003767177462577820e-01,1.070234254002571106e-01,1.516316235065460205e-01,1.012100428342819214e-01,-1.804699152708053589e-01,-1.433355957269668579e-01,-4.640428349375724792e-02,-1.122543737292289734e-01,2.523960359394550323e-02,1.032357439398765564e-01,1.984933614730834961e-01,2.356386929750442505e-01,-9.696962684392929077e-02,6.510214507579803467e-02,1.888021975755691528e-01,2.715381383895874023e-01,1.382004618644714355e-01,2.891336381435394287e-01,2.147852480411529541e-01,2.703775763511657715e-01,1.259713023900985718e-01,2.329107522964477539e-01,2.241838425397872925e-01,1.733529865741729736e-01,1.224611401557922363e-01,2.697367668151855469e-01,-4.675536602735519409e-02,8.578921109437942505e-02,1.432632505893707275e-01,2.593193948268890381e-01,1.467868834733963013e-01,5.952119454741477966e-02,6.287873536348342896e-02,2.368789762258529663e-01,-9.945832937955856323e-02,7.724133133888244629e-02,1.084636300802230835e-01,2.450039982795715332e-01,1.586243510246276855e-01,1.504027545452117920e-01,9.027130901813507080e-02,1.030559092760086060e-01,-3.822188451886177063e-02,1.114378422498703003e-01,5.513822659850120544e-02,1.316947042942047119e-01,4.938846081495285034e-02,2.037592381238937378e-01,6.199354305863380432e-02,2.255508899688720703e-01,2.451174519956111908e-02,7.180449366569519043e-02,8.901017159223556519e-02,1.552428454160690308e-01,1.079344004392623901e-02,-8.095650002360343933e-03,3.191521763801574707e-01,2.352427393198013306e-01,1.935516744852066040e-01,5.778256431221961975e-02
1.786848753690719604e-01,2.622445821762084961e-01,6.057488322257995605e-01,1.000000596046447754e+00,7.358200848102569580e-02,6.216590851545333862e-02,5.874155163764953613e-01,7.061637639999389648e-01,1.271473616361618042e-01,9.521946310997009277e-02,8.661253005266189575e-02,3.031166791915893555e-01,3.843535482883453369e-01,4.955656230449676514e-01,8.187279105186462402e-02,1.902265995740890503e-01,1.550399512052536011e-01,2.520132660865783691e-01,1.001318767666816711e-01,2.654724121093750000e-01,1.011403724551200867e-01,1.183067038655281067e-01,3.340995013713836670e-01,5.488501787185668945e-01,8.353985100984573364e-02,6.989200413227081299e-02,-1.848160289227962494e-02,-6.486497819423675537e-02,2.024559825658798218e-01,3.943345248699188232e-01,3.419628143310546875e-01,3.411365747451782227e-01,1.188523098826408386e-01,3.550567328929901123e-01,2.229447290301322937e-02,-1.264486927539110184e-02,7.926724851131439209e-02,2.245938219130039215e-02,1.538642589002847672e-02,5.317891016602516174e-02,1.637534499168395996e-01,2.370202541351318359e-01,-7.050301413983106613e-03,-2.589450962841510773e-02,4.121174290776252747e-02,1.581296026706695557e-01,-5.228620022535324097e-02,-1.814042963087558746e-02,1.235452517867088318e-01,2.344676293432712555e-02,1.400790512561798096e-01,3.373932242393493652e-01,-1.821991521865129471e-03,1.215935945510864258e-01,1.677585020661354065e-02,1.608857139945030212e-02,4.662790894508361816e-02,2.052468210458755493e-01,2.356951534748077393e-01,2.480611801147460938e-01,-5.017054826021194458e-02,1.101686898618936539e-02,5.031911656260490417e-02,1.953189447522163391e-02,9.772336483001708984e-02,1.641091853380203247e-01,2.745044827461242676e-01,2.297381311655044556e-01,7.569760829210281372e-02,2.044257968664169312e-01,3.714548423886299133e-03,1.914951652288436890e-01,8.045317232608795166e-02,2.294338941574096680e-01,1.435386836528778076e-01,2.113418430089950562e-01,1.701322048902511597e-01,2.002692818641662598e-01,2.498990595340728760e-01,1.532103419303894043e-01,1.315151154994964600e-01,2.746236622333526611e-01,4.278393089771270752e-02,1.641525030136108398e-01,1.608548462390899658e-01,3.181240856647491455e-01,1.372141838073730469e-01,1.569242328405380249e-01,8.370836824178695679e-02,2.280704230070114136e-01,-2.413272671401500702e-02,7.459896057844161987e-02,2.074697166681289673e-01,2.503620982170104980e-01,4.421408288180828094e-03,1.569097489118576050e-02,-8.235677331686019897e-02,-7.484807074069976807e-02,-2.048800140619277954e-02,9.582274407148361206e-02,1.367110908031463623e-01,1.587446928024291992e-01,1.128630116581916809e-01,1.234252601861953735e-01,-3.609632141888141632e-03,8.801116049289703369e-02,6.513796746730804443e-03,1.267396565526723862e-02,7.730501890182495117e-02,-1.935118623077869415e-02,-1.049992814660072327e-01,-4.187194630503654480e-02,1.287653595209121704e-01,1.900803297758102417e-01,1.040182262659072876e-01,-1.814740337431430817e-02
-3.749483451247215271e-02,-8.418795466423034668e-02,4.907622002065181732e-03,7.358200848102569580e-02,9.999999403953552246e-01,6.857702136039733887e-01,1.226311549544334412e-01,2.787058986723423004e-02,2.981534004211425781e-01,2.948916256427764893e-01,6.449228525161743164e-02,2.397625520825386047e-02,1.821172684431076050e-01,1.476359367370605469e-01,3.970626890659332275e-01,3.342827558517456055e-01,-2.254192158579826355e-02,-7.794590666890144348e-03,-1.492215543985366821e-01,-8.407238870859146118e-02,1.900909990072250366e-01,-5.110226199030876160e-02,2.061996906995773315e-01,1.081690266728401184e-01,4.873447120189666748e-01,4.341003596782684326e-01,6.495386958122253418e-01,5.446038246154785156e-01,7.580456137657165527e-02,9.637841582298278809e-02,1.330845355987548828e-01,2.340645194053649902e-01,-2.083787024021148682e-01,-8.540029823780059814e-02,-9.595956653356552124e-02,-2.092712186276912689e-02,-8.374109864234924316e-02,-5.906165391206741333e-02,4.601664841175079346e-02,8.510874956846237183e-02,1.736287325620651245e-01,1.654563993215560913e-01,-1.077017113566398621e-01,-1.185669377446174622e-01,-2.452159300446510315e-02,4.772210121154785156e-02,-7.416102290153503418e-02,-5.506862699985504150e-02,-4.468527063727378845e-02,-4.038487002253532410e-02,-1.717731729149818420e-02,1.759861968457698822e-02,-2.466455847024917603e-02,2.263008803129196167e-02,-1.426795125007629395e-02,-6.989625841379165649e-02,-4.677588120102882385e-02,-1.174372807145118713e-01,1.330146491527557373e-01,1.061857119202613831e-01,-3.598172590136528015e-02,-1.084144487977027893e-01,-9.142921119928359985e-02,-2.091583609580993652e-01,1.039066091179847717e-01,3.127034008502960205e-02,5.926749482750892639e-02,7.595288008451461792e-02,2.999371616169810295e-03,4.537421278655529022e-03,-8.055143058300018311e-03,9.158320724964141846e-02,6.974530220031738281e-02,7.418790459632873535e-02,-1.325122565031051636e-01,-1.451483219861984253e-01,-1.078810393810272217e-01,-9.238772094249725342e-02,8.578673750162124634e-02,-4.377334564924240112e-02,5.678888410329818726e-02,9.005143307149410248e-03,1.220975965261459351e-01,2.964932098984718323e-02,-1.104037184268236160e-02,2.708068117499351501e-02,2.151130288839340210e-01,1.586462557315826416e-01,-5.426039174199104309e-02,-3.200882673263549805e-02,-6.642609089612960815e-02,-6.976903229951858521e-02,-2.550426498055458069e-02,-8.161439001560211182e-02,3.724455833435058594e-02,-2.194985002279281616e-02,-4.038739018142223358e-03,-1.436914969235658646e-02,-6.503400951623916626e-02,-4.223271459341049194e-02,-2.004916081205010414e-03,-6.117704883217811584e-02,-2.566710673272609711e-02,-4.754226654767990112e-02,-5.526185408234596252e-02,-6.211298704147338867e-02,3.474497050046920776e-02,4.695224389433860779e-02,1.041717082262039185e-01,1.228505559265613556e-02,-5.386445298790931702e-02,-9.139500558376312256e-02,-1.399965286254882812e-01,-9.372425824403762817e-02,-8.689932525157928467e-02,-1.361671537160873413e-01
-3.633138164877891541e-02,-6.527811288833618164e-02,-9.097479283809661865e-02,6.216590851545333862e-02,6.857702136039733887e-01,1.000000238418579102e+00,4.106841608881950378e-02,1.395101007074117661e-02,1.242849007248878479e-01,2.931085824966430664e-01,6.581270694732666016e-02,2.479016408324241638e-02,7.539158314466476440e-02,1.302559375762939453e-01,2.911449670791625977e-01,3.243595957756042480e-01,-1.036350894719362259e-02,-1.586128585040569305e-02,-1.436142325401306152e-01,-1.128500029444694519e-01,1.320693939924240112e-01,-9.393493086099624634e-02,1.008595898747444153e-01,5.131828784942626953e-02,4.409135878086090088e-01,3.860717415809631348e-01,6.726474761962890625e-01,6.399245858192443848e-01,2.531374571844935417e-03,5.711746960878372192e-02,2.641028491780161858e-03,9.034191071987152100e-02,-2.089845091104507446e-01,-1.554835885763168335e-01,-1.416879296302795410e-01,-8.799224346876144409e-02,-1.059581711888313293e-01,-4.868422076106071472e-02,4.959207493811845779e-03,6.908431649208068848e-02,1.506821364164352417e-01,6.151303648948669434e-02,-1.033262759447097778e-01,-1.364287734031677246e-01,3.380724415183067322e-02,-1.872103661298751831e-02,-5.283272266387939453e-02,-5.857918411493301392e-02,5.777357146143913269e-02,-5.447559431195259094e-02,8.147979527711868286e-02,3.970804810523986816e-02,5.704034492373466492e-02,5.424281954765319824e-02,-2.449914067983627319e-02,-7.457103580236434937e-02,5.392593797296285629e-03,-6.294228136539459229e-02,2.239561975002288818e-01,1.735749542713165283e-01,6.496560573577880859e-02,-4.132615774869918823e-02,-5.460748076438903809e-02,-1.463879942893981934e-01,1.677848994731903076e-01,7.495415955781936646e-02,1.434689164161682129e-01,1.005847826600074768e-01,4.689857736229896545e-02,1.172537356615066528e-02,-1.362097561359405518e-01,-3.463521599769592285e-02,3.559897467494010925e-02,3.398402826860547066e-03,-1.497616022825241089e-01,-2.156725078821182251e-01,-1.181703805923461914e-01,-1.513554751873016357e-01,5.787568166851997375e-02,-1.401366293430328369e-01,3.811371698975563049e-02,-3.127320855855941772e-02,7.489836961030960083e-02,1.110447756946086884e-02,2.090566419064998627e-02,6.582362949848175049e-02,1.904915720224380493e-01,2.040777951478958130e-01,-1.734368689358234406e-02,-1.415377575904130936e-02,2.835218980908393860e-02,-3.087353706359863281e-02,5.146070569753646851e-02,-8.294744044542312622e-02,-5.659821256995201111e-02,-1.294890940189361572e-01,-8.301090449094772339e-02,-1.025214195251464844e-01,-1.432907488197088242e-02,-1.646647602319717407e-02,2.785207331180572510e-02,-8.593247085809707642e-02,4.154035449028015137e-02,-3.715313225984573364e-02,-3.978668525815010071e-02,-9.663788229227066040e-02,3.569741174578666687e-02,4.799565300345420837e-02,6.613605469465255737e-02,-1.304823309183120728e-01,-1.440989077091217041e-01,-9.365581721067428589e-02,-1.531394124031066895e-01,-9.149573743343353271e-02,-1.395248919725418091e-01,-1.543088853359222412e-01
3.651904687285423279e-02,2.048574388027191162e-02,6.275835633277893066e-01,5.874155163764953613e-01,1.226311549544334412e-01,4.106841608881950378e-02,1.000000238418579102e+00,5.809248685836791992e-01,2.289578616619110107e-01,5.136448144912719727e-02,8.358038961887359619e-02,1.080025359988212585e-01,6.143650412559509277e-01,3.841191828250885010e-01,1.090101003646850586e-01,1.210814714431762695e-01,-4.242510721087455750e-02,3.796396777033805847e-02,1.271236240863800049e-01,1.837704181671142578e-01,1.109547540545463562e-01,1.045619621872901917e-01,3.239942193031311035e-01,2.242073565721511841e-01,9.888017177581787109e-02,5.343061685562133789e-02,3.392345458269119263e-02,-5.890529975295066833e-02,3.364671766757965088e-01,3.792901039123535156e-01,3.684619367122650146e-01,2.408715933561325073e-01,1.429060194641351700e-02,3.038260638713836670e-01,7.378461211919784546e-02,1.008197069168090820e-01,-5.379339214414358139e-03,-3.674007719382643700e-03,8.061695843935012817e-02,7.855144143104553223e-02,1.122076585888862610e-01,2.412459999322891235e-01,2.412092685699462891e-02,5.854389816522598267e-02,7.245293259620666504e-02,2.902952730655670166e-01,-3.304594755172729492e-02,2.053342387080192566e-02,-4.269479308277368546e-03,1.915470324456691742e-02,-1.392922829836606979e-02,2.690146863460540771e-01,-1.683017313480377197e-01,3.739179298281669617e-02,-1.042103096842765808e-01,-3.763856738805770874e-02,-1.535126715898513794e-01,4.827737808227539062e-02,1.999609321355819702e-01,1.996360570192337036e-01,-1.850921809673309326e-01,-1.388401240110397339e-01,-1.126575097441673279e-01,-1.498639583587646484e-01,1.270247846841812134e-01,1.775968223810195923e-01,2.257643491029739380e-01,2.134362012147903442e-01,-5.767461657524108887e-02,8.864337950944900513e-02,1.935129016637802124e-01,2.381369918584823608e-01,1.405952125787734985e-01,2.678480446338653564e-01,4.958330094814300537e-02,1.602746099233627319e-01,7.804214954376220703e-02,1.688633263111114502e-01,1.314835548400878906e-01,4.287252202630043030e-02,-8.150772773660719395e-04,1.024536266922950745e-01,6.419552117586135864e-02,1.416063010692596436e-01,2.799724042415618896e-02,1.523433625698089600e-01,2.067674696445465088e-01,1.308468133211135864e-01,-5.790183320641517639e-02,3.638463094830513000e-02,-1.445235013961791992e-01,-4.653377830982208252e-02,1.243722066283226013e-01,1.209624558687210083e-01,9.646066278219223022e-02,2.030626386404037476e-01,6.304391659796237946e-03,7.670223712921142578e-02,-1.107739433646202087e-01,2.465635165572166443e-02,4.301467537879943848e-02,9.643600881099700928e-02,5.205712467432022095e-02,2.181411236524581909e-01,-1.798902638256549835e-02,1.252035349607467651e-01,-1.247192025184631348e-01,-1.660246215760707855e-02,1.302399486303329468e-01,1.201171949505805969e-01,-2.826566435396671295e-02,3.727092966437339783e-02,2.193103432655334473e-01,2.167647182941436768e-01,2.200754135847091675e-01,3.252682462334632874e-02
1.743662208318710327e-01,1.439457535743713379e-01,5.375347137451171875e-01,7.061637639999389648e-01,2.787058986723423004e-02,1.395101007074117661e-02,5.809248685836791992e-01,9.999999403953552246e-01,-8.166735060513019562e-03,1.321566551923751831e-01,1.189221218228340149e-01,2.913660407066345215e-01,4.520602524280548096e-01,5.354043245315551758e-01,-2.374511770904064178e-02,1.841683685779571533e-01,1.827448904514312744e-01,2.523345351219177246e-01,1.595680266618728638e-01,1.967983394861221313e-01,1.680659949779510498e-01,1.352606415748596191e-01,1.865247339010238647e-01,3.378550708293914795e-01,4.420602694153785706e-02,1.214999631047248840e-01,-2.290852367877960205e-02,-1.009595319628715515e-01,2.314398586750030518e-01,4.172471761703491211e-01,3.424110114574432373e-01,3.045195937156677246e-01,1.331343501806259155e-01,2.738973498344421387e-01,5.931448563933372498e-02,2.576888166368007660e-02,1.114722192287445068e-01,4.456926882266998291e-02,5.885840207338333130e-02,1.101459115743637085e-01,2.157251238822937012e-01,2.215721458196640015e-01,8.785361796617507935e-02,1.319574005901813507e-02,1.368545144796371460e-01,1.388806849718093872e-01,5.056401342153549194e-02,3.732699528336524963e-02,1.189740002155303955e-01,-6.358355283737182617e-02,1.236826255917549133e-01,2.480149716138839722e-01,-9.550674818456172943e-03,2.553346380591392517e-02,6.589602679014205933e-02,7.244766503572463989e-02,9.631166607141494751e-02,2.249227017164230347e-01,2.782000303268432617e-01,2.847009897232055664e-01,1.340412721037864685e-02,3.143573924899101257e-02,6.382571160793304443e-02,1.865278184413909912e-02,1.506606340408325195e-01,2.160995453596115112e-01,3.389676213264465332e-01,2.522757947444915771e-01,6.731528043746948242e-02,7.872390747070312500e-02,1.253453195095062256e-01,2.557679414749145508e-01,1.389957964420318604e-01,2.599365711212158203e-01,9.415101259946823120e-02,1.813154220581054688e-01,1.618650853633880615e-01,1.770057976245880127e-01,2.475856244564056396e-01,1.238000541925430298e-01,1.505257636308670044e-01,2.690396606922149658e-01,5.970144644379615784e-02,2.045214623212814331e-01,1.605042815208435059e-01,2.312210351228713989e-01,1.391826719045639038e-01,1.938755363225936890e-01,1.285776793956756592e-01,2.074515819549560547e-01,9.738963097333908081e-03,4.830428212881088257e-02,2.147703617811203003e-01,1.959705054759979248e-01,3.896097186952829361e-03,3.887390485033392906e-03,-4.634649958461523056e-03,-6.324519054032862186e-04,2.308104932308197021e-02,9.986967593431472778e-02,1.266477108001708984e-01,2.005644440650939941e-01,1.148750185966491699e-01,2.261914461851119995e-01,4.474681243300437927e-02,1.016140654683113098e-01,1.107486430555582047e-02,1.520397420972585678e-02,4.968664422631263733e-02,1.674149185419082642e-02,-5.206509679555892944e-02,1.293439418077468872e-02,1.753664910793304443e-01,1.869767308235168457e-01,1.295503228902816772e-01,2.290441095829010010e-02
5.694176629185676575e-02,5.242542177438735962e-02,1.204619035124778748e-01,1.271473616361618042e-01,2.981534004211425781e-01,1.242849007248878479e-01,2.289578616619110107e-01,-8.166735060513019562e-03,9.999994039535522461e-01,3.810393214225769043e-01,1.338841468095779419e-01,9.891290962696075439e-02,2.676597833633422852e-01,1.689555644989013672e-01,5.198960304260253906e-01,2.646641731262207031e-01,3.072079457342624664e-02,1.295637525618076324e-02,9.510786831378936768e-02,1.870049536228179932e-01,1.065610200166702271e-01,1.188988760113716125e-01,2.977227866649627686e-01,3.165012598037719727e-01,2.026016116142272949e-01,-3.004512377083301544e-02,5.702972412109375000e-02,5.812280625104904175e-02,2.306773066520690918e-01,3.017452359199523926e-01,3.217214643955230713e-01,2.636202573776245117e-01,1.253220736980438232e-01,2.873391509056091309e-01,1.141283214092254639e-01,1.633035391569137573e-01,1.712812483310699463e-02,4.247198998928070068e-02,9.271243959665298462e-02,-5.601770430803298950e-02,1.280271559953689575e-01,2.137847691774368286e-01,-5.075975786894559860e-03,4.664887487888336182e-02,1.578546762466430664e-01,3.039526641368865967e-01,4.982604179531335831e-03,1.325091570615768433e-01,1.553350239992141724e-01,2.333175241947174072e-01,6.813170015811920166e-02,2.912837564945220947e-01,-2.371157146990299225e-02,2.989126443862915039e-01,8.858277578838169575e-05,-6.612159311771392822e-02,-9.124752879142761230e-02,-2.314936183393001556e-02,9.948275983333587646e-02,2.002042680978775024e-01,-1.069903895258903503e-01,-2.264527836814522743e-03,-4.094357043504714966e-02,-7.803048938512802124e-03,1.767357066273689270e-02,1.417664587497711182e-01,1.139476820826530457e-01,1.812526881694793701e-01,7.246924936771392822e-02,2.260981053113937378e-01,1.508630663156509399e-01,1.922308206558227539e-01,1.557381451129913330e-01,2.035318315029144287e-01,1.215772032737731934e-01,1.277103126049041748e-01,1.910433471202850342e-01,2.489445805549621582e-01,9.078151732683181763e-02,2.285766415297985077e-02,1.045381575822830200e-01,3.553654626011848450e-02,9.982983767986297607e-02,2.314955443143844604e-01,7.122827321290969849e-02,1.966715306043624878e-01,1.272684931755065918e-01,1.511567234992980957e-01,-4.752164334058761597e-02,6.114804372191429138e-02,-9.597374126315116882e-03,4.942131415009498596e-02,8.281514048576354980e-02,8.027988672256469727e-02,1.820089817047119141e-01,2.444099187850952148e-01,9.771396219730377197e-02,1.364462822675704956e-01,3.350827144458889961e-03,7.426990568637847900e-02,3.692980157211422920e-03,2.509847469627857208e-02,6.188374385237693787e-02,1.771385371685028076e-01,-8.033365011215209961e-02,-8.860792033374309540e-03,-6.638348847627639771e-02,-2.905930392444133759e-02,9.689210355281829834e-02,1.391323655843734741e-01,2.830122597515583038e-02,1.768849790096282959e-01,1.968189179897308350e-01,1.722551286220550537e-01,2.059892117977142334e-01,5.414471030235290527e-02
6.989100575447082520e-02,-7.740310858935117722e-03,-7.198839448392391205e-03,9.521946310997009277e-02,2.948916256427764893e-01,2.931085824966430664e-01,5.136448144912719727e-02,1.321566551923751831e-01,3.810393214225769043e-01,9.999997615814208984e-01,1.651939600706100464e-01,1.678506880998611450e-01,1.409073173999786377e-01,2.355335503816604614e-01,3.111141920089721680e-01,5.191345810890197754e-01,1.976459175348281860e-01,1.061933785676956177e-01,9.005009382963180542e-02,3.103639930486679077e-02,1.356008052825927734e-01,1.930779032409191132e-02,2.020785063505172729e-01,1.432656943798065186e-01,1.553449034690856934e-01,8.484682440757751465e-02,1.865771263837814331e-01,2.057353556156158447e-01,1.393537223339080811e-01,2.958860993385314941e-01,8.547860383987426758e-02,1.783193796873092651e-01,3.052036650478839874e-02,-4.352033510804176331e-02,-5.328436568379402161e-02,1.815883093513548374e-03,8.611957728862762451e-02,8.046709001064300537e-02,9.923169761896133423e-02,3.020732291042804718e-02,8.703626692295074463e-02,9.019364416599273682e-02,1.501655727624893188e-01,8.054465055465698242e-02,3.012173175811767578e-01,1.430036425590515137e-01,1.980277299880981445e-01,1.582181304693222046e-01,2.729090750217437744e-01,1.024915352463722229e-01,3.050196170806884766e-01,1.655540019273757935e-01,2.452961802482604980e-01,1.865492910146713257e-01,1.842627823352813721e-01,1.119911670684814453e-01,1.623886972665786743e-01,1.133986264467239380e-01,3.205025494098663330e-01,2.935364246368408203e-01,2.492087185382843018e-01,1.472789943218231201e-01,1.497746258974075317e-01,4.794379323720932007e-02,2.760153114795684814e-01,1.644385457038879395e-01,2.697949111461639404e-01,1.974978148937225342e-01,1.650903224945068359e-01,6.062563881278038025e-02,3.064648434519767761e-02,1.417949646711349487e-01,6.198408827185630798e-02,6.461993604898452759e-02,2.142224833369255066e-02,2.444563899189233780e-03,1.402123570442199707e-01,1.119173765182495117e-01,9.653571248054504395e-02,-7.212773710489273071e-02,1.911160647869110107e-01,1.154319122433662415e-01,7.320537418127059937e-02,9.922143071889877319e-02,1.619331240653991699e-01,1.436538249254226685e-01,9.526970237493515015e-02,3.076151609420776367e-01,1.395785510540008545e-01,1.310162842273712158e-01,2.143160998821258545e-01,1.431013643741607666e-01,1.654502898454666138e-01,3.160868072882294655e-03,4.882443323731422424e-02,3.258931636810302734e-02,6.617444753646850586e-02,1.018407195806503296e-01,1.191523224115371704e-01,1.808066815137863159e-01,4.050030186772346497e-02,2.636034786701202393e-02,9.965552389621734619e-02,9.082101285457611084e-02,-2.604155428707599640e-02,-1.024150028824806213e-01,-1.864965818822383881e-02,1.729727350175380707e-02,4.097998142242431641e-02,-4.904506728053092957e-02,4.342926293611526489e-02,1.653370559215545654e-01,4.476094990968704224e-02,7.456006854772567749e-02,4.039477184414863586e-02,6.804464757442474365e-02
5.037584900856018066e-01,1.616533994674682617e-01,3.222379460930824280e-02,8.661253005266189575e-02,6.449228525161743164e-02,6.581270694732666016e-02,8.358038961887359619e-02,1.189221218228340149e-01,1.338841468095779419e-01,1.651939600706100464e-01,9.999997615814208984e-01,4.240399301052093506e-01,3.428776264190673828e-01,1.592003107070922852e-01,1.654850691556930542e-01,1.485839337110519409e-01,4.257899224758148193e-01,8.444763720035552979e-02,2.504063248634338379e-01,1.652853935956954956e-01,1.967241019010543823e-01,9.998416155576705933e-02,-4.607963562011718750e-02,-4.400866851210594177e-02,2.160436660051345825e-02,-2.177948690950870514e-02,2.380151860415935516e-02,3.034340962767601013e-02,3.712224364280700684e-01,9.782677143812179565e-02,1.550362706184387207e-01,1.912941187620162964e-01,2.138812392950057983e-01,6.616897135972976685e-02,-4.518821835517883301e-02,-6.994487345218658447e-02,3.331595659255981445e-01,8.053100109100341797e-02,2.767510116100311279e-01,5.816652998328208923e-02,2.950578033924102783e-01,7.276542484760284424e-02,2.159511595964431763e-01,-4.069134593009948730e-02,3.185972273349761963e-01,5.597836524248123169e-02,3.123683929443359375e-01,1.516910642385482788e-01,3.989536464214324951e-01,8.724793791770935059e-02,3.439942002296447754e-01,9.234503842890262604e-03,3.222983777523040771e-01,2.671896815299987793e-01,4.142080545425415039e-01,1.817153543233871460e-01,3.604795932769775391e-01,3.847379609942436218e-02,3.828710615634918213e-01,2.499219626188278198e-01,3.895013630390167236e-01,1.276358664035797119e-01,4.485927224159240723e-01,1.263841986656188965e-01,3.393702507019042969e-01,3.258184343576431274e-02,3.762977123260498047e-01,3.319571018218994141e-01,4.262505769729614258e-01,3.181271851062774658e-01,1.865280866622924805e-01,1.902952492237091064e-01,3.332527875900268555e-01,2.491876482963562012e-02,3.321572840213775635e-01,9.744817763566970825e-02,2.452508062124252319e-01,5.502348020672798157e-02,2.397558242082595825e-01,-4.175766184926033020e-02,4.680306315422058105e-01,9.122893214225769043e-02,2.715373337268829346e-01,-4.474613070487976074e-02,4.688696265220642090e-01,1.840089857578277588e-01,2.078851908445358276e-01,1.725907064974308014e-02,3.671115338802337646e-01,1.719574481248855591e-01,3.860604465007781982e-01,1.995415836572647095e-01,2.695222795009613037e-01,3.060256503522396088e-02,3.054568544030189514e-02,-1.306224800646305084e-02,1.164729073643684387e-01,3.756836429238319397e-02,3.119548559188842773e-01,2.373721301555633545e-01,1.877517700195312500e-01,6.407155841588973999e-02,2.201075553894042969e-01,9.593793749809265137e-02,1.311919987201690674e-01,3.298437222838401794e-02,1.552437990903854370e-01,1.172581613063812256e-01,-1.787430346012115479e-01,-8.677744865417480469e-02,-8.996292017400264740e-03,1.722231060266494751e-01,9.342268109321594238e-02,1.183136999607086182e-01,9.997869282960891724e-02,6.643306463956832886e-02
4.011111557483673096e-01,5.516886711120605469e-01,1.303441971540451050e-01,3.031166791915893555e-01,2.397625520825386047e-02,2.479016408324241638e-02,1.080025359988212585e-01,2.913660407066345215e-01,9.891290962696075439e-02,1.678506880998611450e-01,4.240399301052093506e-01,1.000000119209289551e+00,2.087574750185012817e-01,4.899673163890838623e-01,8.747161924839019775e-02,2.811470329761505127e-01,2.403577268123626709e-01,3.433427810668945312e-01,1.501005738973617554e-01,1.538435816764831543e-01,1.852292269468307495e-01,2.129639387130737305e-01,4.475067183375358582e-02,1.209923774003982544e-01,1.072845086455345154e-01,1.546304952353239059e-02,6.780024617910385132e-03,3.147729858756065369e-02,1.660994887351989746e-01,3.202551603317260742e-01,1.900888681411743164e-01,2.568243443965911865e-01,2.274554669857025146e-01,1.556808054447174072e-01,-1.201428249478340149e-01,-7.853572815656661987e-02,2.537803947925567627e-01,1.842302232980728149e-01,2.313875854015350342e-01,1.560036391019821167e-01,2.143044173717498779e-01,1.810731738805770874e-01,1.773158162832260132e-01,1.470815837383270264e-01,2.054817676544189453e-01,1.969094276428222656e-01,1.764627397060394287e-01,2.399640977382659912e-01,3.089224696159362793e-01,3.557584881782531738e-01,2.281687706708908081e-01,3.463524580001831055e-01,1.812507957220077515e-01,4.037984013557434082e-01,2.911910414695739746e-01,3.077512085437774658e-01,1.967614889144897461e-01,3.209087848663330078e-01,2.423219978809356689e-01,3.498124182224273682e-01,1.622662991285324097e-01,3.225120306015014648e-01,1.671824455261230469e-01,3.272312283515930176e-01,7.427917420864105225e-02,1.926042735576629639e-01,2.917423248291015625e-01,2.635244429111480713e-01,4.721579551696777344e-01,4.209345281124114990e-01,-2.172621712088584900e-02,1.882868558168411255e-01,2.325340956449508667e-01,2.008824199438095093e-01,2.616884112358093262e-01,1.643187105655670166e-01,3.157246708869934082e-01,2.366737127304077148e-01,1.788272410631179810e-01,4.690290242433547974e-02,2.158863097429275513e-01,2.732827067375183105e-01,1.530760675668716431e-01,3.321235179901123047e-01,2.662655115127563477e-01,4.082823097705841064e-01,1.311609148979187012e-01,3.063208758831024170e-01,1.737787574529647827e-01,4.620908796787261963e-01,2.114304900169372559e-01,3.707147240638732910e-01,1.764391064643859863e-01,3.422089517116546631e-01,5.117210373282432556e-02,-6.977280601859092712e-03,5.848816409707069397e-02,6.483183801174163818e-02,2.213384509086608887e-01,3.419426381587982178e-01,2.017766684293746948e-01,3.380942642688751221e-01,1.876652687788009644e-01,2.079354077577590942e-01,2.192552536725997925e-01,1.813391000032424927e-01,2.472867667675018311e-01,2.166102975606918335e-01,-5.231832340359687805e-02,-5.548441410064697266e-02,4.962188750505447388e-02,1.261436641216278076e-01,6.473726779222488403e-02,1.126477494835853577e-01,6.327421218156814575e-02,1.640135049819946289e-01
1.776428520679473877e-01,-8.025362156331539154e-03,4.654854536056518555e-01,3.843535482883453369e-01,1.821172684431076050e-01,7.539158314466476440e-02,6.143650412559509277e-01,4.520602524280548096e-01,2.676597833633422852e-01,1.409073173999786377e-01,3.428776264190673828e-01,2.087574750185012817e-01,9.999997615814208984e-01,4.066618382930755615e-01,1.856261938810348511e-01,1.147919669747352600e-01,9.567373245954513550e-02,7.811180502176284790e-02,7.273354381322860718e-02,3.378146141767501831e-02,2.338134199380874634e-01,1.741010099649429321e-01,1.988754868507385254e-01,5.052386596798896790e-02,6.224920600652694702e-02,1.212754286825656891e-02,7.901217788457870483e-02,-3.082767128944396973e-02,4.603920280933380127e-01,3.216148018836975098e-01,3.268267512321472168e-01,3.050408065319061279e-01,6.399938836693763733e-03,1.919780075550079346e-01,-4.114431142807006836e-02,3.205964167136698961e-04,1.511215269565582275e-01,3.249891102313995361e-02,1.895230859518051147e-01,1.124883070588111877e-01,3.167777359485626221e-01,3.007667064666748047e-01,1.613176167011260986e-01,3.013174980878829956e-02,2.266726940870285034e-01,2.703590095043182373e-01,1.185351908206939697e-01,1.142453402280807495e-01,1.567845791578292847e-01,1.584402658045291901e-02,8.571460098028182983e-02,1.940050721168518066e-01,-7.127743214368820190e-02,8.268427848815917969e-02,8.146641403436660767e-02,6.398396193981170654e-02,3.872491791844367981e-02,8.873271197080612183e-02,3.934677541255950928e-01,3.379781246185302734e-01,8.913290686905384064e-03,-2.909990213811397552e-02,8.594652265310287476e-02,-1.115609183907508850e-01,2.783212661743164062e-01,2.873372733592987061e-01,3.888662457466125488e-01,2.992241978645324707e-01,1.219551116228103638e-01,6.267104297876358032e-02,2.706440389156341553e-01,3.002080023288726807e-01,2.456880658864974976e-01,2.367377281188964844e-01,1.822874099016189575e-01,1.585680842399597168e-01,1.308882981538772583e-01,1.328288316726684570e-01,2.734173834323883057e-01,1.163086667656898499e-02,2.516858577728271484e-01,2.641115486621856689e-01,1.322265714406967163e-01,8.871735632419586182e-02,2.674620747566223145e-01,2.189337462186813354e-01,2.634447813034057617e-01,1.474512219429016113e-01,1.244164556264877319e-01,1.295349746942520142e-01,3.819957375526428223e-02,3.922982513904571533e-02,1.800956577062606812e-01,6.574904918670654297e-02,1.377523988485336304e-01,1.423796564340591431e-01,8.574552834033966064e-02,1.029691323637962341e-01,5.222776904702186584e-02,1.267969608306884766e-01,1.010901406407356262e-01,7.107289880514144897e-02,1.696014553308486938e-01,2.540450692176818848e-01,8.552081882953643799e-02,1.550887674093246460e-01,2.928150445222854614e-02,4.311846941709518433e-02,8.647678792476654053e-02,7.435738295316696167e-02,5.465910211205482483e-02,1.600745022296905518e-01,2.746429145336151123e-01,2.540616989135742188e-01,2.956301867961883545e-01,1.061478182673454285e-01
