1.000000119209289551e+00,2.364405542612075806e-01,4.663263261318206787e-01,1.280680745840072632e-01,-5.956270918250083923e-02,-8.884477615356445312e-02,5.496374964714050293e-01,7.150932401418685913e-02,1.454289555549621582e-01,-1.058190092444419861e-01,4.116924703121185303e-01,9.783311747014522552e-03,4.423696994781494141e-01,-3.580331802368164062e-02,2.011546790599822998e-01,-3.516928479075431824e-02,2.389783561229705811e-01,-6.453296169638633728e-03,4.764899611473083496e-01,3.489675521850585938e-01,-3.504187986254692078e-02,-9.420558065176010132e-02,1.654929071664810181e-01,7.075464725494384766e-02,-5.123883113265037537e-02,-1.167995408177375793e-01,-8.600156009197235107e-02,-1.055875569581985474e-01,2.280831634998321533e-01,2.478122897446155548e-02,-8.428459614515304565e-02,-9.270489215850830078e-02,2.334619164466857910e-01,7.497891783714294434e-02,-1.296147797256708145e-02,-1.140569075942039490e-01,1.297602206468582153e-01,-4.568621888756752014e-02,3.705475106835365295e-02,8.233352750539779663e-02,1.401827037334442139e-01,-2.559163793921470642e-02,5.396918207406997681e-02,-2.541975118219852448e-02,-2.345330454409122467e-02,-1.393297165632247925e-01,4.225663840770721436e-02,-3.276918083429336548e-02,2.816948667168617249e-02,-1.079607829451560974e-01,3.684727102518081665e-02,-8.547070622444152832e-02,2.026017904281616211e-01,-9.024398773908615112e-02,2.207682132720947266e-01,5.113995075225830078e-02,4.330356419086456299e-01,2.191978096961975098e-01,4.988314509391784668e-01,2.439625263214111328e-01,5.676943659782409668e-01,1.487968713045120239e-01,3.988624811172485352e-01,4.615193605422973633e-02,3.163340389728546143e-01,-1.649967767298221588e-02,2.233651876449584961e-01,-6.050189211964607239e-02,3.423855602741241455e-01,1.608467996120452881e-01,4.751739650964736938e-02,1.346718706190586090e-02,1.260073333978652954e-01,2.637055516242980957e-02,1.150927022099494934e-01,1.186189148575067520e-02,1.017975658178329468e-01,-3.337460383772850037e-02,1.813178211450576782e-01,4.704267904162406921e-02,2.524198293685913086e-01,1.560497097671031952e-02,1.287204474210739136e-01,-3.438852354884147644e-02,2.320470213890075684e-01,-6.234430521726608276e-02,1.849528402090072632e-01,8.466778695583343506e-02,3.317538201808929443e-01,3.235729783773422241e-02,5.743954796344041824e-03,1.463563591241836548e-01,5.823446437716484070e-02,8.308989554643630981e-02,-6.822759658098220825e-02,-8.854199945926666260e-02,-9.329088032245635986e-03,4.170957207679748535e-02,7.678091526031494141e-02,6.763313710689544678e-02,2.001675665378570557e-01,7.435841858386993408e-02,2.036141157150268555e-01,2.559379041194915771e-01,-4.550661891698837280e-02,7.887876778841018677e-02,-7.356928195804357529e-03,8.789714425802230835e-02,-5.173466634005308151e-03,-5.021928250789642334e-02,-3.282836452126502991e-02,-1.657849922776222229e-02,-2.757086046040058136e-02,-3.429336845874786377e-02,-1.030362118035554886e-02,-6.900758296251296997e-02
2.364405542612075806e-01,1.000000357627868652e+00,1.535763144493103027e-01,2.870311141014099121e-01,-5.428319424390792847e-02,-3.352861106395721436e-02,6.566955149173736572e-02,2.673707008361816406e-01,-1.576188206672668457e-01,-2.975310012698173523e-02,6.679857522249221802e-02,1.024980396032333374e-01,-1.065952032804489136e-01,1.336377561092376709e-01,-6.831561028957366943e-02,7.509374059736728668e-03,1.567418724298477173e-01,3.201812505722045898e-01,2.716500163078308105e-01,3.354881703853607178e-01,4.151931032538414001e-02,-8.519304543733596802e-02,1.342332512140274048e-01,7.304448634386062622e-02,6.776603311300277710e-02,-1.528972352389246225e-04,-3.389528021216392517e-02,-3.946810588240623474e-02,-3.384181400178931653e-05,9.768550097942352295e-02,-1.305614858865737915e-01,-1.229704692959785461e-01,2.149061560630798340e-01,-1.758691109716892242e-02,-1.246325075626373291e-01,-1.665403842926025391e-01,8.991114050149917603e-02,5.903056636452674866e-02,-7.376997172832489014e-02,3.850831091403961182e-02,1.936426013708114624e-01,1.072921454906463623e-01,-1.225726902484893799e-01,-3.907089307904243469e-02,6.202860176563262939e-02,9.653434157371520996e-02,3.616383671760559082e-02,1.529667079448699951e-01,1.148739904165267944e-01,1.568079441785812378e-01,3.217800706624984741e-02,1.263718456029891968e-01,1.614954769611358643e-01,2.773017585277557373e-01,8.209939301013946533e-02,3.621485829353332520e-01,5.523360967636108398e-01,7.090341448783874512e-01,3.067216873168945312e-01,2.899334132671356201e-01,2.230266630649566650e-01,1.660388112068176270e-01,-2.531349472701549530e-02,1.906616687774658203e-01,-3.230877686291933060e-03,1.975686755031347275e-03,1.624666601419448853e-01,-2.342785522341728210e-02,5.137009620666503906e-01,5.340365767478942871e-01,-3.379688411951065063e-02,1.989199966192245483e-02,3.231636062264442444e-02,7.369069755077362061e-02,-1.142478510737419128e-01,-1.112438738346099854e-01,-1.383035928010940552e-01,-2.034277021884918213e-01,1.406669616699218750e-01,2.591548860073089600e-01,2.978011965751647949e-01,4.269146621227264404e-01,1.249757856130599976e-01,1.935290247201919556e-01,2.447850257158279419e-01,2.960962951183319092e-01,1.858455687761306763e-01,1.766525357961654663e-01,3.729012235999107361e-02,3.593108654022216797e-01,-1.005998067557811737e-02,4.781788960099220276e-02,-1.902321875095367432e-01,-2.658353373408317566e-02,-1.228953152894973755e-01,-4.343248531222343445e-02,-7.580257952213287354e-02,1.748129129409790039e-01,9.216689318418502808e-02,2.325755208730697632e-01,-7.623880356550216675e-02,-6.459975242614746094e-02,-4.836626816540956497e-03,1.373800933361053467e-01,-8.827452361583709717e-02,-7.248585578054189682e-03,-8.622322976589202881e-02,2.787109278142452240e-02,-1.494132429361343384e-01,-1.414223015308380127e-01,-1.189758107066154480e-01,-1.131789609789848328e-01,-1.109594330191612244e-01,-4.116526618599891663e-02,-2.746509611606597900e-01,-1.033921614289283752e-01
4.663263261318206787e-01,1.535763144493103027e-01,9.999998211860656738e-01,5.084792375564575195e-01,9.369861334562301636e-02,1.959061622619628906e-01,6.576285958290100098e-01,3.553960621356964111e-01,3.749782592058181763e-02,-2.861776575446128845e-02,1.876818537712097168e-01,9.665625542402267456e-02,3.477980196475982666e-01,1.221485137939453125e-01,1.458762288093566895e-01,8.091300725936889648e-02,-4.206160828471183777e-02,-1.887524276971817017e-01,3.882952630519866943e-01,2.560292482376098633e-01,1.048860102891921997e-01,1.319764703512191772e-01,5.663114786148071289e-01,5.033405423164367676e-01,2.714216411113739014e-01,2.265827953815460205e-01,9.296646714210510254e-02,1.410945057868957520e-01,5.122370645403862000e-02,-7.710658246651291847e-04,2.868013978004455566e-01,2.519584000110626221e-01,1.367218196392059326e-01,1.130173821002244949e-02,6.879371404647827148e-02,-6.876941025257110596e-02,6.385814398527145386e-02,-1.293358951807022095e-02,-5.927983671426773071e-02,-2.391367033123970032e-02,1.495439857244491577e-01,4.299555718898773193e-02,1.424463093280792236e-01,1.007221825420856476e-02,-1.641527190804481506e-02,-1.064140051603317261e-01,7.959357649087905884e-02,1.443848386406898499e-02,-4.089880734682083130e-02,-1.267239302396774292e-01,6.524427980184555054e-02,-8.421256393194198608e-02,1.161596924066543579e-01,-2.169519104063510895e-02,9.122470021247863770e-02,8.393106609582901001e-02,1.663443595170974731e-01,7.340329885482788086e-02,2.411283254623413086e-01,8.222229033708572388e-02,3.183689713478088379e-01,1.981288380920886993e-02,1.196851506829261780e-01,-4.533785209059715271e-02,3.152081668376922607e-01,1.119668334722518921e-01,1.871743500232696533e-01,-8.944807946681976318e-02,1.756611913442611694e-01,8.072023093700408936e-02,4.030869901180267334e-02,9.203659743070602417e-02,7.402148097753524780e-02,7.282806187868118286e-02,7.545147091150283813e-02,6.371446698904037476e-02,1.653008311986923218e-01,5.011791735887527466e-02,6.788063794374465942e-02,5.773843452334403992e-02,9.814473241567611694e-02,1.479744724929332733e-02,7.281644642353057861e-02,-5.388110876083374023e-02,2.657342255115509033e-01,4.339605197310447693e-02,1.339010298252105713e-01,7.175738364458084106e-02,1.716064363718032837e-01,-7.093610242009162903e-03,1.554240286350250244e-01,7.213012129068374634e-02,7.932354509830474854e-02,3.065368905663490295e-02,-1.447946876287460327e-01,-1.065572947263717651e-01,-1.230344176292419434e-01,-7.599300891160964966e-02,1.539810560643672943e-02,7.933153957128524780e-02,1.634225547313690186e-01,1.489489227533340454e-01,1.108352765440940857e-01,1.980402320623397827e-01,2.258496358990669250e-02,8.847118169069290161e-02,-4.762693773955106735e-03,2.020642310380935669e-01,-1.057265549898147583e-01,-1.855509579181671143e-01,-1.496566534042358398e-01,-1.002333983778953552e-01,-2.009111791849136353e-01,-1.338948030024766922e-02,-2.155676111578941345e-02,-9.594817459583282471e-02
1.280680745840072632e-01,2.870311141014099121e-01,5.084792375564575195e-01,9.999999403953552246e-01,8.815307170152664185e-02,2.566358447074890137e-01,2.723578810691833496e-01,6.719051003456115723e-01,-1.764991879463195801e-01,1.073093041777610779e-01,-9.002313762903213501e-02,2.860125899314880371e-01,-8.818167448043823242e-02,3.294893801212310791e-01,-1.218315139412879944e-01,1.403845399618148804e-01,-8.531980961561203003e-02,-4.217096045613288879e-02,1.817770898342132568e-01,2.004219591617584229e-01,1.128362193703651428e-01,1.731927394866943359e-01,4.469529390335083008e-01,6.064020991325378418e-01,2.802821695804595947e-01,3.090080022811889648e-01,1.015887781977653503e-01,1.758406013250350952e-01,-8.310661464929580688e-02,6.095885112881660461e-02,2.769516110420227051e-01,3.486499786376953125e-01,2.151796407997608185e-02,6.078852713108062744e-02,1.204698383808135986e-01,1.126008555293083191e-01,-7.541713118553161621e-02,6.570253521203994751e-03,-1.374108344316482544e-01,-7.315267622470855713e-02,1.406045258045196533e-01,8.055476844310760498e-02,7.999249547719955444e-02,6.836515851318836212e-03,6.272862106561660767e-02,-5.524151399731636047e-02,5.839475244283676147e-02,2.723806723952293396e-02,-5.911396816372871399e-02,-7.858958840370178223e-02,6.457477807998657227e-02,3.706016391515731812e-02,1.234707012772560120e-01,6.129285693168640137e-02,2.556663751602172852e-02,1.848526149988174438e-01,1.225506141781806946e-01,1.834417283535003662e-01,2.260216921567916870e-01,3.690037429332733154e-01,8.312422782182693481e-02,2.704150676727294922e-01,-5.843238905072212219e-02,2.007694989442825317e-01,8.563195168972015381e-02,3.436531722545623779e-01,2.671264410018920898e-01,1.733619123697280884e-01,1.318578124046325684e-01,1.468615829944610596e-01,-1.493384968489408493e-02,1.605188995599746704e-01,9.250164031982421875e-02,1.831817328929901123e-01,8.121262490749359131e-02,1.095583811402320862e-01,1.519216746091842651e-01,1.365765035152435303e-01,-1.910053007304668427e-02,4.221332259476184845e-03,1.741594262421131134e-02,1.375906914472579956e-01,-8.358024060726165771e-03,2.615815773606300354e-02,7.568023353815078735e-02,2.320057451725006104e-01,2.250656113028526306e-02,8.364216983318328857e-02,2.497558307368308306e-04,2.157852947711944580e-01,1.836015731096267700e-01,2.794841304421424866e-02,1.362425386905670166e-01,-3.062350489199161530e-02,-2.097518742084503174e-01,-1.375768184661865234e-01,-2.024064660072326660e-01,-1.190307512879371643e-01,4.664155840873718262e-02,1.124195009469985962e-01,2.237228751182556152e-01,3.569014742970466614e-02,1.055931970477104187e-01,2.023255825042724609e-01,8.243225514888763428e-02,3.861138969659805298e-02,6.969965249300003052e-02,2.173328846693038940e-01,-1.207598745822906494e-01,-2.842858433723449707e-01,-2.416220754384994507e-01,-1.421677619218826294e-01,-2.750280499458312988e-01,9.311621077358722687e-03,-9.953901171684265137e-02,-7.302375137805938721e-02
-5.956270918250083923e-02,-5.428319424390792847e-02,9.369861334562301636e-02,8.815307170152664185e-02,1.000000000000000000e+00,7.149854898452758789e-01,-1.499399635940790176e-02,4.966732114553451538e-02,3.107073903083801270e-01,4.751995801925659180e-01,2.071713507175445557e-01,-4.056431353092193604e-02,1.982553154230117798e-01,2.455276548862457275e-01,9.026399999856948853e-02,1.422064900398254395e-01,-9.824757277965545654e-02,-6.042150035500526428e-02,-6.234156340360641479e-02,-2.801912724971771240e-01,3.038012683391571045e-01,4.172811508178710938e-01,2.623563408851623535e-01,3.431675136089324951e-01,6.814469695091247559e-01,6.679198741912841797e-01,7.157395482063293457e-01,7.128041386604309082e-01,1.934853382408618927e-02,-1.200078204274177551e-01,3.622391521930694580e-01,3.621006309986114502e-01,-4.055259376764297485e-02,-1.222670227289199829e-01,-1.710720211267471313e-01,-1.316267997026443481e-01,-1.015472263097763062e-01,8.322270214557647705e-02,-2.607672475278377533e-02,-8.071648329496383667e-02,-7.796517107635736465e-03,6.202522292733192444e-02,-6.885389983654022217e-02,-2.049986645579338074e-02,-2.968500927090644836e-02,-1.234150864183902740e-02,-5.158474296331405640e-02,-3.835285827517509460e-02,7.379861921072006226e-02,4.616502299904823303e-02,7.200133800506591797e-02,1.465934514999389648e-01,3.993233665823936462e-03,9.706318378448486328e-02,-4.808716103434562683e-02,-5.392799898982048035e-02,7.789591327309608459e-03,8.495993912220001221e-02,3.033708035945892334e-02,-7.470963057130575180e-03,1.310754269361495972e-01,1.082948297262191772e-01,4.888898693025112152e-03,1.494180560111999512e-01,1.742359548807144165e-01,7.657723128795623779e-02,3.772573545575141907e-02,9.150473400950431824e-03,-5.396546795964241028e-02,4.769526049494743347e-02,1.526241153478622437e-01,2.287771105766296387e-01,2.020638063549995422e-02,8.048195391893386841e-03,-1.259898021817207336e-02,-1.517636179924011230e-01,1.810264773666858673e-02,3.333570808172225952e-02,-1.495447754859924316e-01,-5.745619162917137146e-02,-1.154669299721717834e-01,3.559809550642967224e-02,-1.507179886102676392e-01,-8.045998960733413696e-02,3.334599733352661133e-02,5.057486146688461304e-02,-1.095761284232139587e-01,-6.261819601058959961e-02,7.580976933240890503e-02,6.570650637149810791e-02,4.995495826005935669e-02,8.203714340925216675e-02,-6.764329969882965088e-02,3.628964722156524658e-02,-8.284588903188705444e-02,-6.429185718297958374e-02,-9.741132706403732300e-02,-8.984842896461486816e-02,-6.481830030679702759e-02,5.812412500381469727e-02,-2.017077058553695679e-01,9.556357562541961670e-02,-2.050728052854537964e-01,-1.426712125539779663e-01,3.730060532689094543e-02,7.350242231041193008e-03,-8.591163158416748047e-02,-3.181542083621025085e-02,-1.610316485166549683e-01,-9.387345612049102783e-02,-9.009464830160140991e-02,-7.470858097076416016e-02,6.107065826654434204e-02,-1.385163143277168274e-02,-8.475763350725173950e-02,2.065776474773883820e-02
-8.884477615356445312e-02,-3.352861106395721436e-02,1.959061622619628906e-01,2.566358447074890137e-01,7.149854898452758789e-01,1.000000476837158203e+00,6.363083422183990479e-02,2.387719899415969849e-01,1.563764810562133789e-01,5.188615918159484863e-01,1.784091740846633911e-01,-2.827919647097587585e-02,1.869864016771316528e-01,3.545819818973541260e-01,1.525222696363925934e-02,1.925407797098159790e-01,-1.604959219694137573e-01,-1.428840458393096924e-01,-8.545840531587600708e-02,-2.896106243133544922e-01,2.435756474733352661e-01,4.131430685520172119e-01,3.892689645290374756e-01,5.052860379219055176e-01,7.116907835006713867e-01,7.427109479904174805e-01,6.567047834396362305e-01,7.195065617561340332e-01,-6.668231636285781860e-02,-1.825309395790100098e-01,4.047944247722625732e-01,4.235631227493286133e-01,-1.229569464921951294e-01,-1.683284193277359009e-01,-1.791995912790298462e-01,-1.417196840047836304e-01,-7.702378183603286743e-02,5.561989918351173401e-02,-9.129589796066284180e-02,-1.586477160453796387e-01,2.876756247133016586e-03,1.157441586256027222e-01,-1.940059103071689606e-02,1.924423128366470337e-02,8.342329412698745728e-03,1.868169568479061127e-02,-2.901704236865043640e-02,-1.628090813755989075e-02,8.553738147020339966e-02,4.467980563640594482e-02,7.294786721467971802e-02,1.007353812456130981e-01,3.192338347434997559e-02,1.157512813806533813e-01,-1.067477986216545105e-01,-2.982403710484504700e-02,-3.197084739804267883e-02,9.738923609256744385e-02,1.559870690107345581e-02,5.836755037307739258e-02,1.205084770917892456e-01,1.648171097040176392e-01,-6.102408468723297119e-02,1.912456452846527100e-01,1.865857690572738647e-01,1.308441758155822754e-01,6.791161000728607178e-02,-1.750595495104789734e-02,-2.463022992014884949e-02,3.021480143070220947e-02,1.213655099272727966e-01,2.305669635534286499e-01,-1.892351894639432430e-03,2.238869667053222656e-02,-2.065275795757770538e-02,-1.128921806812286377e-01,-5.931704305112361908e-03,-1.950570964254438877e-03,-1.819891482591629028e-01,-1.065777242183685303e-01,-1.322412937879562378e-01,5.358098819851875305e-02,-9.172906726598739624e-02,-1.141976341605186462e-01,6.038512289524078369e-02,9.964394569396972656e-02,-1.544552296400070190e-01,-1.083078309893608093e-01,-1.973243802785873413e-02,9.425038844347000122e-02,9.364353865385055542e-02,1.330117695033550262e-02,-4.290728271007537842e-02,-4.779623448848724365e-02,-9.759368747472763062e-02,-4.119454324245452881e-02,-1.418739706277847290e-01,-1.410388946533203125e-01,-8.173263818025588989e-02,3.351456299424171448e-02,-1.633472740650177002e-01,8.939520269632339478e-02,-2.244304418563842773e-01,-1.326690167188644409e-01,3.044616244733333588e-02,-1.950294896960258484e-02,-5.992449074983596802e-02,-2.166812680661678314e-02,-1.691203713417053223e-01,-1.445510387420654297e-01,-1.427752673625946045e-01,-1.305703967809677124e-01,-1.694952324032783508e-02,-1.523443777114152908e-02,-9.251370280981063843e-02,1.886602677404880524e-02
5.496374964714050293e-01,6.566955149173736572e-02,6.576285958290100098e-01,2.723578810691833496e-01,-1.499399635940790176e-02,6.363083422183990479e-02,9.999999403953552246e-01,2.900131642818450928e-01,1.324430406093597412e-01,-5.706084519624710083e-02,3.621824681758880615e-01,1.204051300883293152e-01,5.133222341537475586e-01,8.305386453866958618e-02,2.062031924724578857e-01,2.505624666810035706e-02,7.974714040756225586e-02,-1.119677573442459106e-01,4.672373831272125244e-01,2.216533720493316650e-01,-3.185792267322540283e-02,2.862561307847499847e-02,3.557401895523071289e-01,2.210298031568527222e-01,7.120471447706222534e-02,3.555877506732940674e-02,-4.014674574136734009e-02,-1.587300933897495270e-02,2.111126035451889038e-01,2.868838049471378326e-02,1.171904653310775757e-01,8.817990869283676147e-02,1.893537789583206177e-01,8.639267086982727051e-02,1.135021522641181946e-01,-3.195516765117645264e-02,9.562571346759796143e-02,5.854442343115806580e-02,8.206217736005783081e-02,2.210131287574768066e-02,1.515869945287704468e-01,7.982594519853591919e-02,2.158614546060562134e-01,1.196373477578163147e-01,1.064512506127357483e-02,-6.926980614662170410e-02,1.689656376838684082e-01,8.827153593301773071e-02,-3.175455331802368164e-02,-1.222757622599601746e-01,1.218157783150672913e-01,-1.086537167429924011e-01,1.562200486660003662e-01,-6.077618524432182312e-02,1.536843627691268921e-01,1.385536137968301773e-02,1.377181559801101685e-01,-1.154722645878791809e-02,2.280170023441314697e-01,6.621689349412918091e-02,3.981643915176391602e-01,1.213429123163223267e-01,2.074449658393859863e-01,-1.321207545697689056e-02,4.808365404605865479e-01,1.686349064111709595e-01,1.783397197723388672e-01,-1.158860623836517334e-01,8.198287338018417358e-02,-8.109390735626220703e-03,1.544563919305801392e-01,1.452742666006088257e-01,1.691050827503204346e-01,1.168259680271148682e-01,1.671389192342758179e-01,9.497306495904922485e-02,2.303027212619781494e-01,1.114432513713836670e-01,7.310636341571807861e-02,4.875358939170837402e-02,1.001304388046264648e-01,-2.133457735180854797e-02,1.481513381004333496e-01,1.266101375222206116e-02,2.841656208038330078e-01,9.788262657821178436e-03,7.270256429910659790e-02,-1.649342663586139679e-02,2.707140445709228516e-01,-1.211342308670282364e-02,1.857723295688629150e-01,9.939990192651748657e-02,9.430970251560211182e-02,5.896816030144691467e-02,3.804801404476165771e-02,3.403476625680923462e-02,6.097281724214553833e-02,8.004698902368545532e-03,9.627564251422882080e-02,1.119697540998458862e-01,2.269733399152755737e-01,2.459344565868377686e-01,1.884750127792358398e-01,2.642187476158142090e-01,6.998916715383529663e-02,1.139264553785324097e-01,7.056009024381637573e-02,1.669900715351104736e-01,-1.263215690851211548e-01,-3.867484256625175476e-02,5.441817920655012131e-03,-1.053592772223055363e-03,-5.841717496514320374e-02,2.914588712155818939e-02,6.280654668807983398e-02,-1.138839125633239746e-02
7.150932401418685913e-02,2.673707008361816406e-01,3.553960621356964111e-01,6.719051003456115723e-01,4.966732114553451538e-02,2.387719899415969849e-01,2.900131642818450928e-01,1.000000476837158203e+00,-1.849291473627090454e-01,1.654286980628967285e-01,-2.876747213304042816e-02,3.974441289901733398e-01,-6.274786591529846191e-02,4.790483415126800537e-01,-1.714722663164138794e-01,1.521970033645629883e-01,-6.243475526571273804e-02,1.938498951494693756e-02,2.189293056726455688e-01,1.428925246000289917e-01,3.854778769891709089e-04,9.404822438955307007e-02,3.067050874233245850e-01,4.361051619052886963e-01,1.627747565507888794e-01,2.137391418218612671e-01,3.058412810787558556e-03,6.403466314077377319e-02,-5.999563261866569519e-03,1.118297427892684937e-01,1.930057108402252197e-01,2.840594351291656494e-01,4.774768278002738953e-02,1.197491511702537537e-01,9.188861399888992310e-02,9.125303477048873901e-02,-4.923685267567634583e-02,1.773567683994770050e-02,-6.952895224094390869e-02,-6.342956423759460449e-02,1.156822368502616882e-01,7.974079996347427368e-02,8.300988376140594482e-02,6.919869780540466309e-02,2.351416461169719696e-02,-4.283285513520240784e-02,6.074548885226249695e-02,5.810460448265075684e-02,-1.094110384583473206e-01,-9.383683651685714722e-02,3.433816879987716675e-02,-1.218641083687543869e-02,7.385046780109405518e-02,5.210861936211585999e-02,-2.648279815912246704e-02,1.225857436656951904e-01,4.736366495490074158e-02,1.596286147832870483e-01,1.626200377941131592e-01,4.066154062747955322e-01,1.281025409698486328e-01,4.868149757385253906e-01,-9.076820313930511475e-02,3.520527780055999756e-01,1.794734597206115723e-01,4.214818179607391357e-01,1.973968297243118286e-01,1.234452575445175171e-01,8.326938003301620483e-02,6.985524296760559082e-02,5.607791617512702942e-02,2.156076580286026001e-01,1.446148306131362915e-01,2.148408889770507812e-01,9.059199690818786621e-02,1.401010602712631226e-01,1.584378182888031006e-01,1.750025302171707153e-01,-9.204156696796417236e-02,-4.678002744913101196e-02,-4.072752594947814941e-02,1.628707051277160645e-01,1.786999404430389404e-02,9.784020483493804932e-02,3.031418472528457642e-02,2.286232560873031616e-01,-2.720410563051700592e-02,-3.606159240007400513e-02,1.328678801655769348e-02,2.760740816593170166e-01,1.653542071580886841e-01,8.548573404550552368e-02,7.266518473625183105e-02,-2.900872612372040749e-03,-1.170996427536010742e-01,-3.302077949047088623e-02,-1.178052276372909546e-01,-6.299567222595214844e-02,4.636277630925178528e-02,1.116001531481742859e-01,2.042212933301925659e-01,1.627600044012069702e-01,9.203068912029266357e-02,2.589197456836700439e-01,5.070988088846206665e-02,1.884706132113933563e-02,8.451048284769058228e-02,1.715305298566818237e-01,-1.469290703535079956e-01,-2.008078694343566895e-01,-1.469774544239044189e-01,-8.659286051988601685e-02,-1.637008339166641235e-01,7.090649101883172989e-03,-8.348410576581954956e-02,-4.009953886270523071e-02
1.454289555549621582e-01,-1.576188206672668457e-01,3.749782592058181763e-02,-1.764991879463195801e-01,3.107073903083801270e-01,1.563764810562133789e-01,1.324430406093597412e-01,-1.849291473627090454e-01,9.999998211860656738e-01,4.253243803977966309e-01,1.753722578287124634e-01,7.215751335024833679e-03,3.708825707435607910e-01,2.690486609935760498e-03,5.235748887062072754e-01,2.823259830474853516e-01,1.047170162200927734e-02,3.175605786964297295e-03,1.316642463207244873e-01,-2.631941623985767365e-02,1.449292153120040894e-01,9.820967912673950195e-02,1.667401343584060669e-01,3.098327480256557465e-02,1.549970954656600952e-01,1.073676124215126038e-01,2.018284499645233154e-01,1.327964514493942261e-01,1.597311794757843018e-01,5.498808249831199646e-02,6.789631396532058716e-02,2.596097812056541443e-02,4.392639547586441040e-02,7.571873720735311508e-03,8.497488684952259064e-03,-7.523304317146539688e-03,-1.269293576478958130e-02,9.920346736907958984e-02,1.130186691880226135e-01,5.970467999577522278e-02,-4.882324952632188797e-03,-3.384707123041152954e-02,2.038562856614589691e-02,6.626888364553451538e-02,-1.766255944967269897e-01,-1.552835404872894287e-01,3.833026438951492310e-02,3.100592002738267183e-04,4.407370835542678833e-02,-2.898399159312248230e-02,1.710129529237747192e-01,3.104243800044059753e-02,1.386945247650146484e-01,9.352459758520126343e-02,1.484287977218627930e-01,-7.241781055927276611e-02,-1.143311057239770889e-02,-1.272263079881668091e-01,-1.357418112456798553e-02,-9.722362458705902100e-02,1.745098680257797241e-01,3.625789657235145569e-02,1.466794461011886597e-01,-8.975532650947570801e-02,3.476615846157073975e-01,1.502141803503036499e-01,-1.014086529612541199e-01,-1.610499918460845947e-01,7.869529537856578827e-03,7.425108551979064941e-02,1.050387248396873474e-01,5.346269160509109497e-02,2.301853615790605545e-03,-4.449174553155899048e-02,1.298915147781372070e-01,5.955263599753379822e-02,1.026174053549766541e-01,8.589607477188110352e-02,1.058781743049621582e-01,1.026166528463363647e-01,3.846296668052673340e-02,-6.643062084913253784e-02,-4.007813706994056702e-02,3.305955091491341591e-03,1.917836070060729980e-01,-1.158811803907155991e-02,6.531357765197753906e-02,1.315904110670089722e-01,4.047943055629730225e-01,4.288912191987037659e-02,1.356230527162551880e-01,2.105435580015182495e-01,2.155534476041793823e-01,3.422667384147644043e-01,5.296073108911514282e-02,3.187523782253265381e-02,8.406627923250198364e-02,6.792742013931274414e-02,5.845730006694793701e-02,1.142607703804969788e-01,-4.962976649403572083e-02,2.272811830043792725e-01,-1.743157766759395599e-02,-3.027326893061399460e-03,1.599213629961013794e-01,7.611222565174102783e-02,-2.316051721572875977e-02,5.872444016858935356e-04,-3.780648112297058105e-02,9.229347109794616699e-02,9.803872555494308472e-02,1.432251185178756714e-01,2.337095588445663452e-01,1.197741255164146423e-01,1.308713257312774658e-01,7.835880666971206665e-02
-1.058190092444419861e-01,-2.975310012698173523e-02,-2.861776575446128845e-02,1.073093041777610779e-01,4.751995801925659180e-01,5.188615918159484863e-01,-5.706084519624710083e-02,1.654286980628967285e-01,4.253243803977966309e-01,1.000000476837158203e+00,1.408773213624954224e-01,3.266936913132667542e-02,1.239150613546371460e-01,3.107034862041473389e-01,2.256642132997512817e-01,5.022574663162231445e-01,-1.886431425809860229e-01,-7.936972379684448242e-02,1.616672053933143616e-02,-2.358573377132415771e-01,1.717129647731781006e-01,2.638271450996398926e-01,2.937652766704559326e-01,2.936706244945526123e-01,4.030059576034545898e-01,4.319215714931488037e-01,4.284265637397766113e-01,4.123525321483612061e-01,-8.177557960152626038e-03,-5.867605283856391907e-02,1.545774340629577637e-01,1.844436377286911011e-01,-9.354123473167419434e-02,-1.014406681060791016e-01,-1.867447420954704285e-02,7.835037074983119965e-03,1.434248592704534531e-02,4.399078711867332458e-02,3.481406718492507935e-02,-1.268300320953130722e-02,-4.967839270830154419e-02,2.640170790255069733e-02,-6.801912933588027954e-02,6.902790069580078125e-02,-1.443790793418884277e-01,-7.545965164899826050e-02,-6.316042691469192505e-02,3.260837867856025696e-02,2.468700334429740906e-02,3.417363390326499939e-02,1.337319910526275635e-01,1.213973164558410645e-01,7.719424366950988770e-02,2.006519436836242676e-01,7.755344267934560776e-03,5.675385519862174988e-02,-8.816426992416381836e-02,1.089562103152275085e-01,-3.811883553862571716e-02,1.132684424519538879e-01,1.594138890504837036e-01,2.444141358137130737e-01,-1.381209790706634521e-01,2.028455585241317749e-01,2.981770932674407959e-01,3.200556635856628418e-01,4.715074971318244934e-02,-5.530046299099922180e-02,5.035310238599777222e-02,8.646364510059356689e-02,1.918143033981323242e-01,1.697092503309249878e-01,5.863679572939872742e-02,3.492628410458564758e-02,1.218925118446350098e-01,1.803953200578689575e-02,1.626983098685741425e-02,1.304102316498756409e-02,-8.387900888919830322e-02,2.426720922812819481e-03,-1.275791078805923462e-01,1.152091696858406067e-01,-1.638651080429553986e-02,-5.145564675331115723e-02,9.294097125530242920e-02,2.814550399780273438e-01,-6.815467774868011475e-02,3.908454254269599915e-02,2.152702808380126953e-01,3.737658560276031494e-01,9.475317597389221191e-02,2.130437046289443970e-01,1.261238306760787964e-01,2.927910387516021729e-01,-3.357966244220733643e-02,1.403043605387210846e-02,-5.759819969534873962e-02,-2.558130025863647461e-02,-5.348135158419609070e-02,1.114573478698730469e-01,-1.975551247596740723e-01,2.187506407499313354e-01,-2.646872103214263916e-01,-5.774307250976562500e-02,1.365890204906463623e-01,8.229223638772964478e-02,2.072453312575817108e-02,-3.442479670047760010e-02,-8.425724506378173828e-02,-5.999968573451042175e-02,-1.873474381864070892e-02,2.062413655221462250e-02,1.531012356281280518e-01,2.655459195375442505e-02,7.646553218364715576e-03,1.353043168783187866e-01
4.116924703121185303e-01,6.679857522249221802e-02,1.876818537712097168e-01,-9.002313762903213501e-02,2.071713507175445557e-01,1.784091740846633911e-01,3.621824681758880615e-01,-2.876747213304042816e-02,1.753722578287124634e-01,1.408773213624954224e-01,9.999998807907104492e-01,1.515471003949642181e-02,6.260195374488830566e-01,1.674174666404724121e-01,2.111156135797500610e-01,9.040968865156173706e-02,9.288625419139862061e-02,-6.988637894392013550e-02,2.569021582603454590e-01,-6.606072932481765747e-02,-6.561125069856643677e-02,1.096045412123203278e-02,1.175348833203315735e-01,1.018142886459827423e-02,1.479448080062866211e-01,1.001629754900932312e-01,1.849845051765441895e-01,1.702737510204315186e-01,3.085156977176666260e-01,-7.986412197351455688e-02,2.426370419561862946e-02,-1.818417571485042572e-02,9.322061389684677124e-02,-4.975442960858345032e-02,-1.283295154571533203e-01,-1.753392219543457031e-01,4.093420505523681641e-02,-2.445775270462036133e-02,1.882161051034927368e-01,9.926434606313705444e-02,9.741554036736488342e-03,1.139781996607780457e-01,4.432623833417892456e-02,8.950661867856979370e-02,-6.489732116460800171e-02,-4.091978073120117188e-02,2.985811419785022736e-02,1.547732856124639511e-02,4.724699258804321289e-02,-3.132951632142066956e-02,4.264116287231445312e-02,-4.609606415033340454e-02,1.224680989980697632e-01,-3.288896009325981140e-02,1.292898356914520264e-01,-3.504517953842878342e-03,1.425353139638900757e-01,1.519185900688171387e-01,2.047206163406372070e-01,4.695449024438858032e-02,4.622443318367004395e-01,1.072134524583816528e-01,3.060764074325561523e-01,2.212889492511749268e-01,3.408870398998260498e-01,-7.031224668025970459e-02,8.215831220149993896e-02,-1.540825068950653076e-01,5.387598276138305664e-02,-2.957760728895664215e-02,3.191830217838287354e-01,2.049905657768249512e-01,2.162642776966094971e-01,1.713216304779052734e-02,1.463088840246200562e-01,-4.252584278583526611e-02,8.716079592704772949e-02,-2.816179580986499786e-02,-1.499370932579040527e-01,-6.603851914405822754e-02,3.270997852087020874e-02,9.169274568557739258e-02,2.367987036705017090e-01,3.902842849493026733e-02,1.905067265033721924e-01,3.173834830522537231e-02,9.087666124105453491e-02,1.048904471099376678e-02,3.155403137207031250e-01,8.600500226020812988e-02,-5.137185379862785339e-02,2.059223353862762451e-01,-1.053675636649131775e-01,2.339628152549266815e-02,5.551556870341300964e-02,4.783437401056289673e-02,9.929950535297393799e-02,2.684274129569530487e-02,2.996125444769859314e-02,5.622566491365432739e-02,-6.873652338981628418e-02,8.427271991968154907e-02,-3.648340236395597458e-03,8.439257740974426270e-02,3.934545442461967468e-02,6.196777522563934326e-02,1.005448773503303528e-01,-4.280617833137512207e-02,2.081085694953799248e-03,4.975194111466407776e-03,7.009949535131454468e-02,2.968498691916465759e-02,8.544993400573730469e-02,2.969136461615562439e-02,6.049364432692527771e-02,7.261786609888076782e-02
9.783311747014522552e-03,1.024980396032333374e-01,9.665625542402267456e-02,2.860125899314880371e-01,-4.056431353092193604e-02,-2.827919647097587585e-02,1.204051300883293152e-01,3.974441289901733398e-01,7.215751335024833679e-03,3.266936913132667542e-02,1.515471003949642181e-02,1.000000238418579102e+00,1.763686165213584900e-02,4.752538204193115234e-01,-3.880871832370758057e-02,1.584957242012023926e-01,1.486716270446777344e-01,2.084259092807769775e-01,1.628973335027694702e-01,2.449804842472076416e-01,-5.456542968750000000e-02,5.344070866703987122e-02,7.635819166898727417e-02,1.390260457992553711e-01,-3.713242337107658386e-02,-1.793943904340267181e-02,-1.498343050479888916e-01,-1.231827810406684875e-01,1.879573166370391846e-01,3.811830580234527588e-01,2.333542108535766602e-01,2.675341367721557617e-01,2.500191330909729004e-01,3.645810484886169434e-01,1.836690604686737061e-01,2.182382941246032715e-01,-4.213539510965347290e-02,3.924380615353584290e-02,7.630702108144760132e-02,8.113322407007217407e-02,7.589180767536163330e-02,1.003501787781715393e-01,8.834626525640487671e-02,1.625926978886127472e-02,-1.790006645023822784e-02,-1.417629122734069824e-01,5.632102116942405701e-02,-2.796462923288345337e-02,-1.483413577079772949e-01,-2.038446962833404541e-01,-4.986735433340072632e-02,-1.258453279733657837e-01,-2.801628038287162781e-02,-1.402994245290756226e-01,3.402053937315940857e-02,5.108825280331075191e-04,-7.162544876337051392e-02,-7.018691301345825195e-02,-2.093063294887542725e-02,1.781035363674163818e-01,3.553504124283790588e-02,3.288216590881347656e-01,9.852652251720428467e-02,3.231044113636016846e-01,4.241356253623962402e-02,2.601617574691772461e-01,5.183025076985359192e-02,1.085515469312667847e-01,-2.569437772035598755e-02,-5.841244477778673172e-03,9.831962734460830688e-02,2.310225218534469604e-01,9.921060502529144287e-02,1.949088722467422485e-01,6.685526669025421143e-02,1.452798396348953247e-01,2.230899780988693237e-01,2.605686783790588379e-01,-9.581739455461502075e-02,-8.263599872589111328e-02,2.482729591429233551e-02,7.240152359008789062e-02,1.586108235642313957e-03,2.035253643989562988e-01,-6.862963736057281494e-02,9.675733745098114014e-02,1.534973271191120148e-03,2.465037442743778229e-02,2.783987484872341156e-02,1.137195155024528503e-01,7.545907050371170044e-02,2.305658906698226929e-01,1.937838792800903320e-01,4.415691271424293518e-02,2.502981387078762054e-02,7.726027816534042358e-02,1.107618436217308044e-01,9.526923298835754395e-02,6.379733979701995850e-02,4.141787812113761902e-02,2.091588526964187622e-01,1.510390490293502808e-01,1.933151632547378540e-01,2.214018702507019043e-01,1.682943254709243774e-01,5.658524110913276672e-02,1.412339210510253906e-01,1.822998076677322388e-01,1.990995928645133972e-02,-9.680265560746192932e-03,5.350199714303016663e-02,1.305584013462066650e-01,3.998928517103195190e-02,1.380718350410461426e-01,1.647032797336578369e-01,-2.963227406144142151e-02
4.423696994781494141e-01,-1.065952032804489136e-01,3.477980196475982666e-01,-8.818167448043823242e-02,1.982553154230117798e-01,1.869864016771316528e-01,5.133222341537475586e-01,-6.274786591529846191e-02,3.708825707435607910e-01,1.239150613546371460e-01,6.260195374488830566e-01,1.763686165213584900e-02,1.000000000000000000e+00,1.257757991552352905e-01,4.527139365673065186e-01,1.831676363945007324e-01,9.351099282503128052e-02,-1.214969009160995483e-01,2.887993454933166504e-01,-7.492624223232269287e-03,4.505440965294837952e-02,1.298370957374572754e-01,2.946376800537109375e-01,1.189009919762611389e-01,1.831064075231552124e-01,1.267198473215103149e-01,1.666061878204345703e-01,1.673620194196701050e-01,3.228400051593780518e-01,-1.331023685634136200e-02,2.151493430137634277e-01,1.344004571437835693e-01,1.643783450126647949e-01,1.881948485970497131e-02,-4.752571880817413330e-02,-1.475594937801361084e-01,5.530803278088569641e-02,9.405063465237617493e-03,1.414559781551361084e-01,1.281323581933975220e-01,6.672737002372741699e-02,9.650473296642303467e-02,2.150985449552536011e-01,1.614879369735717773e-01,-1.017128303647041321e-02,-3.818991780281066895e-02,1.533848494291305542e-01,6.922094523906707764e-02,9.849912673234939575e-02,-1.454367861151695251e-02,1.006289273500442505e-01,-7.544681429862976074e-02,1.304034143686294556e-01,-4.931412264704704285e-02,1.980363130569458008e-01,-2.732360921800136566e-02,4.266424104571342468e-02,-7.091559469699859619e-02,1.070720031857490540e-01,-4.802300781011581421e-02,3.802039027214050293e-01,5.775446817278862000e-02,2.885240018367767334e-01,3.353785956278443336e-03,4.304165244102478027e-01,-1.200190000236034393e-02,6.705168634653091431e-03,-2.034121155738830566e-01,5.459849257022142410e-03,-6.222208589315414429e-02,3.038926422595977783e-01,2.054556757211685181e-01,1.799331903457641602e-01,6.585171818733215332e-02,2.011475265026092529e-01,4.481336101889610291e-02,1.950259208679199219e-01,6.696506589651107788e-02,-5.250744149088859558e-02,-5.990715324878692627e-02,5.317412316799163818e-02,-1.963843777775764465e-02,2.116376459598541260e-01,4.206133261322975159e-02,2.692729234695434570e-01,-4.120950028300285339e-02,9.099051356315612793e-02,5.039231106638908386e-02,3.442568480968475342e-01,-6.461963802576065063e-02,1.120657846331596375e-01,1.418669819831848145e-01,1.058982163667678833e-01,5.456549674272537231e-02,8.772533386945724487e-02,5.251328274607658386e-02,1.497551202774047852e-01,5.523854866623878479e-02,1.159073635935783386e-01,6.681989878416061401e-02,1.107023879885673523e-01,1.901118159294128418e-01,1.287907063961029053e-01,1.234448626637458801e-01,6.866034865379333496e-02,8.106446266174316406e-02,9.030954539775848389e-02,2.404306642711162567e-02,-4.813152365386486053e-03,8.560208976268768311e-02,1.389781683683395386e-01,1.101453378796577454e-01,9.821412712335586548e-02,1.190594136714935303e-01,1.688252687454223633e-01,2.263026870787143707e-02
