9.999998211860656738e-01,2.599158585071563721e-01,-1.781190000474452972e-02,1.593186706304550171e-01,9.224409610033035278e-02,8.000099658966064453e-02,3.407508134841918945e-01,4.686003029346466064e-01,9.564101696014404297e-02,2.089856937527656555e-02,5.295186042785644531e-01,3.916838169097900391e-01,5.046804547309875488e-01,3.890904188156127930e-01,1.325469613075256348e-01,1.017054989933967590e-01,1.768697798252105713e-01,-2.634294331073760986e-02,-5.455170571804046631e-02,4.268765449523925781e-02,4.418942704796791077e-02,-4.648704081773757935e-02,-1.836621910333633423e-01,-1.437707692384719849e-01,6.669744104146957397e-02,8.448533713817596436e-02,8.497024327516555786e-02,5.775493569672107697e-03,3.521233499050140381e-01,1.555584967136383057e-01,1.321761608123779297e-01,1.553087532520294189e-01,2.064513266086578369e-01,8.118838071823120117e-02,-7.577545195817947388e-02,-9.673830121755599976e-02,1.124376580119132996e-01,-9.391212463378906250e-02,1.503308117389678955e-02,-8.234059065580368042e-02,1.482010036706924438e-01,-1.817162893712520599e-02,-8.039490319788455963e-03,-4.588329792022705078e-02,-3.672856092453002930e-02,-1.177957281470298767e-01,-1.964752003550529480e-02,-1.965202838182449341e-01,5.325829610228538513e-02,-5.286429449915885925e-02,1.322164386510848999e-01,5.468320101499557495e-02,8.401912450790405273e-02,-1.419995129108428955e-01,-8.777850121259689331e-02,-1.096871867775917053e-01,2.221149355173110962e-01,-5.416297540068626404e-02,-1.853432357311248779e-01,-3.062106668949127197e-01,-9.332484006881713867e-02,-3.066804111003875732e-01,-3.967070579528808594e-02,-2.119183093309402466e-01,-2.323732376098632812e-01,-3.416812419891357422e-01,4.110227152705192566e-02,-4.226616024971008301e-02,4.662950634956359863e-01,3.477468192577362061e-01,1.899657398462295532e-01,1.460207998752593994e-01,2.110196202993392944e-01,2.250062078237533569e-01,1.679042726755142212e-01,9.669291973114013672e-02,8.314523100852966309e-02,-1.777496375143527985e-02,-9.663004428148269653e-02,-2.882313728332519531e-01,-1.456668525934219360e-01,-2.369310259819030762e-01,1.291634142398834229e-01,-2.267294563353061676e-02,-7.978589832782745361e-02,-6.928607821464538574e-02,1.864482164382934570e-01,-4.530447721481323242e-02,-3.945865482091903687e-02,-2.472870983183383942e-02,-1.679325550794601440e-01,-5.149357020854949951e-02,-1.257507205009460449e-01,-1.074674129486083984e-01,-5.078136548399925232e-02,-9.107396751642227173e-02,-1.381398588418960571e-01,-1.421703249216079712e-01,-1.423100829124450684e-01,-1.311928927898406982e-01,-1.594405770301818848e-01,-1.136105358600616455e-01,-1.470341682434082031e-01,-2.316059619188308716e-01,-1.565293669700622559e-01,-1.527529507875442505e-01,-1.682621091604232788e-01,-1.670608073472976685e-01,3.953777719289064407e-03,-2.963003702461719513e-02,-9.380022436380386353e-02,-1.229619756340980530e-01,-1.745385490357875824e-02,-1.288409680128097534e-01,-1.504295468330383301e-01,-7.010997086763381958e-02
2.599158585071563721e-01,9.999997615814208984e-01,-1.492819935083389282e-01,-1.538681983947753906e-01,-2.379884198307991028e-02,-2.790989354252815247e-02,4.343475773930549622e-02,1.955873370170593262e-01,-5.901690199971199036e-02,-9.060836583375930786e-02,1.270586550235748291e-01,3.531412184238433838e-01,6.916088610887527466e-02,3.214243650436401367e-01,-5.116697773337364197e-02,-7.688545435667037964e-02,4.076933115720748901e-02,2.664630413055419922e-01,-1.569400131702423096e-01,-8.332062512636184692e-02,-5.165657028555870056e-02,-1.450089551508426666e-02,-2.547940313816070557e-01,-1.397105306386947632e-01,-5.473801493644714355e-02,2.035217732191085815e-02,-3.212911635637283325e-02,-5.712589249014854431e-02,-1.020223200321197510e-01,1.111836209893226624e-01,-1.385105252265930176e-01,-9.190711379051208496e-02,8.860725164413452148e-02,1.530947834253311157e-01,-1.605516821146011353e-01,-6.375940889120101929e-02,-7.502191513776779175e-02,-3.762162104249000549e-02,6.363704800605773926e-02,3.275511041283607483e-02,-3.269134613219648600e-04,9.422879666090011597e-02,1.744296699762344360e-01,1.797119826078414917e-01,5.619315803050994873e-02,1.356198489665985107e-01,-1.851768046617507935e-02,1.294765025377273560e-01,-3.393458202481269836e-02,2.910687029361724854e-01,1.080930456519126892e-01,4.456451237201690674e-01,-7.894536107778549194e-02,2.902390435338020325e-02,5.715743452310562134e-02,1.198232248425483704e-01,4.809803366661071777e-01,6.125349402427673340e-01,-3.799462914466857910e-01,-3.660593628883361816e-01,-7.633262872695922852e-02,-1.984064280986785889e-01,-2.494321912527084351e-01,-9.330491721630096436e-02,-2.240584939718246460e-01,-2.366770654916763306e-01,-2.291572690010070801e-01,-1.310138404369354248e-01,2.846836745738983154e-01,1.862495690584182739e-01,-1.843844205141067505e-01,-1.346762031316757202e-01,-8.337331563234329224e-02,1.757284104824066162e-01,5.692296847701072693e-02,1.727071106433868408e-01,-8.355318754911422729e-02,-4.196461662650108337e-02,-9.382731467485427856e-02,-1.852959394454956055e-01,-2.272756248712539673e-01,4.096327815204858780e-03,3.082787990570068359e-02,5.080376267433166504e-01,-7.700849324464797974e-02,4.162802994251251221e-01,1.314086914062500000e-01,4.153810441493988037e-01,1.667358428239822388e-01,4.312976598739624023e-01,1.419335603713989258e-01,3.250522911548614502e-01,2.295205891132354736e-01,4.228676259517669678e-01,-1.969555206596851349e-02,8.845572173595428467e-02,5.793215334415435791e-02,1.391430497169494629e-01,6.782902032136917114e-02,2.975965440273284912e-01,1.747824102640151978e-01,3.309462964534759521e-01,1.041512116789817810e-01,2.672754228115081787e-01,7.971458137035369873e-02,1.357093453407287598e-01,6.677224487066268921e-02,6.401658803224563599e-02,2.393535524606704712e-02,-2.952895499765872955e-02,-2.632346749305725098e-02,9.112880378961563110e-02,1.453898400068283081e-01,1.460658852010965347e-02,5.712949670851230621e-03,3.899251297116279602e-02
-1.781190000474452972e-02,-1.492819935083389282e-01,1.000000476837158203e+00,5.775968432426452637e-01,-1.109623536467552185e-02,-7.479903101921081543e-02,5.637383460998535156e-01,2.154538333415985107e-01,-9.485173970460891724e-03,-7.322083413600921631e-02,1.908654347062110901e-02,-3.245929628610610962e-02,-3.535228781402111053e-03,-9.031237661838531494e-02,1.382680376991629601e-03,4.907216131687164307e-02,-6.984032690525054932e-02,-1.558509171009063721e-01,3.266737461090087891e-01,1.585836857557296753e-01,3.512031584978103638e-02,4.214071854948997498e-02,5.769257545471191406e-01,5.672909617424011230e-01,-6.680851429700851440e-02,-9.465520828962326050e-02,-4.353480041027069092e-02,-1.036592945456504822e-01,1.396739482879638672e-02,-1.974961953237652779e-03,6.243084371089935303e-02,6.526969373226165771e-02,9.138273075222969055e-03,4.393572732806205750e-02,-1.793572008609771729e-01,-1.743499785661697388e-01,-1.904897540807723999e-01,-5.131510645151138306e-02,-9.420834481716156006e-02,-2.826278656721115112e-02,-3.961466625332832336e-02,-8.419471234083175659e-02,-2.208417057991027832e-01,-2.018881440162658691e-01,-2.741652131080627441e-01,-2.207894325256347656e-01,-1.616617143154144287e-01,-2.980283498764038086e-01,-1.147159934043884277e-01,-1.911034733057022095e-01,-8.327310532331466675e-02,-2.220904082059860229e-01,-3.820906206965446472e-02,-4.843632504343986511e-02,-2.217933349311351776e-02,-1.706177443265914917e-01,-1.160114258527755737e-01,-1.941781640052795410e-01,3.998024389147758484e-02,-1.184865534305572510e-01,-6.085209548473358154e-02,-4.268524050712585449e-02,-3.722289949655532837e-02,-1.039416864514350891e-01,1.502843853086233139e-02,-1.315884590148925781e-01,-2.203751802444458008e-01,-2.563140094280242920e-01,-1.474600285291671753e-01,-1.193073838949203491e-01,-1.206123977899551392e-01,-1.777052283287048340e-01,-7.582170516252517700e-02,-1.625129282474517822e-01,-2.233392894268035889e-01,-1.317330896854400635e-01,-1.664488315582275391e-01,-1.398154795169830322e-01,-3.143141977488994598e-03,-8.174855262041091919e-02,-5.989031866192817688e-02,-1.248555108904838562e-01,-8.849932253360748291e-02,-1.928243637084960938e-01,-1.288811862468719482e-01,-3.017964363098144531e-01,-1.402082294225692749e-01,-1.922169476747512817e-01,-1.032509580254554749e-01,-1.647258847951889038e-01,-1.852915622293949127e-02,-1.799802780151367188e-01,-1.545670628547668457e-02,-1.602133810520172119e-01,-4.131775721907615662e-02,-3.132665157318115234e-02,-2.778082562144845724e-04,-7.501841336488723755e-02,3.315032925456762314e-03,-7.303134351968765259e-02,5.083946511149406433e-02,-7.927044481039047241e-02,2.552636712789535522e-02,-1.078442707657814026e-01,2.169456146657466888e-02,-2.470148913562297821e-02,3.973259776830673218e-02,-2.871497906744480133e-02,5.190310068428516388e-03,-5.090270563960075378e-02,3.701708279550075531e-03,-2.743625640869140625e-01,-1.866682916879653931e-01,-5.133901163935661316e-02,-5.475446209311485291e-02,-1.522263698279857635e-02
1.593186706304550171e-01,-1.538681983947753906e-01,5.775968432426452637e-01,1.000000238418579102e+00,-2.552441088482737541e-03,2.615940384566783905e-02,4.926614463329315186e-01,5.203679203987121582e-01,2.644824981689453125e-02,5.756179988384246826e-02,-7.663264870643615723e-02,-1.184365078806877136e-01,2.779002301394939423e-02,1.103595793247222900e-01,-1.925806701183319092e-02,1.016863361001014709e-01,-3.151734769344329834e-01,-4.194717407226562500e-01,1.689262241125106812e-01,1.698725223541259766e-01,-1.282635182142257690e-01,-6.696759164333343506e-02,3.358716964721679688e-01,4.814441204071044922e-01,-9.751631319522857666e-02,-6.534668058156967163e-02,-8.288873732089996338e-02,-1.337606608867645264e-01,-6.886210758239030838e-03,-1.071770042181015015e-01,5.300372838973999023e-02,1.183011829853057861e-01,-1.659934669733047485e-01,-8.662911504507064819e-02,-2.214742004871368408e-01,-1.454339623451232910e-01,-2.440349459648132324e-01,-9.663805365562438965e-02,-7.957521080970764160e-02,-7.830664515495300293e-02,-1.505005955696105957e-01,-1.897094398736953735e-01,-2.796593606472015381e-01,-2.253501862287521362e-01,-3.537929058074951172e-01,-3.339952826499938965e-01,-5.699907615780830383e-02,-2.257454991340637207e-01,-2.191514521837234497e-01,-1.817410737276077271e-01,-5.330983921885490417e-02,-2.006535232067108154e-01,1.961737126111984253e-01,7.429159246385097504e-03,-1.364864688366651535e-02,-2.494017928838729858e-01,-1.683807075023651123e-01,-1.446559131145477295e-01,-5.768474563956260681e-02,-1.061859428882598877e-01,-7.693351060152053833e-02,-1.754255220293998718e-02,3.609370812773704529e-02,-3.224943205714225769e-02,-9.626062959432601929e-02,-1.643947660923004150e-01,-2.266222983598709106e-01,-2.415962368249893188e-01,2.105431258678436279e-02,1.309522092342376709e-01,-1.314928233623504639e-01,-1.763136833906173706e-01,-4.253119975328445435e-02,-7.459552586078643799e-02,-1.833684742450714111e-01,-1.624746918678283691e-01,-1.546779721975326538e-01,-1.247051581740379333e-01,-2.421378642320632935e-01,-3.113317191600799561e-01,-2.795929610729217529e-01,-3.515162467956542969e-01,-1.128973141312599182e-01,-3.940985202789306641e-01,-3.516121804714202881e-01,-4.446625709533691406e-01,-1.638199388980865479e-01,-3.140098452568054199e-01,-1.998076289892196655e-01,-3.960059881210327148e-01,-2.690776623785495758e-02,-1.820574253797531128e-01,-6.850957870483398438e-02,-2.841216325759887695e-01,-1.255052536725997925e-01,-1.278459727764129639e-01,-3.677765652537345886e-02,-9.199845790863037109e-02,-1.734315417706966400e-02,-1.897899806499481201e-01,-9.193614125251770020e-03,-2.141736149787902832e-01,4.131727665662765503e-02,-2.177091240882873535e-01,-7.393842563033103943e-03,-1.298691481351852417e-01,6.942673027515411377e-02,-1.931367092765867710e-03,-5.077693611383438110e-02,-1.472088396549224854e-01,-2.891377545893192291e-03,-3.008926808834075928e-01,-2.712849974632263184e-01,-8.508940041065216064e-02,-9.116046875715255737e-02,-8.682236820459365845e-02
9.224409610033035278e-02,-2.379884198307991028e-02,-1.109623536467552185e-02,-2.552441088482737541e-03,1.000000357627868652e+00,5.706384181976318359e-01,-2.997758798301219940e-02,2.437344752252101898e-02,4.090290367603302002e-01,1.066056117415428162e-01,1.051592975854873657e-01,3.349266201257705688e-02,1.666221618652343750e-01,4.179872944951057434e-02,4.737567305564880371e-01,2.769009210169315338e-02,1.954846680164337158e-01,8.488639444112777710e-02,3.345221281051635742e-02,4.823090508580207825e-02,1.998891979455947876e-01,8.821120113134384155e-02,2.111293561756610870e-02,2.902384847402572632e-02,6.033540964126586914e-01,6.624878644943237305e-01,6.750243902206420898e-01,5.317380428314208984e-01,3.560331761837005615e-01,-6.463482044637203217e-03,4.081597328186035156e-01,4.246414899826049805e-01,1.080921217799186707e-01,5.158339813351631165e-02,4.959372058510780334e-02,-7.637026906013488770e-02,2.309937775135040283e-01,-9.174005687236785889e-02,-1.524884998798370361e-01,-1.773877888917922974e-01,9.854689985513687134e-02,-1.352407187223434448e-01,9.052377939224243164e-02,4.144557192921638489e-02,9.483440965414047241e-02,6.781937181949615479e-02,-1.315481215715408325e-02,-6.003427878022193909e-02,1.253201067447662354e-01,-5.249373614788055420e-02,3.847575187683105469e-02,-7.488373667001724243e-02,-8.719049394130706787e-02,-1.012364476919174194e-01,-2.366655468940734863e-01,-1.772800832986831665e-02,1.060725972056388855e-01,4.046259447932243347e-02,1.962211215868592262e-03,-3.915661573410034180e-02,3.310946281999349594e-03,-5.353457108139991760e-02,9.603372216224670410e-02,4.183943197131156921e-02,-4.472383111715316772e-02,-5.678046122193336487e-02,-3.142331540584564209e-02,-3.357865288853645325e-02,1.309373416006565094e-02,1.064529418945312500e-01,5.667630583047866821e-03,-4.091660305857658386e-02,2.227513194084167480e-01,4.519685730338096619e-02,2.143402844667434692e-01,-2.936205826699733734e-02,2.871707975864410400e-01,1.672493964433670044e-01,3.898268565535545349e-02,-1.047217566519975662e-02,1.994857639074325562e-01,6.678104400634765625e-02,2.552151083946228027e-01,4.246958717703819275e-02,1.699563711881637573e-01,7.672633975744247437e-02,1.259285211563110352e-01,-1.117219915613532066e-03,-2.084218710660934448e-01,3.586975485086441040e-02,-2.536317408084869385e-01,4.241222981363534927e-03,-2.054762691259384155e-01,5.096358060836791992e-02,-1.133819222450256348e-01,-6.792893260717391968e-02,-2.580655217170715332e-01,-1.036522164940834045e-01,-3.021563291549682617e-01,-1.412660926580429077e-01,-2.848732769489288330e-01,1.522733271121978760e-01,-3.238456249237060547e-01,-4.066674411296844482e-02,-2.972972393035888672e-01,-2.307843118906021118e-01,-3.359200060367584229e-01,-2.020711451768875122e-01,-1.161396801471710205e-01,-1.422086507081985474e-01,9.765576571226119995e-03,-2.840425074100494385e-02,-1.294977217912673950e-01,-9.255452454090118408e-02,-1.265408992767333984e-01,9.784363210201263428e-02
8.000099658966064453e-02,-2.790989354252815247e-02,-7.479903101921081543e-02,2.615940384566783905e-02,5.706384181976318359e-01,1.000000119209289551e+00,-7.940831035375595093e-02,1.088253706693649292e-01,1.496534198522567749e-01,3.362971842288970947e-01,6.841958314180374146e-02,3.203094750642776489e-02,6.679558008909225464e-02,1.432794630527496338e-01,9.773883223533630371e-02,8.965092897415161133e-02,1.510256677865982056e-01,4.219602793455123901e-02,-3.713493794202804565e-02,-1.780587248504161835e-02,-9.285661578178405762e-02,-1.230668872594833374e-01,9.331384673714637756e-03,2.999793365597724915e-02,5.218961834907531738e-01,5.846527218818664551e-01,5.855073928833007812e-01,6.267935633659362793e-01,1.764008253812789917e-01,1.338365375995635986e-01,2.203980237245559692e-01,2.429024279117584229e-01,-1.646010950207710266e-02,-8.213577419519424438e-02,3.138161450624465942e-02,-2.077515237033367157e-03,2.061824947595596313e-01,9.988524764776229858e-02,2.709997259080410004e-02,-9.961303323507308960e-03,7.718248665332794189e-02,2.462516352534294128e-02,1.673126965761184692e-01,1.364677697420120239e-01,1.197116300463676453e-01,9.612000733613967896e-02,1.669837534427642822e-01,9.121764451265335083e-02,1.222748160362243652e-01,-4.032529518008232117e-02,9.575287252664566040e-02,-4.388737678527832031e-02,4.593231528997421265e-02,9.596360614523291588e-04,2.756677800789475441e-03,3.679207712411880493e-02,1.259672790765762329e-01,3.288678452372550964e-02,1.285389065742492676e-01,-3.023614734411239624e-02,9.818841516971588135e-02,-7.058461755514144897e-02,8.574096858501434326e-02,8.283521234989166260e-02,2.411897107958793640e-02,-8.045712858438491821e-02,5.220696330070495605e-02,-4.049823619425296783e-03,2.178196609020233154e-02,-9.389168582856655121e-03,-2.872348763048648834e-02,2.912552282214164734e-02,2.028140723705291748e-01,1.430161744356155396e-01,1.710743308067321777e-01,2.371075749397277832e-02,1.991592496633529663e-01,1.669258326292037964e-01,-1.912209205329418182e-02,-4.620411992073059082e-02,1.248630136251449585e-01,1.026179119944572449e-01,9.021368622779846191e-02,7.693258672952651978e-02,1.408997774124145508e-01,1.423313766717910767e-01,1.591176688671112061e-01,1.467771530151367188e-01,3.574115037918090820e-02,1.052813827991485596e-01,1.309530902653932571e-02,6.294041872024536133e-02,1.392546389251947403e-02,1.062362864613533020e-01,-7.811141014099121094e-02,-3.611237183213233948e-02,-6.143691763281822205e-02,4.440786316990852356e-02,-4.539047181606292725e-02,5.662308633327484131e-02,-2.645400911569595337e-02,1.431962549686431885e-01,-5.769464373588562012e-02,4.202630370855331421e-02,-7.347916066646575928e-02,-8.886802941560745239e-02,-5.072956904768943787e-02,-2.906233444809913635e-02,-1.161538362503051758e-01,-1.901861876249313354e-01,-9.594248235225677490e-02,8.524642139673233032e-02,-4.962847009301185608e-02,-3.541560843586921692e-02,-1.324998587369918823e-02,1.864337474107742310e-01
3.407508134841918945e-01,4.343475773930549622e-02,5.637383460998535156e-01,4.926614463329315186e-01,-2.997758798301219940e-02,-7.940831035375595093e-02,9.999995827674865723e-01,5.868563055992126465e-01,5.118847638368606567e-02,-8.129081130027770996e-02,1.986256986856460571e-01,3.992017358541488647e-02,3.635937869548797607e-01,1.307689547538757324e-01,8.182305097579956055e-02,3.472242131829261780e-02,-4.587657377123832703e-02,-2.521321773529052734e-01,-9.279082715511322021e-02,-1.807828545570373535e-01,-2.438790351152420044e-02,-5.285906791687011719e-02,1.792097538709640503e-01,3.040481805801391602e-01,-6.756397336721420288e-02,-4.383255168795585632e-02,-6.638682633638381958e-02,-9.060619771480560303e-02,1.962048858404159546e-01,6.807783152908086777e-03,-4.713293537497520447e-02,3.965039923787117004e-02,-1.148461326956748962e-01,-1.434365063905715942e-01,-1.875387579202651978e-01,-1.802429705858230591e-01,-9.825289994478225708e-02,-1.674588322639465332e-01,-1.079995259642601013e-01,-1.322468072175979614e-01,5.200006533414125443e-03,-1.480280309915542603e-01,-1.694967895746231079e-01,-2.295409291982650757e-01,-2.176211625337600708e-01,-2.582862079143524170e-01,-2.097665518522262573e-01,-3.242102265357971191e-01,-1.315687894821166992e-01,-1.303568631410598755e-01,-3.028233163058757782e-02,-8.421978354454040527e-02,-3.108312934637069702e-02,-6.888749450445175171e-02,-1.208799108862876892e-01,-2.475063353776931763e-01,1.137010455131530762e-01,-1.100924909114837646e-01,-2.110314965248107910e-01,-2.581391334533691406e-01,-9.253097325563430786e-02,-9.287485480308532715e-02,-6.164046376943588257e-02,-1.536006778478622437e-01,-1.464897245168685913e-01,-1.864770054817199707e-01,-2.227058857679367065e-01,-2.364236414432525635e-01,-8.395999670028686523e-02,-7.792897522449493408e-02,-4.819600284099578857e-02,-1.576090455055236816e-01,-4.503196477890014648e-02,-3.064694814383983612e-02,-1.082337796688079834e-01,-4.120443761348724365e-02,-2.910918369889259338e-02,-8.905521780252456665e-02,-7.676146179437637329e-02,-2.476331293582916260e-01,-1.488136500120162964e-01,-2.597495317459106445e-01,6.100611388683319092e-02,-1.115488409996032715e-01,-1.275569498538970947e-01,-2.561533451080322266e-01,-6.331343203783035278e-02,-2.177546620368957520e-01,-1.319298893213272095e-01,-1.562464386224746704e-01,-8.670840412378311157e-02,-1.020189300179481506e-01,-9.650957584381103516e-02,-7.771182060241699219e-02,-6.208873912692070007e-02,-1.364566385746002197e-01,-9.945762902498245239e-02,-1.997188478708267212e-01,-1.119301319122314453e-01,-2.329152822494506836e-01,-5.785151571035385132e-02,-8.133074641227722168e-02,-7.940196245908737183e-02,-1.892599314451217651e-01,-1.012610718607902527e-01,-1.638665795326232910e-01,-8.467774838209152222e-02,-1.814589649438858032e-01,-3.487665578722953796e-02,-8.402352221310138702e-03,-2.628706768155097961e-02,-3.465955555438995361e-01,-2.045793980360031128e-01,-1.518804579973220825e-01,-1.717351227998733521e-01,-3.514360636472702026e-02
4.686003029346466064e-01,1.955873370170593262e-01,2.154538333415985107e-01,5.203679203987121582e-01,2.437344752252101898e-02,1.088253706693649292e-01,5.868563055992126465e-01,9.999997019767761230e-01,-5.866722669452428818e-03,1.698659658432006836e-01,2.056770771741867065e-01,1.690141260623931885e-01,3.604092895984649658e-01,4.588101506233215332e-01,-1.079339254647493362e-02,7.929573208093643188e-02,-1.275584250688552856e-01,-2.634073197841644287e-01,-2.521430253982543945e-01,-2.133391797542572021e-01,-1.179959774017333984e-01,-6.227575615048408508e-02,-1.050981208682060242e-01,7.774131000041961670e-02,-5.578422546386718750e-02,2.040214091539382935e-02,2.957586199045181274e-03,-2.564888680353760719e-03,8.040349930524826050e-02,9.750374406576156616e-02,-2.201137319207191467e-02,7.856015115976333618e-02,-2.110477685928344727e-01,-2.616633474826812744e-01,-1.591524332761764526e-01,-1.019828468561172485e-01,-5.910056084394454956e-02,-2.489017508924007416e-02,3.954479470849037170e-02,-4.412172734737396240e-02,-4.236872494220733643e-02,-9.867142885923385620e-02,-3.157493844628334045e-02,-9.331830590963363647e-02,-1.170138716697692871e-01,-1.854381412267684937e-01,3.784722089767456055e-02,-9.075124561786651611e-02,-8.122177422046661377e-02,-5.628219246864318848e-02,1.062564402818679810e-01,6.515521556138992310e-02,2.023398131132125854e-01,7.983853667974472046e-02,4.572507739067077637e-02,-1.095411702990531921e-01,1.328305304050445557e-01,2.093496732413768768e-02,-2.063940614461898804e-01,-2.429699152708053589e-01,-1.917623355984687805e-02,-1.009629219770431519e-01,-2.854407206177711487e-02,-8.904940634965896606e-02,-1.084362715482711792e-01,-2.168569713830947876e-01,-2.000136971473693848e-01,-1.934551596641540527e-01,8.367533236742019653e-02,1.502805501222610474e-01,-1.341666579246520996e-01,-1.286702901124954224e-01,1.991495862603187561e-02,1.525205224752426147e-01,2.865639142692089081e-02,2.148626931011676788e-02,3.692582994699478149e-02,1.123346015810966492e-02,-2.325886785984039307e-01,-3.375489413738250732e-01,-2.635005414485931396e-01,-2.738938927650451660e-01,9.583544917404651642e-03,-1.088963672518730164e-01,-1.994158625602722168e-01,-1.318921744823455811e-01,5.427172407507896423e-02,-6.571379303932189941e-02,1.366539485752582550e-02,-1.103460714221000671e-01,4.598258435726165771e-02,2.205731533467769623e-02,4.416680429130792618e-03,-6.625191867351531982e-02,1.044082920998334885e-02,-2.992832288146018982e-02,1.739187911152839661e-02,-3.381618857383728027e-02,6.927200127393007278e-03,-9.101258963346481323e-02,3.859319537878036499e-02,-9.782332181930541992e-02,5.950319394469261169e-02,-1.323531121015548706e-01,9.375441819429397583e-03,-9.067557007074356079e-02,6.338747590780258179e-02,-5.475740879774093628e-03,6.780978292226791382e-03,-4.353576526045799255e-02,-2.441653609275817871e-02,-1.709529608488082886e-01,-1.329372972249984741e-01,-8.318477123975753784e-02,-8.222350478172302246e-02,-3.411690518260002136e-02
9.564101696014404297e-02,-5.901690199971199036e-02,-9.485173970460891724e-03,2.644824981689453125e-02,4.090290367603302002e-01,1.496534198522567749e-01,5.118847638368606567e-02,-5.866722669452428818e-03,1.000000000000000000e+00,2.851313054561614990e-01,1.528390198945999146e-01,3.270693123340606689e-02,3.212488293647766113e-01,7.305612415075302124e-02,6.145697832107543945e-01,2.905248105525970459e-01,2.125826179981231689e-01,3.323617950081825256e-02,7.233181595802307129e-02,4.335076734423637390e-02,2.009002119302749634e-01,-5.282253026962280273e-02,7.262083142995834351e-02,-4.846137017011642456e-02,5.111501216888427734e-01,4.719878137111663818e-01,3.362978696823120117e-01,9.166862070560455322e-02,4.470841884613037109e-01,-7.413157075643539429e-02,3.726628422737121582e-01,3.260360658168792725e-01,1.958597153425216675e-01,1.227751150727272034e-01,1.559133529663085938e-01,7.280323654413223267e-02,1.984692960977554321e-01,-2.122935205698013306e-01,-2.009304910898208618e-01,-2.565471529960632324e-01,1.516940444707870483e-01,-1.570487171411514282e-01,9.223133325576782227e-02,2.774834260344505310e-02,7.241665571928024292e-02,7.774001359939575195e-02,-1.287009753286838531e-02,-1.477236896753311157e-01,1.686459779739379883e-01,4.100427776575088501e-02,1.333594322204589844e-01,4.239251464605331421e-02,4.647892341017723083e-02,-7.895165681838989258e-02,-3.572165071964263916e-01,-2.279029339551925659e-01,1.267220675945281982e-01,8.925344794988632202e-02,7.071134448051452637e-02,1.392716020345687866e-01,4.303798824548721313e-02,1.114701181650161743e-01,3.247279524803161621e-01,1.863853633403778076e-01,-1.320408377796411514e-02,1.088363006711006165e-01,8.637269586324691772e-02,4.602466896176338196e-02,7.120510935783386230e-02,1.427323371171951294e-01,2.667520046234130859e-01,1.969059258699417114e-01,2.679492533206939697e-01,-2.982039004564285278e-02,1.779597848653793335e-01,-5.684059113264083862e-02,1.100457087159156799e-01,-8.197440952062606812e-02,4.034949466586112976e-02,-1.404264941811561584e-02,2.739042043685913086e-01,-4.497094079852104187e-02,2.686227858066558838e-01,-2.459460310637950897e-02,2.027123719453811646e-01,-7.324232906103134155e-02,4.950122907757759094e-02,-1.451187580823898315e-01,-3.285823166370391846e-01,-1.325577944517135620e-01,-3.421999216079711914e-01,-9.698951989412307739e-02,-2.837120592594146729e-01,-2.459150180220603943e-02,-2.650769650936126709e-01,-3.277819454669952393e-01,-3.983233273029327393e-01,-3.527700901031494141e-01,-4.191465973854064941e-01,-3.424504399299621582e-01,-4.238866269588470459e-01,-3.030517837032675743e-03,-4.502632617950439453e-01,-1.600647717714309692e-01,-4.091570377349853516e-01,-3.543175458908081055e-01,-4.417717158794403076e-01,-3.354502618312835693e-01,-2.255913913249969482e-01,-1.382179111242294312e-01,-6.931453943252563477e-02,-1.874976456165313721e-01,-1.249893009662628174e-01,-9.962772578001022339e-02,-2.835487723350524902e-01,-1.521166265010833740e-01
2.089856937527656555e-02,-9.060836583375930786e-02,-7.322083413600921631e-02,5.756179988384246826e-02,1.066056117415428162e-01,3.362971842288970947e-01,-8.129081130027770996e-02,1.698659658432006836e-01,2.851313054561614990e-01,9.999999403953552246e-01,5.635960400104522705e-02,3.301360085606575012e-02,1.023032739758491516e-01,2.174668014049530029e-01,1.086816936731338501e-01,5.597802400588989258e-01,7.565347105264663696e-02,5.110745783895254135e-03,7.458253949880599976e-02,9.421552717685699463e-02,-5.265102908015251160e-02,-7.725209742784500122e-02,4.028751328587532043e-02,-9.712617844343185425e-02,1.723744273185729980e-01,2.151097655296325684e-01,1.333879381418228149e-01,2.097750902175903320e-01,1.161456387490034103e-02,1.845976412296295166e-01,2.054094076156616211e-01,1.997983455657958984e-01,1.267509069293737411e-02,-5.057265982031822205e-02,1.481133401393890381e-01,1.432869881391525269e-01,1.193744465708732605e-01,2.917108535766601562e-01,2.147709876298904419e-01,2.211303859949111938e-01,2.932506613433361053e-02,1.524656713008880615e-01,2.185414433479309082e-01,2.447342574596405029e-01,3.454861417412757874e-02,1.293160915374755859e-01,3.501307964324951172e-01,2.199229300022125244e-01,1.316670179367065430e-01,1.124948710203170776e-01,2.454963624477386475e-01,1.312791854143142700e-01,2.396448701620101929e-01,8.588144928216934204e-02,2.390614449977874756e-01,1.047752052545547485e-01,-3.233118215575814247e-03,-6.495461612939834595e-02,2.465054690837860107e-01,1.468295902013778687e-01,9.971985220909118652e-02,4.270425532013177872e-03,8.459132164716720581e-02,2.178352884948253632e-02,8.212057501077651978e-02,1.544681028462946415e-03,1.269868165254592896e-01,9.880071133375167847e-02,1.154503598809242249e-01,1.275106966495513916e-01,1.111216768622398376e-01,2.531570494174957275e-01,1.715565621852874756e-01,1.510978937149047852e-01,1.530747264623641968e-01,8.894910663366317749e-02,4.962477833032608032e-02,8.764559775590896606e-02,-9.294529259204864502e-02,-1.898823492228984833e-02,-2.554584993049502373e-03,4.899318888783454895e-02,-4.097973927855491638e-02,-5.599988251924514771e-02,5.233170930296182632e-03,-3.339215647429227829e-03,6.741432100534439087e-02,1.329169049859046936e-02,1.860877275466918945e-01,-2.260297350585460663e-02,2.223842740058898926e-01,9.268189966678619385e-02,1.991215497255325317e-01,4.488320555537939072e-03,1.159012913703918457e-01,1.101169958710670471e-01,1.935996115207672119e-01,1.714847534894943237e-01,1.939155310392379761e-01,1.214238032698631287e-01,1.720903962850570679e-01,-8.036951720714569092e-02,1.798629015684127808e-01,2.512573823332786560e-02,1.753342896699905396e-01,1.149780154228210449e-01,2.269447445869445801e-01,1.899987161159515381e-01,1.035293564200401306e-01,4.830297082662582397e-02,5.548727139830589294e-02,1.682166308164596558e-01,1.407057940959930420e-01,1.968289315700531006e-01,1.581527292728424072e-01,2.283522335346788168e-04
5.295186042785644531e-01,1.270586550235748291e-01,1.908654347062110901e-02,-7.663264870643615723e-02,1.051592975854873657e-01,6.841958314180374146e-02,1.986256986856460571e-01,2.056770771741867065e-01,1.528390198945999146e-01,5.635960400104522705e-02,1.000000476837158203e+00,7.181822657585144043e-01,6.998351216316223145e-01,4.739925265312194824e-01,1.760160475969314575e-01,8.723147213459014893e-02,5.580031275749206543e-01,3.600460290908813477e-01,7.637327164411544800e-02,9.227298200130462646e-02,9.805080294609069824e-02,-7.495523244142532349e-02,-1.004797443747520447e-01,-1.273630410432815552e-01,1.858978271484375000e-01,1.940635442733764648e-01,1.584113836288452148e-01,8.011247217655181885e-02,4.417634904384613037e-01,3.795660436153411865e-01,1.525229811668395996e-01,1.725676208734512329e-01,2.717548012733459473e-01,9.467550367116928101e-02,5.196186155080795288e-02,1.362664159387350082e-02,2.266173809766769409e-01,-3.742058202624320984e-02,1.886085420846939087e-02,-6.374032795429229736e-02,2.940918803215026855e-01,2.660022303462028503e-02,2.063213437795639038e-01,1.823448836803436279e-01,1.525169909000396729e-01,7.150305062532424927e-02,1.964744925498962402e-01,-7.234007865190505981e-02,3.572744429111480713e-01,-4.268138483166694641e-02,2.434341013431549072e-01,7.711905241012573242e-02,5.428883805871009827e-02,-1.078790873289108276e-01,-3.691885992884635925e-02,3.008922934532165527e-02,1.975419670343399048e-01,-1.039577126502990723e-01,-1.157720480114221573e-02,-1.651488989591598511e-01,4.816528782248497009e-02,-1.618387699127197266e-01,1.905810981988906860e-01,-8.618779480457305908e-03,-4.515148699283599854e-02,-1.755636185407638550e-01,6.289674341678619385e-02,-1.949363760650157928e-02,2.171067595481872559e-01,7.965312153100967407e-02,3.100732862949371338e-01,2.687729597091674805e-01,2.783899307250976562e-01,1.097546443343162537e-01,2.624782025814056396e-01,1.667394638061523438e-01,1.396470516920089722e-01,3.220915794372558594e-02,-2.925424836575984955e-03,-9.379639476537704468e-02,1.860796064138412476e-01,1.025557890534400940e-01,1.603805273771286011e-01,8.922908455133438110e-02,2.793870270252227783e-01,1.473121494054794312e-01,3.829805254936218262e-01,1.911124438047409058e-01,9.010149538516998291e-02,2.100526243448257446e-01,-1.353986710309982300e-01,-1.366768032312393188e-01,-8.613665401935577393e-02,-9.249703586101531982e-02,1.266590692102909088e-02,-6.665980070829391479e-02,-9.872216731309890747e-02,-1.042028963565826416e-01,-9.879998862743377686e-02,-9.945920668542385101e-03,-1.457703709602355957e-01,-3.270749375224113464e-02,-1.813393384218215942e-01,-2.040236443281173706e-01,-1.517448127269744873e-01,-1.184099987149238586e-01,-1.981740295886993408e-01,-2.131663262844085693e-01,2.732603251934051514e-02,6.514058262109756470e-02,-4.177260771393775940e-02,-1.376382727175951004e-02,1.380631476640701294e-01,-1.465440541505813599e-02,-9.256660193204879761e-02,-2.541429176926612854e-02
3.916838169097900391e-01,3.531412184238433838e-01,-3.245929628610610962e-02,-1.184365078806877136e-01,3.349266201257705688e-02,3.203094750642776489e-02,3.992017358541488647e-02,1.690141260623931885e-01,3.270693123340606689e-02,3.301360085606575012e-02,7.181822657585144043e-01,1.000000357627868652e+00,5.441814661026000977e-01,6.071444749832153320e-01,3.666685894131660461e-02,4.539171978831291199e-02,3.950158059597015381e-01,4.947209358215332031e-01,1.273111253976821899e-01,1.735285818576812744e-01,7.711909711360931396e-02,-4.650165885686874390e-02,-1.391633898019790649e-01,-2.160765379667282104e-01,6.666744500398635864e-02,1.241773664951324463e-01,4.675545170903205872e-02,1.985885947942733765e-02,1.966188549995422363e-01,4.370791912078857422e-01,1.099881529808044434e-01,1.181083023548126221e-01,2.492034137248992920e-01,1.587410420179367065e-01,-1.164173707365989685e-02,1.072796992957592010e-03,9.646805375814437866e-02,7.301521021872758865e-03,7.084755599498748779e-02,1.119461725465953350e-03,1.349805891513824463e-01,3.122220374643802643e-02,1.947361975908279419e-01,2.518734037876129150e-01,1.336776167154312134e-01,1.848365813493728638e-01,2.072975635528564453e-01,9.938248246908187866e-02,2.777273356914520264e-01,9.972883760929107666e-02,1.822208613157272339e-01,2.489771246910095215e-01,2.739515155553817749e-02,-1.580619066953659058e-02,6.836836785078048706e-02,1.334440261125564575e-01,1.013080701231956482e-01,9.226448088884353638e-02,-6.932999193668365479e-02,-2.523433268070220947e-01,-2.690731175243854523e-02,-2.221390157938003540e-01,3.277310356497764587e-02,-5.359120768844150007e-05,-8.229641616344451904e-02,-2.142088413238525391e-01,-3.420062735676765442e-02,-7.726663351058959961e-02,2.495081722736358643e-01,1.761147677898406982e-01,1.573168337345123291e-01,1.537802666425704956e-01,1.128665879368782043e-01,8.336528390645980835e-02,1.434193253517150879e-01,1.230989545583724976e-01,2.360842935740947723e-02,1.561096170917153358e-03,-4.553872346878051758e-02,-1.291812658309936523e-01,4.385455697774887085e-02,1.396023780107498169e-01,2.176045812666416168e-02,2.282599210739135742e-01,1.145864427089691162e-01,2.688470482826232910e-01,3.389555513858795166e-01,3.766599297523498535e-01,1.095318645238876343e-01,3.214896917343139648e-01,-3.699401766061782837e-02,-2.627601847052574158e-02,-3.343382850289344788e-04,1.997672952711582184e-02,4.321202635765075684e-02,3.930974751710891724e-02,1.354550756514072418e-02,6.327217072248458862e-02,-4.297904670238494873e-03,2.042794525623321533e-01,-3.542614728212356567e-02,6.390333920717239380e-02,-6.343003362417221069e-02,-7.454916089773178101e-02,-5.417953804135322571e-02,-3.755186125636100769e-02,-6.445299088954925537e-02,-8.673809468746185303e-02,9.288518130779266357e-02,8.474618196487426758e-02,-7.021374534815549850e-03,6.442854553461074829e-02,1.621925234794616699e-01,1.726032793521881104e-02,-4.538873955607414246e-02,-1.739650033414363861e-02
5.046804547309875488e-01,6.916088610887527466e-02,-3.535228781402111053e-03,2.779002301394939423e-02,1.666221618652343750e-01,6.679558008909225464e-02,3.635937869548797607e-01,3.604092895984649658e-01,3.212488293647766113e-01,1.023032739758491516e-01,6.998351216316223145e-01,5.441814661026000977e-01,9.999998211860656738e-01,5.740031003952026367e-01,3.352606296539306641e-01,1.285092830657958984e-01,3.630758225917816162e-01,1.463354527950286865e-01,-4.405854642391204834e-02,-8.657381683588027954e-02,6.391438096761703491e-02,-1.520349383354187012e-01,-1.287191659212112427e-01,-2.072665989398956299e-01,2.304430902004241943e-01,2.385348826646804810e-01,1.525786221027374268e-01,2.823380194604396820e-02,5.162792801856994629e-01,2.378985434770584106e-01,1.952346712350845337e-01,2.469922751188278198e-01,7.154129445552825928e-02,-9.730152040719985962e-02,-2.249446138739585876e-02,-5.417039990425109863e-02,1.832904070615768433e-01,-1.922673135995864868e-01,-1.252926439046859741e-01,-2.319151014089584351e-01,2.127526551485061646e-01,-1.175249740481376648e-01,1.274834722280502319e-01,9.446415305137634277e-02,1.146954894065856934e-01,3.277826309204101562e-02,4.086687043309211731e-02,-1.244425848126411438e-01,2.246674448251724243e-01,-5.031703971326351166e-03,1.800831407308578491e-01,1.030303984880447388e-01,5.828759819269180298e-02,-6.157485023140907288e-02,-2.129818648099899292e-01,-9.990452229976654053e-02,2.330478727817535400e-01,-1.668975502252578735e-02,3.313982114195823669e-02,-8.799050748348236084e-02,1.597287654876708984e-01,1.421938091516494751e-02,2.534252703189849854e-01,7.957039028406143188e-02,-4.644669592380523682e-02,-6.002077460289001465e-02,-5.968370940536260605e-03,-6.759963184595108032e-02,4.739571735262870789e-02,1.681018993258476257e-02,2.677376270294189453e-01,1.747715175151824951e-01,1.914562284946441650e-01,2.604049257934093475e-02,2.180654257535934448e-01,8.562228083610534668e-02,1.637962311506271362e-01,-2.352680824697017670e-02,-7.149719446897506714e-02,-2.008770108222961426e-01,1.203995048999786377e-01,-6.679394096136093140e-02,2.576878070831298828e-01,2.346811816096305847e-02,1.770152896642684937e-01,7.416100800037384033e-02,2.781497836112976074e-01,4.040991142392158508e-02,-1.084533184766769409e-01,1.036188155412673950e-01,-2.880671322345733643e-01,-1.080526784062385559e-01,-2.798301875591278076e-01,-9.466303139925003052e-02,-4.443462193012237549e-02,-2.002631276845932007e-01,-2.463963627815246582e-01,-2.242722958326339722e-01,-3.050746321678161621e-01,-1.970201432704925537e-01,-3.469688892364501953e-01,-6.745104491710662842e-02,-3.570182323455810547e-01,-2.896707355976104736e-01,-3.435353934764862061e-01,-3.310138881206512451e-01,-3.586623072624206543e-01,-3.605764508247375488e-01,-6.317443400621414185e-02,8.484501391649246216e-02,-2.610609307885169983e-02,-1.793465912342071533e-01,-3.152764961123466492e-02,-1.804851591587066650e-01,-2.693336308002471924e-01,-9.648985415697097778e-02
