1.000000119209289551e+00,5.566257238388061523e-01,5.165669322013854980e-01,3.985735177993774414e-01,5.108110606670379639e-02,-5.363709060475230217e-04,4.788990616798400879e-01,2.869096100330352783e-01,1.378021482378244400e-02,-2.858153544366359711e-02,4.290936291217803955e-01,3.450430333614349365e-01,4.367064535617828369e-01,1.418519914150238037e-01,1.522266268730163574e-01,1.855645212344825268e-03,3.325939178466796875e-01,3.546860814094543457e-01,6.430113315582275391e-01,5.283705592155456543e-01,1.154826730489730835e-01,1.262841969728469849e-01,3.259964287281036377e-01,2.445204108953475952e-01,6.712872534990310669e-02,7.018613163381814957e-03,1.047456264495849609e-01,7.596670836210250854e-02,2.831830978393554688e-01,2.999001145362854004e-01,1.264322996139526367e-01,5.892724171280860901e-02,2.991058230400085449e-01,2.560286223888397217e-01,-5.532263778150081635e-03,-5.477979406714439392e-02,9.648890793323516846e-02,9.400761127471923828e-02,4.817402735352516174e-02,1.125936731696128845e-01,-1.437529455870389938e-02,3.955584764480590820e-02,-9.427694976329803467e-02,-1.335430443286895752e-01,-7.349445670843124390e-02,-1.003501340746879578e-01,-2.516359463334083557e-02,-1.919049769639968872e-02,-1.822166293859481812e-01,-2.077795565128326416e-02,-1.075463294982910156e-01,-1.807896196842193604e-01,-1.518348604440689087e-01,-1.452665925025939941e-01,-9.627521038055419922e-03,2.795204753056168556e-03,6.779596209526062012e-01,5.622006058692932129e-01,4.511624574661254883e-01,3.923882842063903809e-01,4.847469925880432129e-01,3.214174807071685791e-01,2.162375748157501221e-01,2.888790071010589600e-01,2.752501666545867920e-01,1.832447350025177002e-01,2.315304726362228394e-01,8.742916584014892578e-02,5.547484755516052246e-01,4.698286950588226318e-01,2.128984183073043823e-01,1.807809621095657349e-01,2.258402556180953979e-01,2.767102420330047607e-01,2.693512737751007080e-01,2.318048924207687378e-01,2.687302827835083008e-01,2.671742737293243408e-01,2.902503907680511475e-01,3.197674453258514404e-01,3.858631253242492676e-01,3.672934174537658691e-01,2.449749410152435303e-01,3.246291875839233398e-01,2.808164358139038086e-01,2.031530141830444336e-01,2.290638238191604614e-01,9.145003557205200195e-02,1.680479347705841064e-01,1.332131475210189819e-01,-1.469520479440689087e-02,1.491911262273788452e-01,7.821232080459594727e-02,3.534264862537384033e-01,2.012778073549270630e-02,5.359175428748130798e-02,9.408922493457794189e-02,1.023007333278656006e-01,-4.746607691049575806e-02,-4.227590188384056091e-02,4.155439138412475586e-02,2.886566221714019775e-01,5.433637648820877075e-02,1.520480364561080933e-01,1.043880060315132141e-01,8.846114575862884521e-02,-7.732550799846649170e-02,-4.421721398830413818e-02,-3.262275829911231995e-02,2.306128293275833130e-02,6.983616203069686890e-02,-4.929326474666595459e-03,4.102934617549180984e-03,3.860463201999664307e-02,1.964573748409748077e-02,-4.941336438059806824e-02
5.566257238388061523e-01,9.999999403953552246e-01,2.788677215576171875e-01,3.948320448398590088e-01,-4.062948282808065414e-03,-1.654294319450855255e-02,2.091112732887268066e-01,4.432704150676727295e-01,-5.859670415520668030e-02,3.032771497964859009e-02,7.784666866064071655e-02,5.017282366752624512e-01,8.698192983865737915e-02,3.212349414825439453e-01,3.320476040244102478e-02,9.989718347787857056e-02,3.908516168594360352e-01,6.241215467453002930e-01,5.734969973564147949e-01,6.632919311523437500e-01,8.090650290250778198e-02,1.418212652206420898e-01,1.762163937091827393e-01,1.893505156040191650e-01,-2.341261319816112518e-02,-4.550943896174430847e-02,3.620002418756484985e-02,9.109224192798137665e-03,3.299951553344726562e-01,5.532028675079345703e-01,1.122812405228614807e-01,1.290194839239120483e-01,3.617685437202453613e-01,4.129960238933563232e-01,-9.180409461259841919e-02,-3.431666269898414612e-02,-4.928898066282272339e-02,1.077613383531570435e-01,4.022081941366195679e-02,1.490110605955123901e-01,-3.546103835105895996e-02,5.024940893054008484e-02,-1.645771265029907227e-01,-1.287339627742767334e-01,8.912047371268272400e-03,1.365431547164916992e-01,3.377989307045936584e-02,-1.198222674429416656e-02,-1.546901464462280273e-01,1.094764620065689087e-01,-8.674573153257369995e-02,6.441885977983474731e-02,2.531651873141527176e-03,5.166501551866531372e-02,4.322052001953125000e-02,2.323897480964660645e-01,6.466377377510070801e-01,7.824768424034118652e-01,3.849564492702484131e-01,4.721967577934265137e-01,2.499288916587829590e-01,4.572448432445526123e-01,3.317536711692810059e-01,6.277335882186889648e-01,-2.357565984129905701e-02,6.712650507688522339e-02,1.413092166185379028e-01,1.827409416437149048e-01,6.978707909584045410e-01,6.165553331375122070e-01,1.463580578565597534e-01,1.030252575874328613e-01,2.422654628753662109e-01,3.422684967517852783e-01,2.921609282493591309e-01,3.024203777313232422e-01,2.841962873935699463e-01,3.924010694026947021e-01,3.485934138298034668e-01,4.932039678096771240e-01,4.244527816772460938e-01,6.092910170555114746e-01,1.381093114614486694e-01,4.763819575309753418e-01,6.706339865922927856e-02,4.283694326877593994e-01,2.200822830200195312e-01,1.010736376047134399e-01,2.737068571150302887e-02,3.928427696228027344e-01,5.920806154608726501e-02,2.534628808498382568e-01,-1.041596196591854095e-02,2.555481791496276855e-01,-3.966695815324783325e-02,3.109065443277359009e-02,1.199725270271301270e-01,1.807498633861541748e-01,-2.556028775870800018e-02,-4.429581016302108765e-02,1.310362368822097778e-01,3.584310114383697510e-01,1.479873657226562500e-01,2.761016190052032471e-01,1.620201617479324341e-01,1.432951837778091431e-01,-1.551250815391540527e-01,-6.040734797716140747e-02,-3.704699501395225525e-02,7.383706048130989075e-03,1.054779216647148132e-01,-1.669098585844039917e-01,-3.830329515039920807e-03,1.448841094970703125e-01,-3.647787123918533325e-02,-5.545037612318992615e-02
5.165669322013854980e-01,2.788677215576171875e-01,9.999999403953552246e-01,7.038193941116333008e-01,1.539332233369350433e-02,8.703488856554031372e-02,6.939338445663452148e-01,4.799344539642333984e-01,-6.159750744700431824e-02,7.683577388525009155e-02,2.570711672306060791e-01,4.151612222194671631e-01,3.716340959072113037e-01,2.168613076210021973e-01,9.873672574758529663e-02,1.679378002882003784e-01,1.343394368886947632e-01,1.260308772325515747e-01,5.231099724769592285e-01,3.852352797985076904e-01,2.265040129423141479e-01,1.591220796108245850e-01,7.794857621192932129e-01,6.893544197082519531e-01,3.047643899917602539e-01,1.987479031085968018e-01,-2.953559346497058868e-02,-1.261842250823974609e-02,1.750527173280715942e-01,1.473940312862396240e-01,4.230509698390960693e-01,3.424719274044036865e-01,3.270091712474822998e-01,2.566295564174652100e-01,3.207654356956481934e-01,1.453958749771118164e-01,-2.517079375684261322e-02,2.552477642893791199e-02,5.120175704360008240e-02,4.867817088961601257e-02,-4.995806887745857239e-02,-1.956051960587501526e-02,-8.907079696655273438e-02,-9.552993625402450562e-02,1.199719682335853577e-01,-6.723430007696151733e-02,-1.325797103345394135e-02,-4.373064264655113220e-02,-8.752007037401199341e-02,1.537965610623359680e-03,-1.006363704800605774e-01,-1.426160484552383423e-01,-8.031269907951354980e-02,-2.122121863067150116e-02,-2.415821701288223267e-02,-1.505541149526834488e-04,2.488420605659484863e-01,1.932455748319625854e-01,1.439932733774185181e-01,1.370425820350646973e-01,1.913988441228866577e-01,8.101214468479156494e-02,-2.158511616289615631e-02,2.272598817944526672e-02,4.434875547885894775e-01,3.683730959892272949e-01,1.863786429166793823e-01,4.509202670305967331e-03,2.672240436077117920e-01,2.302683442831039429e-01,2.377391159534454346e-01,1.611000448465347290e-01,7.513459026813507080e-02,2.910090424120426178e-02,8.500748872756958008e-02,-2.347801113501191139e-03,1.100701317191123962e-01,4.362740740180015564e-02,1.474995464086532593e-01,4.868150129914283752e-02,2.137211412191390991e-01,2.054314017295837402e-01,2.611900866031646729e-01,3.134164512157440186e-01,3.919509947299957275e-01,1.900972276926040649e-01,2.386266738176345825e-01,3.569408655166625977e-01,3.213608264923095703e-02,2.383447624742984772e-02,-5.356373731046915054e-03,1.237306520342826843e-01,1.699920296669006348e-01,3.201467096805572510e-01,-6.631925702095031738e-02,-1.548686809837818146e-02,2.170383371412754059e-02,6.345446687191724777e-03,-1.141697168350219727e-01,-1.274014115333557129e-01,-5.747661739587783813e-02,1.439221203327178955e-01,-6.789186596870422363e-02,-1.954238675534725189e-02,1.622654944658279419e-01,4.831581935286521912e-02,-2.145034819841384888e-01,-1.586987376213073730e-01,-1.610261052846908569e-01,-1.593386754393577576e-02,8.049935847520828247e-02,-3.844470903277397156e-02,-1.546566374599933624e-02,-1.147550046443939209e-01,-7.398262619972229004e-02,9.618346579372882843e-03
3.985735177993774414e-01,3.948320448398590088e-01,7.038193941116333008e-01,9.999997615814208984e-01,1.565154269337654114e-02,2.619754374027252197e-01,5.545909404754638672e-01,7.507563829421997070e-01,-6.207272037863731384e-02,3.006978034973144531e-01,-5.849823937751352787e-04,5.948345065116882324e-01,2.603837549686431885e-01,5.162985920906066895e-01,1.235425472259521484e-02,3.743114173412322998e-01,5.474543571472167969e-02,1.262262612581253052e-01,3.775465190410614014e-01,3.937469422817230225e-01,2.880438268184661865e-01,2.399272769689559937e-01,6.239060759544372559e-01,7.452876567840576172e-01,3.175262212753295898e-01,3.337559700012207031e-01,-1.905332319438457489e-02,4.626709595322608948e-02,1.361868977546691895e-01,9.371482580900192261e-02,3.909109234809875488e-01,4.489482343196868896e-01,2.589945495128631592e-01,2.996969521045684814e-01,1.792224794626235962e-01,1.092764884233474731e-01,-1.178547814488410950e-01,-8.870967477560043335e-02,5.822328850626945496e-02,-1.595523394644260406e-02,-8.446810394525527954e-02,-1.033990234136581421e-01,-2.229246497154235840e-01,-1.698032617568969727e-01,2.342859655618667603e-02,-6.008788198232650757e-02,-1.311304718255996704e-01,-1.585300713777542114e-01,-9.169903397560119629e-02,2.108295634388923645e-02,-7.600144296884536743e-02,-4.408606514334678650e-02,-1.591873466968536377e-01,-1.030902639031410217e-01,-5.194289982318878174e-02,-4.284079372882843018e-02,2.270678877830505371e-01,2.925346493721008301e-01,2.166870534420013428e-01,3.752389550209045410e-01,1.898276209831237793e-01,3.476478159427642822e-01,-8.888988196849822998e-02,1.519773751497268677e-01,2.495024800300598145e-01,5.335146784782409668e-01,1.874930560588836670e-01,1.492194384336471558e-01,2.510175704956054688e-01,2.527776658535003662e-01,1.639219820499420166e-01,1.349437683820724487e-01,3.829074278473854065e-02,-7.124660909175872803e-02,2.873917669057846069e-02,-9.703688323497772217e-02,3.547485172748565674e-02,-5.056296661496162415e-02,1.518375724554061890e-01,-1.221359270857647061e-04,1.590734273195266724e-01,2.580891251564025879e-01,9.443344175815582275e-02,3.487410247325897217e-01,1.460281014442443848e-01,2.534170150756835938e-01,1.995154321193695068e-01,4.197722375392913818e-01,-5.800748616456985474e-02,6.114048510789871216e-02,-2.092366665601730347e-02,4.459557309746742249e-02,1.145822331309318542e-01,1.335593760013580322e-01,-1.245576962828636169e-01,-4.235071688890457153e-02,-3.491482138633728027e-02,-5.375991761684417725e-02,-1.717209815979003906e-01,-2.540339231491088867e-01,3.503477200865745544e-02,1.145691350102424622e-01,-2.945931442081928253e-02,-1.150627806782722473e-02,5.584861710667610168e-02,-1.090251803398132324e-01,-2.135040909051895142e-01,-1.873151659965515137e-01,-1.167010292410850525e-01,-5.900914594531059265e-02,-1.659097522497177124e-02,-1.588397622108459473e-01,-1.011762842535972595e-01,-1.528537869453430176e-01,-2.141078114509582520e-01,-6.879401952028274536e-02
5.108110606670379639e-02,-4.062948282808065414e-03,1.539332233369350433e-02,1.565154269337654114e-02,1.000000357627868652e+00,6.860961914062500000e-01,-3.324783593416213989e-02,-1.750580407679080963e-02,6.788501143455505371e-01,5.526226758956909180e-01,2.571696937084197998e-01,4.099598154425621033e-03,1.594863682985305786e-01,1.206662133336067200e-01,6.759108901023864746e-01,5.199375748634338379e-01,1.975501924753189087e-01,-3.886180371046066284e-02,7.736145704984664917e-02,7.777745276689529419e-02,5.013930201530456543e-01,5.925447344779968262e-01,1.933994442224502563e-01,2.414461374282836914e-01,6.356716752052307129e-01,6.208406686782836914e-01,7.266604900360107422e-01,7.145525813102722168e-01,2.592504620552062988e-01,-1.237048860639333725e-02,4.675277769565582275e-01,4.646338224411010742e-01,1.871837824583053589e-01,1.935269236564636230e-01,3.824201598763465881e-02,-1.604799777269363403e-01,1.446544528007507324e-01,-2.063951343297958374e-01,1.676293015480041504e-01,-8.981822431087493896e-02,1.691461354494094849e-01,-4.509661346673965454e-02,1.096396744251251221e-01,1.114314496517181396e-01,9.113573282957077026e-02,-1.016334220767021179e-01,5.114896595478057861e-02,1.060428768396377563e-01,-1.560439616441726685e-01,-1.324561089277267456e-01,-1.429874897003173828e-01,-1.875048428773880005e-01,1.774372765794396400e-03,-4.662298038601875305e-02,2.159375250339508057e-01,-1.150066703557968140e-01,9.043642878532409668e-02,6.384001672267913818e-02,-3.180310130119323730e-02,-1.230513826012611389e-01,1.010560914874076843e-01,-3.751333337277173996e-03,1.106417402625083923e-01,-2.922385372221469879e-02,2.600208520889282227e-01,1.085122451186180115e-01,1.863497123122215271e-02,-4.894481226801872253e-02,3.508385270833969116e-02,1.769517958164215088e-01,2.366481870412826538e-01,2.601621150970458984e-01,3.182064592838287354e-01,-1.066022142767906189e-01,2.563269734382629395e-01,-7.240973412990570068e-02,1.488499045372009277e-01,-3.645568341016769409e-02,8.857781440019607544e-02,-4.907162487506866455e-02,1.572460830211639404e-01,-5.640739575028419495e-02,3.888862431049346924e-01,2.033252716064453125e-01,2.774448096752166748e-01,-3.840670734643936157e-02,2.526431977748870850e-01,3.290235698223114014e-01,4.808170795440673828e-01,-3.172114863991737366e-02,-1.043501310050487518e-03,7.114805281162261963e-02,1.953094005584716797e-01,3.013796210289001465e-01,-7.339252531528472900e-02,-9.645488113164901733e-02,2.170578017830848694e-02,-5.157874152064323425e-02,-2.772189676761627197e-02,1.567666651681065559e-03,-1.437475830316543579e-01,-3.846264630556106567e-02,-1.825506687164306641e-01,-2.495620101690292358e-01,-1.272548288106918335e-01,-1.152752563357353210e-01,2.978177554905414581e-02,-1.710936129093170166e-01,-2.489350363612174988e-02,-3.525459393858909607e-02,7.535345107316970825e-02,1.313570588827133179e-01,7.729872316122055054e-02,-1.086332872509956360e-01,-4.312601685523986816e-02,-4.746917262673377991e-02
-5.363709060475230217e-04,-1.654294319450855255e-02,8.703488856554031372e-02,2.619754374027252197e-01,6.860961914062500000e-01,9.999999403953552246e-01,8.245382457971572876e-02,2.928482294082641602e-01,5.279276371002197266e-01,8.560717701911926270e-01,6.995530426502227783e-02,6.425071507692337036e-02,1.807961612939834595e-01,4.406997561454772949e-01,5.116608738899230957e-01,8.038192391395568848e-01,1.194267719984054565e-01,-1.601236164569854736e-01,-6.376044452190399170e-02,-3.529793769121170044e-02,5.193321704864501953e-01,6.045643687248229980e-01,2.213630825281143188e-01,4.242725670337677002e-01,6.757996678352355957e-01,8.435725569725036621e-01,5.091207623481750488e-01,5.972833037376403809e-01,2.366010695695877075e-01,-2.300950139760971069e-01,5.445488691329956055e-01,5.999467968940734863e-01,2.373483031988143921e-02,1.345220655202865601e-01,-4.887129366397857666e-02,-1.177060753107070923e-01,1.216584537178277969e-02,-3.498324453830718994e-01,1.218243911862373352e-01,-2.808876633644104004e-01,1.629870235919952393e-01,-1.058309376239776611e-01,8.380933105945587158e-02,1.032099127769470215e-01,9.219172596931457520e-02,-2.812280133366584778e-02,-2.568603493273258209e-02,1.660694368183612823e-02,-5.045723170042037964e-02,-1.801368035376071930e-02,-6.229313090443611145e-02,-7.039591670036315918e-02,-4.667417332530021667e-02,-8.364687114953994751e-02,5.544915422797203064e-02,-3.003135323524475098e-01,4.106485843658447266e-02,3.201671410351991653e-03,-3.215793985873460770e-04,1.034548413008451462e-02,8.158335089683532715e-02,1.075704097747802734e-01,4.565099626779556274e-02,-7.855082862079143524e-03,1.283560991287231445e-01,1.406258940696716309e-01,3.842167928814888000e-02,2.651829272508621216e-02,-8.692619204521179199e-02,4.066057875752449036e-02,2.377301603555679321e-01,2.148535698652267456e-01,2.598611116409301758e-01,-3.748569488525390625e-01,1.683988124132156372e-01,-3.454616367816925049e-01,-1.098134834319353104e-02,-2.528310418128967285e-01,6.976038962602615356e-02,-2.422029376029968262e-01,9.177924692630767822e-02,-1.562090516090393066e-01,3.218911886215209961e-01,2.957846522331237793e-01,6.504192203283309937e-02,-1.590657681226730347e-01,2.594007849693298340e-01,4.302882552146911621e-01,2.814588844776153564e-01,-2.379197329282760620e-01,-4.068063944578170776e-02,-7.844620943069458008e-02,9.292273968458175659e-02,7.549127191305160522e-02,-1.695809811353683472e-01,-1.587824970483779907e-01,-9.796676039695739746e-02,-2.149150073528289795e-01,-5.627607926726341248e-02,-8.815017342567443848e-02,-9.711024910211563110e-02,-9.617969393730163574e-02,-1.493494808673858643e-01,-3.016792237758636475e-01,-2.210410982370376587e-01,-3.253540396690368652e-01,-6.556930486112833023e-03,-1.919998824596405029e-01,-9.154699742794036865e-02,-1.097995713353157043e-01,-3.713238611817359924e-02,6.526110321283340454e-02,-6.984717398881912231e-02,-1.915604472160339355e-01,-1.804601550102233887e-01,-5.995488539338111877e-02
4.788990616798400879e-01,2.091112732887268066e-01,6.939338445663452148e-01,5.545909404754638672e-01,-3.324783593416213989e-02,8.245382457971572876e-02,9.999992251396179199e-01,5.076881051063537598e-01,3.436986356973648071e-02,7.098311930894851685e-02,2.905064523220062256e-01,2.577132582664489746e-01,6.366926431655883789e-01,2.399389892816543579e-01,1.122424975037574768e-01,7.352746278047561646e-02,1.442729085683822632e-01,1.398601830005645752e-01,3.047989308834075928e-01,1.925799250602722168e-01,1.222639754414558411e-01,1.374172270298004150e-01,4.871658384799957275e-01,5.319532752037048340e-01,1.404115557670593262e-01,1.681016087532043457e-01,-1.039627641439437866e-01,-5.965821444988250732e-02,1.908811181783676147e-01,1.098105460405349731e-01,3.393143117427825928e-01,3.062716126441955566e-01,2.363066077232360840e-01,2.232086658477783203e-01,1.333903074264526367e-01,1.070965752005577087e-01,1.335583031177520752e-01,3.365955874323844910e-02,7.842062413692474365e-02,-3.492491692304611206e-02,7.890995591878890991e-02,9.237959235906600952e-02,2.732418105006217957e-02,-1.567934080958366394e-02,1.568112671375274658e-01,1.621299795806407928e-02,6.305301189422607422e-02,-1.024741958826780319e-02,6.340584158897399902e-02,1.110690757632255554e-01,1.730386354029178619e-02,-3.299320861697196960e-02,-5.087231844663619995e-02,-9.072259068489074707e-02,-1.644527190364897251e-03,-6.516230851411819458e-02,2.519347667694091797e-01,1.117506995797157288e-01,2.746720314025878906e-01,2.075931578874588013e-01,3.587153255939483643e-01,2.376381754875183105e-01,1.196197718381881714e-01,1.123288944363594055e-01,3.702212870121002197e-01,2.743487954139709473e-01,3.342520594596862793e-01,1.866635233163833618e-01,1.287741065025329590e-01,1.035806611180305481e-01,2.743552625179290771e-01,2.060586661100387573e-01,2.132066041231155396e-01,9.037116169929504395e-02,1.377270072698593140e-01,5.446716770529747009e-02,1.786262989044189453e-01,5.825392901897430420e-02,1.280252337455749512e-01,4.071782529354095459e-02,2.140446603298187256e-01,8.628249913454055786e-02,1.297436207532882690e-01,2.838711738586425781e-01,2.246640324592590332e-01,4.543380811810493469e-02,1.703315973281860352e-01,1.269822120666503906e-01,-1.893035881221294403e-02,-2.036719769239425659e-01,1.080673187971115112e-01,9.342575445771217346e-03,7.997716218233108521e-02,9.488075226545333862e-02,-7.216285914182662964e-03,4.985277354717254639e-02,1.088801100850105286e-01,6.820434331893920898e-02,8.516683429479598999e-02,-1.057711546309292316e-03,1.229226812720298767e-01,4.795127734541893005e-02,1.060214713215827942e-01,-1.519875694066286087e-02,6.919965147972106934e-02,-2.029649168252944946e-02,2.276530116796493530e-02,3.163084760308265686e-02,-1.505924910306930542e-01,2.875419892370700836e-02,1.163984537124633789e-01,3.675353527069091797e-02,5.372603982686996460e-02,-2.046429738402366638e-02,6.150747090578079224e-02,-3.702444583177566528e-02
2.869096100330352783e-01,4.432704150676727295e-01,4.799344539642333984e-01,7.507563829421997070e-01,-1.750580407679080963e-02,2.928482294082641602e-01,5.076881051063537598e-01,1.000000119209289551e+00,-3.252841532230377197e-02,3.981052637100219727e-01,-8.799259364604949951e-02,5.135039091110229492e-01,2.693680822849273682e-01,6.643880009651184082e-01,-4.068062454462051392e-02,4.279718101024627686e-01,8.251810073852539062e-02,1.589655131101608276e-01,2.266730070114135742e-01,3.276643753051757812e-01,1.476329416036605835e-01,1.834854930639266968e-01,3.758560419082641602e-01,5.948588848114013672e-01,1.574007421731948853e-01,2.981922924518585205e-01,-1.199441030621528625e-01,-3.824821487069129944e-02,1.946877837181091309e-01,1.376982778310775757e-01,3.107670545578002930e-01,4.082648456096649170e-01,1.651729345321655273e-01,2.994126379489898682e-01,-4.864121973514556885e-02,2.918719127774238586e-02,-2.099670171737670898e-01,-9.096813201904296875e-02,-2.139682509005069733e-02,-1.630232036113739014e-01,-9.063131175935268402e-03,-6.234273314476013184e-02,-1.916872859001159668e-01,-1.458128094673156738e-01,4.256520420312881470e-02,6.883686780929565430e-02,-1.501785665750503540e-01,-2.135713994503021240e-01,-6.052127853035926819e-02,1.062937378883361816e-01,-3.259846940636634827e-02,6.585093587636947632e-02,-1.159973666071891785e-01,-6.142617017030715942e-02,-1.166120916604995728e-01,-9.663422405719757080e-02,2.010961025953292847e-01,2.590126693248748779e-01,2.648211121559143066e-01,4.711677730083465576e-01,2.220467776060104370e-01,5.583071708679199219e-01,8.616255223751068115e-02,3.582355976104736328e-01,7.103863358497619629e-02,3.084645867347717285e-01,1.642097532749176025e-01,2.179525494575500488e-01,2.293731570243835449e-01,2.132854461669921875e-01,8.143281191587448120e-02,6.705618649721145630e-02,7.235764712095260620e-02,-9.285283088684082031e-02,2.964653447270393372e-02,-1.262677013874053955e-01,-6.013123318552970886e-02,-1.008064374327659607e-01,1.234740987420082092e-01,-3.779447823762893677e-02,1.288052946329116821e-01,2.038901746273040771e-01,2.159271389245986938e-02,3.882473409175872803e-01,-5.250918492674827576e-02,1.339286416769027710e-01,1.580397486686706543e-01,2.825043797492980957e-01,-1.283952295780181885e-01,-1.722897030413150787e-02,-3.591731190681457520e-02,4.066155757755041122e-03,-4.987560957670211792e-02,-9.153595194220542908e-03,-1.599212288856506348e-01,-8.884820342063903809e-02,-8.162933588027954102e-02,-1.157630980014801025e-01,-1.378221809864044189e-01,-2.150899171829223633e-01,5.761085450649261475e-02,9.011770784854888916e-02,7.127281278371810913e-03,9.192784316837787628e-03,-4.506815224885940552e-02,-1.863186210393905640e-01,-2.093693763017654419e-01,-1.727682352066040039e-01,-1.008396670222282410e-01,-1.196145564317703247e-01,-7.970657199621200562e-02,-2.011855989694595337e-01,-1.072386577725410461e-01,-5.426786839962005615e-02,-2.214363217353820801e-01,-1.275365501642227173e-01
1.378021482378244400e-02,-5.859670415520668030e-02,-6.159750744700431824e-02,-6.207272037863731384e-02,6.788501143455505371e-01,5.279276371002197266e-01,3.436986356973648071e-02,-3.252841532230377197e-02,1.000000119209289551e+00,4.840742945671081543e-01,3.085991740226745605e-01,1.461520418524742126e-02,2.605118751525878906e-01,1.114730462431907654e-01,6.895484924316406250e-01,3.769581615924835205e-01,3.071056604385375977e-01,6.918076425790786743e-02,5.173956975340843201e-03,6.310533266514539719e-03,3.153683245182037354e-01,4.089828729629516602e-01,6.381966918706893921e-02,1.137135326862335205e-01,3.418620526790618896e-01,4.149086177349090576e-01,3.676379919052124023e-01,3.366900682449340820e-01,3.039005100727081299e-01,5.614437162876129150e-02,3.375767767429351807e-01,3.175740540027618408e-01,2.372618168592453003e-01,2.591139376163482666e-01,1.408244967460632324e-01,7.026880979537963867e-02,2.217099815607070923e-01,-1.835943162441253662e-01,2.608933448791503906e-01,-2.438391186296939850e-02,6.368235498666763306e-02,-5.479783937335014343e-02,2.030998170375823975e-01,1.800996959209442139e-01,8.579672127962112427e-02,-1.195820644497871399e-01,1.360445171594619751e-01,1.547076851129531860e-01,-1.282651722431182861e-01,-1.863238364458084106e-01,-9.398087859153747559e-02,-2.602401673793792725e-01,1.682201586663722992e-02,-6.544274091720581055e-02,3.007527291774749756e-01,-3.938268870115280151e-02,9.215661883354187012e-02,1.937198825180530548e-02,-2.218057401478290558e-02,-1.653520464897155762e-01,2.371894866228103638e-01,6.500397622585296631e-02,2.222367227077484131e-01,6.239012582227587700e-04,2.589910924434661865e-01,2.930306084454059601e-02,6.197059899568557739e-02,3.350993851199746132e-03,-4.723985493183135986e-02,6.602431088685989380e-02,1.584304571151733398e-01,1.797609478235244751e-01,2.335345596075057983e-01,-2.505332976579666138e-02,2.238058745861053467e-01,-5.620152130722999573e-02,1.993817687034606934e-01,3.665263205766677856e-02,1.993944346904754639e-01,1.969953626394271851e-02,2.156306654214859009e-01,-8.373616635799407959e-02,4.448628127574920654e-01,1.535428613424301147e-01,2.023753672838211060e-01,-1.298587620258331299e-01,3.448800146579742432e-01,2.878893315792083740e-01,4.903079271316528320e-01,-8.570416271686553955e-02,1.383207142353057861e-01,3.483154252171516418e-02,2.779546380043029785e-01,1.734711974859237671e-01,-3.912229090929031372e-02,-6.827560067176818848e-02,4.812552779912948608e-02,1.658124290406703949e-02,8.864951133728027344e-02,3.048626706004142761e-02,-9.483924508094787598e-02,-9.438083320856094360e-02,-1.328992843627929688e-01,-2.540929615497589111e-01,-2.777718007564544678e-02,-5.930443853139877319e-02,6.642680615186691284e-02,-1.094969287514686584e-01,-2.797708474099636078e-02,-5.220492370426654816e-03,1.698917746543884277e-01,1.778493970632553101e-01,9.709181636571884155e-02,-2.240362018346786499e-02,1.104373708367347717e-01,3.205787390470504761e-03
-2.858153544366359711e-02,3.032771497964859009e-02,7.683577388525009155e-02,3.006978034973144531e-01,5.526226758956909180e-01,8.560717701911926270e-01,7.098311930894851685e-02,3.981052637100219727e-01,4.840742945671081543e-01,9.999997019767761230e-01,-5.518514662981033325e-03,1.279077231884002686e-01,1.578305661678314209e-01,5.722300410270690918e-01,4.399747252464294434e-01,8.488447666168212891e-01,1.558517813682556152e-01,-1.230983883142471313e-01,-7.962110638618469238e-02,4.289702977985143661e-03,4.282048344612121582e-01,5.325376987457275391e-01,2.023121416568756104e-01,4.194951355457305908e-01,5.750055909156799316e-01,7.906651496887207031e-01,3.005253374576568604e-01,3.991964459419250488e-01,2.800629734992980957e-01,-1.867412924766540527e-01,5.172300338745117188e-01,5.836203098297119141e-01,3.798172622919082642e-02,1.745322644710540771e-01,-4.010937362909317017e-02,-3.554071113467216492e-02,-5.773502960801124573e-02,-3.505789041519165039e-01,1.060955822467803955e-01,-2.871052026748657227e-01,8.533050119876861572e-02,-1.515104323625564575e-01,4.231431335210800171e-02,6.718093901872634888e-02,9.018316864967346191e-02,2.314863353967666626e-02,-5.441322550177574158e-02,-3.866538405418395996e-02,-6.337148696184158325e-02,-8.795294910669326782e-03,-4.843120649456977844e-02,-6.261966377496719360e-02,-6.513945013284683228e-02,-8.979453146457672119e-02,2.508508041501045227e-02,-2.889206111431121826e-01,1.442245673388242722e-02,1.277361414395272732e-03,6.271491292864084244e-03,6.354970484972000122e-02,9.204357117414474487e-02,2.019831389188766479e-01,8.763352781534194946e-02,7.227552682161331177e-02,6.851081550121307373e-02,9.913554042577743530e-02,1.801441609859466553e-02,4.055983200669288635e-02,-5.275444686412811279e-02,3.517881035804748535e-02,1.619932055473327637e-01,1.340874880552291870e-01,1.977348029613494873e-01,-3.919962644577026367e-01,1.142912730574607849e-01,-4.032670855522155762e-01,-6.764866411685943604e-02,-2.819454073905944824e-01,1.218443810939788818e-01,-2.572548091411590576e-01,9.898024797439575195e-02,-1.463148891925811768e-01,3.018086850643157959e-01,3.075440526008605957e-01,1.024513691663742065e-02,-1.669961810111999512e-01,3.047229647636413574e-01,4.645991921424865723e-01,2.274574339389801025e-01,-2.116247266530990601e-01,-3.883036971092224121e-02,-8.989895880222320557e-02,6.519245356321334839e-02,2.094467543065547943e-02,-2.036420106887817383e-01,-1.791308373212814331e-01,-1.383939385414123535e-01,-2.346126884222030640e-01,-7.604750990867614746e-02,-1.461290568113327026e-01,-7.694020122289657593e-02,-7.677159458398818970e-02,-1.248896569013595581e-01,-2.677096128463745117e-01,-1.876899600028991699e-01,-3.414539396762847900e-01,-7.612916082143783569e-02,-2.243556827306747437e-01,-1.018403992056846619e-01,-1.239484623074531555e-01,-4.998574033379554749e-02,1.041329000145196915e-02,-9.305277466773986816e-02,-1.560677587985992432e-01,-2.195645868778228760e-01,-6.581643223762512207e-02
4.290936291217803955e-01,7.784666866064071655e-02,2.570711672306060791e-01,-5.849823937751352787e-04,2.571696937084197998e-01,6.995530426502227783e-02,2.905064523220062256e-01,-8.799259364604949951e-02,3.085991740226745605e-01,-5.518514662981033325e-03,1.000000119209289551e+00,9.700679033994674683e-02,4.906963706016540527e-01,-5.799043923616409302e-02,4.738685488700866699e-01,1.443009241484105587e-03,3.911746144294738770e-01,2.452107369899749756e-01,3.825215995311737061e-01,1.831771433353424072e-01,1.785717755556106567e-01,1.472117602825164795e-01,2.895632386207580566e-01,1.497176438570022583e-01,1.692763417959213257e-01,8.468572795391082764e-02,1.346544623374938965e-01,8.949739485979080200e-02,4.165979325771331787e-01,2.652182877063751221e-01,3.090410530567169189e-01,1.854041069746017456e-01,3.200521767139434814e-01,2.395245283842086792e-01,1.798421144485473633e-01,8.496967703104019165e-02,2.702700793743133545e-01,3.991679102182388306e-02,1.105085462331771851e-01,7.663389295339584351e-02,1.044864282011985779e-01,1.393404304981231689e-01,1.945081353187561035e-01,9.958387166261672974e-02,9.519518911838531494e-02,-1.037483066320419312e-01,1.764040887355804443e-01,1.506379097700119019e-01,-4.794516786932945251e-02,-9.937707334756851196e-02,-4.854351282119750977e-02,-2.104313522577285767e-01,4.202701151371002197e-02,-3.184293396770954132e-03,2.154521495103836060e-01,3.179537132382392883e-02,3.107366561889648438e-01,1.075251996517181396e-01,2.198424749076366425e-02,-1.895538717508316040e-01,3.079615533351898193e-01,-4.947342351078987122e-02,3.692481517791748047e-01,1.234029009938240051e-01,3.541570603847503662e-01,-3.480607271194458008e-02,4.472788050770759583e-02,-1.283091902732849121e-01,5.518932268023490906e-02,4.582548141479492188e-02,2.872364819049835205e-01,2.231298834085464478e-01,3.419715762138366699e-01,2.308952063322067261e-01,3.054149746894836426e-01,1.666993349790573120e-01,3.708393871784210205e-01,2.364938259124755859e-01,1.791182905435562134e-01,2.235601544380187988e-01,3.773028254508972168e-01,1.383429467678070068e-01,4.565151333808898926e-01,2.468504458665847778e-01,4.473538100719451904e-01,-9.702057577669620514e-03,3.007251322269439697e-01,1.716398298740386963e-01,3.266319036483764648e-01,-3.872541338205337524e-02,7.454654574394226074e-02,2.024486809968948364e-01,1.145934164524078369e-01,1.928943991661071777e-01,7.093907147645950317e-02,3.107032272964715958e-03,7.696176320314407349e-02,9.122491627931594849e-02,1.479886174201965332e-01,1.605187505483627319e-01,-7.043195515871047974e-02,-1.530224829912185669e-02,-1.172722037881612778e-02,-1.446337532252073288e-02,7.338064163923263550e-02,1.006388589739799500e-01,6.608291715383529663e-02,4.947750642895698547e-02,-8.816877752542495728e-02,7.843979448080062866e-02,1.842978298664093018e-01,1.651191711425781250e-01,1.543230861425399780e-01,5.669242143630981445e-02,2.554519772529602051e-01,-5.679577589035034180e-04
3.450430333614349365e-01,5.017282366752624512e-01,4.151612222194671631e-01,5.948345065116882324e-01,4.099598154425621033e-03,6.425071507692337036e-02,2.577132582664489746e-01,5.135039091110229492e-01,1.461520418524742126e-02,1.279077231884002686e-01,9.700679033994674683e-02,9.999997019767761230e-01,2.006159722805023193e-01,5.132932662963867188e-01,8.759157359600067139e-02,2.357835620641708374e-01,1.518641263246536255e-01,4.254567921161651611e-01,3.848364949226379395e-01,4.204205870628356934e-01,1.138274967670440674e-01,1.528104096651077271e-01,4.121918082237243652e-01,4.497552812099456787e-01,1.120832487940788269e-01,8.383850753307342529e-02,-6.946991384029388428e-02,-7.696837186813354492e-02,1.794850379228591919e-01,3.643120825290679932e-01,2.419961094856262207e-01,2.821690142154693604e-01,3.125301599502563477e-01,3.570148944854736328e-01,1.354893147945404053e-01,8.150980621576309204e-02,-7.421615719795227051e-02,1.604774780571460724e-02,8.707953244447708130e-02,1.197146251797676086e-01,-1.504520773887634277e-01,-8.477418869733810425e-02,-2.065914422273635864e-01,-1.491081714630126953e-01,-5.402299389243125916e-02,-1.329551800154149532e-03,-2.802151069045066833e-02,-9.695800393819808960e-02,-6.672469526529312134e-02,6.683615595102310181e-02,4.973710700869560242e-02,4.709963500499725342e-02,-1.369102392345666885e-02,4.560080822557210922e-03,1.479573100805282593e-01,2.028082311153411865e-01,2.481485307216644287e-01,3.879859745502471924e-01,2.491008490324020386e-01,3.505122959613800049e-01,3.107119500637054443e-01,3.660182654857635498e-01,5.717810988426208496e-02,2.600753605365753174e-01,2.609686255455017090e-01,4.474589824676513672e-01,1.232024952769279480e-01,1.330171078443527222e-01,3.015734851360321045e-01,3.367059826850891113e-01,1.460452228784561157e-01,5.593846738338470459e-02,2.785706706345081329e-02,1.165459230542182922e-01,9.664470702409744263e-02,1.235347315669059753e-01,1.627314984798431396e-01,1.533475071191787720e-01,1.985575556755065918e-01,2.149764448404312134e-01,2.297693639993667603e-01,4.037055671215057373e-01,1.751592159271240234e-01,3.820003867149353027e-01,3.227165937423706055e-01,4.487544000148773193e-01,3.181966245174407959e-01,3.720769584178924561e-01,1.698310524225234985e-01,3.812154531478881836e-01,3.444092720746994019e-02,2.380294203758239746e-01,1.625279635190963745e-01,1.837633550167083740e-01,-6.238249689340591431e-02,-4.432490095496177673e-02,4.013501107692718506e-02,1.156509146094322205e-01,-1.007589697837829590e-01,-1.250581145286560059e-01,8.964381366968154907e-02,2.099606245756149292e-01,5.855382885783910751e-03,1.295795887708663940e-01,2.391370534896850586e-01,6.831189990043640137e-02,-1.947730183601379395e-01,-1.892782151699066162e-01,-5.812878720462322235e-03,-2.522312290966510773e-02,8.629219979047775269e-02,-1.639320999383926392e-01,6.773845106363296509e-02,-7.753691822290420532e-02,-1.098319068551063538e-01,-9.148834645748138428e-02
4.367064535617828369e-01,8.698192983865737915e-02,3.716340959072113037e-01,2.603837549686431885e-01,1.594863682985305786e-01,1.807961612939834595e-01,6.366926431655883789e-01,2.693680822849273682e-01,2.605118751525878906e-01,1.578305661678314209e-01,4.906963706016540527e-01,2.006159722805023193e-01,1.000000238418579102e+00,3.250520825386047363e-01,3.673151433467864990e-01,1.257463544607162476e-01,1.993693709373474121e-01,1.146854460239410400e-01,1.870955675840377808e-01,5.289072543382644653e-02,1.113174557685852051e-01,1.992152929306030273e-01,3.055185973644256592e-01,2.870507836341857910e-01,1.964996010065078735e-01,2.307446599006652832e-01,8.806237950921058655e-03,3.851501643657684326e-02,2.729913890361785889e-01,7.446046173572540283e-02,3.117132782936096191e-01,2.625870704650878906e-01,1.676521450281143188e-01,1.442380249500274658e-01,4.060428962111473083e-02,7.045631296932697296e-03,2.031186074018478394e-01,-2.710287831723690033e-02,9.125171601772308350e-02,-8.551791310310363770e-02,3.174273669719696045e-02,3.454419225454330444e-02,1.218847483396530151e-01,3.158113732933998108e-02,5.943698436021804810e-02,-5.928982421755790710e-02,7.763080298900604248e-02,1.297381054610013962e-02,3.465865552425384521e-02,2.545107714831829071e-02,6.870516389608383179e-02,-1.159949600696563721e-01,-5.432171002030372620e-02,-1.559510231018066406e-01,1.117498204112052917e-01,-1.238544508814811707e-01,2.148532569408416748e-01,5.218252912163734436e-02,2.949331700801849365e-01,1.297909170389175415e-01,5.891326069831848145e-01,2.586359977722167969e-01,2.389820069074630737e-01,8.185747265815734863e-02,4.198010265827178955e-01,1.911853104829788208e-01,2.413410097360610962e-01,6.303088366985321045e-02,3.772701323032379150e-02,4.157406836748123169e-02,3.187632560729980469e-01,1.990051567554473877e-01,2.759320139884948730e-01,5.160487815737724304e-02,1.930098682641983032e-01,7.899501919746398926e-02,2.189237922430038452e-01,3.525282070040702820e-02,1.781254410743713379e-01,5.122531950473785400e-02,2.861239314079284668e-01,-2.609237469732761383e-02,2.266821563243865967e-01,1.806600242853164673e-01,2.842872440814971924e-01,-6.910562515258789062e-02,2.310875505208969116e-01,9.289612621068954468e-02,2.686645090579986572e-01,-1.911742836236953735e-01,7.944703102111816406e-02,3.107470273971557617e-02,1.190107688307762146e-01,1.287745535373687744e-01,1.818360015749931335e-02,-4.963257536292076111e-02,7.429437339305877686e-02,4.698368534445762634e-02,1.670561432838439941e-01,9.886277467012405396e-02,7.575532793998718262e-02,1.732988841831684113e-02,7.016799598932266235e-02,-5.950387939810752869e-02,4.721675813198089600e-02,8.460541255772113800e-03,1.004847884178161621e-01,4.915467649698257446e-02,-9.343367815017700195e-02,1.560797356069087982e-02,1.088707372546195984e-01,1.319596916437149048e-01,1.748864650726318359e-01,-2.701495401561260223e-02,1.167398244142532349e-01,-1.056624390184879303e-02
