1.000000119209289551e+00,5.829515457153320312e-01,-4.768085181713104248e-01,-3.278367519378662109e-01,-4.818552434444427490e-01,-2.127688080072402954e-01,-3.926712870597839355e-01,3.923568725585937500e-01,-5.164299011230468750e-01,-1.761935949325561523e-01,5.126193165779113770e-03,4.689037203788757324e-01,-4.096195399761199951e-01,3.318151533603668213e-01,-5.378109812736511230e-01,-2.120655179023742676e-01,4.364288747310638428e-01,3.976833820343017578e-01,1.252653151750564575e-01,2.652301788330078125e-01,-2.318911105394363403e-01,-1.746716946363449097e-01,-4.336124956607818604e-01,-2.872795164585113525e-01,-4.227850139141082764e-01,-2.995411157608032227e-01,-3.669490218162536621e-01,-3.191456794738769531e-01,-7.750058081001043320e-03,4.173122718930244446e-02,-4.262613952159881592e-01,-3.921842575073242188e-01,4.136528372764587402e-01,3.890110254287719727e-01,4.507485628128051758e-01,3.943353593349456787e-01,3.594280779361724854e-01,-1.102726161479949951e-01,-1.506246179342269897e-01,-2.029908895492553711e-01,-2.739982306957244873e-01,-1.790098398923873901e-01,1.461215168237686157e-01,1.264929473400115967e-01,1.826943010091781616e-01,2.048508226871490479e-01,6.590095907449722290e-02,2.927120774984359741e-02,1.467861533164978027e-01,3.525725305080413818e-01,2.058837264776229858e-01,1.618671566247940063e-01,1.271556764841079712e-01,-1.917847804725170135e-02,-9.896433353424072266e-02,-2.421458661556243896e-01,8.035296797752380371e-01,6.149343252182006836e-01,5.078307986259460449e-01,4.306635558605194092e-01,5.959848761558532715e-01,5.544924736022949219e-01,6.093357801437377930e-01,4.813983142375946045e-01,3.937007486820220947e-01,4.611753225326538086e-01,5.868901610374450684e-01,5.663992166519165039e-01,2.836501896381378174e-01,3.317142724990844727e-01,-3.160005062818527222e-02,-1.689494960010051727e-02,3.582270815968513489e-02,-1.456752419471740723e-02,1.310226693749427795e-02,-1.217611953616142273e-01,2.942333221435546875e-01,1.684276014566421509e-01,5.083601474761962891e-01,1.581896096467971802e-01,4.328997731208801270e-01,3.095872700214385986e-01,-3.018098473548889160e-01,-1.984431296586990356e-01,3.384326398372650146e-01,1.956172138452529907e-01,-2.026528865098953247e-01,-1.599553674459457397e-01,-2.378486692905426025e-01,-2.036722302436828613e-01,-2.766865491867065430e-01,-3.609368205070495605e-01,-2.910003066062927246e-01,-3.443062305450439453e-01,2.539906091988086700e-02,-2.006351053714752197e-01,2.369217276573181152e-01,2.252118848264217377e-02,-2.349886447191238403e-01,-3.013185560703277588e-01,-2.343249022960662842e-01,-3.240433037281036377e-01,-1.179739981889724731e-01,-2.258590906858444214e-01,-1.066357344388961792e-01,-1.457485556602478027e-01,-1.238644197583198547e-01,-2.496463507413864136e-01,-1.778508275747299194e-01,9.693744778633117676e-02,2.594579756259918213e-01,8.466965705156326294e-02,-1.168555989861488342e-01,-1.402148455381393433e-01,-5.676835775375366211e-02,-1.125347707420587540e-02
5.829515457153320312e-01,9.999997615814208984e-01,3.839271515607833862e-02,6.353811174631118774e-02,1.904425024986267090e-02,-2.361257560551166534e-02,1.163797751069068909e-01,6.030600070953369141e-01,3.664021566510200500e-02,-8.974718861281871796e-03,3.413709402084350586e-01,5.853217244148254395e-01,9.470281004905700684e-02,4.110394716262817383e-01,-6.725285947322845459e-02,-9.728157520294189453e-02,3.258858323097229004e-01,4.657402038574218750e-01,1.708012521266937256e-01,2.994567453861236572e-01,8.147728443145751953e-02,2.991764806210994720e-02,4.587083682417869568e-02,1.379706561565399170e-01,-7.432916667312383652e-03,9.780771285295486450e-02,-5.454175919294357300e-02,-7.800117135047912598e-02,1.993164718151092529e-01,2.199086546897888184e-01,7.290710508823394775e-02,1.004995778203010559e-01,2.753880620002746582e-01,3.062727451324462891e-01,3.352072536945343018e-01,3.857510089874267578e-01,-6.202615913935005665e-04,6.904297322034835815e-02,-3.359798192977905273e-01,-1.681312918663024902e-01,-2.126108855009078979e-03,1.186296902596950531e-02,1.306893229484558105e-01,1.337471455335617065e-01,2.197616994380950928e-01,2.572257816791534424e-01,2.852054312825202942e-02,1.366580836474895477e-02,1.583584398031234741e-01,3.564085960388183594e-01,1.352353692054748535e-01,1.305067390203475952e-01,7.144472561776638031e-03,1.598134450614452362e-02,-2.071771919727325439e-01,-2.524718046188354492e-01,5.157271027565002441e-01,7.381726503372192383e-01,4.170190393924713135e-01,4.053607881069183350e-01,4.753409326076507568e-01,6.026922464370727539e-01,3.296584486961364746e-01,5.657814741134643555e-01,2.287145256996154785e-01,4.391960501670837402e-01,4.877910614013671875e-01,5.539413094520568848e-01,1.467367261648178101e-01,2.026079893112182617e-01,2.525681555271148682e-01,2.551420927047729492e-01,2.317782938480377197e-01,2.529372274875640869e-01,1.593243926763534546e-01,9.960795193910598755e-02,3.540919721126556396e-01,3.468383848667144775e-01,1.704873293638229370e-01,1.959101855754852295e-01,3.702768981456756592e-01,3.969174027442932129e-01,-9.778896719217300415e-02,-1.615518927574157715e-01,2.354880422353744507e-01,2.435098141431808472e-01,-1.726744472980499268e-01,-1.906351596117019653e-01,-1.864811927080154419e-01,-9.492909163236618042e-02,-3.005792498588562012e-01,-3.153547644615173340e-01,-3.103485405445098877e-01,-3.062171638011932373e-01,-1.954295635223388672e-01,-6.328453123569488525e-02,-1.064481288194656372e-01,-7.792303711175918579e-02,-2.159761041402816772e-01,-2.939429581165313721e-01,-2.680792808532714844e-01,-3.000921308994293213e-01,-1.375997066497802734e-01,-2.618945538997650146e-01,-1.282756179571151733e-01,-1.654952913522720337e-01,-1.482378095388412476e-01,-2.752559483051300049e-01,-2.281420826911926270e-01,-5.917284637689590454e-02,6.536301970481872559e-02,7.623256742954254150e-02,-1.704559028148651123e-01,-2.419061511754989624e-01,-2.064822316169738770e-01,-6.446991860866546631e-02
-4.768085181713104248e-01,3.839271515607833862e-02,1.000000238418579102e+00,6.450370550155639648e-01,7.607648968696594238e-01,2.064661979675292969e-01,9.125020503997802734e-01,2.316697537899017334e-01,7.904492616653442383e-01,1.218664720654487610e-01,5.033068060874938965e-01,-1.941594108939170837e-02,8.844159841537475586e-01,-4.222898930311203003e-02,7.191244363784790039e-01,2.853027172386646271e-02,-2.327877134084701538e-01,-3.253815695643424988e-02,-5.267414823174476624e-02,-6.854561716318130493e-02,3.271438181400299072e-01,1.692566126585006714e-01,8.942183256149291992e-01,7.649968862533569336e-01,7.477189898490905762e-01,5.503671765327453613e-01,4.476228356361389160e-01,3.092473745346069336e-01,3.618973791599273682e-01,8.231099694967269897e-02,8.825455307960510254e-01,8.681777715682983398e-01,-7.607268542051315308e-02,1.854248717427253723e-02,-1.527476906776428223e-01,-4.454994201660156250e-02,-5.761536955833435059e-01,7.451780885457992554e-02,-2.668187022209167480e-01,-9.502345323562622070e-02,3.258512318134307861e-01,9.251567721366882324e-02,-7.071555405855178833e-02,-8.575072139501571655e-02,-1.048327237367630005e-01,-8.229472488164901733e-02,-1.648667454719543457e-01,-1.794985532760620117e-01,2.029674500226974487e-02,-8.777754008769989014e-02,-1.994897145777940750e-03,1.416673068888485432e-03,-1.712736785411834717e-01,-6.851410865783691406e-02,-1.549440473318099976e-01,-1.437475979328155518e-01,-4.995085597038269043e-01,-7.349234074354171753e-02,-1.118104904890060425e-01,-6.915507465600967407e-02,-1.114284321665763855e-01,-3.043063543736934662e-02,-4.576899111270904541e-01,-7.970102876424789429e-02,-1.564382463693618774e-01,-1.101998463273048401e-01,-1.715017855167388916e-01,-9.436360746622085571e-02,-2.475110292434692383e-01,-1.972507089376449585e-01,3.265510797500610352e-01,2.752157151699066162e-01,1.236608698964118958e-01,2.295320779085159302e-01,5.570914596319198608e-02,2.226095050573348999e-01,-4.307717829942703247e-02,1.791097968816757202e-01,-5.331104993820190430e-01,1.962355338037014008e-02,-1.866228580474853516e-01,-9.023416787385940552e-02,1.985202133655548096e-01,-7.438809610903263092e-03,-2.113125920295715332e-01,-7.998754084110260010e-02,1.013720706105232239e-01,1.669773645699024200e-02,-1.586149446666240692e-02,-7.066101580858230591e-02,-9.699589759111404419e-02,-6.784882396459579468e-02,-5.641332268714904785e-02,1.613279804587364197e-02,-3.284356594085693359e-01,4.874504171311855316e-03,-4.860789477825164795e-01,-3.444375097751617432e-01,1.642997004091739655e-02,-9.939213097095489502e-02,8.154992014169692993e-02,1.093440651893615723e-01,7.125945389270782471e-02,8.833178877830505371e-02,5.147636868059635162e-03,7.023813575506210327e-02,5.060201883316040039e-02,2.900953032076358795e-02,-9.267902001738548279e-03,-2.977592349052429199e-01,-3.658948242664337158e-01,-7.182348519563674927e-02,-1.121606305241584778e-01,-1.314559429883956909e-01,-1.028787046670913696e-01,-3.652682155370712280e-02
-3.278367519378662109e-01,6.353811174631118774e-02,6.450370550155639648e-01,9.999998211860656738e-01,5.756962895393371582e-01,3.680804967880249023e-01,6.056165695190429688e-01,4.135617017745971680e-01,6.033257246017456055e-01,2.938507497310638428e-01,3.463443815708160400e-01,2.357566542923450470e-02,6.170947551727294922e-01,1.445409655570983887e-01,5.772741436958312988e-01,2.593319416046142578e-01,-1.004136800765991211e-01,8.058070391416549683e-02,-9.844232350587844849e-03,-5.333386734127998352e-02,2.311923354864120483e-01,1.451089084148406982e-01,6.500764489173889160e-01,6.890019774436950684e-01,6.154566407203674316e-01,5.686692595481872559e-01,3.931051194667816162e-01,3.774681389331817627e-01,3.687974810600280762e-01,2.468283921480178833e-01,6.040397882461547852e-01,6.581961512565612793e-01,-1.320771276950836182e-01,-2.999315410852432251e-02,-2.180477976799011230e-01,-4.451811313629150391e-02,-3.045866191387176514e-01,2.191330939531326294e-01,-1.024506986141204834e-01,5.751861631870269775e-02,3.319143354892730713e-01,1.241039410233497620e-01,-6.727696210145950317e-02,-1.950723677873611450e-02,-5.889107286930084229e-02,-5.676421523094177246e-02,-1.414170861244201660e-01,-5.977258458733558655e-02,1.070308536291122437e-01,4.255787283182144165e-02,1.065592020750045776e-01,9.475702792406082153e-02,-1.389613598585128784e-01,6.799662858247756958e-02,-7.046612352132797241e-02,4.626733064651489258e-02,-3.676331937313079834e-01,-1.575639285147190094e-02,-1.786743402481079102e-01,-1.332390159368515015e-01,-8.875150978565216064e-02,-7.807696610689163208e-02,-1.414127647876739502e-01,2.224158048629760742e-01,-4.436299949884414673e-02,8.031697943806648254e-03,-1.971425414085388184e-01,-1.340613067150115967e-01,-2.623110413551330566e-01,-2.581151127815246582e-01,2.812322080135345459e-01,2.646678686141967773e-01,2.430308759212493896e-01,2.262835800647735596e-01,1.576558649539947510e-01,2.019181698560714722e-01,6.901858001947402954e-02,2.107144594192504883e-01,-2.991758584976196289e-01,2.288064062595367432e-01,-4.320937395095825195e-02,1.152008399367332458e-01,3.259190618991851807e-01,2.180714756250381470e-01,-1.431076526641845703e-01,9.516870975494384766e-02,1.882588565349578857e-01,1.336026042699813843e-01,6.702538579702377319e-02,8.064351975917816162e-02,-5.737479776144027710e-03,1.500635147094726562e-01,-2.897215262055397034e-02,1.116864383220672607e-01,-1.413025110960006714e-01,1.197314336895942688e-01,-2.953227460384368896e-01,-1.093454062938690186e-01,1.167366746813058853e-02,4.450868442654609680e-02,-3.981152549386024475e-04,9.969750791788101196e-02,-5.277243256568908691e-02,2.305099926888942719e-02,-1.527603417634963989e-01,-6.109682843089103699e-02,-1.039757952094078064e-01,-4.358460381627082825e-02,1.969914883375167847e-01,5.875900387763977051e-02,-1.268434524536132812e-01,-7.032576203346252441e-02,-3.789557516574859619e-02,-1.677293479442596436e-01,-1.923718154430389404e-01,-7.156136631965637207e-02
-4.818552434444427490e-01,1.904425024986267090e-02,7.607648968696594238e-01,5.756962895393371582e-01,9.999999403953552246e-01,5.821974873542785645e-01,7.141586542129516602e-01,1.419879198074340820e-01,8.811895251274108887e-01,4.464206099510192871e-01,4.077104330062866211e-01,-2.372188493609428406e-02,7.413051128387451172e-01,1.040120236575603485e-02,8.162870407104492188e-01,2.742300331592559814e-01,-2.134800702333450317e-01,-3.250094130635261536e-02,-2.264881692826747894e-02,-8.063615113496780396e-02,4.506631791591644287e-01,3.288382589817047119e-01,7.713624835014343262e-01,7.109954953193664551e-01,8.478613495826721191e-01,7.406406998634338379e-01,7.308021187782287598e-01,6.174361705780029297e-01,3.600482642650604248e-01,1.468235552310943604e-01,7.692214846611022949e-01,7.478598356246948242e-01,-2.605763673782348633e-01,-1.880454123020172119e-01,-2.894923985004425049e-01,-1.616104841232299805e-01,-4.432979226112365723e-01,2.522625029087066650e-01,-7.353512197732925415e-02,2.053947597742080688e-01,5.056612491607666016e-01,3.371101915836334229e-01,-9.012001752853393555e-02,-1.042881086468696594e-01,-1.036035865545272827e-01,-7.533055543899536133e-02,-1.098869740962982178e-01,-1.099356263875961304e-01,-4.202533140778541565e-02,-1.022454276680946350e-01,-6.836206465959548950e-02,-8.523265272378921509e-02,-6.528595834970474243e-02,3.258772566914558411e-02,-1.707206852734088898e-02,5.660274997353553772e-02,-4.513790309429168701e-01,-1.368364244699478149e-01,-2.392364591360092163e-01,-1.562256813049316406e-01,-2.506564557552337646e-01,-1.429414004087448120e-01,-4.111323952674865723e-01,-1.592651009559631348e-01,-2.257071435451507568e-01,-2.428345233201980591e-01,-3.181264996528625488e-01,-2.326942086219787598e-01,-2.482546269893646240e-01,-2.341312766075134277e-01,3.823604881763458252e-01,3.410757780075073242e-01,2.288981080055236816e-01,3.206920325756072998e-01,2.000878751277923584e-01,3.516312837600708008e-01,2.040201798081398010e-02,1.895020008087158203e-01,-4.645306169986724854e-01,3.169703856110572815e-02,-1.000785157084465027e-01,7.089142221957445145e-03,5.410747528076171875e-01,2.699264287948608398e-01,-6.684392690658569336e-02,8.299437910318374634e-02,3.394310772418975830e-01,2.104204446077346802e-01,2.140054702758789062e-01,2.488247752189636230e-01,1.063413247466087341e-01,1.534085571765899658e-01,9.072184562683105469e-02,1.229390501976013184e-01,-2.382719218730926514e-01,2.044549733400344849e-01,-3.684468269348144531e-01,-1.095784530043601990e-01,7.975883036851882935e-02,1.213180087506771088e-02,1.059845238924026489e-01,1.210002228617668152e-01,7.797522097826004028e-02,1.154602020978927612e-01,2.880122326314449310e-02,7.286550849676132202e-02,5.578792095184326172e-02,1.195203736424446106e-01,6.315884739160537720e-02,-2.063638567924499512e-01,-2.622790336608886719e-01,3.613412380218505859e-02,4.242570698261260986e-02,-3.297575935721397400e-02,-7.602452486753463745e-02,-2.029649168252944946e-02
-2.127688080072402954e-01,-2.361257560551166534e-02,2.064661979675292969e-01,3.680804967880249023e-01,5.821974873542785645e-01,1.000000238418579102e+00,1.489318013191223145e-01,1.259236186742782593e-01,4.436405301094055176e-01,7.795736789703369141e-01,2.167066559195518494e-02,-4.583793133497238159e-02,1.995074003934860229e-01,1.417834162712097168e-01,4.663198888301849365e-01,6.236059665679931641e-01,-4.415708780288696289e-02,8.863525837659835815e-02,-6.013784185051918030e-02,-1.029051616787910461e-01,3.021207451820373535e-01,3.320380747318267822e-01,2.540535330772399902e-01,3.544034957885742188e-01,5.624489784240722656e-01,6.874876022338867188e-01,6.693812012672424316e-01,7.842169404029846191e-01,2.411469221115112305e-01,2.893539965152740479e-01,2.486681640148162842e-01,2.625722885131835938e-01,-3.983353376388549805e-01,-3.878897726535797119e-01,-2.825819253921508789e-01,-1.847182512283325195e-01,9.911889582872390747e-02,4.450761675834655762e-01,3.291226327419281006e-01,5.843108892440795898e-01,4.729396104812622070e-01,4.699476063251495361e-01,-4.421654716134071350e-02,-5.678896233439445496e-02,-1.235781461000442505e-01,-5.106697231531143188e-02,4.374473914504051208e-02,1.026148125529289246e-01,-8.501724153757095337e-02,-9.602749347686767578e-02,-8.905051276087760925e-03,-7.069370150566101074e-02,1.536602228879928589e-01,3.310207426548004150e-01,2.820558547973632812e-01,4.492244720458984375e-01,-1.987963318824768066e-01,-1.602363735437393188e-01,-3.020996153354644775e-01,-2.699406445026397705e-01,-2.892118990421295166e-01,-3.199557065963745117e-01,-6.071930751204490662e-02,-5.219250917434692383e-02,-1.718510836362838745e-01,-2.458134144544601440e-01,-3.892765641212463379e-01,-3.430029749870300293e-01,-2.222359627485275269e-01,-2.955316305160522461e-01,2.129337787628173828e-01,2.559915482997894287e-01,2.617443501949310303e-01,2.780171632766723633e-01,2.991339862346649170e-01,3.023941218852996826e-01,1.362756937742233276e-01,1.905175745487213135e-01,-2.565078064799308777e-02,1.727490127086639404e-01,1.304378807544708252e-01,2.404900193214416504e-01,6.298031210899353027e-01,6.475151181221008301e-01,1.245848461985588074e-01,2.927933037281036377e-01,4.815011322498321533e-01,5.246982574462890625e-01,4.129500389099121094e-01,6.125695705413818359e-01,3.743433654308319092e-01,4.410255849361419678e-01,1.997990459203720093e-01,2.334995120763778687e-01,1.206388771533966064e-01,3.843263387680053711e-01,1.350214630365371704e-01,3.494763374328613281e-01,2.400046437978744507e-01,2.749117910861968994e-01,7.448613643646240234e-02,7.289489358663558960e-02,3.087769448757171631e-02,5.174797400832176208e-02,5.602585524320602417e-02,5.408341810107231140e-02,6.360761076211929321e-02,1.646517366170883179e-01,3.024604022502899170e-01,1.864735335111618042e-01,1.216568648815155029e-01,2.022510766983032227e-01,2.388170063495635986e-01,1.014428660273551941e-01,8.078419417142868042e-02,1.126636713743209839e-01
-3.926712870597839355e-01,1.163797751069068909e-01,9.125020503997802734e-01,6.056165695190429688e-01,7.141586542129516602e-01,1.489318013191223145e-01,9.999994039535522461e-01,3.369702398777008057e-01,7.582691311836242676e-01,6.392026692628860474e-02,5.697288513183593750e-01,9.371215105056762695e-02,9.022846817970275879e-01,4.089461639523506165e-02,6.648535728454589844e-01,-3.112678788602352142e-02,-1.491840332746505737e-01,4.650756716728210449e-02,-5.417433753609657288e-02,-3.916694968938827515e-02,2.865819334983825684e-01,1.442132741212844849e-01,8.609833717346191406e-01,7.312237620353698730e-01,7.056918144226074219e-01,5.134798288345336914e-01,3.805342912673950195e-01,2.414386123418807983e-01,3.797482252120971680e-01,1.066315248608589172e-01,8.786455392837524414e-01,8.719552755355834961e-01,-5.540883867070078850e-04,9.265184402465820312e-02,-7.048723846673965454e-02,2.304103784263134003e-02,-5.855067968368530273e-01,1.733289659023284912e-02,-3.620977103710174561e-01,-1.903900504112243652e-01,2.572745084762573242e-01,4.415948688983917236e-02,-3.095731697976589203e-02,-4.981570690870285034e-02,-6.534253805875778198e-02,-1.477527804672718048e-02,-1.792368292808532715e-01,-1.899195462465286255e-01,5.182885006070137024e-02,-3.135783225297927856e-02,3.514137491583824158e-02,3.871156647801399231e-02,-1.888110488653182983e-01,-9.542476385831832886e-02,-2.431941628456115723e-01,-2.381172031164169312e-01,-4.229224920272827148e-01,2.566575072705745697e-02,-1.435667928308248520e-02,2.564630471169948578e-02,-2.018975839018821716e-02,8.083717525005340576e-02,-4.085947871208190918e-01,-8.673851378262042999e-03,-1.042822897434234619e-01,-1.582043431699275970e-02,-6.127519905567169189e-02,1.431251782923936844e-02,-1.985950171947479248e-01,-1.277601867914199829e-01,3.643051683902740479e-01,3.052717447280883789e-01,1.062773540616035461e-01,2.301804423332214355e-01,3.865553811192512512e-02,1.978353559970855713e-01,-3.080035187304019928e-02,1.920784711837768555e-01,-4.942996799945831299e-01,4.682737588882446289e-02,-1.164429560303688049e-01,-3.194138407707214355e-02,1.277573704719543457e-01,-8.437297493219375610e-02,-1.696132123470306396e-01,-3.844785690307617188e-02,2.150447852909564972e-02,-6.932219862937927246e-02,-1.039831191301345825e-01,-1.426438242197036743e-01,-2.134243398904800415e-01,-1.802513450384140015e-01,-1.841181963682174683e-01,-1.148191541433334351e-01,-3.943785727024078369e-01,-8.109521120786666870e-02,-5.279262065887451172e-01,-4.089183807373046875e-01,-7.379014790058135986e-02,-1.985160559415817261e-01,-4.307954572141170502e-03,4.466453974600881338e-04,-4.142829682677984238e-03,-4.882878856733441353e-04,-4.586736485362052917e-02,1.306678634136915207e-02,8.875973522663116455e-03,-4.623460397124290466e-02,-9.591401368379592896e-02,-3.370310664176940918e-01,-3.846793472766876221e-01,-9.023416787385940552e-02,-1.697281897068023682e-01,-2.023015618324279785e-01,-1.626359224319458008e-01,-8.950680494308471680e-02
3.923568725585937500e-01,6.030600070953369141e-01,2.316697537899017334e-01,4.135617017745971680e-01,1.419879198074340820e-01,1.259236186742782593e-01,3.369702398777008057e-01,9.999999403953552246e-01,1.704810410737991333e-01,1.077584847807884216e-01,5.453733801841735840e-01,6.853869557380676270e-01,3.456752598285675049e-01,6.717349290847778320e-01,7.619971036911010742e-02,6.645954400300979614e-02,4.080217182636260986e-01,6.192290186882019043e-01,-1.100176498293876648e-01,1.122962497174739838e-02,2.761288732290267944e-02,8.545480668544769287e-02,2.232158482074737549e-01,3.555698692798614502e-01,2.210662513971328735e-01,3.210809528827667236e-01,2.530291117727756500e-02,6.312364339828491211e-02,4.414325952529907227e-01,4.105011522769927979e-01,2.840397953987121582e-01,3.718543648719787598e-01,2.788557708263397217e-01,3.277848362922668457e-01,3.621548414230346680e-01,4.542225301265716553e-01,-4.191061109304428101e-02,6.351226568222045898e-02,-3.971742689609527588e-01,-2.214842587709426880e-01,5.509138107299804688e-03,-5.285792425274848938e-02,2.451487183570861816e-01,2.695524692535400391e-01,2.140491306781768799e-01,2.785773873329162598e-01,-8.142173173837363720e-04,5.477741360664367676e-02,3.005345165729522705e-01,4.041881263256072998e-01,3.300756514072418213e-01,2.734116315841674805e-01,-3.055041655898094177e-02,5.851564183831214905e-02,-3.239668011665344238e-01,-2.663123011589050293e-01,2.874334156513214111e-01,5.303677916526794434e-01,3.209340870380401611e-01,2.910626232624053955e-01,4.308606386184692383e-01,4.438805282115936279e-01,3.043957054615020752e-01,6.265246868133544922e-01,2.216665446758270264e-01,4.431062340736389160e-01,3.898911476135253906e-01,4.578525125980377197e-01,-8.339729160070419312e-02,1.256181672215461731e-02,3.789561390876770020e-01,4.018243849277496338e-01,2.828330993652343750e-01,2.847191989421844482e-01,1.923401504755020142e-01,1.270133703947067261e-01,3.335690200328826904e-01,4.069836735725402832e-01,1.753572225570678711e-01,4.279471635818481445e-01,4.272431135177612305e-01,5.272482037544250488e-01,-9.404073655605316162e-02,-5.972277745604515076e-02,2.534466385841369629e-01,3.709463477134704590e-01,-2.337154000997543335e-01,-1.983307003974914551e-01,-2.531151771545410156e-01,-1.555875241756439209e-01,-4.234530925750732422e-01,-3.576301336288452148e-01,-5.185478925704956055e-01,-4.463101923465728760e-01,-2.414555400609970093e-01,-1.940098255872726440e-01,-1.668472290039062500e-01,-1.888956427574157715e-01,-3.029462397098541260e-01,-3.387365639209747314e-01,-3.763353228569030762e-01,-4.160149991512298584e-01,-3.176138401031494141e-01,-3.969720602035522461e-01,-3.147590160369873047e-01,-2.830250561237335205e-01,-2.417376637458801270e-01,-3.595689237117767334e-01,-1.364819109439849854e-01,2.663580141961574554e-02,2.325900085270404816e-02,4.415211267769336700e-03,-2.231156527996063232e-01,-3.988526463508605957e-01,-3.526031970977783203e-01,-1.819003522396087646e-01
-5.164299011230468750e-01,3.664021566510200500e-02,7.904492616653442383e-01,6.033257246017456055e-01,8.811895251274108887e-01,4.436405301094055176e-01,7.582691311836242676e-01,1.704810410737991333e-01,1.000000357627868652e+00,4.085592925548553467e-01,4.588719606399536133e-01,1.161543559283018112e-02,7.873505949974060059e-01,1.973525993525981903e-02,8.452284932136535645e-01,2.510653734207153320e-01,-1.771964281797409058e-01,-9.050502441823482513e-03,-2.412541210651397705e-02,-8.462335914373397827e-02,4.547648727893829346e-01,3.334688842296600342e-01,7.761626243591308594e-01,6.840462684631347656e-01,8.107519149780273438e-01,6.749855875968933105e-01,6.686503887176513672e-01,5.256070494651794434e-01,3.714835345745086670e-01,1.495652645826339722e-01,8.000122904777526855e-01,7.829796075820922852e-01,-2.409921586513519287e-01,-1.633336395025253296e-01,-2.450473755598068237e-01,-1.250881254673004150e-01,-4.902206063270568848e-01,1.977153271436691284e-01,-1.542354375123977661e-01,9.700424224138259888e-02,4.726416766643524170e-01,2.627510428428649902e-01,-3.326984867453575134e-02,-3.452184423804283142e-02,-4.887058958411216736e-02,-2.569322474300861359e-02,-9.513946622610092163e-02,-8.424278348684310913e-02,1.317460183054208755e-02,-7.645058631896972656e-02,-1.955434493720531464e-02,-3.570155054330825806e-02,-8.352182805538177490e-02,8.012480102479457855e-03,-8.888421952724456787e-02,-2.045130915939807892e-02,-4.716166555881500244e-01,-9.181342273950576782e-02,-2.127408534288406372e-01,-1.248568892478942871e-01,-2.131498456001281738e-01,-9.906800091266632080e-02,-4.246816039085388184e-01,-1.093064025044441223e-01,-2.101598531007766724e-01,-1.918454021215438843e-01,-2.710489332675933838e-01,-1.867729127407073975e-01,-2.523999214172363281e-01,-2.361886352300643921e-01,4.037332832813262939e-01,3.649372756481170654e-01,2.040454447269439697e-01,3.121334910392761230e-01,1.569077223539352417e-01,3.260868489742279053e-01,-1.593488501384854317e-03,1.827910244464874268e-01,-4.824367761611938477e-01,7.938114553689956665e-02,-1.110182031989097595e-01,8.094442455330863595e-05,4.500447511672973633e-01,1.969582587480545044e-01,-1.131988465785980225e-01,6.155316531658172607e-02,2.457489371299743652e-01,1.193262115120887756e-01,1.616973578929901123e-01,1.498397141695022583e-01,2.525353617966175079e-02,8.460444957017898560e-02,3.480313345789909363e-02,7.676424831151962280e-02,-2.770905792713165283e-01,1.368869990110397339e-01,-4.318004846572875977e-01,-1.782647818326950073e-01,4.107148572802543640e-02,-1.724287122488021851e-02,4.308307915925979614e-02,1.002252399921417236e-01,1.145810633897781372e-02,6.242392584681510925e-02,1.847262866795063019e-02,6.486531347036361694e-02,1.265981420874595642e-02,5.208745598793029785e-02,6.723782420158386230e-02,-2.365617007017135620e-01,-2.996742427349090576e-01,-4.966274835169315338e-03,1.891859434545040131e-02,-4.075092077255249023e-02,-1.259505599737167358e-01,-4.462781921029090881e-02
-1.761935949325561523e-01,-8.974718861281871796e-03,1.218664720654487610e-01,2.938507497310638428e-01,4.464206099510192871e-01,7.795736789703369141e-01,6.392026692628860474e-02,1.077584847807884216e-01,4.085592925548553467e-01,1.000000000000000000e+00,-1.111573912203311920e-02,-4.184879828244447708e-03,1.069579347968101501e-01,1.580438464879989624e-01,4.279973506927490234e-01,7.314938306808471680e-01,6.985466461628675461e-03,1.260847598314285278e-01,-3.909044340252876282e-02,-8.714945614337921143e-02,3.348278105258941650e-01,3.785245716571807861e-01,1.180190518498420715e-01,1.864413768053054810e-01,4.028976559638977051e-01,4.937908649444580078e-01,5.832887887954711914e-01,6.605487465858459473e-01,2.328313142061233521e-01,3.084766268730163574e-01,1.527506262063980103e-01,1.836393773555755615e-01,-3.932775855064392090e-01,-3.863608241081237793e-01,-2.080720663070678711e-01,-1.222439408302307129e-01,1.856333613395690918e-01,4.141933917999267578e-01,3.260332047939300537e-01,4.910892546176910400e-01,4.372554719448089600e-01,3.746612370014190674e-01,2.268053032457828522e-02,2.840276807546615601e-03,-7.784982770681381226e-02,-2.829782664775848389e-02,1.365394443273544312e-01,1.812186539173126221e-01,-6.289570033550262451e-02,-1.189305111765861511e-01,2.236877009272575378e-02,-7.631079852581024170e-02,1.903780251741409302e-01,3.053844869136810303e-01,2.924965918064117432e-01,4.484282433986663818e-01,-1.616609096527099609e-01,-1.489300131797790527e-01,-3.083243966102600098e-01,-2.886479794979095459e-01,-2.426775395870208740e-01,-2.931447327136993408e-01,-4.098532721400260925e-02,-4.091767966747283936e-02,-1.387292146682739258e-01,-2.542710602283477783e-01,-3.348787724971771240e-01,-2.833579778671264648e-01,-2.218536734580993652e-01,-2.990117371082305908e-01,2.006759196519851685e-01,2.661415338516235352e-01,2.110709995031356812e-01,2.706068754196166992e-01,2.449782192707061768e-01,2.969620823860168457e-01,1.585153937339782715e-01,2.104629427194595337e-01,6.002582237124443054e-02,2.246949672698974609e-01,1.332177519798278809e-01,2.449488192796707153e-01,5.217148065567016602e-01,7.116296887397766113e-01,1.504887938499450684e-01,3.266586065292358398e-01,4.418263137340545654e-01,5.600959062576293945e-01,4.760717153549194336e-01,6.220555901527404785e-01,3.940568566322326660e-01,4.003187417984008789e-01,2.564367651939392090e-01,2.510866522789001465e-01,1.926821917295455933e-01,3.486094176769256592e-01,2.260125577449798584e-01,3.937471210956573486e-01,2.740371823310852051e-01,3.131901323795318604e-01,2.312771789729595184e-02,6.874169409275054932e-02,3.160763066262006760e-03,5.030671134591102600e-03,4.811422526836395264e-02,3.823673725128173828e-02,6.597232073545455933e-02,1.419862061738967896e-01,3.452013432979583740e-01,2.336764186620712280e-01,2.038794457912445068e-01,2.351377755403518677e-01,2.448692619800567627e-01,1.309718489646911621e-01,8.323203772306442261e-02,1.382520496845245361e-01
5.126193165779113770e-03,3.413709402084350586e-01,5.033068060874938965e-01,3.463443815708160400e-01,4.077104330062866211e-01,2.167066559195518494e-02,5.697288513183593750e-01,5.453733801841735840e-01,4.588719606399536133e-01,-1.111573912203311920e-02,1.000000238418579102e+00,5.625541806221008301e-01,6.457767486572265625e-01,5.250944495201110840e-01,4.287288784980773926e-01,3.306900709867477417e-02,4.176130294799804688e-01,5.310794711112976074e-01,-7.864532619714736938e-02,-4.946289956569671631e-02,3.278434276580810547e-01,2.644569575786590576e-01,5.093561410903930664e-01,5.162906050682067871e-01,4.427536129951477051e-01,4.191274344921112061e-01,2.634130716323852539e-01,1.612609177827835083e-01,6.202962994575500488e-01,4.057193696498870850e-01,5.978229641914367676e-01,6.143636703491210938e-01,1.617013961076736450e-01,2.378375083208084106e-01,1.476564407348632812e-01,2.646779119968414307e-01,-3.735575973987579346e-01,6.199187412858009338e-02,-3.513252437114715576e-01,-2.025723457336425781e-01,1.352289468050003052e-01,5.907370895147323608e-02,1.960380971431732178e-01,1.793728917837142944e-01,1.773736476898193359e-01,1.255423277616500854e-01,7.913543283939361572e-02,5.544880777597427368e-02,1.591639965772628784e-01,1.101972460746765137e-01,1.224206537008285522e-01,6.842045485973358154e-02,3.302425518631935120e-02,1.422270853072404861e-02,-2.070358246564865112e-01,-2.154169231653213501e-01,-4.407265782356262207e-02,2.395102679729461670e-01,4.679451510310173035e-02,9.520132094621658325e-02,1.553604453802108765e-01,2.501968443393707275e-01,-1.824282854795455933e-01,1.646878272294998169e-01,2.629327587783336639e-03,1.445324420928955078e-01,1.213370263576507568e-01,1.936731189489364624e-01,-1.362285912036895752e-01,-7.300253212451934814e-02,4.096222221851348877e-01,3.829344809055328369e-01,2.734740078449249268e-01,3.671844899654388428e-01,1.182575151324272156e-01,2.082968801259994507e-01,1.122600585222244263e-01,2.593523859977722168e-01,-4.418369010090827942e-02,3.361992835998535156e-01,3.585407137870788574e-01,3.994312882423400879e-01,4.745747148990631104e-02,-8.745200932025909424e-02,2.803280055522918701e-01,3.223753869533538818e-01,-1.773903071880340576e-01,-2.799165248870849609e-01,-2.881394140422344208e-02,-4.091963171958923340e-02,-2.873627543449401855e-01,-2.389942705631256104e-01,-3.296062350273132324e-01,-2.634467184543609619e-01,-1.885446012020111084e-01,-1.360996160656213760e-02,-2.843653857707977295e-01,-2.155969440937042236e-01,-6.181915104389190674e-02,-1.665267348289489746e-01,-6.373956054449081421e-02,-1.576634198427200317e-01,-4.994995426386594772e-03,-7.730546593666076660e-02,-9.385850280523300171e-02,-6.293874233961105347e-02,1.781564392149448395e-02,-1.052561700344085693e-01,-9.292317181825637817e-02,-1.665844768285751343e-01,-1.807280182838439941e-01,1.243134844116866589e-03,-1.709328293800354004e-01,-2.089840471744537354e-01,-2.255796492099761963e-01,-5.651682615280151367e-02
4.689037203788757324e-01,5.853217244148254395e-01,-1.941594108939170837e-02,2.357566542923450470e-02,-2.372188493609428406e-02,-4.583793133497238159e-02,9.371215105056762695e-02,6.853869557380676270e-01,1.161543559283018112e-02,-4.184879828244447708e-03,5.625541806221008301e-01,9.999999403953552246e-01,1.530493497848510742e-01,7.902079820632934570e-01,-3.396116569638252258e-02,3.440622612833976746e-02,5.569930076599121094e-01,6.742184162139892578e-01,-3.947576507925987244e-02,3.581956401467323303e-02,1.608963310718536377e-01,2.621464133262634277e-01,-1.032023504376411438e-02,7.431609183549880981e-02,-5.831403657793998718e-03,1.190486997365951538e-01,-4.257970675826072693e-02,-4.781657084822654724e-02,3.892084360122680664e-01,5.539959669113159180e-01,8.461131900548934937e-02,1.241132691502571106e-01,2.397834211587905884e-01,2.820281386375427246e-01,4.150912761688232422e-01,4.309711754322052002e-01,6.516109406948089600e-02,1.395256072282791138e-01,-2.912031114101409912e-01,-1.405864953994750977e-01,-3.085130453109741211e-02,9.972710162401199341e-02,3.713353872299194336e-01,3.954565525054931641e-01,3.130729198455810547e-01,3.528971076011657715e-01,2.198098897933959961e-01,2.590810656547546387e-01,3.474848568439483643e-01,4.352273941040039062e-01,3.350936472415924072e-01,2.881125509738922119e-01,1.777997016906738281e-01,1.437476873397827148e-01,-1.803130060434341431e-01,-1.764608174562454224e-01,3.467170596122741699e-01,4.405518770217895508e-01,2.008241713047027588e-01,1.649951338768005371e-01,3.383400440216064453e-01,4.467601180076599121e-01,2.686955332756042480e-01,4.577855169773101807e-01,2.629126310348510742e-01,3.800852000713348389e-01,3.543925285339355469e-01,4.017727375030517578e-01,-3.327647596597671509e-02,4.504458233714103699e-02,3.750391602516174316e-01,4.568094015121459961e-01,2.583774030208587646e-01,4.519727230072021484e-01,1.674796342849731445e-01,2.425495833158493042e-01,3.627369403839111328e-01,4.239208102226257324e-01,3.616227209568023682e-01,3.608484864234924316e-01,5.554587841033935547e-01,5.733518600463867188e-01,-8.764424175024032593e-02,2.314489101991057396e-03,4.259771704673767090e-01,4.499345719814300537e-01,-2.957666814327239990e-01,-2.431131154298782349e-01,-1.327993273735046387e-01,-5.045635998249053955e-02,-3.479845225811004639e-01,-3.386150300502777100e-01,-4.187000989913940430e-01,-4.277204275131225586e-01,-8.873376995325088501e-02,-9.902594983577728271e-02,-3.927211742848157883e-03,-3.898041322827339172e-02,-1.719788163900375366e-01,-2.001173943281173706e-01,-3.570160865783691406e-01,-4.280658662319183350e-01,-2.270373851060867310e-01,-3.901772797107696533e-01,-2.158815413713455200e-01,-2.787229120731353760e-01,-1.597683876752853394e-01,-3.101543784141540527e-01,-1.586886644363403320e-01,8.031849563121795654e-02,1.258462071418762207e-01,1.123514249920845032e-01,-1.969282329082489014e-01,-3.046368658542633057e-01,-2.522166371345520020e-01,-1.256669014692306519e-01
-4.096195399761199951e-01,9.470281004905700684e-02,8.844159841537475586e-01,6.170947551727294922e-01,7.413051128387451172e-01,1.995074003934860229e-01,9.022846817970275879e-01,3.456752598285675049e-01,7.873505949974060059e-01,1.069579347968101501e-01,6.457767486572265625e-01,1.530493497848510742e-01,1.000000238418579102e+00,1.505976915359497070e-01,7.300132513046264648e-01,5.671568587422370911e-02,-7.843983918428421021e-02,9.577322751283645630e-02,-5.342534929513931274e-02,-6.912335753440856934e-02,3.607162833213806152e-01,2.391323596239089966e-01,8.440404534339904785e-01,7.282209992408752441e-01,7.383330464363098145e-01,5.783162713050842285e-01,4.473448991775512695e-01,3.059611916542053223e-01,4.732469618320465088e-01,2.178802788257598877e-01,8.825355172157287598e-01,8.709375858306884766e-01,-3.575599566102027893e-02,5.987184122204780579e-02,-1.068196967244148254e-01,4.576831590384244919e-03,-5.835124850273132324e-01,8.740549534559249878e-02,-3.144325315952301025e-01,-1.193235591053962708e-01,2.994396090507507324e-01,1.310513168573379517e-01,-3.568728640675544739e-02,-3.988628461956977844e-02,-6.591358780860900879e-02,-2.811942994594573975e-02,-1.503112167119979858e-01,-1.473259925842285156e-01,7.468613237142562866e-02,-1.995543763041496277e-02,6.196407228708267212e-02,5.948977172374725342e-02,-1.284880638122558594e-01,-3.693416342139244080e-02,-1.640133559703826904e-01,-1.549434959888458252e-01,-4.240514636039733887e-01,-3.979340661317110062e-03,-8.619604259729385376e-02,-3.027421422302722931e-02,-4.859033599495887756e-02,4.644874483346939087e-02,-3.629301190376281738e-01,2.417025156319141388e-02,-1.061897501349449158e-01,-3.951930999755859375e-02,-1.268516331911087036e-01,-4.960236698389053345e-02,-2.396968156099319458e-01,-1.778180301189422607e-01,4.216460585594177246e-01,3.624088466167449951e-01,1.722836196422576904e-01,3.075774908065795898e-01,9.559059143066406250e-02,2.652309834957122803e-01,-7.312928210012614727e-05,2.197714000940322876e-01,-4.593156278133392334e-01,1.085769757628440857e-01,-2.769451774656772614e-02,3.976966440677642822e-02,2.412860691547393799e-01,-5.955458153039216995e-03,-9.215053915977478027e-02,4.348604753613471985e-02,6.158315390348434448e-02,-4.376676306128501892e-02,-2.867825794965028763e-03,-5.557037889957427979e-02,-1.480594426393508911e-01,-1.030230075120925903e-01,-1.350496560335159302e-01,-7.514680922031402588e-02,-3.247189819812774658e-01,-2.534645982086658478e-02,-4.933209121227264404e-01,-3.466145098209381104e-01,-7.627220358699560165e-03,-1.205736696720123291e-01,1.602135784924030304e-02,1.486865687184035778e-03,2.705148421227931976e-02,1.613214425742626190e-02,-2.660817466676235199e-02,2.485717833042144775e-02,1.478691212832927704e-02,-2.946955151855945587e-02,-1.915530487895011902e-02,-2.515633106231689453e-01,-3.465268015861511230e-01,-5.654015019536018372e-02,-1.189157962799072266e-01,-1.784628778696060181e-01,-1.461188942193984985e-01,-6.879448890686035156e-02
