1.000000238418579102e+00,5.825926661491394043e-01,3.142658174037933350e-01,3.705171346664428711e-01,1.995834894478321075e-02,-5.547783896327018738e-02,4.239558577537536621e-01,2.759294807910919189e-01,1.751656085252761841e-02,-8.023624867200851440e-02,3.503080606460571289e-01,3.206584751605987549e-01,2.776357531547546387e-01,1.576552391052246094e-01,1.288167685270309448e-01,-2.225052565336227417e-02,3.597174584865570068e-01,3.309905529022216797e-01,5.495287775993347168e-01,5.630235671997070312e-01,3.246954455971717834e-02,1.019730512052774429e-02,1.062388867139816284e-01,1.832008808851242065e-01,-8.660456538200378418e-02,-1.328679025173187256e-01,-1.693694107234477997e-02,-3.236678242683410645e-02,2.694533765316009521e-01,1.662123501300811768e-01,-3.133909031748771667e-02,-5.647049844264984131e-02,3.097000420093536377e-01,2.747597694396972656e-01,-1.304458826780319214e-01,-2.333848625421524048e-01,6.503592431545257568e-02,4.193990305066108704e-02,4.234453663229942322e-02,-3.395599126815795898e-02,1.364257335662841797e-01,6.663914024829864502e-02,2.229842245578765869e-01,1.822675466537475586e-01,2.726375460624694824e-01,2.058902084827423096e-01,1.672779768705368042e-01,1.591345369815826416e-01,2.605904936790466309e-01,2.022089809179306030e-01,2.538007795810699463e-01,1.647762954235076904e-01,2.821431159973144531e-01,1.846685409545898438e-01,2.037188857793807983e-01,1.674446463584899902e-01,6.848980188369750977e-01,5.518637299537658691e-01,5.877345204353332520e-01,5.044862627983093262e-01,5.198553204536437988e-01,2.022924423217773438e-01,5.324047803878784180e-01,4.214661419391632080e-01,1.952432096004486084e-02,-1.092344522476196289e-01,4.737758934497833252e-01,2.883572876453399658e-01,5.907560586929321289e-01,4.670645296573638916e-01,7.480230927467346191e-02,6.854884326457977295e-02,2.538016140460968018e-01,2.157584130764007568e-01,2.662098109722137451e-01,2.189205586910247803e-01,2.014545798301696777e-01,1.817698180675506592e-01,1.520880758762359619e-01,2.490942776203155518e-01,3.114694952964782715e-01,2.705729007720947266e-01,8.015868812799453735e-02,4.693252965807914734e-02,2.424766272306442261e-01,7.133042812347412109e-02,7.510074228048324585e-02,8.080954663455486298e-03,2.780005931854248047e-01,1.946164220571517944e-01,2.685295045375823975e-01,1.838874965906143188e-01,8.241962641477584839e-02,4.446870833635330200e-02,-5.113724246621131897e-02,-3.586371243000030518e-02,2.079144306480884552e-02,5.078822374343872070e-02,2.285420894622802734e-01,2.520639002323150635e-01,2.812992036342620850e-01,1.661088466644287109e-01,3.646845519542694092e-01,3.437499701976776123e-01,8.455387502908706665e-02,5.396747589111328125e-02,1.603015363216400146e-01,1.099162921309471130e-01,-1.581700704991817474e-02,-6.429003179073333740e-02,-1.708490587770938873e-02,1.745188832283020020e-01,1.380969136953353882e-01,2.519727349281311035e-01,1.438192129135131836e-01,-7.212460041046142578e-02
5.825926661491394043e-01,9.999995827674865723e-01,1.356212198734283447e-01,4.863176941871643066e-01,-1.449873298406600952e-02,3.188833594322204590e-02,2.072959691286087036e-01,3.782728314399719238e-01,-6.739281117916107178e-02,-4.781898111104965210e-02,2.384580373764038086e-01,3.294194936752319336e-01,1.029712557792663574e-01,2.116692215204238892e-01,2.681007375940680504e-03,4.032294452190399170e-02,2.499468028545379639e-01,5.364758372306823730e-01,4.553902149200439453e-01,5.791950225830078125e-01,6.650578975677490234e-02,9.962294250726699829e-02,1.135826930403709412e-01,2.540692687034606934e-01,4.913078621029853821e-03,-1.176105625927448273e-02,1.526910904794931412e-02,4.081767797470092773e-02,1.601680070161819458e-01,2.366396188735961914e-01,-1.649084873497486115e-02,1.726184599101543427e-02,1.961460411548614502e-01,1.944466382265090942e-01,-1.497534364461898804e-01,-2.047045379877090454e-01,1.629906892776489258e-02,1.013466715812683105e-01,5.355660989880561829e-02,5.953476205468177795e-02,1.973851174116134644e-01,8.193577826023101807e-02,2.787197232246398926e-01,2.808848023414611816e-01,3.973192870616912842e-01,3.706193268299102783e-01,2.067877948284149170e-01,2.371990233659744263e-01,4.075728058815002441e-01,4.257579445838928223e-01,3.477333486080169678e-01,3.989967703819274902e-01,3.264892399311065674e-01,3.383783698081970215e-01,1.967034786939620972e-01,2.420584559440612793e-01,6.332101225852966309e-01,7.562432289123535156e-01,4.925260245800018311e-01,5.766779780387878418e-01,3.870919644832611084e-01,2.220771312713623047e-01,3.920142948627471924e-01,5.022691488265991211e-01,-5.229223519563674927e-02,-5.883032828569412231e-02,5.049973726272583008e-01,3.670179545879364014e-01,6.348059177398681641e-01,5.809071660041809082e-01,1.378773003816604614e-01,1.467534452676773071e-01,2.680597305297851562e-01,1.969774216413497925e-01,3.167057931423187256e-01,1.874886900186538696e-01,2.296250015497207642e-01,2.661053240299224854e-01,4.015580192208290100e-02,3.741457164287567139e-01,2.690810859203338623e-01,5.006663799285888672e-01,2.324778214097023010e-02,1.510135978460311890e-01,7.295438647270202637e-02,2.721009850502014160e-01,1.568407267332077026e-01,6.648770719766616821e-02,9.646531939506530762e-02,2.184893786907196045e-01,2.758339643478393555e-01,1.831231862306594849e-01,7.231308519840240479e-02,5.348924547433853149e-02,-7.507708668708801270e-02,-2.633554302155971527e-02,-4.445939511060714722e-02,-1.225817482918500900e-02,2.971750199794769287e-01,2.325915843248367310e-01,1.632407605648040771e-01,3.891000896692276001e-02,2.313019186258316040e-01,1.792377382516860962e-01,9.847141802310943604e-02,7.006728649139404297e-02,1.445799618959426880e-01,1.297034621238708496e-01,-6.120513193309307098e-03,-1.354595869779586792e-01,-5.551530048251152039e-02,1.706594228744506836e-01,1.243698298931121826e-01,3.015719056129455566e-01,1.412937641143798828e-01,-6.834857910871505737e-02
3.142658174037933350e-01,1.356212198734283447e-01,9.999997615814208984e-01,4.529991149902343750e-01,-2.291869372129440308e-02,-1.425800025463104248e-01,7.287992835044860840e-01,3.544727861881256104e-01,2.089344710111618042e-02,-4.382778704166412354e-02,3.528269231319427490e-01,5.801723897457122803e-02,4.450699090957641602e-01,1.244387701153755188e-01,1.114395186305046082e-01,-6.976718455553054810e-02,6.974166631698608398e-02,4.350462928414344788e-02,2.192866355180740356e-01,1.281805783510208130e-01,3.997467458248138428e-02,2.850572578608989716e-02,6.384866237640380859e-01,5.625993609428405762e-01,1.791162639856338501e-01,1.713541001081466675e-01,3.006912767887115479e-02,-5.021079629659652710e-02,4.121234267950057983e-02,-9.360816329717636108e-02,4.373381137847900391e-01,3.867937028408050537e-01,2.832261323928833008e-01,2.329538762569427490e-01,2.453353106975555420e-01,1.336656510829925537e-01,-1.824093908071517944e-01,-2.033813111484050751e-02,-1.044614091515541077e-01,-7.529879361391067505e-02,-6.617213133722543716e-03,-1.977229565382003784e-01,-3.510731831192970276e-02,-7.891320437192916870e-02,5.432083085179328918e-02,2.151452191174030304e-02,-9.019048511981964111e-02,-9.884034842252731323e-02,-2.954865433275699615e-02,-7.071205880492925644e-03,-4.868166148662567139e-02,-1.897178404033184052e-02,-1.141847893595695496e-01,-4.156690090894699097e-02,-1.147880256175994873e-01,-7.925510406494140625e-02,1.413198262453079224e-01,7.221726328134536743e-02,1.529567539691925049e-01,2.587955445051193237e-02,1.519510149955749512e-01,8.215793222188949585e-02,-1.071408111602067947e-02,-1.631039567291736603e-02,4.186334013938903809e-01,1.810126155614852905e-01,2.149409949779510498e-01,3.455129638314247131e-02,2.205272018909454346e-01,1.549443453550338745e-01,2.407681792974472046e-01,2.614285945892333984e-01,1.572861075401306152e-01,-6.730197928845882416e-04,1.131173670291900635e-01,1.658260449767112732e-02,9.570317715406417847e-02,1.248610094189643860e-01,-1.151582039892673492e-02,8.862561732530593872e-02,-1.590887904167175293e-01,-3.138625994324684143e-02,-2.327836304903030396e-02,-1.240399628877639771e-01,1.229247525334358215e-01,-4.472389817237854004e-02,2.569907158613204956e-02,-7.040105760097503662e-02,8.029431849718093872e-02,4.336665198206901550e-02,-1.195199340581893921e-01,1.475276947021484375e-01,6.299093365669250488e-02,2.944723069667816162e-01,-8.401091396808624268e-02,-9.228143841028213501e-02,-4.553256928920745850e-02,-1.432072371244430542e-01,-1.517163962125778198e-01,-1.296863108873367310e-01,3.680685535073280334e-02,1.760507225990295410e-01,-4.681846126914024353e-03,4.950035363435745239e-02,1.902971044182777405e-02,-8.159875869750976562e-03,1.020710542798042297e-01,7.093445956707000732e-02,-8.322945795953273773e-03,3.267079358920454979e-03,-2.412042766809463501e-02,-5.880292132496833801e-02,-1.763493567705154419e-01,-4.152272641658782959e-02,-2.462112158536911011e-02,1.214265264570713043e-02
3.705171346664428711e-01,4.863176941871643066e-01,4.529991149902343750e-01,1.000000238418579102e+00,-1.061857417225837708e-01,5.524392053484916687e-02,4.258324503898620605e-01,7.403016686439514160e-01,-1.114108562469482422e-01,1.394899785518646240e-01,2.137067019939422607e-01,3.433274328708648682e-01,1.952977776527404785e-01,4.744465351104736328e-01,-1.117360368371009827e-01,1.081149652600288391e-01,3.515270352363586426e-02,1.899990439414978027e-01,2.082795351743698120e-01,2.857278585433959961e-01,-1.031728237867355347e-01,-3.016968630254268646e-02,4.366337656974792480e-01,6.638030409812927246e-01,1.745260804891586304e-01,1.693928092718124390e-01,-2.729216590523719788e-02,-8.144623599946498871e-03,-1.277734786272048950e-01,-6.460517644882202148e-02,6.014742329716682434e-02,1.731090098619461060e-01,-4.615967918653041124e-04,4.401932656764984131e-02,-9.943219274282455444e-02,-6.223934516310691833e-02,-3.438627719879150391e-01,-1.878883838653564453e-01,-2.674396932125091553e-01,-1.763714104890823364e-01,-2.042499184608459473e-02,-1.563228517770767212e-01,-1.112532541155815125e-01,-1.240871176123619080e-01,1.132083237171173096e-01,8.079259842634201050e-02,-2.140282094478607178e-01,-1.900565475225448608e-01,4.558088257908821106e-02,8.004985004663467407e-02,-3.758151456713676453e-02,4.059862717986106873e-02,-8.136320114135742188e-02,8.632506243884563446e-03,-2.257880270481109619e-01,-1.317440867424011230e-01,3.689987659454345703e-01,4.150162339210510254e-01,3.302163481712341309e-01,4.425191581249237061e-01,3.115628361701965332e-01,3.677233457565307617e-01,8.673513680696487427e-02,2.469342648983001709e-01,1.679058820009231567e-01,2.784638404846191406e-01,2.367257922887802124e-01,1.986695826053619385e-01,3.786748945713043213e-01,3.383241295814514160e-01,-4.803531616926193237e-02,8.539182692766189575e-02,9.483438730239868164e-02,-7.092553377151489258e-02,1.018964201211929321e-01,-3.894841670989990234e-02,-5.210794508457183838e-02,-2.682903083041310310e-03,-1.535625308752059937e-01,9.698367863893508911e-02,-1.114818379282951355e-01,2.363923937082290649e-01,-1.340359449386596680e-01,6.636623293161392212e-02,-9.681238234043121338e-02,1.933053880929946899e-01,2.550707384943962097e-02,8.802249096333980560e-03,-1.063742116093635559e-01,1.241896450519561768e-01,-1.234504953026771545e-01,-5.271033197641372681e-02,7.389996945858001709e-02,5.275455862283706665e-02,-2.839166522026062012e-01,-1.881371438503265381e-01,-3.675620257854461670e-01,-3.923661112785339355e-01,-2.071231752634048462e-01,-2.445877045392990112e-01,8.752409368753433228e-02,1.479289028793573380e-02,4.712197463959455490e-03,-2.189063280820846558e-02,-8.170862495899200439e-02,-1.558336317539215088e-01,1.193751096725463867e-01,4.203424975275993347e-02,-1.709720790386199951e-01,-3.276671469211578369e-01,-3.781388998031616211e-01,-2.417613118886947632e-01,-2.850263416767120361e-01,-1.078612729907035828e-01,-1.817335635423660278e-01,-2.613202035427093506e-01
1.995834894478321075e-02,-1.449873298406600952e-02,-2.291869372129440308e-02,-1.061857417225837708e-01,1.000000357627868652e+00,5.987730026245117188e-01,-4.614073783159255981e-02,-1.444524377584457397e-01,6.364765167236328125e-01,4.217459261417388916e-01,1.734589487314224243e-01,-8.209967985749244690e-03,1.535091996192932129e-01,-8.159930258989334106e-02,4.942839443683624268e-01,3.265237808227539062e-01,-1.830654405057430267e-02,3.733467683196067810e-02,4.497187957167625427e-02,7.006615400314331055e-02,2.095348536968231201e-01,1.894280165433883667e-01,1.443012952804565430e-01,5.833759531378746033e-02,2.883862555027008057e-01,2.364565134048461914e-01,5.857133865356445312e-01,5.095500946044921875e-01,9.745959937572479248e-02,8.193089812994003296e-02,1.551004499197006226e-01,9.087266772985458374e-02,7.609482109546661377e-02,5.587430670857429504e-02,1.911261528730392456e-01,1.374238431453704834e-01,2.469717562198638916e-01,1.711706519126892090e-01,1.781311184167861938e-01,1.950119584798812866e-01,1.949701905250549316e-01,2.293449044227600098e-01,1.204645633697509766e-01,6.090692803263664246e-02,2.967838943004608154e-02,-3.940058127045631409e-02,9.047164022922515869e-02,2.963013201951980591e-02,3.024559468030929565e-02,-6.718530505895614624e-02,7.476940751075744629e-02,2.280871570110321045e-02,8.870575577020645142e-02,6.713263690471649170e-02,2.080859243869781494e-01,1.309925317764282227e-01,2.182383090257644653e-02,-2.141278982162475586e-02,8.564649522304534912e-02,-5.028682202100753784e-02,1.165304556488990784e-01,-3.491894155740737915e-02,-1.535035762935876846e-02,-6.569775193929672241e-02,2.931610643863677979e-01,9.754623472690582275e-02,1.575459837913513184e-01,1.018494293093681335e-01,1.017651557922363281e-01,1.308293938636779785e-01,3.711701929569244385e-02,-4.479938000440597534e-02,3.122048452496528625e-02,-6.226917356252670288e-02,1.498222649097442627e-01,1.202496737241744995e-01,2.078052982687950134e-02,3.533956035971641541e-02,-4.881222173571586609e-02,7.940947264432907104e-02,1.183318793773651123e-01,1.624810844659805298e-01,3.855849504470825195e-01,1.882682591676712036e-01,4.552190005779266357e-01,3.071381449699401855e-01,2.735967934131622314e-01,1.771997362375259399e-01,3.871634602546691895e-01,3.473851680755615234e-01,2.653140723705291748e-01,2.776193320751190186e-01,3.783655464649200439e-01,2.295579761266708374e-01,2.758335322141647339e-02,-1.012773625552654266e-02,1.134418621659278870e-01,9.689130634069442749e-02,1.152316853404045105e-01,7.027572393417358398e-02,1.793137043714523315e-01,1.332489699125289917e-01,5.329585820436477661e-02,5.799373239278793335e-02,1.644985526800155640e-01,1.986593902111053467e-01,1.821468584239482880e-02,-1.393834128975868225e-02,1.982078514993190765e-02,2.395329624414443970e-02,6.108410656452178955e-02,7.303823530673980713e-02,1.235439628362655640e-01,1.512248218059539795e-01,1.472688466310501099e-01,-5.963842850178480148e-03
-5.547783896327018738e-02,3.188833594322204590e-02,-1.425800025463104248e-01,5.524392053484916687e-02,5.987730026245117188e-01,1.000000000000000000e+00,-1.432298719882965088e-01,2.396544627845287323e-02,4.096279442310333252e-01,5.911121964454650879e-01,3.711530938744544983e-02,6.566524505615234375e-02,1.916453614830970764e-02,6.668331474065780640e-02,2.385499477386474609e-01,4.673406183719635010e-01,-5.621339753270149231e-02,3.666038857772946358e-03,-6.946270167827606201e-02,-1.012419443577528000e-02,1.026556566357612610e-01,2.212342023849487305e-01,7.573638111352920532e-02,1.689457148313522339e-01,3.120213747024536133e-01,3.470457196235656738e-01,5.790454745292663574e-01,6.280090808868408203e-01,-5.529370903968811035e-02,5.950548127293586731e-02,-6.714145187288522720e-03,7.413376122713088989e-02,-1.272305548191070557e-01,-5.368864908814430237e-02,3.607121482491493225e-02,7.670906186103820801e-02,1.245261132717132568e-01,8.815713971853256226e-02,8.117759972810745239e-02,1.817837357521057129e-01,5.389672890305519104e-02,1.707277446985244751e-01,-2.667970256879925728e-04,-4.369415715336799622e-02,1.419331878423690796e-03,-4.524387046694755554e-02,-4.410412907600402832e-02,-3.183094784617424011e-02,1.790845580399036407e-02,-4.248549044132232666e-02,1.439416967332363129e-02,1.935509964823722839e-02,2.382164634764194489e-02,6.863787025213241577e-02,4.772221297025680542e-02,2.499797753989696503e-02,5.028229206800460815e-02,3.714817762374877930e-02,1.416093762964010239e-02,4.886421188712120056e-02,5.418945103883743286e-02,9.370019286870956421e-02,-1.098585426807403564e-01,-5.722506344318389893e-02,9.534816443920135498e-02,1.796648800373077393e-01,3.297520428895950317e-02,4.174099862575531006e-02,1.034408956766128540e-01,5.113143473863601685e-02,-3.423233330249786377e-02,-2.410510554909706116e-02,-5.815264955163002014e-02,-1.316563636064529419e-01,-4.138626158237457275e-03,-5.621368531137704849e-03,-1.177881211042404175e-01,-6.223961338400840759e-02,-6.351722031831741333e-02,6.006594374775886536e-02,6.440238654613494873e-02,1.262928247451782227e-01,2.484346926212310791e-01,2.481432706117630005e-01,1.914782822132110596e-01,2.998559474945068359e-01,1.776599138975143433e-01,2.358772903680801392e-01,1.212499588727951050e-01,3.011434078216552734e-01,1.152145415544509888e-01,4.689737781882286072e-02,3.191693723201751709e-01,3.027396462857723236e-02,2.703141421079635620e-03,2.308375015854835510e-02,4.237638786435127258e-03,9.722990915179252625e-03,2.121944352984428406e-02,-8.000688254833221436e-02,5.580952391028404236e-02,-8.246500790119171143e-02,-1.027825325727462769e-01,-1.377284228801727295e-01,6.998760998249053955e-02,5.537416413426399231e-02,-9.953166544437408447e-02,-1.634020656347274780e-01,4.676721524447202682e-03,-1.580312661826610565e-02,-6.981398910284042358e-02,-4.306673631072044373e-02,3.051327355206012726e-02,-3.432872518897056580e-02,-2.452646940946578979e-02,-2.410895191133022308e-02
4.239558577537536621e-01,2.072959691286087036e-01,7.287992835044860840e-01,4.258324503898620605e-01,-4.614073783159255981e-02,-1.432298719882965088e-01,1.000000119209289551e+00,4.122042357921600342e-01,8.834010362625122070e-02,1.627769693732261658e-02,4.991722106933593750e-01,2.004576921463012695e-01,5.468432307243347168e-01,1.985853463411331177e-01,1.697812676429748535e-01,-1.374155189841985703e-02,1.977572441101074219e-01,1.436376422643661499e-01,2.781385183334350586e-01,1.744454205036163330e-01,9.360749274492263794e-02,5.304901674389839172e-02,5.020794868469238281e-01,4.187970161437988281e-01,2.447589114308357239e-02,-5.751261953264474869e-03,-9.340921789407730103e-02,-1.362298429012298584e-01,1.763488203287124634e-01,1.662876456975936890e-02,3.981769979000091553e-01,3.481817245483398438e-01,3.806195557117462158e-01,3.514433801174163818e-01,1.257696896791458130e-01,3.674188256263732910e-02,-1.022260487079620361e-01,2.414407394826412201e-02,-5.007817596197128296e-02,-8.248867094516754150e-02,4.127623513340950012e-02,-1.363377124071121216e-01,2.967116236686706543e-02,6.335352081805467606e-03,1.312568187713623047e-01,8.705599606037139893e-02,-9.334452450275421143e-03,-4.219010472297668457e-02,-5.245530046522617340e-03,1.908051222562789917e-02,-2.720372565090656281e-02,-2.267242781817913055e-02,-5.417649075388908386e-02,-3.945743292570114136e-02,-4.849036037921905518e-02,-4.412595927715301514e-02,2.415472120046615601e-01,1.469120681285858154e-01,2.997010648250579834e-01,1.343066245317459106e-01,3.131980001926422119e-01,1.885198354721069336e-01,1.609353423118591309e-01,1.291747540235519409e-01,3.174438774585723877e-01,1.656142622232437134e-01,3.115202784538269043e-01,1.756723821163177490e-01,2.673620581626892090e-01,1.940291225910186768e-01,3.185422420501708984e-01,3.068200945854187012e-01,2.899853885173797607e-01,1.163127720355987549e-01,2.171199768781661987e-01,1.317207664251327515e-01,1.941164284944534302e-01,2.053140550851821899e-01,1.280634291470050812e-02,1.143345460295677185e-01,-8.232936263084411621e-02,1.512110047042369843e-02,-6.567580997943878174e-02,-1.478208154439926147e-01,1.075109690427780151e-01,-5.638403445482254028e-02,-3.226231411099433899e-02,-1.176323741674423218e-01,1.317798644304275513e-01,9.029587358236312866e-02,-5.080924835056066513e-03,1.327895969152450562e-01,8.795087039470672607e-02,2.150466889142990112e-01,4.121048375964164734e-03,-6.791722029447555542e-02,2.185679599642753601e-02,-5.915061011910438538e-02,-4.590822011232376099e-02,-1.775363646447658539e-02,1.533470153808593750e-01,2.324777543544769287e-01,1.317102760076522827e-01,1.426507532596588135e-01,4.375838488340377808e-02,-4.605941008776426315e-03,1.423012614250183105e-01,1.195584237575531006e-01,3.048485144972801208e-03,6.191082671284675598e-02,4.582025483250617981e-02,3.039584495127201080e-02,-2.480745129287242889e-02,5.212679505348205566e-02,4.791254177689552307e-02,3.995389491319656372e-02
2.759294807910919189e-01,3.782728314399719238e-01,3.544727861881256104e-01,7.403016686439514160e-01,-1.444524377584457397e-01,2.396544627845287323e-02,4.122042357921600342e-01,9.999997615814208984e-01,-9.053774178028106689e-02,2.050375044345855713e-01,2.234062552452087402e-01,4.472364783287048340e-01,2.149774730205535889e-01,6.056080460548400879e-01,-8.603708446025848389e-02,2.240397185087203979e-01,5.852186679840087891e-02,1.470643728971481323e-01,1.658733338117599487e-01,1.878632158041000366e-01,-9.253390878438949585e-02,-3.173946961760520935e-02,3.513116240501403809e-01,5.295546650886535645e-01,4.371613264083862305e-03,1.836782880127429962e-02,-1.545542478561401367e-01,-1.090601533651351929e-01,-8.604366332292556763e-02,-1.665193401277065277e-02,4.217442870140075684e-02,1.433560550212860107e-01,3.675201162695884705e-02,1.090276613831520081e-01,-1.373942941427230835e-01,-5.949032306671142578e-02,-2.837912440299987793e-01,-1.761821210384368896e-01,-2.193281501531600952e-01,-1.910477280616760254e-01,6.977336481213569641e-03,-1.083859726786613464e-01,-1.982641965150833130e-01,-1.648163646459579468e-01,2.601429261267185211e-02,1.506232842803001404e-02,-2.703292667865753174e-01,-2.294232398271560669e-01,-8.120898157358169556e-02,3.100110916420817375e-04,-1.499757915735244751e-01,-5.490565299987792969e-02,-1.520255208015441895e-01,-6.404471397399902344e-02,-2.323126792907714844e-01,-1.732312142848968506e-01,2.770112156867980957e-01,3.090286552906036377e-01,2.667500376701354980e-01,4.272668659687042236e-01,3.168955147266387939e-01,5.014682412147521973e-01,9.756964445114135742e-02,2.618676424026489258e-01,1.433731913566589355e-01,3.145901262760162354e-01,1.119049265980720520e-01,1.928396821022033691e-01,2.549397945404052734e-01,2.269718945026397705e-01,-5.513897910714149475e-02,7.967034727334976196e-02,1.322869360446929932e-01,-5.281361751258373260e-03,1.098989918828010559e-01,-3.030529618263244629e-02,-5.834902077913284302e-02,-1.567140035331249237e-02,-8.040191978216171265e-02,8.345212042331695557e-02,-1.214781552553176880e-01,1.769607961177825928e-01,-1.621355265378952026e-01,2.478421479463577271e-02,-1.436265408992767334e-01,2.018960863351821899e-01,-2.119104750454425812e-02,-4.871180746704339981e-03,-1.041093021631240845e-01,1.134202629327774048e-01,-1.580097228288650513e-01,-7.479245215654373169e-02,5.195444449782371521e-02,-2.766592986881732941e-02,-2.154774218797683716e-01,-1.877238899469375610e-01,-3.303427100181579590e-01,-3.651522397994995117e-01,-2.717016041278839111e-01,-2.592649459838867188e-01,9.432632476091384888e-02,3.444307669997215271e-02,1.759417727589607239e-02,-1.701169088482856750e-02,-1.275130659341812134e-01,-1.890941709280014038e-01,5.607859790325164795e-02,5.808060243725776672e-02,-1.848067641258239746e-01,-2.585176825523376465e-01,-3.401407599449157715e-01,-2.755806446075439453e-01,-2.525426745414733887e-01,-8.608764410018920898e-02,-1.626735329627990723e-01,-2.519494295120239258e-01
1.751656085252761841e-02,-6.739281117916107178e-02,2.089344710111618042e-02,-1.114108562469482422e-01,6.364765167236328125e-01,4.096279442310333252e-01,8.834010362625122070e-02,-9.053774178028106689e-02,1.000000119209289551e+00,5.265032052993774414e-01,2.612661421298980713e-01,8.398636430501937866e-02,2.454475611448287964e-01,3.413884202018380165e-03,5.386396646499633789e-01,3.304388225078582764e-01,3.491519764065742493e-02,3.890995308756828308e-02,2.255518361926078796e-02,-8.647656068205833435e-03,1.827176511287689209e-01,1.346893459558486938e-01,6.294062733650207520e-02,-3.650158643722534180e-02,1.026121303439140320e-01,-1.304919552057981491e-02,3.298440575599670410e-01,2.702274024486541748e-01,9.018744528293609619e-02,1.222222074866294861e-01,1.160850003361701965e-01,2.500821650028228760e-02,8.509107679128646851e-02,3.537457063794136047e-02,3.693022578954696655e-02,4.249503090977668762e-02,1.607079803943634033e-01,1.182115077972412109e-01,8.355049788951873779e-02,5.254327133297920227e-02,1.469938308000564575e-01,9.668705612421035767e-02,5.064073577523231506e-02,4.427212476730346680e-02,6.973631214350461960e-03,-6.275493651628494263e-02,7.149264216423034668e-02,-1.132500590756535530e-03,-5.050155147910118103e-02,-1.322229206562042236e-01,-1.983065158128738403e-02,-8.133456110954284668e-02,3.315586596727371216e-02,-3.241237625479698181e-02,1.071971058845520020e-01,2.861039899289608002e-02,-3.136121854186058044e-02,-8.124267309904098511e-02,1.493890434503555298e-01,-4.857362061738967896e-02,1.957795768976211548e-01,2.212956175208091736e-02,5.487007647752761841e-02,-5.103353783488273621e-02,2.186423242092132568e-01,7.077211886644363403e-02,8.272644877433776855e-02,2.990723773837089539e-02,5.376350134611129761e-03,3.931447397917509079e-03,7.920420914888381958e-02,2.783649368211627007e-03,3.900256380438804626e-02,-6.611874699592590332e-02,8.330494165420532227e-02,6.335473805665969849e-02,-4.820269346237182617e-02,-3.947028517723083496e-02,-4.094181582331657410e-02,-2.387085184454917908e-02,4.405209422111511230e-02,7.800854742527008057e-02,2.525330185890197754e-01,9.524266421794891357e-02,3.799840807914733887e-01,1.989245265722274780e-01,1.393721550703048706e-01,2.366992086172103882e-02,3.874566853046417236e-01,2.971417903900146484e-01,2.509613335132598877e-01,2.630526423454284668e-01,2.880803048610687256e-01,1.934465020895004272e-01,7.306104153394699097e-02,5.293312482535839081e-03,8.405337482690811157e-02,4.593473672866821289e-02,5.848623067140579224e-02,6.887182593345642090e-02,1.244480758905410767e-01,2.193976789712905884e-01,6.134655699133872986e-02,7.386976480484008789e-02,9.120386093854904175e-02,1.063102483749389648e-01,7.872252166271209717e-02,4.052045196294784546e-02,-1.357442047446966171e-02,5.477294698357582092e-02,3.923711180686950684e-02,4.313594847917556763e-02,1.030739620327949524e-01,1.091613397002220154e-01,5.929184705018997192e-02,1.467677112668752670e-02
-8.023624867200851440e-02,-4.781898111104965210e-02,-4.382778704166412354e-02,1.394899785518646240e-01,4.217459261417388916e-01,5.911121964454650879e-01,1.627769693732261658e-02,2.050375044345855713e-01,5.265032052993774414e-01,9.999995827674865723e-01,9.342098981142044067e-02,1.618019640445709229e-01,5.667872354388237000e-02,2.309184521436691284e-01,2.442362010478973389e-01,5.436931252479553223e-01,-1.062391400337219238e-01,-7.700856029987335205e-02,-6.522859632968902588e-02,-1.148148030042648315e-01,1.288546621799468994e-01,2.094403803348541260e-01,1.053742244839668274e-01,1.681435555219650269e-01,1.425788104534149170e-01,1.289360076189041138e-01,2.755126357078552246e-01,3.356840312480926514e-01,-1.123802661895751953e-01,2.967395633459091187e-02,1.255632098764181137e-02,6.517943739891052246e-02,-8.778701722621917725e-02,-3.506242111325263977e-02,-6.089505553245544434e-02,5.764406546950340271e-02,1.115038618445396423e-02,-3.381898999214172363e-02,-2.871617302298545837e-02,-6.660328246653079987e-03,5.027367919683456421e-02,2.156759984791278839e-02,-9.071455895900726318e-02,-8.382410556077957153e-02,-1.070455610752105713e-01,-1.295610666275024414e-01,-9.200874716043472290e-02,-1.027645170688629150e-01,-1.419408023357391357e-01,-1.726477742195129395e-01,-1.286318749189376831e-01,-1.387924849987030029e-01,-7.234011590480804443e-02,-7.328720390796661377e-02,-5.927400290966033936e-02,-6.974849849939346313e-02,-3.972667083144187927e-02,-3.935288637876510620e-02,1.056498587131500244e-01,8.926872164011001587e-02,1.681681424379348755e-01,2.287273705005645752e-01,-1.257382929325103760e-01,-9.401285648345947266e-02,1.656203866004943848e-01,2.888942360877990723e-01,-1.833489723503589630e-02,2.600424177944660187e-02,1.072732638567686081e-02,-4.309367015957832336e-02,-1.586474291980266571e-02,1.463299058377742767e-02,-4.830386489629745483e-02,-1.441314369440078735e-01,-3.233993425965309143e-02,-3.527990356087684631e-02,-1.543913781642913818e-01,-1.598276942968368530e-01,-6.711656600236892700e-02,-4.537897557020187378e-02,-1.283169537782669067e-01,1.768230460584163666e-02,5.133078247308731079e-02,1.119371280074119568e-01,1.196252331137657166e-01,2.447644621133804321e-01,6.133906915783882141e-02,1.747251898050308228e-01,1.520783305168151855e-01,3.877257108688354492e-01,6.761718541383743286e-02,5.004008859395980835e-02,2.557697296142578125e-01,6.866090744733810425e-02,8.732644491828978062e-04,-2.505244873464107513e-02,-7.158503681421279907e-02,-8.443135768175125122e-02,-1.363846212625503540e-01,-1.563867926597595215e-01,1.211053654551506042e-01,5.965048074722290039e-02,-2.323283813893795013e-02,-6.209010630846023560e-02,2.565742097795009613e-02,-2.485372498631477356e-02,-9.138539433479309082e-03,-7.541807740926742554e-02,-6.682360917329788208e-02,-2.260476583614945412e-03,-1.420713514089584351e-01,-1.585016250610351562e-01,-2.228382416069507599e-02,-1.310552377253770828e-02,-5.134486407041549683e-02,-5.041454359889030457e-02
3.503080606460571289e-01,2.384580373764038086e-01,3.528269231319427490e-01,2.137067019939422607e-01,1.734589487314224243e-01,3.711530938744544983e-02,4.991722106933593750e-01,2.234062552452087402e-01,2.612661421298980713e-01,9.342098981142044067e-02,9.999998211860656738e-01,4.062974750995635986e-01,6.977089047431945801e-01,3.193951547145843506e-01,4.998129606246948242e-01,1.216754391789436340e-01,2.491787821054458618e-01,3.398077189922332764e-01,2.010567635297775269e-01,1.656479984521865845e-01,1.643692106008529663e-01,1.128244251012802124e-01,2.726747989654541016e-01,1.997432410717010498e-01,8.722974918782711029e-03,-7.970952242612838745e-02,3.606504201889038086e-02,-7.972797378897666931e-03,2.937357425689697266e-01,2.032376527786254883e-01,2.593709826469421387e-01,1.732829213142395020e-01,2.380381226539611816e-01,2.090562731027603149e-01,5.777671188116073608e-02,-6.752597540616989136e-02,5.450639873743057251e-02,1.664846688508987427e-01,1.364774852991104126e-01,8.198371529579162598e-02,1.406961679458618164e-01,6.405793130397796631e-02,4.862252995371818542e-02,3.079776093363761902e-02,1.088526993989944458e-01,1.963237300515174866e-02,4.926360771059989929e-02,-1.569931022822856903e-02,-4.830494523048400879e-02,-1.601272262632846832e-02,-1.346049644052982330e-02,-6.452660076320171356e-03,7.927638292312622070e-02,-1.923580467700958252e-02,1.016556471586227417e-01,2.267135865986347198e-02,1.294532567262649536e-01,2.117913514375686646e-01,4.154302179813385010e-01,1.978150457143783569e-01,4.996590316295623779e-01,2.704783976078033447e-01,2.253899425268173218e-01,1.960317045450210571e-01,3.406164944171905518e-01,1.481839567422866821e-01,2.902937829494476318e-01,1.870580762624740601e-01,2.697312533855438232e-01,1.949903517961502075e-01,3.886108100414276123e-01,2.567962110042572021e-01,3.777680993080139160e-01,1.677610427141189575e-01,3.401646614074707031e-01,2.097760289907455444e-01,2.605402469635009766e-01,2.578995525836944580e-01,-2.731633000075817108e-02,2.657495439052581787e-01,3.119365870952606201e-02,1.961953043937683105e-01,9.755300730466842651e-02,7.312346133403480053e-04,3.593977689743041992e-01,1.708455234766006470e-01,1.208810359239578247e-01,-8.830981678329408169e-04,3.723953366279602051e-01,2.147773802280426025e-01,1.740384846925735474e-01,1.876200735569000244e-01,1.627319753170013428e-01,1.107772141695022583e-01,1.329778283834457397e-01,6.468443572521209717e-02,1.115116477012634277e-01,6.970997899770736694e-03,6.732467561960220337e-02,6.214500218629837036e-02,1.990549117326736450e-01,2.677030563354492188e-01,1.505434364080429077e-01,1.337200999259948730e-01,5.504331365227699280e-02,3.705204278230667114e-02,8.989656716585159302e-02,6.457217782735824585e-02,2.530215075239539146e-03,1.120490357279777527e-01,7.825455069541931152e-02,1.146916449069976807e-01,1.074515134096145630e-01,1.251655220985412598e-01,8.932556211948394775e-02,3.864289075136184692e-02
3.206584751605987549e-01,3.294194936752319336e-01,5.801723897457122803e-02,3.433274328708648682e-01,-8.209967985749244690e-03,6.566524505615234375e-02,2.004576921463012695e-01,4.472364783287048340e-01,8.398636430501937866e-02,1.618019640445709229e-01,4.062974750995635986e-01,1.000000000000000000e+00,3.063938319683074951e-01,5.774939656257629395e-01,1.308278441429138184e-01,3.099177479743957520e-01,3.093279004096984863e-01,3.568180799484252930e-01,3.260098397731781006e-01,2.832710742950439453e-01,5.664422735571861267e-02,1.082584783434867859e-01,4.132771119475364685e-02,1.359190195798873901e-01,-1.904919445514678955e-01,-1.437642425298690796e-01,-1.409767270088195801e-01,-6.112240627408027649e-02,2.543390691280364990e-01,3.607357740402221680e-01,-9.960957802832126617e-03,-5.152515601366758347e-03,1.236445605754852295e-01,1.760908216238021851e-01,-2.118934690952301025e-01,-1.908748447895050049e-01,1.004450861364603043e-02,2.659711986780166626e-02,6.578794866800308228e-02,-4.553359001874923706e-03,4.756401479244232178e-02,1.416787505149841309e-01,-8.245977014303207397e-02,-5.512391030788421631e-02,1.558975130319595337e-02,-3.549648448824882507e-02,-1.177393123507499695e-01,-9.641056507825851440e-02,-1.110867261886596680e-01,-7.849489897489547729e-02,-1.503364294767379761e-01,-1.175667867064476013e-01,1.174727454781532288e-02,-7.978423684835433960e-02,-4.116652533411979675e-02,-7.544954866170883179e-02,2.611326277256011963e-01,2.864835560321807861e-01,3.479435443878173828e-01,4.059167206287384033e-01,4.553838968276977539e-01,4.653691351413726807e-01,3.197737932205200195e-01,3.551489412784576416e-01,2.995845675468444824e-02,1.166763156652450562e-01,1.478684246540069580e-01,2.278085649013519287e-01,2.625743746757507324e-01,2.195416241884231567e-01,8.023849874734878540e-02,9.339933097362518311e-02,2.533302009105682373e-01,1.693309545516967773e-01,1.996022611856460571e-01,1.137027814984321594e-01,9.697882086038589478e-02,1.165750175714492798e-01,1.715608388185501099e-01,2.485013604164123535e-01,1.750408858060836792e-01,2.621433436870574951e-01,-2.755165565758943558e-03,1.009058132767677307e-01,1.206595823168754578e-01,1.939566582441329956e-01,2.629873529076576233e-02,4.345178604125976562e-02,1.628658771514892578e-01,1.656829863786697388e-01,3.885507211089134216e-02,1.871850341558456421e-02,2.177953161299228668e-02,-1.427476406097412109e-01,6.918026506900787354e-02,8.708530664443969727e-02,9.193788282573223114e-03,-2.710077352821826935e-02,-7.072999328374862671e-02,-2.272770553827285767e-02,1.091651469469070435e-01,8.398344367742538452e-02,9.260188043117523193e-02,1.241202466189861298e-02,-5.217503756284713745e-02,-1.346478909254074097e-01,7.390291988849639893e-02,9.104136377573013306e-02,-2.530676312744617462e-02,5.592161044478416443e-02,-9.551109373569488525e-02,-5.442262068390846252e-02,-1.913092099130153656e-02,6.635674089193344116e-02,-4.588612169027328491e-02,-8.642961829900741577e-02
2.776357531547546387e-01,1.029712557792663574e-01,4.450699090957641602e-01,1.952977776527404785e-01,1.535091996192932129e-01,1.916453614830970764e-02,5.468432307243347168e-01,2.149774730205535889e-01,2.454475611448287964e-01,5.667872354388237000e-02,6.977089047431945801e-01,3.063938319683074951e-01,1.000000119209289551e+00,3.622054755687713623e-01,4.887868463993072510e-01,1.326078325510025024e-01,2.872257828712463379e-01,2.275391519069671631e-01,1.129680573940277100e-01,7.946098595857620239e-02,1.432954967021942139e-01,5.692844465374946594e-02,3.409369289875030518e-01,2.666898071765899658e-01,8.032794296741485596e-02,1.975640654563903809e-02,4.843863099813461304e-02,4.465433012228459120e-04,3.321544826030731201e-01,1.624007076025009155e-01,3.839575648307800293e-01,2.968460917472839355e-01,2.365279048681259155e-01,2.248707115650177002e-01,1.376154273748397827e-01,-4.152574110776185989e-03,4.433908499777317047e-03,8.908750116825103760e-02,7.114255428314208984e-02,1.754694245755672455e-02,8.247012645006179810e-02,1.888917200267314911e-02,-1.213160064071416855e-02,-4.257005080580711365e-02,1.132089197635650635e-01,-8.045287802815437317e-03,-7.447323761880397797e-03,-5.165801569819450378e-02,-5.302488803863525391e-02,-6.707992404699325562e-02,-3.321745619177818298e-02,-6.948553770780563354e-02,3.978682309389114380e-02,-8.045644313097000122e-02,1.918765902519226074e-02,-4.380940645933151245e-02,7.180665433406829834e-02,4.751224815845489502e-02,2.392081171274185181e-01,4.618376493453979492e-02,2.948548495769500732e-01,1.817140877246856689e-01,1.774477064609527588e-01,1.105788201093673706e-01,3.439753353595733643e-01,1.007236912846565247e-01,1.726914197206497192e-01,7.496888190507888794e-02,1.916065514087677002e-01,6.319833546876907349e-02,3.673709332942962646e-01,2.954564094543457031e-01,3.598876595497131348e-01,1.892871856689453125e-01,2.402898818254470825e-01,1.648396104574203491e-01,2.672820389270782471e-01,2.442237436771392822e-01,7.547314465045928955e-02,2.328850924968719482e-01,8.294459432363510132e-02,1.328451484441757202e-01,9.953562170267105103e-02,-3.549797460436820984e-03,3.531080782413482666e-01,6.786368787288665771e-02,4.965906590223312378e-02,-3.886978328227996826e-02,3.246355652809143066e-01,1.291413754224777222e-01,8.147171884775161743e-02,1.120038405060768127e-01,1.273400932550430298e-01,1.210100352764129639e-01,9.029181301593780518e-02,4.027572274208068848e-02,5.042258650064468384e-02,-5.187550187110900879e-02,-4.120033700019121170e-03,-3.363743424415588379e-02,1.697499603033065796e-01,2.477347552776336670e-01,1.078718900680541992e-01,8.454265445470809937e-02,1.460977550595998764e-02,1.613049581646919250e-02,1.079722568392753601e-01,6.621795147657394409e-02,-3.421455249190330505e-02,5.581956356763839722e-02,3.591590002179145813e-02,5.722223594784736633e-02,3.660440444946289062e-02,3.478620573878288269e-02,1.253202371299266815e-02,5.051200091838836670e-02
