1.000000357627868652e+00,4.114834964275360107e-01,3.163794577121734619e-01,-7.848411053419113159e-02,8.337907493114471436e-02,-1.844040304422378540e-01,3.294106721878051758e-01,3.993560001254081726e-02,1.155792102217674255e-01,-7.906523346900939941e-02,6.043215394020080566e-01,2.172190099954605103e-01,5.769498348236083984e-01,2.624201774597167969e-01,2.889301478862762451e-01,6.329424679279327393e-02,3.080101311206817627e-01,9.227828681468963623e-02,3.875095248222351074e-01,6.057373061776161194e-02,-6.127558276057243347e-02,-2.371193468570709229e-02,1.907044649124145508e-01,9.611220657825469971e-02,6.111086346209049225e-03,-1.132510602474212646e-01,1.645743995904922485e-01,2.292074412107467651e-01,3.189213871955871582e-01,-9.919874370098114014e-03,-6.734687089920043945e-02,-6.359274685382843018e-02,1.568268388509750366e-01,3.709733486175537109e-02,-8.663257583975791931e-03,-1.562599688768386841e-01,2.059140428900718689e-02,1.745798811316490173e-02,1.229925602674484253e-01,2.638107910752296448e-02,1.173055246472358704e-01,3.190841292962431908e-03,-1.853742152452468872e-01,-3.753213956952095032e-02,-3.383776247501373291e-01,-3.759123682975769043e-01,1.008582413196563721e-01,2.903352119028568268e-02,1.698449552059173584e-01,5.045315623283386230e-02,1.876143813133239746e-01,2.108521163463592529e-01,2.715928256511688232e-01,3.547725379467010498e-01,1.491013467311859131e-01,2.267548888921737671e-01,6.110897660255432129e-01,3.435803353786468506e-01,3.658899962902069092e-01,2.080471664667129517e-01,3.904721140861511230e-01,4.941698908805847168e-02,2.246749997138977051e-01,1.607439965009689331e-01,-1.594522409141063690e-02,7.239659875631332397e-02,7.535296678543090820e-02,-1.599623858928680420e-01,8.640814572572708130e-02,-2.127388119697570801e-02,5.834235623478889465e-02,-6.071817129850387573e-02,1.603184193372726440e-01,1.810916326940059662e-02,2.113749533891677856e-01,2.238663472235202789e-02,2.529349327087402344e-01,6.621137261390686035e-02,2.468804866075515747e-01,2.283193171024322510e-01,-5.579997226595878601e-02,-9.526405483484268188e-02,6.525290012359619141e-02,-1.318102926015853882e-01,2.371656596660614014e-01,1.057836562395095825e-01,2.233480103313922882e-02,8.379757404327392578e-02,1.520768851041793823e-01,3.703210130333900452e-02,-3.875689208507537842e-02,-1.570831835269927979e-01,-9.042367339134216309e-02,1.113147661089897156e-02,-5.908017512410879135e-03,9.507026523351669312e-02,4.647469893097877502e-02,1.492166370153427124e-01,1.081844046711921692e-01,1.469663381576538086e-01,-1.854774951934814453e-01,3.382457047700881958e-02,6.552086770534515381e-02,9.866926074028015137e-02,1.484580039978027344e-01,1.155198663473129272e-01,1.391681432723999023e-01,-2.707490324974060059e-01,-1.321913450956344604e-01,-1.235248818993568420e-01,-6.252662092447280884e-02,-8.765947073698043823e-02,1.535437814891338348e-02,7.444670051336288452e-02,6.345508247613906860e-02,3.013761341571807861e-02
4.114834964275360107e-01,1.000000238418579102e+00,3.383177146315574646e-02,6.011631339788436890e-02,-3.357256203889846802e-02,5.259097367525100708e-02,1.585703492164611816e-01,1.220447570085525513e-01,2.815158963203430176e-01,1.154595538973808289e-01,3.008372783660888672e-01,3.329858481884002686e-01,2.624025642871856689e-01,1.937930285930633545e-01,2.006875425577163696e-01,1.263708919286727905e-01,1.921405941247940063e-01,1.890108883380889893e-01,4.249622225761413574e-01,4.631365835666656494e-01,-7.152137905359268188e-02,1.908146589994430542e-02,7.515296339988708496e-03,6.871556490659713745e-02,4.937251657247543335e-02,1.563988626003265381e-02,-1.669775694608688354e-02,8.896570652723312378e-02,2.833024859428405762e-01,8.082287013530731201e-02,7.860429584980010986e-02,1.218366101384162903e-01,2.224920690059661865e-01,1.252036094665527344e-01,-7.994975149631500244e-02,-1.480132639408111572e-01,2.098145186901092529e-01,1.009901240468025208e-01,1.639484167098999023e-01,1.478157341480255127e-01,1.806854009628295898e-01,5.563429091125726700e-03,-8.039965480566024780e-02,-5.522464402019977570e-03,-8.709329366683959961e-02,-1.194143816828727722e-01,1.394540071487426758e-01,3.550298139452934265e-02,5.924185365438461304e-02,4.823982343077659607e-02,-4.874626174569129944e-02,9.288606047630310059e-02,2.508369386196136475e-01,3.045960664749145508e-01,2.071672528982162476e-01,2.512603104114532471e-01,4.308514893054962158e-01,5.960599780082702637e-01,4.019021689891815186e-01,4.379134476184844971e-01,3.265622556209564209e-01,4.775213003158569336e-01,1.465991139411926270e-01,3.664576709270477295e-01,4.008540883660316467e-03,1.343044936656951904e-01,1.920174211263656616e-01,-9.303934872150421143e-02,4.245189130306243896e-01,3.449997305870056152e-01,1.653333157300949097e-01,9.381289035081863403e-02,1.012231707572937012e-01,-2.090453356504440308e-02,9.695304185152053833e-02,1.102303117513656616e-01,2.324617058038711548e-01,2.271792739629745483e-01,1.674751788377761841e-01,1.598775535821914673e-01,6.526096258312463760e-03,1.673260517418384552e-02,1.334949433803558350e-01,8.292111568152904510e-03,1.232990622520446777e-01,1.574002653360366821e-01,1.878334730863571167e-01,2.443213462829589844e-01,-3.460510075092315674e-02,1.396936476230621338e-01,1.724085360765457153e-01,1.595462411642074585e-01,1.372862886637449265e-02,1.386462599039077759e-01,4.351463541388511658e-02,7.433253526687622070e-02,1.533638834953308105e-01,1.853682398796081543e-01,3.860541582107543945e-01,3.244968354701995850e-01,-1.166653260588645935e-01,-6.673615425825119019e-03,5.153828114271163940e-02,2.322955522686243057e-03,1.243339329957962036e-01,7.191501557826995850e-02,6.478777527809143066e-02,5.147522687911987305e-02,5.679386109113693237e-02,1.035684794187545776e-01,1.269810348749160767e-01,1.770022064447402954e-01,2.784788906574249268e-01,1.177012473344802856e-01,1.521380268968641758e-03,-1.755713671445846558e-02
3.163794577121734619e-01,3.383177146315574646e-02,1.000000476837158203e+00,3.540845513343811035e-01,1.225186809897422791e-01,-2.516088783740997314e-01,6.200746297836303711e-01,-8.050764910876750946e-03,8.096662163734436035e-02,-3.312016427516937256e-01,3.574685752391815186e-01,-5.073318257927894592e-02,3.566895127296447754e-01,4.792014136910438538e-02,1.673843264579772949e-01,1.556122116744518280e-02,1.154744299128651619e-03,3.693835064768791199e-02,4.106852710247039795e-01,1.911882609128952026e-01,1.258653774857521057e-02,2.156419903039932251e-01,6.370528340339660645e-01,5.732039213180541992e-01,3.661128282546997070e-01,2.215056866407394409e-01,2.883118987083435059e-01,1.040165778249502182e-02,2.297467142343521118e-01,5.006693303585052490e-02,4.399786591529846191e-01,3.981860280036926270e-01,1.709349751472473145e-01,7.834102213382720947e-02,3.901502788066864014e-01,3.470316529273986816e-01,8.085195720195770264e-02,2.318434417247772217e-01,1.755411028861999512e-01,9.740640223026275635e-02,1.312458962202072144e-01,-5.175988376140594482e-02,3.571085259318351746e-02,-7.376024127006530762e-02,-1.917022764682769775e-01,-2.266016900539398193e-01,7.515117526054382324e-02,1.940181702375411987e-01,-3.294240832328796387e-01,-3.954972922801971436e-01,-5.029787123203277588e-02,-1.461552232503890991e-01,-1.328365877270698547e-02,2.788573801517486572e-01,4.793684929609298706e-02,3.609615564346313477e-02,3.293638229370117188e-01,1.664806753396987915e-01,-9.921507537364959717e-02,-2.569153308868408203e-01,-1.807692497968673706e-01,-1.147077083587646484e-01,-1.607420593500137329e-01,-1.979830265045166016e-01,2.372430115938186646e-01,2.734251916408538818e-01,7.439428474754095078e-03,-1.285425126552581787e-01,-2.436436899006366730e-02,-7.629849761724472046e-02,3.889960050582885742e-01,2.744515836238861084e-01,3.166329562664031982e-01,2.287560701370239258e-01,2.738790512084960938e-01,1.211107894778251648e-01,1.473252028226852417e-01,8.571328222751617432e-02,2.232141979038715363e-02,1.192000135779380798e-02,-2.062043398618698120e-01,-9.231486916542053223e-02,1.292920857667922974e-01,-1.425053626298904419e-01,1.111308932304382324e-01,1.278322339057922363e-01,-2.814547531306743622e-02,-6.856394559144973755e-02,-7.213158905506134033e-02,-1.866565495729446411e-01,-2.140764594078063965e-01,-2.845354080200195312e-01,-1.567051373422145844e-02,1.348727494478225708e-01,4.766099527478218079e-02,1.492830514907836914e-01,1.636712066829204559e-02,1.134592592716217041e-01,-1.827977150678634644e-01,-7.892463356256484985e-02,1.709474176168441772e-01,3.602521717548370361e-01,2.630633413791656494e-01,3.310951888561248779e-01,3.199774920940399170e-01,3.024386465549468994e-01,8.765453845262527466e-02,-1.512686014175415039e-01,-1.737248003482818604e-01,-4.190278798341751099e-02,1.337411552667617798e-01,1.636944338679313660e-02,3.625141456723213196e-02,5.184925720095634460e-02,1.261668652296066284e-01,1.535811126232147217e-01
-7.848411053419113159e-02,6.011631339788436890e-02,3.540845513343811035e-01,1.000000238418579102e+00,-2.337668091058731079e-01,5.916097015142440796e-02,4.062943160533905029e-01,5.982743501663208008e-01,-2.211090475320816040e-01,-1.431465744972229004e-01,-6.082972139120101929e-02,2.711841464042663574e-01,-3.950742259621620178e-02,2.065648287534713745e-01,-1.761118918657302856e-01,-1.011195480823516846e-01,-9.261480532586574554e-03,2.714046239852905273e-01,-7.419754751026630402e-03,2.731685042381286621e-01,-1.245808601379394531e-01,1.169439554214477539e-01,1.264958232641220093e-01,5.145359039306640625e-01,-7.985264062881469727e-02,5.986960232257843018e-02,-2.026298791170120239e-01,-2.821378111839294434e-01,2.369769662618637085e-01,3.020170927047729492e-01,3.136864900588989258e-01,5.505241751670837402e-01,1.846994608640670776e-01,2.858940660953521729e-01,1.110088825225830078e-01,1.179428249597549438e-01,-1.154262125492095947e-01,4.929542914032936096e-02,-1.424213964492082596e-02,-5.701973289251327515e-02,-8.503913879394531250e-02,-1.361790150403976440e-01,5.343758687376976013e-02,1.262789368629455566e-01,-9.976059943437576294e-02,4.056791961193084717e-02,5.758150946348905563e-03,1.769481897354125977e-01,-2.571630775928497314e-01,-3.860121965408325195e-02,-1.571337133646011353e-01,5.855287238955497742e-02,-7.120096683502197266e-02,2.023271024227142334e-01,3.859236463904380798e-02,2.117967978119850159e-02,1.506031453609466553e-01,3.911830112338066101e-02,-2.820182219147682190e-02,2.774557471275329590e-02,-1.797945648431777954e-01,1.409943848848342896e-01,8.914776146411895752e-03,3.788861259818077087e-02,3.598653674125671387e-01,3.284107148647308350e-01,4.266149923205375671e-02,-3.460095962509512901e-03,1.177094429731369019e-01,-3.677614405751228333e-02,1.545674204826354980e-01,2.523297071456909180e-01,2.896835803985595703e-01,2.917175590991973877e-01,2.576843798160552979e-01,1.979481279850006104e-01,-3.145979717373847961e-02,9.557185322046279907e-02,-1.688901185989379883e-01,-3.249124065041542053e-02,-6.516098231077194214e-02,3.145155264064669609e-03,-1.255917698144912720e-01,-1.925145387649536133e-01,-8.172106742858886719e-02,1.782564669847488403e-01,-2.238249927759170532e-01,-1.794182509183883667e-01,-2.360293418169021606e-01,-8.666562288999557495e-02,-2.343792021274566650e-01,-3.050219118595123291e-01,-7.252572476863861084e-02,-4.065723717212677002e-02,-7.487070560455322266e-02,-4.227522760629653931e-03,-6.666378467343747616e-04,7.070649415254592896e-02,-1.404148489236831665e-01,-8.159459382295608521e-02,1.977033466100692749e-01,2.395291924476623535e-01,2.912193238735198975e-01,2.933214306831359863e-01,2.105692178010940552e-01,2.465815842151641846e-01,1.291060587391257286e-03,-3.388467431068420410e-02,-4.875203967094421387e-02,-2.437494508922100067e-02,5.128417164087295532e-02,-1.532758474349975586e-01,-6.672424077987670898e-02,7.154677063226699829e-02,1.259089559316635132e-01,1.499465554952621460e-01
8.337907493114471436e-02,-3.357256203889846802e-02,1.225186809897422791e-01,-2.337668091058731079e-01,9.999999403953552246e-01,1.966425925493240356e-01,-6.830331683158874512e-02,-3.701656460762023926e-01,4.508052468299865723e-01,1.027510762214660645e-01,1.403498500585556030e-01,-1.481838971376419067e-01,9.538146853446960449e-02,-1.853156387805938721e-01,4.372967779636383057e-01,2.331726998090744019e-01,-1.183232665061950684e-01,-3.229098916053771973e-01,2.768824994564056396e-01,-1.299778372049331665e-02,3.334003090858459473e-01,2.038962393999099731e-01,2.189052253961563110e-01,-1.421588379889726639e-02,3.848028182983398438e-01,3.026500046253204346e-01,3.356253802776336670e-01,4.239370226860046387e-01,-6.637798994779586792e-02,-1.726278215646743774e-01,1.092729717493057251e-01,-1.003425493836402893e-01,-1.684306114912033081e-01,-1.748498231172561646e-01,1.148848235607147217e-01,1.614972651004791260e-01,1.890534609556198120e-01,-7.217802107334136963e-02,5.429093539714813232e-02,2.170567959547042847e-02,1.016286015510559082e-01,-2.968386001884937286e-02,-4.400034993886947632e-02,-7.865498960018157959e-02,2.530598267912864685e-02,-8.910973370075225830e-02,3.260237351059913635e-02,-8.562438189983367920e-02,2.002714946866035461e-02,-2.196518480777740479e-01,6.737177073955535889e-02,-1.299951523542404175e-01,7.528355717658996582e-02,-1.534380316734313965e-01,7.122862339019775391e-02,-6.532453745603561401e-02,-2.213635668158531189e-02,-1.029101759195327759e-01,-1.883158087730407715e-01,-2.264092564582824707e-01,-9.691330045461654663e-02,-2.211811840534210205e-01,-5.634748376905918121e-03,-3.047565519809722900e-01,-1.384503543376922607e-01,-1.330380290746688843e-01,-9.793625771999359131e-02,-3.345404565334320068e-02,-6.695739924907684326e-02,-6.731437891721725464e-02,1.449513584375381470e-01,-5.037365108728408813e-02,-3.097760677337646484e-02,-1.207745298743247986e-01,-6.497614551335573196e-03,6.074410676956176758e-02,9.379851073026657104e-02,-6.187237054109573364e-02,5.446604266762733459e-02,-8.724302798509597778e-02,7.911696098744869232e-03,-1.034326702356338501e-01,1.753237098455429077e-01,-1.345762144774198532e-02,7.010621577501296997e-02,-2.166164964437484741e-01,1.516635566949844360e-01,8.940604329109191895e-02,1.592176258563995361e-01,-2.743466757237911224e-02,-6.619075685739517212e-02,2.416774071753025055e-02,-1.004930064082145691e-01,1.418588683009147644e-02,9.818228334188461304e-02,6.969922035932540894e-02,7.888688892126083374e-02,-4.249463602900505066e-02,6.926896423101425171e-02,-1.024819631129503250e-02,-5.900668352842330933e-02,-8.642137795686721802e-02,-3.321761637926101685e-02,-1.709073930978775024e-01,2.595720998942852020e-02,-8.024448156356811523e-02,5.186468735337257385e-02,3.601623931899666786e-03,5.167229473590850830e-02,2.671366743743419647e-02,3.808919340372085571e-02,1.027735620737075806e-01,1.834829002618789673e-01,8.437820710241794586e-03,-1.882675103843212128e-02,-1.569593101739883423e-01
-1.844040304422378540e-01,5.259097367525100708e-02,-2.516088783740997314e-01,5.916097015142440796e-02,1.966425925493240356e-01,9.999997615814208984e-01,-2.715358734130859375e-01,1.549086272716522217e-01,1.261928975582122803e-01,4.920529127120971680e-01,-1.026659682393074036e-01,2.452975064516067505e-01,-1.804807037115097046e-01,1.757513582706451416e-01,1.239637807011604309e-01,2.119221985340118408e-01,1.325301378965377808e-01,-6.651034206151962280e-02,-5.411360040307044983e-02,8.875668048858642578e-02,1.966762393712997437e-01,2.730189859867095947e-01,-1.981140822172164917e-01,-5.604823818430304527e-04,-9.525988996028900146e-02,1.494367718696594238e-01,5.741001106798648834e-03,3.336561620235443115e-01,2.233534492552280426e-02,5.134759098291397095e-02,-1.179339084774255753e-02,-1.510452758520841599e-02,-4.492885619401931763e-02,1.324306726455688477e-01,-1.448461860418319702e-01,-1.137366071343421936e-01,2.166660130023956299e-01,-1.910388022661209106e-01,1.293378472328186035e-01,3.968469332903623581e-03,1.987143158912658691e-01,-1.137274056673049927e-01,5.387357249855995178e-02,1.273120045661926270e-01,2.040158361196517944e-01,2.579340040683746338e-01,4.890267550945281982e-02,-2.640814147889614105e-02,1.317364722490310669e-01,2.053079009056091309e-01,2.756942622363567352e-02,2.750049717724323273e-02,1.484031826257705688e-01,2.245290391147136688e-02,1.085816025733947754e-01,1.040639728307723999e-01,-7.962764799594879150e-02,-1.033498868346214294e-01,5.242523178458213806e-02,1.511875241994857788e-01,5.032456666231155396e-02,1.935965418815612793e-01,1.275448650121688843e-01,1.010765880346298218e-01,-6.347110122442245483e-02,-1.636498491279780865e-03,2.828420884907245636e-02,5.975093320012092590e-02,4.852620884776115417e-02,4.300165921449661255e-02,-1.415933519601821899e-01,-8.128403872251510620e-02,-4.403711482882499695e-02,-4.908278957009315491e-02,-6.530837714672088623e-02,3.758507221937179565e-02,-9.907457977533340454e-02,-3.770521655678749084e-02,1.944973319768905640e-01,1.297059506177902222e-01,1.563064008951187134e-01,5.769770592451095581e-02,1.414410918951034546e-01,-2.540531754493713379e-02,1.171526089310646057e-01,5.148438736796379089e-02,1.960903406143188477e-01,1.608250886201858521e-01,1.172191724181175232e-01,2.126635611057281494e-01,1.566729992628097534e-01,1.285433918237686157e-01,1.731169759295880795e-03,-5.387338623404502869e-02,3.426294401288032532e-02,1.129498332738876343e-02,1.058015525341033936e-01,-1.740155182778835297e-02,1.436476707458496094e-01,9.063991904258728027e-02,-1.104658916592597961e-01,-1.831751167774200439e-01,-1.799395382404327393e-01,-2.285207659006118774e-01,-1.479561179876327515e-01,-1.490399241447448730e-01,-4.043710231781005859e-02,7.529640942811965942e-02,1.980839442694559693e-04,6.559775024652481079e-02,-5.778054147958755493e-02,1.276031732559204102e-01,6.032110378146171570e-02,1.697313487529754639e-01,1.236427873373031616e-01,-4.799886420369148254e-02
3.294106721878051758e-01,1.585703492164611816e-01,6.200746297836303711e-01,4.062943160533905029e-01,-6.830331683158874512e-02,-2.715358734130859375e-01,9.999997019767761230e-01,2.082533985376358032e-01,3.369262674823403358e-03,-4.066238105297088623e-01,3.053331375122070312e-01,1.018235161900520325e-01,3.917153477668762207e-01,1.063154265284538269e-01,-5.255653988569974899e-03,-1.083379611372947693e-01,1.676088720560073853e-01,2.630833387374877930e-01,2.993053495883941650e-01,2.153895497322082520e-01,-2.107698321342468262e-01,3.155320882797241211e-02,3.678785860538482666e-01,4.058602154254913330e-01,7.097505778074264526e-02,-3.055531717836856842e-02,-1.901597715914249420e-02,-2.173380255699157715e-01,3.433943092823028564e-01,1.939141452312469482e-01,3.190036416053771973e-01,3.832928836345672607e-01,2.546474635601043701e-01,1.579331606626510620e-01,2.432831078767776489e-01,1.456113755702972412e-01,7.773444056510925293e-03,2.750029563903808594e-01,1.330083608627319336e-01,9.645014256238937378e-02,7.789871096611022949e-02,-3.483835235238075256e-02,-2.359431050717830658e-02,-8.966071158647537231e-02,-2.608401179313659668e-01,-2.556146681308746338e-01,-8.551631122827529907e-03,1.466801017522811890e-01,-3.602618575096130371e-01,-3.348721265792846680e-01,-2.567159533500671387e-01,-1.711326390504837036e-01,-5.995973944664001465e-02,3.034491539001464844e-01,4.930096864700317383e-02,-1.618350972421467304e-03,3.358391225337982178e-01,1.994906365871429443e-01,-1.159203052520751953e-02,-1.725654453039169312e-01,-6.239481642842292786e-02,1.962085254490375519e-02,-1.171360686421394348e-01,-4.891508445143699646e-02,3.043994903564453125e-01,1.785143911838531494e-01,-1.286316756159067154e-02,-1.652857661247253418e-01,1.192214861512184143e-01,-3.128260001540184021e-02,3.328951597213745117e-01,3.210529983043670654e-01,3.740015625953674316e-01,3.716117739677429199e-01,3.450197279453277588e-01,2.061848938465118408e-01,2.590214610099792480e-01,1.987985074520111084e-01,4.229697585105895996e-02,1.258848756551742554e-01,-2.082238793373107910e-01,-6.137469783425331116e-02,3.098576702177524567e-02,-7.918666303157806396e-02,7.859978824853897095e-03,8.144906163215637207e-02,-2.129292637109756470e-01,-1.517777442932128906e-01,-2.250609397888183594e-01,-3.152286410331726074e-01,-1.912269890308380127e-01,-2.773445546627044678e-01,-8.605404756963253021e-03,1.561259180307388306e-01,7.426378875970840454e-02,1.575299054384231567e-01,-1.221172697842121124e-02,1.115125343203544617e-01,-1.658769994974136353e-01,-9.764278680086135864e-02,1.531239598989486694e-01,2.434100359678268433e-01,3.190177083015441895e-01,3.754058480262756348e-01,3.221514821052551270e-01,3.181551694869995117e-01,1.819488853216171265e-01,-9.527362883090972900e-02,-1.349185109138488770e-01,3.513560816645622253e-02,1.660401076078414917e-01,4.051323607563972473e-02,2.702483534812927246e-02,5.477124825119972229e-02,8.831762522459030151e-02,1.868754029273986816e-01
3.993560001254081726e-02,1.220447570085525513e-01,-8.050764910876750946e-03,5.982743501663208008e-01,-3.701656460762023926e-01,1.549086272716522217e-01,2.082533985376358032e-01,9.999998211860656738e-01,-2.791409492492675781e-01,-2.259234897792339325e-03,-3.447912633419036865e-02,4.796970784664154053e-01,1.751875132322311401e-02,4.380041956901550293e-01,-2.763289213180541992e-01,-3.169924914836883545e-01,2.189440280199050903e-01,4.518308341503143311e-01,-1.487991064786911011e-01,6.624023616313934326e-02,-3.289973437786102295e-01,-9.331345558166503906e-02,-2.515595853328704834e-01,1.741010546684265137e-01,-4.961731731891632080e-01,-3.056977093219757080e-01,-4.435224831104278564e-01,-2.811995148658752441e-01,2.003925442695617676e-01,2.250569611787796021e-01,-5.616828054189682007e-02,2.176909595727920532e-01,1.071671321988105774e-01,2.870618104934692383e-01,-2.270216047763824463e-01,-2.814548313617706299e-01,-1.683265119791030884e-01,-6.300190836191177368e-02,4.668978974223136902e-02,-2.281708084046840668e-02,-7.067468762397766113e-02,-1.410981118679046631e-01,-9.406374301761388779e-04,2.280362546443939209e-01,-1.028463095426559448e-01,6.063432618975639343e-02,-4.032566770911216736e-02,5.526167899370193481e-02,3.361779078841209412e-02,3.021648228168487549e-01,-7.406554371118545532e-02,2.987898886203765869e-01,3.776327148079872131e-02,2.116767019033432007e-01,1.380974203348159790e-01,1.020208373665809631e-01,1.627500653266906738e-01,-1.028252113610506058e-02,1.975077837705612183e-01,2.866431176662445068e-01,1.086457222700119019e-01,3.035102486610412598e-01,1.374749392271041870e-01,2.613729834556579590e-01,2.086675763130187988e-01,2.885506153106689453e-01,1.401318162679672241e-01,5.880984663963317871e-02,9.047401696443557739e-02,-4.742904752492904663e-02,-7.477284222841262817e-02,3.927917405962944031e-02,1.611645966768264771e-01,1.940953135490417480e-01,2.152901440858840942e-01,1.590069383382797241e-01,-1.866429485380649567e-02,8.263652771711349487e-02,-2.462327852845191956e-02,1.625947952270507812e-01,-4.451638087630271912e-02,-9.642525576055049896e-03,-2.632716596126556396e-01,-2.218699306249618530e-01,-9.634980559349060059e-02,9.262839704751968384e-02,-2.814642190933227539e-01,-1.772694736719131470e-01,-7.028385251760482788e-02,4.409488663077354431e-02,-9.120286256074905396e-02,-2.382280677556991577e-01,-2.794671989977359772e-02,-1.215414255857467651e-01,-1.859399229288101196e-01,-9.229487925767898560e-02,-5.461156740784645081e-02,1.037625875324010849e-02,-1.418795436620712280e-02,4.843979701399803162e-02,8.503729850053787231e-02,6.260293722152709961e-02,1.815703511238098145e-01,1.922851204872131348e-01,1.295695155858993530e-01,1.643051952123641968e-01,4.431973397731781006e-02,-6.798056513071060181e-02,-9.317862242460250854e-02,-1.687756031751632690e-01,-1.765668541193008423e-01,-1.288690119981765747e-01,-1.108884140849113464e-01,3.989397361874580383e-02,6.690318137407302856e-02,1.200730726122856140e-01
1.155792102217674255e-01,2.815158963203430176e-01,8.096662163734436035e-02,-2.211090475320816040e-01,4.508052468299865723e-01,1.261928975582122803e-01,3.369262674823403358e-03,-2.791409492492675781e-01,9.999999403953552246e-01,3.672026097774505615e-01,1.792700886726379395e-01,-9.243934601545333862e-02,1.495798975229263306e-01,-1.146447136998176575e-01,5.774633884429931641e-01,2.194156795740127563e-01,-7.148683816194534302e-02,-1.612298488616943359e-01,4.543748497962951660e-01,2.952293455600738525e-01,2.595633566379547119e-01,1.397010833024978638e-01,1.728699505329132080e-01,-3.724784776568412781e-02,4.263213276863098145e-01,3.019972145557403564e-01,2.470514923334121704e-01,3.444611430168151855e-01,1.536941621452569962e-03,-1.738121360540390015e-01,2.139745056629180908e-01,-5.785877257585525513e-02,4.097928106784820557e-02,-5.232617259025573730e-02,2.622040361166000366e-02,7.275324314832687378e-02,2.837187051773071289e-01,8.899836242198944092e-02,1.119774878025054932e-01,2.067972421646118164e-01,1.761300861835479736e-01,4.072836413979530334e-02,-4.891461879014968872e-02,-1.390473246574401855e-01,-2.233422920107841492e-02,-1.055944412946701050e-01,1.490646749734878540e-01,5.617910251021385193e-02,-6.067675724625587463e-02,-2.660466134548187256e-01,-1.274406611919403076e-01,-2.784165740013122559e-01,-2.561653591692447662e-02,-7.859095185995101929e-02,4.780269414186477661e-02,9.268575161695480347e-02,8.570738136768341064e-02,2.631544172763824463e-01,-1.116458699107170105e-01,-5.297934263944625854e-02,7.591395080089569092e-02,1.290731579065322876e-01,-1.530792117118835449e-01,-8.680520951747894287e-02,-4.941812902688980103e-02,8.349106647074222565e-03,1.646422222256660461e-02,-7.766520231962203979e-02,2.015909403562545776e-01,9.184817969799041748e-02,2.273484915494918823e-01,6.172137707471847534e-02,6.492222845554351807e-02,-1.141210049390792847e-01,-6.166260316967964172e-02,4.517855495214462280e-02,2.644030451774597168e-01,1.744803786277770996e-01,1.866226047277450562e-01,6.135000661015510559e-02,1.509273611009120941e-02,-4.007300361990928650e-02,2.300237417221069336e-01,9.629427222535014153e-04,-3.955030813813209534e-03,-1.539413034915924072e-01,3.460831344127655029e-01,3.150646984577178955e-01,2.347473055124282837e-02,2.730654180049896240e-02,1.572288870811462402e-01,1.800498664379119873e-01,-1.099301055073738098e-01,6.760702282190322876e-02,-3.239786997437477112e-02,6.930717080831527710e-02,1.051164716482162476e-01,3.281948342919349670e-02,2.480852156877517700e-01,1.276263743638992310e-01,-1.514368355274200439e-01,-1.617778688669204712e-01,-1.027320101857185364e-01,-3.064148724079132080e-01,-4.015048965811729431e-02,-1.865679472684860229e-01,-3.162013739347457886e-02,4.528468102216720581e-02,3.485709801316261292e-02,1.267904788255691528e-01,2.214617878198623657e-01,2.414595037698745728e-01,2.982350885868072510e-01,6.673924624919891357e-02,-1.007550954818725586e-01,-2.527391612529754639e-01
-7.906523346900939941e-02,1.154595538973808289e-01,-3.312016427516937256e-01,-1.431465744972229004e-01,1.027510762214660645e-01,4.920529127120971680e-01,-4.066238105297088623e-01,-2.259234897792339325e-03,3.672026097774505615e-01,1.000000119209289551e+00,-9.765857458114624023e-02,6.480041891336441040e-02,-2.458338290452957153e-01,-3.447194769978523254e-02,3.071554899215698242e-01,3.274325430393218994e-01,-4.171079024672508240e-02,-1.573021858930587769e-01,-4.137559980154037476e-02,1.474661976099014282e-01,3.508383333683013916e-01,1.303803920745849609e-01,-1.256326884031295776e-01,-1.920460313558578491e-01,8.927737921476364136e-02,2.379259020090103149e-01,1.629923582077026367e-01,3.552153110504150391e-01,-2.021991312503814697e-01,-9.439517557621002197e-02,-6.579276919364929199e-02,-2.344196587800979614e-01,-2.001620084047317505e-02,2.182918041944503784e-02,-1.251949816942214966e-01,-6.722477078437805176e-02,1.270320415496826172e-01,-1.471813023090362549e-01,-5.008870363235473633e-02,-8.204052597284317017e-02,-1.224430929869413376e-02,5.418153852224349976e-02,-8.696305751800537109e-02,-1.188277304172515869e-01,7.438477873802185059e-02,1.249869763851165771e-01,6.793859601020812988e-02,-5.625164881348609924e-02,1.523243784904479980e-01,1.035738661885261536e-01,1.669529825448989868e-02,-1.259704828262329102e-01,-6.643361598253250122e-02,-1.273340731859207153e-01,-1.108459979295730591e-01,7.693459093570709229e-02,-1.250627040863037109e-01,6.372790038585662842e-02,-6.356581300497055054e-02,1.264410316944122314e-01,1.248604729771614075e-01,1.704208999872207642e-01,3.847586363554000854e-02,1.070374473929405212e-01,-1.053256019949913025e-01,-4.491280391812324524e-02,-2.709951624274253845e-02,1.169364620000123978e-02,-1.346292253583669662e-02,5.983692407608032227e-02,-1.409951746463775635e-01,-1.824745684862136841e-01,-2.219097018241882324e-01,-2.279858291149139404e-01,-3.150829076766967773e-01,-1.661835908889770508e-01,-9.085163474082946777e-02,-2.377122640609741211e-02,1.036999598145484924e-01,1.236120983958244324e-01,2.330605238676071167e-01,1.203321292996406555e-01,1.618843823671340942e-01,1.775729842483997345e-02,1.767677627503871918e-02,-5.821412429213523865e-02,3.709918260574340820e-01,3.810463845729827881e-01,2.097954601049423218e-01,3.091329038143157959e-01,3.344844877719879150e-01,3.254734873771667480e-01,-6.171843782067298889e-02,-5.862923339009284973e-02,-6.090597435832023621e-02,-3.788986429572105408e-02,2.970556169748306274e-02,-1.828311085700988770e-01,1.823550909757614136e-01,2.842892706394195557e-02,-2.721008360385894775e-01,-3.227660655975341797e-01,-3.245804905891418457e-01,-4.744732081890106201e-01,-3.204261958599090576e-01,-3.367628455162048340e-01,-1.506202965974807739e-01,-1.911089383065700531e-02,7.695829868316650391e-02,1.127053722739219666e-01,4.212348163127899170e-02,-2.782490849494934082e-02,1.432627141475677490e-01,1.895268112421035767e-01,9.792406857013702393e-02,-1.138297691941261292e-01
6.043215394020080566e-01,3.008372783660888672e-01,3.574685752391815186e-01,-6.082972139120101929e-02,1.403498500585556030e-01,-1.026659682393074036e-01,3.053331375122070312e-01,-3.447912633419036865e-02,1.792700886726379395e-01,-9.765857458114624023e-02,1.000000476837158203e+00,2.067721635103225708e-01,5.744250416755676270e-01,3.383080065250396729e-01,3.155266344547271729e-01,5.202033370733261108e-02,3.852841556072235107e-01,1.265057772397994995e-01,4.340322315692901611e-01,8.911238610744476318e-02,-6.745852530002593994e-02,5.164574086666107178e-02,2.585493028163909912e-01,1.727343499660491943e-01,3.358950093388557434e-02,-7.273206114768981934e-02,1.291861683130264282e-01,1.959707885980606079e-01,3.370496630668640137e-01,-4.352956637740135193e-02,4.250787198543548584e-02,6.152427941560745239e-02,1.610707193613052368e-01,6.007622554898262024e-02,1.209556832909584045e-01,-9.599728509783744812e-03,1.978277862071990967e-01,1.289771050214767456e-01,2.101718485355377197e-01,9.464769065380096436e-02,2.367556393146514893e-01,-5.150623247027397156e-02,-6.554391980171203613e-02,-1.730505190789699554e-02,-1.490706354379653931e-01,-2.307748198509216309e-01,1.837222129106521606e-01,1.532397568225860596e-01,8.910887688398361206e-02,-4.216971993446350098e-02,1.556322425603866577e-01,7.515236735343933105e-02,2.644130885601043701e-01,3.735362887382507324e-01,2.198554575443267822e-01,1.781887561082839966e-01,5.449983477592468262e-01,2.565452456474304199e-01,2.185859233140945435e-01,3.689188882708549500e-02,2.372620701789855957e-01,1.855589635670185089e-02,1.364936381578445435e-01,4.441374167799949646e-02,-2.781422343105077744e-03,6.894101947546005249e-02,8.002193272113800049e-02,-1.469743251800537109e-01,4.689056426286697388e-02,-8.346054702997207642e-02,2.849776446819305420e-01,8.997526764869689941e-02,2.554678916931152344e-01,1.070271953940391541e-01,2.499364316463470459e-01,5.676952749490737915e-02,3.669064342975616455e-01,1.861541271209716797e-01,3.079435825347900391e-01,2.683445513248443604e-01,-1.403352618217468262e-01,-1.586379855871200562e-01,1.578166484832763672e-01,-1.070057004690170288e-01,1.896578222513198853e-01,5.116335302591323853e-02,7.756160199642181396e-02,5.305646732449531555e-02,1.019437909126281738e-01,-3.098937124013900757e-02,-5.071030929684638977e-03,-8.455097675323486328e-02,-2.484534494578838348e-02,8.382204920053482056e-02,-1.379637420177459717e-01,-4.414593800902366638e-02,3.799584880471229553e-02,1.259104907512664795e-01,1.616273224353790283e-01,1.705615967512130737e-01,-1.039245575666427612e-01,1.645632237195968628e-01,3.919083997607231140e-02,1.483832150697708130e-01,1.221397742629051208e-01,1.108892112970352173e-01,9.769970923662185669e-02,-2.394677847623825073e-01,-2.394714802503585815e-01,-1.432522535324096680e-01,4.927900154143571854e-03,7.791565358638763428e-02,6.540471315383911133e-02,5.992783606052398682e-02,-7.163566071540117264e-03,-1.743209734559059143e-02
2.172190099954605103e-01,3.329858481884002686e-01,-5.073318257927894592e-02,2.711841464042663574e-01,-1.481838971376419067e-01,2.452975064516067505e-01,1.018235161900520325e-01,4.796970784664154053e-01,-9.243934601545333862e-02,6.480041891336441040e-02,2.067721635103225708e-01,1.000000357627868652e+00,1.602390855550765991e-01,6.032329797744750977e-01,-4.073758795857429504e-02,3.326913807541131973e-03,4.322567284107208252e-01,4.082024693489074707e-01,8.173695206642150879e-02,1.775222569704055786e-01,-1.925015449523925781e-01,1.066320091485977173e-01,-1.364301294088363647e-01,2.006458789110183716e-01,-3.178150355815887451e-01,-1.583631336688995361e-01,-1.675525605678558350e-01,1.822437345981597900e-02,3.357996046543121338e-01,2.631860673427581787e-01,6.418085843324661255e-02,2.533040940761566162e-01,2.766204476356506348e-01,4.064387679100036621e-01,-5.232214555144309998e-02,-1.938763260841369629e-01,2.202060818672180176e-02,-5.653556063771247864e-02,6.261283904314041138e-02,4.455690830945968628e-02,1.215334907174110413e-01,-7.227003574371337891e-02,-8.141607046127319336e-02,1.963773816823959351e-01,-9.653888642787933350e-03,7.599765062332153320e-02,5.776254460215568542e-02,6.430126726627349854e-02,1.138345226645469666e-01,3.054290711879730225e-01,5.767967551946640015e-02,3.068450987339019775e-01,2.129185348749160767e-01,3.048377931118011475e-01,2.017306536436080933e-01,2.454220205545425415e-01,3.024252653121948242e-01,1.878704875707626343e-01,3.582466542720794678e-01,3.730528652667999268e-01,3.848321437835693359e-01,3.501636385917663574e-01,2.282458990812301636e-01,4.290220141410827637e-01,1.247268170118331909e-01,2.712774574756622314e-01,1.949836015701293945e-01,5.633351206779479980e-02,1.855717003345489502e-01,-4.083537310361862183e-02,-2.885467931628227234e-02,1.405570283532142639e-02,2.141400873661041260e-01,2.205249369144439697e-01,2.195280939340591431e-01,2.477816045284271240e-01,1.382799595594406128e-01,1.510221064090728760e-01,2.225015908479690552e-01,3.098759651184082031e-01,2.214404568076133728e-02,-4.804772138595581055e-02,-8.480235934257507324e-02,-1.571227312088012695e-01,8.423860371112823486e-02,1.925614774227142334e-01,-5.282075330615043640e-02,7.668641209602355957e-02,2.179254405200481415e-02,1.996853798627853394e-01,2.439503371715545654e-02,-8.306365460157394409e-02,-7.347621023654937744e-02,-1.411487311124801636e-01,-8.217646926641464233e-02,-4.709290340542793274e-02,6.347146630287170410e-02,9.711858816444873810e-03,2.650977671146392822e-01,2.435085475444793701e-01,-1.251664906740188599e-01,3.303059376776218414e-03,-2.353363903239369392e-03,5.004101246595382690e-02,5.448915436863899231e-02,6.472244858741760254e-02,7.224418222904205322e-02,-9.116232395172119141e-02,-7.004494220018386841e-02,-6.730167567729949951e-02,-1.612543463706970215e-01,-4.936933517456054688e-02,1.656717993319034576e-02,1.049863398075103760e-01,8.155677467584609985e-02,-4.374914988875389099e-02
5.769498348236083984e-01,2.624025642871856689e-01,3.566895127296447754e-01,-3.950742259621620178e-02,9.538146853446960449e-02,-1.804807037115097046e-01,3.917153477668762207e-01,1.751875132322311401e-02,1.495798975229263306e-01,-2.458338290452957153e-01,5.744250416755676270e-01,1.602390855550765991e-01,9.999997615814208984e-01,3.267661631107330322e-01,2.310723215341567993e-01,3.720363974571228027e-02,3.533053696155548096e-01,1.413991302251815796e-01,3.738650977611541748e-01,7.874304056167602539e-02,-7.272094488143920898e-02,-1.809360459446907043e-03,2.084994465112686157e-01,1.322645992040634155e-01,3.626421466469764709e-02,-1.397537142038345337e-01,3.498854860663414001e-02,7.640451192855834961e-02,3.986983597278594971e-01,7.258182018995285034e-02,4.959842935204505920e-02,4.942168667912483215e-02,2.073442190885543823e-01,1.288118511438369751e-01,-2.690481580793857574e-02,-1.015332266688346863e-01,1.440477669239044189e-01,4.312139376997947693e-02,1.686391085386276245e-01,1.700640022754669189e-01,2.517752945423126221e-01,-2.083092182874679565e-02,-9.184264391660690308e-02,-3.228011727333068848e-02,-1.982849836349487305e-01,-3.216103017330169678e-01,1.407852470874786377e-01,5.618145689368247986e-02,5.244734138250350952e-02,-8.558701723814010620e-02,5.835150554776191711e-02,8.077290654182434082e-02,2.502283751964569092e-01,3.373238146305084229e-01,1.868707388639450073e-01,1.367582827806472778e-01,4.727944433689117432e-01,1.935471147298812866e-01,2.397550493478775024e-01,5.342680215835571289e-02,2.480481415987014771e-01,4.063608124852180481e-02,1.396042108535766602e-01,4.989092051982879639e-02,-2.005164884030818939e-02,4.786016419529914856e-02,-2.176827937364578247e-02,-2.219340056180953979e-01,7.621937245130538940e-02,-9.682194888591766357e-02,2.099784165620803833e-01,1.151632517576217651e-01,2.900440096855163574e-01,1.085202544927597046e-01,2.727238535881042480e-01,1.762208789587020874e-01,3.303039371967315674e-01,1.559060513973236084e-01,3.237759172916412354e-01,1.765233278274536133e-01,-4.706733394414186478e-03,-5.776938050985336304e-04,1.151818782091140747e-01,-5.761902779340744019e-02,1.878443360328674316e-01,5.314736440777778625e-02,-3.847057372331619263e-02,5.175282247364521027e-03,4.520618543028831482e-02,-1.195232346653938293e-01,-1.195979043841362000e-01,-1.677538752555847168e-01,-7.835230976343154907e-02,2.394757611909881234e-04,2.812615828588604927e-03,7.283201813697814941e-02,5.672876164317131042e-02,1.961437612771987915e-01,1.120685413479804993e-01,1.855619847774505615e-01,-3.707621991634368896e-02,1.385999619960784912e-01,1.063721477985382080e-01,1.283313930034637451e-01,1.204539611935615540e-01,1.381925940513610840e-01,7.284955680370330811e-02,-8.036285638809204102e-02,-1.254128515720367432e-01,-1.146136894822120667e-01,-3.580469265580177307e-02,3.083131462335586548e-02,-1.468247384764254093e-03,4.630245268344879150e-02,-1.787993870675563812e-02,-4.403227195143699646e-02
