1.000000000000000000e+00,6.584256887435913086e-01,5.870516896247863770e-01,5.847532153129577637e-01,9.146143496036529541e-02,1.994751095771789551e-01,5.530036687850952148e-01,4.859735667705535889e-01,1.496849656105041504e-01,1.054096221923828125e-01,4.002787470817565918e-01,2.086859196424484253e-01,2.732751965522766113e-01,1.225066632032394409e-01,8.787947893142700195e-02,1.562602519989013672e-01,1.681509017944335938e-01,1.760079562664031982e-01,5.663019418716430664e-01,5.748141407966613770e-01,6.463329493999481201e-02,1.460330933332443237e-01,3.453562259674072266e-01,3.328488171100616455e-01,7.772909849882125854e-02,1.110284179449081421e-01,9.042167663574218750e-02,1.160887926816940308e-01,7.157515734434127808e-02,5.901499092578887939e-02,1.855256408452987671e-01,1.355731040239334106e-01,4.555763900279998779e-01,4.358162283897399902e-01,-1.281547099351882935e-01,-3.194629400968551636e-02,-1.483857184648513794e-01,5.658236518502235413e-02,3.314382210373878479e-02,5.025913007557392120e-03,-3.558672592043876648e-02,1.642418950796127319e-01,4.035769999027252197e-01,3.605518639087677002e-01,3.363775610923767090e-01,3.377563953399658203e-01,2.563846707344055176e-01,3.655391335487365723e-01,4.271057844161987305e-01,3.275814652442932129e-01,3.625025749206542969e-01,3.534117341041564941e-01,1.543935835361480713e-01,1.435049325227737427e-01,2.175170779228210449e-01,2.712521255016326904e-01,6.602651476860046387e-01,5.909802317619323730e-01,7.109799981117248535e-01,5.797667503356933594e-01,5.781386494636535645e-01,4.825980663299560547e-01,4.306761324405670166e-01,3.488906025886535645e-01,3.346541151404380798e-02,2.413133680820465088e-01,4.255886971950531006e-01,3.242222070693969727e-01,4.797250032424926758e-01,2.946106791496276855e-01,1.146004572510719299e-01,8.577479422092437744e-02,9.101078659296035767e-02,2.895212359726428986e-02,1.459350138902664185e-01,-8.507460355758666992e-03,2.249455749988555908e-01,1.556128114461898804e-01,5.703917518258094788e-02,5.727571621537208557e-02,1.250221580266952515e-01,1.773921996355056763e-01,2.444820292294025421e-02,1.760168373584747314e-01,6.778103113174438477e-02,1.364939510822296143e-01,1.139391288161277771e-01,3.748250752687454224e-02,1.860439181327819824e-01,3.235351741313934326e-01,3.084269165992736816e-01,2.915578484535217285e-01,1.159748360514640808e-01,2.696899175643920898e-01,2.084413729608058929e-02,7.901948690414428711e-02,1.701797246932983398e-01,2.502982616424560547e-01,3.332096636295318604e-01,4.324498772621154785e-01,7.970748096704483032e-02,1.778300404548645020e-01,1.723629534244537354e-01,2.125455886125564575e-01,1.856779605150222778e-01,2.317864000797271729e-01,9.109409898519515991e-02,1.257757693529129028e-01,1.121934652328491211e-01,1.636581569910049438e-01,2.278990447521209717e-01,1.884106695652008057e-01,1.914589107036590576e-01,2.190685570240020752e-01,1.600319594144821167e-01,-1.269268542528152466e-01
6.584256887435913086e-01,9.999997615814208984e-01,4.685257375240325928e-01,6.877332925796508789e-01,-5.806273221969604492e-02,2.619350552558898926e-01,3.575164079666137695e-01,5.640201568603515625e-01,-5.211535468697547913e-02,3.332934081554412842e-01,1.791042089462280273e-01,4.141764938831329346e-01,-2.627782896161079407e-02,2.550108730792999268e-01,-4.992016777396202087e-02,3.552341759204864502e-01,1.364981979131698608e-01,3.537118732929229736e-01,5.499703288078308105e-01,6.977188587188720703e-01,1.175552904605865479e-01,1.640477776527404785e-01,3.091981112957000732e-01,3.077516257762908936e-01,-4.560200870037078857e-02,8.820575475692749023e-02,3.216487914323806763e-02,4.719443991780281067e-02,5.210752412676811218e-02,1.361498683691024780e-01,-5.541721358895301819e-02,3.103108890354633331e-02,4.273206889629364014e-01,5.244297981262207031e-01,-1.650345697999000549e-02,-5.366980622056871653e-05,-1.086601987481117249e-01,1.192950159311294556e-01,3.453775122761726379e-02,8.616837859153747559e-02,-9.503018856048583984e-02,1.316707134246826172e-01,3.406820595264434814e-01,3.939207494258880615e-01,2.692208886146545410e-01,3.558120727539062500e-01,1.894827634096145630e-01,3.496897518634796143e-01,2.849007546901702881e-01,3.644023835659027100e-01,1.895739287137985229e-01,4.233989119529724121e-01,1.568617075681686401e-01,1.394029259681701660e-01,7.258874177932739258e-02,4.174125790596008301e-01,6.760299801826477051e-01,8.064910769462585449e-01,5.328080654144287109e-01,6.712517738342285156e-01,3.377291262149810791e-01,5.710029006004333496e-01,2.400498688220977783e-01,4.445090889930725098e-01,-1.365880370140075684e-01,3.562296628952026367e-01,3.335959613323211670e-01,3.908673226833343506e-01,4.651212990283966064e-01,2.528611719608306885e-01,5.055489018559455872e-02,7.772924751043319702e-02,1.100252196192741394e-01,1.087073013186454773e-01,1.796423494815826416e-01,1.011850088834762573e-01,2.207434475421905518e-01,2.509783208370208740e-01,3.934400901198387146e-02,9.981643408536911011e-02,2.971221692860126495e-02,2.431264370679855347e-01,-1.128666251897811890e-01,1.843898594379425049e-01,3.328881459310650826e-03,3.783531486988067627e-01,1.268509775400161743e-01,1.777105480432510376e-01,-1.242658868432044983e-01,3.675263226032257080e-01,2.770633995532989502e-01,3.077369630336761475e-01,1.564736515283584595e-01,3.354740440845489502e-01,-1.302621793001890182e-02,5.656929314136505127e-02,1.452468782663345337e-01,3.933368623256683350e-01,2.611811757087707520e-01,4.787912368774414062e-01,1.181182339787483215e-01,3.091906011104583740e-01,2.994386851787567139e-01,4.180637001991271973e-01,3.595601320266723633e-01,4.090741276741027832e-01,-1.434418139979243279e-03,9.218142926692962646e-02,1.196703538298606873e-01,1.186754778027534485e-01,3.240203559398651123e-01,2.295258045196533203e-01,3.094596862792968750e-01,3.455606997013092041e-01,2.515043914318084717e-01,-1.758493669331073761e-02
5.870516896247863770e-01,4.685257375240325928e-01,9.999997019767761230e-01,7.053040862083435059e-01,2.920408546924591064e-01,2.454116642475128174e-01,8.235737085342407227e-01,5.352087616920471191e-01,3.789718747138977051e-01,3.132856637239456177e-02,1.108634620904922485e-01,-1.776922307908535004e-02,4.206361472606658936e-01,-8.796551823616027832e-02,2.165404558181762695e-01,4.558640345931053162e-02,-9.040997922420501709e-02,-2.069956958293914795e-01,4.801066219806671143e-01,4.064166843891143799e-01,1.433564573526382446e-01,1.873477399349212646e-01,7.226485610008239746e-01,6.935144066810607910e-01,2.670436799526214600e-01,6.485197693109512329e-02,2.534226179122924805e-01,1.051590517163276672e-01,-7.656153291463851929e-02,-1.333870142698287964e-01,2.442412227392196655e-01,2.105611413717269897e-01,3.277651071548461914e-01,2.956163883209228516e-01,-1.969121396541595459e-01,-2.014394551515579224e-01,-1.796840131282806396e-01,-6.233131512999534607e-03,3.292058408260345459e-02,-7.149641215801239014e-02,-7.480834145098924637e-03,-2.180991135537624359e-02,1.557309031486511230e-01,2.419149503111839294e-02,9.250869601964950562e-02,6.686355918645858765e-02,-3.094367682933807373e-02,1.036729067564010620e-01,2.881993055343627930e-01,1.530484408140182495e-01,3.877294659614562988e-01,2.058993577957153320e-01,1.530057638883590698e-01,7.398144900798797607e-02,2.772728353738784790e-02,6.239892914891242981e-03,5.636688470840454102e-01,3.854238092899322510e-01,5.145071148872375488e-01,3.634911775588989258e-01,5.290055274963378906e-01,2.239764034748077393e-01,1.303759664297103882e-01,-5.564631149172782898e-02,4.123138487339019775e-01,8.064802736043930054e-02,3.913758099079132080e-01,1.263532936573028564e-01,3.981905579566955566e-01,3.877895772457122803e-01,9.223610162734985352e-02,-3.745878487825393677e-02,-1.185990199446678162e-01,-2.849104106426239014e-01,2.239011600613594055e-02,-2.329462021589279175e-01,-8.862710744142532349e-02,-1.673201918601989746e-01,2.077143453061580658e-02,-1.205565482378005981e-01,6.964676082134246826e-02,-6.971379369497299194e-02,1.351258996874094009e-02,-1.367162447422742844e-02,2.058302313089370728e-01,4.457083716988563538e-02,7.719772309064865112e-02,1.794834062457084656e-02,3.659037053585052490e-01,2.465710341930389404e-01,1.701821833848953247e-01,1.226820051670074463e-01,1.809139847755432129e-01,1.647892445325851440e-01,-3.941598534584045410e-02,1.085905544459819794e-02,4.594466835260391235e-02,1.382558140903711319e-02,-3.144099935889244080e-02,1.256483793258666992e-01,1.343685835599899292e-01,1.679034829139709473e-01,-4.342208430171012878e-02,2.339785732328891754e-02,1.700592786073684692e-01,1.247661858797073364e-01,1.394890248775482178e-01,1.115443333983421326e-01,1.309139579534530640e-01,8.475917577743530273e-02,-3.946649655699729919e-02,-1.331108510494232178e-01,6.364270113408565521e-03,6.464149057865142822e-02,1.207657624036073685e-02,-1.912708580493927002e-02
5.847532153129577637e-01,6.877332925796508789e-01,7.053040862083435059e-01,1.000000119209289551e+00,2.028841525316238403e-01,3.739757239818572998e-01,6.104323267936706543e-01,7.425684332847595215e-01,2.648476660251617432e-01,3.183289170265197754e-01,5.576365068554878235e-02,2.750079035758972168e-01,1.458362787961959839e-01,1.263513565063476562e-01,9.374380111694335938e-02,2.716670632362365723e-01,3.066382557153701782e-02,5.101648718118667603e-02,5.038782954216003418e-01,6.506238579750061035e-01,1.842628866434097290e-01,2.265311330556869507e-01,6.188724637031555176e-01,6.401939988136291504e-01,1.369260102510452271e-01,1.429297775030136108e-01,1.772603392601013184e-01,8.586826920509338379e-02,-1.445229351520538330e-02,-5.993099417537450790e-03,7.530260831117630005e-02,2.240950912237167358e-01,4.454705417156219482e-01,5.328939557075500488e-01,-6.007606163620948792e-02,-4.375629127025604248e-02,-1.112525761127471924e-01,2.025648206472396851e-02,7.292988896369934082e-02,4.694517701864242554e-02,1.862639375030994415e-02,1.210737740620970726e-03,2.436989247798919678e-01,1.731927692890167236e-01,1.762584447860717773e-01,2.183936685323715210e-01,5.842155963182449341e-02,2.123446464538574219e-01,2.712883055210113525e-01,2.631484270095825195e-01,3.129514455795288086e-01,3.745955526828765869e-01,1.167815178632736206e-01,3.035984747111797333e-02,5.685597658157348633e-02,1.795462071895599365e-01,6.509160399436950684e-01,6.024833321571350098e-01,5.562127828598022461e-01,6.016765832901000977e-01,4.608933925628662109e-01,4.835869669914245605e-01,1.910346150398254395e-01,2.153981029987335205e-01,2.105470448732376099e-01,4.101164638996124268e-01,4.454973638057708740e-01,3.727935552597045898e-01,4.952481389045715332e-01,3.800322711467742920e-01,2.316071651875972748e-02,-1.309204008430242538e-02,1.203036028891801834e-02,-1.345548033714294434e-01,5.499450117349624634e-02,-8.680011332035064697e-02,3.029804211109876633e-03,2.156462334096431732e-02,6.616402417421340942e-02,-5.020499229431152344e-02,7.162158936262130737e-02,3.803095594048500061e-02,-5.267659574747085571e-02,2.084732800722122192e-02,1.369646042585372925e-01,3.198274075984954834e-01,2.031527459621429443e-01,1.146563962101936340e-01,1.673540920019149780e-01,3.886621296405792236e-01,2.381957471370697021e-01,2.380789667367935181e-01,2.625174522399902344e-01,2.624049186706542969e-01,-4.364702850580215454e-02,1.743035390973091125e-02,6.785950064659118652e-02,1.916656941175460815e-01,1.074561253190040588e-01,2.749126851558685303e-01,1.627933979034423828e-01,2.562258243560791016e-01,1.214393675327301025e-01,2.421574741601943970e-01,3.489599823951721191e-01,3.368913829326629639e-01,3.489844128489494324e-02,4.952890425920486450e-02,1.595791429281234741e-01,1.582697778940200806e-01,1.529249250888824463e-01,4.263890162110328674e-02,1.729677170515060425e-01,2.291387170553207397e-01,1.807199865579605103e-01,1.018084958195686340e-02
9.146143496036529541e-02,-5.806273221969604492e-02,2.920408546924591064e-01,2.028841525316238403e-01,1.000000000000000000e+00,4.988578259944915771e-01,3.373790979385375977e-01,2.378400713205337524e-01,6.644932627677917480e-01,2.618798017501831055e-01,1.853994280099868774e-01,-2.307639084756374359e-02,3.307993113994598389e-01,-7.401786744594573975e-03,5.823859572410583496e-01,1.434058696031570435e-01,8.153947442770004272e-02,-2.407000511884689331e-01,1.483605615794658661e-02,-2.193029224872589111e-02,4.243017435073852539e-01,3.996856808662414551e-01,3.730993866920471191e-01,3.816455602645874023e-01,5.602436065673828125e-01,3.485144078731536865e-01,4.151607453823089600e-01,3.653522729873657227e-01,2.847036160528659821e-02,-1.416099667549133301e-01,2.318312376737594604e-01,2.042022645473480225e-01,2.678879499435424805e-01,1.350238323211669922e-01,-1.639224439859390259e-01,-1.614850908517837524e-01,2.226446270942687988e-01,-1.416949480772018433e-01,1.207206696271896362e-01,4.698749259114265442e-02,2.947134077548980713e-01,-2.041084915399551392e-01,9.123396873474121094e-02,-3.528404980897903442e-02,1.378579437732696533e-01,9.645450860261917114e-02,1.498616486787796021e-01,-8.141149766743183136e-03,2.653869986534118652e-01,1.623360812664031982e-01,3.582948446273803711e-01,1.725367009639739990e-01,-5.465750768780708313e-02,1.539593748748302460e-02,1.428094804286956787e-01,-2.156787812709808350e-01,7.188116759061813354e-02,-1.264280229806900024e-01,2.381544262170791626e-01,7.459896802902221680e-02,3.046652674674987793e-01,-7.880753278732299805e-02,5.438483133912086487e-02,-1.933757066726684570e-01,3.708146214485168457e-01,7.176620513200759888e-02,3.332104086875915527e-01,2.276425510644912720e-01,2.209118455648422241e-01,3.083996772766113281e-01,1.257092654705047607e-01,-6.900905072689056396e-02,-9.571671485900878906e-02,-3.051372170448303223e-01,-2.734242298174649477e-04,-2.961566150188446045e-01,-1.912395507097244263e-01,-2.899757921695709229e-01,2.220612019300460815e-02,-8.358805626630783081e-02,2.097292840480804443e-01,-2.444415688514709473e-01,1.176799908280372620e-01,-1.732983440160751343e-01,2.026068121194839478e-01,-4.193020612001419067e-02,1.732233166694641113e-01,-9.546372294425964355e-02,4.902134537696838379e-01,6.364295631647109985e-02,5.167395994067192078e-02,7.816069759428501129e-03,1.807736009359359741e-01,-2.921100519597530365e-02,9.113994240760803223e-02,7.592472247779369354e-03,2.712395414710044861e-02,-9.164427220821380615e-02,1.535317301750183105e-02,-4.604635760188102722e-02,6.176778301596641541e-02,4.726010933518409729e-02,-1.143104359507560730e-01,-2.736938372254371643e-02,8.497419953346252441e-02,9.208385646343231201e-02,2.521943151950836182e-01,7.926262915134429932e-02,1.644546985626220703e-01,1.160179451107978821e-01,2.998788282275199890e-02,3.489012131467461586e-03,-1.683005839586257935e-01,-7.382099330425262451e-02,-8.274676650762557983e-02,2.191042453050613403e-01
1.994751095771789551e-01,2.619350552558898926e-01,2.454116642475128174e-01,3.739757239818572998e-01,4.988578259944915771e-01,1.000000596046447754e+00,1.786121129989624023e-01,3.788320124149322510e-01,3.372476994991302490e-01,5.311942100524902344e-01,8.963312208652496338e-02,1.877964138984680176e-01,1.033012662082910538e-02,1.855996102094650269e-01,2.961549758911132812e-01,5.059086680412292480e-01,1.248364001512527466e-01,-2.871924638748168945e-02,1.928998827934265137e-01,2.841382324695587158e-01,2.319658100605010986e-01,3.169672489166259766e-01,3.127045333385467529e-01,3.863888382911682129e-01,3.250630199909210205e-01,3.665533363819122314e-01,3.132573962211608887e-01,3.430282473564147949e-01,6.186655163764953613e-02,1.401510275900363922e-02,7.538607716560363770e-02,1.432348787784576416e-01,3.085954189300537109e-01,3.217453956604003906e-01,-3.966439515352249146e-02,-1.146739423274993896e-01,1.431536376476287842e-01,8.378721773624420166e-02,1.966255903244018555e-01,1.976621001958847046e-01,2.311493754386901855e-01,6.503850966691970825e-02,1.363470703363418579e-01,1.442588269710540771e-01,1.902830898761749268e-01,2.612015902996063232e-01,2.376398295164108276e-01,9.080167859792709351e-02,2.689815461635589600e-01,3.624060750007629395e-01,2.451393306255340576e-01,3.574037551879882812e-01,1.115181948989629745e-02,-9.422876872122287750e-03,1.569556444883346558e-01,6.242665275931358337e-02,2.547139525413513184e-01,1.956550478935241699e-01,3.293729424476623535e-01,3.847072422504425049e-01,2.373708486557006836e-01,2.076290547847747803e-01,7.874271273612976074e-02,1.498243659734725952e-01,6.214761361479759216e-02,3.008521795272827148e-01,2.669713199138641357e-01,3.970190584659576416e-01,1.954001784324645996e-01,1.301221549510955811e-01,3.817168995738029480e-02,-5.804578214883804321e-02,-5.798019841313362122e-02,-1.353275775909423828e-01,2.048166096210479736e-02,-1.396731734275817871e-01,-8.597440272569656372e-02,-7.562141120433807373e-02,8.156345784664154053e-02,-7.671286910772323608e-02,1.510773450136184692e-01,-9.215106815099716187e-02,1.002109721302986145e-01,1.667576432228088379e-01,1.045900061726570129e-01,2.055520862340927124e-01,1.142666935920715332e-01,9.180489927530288696e-02,1.595274806022644043e-01,1.940438002347946167e-01,2.246274054050445557e-01,1.622759699821472168e-01,2.210614681243896484e-01,9.461244195699691772e-02,4.305716976523399353e-02,2.847976611519698054e-05,7.321622967720031738e-02,1.035591308027505875e-02,1.722978502511978149e-01,1.926269531250000000e-01,-3.394743800163269043e-02,1.775549352169036865e-02,-5.972555372864007950e-03,1.009335815906524658e-01,2.621535062789916992e-01,2.377985715866088867e-01,9.116970002651214600e-02,4.110209643840789795e-02,2.825876325368881226e-02,-6.823065876960754395e-02,1.582721471786499023e-01,1.355882436037063599e-01,-2.820171974599361420e-02,2.906435169279575348e-02,9.646870940923690796e-02,1.603507995605468750e-01
5.530036687850952148e-01,3.575164079666137695e-01,8.235737085342407227e-01,6.104323267936706543e-01,3.373790979385375977e-01,1.786121129989624023e-01,9.999997615814208984e-01,5.510475635528564453e-01,4.940964281558990479e-01,-4.198697581887245178e-02,2.449022978544235229e-01,2.274448052048683167e-02,5.441969633102416992e-01,-5.603947862982749939e-02,2.455957680940628052e-01,-5.897921696305274963e-02,-3.551323711872100830e-02,-1.832937598228454590e-01,3.817102909088134766e-01,2.994287610054016113e-01,1.054850369691848755e-01,1.524338722229003906e-01,6.614920496940612793e-01,6.326336264610290527e-01,3.140981495380401611e-01,1.449934095144271851e-01,1.828574389219284058e-01,8.967947959899902344e-02,-7.289674133062362671e-02,-1.569331884384155273e-01,3.571520745754241943e-01,3.049944937229156494e-01,4.421442449092864990e-01,3.387705087661743164e-01,-1.801721453666687012e-01,-1.461377590894699097e-01,-1.465169787406921387e-01,-5.893800407648086548e-02,-1.781589910387992859e-02,-8.538059890270233154e-02,3.755201399326324463e-02,-6.222394108772277832e-02,1.874156445264816284e-01,3.728458657860755920e-02,1.468596905469894409e-01,8.538562059402465820e-02,1.393015496432781219e-02,1.050155982375144958e-01,3.197425603866577148e-01,1.376551389694213867e-01,4.447239637374877930e-01,1.961095631122589111e-01,1.084407567977905273e-01,6.007220968604087830e-02,4.406424611806869507e-02,-8.365288376808166504e-02,5.188573002815246582e-01,2.534269392490386963e-01,5.188030004501342773e-01,2.883563935756683350e-01,6.087337732315063477e-01,1.902589201927185059e-01,2.227208912372589111e-01,-7.798382639884948730e-02,5.024100542068481445e-01,1.120711863040924072e-01,4.880505502223968506e-01,1.891206055879592896e-01,4.430101811885833740e-01,4.408644437789916992e-01,1.552676558494567871e-01,2.395180240273475647e-02,-1.581006310880184174e-02,-2.726179659366607666e-01,5.823129415512084961e-02,-2.121842503547668457e-01,-2.877965942025184631e-02,-1.605421006679534912e-01,-8.640311658382415771e-03,-1.146112978458404541e-01,7.771748304367065430e-02,-8.182185143232345581e-02,-1.584716327488422394e-02,-6.094015389680862427e-02,1.976242959499359131e-01,-1.765150949358940125e-02,4.637704789638519287e-02,-8.442956209182739258e-02,4.426451623439788818e-01,1.676372587680816650e-01,1.548070162534713745e-01,8.768273144960403442e-02,1.343662887811660767e-01,9.365592151880264282e-02,-8.177881687879562378e-02,-6.318407505750656128e-02,-3.903408767655491829e-03,-5.583485960960388184e-02,-8.588100783526897430e-03,8.063908666372299194e-02,1.477414667606353760e-01,1.150218844413757324e-01,-6.093948334455490112e-02,-6.127375736832618713e-02,1.129883155226707458e-01,5.129682645201683044e-02,1.629212945699691772e-01,9.347823262214660645e-02,1.296826303005218506e-01,5.614826455712318420e-02,-6.175054609775543213e-02,-1.571599543094635010e-01,-3.167266957461833954e-03,6.311019882559776306e-03,-3.726667910814285278e-02,-1.393861416727304459e-02
4.859735667705535889e-01,5.640201568603515625e-01,5.352087616920471191e-01,7.425684332847595215e-01,2.378400713205337524e-01,3.788320124149322510e-01,5.510475635528564453e-01,1.000000119209289551e+00,3.048952817916870117e-01,4.270231723785400391e-01,1.619528681039810181e-01,4.543923139572143555e-01,1.120980903506278992e-01,2.782721817493438721e-01,1.861184835433959961e-02,3.024232089519500732e-01,1.222077831625938416e-01,1.350509375333786011e-01,4.098063111305236816e-01,5.660364031791687012e-01,7.919713109731674194e-02,8.911933749914169312e-02,4.839154183864593506e-01,4.652267098426818848e-01,1.836864203214645386e-01,2.864844799041748047e-01,8.820990473031997681e-02,2.581682614982128143e-02,4.520905762910842896e-02,6.096175685524940491e-02,1.961307674646377563e-01,3.400684595108032227e-01,5.256714820861816406e-01,6.225180029869079590e-01,-1.296853646636009216e-02,2.838379703462123871e-02,-7.769618183374404907e-02,7.552490569651126862e-03,7.074885070323944092e-02,1.264856755733489990e-01,4.550715535879135132e-02,2.426446601748466492e-02,1.914649009704589844e-01,1.395964771509170532e-01,1.744012385606765747e-01,1.828226596117019653e-01,4.981463402509689331e-02,1.322557181119918823e-01,2.299543917179107666e-01,2.045955210924148560e-01,2.734642028808593750e-01,3.238595128059387207e-01,8.623024076223373413e-02,-8.933980762958526611e-02,9.994041919708251953e-02,9.780322760343551636e-02,5.081956386566162109e-01,4.565973579883575439e-01,4.750112593173980713e-01,5.152868628501892090e-01,4.675298333168029785e-01,5.129684805870056152e-01,2.510934472084045410e-01,2.717732191085815430e-01,1.889756917953491211e-01,5.532194972038269043e-01,4.712172448635101318e-01,4.816289544105529785e-01,4.471383392810821533e-01,3.281878232955932617e-01,7.944677770137786865e-02,7.129194587469100952e-02,1.023535728454589844e-01,-1.667176559567451477e-02,4.294559732079505920e-02,-7.929205894470214844e-02,9.414042532444000244e-02,7.657901942729949951e-02,7.799909263849258423e-02,-6.987284123897552490e-02,1.147316023707389832e-01,1.061640828847885132e-01,-9.103533625602722168e-02,8.803460001945495605e-02,2.033866941928863525e-02,2.779818773269653320e-01,1.693243980407714844e-01,1.166819483041763306e-01,1.647323518991470337e-01,3.799420893192291260e-01,2.080595642328262329e-01,2.237428575754165649e-01,1.896435022354125977e-01,2.282574176788330078e-01,-1.699316315352916718e-02,6.803816184401512146e-03,3.471695259213447571e-02,1.249561458826065063e-01,6.249768286943435669e-02,1.756726801395416260e-01,1.669169664382934570e-01,2.103228569030761719e-01,6.423579156398773193e-02,1.975569128990173340e-01,2.360894381999969482e-01,2.207200527191162109e-01,1.499361707828938961e-03,6.623248010873794556e-02,1.787092983722686768e-01,9.727301448583602905e-02,1.017726287245750427e-01,5.224142596125602722e-02,1.091173812747001648e-01,1.345405876636505127e-01,9.797368198633193970e-02,2.677715569734573364e-02
1.496849656105041504e-01,-5.211535468697547913e-02,3.789718747138977051e-01,2.648476660251617432e-01,6.644932627677917480e-01,3.372476994991302490e-01,4.940964281558990479e-01,3.048952817916870117e-01,9.999998211860656738e-01,1.966722160577774048e-01,2.588598132133483887e-01,-4.558567423373460770e-03,5.277862548828125000e-01,-4.310286603868007660e-03,4.697829782962799072e-01,1.331527810543775558e-02,5.041753500699996948e-02,-1.685466170310974121e-01,7.577801495790481567e-02,9.773439727723598480e-03,1.544618904590606689e-01,1.311811506748199463e-01,4.444318711757659912e-01,4.447596371173858643e-01,5.033688545227050781e-01,3.360272645950317383e-01,2.474290728569030762e-01,1.844895929098129272e-01,-7.151800394058227539e-02,-1.648509651422500610e-01,3.471363484859466553e-01,3.136592805385589600e-01,2.775216102600097656e-01,1.798679381608963013e-01,-7.703897356986999512e-02,-1.276983972638845444e-02,7.907892763614654541e-02,-8.557863533496856689e-02,2.528329193592071533e-02,-6.516630528494715691e-04,1.849990040063858032e-01,-1.088924705982208252e-01,1.436189860105514526e-01,7.102225441485643387e-03,2.086592167615890503e-01,1.143710762262344360e-01,1.101292446255683899e-01,2.885992079973220825e-02,3.184982240200042725e-01,1.445960849523544312e-01,4.051491618156433105e-01,1.784892231225967407e-01,3.139174310490489006e-03,5.601571500301361084e-02,1.063459366559982300e-01,-2.063826173543930054e-01,1.319171488285064697e-01,-8.957777172327041626e-02,2.581850886344909668e-01,3.761736303567886353e-02,3.862365186214447021e-01,-3.788347169756889343e-02,1.410828381776809692e-01,-1.740207523107528687e-01,5.236111879348754883e-01,1.513424366712570190e-01,3.832058012485504150e-01,1.892556697130203247e-01,2.379831373691558838e-01,3.142557442188262939e-01,1.300296634435653687e-01,-6.547911092638969421e-03,-5.261667445302009583e-02,-2.346815317869186401e-01,-4.465914145112037659e-02,-2.223809212446212769e-01,-1.125177294015884399e-01,-1.935676783323287964e-01,1.613947190344333649e-02,-1.690219342708587646e-02,1.557072401046752930e-01,-1.201292499899864197e-01,3.845858946442604065e-02,-1.047852337360382080e-01,2.826119959354400635e-01,6.454831361770629883e-02,1.948078870773315430e-01,-8.017582446336746216e-02,4.867359101772308350e-01,4.195388406515121460e-02,1.198979616165161133e-01,9.241603314876556396e-02,2.068408429622650146e-01,1.252011023461818695e-02,-6.710348278284072876e-02,-1.087329611182212830e-01,-2.386912889778614044e-02,-6.495588272809982300e-02,-3.649139311164617538e-03,1.906071789562702179e-02,4.015230759978294373e-02,5.682928487658500671e-02,-3.705302998423576355e-02,-8.778570592403411865e-02,1.546423882246017456e-01,1.165691241621971130e-01,2.481970191001892090e-01,1.013214811682701111e-01,9.724400937557220459e-02,1.066001951694488525e-01,-2.105465345084667206e-02,-5.819603800773620605e-02,-6.040740385651588440e-02,-3.602863475680351257e-02,2.119727898389101028e-03,1.519672721624374390e-01
1.054096221923828125e-01,3.332934081554412842e-01,3.132856637239456177e-02,3.183289170265197754e-01,2.618798017501831055e-01,5.311942100524902344e-01,-4.198697581887245178e-02,4.270231723785400391e-01,1.966722160577774048e-01,9.999997019767761230e-01,4.912384226918220520e-02,3.383733034133911133e-01,-1.930437684059143066e-01,2.948809266090393066e-01,4.556266963481903076e-02,5.960469245910644531e-01,1.065403968095779419e-01,2.902424335479736328e-01,2.807177901268005371e-01,3.432353436946868896e-01,1.846127212047576904e-02,4.108764231204986572e-02,1.449671685695648193e-01,8.064452558755874634e-02,2.124989181756973267e-01,3.720657825469970703e-01,1.434810608625411987e-01,1.256206929683685303e-01,-2.737903967499732971e-02,6.201590597629547119e-02,-4.207665100693702698e-02,1.171987876296043396e-01,2.450138926506042480e-01,3.818849325180053711e-01,1.576167941093444824e-01,1.643789410591125488e-01,-2.914620563387870789e-03,1.403393149375915527e-01,1.547043323516845703e-01,2.199138104915618896e-01,-1.006117835640907288e-02,7.243341952562332153e-02,1.941720992326736450e-01,3.085253238677978516e-01,2.449859827756881714e-01,3.127957284450531006e-01,1.786322891712188721e-01,1.678079515695571899e-01,2.336007505655288696e-01,3.412232697010040283e-01,1.137312129139900208e-01,3.621754944324493408e-01,1.140845790505409241e-01,3.086439147591590881e-02,1.031231209635734558e-01,2.470707744359970093e-01,1.098864153027534485e-01,3.192315399646759033e-01,8.585215359926223755e-02,3.167385756969451904e-01,-3.464731201529502869e-02,2.518602609634399414e-01,-3.789154067635536194e-02,2.755353450775146484e-01,-1.793668866157531738e-01,3.943321406841278076e-01,1.496997177600860596e-01,3.940611183643341064e-01,7.331740856170654297e-02,3.847334161400794983e-02,1.405964326113462448e-02,1.079852804541587830e-01,8.038865029811859131e-02,1.320987790822982788e-01,4.696851968765258789e-02,2.779250964522361755e-02,1.527813374996185303e-01,2.276230007410049438e-01,6.099358946084976196e-02,3.063322789967060089e-02,6.339037418365478516e-02,1.117640733718872070e-01,-7.294925302267074585e-02,1.779993921518325806e-01,8.053535223007202148e-02,4.093459844589233398e-01,2.993117272853851318e-01,2.755916118621826172e-01,-1.172852292656898499e-01,3.264259397983551025e-01,2.971532940864562988e-01,3.293230831623077393e-01,3.017502725124359131e-01,2.672732174396514893e-01,-3.750104829668998718e-02,-5.289848893880844116e-02,4.223127290606498718e-02,2.340363711118698120e-01,1.857570409774780273e-01,2.939635217189788818e-01,-9.101976454257965088e-02,1.853796392679214478e-01,1.214552149176597595e-01,3.105525672435760498e-01,3.465694189071655273e-01,3.823936581611633301e-01,1.694754138588905334e-02,1.081657111644744873e-01,-2.420738525688648224e-02,1.559814997017383575e-02,2.685488164424896240e-01,2.700695693492889404e-01,2.021284997463226318e-01,2.375828921794891357e-01,2.794151902198791504e-01,2.319931834936141968e-01
4.002787470817565918e-01,1.791042089462280273e-01,1.108634620904922485e-01,5.576365068554878235e-02,1.853994280099868774e-01,8.963312208652496338e-02,2.449022978544235229e-01,1.619528681039810181e-01,2.588598132133483887e-01,4.912384226918220520e-02,1.000000119209289551e+00,2.875351309776306152e-01,4.342613220214843750e-01,2.945355474948883057e-01,2.046397179365158081e-01,9.357799589633941650e-02,3.921938240528106689e-01,2.380904704332351685e-01,2.478363662958145142e-01,1.318728327751159668e-01,2.197340317070484161e-02,3.309834003448486328e-02,5.184500291943550110e-02,-3.946594521403312683e-02,2.164157032966613770e-01,2.742530405521392822e-01,9.058751910924911499e-02,1.047990694642066956e-01,2.504690289497375488e-01,1.998512148857116699e-01,3.537918329238891602e-01,2.035195529460906982e-01,3.903021216392517090e-01,2.815037965774536133e-01,-4.148653894662857056e-02,5.543595552444458008e-02,6.606527138501405716e-03,3.879226371645927429e-02,6.751508265733718872e-02,1.122277453541755676e-01,4.266275092959403992e-02,1.376750916242599487e-01,2.914924025535583496e-01,2.711650133132934570e-01,3.206079304218292236e-01,2.435550540685653687e-01,2.435989975929260254e-01,1.806579679250717163e-01,2.719584107398986816e-01,1.421361863613128662e-01,1.995637863874435425e-01,1.604256331920623779e-01,3.265700489282608032e-02,1.827800087630748749e-02,1.181588098406791687e-01,8.295349776744842529e-02,2.395035922527313232e-01,1.472767293453216553e-01,3.489848971366882324e-01,1.662457585334777832e-01,3.894448578357696533e-01,2.055672705173492432e-01,4.735774695873260498e-01,2.382978051900863647e-01,3.576954826712608337e-02,1.500919610261917114e-01,3.255401849746704102e-01,2.927255332469940186e-01,2.185326665639877319e-01,1.484169363975524902e-01,2.542390823364257812e-01,2.159362584352493286e-01,1.907493174076080322e-01,7.259207963943481445e-02,4.972759634256362915e-02,5.202862247824668884e-02,2.947932183742523193e-01,1.458179056644439697e-01,6.973735988140106201e-02,1.807407736778259277e-01,1.699864417314529419e-01,1.413608193397521973e-01,7.975578308105468750e-02,1.470821350812911987e-01,5.451130121946334839e-02,3.462175652384757996e-02,7.358802109956741333e-02,-6.444186437875032425e-03,7.463859766721725464e-02,5.208688229322433472e-02,1.611880958080291748e-01,1.732587963342666626e-01,-1.617250032722949982e-02,1.414492260664701462e-02,1.820841729640960693e-01,1.100273579359054565e-01,2.019087076187133789e-01,1.675990819931030273e-01,1.672820150852203369e-01,1.975644528865814209e-01,-4.157248139381408691e-02,1.824829913675785065e-02,1.178947538137435913e-01,9.826864302158355713e-02,-4.017971083521842957e-02,3.426569979637861252e-03,1.079121157526969910e-01,5.547085776925086975e-02,1.088654845952987671e-01,1.136553958058357239e-01,2.620108723640441895e-01,1.938674449920654297e-01,7.372508198022842407e-02,8.293695747852325439e-03,-8.289386332035064697e-02,-2.703732438385486603e-02
2.086859196424484253e-01,4.141764938831329346e-01,-1.776922307908535004e-02,2.750079035758972168e-01,-2.307639084756374359e-02,1.877964138984680176e-01,2.274448052048683167e-02,4.543923139572143555e-01,-4.558567423373460770e-03,3.383733034133911133e-01,2.875351309776306152e-01,1.000000000000000000e+00,-5.427721515297889709e-02,6.119496226310729980e-01,-9.557949751615524292e-02,3.606419861316680908e-01,2.947302758693695068e-01,3.784425854682922363e-01,1.537163406610488892e-01,3.614860773086547852e-01,9.610461443662643433e-02,9.921292960643768311e-02,-1.286990288645029068e-02,-2.723784744739532471e-02,-9.313087165355682373e-02,1.395025253295898438e-01,-6.752105802297592163e-02,-3.233414515852928162e-02,1.573298126459121704e-01,2.156211137771606445e-01,-2.879519388079643250e-02,9.981936216354370117e-02,3.775219917297363281e-01,4.761681854724884033e-01,7.970739156007766724e-02,6.407253444194793701e-02,3.997053951025009155e-02,8.324349671602249146e-02,8.176732063293457031e-02,1.662383973598480225e-01,8.594579994678497314e-02,1.020753532648086548e-01,1.912479251623153687e-01,2.482868731021881104e-01,2.253898531198501587e-01,2.815319001674652100e-01,1.708643734455108643e-01,1.592317968606948853e-01,1.384206712245941162e-01,1.701281666755676270e-01,4.306125268340110779e-02,2.428344637155532837e-01,-7.174750417470932007e-02,-7.849921286106109619e-02,3.073569200932979584e-02,2.221601158380508423e-01,2.925283014774322510e-01,3.222957551479339600e-01,2.798592150211334229e-01,3.826727867126464844e-01,2.471256107091903687e-01,4.189092218875885010e-01,3.376353085041046143e-01,4.051199555397033691e-01,-1.042105332016944885e-01,4.561742544174194336e-01,2.517735064029693604e-01,4.261399805545806885e-01,2.648561596870422363e-01,1.002195850014686584e-01,8.602800965309143066e-02,6.926655769348144531e-02,2.565578818321228027e-01,1.848173141479492188e-01,1.188273802399635315e-01,1.811493635177612305e-01,2.369362413883209229e-01,2.178215086460113525e-01,5.500963330268859863e-02,4.370906203985214233e-02,3.184400498867034912e-02,1.079529151320457458e-01,-8.062011003494262695e-02,1.448388546705245972e-01,-8.497224748134613037e-02,3.244129121303558350e-01,1.120025515556335449e-01,1.768821477890014648e-01,-2.034678459167480469e-01,2.357453852891921997e-01,1.076831966638565063e-01,1.493665724992752075e-01,4.675506800413131714e-02,1.137325391173362732e-01,2.353718504309654236e-02,3.133210912346839905e-02,6.915826350450515747e-02,2.411092817783355713e-01,1.244838535785675049e-01,2.377149909734725952e-01,6.373291462659835815e-02,1.827117651700973511e-01,1.984397619962692261e-01,3.284789025783538818e-01,2.061272561550140381e-01,2.557402849197387695e-01,-7.409449666738510132e-02,-5.087619274854660034e-02,1.076847538352012634e-01,9.085070341825485229e-02,2.613111734390258789e-01,2.163678407669067383e-01,1.600983589887619019e-01,1.619493663311004639e-01,9.670380502939224243e-02,-3.246591240167617798e-02
2.732751965522766113e-01,-2.627782896161079407e-02,4.206361472606658936e-01,1.458362787961959839e-01,3.307993113994598389e-01,1.033012662082910538e-02,5.441969633102416992e-01,1.120980903506278992e-01,5.277862548828125000e-01,-1.930437684059143066e-01,4.342613220214843750e-01,-5.427721515297889709e-02,9.999998211860656738e-01,2.425035089254379272e-02,3.921464085578918457e-01,-1.792711019515991211e-01,2.279018796980381012e-02,-1.663775444030761719e-01,2.169884294271469116e-01,-6.525081396102905273e-02,-2.393647329881787300e-03,2.633203566074371338e-02,3.973242640495300293e-01,3.264963328838348389e-01,3.081150650978088379e-01,7.075767219066619873e-02,1.943290531635284424e-01,9.252400696277618408e-02,-1.261028344742953777e-03,-9.681468456983566284e-02,3.598262369632720947e-01,2.480084747076034546e-01,2.143973857164382935e-01,7.388363778591156006e-02,5.267182365059852600e-03,-4.448149353265762329e-03,-4.425264522433280945e-02,-4.696116596460342407e-02,5.104344338178634644e-02,-1.475495286285877228e-02,9.860143065452575684e-02,-1.424679011106491089e-01,1.660568267107009888e-01,-3.373475919943302870e-04,1.683653146028518677e-01,4.942035675048828125e-02,8.256691694259643555e-02,4.517602920532226562e-02,2.973853647708892822e-01,4.865070432424545288e-02,4.505576491355895996e-01,7.812633365392684937e-02,4.516420885920524597e-03,4.909249767661094666e-02,7.246245443820953369e-02,-1.881867945194244385e-01,2.181653678417205811e-01,-7.359690964221954346e-02,2.429781258106231689e-01,-6.837517768144607544e-02,4.154108762741088867e-01,-1.222318485379219055e-01,1.798029839992523193e-01,-2.556799054145812988e-01,5.352476835250854492e-01,-6.999980658292770386e-02,3.295935690402984619e-01,-8.088326081633567810e-03,2.095002382993698120e-01,2.762972116470336914e-01,1.405474245548248291e-01,5.030235275626182556e-03,-5.068452283740043640e-02,-2.390257716178894043e-01,-5.413831211626529694e-03,-1.819249242544174194e-01,-8.725914172828197479e-03,-1.999516636133193970e-01,4.508169740438461304e-02,1.018920168280601501e-01,1.447601020336151123e-01,-8.160211890935897827e-02,1.461622118949890137e-01,-7.565156370401382446e-02,4.321893155574798584e-01,-2.149383537471294403e-02,2.705665305256843567e-02,-7.788406312465667725e-02,4.064155817031860352e-01,-4.123819991946220398e-02,3.033509291708469391e-02,-2.744933217763900757e-02,7.641512900590896606e-02,-5.571911856532096863e-02,6.684566289186477661e-02,5.192083492875099182e-02,9.231024235486984253e-02,-4.510120302438735962e-02,-1.039786078035831451e-02,-1.531017199158668518e-02,1.103810891509056091e-01,2.169036678969860077e-02,-8.238403499126434326e-02,-1.480587422847747803e-01,9.426998905837535858e-03,-7.659992203116416931e-03,3.015649914741516113e-01,9.248003363609313965e-02,1.467473655939102173e-01,1.180935427546501160e-01,-3.767891973257064819e-02,-1.052541807293891907e-01,-1.197014525532722473e-01,-4.379193112254142761e-02,-1.036434620618820190e-01,9.293374605476856232e-03
