1.000000000000000000e+00,5.080130100250244141e-01,2.762545347213745117e-01,3.747129440307617188e-01,-7.769814878702163696e-02,-6.633079051971435547e-02,3.341130316257476807e-01,3.594239652156829834e-01,1.905178278684616089e-02,-3.641664609313011169e-02,3.776997625827789307e-01,1.802149116992950439e-01,2.870180308818817139e-01,3.103092312812805176e-01,1.139363944530487061e-01,3.368074595928192139e-01,3.768812417984008789e-01,1.785167753696441650e-01,4.602884650230407715e-01,4.100796282291412354e-01,3.146933019161224365e-01,3.442860245704650879e-01,2.185645550489425659e-01,2.760050892829895020e-01,3.242420554161071777e-01,3.525410592555999756e-01,1.435458362102508545e-01,1.633490771055221558e-01,3.824588656425476074e-01,3.415774106979370117e-01,2.383645176887512207e-01,3.155506253242492676e-01,4.040052890777587891e-01,4.177691638469696045e-01,2.306545078754425049e-01,1.694785058498382568e-01,2.428184747695922852e-01,1.796535104513168335e-01,1.883869320154190063e-01,1.331275552511215210e-01,1.358481049537658691e-01,2.598592936992645264e-01,1.357385814189910889e-01,2.443406283855438232e-01,2.017595171928405762e-01,2.774340212345123291e-01,2.267800420522689819e-01,2.865591645240783691e-01,1.625411659479141235e-01,2.738257050514221191e-01,2.736755311489105225e-01,3.595314919948577881e-01,1.720125377178192139e-01,2.189100533723831177e-02,3.630010783672332764e-01,2.364510446786880493e-01,4.424562454223632812e-01,3.820987939834594727e-01,4.326265305280685425e-02,1.061034947633743286e-01,2.467794865369796753e-01,1.500834226608276367e-01,1.476728767156600952e-01,3.646968305110931396e-01,-4.367640241980552673e-02,1.978596001863479614e-01,8.062165975570678711e-02,1.257815510034561157e-01,2.676192224025726318e-01,2.256434112787246704e-01,1.946624517440795898e-01,1.811046302318572998e-01,4.282543361186981201e-01,3.487466871738433838e-01,3.778896927833557129e-01,4.105949699878692627e-01,1.910329014062881470e-01,2.488877624273300171e-01,2.529737353324890137e-01,1.132857054471969604e-01,3.078628480434417725e-01,3.391203582286834717e-01,2.347287237644195557e-01,2.863537967205047607e-01,3.269143998622894287e-01,4.002118706703186035e-01,3.212158977985382080e-01,2.822018563747406006e-01,2.848447859287261963e-01,2.008539438247680664e-01,1.651627719402313232e-01,1.438878923654556274e-01,7.014233153313398361e-03,1.220492925494909286e-02,1.110330075025558472e-01,3.161113336682319641e-02,1.676367223262786865e-01,1.935177892446517944e-01,3.036837875843048096e-01,3.337699174880981445e-01,1.467989534139633179e-01,-4.451944958418607712e-03,3.093384206295013428e-01,3.358211740851402283e-02,2.625645399093627930e-01,2.022155225276947021e-01,2.719208598136901855e-01,1.308716740459203720e-02,-1.243145787157118320e-03,4.243609681725502014e-02,3.301193565130233765e-02,3.033315241336822510e-01,2.419997602701187134e-01,1.408467292785644531e-01,1.914201676845550537e-01,-5.454287398606538773e-03
5.080130100250244141e-01,1.000000000000000000e+00,1.856917738914489746e-01,4.677985608577728271e-01,-5.253660678863525391e-02,1.043173857033252716e-02,1.545985937118530273e-01,3.608183264732360840e-01,4.097305610775947571e-02,1.017599776387214661e-01,1.440921127796173096e-01,3.540915846824645996e-01,1.909949183464050293e-01,3.000323176383972168e-01,4.097303748130798340e-02,8.995082974433898926e-02,3.154203593730926514e-01,4.332634806632995605e-01,4.522499144077301025e-01,4.506359696388244629e-01,6.017414480447769165e-02,1.067841649055480957e-01,1.375663131475448608e-01,2.605949044227600098e-01,1.359014660120010376e-01,1.086626425385475159e-01,-1.050821915268898010e-01,9.079565107822418213e-02,2.306778728961944580e-01,2.524553835391998291e-01,1.348226815462112427e-01,2.027008533477783203e-01,3.939535915851593018e-01,3.988154530525207520e-01,2.144600600004196167e-01,1.611047089099884033e-01,1.066719815135002136e-01,1.824707239866256714e-01,6.969349831342697144e-02,2.528907358646392822e-01,5.038356781005859375e-02,2.612053751945495605e-01,6.985745579004287720e-02,1.307864785194396973e-01,2.660916745662689209e-01,2.928605079650878906e-01,2.488758265972137451e-01,2.791254222393035889e-01,2.649329006671905518e-01,2.730658054351806641e-01,1.874335110187530518e-01,2.563821077346801758e-01,1.947369277477264404e-01,1.261729747056961060e-01,2.649124562740325928e-01,2.893106341361999512e-01,5.677815675735473633e-01,6.247088909149169922e-01,1.957695037126541138e-01,3.114940524101257324e-01,2.492316067218780518e-01,3.783047199249267578e-01,2.180829197168350220e-01,5.096162557601928711e-01,-9.257292747497558594e-02,2.059003561735153198e-01,2.669284045696258545e-01,3.194639086723327637e-01,4.111348986625671387e-01,3.780085742473602295e-01,1.244117692112922668e-01,1.419303715229034424e-01,2.071063667535781860e-01,2.081895619630813599e-01,1.469275355339050293e-01,1.959588378667831421e-01,1.056895107030868530e-01,1.499333828687667847e-01,2.882221341133117676e-01,1.481509059667587280e-01,2.648054659366607666e-01,3.628260791301727295e-01,1.478982716798782349e-01,2.903107404708862305e-01,1.232419908046722412e-01,3.127865195274353027e-01,1.740825325250625610e-01,1.449208110570907593e-01,1.687122136354446411e-01,2.202690988779067993e-01,8.175159245729446411e-02,6.715033948421478271e-02,-1.017969697713851929e-01,-7.987996190786361694e-02,7.348934561014175415e-02,2.739605726674199104e-03,1.718424707651138306e-01,2.391945868730545044e-01,1.803608536720275879e-01,2.945982515811920166e-01,1.525191366672515869e-01,-2.268189750611782074e-02,1.651354134082794189e-01,-2.522478066384792328e-02,1.031503677368164062e-01,5.941436439752578735e-02,9.296265244483947754e-02,6.101291999220848083e-02,7.088058441877365112e-02,1.396661102771759033e-01,1.054953932762145996e-01,1.341234147548675537e-01,1.394529789686203003e-01,3.429232537746429443e-02,4.446284845471382141e-02,-1.105669587850570679e-01
2.762545347213745117e-01,1.856917738914489746e-01,1.000000000000000000e+00,4.120567739009857178e-01,-2.583143115043640137e-01,-2.650544941425323486e-01,5.903726220130920410e-01,3.441602885723114014e-01,1.217382121831178665e-02,-3.467967808246612549e-01,4.064670801162719727e-01,1.498272567987442017e-01,4.130264520645141602e-01,3.348470926284790039e-01,2.049664556980133057e-01,2.033547461032867432e-01,2.314433902502059937e-01,3.950038179755210876e-02,4.463785588741302490e-01,3.727604448795318604e-01,4.092454314231872559e-01,4.019432961940765381e-01,5.744304656982421875e-01,5.270179510116577148e-01,3.635742664337158203e-01,1.923614591360092163e-01,1.470562368631362915e-01,-4.585307091474533081e-02,3.617115914821624756e-01,3.109682500362396240e-01,4.408786296844482422e-01,4.749506115913391113e-01,4.613869786262512207e-01,4.947027862071990967e-01,2.773172557353973389e-01,1.237768381834030151e-01,2.680512070655822754e-01,1.457441300153732300e-01,2.828724980354309082e-01,6.986293941736221313e-02,2.168713659048080444e-01,2.285149693489074707e-01,1.584349721670150757e-01,2.249067723751068115e-01,3.316954374313354492e-01,4.216867089271545410e-01,2.084425240755081177e-01,1.906530559062957764e-01,3.434574604034423828e-01,4.155874550342559814e-01,3.199765682220458984e-01,3.905952572822570801e-01,1.320606768131256104e-01,-6.481635570526123047e-02,3.201970160007476807e-01,1.685893684625625610e-01,2.456112504005432129e-01,2.508492469787597656e-01,2.719132006168365479e-01,2.355102002620697021e-01,4.113550782203674316e-01,1.550118029117584229e-01,2.195232212543487549e-01,2.417180985212326050e-01,3.298942744731903076e-01,3.722656965255737305e-01,3.364909887313842773e-01,3.113115131855010986e-01,1.515427529811859131e-01,8.834352344274520874e-02,3.177490234375000000e-01,2.699324786663055420e-01,4.073780477046966553e-01,3.116618096828460693e-01,3.578484654426574707e-01,3.615012466907501221e-01,2.150513976812362671e-01,2.488792389631271362e-01,1.326455920934677124e-01,1.132471561431884766e-01,2.758448719978332520e-01,2.757503390312194824e-01,4.147007167339324951e-01,2.146962285041809082e-01,4.089390635490417480e-01,3.912796378135681152e-01,4.523275494575500488e-01,3.161953091621398926e-01,3.492011129856109619e-01,1.990070939064025879e-01,1.091197580099105835e-01,1.837923526763916016e-01,-2.155729569494724274e-02,9.260698407888412476e-02,2.003993652760982513e-02,2.313627628609538078e-03,1.399247944355010986e-01,1.628126949071884155e-01,2.061103880405426025e-01,1.945985406637191772e-01,9.959472715854644775e-02,1.516706310212612152e-02,2.336900383234024048e-01,4.407352581620216370e-02,1.896566599607467651e-01,1.940391808748245239e-01,2.313507646322250366e-01,8.107183128595352173e-02,-1.089457422494888306e-01,3.516862913966178894e-02,1.374212354421615601e-01,1.792321205139160156e-01,1.290408819913864136e-01,1.079555451869964600e-01,2.095694690942764282e-01,2.102202922105789185e-02
3.747129440307617188e-01,4.677985608577728271e-01,4.120567739009857178e-01,1.000000238418579102e+00,-2.758067473769187927e-02,-4.628553614020347595e-02,4.112470448017120361e-01,6.113173365592956543e-01,1.039246320724487305e-01,5.037800222635269165e-02,3.063983023166656494e-01,4.084675610065460205e-01,3.130396604537963867e-01,4.606664478778839111e-01,-9.975378401577472687e-03,1.780729144811630249e-01,2.811391353607177734e-01,2.924224436283111572e-01,5.618146657943725586e-01,4.500744938850402832e-01,1.082061827182769775e-01,1.550488173961639404e-01,4.006661772727966309e-01,5.136723518371582031e-01,2.236906886100769043e-01,1.656916141510009766e-01,-7.474462687969207764e-02,2.598398178815841675e-02,2.858930528163909912e-01,3.080559670925140381e-01,3.179458081722259521e-01,4.074052870273590088e-01,4.660788178443908691e-01,5.248566865921020508e-01,2.646981477737426758e-01,1.605082005262374878e-01,1.935360729694366455e-01,1.279361546039581299e-01,1.359309554100036621e-01,1.892473548650741577e-01,5.861974880099296570e-02,2.543673217296600342e-01,1.087483242154121399e-01,1.506614536046981812e-01,2.871514558792114258e-01,3.063521683216094971e-01,2.049310356378555298e-01,1.782898008823394775e-01,2.232037633657455444e-01,3.111389875411987305e-01,1.782243400812149048e-01,2.950037717819213867e-01,1.985037177801132202e-01,8.594837784767150879e-02,2.741047441959381104e-01,2.357874661684036255e-01,3.395231366157531738e-01,4.367274940013885498e-01,2.429133057594299316e-01,3.136614263057708740e-01,3.216668963432312012e-01,3.782118558883666992e-01,1.970039308071136475e-01,4.505892693996429443e-01,5.060343071818351746e-02,3.908709585666656494e-01,3.360905349254608154e-01,4.031971991062164307e-01,3.341733515262603760e-01,2.050375193357467651e-01,1.817573010921478271e-01,2.043098211288452148e-01,3.138305246829986572e-01,2.561212182044982910e-01,2.607987821102142334e-01,2.899887263774871826e-01,2.191553860902786255e-01,3.199610114097595215e-01,1.660269349813461304e-01,1.267297714948654175e-01,2.315568178892135620e-01,3.241974115371704102e-01,2.207030057907104492e-01,3.092236816883087158e-01,1.517224013805389404e-01,3.064049184322357178e-01,1.995810270309448242e-01,1.911799311637878418e-01,2.231706976890563965e-01,2.633376419544219971e-01,1.859771311283111572e-01,1.598613560199737549e-01,-4.160853102803230286e-02,1.182935573160648346e-02,9.991259872913360596e-02,2.231523580849170685e-02,1.942810267210006714e-01,2.118614912033081055e-01,2.364163249731063843e-01,3.115846812725067139e-01,2.128955721855163574e-01,2.849240787327289581e-02,2.679097056388854980e-01,1.588680222630500793e-02,1.827326864004135132e-01,9.238059818744659424e-02,1.330555379390716553e-01,9.775064140558242798e-02,8.352521061897277832e-02,1.322573870420455933e-01,1.037450805306434631e-01,1.341674178838729858e-01,1.563507467508316040e-01,1.221521347761154175e-01,1.489760428667068481e-01,-1.044001337140798569e-02
-7.769814878702163696e-02,-5.253660678863525391e-02,-2.583143115043640137e-01,-2.758067473769187927e-02,9.999998211860656738e-01,5.064578652381896973e-01,-1.948954015970230103e-01,-6.437332928180694580e-02,5.109656453132629395e-01,4.671562910079956055e-01,-8.983329869806766510e-03,9.386729449033737183e-02,-3.028978034853935242e-02,-8.439603447914123535e-02,1.937104910612106323e-01,2.039184272289276123e-01,-5.392808839678764343e-02,3.142977878451347351e-02,-1.300434768199920654e-01,-1.918418109416961670e-01,-2.328622490167617798e-01,-1.699978560209274292e-01,-1.247665286064147949e-01,-9.320209920406341553e-02,3.116764361038804054e-03,9.586149454116821289e-02,1.545105576515197754e-01,3.270567357540130615e-01,-9.580678492784500122e-02,-4.998308420181274414e-02,-4.109228029847145081e-02,-5.799018964171409607e-02,-4.609495773911476135e-02,-7.193827629089355469e-02,1.918316818773746490e-02,4.840910434722900391e-02,-5.886412039399147034e-02,6.189721822738647461e-02,-4.642754048109054565e-02,2.212364971637725830e-01,-6.592937558889389038e-02,4.999923333525657654e-02,-4.996382165700197220e-03,-7.112921774387359619e-02,-7.013177126646041870e-02,-2.084577977657318115e-01,-1.925997994840145111e-02,-4.593307152390480042e-02,-1.967833340167999268e-01,-2.080368846654891968e-01,-1.476955264806747437e-01,-1.337210237979888916e-01,4.466428235173225403e-02,1.392005383968353271e-01,1.693450286984443665e-02,1.235533952713012695e-01,-1.373954415321350098e-01,-9.348892420530319214e-02,-2.233887314796447754e-01,-2.349952906370162964e-01,-1.740965098142623901e-01,-4.318948369473218918e-03,1.725728623569011688e-02,-2.419571205973625183e-02,1.885538548231124878e-02,-1.603061519563198090e-02,-1.490217298269271851e-01,-7.597246021032333374e-02,5.813501402735710144e-02,3.385179117321968079e-02,-9.774001687765121460e-02,-1.014121323823928833e-01,-1.122258007526397705e-01,-4.000152274966239929e-02,-7.570120692253112793e-02,-6.676908582448959351e-02,2.346127852797508240e-02,3.905543684959411621e-02,-4.225086793303489685e-02,2.054275199770927429e-02,-4.834409803152084351e-02,-4.503817111253738403e-02,-1.543384790420532227e-01,9.077690541744232178e-02,-1.169819682836532593e-01,-5.376153439283370972e-02,-1.574413478374481201e-01,1.454477757215499878e-02,5.029709264636039734e-02,1.678074002265930176e-01,1.690744459629058838e-01,1.637154072523117065e-01,1.433665156364440918e-01,1.564656943082809448e-01,-1.633977866731584072e-03,6.062870845198631287e-03,4.293176345527172089e-03,4.059173539280891418e-02,5.521235242486000061e-02,1.215222179889678955e-01,1.196113452315330505e-01,1.904777735471725464e-01,3.001737035810947418e-02,1.214868053793907166e-01,1.775600947439670563e-02,4.565607383847236633e-02,-1.069838330149650574e-01,8.133044466376304626e-03,9.832347929477691650e-02,-8.106444147415459156e-04,-1.122842282056808472e-01,-1.941912248730659485e-02,7.439798116683959961e-02,1.247928217053413391e-01,1.596315391361713409e-02,-6.271362304687500000e-02
-6.633079051971435547e-02,1.043173857033252716e-02,-2.650544941425323486e-01,-4.628553614020347595e-02,5.064578652381896973e-01,1.000000000000000000e+00,-2.105048298835754395e-01,-1.712202839553356171e-02,3.672254681587219238e-01,4.064155817031860352e-01,-8.362690359354019165e-02,1.463077664375305176e-01,-1.982224360108375549e-02,5.161349661648273468e-03,2.136483341455459595e-01,2.178475558757781982e-01,-8.362163789570331573e-03,7.131365686655044556e-02,-1.477333903312683105e-01,-1.925430744886398315e-01,-1.654325574636459351e-01,-1.116970479488372803e-01,-1.066859886050224304e-01,-2.529697120189666748e-02,-3.308805404230952263e-03,1.496379822492599487e-01,1.360143721103668213e-01,4.023381471633911133e-01,-1.075330749154090881e-01,-3.347623348236083984e-02,-4.054623842239379883e-02,-3.287391504272818565e-03,-6.277295202016830444e-02,-4.083476215600967407e-02,-2.747199323493987322e-04,2.568974345922470093e-02,-8.703567832708358765e-02,-2.370220981538295746e-02,-3.653519786894321442e-03,9.407230466604232788e-02,-3.095149435102939606e-02,-7.437151391059160233e-03,-4.164748638868331909e-02,-7.178287208080291748e-02,-4.389847442507743835e-02,-1.615187227725982666e-01,-6.104170903563499451e-02,-9.971828758716583252e-02,-1.723295301198959351e-01,-1.265032887458801270e-01,-1.657187193632125854e-01,-8.760244399309158325e-02,-6.332382559776306152e-02,-1.707973703742027283e-02,5.371026694774627686e-02,4.495876654982566833e-02,-5.450748279690742493e-02,-5.454394593834877014e-02,-2.118146866559982300e-01,-1.467622220516204834e-01,-1.777156740427017212e-01,4.150372743606567383e-02,-3.525236621499061584e-02,-8.477168157696723938e-04,-5.866678431630134583e-02,3.979716077446937561e-02,-1.462367177009582520e-01,-5.468686297535896301e-02,4.101628810167312622e-02,5.128679424524307251e-02,-3.620504587888717651e-02,-1.253295876085758209e-02,-1.428334414958953857e-01,-3.943082317709922791e-02,-1.147896349430084229e-01,-8.802594244480133057e-02,-4.110644012689590454e-02,-8.956192061305046082e-03,3.023388853762298822e-04,-6.777117401361465454e-02,-5.314043909311294556e-02,-2.851565741002559662e-02,-9.459897875785827637e-02,6.364074535667896271e-03,-9.290307760238647461e-02,-2.455637417733669281e-02,-6.926196068525314331e-02,3.504318743944168091e-02,1.667265035212039948e-02,7.062122225761413574e-02,1.601631641387939453e-01,1.145773679018020630e-01,2.314331475645303726e-03,2.710257284343242645e-02,-3.170778602361679077e-02,-1.872455514967441559e-02,-7.163255661725997925e-02,6.452116649597883224e-03,4.015853255987167358e-02,7.067206501960754395e-02,-1.167064532637596130e-02,5.018406733870506287e-02,-3.038272261619567871e-02,5.441792309284210205e-02,2.049183286726474762e-02,1.660235226154327393e-02,-5.840095877647399902e-02,-1.228161975741386414e-01,-2.112523652613162994e-03,-5.964618921279907227e-02,-5.874859914183616638e-02,-1.527598779648542404e-02,7.943324744701385498e-02,5.577413365244865417e-02,-8.983418345451354980e-03,-1.875845529139041901e-02
3.341130316257476807e-01,1.545985937118530273e-01,5.903726220130920410e-01,4.112470448017120361e-01,-1.948954015970230103e-01,-2.105048298835754395e-01,9.999998807907104492e-01,4.540551304817199707e-01,5.853527039289474487e-02,-3.569422960281372070e-01,5.292201638221740723e-01,2.125418931245803833e-01,5.207007527351379395e-01,3.466392159461975098e-01,1.803957074880599976e-01,1.914698481559753418e-01,3.447180390357971191e-01,1.038564071059226990e-01,4.218332171440124512e-01,4.003671109676361084e-01,4.563735425472259521e-01,4.240035414695739746e-01,5.211161375045776367e-01,4.089420437812805176e-01,2.729706168174743652e-01,1.506972908973693848e-01,1.491117328405380249e-01,-6.784063763916492462e-03,4.462884962558746338e-01,3.992907702922821045e-01,4.725787043571472168e-01,4.910366833209991455e-01,4.900209605693817139e-01,5.001377463340759277e-01,3.234636485576629639e-01,2.208179235458374023e-01,2.760860621929168701e-01,1.511068642139434814e-01,3.246963024139404297e-01,4.480320028960704803e-03,2.141124010086059570e-01,2.668973505496978760e-01,1.146908178925514221e-01,2.100352793931961060e-01,2.606094479560852051e-01,3.466577529907226562e-01,1.344031989574432373e-01,1.159984692931175232e-01,2.625207006931304932e-01,3.624684512615203857e-01,2.323981970548629761e-01,3.538729548454284668e-01,3.236149251461029053e-02,-1.667067706584930420e-01,2.780329585075378418e-01,8.417446166276931763e-02,2.120306342840194702e-01,1.824033856391906738e-01,2.257548421621322632e-01,2.336069941520690918e-01,3.992343842983245850e-01,2.039650529623031616e-01,2.306414842605590820e-01,2.226645499467849731e-01,2.357261627912521362e-01,4.166943430900573730e-01,3.138800859451293945e-01,2.970465421676635742e-01,1.795895695686340332e-01,1.257192492485046387e-01,4.343537986278533936e-01,3.835945725440979004e-01,4.915649592876434326e-01,4.175504148006439209e-01,4.090532958507537842e-01,4.715349078178405762e-01,2.706817686557769775e-01,3.313056826591491699e-01,1.596535593271255493e-01,1.584705859422683716e-01,3.195579051971435547e-01,3.415896296501159668e-01,4.584809541702270508e-01,2.301337718963623047e-01,3.547966480255126953e-01,3.957193791866302490e-01,4.403107464313507080e-01,2.616394162178039551e-01,2.828310132026672363e-01,1.524700969457626343e-01,5.479466542601585388e-02,1.010007709264755249e-01,-6.179202347993850708e-02,4.203086346387863159e-02,5.583051219582557678e-02,3.215368092060089111e-02,1.336006373167037964e-01,1.581377834081649780e-01,1.580788493156433105e-01,1.284716129302978516e-01,2.282410115003585815e-02,-3.054485097527503967e-02,2.099181562662124634e-01,1.754541695117950439e-02,1.899786144495010376e-01,1.719988733530044556e-01,2.356981486082077026e-01,4.696150496602058411e-02,-3.625052422285079956e-02,5.669704824686050415e-02,2.064322680234909058e-01,1.683404445648193359e-01,6.025154143571853638e-02,7.268540561199188232e-02,1.964263916015625000e-01,6.119716539978981018e-02
3.594239652156829834e-01,3.608183264732360840e-01,3.441602885723114014e-01,6.113173365592956543e-01,-6.437332928180694580e-02,-1.712202839553356171e-02,4.540551304817199707e-01,1.000000238418579102e+00,5.232550576329231262e-02,-1.853737980127334595e-02,3.752132356166839600e-01,4.668830037117004395e-01,3.770061135292053223e-01,5.314955115318298340e-01,-4.243218898773193359e-02,2.380988150835037231e-01,2.961655557155609131e-01,2.380186468362808228e-01,4.848735630512237549e-01,3.669671714305877686e-01,1.536240875720977783e-01,1.945175379514694214e-01,3.459823727607727051e-01,4.052479565143585205e-01,1.488519310951232910e-01,1.141529902815818787e-01,-3.040914237499237061e-02,2.086023241281509399e-02,3.328252732753753662e-01,3.380034863948822021e-01,2.660721242427825928e-01,3.733848929405212402e-01,4.008681774139404297e-01,4.575815200805664062e-01,2.027953416109085083e-01,1.170159578323364258e-01,2.202275097370147705e-01,9.803228080272674561e-02,1.569491624832153320e-01,9.097599983215332031e-02,5.407803133130073547e-02,2.759959995746612549e-01,1.235406771302223206e-01,1.737087368965148926e-01,2.438047528266906738e-01,3.090262413024902344e-01,1.939280927181243896e-01,1.519940644502639771e-01,2.309694886207580566e-01,3.670440912246704102e-01,2.339896112680435181e-01,3.489630222320556641e-01,2.064426690340042114e-01,4.876255616545677185e-02,3.227564096450805664e-01,2.004291266202926636e-01,2.066368311643600464e-01,2.761885821819305420e-01,2.235196828842163086e-01,3.211473226547241211e-01,3.404179215431213379e-01,4.086630046367645264e-01,2.200542837381362915e-01,4.376494288444519043e-01,3.632783889770507812e-02,4.690811932086944580e-01,2.525897622108459473e-01,3.476949036121368408e-01,2.032544463872909546e-01,1.150279641151428223e-01,2.118551433086395264e-01,2.249042838811874390e-01,3.286980986595153809e-01,2.860100567340850830e-01,2.839145660400390625e-01,3.453700840473175049e-01,2.236744910478591919e-01,3.343715071678161621e-01,1.514036953449249268e-01,8.327357470989227295e-02,2.227377444505691528e-01,3.196483254432678223e-01,2.676725089550018311e-01,2.986357808113098145e-01,1.667350083589553833e-01,3.122096061706542969e-01,2.305902391672134399e-01,1.938990354537963867e-01,2.442146241664886475e-01,2.459236085414886475e-01,2.171663343906402588e-01,1.701788455247879028e-01,7.722912356257438660e-03,4.936070740222930908e-02,8.597626537084579468e-02,1.483033783733844757e-02,2.079736590385437012e-01,2.138856947422027588e-01,2.749141156673431396e-01,2.755881547927856445e-01,1.964246779680252075e-01,2.994991466403007507e-02,2.888450920581817627e-01,6.575948745012283325e-02,2.590779662132263184e-01,1.585986912250518799e-01,2.293803542852401733e-01,9.549798071384429932e-02,9.566780179738998413e-02,1.298319548368453979e-01,1.489482223987579346e-01,1.669285446405410767e-01,1.901465356349945068e-01,1.793087124824523926e-01,2.372344583272933960e-01,5.557647347450256348e-02
1.905178278684616089e-02,4.097305610775947571e-02,1.217382121831178665e-02,1.039246320724487305e-01,5.109656453132629395e-01,3.672254681587219238e-01,5.853527039289474487e-02,5.232550576329231262e-02,1.000000238418579102e+00,3.487917482852935791e-01,1.895865350961685181e-01,2.187610715627670288e-01,2.872606515884399414e-01,2.854347042739391327e-02,4.315887093544006348e-01,2.136224806308746338e-01,8.263275772333145142e-02,1.332262456417083740e-01,-3.820765996351838112e-03,-2.501276880502700806e-02,-2.407988533377647400e-02,7.581088226288557053e-03,1.815181374549865723e-01,1.725424379110336304e-01,2.173973023891448975e-01,1.841998547315597534e-01,1.909811943769454956e-01,2.306392192840576172e-01,3.862010687589645386e-02,9.785846620798110962e-02,1.728072315454483032e-01,1.345649212598800659e-01,1.595368683338165283e-01,1.130460873246192932e-01,2.420300692319869995e-01,1.687714159488677979e-01,3.149819676764309406e-04,1.220204830169677734e-01,9.772802889347076416e-02,2.124817818403244019e-01,5.673883855342864990e-02,1.643632352352142334e-01,6.223697960376739502e-02,3.601576387882232666e-02,1.472594439983367920e-01,1.081175822764635086e-02,5.159823596477508545e-02,5.192292481660842896e-02,2.232759259641170502e-03,1.399626024067401886e-02,-1.834058086387813091e-03,7.606020569801330566e-02,3.738359734416007996e-02,3.939586132764816284e-02,8.895540237426757812e-02,1.177644208073616028e-01,3.280603885650634766e-02,1.574962586164474487e-02,-7.898931205272674561e-02,-8.206610381603240967e-02,1.035332307219505310e-02,7.287771254777908325e-02,1.187054142355918884e-01,-1.914128661155700684e-03,2.449165731668472290e-01,2.058312445878982544e-01,5.407609790563583374e-02,9.423285722732543945e-02,1.826443970203399658e-01,1.378733366727828979e-01,1.202358528971672058e-01,1.057444587349891663e-01,4.933309555053710938e-02,1.160966083407402039e-01,2.499229274690151215e-02,6.998270004987716675e-02,7.650700211524963379e-02,1.464977711439132690e-01,4.596206173300743103e-02,7.530605047941207886e-02,8.463700115680694580e-02,1.166446134448051453e-01,1.087617203593254089e-01,1.551298946142196655e-01,7.794015109539031982e-02,1.440606117248535156e-01,6.494251638650894165e-02,1.052379310131072998e-01,1.337658911943435669e-01,1.628167331218719482e-01,1.546976268291473389e-01,1.860615164041519165e-01,-6.283392198383808136e-03,7.669617980718612671e-02,6.560227833688259125e-03,9.201244451105594635e-03,-3.206058964133262634e-02,5.903016030788421631e-02,4.141610115766525269e-02,1.001470088958740234e-01,-1.246676128357648849e-02,3.953436389565467834e-02,-1.828710548579692841e-03,9.565933793783187866e-02,3.554961178451776505e-03,6.063140556216239929e-02,-8.173710107803344727e-02,-3.815077617764472961e-02,-4.210154339671134949e-02,-1.351161487400531769e-02,3.677251189947128296e-02,1.328386925160884857e-02,2.203753031790256500e-02,5.598746612668037415e-02,4.078431800007820129e-02,-8.732765913009643555e-02
-3.641664609313011169e-02,1.017599776387214661e-01,-3.467967808246612549e-01,5.037800222635269165e-02,4.671562910079956055e-01,4.064155817031860352e-01,-3.569422960281372070e-01,-1.853737980127334595e-02,3.487917482852935791e-01,9.999998211860656738e-01,-1.830639839172363281e-01,1.125224679708480835e-01,-1.587895303964614868e-01,-4.427488520741462708e-02,-5.222481675446033478e-03,8.901245146989822388e-02,-1.579332202672958374e-01,5.970750749111175537e-02,-1.214544475078582764e-01,-2.188656926155090332e-01,-4.022516012191772461e-01,-3.466748595237731934e-01,-2.627661228179931641e-01,-6.487695127725601196e-02,-6.792946904897689819e-02,9.689871221780776978e-02,-8.307196199893951416e-02,1.580597311258316040e-01,-2.363669723272323608e-01,-1.554765105247497559e-01,-2.160996049642562866e-01,-1.720653623342514038e-01,-1.560744941234588623e-01,-1.414930373430252075e-01,-7.683560997247695923e-02,-3.368868306279182434e-02,-1.280996501445770264e-01,3.842223435640335083e-03,-1.803407371044158936e-01,2.184557318687438965e-01,-1.022865399718284607e-01,-3.266208618879318237e-02,-6.136342510581016541e-02,-1.305874735116958618e-01,-1.582225114107131958e-01,-2.499243617057800293e-01,-5.876648426055908203e-02,-3.166949748992919922e-02,-2.566654682159423828e-01,-2.604392170906066895e-01,-2.071498781442642212e-01,-2.080507129430770874e-01,4.746549576520919800e-02,2.428078800439834595e-01,-8.891571313142776489e-02,1.236944496631622314e-01,-8.169445395469665527e-02,2.007684111595153809e-02,-1.733055710792541504e-01,-1.598645448684692383e-01,-2.495100796222686768e-01,2.458271570503711700e-02,-1.114462912082672119e-01,2.267939504235982895e-03,-1.731024235486984253e-01,-1.268865913152694702e-01,-2.018504738807678223e-01,-1.341497749090194702e-01,1.411545928567647934e-02,-2.773568220436573029e-02,-2.521369457244873047e-01,-1.959562897682189941e-01,-2.294488102197647095e-01,-1.670202165842056274e-01,-1.910362392663955688e-01,-2.271497398614883423e-01,-5.003662034869194031e-02,-6.670308299362659454e-03,-1.214768514037132263e-01,-6.961102783679962158e-02,-1.926364153623580933e-01,-1.586703658103942871e-01,-3.577312529087066650e-01,-6.229933351278305054e-03,-2.567780017852783203e-01,-1.946935951709747314e-01,-3.346299231052398682e-01,-8.885789662599563599e-02,-1.044557094573974609e-01,8.626255393028259277e-02,1.354635357856750488e-01,8.122442662715911865e-02,7.208202034235000610e-02,1.683492772281169891e-02,5.740068480372428894e-02,2.768678218126296997e-02,-6.205905228853225708e-02,-4.545621946454048157e-02,-6.202551536262035370e-03,1.202940046787261963e-01,1.212426051497459412e-01,1.184220090508460999e-01,-1.481672096997499466e-02,6.400189548730850220e-02,-6.104752421379089355e-02,-5.507319420576095581e-02,-1.684532165527343750e-01,2.633490413427352905e-02,8.591389656066894531e-02,2.774449624121189117e-02,-1.968765407800674438e-01,-1.033539697527885437e-01,3.944462537765502930e-02,2.159425988793373108e-02,-1.105195060372352600e-01,-8.625543862581253052e-02
3.776997625827789307e-01,1.440921127796173096e-01,4.064670801162719727e-01,3.063983023166656494e-01,-8.983329869806766510e-03,-8.362690359354019165e-02,5.292201638221740723e-01,3.752132356166839600e-01,1.895865350961685181e-01,-1.830639839172363281e-01,9.999998211860656738e-01,2.712322175502777100e-01,6.103148460388183594e-01,4.263674020767211914e-01,2.020882368087768555e-01,3.424191176891326904e-01,4.746893942356109619e-01,1.742482483386993408e-01,3.521487116813659668e-01,3.128009438514709473e-01,3.394981026649475098e-01,3.571364879608154297e-01,4.360244572162628174e-01,3.506170511245727539e-01,3.707571625709533691e-01,2.923370599746704102e-01,1.856399774551391602e-01,4.352659732103347778e-02,5.186231136322021484e-01,4.289311170578002930e-01,4.601198136806488037e-01,4.488648772239685059e-01,3.462133109569549561e-01,3.649590313434600830e-01,2.703458964824676514e-01,1.428162455558776855e-01,3.496934473514556885e-01,2.099439948797225952e-01,2.875927388668060303e-01,9.912472963333129883e-02,9.852336347103118896e-02,2.493904381990432739e-01,2.305049151182174683e-01,3.616147637367248535e-01,2.865709066390991211e-01,3.278164267539978027e-01,2.277416884899139404e-01,2.140070945024490356e-01,2.181871980428695679e-01,3.467890322208404541e-01,3.514709770679473877e-01,4.437251687049865723e-01,1.742247939109802246e-01,-2.082519978284835815e-02,3.550136685371398926e-01,1.597491949796676636e-01,1.395193636417388916e-01,1.001394316554069519e-01,1.074832677841186523e-01,6.083912029862403870e-02,2.959984838962554932e-01,5.515241250395774841e-02,2.989444136619567871e-01,1.931768655776977539e-01,3.078981637954711914e-01,3.555217683315277100e-01,2.012345194816589355e-01,2.074785530567169189e-01,1.641576141119003296e-01,9.883060306310653687e-02,3.620920777320861816e-01,3.048630654811859131e-01,4.676416516304016113e-01,4.009473621845245361e-01,4.092190265655517578e-01,4.728743433952331543e-01,3.467952013015747070e-01,4.106518030166625977e-01,2.688070535659790039e-01,2.940910756587982178e-01,4.024692475795745850e-01,3.805427551269531250e-01,4.006657004356384277e-01,2.929616868495941162e-01,4.394686520099639893e-01,4.403821527957916260e-01,3.296477496623992920e-01,2.855824232101440430e-01,3.505787551403045654e-01,2.082407623529434204e-01,2.043258249759674072e-01,2.640527188777923584e-01,4.229014739394187927e-02,1.676807999610900879e-01,5.677488446235656738e-02,4.653185978531837463e-02,2.457295656204223633e-01,2.570436894893646240e-01,3.097290098667144775e-01,2.259650379419326782e-01,5.815606191754341125e-02,3.978002816438674927e-02,2.754437327384948730e-01,1.470993906259536743e-01,3.043107688426971436e-01,2.667438983917236328e-01,2.611722648143768311e-01,6.569460034370422363e-02,4.737665131688117981e-02,1.147425025701522827e-01,2.309342622756958008e-01,3.082816898822784424e-01,1.950515210628509521e-01,2.681502103805541992e-01,3.584499061107635498e-01,1.421228945255279541e-01
1.802149116992950439e-01,3.540915846824645996e-01,1.498272567987442017e-01,4.084675610065460205e-01,9.386729449033737183e-02,1.463077664375305176e-01,2.125418931245803833e-01,4.668830037117004395e-01,2.187610715627670288e-01,1.125224679708480835e-01,2.712322175502777100e-01,9.999998807907104492e-01,4.100059568881988525e-01,4.842786788940429688e-01,8.835296332836151123e-02,8.937073498964309692e-02,3.242162466049194336e-01,4.896174371242523193e-01,3.027713298797607422e-01,2.584640979766845703e-01,-7.116073369979858398e-02,-5.081298202276229858e-02,1.518767178058624268e-01,2.533449530601501465e-01,1.914426451548933983e-03,-7.111121714115142822e-02,-1.835813075304031372e-01,-9.460402280092239380e-02,2.738259136676788330e-01,2.799846529960632324e-01,1.672960072755813599e-01,1.894699782133102417e-01,2.867953479290008545e-01,2.657792866230010986e-01,2.131848931312561035e-01,1.766115725040435791e-01,-4.049857705831527710e-02,1.998990960419178009e-02,-4.890299960970878601e-02,1.249152645468711853e-01,-9.269870817661285400e-02,1.467564404010772705e-01,9.803805500268936157e-02,1.672451645135879517e-01,2.053703963756561279e-01,1.585066914558410645e-01,1.400133371353149414e-01,1.159225180745124817e-01,2.035361677408218384e-01,2.160334438085556030e-01,8.830627799034118652e-02,1.606783866882324219e-01,1.220880970358848572e-01,8.424955606460571289e-02,1.000818610191345215e-01,1.289584636688232422e-01,2.220197170972824097e-01,2.493123561143875122e-01,1.474852114915847778e-01,2.758688628673553467e-01,2.016330361366271973e-01,4.209147989749908447e-01,3.930396437644958496e-01,4.415334165096282959e-01,3.320849314332008362e-02,3.705732226371765137e-01,2.860555946826934814e-01,3.668651580810546875e-01,2.818532884120941162e-01,2.403450012207031250e-01,2.342765033245086670e-01,2.396072447299957275e-01,1.255333870649337769e-01,2.065193653106689453e-01,7.266214489936828613e-02,1.869053691625595093e-01,2.630819976329803467e-01,3.269713819026947021e-01,2.911458015441894531e-01,1.379927545785903931e-01,2.675242424011230469e-01,3.576111793518066406e-01,1.904504001140594482e-01,2.823736965656280518e-01,5.315867252647876740e-03,2.095233947038650513e-01,1.909693516790866852e-02,-2.734085172414779663e-02,-2.827598247677087784e-03,1.398141980171203613e-01,2.073708735406398773e-02,2.704335376620292664e-03,-1.573946326971054077e-01,-9.429438412189483643e-02,-5.479999259114265442e-02,-7.575976848602294922e-02,1.183218061923980713e-01,1.760446429252624512e-01,2.478188462555408478e-02,7.574708759784698486e-02,3.505425155162811279e-02,-5.748055875301361084e-02,-3.081497922539710999e-02,-9.327532723546028137e-03,-6.187122687697410583e-02,-8.348609507083892822e-02,-5.484673008322715759e-02,4.855519160628318787e-02,8.536928147077560425e-02,2.392482310533523560e-01,2.860431671142578125e-01,-4.838837310671806335e-02,-4.716080427169799805e-02,-1.579856500029563904e-02,7.339481730014085770e-03,-1.547268182039260864e-01
2.870180308818817139e-01,1.909949183464050293e-01,4.130264520645141602e-01,3.130396604537963867e-01,-3.028978034853935242e-02,-1.982224360108375549e-02,5.207007527351379395e-01,3.770061135292053223e-01,2.872606515884399414e-01,-1.587895303964614868e-01,6.103148460388183594e-01,4.100059568881988525e-01,9.999998807907104492e-01,4.469176828861236572e-01,3.297876715660095215e-01,2.280611246824264526e-01,4.464009404182434082e-01,2.884369194507598877e-01,2.841140925884246826e-01,2.605578601360321045e-01,3.102529048919677734e-01,2.961298823356628418e-01,4.626459479331970215e-01,3.887819051742553711e-01,3.318326771259307861e-01,1.967806369066238403e-01,1.163284331560134888e-01,2.083947695791721344e-02,4.796962440013885498e-01,4.261781275272369385e-01,4.627097845077514648e-01,4.419262111186981201e-01,3.596446514129638672e-01,3.653154373168945312e-01,3.304037749767303467e-01,1.947351098060607910e-01,2.462658435106277466e-01,1.759970486164093018e-01,2.931572198867797852e-01,8.944646269083023071e-02,1.079975217580795288e-01,2.326301038265228271e-01,1.385375261306762695e-01,2.785128951072692871e-01,2.950320541858673096e-01,2.983640730381011963e-01,1.442620605230331421e-01,1.445577889680862427e-01,2.445192933082580566e-01,3.336190879344940186e-01,2.385343164205551147e-01,3.750934004783630371e-01,5.976201593875885010e-02,-9.088809788227081299e-02,2.689901590347290039e-01,1.129528135061264038e-01,2.153502255678176880e-01,1.583461910486221313e-01,1.427334398031234741e-01,1.532144397497177124e-01,2.846933007240295410e-01,1.699692457914352417e-01,3.183715939521789551e-01,1.879333555698394775e-01,3.123814463615417480e-01,4.303933680057525635e-01,2.671039700508117676e-01,2.793514728546142578e-01,1.880548298358917236e-01,1.491844505071640015e-01,4.793228209018707275e-01,4.448474347591400146e-01,3.872169256210327148e-01,3.915237188339233398e-01,3.132420182228088379e-01,4.132936000823974609e-01,2.779907584190368652e-01,3.544895946979522705e-01,2.851133942604064941e-01,2.628316879272460938e-01,3.662669360637664795e-01,4.108676314353942871e-01,4.618372619152069092e-01,2.735490202903747559e-01,3.695943057537078857e-01,4.265214800834655762e-01,3.570870161056518555e-01,2.068491727113723755e-01,2.575922608375549316e-01,1.578660458326339722e-01,6.155806034803390503e-02,1.440082490444183350e-01,-1.575719118118286133e-01,1.369189471006393433e-02,4.982184991240501404e-02,5.067860335111618042e-02,1.797756403684616089e-01,2.572664916515350342e-01,1.239597126841545105e-01,1.151662766933441162e-01,-7.416271418333053589e-02,-8.338449150323867798e-02,9.689753502607345581e-02,4.241460561752319336e-02,1.530601829290390015e-01,1.384366750717163086e-01,1.542368829250335693e-01,3.542650723829865456e-03,-5.202895496040582657e-03,1.430536061525344849e-01,3.385003507137298584e-01,1.721913516521453857e-01,3.708883747458457947e-02,1.002381369471549988e-01,2.275875508785247803e-01,7.555761188268661499e-02
