1.000000119209289551e+00,1.799263209104537964e-01,-1.554701179265975952e-01,-5.580473318696022034e-02,-3.850763896480202675e-03,2.191491983830928802e-02,6.473673135042190552e-02,2.399695664644241333e-01,4.303186014294624329e-02,1.123763024806976318e-01,3.575552999973297119e-01,2.250341176986694336e-01,3.074982762336730957e-01,6.439657509326934814e-02,8.778610825538635254e-02,1.058490723371505737e-01,2.171927392482757568e-01,1.156188249588012695e-01,2.904403805732727051e-01,1.341416537761688232e-01,9.704808145761489868e-02,6.462740898132324219e-02,-5.894675850868225098e-02,-1.351976543664932251e-01,-7.554789632558822632e-02,-1.825313828885555267e-02,-1.227359026670455933e-01,-5.344356596469879150e-02,2.400312423706054688e-01,8.951688557863235474e-02,-9.755574166774749756e-03,-1.402609515935182571e-02,3.468559980392456055e-01,2.803369462490081787e-01,9.808696806430816650e-02,7.884027808904647827e-02,5.772722139954566956e-02,5.286403745412826538e-02,-4.648413136601448059e-02,1.846298202872276306e-02,4.424136504530906677e-02,6.403833627700805664e-02,-2.863882482051849365e-02,-1.046973094344139099e-01,2.852809056639671326e-02,-2.271793596446514130e-02,6.748958956450223923e-03,-1.054729446768760681e-01,1.263748258352279663e-01,-7.842832058668136597e-02,1.146163046360015869e-01,-9.592077881097793579e-02,4.586732760071754456e-02,-1.183477714657783508e-01,6.262498348951339722e-02,-5.918202921748161316e-02,2.258451879024505615e-01,-3.582821786403656006e-02,-1.238273158669471741e-01,-1.407601833343505859e-01,-2.792599238455295563e-02,-1.296526938676834106e-01,1.314756721258163452e-01,8.218159526586532593e-02,-1.141058355569839478e-01,-1.357746869325637817e-01,1.487894058227539062e-01,1.164908707141876221e-01,3.177629113197326660e-01,2.127385735511779785e-01,2.685445547103881836e-01,1.893276423215866089e-01,2.524300217628479004e-01,1.496642231941223145e-01,1.563739925622940063e-01,6.440044939517974854e-02,6.193554773926734924e-02,1.961394213140010834e-02,1.004691720008850098e-01,1.821323633193969727e-01,8.046458661556243896e-02,4.732017964124679565e-02,1.201094537973403931e-01,-1.822100766003131866e-02,1.043430343270301819e-01,-9.528703242540359497e-02,8.515930175781250000e-02,9.260831773281097412e-02,5.565154552459716797e-02,-1.476975679397583008e-01,-5.824350286275148392e-03,-1.888580471277236938e-01,9.519387967884540558e-03,-1.158408075571060181e-01,6.603231281042098999e-02,-1.058434788137674332e-02,-1.499662175774574280e-02,-3.143082931637763977e-02,5.260606482625007629e-02,-5.613138899207115173e-02,2.240686677396297455e-02,-9.857914596796035767e-02,2.530384436249732971e-02,-5.339756608009338379e-02,4.308173898607492447e-03,3.074120730161666870e-03,-4.664427042007446289e-02,-2.059624940156936646e-01,7.510474324226379395e-02,7.142841815948486328e-02,-3.032741078641265631e-04,1.030735857784748077e-02,4.536631703376770020e-02,9.085625410079956055e-02,9.454658254981040955e-03,-6.644741445779800415e-02
1.799263209104537964e-01,1.000000357627868652e+00,1.469533294439315796e-01,8.576947450637817383e-02,-2.407364547252655029e-03,-7.583814859390258789e-02,-2.713777648750692606e-04,2.623518109321594238e-01,6.169859692454338074e-02,3.869771584868431091e-02,2.620363533496856689e-01,4.510483145713806152e-01,2.349171340465545654e-01,1.860398352146148682e-01,1.864607781171798706e-01,6.152943149209022522e-02,2.149152308702468872e-01,4.927334785461425781e-01,3.666684776544570923e-02,1.405615806579589844e-01,2.985545247793197632e-02,4.859378933906555176e-02,8.123002015054225922e-03,1.501205414533615112e-01,-1.390217840671539307e-01,-1.641242504119873047e-01,-9.072354435920715332e-02,-7.526247948408126831e-02,2.673924900591373444e-02,1.337847262620925903e-01,-9.529212489724159241e-03,7.568988204002380371e-02,4.792119190096855164e-02,1.290642768144607544e-01,-9.591817110776901245e-02,-6.135070323944091797e-02,-2.678004093468189240e-02,-9.204283356666564941e-02,-6.931602209806442261e-02,-1.670901626348495483e-01,9.444297850131988525e-02,9.556665085256099701e-03,8.592140674591064453e-02,1.439166963100433350e-01,8.231407031416893005e-03,1.034279838204383850e-01,-1.740761995315551758e-01,-1.022080704569816589e-01,1.314157843589782715e-01,3.411571681499481201e-02,6.054485589265823364e-02,3.970026969909667969e-01,-1.452167034149169922e-01,-2.733345329761505127e-01,-3.148627877235412598e-01,-2.446482777595520020e-01,2.483296394348144531e-01,4.714185893535614014e-01,-2.843583822250366211e-01,-2.120989859104156494e-01,-1.976560354232788086e-01,-6.674756854772567749e-02,3.451827540993690491e-02,1.131430789828300476e-01,-1.438343226909637451e-01,-9.164476394653320312e-02,-2.623417675495147705e-01,-1.669019311666488647e-01,-5.229623988270759583e-03,1.796264201402664185e-02,6.862602382898330688e-02,3.607803955674171448e-02,6.943973898887634277e-02,1.638475060462951660e-01,9.875184297561645508e-02,1.124639734625816345e-01,-5.189876630902290344e-02,-4.405060783028602600e-02,-1.321964561939239502e-01,6.766038388013839722e-02,1.136595681309700012e-01,3.322285115718841553e-01,2.404354661703109741e-01,2.806031703948974609e-01,2.618002295494079590e-01,3.463182151317596436e-01,2.142209559679031372e-01,2.030383646488189697e-01,1.205065920948982239e-01,3.213960826396942139e-01,-2.485808879137039185e-01,-1.275525093078613281e-01,-8.093210309743881226e-02,3.344570696353912354e-01,-1.575579941272735596e-01,-1.913387924432754517e-01,-1.958007961511611938e-01,-2.048808783292770386e-01,-1.937822997570037842e-01,-1.926573365926742554e-01,-3.686690703034400940e-02,2.208060324192047119e-01,-1.396206617355346680e-01,-4.336040094494819641e-02,-1.253700703382492065e-01,-9.221778064966201782e-02,-1.366747319698333740e-01,-9.755311906337738037e-02,-4.610476270318031311e-02,6.153697031550109386e-04,-1.899948269128799438e-01,-2.363184243440628052e-01,1.116762459278106689e-01,-2.100270241498947144e-01,-2.364390939474105835e-01,-1.033575758337974548e-01
-1.554701179265975952e-01,1.469533294439315796e-01,1.000000000000000000e+00,5.565787553787231445e-01,-9.700600057840347290e-02,-1.379196196794509888e-01,4.988951981067657471e-01,3.846690356731414795e-01,2.457296662032604218e-02,8.946222811937332153e-02,-3.627058491110801697e-02,-4.093282669782638550e-02,1.118094995617866516e-01,1.517406255006790161e-01,1.447699218988418579e-02,-6.096946820616722107e-02,-1.176309213042259216e-01,1.249994412064552307e-01,-1.146419644355773926e-01,-1.297741979360580444e-01,-1.059390455484390259e-01,-1.886156201362609863e-01,4.795866012573242188e-01,4.289124310016632080e-01,-5.806057015433907509e-04,-2.829061634838581085e-02,-1.392019838094711304e-01,-1.733858287334442139e-01,1.749254576861858368e-02,3.613515943288803101e-02,1.131398007273674011e-01,9.406021982431411743e-02,-1.622969806194305420e-01,-1.005027368664741516e-01,1.567016541957855225e-02,1.128630936145782471e-01,-1.187399104237556458e-01,-3.869707509875297546e-02,-7.139208912849426270e-02,-1.769801601767539978e-02,5.586437508463859558e-02,6.124113872647285461e-02,2.495672088116407394e-03,4.118181765079498291e-02,-1.244078502058982849e-01,-6.239421665668487549e-02,-1.809149533510208130e-01,-6.994646787643432617e-02,-1.511417925357818604e-01,-1.453964710235595703e-01,-9.031427092850208282e-03,1.880878210067749023e-01,-1.636728644371032715e-01,-1.776420921087265015e-01,-2.394072562456130981e-01,-2.048413753509521484e-01,-3.020648956298828125e-01,-6.068592146039009094e-02,-8.081707358360290527e-02,-2.789823710918426514e-01,-1.530432999134063721e-01,-2.157514840364456177e-01,-2.284662872552871704e-01,-1.965502500534057617e-01,2.870949730277061462e-02,-2.535589933395385742e-01,-1.804979890584945679e-01,-1.819567531347274780e-01,-4.504458904266357422e-01,-3.914914131164550781e-01,-6.224098429083824158e-02,6.065583322197198868e-03,-1.231834175996482372e-03,-2.615876728668808937e-03,-7.893906533718109131e-02,1.646381802856922150e-02,-2.222900837659835815e-02,9.601471945643424988e-03,-1.797913759946823120e-01,-1.294220089912414551e-01,-2.158391922712326050e-01,-1.103037036955356598e-02,1.226809173822402954e-01,7.552114874124526978e-02,-7.134465128183364868e-02,1.004192829132080078e-01,4.838113859295845032e-02,2.004964351654052734e-01,-3.656492754817008972e-02,2.129183411598205566e-01,-1.244167014956474304e-01,-1.691323518753051758e-02,-9.217012673616409302e-02,1.986780315637588501e-01,7.874012226238846779e-04,-3.943637013435363770e-02,-7.162631303071975708e-02,-4.475241526961326599e-02,-8.162473887205123901e-02,-1.343630850315093994e-01,1.507380697876214981e-02,8.734300732612609863e-02,-3.603370487689971924e-02,-1.139337718486785889e-01,-5.304283648729324341e-02,-2.457735501229763031e-02,-4.634333401918411255e-02,8.991120383143424988e-03,5.392898246645927429e-02,7.186424732208251953e-02,1.722501404583454132e-02,-1.477870196104049683e-01,-9.305202215909957886e-02,-1.374012529850006104e-01,-6.533026695251464844e-02,-2.261048182845115662e-02
-5.580473318696022034e-02,8.576947450637817383e-02,5.565787553787231445e-01,1.000000119209289551e+00,-1.297114491462707520e-01,-1.857873648405075073e-01,4.927390217781066895e-01,5.817102193832397461e-01,-1.442576497793197632e-01,-1.015098914504051208e-01,-1.470881849527359009e-01,-6.847205758094787598e-02,2.473790943622589111e-02,2.486662417650222778e-01,-1.062858477234840393e-01,-1.491656005382537842e-01,-1.008132770657539368e-01,1.400267928838729858e-01,-1.906458586454391479e-01,-1.432517077773809433e-02,-1.003763303160667419e-01,-9.174157679080963135e-02,3.045871555805206299e-01,4.372592866420745850e-01,-1.559670269489288330e-01,-1.633321195840835571e-01,-2.113837301731109619e-01,-2.361785173416137695e-01,-7.322112470865249634e-02,9.936231654137372971e-04,-6.129210814833641052e-02,-1.721944473683834076e-02,-1.439542919397354126e-01,-8.279063552618026733e-02,-6.014565750956535339e-02,1.287559047341346741e-02,-1.396712362766265869e-01,-6.665820628404617310e-02,-5.018283054232597351e-02,-1.520604044198989868e-01,4.449166730046272278e-02,5.355344340205192566e-02,-9.298730641603469849e-02,-1.303131598979234695e-02,-2.162062674760818481e-01,-1.649716049432754517e-01,-2.557920515537261963e-01,-1.290923953056335449e-01,-1.798151731491088867e-01,-1.113259568810462952e-01,-3.096376359462738037e-02,1.117036566138267517e-01,-1.611769348382949829e-01,-7.376541197299957275e-02,-2.831308543682098389e-01,-2.449394911527633667e-01,-3.520055711269378662e-01,-1.143367737531661987e-01,-2.149423025548458099e-02,-1.116003915667533875e-01,-1.837672740221023560e-01,-1.231122463941574097e-01,-3.080622851848602295e-01,-1.894016116857528687e-01,1.082581877708435059e-01,-3.464656323194503784e-02,-1.892410218715667725e-01,-1.965345889329910278e-01,-3.940270543098449707e-01,-2.733578085899353027e-01,-1.644576042890548706e-01,-9.313906729221343994e-02,-1.075518503785133362e-01,-9.376502037048339844e-02,-1.231369003653526306e-01,-1.807254506275057793e-03,-8.380400389432907104e-02,-1.948472112417221069e-02,-1.267112791538238525e-01,-3.278824687004089355e-02,-1.538617163896560669e-01,1.345182061195373535e-01,-2.802699804306030273e-02,9.034158661961555481e-03,1.707405224442481995e-02,1.531073749065399170e-01,-4.871230944991111755e-02,6.203530356287956238e-02,-9.829589724540710449e-02,1.308646947145462036e-01,-1.626408547163009644e-01,-6.439541932195425034e-03,-1.359302550554275513e-01,1.427008062601089478e-01,-2.938574925065040588e-02,-4.082709923386573792e-02,-1.276540309190750122e-01,-1.022690311074256897e-01,-1.023482680320739746e-01,-1.463855504989624023e-01,-2.295491658151149750e-02,-3.365908563137054443e-02,-2.156260423362255096e-02,-2.627467513084411621e-01,-1.597885042428970337e-02,5.323681514710187912e-03,-6.897522509098052979e-02,-5.040179193019866943e-02,2.606713958084583282e-02,1.872215978801250458e-02,-1.136989966034889221e-01,-2.356571108102798462e-01,-2.592719793319702148e-01,-2.178566306829452515e-01,-9.336388111114501953e-02,1.794708892703056335e-02
-3.850763896480202675e-03,-2.407364547252655029e-03,-9.700600057840347290e-02,-1.297114491462707520e-01,9.999999403953552246e-01,7.297838330268859863e-01,-2.306659892201423645e-02,-4.095090925693511963e-02,4.657371640205383301e-01,2.868973314762115479e-01,2.651658952236175537e-01,1.305775940418243408e-01,1.677570044994354248e-01,7.758105546236038208e-02,4.978231191635131836e-01,2.939530014991760254e-01,2.699138820171356201e-01,6.041350588202476501e-02,-1.063218489289283752e-01,-5.344368517398834229e-02,2.876332104206085205e-01,2.787864208221435547e-01,1.656653918325901031e-02,3.532535955309867859e-02,4.089026749134063721e-01,4.483712613582611084e-01,3.842944800853729248e-01,5.795130729675292969e-01,4.099015593528747559e-01,1.717825531959533691e-01,4.864609837532043457e-01,4.073924422264099121e-01,-6.139151006937026978e-02,-2.773311734199523926e-02,1.443036496639251709e-01,1.396974921226501465e-01,2.865901291370391846e-01,-1.535573601722717285e-01,7.430241256952285767e-02,-1.282008886337280273e-01,1.745719313621520996e-01,-1.491596698760986328e-01,6.417170912027359009e-02,1.090654730796813965e-01,1.132200062274932861e-01,1.132586076855659485e-01,8.372093737125396729e-02,-1.078854035586118698e-02,4.463389143347740173e-02,1.147262454032897949e-01,3.967262059450149536e-02,4.650101438164710999e-02,4.755034670233726501e-02,3.238661959767341614e-02,-4.474787786602973938e-02,-7.875201106071472168e-02,1.041130125522613525e-01,7.863228768110275269e-02,1.683420091867446899e-01,2.116077244281768799e-01,1.965467333793640137e-01,1.728728562593460083e-01,2.108505815267562866e-01,1.373463273048400879e-01,1.846454441547393799e-01,1.721769124269485474e-01,2.169005274772644043e-01,2.235845476388931274e-01,-6.057738512754440308e-02,-1.183536741882562637e-02,1.810975968837738037e-01,5.876948311924934387e-02,3.498530089855194092e-01,1.807069182395935059e-01,3.092233240604400635e-01,7.753688842058181763e-02,2.389929443597793579e-01,1.001659631729125977e-01,2.435348480939865112e-01,4.903176799416542053e-02,2.372764348983764648e-01,-6.404139567166566849e-03,3.212562799453735352e-01,1.290923207998275757e-01,1.695461422204971313e-01,7.517626881599426270e-02,2.603614330291748047e-01,4.144568927586078644e-03,1.512883044779300690e-02,-4.125486314296722412e-02,-2.096071094274520874e-01,-1.534434128552675247e-02,-2.638866007328033447e-01,2.842481993138790131e-02,-1.754521280527114868e-01,-1.781980693340301514e-01,-2.070500701665878296e-01,-2.725981771945953369e-01,-3.110552430152893066e-01,-1.855010241270065308e-01,-3.984884023666381836e-01,1.770581491291522980e-02,-4.052029252052307129e-01,-5.856400728225708008e-02,-4.111605286598205566e-01,-3.966809511184692383e-01,-3.456220626831054688e-01,-8.194120228290557861e-02,-1.435108631849288940e-01,-9.832489490509033203e-02,-2.035114020109176636e-01,-7.121322304010391235e-02,-1.039221286773681641e-01,-2.381967753171920776e-01,-3.194213509559631348e-01,-2.249092012643814087e-01
2.191491983830928802e-02,-7.583814859390258789e-02,-1.379196196794509888e-01,-1.857873648405075073e-01,7.297838330268859863e-01,1.000000119209289551e+00,-8.330452442169189453e-02,-9.655482321977615356e-02,3.626819550991058350e-01,3.255401551723480225e-01,2.083761543035507202e-01,7.197324186563491821e-02,1.001759693026542664e-01,3.197836503386497498e-02,3.792107105255126953e-01,3.892090022563934326e-01,1.178464740514755249e-01,-4.442109167575836182e-02,-1.527817081660032272e-02,-4.403135180473327637e-02,2.817686498165130615e-01,3.177236318588256836e-01,2.747689001262187958e-02,-2.876182831823825836e-02,4.388963580131530762e-01,4.785934686660766602e-01,3.634635508060455322e-01,5.912745594978332520e-01,2.922089099884033203e-01,1.384915560483932495e-01,3.937878906726837158e-01,3.443961143493652344e-01,-2.282228879630565643e-02,-7.543222513049840927e-03,2.222609072923660278e-01,2.189410477876663208e-01,2.009511291980743408e-01,-4.728530719876289368e-02,6.372831016778945923e-02,-5.894181877374649048e-02,8.142950385808944702e-02,-1.593081513419747353e-03,7.604961842298507690e-02,1.408472061157226562e-01,9.573984146118164062e-02,1.482914835214614868e-01,1.706749647855758667e-01,8.822817355394363403e-02,5.887483805418014526e-02,1.390531957149505615e-01,9.465694427490234375e-02,4.094882681965827942e-02,9.291502833366394043e-02,4.213769361376762390e-02,2.182033658027648926e-02,3.596592694520950317e-02,1.188420951366424561e-01,4.814478382468223572e-02,1.469652354717254639e-01,1.599788665771484375e-01,2.472148537635803223e-01,1.791300922632217407e-01,2.144353091716766357e-01,1.070084199309349060e-01,1.615125536918640137e-01,1.561511158943176270e-01,2.026044726371765137e-01,2.175256907939910889e-01,3.505375608801841736e-02,8.321022032760083675e-04,1.330743432044982910e-01,7.011034339666366577e-02,2.350991815328598022e-01,2.778984010219573975e-01,1.899598687887191772e-01,1.024762541055679321e-02,2.208905071020126343e-01,1.196622848510742188e-01,1.265957057476043701e-01,3.695933520793914795e-02,1.295097023248672485e-01,-7.389322668313980103e-02,1.648792475461959839e-01,3.114422783255577087e-03,6.592126190662384033e-02,6.031585857272148132e-02,9.792956709861755371e-02,3.346852899994701147e-04,-5.134272575378417969e-02,-6.189200654625892639e-02,-1.075653433799743652e-01,1.795030198991298676e-02,-1.700884848833084106e-01,-2.407875843346118927e-02,-7.461668550968170166e-02,-7.684657722711563110e-02,-1.055659800767898560e-01,-1.069446653127670288e-01,-1.892236322164535522e-01,-7.848687469959259033e-02,-2.856324315071105957e-01,-2.167210355401039124e-02,-2.744067907333374023e-01,-3.902085870504379272e-02,-2.815216183662414551e-01,-2.902382314205169678e-01,-2.395702153444290161e-01,-6.550057232379913330e-02,-6.064933165907859802e-02,-4.331000149250030518e-02,-1.067588999867439270e-01,3.653741255402565002e-02,-8.617836236953735352e-02,-1.488800346851348877e-01,-1.949632018804550171e-01,-1.516115367412567139e-01
6.473673135042190552e-02,-2.713777648750692606e-04,4.988951981067657471e-01,4.927390217781066895e-01,-2.306659892201423645e-02,-8.330452442169189453e-02,9.999998211860656738e-01,6.329025030136108398e-01,-1.135936751961708069e-02,-3.419142588973045349e-02,1.337089687585830688e-01,1.162746995687484741e-01,4.452751576900482178e-01,2.812074422836303711e-01,8.806785568594932556e-03,-9.102100878953933716e-02,-1.516747754067182541e-02,8.451213687658309937e-02,-2.017784565687179565e-01,-3.194473385810852051e-01,6.547968834638595581e-02,-7.873149961233139038e-02,7.140999287366867065e-02,-1.057998090982437134e-02,-3.840714320540428162e-02,-4.100425168871879578e-02,-1.300870776176452637e-01,-1.341435313224792480e-01,2.106729894876480103e-01,1.087730526924133301e-01,3.595570847392082214e-02,-3.313614055514335632e-02,-1.965072900056838989e-01,-1.823290288448333740e-01,-1.350627094507217407e-01,1.683728210628032684e-02,-2.678399533033370972e-02,-4.537318646907806396e-02,-1.386928856372833252e-01,-3.357480466365814209e-02,1.153180152177810669e-01,4.756974056363105774e-02,-2.895098552107810974e-02,-1.251704394817352295e-01,-7.647877931594848633e-02,-1.757837682962417603e-01,-2.506474256515502930e-01,-1.269331276416778564e-01,-8.494653552770614624e-02,-2.837926745414733887e-01,-1.222981363534927368e-01,-5.352911073714494705e-03,-3.055057525634765625e-01,-1.216711699962615967e-01,-1.738530397415161133e-01,-1.292054057121276855e-01,-3.398380875587463379e-01,-2.226257026195526123e-01,-3.117509372532367706e-02,-1.728008985519409180e-01,-2.474704533815383911e-01,-2.501468062400817871e-01,-1.996702700853347778e-01,-1.027703359723091125e-01,1.055657640099525452e-01,-9.372784197330474854e-02,7.624606601893901825e-03,-4.104901105165481567e-02,-3.065730631351470947e-01,-2.603056430816650391e-01,-1.584189012646675110e-02,2.035551331937313080e-02,1.023082733154296875e-01,-8.030944503843784332e-03,-2.225912362337112427e-02,6.500817090272903442e-02,3.879909589886665344e-02,2.378457598388195038e-02,-1.056530922651290894e-01,4.425066709518432617e-02,-4.960757866501808167e-02,1.334999799728393555e-01,-2.194824069738388062e-02,5.827277898788452148e-03,1.263281404972076416e-01,1.451777219772338867e-01,4.007327929139137268e-02,1.470774710178375244e-01,1.431038603186607361e-02,1.909828037023544312e-01,-1.887938082218170166e-01,-7.243912667036056519e-02,-1.215145960450172424e-01,6.238434836268424988e-02,9.442856162786483765e-02,3.900331212207674980e-03,-6.291127204895019531e-02,-6.334224343299865723e-02,-9.348233789205551147e-02,-1.059458628296852112e-01,-6.437326967716217041e-02,-6.104297190904617310e-02,-7.349038124084472656e-02,-2.229270637035369873e-01,-5.479392036795616150e-02,8.909235708415508270e-03,-8.772061765193939209e-02,-5.721491947770118713e-02,-3.276767442002892494e-03,1.254742443561553955e-01,1.563155907206237316e-03,-1.424575001001358032e-01,-8.824187517166137695e-02,-2.992453239858150482e-02,7.404564414173364639e-03,3.071349486708641052e-02
2.399695664644241333e-01,2.623518109321594238e-01,3.846690356731414795e-01,5.817102193832397461e-01,-4.095090925693511963e-02,-9.655482321977615356e-02,6.329025030136108398e-01,9.999999403953552246e-01,1.673664152622222900e-02,7.597479224205017090e-02,2.145091593265533447e-01,3.480508923530578613e-01,4.710444808006286621e-01,5.191099047660827637e-01,6.678420305252075195e-02,4.537037760019302368e-02,6.298158317804336548e-02,2.503263354301452637e-01,-2.785500288009643555e-01,-3.291337490081787109e-01,-1.350676175206899643e-03,-6.537164747714996338e-02,3.069330193102359772e-02,1.255365163087844849e-01,-9.321511536836624146e-02,-9.096405655145645142e-02,-1.833295822143554688e-01,-1.762319654226303101e-01,2.015981376171112061e-01,3.320719301700592041e-01,-2.906671911478042603e-02,-5.251490324735641479e-02,-2.011436969041824341e-01,-1.545308828353881836e-01,-1.175013482570648193e-01,-4.036474274471402168e-05,-1.445290725678205490e-02,3.494472056627273560e-02,-7.032023370265960693e-02,-2.816669084131717682e-02,1.347879618406295776e-01,1.232805997133255005e-01,9.450534358620643616e-03,-2.561913337558507919e-03,-1.649557352066040039e-01,-1.320486515760421753e-01,-2.600051462650299072e-01,-2.034606933593750000e-01,-7.904857397079467773e-02,-1.782374233007431030e-01,-4.174275696277618408e-02,1.055777147412300110e-01,-3.148134052753448486e-01,-2.733769714832305908e-01,-2.403405755758285522e-01,-2.355661541223526001e-01,-2.696289420127868652e-01,-1.591214984655380249e-01,-3.187949210405349731e-02,-1.751918047666549683e-01,-2.294456064701080322e-01,-1.926487237215042114e-01,-1.146667376160621643e-01,2.161409519612789154e-02,1.215016022324562073e-01,-2.522232197225093842e-02,-5.962254479527473450e-03,-1.556054502725601196e-02,-2.819113731384277344e-01,-2.026338428258895874e-01,2.381667308509349823e-02,5.618936568498611450e-02,1.557011902332305908e-01,1.872148513793945312e-01,6.986138969659805298e-02,1.798679530620574951e-01,-1.772605441510677338e-02,6.395630538463592529e-03,-1.125376820564270020e-01,1.254703551530838013e-01,4.225642606616020203e-02,2.947635352611541748e-01,1.577823460102081299e-01,1.880459189414978027e-01,2.287994921207427979e-01,2.921702563762664795e-01,1.791387200355529785e-01,3.095031380653381348e-01,3.943366929888725281e-02,2.333380728960037231e-01,-1.959819346666336060e-01,-1.699805855751037598e-01,-1.148166581988334656e-01,1.686970293521881104e-01,4.108411446213722229e-02,-7.551012933254241943e-02,-1.357650011777877808e-01,-1.548550277948379517e-01,-8.159604668617248535e-02,-1.960193812847137451e-01,-7.133296690881252289e-03,4.762899596244096756e-03,-3.401034697890281677e-02,-2.563009560108184814e-01,-2.005195803940296173e-02,4.714785143733024597e-02,-3.538424149155616760e-02,-2.615122310817241669e-02,7.228191196918487549e-02,9.608359634876251221e-02,-1.124617755413055420e-01,-2.735473811626434326e-01,-1.639601886272430420e-01,-1.707682460546493530e-01,-8.525537699460983276e-02,-1.470912527292966843e-02
4.303186014294624329e-02,6.169859692454338074e-02,2.457296662032604218e-02,-1.442576497793197632e-01,4.657371640205383301e-01,3.626819550991058350e-01,-1.135936751961708069e-02,1.673664152622222900e-02,9.999999403953552246e-01,6.235732436180114746e-01,3.026951253414154053e-01,2.040187418460845947e-01,2.725170254707336426e-01,8.642081916332244873e-02,7.591719627380371094e-01,4.187645912170410156e-01,3.400379121303558350e-01,3.698303550481796265e-02,6.425575911998748779e-02,-3.110714443027973175e-02,1.673594713211059570e-01,1.066049560904502869e-01,2.569021284580230713e-01,8.897522836923599243e-02,4.124957919120788574e-01,3.935882151126861572e-01,1.809893399477005005e-01,1.952702254056930542e-01,5.351287126541137695e-01,3.060436844825744629e-01,5.208605527877807617e-01,3.682588636875152588e-01,5.012858659029006958e-02,8.887045085430145264e-02,3.045987486839294434e-01,4.078369140625000000e-01,3.264060318470001221e-01,-3.416353464126586914e-02,1.094588823616504669e-02,5.010985583066940308e-02,3.617670238018035889e-01,-1.984617440029978752e-03,1.221959665417671204e-01,1.150378286838531494e-01,1.253604143857955933e-01,2.068688869476318359e-01,1.583870053291320801e-01,3.552041202783584595e-02,3.131613135337829590e-02,1.593911200761795044e-01,4.411256313323974609e-02,1.407825648784637451e-01,2.709762938320636749e-02,1.072132494300603867e-02,4.946732521057128906e-02,3.720004577189683914e-03,1.954660564661026001e-01,1.219584047794342041e-01,1.220818534493446350e-01,1.728023886680603027e-01,2.522264420986175537e-01,2.980459034442901611e-01,2.649031877517700195e-01,2.175373882055282593e-01,1.129013672471046448e-01,1.290535330772399902e-01,1.655651628971099854e-01,1.781794279813766479e-01,-2.011324465274810791e-02,-4.379740357398986816e-02,4.998373389244079590e-01,4.611731171607971191e-01,3.912971317768096924e-01,4.193573296070098877e-01,3.301360607147216797e-01,3.589705526828765869e-01,3.874509036540985107e-01,2.834920287132263184e-01,1.992351412773132324e-01,4.573275148868560791e-02,1.849779337644577026e-01,8.439113385975360870e-03,4.129411578178405762e-01,2.259529232978820801e-01,1.162174120545387268e-01,1.351363956928253174e-01,2.620916962623596191e-01,1.283141225576400757e-01,1.037744339555501938e-02,5.632312223315238953e-02,-1.844149529933929443e-01,-2.279689721763134003e-02,-2.321649044752120972e-01,2.470120042562484741e-02,2.948159910738468170e-02,-5.390128493309020996e-02,-8.471087366342544556e-02,-1.231702864170074463e-01,-2.004899978637695312e-01,-1.465632617473602295e-01,-3.401491045951843262e-01,9.372903034090995789e-03,-3.552023470401763916e-01,4.529753327369689941e-02,-3.867642283439636230e-01,-3.641673922538757324e-01,-3.146260678768157959e-01,-1.717606782913208008e-01,1.242639273405075073e-01,2.128996253013610840e-01,4.858023673295974731e-02,8.761490136384963989e-02,1.572317443788051605e-02,-8.127868920564651489e-02,-1.983517408370971680e-01,-2.036621272563934326e-01
1.123763024806976318e-01,3.869771584868431091e-02,8.946222811937332153e-02,-1.015098914504051208e-01,2.868973314762115479e-01,3.255401551723480225e-01,-3.419142588973045349e-02,7.597479224205017090e-02,6.235732436180114746e-01,9.999997615814208984e-01,3.188403546810150146e-01,1.998995244503021240e-01,2.309118509292602539e-01,1.661596298217773438e-01,4.929117560386657715e-01,6.558278799057006836e-01,2.769119143486022949e-01,5.924018099904060364e-02,6.718894094228744507e-02,-5.050955340266227722e-02,9.675831347703933716e-02,8.462969213724136353e-02,2.526761889457702637e-01,1.464762389659881592e-01,3.042978942394256592e-01,2.688234448432922363e-01,6.144475564360618591e-02,1.425609141588211060e-01,4.513000845909118652e-01,4.235914647579193115e-01,4.028961956501007080e-01,2.880250513553619385e-01,3.315906599164009094e-02,6.314312666654586792e-02,4.058149158954620361e-01,4.637491703033447266e-01,2.738476097583770752e-01,1.629658341407775879e-01,6.935737282037734985e-02,2.242962270975112915e-01,2.308521270751953125e-01,1.087332293391227722e-01,1.622992455959320068e-01,1.974905729293823242e-01,8.367529511451721191e-02,1.532138586044311523e-01,2.675156295299530029e-01,1.869354546070098877e-01,-5.573800764977931976e-03,8.889951556921005249e-02,1.504897028207778931e-01,1.273443847894668579e-01,1.660567373037338257e-01,-1.767500117421150208e-02,1.397882699966430664e-01,7.520417124032974243e-02,2.287097871303558350e-01,6.717992573976516724e-02,1.287653893232345581e-01,1.130383238196372986e-01,3.112674355506896973e-01,2.542159557342529297e-01,3.174362778663635254e-01,2.124543339014053345e-01,5.245543643832206726e-02,3.937369585037231445e-02,2.206595540046691895e-01,2.227091938257217407e-01,-2.638418599963188171e-02,-5.661164224147796631e-02,4.145152866840362549e-01,4.129459559917449951e-01,2.846956849098205566e-01,5.145725011825561523e-01,2.664232254028320312e-01,3.572418689727783203e-01,3.423944115638732910e-01,2.964282631874084473e-01,1.428705900907516479e-01,1.075209379196166992e-01,2.020456790924072266e-01,-2.220717258751392365e-02,3.212965726852416992e-01,8.611001074314117432e-02,8.277548849582672119e-02,8.285701274871826172e-02,2.010680586099624634e-01,1.054876744747161865e-01,1.038371771574020386e-01,2.739204466342926025e-02,7.706948369741439819e-02,7.256480306386947632e-02,-1.557301962748169899e-03,9.143055975437164307e-02,1.785685420036315918e-01,1.053396537899971008e-01,7.252267003059387207e-02,4.217445850372314453e-02,3.282133117318153381e-02,1.360227703116834164e-03,-9.941924363374710083e-02,1.604671180248260498e-01,-1.242230013012886047e-01,2.045878916978836060e-01,-1.893472373485565186e-01,-2.092148661613464355e-01,-1.070873588323593140e-01,-1.113794860430061817e-03,2.512802779674530029e-01,1.944417953491210938e-01,9.465720504522323608e-02,1.782511770725250244e-01,4.492541775107383728e-02,2.022273652255535126e-02,-6.667385250329971313e-02,-1.505646854639053345e-01
3.575552999973297119e-01,2.620363533496856689e-01,-3.627058491110801697e-02,-1.470881849527359009e-01,2.651658952236175537e-01,2.083761543035507202e-01,1.337089687585830688e-01,2.145091593265533447e-01,3.026951253414154053e-01,3.188403546810150146e-01,1.000000357627868652e+00,6.692709922790527344e-01,6.360814571380615234e-01,2.626055181026458740e-01,4.019308388233184814e-01,2.367238700389862061e-01,5.113889575004577637e-01,1.645537614822387695e-01,-2.198587357997894287e-01,-1.901616603136062622e-01,2.646661996841430664e-01,1.378071308135986328e-01,-1.777081936597824097e-01,-1.075142398476600647e-01,9.051330387592315674e-02,6.611151248216629028e-02,7.024909555912017822e-02,1.054020002484321594e-01,4.949103593826293945e-01,3.328247368335723877e-01,1.001905947923660278e-01,3.984568268060684204e-02,-2.130929380655288696e-01,-2.187999486923217773e-01,1.843046955764293671e-02,1.328674852848052979e-01,2.404629439115524292e-01,7.184702157974243164e-02,3.959430847316980362e-03,3.655400872230529785e-02,2.238990515470504761e-01,5.359225906431674957e-03,1.839796751737594604e-01,9.337946772575378418e-02,1.928999871015548706e-01,2.083667516708374023e-01,9.637001901865005493e-02,2.826818265020847321e-02,2.787380814552307129e-01,1.218759492039680481e-01,8.457481116056442261e-02,3.219987452030181885e-02,1.286324113607406616e-02,2.868561819195747375e-02,4.424959048628807068e-02,4.752136394381523132e-02,3.409070670604705811e-01,1.924259960651397705e-01,7.629291713237762451e-02,2.630521915853023529e-02,2.133456468582153320e-01,4.318415373563766479e-02,5.268962979316711426e-01,4.647481143474578857e-01,3.912271931767463684e-02,-6.573481857776641846e-02,2.238894701004028320e-01,2.312894016504287720e-01,-1.345290336757898331e-02,2.981687709689140320e-02,2.291868925094604492e-01,1.820969581604003906e-01,3.528584241867065430e-01,2.828851640224456787e-01,2.595758140087127686e-01,1.487573832273483276e-01,2.675591409206390381e-01,1.430102437734603882e-01,2.137449681758880615e-01,1.631936132907867432e-01,4.200554192066192627e-01,1.234959661960601807e-01,3.368275165557861328e-01,1.645022928714752197e-01,3.747291564941406250e-01,2.396696656942367554e-01,3.353886902332305908e-01,1.511938273906707764e-01,3.358507156372070312e-01,1.440462917089462280e-01,-5.322702974081039429e-02,2.761636115610599518e-02,-3.351668640971183777e-02,1.577352583408355713e-01,-1.011257395148277283e-01,-1.448276787996292114e-01,-1.391016095876693726e-01,-1.599325686693191528e-01,-1.378309428691864014e-01,-7.557722181081771851e-02,-1.364180147647857666e-01,2.152672260999679565e-01,-2.359890341758728027e-01,4.398638010025024414e-02,-2.707129418849945068e-01,-2.461481392383575439e-01,-1.960723102092742920e-01,2.742967009544372559e-02,-3.542599827051162720e-02,6.836498528718948364e-02,-8.291555196046829224e-02,-6.413339078426361084e-02,8.617229759693145752e-02,-4.760304465889930725e-02,-2.097999602556228638e-01,-2.115272730588912964e-01
2.250341176986694336e-01,4.510483145713806152e-01,-4.093282669782638550e-02,-6.847205758094787598e-02,1.305775940418243408e-01,7.197324186563491821e-02,1.162746995687484741e-01,3.480508923530578613e-01,2.040187418460845947e-01,1.998995244503021240e-01,6.692709922790527344e-01,1.000000119209289551e+00,6.040192246437072754e-01,4.846106469631195068e-01,3.030330538749694824e-01,2.081248760223388672e-01,4.308287501335144043e-01,3.506544530391693115e-01,-2.547858655452728271e-01,-2.024131566286087036e-01,1.147575601935386658e-01,1.127961054444313049e-01,-2.674895524978637695e-01,-1.272671371698379517e-01,-1.061707735061645508e-02,-5.738583952188491821e-02,-3.230176120996475220e-02,1.683880575001239777e-02,2.805842757225036621e-01,4.268878698348999023e-01,-4.349697381258010864e-03,-8.042477816343307495e-02,-2.838602960109710693e-01,-2.868039608001708984e-01,-1.210140958428382874e-01,2.586125023663043976e-02,1.410839259624481201e-01,1.801869571208953857e-01,-9.034804999828338623e-03,8.076614886522293091e-02,1.177544072270393372e-01,9.019004553556442261e-02,9.845861792564392090e-02,2.570666931569576263e-02,1.431312710046768188e-01,1.916491538286209106e-01,-4.658690094947814941e-02,-2.746123448014259338e-02,2.405006289482116699e-01,7.461245357990264893e-02,-1.255668252706527710e-01,3.177680075168609619e-02,-2.310226112604141235e-01,-4.535745084285736084e-02,-2.331344224512577057e-02,6.956823170185089111e-02,2.220538705587387085e-01,3.108963668346405029e-01,-1.530405320227146149e-02,9.104331955313682556e-03,4.525960981845855713e-02,8.470363169908523560e-02,4.143433868885040283e-01,5.674329996109008789e-01,4.179435223340988159e-02,1.415178738534450531e-02,9.135116636753082275e-02,1.570668071508407593e-01,1.356705464422702789e-02,1.314748972654342651e-01,9.029376506805419922e-02,7.224848121404647827e-02,1.348205506801605225e-01,2.217293679714202881e-01,9.818804264068603516e-02,1.526229679584503174e-01,1.321128308773040771e-01,7.776366919279098511e-02,9.285675734281539917e-02,2.754331827163696289e-01,4.099684059619903564e-01,3.773366212844848633e-01,3.124307394027709961e-01,3.793810904026031494e-01,4.305054545402526855e-01,4.289067387580871582e-01,3.409888446331024170e-01,2.906164824962615967e-01,2.944095134735107422e-01,3.218106925487518311e-01,-1.089401245117187500e-01,-2.783407829701900482e-02,-4.318960756063461304e-02,1.607728302478790283e-01,-3.981122002005577087e-02,-2.812846004962921143e-02,-8.344416320323944092e-02,-8.113531768321990967e-02,-3.976054117083549500e-02,-6.631547212600708008e-02,-3.406122699379920959e-02,1.511288285255432129e-01,-9.152392297983169556e-02,-8.250388316810131073e-03,-1.051723808050155640e-01,-6.544439494609832764e-02,-4.523516446352005005e-02,1.502273976802825928e-01,2.424384281039237976e-02,1.160896196961402893e-01,-1.113902553915977478e-01,-1.505413204431533813e-01,1.055281162261962891e-01,-2.725611999630928040e-02,-1.393980532884597778e-01,-9.901271760463714600e-02
3.074982762336730957e-01,2.349171340465545654e-01,1.118094995617866516e-01,2.473790943622589111e-02,1.677570044994354248e-01,1.001759693026542664e-01,4.452751576900482178e-01,4.710444808006286621e-01,2.725170254707336426e-01,2.309118509292602539e-01,6.360814571380615234e-01,6.040192246437072754e-01,9.999998211860656738e-01,5.096232891082763672e-01,4.093257784843444824e-01,1.716122627258300781e-01,3.341000080108642578e-01,2.010158598423004150e-01,-2.264122068881988525e-01,-3.505246937274932861e-01,1.122718155384063721e-01,2.933622896671295166e-02,-5.517363175749778748e-02,-1.355200260877609253e-01,3.490285575389862061e-02,5.818734690546989441e-02,-2.347775734961032867e-02,3.890232648700475693e-03,4.871355295181274414e-01,3.734778463840484619e-01,7.310037314891815186e-02,2.782384119927883148e-02,-2.963903546333312988e-01,-2.634483277797698975e-01,-6.788103282451629639e-02,9.195601940155029297e-02,1.299770921468734741e-01,4.568892344832420349e-02,-1.342931389808654785e-01,-2.417216077446937561e-03,1.881166994571685791e-01,-1.548240892589092255e-02,5.859070643782615662e-02,-1.119404509663581848e-01,-7.409631507471203804e-04,-8.209010958671569824e-02,-1.568057686090469360e-01,-1.418474465608596802e-01,3.517886996269226074e-02,-2.080308049917221069e-01,-1.734499782323837280e-01,-8.609262853860855103e-02,-3.113729655742645264e-01,-1.682011038064956665e-01,-1.008777767419815063e-01,-9.041943401098251343e-02,-6.433633714914321899e-02,-3.815492615103721619e-02,-4.831786081194877625e-02,-1.307934075593948364e-01,-1.231166571378707886e-01,-1.342886984348297119e-01,1.632071435451507568e-01,2.061286270618438721e-01,-4.480486363172531128e-02,-1.215048581361770630e-01,1.064678207039833069e-01,9.797924757003784180e-02,-2.124488651752471924e-01,-2.067357897758483887e-01,1.787367612123489380e-01,1.576212346553802490e-01,2.968617677688598633e-01,2.719062268733978271e-01,1.687452942132949829e-01,1.794853061437606812e-01,1.006604656577110291e-01,-6.394212134182453156e-03,1.951153762638568878e-02,9.884089231491088867e-02,2.104504853487014771e-01,2.131708860397338867e-01,3.544016480445861816e-01,2.343468070030212402e-01,3.143731355667114258e-01,2.208690047264099121e-01,3.096433877944946289e-01,3.578568398952484131e-01,2.067480981349945068e-01,2.136247158050537109e-01,-2.022587954998016357e-01,-1.811181008815765381e-01,-1.345509141683578491e-01,6.438309699296951294e-02,-2.287869807332754135e-03,-8.743219822645187378e-02,-1.101248562335968018e-01,-1.442755758762359619e-01,-1.270887553691864014e-01,-1.872069090604782104e-01,-7.459943741559982300e-02,-1.515349745750427246e-02,-1.394995450973510742e-01,-1.328470408916473389e-01,-1.523005515336990356e-01,-9.099473059177398682e-02,-7.670015841722488403e-02,-2.897321060299873352e-02,9.267979301512241364e-03,7.784425467252731323e-02,-8.404847979545593262e-02,-1.549011021852493286e-01,2.638621442019939423e-02,-1.974276825785636902e-02,-1.160318404436111450e-01,-1.455416381359100342e-01
