9.999998807907104492e-01,4.372307956218719482e-01,4.988900125026702881e-01,2.973910272121429443e-01,6.036723032593727112e-02,1.837332546710968018e-01,4.657305181026458740e-01,3.183544576168060303e-01,2.611662447452545166e-01,2.820027768611907959e-01,4.994658827781677246e-01,2.412538230419158936e-01,3.588431179523468018e-01,1.615098267793655396e-01,9.809502214193344116e-02,7.608873397111892700e-02,4.036660492420196533e-01,2.537257075309753418e-01,5.325869917869567871e-01,4.836494624614715576e-01,-1.306879818439483643e-01,5.163291096687316895e-02,1.520012617111206055e-01,1.998080313205718994e-01,-9.945692121982574463e-02,-8.665198087692260742e-02,-1.487971842288970947e-01,-2.957963384687900543e-02,8.276314288377761841e-02,4.394067078828811646e-02,4.253847897052764893e-02,4.976159334182739258e-02,4.811716079711914062e-01,4.109754264354705811e-01,5.845551192760467529e-02,6.115867942571640015e-02,-5.336120724678039551e-02,3.937799856066703796e-02,8.514695800840854645e-03,7.258294522762298584e-02,-1.933508664369583130e-01,6.067270785570144653e-02,-1.173527259379625320e-02,1.162777766585350037e-01,2.083122581243515015e-01,2.673629522323608398e-01,8.995684236288070679e-02,1.280060708522796631e-01,2.495833933353424072e-01,1.670307070016860962e-01,1.461784541606903076e-01,8.655366301536560059e-02,2.677540779113769531e-01,1.414159685373306274e-01,2.127514779567718506e-01,1.685100793838500977e-01,6.170662641525268555e-01,4.212552309036254883e-01,5.211710929870605469e-01,3.546911180019378662e-01,5.009926557540893555e-01,2.456904202699661255e-01,3.485333025455474854e-01,2.973856329917907715e-01,9.691175073385238647e-02,1.797302365303039551e-01,3.349806368350982666e-01,2.884407639503479004e-01,3.671466112136840820e-01,3.891643583774566650e-01,1.307636871933937073e-02,-4.021281376481056213e-02,1.255932003259658813e-01,1.236567422747612000e-01,1.416261643171310425e-01,2.020659297704696655e-01,2.257364541292190552e-01,1.357325762510299683e-01,1.876645237207412720e-01,1.145089119672775269e-01,2.431486248970031738e-01,2.174069583415985107e-01,9.775812178850173950e-02,2.158178575336933136e-02,1.671627163887023926e-01,1.876880973577499390e-01,7.663660496473312378e-02,1.004511713981628418e-01,1.402644664049148560e-01,8.075048774480819702e-02,-2.852890454232692719e-02,2.067596316337585449e-01,-1.178084313869476318e-01,2.363693155348300934e-02,2.562349103391170502e-02,8.610890805721282959e-02,1.127263382077217102e-01,1.641042083501815796e-01,2.852584123611450195e-01,2.535650134086608887e-01,-2.400992661714553833e-01,-7.612187415361404419e-02,2.421460300683975220e-02,1.467335782945156097e-02,9.344748407602310181e-02,-1.199401393532752991e-01,-8.877836167812347412e-02,-1.567585580050945282e-02,5.580163747072219849e-02,6.583753973245620728e-02,-7.183160632848739624e-02,2.099336311221122742e-02,-1.605138555169105530e-02,7.760537415742874146e-02,1.439403891563415527e-01,-1.225701048970222473e-01
4.372307956218719482e-01,1.000000238418579102e+00,1.869483888149261475e-01,3.972865641117095947e-01,-1.046422794461250305e-01,1.016778796911239624e-01,9.010891616344451904e-02,3.984634578227996826e-01,-1.114710643887519836e-01,2.065103054046630859e-01,2.129443287849426270e-01,3.773175776004791260e-01,8.548423647880554199e-02,3.404013812541961670e-01,-3.247572481632232666e-02,2.013318240642547607e-01,3.309575915336608887e-01,4.545097351074218750e-01,4.909567534923553467e-01,4.357044696807861328e-01,-2.296195738017559052e-02,7.779503613710403442e-02,9.890239685773849487e-02,2.145113795995712280e-01,-1.214708015322685242e-02,-1.433593314141035080e-02,-7.075701653957366943e-02,-1.301558222621679306e-03,1.014874577522277832e-01,1.241189464926719666e-01,4.319358617067337036e-02,1.070697680115699768e-01,3.611205816268920898e-01,4.281330108642578125e-01,-8.004467189311981201e-02,3.020172193646430969e-02,-2.181569859385490417e-02,6.218096613883972168e-02,-8.879121392965316772e-03,1.279102116823196411e-01,-8.632725477218627930e-02,6.163316965103149414e-02,3.101949952542781830e-02,1.821249127388000488e-01,1.978203207254409790e-01,3.136236369609832764e-01,1.779775172472000122e-01,2.511763572692871094e-01,3.194099962711334229e-01,2.968727648258209229e-01,3.903073444962501526e-02,1.956535875797271729e-01,4.225133359432220459e-01,4.023723304271697998e-01,1.785716712474822998e-01,2.335537075996398926e-01,3.511515855789184570e-01,6.937502026557922363e-01,3.540836572647094727e-01,5.739772915840148926e-01,2.279724925756454468e-01,5.511588454246520996e-01,8.590223640203475952e-02,5.894340872764587402e-01,-2.584251463413238525e-01,2.122329026460647583e-01,2.210092395544052124e-01,2.175091505050659180e-01,4.458173215389251709e-01,3.456371128559112549e-01,2.532440610229969025e-02,9.151691198348999023e-02,1.942147761583328247e-01,1.841027587652206421e-01,7.223574072122573853e-02,2.353331893682479858e-01,2.255855947732925415e-01,3.364411294460296631e-01,8.262287825345993042e-02,1.097346749156713486e-02,2.319781184196472168e-01,4.210238456726074219e-01,4.757147282361984253e-02,1.606262475252151489e-01,-9.246938861906528473e-03,2.623924016952514648e-01,3.658556193113327026e-02,1.875252276659011841e-01,-2.603889629244804382e-02,2.247044593095779419e-01,3.008626401424407959e-02,3.534028232097625732e-01,-1.717375665903091431e-01,3.668050467967987061e-02,-4.749720543622970581e-02,-1.615471206605434418e-02,3.634903579950332642e-02,9.872031956911087036e-02,3.159438669681549072e-01,3.870349526405334473e-01,-6.028270721435546875e-02,-1.090198233723640442e-01,4.926526173949241638e-02,4.471316933631896973e-02,7.740166783332824707e-02,-7.266727834939956665e-02,-4.192175716161727905e-02,1.080841273069381714e-01,1.069094240665435791e-02,1.449531018733978271e-01,2.418185397982597351e-02,5.599888041615486145e-02,1.969359815120697021e-02,4.868834838271141052e-02,1.879654079675674438e-01,-1.057202443480491638e-01
4.988900125026702881e-01,1.869483888149261475e-01,9.999998807907104492e-01,4.870707690715789795e-01,4.329118430614471436e-01,3.427033424377441406e-01,6.859596967697143555e-01,5.117395520210266113e-01,4.133813083171844482e-01,4.195830523967742920e-01,3.384551107883453369e-01,3.289342820644378662e-01,4.612049162387847900e-01,2.570450305938720703e-01,3.603728711605072021e-01,2.536570727825164795e-01,1.497854143381118774e-01,1.917293518781661987e-01,3.406751751899719238e-01,3.750511109828948975e-01,7.753833383321762085e-02,1.700316965579986572e-01,5.028067827224731445e-01,5.303625464439392090e-01,2.451705485582351685e-01,2.468978911638259888e-01,1.429844647645950317e-01,1.721014529466629028e-01,1.911325454711914062e-01,1.581903398036956787e-01,4.311519861221313477e-01,4.338020086288452148e-01,3.586654365062713623e-01,4.130158424377441406e-01,2.978577315807342529e-01,2.271259725093841553e-01,-2.620150893926620483e-02,-3.812523186206817627e-02,1.048333719372749329e-01,4.081931710243225098e-02,-1.413676738739013672e-01,8.634424209594726562e-02,-5.629304051399230957e-02,1.165709644556045532e-01,1.126304045319557190e-01,2.230125069618225098e-01,-2.217458328232169151e-03,2.945302054286003113e-02,1.500818729400634766e-01,1.338879764080047607e-01,2.921614348888397217e-01,1.683442890644073486e-01,2.647163579240441322e-03,-7.507589459419250488e-02,1.921058148145675659e-01,2.148712426424026489e-01,3.247738182544708252e-01,1.368617415428161621e-01,3.789835572242736816e-01,1.155838519334793091e-01,3.135795593261718750e-01,3.452237695455551147e-02,1.648659408092498779e-01,7.825370877981185913e-02,3.376089036464691162e-01,2.497506886720657349e-01,3.147615492343902588e-01,2.873334884643554688e-01,4.784828424453735352e-02,1.937762051820755005e-01,3.161719441413879395e-01,2.320963591337203979e-01,2.801458835601806641e-01,3.303411304950714111e-01,2.011424899101257324e-01,2.482278198003768921e-01,3.065165877342224121e-01,2.136400341987609863e-01,2.047055512666702271e-01,7.244939357042312622e-02,1.179536655545234680e-01,8.419396728277206421e-02,7.015063613653182983e-02,-5.767430737614631653e-02,2.389583885669708252e-01,2.043280899524688721e-01,2.358798831701278687e-01,1.871673911809921265e-01,3.279933035373687744e-01,2.487903386354446411e-01,-1.963794380426406860e-01,-9.098811447620391846e-02,-2.103262096643447876e-01,-1.241105273365974426e-01,5.067933350801467896e-02,5.992027372121810913e-02,1.157442331314086914e-01,1.530818194150924683e-01,4.342298582196235657e-02,2.734158560633659363e-02,-7.818158715963363647e-02,-1.268600076436996460e-01,-1.084916666150093079e-02,-9.035463631153106689e-02,7.433998584747314453e-02,-1.524967104196548462e-01,-1.774713862687349319e-03,-1.816055923700332642e-02,1.261159777641296387e-01,5.090162903070449829e-02,-9.354155510663986206e-03,-1.481905281543731689e-01,-6.981067359447479248e-02,8.528090082108974457e-03,5.060565471649169922e-02,-1.472120583057403564e-01
2.973910272121429443e-01,3.972865641117095947e-01,4.870707690715789795e-01,9.999997019767761230e-01,1.653420478105545044e-01,4.401256442070007324e-01,3.170803487300872803e-01,6.287936568260192871e-01,1.673574149608612061e-01,4.067367315292358398e-01,6.682439241558313370e-03,3.064022362232208252e-01,4.140564054250717163e-02,2.968637645244598389e-01,9.411002695560455322e-02,3.881574869155883789e-01,-4.182998673059046268e-04,1.832214295864105225e-01,3.188225626945495605e-01,3.610647022724151611e-01,6.760293245315551758e-02,2.157721817493438721e-01,5.707467198371887207e-01,6.561884880065917969e-01,3.016014993190765381e-01,3.555059134960174561e-01,1.296814084053039551e-01,2.664525806903839111e-01,-2.357539162039756775e-02,9.789484739303588867e-02,3.334803879261016846e-01,4.277721047401428223e-01,3.017990291118621826e-01,4.573423564434051514e-01,3.032859861850738525e-01,3.470387160778045654e-01,4.622180387377738953e-02,7.599084079265594482e-02,8.735528588294982910e-02,1.064129546284675598e-01,-1.565630882978439331e-01,7.385740429162979126e-02,-4.007215797901153564e-02,1.526395827531814575e-01,-1.590947248041629791e-02,1.682302504777908325e-01,9.724810719490051270e-02,9.910425543785095215e-02,5.156546086072921753e-02,1.226364672183990479e-01,1.409070342779159546e-01,1.952178776264190674e-01,1.302616447210311890e-01,5.962571501731872559e-02,9.120976179838180542e-02,1.429813802242279053e-01,2.175486385822296143e-01,3.381721675395965576e-01,1.407238990068435669e-01,1.060623675584793091e-01,-2.304520085453987122e-02,1.407009959220886230e-01,-1.814535707235336304e-01,1.402331143617630005e-01,-3.158530965447425842e-02,2.258997708559036255e-01,1.824566721916198730e-01,2.565324306488037109e-01,1.982809007167816162e-01,2.442531138658523560e-01,1.887973845005035400e-01,1.862031966447830200e-01,1.285261362791061401e-01,2.093612253665924072e-01,5.710478499531745911e-02,2.561739981174468994e-01,2.139808088541030884e-01,2.810397744178771973e-01,1.204230263829231262e-01,4.894252866506576538e-02,-6.018432229757308960e-02,9.832709282636642456e-02,-1.201425418257713318e-01,-4.688237980008125305e-02,1.056167110800743103e-01,3.197813332080841064e-01,1.047840937972068787e-01,2.323959320783615112e-01,1.409975141286849976e-01,2.873130142688751221e-01,-8.190930634737014771e-02,4.193225409835577011e-03,-4.644140973687171936e-02,-3.979383409023284912e-02,-1.988877914845943451e-02,2.418228425085544586e-02,3.946575149893760681e-02,5.444797500967979431e-02,4.938799142837524414e-02,9.704113006591796875e-02,-2.134444750845432281e-02,-6.022787466645240784e-02,-6.676302850246429443e-02,-1.554808020591735840e-01,3.862234577536582947e-02,-1.655824631452560425e-01,-2.289370819926261902e-02,4.288101941347122192e-02,1.802671253681182861e-01,3.571578115224838257e-02,4.879157617688179016e-02,-1.238137036561965942e-01,-4.559528082609176636e-02,4.674479365348815918e-02,6.963539868593215942e-02,-2.182243913412094116e-01
6.036723032593727112e-02,-1.046422794461250305e-01,4.329118430614471436e-01,1.653420478105545044e-01,9.999998807907104492e-01,5.017098188400268555e-01,4.898057579994201660e-01,3.454184532165527344e-01,6.299984455108642578e-01,4.521957039833068848e-01,1.697117686271667480e-01,2.711345851421356201e-01,3.687779903411865234e-01,2.728621363639831543e-01,5.570452213287353516e-01,3.712366819381713867e-01,-5.028469860553741455e-02,2.890085615217685699e-02,-1.037508100271224976e-01,-6.161913648247718811e-02,3.194496631622314453e-01,3.107885420322418213e-01,4.041079282760620117e-01,3.161243796348571777e-01,4.893150925636291504e-01,4.673953056335449219e-01,4.386427700519561768e-01,4.585348367691040039e-01,2.859215736389160156e-01,2.562771737575531006e-01,5.497106909751892090e-01,4.399554431438446045e-01,1.027913019061088562e-01,1.417742371559143066e-01,1.046042069792747498e-01,1.879092864692211151e-02,8.951753377914428711e-02,7.335587590932846069e-02,5.239692982286214828e-03,-5.715556442737579346e-03,1.632130704820156097e-02,8.698442578315734863e-02,1.857444085180759430e-02,6.075049936771392822e-02,2.954541333019733429e-02,9.156262874603271484e-02,2.459463477134704590e-02,3.780333697795867920e-02,7.110122591257095337e-02,8.351781219244003296e-02,2.357055544853210449e-01,1.271290332078933716e-01,-8.241853117942810059e-02,-1.727379709482192993e-01,1.116900518536567688e-02,5.611027404665946960e-02,2.199780754745006561e-02,-1.154931113123893738e-01,3.188701346516609192e-02,-1.295915096998214722e-01,9.397318214178085327e-02,-7.230850309133529663e-02,3.018886782228946686e-02,-2.064773254096508026e-02,2.211629003286361694e-01,8.103383705019950867e-03,5.454259738326072693e-02,2.219145372509956360e-02,-2.097217887639999390e-01,-8.186409622430801392e-02,4.455913603305816650e-01,4.065303504467010498e-01,2.630165517330169678e-01,3.151590228080749512e-01,1.385708004236221313e-01,1.926072835922241211e-01,1.968702673912048340e-01,9.569405764341354370e-02,2.565549500286579132e-02,-2.938430570065975189e-02,1.957806013524532318e-02,-4.932268708944320679e-02,1.044734939932823181e-01,-2.204573154449462891e-02,1.281336843967437744e-01,8.281242102384567261e-02,2.701591551303863525e-01,1.216330453753471375e-01,2.647258937358856201e-01,1.997547745704650879e-01,-2.060881257057189941e-01,-1.667359769344329834e-01,-1.265731006860733032e-01,-9.052838385105133057e-02,-8.142180740833282471e-03,-1.677500084042549133e-02,7.808053493499755859e-02,1.543051749467849731e-01,-8.556916564702987671e-02,-2.697472274303436279e-02,-8.287373185157775879e-02,-1.068594306707382202e-01,-1.295095384120941162e-01,-1.223290711641311646e-01,-5.843212828040122986e-02,-1.085858717560768127e-01,-5.337509885430335999e-02,-5.048827081918716431e-02,1.242369413375854492e-01,6.502081453800201416e-02,1.124181449413299561e-01,-9.298462420701980591e-02,-4.944433644413948059e-02,-1.886579580605030060e-02,-8.602624386548995972e-02,-9.851561486721038818e-02
1.837332546710968018e-01,1.016778796911239624e-01,3.427033424377441406e-01,4.401256442070007324e-01,5.017098188400268555e-01,9.999995827674865723e-01,3.456543982028961182e-01,4.283104836940765381e-01,5.636234283447265625e-01,6.594889760017395020e-01,9.364873170852661133e-02,2.188341617584228516e-01,1.485299617052078247e-01,2.106394618749618530e-01,2.639144957065582275e-01,4.481377005577087402e-01,3.549316152930259705e-02,5.933877080678939819e-02,1.176505237817764282e-01,1.653486341238021851e-01,1.164998039603233337e-01,3.381446599960327148e-01,4.071048200130462646e-01,4.160997271537780762e-01,3.120993971824645996e-01,3.775082230567932129e-01,1.789368093013763428e-01,3.860467672348022461e-01,9.065342694520950317e-02,1.417587101459503174e-01,3.499971926212310791e-01,3.667031228542327881e-01,2.164438813924789429e-01,2.859115898609161377e-01,1.913429498672485352e-01,1.369035691022872925e-01,2.114941738545894623e-02,9.269552677869796753e-02,4.047022759914398193e-02,9.317941963672637939e-02,-2.296348512172698975e-01,1.969233714044094086e-02,1.356706023216247559e-01,1.691968441009521484e-01,8.814860880374908447e-02,1.494171023368835449e-01,2.273213565349578857e-01,2.346625626087188721e-01,4.959584772586822510e-02,8.788996189832687378e-02,1.716871857643127441e-01,9.713555872440338135e-02,9.415686875581741333e-02,-1.073915138840675354e-02,5.278782546520233154e-02,1.012069135904312134e-01,1.511630415916442871e-01,7.697349041700363159e-02,4.866569861769676208e-02,-5.767053365707397461e-02,2.630393020808696747e-02,-8.598513156175613403e-02,-1.801100932061672211e-02,3.986238688230514526e-02,2.692707255482673645e-02,1.724517717957496643e-02,1.619666218757629395e-01,2.240587621927261353e-01,3.139701858162879944e-02,1.242085024714469910e-01,2.720089852809906006e-01,2.213888615369796753e-01,8.834011852741241455e-02,1.267178058624267578e-01,1.113125123083591461e-02,1.921712011098861694e-01,1.829763799905776978e-01,1.654408872127532959e-01,1.261870414018630981e-01,1.257872730493545532e-01,-1.983510889112949371e-02,2.790528722107410431e-02,9.464326314628124237e-03,-1.148353964090347290e-01,1.241205632686614990e-01,1.787657290697097778e-01,9.351023286581039429e-02,1.423227190971374512e-01,1.796114891767501831e-01,2.192824631929397583e-01,-1.292036566883325577e-02,1.946010976098477840e-03,9.726383537054061890e-02,1.933336630463600159e-02,7.022545486688613892e-02,1.395137459039688110e-01,1.417690664529800415e-01,1.613048464059829712e-01,3.658111765980720520e-02,1.006130129098892212e-01,-1.378214359283447266e-01,-5.588990449905395508e-02,-9.513206034898757935e-02,-1.410282552242279053e-01,4.805507604032754898e-03,-2.159491479396820068e-01,-1.414017230272293091e-01,-1.273507773876190186e-01,1.787832081317901611e-01,8.871724456548690796e-02,1.030625700950622559e-01,-1.616085506975650787e-02,8.894849568605422974e-02,1.371622532606124878e-01,3.456992655992507935e-02,-1.195072978734970093e-01
4.657305181026458740e-01,9.010891616344451904e-02,6.859596967697143555e-01,3.170803487300872803e-01,4.898057579994201660e-01,3.456543982028961182e-01,1.000000000000000000e+00,5.153464674949645996e-01,5.038002729415893555e-01,3.958797156810760498e-01,3.849098384380340576e-01,3.165224194526672363e-01,5.106982588768005371e-01,2.427124977111816406e-01,3.569463193416595459e-01,1.772493869066238403e-01,1.058710068464279175e-01,1.508794575929641724e-01,1.822762638330459595e-01,1.887677460908889771e-01,1.205837503075599670e-01,1.209802180528640747e-01,3.912913501262664795e-01,3.381394445896148682e-01,2.363793104887008667e-01,2.233131676912307739e-01,1.234677731990814209e-01,1.661740094423294067e-01,1.968785524368286133e-01,1.839670091867446899e-01,4.271662235260009766e-01,3.545594811439514160e-01,3.495331704616546631e-01,3.233453631401062012e-01,1.954587250947952271e-01,7.421842217445373535e-02,-7.966754026710987091e-03,-2.595008537173271179e-02,2.019711583852767944e-02,-6.601359695196151733e-03,-1.175469085574150085e-01,7.023119181394577026e-02,-3.485634177923202515e-02,1.088957265019416809e-01,9.709602594375610352e-02,1.789751499891281128e-01,-1.643428020179271698e-02,4.355787113308906555e-02,1.126110181212425232e-01,9.313753247261047363e-02,2.300458550453186035e-01,7.803088426589965820e-02,-1.042894944548606873e-01,-1.764986366033554077e-01,7.098533213138580322e-02,1.140069514513015747e-01,2.745550274848937988e-01,7.738279551267623901e-02,3.155898153781890869e-01,4.963083192706108093e-02,3.717883825302124023e-01,9.001331031322479248e-02,2.031996846199035645e-01,1.426091492176055908e-01,3.400449156761169434e-01,1.941196471452713013e-01,2.410785108804702759e-01,1.798190325498580933e-01,-7.276210188865661621e-02,4.119031131267547607e-02,3.326850235462188721e-01,2.653370499610900879e-01,2.725224196910858154e-01,3.104751110076904297e-01,1.979555487632751465e-01,2.402972280979156494e-01,2.526147663593292236e-01,1.402862221002578735e-01,1.376119405031204224e-01,1.635323837399482727e-02,7.273212820291519165e-02,9.392692707479000092e-03,-3.498392552137374878e-02,-1.055083423852920532e-01,1.147339567542076111e-01,8.283153176307678223e-02,2.000400125980377197e-01,8.748443424701690674e-02,2.146821469068527222e-01,1.223799213767051697e-01,-2.722110152244567871e-01,-1.542679071426391602e-01,-1.944346725940704346e-01,-1.443953514099121094e-01,-3.086959198117256165e-02,-1.903088204562664032e-02,6.829296052455902100e-02,9.908540546894073486e-02,-6.084746122360229492e-02,-4.974479600787162781e-02,-1.079610437154769897e-01,-1.192890629172325134e-01,-6.453748792409896851e-02,-7.041810452938079834e-02,-1.865248754620552063e-02,-9.047230333089828491e-02,-2.591823413968086243e-02,-2.328060567378997803e-03,1.392039954662322998e-01,2.132741920650005341e-02,5.704846605658531189e-02,-1.385377198457717896e-01,-1.415243148803710938e-01,-1.586473360657691956e-02,3.761364519596099854e-02,-1.388559788465499878e-01
3.183544576168060303e-01,3.984634578227996826e-01,5.117395520210266113e-01,6.287936568260192871e-01,3.454184532165527344e-01,4.283104836940765381e-01,5.153464674949645996e-01,9.999998211860656738e-01,2.399559170007705688e-01,4.531190097332000732e-01,2.338737249374389648e-01,5.655792951583862305e-01,3.149436712265014648e-01,5.270276069641113281e-01,3.162207901477813721e-01,4.487464129924774170e-01,9.274596720933914185e-02,3.631959259510040283e-01,2.327093780040740967e-01,1.999416947364807129e-01,2.067236006259918213e-01,2.581443190574645996e-01,4.429313540458679199e-01,5.041026473045349121e-01,3.993315100669860840e-01,4.135839641094207764e-01,2.144942879676818848e-01,3.122472763061523438e-01,2.393095493316650391e-01,3.238595426082611084e-01,4.733881354331970215e-01,4.953691661357879639e-01,3.388972580432891846e-01,4.381597936153411865e-01,2.459331899881362915e-01,2.996979057788848877e-01,4.430699348449707031e-02,8.233713358640670776e-02,1.403266750276088715e-02,8.011622726917266846e-02,-1.045804396271705627e-01,1.339577138423919678e-01,7.623510062694549561e-02,2.767560780048370361e-01,1.322647631168365479e-01,3.463323116302490234e-01,1.741983443498611450e-01,1.965805143117904663e-01,2.712456583976745605e-01,3.464410901069641113e-01,3.269057869911193848e-01,3.639632165431976318e-01,1.201200708746910095e-01,8.502480387687683105e-02,1.415034532546997070e-01,2.022640556097030640e-01,1.415202021598815918e-01,2.842337489128112793e-01,2.384322583675384521e-01,2.236692309379577637e-01,1.639793962240219116e-01,3.312240540981292725e-01,-4.675453156232833862e-02,3.506910800933837891e-01,8.537315577268600464e-02,3.453900218009948730e-01,2.701931595802307129e-01,2.954830229282379150e-01,2.912480384111404419e-02,7.089248299598693848e-02,3.285851776599884033e-01,3.412454128265380859e-01,3.795584440231323242e-01,4.281926155090332031e-01,2.375969290733337402e-01,3.518291413784027100e-01,2.971944808959960938e-01,3.503888845443725586e-01,1.357488632202148438e-01,2.201144210994243622e-02,7.064061611890792847e-02,1.855084747076034546e-01,-1.253596227616071701e-02,-5.278203170746564865e-03,1.083108633756637573e-01,3.242831826210021973e-01,2.102365791797637939e-01,2.735321819782257080e-01,2.156497687101364136e-01,3.585848808288574219e-01,-1.486426293849945068e-01,2.891797572374343872e-02,-2.013999521732330322e-01,-9.801180660724639893e-02,-4.200411587953567505e-02,-2.387310611084103584e-03,1.131283566355705261e-01,1.460430175065994263e-01,5.181263387203216553e-02,1.295059621334075928e-01,-4.409301653504371643e-02,-1.571775227785110474e-01,-1.310906112194061279e-01,-2.131778448820114136e-01,-5.592155084013938904e-02,-1.634497642517089844e-01,1.514024753123521805e-02,9.500791877508163452e-02,1.768275350332260132e-01,8.103094249963760376e-02,8.701350539922714233e-02,-1.379434168338775635e-01,-9.576153010129928589e-02,-5.504739657044410706e-02,6.182050332427024841e-02,-1.719072759151458740e-01
2.611662447452545166e-01,-1.114710643887519836e-01,4.133813083171844482e-01,1.673574149608612061e-01,6.299984455108642578e-01,5.636234283447265625e-01,5.038002729415893555e-01,2.399559170007705688e-01,1.000000119209289551e+00,4.995605349540710449e-01,2.672741711139678955e-01,1.267735660076141357e-01,3.447404503822326660e-01,9.453485906124114990e-02,4.210642278194427490e-01,2.423568964004516602e-01,2.857376076281070709e-02,-6.949073821306228638e-02,2.699881605803966522e-02,2.284631505608558655e-02,1.334185600280761719e-01,1.879472732543945312e-01,3.385330140590667725e-01,2.188090980052947998e-01,2.439146041870117188e-01,2.718375623226165771e-01,2.007256895303726196e-01,2.791850566864013672e-01,1.191312223672866821e-01,8.959300816059112549e-02,3.319613635540008545e-01,2.346439212560653687e-01,1.908451169729232788e-01,1.531314253807067871e-01,1.178769394755363464e-01,-2.649275958538055420e-02,7.646859437227249146e-02,1.025187522172927856e-01,3.758616745471954346e-02,3.544060140848159790e-02,-9.312830865383148193e-02,5.186876282095909119e-02,1.479401998221874237e-02,-8.340475149452686310e-03,1.202775281853973866e-03,5.478996410965919495e-02,3.882792592048645020e-02,9.127725660800933838e-02,-4.196299239993095398e-02,-5.619147792458534241e-02,1.094406470656394958e-01,-5.024407431483268738e-02,-4.177618399262428284e-02,-2.069048285484313965e-01,1.337000913918018341e-02,8.660483174026012421e-03,2.000194042921066284e-01,-8.141002804040908813e-02,6.357824802398681641e-02,-1.963277310132980347e-01,1.799547970294952393e-01,-1.730468571186065674e-01,1.152357533574104309e-01,-6.589031219482421875e-02,2.082238793373107910e-01,-5.011067539453506470e-02,8.786175400018692017e-02,5.724693089723587036e-02,-7.813312113285064697e-02,-8.908550371415913105e-04,2.758541107177734375e-01,1.834782809019088745e-01,9.422429651021957397e-02,1.352691948413848877e-01,6.128607690334320068e-02,1.960473954677581787e-01,1.596150696277618408e-01,1.201228611171245575e-02,3.933449834585189819e-02,3.373359888792037964e-02,-3.144216537475585938e-02,-1.153738275170326233e-01,4.191540926694869995e-02,-1.024247705936431885e-01,1.273822337388992310e-01,4.087548702955245972e-02,1.461559236049652100e-01,7.624018937349319458e-02,1.949771195650100708e-01,1.622743718326091766e-02,-1.634929478168487549e-01,-1.673441529273986816e-01,1.552816014736890793e-03,-8.969780057668685913e-02,3.278832510113716125e-02,4.197557270526885986e-02,1.609289795160293579e-01,1.643504500389099121e-01,4.453111905604600906e-03,4.868684045504778624e-04,-1.712324172258377075e-01,-6.848931312561035156e-02,-8.415248990058898926e-02,-5.210966989398002625e-02,4.047830402851104736e-02,-1.193728297948837280e-01,-1.439305543899536133e-01,-2.056406438350677490e-01,9.408578276634216309e-02,2.705233730375766754e-02,1.623235940933227539e-01,1.869712397456169128e-02,-1.555770542472600937e-02,1.110050976276397705e-01,-3.045206889510154724e-02,-1.473419666290283203e-01
2.820027768611907959e-01,2.065103054046630859e-01,4.195830523967742920e-01,4.067367315292358398e-01,4.521957039833068848e-01,6.594889760017395020e-01,3.958797156810760498e-01,4.531190097332000732e-01,4.995605349540710449e-01,1.000000119209289551e+00,3.682545721530914307e-01,4.369735419750213623e-01,3.890427649021148682e-01,3.661555647850036621e-01,4.112930893898010254e-01,5.325409173965454102e-01,1.548204272985458374e-01,2.252158820629119873e-01,2.688424587249755859e-01,2.491096854209899902e-01,7.508238404989242554e-02,2.673185765743255615e-01,4.053213894367218018e-01,4.425640106201171875e-01,3.274238705635070801e-01,3.528144061565399170e-01,1.491025537252426147e-01,2.818192243576049805e-01,2.158294618129730225e-01,2.137829661369323730e-01,3.846571445465087891e-01,4.203712642192840576e-01,1.758438050746917725e-01,2.644183933734893799e-01,2.080594748258590698e-01,1.607258915901184082e-01,-4.008163139224052429e-02,4.517413675785064697e-03,-6.258551031351089478e-02,3.083990514278411865e-02,-2.807301878929138184e-01,-2.543442649766802788e-03,1.240158230066299438e-01,1.771737337112426758e-01,1.525556296110153198e-01,1.818112432956695557e-01,2.030481547117233276e-01,2.101047784090042114e-01,1.292549818754196167e-01,1.492470800876617432e-01,2.294116616249084473e-01,1.544716656208038330e-01,1.480512320995330811e-01,6.664186716079711914e-02,5.676195397973060608e-02,1.259864717721939087e-01,1.160419881343841553e-01,1.254573762416839600e-01,1.117736622691154480e-01,7.032644003629684448e-02,9.347628802061080933e-02,3.554571047425270081e-02,4.823879897594451904e-02,1.659004092216491699e-01,7.245637476444244385e-02,1.541139185428619385e-01,1.498138457536697388e-01,2.094151228666305542e-01,5.080361664295196533e-02,1.526423394680023193e-01,2.858776450157165527e-01,2.754254341125488281e-01,1.954769790172576904e-01,2.264686226844787598e-01,1.297742128372192383e-01,2.367684543132781982e-01,1.953185200691223145e-01,1.884299367666244507e-01,1.751234829425811768e-01,1.683011502027511597e-01,6.121888756752014160e-02,1.037173420190811157e-01,1.057990491390228271e-01,-1.135453581809997559e-01,1.944121271371841431e-01,2.062773406505584717e-01,1.178426817059516907e-01,1.382288783788681030e-01,2.262292802333831787e-01,2.823561131954193115e-01,2.367775887250900269e-02,5.719144642353057861e-02,5.347862467169761658e-02,3.503775224089622498e-02,3.826076537370681763e-02,1.352851539850234985e-01,7.779203355312347412e-02,1.518618166446685791e-01,7.025678455829620361e-02,1.418542265892028809e-01,-1.936784535646438599e-01,-1.499918252229690552e-01,-1.281732469797134399e-01,-1.727195084095001221e-01,9.090311941690742970e-04,-2.281533628702163696e-01,-1.493041217327117920e-01,-1.248298063874244690e-01,1.941796839237213135e-01,6.638630479574203491e-02,1.025710925459861755e-01,-6.549142301082611084e-02,8.970593661069869995e-02,2.954276837408542633e-02,-5.600801482796669006e-02,-1.053170487284660339e-01
4.994658827781677246e-01,2.129443287849426270e-01,3.384551107883453369e-01,6.682439241558313370e-03,1.697117686271667480e-01,9.364873170852661133e-02,3.849098384380340576e-01,2.338737249374389648e-01,2.672741711139678955e-01,3.682545721530914307e-01,1.000000000000000000e+00,4.682818055152893066e-01,6.868690848350524902e-01,3.586534261703491211e-01,3.950889408588409424e-01,2.191982120275497437e-01,4.049177467823028564e-01,3.386372625827789307e-01,3.840185999870300293e-01,2.552657127380371094e-01,-2.493455074727535248e-02,6.724745780229568481e-02,9.962382167577743530e-02,1.012544706463813782e-01,3.872876614332199097e-02,3.364906832575798035e-02,-8.252910338342189789e-03,4.489583370741456747e-04,3.844631612300872803e-01,2.487083524465560913e-01,1.928545981645584106e-01,1.570473760366439819e-01,2.555442452430725098e-01,2.296651750802993774e-01,1.222260668873786926e-01,1.032128855586051941e-01,-7.671418040990829468e-02,2.029301784932613373e-02,-6.909623742103576660e-02,5.914152134209871292e-03,-1.205639913678169250e-01,8.050122112035751343e-02,1.007630005478858948e-01,1.360709965229034424e-01,2.788938283920288086e-01,2.581109106540679932e-01,1.412990540266036987e-01,1.769804060459136963e-01,3.243800401687622070e-01,2.303132712841033936e-01,2.625255882740020752e-01,1.642442196607589722e-01,1.750626116991043091e-01,1.162885725498199463e-01,1.740575879812240601e-01,1.889502406120300293e-01,2.206417620182037354e-01,1.175419539213180542e-01,3.238641619682312012e-01,2.394903302192687988e-01,3.773767650127410889e-01,1.801987886428833008e-01,3.787750303745269775e-01,3.146062195301055908e-01,2.041155397891998291e-01,2.473601549863815308e-01,2.393910437822341919e-01,1.894164830446243286e-01,9.799916297197341919e-02,1.439994573593139648e-01,1.810193359851837158e-01,1.273294836282730103e-01,3.382190763950347900e-01,2.731668651103973389e-01,3.262195587158203125e-01,2.357912659645080566e-01,2.141254097223281860e-01,1.586772501468658447e-01,1.897170543670654297e-01,1.609931588172912598e-01,2.890067994594573975e-01,2.389955669641494751e-01,3.355171382427215576e-01,5.297952890396118164e-02,2.639057934284210205e-01,1.791618615388870239e-01,1.480619013309478760e-01,1.028131470084190369e-01,2.040969878435134888e-01,1.760845929384231567e-01,1.227530278265476227e-02,1.538592875003814697e-01,-1.070532426238059998e-01,2.531156130135059357e-02,8.023278415203094482e-02,1.296468526124954224e-01,1.377189010381698608e-01,2.143398821353912354e-01,2.007682472467422485e-01,1.789557188749313354e-01,-2.020786553621292114e-01,-1.605302244424819946e-01,-7.349696755409240723e-02,-1.073769405484199524e-01,-3.399458527565002441e-02,-1.167664006352424622e-01,-1.262787580490112305e-01,-8.697386831045150757e-02,4.904149845242500305e-02,5.185295268893241882e-02,2.994683012366294861e-02,3.463733941316604614e-02,-9.335928596556186676e-03,-6.570000201463699341e-02,1.602269825525581837e-03,-4.346457123756408691e-02
2.412538230419158936e-01,3.773175776004791260e-01,3.289342820644378662e-01,3.064022362232208252e-01,2.711345851421356201e-01,2.188341617584228516e-01,3.165224194526672363e-01,5.655792951583862305e-01,1.267735660076141357e-01,4.369735419750213623e-01,4.682818055152893066e-01,9.999998211860656738e-01,5.044075846672058105e-01,7.328525781631469727e-01,4.988251328468322754e-01,5.717255473136901855e-01,2.807291746139526367e-01,5.584596991539001465e-01,2.846416532993316650e-01,2.311919927597045898e-01,2.016946077346801758e-01,2.524352967739105225e-01,2.974428832530975342e-01,3.835077881813049316e-01,3.958244025707244873e-01,3.918061256408691406e-01,2.695292532444000244e-01,2.659806311130523682e-01,5.217948555946350098e-01,5.523212552070617676e-01,4.776399433612823486e-01,5.112171173095703125e-01,2.058067768812179565e-01,3.088829219341278076e-01,1.621579378843307495e-01,2.403837293386459351e-01,2.631053887307643890e-02,3.514226758852601051e-03,-7.651942223310470581e-02,-3.674257546663284302e-02,-8.423887193202972412e-02,1.831202507019042969e-01,9.175587445497512817e-02,2.541550993919372559e-01,2.882613241672515869e-01,3.444779515266418457e-01,1.846196800470352173e-01,1.750804334878921509e-01,3.685145974159240723e-01,3.724957406520843506e-01,3.366641402244567871e-01,3.824125826358795166e-01,1.635716259479522705e-01,1.824916750192642212e-01,1.502409726381301880e-01,2.517308592796325684e-01,1.758852601051330566e-02,1.988042294979095459e-01,1.734393537044525146e-01,2.754111886024475098e-01,1.259163022041320801e-01,3.481160402297973633e-01,7.264341413974761963e-02,4.543898403644561768e-01,6.258382648229598999e-02,3.125967383384704590e-01,1.764772683382034302e-01,2.151403874158859253e-01,1.861680671572685242e-02,4.249123111367225647e-02,3.868910372257232666e-01,4.157219529151916504e-01,5.332459807395935059e-01,5.074046850204467773e-01,3.934267759323120117e-01,3.728788495063781738e-01,2.725309133529663086e-01,2.979966700077056885e-01,2.391485273838043213e-01,1.566504240036010742e-01,2.827480435371398926e-01,3.670801520347595215e-01,3.179555833339691162e-01,1.474098265171051025e-01,1.852670311927795410e-01,3.557306528091430664e-01,2.835041582584381104e-01,3.006691038608551025e-01,2.239545583724975586e-01,4.354141652584075928e-01,1.220068708062171936e-02,1.722621917724609375e-01,-1.914204508066177368e-01,-6.545408815145492554e-02,3.086689300835132599e-02,9.289230406284332275e-02,9.125076234340667725e-02,2.167302817106246948e-01,1.065752282738685608e-01,2.039240151643753052e-01,-1.232618540525436401e-01,-3.049507439136505127e-01,-1.843570172786712646e-01,-2.783347070217132568e-01,-4.093091934919357300e-02,-1.544625759124755859e-01,1.445907820016145706e-02,5.442135035991668701e-02,8.988319337368011475e-02,5.741675943136215210e-02,7.681459933519363403e-02,-9.693580120801925659e-02,-1.129599846899509430e-02,-1.359761208295822144e-01,1.135464478284120560e-02,-1.183339580893516541e-02
3.588431179523468018e-01,8.548423647880554199e-02,4.612049162387847900e-01,4.140564054250717163e-02,3.687779903411865234e-01,1.485299617052078247e-01,5.106982588768005371e-01,3.149436712265014648e-01,3.447404503822326660e-01,3.890427649021148682e-01,6.868690848350524902e-01,5.044075846672058105e-01,9.999995827674865723e-01,4.588118195533752441e-01,5.310171842575073242e-01,2.823669612407684326e-01,3.446518778800964355e-01,3.680467307567596436e-01,2.375897616147994995e-01,1.800443828105926514e-01,5.926899984478950500e-02,6.672594696283340454e-02,2.218632549047470093e-01,2.322230786085128784e-01,2.446910738945007324e-01,2.079903930425643921e-01,1.337737590074539185e-01,8.452996611595153809e-02,4.907712042331695557e-01,3.400159776210784912e-01,4.144437313079833984e-01,3.479119241237640381e-01,1.982449144124984741e-01,1.986578404903411865e-01,1.712242662906646729e-01,1.132346689701080322e-01,-6.718403100967407227e-02,-2.231055125594139099e-02,-3.853074833750724792e-02,-5.799868702888488770e-02,-5.568843334913253784e-02,8.928155899047851562e-02,1.016194820404052734e-01,1.570187807083129883e-01,2.924781739711761475e-01,2.485641390085220337e-01,9.431592375040054321e-02,1.263941526412963867e-01,3.049428462982177734e-01,2.110767513513565063e-01,3.316701054573059082e-01,2.051555365324020386e-01,3.297276422381401062e-02,2.014317736029624939e-02,1.625925600528717041e-01,2.204327434301376343e-01,1.374423652887344360e-01,-7.429242250509560108e-04,2.336852401494979858e-01,1.159671768546104431e-01,3.015127182006835938e-01,7.882958650588989258e-02,3.263209760189056396e-01,2.160713076591491699e-01,2.943888306617736816e-01,2.019795775413513184e-01,2.056584209203720093e-01,1.544784754514694214e-01,-4.003063961863517761e-02,4.259205982089042664e-02,3.475705981254577637e-01,2.739489078521728516e-01,4.867465198040008545e-01,3.933728635311126709e-01,4.137961268424987793e-01,2.217479497194290161e-01,2.436900585889816284e-01,1.637595891952514648e-01,2.011964470148086548e-01,1.149924322962760925e-01,2.995946705341339111e-01,1.950353085994720459e-01,3.253405988216400146e-01,2.934522368013858795e-02,2.666623294353485107e-01,1.623810678720474243e-01,2.372256517410278320e-01,1.400336474180221558e-01,2.759258449077606201e-01,2.670328021049499512e-01,-8.342872560024261475e-02,1.607918366789817810e-02,-1.790166199207305908e-01,-6.534405052661895752e-02,5.887492373585700989e-02,9.511324763298034668e-02,1.575051993131637573e-01,2.488305866718292236e-01,1.218391433358192444e-01,1.079214066267013550e-01,-1.423281133174896240e-01,-2.090243846178054810e-01,-6.743178516626358032e-02,-1.580203324556350708e-01,-3.602288663387298584e-02,-1.414719969034194946e-01,-6.721191853284835815e-02,-1.040192022919654846e-01,8.302836120128631592e-02,6.749618332833051682e-03,2.244019322097301483e-02,-2.203146554529666901e-02,-6.140339002013206482e-02,-5.348507687449455261e-02,-4.579352214932441711e-02,-1.814837381243705750e-02
