9.999997019767761230e-01,7.541481852531433105e-01,5.041099190711975098e-01,5.214200019836425781e-01,3.730581700801849365e-02,1.608169637620449066e-02,4.173190295696258545e-01,3.735378980636596680e-01,-1.336436271667480469e-01,-1.560740265995264053e-02,3.299376070499420166e-01,3.355185389518737793e-01,1.047454699873924255e-01,1.870131045579910278e-01,-1.183855608105659485e-01,-1.082809567451477051e-01,1.459434777498245239e-01,2.395789772272109985e-01,7.154066562652587891e-01,6.884557604789733887e-01,-6.226489320397377014e-02,-1.118776798248291016e-01,3.744274973869323730e-01,3.561825752258300781e-01,-5.999207496643066406e-02,-6.678053736686706543e-02,6.512991338968276978e-02,8.713290095329284668e-02,2.718936093151569366e-02,6.684906315058469772e-03,2.516793012619018555e-01,2.321497648954391479e-01,5.952096581459045410e-01,5.126255154609680176e-01,-1.204595062881708145e-02,-8.863375335931777954e-02,5.024517420679330826e-03,3.699311614036560059e-02,1.114847436547279358e-01,-5.246500298380851746e-02,-6.760659813880920410e-02,4.181237600278109312e-04,1.685320138931274414e-01,1.254210174083709717e-01,6.470101326704025269e-02,8.493466675281524658e-02,2.391634136438369751e-01,1.218756362795829773e-01,1.594092696905136108e-01,1.336383223533630371e-01,1.294890791177749634e-01,1.961609721183776855e-01,2.848035991191864014e-01,7.448364794254302979e-02,2.211329489946365356e-01,-5.274911969900131226e-02,8.127737641334533691e-01,6.369501352310180664e-01,3.422204256057739258e-01,2.561041712760925293e-01,4.543672204017639160e-01,4.009416401386260986e-01,2.799251079559326172e-01,2.932724654674530029e-01,-7.443803548812866211e-02,-2.730584889650344849e-02,9.107098728418350220e-02,1.362368017435073853e-01,6.049166321754455566e-01,5.252007842063903809e-01,-1.644555479288101196e-02,-2.340645715594291687e-02,3.347815480083227158e-03,-1.868694648146629333e-02,2.375385537743568420e-02,8.661998435854911804e-03,2.445451542735099792e-02,-6.485369801521301270e-02,4.596025124192237854e-02,1.594470143318176270e-01,1.291461139917373657e-01,1.217603906989097595e-01,-6.680180877447128296e-02,-2.599979750812053680e-03,-7.007055450230836868e-03,8.959288895130157471e-02,-6.751579046249389648e-02,-1.529799103736877441e-01,-4.816033691167831421e-02,-5.290610715746879578e-02,-3.123862743377685547e-01,-2.632242441177368164e-01,-3.289130032062530518e-01,-7.745201140642166138e-02,-2.408323436975479126e-02,-9.178251773118972778e-02,7.873648405075073242e-02,4.077113792300224304e-02,1.964013427495956421e-01,7.314006239175796509e-02,-3.456346988677978516e-01,-1.099650636315345764e-01,-1.588592529296875000e-01,-3.615697612985968590e-03,-6.685634702444076538e-02,-2.838799543678760529e-02,-4.396981373429298401e-02,-6.106606498360633850e-02,-2.376358397305011749e-02,-3.584962338209152222e-02,-4.527548328042030334e-02,-5.074993893504142761e-02,-8.173140138387680054e-02,3.927052393555641174e-02,9.961368516087532043e-03,-1.700311452150344849e-01
7.541481852531433105e-01,9.999997615814208984e-01,4.570013880729675293e-01,5.932295322418212891e-01,2.921945229172706604e-02,9.317606687545776367e-02,3.530885875225067139e-01,5.014033317565917969e-01,-1.073205992579460144e-01,6.780936568975448608e-02,3.084709346294403076e-01,4.854477345943450928e-01,1.294731944799423218e-01,3.185996711254119873e-01,-8.082302659749984741e-02,2.425810322165489197e-02,1.937125772237777710e-01,4.076832830905914307e-01,6.584839820861816406e-01,7.124803662300109863e-01,2.645139582455158234e-03,-4.474037513136863708e-02,4.148555994033813477e-01,3.808003664016723633e-01,2.541084308177232742e-03,3.136663138866424561e-02,3.377424553036689758e-02,8.919331431388854980e-02,1.213134974241256714e-01,1.646361351013183594e-01,3.110631406307220459e-01,3.244990706443786621e-01,6.725531816482543945e-01,6.295450925827026367e-01,3.464460372924804688e-02,-6.289600580930709839e-02,6.389341503381729126e-02,1.804424524307250977e-01,1.142960414290428162e-01,7.165696471929550171e-02,2.158028446137905121e-02,1.333317160606384277e-01,2.026590406894683838e-01,1.948973089456558228e-01,1.556653082370758057e-01,1.937533318996429443e-01,2.550652027130126953e-01,2.060963660478591919e-01,2.839798331260681152e-01,2.944045662879943848e-01,2.034417688846588135e-01,3.318796157836914062e-01,2.819228768348693848e-01,2.270635366439819336e-01,2.841597497463226318e-01,1.101463437080383301e-01,7.577351927757263184e-01,7.919273376464843750e-01,3.257786035537719727e-01,3.829634785652160645e-01,3.712270855903625488e-01,5.891461968421936035e-01,1.887560039758682251e-01,5.058697462081909180e-01,-9.199890494346618652e-02,1.457366794347763062e-01,2.070376574993133545e-01,2.510133683681488037e-01,6.561891436576843262e-01,6.650837659835815430e-01,7.700480520725250244e-02,9.966304153203964233e-02,1.091167703270912170e-01,1.398003101348876953e-01,1.060849577188491821e-01,1.356459856033325195e-01,3.136922046542167664e-02,-9.432599879801273346e-03,1.906023025512695312e-01,3.488988280296325684e-01,1.861519068479537964e-01,3.317016959190368652e-01,-5.048970878124237061e-02,1.483438163995742798e-01,2.640249952673912048e-02,2.622423171997070312e-01,-8.232627063989639282e-02,-2.089947648346424103e-02,-5.222512036561965942e-02,9.091934561729431152e-02,-3.281778991222381592e-01,-1.880457997322082520e-01,-3.881617784500122070e-01,-1.823230087757110596e-01,7.772272825241088867e-02,1.695080846548080444e-02,1.353652626276016235e-01,1.506019979715347290e-01,2.095631659030914307e-01,1.598042398691177368e-01,-3.839725553989410400e-01,-2.124555110931396484e-01,-2.189260125160217285e-01,-1.208082064986228943e-01,-1.285587698221206665e-01,-1.161854341626167297e-01,-2.013165317475795746e-02,-8.031146973371505737e-02,6.420373171567916870e-02,7.125671952962875366e-02,2.537595480680465698e-02,-4.359927028417587280e-02,-1.165723055601119995e-01,1.963201165199279785e-02,1.389675773680210114e-02,-1.183433458209037781e-01
5.041099190711975098e-01,4.570013880729675293e-01,9.999997019767761230e-01,8.032604455947875977e-01,2.458231002092361450e-01,1.647001057863235474e-01,8.163605928421020508e-01,6.748893857002258301e-01,1.992482841014862061e-01,1.387097984552383423e-01,5.413844585418701172e-01,4.579662680625915527e-01,4.923843741416931152e-01,3.883941173553466797e-01,2.334263026714324951e-01,1.174731776118278503e-01,2.682730853557586670e-01,6.566409766674041748e-02,6.213476657867431641e-01,5.860255360603332520e-01,8.601721376180648804e-02,8.195237070322036743e-02,8.176386356353759766e-01,7.825720310211181641e-01,2.147365808486938477e-01,2.170406728982925415e-01,1.235334426164627075e-01,7.866996526718139648e-02,2.098568677902221680e-01,8.645166456699371338e-02,5.278723239898681641e-01,5.355363488197326660e-01,5.852041840553283691e-01,6.146956682205200195e-01,2.046132236719131470e-01,9.213053435087203979e-02,5.477553233504295349e-02,3.840080276131629944e-02,2.143867611885070801e-01,7.174611836671829224e-02,3.926005959510803223e-02,1.028992086648941040e-01,-8.446343243122100830e-02,-1.045293435454368591e-01,-4.557080566883087158e-02,-1.425655335187911987e-01,-6.400915235280990601e-02,-1.311065107583999634e-01,-8.874918520450592041e-02,-7.686105370521545410e-02,-1.534392498433589935e-02,-1.053696572780609131e-01,-6.326125934720039368e-03,4.931641742587089539e-03,1.560160219669342041e-01,3.832936659455299377e-02,3.820175230503082275e-01,1.908101886510848999e-01,4.635244235396385193e-02,1.049709320068359375e-02,3.184264302253723145e-01,2.414280921220779419e-01,2.975641787052154541e-01,2.033912688493728638e-01,1.813793629407882690e-01,1.460126191377639771e-01,8.782708644866943359e-02,7.509557902812957764e-02,2.855980396270751953e-01,2.304313331842422485e-01,2.880080938339233398e-01,2.491854131221771240e-01,1.690365374088287354e-01,1.262143850326538086e-01,1.917294561862945557e-01,1.072475388646125793e-01,1.762966662645339966e-01,9.689506143331527710e-02,1.901191323995590210e-01,1.080532837659120560e-02,8.860325813293457031e-02,2.107322774827480316e-02,2.108921855688095093e-02,-6.654243916273117065e-02,2.151633352041244507e-01,1.202988252043724060e-02,-6.397982593625783920e-03,-2.434637956321239471e-02,2.809357643127441406e-01,8.473575860261917114e-02,-9.248431026935577393e-02,-1.246219724416732788e-01,-4.640188068151473999e-02,1.104468572884798050e-02,1.652672514319419861e-02,2.679738588631153107e-02,6.137194484472274780e-02,8.418471366167068481e-02,1.463301628828048706e-01,-2.171260863542556763e-02,-5.747817829251289368e-02,4.165586829185485840e-02,-1.038695201277732849e-01,-5.288340151309967041e-02,-1.925477832555770874e-01,-1.623684167861938477e-01,-1.403107941150665283e-01,-7.371827214956283569e-02,1.146222725510597229e-01,1.104189921170473099e-02,-3.768885880708694458e-02,-6.965695321559906006e-02,-9.613205492496490479e-02,3.338545933365821838e-02,-6.783936172723770142e-02,-8.934892714023590088e-02
5.214200019836425781e-01,5.932295322418212891e-01,8.032604455947875977e-01,1.000000357627868652e+00,2.748743891716003418e-01,2.946397364139556885e-01,7.157143354415893555e-01,7.585905790328979492e-01,1.847604811191558838e-01,2.670868635177612305e-01,4.689260721206665039e-01,5.292419195175170898e-01,4.206103980541229248e-01,4.222008883953094482e-01,1.928969472646713257e-01,1.844265460968017578e-01,2.297708839178085327e-01,1.598597764968872070e-01,6.621497273445129395e-01,6.332542896270751953e-01,7.607807964086532593e-02,1.035765334963798523e-01,7.918114066123962402e-01,7.562082409858703613e-01,2.196651697158813477e-01,2.549012303352355957e-01,1.504542678594589233e-01,1.633157879114151001e-01,2.129999250173568726e-01,1.343862265348434448e-01,5.260104537010192871e-01,5.676182508468627930e-01,6.771685481071472168e-01,7.231497764587402344e-01,2.083483636379241943e-01,9.954521059989929199e-02,7.664199918508529663e-02,7.468643039464950562e-02,2.227884680032730103e-01,1.137744635343551636e-01,4.046849906444549561e-02,1.437285095453262329e-01,-7.994250953197479248e-02,-6.233807280659675598e-02,-3.437129035592079163e-02,-6.121909990906715393e-02,-4.530039429664611816e-02,-8.497537672519683838e-02,-3.151448443531990051e-02,5.102456547319889069e-03,-1.073467079550027847e-03,5.771535870735533535e-05,-1.396426558494567871e-02,9.900343418121337891e-02,2.158232331275939941e-01,1.414241641759872437e-01,4.645346105098724365e-01,3.792057037353515625e-01,1.440933942794799805e-01,1.748625934123992920e-01,3.335428535938262939e-01,4.277329146862030029e-01,2.318160235881805420e-01,3.751485347747802734e-01,8.254056423902511597e-02,2.258924841880798340e-01,2.090945988893508911e-01,2.285091578960418701e-01,4.002551436424255371e-01,3.720574676990509033e-01,2.789658010005950928e-01,2.664914131164550781e-01,1.515560895204544067e-01,1.428947448730468750e-01,1.807223111391067505e-01,1.284228414297103882e-01,1.472378075122833252e-01,9.690267592668533325e-02,2.266817241907119751e-01,1.045412495732307434e-01,1.309901624917984009e-01,1.248014196753501892e-01,2.478422410786151886e-02,7.866105437278747559e-02,1.626399606466293335e-01,1.236390322446823120e-01,-6.213642656803131104e-02,9.096297435462474823e-03,2.453677654266357422e-01,1.805133372545242310e-01,-9.112209826707839966e-02,-9.120268374681472778e-02,-8.276917785406112671e-02,-8.211153745651245117e-02,9.871280193328857422e-02,1.141025647521018982e-01,7.258954644203186035e-02,1.136736124753952026e-01,1.157639697194099426e-01,2.977436594665050507e-02,-6.053674221038818359e-02,-7.472303509712219238e-02,-1.333502382040023804e-01,-1.214701458811759949e-01,-2.266303449869155884e-01,-2.124447077512741089e-01,-9.971866756677627563e-02,-1.007333025336265564e-01,9.661919623613357544e-02,1.192785799503326416e-03,-6.341025233268737793e-02,-9.278915077447891235e-02,-9.567044675350189209e-02,1.771181449294090271e-02,-8.182291686534881592e-02,-9.439577162265777588e-02
3.730581700801849365e-02,2.921945229172706604e-02,2.458231002092361450e-01,2.748743891716003418e-01,1.000000000000000000e+00,5.504763722419738770e-01,3.148090839385986328e-01,3.550780117511749268e-01,5.435396432876586914e-01,4.193571805953979492e-01,3.815901279449462891e-01,2.297845631837844849e-01,3.488451540470123291e-01,2.270592451095581055e-01,5.343422293663024902e-01,3.468489348888397217e-01,2.784481644630432129e-01,1.186519339680671692e-01,2.700940333306789398e-02,-4.566953983157873154e-03,2.853886783123016357e-01,2.817226946353912354e-01,3.379014134407043457e-01,3.129528164863586426e-01,5.488089919090270996e-01,4.678691029548645020e-01,6.215777993202209473e-01,5.335463285446166992e-01,3.162324130535125732e-01,2.284117937088012695e-01,4.108207821846008301e-01,4.382133185863494873e-01,1.802157014608383179e-01,2.635909914970397949e-01,9.122383594512939453e-02,1.601731404662132263e-02,1.490595340728759766e-01,1.371924579143524170e-01,3.552989959716796875e-01,2.572407722473144531e-01,1.252696216106414795e-01,2.214848697185516357e-01,3.146069869399070740e-02,4.933220893144607544e-02,5.704384669661521912e-02,1.239382773637771606e-01,2.981345867738127708e-03,2.933015860617160797e-02,9.586510062217712402e-02,9.660448133945465088e-02,1.164892986416816711e-01,5.833906307816505432e-02,6.892984360456466675e-02,1.560398787260055542e-01,2.756853103637695312e-01,2.812890410423278809e-01,6.704889237880706787e-02,1.822460442781448364e-03,8.876154571771621704e-02,1.628060489892959595e-01,1.443696767091751099e-01,1.092666089534759521e-01,2.099197655916213989e-01,1.333922445774078369e-01,1.345551609992980957e-01,1.248835250735282898e-01,9.613513946533203125e-02,1.366188079118728638e-01,-4.697378724813461304e-03,3.822224959731101990e-02,3.278369009494781494e-01,3.262768983840942383e-01,2.649088501930236816e-01,2.109886854887008667e-01,1.887957453727722168e-01,1.961784437298774719e-02,9.810511022806167603e-02,6.477811932563781738e-02,2.029702365398406982e-01,2.586032822728157043e-02,2.686432301998138428e-01,1.699240952730178833e-01,2.822488248348236084e-01,2.737898528575897217e-01,3.118935525417327881e-01,1.522677242755889893e-01,1.475989520549774170e-01,9.416837990283966064e-02,3.774145245552062988e-01,1.873304545879364014e-01,7.839538156986236572e-02,2.048417739570140839e-02,4.609832167625427246e-02,2.009428665041923523e-02,4.253103211522102356e-02,1.173533126711845398e-01,5.948518216609954834e-02,1.092485785484313965e-01,1.059712469577789307e-01,7.317495346069335938e-02,8.632817119359970093e-02,-1.252018846571445465e-02,2.935892157256603241e-02,-6.394283473491668701e-02,-2.330758608877658844e-02,-4.610252007842063904e-02,1.655026525259017944e-01,1.972622238099575043e-02,7.412916421890258789e-02,4.940194264054298401e-02,-1.693350076675415039e-02,-1.180227845907211304e-02,3.704633191227912903e-02,4.525735042989253998e-03,-1.426921188831329346e-01,-7.874797284603118896e-02
1.608169637620449066e-02,9.317606687545776367e-02,1.647001057863235474e-01,2.946397364139556885e-01,5.504763722419738770e-01,1.000000119209289551e+00,1.379648596048355103e-01,3.517189919948577881e-01,5.366099476814270020e-01,6.815685629844665527e-01,2.397005707025527954e-01,2.822847664356231689e-01,3.532516658306121826e-01,2.789749801158905029e-01,4.468791782855987549e-01,4.926368594169616699e-01,2.108716219663619995e-01,1.785218268632888794e-01,3.567567095160484314e-02,5.641343072056770325e-02,3.382312953472137451e-01,3.793554306030273438e-01,2.912102043628692627e-01,1.553642302751541138e-01,5.920777320861816406e-01,5.413302183151245117e-01,4.820295274257659912e-01,6.348823904991149902e-01,3.127394318580627441e-01,2.073554098606109619e-01,3.842118084430694580e-01,4.070496857166290283e-01,2.296206206083297729e-01,3.194699585437774658e-01,1.679319292306900024e-01,9.611289203166961670e-02,2.259427756071090698e-01,1.710544973611831665e-01,3.843865990638732910e-01,3.044244349002838135e-01,8.678195625543594360e-02,2.174037694931030273e-01,-2.694556489586830139e-02,6.808931380510330200e-02,1.141782328486442566e-01,1.953801214694976807e-01,-6.380543857812881470e-02,3.807041421532630920e-02,1.803862005472183228e-01,2.012370228767395020e-01,1.248160749673843384e-01,1.903493553400039673e-01,-4.080237075686454773e-02,2.733115255832672119e-01,2.691350877285003662e-01,4.145753979682922363e-01,8.117301762104034424e-02,1.324944496154785156e-01,2.712751328945159912e-01,3.423078656196594238e-01,1.954986006021499634e-01,3.134946227073669434e-01,3.696082904934883118e-02,3.207170963287353516e-01,1.117141768336296082e-01,2.794274091720581055e-01,3.184177279472351074e-01,3.296287655830383301e-01,2.591350972652435303e-01,2.366941869258880615e-01,3.963218629360198975e-01,4.210442900657653809e-01,2.785029113292694092e-01,2.246367186307907104e-01,1.774025857448577881e-01,1.833262890577316284e-01,5.022341012954711914e-02,5.776564404368400574e-02,2.692980170249938965e-01,1.484315842390060425e-01,3.083605766296386719e-01,2.107332348823547363e-01,2.726967930793762207e-01,3.407598137855529785e-01,3.306297659873962402e-01,2.339569926261901855e-01,8.612634241580963135e-02,7.749798148870468140e-02,3.323556482791900635e-01,5.022705197334289551e-01,1.478096693754196167e-01,1.029823198914527893e-01,8.628524839878082275e-02,-1.769529730081558228e-01,4.698280990123748779e-02,1.388113945722579956e-01,3.677500062622129917e-04,4.966877400875091553e-02,-6.400232203304767609e-03,-2.472232095897197723e-02,1.473671346902847290e-01,-2.275192290544509888e-01,5.426911637187004089e-02,-1.812118440866470337e-01,-4.400069266557693481e-02,-1.296913921833038330e-01,8.488421142101287842e-02,7.096627354621887207e-02,7.192333787679672241e-02,7.099985331296920776e-02,-3.689024597406387329e-02,-8.525831252336502075e-02,-3.541930019855499268e-02,-1.665022224187850952e-01,-1.368083357810974121e-01,1.623904146254062653e-02
4.173190295696258545e-01,3.530885875225067139e-01,8.163605928421020508e-01,7.157143354415893555e-01,3.148090839385986328e-01,1.379648596048355103e-01,1.000000000000000000e+00,6.908634305000305176e-01,2.962334752082824707e-01,1.164775788784027100e-01,6.345536112785339355e-01,5.095045566558837891e-01,5.895327925682067871e-01,4.393149316310882568e-01,3.466783761978149414e-01,1.351296752691268921e-01,4.038959443569183350e-01,1.394944638013839722e-01,5.054612755775451660e-01,4.453992843627929688e-01,1.582582741975784302e-01,1.442966908216476440e-01,7.516309618949890137e-01,7.679830193519592285e-01,2.489492148160934448e-01,2.757558822631835938e-01,1.703280061483383179e-01,9.851872175931930542e-02,3.419378995895385742e-01,2.019651830196380615e-01,6.005789041519165039e-01,5.939618349075317383e-01,5.643013715744018555e-01,6.153315901756286621e-01,2.084674835205078125e-01,1.155650243163108826e-01,1.302681118249893188e-01,9.409350156784057617e-02,2.023242264986038208e-01,8.263756334781646729e-02,9.971649944782257080e-02,1.421266645193099976e-01,-4.959549382328987122e-02,-9.818565845489501953e-02,4.991206806153059006e-03,-1.134667173027992249e-01,-2.876571752130985260e-02,-9.716986119747161865e-02,-3.711034357547760010e-02,-5.986946076154708862e-02,5.584242194890975952e-02,-8.961615711450576782e-02,2.574544772505760193e-02,-1.267474237829446793e-02,1.603962182998657227e-01,4.947912320494651794e-02,2.974640429019927979e-01,1.083757728338241577e-01,-3.635212779045104980e-04,-7.083652913570404053e-02,3.094582557678222656e-01,2.227569073438644409e-01,4.454649686813354492e-01,2.472286224365234375e-01,1.863357424736022949e-01,1.426745951175689697e-01,7.079290598630905151e-02,5.255192890763282776e-02,1.588143408298492432e-01,1.041078194975852966e-01,4.000288546085357666e-01,3.409959971904754639e-01,2.985498905181884766e-01,2.507823705673217773e-01,2.641992270946502686e-01,1.715763956308364868e-01,3.134562075138092041e-01,2.495151311159133911e-01,2.429164648056030273e-01,3.520547971129417419e-02,2.079395055770874023e-01,1.009597629308700562e-01,1.354265362024307251e-01,-1.143899187445640564e-02,2.743727862834930420e-01,5.219567567110061646e-02,7.976690307259559631e-03,-2.685522660613059998e-02,3.109775781631469727e-01,7.459764834493398666e-03,-1.504786219447851181e-02,-6.436066329479217529e-02,2.364647388458251953e-02,3.754639998078346252e-02,1.515192072838544846e-02,2.291294187307357788e-02,1.218551248311996460e-01,1.428442597389221191e-01,1.560785025358200073e-01,5.823202431201934814e-03,-2.324297325685620308e-03,8.036293834447860718e-02,-1.275615245103836060e-01,-5.359337106347084045e-02,-2.283728569746017456e-01,-1.952079683542251587e-01,-1.516466140747070312e-01,-9.000106155872344971e-02,1.332660913467407227e-01,6.597228348255157471e-02,5.288970097899436951e-02,-5.246254056692123413e-02,-4.690791666507720947e-02,5.510618537664413452e-02,-7.706779241561889648e-02,-7.510584592819213867e-02
3.735378980636596680e-01,5.014033317565917969e-01,6.748893857002258301e-01,7.585905790328979492e-01,3.550780117511749268e-01,3.517189919948577881e-01,6.908634305000305176e-01,1.000000119209289551e+00,3.104423880577087402e-01,3.968985080718994141e-01,5.887421369552612305e-01,7.137902379035949707e-01,5.607114434242248535e-01,6.122292280197143555e-01,3.222344219684600830e-01,4.045048654079437256e-01,3.650218844413757324e-01,3.502621948719024658e-01,4.265923798084259033e-01,3.787391185760498047e-01,2.046580761671066284e-01,2.316211163997650146e-01,7.586404681205749512e-01,6.590644121170043945e-01,3.132493197917938232e-01,3.938185572624206543e-01,2.583018541336059570e-01,2.687616050243377686e-01,3.772414624691009521e-01,3.600397706031799316e-01,6.073081493377685547e-01,6.690114736557006836e-01,6.238945126533508301e-01,7.177826762199401855e-01,2.668978571891784668e-01,1.867462098598480225e-01,1.455293595790863037e-01,1.937081813812255859e-01,1.958352923393249512e-01,1.787210106849670410e-01,1.025205254554748535e-01,2.613075077533721924e-01,8.964777924120426178e-03,2.114718966186046600e-02,5.943796038627624512e-02,7.208566367626190186e-02,3.466045251116156578e-03,3.379613161087036133e-02,7.371959090232849121e-02,1.073836609721183777e-01,1.220493093132972717e-01,1.042488142848014832e-01,6.570881605148315430e-02,1.757553964853286743e-01,1.945100873708724976e-01,2.066720873117446899e-01,3.410802185535430908e-01,3.719499409198760986e-01,7.296987622976303101e-02,1.920262277126312256e-01,3.077721595764160156e-01,4.753728806972503662e-01,3.457082211971282959e-01,5.315351486206054688e-01,9.216783195734024048e-02,3.191804885864257812e-01,1.802368015050888062e-01,2.166477292776107788e-01,2.098754644393920898e-01,2.218979597091674805e-01,4.461289942264556885e-01,4.705091416835784912e-01,3.391201198101043701e-01,3.646158874034881592e-01,2.956424951553344727e-01,2.619366049766540527e-01,2.982483208179473877e-01,2.870924174785614014e-01,3.749852180480957031e-01,2.596184611320495605e-01,2.588210701942443848e-01,2.895514369010925293e-01,1.478453129529953003e-01,1.892930865287780762e-01,2.641950249671936035e-01,2.791809737682342529e-01,-2.705126814544200897e-02,1.154083758592605591e-01,3.229307532310485840e-01,2.343422472476959229e-01,-3.132889419794082642e-02,-4.087914153933525085e-02,-3.373833745718002319e-02,-3.811953589320182800e-02,8.643710613250732422e-02,1.159239336848258972e-01,9.328293800354003906e-02,1.860624849796295166e-01,7.980391383171081543e-02,3.073206730186939240e-02,-3.989645093679428101e-02,-1.292141247540712357e-02,-1.690847277641296387e-01,-1.202499642968177795e-01,-1.929917186498641968e-01,-1.804894059896469116e-01,-5.249901860952377319e-02,-6.488258391618728638e-02,1.234675422310829163e-01,1.194719523191452026e-01,4.817768931388854980e-02,-1.045046001672744751e-01,-1.103279963135719299e-01,-1.447760127484798431e-02,-5.807416886091232300e-02,2.346175024285912514e-04
-1.336436271667480469e-01,-1.073205992579460144e-01,1.992482841014862061e-01,1.847604811191558838e-01,5.435396432876586914e-01,5.366099476814270020e-01,2.962334752082824707e-01,3.104423880577087402e-01,1.000000119209289551e+00,5.492982268333435059e-01,4.762986600399017334e-01,3.045751452445983887e-01,6.803356409072875977e-01,4.339449405670166016e-01,7.666206955909729004e-01,5.115467309951782227e-01,5.250601768493652344e-01,2.314525097608566284e-01,-1.951818168163299561e-01,-1.393621414899826050e-01,6.115738749504089355e-01,5.454635620117187500e-01,3.315263390541076660e-01,2.826345562934875488e-01,7.294973134994506836e-01,7.276147007942199707e-01,4.220531880855560303e-01,3.121870160102844238e-01,5.532798171043395996e-01,3.209385573863983154e-01,6.057819128036499023e-01,5.645402669906616211e-01,2.299236506223678589e-01,3.209288716316223145e-01,2.375182211399078369e-01,1.218032985925674438e-01,3.910124301910400391e-01,2.388576716184616089e-01,4.107670783996582031e-01,2.847417294979095459e-01,3.835059702396392822e-01,3.142958283424377441e-01,-4.224657081067562103e-03,6.796964257955551147e-02,9.086950123310089111e-02,7.340750098228454590e-02,1.551498076878488064e-03,8.706631511449813843e-02,1.233099624514579773e-01,7.297686487436294556e-02,1.862297952175140381e-01,2.844619192183017731e-02,-1.380351278930902481e-02,8.264406025409698486e-02,2.317358404397964478e-01,2.940442562103271484e-01,-4.991938173770904541e-02,-1.185879707336425781e-01,-1.041711587458848953e-02,-4.547310248017311096e-02,8.243259042501449585e-02,4.053744673728942871e-02,1.875927150249481201e-01,1.408662348985671997e-01,1.713429540395736694e-01,2.059973329305648804e-01,1.557059139013290405e-01,1.517934352159500122e-01,4.855062812566757202e-02,3.911217302083969116e-02,6.526983380317687988e-01,6.309981346130371094e-01,5.382031798362731934e-01,4.659540653228759766e-01,3.695607185363769531e-01,2.737863957881927490e-01,2.930484116077423096e-01,1.912727952003479004e-01,3.711419403553009033e-01,1.083327457308769226e-01,4.970747530460357666e-01,2.650693953037261963e-01,4.416051208972930908e-01,3.672425746917724609e-01,5.383423566818237305e-01,1.443246603012084961e-01,3.318305611610412598e-01,2.353625148534774780e-01,4.220922887325286865e-01,2.171953171491622925e-01,1.676874160766601562e-01,1.252606511116027832e-01,1.100317686796188354e-01,-1.919253170490264893e-01,1.023540971800684929e-03,8.684044331312179565e-02,1.464285999536514282e-01,1.826335340738296509e-01,1.412781924009323120e-01,1.312917321920394897e-01,2.295824885368347168e-01,-1.339943408966064453e-01,6.752543151378631592e-02,-1.618301719427108765e-01,-2.510122209787368774e-02,-1.361014097929000854e-01,9.292642027139663696e-02,6.867623329162597656e-02,1.107534691691398621e-01,1.523815542459487915e-01,1.338700056076049805e-01,1.102643460035324097e-02,-1.147734094411134720e-02,-5.139559134840965271e-02,-7.681700587272644043e-02,9.045343101024627686e-02
-1.560740265995264053e-02,6.780936568975448608e-02,1.387097984552383423e-01,2.670868635177612305e-01,4.193571805953979492e-01,6.815685629844665527e-01,1.164775788784027100e-01,3.968985080718994141e-01,5.492982268333435059e-01,1.000000119209289551e+00,2.623844146728515625e-01,3.654854893684387207e-01,4.086073637008666992e-01,4.190858602523803711e-01,4.842508137226104736e-01,6.527653932571411133e-01,2.527127265930175781e-01,2.513142228126525879e-01,-5.996414646506309509e-02,-8.682174235582351685e-02,3.323054611682891846e-01,4.244798421859741211e-01,3.034483194351196289e-01,2.201890647411346436e-01,5.218189358711242676e-01,6.091818809509277344e-01,4.579225778579711914e-01,5.643462538719177246e-01,3.456040024757385254e-01,2.974743843078613281e-01,3.893041014671325684e-01,4.184211790561676025e-01,2.392428219318389893e-01,3.145865499973297119e-01,1.899296492338180542e-01,9.467614442110061646e-02,2.319168448448181152e-01,2.172459214925765991e-01,3.666051924228668213e-01,2.268785536289215088e-01,9.318341314792633057e-02,3.193166553974151611e-01,-5.678128451108932495e-02,3.796976804733276367e-02,8.128706831485033035e-04,5.949541181325912476e-02,-4.527920484542846680e-02,5.657780542969703674e-02,5.671605095267295837e-02,7.532934099435806274e-02,5.054937675595283508e-02,1.124935373663902283e-01,-6.289527751505374908e-03,2.204327434301376343e-01,2.581661045551300049e-01,3.399349451065063477e-01,6.255105882883071899e-02,1.354886293411254883e-01,9.391072392463684082e-02,2.049716264009475708e-01,9.780715405941009521e-02,2.291803210973739624e-01,4.191664606332778931e-02,2.974207997322082520e-01,3.496793657541275024e-02,2.091561853885650635e-01,1.481975317001342773e-01,1.657616049051284790e-01,1.320605576038360596e-01,1.487830132246017456e-01,4.249302148818969727e-01,4.845289885997772217e-01,2.877111434936523438e-01,2.886610925197601318e-01,2.182031422853469849e-01,2.522039115428924561e-01,9.884947538375854492e-02,7.877443730831146240e-02,3.094345927238464355e-01,1.830206513404846191e-01,3.076290190219879150e-01,2.288139015436172485e-01,2.415334880352020264e-01,3.329497873783111572e-01,2.813672423362731934e-01,2.926669716835021973e-01,6.183966994285583496e-02,1.723309159278869629e-01,2.914272844791412354e-01,4.618997871875762939e-01,1.108767315745353699e-01,5.141881108283996582e-02,7.277943193912506104e-02,-9.913443028926849365e-02,6.033205240964889526e-02,1.490371525287628174e-01,1.391476672142744064e-02,6.922652572393417358e-02,1.369058387354016304e-03,4.500010609626770020e-02,1.621266901493072510e-01,-1.131290569901466370e-01,-3.962375689297914505e-03,-7.487218081951141357e-02,1.475129928439855576e-02,-8.138689398765563965e-02,7.563203573226928711e-02,6.511249393224716187e-02,8.211096376180648804e-02,5.277671664953231812e-02,-4.756839945912361145e-02,-7.254670560359954834e-02,-5.567665770649909973e-02,-9.602540731430053711e-02,-7.927111536264419556e-02,1.179733872413635254e-01
3.299376070499420166e-01,3.084709346294403076e-01,5.413844585418701172e-01,4.689260721206665039e-01,3.815901279449462891e-01,2.397005707025527954e-01,6.345536112785339355e-01,5.887421369552612305e-01,4.762986600399017334e-01,2.623844146728515625e-01,9.999998211860656738e-01,6.765374541282653809e-01,7.539262175559997559e-01,6.680654883384704590e-01,5.481796860694885254e-01,4.331618249416351318e-01,7.206090688705444336e-01,4.929122328758239746e-01,1.996862739324569702e-01,2.418690919876098633e-01,4.632110893726348877e-01,3.883887231349945068e-01,5.999827980995178223e-01,5.701412558555603027e-01,5.074691176414489746e-01,5.269798040390014648e-01,3.503540754318237305e-01,2.322017401456832886e-01,6.597856879234313965e-01,5.045807361602783203e-01,7.664050459861755371e-01,7.513911724090576172e-01,5.426251888275146484e-01,5.873517990112304688e-01,2.048027515411376953e-01,1.151684373617172241e-01,2.955069839954376221e-01,3.922583162784576416e-01,3.004863560199737549e-01,3.125728368759155273e-01,2.644474208354949951e-01,4.030877649784088135e-01,1.517795473337173462e-01,1.480523496866226196e-01,2.033732831478118896e-01,1.650419980287551880e-01,1.847976297140121460e-01,1.815863102674484253e-01,2.195912599563598633e-01,1.828997880220413208e-01,2.956010103225708008e-01,1.760555505752563477e-01,2.495676875114440918e-01,1.540950387716293335e-01,2.999371588230133057e-01,2.168103605508804321e-01,3.308093249797821045e-01,1.523976475000381470e-01,-9.125784039497375488e-02,-7.109420746564865112e-02,2.206347286701202393e-01,1.897957921028137207e-01,5.424618721008300781e-01,3.842768669128417969e-01,1.381853967905044556e-01,1.777672320604324341e-01,2.507856674492359161e-02,4.458840563893318176e-02,1.423932760953903198e-01,9.491018205881118774e-02,6.591860055923461914e-01,6.149274110794067383e-01,6.111944913864135742e-01,5.586616992950439453e-01,4.357380270957946777e-01,3.495021760463714600e-01,4.546899795532226562e-01,3.494901657104492188e-01,4.765335917472839355e-01,3.582232296466827393e-01,5.434691309928894043e-01,4.276513755321502686e-01,4.101523756980895996e-01,3.226771652698516846e-01,5.062963366508483887e-01,3.102507889270782471e-01,1.733778119087219238e-01,1.659528315067291260e-01,2.723393142223358154e-01,1.076937168836593628e-01,-3.769578039646148682e-02,-3.566311299800872803e-02,-7.471559196710586548e-02,-8.923226594924926758e-02,8.581732958555221558e-02,1.388119906187057495e-01,3.214958906173706055e-01,3.682419955730438232e-01,2.403601855039596558e-01,1.052898764610290527e-01,-1.059172004461288452e-01,-2.103453688323497772e-02,-1.294989883899688721e-01,-1.093097403645515442e-01,-1.425046622753143311e-01,-1.890267133712768555e-01,2.121298201382160187e-02,2.623846568167209625e-02,2.582207620143890381e-01,3.294603228569030762e-01,2.925666272640228271e-01,4.934085905551910400e-02,-7.907075434923171997e-02,2.680774591863155365e-02,-6.865724921226501465e-02,2.953957580029964447e-02
3.355185389518737793e-01,4.854477345943450928e-01,4.579662680625915527e-01,5.292419195175170898e-01,2.297845631837844849e-01,2.822847664356231689e-01,5.095045566558837891e-01,7.137902379035949707e-01,3.045751452445983887e-01,3.654854893684387207e-01,6.765374541282653809e-01,9.999999403953552246e-01,5.939436554908752441e-01,7.976233959197998047e-01,3.337793946266174316e-01,5.359812974929809570e-01,5.540692210197448730e-01,6.211577653884887695e-01,2.556632459163665771e-01,2.913645207881927490e-01,2.844170033931732178e-01,2.846314907073974609e-01,5.526684522628784180e-01,4.900856614112854004e-01,3.653655648231506348e-01,4.164557158946990967e-01,2.394379526376724243e-01,2.354805618524551392e-01,5.308339595794677734e-01,5.865007042884826660e-01,6.360243558883666992e-01,6.676402091979980469e-01,6.107218265533447266e-01,6.540870666503906250e-01,2.912108302116394043e-01,1.924370378255844116e-01,2.071128040552139282e-01,3.718769550323486328e-01,1.304965615272521973e-01,2.335412353277206421e-01,7.933498173952102661e-02,3.611214160919189453e-01,1.508452147245407104e-01,1.685675233602523804e-01,2.806004285812377930e-01,2.749885618686676025e-01,1.401138901710510254e-01,1.927933841943740845e-01,2.949605286121368408e-01,3.135007619857788086e-01,3.240741193294525146e-01,3.142301142215728760e-01,2.358790040016174316e-01,2.225886732339859009e-01,2.368729561567306519e-01,1.900853365659713745e-01,3.597943782806396484e-01,4.038355052471160889e-01,5.063083395361900330e-02,1.600336581468582153e-01,3.225997984409332275e-01,5.040621161460876465e-01,5.037019848823547363e-01,6.608217358589172363e-01,1.517397910356521606e-01,3.683700263500213623e-01,1.971048414707183838e-01,2.416120022535324097e-01,2.385244667530059814e-01,2.374518215656280518e-01,5.283157229423522949e-01,5.687546730041503906e-01,5.023366212844848633e-01,5.652766823768615723e-01,3.940618932247161865e-01,3.620181083679199219e-01,3.790261447429656982e-01,3.515632748603820801e-01,4.857508540153503418e-01,4.949787557125091553e-01,4.768054783344268799e-01,5.126537084579467773e-01,2.527984976768493652e-01,3.213450908660888672e-01,3.786955177783966064e-01,4.415398836135864258e-01,-4.056436195969581604e-02,1.371565014123916626e-01,1.929314583539962769e-01,2.052918374538421631e-01,1.780421845614910126e-02,8.194964379072189331e-02,-3.886112198233604431e-02,-2.846878767013549805e-02,8.206937462091445923e-02,1.213758289813995361e-01,2.515774369239807129e-01,3.212109506130218506e-01,1.275822818279266357e-01,9.766673296689987183e-02,-1.285987496376037598e-01,-9.935782290995121002e-03,-1.749892383813858032e-01,-5.944297462701797485e-02,-1.588131338357925415e-01,-1.817605644464492798e-01,-7.652901113033294678e-03,3.448019176721572876e-02,1.764152795076370239e-01,3.292646408081054688e-01,2.649059891700744629e-01,-5.998309236019849777e-03,-8.050861209630966187e-02,-4.311634600162506104e-02,-7.373327016830444336e-02,5.572362244129180908e-02
1.047454699873924255e-01,1.294731944799423218e-01,4.923843741416931152e-01,4.206103980541229248e-01,3.488451540470123291e-01,3.532516658306121826e-01,5.895327925682067871e-01,5.607114434242248535e-01,6.803356409072875977e-01,4.086073637008666992e-01,7.539262175559997559e-01,5.939436554908752441e-01,9.999999403953552246e-01,6.877557039260864258e-01,7.034353613853454590e-01,5.269958376884460449e-01,6.887356638908386230e-01,3.510097265243530273e-01,1.755944266915321350e-02,7.668267935514450073e-02,5.466387271881103516e-01,5.259484052658081055e-01,5.903041362762451172e-01,5.256552696228027344e-01,6.533255577087402344e-01,6.836398243904113770e-01,3.214217424392700195e-01,1.896384060382843018e-01,6.726109981536865234e-01,4.409188032150268555e-01,7.601104974746704102e-01,7.351210713386535645e-01,4.500727653503417969e-01,5.208156108856201172e-01,2.657209634780883789e-01,1.439971476793289185e-01,3.031263947486877441e-01,2.844048738479614258e-01,3.366679549217224121e-01,2.470752894878387451e-01,3.033747971057891846e-01,3.380710482597351074e-01,2.116847410798072815e-02,4.917906224727630615e-02,1.508651226758956909e-01,8.142649382352828979e-02,3.784108534455299377e-02,8.804930001497268677e-02,1.695346236228942871e-01,1.156878024339675903e-01,2.326292991638183594e-01,5.985531210899353027e-02,4.943654313683509827e-02,6.986564397811889648e-02,1.838181763887405396e-01,2.126621901988983154e-01,1.452412307262420654e-01,-3.999091684818267822e-03,-4.100198671221733093e-02,-7.722204923629760742e-02,2.200943380594253540e-01,1.402554214000701904e-01,4.270139634609222412e-01,2.643212974071502686e-01,2.536994814872741699e-01,2.738707065582275391e-01,1.275746226310729980e-01,1.030186116695404053e-01,1.072509661316871643e-01,7.477001100778579712e-02,7.415695786476135254e-01,6.878973841667175293e-01,6.173216700553894043e-01,5.421981215476989746e-01,4.474944770336151123e-01,3.649379312992095947e-01,3.753566443920135498e-01,2.884734272956848145e-01,5.207582116127014160e-01,2.304431796073913574e-01,5.380302071571350098e-01,3.247101902961730957e-01,4.023097157478332520e-01,2.791430354118347168e-01,5.941579341888427734e-01,2.006359696388244629e-01,2.767126560211181641e-01,2.254357188940048218e-01,3.765430152416229248e-01,1.673454940319061279e-01,1.173380762338638306e-01,8.983767032623291016e-02,8.881504833698272705e-02,-1.206249520182609558e-01,4.436628893017768860e-02,8.919824659824371338e-02,2.166849672794342041e-01,2.750262022018432617e-01,1.680348813533782959e-01,9.671238809823989868e-02,1.006896346807479858e-01,-7.043908536434173584e-02,-3.255229815840721130e-02,-1.402846127748489380e-01,-1.310640722513198853e-01,-2.210376709699630737e-01,-9.417042136192321777e-02,1.755096018314361572e-03,1.912161558866500854e-01,2.623222172260284424e-01,2.297661006450653076e-01,-8.311701007187366486e-03,-8.579657971858978271e-02,-3.214982897043228149e-02,-8.603231608867645264e-02,6.377267092466354370e-02
