1.000000119209289551e+00,4.675873816013336182e-01,4.753852188587188721e-01,2.573883235454559326e-01,1.362419277429580688e-01,-1.279375106096267700e-01,4.573974609375000000e-01,2.007346749305725098e-01,1.103619039058685303e-01,-2.680276930332183838e-01,5.670792460441589355e-01,2.355903685092926025e-01,4.232769012451171875e-01,1.528831571340560913e-01,1.268875747919082642e-01,-2.331760972738265991e-01,2.788068354129791260e-01,3.384788036346435547e-01,5.264275074005126953e-01,4.183337688446044922e-01,2.229365520179271698e-02,-2.474725432693958282e-02,2.963515520095825195e-01,1.964040547609329224e-01,1.093961149454116821e-01,-6.737565249204635620e-02,-3.943514451384544373e-02,-1.216305866837501526e-01,2.888241410255432129e-01,1.237055286765098572e-01,1.585172414779663086e-01,1.438197791576385498e-01,3.081803619861602783e-01,2.991058528423309326e-01,1.542274951934814453e-01,1.067321449518203735e-01,1.350062638521194458e-01,1.145388484001159668e-01,1.021319907158613205e-02,1.899998285807669163e-03,6.056008115410804749e-02,-1.872231997549533844e-02,1.410846784710884094e-02,-2.195708267390727997e-02,-7.299614697694778442e-02,-5.343025550246238708e-02,5.199946463108062744e-02,5.625491961836814880e-03,1.682462543249130249e-01,4.744779318571090698e-02,4.402825608849525452e-02,3.107745572924613953e-02,7.410041242837905884e-02,8.179695904254913330e-02,-6.882151961326599121e-02,2.132283337414264679e-02,6.018941402435302734e-01,4.682165384292602539e-01,4.782799482345581055e-01,2.887885272502899170e-01,3.512470424175262451e-01,1.774109452962875366e-01,2.352753728628158569e-01,1.957300007343292236e-01,8.172556012868881226e-02,-1.624572556465864182e-03,2.626098692417144775e-01,1.604912728071212769e-01,4.081359505653381348e-01,2.907355427742004395e-01,-3.368038218468427658e-03,-1.549022085964679718e-02,4.712720960378646851e-02,-4.906190186738967896e-02,1.323414444923400879e-01,-5.798685550689697266e-02,1.270372420549392700e-01,3.062258288264274597e-02,1.356407701969146729e-01,1.869933456182479858e-01,2.874256968498229980e-01,1.136645004153251648e-01,1.554217189550399780e-01,-6.456959247589111328e-02,1.338457465171813965e-01,-8.302064985036849976e-02,6.752996891736984253e-02,-1.437102407217025757e-01,2.250039130449295044e-01,1.542440652847290039e-01,-6.592266261577606201e-02,-1.602348983287811279e-01,1.389619112014770508e-01,1.043349504470825195e-01,7.440908998250961304e-02,-9.263554960489273071e-02,-2.232817001640796661e-02,-7.315005362033843994e-02,-1.110663861036300659e-01,-1.173004955053329468e-01,2.333691269159317017e-01,1.566400974988937378e-01,1.151612624526023865e-01,1.981560140848159790e-01,-1.578804254531860352e-01,-9.127297997474670410e-02,-1.262883841991424561e-01,2.177017182111740112e-01,6.130270659923553467e-03,1.288120727986097336e-02,1.657553511904552579e-04,-2.895080111920833588e-02,-1.624347418546676636e-01,-7.700026035308837891e-02,-1.212905719876289368e-01,-1.076125428080558777e-01
4.675873816013336182e-01,1.000000357627868652e+00,3.151228129863739014e-01,5.211048126220703125e-01,-3.731165081262588501e-02,6.518916785717010498e-02,3.132097721099853516e-01,4.930300414562225342e-01,-4.575538262724876404e-02,-9.071494638919830322e-02,2.264293134212493896e-01,5.801857113838195801e-01,1.655437499284744263e-01,4.383237659931182861e-01,-4.422928765416145325e-02,-1.171529293060302734e-01,2.237980961799621582e-01,5.044674873352050781e-01,3.689531385898590088e-01,4.500792920589447021e-01,-5.963135976344347000e-03,4.640274494886398315e-02,3.806148171424865723e-01,4.644916057586669922e-01,1.780457049608230591e-01,6.272629648447036743e-02,-5.501482263207435608e-02,-1.397571116685867310e-01,1.746119409799575806e-01,1.663596332073211670e-01,9.037379920482635498e-02,2.976680994033813477e-01,1.161973252892494202e-01,2.277624607086181641e-01,-3.766826912760734558e-02,2.042247727513313293e-02,4.966897889971733093e-02,1.302264183759689331e-01,-8.850156515836715698e-02,9.983250498771667480e-02,4.976199567317962646e-02,-1.798078231513500214e-02,9.457343071699142456e-02,4.419836774468421936e-02,1.251523103564977646e-02,9.156845510005950928e-02,8.437024056911468506e-02,1.018675118684768677e-01,4.186403937637805939e-03,9.765294380486011505e-03,-5.303186550736427307e-02,-1.538233160972595215e-01,3.088945895433425903e-02,5.679657310247421265e-02,-7.490839064121246338e-02,1.335147768259048462e-01,3.970615565776824951e-01,7.753434777259826660e-01,9.264332056045532227e-02,1.925630420446395874e-01,9.474010206758975983e-03,1.422982364892959595e-01,1.683965176343917847e-01,4.942453503608703613e-01,-1.759817153215408325e-01,-1.997475326061248779e-01,9.852851927280426025e-02,1.277931779623031616e-02,3.115554153919219971e-01,2.394374608993530273e-01,-1.657216548919677734e-01,1.091814410756342113e-04,-5.987734068185091019e-03,9.653328917920589447e-03,-4.380213841795921326e-02,-8.945045620203018188e-02,5.003074929118156433e-02,1.171480631455779076e-03,6.372393667697906494e-02,2.757654488086700439e-01,1.608057022094726562e-01,3.150798082351684570e-01,8.765146881341934204e-02,-9.659075178205966949e-03,-9.628608077764511108e-02,-2.617097459733486176e-02,-1.104702427983283997e-01,-1.642618179321289062e-01,-9.320082515478134155e-02,7.877569645643234253e-02,-1.034852117300033569e-01,-2.616131901741027832e-01,1.201317086815834045e-02,-1.126041635870933533e-01,4.089788720011711121e-02,-4.906109347939491272e-02,-5.935787782073020935e-02,-1.277033984661102295e-01,-5.578027293086051941e-02,-8.120232075452804565e-02,1.454903036355972290e-01,-9.578901343047618866e-03,9.771847724914550781e-02,3.992049023509025574e-02,-1.300579607486724854e-01,-1.097656115889549255e-01,3.462222963571548462e-02,2.161456644535064697e-01,-7.641369104385375977e-02,-1.109820678830146790e-01,-5.975503474473953247e-02,-8.749349042773246765e-03,-1.835106313228607178e-01,-6.025344133377075195e-02,-1.240537241101264954e-01,-1.796232312917709351e-01
4.753852188587188721e-01,3.151228129863739014e-01,9.999995827674865723e-01,5.228736996650695801e-01,4.460654556751251221e-01,1.610075086355209351e-01,6.437021493911743164e-01,3.970957696437835693e-01,3.624013066291809082e-01,-6.110925599932670593e-02,2.893994152545928955e-01,2.959832847118377686e-01,3.712781369686126709e-01,2.977994978427886963e-01,2.553677260875701904e-01,-8.727645874023437500e-02,6.013358011841773987e-02,8.676873147487640381e-02,5.545011162757873535e-01,2.787231802940368652e-01,6.070621684193611145e-02,1.428013592958450317e-01,6.838586330413818359e-01,4.809134900569915771e-01,4.108771383762359619e-01,1.349502652883529663e-01,8.380014449357986450e-02,-1.673444546759128571e-02,1.091479584574699402e-01,1.022200565785169601e-03,3.204882442951202393e-01,3.171696662902832031e-01,2.285368889570236206e-01,2.795137465000152588e-01,2.317242771387100220e-01,1.516546458005905151e-01,4.904178902506828308e-02,9.880854934453964233e-02,-5.172740295529365540e-02,-4.174541682004928589e-03,-9.899160824716091156e-03,9.893351793289184570e-02,-1.194022446870803833e-01,-1.705310493707656860e-01,-1.062710508704185486e-01,-1.409201025962829590e-01,-1.208056733012199402e-01,-1.220429465174674988e-01,9.174409508705139160e-02,-3.158666193485260010e-02,-7.748547941446304321e-02,-4.075102880597114563e-02,-2.256963774561882019e-02,1.148803438991308212e-02,-1.681232154369354248e-01,-1.521545182913541794e-02,2.564325630664825439e-01,3.304500281810760498e-01,1.640423536300659180e-01,1.478283703327178955e-01,2.073424607515335083e-01,2.012216746807098389e-01,-1.656366698443889618e-02,8.502359688282012939e-02,2.893309295177459717e-01,9.062660485506057739e-02,2.221683599054813385e-02,-8.940303325653076172e-02,2.930489741265773773e-02,-7.964603602886199951e-02,1.737384945154190063e-01,2.263931632041931152e-01,9.692750871181488037e-02,4.738339781761169434e-02,1.517888903617858887e-01,2.490059845149517059e-02,1.904396712779998779e-01,1.155752912163734436e-01,-6.294871866703033447e-02,-2.072045579552650452e-02,2.686945199966430664e-01,2.899331226944923401e-02,2.954123318195343018e-01,-5.144975706934928894e-02,2.694985270500183105e-01,2.880249544978141785e-02,9.518565982580184937e-02,-8.217585831880569458e-02,9.293799102306365967e-02,2.178106307983398438e-01,-5.714222416281700134e-02,-1.572819352149963379e-01,2.079243361949920654e-01,2.213263213634490967e-01,1.304643452167510986e-01,-3.632978722453117371e-02,-8.131071925163269043e-02,-1.106256395578384399e-01,-7.570835947990417480e-02,-1.790487766265869141e-01,1.619696468114852905e-01,1.129636913537979126e-01,8.856104314327239990e-02,1.506487727165222168e-01,-5.030694603919982910e-02,2.471032924950122833e-02,-8.224245905876159668e-02,2.614988386631011963e-01,-1.444038301706314087e-01,-4.560210928320884705e-02,1.066685747355222702e-02,5.595079623162746429e-03,-1.438241153955459595e-01,-4.721548408269882202e-02,-3.083841502666473389e-02,-1.260719895362854004e-01
2.573883235454559326e-01,5.211048126220703125e-01,5.228736996650695801e-01,1.000000119209289551e+00,2.507559359073638916e-01,3.221754729747772217e-01,6.037750840187072754e-01,7.712715268135070801e-01,1.911294311285018921e-01,1.572630703449249268e-01,7.992538064718246460e-02,6.449890732765197754e-01,2.118141651153564453e-01,6.265121698379516602e-01,1.388454250991344452e-02,-3.191577270627021790e-02,-9.811840951442718506e-03,1.303369104862213135e-01,3.981049656867980957e-01,2.954898476600646973e-01,-8.429890125989913940e-02,9.920465201139450073e-02,7.145128250122070312e-01,8.210276365280151367e-01,3.441996872425079346e-01,2.456368505954742432e-01,-7.874489575624465942e-02,-9.377771615982055664e-02,2.395465783774852753e-02,-6.550103425979614258e-02,2.871719002723693848e-01,5.428460836410522461e-01,6.136856228113174438e-02,2.774056792259216309e-01,2.780664153397083282e-02,5.358394980430603027e-02,-9.138338267803192139e-02,1.473033521324396133e-02,-2.188764065504074097e-01,-2.970493771135807037e-02,-6.399047374725341797e-02,-3.665852174162864685e-02,-7.955212146043777466e-02,-1.127623319625854492e-01,1.007280498743057251e-01,5.107649043202400208e-02,-1.516832411289215088e-01,-1.324038505554199219e-01,-9.939792007207870483e-02,-1.900834143161773682e-01,-2.432357221841812134e-01,-2.972762286663055420e-01,-1.999711543321609497e-01,-2.346099168062210083e-01,-2.698342204093933105e-01,-1.175188720226287842e-01,1.076079383492469788e-01,4.252141416072845459e-01,-1.310823410749435425e-01,-3.785113245248794556e-02,-1.439839974045753479e-02,2.056374698877334595e-01,-1.042165383696556091e-01,3.040949702262878418e-01,3.446635976433753967e-02,-5.929824337363243103e-02,-1.555256247520446777e-01,-1.520565301179885864e-01,-4.153635725378990173e-02,-1.054115593433380127e-01,3.309964761137962341e-02,2.767527699470520020e-01,9.092834591865539551e-02,5.893944948911666870e-02,3.638614201918244362e-03,-5.695872381329536438e-02,1.804016381502151489e-01,8.165096491575241089e-02,-1.878895163536071777e-01,-4.191361367702484131e-02,7.410763204097747803e-02,1.021009981632232666e-01,8.056694269180297852e-02,-1.446498930454254150e-01,-7.172773778438568115e-02,-9.433843940496444702e-02,-1.300819069147109985e-01,-1.594626903533935547e-01,-2.249969393014907837e-01,-2.766448259353637695e-02,-7.127921283245086670e-02,-2.033806294202804565e-01,5.501451343297958374e-02,-8.274428546428680420e-02,1.237972006201744080e-01,-4.762267321348190308e-02,-1.231271103024482727e-01,-1.210316121578216553e-01,-4.768546298146247864e-02,-2.003572434186935425e-01,2.339248731732368469e-02,-9.176868200302124023e-02,2.533572353422641754e-02,-4.250264540314674377e-02,-1.048924252390861511e-01,-6.072786450386047363e-02,4.398922622203826904e-02,1.686620116233825684e-01,-1.925656795501708984e-01,-1.289300620555877686e-01,1.312913838773965836e-02,7.150970399379730225e-02,-1.298714280128479004e-01,-9.347451478242874146e-02,-6.402661651372909546e-02,-1.217617243528366089e-01
1.362419277429580688e-01,-3.731165081262588501e-02,4.460654556751251221e-01,2.507559359073638916e-01,1.000000357627868652e+00,4.903688132762908936e-01,3.438516259193420410e-01,1.444535851478576660e-01,5.940695405006408691e-01,2.243834286928176880e-01,2.278285771608352661e-01,1.560587286949157715e-01,3.527833819389343262e-01,2.320331037044525146e-01,5.996630191802978516e-01,2.266331911087036133e-01,1.271885912865400314e-02,-5.113189667463302612e-02,3.046039640903472900e-01,4.320380464196205139e-02,1.526916921138763428e-01,1.548538208007812500e-01,4.405902624130249023e-01,3.349665105342864990e-01,4.865972399711608887e-01,3.167457878589630127e-01,4.724643230438232422e-01,4.031495451927185059e-01,1.570466905832290649e-01,3.078134264796972275e-03,2.513800859451293945e-01,2.898949682712554932e-01,-5.241047590970993042e-02,-4.288409277796745300e-02,-1.937055587768554688e-02,-1.288509219884872437e-01,1.798498444259166718e-02,-3.364356234669685364e-02,6.040640547871589661e-02,-3.840193897485733032e-02,6.196328997611999512e-02,1.484649479389190674e-01,-2.748792171478271484e-01,-3.160090744495391846e-01,-2.956446707248687744e-01,-3.725964725017547607e-01,-2.939988672733306885e-01,-3.340048193931579590e-01,-2.684219479560852051e-01,-3.237798810005187988e-01,-2.886461019515991211e-01,-2.461584806442260742e-01,-1.495099961757659912e-01,-1.274746358394622803e-01,-1.353483498096466064e-01,-1.472750604152679443e-01,-7.942236959934234619e-02,-6.453276425600051880e-02,-1.167517006397247314e-01,-1.806352287530899048e-01,-2.715948037803173065e-02,-9.214476495981216431e-02,-1.001633927226066589e-01,-2.153252661228179932e-01,1.218809485435485840e-01,-1.663695275783538818e-01,-2.965962886810302734e-01,-3.489227592945098877e-01,-1.684301048517227173e-01,-1.739564985036849976e-01,2.301653474569320679e-01,2.505573332309722900e-01,2.063331007957458496e-01,1.351893097162246704e-01,2.139044553041458130e-01,8.996238559484481812e-02,1.586876623332500458e-02,-3.089892677962779999e-02,-2.378280507400631905e-03,-9.848205745220184326e-02,2.012295275926589966e-01,-8.816518634557723999e-02,3.623158037662506104e-01,4.399664700031280518e-02,2.414859533309936523e-01,-7.619208842515945435e-02,3.181521594524383545e-01,2.850810624659061432e-02,1.679458767175674438e-01,-3.728942465386353433e-05,-7.694976031780242920e-02,6.583532691001892090e-02,4.169035330414772034e-02,2.317482680082321167e-01,6.527103483676910400e-02,-1.268707513809204102e-01,-1.906191259622573853e-01,-2.352070361375808716e-01,-2.436186820268630981e-01,-3.106969594955444336e-01,-9.592119604349136353e-02,-1.455933973193168640e-02,-1.169284656643867493e-01,-9.320495277643203735e-02,2.638176642358303070e-02,8.368911594152450562e-02,-2.397696077823638916e-01,4.120516404509544373e-02,-9.819789230823516846e-02,-7.636119425296783447e-02,-2.987641654908657074e-02,-4.354603961110115051e-02,-9.334336221218109131e-02,-1.095188111066818237e-01,-2.890587598085403442e-02,2.162568643689155579e-02
-1.279375106096267700e-01,6.518916785717010498e-02,1.610075086355209351e-01,3.221754729747772217e-01,4.903688132762908936e-01,9.999995827674865723e-01,7.564326375722885132e-02,1.906360983848571777e-01,2.717971503734588623e-01,7.028359770774841309e-01,-1.782928556203842163e-01,2.091963738203048706e-01,-7.835227996110916138e-02,3.101076185703277588e-01,2.644053995609283447e-01,5.792177915573120117e-01,3.637105599045753479e-02,-2.765636332333087921e-02,1.437588632106781006e-01,-1.831619255244731903e-02,4.054917767643928528e-02,1.323229521512985229e-01,3.153086602687835693e-01,4.382176399230957031e-01,5.212057232856750488e-01,6.285237073898315430e-01,4.774291813373565674e-01,4.896327853202819824e-01,-3.019571863114833832e-02,-6.208526715636253357e-02,1.393369138240814209e-01,4.219783842563629150e-01,-1.579305231571197510e-01,-8.689421415328979492e-02,-1.310953944921493530e-01,-1.470026671886444092e-01,-1.204614937305450439e-01,-1.720836907625198364e-01,-7.571399211883544922e-02,-1.623970270156860352e-01,4.240576922893524170e-02,-7.982760667800903320e-03,-1.726494580507278442e-01,-1.514563709497451782e-01,-1.302593201398849487e-01,-1.858996450901031494e-01,-2.483569830656051636e-01,-2.315195202827453613e-01,-3.821640908718109131e-01,-3.566905558109283447e-01,-4.287598431110382080e-01,-4.105978608131408691e-01,-2.976624667644500732e-01,-2.586771845817565918e-01,-2.013294696807861328e-01,-2.347389310598373413e-01,-7.731006294488906860e-02,3.572520334273576736e-03,-3.497195839881896973e-01,-2.949256300926208496e-01,-2.858875691890716553e-01,-2.397435903549194336e-01,-1.154165118932723999e-01,-1.908555626869201660e-01,-1.414698213338851929e-01,-3.379377126693725586e-01,-4.178269803524017334e-01,-4.085460603237152100e-01,-2.180582135915756226e-01,-2.739019691944122314e-01,2.035413533449172974e-01,2.846627831459045410e-01,1.335286796092987061e-01,1.835352480411529541e-01,4.558913409709930420e-02,5.752796307206153870e-03,-7.982347160577774048e-02,-9.634663164615631104e-02,-7.808475941419601440e-02,-1.346869766712188721e-01,9.158675372600555420e-02,-1.653818190097808838e-01,1.203898638486862183e-01,1.372900903224945068e-01,-9.488817304372787476e-02,-2.886427640914916992e-01,4.214837402105331421e-02,9.521827846765518188e-02,-2.253846079111099243e-01,-2.660042643547058105e-01,-3.006372451782226562e-01,-1.034980043768882751e-01,-2.034904956817626953e-01,-9.156452491879463196e-03,-3.633923828601837158e-02,-1.440090388059616089e-01,-2.771301567554473877e-01,-2.809388935565948486e-01,-2.801851332187652588e-01,-3.734703361988067627e-01,-2.781732976436614990e-01,-2.351720184087753296e-01,-2.465701103210449219e-01,-2.836659848690032959e-01,-3.026642277836799622e-02,-1.177686732262372971e-02,-2.242495566606521606e-01,-1.285355389118194580e-01,-1.834120154380798340e-01,-2.388199120759963989e-01,-6.539329886436462402e-02,-5.210788920521736145e-02,-1.766302138566970825e-01,-1.521244347095489502e-01,-9.022520482540130615e-02,-2.795266546308994293e-02
4.573974609375000000e-01,3.132097721099853516e-01,6.437021493911743164e-01,6.037750840187072754e-01,3.438516259193420410e-01,7.564326375722885132e-02,9.999998211860656738e-01,6.263039112091064453e-01,3.886788487434387207e-01,-5.959601700305938721e-02,4.000526368618011475e-01,4.099185168743133545e-01,5.148299932479858398e-01,4.561260640621185303e-01,8.120014518499374390e-02,-1.700656563043594360e-01,-4.538225755095481873e-02,4.209876805543899536e-02,4.297032952308654785e-01,2.098864018917083740e-01,-4.480610787868499756e-02,9.242437779903411865e-02,6.153354048728942871e-01,5.485041141510009766e-01,1.427586376667022705e-01,1.034873723983764648e-02,-1.635285913944244385e-01,-1.310984641313552856e-01,1.410974711179733276e-01,-2.852870896458625793e-02,3.010053336620330811e-01,3.060480356216430664e-01,2.161759734153747559e-01,2.820954024791717529e-01,1.569602079689502716e-02,-7.093982398509979248e-02,-1.170942280441522598e-02,2.365741692483425140e-02,-1.875227987766265869e-01,-1.887748390436172485e-02,-3.812983259558677673e-02,4.380173608660697937e-02,-1.367763578891754150e-01,-1.880001574754714966e-01,1.781192608177661896e-02,-6.289336830377578735e-02,-1.677150875329971313e-01,-2.031564414501190186e-01,4.714996367692947388e-02,-1.306208521127700806e-01,-1.578878015279769897e-01,-1.901005655527114868e-01,-1.559985578060150146e-01,-1.977598071098327637e-01,-3.035705387592315674e-01,-1.723535656929016113e-01,1.080463379621505737e-01,2.527264058589935303e-01,1.683251708745956421e-01,1.169466525316238403e-01,3.700867295265197754e-01,3.736720681190490723e-01,-2.637770026922225952e-02,2.700003981590270996e-01,2.127251327037811279e-01,1.454766467213630676e-02,-2.779144421219825745e-02,-9.805565327405929565e-02,2.312156371772289276e-03,-6.462217867374420166e-02,5.071601271629333496e-02,2.110379487276077271e-01,1.548624932765960693e-01,6.347057968378067017e-02,1.394592225551605225e-01,4.472169280052185059e-02,2.779718041419982910e-01,1.384137272834777832e-01,-1.877998113632202148e-01,-1.361981686204671860e-02,8.053015917539596558e-02,-2.218377217650413513e-02,8.449072390794754028e-02,-2.208197116851806641e-01,2.845681272447109222e-02,-1.686135530471801758e-01,-1.168156787753105164e-01,-2.359361648559570312e-01,1.953181624412536621e-02,8.476746082305908203e-02,-4.499424621462821960e-02,-1.113803982734680176e-01,1.393193006515502930e-01,5.190638080239295959e-02,1.266873478889465332e-01,-1.825730502605438232e-02,-8.319310843944549561e-02,-9.836985915899276733e-02,-6.069110706448554993e-02,-2.151706218719482422e-01,1.297737061977386475e-01,6.442061066627502441e-02,9.480214864015579224e-02,6.173301115632057190e-02,-1.652816534042358398e-01,-1.034186780452728271e-01,1.440917886793613434e-02,1.892618536949157715e-01,-1.334321349859237671e-01,-2.100101858377456665e-02,-3.631161898374557495e-02,2.294323220849037170e-02,-7.856398820877075195e-02,-9.221279621124267578e-02,-5.470114573836326599e-02,-9.053115546703338623e-02
2.007346749305725098e-01,4.930300414562225342e-01,3.970957696437835693e-01,7.712715268135070801e-01,1.444535851478576660e-01,1.906360983848571777e-01,6.263039112091064453e-01,9.999997615814208984e-01,2.011178582906723022e-01,1.454580575227737427e-01,1.513760238885879517e-01,6.714428663253784180e-01,2.329173237085342407e-01,7.279946208000183105e-01,-1.357389539480209351e-01,-8.225433528423309326e-02,-1.119365990161895752e-01,1.220353543758392334e-01,2.366086989641189575e-01,1.595837473869323730e-01,-1.639702171087265015e-01,1.045296192169189453e-01,5.574137568473815918e-01,6.780801415443420410e-01,1.242213025689125061e-01,1.248414590954780579e-01,-2.608818411827087402e-01,-2.334958165884017944e-01,-1.818133867345750332e-03,-3.888358548283576965e-02,2.148237824440002441e-01,4.388711154460906982e-01,5.041673313826322556e-03,2.298085242509841919e-01,-5.752688273787498474e-02,-8.103375136852264404e-02,-1.598252058029174805e-01,-5.339470878243446350e-02,-3.270901143550872803e-01,-8.250541239976882935e-02,-1.278499811887741089e-01,-9.920866787433624268e-02,-5.937848240137100220e-02,-7.552701979875564575e-02,1.431848555803298950e-01,1.101512983441352844e-01,-1.196495443582534790e-01,-1.128143295645713806e-01,7.440439076162874699e-04,-1.024753376841545105e-01,-1.800116151571273804e-01,-1.826379895210266113e-01,-1.854507476091384888e-01,-2.288487106561660767e-01,-3.332662880420684814e-01,-1.313929259777069092e-01,-1.075102575123310089e-02,3.618012368679046631e-01,-6.208912283182144165e-02,3.044646233320236206e-02,1.194812953472137451e-01,3.910861611366271973e-01,-1.368380934000015259e-01,4.136340022087097168e-01,5.480534583330154419e-02,4.226780496537685394e-03,-1.845824867486953735e-01,-1.835074126720428467e-01,-1.596485078334808350e-01,-1.823996007442474365e-01,-5.380359664559364319e-02,2.425671368837356567e-01,6.149281933903694153e-02,9.083599597215652466e-02,-6.856945343315601349e-03,4.769250750541687012e-03,1.836520433425903320e-01,1.190762221813201904e-01,-2.763706445693969727e-01,-5.230911821126937866e-02,-5.786387994885444641e-02,4.521230235695838928e-02,-8.160337805747985840e-02,-2.007862031459808350e-01,-1.798642873764038086e-01,-1.842418760061264038e-01,-3.060140609741210938e-01,-2.553927302360534668e-01,-2.314426153898239136e-01,-2.541868947446346283e-02,-8.271396905183792114e-02,-1.920500546693801880e-01,4.318536818027496338e-02,-1.448439657688140869e-01,5.872645601630210876e-02,-7.593166083097457886e-02,-1.568647772073745728e-01,-1.550620198249816895e-01,-4.436261579394340515e-02,-1.731456816196441650e-01,4.956245049834251404e-02,-6.851784884929656982e-02,2.897655777633190155e-02,-5.320235714316368103e-02,-1.991583853960037231e-01,-1.919165998697280884e-01,9.488774091005325317e-02,1.119179725646972656e-01,-1.861765682697296143e-01,-1.668464094400405884e-01,-9.957152605056762695e-02,-1.175975706428289413e-02,-9.435468167066574097e-02,-1.469134241342544556e-01,-1.373075842857360840e-01,-1.618704497814178467e-01
1.103619039058685303e-01,-4.575538262724876404e-02,3.624013066291809082e-01,1.911294311285018921e-01,5.940695405006408691e-01,2.717971503734588623e-01,3.886788487434387207e-01,2.011178582906723022e-01,9.999994039535522461e-01,2.084198296070098877e-01,2.242663502693176270e-01,1.897960752248764038e-01,3.768658936023712158e-01,2.563293874263763428e-01,5.187299847602844238e-01,2.232215851545333862e-01,-2.383349463343620300e-02,-4.463955014944076538e-02,1.906117349863052368e-01,-2.881639637053012848e-02,1.163696572184562683e-01,1.319387406110763550e-01,3.389668166637420654e-01,2.300963252782821655e-01,3.663928508758544922e-01,2.164441943168640137e-01,1.729385107755661011e-01,1.317587196826934814e-01,2.066625356674194336e-01,1.206997856497764587e-01,2.372286915779113770e-01,2.561317086219787598e-01,-1.068645808845758438e-02,9.110084647545590997e-05,-3.589962050318717957e-02,-1.241090148687362671e-01,7.772231847047805786e-02,1.326806545257568359e-01,-7.464393973350524902e-02,4.409627988934516907e-02,1.282151937484741211e-01,1.977178603410720825e-01,-1.207048296928405762e-01,-1.226889789104461670e-01,-1.272118687629699707e-01,-1.949959248304367065e-01,-1.424220651388168335e-01,-1.426986157894134521e-01,-7.818245887756347656e-02,-1.446146070957183838e-01,-1.723440736532211304e-01,-1.127696782350540161e-01,-1.034533083438873291e-01,-1.281484365463256836e-01,-1.457363963127136230e-01,-8.701188117265701294e-02,-1.151334568858146667e-01,-7.373254746198654175e-02,2.801432646811008453e-02,-1.356008350849151611e-01,1.279816031455993652e-01,5.733196437358856201e-02,-1.196662709116935730e-01,-6.830068677663803101e-02,1.229748502373695374e-01,-1.406840384006500244e-01,-2.523535192012786865e-01,-3.360241651535034180e-01,-1.893029808998107910e-01,-2.135863006114959717e-01,2.582983076572418213e-01,2.701830565929412842e-01,2.602360248565673828e-01,2.830557525157928467e-01,1.895585954189300537e-01,2.259949147701263428e-01,1.073180660605430603e-01,8.032756298780441284e-02,-7.615000754594802856e-02,-1.316069662570953369e-01,1.380842775106430054e-01,-1.308631002902984619e-01,2.572851479053497314e-01,5.807311274111270905e-03,8.859338611364364624e-02,-1.139639690518379211e-01,1.779270470142364502e-01,-7.489331811666488647e-02,1.741811335086822510e-01,1.507613062858581543e-02,-6.910771597176790237e-03,5.730899050831794739e-02,1.036770045757293701e-01,2.564085423946380615e-01,1.531018465757369995e-01,1.297928486019372940e-02,-6.765553355216979980e-02,-1.243253275752067566e-01,-9.541003406047821045e-02,-1.722922325134277344e-01,-3.460473567247390747e-02,8.229897171258926392e-02,-7.580044120550155640e-02,1.749018440023064613e-03,1.092307176440954208e-02,6.144594401121139526e-02,-1.867139190435409546e-01,7.030826061964035034e-02,-9.406963363289833069e-03,4.824981093406677246e-02,1.939959824085235596e-02,5.918011069297790527e-02,4.992980509996414185e-02,2.895277738571166992e-02,3.270287066698074341e-02,-2.359201572835445404e-02
-2.680276930332183838e-01,-9.071494638919830322e-02,-6.110925599932670593e-02,1.572630703449249268e-01,2.243834286928176880e-01,7.028359770774841309e-01,-5.959601700305938721e-02,1.454580575227737427e-01,2.084198296070098877e-01,9.999999403953552246e-01,-2.767965793609619141e-01,1.096284464001655579e-01,-2.413576841354370117e-01,2.434368133544921875e-01,4.202771931886672974e-02,7.018580436706542969e-01,-6.273972243070602417e-02,-1.010967046022415161e-01,-6.425862759351730347e-02,-1.326291263103485107e-01,-1.330575812608003616e-02,6.644853949546813965e-02,1.243824809789657593e-01,2.686026096343994141e-01,3.695641458034515381e-01,6.378652453422546387e-01,1.861799806356430054e-01,2.643013894557952881e-01,-6.369287520647048950e-02,-8.463592268526554108e-03,1.335420608520507812e-01,3.768258690834045410e-01,-1.224025264382362366e-01,-7.826881110668182373e-02,-1.178837269544601440e-01,-1.279728710651397705e-01,-1.818257868289947510e-01,-2.094971388578414917e-01,-2.089513689279556274e-01,-2.314247041940689087e-01,2.230118960142135620e-02,-8.444921672344207764e-02,-5.025135353207588196e-02,2.748319692909717560e-02,1.602676324546337128e-02,-4.483154416084289551e-02,-1.450246423482894897e-01,-1.068119555711746216e-01,-2.988761067390441895e-01,-2.703223824501037598e-01,-3.694472014904022217e-01,-3.328002989292144775e-01,-3.248064517974853516e-01,-3.220911622047424316e-01,-2.439722716808319092e-01,-2.921395003795623779e-01,-1.576189100742340088e-01,-1.642243117094039917e-01,-3.854823112487792969e-01,-3.705607354640960693e-01,-2.436321973800659180e-01,-2.190013080835342407e-01,-1.175117045640945435e-01,-1.636021435260772705e-01,-1.470610946416854858e-01,-2.717592418193817139e-01,-4.197132885456085205e-01,-3.685836493968963623e-01,-2.744045853614807129e-01,-3.140867650508880615e-01,2.193565815687179565e-01,2.902370095252990723e-01,1.650542467832565308e-01,2.336550652980804443e-01,2.613833732903003693e-02,7.550898939371109009e-02,-6.270770728588104248e-02,-5.164380371570587158e-02,-1.744069904088973999e-01,-1.770987957715988159e-01,-1.081157550215721130e-01,-2.825705111026763916e-01,-1.267315596342086792e-01,1.621553115546703339e-02,-2.881420254707336426e-01,-4.132442772388458252e-01,-1.439601927995681763e-01,3.806999325752258301e-02,-3.898185193538665771e-01,-4.425898790359497070e-01,-2.735522389411926270e-01,-1.303604841232299805e-01,-2.510493397712707520e-01,-1.318187713623046875e-01,-1.556043233722448349e-02,-1.112741455435752869e-01,-2.298237085342407227e-01,-2.237323373556137085e-01,-1.674071252346038818e-01,-2.530139088630676270e-01,-3.302747607231140137e-01,-2.955206334590911865e-01,-2.817201316356658936e-01,-3.268661797046661377e-01,-7.698936015367507935e-02,-1.103243157267570496e-01,-1.602471023797988892e-01,-2.216664850711822510e-01,-1.242486983537673950e-01,-1.770612150430679321e-01,-6.630054116249084473e-02,-4.688889160752296448e-02,-8.105953037738800049e-02,-9.066692739725112915e-02,-8.720192313194274902e-02,1.201887335628271103e-02
5.670792460441589355e-01,2.264293134212493896e-01,2.893994152545928955e-01,7.992538064718246460e-02,2.278285771608352661e-01,-1.782928556203842163e-01,4.000526368618011475e-01,1.513760238885879517e-01,2.242663502693176270e-01,-2.767965793609619141e-01,9.999997615814208984e-01,2.470910400152206421e-01,6.425160169601440430e-01,2.049418389797210693e-01,2.266562283039093018e-01,-2.677506804466247559e-01,3.089052140712738037e-01,2.528871893882751465e-01,3.022510409355163574e-01,1.483987867832183838e-01,-4.540989547967910767e-02,-2.532980870455503464e-03,1.807247400283813477e-01,8.288281410932540894e-02,-7.585101760923862457e-03,-1.770013421773910522e-01,-8.269044756889343262e-02,-1.613135337829589844e-01,3.668292164802551270e-01,7.689100503921508789e-02,1.239579766988754272e-01,5.650537088513374329e-02,1.364948451519012451e-01,8.294122666120529175e-02,7.681981474161148071e-02,-6.530551612377166748e-02,1.455822736024856567e-01,8.176875859498977661e-02,3.708971291780471802e-02,2.138028666377067566e-02,4.597928002476692200e-02,-1.016698684543371201e-02,-8.484958857297897339e-02,-1.707571595907211304e-01,-1.645679473876953125e-01,-1.578523963689804077e-01,-3.759595751762390137e-02,-1.262850761413574219e-01,1.079492568969726562e-01,-4.137248173356056213e-02,5.961688607931137085e-02,4.055614769458770752e-02,9.330175817012786865e-02,7.370597869157791138e-02,-5.164993181824684143e-02,-8.063396811485290527e-02,2.048681825399398804e-01,1.637281328439712524e-01,2.847557067871093750e-01,7.497481256723403931e-02,2.896873950958251953e-01,9.981086105108261108e-02,1.912299841642379761e-01,9.038385003805160522e-02,1.299951523542404175e-01,-9.682054072618484497e-02,1.127690896391868591e-01,7.018227130174636841e-03,1.761334389448165894e-01,1.565737128257751465e-01,-1.435924693942070007e-02,4.035133868455886841e-03,7.964047789573669434e-02,-4.949533566832542419e-02,1.464568972587585449e-01,-3.451169282197952271e-02,1.621841192245483398e-01,5.973602086305618286e-02,2.207064777612686157e-01,1.541322171688079834e-01,3.361304402351379395e-01,6.055758893489837646e-02,2.142027616500854492e-01,-3.281478956341743469e-02,2.740768492221832275e-01,-6.642525643110275269e-02,8.252975344657897949e-02,-1.086937263607978821e-01,3.676601052284240723e-01,6.423751264810562134e-02,5.588367581367492676e-02,-2.214370993897318840e-03,1.177574172616004944e-01,6.436320394277572632e-02,1.360967755317687988e-02,-1.647275388240814209e-01,7.620277814567089081e-03,-1.272874027490615845e-01,-9.800281375646591187e-02,-1.471565216779708862e-01,1.789501309394836426e-01,1.507126092910766602e-01,9.454905241727828979e-02,9.930145740509033203e-02,-1.277514547109603882e-01,-1.195077300071716309e-01,-7.719571143388748169e-02,7.275355607271194458e-02,1.955151185393333435e-02,2.189232502132654190e-03,-4.527850821614265442e-02,-7.528391480445861816e-02,-6.816630065441131592e-02,-1.395060867071151733e-01,-1.229265034198760986e-01,-8.728696405887603760e-02
2.355903685092926025e-01,5.801857113838195801e-01,2.959832847118377686e-01,6.449890732765197754e-01,1.560587286949157715e-01,2.091963738203048706e-01,4.099185168743133545e-01,6.714428663253784180e-01,1.897960752248764038e-01,1.096284464001655579e-01,2.470910400152206421e-01,9.999997019767761230e-01,2.284675985574722290e-01,7.644202113151550293e-01,7.783294469118118286e-02,-8.662246912717819214e-02,1.887669600546360016e-02,2.471297681331634521e-01,2.524899840354919434e-01,1.563447415828704834e-01,-1.937226951122283936e-01,-3.639512136578559875e-02,4.813339710235595703e-01,6.465698480606079102e-01,2.004542052745819092e-01,1.057069748640060425e-01,-1.449320316314697266e-01,-2.273714840412139893e-01,1.344881206750869751e-01,3.134621307253837585e-02,1.552644371986389160e-01,4.702462255954742432e-01,-9.620384871959686279e-02,8.752080798149108887e-02,-4.505264014005661011e-02,-6.652728468179702759e-02,-3.542286530137062073e-02,7.336717844009399414e-02,-1.670566201210021973e-01,3.205582499504089355e-02,-7.367203384637832642e-02,-6.575891375541687012e-02,-2.715465053915977478e-02,-6.999094784259796143e-02,2.279648929834365845e-02,7.527957111597061157e-02,-7.339178770780563354e-02,-6.407967954874038696e-02,-4.055349156260490417e-02,-1.056805923581123352e-01,-1.067529618740081787e-01,-1.993309110403060913e-01,-2.159350924193859100e-02,-6.793180108070373535e-02,-1.197896748781204224e-01,-1.748334732837975025e-03,-2.762696705758571625e-02,4.172305166721343994e-01,-1.879550367593765259e-01,-1.728342324495315552e-01,-7.331448793411254883e-02,6.713394820690155029e-02,-8.001156151294708252e-03,3.797816932201385498e-01,-1.007231250405311584e-01,-2.888878881931304932e-01,-2.101199179887771606e-01,-2.249329388141632080e-01,-8.019396662712097168e-02,-1.196051761507987976e-01,-1.225241720676422119e-01,9.589377045631408691e-02,-3.250266984105110168e-02,3.432206867728382349e-04,-5.567776039242744446e-02,-1.340419650077819824e-01,5.301345139741897583e-02,-1.873070746660232544e-02,-8.135863393545150757e-02,-1.536550372838973999e-02,4.082173109054565430e-02,9.714136272668838501e-02,8.429975062608718872e-02,-1.026491075754165649e-01,-8.977571874856948853e-02,-8.499075472354888916e-02,-3.706419467926025391e-02,-1.611133515834808350e-01,-6.767894327640533447e-02,-6.316832453012466431e-02,-8.961271494626998901e-03,-1.048875376582145691e-01,-3.819036111235618591e-02,-1.550242006778717041e-01,1.081973761320114136e-01,-8.971444517374038696e-02,-6.306312978267669678e-02,-1.939582675695419312e-01,-6.180832162499427795e-02,-9.420979768037796021e-02,-2.294755168259143829e-02,-3.539097309112548828e-02,-6.756412237882614136e-02,-3.793394193053245544e-02,-7.460846006870269775e-02,-4.095478728413581848e-02,8.608734235167503357e-03,1.714370101690292358e-01,-1.551732867956161499e-01,-8.702548593282699585e-02,1.106988545507192612e-02,1.176774874329566956e-01,-8.926696330308914185e-02,-1.043585389852523804e-01,-3.852060437202453613e-02,-9.458747506141662598e-02
4.232769012451171875e-01,1.655437499284744263e-01,3.712781369686126709e-01,2.118141651153564453e-01,3.527833819389343262e-01,-7.835227996110916138e-02,5.148299932479858398e-01,2.329173237085342407e-01,3.768658936023712158e-01,-2.413576841354370117e-01,6.425160169601440430e-01,2.284675985574722290e-01,1.000000119209289551e+00,2.502380013465881348e-01,3.267300128936767578e-01,-1.680157035589218140e-01,3.127360939979553223e-01,2.568024098873138428e-01,3.646147549152374268e-01,2.192584276199340820e-01,8.095755428075790405e-02,1.467226892709732056e-01,2.915334105491638184e-01,1.689166724681854248e-01,1.190556883811950684e-01,-8.341185003519058228e-02,-3.310283180326223373e-03,-3.101053833961486816e-02,3.968673944473266602e-01,1.412680745124816895e-01,3.393788039684295654e-01,2.142773419618606567e-01,1.248711571097373962e-01,1.403243690729141235e-01,1.654435545206069946e-01,-1.064929924905300140e-02,2.142217606306076050e-01,1.994970142841339111e-01,-8.721806108951568604e-03,7.064720988273620605e-02,1.021535471081733704e-01,1.869759708642959595e-01,4.700729332398623228e-04,-1.066066697239875793e-01,-2.176848798990249634e-02,-1.008293852210044861e-01,-2.985038235783576965e-02,-1.093902438879013062e-01,1.364515721797943115e-01,-1.812782324850559235e-02,4.373307526111602783e-02,1.743679679930210114e-02,-1.098488224670290947e-03,-4.793633148074150085e-02,-9.721250087022781372e-02,-6.026296690106391907e-02,1.207214072346687317e-01,1.864129751920700073e-01,2.766895592212677002e-01,1.763208657503128052e-01,2.257767468690872192e-01,1.275015026330947876e-01,1.414969712495803833e-01,1.313782632350921631e-01,2.475898414850234985e-01,2.365891262888908386e-02,1.242720261216163635e-01,2.198277972638607025e-02,1.807042956352233887e-01,1.657260060310363770e-01,1.386866122484207153e-01,2.281257957220077515e-01,3.034850955009460449e-01,1.302419006824493408e-01,3.151430487632751465e-01,7.298523932695388794e-02,3.674100637435913086e-01,2.554005384445190430e-01,2.250896096229553223e-01,2.453853636980056763e-01,4.003834128379821777e-01,1.839645802974700928e-01,2.647264003753662109e-01,-1.820109784603118896e-02,3.055525720119476318e-01,3.345993906259536743e-02,9.092746675014495850e-02,-1.729973256587982178e-01,3.755934834480285645e-01,1.379448175430297852e-01,7.094524800777435303e-02,-7.497569173574447632e-02,2.654458880424499512e-01,1.633574962615966797e-01,8.670792728662490845e-02,-4.249442368745803833e-02,3.918560687452554703e-03,-3.445344418287277222e-02,-1.043319553136825562e-01,-2.144689559936523438e-01,3.592312633991241455e-01,2.476345747709274292e-01,3.151864707469940186e-01,1.712904125452041626e-01,-3.997214511036872864e-02,3.243273496627807617e-02,-1.179770082235336304e-01,1.708766669034957886e-01,-5.756116658449172974e-02,1.198308691382408142e-01,1.276835612952709198e-02,1.200459059327840805e-02,-5.808446556329727173e-02,-5.188629776239395142e-02,3.530671820044517517e-02,-6.104731187224388123e-02
