1.000000119209289551e+00,4.369297623634338379e-01,4.122870266437530518e-01,2.150918394327163696e-01,-3.507890552282333374e-02,-1.164094507694244385e-01,5.290142893791198730e-01,1.013726890087127686e-01,-8.841496706008911133e-02,-1.903078556060791016e-01,3.499910533428192139e-01,1.624296158552169800e-01,4.387825131416320801e-01,2.836627066135406494e-01,7.790894061326980591e-02,-3.982769325375556946e-02,1.427323967218399048e-01,1.923995912075042725e-01,3.624633252620697021e-01,3.240227103233337402e-01,2.801332063972949982e-02,8.846617490053176880e-02,3.792075067758560181e-02,1.192393377423286438e-01,-1.192966825328767300e-03,-1.288925390690565109e-02,1.058155968785285950e-01,4.659011587500572205e-02,6.121390685439109802e-02,2.106324583292007446e-01,2.271171212196350098e-01,1.910437494516372681e-01,3.118292391300201416e-01,2.405445277690887451e-01,-2.024343609809875488e-01,-2.777262330055236816e-01,-3.837788105010986328e-02,-4.399206116795539856e-02,-3.561220318078994751e-02,-3.108113445341587067e-02,-4.750437662005424500e-02,-4.063385725021362305e-02,-1.658136248588562012e-01,-2.045283615589141846e-01,-1.446996480226516724e-01,-2.030103653669357300e-01,-2.339070439338684082e-01,-1.220951974391937256e-01,2.375194430351257324e-02,-1.712666265666484833e-02,-1.451993435621261597e-01,-1.189219057559967041e-01,-1.506437063217163086e-01,-2.181913554668426514e-01,-7.053831219673156738e-02,-1.090775653719902039e-01,4.969692230224609375e-01,4.602683186531066895e-01,4.897286295890808105e-01,4.683853089809417725e-01,3.575918376445770264e-01,3.466989099979400635e-01,2.907038629055023193e-01,3.011164367198944092e-01,-1.277420520782470703e-01,6.342341750860214233e-02,1.896312683820724487e-01,-2.461463026702404022e-02,3.665799796581268311e-01,5.443271994590759277e-01,4.385783523321151733e-02,-1.432061940431594849e-01,-1.681999303400516510e-02,1.373713165521621704e-01,-4.929634928703308105e-02,-5.477339029312133789e-02,3.940171375870704651e-02,8.538143336772918701e-02,1.142390370368957520e-01,1.657877266407012939e-01,3.811967000365257263e-02,6.259664893150329590e-02,-1.136090308427810669e-01,-2.756455168128013611e-02,-5.148986354470252991e-02,-1.937220394611358643e-01,-1.043976172804832458e-01,1.227859500795602798e-02,-1.531451046466827393e-01,-2.428984045982360840e-01,-3.843874037265777588e-01,-2.831380963325500488e-01,-4.032709300518035889e-01,-2.791177630424499512e-01,-1.215732395648956299e-01,-1.411630660295486450e-01,-1.818375140428543091e-01,-5.547178536653518677e-02,-1.200286000967025757e-01,-9.926991164684295654e-02,-2.768107056617736816e-01,-2.462758272886276245e-01,-1.313956975936889648e-01,-6.092007458209991455e-02,-9.777633100748062134e-02,8.480225503444671631e-02,1.055893227458000183e-01,-1.336257159709930420e-01,1.959971711039543152e-02,-3.291473910212516785e-02,4.409413412213325500e-02,-4.167709965258836746e-03,-1.101885735988616943e-01,-1.183298081159591675e-01,-8.090740442276000977e-02,2.287255786359310150e-02
4.369297623634338379e-01,9.999998211860656738e-01,5.074748024344444275e-02,2.622602880001068115e-01,-3.319163918495178223e-01,-5.884576961398124695e-02,4.575248435139656067e-02,1.581357419490814209e-01,-2.800054550170898438e-01,-1.411762237548828125e-01,1.050265803933143616e-01,1.177249550819396973e-01,1.367814391851425171e-01,3.652072250843048096e-01,-1.089278832077980042e-01,5.122164636850357056e-02,2.280570715665817261e-01,3.741394281387329102e-01,1.405459046363830566e-01,3.897517621517181396e-01,-3.630155697464942932e-02,-1.372681697830557823e-03,-2.121682167053222656e-01,5.883696302771568298e-02,8.954112976789474487e-02,1.213519275188446045e-01,1.268223375082015991e-01,1.632027700543403625e-02,1.753339469432830811e-01,3.217461407184600830e-01,1.117924153804779053e-01,1.772599220275878906e-01,2.738702297210693359e-01,3.689481914043426514e-01,-1.171468794345855713e-01,-1.761999130249023438e-01,1.016626060009002686e-01,1.653287373483181000e-02,4.088421538472175598e-02,1.555401645600795746e-02,-4.623049497604370117e-02,4.301724955439567566e-02,-5.717965960502624512e-02,2.950016222894191742e-02,6.728070229291915894e-02,1.068878248333930969e-01,-4.648854583501815796e-02,9.151510894298553467e-02,2.037525475025177002e-01,3.124830126762390137e-01,-2.456411905586719513e-02,2.025299519300460815e-01,3.830493614077568054e-02,-8.969220519065856934e-02,5.660173296928405762e-02,4.176058992743492126e-02,6.692057847976684570e-01,7.234952449798583984e-01,5.350199341773986816e-01,5.058744549751281738e-01,4.187783300876617432e-01,4.794610142707824707e-01,2.319388091564178467e-01,3.701585233211517334e-01,-3.640859127044677734e-01,1.627228856086730957e-01,2.781718671321868896e-01,1.246920973062515259e-01,5.829648971557617188e-01,5.342737436294555664e-01,6.395595520734786987e-02,-5.667884647846221924e-02,-3.348148675286211073e-05,1.710933297872543335e-01,-1.022591162472963333e-02,-7.014314085245132446e-02,5.197382066398859024e-03,8.146362751722335815e-02,1.875924170017242432e-01,2.391667366027832031e-01,2.145283669233322144e-01,4.787093102931976318e-01,5.563391000032424927e-02,1.485702991485595703e-01,1.724731735885143280e-02,-8.019660413265228271e-02,1.119223386049270630e-01,-2.216637507081031799e-02,-1.875183731317520142e-01,-5.493441596627235413e-02,-2.409776598215103149e-01,-2.020064890384674072e-01,-3.309255242347717285e-01,-2.730611860752105713e-01,-4.268949106335639954e-02,-4.243003204464912415e-02,-2.825892344117164612e-02,2.556658536195755005e-02,5.154544115066528320e-02,1.453991085290908813e-01,-2.215908765792846680e-01,-2.436396628618240356e-01,-1.399130076169967651e-01,-1.593382842838764191e-02,-1.158984079957008362e-01,-3.931627608835697174e-03,5.611534416675567627e-02,-5.063279718160629272e-02,7.615828514099121094e-02,-6.718387454748153687e-02,1.082657724618911743e-01,1.225765720009803772e-01,-4.929757490754127502e-02,2.151261456310749054e-02,-3.890040144324302673e-02,4.464096203446388245e-02
4.122870266437530518e-01,5.074748024344444275e-02,9.999998211860656738e-01,-5.614074692130088806e-02,2.064318507909774780e-01,-1.473145037889480591e-01,6.341354250907897949e-01,-2.232448160648345947e-01,-6.067476049065589905e-02,-2.619069814682006836e-01,1.743576377630233765e-01,-2.090247869491577148e-01,8.042357116937637329e-02,-1.095835417509078979e-01,2.818880043923854828e-02,-2.361849248409271240e-01,-1.861926466226577759e-01,-1.217628419399261475e-01,3.719810545444488525e-01,-3.835736215114593506e-02,1.222729757428169250e-01,1.187264621257781982e-01,5.492801070213317871e-01,3.085628151893615723e-01,3.670019507408142090e-01,1.790646463632583618e-01,1.290182769298553467e-01,5.797654017806053162e-02,-1.647547781467437744e-01,-4.918223246932029724e-03,2.498094737529754639e-01,1.265209913253784180e-01,-1.347306743264198303e-02,-1.861458420753479004e-01,7.667009532451629639e-02,-1.327739804983139038e-01,-1.774959117174148560e-01,-1.271521747112274170e-01,-5.642779171466827393e-02,-1.470187902450561523e-01,-4.335952922701835632e-02,-1.483023762702941895e-01,-1.486102491617202759e-01,-2.930618822574615479e-01,-1.934165507555007935e-01,-3.261073529720306396e-01,-2.842389047145843506e-01,-2.647688686847686768e-01,-9.050976485013961792e-02,-2.323799580335617065e-01,2.322803996503353119e-02,-1.097590848803520203e-01,-9.624280780553817749e-02,-8.327589929103851318e-02,-1.107606962323188782e-01,-1.833490133285522461e-01,1.051423326134681702e-01,2.291373312473297119e-01,2.728342637419700623e-02,1.451635956764221191e-01,-6.734017282724380493e-02,-5.068730935454368591e-02,-1.345460861921310425e-01,-4.172616451978683472e-02,4.469915479421615601e-02,-1.546782255172729492e-01,9.623697400093078613e-02,-2.357494533061981201e-01,-2.928436733782291412e-03,2.709109485149383545e-01,-8.979450166225433350e-02,-2.717211842536926270e-01,-1.582741290330886841e-01,-1.185163110494613647e-01,-1.039506494998931885e-01,-1.650901436805725098e-01,-1.077231317758560181e-01,-1.679619997739791870e-01,-7.489406317472457886e-02,4.744880646467208862e-02,-2.301152348518371582e-01,-1.018935367465019226e-01,-1.709138900041580200e-01,-1.677049100399017334e-01,1.123963296413421631e-01,-1.182819306850433350e-01,1.459918729960918427e-02,1.003616023808717728e-02,-8.670099824666976929e-02,-2.289327830076217651e-01,-3.586109280586242676e-01,-1.805982738733291626e-01,-2.210190743207931519e-01,-3.639543429017066956e-02,-1.287952065467834473e-01,-1.577427238225936890e-01,-1.860406547784805298e-01,-1.363227218389511108e-01,-2.088766843080520630e-01,-2.314166724681854248e-01,-2.959642410278320312e-01,-9.424233436584472656e-02,-2.240497320890426636e-01,-1.429644823074340820e-01,-8.581751585006713867e-02,1.230615824460983276e-01,-3.339833766222000122e-02,-1.497200503945350647e-02,-5.799366533756256104e-02,-1.066042110323905945e-01,-8.008548058569431305e-03,-1.195174157619476318e-01,-1.219225600361824036e-01,-9.636942297220230103e-03,4.585673101246356964e-03,1.559984590858221054e-02
2.150918394327163696e-01,2.622602880001068115e-01,-5.614074692130088806e-02,9.999998211860656738e-01,-7.466961443424224854e-02,2.328302413225173950e-01,8.123587816953659058e-02,6.623323559761047363e-01,-7.035943213850259781e-03,2.179532945156097412e-01,9.766194224357604980e-02,3.147701621055603027e-01,1.228615641593933105e-01,3.829384148120880127e-01,-1.825847476720809937e-01,2.166209965944290161e-01,1.312121450901031494e-01,2.312085628509521484e-01,5.827087908983230591e-02,4.121480882167816162e-01,-1.222998350858688354e-01,-1.134121716022491455e-01,-1.430787891149520874e-01,3.580147027969360352e-01,-2.574200630187988281e-01,-2.918217889964580536e-02,-8.365202695131301880e-02,-3.357041627168655396e-02,4.427240416407585144e-02,1.460693627595901489e-01,7.008009403944015503e-02,3.112244904041290283e-01,1.982072144746780396e-01,3.759053647518157959e-01,-7.170322537422180176e-02,8.273813128471374512e-02,2.538966387510299683e-02,1.515485160052776337e-02,2.030477300286293030e-02,1.323764026165008545e-01,-1.342406496405601501e-03,3.722008690237998962e-02,-1.190628111362457275e-01,5.697184707969427109e-03,-6.510504055768251419e-03,7.389267534017562866e-02,-8.295652270317077637e-02,3.173385187983512878e-02,-6.577304005622863770e-02,7.081142067909240723e-02,-1.738422214984893799e-01,1.059696637094020844e-02,-1.974908411502838135e-01,-6.096372008323669434e-02,8.529339730739593506e-02,1.314636915922164917e-01,1.379687786102294922e-01,6.581438332796096802e-02,2.210517525672912598e-01,1.733759194612503052e-01,1.485972851514816284e-01,2.823675870895385742e-01,1.885320097208023071e-01,1.887843161821365356e-01,-4.200512915849685669e-02,3.315372169017791748e-01,1.301735490560531616e-01,1.999385058879852295e-01,1.754549592733383179e-01,2.999889254570007324e-01,-1.076764985918998718e-02,2.351706288754940033e-02,3.975464403629302979e-02,1.907055675983428955e-01,7.292567193508148193e-02,1.912823021411895752e-01,1.023886501789093018e-01,1.445162445306777954e-01,1.099579930305480957e-01,1.835059076547622681e-01,3.143034875392913818e-02,-5.252621602267026901e-03,-1.618248969316482544e-01,-9.155336767435073853e-02,-1.967422068119049072e-01,3.885310725308954716e-04,-1.625840216875076294e-01,1.781424283981323242e-01,-1.180426552891731262e-01,1.449009180068969727e-01,-1.959575414657592773e-01,-2.937519550323486328e-01,-2.700195610523223877e-01,-2.810396552085876465e-01,-4.305207356810569763e-02,-5.764091759920120239e-02,-9.584112092852592468e-03,1.599531024694442749e-01,-1.121782884001731873e-02,7.588856667280197144e-02,2.552811615169048309e-02,-1.163005232810974121e-01,2.577834017574787140e-02,7.058709859848022461e-02,-7.003658451139926910e-03,-3.362789051607251167e-03,3.464581072330474854e-02,-1.892972439527511597e-01,4.221945255994796753e-02,4.167545586824417114e-02,1.223009452223777771e-01,1.201671436429023743e-01,-5.424810200929641724e-02,-6.356306374073028564e-02,-5.860727652907371521e-02,7.841589301824569702e-02
-3.507890552282333374e-02,-3.319163918495178223e-01,2.064318507909774780e-01,-7.466961443424224854e-02,1.000000000000000000e+00,3.640457689762115479e-01,1.044341623783111572e-01,-1.613102853298187256e-01,5.765397548675537109e-01,3.656429350376129150e-01,2.946312911808490753e-02,-4.376636445522308350e-02,-6.243002414703369141e-02,-2.852444052696228027e-01,3.857826292514801025e-01,1.465736031532287598e-01,-9.851615875959396362e-02,-1.430966854095458984e-01,5.958691984415054321e-02,-1.837794035673141479e-01,1.482643634080886841e-01,2.304518967866897583e-01,2.674149572849273682e-01,8.070160448551177979e-02,3.947458788752555847e-02,1.371741145849227905e-01,1.460459381341934204e-01,2.553664445877075195e-01,-1.093269363045692444e-01,-1.029040664434432983e-01,9.839116781949996948e-02,5.740691442042589188e-03,-1.107012331485748291e-01,-2.394049167633056641e-01,-4.437587037682533264e-02,-7.585334032773971558e-02,-2.051660865545272827e-01,6.484018638730049133e-03,-1.019911244511604309e-01,-9.353742003440856934e-02,4.126032814383506775e-03,2.400019019842147827e-02,-4.151619598269462585e-02,-1.700577437877655029e-01,-1.304442286491394043e-01,-2.518805265426635742e-01,-3.708244860172271729e-02,-4.357928037643432617e-02,-1.982340812683105469e-01,-2.393421977758407593e-01,-2.040988393127918243e-02,-1.307297497987747192e-01,4.291090182960033417e-03,9.939107298851013184e-02,-4.436460137367248535e-02,-2.142619341611862183e-02,-1.927360892295837402e-01,-2.552793920040130615e-01,-2.064508646726608276e-01,-2.748168706893920898e-01,-8.200927823781967163e-02,-2.425952255725860596e-01,-1.058746203780174255e-01,-2.903799116611480713e-01,2.935188710689544678e-01,-2.052036225795745850e-01,-3.207582533359527588e-01,-3.183807432651519775e-01,-3.344927132129669189e-01,-1.475235670804977417e-01,-3.500903397798538208e-02,4.967400804162025452e-02,1.850520074367523193e-02,2.492842823266983032e-02,4.069131985306739807e-02,1.091978102922439575e-01,-1.660506427288055420e-01,-1.936274170875549316e-01,-1.537756770849227905e-01,-7.079815864562988281e-02,-1.262859106063842773e-01,-2.873381078243255615e-01,-2.226641923189163208e-01,-1.748950183391571045e-01,1.004460901021957397e-01,5.709334090352058411e-02,5.562278628349304199e-02,9.426702558994293213e-02,1.884587705135345459e-01,-9.058084338903427124e-03,-1.358274370431900024e-02,-4.048841074109077454e-02,7.769868522882461548e-02,1.354215387254953384e-02,-7.020792365074157715e-02,-1.375211030244827271e-01,-1.082478165626525879e-01,-2.532804943621158600e-02,-6.725820899009704590e-02,-8.001262694597244263e-02,-2.418625354766845703e-02,-1.008672490715980530e-01,1.230536121875047684e-02,-1.959567070007324219e-01,-7.855045050382614136e-02,-2.051742225885391235e-01,-5.092962086200714111e-02,-1.721642166376113892e-02,-4.911899939179420471e-02,-6.421418488025665283e-02,-1.873411685228347778e-01,-6.305602192878723145e-02,-1.369308382272720337e-01,-1.228898838162422180e-01,-2.116064541041851044e-02,-1.450054794549942017e-01
-1.164094507694244385e-01,-5.884576961398124695e-02,-1.473145037889480591e-01,2.328302413225173950e-01,3.640457689762115479e-01,1.000000119209289551e+00,-1.645319163799285889e-01,2.177205532789230347e-01,3.628574013710021973e-01,5.930741429328918457e-01,-3.507753368467092514e-03,1.596206873655319214e-01,-8.926043659448623657e-02,1.090526655316352844e-01,7.500619441270828247e-02,4.748413264751434326e-01,8.209289982914924622e-03,7.787425071001052856e-02,-3.322333097457885742e-02,9.152420610189437866e-02,4.874128475785255432e-02,2.655579447746276855e-01,-1.095662787556648254e-01,1.509180665016174316e-01,-2.029039263725280762e-01,1.505472958087921143e-01,7.587089389562606812e-02,2.873030006885528564e-01,1.969479769468307495e-02,2.447327412664890289e-02,5.504071712493896484e-02,1.917838007211685181e-01,-2.900926861912012100e-03,9.321741759777069092e-02,-7.881698012351989746e-02,4.147256538271903992e-02,-6.758803129196166992e-02,-5.230991914868354797e-02,-1.208764314651489258e-01,-6.526470184326171875e-02,3.050783462822437286e-02,-3.889761492609977722e-02,-6.770428270101547241e-02,5.232966504991054535e-03,1.801950298249721527e-02,5.875895544886589050e-02,-2.206950075924396515e-02,3.603927791118621826e-02,-2.286591082811355591e-01,-1.230665761977434158e-02,-2.423672080039978027e-01,-1.061499565839767456e-01,-1.358748078346252441e-01,-8.445637300610542297e-03,-4.875807836651802063e-02,3.620006516575813293e-02,-8.169770985841751099e-02,-1.094039082527160645e-01,-1.422279775142669678e-01,-3.158605843782424927e-02,-1.627842485904693604e-01,1.020628288388252258e-01,-9.630406275391578674e-03,8.134951442480087280e-02,-3.984962776303291321e-02,3.184631839394569397e-02,-1.827552467584609985e-01,-2.229351736605167389e-02,-1.310677677392959595e-01,-1.154190078377723694e-01,5.278914794325828552e-02,2.415936738252639771e-01,1.369790583848953247e-01,2.268018871545791626e-01,1.430668234825134277e-01,2.532031238079071045e-01,-3.263358399271965027e-02,2.735646255314350128e-02,-9.470711648464202881e-02,5.596004426479339600e-02,-8.010935038328170776e-02,-1.564488857984542847e-01,-1.711075007915496826e-01,-1.852592676877975464e-01,-1.646011024713516235e-01,-2.350157871842384338e-02,-9.867078810930252075e-02,8.366218209266662598e-02,-7.209623605012893677e-02,2.064901441335678101e-01,4.170266166329383850e-02,-4.536557197570800781e-02,1.150855142623186111e-02,-3.654031455516815186e-02,-3.617468057200312614e-03,-8.200815320014953613e-02,-4.076994955539703369e-02,4.247926175594329834e-02,-5.795794539153575897e-03,2.508939430117607117e-02,1.879659295082092285e-01,-7.337087392807006836e-02,1.228132769465446472e-01,-2.056497894227504730e-02,-1.464228145778179169e-02,-1.680410951375961304e-01,2.244617324322462082e-03,-9.847770631313323975e-02,-4.311777651309967041e-02,-1.123499311506748199e-02,-8.048328012228012085e-02,-1.202857820317149162e-03,-4.035601764917373657e-02,-2.721468172967433929e-02,-6.533712614327669144e-03,-1.666990965604782104e-01
5.290142893791198730e-01,4.575248435139656067e-02,6.341354250907897949e-01,8.123587816953659058e-02,1.044341623783111572e-01,-1.645319163799285889e-01,1.000000119209289551e+00,9.771431796252727509e-03,6.678486242890357971e-03,-1.791789233684539795e-01,1.682460457086563110e-01,-1.324769258499145508e-01,3.248954117298126221e-01,-6.831995211541652679e-03,4.397431388497352600e-02,-2.650323808193206787e-01,-1.421544551849365234e-01,-1.176071986556053162e-01,2.448153793811798096e-01,-1.897248998284339905e-02,7.119831163436174393e-03,4.844709485769271851e-02,3.308204710483551025e-01,1.834342479705810547e-01,1.443715840578079224e-01,1.609759218990802765e-02,8.645471185445785522e-02,4.651630297303199768e-02,-8.501321822404861450e-02,1.331697311252355576e-02,1.868545413017272949e-01,1.054791659116744995e-01,1.297569181770086288e-02,-7.392947375774383545e-02,-4.040038958191871643e-02,-1.853670924901962280e-01,-1.319072544574737549e-01,-6.472758948802947998e-02,-3.539580618962645531e-03,-2.202625200152397156e-02,-5.311824381351470947e-02,-1.049662455916404724e-01,-2.308385372161865234e-01,-3.585774600505828857e-01,-2.457460910081863403e-01,-3.445971608161926270e-01,-3.151705563068389893e-01,-2.660858035087585449e-01,-1.352865993976593018e-01,-2.534508705139160156e-01,-1.241507381200790405e-01,-1.972360759973526001e-01,-1.722691953182220459e-01,-1.654157042503356934e-01,-1.220178604125976562e-01,-1.488394141197204590e-01,9.560547024011611938e-02,2.058263123035430908e-01,9.226380288600921631e-02,2.175058275461196899e-01,4.707628861069679260e-02,1.159241646528244019e-01,-2.438620850443840027e-02,1.283792406320571899e-01,2.908109314739704132e-02,3.236637637019157410e-02,8.187106996774673462e-02,-2.111501246690750122e-01,7.285285741090774536e-02,3.412004411220550537e-01,-3.521068021655082703e-02,-2.339243441820144653e-01,-9.110134094953536987e-02,-9.626692533493041992e-02,-1.052432879805564880e-01,-1.691020578145980835e-01,-6.196907162666320801e-02,-1.047998890280723572e-01,-1.344626545906066895e-01,-6.653616577386856079e-02,-1.973662674427032471e-01,-1.697605699300765991e-01,-1.855086237192153931e-01,-1.496600359678268433e-01,-5.329867824912071228e-02,-1.875858604907989502e-01,-1.702396124601364136e-01,-1.224055513739585876e-02,-1.244807839393615723e-01,-2.226773351430892944e-01,-3.714433312416076660e-01,-1.999871581792831421e-01,-3.284007310867309570e-01,-1.448312252759933472e-01,-1.036213561892509460e-01,-1.397081911563873291e-01,-1.465595364570617676e-01,-1.103275939822196960e-01,-2.094926089048385620e-01,-2.417077273130416870e-01,-2.606572508811950684e-01,-9.217182546854019165e-02,-2.013696730136871338e-01,-1.019979789853096008e-01,-3.713183850049972534e-02,1.611668914556503296e-01,4.976083710789680481e-02,-1.053693592548370361e-01,-1.778708025813102722e-02,-6.865905225276947021e-02,2.448306046426296234e-02,-5.689928308129310608e-02,-5.432293191552162170e-02,2.255670167505741119e-02,-2.672630175948143005e-02,6.561632454395294189e-02
1.013726890087127686e-01,1.581357419490814209e-01,-2.232448160648345947e-01,6.623323559761047363e-01,-1.613102853298187256e-01,2.177205532789230347e-01,9.771431796252727509e-03,1.000000000000000000e+00,4.304274171590805054e-02,2.662361562252044678e-01,4.587914049625396729e-02,5.012062191963195801e-01,1.743139624595642090e-01,5.093030929565429688e-01,-1.684453934431076050e-01,2.514818906784057617e-01,1.523500680923461914e-01,1.536663323640823364e-01,1.197180971503257751e-01,4.073773622512817383e-01,-1.345322132110595703e-01,-1.964160799980163574e-01,-2.068812847137451172e-01,1.892728209495544434e-01,-4.318122863769531250e-01,-2.497926801443099976e-01,-1.828607916831970215e-01,-4.206833988428115845e-02,3.804332017898559570e-02,1.183192804455757141e-01,5.924735590815544128e-02,2.453644722700119019e-01,1.785647720098495483e-01,3.821589052677154541e-01,-5.922361835837364197e-02,9.316221624612808228e-02,3.052701242268085480e-02,1.987938582897186279e-02,-3.176830708980560303e-02,6.808039546012878418e-02,-6.572003476321697235e-03,3.728220611810684204e-02,-9.412758797407150269e-02,4.840980842709541321e-02,5.192761123180389404e-02,1.276973634958267212e-01,-1.090863272547721863e-01,-1.019401568919420242e-02,-6.418248265981674194e-02,3.337721526622772217e-02,-2.342241406440734863e-01,-7.974447309970855713e-02,-2.554854452610015869e-01,-1.267720609903335571e-01,2.037924528121948242e-02,4.880756884813308716e-02,-3.224167600274085999e-02,-1.014299616217613220e-01,7.861417531967163086e-02,5.965547636151313782e-02,8.452945202589035034e-02,1.668977290391921997e-01,1.789966225624084473e-01,1.382404118776321411e-01,6.411522626876831055e-02,2.946593165397644043e-01,5.481194332242012024e-02,2.141393125057220459e-01,1.232434436678886414e-01,2.001377642154693604e-01,-2.830684371292591095e-02,8.262052386999130249e-02,9.735149890184402466e-02,2.497097998857498169e-01,5.324561893939971924e-02,2.057673335075378418e-01,1.471346616744995117e-01,1.640411168336868286e-01,8.939160406589508057e-02,4.858253523707389832e-02,-3.036612272262573242e-02,-8.979614078998565674e-02,-5.543450266122817993e-02,-3.538949415087699890e-02,-2.939234375953674316e-01,-1.321566998958587646e-01,-2.116268873214721680e-01,1.411601155996322632e-01,-2.029048800468444824e-01,6.722178310155868530e-02,-7.904857397079467773e-02,-1.364000439643859863e-01,-1.804573684930801392e-01,-2.073963582515716553e-01,-6.679796427488327026e-02,-5.548277124762535095e-02,-4.801338165998458862e-02,1.059264168143272400e-01,-7.674125488847494125e-03,1.441569179296493530e-01,7.900218665599822998e-02,-9.260241687297821045e-02,3.770180046558380127e-02,9.441208094358444214e-02,-1.407549995929002762e-02,9.665588848292827606e-03,1.005153357982635498e-02,-8.264195173978805542e-02,-4.951859265565872192e-02,6.557867676019668579e-02,1.128308847546577454e-01,7.257026433944702148e-02,6.155817583203315735e-02,-5.433623492717742920e-02,3.161698812618851662e-03,1.472637206315994263e-01
-8.841496706008911133e-02,-2.800054550170898438e-01,-6.067476049065589905e-02,-7.035943213850259781e-03,5.765397548675537109e-01,3.628574013710021973e-01,6.678486242890357971e-03,4.304274171590805054e-02,1.000000119209289551e+00,5.910161733627319336e-01,-1.919197663664817810e-02,6.462089717388153076e-02,-1.511032809503376484e-03,-1.521284878253936768e-01,4.598631262779235840e-01,1.810328215360641479e-01,-2.810989879071712494e-02,-2.095676660537719727e-01,3.497554687783122063e-03,-1.006690412759780884e-01,1.132224947214126587e-01,2.068494409322738647e-01,-5.857947468757629395e-02,-9.569381177425384521e-02,-8.500546216964721680e-02,1.543864905834197998e-01,1.801143735647201538e-01,3.801117837429046631e-01,-3.220539074391126633e-03,-3.924215584993362427e-02,1.377535704523324966e-02,1.173889543861150742e-02,-1.474603861570358276e-01,-1.734720468521118164e-01,-1.254373937845230103e-01,-2.523735724389553070e-02,-1.184428855776786804e-01,5.080462619662284851e-02,-1.294096112251281738e-01,-1.496503800153732300e-01,-2.391999587416648865e-02,3.768525645136833191e-02,-6.277353316545486450e-02,-7.745958864688873291e-02,-1.317656934261322021e-01,-1.281412690877914429e-01,-8.140775561332702637e-02,2.155802445486187935e-03,-2.120288759469985962e-01,-1.706942319869995117e-01,-1.499161422252655029e-01,-1.035092249512672424e-01,-1.046833917498588562e-01,-4.004086926579475403e-02,-1.244474127888679504e-01,-1.094499453902244568e-01,-2.023007273674011230e-01,-2.755331993103027344e-01,-2.182196527719497681e-01,-1.651747375726699829e-01,-1.039276123046875000e-01,-9.378003329038619995e-02,-8.935524523258209229e-02,-1.807581186294555664e-01,1.543699353933334351e-01,-4.350948706269264221e-02,-2.700020670890808105e-01,-1.176773309707641602e-01,-2.688253223896026611e-01,-8.329827338457107544e-02,1.090886667370796204e-01,2.602723836898803711e-01,1.584874093532562256e-01,1.218951493501663208e-01,6.844934076070785522e-02,1.537270396947860718e-01,-1.094955801963806152e-01,-6.825523823499679565e-02,-1.609383821487426758e-01,-1.828542351722717285e-01,-1.086604893207550049e-01,-3.360356688499450684e-01,-1.562551856040954590e-01,-1.376722157001495361e-01,-1.708621829748153687e-01,3.779170336201786995e-03,-1.798561401665210724e-02,4.568092990666627884e-03,5.123475566506385803e-02,-4.219036921858787537e-02,3.063482791185379028e-02,7.524191588163375854e-02,1.707805134356021881e-02,5.141024477779865265e-03,-4.234987869858741760e-02,-9.089965373277664185e-02,-1.520730704069137573e-01,-5.452143773436546326e-02,-1.105257347226142883e-01,-6.074336171150207520e-02,6.367854028940200806e-02,-8.941785991191864014e-02,5.503477156162261963e-02,-1.286924928426742554e-01,-9.499280899763107300e-02,-1.839599311351776123e-01,2.124405000358819962e-03,3.229247778654098511e-02,-5.545864626765251160e-02,-4.706715419888496399e-02,-2.340428233146667480e-01,-1.212001144886016846e-01,-4.757263511419296265e-02,-5.783503875136375427e-02,-8.858732879161834717e-03,-1.414560526609420776e-01
-1.903078556060791016e-01,-1.411762237548828125e-01,-2.619069814682006836e-01,2.179532945156097412e-01,3.656429350376129150e-01,5.930741429328918457e-01,-1.791789233684539795e-01,2.662361562252044678e-01,5.910161733627319336e-01,9.999998211860656738e-01,8.437526412308216095e-03,1.490608155727386475e-01,-5.018192343413829803e-03,1.532483845949172974e-01,2.816827595233917236e-01,4.206391274929046631e-01,1.893854327499866486e-02,-6.640606373548507690e-02,-7.312551140785217285e-02,6.446641869843006134e-03,1.232817396521568298e-02,1.704963892698287964e-01,-1.475579738616943359e-01,5.152002722024917603e-02,-1.313855499029159546e-01,2.004281133413314819e-01,1.281350404024124146e-01,3.614271581172943115e-01,4.778309538960456848e-02,-2.063648216426372528e-02,-7.581809908151626587e-02,6.186187267303466797e-02,-1.469776928424835205e-01,-1.159239280968904495e-02,-8.156196773052215576e-02,6.776636093854904175e-02,5.432972684502601624e-02,5.072288587689399719e-02,-1.544440090656280518e-01,-7.937691360712051392e-02,6.367763876914978027e-02,1.751276105642318726e-02,-4.510388895869255066e-02,3.360186144709587097e-02,-7.367225736379623413e-02,-2.407358027994632721e-03,-1.681045815348625183e-02,7.754673808813095093e-02,-2.632705569267272949e-01,-5.755312368273735046e-02,-2.284341901540756226e-01,-4.650568962097167969e-02,-1.834824234247207642e-01,-1.118524000048637390e-01,-9.851534664630889893e-02,-4.785663634538650513e-02,-2.078748792409896851e-01,-2.436097413301467896e-01,-2.109648436307907104e-01,-1.428044438362121582e-01,-1.388002634048461914e-01,4.210910946130752563e-02,-7.432670891284942627e-02,-2.451068721711635590e-02,3.543808823451399803e-03,8.689107000827789307e-02,-2.218438237905502319e-01,-3.552646562457084656e-02,-1.972758769989013672e-01,-1.702946424484252930e-01,9.394163638353347778e-02,2.501646280288696289e-01,1.952959001064300537e-01,1.913470923900604248e-01,1.758897155523300171e-01,2.171388566493988037e-01,-1.060030981898307800e-02,3.177454322576522827e-02,-1.380465328693389893e-01,-6.523669511079788208e-02,-6.834444403648376465e-02,-1.787668615579605103e-01,-2.358069270849227905e-01,-1.700235158205032349e-01,-1.809917837381362915e-01,7.998302578926086426e-02,-1.234267354011535645e-01,9.283164143562316895e-02,-4.495662450790405273e-02,1.996853053569793701e-01,8.531534671783447266e-02,-1.174463145434856415e-02,1.741575892083346844e-03,-5.878038704395294189e-02,-4.634845629334449768e-02,-1.292216628789901733e-01,-7.351095974445343018e-02,5.935369804501533508e-02,-4.660575091838836670e-02,-1.003817096352577209e-02,1.943054497241973877e-01,-6.014310941100120544e-02,1.565803289413452148e-01,1.114303804934024811e-02,8.284460753202438354e-03,-1.393138319253921509e-01,-3.215491771697998047e-02,-3.396606445312500000e-02,-4.454097896814346313e-02,-5.567754060029983521e-02,-1.552437096834182739e-01,-2.989721111953258514e-02,-2.810663729906082153e-02,-7.572767883539199829e-02,1.310312002897262573e-02,-1.563899368047714233e-01
3.499910533428192139e-01,1.050265803933143616e-01,1.743576377630233765e-01,9.766194224357604980e-02,2.946312911808490753e-02,-3.507753368467092514e-03,1.682460457086563110e-01,4.587914049625396729e-02,-1.919197663664817810e-02,8.437526412308216095e-03,9.999998211860656738e-01,1.804221570491790771e-01,6.153913736343383789e-01,2.735924720764160156e-01,2.090185582637786865e-01,2.547218278050422668e-02,4.626655876636505127e-01,1.680305749177932739e-01,2.743014097213745117e-01,1.577433347702026367e-01,-1.166355013847351074e-01,-1.310518234968185425e-01,1.135134324431419373e-01,1.355837434530258179e-01,-1.135981641709804535e-02,3.763908147811889648e-02,-1.214399561285972595e-01,-5.671969428658485413e-02,4.493026733398437500e-01,2.087639123201370239e-01,2.777417600154876709e-01,2.590629160404205322e-01,1.495494097471237183e-01,1.178649812936782837e-01,-5.321569740772247314e-02,-4.857072606682777405e-02,9.949011355638504028e-02,5.957006290555000305e-02,-1.944009587168693542e-02,7.119229435920715332e-02,1.897662878036499023e-02,-1.546638552099466324e-02,-4.590703640133142471e-03,6.651905179023742676e-02,2.688836539164185524e-03,2.283067815005779266e-02,-1.636958867311477661e-02,1.139764189720153809e-01,8.720891177654266357e-02,1.692343801259994507e-01,6.372043490409851074e-02,2.305431365966796875e-01,-8.861101418733596802e-02,-1.070243567228317261e-01,-4.871387407183647156e-02,5.926599726080894470e-02,1.291552335023880005e-01,8.246194571256637573e-02,1.003869324922561646e-01,4.771075770258903503e-02,1.133513450622558594e-01,8.534567803144454956e-02,1.303017884492874146e-01,1.810118257999420166e-01,-1.081661283969879150e-01,1.619373410940170288e-01,1.142121106386184692e-01,3.256356716156005859e-02,1.056066453456878662e-01,1.784077435731887817e-01,2.154693305492401123e-01,3.746898099780082703e-02,2.696110606193542480e-01,1.534699201583862305e-01,2.570312619209289551e-01,1.099342703819274902e-01,1.942074000835418701e-01,1.976452767848968506e-01,4.177081882953643799e-01,1.207354962825775146e-01,1.856375187635421753e-01,8.436581492424011230e-02,-1.132447943091392517e-01,-7.665813714265823364e-02,9.659682214260101318e-02,1.701169908046722412e-01,-3.623961471021175385e-03,1.337166130542755127e-01,-1.289302408695220947e-01,1.279271673411130905e-02,-1.325068920850753784e-01,-1.080170869827270508e-01,-1.895989477634429932e-01,-7.703551650047302246e-02,1.864580363035202026e-01,9.334801137447357178e-02,1.340755969285964966e-01,1.509334444999694824e-01,-2.924324478954076767e-03,1.390139572322368622e-02,-1.697459071874618530e-01,-1.631190478801727295e-01,-5.472397804260253906e-02,-2.907996438443660736e-02,-4.695595800876617432e-02,2.667833678424358368e-02,5.833635106682777405e-02,-1.274019181728363037e-01,2.259016484022140503e-01,2.989573180675506592e-01,2.153835296630859375e-01,1.183968260884284973e-01,-8.903630077838897705e-02,-1.540116965770721436e-01,-1.446815580129623413e-01,-9.501742199063301086e-03
1.624296158552169800e-01,1.177249550819396973e-01,-2.090247869491577148e-01,3.147701621055603027e-01,-4.376636445522308350e-02,1.596206873655319214e-01,-1.324769258499145508e-01,5.012062191963195801e-01,6.462089717388153076e-02,1.490608155727386475e-01,1.804221570491790771e-01,1.000000119209289551e+00,2.374358624219894409e-01,5.142184495925903320e-01,-3.453290835022926331e-02,3.651475012302398682e-01,2.812128961086273193e-01,2.459309697151184082e-01,2.278514504432678223e-01,3.199006915092468262e-01,-4.992232844233512878e-02,-6.566197425127029419e-02,-1.001794412732124329e-01,1.455577928572893143e-02,-3.857258260250091553e-01,-2.976940870285034180e-01,-1.865849345922470093e-01,-6.264187395572662354e-02,1.155409142374992371e-01,1.897601634263992310e-01,-3.804926946759223938e-02,1.323029249906539917e-01,1.688272356986999512e-01,2.910255193710327148e-01,-2.607729658484458923e-02,8.657274395227432251e-02,5.857557430863380432e-02,-2.567894011735916138e-02,-3.586979582905769348e-02,1.482667122036218643e-02,6.822633743286132812e-02,3.986769914627075195e-02,-8.441273868083953857e-02,-6.217247247695922852e-02,-7.061706855893135071e-03,-4.792758822441101074e-02,-6.975352764129638672e-02,1.483102887868881226e-02,-8.002051711082458496e-02,-5.574358627200126648e-02,-1.198986172676086426e-01,-1.481375396251678467e-01,-1.737563163042068481e-01,-1.336802393198013306e-01,-1.346872560679912567e-02,-3.808891400694847107e-02,4.906693100929260254e-02,-8.701632171869277954e-02,8.225818723440170288e-02,6.456126924604177475e-03,1.943177878856658936e-01,1.149040758609771729e-01,3.256255090236663818e-01,-3.126552328467369080e-02,2.443574517965316772e-01,1.250421348959207535e-02,-9.507467597723007202e-02,3.055540099740028381e-02,7.626345846801996231e-03,7.071317732334136963e-02,-8.677296340465545654e-02,5.003872513771057129e-02,1.090507805347442627e-01,3.484224975109100342e-01,5.876780301332473755e-02,2.740863263607025146e-01,1.029223948717117310e-01,1.219660341739654541e-01,2.563984692096710205e-01,1.207706481218338013e-01,1.287221312522888184e-01,-6.743148714303970337e-02,-4.281638562679290771e-02,-6.012995168566703796e-02,-1.645090430974960327e-01,-8.381662517786026001e-02,-1.370442807674407959e-01,3.223007172346115112e-02,-5.564719811081886292e-02,-2.612534724175930023e-02,9.235608391463756561e-03,-3.800315409898757935e-02,-1.221478730440139771e-02,-9.437637776136398315e-02,3.677645698189735413e-02,1.240921579301357269e-02,-2.524240687489509583e-02,9.951147437095642090e-02,2.211691252887248993e-02,1.163747385144233704e-01,8.938917517662048340e-02,-6.012995913624763489e-02,1.487738341093063354e-01,8.014079928398132324e-02,-3.755179792642593384e-02,-1.048015654087066650e-01,-9.737876057624816895e-02,-5.879423581063747406e-03,7.028221338987350464e-02,1.413314789533615112e-01,4.732328280806541443e-02,5.523071438074111938e-02,-4.733787104487419128e-02,-1.364749670028686523e-01,1.315426453948020935e-02,3.937419503927230835e-02
4.387825131416320801e-01,1.367814391851425171e-01,8.042357116937637329e-02,1.228615641593933105e-01,-6.243002414703369141e-02,-8.926043659448623657e-02,3.248954117298126221e-01,1.743139624595642090e-01,-1.511032809503376484e-03,-5.018192343413829803e-03,6.153913736343383789e-01,2.374358624219894409e-01,1.000000000000000000e+00,3.138976991176605225e-01,2.231922596693038940e-01,-1.384567189961671829e-02,4.291968345642089844e-01,1.681913286447525024e-01,2.134413570165634155e-01,1.935515999794006348e-01,-9.230273962020874023e-02,-9.851983189582824707e-02,-4.956186562776565552e-02,-2.091515436768531799e-02,-1.661275178194046021e-01,-1.429349333047866821e-01,-1.107664182782173157e-01,-7.542617619037628174e-02,3.955889642238616943e-01,1.876056194305419922e-01,2.178555279970169067e-01,1.764102727174758911e-01,2.285383045673370361e-01,2.146422564983367920e-01,-7.830542325973510742e-02,-6.008832529187202454e-02,1.719505786895751953e-01,1.641938835382461548e-01,5.109700560569763184e-02,9.591849893331527710e-02,-6.937182042747735977e-03,8.014152199029922485e-02,3.868834674358367920e-02,8.363777399063110352e-02,3.567597642540931702e-02,2.542861737310886383e-02,6.430183071643114090e-03,1.463009864091873169e-01,1.203417181968688965e-01,1.790837645530700684e-01,2.359306067228317261e-02,1.805170029401779175e-01,-5.211701616644859314e-02,-9.999768435955047607e-02,-9.209114126861095428e-03,4.275551065802574158e-02,1.689960956573486328e-01,9.651738405227661133e-02,2.004759758710861206e-01,9.298929572105407715e-02,2.464221864938735962e-01,1.974906921386718750e-01,2.741800248622894287e-01,2.674806118011474609e-01,-5.851788073778152466e-02,1.873817145824432373e-01,1.367871910333633423e-01,2.227335795760154724e-02,1.969102770090103149e-01,2.165624201297760010e-01,2.642650008201599121e-01,9.448392689228057861e-02,2.759554088115692139e-01,1.490104198455810547e-01,2.079919874668121338e-01,9.304501116275787354e-02,2.881930172443389893e-01,2.837797999382019043e-01,2.768740653991699219e-01,1.175023168325424194e-01,2.419011145830154419e-01,1.004833430051803589e-01,-5.332639068365097046e-02,4.956421256065368652e-02,5.925606004893779755e-03,6.388376653194427490e-02,-9.975583106279373169e-02,5.889957770705223083e-02,-1.074551045894622803e-01,-9.023062884807586670e-02,-1.412004828453063965e-01,-1.502272188663482666e-01,-2.280525863170623779e-01,-1.558877378702163696e-01,9.693578630685806274e-02,3.412506356835365295e-02,1.245572194457054138e-01,1.242465376853942871e-01,2.758871018886566162e-02,3.738337755203247070e-02,-1.258592605590820312e-01,-7.857694476842880249e-02,-6.208693608641624451e-03,5.946519970893859863e-02,7.788215298205614090e-03,1.053798794746398926e-01,3.924416378140449524e-02,-6.146213039755821228e-02,1.316847056150436401e-01,2.388748228549957275e-01,2.331605255603790283e-01,1.645354330539703369e-01,-9.992185514420270920e-04,-5.045332014560699463e-02,-4.805627465248107910e-02,5.971631035208702087e-02
