9.999998211860656738e-01,4.379363954067230225e-01,3.398033082485198975e-01,3.032047450542449951e-01,9.884647279977798462e-02,1.517332345247268677e-01,3.194403052330017090e-01,2.024313807487487793e-01,8.421563357114791870e-02,1.255735009908676147e-01,4.084985554218292236e-01,2.406272888183593750e-01,2.666895389556884766e-01,2.494526952505111694e-01,9.678658843040466309e-02,2.692801952362060547e-01,1.778806000947952271e-01,2.225231230258941650e-01,4.070963263511657715e-01,3.738676607608795166e-01,-5.195782706141471863e-02,-5.614087358117103577e-02,9.955205023288726807e-02,1.712462753057479858e-01,7.125779241323471069e-02,1.010187417268753052e-01,2.900915592908859253e-02,1.157220602035522461e-01,1.805275678634643555e-01,1.681434363126754761e-01,1.967393420636653900e-02,1.565215885639190674e-01,1.670581102371215820e-01,1.941868960857391357e-01,1.075934618711471558e-01,6.488773226737976074e-02,4.587997868657112122e-02,-2.384067513048648834e-02,1.389310210943222046e-01,1.186604350805282593e-01,6.168668717145919800e-02,5.753539502620697021e-02,7.221028208732604980e-02,1.328820735216140747e-01,-1.474773511290550232e-02,5.844242870807647705e-02,6.334485858678817749e-02,3.142088279128074646e-02,-2.294338122010231018e-02,1.984691619873046875e-02,1.141801327466964722e-01,3.553625568747520447e-02,-1.183525566011667252e-02,-9.793859720230102539e-02,8.925437927246093750e-02,1.560772210359573364e-01,5.187600255012512207e-01,3.860928118228912354e-01,1.882974654436111450e-01,1.624603867530822754e-01,3.065761923789978027e-01,2.039073705673217773e-01,3.358400762081146240e-01,2.924602925777435303e-01,1.778807342052459717e-01,1.845949888229370117e-01,9.663295745849609375e-02,-3.201646730303764343e-02,1.462599933147430420e-01,7.098940759897232056e-02,8.174297213554382324e-02,1.089485809206962585e-01,2.420988678932189941e-01,2.444692701101303101e-01,1.813190281391143799e-01,2.019519954919815063e-01,2.044499218463897705e-01,6.482159346342086792e-02,1.783298254013061523e-01,1.287342905998229980e-01,2.355701178312301636e-01,2.223528772592544556e-01,1.149322390556335449e-01,-7.071275264024734497e-02,1.787731349468231201e-01,2.582013607025146484e-01,4.509941115975379944e-02,7.692594826221466064e-02,1.743059456348419189e-01,9.702739119529724121e-02,-1.393445730209350586e-01,-1.684053055942058563e-02,1.927652955055236816e-02,5.837105959653854370e-02,8.233992010354995728e-02,5.432329606264829636e-03,8.391779661178588867e-02,1.171634718775749207e-01,1.518553197383880615e-01,1.650100648403167725e-01,8.307796716690063477e-02,1.232313960790634155e-01,1.643904000520706177e-01,1.215706914663314819e-01,2.324707210063934326e-01,1.373905986547470093e-01,3.166520595550537109e-02,-1.070277672260999680e-02,9.343535453081130981e-02,-5.110589787364006042e-02,-8.548606187105178833e-02,1.107315048575401306e-01,1.199004128575325012e-01,1.769421696662902832e-01,1.682861894369125366e-01,6.403099000453948975e-02
4.379363954067230225e-01,9.999999403953552246e-01,-7.441046833992004395e-02,5.567521974444389343e-02,-3.936970233917236328e-02,-5.145347095094621181e-04,1.776355551555752754e-03,1.281168311834335327e-01,-1.394250541925430298e-01,2.238305844366550446e-02,6.152802705764770508e-02,2.087969183921813965e-01,9.175033122301101685e-02,2.540130019187927246e-01,-1.159717515110969543e-01,8.588586747646331787e-02,1.907507032155990601e-01,4.177092611789703369e-01,3.393239900469779968e-02,2.570280730724334717e-01,-1.195655763149261475e-01,-4.693209752440452576e-02,-2.678896486759185791e-01,-1.100810766220092773e-01,-1.984258741140365601e-01,-1.523172706365585327e-01,-1.935950070619583130e-01,-9.994298219680786133e-02,1.428678929805755615e-01,1.857280433177947998e-01,-1.072773486375808716e-01,-1.313481926918029785e-01,2.254389673471450806e-01,2.122848033905029297e-01,-1.394516974687576294e-01,-1.166291832923889160e-01,1.355328708887100220e-01,3.450547158718109131e-02,5.260752514004707336e-02,1.525692827999591827e-02,2.847743779420852661e-02,1.661133915185928345e-01,4.781568422913551331e-02,9.487088024616241455e-02,1.642835140228271484e-01,2.557610571384429932e-01,7.720395177602767944e-02,8.498165011405944824e-02,1.606281548738479614e-01,1.614254862070083618e-01,-2.192828804254531860e-02,-9.224185347557067871e-02,7.074643671512603760e-02,-1.429817080497741699e-01,1.229916587471961975e-01,7.494780421257019043e-02,6.555341482162475586e-01,5.917775034904479980e-01,3.658074438571929932e-01,2.216081619262695312e-01,4.243027865886688232e-01,2.335655838251113892e-01,4.996461272239685059e-01,4.214293658733367920e-01,-1.020176485180854797e-01,-9.997727721929550171e-02,1.225143224000930786e-01,8.652938157320022583e-02,4.102638661861419678e-01,1.854624599218368530e-01,1.128037720918655396e-01,1.377877295017242432e-01,1.290238052606582642e-01,1.192607805132865906e-01,2.278799004852771759e-02,2.769565023481845856e-02,-5.423394218087196350e-02,-8.832217007875442505e-02,1.580664068460464478e-01,2.609595060348510742e-01,3.790460526943206787e-01,3.518277406692504883e-01,-4.865106940269470215e-02,6.171703711152076721e-02,3.074821531772613525e-01,2.172968387603759766e-01,5.873044207692146301e-02,1.443409472703933716e-01,7.964099757373332977e-03,-6.423101760447025299e-03,-8.551656454801559448e-02,-1.880140304565429688e-01,-1.234793737530708313e-01,-1.598330587148666382e-01,1.388858109712600708e-01,3.619412705302238464e-02,1.424581557512283325e-01,1.864700615406036377e-01,1.341615915298461914e-01,6.484144181013107300e-02,3.493259847164154053e-02,-5.392931401729583740e-02,1.081771329045295715e-01,2.120373398065567017e-02,2.710998803377151489e-02,-5.034458637237548828e-02,-7.569950073957443237e-02,-2.257625199854373932e-02,-4.957874864339828491e-02,-2.972382120788097382e-02,-1.177644357085227966e-01,6.491418182849884033e-02,-1.056419014930725098e-01,2.563800849020481110e-02,-5.706792324781417847e-02,-1.258489675819873810e-02
3.398033082485198975e-01,-7.441046833992004395e-02,1.000000238418579102e+00,4.404897093772888184e-01,6.023614108562469482e-02,2.327999100089073181e-03,5.569016933441162109e-01,1.186086311936378479e-01,1.905213445425033569e-01,-1.200396474450826645e-02,2.071620970964431763e-01,-3.152342513203620911e-02,4.673633724451065063e-02,-5.570692569017410278e-02,1.823395937681198120e-01,1.471388787031173706e-01,1.577759347856044769e-02,2.899380959570407867e-02,4.356597363948822021e-01,2.064659148454666138e-01,1.262013465166091919e-01,-5.659302324056625366e-02,6.283447146415710449e-01,4.144266545772552490e-01,2.222783267498016357e-01,2.371910065412521362e-01,1.540615558624267578e-01,6.136529520153999329e-02,5.941745638847351074e-02,2.705324068665504456e-02,3.534094095230102539e-01,3.761070966720581055e-01,9.240861237049102783e-02,1.104208156466484070e-01,1.894404292106628418e-01,1.177551001310348511e-01,-2.658368274569511414e-02,-1.323178131133317947e-02,8.401711285114288330e-02,1.062826067209243774e-01,9.039913862943649292e-02,-1.588004827499389648e-02,1.615470796823501587e-01,1.474465280771255493e-01,3.978754207491874695e-02,-2.819831715896725655e-03,1.002509295940399170e-01,3.478473424911499023e-02,-1.073774620890617371e-01,-8.261436223983764648e-02,1.862039417028427124e-01,1.015602797269821167e-01,-1.306040734052658081e-01,5.655923858284950256e-02,-5.743477866053581238e-02,-1.241630781441926956e-02,3.439878299832344055e-02,-8.157989382743835449e-02,-1.680694073438644409e-01,-1.162118241190910339e-01,-1.480798125267028809e-01,-1.106057092547416687e-01,-1.142595335841178894e-01,-7.457301020622253418e-02,2.809455096721649170e-01,1.594685912132263184e-01,-8.711766451597213745e-02,-1.506933867931365967e-01,-2.853415012359619141e-01,-2.331151813268661499e-01,6.099185720086097717e-02,7.016047835350036621e-02,1.548037678003311157e-01,7.309588044881820679e-02,2.667918801307678223e-01,7.418014109134674072e-02,1.789134889841079712e-01,8.030831068754196167e-02,6.516744941473007202e-02,1.517856679856777191e-02,1.403437834233045578e-02,-4.485938698053359985e-02,2.679686248302459717e-01,2.963609434664249420e-02,6.898474693298339844e-02,3.934539109468460083e-02,2.748541906476020813e-02,-5.446759238839149475e-02,1.520504355430603027e-01,1.585324481129646301e-02,-7.890314608812332153e-02,-3.985213860869407654e-02,1.394521743059158325e-01,2.902350127696990967e-01,-1.620745286345481873e-02,-4.900331608951091766e-03,-2.335701324045658112e-02,-7.446341961622238159e-02,4.648591205477714539e-02,6.410544365644454956e-02,1.367678940296173096e-01,3.544588685035705566e-01,1.333115845918655396e-01,2.288403213024139404e-01,2.066035568714141846e-01,2.377090007066726685e-01,6.425360590219497681e-02,1.294107139110565186e-01,1.637632995843887329e-01,-1.112992912530899048e-01,-3.920990973711013794e-02,6.834832578897476196e-02,2.096372097730636597e-01,2.444651722908020020e-01,1.428355127573013306e-01,4.890056326985359192e-02
3.032047450542449951e-01,5.567521974444389343e-02,4.404897093772888184e-01,1.000000238418579102e+00,8.288752287626266479e-02,2.213300317525863647e-01,3.883948028087615967e-01,4.866427779197692871e-01,1.200650930404663086e-01,1.985658556222915649e-01,9.827414155006408691e-02,1.031745895743370056e-01,-2.582164481282234192e-02,3.489974141120910645e-02,-1.546781659126281738e-01,2.317194640636444092e-01,-2.882078289985656738e-02,2.778680250048637390e-02,3.061122000217437744e-01,4.109716415405273438e-01,-4.357702285051345825e-02,-4.805814102292060852e-02,3.170970678329467773e-01,6.156939268112182617e-01,-4.932707548141479492e-02,1.602843850851058960e-01,6.107481941580772400e-02,1.264374554157257080e-01,-2.012543007731437683e-02,1.327966600656509399e-01,2.288132607936859131e-01,4.150999486446380615e-01,1.541984975337982178e-01,2.945829033851623535e-01,1.001258715987205505e-01,1.092866510152816772e-01,-1.468352377414703369e-01,1.318604871630668640e-02,-1.831393316388130188e-02,1.836656965315341949e-02,-9.444654732942581177e-02,-8.112730085849761963e-02,-1.565702632069587708e-02,3.984479699283838272e-03,-1.013861596584320068e-01,-5.681922659277915955e-02,9.598294273018836975e-03,-4.151946678757667542e-02,-8.119114488363265991e-02,-5.808113142848014832e-02,3.237863257527351379e-02,5.037281662225723267e-02,-7.327438145875930786e-02,3.959162533283233643e-02,-8.803505450487136841e-02,3.238058835268020630e-02,7.774513959884643555e-02,-2.471667714416980743e-02,2.970641292631626129e-02,4.776773508638143539e-03,-4.504749178886413574e-02,1.049548983573913574e-01,-4.019924998283386230e-02,5.435186251997947693e-02,1.660510450601577759e-01,3.875530064105987549e-01,-1.591549371369183064e-03,-5.913247168064117432e-02,-1.318928003311157227e-01,-1.754453331232070923e-01,2.069754712283611298e-02,6.416553258895874023e-02,3.376121632754802704e-03,1.838717423379421234e-02,1.053373813629150391e-01,4.808576032519340515e-02,4.518347978591918945e-02,9.088554978370666504e-02,1.101693734526634216e-01,7.928447425365447998e-02,-1.685301959514617920e-02,-3.210272267460823059e-02,8.724699169397354126e-02,9.910080581903457642e-03,-1.086365431547164917e-01,1.655068546533584595e-01,-1.310522258281707764e-01,-2.936348319053649902e-02,-5.131582543253898621e-02,9.963770955801010132e-02,-1.967972815036773682e-01,-1.726946085691452026e-01,2.044155299663543701e-01,3.830052167177200317e-02,1.080218404531478882e-01,6.764562427997589111e-02,-2.244860492646694183e-02,2.359731588512659073e-03,5.889462307095527649e-03,2.682928182184696198e-02,1.975444853305816650e-01,2.151295542716979980e-01,7.247746735811233521e-02,1.868976801633834839e-01,1.115399152040481567e-01,8.356612920761108398e-02,-4.923246800899505615e-02,8.190231025218963623e-02,-2.186344750225543976e-02,-4.497452452778816223e-02,-1.938385814428329468e-01,-7.030272483825683594e-02,2.314714528620243073e-02,9.606271982192993164e-02,1.352368295192718506e-01,1.210156828165054321e-01
9.884647279977798462e-02,-3.936970233917236328e-02,6.023614108562469482e-02,8.288752287626266479e-02,9.999999403953552246e-01,6.182997226715087891e-01,1.294082552194595337e-01,1.733938902616500854e-01,4.453147649765014648e-01,4.463338255882263184e-01,5.854874104261398315e-02,8.783847838640213013e-02,2.097567617893218994e-01,2.030950337648391724e-01,1.710578650236129761e-01,3.072975575923919678e-01,8.216234296560287476e-02,-2.463225461542606354e-02,2.585174143314361572e-02,-3.737499192357063293e-02,1.271330714225769043e-01,3.321791589260101318e-01,-6.055038888007402420e-03,-6.579606235027313232e-02,-1.994000934064388275e-02,-4.376711323857307434e-02,3.427410721778869629e-01,4.381209313869476318e-01,-9.969560801982879639e-02,-3.236755356192588806e-02,5.431739240884780884e-02,1.246989369392395020e-01,1.216231286525726318e-01,1.549663692712783813e-01,-2.508248761296272278e-02,6.033124402165412903e-03,1.245913654565811157e-01,-2.998492494225502014e-02,2.037042677402496338e-01,4.732567444443702698e-02,2.054471224546432495e-01,1.116515621542930603e-01,2.908395417034626007e-02,-2.887236140668392181e-02,5.120975896716117859e-03,8.090888150036334991e-03,7.567123323678970337e-02,-6.463902443647384644e-02,2.468878403306007385e-02,-2.088062465190887451e-02,-4.456492513418197632e-02,-2.220536470413208008e-01,-7.787574082612991333e-02,-8.402130007743835449e-02,7.865647971630096436e-02,-1.211840286850929260e-02,-2.690871246159076691e-02,-5.729683488607406616e-02,1.794194430112838745e-02,-1.225270256400108337e-01,1.052554845809936523e-01,1.142174005508422852e-01,4.999311640858650208e-02,-4.476134199649095535e-04,2.142476141452789307e-01,7.670259475708007812e-02,-9.202846325933933258e-03,-8.089760690927505493e-02,-4.950381815433502197e-02,-8.881492167711257935e-02,1.385755464434623718e-02,9.708707779645919800e-02,5.028355494141578674e-02,1.299221720546483994e-02,5.099682137370109558e-02,1.036738678812980652e-01,3.746031597256660461e-02,-6.321665830910205841e-03,4.022412002086639404e-02,-3.335230052471160889e-02,4.877003841102123260e-03,-4.618041217327117920e-02,1.514548659324645996e-01,3.123109601438045502e-02,-1.122768875211477280e-02,-1.111993938684463501e-01,7.356347143650054932e-02,2.958192490041255951e-02,6.064073368906974792e-02,2.965242136269807816e-03,-1.545447409152984619e-01,-8.174784481525421143e-02,6.594481319189071655e-02,-1.031871140003204346e-02,-1.091698650270700455e-02,-3.432044386863708496e-02,-6.732849776744842529e-02,-3.948097676038742065e-02,-6.047666817903518677e-02,-2.316331118345260620e-02,1.088354960083961487e-01,1.598568633198738098e-02,2.073537707328796387e-01,9.379728883504867554e-02,1.393543481826782227e-01,1.758297532796859741e-02,7.553307712078094482e-02,-1.058023190125823021e-03,-8.068468421697616577e-03,-1.405044198036193848e-01,-7.547836750745773315e-02,-3.533780947327613831e-02,1.141219139099121094e-01,7.348121702671051025e-02,1.126461476087570190e-01,-4.599119722843170166e-02
1.517332345247268677e-01,-5.145347095094621181e-04,2.327999100089073181e-03,2.213300317525863647e-01,6.182997226715087891e-01,1.000000119209289551e+00,1.511999070644378662e-01,3.813429176807403564e-01,3.039554655551910400e-01,4.799202382564544678e-01,1.261584460735321045e-01,2.411608397960662842e-01,3.281165957450866699e-01,3.673159480094909668e-01,1.158006340265274048e-01,4.616672992706298828e-01,9.373974800109863281e-02,-2.838535606861114502e-02,4.901960026472806931e-03,5.190387740731239319e-02,2.180379629135131836e-02,2.538650333881378174e-01,-1.440379768610000610e-02,7.421465218067169189e-02,-8.426447957754135132e-02,-2.881267480552196503e-02,2.384190708398818970e-01,5.727761983871459961e-01,-3.916354104876518250e-02,4.335905238986015320e-02,3.702412941493093967e-04,1.064006462693214417e-01,1.415305286645889282e-01,2.320846170186996460e-01,-2.738029928877949715e-03,5.534114688634872437e-02,6.959566473960876465e-02,7.040107995271682739e-02,1.808663457632064819e-01,6.662698835134506226e-02,1.421292126178741455e-01,1.995968669652938843e-01,-1.148167029023170471e-01,-1.217755973339080811e-01,-8.752414584159851074e-02,-7.143869996070861816e-02,-1.363328285515308380e-02,-1.741591989994049072e-01,-3.106731362640857697e-02,-5.731110274791717529e-02,-8.126590400934219360e-02,-1.915773600339889526e-01,-1.023365780711174011e-01,-1.207121834158897400e-01,6.052388623356819153e-02,1.144794654101133347e-02,4.493473470211029053e-02,-5.234234780073165894e-02,1.140529513359069824e-01,-3.643028065562248230e-02,1.700201779603958130e-01,2.478338181972503662e-01,1.013196855783462524e-01,1.111626774072647095e-01,2.349351048469543457e-01,2.471976727247238159e-01,2.387549728155136108e-02,-9.321431815624237061e-02,1.368093769997358322e-03,-5.680527910590171814e-02,-3.649276867508888245e-02,6.092508323490619659e-03,7.435820996761322021e-02,-1.085409615188837051e-02,7.831256836652755737e-02,9.447932243347167969e-02,2.525679394602775574e-02,1.212501525878906250e-02,4.873531684279441833e-02,-4.068845883011817932e-02,4.476046562194824219e-02,-2.271313965320587158e-02,1.108074560761451721e-01,8.100526779890060425e-02,-1.168857421725988388e-02,3.485489264130592346e-02,3.936329856514930725e-02,1.057797297835350037e-01,1.283795088529586792e-01,6.646023690700531006e-02,-1.865130513906478882e-01,-1.476546078920364380e-01,3.501105308532714844e-02,-1.175953298807144165e-01,4.679183289408683777e-02,3.915774170309305191e-03,-4.543492943048477173e-02,-3.983262926340103149e-02,-9.276153892278671265e-02,-2.265352942049503326e-02,1.012970730662345886e-01,-1.029537618160247803e-01,1.891616731882095337e-01,3.016742412000894547e-04,1.927162706851959229e-01,1.027061417698860168e-02,9.813844412565231323e-02,-9.532533586025238037e-03,2.049444243311882019e-02,-1.404710561037063599e-01,-2.001918703317642212e-01,-8.307202905416488647e-02,7.498905807733535767e-02,7.142480462789535522e-02,9.383410215377807617e-02,5.971315875649452209e-02
3.194403052330017090e-01,1.776355551555752754e-03,5.569016933441162109e-01,3.883948028087615967e-01,1.294082552194595337e-01,1.511999070644378662e-01,1.000000119209289551e+00,4.842570126056671143e-01,2.638368904590606689e-01,1.258715540170669556e-01,2.276765853166580200e-01,9.000103920698165894e-02,3.837528824806213379e-01,1.980651170015335083e-01,1.533341407775878906e-01,1.906512975692749023e-01,1.487113349139690399e-02,-1.031602267175912857e-03,3.852709233760833740e-01,1.613138616085052490e-01,1.239591836929321289e-01,-3.177469596266746521e-02,4.070533215999603271e-01,1.644252240657806396e-01,9.587960690259933472e-02,1.749879121780395508e-01,4.649602621793746948e-02,1.911862939596176147e-02,9.008277207612991333e-02,1.108733564615249634e-01,4.345247149467468262e-01,4.445711672306060791e-01,2.672433853149414062e-01,2.796526551246643066e-01,2.196111977100372314e-01,1.958325356245040894e-01,1.502415863797068596e-03,-5.562114715576171875e-02,4.591036960482597351e-02,3.208791464567184448e-02,9.695777297019958496e-02,-2.792594255879521370e-03,1.684583872556686401e-01,1.653073430061340332e-01,2.488975785672664642e-02,-7.576946914196014404e-02,9.679015725851058960e-02,2.162240678444504738e-03,-1.100510954856872559e-01,-1.278377026319503784e-01,1.183103844523429871e-01,4.037302359938621521e-02,-1.504042446613311768e-01,4.249202832579612732e-02,-5.633788928389549255e-02,-1.771220862865447998e-01,-1.598016172647476196e-02,-1.547960937023162842e-01,-1.374091207981109619e-01,-1.334444433450698853e-01,3.179141320288181305e-03,1.480333209037780762e-01,-5.450060591101646423e-02,2.352054230868816376e-02,2.766507267951965332e-01,1.768887788057327271e-01,-1.442720275372266769e-02,-1.834992468357086182e-01,-2.967083454132080078e-01,-3.282225430011749268e-01,1.530655771493911743e-01,1.735735237598419189e-01,1.754992157220840454e-01,1.791183203458786011e-01,2.448857724666595459e-01,1.256565302610397339e-01,2.912774980068206787e-01,2.323703169822692871e-01,6.040599942207336426e-02,-3.431347012519836426e-02,9.133055806159973145e-02,-5.634017288684844971e-02,2.207102924585342407e-01,1.333041023463010788e-02,4.739004746079444885e-02,-5.503438413143157959e-02,4.016955196857452393e-02,-1.383247077465057373e-01,9.232284873723983765e-02,-2.061781734228134155e-01,-2.548924461007118225e-02,-1.480068732053041458e-02,2.320055812597274780e-01,2.603049874305725098e-01,-9.744944982230663300e-03,-3.461332246661186218e-02,-9.061954170465469360e-02,-1.428062319755554199e-01,6.272365152835845947e-02,5.364112555980682373e-02,2.445669323205947876e-01,3.053452074527740479e-01,2.246489673852920532e-01,2.185089439153671265e-01,1.961331814527511597e-01,2.099062055349349976e-01,1.096554622054100037e-01,1.507840454578399658e-01,8.907146751880645752e-02,-1.470951884984970093e-01,4.272012505680322647e-03,7.601878046989440918e-02,2.758523821830749512e-01,2.384251356124877930e-01,1.469183862209320068e-01,-3.367821127176284790e-02
2.024313807487487793e-01,1.281168311834335327e-01,1.186086311936378479e-01,4.866427779197692871e-01,1.733938902616500854e-01,3.813429176807403564e-01,4.842570126056671143e-01,1.000000119209289551e+00,1.709007471799850464e-01,3.193220496177673340e-01,2.015458792448043823e-01,3.955026566982269287e-01,3.808471262454986572e-01,4.798765778541564941e-01,-5.053156241774559021e-02,3.518892824649810791e-01,1.115157604217529297e-01,1.158560886979103088e-01,2.149059325456619263e-01,3.132248222827911377e-01,-8.674100786447525024e-02,-2.242315188050270081e-02,3.891939297318458557e-02,2.463619261980056763e-01,-1.991977840662002563e-01,9.970156475901603699e-03,-7.603340595960617065e-02,1.601042598485946655e-01,8.350295573472976685e-02,2.099452018737792969e-01,2.215517312288284302e-01,3.361002802848815918e-01,3.071583509445190430e-01,4.402813613414764404e-01,1.141967624425888062e-01,1.609757840633392334e-01,-5.687826871871948242e-02,-5.031863600015640259e-02,-1.840285770595073700e-02,-2.214410714805126190e-02,1.167330890893936157e-03,5.107670649886131287e-02,-6.431286036968231201e-02,-4.044651612639427185e-02,-8.450703322887420654e-02,-1.303542554378509521e-01,-4.619521275162696838e-02,-1.334934830665588379e-01,-6.893752515316009521e-02,-1.118806749582290649e-01,-3.482083603739738464e-02,-8.896694518625736237e-03,-5.499432235956192017e-02,6.073240190744400024e-02,-1.298594176769256592e-01,-8.180302381515502930e-02,1.440367288887500763e-02,-1.222269907593727112e-01,7.387645542621612549e-02,-5.240258574485778809e-02,1.816954612731933594e-01,3.319467902183532715e-01,1.140254810452461243e-01,1.785635054111480713e-01,2.980741262435913086e-01,3.828386664390563965e-01,3.708134219050407410e-02,-7.680664211511611938e-02,-1.271535903215408325e-01,-1.504950672388076782e-01,2.534966042730957270e-04,8.944649249315261841e-03,8.990857005119323730e-02,1.462220251560211182e-01,1.525210589170455933e-01,8.153744786977767944e-02,2.320214658975601196e-01,2.824370563030242920e-01,1.461358964443206787e-01,1.816279254853725433e-03,6.046872213482856750e-02,-4.901622980833053589e-02,6.249994039535522461e-02,-8.398663252592086792e-03,-9.247929602861404419e-02,1.587729714810848236e-02,-9.310606867074966431e-02,1.673260005190968513e-03,-1.049161404371261597e-01,-6.223979592323303223e-02,-1.540745645761489868e-01,-1.547424495220184326e-01,1.447989642620086670e-01,-1.220643147826194763e-01,5.756566300988197327e-02,-9.742592461407184601e-03,-9.780152142047882080e-02,-1.079824268817901611e-01,3.131522797048091888e-03,-3.176524117588996887e-02,1.247967705130577087e-01,1.795510016381740570e-02,1.580889374017715454e-01,1.074143424630165100e-01,1.302153021097183228e-01,6.367178261280059814e-02,7.261346094310283661e-03,5.685678124427795410e-02,-8.736001700162887573e-02,-7.350650429725646973e-02,-1.601095497608184814e-01,-1.372716128826141357e-01,8.932492136955261230e-02,1.033886522054672241e-01,8.780885487794876099e-02,4.366574436426162720e-02
8.421563357114791870e-02,-1.394250541925430298e-01,1.905213445425033569e-01,1.200650930404663086e-01,4.453147649765014648e-01,3.039554655551910400e-01,2.638368904590606689e-01,1.709007471799850464e-01,1.000000000000000000e+00,5.621843934059143066e-01,6.980888545513153076e-02,-5.358766647987067699e-04,1.354494839906692505e-01,8.243437111377716064e-02,3.159112334251403809e-01,2.519444823265075684e-01,-8.641089498996734619e-02,-8.537791669368743896e-02,1.856585443019866943e-01,-2.682226151227951050e-02,9.603481739759445190e-02,1.585476100444793701e-02,2.765208482742309570e-01,2.960312366485595703e-02,2.814376056194305420e-01,2.647423446178436279e-01,2.182585597038269043e-01,1.880361884832382202e-01,2.835641242563724518e-02,1.004060208797454834e-01,2.114328444004058838e-01,2.432711273431777954e-01,-1.061226800084114075e-02,2.532089315354824066e-02,5.618540570139884949e-02,2.692680992186069489e-02,-5.356034263968467712e-02,-1.176108941435813904e-01,-6.192336790263652802e-03,-3.661586716771125793e-02,2.805757336318492889e-02,-8.756045252084732056e-02,8.594198524951934814e-02,8.970807492733001709e-02,-1.090971902012825012e-01,-1.782852709293365479e-01,-4.381522908806800842e-02,-8.978047966957092285e-02,-2.124655544757843018e-01,-2.142397910356521606e-01,8.710047230124473572e-03,-1.091961488127708435e-01,-2.776921689510345459e-01,3.085715696215629578e-02,-2.965134941041469574e-02,-4.994714632630348206e-03,-1.327694207429885864e-01,-1.239854767918586731e-01,-2.125566601753234863e-01,-2.217272222042083740e-01,-3.463571146130561829e-02,6.050217198207974434e-04,-1.469915509223937988e-01,-1.226996034383773804e-01,2.262548655271530151e-01,9.565957635641098022e-02,-1.814300417900085449e-01,-2.861003875732421875e-01,-2.618585228919982910e-01,-2.752279937267303467e-01,-5.145590379834175110e-02,-1.416010595858097076e-02,8.102741092443466187e-02,1.857838183641433716e-01,1.038536205887794495e-01,6.654528528451919556e-02,3.492165729403495789e-02,1.087462808936834335e-02,-8.263102918863296509e-02,-4.582182317972183228e-02,-1.748976856470108032e-02,8.874014951288700104e-03,7.347862422466278076e-02,-1.079292073845863342e-01,-2.519097179174423218e-02,-1.368265599012374878e-01,6.749739404767751694e-03,8.281068876385688782e-03,1.154247373342514038e-01,-6.352363526821136475e-02,3.507885709404945374e-02,4.739948362112045288e-02,2.533386945724487305e-01,2.157584130764007568e-01,4.372024536132812500e-02,9.160515852272510529e-03,2.314829267561435699e-02,7.770831882953643799e-02,9.725558012723922729e-02,1.319003254175186157e-01,1.303064674139022827e-01,2.040127962827682495e-01,1.908115744590759277e-01,1.824662238359451294e-01,1.286283135414123535e-01,1.615901887416839600e-01,5.695287510752677917e-02,2.843259647488594055e-02,8.367063850164413452e-02,5.310054495930671692e-02,1.104512512683868408e-01,1.085435301065444946e-01,2.058859169483184814e-01,1.299693286418914795e-01,1.635556221008300781e-01,-2.850815653800964355e-02
1.255735009908676147e-01,2.238305844366550446e-02,-1.200396474450826645e-02,1.985658556222915649e-01,4.463338255882263184e-01,4.799202382564544678e-01,1.258715540170669556e-01,3.193220496177673340e-01,5.621843934059143066e-01,1.000000476837158203e+00,1.185973212122917175e-01,1.335889697074890137e-01,1.573302000761032104e-01,2.733207941055297852e-01,2.244179546833038330e-01,3.747986853122711182e-01,3.033790178596973419e-02,-4.523174092173576355e-02,1.181218996644020081e-01,5.920820869505405426e-03,1.416270807385444641e-02,5.792451277375221252e-02,1.311760991811752319e-01,6.637839972972869873e-02,1.595893353223800659e-01,1.494776010513305664e-01,2.071000039577484131e-01,3.141752779483795166e-01,8.984722942113876343e-02,1.562240123748779297e-01,8.296364545822143555e-02,1.964167952537536621e-01,-3.674835711717605591e-02,4.521295055747032166e-02,-3.480663150548934937e-02,3.657648339867591858e-02,1.940049976110458374e-02,-1.186527162790298462e-01,2.869073487818241119e-02,-1.020586863160133362e-01,8.501824736595153809e-02,-1.126527693122625351e-02,1.414230093359947205e-02,5.962852388620376587e-02,-8.919312804937362671e-02,-1.377500742673873901e-01,-2.874425984919071198e-02,-6.855327636003494263e-02,-1.519401222467422485e-01,-1.416183710098266602e-01,-1.048997491598129272e-01,-1.826363205909729004e-01,-3.390455543994903564e-01,-9.549063444137573242e-02,-1.632244698703289032e-02,1.980178430676460266e-02,5.357417836785316467e-02,2.703141793608665466e-02,-1.069923788309097290e-01,-1.217836737632751465e-01,3.107338026165962219e-02,1.401575505733489990e-01,4.409336834214627743e-04,4.752110689878463745e-02,1.877548098564147949e-01,2.347842007875442505e-01,-1.849280893802642822e-01,-2.772097289562225342e-01,-5.662607774138450623e-02,-1.736145168542861938e-01,-5.970636010169982910e-02,-4.328760504722595215e-02,9.749434143304824829e-02,1.630384325981140137e-01,8.043492585420608521e-02,8.288038522005081177e-02,3.037100844085216522e-02,3.481722623109817505e-02,-5.157474428415298462e-02,-3.666479140520095825e-02,3.150752186775207520e-02,4.283132031559944153e-02,-4.299302026629447937e-02,-1.103685125708580017e-01,-6.749605387449264526e-02,-1.014345884323120117e-01,-7.961641997098922729e-03,1.394382026046514511e-02,7.811806350946426392e-02,-3.127586841583251953e-02,-9.118444472551345825e-02,-1.483052968978881836e-01,1.335482895374298096e-01,-7.474710792303085327e-02,5.927145108580589294e-02,5.437302403151988983e-03,5.236350744962692261e-02,8.056173473596572876e-02,1.275862902402877808e-01,1.154703572392463684e-01,5.942578613758087158e-02,-1.151006668806076050e-02,1.644848138093948364e-01,7.728667557239532471e-02,1.398453414440155029e-01,8.570854365825653076e-02,4.559158161282539368e-02,-7.653432339429855347e-02,3.042932599782943726e-02,2.903139218688011169e-02,-1.625583879649639130e-02,-3.704020380973815918e-02,4.248096048831939697e-02,-1.669702492654323578e-02,1.334067881107330322e-01,3.101139701902866364e-02
4.084985554218292236e-01,6.152802705764770508e-02,2.071620970964431763e-01,9.827414155006408691e-02,5.854874104261398315e-02,1.261584460735321045e-01,2.276765853166580200e-01,2.015458792448043823e-01,6.980888545513153076e-02,1.185973212122917175e-01,1.000000000000000000e+00,1.945199072360992432e-01,4.476918578147888184e-01,1.990274041891098022e-01,2.692075669765472412e-01,1.135853976011276245e-01,3.995285630226135254e-01,1.513905674219131470e-01,2.266480922698974609e-01,3.928748145699501038e-02,-3.352057188749313354e-02,-2.589046210050582886e-02,1.484966874122619629e-01,8.278914541006088257e-02,8.862346410751342773e-02,-2.185038849711418152e-02,1.374513357877731323e-01,1.260126531124114990e-01,3.073910772800445557e-01,1.179567947983741760e-01,4.793940577656030655e-03,6.509968638420104980e-02,9.698666632175445557e-02,1.009503453969955444e-01,3.203018605709075928e-01,2.241048514842987061e-01,9.898932278156280518e-02,5.169643834233283997e-02,1.770353317260742188e-01,1.324212700128555298e-01,1.712596714496612549e-01,1.171562373638153076e-01,5.203047022223472595e-02,1.008957922458648682e-01,-7.737375330179929733e-03,2.867702022194862366e-02,1.308553069829940796e-01,1.572674065828323364e-01,1.028025615960359573e-02,1.147113442420959473e-01,1.845568269491195679e-01,1.954962909221649170e-01,-9.643579833209514618e-03,1.601829379796981812e-01,2.517482498660683632e-04,2.177285552024841309e-01,1.234749257564544678e-01,-2.000727131962776184e-02,2.132969908416271210e-02,-3.457357734441757202e-02,1.065930426120758057e-01,1.148784980177879333e-01,1.515180766582489014e-01,1.168572977185249329e-01,3.157888054847717285e-01,3.618287146091461182e-01,1.241337694227695465e-02,-1.083629950881004333e-01,-1.355413943529129028e-01,-6.462586671113967896e-02,-1.252798549830913544e-02,-9.659098088741302490e-02,1.919122487306594849e-01,2.124258726835250854e-01,1.414612233638763428e-01,1.421974301338195801e-01,3.920486271381378174e-01,3.363218307495117188e-01,1.238420605659484863e-01,3.870391473174095154e-02,5.936777219176292419e-02,1.167252659797668457e-01,1.453242450952529907e-01,-1.572916209697723389e-01,3.269717097282409668e-02,4.043369367718696594e-02,-4.724657535552978516e-02,-7.932982593774795532e-02,2.414433807134628296e-01,1.651923805475234985e-01,-2.341454289853572845e-02,4.911322891712188721e-02,5.147762224078178406e-02,1.323023159056901932e-02,6.653957068920135498e-02,4.878807067871093750e-02,1.209640577435493469e-01,1.528216153383255005e-01,2.218601107597351074e-01,2.486847490072250366e-01,-2.537410007789731026e-03,7.760046422481536865e-02,1.293971538543701172e-01,3.317519649863243103e-02,2.449973374605178833e-01,2.124931812286376953e-01,-2.132571861147880554e-02,1.654808782041072845e-02,2.663266099989414215e-02,5.125835910439491272e-02,1.059623882174491882e-01,1.105025187134742737e-01,2.206099778413772583e-01,1.045683920383453369e-01,1.664626002311706543e-01,7.420433312654495239e-02
2.406272888183593750e-01,2.087969183921813965e-01,-3.152342513203620911e-02,1.031745895743370056e-01,8.783847838640213013e-02,2.411608397960662842e-01,9.000103920698165894e-02,3.955026566982269287e-01,-5.358766647987067699e-04,1.335889697074890137e-01,1.945199072360992432e-01,9.999995827674865723e-01,3.518489301204681396e-01,5.700271129608154297e-01,6.378359347581863403e-02,4.120496809482574463e-01,1.380831599235534668e-01,1.953600049018859863e-01,6.305882334709167480e-02,1.044680550694465637e-01,-1.031555235385894775e-01,-1.034534275531768799e-01,-1.191160678863525391e-01,7.646477967500686646e-02,-1.419358104467391968e-01,-6.297302991151809692e-02,-1.203021034598350525e-01,8.095536381006240845e-02,9.535447508096694946e-02,1.689939051866531372e-01,-5.604600906372070312e-02,2.823365293443202972e-02,1.148515343666076660e-01,1.716769188642501831e-01,-2.828958444297313690e-02,7.893761619925498962e-03,-1.145063489675521851e-01,-1.072405129671096802e-01,-1.162542495876550674e-02,-6.895776838064193726e-02,-5.419018864631652832e-02,4.175349697470664978e-02,-2.106184959411621094e-01,-2.149956077337265015e-01,-1.398953795433044434e-01,-1.624179929494857788e-01,-2.074691951274871826e-01,-3.094205260276794434e-01,-4.966694861650466919e-02,-1.526452004909515381e-01,-3.730172291398048401e-02,-1.238438785076141357e-01,1.610038056969642639e-02,-6.013649329543113708e-02,4.893016442656517029e-02,6.372776813805103302e-03,1.099183484911918640e-01,3.635155409574508667e-02,8.838523924350738525e-02,-5.546220019459724426e-02,2.564637064933776855e-01,2.469263821840286255e-01,3.286079466342926025e-01,1.840776950120925903e-01,3.193580508232116699e-01,1.503378599882125854e-01,-1.779506169259548187e-02,-2.165952697396278381e-02,-2.956054545938968658e-02,2.417806722223758698e-02,-1.046681404113769531e-01,-2.406874112784862518e-02,1.127592697739601135e-01,5.314718559384346008e-02,1.210737004876136780e-01,-5.577461794018745422e-03,6.992530077695846558e-02,-1.240355242043733597e-02,7.287093997001647949e-02,-6.856725364923477173e-02,6.372810900211334229e-02,-7.890111207962036133e-02,1.981719210743904114e-02,7.061616331338882446e-02,3.248398890718817711e-03,9.499505162239074707e-02,-9.266839921474456787e-02,2.423965781927108765e-01,2.195122651755809784e-03,8.465449512004852295e-02,-9.281834959983825684e-02,-1.168047264218330383e-01,-2.081869542598724365e-02,-2.082046121358871460e-01,4.429648071527481079e-02,9.150514379143714905e-04,4.094268660992383957e-03,-4.869892820715904236e-02,-5.322445556521415710e-02,-8.340831100940704346e-02,-6.490411609411239624e-02,-1.288051158189773560e-01,3.421789780259132385e-02,-4.134816676378250122e-02,1.290998905897140503e-01,8.886346593499183655e-03,5.296719260513782501e-03,-6.951319519430398941e-03,-9.601834416389465332e-02,-9.658906608819961548e-02,-1.581604033708572388e-01,-1.437883228063583374e-01,3.073907457292079926e-02,-3.524615243077278137e-02,-4.126466810703277588e-03,1.292981803417205811e-01
2.666895389556884766e-01,9.175033122301101685e-02,4.673633724451065063e-02,-2.582164481282234192e-02,2.097567617893218994e-01,3.281165957450866699e-01,3.837528824806213379e-01,3.808471262454986572e-01,1.354494839906692505e-01,1.573302000761032104e-01,4.476918578147888184e-01,3.518489301204681396e-01,9.999998211860656738e-01,5.084452033042907715e-01,3.733126521110534668e-01,3.169004917144775391e-01,2.689543068408966064e-01,5.396994575858116150e-02,5.776030570268630981e-02,-7.863610237836837769e-02,5.551668256521224976e-02,7.963299751281738281e-02,1.231277594342827797e-03,-1.599105447530746460e-01,-3.627118840813636780e-02,-7.221222855150699615e-03,8.938762545585632324e-02,1.524702012538909912e-01,1.450041830539703369e-01,9.243377298116683960e-02,8.307503163814544678e-02,7.084153592586517334e-02,1.589070409536361694e-01,1.481828242540359497e-01,5.826169252395629883e-02,1.234530732035636902e-01,6.481567025184631348e-02,-9.345017373561859131e-02,8.195053786039352417e-02,-7.651696912944316864e-03,1.263918876647949219e-01,1.174614951014518738e-01,-6.602553278207778931e-02,-6.552287191152572632e-02,-8.854923397302627563e-02,-1.733530163764953613e-01,-5.837247893214225769e-02,-1.535860002040863037e-01,-1.062612310051918030e-01,-1.427970677614212036e-01,-5.764462053775787354e-02,-8.879179507493972778e-02,-7.074731588363647461e-02,-3.125128895044326782e-02,4.405501112341880798e-02,-1.099536716938018799e-01,5.158223584294319153e-02,-1.167848929762840271e-01,6.994288414716720581e-02,-1.456806957721710205e-01,3.641189634799957275e-01,3.403831422328948975e-01,2.743476927280426025e-01,1.894318163394927979e-01,3.118086457252502441e-01,1.961153447628021240e-01,3.785984124988317490e-03,-1.941510587930679321e-01,-9.575109928846359253e-02,-1.234517917037010193e-01,3.699804423376917839e-03,2.779559977352619171e-02,1.170858591794967651e-01,1.571337282657623291e-01,8.846610039472579956e-02,4.180333763360977173e-02,2.567656338214874268e-01,1.795470118522644043e-01,6.056363135576248169e-02,-2.087370678782463074e-02,1.453671306371688843e-01,-5.508305504918098450e-03,1.477455496788024902e-01,4.633970558643341064e-02,-1.169582270085811615e-02,-8.171092718839645386e-02,2.637925744056701660e-02,9.899397380650043488e-03,2.172452509403228760e-01,-5.626343563199043274e-02,-4.156477376818656921e-02,-6.259433180093765259e-02,4.719335213303565979e-02,1.027879305183887482e-02,-2.142590703442692757e-03,-5.174976214766502380e-02,-5.427426099777221680e-02,-1.072171628475189209e-01,-2.957758679986000061e-02,-6.746850162744522095e-02,1.210730448365211487e-01,6.159482989460229874e-03,1.226808652281761169e-01,9.234250523149967194e-03,1.872130185365676880e-01,1.325507014989852905e-01,8.762928098440170288e-02,6.574355065822601318e-02,-2.495551668107509613e-02,-1.199267357587814331e-01,-4.874730855226516724e-02,-4.265167191624641418e-02,1.680269986391067505e-01,1.001527532935142517e-01,6.545577198266983032e-02,-4.389936476945877075e-02
