9.999999403953552246e-01,2.917006611824035645e-01,4.345337152481079102e-01,6.401059627532958984e-01,2.111772447824478149e-01,2.963553369045257568e-01,4.763334095478057861e-01,4.919454753398895264e-01,3.484451770782470703e-01,3.147406578063964844e-01,6.977068781852722168e-01,5.128452181816101074e-01,5.175508856773376465e-01,5.437570810317993164e-01,3.866484165191650391e-01,5.151917338371276855e-01,2.384831905364990234e-01,-1.618096232414245605e-02,4.737767875194549561e-01,6.489548087120056152e-01,1.714371293783187866e-01,4.646850004792213440e-02,-2.742370776832103729e-02,2.955777049064636230e-01,9.945372492074966431e-02,9.271120280027389526e-02,1.026425436139106750e-01,3.814155980944633484e-02,4.280804991722106934e-01,4.405341446399688721e-01,1.542015373706817627e-01,3.403227627277374268e-01,3.131844997406005859e-01,-9.604041278362274170e-02,8.700504899024963379e-02,1.753269135951995850e-01,3.210248053073883057e-01,2.982941865921020508e-01,1.891096085309982300e-01,2.747827470302581787e-01,1.082820594310760498e-01,4.593501240015029907e-02,4.043431207537651062e-02,-1.988576650619506836e-01,4.033907353878021240e-01,1.771409213542938232e-01,4.671885073184967041e-02,-9.393914788961410522e-02,5.036876201629638672e-01,2.269442677497863770e-01,2.223521620035171509e-01,-1.715826690196990967e-01,4.394240975379943848e-01,1.570253521203994751e-01,6.055551171302795410e-01,3.877788186073303223e-01,3.852530419826507568e-01,3.178133442997932434e-02,5.686554312705993652e-01,3.572510480880737305e-01,3.884999454021453857e-01,1.158621981739997864e-01,6.249403357505798340e-01,4.706038534641265869e-01,5.098015666007995605e-01,1.638268828392028809e-01,7.520290017127990723e-01,6.147466897964477539e-01,6.117039322853088379e-01,6.018927097320556641e-01,3.883014619350433350e-01,3.348854184150695801e-01,4.084623754024505615e-01,2.886138260364532471e-01,1.267570555210113525e-01,-7.155292667448520660e-03,3.113722503185272217e-01,1.582496762275695801e-01,2.619076669216156006e-01,-1.028466001152992249e-01,5.154706835746765137e-01,-2.789776772260665894e-02,2.152542620897293091e-01,-8.145666122436523438e-02,5.288422703742980957e-01,1.641345471143722534e-01,2.497686445713043213e-01,1.391823887825012207e-01,4.937266707420349121e-01,-1.668226718902587891e-02,3.768692910671234131e-01,-5.724731087684631348e-02,-1.714901477098464966e-01,-3.470473885536193848e-01,1.622026562690734863e-01,4.788292571902275085e-02,2.703047394752502441e-01,2.789200842380523682e-01,3.842642009258270264e-01,1.340701729059219360e-01,-1.212180107831954956e-01,-3.894363045692443848e-01,-6.760819815099239349e-03,-3.715075850486755371e-01,-9.760333597660064697e-02,-3.640150427818298340e-01,3.489117324352264404e-01,-1.400208920240402222e-01,1.450592875480651855e-01,8.819369971752166748e-02,1.133854091167449951e-01,5.270758271217346191e-02,-3.132123351097106934e-01,-9.074480831623077393e-02,-1.690659970045089722e-01,7.088838145136833191e-03
2.917006611824035645e-01,1.000000119209289551e+00,3.645877912640571594e-02,9.676718711853027344e-02,8.999587595462799072e-02,1.402289420366287231e-01,-1.159331202507019043e-02,3.126461058855056763e-02,5.323958024382591248e-02,1.580117493867874146e-01,2.650469541549682617e-01,4.623568356037139893e-01,1.298697888851165771e-01,2.904526293277740479e-01,8.598636835813522339e-02,2.046391367912292480e-01,-8.817277848720550537e-03,4.070897698402404785e-01,3.828424960374832153e-03,8.307591080665588379e-02,7.436469197273254395e-02,-2.903313376009464264e-02,1.839031726121902466e-01,8.975335955619812012e-02,1.449573785066604614e-01,3.310674056410789490e-02,3.637635707855224609e-02,2.661694586277008057e-02,1.238230764865875244e-01,2.519515454769134521e-01,8.678525686264038086e-03,6.930883973836898804e-02,2.786207199096679688e-01,3.111618161201477051e-01,-2.965777739882469177e-02,2.510361187160015106e-02,1.038836538791656494e-01,1.195493042469024658e-01,-1.226252019405364990e-01,1.253842115402221680e-01,1.223163902759552002e-01,1.919271051883697510e-01,1.056368201971054077e-01,2.565615773200988770e-01,9.209775924682617188e-02,2.560362517833709717e-01,-6.758420914411544800e-02,1.881965696811676025e-01,2.363985776901245117e-01,5.147766470909118652e-01,3.039629459381103516e-01,4.434910118579864502e-01,1.371593177318572998e-01,1.383220851421356201e-01,1.092997286468744278e-02,1.037864238023757935e-01,3.204188346862792969e-01,5.549367666244506836e-01,2.208423167467117310e-01,3.152853846549987793e-01,1.281641572713851929e-01,3.097410500049591064e-01,1.312182843685150146e-01,3.588237464427947998e-01,2.468283921480178833e-01,6.503386795520782471e-02,3.070768117904663086e-01,2.332682758569717407e-01,1.977673619985580444e-01,4.703615307807922363e-01,-1.987013593316078186e-02,6.186468526721000671e-02,6.891148537397384644e-02,3.660061359405517578e-01,-5.149119347333908081e-02,-2.183796465396881104e-02,4.135168343782424927e-02,1.706117540597915649e-01,1.005419269204139709e-01,6.381469219923019409e-02,5.445104837417602539e-02,1.510573923587799072e-01,1.811611205339431763e-01,3.406745493412017822e-01,1.704334914684295654e-01,2.886524200439453125e-01,1.692054420709609985e-01,2.814794480800628662e-01,-2.647073194384574890e-02,1.750118285417556763e-01,7.335367798805236816e-02,2.377918362617492676e-01,-5.439542979001998901e-02,2.424646317958831787e-01,-1.141867116093635559e-01,-3.317327052354812622e-02,-1.139317378401756287e-01,1.712885200977325439e-01,-2.766973525285720825e-02,2.983431816101074219e-01,7.484426349401473999e-02,1.953420192003250122e-01,4.726121202111244202e-02,9.065089374780654907e-02,5.659776553511619568e-02,4.295578598976135254e-02,2.034783549606800079e-02,8.773579448461532593e-02,-7.978846132755279541e-02,-1.865800321102142334e-01,1.829377375543117523e-02,1.326508540660142899e-02,3.261898458003997803e-02,-9.972727298736572266e-02,-9.528404474258422852e-02,-1.580321490764617920e-01
4.345337152481079102e-01,3.645877912640571594e-02,9.999999403953552246e-01,6.658074259757995605e-01,4.056172445416450500e-02,8.258908987045288086e-02,7.512509822845458984e-01,5.639023780822753906e-01,1.930046826601028442e-01,1.185469999909400940e-01,3.177293837070465088e-01,2.842640280723571777e-01,3.574502170085906982e-01,3.293243944644927979e-01,2.703727185726165771e-01,2.953276634216308594e-01,6.023106724023818970e-02,9.999307803809642792e-03,6.166695356369018555e-01,5.540835261344909668e-01,1.520146578550338745e-01,1.071072891354560852e-01,1.833806633949279785e-01,4.664418995380401611e-01,2.898705750703811646e-02,-2.322580479085445404e-02,4.614385776221752167e-03,-7.773952931165695190e-02,2.299153357744216919e-01,4.205701649188995361e-01,2.437475323677062988e-01,4.111626446247100830e-01,1.173261627554893494e-01,-6.445652991533279419e-02,1.322151720523834229e-01,2.158175259828567505e-01,3.339224457740783691e-01,3.165596127510070801e-01,1.426963210105895996e-01,2.861999869346618652e-01,1.497484445571899414e-01,1.648428142070770264e-01,9.022835642099380493e-02,4.452694207429885864e-02,3.658842444419860840e-01,3.168942928314208984e-01,2.135027199983596802e-01,1.941930204629898071e-01,4.024198055267333984e-01,1.448323428630828857e-01,7.372921705245971680e-02,-1.084284111857414246e-01,2.712627053260803223e-01,9.962740540504455566e-02,4.083858728408813477e-01,3.563680350780487061e-01,-5.854948610067367554e-02,8.373105898499488831e-03,4.174280464649200439e-01,2.423391044139862061e-01,1.620142310857772827e-01,3.595085442066192627e-02,3.456403613090515137e-01,2.032099366188049316e-01,3.829211592674255371e-01,3.044857680797576904e-01,4.300808310508728027e-01,4.262145757675170898e-01,1.644064038991928101e-01,2.262241542339324951e-01,3.723422586917877197e-01,4.038930535316467285e-01,2.143495678901672363e-01,1.704612076282501221e-01,8.216380327939987183e-02,1.063666958361864090e-02,1.402679830789566040e-01,1.171680465340614319e-01,4.487305507063865662e-02,-8.446435630321502686e-02,2.590949833393096924e-01,4.784473404288291931e-02,1.507663279771804810e-01,6.134056951850652695e-03,2.658953964710235596e-01,1.823432296514511108e-01,1.281303763389587402e-01,7.627319544553756714e-02,2.233864217996597290e-01,5.565720424056053162e-02,1.249490901827812195e-01,-6.077975966036319733e-03,-1.219042837619781494e-01,-1.058759391307830811e-01,2.536647021770477295e-01,1.965663582086563110e-01,3.146935105323791504e-01,3.257527649402618408e-01,2.899027466773986816e-01,1.716070920228958130e-01,-4.617000743746757507e-02,-8.593326807022094727e-02,9.938340634107589722e-02,-5.834539607167243958e-02,4.320628196001052856e-02,-1.196382492780685425e-01,2.106533348560333252e-01,-1.853691413998603821e-03,8.155999332666397095e-02,1.185157299041748047e-01,1.922018975019454956e-01,1.052017956972122192e-01,-9.093999862670898438e-02,1.315039694309234619e-01,5.000757053494453430e-03,3.409234806895256042e-02
6.401059627532958984e-01,9.676718711853027344e-02,6.658074259757995605e-01,1.000000119209289551e+00,1.091597899794578552e-01,1.595985442399978638e-01,6.972341537475585938e-01,7.765603661537170410e-01,3.108880221843719482e-01,2.273390293121337891e-01,4.401840269565582275e-01,3.624361157417297363e-01,4.529789686203002930e-01,4.803436696529388428e-01,3.532925248146057129e-01,3.920435309410095215e-01,1.499248594045639038e-01,-1.203727647662162781e-01,6.255956292152404785e-01,7.198650240898132324e-01,1.362867504358291626e-01,4.408006742596626282e-02,-1.417083200067281723e-02,4.711575508117675781e-01,2.091298252344131470e-02,2.015435881912708282e-02,1.862131804227828979e-02,-7.623349130153656006e-02,3.417252004146575928e-01,4.505669772624969482e-01,1.492807120084762573e-01,3.595838844776153564e-01,2.529182136058807373e-01,-4.216674342751502991e-02,1.319259554147720337e-01,1.775351315736770630e-01,3.308134973049163818e-01,3.384469747543334961e-01,1.764481812715530396e-01,3.060812652111053467e-01,8.194822072982788086e-02,9.223498404026031494e-02,1.262017637491226196e-01,-4.140289127826690674e-02,4.203214347362518311e-01,3.139781057834625244e-01,2.199298441410064697e-01,4.635240882635116577e-02,4.891047775745391846e-01,1.907783001661300659e-01,1.991586238145828247e-01,-2.105222195386886597e-01,4.234019219875335693e-01,9.497930854558944702e-02,5.615999698638916016e-01,3.627352416515350342e-01,1.592015773057937622e-01,-6.792910397052764893e-02,5.050643086433410645e-01,2.804087400436401367e-01,2.977518737316131592e-01,4.906617850065231323e-02,4.805350899696350098e-01,2.736454606056213379e-01,4.541692435741424561e-01,2.512947022914886475e-01,5.863562822341918945e-01,5.445550084114074707e-01,3.690617084503173828e-01,3.878596127033233643e-01,3.943308293819427490e-01,3.832828700542449951e-01,2.626446187496185303e-01,1.856893599033355713e-01,7.419820874929428101e-02,-4.308892413973808289e-02,1.890690028667449951e-01,1.479056030511856079e-01,1.532834321260452271e-01,-8.227469027042388916e-02,3.702217042446136475e-01,-3.187053650617599487e-02,1.360759139060974121e-01,-1.097585484385490417e-01,3.759821355342864990e-01,1.298763602972030640e-01,1.727923601865768433e-01,4.576040059328079224e-02,3.424399495124816895e-01,-1.318431496620178223e-01,3.189820051193237305e-01,-7.836604118347167969e-02,-6.572449207305908203e-02,-2.414192557334899902e-01,2.016477584838867188e-01,1.105470731854438782e-01,3.582319319248199463e-01,2.999140024185180664e-01,4.061773419380187988e-01,1.364958584308624268e-01,-5.766938999295234680e-02,-3.042770624160766602e-01,4.945145547389984131e-02,-2.710200548171997070e-01,1.110120117664337158e-02,-2.297163605690002441e-01,2.822940349578857422e-01,-1.723834127187728882e-01,1.445983499288558960e-01,1.191369816660881042e-01,1.597650349140167236e-01,1.113723143935203552e-01,-1.493673622608184814e-01,-5.490603391081094742e-03,-9.233792126178741455e-02,7.767621893435716629e-03
2.111772447824478149e-01,8.999587595462799072e-02,4.056172445416450500e-02,1.091597899794578552e-01,1.000000000000000000e+00,7.406288981437683105e-01,1.326150000095367432e-01,9.379750490188598633e-02,5.555355548858642578e-01,5.582373738288879395e-01,2.043289840221405029e-01,1.921139657497406006e-01,1.245663315057754517e-01,3.086355924606323242e-01,4.079309999942779541e-01,4.829475879669189453e-01,3.236531978473067284e-03,-4.181037098169326782e-02,-2.409956604242324829e-02,5.831046402454376221e-02,-1.046784892678260803e-01,-7.475955784320831299e-02,-2.486689202487468719e-02,-3.236297145485877991e-02,5.527395009994506836e-01,5.537833571434020996e-01,6.424898505210876465e-01,5.826802849769592285e-01,1.556304991245269775e-01,1.153181865811347961e-01,1.224129199981689453e-01,1.691553443670272827e-01,-4.283002391457557678e-02,-1.162316426634788513e-01,1.890526339411735535e-02,1.164149399846792221e-02,-4.221478849649429321e-02,3.707150369882583618e-02,1.213839501142501831e-01,-1.298419479280710220e-02,8.102654665708541870e-02,-7.521655410528182983e-02,1.041731759905815125e-01,3.581754118204116821e-02,-4.828709363937377930e-02,-6.831973791122436523e-02,8.003623783588409424e-02,-2.833328023552894592e-02,1.857496052980422974e-01,1.274594012647867203e-02,1.341153383255004883e-01,-8.175794035196304321e-02,5.001535639166831970e-02,-1.653701253235340118e-02,1.208354607224464417e-01,-4.954147618263959885e-03,1.033405438065528870e-01,-1.577045582234859467e-02,1.602565497159957886e-01,1.496401429176330566e-01,1.172187775373458862e-01,9.425204992294311523e-02,9.708324819803237915e-02,4.851045832037925720e-02,1.799654811620712280e-01,2.779109170660376549e-03,1.086378619074821472e-01,1.068728491663932800e-01,9.043382108211517334e-02,1.019219532608985901e-01,2.478602901101112366e-02,-9.271406382322311401e-02,1.835522949695587158e-01,9.802486747503280640e-02,6.815892644226551056e-03,1.164758950471878052e-01,1.300901025533676147e-01,1.368463933467864990e-01,-4.452011361718177795e-02,-1.550426930189132690e-01,1.289951801300048828e-01,-9.396646916866302490e-02,1.399556398391723633e-01,1.579640433192253113e-02,6.234608963131904602e-02,-2.474449574947357178e-02,3.149688839912414551e-01,3.671809434890747070e-01,1.608553826808929443e-01,2.041751705110073090e-02,7.030335254967212677e-03,-7.687578350305557251e-02,-1.728318184614181519e-01,-2.443280369043350220e-01,-1.913440413773059845e-02,-3.650655969977378845e-02,7.761857658624649048e-02,4.651640728116035461e-02,5.602239072322845459e-02,3.265522420406341553e-02,-1.028248220682144165e-01,-2.393920421600341797e-01,-1.518049184232950211e-02,-1.716938763856887817e-01,-9.930802136659622192e-02,-1.613511294126510620e-01,9.407374262809753418e-02,-1.223250031471252441e-01,7.806234806776046753e-02,6.355997174978256226e-02,-1.878041401505470276e-02,-3.253381326794624329e-02,-1.092914715409278870e-01,-1.435972899198532104e-01,-1.574309617280960083e-01,9.367217868566513062e-02
2.963553369045257568e-01,1.402289420366287231e-01,8.258908987045288086e-02,1.595985442399978638e-01,7.406288981437683105e-01,1.000000000000000000e+00,1.503861397504806519e-01,1.031209155917167664e-01,5.743256807327270508e-01,6.754342317581176758e-01,2.661830782890319824e-01,2.190422862768173218e-01,1.499907374382019043e-01,3.158439993858337402e-01,3.942319154739379883e-01,5.785928368568420410e-01,1.568206958472728729e-02,1.410633511841297150e-02,9.124732762575149536e-02,1.570413112640380859e-01,-4.667158797383308411e-02,1.992157660424709320e-02,-2.134264819324016571e-02,-7.464956492185592651e-02,5.657120347023010254e-01,5.576199293136596680e-01,6.430549621582031250e-01,6.373008489608764648e-01,1.224106773734092712e-01,1.484951823949813843e-01,1.039919778704643250e-01,1.620540767908096313e-01,2.652613818645477295e-02,-8.765980601310729980e-02,2.043575607240200043e-02,-4.195296764373779297e-02,6.560795754194259644e-02,6.573440879583358765e-02,1.201221719384193420e-01,5.367086734622716904e-03,1.179645508527755737e-01,-6.632973998785018921e-02,1.437478214502334595e-01,-1.280993502587080002e-02,3.868102282285690308e-02,-7.402507960796356201e-02,8.856425434350967407e-02,-2.817674912512302399e-02,2.517428696155548096e-01,3.278880938887596130e-02,1.879347115755081177e-01,-2.350471541285514832e-02,1.419218778610229492e-01,1.385859213769435883e-02,2.050112187862396240e-01,3.207116574048995972e-02,1.912483572959899902e-01,8.638385683298110962e-02,2.449773252010345459e-01,1.910538971424102783e-01,1.992272883653640747e-01,1.070108041167259216e-01,1.549261659383773804e-01,1.339270770549774170e-01,2.762147486209869385e-01,7.265304774045944214e-02,1.984888166189193726e-01,1.463109105825424194e-01,2.054517120122909546e-01,1.842505037784576416e-01,6.914137303829193115e-02,-4.403441771864891052e-02,1.521828174591064453e-01,7.057521492242813110e-02,9.249016642570495605e-02,1.369615197181701660e-01,1.329660564661026001e-01,7.813702523708343506e-02,2.584637887775897980e-02,-1.122106462717056274e-01,2.118787765502929688e-01,-5.025698617100715637e-02,1.636950671672821045e-01,-5.377365276217460632e-02,2.105027586221694946e-01,3.241338580846786499e-02,4.099853336811065674e-01,4.631606638431549072e-01,1.939492672681808472e-01,4.758526757359504700e-02,1.203561201691627502e-01,1.986404135823249817e-02,-1.421625018119812012e-01,-2.289962619543075562e-01,5.275579169392585754e-03,5.467083305120468140e-03,1.010387986898422241e-01,1.258873641490936279e-01,1.162921711802482605e-01,1.192659586668014526e-01,-4.316263645887374878e-02,-1.782966554164886475e-01,9.563203155994415283e-02,-1.065623983740806580e-01,-4.046895354986190796e-02,-1.640516817569732666e-01,1.356702595949172974e-01,-9.063368290662765503e-02,9.450091421604156494e-02,1.415976672433316708e-03,-6.593795865774154663e-02,5.446523800492286682e-02,-9.583333134651184082e-02,-1.019638404250144958e-01,-1.169627308845520020e-01,7.154005020856857300e-02
4.763334095478057861e-01,-1.159331202507019043e-02,7.512509822845458984e-01,6.972341537475585938e-01,1.326150000095367432e-01,1.503861397504806519e-01,1.000000119209289551e+00,6.866525411605834961e-01,2.606784403324127197e-01,1.781212538480758667e-01,2.882295250892639160e-01,2.210928946733474731e-01,4.306377470493316650e-01,3.206150829792022705e-01,3.045960068702697754e-01,2.927159667015075684e-01,8.274906873703002930e-02,-8.588975667953491211e-02,6.368302702903747559e-01,6.052880287170410156e-01,5.530620738863945007e-02,3.413644060492515564e-02,-5.888108909130096436e-02,4.284552037715911865e-01,7.249079644680023193e-02,2.199310436844825745e-02,7.715556770563125610e-02,-5.873402114957571030e-03,2.859815955162048340e-01,4.163104295730590820e-01,1.606205701828002930e-01,3.299226462841033936e-01,1.461389064788818359e-01,2.828458696603775024e-02,1.121819317340850830e-01,2.503936588764190674e-01,2.649154067039489746e-01,3.082184195518493652e-01,1.619984209537506104e-01,2.516341805458068848e-01,1.206849142909049988e-01,2.096549421548843384e-01,-1.630298607051372528e-02,-2.016687765717506409e-02,2.858691513538360596e-01,2.660233378410339355e-01,1.917423754930496216e-01,1.082417890429496765e-01,3.556913137435913086e-01,5.293377861380577087e-02,-6.142314057797193527e-03,-2.182291299104690552e-01,1.653853803873062134e-01,-4.491210728883743286e-02,3.726901113986968994e-01,2.685875892639160156e-01,-6.774263083934783936e-02,-1.703814566135406494e-01,3.856295645236968994e-01,1.202425286173820496e-01,8.538343012332916260e-02,-8.877705782651901245e-02,2.426757365465164185e-01,1.122401095926761627e-02,3.699245154857635498e-01,2.387570291757583618e-01,3.848407566547393799e-01,4.036871194839477539e-01,1.741885393857955933e-01,2.013281881809234619e-01,3.418910503387451172e-01,3.162946999073028564e-01,2.691126167774200439e-01,1.584177315235137939e-01,9.236354380846023560e-02,1.607663370668888092e-02,1.970424354076385498e-01,1.930484324693679810e-01,4.329251870512962341e-02,-1.356850564479827881e-01,2.102104127407073975e-01,-6.899071484804153442e-02,7.164897024631500244e-02,-7.353573292493820190e-02,2.056013643741607666e-01,4.998639225959777832e-02,1.069092154502868652e-01,7.762505859136581421e-02,2.402142137289047241e-01,-1.024412810802459717e-01,5.116474628448486328e-02,-1.273264586925506592e-01,-1.532898098230361938e-01,-1.732844710350036621e-01,1.979474872350692749e-01,1.428693234920501709e-01,3.246116936206817627e-01,2.580446004867553711e-01,2.960222363471984863e-01,1.416694968938827515e-01,-1.595687419176101685e-01,-1.944718360900878906e-01,9.313873946666717529e-03,-1.447261273860931396e-01,3.808604925870895386e-02,-6.450813263654708862e-02,1.777302324771881104e-01,-7.644278556108474731e-02,1.455273032188415527e-01,1.000167950987815857e-01,1.607207655906677246e-01,6.604326516389846802e-02,-1.618761420249938965e-01,7.392807304859161377e-02,2.469835989177227020e-02,1.158371344208717346e-01
4.919454753398895264e-01,3.126461058855056763e-02,5.639023780822753906e-01,7.765603661537170410e-01,9.379750490188598633e-02,1.031209155917167664e-01,6.866525411605834961e-01,1.000000476837158203e+00,2.440735995769500732e-01,1.653462201356887817e-01,2.852608561515808105e-01,2.247536778450012207e-01,4.244220852851867676e-01,4.433497190475463867e-01,3.284302055835723877e-01,3.038175702095031738e-01,6.362432986497879028e-02,-2.413855046033859253e-01,5.351914167404174805e-01,5.776171684265136719e-01,1.077324375510215759e-01,1.733624003827571869e-02,-6.065494194626808167e-02,3.828665614128112793e-01,2.752633765339851379e-02,3.126936405897140503e-02,1.314884051680564880e-02,-4.434181377291679382e-02,3.006633520126342773e-01,3.580425083637237549e-01,1.535058915615081787e-01,2.924745976924896240e-01,1.639176756143569946e-01,-3.152944892644882202e-02,8.988150209188461304e-02,1.709473431110382080e-01,2.494834512472152710e-01,3.204863369464874268e-01,1.825842112302780151e-01,2.200562655925750732e-01,1.094464585185050964e-01,1.644587665796279907e-01,1.800031587481498718e-02,-2.275978960096836090e-02,3.335261642932891846e-01,3.057020008563995361e-01,2.330622375011444092e-01,6.366949528455734253e-02,4.395547211170196533e-01,1.552918255329132080e-01,1.690718531608581543e-01,-2.462812513113021851e-01,3.175178170204162598e-01,-9.895920520648360252e-04,4.168272614479064941e-01,2.311877757310867310e-01,5.011870712041854858e-02,-1.992727518081665039e-01,4.086236059665679932e-01,1.963412612676620483e-01,1.802107542753219604e-01,-5.841599777340888977e-02,3.019942939281463623e-01,5.073027685284614563e-02,3.331461250782012939e-01,2.204204052686691284e-01,4.504245519638061523e-01,4.338375031948089600e-01,2.136480957269668579e-01,2.403114587068557739e-01,3.477590382099151611e-01,3.231849372386932373e-01,2.496479153633117676e-01,1.826941370964050293e-01,9.178297221660614014e-02,8.501659147441387177e-03,1.475639194250106812e-01,1.253359615802764893e-01,5.336637049913406372e-02,-1.776063740253448486e-01,1.889281570911407471e-01,-1.270242333412170410e-01,4.290151223540306091e-02,-1.845923364162445068e-01,1.766848713159561157e-01,-5.854314658790826797e-03,3.703033551573753357e-02,-4.666922986507415771e-02,1.582563072443008423e-01,-2.929656207561492920e-01,1.631549000740051270e-01,-1.911975741386413574e-01,-3.353664278984069824e-02,-2.414854764938354492e-01,1.414953023195266724e-01,7.919963449239730835e-02,3.340143263339996338e-01,2.197788804769515991e-01,3.562796711921691895e-01,8.446271717548370361e-02,-9.198501706123352051e-02,-3.058760166168212891e-01,3.506241366267204285e-02,-2.323564738035202026e-01,6.232232227921485901e-02,-8.241786062717437744e-02,1.967249810695648193e-01,-2.017429918050765991e-01,1.128267645835876465e-01,1.300486475229263306e-01,1.255948394536972046e-01,1.137053817510604858e-01,-1.122748628258705139e-01,3.328414261341094971e-02,-2.310998924076557159e-02,1.084561049938201904e-01
3.484451770782470703e-01,5.323958024382591248e-02,1.930046826601028442e-01,3.108880221843719482e-01,5.555355548858642578e-01,5.743256807327270508e-01,2.606784403324127197e-01,2.440735995769500732e-01,9.999998211860656738e-01,7.802308201789855957e-01,3.044903278350830078e-01,1.979766041040420532e-01,2.125964015722274780e-01,3.499137461185455322e-01,6.300718188285827637e-01,6.463896036148071289e-01,1.532205492258071899e-01,-7.610117644071578979e-02,1.594349294900894165e-01,2.870791256427764893e-01,3.112283535301685333e-02,6.219711899757385254e-02,-8.060707896947860718e-02,7.554681599140167236e-02,5.025377869606018066e-01,4.365863204002380371e-01,2.092698663473129272e-01,2.181140482425689697e-01,3.840024769306182861e-01,3.314714431762695312e-01,2.551548779010772705e-01,2.819133400917053223e-01,8.255437761545181274e-02,-3.790322318673133850e-02,6.404318660497665405e-02,1.210308149456977844e-01,1.194738820195198059e-01,2.812312245368957520e-01,1.064735352993011475e-01,1.823124587535858154e-01,1.358269602060317993e-01,1.302797049283981323e-01,1.929221749305725098e-01,8.672518283128738403e-02,1.433131694793701172e-01,5.726932734251022339e-02,1.935595571994781494e-01,7.614503055810928345e-02,2.821842133998870850e-01,4.318005964159965515e-02,1.599680334329605103e-01,-8.980165421962738037e-02,1.911081522703170776e-01,2.860945090651512146e-02,2.793020904064178467e-01,5.340166762471199036e-02,2.178013622760772705e-01,-8.738433010876178741e-03,3.823243379592895508e-01,3.018570542335510254e-01,2.986696064472198486e-01,1.185609772801399231e-01,2.592936456203460693e-01,7.670539617538452148e-02,3.000104427337646484e-01,9.833496063947677612e-02,2.777364253997802734e-01,2.968500554561614990e-01,2.292677611112594604e-01,2.441779673099517822e-01,3.338498473167419434e-01,2.466031759977340698e-01,3.217157125473022461e-01,2.310374230146408081e-01,2.390672415494918823e-01,1.772650927305221558e-01,1.766716241836547852e-01,2.208761572837829590e-01,1.351208984851837158e-01,1.395866740494966507e-02,2.624013423919677734e-01,-1.005890220403671265e-02,4.666760936379432678e-02,-5.616650357842445374e-02,1.690472811460494995e-01,6.235769391059875488e-02,4.252075850963592529e-01,4.954007267951965332e-01,1.013142764568328857e-01,-5.921264737844467163e-02,1.489727646112442017e-01,-3.897342458367347717e-02,-1.868082582950592041e-01,-2.388558536767959595e-01,1.607118695974349976e-01,1.536647975444793701e-01,2.707787454128265381e-01,2.223980128765106201e-01,2.504245936870574951e-01,1.508164405822753906e-01,-1.099763438105583191e-01,-2.380779981613159180e-01,8.603371679782867432e-02,-1.658310294151306152e-01,5.161280743777751923e-03,-8.487015217542648315e-02,1.393614560365676880e-01,-1.234011277556419373e-01,2.483219802379608154e-01,1.125710234045982361e-01,2.038526386022567749e-01,1.712353229522705078e-01,-5.187802389264106750e-02,-5.602135881781578064e-02,-1.061310842633247375e-01,-7.382283359766006470e-02
3.147406578063964844e-01,1.580117493867874146e-01,1.185469999909400940e-01,2.273390293121337891e-01,5.582373738288879395e-01,6.754342317581176758e-01,1.781212538480758667e-01,1.653462201356887817e-01,7.802308201789855957e-01,9.999997019767761230e-01,2.748270630836486816e-01,1.958895772695541382e-01,1.747058182954788208e-01,3.443811237812042236e-01,5.401326417922973633e-01,6.835114955902099609e-01,1.406542658805847168e-01,2.830605953931808472e-02,1.453608274459838867e-01,2.163704782724380493e-01,2.741236984729766846e-02,5.754040554165840149e-02,-3.515198826789855957e-02,-7.225031033158302307e-03,5.370611548423767090e-01,4.817857742309570312e-01,2.988595664501190186e-01,3.321577906608581543e-01,3.048655390739440918e-01,2.987388074398040771e-01,2.527979016304016113e-01,2.611248791217803955e-01,1.428796499967575073e-01,5.306817591190338135e-02,4.703451320528984070e-02,6.079578772187232971e-02,1.190208047628402710e-01,2.557273507118225098e-01,1.170720681548118591e-01,1.754722893238067627e-01,1.317716836929321289e-01,1.362251490354537964e-01,2.094881832599639893e-01,9.354826807975769043e-02,1.496511399745941162e-01,3.703390434384346008e-02,1.813755929470062256e-01,1.082494035363197327e-01,2.767195105552673340e-01,4.228310286998748779e-02,1.762502342462539673e-01,-3.077115118503570557e-02,1.711251288652420044e-01,1.307496335357427597e-02,2.544781565666198730e-01,6.116551533341407776e-02,2.590773403644561768e-01,1.057253628969192505e-01,3.416193127632141113e-01,2.592720389366149902e-01,2.672601640224456787e-01,1.243049800395965576e-01,2.059356868267059326e-01,9.707892686128616333e-02,2.961679697036743164e-01,9.291756153106689453e-02,2.361154407262802124e-01,2.234021127223968506e-01,2.274085283279418945e-01,2.239411771297454834e-01,2.935503721237182617e-01,1.972321122884750366e-01,2.651963829994201660e-01,2.215718328952789307e-01,2.752740681171417236e-01,2.182316333055496216e-01,1.807021796703338623e-01,2.212496846914291382e-01,1.049609333276748657e-01,-3.076681308448314667e-02,2.297857850790023804e-01,-1.939865387976169586e-02,6.888687610626220703e-02,-3.196780011057853699e-02,1.972561180591583252e-01,7.086962461471557617e-02,4.989010393619537354e-01,6.122090220451354980e-01,1.175896376371383667e-01,5.673678591847419739e-02,1.644939929246902466e-01,3.325852006673812866e-02,-1.284940391778945923e-01,-1.859690099954605103e-01,1.395440548658370972e-01,1.620700210332870483e-01,2.361509799957275391e-01,2.948973476886749268e-01,2.324693948030471802e-01,2.402292042970657349e-01,-6.538600474596023560e-02,-1.413476914167404175e-01,1.283735781908035278e-01,-6.194101274013519287e-02,1.645106635987758636e-02,-7.134813070297241211e-02,1.606710553169250488e-01,-1.040804609656333923e-01,2.146932482719421387e-01,5.003136023879051208e-02,1.720933169126510620e-01,2.071264088153839111e-01,1.552385836839675903e-02,-5.166742578148841858e-02,-9.945205599069595337e-02,-8.124963194131851196e-02
6.977068781852722168e-01,2.650469541549682617e-01,3.177293837070465088e-01,4.401840269565582275e-01,2.043289840221405029e-01,2.661830782890319824e-01,2.882295250892639160e-01,2.852608561515808105e-01,3.044903278350830078e-01,2.748270630836486816e-01,1.000000000000000000e+00,6.870097517967224121e-01,5.752555131912231445e-01,6.171234250068664551e-01,4.010471999645233154e-01,5.030725598335266113e-01,3.103788197040557861e-01,9.365502744913101196e-02,2.110133320093154907e-01,3.929464817047119141e-01,2.040251493453979492e-01,6.864801794290542603e-02,1.887941360473632812e-01,2.587798833847045898e-01,1.146530658006668091e-01,9.187773615121841431e-02,1.072135791182518005e-01,4.855011031031608582e-02,5.279579758644104004e-01,5.397984385490417480e-01,2.229408025741577148e-01,3.724824786186218262e-01,1.421252191066741943e-01,-2.262392491102218628e-01,1.337102800607681274e-01,2.833695709705352783e-01,3.922024071216583252e-01,3.760774135589599609e-01,2.688204646110534668e-01,3.354324698448181152e-01,2.133809626102447510e-01,1.365137100219726562e-01,4.472574219107627869e-02,-1.254592835903167725e-01,4.047927856445312500e-01,1.602862775325775146e-01,-2.374381199479103088e-02,-8.024177700281143188e-02,4.551486074924468994e-01,3.075696825981140137e-01,1.955496668815612793e-01,-1.348130404949188232e-01,4.125707745552062988e-01,2.599595487117767334e-01,5.795513987541198730e-01,4.311133027076721191e-01,3.423854708671569824e-01,1.524186432361602783e-01,6.102809906005859375e-01,4.994586110115051270e-01,6.230832338333129883e-01,3.860133290290832520e-01,7.345309853553771973e-01,6.492660045623779297e-01,4.201280176639556885e-01,2.356369197368621826e-01,7.060707211494445801e-01,6.324144601821899414e-01,5.151991248130798340e-01,6.227371096611022949e-01,3.807894587516784668e-01,3.745031356811523438e-01,4.788117706775665283e-01,3.336235582828521729e-01,1.989895552396774292e-01,5.392142385244369507e-02,3.998930156230926514e-01,2.511412501335144043e-01,3.930976092815399170e-01,4.349015653133392334e-02,6.454891562461853027e-01,1.933522969484329224e-01,4.159605801105499268e-01,7.485245913267135620e-02,5.948504209518432617e-01,3.618726134300231934e-01,3.024892508983612061e-01,1.567420214414596558e-01,4.260355234146118164e-01,9.293290227651596069e-02,4.064431786537170410e-01,3.551946580410003662e-02,-2.795474529266357422e-01,-3.352144956588745117e-01,2.360786497592926025e-01,1.391931027173995972e-01,3.017794787883758545e-01,2.644945383071899414e-01,3.051715791225433350e-01,1.074942648410797119e-01,-6.094616651535034180e-02,-3.172708451747894287e-01,7.047199457883834839e-02,-2.553887069225311279e-01,-2.026048451662063599e-01,-4.209463596343994141e-01,4.434590041637420654e-01,3.346145898103713989e-02,1.551314741373062134e-01,1.426704078912734985e-01,1.886449903249740601e-01,-4.499812796711921692e-02,-3.581567704677581787e-01,-1.461422294378280640e-01,-1.971919983625411987e-01,-3.162977471947669983e-02
5.128452181816101074e-01,4.623568356037139893e-01,2.842640280723571777e-01,3.624361157417297363e-01,1.921139657497406006e-01,2.190422862768173218e-01,2.210928946733474731e-01,2.247536778450012207e-01,1.979766041040420532e-01,1.958895772695541382e-01,6.870097517967224121e-01,9.999997019767761230e-01,4.301676750183105469e-01,6.401234865188598633e-01,3.518465459346771240e-01,4.318744540214538574e-01,2.636570297181606293e-02,1.076440289616584778e-01,1.415586471557617188e-01,2.872421741485595703e-01,1.276930123567581177e-01,3.289315104484558105e-02,2.964344620704650879e-01,2.621306478977203369e-01,5.357567965984344482e-02,2.292782440781593323e-02,1.295237094163894653e-01,5.218626186251640320e-02,3.517687618732452393e-01,5.451569557189941406e-01,1.971492469310760498e-01,3.308978676795959473e-01,8.763224631547927856e-02,-1.584871709346771240e-01,-2.704706043004989624e-02,1.936507672071456909e-01,3.007670640945434570e-01,3.199081122875213623e-01,1.544314771890640259e-01,3.836995661258697510e-01,1.676325798034667969e-01,1.385846287012100220e-01,1.031721457839012146e-01,3.133783116936683655e-02,3.664013445377349854e-01,2.471819669008255005e-01,-7.325410842895507812e-02,5.286742001771926880e-02,4.077112972736358643e-01,4.917458295822143555e-01,2.000157535076141357e-01,-4.184686986263841391e-04,3.884490728378295898e-01,3.869564533233642578e-01,4.644636213779449463e-01,4.411275386810302734e-01,1.115870922803878784e-01,2.691728770732879639e-01,5.318284630775451660e-01,5.434195399284362793e-01,5.185159444808959961e-01,4.741568863391876221e-01,5.956280827522277832e-01,6.700859665870666504e-01,2.909448146820068359e-01,1.781399399042129517e-01,6.058309674263000488e-01,5.569282174110412598e-01,2.981315851211547852e-01,6.465710997581481934e-01,2.445084154605865479e-01,3.118222355842590332e-01,3.640390038490295410e-01,4.525845646858215332e-01,4.010573774576187134e-02,-2.732879482209682465e-02,2.538625299930572510e-01,2.671370208263397217e-01,1.755704730749130249e-01,1.633665338158607483e-02,3.849035203456878662e-01,1.852214932441711426e-01,3.238951563835144043e-01,2.089323997497558594e-01,3.694199323654174805e-01,4.550631940364837646e-01,1.603128165006637573e-01,1.602247804403305054e-01,2.284402251243591309e-01,1.926733404397964478e-01,2.778605818748474121e-01,1.480190008878707886e-01,-3.208840489387512207e-01,-2.153270840644836426e-01,1.146853640675544739e-01,1.124844625592231750e-01,1.716731339693069458e-01,2.367158085107803345e-01,2.093281745910644531e-01,1.654330492019653320e-01,-6.920000910758972168e-02,-2.058477103710174561e-01,2.569818869233131409e-02,-1.775749176740646362e-01,-1.849752217531204224e-01,-3.286790549755096436e-01,4.073259532451629639e-01,1.372423171997070312e-01,6.627593934535980225e-02,9.779792279005050659e-02,1.716798841953277588e-01,-4.968518018722534180e-02,-2.665553987026214600e-01,-1.669509857892990112e-01,-1.673697829246520996e-01,-8.997202664613723755e-02
5.175508856773376465e-01,1.298697888851165771e-01,3.574502170085906982e-01,4.529789686203002930e-01,1.245663315057754517e-01,1.499907374382019043e-01,4.306377470493316650e-01,4.244220852851867676e-01,2.125964015722274780e-01,1.747058182954788208e-01,5.752555131912231445e-01,4.301676750183105469e-01,9.999999403953552246e-01,4.410987794399261475e-01,4.002790451049804688e-01,3.191055059432983398e-01,2.865967154502868652e-01,7.345795631408691406e-02,2.762881517410278320e-01,3.516375124454498291e-01,2.054901570081710815e-01,8.056669682264328003e-02,1.129340007901191711e-01,3.463686108589172363e-01,9.021338075399398804e-02,5.189514905214309692e-02,8.705919981002807617e-02,2.747645974159240723e-02,4.137712121009826660e-01,4.195608794689178467e-01,2.052596956491470337e-01,3.365668058395385742e-01,1.224724128842353821e-01,-8.966933935880661011e-02,5.717799067497253418e-02,2.707505226135253906e-01,3.516237139701843262e-01,3.189484775066375732e-01,2.998333871364593506e-01,2.692564129829406738e-01,1.898722350597381592e-01,2.167947441339492798e-01,4.342132061719894409e-02,-7.594865560531616211e-02,3.245409429073333740e-01,2.054147124290466309e-01,2.074501663446426392e-02,-2.175803855061531067e-02,3.734925389289855957e-01,1.964276134967803955e-01,1.184422075748443604e-01,-7.939185202121734619e-02,2.502081692218780518e-01,7.985667884349822998e-02,3.905143141746520996e-01,3.080088496208190918e-01,2.713983952999114990e-01,3.761553019285202026e-02,4.142283201217651367e-01,2.555682957172393799e-01,3.811638653278350830e-01,1.826501041650772095e-01,4.338025152683258057e-01,3.011569678783416748e-01,3.526310920715332031e-01,2.209775745868682861e-01,4.465194344520568848e-01,4.281701445579528809e-01,2.417974025011062622e-01,3.003036677837371826e-01,3.289970159530639648e-01,3.054119050502777100e-01,3.143452107906341553e-01,2.231706976890563965e-01,2.269440740346908569e-01,1.073162630200386047e-01,2.238499373197555542e-01,1.866333335638046265e-01,2.501847445964813232e-01,2.156408131122589111e-02,4.074846804141998291e-01,1.145647317171096802e-01,3.528401851654052734e-01,1.094667240977287292e-01,4.000344574451446533e-01,2.296340763568878174e-01,2.242195308208465576e-01,1.364849954843521118e-01,3.704269528388977051e-01,7.239504158496856689e-02,1.824027299880981445e-01,-4.333499073982238770e-02,-1.558874547481536865e-01,-2.182312309741973877e-01,9.750460088253021240e-02,1.523955315351486206e-01,1.961685419082641602e-01,2.460838854312896729e-01,1.547279357910156250e-01,7.132461667060852051e-02,-1.388118863105773926e-01,-2.214177399873733521e-01,-7.734756916761398315e-02,-1.491848677396774292e-01,-2.279357761144638062e-01,-2.827799320220947266e-01,2.336414754390716553e-01,-7.587566226720809937e-02,5.393874272704124451e-02,7.959538698196411133e-02,1.786728501319885254e-01,-7.255761325359344482e-02,-2.423703968524932861e-01,-7.549373060464859009e-02,-1.246694847941398621e-01,6.804134696722030640e-02
