1.000000119209289551e+00,4.163318574428558350e-01,5.556965470314025879e-01,5.195915102958679199e-01,9.330487996339797974e-02,1.246911510825157166e-01,6.245973706245422363e-01,3.411950767040252686e-01,2.954882681369781494e-01,1.946647614240646362e-01,4.003888368606567383e-01,4.201834201812744141e-01,2.690555155277252197e-01,3.216259181499481201e-01,4.832915067672729492e-01,2.786172926425933838e-01,7.424168754369020462e-03,2.680928707122802734e-01,6.341074109077453613e-01,6.360763907432556152e-01,2.548683285713195801e-01,1.149745732545852661e-01,4.987985789775848389e-01,3.600973486900329590e-01,2.131216228008270264e-01,3.516107499599456787e-01,3.145117759704589844e-01,1.273055970668792725e-01,2.333107143640518188e-01,4.164568185806274414e-01,2.069160640239715576e-01,1.753519922494888306e-01,4.817541241645812988e-01,4.875591695308685303e-01,3.591112047433853149e-02,5.627070367336273193e-02,1.013761684298515320e-01,1.048403829336166382e-01,1.372770220041275024e-01,6.264106929302215576e-02,1.447903364896774292e-01,1.233903244137763977e-01,2.242671400308609009e-01,3.190045058727264404e-02,2.023059874773025513e-01,1.527957320213317871e-01,6.689107418060302734e-02,1.038153544068336487e-01,3.522311747074127197e-01,2.113496214151382446e-01,2.558966577053070068e-01,1.974801570177078247e-01,6.746231019496917725e-02,1.377562284469604492e-01,6.032365560531616211e-02,2.042586803436279297e-01,5.431554317474365234e-01,3.025827705860137939e-01,4.899979531764984131e-01,1.517550200223922729e-01,4.651477634906768799e-01,2.565333843231201172e-01,4.619983732700347900e-01,3.239893317222595215e-01,2.871013283729553223e-01,2.169323861598968506e-01,2.145147770643234253e-01,1.509420424699783325e-01,4.617674052715301514e-01,3.507151603698730469e-01,2.301786690950393677e-01,3.094838857650756836e-01,2.317637950181961060e-01,2.969032526016235352e-01,8.136524260044097900e-02,1.758436858654022217e-01,2.347535192966461182e-01,2.016406953334808350e-01,-4.288143292069435120e-02,1.471720337867736816e-01,3.333024084568023682e-01,2.598741650581359863e-01,2.555170059204101562e-01,4.652002751827239990e-01,3.031359910964965820e-01,2.156815677881240845e-01,1.390988975763320923e-01,3.519707918167114258e-02,1.494407951831817627e-01,1.760280281305313110e-01,4.533624649047851562e-02,7.635961472988128662e-02,-7.924817502498626709e-02,-3.615875169634819031e-02,-5.920166615396738052e-03,-1.501849852502346039e-02,4.109125211834907532e-02,1.535487547516822815e-02,2.835810184478759766e-01,3.118770122528076172e-01,6.558473408222198486e-02,1.249586269259452820e-01,7.860331982374191284e-02,3.534621894359588623e-01,2.330421358346939087e-01,2.625334262847900391e-01,-1.356206182390451431e-02,1.245550066232681274e-01,-1.893359702080488205e-03,-1.084019988775253296e-01,-5.367416888475418091e-02,5.653014779090881348e-02,4.096277430653572083e-02,2.354533672332763672e-01,1.648723036050796509e-01,1.119968965649604797e-01
4.163318574428558350e-01,9.999998211860656738e-01,2.362323105335235596e-01,2.613002657890319824e-01,2.538577914237976074e-01,6.760777533054351807e-02,2.237201631069183350e-01,5.452240109443664551e-01,3.364042639732360840e-01,2.361166924238204956e-01,1.963929980993270874e-01,6.533752679824829102e-01,4.089470580220222473e-02,5.170752406120300293e-01,2.785377800464630127e-01,3.381050229072570801e-01,3.203305602073669434e-02,3.948086500167846680e-01,3.453560769557952881e-01,4.836015701293945312e-01,4.820963740348815918e-02,-5.353896319866180420e-02,1.267160326242446899e-01,1.944717466831207275e-01,2.720860764384269714e-02,2.788487374782562256e-01,8.881175518035888672e-02,1.441226154565811157e-01,3.124534189701080322e-01,4.209305047988891602e-01,-2.166611514985561371e-02,9.882070124149322510e-02,3.016367256641387939e-01,4.115205407142639160e-01,-4.041393846273422241e-02,-2.751772059127688408e-03,-1.276462823152542114e-01,4.898070544004440308e-02,-7.833722233772277832e-02,-1.427158564329147339e-01,-3.615819290280342102e-02,1.303020119667053223e-01,1.619404107332229614e-01,2.391490899026393890e-02,1.960981190204620361e-01,2.816844880580902100e-01,1.907540112733840942e-01,2.132414877414703369e-01,3.370495736598968506e-01,4.795727729797363281e-01,2.284821718931198120e-01,5.147014260292053223e-01,3.002184033393859863e-01,2.905715405941009521e-01,8.077280223369598389e-02,2.220672518014907837e-01,3.885717391967773438e-01,6.085898280143737793e-01,4.293662309646606445e-01,5.383444428443908691e-01,3.898222148418426514e-01,5.971313118934631348e-01,2.554097473621368408e-01,6.222688555717468262e-01,2.745708823204040527e-01,5.573601722717285156e-01,2.931610345840454102e-01,3.008404076099395752e-01,5.053159594535827637e-01,2.671644091606140137e-01,1.419648379087448120e-01,1.244074851274490356e-01,1.408736109733581543e-01,3.535500466823577881e-01,5.470074713230133057e-02,2.346405833959579468e-01,5.574902519583702087e-02,1.668194979429244995e-01,2.168261408805847168e-01,3.611723482608795166e-01,2.541566193103790283e-01,5.006726384162902832e-01,5.132592096924781799e-02,2.701044678688049316e-01,-1.067399978637695312e-02,3.558071255683898926e-01,1.355915665626525879e-01,1.155471280217170715e-01,-3.816060721874237061e-02,2.826643288135528564e-01,1.065307930111885071e-01,1.439899057149887085e-01,-1.125370487570762634e-01,-2.399342879652976990e-02,3.015140257775783539e-02,-1.205475348979234695e-02,9.796947985887527466e-02,2.956306934356689453e-02,3.451419472694396973e-01,3.308490514755249023e-01,1.125661283731460571e-01,2.951353788375854492e-02,2.058314234018325806e-01,1.698169559240341187e-01,1.340637505054473877e-01,9.817206114530563354e-02,6.359612196683883667e-02,-4.102309420704841614e-02,-1.169460490345954895e-01,-5.650810152292251587e-02,-4.153115674853324890e-03,4.733047634363174438e-02,5.728731048293411732e-04,1.238532513380050659e-01,6.867253035306930542e-02,-3.726062830537557602e-03
5.556965470314025879e-01,2.362323105335235596e-01,1.000000000000000000e+00,6.253056526184082031e-01,1.506296992301940918e-01,2.264985740184783936e-01,7.004640102386474609e-01,4.384387433528900146e-01,2.643638849258422852e-01,3.114197850227355957e-01,3.349051475524902344e-01,3.330952227115631104e-01,3.162539601325988770e-01,3.042435944080352783e-01,4.041784703731536865e-01,3.710433542728424072e-01,-3.530757874250411987e-02,3.066352307796478271e-01,5.961555242538452148e-01,4.214696586132049561e-01,3.632764518260955811e-01,2.827282547950744629e-01,6.702290773391723633e-01,5.066324472427368164e-01,4.060242176055908203e-01,4.131161868572235107e-01,3.693715631961822510e-01,2.606912255287170410e-01,1.308833956718444824e-01,3.727706074714660645e-01,4.371797442436218262e-01,4.033624827861785889e-01,4.112456142902374268e-01,5.253145098686218262e-01,2.987577021121978760e-01,2.898283302783966064e-01,2.120378464460372925e-01,1.251206845045089722e-01,2.399889975786209106e-01,1.082997396588325500e-01,1.977670043706893921e-01,1.862847656011581421e-01,1.943040788173675537e-01,1.839102506637573242e-01,1.630274057388305664e-01,1.896191984415054321e-01,9.624397009611129761e-02,1.609899699687957764e-01,2.077423036098480225e-01,2.216404527425765991e-01,1.392357945442199707e-01,2.472794353961944580e-01,7.293445616960525513e-02,1.755286008119583130e-01,1.193337514996528625e-02,1.717522591352462769e-01,3.582832515239715576e-01,2.488519549369812012e-01,2.629067897796630859e-01,1.584509909152984619e-01,2.331009805202484131e-01,1.452421247959136963e-01,1.628989726305007935e-01,2.148354202508926392e-01,7.643576711416244507e-02,2.443751543760299683e-01,2.487041205167770386e-01,2.687138617038726807e-01,1.653150171041488647e-01,3.148970603942871094e-01,3.859862089157104492e-01,5.413368940353393555e-01,3.216779232025146484e-01,3.565322160720825195e-01,1.668044775724411011e-01,2.419571578502655029e-01,3.289210796356201172e-01,3.425334095954895020e-01,-9.965855628252029419e-02,1.296710968017578125e-01,6.723142415285110474e-02,2.538261413574218750e-01,3.268848657608032227e-01,4.536490440368652344e-01,2.078434228897094727e-01,3.343360424041748047e-01,2.168892174959182739e-01,6.244317069649696350e-02,9.955823421478271484e-02,2.571026086807250977e-01,6.658223271369934082e-02,1.122550591826438904e-01,3.738604485988616943e-02,1.385801583528518677e-01,-6.047291308641433716e-02,-3.936696797609329224e-02,-6.096388772130012512e-02,2.521760202944278717e-02,1.287497878074645996e-01,2.122080773115158081e-01,1.481626331806182861e-01,2.283035218715667725e-01,6.544647365808486938e-02,3.994806706905364990e-01,2.289618253707885742e-01,2.743486166000366211e-01,-5.317753925919532776e-02,1.603094935417175293e-01,-6.437390297651290894e-02,-1.661536693572998047e-01,-5.508242547512054443e-02,5.112737789750099182e-02,-5.652422551065683365e-03,1.569066494703292847e-01,7.087920606136322021e-02,1.481325030326843262e-01
5.195915102958679199e-01,2.613002657890319824e-01,6.253056526184082031e-01,9.999998211860656738e-01,1.301826834678649902e-01,3.025414645671844482e-01,5.694899559020996094e-01,5.911495089530944824e-01,1.769284456968307495e-01,2.310237437486648560e-01,3.349356949329376221e-01,3.713799118995666504e-01,3.249526023864746094e-01,2.775870859622955322e-01,3.101208806037902832e-01,2.605129480361938477e-01,4.137824289500713348e-03,3.161506652832031250e-01,4.946105480194091797e-01,5.062679052352905273e-01,2.440858930349349976e-01,1.813285350799560547e-01,6.400656700134277344e-01,6.957202553749084473e-01,3.223296403884887695e-01,4.242331087589263916e-01,2.320877611637115479e-01,2.444280683994293213e-01,1.377160251140594482e-01,3.645358085632324219e-01,4.697518944740295410e-01,4.849582612514495850e-01,3.062973618507385254e-01,5.164846777915954590e-01,2.838759124279022217e-01,2.363600134849548340e-01,1.224106028676033020e-01,1.137830689549446106e-01,9.116076678037643433e-02,3.577876463532447815e-02,8.771264553070068359e-02,1.383858025074005127e-01,2.267747670412063599e-01,1.517660468816757202e-01,1.919944137334823608e-01,1.912321299314498901e-01,1.752917319536209106e-01,2.502723038196563721e-01,1.694416850805282593e-01,1.851061284542083740e-01,1.369700580835342407e-01,2.285865992307662964e-01,9.013142436742782593e-02,1.664870381355285645e-01,-6.247795000672340393e-02,1.298182457685470581e-01,3.851862251758575439e-01,1.970651000738143921e-01,1.821290403604507446e-01,3.454709798097610474e-02,2.171577215194702148e-01,1.179014742374420166e-01,2.045297175645828247e-01,1.665169298648834229e-01,1.727888882160186768e-01,2.897835671901702881e-01,2.021726518869400024e-01,2.332342416048049927e-01,2.863837182521820068e-01,2.252472490072250366e-01,2.872444093227386475e-01,4.816678166389465332e-01,2.439614236354827881e-01,3.487369120121002197e-01,1.806402504444122314e-01,2.552967667579650879e-01,2.174588143825531006e-01,2.700212895870208740e-01,-8.422144502401351929e-02,1.727852076292037964e-01,1.087538450956344604e-01,2.774467170238494873e-01,1.715822815895080566e-01,3.334807157516479492e-01,1.173342764377593994e-01,2.695355415344238281e-01,1.304244548082351685e-01,3.543937206268310547e-02,-6.964181363582611084e-02,1.589369177818298340e-01,9.679526090621948242e-02,7.379635423421859741e-02,5.328571796417236328e-02,7.543963193893432617e-02,-2.358167432248592377e-03,2.811693772673606873e-02,7.199241966009140015e-02,1.497241109609603882e-01,2.141687721014022827e-01,1.994432359933853149e-01,1.789054274559020996e-01,1.463724970817565918e-01,1.692361831665039062e-01,3.291525244712829590e-01,1.257338970899581909e-01,1.512297838926315308e-01,-3.915103524923324585e-02,7.996907830238342285e-02,-6.162395328283309937e-02,2.044690586626529694e-02,1.273539215326309204e-01,1.986480653285980225e-01,2.447961643338203430e-02,8.951105177402496338e-02,1.314487606287002563e-01,8.913520723581314087e-02
9.330487996339797974e-02,2.538577914237976074e-01,1.506296992301940918e-01,1.301826834678649902e-01,1.000000238418579102e+00,2.162417322397232056e-01,1.394952386617660522e-01,2.731223106384277344e-01,3.380481302738189697e-01,3.679995238780975342e-01,-7.818536460399627686e-02,2.535010874271392822e-01,-2.917976118624210358e-02,4.003858268260955811e-01,2.593635320663452148e-01,4.843745231628417969e-01,-1.888201087713241577e-01,9.227111190557479858e-02,1.188646480441093445e-01,1.666503995656967163e-01,2.854936718940734863e-01,3.232281506061553955e-01,1.230016648769378662e-01,1.351584941148757935e-01,2.552956640720367432e-01,1.886647194623947144e-01,3.477592766284942627e-01,4.718039333820343018e-01,8.971164375543594360e-02,2.945111989974975586e-01,3.104183264076709747e-02,1.410632431507110596e-01,9.487383812665939331e-02,1.879601031541824341e-01,2.101610973477363586e-02,7.870521396398544312e-02,-9.287867695093154907e-02,5.595200881361961365e-02,-1.097803376615047455e-02,1.994056999683380127e-02,-1.392053663730621338e-01,2.324174940586090088e-01,2.365020476281642914e-02,6.694161891937255859e-02,1.224756538867950439e-01,2.226743996143341064e-01,1.212760955095291138e-01,8.383946120738983154e-02,4.617512971162796021e-02,2.348483502864837646e-01,-7.897133007645606995e-03,2.908112406730651855e-01,2.344039976596832275e-01,1.653944104909896851e-01,8.111246675252914429e-02,1.555186361074447632e-01,1.020638421177864075e-01,2.228378057479858398e-01,1.949167698621749878e-01,2.697221934795379639e-01,7.371569424867630005e-02,2.444410175085067749e-01,-7.149097323417663574e-02,2.169803082942962646e-01,-6.015918217599391937e-03,3.118335008621215820e-01,1.277863681316375732e-01,2.072716504335403442e-01,8.587317168712615967e-02,1.628805100917816162e-01,2.315784394741058350e-01,2.270086556673049927e-01,1.783917099237442017e-01,1.546880751848220825e-01,2.021431177854537964e-01,1.306754350662231445e-01,2.158976495265960693e-01,1.188515275716781616e-01,-6.680487096309661865e-02,1.201177611947059631e-01,5.464555695652961731e-02,1.950353235006332397e-01,2.347831241786479950e-02,2.025480866432189941e-01,-2.811911702156066895e-02,2.974658012390136719e-01,2.673844099044799805e-01,2.463315725326538086e-01,2.460439573042094707e-04,2.340845018625259399e-01,7.185435295104980469e-02,8.841103315353393555e-02,-1.281110104173421860e-02,-1.776458881795406342e-02,6.537106633186340332e-02,1.664005517959594727e-01,4.663247987627983093e-02,7.737571001052856445e-02,1.547659635543823242e-01,1.663067638874053955e-01,9.560374915599822998e-02,-1.375345606356859207e-02,4.893412441015243530e-02,5.304124951362609863e-02,1.006743535399436951e-01,3.879548981785774231e-02,1.499626487493515015e-01,-1.154456287622451782e-01,-1.212500385008752346e-03,-7.542121410369873047e-02,-8.588496595621109009e-02,9.688852727413177490e-02,1.037642657756805420e-01,1.370864212512969971e-01,8.024204522371292114e-02,1.265768408775329590e-01
1.246911510825157166e-01,6.760777533054351807e-02,2.264985740184783936e-01,3.025414645671844482e-01,2.162417322397232056e-01,9.999998211860656738e-01,1.888910531997680664e-01,1.214727014303207397e-01,8.621294051408767700e-03,4.611693322658538818e-01,1.940001398324966431e-01,1.041304394602775574e-01,9.293202310800552368e-02,-6.609316915273666382e-02,2.210904806852340698e-01,1.842372864484786987e-01,-2.544038183987140656e-02,3.928109705448150635e-01,9.482853114604949951e-02,2.455292083323001862e-02,1.607295870780944824e-01,2.861245572566986084e-01,2.152064144611358643e-01,2.955517172813415527e-01,1.766695231199264526e-01,4.746852815151214600e-01,2.390438020229339600e-01,3.947298228740692139e-01,-2.799306996166706085e-02,2.890084981918334961e-01,2.849167883396148682e-01,3.844817876815795898e-01,7.320819795131683350e-02,1.965154111385345459e-01,1.329536586999893188e-01,1.026134490966796875e-01,6.917028874158859253e-02,1.169544644653797150e-02,-6.237524747848510742e-02,-1.840970595367252827e-03,2.707854099571704865e-02,2.125060558319091797e-02,1.132303550839424133e-01,1.379084289073944092e-01,1.336567103862762451e-01,1.983036994934082031e-01,1.011538654565811157e-01,2.896057963371276855e-01,1.244313418865203857e-01,1.895761340856552124e-01,1.414407491683959961e-01,2.861106097698211670e-01,5.666934326291084290e-02,2.363172173500061035e-01,-1.962080001831054688e-01,1.316443979740142822e-01,6.038578227162361145e-02,9.718494862318038940e-02,9.027120471000671387e-02,1.522039026021957397e-01,6.214940175414085388e-02,1.734056025743484497e-01,1.471216790378093719e-02,1.546103060245513916e-01,1.642327159643173218e-01,3.287759423255920410e-01,1.679208278656005859e-01,2.022839337587356567e-01,-3.121526539325714111e-02,5.870681256055831909e-02,2.416155673563480377e-02,3.788610100746154785e-01,7.044677622616291046e-03,3.614353239536285400e-01,1.510529369115829468e-01,2.991253137588500977e-01,3.592613711953163147e-02,1.728969216346740723e-01,-6.521078199148178101e-02,3.337400257587432861e-01,-4.009754583239555359e-02,3.691919744014739990e-01,-1.526789069175720215e-01,1.237866729497909546e-01,1.748585142195224762e-02,2.077319175004959106e-01,1.755849868059158325e-01,1.347655951976776123e-01,-7.222992181777954102e-02,1.186101138591766357e-01,1.118004843592643738e-01,1.320629566907882690e-01,1.072492152452468872e-01,1.439762115478515625e-01,9.098501503467559814e-02,5.179420113563537598e-02,9.562057256698608398e-02,6.513117253780364990e-02,1.196149736642837524e-01,1.172666922211647034e-01,1.607246696949005127e-01,1.756107211112976074e-01,8.182580769062042236e-02,1.906280070543289185e-01,-6.232143938541412354e-02,4.966202005743980408e-02,7.743775099515914917e-02,1.023984514176845551e-02,-7.256061770021915436e-03,7.300174236297607422e-02,1.664576828479766846e-01,1.698198914527893066e-01,3.121301718056201935e-02,2.275804989039897919e-02,-1.777930557727813721e-02,-8.465023338794708252e-02
6.245973706245422363e-01,2.237201631069183350e-01,7.004640102386474609e-01,5.694899559020996094e-01,1.394952386617660522e-01,1.888910531997680664e-01,9.999998211860656738e-01,3.726689219474792480e-01,3.020965158939361572e-01,2.976293861865997314e-01,3.555239140987396240e-01,2.947890758514404297e-01,4.321156740188598633e-01,2.723743319511413574e-01,4.546855390071868896e-01,3.586070537567138672e-01,-5.568380653858184814e-02,2.441374510526657104e-01,6.201640963554382324e-01,4.851814210414886475e-01,3.348455429077148438e-01,2.756709754467010498e-01,6.034126877784729004e-01,4.071893393993377686e-01,3.874945044517517090e-01,3.686325252056121826e-01,3.837979137897491455e-01,2.481509894132614136e-01,1.987679898738861084e-01,4.286584854125976562e-01,3.936440050601959229e-01,3.497005105018615723e-01,4.962399601936340332e-01,5.456399917602539062e-01,1.926068067550659180e-01,2.060661613941192627e-01,2.685811519622802734e-01,1.799505800008773804e-01,2.946199178695678711e-01,1.596837043762207031e-01,2.116223126649856567e-01,2.067243605852127075e-01,1.623901426792144775e-01,1.051589995622634888e-01,1.712504774332046509e-01,1.597040444612503052e-01,5.226077511906623840e-02,6.649643182754516602e-02,2.331106364727020264e-01,1.578563898801803589e-01,1.237704232335090637e-01,1.503515839576721191e-01,2.851451933383941650e-02,8.374033868312835693e-02,8.489218354225158691e-02,1.835025995969772339e-01,3.561919629573822021e-01,2.103862315416336060e-01,3.445409238338470459e-01,1.157076358795166016e-01,2.190516591072082520e-01,1.342370361089706421e-01,2.442793101072311401e-01,2.380612045526504517e-01,8.420193940401077271e-02,1.822601705789566040e-01,2.169047743082046509e-01,1.852878928184509277e-01,2.517786026000976562e-01,3.351967930793762207e-01,3.944483101367950439e-01,5.364594459533691406e-01,3.825288116931915283e-01,3.429040610790252686e-01,2.321985512971878052e-01,1.919108033180236816e-01,3.055993616580963135e-01,3.046172857284545898e-01,-1.590379029512405396e-01,8.511311560869216919e-02,1.773983389139175415e-01,2.369170337915420532e-01,3.236114978790283203e-01,4.670526683330535889e-01,2.577191293239593506e-01,2.526491284370422363e-01,2.212459146976470947e-01,1.067726314067840576e-01,1.315529644489288330e-01,2.453539520502090454e-01,2.371428348124027252e-02,7.554626464843750000e-02,6.359059829264879227e-03,6.756369024515151978e-02,-5.810199305415153503e-02,-1.155977230519056320e-02,-1.653571799397468567e-02,5.807448923587799072e-02,1.601233333349227905e-01,2.645352184772491455e-01,1.800330579280853271e-01,2.527824640274047852e-01,1.387777179479598999e-01,4.478873312473297119e-01,3.140014708042144775e-01,3.377740681171417236e-01,-8.948397822678089142e-03,1.858831048011779785e-01,1.009533833712339401e-02,-1.170245781540870667e-01,-8.315810561180114746e-02,5.489986389875411987e-02,1.355673465877771378e-02,2.275256067514419556e-01,1.497388333082199097e-01,1.640089750289916992e-01
3.411950767040252686e-01,5.452240109443664551e-01,4.384387433528900146e-01,5.911495089530944824e-01,2.731223106384277344e-01,1.214727014303207397e-01,3.726689219474792480e-01,1.000000119209289551e+00,2.759110629558563232e-01,2.924226522445678711e-01,2.571679651737213135e-01,5.853328108787536621e-01,2.701394855976104736e-01,5.749931931495666504e-01,2.603747248649597168e-01,4.210346341133117676e-01,-7.232555001974105835e-02,3.223854303359985352e-01,3.316915333271026611e-01,4.364002943038940430e-01,2.044172435998916626e-01,6.448076665401458740e-02,3.897312879562377930e-01,5.042119622230529785e-01,2.466558814048767090e-01,3.073543608188629150e-01,1.566559672355651855e-01,2.972629666328430176e-01,2.276712208986282349e-01,4.073666632175445557e-01,3.061799407005310059e-01,3.935592770576477051e-01,3.169158101081848145e-01,5.699241161346435547e-01,1.624869257211685181e-01,1.793087869882583618e-01,-5.610435269773006439e-03,3.573537617921829224e-02,6.975656747817993164e-02,-4.706416279077529907e-02,-1.018028985708951950e-02,2.065077424049377441e-01,1.653642654418945312e-01,1.311082690954208374e-01,1.711880266666412354e-01,2.680282890796661377e-01,2.694358825683593750e-01,2.108788788318634033e-01,1.322501152753829956e-01,3.628965318202972412e-01,7.056430727243423462e-02,4.216187894344329834e-01,2.177733331918716431e-01,1.936514526605606079e-01,7.035151869058609009e-02,1.303185820579528809e-01,3.364336192607879639e-01,3.811662495136260986e-01,2.021074891090393066e-01,2.979363203048706055e-01,1.996751874685287476e-01,3.220880031585693359e-01,1.276755034923553467e-01,3.522149920463562012e-01,1.112032309174537659e-01,4.510563015937805176e-01,2.281436324119567871e-01,3.308598995208740234e-01,3.447203338146209717e-01,1.935091614723205566e-01,3.108443319797515869e-01,3.396642506122589111e-01,3.135086894035339355e-01,3.195342123508453369e-01,1.827638894319534302e-01,2.193130403757095337e-01,1.622211635112762451e-01,1.982607245445251465e-01,-4.056083504110574722e-03,1.882635504007339478e-01,8.090874552726745605e-02,3.282589018344879150e-01,1.557978242635726929e-01,3.090832233428955078e-01,-7.071602344512939453e-02,3.173982203006744385e-01,1.628871560096740723e-01,1.209444031119346619e-01,-9.263539314270019531e-02,2.588607072830200195e-01,6.808678805828094482e-02,4.098114743828773499e-02,-6.907835602760314941e-02,-4.591893404722213745e-02,-5.028968676924705505e-02,-1.564281433820724487e-02,-7.627336774021387100e-03,8.180622011423110962e-02,2.322389334440231323e-01,1.879247725009918213e-01,1.588960140943527222e-01,9.420726448297500610e-03,2.250627577304840088e-01,1.893175691366195679e-01,1.578772515058517456e-01,1.016907244920730591e-01,6.120856851339340210e-02,-7.093958556652069092e-02,-1.819551885128021240e-01,-7.636630535125732422e-02,1.079727057367563248e-02,9.407322108745574951e-02,-6.418063491582870483e-02,4.000408947467803955e-02,8.459047228097915649e-02,1.228124052286148071e-01
2.954882681369781494e-01,3.364042639732360840e-01,2.643638849258422852e-01,1.769284456968307495e-01,3.380481302738189697e-01,8.621294051408767700e-03,3.020965158939361572e-01,2.759110629558563232e-01,1.000000119209289551e+00,1.475776284933090210e-01,7.643793523311614990e-02,3.053429424762725830e-01,2.278680801391601562e-01,3.424679040908813477e-01,4.158954322338104248e-01,2.779633998870849609e-01,-1.302297711372375488e-01,9.235922247171401978e-02,3.237684071063995361e-01,2.572808265686035156e-01,2.866030633449554443e-01,2.447819113731384277e-01,2.015239745378494263e-01,1.095367744565010071e-01,2.002460509538650513e-01,1.040583848953247070e-01,2.920992374420166016e-01,2.515321075916290283e-01,2.045165151357650757e-01,2.974972128868103027e-01,2.977952174842357635e-02,8.716781437397003174e-02,2.429360896348953247e-01,2.693651020526885986e-01,2.073596976697444916e-02,7.411004602909088135e-02,-1.045880094170570374e-02,2.051537334918975830e-01,5.736756697297096252e-02,7.292853295803070068e-02,3.256055340170860291e-02,2.412584424018859863e-01,3.227191418409347534e-02,1.728748716413974762e-02,8.700563758611679077e-02,1.409880220890045166e-01,-1.653384976089000702e-02,-2.130335196852684021e-02,9.910797327756881714e-02,1.687493622303009033e-01,-3.500550985336303711e-03,1.806261241436004639e-01,7.331052422523498535e-02,7.869824022054672241e-02,8.005928993225097656e-02,1.030667796730995178e-01,2.013441473245620728e-01,2.447757273912429810e-01,2.450878769159317017e-01,1.838739365339279175e-01,1.542060077190399170e-01,2.217705249786376953e-01,2.920073829591274261e-02,2.816211879253387451e-01,6.771156191825866699e-02,2.772465050220489502e-01,1.051820442080497742e-01,1.147019863128662109e-01,1.433535814285278320e-01,1.802458018064498901e-01,2.989147603511810303e-01,2.677809298038482666e-01,1.837631762027740479e-01,1.214502751827239990e-01,1.143332421779632568e-01,7.338964939117431641e-02,1.474398821592330933e-01,1.083844378590583801e-01,-7.841416448354721069e-02,9.030911326408386230e-02,3.957333043217658997e-02,2.031624615192413330e-01,2.299580872058868408e-01,2.572627961635589600e-01,7.070058584213256836e-02,2.898381948471069336e-01,3.000417947769165039e-01,1.413051187992095947e-01,1.339176297187805176e-01,2.719506323337554932e-01,2.695758454501628876e-02,1.005427762866020203e-01,-5.531053524464368820e-03,3.997239843010902405e-02,4.142588470131158829e-03,1.023100614547729492e-01,5.929457023739814758e-03,-3.119817748665809631e-02,7.526261359453201294e-02,1.801622956991195679e-01,1.772001683712005615e-01,1.769931465387344360e-01,9.602099657058715820e-02,2.648238539695739746e-01,2.140400111675262451e-01,1.572141349315643311e-01,6.499353051185607910e-02,-5.336586013436317444e-02,-2.974723465740680695e-03,-8.879149705171585083e-02,-9.831569343805313110e-02,6.318642944097518921e-02,6.579642742872238159e-02,2.135720551013946533e-01,1.454641222953796387e-01,1.586306989192962646e-01
1.946647614240646362e-01,2.361166924238204956e-01,3.114197850227355957e-01,2.310237437486648560e-01,3.679995238780975342e-01,4.611693322658538818e-01,2.976293861865997314e-01,2.924226522445678711e-01,1.475776284933090210e-01,1.000000000000000000e+00,1.842720210552215576e-01,2.530854642391204834e-01,1.317464113235473633e-01,2.954902350902557373e-01,2.694416642189025879e-01,5.733355879783630371e-01,-9.697201848030090332e-02,3.400371968746185303e-01,2.242608368396759033e-01,1.112294718623161316e-01,2.819469869136810303e-01,3.284054994583129883e-01,1.927843093872070312e-01,1.744210422039031982e-01,2.868615388870239258e-01,3.266446590423583984e-01,4.504306912422180176e-01,5.425622463226318359e-01,1.364200413227081299e-01,3.911669850349426270e-01,1.147646233439445496e-01,2.320813983678817749e-01,1.782407909631729126e-01,3.398886620998382568e-01,8.462408930063247681e-02,1.616606712341308594e-01,1.877748221158981323e-01,-1.301286220550537109e-01,2.167463600635528564e-01,-8.549544215202331543e-02,5.564028397202491760e-02,1.359824985265731812e-01,1.310467272996902466e-01,1.910653859376907349e-01,1.316717118024826050e-01,2.416093200445175171e-01,2.149207741022109985e-01,1.502915322780609131e-01,1.102250218391418457e-01,2.447687387466430664e-01,7.877841591835021973e-02,3.286861181259155273e-01,1.788232028484344482e-01,1.079807355999946594e-01,-4.379433020949363708e-02,6.258907914161682129e-02,1.268386840820312500e-01,2.558350265026092529e-01,2.051184773445129395e-01,3.190324902534484863e-01,7.647532224655151367e-02,2.985129058361053467e-01,-7.318797707557678223e-02,2.533673644065856934e-01,1.857736334204673767e-02,3.636552989482879639e-01,2.302673608064651489e-01,3.273559212684631348e-01,2.331879176199436188e-02,2.283994853496551514e-01,2.526554465293884277e-01,3.936699628829956055e-01,2.935076057910919189e-01,3.062908351421356201e-01,2.219672650098800659e-01,1.530185192823410034e-01,2.233944833278656006e-01,2.162856161594390869e-01,-9.616450220346450806e-02,1.765036135911941528e-01,-9.615613147616386414e-03,2.698924541473388672e-01,6.530357152223587036e-02,2.774103879928588867e-01,5.320809409022331238e-02,2.378562241792678833e-01,3.160360753536224365e-01,1.811438947916030884e-01,1.004818975925445557e-01,1.321548968553543091e-01,9.954607486724853516e-02,1.090820804238319397e-01,3.876372799277305603e-02,1.134863048791885376e-01,6.063341163098812103e-03,2.434087358415126801e-02,-3.109675459563732147e-02,1.056849956512451172e-02,1.667938381433486938e-01,1.847437322139739990e-01,1.613130122423171997e-01,1.047788262367248535e-01,8.831706643104553223e-02,2.356842160224914551e-01,1.971449553966522217e-01,1.739400178194046021e-01,1.473904252052307129e-01,-3.725602850317955017e-02,-2.187178470194339752e-02,-4.438192024827003479e-02,-7.624296844005584717e-02,7.652363926172256470e-02,2.985330065712332726e-03,4.333106800913810730e-02,1.399931963533163071e-02,1.650414615869522095e-02
4.003888368606567383e-01,1.963929980993270874e-01,3.349051475524902344e-01,3.349356949329376221e-01,-7.818536460399627686e-02,1.940001398324966431e-01,3.555239140987396240e-01,2.571679651737213135e-01,7.643793523311614990e-02,1.842720210552215576e-01,1.000000238418579102e+00,2.875116169452667236e-01,3.633569478988647461e-01,9.474702179431915283e-02,3.466792106628417969e-01,1.296987384557723999e-01,2.620851695537567139e-01,3.056871592998504639e-01,2.817418277263641357e-01,2.958998382091522217e-01,1.468743979930877686e-01,-6.715245544910430908e-02,3.762955069541931152e-01,3.462466001510620117e-01,2.379758059978485107e-01,1.973757892847061157e-01,1.573526710271835327e-01,1.242763921618461609e-02,1.564915627241134644e-01,1.882362365722656250e-01,3.176796138286590576e-01,3.056088089942932129e-01,3.780029416084289551e-01,3.961781561374664307e-01,1.448071748018264771e-01,1.773219853639602661e-01,1.010503917932510376e-01,-4.025402665138244629e-02,1.027266904711723328e-01,6.683255732059478760e-02,1.616363674402236938e-01,1.366865448653697968e-02,1.235857531428337097e-01,2.390334010124206543e-02,-4.816311225295066833e-02,-3.753128647804260254e-02,3.814241290092468262e-02,9.772566705942153931e-02,1.502290964126586914e-01,6.565008312463760376e-02,1.758552789688110352e-01,1.010712757706642151e-01,-2.554861642420291901e-02,7.635529339313507080e-02,-1.622419357299804688e-01,1.282075792551040649e-01,4.641352593898773193e-01,2.282325774431228638e-01,2.027406245470046997e-01,3.447495028376579285e-02,3.482806980609893799e-01,7.916247844696044922e-02,3.348233401775360107e-01,1.703734695911407471e-01,1.648242622613906860e-01,6.711221486330032349e-02,2.063100934028625488e-01,1.136486902832984924e-01,2.872647941112518311e-01,1.382315605878829956e-01,7.836264371871948242e-02,1.412785202264785767e-01,1.700281053781509399e-01,2.236155718564987183e-01,6.192421913146972656e-02,9.660091996192932129e-02,8.173430711030960083e-02,1.905782520771026611e-01,-2.814767649397253990e-03,2.031348794698715210e-01,1.374232321977615356e-01,2.037766277790069580e-01,2.231314331293106079e-01,2.887457609176635742e-01,2.018464356660842896e-01,1.016749069094657898e-01,6.413707882165908813e-02,9.425125271081924438e-02,1.309590935707092285e-01,1.194123998284339905e-01,-5.328612029552459717e-02,-1.009727418422698975e-01,-1.308124810457229614e-01,-1.771008670330047607e-01,-1.515460908412933350e-01,-1.664272099733352661e-01,-1.260955780744552612e-01,-9.395878762006759644e-02,6.058313325047492981e-02,-2.330636233091354370e-02,-5.002024024724960327e-02,-9.649697691202163696e-02,6.573497317731380463e-03,1.065374389290809631e-01,1.349387168884277344e-01,1.590977460145950317e-01,-7.737996429204940796e-02,3.662825096398591995e-03,-8.900240808725357056e-02,-6.825220584869384766e-02,3.576564602553844452e-03,-9.789361059665679932e-02,-1.665869355201721191e-01,-8.476231247186660767e-02,-8.445589989423751831e-02,-9.835627675056457520e-02
4.201834201812744141e-01,6.533752679824829102e-01,3.330952227115631104e-01,3.713799118995666504e-01,2.535010874271392822e-01,1.041304394602775574e-01,2.947890758514404297e-01,5.853328108787536621e-01,3.053429424762725830e-01,2.530854642391204834e-01,2.875116169452667236e-01,1.000000238418579102e+00,1.384554207324981689e-01,6.211574077606201172e-01,2.818640470504760742e-01,4.059737026691436768e-01,-2.668881043791770935e-02,5.293297767639160156e-01,3.182778656482696533e-01,4.568393528461456299e-01,1.439766734838485718e-01,8.311368525028228760e-03,2.712541818618774414e-01,3.162307739257812500e-01,1.657908409833908081e-01,3.322688937187194824e-01,1.068267449736595154e-01,1.874792873859405518e-01,2.332216501235961914e-01,4.567035436630249023e-01,2.056480795145034790e-01,3.254856467247009277e-01,3.853911757469177246e-01,4.751593470573425293e-01,9.686265140771865845e-02,8.875525742769241333e-02,-3.791158320382237434e-03,2.210357598960399628e-02,5.413918942213058472e-02,-5.127529799938201904e-02,4.508208855986595154e-02,1.304198652505874634e-01,1.107114702463150024e-01,3.309519588947296143e-02,1.256520897150039673e-01,2.155137807130813599e-01,1.634508371353149414e-01,2.089738994836807251e-01,2.048705667257308960e-01,3.973831534385681152e-01,1.168832108378410339e-01,4.424762725830078125e-01,1.966629773378372192e-01,2.495321780443191528e-01,7.327213138341903687e-02,2.016624063253402710e-01,3.604468405246734619e-01,4.696687757968902588e-01,2.875139713287353516e-01,3.560137748718261719e-01,2.880090773105621338e-01,4.346146583557128906e-01,1.949936598539352417e-01,5.287787318229675293e-01,1.571675986051559448e-01,4.843712151050567627e-01,2.020390182733535767e-01,2.442289739847183228e-01,3.789983987808227539e-01,1.427791118621826172e-01,1.696294248104095459e-01,1.938797533512115479e-01,2.224587053060531616e-01,3.927420377731323242e-01,1.567024588584899902e-01,2.679424881935119629e-01,1.485033780336380005e-01,2.231351584196090698e-01,8.796270936727523804e-02,3.774077594280242920e-01,1.549912393093109131e-01,4.740266799926757812e-01,1.115567758679389954e-01,2.549282312393188477e-01,-3.896373137831687927e-02,3.295957148075103760e-01,1.054419651627540588e-01,1.636439412832260132e-01,-2.656939206644892693e-03,3.029417991638183594e-01,2.316980250179767609e-02,7.074861973524093628e-02,-1.157906502485275269e-01,-6.134380772709846497e-02,1.171594951301813126e-02,-1.358631812036037445e-02,6.611218303442001343e-02,1.185506698675453663e-03,2.480040788650512695e-01,2.343702763319015503e-01,1.136328876018524170e-01,6.784173846244812012e-02,1.571387499570846558e-01,1.466670930385589600e-01,1.310138851404190063e-01,5.655245482921600342e-02,3.235711529850959778e-02,-5.711251124739646912e-02,-2.040020823478698730e-01,-6.064468622207641602e-02,4.777140542864799500e-02,6.158194318413734436e-02,-6.343688815832138062e-02,9.626553207635879517e-02,1.117500243708491325e-03,-2.361128572374582291e-03
2.690555155277252197e-01,4.089470580220222473e-02,3.162539601325988770e-01,3.249526023864746094e-01,-2.917976118624210358e-02,9.293202310800552368e-02,4.321156740188598633e-01,2.701394855976104736e-01,2.278680801391601562e-01,1.317464113235473633e-01,3.633569478988647461e-01,1.384554207324981689e-01,9.999997615814208984e-01,9.170556813478469849e-02,3.413543701171875000e-01,9.105408936738967896e-02,-7.967259734869003296e-02,6.708211451768875122e-02,2.563816606998443604e-01,1.789892911911010742e-01,1.326362192630767822e-01,1.905974000692367554e-02,2.611194550991058350e-01,1.766433715820312500e-01,2.051503956317901611e-01,6.958342343568801880e-02,1.466825455427169800e-01,1.221335977315902710e-01,4.500271752476692200e-02,2.737119793891906738e-01,2.784039676189422607e-01,2.526559531688690186e-01,2.709163725376129150e-01,2.998758852481842041e-01,8.221858739852905273e-02,7.791117578744888306e-02,2.072350680828094482e-01,1.303794980049133301e-01,2.784078717231750488e-01,2.173349261283874512e-01,2.047720998525619507e-01,1.994648426771163940e-01,7.388690114021301270e-02,6.877629458904266357e-02,4.462575074285268784e-03,-1.257229130715131760e-02,1.471276115626096725e-02,-4.336261376738548279e-02,9.537561563774943352e-04,-3.341007605195045471e-02,-1.821928285062313080e-02,-2.660550549626350403e-02,-1.645877808332443237e-01,-8.757456392049789429e-02,8.659021928906440735e-03,4.374648630619049072e-02,1.317043304443359375e-01,-3.357997536659240723e-02,4.527496173977851868e-02,-1.088376492261886597e-01,-2.781635709106922150e-02,-8.133407682180404663e-02,9.439927339553833008e-02,3.150663152337074280e-02,9.383032447658479214e-04,1.247341651469469070e-02,-5.438888818025588989e-02,-5.415112525224685669e-02,1.507318578660488129e-02,3.338829427957534790e-02,1.625439524650573730e-01,2.899918854236602783e-01,1.292899250984191895e-01,1.005265265703201294e-01,1.448729038238525391e-01,2.447991445660591125e-02,6.522839516401290894e-02,5.700878053903579712e-02,-2.375722676515579224e-01,-5.157946422696113586e-02,-5.794665217399597168e-02,2.846721373498439789e-02,1.663186103105545044e-01,2.315148115158081055e-01,-2.051262371242046356e-02,-3.223726525902748108e-02,4.715707898139953613e-02,-6.881852634251117706e-03,1.197625510394573212e-02,1.220683231949806213e-01,-2.071088403463363647e-01,-1.409046202898025513e-01,-3.539781644940376282e-02,3.575718030333518982e-03,-1.139829680323600769e-02,5.608786270022392273e-02,-5.356675945222377777e-03,1.334197819232940674e-01,-4.806704819202423096e-02,-1.043430995196104050e-02,1.735632717609405518e-01,1.854376196861267090e-01,2.003131508827209473e-01,3.229583501815795898e-01,2.194470763206481934e-01,2.357421964406967163e-01,-3.622691705822944641e-02,5.780664458870887756e-02,-2.595951221883296967e-02,2.957243658602237701e-02,5.179464444518089294e-02,1.109079942107200623e-01,-1.812681555747985840e-02,8.715320378541946411e-02,9.286458790302276611e-02,3.260908182710409164e-03
