9.999997019767761230e-01,3.647293448448181152e-01,2.060989141464233398e-01,1.648456007242202759e-01,-1.067820340394973755e-01,-7.254865020513534546e-02,2.353857755661010742e-01,1.827787309885025024e-01,-1.229473669081926346e-02,1.365295727737247944e-03,2.751130759716033936e-01,1.811509281396865845e-01,3.762481510639190674e-01,3.301983773708343506e-01,1.511269360780715942e-01,1.409681886434555054e-01,2.517403960227966309e-01,1.251096725463867188e-01,3.997859954833984375e-01,3.159899115562438965e-01,-1.154610216617584229e-01,5.971877835690975189e-03,-2.804495580494403839e-02,3.798469901084899902e-02,1.079786643385887146e-01,9.325772523880004883e-02,-7.844799198210239410e-03,-2.658218145370483398e-02,1.726481020450592041e-01,1.066909357905387878e-01,-7.993525266647338867e-02,1.161538958549499512e-01,2.180306911468505859e-01,2.237190306186676025e-01,-2.000157535076141357e-02,-1.269023213535547256e-02,1.613998860120773315e-01,1.303528398275375366e-01,-2.727806381881237030e-02,3.919083997607231140e-02,-8.281338959932327271e-04,2.226965315639972687e-02,-1.035578455775976181e-02,9.780631959438323975e-02,3.748529031872749329e-02,1.164985150098800659e-01,1.005153283476829529e-01,8.081919699907302856e-02,6.970673799514770508e-02,1.162127405405044556e-01,1.719642728567123413e-01,7.263664901256561279e-02,9.276153147220611572e-02,6.219978258013725281e-02,6.665246188640594482e-02,1.222104430198669434e-01,4.499476850032806396e-01,2.680549323558807373e-01,1.615589559078216553e-01,1.268456280231475830e-01,2.314221560955047607e-01,2.118200212717056274e-01,1.558382511138916016e-01,6.283885985612869263e-02,1.394387632608413696e-01,1.378024965524673462e-01,1.658186316490173340e-02,1.696080714464187622e-02,2.998982369899749756e-01,3.478755429387092590e-02,1.021315343677997589e-03,1.210530009120702744e-02,1.346560567617416382e-01,2.039729058742523193e-01,-1.701023615896701813e-02,1.534559726715087891e-01,2.482295632362365723e-01,1.966949701309204102e-01,2.084248363971710205e-01,1.995149552822113037e-01,6.275939196348190308e-02,1.150288730859756470e-01,-8.712457492947578430e-03,-7.449404895305633545e-02,2.755731642246246338e-01,1.575403809547424316e-01,7.839838415384292603e-02,1.141526028513908386e-01,1.243403926491737366e-01,1.497167535126209259e-02,-4.902498051524162292e-02,-1.026364713907241821e-01,-1.276241689920425415e-01,-1.904931217432022095e-01,-1.009824201464653015e-01,-6.315068900585174561e-02,5.369798466563224792e-02,1.106229424476623535e-01,1.038264408707618713e-01,1.167601346969604492e-01,-1.268875598907470703e-01,-2.186427637934684753e-02,-8.802102506160736084e-02,1.186787784099578857e-01,-1.418701559305191040e-01,-6.645787507295608521e-02,-3.889706730842590332e-02,1.466607004404067993e-01,1.247114967554807663e-02,1.380799897015094757e-02,1.658459901809692383e-01,6.616700440645217896e-03,-7.802785187959671021e-02,2.677485533058643341e-02,-6.276391446590423584e-02,-7.242394983768463135e-02
3.647293448448181152e-01,9.999999403953552246e-01,-1.205702796578407288e-01,2.525426447391510010e-01,-1.660307049751281738e-01,6.175271421670913696e-02,-1.064735651016235352e-02,2.704603970050811768e-01,-4.369805380702018738e-02,1.095177009701728821e-01,9.598255157470703125e-02,3.255145847797393799e-01,8.915332704782485962e-02,2.569161057472229004e-01,4.131731763482093811e-02,2.351636141538619995e-01,1.407883614301681519e-01,2.427088171243667603e-01,2.776209712028503418e-01,4.411737024784088135e-01,-3.176397830247879028e-02,1.226032972335815430e-01,-9.476320445537567139e-02,7.132825255393981934e-02,1.724339649081230164e-02,7.007678598165512085e-02,-2.784800343215465546e-02,3.122075274586677551e-02,2.568606138229370117e-01,2.435412555932998657e-01,4.919023811817169189e-02,6.663781404495239258e-02,2.151599675416946411e-01,2.574486136436462402e-01,-4.503787308931350708e-02,-3.191474452614784241e-02,8.541446179151535034e-02,-2.007975243031978607e-02,-7.326459139585494995e-02,4.824310168623924255e-02,6.663995981216430664e-02,5.784217268228530884e-02,2.985882945358753204e-02,8.304201811552047729e-02,3.189393505454063416e-02,5.580253899097442627e-02,7.365296036005020142e-02,9.251454472541809082e-02,2.243567071855068207e-02,8.689621463418006897e-03,-1.116923801600933075e-02,2.651176974177360535e-02,8.453211188316345215e-02,9.821198135614395142e-02,-6.876087188720703125e-02,4.482065886259078979e-02,3.570885062217712402e-01,5.300409197807312012e-01,2.037448808550834656e-02,2.196785062551498413e-01,1.236161291599273682e-01,2.153125256299972534e-01,7.128357142210006714e-02,2.434921860694885254e-01,-1.573326140642166138e-01,5.608879029750823975e-02,-1.014966517686843872e-01,-3.330443799495697021e-02,1.993682682514190674e-01,-5.929239094257354736e-02,6.890847533941268921e-02,1.673959493637084961e-01,1.664286702871322632e-01,1.641587764024734497e-01,4.821539670228958130e-02,1.067017763853073120e-01,1.450778096914291382e-01,2.370919585227966309e-01,1.683221459388732910e-01,2.521862089633941650e-01,1.190661862492561340e-01,2.861578464508056641e-01,-2.145500667393207550e-02,1.094278991222381592e-01,1.174319237470626831e-01,2.445166558027267456e-01,-2.478587627410888672e-02,6.528542190790176392e-02,-1.997385472059249878e-01,1.421882808208465576e-01,-1.332980990409851074e-01,-2.087743431329727173e-01,-1.517490148544311523e-01,-2.666684985160827637e-01,-8.854908496141433716e-02,-4.427104443311691284e-02,2.833436802029609680e-02,7.801572233438491821e-02,1.369609385728836060e-01,1.426963061094284058e-01,-1.091013774275779724e-01,-1.225688233971595764e-01,-2.932752296328544617e-02,7.352423667907714844e-02,-8.319454640150070190e-02,-7.626910507678985596e-02,-7.979572750627994537e-03,1.410603821277618408e-01,4.028005152940750122e-02,-2.045772969722747803e-02,1.133983358740806580e-01,1.346447970718145370e-02,-1.574068665504455566e-01,5.628781020641326904e-02,5.823282059282064438e-03,-1.764462504070252180e-04
2.060989141464233398e-01,-1.205702796578407288e-01,9.999999403953552246e-01,3.161330819129943848e-01,8.637040853500366211e-02,-2.618811726570129395e-01,4.706613421440124512e-01,1.132305189967155457e-01,1.183155253529548645e-01,-5.101215839385986328e-02,2.852573394775390625e-01,1.267945319414138794e-01,2.850733697414398193e-01,1.986060589551925659e-01,8.064197003841400146e-02,-1.026389002799987793e-01,1.654815226793289185e-01,1.317202299833297729e-01,1.695931330323219299e-02,-1.410499960184097290e-02,-6.492466479539871216e-02,-1.062784940004348755e-01,4.558853209018707275e-01,3.003472387790679932e-01,-8.665969222784042358e-02,-1.549700647592544556e-01,3.350055590271949768e-02,-2.119342684745788574e-01,-4.345977678894996643e-02,6.829292327165603638e-02,1.669726222753524780e-01,3.193581700325012207e-01,1.733628809452056885e-01,1.879642009735107422e-01,-1.714959042146801949e-03,-1.421169377863407135e-02,7.381878048181533813e-02,-1.958132535219192505e-02,7.088790833950042725e-02,-7.094948738813400269e-02,1.150199547410011292e-01,4.568292200565338135e-02,3.209299221634864807e-02,-3.653871268033981323e-02,1.165204308927059174e-02,6.466442253440618515e-03,8.213020116090774536e-02,7.867469452321529388e-03,5.510518327355384827e-02,-6.552567332983016968e-02,2.284125834703445435e-01,-1.626413874328136444e-02,1.173309609293937683e-01,5.452532693743705750e-02,1.249238476157188416e-01,8.025466464459896088e-03,1.731059998273849487e-01,7.107122335582971573e-03,7.144075632095336914e-02,-3.904185816645622253e-02,7.379683852195739746e-02,-8.135603740811347961e-03,1.365837305784225464e-01,3.425083681941032410e-02,2.546431124210357666e-01,-1.132830679416656494e-01,4.935675114393234253e-02,-1.062236912548542023e-02,1.776989251375198364e-01,-6.617002189159393311e-02,-4.272215440869331360e-02,-6.526625156402587891e-02,-3.079309500753879547e-02,1.715779155492782593e-01,-7.356291264295578003e-02,1.167189478874206543e-01,3.900713846087455750e-02,-3.131287638098001480e-03,1.054946258664131165e-01,1.750317066907882690e-01,1.352083235979080200e-01,-1.633230969309806824e-02,1.412220150232315063e-01,-7.908202707767486572e-02,1.549281328916549683e-01,-1.453419178724288940e-01,-2.116586314514279366e-03,6.669580005109310150e-03,2.487619370222091675e-01,-1.548095047473907471e-01,-1.568645834922790527e-01,-1.903402507305145264e-01,-7.425412535667419434e-02,2.088087424635887146e-02,-3.969668224453926086e-02,-4.289091005921363831e-02,5.172628164291381836e-02,1.443543098866939545e-02,2.291772514581680298e-02,-1.231347955763339996e-02,-1.152938827872276306e-01,1.043503284454345703e-01,-3.033644985407590866e-03,1.207266226410865784e-01,-3.509862290229648352e-04,8.150713890790939331e-02,2.894007042050361633e-02,-1.088638138025999069e-02,4.952869564294815063e-02,4.359089583158493042e-02,5.619344487786293030e-02,-1.010195836424827576e-01,-3.088453039526939392e-02,2.833596803247928619e-02,-4.968431778252124786e-03,-4.727746546268463135e-02
1.648456007242202759e-01,2.525426447391510010e-01,3.161330819129943848e-01,1.000000119209289551e+00,-3.118824958801269531e-01,-1.709936708211898804e-01,3.434543907642364502e-01,5.657445788383483887e-01,1.277015060186386108e-01,3.176086246967315674e-01,1.274809092283248901e-01,3.171122670173645020e-01,1.810849308967590332e-01,3.532564043998718262e-01,-4.657207429409027100e-02,1.099631115794181824e-01,1.252927333116531372e-01,1.639836430549621582e-01,9.442622214555740356e-02,3.691567182540893555e-01,-2.034956961870193481e-01,-1.391348391771316528e-01,2.064887583255767822e-01,5.052728056907653809e-01,-1.778493374586105347e-01,-8.810076862573623657e-02,-1.651576906442642212e-01,-1.824235469102859497e-01,1.623413152992725372e-02,1.773216426372528076e-01,2.060994207859039307e-01,3.525471389293670654e-01,2.603555023670196533e-01,3.551844358444213867e-01,-1.250519007444381714e-01,-1.770630478858947754e-03,8.197309076786041260e-02,-8.616143465042114258e-02,-2.946905151475220919e-04,-8.823140710592269897e-02,3.219019994139671326e-02,-2.856979146599769592e-02,-6.455676257610321045e-02,-7.937380112707614899e-03,-5.075917765498161316e-02,5.228097364306449890e-02,9.484971314668655396e-02,4.245067015290260315e-02,-3.360936790704727173e-02,-5.187120661139488220e-02,1.014116778969764709e-01,-1.284253131598234177e-02,6.355522572994232178e-02,-1.544857025146484375e-02,3.490824624896049500e-02,5.283989012241363525e-03,1.726992875337600708e-01,1.425305604934692383e-01,7.689864933490753174e-02,1.943477094173431396e-01,1.237394735217094421e-01,3.309947252273559570e-01,1.437057256698608398e-01,2.884698808193206787e-01,-1.374436318874359131e-01,2.160308808088302612e-01,2.860780991613864899e-02,1.719802767038345337e-01,9.590824693441390991e-02,-1.418193243443965912e-02,-3.724009916186332703e-02,-5.491062253713607788e-02,-3.057549148797988892e-02,1.512138843536376953e-01,3.505264595150947571e-02,1.412099748849868774e-01,9.705225378274917603e-02,1.404128670692443848e-01,1.615841174498200417e-03,1.467083990573883057e-01,3.382182121276855469e-02,1.010411754250526428e-01,6.343854218721389771e-02,-8.456598967313766479e-02,-3.101075440645217896e-02,4.670916497707366943e-02,-6.609822064638137817e-02,-5.634064599871635437e-02,-3.959795832633972168e-02,-1.007948741316795349e-01,-2.436389923095703125e-01,-2.525967955589294434e-01,-5.417753383517265320e-02,-1.024199426174163818e-01,-1.090663895010948181e-01,-6.081134080886840820e-02,3.823704645037651062e-02,3.328989446163177490e-02,6.207316741347312927e-02,-3.585372492671012878e-02,-4.515617620199918747e-03,-7.768665999174118042e-02,9.547714143991470337e-02,9.079356491565704346e-02,9.949336526915431023e-04,2.352408133447170258e-02,6.365767866373062134e-02,1.904520951211452484e-02,1.154008209705352783e-01,-1.517922058701515198e-02,9.590848535299301147e-02,-5.429565906524658203e-02,-5.162696912884712219e-02,2.357668615877628326e-02,-6.750544160604476929e-02,-4.287001863121986389e-02
-1.067820340394973755e-01,-1.660307049751281738e-01,8.637040853500366211e-02,-3.118824958801269531e-01,9.999999403953552246e-01,3.979694545269012451e-01,-3.471779450774192810e-02,-2.882293164730072021e-01,2.383910119533538818e-01,-7.268925756216049194e-02,2.483824081718921661e-02,-1.548686623573303223e-01,-6.349450349807739258e-02,-1.858650594949722290e-01,3.466090261936187744e-01,2.322852797806262970e-02,7.430574297904968262e-02,-1.047159358859062195e-01,-1.359417438507080078e-01,-3.288074135780334473e-01,2.754206955432891846e-01,2.288384139537811279e-01,8.197177201509475708e-02,-1.960999518632888794e-01,1.125650033354759216e-01,3.321396932005882263e-02,3.443335294723510742e-01,2.230855375528335571e-01,1.101696342229843140e-01,-1.182186454534530640e-01,-7.824215292930603027e-02,-1.138389557600021362e-01,-1.257187873125076294e-01,-1.667762100696563721e-01,4.929269850254058838e-02,-2.709938958287239075e-02,3.978159651160240173e-02,-7.600914221256971359e-03,1.937614381313323975e-01,6.955399177968502045e-03,1.490060240030288696e-01,1.005572155117988586e-01,1.575793772935867310e-01,7.227933406829833984e-02,5.622425675392150879e-02,-3.039988502860069275e-02,3.727284725755453110e-03,-1.439755223691463470e-02,3.777595609426498413e-02,-2.590584941208362579e-02,-9.239195287227630615e-02,-4.167651757597923279e-02,-9.465306252241134644e-02,-4.631027206778526306e-02,-2.200830355286598206e-02,-9.199827164411544800e-02,-7.316222786903381348e-02,-5.692862439900636673e-03,-5.380681529641151428e-02,-1.752165853977203369e-01,-3.068224899470806122e-02,-1.979654580354690552e-01,-3.259233385324478149e-02,-1.369484812021255493e-01,2.093147337436676025e-01,-1.671292036771774292e-01,-1.106374114751815796e-01,-1.983538419008255005e-01,-5.941880494356155396e-02,-3.009634837508201599e-02,1.331587880849838257e-01,9.793642163276672363e-02,1.601959913969039917e-01,-3.821916133165359497e-02,1.519614458084106445e-01,3.775117546319961548e-02,-5.617433786392211914e-02,-7.613750547170639038e-02,1.303234994411468506e-01,-4.009959474205970764e-02,7.606274634599685669e-02,-4.111988842487335205e-02,1.882248222827911377e-01,1.372435986995697021e-01,6.011789292097091675e-02,-1.308536529541015625e-01,1.398944258689880371e-01,1.081009656190872192e-01,-7.802733685821294785e-03,-2.983840741217136383e-02,-3.138891607522964478e-02,-4.112096130847930908e-02,3.697728365659713745e-02,8.810925483703613281e-02,-6.183326616883277893e-02,-4.680229350924491882e-02,-7.146499305963516235e-02,-1.071869879961013794e-01,1.933396421372890472e-02,-2.375032566487789154e-02,-4.371328279376029968e-02,1.897363178431987762e-02,-5.753776058554649353e-02,-5.012434720993041992e-02,-2.305300161242485046e-02,3.717935830354690552e-02,6.496691703796386719e-02,7.626771926879882812e-02,-7.630950212478637695e-02,-4.574589431285858154e-02,-6.539855897426605225e-02,4.391733929514884949e-02,-3.299100324511528015e-02,5.266961175948381424e-03,-2.578284032642841339e-02,9.657001495361328125e-02
-7.254865020513534546e-02,6.175271421670913696e-02,-2.618811726570129395e-01,-1.709936708211898804e-01,3.979694545269012451e-01,1.000000119209289551e+00,-1.934208720922470093e-01,-2.118401080369949341e-01,3.810342401266098022e-02,4.158403724431991577e-02,-1.221339497715234756e-02,-1.451660692691802979e-01,-2.204035371541976929e-01,-2.573660016059875488e-01,1.121336966753005981e-01,2.770361602306365967e-01,1.269993036985397339e-01,-8.315540850162506104e-02,-2.127964794635772705e-02,-3.618846461176872253e-02,2.258436828851699829e-01,3.297108709812164307e-01,-1.645913720130920410e-01,-8.415286988019943237e-02,-2.985542640089988708e-02,1.254320144653320312e-01,2.427406758069992065e-01,4.086841642856597900e-01,2.426357269287109375e-01,-3.568504750728607178e-02,-8.791200071573257446e-02,-2.075993418693542480e-01,6.103399675339460373e-03,5.343967583030462265e-03,-6.868974771350622177e-03,2.275449037551879883e-02,7.103898562490940094e-03,6.108270958065986633e-02,1.096091642975807190e-01,9.978061169385910034e-02,8.074114471673965454e-02,5.097441747784614563e-02,3.192478790879249573e-02,1.029129605740308762e-02,-4.013487696647644043e-02,-6.956372410058975220e-02,-1.158886030316352844e-01,-9.652514010667800903e-02,-1.285153478384017944e-01,-1.102693751454353333e-01,-2.395799010992050171e-01,1.396385859698057175e-02,-6.530226022005081177e-02,-5.891328677535057068e-02,-9.170065820217132568e-02,-4.387116432189941406e-02,1.056623980402946472e-01,2.151072770357131958e-01,-7.998195290565490723e-02,-2.887122705578804016e-02,1.551965624094009399e-02,2.821205370128154755e-02,5.158738046884536743e-02,1.329778134822845459e-01,-1.025872826576232910e-01,1.228174474090337753e-02,-4.511661082506179810e-02,-2.953229658305644989e-02,2.940800599753856659e-02,8.404418826103210449e-02,2.404814511537551880e-01,1.981599777936935425e-01,2.882434129714965820e-01,-4.159076139330863953e-02,1.805624067783355713e-01,6.852017343044281006e-02,1.062878295779228210e-01,9.562951326370239258e-02,1.046200022101402283e-01,-2.095623873174190521e-02,1.394740939140319824e-01,5.043531209230422974e-02,3.742893785238265991e-02,2.401182353496551514e-01,-5.080641712993383408e-03,7.480988651514053345e-02,1.056158244609832764e-01,1.147219166159629822e-01,-1.606151461601257324e-01,1.658211499452590942e-01,-1.104720011353492737e-01,-1.422806382179260254e-01,1.174310892820358276e-01,-1.030632920446805656e-04,-6.687894463539123535e-02,-7.048791646957397461e-02,-7.333754748106002808e-02,-9.605109691619873047e-02,-7.608115673065185547e-03,-5.441967397928237915e-02,1.051564887166023254e-01,1.579571515321731567e-03,3.620537742972373962e-02,2.704328671097755432e-02,3.637277707457542419e-02,2.852251194417476654e-02,8.938201516866683960e-02,6.737997382879257202e-02,-8.246611058712005615e-02,3.677961882203817368e-03,2.156987227499485016e-02,5.539676174521446228e-02,1.676630112342536449e-03,9.193019941449165344e-03,6.433274596929550171e-02,8.703690767288208008e-02
2.353857755661010742e-01,-1.064735651016235352e-02,4.706613421440124512e-01,3.434543907642364502e-01,-3.471779450774192810e-02,-1.934208720922470093e-01,1.000000119209289551e+00,3.226449787616729736e-01,1.912270337343215942e-01,4.843825474381446838e-02,2.341694682836532593e-01,7.970914244651794434e-02,4.391079545021057129e-01,1.440520286560058594e-01,7.664300501346588135e-02,-1.208166107535362244e-01,1.874379515647888184e-01,-1.531291753053665161e-03,1.137143746018409729e-01,7.637802511453628540e-02,-1.647220253944396973e-01,-1.369042992591857910e-01,1.502907276153564453e-01,1.541077643632888794e-01,-1.016035228967666626e-01,-6.882630288600921631e-02,-1.239716783165931702e-01,-1.370722204446792603e-01,4.622170329093933105e-02,5.991506949067115784e-02,8.780162036418914795e-02,1.719572395086288452e-01,1.906732469797134399e-01,2.679306864738464355e-01,-8.615075796842575073e-02,4.630035534501075745e-02,1.818390912376344204e-03,6.489370018243789673e-02,-7.292155176401138306e-02,-3.580396622419357300e-02,2.503681182861328125e-02,1.084806956350803375e-02,5.540550500154495239e-02,3.596752882003784180e-02,3.232047706842422485e-02,7.869023829698562622e-02,1.619388163089752197e-01,7.609800994396209717e-02,3.246173635125160217e-02,-1.911806128919124603e-02,9.596478193998336792e-02,-2.463501878082752228e-02,-2.852517366409301758e-02,-5.906708538532257080e-02,1.310908701270818710e-02,-6.899410486221313477e-02,9.630662202835083008e-02,2.821997553110122681e-02,1.680839508771896362e-01,9.739642962813377380e-03,2.294605672359466553e-01,1.071478873491287231e-01,1.340954154729843140e-01,2.455155551433563232e-02,1.005127802491188049e-01,1.030772328376770020e-01,3.409892693161964417e-02,4.278753697872161865e-02,-1.337332278490066528e-02,-1.204779744148254395e-01,1.598459482192993164e-02,-6.382276862859725952e-02,-5.061300471425056458e-02,8.545039594173431396e-02,-3.881398588418960571e-03,2.040269821882247925e-01,8.557076752185821533e-02,-1.394494716078042984e-02,4.901180043816566467e-02,1.791997998952865601e-01,2.536658942699432373e-02,-4.093552008271217346e-02,-4.572964832186698914e-02,-1.288683414459228516e-01,5.356246232986450195e-02,-5.091999843716621399e-02,-8.304025232791900635e-02,-3.035749495029449463e-02,2.329622767865657806e-02,-2.322292178869247437e-01,-2.547199130058288574e-01,-2.109682708978652954e-01,-2.947242558002471924e-02,-4.807395488023757935e-02,-8.849520236253738403e-02,-7.474371045827865601e-02,-1.540850754827260971e-02,2.040671743452548981e-02,3.465075418353080750e-02,-4.899174347519874573e-02,-5.749281495809555054e-02,-1.118675246834754944e-01,-4.348007496446371078e-03,4.621145129203796387e-02,-6.288667023181915283e-02,-2.203584276139736176e-02,2.588186971843242645e-02,7.348422706127166748e-02,7.572454959154129028e-02,3.506762534379959106e-02,6.171038746833801270e-02,-8.367507904767990112e-02,-2.385615557432174683e-02,6.147005409002304077e-02,-5.041706934571266174e-02,-4.870479926466941833e-02
1.827787309885025024e-01,2.704603970050811768e-01,1.132305189967155457e-01,5.657445788383483887e-01,-2.882293164730072021e-01,-2.118401080369949341e-01,3.226449787616729736e-01,9.999995827674865723e-01,1.449912339448928833e-01,3.576082289218902588e-01,7.627498358488082886e-02,4.849923551082611084e-01,3.983037471771240234e-01,5.266285538673400879e-01,4.838990047574043274e-02,5.628468841314315796e-02,2.373427525162696838e-02,9.863442927598953247e-02,1.252213716506958008e-01,2.866864204406738281e-01,-2.333394587039947510e-01,-2.234602272510528564e-01,5.546795576810836792e-02,3.480165004730224609e-01,-1.723336577415466309e-01,-1.169492378830909729e-01,-2.728021740913391113e-01,-1.937594860792160034e-01,-1.072450429201126099e-01,5.886111781001091003e-02,4.178619757294654846e-02,2.734116911888122559e-01,4.202063754200935364e-02,1.778242886066436768e-01,-1.174996569752693176e-01,-1.205780636519193649e-02,-7.696613669395446777e-03,-5.851573124527931213e-02,-8.424641191959381104e-02,-1.117997094988822937e-01,-1.077258065342903137e-01,-1.222028359770774841e-01,1.965849660336971283e-02,4.953460767865180969e-02,9.294026345014572144e-02,1.575104743242263794e-01,1.213843449950218201e-01,6.210221908986568451e-03,7.761702686548233032e-02,1.181105673313140869e-01,1.295083612203598022e-01,-5.445444025099277496e-03,-1.008450463414192200e-01,-8.049384504556655884e-02,1.677499711513519287e-02,-3.545808419585227966e-02,3.491039946675300598e-02,8.939636871218681335e-03,1.085600331425666809e-01,1.957825571298599243e-01,1.484587192535400391e-01,2.396852076053619385e-01,5.245861131697893143e-03,5.623385310173034668e-02,-3.826714679598808289e-02,2.967176735401153564e-01,-3.719582036137580872e-02,1.458557099103927612e-01,1.824651844799518585e-02,4.549423232674598694e-03,-1.553623974323272705e-01,-1.452319920063018799e-01,-1.684690713882446289e-01,-7.003763690590858459e-03,-2.980167232453823090e-02,5.696104466915130615e-02,-6.276645511388778687e-02,5.307746678590774536e-02,-1.034286618232727051e-01,9.700787253677845001e-03,-1.542669981718063354e-01,-5.391786620020866394e-02,-2.538658306002616882e-02,-1.499319374561309814e-01,3.410824760794639587e-02,6.436921656131744385e-02,-7.019885629415512085e-02,-3.900769725441932678e-02,-1.058341562747955322e-01,-2.047375142574310303e-01,-1.840862333774566650e-01,-1.496210694313049316e-01,-1.027340292930603027e-01,-1.682431697845458984e-01,-5.092436447739601135e-02,-1.468730345368385315e-02,1.997144520282745361e-02,1.877066493034362793e-02,1.565864868462085724e-02,-4.600543901324272156e-02,-4.035520832985639572e-03,-2.116940766572952271e-01,3.632410988211631775e-02,2.943694125860929489e-03,-5.549900233745574951e-02,-7.622416317462921143e-02,-8.074883371591567993e-03,6.666956841945648193e-02,1.225933432579040527e-01,1.171406079083681107e-02,6.344328820705413818e-02,-4.321628808975219727e-02,-4.958439618349075317e-02,1.347034610807895660e-02,-1.891930699348449707e-01,-1.049874126911163330e-01
-1.229473669081926346e-02,-4.369805380702018738e-02,1.183155253529548645e-01,1.277015060186386108e-01,2.383910119533538818e-01,3.810342401266098022e-02,1.912270337343215942e-01,1.449912339448928833e-01,1.000000357627868652e+00,5.381242632865905762e-01,6.600512564182281494e-02,1.110158115625381470e-01,2.721299827098846436e-01,1.621044278144836426e-01,3.997126519680023193e-01,6.279786583036184311e-03,8.287052810192108154e-02,2.312918007373809814e-02,-1.079200208187103271e-01,-7.871329039335250854e-02,1.217311546206474304e-01,3.308549150824546814e-02,1.675610542297363281e-01,1.104789823293685913e-01,-7.242027670145034790e-02,-1.503754705190658569e-01,9.280600398778915405e-02,2.005350776016712189e-02,-9.571222960948944092e-02,-8.342371135950088501e-02,-9.768453985452651978e-02,8.629982359707355499e-03,-6.842321157455444336e-02,2.576517313718795776e-02,-1.261324137449264526e-01,-1.489173918962478638e-01,1.377677470445632935e-01,-1.465680301189422607e-01,1.263301372528076172e-01,-9.929022938013076782e-02,1.022153943777084351e-01,7.595223840326070786e-03,7.848076522350311279e-02,4.846475273370742798e-02,1.998659223318099976e-02,1.591876707971096039e-02,5.430627986788749695e-02,7.943095639348030090e-03,4.614706709980964661e-02,-4.478691145777702332e-02,1.534073799848556519e-02,-1.417411863803863525e-01,-3.672861307859420776e-02,-1.116386055946350098e-01,-5.518843606114387512e-02,-1.762629747390747070e-01,4.802791401743888855e-02,7.479511946439743042e-02,-5.688084289431571960e-02,-8.904036134481430054e-02,5.250316485762596130e-02,6.577435880899429321e-02,9.073916077613830566e-02,2.752883918583393097e-02,6.718347966670989990e-02,2.183280885219573975e-02,-1.353959739208221436e-01,-1.117311418056488037e-01,-1.659760065376758575e-02,1.828274130821228027e-02,-1.697080880403518677e-01,-1.914167106151580811e-01,-2.203455567359924316e-01,-1.911970973014831543e-01,-9.412190318107604980e-02,-5.803262442350387573e-02,-1.420235037803649902e-01,-1.193070635199546814e-01,-8.347517810761928558e-03,-3.755925223231315613e-02,2.665885165333747864e-02,-1.244826242327690125e-01,1.772712469100952148e-01,1.515710540115833282e-02,7.964802533388137817e-02,-1.698857694864273071e-01,7.359762676060199738e-03,9.583020955324172974e-02,3.270807117223739624e-02,-3.094002902507781982e-01,-7.645088434219360352e-02,-1.599908247590065002e-02,1.857057400047779083e-02,-2.265340089797973633e-02,-5.793530121445655823e-02,-1.869849860668182373e-02,-1.928279921412467957e-02,-8.098669350147247314e-02,7.222046144306659698e-03,-4.534988105297088623e-02,3.562123328447341919e-02,-1.574375629425048828e-01,1.092628315091133118e-01,1.191412843763828278e-02,3.276045992970466614e-02,-3.873570635914802551e-02,6.471181660890579224e-02,1.833990216255187988e-02,4.954908415675163269e-02,-3.935976698994636536e-02,-1.660815812647342682e-02,3.782292082905769348e-02,-5.763243511319160461e-02,-5.879599228501319885e-02,-1.313626170158386230e-01,8.349709212779998779e-03
1.365295727737247944e-03,1.095177009701728821e-01,-5.101215839385986328e-02,3.176086246967315674e-01,-7.268925756216049194e-02,4.158403724431991577e-02,4.843825474381446838e-02,3.576082289218902588e-01,5.381242632865905762e-01,1.000000476837158203e+00,3.024579957127571106e-02,2.149646282196044922e-01,1.844622790813446045e-01,2.838577032089233398e-01,2.040216028690338135e-01,1.813486665487289429e-01,-1.437778864055871964e-02,6.067894771695137024e-02,-1.281424053013324738e-02,1.259323209524154663e-01,6.017513573169708252e-02,-1.607591100037097931e-02,1.380219608545303345e-01,2.990885376930236816e-01,-1.010279729962348938e-01,-6.767128407955169678e-02,-1.142214867286384106e-03,5.070313438773155212e-02,-1.701136380434036255e-01,6.882421672344207764e-03,2.765754424035549164e-02,1.474688798189163208e-01,-3.405191376805305481e-02,1.054544597864151001e-01,-1.516631990671157837e-01,-1.171812042593955994e-01,8.602771908044815063e-02,-1.480422914028167725e-01,6.473246961832046509e-02,-1.516190767288208008e-01,2.615111414343118668e-03,-4.932112991809844971e-02,-1.504561514593660831e-03,5.963991954922676086e-02,2.324162982404232025e-02,9.682311117649078369e-02,2.891468442976474762e-02,2.272641845047473907e-02,4.609530791640281677e-02,4.918215796351432800e-02,2.405363880097866058e-02,-1.942779868841171265e-02,-1.403520256280899048e-02,-5.093294009566307068e-02,-4.710879549384117126e-02,-1.170761659741401672e-01,4.294555261731147766e-02,7.761911302804946899e-02,-1.113291382789611816e-01,7.446927577257156372e-02,-6.342409551143646240e-02,2.175789922475814819e-01,-2.236855216324329376e-02,1.346302926540374756e-01,-1.276692748069763184e-01,1.691312342882156372e-01,-1.317976862192153931e-01,1.382047589868307114e-02,-7.754269242286682129e-02,5.173073336482048035e-02,-1.653582602739334106e-01,-1.343916058540344238e-01,-2.395568937063217163e-01,-1.926666200160980225e-01,-1.098930239677429199e-01,-1.154870912432670593e-01,-9.974801540374755859e-02,-1.359254121780395508e-02,-9.515910595655441284e-02,-5.290352180600166321e-02,-5.845363810658454895e-02,-2.966865897178649902e-02,4.274059832096099854e-02,-5.154345929622650146e-02,1.594625972211360931e-02,-2.754630520939826965e-02,-5.801899731159210205e-02,5.794920958578586578e-03,-7.938706874847412109e-02,-2.436572611331939697e-01,-6.899256259202957153e-02,-5.482940468937158585e-03,3.693370893597602844e-02,-5.691942945122718811e-02,-3.367310017347335815e-02,-2.866584621369838715e-02,2.226789295673370361e-02,-5.148508772253990173e-02,2.485991455614566803e-02,-1.649564877152442932e-02,7.069719582796096802e-02,-1.355610638856887817e-01,1.630737930536270142e-01,5.445739254355430603e-02,6.702588498592376709e-02,-4.290729388594627380e-02,4.063734039664268494e-02,-1.683533750474452972e-02,7.612560689449310303e-02,-2.667326852679252625e-02,-1.178875844925642014e-02,9.758668392896652222e-02,-8.939903229475021362e-03,-2.085111103951931000e-02,-1.052097678184509277e-01,-1.080971136689186096e-01
2.751130759716033936e-01,9.598255157470703125e-02,2.852573394775390625e-01,1.274809092283248901e-01,2.483824081718921661e-02,-1.221339497715234756e-02,2.341694682836532593e-01,7.627498358488082886e-02,6.600512564182281494e-02,3.024579957127571106e-02,1.000000357627868652e+00,1.084730625152587891e-01,3.581276535987854004e-01,1.538371741771697998e-01,9.312880039215087891e-02,1.004093065857887268e-01,4.732332527637481689e-01,1.689980924129486084e-01,2.231732159852981567e-01,1.943036615848541260e-01,-1.138982772827148438e-01,-1.295881271362304688e-01,2.638868689537048340e-01,2.374432086944580078e-01,-2.008799910545349121e-01,-1.626542657613754272e-01,-7.172558456659317017e-02,-4.908457398414611816e-03,2.948442697525024414e-01,2.770364880561828613e-01,5.335251614451408386e-02,1.394831538200378418e-01,3.262231945991516113e-01,2.796759605407714844e-01,-8.011571317911148071e-02,-7.691991329193115234e-02,-2.773551084101200104e-02,-7.135685533285140991e-02,-2.460003271698951721e-02,-1.106520295143127441e-01,7.444990426301956177e-02,3.700318560004234314e-02,-3.038709796965122223e-02,-2.663047797977924347e-02,-2.727805636823177338e-02,1.442136336117982864e-02,-3.809249028563499451e-02,-3.302580863237380981e-02,-1.130429208278656006e-01,-8.566343039274215698e-02,-5.480671301484107971e-03,-1.228087209165096283e-02,-6.037587672472000122e-02,-8.324679732322692871e-02,-8.245696127414703369e-02,-1.251354217529296875e-01,3.488089442253112793e-01,2.584034800529479980e-01,-4.832505062222480774e-02,-3.675570338964462280e-02,8.708270266652107239e-03,8.745312690734863281e-02,9.334370493888854980e-02,1.712296009063720703e-01,6.387801468372344971e-02,3.237527236342430115e-02,-6.541986763477325439e-02,-1.575599238276481628e-02,1.199708431959152222e-01,-1.216747052967548370e-02,1.073243170976638794e-01,-3.764176741242408752e-03,8.213610202074050903e-02,1.167684495449066162e-01,7.456570863723754883e-02,1.379508823156356812e-01,7.043096423149108887e-02,1.084378287196159363e-01,3.616537749767303467e-01,2.591958045959472656e-01,2.769646942615509033e-01,1.070160493254661560e-01,1.022866442799568176e-01,3.057538345456123352e-02,2.124133855104446411e-01,-2.584127336740493774e-02,1.274128109216690063e-01,1.543347239494323730e-01,6.236973777413368225e-02,-1.086799204349517822e-01,-1.292148828506469727e-01,-1.619898229837417603e-01,1.277237432077527046e-03,-1.192483231425285339e-01,3.144517913460731506e-02,3.003333136439323425e-02,-4.700448736548423767e-02,-1.293864194303750992e-02,1.304399501532316208e-02,-4.095751792192459106e-02,5.745543539524078369e-02,-5.196071416139602661e-02,1.035261601209640503e-01,9.014020673930644989e-03,1.065520476549863815e-02,3.584993258118629456e-02,3.213275596499443054e-02,1.691718697547912598e-01,9.489977359771728516e-02,2.147779054939746857e-02,9.400164335966110229e-02,-1.880580931901931763e-02,-8.484162390232086182e-02,6.041134148836135864e-02,1.060843169689178467e-01,1.519245654344558716e-01
1.811509281396865845e-01,3.255145847797393799e-01,1.267945319414138794e-01,3.171122670173645020e-01,-1.548686623573303223e-01,-1.451660692691802979e-01,7.970914244651794434e-02,4.849923551082611084e-01,1.110158115625381470e-01,2.149646282196044922e-01,1.084730625152587891e-01,1.000000000000000000e+00,3.397975862026214600e-01,6.047180891036987305e-01,1.281464844942092896e-01,8.414857089519500732e-02,8.308055251836776733e-02,2.905549705028533936e-01,1.159633025527000427e-01,2.293755263090133667e-01,-1.387404501438140869e-01,-1.519581973552703857e-01,7.777661830186843872e-02,1.720218509435653687e-01,-1.870051026344299316e-01,-2.129710018634796143e-01,-1.067155748605728149e-01,-1.532910019159317017e-01,-4.339327290654182434e-02,2.010954618453979492e-01,-4.316877946257591248e-02,1.005153805017471313e-01,-3.146232292056083679e-02,6.857012957334518433e-02,-3.050245717167854309e-02,-3.268248587846755981e-02,9.890821762382984161e-03,3.456636518239974976e-02,-5.058532208204269409e-02,-3.524064645171165466e-02,-3.771010786294937134e-02,9.368912316858768463e-03,-6.182779744267463684e-02,-5.200093984603881836e-02,4.377464577555656433e-02,4.506807401776313782e-02,-1.533277332782745361e-02,-7.993401587009429932e-02,3.044619783759117126e-02,5.819674581289291382e-03,1.622958034276962280e-01,2.368666930124163628e-03,-2.003738284111022949e-02,5.068763345479965210e-02,2.818985097110271454e-02,-2.304557943716645241e-03,5.173170939087867737e-02,1.491015851497650146e-01,-6.373223848640918732e-03,1.318542510271072388e-01,1.652173548936843872e-01,1.464084982872009277e-01,1.779405921697616577e-01,9.806923568248748779e-02,6.966258585453033447e-02,6.217629089951515198e-02,-1.205051317811012268e-01,-3.293710201978683472e-02,5.804747343063354492e-02,-1.167962625622749329e-01,-2.843772768974304199e-01,-2.334924340248107910e-01,-1.398002952337265015e-01,2.817892655730247498e-02,-7.528539001941680908e-02,1.776163838803768158e-02,-9.081359207630157471e-02,3.149712085723876953e-02,-3.092896752059459686e-02,3.725535422563552856e-02,4.156138002872467041e-02,-3.447221824899315834e-03,6.845631450414657593e-02,3.870502347126603127e-03,1.500544697046279907e-01,3.975619003176689148e-02,-3.178457170724868774e-02,-7.565968483686447144e-02,-6.471303757280111313e-03,-8.063227683305740356e-02,-2.000897079706192017e-01,-1.386088281869888306e-01,-1.800894886255264282e-01,-1.647373288869857788e-01,-6.117707863450050354e-02,-1.915085129439830780e-02,2.136947587132453918e-02,-7.183032482862472534e-02,2.579308673739433289e-02,-5.872570443898439407e-03,-1.098786517977714539e-01,-1.286261379718780518e-01,-2.396170981228351593e-02,8.961669355630874634e-02,-8.728504925966262817e-02,-5.836516991257667542e-02,-3.047571331262588501e-02,6.609521806240081787e-02,3.240771219134330750e-02,3.728425502777099609e-02,7.186248898506164551e-02,1.255774404853582382e-02,-1.749878562986850739e-02,3.490417078137397766e-02,-6.753238290548324585e-02,-1.657527871429920197e-02
3.762481510639190674e-01,8.915332704782485962e-02,2.850733697414398193e-01,1.810849308967590332e-01,-6.349450349807739258e-02,-2.204035371541976929e-01,4.391079545021057129e-01,3.983037471771240234e-01,2.721299827098846436e-01,1.844622790813446045e-01,3.581276535987854004e-01,3.397975862026214600e-01,9.999998211860656738e-01,4.596895575523376465e-01,2.808910012245178223e-01,3.374464437365531921e-02,1.849285364151000977e-01,8.312702924013137817e-02,1.342871338129043579e-01,2.928820624947547913e-02,-1.895938068628311157e-01,-2.404376715421676636e-01,1.773408502340316772e-01,1.566435992717742920e-01,-5.958941578865051270e-02,-1.166580319404602051e-01,-1.119933053851127625e-01,-9.459961950778961182e-02,-2.720848424360156059e-03,1.855333521962165833e-02,-7.757101207971572876e-02,1.624359935522079468e-01,1.575133390724658966e-02,1.077783554792404175e-01,-4.676615074276924133e-02,-3.007425367832183838e-02,2.890362963080406189e-02,6.324149668216705322e-02,-1.000179946422576904e-01,-6.266904622316360474e-02,-7.808503508567810059e-02,-7.401301711797714233e-02,6.080059707164764404e-02,4.021371901035308838e-02,7.209447026252746582e-02,9.888119250535964966e-02,9.556124359369277954e-02,-1.534706912934780121e-02,7.645869255065917969e-02,6.440707296133041382e-02,1.382148861885070801e-01,-1.195478439331054688e-02,-1.266600340604782104e-01,-1.102742403745651245e-01,8.754912763833999634e-02,-5.380684137344360352e-02,1.419981271028518677e-01,6.128707900643348694e-02,1.880993843078613281e-01,6.171784177422523499e-02,2.694046199321746826e-01,1.112533658742904663e-01,1.630087345838546753e-01,3.930287808179855347e-02,2.117350250482559204e-01,1.970624029636383057e-01,1.219172403216362000e-02,2.808845974504947662e-02,5.755318328738212585e-02,-2.760197781026363373e-02,-2.206228524446487427e-01,-2.763972282409667969e-01,-1.856414824724197388e-01,-1.288555264472961426e-01,-6.391617655754089355e-02,1.388477068394422531e-02,-9.565406292676925659e-02,-1.050106510519981384e-01,2.407785318791866302e-02,3.598626703023910522e-02,-2.481013908982276917e-02,-1.328045278787612915e-01,5.072318017482757568e-02,-1.400530189275741577e-01,1.473292261362075806e-01,-6.767162680625915527e-02,-1.270221639424562454e-02,2.080384828150272369e-02,1.204713732004165649e-01,-2.375317960977554321e-01,-1.105053573846817017e-01,-4.071542248129844666e-02,-4.872184991836547852e-02,-1.155243441462516785e-01,5.234111100435256958e-03,5.503541603684425354e-02,5.388171970844268799e-02,9.589114785194396973e-02,1.311289332807064056e-02,-4.644929617643356323e-02,-3.729728981852531433e-02,-9.680447727441787720e-02,3.460908774286508560e-03,8.062110096216201782e-02,-4.828925430774688721e-02,-1.041963347233831882e-03,1.178871560841798782e-02,8.834697306156158447e-02,1.411478370428085327e-01,4.118849709630012512e-02,1.275241971015930176e-01,-4.988222941756248474e-02,1.000376045703887939e-02,1.574840024113655090e-02,-1.128218322992324829e-01,-3.576947003602981567e-02
