9.999998211860656738e-01,7.295501828193664551e-01,4.929158091545104980e-01,5.261941552162170410e-01,2.010325342416763306e-01,1.185065656900405884e-01,5.225538015365600586e-01,4.984453022480010986e-01,2.034484297037124634e-01,1.150418668985366821e-01,3.829145729541778564e-01,3.485181927680969238e-01,4.035634100437164307e-01,3.818470835685729980e-01,2.443870007991790771e-01,1.374645233154296875e-01,4.427875280380249023e-01,4.504348933696746826e-01,6.167355179786682129e-01,6.387125849723815918e-01,2.102518826723098755e-01,1.714201569557189941e-01,4.968112707138061523e-01,4.644436240196228027e-01,1.524520516395568848e-01,1.786714792251586914e-01,1.731468737125396729e-01,2.152288705110549927e-01,2.831244468688964844e-01,2.317671775817871094e-01,3.348725140094757080e-01,3.600064218044281006e-01,6.638101339340209961e-01,6.472421288490295410e-01,2.970267236232757568e-01,3.084764182567596436e-01,2.007111161947250366e-01,1.770676523447036743e-01,-3.765409439802169800e-02,6.348607689142227173e-02,4.118772922083735466e-04,6.282976269721984863e-02,2.913326025009155273e-01,3.894577920436859131e-01,2.159781455993652344e-01,2.873299717903137207e-01,2.918124794960021973e-01,2.779607176780700684e-01,3.587682247161865234e-01,3.849322795867919922e-01,3.510069549083709717e-01,3.553462922573089600e-01,3.083661198616027832e-01,1.402406543493270874e-01,3.110181540250778198e-02,8.946400135755538940e-02,6.593803763389587402e-01,5.946575999259948730e-01,5.080847144126892090e-01,3.778690695762634277e-01,5.778584480285644531e-01,4.553132653236389160e-01,4.494973421096801758e-01,4.920235872268676758e-01,2.183651626110076904e-01,3.309709727764129639e-01,4.163905978202819824e-01,4.261861741542816162e-01,4.356271624565124512e-01,4.211412966251373291e-01,2.468920946121215820e-01,2.757044136524200439e-01,2.798226475715637207e-01,2.751043140888214111e-01,2.441533952951431274e-01,2.456738650798797607e-01,2.517219781875610352e-01,2.565881907939910889e-01,2.636786401271820068e-01,1.431075930595397949e-01,2.819477319717407227e-01,2.891896367073059082e-01,1.585007905960083008e-01,1.285258680582046509e-01,2.788143754005432129e-01,2.557188570499420166e-01,5.223393091000616550e-04,5.187342688441276550e-02,-3.201992064714431763e-02,3.459605947136878967e-02,2.341030389070510864e-01,2.279163151979446411e-01,9.113017469644546509e-02,-2.459700591862201691e-02,1.508057266473770142e-01,1.749797463417053223e-01,1.460621505975723267e-01,1.545148342847824097e-01,2.935184836387634277e-01,2.108199298381805420e-01,-1.041650772094726562e-01,-4.242379218339920044e-02,1.030008345842361450e-01,-3.412833064794540405e-02,2.224682867527008057e-01,1.191621720790863037e-01,1.438878476619720459e-01,-9.566075354814529419e-02,7.669843733310699463e-02,1.028199717402458191e-01,1.658324748277664185e-01,8.294817060232162476e-02,1.582042425870895386e-01,6.405280530452728271e-02,2.139320783317089081e-02,3.147912323474884033e-01
7.295501828193664551e-01,1.000000119209289551e+00,4.389478862285614014e-01,5.490417480468750000e-01,2.403900623321533203e-01,1.426572054624557495e-01,4.962206482887268066e-01,5.555904507637023926e-01,2.459685206413269043e-01,1.838389784097671509e-01,3.853863775730133057e-01,4.370538294315338135e-01,4.304473400115966797e-01,4.646034538745880127e-01,2.899462282657623291e-01,2.309143096208572388e-01,4.754656553268432617e-01,5.111359953880310059e-01,5.518004894256591797e-01,5.933983325958251953e-01,2.852435708045959473e-01,2.536599934101104736e-01,4.745456576347351074e-01,4.434244930744171143e-01,2.446353882551193237e-01,2.440057545900344849e-01,2.715464532375335693e-01,2.902659475803375244e-01,3.473761379718780518e-01,3.176835477352142334e-01,3.634032905101776123e-01,3.993324935436248779e-01,6.383405923843383789e-01,6.294829845428466797e-01,2.770577073097229004e-01,2.883977591991424561e-01,2.673338651657104492e-01,2.633554935455322266e-01,-7.626424077898263931e-03,8.626790344715118408e-02,4.461467638611793518e-02,1.382077783346176147e-01,2.957906723022460938e-01,3.780241906642913818e-01,1.963579952716827393e-01,2.890642583370208740e-01,3.204831480979919434e-01,3.036277890205383301e-01,3.529530763626098633e-01,3.872526586055755615e-01,3.587002158164978027e-01,3.804068267345428467e-01,2.948285043239593506e-01,1.462804526090621948e-01,4.591665044426918030e-02,1.230208426713943481e-01,6.434909105300903320e-01,6.498301029205322266e-01,4.170705676078796387e-01,3.928339183330535889e-01,4.927065670490264893e-01,4.625705182552337646e-01,4.167692363262176514e-01,5.369706153869628906e-01,1.726171672344207764e-01,3.218866586685180664e-01,3.642406463623046875e-01,3.667944073677062988e-01,4.156126677989959717e-01,3.874880969524383545e-01,2.900614142417907715e-01,3.153915107250213623e-01,3.066831231117248535e-01,3.389169275760650635e-01,2.754554450511932373e-01,2.854037880897521973e-01,2.545526623725891113e-01,2.983152270317077637e-01,3.094884455204010010e-01,1.694208681583404541e-01,3.253010511398315430e-01,3.620406687259674072e-01,2.413911968469619751e-01,2.225353121757507324e-01,3.289100825786590576e-01,3.474428653717041016e-01,-4.211650695651769638e-03,6.250929832458496094e-02,-4.418217018246650696e-02,4.790432006120681763e-02,1.425789594650268555e-01,1.297476738691329956e-01,-7.043457776308059692e-02,-1.634455323219299316e-01,2.179776281118392944e-01,2.180348634719848633e-01,2.008654475212097168e-01,1.858078539371490479e-01,2.829113900661468506e-01,1.627982705831527710e-01,-1.681157499551773071e-01,-1.708062291145324707e-01,1.824522204697132111e-02,-1.489967703819274902e-01,1.520888954401016235e-01,3.077099472284317017e-02,5.726050212979316711e-02,-2.074244320392608643e-01,1.389291882514953613e-01,1.603107899427413940e-01,2.233623117208480835e-01,5.480336397886276245e-02,8.120144158601760864e-02,-2.745827101171016693e-02,-4.105247557163238525e-02,2.954311966896057129e-01
4.929158091545104980e-01,4.389478862285614014e-01,1.000000357627868652e+00,7.144165039062500000e-01,5.279087424278259277e-01,3.951056301593780518e-01,7.142391204833984375e-01,6.649333238601684570e-01,5.961291193962097168e-01,4.748430252075195312e-01,4.908244609832763672e-01,5.285179615020751953e-01,5.471141934394836426e-01,4.942466318607330322e-01,5.526685118675231934e-01,4.527040123939514160e-01,4.960757195949554443e-01,4.750667810440063477e-01,4.756889939308166504e-01,3.385073244571685791e-01,4.290007352828979492e-01,4.517936110496520996e-01,7.403252124786376953e-01,7.032833695411682129e-01,4.683715701103210449e-01,5.142453312873840332e-01,4.167060554027557373e-01,4.437811970710754395e-01,4.745307266712188721e-01,4.804317355155944824e-01,6.403655409812927246e-01,6.352037191390991211e-01,5.769910812377929688e-01,5.985786318778991699e-01,5.540969967842102051e-01,5.005961060523986816e-01,3.791339695453643799e-01,3.697672784328460693e-01,1.366629153490066528e-01,3.021517395973205566e-01,2.182735055685043335e-01,3.001298308372497559e-01,3.608214557170867920e-01,4.006639420986175537e-01,2.058806568384170532e-01,1.978904455900192261e-01,3.717763721942901611e-01,3.700511753559112549e-01,2.779695093631744385e-01,2.682538628578186035e-01,4.465418159961700439e-01,3.852235674858093262e-01,3.204842209815979004e-01,2.557118237018585205e-01,1.330238878726959229e-01,2.497413307428359985e-01,4.152706563472747803e-01,3.767557144165039062e-01,3.057806789875030518e-01,1.354487985372543335e-01,5.173833966255187988e-01,3.165440559387207031e-01,4.295295476913452148e-01,4.372439086437225342e-01,4.643768370151519775e-01,5.102337598800659180e-01,4.120963215827941895e-01,4.072120785713195801e-01,2.146401703357696533e-01,2.058292031288146973e-01,5.131363272666931152e-01,5.715941190719604492e-01,4.727392792701721191e-01,5.410106182098388672e-01,5.056975483894348145e-01,4.423563778400421143e-01,4.681130051612854004e-01,4.709709286689758301e-01,3.843485116958618164e-01,3.161033987998962402e-01,4.571371972560882568e-01,4.652951657772064209e-01,4.017044603824615479e-01,3.790417611598968506e-01,4.858936965465545654e-01,4.467171132564544678e-01,1.516058295965194702e-01,1.951377838850021362e-01,1.427522599697113037e-01,2.190685123205184937e-01,1.077109649777412415e-01,1.387573480606079102e-01,-4.744080081582069397e-02,-1.029402390122413635e-01,2.862318158149719238e-01,3.316894471645355225e-01,3.173967599868774414e-01,2.896341085433959961e-01,2.449915111064910889e-01,1.868760585784912109e-01,-1.339107602834701538e-01,-5.989184975624084473e-02,-4.955380409955978394e-02,-8.057008683681488037e-02,1.076609864830970764e-01,5.190223827958106995e-02,1.518509984016418457e-01,6.796202063560485840e-02,1.706335842609405518e-01,3.112154603004455566e-01,3.169259428977966309e-01,2.032371014356613159e-01,1.454606950283050537e-01,-2.750449068844318390e-02,-3.761484101414680481e-02,2.970648407936096191e-01
5.261941552162170410e-01,5.490417480468750000e-01,7.144165039062500000e-01,1.000000238418579102e+00,4.809976816177368164e-01,3.559614419937133789e-01,6.601252555847167969e-01,7.038010358810424805e-01,5.304460525512695312e-01,4.485608339309692383e-01,4.292204976081848145e-01,5.169890522956848145e-01,4.854333996772766113e-01,4.994070529937744141e-01,5.079553127288818359e-01,4.417903423309326172e-01,4.715183377265930176e-01,4.593981206417083740e-01,5.161960124969482422e-01,4.615979194641113281e-01,4.413079023361206055e-01,4.760239720344543457e-01,6.992233991622924805e-01,6.886884570121765137e-01,4.698256552219390869e-01,4.856389164924621582e-01,4.086393117904663086e-01,4.291009008884429932e-01,4.481189548969268799e-01,4.479796588420867920e-01,5.868435502052307129e-01,5.958045721054077148e-01,5.963734984397888184e-01,6.251353025436401367e-01,4.939936697483062744e-01,4.358049035072326660e-01,3.929077982902526855e-01,3.832765817642211914e-01,1.188290566205978394e-01,2.494468986988067627e-01,2.055526226758956909e-01,3.239336311817169189e-01,3.652368485927581787e-01,4.022421538829803467e-01,1.893248707056045532e-01,2.104409635066986084e-01,3.561903238296508789e-01,3.595730364322662354e-01,2.474345415830612183e-01,2.545062899589538574e-01,4.044863879680633545e-01,3.836998641490936279e-01,2.732172906398773193e-01,2.380096763372421265e-01,9.737936407327651978e-02,1.958404034376144409e-01,4.123539924621582031e-01,3.923863768577575684e-01,2.731633782386779785e-01,2.304955422878265381e-01,4.381306469440460205e-01,3.156311213970184326e-01,3.536038994789123535e-01,4.283439517021179199e-01,3.788156509399414062e-01,4.812444150447845459e-01,4.163229465484619141e-01,4.382329583168029785e-01,2.266731560230255127e-01,2.228845208883285522e-01,4.690122306346893311e-01,5.216520428657531738e-01,4.476802647113800049e-01,5.087370872497558594e-01,4.674281179904937744e-01,4.356813132762908936e-01,4.311420917510986328e-01,4.533699750900268555e-01,3.240694403648376465e-01,2.467055171728134155e-01,4.088001847267150879e-01,4.637116193771362305e-01,4.025144577026367188e-01,3.733318746089935303e-01,4.530544281005859375e-01,4.769823551177978516e-01,1.389435529708862305e-01,1.571539491415023804e-01,6.036831811070442200e-02,1.783501058816909790e-01,1.000660881400108337e-01,1.338855326175689697e-01,-6.556572765111923218e-02,-1.226528882980346680e-01,3.330480158329010010e-01,3.407539427280426025e-01,3.244305849075317383e-01,2.862661182880401611e-01,2.333030998706817627e-01,1.368591487407684326e-01,-1.521203666925430298e-01,-7.705598324537277222e-02,-6.400368362665176392e-02,-1.220794022083282471e-01,1.050553098320960999e-01,1.580482907593250275e-02,1.310881972312927246e-01,1.319364295341074467e-03,2.047716379165649414e-01,3.233765661716461182e-01,3.463911712169647217e-01,1.974847763776779175e-01,1.088419631123542786e-01,-8.471689373254776001e-02,-4.664947465062141418e-02,3.050192892551422119e-01
2.010325342416763306e-01,2.403900623321533203e-01,5.279087424278259277e-01,4.809976816177368164e-01,9.999998211860656738e-01,6.767445206642150879e-01,4.001844823360443115e-01,4.944192767143249512e-01,7.109590768814086914e-01,6.648833155632019043e-01,4.366669952869415283e-01,5.202326178550720215e-01,4.902931749820709229e-01,4.461173415184020996e-01,7.292731404304504395e-01,6.217386126518249512e-01,4.909015297889709473e-01,5.322224497795104980e-01,2.062155306339263916e-01,8.482092618942260742e-02,5.237501859664916992e-01,5.409599542617797852e-01,5.522918105125427246e-01,5.080844163894653320e-01,6.465275883674621582e-01,6.539905071258544922e-01,6.455076336860656738e-01,6.171042323112487793e-01,5.428575277328491211e-01,6.022731065750122070e-01,5.785226225852966309e-01,5.432146191596984863e-01,3.764015436172485352e-01,3.808538615703582764e-01,4.682879447937011719e-01,4.575458467006683350e-01,4.399500787258148193e-01,4.844033122062683105e-01,3.308817744255065918e-01,4.277304410934448242e-01,3.837519884109497070e-01,4.289589524269104004e-01,4.143978357315063477e-01,4.457036554813385010e-01,2.414019852876663208e-01,2.620038390159606934e-01,4.698812067508697510e-01,5.172579884529113770e-01,3.000797927379608154e-01,3.232391178607940674e-01,5.332943797111511230e-01,4.851942360401153564e-01,4.181221127510070801e-01,4.264906048774719238e-01,3.620851337909698486e-01,4.563800990581512451e-01,2.491397112607955933e-01,3.116254508495330811e-01,2.713477313518524170e-01,2.532527446746826172e-01,3.226343095302581787e-01,2.083767354488372803e-01,2.951655089855194092e-01,4.048220515251159668e-01,3.696773052215576172e-01,4.358527958393096924e-01,4.444958567619323730e-01,3.837625384330749512e-01,2.095614820718765259e-01,1.697241365909576416e-01,5.619840621948242188e-01,5.743708610534667969e-01,5.213474631309509277e-01,6.141933202743530273e-01,4.982029795646667480e-01,5.359121561050415039e-01,5.010466575622558594e-01,5.408170819282531738e-01,4.099439382553100586e-01,4.470281600952148438e-01,5.385307073593139648e-01,5.736453533172607422e-01,5.338902473449707031e-01,4.157683253288269043e-01,5.913517475128173828e-01,6.047631502151489258e-01,2.218453139066696167e-01,2.290728390216827393e-01,3.411004245281219482e-01,3.761639595031738281e-01,1.292608678340911865e-01,2.251108586788177490e-01,-1.040915027260780334e-01,-1.752426326274871826e-01,2.755460739135742188e-01,3.958706557750701904e-01,4.465529322624206543e-01,4.693534672260284424e-01,3.745502233505249023e-01,3.408253192901611328e-01,-2.219585031270980835e-01,-1.223677098751068115e-01,-1.684613972902297974e-01,-1.207235231995582581e-01,5.362825095653533936e-02,2.011222299188375473e-03,-3.524592146277427673e-03,4.538038372993469238e-02,2.418601959943771362e-01,3.791154921054840088e-01,4.225896894931793213e-01,3.354158997535705566e-01,2.504188716411590576e-01,1.931439712643623352e-02,2.880292199552059174e-02,1.527146250009536743e-01
1.185065656900405884e-01,1.426572054624557495e-01,3.951056301593780518e-01,3.559614419937133789e-01,6.767445206642150879e-01,1.000000119209289551e+00,2.513934671878814697e-01,3.361631929874420166e-01,5.492091178894042969e-01,6.689708828926086426e-01,3.547592759132385254e-01,3.779770731925964355e-01,3.666540086269378662e-01,2.832823395729064941e-01,5.851590633392333984e-01,5.550891757011413574e-01,3.837498724460601807e-01,4.050340950489044189e-01,1.401669681072235107e-01,3.886021673679351807e-02,4.886818528175354004e-01,4.739831686019897461e-01,4.117861390113830566e-01,3.943355679512023926e-01,4.846526086330413818e-01,5.584773421287536621e-01,5.083194971084594727e-01,5.047432780265808105e-01,4.261504709720611572e-01,4.817569255828857422e-01,4.279087185859680176e-01,3.812887668609619141e-01,2.440357506275177002e-01,2.616069614887237549e-01,3.574287891387939453e-01,3.621930181980133057e-01,3.438960909843444824e-01,3.744552731513977051e-01,3.414201140403747559e-01,3.922534883022308350e-01,3.247295320034027100e-01,3.839152753353118896e-01,3.640445768833160400e-01,3.776429891586303711e-01,2.526077032089233398e-01,2.588161230087280273e-01,3.871941268444061279e-01,4.684911072254180908e-01,2.895964682102203369e-01,3.147388994693756104e-01,4.186275601387023926e-01,4.563192427158355713e-01,3.710871934890747070e-01,4.701015651226043701e-01,3.721895515918731689e-01,4.368640482425689697e-01,2.239918857812881470e-01,2.706717550754547119e-01,2.227799892425537109e-01,2.538301646709442139e-01,1.890908777713775635e-01,1.285340487957000732e-01,1.856197863817214966e-01,2.480003088712692261e-01,2.245482057332992554e-01,3.387682437896728516e-01,3.704667687416076660e-01,3.143032491207122803e-01,2.053062468767166138e-01,1.606780588626861572e-01,4.362219870090484619e-01,4.278208613395690918e-01,4.151012003421783447e-01,4.983306527137756348e-01,3.778994977474212646e-01,4.475241601467132568e-01,4.217830002307891846e-01,4.442869722843170166e-01,3.253395557403564453e-01,4.028053879737854004e-01,4.197850525379180908e-01,4.752642810344696045e-01,3.797457218170166016e-01,3.121922910213470459e-01,4.409357607364654541e-01,5.052679777145385742e-01,2.731481194496154785e-01,2.148985564708709717e-01,4.453338384628295898e-01,3.952914178371429443e-01,1.364198774099349976e-01,2.304764389991760254e-01,-2.722760289907455444e-02,-7.116609811782836914e-02,2.256649732589721680e-01,3.158217370510101318e-01,3.983647823333740234e-01,4.380816221237182617e-01,3.384539783000946045e-01,3.017462193965911865e-01,-1.448553502559661865e-01,-9.030725806951522827e-03,-1.329340189695358276e-01,-1.742229610681533813e-02,2.137666381895542145e-02,-1.649737532716244459e-04,2.245201729238033295e-02,1.403625607490539551e-01,2.406335026025772095e-01,3.107951283454895020e-01,3.443192541599273682e-01,3.272465765476226807e-01,1.658876091241836548e-01,3.656739741563796997e-02,-1.149890362285077572e-03,5.315497145056724548e-02
5.225538015365600586e-01,4.962206482887268066e-01,7.142391204833984375e-01,6.601252555847167969e-01,4.001844823360443115e-01,2.513934671878814697e-01,1.000000238418579102e+00,7.127627730369567871e-01,5.024735331535339355e-01,3.478530347347259521e-01,4.751336574554443359e-01,5.338311195373535156e-01,5.615093708038330078e-01,5.390167236328125000e-01,4.076103568077087402e-01,3.266401290893554688e-01,5.083441734313964844e-01,4.746913909912109375e-01,3.809359371662139893e-01,3.363709449768066406e-01,3.812992274761199951e-01,3.947905004024505615e-01,6.334979534149169922e-01,5.941825509071350098e-01,3.405967354774475098e-01,4.197879433631896973e-01,2.975873947143554688e-01,3.315377533435821533e-01,4.716248214244842529e-01,4.201818108558654785e-01,6.460977196693420410e-01,6.550030708312988281e-01,6.286161541938781738e-01,6.490594148635864258e-01,5.036846399307250977e-01,4.181763231754302979e-01,3.347976803779602051e-01,3.219915330410003662e-01,-1.032298896461725235e-02,1.689749062061309814e-01,1.076445206999778748e-01,2.108515650033950806e-01,2.739380300045013428e-01,3.353100419044494629e-01,1.475462019443511963e-01,1.458230316638946533e-01,2.697783708572387695e-01,2.458387911319732666e-01,2.479127496480941772e-01,1.831449717283248901e-01,3.591162264347076416e-01,2.779390811920166016e-01,2.017839998006820679e-01,7.479970902204513550e-02,-1.003909739665687084e-03,1.064417436718940735e-01,3.956899046897888184e-01,3.170647025108337402e-01,2.310850620269775391e-01,8.953062444925308228e-02,5.323706865310668945e-01,3.824737370014190674e-01,5.014436841011047363e-01,5.170068144798278809e-01,3.879794478416442871e-01,4.167895317077636719e-01,2.963330149650573730e-01,3.401990830898284912e-01,6.405904889106750488e-02,9.132467210292816162e-02,5.070710778236389160e-01,5.536911487579345703e-01,4.564796984195709229e-01,4.969789087772369385e-01,4.748697578907012939e-01,3.667264580726623535e-01,4.451331794261932373e-01,4.652713239192962646e-01,3.622669875621795654e-01,1.819103509187698364e-01,3.826202452182769775e-01,3.601181805133819580e-01,2.637803852558135986e-01,2.991915047168731689e-01,3.504782021045684814e-01,3.252649307250976562e-01,8.537965826690196991e-03,7.056206464767456055e-02,-4.968173056840896606e-02,3.112739324569702148e-02,-1.155642047524452209e-02,-5.257724784314632416e-03,-1.547705829143524170e-01,-2.008341103792190552e-01,2.413474470376968384e-01,2.682365179061889648e-01,1.880171149969100952e-01,1.751393973827362061e-01,1.327819526195526123e-01,3.879617527127265930e-02,-1.737645566463470459e-01,-1.742262244224548340e-01,1.480559445917606354e-02,-1.317115128040313721e-01,1.500312536954879761e-01,1.066049747169017792e-02,1.811767965555191040e-01,-3.708777949213981628e-02,1.107303574681282043e-01,2.686463892459869385e-01,2.506834566593170166e-01,1.345103085041046143e-01,1.011960580945014954e-01,-4.100006818771362305e-02,-4.093629121780395508e-02,2.761941254138946533e-01
4.984453022480010986e-01,5.555904507637023926e-01,6.649333238601684570e-01,7.038010358810424805e-01,4.944192767143249512e-01,3.361631929874420166e-01,7.127627730369567871e-01,1.000000357627868652e+00,5.700046420097351074e-01,4.759331047534942627e-01,5.678068399429321289e-01,6.674796938896179199e-01,6.465291380882263184e-01,6.700198054313659668e-01,5.362702012062072754e-01,4.460614621639251709e-01,6.042096614837646484e-01,5.728279352188110352e-01,3.252444565296173096e-01,2.902621626853942871e-01,4.762535393238067627e-01,4.831379055976867676e-01,6.731891632080078125e-01,6.169544458389282227e-01,4.779276549816131592e-01,5.233661532402038574e-01,3.994150161743164062e-01,3.997204899787902832e-01,5.701572895050048828e-01,5.288893580436706543e-01,6.730148196220397949e-01,7.004476189613342285e-01,6.331519484519958496e-01,6.619659662246704102e-01,5.523976683616638184e-01,4.888576567173004150e-01,4.041026234626770020e-01,4.004942178726196289e-01,7.710739225149154663e-02,2.162604928016662598e-01,1.595121473073959351e-01,2.968081831932067871e-01,3.351332545280456543e-01,4.086488187313079834e-01,2.027875930070877075e-01,2.363200187683105469e-01,3.411226570606231689e-01,3.456982672214508057e-01,3.037093579769134521e-01,3.038046658039093018e-01,4.453738927841186523e-01,4.249719977378845215e-01,2.499616891145706177e-01,1.383704543113708496e-01,4.972403496503829956e-02,1.515122354030609131e-01,3.932977318763732910e-01,3.659090995788574219e-01,2.624145448207855225e-01,1.886776238679885864e-01,5.781357288360595703e-01,4.792183041572570801e-01,5.425395965576171875e-01,6.046741604804992676e-01,4.501876831054687500e-01,5.420593619346618652e-01,3.288852870464324951e-01,3.731341063976287842e-01,8.274819701910018921e-02,1.109989732503890991e-01,5.908460021018981934e-01,6.237233877182006836e-01,5.639062523841857910e-01,6.001509428024291992e-01,5.487909317016601562e-01,4.942162334918975830e-01,4.957289993762969971e-01,5.307614803314208984e-01,4.503746926784515381e-01,3.103118240833282471e-01,4.805698990821838379e-01,5.033997893333435059e-01,4.084137380123138428e-01,3.731011748313903809e-01,4.729980528354644775e-01,5.045736432075500488e-01,9.049855172634124756e-02,1.009838283061981201e-01,3.438407182693481445e-02,1.207595318555831909e-01,5.516914185136556625e-03,2.484121732413768768e-02,-1.970400810241699219e-01,-2.303469181060791016e-01,3.281756937503814697e-01,3.310005366802215576e-01,2.702874541282653809e-01,2.499531805515289307e-01,1.825948357582092285e-01,8.474599570035934448e-02,-1.862155646085739136e-01,-1.884655058383941650e-01,-5.368467420339584351e-02,-1.584882587194442749e-01,1.116674020886421204e-01,2.596526220440864563e-02,9.105037897825241089e-02,-8.086761087179183960e-02,1.794170588254928589e-01,3.299449384212493896e-01,3.247999846935272217e-01,1.960403770208358765e-01,8.343296498060226440e-02,-1.027514562010765076e-01,-5.487464368343353271e-03,2.847775220870971680e-01
2.034484297037124634e-01,2.459685206413269043e-01,5.961291193962097168e-01,5.304460525512695312e-01,7.109590768814086914e-01,5.492091178894042969e-01,5.024735331535339355e-01,5.700046420097351074e-01,1.000000119209289551e+00,6.971091032028198242e-01,5.278175473213195801e-01,5.926497578620910645e-01,5.757260918617248535e-01,5.392289757728576660e-01,7.336106896400451660e-01,6.572301983833312988e-01,5.475418567657470703e-01,5.136228799819946289e-01,1.794263869524002075e-01,4.775128513574600220e-02,5.504738688468933105e-01,5.757924318313598633e-01,5.889117717742919922e-01,5.478168129920959473e-01,6.340379118919372559e-01,6.669618487358093262e-01,5.764166712760925293e-01,5.555830597877502441e-01,6.071351170539855957e-01,6.380476951599121094e-01,6.473979353904724121e-01,6.204519271850585938e-01,3.948900997638702393e-01,4.064531028270721436e-01,4.873170852661132812e-01,4.547390043735504150e-01,4.462653994560241699e-01,4.513173699378967285e-01,2.546914815902709961e-01,3.607052266597747803e-01,3.436049222946166992e-01,4.154695570468902588e-01,3.708406984806060791e-01,3.657145798206329346e-01,1.831895709037780762e-01,1.716789156198501587e-01,4.395089447498321533e-01,4.348490238189697266e-01,2.456331402063369751e-01,2.381773293018341064e-01,5.107375383377075195e-01,4.068498611450195312e-01,3.676572740077972412e-01,3.079275190830230713e-01,2.863135337829589844e-01,3.175678551197052002e-01,2.531076967716217041e-01,2.423397153615951538e-01,2.232372164726257324e-01,1.347750276327133179e-01,3.986362814903259277e-01,2.269944101572036743e-01,3.693070411682128906e-01,4.308669865131378174e-01,4.301593005657196045e-01,4.317045211791992188e-01,3.368200957775115967e-01,2.874836921691894531e-01,9.326682984828948975e-02,3.875931724905967712e-02,6.182749271392822266e-01,6.359362006187438965e-01,5.923261642456054688e-01,6.571584343910217285e-01,6.077738404273986816e-01,5.754599571228027344e-01,5.392612218856811523e-01,5.567543506622314453e-01,5.017396807670593262e-01,4.564519524574279785e-01,5.989267826080322266e-01,5.725523233413696289e-01,5.303187966346740723e-01,4.320755302906036377e-01,6.217970848083496094e-01,5.462164282798767090e-01,1.455188691616058350e-01,1.252173632383346558e-01,2.554088830947875977e-01,2.389306575059890747e-01,1.700163818895816803e-02,5.484446883201599121e-02,-2.231796383857727051e-01,-2.681267857551574707e-01,3.194493949413299561e-01,3.505306243896484375e-01,4.161461591720581055e-01,3.717676103115081787e-01,2.743314802646636963e-01,2.009389400482177734e-01,-1.852406561374664307e-01,-1.663105487823486328e-01,-1.543670594692230225e-01,-1.585396677255630493e-01,3.736652433872222900e-03,-3.413767740130424500e-02,1.430328190326690674e-02,1.385814417153596878e-02,2.030157893896102905e-01,4.007284939289093018e-01,3.895137906074523926e-01,2.655232846736907959e-01,1.421298831701278687e-01,-7.297224551439285278e-02,-3.407372534275054932e-02,1.241729632019996643e-01
1.150418668985366821e-01,1.838389784097671509e-01,4.748430252075195312e-01,4.485608339309692383e-01,6.648833155632019043e-01,6.689708828926086426e-01,3.478530347347259521e-01,4.759331047534942627e-01,6.971091032028198242e-01,9.999998807907104492e-01,4.871189296245574951e-01,5.222256779670715332e-01,5.067275762557983398e-01,4.236987233161926270e-01,6.669568419456481934e-01,6.278230547904968262e-01,4.929698705673217773e-01,4.409693777561187744e-01,9.363784641027450562e-02,-1.506240945309400558e-02,5.769611001014709473e-01,5.602878332138061523e-01,5.036432147026062012e-01,4.783031046390533447e-01,5.866133570671081543e-01,6.610348224639892578e-01,5.460231900215148926e-01,5.214309692382812500e-01,5.443779826164245605e-01,5.777430534362792969e-01,5.535513758659362793e-01,5.202784538269042969e-01,2.747177481651306152e-01,3.173542022705078125e-01,4.365764260292053223e-01,4.395272135734558105e-01,4.057893455028533936e-01,4.005930721759796143e-01,2.553596198558807373e-01,3.143651485443115234e-01,2.913276255130767822e-01,3.917271792888641357e-01,3.346596062183380127e-01,3.330330550670623779e-01,1.928520351648330688e-01,1.905256062746047974e-01,3.634096980094909668e-01,4.022913873195648193e-01,2.399538606405258179e-01,2.599223852157592773e-01,4.420499503612518311e-01,4.122775197029113770e-01,3.568631410598754883e-01,3.464300930500030518e-01,2.691372632980346680e-01,3.002780079841613770e-01,2.177117317914962769e-01,2.323690950870513916e-01,1.953985989093780518e-01,2.049686163663864136e-01,2.865673303604125977e-01,2.465999126434326172e-01,2.696140408515930176e-01,3.351564109325408936e-01,3.353104591369628906e-01,4.262298047542572021e-01,2.865154147148132324e-01,2.556210756301879883e-01,1.016193479299545288e-01,5.904247611761093140e-02,5.624285340309143066e-01,5.598385334014892578e-01,5.417844057083129883e-01,6.024200320243835449e-01,5.316123366355895996e-01,5.578630566596984863e-01,4.921576380729675293e-01,5.068119764328002930e-01,4.446293413639068604e-01,4.476785957813262939e-01,5.100941658020019531e-01,5.344738364219665527e-01,4.270128309726715088e-01,3.072856366634368896e-01,5.163134336471557617e-01,5.222434997558593750e-01,1.955860257148742676e-01,1.049859970808029175e-01,3.317500650882720947e-01,2.739086747169494629e-01,5.667531862854957581e-02,9.476691484451293945e-02,-1.532122939825057983e-01,-2.024004459381103516e-01,2.755452394485473633e-01,3.058517873287200928e-01,3.629954755306243896e-01,3.673411011695861816e-01,2.375850379467010498e-01,1.855861991643905640e-01,-1.060281991958618164e-01,-7.512047886848449707e-02,-1.261081546545028687e-01,-8.789340406656265259e-02,-2.257820032536983490e-02,-2.644998393952846527e-02,8.121856488287448883e-03,8.646931499242782593e-02,2.155095785856246948e-01,3.604317009449005127e-01,3.581259250640869141e-01,2.338456362485885620e-01,9.194235503673553467e-02,-7.157589495182037354e-02,-5.288979411125183105e-02,1.694374904036521912e-02
3.829145729541778564e-01,3.853863775730133057e-01,4.908244609832763672e-01,4.292204976081848145e-01,4.366669952869415283e-01,3.547592759132385254e-01,4.751336574554443359e-01,5.678068399429321289e-01,5.278175473213195801e-01,4.871189296245574951e-01,1.000000000000000000e+00,7.000182271003723145e-01,7.780448198318481445e-01,6.698213815689086914e-01,5.601194500923156738e-01,3.994137644767761230e-01,7.106133103370666504e-01,5.597457885742187500e-01,9.664879739284515381e-02,4.587406665086746216e-02,5.192889571189880371e-01,4.338447451591491699e-01,5.419997572898864746e-01,4.582833349704742432e-01,4.730203449726104736e-01,5.944025516510009766e-01,3.485242426395416260e-01,3.249746859073638916e-01,6.808899044990539551e-01,5.691370368003845215e-01,6.636486649513244629e-01,6.617746949195861816e-01,5.204572081565856934e-01,5.495740175247192383e-01,5.533736348152160645e-01,4.900289475917816162e-01,4.191909134387969971e-01,3.751024603843688965e-01,5.299229174852371216e-02,1.358617246150970459e-01,1.348011046648025513e-01,1.982614398002624512e-01,3.417088389396667480e-01,4.302767217159271240e-01,2.341041862964630127e-01,2.584469914436340332e-01,4.113892614841461182e-01,3.795040845870971680e-01,3.924613893032073975e-01,3.567628860473632812e-01,4.767108857631683350e-01,4.832912683486938477e-01,2.910538613796234131e-01,6.955689936876296997e-02,1.220095232129096985e-01,1.007665246725082397e-01,4.300674796104431152e-01,2.795757949352264404e-01,2.216574549674987793e-01,8.019454777240753174e-02,4.968528449535369873e-01,3.078386485576629639e-01,6.532599925994873047e-01,5.418307781219482422e-01,4.883194267749786377e-01,4.638214111328125000e-01,2.353582680225372314e-01,2.677999138832092285e-01,2.002540230751037598e-02,1.743395999073982239e-02,6.642364859580993652e-01,6.293456554412841797e-01,6.610414385795593262e-01,6.191644668579101562e-01,5.853414535522460938e-01,6.024647951126098633e-01,5.649263262748718262e-01,5.780065655708312988e-01,5.963632464408874512e-01,4.657050967216491699e-01,5.638817548751831055e-01,5.424030423164367676e-01,3.809600472450256348e-01,2.230739891529083252e-01,5.506207346916198730e-01,4.803582727909088135e-01,6.322035938501358032e-02,-6.379077676683664322e-03,1.191672012209892273e-01,-1.307484228163957596e-02,-1.245863083750009537e-02,-6.318029761314392090e-02,-2.307575047016143799e-01,-2.673856019973754883e-01,2.034107148647308350e-01,2.231795638799667358e-01,2.542345225811004639e-01,2.018709480762481689e-01,1.920583099126815796e-01,1.375546455383300781e-01,-1.494936645030975342e-01,-1.840391457080841064e-01,-2.049564942717552185e-02,-1.476998329162597656e-01,7.123488932847976685e-02,2.017686888575553894e-02,-3.827898204326629639e-02,-5.553489178419113159e-02,1.127817854285240173e-01,2.710566222667694092e-01,2.633209228515625000e-01,1.803154945373535156e-01,5.901318043470382690e-02,-6.131470203399658203e-02,-6.375581026077270508e-03,1.383397430181503296e-01
3.485181927680969238e-01,4.370538294315338135e-01,5.285179615020751953e-01,5.169890522956848145e-01,5.202326178550720215e-01,3.779770731925964355e-01,5.338311195373535156e-01,6.674796938896179199e-01,5.926497578620910645e-01,5.222256779670715332e-01,7.000182271003723145e-01,9.999998211860656738e-01,7.470046877861022949e-01,7.686920166015625000e-01,6.239303946495056152e-01,5.567753314971923828e-01,7.088397145271301270e-01,6.556942462921142578e-01,1.308052986860275269e-01,8.268252760171890259e-02,5.450569391250610352e-01,4.937765896320343018e-01,5.751285552978515625e-01,4.930768907070159912e-01,5.388171076774597168e-01,5.983293652534484863e-01,4.425725638866424561e-01,4.053512215614318848e-01,7.115835547447204590e-01,6.700120568275451660e-01,6.903151869773864746e-01,6.943228840827941895e-01,5.358199477195739746e-01,5.631179809570312500e-01,5.253349542617797852e-01,4.773830473423004150e-01,4.708393514156341553e-01,4.642272889614105225e-01,1.414445340633392334e-01,2.821497917175292969e-01,2.245144397020339966e-01,3.337332904338836670e-01,3.385632038116455078e-01,4.151954352855682373e-01,2.243684083223342896e-01,2.455667704343795776e-01,4.371653497219085693e-01,4.162324965000152588e-01,3.846355676651000977e-01,3.477177619934082031e-01,5.370374917984008789e-01,5.203063488006591797e-01,2.867835164070129395e-01,1.488098651170730591e-01,1.217566058039665222e-01,2.134722918272018433e-01,3.727921545505523682e-01,3.139429986476898193e-01,2.383841723203659058e-01,1.513345539569854736e-01,5.209416151046752930e-01,3.753586113452911377e-01,6.321059465408325195e-01,6.473845243453979492e-01,5.094674825668334961e-01,5.234346389770507812e-01,2.859211862087249756e-01,2.781293690204620361e-01,4.523732140660285950e-02,9.935487993061542511e-03,6.918942332267761230e-01,6.776272058486938477e-01,6.780707240104675293e-01,6.865414977073669434e-01,6.368045806884765625e-01,6.245356798171997070e-01,5.707734823226928711e-01,5.921092629432678223e-01,6.130295395851135254e-01,4.981117844581604004e-01,6.319672465324401855e-01,6.349670290946960449e-01,4.757170677185058594e-01,4.007396697998046875e-01,6.281418204307556152e-01,6.012669801712036133e-01,4.656758904457092285e-02,1.065778657793998718e-01,1.323018968105316162e-01,1.446391791105270386e-01,-2.364859543740749359e-02,-3.100902773439884186e-02,-2.528819739818572998e-01,-2.901752889156341553e-01,2.912020385265350342e-01,3.587280809879302979e-01,3.549611866474151611e-01,3.267377614974975586e-01,2.188947647809982300e-01,1.415835469961166382e-01,-1.527872830629348755e-01,-2.313066124916076660e-01,-2.678356319665908813e-02,-1.352946758270263672e-01,1.033433154225349426e-01,4.173805192112922668e-02,-4.709200188517570496e-02,-1.307104974985122681e-01,1.843303889036178589e-01,3.933321535587310791e-01,3.788512945175170898e-01,2.044667005538940430e-01,6.806062161922454834e-02,-4.871651902794837952e-02,6.473975628614425659e-02,2.061427533626556396e-01
4.035634100437164307e-01,4.304473400115966797e-01,5.471141934394836426e-01,4.854333996772766113e-01,4.902931749820709229e-01,3.666540086269378662e-01,5.615093708038330078e-01,6.465291380882263184e-01,5.757260918617248535e-01,5.067275762557983398e-01,7.780448198318481445e-01,7.470046877861022949e-01,9.999998211860656738e-01,7.340835332870483398e-01,6.085622310638427734e-01,4.711065888404846191e-01,7.226835489273071289e-01,6.194151043891906738e-01,1.122811213135719299e-01,5.264836922287940979e-02,5.457760095596313477e-01,4.815329909324645996e-01,5.980038046836853027e-01,5.153479576110839844e-01,5.225608944892883301e-01,6.187714338302612305e-01,4.114908874034881592e-01,3.851653039455413818e-01,7.054772377014160156e-01,6.258009076118469238e-01,7.105542421340942383e-01,7.148686051368713379e-01,5.472642779350280762e-01,5.780023336410522461e-01,5.676914453506469727e-01,5.210204124450683594e-01,4.500735104084014893e-01,4.381258189678192139e-01,5.352814495563507080e-02,1.901486814022064209e-01,1.567329913377761841e-01,2.536719441413879395e-01,3.275177478790283203e-01,4.181488156318664551e-01,2.130010873079299927e-01,2.446726560592651367e-01,3.993766903877258301e-01,3.891938626766204834e-01,3.952557444572448730e-01,3.598731756210327148e-01,5.234126448631286621e-01,5.048760175704956055e-01,2.975085079669952393e-01,1.135385781526565552e-01,9.001985937356948853e-02,1.450322568416595459e-01,4.254738390445709229e-01,3.104203939437866211e-01,2.546463310718536377e-01,1.219227388501167297e-01,5.646488666534423828e-01,3.792350590229034424e-01,6.651291847229003906e-01,6.171912550926208496e-01,5.220235586166381836e-01,5.214744806289672852e-01,2.602081000804901123e-01,2.801569700241088867e-01,1.090191490948200226e-02,3.977076616138219833e-03,6.984679698944091797e-01,6.788815259933471680e-01,6.828525066375732422e-01,6.716918349266052246e-01,6.267817616462707520e-01,6.350045204162597656e-01,5.787979960441589355e-01,6.023010015487670898e-01,5.987214446067810059e-01,4.707231819629669189e-01,5.941598415374755859e-01,5.880647301673889160e-01,4.088985025882720947e-01,3.113860785961151123e-01,5.903900861740112305e-01,5.458689928054809570e-01,3.646662831306457520e-02,4.424112290143966675e-02,1.068768873810768127e-01,4.664552211761474609e-02,-1.950491964817047119e-02,-4.880259558558464050e-02,-2.455368936061859131e-01,-2.892719209194183350e-01,2.560921609401702881e-01,2.902648448944091797e-01,2.865681052207946777e-01,2.639538943767547607e-01,1.805326789617538452e-01,1.049876734614372253e-01,-1.776555627584457397e-01,-2.246826440095901489e-01,-1.797343604266643524e-02,-1.734894216060638428e-01,1.002700552344322205e-01,2.077236399054527283e-02,-1.442139968276023865e-02,-8.504642546176910400e-02,1.498145759105682373e-01,3.551504015922546387e-01,3.378547430038452148e-01,1.727116256952285767e-01,5.898684263229370117e-02,-8.206847310066223145e-02,2.044416405260562897e-02,1.752030551433563232e-01
