1.000000119209289551e+00,4.242843091487884521e-01,5.738305449485778809e-01,4.696387052536010742e-01,-1.926020346581935883e-02,1.931822150945663452e-01,5.807752013206481934e-01,2.982707917690277100e-01,-1.009444221854209900e-01,1.973086893558502197e-01,2.469778209924697876e-01,1.328679919242858887e-01,1.401968300342559814e-01,-6.438134610652923584e-02,-1.603354364633560181e-01,-2.743302881717681885e-01,1.808316260576248169e-01,1.250020321458578110e-02,6.225815415382385254e-01,5.927883386611938477e-01,-2.094096392393112183e-01,-2.739581167697906494e-01,2.965164482593536377e-01,2.436218112707138062e-01,-9.632650762796401978e-02,-6.564407795667648315e-02,-1.373183727264404297e-01,-9.998350590467453003e-02,-1.049713939428329468e-01,-1.693250834941864014e-01,-7.731056958436965942e-02,-2.553999423980712891e-03,6.517088413238525391e-01,6.085176467895507812e-01,1.769921332597732544e-01,1.392803788185119629e-01,-2.534149289131164551e-01,-4.277788400650024414e-01,-3.405220210552215576e-01,-3.907120227813720703e-01,-2.136648595333099365e-01,-3.758977949619293213e-01,-2.055667936801910400e-01,-1.936677694320678711e-01,1.015899330377578735e-01,6.572448462247848511e-02,-3.066771030426025391e-01,-2.556339204311370850e-01,7.039167732000350952e-02,-7.655131071805953979e-02,-4.969231784343719482e-02,-1.663370132446289062e-01,-3.389592766761779785e-01,-4.924000799655914307e-01,-2.802659273147583008e-01,-3.654478788375854492e-01,6.537461876869201660e-01,2.115835100412368774e-01,3.772602081298828125e-01,1.131877079606056213e-01,5.593490004539489746e-01,3.195854425430297852e-01,4.874047040939331055e-01,2.922494411468505859e-01,3.512469828128814697e-01,2.035647481679916382e-01,4.398458302021026611e-01,3.614338934421539307e-01,3.241356015205383301e-01,1.946093142032623291e-01,-2.323408424854278564e-01,-1.320449709892272949e-01,-2.597410604357719421e-02,-1.307224631309509277e-01,-1.237562149763107300e-01,-1.995749771595001221e-01,-1.157217379659414291e-02,-1.191940531134605408e-01,-2.836524508893489838e-03,-8.350026607513427734e-02,-1.248369738459587097e-02,-2.288770973682403564e-01,-2.503230571746826172e-01,-2.639232575893402100e-01,-1.475726366043090820e-01,-3.457564413547515869e-01,-2.166262418031692505e-01,-3.287083506584167480e-01,-2.450377345085144043e-01,-3.067750036716461182e-01,-2.657008469104766846e-01,-3.167514204978942871e-01,-2.739014029502868652e-01,-2.447884827852249146e-01,-2.785464823246002197e-01,-3.559895455837249756e-01,-3.317790329456329346e-01,-3.886848688125610352e-01,-2.645132541656494141e-01,-3.569082617759704590e-01,-2.574459612369537354e-01,-3.093063831329345703e-01,-2.969131171703338623e-01,-3.597153127193450928e-01,-3.024125397205352783e-01,-3.507670164108276367e-01,-2.679378986358642578e-01,-3.578616082668304443e-01,-2.981430590152740479e-01,-2.975705862045288086e-01,-3.295808434486389160e-01,-2.999224960803985596e-01,-3.019836246967315674e-01,-4.297843277454376221e-01,-3.482154607772827148e-01,-3.038821518421173096e-01
4.242843091487884521e-01,9.999996423721313477e-01,4.942918419837951660e-01,5.933961868286132812e-01,2.750278636813163757e-02,1.243259981274604797e-01,1.360568106174468994e-01,3.640709817409515381e-01,-2.802692651748657227e-01,1.240421831607818604e-02,-2.034717947244644165e-01,-3.663112968206405640e-02,-3.464652299880981445e-01,-2.153356373310089111e-01,-3.252806961536407471e-01,-3.919006586074829102e-01,-1.631477177143096924e-01,-8.526402711868286133e-02,5.599451065063476562e-01,6.236964464187622070e-01,-1.025237739086151123e-01,-2.038684934377670288e-01,3.081140816211700439e-01,3.170097470283508301e-01,1.657320857048034668e-01,1.329278200864791870e-01,8.742085099220275879e-02,-9.134060144424438477e-02,-3.700407445430755615e-01,-2.788496911525726318e-01,2.787032164633274078e-02,1.570394076406955719e-02,2.777382135391235352e-01,2.626929879188537598e-01,-2.993387579917907715e-01,-2.863621413707733154e-01,-3.997429013252258301e-01,-4.075566232204437256e-01,-3.612259924411773682e-01,-3.750330805778503418e-01,-3.708197474479675293e-01,-3.842267394065856934e-01,-3.911939859390258789e-01,-3.653319478034973145e-01,-2.365243434906005859e-01,-1.643167287111282349e-01,-3.738442659378051758e-01,-3.729431331157684326e-01,-1.549874991178512573e-01,-4.341167584061622620e-02,-3.362769782543182373e-01,-2.136803269386291504e-01,-3.445432782173156738e-01,-3.543344140052795410e-01,-3.603696525096893311e-01,-3.141262233257293701e-01,5.253834128379821777e-01,7.083275914192199707e-01,5.861945152282714844e-01,5.931775569915771484e-01,4.607196152210235596e-01,6.938018202781677246e-01,-3.153019770979881287e-02,1.677028387784957886e-01,3.566026315093040466e-02,2.065207958221435547e-01,3.378647267818450928e-01,1.766869574785232544e-01,5.652307868003845215e-01,4.980787336826324463e-01,-5.045291185379028320e-01,-3.987852931022644043e-01,-4.006464183330535889e-01,-3.476034700870513916e-01,-3.854966163635253906e-01,-3.711718022823333740e-01,-4.062720835208892822e-01,-4.012036919593811035e-01,-1.248099803924560547e-01,-3.025352656841278076e-01,-3.068817853927612305e-01,-2.663003504276275635e-01,-3.892524242401123047e-01,-3.267209231853485107e-01,-3.930220007896423340e-01,-3.741408884525299072e-01,-2.946998775005340576e-01,-2.991546094417572021e-01,-3.142572641372680664e-01,-2.313188165426254272e-01,-3.462866246700286865e-01,-2.702817022800445557e-01,-3.296914696693420410e-01,-1.977009326219558716e-01,-2.929109632968902588e-01,-3.296417295932769775e-01,-3.659553825855255127e-01,-3.590344488620758057e-01,-3.304491043090820312e-01,-3.506078422069549561e-01,-3.269522190093994141e-01,-2.021243721246719360e-01,-2.945929467678070068e-01,-2.715952396392822266e-01,-2.650248706340789795e-01,-2.658133804798126221e-01,-2.885116338729858398e-01,-2.411193102598190308e-01,-2.337867468595504761e-01,-3.703533709049224854e-01,-4.680851697921752930e-01,-3.917356729507446289e-01,-3.714044690132141113e-01,-3.616474270820617676e-01,-2.846871018409729004e-01,-3.328219950199127197e-01
5.738305449485778809e-01,4.942918419837951660e-01,1.000000119209289551e+00,7.371004223823547363e-01,1.193043589591979980e-01,3.019854128360748291e-01,5.909758210182189941e-01,5.720345377922058105e-01,-2.132697403430938721e-01,3.191265463829040527e-02,2.664630413055419922e-01,1.940545290708541870e-01,8.437993377447128296e-02,9.761831909418106079e-02,-3.346162438392639160e-01,-3.528043925762176514e-01,1.635910719633102417e-01,6.357418000698089600e-02,5.358873009681701660e-01,4.998374581336975098e-01,-1.400626897811889648e-01,-2.331180125474929810e-01,7.377910614013671875e-01,6.735079288482666016e-01,3.011163473129272461e-01,2.965383231639862061e-01,1.348872929811477661e-01,-1.457547545433044434e-01,-1.154979392886161804e-01,-1.253058016300201416e-01,3.505253791809082031e-01,3.920251727104187012e-01,5.366809368133544922e-01,5.245345234870910645e-01,-6.969844549894332886e-02,-3.165480121970176697e-02,-4.300149977207183838e-01,-4.708341360092163086e-01,-5.508681535720825195e-01,-5.611819028854370117e-01,-4.034184217453002930e-01,-4.612922966480255127e-01,-3.709415495395660400e-01,-3.353515565395355225e-01,-1.293292790651321411e-01,-9.915654361248016357e-02,-4.656024575233459473e-01,-4.611311852931976318e-01,-1.272521167993545532e-01,-6.351140886545181274e-02,-2.256237566471099854e-01,-1.964912414550781250e-01,-4.294236004352569580e-01,-4.409285783767700195e-01,-4.898273348808288574e-01,-5.163877606391906738e-01,5.294482111930847168e-01,3.272587954998016357e-01,2.316342145204544067e-01,1.071174144744873047e-01,4.273984432220458984e-01,3.324529826641082764e-01,2.841658890247344971e-01,2.637823224067687988e-01,1.283752322196960449e-01,1.414144337177276611e-01,1.864386200904846191e-01,1.607049703598022461e-01,2.303775697946548462e-01,1.762693524360656738e-01,-2.701766490936279297e-01,-1.033933013677597046e-01,-1.548365205526351929e-01,-1.324908286333084106e-01,-2.044596970081329346e-01,-2.675560116767883301e-01,-2.602815926074981689e-01,-2.517035603523254395e-01,1.258917897939682007e-01,-1.454674899578094482e-01,-6.538436561822891235e-02,-2.008495181798934937e-01,-4.186558425426483154e-01,-4.006802439689636230e-01,-2.907319962978363037e-01,-3.967517018318176270e-01,-4.800832271575927734e-01,-5.535836815834045410e-01,-4.687276184558868408e-01,-5.117150545120239258e-01,-5.397461056709289551e-01,-5.031571984291076660e-01,-5.249000191688537598e-01,-3.886558413505554199e-01,-4.143523573875427246e-01,-4.540196359157562256e-01,-5.149196982383728027e-01,-5.314013957977294922e-01,-4.921181797981262207e-01,-5.513015389442443848e-01,-5.512514710426330566e-01,-4.533385932445526123e-01,-5.574128627777099609e-01,-5.597395896911621094e-01,-5.263110399246215820e-01,-5.176975131034851074e-01,-5.187190771102905273e-01,-5.171555280685424805e-01,-3.819461762905120850e-01,-4.030249118804931641e-01,-5.445397496223449707e-01,-5.414708256721496582e-01,-5.625026226043701172e-01,-5.927659273147583008e-01,-5.032899975776672363e-01,-4.807958900928497314e-01
4.696387052536010742e-01,5.933961868286132812e-01,7.371004223823547363e-01,9.999998807907104492e-01,1.038332656025886536e-01,3.537034690380096436e-01,4.203252196311950684e-01,6.226778626441955566e-01,-2.278453707695007324e-01,1.026487201452255249e-01,5.852385982871055603e-02,1.276075989007949829e-01,-8.561813831329345703e-02,4.022722318768501282e-02,-3.758406937122344971e-01,-3.730101585388183594e-01,1.807224238291382790e-03,-5.733952671289443970e-02,5.295951962471008301e-01,5.575629472732543945e-01,-1.292505264282226562e-01,-2.076850086450576782e-01,6.513305306434631348e-01,6.347674131393432617e-01,2.263882160186767578e-01,2.357376366853713989e-01,1.168557330965995789e-01,-1.001592501997947693e-01,-2.076599150896072388e-01,-1.882493644952774048e-01,2.306686341762542725e-01,2.902596294879913330e-01,3.655742108821868896e-01,3.716903328895568848e-01,-2.076355665922164917e-01,-1.573839038610458374e-01,-4.588638544082641602e-01,-5.039963722229003906e-01,-5.281052589416503906e-01,-5.427971482276916504e-01,-4.466394782066345215e-01,-4.977358281612396240e-01,-4.248827695846557617e-01,-4.047031104564666748e-01,-1.790553182363510132e-01,-1.331294625997543335e-01,-5.037310123443603516e-01,-4.780355691909790039e-01,-1.844840794801712036e-01,-1.367505341768264771e-01,-3.023480772972106934e-01,-2.600724995136260986e-01,-4.578320086002349854e-01,-4.900720119476318359e-01,-4.875603318214416504e-01,-4.920277595520019531e-01,4.038048982620239258e-01,3.597442209720611572e-01,3.229988813400268555e-01,2.530620694160461426e-01,3.582487702369689941e-01,4.642739295959472656e-01,1.527372598648071289e-01,2.064852863550186157e-01,8.213280886411666870e-02,1.918507963418960571e-01,1.749444454908370972e-01,1.347088664770126343e-01,2.700810432434082031e-01,2.311144173145294189e-01,-4.271350204944610596e-01,-2.113312035799026489e-01,-2.524992525577545166e-01,-2.212667763233184814e-01,-3.019141256809234619e-01,-3.623166978359222412e-01,-3.253894746303558350e-01,-3.354373574256896973e-01,7.646621204912662506e-03,-2.022023499011993408e-01,-1.652251183986663818e-01,-2.599659562110900879e-01,-4.511175155639648438e-01,-4.114106893539428711e-01,-3.470938503742218018e-01,-4.051283001899719238e-01,-4.417084157466888428e-01,-4.698270857334136963e-01,-4.489196538925170898e-01,-4.412049949169158936e-01,-4.861160516738891602e-01,-4.387584030628204346e-01,-4.265047907829284668e-01,-2.914782762527465820e-01,-3.941975235939025879e-01,-4.404127001762390137e-01,-5.085453391075134277e-01,-5.146083831787109375e-01,-4.778624475002288818e-01,-5.247316360473632812e-01,-4.495728611946105957e-01,-3.803600072860717773e-01,-4.497792124748229980e-01,-4.862441718578338623e-01,-4.410069286823272705e-01,-4.488451778888702393e-01,-4.353462159633636475e-01,-4.411731064319610596e-01,-3.706895112991333008e-01,-4.394867718219757080e-01,-5.408554077148437500e-01,-5.120882987976074219e-01,-4.922055304050445557e-01,-5.323427915573120117e-01,-4.659500718116760254e-01,-4.348136782646179199e-01
-1.926020346581935883e-02,2.750278636813163757e-02,1.193043589591979980e-01,1.038332656025886536e-01,1.000000119209289551e+00,4.952516555786132812e-01,-8.228590339422225952e-02,-1.440738737583160400e-01,2.986067831516265869e-01,3.671647906303405762e-01,-9.666451811790466309e-02,-8.595868945121765137e-02,-8.815103024244308472e-02,-1.073623597621917725e-01,3.176093399524688721e-01,2.529299855232238770e-01,-3.501051571220159531e-03,-4.050387069582939148e-02,9.728077799081802368e-02,1.891824752092361450e-01,2.642210721969604492e-01,2.984841763973236084e-01,1.491045951843261719e-01,2.914186120033264160e-01,4.436118602752685547e-01,4.956893026828765869e-01,6.785728931427001953e-01,5.404943823814392090e-01,-1.195199564099311829e-01,-1.177966669201850891e-01,2.808680534362792969e-01,2.508530616760253906e-01,-3.521733358502388000e-02,-4.121087864041328430e-02,-6.814920902252197266e-02,-6.644952297210693359e-02,8.455485221929848194e-04,-1.669840812683105469e-01,6.610180437564849854e-02,4.094630479812622070e-02,8.012953400611877441e-02,-2.736079134047031403e-02,3.042338043451309204e-02,-1.993293315172195435e-02,-7.453755289316177368e-02,-2.409478835761547089e-02,5.163896828889846802e-02,7.375171780586242676e-02,-1.753405779600143433e-01,-1.066600829362869263e-01,-8.593657612800598145e-02,-1.386774480342864990e-01,4.460283368825912476e-02,8.380112797021865845e-02,9.232536703348159790e-02,7.566512376070022583e-02,6.561527401208877563e-02,9.837296605110168457e-02,1.639264971017837524e-01,1.522731930017471313e-01,1.784558035433292389e-02,9.770078212022781372e-02,-6.054385378956794739e-02,-3.243177011609077454e-02,-4.233566299080848694e-02,-1.634160578250885010e-01,1.494585722684860229e-02,2.805928327143192291e-02,2.059751600027084351e-01,2.465902417898178101e-01,-1.597151458263397217e-01,-2.516598813235759735e-02,-1.172534078359603882e-01,-4.210883751511573792e-02,-1.339567545801401138e-02,-1.303198635578155518e-01,-1.894774436950683594e-01,-1.064504608511924744e-01,-6.724608689546585083e-02,-1.566191911697387695e-01,-2.451344579458236694e-02,-7.467108219861984253e-02,4.238969087600708008e-02,3.431808203458786011e-02,1.196947321295738220e-02,-2.039823681116104126e-02,2.181818485260009766e-01,1.905138343572616577e-01,2.144045233726501465e-01,8.802546560764312744e-02,1.436660438776016235e-01,9.030675143003463745e-02,5.151050537824630737e-02,7.245235145092010498e-02,3.618144616484642029e-02,-1.607327722012996674e-02,8.892550319433212280e-02,4.542291536927223206e-02,9.141919761896133423e-02,1.150205805897712708e-01,8.277976512908935547e-02,1.207030415534973145e-01,8.821147680282592773e-02,8.246462792158126831e-02,1.455892175436019897e-01,1.316907852888107300e-01,8.685193210840225220e-02,1.724235713481903076e-02,8.111937344074249268e-02,4.166652914136648178e-03,2.001556754112243652e-02,7.331763952970504761e-02,1.053696200251579285e-01,1.191616430878639221e-01,7.987310737371444702e-02,4.794267565011978149e-02
1.931822150945663452e-01,1.243259981274604797e-01,3.019854128360748291e-01,3.537034690380096436e-01,4.952516555786132812e-01,9.999996423721313477e-01,1.171742826700210571e-01,1.052147001028060913e-01,6.050705909729003906e-02,4.989590346813201904e-01,-4.956378787755966187e-02,4.729056730866432190e-03,-5.529258772730827332e-02,-1.722843386232852936e-02,9.717190265655517578e-02,4.305271804332733154e-02,-6.575959920883178711e-02,-1.379510313272476196e-01,2.603476941585540771e-01,2.918135523796081543e-01,1.460143476724624634e-01,1.368745416402816772e-01,2.462595850229263306e-01,3.403299450874328613e-01,2.186243087053298950e-01,2.867897152900695801e-01,4.084805250167846680e-01,4.272010624408721924e-01,-1.229407861828804016e-01,-1.247746497392654419e-01,1.343178451061248779e-01,1.993013173341751099e-01,5.287385731935501099e-02,4.888116568326950073e-02,-8.241233229637145996e-02,-6.426072120666503906e-02,-1.575955897569656372e-01,-2.106319814920425415e-01,-1.405936479568481445e-01,-1.494673937559127808e-01,-1.063963323831558228e-01,-2.202091962099075317e-01,-1.582621335983276367e-01,-1.989271789789199829e-01,-1.164047420024871826e-01,-1.080602928996086121e-01,-1.732578128576278687e-01,-1.512842178344726562e-01,-1.721255928277969360e-01,-2.094391435384750366e-01,-1.793560385704040527e-01,-2.110689580440521240e-01,-1.839121133089065552e-01,-1.951439529657363892e-01,-8.789360523223876953e-02,-1.003607138991355896e-01,8.328747004270553589e-02,1.259336620569229126e-02,1.764998733997344971e-01,9.901335835456848145e-02,8.291971683502197266e-02,1.326552629470825195e-01,2.885464765131473541e-02,6.413781084120273590e-03,-1.281607244163751602e-02,-4.633571580052375793e-02,3.679875284433364868e-02,-5.111414357088506222e-04,1.261805891990661621e-01,7.747618108987808228e-02,-2.464550584554672241e-01,-7.248901575803756714e-02,-1.183614432811737061e-01,-9.500668942928314209e-02,-1.561289876699447632e-01,-3.117095232009887695e-01,-1.857430785894393921e-01,-1.681060642004013062e-01,-8.553496748208999634e-02,-1.675623953342437744e-01,-1.101489961147308350e-01,-1.878720223903656006e-01,-1.456680893898010254e-01,-1.269308328628540039e-01,-1.136034503579139709e-01,-1.643509417772293091e-01,3.185579553246498108e-02,1.601542462594807148e-03,-7.611424196511507034e-03,-3.979716449975967407e-02,-6.488669663667678833e-02,-4.640772193670272827e-02,2.289551077410578728e-03,-1.270174235105514526e-02,-8.698783814907073975e-02,-1.641621589660644531e-01,-1.211749687790870667e-01,-1.542614251375198364e-01,-9.812349081039428711e-02,-1.104268506169319153e-01,5.860260687768459320e-03,-1.168356742709875107e-02,-5.391234904527664185e-02,-9.425604343414306641e-02,-6.884726881980895996e-02,-9.875293821096420288e-02,-8.369425684213638306e-02,-1.208310648798942566e-01,-8.671606332063674927e-02,-1.274066269397735596e-01,-1.488531231880187988e-01,-1.211942732334136963e-01,-4.187902435660362244e-02,-1.116077825427055359e-01,-9.797620773315429688e-02,-1.007159575819969177e-01
5.807752013206481934e-01,1.360568106174468994e-01,5.909758210182189941e-01,4.203252196311950684e-01,-8.228590339422225952e-02,1.171742826700210571e-01,1.000000119209289551e+00,5.846204161643981934e-01,-4.833019897341728210e-02,1.320775747299194336e-01,6.546558141708374023e-01,5.448663234710693359e-01,5.853331089019775391e-01,4.407255351543426514e-01,-4.507553949952125549e-02,-6.939981132745742798e-02,5.315560102462768555e-01,3.801387548446655273e-01,2.284161299467086792e-01,1.742943376302719116e-01,-2.120881080627441406e-01,-2.274394929409027100e-01,4.927665293216705322e-01,3.296940326690673828e-01,-8.258937299251556396e-02,-7.474808394908905029e-02,-2.097583413124084473e-01,-1.755949556827545166e-01,2.843048870563507080e-01,1.510269343852996826e-01,1.846964657306671143e-01,2.960731685161590576e-01,6.972579956054687500e-01,7.292043566703796387e-01,4.064079523086547852e-01,4.226853549480438232e-01,-7.811006158590316772e-02,-2.292318195104598999e-01,-2.898067235946655273e-01,-3.229634463787078857e-01,-6.859314441680908203e-02,-2.112141400575637817e-01,8.791039697825908661e-03,2.850795164704322815e-02,2.182239592075347900e-01,1.769795417785644531e-01,-1.423602104187011719e-01,-1.476854532957077026e-01,1.798657029867172241e-01,1.112500503659248352e-01,1.797389388084411621e-01,5.580223351716995239e-02,-1.348471045494079590e-01,-2.792361974716186523e-01,-1.922477781772613525e-01,-2.765777111053466797e-01,4.342092573642730713e-01,-2.879166044294834137e-02,-1.420091986656188965e-01,-3.658399581909179688e-01,3.773505091667175293e-01,-4.675731807947158813e-02,6.328266263008117676e-01,5.028513073921203613e-01,4.196498990058898926e-01,1.489464342594146729e-01,9.944267570972442627e-02,2.212402224540710449e-01,-1.713311225175857544e-01,-1.815843433141708374e-01,1.110748946666717529e-01,2.888351380825042725e-01,3.276545405387878418e-01,2.556279897689819336e-01,1.769279390573501587e-01,1.424140334129333496e-01,1.985087245702743530e-01,1.371811032295227051e-01,3.831447362899780273e-01,2.285185307264328003e-01,3.502407968044281006e-01,1.165052801370620728e-01,-7.384271919727325439e-02,-1.010650843381881714e-01,1.198036000132560730e-01,-1.021557524800300598e-01,-2.827513515949249268e-01,-3.604196012020111084e-01,-2.168223261833190918e-01,-3.227519690990447998e-01,-2.779665887355804443e-01,-3.825639486312866211e-01,-3.584827780723571777e-01,-4.359889626502990723e-01,-1.946293860673904419e-01,-2.489794194698333740e-01,-2.639009952545166016e-01,-3.249394595623016357e-01,-2.059358656406402588e-01,-3.271162807941436768e-01,-3.100654780864715576e-01,-4.663420915603637695e-01,-3.624791204929351807e-01,-4.659360647201538086e-01,-3.401864767074584961e-01,-3.944804966449737549e-01,-3.324428796768188477e-01,-3.978717625141143799e-01,-2.511495053768157959e-01,-1.982358396053314209e-01,-2.706435918807983398e-01,-2.725671827793121338e-01,-3.555020093917846680e-01,-4.220339655876159668e-01,-3.083930015563964844e-01,-2.477062940597534180e-01
2.982707917690277100e-01,3.640709817409515381e-01,5.720345377922058105e-01,6.226778626441955566e-01,-1.440738737583160400e-01,1.052147001028060913e-01,5.846204161643981934e-01,1.000000238418579102e+00,-1.596769541501998901e-01,-3.574708849191665649e-02,4.159353673458099365e-01,5.572566390037536621e-01,2.990220189094543457e-01,5.082046985626220703e-01,-2.246168851852416992e-01,-1.679127365350723267e-01,3.425985276699066162e-01,3.086771070957183838e-01,9.429721534252166748e-02,9.576287120580673218e-02,-1.849033087491989136e-01,-2.120986729860305786e-01,6.178569197654724121e-01,4.868577122688293457e-01,8.756247162818908691e-02,6.957533955574035645e-02,-9.614183008670806885e-02,-2.345970869064331055e-01,1.854656487703323364e-01,1.338805109262466431e-01,3.322004377841949463e-01,4.135618507862091064e-01,4.081998765468597412e-01,4.748712778091430664e-01,1.131395325064659119e-01,1.874944865703582764e-01,-1.611167639493942261e-01,-1.914010941982269287e-01,-3.244186639785766602e-01,-3.280005753040313721e-01,-1.794327795505523682e-01,-2.279541045427322388e-01,-9.076882153749465942e-02,-3.969884663820266724e-02,1.090644821524620056e-01,1.374550014734268188e-01,-1.899708956480026245e-01,-2.157177329063415527e-01,1.558891385793685913e-01,2.204176187515258789e-01,9.746012091636657715e-02,1.380570977926254272e-01,-1.279817521572113037e-01,-2.062387168407440186e-01,-2.419788688421249390e-01,-2.451683580875396729e-01,2.817728221416473389e-01,1.865048408508300781e-01,-3.633590415120124817e-02,-1.103616356849670410e-01,3.016143143177032471e-01,2.011501789093017578e-01,3.486112654209136963e-01,4.934247136116027832e-01,3.213917315006256104e-01,3.675303459167480469e-01,-5.340799689292907715e-03,1.148495972156524658e-01,-1.715193390846252441e-01,-1.478899419307708740e-01,-7.512768357992172241e-02,1.897018104791641235e-01,1.546873748302459717e-01,1.794003695249557495e-01,4.171722009778022766e-02,6.860172748565673828e-02,-5.333677865564823151e-03,5.924108438193798065e-03,3.734100162982940674e-01,1.502297222614288330e-01,1.968625485897064209e-01,1.588717401027679443e-01,-1.569610536098480225e-01,-1.112627536058425903e-01,1.559096947312355042e-02,-3.064600192010402679e-02,-3.778586983680725098e-01,-3.654255270957946777e-01,-2.642870247364044189e-01,-2.612049281597137451e-01,-3.174007236957550049e-01,-3.422134816646575928e-01,-3.454900681972503662e-01,-3.364389240741729736e-01,-2.069074213504791260e-01,-2.331866472959518433e-01,-3.076976835727691650e-01,-3.087086975574493408e-01,-2.474031448364257812e-01,-3.291113376617431641e-01,-3.448224067687988281e-01,-3.668211400508880615e-01,-3.515464961528778076e-01,-3.945443034172058105e-01,-3.354310691356658936e-01,-3.533565998077392578e-01,-3.764176666736602783e-01,-2.960450947284698486e-01,-2.319833040237426758e-01,-2.867140769958496094e-01,-3.537019789218902588e-01,-3.145721256732940674e-01,-3.698408901691436768e-01,-3.806283473968505859e-01,-2.865272462368011475e-01,-2.445500493049621582e-01
-1.009444221854209900e-01,-2.802692651748657227e-01,-2.132697403430938721e-01,-2.278453707695007324e-01,2.986067831516265869e-01,6.050705909729003906e-02,-4.833019897341728210e-02,-1.596769541501998901e-01,9.999997615814208984e-01,2.771707773208618164e-01,1.352886557579040527e-01,8.713459968566894531e-02,2.572273015975952148e-01,1.370702385902404785e-01,4.102787971496582031e-01,3.793469965457916260e-01,1.636486649513244629e-01,7.657350599765777588e-02,-1.673860847949981689e-01,-1.586621105670928955e-01,2.400244958698749542e-02,1.847780793905258179e-01,-1.606284081935882568e-01,-1.289996355772018433e-01,-7.312034070491790771e-02,-2.419446036219596863e-02,7.879401743412017822e-02,2.226451188325881958e-01,1.898608654737472534e-01,9.049915522336959839e-02,5.893602501600980759e-03,5.324181634932756424e-03,-4.268673807382583618e-02,-5.356335267424583435e-02,2.409189790487289429e-01,2.168572098016738892e-01,2.860619425773620605e-01,1.407310068607330322e-01,2.896688282489776611e-01,2.602509856224060059e-01,3.444895446300506592e-01,2.154240310192108154e-01,2.899445295333862305e-01,2.424463480710983276e-01,2.288515865802764893e-01,1.819359958171844482e-01,2.698940336704254150e-01,2.852238416671752930e-01,1.146228685975074768e-01,1.311330124735832214e-02,2.256183475255966187e-01,6.685970723628997803e-02,2.433254271745681763e-01,1.583847403526306152e-01,3.188484013080596924e-01,2.299848645925521851e-01,-1.352413445711135864e-01,-2.317060083150863647e-01,-9.434008598327636719e-02,-1.063019037246704102e-01,-1.189386174082756042e-01,-1.742020994424819946e-01,1.705884635448455811e-01,1.681018248200416565e-02,1.346365064382553101e-01,-4.783897101879119873e-02,2.228983119130134583e-02,4.599217697978019714e-02,-1.428900361061096191e-01,-1.063337177038192749e-01,2.154401838779449463e-01,2.464238107204437256e-01,3.139053583145141602e-01,2.476541846990585327e-01,3.109436631202697754e-01,2.515967786312103271e-01,2.347993552684783936e-01,2.151858359575271606e-01,9.449894726276397705e-02,2.678797841072082520e-01,2.501514554023742676e-01,1.670443266630172729e-01,3.262384533882141113e-01,2.591245472431182861e-01,3.324098289012908936e-01,2.252036184072494507e-01,3.341346979141235352e-01,3.063826858997344971e-01,3.116079568862915039e-01,2.266835421323776245e-01,2.934863865375518799e-01,1.666789203882217407e-01,2.163210809230804443e-01,1.748864799737930298e-01,2.292226105928421021e-01,2.106630057096481323e-01,2.653749585151672363e-01,2.547302246093750000e-01,2.690944373607635498e-01,2.592180073261260986e-01,2.520785331726074219e-01,1.140433400869369507e-01,2.266962826251983643e-01,1.717050522565841675e-01,2.309064716100692749e-01,1.958822906017303467e-01,2.541274130344390869e-01,1.706396490335464478e-01,2.160386890172958374e-01,1.615914404392242432e-01,2.935702204704284668e-01,3.170363306999206543e-01,2.542337179183959961e-01,2.430604398250579834e-01,1.850597411394119263e-01,2.680157124996185303e-01
1.973086893558502197e-01,1.240421831607818604e-02,3.191265463829040527e-02,1.026487201452255249e-01,3.671647906303405762e-01,4.989590346813201904e-01,1.320775747299194336e-01,-3.574708849191665649e-02,2.771707773208618164e-01,9.999997615814208984e-01,-3.897061198949813843e-02,5.815563723444938660e-02,1.266909390687942505e-01,-5.797668360173702240e-03,2.943306863307952881e-01,2.070261687040328979e-01,-9.095384925603866577e-02,-1.504369080066680908e-01,2.396881729364395142e-01,2.573534846305847168e-01,2.022924832999706268e-02,1.151068285107612610e-01,-1.479703933000564575e-01,-1.315004080533981323e-01,-3.248278498649597168e-01,-2.698768675327301025e-01,4.089682549238204956e-02,4.326953887939453125e-01,-7.190503925085067749e-02,-1.009025871753692627e-01,-3.390031754970550537e-01,-2.529937326908111572e-01,1.033618524670600891e-01,1.055321097373962402e-01,1.211922466754913330e-01,5.424973741173744202e-02,2.382983639836311340e-02,-2.122093290090560913e-01,2.511541731655597687e-02,-3.489354625344276428e-02,4.641553387045860291e-02,-1.614248901605606079e-01,-2.706888504326343536e-02,-1.160408258438110352e-01,-4.497419297695159912e-02,-9.220686554908752441e-02,-5.767514184117317200e-02,-3.751784190535545349e-02,-1.316339969635009766e-01,-2.690228223800659180e-01,-8.234304189682006836e-02,-2.563524544239044189e-01,-9.116131812334060669e-02,-2.411388307809829712e-01,6.346675753593444824e-02,-8.044531568884849548e-03,-2.084784209728240967e-02,-1.342753767967224121e-01,8.271518349647521973e-02,-5.792950093746185303e-02,4.308022558689117432e-02,-4.131214693188667297e-02,1.397888660430908203e-01,-5.789911001920700073e-02,3.448517248034477234e-02,-1.991762965917587280e-01,1.098879054188728333e-01,1.543681137263774872e-02,2.439218200743198395e-02,-3.092884086072444916e-02,-1.129154190421104431e-01,-5.437564477324485779e-02,6.842633336782455444e-02,-3.249786421656608582e-02,-1.481058355420827866e-02,-1.490027457475662231e-01,8.329010754823684692e-02,-6.183650344610214233e-02,-1.681267619132995605e-01,1.595136150717735291e-02,-3.886920586228370667e-02,-1.857024580240249634e-01,-1.717511191964149475e-02,-4.008761420845985413e-02,1.106078270822763443e-02,-1.340392827987670898e-01,1.997489333152770996e-01,1.766266077756881714e-01,1.029367521405220032e-01,8.292371779680252075e-02,7.199966162443161011e-02,-8.426753431558609009e-02,6.590867787599563599e-02,-7.222973555326461792e-02,4.109669849276542664e-02,-8.202949911355972290e-02,-1.759522221982479095e-02,-8.243443816900253296e-02,7.937805727124214172e-03,-3.620980679988861084e-02,2.048588693141937256e-01,-9.549160301685333252e-02,6.626326590776443481e-02,-5.820122733712196350e-02,4.084193706512451172e-02,-3.439913317561149597e-02,9.232492744922637939e-02,-7.327172160148620605e-02,-1.669159345328807831e-02,-7.804616540670394897e-02,-3.115928918123245239e-02,2.647897228598594666e-03,2.146782167255878448e-02,-5.977880582213401794e-02,-3.896296024322509766e-02,-1.296379952691495419e-03
2.469778209924697876e-01,-2.034717947244644165e-01,2.664630413055419922e-01,5.852385982871055603e-02,-9.666451811790466309e-02,-4.956378787755966187e-02,6.546558141708374023e-01,4.159353673458099365e-01,1.352886557579040527e-01,-3.897061198949813843e-02,1.000000238418579102e+00,6.641629934310913086e-01,7.690459489822387695e-01,6.682718396186828613e-01,1.907501518726348877e-01,2.314270585775375366e-01,7.510168552398681641e-01,6.167779564857482910e-01,-1.836002767086029053e-01,-2.515355944633483887e-01,-6.557049602270126343e-02,8.168835192918777466e-03,3.451027572154998779e-01,1.877788156270980835e-01,-1.295392680913209915e-02,-4.146962892264127731e-03,-1.686903089284896851e-01,-1.277329027652740479e-01,6.386058926582336426e-01,4.907135069370269775e-01,3.399411439895629883e-01,4.187660515308380127e-01,4.673027396202087402e-01,5.134299397468566895e-01,5.667755603790283203e-01,5.968602895736694336e-01,2.768239974975585938e-01,1.695342808961868286e-01,5.986892059445381165e-02,3.679168969392776489e-02,2.627200484275817871e-01,1.713693737983703613e-01,3.419948816299438477e-01,3.809908032417297363e-01,4.087541997432708740e-01,3.512020409107208252e-01,2.208130955696105957e-01,1.902335137128829956e-01,3.539114296436309814e-01,2.844848334789276123e-01,4.652486741542816162e-01,3.193135559558868408e-01,2.368851155042648315e-01,8.265472948551177979e-02,1.404641419649124146e-01,5.103963613510131836e-02,2.223095297813415527e-01,-1.999692767858505249e-01,-3.756883442401885986e-01,-5.468581318855285645e-01,1.482399404048919678e-01,-3.261270821094512939e-01,5.934581756591796875e-01,5.289875864982604980e-01,4.180444478988647461e-01,1.578439921140670776e-01,-5.336239933967590332e-02,1.490001082420349121e-01,-3.890780508518218994e-01,-3.638884425163269043e-01,4.520674049854278564e-01,5.915799736976623535e-01,6.011052131652832031e-01,5.544421672821044922e-01,4.741590619087219238e-01,4.629719853401184082e-01,4.037934243679046631e-01,4.246307611465454102e-01,6.762638092041015625e-01,5.421003699302673340e-01,6.690275669097900391e-01,4.944525659084320068e-01,2.895151078701019287e-01,2.578205466270446777e-01,4.800023734569549561e-01,2.925158739089965820e-01,-6.078298017382621765e-02,-1.078556329011917114e-01,8.679877966642379761e-02,-4.218505695462226868e-02,2.098608389496803284e-02,-1.184463277459144592e-01,-1.411927491426467896e-01,-2.346844673156738281e-01,7.647191733121871948e-02,8.234121650457382202e-02,8.063369989395141602e-02,1.949097961187362671e-02,1.005576252937316895e-01,7.886214181780815125e-03,-1.200916171073913574e-01,-2.420946657657623291e-01,-1.277267932891845703e-01,-1.985917538404464722e-01,-9.779953211545944214e-02,-1.330622881650924683e-01,-1.057892143726348877e-01,-1.200274080038070679e-01,9.938996518030762672e-04,9.372144937515258789e-02,8.348806202411651611e-02,5.853681638836860657e-02,-6.884504109621047974e-02,-9.616184234619140625e-02,-3.401091787964105606e-03,6.812390685081481934e-02
1.328679919242858887e-01,-3.663112968206405640e-02,1.940545290708541870e-01,1.276075989007949829e-01,-8.595868945121765137e-02,4.729056730866432190e-03,5.448663234710693359e-01,5.572566390037536621e-01,8.713459968566894531e-02,5.815563723444938660e-02,6.641629934310913086e-01,1.000000119209289551e+00,6.576944589614868164e-01,7.717559933662414551e-01,2.127671390771865845e-01,3.046367466449737549e-01,6.793811917304992676e-01,6.807780265808105469e-01,-2.823848724365234375e-01,-2.651706039905548096e-01,-1.268882188014686108e-03,4.821136221289634705e-02,3.148473203182220459e-01,1.675247848033905029e-01,-7.054673880338668823e-02,-5.997854098677635193e-02,-1.358554065227508545e-01,-2.769027836620807648e-02,5.979677438735961914e-01,5.093622803688049316e-01,3.161098957061767578e-01,4.151461720466613770e-01,4.093654751777648926e-01,4.930773973464965820e-01,5.621938705444335938e-01,6.275948882102966309e-01,3.442411720752716064e-01,1.980061233043670654e-01,1.314691901206970215e-01,1.257045120000839233e-01,3.212657272815704346e-01,2.186915129423141479e-01,3.832770287990570068e-01,4.363786578178405762e-01,4.450041949748992920e-01,4.243467450141906738e-01,3.051162958145141602e-01,2.692249715328216553e-01,4.311963617801666260e-01,3.909173607826232910e-01,4.908119738101959229e-01,4.335271418094635010e-01,3.306872844696044922e-01,1.534938961267471313e-01,2.378631681203842163e-01,1.899827122688293457e-01,1.491807401180267334e-01,-1.019678115844726562e-01,-2.850081026554107666e-01,-4.550480544567108154e-01,1.915426701307296753e-01,-1.944514214992523193e-01,5.711113214492797852e-01,6.616818904876708984e-01,4.587065279483795166e-01,3.056495189666748047e-01,-1.513007562607526779e-02,1.945369690656661987e-01,-4.164397418498992920e-01,-3.771314620971679688e-01,3.594575822353363037e-01,5.837833881378173828e-01,5.951571464538574219e-01,6.035172343254089355e-01,4.812729656696319580e-01,4.906357824802398682e-01,4.038183689117431641e-01,4.241148233413696289e-01,6.672345399856567383e-01,5.414218306541442871e-01,6.222803592681884766e-01,5.642205476760864258e-01,3.305440545082092285e-01,3.510519862174987793e-01,4.971015453338623047e-01,4.145827889442443848e-01,1.057649217545986176e-02,2.245519682765007019e-02,1.578108668327331543e-01,1.372193545103073120e-01,1.243598684668540955e-01,-1.543290354311466217e-02,-3.592041879892349243e-02,-2.303749173879623413e-01,1.730549782514572144e-01,1.432220190763473511e-01,1.597083956003189087e-01,1.086838319897651672e-01,2.253013402223587036e-01,1.330559849739074707e-01,2.500723116099834442e-02,-1.979833394289016724e-01,8.995105512440204620e-03,-9.868310391902923584e-02,3.518287837505340576e-02,-1.676834560930728912e-02,-7.902745157480239868e-03,2.849747426807880402e-02,8.714331686496734619e-02,7.280095666646957397e-02,9.874299168586730957e-02,1.461973488330841064e-01,2.204109728336334229e-02,3.111410420387983322e-03,1.343289613723754883e-01,1.821560710668563843e-01
1.401968300342559814e-01,-3.464652299880981445e-01,8.437993377447128296e-02,-8.561813831329345703e-02,-8.815103024244308472e-02,-5.529258772730827332e-02,5.853331089019775391e-01,2.990220189094543457e-01,2.572273015975952148e-01,1.266909390687942505e-01,7.690459489822387695e-01,6.576944589614868164e-01,9.999997615814208984e-01,6.848961710929870605e-01,3.559872508049011230e-01,3.939066827297210693e-01,7.079005241394042969e-01,5.796867609024047852e-01,-2.721784710884094238e-01,-3.257306218147277832e-01,-2.270755358040332794e-02,6.668996065855026245e-02,1.581373214721679688e-01,5.012516863644123077e-03,-2.097069919109344482e-01,-1.884522140026092529e-01,-2.484628707170486450e-01,-3.372307494282722473e-02,6.747126579284667969e-01,5.061431527137756348e-01,1.656646132469177246e-01,2.685134708881378174e-01,3.799698352813720703e-01,4.307361245155334473e-01,6.297256946563720703e-01,6.423699259757995605e-01,3.909067213535308838e-01,2.190321236848831177e-01,1.886955052614212036e-01,1.545037180185317993e-01,3.840752840042114258e-01,2.680116295814514160e-01,4.478753507137298584e-01,4.443641006946563721e-01,4.456719160079956055e-01,3.619986474514007568e-01,3.215902447700500488e-01,2.925448119640350342e-01,3.709824085235595703e-01,2.226283848285675049e-01,5.327278971672058105e-01,3.089085221290588379e-01,3.302764296531677246e-01,1.434518098831176758e-01,2.709183990955352783e-01,1.504201889038085938e-01,5.016368255019187927e-02,-3.586499392986297607e-01,-4.644456803798675537e-01,-6.350155472755432129e-01,5.073354393243789673e-02,-4.514100253582000732e-01,6.125457882881164551e-01,4.346795082092285156e-01,3.960918784141540527e-01,6.582529097795486450e-02,-5.784102529287338257e-02,1.369717121124267578e-01,-4.891260564327239990e-01,-4.485600888729095459e-01,5.180755853652954102e-01,6.331206560134887695e-01,6.997569203376770020e-01,6.328253746032714844e-01,5.610135197639465332e-01,5.488262176513671875e-01,5.211064815521240234e-01,4.853293001651763916e-01,6.106238365173339844e-01,5.857874155044555664e-01,7.054078578948974609e-01,4.985807836055755615e-01,4.085710942745208740e-01,3.531911075115203857e-01,5.837959051132202148e-01,3.739650249481201172e-01,9.391951560974121094e-02,4.886890947818756104e-02,1.952889859676361084e-01,7.951110601425170898e-02,1.254963129758834839e-01,-3.853718936443328857e-02,-2.181903645396232605e-02,-1.926500499248504639e-01,1.627191752195358276e-01,1.509802639484405518e-01,1.888119876384735107e-01,1.090127974748611450e-01,2.168287038803100586e-01,1.129760295152664185e-01,5.456590279936790466e-02,-1.976001560688018799e-01,8.705616928637027740e-03,-1.077344715595245361e-01,2.625634893774986267e-02,-2.684989385306835175e-02,3.319295123219490051e-02,-2.730780653655529022e-02,6.016847118735313416e-02,1.454543024301528931e-01,2.093021720647811890e-01,1.784632205963134766e-01,4.858321696519851685e-02,1.208192668855190277e-02,8.929780870676040649e-02,1.703594177961349487e-01
