1.000000476837158203e+00,6.120430827140808105e-01,3.368999063968658447e-01,-1.354180872440338135e-01,-9.399248659610748291e-02,-1.668423116207122803e-01,4.036613106727600098e-01,-1.148831918835639954e-01,6.002673879265785217e-02,9.659707546234130859e-02,5.388587713241577148e-01,6.494625657796859741e-02,3.778447508811950684e-01,2.322276383638381958e-01,1.693836897611618042e-01,1.034391224384307861e-01,2.084050178527832031e-01,1.024049594998359680e-01,5.349459052085876465e-01,3.057448565959930420e-01,-1.306143999099731445e-01,-1.137563679367303848e-02,-8.030968159437179565e-02,-1.561388373374938965e-01,-4.800571501255035400e-02,-7.342768460512161255e-02,5.574436858296394348e-02,1.041282042860984802e-01,-3.117960877716541290e-02,1.542447805404663086e-01,-5.666549317538738251e-03,-2.514262869954109192e-02,6.720123440027236938e-02,9.167124330997467041e-02,-1.120419800281524658e-01,-3.024425730109214783e-02,1.553696393966674805e-01,3.503460586071014404e-01,-5.029353126883506775e-02,9.701407700777053833e-02,-2.096470631659030914e-02,2.261828631162643433e-01,2.641535997390747070e-01,5.001031234860420227e-02,-7.401192188262939453e-02,-9.453954547643661499e-02,3.220715820789337158e-01,1.757826358079910278e-01,-5.924035608768463135e-02,-1.164454966783523560e-02,-2.259859815239906311e-02,8.929378539323806763e-02,2.532711029052734375e-01,1.569806933403015137e-01,3.452621698379516602e-01,3.862575292587280273e-01,5.117619037628173828e-01,4.646033048629760742e-01,3.300172686576843262e-01,3.324467539787292480e-01,2.595035433769226074e-01,1.843744814395904541e-01,8.627508580684661865e-02,-7.444225251674652100e-02,-2.110519558191299438e-01,-2.323795557022094727e-01,-3.157738968729972839e-02,1.416169386357069016e-02,2.177390605211257935e-01,2.951144576072692871e-01,9.523245692253112793e-02,5.402503907680511475e-02,1.019327342510223389e-01,3.514954447746276855e-01,1.054623052477836609e-01,2.415521740913391113e-01,3.814685642719268799e-01,3.887108266353607178e-01,4.783733561635017395e-02,2.058565765619277954e-01,1.934463232755661011e-01,2.775348424911499023e-01,7.324729859828948975e-02,7.849196344614028931e-02,2.666219472885131836e-01,1.035828739404678345e-01,1.667976379394531250e-01,1.324244290590286255e-01,2.120991051197052002e-01,9.460144490003585815e-02,2.265022248029708862e-01,1.213541254401206970e-01,8.937056362628936768e-02,8.454404771327972412e-02,3.040262497961521149e-02,-1.048597842454910278e-01,1.227381154894828796e-01,2.154174596071243286e-01,3.106980323791503906e-01,2.950784564018249512e-01,4.453800246119499207e-02,5.220184102654457092e-02,1.358548253774642944e-01,3.242154046893119812e-02,1.268743444234132767e-02,-1.257870998233556747e-02,7.550789415836334229e-02,-8.272973448038101196e-02,1.524573285132646561e-02,-9.382598102092742920e-02,4.271570593118667603e-02,1.935538202524185181e-01,2.017999440431594849e-01,1.587311774492263794e-01,1.266812831163406372e-01,6.594263017177581787e-02
6.120430827140808105e-01,1.000000238418579102e+00,1.516371816396713257e-01,3.211883828043937683e-02,-1.259173750877380371e-01,-1.280308514833450317e-01,2.109442353248596191e-01,8.426739275455474854e-02,-5.730659887194633484e-02,3.120649792253971100e-02,3.481211662292480469e-01,2.262319624423980713e-01,1.454549133777618408e-01,2.572990655899047852e-01,2.023184671998023987e-02,1.690220832824707031e-01,3.214439749717712402e-01,3.367322683334350586e-01,4.774245619773864746e-01,5.075167417526245117e-01,-1.180191636085510254e-01,7.841559499502182007e-02,-1.557041108608245850e-01,-4.997735098004341125e-02,-9.901859611272811890e-02,-2.542623318731784821e-02,4.782834555953741074e-03,5.150246620178222656e-02,1.165605708956718445e-01,3.407943844795227051e-01,7.752772420644760132e-02,6.421024352312088013e-02,1.532364040613174438e-01,2.073794007301330566e-01,-1.503229886293411255e-01,-3.050707653164863586e-02,1.581889986991882324e-01,2.284843176603317261e-01,-5.132264643907546997e-02,9.062255918979644775e-02,2.783851325511932373e-02,2.111143916845321655e-01,2.632144689559936523e-01,2.450857497751712799e-02,4.670535773038864136e-02,5.183476209640502930e-02,2.884603440761566162e-01,1.689480245113372803e-01,5.314843356609344482e-02,1.487135738134384155e-01,5.891511961817741394e-02,2.113610655069351196e-01,3.225611746311187744e-01,2.092303484678268433e-01,3.366903066635131836e-01,3.846140801906585693e-01,5.784044861793518066e-01,6.078780889511108398e-01,2.139744013547897339e-01,3.868526816368103027e-01,7.110251486301422119e-02,2.241591662168502808e-01,1.943339109420776367e-01,2.110698074102401733e-01,-3.323321938514709473e-01,-2.059718966484069824e-01,-9.268081933259963989e-02,1.156824305653572083e-01,3.228706121444702148e-01,4.316047430038452148e-01,1.881661117076873779e-01,9.240387380123138428e-02,1.292201429605484009e-01,3.864117860794067383e-01,8.760336041450500488e-02,3.743077814579010010e-01,3.182021379470825195e-01,4.101650714874267578e-01,1.545648425817489624e-01,2.192418277263641357e-01,2.768593728542327881e-01,3.955863714218139648e-01,5.560840293765068054e-02,5.753944814205169678e-02,9.288663417100906372e-02,1.815973222255706787e-01,7.778780162334442139e-02,1.544353216886520386e-01,1.249577756971120834e-02,1.843491494655609131e-01,2.492873519659042358e-01,5.559514462947845459e-02,1.568174362182617188e-01,-1.875051483511924744e-02,-1.098694279789924622e-02,-1.158639714121818542e-01,1.004986017942428589e-01,2.167533338069915771e-01,4.382297098636627197e-01,3.133575022220611572e-01,3.089845925569534302e-02,-1.962757855653762817e-02,1.981230229139328003e-01,-2.594700269401073456e-02,1.379365194588899612e-02,-3.103535808622837067e-02,8.060624450445175171e-02,-9.959903359413146973e-02,4.015434533357620239e-03,2.470747195184230804e-02,6.981094181537628174e-02,1.825776845216751099e-01,1.821863055229187012e-01,1.770438998937606812e-01,8.183672279119491577e-02,-5.234271660447120667e-02
3.368999063968658447e-01,1.516371816396713257e-01,9.999998211860656738e-01,1.166704669594764709e-01,5.825521424412727356e-02,-6.035314872860908508e-02,6.409464478492736816e-01,-8.418644964694976807e-02,2.879807054996490479e-01,8.448418974876403809e-02,2.236398607492446899e-01,-1.931962668895721436e-01,3.105951249599456787e-01,6.278464198112487793e-02,2.476336061954498291e-01,-1.861092075705528259e-02,-1.511839479207992554e-01,-2.632959187030792236e-01,1.817129254341125488e-01,-1.065631303936243057e-02,-8.528081327676773071e-02,1.899767965078353882e-01,3.104964792728424072e-01,1.040280312299728394e-01,2.636354565620422363e-01,8.379519730806350708e-02,1.816907525062561035e-01,1.168915480375289917e-01,-8.974514156579971313e-02,-1.761273597367107868e-04,-3.698709607124328613e-02,-3.771541267633438110e-02,-1.733076125383377075e-01,-8.400288224220275879e-02,3.139592707157135010e-02,-2.244941145181655884e-02,1.085226163268089294e-01,1.835969686508178711e-01,1.347633302211761475e-01,-2.397538535296916962e-02,-1.175777837634086609e-01,2.922205068171024323e-02,-1.097865700721740723e-01,-1.088117063045501709e-01,-3.203488588333129883e-01,-3.522518575191497803e-01,-1.393745187669992447e-02,-4.072897881269454956e-02,-3.723956346511840820e-01,-3.211223781108856201e-01,-3.018534183502197266e-01,-2.425454407930374146e-01,-1.431696265935897827e-01,-1.489885244518518448e-02,8.165052533149719238e-02,3.779115900397300720e-02,2.382574370130896568e-03,-9.932278841733932495e-02,5.601265653967857361e-02,-6.625120341777801514e-02,1.420392692089080811e-01,-5.228666588664054871e-02,-2.975580394268035889e-01,-4.705584347248077393e-01,2.091773748397827148e-01,-9.493735432624816895e-02,-6.886598467826843262e-02,-2.265554666519165039e-01,-2.020466625690460205e-01,-1.962189823389053345e-01,1.141662895679473877e-01,6.641344726085662842e-02,1.448957026004791260e-01,1.309926211833953857e-01,1.151859834790229797e-01,7.275845110416412354e-02,1.899581551551818848e-01,5.553704500198364258e-02,-1.351985484361648560e-01,-3.358200192451477051e-02,-8.109170943498611450e-02,1.441472303122282028e-02,-1.466619502753019333e-02,-1.672542840242385864e-02,3.390372395515441895e-01,6.337545812129974365e-03,1.869646161794662476e-01,1.627889424562454224e-01,3.014036715030670166e-01,3.334161266684532166e-02,-1.494635045528411865e-01,8.493526279926300049e-02,4.366887733340263367e-02,2.873393893241882324e-01,-5.369820818305015564e-02,-1.107137799263000488e-01,-3.133716434240341187e-02,-7.440874725580215454e-02,-1.703919023275375366e-01,-6.320787221193313599e-02,5.666754767298698425e-02,3.838967680931091309e-01,3.623531758785247803e-02,1.523882895708084106e-01,-1.270552426576614380e-01,-3.769110888242721558e-02,1.350972354412078857e-01,3.989853709936141968e-02,1.016413699835538864e-02,-1.527619641274213791e-02,-1.169808134436607361e-01,-1.235971823334693909e-01,1.047978699207305908e-01,-3.053891099989414215e-02,-1.984429359436035156e-02,-9.183292090892791748e-02
-1.354180872440338135e-01,3.211883828043937683e-02,1.166704669594764709e-01,1.000000119209289551e+00,6.838749349117279053e-02,1.396011710166931152e-01,2.153566181659698486e-01,6.027339100837707520e-01,1.449926942586898804e-01,1.830673962831497192e-01,-1.956141442060470581e-01,2.709315717220306396e-01,1.430669575929641724e-01,2.223935276269912720e-01,-1.863581538200378418e-01,-5.880904570221900940e-02,-3.148326277732849121e-02,-1.678409427404403687e-01,-3.857082724571228027e-01,2.053830623626708984e-01,-2.315252572298049927e-01,2.836851775646209717e-01,-1.374845355749130249e-01,2.231515198945999146e-01,-8.990167081356048584e-02,1.890983879566192627e-01,-3.493569791316986084e-02,-1.143420115113258362e-02,4.779013246297836304e-02,-9.015411138534545898e-03,-2.586385309696197510e-01,-3.565596044063568115e-02,-1.700031012296676636e-01,9.026635438203811646e-02,-6.270030885934829712e-02,1.043954938650131226e-01,-1.077876091003417969e-01,-6.888765841722488403e-02,1.208236813545227051e-01,-3.206801787018775940e-02,-5.745583027601242065e-02,-2.543990686535835266e-02,-1.675682216882705688e-01,-1.544704139232635498e-01,-2.012500911951065063e-01,-8.257614076137542725e-02,-1.823640316724777222e-01,-1.373816877603530884e-01,-1.146194413304328918e-01,-1.170740500092506409e-01,-2.029511779546737671e-01,-1.356745213270187378e-01,-1.945668160915374756e-01,-1.997715681791305542e-01,1.120731309056282043e-01,1.645372807979583740e-02,-2.766802012920379639e-01,-1.745026707649230957e-01,-6.347257643938064575e-02,1.609436124563217163e-01,8.038153499364852905e-02,3.370319306850433350e-01,-1.301103234291076660e-01,9.633128345012664795e-02,6.189830601215362549e-02,5.147426724433898926e-01,-1.027312204241752625e-01,4.160658642649650574e-02,-3.455696702003479004e-01,-1.723689287900924683e-01,-7.241427153348922729e-02,-3.052035160362720490e-02,1.391235142946243286e-01,5.533083900809288025e-02,7.856895774602890015e-02,1.496222764253616333e-01,-7.291477173566818237e-02,1.463072001934051514e-02,-1.930656880140304565e-01,-1.366425603628158569e-01,-2.796381711959838867e-01,2.556954510509967804e-02,-2.000068426132202148e-01,-1.072554439306259155e-01,-2.070253491401672363e-01,2.056964486837387085e-01,-2.216563746333122253e-02,1.211733520030975342e-01,1.353058665990829468e-01,3.290404081344604492e-01,-2.372006326913833618e-02,-9.188428521156311035e-02,8.058299124240875244e-02,-1.096717193722724915e-01,-1.414325088262557983e-01,-1.478290557861328125e-01,-1.349206268787384033e-01,-6.799124926328659058e-02,-1.346860527992248535e-01,-2.031576484441757202e-01,1.732605844736099243e-01,8.018750697374343872e-02,1.790314614772796631e-01,4.622018430382013321e-03,-1.507463864982128143e-02,-8.965785801410675049e-02,2.671118825674057007e-02,-9.789994359016418457e-02,-3.204252570867538452e-02,-3.805251792073249817e-02,-1.394651532173156738e-01,-1.598363816738128662e-01,-2.288644015789031982e-02,-5.559092760086059570e-02,3.893762826919555664e-02,-1.799598038196563721e-01
-9.399248659610748291e-02,-1.259173750877380371e-01,5.825521424412727356e-02,6.838749349117279053e-02,9.999997615814208984e-01,6.527404189109802246e-01,-2.471122890710830688e-02,-1.681098788976669312e-01,6.287383437156677246e-01,4.545253217220306396e-01,3.765468299388885498e-02,-9.991937875747680664e-02,1.374656111001968384e-01,-1.154339462518692017e-01,5.075001120567321777e-01,6.903103739023208618e-02,8.103345334529876709e-02,-7.563269138336181641e-02,-1.539655476808547974e-01,-2.365193814039230347e-01,2.957911789417266846e-01,3.028116226196289062e-01,-7.033991068601608276e-02,-1.274880170822143555e-01,1.870101988315582275e-01,7.946157455444335938e-02,4.317993521690368652e-01,2.984628975391387939e-01,9.122167527675628662e-02,-3.598468750715255737e-02,-1.702385693788528442e-01,-1.959460526704788208e-01,-8.702731877565383911e-02,-9.506794065237045288e-02,-2.673451788723468781e-02,-3.801734000444412231e-02,-1.756655275821685791e-01,-1.956164985895156860e-01,2.163967192173004150e-01,-2.092256247997283936e-01,9.990873187780380249e-02,-7.507374137639999390e-02,-2.493694052100181580e-02,5.737365782260894775e-02,9.578189998865127563e-02,7.582456618547439575e-02,-8.810912817716598511e-02,-1.095138490200042725e-01,4.328565672039985657e-02,3.155019506812095642e-02,-1.581539027392864227e-02,-3.690397366881370544e-02,2.186814509332180023e-02,1.371301710605621338e-02,-3.169030696153640747e-02,-1.972020268440246582e-01,-6.343126296997070312e-02,-4.458832368254661560e-02,7.644884288311004639e-02,-4.518707841634750366e-02,2.586506307125091553e-02,-2.687259949743747711e-02,-2.568373456597328186e-02,-1.934961788356304169e-02,1.810575574636459351e-01,5.210422724485397339e-02,-1.296998411417007446e-01,-1.091416999697685242e-01,-1.107204258441925049e-01,-8.412571996450424194e-02,-7.520610094070434570e-02,-2.130174189805984497e-01,-1.004028394818305969e-01,-2.839680612087249756e-01,-1.309949755668640137e-01,-1.519442945718765259e-01,-1.944951713085174561e-01,-2.157092392444610596e-01,3.885389119386672974e-02,-1.940567195415496826e-01,-2.984036505222320557e-02,-7.242193073034286499e-02,1.462860107421875000e-01,-1.292272806167602539e-01,9.410216659307479858e-02,-2.376647852361202240e-02,1.628643423318862915e-01,3.015305846929550171e-02,2.489925920963287354e-01,4.236413910984992981e-02,-8.439783006906509399e-02,-3.201709687709808350e-02,-2.256171219050884247e-02,3.558492660522460938e-02,-9.133940190076828003e-02,-1.523474305868148804e-01,-1.363582462072372437e-01,-1.111561357975006104e-01,-9.348425269126892090e-02,-5.221267417073249817e-02,-8.953598141670227051e-02,5.808820575475692749e-02,-1.262565702199935913e-01,1.994364894926548004e-02,-1.071346849203109741e-01,1.079901158809661865e-01,-1.467229705303907394e-02,7.009051740169525146e-02,-1.416667252779006958e-01,-5.277244001626968384e-02,-1.177436187863349915e-01,-1.101988106966018677e-01,-1.264651864767074585e-01,-5.632986873388290405e-02,-2.722675539553165436e-02,-4.286965355277061462e-02
-1.668423116207122803e-01,-1.280308514833450317e-01,-6.035314872860908508e-02,1.396011710166931152e-01,6.527404189109802246e-01,1.000000000000000000e+00,-1.082439273595809937e-01,-6.147892400622367859e-02,5.325844883918762207e-01,5.574256777763366699e-01,-9.124973416328430176e-02,-1.157002747058868408e-01,9.735650382936000824e-03,-1.571295857429504395e-01,3.358218073844909668e-01,1.596329659223556519e-01,8.450637757778167725e-02,-4.852038808166980743e-03,-1.386913508176803589e-01,-9.224105626344680786e-02,2.123838663101196289e-01,2.199059724807739258e-01,-1.260939985513687134e-01,-1.222968548536300659e-01,7.146798819303512573e-02,4.869119450449943542e-02,3.606173694133758545e-01,3.765100240707397461e-01,1.013318970799446106e-01,-2.662146091461181641e-02,-1.278340220451354980e-01,-1.186531782150268555e-01,-2.549248281866312027e-03,-6.369029171764850616e-03,-4.318146035075187683e-02,-1.645272970199584961e-02,-2.022532969713211060e-01,-1.382489055395126343e-01,2.860433980822563171e-02,-1.163476258516311646e-01,-1.151051931083202362e-02,-5.322923511266708374e-02,-7.416248321533203125e-03,3.868207335472106934e-02,1.334090381860733032e-01,2.050516605377197266e-01,-4.780812561511993408e-02,-6.757801026105880737e-02,6.640733033418655396e-02,1.221724748611450195e-01,-2.930765785276889801e-02,-5.980165209621191025e-03,1.315058767795562744e-01,2.467805705964565277e-02,-6.820565462112426758e-02,-1.458803564310073853e-01,-3.299443051218986511e-02,1.133911777287721634e-02,2.204420603811740875e-02,-2.110059745609760284e-02,-2.330519258975982666e-02,6.201576068997383118e-02,9.589945897459983826e-03,1.116952002048492432e-01,2.440296486020088196e-02,1.114353165030479431e-01,-6.856674700975418091e-02,-2.945008873939514160e-02,-8.184698224067687988e-02,-3.080480732023715973e-02,-2.016791887581348419e-02,-1.112680435180664062e-01,-6.285423040390014648e-02,-2.141564041376113892e-01,-1.410632580518722534e-01,-1.733613908290863037e-01,-1.805933266878128052e-01,-1.248226836323738098e-01,-9.524331428110599518e-03,-1.464483886957168579e-01,-6.998609751462936401e-03,-1.400350313633680344e-02,-4.566551744937896729e-02,-2.950614504516124725e-02,-1.187552418559789658e-02,2.892233617603778839e-02,-1.631369255483150482e-02,-3.553208336234092712e-02,8.875855803489685059e-02,9.563364833593368530e-02,5.389158055186271667e-02,2.915771678090095520e-02,1.581066846847534180e-01,1.760067977011203766e-02,-1.710781604051589966e-01,-2.095471471548080444e-01,-1.265667229890823364e-01,-1.232935935258865356e-01,3.899633884429931641e-02,1.237360015511512756e-02,9.361296147108078003e-02,-9.691572189331054688e-02,4.961244389414787292e-02,-1.061763465404510498e-01,-4.375430196523666382e-02,-3.359184041619300842e-02,-7.693814486265182495e-02,6.334678828716278076e-02,-1.938895136117935181e-01,-1.390839517116546631e-01,-8.927224576473236084e-02,2.361020632088184357e-02,-5.839128512889146805e-03,-3.402647562325000763e-03,-8.091292344033718109e-03,-5.793392285704612732e-02
4.036613106727600098e-01,2.109442353248596191e-01,6.409464478492736816e-01,2.153566181659698486e-01,-2.471122890710830688e-02,-1.082439273595809937e-01,1.000000238418579102e+00,2.041365355253219604e-01,2.326312214136123657e-01,5.640496686100959778e-02,2.234687358140945435e-01,7.413678616285324097e-02,3.930042386054992676e-01,1.589496731758117676e-01,-5.976553075015544891e-03,-1.869930773973464966e-01,3.394180908799171448e-02,-1.215628907084465027e-01,1.211163699626922607e-01,5.936017259955406189e-02,-1.715458631515502930e-01,1.089291945099830627e-01,1.574387215077877045e-02,-1.024858281016349792e-01,6.854251772165298462e-02,7.516572624444961548e-02,-5.129280686378479004e-02,-2.177282236516475677e-02,-2.354475669562816620e-02,4.544247314333915710e-02,-6.082363054156303406e-02,-3.940209001302719116e-02,7.299083471298217773e-02,1.679489910602569580e-01,-1.736035197973251343e-02,6.224235147237777710e-02,1.053906232118606567e-01,1.531667113304138184e-01,5.217648670077323914e-02,6.213451549410820007e-02,-4.289276525378227234e-02,4.291075095534324646e-02,7.678208500146865845e-02,-6.897249259054660797e-04,-1.461289823055267334e-01,-1.478530466556549072e-01,1.274780780076980591e-01,8.563361316919326782e-02,-1.649491190910339355e-01,-2.809852361679077148e-01,-2.019247710704803467e-01,-2.270880192518234253e-01,-1.643907874822616577e-01,-1.607865989208221436e-01,1.530937850475311279e-01,1.204021945595741272e-01,-3.289711195975542068e-03,-1.209139451384544373e-02,7.021486759185791016e-02,-3.618703037500381470e-02,3.157218992710113525e-01,1.255802959203720093e-01,-9.853620082139968872e-02,-1.602216064929962158e-01,1.251030415296554565e-01,1.810050569474697113e-02,5.529530718922615051e-02,-1.273269578814506531e-02,-1.398441642522811890e-01,-9.200123697519302368e-02,9.110353142023086548e-02,1.060510501265525818e-01,1.926421523094177246e-01,2.238939404487609863e-01,1.473775207996368408e-01,1.312508136034011841e-01,2.394483238458633423e-01,1.647898107767105103e-01,-1.382237374782562256e-01,1.952699501998722553e-03,-9.307826310396194458e-02,1.252429634332656860e-01,-1.415501534938812256e-01,-7.996444404125213623e-02,6.069233268499374390e-02,-1.688737422227859497e-02,2.333173900842666626e-02,8.971252292394638062e-02,3.665042221546173096e-01,1.674920618534088135e-01,-1.511667203158140182e-02,2.622969448566436768e-02,1.467539556324481964e-02,1.764961183071136475e-01,2.525916323065757751e-02,-5.430410802364349365e-02,9.090677648782730103e-02,5.985529720783233643e-02,-7.657217979431152344e-02,-7.090614736080169678e-02,1.049669831991195679e-01,3.474774360656738281e-01,1.500977128744125366e-01,1.410497575998306274e-01,-1.140998974442481995e-01,-1.125592589378356934e-01,1.389892697334289551e-01,7.272927090525627136e-03,8.766397833824157715e-02,-1.040466502308845520e-02,-7.873625308275222778e-02,-9.311617910861968994e-02,3.726443275809288025e-02,7.969366852194070816e-04,1.972137019038200378e-02,-5.022246390581130981e-02
-1.148831918835639954e-01,8.426739275455474854e-02,-8.418644964694976807e-02,6.027339100837707520e-01,-1.681098788976669312e-01,-6.147892400622367859e-02,2.041365355253219604e-01,1.000000238418579102e+00,-1.190793216228485107e-01,-5.483989417552947998e-02,-1.085390597581863403e-01,5.268453359603881836e-01,9.282129257917404175e-02,3.577592670917510986e-01,-3.547742068767547607e-01,-5.175519734621047974e-02,1.568442583084106445e-01,2.297456748783588409e-02,-2.628587782382965088e-01,2.746856510639190674e-01,-2.472759187221527100e-01,7.320114225149154663e-02,-2.898712456226348877e-01,5.519109964370727539e-02,-3.193023502826690674e-01,-4.889518022537231445e-02,-2.850110828876495361e-01,-1.963038444519042969e-01,1.174721643328666687e-01,8.790633827447891235e-02,-1.094900220632553101e-01,4.572681710124015808e-02,7.120560854673385620e-02,2.290073782205581665e-01,-1.317896246910095215e-01,1.287174075841903687e-01,-5.324063822627067566e-03,-9.388021379709243774e-02,1.044841855764389038e-02,8.835542947053909302e-02,5.262358859181404114e-02,1.014081612229347229e-01,-5.550818145275115967e-02,-4.614889249205589294e-02,-5.753443390130996704e-02,4.498836770653724670e-02,-4.038673266768455505e-02,-2.497995644807815552e-02,1.220442354679107666e-02,-9.315636008977890015e-02,-2.809199132025241852e-02,-7.760579138994216919e-02,-6.551086157560348511e-02,-1.503255516290664673e-01,1.356922984123229980e-01,1.057670339941978455e-01,-2.089836448431015015e-01,-1.151810660958290100e-01,-1.405292451381683350e-01,7.343375682830810547e-02,1.741869002580642700e-01,3.798630535602569580e-01,1.774169355630874634e-01,3.849556446075439453e-01,3.486201167106628418e-02,4.203689098358154297e-01,-1.229812949895858765e-01,1.215067654848098755e-01,-2.194367051124572754e-01,-1.582724973559379578e-02,-7.335887104272842407e-02,4.141411557793617249e-02,1.179577335715293884e-01,1.082744449377059937e-01,1.310752183198928833e-01,1.890771090984344482e-01,3.026657365262508392e-02,1.230372563004493713e-01,-1.007943525910377502e-01,-4.709568247199058533e-02,-1.808119267225265503e-01,1.547940671443939209e-01,-1.601764112710952759e-01,1.367993652820587158e-02,-2.721383571624755859e-01,2.175295799970626831e-01,-1.634366065263748169e-01,8.905297517776489258e-02,3.703565523028373718e-02,3.497517406940460205e-01,9.453732520341873169e-02,-2.407746464014053345e-01,-2.446637116372585297e-02,-2.367982119321823120e-01,-6.674980372190475464e-02,-9.680783748626708984e-02,-5.850109457969665527e-02,-1.637970283627510071e-02,4.258736595511436462e-02,-2.070348560810089111e-01,1.653295010328292847e-01,-6.982813775539398193e-02,2.619333267211914062e-01,-1.842840760946273804e-02,-1.036616275086998940e-03,-9.227662533521652222e-02,3.958362713456153870e-02,-4.828004911541938782e-02,1.529898867011070251e-02,-4.956778604537248611e-03,-7.351726293563842773e-02,-9.965392947196960449e-02,-7.280243188142776489e-02,1.211483683437108994e-02,6.167125329375267029e-02,-1.623615920543670654e-01
6.002673879265785217e-02,-5.730659887194633484e-02,2.879807054996490479e-01,1.449926942586898804e-01,6.287383437156677246e-01,5.325844883918762207e-01,2.326312214136123657e-01,-1.190793216228485107e-01,9.999997615814208984e-01,5.899900197982788086e-01,8.952307701110839844e-02,-8.017402887344360352e-02,3.287478685379028320e-01,-1.355887576937675476e-02,5.078645944595336914e-01,9.930001944303512573e-02,4.309939593076705933e-02,-1.097398772835731506e-01,-1.122707724571228027e-01,-2.059785723686218262e-01,1.742191612720489502e-01,2.938209474086761475e-01,-1.261134166270494461e-02,-8.601950109004974365e-02,3.409326374530792236e-01,1.982748210430145264e-01,4.141228795051574707e-01,4.243651628494262695e-01,3.778250142931938171e-02,-6.341856438666582108e-03,-1.065833941102027893e-01,-1.108661815524101257e-01,-4.768399521708488464e-02,-1.458034384995698929e-02,-5.840676836669445038e-03,-4.728551208972930908e-02,-4.394590854644775391e-02,-1.612646691501140594e-02,2.010374814271926880e-01,-1.188811287283897400e-01,2.180070057511329651e-02,-2.455968596041202545e-02,5.203029606491327286e-03,2.970058098435401917e-02,-6.300002336502075195e-02,-5.646786093711853027e-02,-6.042582169175148010e-02,-1.218224689364433289e-02,-1.032316014170646667e-01,-1.271521300077438354e-01,-1.247135549783706665e-01,-1.785630136728286743e-01,-5.521729961037635803e-02,-1.174009516835212708e-01,4.562669247388839722e-02,-7.511761039495468140e-02,-4.248157143592834473e-02,-1.555131375789642334e-02,7.050152868032455444e-02,-4.120647534728050232e-02,1.503014415502548218e-01,1.710136048495769501e-02,-1.221699714660644531e-01,-1.809330433607101440e-01,1.481490731239318848e-01,5.873551219701766968e-02,-8.614310622215270996e-02,-1.469356715679168701e-01,-1.434838473796844482e-01,-1.061695069074630737e-01,7.425121217966079712e-02,-5.474799871444702148e-02,-1.150229852646589279e-02,-4.887501150369644165e-02,-6.456987559795379639e-02,-1.162299811840057373e-01,-4.553268477320671082e-02,-3.998118266463279724e-02,-1.528306398540735245e-02,-8.439088612794876099e-02,-6.537135690450668335e-02,-4.303346946835517883e-02,3.485910966992378235e-02,-1.296051442623138428e-01,1.055959165096282959e-01,-6.155288219451904297e-02,1.286194622516632080e-01,5.117082595825195312e-02,4.352443814277648926e-01,1.250666379928588867e-01,1.064278185367584229e-03,1.254121214151382446e-01,1.081991270184516907e-01,1.626342236995697021e-01,-1.356619745492935181e-01,-1.305586099624633789e-01,-8.292928338050842285e-02,-4.891802743077278137e-02,-1.174484342336654663e-01,-2.589278295636177063e-02,7.796888053417205811e-02,1.834468394517898560e-01,-6.079419981688261032e-03,1.917620748281478882e-02,-1.294691860675811768e-01,-2.125812321901321411e-02,8.367831259965896606e-02,9.527756273746490479e-02,-1.451517492532730103e-01,-4.021246731281280518e-02,-8.148375153541564941e-02,-5.260111764073371887e-02,2.546704746782779694e-02,-8.323434740304946899e-02,8.899324573576450348e-03,-1.046791449189186096e-01
9.659707546234130859e-02,3.120649792253971100e-02,8.448418974876403809e-02,1.830673962831497192e-01,4.545253217220306396e-01,5.574256777763366699e-01,5.640496686100959778e-02,-5.483989417552947998e-02,5.899900197982788086e-01,1.000000119209289551e+00,4.106948152184486389e-02,2.894802019000053406e-03,2.633324265480041504e-01,1.625991314649581909e-01,4.017950296401977539e-01,2.911470830440521240e-01,-1.132438704371452332e-02,-6.691015511751174927e-02,-1.368160359561443329e-02,-2.012544311583042145e-02,1.507589370012283325e-01,1.425224691629409790e-01,6.725072395056486130e-03,-1.212417483329772949e-01,2.997078299522399902e-01,2.236022800207138062e-01,4.939973056316375732e-01,4.662623107433319092e-01,-5.044569447636604309e-02,1.662996597588062286e-02,-3.480600891634821892e-03,-2.564254682511091232e-03,-5.657099559903144836e-02,-2.511793514713644981e-03,-9.620387852191925049e-02,-3.417394682765007019e-02,-4.931558296084403992e-02,3.490294143557548523e-02,8.853756636381149292e-02,-1.447689086198806763e-01,3.234612196683883667e-02,-3.529093042016029358e-02,3.840838000178337097e-02,-2.011762931942939758e-02,-3.230989724397659302e-02,1.052621938288211823e-02,-5.569349229335784912e-02,-4.171365126967430115e-02,-5.792705714702606201e-02,-4.367195069789886475e-02,-1.252827048301696777e-01,-1.326220929622650146e-01,2.103917673230171204e-02,-1.768894493579864502e-01,5.130366981029510498e-02,-6.102898716926574707e-02,2.363412268459796906e-02,8.395311981439590454e-02,-3.477135207504034042e-03,6.880661472678184509e-03,-1.621371135115623474e-02,9.785171598196029663e-02,-1.717653274536132812e-01,-6.571951508522033691e-02,-1.310880333185195923e-01,1.768941879272460938e-01,-6.120931357145309448e-02,-5.854710936546325684e-02,-1.582631319761276245e-01,-1.006496399641036987e-01,1.225589811801910400e-01,9.940476156771183014e-04,-4.336484149098396301e-02,4.349777474999427795e-02,-1.328021436929702759e-01,-2.692331746220588684e-02,-3.057137317955493927e-02,9.060372412204742432e-02,-1.493241488933563232e-01,-5.825528502464294434e-02,-9.245558828115463257e-02,8.801133930683135986e-02,2.260934095829725266e-03,-9.810147434473037720e-02,5.414890497922897339e-02,1.291727125644683838e-01,9.478694945573806763e-02,5.236294120550155640e-03,2.625018954277038574e-01,1.438665241003036499e-01,1.302617043256759644e-01,9.394408017396926880e-02,2.309083640575408936e-01,3.599872067570686340e-02,-1.597397923469543457e-01,-1.512101739645004272e-01,-1.014113500714302063e-01,-2.427764609456062317e-02,-2.766862139105796814e-02,3.680838644504547119e-02,1.350536346435546875e-01,-2.782629057765007019e-02,2.442196570336818695e-02,-2.263029664754867554e-01,-1.127216517925262451e-01,-2.395538538694381714e-01,-4.677713848650455475e-03,-2.837343513965606689e-02,-1.452266871929168701e-01,-1.197418347001075745e-01,-6.857510656118392944e-02,7.450203597545623779e-02,1.031570211052894592e-01,-9.601121395826339722e-02,-4.793122410774230957e-02,-1.401096433401107788e-01
5.388587713241577148e-01,3.481211662292480469e-01,2.236398607492446899e-01,-1.956141442060470581e-01,3.765468299388885498e-02,-9.124973416328430176e-02,2.234687358140945435e-01,-1.085390597581863403e-01,8.952307701110839844e-02,4.106948152184486389e-02,9.999997615814208984e-01,1.865133643150329590e-01,5.374996662139892578e-01,3.207242190837860107e-01,3.512552678585052490e-01,1.685341596603393555e-01,3.722732067108154297e-01,1.888896375894546509e-01,4.130095839500427246e-01,9.827707707881927490e-02,-4.288699850440025330e-02,-5.778472498059272766e-02,1.947574876248836517e-02,-3.268883004784584045e-02,-9.963111579418182373e-02,-1.550746113061904907e-01,5.300119519233703613e-02,-2.890902105718851089e-03,1.854973286390304565e-01,2.227491587400436401e-01,-2.672796882688999176e-02,-3.423956409096717834e-02,7.500016689300537109e-02,1.010519936680793762e-01,-6.529326736927032471e-02,-1.640667207539081573e-02,7.723288983106613159e-02,9.635049104690551758e-02,4.856639541685581207e-03,-7.863286882638931274e-03,9.349596500396728516e-02,1.854905039072036743e-01,2.132048159837722778e-01,1.337397843599319458e-01,2.370557188987731934e-02,2.756540663540363312e-03,1.807657331228256226e-01,8.387044072151184082e-02,-7.428785413503646851e-02,-1.973452046513557434e-02,1.825254596769809723e-02,8.472903817892074585e-02,1.237813085317611694e-01,1.431276202201843262e-01,2.170110791921615601e-01,1.966643631458282471e-01,2.617850303649902344e-01,1.599045693874359131e-01,1.413362771272659302e-01,6.856930255889892578e-02,1.110487580299377441e-01,-6.265394389629364014e-02,2.269407510757446289e-01,3.538740426301956177e-02,-3.056802228093147278e-02,-1.743823438882827759e-01,-1.034378185868263245e-01,-1.681671105325222015e-02,3.647671639919281006e-02,7.367244362831115723e-02,1.360601782798767090e-01,4.627511650323867798e-02,1.470199823379516602e-01,1.833582520484924316e-01,2.445190101861953735e-01,1.539443880319595337e-01,2.633043825626373291e-01,1.922616958618164062e-01,2.118456959724426270e-01,1.471897959709167480e-01,2.687437534332275391e-01,2.918025553226470947e-01,2.110999822616577148e-01,1.288946717977523804e-01,3.944099247455596924e-01,1.980522125959396362e-01,2.157563269138336182e-01,2.327441573143005371e-01,2.532131671905517578e-01,7.562228292226791382e-02,1.808915287256240845e-01,9.828203171491622925e-02,1.283251196146011353e-01,1.084610745310783386e-01,-1.125745568424463272e-02,-6.226379051804542542e-02,6.029712408781051636e-02,1.126897037029266357e-01,1.379061043262481689e-01,1.466742604970932007e-01,-3.255362063646316528e-02,6.252834200859069824e-02,9.314160794019699097e-02,7.325396686792373657e-02,8.658260107040405273e-02,1.071452498435974121e-01,1.399484574794769287e-01,4.042088240385055542e-02,-4.419943690299987793e-02,-4.340262338519096375e-02,-3.870062157511711121e-02,9.744107723236083984e-02,1.990128010511398315e-01,1.607411503791809082e-01,2.305050641298294067e-01,5.910500511527061462e-02
6.494625657796859741e-02,2.262319624423980713e-01,-1.931962668895721436e-01,2.709315717220306396e-01,-9.991937875747680664e-02,-1.157002747058868408e-01,7.413678616285324097e-02,5.268453359603881836e-01,-8.017402887344360352e-02,2.894802019000053406e-03,1.865133643150329590e-01,9.999995827674865723e-01,3.182890415191650391e-01,6.153129935264587402e-01,-1.402202695608139038e-01,1.543442010879516602e-01,3.027177155017852783e-01,2.862592637538909912e-01,-1.275073289871215820e-01,1.757247447967529297e-01,-1.442062705755233765e-01,2.452117949724197388e-02,-2.705985605716705322e-01,-1.379455439746379852e-02,-2.311422079801559448e-01,-1.704235561192035675e-02,-2.085502892732620239e-01,-1.675544083118438721e-01,2.248345315456390381e-01,2.658128738403320312e-01,-9.621350094676017761e-03,6.339443475008010864e-02,6.237882375717163086e-02,1.998965889215469360e-01,-1.687957942485809326e-01,5.535522475838661194e-02,7.141263782978057861e-02,-3.380275890231132507e-02,1.137328613549470901e-02,1.162243112921714783e-01,1.648933738470077515e-01,1.750113517045974731e-01,7.217704504728317261e-02,8.391311019659042358e-02,5.821199715137481689e-02,1.215721592307090759e-01,1.937975292094051838e-03,6.636998057365417480e-02,1.441796123981475830e-01,1.112821628339588642e-03,1.329122036695480347e-01,6.316567212343215942e-02,-1.147795561701059341e-02,-1.127992868423461914e-01,1.978964656591415405e-01,1.791677922010421753e-01,-9.477974474430084229e-02,4.615834355354309082e-02,-1.617790758609771729e-01,6.213287264108657837e-02,8.196265250444412231e-02,1.739773452281951904e-01,3.095353543758392334e-01,4.632396996021270752e-01,-5.496845394372940063e-02,2.262267321348190308e-01,-6.716437637805938721e-02,1.339447349309921265e-01,-9.433248639106750488e-02,2.491586282849311829e-02,8.007867634296417236e-02,9.743108600378036499e-02,1.871852427721023560e-01,1.654437184333801270e-01,1.694882065057754517e-01,2.796666026115417480e-01,7.634515315294265747e-02,1.818232536315917969e-01,1.116078794002532959e-01,1.353463232517242432e-01,2.441928535699844360e-02,2.591153681278228760e-01,-4.334890469908714294e-02,1.113289743661880493e-01,-1.844221353530883789e-01,2.604989707469940186e-01,-1.112834066152572632e-01,1.754971742630004883e-01,8.210122585296630859e-02,2.994877099990844727e-01,1.784885674715042114e-01,-1.215643361210823059e-01,-6.174417957663536072e-02,-1.788779646158218384e-01,4.650810360908508301e-02,1.526936050504446030e-02,-7.652713684365153313e-04,1.261661499738693237e-01,1.053062006831169128e-01,-4.174715653061866760e-02,3.490824624896049500e-02,-4.367499798536300659e-02,1.549727022647857666e-01,-2.527643740177154541e-02,5.418521538376808167e-02,1.214590482413768768e-02,1.071889251470565796e-01,-1.737601310014724731e-02,7.838704437017440796e-02,1.510662119835615158e-02,-7.298637926578521729e-02,-1.134114805608987808e-02,-1.895592175424098969e-02,8.673647046089172363e-02,1.787133812904357910e-01,-7.213368266820907593e-02
3.778447508811950684e-01,1.454549133777618408e-01,3.105951249599456787e-01,1.430669575929641724e-01,1.374656111001968384e-01,9.735650382936000824e-03,3.930042386054992676e-01,9.282129257917404175e-02,3.287478685379028320e-01,2.633324265480041504e-01,5.374996662139892578e-01,3.182890415191650391e-01,1.000000238418579102e+00,4.352121055126190186e-01,2.772127091884613037e-01,5.499298498034477234e-02,1.850052773952484131e-01,-4.469195008277893066e-02,5.483435094356536865e-02,-8.527824282646179199e-02,-6.471082568168640137e-02,7.478831708431243896e-02,8.356953039765357971e-03,-2.954996377229690552e-02,6.749539822340011597e-02,1.090736314654350281e-02,7.644109427928924561e-02,-8.140997029840946198e-03,8.045326173305511475e-02,1.848209276795387268e-02,-1.915969252586364746e-01,-1.433525681495666504e-01,-9.835339337587356567e-02,7.465531677007675171e-02,-1.107432320713996887e-01,6.912112236022949219e-03,9.077030420303344727e-02,8.917544782161712646e-02,9.298267215490341187e-02,-3.408474847674369812e-02,1.238134428858757019e-01,1.057843193411827087e-01,3.732785955071449280e-02,3.968324139714241028e-02,-1.995448917150497437e-01,-1.574883759021759033e-01,-4.993646219372749329e-02,-2.336535789072513580e-02,-2.117839604616165161e-01,-2.376994192600250244e-01,-1.884277760982513428e-01,-1.380248516798019409e-01,-1.731920391321182251e-01,-1.358940899372100830e-01,2.132863104343414307e-01,1.170610934495925903e-01,-6.806425750255584717e-02,-3.718832507729530334e-02,-3.193398704752326012e-03,-3.277337923645973206e-02,1.916199922561645508e-01,3.184718638658523560e-02,2.961656311526894569e-03,-8.461496233940124512e-02,1.428669970482587814e-02,6.832811236381530762e-02,-1.110309064388275146e-01,-7.508829236030578613e-02,-2.192227542400360107e-01,-1.707332581281661987e-01,8.710889518260955811e-02,3.140439838171005249e-02,1.866770684719085693e-01,8.520123362541198730e-02,2.297755181789398193e-01,1.350436657667160034e-01,9.672318398952484131e-02,8.781456202268600464e-02,1.905099861323833466e-02,-6.818716228008270264e-02,-6.100586429238319397e-02,9.089972078800201416e-02,1.203543227165937424e-02,2.626651711761951447e-02,1.708865761756896973e-01,1.419727057218551636e-01,1.531306505203247070e-01,1.558727771043777466e-01,4.382538497447967529e-01,2.214997857809066772e-01,8.046924322843551636e-02,4.708895087242126465e-02,7.338690012693405151e-02,1.763826161623001099e-01,-5.770427174866199493e-03,-3.870810568332672119e-02,2.360522747039794922e-02,8.892637491226196289e-02,-6.612092256546020508e-02,-2.417047321796417236e-02,2.322974428534507751e-02,2.253417521715164185e-01,3.897338360548019409e-02,7.711772620677947998e-02,-1.606853492558002472e-02,1.336187124252319336e-02,1.219429671764373779e-01,3.365233540534973145e-02,-2.953633433207869530e-03,-6.602407991886138916e-02,-1.732549369335174561e-01,-1.303703710436820984e-02,1.019647717475891113e-01,4.828434064984321594e-02,1.333611458539962769e-01,-7.649327814579010010e-02
