9.999998211860656738e-01,2.586441636085510254e-01,-2.474550157785415649e-01,-3.627718612551689148e-02,-2.077701836824417114e-01,-1.830639988183975220e-01,-2.959631383419036865e-01,-1.160755231976509094e-01,-2.274216264486312866e-01,-1.517739444971084595e-01,7.078546285629272461e-02,-1.677472889423370361e-02,-3.170134723186492920e-01,-1.059300154447555542e-01,-2.644001245498657227e-01,-1.547259688377380371e-01,4.728558063507080078e-01,1.683113873004913330e-01,1.985145807266235352e-01,2.222783416509628296e-01,-2.115638554096221924e-01,-1.410853117704391479e-01,-1.848866641521453857e-01,-7.716467231512069702e-02,-1.929254382848739624e-01,-1.478585004806518555e-01,-1.641355901956558228e-01,-1.331701576709747314e-01,-8.078771829605102539e-02,4.160984978079795837e-02,-2.648637890815734863e-01,-2.136666923761367798e-01,2.121422141790390015e-01,1.641849130392074585e-01,2.223313748836517334e-01,1.488049477338790894e-01,2.701195180416107178e-01,1.431897729635238647e-01,3.089930117130279541e-01,1.320523768663406372e-02,6.028811633586883545e-02,-5.699921771883964539e-02,2.500841915607452393e-01,1.594820171594619751e-01,1.175322979688644409e-01,2.230404876172542572e-02,3.085554242134094238e-01,2.273100465536117554e-01,1.118177771568298340e-01,-2.056158147752285004e-02,2.787875235080718994e-01,1.163586527109146118e-01,7.968693226575851440e-02,-3.176065161824226379e-02,4.187255203723907471e-01,4.944477230310440063e-02,6.944963335990905762e-01,1.931704282760620117e-01,2.518777549266815186e-01,1.412645280361175537e-01,3.471416234970092773e-01,1.276802122592926025e-01,2.477571070194244385e-01,1.141424104571342468e-01,4.958648979663848877e-01,1.601808369159698486e-01,3.033650517463684082e-01,2.171234786510467529e-01,2.145630270242691040e-01,1.753067672252655029e-01,-1.722593307495117188e-01,-1.691928505897521973e-01,-5.164096131920814514e-02,-6.642779707908630371e-02,1.275826096534729004e-01,3.265551477670669556e-02,3.197253346443176270e-01,1.579166352748870850e-01,4.361096620559692383e-01,1.676963418722152710e-01,5.329320430755615234e-01,2.384341210126876831e-01,-1.011598259210586548e-01,-1.930320858955383301e-01,4.712426662445068359e-01,2.082317024469375610e-01,5.409527570009231567e-02,-1.198556944727897644e-01,4.715020060539245605e-01,2.027497813105583191e-02,2.602125704288482666e-01,-1.506473571062088013e-01,9.785032272338867188e-02,-1.154320016503334045e-01,1.728981584310531616e-01,5.101463571190834045e-02,3.015620112419128418e-01,1.290223151445388794e-01,3.972854316234588623e-01,1.640819460153579712e-01,3.845423460006713867e-01,-4.695598408579826355e-02,3.507924675941467285e-01,1.563594043254852295e-01,3.452591001987457275e-01,3.573877513408660889e-01,3.283597230911254883e-01,1.833154410123825073e-01,3.593330830335617065e-02,8.976481854915618896e-02,4.692462086677551270e-02,2.263388037681579590e-01,1.014461442828178406e-01,1.254656016826629639e-01,1.274006068706512451e-01,1.374495774507522583e-01
2.586441636085510254e-01,9.999997615814208984e-01,1.860797405242919922e-01,4.586217403411865234e-01,3.398892283439636230e-02,4.756996035575866699e-02,1.405277699232101440e-01,4.191691279411315918e-01,-2.852822840213775635e-02,7.204236835241317749e-02,1.398543417453765869e-01,4.709363579750061035e-01,9.854052960872650146e-02,4.537869989871978760e-01,1.109706703573465347e-02,2.309477031230926514e-01,4.226325824856758118e-02,4.028357863426208496e-01,3.130370378494262695e-01,2.573278546333312988e-01,1.797669976949691772e-01,2.342677563428878784e-01,2.173557132482528687e-01,2.842043042182922363e-01,1.069374606013298035e-01,9.845231473445892334e-02,6.199756637215614319e-02,2.567814290523529053e-02,8.153358846902847290e-02,3.792764246463775635e-01,1.085783019661903381e-01,1.875206977128982544e-01,2.048149518668651581e-02,1.091936305165290833e-01,8.165254443883895874e-02,2.370784878730773926e-01,-1.937385946512222290e-01,1.244944408535957336e-01,-1.232244521379470825e-01,7.095001637935638428e-02,5.393065512180328369e-02,2.799176871776580811e-01,1.161804050207138062e-02,7.267586886882781982e-02,8.443369716405868530e-02,9.368471056222915649e-02,3.598925471305847168e-02,1.231424212455749512e-01,-7.304733246564865112e-02,4.875189065933227539e-02,-9.163510985672473907e-03,9.456063807010650635e-02,-5.600543320178985596e-02,2.980881556868553162e-02,1.185100432485342026e-02,2.933749258518218994e-01,1.079116538166999817e-01,7.087573409080505371e-01,2.337520755827426910e-02,1.714157611131668091e-01,1.699263155460357666e-01,4.002516865730285645e-01,1.769941858947277069e-02,4.824698567390441895e-01,1.215209066867828369e-01,2.490453571081161499e-01,1.851302534341812134e-01,3.184360563755035400e-01,1.886223107576370239e-01,2.098674774169921875e-01,1.880011111497879028e-01,2.750504910945892334e-01,1.105974167585372925e-01,3.575205802917480469e-01,1.106417179107666016e-01,3.637045919895172119e-01,7.665541768074035645e-02,3.613032400608062744e-01,9.568070620298385620e-02,4.773188382387161255e-02,1.865988969802856445e-02,3.593548536300659180e-01,-4.096151888370513916e-02,2.653297185897827148e-01,-5.286999978125095367e-03,3.924061357975006104e-01,-1.079119369387626648e-01,1.926611810922622681e-01,-4.535517469048500061e-02,4.104611277580261230e-01,4.799379035830497742e-02,2.945755720138549805e-01,1.371975094079971313e-01,1.702681332826614380e-01,-1.334206163883209229e-01,4.437129013240337372e-03,-1.014244407415390015e-01,-6.896238029003143311e-02,5.531570687890052795e-02,2.643480896949768066e-01,1.254232525825500488e-01,1.791710853576660156e-01,7.739876210689544678e-02,2.752234637737274170e-01,1.420026868581771851e-01,1.687123179435729980e-01,-4.586708918213844299e-02,1.839201003313064575e-01,-1.104272976517677307e-01,-1.365832686424255371e-01,-3.482075780630111694e-02,1.048897206783294678e-02,-4.086031392216682434e-02,1.483846604824066162e-01,1.798318624496459961e-01,-1.216170471161603928e-02
-2.474550157785415649e-01,1.860797405242919922e-01,9.999998211860656738e-01,5.877926349639892578e-01,6.424578428268432617e-01,2.977853417396545410e-01,8.623358011245727539e-01,4.297151863574981689e-01,5.588229298591613770e-01,1.879097074270248413e-01,3.712464869022369385e-01,1.692237406969070435e-01,8.419618606567382812e-01,3.112755119800567627e-01,7.060098052024841309e-01,2.073004245758056641e-01,-3.587141335010528564e-01,1.284461915493011475e-01,2.164003849029541016e-01,1.363107115030288696e-01,6.129293441772460938e-01,5.422450304031372070e-01,8.197574019432067871e-01,6.824980974197387695e-01,6.179109811782836914e-01,4.715964496135711670e-01,4.314597845077514648e-01,4.135446548461914062e-01,6.636114716529846191e-01,2.999605536460876465e-01,8.292058706283569336e-01,7.990109324455261230e-01,5.360016133636236191e-03,2.243714034557342529e-01,-1.972358375787734985e-01,3.001214237883687019e-03,-4.053124785423278809e-01,-2.295848429203033447e-01,-3.592816293239593506e-01,-9.710940718650817871e-02,2.038239091634750366e-01,1.847377717494964600e-01,-2.246277779340744019e-01,-3.463727533817291260e-01,-7.167328149080276489e-02,-1.306742876768112183e-01,-2.289078682661056519e-01,-3.089186549186706543e-01,-2.451040744781494141e-01,-1.432636529207229614e-01,-2.654030621051788330e-01,-1.441233009099960327e-01,-1.960338354110717773e-01,-7.153657078742980957e-02,-3.465499281883239746e-01,-4.972625896334648132e-02,-2.791385054588317871e-01,1.879354268312454224e-01,-2.205600887537002563e-01,-9.811990708112716675e-02,-1.889520734548568726e-01,4.185574129223823547e-02,-1.521211676299571991e-02,5.139202624559402466e-02,-1.846187561750411987e-01,-1.610193774104118347e-02,-9.580469876527786255e-02,-5.823479220271110535e-02,-1.305266022682189941e-01,2.027930319309234619e-02,7.769396305084228516e-01,6.832703948020935059e-01,6.382136344909667969e-01,5.576969385147094727e-01,2.916729152202606201e-01,3.850029706954956055e-01,-3.702524304389953613e-01,2.984218001365661621e-01,-3.306100368499755859e-01,-1.255205422639846802e-01,-4.889754652976989746e-01,-4.208163917064666748e-02,4.494390189647674561e-01,2.529208958148956299e-01,-2.687847912311553955e-01,-4.666715115308761597e-02,1.298910379409790039e-01,2.437808662652969360e-01,-3.138187229633331299e-01,8.489497005939483643e-02,-2.662240862846374512e-01,5.054196342825889587e-02,-8.190383762121200562e-02,7.558378577232360840e-02,-4.733048677444458008e-01,-3.771734833717346191e-01,-1.102413237094879150e-01,-1.944381147623062134e-01,-2.987259328365325928e-01,-1.860062181949615479e-01,-5.475971475243568420e-02,1.240300536155700684e-01,-1.010582447052001953e-01,1.507818996906280518e-01,-1.591725796461105347e-01,-5.865625292062759399e-02,-1.934017837047576904e-01,8.893451094627380371e-02,-2.735994160175323486e-01,-3.879671394824981689e-01,-2.806496433913707733e-02,-1.751608550548553467e-01,-8.406467735767364502e-02,-8.215013146400451660e-02,3.936848044395446777e-02,6.977637298405170441e-03
-3.627718612551689148e-02,4.586217403411865234e-01,5.877926349639892578e-01,9.999998211860656738e-01,3.836910426616668701e-01,2.070801258087158203e-01,5.237984061241149902e-01,6.244361400604248047e-01,2.408825457096099854e-01,5.915544927120208740e-02,3.108935058116912842e-01,3.666698038578033447e-01,4.833918213844299316e-01,4.357944130897521973e-01,4.194947481155395508e-01,2.484373152256011963e-01,-1.382906883955001831e-01,2.381549030542373657e-01,3.159799277782440186e-01,2.009871900081634521e-01,4.573922753334045410e-01,4.685225784778594971e-01,6.570724248886108398e-01,7.167657017707824707e-01,4.848791658878326416e-01,4.415653645992279053e-01,3.540384471416473389e-01,3.980107903480529785e-01,3.948423564434051514e-01,3.873846232891082764e-01,5.908281803131103516e-01,6.387407779693603516e-01,1.140509918332099915e-01,3.011470735073089600e-01,-4.611060023307800293e-02,1.550759524106979370e-01,-2.768900394439697266e-01,-4.925358667969703674e-02,-2.267062515020370483e-01,1.968073844909667969e-02,1.739583760499954224e-01,2.569792866706848145e-01,-3.388578072190284729e-02,-1.960493624210357666e-01,-1.168429404497146606e-01,-2.901896648108959198e-02,-9.885690361261367798e-02,-1.070252060890197754e-01,-2.726832926273345947e-01,-1.381129026412963867e-01,-1.581780761480331421e-01,-7.826417684555053711e-02,-8.551282435655593872e-02,-4.667561035603284836e-03,-1.244773194193840027e-01,1.353260576725006104e-01,-1.861314922571182251e-01,4.251332581043243408e-01,-9.830116480588912964e-02,5.047873780131340027e-02,5.787770450115203857e-02,2.235332131385803223e-01,3.461569175124168396e-02,2.035711705684661865e-01,1.966146193444728851e-02,1.214652061462402344e-01,2.271732129156589508e-02,1.364093124866485596e-01,3.136255592107772827e-02,1.328421533107757568e-01,5.421359539031982422e-01,5.140424966812133789e-01,4.090126156806945801e-01,4.851918518543243408e-01,2.760821878910064697e-01,4.301365613937377930e-01,-9.145481884479522705e-02,3.939747512340545654e-01,-1.325743049383163452e-01,4.677134566009044647e-03,-2.161405384540557861e-01,1.256606876850128174e-01,2.780493199825286865e-01,2.932218313217163086e-01,-1.017048433423042297e-01,1.457335352897644043e-01,-1.462779939174652100e-02,1.817290782928466797e-01,-1.487612128257751465e-01,2.614799141883850098e-01,-7.130892574787139893e-02,2.484250366687774658e-01,6.507739424705505371e-02,1.576822698116302490e-01,-3.639601469039916992e-01,-1.650480628013610840e-01,-3.442106768488883972e-02,-7.068802416324615479e-02,-7.196642458438873291e-02,1.318468451499938965e-01,6.328859925270080566e-02,1.352276951074600220e-01,2.644571848213672638e-02,2.085998207330703735e-01,-5.219272524118423462e-02,-3.173794597387313843e-03,-6.940205395221710205e-02,1.149595901370048523e-01,-1.728302985429763794e-01,-2.178121209144592285e-01,3.811413794755935669e-02,4.337201640009880066e-02,1.463034190237522125e-02,8.107797801494598389e-02,1.431487053632736206e-01,5.240797996520996094e-03
-2.077701836824417114e-01,3.398892283439636230e-02,6.424578428268432617e-01,3.836910426616668701e-01,1.000000119209289551e+00,6.343599557876586914e-01,6.397864818572998047e-01,3.244513571262359619e-01,8.286477923393249512e-01,4.828007817268371582e-01,3.731505274772644043e-01,1.813178062438964844e-01,6.547131538391113281e-01,2.806648313999176025e-01,7.446150779724121094e-01,3.171992599964141846e-01,-1.905763447284698486e-01,1.010359525680541992e-01,1.710179597139358521e-01,1.245155259966850281e-01,4.961472451686859131e-01,4.561806917190551758e-01,6.053921580314636230e-01,5.178384184837341309e-01,7.950547933578491211e-01,7.299970388412475586e-01,6.788043379783630371e-01,6.025934219360351562e-01,5.981643199920654297e-01,3.419796526432037354e-01,6.526633501052856445e-01,6.291570663452148438e-01,-7.716609537601470947e-02,7.159151136875152588e-02,-2.904641330242156982e-01,-2.060935199260711670e-01,-4.514231085777282715e-01,-2.674712538719177246e-01,-3.293894827365875244e-01,-3.473074734210968018e-02,2.825845479965209961e-01,2.228156924247741699e-01,-2.410379797220230103e-01,-3.329018056392669678e-01,-5.702709406614303589e-02,-8.994205296039581299e-02,-2.721273303031921387e-01,-3.401414155960083008e-01,-1.905524283647537231e-01,-7.380311191082000732e-02,-2.472117841243743896e-01,-1.556403636932373047e-01,-2.669851779937744141e-01,-1.775563210248947144e-01,-3.263677656650543213e-01,-7.433850318193435669e-02,-1.663441509008407593e-01,4.026916250586509705e-02,-2.838039398193359375e-01,-2.683722674846649170e-01,-1.732546389102935791e-01,-1.617962718009948730e-01,-1.310597360134124756e-01,-1.067603677511215210e-01,-2.307559698820114136e-01,-1.562027782201766968e-01,-2.523529827594757080e-01,-2.495631724596023560e-01,-9.751141071319580078e-02,-2.333382144570350647e-02,6.230577230453491211e-01,5.226951837539672852e-01,5.847037434577941895e-01,5.305558443069458008e-01,2.790013849735260010e-01,3.311165571212768555e-01,-3.731391727924346924e-01,2.680925726890563965e-01,-1.878922283649444580e-01,-1.907048076391220093e-01,-3.667486011981964111e-01,-7.596086710691452026e-02,6.021612286567687988e-01,2.778974473476409912e-01,-1.408369541168212891e-01,-9.386090189218521118e-02,3.486466407775878906e-01,3.322625160217285156e-01,-4.691848903894424438e-02,1.458489894866943359e-01,-1.826429069042205811e-01,6.465402245521545410e-02,2.196923270821571350e-02,1.814430505037307739e-01,-4.178769886493682861e-01,-3.080059885978698730e-01,-1.933621615171432495e-01,-2.208911925554275513e-01,-2.723961472511291504e-01,-1.660998463630676270e-01,-2.557910792529582977e-02,1.690293997526168823e-01,-1.134462654590606689e-02,1.884478926658630371e-01,-5.180389434099197388e-02,1.089481730014085770e-02,-1.095899790525436401e-01,1.476351022720336914e-01,-2.976737022399902344e-01,-3.449251651763916016e-01,-5.831567943096160889e-02,-2.285110950469970703e-01,-1.226687356829643250e-01,-7.654374092817306519e-02,5.875218659639358521e-02,2.761473879218101501e-03
-1.830639988183975220e-01,4.756996035575866699e-02,2.977853417396545410e-01,2.070801258087158203e-01,6.343599557876586914e-01,1.000000476837158203e+00,3.100788593292236328e-01,3.544188439846038818e-01,6.051190495491027832e-01,7.077924013137817383e-01,1.450648009777069092e-01,2.379159033298492432e-01,3.140245676040649414e-01,3.501574397087097168e-01,4.858029782772064209e-01,5.354425907135009766e-01,-1.076427325606346130e-01,6.396526098251342773e-02,4.952498152852058411e-02,8.596390485763549805e-02,3.097497522830963135e-01,3.708617985248565674e-01,3.119076490402221680e-01,3.063680231571197510e-01,5.712743401527404785e-01,6.785432100296020508e-01,6.694874763488769531e-01,6.923611760139465332e-01,2.589717209339141846e-01,3.873885571956634521e-01,3.333466947078704834e-01,3.359465301036834717e-01,-6.199259683489799500e-02,1.485573034733533859e-02,-2.123683393001556396e-01,-2.012118697166442871e-01,-3.554482758045196533e-01,-1.499326676130294800e-01,-2.435389608144760132e-01,1.759571880102157593e-01,2.093991637229919434e-01,2.826418876647949219e-01,-1.359052658081054688e-01,-1.775227636098861694e-01,1.413981523364782333e-02,4.405174404382705688e-02,-2.221850156784057617e-01,-1.588307619094848633e-01,4.550581797957420349e-03,5.829140543937683105e-02,-1.684746742248535156e-01,-9.682078659534454346e-02,-2.357405722141265869e-01,-9.887959808111190796e-02,-2.286952584981918335e-01,1.247644424438476562e-01,-7.107395678758621216e-02,8.637158572673797607e-02,-1.592982411384582520e-01,-1.665306389331817627e-01,-1.228277832269668579e-01,-4.838968813419342041e-02,-8.934658765792846680e-02,2.162063494324684143e-02,-1.744829118251800537e-01,-3.850906714797019958e-02,-1.265218406915664673e-01,-1.083474457263946533e-01,1.459541916847229004e-02,-6.831077393144369125e-03,3.194876313209533691e-01,3.271803557872772217e-01,2.599539160728454590e-01,3.796328604221343994e-01,1.718152463436126709e-01,2.083960175514221191e-01,-2.445337623357772827e-01,1.357912570238113403e-01,-6.796427816152572632e-02,-1.076285541057586670e-01,-1.928706616163253784e-01,1.968143042176961899e-03,5.010185241699218750e-01,5.168672204017639160e-01,-9.179700911045074463e-02,3.984517604112625122e-02,3.458027541637420654e-01,5.370194315910339355e-01,4.643321782350540161e-02,3.704830706119537354e-01,-6.722534447908401489e-02,3.226780891418457031e-01,9.628034383058547974e-02,3.834651410579681396e-01,-2.170592397451400757e-01,-1.464127004146575928e-01,-2.042571008205413818e-01,-7.163312286138534546e-02,-1.877523660659790039e-01,6.720113009214401245e-02,-7.248716801404953003e-02,2.755624055862426758e-01,1.261828653514385223e-02,2.040287852287292480e-01,5.139712989330291748e-02,8.684284240007400513e-02,-1.009398922324180603e-01,1.222754269838333130e-01,-1.536628603935241699e-01,-1.353142112493515015e-01,4.435856267809867859e-02,-5.639263242483139038e-02,9.532103687524795532e-02,7.257932424545288086e-02,6.551698595285415649e-02,9.683843702077865601e-02
-2.959631383419036865e-01,1.405277699232101440e-01,8.623358011245727539e-01,5.237984061241149902e-01,6.397864818572998047e-01,3.100788593292236328e-01,9.999997615814208984e-01,4.220519363880157471e-01,5.788624286651611328e-01,2.203475683927536011e-01,3.682392239570617676e-01,1.306170374155044556e-01,8.650417923927307129e-01,2.936224043369293213e-01,7.208769321441650391e-01,2.210019230842590332e-01,-4.198665916919708252e-01,6.745132803916931152e-02,2.016808539628982544e-01,1.040312498807907104e-01,6.107159852981567383e-01,5.230427384376525879e-01,7.597631812095642090e-01,5.911159515380859375e-01,5.921041369438171387e-01,4.476834535598754883e-01,4.222333729267120361e-01,4.060091674327850342e-01,6.604332923889160156e-01,2.496942430734634399e-01,8.054107427597045898e-01,7.656290531158447266e-01,-4.186541587114334106e-02,1.809491664171218872e-01,-2.137490063905715942e-01,-2.083099260926246643e-02,-3.607557415962219238e-01,-2.288952022790908813e-01,-3.562133312225341797e-01,-1.002525687217712402e-01,1.767931431531906128e-01,1.529030799865722656e-01,-2.710472941398620605e-01,-3.620465099811553955e-01,-6.386535614728927612e-02,-1.295177340507507324e-01,-2.801044583320617676e-01,-3.374886214733123779e-01,-2.152969539165496826e-01,-1.069654375314712524e-01,-2.804135978221893311e-01,-1.683540940284729004e-01,-2.064072787761688232e-01,-8.908384293317794800e-02,-3.934863805770874023e-01,-7.790519297122955322e-02,-3.096410036087036133e-01,1.342789232730865479e-01,-2.297959327697753906e-01,-1.317746937274932861e-01,-2.223618626594543457e-01,5.900921765714883804e-03,1.522300485521554947e-02,2.932788990437984467e-02,-2.530034184455871582e-01,-5.587883666157722473e-02,-1.249265521764755249e-01,-9.406264126300811768e-02,-1.389870792627334595e-01,2.151205390691757202e-02,7.762699127197265625e-01,6.806764602661132812e-01,6.311690211296081543e-01,5.307526588439941406e-01,2.738101780414581299e-01,3.538647592067718506e-01,-3.680009841918945312e-01,2.387653887271881104e-01,-4.063555598258972168e-01,-1.518589854240417480e-01,-5.324894785881042480e-01,-9.356709569692611694e-02,4.591929912567138672e-01,2.493530362844467163e-01,-3.166861236095428467e-01,-1.160523593425750732e-01,1.491261273622512817e-01,2.520203590393066406e-01,-3.425725400447845459e-01,5.879996344447135925e-02,-2.643957734107971191e-01,4.646728560328483582e-02,-9.263305366039276123e-02,6.502886861562728882e-02,-4.243386685848236084e-01,-3.410317599773406982e-01,-1.102376431226730347e-01,-1.523210555315017700e-01,-3.483135402202606201e-01,-2.159768640995025635e-01,-1.126063764095306396e-01,9.228550642728805542e-02,-1.669198870658874512e-01,8.597856014966964722e-02,-1.917541623115539551e-01,-9.977816790342330933e-02,-2.137572169303894043e-01,7.090078294277191162e-02,-2.204591482877731323e-01,-3.283563554286956787e-01,1.186090242117643356e-02,-1.890662163496017456e-01,-5.440296977758407593e-02,-1.077165156602859497e-01,-4.663466010242700577e-03,5.654792767018079758e-03
-1.160755231976509094e-01,4.191691279411315918e-01,4.297151863574981689e-01,6.244361400604248047e-01,3.244513571262359619e-01,3.544188439846038818e-01,4.220519363880157471e-01,9.999997615814208984e-01,2.190445214509963989e-01,3.391809165477752686e-01,2.032276540994644165e-01,5.341476202011108398e-01,3.843681514263153076e-01,6.825183629989624023e-01,3.425604104995727539e-01,5.196512937545776367e-01,-2.216957062482833862e-01,2.067035138607025146e-01,2.516769170761108398e-01,1.578277051448822021e-01,5.012075901031494141e-01,5.397588014602661133e-01,4.053937792778015137e-01,4.341256320476531982e-01,3.752212524414062500e-01,3.740762770175933838e-01,3.333209156990051270e-01,3.424281179904937744e-01,2.782267034053802490e-01,5.182566046714782715e-01,3.985952734947204590e-01,4.720475375652313232e-01,9.017716348171234131e-02,2.900876402854919434e-01,7.688882760703563690e-03,1.157573238015174866e-01,-2.030901759862899780e-01,5.273894965648651123e-02,-3.458155095577239990e-01,1.237365901470184326e-01,1.167348697781562805e-01,3.286595940589904785e-01,-3.502280265092849731e-02,-2.703976072371006012e-02,3.807809576392173767e-02,1.950010955333709717e-01,-9.695449471473693848e-02,5.076779797673225403e-02,-7.454717904329299927e-02,1.258959770202636719e-01,-1.140904985368251801e-02,8.921156078577041626e-02,-5.865627154707908630e-02,2.334884926676750183e-02,-1.924337893724441528e-01,2.623094022274017334e-01,-1.663248687982559204e-01,4.463329613208770752e-01,-1.287872642278671265e-01,7.930130511522293091e-02,-4.399233032017946243e-03,2.683326005935668945e-01,1.333822011947631836e-01,4.345352053642272949e-01,-1.299024210311472416e-03,1.319734007120132446e-01,6.495186686515808105e-02,1.875930130481719971e-01,6.182280182838439941e-02,1.370044797658920288e-01,4.675149321556091309e-01,5.440269708633422852e-01,3.021332919597625732e-01,5.128087401390075684e-01,2.367352545261383057e-01,4.191592037677764893e-01,1.040174216032028198e-01,3.834683895111083984e-01,-1.547269672155380249e-01,-1.017225012183189392e-01,-2.521223127841949463e-01,1.183812469244003296e-01,2.054801583290100098e-01,5.326245427131652832e-01,-2.302176505327224731e-01,1.241633370518684387e-01,1.988006569445133209e-02,4.109373986721038818e-01,-2.131709307432174683e-01,3.766491413116455078e-01,-8.199375867843627930e-02,3.601189851760864258e-01,4.101016372442245483e-02,2.596723139286041260e-01,-1.828714013099670410e-01,-8.750349283218383789e-03,-1.109817698597908020e-01,-3.431856259703636169e-02,-1.183892115950584412e-01,2.155771404504776001e-01,-5.512330099008977413e-04,9.457568824291229248e-02,-2.005995213985443115e-01,1.026873812079429626e-01,-1.234022751450538635e-01,-1.191390529274940491e-01,-2.362723797559738159e-01,-4.475776851177215576e-02,2.535298001021146774e-03,-9.022150188684463501e-04,1.613716334104537964e-01,6.121636927127838135e-02,9.909453243017196655e-02,5.012334883213043213e-02,5.620380863547325134e-02,9.839090518653392792e-03
-2.274216264486312866e-01,-2.852822840213775635e-02,5.588229298591613770e-01,2.408825457096099854e-01,8.286477923393249512e-01,6.051190495491027832e-01,5.788624286651611328e-01,2.190445214509963989e-01,9.999999403953552246e-01,5.382884740829467773e-01,3.742040395736694336e-01,1.152902990579605103e-01,6.106773614883422852e-01,1.742963790893554688e-01,7.088751792907714844e-01,3.318141102790832520e-01,-1.429540812969207764e-01,1.084563583135604858e-01,1.299587637186050415e-01,9.835892170667648315e-02,4.327949583530426025e-01,3.969703018665313721e-01,4.856050908565521240e-01,3.759418129920959473e-01,6.928880810737609863e-01,6.359295845031738281e-01,6.033992767333984375e-01,5.108858942985534668e-01,5.867071747779846191e-01,2.944530546665191650e-01,5.688287019729614258e-01,5.450183153152465820e-01,-1.249154359102249146e-01,-3.155749058350920677e-03,-2.831003069877624512e-01,-2.344466149806976318e-01,-4.105165898799896240e-01,-2.479692101478576660e-01,-2.610181272029876709e-01,2.171498909592628479e-02,2.692914903163909912e-01,2.419233173131942749e-01,-2.535379230976104736e-01,-3.147730827331542969e-01,-3.660614043474197388e-02,-1.018820405006408691e-01,-2.834861576557159424e-01,-3.698641657829284668e-01,-1.340533941984176636e-01,-4.445340484380722046e-02,-2.650940120220184326e-01,-1.928923428058624268e-01,-3.100954294204711914e-01,-2.639158964157104492e-01,-3.091995418071746826e-01,-5.289998278021812439e-02,-1.546283960342407227e-01,-3.582952544093132019e-02,-2.928853034973144531e-01,-3.411859869956970215e-01,-1.768150478601455688e-01,-2.118159532546997070e-01,-1.422266364097595215e-01,-1.602019816637039185e-01,-2.843534052371978760e-01,-1.827075034379959106e-01,-2.696145474910736084e-01,-2.900624275207519531e-01,-1.020098850131034851e-01,-7.390525192022323608e-02,5.758727192878723145e-01,4.850581884384155273e-01,5.657249689102172852e-01,4.886495172977447510e-01,2.611780464649200439e-01,3.012520968914031982e-01,-3.738494813442230225e-01,2.251932024955749512e-01,-1.649925708770751953e-01,-2.131736427545547485e-01,-3.450300693511962891e-01,-9.838055074214935303e-02,5.550111532211303711e-01,2.314992696046829224e-01,-1.292370408773422241e-01,-1.108509823679924011e-01,3.086771965026855469e-01,2.915278077125549316e-01,-5.238015949726104736e-02,6.107902899384498596e-02,-1.979414224624633789e-01,1.616696082055568695e-02,2.327400445938110352e-02,1.286558806896209717e-01,-3.678158223628997803e-01,-2.476339489221572876e-01,-2.043443173170089722e-01,-2.231140285730361938e-01,-2.539668083190917969e-01,-1.788142174482345581e-01,-7.447411864995956421e-02,1.684163063764572144e-01,-1.836667582392692566e-02,1.553374528884887695e-01,-5.563968047499656677e-02,-1.829614490270614624e-02,-8.241780102252960205e-02,1.331702023744583130e-01,-2.986436486244201660e-01,-3.398993611335754395e-01,-1.019832119345664978e-01,-2.915085852146148682e-01,-1.434551477432250977e-01,-5.547910928726196289e-02,3.499453142285346985e-02,-2.983937738463282585e-03
-1.517739444971084595e-01,7.204236835241317749e-02,1.879097074270248413e-01,5.915544927120208740e-02,4.828007817268371582e-01,7.077924013137817383e-01,2.203475683927536011e-01,3.391809165477752686e-01,5.382884740829467773e-01,1.000000119209289551e+00,2.039769589900970459e-01,3.180109858512878418e-01,2.281112223863601685e-01,3.734577894210815430e-01,3.420312702655792236e-01,6.595308184623718262e-01,1.445164065808057785e-02,2.080767154693603516e-01,-9.342609904706478119e-03,1.606546528637409210e-02,2.716291844844818115e-01,3.657943904399871826e-01,1.473219990730285645e-01,1.206384748220443726e-01,3.359513878822326660e-01,4.391478896141052246e-01,4.340479373931884766e-01,4.386070668697357178e-01,2.424287497997283936e-01,4.217142462730407715e-01,1.934437900781631470e-01,2.320986390113830566e-01,-1.034907698631286621e-01,-2.072978205978870392e-02,-7.797294855117797852e-02,-1.009395048022270203e-01,-2.286187112331390381e-01,-2.421038039028644562e-02,-1.267197728157043457e-01,2.824629545211791992e-01,1.408095657825469971e-01,3.195894360542297363e-01,-2.009514160454273224e-02,-7.040411699563264847e-03,1.282699406147003174e-01,6.574822962284088135e-02,-9.873206168413162231e-02,-4.473088681697845459e-02,9.587676078081130981e-02,1.030078902840614319e-01,-1.120711266994476318e-01,-3.320754691958427429e-02,-2.497897446155548096e-01,-1.733119636774063110e-01,-1.183720007538795471e-01,2.962759435176849365e-01,-3.821652755141258240e-02,1.460397839546203613e-01,-1.490174978971481323e-01,-1.466151326894760132e-01,-1.604024320840835571e-02,3.047782927751541138e-02,-1.031963527202606201e-01,5.355959758162498474e-02,-1.139016598463058472e-01,4.224790632724761963e-02,-2.657429873943328857e-02,-3.769510984420776367e-02,-1.076693180948495865e-03,-5.689362436532974243e-02,2.543857693672180176e-01,3.166367113590240479e-01,2.015670686960220337e-01,3.833003044128417969e-01,1.283122748136520386e-01,2.225779294967651367e-01,-1.093045473098754883e-01,1.789107620716094971e-01,2.164194174110889435e-02,-6.229108944535255432e-02,-1.096029505133628845e-01,1.426170170307159424e-01,3.066536188125610352e-01,5.047983527183532715e-01,-5.694270133972167969e-03,1.702611446380615234e-01,2.106731086969375610e-01,5.019943118095397949e-01,4.562710970640182495e-02,3.444097936153411865e-01,-7.729835063219070435e-02,2.557371854782104492e-01,8.098964393138885498e-02,2.609542608261108398e-01,-7.267714291810989380e-02,6.032024323940277100e-02,-1.472910195589065552e-01,-2.618506737053394318e-02,-6.365324556827545166e-02,1.783518493175506592e-01,-2.270695567131042480e-02,2.148826569318771362e-01,3.164138272404670715e-02,2.178065478801727295e-01,8.827935159206390381e-02,1.108358949422836304e-01,-5.960863083600997925e-02,1.325239539146423340e-01,-1.055333912372589111e-01,-7.154059410095214844e-02,1.809094537748023868e-04,-1.333184391260147095e-01,1.473369542509317398e-02,1.053747087717056274e-01,8.813758194446563721e-02,1.340748071670532227e-01
7.078546285629272461e-02,1.398543417453765869e-01,3.712464869022369385e-01,3.108935058116912842e-01,3.731505274772644043e-01,1.450648009777069092e-01,3.682392239570617676e-01,2.032276540994644165e-01,3.742040395736694336e-01,2.039769589900970459e-01,9.999998211860656738e-01,3.903942108154296875e-01,4.016403853893280029e-01,2.314103990793228149e-01,2.670389711856842041e-01,8.157009631395339966e-02,3.376966714859008789e-01,4.979525208473205566e-01,2.184435576200485229e-01,1.652198880910873413e-01,2.693457603454589844e-01,2.693264186382293701e-01,3.451206684112548828e-01,3.185601234436035156e-01,3.078110814094543457e-01,3.101633787155151367e-01,2.365842610597610474e-01,1.900873780250549316e-01,5.467635989189147949e-01,3.418998420238494873e-01,3.688497841358184814e-01,3.814473450183868408e-01,3.937409073114395142e-02,1.707734316587448120e-01,-1.266054809093475342e-01,-4.712604731321334839e-02,-8.772531896829605103e-02,2.053810283541679382e-02,3.532061725854873657e-02,1.090083643794059753e-01,1.713456511497497559e-01,1.028951331973075867e-01,2.479225844144821167e-01,1.821379922330379486e-02,2.904339693486690521e-02,-9.894134849309921265e-02,1.393252015113830566e-01,1.654607430100440979e-02,-1.098234802484512329e-01,-2.222325652837753296e-01,-1.158905103802680969e-01,-8.828659355640411377e-02,-1.724410504102706909e-01,-1.077107861638069153e-01,-5.724600050598382950e-03,1.658877134323120117e-01,-3.062931634485721588e-02,1.424885094165802002e-01,-2.543718814849853516e-01,-2.451067864894866943e-01,-3.064564429223537445e-02,-2.948363870382308960e-02,-5.311936885118484497e-02,-5.973343551158905029e-02,8.127255737781524658e-02,9.559023380279541016e-02,-7.925559580326080322e-02,-3.314849734306335449e-02,-1.414148807525634766e-01,-6.936874985694885254e-02,3.387760818004608154e-01,2.794906198978424072e-01,3.463331162929534912e-01,2.714236378669738770e-01,1.193096712231636047e-01,1.545674204826354980e-01,-1.645727604627609253e-01,1.675396859645843506e-01,1.649684011936187744e-01,3.474428355693817139e-01,1.879336833953857422e-01,4.624708592891693115e-01,2.358970195055007935e-01,-3.633936634287238121e-03,3.988254666328430176e-01,3.689532279968261719e-01,-3.407756332308053970e-03,-5.150589719414710999e-02,2.019158601760864258e-01,1.344498693943023682e-01,-1.574664264917373657e-01,-1.155111193656921387e-01,-1.196203660219907761e-02,-1.159598380327224731e-01,-1.357000768184661865e-01,2.119677513837814331e-02,3.647723793983459473e-02,-1.280685979872941971e-02,3.491964563727378845e-02,9.343493729829788208e-03,2.267267256975173950e-01,9.846664220094680786e-02,2.815224528312683105e-01,2.894601523876190186e-01,1.276352852582931519e-01,2.650187313556671143e-01,2.072933167219161987e-01,3.391785025596618652e-01,-2.803750634193420410e-01,-2.000944614410400391e-01,-2.217935770750045776e-01,-3.533990383148193359e-01,-3.264482319355010986e-01,-6.601481139659881592e-02,1.366895735263824463e-01,1.951291039586067200e-02
-1.677472889423370361e-02,4.709363579750061035e-01,1.692237406969070435e-01,3.666698038578033447e-01,1.813178062438964844e-01,2.379159033298492432e-01,1.306170374155044556e-01,5.341476202011108398e-01,1.152902990579605103e-01,3.180109858512878418e-01,3.903942108154296875e-01,9.999997615814208984e-01,1.259692907333374023e-01,7.180460095405578613e-01,3.192718699574470520e-02,3.805811703205108643e-01,1.338822990655899048e-01,5.941883325576782227e-01,1.100524887442588806e-01,1.035272404551506042e-01,1.852855086326599121e-01,2.755214571952819824e-01,2.230235487222671509e-01,3.241862356662750244e-01,1.848768889904022217e-01,2.470703572034835815e-01,1.953359097242355347e-01,1.500568836927413940e-01,2.239139676094055176e-01,6.261653900146484375e-01,1.436086297035217285e-01,2.351348102092742920e-01,1.737186498939990997e-02,1.808812469244003296e-01,6.045927852392196655e-02,1.633550226688385010e-01,-2.303884625434875488e-01,1.312404870986938477e-01,-1.565780192613601685e-01,2.461241334676742554e-01,2.678979374468326569e-02,3.122606575489044189e-01,1.416027396917343140e-01,1.915531903505325317e-01,1.288368701934814453e-01,1.389517635107040405e-01,1.060984283685684204e-01,2.133178263902664185e-01,-1.670284755527973175e-02,7.223045080900192261e-02,-1.689074188470840454e-02,1.594444662332534790e-01,-1.029489934444427490e-01,1.020574644207954407e-01,-2.856778912246227264e-02,4.698116779327392578e-01,-1.038122996687889099e-01,4.442622363567352295e-01,-1.856347024440765381e-01,-1.425440516322851181e-02,6.610062718391418457e-02,2.604835629463195801e-01,-1.989883333444595337e-01,4.050306081771850586e-01,7.795014232397079468e-02,2.616132199764251709e-01,2.780290693044662476e-02,1.661110669374465942e-01,-3.457204904407262802e-03,2.518965676426887512e-02,1.641492843627929688e-01,2.579349279403686523e-01,1.491387486457824707e-01,4.118143022060394287e-01,9.215398877859115601e-02,3.381974101066589355e-01,4.012098908424377441e-02,3.360853791236877441e-01,1.874074488878250122e-01,1.610751003026962280e-01,8.042308688163757324e-02,5.513142347335815430e-01,-4.084965214133262634e-02,4.137963056564331055e-01,8.292797207832336426e-02,5.236000418663024902e-01,-1.599296033382415771e-01,2.598418295383453369e-01,7.359500043094158173e-03,5.364029407501220703e-01,-1.611406952142715454e-01,3.009966313838958740e-01,-1.473809592425823212e-02,1.861068159341812134e-01,-1.660529077053070068e-01,8.062931150197982788e-02,-1.737055480480194092e-01,-1.185535714030265808e-01,-1.835674606263637543e-02,3.204855322837829590e-01,3.380581364035606384e-02,1.684134304523468018e-01,2.253145352005958557e-02,2.417614310979843140e-01,1.455114781856536865e-01,1.985826343297958374e-01,-4.631740972399711609e-02,1.718627959489822388e-01,-1.799965500831604004e-01,-1.472135186195373535e-01,-1.271743178367614746e-01,-1.352524459362030029e-01,-2.127841562032699585e-01,6.687737256288528442e-02,2.212760150432586670e-01,-2.521103061735630035e-02
-3.170134723186492920e-01,9.854052960872650146e-02,8.419618606567382812e-01,4.833918213844299316e-01,6.547131538391113281e-01,3.140245676040649414e-01,8.650417923927307129e-01,3.843681514263153076e-01,6.106773614883422852e-01,2.281112223863601685e-01,4.016403853893280029e-01,1.259692907333374023e-01,9.999998211860656738e-01,2.854276597499847412e-01,7.456650137901306152e-01,2.166315168142318726e-01,-3.923994302749633789e-01,7.218541949987411499e-02,1.584967672824859619e-01,6.423573195934295654e-02,6.097728013992309570e-01,5.186165571212768555e-01,7.336551547050476074e-01,5.601041913032531738e-01,6.056264042854309082e-01,4.597064852714538574e-01,4.408518970012664795e-01,4.110296368598937988e-01,6.876996159553527832e-01,2.383400499820709229e-01,8.026045560836791992e-01,7.565685510635375977e-01,-4.660896211862564087e-02,1.635515689849853516e-01,-2.283831685781478882e-01,-5.347993597388267517e-02,-3.478724956512451172e-01,-2.352157533168792725e-01,-3.380179703235626221e-01,-9.439022839069366455e-02,1.793503016233444214e-01,1.464049667119979858e-01,-2.425817400217056274e-01,-3.461471199989318848e-01,-5.465811863541603088e-02,-1.210053339600563049e-01,-2.595797181129455566e-01,-3.334214389324188232e-01,-2.165884524583816528e-01,-1.223796904087066650e-01,-2.746437788009643555e-01,-1.738220602273941040e-01,-1.827826648950576782e-01,-7.474341243505477905e-02,-3.812777400016784668e-01,-7.376696169376373291e-02,-3.241001367568969727e-01,1.056459844112396240e-01,-2.373865991830825806e-01,-1.666390150785446167e-01,-2.350246757268905640e-01,-1.477269176393747330e-02,1.307984534651041031e-02,1.087902113795280457e-02,-2.635147571563720703e-01,-7.850388437509536743e-02,-1.366476118564605713e-01,-1.044041141867637634e-01,-1.682678908109664917e-01,-1.340329553931951523e-02,7.689656615257263184e-01,6.711038351058959961e-01,6.226475834846496582e-01,5.115493535995483398e-01,2.591707408428192139e-01,3.346568048000335693e-01,-3.802500069141387939e-01,2.038359493017196655e-01,-4.203857779502868652e-01,-1.487605869770050049e-01,-5.024920701980590820e-01,-8.869367837905883789e-02,5.000208616256713867e-01,2.403324246406555176e-01,-2.872076928615570068e-01,-1.114623770117759705e-01,1.620178520679473877e-01,2.436625361442565918e-01,-3.300672769546508789e-01,4.873919486999511719e-02,-2.555514872074127197e-01,4.514395073056221008e-02,-7.354549318552017212e-02,7.236574590206146240e-02,-4.178562462329864502e-01,-3.445885479450225830e-01,-1.007597595453262329e-01,-1.431741714477539062e-01,-3.504245281219482422e-01,-2.375069856643676758e-01,-1.026040613651275635e-01,1.138103604316711426e-01,-1.430102884769439697e-01,1.055548712611198425e-01,-2.008334845304489136e-01,-1.057114228606224060e-01,-2.140497714281082153e-01,7.645168900489807129e-02,-2.231027036905288696e-01,-3.240560889244079590e-01,-2.608729409985244274e-04,-2.184738963842391968e-01,-8.412518352270126343e-02,-1.096153780817985535e-01,-1.269151642918586731e-02,1.383354683639481664e-04
