1.000000476837158203e+00,2.041459530591964722e-01,-5.664649009704589844e-01,-2.550369501113891602e-01,-7.663730531930923462e-02,-4.800590872764587402e-02,-5.291270613670349121e-01,-3.073025941848754883e-01,3.920902032405138016e-03,-1.534087657928466797e-01,7.529734820127487183e-02,6.130712572485208511e-03,-3.075276911258697510e-01,-2.694807760417461395e-02,-3.664756566286087036e-02,-6.303869187831878662e-02,2.645724713802337646e-01,2.620752528309822083e-02,1.851723939180374146e-01,2.788463830947875977e-01,3.888774430379271507e-03,-9.738240391016006470e-02,-5.021057128906250000e-01,-4.594233036041259766e-01,-1.167814284563064575e-01,-4.614561423659324646e-02,-3.282776474952697754e-02,4.817814379930496216e-02,1.842851787805557251e-01,5.741832312196493149e-03,-5.295804738998413086e-01,-5.208648443222045898e-01,2.343323677778244019e-01,5.059327930212020874e-02,3.279728293418884277e-01,3.120011687278747559e-01,4.591947793960571289e-01,3.493247553706169128e-02,3.528396189212799072e-01,1.309420019388198853e-01,2.223901301622390747e-01,8.427283726632595062e-03,7.997409999370574951e-02,6.839897483587265015e-02,-8.735802024602890015e-02,-2.343606948852539062e-02,1.726976484060287476e-01,1.619486063718795776e-01,3.385983407497406006e-02,-1.831136271357536316e-02,5.061634257435798645e-02,-2.195427566766738892e-02,2.076284289360046387e-01,4.860442504286766052e-02,3.437024652957916260e-01,1.895066946744918823e-01,7.375005483627319336e-01,3.699991703033447266e-01,2.824901044368743896e-01,1.438373029232025146e-01,5.150153636932373047e-01,1.227825433015823364e-01,2.888158261775970459e-01,1.780797392129898071e-01,1.954073011875152588e-01,1.246445253491401672e-01,4.047435522079467773e-01,3.358334898948669434e-01,4.480993747711181641e-01,3.821600973606109619e-01,-9.975560009479522705e-02,-2.516527473926544189e-01,3.405090272426605225e-01,-1.382381021976470947e-01,2.737098634243011475e-01,-8.743864297866821289e-02,9.238209575414657593e-02,5.529868230223655701e-02,1.641046553850173950e-01,2.495913766324520111e-02,4.054987430572509766e-01,1.409207582473754883e-01,9.546896815299987793e-02,2.035730704665184021e-02,3.832136392593383789e-01,2.071077227592468262e-01,2.548103593289852142e-02,3.197047859430313110e-02,2.098976373672485352e-01,9.203090518712997437e-02,6.810955703258514404e-02,1.111745312809944153e-01,-4.487730190157890320e-02,-4.664301499724388123e-02,2.007569558918476105e-02,-1.145692467689514160e-01,3.430911004543304443e-01,1.308140009641647339e-01,3.602920174598693848e-01,3.419628739356994629e-01,1.076375544071197510e-01,-4.032290016766637564e-04,1.551464200019836426e-01,1.210940480232238770e-01,3.013852834701538086e-01,1.983846127986907959e-01,7.351832091808319092e-02,1.277897506952285767e-01,7.809646427631378174e-02,-1.082254573702812195e-02,2.163370996713638306e-01,2.180014997720718384e-01,9.046141803264617920e-02,2.296317219734191895e-01,2.837007939815521240e-01,1.932295858860015869e-01
2.041459530591964722e-01,1.000000238418579102e+00,1.397788673639297485e-01,3.789691030979156494e-01,9.561923891305923462e-02,2.469865381717681885e-01,1.449201405048370361e-01,2.968602478504180908e-01,2.650970965623855591e-02,9.759458899497985840e-02,2.313261292874813080e-02,3.575767874717712402e-01,7.897116988897323608e-02,2.631540000438690186e-01,-6.480710208415985107e-02,8.577226847410202026e-02,6.030855700373649597e-02,2.126787900924682617e-01,1.345698386430740356e-01,1.081204786896705627e-01,2.451834380626678467e-01,2.857342064380645752e-01,1.920450627803802490e-01,2.332494258880615234e-01,7.793432474136352539e-02,2.719418406486511230e-01,1.004921719431877136e-01,2.816570103168487549e-01,1.201878339052200317e-01,2.100187689065933228e-01,1.712359338998794556e-01,2.665047943592071533e-01,1.864043027162551880e-01,3.192478120326995850e-01,1.797072589397430420e-01,2.293468415737152100e-01,6.654167547821998596e-03,2.656419761478900909e-02,-1.181956976652145386e-01,1.313537210226058960e-01,-1.054914668202400208e-01,7.830325514078140259e-02,-1.433403603732585907e-02,-1.625697873532772064e-02,4.989454895257949829e-02,8.617386221885681152e-02,4.190671723335981369e-03,1.950581520795822144e-01,1.924592405557632446e-01,2.198301851749420166e-01,3.739981725811958313e-02,1.503410488367080688e-01,4.188746958971023560e-02,9.818104654550552368e-02,7.014774531126022339e-02,2.818908393383026123e-01,1.682400852441787720e-01,5.125813484191894531e-01,1.590383611619472504e-02,-9.033230692148208618e-02,8.508391678333282471e-02,-4.215461760759353638e-02,4.595065116882324219e-02,3.507789075374603271e-01,9.286127984523773193e-03,2.869833111763000488e-01,1.907017379999160767e-01,1.706857681274414062e-01,2.552127242088317871e-01,1.828566938638687134e-01,1.719342917203903198e-01,3.203682899475097656e-01,-1.215015798807144165e-01,1.114592179656028748e-01,-7.600922835990786552e-04,7.435398548841476440e-02,2.914816141128540039e-01,2.976803183555603027e-01,7.499150186777114868e-02,8.241166919469833374e-02,1.721974089741706848e-02,2.961127460002899170e-01,-6.802083551883697510e-02,1.817021965980529785e-01,2.888967283070087433e-03,3.602140247821807861e-01,-2.055458957329392433e-03,1.536682546138763428e-01,-1.149308960884809494e-02,2.066227346658706665e-01,6.212736293673515320e-02,1.147023662924766541e-01,-2.970973215997219086e-02,-6.389051675796508789e-02,1.786049157381057739e-01,2.288573533296585083e-01,2.348372787237167358e-01,3.642518222332000732e-01,2.155733257532119751e-01,3.659446537494659424e-01,5.274960771203041077e-02,7.236673962324857712e-03,3.790888935327529907e-02,2.671207785606384277e-01,3.024547696113586426e-01,2.466485649347305298e-01,5.150844156742095947e-02,1.623784303665161133e-01,1.299924999475479126e-01,2.095215171575546265e-01,1.924282163381576538e-01,2.052061855792999268e-01,2.152566239237785339e-02,1.296859383583068848e-01,1.441594362258911133e-01,1.399063318967819214e-01
-5.664649009704589844e-01,1.397788673639297485e-01,9.999995827674865723e-01,6.441156864166259766e-01,2.780462205410003662e-01,7.054401189088821411e-02,8.633750081062316895e-01,5.718563199043273926e-01,1.786489933729171753e-01,6.246825680136680603e-02,2.331277877092361450e-01,2.879990637302398682e-01,6.820180416107177734e-01,1.908739358186721802e-01,2.229698002338409424e-01,1.528484746813774109e-02,-1.076343655586242676e-02,2.444982081651687622e-01,6.499863415956497192e-02,-9.282244741916656494e-02,1.256127953529357910e-01,2.075751125812530518e-01,7.588542103767395020e-01,7.102407813072204590e-01,3.662677109241485596e-01,1.730466932058334351e-01,3.074180781841278076e-01,8.811504393815994263e-02,1.631641685962677002e-01,1.900333017110824585e-01,7.376514077186584473e-01,7.646108865737915039e-01,-6.876530498266220093e-02,2.138118147850036621e-01,-3.414593636989593506e-01,-3.396418690681457520e-01,-5.348577499389648438e-01,-1.744956374168395996e-01,-3.023273050785064697e-01,-1.980973035097122192e-01,-2.398738712072372437e-01,-1.396176218986511230e-01,-6.399852037429809570e-02,-6.196051836013793945e-02,-4.104832559823989868e-02,-1.912014372646808624e-02,-1.556138247251510620e-01,-9.178998321294784546e-02,-8.941617608070373535e-02,3.741362690925598145e-02,-3.460185602307319641e-02,2.087960764765739441e-02,-8.259719610214233398e-02,-4.994795192033052444e-03,-1.263014227151870728e-01,-1.512323170900344849e-01,-5.694402456283569336e-01,-6.669996678829193115e-02,-1.586773842573165894e-01,2.196673862636089325e-02,-2.788431644439697266e-01,1.246856991201639175e-03,-1.034793406724929810e-01,-6.835569441318511963e-02,6.295843422412872314e-02,4.178212955594062805e-02,-3.575168251991271973e-01,-2.381722480058670044e-01,-3.515479862689971924e-01,-2.085650563240051270e-01,2.884629368782043457e-01,4.215238392353057861e-01,-3.821232616901397705e-01,1.558219343423843384e-01,-2.636922597885131836e-01,5.066776275634765625e-02,8.715486526489257812e-02,4.709746688604354858e-02,-1.883978769183158875e-02,1.633666604757308960e-01,-1.529323160648345947e-01,-6.082255858927965164e-03,8.087015897035598755e-02,-6.980179995298385620e-02,-7.593727856874465942e-02,1.514468714594841003e-02,6.748567521572113037e-02,-9.863121807575225830e-02,9.305916726589202881e-02,-7.442350685596466064e-02,1.396706998348236084e-01,-3.568546846508979797e-02,1.664834767580032349e-01,1.832882128655910492e-02,1.995547413825988770e-01,3.277958631515502930e-01,-2.962654232978820801e-01,-6.885211169719696045e-02,-1.528256982564926147e-01,-2.365368157625198364e-01,4.154213890433311462e-02,-5.216915160417556763e-02,2.276591584086418152e-02,-6.322022527456283569e-02,-1.338241845369338989e-01,-9.286647289991378784e-02,-3.966662660241127014e-02,-6.913222372531890869e-02,4.683392122387886047e-02,1.089608967304229736e-01,-1.668610721826553345e-01,-1.459454894065856934e-01,-7.331536710262298584e-02,-1.314408630132675171e-01,-1.152556240558624268e-01,-2.162758447229862213e-02
-2.550369501113891602e-01,3.789691030979156494e-01,6.441156864166259766e-01,9.999997019767761230e-01,1.973396092653274536e-01,2.028143256902694702e-01,6.272100806236267090e-01,6.930895447731018066e-01,1.247449964284896851e-01,1.907220184803009033e-01,1.451844573020935059e-01,4.253577291965484619e-01,4.771265983581542969e-01,4.305078983306884766e-01,4.933337867259979248e-02,1.919372528791427612e-01,7.671551406383514404e-02,2.568146586418151855e-01,1.993595063686370850e-01,7.256446033716201782e-02,1.528392434120178223e-01,3.013927340507507324e-01,6.265382766723632812e-01,6.846443414688110352e-01,2.737264335155487061e-01,3.133283853530883789e-01,3.062846362590789795e-01,3.490560054779052734e-01,1.673614978790283203e-01,2.779093086719512939e-01,5.679677724838256836e-01,6.959072351455688477e-01,-1.094386633485555649e-02,2.825390696525573730e-01,-1.815114170312881470e-01,-4.151969403028488159e-02,-3.809746801853179932e-01,-1.910642981529235840e-01,-2.699225246906280518e-01,-5.919054895639419556e-02,-2.391075044870376587e-01,-5.043426528573036194e-02,-4.419008642435073853e-02,-9.494637697935104370e-02,-3.252362832427024841e-03,1.206916123628616333e-01,-1.518186032772064209e-01,3.146262839436531067e-02,9.406683593988418579e-02,1.864513903856277466e-01,3.989065811038017273e-02,9.415683895349502563e-02,-1.032977923750877380e-01,1.242461279034614563e-01,-1.216966137290000916e-01,1.559014767408370972e-01,-2.693307995796203613e-01,1.771651953458786011e-01,-1.134871598333120346e-02,-8.856131136417388916e-02,-1.140937209129333496e-01,-3.546193987131118774e-02,-8.228627592325210571e-02,2.665757536888122559e-01,5.650092661380767822e-02,1.446913331747055054e-01,-1.766227036714553833e-01,-1.302702277898788452e-01,-5.395973473787307739e-02,-9.234552271664142609e-03,3.195548951625823975e-01,4.738650619983673096e-01,-3.574743568897247314e-01,1.420670300722122192e-01,-2.594147622585296631e-01,5.812519043684005737e-02,1.651274412870407104e-01,2.216183245182037354e-01,4.650723189115524292e-02,2.079689353704452515e-01,-3.808458521962165833e-02,2.457962334156036377e-01,-6.381400674581527710e-02,1.852808743715286255e-01,-9.751513600349426270e-02,2.678022682666778564e-01,-1.859823800623416901e-02,1.372431814670562744e-01,2.046485990285873413e-02,2.165227979421615601e-01,1.860940828919410706e-02,1.716183423995971680e-01,-2.651067636907100677e-02,1.642061583697795868e-02,2.047729492187500000e-01,3.363668620586395264e-01,-5.973926186561584473e-02,2.149051129817962646e-01,-9.948677569627761841e-02,7.771128416061401367e-02,-4.770647734403610229e-03,7.707493845373392105e-03,-1.130819879472255707e-02,1.120241135358810425e-01,8.226128667593002319e-02,1.730475276708602905e-01,3.226618468761444092e-02,4.092346131801605225e-02,1.134185492992401123e-01,2.208404988050460815e-01,6.519830226898193359e-02,3.822321817278862000e-02,2.774159424006938934e-02,-2.491296827793121338e-02,9.294967167079448700e-03,7.688981294631958008e-02
-7.663730531930923462e-02,9.561923891305923462e-02,2.780462205410003662e-01,1.973396092653274536e-01,9.999995827674865723e-01,5.834074020385742188e-01,2.868362367153167725e-01,2.065683901309967041e-01,5.073291063308715820e-01,3.464266359806060791e-01,6.478378176689147949e-02,4.536562785506248474e-02,3.324111998081207275e-01,2.634267807006835938e-01,2.095685750246047974e-01,7.312598824501037598e-02,-5.915244668722152710e-02,7.899554818868637085e-02,2.921094000339508057e-02,-7.316660135984420776e-02,1.075769215822219849e-01,2.787758708000183105e-01,3.077191412448883057e-01,2.636836767196655273e-01,6.261247396469116211e-01,6.121034026145935059e-01,5.786190032958984375e-01,4.754035472869873047e-01,1.125814393162727356e-01,-1.660650968551635742e-02,2.642897665500640869e-01,2.666742503643035889e-01,-2.388261258602142334e-02,5.765986815094947815e-02,-1.965139657258987427e-01,-2.688013613224029541e-01,-1.424501389265060425e-01,-1.374642997980117798e-01,3.886537626385688782e-02,-5.581453070044517517e-02,1.269249916076660156e-01,4.612610489130020142e-02,-1.397323459386825562e-01,-1.425009518861770630e-01,-4.252307862043380737e-02,-3.963872045278549194e-02,-1.044961288571357727e-01,1.504134037531912327e-03,1.060289368033409119e-01,6.190168112516403198e-02,5.942563340067863464e-02,5.429577082395553589e-02,1.223055720329284668e-01,5.102043226361274719e-02,5.522164702415466309e-02,-4.892657324671745300e-02,-1.002354919910430908e-01,1.501715858466923237e-03,-3.913924843072891235e-02,2.811455400660634041e-03,-1.217801496386528015e-01,-5.623009428381919861e-02,-4.049659147858619690e-02,1.720665954053401947e-02,1.261829584836959839e-01,1.857104599475860596e-01,-1.995059549808502197e-01,-1.926016509532928467e-01,-2.089288085699081421e-01,-1.566342115402221680e-01,3.713361918926239014e-02,7.133353501558303833e-02,-1.767788380384445190e-01,-5.067958682775497437e-02,-1.506210267543792725e-01,-1.166985034942626953e-01,-7.349888235330581665e-02,-2.615655958652496338e-02,3.014619275927543640e-02,-6.042344961315393448e-03,9.358814358711242676e-02,8.705256134271621704e-02,3.220126330852508545e-01,1.318843364715576172e-01,1.070300638675689697e-01,2.471913397312164307e-01,4.076182544231414795e-01,2.292894273996353149e-01,2.533090114593505859e-01,2.091318219900131226e-01,6.294495612382888794e-02,5.459321662783622742e-02,-1.607728935778141022e-02,-8.910153992474079132e-03,-2.393271401524543762e-02,1.154413726180791855e-02,8.743463456630706787e-02,1.801211833953857422e-01,5.017817392945289612e-02,-5.209621414542198181e-02,9.034969657659530640e-02,7.179588824510574341e-02,1.110519319772720337e-01,1.523466110229492188e-01,1.343908309936523438e-01,4.719550907611846924e-02,-3.330985456705093384e-02,-6.564329564571380615e-02,-1.230212822556495667e-01,-2.706760168075561523e-02,6.845247745513916016e-02,1.058216094970703125e-01,-3.517124801874160767e-02,-7.461476325988769531e-02,1.568229869008064270e-02,9.602755308151245117e-02
-4.800590872764587402e-02,2.469865381717681885e-01,7.054401189088821411e-02,2.028143256902694702e-01,5.834074020385742188e-01,1.000000119209289551e+00,5.647547543048858643e-02,2.526641488075256348e-01,2.135766893625259399e-01,6.835435032844543457e-01,-1.817991137504577637e-01,1.459544450044631958e-01,-1.218162383884191513e-02,4.343308508396148682e-01,-1.257391422986984253e-01,2.801804840564727783e-01,-1.369023174047470093e-01,1.045230105519294739e-01,-9.598243236541748047e-02,-1.020317152142524719e-01,1.254488080739974976e-01,4.152988493442535400e-01,2.341130077838897705e-01,2.593794167041778564e-01,4.094462692737579346e-01,6.558395028114318848e-01,4.208505451679229736e-01,6.695143580436706543e-01,-9.685939550399780273e-02,8.926855772733688354e-02,2.035813629627227783e-01,2.338952422142028809e-01,4.461348429322242737e-02,1.585182398557662964e-01,5.227356404066085815e-02,3.999708220362663269e-02,-2.709830179810523987e-02,1.340971700847148895e-02,-2.671817317605018616e-02,1.517666280269622803e-01,-2.240851707756519318e-02,2.753716707229614258e-01,-1.051750257611274719e-01,-1.422303617000579834e-01,1.344763487577438354e-01,1.613968759775161743e-01,-1.289777457714080811e-01,4.175218194723129272e-02,3.506876230239868164e-01,2.510787546634674072e-01,1.429059356451034546e-01,1.789981275796890259e-01,7.017464935779571533e-02,8.302256464958190918e-02,-9.849119186401367188e-02,1.985103935003280640e-01,-3.587317094206809998e-02,5.097601935267448425e-02,-5.625661462545394897e-02,-2.021957933902740479e-01,-1.608051061630249023e-01,-1.666259914636611938e-01,-1.574520468711853027e-01,1.827604770660400391e-01,-2.533546648919582367e-02,2.182359695434570312e-01,-9.392003715038299561e-02,-8.185721933841705322e-02,3.561604022979736328e-02,1.507192570716142654e-02,1.007559150457382202e-01,2.443716526031494141e-01,-1.749043762683868408e-01,5.605529993772506714e-02,-1.621838212013244629e-01,4.389976710081100464e-02,1.128544099628925323e-02,1.484198421239852905e-01,-8.381392061710357666e-02,2.134999260306358337e-02,-6.784912943840026855e-02,2.430576384067535400e-01,1.082527171820402145e-02,4.190585911273956299e-01,-1.427191644906997681e-01,3.373079001903533936e-01,2.439426928758621216e-01,4.425735473632812500e-01,-6.945826113224029541e-02,4.035631120204925537e-01,-1.615398526191711426e-01,1.228992864489555359e-01,-2.500040233135223389e-01,7.505612075328826904e-02,-6.668068468570709229e-02,-7.481400668621063232e-02,2.986448407173156738e-01,3.785482347011566162e-01,-6.423952430486679077e-02,1.796561032533645630e-01,-4.597627744078636169e-02,2.101139724254608154e-01,-5.750643089413642883e-02,3.185822069644927979e-01,1.693987548351287842e-01,2.906362116336822510e-01,-9.698217763798311353e-05,4.578224569559097290e-02,-1.137107908725738525e-01,1.114782877266407013e-02,2.707808911800384521e-01,2.204768359661102295e-01,5.082715768367052078e-03,-1.005061566829681396e-01,-2.876162156462669373e-02,2.372209727764129639e-02
-5.291270613670349121e-01,1.449201405048370361e-01,8.633750081062316895e-01,6.272100806236267090e-01,2.868362367153167725e-01,5.647547543048858643e-02,1.000000119209289551e+00,5.638092756271362305e-01,1.809958815574645996e-01,4.107707738876342773e-02,2.735853493213653564e-01,2.929891645908355713e-01,7.174352407455444336e-01,1.768214106559753418e-01,2.460021078586578369e-01,-1.827012747526168823e-02,2.221064083278179169e-02,2.536289691925048828e-01,6.634883582592010498e-02,-7.750191539525985718e-02,1.280235499143600464e-01,1.890571564435958862e-01,7.405200004577636719e-01,6.829891204833984375e-01,3.862213194370269775e-01,1.733163148164749146e-01,3.084860742092132568e-01,6.800448149442672729e-02,2.030374854803085327e-01,2.153006047010421753e-01,7.236836552619934082e-01,7.433617115020751953e-01,-6.204048916697502136e-02,2.042633146047592163e-01,-3.204718530178070068e-01,-3.375505805015563965e-01,-5.144813060760498047e-01,-1.593061834573745728e-01,-2.745261490345001221e-01,-1.999269276857376099e-01,-2.077073603868484497e-01,-1.460389196872711182e-01,-7.071008533239364624e-02,-7.450413703918457031e-02,-7.297807931900024414e-02,-5.420084297657012939e-02,-1.532404571771621704e-01,-1.242410540580749512e-01,-1.223655641078948975e-01,1.111068576574325562e-02,-6.292448937892913818e-02,-2.064496651291847229e-02,-7.164704054594039917e-02,-2.089025638997554779e-02,-9.411960095167160034e-02,-1.711005568504333496e-01,-5.339631438255310059e-01,-5.448205024003982544e-02,-1.379312425851821899e-01,5.202617496252059937e-02,-2.347263097763061523e-01,2.585300616919994354e-02,-4.178068786859512329e-02,-6.166578829288482666e-02,9.742552042007446289e-02,4.116392880678176880e-02,-3.546427488327026367e-01,-2.348801046609878540e-01,-3.288738429546356201e-01,-1.772320568561553955e-01,3.078627586364746094e-01,4.176070094108581543e-01,-3.482162058353424072e-01,1.627720743417739868e-01,-2.398239672183990479e-01,6.679700314998626709e-02,1.097830832004547119e-01,4.235669225454330444e-02,2.509328769519925117e-04,1.779294759035110474e-01,-1.099693551659584045e-01,4.086819477379322052e-03,1.239192038774490356e-01,-9.929587692022323608e-02,-5.143040325492620468e-03,1.398324873298406601e-02,8.480959385633468628e-02,-1.220378205180168152e-01,1.422186940908432007e-01,-9.844332933425903320e-02,1.665154099464416504e-01,-6.494735926389694214e-02,1.758601069450378418e-01,-1.190671883523464203e-02,2.199405431747436523e-01,3.244773149490356445e-01,-3.001652657985687256e-01,-8.385651558637619019e-02,-1.230451688170433044e-01,-2.592632770538330078e-01,3.582554683089256287e-02,-8.080562204122543335e-02,3.786642476916313171e-02,-9.930374473333358765e-02,-1.366576701402664185e-01,-1.032381579279899597e-01,-2.667593955993652344e-02,-6.551880389451980591e-02,4.648321494460105896e-02,9.890749305486679077e-02,-1.714915335178375244e-01,-1.473753303289413452e-01,-9.744734317064285278e-02,-1.366129815578460693e-01,-1.022512018680572510e-01,-2.076447010040283203e-02
-3.073025941848754883e-01,2.968602478504180908e-01,5.718563199043273926e-01,6.930895447731018066e-01,2.065683901309967041e-01,2.526641488075256348e-01,5.638092756271362305e-01,1.000000238418579102e+00,8.465419523417949677e-03,2.657889723777770996e-01,1.326254606246948242e-01,4.459717571735382080e-01,4.226243793964385986e-01,5.772985816001892090e-01,-7.270339131355285645e-02,1.832630038261413574e-01,5.299805849790573120e-02,2.918225228786468506e-01,1.489220093935728073e-02,-7.860373705625534058e-02,1.086909398436546326e-01,2.443732917308807373e-01,5.794466137886047363e-01,6.435897946357727051e-01,2.669860124588012695e-01,3.213512599468231201e-01,2.918587923049926758e-01,3.608443140983581543e-01,1.000861600041389465e-01,3.260335624217987061e-01,5.230284929275512695e-01,6.333222389221191406e-01,-9.542541205883026123e-02,1.881260126829147339e-01,-2.153662890195846558e-01,-1.175607815384864807e-01,-3.572587072849273682e-01,-1.615771502256393433e-01,-2.683109045028686523e-01,-4.348684847354888916e-02,-1.619967669248580933e-01,8.854484185576438904e-03,-1.246243268251419067e-01,-1.622934043407440186e-01,-1.372560020536184311e-02,1.772404164075851440e-01,-2.713205218315124512e-01,-9.548813849687576294e-02,1.114569753408432007e-01,2.543745338916778564e-01,3.426339849829673767e-02,1.098708212375640869e-01,-1.961029469966888428e-01,1.289245188236236572e-01,-1.510957032442092896e-01,1.774570643901824951e-01,-2.920277714729309082e-01,1.564150601625442505e-01,6.030372902750968933e-02,5.198627244681119919e-03,-1.106983572244644165e-01,3.289716318249702454e-02,-3.933132067322731018e-02,3.264520764350891113e-01,5.127800628542900085e-02,1.764356046915054321e-01,-2.372805923223495483e-01,-1.599086374044418335e-01,-1.206924691796302795e-01,-8.134824782609939575e-02,3.335591852664947510e-01,4.453208148479461670e-01,-3.479564487934112549e-01,1.417021006345748901e-01,-2.529618144035339355e-01,6.114385277032852173e-02,1.715248823165893555e-01,1.885570883750915527e-01,3.562770551070570946e-03,2.081030756235122681e-01,-4.804622009396553040e-02,3.249270021915435791e-01,-3.389754518866539001e-02,3.026575744152069092e-01,-9.773725271224975586e-02,3.479968309402465820e-01,4.402245208621025085e-02,2.714902460575103760e-01,5.698779597878456116e-03,3.417014777660369873e-01,6.604982074350118637e-03,2.146293371915817261e-01,-1.043986752629280090e-01,1.955008832737803459e-03,1.661607623100280762e-01,2.700527310371398926e-01,-9.475561231374740601e-02,2.122191935777664185e-01,-2.084403336048126221e-01,3.002711199223995209e-02,-6.903498619794845581e-02,1.943690702319145203e-02,-4.549656063318252563e-02,1.109536066651344299e-01,2.275806479156017303e-02,1.389785259962081909e-01,8.368488401174545288e-02,4.078896716237068176e-02,4.256915301084518433e-02,1.660284101963043213e-01,4.162147641181945801e-02,-2.648878656327724457e-02,-6.239904463291168213e-02,-1.421349495649337769e-01,-8.001272380352020264e-02,-1.941910199820995331e-02
3.920902032405138016e-03,2.650970965623855591e-02,1.786489933729171753e-01,1.247449964284896851e-01,5.073291063308715820e-01,2.135766893625259399e-01,1.809958815574645996e-01,8.465419523417949677e-03,1.000000238418579102e+00,1.709355562925338745e-01,4.193463623523712158e-01,1.096401512622833252e-01,4.455590546131134033e-01,4.075737670063972473e-02,5.837203860282897949e-01,1.872354000806808472e-01,2.071903944015502930e-01,9.880804270505905151e-02,1.691123396158218384e-01,8.667238056659698486e-02,2.672281563282012939e-01,2.629239857196807861e-01,2.781103365123271942e-02,1.438251137733459473e-02,2.304484993219375610e-01,2.769340872764587402e-01,4.005426168441772461e-01,1.149552017450332642e-01,3.343796432018280029e-01,2.947972714900970459e-02,1.187265962362289429e-01,1.447674036026000977e-01,-3.307764604687690735e-02,-7.729959487915039062e-02,-1.063364222645759583e-01,-2.105266004800796509e-01,-5.529278889298439026e-02,-2.938752435147762299e-02,1.025142371654510498e-01,-1.133763119578361511e-01,-1.036041155457496643e-01,-7.077424973249435425e-02,1.494740396738052368e-01,9.403812885284423828e-02,1.455549057573080063e-02,-1.068272516131401062e-01,1.321224272251129150e-01,8.194200694561004639e-02,-9.541504830121994019e-02,-1.578387022018432617e-01,3.126361593604087830e-02,-7.764288783073425293e-02,1.029420718550682068e-01,-2.943535447120666504e-01,1.061054840683937073e-01,-2.512034773826599121e-01,-5.823359265923500061e-02,-1.192992087453603745e-03,-1.791756451129913330e-01,-4.954654350876808167e-02,-2.033561095595359802e-02,-5.601895228028297424e-02,-1.286449730396270752e-01,-2.850261628627777100e-01,1.212114766240119934e-01,-6.179956346750259399e-02,-1.603789329528808594e-01,-1.112869232892990112e-01,-1.613567620515823364e-01,-2.264347523450851440e-01,1.644046157598495483e-01,1.263090223073959351e-01,6.976457685232162476e-02,1.139277890324592590e-01,2.417441084980964661e-02,-5.097359046339988708e-02,6.038573104888200760e-03,2.748336084187030792e-02,1.989117115736007690e-01,7.852632552385330200e-02,2.211485505104064941e-01,-1.629723161458969116e-01,2.229970991611480713e-01,-8.743207156658172607e-02,2.463971227407455444e-01,-4.282560199499130249e-02,1.506706029176712036e-01,-1.059154495596885681e-01,4.268309772014617920e-01,-9.332399070262908936e-02,4.145226627588272095e-02,-1.587849706411361694e-01,1.403669863939285278e-01,-3.134362399578094482e-02,-7.279385812580585480e-03,1.071422398090362549e-01,-2.105877250432968140e-01,-1.380062550306320190e-01,3.283107280731201172e-02,-1.472752243280410767e-01,2.320630401372909546e-01,8.877026848495006561e-03,2.158287763595581055e-01,5.381650105118751526e-02,1.705934256315231323e-01,-9.583944082260131836e-02,1.778778678271919489e-04,-6.996417045593261719e-02,1.433061212301254272e-01,-2.700055837631225586e-01,-3.113778531551361084e-01,-2.708161175251007080e-01,-1.490658223628997803e-01,2.954798340797424316e-01,3.103425204753875732e-01,4.340589940547943115e-01
-1.534087657928466797e-01,9.759458899497985840e-02,6.246825680136680603e-02,1.907220184803009033e-01,3.464266359806060791e-01,6.835435032844543457e-01,4.107707738876342773e-02,2.657889723777770996e-01,1.709355562925338745e-01,9.999999403953552246e-01,-1.775696128606796265e-01,2.372568547725677490e-01,-4.389486834406852722e-02,4.221315979957580566e-01,-1.348982304334640503e-01,4.265737235546112061e-01,-1.560858786106109619e-01,6.760863214731216431e-02,-1.001930385828018188e-01,-1.149332746863365173e-01,6.309547275304794312e-02,3.441350460052490234e-01,1.719449311494827271e-01,2.029065042734146118e-01,1.401445865631103516e-01,4.003284275531768799e-01,2.980825901031494141e-01,4.901274442672729492e-01,-1.916630268096923828e-01,7.132845371961593628e-02,1.621029078960418701e-01,2.032213956117630005e-01,-4.291652515530586243e-02,4.685560241341590881e-02,-2.634244598448276520e-02,2.025577612221240997e-02,-1.316432356834411621e-01,2.961167506873607635e-02,-1.103744581341743469e-01,1.193157359957695007e-01,-1.236498057842254639e-01,2.846910953521728516e-01,-4.466848820447921753e-02,-1.266077309846878052e-01,1.866838335990905762e-01,1.828977912664413452e-01,-1.373116075992584229e-01,-3.229691646993160248e-03,2.664084434509277344e-01,1.951635926961898804e-01,8.450525999069213867e-02,1.111197918653488159e-01,-6.342435628175735474e-02,6.896379590034484863e-02,-2.678245604038238525e-01,1.771345883607864380e-01,-1.406817138195037842e-01,-1.114469543099403381e-01,-1.737881898880004883e-01,-2.922370731830596924e-01,-2.191519439220428467e-01,-2.081287354230880737e-01,-2.759166955947875977e-01,7.568987458944320679e-02,-1.045877784490585327e-01,6.463611125946044922e-02,-2.004135251045227051e-01,-9.888968616724014282e-02,6.782602518796920776e-02,-4.533266648650169373e-02,8.705758303403854370e-02,2.679452896118164062e-01,-1.576913893222808838e-01,1.231188997626304626e-01,-1.312879323959350586e-01,1.273629516363143921e-01,-2.918745577335357666e-02,1.344448179006576538e-01,-1.289391815662384033e-01,8.191328495740890503e-03,-1.695690006017684937e-01,1.952675879001617432e-01,-1.114041805267333984e-01,5.034451484680175781e-01,-2.563303709030151367e-01,1.883169710636138916e-01,1.036523133516311646e-01,4.266965687274932861e-01,-1.702983975410461426e-01,3.447360694408416748e-01,-2.591858506202697754e-01,1.152524352073669434e-01,-2.828154861927032471e-01,1.681533753871917725e-01,-1.091565191745758057e-01,-3.996473923325538635e-02,1.202851533889770508e-01,2.405507266521453857e-01,-2.513429522514343262e-01,1.279775500297546387e-01,-5.412900447845458984e-02,2.246480286121368408e-01,-1.091385334730148315e-01,2.525390088558197021e-01,4.004310443997383118e-02,2.179788947105407715e-01,-3.057602234184741974e-02,4.716451838612556458e-02,-3.877792507410049438e-02,-6.674224138259887695e-02,1.044292524456977844e-01,3.187044337391853333e-02,-5.367849767208099365e-02,-1.033333912491798401e-01,-6.611537933349609375e-02,6.640714406967163086e-02
7.529734820127487183e-02,2.313261292874813080e-02,2.331277877092361450e-01,1.451844573020935059e-01,6.478378176689147949e-02,-1.817991137504577637e-01,2.735853493213653564e-01,1.326254606246948242e-01,4.193463623523712158e-01,-1.775696128606796265e-01,9.999997615814208984e-01,2.947291433811187744e-01,6.042026281356811523e-01,3.453468903899192810e-02,5.546975731849670410e-01,6.032811477780342102e-02,6.738623380661010742e-01,4.993034303188323975e-01,1.783984005451202393e-01,2.185905128717422485e-01,3.964514434337615967e-01,1.649190187454223633e-01,-7.500518113374710083e-03,-6.330500543117523193e-02,4.935706406831741333e-02,-3.646959736943244934e-02,2.658555209636688232e-01,-2.052791416645050049e-01,6.615968346595764160e-01,4.060426950454711914e-01,1.935403048992156982e-01,1.277465522289276123e-01,1.666973382234573364e-01,6.518065929412841797e-02,8.828676491975784302e-02,-9.346387535333633423e-02,-1.561806909739971161e-02,2.281347662210464478e-02,1.202563494443893433e-01,-1.933879852294921875e-01,-5.865027010440826416e-02,-2.209398895502090454e-01,1.768521070480346680e-01,7.851175218820571899e-02,-6.817692518234252930e-02,-1.517689526081085205e-01,1.181747689843177795e-01,-7.015562057495117188e-02,-3.337790966033935547e-01,-2.447690665721893311e-01,-2.088171392679214478e-01,-3.395802080631256104e-01,-5.067542567849159241e-02,-3.250722587108612061e-01,2.918797135353088379e-01,-2.241166681051254272e-01,5.705473944544792175e-02,1.030253097414970398e-01,3.360513597726821899e-02,2.171895951032638550e-01,1.992495059967041016e-01,1.971881091594696045e-01,1.003540679812431335e-01,-2.811050713062286377e-01,1.651885360479354858e-01,-1.429074555635452271e-01,-8.572735823690891266e-03,8.887714892625808716e-02,-4.173518717288970947e-02,2.452012337744235992e-02,3.659726679325103760e-01,1.858525872230529785e-01,1.667438447475433350e-01,1.328708678483963013e-01,1.009325236082077026e-01,-2.093287184834480286e-02,2.785233855247497559e-01,1.366360336542129517e-01,5.249834060668945312e-01,4.586986899375915527e-01,5.059516429901123047e-01,-1.577809639275074005e-02,2.535475790500640869e-01,-1.881547123193740845e-01,5.590190887451171875e-01,-3.104577958583831787e-02,1.360797323286533356e-03,-2.626266181468963623e-01,5.850713849067687988e-01,-1.865810900926589966e-01,2.814116179943084717e-01,-1.475203186273574829e-01,2.406440526247024536e-01,-5.698048695921897888e-02,2.659337818622589111e-01,2.089927792549133301e-01,-2.389074414968490601e-01,-2.482324093580245972e-01,1.786062866449356079e-01,-1.353757679462432861e-01,6.880182027816772461e-02,-6.632872670888900757e-02,1.958528459072113037e-01,-1.528235673904418945e-01,2.183199115097522736e-02,-2.078601121902465820e-01,5.550397932529449463e-02,-6.323372572660446167e-02,2.806328535079956055e-01,-1.939613223075866699e-01,-3.579734265804290771e-01,-2.877065539360046387e-01,-1.385644227266311646e-01,3.632632791996002197e-01,3.986596763134002686e-01,4.395362734794616699e-01
6.130712572485208511e-03,3.575767874717712402e-01,2.879990637302398682e-01,4.253577291965484619e-01,4.536562785506248474e-02,1.459544450044631958e-01,2.929891645908355713e-01,4.459717571735382080e-01,1.096401512622833252e-01,2.372568547725677490e-01,2.947291433811187744e-01,9.999995827674865723e-01,2.688885331153869629e-01,5.546097159385681152e-01,5.389311164617538452e-02,2.410131394863128662e-01,2.636837065219879150e-01,4.272582828998565674e-01,1.165242791175842285e-01,6.048522517085075378e-02,1.805607080459594727e-01,2.293429672718048096e-01,2.696611285209655762e-01,3.125213086605072021e-01,-2.151636779308319092e-02,1.417744010686874390e-01,1.325543224811553955e-01,1.957278698682785034e-01,1.746572107076644897e-01,4.431939125061035156e-01,3.020606935024261475e-01,3.452505767345428467e-01,1.998480558395385742e-01,3.471670150756835938e-01,9.711109101772308350e-02,6.847316026687622070e-02,-1.850611567497253418e-01,-1.058610063046216965e-02,-1.950228065252304077e-01,4.715602099895477295e-02,-2.640030980110168457e-01,-2.366270869970321655e-03,1.619678735733032227e-01,8.056964725255966187e-02,7.755707949399948120e-02,9.684044122695922852e-02,4.924764856696128845e-02,1.269848197698593140e-01,3.265639021992683411e-02,1.016838029026985168e-01,4.776319861412048340e-02,-6.529958918690681458e-03,-8.143664896488189697e-02,-2.267685346305370331e-02,-4.917944222688674927e-02,2.341445982456207275e-01,-8.602678030729293823e-02,1.703770011663436890e-01,-2.406867453828454018e-03,-1.046248003840446472e-01,3.818279504776000977e-02,-1.841623522341251373e-02,-1.050176024436950684e-01,1.273695230484008789e-01,2.323327027261257172e-02,-8.356982143595814705e-04,1.748236641287803650e-02,5.898757278919219971e-02,1.156374141573905945e-01,3.878883272409439087e-02,2.580175101757049561e-01,3.326405882835388184e-01,-1.667644679546356201e-01,1.764968484640121460e-01,-9.847123175859451294e-02,1.612496376037597656e-01,1.668847352266311646e-01,1.865650862455368042e-01,1.227600798010826111e-01,2.710696458816528320e-01,5.051908642053604126e-02,3.256238996982574463e-01,-6.947811692953109741e-02,2.951383888721466064e-01,-4.674664698541164398e-03,2.317989915609359741e-01,-1.673930138349533081e-01,1.946958154439926147e-02,4.202061146497726440e-02,1.079625412821769714e-01,-4.618186969310045242e-03,9.884283691644668579e-02,-6.678727269172668457e-02,-1.607089675962924957e-02,8.639573305845260620e-02,1.264325380325317383e-01,-1.097390130162239075e-01,5.742927640676498413e-02,-2.558000199496746063e-02,1.767012774944305420e-01,2.756999433040618896e-02,-8.807524293661117554e-02,2.617291174829006195e-02,1.041926816105842590e-01,1.139917969703674316e-01,8.485597372055053711e-02,8.773630857467651367e-02,1.344268471002578735e-01,1.333358138799667358e-01,1.940950378775596619e-02,-9.206204861402511597e-02,-8.350147306919097900e-02,-2.118426747620105743e-02,7.138356566429138184e-02,5.342426896095275879e-02,1.118860244750976562e-01
-3.075276911258697510e-01,7.897116988897323608e-02,6.820180416107177734e-01,4.771265983581542969e-01,3.324111998081207275e-01,-1.218162383884191513e-02,7.174352407455444336e-01,4.226243793964385986e-01,4.455590546131134033e-01,-4.389486834406852722e-02,6.042026281356811523e-01,2.688885331153869629e-01,1.000000119209289551e+00,1.493992358446121216e-01,4.996593892574310303e-01,-2.442582696676254272e-02,3.158885538578033447e-01,3.471058607101440430e-01,1.292993277311325073e-01,2.142830379307270050e-02,2.867810428142547607e-01,2.411779761314392090e-01,4.688561856746673584e-01,3.966718912124633789e-01,3.551492691040039062e-01,1.652093678712844849e-01,4.046005904674530029e-01,-4.626537486910820007e-02,5.213518738746643066e-01,3.033844530582427979e-01,5.814701318740844727e-01,5.569200515747070312e-01,-3.414129896555095911e-04,1.192947328090667725e-01,-1.877989619970321655e-01,-2.874871492385864258e-01,-3.040516674518585205e-01,-1.120099350810050964e-01,-5.017391219735145569e-02,-2.618920207023620605e-01,-8.851839601993560791e-02,-1.903990954160690308e-01,5.549819394946098328e-02,4.324044566601514816e-03,-9.773046523332595825e-02,-1.603633463382720947e-01,-6.447760853916406631e-03,-9.852551668882369995e-02,-2.627645134925842285e-01,-1.641794592142105103e-01,-1.218479275703430176e-01,-1.922060698270797729e-01,-4.183166194707155228e-03,-1.935413926839828491e-01,1.264782845973968506e-01,-2.910357713699340820e-01,-3.117011785507202148e-01,3.628239408135414124e-02,-3.134502843022346497e-02,1.914381831884384155e-01,-1.077305246144533157e-02,1.492119580507278442e-01,6.824462860822677612e-02,-1.978606879711151123e-01,1.929076164960861206e-01,-8.551060222089290619e-03,-2.425531148910522461e-01,-1.130178347229957581e-01,-2.721338570117950439e-01,-1.269952952861785889e-01,4.031338095664978027e-01,3.499760329723358154e-01,-8.877740800380706787e-02,1.814612597227096558e-01,-6.060473620891571045e-02,1.399824023246765137e-02,1.846200078725814819e-01,7.310739159584045410e-02,2.202415019273757935e-01,3.100540637969970703e-01,2.088900953531265259e-01,-4.036125168204307556e-02,2.899019718170166016e-01,-2.197597175836563110e-01,3.203833699226379395e-01,3.501061350107192993e-03,1.217566952109336853e-01,-2.323206961154937744e-01,4.451615810394287109e-01,-1.822274476289749146e-01,2.621287703514099121e-01,-1.828095912933349609e-01,2.438618689775466919e-01,-7.544285804033279419e-02,2.512078583240509033e-01,2.807872593402862549e-01,-3.327227234840393066e-01,-1.934747099876403809e-01,3.470706194639205933e-02,-2.970903515815734863e-01,8.475060015916824341e-02,-1.126043200492858887e-01,1.501361727714538574e-01,-1.779782325029373169e-01,-7.805185765027999878e-02,-1.999034881591796875e-01,1.181431673467159271e-02,-1.018437594175338745e-01,1.587992012500762939e-01,-8.784124255180358887e-02,-3.289031386375427246e-01,-2.667306661605834961e-01,-1.415270566940307617e-01,1.202896609902381897e-01,1.459373086690902710e-01,2.403116524219512939e-01
