1.000000357627868652e+00,5.957731604576110840e-01,6.224947571754455566e-01,4.011892974376678467e-01,1.500986367464065552e-01,1.585302799940109253e-01,5.848473310470581055e-01,3.723941445350646973e-01,1.729262918233871460e-01,-2.087184228003025055e-02,5.096384882926940918e-01,2.542714774608612061e-01,4.036410152912139893e-01,2.609778940677642822e-01,2.551636099815368652e-01,5.347878485918045044e-02,3.664025068283081055e-01,3.198739588260650635e-01,6.299697160720825195e-01,5.642333626747131348e-01,2.359789013862609863e-01,-1.468299329280853271e-01,3.777187764644622803e-01,4.019548594951629639e-01,2.386512607336044312e-01,2.164466530084609985e-01,2.439629733562469482e-01,1.912683397531509399e-01,4.414965212345123291e-01,3.397662937641143799e-01,2.351566106081008911e-01,1.792068481445312500e-01,4.789233207702636719e-01,3.746140003204345703e-01,3.258206322789192200e-02,-5.033611506223678589e-02,2.690084576606750488e-01,1.055935993790626526e-01,9.950488805770874023e-02,1.961685866117477417e-01,-5.546793714165687561e-02,1.263418048620223999e-01,3.963174521923065186e-01,2.586703002452850342e-01,2.585176527500152588e-01,2.367500960826873779e-01,3.303285539150238037e-01,7.701658457517623901e-02,2.533357441425323486e-01,3.181371092796325684e-01,2.496623247861862183e-01,1.992511004209518433e-01,2.321703881025314331e-01,2.906133048236370087e-02,2.312416285276412964e-01,1.987658739089965820e-01,7.909374833106994629e-01,5.572702288627624512e-01,4.803433120250701904e-01,2.463110685348510742e-01,5.165468454360961914e-01,2.199665755033493042e-01,4.337364435195922852e-01,3.232108652591705322e-01,2.219018042087554932e-01,1.230799034237861633e-01,3.636552989482879639e-01,2.388174980878829956e-01,4.888734817504882812e-01,4.507521092891693115e-01,8.407440781593322754e-02,1.744992733001708984e-01,3.305977880954742432e-01,2.736804485321044922e-01,3.229320347309112549e-01,3.537496328353881836e-01,3.092979192733764648e-01,2.509479820728302002e-01,2.603453993797302246e-01,2.624547183513641357e-01,4.304060637950897217e-01,3.830201923847198486e-01,1.584491729736328125e-01,3.066157996654510498e-01,4.337282776832580566e-01,4.286447167396545410e-01,1.384708583354949951e-01,2.151079922914505005e-01,3.727941215038299561e-01,3.117209970951080322e-01,-4.799432121217250824e-03,1.781852394342422485e-01,1.268223226070404053e-01,1.997930556535720825e-01,1.680074445903301239e-02,-9.958387352526187897e-03,1.025753393769264221e-01,5.397528409957885742e-02,2.045825570821762085e-01,1.890187114477157593e-01,3.250420093536376953e-01,2.041418552398681641e-01,2.766233086585998535e-01,2.216284424066543579e-01,-7.928886264562606812e-02,-6.691578030586242676e-02,1.392182260751724243e-01,1.013164445757865906e-01,-2.771743573248386383e-02,4.781606793403625488e-02,-3.410647436976432800e-02,-1.359321922063827515e-02,3.472314774990081787e-02,1.134040802717208862e-01,-1.796537041664123535e-01,-3.076843023300170898e-01
5.957731604576110840e-01,1.000000357627868652e+00,4.763201773166656494e-01,4.351850450038909912e-01,1.392164230346679688e-01,2.540419399738311768e-01,3.362875282764434814e-01,4.556602835655212402e-01,2.393768876791000366e-01,1.466785669326782227e-01,3.401123583316802979e-01,4.515604972839355469e-01,3.143173158168792725e-01,5.067384243011474609e-01,3.580441772937774658e-01,3.208211958408355713e-01,2.779343426227569580e-01,6.292749047279357910e-01,6.265006661415100098e-01,7.246531844139099121e-01,2.261315137147903442e-01,-9.628199972212314606e-03,4.047496914863586426e-01,4.260792732238769531e-01,2.516950964927673340e-01,2.699419558048248291e-01,2.304901033639907837e-01,2.082137614488601685e-01,3.625685572624206543e-01,5.706270933151245117e-01,3.683708310127258301e-01,3.582938313484191895e-01,5.203353762626647949e-01,4.762275516986846924e-01,-7.657478749752044678e-02,-1.486151516437530518e-01,2.199707180261611938e-01,9.331981837749481201e-02,1.484360396862030029e-01,1.789781898260116577e-01,2.339111082255840302e-02,2.455884665250778198e-01,4.629806280136108398e-01,4.093012809753417969e-01,4.537046849727630615e-01,4.452150166034698486e-01,3.987898826599121094e-01,3.344598114490509033e-01,3.806670308113098145e-01,3.993839621543884277e-01,2.071518152952194214e-01,3.196609020233154297e-01,2.085590809583663940e-01,9.158002585172653198e-02,3.062117099761962891e-01,2.647122442722320557e-01,6.586585640907287598e-01,7.557478547096252441e-01,3.044678866863250732e-01,7.427579164505004883e-02,2.601441442966461182e-01,1.624424457550048828e-01,5.690017938613891602e-01,5.924400091171264648e-01,9.292485564947128296e-02,-2.293325215578079224e-02,3.177526593208312988e-01,2.103621810674667358e-01,6.473069190979003906e-01,6.079233884811401367e-01,3.099342584609985352e-01,3.025823235511779785e-01,3.928597569465637207e-01,3.539384901523590088e-01,4.632965028285980225e-01,4.708907008171081543e-01,4.635776281356811523e-01,4.063470363616943359e-01,2.357356250286102295e-01,4.866476356983184814e-01,5.524531602859497070e-01,6.321988105773925781e-01,1.163854226469993591e-01,4.901058077812194824e-01,4.844660162925720215e-01,5.266985297203063965e-01,2.909769415855407715e-01,3.611925244331359863e-01,2.979649007320404053e-01,3.159781694412231445e-01,-5.077923834323883057e-02,5.782449617981910706e-02,1.338320225477218628e-01,6.611932069063186646e-02,-1.047472469508647919e-02,-2.543054893612861633e-02,1.757727265357971191e-01,1.822935193777084351e-01,3.153509199619293213e-01,2.384935021400451660e-01,4.449265301227569580e-01,1.273447424173355103e-01,3.994137048721313477e-01,1.886419504880905151e-01,-5.321181192994117737e-02,-1.564194262027740479e-01,1.077029705047607422e-01,-2.932964824140071869e-03,-5.851188674569129944e-02,2.492404915392398834e-02,1.529663354158401489e-01,1.211996376514434814e-01,1.066758409142494202e-01,2.281695455312728882e-01,-1.605138033628463745e-01,-2.539513111114501953e-01
6.224947571754455566e-01,4.763201773166656494e-01,1.000000000000000000e+00,6.360537409782409668e-01,2.167513370513916016e-01,2.025642544031143188e-01,7.569325566291809082e-01,4.859500527381896973e-01,3.110052049160003662e-01,9.047858417034149170e-02,5.303398966789245605e-01,3.204596936702728271e-01,4.114486277103424072e-01,3.493839800357818604e-01,4.539234340190887451e-01,2.371297776699066162e-01,2.394055724143981934e-01,2.744865417480468750e-01,5.887486934661865234e-01,5.285237431526184082e-01,2.694520652294158936e-01,-5.424626544117927551e-02,7.247597575187683105e-01,6.961895823478698730e-01,2.961872816085815430e-01,2.354126274585723877e-01,2.916828095912933350e-01,2.028379589319229126e-01,3.431136906147003174e-01,3.345765769481658936e-01,4.485092461109161377e-01,4.020690023899078369e-01,4.857457280158996582e-01,3.781276643276214600e-01,1.195553988218307495e-01,-4.389201477169990540e-02,2.597357630729675293e-01,1.613163389265537262e-02,1.863890886306762695e-01,1.567953377962112427e-01,-5.540406331419944763e-02,1.063433513045310974e-01,3.236773908138275146e-01,2.248210757970809937e-01,2.638658285140991211e-01,2.321765422821044922e-01,2.459811270236968994e-01,1.535663306713104248e-01,2.665653228759765625e-01,2.928647994995117188e-01,2.238973826169967651e-01,2.768355607986450195e-01,1.546880006790161133e-01,9.039026498794555664e-02,1.536028534173965454e-01,1.819892376661300659e-01,5.580391883850097656e-01,4.876304566860198975e-01,3.678217828273773193e-01,1.985761821269989014e-01,4.459410011768341064e-01,3.181374073028564453e-01,4.718121290206909180e-01,3.692022264003753662e-01,3.882101774215698242e-01,3.100460469722747803e-01,3.668494224548339844e-01,2.075591236352920532e-01,4.105680584907531738e-01,3.641131520271301270e-01,2.339567542076110840e-01,2.050343900918960571e-01,2.199538499116897583e-01,1.366126388311386108e-01,2.353829145431518555e-01,2.717168927192687988e-01,2.762902379035949707e-01,1.894748210906982422e-01,2.591528594493865967e-01,2.283154278993606567e-01,3.898057639598846436e-01,3.852666020393371582e-01,2.199691087007522583e-01,2.626991271972656250e-01,5.239001512527465820e-01,4.534447789192199707e-01,1.682021766901016235e-01,2.489547431468963623e-01,3.961356878280639648e-01,3.515658676624298096e-01,2.268164008855819702e-01,3.478405475616455078e-01,3.724812865257263184e-01,3.813452720642089844e-01,-4.821986332535743713e-02,-1.145533695816993713e-01,1.079596951603889465e-01,1.181616857647895813e-01,1.752770841121673584e-01,2.197951227426528931e-01,3.438137173652648926e-01,2.287891209125518799e-01,3.229976892471313477e-01,2.295237779617309570e-01,-3.370055463165044785e-03,1.599549548700451851e-03,8.924607932567596436e-02,4.500904120504856110e-03,4.030277580022811890e-02,4.318788647651672363e-02,7.435699552297592163e-02,3.964376822113990784e-02,1.313573718070983887e-01,2.323110997676849365e-01,-4.813194274902343750e-02,-2.491882741451263428e-01
4.011892974376678467e-01,4.351850450038909912e-01,6.360537409782409668e-01,1.000000357627868652e+00,1.501253545284271240e-01,2.751635909080505371e-01,5.755769610404968262e-01,7.780489325523376465e-01,1.572117060422897339e-01,1.836542785167694092e-01,1.901472657918930054e-01,4.228034913539886475e-01,3.054478466510772705e-01,4.530311524868011475e-01,2.644680738449096680e-01,2.565169930458068848e-01,-8.296079188585281372e-02,2.728110253810882568e-01,3.273580074310302734e-01,3.758434951305389404e-01,2.928262650966644287e-01,6.275792140513658524e-03,6.133010983467102051e-01,7.938548326492309570e-01,2.257093340158462524e-01,2.386384308338165283e-01,2.122882753610610962e-01,1.825263798236846924e-01,6.506192684173583984e-02,2.338413745164871216e-01,4.009280204772949219e-01,5.306734442710876465e-01,3.318011164665222168e-01,3.249325752258300781e-01,1.537758260965347290e-01,6.370813399553298950e-02,1.981847882270812988e-01,-2.274451591074466705e-02,1.246473342180252075e-01,1.713429242372512817e-01,-7.357053458690643311e-02,1.335829347372055054e-01,1.931492686271667480e-01,1.887332051992416382e-01,1.837844103574752808e-01,1.367911547422409058e-01,1.990103274583816528e-01,1.774001419544219971e-01,2.228788584470748901e-01,2.238232195377349854e-01,2.627170979976654053e-01,1.880289763212203979e-01,1.451905667781829834e-01,6.055203080177307129e-02,1.229686141014099121e-01,1.568226665258407593e-01,3.768419325351715088e-01,5.482029914855957031e-01,5.220673084259033203e-01,4.916136264801025391e-01,4.829163849353790283e-01,5.457068085670471191e-01,3.080788552761077881e-01,3.260992765426635742e-01,4.038493335247039795e-01,5.199314355850219727e-01,4.660240411758422852e-01,4.381910860538482666e-01,4.025508463382720947e-01,3.505182266235351562e-01,3.254701495170593262e-01,2.650462985038757324e-01,7.697610557079315186e-02,-2.191112749278545380e-02,2.623431682586669922e-01,2.543286383152008057e-01,2.530456185340881348e-01,2.451338917016983032e-01,9.160494804382324219e-02,2.873763144016265869e-01,2.427204698324203491e-01,3.268797099590301514e-01,1.441129744052886963e-01,2.357284873723983765e-01,4.445147812366485596e-01,4.575558602809906006e-01,3.205197453498840332e-01,3.469991385936737061e-01,4.009914100170135498e-01,4.767179489135742188e-01,4.233352541923522949e-01,3.470392525196075439e-01,4.860096871852874756e-01,3.657742142677307129e-01,-4.667206108570098877e-02,-6.762351840734481812e-02,1.708075553178787231e-01,2.323893308639526367e-01,1.867327988147735596e-01,2.414975911378860474e-01,3.573643565177917480e-01,2.732415497303009033e-01,3.156679570674896240e-01,2.424587756395339966e-01,1.407575160264968872e-01,4.087201878428459167e-02,1.611248254776000977e-01,3.645095974206924438e-02,3.419270738959312439e-02,1.834577694535255432e-02,1.428617835044860840e-01,1.369729489088058472e-01,2.494260966777801514e-01,2.243819087743759155e-01,-2.355401031672954559e-02,-1.920832097530364990e-01
1.500986367464065552e-01,1.392164230346679688e-01,2.167513370513916016e-01,1.501253545284271240e-01,9.999997019767761230e-01,6.055265665054321289e-01,1.151848584413528442e-01,-3.502679243683815002e-02,5.292762517929077148e-01,3.755913674831390381e-01,1.318660527467727661e-01,1.959799602627754211e-02,2.389431595802307129e-01,7.607016712427139282e-02,4.241678416728973389e-01,4.327655732631683350e-01,1.903130859136581421e-01,2.100954651832580566e-01,1.435717195272445679e-01,1.407863199710845947e-01,3.741108477115631104e-01,3.093236684799194336e-01,3.506560027599334717e-01,2.528769969940185547e-01,6.415090560913085938e-01,6.173311471939086914e-01,7.112488746643066406e-01,6.963361501693725586e-01,1.747578382492065430e-01,1.681922972202301025e-01,3.302282094955444336e-01,2.887077033519744873e-01,2.304862290620803833e-01,1.825346052646636963e-01,3.103121519088745117e-01,2.271152734756469727e-01,2.646410465240478516e-01,2.471642941236495972e-01,3.177519738674163818e-01,2.657136023044586182e-01,1.926337331533432007e-01,1.140831410884857178e-01,2.045629173517227173e-01,1.251820176839828491e-01,1.939363330602645874e-01,4.907028377056121826e-02,1.013854220509529114e-01,1.032339558005332947e-01,8.547618985176086426e-02,5.906049162149429321e-02,1.337677687406539917e-01,5.976944416761398315e-02,1.597805619239807129e-01,1.085281185805797577e-02,2.664672732353210449e-01,1.546528488397598267e-01,1.758834868669509888e-01,1.581587456166744232e-02,2.308236062526702881e-02,-3.883155807852745056e-02,1.514059454202651978e-01,9.242153726518154144e-03,2.028496712446212769e-01,-3.106123954057693481e-02,4.285851716995239258e-01,2.215300798416137695e-01,2.180825620889663696e-01,1.803212165832519531e-01,1.239658966660499573e-01,8.195948600769042969e-02,2.658632099628448486e-01,2.833456993103027344e-01,2.762407064437866211e-01,1.193281412124633789e-01,1.818906664848327637e-01,1.739081740379333496e-01,4.097546637058258057e-02,1.207711696624755859e-01,2.013602554798126221e-01,1.547577679157257080e-01,2.306062579154968262e-01,2.265373766422271729e-01,3.502360284328460693e-01,2.240829914808273315e-01,3.715521395206451416e-01,2.515704333782196045e-01,1.908036172389984131e-01,3.056918680667877197e-01,4.009448885917663574e-01,2.140592038631439209e-01,1.307779252529144287e-01,9.770683199167251587e-02,2.415317296981811523e-01,8.148770034313201904e-02,6.177945435047149658e-02,4.306533187627792358e-02,1.721477955579757690e-01,1.505868881940841675e-01,1.149004772305488586e-01,3.234787285327911377e-02,7.671785354614257812e-02,-1.660628914833068848e-01,2.110264450311660767e-01,-1.103842630982398987e-01,1.006426438689231873e-01,-1.108515784144401550e-01,-8.351237513124942780e-03,-1.867618411779403687e-02,3.326118737459182739e-02,6.886005401611328125e-02,5.251630395650863647e-02,7.786224782466888428e-02,-1.257447749376296997e-01,2.331086099147796631e-01,2.096791118383407593e-01,2.991373650729656219e-03
1.585302799940109253e-01,2.540419399738311768e-01,2.025642544031143188e-01,2.751635909080505371e-01,6.055265665054321289e-01,1.000000238418579102e+00,1.652540415525436401e-01,1.742125898599624634e-01,2.836402058601379395e-01,7.195197343826293945e-01,-2.843848429620265961e-03,9.213667362928390503e-02,1.220678016543388367e-01,2.208772301673889160e-01,3.596685826778411865e-01,6.582974791526794434e-01,-4.430148750543594360e-02,1.355801224708557129e-01,1.286994516849517822e-01,1.866244524717330933e-01,4.365451335906982422e-01,3.367856740951538086e-01,2.407110780477523804e-01,3.347741663455963135e-01,4.638414382934570312e-01,6.874451041221618652e-01,6.386320590972900391e-01,7.181863784790039062e-01,8.774466067552566528e-02,1.864881068468093872e-01,3.611989617347717285e-01,4.230379462242126465e-01,1.818247735500335693e-01,1.817156523466110229e-01,1.186315938830375671e-01,8.674890547990798950e-02,2.029969394207000732e-01,1.561099439859390259e-01,1.739768832921981812e-01,1.246883273124694824e-01,1.170735880732536316e-01,1.928856670856475830e-01,2.644076347351074219e-01,2.737399935722351074e-01,2.400286346673965454e-01,1.645004004240036011e-01,1.765527427196502686e-01,2.943086624145507812e-01,1.420579701662063599e-01,1.674837023019790649e-01,9.844321757555007935e-02,1.668785512447357178e-01,2.451753020286560059e-01,2.825691103935241699e-01,3.139387369155883789e-01,2.123046815395355225e-01,2.214966118335723877e-01,1.533506512641906738e-01,1.112315058708190918e-01,-3.431470249779522419e-04,7.122229784727096558e-02,-2.775214053690433502e-02,1.978219449520111084e-01,2.734023891389369965e-02,2.272118479013442993e-01,1.156843975186347961e-01,2.033404558897018433e-01,1.529159098863601685e-01,1.655130684375762939e-01,7.431722432374954224e-02,3.956348299980163574e-01,3.131560981273651123e-01,2.100392132997512817e-01,1.150842988863587379e-03,2.191489785909652710e-01,1.279494166374206543e-01,7.257243245840072632e-02,1.054784189909696579e-02,4.809504002332687378e-02,-3.085542097687721252e-02,2.918517589569091797e-01,1.944425851106643677e-01,2.675626277923583984e-01,3.909636735916137695e-01,3.098056614398956299e-01,2.238527685403823853e-01,2.713236510753631592e-01,4.887442290782928467e-01,2.667700946331024170e-01,1.251648962497711182e-01,1.959375739097595215e-01,1.877366006374359131e-01,2.299742996692657471e-01,1.779881119728088379e-01,1.531374156475067139e-01,7.385545223951339722e-02,3.031462132930755615e-01,2.946735918521881104e-01,2.821799218654632568e-01,2.778147161006927490e-01,1.833793669939041138e-01,1.270360965281724930e-02,2.517749965190887451e-01,7.044902443885803223e-02,1.345753967761993408e-01,-3.366552665829658508e-02,1.042957380414009094e-01,8.911829441785812378e-03,-2.690690383315086365e-02,1.005881354212760925e-01,2.339413017034530640e-01,3.416447937488555908e-01,1.412752419710159302e-01,2.743405997753143311e-01,2.495727092027664185e-01,1.708332896232604980e-01
5.848473310470581055e-01,3.362875282764434814e-01,7.569325566291809082e-01,5.755769610404968262e-01,1.151848584413528442e-01,1.652540415525436401e-01,9.999998211860656738e-01,5.580970048904418945e-01,3.333933353424072266e-01,7.831699401140213013e-02,4.753203392028808594e-01,3.054656088352203369e-01,5.633588433265686035e-01,2.472302764654159546e-01,2.992789745330810547e-01,6.792073696851730347e-02,9.370936453342437744e-02,2.647117078304290771e-01,3.978795409202575684e-01,3.472755849361419678e-01,1.232983320951461792e-01,-1.023653224110603333e-01,5.192855000495910645e-01,5.171495676040649414e-01,1.703712642192840576e-01,1.607609689235687256e-01,1.243179216980934143e-01,1.124311760067939758e-01,2.307215631008148193e-01,2.314961999654769897e-01,3.372032642364501953e-01,3.526007235050201416e-01,3.906866312026977539e-01,3.137153089046478271e-01,-2.660312131047248840e-02,-1.421764343976974487e-01,1.730514764785766602e-01,-4.148089513182640076e-02,1.421980559825897217e-01,7.283401489257812500e-02,-7.677645981311798096e-02,5.177229642868041992e-02,2.453003823757171631e-01,1.322181373834609985e-01,9.481076151132583618e-02,1.053292900323867798e-01,1.653844714164733887e-01,4.824072495102882385e-02,1.541166007518768311e-01,2.449836879968643188e-01,2.230302393436431885e-01,1.944131702184677124e-01,1.027463525533676147e-01,8.975706249475479126e-02,5.218353867530822754e-02,6.850881129503250122e-02,4.665316641330718994e-01,4.703736305236816406e-01,5.313131213188171387e-01,4.220421016216278076e-01,6.663419604301452637e-01,4.606365561485290527e-01,3.729780018329620361e-01,3.002631366252899170e-01,3.339509665966033936e-01,2.801668047904968262e-01,4.086531698703765869e-01,3.061355650424957275e-01,3.251734673976898193e-01,3.370218276977539062e-01,3.046820759773254395e-01,3.198885321617126465e-01,1.798998266458511353e-01,1.119247674942016602e-01,2.760154604911804199e-01,3.125992417335510254e-01,2.848397791385650635e-01,2.290501147508621216e-01,1.575552374124526978e-01,2.192396968603134155e-01,2.223820239305496216e-01,2.170532792806625366e-01,1.053748577833175659e-01,2.117852866649627686e-01,3.897065520286560059e-01,2.699472308158874512e-01,2.089924067258834839e-01,2.323876470327377319e-01,3.871586322784423828e-01,3.184678256511688232e-01,2.940032482147216797e-01,3.971506059169769287e-01,3.796038031578063965e-01,4.459397792816162109e-01,-4.795408993959426880e-02,-9.166203439235687256e-02,1.183787211775779724e-01,7.176482677459716797e-02,1.407119035720825195e-01,2.578606903553009033e-01,3.866121172904968262e-01,3.480660021305084229e-01,3.283021450042724609e-01,3.096592128276824951e-01,1.153510361909866333e-01,1.515492349863052368e-01,1.862123161554336548e-01,8.600819110870361328e-02,6.170668080449104309e-02,4.054041951894760132e-02,6.507607549428939819e-02,1.324134506285190582e-02,1.742938011884689331e-01,1.743274182081222534e-01,-3.845684602856636047e-02,-1.790280491113662720e-01
3.723941445350646973e-01,4.556602835655212402e-01,4.859500527381896973e-01,7.780489325523376465e-01,-3.502679243683815002e-02,1.742125898599624634e-01,5.580970048904418945e-01,1.000000119209289551e+00,1.377977877855300903e-01,1.568827182054519653e-01,2.464562654495239258e-01,6.003168821334838867e-01,4.194600582122802734e-01,6.018286943435668945e-01,1.879063993692398071e-01,1.835267096757888794e-01,-3.295629471540451050e-02,3.631784319877624512e-01,3.410618305206298828e-01,3.792902827262878418e-01,1.210355535149574280e-01,3.493832424283027649e-02,4.651241302490234375e-01,6.165512800216674805e-01,-1.094547472894191742e-02,5.459870770573616028e-02,-3.214840963482856750e-02,8.240689523518085480e-03,1.466079801321029663e-01,3.350277841091156006e-01,3.355709910392761230e-01,4.866450130939483643e-01,3.485834896564483643e-01,3.599090874195098877e-01,-8.816517144441604614e-02,-1.556372791528701782e-01,1.658354103565216064e-01,-4.848628863692283630e-02,1.322413086891174316e-01,9.134697169065475464e-02,1.436730194836854935e-02,1.638199836015701294e-01,1.744666546583175659e-01,1.889305412769317627e-01,1.424146294593811035e-01,1.385439038276672363e-01,1.548439711332321167e-01,2.232206910848617554e-01,1.782736927270889282e-01,1.846325844526290894e-01,1.373282074928283691e-01,1.136739179491996765e-01,1.356346346437931061e-02,3.265975788235664368e-02,-3.493527695536613464e-02,9.773810394108295441e-03,3.198444247245788574e-01,6.521037220954895020e-01,5.768331885337829590e-01,5.383070111274719238e-01,5.429687500000000000e-01,6.007130146026611328e-01,4.088154435157775879e-01,5.176883935928344727e-01,1.763976812362670898e-01,2.602881491184234619e-01,4.280251562595367432e-01,4.057260453701019287e-01,4.595462679862976074e-01,4.675684273242950439e-01,3.652908802032470703e-01,3.015252053737640381e-01,1.119966730475425720e-01,7.809393852949142456e-02,2.685155272483825684e-01,2.608101069927215576e-01,3.158192336559295654e-01,2.722992599010467529e-01,5.557394027709960938e-02,3.096935153007507324e-01,2.182995975017547607e-01,3.068355917930603027e-01,6.980866193771362305e-02,2.577023208141326904e-01,3.038131296634674072e-01,3.049039244651794434e-01,2.706239223480224609e-01,2.733999192714691162e-01,3.235726058483123779e-01,4.465689361095428467e-01,3.459778428077697754e-01,3.266564607620239258e-01,4.045599102973937988e-01,3.477356433868408203e-01,-3.456187993288040161e-02,-4.889162257313728333e-02,1.559309065341949463e-01,2.298375219106674194e-01,1.485632210969924927e-01,2.608408331871032715e-01,4.694747626781463623e-01,3.570950925350189209e-01,3.518968522548675537e-01,3.211305737495422363e-01,1.409604400396347046e-01,6.683820486068725586e-02,2.333428710699081421e-01,2.605176903307437897e-02,7.233714312314987183e-02,6.050152704119682312e-02,2.103973627090454102e-01,1.462312042713165283e-01,3.168448805809020996e-01,1.750228404998779297e-01,-3.193417191505432129e-02,-1.446807384490966797e-01
1.729262918233871460e-01,2.393768876791000366e-01,3.110052049160003662e-01,1.572117060422897339e-01,5.292762517929077148e-01,2.836402058601379395e-01,3.333933353424072266e-01,1.377977877855300903e-01,9.999998211860656738e-01,3.423618376255035400e-01,3.526611626148223877e-01,2.213133424520492554e-01,5.338284373283386230e-01,2.314457893371582031e-01,5.362592339515686035e-01,3.764055073261260986e-01,2.756447196006774902e-01,3.877006173133850098e-01,2.092878222465515137e-01,1.834630817174911499e-01,2.975367009639739990e-01,9.030706435441970825e-02,4.184620380401611328e-01,2.402676194906234741e-01,4.624913930892944336e-01,3.656417429447174072e-01,3.120830953121185303e-01,2.736570537090301514e-01,2.853427529335021973e-01,4.270704984664916992e-01,4.735681712627410889e-01,4.348401427268981934e-01,3.333767354488372803e-01,2.428106665611267090e-01,6.652583181858062744e-02,-6.520524621009826660e-02,2.427781075239181519e-01,1.954702585935592651e-01,2.758421897888183594e-01,1.331658214330673218e-01,8.806269615888595581e-02,9.891599416732788086e-02,2.245829999446868896e-01,8.847837150096893311e-02,2.162147164344787598e-01,1.397406607866287231e-01,1.398549079895019531e-01,1.776391118764877319e-01,1.432130783796310425e-01,5.770507454872131348e-02,1.194953247904777527e-01,7.779478281736373901e-02,5.105494335293769836e-02,2.442078851163387299e-02,1.312323659658432007e-01,2.407692559063434601e-02,1.946903765201568604e-01,2.343334853649139404e-01,8.406802266836166382e-02,-7.297676522284746170e-03,3.653886616230010986e-01,1.720900833606719971e-01,3.672621846199035645e-01,2.546173334121704102e-01,3.741450607776641846e-01,1.171400398015975952e-01,2.111161202192306519e-01,1.600363105535507202e-01,2.540470361709594727e-01,2.693903446197509766e-01,4.008667171001434326e-01,4.096591472625732422e-01,3.541352748870849609e-01,2.337652146816253662e-01,3.582929968833923340e-01,2.777459025382995605e-01,3.139950931072235107e-01,2.362547367811203003e-01,3.254433274269104004e-01,4.263744950294494629e-01,3.407570123672485352e-01,4.194407165050506592e-01,1.877460628747940063e-01,3.216154277324676514e-01,3.812905251979827881e-01,2.223354876041412354e-01,2.510249018669128418e-01,2.711346149444580078e-01,3.818635046482086182e-01,2.302198559045791626e-01,1.946355700492858887e-01,3.143317401409149170e-01,2.927689850330352783e-01,2.566765248775482178e-01,5.679850652813911438e-02,-1.492701820097863674e-03,2.439972609281539917e-01,2.154899686574935913e-01,2.583495080471038818e-01,2.549613118171691895e-01,3.162042498588562012e-01,1.308087408542633057e-01,3.858278393745422363e-01,1.253004819154739380e-01,8.173814415931701660e-02,9.537683799862861633e-03,7.480680942535400391e-02,4.103561118245124817e-02,9.093165397644042969e-03,1.822421997785568237e-01,2.077199667692184448e-01,1.581808775663375854e-01,1.322903484106063843e-01,2.733995318412780762e-01,1.884386539459228516e-01,-5.484668165445327759e-02
-2.087184228003025055e-02,1.466785669326782227e-01,9.047858417034149170e-02,1.836542785167694092e-01,3.755913674831390381e-01,7.195197343826293945e-01,7.831699401140213013e-02,1.568827182054519653e-01,3.423618376255035400e-01,1.000000119209289551e+00,-7.882800698280334473e-02,1.293426007032394409e-01,8.890732377767562866e-02,2.008354365825653076e-01,3.291140496730804443e-01,7.275075912475585938e-01,-1.070092469453811646e-01,9.635674208402633667e-02,1.978484168648719788e-02,8.470775187015533447e-02,3.380652368068695068e-01,2.784332931041717529e-01,1.098591983318328857e-01,1.841520667076110840e-01,2.761569321155548096e-01,4.942427277565002441e-01,3.391273617744445801e-01,4.218802154064178467e-01,3.031043708324432373e-02,1.960298120975494385e-01,3.400280177593231201e-01,4.202549159526824951e-01,1.090295240283012390e-01,1.166150346398353577e-01,4.958580061793327332e-02,2.008931897580623627e-02,1.581569910049438477e-01,6.951776891946792603e-02,8.139764517545700073e-02,-1.458460465073585510e-02,5.237643793225288391e-02,3.074803203344345093e-02,1.467511355876922607e-01,1.942502260208129883e-01,2.173366844654083252e-01,2.043972164392471313e-01,1.612615287303924561e-01,3.512739241123199463e-01,1.298944354057312012e-01,1.059967577457427979e-01,5.606732517480850220e-02,1.032020375132560730e-01,1.944656968116760254e-01,2.901180684566497803e-01,2.108263671398162842e-01,7.453540712594985962e-02,7.537283748388290405e-02,1.267628222703933716e-01,5.233300104737281799e-02,-2.006267756223678589e-02,3.734653815627098083e-02,-1.369536388665437698e-02,1.601815521717071533e-01,6.948138773441314697e-02,1.448688954114913940e-01,5.130670219659805298e-02,1.449867784976959229e-01,1.037022545933723450e-01,8.397779613733291626e-02,8.290287107229232788e-03,4.158369004726409912e-01,2.863695919513702393e-01,1.410599201917648315e-01,-2.882341109216213226e-02,2.103356420993804932e-01,-2.830141596496105194e-02,1.140648275613784790e-01,-7.723571360111236572e-02,1.049883812665939331e-01,-5.702521651983261108e-02,2.626970708370208740e-01,1.627689152956008911e-01,1.692602038383483887e-01,3.138180673122406006e-01,1.717663258314132690e-01,2.379546314477920532e-02,1.931148767471313477e-01,3.771880269050598145e-01,1.182009577751159668e-01,6.471424363553524017e-03,2.379175275564193726e-01,2.714211344718933105e-01,1.752070337533950806e-01,2.467995584011077881e-01,2.036371976137161255e-01,1.366394013166427612e-01,3.695133924484252930e-01,2.723318934440612793e-01,3.190909326076507568e-01,3.383832573890686035e-01,1.841190010309219360e-01,1.335715651512145996e-01,2.268556654453277588e-01,1.203538179397583008e-01,1.146580576896667480e-01,1.131214573979377747e-02,9.679291397333145142e-02,-2.302447147667407990e-02,-7.469196803867816925e-03,2.279966175556182861e-01,3.445686399936676025e-01,3.885945975780487061e-01,3.256003856658935547e-01,2.652447521686553955e-01,2.640595734119415283e-01,2.680406272411346436e-01
5.096384882926940918e-01,3.401123583316802979e-01,5.303398966789245605e-01,1.901472657918930054e-01,1.318660527467727661e-01,-2.843848429620265961e-03,4.753203392028808594e-01,2.464562654495239258e-01,3.526611626148223877e-01,-7.882800698280334473e-02,9.999997615814208984e-01,4.298039078712463379e-01,5.659701228141784668e-01,4.237468540668487549e-01,4.766721129417419434e-01,1.495638489723205566e-01,5.328903198242187500e-01,3.261550664901733398e-01,6.050902009010314941e-01,4.884364604949951172e-01,1.196828335523605347e-01,-9.206655621528625488e-02,5.045801997184753418e-01,3.438708484172821045e-01,1.255468577146530151e-01,3.091307915747165680e-02,9.368223696947097778e-02,1.315955724567174911e-02,6.222288608551025391e-01,5.033810138702392578e-01,3.072711527347564697e-01,2.136253565549850464e-01,5.037048459053039551e-01,4.197178184986114502e-01,-6.586886197328567505e-02,-2.163509726524353027e-01,2.247343659400939941e-01,9.670787304639816284e-02,1.883943676948547363e-01,1.189846619963645935e-01,-2.701849117875099182e-02,1.189707126468420029e-02,2.789039611816406250e-01,1.474952250719070435e-01,2.377503663301467896e-01,1.999249011278152466e-01,1.315716356039047241e-01,8.476278930902481079e-02,1.346180588006973267e-01,1.164891496300697327e-01,2.896916493773460388e-02,1.161323040723800659e-01,-4.529728740453720093e-02,-7.638851553201675415e-02,-1.180705148726701736e-02,2.042458020150661469e-02,3.750043213367462158e-01,3.514486551284790039e-01,1.341249197721481323e-01,-5.504504963755607605e-02,3.521524071693420410e-01,6.769883632659912109e-02,5.453535914421081543e-01,5.042552947998046875e-01,2.374291047453880310e-02,-1.032197475433349609e-01,2.159595936536788940e-01,8.521427959203720093e-02,3.688397705554962158e-01,3.565477728843688965e-01,1.900941878557205200e-01,2.218716144561767578e-01,4.091660082340240479e-01,3.709058463573455811e-01,2.214585542678833008e-01,3.359586298465728760e-01,3.201977908611297607e-01,2.613199651241302490e-01,2.972391545772552490e-01,2.388106137514114380e-01,3.819131553173065186e-01,4.251084029674530029e-01,1.454589068889617920e-01,2.274513393640518188e-01,4.412642121315002441e-01,3.586822152137756348e-01,4.571259766817092896e-02,1.670615971088409424e-01,2.560296058654785156e-01,2.441276460886001587e-01,6.123299151659011841e-02,2.729203999042510986e-01,2.410327345132827759e-01,2.212431281805038452e-01,-3.449470177292823792e-02,-9.234460443258285522e-02,7.980361580848693848e-02,1.021977663040161133e-01,1.621737778186798096e-01,1.729469299316406250e-01,3.359065651893615723e-01,1.765543967485427856e-01,2.983001768589019775e-01,1.791795045137405396e-01,-4.270144551992416382e-02,-1.116227172315120697e-02,5.474554002285003662e-02,3.319095820188522339e-02,6.743431836366653442e-02,1.208548843860626221e-01,9.392385184764862061e-02,3.434498608112335205e-02,5.994637310504913330e-02,1.973373889923095703e-01,-1.797917857766151428e-02,-2.590937018394470215e-01
2.542714774608612061e-01,4.515604972839355469e-01,3.204596936702728271e-01,4.228034913539886475e-01,1.959799602627754211e-02,9.213667362928390503e-02,3.054656088352203369e-01,6.003168821334838867e-01,2.213133424520492554e-01,1.293426007032394409e-01,4.298039078712463379e-01,9.999998211860656738e-01,5.075082182884216309e-01,7.756550908088684082e-01,3.266841173171997070e-01,3.065393567085266113e-01,1.889639943838119507e-01,5.709205269813537598e-01,4.058150053024291992e-01,4.294027388095855713e-01,8.777520805597305298e-02,1.197407692670822144e-01,4.320293068885803223e-01,4.172765910625457764e-01,-2.389065735042095184e-02,-5.740219261497259140e-03,-5.717047676444053650e-02,-5.839737504720687866e-02,3.179228603839874268e-01,5.742325186729431152e-01,3.291442096233367920e-01,3.843555152416229248e-01,4.690136015415191650e-01,4.789410233497619629e-01,-1.305002868175506592e-01,-2.311150878667831421e-01,1.949986219406127930e-01,4.703243263065814972e-03,1.973903626203536987e-01,4.341782256960868835e-02,7.932627946138381958e-02,1.415636390447616577e-01,2.013599723577499390e-01,1.683767586946487427e-01,2.454798370599746704e-01,2.197763472795486450e-01,1.230933666229248047e-01,2.601726949214935303e-01,2.408090978860855103e-01,1.599005013704299927e-01,1.333764940500259399e-01,1.240391656756401062e-01,-4.414622113108634949e-02,-9.920285642147064209e-02,-2.134231291711330414e-02,-5.303114652633666992e-02,1.833294630050659180e-01,5.608330368995666504e-01,3.098493814468383789e-01,1.945294588804244995e-01,3.784301578998565674e-01,3.736088275909423828e-01,5.634031295776367188e-01,6.792674660682678223e-01,2.353773638606071472e-02,2.878529578447341919e-02,3.142497539520263672e-01,2.612198591232299805e-01,4.807668924331665039e-01,4.343594610691070557e-01,3.665954172611236572e-01,3.019224405288696289e-01,1.810926347970962524e-01,2.411822974681854248e-01,2.480329424142837524e-01,2.711629569530487061e-01,3.773342072963714600e-01,3.459597527980804443e-01,1.227579265832901001e-01,4.073513150215148926e-01,3.173466920852661133e-01,4.454428255558013916e-01,4.175733029842376709e-02,2.921769320964813232e-01,3.404824137687683105e-01,3.046171367168426514e-01,5.559003353118896484e-02,2.225704342126846313e-01,2.592622339725494385e-01,3.989934623241424561e-01,2.324537187814712524e-01,2.368122488260269165e-01,3.478743731975555420e-01,1.806599944829940796e-01,-3.110122634097933769e-03,-1.282599940896034241e-02,2.007677406072616577e-01,2.480905503034591675e-01,1.226337179541587830e-01,1.608061045408248901e-01,4.432568848133087158e-01,2.094995677471160889e-01,2.964501976966857910e-01,1.765717864036560059e-01,2.917176298797130585e-02,-6.222028285264968872e-02,7.116659730672836304e-02,-1.527082026004791260e-01,1.867678761482238770e-01,2.088405191898345947e-01,2.387948036193847656e-01,8.165394514799118042e-02,1.697278618812561035e-01,1.830406039953231812e-01,4.892722703516483307e-03,-1.769856214523315430e-01
4.036410152912139893e-01,3.143173158168792725e-01,4.114486277103424072e-01,3.054478466510772705e-01,2.389431595802307129e-01,1.220678016543388367e-01,5.633588433265686035e-01,4.194600582122802734e-01,5.338284373283386230e-01,8.890732377767562866e-02,5.659701228141784668e-01,5.075082182884216309e-01,9.999995231628417969e-01,4.566770493984222412e-01,4.547614455223083496e-01,1.507901847362518311e-01,1.964395344257354736e-01,4.394096434116363525e-01,2.865844964981079102e-01,2.446537762880325317e-01,1.307619512081146240e-01,-1.290955813601613045e-03,4.322651624679565430e-01,3.415918946266174316e-01,1.192125678062438965e-01,8.465238660573959351e-02,8.962248265743255615e-02,6.283573806285858154e-02,3.205177485942840576e-01,4.009579122066497803e-01,2.775570750236511230e-01,2.990514636039733887e-01,3.765280544757843018e-01,3.484552800655364990e-01,-4.163028206676244736e-03,-1.877978593111038208e-01,2.925453782081604004e-01,1.164698302745819092e-01,2.463766336441040039e-01,1.261348426342010498e-01,4.715314880013465881e-02,1.208333894610404968e-01,1.982712894678115845e-01,1.091593876481056213e-01,7.954299449920654297e-02,9.401191771030426025e-02,8.185781538486480713e-02,9.013424068689346313e-02,8.617196977138519287e-02,1.164190620183944702e-01,1.055118739604949951e-01,5.575599521398544312e-02,-1.175828278064727783e-02,-7.862567901611328125e-02,-2.665070816874504089e-02,-7.163462042808532715e-02,3.117578625679016113e-01,4.398163259029388428e-01,4.196906685829162598e-01,2.768440246582031250e-01,6.778217554092407227e-01,3.673691153526306152e-01,4.976608753204345703e-01,4.087773263454437256e-01,3.302495777606964111e-01,1.138478517532348633e-01,3.526479899883270264e-01,2.587009370326995850e-01,3.620568215847015381e-01,3.812224864959716797e-01,3.807924985885620117e-01,4.103291332721710205e-01,2.934685051441192627e-01,2.112144231796264648e-01,3.381057977676391602e-01,3.279729783535003662e-01,3.658027350902557373e-01,3.164022564888000488e-01,1.925407946109771729e-01,3.667638301849365234e-01,2.988488078117370605e-01,3.347018063068389893e-01,7.956627756357192993e-02,3.055727183818817139e-01,4.501736462116241455e-01,2.699745595455169678e-01,2.233621478080749512e-01,2.356567680835723877e-01,4.644875526428222656e-01,3.470293581485748291e-01,1.363324970006942749e-01,3.094197213649749756e-01,2.805068790912628174e-01,2.783946394920349121e-01,-5.530416220426559448e-02,-1.144596114754676819e-01,1.416644901037216187e-01,1.568105071783065796e-01,1.204782575368881226e-01,2.409183233976364136e-01,3.807618021965026855e-01,2.029245793819427490e-01,3.327854275703430176e-01,1.715164333581924438e-01,7.904358953237533569e-02,1.686966419219970703e-02,2.085118591785430908e-01,6.901458650827407837e-02,6.553798168897628784e-02,9.194321930408477783e-02,1.369571387767791748e-01,5.934347212314605713e-02,1.928720176219940186e-01,2.016975581645965576e-01,-5.985418334603309631e-03,-1.846395581960678101e-01
