1.000000715255737305e+00,2.192994952201843262e-01,3.073249384760856628e-02,1.154038235545158386e-01,1.757553815841674805e-01,-5.869691260159015656e-03,1.278595626354217529e-01,1.297018211334943771e-02,2.382096350193023682e-01,-3.768234327435493469e-02,2.599654495716094971e-01,5.702256783843040466e-02,2.134949862957000732e-01,2.315229550004005432e-02,2.906091213226318359e-01,6.991519778966903687e-02,3.137240707874298096e-01,9.719761461019515991e-02,3.109303116798400879e-01,2.549683451652526855e-01,3.975690901279449463e-01,3.880844712257385254e-01,-6.850646808743476868e-03,-4.185100644826889038e-02,4.525844380259513855e-02,1.617298461496829987e-02,1.832405328750610352e-01,1.130581721663475037e-01,1.468342840671539307e-01,1.170576643198728561e-02,2.733831703662872314e-01,1.059140563011169434e-01,2.800541371107101440e-02,-4.910295829176902771e-03,1.974837854504585266e-02,9.460818953812122345e-03,-2.210144102573394775e-01,-3.547123670578002930e-01,-1.104289740324020386e-01,-1.858019381761550903e-01,-2.954018115997314453e-01,-1.244186684489250183e-01,1.562070250511169434e-01,1.460157036781311035e-01,4.536085948348045349e-02,-8.734206669032573700e-03,2.102340012788772583e-01,1.156114339828491211e-01,2.139761596918106079e-01,6.429462879896163940e-02,2.619257271289825439e-01,1.495756804943084717e-01,2.747646272182464600e-01,-1.634839922189712524e-01,2.023088037967681885e-01,6.485544890165328979e-02,6.508001089096069336e-01,7.413233071565628052e-02,2.084614038467407227e-01,1.524854600429534912e-01,3.950056135654449463e-01,4.953093826770782471e-02,3.755842149257659912e-01,-3.357691690325737000e-02,4.059536159038543701e-01,2.034096121788024902e-01,1.697806566953659058e-01,2.605614066123962402e-01,2.613187432289123535e-01,1.437970548868179321e-01,3.017320632934570312e-01,4.083313345909118652e-01,-1.793012768030166626e-01,2.083052098751068115e-01,-1.892851144075393677e-01,-8.179604262113571167e-02,-7.667334377765655518e-02,-7.550101727247238159e-02,3.071841895580291748e-01,5.064025986939668655e-03,3.947977125644683838e-01,1.026414483785629272e-01,2.656963467597961426e-01,-3.889423608779907227e-02,4.784011244773864746e-01,1.016691401600837708e-01,1.666718572378158569e-01,-2.185156792402267456e-01,3.210276663303375244e-01,-7.039587362669408321e-04,2.464016973972320557e-01,-6.868033111095428467e-02,2.011895924806594849e-01,-7.678581774234771729e-02,7.138331979513168335e-02,2.280933260917663574e-01,1.057707965373992920e-01,2.815129458904266357e-01,2.630567848682403564e-01,3.104023933410644531e-01,9.541127085685729980e-02,1.506514698266983032e-01,5.254628509283065796e-02,1.357064694166183472e-01,8.087641745805740356e-02,2.002092748880386353e-01,1.374668180942535400e-01,2.007525712251663208e-01,5.531593784689903259e-02,6.537015736103057861e-02,1.440858393907546997e-01,1.447167843580245972e-01,3.153522014617919922e-01,3.233559131622314453e-01,2.347317188978195190e-01,1.705692708492279053e-01
2.192994952201843262e-01,9.999997019767761230e-01,1.022473573684692383e-01,2.674993276596069336e-01,7.630692422389984131e-02,1.222755983471870422e-01,1.641202718019485474e-01,2.545905113220214844e-01,9.724043309688568115e-02,6.160104274749755859e-02,2.672016918659210205e-01,3.653062880039215088e-01,1.571864485740661621e-01,2.497229874134063721e-01,1.158175468444824219e-01,1.646959036588668823e-01,2.023457139730453491e-01,2.892787754535675049e-01,3.624747991561889648e-01,2.980466783046722412e-01,2.133195847272872925e-01,2.073377370834350586e-01,1.218426674604415894e-01,1.376344263553619385e-01,1.204595863819122314e-01,1.269423961639404297e-01,2.123719900846481323e-01,1.897288411855697632e-01,6.752578914165496826e-02,2.139981389045715332e-01,1.989857852458953857e-01,1.566528528928756714e-01,-2.177390269935131073e-02,3.924069553613662720e-02,2.983516268432140350e-02,8.215747773647308350e-02,-8.005211502313613892e-02,-1.694118976593017578e-02,-7.239691913127899170e-02,1.406463086605072021e-01,-5.698916316032409668e-02,1.709446012973785400e-01,1.935542561113834381e-02,4.884576797485351562e-02,-7.227900624275207520e-02,-7.949318736791610718e-02,-2.444970048964023590e-02,2.047277987003326416e-01,-7.265129685401916504e-02,-4.947421327233314514e-02,-1.698081567883491516e-02,1.462858915328979492e-01,1.164256315678358078e-02,-8.997051045298576355e-03,9.392564743757247925e-02,1.771683692932128906e-01,2.856927216053009033e-01,4.235192239284515381e-01,1.812125444412231445e-01,1.935518532991409302e-01,9.808478504419326782e-02,2.368257939815521240e-01,7.442443817853927612e-02,2.189199030399322510e-01,1.460382640361785889e-01,2.223019748926162720e-01,1.797529608011245728e-01,1.875372380018234253e-01,1.141331046819686890e-01,1.435154080390930176e-01,1.857005059719085693e-01,2.264117002487182617e-01,2.013819664716720581e-02,3.255488574504852295e-01,-2.544506825506687164e-02,1.351817995309829712e-01,1.155411079525947571e-01,2.132268249988555908e-01,1.429103910923004150e-01,1.658127307891845703e-01,1.344023197889328003e-01,2.708241045475006104e-01,3.073605708777904510e-02,-2.524356124922633171e-03,1.966862082481384277e-01,3.306463062763214111e-01,1.190708857029676437e-02,-9.992744773626327515e-02,2.399627566337585449e-01,2.477038800716400146e-01,1.588660478591918945e-01,-2.561232447624206543e-02,7.108103483915328979e-02,-1.540902704000473022e-01,3.527290746569633484e-02,1.091345548629760742e-01,3.260693699121475220e-02,2.330503165721893311e-01,2.524153590202331543e-01,2.906222343444824219e-01,1.453423593193292618e-02,1.543902762932702899e-04,3.714162856340408325e-02,-1.186043396592140198e-02,-1.649260893464088440e-02,-4.642576910555362701e-03,-6.916175037622451782e-02,3.475544229149818420e-02,1.149073690176010132e-01,1.162751540541648865e-01,1.411911696195602417e-01,2.102384418249130249e-01,2.572429478168487549e-01,2.656419277191162109e-01,2.648392021656036377e-01,1.629756987094879150e-01
3.073249384760856628e-02,1.022473573684692383e-01,9.999997615814208984e-01,5.703668594360351562e-01,1.109826564788818359e-01,-1.237263903021812439e-01,6.603391170501708984e-01,2.816198468208312988e-01,4.794355109333992004e-02,-1.710592806339263916e-01,1.830598413944244385e-01,-1.734091527760028839e-02,3.634784519672393799e-01,-2.709242887794971466e-02,1.780037134885787964e-01,-4.809240251779556274e-02,7.075195899233222008e-04,-1.069257408380508423e-01,1.856203973293304443e-01,4.957839101552963257e-02,1.793875694274902344e-01,1.372160911560058594e-01,5.119597315788269043e-01,4.980674386024475098e-01,-7.432509213685989380e-02,-1.760183088481426239e-02,1.661090552806854248e-01,1.475407034158706665e-01,1.238261610269546509e-01,-7.000796031206846237e-03,2.577405571937561035e-01,2.229124158620834351e-01,3.831108659505844116e-02,8.692158758640289307e-02,1.100398600101470947e-01,7.008530199527740479e-02,-1.325602829456329346e-02,1.368481758981943130e-02,8.570213615894317627e-02,2.327309921383857727e-02,4.636649787425994873e-02,1.962614804506301880e-01,-1.078419201076030731e-02,1.362280249595642090e-01,-9.796729311347007751e-03,6.512983888387680054e-02,4.578100517392158508e-02,2.570525705814361572e-01,-1.098444759845733643e-01,-3.757743164896965027e-03,-1.445598714053630829e-02,-8.036299049854278564e-02,4.290679097175598145e-02,7.651542872190475464e-02,2.788881063461303711e-01,1.252586692571640015e-01,1.041735261678695679e-01,1.053185462951660156e-01,8.703676611185073853e-02,3.116392530500888824e-02,1.200933009386062622e-01,6.405126303434371948e-02,2.058880329132080078e-01,1.100446209311485291e-01,1.011083368211984634e-03,-1.127642244100570679e-01,1.273738741874694824e-01,9.014604240655899048e-02,8.727406384423375130e-04,1.127473041415214539e-01,3.403769135475158691e-01,1.980051547288894653e-01,-3.408603370189666748e-02,-2.879312075674533844e-02,-4.407003894448280334e-02,-1.435256153345108032e-01,1.081877797842025757e-01,2.122873812913894653e-02,-7.109533529728651047e-03,-9.989176690578460693e-02,-1.794133149087429047e-02,-1.486547887325286865e-01,1.538683176040649414e-01,-6.722019612789154053e-02,-6.275283545255661011e-02,-1.602141857147216797e-01,1.862829667516052723e-03,-5.510894954204559326e-02,-3.806817159056663513e-02,-3.572352975606918335e-02,3.682521879673004150e-01,1.625677645206451416e-01,3.021719455718994141e-01,-4.546634480357170105e-02,2.018266022205352783e-01,1.280385702848434448e-01,2.811618447303771973e-01,1.148222833871841431e-01,3.539489507675170898e-01,2.557684779167175293e-01,2.342255413532257080e-02,8.212246000766754150e-02,4.951030761003494263e-02,1.010018121451139450e-02,2.102656066417694092e-01,1.130544692277908325e-01,1.342536211013793945e-01,3.447161987423896790e-02,2.428921014070510864e-01,2.961453497409820557e-01,2.255155742168426514e-01,1.888518333435058594e-01,1.758078038692474365e-01,2.473226785659790039e-01,2.600921988487243652e-01,1.738786995410919189e-01
1.154038235545158386e-01,2.674993276596069336e-01,5.703668594360351562e-01,9.999997615814208984e-01,-1.406819908879697323e-03,-9.872064739465713501e-02,3.855652511119842529e-01,5.001133084297180176e-01,-2.623155526816844940e-02,-5.533333122730255127e-02,2.052693068981170654e-01,2.203666418790817261e-01,2.070649266242980957e-01,2.373725324869155884e-01,1.306427717208862305e-01,1.429742872714996338e-01,1.709122955799102783e-01,1.602691411972045898e-01,2.964238524436950684e-01,2.152897715568542480e-01,1.878709048032760620e-01,2.267473787069320679e-01,3.588368892669677734e-01,5.125701427459716797e-01,-6.720691174268722534e-02,1.708239503204822540e-02,6.758462637662887573e-02,1.557290256023406982e-01,7.439681887626647949e-02,1.141984462738037109e-01,1.236144825816154480e-01,2.007146775722503662e-01,-2.466510049998760223e-02,5.070072785019874573e-02,5.068280175328254700e-02,3.196409961674362421e-04,-1.261972486972808838e-01,-1.220087707042694092e-01,-3.548862412571907043e-02,-3.160098195075988770e-02,-6.560431420803070068e-02,1.616423875093460083e-01,1.376139968633651733e-01,1.418803483247756958e-01,1.073159575462341309e-01,1.463251709938049316e-01,-7.174447178840637207e-02,1.315904706716537476e-01,-6.504787597805261612e-03,1.210757866501808167e-01,9.019087255001068115e-02,6.926131248474121094e-02,-6.164895743131637573e-02,-1.290802285075187683e-02,5.534540116786956787e-02,1.452618986368179321e-01,1.105733290314674377e-01,1.192419454455375671e-01,1.282731145620346069e-01,9.201454930007457733e-03,1.536702662706375122e-01,1.894496381282806396e-01,3.897392749786376953e-02,1.925838291645050049e-01,8.462159335613250732e-02,8.055127412080764771e-02,1.079724207520484924e-01,1.162577122449874878e-01,5.644320324063301086e-02,2.828479371964931488e-02,2.990920245647430420e-01,2.512645721435546875e-01,-1.306421756744384766e-01,2.984334155917167664e-02,-1.612765938043594360e-01,-1.168077215552330017e-01,-4.709700495004653931e-02,-8.404091000556945801e-02,1.043862104415893555e-01,-5.498801171779632568e-02,7.586743682622909546e-02,6.010449677705764771e-02,2.187716029584407806e-02,4.090040549635887146e-02,3.097903542220592499e-02,3.063083067536354065e-02,-1.334822028875350952e-01,-3.850457817316055298e-02,6.722544878721237183e-02,1.011834889650344849e-01,2.000676095485687256e-01,2.193350642919540405e-01,1.200921535491943359e-01,-5.608718842267990112e-02,6.153399497270584106e-02,1.553470194339752197e-01,5.803586915135383606e-02,1.258428841829299927e-01,1.937948465347290039e-01,3.059918880462646484e-01,2.976123616099357605e-02,1.247852370142936707e-01,1.160324960947036743e-01,6.380245089530944824e-02,2.900947332382202148e-01,1.882447451353073120e-01,9.639026969671249390e-02,4.578770697116851807e-02,6.508987396955490112e-02,1.028474792838096619e-01,-1.163368485867977142e-02,-1.773287914693355560e-02,8.824031800031661987e-02,1.130170375108718872e-01,1.234332397580146790e-01,1.397616714239120483e-01
1.757553815841674805e-01,7.630692422389984131e-02,1.109826564788818359e-01,-1.406819908879697323e-03,9.999995827674865723e-01,4.744457900524139404e-01,9.811823070049285889e-02,6.207368895411491394e-02,6.300221085548400879e-01,3.652666807174682617e-01,2.671129070222377777e-02,-1.811413913965225220e-01,1.001102179288864136e-01,5.094568058848381042e-02,4.194249212741851807e-01,1.135283112525939941e-01,-5.210005491971969604e-02,-1.913605928421020508e-01,8.567236363887786865e-02,8.973515033721923828e-02,3.829190433025360107e-01,3.538324236869812012e-01,2.650754451751708984e-01,1.410875916481018066e-01,5.447463393211364746e-01,4.271320402622222900e-01,5.886570215225219727e-01,4.673486053943634033e-01,-1.380979120731353760e-01,-2.331962063908576965e-02,3.411589860916137695e-01,2.903873324394226074e-01,1.691419817507266998e-02,1.048341300338506699e-02,-2.862806022167205811e-01,-2.042769938707351685e-01,-3.343524038791656494e-01,-1.806329190731048584e-01,-1.859695464372634888e-01,-1.452169418334960938e-01,-1.301096379756927490e-01,1.446602940559387207e-01,-6.233828607946634293e-03,1.072729304432868958e-01,-1.225760057568550110e-01,-1.114332005381584167e-01,1.194139346480369568e-01,2.423760443925857544e-01,-1.034451723098754883e-01,-1.098219528794288635e-01,-9.645926207304000854e-02,5.794620513916015625e-02,2.559580802917480469e-01,1.994035392999649048e-01,3.509115874767303467e-01,1.337657123804092407e-01,1.992371529340744019e-01,3.052534759044647217e-01,-3.677098138723522425e-04,2.167143970727920532e-01,-6.859663873910903931e-02,1.097129564732313156e-02,1.610475480556488037e-01,4.952554777264595032e-02,-7.646469026803970337e-02,-7.376705855131149292e-02,3.199569508433341980e-02,1.196842268109321594e-01,2.946036495268344879e-02,2.264400869607925415e-01,1.261480599641799927e-01,2.210125327110290527e-01,-1.953836679458618164e-01,1.399522870779037476e-01,-1.739398092031478882e-01,-5.609186366200447083e-02,-8.335597813129425049e-02,-2.641835249960422516e-02,-3.082938492298126221e-02,-1.094657853245735168e-01,-2.133647911250591278e-02,-1.102822721004486084e-01,4.177325665950775146e-01,2.108206599950790405e-01,7.409624010324478149e-02,-7.385639101266860962e-02,4.190386831760406494e-01,1.638956367969512939e-01,1.083473861217498779e-01,7.464102935045957565e-03,1.735992878675460815e-01,1.313283760100603104e-02,1.602723300457000732e-01,6.484884023666381836e-02,-1.956858299672603607e-02,1.928317826241254807e-03,2.112679630517959595e-01,2.192279100418090820e-01,2.034523785114288330e-01,1.200722828507423401e-01,5.109888687729835510e-02,2.324545569717884064e-02,-5.719089880585670471e-03,5.129413306713104248e-02,-3.248374164104461670e-02,6.072324886918067932e-02,3.270455449819564819e-02,1.217762380838394165e-01,1.632051020860671997e-01,1.466826349496841431e-01,3.032375574111938477e-01,3.115451931953430176e-01,2.434206157922744751e-01,3.181224763393402100e-01,2.084998786449432373e-01,1.156565770506858826e-01
-5.869691260159015656e-03,1.222755983471870422e-01,-1.237263903021812439e-01,-9.872064739465713501e-02,4.744457900524139404e-01,9.999997615814208984e-01,-1.109692528843879700e-01,2.887305319309234619e-01,1.644860506057739258e-01,4.500797688961029053e-01,-1.339800953865051270e-01,1.333467662334442139e-01,-1.145489290356636047e-01,3.166582286357879639e-01,6.824096292257308960e-02,1.055992022156715393e-01,-5.548515543341636658e-02,3.112455829977989197e-02,-2.456723526120185852e-02,-1.278216671198606491e-02,2.802212834358215332e-01,2.935054898262023926e-01,2.186401486396789551e-01,2.382552623748779297e-01,4.771355092525482178e-01,6.126077175140380859e-01,5.577624440193176270e-01,5.853270888328552246e-01,-1.858326345682144165e-01,1.183516085147857666e-01,2.442596405744552612e-01,3.114673793315887451e-01,6.430391222238540649e-02,8.503977954387664795e-02,-1.321904957294464111e-01,-2.131327390670776367e-01,-1.672692000865936279e-01,-1.065920740365982056e-01,-1.887204647064208984e-01,-1.017823442816734314e-01,-1.322538107633590698e-01,1.256647855043411255e-01,5.365074425935745239e-02,1.792275905609130859e-01,-7.665417343378067017e-02,-3.339132294058799744e-02,7.596737891435623169e-02,1.913960576057434082e-01,-1.043504551053047180e-01,1.936123333871364594e-02,-4.555154219269752502e-02,1.644429117441177368e-01,1.175994575023651123e-01,2.893438339233398438e-01,3.664553910493850708e-02,1.176652312278747559e-01,5.327351763844490051e-02,3.568977117538452148e-01,2.177651971578598022e-02,1.218987405300140381e-01,-2.020831406116485596e-01,3.552960231900215149e-02,-1.489029917865991592e-02,2.333531230688095093e-01,-1.281719505786895752e-01,2.612237446010112762e-02,-4.416999581735581160e-04,1.099641695618629456e-01,-9.259489923715591431e-02,-2.047595754265785217e-02,-6.977228820323944092e-02,1.669073551893234253e-01,-1.800006031990051270e-01,1.902731657028198242e-01,-1.418318748474121094e-01,4.224225506186485291e-02,-1.392963528633117676e-01,-2.192942611873149872e-02,-1.159593183547258377e-02,6.040868535637855530e-02,-1.011334825307130814e-02,2.308671027421951294e-01,2.988122217357158661e-02,3.924754858016967773e-01,7.034244388341903687e-02,2.394409626722335815e-01,1.920331567525863647e-01,3.685470521450042725e-01,-2.447334304451942444e-02,1.773733943700790405e-01,-9.363979101181030273e-02,4.940048605203628540e-02,-1.256111562252044678e-01,1.705695092678070068e-01,-6.575097143650054932e-02,-1.469245404005050659e-01,7.188349962234497070e-02,2.743634581565856934e-01,-2.159464731812477112e-02,1.646844595670700073e-01,6.638841331005096436e-02,3.161071613430976868e-02,8.164389431476593018e-02,1.716468483209609985e-01,1.323916316032409668e-01,1.947169899940490723e-01,8.405084908008575439e-02,1.486186236143112183e-01,9.117650985717773438e-02,-5.748981237411499023e-02,2.118740528821945190e-01,3.414887785911560059e-01,1.677386611700057983e-01,-5.451143905520439148e-02,-1.450314465910196304e-02,-3.241972252726554871e-02
1.278595626354217529e-01,1.641202718019485474e-01,6.603391170501708984e-01,3.855652511119842529e-01,9.811823070049285889e-02,-1.109692528843879700e-01,9.999998211860656738e-01,3.318559229373931885e-01,1.326422095298767090e-01,-9.287042915821075439e-02,2.526484131813049316e-01,-7.890312001109123230e-03,6.771603822708129883e-01,4.377362132072448730e-02,3.025732040405273438e-01,-4.073302820324897766e-02,6.473030149936676025e-02,-5.730681866407394409e-02,2.066056281328201294e-01,1.035643815994262695e-01,1.881426870822906494e-01,1.596538871526718140e-01,3.900499045848846436e-01,3.748729228973388672e-01,-1.152117997407913208e-01,-5.178524926304817200e-02,1.711744368076324463e-01,1.647206246852874756e-01,2.442907541990280151e-01,2.250196598470211029e-02,3.550300598144531250e-01,2.100321501493453979e-01,6.697444617748260498e-02,1.358488649129867554e-01,1.109857950359582901e-02,3.639605268836021423e-02,-1.586399599909782410e-02,-9.282647818326950073e-02,6.915777176618576050e-02,-3.761994093656539917e-02,-5.102886259555816650e-02,6.804337352514266968e-02,-7.698608189821243286e-02,2.370223589241504669e-02,-6.311626732349395752e-02,-2.863726764917373657e-02,-8.316018432378768921e-02,1.673634648323059082e-01,-7.505095750093460083e-02,-8.502291887998580933e-02,-2.265023998916149139e-02,-8.011692017316818237e-02,1.121549680829048157e-01,5.946933850646018982e-02,2.598249614238739014e-01,9.449179470539093018e-02,1.781573742628097534e-01,9.755644202232360840e-02,1.995939761400222778e-01,4.550459235906600952e-02,2.039033472537994385e-01,1.196036711335182190e-01,3.153718113899230957e-01,1.137254610657691956e-01,7.391529530286788940e-02,-6.593853235244750977e-02,1.065802127122879028e-01,9.495240449905395508e-02,3.110883757472038269e-02,1.199241802096366882e-01,3.831060826778411865e-01,2.539858222007751465e-01,3.036026470363140106e-02,-6.343168206512928009e-03,-2.089213021099567413e-02,-1.481982022523880005e-01,7.191119343042373657e-02,-1.738047972321510315e-02,2.106127701699733734e-02,-1.213900744915008545e-01,8.115323632955551147e-02,-1.755032390356063843e-01,2.550106942653656006e-01,-2.770759724080562592e-02,2.246755175292491913e-02,-1.897591501474380493e-01,1.258867830038070679e-01,-5.080842226743698120e-02,4.138368740677833557e-02,-7.063677906990051270e-02,3.488532602787017822e-01,1.304251402616500854e-01,2.751823961734771729e-01,-1.292832046747207642e-01,1.253387033939361572e-01,6.998722255229949951e-02,1.606635302305221558e-01,4.795356467366218567e-02,2.128289639949798584e-01,1.573054641485214233e-01,-2.012670971453189850e-02,-1.090053282678127289e-02,-2.412343584001064301e-02,-9.641411155462265015e-02,1.065293028950691223e-01,3.079900518059730530e-02,1.235779449343681335e-01,8.484582416713237762e-03,1.557875573635101318e-01,1.906710267066955566e-01,2.052953541278839111e-01,1.515012532472610474e-01,1.217003911733627319e-01,1.950225979089736938e-01,1.847760975360870361e-01,6.053570285439491272e-02
1.297018211334943771e-02,2.545905113220214844e-01,2.816198468208312988e-01,5.001133084297180176e-01,6.207368895411491394e-02,2.887305319309234619e-01,3.318559229373931885e-01,1.000000476837158203e+00,-3.176383674144744873e-02,2.229169160127639771e-01,9.585941582918167114e-02,3.971469700336456299e-01,1.987091451883316040e-01,5.999713540077209473e-01,1.021752730011940002e-01,2.132603079080581665e-01,9.996270760893821716e-03,1.606133878231048584e-01,2.011645399034023285e-02,-2.600825764238834381e-02,2.424556016921997070e-01,2.943490743637084961e-01,3.557141721248626709e-01,5.298182368278503418e-01,6.522554159164428711e-02,2.925700545310974121e-01,2.750570476055145264e-01,4.448709189891815186e-01,6.490519270300865173e-03,2.958337664604187012e-01,2.819649875164031982e-01,4.158801138401031494e-01,6.286211311817169189e-02,1.570085883140563965e-01,-2.847316674888134003e-02,-9.209727495908737183e-02,-1.471403390169143677e-01,-2.048580497503280640e-01,-1.154667884111404419e-01,-1.071436926722526550e-01,-1.741283982992172241e-01,2.030352316796779633e-02,-5.020837113261222839e-02,-1.659430563449859619e-02,-1.016440689563751221e-01,-6.967318803071975708e-02,-2.178035378456115723e-01,1.998705565929412842e-01,-1.686529666185379028e-01,-7.925348728895187378e-02,-1.158216670155525208e-01,1.484344899654388428e-02,2.911737561225891113e-02,2.779043018817901611e-01,-3.841587156057357788e-02,2.282444536685943604e-01,3.143231570720672607e-02,2.756972908973693848e-01,1.288573145866394043e-01,-1.458346471190452576e-02,-2.513827942311763763e-02,2.036506235599517822e-01,1.263751536607742310e-01,5.246921181678771973e-01,-8.527567982673645020e-02,4.932864010334014893e-02,4.731207340955734253e-02,2.876547724008560181e-02,-1.038270145654678345e-01,-7.553240656852722168e-02,1.924536079168319702e-01,3.309602141380310059e-01,-1.761419177055358887e-01,6.904075294733047485e-02,-1.335794329643249512e-01,-4.768777638673782349e-02,-1.389061808586120605e-01,-1.251890063285827637e-01,5.043557658791542053e-02,-8.603918552398681641e-02,9.681113995611667633e-03,1.407027244567871094e-01,2.802442200481891632e-02,3.984395563602447510e-01,-6.305685639381408691e-02,9.562638401985168457e-02,9.913784265518188477e-02,2.767257392406463623e-01,-6.004946678876876831e-02,1.421459466218948364e-01,2.324086725711822510e-01,3.731576204299926758e-01,7.640539854764938354e-02,-1.023662462830543518e-01,-3.136631101369857788e-02,-1.246116980910301208e-01,-1.953660137951374054e-02,1.590963751077651978e-01,4.084005206823348999e-02,2.539586126804351807e-01,-5.306216329336166382e-02,-9.094475209712982178e-02,-1.170744094997644424e-02,-6.531798839569091797e-02,2.425135523080825806e-01,1.599675267934799194e-01,9.973236173391342163e-02,5.405595153570175171e-02,1.349390298128128052e-01,1.043457090854644775e-01,1.391324102878570557e-01,1.244184970855712891e-01,1.449916064739227295e-01,9.444119781255722046e-02,1.126481443643569946e-01,8.987414836883544922e-02
2.382096350193023682e-01,9.724043309688568115e-02,4.794355109333992004e-02,-2.623155526816844940e-02,6.300221085548400879e-01,1.644860506057739258e-01,1.326422095298767090e-01,-3.176383674144744873e-02,1.000000119209289551e+00,4.133032560348510742e-01,2.741644978523254395e-01,-1.457395702600479126e-01,2.805873453617095947e-01,3.574753180146217346e-02,6.377065777778625488e-01,3.050307929515838623e-01,1.464907675981521606e-01,-5.196592211723327637e-02,1.491806358098983765e-01,1.230150982737541199e-01,3.040755391120910645e-01,2.803557813167572021e-01,-7.017695158720016479e-02,-1.691290289163589478e-01,2.572268545627593994e-01,1.436279416084289551e-01,4.147301912307739258e-01,2.763945162296295166e-01,9.597559273242950439e-02,1.129277497529983521e-01,3.286179602146148682e-01,2.213633209466934204e-01,-4.380047693848609924e-02,-6.063384562730789185e-02,-2.560947239398956299e-01,-1.433582305908203125e-01,-2.258037179708480835e-01,-8.056038618087768555e-02,-1.021994352340698242e-01,-7.853870093822479248e-02,-1.762248016893863678e-02,4.371950030326843262e-02,-4.716669768095016479e-02,-5.860073491930961609e-02,-1.156252101063728333e-01,-1.476454734802246094e-01,3.335437504574656487e-03,1.393570005893707275e-01,-6.913449615240097046e-02,-1.546327918767929077e-01,-9.874859452247619629e-02,2.380121313035488129e-02,1.412775814533233643e-01,8.511399850249290466e-03,3.148065805435180664e-01,1.242732629179954529e-01,2.407044470310211182e-01,1.700837761163711548e-01,2.371789328753948212e-02,2.019805461168289185e-01,1.099204719066619873e-01,7.252454757690429688e-02,1.916356533765792847e-01,-2.600396424531936646e-02,3.895391151309013367e-02,2.856866456568241119e-02,6.083675194531679153e-03,6.912973523139953613e-02,5.958992242813110352e-02,1.997127979993820190e-01,1.816760152578353882e-01,1.989036947488784790e-01,-6.740172207355499268e-02,1.356305032968521118e-01,-1.054813787341117859e-01,-7.917377352714538574e-02,-5.887041334062814713e-03,4.773131571710109711e-03,1.054168939590454102e-01,-5.977701395750045776e-02,1.168022006750106812e-01,-1.615313589572906494e-01,6.451637744903564453e-01,1.666399389505386353e-01,1.211674138903617859e-01,-1.195695474743843079e-01,4.280851185321807861e-01,-4.737604781985282898e-02,2.478044927120208740e-01,-9.433744475245475769e-03,2.841922640800476074e-01,3.094560280442237854e-02,2.891514599323272705e-01,-3.297455981373786926e-02,-6.842199712991714478e-02,1.196492537856101990e-01,7.547948509454727173e-02,4.218767583370208740e-02,1.886645257472991943e-01,7.553496956825256348e-02,1.479695923626422882e-02,1.957536488771438599e-02,-9.374585747718811035e-02,-9.565500169992446899e-02,-1.806675791740417480e-01,-7.272332161664962769e-02,-2.698969654738903046e-02,-1.680393330752849579e-02,1.278605759143829346e-01,1.798384487628936768e-01,8.831221610307693481e-02,5.239155516028404236e-02,1.444820761680603027e-01,3.878295421600341797e-01,3.292091786861419678e-01,2.285090684890747070e-01
-3.768234327435493469e-02,6.160104274749755859e-02,-1.710592806339263916e-01,-5.533333122730255127e-02,3.652666807174682617e-01,4.500797688961029053e-01,-9.287042915821075439e-02,2.229169160127639771e-01,4.133032560348510742e-01,9.999999403953552246e-01,7.585265673696994781e-03,3.044111467897891998e-02,2.191207185387611389e-02,2.379114478826522827e-01,2.306199371814727783e-01,4.055684804916381836e-01,5.734822247177362442e-03,6.585480272769927979e-02,6.025223806500434875e-02,-3.479833528399467468e-02,8.729204535484313965e-02,1.340985447168350220e-01,-1.128755137324333191e-01,-8.203413337469100952e-02,1.957527101039886475e-01,2.327422499656677246e-01,3.331951498985290527e-01,4.196532964706420898e-01,1.355723757296800613e-02,2.232632339000701904e-01,2.231598496437072754e-01,2.781170606613159180e-01,2.127252984791994095e-03,-7.009880617260932922e-03,-1.382950544357299805e-01,-7.789410650730133057e-02,-5.686176195740699768e-02,8.297892659902572632e-02,-5.608686804771423340e-02,1.373733673244714737e-02,1.028131023049354553e-01,6.993958353996276855e-02,-1.908340863883495331e-02,-6.308227032423019409e-02,-1.232220754027366638e-01,-1.551090478897094727e-01,-7.174890488386154175e-02,1.716196537017822266e-01,-1.637882888317108154e-01,-2.305057793855667114e-01,-1.767357289791107178e-01,4.259707406163215637e-02,6.929686665534973145e-02,2.512784898281097412e-01,5.706848204135894775e-02,2.195838689804077148e-01,1.762898638844490051e-02,2.420029193162918091e-01,1.573624834418296814e-02,9.527027606964111328e-02,-9.933062642812728882e-02,2.487629279494285583e-02,-9.408078156411647797e-03,1.883442550897598267e-01,-1.444437801837921143e-01,-6.654127687215805054e-02,-6.364897638559341431e-02,-7.336866110563278198e-02,-4.380043223500251770e-02,-4.184768348932266235e-02,5.804283916950225830e-02,7.795695215463638306e-02,-1.200474053621292114e-02,9.428147971630096436e-02,-7.550307549536228180e-03,1.872070319950580597e-02,-1.090788561850786209e-02,2.411887422204017639e-02,5.972466897219419479e-03,4.065463319420814514e-02,-6.524220854043960571e-02,1.372171565890312195e-02,2.571051418781280518e-01,4.854285717010498047e-01,-2.850400470197200775e-02,5.735721811652183533e-02,2.928789556026458740e-01,3.465867638587951660e-01,4.155552014708518982e-02,1.702682375907897949e-01,-5.558759346604347229e-02,2.028861343860626221e-01,-3.075838647782802582e-02,8.042402565479278564e-03,-1.142749041318893433e-01,-3.950517997145652771e-02,-1.036780420690774918e-02,1.239019855856895447e-01,-5.931796506047248840e-02,3.361366689205169678e-03,-6.910356879234313965e-02,-4.219031333923339844e-02,-1.530824452638626099e-01,-1.346859037876129150e-01,-1.489714831113815308e-01,-7.591898739337921143e-02,-4.409321118146181107e-03,-6.590250879526138306e-03,9.056223183870315552e-02,5.755879357457160950e-02,7.092113047838211060e-02,1.357894986867904663e-01,1.060223430395126343e-01,7.160831987857818604e-02,1.550999581813812256e-01,2.635144442319869995e-02
2.599654495716094971e-01,2.672016918659210205e-01,1.830598413944244385e-01,2.052693068981170654e-01,2.671129070222377777e-02,-1.339800953865051270e-01,2.526484131813049316e-01,9.585941582918167114e-02,2.741644978523254395e-01,7.585265673696994781e-03,9.999999403953552246e-01,3.895947039127349854e-01,4.504589438438415527e-01,2.838090062141418457e-01,3.311712443828582764e-01,3.404590785503387451e-01,5.520116686820983887e-01,4.274872541427612305e-01,2.396868318319320679e-01,7.181181013584136963e-02,2.415562272071838379e-01,2.423185408115386963e-01,-1.085604876279830933e-01,-9.035039693117141724e-02,-2.705493476241827011e-03,-2.589227072894573212e-02,1.703784763813018799e-01,6.955184042453765869e-02,4.503672122955322266e-01,3.210680782794952393e-01,2.708272635936737061e-01,1.576032936573028564e-01,-2.940625417977571487e-03,2.001469768583774567e-02,-1.039382740855216980e-01,-8.156923204660415649e-02,-2.973861433565616608e-02,2.499143406748771667e-02,7.625926285982131958e-02,5.995666980743408203e-02,-1.419770810753107071e-02,2.223620377480983734e-02,-6.546640396118164062e-02,-1.176620423793792725e-01,-1.012158691883087158e-01,-9.341620653867721558e-02,-2.015683203935623169e-01,-3.544860705733299255e-02,-7.787206023931503296e-02,-1.867514997720718384e-01,-1.565322577953338623e-01,-6.334315240383148193e-02,-1.131364554166793823e-01,-1.805248260498046875e-01,2.058567851781845093e-02,3.031103871762752533e-02,1.697273254394531250e-01,7.319819182157516479e-02,-7.045924663543701172e-02,-1.469134390354156494e-01,2.850683219730854034e-02,7.363387942314147949e-02,2.037536352872848511e-01,5.300491675734519958e-02,3.409584611654281616e-02,1.573136597871780396e-01,-7.063328474760055542e-02,-2.082940749824047089e-02,-2.955274097621440887e-02,-2.481510303914546967e-02,1.353586018085479736e-01,1.624583750963211060e-01,-7.226776797324419022e-03,1.491667926311492920e-01,-8.010358363389968872e-02,-8.613144606351852417e-02,1.747137121856212616e-02,8.633674122393131256e-03,3.697767853736877441e-01,1.872638612985610962e-01,4.746899008750915527e-01,2.535929381847381592e-01,3.480671644210815430e-01,1.468716748058795929e-02,3.679634928703308105e-01,3.212701082229614258e-01,-4.339804872870445251e-02,-2.450835108757019043e-01,4.926136732101440430e-01,1.882686316967010498e-01,3.184811472892761230e-01,1.868738234043121338e-02,2.434469759464263916e-01,-1.363782137632369995e-01,-9.689424186944961548e-03,1.602315306663513184e-01,-1.062094271183013916e-01,-8.868861943483352661e-02,1.338515728712081909e-01,1.640887707471847534e-01,6.346989423036575317e-02,4.417572915554046631e-02,3.829055652022361755e-02,-7.324888370931148529e-03,8.584002032876014709e-03,3.281584940850734711e-03,-1.674689538776874542e-02,-5.153519287705421448e-02,6.422705203294754028e-02,1.840439625084400177e-02,-1.284138262271881104e-01,-1.501653492450714111e-01,3.178399801254272461e-02,2.215333580970764160e-01,2.237893640995025635e-01,1.879624724388122559e-01
5.702256783843040466e-02,3.653062880039215088e-01,-1.734091527760028839e-02,2.203666418790817261e-01,-1.811413913965225220e-01,1.333467662334442139e-01,-7.890312001109123230e-03,3.971469700336456299e-01,-1.457395702600479126e-01,3.044111467897891998e-02,3.895947039127349854e-01,1.000000357627868652e+00,6.169683486223220825e-02,5.255648493766784668e-01,-5.021150782704353333e-02,1.926009804010391235e-01,2.410975694656372070e-01,4.624208211898803711e-01,1.238035038113594055e-01,1.856402866542339325e-02,1.108941212296485901e-01,1.337366402149200439e-01,-3.992893174290657043e-02,1.145066469907760620e-01,1.035459488630294800e-01,2.015535086393356323e-01,3.287572413682937622e-02,9.729696065187454224e-02,1.280944794416427612e-01,2.847979664802551270e-01,1.107233688235282898e-01,1.863476783037185669e-01,5.356519296765327454e-02,1.232009232044219971e-01,-4.029109328985214233e-02,-8.912698179483413696e-02,2.409967407584190369e-02,9.262606501579284668e-03,4.908737726509571075e-03,1.172222569584846497e-01,-1.026199012994766235e-01,-5.480513721704483032e-02,-9.569937363266944885e-03,-7.713370770215988159e-02,-9.737531840801239014e-02,-7.203398644924163818e-02,-2.162539213895797729e-01,-8.533458411693572998e-02,-1.655450612306594849e-01,-6.725406646728515625e-02,-1.043220832943916321e-01,-2.467668242752552032e-02,-2.354134768247604370e-01,-1.028179153800010681e-01,-2.818107903003692627e-01,2.504391781985759735e-02,-1.422636210918426514e-02,9.392321109771728516e-02,-3.612579777836799622e-02,-2.549813985824584961e-01,-1.453295350074768066e-01,4.489316418766975403e-02,-1.463218964636325836e-02,2.396254241466522217e-01,-4.125531762838363647e-02,1.398372948169708252e-01,-1.025125980377197266e-01,-1.354660987854003906e-01,-2.013491392135620117e-01,-2.453847229480743408e-01,-1.259697526693344116e-01,5.647680163383483887e-02,-8.211974054574966431e-02,1.075662150979042053e-01,-3.966590762138366699e-02,7.455523312091827393e-02,-1.263894885778427124e-01,-8.720114827156066895e-02,1.454041749238967896e-01,1.863340288400650024e-01,2.474017739295959473e-01,4.476025104522705078e-01,-1.053788810968399048e-01,7.035688310861587524e-02,1.718340814113616943e-01,4.223333597183227539e-01,-1.912520974874496460e-01,-7.194901257753372192e-02,2.160511016845703125e-01,2.704270780086517334e-01,9.953693300485610962e-02,7.005698978900909424e-02,-1.335152238607406616e-02,-5.036897212266921997e-02,-8.855538070201873779e-02,-7.660631090402603149e-03,-1.871818900108337402e-01,4.663137719035148621e-03,4.533333703875541687e-03,1.792056411504745483e-01,8.388446271419525146e-02,4.793357476592063904e-02,1.331101059913635254e-01,8.397429436445236206e-02,1.563479155302047729e-01,9.099820256233215332e-02,-3.077751025557518005e-02,3.357948362827301025e-02,-4.418278113007545471e-02,-9.065926074981689453e-02,-1.895375400781631470e-01,-9.255617856979370117e-02,5.730533599853515625e-02,-1.519508846104145050e-02,1.079380791634321213e-02,5.792273674160242081e-03
2.134949862957000732e-01,1.571864485740661621e-01,3.634784519672393799e-01,2.070649266242980957e-01,1.001102179288864136e-01,-1.145489290356636047e-01,6.771603822708129883e-01,1.987091451883316040e-01,2.805873453617095947e-01,2.191207185387611389e-02,4.504589438438415527e-01,6.169683486223220825e-02,9.999997615814208984e-01,1.777999848127365112e-01,4.267444312572479248e-01,1.555216908454895020e-01,2.529924809932708740e-01,1.022564768791198730e-01,1.884428262710571289e-01,7.038814574480056763e-02,2.256161123514175415e-01,2.234803289175033569e-01,1.240663453936576843e-01,1.227273717522621155e-01,-8.524832129478454590e-02,-7.235795259475708008e-02,1.728544980287551880e-01,1.367053687572479248e-01,4.250225126743316650e-01,1.730066537857055664e-01,3.913564682006835938e-01,1.998932063579559326e-01,-1.686454564332962036e-02,2.077260799705982208e-02,-7.798068225383758545e-02,-2.535978145897388458e-02,-4.553401470184326172e-02,-4.888949915766716003e-02,2.547283470630645752e-02,-4.356719925999641418e-02,-7.240569591522216797e-02,-1.707746647298336029e-02,-2.911758609116077423e-02,-6.395486742258071899e-02,-2.897058613598346710e-02,-1.971384137868881226e-02,-1.515674293041229248e-01,8.235751837491989136e-02,-1.544217392802238464e-02,-1.297867745161056519e-01,-6.680329144001007080e-02,-6.272671371698379517e-02,2.867327816784381866e-02,-2.672199532389640808e-02,1.441373527050018311e-01,4.644588381052017212e-02,1.737288236618041992e-01,7.025941461324691772e-02,1.572515368461608887e-01,1.294464711099863052e-02,1.246538236737251282e-01,1.140103712677955627e-01,2.894048988819122314e-01,6.488279253244400024e-02,6.858108192682266235e-02,3.782430291175842285e-02,6.313060969114303589e-02,1.069811284542083740e-01,9.339466691017150879e-02,6.586993485689163208e-02,3.531650602817535400e-01,2.460800260305404663e-01,8.272145688533782959e-02,1.048557236790657043e-01,-2.638269588351249695e-02,-1.070180535316467285e-01,8.668350428342819214e-02,4.791755974292755127e-02,1.474870145320892334e-01,-1.250740792602300644e-02,2.773383557796478271e-01,-4.477566853165626526e-02,3.912270665168762207e-01,3.279285505414009094e-02,2.240672856569290161e-01,8.597102947533130646e-03,9.616582095623016357e-02,-1.303724944591522217e-01,3.065024912357330322e-01,4.932539165019989014e-02,2.538881003856658936e-01,8.051221072673797607e-02,1.911469250917434692e-01,-1.420474499464035034e-01,1.730520837008953094e-02,1.386648714542388916e-01,-2.029336988925933838e-02,-4.778699576854705811e-02,6.289645284414291382e-02,6.806784868240356445e-02,-8.246754109859466553e-02,1.710141263902187347e-02,-6.735029071569442749e-02,-8.489245921373367310e-02,-1.700724661350250244e-02,-2.297235466539859772e-02,5.108134448528289795e-02,-7.399468123912811279e-02,8.049216866493225098e-02,3.819461166858673096e-02,3.215299546718597412e-02,1.918295025825500488e-02,7.583763450384140015e-02,1.860168427228927612e-01,2.004366666078567505e-01,5.651484802365303040e-02
