1.000000238418579102e+00,4.709741175174713135e-01,5.847657322883605957e-01,4.026273787021636963e-01,-2.198227643966674805e-01,-2.426242679357528687e-01,5.576978921890258789e-01,2.185698300600051880e-01,-1.853950768709182739e-01,-2.140201181173324585e-01,2.206754535436630249e-01,-8.296599239110946655e-02,2.103436291217803955e-01,-6.347407400608062744e-02,-1.942713558673858643e-01,-3.013162910938262939e-01,8.039607852697372437e-02,5.035652592778205872e-02,5.544939637184143066e-01,5.493445992469787598e-01,-3.228240013122558594e-01,-2.851433455944061279e-01,3.782489597797393799e-01,3.573918044567108154e-01,-1.968543976545333862e-01,-2.123463600873947144e-01,-2.702531218528747559e-01,-2.769798040390014648e-01,-1.192254051566123962e-01,-1.928781121969223022e-01,4.318058118224143982e-02,2.566106431186199188e-02,5.243776440620422363e-01,4.716601073741912842e-01,-1.864341050386428833e-01,-1.947279423475265503e-01,-2.372134476900100708e-01,-2.348324805498123169e-01,-2.000897973775863647e-01,-1.823730915784835815e-01,-1.767490357160568237e-01,-1.630414426326751709e-01,7.433132082223892212e-02,1.294081658124923706e-02,-2.200238779187202454e-02,-4.962977953255176544e-03,8.015960454940795898e-02,-4.535462334752082825e-02,-7.866184413433074951e-02,-6.036993116140365601e-02,-4.264106601476669312e-02,-6.563267856836318970e-02,1.048382818698883057e-01,2.650686725974082947e-02,-2.536641433835029602e-02,-1.843708939850330353e-02,6.436337828636169434e-01,3.590336740016937256e-01,3.369972705841064453e-01,1.616011112928390503e-01,4.463372230529785156e-01,2.337200753390789032e-02,2.087788283824920654e-01,2.781597152352333069e-02,-1.219394877552986145e-01,-1.965842097997665405e-01,6.910727173089981079e-02,1.087136343121528625e-01,4.659287929534912109e-01,3.929688632488250732e-01,-7.463704049587249756e-02,-1.242004036903381348e-01,-1.647219806909561157e-01,-1.976558417081832886e-01,-1.779838651418685913e-01,-1.919697821140289307e-01,-1.526641100645065308e-01,-1.489276438951492310e-01,-1.243505254387855530e-01,-3.880909830331802368e-02,-6.098747998476028442e-02,-1.198552995920181274e-01,-2.222483903169631958e-01,-2.943454682826995850e-01,-5.654981732368469238e-02,-1.284763365983963013e-01,-8.813996613025665283e-02,-7.385776937007904053e-02,3.143983706831932068e-02,-2.025857567787170410e-02,-1.129805371165275574e-01,-1.782998256385326385e-02,3.472664579749107361e-02,4.789905622601509094e-02,-1.962245702743530273e-01,-2.128017544746398926e-01,-1.896429061889648438e-01,-1.543270945549011230e-01,-9.525916725397109985e-02,-3.522632643580436707e-02,1.348817199468612671e-01,1.656109392642974854e-01,1.851714849472045898e-01,2.094454467296600342e-01,9.848426096141338348e-03,2.854125015437602997e-02,-2.289689145982265472e-02,1.032795757055282593e-01,-1.779651194810867310e-01,-2.096197456121444702e-01,-2.070903629064559937e-01,-1.117070019245147705e-01,-1.428738087415695190e-01,-8.750460110604763031e-03,-1.452660560607910156e-01,-2.277410924434661865e-01
4.709741175174713135e-01,1.000000119209289551e+00,1.033155024051666260e-01,2.330823540687561035e-01,-1.151221990585327148e-01,-8.971787989139556885e-02,-1.317060785368084908e-03,1.478780955076217651e-01,-3.346551060676574707e-01,-1.260249316692352295e-01,2.226275391876697540e-03,1.414456963539123535e-01,8.767211809754371643e-03,1.019953936338424683e-01,-2.303743362426757812e-01,-1.389411091804504395e-01,3.307109698653221130e-02,3.906964659690856934e-01,2.537932991981506348e-01,3.800805509090423584e-01,-1.771831512451171875e-01,-1.659599542617797852e-01,1.414669603109359741e-01,2.448439970612525940e-02,-7.264088839292526245e-02,-1.015565395355224609e-01,6.907412409782409668e-02,7.694198936223983765e-02,-9.958640486001968384e-02,-2.032463438808917999e-03,-6.990464776754379272e-02,-1.354580223560333252e-01,2.033406198024749756e-01,1.965776979923248291e-01,-2.910167276859283447e-01,-3.302579224109649658e-01,-1.812729239463806152e-01,-2.257142961025238037e-02,-9.489121288061141968e-02,-5.693276599049568176e-02,-1.816049665212631226e-01,-7.582556456327438354e-02,2.118093073368072510e-01,2.907744646072387695e-01,2.463300526142120361e-01,3.684220910072326660e-01,2.716580927371978760e-01,2.999574244022369385e-01,3.006772100925445557e-01,3.556169867515563965e-01,2.350376695394515991e-01,3.460402190685272217e-01,2.611712217330932617e-01,2.412359565496444702e-01,5.782035179436206818e-03,1.960785388946533203e-01,6.465294957160949707e-01,7.883567214012145996e-01,3.896016180515289307e-01,4.919508099555969238e-01,3.226028382778167725e-01,2.838932275772094727e-01,8.767519611865282059e-04,3.974180519580841064e-01,-2.725774347782135010e-01,2.136117592453956604e-02,-2.687802910804748535e-02,1.943050920963287354e-01,5.438846349716186523e-01,5.212849378585815430e-01,-6.160185113549232483e-02,-5.277156457304954529e-02,-1.239535063505172729e-01,-1.003104820847511292e-01,-7.261807471513748169e-02,-4.638642072677612305e-02,-2.479752451181411743e-01,-2.180100232362747192e-01,1.002453938126564026e-01,3.268351554870605469e-01,4.728589579463005066e-02,3.037694394588470459e-01,-1.088105067610740662e-01,-9.865045547485351562e-02,3.317441791296005249e-03,2.257859557867050171e-01,2.197167603299021721e-03,8.539166301488876343e-02,-1.070635989308357239e-01,1.802985072135925293e-01,-3.958601057529449463e-01,-1.832479387521743774e-01,-2.673672735691070557e-01,-1.100313887000083923e-01,-2.175177633762359619e-01,-1.693745851516723633e-01,-7.483098655939102173e-02,3.390275407582521439e-03,-7.858148962259292603e-02,7.037319242954254150e-02,-7.998211681842803955e-02,1.534019317477941513e-02,1.987180672585964203e-02,7.455247640609741211e-02,-9.826565533876419067e-02,3.836531192064285278e-02,-2.654020190238952637e-01,-1.967535316944122314e-01,-1.530333757400512695e-01,-1.744584292173385620e-01,-5.830257385969161987e-02,-2.955505996942520142e-02,-8.542422950267791748e-02,-3.180539608001708984e-02,-2.710704505443572998e-01,-3.160048127174377441e-01
5.847657322883605957e-01,1.033155024051666260e-01,1.000000119209289551e+00,7.013899087905883789e-01,-1.926654279232025146e-01,-1.838234215974807739e-01,7.416315078735351562e-01,5.111106038093566895e-01,-1.339696943759918213e-01,-1.752677410840988159e-01,1.830360442399978638e-01,-2.317979186773300171e-02,2.187220454216003418e-01,-1.716144848614931107e-03,-1.367783844470977783e-01,-2.054149359464645386e-01,-1.705140471458435059e-01,-2.062273919582366943e-01,5.124046802520751953e-01,4.016523659229278564e-01,-2.120541781187057495e-01,-2.269344180822372437e-01,6.877033710479736328e-01,7.291724085807800293e-01,-7.309668511152267456e-02,-1.145013421773910522e-01,-3.528319001197814941e-01,-3.252561390399932861e-01,-1.805605143308639526e-01,-2.722927331924438477e-01,2.779908478260040283e-01,2.712408006191253662e-01,4.500376582145690918e-01,4.633830487728118896e-01,9.191101044416427612e-02,9.681812673807144165e-02,-2.448152154684066772e-01,-2.283000648021697998e-01,-1.654387712478637695e-01,-8.362694829702377319e-02,-1.172917485237121582e-01,-1.582105457782745361e-01,-5.642382428050041199e-02,-1.804610937833786011e-01,-2.434958964586257935e-01,-2.805524766445159912e-01,-1.477280259132385254e-01,-2.637841701507568359e-01,-3.532925844192504883e-01,-3.313284814357757568e-01,-3.297610580921173096e-01,-3.868201971054077148e-01,-1.310052871704101562e-01,-1.199394464492797852e-01,-3.899072483181953430e-02,-1.091202124953269958e-01,1.748580485582351685e-01,-4.370947554707527161e-02,9.898117929697036743e-02,-2.189817465841770172e-02,1.284130662679672241e-01,1.152307633310556412e-02,-4.545897990465164185e-02,-2.074389159679412842e-01,1.676523685455322266e-01,2.878545969724655151e-02,1.669971048831939697e-01,-5.149585753679275513e-02,9.685503691434860229e-02,4.831701144576072693e-02,-7.051687221974134445e-03,-4.534649476408958435e-02,-1.330356448888778687e-01,-1.886629015207290649e-01,-1.135720089077949524e-01,-2.213502973318099976e-01,-1.111548487097024918e-02,7.478734478354454041e-03,-3.572849035263061523e-01,-2.488179951906204224e-01,-3.287810385227203369e-01,-3.730823099613189697e-01,-2.823624312877655029e-01,-2.962837815284729004e-01,-1.721892356872558594e-01,-2.369639128446578979e-01,-1.290100514888763428e-01,2.356209792196750641e-02,1.489880383014678955e-01,1.554400473833084106e-02,1.618411391973495483e-01,1.591600328683853149e-01,2.995347380638122559e-01,2.862496674060821533e-01,-1.587522923946380615e-01,-1.825236380100250244e-01,-3.048277795314788818e-01,-2.864156365394592285e-01,-1.820880472660064697e-01,-1.587594598531723022e-01,1.667432337999343872e-01,2.113619148731231689e-01,1.757856607437133789e-01,1.695734411478042603e-01,5.132257193326950073e-02,3.027946501970291138e-02,1.383606940507888794e-01,2.030299603939056396e-01,-1.554741710424423218e-01,-2.449813485145568848e-01,-3.012969791889190674e-01,-2.054833024740219116e-01,-1.271405965089797974e-01,-5.380442366003990173e-02,-5.419777706265449524e-02,-1.165132224559783936e-01
4.026273787021636963e-01,2.330823540687561035e-01,7.013899087905883789e-01,1.000000238418579102e+00,-1.137758716940879822e-01,-1.375451451167464256e-03,4.857969582080841064e-01,7.124567627906799316e-01,-1.917978078126907349e-01,4.472799133509397507e-03,2.100761793553829193e-02,9.914179146289825439e-02,8.223118633031845093e-02,1.536520719528198242e-01,-2.259942293167114258e-01,-1.314779967069625854e-01,-2.268323451280593872e-01,-1.406149566173553467e-01,3.714552819728851318e-01,3.970320522785186768e-01,-2.618337273597717285e-01,-2.899184823036193848e-01,5.521575212478637695e-01,7.857987880706787109e-01,-4.151960834860801697e-02,1.646329532377421856e-03,-2.341905385255813599e-01,-1.562922000885009766e-01,-2.674423456192016602e-01,-3.029338121414184570e-01,1.786472797393798828e-01,2.458857595920562744e-01,2.777119874954223633e-01,3.583180010318756104e-01,-1.848173141479492188e-02,9.056121855974197388e-02,-3.648044168949127197e-01,-3.032281100749969482e-01,-2.761740982532501221e-01,-2.039533704519271851e-01,-2.283871620893478394e-01,-2.627937495708465576e-01,-1.197567954659461975e-01,-2.073420584201812744e-01,-2.221882790327072144e-01,-2.317581772804260254e-01,-2.194876670837402344e-01,-3.338048756122589111e-01,-2.623802423477172852e-01,-2.871369421482086182e-01,-2.652762830257415771e-01,-3.235192298889160156e-01,-1.666324883699417114e-01,-1.925214976072311401e-01,-1.417945772409439087e-01,-1.508538573980331421e-01,1.422167271375656128e-01,8.023788779973983765e-02,1.385596990585327148e-01,1.561744064092636108e-01,1.719416528940200806e-01,2.264939099550247192e-01,-5.524119734764099121e-02,-6.016956176608800888e-03,7.455898076295852661e-02,1.533436179161071777e-01,1.807035803794860840e-01,6.592537462711334229e-02,1.240132823586463928e-01,1.373797655105590820e-01,-1.083296611905097961e-01,-8.554290235042572021e-02,-1.629400402307510376e-01,-2.431811243295669556e-01,-9.628804773092269897e-02,-2.066063433885574341e-01,-9.136304259300231934e-02,-7.195726782083511353e-02,-3.486852049827575684e-01,-1.922824233770370483e-01,-3.488256633281707764e-01,-3.094923794269561768e-01,-3.623496294021606445e-01,-2.734491527080535889e-01,-2.402217090129852295e-01,-1.293095350265502930e-01,-1.206031143665313721e-01,2.700707316398620605e-02,3.731407225131988525e-02,7.878305763006210327e-02,7.906299829483032227e-02,5.916316434741020203e-02,2.559675276279449463e-01,1.431474834680557251e-01,-2.683135271072387695e-01,-3.052358627319335938e-01,-4.617523849010467529e-01,-4.282905161380767822e-01,-3.115639388561248779e-01,-2.983327805995941162e-01,1.256026327610015869e-01,1.009762883186340332e-01,6.640794128179550171e-02,8.825473487377166748e-02,-8.763561397790908813e-02,-1.079132407903671265e-01,-1.162383332848548889e-02,1.464505866169929504e-02,-1.219626963138580322e-01,-4.120051264762878418e-01,-4.660062193870544434e-01,-3.478899598121643066e-01,-1.944123059511184692e-01,-1.560357064008712769e-01,-1.974727213382720947e-01,-2.294915914535522461e-01
-2.198227643966674805e-01,-1.151221990585327148e-01,-1.926654279232025146e-01,-1.137758716940879822e-01,1.000000119209289551e+00,7.726739048957824707e-01,-2.229779362678527832e-01,5.254456773400306702e-02,6.302930116653442383e-01,7.217247486114501953e-01,2.983612716197967529e-01,3.312509953975677490e-01,3.322285413742065430e-01,3.881030380725860596e-01,6.901534199714660645e-01,6.847926378250122070e-01,4.478800296783447266e-01,4.323053658008575439e-01,-3.432785272598266602e-01,-3.304168581962585449e-01,5.550849437713623047e-01,5.351672768592834473e-01,-9.165784716606140137e-02,-1.151830106973648071e-01,6.364251971244812012e-01,6.454118490219116211e-01,6.761513352394104004e-01,6.651246547698974609e-01,5.716469287872314453e-01,5.138743519783020020e-01,3.468705713748931885e-01,2.796339690685272217e-01,-1.247857064008712769e-01,-1.324665546417236328e-01,2.183231562376022339e-01,1.498468667268753052e-01,3.315791487693786621e-01,2.378012686967849731e-01,2.741338312625885010e-01,1.330432444810867310e-01,3.989975452423095703e-01,3.149230182170867920e-01,-1.258437149226665497e-02,-8.633429184556007385e-03,4.018140211701393127e-02,2.610558643937110901e-02,4.813436791300773621e-02,5.237860232591629028e-02,2.710262779146432877e-03,2.693087048828601837e-02,1.730841100215911865e-01,1.403917223215103149e-01,4.808407276868820190e-02,7.496003061532974243e-02,1.472258567810058594e-01,6.078698113560676575e-02,-1.096894126385450363e-02,6.397593021392822266e-02,1.200498640537261963e-01,1.386619210243225098e-01,1.613634824752807617e-01,1.378641873598098755e-01,3.345488011837005615e-01,2.036559283733367920e-01,3.214849531650543213e-01,2.245819270610809326e-01,1.357880532741546631e-01,1.179624646902084351e-01,-3.351046517491340637e-02,-1.526759285479784012e-02,4.508865773677825928e-01,4.558534920215606689e-01,5.238593816757202148e-01,4.014435410499572754e-01,5.095980763435363770e-01,4.648872315883636475e-01,3.220537602901458740e-01,2.197195589542388916e-01,5.280279517173767090e-01,4.003701210021972656e-01,4.769024848937988281e-01,3.681641221046447754e-01,4.840269088745117188e-01,4.030251502990722656e-01,4.104761481285095215e-01,3.219858407974243164e-01,1.391331404447555542e-01,1.454922854900360107e-01,1.910410523414611816e-01,6.316879391670227051e-02,-1.047071665525436401e-01,-1.008045002818107605e-01,-1.908784657716751099e-01,-1.703624725341796875e-01,9.920327365398406982e-02,1.216993853449821472e-01,2.139080017805099487e-01,1.999106705188751221e-01,-2.287452295422554016e-02,-1.531564444303512573e-02,-2.947947382926940918e-01,-2.794364094734191895e-01,-2.964800000190734863e-01,-2.585723996162414551e-01,-1.953645497560501099e-01,-2.335186898708343506e-01,-6.935220211744308472e-02,-1.436627358198165894e-01,1.976379603147506714e-01,1.702062338590621948e-01,1.841401755809783936e-01,1.024532765150070190e-01,-4.854777455329895020e-02,-1.526375710964202881e-01,-8.512391149997711182e-02,3.070531599223613739e-02
-2.426242679357528687e-01,-8.971787989139556885e-02,-1.838234215974807739e-01,-1.375451451167464256e-03,7.726739048957824707e-01,9.999998211860656738e-01,-2.505367100238800049e-01,1.777631938457489014e-01,4.026772975921630859e-01,7.767131328582763672e-01,1.917936205863952637e-01,2.688752412796020508e-01,2.256757467985153198e-01,4.609490633010864258e-01,5.309454798698425293e-01,7.174875736236572266e-01,3.086636066436767578e-01,3.499960899353027344e-01,-3.729108870029449463e-01,-3.281931281089782715e-01,4.490773677825927734e-01,4.083876907825469971e-01,-9.372569620609283447e-02,-1.735857129096984863e-02,6.809722781181335449e-01,7.630827426910400391e-01,6.534194350242614746e-01,7.221698164939880371e-01,4.322493374347686768e-01,3.819123208522796631e-01,3.135637938976287842e-01,2.946849763393402100e-01,-1.542621552944183350e-01,-1.237104758620262146e-01,1.167944222688674927e-01,9.598465263843536377e-02,2.209164351224899292e-01,1.174161434173583984e-01,2.183018773794174194e-01,-9.919401258230209351e-03,3.260817825794219971e-01,2.218614965677261353e-01,-6.898733973503112793e-02,-9.747406095266342163e-02,-3.137568011879920959e-02,-3.365871310234069824e-02,-3.383499383926391602e-02,-2.976849116384983063e-02,-1.577784889377653599e-03,2.362182550132274628e-02,1.534515172243118286e-01,1.746595948934555054e-01,6.370241940021514893e-02,1.054676473140716553e-01,8.235449343919754028e-02,-3.065249649807810783e-03,-3.604452311992645264e-02,1.087944731116294861e-01,1.449547111988067627e-01,1.643874943256378174e-01,1.397216916084289551e-01,1.725769788026809692e-01,2.789029777050018311e-01,2.846516966819763184e-01,2.450035065412521362e-01,2.580407857894897461e-01,2.096340954303741455e-01,1.933422684669494629e-01,-2.711401693522930145e-02,6.093470379710197449e-02,3.223020434379577637e-01,3.428435921669006348e-01,4.183782041072845459e-01,2.455951273441314697e-01,3.979032635688781738e-01,2.964750230312347412e-01,2.223771810531616211e-01,8.876208215951919556e-02,3.873209953308105469e-01,3.841382563114166260e-01,3.658878505229949951e-01,3.027381896972656250e-01,3.737563192844390869e-01,3.579444587230682373e-01,3.094097375869750977e-01,3.209171593189239502e-01,9.035248309373855591e-02,1.255054622888565063e-01,1.651146709918975830e-01,1.073992550373077393e-01,-4.154464229941368103e-02,2.911439631134271622e-03,-7.782121747732162476e-02,-9.841784089803695679e-02,6.556092947721481323e-02,6.637119501829147339e-02,1.565861105918884277e-01,1.328482627868652344e-01,-6.163279712200164795e-02,-2.999637089669704437e-02,-1.864547729492187500e-01,-1.842252016067504883e-01,-1.934929937124252319e-01,-1.448227018117904663e-01,-1.664648354053497314e-01,-1.915000826120376587e-01,-2.421816065907478333e-02,-7.078868150711059570e-02,1.858658343553543091e-01,1.345241814851760864e-01,1.456691175699234009e-01,7.007341086864471436e-02,-4.255600273609161377e-02,-1.310239583253860474e-01,-6.638374179601669312e-02,2.651479281485080719e-02
5.576978921890258789e-01,-1.317060785368084908e-03,7.416315078735351562e-01,4.857969582080841064e-01,-2.229779362678527832e-01,-2.505367100238800049e-01,1.000000000000000000e+00,5.083856582641601562e-01,2.999424701556563377e-03,-1.369426250457763672e-01,4.270580112934112549e-01,1.222706884145736694e-01,4.764519333839416504e-01,1.678540408611297607e-01,-6.814929097890853882e-02,-2.065583467483520508e-01,5.756359919905662537e-02,-1.009416058659553528e-01,2.699249088764190674e-01,2.123179584741592407e-01,-2.495774328708648682e-01,-2.136547863483428955e-01,5.649793148040771484e-01,5.982209444046020508e-01,-1.535054743289947510e-01,-1.568453758955001831e-01,-4.712071716785430908e-01,-4.673881232738494873e-01,-2.179703861474990845e-02,-1.557760685682296753e-01,4.334459006786346436e-01,4.446940422058105469e-01,5.684137344360351562e-01,5.695321559906005859e-01,6.140339747071266174e-02,5.615988373756408691e-02,-2.575577795505523682e-01,-3.309638798236846924e-01,-2.671362459659576416e-01,-2.165262997150421143e-01,-1.385486721992492676e-01,-2.283290922641754150e-01,-5.582948774099349976e-02,-1.782806515693664551e-01,-1.576618403196334839e-01,-2.090690881013870239e-01,-1.585270315408706665e-01,-2.588078975677490234e-01,-2.796635329723358154e-01,-2.620436549186706543e-01,-3.635940849781036377e-01,-3.993577957153320312e-01,-2.318891435861587524e-01,-2.162775695323944092e-01,-1.503185778856277466e-01,-2.692298591136932373e-01,1.521761864423751831e-01,-1.916643828153610229e-01,-2.469404973089694977e-02,-1.741773635149002075e-01,1.543161869049072266e-01,-8.370402455329895020e-02,1.674505472183227539e-01,-1.410730034112930298e-01,7.280704379081726074e-02,-1.450643241405487061e-01,3.461585193872451782e-02,-1.152753755450248718e-01,-1.215085387229919434e-01,-1.736437827348709106e-01,1.443524211645126343e-01,8.446219563484191895e-02,-6.417467258870601654e-03,-7.406968623399734497e-02,-2.594444155693054199e-02,-1.427775472402572632e-01,1.062267497181892395e-01,8.669418096542358398e-02,-2.487724721431732178e-01,-2.378233075141906738e-01,-2.018814086914062500e-01,-3.542877733707427979e-01,-2.479527741670608521e-01,-3.275189995765686035e-01,-2.681595981121063232e-01,-4.100985229015350342e-01,-1.970930993556976318e-01,-2.035131752490997314e-01,-6.102915853261947632e-02,-2.167021334171295166e-01,3.500400483608245850e-02,1.833515614271163940e-02,1.523492634296417236e-01,1.354662030935287476e-01,-1.462916433811187744e-01,-1.609892547130584717e-01,-3.310980796813964844e-01,-3.481512963771820068e-01,-2.107703089714050293e-01,-2.495805174112319946e-01,6.776975095272064209e-02,7.641088962554931641e-02,5.692252516746520996e-02,6.595737487077713013e-02,-3.547841683030128479e-02,-5.471316725015640259e-02,1.025981903076171875e-01,1.733937412500381470e-01,-1.918311268091201782e-01,-2.143623381853103638e-01,-2.909258604049682617e-01,-2.515252232551574707e-01,-2.009420096874237061e-01,-1.050664186477661133e-01,-5.991144478321075439e-02,-2.918961830437183380e-02
2.185698300600051880e-01,1.478780955076217651e-01,5.111106038093566895e-01,7.124567627906799316e-01,5.254456773400306702e-02,1.777631938457489014e-01,5.083856582641601562e-01,9.999997019767761230e-01,-3.529351577162742615e-02,2.558220028877258301e-01,2.477218806743621826e-01,3.975367546081542969e-01,3.331968486309051514e-01,5.165654420852661133e-01,-2.247349731624126434e-02,9.739952534437179565e-02,8.618528954684734344e-03,6.633730232715606689e-02,-3.826526179909706116e-02,9.560983628034591675e-03,-1.132131144404411316e-01,-1.076693981885910034e-01,4.333076775074005127e-01,5.929351449012756348e-01,1.302302330732345581e-01,1.968735158443450928e-01,-1.516331881284713745e-01,-6.976306438446044922e-02,4.988754168152809143e-03,-5.176986008882522583e-02,4.367623031139373779e-01,5.017087459564208984e-01,3.136202692985534668e-01,4.044812917709350586e-01,7.710071653127670288e-02,1.505411714315414429e-01,-2.692683935165405273e-01,-2.670204639434814453e-01,-2.201238870620727539e-01,-2.174822092056274414e-01,-1.172580346465110779e-01,-1.933528035879135132e-01,-1.694686114788055420e-01,-2.473435103893280029e-01,-2.206479012966156006e-01,-2.007753401994705200e-01,-2.506035566329956055e-01,-3.276412189006805420e-01,-2.330881804227828979e-01,-2.501671910285949707e-01,-2.746090292930603027e-01,-2.734738886356353760e-01,-2.425196021795272827e-01,-2.331968843936920166e-01,-2.028314620256423950e-01,-2.223525345325469971e-01,5.472284927964210510e-02,2.203942649066448212e-02,1.369735151529312134e-01,1.844263970851898193e-01,2.486233115196228027e-01,3.116500675678253174e-01,1.524846702814102173e-01,2.072880864143371582e-01,1.047114729881286621e-01,1.908925026655197144e-01,2.021551430225372314e-01,1.308767497539520264e-01,-1.318283528089523315e-01,-7.577235996723175049e-02,1.684260964393615723e-01,2.047483026981353760e-01,1.178836673498153687e-01,-7.565845735371112823e-03,1.123563274741172791e-01,-1.450638659298419952e-02,1.177811101078987122e-01,9.489792585372924805e-02,-1.610896289348602295e-01,-7.589113712310791016e-02,-1.340711712837219238e-01,-1.327993124723434448e-01,-2.146173268556594849e-01,-1.254785507917404175e-01,-2.161156684160232544e-01,-1.204607039690017700e-01,-1.732690185308456421e-01,-6.797225773334503174e-02,-5.889570713043212891e-02,7.675725966691970825e-03,-4.051406309008598328e-02,-1.558077335357666016e-02,1.054788678884506226e-01,2.211011201143264771e-02,-2.063750326633453369e-01,-2.212398052215576172e-01,-3.857023417949676514e-01,-3.978222906589508057e-01,-3.564917743206024170e-01,-3.563725352287292480e-01,5.522141698747873306e-03,-1.157301850616931915e-02,-8.577984571456909180e-02,-2.260885201394557953e-02,-2.218014895915985107e-01,-2.149669975042343140e-01,-4.680099338293075562e-02,-4.107832536101341248e-02,-1.268526613712310791e-01,-3.118927180767059326e-01,-3.805471360683441162e-01,-3.460386693477630615e-01,-2.913317680358886719e-01,-2.558314502239227295e-01,-2.449834495782852173e-01,-1.686946153640747070e-01
-1.853950768709182739e-01,-3.346551060676574707e-01,-1.339696943759918213e-01,-1.917978078126907349e-01,6.302930116653442383e-01,4.026772975921630859e-01,2.999424701556563377e-03,-3.529351577162742615e-02,1.000000476837158203e+00,6.054846048355102539e-01,3.498769402503967285e-01,3.196385800838470459e-01,4.012621045112609863e-01,3.139024376869201660e-01,7.434444427490234375e-01,5.755976438522338867e-01,4.482411742210388184e-01,2.374455481767654419e-01,-2.354040443897247314e-01,-2.653151154518127441e-01,5.155898928642272949e-01,5.210002660751342773e-01,-1.402660608291625977e-01,-1.331692785024642944e-01,2.651552557945251465e-01,3.031267523765563965e-01,2.519934475421905518e-01,1.977164447307586670e-01,5.747260451316833496e-01,5.147425532341003418e-01,3.032806515693664551e-01,2.606614232063293457e-01,-9.290932118892669678e-02,-1.296892315149307251e-01,3.620247542858123779e-01,2.939149141311645508e-01,3.948239982128143311e-01,2.039559930562973022e-01,1.940172761678695679e-01,1.211368963122367859e-01,4.512056708335876465e-01,3.388924002647399902e-01,-6.149195134639739990e-02,-5.689738690853118896e-02,1.782048307359218597e-02,-5.166404321789741516e-02,-5.192283913493156433e-02,-6.894513219594955444e-02,1.763525884598493576e-03,-3.624349832534790039e-02,3.713158890604972839e-02,-2.050648443400859833e-02,-1.340121477842330933e-01,-1.978844553232192993e-01,1.986238807439804077e-01,5.435679107904434204e-03,-1.797684878110885620e-01,-3.108406066894531250e-01,-6.193781737238168716e-03,-9.571964293718338013e-02,4.202670603990554810e-02,-8.154000341892242432e-02,3.682494759559631348e-01,-4.657501727342605591e-02,3.361099958419799805e-01,9.805696457624435425e-02,6.853654980659484863e-02,-4.696234315633773804e-02,-2.072216421365737915e-01,-2.790842950344085693e-01,4.123742282390594482e-01,3.518024682998657227e-01,5.153024196624755859e-01,4.969566166400909424e-01,5.205724239349365234e-01,4.356864392757415771e-01,4.375959932804107666e-01,3.534199893474578857e-01,4.278443753719329834e-01,1.669283211231231689e-01,4.744407534599304199e-01,1.780609041452407837e-01,4.719978272914886475e-01,3.409970402717590332e-01,3.570830821990966797e-01,9.102434664964675903e-02,1.581823229789733887e-01,5.060601979494094849e-02,2.333498299121856689e-01,-7.383520901203155518e-02,1.334235072135925293e-01,1.345392968505620956e-02,-1.045687403529882431e-02,-6.667114794254302979e-02,1.366799175739288330e-01,9.534943103790283203e-02,1.933656036853790283e-01,1.564804613590240479e-01,1.221674829721450806e-01,-4.582983627915382385e-02,-1.355473399162292480e-01,-1.686568707227706909e-01,-2.132218331098556519e-01,-2.407746762037277222e-01,-8.149777352809906006e-02,-1.664982736110687256e-01,5.456694960594177246e-02,1.929056271910667419e-02,2.028416842222213745e-01,2.030909955501556396e-01,1.271945387125015259e-01,9.927617758512496948e-02,4.905389621853828430e-02,-2.591661363840103149e-02,1.071365997195243835e-01,1.359894126653671265e-01
-2.140201181173324585e-01,-1.260249316692352295e-01,-1.752677410840988159e-01,4.472799133509397507e-03,7.217247486114501953e-01,7.767131328582763672e-01,-1.369426250457763672e-01,2.558220028877258301e-01,6.054846048355102539e-01,9.999997019767761230e-01,2.965891063213348389e-01,4.157101809978485107e-01,3.529327511787414551e-01,6.019105315208435059e-01,6.238379478454589844e-01,7.688720822334289551e-01,4.348622858524322510e-01,3.955307304859161377e-01,-3.956286013126373291e-01,-3.262611925601959229e-01,4.802014231681823730e-01,4.762156009674072266e-01,-1.901050209999084473e-01,-6.049056723713874817e-02,5.143842101097106934e-01,6.445705294609069824e-01,4.596029222011566162e-01,5.281961560249328613e-01,5.506862998008728027e-01,4.884008467197418213e-01,3.641865849494934082e-01,3.526062667369842529e-01,-1.308116763830184937e-01,-1.208840161561965942e-01,1.771564036607742310e-01,1.628282070159912109e-01,2.796175777912139893e-01,1.021873205900192261e-01,1.684598624706268311e-01,-2.457973174750804901e-02,3.438272774219512939e-01,2.203675806522369385e-01,-3.640086948871612549e-02,-3.775601461529731750e-02,5.253937840461730957e-02,4.927931353449821472e-02,-8.788235485553741455e-03,-1.376566290855407715e-02,8.568879961967468262e-02,7.272950559854507446e-02,1.300560384988784790e-01,1.328717172145843506e-01,-1.061677094548940659e-02,-4.997176676988601685e-02,1.131342202425003052e-01,-2.634159661829471588e-02,-5.144397914409637451e-02,-4.134400561451911926e-02,1.009617969393730164e-01,1.222593262791633606e-01,1.395259350538253784e-01,1.259686797857284546e-01,3.834910094738006592e-01,2.163489460945129395e-01,1.916009187698364258e-01,2.179880291223526001e-01,1.340070515871047974e-01,1.270767003297805786e-01,-1.058949157595634460e-01,-1.001504883170127869e-01,4.132677912712097168e-01,4.040936529636383057e-01,5.437141060829162598e-01,3.881047666072845459e-01,5.202419757843017578e-01,3.897649645805358887e-01,3.254118561744689941e-01,1.634540855884552002e-01,4.656158387660980225e-01,3.678475916385650635e-01,4.868655204772949219e-01,2.942946255207061768e-01,3.918116092681884766e-01,3.432285785675048828e-01,2.880372405052185059e-01,2.186377048492431641e-01,1.176797896623611450e-01,5.790509656071662903e-02,1.388915926218032837e-01,1.033444516360759735e-02,-3.569756075739860535e-02,-1.021906211972236633e-01,-7.768853753805160522e-02,-1.888490021228790283e-01,5.826569348573684692e-02,3.270614519715309143e-02,1.283012777566909790e-01,1.040139794349670410e-01,-3.303457796573638916e-02,-1.079253032803535461e-01,-1.671106964349746704e-01,-2.293587774038314819e-01,-2.724086940288543701e-01,-2.342599034309387207e-01,-2.339594215154647827e-01,-2.915968298912048340e-01,-4.812135174870491028e-02,-1.098795980215072632e-01,1.695005446672439575e-01,1.291476935148239136e-01,1.075145304203033447e-01,2.443238534033298492e-02,-7.524227350950241089e-02,-1.363454610109329224e-01,-8.004657179117202759e-02,1.414437964558601379e-02
2.206754535436630249e-01,2.226275391876697540e-03,1.830360442399978638e-01,2.100761793553829193e-02,2.983612716197967529e-01,1.917936205863952637e-01,4.270580112934112549e-01,2.477218806743621826e-01,3.498769402503967285e-01,2.965891063213348389e-01,1.000000238418579102e+00,5.434240102767944336e-01,8.426157236099243164e-01,5.662684440612792969e-01,4.301738739013671875e-01,2.629936933517456055e-01,5.638741850852966309e-01,4.518818259239196777e-01,-1.697525680065155029e-01,-1.537602841854095459e-01,2.335478812456130981e-01,2.878578603267669678e-01,1.493463814258575439e-01,1.186134070158004761e-01,3.390543460845947266e-01,3.174892663955688477e-01,7.041472708806395531e-04,-1.859291456639766693e-02,5.788931250572204590e-01,4.202875196933746338e-01,6.104712486267089844e-01,5.775204896926879883e-01,3.074366748332977295e-01,2.693677246570587158e-01,1.433056294918060303e-01,5.311834812164306641e-02,7.325102388858795166e-02,-8.957928046584129333e-03,-2.222642768174409866e-03,-1.355217769742012024e-02,1.454581469297409058e-01,4.309597983956336975e-02,1.014241799712181091e-01,5.162006244063377380e-02,9.194353967905044556e-02,3.641633316874504089e-02,9.494826197624206543e-02,3.736964985728263855e-02,-5.667350441217422485e-02,2.958563901484012604e-02,-2.829349227249622345e-02,4.080584738403558731e-03,-6.394895166158676147e-02,-5.543025583028793335e-02,-9.462074376642704010e-03,-1.037290319800376892e-01,1.680189818143844604e-01,-3.239231556653976440e-02,9.185978770256042480e-02,-1.238959375768899918e-03,3.330920934677124023e-01,9.773308783769607544e-02,4.528128504753112793e-01,2.542532980442047119e-01,2.584262192249298096e-01,6.134564429521560669e-02,4.914024472236633301e-02,1.877262257039546967e-02,-1.154599636793136597e-01,-1.563186794519424438e-01,6.008976101875305176e-01,5.329994559288024902e-01,4.737724065780639648e-01,3.511068522930145264e-01,4.086225032806396484e-01,3.069926500320434570e-01,4.806540012359619141e-01,3.748425543308258057e-01,3.441047966480255127e-01,2.704415321350097656e-01,3.369775414466857910e-01,1.922760009765625000e-01,1.976164132356643677e-01,7.153330743312835693e-02,1.587060987949371338e-01,-3.897599875926971436e-03,-1.483056247234344482e-01,-9.511666744947433472e-02,7.019575219601392746e-03,-1.280332505702972412e-01,-1.964497864246368408e-01,-1.723078936338424683e-01,-1.835170388221740723e-01,-1.527228057384490967e-01,-6.412123888731002808e-02,-3.675092011690139771e-02,1.243214309215545654e-02,-4.389856383204460144e-02,-1.246865019202232361e-01,-1.779632270336151123e-01,-1.652194857597351074e-01,-1.605810821056365967e-01,-1.515208184719085693e-01,-1.224469393491744995e-01,-1.800920963287353516e-01,-2.026691436767578125e-01,-1.410453617572784424e-01,-1.999572664499282837e-02,-3.558554500341415405e-02,9.003577381372451782e-02,5.780941620469093323e-02,-7.609748095273971558e-02,-1.806750446557998657e-01,-1.414767056703567505e-01,-1.564261913299560547e-01,-1.313173174858093262e-01
-8.296599239110946655e-02,1.414456963539123535e-01,-2.317979186773300171e-02,9.914179146289825439e-02,3.312509953975677490e-01,2.688752412796020508e-01,1.222706884145736694e-01,3.975367546081542969e-01,3.196385800838470459e-01,4.157101809978485107e-01,5.434240102767944336e-01,9.999998211860656738e-01,5.814917683601379395e-01,7.234537005424499512e-01,3.692387938499450684e-01,4.032483100891113281e-01,4.592926204204559326e-01,4.966622292995452881e-01,-3.440357148647308350e-01,-2.517317831516265869e-01,2.991201877593994141e-01,3.448310792446136475e-01,1.326120272278785706e-02,4.648035019636154175e-02,3.171728849411010742e-01,3.343206346035003662e-01,4.112865403294563293e-02,7.227043807506561279e-02,5.149646401405334473e-01,5.313146710395812988e-01,5.280200242996215820e-01,5.314168930053710938e-01,1.343798935413360596e-01,2.208264172077178955e-01,2.647967636585235596e-01,2.663995325565338135e-01,1.167202815413475037e-01,1.350697576999664307e-01,5.922074615955352783e-02,1.054860502481460571e-01,1.899191886186599731e-01,1.444938629865646362e-01,1.034494955092668533e-02,5.569329485297203064e-02,9.673486649990081787e-02,1.320101618766784668e-01,3.447744995355606079e-02,3.934425860643386841e-02,1.094810888171195984e-01,1.049665436148643494e-01,3.335154801607131958e-02,7.800149172544479370e-02,-1.434925347566604614e-01,-1.811194568872451782e-01,4.834987688809633255e-03,-3.263019770383834839e-02,-1.581579633057117462e-02,9.794925339519977570e-03,5.298656597733497620e-02,2.076706439256668091e-01,2.194266617298126221e-01,3.773162066936492920e-01,3.541770279407501221e-01,4.018246829509735107e-01,2.025694847106933594e-01,3.046397268772125244e-01,7.389595359563827515e-02,1.154227554798126221e-01,-2.544213533401489258e-01,-2.548224925994873047e-01,4.983406960964202881e-01,4.950313568115234375e-01,5.215624570846557617e-01,5.041269063949584961e-01,4.445026814937591553e-01,4.027136862277984619e-01,4.295001626014709473e-01,3.763414323329925537e-01,4.039715826511383057e-01,2.621252238750457764e-01,3.330912888050079346e-01,2.533150315284729004e-01,1.521148830652236938e-01,1.838220953941345215e-01,1.221348121762275696e-01,1.335899531841278076e-01,-1.593083143234252930e-01,4.632142558693885803e-02,-2.359961159527301788e-02,-2.142312237992882729e-03,-2.118393182754516602e-01,-2.399818748235702515e-01,-1.993924975395202637e-01,-2.146049886941909790e-01,-1.279396116733551025e-01,-8.771233260631561279e-02,9.150337427854537964e-03,-2.286423929035663605e-02,-1.727557778358459473e-01,-2.381205558776855469e-01,-1.729111373424530029e-01,-2.641502320766448975e-01,-2.796400785446166992e-01,-2.783555090427398682e-01,-2.754708528518676758e-01,-2.513966560363769531e-01,-2.289399355649948120e-01,-1.978945136070251465e-01,-5.128791183233261108e-02,1.256196992471814156e-04,5.724484845995903015e-02,-1.383955776691436768e-01,-1.867053657770156860e-01,-2.482779324054718018e-01,-2.252605706453323364e-01,-1.969421505928039551e-01
2.103436291217803955e-01,8.767211809754371643e-03,2.187220454216003418e-01,8.223118633031845093e-02,3.322285413742065430e-01,2.256757467985153198e-01,4.764519333839416504e-01,3.331968486309051514e-01,4.012621045112609863e-01,3.529327511787414551e-01,8.426157236099243164e-01,5.814917683601379395e-01,1.000000119209289551e+00,6.620250940322875977e-01,4.482466876506805420e-01,2.974963784217834473e-01,5.525296330451965332e-01,4.398234188556671143e-01,-2.225997149944305420e-01,-2.297307252883911133e-01,2.273417115211486816e-01,2.509677708148956299e-01,2.399420738220214844e-01,1.886198222637176514e-01,3.726586699485778809e-01,3.523681163787841797e-01,1.947227306663990021e-02,7.044536992907524109e-03,5.499526262283325195e-01,3.822324872016906738e-01,7.017654776573181152e-01,6.584165692329406738e-01,3.220758736133575439e-01,2.854230999946594238e-01,1.694093346595764160e-01,4.834920912981033325e-02,3.622647374868392944e-02,-8.298884332180023193e-02,-5.085157230496406555e-02,-6.994802504777908325e-02,1.218616738915443420e-01,5.227229092270135880e-03,6.121961050666868687e-04,-3.098581731319427490e-02,3.683497011661529541e-02,-1.295187044888734818e-02,-1.984616555273532867e-02,-4.408702626824378967e-02,-5.901576206088066101e-02,7.219150429591536522e-04,-7.781012356281280518e-02,-6.388630717992782593e-02,-1.298629492521286011e-01,-1.151300072669982910e-01,-4.503494501113891602e-02,-1.619569212198257446e-01,1.457457393407821655e-01,-6.668741255998611450e-02,3.581498935818672180e-02,-7.986888289451599121e-02,2.794337868690490723e-01,1.968156173825263977e-02,4.412503838539123535e-01,2.017955631017684937e-01,2.218264192342758179e-01,1.905886270105838776e-02,-2.208635210990905762e-02,-4.655290767550468445e-02,-2.101194113492965698e-01,-2.410156130790710449e-01,6.268734335899353027e-01,5.702314376831054688e-01,4.973209202289581299e-01,3.679112792015075684e-01,4.416559934616088867e-01,2.920239567756652832e-01,4.670929312705993652e-01,3.351032137870788574e-01,3.159865438938140869e-01,2.144089043140411377e-01,2.827875912189483643e-01,1.169078052043914795e-01,1.331871896982192993e-01,-5.491694901138544083e-03,8.244393020868301392e-02,-9.870424866676330566e-02,-1.397069394588470459e-01,-1.314896494150161743e-01,-2.629349753260612488e-02,-1.873720884323120117e-01,-1.884300112724304199e-01,-1.789405494928359985e-01,-1.958578079938888550e-01,-1.259542107582092285e-01,-1.073974147439002991e-01,-8.868005126714706421e-02,-9.210587292909622192e-02,-1.366525739431381226e-01,-1.760235130786895752e-01,-2.246442586183547974e-01,-1.923502236604690552e-01,-1.895916759967803955e-01,-2.046236097812652588e-01,-1.781100034713745117e-01,-2.420179545879364014e-01,-2.701399922370910645e-01,-1.280177086591720581e-01,-6.388832628726959229e-02,-1.004628166556358337e-01,-1.228269562125205994e-02,-2.838107943534851074e-02,-1.431735157966613770e-01,-2.391272038221359253e-01,-2.131564170122146606e-01,-1.715354621410369873e-01,-7.356169074773788452e-02
