1.000000119209289551e+00,6.048567295074462891e-01,7.031377553939819336e-01,5.163629651069641113e-01,8.563548326492309570e-02,9.987245500087738037e-02,6.750478744506835938e-01,4.829344749450683594e-01,1.132844761013984680e-01,-5.311838537454605103e-02,3.404495716094970703e-01,2.752365767955780029e-01,4.063038527965545654e-01,2.064672857522964478e-01,1.254183650016784668e-01,1.734233051538467407e-01,2.992057502269744873e-01,2.585660517215728760e-01,5.961980819702148438e-01,5.631054639816284180e-01,1.040696725249290466e-01,4.421121254563331604e-02,4.736789166927337646e-01,3.962050676345825195e-01,1.935645937919616699e-01,1.930642724037170410e-01,2.417008727788925171e-01,1.513856947422027588e-01,1.302314549684524536e-01,1.653097271919250488e-01,2.580426335334777832e-01,2.059168815612792969e-01,4.420418739318847656e-01,3.687586188316345215e-01,1.432149857282638550e-01,1.328235026448965073e-02,7.597334682941436768e-02,2.987594157457351685e-02,3.017993643879890442e-02,-2.198687754571437836e-02,1.687073148787021637e-02,5.123876407742500305e-02,8.642300218343734741e-02,1.009605079889297485e-01,1.843270659446716309e-01,2.450355887413024902e-01,1.577025353908538818e-01,8.624191582202911377e-02,2.983090877532958984e-01,3.432838618755340576e-01,2.411570101976394653e-01,1.941919624805450439e-01,7.964825630187988281e-02,4.981222376227378845e-02,2.163489013910293579e-01,2.920583263039588928e-02,6.928628683090209961e-01,6.167443990707397461e-01,6.489448547363281250e-01,5.354988574981689453e-01,6.730422377586364746e-01,5.098879933357238770e-01,4.175570607185363770e-01,2.845590710639953613e-01,5.010378956794738770e-01,3.330864906311035156e-01,5.789316892623901367e-01,2.505571246147155762e-01,6.718671917915344238e-01,4.214004874229431152e-01,1.952437162399291992e-01,2.007253319025039673e-01,2.393123805522918701e-01,1.948670744895935059e-01,2.589496970176696777e-01,2.013124227523803711e-01,3.059455752372741699e-01,2.601316869258880615e-01,1.278932094573974609e-01,1.094910800457000732e-01,3.018102943897247314e-01,1.113264411687850952e-01,1.287753134965896606e-01,1.902152746915817261e-01,3.349028527736663818e-01,-1.405003201216459274e-02,3.950619399547576904e-01,2.923449277877807617e-01,3.985391259193420410e-01,1.833434402942657471e-01,-1.824198290705680847e-02,5.498740822076797485e-02,4.307951778173446655e-03,4.026312381029129028e-02,1.122535206377506256e-02,-5.812231078743934631e-02,1.301181614398956299e-01,-7.133653853088617325e-03,1.554024368524551392e-01,1.427009254693984985e-01,1.080523133277893066e-01,5.748879909515380859e-02,4.290124773979187012e-02,2.720841765403747559e-01,4.791546240448951721e-02,1.398555487394332886e-01,-9.333495050668716431e-03,-3.896761313080787659e-02,-5.563465878367424011e-02,-1.041998267173767090e-01,5.249677971005439758e-02,1.304297000169754028e-01,1.669145971536636353e-01,2.070035189390182495e-01,3.566994890570640564e-02,1.959341764450073242e-01
6.048567295074462891e-01,9.999997615814208984e-01,4.696405827999114990e-01,6.209878325462341309e-01,-1.740262657403945923e-02,9.530051797628402710e-02,4.148415327072143555e-01,6.397013664245605469e-01,6.303126364946365356e-02,-1.252907663583755493e-01,1.256600171327590942e-01,5.127168297767639160e-01,1.742775887250900269e-01,3.339088857173919678e-01,8.792783319950103760e-02,1.916380673646926880e-01,2.096185237169265747e-01,4.558564424514770508e-01,4.074119925498962402e-01,5.824474096298217773e-01,7.091031968593597412e-02,1.823884667828679085e-03,2.980742454528808594e-01,3.840003311634063721e-01,1.117893084883689880e-01,1.453421115875244141e-01,1.010593846440315247e-01,1.400378346443176270e-01,7.125379983335733414e-03,2.684682309627532959e-01,8.722676336765289307e-02,1.270810663700103760e-01,3.084847033023834229e-01,2.823593318462371826e-01,-4.020975902676582336e-02,-1.112146377563476562e-01,-1.116843149065971375e-01,-6.226149573922157288e-02,-1.061640605330467224e-01,-1.282997578382492065e-01,-3.914300724864006042e-02,4.085856955498456955e-03,3.676835820078849792e-02,7.031925022602081299e-02,1.657549738883972168e-01,2.623357474803924561e-01,1.126305907964706421e-01,5.587050318717956543e-02,2.716224789619445801e-01,4.258137941360473633e-01,1.398537755012512207e-01,1.752267926931381226e-01,1.451352089643478394e-01,1.184152364730834961e-01,1.489119529724121094e-01,7.748407125473022461e-02,5.852034091949462891e-01,7.132575511932373047e-01,6.628419160842895508e-01,6.204736828804016113e-01,5.945374369621276855e-01,6.402605772018432617e-01,3.714136481285095215e-01,4.707437157630920410e-01,2.818398773670196533e-01,3.068155050277709961e-01,4.090544283390045166e-01,1.619511544704437256e-01,6.158899068832397461e-01,3.452647030353546143e-01,3.264445811510086060e-02,1.434078216552734375e-01,1.099593490362167358e-01,2.487807720899581909e-01,2.472078055143356323e-01,2.073221504688262939e-01,2.057226300239562988e-01,1.921016871929168701e-01,6.677337735891342163e-02,2.102888822555541992e-01,3.438017070293426514e-01,3.787580430507659912e-01,2.135859057307243347e-02,1.959245353937149048e-01,1.518047153949737549e-01,1.374585032463073730e-01,2.854592502117156982e-01,2.354436814785003662e-01,2.482672184705734253e-01,2.841868400573730469e-01,1.284615322947502136e-02,7.935041934251785278e-02,-5.435004830360412598e-02,2.974551462102681398e-04,-6.193207949399948120e-02,-1.655469238758087158e-01,-6.095888558775186539e-03,-1.074121370911598206e-01,1.698342114686965942e-01,1.933057755231857300e-01,6.820100545883178711e-02,-9.820137172937393188e-02,3.176178783178329468e-02,8.166904747486114502e-02,-2.300824038684368134e-02,7.690643519163131714e-02,-4.151194542646408081e-02,-1.070772483944892883e-01,-1.634511798620223999e-01,-2.518669962882995605e-01,-1.105494946241378784e-01,4.547777771949768066e-02,7.281065732240676880e-02,1.223502829670906067e-01,-4.129285737872123718e-02,1.273790001869201660e-01
7.031377553939819336e-01,4.696405827999114990e-01,1.000000238418579102e+00,5.198754072189331055e-01,1.841519623994827271e-01,2.008792757987976074e-01,7.375976443290710449e-01,4.425340294837951660e-01,1.356807202100753784e-01,7.873369008302688599e-02,3.761322796344757080e-01,1.907191127538681030e-01,4.519743323326110840e-01,2.088882923126220703e-01,2.262604832649230957e-01,2.123127579689025879e-01,3.573692142963409424e-01,2.597455978393554688e-01,6.464935541152954102e-01,5.177884697914123535e-01,1.730314344167709351e-01,1.373051404953002930e-01,6.411995887756347656e-01,5.296854376792907715e-01,2.874946594238281250e-01,2.618855535984039307e-01,3.258262276649475098e-01,2.058862149715423584e-01,2.575683593750000000e-01,2.303124815225601196e-01,4.134531617164611816e-01,3.767671585083007812e-01,4.993062317371368408e-01,4.463396072387695312e-01,3.628746867179870605e-01,1.665915995836257935e-01,2.744866609573364258e-01,1.773611754179000854e-01,2.104433923959732056e-01,9.125591069459915161e-02,1.291500777006149292e-01,6.092515215277671814e-02,1.151084378361701965e-01,1.851072609424591064e-01,1.744120270013809204e-01,2.158980518579483032e-01,2.367649823427200317e-01,1.561651825904846191e-01,2.097278684377670288e-01,2.473205775022506714e-01,3.559004962444305420e-01,2.303474098443984985e-01,8.376771956682205200e-02,1.300328224897384644e-01,2.488951236009597778e-01,6.428860872983932495e-02,5.949034690856933594e-01,5.249822735786437988e-01,4.866811037063598633e-01,3.695877194404602051e-01,5.532446503639221191e-01,3.802504539489746094e-01,2.740885913372039795e-01,1.603793054819107056e-01,5.665443539619445801e-01,2.928370833396911621e-01,6.385579705238342285e-01,3.367570638656616211e-01,5.810945034027099609e-01,4.208808839321136475e-01,3.521168828010559082e-01,3.392319381237030029e-01,3.508260250091552734e-01,2.556614577770233154e-01,2.810958623886108398e-01,2.447106391191482544e-01,3.951373696327209473e-01,3.078145086765289307e-01,2.247743159532546997e-01,1.549914777278900146e-01,3.002069890499114990e-01,7.574805617332458496e-02,2.940717339515686035e-01,3.317790329456329346e-01,4.938108921051025391e-01,1.122176274657249451e-01,3.659009635448455811e-01,3.109828233718872070e-01,3.705072999000549316e-01,1.584287732839584351e-01,8.293312974274158478e-03,7.609099149703979492e-02,4.427269101142883301e-02,4.792117699980735779e-02,1.121937483549118042e-01,7.378939539194107056e-02,2.576154470443725586e-01,9.119911491870880127e-02,1.412404179573059082e-01,1.410453915596008301e-01,1.830487251281738281e-01,2.184103876352310181e-01,1.174279153347015381e-01,3.896077275276184082e-01,1.840865463018417358e-01,2.532675862312316895e-01,5.301989614963531494e-02,9.381537139415740967e-02,8.732451498508453369e-02,6.327697634696960449e-02,2.124314755201339722e-01,1.988419443368911743e-01,2.169438600540161133e-01,2.912461757659912109e-01,1.633214354515075684e-01,2.770302593708038330e-01
5.163629651069641113e-01,6.209878325462341309e-01,5.198754072189331055e-01,1.000000000000000000e+00,9.252875298261642456e-02,1.294728368520736694e-01,4.441039562225341797e-01,7.378735542297363281e-01,7.838342338800430298e-02,1.063174605369567871e-01,1.701759845018386841e-01,4.994152486324310303e-01,2.074345946311950684e-01,3.928679525852203369e-01,1.346689462661743164e-01,2.518252134323120117e-01,1.294529438018798828e-01,3.574583828449249268e-01,4.742686152458190918e-01,5.918332338333129883e-01,-8.010642603039741516e-03,3.069020621478557587e-02,3.689456284046173096e-01,5.266904234886169434e-01,2.325966954231262207e-01,2.403867393732070923e-01,1.283144950866699219e-01,1.402475237846374512e-01,9.830697439610958099e-03,2.407018542289733887e-01,1.350255608558654785e-01,1.486764997243881226e-01,2.059234082698822021e-01,1.804400086402893066e-01,7.187222130596637726e-03,-1.370935738086700439e-01,-7.413924485445022583e-02,-1.404551118612289429e-01,-4.339403286576271057e-02,-1.370310932397842407e-01,2.598567493259906769e-02,3.497820347547531128e-02,-1.661414653062820435e-02,3.368830541148781776e-03,1.515376120805740356e-01,2.071386724710464478e-01,-2.782457275316119194e-03,-4.318688064813613892e-02,1.343651115894317627e-01,2.385995239019393921e-01,1.576368510723114014e-01,9.294764697551727295e-02,6.770769506692886353e-02,7.954332232475280762e-02,3.265056386590003967e-02,-3.439930826425552368e-02,4.212102293968200684e-01,4.818188250064849854e-01,4.495994448661804199e-01,3.710096776485443115e-01,5.163524746894836426e-01,5.485370159149169922e-01,2.355345338582992554e-01,3.352622389793395996e-01,4.351458251476287842e-01,3.121686875820159912e-01,3.549393117427825928e-01,1.280219852924346924e-01,4.698739349842071533e-01,2.378745675086975098e-01,-3.771768882870674133e-02,5.298501253128051758e-02,6.717997789382934570e-02,1.524782925844192505e-01,6.059947982430458069e-02,1.200506016612052917e-01,5.147073790431022644e-02,-1.661722548305988312e-02,5.618624389171600342e-02,1.742887943983078003e-01,2.476598024368286133e-01,2.493574917316436768e-01,1.019730865955352783e-01,2.802002131938934326e-01,2.876877188682556152e-01,1.749760359525680542e-01,2.101382166147232056e-01,1.928039938211441040e-01,1.653532832860946655e-01,1.422257870435714722e-01,-1.118732430040836334e-02,-1.160439196974039078e-02,-6.126726418733596802e-02,-8.212895691394805908e-02,-8.806797116994857788e-02,-1.752682328224182129e-01,-8.906882256269454956e-02,-2.280434370040893555e-01,2.728267386555671692e-02,1.321908552199602127e-02,1.605075746774673462e-01,2.830146811902523041e-02,1.180188134312629700e-01,1.152693629264831543e-01,8.250731974840164185e-02,1.160895451903343201e-01,-8.066854625940322876e-02,-4.531651362776756287e-02,-1.295718699693679810e-01,-2.317544966936111450e-01,-1.883114874362945557e-01,-6.886198371648788452e-02,-1.337785925716161728e-02,2.978059276938438416e-02,1.237539853900671005e-02,1.215464398264884949e-01
8.563548326492309570e-02,-1.740262657403945923e-02,1.841519623994827271e-01,9.252875298261642456e-02,9.999996423721313477e-01,3.084167540073394775e-01,9.215160459280014038e-02,-1.098056416958570480e-02,1.746443659067153931e-01,1.867837607860565186e-01,1.390638351440429688e-01,-2.024613879621028900e-02,1.002549529075622559e-01,3.326284512877464294e-02,2.352648824453353882e-01,2.279939949512481689e-01,1.234523281455039978e-01,4.145218804478645325e-02,1.279377192258834839e-01,8.677119016647338867e-02,1.104392409324645996e-01,1.797181665897369385e-01,1.145341992378234863e-01,1.241752430796623230e-01,2.476764023303985596e-01,2.800067961215972900e-01,2.387061864137649536e-01,1.743428409099578857e-01,1.727581322193145752e-01,1.448992788791656494e-01,4.307032376527786255e-02,7.731562852859497070e-02,6.619216501712799072e-02,6.064356490969657898e-02,1.775930970907211304e-01,1.586530953645706177e-01,2.284910529851913452e-01,4.271862283349037170e-02,1.875354349613189697e-01,2.006051242351531982e-01,1.489751189947128296e-01,8.160036802291870117e-02,1.858396083116531372e-01,2.297400385141372681e-01,-2.623300068080425262e-03,7.166713476181030273e-03,1.985428780317306519e-01,2.121218740940093994e-01,-3.256178274750709534e-02,-2.861624816432595253e-03,1.725620627403259277e-01,2.920054271817207336e-02,1.326046139001846313e-01,1.271855831146240234e-01,1.835763603448867798e-01,1.423880159854888916e-01,1.505619585514068604e-01,4.390898346900939941e-02,7.024037092924118042e-02,1.732304506003856659e-02,3.218065574765205383e-02,9.629503823816776276e-03,1.611617021262645721e-02,-6.533464044332504272e-02,1.127093434333801270e-01,-1.432163640856742859e-02,2.238831371068954468e-01,1.437487602233886719e-01,8.752982318401336670e-02,7.452527433633804321e-02,1.487127840518951416e-01,1.877315938472747803e-01,1.291946321725845337e-01,-1.834602281451225281e-02,1.148522458970546722e-02,-7.317243516445159912e-02,2.075133025646209717e-01,6.732868403196334839e-02,6.165882200002670288e-02,7.829147577285766602e-02,1.381878703832626343e-01,5.284133180975914001e-02,2.240869104862213135e-01,2.225478738546371460e-01,2.803990244865417480e-01,1.452219486236572266e-01,1.856547743082046509e-01,2.150341123342514038e-01,2.135746330022811890e-01,2.039865851402282715e-01,1.095304042100906372e-01,4.764840006828308105e-02,8.530465513467788696e-02,-2.210807288065552711e-03,1.136111095547676086e-01,5.635853856801986694e-02,1.656466275453567505e-01,4.797530546784400940e-02,1.484688222408294678e-01,1.539173275232315063e-01,2.347056567668914795e-01,2.113583385944366455e-01,2.376836836338043213e-01,2.407691031694412231e-01,2.283416986465454102e-01,1.884988993406295776e-01,8.316548541188240051e-03,1.117758676409721375e-01,1.365690827369689941e-01,7.681231200695037842e-02,1.319911777973175049e-01,2.021625339984893799e-01,1.735070645809173584e-01,2.043189108371734619e-01,1.804439574480056763e-01,1.550858020782470703e-01
9.987245500087738037e-02,9.530051797628402710e-02,2.008792757987976074e-01,1.294728368520736694e-01,3.084167540073394775e-01,9.999997615814208984e-01,8.397395163774490356e-02,4.596257582306861877e-02,3.572721779346466064e-01,3.802581131458282471e-01,1.980247199535369873e-01,8.628807216882705688e-02,1.147911474108695984e-01,8.009751141071319580e-02,1.858136802911758423e-01,2.590601742267608643e-01,2.372406572103500366e-01,2.376604676246643066e-01,1.416815519332885742e-01,1.285318732261657715e-01,7.899460941553115845e-02,1.054544895887374878e-01,1.895358413457870483e-01,2.149294465780258179e-01,2.999413311481475830e-01,3.264830708503723145e-01,2.136206626892089844e-01,2.425331324338912964e-01,1.620127707719802856e-01,1.890793591737747192e-01,1.337278932332992554e-01,1.805412471294403076e-01,1.184232234954833984e-01,1.140927150845527649e-01,1.531840413808822632e-01,8.386056870222091675e-02,2.347075939178466797e-01,1.495131105184555054e-01,1.939666867256164551e-01,9.170033782720565796e-02,1.884418576955795288e-01,1.106910854578018188e-01,2.138674557209014893e-01,2.684652507305145264e-01,5.225051194429397583e-02,5.144514143466949463e-02,2.982806861400604248e-01,3.036291599273681641e-01,6.850440055131912231e-02,1.023323163390159607e-01,2.311294227838516235e-01,9.960976243019104004e-02,2.641853988170623779e-01,2.620096802711486816e-01,2.173535972833633423e-01,2.109227627515792847e-01,1.933173090219497681e-01,1.664433479309082031e-01,1.366810798645019531e-01,9.582763165235519409e-02,6.582032889127731323e-02,4.658929631114006042e-02,-2.413647621870040894e-02,-1.720132492482662201e-02,5.624236911535263062e-02,-4.313392192125320435e-02,2.197191715240478516e-01,1.966750323772430420e-01,1.947804987430572510e-01,1.718164980411529541e-01,1.383635401725769043e-01,2.290931493043899536e-01,2.008175402879714966e-01,1.512943208217620850e-01,1.374272406101226807e-01,8.213657885789871216e-02,2.732618451118469238e-01,1.638147979974746704e-01,1.110412105917930603e-01,1.540779620409011841e-01,2.807286679744720459e-01,1.805455088615417480e-01,2.667361199855804443e-01,3.068776130676269531e-01,3.122326135635375977e-01,1.821178793907165527e-01,1.456321328878402710e-01,1.750760078430175781e-01,1.485419422388076782e-01,2.022757381200790405e-01,1.998517811298370361e-01,2.130996882915496826e-01,1.561561971902847290e-01,8.746526390314102173e-02,1.184008270502090454e-01,1.494956314563751221e-01,2.474032491445541382e-01,1.635520309209823608e-01,2.180781364440917969e-01,2.348298281431198120e-01,2.424041032791137695e-01,1.759997904300689697e-01,2.287986725568771362e-01,2.179454416036605835e-01,2.323139160871505737e-01,1.839982420206069946e-01,3.842241689562797546e-02,1.809369772672653198e-01,1.089851111173629761e-01,1.266623437404632568e-01,2.405481040477752686e-01,2.628808319568634033e-01,2.079493701457977295e-01,2.174031883478164673e-01,2.247929871082305908e-01,2.205727398395538330e-01
6.750478744506835938e-01,4.148415327072143555e-01,7.375976443290710449e-01,4.441039562225341797e-01,9.215160459280014038e-02,8.397395163774490356e-02,1.000000119209289551e+00,4.773636460304260254e-01,6.497181951999664307e-02,4.704100638628005981e-02,3.798453807830810547e-01,2.728610336780548096e-01,5.263695120811462402e-01,2.363475859165191650e-01,5.162400379776954651e-02,7.784944772720336914e-02,3.711594045162200928e-01,2.715239226818084717e-01,5.581390857696533203e-01,4.129740893840789795e-01,1.661670804023742676e-01,1.371622085571289062e-01,6.036943197250366211e-01,4.947264194488525391e-01,1.187127158045768738e-01,9.767346829175949097e-02,2.302370965480804443e-01,1.641358435153961182e-01,1.623730063438415527e-01,1.076846942305564880e-01,4.555218815803527832e-01,4.551575779914855957e-01,5.988433361053466797e-01,5.194766521453857422e-01,3.467852771282196045e-01,2.051659375429153442e-01,1.463469862937927246e-01,1.709247380495071411e-01,5.530708655714988708e-02,-1.661266572773456573e-02,-7.452259305864572525e-03,-5.564469844102859497e-03,1.067566275596618652e-01,1.188532039523124695e-01,3.360901176929473877e-01,3.535253405570983887e-01,1.566427201032638550e-01,9.873341768980026245e-02,3.543116748332977295e-01,3.311951756477355957e-01,3.602862656116485596e-01,2.874832451343536377e-01,4.403337836265563965e-02,7.431215047836303711e-02,1.232713535428047180e-01,-4.124286770820617676e-02,5.227891206741333008e-01,4.311944842338562012e-01,4.386952519416809082e-01,3.469184339046478271e-01,5.717037916183471680e-01,3.880016505718231201e-01,4.264924824237823486e-01,2.942159175872802734e-01,6.443321108818054199e-01,4.332026243209838867e-01,5.537961125373840332e-01,3.424817919731140137e-01,4.362067282199859619e-01,4.140006601810455322e-01,3.835939168930053711e-01,3.291143774986267090e-01,3.845711350440979004e-01,3.462339639663696289e-01,3.204771578311920166e-01,3.279778361320495605e-01,3.973819911479949951e-01,3.710071742534637451e-01,1.296079456806182861e-01,3.612835705280303955e-02,2.579260468482971191e-01,7.137449085712432861e-02,1.175181120634078979e-01,2.486303299665451050e-01,3.783977925777435303e-01,3.732528910040855408e-02,2.266599982976913452e-01,1.596871763467788696e-01,2.748609483242034912e-01,4.142276197671890259e-02,-6.295187771320343018e-02,8.238958567380905151e-02,7.098736707121133804e-03,5.555086582899093628e-02,-4.392078146338462830e-02,-3.517778590321540833e-02,1.039452627301216125e-01,3.177304938435554504e-02,7.293597608804702759e-02,6.547632068395614624e-02,-2.585104480385780334e-02,9.394639730453491211e-02,-1.007506474852561951e-01,2.629749476909637451e-01,7.491943426430225372e-03,1.081634238362312317e-01,4.608799889683723450e-02,1.728027127683162689e-02,-4.966158047318458557e-02,-1.497932802885770798e-02,1.762274801731109619e-01,1.368548125028610229e-01,1.551260501146316528e-01,1.704423725605010986e-01,1.403845380991697311e-02,1.314682215452194214e-01
4.829344749450683594e-01,6.397013664245605469e-01,4.425340294837951660e-01,7.378735542297363281e-01,-1.098056416958570480e-02,4.596257582306861877e-02,4.773636460304260254e-01,9.999997615814208984e-01,1.668156310915946960e-02,3.685560449957847595e-02,1.144250035285949707e-01,5.991252064704895020e-01,2.298330366611480713e-01,4.538469910621643066e-01,-3.792228549718856812e-02,9.408206492662429810e-02,1.294683068990707397e-01,4.039546251296997070e-01,3.372243344783782959e-01,4.594644606113433838e-01,-4.250401258468627930e-02,-8.107548579573631287e-03,3.076839447021484375e-01,4.644986391067504883e-01,9.322671592235565186e-02,1.114582791924476624e-01,1.198385935276746750e-02,8.142456412315368652e-02,-8.453685790300369263e-02,1.624463945627212524e-01,1.341691911220550537e-01,1.869067996740341187e-01,2.378702759742736816e-01,1.889772862195968628e-01,-7.437372952699661255e-02,-1.363545507192611694e-01,-2.155686914920806885e-01,-1.555021554231643677e-01,-1.891361624002456665e-01,-2.410129904747009277e-01,-1.089117825031280518e-01,-1.790414191782474518e-02,-5.279569700360298157e-02,-7.919275015592575073e-02,2.725884318351745605e-01,3.314937949180603027e-01,-9.688717871904373169e-02,-1.100229099392890930e-01,2.839519977569580078e-01,3.308641016483306885e-01,1.738325953483581543e-01,2.188907265663146973e-01,9.165909141302108765e-03,-4.015544429421424866e-03,-8.864428102970123291e-02,-1.194932386279106140e-01,3.787470459938049316e-01,4.665697216987609863e-01,4.388485252857208252e-01,3.913044929504394531e-01,5.723344683647155762e-01,6.053977608680725098e-01,3.576296865940093994e-01,4.921565055847167969e-01,4.451496005058288574e-01,4.746952056884765625e-01,2.506527900695800781e-01,1.175567880272865295e-01,3.410472571849822998e-01,2.388532459735870361e-01,-5.502063781023025513e-02,3.499008715152740479e-02,5.214356631040573120e-02,2.342208921909332275e-01,1.053000465035438538e-01,2.079202681779861450e-01,4.089554026722908020e-02,3.516693785786628723e-02,1.525373198091983795e-03,1.362229138612747192e-01,2.033948749303817749e-01,2.833829820156097412e-01,-8.042863011360168457e-02,1.636661291122436523e-01,1.321741491556167603e-01,1.167075410485267639e-01,8.152131736278533936e-02,1.687602326273918152e-02,1.116353571414947510e-01,9.720499813556671143e-02,-7.647830247879028320e-02,-6.903946050442755222e-04,-7.700519263744354248e-02,-5.609558895230293274e-02,-1.980750709772109985e-01,-2.778619825839996338e-01,-2.242000401020050049e-01,-2.876985967159271240e-01,-4.271062090992927551e-02,-5.490568280220031738e-02,-3.693895705509930849e-04,-9.742645919322967529e-02,-5.186732858419418335e-02,1.796510815620422363e-02,-5.458098277449607849e-02,1.778772287070751190e-02,-1.012958660721778870e-01,-1.371443718671798706e-01,-2.564549446105957031e-01,-3.278642594814300537e-01,-2.477034479379653931e-01,-1.495704352855682373e-01,-6.822233647108078003e-02,-3.780029714107513428e-02,-1.029594764113426208e-01,1.252064132131636143e-03
1.132844761013984680e-01,6.303126364946365356e-02,1.356807202100753784e-01,7.838342338800430298e-02,1.746443659067153931e-01,3.572721779346466064e-01,6.497181951999664307e-02,1.668156310915946960e-02,1.000000000000000000e+00,3.761952817440032959e-01,1.019894406199455261e-01,-3.071475401520729065e-02,1.067968681454658508e-01,2.872062660753726959e-02,-1.033728476613759995e-02,1.140250861644744873e-01,3.786939755082130432e-02,4.631519690155982971e-02,5.326530709862709045e-02,7.162820547819137573e-02,3.519444167613983154e-02,4.258622974157333374e-02,1.023863852024078369e-01,9.982099384069442749e-02,2.648300528526306152e-01,2.546651661396026611e-01,6.964384019374847412e-02,-9.543142281472682953e-03,5.784784257411956787e-02,1.974193751811981201e-02,9.458957612514495850e-02,8.044056594371795654e-02,2.426385879516601562e-02,2.562715299427509308e-02,8.815506845712661743e-02,5.708947032690048218e-02,5.283609032630920410e-02,4.161527846008539200e-03,3.736495226621627808e-02,1.069328710436820984e-01,-5.484247114509344101e-03,7.887469232082366943e-02,1.324613392353057861e-01,1.476415842771530151e-01,-3.384194523096084595e-02,-4.978716373443603516e-03,1.534803509712219238e-01,1.649174392223358154e-01,8.666823804378509521e-02,5.942421033978462219e-02,1.569962948560714722e-01,9.950733184814453125e-02,1.242276132106781006e-01,8.126115798950195312e-02,1.559319794178009033e-01,1.541892588138580322e-01,1.291925013065338135e-01,1.086570993065834045e-01,1.193061843514442444e-01,9.318859130144119263e-02,5.088365450501441956e-02,6.088759750127792358e-02,1.619392447173595428e-02,-1.920715346932411194e-02,7.058356702327728271e-02,8.112495765089988708e-03,1.114807128906250000e-01,7.664863765239715576e-02,1.100167185068130493e-01,4.965939372777938843e-02,5.891663953661918640e-02,8.798564225435256958e-02,6.848559528589248657e-02,1.861762069165706635e-02,7.495129108428955078e-02,-4.053127765655517578e-02,1.058753579854965210e-01,1.164612546563148499e-01,5.421173200011253357e-02,1.174189802259206772e-02,2.674138173460960388e-02,-3.954030200839042664e-02,1.109558194875717163e-01,4.358816146850585938e-02,1.165811643004417419e-01,2.502211928367614746e-02,1.483798474073410034e-01,1.086916998028755188e-01,1.451998949050903320e-01,1.112452223896980286e-01,6.573107838630676270e-02,3.889926150441169739e-02,1.793303899466991425e-02,3.460351610556244850e-03,2.957687526941299438e-02,6.361600011587142944e-02,9.650509059429168701e-02,7.654456794261932373e-02,1.140710115432739258e-01,1.385008692741394043e-01,7.865849137306213379e-02,8.757960796356201172e-02,8.618667721748352051e-02,1.451024413108825684e-01,1.161298602819442749e-01,8.520366251468658447e-02,9.019721299409866333e-03,1.390965562313795090e-02,-1.813496649265289307e-02,2.194604091346263885e-02,6.793251633644104004e-02,1.248647123575210571e-01,1.169449985027313232e-01,1.256089955568313599e-01,9.138523787260055542e-02,8.385571092367172241e-02
-5.311838537454605103e-02,-1.252907663583755493e-01,7.873369008302688599e-02,1.063174605369567871e-01,1.867837607860565186e-01,3.802581131458282471e-01,4.704100638628005981e-02,3.685560449957847595e-02,3.761952817440032959e-01,1.000000238418579102e+00,2.395565062761306763e-01,1.391763687133789062e-01,2.464445382356643677e-01,2.718972265720367432e-01,8.949216455221176147e-02,1.502530723810195923e-01,1.455658227205276489e-01,1.054671555757522583e-01,1.011300534009933472e-01,6.061133742332458496e-02,8.419033139944076538e-02,1.775980442762374878e-01,1.376599818468093872e-01,1.465934813022613525e-01,2.642742395401000977e-01,1.923937797546386719e-01,7.593233883380889893e-02,1.172678172588348389e-01,1.436802595853805542e-01,1.240686774253845215e-01,1.995182782411575317e-01,1.410623937845230103e-01,4.684926196932792664e-02,8.370301872491836548e-02,1.557389199733734131e-01,1.305637788027524948e-02,1.608471721410751343e-01,-6.318637635558843613e-03,1.651604920625686646e-01,3.970824554562568665e-02,1.462150812149047852e-01,2.158260531723499298e-02,7.247136533260345459e-02,8.830963075160980225e-02,-2.652865089476108551e-02,-7.050434499979019165e-02,1.016075536608695984e-01,1.480529606342315674e-01,-4.820441082119941711e-02,-6.010599061846733093e-02,1.568667441606521606e-01,2.209379896521568298e-02,7.686603814363479614e-02,1.131844297051429749e-01,3.524360060691833496e-02,3.030166029930114746e-02,-9.591118991374969482e-02,-1.844075471162796021e-01,-2.062150090932846069e-01,-2.835086584091186523e-01,-6.563118845224380493e-02,-1.137387901544570923e-01,-4.708748310804367065e-02,-1.131685972213745117e-01,1.002727672457695007e-01,-1.262626051902770996e-01,2.915461175143718719e-02,-1.476276293396949768e-02,-1.009974628686904907e-01,-1.742566972970962524e-01,4.099432379007339478e-02,3.749780729413032532e-02,1.000674962997436523e-01,6.631360948085784912e-02,-1.287198215723037720e-01,-4.383453354239463806e-02,-2.093891985714435577e-02,-8.355622738599777222e-02,1.270054131746292114e-01,9.707853198051452637e-02,3.164669871330261230e-02,-3.182776644825935364e-02,2.103271484375000000e-01,8.958739042282104492e-02,1.896748393774032593e-01,7.547317445278167725e-02,-1.548360139131546021e-01,-8.641205728054046631e-02,-6.721685826778411865e-02,-1.082998439669609070e-01,-9.948628954589366913e-03,-9.035275876522064209e-02,-7.401466369628906250e-02,-1.545097529888153076e-01,4.443892836570739746e-02,7.736720144748687744e-02,1.944300532341003418e-02,1.793146133422851562e-02,-6.496411561965942383e-02,-6.732582300901412964e-02,5.198825523257255554e-02,1.843558102846145630e-01,5.692386254668235779e-02,1.027118973433971405e-02,1.824225634336471558e-01,8.689801394939422607e-02,8.354096114635467529e-02,2.046998292207717896e-01,1.037121787667274475e-01,1.859904527664184570e-01,5.323085188865661621e-02,-3.238931763917207718e-03,-6.279744207859039307e-02,2.178097702562808990e-02,7.187593728303909302e-02,1.164121031761169434e-01
3.404495716094970703e-01,1.256600171327590942e-01,3.761322796344757080e-01,1.701759845018386841e-01,1.390638351440429688e-01,1.980247199535369873e-01,3.798453807830810547e-01,1.144250035285949707e-01,1.019894406199455261e-01,2.395565062761306763e-01,1.000000357627868652e+00,2.693615555763244629e-01,5.811993479728698730e-01,4.159631729125976562e-01,3.370682299137115479e-01,2.118060290813446045e-01,5.711942911148071289e-01,2.699359953403472900e-01,4.295865893363952637e-01,3.192078173160552979e-01,1.694722026586532593e-01,1.144979298114776611e-01,3.489117920398712158e-01,2.950677275657653809e-01,9.432994574308395386e-02,1.190123036503791809e-01,2.550935447216033936e-01,2.723894715309143066e-01,4.688701033592224121e-01,3.531096279621124268e-01,3.609590232372283936e-01,2.996590435504913330e-01,4.108959138393402100e-01,4.029994606971740723e-01,3.099307417869567871e-01,9.906263649463653564e-02,3.590830564498901367e-01,1.987880468368530273e-01,2.268793731927871704e-01,6.007846444845199585e-02,2.992777526378631592e-01,1.169001832604408264e-01,1.951736658811569214e-01,2.721703648567199707e-01,5.091682821512222290e-02,1.399236768484115601e-01,3.808790743350982666e-01,3.080478310585021973e-01,1.285747718065977097e-02,1.611999571323394775e-01,1.429570168256759644e-01,7.964252680540084839e-02,2.390973120927810669e-01,2.489722222089767456e-01,2.010433375835418701e-01,1.022918447852134705e-01,2.661475539207458496e-01,1.450129151344299316e-01,1.263420134782791138e-01,5.808745976537466049e-03,1.590213924646377563e-01,3.325813263654708862e-02,2.137295007705688477e-01,6.094395369291305542e-02,3.106820881366729736e-01,2.915244363248348236e-02,3.285855650901794434e-01,2.387923598289489746e-01,2.843119204044342041e-01,2.061082273721694946e-01,4.182596802711486816e-01,3.839643001556396484e-01,4.063168764114379883e-01,2.947380542755126953e-01,1.968662589788436890e-01,2.202777713537216187e-01,3.915163576602935791e-01,2.887769639492034912e-01,3.784244954586029053e-01,1.921133548021316528e-01,4.036404490470886230e-01,1.736200302839279175e-01,3.767225444316864014e-01,3.250371515750885010e-01,4.340490996837615967e-01,9.627065807580947876e-02,1.221211627125740051e-01,1.725621521472930908e-01,7.919390499591827393e-02,1.807032525539398193e-02,1.007902324199676514e-01,1.059325039386749268e-01,6.785382330417633057e-02,1.534570939838886261e-02,1.777091622352600098e-01,2.299394756555557251e-01,2.991894483566284180e-01,2.487538456916809082e-01,2.105479687452316284e-01,1.555754989385604858e-01,1.576915085315704346e-01,1.728913187980651855e-01,1.292020529508590698e-01,2.545596361160278320e-01,1.980148553848266602e-01,2.016959488391876221e-01,1.316444873809814453e-01,2.204992622137069702e-01,1.972204297780990601e-01,3.304912149906158447e-01,3.146997094154357910e-01,2.623950242996215820e-01,1.723378896713256836e-01,2.851002812385559082e-01,1.764018386602401733e-01,2.131910026073455811e-01
2.752365767955780029e-01,5.127168297767639160e-01,1.907191127538681030e-01,4.994152486324310303e-01,-2.024613879621028900e-02,8.628807216882705688e-02,2.728610336780548096e-01,5.991252064704895020e-01,-3.071475401520729065e-02,1.391763687133789062e-01,2.693615555763244629e-01,9.999998807907104492e-01,2.909266054630279541e-01,6.777998208999633789e-01,1.315195549977943301e-04,1.143917813897132874e-01,3.118534088134765625e-01,6.395407915115356445e-01,2.648372948169708252e-01,4.674422740936279297e-01,3.118076920509338379e-02,9.880226105451583862e-02,1.972604095935821533e-01,3.255000114440917969e-01,5.929424893110990524e-03,-3.948504105210304260e-03,3.916402533650398254e-02,1.297788619995117188e-01,8.109953999519348145e-02,3.227216899394989014e-01,1.714420765638351440e-01,1.905807554721832275e-01,3.246492147445678711e-01,3.283118307590484619e-01,1.150153763592243195e-02,-1.353921294212341309e-01,-9.950684010982513428e-02,-9.007719159126281738e-02,-1.169102638959884644e-01,-2.061961442232131958e-01,5.636636540293693542e-02,2.034085430204868317e-02,7.831410318613052368e-02,7.429105043411254883e-02,2.889307141304016113e-01,3.587051630020141602e-01,3.925683349370956421e-02,6.974887102842330933e-02,2.249324619770050049e-01,3.771086931228637695e-01,1.241906657814979553e-01,1.881418675184249878e-01,1.423122435808181763e-01,1.483149379491806030e-01,-9.773387014865875244e-02,-7.178146392107009888e-02,1.870893537998199463e-01,2.436967939138412476e-01,2.160454988479614258e-01,1.479595303535461426e-01,3.458282947540283203e-01,4.163946807384490967e-01,4.153645336627960205e-01,5.112396478652954102e-01,2.797556519508361816e-01,2.583662569522857666e-01,1.492164433002471924e-01,1.138689965009689331e-01,2.317426949739456177e-01,8.932021260261535645e-02,3.462528809905052185e-02,1.481641829013824463e-01,1.611187905073165894e-01,4.348813593387603760e-01,1.038104444742202759e-01,2.857975959777832031e-01,1.185733005404472351e-01,1.182282716035842896e-01,1.086122468113899231e-01,2.577178180217742920e-01,3.470050394535064697e-01,4.619152545928955078e-01,6.096702814102172852e-02,1.809448152780532837e-01,9.127380698919296265e-02,2.006175816059112549e-01,-1.599141657352447510e-01,-1.514021456241607666e-01,-8.045154809951782227e-02,1.049633021466434002e-03,-2.099621295928955078e-02,2.296005189418792725e-02,-1.045655682682991028e-01,-9.746900200843811035e-02,-1.839165687561035156e-01,-2.081861346960067749e-01,-1.870420277118682861e-01,-1.926814317703247070e-01,-9.000506252050399780e-03,-1.421783491969108582e-02,-7.718604803085327148e-02,-5.010532215237617493e-02,-8.964638411998748779e-02,-1.262311935424804688e-01,1.907445490360260010e-02,1.696280203759670258e-02,5.959023535251617432e-02,5.168062448501586914e-02,-1.464224606752395630e-01,-1.456557512283325195e-01,-1.165689378976821899e-01,-5.377947166562080383e-02,-1.036232635378837585e-01,-2.918997593224048615e-02,-7.552082836627960205e-02,8.678498119115829468e-02
4.063038527965545654e-01,1.742775887250900269e-01,4.519743323326110840e-01,2.074345946311950684e-01,1.002549529075622559e-01,1.147911474108695984e-01,5.263695120811462402e-01,2.298330366611480713e-01,1.067968681454658508e-01,2.464445382356643677e-01,5.811993479728698730e-01,2.909266054630279541e-01,1.000000000000000000e+00,4.265175461769104004e-01,1.567546576261520386e-01,1.630730330944061279e-01,4.420781433582305908e-01,3.128513097763061523e-01,3.405930697917938232e-01,2.384666055440902710e-01,1.330814808607101440e-01,1.973683983087539673e-01,4.404505789279937744e-01,3.241518437862396240e-01,1.172348558902740479e-01,8.470319956541061401e-02,2.741805911064147949e-01,1.757721900939941406e-01,2.710645794868469238e-01,1.489046961069107056e-01,4.602419435977935791e-01,4.203548133373260498e-01,4.523243010044097900e-01,4.641954600811004639e-01,3.072979450225830078e-01,1.739505231380462646e-01,2.381244152784347534e-01,2.076155841350555420e-01,1.670425385236740112e-01,6.176935881376266479e-02,1.883064806461334229e-01,1.224853247404098511e-01,1.312548369169235229e-01,2.047501057386398315e-01,1.255634427070617676e-01,1.892486065626144409e-01,2.877101600170135498e-01,2.356289029121398926e-01,2.768637239933013916e-01,2.881214618682861328e-01,2.905803620815277100e-01,1.933733522891998291e-01,1.732191741466522217e-01,1.765456497669219971e-01,1.558661907911300659e-01,9.986822260543704033e-04,3.212911486625671387e-01,1.960092931985855103e-01,1.918129473924636841e-01,5.787996575236320496e-02,3.262964487075805664e-01,1.679389476776123047e-01,4.086278975009918213e-01,1.849211305379867554e-01,4.065847396850585938e-01,2.257961332798004150e-01,3.380543589591979980e-01,2.460599690675735474e-01,2.389923781156539917e-01,2.127236723899841309e-01,4.337297677993774414e-01,4.071452915668487549e-01,4.093863964080810547e-01,3.470596075057983398e-01,1.708463579416275024e-01,2.648013234138488770e-01,4.127951562404632568e-01,3.571343719959259033e-01,1.794885993003845215e-01,3.496826440095901489e-02,3.499001860618591309e-01,1.984412223100662231e-01,2.237560153007507324e-01,2.610705792903900146e-01,3.595698475837707520e-01,9.340055286884307861e-02,7.373074442148208618e-02,6.952399760484695435e-02,1.982872337102890015e-01,6.382494699209928513e-03,-1.626408658921718597e-02,9.129199385643005371e-02,-1.515805814415216446e-02,-4.765579476952552795e-02,1.416204031556844711e-02,3.313842043280601501e-02,1.555774062871932983e-01,1.395567953586578369e-01,1.278129070997238159e-01,1.001859530806541443e-01,5.007692798972129822e-02,1.351085007190704346e-01,1.791184186004102230e-03,2.178077548742294312e-01,8.451040834188461304e-02,1.096644699573516846e-01,6.282973289489746094e-02,1.555464267730712891e-01,6.204491853713989258e-02,1.216358765959739685e-01,2.192682772874832153e-01,1.784086972475051880e-01,1.348983943462371826e-01,2.073972225189208984e-01,1.245071813464164734e-01,8.849675953388214111e-02
