9.999998211860656738e-01,2.063983678817749023e-01,2.544554471969604492e-01,4.828852415084838867e-01,2.945053949952125549e-02,-5.020522698760032654e-02,3.461909294128417969e-01,1.730912029743194580e-01,5.317477136850357056e-02,-1.264864206314086914e-01,4.139234721660614014e-01,-1.194087117910385132e-01,1.704914271831512451e-01,-3.173068165779113770e-02,1.060079857707023621e-01,-5.584588646888732910e-02,2.107903063297271729e-01,-1.175364553928375244e-01,2.748927474021911621e-01,4.793922007083892822e-01,-2.299077808856964111e-02,6.902343779802322388e-02,-1.943495720624923706e-01,1.975437253713607788e-01,3.821500018239021301e-02,-2.462121844291687012e-02,4.802960529923439026e-02,-1.237506605684757233e-02,3.404317796230316162e-01,6.353928893804550171e-02,6.271439790725708008e-02,5.069739744067192078e-02,4.244457483291625977e-01,3.471640050411224365e-01,8.824589848518371582e-02,1.040173619985580444e-01,-1.655283719301223755e-01,1.507748812437057495e-01,-1.124775409698486328e-02,1.866562068462371826e-01,8.038974553346633911e-02,1.258727610111236572e-01,2.401207387447357178e-02,1.506769508123397827e-01,2.690501511096954346e-02,1.740806400775909424e-01,1.019087061285972595e-02,3.705458343029022217e-02,1.163926348090171814e-02,1.875337064266204834e-01,1.791345626115798950e-01,1.016214191913604736e-01,1.365824490785598755e-01,-5.141780152916908264e-02,-2.765830419957637787e-02,6.727997679263353348e-03,4.582279026508331299e-01,1.145179644227027893e-01,2.379314154386520386e-01,5.116017162799835205e-02,2.918965518474578857e-01,3.496929770335555077e-03,2.851759316399693489e-03,-1.054779216647148132e-01,2.572056949138641357e-01,1.733091771602630615e-01,2.078242003917694092e-01,5.206106230616569519e-02,3.245771527290344238e-01,1.212791576981544495e-01,6.038168817758560181e-02,-5.488853529095649719e-02,2.670050859451293945e-01,9.171842038631439209e-02,1.653599292039871216e-01,8.384940028190612793e-02,8.419352024793624878e-02,-3.674943372607231140e-02,2.341986596584320068e-01,1.310189813375473022e-01,-1.560916751623153687e-02,-6.318906694650650024e-02,2.564975023269653320e-01,1.593301147222518921e-01,1.478758156299591064e-01,2.794348821043968201e-02,3.024266958236694336e-01,-2.385874092578887939e-02,-2.220334671437740326e-02,-4.802889749407768250e-02,-6.946704536676406860e-02,-1.070663034915924072e-01,-1.125410646200180054e-01,-9.273049235343933105e-02,3.150326665490865707e-04,4.404818266630172729e-02,2.403375692665576935e-02,-1.158463284373283386e-01,8.869795128703117371e-03,-1.158749014139175415e-01,-1.283872574567794800e-01,-4.980079457163810730e-02,-6.884214282035827637e-02,-8.928606659173965454e-02,4.167792201042175293e-02,5.461887642741203308e-02,3.991443291306495667e-02,1.407461017370223999e-01,-4.359407722949981689e-02,9.810694307088851929e-02,1.395120173692703247e-01,2.711772173643112183e-02,-9.391787648200988770e-02,6.093474105000495911e-03,1.683880239725112915e-01,2.785680592060089111e-01
2.063983678817749023e-01,1.000000119209289551e+00,-9.028204530477523804e-02,9.750255197286605835e-02,1.596166789531707764e-01,1.597151607275009155e-01,-1.682209968566894531e-01,1.905291676521301270e-01,6.223890557885169983e-02,4.858902469277381897e-02,1.415750831365585327e-01,4.220450818538665771e-01,-1.697524189949035645e-01,2.318003475666046143e-01,4.947382956743240356e-02,1.383655071258544922e-01,1.824019998311996460e-01,1.683884859085083008e-01,-1.887726038694381714e-02,2.010637521743774414e-01,-1.141934422776103020e-03,2.039185166358947754e-02,-6.372065097093582153e-02,1.107587069272994995e-01,2.232228517532348633e-01,1.630947291851043701e-01,1.830485761165618896e-01,2.069529145956039429e-01,8.113173395395278931e-02,1.588107496500015259e-01,3.469836339354515076e-02,1.100724935531616211e-01,2.476901859045028687e-01,3.279654085636138916e-01,-8.430489338934421539e-03,-6.953177601099014282e-02,-1.696931868791580200e-01,-7.740362733602523804e-02,-1.143617704510688782e-01,2.676233090460300446e-02,-1.160834729671478271e-01,3.827906772494316101e-02,-2.642834931612014771e-02,3.649025782942771912e-02,6.875282619148492813e-03,1.929662562906742096e-02,-1.002372577786445618e-01,-7.228658348321914673e-02,2.408077418804168701e-01,1.580292433500289917e-01,3.481008410453796387e-01,2.738389968872070312e-01,7.440181076526641846e-02,1.729370094835758209e-03,-2.152465432882308960e-01,-1.372598409652709961e-01,5.373109579086303711e-01,5.495696067810058594e-01,1.104779988527297974e-01,1.775101423263549805e-01,2.732612192630767822e-01,2.273043245077133179e-01,1.636486053466796875e-01,2.131808400154113770e-01,3.864828869700431824e-02,1.387328654527664185e-01,8.177722990512847900e-02,1.220012605190277100e-01,3.288906812667846680e-01,3.952373266220092773e-01,-1.622491627931594849e-01,-5.535319820046424866e-02,-2.104994840919971466e-02,8.258650451898574829e-02,-3.478750959038734436e-02,2.233251929283142090e-02,4.480471462011337280e-02,1.328447461128234863e-01,7.239635288715362549e-02,6.418135762214660645e-02,-1.596962288022041321e-02,3.311356902122497559e-02,2.374032586812973022e-01,3.609483540058135986e-01,-3.390701487660408020e-02,1.506202667951583862e-01,2.264674752950668335e-01,2.003828138113021851e-01,-1.501659899950027466e-01,1.129077970981597900e-01,-1.228716149926185608e-01,-9.742621332406997681e-02,-1.523187011480331421e-01,-4.990918561816215515e-02,-1.772109866142272949e-01,-1.328529268503189087e-01,-1.313404291868209839e-01,-2.553770840167999268e-01,-1.323343962430953979e-01,-2.061054110527038574e-01,-4.053766652941703796e-02,4.085269197821617126e-02,-5.021441727876663208e-03,-2.224050648510456085e-02,-7.093857228755950928e-02,-4.292322788387537003e-03,7.122278958559036255e-02,1.316801160573959351e-01,-2.963837683200836182e-01,-2.572816312313079834e-01,-1.402774006128311157e-01,-1.032869368791580200e-01,-8.543954789638519287e-02,-8.587857335805892944e-02,-3.506756573915481567e-02,8.172275125980377197e-02
2.544554471969604492e-01,-9.028204530477523804e-02,9.999998211860656738e-01,3.922201693058013916e-01,1.905013062059879303e-02,-1.259000599384307861e-01,7.070605754852294922e-01,1.876818984746932983e-01,2.128427475690841675e-01,-1.523462980985641479e-01,1.739809513092041016e-01,-1.487531363964080811e-01,3.546001911163330078e-01,-7.703340798616409302e-02,1.515898704528808594e-01,-6.288219988346099854e-02,1.394849419593811035e-01,-9.111464023590087891e-02,5.576088279485702515e-02,2.186406491091474891e-04,4.080661758780479431e-02,-3.759343962883576751e-05,4.712843596935272217e-01,4.666296839714050293e-01,8.015113323926925659e-02,-6.108257919549942017e-02,-8.880168199539184570e-02,-1.321328878402709961e-01,2.910245656967163086e-01,6.072108075022697449e-02,3.226988911628723145e-01,2.249790728092193604e-01,1.221060827374458313e-01,1.462994366884231567e-01,-2.277834340929985046e-02,-3.810959681868553162e-02,-6.081590801477432251e-02,2.782592177391052246e-01,1.290772408246994019e-01,2.652152478694915771e-01,2.558360993862152100e-01,2.759315967559814453e-01,-4.255837574601173401e-02,3.544670715928077698e-02,1.180873289704322815e-01,1.351593583822250366e-01,-1.478840261697769165e-01,-3.034667484462261200e-02,-1.291870027780532837e-01,1.003434807062149048e-01,-8.663168549537658691e-02,9.668426215648651123e-02,-1.168003156781196594e-01,2.962171472609043121e-02,-1.178784146904945374e-01,3.857680037617683411e-02,-4.587953537702560425e-02,2.997623383998870850e-02,2.165979705750942230e-02,-1.383417844772338867e-01,-6.773438304662704468e-02,-1.155520528554916382e-01,-5.629409849643707275e-02,-1.005604043602943420e-01,-2.181269414722919464e-02,-3.191588446497917175e-02,-1.594449207186698914e-02,-1.655633747577667236e-01,-1.163249388337135315e-01,-1.732743829488754272e-01,1.432459056377410889e-01,1.402519047260284424e-01,1.436049789190292358e-01,1.237653717398643494e-01,1.572709828615188599e-01,1.257979720830917358e-01,1.597165875136852264e-02,-9.199119359254837036e-02,1.781164109706878662e-02,6.018389761447906494e-02,-3.464850597083568573e-04,-2.169683575630187988e-02,2.116291671991348267e-01,8.597343415021896362e-02,3.024679608643054962e-03,-3.175153210759162903e-02,1.297270059585571289e-01,-7.616671919822692871e-02,5.482653528451919556e-02,-2.176565118134021759e-02,-1.431601196527481079e-01,-1.015133857727050781e-01,-1.472225189208984375e-01,-1.395095586776733398e-01,1.829340457916259766e-01,1.620359569787979126e-01,9.225014597177505493e-03,-6.988409161567687988e-02,-1.124464422464370728e-01,-1.115038916468620300e-01,-7.222535554319620132e-03,-6.826904416084289551e-02,6.081226095557212830e-02,1.045168042182922363e-01,2.572623193264007568e-01,2.569790184497833252e-01,2.397986501455307007e-01,2.635489106178283691e-01,1.259625107049942017e-01,1.403879821300506592e-01,-1.187532395124435425e-01,-7.842482626438140869e-02,-1.683313548564910889e-01,-4.199871420860290527e-02,2.211367785930633545e-01,3.058983385562896729e-01
4.828852415084838867e-01,9.750255197286605835e-02,3.922201693058013916e-01,9.999997615814208984e-01,2.492607235908508301e-01,2.321188896894454956e-01,4.466861486434936523e-01,6.397238969802856445e-01,3.296468555927276611e-01,1.811547726392745972e-01,3.036707341670989990e-01,1.584398746490478516e-01,7.940515875816345215e-02,3.319463431835174561e-01,1.313714087009429932e-01,2.949115633964538574e-01,1.641727536916732788e-01,1.671442389488220215e-01,1.953516751527786255e-01,3.604034781455993652e-01,1.112794056534767151e-01,1.605060696601867676e-01,1.011118367314338684e-01,6.364594101905822754e-01,3.601879477500915527e-01,3.624320924282073975e-01,2.877363264560699463e-01,2.915537655353546143e-01,3.277747929096221924e-01,4.064575135707855225e-01,1.873300224542617798e-01,4.023821949958801270e-01,1.740195453166961670e-01,1.666808426380157471e-01,-1.722550839185714722e-01,-1.598977148532867432e-01,-3.554065153002738953e-02,2.387225180864334106e-01,1.687877811491489410e-03,2.513243257999420166e-01,1.631573140621185303e-01,2.127197831869125366e-01,-8.072326332330703735e-02,1.114997565746307373e-01,5.188303440809249878e-02,2.258189469575881958e-01,-1.328123956918716431e-01,-7.295129355043172836e-03,1.429627649486064911e-02,8.011758327484130859e-02,8.260112255811691284e-02,1.732169687747955322e-01,-6.526138633489608765e-02,1.113688293844461441e-02,-1.240842603147029877e-02,1.593323945999145508e-01,1.029329672455787659e-01,2.897986471652984619e-01,2.379832267761230469e-01,1.289929449558258057e-01,9.753739088773727417e-02,1.376238167285919189e-01,-1.867575794458389282e-01,-1.848250627517700195e-02,2.091825902462005615e-01,2.804720401763916016e-01,8.361269533634185791e-02,-7.095398753881454468e-02,2.043148130178451538e-01,7.459159940481185913e-02,1.070546656847000122e-01,1.657774895429611206e-01,2.913178801536560059e-01,3.376418352127075195e-01,1.684914082288742065e-01,2.415271848440170288e-01,8.447286486625671387e-02,1.080752909183502197e-02,2.007538676261901855e-01,1.582780033349990845e-01,-3.156515955924987793e-02,1.237722188234329224e-01,3.123285248875617981e-02,2.437256127595901489e-01,1.808857917785644531e-02,1.287837922573089600e-01,2.353602200746536255e-01,2.383691817522048950e-01,-2.455192990601062775e-02,1.549362093210220337e-01,-8.902024477720260620e-02,-8.490201830863952637e-02,-1.246507987380027771e-01,-1.104134246706962585e-01,4.774801060557365417e-02,8.224764466285705566e-02,6.039050966501235962e-02,-5.499708652496337891e-02,-1.259833667427301407e-02,-1.179550811648368835e-01,-1.030462235212326050e-02,-3.669438883662223816e-03,2.662929333746433258e-02,9.723264724016189575e-02,1.800084561109542847e-01,1.449242383241653442e-01,1.617111563682556152e-01,2.890804111957550049e-01,1.113419421017169952e-02,6.690201163291931152e-02,-5.516079068183898926e-02,-1.016007289290428162e-01,-1.576539725065231323e-01,-2.594237960875034332e-02,1.281467378139495850e-01,1.847046613693237305e-01
2.945053949952125549e-02,1.596166789531707764e-01,1.905013062059879303e-02,2.492607235908508301e-01,1.000000000000000000e+00,7.251169085502624512e-01,-2.119081839919090271e-02,3.763378560543060303e-01,6.214101314544677734e-01,4.015530645847320557e-01,1.264358013868331909e-01,3.377213478088378906e-01,1.036586984992027283e-02,3.829565942287445068e-01,4.063374400138854980e-01,5.401842594146728516e-01,6.452923268079757690e-02,1.999018788337707520e-01,-9.762020409107208252e-02,-1.234324183315038681e-02,5.998922884464263916e-02,1.659831404685974121e-01,1.010380461812019348e-01,3.334127366542816162e-01,6.197615265846252441e-01,6.111747622489929199e-01,6.483626961708068848e-01,6.156269311904907227e-01,3.911667317152023315e-02,4.344738423824310303e-01,9.860581159591674805e-02,3.381077349185943604e-01,-5.157379806041717529e-02,-2.939130179584026337e-02,-1.844031512737274170e-01,-2.812081575393676758e-01,1.118704024702310562e-02,-7.387635111808776855e-02,-9.190257638692855835e-03,2.082157880067825317e-02,1.847775839269161224e-02,1.156851723790168762e-01,-1.086283400654792786e-01,-1.830820553004741669e-02,-3.590860590338706970e-02,5.383107438683509827e-02,-1.702600717544555664e-01,-1.173503100872039795e-01,1.329027861356735229e-01,-3.106091544032096863e-02,1.715738028287887573e-01,1.364523917436599731e-01,-5.904281139373779297e-02,-1.554854027926921844e-02,-9.969151020050048828e-02,-6.316757202148437500e-02,1.627099141478538513e-02,2.456298768520355225e-01,9.719755500555038452e-02,1.606128513813018799e-01,1.029992569237947464e-02,1.637149453163146973e-01,-9.647737443447113037e-02,5.021104589104652405e-02,5.028111115097999573e-02,9.011626243591308594e-02,-1.129471212625503540e-01,-1.403184235095977783e-01,7.879064977169036865e-02,1.157292649149894714e-01,-2.999508678913116455e-01,-5.084764957427978516e-02,-1.719027012586593628e-01,1.836674511432647705e-01,-1.358045339584350586e-01,-4.493279382586479187e-02,-6.904545426368713379e-02,4.492348432540893555e-02,-3.653635503724217415e-03,2.152021043002605438e-02,-3.136148676276206970e-02,3.075075522065162659e-02,-6.617334205657243729e-03,1.890722811222076416e-01,-4.601708054542541504e-02,1.636834815144538879e-02,1.546010524034500122e-01,3.822506666183471680e-01,-6.456664204597473145e-02,1.111239194869995117e-01,-4.690844565629959106e-02,-1.696895509958267212e-01,-7.349819689989089966e-02,-1.995513588190078735e-01,-1.045560687780380249e-01,-1.003191173076629639e-01,-7.488124817609786987e-02,-9.680962562561035156e-02,-1.137997284531593323e-01,-2.417200207710266113e-01,2.224083617329597473e-02,-1.188651844859123230e-01,-2.586835622787475586e-02,-1.066174730658531189e-02,-2.494594641029834747e-02,-7.208056747913360596e-02,1.233721245080232620e-02,7.889894396066665649e-02,4.314423538744449615e-03,-1.553566306829452515e-01,-1.873124092817306519e-01,-1.595872491598129272e-01,-1.128259226679801941e-01,-3.256507590413093567e-02,-7.206884026527404785e-02,-6.198858376592397690e-03
-5.020522698760032654e-02,1.597151607275009155e-01,-1.259000599384307861e-01,2.321188896894454956e-01,7.251169085502624512e-01,1.000000119209289551e+00,-1.772493422031402588e-01,4.860889911651611328e-01,5.820648074150085449e-01,6.435635685920715332e-01,2.861647680401802063e-02,4.337760806083679199e-01,-1.162044480443000793e-01,5.285847187042236328e-01,3.438462316989898682e-01,7.076138854026794434e-01,6.474951282143592834e-03,2.766001820564270020e-01,-1.017539799213409424e-01,-2.465416491031646729e-02,1.108206510543823242e-01,2.270063012838363647e-01,5.221004784107208252e-02,2.390685230493545532e-01,6.192031502723693848e-01,7.032144069671630859e-01,7.241090536117553711e-01,7.278345823287963867e-01,-1.140952110290527344e-01,4.931921064853668213e-01,1.071599498391151428e-02,3.431850969791412354e-01,-1.184974238276481628e-01,-7.231960445642471313e-02,-2.043044269084930420e-01,-2.638958990573883057e-01,1.342326700687408447e-01,-9.816970676183700562e-02,3.947382792830467224e-02,2.505423873662948608e-02,-2.070456556975841522e-02,5.752964690327644348e-02,-4.566122964024543762e-02,6.036136299371719360e-02,6.815239612478762865e-05,8.786487579345703125e-02,-9.607914090156555176e-02,8.159975521266460419e-03,1.740767210721969604e-01,-6.987264379858970642e-03,2.150174677371978760e-01,2.390773892402648926e-01,-8.195315487682819366e-03,1.116145849227905273e-01,5.979618872515857220e-04,4.980299249291419983e-02,9.067718870937824249e-03,2.389268577098846436e-01,7.552620023488998413e-02,1.477994471788406372e-01,-3.151992708444595337e-02,1.802286952733993530e-01,-1.479985713958740234e-01,5.584318935871124268e-02,5.479183048009872437e-02,1.249037608504295349e-01,-1.135235875844955444e-01,-1.001017689704895020e-01,1.096680238842964172e-01,1.548558026552200317e-01,-3.282887637615203857e-01,-2.729173377156257629e-02,-1.621970087289810181e-01,1.777421981096267700e-01,-1.267862170934677124e-01,-3.051092661917209625e-02,6.610661745071411133e-03,1.848329156637191772e-01,3.287357510998845100e-03,-9.328110143542289734e-03,-6.417909264564514160e-02,1.003064215183258057e-01,-1.696838736534118652e-01,1.101556494832038879e-01,-3.222025185823440552e-02,1.698685288429260254e-01,5.533840507268905640e-02,5.463192462921142578e-01,-4.036338999867439270e-02,3.043590188026428223e-01,1.095087677240371704e-01,-3.523023426532745361e-02,1.004215478897094727e-01,-4.564201459288597107e-02,-8.613084256649017334e-02,-3.733348473906517029e-02,-5.024233367294073105e-03,-9.234605357050895691e-03,4.485616087913513184e-02,-1.343658864498138428e-01,1.107628941535949707e-01,-2.756673097610473633e-02,5.073672905564308167e-02,3.721992298960685730e-02,-1.145530492067337036e-02,-6.420425325632095337e-02,-2.158057875931262970e-02,5.347833037376403809e-02,2.679575234651565552e-02,-8.451091498136520386e-02,-9.289231896400451660e-02,-4.694484546780586243e-02,6.186240911483764648e-02,4.256401956081390381e-02,-7.357870042324066162e-02,-7.528023794293403625e-03
3.461909294128417969e-01,-1.682209968566894531e-01,7.070605754852294922e-01,4.466861486434936523e-01,-2.119081839919090271e-02,-1.772493422031402588e-01,1.000000119209289551e+00,2.014408111572265625e-01,1.189462468028068542e-01,-2.774805128574371338e-01,2.844650745391845703e-01,-2.041389644145965576e-01,4.440873563289642334e-01,-8.144325762987136841e-02,4.000288993120193481e-02,-1.553192436695098877e-01,1.210207641124725342e-01,-1.189617365598678589e-01,-3.587115556001663208e-03,-3.285125270485877991e-02,5.122146010398864746e-02,-5.466296803206205368e-03,3.063331544399261475e-01,4.649362862110137939e-01,1.828883588314056396e-02,-9.131644666194915771e-02,-9.939493238925933838e-02,-1.518980115652084351e-01,3.957568109035491943e-01,3.615084663033485413e-02,2.965506613254547119e-01,2.108305543661117554e-01,7.680242508649826050e-02,7.821317762136459351e-02,-9.394858777523040771e-02,-7.907953113317489624e-02,-7.394083589315414429e-02,2.424365580081939697e-01,4.922585934400558472e-02,1.925743520259857178e-01,3.533815443515777588e-01,2.529653608798980713e-01,-7.631170004606246948e-02,-2.638940885663032532e-02,2.978163538500666618e-03,2.916130982339382172e-02,-1.625198870897293091e-01,-1.113053038716316223e-01,-2.110700756311416626e-01,-1.905181072652339935e-02,-1.358566433191299438e-01,-1.095954775810241699e-01,-1.265759766101837158e-01,-1.882767677307128906e-01,-6.766141206026077271e-02,-5.044211447238922119e-02,-8.422984927892684937e-02,-1.287744641304016113e-01,1.223590876907110214e-02,-1.805493831634521484e-01,-1.209340691566467285e-01,-2.080776989459991455e-01,-2.262764871120452881e-01,-3.147585690021514893e-01,5.478789284825325012e-02,-8.661313354969024658e-02,-1.347240153700113297e-02,-1.911386102437973022e-01,-1.667059212923049927e-01,-3.092471659183502197e-01,2.720326781272888184e-01,2.014923542737960815e-01,2.974567711353302002e-01,2.339252382516860962e-01,2.386433631181716919e-01,2.393951117992401123e-01,-2.398396283388137817e-02,-1.733943223953247070e-01,4.272737354040145874e-02,6.549777835607528687e-02,-4.057044908404350281e-02,-5.433146283030509949e-02,2.475244551897048950e-01,1.554024368524551392e-01,2.614104747772216797e-02,-2.007385045289993286e-01,2.331786155700683594e-01,-1.182273477315902710e-01,9.290006011724472046e-02,-1.168291792273521423e-01,-2.160032987594604492e-01,-1.761233061552047729e-01,-2.272650450468063354e-01,-1.819544136524200439e-01,1.118198037147521973e-01,7.417736202478408813e-02,-2.842235378921031952e-02,-6.954218447208404541e-02,-1.526011079549789429e-01,-1.156117096543312073e-01,-6.025068834424018860e-02,-5.731019750237464905e-02,2.951842918992042542e-02,7.498624175786972046e-02,1.850678324699401855e-01,2.523140907287597656e-01,2.496811300516128540e-01,2.770125865936279297e-01,9.172829240560531616e-02,1.539651751518249512e-01,-1.470969915390014648e-01,-1.615074723958969116e-01,-2.532462477684020996e-01,-6.998453289270401001e-02,1.639884561300277710e-01,1.927639693021774292e-01
1.730912029743194580e-01,1.905291676521301270e-01,1.876818984746932983e-01,6.397238969802856445e-01,3.763378560543060303e-01,4.860889911651611328e-01,2.014408111572265625e-01,1.000000357627868652e+00,4.433184564113616943e-01,5.313361883163452148e-01,2.783046364784240723e-01,5.040764212608337402e-01,6.445708870887756348e-02,6.765615344047546387e-01,1.539646238088607788e-01,5.958694815635681152e-01,2.018950283527374268e-01,3.548658192157745361e-01,-8.397242426872253418e-02,4.680741950869560242e-02,2.864347398281097412e-01,2.603140473365783691e-01,1.847822964191436768e-01,5.540502667427062988e-01,5.192189812660217285e-01,5.946824550628662109e-01,4.787140190601348877e-01,5.672509074211120605e-01,2.574698030948638916e-01,6.429042220115661621e-01,2.442475110292434692e-01,5.664376616477966309e-01,-3.485001996159553528e-02,1.226589456200599670e-02,-2.777220606803894043e-01,-3.248299062252044678e-01,1.934280395507812500e-01,1.974022984504699707e-01,1.073718816041946411e-01,2.263223379850387573e-01,2.173517197370529175e-01,2.346041500568389893e-01,-1.050944253802299500e-01,-3.574737580493092537e-03,7.078460603952407837e-02,1.700016558170318604e-01,-2.288976907730102539e-01,-6.746996939182281494e-02,1.520890295505523682e-01,8.004391565918922424e-03,1.644426435232162476e-01,2.269960939884185791e-01,-1.368685066699981689e-01,9.589141234755516052e-03,-8.003054186701774597e-03,1.610845625400543213e-01,6.926034390926361084e-02,2.998240590095520020e-01,1.628271341323852539e-01,1.323251724243164062e-01,-1.774472184479236603e-02,1.892250329256057739e-01,-2.523954808712005615e-01,-1.278454437851905823e-02,1.007840409874916077e-01,2.012071013450622559e-01,-9.347739629447460175e-03,-1.139891296625137329e-01,1.927386969327926636e-01,1.652303487062454224e-01,9.129969030618667603e-02,3.316116034984588623e-01,2.361385971307754517e-01,4.667931795120239258e-01,1.563110202550888062e-01,3.071309626102447510e-01,1.596955955028533936e-01,2.155408859252929688e-01,1.537074148654937744e-01,1.120522543787956238e-01,-4.030466824769973755e-02,2.258410900831222534e-01,-9.250632673501968384e-02,2.437394261360168457e-01,-3.676244616508483887e-02,2.107649445533752441e-01,2.076277732849121094e-01,5.229979157447814941e-01,-6.493238732218742371e-03,3.559573888778686523e-01,-7.623067498207092285e-02,-6.796044111251831055e-02,-7.619132101535797119e-02,-8.480449020862579346e-02,3.624758124351501465e-02,5.935930460691452026e-02,2.567888982594013214e-02,-8.739287964999675751e-03,-5.059056729078292847e-02,-1.587478518486022949e-01,5.792260542511940002e-02,4.967064596712589264e-03,7.328546047210693359e-02,1.103088259696960449e-01,9.061048179864883423e-02,7.998532801866531372e-02,1.290558427572250366e-01,2.359105646610260010e-01,4.747168347239494324e-02,3.936485946178436279e-02,-2.031628489494323730e-01,-1.825619488954544067e-01,-1.254584193229675293e-01,-1.736627705395221710e-02,-3.982678800821304321e-02,1.382504217326641083e-02
5.317477136850357056e-02,6.223890557885169983e-02,2.128427475690841675e-01,3.296468555927276611e-01,6.214101314544677734e-01,5.820648074150085449e-01,1.189462468028068542e-01,4.433184564113616943e-01,9.999995827674865723e-01,5.261524915695190430e-01,1.873023211956024170e-01,3.425131738185882568e-01,1.358948200941085815e-01,4.227972328662872314e-01,5.563333630561828613e-01,5.936760306358337402e-01,1.170915514230728149e-01,2.261302471160888672e-01,-4.672122374176979065e-02,-1.423649489879608154e-02,1.816043257713317871e-01,1.829483956098556519e-01,2.290448695421218872e-01,4.454084038734436035e-01,6.299285292625427246e-01,6.026855111122131348e-01,5.449414253234863281e-01,5.111206769943237305e-01,1.638676077127456665e-01,5.376180410385131836e-01,2.554684281349182129e-01,4.469020962715148926e-01,-2.852199040353298187e-02,-2.773350104689598083e-02,-2.002038508653640747e-01,-2.984920442104339600e-01,1.871923804283142090e-01,9.986690431833267212e-02,2.054935991764068604e-01,2.225119173526763916e-01,1.452354341745376587e-01,2.704067528247833252e-01,-1.658699959516525269e-01,1.501064654439687729e-02,2.589031122624874115e-02,1.512675881385803223e-01,-2.390074133872985840e-01,-6.980709731578826904e-02,1.195037439465522766e-01,3.889816626906394958e-02,6.288959830999374390e-02,2.233938127756118774e-01,-1.981451064348220825e-01,7.333213090896606445e-02,-6.085834931582212448e-03,9.687715768814086914e-02,2.058278024196624756e-02,1.935881227254867554e-01,1.300180107355117798e-01,8.682151138782501221e-02,-3.667597100138664246e-02,1.179328709840774536e-01,-1.567839384078979492e-01,-9.741089306771755219e-03,-1.637656614184379578e-02,2.905686572194099426e-02,-1.316420286893844604e-01,-1.804781258106231689e-01,1.216993629932403564e-01,1.467020511627197266e-01,-1.230377554893493652e-01,9.032494574785232544e-02,-1.207188051193952560e-02,2.717206180095672607e-01,5.526777356863021851e-02,9.360498934984207153e-02,1.086725890636444092e-01,1.643359810113906860e-01,7.184917479753494263e-02,1.272833198308944702e-01,-2.042201533913612366e-02,4.957503825426101685e-02,-5.819950997829437256e-02,1.835920214653015137e-01,-1.075774580240249634e-01,3.984213247895240784e-02,1.507616788148880005e-01,4.678942561149597168e-01,3.831724449992179871e-02,2.433872669935226440e-01,-8.586012758314609528e-03,-1.348422169685363770e-01,-5.242348462343215942e-02,-1.630711555480957031e-01,1.313703954219818115e-01,1.754843890666961670e-01,1.173448041081428528e-01,7.605005055665969849e-02,-1.925364322960376740e-02,-2.244636863470077515e-01,1.419527083635330200e-01,-3.264330700039863586e-02,9.630075097084045410e-02,1.751902252435684204e-01,1.709847897291183472e-01,9.384898841381072998e-02,8.166758716106414795e-02,2.013074755668640137e-01,2.121975719928741455e-01,6.786144524812698364e-02,-1.461451500654220581e-01,-1.692381501197814941e-01,-9.203554689884185791e-02,6.256242841482162476e-02,9.058315306901931763e-02,1.575384289026260376e-01
-1.264864206314086914e-01,4.858902469277381897e-02,-1.523462980985641479e-01,1.811547726392745972e-01,4.015530645847320557e-01,6.435635685920715332e-01,-2.774805128574371338e-01,5.313361883163452148e-01,5.261524915695190430e-01,9.999999403953552246e-01,2.454003505408763885e-02,4.844049811363220215e-01,-1.408565193414688110e-01,6.002346873283386230e-01,3.425087928771972656e-01,7.405917644500732422e-01,1.000073552131652832e-01,3.483205437660217285e-01,-5.728674307465553284e-02,-1.753182522952556610e-02,2.467040568590164185e-01,2.769842445850372314e-01,6.262367218732833862e-02,1.292545795440673828e-01,4.807394742965698242e-01,6.418848633766174316e-01,5.432567596435546875e-01,6.213726401329040527e-01,-7.134190946817398071e-02,5.739552378654479980e-01,8.773940056562423706e-02,3.751454353332519531e-01,-8.410416543483734131e-02,-4.756933823227882385e-02,-1.180255562067031860e-01,-1.775571703910827637e-01,3.749688863754272461e-01,6.421287357807159424e-02,2.544115781784057617e-01,1.672947555780410767e-01,6.325265765190124512e-02,1.310344785451889038e-01,-1.818832382559776306e-02,9.537268429994583130e-02,1.001202538609504700e-01,1.927703171968460083e-01,-7.013379037380218506e-02,1.272598356008529663e-01,2.131984233856201172e-01,5.829720571637153625e-02,1.457927972078323364e-01,3.363639712333679199e-01,-8.929495513439178467e-02,2.409451007843017578e-01,1.400249153375625610e-01,2.874854803085327148e-01,9.794158861041069031e-03,1.635457724332809448e-01,1.162841916084289551e-01,1.114309057593345642e-01,-5.956242606043815613e-02,1.695534884929656982e-01,-1.092557162046432495e-01,6.054228171706199646e-02,-8.200669661164283752e-03,1.052868589758872986e-01,-5.203147605061531067e-02,-4.033887013792991638e-02,2.208677530288696289e-01,2.471707314252853394e-01,-1.148368939757347107e-01,1.714284271001815796e-01,-1.322673913091421127e-02,2.073919177055358887e-01,4.981185495853424072e-02,6.685155630111694336e-02,2.688780426979064941e-01,4.142507612705230713e-01,1.296634972095489502e-01,9.291607886552810669e-02,2.038447558879852295e-02,2.368118464946746826e-01,-3.523068726062774658e-01,-1.432947721332311630e-02,-2.257174067199230194e-02,3.386414945125579834e-01,-4.301925748586654663e-02,6.341007947921752930e-01,5.266177654266357422e-02,5.192756056785583496e-01,2.055355906486511230e-01,9.347961843013763428e-02,2.022613435983657837e-01,7.538851350545883179e-02,1.106046289205551147e-01,1.752616018056869507e-01,1.803212016820907593e-01,1.846264302730560303e-01,1.864011734724044800e-01,-3.825765103101730347e-02,1.926180720329284668e-01,6.279821693897247314e-02,1.387391686439514160e-01,1.368813365697860718e-01,5.889425054192543030e-02,-2.304422296583652496e-02,-4.498965665698051453e-02,6.382965296506881714e-02,1.713133305311203003e-01,1.347730308771133423e-01,1.949100755155086517e-02,4.648625850677490234e-02,1.909486949443817139e-01,1.563306003808975220e-01,-3.560444340109825134e-02,-2.067221514880657196e-02
4.139234721660614014e-01,1.415750831365585327e-01,1.739809513092041016e-01,3.036707341670989990e-01,1.264358013868331909e-01,2.861647680401802063e-02,2.844650745391845703e-01,2.783046364784240723e-01,1.873023211956024170e-01,2.454003505408763885e-02,9.999997615814208984e-01,3.120002150535583496e-01,5.307596921920776367e-01,3.153910934925079346e-01,6.868299841880798340e-02,5.799610912799835205e-02,5.169794559478759766e-01,2.953842282295227051e-01,-1.378942430019378662e-01,-2.182666212320327759e-02,2.054690271615982056e-01,1.238863840699195862e-01,-1.581369340419769287e-01,2.657570838928222656e-01,1.528769582509994507e-01,1.128060445189476013e-01,1.146665439009666443e-01,1.457348614931106567e-01,5.129673480987548828e-01,3.719070851802825928e-01,1.004361063241958618e-01,1.233277171850204468e-01,4.497984424233436584e-02,6.472023669630289078e-04,-1.114484965801239014e-01,-1.834589838981628418e-01,2.068672627210617065e-01,2.679850161075592041e-01,2.139517068862915039e-01,2.689726650714874268e-01,3.807111382484436035e-01,2.764631807804107666e-01,-1.680845767259597778e-01,-2.109097391366958618e-01,5.039896816015243530e-02,-4.951713979244232178e-02,-2.531273663043975830e-01,-2.529009282588958740e-01,1.758943647146224976e-01,-9.062127023935317993e-02,1.076291874051094055e-01,-1.678314507007598877e-01,-1.246751099824905396e-01,-3.098410069942474365e-01,1.093023344874382019e-01,2.455877698957920074e-02,3.897390365600585938e-01,1.720435544848442078e-02,2.880207896232604980e-01,1.657699793577194214e-01,3.311735689640045166e-01,1.663935929536819458e-01,-1.543503440916538239e-02,-9.041830152273178101e-02,3.187085688114166260e-01,5.138045549392700195e-02,1.666660904884338379e-01,4.108959436416625977e-02,2.172148674726486206e-01,7.771274447441101074e-02,2.115657478570938110e-01,2.275773733854293823e-01,3.422165215015411377e-01,3.588615655899047852e-01,3.181532323360443115e-01,2.836515605449676514e-01,1.944396495819091797e-01,1.062334105372428894e-01,4.101160466670989990e-01,2.862892448902130127e-01,3.132167458534240723e-01,2.046052068471908569e-01,2.870553135871887207e-01,2.260451316833496094e-01,2.756517827510833740e-01,-1.089436411857604980e-01,3.887054920196533203e-01,9.709282964468002319e-02,3.000760376453399658e-01,4.069011658430099487e-02,-8.227229118347167969e-02,-1.794966757297515869e-01,-1.498941928148269653e-01,-1.608024537563323975e-01,1.155013293027877808e-01,1.391124278306961060e-01,8.191338926553726196e-02,5.224113538861274719e-02,-6.624875962734222412e-02,-1.381916105747222900e-01,1.304434537887573242e-01,6.207371503114700317e-02,1.970004588365554810e-01,1.345259249210357666e-01,1.531572639942169189e-01,1.779075711965560913e-01,2.859787940979003906e-01,3.030965030193328857e-01,1.132686212658882141e-01,1.184199303388595581e-01,-1.191242933273315430e-01,-2.292955964803695679e-01,-2.173382937908172607e-01,2.759978920221328735e-02,1.132079809904098511e-01,2.017151564359664917e-01
-1.194087117910385132e-01,4.220450818538665771e-01,-1.487531363964080811e-01,1.584398746490478516e-01,3.377213478088378906e-01,4.337760806083679199e-01,-2.041389644145965576e-01,5.040764212608337402e-01,3.425131738185882568e-01,4.844049811363220215e-01,3.120002150535583496e-01,9.999997615814208984e-01,5.546592548489570618e-02,6.937535405158996582e-01,1.335599869489669800e-01,5.049160122871398926e-01,2.709069848060607910e-01,5.834804177284240723e-01,-1.864389777183532715e-01,-1.073586270213127136e-01,2.165657579898834229e-01,1.782797425985336304e-01,-7.774208486080169678e-02,1.800736784934997559e-01,4.007904231548309326e-01,4.570720493793487549e-01,3.784825503826141357e-01,4.863835275173187256e-01,1.411639302968978882e-01,6.132072210311889648e-01,3.729325160384178162e-02,2.550812363624572754e-01,-9.131465852260589600e-02,-2.639669366180896759e-02,-1.578375101089477539e-01,-2.288399636745452881e-01,2.955289781093597412e-01,1.313697993755340576e-01,1.642738729715347290e-01,1.433719098567962646e-01,1.583837419748306274e-01,1.872226148843765259e-01,-2.637182176113128662e-02,-7.158388197422027588e-02,1.195478290319442749e-01,2.864369563758373260e-02,-1.832206845283508301e-01,-7.727850973606109619e-02,3.065681457519531250e-01,-4.844276607036590576e-02,1.903383284807205200e-01,1.383523195981979370e-01,-1.111848205327987671e-01,-2.166264317929744720e-02,4.401364922523498535e-02,1.174900084733963013e-01,1.701173633337020874e-01,3.077353835105895996e-01,1.449139714241027832e-01,2.520933747291564941e-01,7.387230545282363892e-02,3.312697410583496094e-01,-8.634614199399948120e-02,1.457358896732330322e-01,1.188511252403259277e-01,1.396101713180541992e-01,5.704819038510322571e-02,1.046051084995269775e-01,2.931564450263977051e-01,3.080213069915771484e-01,-1.919864304363727570e-02,2.449217736721038818e-01,7.526377588510513306e-02,3.936593830585479736e-01,1.300107389688491821e-01,2.580793499946594238e-01,1.648330390453338623e-01,3.068767786026000977e-01,2.118537575006484985e-01,1.776245385408401489e-01,1.321511417627334595e-01,3.443560302257537842e-01,-7.405874133110046387e-02,2.680421769618988037e-01,4.597605392336845398e-02,2.200003564357757568e-01,1.278596818447113037e-01,5.088534951210021973e-01,9.793061017990112305e-02,3.913101553916931152e-01,-1.167239062488079071e-02,1.547897467389702797e-03,-3.543726354837417603e-02,7.655638037249445915e-04,2.489389851689338684e-02,4.520802572369575500e-02,3.299060463905334473e-02,4.027646780014038086e-02,-2.899786084890365601e-02,-8.694326132535934448e-02,1.672746986150741577e-01,9.433566778898239136e-02,1.762607544660568237e-01,1.715617626905441284e-01,4.771185666322708130e-02,8.969213813543319702e-02,1.199367418885231018e-01,2.007646113634109497e-01,4.382717609405517578e-02,-4.848208650946617126e-02,-1.742718815803527832e-01,-1.455157250165939331e-01,2.458191011101007462e-03,5.381742492318153381e-02,-6.662723422050476074e-02,-4.588386043906211853e-03
1.704914271831512451e-01,-1.697524189949035645e-01,3.546001911163330078e-01,7.940515875816345215e-02,1.036586984992027283e-02,-1.162044480443000793e-01,4.440873563289642334e-01,6.445708870887756348e-02,1.358948200941085815e-01,-1.408565193414688110e-01,5.307596921920776367e-01,5.546592548489570618e-02,9.999999403953552246e-01,1.391843706369400024e-01,5.925865843892097473e-02,-9.023237228393554688e-02,3.053931891918182373e-01,7.614219933748245239e-02,-1.960470229387283325e-01,-3.120073378086090088e-01,1.595658361911773682e-01,4.936312884092330933e-02,5.642426013946533203e-02,1.402030587196350098e-01,4.808553960174322128e-03,-7.847858965396881104e-02,-6.209013983607292175e-02,-6.814340502023696899e-02,4.642803966999053955e-01,1.511348485946655273e-01,1.364725083112716675e-01,4.981407150626182556e-02,-1.316757947206497192e-01,-1.575165092945098877e-01,-9.479124099016189575e-02,-1.107485741376876831e-01,1.702190637588500977e-01,2.403865903615951538e-01,2.364749610424041748e-01,2.465811818838119507e-01,4.539950191974639893e-01,3.412577211856842041e-01,-6.754791736602783203e-02,-1.460670232772827148e-01,1.376212835311889648e-01,-1.334782224148511887e-02,-1.540209203958511353e-01,-1.690921932458877563e-01,6.766190379858016968e-02,-6.678399443626403809e-02,-1.884507387876510620e-02,-2.320174425840377808e-01,-7.349469512701034546e-02,-2.496538609266281128e-01,1.370156705379486084e-01,-9.373861365020275116e-03,4.886276274919509888e-02,-2.403271645307540894e-01,1.883527785539627075e-01,5.208737775683403015e-02,1.185127943754196167e-01,1.880739443004131317e-02,-9.811758249998092651e-02,-1.870528608560562134e-01,2.539013624191284180e-01,-6.097305193543434143e-02,1.416369974613189697e-01,4.095178097486495972e-03,-7.783242315053939819e-02,-1.291930377483367920e-01,2.407735735177993774e-01,1.948528289794921875e-01,2.554734349250793457e-01,2.546146214008331299e-01,2.450011670589447021e-01,2.380305081605911255e-01,2.379343658685684204e-02,-6.837844103574752808e-02,1.776465922594070435e-01,7.669091224670410156e-02,2.306228280067443848e-01,7.816063612699508667e-02,3.364458084106445312e-01,1.176007241010665894e-01,2.633529901504516602e-01,-1.759160161018371582e-01,3.203524947166442871e-01,-3.491687402129173279e-02,3.564764857292175293e-01,-3.391939401626586914e-02,-4.152122139930725098e-02,-8.699107170104980469e-02,-8.240512013435363770e-02,-7.665009051561355591e-02,1.934231072664260864e-01,1.385857611894607544e-01,2.551511116325855255e-02,5.820485204458236694e-02,-2.906725183129310608e-02,2.111327834427356720e-03,1.614678502082824707e-01,7.324355840682983398e-02,2.652507722377777100e-01,1.966284960508346558e-01,2.299883216619491577e-01,2.641493380069732666e-01,3.697756826877593994e-01,2.938385605812072754e-01,2.476614713668823242e-01,1.948589980602264404e-01,-1.624699681997299194e-01,-1.635352671146392822e-01,-1.558059602975845337e-01,9.616640396416187286e-03,1.416251957416534424e-01,1.732588410377502441e-01
