1.000000000000000000e+00,4.653114378452301025e-01,1.175256669521331787e-01,2.084291428327560425e-01,-1.952897459268569946e-01,-2.196288406848907471e-01,2.834154665470123291e-01,2.229400724172592163e-01,-9.921278059482574463e-02,-2.114554941654205322e-01,3.579529225826263428e-01,3.447918891906738281e-01,1.643382310867309570e-01,8.980584889650344849e-02,-5.060516670346260071e-02,-1.852013915777206421e-01,3.111634850502014160e-01,2.935469448566436768e-01,3.501642942428588867e-01,4.087865948677062988e-01,1.020580530166625977e-01,-4.126144573092460632e-02,5.783558636903762817e-02,6.400788202881813049e-03,-1.305117607116699219e-01,-1.816425323486328125e-01,-6.518470495939254761e-02,-1.481212079524993896e-01,2.284370809793472290e-01,1.419034153223037720e-01,7.412529736757278442e-02,1.296290429309010506e-03,3.328912854194641113e-01,3.132393360137939453e-01,1.203357279300689697e-01,1.383697539567947388e-01,2.613378763198852539e-01,2.968179285526275635e-01,2.195264399051666260e-01,2.642944753170013428e-01,2.449484169483184814e-01,1.126240044832229614e-01,-1.766115874052047729e-01,-1.837188452482223511e-01,-1.212090905755758286e-02,-1.469944603741168976e-02,-1.599730402231216431e-01,-1.564418673515319824e-01,-3.817794471979141235e-02,7.463318854570388794e-02,-9.328068792819976807e-02,-9.215517342090606689e-02,-1.848324984312057495e-01,-2.151380479335784912e-01,1.188120804727077484e-02,1.891287565231323242e-01,5.421286225318908691e-01,4.192966520786285400e-01,2.172988355159759521e-01,2.627353072166442871e-01,3.246169388294219971e-01,3.362785577774047852e-01,3.235642611980438232e-01,3.926378190517425537e-01,1.639703363180160522e-01,2.693941593170166016e-01,2.501612305641174316e-01,2.590211629867553711e-01,3.909866809844970703e-01,3.469243943691253662e-01,3.258278965950012207e-01,1.873035877943038940e-01,3.143379688262939453e-01,2.227945625782012939e-01,3.025398850440979004e-01,2.852365374565124512e-01,3.742941915988922119e-01,3.287150263786315918e-01,1.617486923933029175e-01,2.346743792295455933e-01,3.035894632339477539e-01,2.930780649185180664e-01,2.258966118097305298e-01,-1.044766791164875031e-02,1.720441430807113647e-01,9.800820797681808472e-02,2.826290130615234375e-01,8.626192808151245117e-02,2.425014674663543701e-01,2.165994197130203247e-01,-2.410680353641510010e-01,-1.974262297153472900e-01,-2.134880870580673218e-01,-1.127347275614738464e-01,1.634512543678283691e-01,1.984731554985046387e-01,-3.407338261604309082e-02,1.937500834465026855e-01,-1.449400633573532104e-01,-1.184639334678649902e-01,4.329326376318931580e-02,2.253566309809684753e-02,1.177583634853363037e-01,1.168303042650222778e-01,8.981034159660339355e-02,1.631739139556884766e-01,1.649021059274673462e-01,3.184343874454498291e-01,8.054506033658981323e-02,1.773534119129180908e-01,3.067766129970550537e-02,-3.195311501622200012e-02,-1.074855253100395203e-01,-2.999137714505195618e-02,-4.699322208762168884e-02,1.251377016305923462e-01
4.653114378452301025e-01,9.999998211860656738e-01,-7.268539629876613617e-03,1.616445779800415039e-01,-1.720542758703231812e-01,-1.339801400899887085e-01,1.318515092134475708e-01,1.663773357868194580e-01,-1.500726938247680664e-01,-1.256819665431976318e-01,1.910066157579421997e-01,2.837217450141906738e-01,7.494502514600753784e-02,2.515836618840694427e-02,-6.378209590911865234e-02,-8.092299103736877441e-02,2.524868547916412354e-01,2.873507738113403320e-01,2.867592275142669678e-01,3.490382730960845947e-01,1.457531452178955078e-01,3.150601685047149658e-02,-1.469478383660316467e-02,-4.245372489094734192e-02,-7.113587111234664917e-02,-1.010315120220184326e-01,-1.291562896221876144e-02,-6.723572313785552979e-02,2.037616223096847534e-01,1.581727713346481323e-01,4.950777068734169006e-02,-6.542633753269910812e-03,3.052054643630981445e-01,2.820538282394409180e-01,1.264021247625350952e-01,1.513291448354721069e-01,2.369895130395889282e-01,2.495087981224060059e-01,2.136731147766113281e-01,2.999389767646789551e-01,2.259805202484130859e-01,1.145181506872177124e-01,-1.567529439926147461e-01,-1.778166443109512329e-01,5.101427901536226273e-03,3.774354234337806702e-02,-1.799009293317794800e-01,-1.767228543758392334e-01,-6.024085357785224915e-02,1.151976361870765686e-01,-1.580319851636886597e-01,-1.282200366258621216e-01,-1.952783912420272827e-01,-1.833489239215850830e-01,-4.959301091730594635e-03,1.940153390169143677e-01,4.991664588451385498e-01,5.704024434089660645e-01,2.817084193229675293e-01,3.444044291973114014e-01,2.966537773609161377e-01,4.370156228542327881e-01,1.781090945005416870e-01,4.202190041542053223e-01,7.111896574497222900e-02,2.820505797863006592e-01,2.958769798278808594e-01,3.018315732479095459e-01,3.527875840663909912e-01,3.765382766723632812e-01,3.014349341392517090e-01,1.926253437995910645e-01,2.608852386474609375e-01,1.844348460435867310e-01,2.611621320247650146e-01,2.408830374479293823e-01,3.275138139724731445e-01,3.375511169433593750e-01,1.137762218713760376e-01,1.904256194829940796e-01,1.819933801889419556e-01,2.669275999069213867e-01,1.263822913169860840e-01,5.723760277032852173e-02,4.668600484728813171e-02,8.208744227886199951e-02,2.010257691144943237e-01,1.240300014615058899e-01,1.709224134683609009e-01,2.653029263019561768e-01,-1.571313589811325073e-01,-8.387534320354461670e-02,-1.225890517234802246e-01,-1.417338475584983826e-02,1.128281056880950928e-01,2.392436116933822632e-01,-1.609168387949466705e-02,2.098108083009719849e-01,-1.169942393898963928e-01,-6.273161619901657104e-02,1.614448614418506622e-02,1.339594125747680664e-01,1.358622461557388306e-01,1.472340971231460571e-01,4.905058816075325012e-02,1.498301327228546143e-01,7.871054857969284058e-02,2.340280413627624512e-01,9.309932589530944824e-02,1.959635317325592041e-01,5.296111106872558594e-02,3.198770355083979666e-05,-4.096182435750961304e-02,1.053125038743019104e-01,4.555521532893180847e-02,1.522269845008850098e-01
1.175256669521331787e-01,-7.268539629876613617e-03,9.999997019767761230e-01,5.503486990928649902e-01,-4.466600343585014343e-02,-1.623177826404571533e-01,5.487650632858276367e-01,4.952236711978912354e-01,1.745734959840774536e-01,-1.567251086235046387e-01,2.195906639099121094e-01,-3.283835016191005707e-03,4.232042133808135986e-01,3.074707984924316406e-01,1.597179919481277466e-01,-1.349458694458007812e-01,9.875630028545856476e-03,-5.406897142529487610e-02,4.258628934621810913e-02,5.168047547340393066e-02,4.747030511498451233e-02,-1.507173180580139160e-01,4.610276818275451660e-01,3.845826685428619385e-01,-1.037767603993415833e-01,-9.881102293729782104e-02,-1.895343214273452759e-01,-2.235697954893112183e-01,1.540284901857376099e-01,1.364056486636400223e-02,4.666570127010345459e-01,4.182210266590118408e-01,-4.486215114593505859e-02,-3.246496617794036865e-02,-3.234790638089179993e-02,-2.927187457680702209e-02,-1.544139832258224487e-01,-2.670831279829144478e-03,-3.759025037288665771e-02,-1.104460582137107849e-01,5.374392867088317871e-02,-9.659984707832336426e-02,1.511212736368179321e-01,2.267872691154479980e-01,1.506698280572891235e-01,3.897953033447265625e-02,2.402773052453994751e-01,2.185946404933929443e-01,2.534073889255523682e-01,1.446441560983657837e-01,3.626964390277862549e-01,3.338074386119842529e-01,2.704599797725677490e-01,2.442419379949569702e-01,1.232611462473869324e-01,8.436471968889236450e-02,1.098933815956115723e-01,-9.782275883480906487e-04,2.228662967681884766e-01,1.710107028484344482e-01,1.933939009904861450e-01,5.210663378238677979e-02,3.650017082691192627e-01,6.583654135465621948e-02,3.237187862396240234e-01,2.665843665599822998e-01,1.305793374776840210e-01,1.728470027446746826e-01,-6.471881177276372910e-03,-3.949031233787536621e-02,1.724137514829635620e-01,8.971803635358810425e-02,1.311353594064712524e-01,8.636861294507980347e-02,1.088825333863496780e-02,3.175738081336021423e-02,-4.427880793809890747e-02,-4.713568836450576782e-02,-5.380179733037948608e-02,2.097229100763797760e-02,6.708890199661254883e-02,-4.937740042805671692e-02,4.320666566491127014e-02,-3.046939969062805176e-01,1.798068881034851074e-01,1.839461177587509155e-01,9.691316634416580200e-02,-2.060215026140213013e-01,-8.302134275436401367e-02,-3.411715850234031677e-02,-9.389463812112808228e-02,-1.097586527466773987e-01,-1.773889362812042236e-01,-1.963277757167816162e-01,-2.561641111969947815e-02,-2.100912854075431824e-02,1.703220419585704803e-02,-1.622492633759975433e-02,-1.395542174577713013e-02,-5.619018524885177612e-02,-1.639074683189392090e-01,-2.902806699275970459e-01,-2.416946142911911011e-01,-2.386849671602249146e-01,-1.836909204721450806e-01,-1.791523993015289307e-01,3.377626091241836548e-02,-4.731277748942375183e-02,-1.115762349218130112e-02,7.042189687490463257e-02,1.026051640510559082e-01,5.017645657062530518e-02,-8.973894268274307251e-02,-1.610532999038696289e-01,-1.433354467153549194e-01,-1.132061630487442017e-01
2.084291428327560425e-01,1.616445779800415039e-01,5.503486990928649902e-01,9.999998211860656738e-01,-1.069573462009429932e-01,-1.937922984361648560e-01,4.630388617515563965e-01,5.243355035781860352e-01,1.067791506648063660e-01,-1.422345787286758423e-01,2.395882457494735718e-01,1.160701289772987366e-01,3.835034370422363281e-01,3.399873971939086914e-01,1.453346312046051025e-01,-1.076880767941474915e-01,1.182324513792991638e-01,8.231861889362335205e-02,9.283430129289627075e-02,1.205111369490623474e-01,1.249203234910964966e-01,-7.494703680276870728e-02,4.126951396465301514e-01,3.620582818984985352e-01,-1.142923384904861450e-01,-9.910921007394790649e-02,-2.156796455383300781e-01,-2.307125031948089600e-01,2.361526340246200562e-01,1.029920578002929688e-01,4.538207650184631348e-01,4.280135333538055420e-01,4.681231081485748291e-02,4.996806010603904724e-02,9.642252698540687561e-03,3.760907053947448730e-02,-7.524692267179489136e-02,7.852382212877273560e-02,-1.242326758801937103e-02,-2.528816089034080505e-02,6.967364996671676636e-02,-7.745316624641418457e-02,1.418280750513076782e-01,2.000759690999984741e-01,1.440309137105941772e-01,5.010244995355606079e-02,2.279135137796401978e-01,2.203226238489151001e-01,2.333539128303527832e-01,1.683621853590011597e-01,3.276901543140411377e-01,3.299129009246826172e-01,2.268709987401962280e-01,2.458629161119461060e-01,1.097350940108299255e-01,1.711268424987792969e-01,2.225894480943679810e-01,1.666800230741500854e-01,2.744272649288177490e-01,2.303129583597183228e-01,2.360863685607910156e-01,1.720021963119506836e-01,3.169546425342559814e-01,1.710312217473983765e-01,2.924513518810272217e-01,3.274103999137878418e-01,2.032871991395950317e-01,2.317871749401092529e-01,3.986303880810737610e-02,3.499398007988929749e-02,2.524527311325073242e-01,1.599021255970001221e-01,2.340662330389022827e-01,1.599392890930175781e-01,1.117749512195587158e-01,1.077538877725601196e-01,4.816403239965438843e-02,5.145387724041938782e-02,-3.146826289594173431e-03,8.774782717227935791e-02,1.036306098103523254e-01,5.752214789390563965e-02,2.520131645724177361e-03,-2.604005336761474609e-01,2.047591656446456909e-01,2.804905176162719727e-01,2.910804003477096558e-02,-2.020294964313507080e-01,-4.120536893606185913e-02,1.141182333230972290e-01,-1.221553832292556763e-01,-8.295883238315582275e-02,-1.850887835025787354e-01,-1.720128059387207031e-01,1.542284386232495308e-03,1.081955134868621826e-01,3.579509630799293518e-02,9.481447935104370117e-02,-1.643197424709796906e-02,-1.027274038642644882e-02,-1.409707814455032349e-01,-2.139718979597091675e-01,-1.753392964601516724e-01,-1.677584946155548096e-01,-1.286554336547851562e-01,-1.006671860814094543e-01,7.855807989835739136e-02,1.001251954585313797e-02,4.363076761364936829e-02,1.005670577287673950e-01,8.734370023012161255e-02,5.164449661970138550e-02,-9.761527925729751587e-02,-7.965025305747985840e-02,-6.230627372860908508e-02,-1.587715931236743927e-02
-1.952897459268569946e-01,-1.720542758703231812e-01,-4.466600343585014343e-02,-1.069573462009429932e-01,1.000000238418579102e+00,5.782148241996765137e-01,-1.284011900424957275e-01,-1.975485235452651978e-01,4.767706096172332764e-01,5.502865910530090332e-01,-1.413974612951278687e-01,-2.830065190792083740e-01,-1.131443977355957031e-01,-1.972147971391677856e-01,4.082528054714202881e-01,3.620520234107971191e-01,-2.557031214237213135e-01,-2.818714678287506104e-01,-5.223687365651130676e-02,-1.100156530737876892e-01,2.489415258169174194e-01,3.317546248435974121e-01,-1.105645671486854553e-02,-2.476922050118446350e-02,5.739399194717407227e-01,5.387384295463562012e-01,5.293017029762268066e-01,4.962963461875915527e-01,-1.799474954605102539e-01,-1.081338077783584595e-01,2.172834612429141998e-02,-2.073601447045803070e-02,-2.553556859493255615e-01,-2.484393566846847534e-01,-3.136335909366607666e-01,-2.610943019390106201e-01,-2.243642956018447876e-01,-1.701435893774032593e-01,-2.036532461643218994e-01,-9.291613101959228516e-02,-1.478355843573808670e-02,1.445086300373077393e-01,-8.755727857351303101e-02,-7.528300583362579346e-02,-1.965553313493728638e-01,-1.471680998802185059e-01,-9.075289219617843628e-02,-8.031130582094192505e-02,-1.459369063377380371e-01,-1.734653860330581665e-01,-8.763667941093444824e-02,-1.259904205799102783e-01,3.671020641922950745e-02,-2.544298768043518066e-02,-5.070909485220909119e-02,-1.553494036197662354e-01,-2.155494391918182373e-01,-1.332491636276245117e-01,-1.348314881324768066e-01,2.019912935793399811e-02,-2.522871792316436768e-01,-1.185846477746963501e-01,-9.805475920438766479e-02,-1.738007515668869019e-01,-1.454436928033828735e-01,-2.003069669008255005e-01,-2.714357376098632812e-01,-2.284806817770004272e-01,-1.566321700811386108e-01,-1.080110743641853333e-01,-1.775799691677093506e-01,-2.176628112792968750e-01,-8.693401515483856201e-02,-1.038344725966453552e-01,-1.979264914989471436e-01,-1.654954552650451660e-01,-1.642070263624191284e-01,-1.771101802587509155e-01,-1.804933100938796997e-01,-2.330060601234436035e-01,-1.636395901441574097e-01,-2.566022872924804688e-01,3.170544207096099854e-01,2.894310653209686279e-01,-1.638079881668090820e-01,-2.091476172208786011e-01,1.787404268980026245e-01,2.486869841814041138e-01,-9.749004989862442017e-02,-1.988875567913055420e-01,2.919714748859405518e-01,2.236501127481460571e-01,2.681362330913543701e-01,6.971452385187149048e-02,-1.006339639425277710e-01,-1.403066217899322510e-01,7.502233237028121948e-02,-4.884644597768783569e-02,1.804043501615524292e-01,9.629366546869277954e-02,6.824262440204620361e-02,1.478846073150634766e-01,-8.143438957631587982e-03,2.899965643882751465e-02,-6.362539529800415039e-02,-1.214566528797149658e-01,-2.750076353549957275e-01,-2.662483751773834229e-01,1.664781011641025543e-02,-9.817254543304443359e-02,7.061809301376342773e-02,1.980131864547729492e-01,3.017509877681732178e-01,6.832905113697052002e-02,5.829441919922828674e-02,-1.868744194507598877e-01
-2.196288406848907471e-01,-1.339801400899887085e-01,-1.623177826404571533e-01,-1.937922984361648560e-01,5.782148241996765137e-01,1.000000000000000000e+00,-2.938593626022338867e-01,-2.566037774085998535e-01,2.478455156087875366e-01,5.755828022956848145e-01,-2.812183797359466553e-01,-2.352493852376937866e-01,-2.716577351093292236e-01,-2.113232761621475220e-01,2.069491744041442871e-01,3.781739473342895508e-01,-3.273198902606964111e-01,-2.797033488750457764e-01,-6.691242754459381104e-02,-1.163747981190681458e-01,1.848128736019134521e-01,3.516402542591094971e-01,-1.242254152894020081e-01,-8.096690475940704346e-02,5.653561949729919434e-01,5.830863118171691895e-01,5.650155544281005859e-01,6.201924681663513184e-01,-2.985461950302124023e-01,-1.176826134324073792e-01,-8.100520819425582886e-02,-8.481727540493011475e-02,-2.659295499324798584e-01,-2.293502986431121826e-01,-3.198499977588653564e-01,-2.482185214757919312e-01,-1.607352644205093384e-01,-1.428623497486114502e-01,-1.596335172653198242e-01,-2.484668232500553131e-02,-4.478321224451065063e-02,1.532753258943557739e-01,-9.952808916568756104e-02,-1.158869490027427673e-01,-3.102926909923553467e-01,-2.722398042678833008e-01,-7.628732919692993164e-02,-6.611830741167068481e-02,-2.688170075416564941e-01,-3.028756976127624512e-01,-1.763553172349929810e-01,-2.334842681884765625e-01,3.187942877411842346e-02,-3.759099543094635010e-02,1.464977301657199860e-02,-3.581737354397773743e-02,-2.473826557397842407e-01,-1.276488751173019409e-01,-2.562093436717987061e-01,-1.222664713859558105e-01,-3.768304884433746338e-01,-1.745357364416122437e-01,-2.368827611207962036e-01,-1.233648881316184998e-01,-2.570009529590606689e-01,-3.370438218116760254e-01,-3.799941837787628174e-01,-3.728765547275543213e-01,-1.688220500946044922e-01,-1.217271983623504639e-01,-2.741210162639617920e-01,-2.977911233901977539e-01,-1.837826371192932129e-01,-2.036348879337310791e-01,-2.390106320381164551e-01,-1.967849731445312500e-01,-2.074434459209442139e-01,-1.843885034322738647e-01,-2.016426920890808105e-01,-2.579726278781890869e-01,-2.180625200271606445e-01,-2.680138647556304932e-01,1.851734668016433716e-01,3.586990237236022949e-01,-1.941036731004714966e-01,-2.686583101749420166e-01,7.360419631004333496e-02,3.362557590007781982e-01,-9.194821119308471680e-02,-1.008725389838218689e-01,4.231803119182586670e-01,3.761921525001525879e-01,3.991632461547851562e-01,2.083235383033752441e-01,-8.064486086368560791e-02,-8.272336423397064209e-02,1.112837791442871094e-01,3.283538296818733215e-02,3.016712665557861328e-01,2.482117116451263428e-01,1.890185177326202393e-01,2.444252818822860718e-01,1.114850640296936035e-01,1.298282891511917114e-01,1.713688112795352936e-02,-3.265444934368133545e-02,-2.477957159280776978e-01,-1.931264251470565796e-01,2.065344713628292084e-02,-1.051596328616142273e-01,5.031130835413932800e-02,1.868790239095687866e-01,3.382866680622100830e-01,1.396937370300292969e-01,8.508113771677017212e-02,-1.078097820281982422e-01
2.834154665470123291e-01,1.318515092134475708e-01,5.487650632858276367e-01,4.630388617515563965e-01,-1.284011900424957275e-01,-2.938593626022338867e-01,9.999999403953552246e-01,5.308820009231567383e-01,1.657779067754745483e-01,-2.479079365730285645e-01,4.176662266254425049e-01,1.885371208190917969e-01,5.326392054557800293e-01,3.477346301078796387e-01,1.869101822376251221e-01,-1.693274974822998047e-01,1.958119124174118042e-01,9.844703972339630127e-02,1.638679355382919312e-01,1.541635096073150635e-01,9.794926643371582031e-02,-1.022032871842384338e-01,4.013803601264953613e-01,3.155366182327270508e-01,-1.600570976734161377e-01,-1.916379332542419434e-01,-2.255865484476089478e-01,-3.174425959587097168e-01,3.028188049793243408e-01,1.394172906875610352e-01,4.361173212528228760e-01,3.426028490066528320e-01,1.325888186693191528e-01,1.251194328069686890e-01,9.254407137632369995e-02,7.789892703294754028e-02,-6.657406687736511230e-02,1.166901215910911560e-01,1.982333837077021599e-03,-3.273201873525977135e-03,1.115063726902008057e-01,-3.788715228438377380e-02,6.033965945243835449e-02,1.228445395827293396e-01,2.342330068349838257e-01,1.555059552192687988e-01,8.086629211902618408e-02,6.647414714097976685e-02,2.953068614006042480e-01,2.662198245525360107e-01,2.648624777793884277e-01,2.812130749225616455e-01,8.451510220766067505e-02,9.165765345096588135e-02,-9.401147253811359406e-03,4.833216220140457153e-02,2.859947681427001953e-01,1.221260577440261841e-01,3.572702705860137939e-01,2.636709213256835938e-01,3.902957141399383545e-01,1.973051577806472778e-01,4.601277410984039307e-01,1.872883737087249756e-01,3.853567242622375488e-01,3.975600898265838623e-01,2.966091334819793701e-01,3.417833149433135986e-01,1.419402211904525757e-01,1.215506345033645630e-01,3.662503361701965332e-01,2.712734639644622803e-01,2.843992710113525391e-01,2.260846942663192749e-01,1.857517510652542114e-01,1.887139379978179932e-01,1.677911579608917236e-01,1.291979849338531494e-01,7.944089919328689575e-02,1.630077511072158813e-01,1.690137386322021484e-01,1.020192131400108337e-01,1.685819178819656372e-01,-2.456382513046264648e-01,1.675796806812286377e-01,1.969546675682067871e-01,2.063770890235900879e-01,-1.307626813650131226e-01,3.950805330532602966e-05,3.307898342609405518e-02,-2.738506495952606201e-01,-2.612546682357788086e-01,-3.359283208847045898e-01,-2.794589102268218994e-01,5.082907527685165405e-02,3.008238226175308228e-02,-5.943277105689048767e-02,3.557661548256874084e-03,-2.043463587760925293e-01,-2.055838406085968018e-01,-2.122886180877685547e-01,-2.645162045955657959e-01,-2.309398055076599121e-01,-2.145878225564956665e-01,-1.815661787986755371e-01,-1.548433899879455566e-01,6.575023382902145386e-02,3.794825822114944458e-02,3.104791417717933655e-02,1.259911507368087769e-01,7.656401395797729492e-02,-1.931601762771606445e-02,-1.752023398876190186e-01,-2.253343015909194946e-01,-1.579040288925170898e-01,-8.062843978404998779e-02
2.229400724172592163e-01,1.663773357868194580e-01,4.952236711978912354e-01,5.243355035781860352e-01,-1.975485235452651978e-01,-2.566037774085998535e-01,5.308820009231567383e-01,1.000000238418579102e+00,2.100505679845809937e-02,-1.820129156112670898e-01,2.882634401321411133e-01,2.242142558097839355e-01,4.328275918960571289e-01,4.485242962837219238e-01,8.280891180038452148e-02,-8.190287649631500244e-02,1.166858300566673279e-01,1.066083237528800964e-01,1.013431027531623840e-01,1.029606834053993225e-01,7.382050156593322754e-02,-1.122363135218620300e-01,3.823479115962982178e-01,3.525819778442382812e-01,-1.889503896236419678e-01,-1.620682775974273682e-01,-2.877575159072875977e-01,-2.954298257827758789e-01,2.633735239505767822e-01,1.476076245307922363e-01,4.305296838283538818e-01,4.038869440555572510e-01,1.141842678189277649e-01,1.413202285766601562e-01,1.158138662576675415e-01,1.323353946208953857e-01,-3.686854615807533264e-02,1.194538697600364685e-01,1.164366211742162704e-02,1.326494943350553513e-02,8.789011090993881226e-02,-6.216658651828765869e-02,1.200593411922454834e-01,1.864947676658630371e-01,2.130332589149475098e-01,1.133280918002128601e-01,1.726130992174148560e-01,1.608750969171524048e-01,2.910514473915100098e-01,2.291533350944519043e-01,3.180869519710540771e-01,3.339023888111114502e-01,1.647984087467193604e-01,2.082942575216293335e-01,4.663639888167381287e-02,1.604565829038619995e-01,2.328705936670303345e-01,1.733822971582412720e-01,3.606593906879425049e-01,2.325735837221145630e-01,3.547434210777282715e-01,2.607426047325134277e-01,3.697823882102966309e-01,2.699696123600006104e-01,3.483850359916687012e-01,3.984015583992004395e-01,2.898233234882354736e-01,3.056384325027465820e-01,1.042738929390907288e-01,9.968706965446472168e-02,3.170860409736633301e-01,2.514264583587646484e-01,2.426295876502990723e-01,1.982353478670120239e-01,1.551826298236846924e-01,1.728684008121490479e-01,1.117329522967338562e-01,1.290958374738693237e-01,2.937082201242446899e-02,1.165019497275352478e-01,1.110390275716781616e-01,9.487316012382507324e-02,-1.441926974803209305e-02,-2.102590799331665039e-01,1.735402494668960571e-01,2.596227824687957764e-01,9.281665086746215820e-03,-1.291483193635940552e-01,-8.117388933897018433e-02,1.248466596007347107e-01,-1.919007450342178345e-01,-1.264782100915908813e-01,-2.473612725734710693e-01,-1.583288908004760742e-01,7.230619341135025024e-02,7.022897154092788696e-02,-1.137670874595642090e-02,4.445747658610343933e-02,-1.351889371871948242e-01,-9.144438803195953369e-02,-1.847236603498458862e-01,-2.089809924364089966e-01,-2.280508577823638916e-01,-1.903977394104003906e-01,-1.846450418233871460e-01,-1.546337008476257324e-01,4.320456087589263916e-02,-8.992592804133892059e-03,5.801400169730186462e-02,1.192432418465614319e-01,6.460700184106826782e-02,-4.790184646844863892e-02,-1.764412373304367065e-01,-1.061523109674453735e-01,-1.204671636223793030e-01,-5.188416689634323120e-02
-9.921278059482574463e-02,-1.500726938247680664e-01,1.745734959840774536e-01,1.067791506648063660e-01,4.767706096172332764e-01,2.478455156087875366e-01,1.657779067754745483e-01,2.100505679845809937e-02,1.000000000000000000e+00,3.071657419204711914e-01,7.197593152523040771e-02,-1.715709269046783447e-01,1.450441479682922363e-01,1.719361729919910431e-02,5.527538657188415527e-01,2.105147987604141235e-01,-9.419077634811401367e-02,-1.750373840332031250e-01,-8.423971943557262421e-03,-4.364516213536262512e-02,2.077248990535736084e-01,1.833912879228591919e-01,1.794074624776840210e-01,1.127590835094451904e-01,3.374941647052764893e-01,2.528121769428253174e-01,2.847447991371154785e-01,1.742625087499618530e-01,-9.678375907242298126e-03,-6.008432805538177490e-02,1.813118010759353638e-01,1.156735420227050781e-01,-1.374031454324722290e-01,-1.536716967821121216e-01,-1.635084301233291626e-01,-1.252621412277221680e-01,-1.686607003211975098e-01,-7.978142052888870239e-02,-1.211630925536155701e-01,-9.791531413793563843e-02,5.921639129519462585e-02,8.028415590524673462e-02,-8.814383298158645630e-02,-4.398726299405097961e-02,-9.802394360303878784e-02,-5.469550192356109619e-02,-6.352426111698150635e-02,-6.719145923852920532e-02,-1.322988234460353851e-02,-6.581914424896240234e-02,-1.057820208370685577e-02,-1.652234420180320740e-02,6.167986616492271423e-02,2.756372280418872833e-02,-1.599430106580257416e-02,-1.220513284206390381e-01,-8.556032180786132812e-02,-9.321583062410354614e-02,6.654827296733856201e-02,1.471470445394515991e-01,2.197381108999252319e-02,9.163516573607921600e-03,1.248017996549606323e-01,-5.486140772700309753e-02,2.708207815885543823e-02,4.024028312414884567e-03,-6.211927905678749084e-02,-9.090711362659931183e-03,-9.757320582866668701e-02,-1.164819225668907166e-01,1.840467378497123718e-02,7.605993188917636871e-03,5.000011995434761047e-02,1.757455244660377502e-02,-6.567440927028656006e-02,-5.532627180218696594e-02,-1.981146261096000671e-02,-3.446984291076660156e-02,-1.199091821908950806e-01,-1.346846371889114380e-01,-6.348620355129241943e-02,-1.654702275991439819e-01,3.970132470130920410e-01,9.541496634483337402e-02,-7.265128195285797119e-02,-9.147000312805175781e-02,2.709231972694396973e-01,1.069169193506240845e-01,-4.061219096183776855e-02,-1.725428700447082520e-01,7.782934606075286865e-02,1.125136576592922211e-02,2.129391767084598541e-02,-1.078837662935256958e-01,-6.674598157405853271e-02,-1.128304600715637207e-01,5.968444421887397766e-02,-2.527871541678905487e-02,3.141762316226959229e-02,-4.844491183757781982e-02,-1.265809834003448486e-01,-7.286655157804489136e-02,-2.135695666074752808e-01,-1.547540128231048584e-01,-1.784360855817794800e-01,-2.077077776193618774e-01,-2.061967998743057251e-01,-2.589149773120880127e-01,1.009633541107177734e-01,1.735459826886653900e-02,1.644648611545562744e-01,2.227489650249481201e-01,2.195214033126831055e-01,-1.093669980764389038e-02,3.521533310413360596e-02,-1.550856679677963257e-01
-2.114554941654205322e-01,-1.256819665431976318e-01,-1.567251086235046387e-01,-1.422345787286758423e-01,5.502865910530090332e-01,5.755828022956848145e-01,-2.479079365730285645e-01,-1.820129156112670898e-01,3.071657419204711914e-01,9.999997019767761230e-01,-1.858071535825729370e-01,-1.967855840921401978e-01,-2.092734575271606445e-01,-1.435756087303161621e-01,3.535110652446746826e-01,5.500486493110656738e-01,-1.790025681257247925e-01,-1.442992091178894043e-01,-6.142849102616310120e-02,-7.208931446075439453e-02,2.983119487762451172e-01,4.137675464153289795e-01,-1.727194786071777344e-01,-1.766516268253326416e-01,4.752364754676818848e-01,4.895635843276977539e-01,4.952045381069183350e-01,5.321208834648132324e-01,-1.336286365985870361e-01,4.485729709267616272e-02,-7.104957103729248047e-02,-6.038641929626464844e-02,-2.098667472600936890e-01,-1.964118927717208862e-01,-2.119599729776382446e-01,-1.449764817953109741e-01,-1.415159404277801514e-01,-9.615683555603027344e-02,-8.658028393983840942e-02,2.370245009660720825e-02,-6.669918075203895569e-04,1.918584257364273071e-01,-1.380925625562667847e-01,-1.308834552764892578e-01,-2.262910008430480957e-01,-1.903890222311019897e-01,-1.416632235050201416e-01,-1.164052262902259827e-01,-2.092116773128509521e-01,-2.022938728332519531e-01,-1.471972912549972534e-01,-1.642393022775650024e-01,-6.903617829084396362e-02,-6.967869400978088379e-02,-8.240818232297897339e-02,-1.117139458656311035e-01,-2.389616370201110840e-01,-1.022957488894462585e-01,-1.807612031698226929e-01,-1.037957593798637390e-01,-2.461519837379455566e-01,-1.030845493078231812e-01,-1.953484565019607544e-01,-1.216132640838623047e-01,-1.636004149913787842e-01,-2.129130065441131592e-01,-2.632782161235809326e-01,-2.476450055837631226e-01,-1.314744502305984497e-01,-1.161159947514533997e-01,-1.729719638824462891e-01,-1.560336500406265259e-01,-1.042397543787956238e-01,-8.976893872022628784e-02,-2.002602368593215942e-01,-1.372614949941635132e-01,-1.331165879964828491e-01,-9.702514857053756714e-02,-1.121372953057289124e-01,-1.383121013641357422e-01,-1.541911661624908447e-01,-1.591717600822448730e-01,2.378626614809036255e-01,4.568697810173034668e-01,-1.989844292402267456e-01,-1.675688773393630981e-01,-2.339935861527919769e-02,3.566898703575134277e-01,-1.070911958813667297e-01,-5.518313497304916382e-02,3.452977836132049561e-01,3.296510279178619385e-01,3.508551716804504395e-01,2.252384275197982788e-01,2.042902074754238129e-02,-5.627019796520471573e-03,4.316326230764389038e-02,-3.394320607185363770e-02,1.635799109935760498e-01,1.336714476346969604e-01,1.885167062282562256e-01,2.897240519523620605e-01,1.103665158152580261e-01,1.750586479902267456e-01,-4.846833646297454834e-03,-4.429574683308601379e-02,-2.658296525478363037e-01,-2.170343101024627686e-01,1.172209754586219788e-01,-3.526526503264904022e-03,-5.265738815069198608e-02,5.249453708529472351e-02,2.403879016637802124e-01,1.630506515502929688e-01,2.125106751918792725e-01,4.674257244914770126e-03
3.579529225826263428e-01,1.910066157579421997e-01,2.195906639099121094e-01,2.395882457494735718e-01,-1.413974612951278687e-01,-2.812183797359466553e-01,4.176662266254425049e-01,2.882634401321411133e-01,7.197593152523040771e-02,-1.858071535825729370e-01,1.000000000000000000e+00,4.033791720867156982e-01,4.911835789680480957e-01,3.534822762012481689e-01,2.094411700963973999e-01,-6.402773410081863403e-02,4.710458517074584961e-01,3.374438285827636719e-01,2.105998396873474121e-01,2.312019318342208862e-01,2.289842218160629272e-01,9.178549051284790039e-02,1.437160670757293701e-01,7.430903613567352295e-02,-1.514732539653778076e-01,-1.877723932266235352e-01,-1.639933288097381592e-01,-2.583073973655700684e-01,4.387395679950714111e-01,3.249037861824035645e-01,2.304225116968154907e-01,1.649514436721801758e-01,2.981081306934356689e-01,2.686079740524291992e-01,2.010686844587326050e-01,1.261464357376098633e-01,7.332912087440490723e-02,1.886449307203292847e-01,6.031867489218711853e-02,1.008673310279846191e-01,1.817425340414047241e-01,7.733479142189025879e-02,-3.000921756029129028e-02,-6.522805429995059967e-03,2.457691431045532227e-01,2.032423615455627441e-01,-8.601583540439605713e-02,-9.203460812568664551e-02,2.251353263854980469e-01,3.037488460540771484e-01,1.178354993462562561e-01,1.628396958112716675e-01,-1.517607420682907104e-01,-9.595355391502380371e-02,-1.613812148571014404e-01,5.830639507621526718e-03,3.096939921379089355e-01,1.447096616029739380e-01,3.153552412986755371e-01,1.831501573324203491e-01,3.537134826183319092e-01,2.007221132516860962e-01,4.027724266052246094e-01,2.166787534952163696e-01,3.214830160140991211e-01,3.598374426364898682e-01,3.174361586570739746e-01,3.452920913696289062e-01,2.155206948518753052e-01,1.815705895423889160e-01,4.142389297485351562e-01,3.540363311767578125e-01,3.857677876949310303e-01,3.230390548706054688e-01,3.240281641483306885e-01,2.474413961172103882e-01,3.110737502574920654e-01,2.182238847017288208e-01,3.147033452987670898e-01,3.077127039432525635e-01,3.436791896820068359e-01,3.239267468452453613e-01,2.587837874889373779e-01,-1.534019783139228821e-02,2.010485082864761353e-01,2.644840776920318604e-01,1.699679344892501831e-01,1.150846830569207668e-03,1.283262968063354492e-01,1.853924691677093506e-01,-3.451559543609619141e-01,-2.914157509803771973e-01,-3.437283039093017578e-01,-2.451432794332504272e-01,1.137053221464157104e-01,1.445838212966918945e-01,-1.544191688299179077e-01,-4.150414094328880310e-02,-3.332908451557159424e-01,-2.841470837593078613e-01,-8.983401954174041748e-02,-1.023940816521644592e-01,-5.488071590662002563e-02,-5.024644359946250916e-02,-5.170990526676177979e-02,-1.808638498187065125e-02,8.859201520681381226e-02,1.182479411363601685e-01,5.869981274008750916e-02,7.280573993921279907e-02,-1.339593380689620972e-01,-2.073025703430175781e-01,-2.978806197643280029e-01,-2.354732602834701538e-01,-9.490595012903213501e-02,-1.653874479234218597e-02
3.447918891906738281e-01,2.837217450141906738e-01,-3.283835016191005707e-03,1.160701289772987366e-01,-2.830065190792083740e-01,-2.352493852376937866e-01,1.885371208190917969e-01,2.242142558097839355e-01,-1.715709269046783447e-01,-1.967855840921401978e-01,4.033791720867156982e-01,1.000000238418579102e+00,2.458413839340209961e-01,3.606585562229156494e-01,-5.833323672413825989e-02,-7.062008976936340332e-02,4.114837050437927246e-01,4.599830210208892822e-01,2.699324488639831543e-01,2.810349464416503906e-01,1.003543585538864136e-01,6.298522651195526123e-02,-1.020214706659317017e-02,1.723984442651271820e-02,-1.744355708360671997e-01,-1.437275409698486328e-01,-1.445675343275070190e-01,-1.467071920633316040e-01,3.120044469833374023e-01,3.778050541877746582e-01,9.572268277406692505e-02,8.279982954263687134e-02,3.681372702121734619e-01,3.743496239185333252e-01,2.539735734462738037e-01,1.819068193435668945e-01,2.155658900737762451e-01,2.509520351886749268e-01,1.201526448130607605e-01,1.769931614398956299e-01,1.400359869003295898e-01,3.444227203726768494e-02,-5.393871665000915527e-02,-8.272655308246612549e-02,8.802143484354019165e-02,4.008867219090461731e-02,-8.891622722148895264e-02,-1.014883294701576233e-01,5.274753272533416748e-02,1.349302828311920166e-01,-4.226117953658103943e-02,-7.025069557130336761e-03,-1.974717527627944946e-01,-1.443266272544860840e-01,-6.709835678339004517e-02,1.695519536733627319e-01,2.934767901897430420e-01,2.581531703472137451e-01,1.993188560009002686e-01,7.136765122413635254e-02,2.702792286872863770e-01,2.494844198226928711e-01,1.779114603996276855e-01,4.004498720169067383e-01,1.410075873136520386e-01,1.876139491796493530e-01,2.250521183013916016e-01,2.195450216531753540e-01,2.195223867893218994e-01,2.089769989252090454e-01,3.107328712940216064e-01,3.210222423076629639e-01,2.602965831756591797e-01,2.359600663185119629e-01,2.860769629478454590e-01,2.223515212535858154e-01,3.408363759517669678e-01,3.214066922664642334e-01,3.480616509914398193e-01,3.909117579460144043e-01,3.389333486557006836e-01,4.046162068843841553e-01,5.533421039581298828e-02,6.069560348987579346e-02,1.903809756040573120e-01,2.348173409700393677e-01,-4.385557956993579865e-03,1.016369834542274475e-01,1.694121509790420532e-01,3.580942153930664062e-01,-2.383683025836944580e-01,-1.710400730371475220e-01,-2.270667701959609985e-01,-1.445001363754272461e-01,1.331159919500350952e-01,1.849587857723236084e-01,-5.081364884972572327e-02,1.217472851276397705e-01,-1.599669307470321655e-01,-9.895290434360504150e-02,1.592049188911914825e-02,-2.255630865693092346e-02,7.070816308259963989e-02,4.277360066771507263e-02,7.425524294376373291e-02,1.129577979445457458e-01,1.253028959035873413e-01,2.356790602207183838e-01,1.023879647254943848e-01,9.875881671905517578e-02,-9.523764997720718384e-02,-1.234853118658065796e-01,-2.074427157640457153e-01,-1.072932109236717224e-01,-1.514516118913888931e-02,1.537187695503234863e-01
1.643382310867309570e-01,7.494502514600753784e-02,4.232042133808135986e-01,3.835034370422363281e-01,-1.131443977355957031e-01,-2.716577351093292236e-01,5.326392054557800293e-01,4.328275918960571289e-01,1.450441479682922363e-01,-2.092734575271606445e-01,4.911835789680480957e-01,2.458413839340209961e-01,1.000000000000000000e+00,4.919975101947784424e-01,2.536714971065521240e-01,-5.295326560735702515e-02,2.974022328853607178e-01,1.907595694065093994e-01,3.988277539610862732e-02,6.791015714406967163e-02,1.865757852792739868e-01,1.885260082781314850e-02,3.381417989730834961e-01,3.097268939018249512e-01,-1.714335381984710693e-01,-1.577405780553817749e-01,-2.666649520397186279e-01,-3.178476989269256592e-01,4.446802437305450439e-01,2.748034894466400146e-01,4.038645625114440918e-01,3.683121800422668457e-01,8.237776905298233032e-02,7.113134860992431641e-02,8.614000678062438965e-02,5.743490904569625854e-02,-7.046336680650711060e-02,1.104441136121749878e-01,-7.702495902776718140e-03,-1.904636435210704803e-02,4.755615442991256714e-02,2.873802557587623596e-03,1.988220214843750000e-01,2.517000138759613037e-01,3.290106058120727539e-01,2.308355122804641724e-01,1.736110448837280273e-01,1.661264598369598389e-01,4.011897146701812744e-01,3.345824182033538818e-01,3.492461740970611572e-01,3.898389041423797607e-01,1.412815302610397339e-01,2.314331382513046265e-01,-2.241406589746475220e-02,9.900052100419998169e-02,2.335520833730697632e-01,5.405890569090843201e-02,3.712169826030731201e-01,2.036703974008560181e-01,3.492041826248168945e-01,1.531843990087509155e-01,3.767695724964141846e-01,1.302308887243270874e-01,3.492877483367919922e-01,3.624021112918853760e-01,3.028886318206787109e-01,3.339064419269561768e-01,5.926624685525894165e-02,2.878838777542114258e-02,4.024321436882019043e-01,3.505513966083526611e-01,3.447019159793853760e-01,3.041908442974090576e-01,2.175310254096984863e-01,1.638257354497909546e-01,1.802635788917541504e-01,1.176821663975715637e-01,1.561579704284667969e-01,1.870826333761215210e-01,2.673729658126831055e-01,1.930885463953018188e-01,1.445833891630172729e-01,-1.495136320590972900e-01,2.834892272949218750e-01,3.751925826072692871e-01,7.131835073232650757e-02,-1.523298174142837524e-01,5.244688317179679871e-02,1.818867921829223633e-01,-2.269341200590133667e-01,-1.487635225057601929e-01,-2.839986383914947510e-01,-1.817275136709213257e-01,7.364016026258468628e-02,8.113125711679458618e-02,-4.945131391286849976e-02,-7.279014214873313904e-03,-1.853454709053039551e-01,-1.142132356762886047e-01,-1.932649016380310059e-01,-2.239390164613723755e-01,-2.319070547819137573e-01,-2.036547958850860596e-01,-1.900817006826400757e-01,-1.755007654428482056e-01,6.457552313804626465e-02,-5.704062525182962418e-03,2.691911906003952026e-02,9.027834981679916382e-02,-1.346256397664546967e-02,-8.973526209592819214e-02,-2.372925281524658203e-01,-2.193930000066757202e-01,-1.371845602989196777e-01,-1.082310453057289124e-01
