9.999998807907104492e-01,3.624605834484100342e-01,2.714495174586772919e-02,1.270077526569366455e-01,7.856006175279617310e-02,8.461011201143264771e-02,4.535480439662933350e-01,3.116909265518188477e-01,3.325671702623367310e-02,-9.288910776376724243e-02,4.135655462741851807e-01,3.326773643493652344e-01,3.842633366584777832e-01,2.529355883598327637e-01,1.516488790512084961e-01,9.467172622680664062e-02,4.228378236293792725e-01,3.278458118438720703e-01,-1.070736646652221680e-01,-9.110943973064422607e-02,2.077533900737762451e-01,2.183775752782821655e-01,7.565779238939285278e-02,1.135124862194061279e-01,1.351635809987783432e-02,7.505705952644348145e-02,1.083664521574974060e-01,1.193398013710975647e-01,3.630509078502655029e-01,2.826161384582519531e-01,2.904299199581146240e-01,2.661948204040527344e-01,2.440289407968521118e-01,2.878539562225341797e-01,6.972265243530273438e-02,7.921013236045837402e-02,3.321875035762786865e-01,2.196026295423507690e-01,3.199006319046020508e-01,2.223550081253051758e-01,2.636264860630035400e-01,2.604562342166900635e-01,1.189245209097862244e-01,2.093704789876937866e-01,3.068259656429290771e-01,2.615835070610046387e-01,1.666647195816040039e-01,1.890141367912292480e-01,3.732470571994781494e-01,3.539476990699768066e-01,2.813102900981903076e-01,2.812171578407287598e-01,8.619794994592666626e-02,7.085548341274261475e-02,2.295105010271072388e-01,2.531119883060455322e-01,4.737668931484222412e-01,1.711120605468750000e-01,3.198928236961364746e-01,2.152552008628845215e-01,3.091288805007934570e-01,2.270268350839614868e-01,4.185618758201599121e-01,2.547736465930938721e-01,3.004516661167144775e-01,2.919437289237976074e-01,3.270218372344970703e-01,2.948094010353088379e-01,7.783073931932449341e-02,5.552515760064125061e-02,8.558794111013412476e-02,1.597420424222946167e-01,1.924187391996383667e-01,2.308081388473510742e-01,9.313647449016571045e-02,1.785523295402526855e-01,-9.918380528688430786e-03,3.269786387681961060e-02,2.578853964805603027e-01,2.501966953277587891e-01,3.726220428943634033e-01,2.763433158397674561e-01,2.069524079561233521e-01,9.741429239511489868e-02,3.482102453708648682e-01,2.177470624446868896e-01,-1.350733786821365356e-01,-1.695788465440273285e-02,1.525429338216781616e-01,1.491466760635375977e-01,-1.759780198335647583e-02,-3.553451225161552429e-02,-1.497165560722351074e-01,-1.797038763761520386e-01,3.304712474346160889e-01,3.094593584537506104e-01,3.259775638580322266e-01,3.001689910888671875e-01,1.658710092306137085e-01,1.748942732810974121e-01,-1.040803119540214539e-01,-2.129819244146347046e-01,-2.482002042233943939e-02,-1.084014251828193665e-01,1.392523497343063354e-01,1.651718914508819580e-01,1.789245456457138062e-01,1.803186833858489990e-01,2.575305104255676270e-01,2.839412987232208252e-01,2.619677186012268066e-01,1.533163636922836304e-01,3.696627914905548096e-02,-1.112989634275436401e-01,6.567703932523727417e-02,1.498245447874069214e-01
3.624605834484100342e-01,9.999998807907104492e-01,1.313258558511734009e-01,2.856920361518859863e-01,-3.705887589603662491e-03,1.246181279420852661e-01,3.489791452884674072e-01,4.375407397747039795e-01,-2.058520168066024780e-02,-1.740146987140178680e-02,2.838426232337951660e-01,3.793821930885314941e-01,3.173219561576843262e-01,3.662600219249725342e-01,1.241086199879646301e-01,2.063436806201934814e-01,3.045537173748016357e-01,3.899665772914886475e-01,8.859118074178695679e-02,1.103284060955047607e-01,2.347672879695892334e-01,2.137283980846405029e-01,1.789495646953582764e-01,2.406774312257766724e-01,6.410555541515350342e-02,1.229841560125350952e-01,1.064833849668502808e-01,1.247830912470817566e-01,2.335608750581741333e-01,3.353110849857330322e-01,2.531213760375976562e-01,3.319745063781738281e-01,1.848833709955215454e-01,2.092446535825729370e-01,7.932715862989425659e-02,1.321475803852081299e-01,2.331765592098236084e-01,3.494362831115722656e-01,2.496414035558700562e-01,3.243165016174316406e-01,2.641655802726745605e-01,3.688679635524749756e-01,5.976559221744537354e-02,2.365795671939849854e-01,2.288392335176467896e-01,2.059302479028701782e-01,5.081649124622344971e-02,1.604211926460266113e-01,3.122088313102722168e-01,3.673851490020751953e-01,2.002543807029724121e-01,3.648129403591156006e-01,-2.286838833242654800e-03,1.741925925016403198e-01,1.673269569873809814e-01,3.582990467548370361e-01,3.343141078948974609e-01,4.582879543304443359e-01,2.900997996330261230e-01,2.745677530765533447e-01,3.014281690120697021e-01,3.328585624694824219e-01,2.350333631038665771e-01,4.055215716361999512e-01,2.025202214717864990e-01,3.721266388893127441e-01,3.276030123233795166e-01,2.865329086780548096e-01,2.482476681470870972e-01,2.137969247996807098e-02,1.238858252763748169e-01,1.933338791131973267e-01,2.425190508365631104e-01,2.935139238834381104e-01,1.684002727270126343e-01,2.476847767829895020e-01,9.745124727487564087e-02,1.272951662540435791e-01,1.057565584778785706e-01,2.695735096931457520e-01,1.969099193811416626e-01,3.656058609485626221e-01,1.038717105984687805e-01,1.926561146974563599e-01,1.099599599838256836e-01,3.719916045665740967e-01,-1.191606894135475159e-01,1.160594001412391663e-01,-8.223066478967666626e-02,2.752451896667480469e-01,-1.341563761234283447e-01,2.741646580398082733e-02,-2.266962528228759766e-01,-1.293674111366271973e-01,2.250921577215194702e-01,2.832164764404296875e-01,1.763825118541717529e-01,2.760515213012695312e-01,9.967349469661712646e-02,2.472170591354370117e-01,-1.444427818059921265e-01,-1.416168808937072754e-01,-5.773141607642173767e-02,-2.701092697679996490e-02,1.757122874259948730e-01,2.444459497928619385e-01,1.697895228862762451e-01,2.607656717300415039e-01,1.776820421218872070e-01,2.640563547611236572e-01,1.681367456912994385e-01,1.060529798269271851e-01,-3.411892801523208618e-02,-1.796998679637908936e-01,6.753423064947128296e-02,1.247856244444847107e-01
2.714495174586772919e-02,1.313258558511734009e-01,1.000000000000000000e+00,3.076175153255462646e-01,3.910683840513229370e-02,6.675439327955245972e-02,2.399205118417739868e-01,2.013988196849822998e-01,4.541350528597831726e-03,-3.473630920052528381e-02,1.976356282830238342e-02,6.308349967002868652e-02,8.843870460987091064e-02,1.197982728481292725e-01,8.880480378866195679e-02,6.077287718653678894e-02,5.786877125501632690e-02,1.592296920716762543e-02,1.352507621049880981e-01,1.424331068992614746e-01,1.426075398921966553e-01,8.559744060039520264e-02,4.943980872631072998e-01,4.245335161685943604e-01,2.180996239185333252e-01,1.842577606439590454e-01,3.792705759406089783e-02,-1.686750352382659912e-02,8.166282624006271362e-02,1.043569892644882202e-01,3.609469830989837646e-01,2.960501909255981445e-01,9.931125491857528687e-02,1.082460209727287292e-01,8.586164563894271851e-02,9.564679861068725586e-02,-4.423449188470840454e-02,1.012634634971618652e-01,1.712292246520519257e-02,1.043934449553489685e-01,9.216368943452835083e-02,1.739319860935211182e-01,8.568682521581649780e-02,1.380843520164489746e-01,1.091089025139808655e-01,1.234135180711746216e-01,5.409410595893859863e-02,2.049835398793220520e-02,7.601401302963495255e-03,7.472629100084304810e-02,3.088525868952274323e-02,1.781690865755081177e-02,-2.681237645447254181e-02,1.421641465276479721e-02,1.099944040179252625e-01,1.071969512850046158e-02,1.112685874104499817e-01,2.036112397909164429e-01,7.494606077671051025e-02,1.872954517602920532e-01,1.339215934276580811e-01,1.218219175934791565e-01,1.065657064318656921e-01,-2.453030785545706749e-03,8.377913385629653931e-02,4.796918854117393494e-02,1.155425831675529480e-01,1.418464332818984985e-01,-1.126712001860141754e-02,9.192400611937046051e-03,2.479372918605804443e-01,1.518376022577285767e-01,2.531588971614837646e-01,1.860165446996688843e-01,2.270106077194213867e-01,1.508265584707260132e-01,2.643420696258544922e-01,2.443615496158599854e-01,3.786520287394523621e-02,3.730161115527153015e-02,2.418515086174011230e-02,6.001647189259529114e-02,3.589187562465667725e-02,4.129673168063163757e-02,-9.360386990010738373e-03,3.074563667178153992e-02,1.810359954833984375e-02,9.846340119838714600e-02,1.076276414096355438e-02,1.185736991465091705e-02,-1.371543761342763901e-02,3.694233298301696777e-02,-4.033718258142471313e-02,-1.060572732239961624e-02,-8.863537758588790894e-02,-7.361990958452224731e-02,-4.406756162643432617e-02,-1.026361286640167236e-01,1.465624868869781494e-01,2.744873799383640289e-02,-8.837408968247473240e-04,-1.835755631327629089e-02,4.770113527774810791e-02,2.618526574224233627e-03,8.321939408779144287e-02,5.584064498543739319e-02,2.958754822611808777e-02,1.845955289900302887e-02,-6.292493641376495361e-02,-5.202668905258178711e-02,-6.372062861919403076e-02,-3.228432312607765198e-02,5.941453948616981506e-02,1.103538796305656433e-01,7.864384353160858154e-02,3.054702654480934143e-02
1.270077526569366455e-01,2.856920361518859863e-01,3.076175153255462646e-01,1.000000000000000000e+00,6.093372032046318054e-02,1.164611428976058960e-01,2.181943655014038086e-01,3.842237591743469238e-01,3.170792758464813232e-02,-1.325789466500282288e-02,9.759727120399475098e-02,1.636452525854110718e-01,1.590856462717056274e-01,2.335305064916610718e-01,1.159204691648483276e-01,1.537232249975204468e-01,1.562620699405670166e-01,1.945127248764038086e-01,1.481196731328964233e-01,1.754027456045150757e-01,1.542959958314895630e-01,1.497153788805007935e-01,3.966336548328399658e-01,4.809536635875701904e-01,1.856329292058944702e-01,1.966146975755691528e-01,6.338582187891006470e-02,8.160447329282760620e-02,1.486913114786148071e-01,2.393716722726821899e-01,3.420713543891906738e-01,3.704659938812255859e-01,1.226135641336441040e-01,1.827505677938461304e-01,8.530386537313461304e-02,7.877119630575180054e-02,5.395941063761711121e-02,2.477772533893585205e-01,1.147702708840370178e-01,2.498070150613784790e-01,1.662890017032623291e-01,2.862237095832824707e-01,6.537009030580520630e-02,2.188304513692855835e-01,1.301806420087814331e-01,1.640774011611938477e-01,3.170606680214405060e-03,9.874541312456130981e-02,1.562008559703826904e-01,2.697378098964691162e-01,7.261189818382263184e-02,3.121263086795806885e-01,-3.818673640489578247e-02,1.345072090625762939e-01,1.256057769060134888e-01,2.480195611715316772e-01,9.217541664838790894e-02,3.432845175266265869e-01,1.519183069467544556e-01,2.171414643526077271e-01,1.480462104082107544e-01,3.046199083328247070e-01,2.171020954847335815e-02,3.223559856414794922e-01,4.384995624423027039e-02,3.361412584781646729e-01,1.848583817481994629e-01,1.671480685472488403e-01,8.171777427196502686e-02,-4.004345089197158813e-02,1.829457134008407593e-01,2.079682350158691406e-01,2.702924311161041260e-01,2.663427591323852539e-01,1.948571652173995972e-01,2.149946540594100952e-01,1.808123439550399780e-01,1.985403299331665039e-01,5.602432414889335632e-02,2.012807279825210571e-01,7.195623125880956650e-03,2.275936305522918701e-01,6.316479295492172241e-02,1.946988850831985474e-01,-7.911349833011627197e-02,2.860492169857025146e-01,-4.534722492098808289e-02,1.973624527454376221e-01,-9.958238154649734497e-02,2.468172311782836914e-01,-6.333693861961364746e-02,1.412339806556701660e-01,-1.260723024606704712e-01,-4.568977653980255127e-02,2.294060774147510529e-02,7.400310039520263672e-02,3.505284711718559265e-02,7.155745476484298706e-02,1.218419745564460754e-01,2.122389525175094604e-01,-1.670520752668380737e-01,-7.416094094514846802e-02,-9.851085394620895386e-02,4.589842166751623154e-03,1.366219520568847656e-01,1.634808629751205444e-01,8.166272193193435669e-02,2.078748047351837158e-01,6.271416787058115005e-03,7.044177502393722534e-02,4.355257377028465271e-02,1.868785917758941650e-02,6.607092171907424927e-02,6.527800112962722778e-02,1.297362446784973145e-01,1.368087530136108398e-01
7.856006175279617310e-02,-3.705887589603662491e-03,3.910683840513229370e-02,6.093372032046318054e-02,9.999998807907104492e-01,4.826062321662902832e-01,1.537520289421081543e-01,1.324851661920547485e-01,4.864722788333892822e-01,4.096528589725494385e-01,1.408251374959945679e-01,8.238153159618377686e-02,2.145779579877853394e-01,1.312094926834106445e-01,4.571361839771270752e-01,2.989599406719207764e-01,8.364745229482650757e-02,5.582664161920547485e-02,-6.090213730931282043e-02,-6.873103789985179901e-03,2.480532228946685791e-01,2.443673759698867798e-01,-5.517925694584846497e-02,-5.035520531237125397e-03,4.217969477176666260e-01,4.103811681270599365e-01,4.521376192569732666e-01,4.570208191871643066e-01,1.938309222459793091e-01,1.255797147750854492e-01,1.734069436788558960e-01,1.249948069453239441e-01,-1.824340820312500000e-01,-1.540723294019699097e-01,-2.904208302497863770e-01,-2.877536118030548096e-01,1.698174923658370972e-01,1.231165230274200439e-01,2.253011912107467651e-01,1.765595823526382446e-01,2.917010784149169922e-01,1.979939341545104980e-01,-6.598418951034545898e-02,-8.713586628437042236e-02,-3.606761619448661804e-02,-5.188506841659545898e-02,-5.543426051735877991e-02,-8.988217264413833618e-02,4.922147840261459351e-02,-1.581486128270626068e-02,4.320369660854339600e-02,-5.221135448664426804e-03,1.018023788928985596e-01,-2.686256542801856995e-02,2.195933461189270020e-01,1.063078790903091431e-01,3.543549776077270508e-02,-7.295238226652145386e-02,-5.396262183785438538e-02,-1.008555814623832703e-01,-1.552355438470840454e-01,-7.675675302743911743e-02,-6.023098248988389969e-03,-2.054138667881488800e-02,-1.004392728209495544e-01,-9.021873772144317627e-02,-1.534156799316406250e-01,-1.909302920103073120e-01,-2.842244133353233337e-02,-1.535225063562393188e-01,-9.877513162791728973e-03,1.315825432538986206e-02,1.015603840351104736e-01,8.400718867778778076e-02,7.595515251159667969e-02,5.581392347812652588e-02,-1.016140207648277283e-01,-7.090928405523300171e-02,-3.636054694652557373e-02,-1.185494475066661835e-02,1.511480808258056641e-01,8.006198704242706299e-02,4.545753896236419678e-01,2.436294108629226685e-01,1.675392985343933105e-01,3.995005786418914795e-02,2.124960273504257202e-01,1.322590559720993042e-01,1.689245700836181641e-01,4.211490973830223083e-02,7.119318842887878418e-02,-6.133458018302917480e-02,-1.453712210059165955e-02,-1.248393207788467407e-01,8.854308724403381348e-02,1.089287996292114258e-01,1.133379265666007996e-01,8.541429042816162109e-02,2.225298434495925903e-02,-8.126553148031234741e-03,-5.186629295349121094e-02,-1.046456024050712585e-01,-9.781385213136672974e-02,-1.683511137962341309e-01,-6.121919676661491394e-02,-2.047464437782764435e-02,6.945846229791641235e-02,9.863218292593955994e-03,4.751813784241676331e-02,1.017077639698982239e-01,-3.142606094479560852e-02,-5.137846246361732483e-02,-6.283353269100189209e-02,-8.971181511878967285e-02,-1.758194863796234131e-01,-1.074255704879760742e-01
8.461011201143264771e-02,1.246181279420852661e-01,6.675439327955245972e-02,1.164611428976058960e-01,4.826062321662902832e-01,9.999997615814208984e-01,1.867518723011016846e-01,3.153611719608306885e-01,3.635578155517578125e-01,4.811245501041412354e-01,1.974575072526931763e-01,2.417389899492263794e-01,3.204708099365234375e-01,3.501131534576416016e-01,5.101656913757324219e-01,5.180822014808654785e-01,1.846019774675369263e-01,2.437870502471923828e-01,-1.023352742195129395e-01,-2.219391427934169769e-02,4.503942728042602539e-01,4.559916555881500244e-01,-8.007476106286048889e-03,4.942176491022109985e-02,4.270904660224914551e-01,4.723553359508514404e-01,5.530326962471008301e-01,5.495107769966125488e-01,3.150965571403503418e-01,3.478736579418182373e-01,2.407605946063995361e-01,2.012040615081787109e-01,-1.813009977340698242e-01,-1.595200747251510620e-01,-1.944842040538787842e-01,-1.867618560791015625e-01,2.916239798069000244e-01,3.174729049205780029e-01,3.453475832939147949e-01,3.640084266662597656e-01,4.233419299125671387e-01,3.709282577037811279e-01,-1.881445012986660004e-02,1.117672212421894073e-02,2.084810659289360046e-02,7.557712029665708542e-03,-9.281145781278610229e-02,-3.012287057936191559e-02,1.074598357081413269e-01,1.081517264246940613e-01,7.459431141614913940e-02,8.258350938558578491e-02,1.598127745091915131e-02,2.710312977433204651e-02,2.171500027179718018e-01,2.689221203327178955e-01,3.353970870375633240e-02,2.781284041702747345e-02,7.425857335329055786e-02,3.245298191905021667e-02,-8.324113488197326660e-02,2.199856005609035492e-02,-2.658191509544849396e-02,2.712868899106979370e-02,-5.158556625247001648e-02,1.428342610597610474e-02,-4.715424962341785431e-03,-3.520738705992698669e-02,1.124900954891927540e-04,-1.511362940073013306e-01,1.928760260343551636e-01,2.231151908636093140e-01,2.717696726322174072e-01,2.847633957862854004e-01,2.285596430301666260e-01,2.603035569190979004e-01,3.435768187046051025e-02,4.608493298292160034e-02,4.305672273039817810e-02,1.339817494153976440e-01,2.067253440618515015e-01,2.662451565265655518e-01,4.594517052173614502e-01,4.527309238910675049e-01,1.316504329442977905e-01,2.207434028387069702e-01,2.147016376256942749e-01,2.849028706550598145e-01,8.917035907506942749e-02,1.946582943201065063e-01,-6.119659543037414551e-02,-8.558865636587142944e-02,-1.262956857681274414e-01,-1.384523361921310425e-01,1.830139458179473877e-01,2.321584522724151611e-01,1.516838967800140381e-01,1.828525960445404053e-01,-4.788435623049736023e-02,1.406138762831687927e-02,-1.114491298794746399e-01,-1.295805424451828003e-01,-8.700860291719436646e-02,-1.364027112722396851e-01,4.951604828238487244e-02,9.669999033212661743e-02,1.869274675846099854e-01,1.784444749355316162e-01,8.977095782756805420e-02,2.054261714220046997e-01,2.167349681258201599e-02,-3.205373138189315796e-02,-1.474243104457855225e-01,-1.435715705156326294e-01,-1.058282479643821716e-01,-8.309606462717056274e-03
4.535480439662933350e-01,3.489791452884674072e-01,2.399205118417739868e-01,2.181943655014038086e-01,1.537520289421081543e-01,1.867518723011016846e-01,9.999998807907104492e-01,4.224732220172882080e-01,1.237420514225959778e-01,9.123642928898334503e-03,3.835437595844268799e-01,3.595596849918365479e-01,4.371649026870727539e-01,3.366475403308868408e-01,2.647265493869781494e-01,2.068844139575958252e-01,3.888423144817352295e-01,3.187586963176727295e-01,-4.196405410766601562e-02,-5.573560297489166260e-02,3.201239407062530518e-01,3.144326806068420410e-01,1.698740720748901367e-01,1.857426762580871582e-01,1.161236539483070374e-01,1.701945662498474121e-01,1.861124485731124878e-01,1.716018170118331909e-01,4.089999198913574219e-01,3.457812666893005371e-01,4.026924073696136475e-01,3.345409631729125977e-01,1.921921670436859131e-01,2.509868741035461426e-01,3.383897617459297180e-02,3.623709455132484436e-02,2.700360417366027832e-01,2.224954813718795776e-01,3.097754716873168945e-01,2.567813694477081299e-01,2.882342338562011719e-01,3.116025328636169434e-01,1.023519188165664673e-01,2.304612249135971069e-01,2.716622352600097656e-01,2.112945467233657837e-01,7.650318741798400879e-02,1.035276725888252258e-01,3.277602791786193848e-01,3.221785724163055420e-01,2.055819779634475708e-01,2.330211848020553589e-01,1.335535105317831039e-02,2.632958814501762390e-02,1.917749494314193726e-01,2.032784521579742432e-01,3.780089020729064941e-01,1.767462193965911865e-01,3.006883263587951660e-01,2.238415479660034180e-01,2.854894995689392090e-01,1.910659670829772949e-01,3.533657193183898926e-01,1.727513819932937622e-01,2.440522313117980957e-01,2.298616468906402588e-01,3.089827895164489746e-01,2.810647487640380859e-01,3.518313169479370117e-02,4.430225118994712830e-02,2.208351492881774902e-01,2.772896289825439453e-01,2.918070554733276367e-01,3.093654811382293701e-01,1.922280490398406982e-01,2.357222884893417358e-01,5.577351525425910950e-02,9.030889719724655151e-02,2.767735719680786133e-01,2.548406720161437988e-01,3.080934882164001465e-01,2.781928181648254395e-01,2.724872529506683350e-01,1.613011360168457031e-01,2.613655030727386475e-01,1.946986168622970581e-01,-3.180134668946266174e-02,6.504487991333007812e-02,1.405524909496307373e-01,1.163849532604217529e-01,-4.976205155253410339e-02,-6.904423981904983521e-02,-1.537275910377502441e-01,-1.871344894170761108e-01,2.308443188667297363e-01,2.372314333915710449e-01,2.396609932184219360e-01,2.209116220474243164e-01,6.994912773370742798e-02,7.311727851629257202e-02,-1.242626532912254333e-01,-2.407671809196472168e-01,-3.537064418196678162e-02,-1.362208127975463867e-01,1.580088734626770020e-01,1.625544726848602295e-01,2.130187898874282837e-01,2.184999138116836548e-01,1.755569577217102051e-01,2.278974354267120361e-01,1.725680083036422729e-01,3.631398826837539673e-02,-2.156299725174903870e-02,-9.747449308633804321e-02,7.948690652847290039e-02,1.329438686370849609e-01
3.116909265518188477e-01,4.375407397747039795e-01,2.013988196849822998e-01,3.842237591743469238e-01,1.324851661920547485e-01,3.153611719608306885e-01,4.224732220172882080e-01,9.999998807907104492e-01,7.011331617832183838e-02,1.446624845266342163e-01,2.614686787128448486e-01,3.853079378604888916e-01,3.746896386146545410e-01,4.735810160636901855e-01,2.634859979152679443e-01,3.758071362972259521e-01,2.987581789493560791e-01,4.026954174041748047e-01,9.915569797158241272e-03,5.549265444278717041e-02,3.639580011367797852e-01,3.910469710826873779e-01,2.213159501552581787e-01,3.064690232276916504e-01,2.002424150705337524e-01,2.761656343936920166e-01,2.665015161037445068e-01,2.798943221569061279e-01,3.357428312301635742e-01,4.592784643173217773e-01,3.781630396842956543e-01,3.734133541584014893e-01,8.818518370389938354e-02,1.357929557561874390e-01,4.146090894937515259e-02,5.323202535510063171e-02,2.173850536346435547e-01,3.603778481483459473e-01,2.791309952735900879e-01,3.658747375011444092e-01,3.051811456680297852e-01,4.219940900802612305e-01,6.029536575078964233e-02,2.244026958942413330e-01,2.122332453727722168e-01,2.159861028194427490e-01,-4.054866731166839600e-02,8.020844310522079468e-02,2.768269479274749756e-01,3.468291163444519043e-01,1.489324718713760376e-01,2.991087436676025391e-01,-6.856727600097656250e-02,7.057611644268035889e-02,1.098013594746589661e-01,3.178053200244903564e-01,2.342204749584197998e-01,3.365569412708282471e-01,2.667518258094787598e-01,2.350281327962875366e-01,2.206361591815948486e-01,2.903237640857696533e-01,1.789743453264236450e-01,3.261849284172058105e-01,1.426889002323150635e-01,3.074123263359069824e-01,2.804940640926361084e-01,2.480784058570861816e-01,8.176618069410324097e-02,-5.668094754219055176e-02,2.696822583675384521e-01,3.620952963829040527e-01,3.651868402957916260e-01,4.392350912094116211e-01,2.465572655200958252e-01,3.543369770050048828e-01,1.529053747653961182e-01,1.806218922138214111e-01,1.508230566978454590e-01,3.286238014698028564e-01,1.932674646377563477e-01,3.855135440826416016e-01,1.942350864410400391e-01,3.581414818763732910e-01,4.891003295779228210e-02,3.621035516262054443e-01,-6.476308405399322510e-02,2.443359196186065674e-01,-9.340220689773559570e-02,2.559813261032104492e-01,-1.778625547885894775e-01,-1.950305886566638947e-02,-2.546457350254058838e-01,-1.881357431411743164e-01,1.769387871026992798e-01,2.323599159717559814e-01,1.253271698951721191e-01,1.995398700237274170e-01,-6.712411413900554180e-04,1.383765935897827148e-01,-2.520277202129364014e-01,-2.180429846048355103e-01,-1.575964689254760742e-01,-1.401989012956619263e-01,1.046320796012878418e-01,1.542077660560607910e-01,1.562527865171432495e-01,2.592773735523223877e-01,9.321344643831253052e-02,2.228438556194305420e-01,1.046262532472610474e-01,-1.946667209267616272e-02,-1.123903468251228333e-01,-1.590396165847778320e-01,7.382435724139213562e-03,1.007555276155471802e-01
3.325671702623367310e-02,-2.058520168066024780e-02,4.541350528597831726e-03,3.170792758464813232e-02,4.864722788333892822e-01,3.635578155517578125e-01,1.237420514225959778e-01,7.011331617832183838e-02,9.999997615814208984e-01,4.193269908428192139e-01,1.057256832718849182e-01,9.232524782419204712e-02,1.887374967336654663e-01,1.113911569118499756e-01,4.559313952922821045e-01,2.867797315120697021e-01,9.534566104412078857e-02,4.689731448888778687e-02,-3.320433944463729858e-02,1.510457042604684830e-02,2.065872699022293091e-01,1.844253689050674438e-01,-5.903242155909538269e-02,-3.197961673140525818e-02,2.854933738708496094e-01,2.916944622993469238e-01,3.741482198238372803e-01,3.513766825199127197e-01,1.460607349872589111e-01,7.807209342718124390e-02,1.266594082117080688e-01,1.319291442632675171e-01,-1.373677402734756470e-01,-9.600797295570373535e-02,-1.845621466636657715e-01,-1.998839080333709717e-01,1.571000814437866211e-01,1.020231693983078003e-01,1.423039883375167847e-01,1.119603291153907776e-01,2.285445332527160645e-01,1.388490796089172363e-01,6.701218895614147186e-03,-3.860809281468391418e-02,1.427412871271371841e-02,-1.870189607143402100e-02,-5.539564415812492371e-02,-7.958630472421646118e-02,2.117868885397911072e-02,-3.771409019827842712e-02,-1.196002494543790817e-02,-7.122465409338474274e-03,9.100024402141571045e-02,7.510632276535034180e-02,1.728532910346984863e-01,5.023297667503356934e-02,-1.650328002870082855e-02,-3.454406931996345520e-02,-1.888076029717922211e-02,-2.390771731734275818e-02,-1.762105673551559448e-01,-4.026746004819869995e-02,-7.335511595010757446e-02,-8.772993087768554688e-02,-1.575374007225036621e-01,-1.243796944618225098e-01,-9.044785052537918091e-02,-1.133747249841690063e-01,2.088168449699878693e-02,-4.344784468412399292e-02,-2.455737628042697906e-02,1.093701273202896118e-02,2.353059872984886169e-02,2.709272690117359161e-02,6.508997082710266113e-02,4.310723394155502319e-02,-8.752118796110153198e-02,-4.283251240849494934e-02,-3.683762252330780029e-02,-4.628504440188407898e-02,9.253855794668197632e-02,4.926768690347671509e-02,4.055530726909637451e-01,1.611934304237365723e-01,1.228246539831161499e-01,1.873577758669853210e-02,2.502746284008026123e-01,9.975028783082962036e-02,2.230115085840225220e-01,8.667272329330444336e-02,3.973622620105743408e-02,-8.977691829204559326e-02,9.392609354108572006e-04,-7.343392819166183472e-02,7.709497958421707153e-02,7.346186041831970215e-02,8.437694609165191650e-02,5.261925607919692993e-02,-2.287925779819488525e-02,-6.527940183877944946e-02,-3.790093213319778442e-02,-1.144080460071563721e-01,-8.207448571920394897e-02,-1.492764353752136230e-01,-5.362107232213020325e-02,-3.068144246935844421e-02,3.285587206482887268e-02,-1.529776025563478470e-02,3.858781605958938599e-02,7.976755499839782715e-02,-8.482380211353302002e-02,-6.106069684028625488e-02,-6.418414413928985596e-02,-3.055655770003795624e-02,-9.578678011894226074e-02,-7.776241004467010498e-02
-9.288910776376724243e-02,-1.740146987140178680e-02,-3.473630920052528381e-02,-1.325789466500282288e-02,4.096528589725494385e-01,4.811245501041412354e-01,9.123642928898334503e-03,1.446624845266342163e-01,4.193269908428192139e-01,9.999998807907104492e-01,4.568822681903839111e-02,1.106594651937484741e-01,1.493714451789855957e-01,2.096283435821533203e-01,4.331943392753601074e-01,4.444119930267333984e-01,1.079779583960771561e-02,9.001448005437850952e-02,-8.029671758413314819e-02,3.377002896741032600e-03,2.939959168434143066e-01,2.981466352939605713e-01,-1.240871474146842957e-01,-7.972279191017150879e-02,3.224653899669647217e-01,3.730744719505310059e-01,4.404291212558746338e-01,4.401505291461944580e-01,1.212949454784393311e-01,1.529978662729263306e-01,4.641797393560409546e-02,7.509741932153701782e-02,-2.273671030998229980e-01,-2.222418785095214844e-01,-1.421445012092590332e-01,-1.306332349777221680e-01,1.476821750402450562e-01,1.746855825185775757e-01,1.262726187705993652e-01,1.577230393886566162e-01,2.439611554145812988e-01,1.800665557384490967e-01,-2.928285114467144012e-02,-9.916190057992935181e-02,-3.558091446757316589e-02,-5.445751547813415527e-02,-1.513874381780624390e-01,-1.174982339143753052e-01,-4.966225847601890564e-02,-5.708970129489898682e-02,-7.527701556682586670e-02,-8.532349020242691040e-02,-3.665577620267868042e-03,3.838036209344863892e-02,4.857946932315826416e-02,8.150330930948257446e-02,-1.560468673706054688e-01,-7.615448534488677979e-02,-4.596748948097229004e-02,-6.115069985389709473e-02,-2.181698828935623169e-01,-8.466607332229614258e-02,-1.752544492483139038e-01,-1.193043291568756104e-01,-1.601881831884384155e-01,-1.415541619062423706e-01,-1.080574318766593933e-01,-1.203137785196304321e-01,-2.781746163964271545e-02,-1.646711081266403198e-01,9.293550997972488403e-02,1.093489900231361389e-01,9.633367508649826050e-02,1.081240773200988770e-01,1.179210543632507324e-01,1.292759180068969727e-01,1.107458677142858505e-02,2.869905158877372742e-02,-8.986734598875045776e-02,-3.990699350833892822e-02,4.347707331180572510e-02,9.104156494140625000e-02,3.063885271549224854e-01,3.297530114650726318e-01,-1.170094497501850128e-02,6.542557477951049805e-02,2.012366205453872681e-01,2.168689370155334473e-01,4.364232346415519714e-02,9.952319413423538208e-02,-1.146379485726356506e-01,-1.501621603965759277e-01,-9.289528429508209229e-02,-8.124019950628280640e-02,2.423323504626750946e-02,6.146543473005294800e-02,-1.503787841647863388e-02,3.111443109810352325e-02,-1.903026103973388672e-01,-1.350824385881423950e-01,-9.364919364452362061e-02,-7.453035563230514526e-02,-1.331776976585388184e-01,-1.389326453208923340e-01,-8.166803419589996338e-02,-4.850504547357559204e-02,9.504389017820358276e-03,1.565588824450969696e-02,-3.096433356404304504e-02,9.196018427610397339e-02,-9.577383846044540405e-02,-8.725561201572418213e-02,-2.142746299505233765e-01,-1.390733718872070312e-01,-1.737548708915710449e-01,-1.418847739696502686e-01
4.135655462741851807e-01,2.838426232337951660e-01,1.976356282830238342e-02,9.759727120399475098e-02,1.408251374959945679e-01,1.974575072526931763e-01,3.835437595844268799e-01,2.614686787128448486e-01,1.057256832718849182e-01,4.568822681903839111e-02,1.000000119209289551e+00,4.982104003429412842e-01,5.452842712402343750e-01,3.796134293079376221e-01,2.666113674640655518e-01,2.293447852134704590e-01,5.145214796066284180e-01,4.615957438945770264e-01,-1.643763631582260132e-01,-1.176132857799530029e-01,3.235215246677398682e-01,3.352459073066711426e-01,7.531586568802595139e-03,4.177589714527130127e-02,7.822629064321517944e-02,1.615789681673049927e-01,1.906041204929351807e-01,1.992155611515045166e-01,5.075859427452087402e-01,4.037320017814636230e-01,2.941057085990905762e-01,2.498712390661239624e-01,1.436072885990142822e-01,1.997060775756835938e-01,3.469322621822357178e-02,1.841577328741550446e-02,3.903371989727020264e-01,2.817572653293609619e-01,4.022788107395172119e-01,3.320021927356719971e-01,3.582435250282287598e-01,3.074675500392913818e-01,1.547578871250152588e-01,2.500407695770263672e-01,3.040003180503845215e-01,2.661656439304351807e-01,9.554716199636459351e-02,1.386412382125854492e-01,3.291698694229125977e-01,3.389377295970916748e-01,2.136185467243194580e-01,2.662891149520874023e-01,-3.617299348115921021e-02,4.007907211780548096e-02,2.479950189590454102e-01,3.165539503097534180e-01,3.117049336433410645e-01,1.255721300840377808e-01,2.706722915172576904e-01,2.102457284927368164e-01,1.745843887329101562e-01,1.150178834795951843e-01,3.193610906600952148e-01,1.863210797309875488e-01,2.071174234151840210e-01,2.629800736904144287e-01,2.958143949508666992e-01,2.808370590209960938e-01,1.970425061881542206e-02,7.153707742691040039e-02,2.145198732614517212e-01,2.670873105525970459e-01,2.876652181148529053e-01,2.903008460998535156e-01,1.993992477655410767e-01,2.587294876575469971e-01,5.218394473195075989e-02,9.128031134605407715e-02,3.681016862392425537e-01,3.676881194114685059e-01,4.957459867000579834e-01,4.314447641372680664e-01,3.063761889934539795e-01,2.493943721055984497e-01,4.354724586009979248e-01,3.340106904506683350e-01,-4.687721282243728638e-02,6.749921292066574097e-02,2.194283604621887207e-01,2.754107117652893066e-01,-7.509523630142211914e-02,-5.885696411132812500e-02,-2.329024374485015869e-01,-2.373368293046951294e-01,3.555090427398681641e-01,3.784280717372894287e-01,3.175939917564392090e-01,3.424544334411621094e-01,1.153737083077430725e-01,1.820207238197326660e-01,-1.186530888080596924e-01,-2.457042485475540161e-01,-4.092294722795486450e-02,-1.316081434488296509e-01,1.869514286518096924e-01,2.073684334754943848e-01,2.728096246719360352e-01,2.520996034145355225e-01,3.115374147891998291e-01,2.980024218559265137e-01,2.053763568401336670e-01,6.707515567541122437e-02,3.266317397356033325e-02,-1.414981484413146973e-01,1.226544827222824097e-01,2.140090912580490112e-01
3.326773643493652344e-01,3.793821930885314941e-01,6.308349967002868652e-02,1.636452525854110718e-01,8.238153159618377686e-02,2.417389899492263794e-01,3.595596849918365479e-01,3.853079378604888916e-01,9.232524782419204712e-02,1.106594651937484741e-01,4.982104003429412842e-01,9.999996423721313477e-01,5.093206167221069336e-01,5.060039758682250977e-01,2.979938089847564697e-01,3.525894284248352051e-01,4.603050649166107178e-01,5.209717154502868652e-01,-1.526765525341033936e-01,-1.092591956257820129e-01,3.955215215682983398e-01,4.040715396404266357e-01,8.897314965724945068e-02,1.375390887260437012e-01,9.356158971786499023e-02,1.966384798288345337e-01,2.367846667766571045e-01,2.421982735395431519e-01,4.618954658508300781e-01,4.954164922237396240e-01,3.494995534420013428e-01,3.461080789566040039e-01,1.614861786365509033e-01,2.216098606586456299e-01,9.174972027540206909e-02,9.172372519969940186e-02,3.615191280841827393e-01,3.762545287609100342e-01,3.701749444007873535e-01,3.954623937606811523e-01,3.693139851093292236e-01,4.080809950828552246e-01,1.652890741825103760e-01,2.943394184112548828e-01,3.349432051181793213e-01,2.950248718261718750e-01,3.465359285473823547e-02,1.278327107429504395e-01,3.377784490585327148e-01,3.753279447555541992e-01,1.562510728836059570e-01,3.022399842739105225e-01,-1.162729710340499878e-01,9.715405106544494629e-02,1.971597075462341309e-01,3.610905706882476807e-01,2.471817284822463989e-01,2.617776691913604736e-01,2.823812365531921387e-01,2.483549863100051880e-01,1.666966676712036133e-01,1.876064985990524292e-01,2.381172925233840942e-01,2.206452041864395142e-01,1.677166819572448730e-01,2.773515284061431885e-01,3.412512540817260742e-01,3.189296126365661621e-01,3.310417383909225464e-02,8.370994776487350464e-02,2.733615338802337646e-01,3.572417199611663818e-01,3.109783530235290527e-01,3.896397054195404053e-01,2.542559504508972168e-01,3.677075505256652832e-01,1.256355941295623779e-01,1.794827431440353394e-01,3.421418666839599609e-01,4.069922566413879395e-01,3.913722038269042969e-01,5.026354789733886719e-01,2.425594031810760498e-01,3.453017473220825195e-01,2.666530609130859375e-01,4.247968792915344238e-01,-7.651518285274505615e-02,1.292799562215805054e-01,8.573188632726669312e-02,3.585700094699859619e-01,-2.028479576110839844e-01,-1.116825193166732788e-01,-3.208015263080596924e-01,-2.549424767494201660e-01,3.381011188030242920e-01,3.806448578834533691e-01,2.617133557796478271e-01,3.365863263607025146e-01,5.337637662887573242e-02,1.863448470830917358e-01,-1.547560542821884155e-01,-2.274626940488815308e-01,-5.895231664180755615e-02,-1.070364043116569519e-01,1.946368813514709473e-01,2.365164160728454590e-01,2.630029022693634033e-01,2.937036752700805664e-01,3.149903416633605957e-01,3.075992166996002197e-01,1.786822974681854248e-01,3.112053126096725464e-02,-7.229712605476379395e-02,-2.255090773105621338e-01,1.296884864568710327e-01,2.188829630613327026e-01
3.842633366584777832e-01,3.173219561576843262e-01,8.843870460987091064e-02,1.590856462717056274e-01,2.145779579877853394e-01,3.204708099365234375e-01,4.371649026870727539e-01,3.746896386146545410e-01,1.887374967336654663e-01,1.493714451789855957e-01,5.452842712402343750e-01,5.093206167221069336e-01,1.000000238418579102e+00,4.965547025203704834e-01,3.911626636981964111e-01,3.759637475013732910e-01,4.921178817749023438e-01,4.845939278602600098e-01,-1.584036946296691895e-01,-9.999890625476837158e-02,4.493344426155090332e-01,4.444553852081298828e-01,7.744807004928588867e-02,1.146488487720489502e-01,1.683106571435928345e-01,2.637325823307037354e-01,3.248738348484039307e-01,3.238635063171386719e-01,5.365877151489257812e-01,4.975209236145019531e-01,3.833246231079101562e-01,3.234144151210784912e-01,6.460641324520111084e-02,1.351507902145385742e-01,3.451292961835861206e-02,6.731593515723943710e-03,4.035545885562896729e-01,3.655990660190582275e-01,4.585269093513488770e-01,4.283612072467803955e-01,4.331208467483520508e-01,4.213374853134155273e-01,1.577567458152770996e-01,2.734656929969787598e-01,3.185083568096160889e-01,2.725784778594970703e-01,5.083316192030906677e-02,1.176348105072975159e-01,3.456708192825317383e-01,3.752490878105163574e-01,2.077444642782211304e-01,2.826291620731353760e-01,-6.459856778383255005e-02,4.066767916083335876e-02,2.760582268238067627e-01,3.660762906074523926e-01,3.140235245227813721e-01,1.796848475933074951e-01,3.346560895442962646e-01,2.767637670040130615e-01,1.755949258804321289e-01,1.702835857868194580e-01,2.919487059116363525e-01,1.642260104417800903e-01,1.918687522411346436e-01,2.486920356750488281e-01,3.336964547634124756e-01,3.108974993228912354e-01,5.209075286984443665e-02,4.546751268208026886e-03,2.959977090358734131e-01,3.743680417537689209e-01,3.905878365039825439e-01,4.162143170833587646e-01,2.766623497009277344e-01,3.580966591835021973e-01,1.183097213506698608e-01,1.514154374599456787e-01,3.317157626152038574e-01,3.682675361633300781e-01,4.724774658679962158e-01,4.781371355056762695e-01,3.808635771274566650e-01,3.550004959106445312e-01,3.769433498382568359e-01,3.733423650264739990e-01,3.614418208599090576e-02,1.899118125438690186e-01,2.006260454654693604e-01,3.114721775054931641e-01,-1.001162901520729065e-01,-7.653220742940902710e-02,-2.406163215637207031e-01,-2.394420206546783447e-01,3.590072393417358398e-01,4.043005406856536865e-01,3.186794519424438477e-01,3.567456901073455811e-01,9.902791678905487061e-02,1.642924994230270386e-01,-1.396285593509674072e-01,-2.623643279075622559e-01,-4.084669053554534912e-02,-1.388411372900009155e-01,2.018087655305862427e-01,2.276768237352371216e-01,3.085314333438873291e-01,3.152815699577331543e-01,2.978770136833190918e-01,3.018555939197540283e-01,1.760930269956588745e-01,2.801435440778732300e-02,-3.677267953753471375e-02,-1.413518637418746948e-01,1.296686828136444092e-01,2.324600219726562500e-01
