1.000000119209289551e+00,3.500750660896301270e-01,2.952678501605987549e-01,2.396255582571029663e-01,6.641238927841186523e-02,2.410071343183517456e-02,2.459254562854766846e-01,1.885355561971664429e-01,7.006036490201950073e-02,3.661197423934936523e-02,2.417101413011550903e-01,1.342523097991943359e-01,2.625845074653625488e-01,6.514659523963928223e-02,1.664726436138153076e-01,5.779665336012840271e-02,2.309946715831756592e-01,2.269785106182098389e-01,3.424161672592163086e-01,2.886380255222320557e-01,4.013317450881004333e-02,4.621735215187072754e-02,2.396002858877182007e-01,2.243741601705551147e-01,1.959205232560634613e-02,1.669742912054061890e-02,6.948579102754592896e-02,2.650192938745021820e-02,1.573266834020614624e-01,1.684306859970092773e-01,1.193477213382720947e-01,1.137535125017166138e-01,1.809992194175720215e-01,1.690037250518798828e-01,-4.795373976230621338e-02,-8.310155570507049561e-02,1.092928498983383179e-01,3.946999460458755493e-02,8.149947226047515869e-02,7.162128388881683350e-02,4.761468619108200073e-03,8.744879066944122314e-02,2.124256081879138947e-02,-2.034018747508525848e-02,-7.696437835693359375e-02,-5.620965734124183655e-03,4.466293379664421082e-02,2.421304583549499512e-02,5.974181741476058960e-02,-8.139802142977714539e-03,5.948444083333015442e-02,-2.826239913702011108e-02,4.456702247262001038e-02,1.042475085705518723e-02,8.790182322263717651e-02,7.009972631931304932e-02,4.336273074150085449e-01,2.359996438026428223e-01,2.246952503919601440e-01,8.910936117172241211e-02,1.634231358766555786e-01,7.229525595903396606e-02,2.863385379314422607e-01,2.004334032535552979e-01,2.930878289043903351e-02,-2.920436672866344452e-02,2.009293995797634125e-02,-1.130603533238172531e-02,1.300226300954818726e-01,1.667341440916061401e-01,-2.960233716294169426e-03,-6.375085096806287766e-03,6.538271158933639526e-02,5.590841919183731079e-02,1.073187738656997681e-01,2.872474677860736847e-02,-2.477089688181877136e-02,-7.573948800563812256e-02,1.600352823734283447e-01,1.425268501043319702e-01,2.299646735191345215e-01,1.721290946006774902e-01,1.504644602537155151e-01,1.227649152278900146e-01,1.691429764032363892e-01,6.047274544835090637e-02,7.777962088584899902e-02,1.201823949813842773e-01,1.286050230264663696e-01,2.115591662004590034e-03,3.595869243144989014e-02,2.069598995149135590e-02,6.253841519355773926e-02,9.394782036542892456e-02,-8.872657269239425659e-02,-1.026770323514938354e-01,-3.483553230762481689e-02,-4.444614797830581665e-02,2.681112289428710938e-02,1.949789188802242279e-02,9.919435530900955200e-02,1.332526803016662598e-01,8.743268996477127075e-02,1.124414131045341492e-01,-2.482792921364307404e-02,-1.506360713392496109e-02,-4.169862344861030579e-02,-1.631951332092285156e-02,-4.624655097723007202e-02,-1.148516908288002014e-01,-1.324148327112197876e-01,-2.148400619626045227e-02,2.991439960896968842e-02,1.102753449231386185e-02,-4.778981953859329224e-02,-1.111358851194381714e-01
3.500750660896301270e-01,1.000000357627868652e+00,1.964391171932220459e-01,2.333111763000488281e-01,5.447280779480934143e-02,4.336803033947944641e-02,6.733719259500503540e-02,1.876407712697982788e-01,3.750822693109512329e-02,5.492540448904037476e-02,2.279102206230163574e-01,2.977291941642761230e-01,1.561859399080276489e-01,1.845548599958419800e-01,9.872602671384811401e-02,2.095178216695785522e-01,1.540582925081253052e-01,2.789680063724517822e-01,3.253250420093536377e-01,4.074944257736206055e-01,7.018515467643737793e-02,1.063804030418395996e-01,2.278825640678405762e-01,2.266598790884017944e-01,3.929818794131278992e-02,3.591316938400268555e-02,8.823536336421966553e-02,7.952123135328292847e-02,7.543207705020904541e-02,2.041128575801849365e-01,1.190428584814071655e-01,1.686960011720657349e-01,2.525664567947387695e-01,2.667102217674255371e-01,8.154758065938949585e-02,3.630114346742630005e-02,1.750127226114273071e-01,1.877416968345642090e-01,1.721087694168090820e-01,2.219350934028625488e-01,3.863066062331199646e-02,1.440969258546829224e-01,1.906934753060340881e-02,2.597393468022346497e-02,-1.065238192677497864e-02,3.404986858367919922e-02,2.747317403554916382e-02,7.965859025716781616e-02,7.435987889766693115e-02,5.214074999094009399e-02,6.143115460872650146e-02,6.940119713544845581e-02,3.881081193685531616e-02,3.909450396895408630e-02,1.336111724376678467e-01,1.768800318241119385e-01,3.622801005840301514e-01,4.456104934215545654e-01,2.131743580102920532e-01,1.789226979017257690e-01,1.258256584405899048e-01,1.938367933034896851e-01,1.920408159494400024e-01,2.616795301437377930e-01,2.160414308309555054e-02,8.557184785604476929e-02,9.048378467559814453e-02,1.450172364711761475e-01,3.559782803058624268e-01,3.229704499244689941e-01,1.033599972724914551e-01,1.733056008815765381e-01,3.540796414017677307e-02,1.351469010114669800e-01,7.030941545963287354e-02,8.345836400985717773e-02,-9.672552347183227539e-03,6.303653120994567871e-02,9.264470636844635010e-02,1.662814617156982422e-01,1.722190231084823608e-01,2.439032047986984253e-01,9.193582832813262939e-02,1.889698207378387451e-01,1.741762608289718628e-01,1.816222965717315674e-01,1.136021390557289124e-01,1.924761980772018433e-01,9.854568541049957275e-02,1.662387549877166748e-01,1.317468285560607910e-01,4.331948608160018921e-02,1.601390540599822998e-01,1.217991337180137634e-01,4.480468109250068665e-03,3.467814624309539795e-02,1.424643844366073608e-01,1.513575166463851929e-01,9.505972266197204590e-02,9.812918305397033691e-02,1.252096295356750488e-01,7.995945960283279419e-02,1.220159009099006653e-01,1.080666482448577881e-01,9.608078002929687500e-02,1.044357195496559143e-01,-2.060822024941444397e-02,1.469208486378192902e-02,5.239326879382133484e-02,9.796107560396194458e-02,8.863606303930282593e-02,7.215733081102371216e-02,7.329918444156646729e-02,7.773029059171676636e-02,8.783709257841110229e-02,5.409855395555496216e-03
2.952678501605987549e-01,1.964391171932220459e-01,1.000000119209289551e+00,3.974727690219879150e-01,2.760553061962127686e-01,1.602714955806732178e-01,3.948382139205932617e-01,3.378243744373321533e-01,1.699670404195785522e-01,1.026277542114257812e-01,1.432696878910064697e-01,1.019791662693023682e-01,1.732241511344909668e-01,6.989330798387527466e-02,1.270487904548645020e-01,3.116500191390514374e-02,3.398005664348602295e-02,1.141830161213874817e-01,2.007036805152893066e-01,1.786275058984756470e-01,8.015897870063781738e-02,1.031252965331077576e-01,4.242176115512847900e-01,3.683551549911499023e-01,2.483522146940231323e-01,2.495642900466918945e-01,1.936660706996917725e-01,1.163886860013008118e-01,4.804893210530281067e-02,1.151361018419265747e-01,2.524166703224182129e-01,2.142134159803390503e-01,1.298722326755523682e-01,1.504906415939331055e-01,1.229172199964523315e-01,6.787844002246856689e-02,8.028277009725570679e-02,-2.905368804931640625e-03,3.030838072299957275e-02,3.676166012883186340e-02,4.947787616401910782e-03,1.242442615330219269e-02,4.079797118902206421e-02,-9.660897776484489441e-03,5.972882732748985291e-02,2.536544390022754669e-02,2.094031684100627899e-02,1.936883851885795593e-02,2.813494019210338593e-02,2.068932168185710907e-02,2.153974957764148712e-02,-5.087685957551002502e-02,2.763991057872772217e-02,9.590524248778820038e-03,1.346729230135679245e-02,1.866053417325019836e-02,2.767407596111297607e-01,1.769737154245376587e-01,1.910042464733123779e-01,4.631236195564270020e-02,1.341284811496734619e-01,1.696302182972431183e-02,4.580833017826080322e-02,4.215938970446586609e-02,2.120792716741561890e-01,9.000987559556961060e-02,9.703034907579421997e-02,4.016497358679771423e-02,1.028928384184837341e-01,2.070548087358474731e-01,-2.590729296207427979e-02,1.107006613165140152e-02,-4.508763179183006287e-02,-2.831150032579898834e-02,4.398714751005172729e-03,-4.425211623311042786e-02,-5.060948058962821960e-02,-2.196836099028587341e-02,5.275373533368110657e-02,1.205715835094451904e-01,8.283014595508575439e-02,6.808256357908248901e-02,1.245296970009803772e-01,5.147054791450500488e-02,9.747020900249481201e-02,7.174977101385593414e-03,1.154678836464881897e-01,9.891090542078018188e-02,1.063552424311637878e-01,-7.187215145677328110e-03,-3.756944835186004639e-02,-1.293779909610748291e-02,7.175274938344955444e-02,8.385341614484786987e-02,-2.919138036668300629e-02,-6.269567459821701050e-02,-9.509370476007461548e-02,-9.878409653902053833e-02,-4.788073152303695679e-02,-8.470814675092697144e-02,5.521456152200698853e-02,1.770782633684575558e-03,2.152365632355213165e-02,5.045792087912559509e-02,-2.982583828270435333e-02,5.695037543773651123e-03,5.402285233139991760e-02,4.173836857080459595e-02,-4.945359751582145691e-02,-1.178258806467056274e-01,-1.208532005548477173e-01,-3.958874195814132690e-02,-4.258709400892257690e-02,1.276480685919523239e-02,-4.996363818645477295e-02,-9.734380245208740234e-02
2.396255582571029663e-01,2.333111763000488281e-01,3.974727690219879150e-01,1.000000119209289551e+00,2.288238257169723511e-01,1.700383573770523071e-01,2.533990144729614258e-01,4.935292303562164307e-01,1.954157650470733643e-01,2.109023928642272949e-01,1.754737459123134613e-02,1.889514327049255371e-01,1.457733362913131714e-01,2.494798302650451660e-01,1.513258069753646851e-01,2.099817842245101929e-01,4.840441793203353882e-02,1.512856930494308472e-01,1.128572672605514526e-01,2.116731554269790649e-01,2.688631974160671234e-02,7.626117020845413208e-02,4.595882594585418701e-01,5.120510458946228027e-01,2.766613662242889404e-01,3.137274384498596191e-01,2.672431766986846924e-01,1.685818880796432495e-01,5.132322385907173157e-02,1.308661997318267822e-01,1.958691626787185669e-01,2.910396158695220947e-01,7.802693545818328857e-02,2.029053419828414917e-01,2.186110466718673706e-01,2.263834178447723389e-01,6.743600964546203613e-02,1.198890060186386108e-02,3.885277360677719116e-02,6.294757872819900513e-02,3.911219909787178040e-02,4.507118865149095654e-05,8.754513412714004517e-02,1.806325092911720276e-02,-1.555660180747509003e-02,-3.980737924575805664e-02,4.625175520777702332e-02,5.469704419374465942e-02,-1.638260111212730408e-02,-5.162547808140516281e-03,-2.420878969132900238e-02,-1.949754427187144756e-03,3.673894971143454313e-04,-8.490907400846481323e-02,2.383227460086345673e-02,-2.407773584127426147e-02,2.450109869241714478e-01,1.331365555524826050e-01,1.560427434742450714e-02,-9.205917827785015106e-03,3.516489872708916664e-03,8.741546422243118286e-02,1.224729605019092560e-02,1.429377794265747070e-01,1.658605337142944336e-01,2.393346279859542847e-01,-5.686325579881668091e-02,3.079714812338352203e-02,1.228824555873870850e-01,2.234724760055541992e-01,2.973896451294422150e-02,1.024622991681098938e-01,2.455756627023220062e-02,4.306709766387939453e-02,2.447514981031417847e-02,9.191570803523063660e-03,-7.694230880588293076e-03,6.041467562317848206e-02,4.619492962956428528e-02,1.253193765878677368e-01,6.824135035276412964e-02,5.011133849620819092e-02,1.700181066989898682e-01,9.972481429576873779e-02,6.928683072328567505e-02,6.578020006418228149e-02,1.584907919168472290e-01,2.014807462692260742e-01,8.420170843601226807e-02,1.298365741968154907e-01,5.262079834938049316e-02,-2.409524656832218170e-02,1.777262538671493530e-01,4.534812644124031067e-02,-7.046592980623245239e-02,-4.387725889682769775e-02,-8.646982908248901367e-02,-7.204271852970123291e-02,-3.455955162644386292e-02,-1.107134670019149780e-01,1.013512685894966125e-01,-3.171335905790328979e-02,3.294918686151504517e-02,5.245624342933297157e-04,-7.456026040017604828e-03,-2.736683376133441925e-02,8.589513599872589111e-02,3.078388608992099762e-02,-2.848548442125320435e-02,-1.620674729347229004e-01,-1.281783729791641235e-01,-4.621782526373863220e-02,-6.496529281139373779e-02,-1.619513146579265594e-02,1.001976709812879562e-02,-8.211717009544372559e-02
6.641238927841186523e-02,5.447280779480934143e-02,2.760553061962127686e-01,2.288238257169723511e-01,1.000000000000000000e+00,3.563438951969146729e-01,2.470032572746276855e-01,2.415840625762939453e-01,4.127766489982604980e-01,3.330042362213134766e-01,1.216253563761711121e-01,8.533233404159545898e-02,2.075128555297851562e-01,1.476754248142242432e-01,3.179063200950622559e-01,2.427112013101577759e-01,9.558650664985179901e-03,4.577557556331157684e-03,6.611465662717819214e-02,6.469087302684783936e-02,1.540820300579071045e-01,9.524632990360260010e-02,2.981698811054229736e-01,2.471768856048583984e-01,3.693926334381103516e-01,2.807507812976837158e-01,3.035876154899597168e-01,2.249084860086441040e-01,1.807985454797744751e-01,8.801453560590744019e-02,2.456918507814407349e-01,1.771575063467025757e-01,5.194831639528274536e-02,3.887973725795745850e-02,1.800697445869445801e-01,1.598704010248184204e-01,1.406739652156829834e-01,1.227147728204727173e-01,1.330815702676773071e-01,4.950208589434623718e-02,8.219689130783081055e-02,4.774692654609680176e-02,1.243197843432426453e-01,1.368267387151718140e-01,8.154777437448501587e-02,9.679774194955825806e-02,1.244751960039138794e-01,1.279149055480957031e-01,-9.349713101983070374e-03,3.327983245253562927e-02,4.540177434682846069e-02,-1.072017126716673374e-03,1.298981904983520508e-01,7.371896505355834961e-02,1.437139511108398438e-01,1.086271554231643677e-01,6.683295220136642456e-02,6.632390432059764862e-03,-1.098026037216186523e-01,-2.015399038791656494e-01,5.391698703169822693e-02,-5.476459860801696777e-02,6.592189520597457886e-02,-3.278258955106139183e-03,2.285166829824447632e-01,3.278210014104843140e-02,1.505520381033420563e-02,-8.221431076526641846e-02,-6.439466029405593872e-02,-4.900175333023071289e-02,1.101818382740020752e-01,7.108515501022338867e-02,1.459532082080841064e-01,5.837258696556091309e-02,1.052075773477554321e-01,9.863654524087905884e-02,1.482922583818435669e-01,7.926585525274276733e-02,5.973186716437339783e-02,5.473262816667556763e-02,4.868983849883079529e-02,1.825363934040069580e-02,2.060617357492446899e-01,2.328910492360591888e-02,1.761683672666549683e-01,6.505678594112396240e-02,1.675678193569183350e-01,7.053030282258987427e-02,2.620033919811248779e-01,7.947164028882980347e-02,1.293001323938369751e-01,2.277036309242248535e-01,2.264121472835540771e-01,2.434751242399215698e-01,8.927648887038230896e-03,-9.356456808745861053e-03,5.585249885916709900e-02,1.814656890928745270e-02,9.197619557380676270e-02,1.077187284827232361e-01,1.609928458929061890e-01,9.597580134868621826e-02,1.096197664737701416e-01,1.204185634851455688e-01,9.942123293876647949e-02,6.312306225299835205e-02,5.863737687468528748e-02,6.120081990957260132e-02,9.090614505112171173e-03,-6.168793886899948120e-02,-1.254695095121860504e-02,1.118301972746849060e-01,2.639234438538551331e-02,1.568204462528228760e-01,4.861667007207870483e-02,-6.095489859580993652e-02
2.410071343183517456e-02,4.336803033947944641e-02,1.602714955806732178e-01,1.700383573770523071e-01,3.563438951969146729e-01,1.000000000000000000e+00,1.332567632198333740e-01,1.932182461023330688e-01,1.759994179010391235e-01,3.498187959194183350e-01,8.993948996067047119e-02,-7.259629201143980026e-04,9.101108461618423462e-02,2.317490875720977783e-01,1.503278762102127075e-01,1.650073379278182983e-01,-1.967304758727550507e-02,4.630466178059577942e-02,3.401526063680648804e-02,2.938608080148696899e-02,8.292069286108016968e-02,3.910210728645324707e-02,1.830732822418212891e-01,1.412090063095092773e-01,3.199319541454315186e-01,2.953694164752960205e-01,4.009080231189727783e-01,4.029198288917541504e-01,5.400721356272697449e-02,4.758554324507713318e-02,1.615460962057113647e-01,1.721019744873046875e-01,8.593082427978515625e-02,9.399434924125671387e-02,1.478824466466903687e-01,1.869864463806152344e-01,9.702035039663314819e-02,1.045647561550140381e-01,1.784971505403518677e-01,1.360082924365997314e-01,1.553069204092025757e-01,2.297938615083694458e-02,1.219884455204010010e-01,1.053091436624526978e-01,7.494325935840606689e-02,6.888144463300704956e-02,1.100449562072753906e-01,1.381593793630599976e-01,-1.264101080596446991e-02,2.994891069829463959e-02,5.860173329710960388e-02,2.682756632566452026e-02,9.956239163875579834e-02,2.162578329443931580e-02,1.619936227798461914e-01,1.641018390655517578e-01,3.325602412223815918e-02,7.301671802997589111e-02,-3.258039057254791260e-02,-9.286618977785110474e-02,8.523676544427871704e-02,-1.923377439379692078e-02,5.111155658960342407e-02,4.607112705707550049e-02,1.483627110719680786e-01,3.411295637488365173e-02,8.749897032976150513e-02,7.857071608304977417e-02,3.278723452240228653e-03,5.762402340769767761e-02,2.089684270322322845e-02,1.214710064232349396e-02,8.338058739900588989e-02,6.883577443659305573e-03,3.579861298203468323e-02,4.886658489704132080e-02,1.449909061193466187e-01,1.273650228977203369e-01,1.631161570549011230e-02,3.010544367134571075e-02,3.421909641474485397e-03,-1.589153520762920380e-02,1.967856884002685547e-01,4.713614284992218018e-02,8.377989381551742554e-02,1.023758854717016220e-02,1.055274382233619690e-01,-4.493067041039466858e-02,2.233331352472305298e-01,1.543876677751541138e-01,1.634537577629089355e-01,1.376009583473205566e-01,1.906320601701736450e-01,1.425483822822570801e-01,8.848723024129867554e-02,6.401153653860092163e-02,9.857480973005294800e-02,8.038538694381713867e-02,1.098477467894554138e-01,1.060865968465805054e-01,1.231599077582359314e-01,4.565537720918655396e-02,8.605196326971054077e-02,6.285675615072250366e-02,6.193782016634941101e-02,6.752706319093704224e-02,6.178541108965873718e-02,-2.397690713405609131e-02,-1.049279328435659409e-02,-4.824187234044075012e-02,4.777027294039726257e-02,1.210115626454353333e-01,7.738349586725234985e-02,1.251239925622940063e-01,6.873336434364318848e-02,1.172823924571275711e-02
2.459254562854766846e-01,6.733719259500503540e-02,3.948382139205932617e-01,2.533990144729614258e-01,2.470032572746276855e-01,1.332567632198333740e-01,1.000000238418579102e+00,3.402567207813262939e-01,3.099798560142517090e-01,1.713343411684036255e-01,2.691467702388763428e-01,1.477164682000875473e-02,4.059157967567443848e-01,1.111314445734024048e-01,2.752461135387420654e-01,-4.676118493080139160e-02,4.554024338722229004e-02,3.229214996099472046e-02,9.704980999231338501e-02,-4.037930921185761690e-04,3.809991478919982910e-02,1.292594242841005325e-02,3.200792074203491211e-01,2.422008961439132690e-01,1.536760777235031128e-01,9.030862897634506226e-02,8.833919465541839600e-02,-9.591805748641490936e-03,1.302205473184585571e-01,1.006932742893695831e-02,2.900955080986022949e-01,1.546158492565155029e-01,1.847413629293441772e-01,1.367939114570617676e-01,1.459278631955385208e-02,-3.527532890439033508e-02,9.646328538656234741e-02,3.433467354625463486e-03,1.446642447263002396e-02,-2.518989332020282745e-02,1.631957362405955791e-03,2.453818172216415405e-02,1.780354976654052734e-01,1.012279316782951355e-01,8.619754761457443237e-02,7.214055210351943970e-02,1.631745696067810059e-01,1.328918784856796265e-01,8.018676191568374634e-02,7.423862814903259277e-02,1.182375624775886536e-01,-3.086895868182182312e-02,4.659211263060569763e-02,5.020699463784694672e-03,4.576503112912178040e-02,-1.094917184673249722e-03,7.930234074592590332e-02,-1.143972855061292648e-02,1.620588898658752441e-01,-5.138112232089042664e-02,3.281372189521789551e-01,4.658609256148338318e-02,8.960257470607757568e-02,1.053784415125846863e-02,2.923730611801147461e-01,-7.650237530469894409e-03,1.611613780260086060e-01,-2.783087641000747681e-02,-7.089599967002868652e-02,5.451283231377601624e-02,4.669048637151718140e-02,-7.188736926764249802e-03,4.504673555493354797e-02,-8.069605566561222076e-03,6.800600886344909668e-02,-4.595547541975975037e-02,9.957645833492279053e-02,6.762856990098953247e-02,4.572346061468124390e-02,5.696217715740203857e-02,-9.186957962810993195e-03,-5.946345254778862000e-02,9.722452610731124878e-02,-8.432383835315704346e-02,1.075371131300926208e-01,-1.329098939895629883e-01,7.393917441368103027e-02,2.510640583932399750e-02,2.434552162885665894e-01,-6.553850322961807251e-02,1.391149219125509262e-02,1.705221831798553467e-01,3.426093608140945435e-02,1.790417879819869995e-01,-2.545885369181632996e-02,-9.140677005052566528e-02,-6.649724394083023071e-02,-1.350099295377731323e-01,3.357618674635887146e-02,5.466080829501152039e-02,8.512707054615020752e-02,1.285412609577178955e-01,5.932285264134407043e-02,1.413450539112091064e-01,7.646474521607160568e-03,2.940548956394195557e-02,1.241050437092781067e-01,8.431483060121536255e-02,-4.161602631211280823e-02,-1.433855742216110229e-01,-9.028577804565429688e-02,5.963231623172760010e-02,8.689954876899719238e-02,9.264082461595535278e-02,4.510688036680221558e-02,-5.517880618572235107e-02
1.885355561971664429e-01,1.876407712697982788e-01,3.378243744373321533e-01,4.935292303562164307e-01,2.415840625762939453e-01,1.932182461023330688e-01,3.402567207813262939e-01,9.999997615814208984e-01,2.476039379835128784e-01,3.116271793842315674e-01,9.342310577630996704e-02,2.057613879442214966e-01,2.479048669338226318e-01,3.719170391559600830e-01,2.130216509103775024e-01,2.276459932327270508e-01,6.140351668000221252e-02,1.371665894985198975e-01,9.859643131494522095e-02,9.358176589012145996e-02,5.610500648617744446e-02,4.692665860056877136e-02,3.903008699417114258e-01,4.181875586509704590e-01,2.656417191028594971e-01,2.408544868230819702e-01,2.026150971651077271e-01,1.036996617913246155e-01,1.243129670619964600e-01,1.122166290879249573e-01,2.491102069616317749e-01,3.109889328479766846e-01,1.323251128196716309e-01,2.235199958086013794e-01,1.828744560480117798e-01,2.154282480478286743e-01,1.079338937997817993e-01,5.935393273830413818e-02,4.690965265035629272e-02,6.030987948179244995e-02,6.025803089141845703e-02,3.183427825570106506e-02,1.753025949001312256e-01,1.148517429828643799e-01,4.968418926000595093e-02,4.744009301066398621e-02,1.502622216939926147e-01,1.553833931684494019e-01,1.716312021017074585e-02,4.049332067370414734e-02,3.462466597557067871e-02,1.496942713856697083e-02,3.677771613001823425e-02,-7.799971848726272583e-02,5.193031206727027893e-02,2.632119506597518921e-02,1.307471394538879395e-01,6.308694928884506226e-02,-3.823279589414596558e-02,-7.440491765737533569e-02,8.255805820226669312e-02,1.110488474369049072e-01,8.485721051692962646e-02,1.885036528110504150e-01,1.936271786689758301e-01,1.952904313802719116e-01,2.376504614949226379e-02,4.199697077274322510e-02,-2.247874625027179718e-03,1.334607154130935669e-01,1.062219813466072083e-01,1.042771637439727783e-01,1.120109781622886658e-01,6.720796227455139160e-02,8.580157905817031860e-02,2.972815185785293579e-02,1.104725375771522522e-01,1.449046581983566284e-01,2.950086630880832672e-02,1.106632202863693237e-01,4.719402641057968140e-02,-2.610403113067150116e-02,1.520413458347320557e-01,3.175508975982666016e-02,8.313886821269989014e-02,-1.023450214415788651e-02,1.271464973688125610e-01,9.661526978015899658e-02,1.571441739797592163e-01,1.123875603079795837e-01,1.149839535355567932e-01,8.831356465816497803e-02,2.175000011920928955e-01,1.695784777402877808e-01,-3.417439013719558716e-02,-2.851694822311401367e-02,-1.596071757376194000e-02,-2.065468579530715942e-02,4.853887110948562622e-02,1.759158633649349213e-02,1.920772343873977661e-01,5.836297199130058289e-02,1.287780702114105225e-01,9.150229394435882568e-02,5.091385543346405029e-02,2.717123925685882568e-02,1.523806154727935791e-01,2.629754319787025452e-02,1.886158436536788940e-02,-1.312584578990936279e-01,-4.303539544343948364e-02,6.875594705343246460e-02,1.073214877396821976e-02,9.061595052480697632e-02,1.134051308035850525e-01,-6.249923631548881531e-02
7.006036490201950073e-02,3.750822693109512329e-02,1.699670404195785522e-01,1.954157650470733643e-01,4.127766489982604980e-01,1.759994179010391235e-01,3.099798560142517090e-01,2.476039379835128784e-01,9.999998807907104492e-01,3.590486347675323486e-01,9.458976238965988159e-02,1.543776597827672958e-02,3.493893146514892578e-01,1.308007389307022095e-01,4.198608696460723877e-01,1.911201328039169312e-01,4.166208580136299133e-02,-1.303177606314420700e-02,4.401349276304244995e-02,2.901816926896572113e-02,1.495837718248367310e-01,5.151340365409851074e-02,2.909644842147827148e-01,2.457231432199478149e-01,2.584189176559448242e-01,1.779621839523315430e-01,1.669668853282928467e-01,4.463202878832817078e-02,2.391287833452224731e-01,3.538828715682029724e-02,1.832379996776580811e-01,8.707738667726516724e-02,6.724541634321212769e-02,2.620189264416694641e-02,8.730033785104751587e-02,4.557221755385398865e-02,9.588533639907836914e-02,5.021218210458755493e-02,5.612345039844512939e-02,-3.280600160360336304e-02,1.405117753893136978e-02,6.563438801094889641e-04,1.255785226821899414e-01,1.254094243049621582e-01,-1.545139774680137634e-02,4.873897507786750793e-02,1.420507282018661499e-01,1.450519263744354248e-01,-2.820731885731220245e-02,3.416427597403526306e-02,2.560293488204479218e-02,-3.818311914801597595e-02,4.750337079167366028e-02,-2.805728465318679810e-02,6.064011156558990479e-02,-1.879354566335678101e-02,2.878295443952083588e-02,-4.712098836898803711e-02,-8.555708825588226318e-02,-2.005355507135391235e-01,1.018406599760055542e-01,-4.272279515862464905e-02,4.837374761700630188e-02,-5.702048167586326599e-02,2.098937183618545532e-01,-3.942571952939033508e-02,-4.273377358913421631e-02,-1.855115443468093872e-01,-1.177102476358413696e-01,-6.923249363899230957e-02,1.299431771039962769e-01,2.425765991210937500e-02,1.339921653270721436e-01,1.911593228578567505e-02,1.171082928776741028e-01,5.976205691695213318e-02,1.136276125907897949e-01,4.081697389483451843e-02,4.793405905365943909e-02,2.137443609535694122e-02,5.676164291799068451e-04,-7.365255802869796753e-02,1.708354353904724121e-01,-7.318235188722610474e-02,1.319645792245864868e-01,-8.446358889341354370e-02,2.144289016723632812e-01,9.921061247587203979e-02,2.273238897323608398e-01,-5.436565354466438293e-02,4.335875436663627625e-02,1.881780922412872314e-01,6.807190924882888794e-02,1.621347963809967041e-01,-5.742337927222251892e-02,-4.905283451080322266e-02,5.246433895081281662e-03,-4.695329070091247559e-02,2.051013894379138947e-02,6.283636391162872314e-02,4.509575292468070984e-02,5.378359556198120117e-02,-1.149777416139841080e-02,4.489639028906822205e-02,1.503226161003112793e-02,5.267326720058917999e-03,9.248767048120498657e-02,1.088660880923271179e-01,4.107498005032539368e-02,-4.573757946491241455e-02,-1.993070729076862335e-02,1.036894172430038452e-01,5.816496908664703369e-03,8.001688122749328613e-02,2.951964177191257477e-02,-6.226393952965736389e-02
3.661197423934936523e-02,5.492540448904037476e-02,1.026277542114257812e-01,2.109023928642272949e-01,3.330042362213134766e-01,3.498187959194183350e-01,1.713343411684036255e-01,3.116271793842315674e-01,3.590486347675323486e-01,9.999998807907104492e-01,8.749739825725555420e-02,5.766620486974716187e-02,2.491698861122131348e-01,2.925931215286254883e-01,3.023066222667694092e-01,2.845979928970336914e-01,1.181021612137556076e-02,-5.094823427498340607e-03,3.300193697214126587e-02,-7.250237744301557541e-03,9.004169702529907227e-02,-5.423333868384361267e-02,2.420595586299896240e-01,2.525651156902313232e-01,2.963980436325073242e-01,2.537371814250946045e-01,2.703678309917449951e-01,2.297528386116027832e-01,1.449658125638961792e-01,-2.397316880524158478e-02,1.006728857755661011e-01,1.233598962426185608e-01,1.581519283354282379e-02,2.758815139532089233e-02,9.605381637811660767e-02,1.479436755180358887e-01,6.110920757055282593e-02,7.095422595739364624e-02,5.649373680353164673e-02,-2.426592633128166199e-02,6.943234056234359741e-02,-5.786065757274627686e-02,1.013677716255187988e-01,7.401562482118606567e-02,3.975076600909233093e-03,3.189437091350555420e-02,1.011956185102462769e-01,1.094008237123489380e-01,-8.616242557764053345e-02,2.663938514888286591e-02,7.157196523621678352e-04,-1.726670004427433014e-02,2.021659351885318756e-02,-7.245106995105743408e-02,4.006191343069076538e-02,-1.589065184816718102e-03,-1.062370464205741882e-02,-2.354240417480468750e-02,-1.266887784004211426e-01,-1.637233495712280273e-01,7.190296053886413574e-02,5.820040404796600342e-02,6.730821728706359863e-02,5.572707206010818481e-02,1.476331204175949097e-01,5.569117516279220581e-02,-1.984032057225704193e-02,-6.688978523015975952e-02,-6.752877682447433472e-02,-2.980291843414306641e-02,3.419703617691993713e-02,-2.582234144210815430e-02,9.053216874599456787e-02,-9.386762976646423340e-02,6.599089503288269043e-02,1.607935503125190735e-02,1.266589313745498657e-01,9.190825372934341431e-02,-1.688105054199695587e-02,-3.557848557829856873e-02,-1.187439076602458954e-02,-1.408367156982421875e-01,1.419796645641326904e-01,-1.006005033850669861e-01,8.020483702421188354e-02,-5.363288521766662598e-02,1.319250762462615967e-01,-6.569790095090866089e-02,1.725192964076995850e-01,4.971136152744293213e-02,1.344402283430099487e-01,1.644291281700134277e-01,1.665405929088592529e-01,1.507070064544677734e-01,-2.918664366006851196e-02,-6.125214975327253342e-03,-9.693058207631111145e-03,-7.925830781459808350e-03,2.945288084447383881e-02,6.387652456760406494e-02,9.568721801042556763e-02,3.280451148748397827e-02,2.168760821223258972e-02,3.055670484900474548e-02,-8.485676720738410950e-03,1.132368296384811401e-02,6.815422326326370239e-02,5.081379041075706482e-02,2.790737524628639221e-02,-4.003123939037322998e-02,3.518939018249511719e-02,9.538470953702926636e-02,1.716413907706737518e-02,5.692172423005104065e-02,7.362745702266693115e-02,-3.407619148492813110e-02
2.417101413011550903e-01,2.279102206230163574e-01,1.432696878910064697e-01,1.754737459123134613e-02,1.216253563761711121e-01,8.993948996067047119e-02,2.691467702388763428e-01,9.342310577630996704e-02,9.458976238965988159e-02,8.749739825725555420e-02,1.000000238418579102e+00,2.001367211341857910e-01,3.756133913993835449e-01,1.048564687371253967e-01,2.358844876289367676e-01,9.825316816568374634e-02,1.574563682079315186e-01,1.378255039453506470e-01,2.227701395750045776e-01,1.163687929511070251e-01,6.736857444047927856e-02,5.790999531745910645e-02,1.505945622920989990e-01,8.075610548257827759e-02,2.122587896883487701e-02,-3.532958030700683594e-02,-4.326603375375270844e-03,7.326317951083183289e-03,2.051291167736053467e-01,1.703872233629226685e-01,2.602147459983825684e-01,1.635235249996185303e-01,2.320180386304855347e-01,1.738886833190917969e-01,-2.154142409563064575e-02,-4.992248490452766418e-02,1.765054464340209961e-01,1.993578821420669556e-01,1.512612104415893555e-01,1.255898326635360718e-01,7.732108980417251587e-02,1.321921050548553467e-01,1.573674976825714111e-01,1.451375931501388550e-01,8.657333254814147949e-02,1.209708601236343384e-01,1.692204922437667847e-01,1.653037816286087036e-01,1.209151297807693481e-01,6.759817153215408325e-02,1.336079984903335571e-01,4.606615006923675537e-02,7.187718152999877930e-02,4.827069491147994995e-02,1.746370047330856323e-01,1.602651923894882202e-01,7.608775049448013306e-02,1.150199696421623230e-01,1.280313432216644287e-01,7.411971222609281540e-03,3.131140768527984619e-01,1.558084785938262939e-01,2.807529568672180176e-01,1.932939440011978149e-01,1.506987810134887695e-01,-2.076833136379718781e-02,2.205661982297897339e-01,7.775448262691497803e-02,7.663284242153167725e-02,4.490213468670845032e-02,8.932677656412124634e-02,6.408257782459259033e-02,6.478166580200195312e-02,8.250802755355834961e-02,9.574151784181594849e-02,8.096446841955184937e-02,1.610329598188400269e-01,1.359566748142242432e-01,1.199824288487434387e-01,1.339633315801620483e-01,1.331896632909774780e-01,1.303450465202331543e-01,1.046644076704978943e-01,3.632677718997001648e-02,2.537913322448730469e-01,1.008586063981056213e-01,4.094240441918373108e-02,-3.221829235553741455e-02,2.653284966945648193e-01,3.640753403306007385e-02,1.808179616928100586e-01,2.371181845664978027e-01,1.495187133550643921e-01,2.608007490634918213e-01,3.025456517934799194e-02,3.525261208415031433e-02,1.522360593080520630e-01,9.486119449138641357e-02,1.868677735328674316e-01,2.255466282367706299e-01,2.350343763828277588e-01,2.407069653272628784e-01,2.266884297132492065e-01,2.483180612325668335e-01,1.751839965581893921e-01,1.432289928197860718e-01,6.490008533000946045e-02,3.096545673906803131e-02,-1.609706878662109375e-02,6.145063415169715881e-02,7.469881325960159302e-02,2.099914103746414185e-01,1.493171304464340210e-01,2.260306477546691895e-01,1.864209324121475220e-01,2.329338900744915009e-02
1.342523097991943359e-01,2.977291941642761230e-01,1.019791662693023682e-01,1.889514327049255371e-01,8.533233404159545898e-02,-7.259629201143980026e-04,1.477164682000875473e-02,2.057613879442214966e-01,1.543776597827672958e-02,5.766620486974716187e-02,2.001367211341857910e-01,1.000000119209289551e+00,1.263463348150253296e-01,3.080410361289978027e-01,1.646648198366165161e-01,3.750672042369842529e-01,1.222455054521560669e-01,1.894452720880508423e-01,1.366554200649261475e-01,2.109699398279190063e-01,9.792682528495788574e-02,1.333705931901931763e-01,1.822191774845123291e-01,2.242966741323471069e-01,-2.470499090850353241e-02,1.702824234962463379e-02,8.985688537359237671e-02,9.848103672266006470e-02,1.687669456005096436e-01,2.840495705604553223e-01,1.498956233263015747e-01,2.496522217988967896e-01,1.462965756654739380e-01,2.073462158441543579e-01,1.483889818191528320e-01,1.740860939025878906e-01,1.910288780927658081e-01,1.971264928579330444e-01,1.891916543245315552e-01,2.707662284374237061e-01,3.554628416895866394e-02,1.721570491790771484e-01,2.659107372164726257e-02,4.287900030612945557e-02,6.777874194085597992e-03,3.586094360798597336e-03,2.324717864394187927e-02,6.314065307378768921e-02,1.606481819180771708e-04,1.454550679773092270e-02,3.726613521575927734e-02,7.552434504032135010e-02,4.660152271389961243e-02,-4.999722819775342941e-03,1.530469954013824463e-01,1.756432354450225830e-01,1.260662227869033813e-01,1.365828514099121094e-01,-7.483996450901031494e-02,-7.070830464363098145e-02,2.337241545319557190e-02,1.855517774820327759e-01,1.317842304706573486e-01,2.549099326133728027e-01,8.367784321308135986e-02,2.572761476039886475e-01,-2.338025905191898346e-02,6.267660111188888550e-02,1.779277175664901733e-01,1.191344708204269409e-01,1.776092052459716797e-01,2.654675245285034180e-01,1.084894090890884399e-01,2.002531141042709351e-01,1.416155695915222168e-01,1.399754881858825684e-01,3.047624602913856506e-02,7.872202247381210327e-02,1.035957187414169312e-01,1.526026278734207153e-01,1.935841739177703857e-01,2.517123818397521973e-01,1.329580247402191162e-01,2.344622462987899780e-01,2.244658321142196655e-01,3.094662427902221680e-01,7.138504087924957275e-02,2.144093215465545654e-01,1.582385599613189697e-01,2.864427268505096436e-01,1.278839111328125000e-01,3.929636254906654358e-02,2.648858726024627686e-01,1.748863160610198975e-01,2.400369197130203247e-02,7.279874384403228760e-02,1.582449674606323242e-01,2.125111222267150879e-01,6.493705511093139648e-02,5.215040966868400574e-02,1.771115958690643311e-01,9.840834140777587891e-02,1.635854393243789673e-01,1.165022179484367371e-01,1.366380006074905396e-01,1.160400956869125366e-01,-2.424236945807933807e-02,1.229358487762510777e-03,2.684498205780982971e-02,9.069707989692687988e-02,8.632315695285797119e-02,5.875163152813911438e-02,1.987901329994201660e-02,1.029218509793281555e-01,1.726198941469192505e-01,5.184111651033163071e-03
2.625845074653625488e-01,1.561859399080276489e-01,1.732241511344909668e-01,1.457733362913131714e-01,2.075128555297851562e-01,9.101108461618423462e-02,4.059157967567443848e-01,2.479048669338226318e-01,3.493893146514892578e-01,2.491698861122131348e-01,3.756133913993835449e-01,1.263463348150253296e-01,9.999996423721313477e-01,2.005393654108047485e-01,4.111809730529785156e-01,1.267138421535491943e-01,1.571491956710815430e-01,4.392503201961517334e-02,1.249657645821571350e-01,3.234666958451271057e-02,6.230509281158447266e-02,-4.922967869788408279e-03,2.588030099868774414e-01,2.068387418985366821e-01,1.032000482082366943e-01,2.487382292747497559e-02,7.528464496135711670e-02,-1.360572874546051025e-02,2.413754016160964966e-01,4.439006745815277100e-02,2.393537610769271851e-01,1.219720914959907532e-01,1.567183583974838257e-01,1.051324829459190369e-01,-3.733387216925621033e-03,-4.294312000274658203e-02,1.557818353176116943e-01,1.372737735509872437e-01,9.010372310876846313e-02,3.127186745405197144e-02,4.182099550962448120e-02,6.006967276334762573e-02,2.013223171234130859e-01,1.326400339603424072e-01,1.268789730966091156e-02,6.128353253006935120e-02,2.140440791845321655e-01,1.657051742076873779e-01,7.087416946887969971e-02,7.382900267839431763e-02,1.350674927234649658e-01,3.814655169844627380e-02,5.637393891811370850e-02,-1.155362278223037720e-02,1.299052983522415161e-01,5.489672720432281494e-02,5.214085429906845093e-02,-3.037743456661701202e-02,6.783665716648101807e-02,-1.075916886329650879e-01,2.696047723293304443e-01,7.839472591876983643e-02,2.178307026624679565e-01,6.793131679296493530e-02,1.937365233898162842e-01,-3.828264772891998291e-02,9.641791880130767822e-02,-8.669023960828781128e-02,-6.882675737142562866e-02,-2.572241052985191345e-02,1.583715975284576416e-01,6.181300058960914612e-02,1.641403734683990479e-01,6.999371945858001709e-02,1.542423814535140991e-01,7.260164618492126465e-02,1.996024847030639648e-01,1.320183575153350830e-01,1.279008239507675171e-01,1.045901328325271606e-01,8.233088254928588867e-02,-4.058332741260528564e-02,1.925143897533416748e-01,-3.091222979128360748e-02,2.231141477823257446e-01,-4.513586312532424927e-02,1.515656709671020508e-01,8.374981582164764404e-02,3.118389546871185303e-01,1.448501087725162506e-02,1.309968829154968262e-01,2.386658191680908203e-01,9.980596601963043213e-02,2.373605221509933472e-01,-4.381017386913299561e-02,-6.231809407472610474e-02,3.722915798425674438e-02,-3.060583025217056274e-02,1.186420619487762451e-01,1.444728225469589233e-01,1.537659168243408203e-01,2.276413291692733765e-01,1.193921193480491638e-01,2.021532505750656128e-01,8.858890831470489502e-02,7.898963987827301025e-02,8.314739167690277100e-02,1.301366090774536133e-01,-5.669582635164260864e-02,-5.605067685246467590e-02,5.876822979189455509e-05,1.331549435853958130e-01,1.072811484336853027e-01,1.626380234956741333e-01,1.442210376262664795e-01,-1.006857492029666901e-02
