1.000000357627868652e+00,6.064569354057312012e-01,2.559931874275207520e-01,1.020151004195213318e-01,2.826900482177734375e-01,1.692905426025390625e-01,3.937772810459136963e-01,1.010489836335182190e-01,2.517494559288024902e-01,3.818921744823455811e-02,3.997482359409332275e-01,2.353518605232238770e-01,4.853873848915100098e-01,2.781774401664733887e-01,7.663396000862121582e-02,-1.877103298902511597e-01,4.626244604587554932e-01,4.142907559871673584e-01,4.865429401397705078e-01,4.844868779182434082e-01,1.451311409473419189e-01,1.658097058534622192e-01,-1.701973676681518555e-01,-5.338151007890701294e-03,-5.227771028876304626e-02,3.561691939830780029e-02,-3.025879152119159698e-02,5.671498924493789673e-02,5.622607469558715820e-01,4.068837165832519531e-01,4.447143152356147766e-02,1.103696003556251526e-01,4.959104955196380615e-01,4.723787009716033936e-01,-1.613530814647674561e-01,-2.090987712144851685e-01,1.762368381023406982e-01,1.490688025951385498e-01,1.401934772729873657e-01,3.122330605983734131e-01,2.323348373174667358e-01,1.545065492391586304e-01,5.866331979632377625e-02,-7.546097040176391602e-03,1.421829015016555786e-01,3.882064297795295715e-02,1.049480736255645752e-01,1.110594123601913452e-01,5.169986188411712646e-02,8.106005378067493439e-03,4.760474339127540588e-02,8.170695602893829346e-02,-1.185777131468057632e-02,-9.818022139370441437e-03,2.237030714750289917e-01,3.264054190367460251e-03,6.056624054908752441e-01,6.288030743598937988e-01,5.705040693283081055e-01,4.590435326099395752e-01,5.653923153877258301e-01,3.444497883319854736e-01,5.833883881568908691e-01,4.925486147403717041e-01,-2.017224580049514771e-02,-1.491625159978866577e-01,4.706979691982269287e-01,3.390570282936096191e-01,5.258028507232666016e-01,5.398379564285278320e-01,3.036407530307769775e-01,2.001357674598693848e-01,4.673668444156646729e-01,4.016140997409820557e-01,3.744125366210937500e-01,3.308740556240081787e-01,3.546784520149230957e-01,3.984851241111755371e-01,1.748546957969665527e-01,4.371563196182250977e-01,1.738063991069793701e-01,2.530257403850555420e-01,-1.007251217961311340e-01,1.580824726261198521e-03,4.259128123521804810e-02,-2.039693444967269897e-01,-5.053462460637092590e-02,-1.831127852201461792e-01,3.168565928936004639e-01,2.146705752238631248e-03,-1.097246631979942322e-01,-9.805306792259216309e-02,-1.113211289048194885e-01,-1.622458100318908691e-01,3.801677748560905457e-02,1.743341609835624695e-02,1.297368556261062622e-01,1.202264353632926941e-01,3.430092632770538330e-01,3.422462344169616699e-01,3.245421946048736572e-01,2.440060973167419434e-01,3.353023827075958252e-01,4.509568512439727783e-01,4.773370921611785889e-02,5.436104536056518555e-02,-2.810846082866191864e-02,1.762499213218688965e-01,9.084058552980422974e-02,1.101213172078132629e-01,1.642723195254802704e-02,1.739889085292816162e-01,3.548053503036499023e-01,2.942371070384979248e-01,1.415031850337982178e-01,9.105049818754196167e-02
6.064569354057312012e-01,9.999999403953552246e-01,4.376355186104774475e-02,2.469177991151809692e-01,1.752847284078598022e-01,2.520682215690612793e-01,1.869367510080337524e-01,3.962714374065399170e-01,4.239192232489585876e-02,1.242876946926116943e-01,2.072869688272476196e-01,4.786193370819091797e-01,3.146727979183197021e-01,4.241885840892791748e-01,-1.313314735889434814e-01,-2.048618346452713013e-01,4.288108348846435547e-01,6.216180920600891113e-01,3.887061774730682373e-01,7.044689059257507324e-01,-3.156411985401064157e-04,7.450658082962036133e-02,-2.764811813831329346e-01,1.719578169286251068e-02,-2.180498540401458740e-01,-1.201370954513549805e-01,-1.667281687259674072e-01,-1.173481643199920654e-01,5.695763230323791504e-01,5.057512521743774414e-01,-6.362700462341308594e-02,9.719342738389968872e-02,4.232205450534820557e-01,4.704426229000091553e-01,-3.863171935081481934e-01,-3.209552466869354248e-01,3.446261631324887276e-03,1.150213629007339478e-01,-1.844146102666854858e-02,1.913163512945175171e-01,1.806489825248718262e-01,1.026656255125999451e-01,1.154855042695999146e-01,1.877230107784271240e-01,3.145286142826080322e-01,2.486870884895324707e-01,1.832970678806304932e-01,2.652592658996582031e-01,1.962159126996994019e-01,2.056445181369781494e-01,1.335975341498851776e-02,9.045283496379852295e-02,1.044843569397926331e-01,2.155921161174774170e-01,1.113082990050315857e-01,6.592417508363723755e-02,5.308761596679687500e-01,6.937552690505981445e-01,4.711068868637084961e-01,5.793884396553039551e-01,2.186981439590454102e-01,5.217813253402709961e-01,3.834592401981353760e-01,6.492853760719299316e-01,-3.577426373958587646e-01,-1.857406347990036011e-01,2.822150290012359619e-01,2.759220600128173828e-01,4.196834266185760498e-01,3.826798200607299805e-01,2.541193664073944092e-01,2.182329893112182617e-01,5.386747121810913086e-01,4.789747893810272217e-01,4.334658980369567871e-01,4.466845393180847168e-01,2.696634531021118164e-01,4.270418882369995117e-01,8.683544397354125977e-02,4.949905574321746826e-01,1.464023143053054810e-01,3.570715487003326416e-01,-1.791215986013412476e-01,4.762366414070129395e-02,-2.417617589235305786e-01,-1.977432966232299805e-01,-1.687170118093490601e-01,-2.202170789241790771e-01,2.261469140648841858e-03,1.420565098524093628e-01,-1.204098574817180634e-02,-1.883935034275054932e-01,-5.064934492111206055e-02,-3.235037922859191895e-01,-7.666826993227005005e-02,-6.991178542375564575e-02,-7.007534801959991455e-02,2.831498347222805023e-02,4.074304699897766113e-01,2.788663208484649658e-01,3.895891308784484863e-01,1.124467253684997559e-01,3.487921953201293945e-01,4.023180305957794189e-01,-1.591388694941997528e-02,-8.621747791767120361e-02,-6.720419973134994507e-02,3.307883068919181824e-02,3.681313991546630859e-02,-3.760166838765144348e-02,-1.220971643924713135e-01,1.204748228192329407e-01,3.459634482860565186e-01,3.456963598728179932e-01,3.937051817774772644e-02,-2.580023370683193207e-02
2.559931874275207520e-01,4.376355186104774475e-02,1.000000357627868652e+00,3.789763748645782471e-01,-2.892500534653663635e-02,-4.298713803291320801e-01,7.272983193397521973e-01,2.426939308643341064e-01,1.428626328706741333e-01,-4.495892524719238281e-01,4.555354416370391846e-01,1.495311558246612549e-01,3.619723618030548096e-01,6.214595586061477661e-02,1.193108186125755310e-01,-8.900900185108184814e-02,-1.037913411855697632e-01,-1.041954010725021362e-01,3.451151549816131592e-01,5.823742970824241638e-02,1.661216765642166138e-01,-4.538125544786453247e-02,5.116747021675109863e-01,4.018592238426208496e-01,2.729633152484893799e-01,1.839618384838104248e-01,4.958766326308250427e-02,-8.266034722328186035e-02,3.363449126482009888e-02,-1.452751457691192627e-01,2.597521841526031494e-01,1.489726305007934570e-01,8.833850175142288208e-02,8.632045239210128784e-02,2.161104977130889893e-01,3.923920169472694397e-02,2.934455871582031250e-02,1.377537995576858521e-01,2.908348396886140108e-04,4.469228908419609070e-02,-2.491850405931472778e-03,5.008292850106954575e-03,-6.613393127918243408e-02,-1.189560815691947937e-01,-1.914730817079544067e-01,-1.985262930393218994e-01,-5.098079144954681396e-02,-1.504907608032226562e-01,-5.082810670137405396e-02,-8.544201403856277466e-02,1.382620334625244141e-01,1.200528144836425781e-01,-4.094221070408821106e-02,-4.600243270397186279e-02,4.463108256459236145e-02,-1.225742399692535400e-01,1.200010180473327637e-01,1.334643661975860596e-01,1.483217775821685791e-01,-2.584813861176371574e-03,2.350501865148544312e-01,-1.925703734159469604e-01,-1.158843860030174255e-01,-1.946264356374740601e-01,4.371711611747741699e-01,9.892299026250839233e-02,8.129816502332687378e-02,-1.077547669410705566e-01,1.494512856006622314e-01,1.424791365861892700e-01,1.079173758625984192e-01,2.052810887107625604e-04,8.832002431154251099e-02,-1.076202392578125000e-01,9.531290084123611450e-02,-4.523999243974685669e-02,1.923709176480770111e-02,6.061841268092393875e-03,-8.497485518455505371e-02,6.125018373131752014e-02,-1.871563792228698730e-01,-5.061625503003597260e-03,1.708863824605941772e-01,1.258363872766494751e-01,3.258036077022552490e-01,1.007601618766784668e-01,1.534746140241622925e-01,5.695021525025367737e-02,2.000963389873504639e-01,-9.169869124889373779e-02,-1.466644406318664551e-01,-5.206054076552391052e-02,7.495680358260869980e-03,2.455562204122543335e-01,-1.197562143206596375e-01,-6.727550923824310303e-02,1.427351590245962143e-02,-1.196743994951248169e-01,-1.503733545541763306e-01,-8.475477248430252075e-02,1.391971409320831299e-01,2.495368570089340210e-01,1.251996606588363647e-01,1.427322477102279663e-01,1.351631246507167816e-02,2.181189805269241333e-01,-1.022400557994842529e-01,7.617230713367462158e-02,-3.198067471385002136e-02,-2.793199382722377777e-02,-2.291005104780197144e-02,-1.440073996782302856e-01,-1.823414862155914307e-02,-4.193986579775810242e-02,4.470986127853393555e-02,-8.522143214941024780e-02
1.020151004195213318e-01,2.469177991151809692e-01,3.789763748645782471e-01,9.999997615814208984e-01,-1.185561418533325195e-01,-2.026595175266265869e-01,2.530414462089538574e-01,6.220138072967529297e-01,-1.114337816834449768e-01,-2.150678932666778564e-01,8.966508507728576660e-02,2.700305283069610596e-01,-6.584533490240573883e-03,2.182305604219436646e-01,-1.835330277681350708e-01,-2.684489786624908447e-01,-7.162456214427947998e-02,1.487163901329040527e-01,-2.336910739541053772e-02,2.269409298896789551e-01,5.565121024847030640e-02,-1.402681879699230194e-02,2.843362689018249512e-01,6.002407670021057129e-01,1.190097853541374207e-01,1.594811826944351196e-01,-1.194449365139007568e-01,-1.670864969491958618e-01,-1.277009490877389908e-02,-1.266314182430505753e-02,1.000967621803283691e-01,2.957070171833038330e-01,-3.448533639311790466e-02,1.908710449934005737e-01,7.833977043628692627e-02,2.010422199964523315e-01,-1.092618554830551147e-01,1.163818910717964172e-01,-1.654356867074966431e-01,5.949003621935844421e-02,-3.183813765645027161e-02,4.961160197854042053e-02,-1.051475387066602707e-02,1.416010875254869461e-02,-1.283049434423446655e-01,-1.207475513219833374e-01,2.434709481894969940e-02,-1.065483875572681427e-02,-1.832811236381530762e-01,-1.207310855388641357e-01,-3.240818157792091370e-02,1.416651606559753418e-01,-2.110237628221511841e-02,7.090057246387004852e-03,-1.311789900064468384e-01,-1.328032016754150391e-01,1.480223238468170166e-01,2.331413924694061279e-01,3.387240320444107056e-02,1.212043762207031250e-01,-1.419140491634607315e-02,1.743220537900924683e-01,-7.036913186311721802e-02,8.154363185167312622e-02,1.074011921882629395e-01,3.632411062717437744e-01,-6.661361455917358398e-02,8.531618118286132812e-02,7.989023625850677490e-02,6.469932943582534790e-02,-2.613819949328899384e-02,4.273415543138980865e-03,1.283983290195465088e-01,2.725606225430965424e-02,7.594106346368789673e-02,6.493148952722549438e-02,-3.809773921966552734e-02,1.810927838087081909e-01,-4.500019922852516174e-02,2.027967870235443115e-01,-1.840472966432571411e-01,1.460272520780563354e-01,-1.527898907661437988e-01,3.544414043426513672e-02,-4.190914332866668701e-02,2.850894629955291748e-01,-2.484984509646892548e-02,2.046453393995761871e-02,-1.719623804092407227e-01,6.314617395401000977e-02,-2.534412965178489685e-02,-2.927782833576202393e-01,2.337656468152999878e-01,-1.180272996425628662e-01,-1.993676126003265381e-01,-1.397316157817840576e-01,-1.627826392650604248e-01,-1.847124695777893066e-01,-1.156421825289726257e-01,-2.187141329050064087e-01,2.144389301538467407e-01,-7.577514648437500000e-02,1.504117697477340698e-01,3.489181026816368103e-02,3.127563372254371643e-02,-6.420789659023284912e-02,-1.413524895906448364e-01,-1.142478063702583313e-01,2.702588774263858795e-02,-2.095667123794555664e-01,-1.175543293356895447e-01,-1.087860241532325745e-01,-9.842240810394287109e-02,7.469195127487182617e-02,-2.702772690099664032e-05,-1.554644107818603516e-01
2.826900482177734375e-01,1.752847284078598022e-01,-2.892500534653663635e-02,-1.185561418533325195e-01,1.000000119209289551e+00,4.868978559970855713e-01,2.483521215617656708e-02,-3.536241501569747925e-02,5.496538281440734863e-01,1.278202086687088013e-01,2.737893760204315186e-01,2.109490931034088135e-01,3.749419450759887695e-01,3.605592846870422363e-01,4.546000957489013672e-01,1.282982379198074341e-01,3.716764450073242188e-01,2.399209588766098022e-01,1.588759720325469971e-01,1.837089806795120239e-01,2.248318344354629517e-01,3.025864064693450928e-01,1.177276019006967545e-02,9.660954028367996216e-02,2.418452650308609009e-01,3.168458938598632812e-01,3.637521266937255859e-01,4.238848984241485596e-01,4.170020222663879395e-01,3.192724287509918213e-01,3.010016083717346191e-01,2.313504964113235474e-01,3.034462928771972656e-01,2.281644642353057861e-01,-7.744254916906356812e-02,-1.080269590020179749e-01,2.707228660583496094e-01,6.401145458221435547e-02,2.173479199409484863e-01,2.320334911346435547e-01,1.513592451810836792e-01,3.226396068930625916e-02,1.228875815868377686e-01,7.902140915393829346e-02,1.409858614206314087e-01,5.959931761026382446e-02,7.245857268571853638e-02,3.580231592059135437e-02,1.826162822544574738e-02,-3.484041662886738777e-03,4.163168370723724365e-03,3.462594235315918922e-03,-8.300004526972770691e-03,-2.736959233880043030e-02,1.532402336597442627e-01,3.896603360772132874e-02,3.049955964088439941e-01,1.790767908096313477e-01,1.352022588253021240e-01,9.733865037560462952e-03,1.956821978092193604e-01,1.249427720904350281e-01,2.538596689701080322e-01,1.951562613248825073e-01,3.670690208673477173e-02,-1.373358070850372314e-01,2.578006684780120850e-01,2.021475136280059814e-01,1.969494521617889404e-01,2.945189774036407471e-01,2.928694188594818115e-01,2.552000582218170166e-01,2.774935066699981689e-01,3.814804852008819580e-01,2.723929882049560547e-01,3.068009614944458008e-01,2.731880843639373779e-01,2.928708493709564209e-01,2.994015216827392578e-01,3.373734354972839355e-01,2.011584639549255371e-01,2.152985483407974243e-01,1.627168953418731689e-01,-5.223279818892478943e-02,1.815248280763626099e-02,4.758506640791893005e-02,7.875776290893554688e-02,-5.912306904792785645e-02,3.385244011878967285e-01,2.363424282521009445e-03,-2.047971636056900024e-01,5.548960063606500626e-03,-1.327909380197525024e-01,-3.992331400513648987e-02,-6.983870267868041992e-02,-5.279511585831642151e-02,2.106105349957942963e-02,1.234606355428695679e-01,1.620940417051315308e-01,1.763937473297119141e-01,1.814213097095489502e-01,1.213689520955085754e-01,2.041696757078170776e-01,1.818386316299438477e-01,-3.782017901539802551e-02,-9.947362355887889862e-03,-1.198506429791450500e-01,1.601289212703704834e-01,-8.341652899980545044e-02,-1.648628152906894684e-02,3.548450395464897156e-02,6.449066847562789917e-02,1.266346424818038940e-01,3.570855408906936646e-02,7.252784911543130875e-03,1.840366236865520477e-02
1.692905426025390625e-01,2.520682215690612793e-01,-4.298713803291320801e-01,-2.026595175266265869e-01,4.868978559970855713e-01,1.000000000000000000e+00,-2.433623373508453369e-01,-1.714014075696468353e-02,2.930364608764648438e-01,5.448524355888366699e-01,-1.402021292597055435e-02,1.593958437442779541e-01,1.674913614988327026e-01,3.247539103031158447e-01,1.339565962553024292e-01,-2.802472747862339020e-02,3.579202890396118164e-01,3.909854888916015625e-01,-1.360414624214172363e-01,2.253198027610778809e-01,-4.265647381544113159e-02,1.615455150604248047e-01,-4.351025819778442383e-01,-2.133140712976455688e-01,-1.568736135959625244e-01,2.877312153577804565e-02,4.004307091236114502e-02,2.109518498182296753e-01,3.702685832977294922e-01,4.185830354690551758e-01,-3.470657393336296082e-02,1.120544821023941040e-01,2.372716367244720459e-01,2.627122104167938232e-01,-2.626600563526153564e-01,-1.096298620104789734e-01,5.033104121685028076e-02,-3.968318179249763489e-02,8.406517654657363892e-02,9.950228035449981689e-02,1.224316284060478210e-01,-1.087426859885454178e-02,1.846314370632171631e-01,1.945341527462005615e-01,3.700475990772247314e-01,2.890392839908599854e-01,1.011567786335945129e-01,1.507874876260757446e-01,1.460200995206832886e-01,1.601967662572860718e-01,-4.096178710460662842e-02,-2.449461445212364197e-02,4.978159070014953613e-02,6.925010681152343750e-02,1.026186197996139526e-01,7.340930402278900146e-02,1.709530204534530640e-01,1.607702970504760742e-01,7.830596715211868286e-02,1.230253279209136963e-01,3.898727521300315857e-02,3.844891488552093506e-01,3.004858493804931641e-01,4.454222619533538818e-01,-3.327006399631500244e-01,-2.164884358644485474e-01,1.960839331150054932e-01,3.128892779350280762e-01,2.149786241352558136e-02,1.673754900693893433e-01,1.395811587572097778e-01,1.996419131755828857e-01,2.192260026931762695e-01,4.014641046524047852e-01,1.765957027673721313e-01,2.655694782733917236e-01,1.890491843223571777e-01,2.732836604118347168e-01,2.072556614875793457e-01,2.556009888648986816e-01,1.602902412414550781e-01,1.769784539937973022e-01,-2.315642684698104858e-01,-2.664346396923065186e-01,-3.275008499622344971e-01,-1.991821080446243286e-01,-3.371207416057586670e-01,-3.203226029872894287e-01,9.783651679754257202e-02,8.162338286638259888e-02,-9.010031819343566895e-02,-4.252890869975090027e-02,-9.503064304590225220e-02,-3.161738216876983643e-01,-4.657363169826567173e-04,-2.343469485640525818e-02,-1.905747503042221069e-02,9.504748135805130005e-02,2.118238508701324463e-01,8.148502558469772339e-02,7.989576458930969238e-02,-5.114153493195772171e-03,3.684006258845329285e-02,8.179216086864471436e-02,-8.788160979747772217e-02,-1.956508755683898926e-01,-1.574124209582805634e-02,5.736478418111801147e-02,-2.499815309420228004e-03,6.354360841214656830e-03,-2.632566727697849274e-02,1.135243773460388184e-01,1.545997411012649536e-01,1.063070967793464661e-01,-2.317992784082889557e-02,1.087488159537315369e-01
3.937772810459136963e-01,1.869367510080337524e-01,7.272983193397521973e-01,2.530414462089538574e-01,2.483521215617656708e-02,-2.433623373508453369e-01,1.000000119209289551e+00,3.182860016822814941e-01,1.846425831317901611e-01,-2.609942257404327393e-01,5.060199499130249023e-01,2.793696224689483643e-01,5.105815529823303223e-01,1.719476729631423950e-01,5.798452720046043396e-02,-1.167536526918411255e-01,8.642754703760147095e-02,8.655139803886413574e-02,4.435561597347259521e-01,2.236436605453491211e-01,1.380209177732467651e-01,-4.693664982914924622e-02,2.893792092800140381e-01,1.855107247829437256e-01,6.347979605197906494e-02,8.219078183174133301e-02,-1.653474420309066772e-01,-2.153128981590270996e-01,2.537150382995605469e-01,8.686703443527221680e-02,2.591183483600616455e-01,2.064760327339172363e-01,2.864466905593872070e-01,2.825472354888916016e-01,1.169963851571083069e-01,3.033135551959276199e-03,1.615873625269159675e-04,1.127840057015419006e-01,1.568919792771339417e-02,4.280963540077209473e-02,9.978706948459148407e-03,-2.124685235321521759e-02,2.705875784158706665e-02,3.370913118124008179e-02,4.749986529350280762e-02,1.976960897445678711e-02,2.612930163741111755e-02,1.650103181600570679e-02,8.631010353565216064e-02,8.260858803987503052e-02,1.186503097414970398e-01,9.543285518884658813e-02,-1.861870847642421722e-02,4.361295700073242188e-02,5.238065868616104126e-02,-1.331865638494491577e-01,1.716897338628768921e-01,1.801704466342926025e-01,2.099540680646896362e-01,1.017787232995033264e-01,2.925027608871459961e-01,4.115941002964973450e-02,-6.002765076118521392e-05,5.359240993857383728e-02,3.398316502571105957e-01,3.149667754769325256e-02,1.886648684740066528e-01,3.818066045641899109e-02,1.509374976158142090e-01,1.223088875412940979e-01,2.322654426097869873e-01,1.135632470250129700e-01,1.881681978702545166e-01,9.536094218492507935e-02,1.988994926214218140e-01,5.535954982042312622e-02,1.180548891425132751e-01,1.249140128493309021e-01,-3.744897246360778809e-02,1.097716242074966431e-01,-1.119477525353431702e-01,7.874907553195953369e-02,9.152579307556152344e-02,7.694067806005477905e-02,2.266470640897750854e-01,-3.992729634046554565e-02,1.089134253561496735e-02,-1.074102371931076050e-01,1.428366899490356445e-01,-1.632977277040481567e-01,-1.790207922458648682e-01,-1.414923965930938721e-01,-7.589706778526306152e-02,9.273666888475418091e-02,-1.580677554011344910e-02,-2.662048302590847015e-02,8.974593132734298706e-02,1.610945723950862885e-02,3.519792482256889343e-02,4.829487949609756470e-02,1.547888517379760742e-01,2.631332278251647949e-01,9.655258804559707642e-02,2.416494488716125488e-01,4.009318351745605469e-02,1.704962104558944702e-01,-5.103954300284385681e-02,1.029364764690399170e-01,7.962309569120407104e-02,1.359446346759796143e-01,1.824765279889106750e-02,-4.446951672434806824e-02,1.531903445720672607e-01,1.081796810030937195e-01,9.335605800151824951e-02,7.760798186063766479e-02
1.010489836335182190e-01,3.962714374065399170e-01,2.426939308643341064e-01,6.220138072967529297e-01,-3.536241501569747925e-02,-1.714014075696468353e-02,3.182860016822814941e-01,9.999999403953552246e-01,-6.738518923521041870e-02,3.420646861195564270e-02,5.338270682841539383e-03,5.415232181549072266e-01,1.451328098773956299e-01,4.926986396312713623e-01,-3.519115746021270752e-01,-2.853044569492340088e-01,7.014667242765426636e-02,3.118209838867187500e-01,5.156413465738296509e-02,3.736375868320465088e-01,-5.762793868780136108e-02,-8.333007991313934326e-02,2.472036518156528473e-02,3.009975552558898926e-01,-1.369396895170211792e-01,-6.914633326232433319e-03,-3.899254798889160156e-01,-4.054253101348876953e-01,1.706406474113464355e-01,1.772821694612503052e-01,1.983678527176380157e-02,2.551500201225280762e-01,1.105862259864807129e-01,2.777554392814636230e-01,-1.452876627445220947e-01,9.010038338601589203e-03,-2.164868414402008057e-01,-4.687820747494697571e-02,-2.646029889583587646e-01,-1.395104974508285522e-01,-9.457425773143768311e-02,-5.026242509484291077e-02,-4.117693006992340088e-02,1.486000120639801025e-01,8.278113603591918945e-02,1.301955282688140869e-01,3.105166554450988770e-02,1.373857408761978149e-01,3.542685136198997498e-02,9.374816715717315674e-02,-7.248517125844955444e-02,-7.816154509782791138e-03,-3.524838713929057121e-03,1.348074972629547119e-01,-2.698530852794647217e-01,-1.642778664827346802e-01,7.655176520347595215e-02,1.908380538225173950e-01,1.825494808144867420e-03,1.740767657756805420e-01,-5.093402042984962463e-02,4.169264435768127441e-01,-2.135314419865608215e-02,3.104944527149200439e-01,-1.058573573827743530e-01,2.443131208419799805e-01,-1.317434459924697876e-01,2.202273532748222351e-02,-6.210829317569732666e-02,-1.182407066226005554e-01,4.675326123833656311e-02,8.947239071130752563e-02,1.269411593675613403e-01,1.889389306306838989e-01,1.186496466398239136e-01,1.461275815963745117e-01,-4.605120047926902771e-02,1.403376013040542603e-01,-2.359782904386520386e-02,1.931338161230087280e-01,-1.111009344458580017e-01,2.221806347370147705e-01,-2.264842540025711060e-01,-2.031545713543891907e-02,-3.041751682758331299e-01,7.543693482875823975e-02,-1.983546018600463867e-01,-2.204945534467697144e-01,-3.133028149604797363e-01,-4.892777651548385620e-03,-1.764181703329086304e-01,-4.149383604526519775e-01,-1.238104235380887985e-02,-2.454865425825119019e-01,-2.032918184995651245e-01,-1.327045112848281860e-01,-2.248154282569885254e-01,-8.376927673816680908e-02,-1.153607387095689774e-02,-1.216069981455802917e-01,2.227399349212646484e-01,2.771498635411262512e-02,1.158127710223197937e-01,1.691558361053466797e-01,-4.314165562391281128e-02,-1.681189537048339844e-01,-1.538835465908050537e-01,-1.221352145075798035e-01,6.611498445272445679e-02,-1.288250535726547241e-01,-2.074431329965591431e-01,-1.386977136135101318e-01,-2.028475515544414520e-02,1.470626741647720337e-01,-3.859369829297065735e-02,-8.136808127164840698e-02
2.517494559288024902e-01,4.239192232489585876e-02,1.428626328706741333e-01,-1.114337816834449768e-01,5.496538281440734863e-01,2.930364608764648438e-01,1.846425831317901611e-01,-6.738518923521041870e-02,9.999999403953552246e-01,1.960394680500030518e-01,2.625224292278289795e-01,1.298834532499313354e-01,4.740885496139526367e-01,2.897994518280029297e-01,5.074526667594909668e-01,-8.053952455520629883e-02,1.794250905513763428e-01,2.592083625495433807e-02,1.395755261182785034e-01,4.288185387849807739e-03,2.472005933523178101e-01,9.632822126150131226e-02,-7.982397451996803284e-03,-7.588986307382583618e-02,-2.824465744197368622e-02,-1.207317691296339035e-03,1.145131289958953857e-01,6.875865906476974487e-02,2.945545017719268799e-01,1.745758503675460815e-01,1.045904383063316345e-01,2.302164770662784576e-02,2.587036788463592529e-01,1.891479790210723877e-01,-1.836912147700786591e-02,7.880965713411569595e-04,8.015187829732894897e-02,-5.455267149955034256e-03,1.541636735200881958e-01,1.184870079159736633e-01,4.431722685694694519e-02,-8.301611244678497314e-02,-1.387359350919723511e-01,-1.212104558944702148e-01,-1.126690208911895752e-01,-1.453258991241455078e-01,-1.196510121226310730e-01,-1.407262384891510010e-01,-1.317143626511096954e-02,-2.528122626245021820e-02,3.086756542325019836e-02,4.557561129331588745e-02,-7.613939791917800903e-02,-7.291211932897567749e-02,1.004238799214363098e-01,-2.546919509768486023e-02,1.200814172625541687e-01,6.904179230332374573e-03,1.553356200456619263e-01,1.310609094798564911e-02,3.669387400150299072e-01,2.108213603496551514e-01,2.101505100727081299e-01,1.434906572103500366e-01,1.386965066194534302e-01,9.316727519035339355e-02,1.254472881555557251e-01,1.015821397304534912e-01,7.501472532749176025e-02,2.117289453744888306e-01,1.987899690866470337e-01,8.844239264726638794e-02,1.334962397813796997e-01,2.359746247529983521e-01,1.677961051464080811e-01,1.782186925411224365e-01,8.543584495782852173e-02,1.125566735863685608e-01,1.827417314052581787e-01,1.086618378758430481e-01,9.440201520919799805e-02,1.116188168525695801e-01,4.050416126847267151e-02,-2.081609666347503662e-01,7.996108382940292358e-02,5.234889220446348190e-03,4.165608808398246765e-02,-2.156105190515518188e-01,3.698033988475799561e-01,4.049471020698547363e-02,-2.871822118759155273e-01,8.345222100615501404e-03,4.369079321622848511e-02,1.292459815740585327e-01,-6.944850087165832520e-03,-2.806452102959156036e-02,7.010959833860397339e-02,9.299204498529434204e-02,5.540107935667037964e-02,9.008595347404479980e-02,5.158672481775283813e-02,2.982001900672912598e-01,-2.227195538580417633e-02,7.441289722919464111e-02,-6.204424798488616943e-02,8.497433364391326904e-02,-1.863581091165542603e-01,1.273344457149505615e-01,-4.274699464440345764e-02,1.439041495323181152e-01,-3.432060033082962036e-02,-1.138801276683807373e-01,3.694163262844085693e-02,-7.460212707519531250e-02,-1.236763689666986465e-02,4.230698570609092712e-02
3.818921744823455811e-02,1.242876946926116943e-01,-4.495892524719238281e-01,-2.150678932666778564e-01,1.278202086687088013e-01,5.448524355888366699e-01,-2.609942257404327393e-01,3.420646861195564270e-02,1.960394680500030518e-01,9.999994635581970215e-01,-3.042545318603515625e-01,1.555850612930953503e-03,1.317609380930662155e-02,1.761225759983062744e-01,-1.355174481868743896e-01,-1.686228811740875244e-01,1.694193035364151001e-01,2.046179920434951782e-01,-1.638002991676330566e-01,5.496771261096000671e-02,-1.827163994312286377e-01,-4.636816307902336121e-02,-5.739501118659973145e-01,-4.380177855491638184e-01,-4.098940789699554443e-01,-2.172811925411224365e-01,-2.751325368881225586e-01,-1.963949501514434814e-01,1.715346127748489380e-01,2.493416219949722290e-01,-3.561816811561584473e-01,-1.878606975078582764e-01,1.212860420346260071e-01,1.054402589797973633e-01,-3.319203853607177734e-01,-1.623681634664535522e-01,-1.949035972356796265e-01,-2.250955998897552490e-01,-1.278883665800094604e-01,-1.187004148960113525e-01,-1.719920523464679718e-02,-9.842812269926071167e-02,-9.038748219609260559e-03,9.739969670772552490e-02,2.445839941501617432e-01,2.317821532487869263e-01,-5.117482319474220276e-02,8.251152932643890381e-02,1.480304598808288574e-01,1.520366221666336060e-01,-8.645509928464889526e-02,-1.310199052095413208e-01,2.706974279135465622e-03,-7.686749566346406937e-03,-1.152340844273567200e-01,-1.044310256838798523e-02,-6.260551512241363525e-02,-4.149724915623664856e-02,8.730937726795673370e-03,6.999442726373672485e-02,6.798381358385086060e-02,4.337966740131378174e-01,2.495597153902053833e-01,3.924332857131958008e-01,-3.757004141807556152e-01,-6.597149372100830078e-02,-2.121479250490665436e-02,1.249418184161186218e-01,-1.394070833921432495e-01,-1.163578853011131287e-01,-6.603196263313293457e-02,4.073512926697731018e-02,6.804503034800291061e-03,2.438517957925796509e-01,2.886488288640975952e-02,1.369197666645050049e-01,2.805326879024505615e-02,4.024824127554893494e-02,9.374299645423889160e-02,5.277113988995552063e-02,1.239120438694953918e-01,-2.163547091186046600e-03,-4.138854444026947021e-01,-5.108694434165954590e-01,-4.270966947078704834e-01,-3.227090835571289062e-01,-4.488529264926910400e-01,-6.103290915489196777e-01,-1.099343374371528625e-01,8.094940334558486938e-02,-1.090680509805679321e-01,-9.752541780471801758e-02,-6.184239313006401062e-02,-2.785134911537170410e-01,7.972886413335800171e-02,1.173680461943149567e-02,-2.429149672389030457e-02,8.526368439197540283e-02,1.551594585180282593e-01,4.969487711787223816e-02,3.139203414320945740e-02,5.304826796054840088e-02,-7.785354554653167725e-02,8.106542751193046570e-03,-1.508878469467163086e-01,-1.837977319955825806e-01,2.333853626623749733e-03,-9.113034605979919434e-02,9.106620214879512787e-03,3.406345471739768982e-02,-1.156647056341171265e-01,3.178601339459419250e-02,9.533634036779403687e-02,8.597058802843093872e-02,-3.994181752204895020e-02,1.046554371714591980e-01
3.997482359409332275e-01,2.072869688272476196e-01,4.555354416370391846e-01,8.966508507728576660e-02,2.737893760204315186e-01,-1.402021292597055435e-02,5.060199499130249023e-01,5.338270682841539383e-03,2.625224292278289795e-01,-3.042545318603515625e-01,1.000000238418579102e+00,2.686460614204406738e-01,6.141530275344848633e-01,2.537581026554107666e-01,4.645144045352935791e-01,7.933874428272247314e-02,1.777389198541641235e-01,2.330008149147033691e-01,3.902217745780944824e-01,1.735311001539230347e-01,1.897084265947341919e-01,5.000163242220878601e-02,3.506804704666137695e-01,2.938078641891479492e-01,2.581386566162109375e-01,2.449180781841278076e-01,1.805082559585571289e-01,1.466183364391326904e-01,3.806210458278656006e-01,1.909663081169128418e-01,3.749690651893615723e-01,2.505618631839752197e-01,2.080958187580108643e-01,1.972328424453735352e-01,1.696379482746124268e-01,-1.423185504972934723e-02,2.034482508897781372e-01,2.883393764495849609e-01,2.011239677667617798e-01,1.575424224138259888e-01,1.036177352070808411e-01,9.636021405458450317e-02,1.738784313201904297e-01,8.877483010292053223e-02,6.443739682435989380e-02,2.823816798627376556e-02,1.339469552040100098e-01,4.031974822282791138e-02,1.114512756466865540e-01,1.262633651494979858e-01,2.108566761016845703e-01,2.106790542602539062e-01,7.027211040258407593e-02,9.797420352697372437e-02,2.565653324127197266e-01,-1.376053690910339355e-02,2.324157804250717163e-01,2.726272344589233398e-01,2.163191288709640503e-01,3.818726539611816406e-02,1.628881543874740601e-01,-1.216195672750473022e-01,-4.453428462147712708e-02,2.350213751196861267e-02,3.842765688896179199e-01,-1.166085377335548401e-01,3.012257218360900879e-01,9.066420048475265503e-02,2.628988027572631836e-01,3.776662349700927734e-01,3.891821801662445068e-01,2.203081101179122925e-01,4.360902011394500732e-01,1.422939747571945190e-01,3.688426613807678223e-01,1.699753850698471069e-01,2.985338270664215088e-01,3.959967494010925293e-01,-6.196577474474906921e-02,3.300269842147827148e-01,-1.074754446744918823e-01,2.290821969509124756e-01,2.735869884490966797e-01,1.378563046455383301e-01,4.095248878002166748e-01,1.235169023275375366e-01,2.521835565567016602e-01,6.749314814805984497e-02,4.229640066623687744e-01,3.483095020055770874e-02,-5.822737887501716614e-02,4.326570034027099609e-02,1.288151182234287262e-02,1.617147028446197510e-01,-2.106739394366741180e-02,-9.237039834260940552e-03,1.168527305126190186e-01,-5.044055730104446411e-02,9.685644507408142090e-02,1.673660725355148315e-01,2.273776978254318237e-01,1.944625377655029297e-01,2.343722581863403320e-01,2.080142647027969360e-01,8.426832407712936401e-02,1.248366758227348328e-01,-6.366601679474115372e-03,2.269770652055740356e-01,7.195529341697692871e-02,6.774940341711044312e-02,5.944545567035675049e-02,5.833180248737335205e-02,2.209653556346893311e-01,5.507175996899604797e-02,1.669843941926956177e-01,4.727922007441520691e-02
2.353518605232238770e-01,4.786193370819091797e-01,1.495311558246612549e-01,2.700305283069610596e-01,2.109490931034088135e-01,1.593958437442779541e-01,2.793696224689483643e-01,5.415232181549072266e-01,1.298834532499313354e-01,1.555850612930953503e-03,2.686460614204406738e-01,1.000000119209289551e+00,4.015106856822967529e-01,6.229654550552368164e-01,1.662971079349517822e-02,-1.923675835132598877e-02,2.505688965320587158e-01,4.249351918697357178e-01,2.483680844306945801e-01,4.756606817245483398e-01,2.865254692733287811e-02,-8.802590891718864441e-03,1.676294021308422089e-02,1.935969740152359009e-01,-9.299578517675399780e-02,-9.307004511356353760e-03,-1.886654198169708252e-01,-1.941967159509658813e-01,4.160771667957305908e-01,4.252067208290100098e-01,1.978468894958496094e-01,3.075866401195526123e-01,3.052195906639099121e-01,4.110595881938934326e-01,-1.275572478771209717e-01,-4.529001191258430481e-02,-1.485404279083013535e-02,1.719899624586105347e-01,4.590588435530662537e-02,4.551443085074424744e-02,6.718434393405914307e-02,6.924132257699966431e-02,1.328111886978149414e-01,2.273454368114471436e-01,1.914157867431640625e-01,2.008615434169769287e-01,1.782795041799545288e-01,2.084460258483886719e-01,1.915620118379592896e-01,2.290212810039520264e-01,9.785875678062438965e-02,1.186698526144027710e-01,1.019551083445549011e-01,2.373488098382949829e-01,1.756152883172035217e-02,2.367127314209938049e-02,2.133088707923889160e-01,2.981899380683898926e-01,1.511745154857635498e-01,1.650669574737548828e-01,-1.666404306888580322e-02,3.010365068912506104e-01,4.450640641152858734e-03,2.990907728672027588e-01,-1.181169375777244568e-01,6.313933525234460831e-03,1.307937204837799072e-01,1.600054502487182617e-01,1.148784905672073364e-01,1.062557399272918701e-01,2.840515673160552979e-01,2.080146670341491699e-01,3.448809385299682617e-01,3.347583413124084473e-01,3.136885464191436768e-01,2.514857053756713867e-01,1.652399152517318726e-01,3.342392444610595703e-01,1.780471764504909515e-02,3.269264101982116699e-01,3.811514377593994141e-02,3.902813792228698730e-01,1.123994868248701096e-02,1.400339305400848389e-01,-1.339292526245117188e-01,1.241027638316154480e-01,-3.336422517895698547e-02,-1.127232611179351807e-01,3.220843616873025894e-03,1.575537323951721191e-01,-8.827771991491317749e-02,-1.668656766414642334e-01,-3.330105543136596680e-02,-8.549269288778305054e-02,-1.285149157047271729e-01,-7.704029977321624756e-02,-8.551390469074249268e-02,2.658175118267536163e-02,1.588649004697799683e-01,8.479527384042739868e-02,1.539366990327835083e-01,1.372204869985580444e-01,8.600785583257675171e-02,2.588386833667755127e-01,2.870837412774562836e-02,1.383018214255571365e-03,-8.758295327425003052e-02,1.754018850624561310e-02,1.110209971666336060e-01,3.626377508044242859e-02,-5.835865065455436707e-02,1.812827889807522297e-03,1.847499161958694458e-01,1.861806809902191162e-01,6.149732694029808044e-02,3.850775072351098061e-03
4.853873848915100098e-01,3.146727979183197021e-01,3.619723618030548096e-01,-6.584533490240573883e-03,3.749419450759887695e-01,1.674913614988327026e-01,5.105815529823303223e-01,1.451328098773956299e-01,4.740885496139526367e-01,1.317609380930662155e-02,6.141530275344848633e-01,4.015106856822967529e-01,1.000000119209289551e+00,5.415505766868591309e-01,2.646749615669250488e-01,-4.968842118978500366e-02,3.379181325435638428e-01,3.202954530715942383e-01,3.599642515182495117e-01,2.492630183696746826e-01,9.363213181495666504e-02,3.977904096245765686e-02,-2.408909425139427185e-02,8.954268996603786945e-04,-1.237398851662874222e-02,8.578367531299591064e-02,-2.129952795803546906e-02,-4.904033988714218140e-02,5.909251570701599121e-01,3.976220190525054932e-01,1.635474860668182373e-01,1.082676723599433899e-01,3.403620123863220215e-01,2.547861635684967041e-01,-5.964154005050659180e-02,-1.387949138879776001e-01,1.221339032053947449e-01,1.869691014289855957e-01,9.877631813287734985e-02,1.304515898227691650e-01,9.734756499528884888e-02,3.779811039566993713e-02,-1.835522614419460297e-02,-7.042642682790756226e-03,4.341489076614379883e-02,-8.692772127687931061e-03,1.442343555390834808e-02,1.045590918511152267e-02,1.097995564341545105e-01,8.681315928697586060e-02,8.928511291742324829e-02,4.451674222946166992e-02,-2.026091888546943665e-02,6.596524268388748169e-02,1.298689544200897217e-01,-9.386374056339263916e-02,2.157688736915588379e-01,2.411607354879379272e-01,2.275334000587463379e-01,9.038905799388885498e-02,3.182400763034820557e-01,1.724313050508499146e-01,1.302405297756195068e-01,2.191679179668426514e-01,1.048932299017906189e-01,-8.308544754981994629e-02,2.184526324272155762e-01,6.321990489959716797e-02,1.841825842857360840e-01,2.388370484113693237e-01,4.021990001201629639e-01,2.687107622623443604e-01,4.391745626926422119e-01,3.501335084438323975e-01,3.697424530982971191e-01,2.560570240020751953e-01,2.737736701965332031e-01,3.391086757183074951e-01,6.285404413938522339e-02,3.565948903560638428e-01,1.919835992157459259e-02,3.080119192600250244e-01,4.166400060057640076e-02,2.746450249105691910e-03,7.872190326452255249e-02,-7.078542560338973999e-02,7.247638888657093048e-03,-2.591200768947601318e-01,2.927608191967010498e-01,-2.961496077477931976e-02,-2.297266572713851929e-01,-1.056490615010261536e-01,-3.164926171302795410e-02,3.663654671981930733e-03,1.090431772172451019e-02,1.492854673415422440e-02,9.538745135068893433e-02,2.068008109927177429e-02,1.381589323282241821e-01,1.379447430372238159e-01,2.518700957298278809e-01,4.083912670612335205e-01,1.712974756956100464e-01,2.636359035968780518e-01,2.396235801279544830e-02,5.008895322680473328e-02,-5.024690181016921997e-02,1.556286811828613281e-01,5.673788487911224365e-02,1.236615329980850220e-01,-4.835899919271469116e-03,1.749747246503829956e-02,2.194544523954391479e-01,1.017775312066078186e-01,1.053906902670860291e-01,6.604697555303573608e-02
