1.000000357627868652e+00,5.316693782806396484e-01,4.988687932491302490e-01,2.903382480144500732e-01,2.566789984703063965e-01,1.346114724874496460e-01,5.955302715301513672e-01,2.600975334644317627e-01,2.960510551929473877e-01,1.248122006654739380e-01,6.330798864364624023e-01,4.695782661437988281e-01,6.682270169258117676e-01,2.291190773248672485e-01,3.166599571704864502e-01,1.637148708105087280e-01,2.885613143444061279e-01,-1.169535145163536072e-02,5.935018062591552734e-01,4.873034656047821045e-01,1.707978546619415283e-01,-6.307472288608551025e-02,3.779607713222503662e-01,2.980719506740570068e-01,1.458338797092437744e-01,1.219142600893974304e-01,1.358670443296432495e-01,1.357222348451614380e-01,3.766872584819793701e-01,1.029233410954475403e-01,1.953184753656387329e-01,2.454838007688522339e-01,2.396515607833862305e-01,1.821146905422210693e-01,4.900017008185386658e-02,7.117616385221481323e-02,1.751290410757064819e-01,-7.407364249229431152e-02,1.306466758251190186e-01,8.114176988601684570e-02,-5.732960626482963562e-02,-1.317871920764446259e-02,-8.371470123529434204e-02,-1.214837729930877686e-01,-1.782537549734115601e-01,-1.491158902645111084e-01,-1.933491677045822144e-01,-9.623008221387863159e-02,-1.527576744556427002e-01,-2.428663074970245361e-01,-1.393691599369049072e-01,-2.438699305057525635e-01,2.089985832571983337e-02,-2.860946394503116608e-02,2.794470638036727905e-02,-1.308434158563613892e-01,5.081976056098937988e-01,2.910170555114746094e-01,6.324851512908935547e-01,2.301130443811416626e-01,5.854675173759460449e-01,3.004533648490905762e-01,1.249967440962791443e-01,1.908349692821502686e-01,2.853530943393707275e-01,1.415051221847534180e-01,1.852378696203231812e-01,-4.775176942348480225e-02,5.059208273887634277e-01,3.807132244110107422e-01,2.329653650522232056e-01,9.614003449678421021e-02,1.918689757585525513e-01,8.378919214010238647e-02,1.538782268762588501e-01,-3.380809212103486061e-03,4.944412037730216980e-02,-9.205225855112075806e-03,1.984667964279651642e-02,-2.819303423166275024e-02,-2.910607494413852692e-02,-6.798154860734939575e-02,1.918684877455234528e-02,3.209145739674568176e-02,3.488645255565643311e-01,1.384280622005462646e-02,1.954130679368972778e-01,1.426479369401931763e-01,3.755155801773071289e-01,5.200535804033279419e-02,2.125657796859741211e-01,8.494601398706436157e-02,1.780300587415695190e-01,2.545961141586303711e-01,3.918816149234771729e-02,8.586060255765914917e-02,1.319537907838821411e-01,1.319956928491592407e-01,1.099761202931404114e-01,1.337275505065917969e-01,1.414426863193511963e-01,2.609987854957580566e-01,1.407239884138107300e-01,2.332735359668731689e-01,1.864445060491561890e-01,1.455460041761398315e-01,-6.894580274820327759e-02,1.615473031997680664e-01,-3.905500844120979309e-02,-1.009037625044584274e-02,5.914425477385520935e-02,9.370537847280502319e-02,1.422867476940155029e-01,1.469488292932510376e-01,1.085954234004020691e-01,1.530767232179641724e-01
5.316693782806396484e-01,1.000000119209289551e+00,2.542963027954101562e-01,1.407886445522308350e-01,7.480262313038110733e-03,-1.557402312755584717e-01,3.549239635467529297e-01,1.047665700316429138e-01,2.353459596633911133e-01,-1.760077774524688721e-01,3.160429298877716064e-01,5.627593398094177246e-01,1.764143109321594238e-01,-3.822559490799903870e-02,1.466533988714218140e-01,-1.216220706701278687e-01,4.140323400497436523e-01,3.752655982971191406e-01,4.494640231132507324e-01,5.582090020179748535e-01,1.900651752948760986e-01,-1.027967408299446106e-01,1.718333214521408081e-01,5.101927742362022400e-02,-1.377739757299423218e-01,-1.560656875371932983e-01,-2.849026210606098175e-02,-7.586500048637390137e-02,3.831481337547302246e-01,3.414024114608764648e-01,7.617180794477462769e-02,-4.410406202077865601e-02,3.599632084369659424e-01,3.456939756870269775e-01,-1.488162130117416382e-01,-1.151520907878875732e-01,2.081535756587982178e-01,2.221908569335937500e-01,1.228782683610916138e-01,2.288851141929626465e-01,3.907987475395202637e-02,2.224319130182266235e-01,-9.023793041706085205e-02,-3.851107507944107056e-02,-7.983160763978958130e-02,-6.696616858243942261e-02,-3.011802036780864000e-04,1.534199416637420654e-01,-6.341118365526199341e-02,-7.852042466402053833e-02,-1.398009657859802246e-01,-1.273816674947738647e-01,-9.174001216888427734e-02,-5.722694098949432373e-02,8.440710604190826416e-02,5.893089994788169861e-02,6.871154904365539551e-01,6.615082621574401855e-01,5.020986795425415039e-01,5.082243084907531738e-01,4.039435386657714844e-01,4.547531306743621826e-01,2.823094725608825684e-01,4.096923470497131348e-01,-5.476282536983489990e-02,1.121178641915321350e-02,3.835296034812927246e-01,7.852581143379211426e-02,6.832547187805175781e-01,5.052643418312072754e-01,1.955949515104293823e-01,4.033463075757026672e-02,2.188350260257720947e-01,3.605025410652160645e-01,2.151015549898147583e-01,2.463086247444152832e-01,1.507027447223663330e-01,6.640696525573730469e-02,1.836612373590469360e-01,2.996768355369567871e-01,1.648254394531250000e-01,2.037864923477172852e-01,3.343260847032070160e-03,4.314525052905082703e-02,6.197596341371536255e-02,1.557976901531219482e-01,1.913723051548004150e-01,2.689870819449424744e-02,1.525705754756927490e-01,2.231598943471908569e-01,2.442699521780014038e-01,1.863410919904708862e-01,9.601427614688873291e-02,1.581397354602813721e-01,8.415912836790084839e-02,1.672130376100540161e-01,2.506917119026184082e-01,3.121623396873474121e-01,2.707347869873046875e-01,2.174873650074005127e-01,1.357727795839309692e-01,1.167957186698913574e-01,2.854372560977935791e-01,3.380360901355743408e-01,2.054125815629959106e-01,1.476111710071563721e-01,-9.223844110965728760e-02,8.675853908061981201e-02,-6.640986073762178421e-03,7.785951346158981323e-02,2.259523570537567139e-01,3.027296662330627441e-01,2.665698230266571045e-01,2.194593250751495361e-01,1.553409844636917114e-01,1.589297801256179810e-01
4.988687932491302490e-01,2.542963027954101562e-01,9.999998211860656738e-01,5.820303559303283691e-01,3.865963220596313477e-01,3.075812160968780518e-01,7.123842239379882812e-01,4.953905940055847168e-01,1.947364807128906250e-01,3.126762211322784424e-01,2.823724746704101562e-01,2.246758192777633667e-01,3.426150679588317871e-01,3.437148928642272949e-01,7.418005168437957764e-02,3.566519618034362793e-01,8.844500780105590820e-02,-1.285486817359924316e-01,5.667988657951354980e-01,4.155730307102203369e-01,3.068772256374359131e-01,9.731388092041015625e-02,7.816123366355895996e-01,6.657022833824157715e-01,4.667100310325622559e-01,3.464430868625640869e-01,2.941879034042358398e-01,2.168677151203155518e-01,2.025500237941741943e-01,-2.033753134310245514e-02,5.171443819999694824e-01,4.388554990291595459e-01,1.060733497142791748e-01,1.004316583275794983e-01,4.130361080169677734e-01,4.007560014724731445e-01,1.282484829425811768e-01,-1.360549181699752808e-01,-4.588594660162925720e-02,-6.280344724655151367e-02,-1.169589981436729431e-01,-5.865130200982093811e-02,-8.275169134140014648e-02,-2.141406238079071045e-01,-1.358581930398941040e-01,-1.503037363290786743e-01,-2.313955575227737427e-01,-4.974503070116043091e-02,-9.586159884929656982e-02,-1.857254952192306519e-01,8.224069327116012573e-02,-8.576919883489608765e-02,1.695195734500885010e-01,7.810842990875244141e-02,1.038545221090316772e-01,-6.808289885520935059e-02,3.164746165275573730e-01,1.981091350317001343e-01,3.530330061912536621e-01,1.127507016062736511e-01,2.613580524921417236e-01,7.649664580821990967e-02,-1.417424231767654419e-01,-3.405621275305747986e-03,5.535345673561096191e-01,3.499020636081695557e-01,1.045209392905235291e-01,-4.444921761751174927e-02,3.111017942428588867e-01,2.345057576894760132e-01,2.475694417953491211e-01,2.691481709480285645e-01,6.909434497356414795e-02,2.350155822932720184e-02,9.870939701795578003e-02,-5.899250134825706482e-02,-2.972873672842979431e-02,-3.762269765138626099e-02,5.410360917448997498e-02,-1.134907379746437073e-01,2.800283394753932953e-02,-9.723862167447805405e-04,-2.304249629378318787e-02,2.839635610580444336e-01,4.374048411846160889e-01,1.937531530857086182e-01,1.180023550987243652e-01,4.637921452522277832e-01,2.262733727693557739e-01,1.764278858900070190e-01,2.156020551919937134e-01,1.146606132388114929e-01,2.715707719326019287e-01,2.639459967613220215e-01,4.560456145554780960e-03,-9.527901187539100647e-03,8.777620643377304077e-02,-2.100009657442569733e-02,9.010583162307739258e-03,7.209098548628389835e-04,1.006924733519554138e-01,1.345389485359191895e-01,4.745329916477203369e-02,-1.989378407597541809e-02,3.813060745596885681e-02,3.155210986733436584e-02,3.033522889018058777e-02,-4.024616256356239319e-02,-2.863043919205665588e-03,-1.264710258692502975e-02,-1.493964530527591705e-02,-2.501815930008888245e-02,2.844391274265944958e-04,-3.472065180540084839e-02,-5.405129864811897278e-02,6.768537312746047974e-02
2.903382480144500732e-01,1.407886445522308350e-01,5.820303559303283691e-01,9.999997615814208984e-01,4.461014270782470703e-01,6.763874888420104980e-01,5.873812437057495117e-01,8.675737977027893066e-01,2.596966028213500977e-01,6.620730161666870117e-01,9.234435111284255981e-02,2.698021233081817627e-01,3.481028079986572266e-01,7.247985005378723145e-01,-5.754508823156356812e-02,6.426852345466613770e-01,2.547406218945980072e-02,-3.339250087738037109e-01,2.678327262401580811e-01,1.965075284242630005e-01,1.418316215276718140e-01,1.260277479887008667e-01,5.077970623970031738e-01,8.186255693435668945e-01,5.586497783660888672e-01,6.698510646820068359e-01,4.152891635894775391e-01,5.021126270294189453e-01,1.129143014550209045e-01,-1.879499256610870361e-01,5.192281603813171387e-01,7.515618205070495605e-01,-5.460800603032112122e-02,-4.778536781668663025e-02,3.497280552983283997e-02,1.869170665740966797e-01,-4.371839761734008789e-02,-4.653940200805664062e-01,-1.082340255379676819e-01,-2.249219864606857300e-01,-4.079234227538108826e-02,-4.166192412376403809e-01,-1.157643198966979980e-01,-2.244309335947036743e-01,-2.248041331768035889e-01,-1.123878657817840576e-01,-2.741629481315612793e-01,-1.760824471712112427e-01,-1.136859208345413208e-01,-1.028708666563034058e-01,-9.682471863925457001e-03,-1.013890579342842102e-01,1.660734415054321289e-01,5.358223989605903625e-02,-6.091467291116714478e-02,-2.129991948604583740e-01,1.860924959182739258e-01,1.012362632900476456e-02,3.030232191085815430e-01,2.199270129203796387e-01,2.116412818431854248e-01,1.891875565052032471e-01,-7.654602080583572388e-02,-2.754503395408391953e-03,2.158398628234863281e-01,4.611305594444274902e-01,-8.477339148521423340e-02,-1.754734814167022705e-01,1.193461194634437561e-01,3.388408198952674866e-02,2.457400560379028320e-01,4.151241779327392578e-01,1.801473647356033325e-01,-6.822075694799423218e-02,1.660233736038208008e-01,-2.170014381408691406e-01,-2.900635637342929840e-02,-5.661106109619140625e-02,-1.338386069983243942e-02,-3.402213752269744873e-01,-8.998388797044754028e-02,-2.750438153743743896e-01,-3.661024570465087891e-02,3.672609031200408936e-01,1.068462580442428589e-01,-5.598032847046852112e-02,1.970695331692695618e-02,4.650553762912750244e-01,7.337030023336410522e-02,4.384939745068550110e-02,9.441152960062026978e-02,7.683007977902889252e-03,2.559431195259094238e-01,5.459180567413568497e-03,-1.745366752147674561e-01,-2.488807588815689087e-01,-1.787353754043579102e-01,-2.783800363540649414e-01,1.084628235548734665e-02,-8.257644623517990112e-02,2.163383811712265015e-01,6.541300565004348755e-02,5.001310631632804871e-02,-9.772271662950515747e-02,-8.108396083116531372e-02,-1.972901225090026855e-01,4.368719086050987244e-02,1.765121705830097198e-02,-1.115426272153854370e-01,-1.879484653472900391e-01,-2.749258875846862793e-01,-7.504086196422576904e-02,-4.959250241518020630e-02,-1.939874142408370972e-01,-2.745659947395324707e-01,-7.710102945566177368e-02
2.566789984703063965e-01,7.480262313038110733e-03,3.865963220596313477e-01,4.461014270782470703e-01,1.000000357627868652e+00,6.501533389091491699e-01,3.200914859771728516e-01,4.541424214839935303e-01,3.533810973167419434e-01,6.280855536460876465e-01,3.342199027538299561e-01,5.056613683700561523e-02,4.736236035823822021e-01,5.137954354286193848e-01,2.680042684078216553e-01,6.553437113761901855e-01,1.787141710519790649e-01,-2.112752199172973633e-01,2.088118493556976318e-01,6.304348260164260864e-02,2.512149512767791748e-01,2.437963634729385376e-01,4.569121599197387695e-01,5.717186331748962402e-01,7.442335486412048340e-01,6.785415410995483398e-01,7.133027911186218262e-01,7.016791105270385742e-01,3.066471517086029053e-01,-1.902073323726654053e-01,4.158906340599060059e-01,5.738490819931030273e-01,-1.161755472421646118e-01,-1.808848679065704346e-01,1.294685453176498413e-01,1.545168459415435791e-01,2.123001515865325928e-01,-3.033040761947631836e-01,-1.169420480728149414e-01,-1.464340537786483765e-01,6.505960971117019653e-02,-1.351408511400222778e-01,-1.020692288875579834e-01,-2.300281077623367310e-01,-1.854384988546371460e-01,-1.510682106018066406e-01,-2.746537625789642334e-01,-1.421011835336685181e-01,3.486250340938568115e-02,-1.816901266574859619e-01,1.904475986957550049e-01,7.832135260105133057e-02,1.373843997716903687e-01,6.972316652536392212e-02,9.690631181001663208e-02,-4.427864030003547668e-02,1.366811096668243408e-01,-1.883834972977638245e-02,2.458612024784088135e-01,1.250572949647903442e-01,9.735599160194396973e-02,-6.037742272019386292e-02,-2.806413918733596802e-02,-2.503030002117156982e-01,3.252169191837310791e-01,2.088429629802703857e-01,-8.355271816253662109e-02,-2.403406798839569092e-01,8.003359287977218628e-02,3.204274177551269531e-02,4.578769207000732422e-01,3.621781468391418457e-01,2.997671067714691162e-01,-2.064875364303588867e-01,2.114582657814025879e-01,-2.258938699960708618e-01,1.233369205147027969e-02,-7.345151901245117188e-02,6.135341525077819824e-02,-2.793196737766265869e-01,1.125436462461948395e-02,-1.871095895767211914e-01,1.719813346862792969e-01,4.790845513343811035e-01,4.172283411026000977e-01,3.281553508713841438e-04,2.324579358100891113e-01,5.867013931274414062e-01,2.614774703979492188e-01,5.278791487216949463e-02,3.569872677326202393e-02,9.883067756891250610e-02,3.068828023970127106e-02,-8.385515958070755005e-02,-1.699300855398178101e-01,-2.501888871192932129e-01,-1.341735124588012695e-01,-2.697123587131500244e-01,-1.054682210087776184e-01,-1.147129312157630920e-01,-5.202420800924301147e-02,-1.355829983949661255e-01,-1.207658872008323669e-01,-3.416537940502166748e-01,-1.060445010662078857e-01,-1.745234131813049316e-01,-4.898577556014060974e-02,-1.310473382472991943e-01,-2.741872668266296387e-01,-1.739401966333389282e-01,-2.176000475883483887e-01,-1.395729035139083862e-01,-1.777862012386322021e-01,-3.052348792552947998e-01,-3.704523444175720215e-01,-1.771469414234161377e-01
1.346114724874496460e-01,-1.557402312755584717e-01,3.075812160968780518e-01,6.763874888420104980e-01,6.501533389091491699e-01,9.999997615814208984e-01,3.072273731231689453e-01,7.372517585754394531e-01,2.235723137855529785e-01,9.036674499511718750e-01,1.223241910338401794e-01,5.864218622446060181e-02,4.090852141380310059e-01,7.912934422492980957e-01,-4.545359872281551361e-03,8.721601963043212891e-01,-2.918468043208122253e-02,-4.551700949668884277e-01,1.783441752195358276e-02,-9.210192412137985229e-02,4.762030020356178284e-02,2.292251884937286377e-01,2.891620695590972900e-01,6.886337399482727051e-01,7.435592412948608398e-01,8.893901109695434570e-01,6.563217639923095703e-01,7.619140744209289551e-01,5.231769755482673645e-02,-3.855162560939788818e-01,3.857211768627166748e-01,7.715938687324523926e-01,-2.734793722629547119e-01,-3.193817734718322754e-01,-6.648367643356323242e-02,3.618750721216201782e-02,-4.665689542889595032e-02,-6.461458802223205566e-01,-2.241644263267517090e-01,-3.828373253345489502e-01,5.382845550775527954e-02,-5.413095355033874512e-01,-4.825787246227264404e-02,-1.931130588054656982e-01,-2.327794432640075684e-01,-1.260372251272201538e-01,-2.856020927429199219e-01,-2.570980489253997803e-01,-4.759607091546058655e-02,-8.197448402643203735e-02,2.426682226359844208e-02,1.401607180014252663e-03,1.628423482179641724e-01,9.920300543308258057e-02,-1.544000953435897827e-01,-2.711596488952636719e-01,7.342199329286813736e-03,-1.929368972778320312e-01,1.591753959655761719e-01,5.399132519960403442e-02,4.085560515522956848e-02,-4.177332669496536255e-02,-8.685056120157241821e-02,-2.895259857177734375e-01,8.819029480218887329e-02,2.727454006671905518e-01,-2.749441564083099365e-01,-3.445485234260559082e-01,-7.324288040399551392e-02,-1.095804497599601746e-01,2.773044705390930176e-01,4.402889013290405273e-01,2.078648507595062256e-01,-3.284789919853210449e-01,1.240755543112754822e-01,-4.502458572387695312e-01,-1.193630099296569824e-01,-2.095143795013427734e-01,-1.320165991783142090e-01,-5.842816233634948730e-01,-1.579093337059020996e-01,-4.715706706047058105e-01,6.699048727750778198e-02,4.966329336166381836e-01,7.877813279628753662e-02,-3.044919371604919434e-01,4.609105642884969711e-03,5.513141751289367676e-01,-9.295138625020626932e-06,-1.384818702936172485e-01,-1.444340199232101440e-01,-1.205580234527587891e-01,-1.592719554901123047e-02,-2.166745066642761230e-01,-2.855652570724487305e-01,-4.198791682720184326e-01,-3.634966015815734863e-01,-5.045442581176757812e-01,-1.895577311515808105e-01,-2.337921410799026489e-01,-3.466066718101501465e-02,-1.350875198841094971e-01,-1.895721554756164551e-01,-3.878120481967926025e-01,-2.670449912548065186e-01,-3.649039268493652344e-01,-1.747678779065608978e-02,-1.663067005574703217e-02,-2.392299473285675049e-01,-2.893779575824737549e-01,-4.311381876468658447e-01,-2.625371515750885010e-01,-2.467836588621139526e-01,-3.779732286930084229e-01,-4.647125899791717529e-01,-2.097952365875244141e-01
5.955302715301513672e-01,3.549239635467529297e-01,7.123842239379882812e-01,5.873812437057495117e-01,3.200914859771728516e-01,3.072273731231689453e-01,9.999997019767761230e-01,5.419378876686096191e-01,3.099145591259002686e-01,3.060427010059356689e-01,3.247943222522735596e-01,3.420642018318176270e-01,5.349310636520385742e-01,3.420107066631317139e-01,1.840754598379135132e-01,3.295096755027770996e-01,2.188236415386199951e-01,-9.162478148937225342e-02,5.797379016876220703e-01,4.363933801651000977e-01,2.875402867794036865e-01,1.077110022306442261e-01,5.314783453941345215e-01,5.427135229110717773e-01,2.813524305820465088e-01,3.122738003730773926e-01,2.267786711454391479e-01,2.718997001647949219e-01,3.334459662437438965e-01,5.841933935880661011e-02,4.370701014995574951e-01,4.276138246059417725e-01,2.924948632717132568e-01,2.525997459888458252e-01,5.069565400481224060e-02,1.651549339294433594e-01,1.916312426328659058e-01,-1.462308466434478760e-01,-2.169361710548400879e-02,-3.824816271662712097e-02,-4.817714914679527283e-02,-6.512624025344848633e-02,-2.128860354423522949e-01,-2.744740545749664307e-01,-2.065424621105194092e-01,-1.336693614721298218e-01,-2.492906302213668823e-01,-1.434223353862762451e-01,-1.416345387697219849e-01,-1.550155580043792725e-01,-4.823770374059677124e-02,-1.572301536798477173e-01,1.353552788496017456e-01,5.857429653406143188e-02,1.174821779131889343e-01,-1.060899049043655396e-01,4.014866054058074951e-01,2.184464782476425171e-01,5.183639526367187500e-01,2.834162414073944092e-01,5.165627598762512207e-01,2.791804671287536621e-01,1.320654451847076416e-01,2.796853482723236084e-01,4.387926161289215088e-01,2.686179578304290771e-01,1.374495774507522583e-01,-5.069674924015998840e-02,3.797790110111236572e-01,2.697586417198181152e-01,3.546130061149597168e-01,2.780372500419616699e-01,2.404908388853073120e-01,8.373959362506866455e-02,2.128284275531768799e-01,-5.717050284147262573e-02,9.625154733657836914e-02,4.987492784857749939e-02,4.368079081177711487e-02,-1.351594775915145874e-01,2.819246239960193634e-02,-7.775833457708358765e-02,4.133192077279090881e-02,2.196067422628402710e-01,2.934577465057373047e-01,4.777864366769790649e-02,1.052849590778350830e-01,3.139614164829254150e-01,1.972752958536148071e-01,9.256023168563842773e-02,2.809577882289886475e-01,1.329633593559265137e-01,3.033936321735382080e-01,2.614862322807312012e-01,6.284495443105697632e-02,4.191999509930610657e-02,9.028895944356918335e-02,7.448767125606536865e-02,1.708650887012481689e-01,1.504517644643783569e-01,2.081356495618820190e-01,2.038747668266296387e-01,1.844582557678222656e-01,1.576983332633972168e-01,1.311715543270111084e-01,6.089704856276512146e-02,1.862184144556522369e-02,3.084507398307323456e-02,-2.156556025147438049e-02,4.111515823751688004e-03,1.495919376611709595e-02,9.781297296285629272e-02,9.263912588357925415e-02,8.461907505989074707e-02,-1.218938548117876053e-02,7.499539852142333984e-02
2.600975334644317627e-01,1.047665700316429138e-01,4.953905940055847168e-01,8.675737977027893066e-01,4.541424214839935303e-01,7.372517585754394531e-01,5.419378876686096191e-01,9.999996423721313477e-01,2.286688387393951416e-01,7.309383153915405273e-01,8.862311393022537231e-02,2.796103954315185547e-01,3.651583194732666016e-01,7.915785908699035645e-01,-1.193765848875045776e-01,7.035851478576660156e-01,-1.053998596034944057e-03,-3.726055324077606201e-01,1.874568015336990356e-01,9.850943833589553833e-02,1.342695951461791992e-01,1.045174896717071533e-01,4.309596121311187744e-01,7.865351438522338867e-01,5.689042210578918457e-01,7.260418534278869629e-01,4.297937154769897461e-01,5.313554406166076660e-01,8.426440507173538208e-02,-2.463987767696380615e-01,4.687254726886749268e-01,7.795800566673278809e-01,-8.861529082059860229e-02,-1.073916554450988770e-01,-7.236950099468231201e-02,6.500783562660217285e-02,-9.573727101087570190e-02,-5.444027781486511230e-01,-1.752286702394485474e-01,-3.144458830356597900e-01,-6.603615731000900269e-02,-4.625495374202728271e-01,-1.335974335670471191e-01,-2.428211569786071777e-01,-2.338729202747344971e-01,-1.321928501129150391e-01,-3.099778294563293457e-01,-2.119910120964050293e-01,-1.260907202959060669e-01,-8.230293542146682739e-02,-6.967442482709884644e-02,-1.123523935675621033e-01,1.382163166999816895e-01,5.252586677670478821e-02,-1.088717654347419739e-01,-2.418902069330215454e-01,1.490156054496765137e-01,7.147518917918205261e-03,2.924656271934509277e-01,2.381355315446853638e-01,1.739201843738555908e-01,1.995199173688888550e-01,-8.812571316957473755e-02,-3.946712240576744080e-02,1.517325341701507568e-01,3.735704720020294189e-01,-1.385934501886367798e-01,-2.487660348415374756e-01,7.301795482635498047e-02,1.331251300871372223e-02,2.333350032567977905e-01,4.448051154613494873e-01,1.508230566978454590e-01,-1.239762008190155029e-01,1.342425048351287842e-01,-2.785530984401702881e-01,-9.019591659307479858e-02,-1.173849776387214661e-01,-7.116279751062393188e-02,-4.154568314552307129e-01,-1.539906859397888184e-01,-3.363480269908905029e-01,-6.250364333391189575e-02,4.075626134872436523e-01,4.952501133084297180e-02,-1.621572673320770264e-01,-2.180558815598487854e-02,4.831133782863616943e-01,3.350784070789813995e-03,-1.092679612338542938e-02,2.030651783570647240e-03,-5.268352106213569641e-02,1.666131168603897095e-01,-4.498901963233947754e-02,-1.749605685472488403e-01,-2.612860798835754395e-01,-2.311825603246688843e-01,-3.376950323581695557e-01,-4.557373747229576111e-02,-1.251538395881652832e-01,1.432896554470062256e-01,2.654846012592315674e-02,-3.090499527752399445e-02,-1.497605741024017334e-01,-1.518967598676681519e-01,-2.521767318248748779e-01,4.030821472406387329e-02,-2.488127537071704865e-02,-1.435142904520034790e-01,-1.706408858299255371e-01,-3.471761941909790039e-01,-1.301518827676773071e-01,-1.166048049926757812e-01,-2.332972139120101929e-01,-3.336753547191619873e-01,-9.824060648679733276e-02
2.960510551929473877e-01,2.353459596633911133e-01,1.947364807128906250e-01,2.596966028213500977e-01,3.533810973167419434e-01,2.235723137855529785e-01,3.099145591259002686e-01,2.286688387393951416e-01,9.999998211860656738e-01,2.129093259572982788e-01,3.034317493438720703e-01,2.168847173452377319e-01,4.100731015205383301e-01,2.217137366533279419e-01,4.407276809215545654e-01,1.878947913646697998e-01,2.947468757629394531e-01,2.346669696271419525e-02,3.075159490108489990e-01,2.968148589134216309e-01,1.946249604225158691e-01,7.229229062795639038e-02,1.636077165603637695e-01,1.801984608173370361e-01,1.379794627428054810e-01,1.770309209823608398e-01,1.288022696971893311e-01,1.978110522031784058e-01,2.113089263439178467e-01,6.118548661470413208e-02,1.299804896116256714e-01,1.602117866277694702e-01,6.267431378364562988e-02,5.163696408271789551e-02,-1.193526387214660645e-01,-7.277739793062210083e-02,2.261362075805664062e-01,-8.804558962583541870e-02,6.952275335788726807e-02,6.411918252706527710e-02,2.426535449922084808e-02,-2.361274138092994690e-02,-2.184426337480545044e-01,-2.180688977241516113e-01,-2.791998088359832764e-01,-1.825421601533889771e-01,-2.879181504249572754e-01,-8.364126831293106079e-02,-1.609345972537994385e-01,-2.489421665668487549e-01,-1.253458857536315918e-01,-1.690076589584350586e-01,-5.649730563163757324e-02,-1.532122492790222168e-01,4.167898744344711304e-02,-1.419857591390609741e-01,2.589849829673767090e-01,1.363337039947509766e-01,3.267764747142791748e-01,1.744734644889831543e-01,3.555000722408294678e-01,2.044099569320678711e-01,1.502856463193893433e-01,1.634231656789779663e-01,8.381823450326919556e-02,4.853948205709457397e-02,3.917897120118141174e-02,-1.809516996145248413e-01,2.174617499113082886e-01,1.725711375474929810e-01,1.648090779781341553e-01,2.589034438133239746e-01,1.110606566071510315e-01,1.730783581733703613e-01,4.278790950775146484e-02,1.677216142416000366e-01,9.537061303853988647e-02,3.993606939911842346e-02,1.816449016332626343e-01,-6.005823239684104919e-02,8.759184181690216064e-02,5.770269781351089478e-03,-5.504459608346223831e-03,1.760148443281650543e-02,1.387602239847183228e-01,5.648460984230041504e-02,4.693632200360298157e-02,9.236294776201248169e-02,2.245438247919082642e-01,1.605693548917770386e-01,2.386413365602493286e-01,3.118897676467895508e-01,2.297754585742950439e-01,2.407730072736740112e-01,-6.896875798702239990e-02,-4.240122064948081970e-02,-5.621723830699920654e-02,5.517028272151947021e-02,2.471627742052078247e-01,2.132982909679412842e-01,1.787634491920471191e-01,2.484731972217559814e-01,1.688847839832305908e-01,1.771288663148880005e-01,1.181413307785987854e-01,1.026060506701469421e-01,-9.156781248748302460e-03,7.577534019947052002e-02,-1.413718461990356445e-01,-9.065467864274978638e-02,-4.719716962426900864e-03,1.988019049167633057e-01,1.292671710252761841e-01,1.596417464315891266e-02,-7.000909745693206787e-02,4.301484301686286926e-02
1.248122006654739380e-01,-1.760077774524688721e-01,3.126762211322784424e-01,6.620730161666870117e-01,6.280855536460876465e-01,9.036674499511718750e-01,3.060427010059356689e-01,7.309383153915405273e-01,2.129093259572982788e-01,9.999998211860656738e-01,1.144128069281578064e-01,4.621539637446403503e-02,3.998818695545196533e-01,7.831556200981140137e-01,-3.988125175237655640e-02,8.804603815078735352e-01,-3.795233741402626038e-02,-4.807817339897155762e-01,1.682783477008342743e-02,-1.019191741943359375e-01,3.721798211336135864e-02,2.054908275604248047e-01,2.839786112308502197e-01,6.778097152709960938e-01,7.470563650131225586e-01,8.923324942588806152e-01,6.306424736976623535e-01,7.286604642868041992e-01,3.178007155656814575e-02,-3.918173909187316895e-01,3.711632788181304932e-01,7.668352723121643066e-01,-2.730931341648101807e-01,-3.218164741992950439e-01,-8.392249792814254761e-02,9.754428640007972717e-03,-8.527438342571258545e-02,-6.614457368850708008e-01,-2.657535672187805176e-01,-4.109737873077392578e-01,2.051356248557567596e-02,-5.583274960517883301e-01,-7.056337594985961914e-02,-2.183905988931655884e-01,-2.417981922626495361e-01,-1.437703967094421387e-01,-3.065360188484191895e-01,-2.841507196426391602e-01,-6.194633990526199341e-02,-9.154630452394485474e-02,1.814657449722290039e-02,2.198229078203439713e-03,1.848097294569015503e-01,1.243454441428184509e-01,-1.703232228755950928e-01,-2.740257084369659424e-01,-1.250277552753686905e-02,-1.934213787317276001e-01,1.398155391216278076e-01,4.535198956727981567e-02,2.897822670638561249e-02,-6.041631102561950684e-02,-1.005769222974777222e-01,-2.974209487438201904e-01,9.480089694261550903e-02,2.348063439130783081e-01,-2.907562255859375000e-01,-3.758853971958160400e-01,-7.415293157100677490e-02,-1.122922450304031372e-01,2.398355901241302490e-01,4.379199147224426270e-01,1.596902012825012207e-01,-3.185001313686370850e-01,8.740421384572982788e-02,-4.389303624629974365e-01,-1.472422629594802856e-01,-2.269960045814514160e-01,-1.246599033474922180e-01,-5.844937562942504883e-01,-1.667958050966262817e-01,-4.693435728549957275e-01,3.405572101473808289e-02,5.092771649360656738e-01,8.002645522356033325e-02,-3.178304731845855713e-01,-3.438128530979156494e-02,5.599342584609985352e-01,-3.011216036975383759e-02,-1.416948884725570679e-01,-1.745306253433227539e-01,-1.448989063501358032e-01,-5.046737939119338989e-02,-2.187640815973281860e-01,-2.813580036163330078e-01,-4.133306443691253662e-01,-3.808180689811706543e-01,-5.259131193161010742e-01,-2.242429554462432861e-01,-2.605569958686828613e-01,-6.990291178226470947e-02,-1.386894732713699341e-01,-1.962768286466598511e-01,-3.973015546798706055e-01,-2.843277156352996826e-01,-3.784198164939880371e-01,-4.923293367028236389e-03,-5.378430336713790894e-02,-2.403006702661514282e-01,-2.825615704059600830e-01,-4.630600214004516602e-01,-2.902128398418426514e-01,-2.811531126499176025e-01,-4.037540853023529053e-01,-4.792456924915313721e-01,-2.040417492389678955e-01
6.330798864364624023e-01,3.160429298877716064e-01,2.823724746704101562e-01,9.234435111284255981e-02,3.342199027538299561e-01,1.223241910338401794e-01,3.247943222522735596e-01,8.862311393022537231e-02,3.034317493438720703e-01,1.144128069281578064e-01,9.999991059303283691e-01,2.697092890739440918e-01,5.974850654602050781e-01,1.514370888471603394e-01,4.802490174770355225e-01,1.758449077606201172e-01,4.862338304519653320e-01,3.177665919065475464e-02,4.477822780609130859e-01,3.376292884349822998e-01,2.251876592636108398e-01,1.224179565906524658e-02,3.049064278602600098e-01,1.865910738706588745e-01,2.339098155498504639e-01,1.124094873666763306e-01,2.486409991979598999e-01,1.958119571208953857e-01,5.081048607826232910e-01,1.348740011453628540e-01,2.306263148784637451e-01,2.029456794261932373e-01,1.790640950202941895e-01,8.358205854892730713e-02,3.384174406528472900e-02,1.482512801885604858e-02,3.253924548625946045e-01,-2.367129549384117126e-03,1.450013816356658936e-01,1.104087606072425842e-01,-4.557222500443458557e-02,1.441802531480789185e-01,-1.004021391272544861e-01,-1.620300710201263428e-01,-1.302091777324676514e-01,-1.619444787502288818e-01,-2.019302994012832642e-01,-7.464314252138137817e-02,-5.629413062706589699e-04,-1.806988716125488281e-01,4.804895073175430298e-02,-2.228282205760478973e-02,1.990215666592121124e-02,-2.238165773451328278e-02,2.006331235170364380e-01,3.046033531427383423e-02,3.637429773807525635e-01,2.474401593208312988e-01,4.055459797382354736e-01,2.329622507095336914e-01,4.721550047397613525e-01,1.379195600748062134e-01,2.977118492126464844e-01,1.398485153913497925e-01,2.203031033277511597e-01,1.022760346531867981e-01,1.190275996923446655e-01,-6.742370873689651489e-02,3.131148219108581543e-01,3.346981406211853027e-01,3.420791029930114746e-01,9.795258939266204834e-02,2.528643608093261719e-01,2.515185810625553131e-02,1.697176247835159302e-01,-2.237397618591785431e-02,4.313627630472183228e-02,-5.477493256330490112e-02,1.560757309198379517e-01,-2.051731944084167480e-02,1.321306675672531128e-01,8.629330247640609741e-02,1.055942252278327942e-01,1.067515090107917786e-01,4.789498150348663330e-01,1.395194977521896362e-01,3.499437868595123291e-01,2.456011176109313965e-01,4.724089205265045166e-01,1.685749292373657227e-01,2.039534747600555420e-01,1.140930205583572388e-01,1.094458475708961487e-01,1.438082158565521240e-01,-5.952627863734960556e-03,6.739652156829833984e-02,1.456541568040847778e-01,1.069319769740104675e-01,1.204083487391471863e-01,1.057825013995170593e-01,1.139075215905904770e-02,1.593624055385589600e-01,6.164390966296195984e-02,1.283725202083587646e-01,1.724072247743606567e-01,1.302593350410461426e-01,-5.716053396463394165e-02,7.694237679243087769e-02,-1.945937871932983398e-01,2.759772539138793945e-02,6.433577090501785278e-02,7.945593446493148804e-02,4.206929355859756470e-02,6.905658543109893799e-02,-3.890331601724028587e-03,4.790809005498886108e-02
4.695782661437988281e-01,5.627593398094177246e-01,2.246758192777633667e-01,2.698021233081817627e-01,5.056613683700561523e-02,5.864218622446060181e-02,3.420642018318176270e-01,2.796103954315185547e-01,2.168847173452377319e-01,4.621539637446403503e-02,2.697092890739440918e-01,9.999999403953552246e-01,3.183193802833557129e-01,3.432754576206207275e-01,8.217892609536647797e-03,8.552155643701553345e-02,3.470857739448547363e-01,3.449415862560272217e-01,3.046307563781738281e-01,4.677905738353729248e-01,1.553104370832443237e-01,-6.666870415210723877e-02,2.208188772201538086e-01,1.890429854393005371e-01,-3.968215547502040863e-03,4.766818135976791382e-02,-8.964464068412780762e-02,-7.374865002930164337e-03,3.292275965213775635e-01,2.934600412845611572e-01,2.073764503002166748e-01,1.176111474633216858e-01,3.361339569091796875e-01,3.852912187576293945e-01,-1.404062099754810333e-02,5.832097027450799942e-03,8.794489502906799316e-02,6.935908645391464233e-02,9.288357943296432495e-02,4.014076292514801025e-02,2.752051316201686859e-02,4.580327868461608887e-02,-8.855164051055908203e-02,-1.138577386736869812e-01,-2.347661107778549194e-01,-1.429987400770187378e-01,-1.683806777000427246e-01,-1.158388257026672363e-01,-2.638530731201171875e-01,-1.579162925481796265e-01,-2.359000891447067261e-01,-2.649816274642944336e-01,-3.337711468338966370e-02,-2.983834408223628998e-02,-9.833956509828567505e-02,-2.158954590559005737e-01,3.869596123695373535e-01,3.909445405006408691e-01,3.603285849094390869e-01,2.932622432708740234e-01,4.728285968303680420e-01,5.245735645294189453e-01,2.940950989723205566e-01,4.411024749279022217e-01,1.516067832708358765e-01,1.630416065454483032e-01,2.093735486268997192e-01,5.141442269086837769e-02,2.963533699512481689e-01,3.262946009635925293e-01,1.185919418931007385e-01,2.462831735610961914e-01,9.295325726270675659e-02,2.859272658824920654e-01,1.287779808044433594e-01,1.526038348674774170e-01,1.011175438761711121e-01,1.196368783712387085e-01,8.109023422002792358e-02,1.432566940784454346e-01,3.884090855717658997e-02,1.520207226276397705e-01,3.016426973044872284e-02,2.899946179240942001e-03,8.406929671764373779e-02,1.522513180971145630e-01,3.212900459766387939e-02,1.004414930939674377e-01,1.205571517348289490e-01,8.992684632539749146e-02,1.576967835426330566e-01,4.148650914430618286e-02,1.485036015510559082e-01,8.107771724462509155e-02,-9.054420143365859985e-02,-4.039320722222328186e-02,-5.136526189744472504e-03,3.029874898493289948e-02,1.538524180650711060e-01,5.889473482966423035e-02,2.378396391868591309e-01,1.692959219217300415e-01,1.925716251134872437e-01,2.537223100662231445e-01,1.854357123374938965e-01,9.417226165533065796e-02,-1.447359472513198853e-01,2.115371376276016235e-01,-6.495772302150726318e-02,-1.073956191539764404e-01,1.346161961555480957e-02,8.589169383049011230e-02,6.164703890681266785e-02,6.072708219289779663e-02,4.733803495764732361e-02,9.892064332962036133e-02
6.682270169258117676e-01,1.764143109321594238e-01,3.426150679588317871e-01,3.481028079986572266e-01,4.736236035823822021e-01,4.090852141380310059e-01,5.349310636520385742e-01,3.651583194732666016e-01,4.100731015205383301e-01,3.998818695545196533e-01,5.974850654602050781e-01,3.183193802833557129e-01,1.000000238418579102e+00,4.414225816726684570e-01,4.254291355609893799e-01,3.943981230258941650e-01,2.058746963739395142e-01,-1.350728720426559448e-01,3.614705801010131836e-01,2.390342205762863159e-01,1.527544856071472168e-01,5.971589684486389160e-02,2.717315256595611572e-01,3.536704182624816895e-01,3.594805002212524414e-01,3.875012099742889404e-01,2.943401634693145752e-01,3.874949812889099121e-01,3.337388932704925537e-01,-4.073809832334518433e-02,2.068681716918945312e-01,4.092555642127990723e-01,7.658199220895767212e-02,-9.127598255872726440e-03,-4.729582741856575012e-02,1.157921832054853439e-02,1.884104311466217041e-01,-2.307507544755935669e-01,1.754589937627315521e-02,-7.491402328014373779e-02,-4.431293532252311707e-02,-1.138979196548461914e-01,-2.407934069633483887e-01,-3.218569755554199219e-01,-3.221596181392669678e-01,-2.242238670587539673e-01,-3.372948467731475830e-01,-3.449458479881286621e-01,-1.686597168445587158e-01,-2.984842061996459961e-01,-9.099350869655609131e-02,-2.424934208393096924e-01,1.089109927415847778e-01,-1.737232320010662079e-02,5.548128113150596619e-02,-2.276086956262588501e-01,2.355341017246246338e-01,1.833463832736015320e-02,5.528883337974548340e-01,1.543873846530914307e-01,5.684166550636291504e-01,2.517363727092742920e-01,2.144042551517486572e-01,1.222738772630691528e-01,2.860029041767120361e-01,2.016399204730987549e-01,-3.947654273360967636e-03,-2.083448022603988647e-01,2.013274878263473511e-01,2.297176867723464966e-01,3.221526741981506348e-01,2.254649847745895386e-01,2.552283406257629395e-01,-4.993885755538940430e-02,1.724474877119064331e-01,-1.463806778192520142e-01,8.177772909402847290e-02,4.442249774001538754e-04,-5.822469666600227356e-02,-2.561504542827606201e-01,-3.900705650448799133e-02,-2.036344110965728760e-01,1.024057641625404358e-01,1.005082726478576660e-01,3.369966149330139160e-01,-1.022679284214973450e-01,1.179838627576828003e-01,1.941427141427993774e-01,3.776209652423858643e-01,-6.750758737325668335e-02,1.482707262039184570e-01,4.486764222383499146e-02,1.882614940404891968e-01,1.803145259618759155e-01,-2.829106524586677551e-02,-2.179628983139991760e-02,-4.512864351272583008e-02,-5.315393581986427307e-02,8.678797632455825806e-02,1.111932918429374695e-01,1.590000838041305542e-01,2.342509627342224121e-01,7.835887372493743896e-02,7.463466376066207886e-02,1.522638797760009766e-01,3.794710710644721985e-02,-3.378512710332870483e-02,1.092730313539505005e-01,-1.594178229570388794e-01,-1.061140298843383789e-01,-1.140666455030441284e-01,-2.632349031046032906e-03,1.148058916442096233e-03,7.867647334933280945e-03,-6.164672225713729858e-02,1.392609346657991409e-02
