9.999998211860656738e-01,2.129439562559127808e-01,2.975895106792449951e-01,1.508427113294601440e-01,1.376266330480575562e-01,5.346216633915901184e-02,4.754889011383056641e-01,1.037459149956703186e-01,2.455794811248779297e-01,1.273416578769683838e-01,4.288786649703979492e-01,7.590233534574508667e-02,1.912820041179656982e-01,2.652831375598907471e-02,3.803852498531341553e-01,3.000149726867675781e-01,2.730610668659210205e-01,-7.568004075437784195e-03,2.666069269180297852e-01,3.782966434955596924e-01,1.667550951242446899e-01,1.306782662868499756e-01,2.759389951825141907e-02,7.766710221767425537e-02,2.100257128477096558e-01,2.038745135068893433e-01,1.814374625682830811e-01,1.572900116443634033e-01,3.594099581241607666e-01,2.454922795295715332e-01,1.540975421667098999e-01,1.689822226762771606e-01,4.369288086891174316e-01,3.769312202930450439e-01,2.405095994472503662e-01,1.990782171487808228e-01,1.728525459766387939e-01,1.826415359973907471e-01,2.558198869228363037e-01,1.991227567195892334e-01,2.454151511192321777e-01,1.835914999246597290e-01,-2.532155485823750496e-03,3.462316095829010010e-02,4.464212805032730103e-02,7.979638874530792236e-02,1.001951321959495544e-01,2.451708912849426270e-02,1.991692557930946350e-02,5.438388884067535400e-02,4.292222112417221069e-02,-7.252947986125946045e-02,4.532277956604957581e-02,-8.413778990507125854e-02,1.453117281198501587e-01,1.333383172750473022e-01,6.016583442687988281e-01,1.804088652133941650e-01,1.770643591880798340e-01,-2.866236865520477295e-02,2.766003012657165527e-01,-5.080450326204299927e-02,4.062458574771881104e-01,1.603631973266601562e-01,7.432201504707336426e-02,-4.771437868475914001e-02,9.200457483530044556e-03,5.349222198128700256e-02,4.517523050308227539e-01,2.261809706687927246e-01,1.685822755098342896e-01,2.521469295024871826e-01,1.956454217433929443e-01,3.304311335086822510e-01,1.857385188341140747e-01,2.497176975011825562e-01,2.688521146774291992e-01,2.955965995788574219e-01,1.576549410820007324e-01,2.149397507309913635e-02,3.268458843231201172e-01,1.096420288085937500e-01,1.648152321577072144e-01,-6.200902629643678665e-03,2.252941429615020752e-01,6.802071630954742432e-02,2.204911410808563232e-01,1.422666758298873901e-01,2.211098968982696533e-01,1.533615738153457642e-01,6.636802852153778076e-02,6.185400485992431641e-02,-9.898461401462554932e-03,-1.253716051578521729e-01,2.571798563003540039e-01,1.971932500600814819e-01,1.734980046749114990e-01,1.679282188415527344e-01,1.051701530814170837e-01,-5.865670368075370789e-02,2.911071665585041046e-02,-2.171519100666046143e-01,-6.641498208045959473e-02,-1.485766321420669556e-01,-1.355465501546859741e-01,-1.525511890649795532e-01,1.059810742735862732e-01,1.745314709842205048e-02,1.904426664113998413e-01,1.941016018390655518e-01,1.486050635576248169e-01,1.192583143711090088e-01,-5.640625953674316406e-03,3.628692030906677246e-02,8.468341082334518433e-02,6.951630581170320511e-03
2.129439562559127808e-01,1.000000119209289551e+00,-9.677132964134216309e-02,3.687705397605895996e-01,-2.671007998287677765e-02,-6.275349855422973633e-02,8.030879497528076172e-02,4.685455560684204102e-01,3.351506590843200684e-02,1.720235683023929596e-02,-5.349736288189888000e-02,4.670296311378479004e-01,4.017561674118041992e-02,4.265104532241821289e-01,-1.195816323161125183e-02,4.743460193276405334e-02,-1.263345479965209961e-01,4.090445935726165771e-01,-9.785786271095275879e-02,3.662784099578857422e-01,9.983214735984802246e-02,9.735330194234848022e-02,-1.837698221206665039e-01,1.337648481130599976e-01,-4.451813921332359314e-02,2.159295789897441864e-02,-1.896939612925052643e-02,-1.691338606178760529e-02,-1.660801321268081665e-01,2.231201678514480591e-01,-1.810524761676788330e-01,5.461944639682769775e-02,-4.962062835693359375e-02,9.959580004215240479e-02,-2.034015022218227386e-02,-2.482898905873298645e-02,-3.368834406137466431e-02,2.108718268573284149e-02,3.876699879765510559e-02,-1.511411070823669434e-01,-4.418946802616119385e-02,1.759677529335021973e-01,-4.997263476252555847e-02,1.611181199550628662e-01,2.731688134372234344e-02,1.773456484079360962e-01,-1.405974626541137695e-01,-1.100708916783332825e-01,-1.131429746747016907e-01,2.434990704059600830e-01,-2.664588019251823425e-02,3.626458942890167236e-01,-6.061940453946590424e-03,1.997911185026168823e-01,-1.522090137004852295e-01,-2.391773462295532227e-02,1.187530308961868286e-01,7.354581952095031738e-01,2.457941770553588867e-01,4.024794101715087891e-01,2.728820443153381348e-01,5.424154996871948242e-01,-7.404784858226776123e-02,5.138973593711853027e-01,1.357388496398925781e-01,4.629012942314147949e-01,3.171736299991607666e-01,3.603350520133972168e-01,2.622443437576293945e-01,4.701777100563049316e-01,-5.918578431010246277e-02,4.247166588902473450e-02,-4.928600788116455078e-02,7.370303850620985031e-03,-1.800467669963836670e-01,-7.218464463949203491e-02,-1.168484091758728027e-01,-5.289158970117568970e-02,-1.811350136995315552e-01,8.894450217485427856e-02,-1.425589770078659058e-01,3.770204186439514160e-01,-2.371584773063659668e-01,3.868070542812347412e-01,-3.593352064490318298e-02,4.645708501338958740e-01,-1.551278084516525269e-01,3.322706222534179688e-01,-8.505458384752273560e-02,2.795196771621704102e-01,-1.704069226980209351e-01,7.172361016273498535e-02,-1.243231296539306641e-01,7.241397351026535034e-02,-6.815928965806961060e-02,-5.539979785680770874e-02,-4.099781438708305359e-02,5.502143874764442444e-02,-1.721996515989303589e-01,2.084271907806396484e-01,-7.236749678850173950e-02,1.237599477171897888e-01,-1.057645007967948914e-01,1.621466279029846191e-01,5.795303359627723694e-02,2.280612885951995850e-01,-1.361514180898666382e-01,8.977907896041870117e-02,-6.820515543222427368e-02,-8.567134290933609009e-02,-1.160089820623397827e-01,-3.862178325653076172e-02,-9.787581861019134521e-02,-3.321165591478347778e-02,9.526895359158515930e-03,4.109959676861763000e-02
2.975895106792449951e-01,-9.677132964134216309e-02,9.999999403953552246e-01,4.139552116394042969e-01,1.680681705474853516e-01,5.906996503472328186e-02,4.708991050720214844e-01,2.017123103141784668e-01,2.148635387420654297e-01,2.105681896209716797e-01,2.093136012554168701e-01,-8.708835393190383911e-02,1.715659797191619873e-01,4.681156203150749207e-02,1.428554505109786987e-01,1.221047416329383850e-01,2.035830616950988770e-01,-1.046160608530044556e-01,4.734986722469329834e-01,2.695268690586090088e-01,2.075250297784805298e-01,1.831903010606765747e-01,3.694343268871307373e-01,3.229372799396514893e-01,2.784042060375213623e-01,2.124914526939392090e-01,1.832852214574813843e-01,9.593202918767929077e-02,3.772542178630828857e-01,1.968561112880706787e-01,3.367699682712554932e-01,4.058318436145782471e-01,3.500741124153137207e-01,3.629899024963378906e-01,-4.733025282621383667e-02,-1.367577910423278809e-02,1.447463929653167725e-01,4.881858080625534058e-02,1.757261604070663452e-01,2.212207913398742676e-01,1.372714042663574219e-01,1.684390306472778320e-01,-1.620036177337169647e-02,-6.803423911333084106e-02,-3.004921041429042816e-02,-5.620345100760459900e-02,2.397545799612998962e-02,-9.191303513944149017e-03,9.951131418347358704e-03,-8.340861648321151733e-02,-1.436535548418760300e-02,-1.443834304809570312e-01,-3.097541257739067078e-02,-8.363974839448928833e-02,7.785348594188690186e-02,1.186784058809280396e-01,1.467794328927993774e-01,-7.609830051660537720e-02,-6.106337159872055054e-02,-1.097687929868698120e-01,-7.783254259265959263e-04,-9.908633679151535034e-02,7.307519763708114624e-02,-1.184232309460639954e-01,7.266341708600521088e-04,-9.727203845977783203e-02,-1.737036854028701782e-01,-1.558579951524734497e-01,6.733474880456924438e-02,-4.900148138403892517e-02,1.855847984552383423e-01,2.248845845460891724e-01,1.495084762573242188e-01,1.953555047512054443e-01,1.288716942071914673e-01,1.227128654718399048e-01,1.793620735406875610e-01,1.679662913084030151e-01,1.847876459360122681e-01,6.352782994508743286e-02,2.409889698028564453e-01,-7.497553451685234904e-05,1.930989176034927368e-01,-1.834045052528381348e-01,1.748654246330261230e-01,-4.325622692704200745e-02,1.227793022990226746e-01,-1.639513485133647919e-02,1.796261668205261230e-01,3.757992386817932129e-02,8.180425316095352173e-02,-6.153940688818693161e-03,4.568532481789588928e-02,-4.917062073945999146e-02,1.358619481325149536e-01,1.291836500167846680e-01,4.977575317025184631e-02,3.766559436917304993e-02,4.208573698997497559e-02,-1.188308149576187134e-01,1.082446309737861156e-03,-2.051856070756912231e-01,-1.291457563638687134e-01,-2.247530221939086914e-01,-6.863567978143692017e-02,-1.202029660344123840e-01,2.927245106548070908e-03,-1.775219142436981201e-01,1.226386725902557373e-01,1.151916161179542542e-01,2.166952565312385559e-02,1.189274620264768600e-02,-2.084304764866828918e-02,-6.453440338373184204e-02,-8.673668839037418365e-03,-7.225459814071655273e-02
1.508427113294601440e-01,3.687705397605895996e-01,4.139552116394042969e-01,1.000000119209289551e+00,-8.248364925384521484e-02,-1.198929771780967712e-01,3.167121708393096924e-01,6.509953737258911133e-01,-1.084088534116744995e-01,-3.756370395421981812e-02,-8.889063447713851929e-02,2.270598411560058594e-01,1.317030005156993866e-02,4.050127565860748291e-01,-2.222789078950881958e-01,-1.086611598730087280e-01,-1.726554930210113525e-01,8.822584897279739380e-02,1.736825406551361084e-01,4.020105004310607910e-01,6.189578399062156677e-02,-4.187816381454467773e-02,3.966297954320907593e-02,3.667496144771575928e-01,1.195215433835983276e-02,1.974780671298503876e-02,-1.035082489252090454e-01,-1.843370795249938965e-01,2.763785887509584427e-03,1.639060527086257935e-01,-7.407051324844360352e-02,1.896856576204299927e-01,4.658034443855285645e-02,2.930698394775390625e-01,-2.362679392099380493e-01,-1.813838332891464233e-01,2.451798319816589355e-02,-1.149318665266036987e-01,1.512307859957218170e-02,-1.047387793660163879e-01,4.863179475069046021e-02,1.696862280368804932e-01,-1.187493354082107544e-01,-5.734923109412193298e-02,-3.786557819694280624e-03,9.870976209640502930e-02,-2.283333837985992432e-01,-2.385024428367614746e-01,-5.848930776119232178e-02,1.123183444142341614e-01,-4.575671255588531494e-02,1.379576474428176880e-01,-1.150964200496673584e-01,3.185823326930403709e-03,-1.586752682924270630e-01,-7.470832020044326782e-02,-1.447016149759292603e-01,3.911308646202087402e-01,1.627675890922546387e-01,3.517736792564392090e-01,5.910413339734077454e-02,3.772743344306945801e-01,-1.773247718811035156e-01,2.315385341644287109e-01,1.920038759708404541e-01,3.246470093727111816e-01,9.173696488142013550e-02,1.681343615055084229e-01,-3.129402175545692444e-02,2.339548915624618530e-01,2.412543818354606628e-02,1.050184816122055054e-01,3.023149073123931885e-02,1.222838833928108215e-02,-1.154465302824974060e-01,-1.690381318330764771e-01,-1.589551717042922974e-01,-1.468667089939117432e-01,-7.406667619943618774e-02,8.390319347381591797e-02,-9.521360695362091064e-02,1.277154535055160522e-01,-1.950947791337966919e-01,1.601025611162185669e-01,-7.078017224557697773e-04,2.746012508869171143e-01,-1.972248852252960205e-01,1.384763568639755249e-01,-3.870773687958717346e-02,1.848414987325668335e-01,-1.615050584077835083e-01,-6.952968239784240723e-02,-8.983794599771499634e-02,5.793029069900512695e-02,-1.176916286349296570e-01,-1.250978261232376099e-01,-1.286911368370056152e-01,-7.035114616155624390e-02,-2.154247313737869263e-01,1.109182536602020264e-01,-7.182230800390243530e-02,6.210297346115112305e-02,-1.551577150821685791e-01,2.758736535906791687e-02,1.411332935094833374e-01,2.302953451871871948e-01,-2.523713111877441406e-01,-1.028618216514587402e-01,-5.982675775885581970e-02,-1.205040886998176575e-01,-1.639561802148818970e-01,-1.183159649372100830e-01,-9.247752279043197632e-02,-7.976420223712921143e-02,3.017016686499118805e-02,3.358408808708190918e-02
1.376266330480575562e-01,-2.671007998287677765e-02,1.680681705474853516e-01,-8.248364925384521484e-02,1.000000238418579102e+00,6.656875014305114746e-01,2.124584764242172241e-01,-6.559448689222335815e-02,4.861440360546112061e-01,4.546509981155395508e-01,1.116892173886299133e-01,-1.432207524776458740e-01,2.674944400787353516e-01,4.341225326061248779e-02,4.667798876762390137e-01,3.569421768188476562e-01,5.129926279187202454e-02,-1.832198724150657654e-02,-4.976804554462432861e-02,-3.941097855567932129e-02,1.980684548616409302e-01,1.873751580715179443e-01,2.413228154182434082e-01,2.214260399341583252e-01,3.622547090053558350e-01,4.101107120513916016e-01,5.020458102226257324e-01,6.287524700164794922e-01,1.662151366472244263e-01,3.737679123878479004e-02,4.819365441799163818e-01,4.350096285343170166e-01,8.337871730327606201e-02,-7.109198719263076782e-02,1.542045474052429199e-01,2.947732247412204742e-02,-9.079442918300628662e-02,-5.065548047423362732e-02,-1.198406517505645752e-02,7.887391000986099243e-02,1.292893476784229279e-02,7.031862437725067139e-02,4.763962700963020325e-02,-3.053938504308462143e-03,2.249268814921379089e-02,-8.041586726903915405e-02,-1.749456487596035004e-02,-2.206610701978206635e-02,2.100502699613571167e-02,-8.515524119138717651e-02,7.560704369097948074e-03,-9.265244752168655396e-02,3.383091837167739868e-02,-7.604296505451202393e-02,1.343510299921035767e-02,-1.006773561239242554e-01,2.330673336982727051e-01,-6.030054390430450439e-02,-5.629897862672805786e-02,-1.773129701614379883e-01,8.805666863918304443e-02,-5.414002761244773865e-02,1.731286644935607910e-01,-1.175493225455284119e-01,-5.770722031593322754e-02,-1.585768759250640869e-01,-4.944279789924621582e-02,-9.519778192043304443e-02,-3.273887559771537781e-02,1.084272414445877075e-01,9.527089446783065796e-02,-4.010351747274398804e-02,4.357950761914253235e-02,2.439503520727157593e-01,-5.854046717286109924e-02,-2.129682898521423340e-02,2.540273368358612061e-01,2.445712685585021973e-01,-1.894527226686477661e-01,-2.195305228233337402e-01,9.037839248776435852e-03,-1.024335473775863647e-01,1.774400472640991211e-01,-4.956731572747230530e-03,2.204686775803565979e-02,-1.872510313987731934e-01,1.883026212453842163e-01,5.056124553084373474e-02,-5.119768157601356506e-02,-1.877239346504211426e-01,-6.154999136924743652e-02,-1.047995761036872864e-01,-1.168602705001831055e-01,-1.958121508359909058e-01,-1.380276866257190704e-02,-1.024878118187189102e-02,-2.817308530211448669e-03,-5.172259733080863953e-02,-1.276060342788696289e-01,-2.323532700538635254e-01,-1.651531308889389038e-01,-2.196270078420639038e-01,-1.386225372552871704e-01,-2.471988201141357422e-01,-2.556114494800567627e-01,-2.543758153915405273e-01,2.151096798479557037e-02,-1.585422903299331665e-01,-1.024121567606925964e-01,7.313495874404907227e-02,1.155788227915763855e-01,8.690524101257324219e-02,-1.641808748245239258e-01,-5.210088938474655151e-02,2.434978727251291275e-03,-1.384499482810497284e-02
5.346216633915901184e-02,-6.275349855422973633e-02,5.906996503472328186e-02,-1.198929771780967712e-01,6.656875014305114746e-01,1.000000000000000000e+00,1.329723298549652100e-01,-1.004401445388793945e-01,3.274999260902404785e-01,3.047263324260711670e-01,5.667226761579513550e-02,-1.538388431072235107e-01,1.332167237997055054e-01,-2.269172342494130135e-03,3.525903224945068359e-01,3.313714265823364258e-01,-3.562694881111383438e-03,-5.099092051386833191e-02,-1.555511206388473511e-01,-1.037679314613342285e-01,2.262396924197673798e-02,3.022915869951248169e-02,1.467099934816360474e-01,1.496217399835586548e-01,2.475737631320953369e-01,2.645853459835052490e-01,2.796304821968078613e-01,4.772582352161407471e-01,7.801073789596557617e-02,-1.499822922050952911e-02,3.299047350883483887e-01,2.361508011817932129e-01,8.800781331956386566e-03,-7.286778837442398071e-02,1.538921594619750977e-01,4.967799037694931030e-02,-1.314549446105957031e-01,-4.489023983478546143e-02,-2.875590696930885315e-02,7.759018242359161377e-02,-5.256851017475128174e-02,-1.511751487851142883e-02,1.789844781160354614e-01,1.344043463468551636e-01,1.473353058099746704e-01,4.065365344285964966e-02,1.052804812788963318e-01,1.010492444038391113e-01,1.636306196451187134e-01,3.199517726898193359e-02,1.444305777549743652e-01,7.833128795027732849e-03,1.187307238578796387e-01,1.755078136920928955e-02,4.305310919880867004e-02,-1.222086176276206970e-01,1.475683301687240601e-01,-7.890003919601440430e-02,9.128822013735771179e-03,-1.282456368207931519e-01,1.118463128805160522e-01,-5.143254250288009644e-02,1.437786221504211426e-01,-1.324732750654220581e-01,5.378099530935287476e-02,-9.425682574510574341e-02,1.244122162461280823e-03,-4.841491207480430603e-02,-1.293746568262577057e-02,8.724253624677658081e-02,-5.732283741235733032e-02,-1.591328680515289307e-01,-3.988239914178848267e-03,2.078113704919815063e-01,-1.175565347075462341e-01,-3.747193142771720886e-02,2.291376739740371704e-01,2.369671463966369629e-01,-1.803010702133178711e-01,-1.833554357290267944e-01,-4.495281726121902466e-03,-1.162459105253219604e-01,1.526587605476379395e-01,-1.714643090963363647e-02,2.181470207870006561e-02,-1.581326872110366821e-01,1.136188134551048279e-01,-7.439929526299238205e-03,-8.319155871868133545e-02,-2.087416797876358032e-01,-1.439754106104373932e-02,-5.544054135680198669e-02,-5.396053194999694824e-02,-1.410289704799652100e-01,-9.650904685258865356e-03,-2.649261429905891418e-02,-1.933965459465980530e-02,-5.864174291491508484e-02,-9.192614257335662842e-02,-1.988525986671447754e-01,-9.585636109113693237e-02,-1.549173891544342041e-01,-7.419126480817794800e-02,-1.770661771297454834e-01,-2.417609989643096924e-01,-2.501401007175445557e-01,4.809899255633354187e-02,-8.322128653526306152e-02,-1.482174545526504517e-01,4.925713688135147095e-02,1.556338667869567871e-01,1.268520057201385498e-01,-1.129213273525238037e-01,-3.584757074713706970e-02,-5.779165029525756836e-02,-1.143980920314788818e-01
4.754889011383056641e-01,8.030879497528076172e-02,4.708991050720214844e-01,3.167121708393096924e-01,2.124584764242172241e-01,1.329723298549652100e-01,1.000000119209289551e+00,3.405238091945648193e-01,4.211946427822113037e-01,1.936908662319183350e-01,3.960341513156890869e-01,8.757589757442474365e-02,3.546491265296936035e-01,2.323948293924331665e-01,3.731538653373718262e-01,1.589660346508026123e-01,1.085116416215896606e-01,-2.276799641549587250e-02,1.125017330050468445e-01,1.765109151601791382e-01,1.665677726268768311e-01,1.773678511381149292e-01,2.501492500305175781e-01,3.723835945129394531e-01,2.816416323184967041e-01,2.200485914945602417e-01,1.726007908582687378e-01,1.724022477865219116e-01,4.265360236167907715e-01,2.617694437503814697e-01,2.955715954303741455e-01,4.051550924777984619e-01,9.742965549230575562e-02,1.266594380140304565e-01,-9.969775378704071045e-02,-3.789579123258590698e-02,2.958337217569351196e-02,7.233794778585433960e-02,2.639862000942230225e-01,2.789861559867858887e-01,1.956032067537307739e-01,2.042920589447021484e-01,-1.336077749729156494e-01,-4.759655892848968506e-02,-3.858690708875656128e-02,-3.708685934543609619e-02,-6.206419318914413452e-02,-8.672791719436645508e-02,-5.895947664976119995e-02,-1.692562364041805267e-02,-5.408771336078643799e-02,-4.538022354245185852e-02,-5.662175267934799194e-02,-7.357501238584518433e-02,4.435838758945465088e-02,9.587249904870986938e-02,2.701018452644348145e-01,6.078453734517097473e-02,7.779241353273391724e-02,-1.573049835860729218e-02,4.192440584301948547e-02,-5.863262712955474854e-02,9.933197498321533203e-02,-1.965016825124621391e-03,9.735176339745521545e-03,-2.879366651177406311e-02,-1.390540599822998047e-01,-9.797550737857818604e-02,1.218249052762985229e-01,1.306432634592056274e-01,1.762341856956481934e-01,2.481435090303421021e-01,1.512358486652374268e-01,3.760581910610198975e-01,1.317120343446731567e-01,2.420206069946289062e-01,1.706840246915817261e-01,1.805609613656997681e-01,4.287000373005867004e-02,1.896901987493038177e-02,1.792642623186111450e-01,4.510833323001861572e-02,1.087032631039619446e-01,-4.777856171131134033e-02,4.110487177968025208e-02,-6.192799657583236694e-02,1.642356216907501221e-01,1.991933435201644897e-01,9.770536422729492188e-02,8.421248197555541992e-02,1.271899440325796604e-03,6.004295125603675842e-02,-5.350442230701446533e-02,-9.732828289270401001e-02,1.629767715930938721e-01,1.405638009309768677e-01,6.927914917469024658e-02,6.826627999544143677e-02,1.845945231616497040e-02,-1.265483796596527100e-01,1.878396980464458466e-02,-1.847174316644668579e-01,-6.229009106755256653e-02,-1.106597110629081726e-01,-2.025522738695144653e-01,-1.966508477926254272e-01,1.507597118616104126e-01,7.844783365726470947e-02,3.697501868009567261e-02,1.016089320182800293e-01,1.143984310328960419e-02,-7.953384518623352051e-02,-1.424130052328109741e-01,-7.210396975278854370e-02,-1.951891742646694183e-02,-1.424466371536254883e-01
1.037459149956703186e-01,4.685455560684204102e-01,2.017123103141784668e-01,6.509953737258911133e-01,-6.559448689222335815e-02,-1.004401445388793945e-01,3.405238091945648193e-01,9.999998211860656738e-01,-7.921682298183441162e-02,3.479536995291709900e-02,-1.621676050126552582e-02,4.697453975677490234e-01,1.834182739257812500e-01,6.222782135009765625e-01,-1.731393188238143921e-01,-1.214753091335296631e-01,-1.634089499711990356e-01,2.816733717918395996e-01,-7.147421687841415405e-02,2.359519600868225098e-01,1.174738705158233643e-01,-3.028842061758041382e-02,6.340878084301948547e-03,3.450582027435302734e-01,1.483750715851783752e-02,4.862691462039947510e-02,-4.511858150362968445e-02,-1.015398651361465454e-01,-1.217875536531209946e-02,2.522463202476501465e-01,-8.380035310983657837e-02,1.656486690044403076e-01,-1.016279831528663635e-01,7.739330083131790161e-02,-1.971483379602432251e-01,-1.207331344485282898e-01,9.759357571601867676e-02,-3.572373650968074799e-03,4.987730458378791809e-02,-7.039953768253326416e-02,6.415380537509918213e-02,2.318494766950607300e-01,-1.127537339925765991e-01,-2.551447041332721710e-02,2.149542095139622688e-03,1.196340546011924744e-01,-2.136545926332473755e-01,-2.276412248611450195e-01,-5.566281080245971680e-02,1.519840061664581299e-01,-2.293951809406280518e-02,2.022469490766525269e-01,-9.425724297761917114e-02,3.733323141932487488e-02,-1.002565100789070129e-01,-2.905515953898429871e-02,-1.791141480207443237e-01,4.444642364978790283e-01,1.726899743080139160e-01,3.731445670127868652e-01,1.462411228567361832e-02,3.746638596057891846e-01,-1.777578741312026978e-01,3.254277110099792480e-01,1.128140091896057129e-01,3.418089151382446289e-01,1.568347364664077759e-01,2.127118855714797974e-01,6.428416818380355835e-02,2.747066318988800049e-01,1.510918140411376953e-02,9.443746507167816162e-02,9.711675345897674561e-02,7.757804542779922485e-02,-1.016202494502067566e-01,-7.300073653459548950e-02,-1.439265608787536621e-01,-1.171173304319381714e-01,-9.855151176452636719e-02,9.567109495401382446e-02,-1.090087071061134338e-01,2.449305653572082520e-01,-1.751228868961334229e-01,2.594520449638366699e-01,-1.615302450954914093e-02,3.680132925510406494e-01,-1.384067088365554810e-01,1.823564767837524414e-01,-5.715772043913602829e-03,2.799112796783447266e-01,-1.265129745006561279e-01,-2.291370881721377373e-03,-6.736257672309875488e-02,1.394522190093994141e-01,-5.769686400890350342e-02,-6.074385344982147217e-02,-3.823357075452804565e-02,3.068045340478420258e-02,-1.566279828548431396e-01,2.103807032108306885e-01,4.569819197058677673e-02,1.933902949094772339e-01,1.411536522209644318e-02,2.261605560779571533e-01,2.255162745714187622e-01,3.113667368888854980e-01,-1.582128405570983887e-01,8.089950680732727051e-02,-6.257253116928040981e-04,-8.267638087272644043e-02,-1.285917162895202637e-01,-8.639062196016311646e-02,-5.177660658955574036e-02,-3.941864520311355591e-02,5.931125953793525696e-02,9.044450521469116211e-02
2.455794811248779297e-01,3.351506590843200684e-02,2.148635387420654297e-01,-1.084088534116744995e-01,4.861440360546112061e-01,3.274999260902404785e-01,4.211946427822113037e-01,-7.921682298183441162e-02,1.000000119209289551e+00,5.536199808120727539e-01,3.534055352210998535e-01,-3.235214203596115112e-02,2.870119810104370117e-01,-3.291590511798858643e-02,6.131784915924072266e-01,3.829614222049713135e-01,2.169101983308792114e-01,2.854833565652370453e-02,1.090431213378906250e-01,9.307616949081420898e-02,1.886012256145477295e-01,3.070162832736968994e-01,3.842369616031646729e-01,3.425569534301757812e-01,4.210030436515808105e-01,4.002651870250701904e-01,3.914158940315246582e-01,4.584759175777435303e-01,3.236833810806274414e-01,2.027705013751983643e-01,4.941251575946807861e-01,5.215117931365966797e-01,9.692465513944625854e-02,-7.220608741044998169e-02,2.427079714834690094e-02,1.496171858161687851e-02,-5.753606557846069336e-02,7.993845641613006592e-02,1.738787889480590820e-01,2.511954903602600098e-01,1.346894055604934692e-01,1.343442052602767944e-01,-6.529506295919418335e-02,-3.307935595512390137e-02,-1.214228477329015732e-02,-1.005455628037452698e-01,-6.078813597559928894e-02,-7.646293193101882935e-02,-1.154806558042764664e-02,-9.518675506114959717e-02,-2.039593458175659180e-02,-1.017276421189308167e-01,1.680475473403930664e-02,-1.239111572504043579e-01,2.429380826652050018e-02,3.262533992528915405e-02,4.229538142681121826e-01,-2.955405041575431824e-02,-1.753192767500877380e-02,-1.615211963653564453e-01,1.521582808345556259e-02,-1.499008387327194214e-01,2.402044534683227539e-01,-3.188131377100944519e-02,-1.968419998884201050e-01,-2.071338742971420288e-01,-1.123900637030601501e-01,-1.374410986900329590e-01,1.350548714399337769e-01,1.473553329706192017e-01,1.666506826877593994e-01,1.575753241777420044e-01,1.152836158871650696e-01,3.569291234016418457e-01,1.449916958808898926e-01,3.021930754184722900e-01,2.719664871692657471e-01,2.832627594470977783e-01,1.534099318087100983e-02,-4.672898445278406143e-03,1.944293975830078125e-01,-5.153733771294355392e-03,2.057724297046661377e-01,-5.855688825249671936e-02,5.883641168475151062e-02,-2.440109848976135254e-01,2.962339520454406738e-01,2.241840958595275879e-01,4.406944662332534790e-02,-1.404285430908203125e-01,-7.026406377553939819e-02,-8.218769729137420654e-02,-1.720911413431167603e-01,-2.881457507610321045e-01,1.273450851440429688e-01,1.335934251546859741e-01,-6.894757505506277084e-03,-3.051574714481830597e-02,-5.533461272716522217e-02,-2.799459993839263916e-01,-1.106376349925994873e-01,-2.943462729454040527e-01,-9.124439954757690430e-02,-2.081213891506195068e-01,-3.367338180541992188e-01,-3.528893887996673584e-01,1.372618228197097778e-01,-1.912733423523604870e-03,-1.824338361620903015e-02,7.160197943449020386e-02,-3.220383822917938232e-02,-1.217438504099845886e-01,-2.563050091266632080e-01,-1.778341084718704224e-01,-1.619791686534881592e-01,-2.396850585937500000e-01
1.273416578769683838e-01,1.720235683023929596e-02,2.105681896209716797e-01,-3.756370395421981812e-02,4.546509981155395508e-01,3.047263324260711670e-01,1.936908662319183350e-01,3.479536995291709900e-02,5.536199808120727539e-01,1.000000238418579102e+00,2.453912198543548584e-01,5.576810613274574280e-02,4.497762918472290039e-01,1.467933654785156250e-01,4.245948791503906250e-01,4.052846431732177734e-01,2.054960876703262329e-01,1.622093170881271362e-01,1.523310840129852295e-01,1.579831987619400024e-01,2.773565053939819336e-01,3.014239966869354248e-01,4.543978869915008545e-01,3.253266811370849609e-01,4.881969392299652100e-01,5.394574403762817383e-01,4.546036124229431152e-01,4.204832613468170166e-01,3.001823127269744873e-01,2.040822803974151611e-01,5.185843110084533691e-01,5.317847132682800293e-01,1.463420391082763672e-01,-2.979422733187675476e-02,1.549985557794570923e-01,1.186151057481765747e-01,1.016932427883148193e-01,1.545978039503097534e-01,8.168493956327438354e-02,1.962042599916458130e-01,1.515621691942214966e-01,2.212504893541336060e-01,-3.992361482232809067e-03,-1.731640249490737915e-01,1.505595911294221878e-02,-9.638916701078414917e-02,-4.125979170203208923e-02,-7.281190901994705200e-02,5.276004597544670105e-02,-1.239016428589820862e-01,-2.889115363359451294e-02,-2.012982666492462158e-01,5.355187226086854935e-03,-2.272201776504516602e-01,5.574274435639381409e-02,9.446765482425689697e-02,2.536123394966125488e-01,-4.852262139320373535e-02,-1.159454882144927979e-01,-1.689342111349105835e-01,1.242723595350980759e-02,-1.343753337860107422e-01,1.831638813018798828e-01,3.915445879101753235e-02,-2.038720548152923584e-01,-2.339255362749099731e-01,1.373465266078710556e-02,-6.337210536003112793e-02,1.056944131851196289e-01,6.126447021961212158e-02,2.405597716569900513e-01,2.084719538688659668e-01,2.081827074289321899e-01,3.174760639667510986e-01,1.423010677099227905e-01,1.376262307167053223e-01,2.099139392375946045e-01,2.181360870599746704e-01,1.080586314201354980e-01,9.981981664896011353e-02,2.165630161762237549e-01,5.712470039725303650e-02,2.419461905956268311e-01,6.211074814200401306e-02,1.417339891195297241e-01,-6.860411912202835083e-02,3.177511692047119141e-01,6.535890698432922363e-02,1.656384170055389404e-01,-7.721401052549481392e-04,-4.040407389402389526e-02,-1.496680378913879395e-01,-1.371308267116546631e-01,-2.315111309289932251e-01,6.333418935537338257e-02,6.616277992725372314e-02,7.328356150537729263e-03,2.501704543828964233e-02,-3.818779438734054565e-02,-2.259276211261749268e-01,-7.882223278284072876e-02,-2.187931090593338013e-01,-1.454251585528254509e-03,-1.350037902593612671e-01,-1.390600949525833130e-01,-1.737808585166931152e-01,1.201194301247596741e-01,-3.993806615471839905e-02,3.316660225391387939e-02,4.916068539023399353e-02,5.638218671083450317e-02,-6.865561008453369141e-02,-1.082062125205993652e-01,-1.291804760694503784e-01,-9.055956453084945679e-02,-3.530744090676307678e-02
4.288786649703979492e-01,-5.349736288189888000e-02,2.093136012554168701e-01,-8.889063447713851929e-02,1.116892173886299133e-01,5.667226761579513550e-02,3.960341513156890869e-01,-1.621676050126552582e-02,3.534055352210998535e-01,2.453912198543548584e-01,9.999997615814208984e-01,2.470294833183288574e-01,4.052739441394805908e-01,8.217714726924896240e-03,4.174603521823883057e-01,3.844501972198486328e-01,5.998548865318298340e-01,1.397868245840072632e-01,2.239329367876052856e-01,1.998983323574066162e-01,2.619585394859313965e-01,2.306407392024993896e-01,1.664415746927261353e-01,5.045488476753234863e-02,1.406342238187789917e-01,1.087841764092445374e-01,1.960448324680328369e-01,2.031552791595458984e-01,5.616070032119750977e-01,3.930411338806152344e-01,1.729418337345123291e-01,2.061700671911239624e-01,3.240665495395660400e-01,2.404997050762176514e-01,1.027454286813735962e-01,9.720309078693389893e-02,3.002387285232543945e-01,4.163090884685516357e-01,4.498753845691680908e-01,4.668262898921966553e-01,3.492490053176879883e-01,2.091964930295944214e-01,-4.469883814454078674e-02,-7.098244875669479370e-02,-9.546006098389625549e-03,-4.578907042741775513e-02,1.747043728828430176e-01,7.338268309831619263e-02,4.691576585173606873e-02,-9.859493374824523926e-02,8.327879756689071655e-02,-2.081853151321411133e-01,1.482784450054168701e-01,-1.326513737440109253e-01,3.928692042827606201e-01,3.352569043636322021e-01,4.448512196540832520e-01,-4.804961383342742920e-02,2.101162262260913849e-02,-1.213011443614959717e-01,1.860083825886249542e-02,-1.572489291429519653e-01,4.288729727268218994e-01,7.532987743616104126e-02,-6.700778752565383911e-02,-1.661465913057327271e-01,-1.264153718948364258e-01,-1.020254045724868774e-01,1.947071552276611328e-01,-3.535574069246649742e-04,1.940594166517257690e-01,2.808135449886322021e-01,2.926990985870361328e-01,4.822280704975128174e-01,3.175182044506072998e-01,4.421340227127075195e-01,2.841854393482208252e-01,3.480060994625091553e-01,3.924497961997985840e-01,1.452962905168533325e-01,6.117822527885437012e-01,2.616383731365203857e-01,3.952244818210601807e-01,-1.105957701802253723e-01,5.015435218811035156e-01,3.180525079369544983e-02,4.300791025161743164e-01,1.024340912699699402e-01,5.240135192871093750e-01,1.868817359209060669e-01,2.609563171863555908e-01,1.714150756597518921e-01,1.606863886117935181e-01,-6.799813359975814819e-02,3.842627704143524170e-01,3.855022192001342773e-01,2.280246168375015259e-01,2.216925919055938721e-01,2.825756967067718506e-01,-8.293411880731582642e-02,2.395987212657928467e-01,-1.593427807092666626e-01,1.537172645330429077e-01,-2.375337760895490646e-03,-8.210027962923049927e-02,-1.639916598796844482e-01,2.781877219676971436e-01,1.985941529273986816e-01,2.400718033313751221e-01,2.260610610246658325e-01,9.222173690795898438e-02,9.887233376502990723e-02,8.978202939033508301e-02,1.425884664058685303e-01,1.162870824337005615e-01,-5.815334618091583252e-02
7.590233534574508667e-02,4.670296311378479004e-01,-8.708835393190383911e-02,2.270598411560058594e-01,-1.432207524776458740e-01,-1.538388431072235107e-01,8.757589757442474365e-02,4.697453975677490234e-01,-3.235214203596115112e-02,5.576810613274574280e-02,2.470294833183288574e-01,9.999994635581970215e-01,2.446448057889938354e-01,4.880120158195495605e-01,-3.775011375546455383e-02,2.073500305414199829e-02,1.681140363216400146e-01,5.946036577224731445e-01,-8.832944184541702271e-02,2.427445501089096069e-01,1.355263143777847290e-01,-1.022428646683692932e-02,-1.326470822095870972e-01,4.223676025867462158e-02,4.204364866018295288e-02,5.205160751938819885e-02,7.880559191107749939e-03,-6.235001236200332642e-02,5.908894538879394531e-02,3.749490380287170410e-01,-1.608711630105972290e-01,2.133435942232608795e-02,3.008617786690592766e-03,1.653280109167098999e-01,-2.866337541490793228e-03,9.073119610548019409e-02,2.160275578498840332e-01,3.397317826747894287e-01,2.402470856904983521e-01,1.168891862034797668e-01,2.132017612457275391e-01,3.185577988624572754e-01,-1.139146089553833008e-01,-1.438341382890939713e-02,-7.192114833742380142e-03,1.478417366743087769e-01,-5.918227508664131165e-02,-2.848466485738754272e-02,-5.433489568531513214e-04,2.106223255395889282e-01,-3.738879039883613586e-02,2.109274119138717651e-01,-4.710480198264122009e-02,7.174085080623626709e-02,1.314025372266769409e-01,1.948214173316955566e-01,-2.166570723056793213e-02,4.536014795303344727e-01,2.332629114389419556e-01,3.920639157295227051e-01,1.182851195335388184e-01,3.513297438621520996e-01,-5.127055104821920395e-03,5.276905894279479980e-01,3.507229313254356384e-02,3.519832193851470947e-01,2.486543804407119751e-01,3.016335964202880859e-01,2.296899110078811646e-01,2.924351990222930908e-01,1.856683753430843353e-02,1.713537871837615967e-01,1.605912894010543823e-01,2.277767062187194824e-01,-3.463966399431228638e-02,2.026360630989074707e-01,-3.128034621477127075e-02,7.445456087589263916e-02,9.569136053323745728e-02,1.715048253536224365e-01,1.277004182338714600e-01,5.802202224731445312e-01,-7.087910920381546021e-02,3.573937118053436279e-01,1.154432520270347595e-01,5.414714217185974121e-01,2.832174487411975861e-02,3.043362498283386230e-01,1.690715998411178589e-01,4.759012460708618164e-01,-4.496474284678697586e-03,1.785739958286285400e-01,-2.457926236093044281e-02,1.738823950290679932e-01,1.555976569652557373e-01,1.824030280113220215e-01,2.012576162815093994e-01,2.666178941726684570e-01,9.625448286533355713e-02,3.198721408843994141e-01,1.818358600139617920e-01,2.902808785438537598e-01,2.426378130912780762e-01,4.512271285057067871e-01,2.241046130657196045e-01,3.062609136104583740e-01,2.780593559145927429e-02,3.298254609107971191e-01,1.921209990978240967e-01,1.006881222128868103e-01,9.936769306659698486e-02,8.960118144750595093e-02,1.426437944173812866e-01,1.483367681503295898e-01,1.786587834358215332e-01,1.446056216955184937e-01
1.912820041179656982e-01,4.017561674118041992e-02,1.715659797191619873e-01,1.317030005156993866e-02,2.674944400787353516e-01,1.332167237997055054e-01,3.546491265296936035e-01,1.834182739257812500e-01,2.870119810104370117e-01,4.497762918472290039e-01,4.052739441394805908e-01,2.446448057889938354e-01,9.999999403953552246e-01,4.485264420509338379e-01,2.524624168872833252e-01,1.812426298856735229e-01,1.794246137142181396e-01,2.280660420656204224e-01,3.028253652155399323e-02,6.017008423805236816e-02,3.227488696575164795e-01,3.375042378902435303e-01,2.616420388221740723e-01,1.879920512437820435e-01,3.736569881439208984e-01,4.264773130416870117e-01,3.645550012588500977e-01,3.224978446960449219e-01,3.412526845932006836e-01,2.641407251358032227e-01,3.585313260555267334e-01,4.174658060073852539e-01,9.285767376422882080e-02,4.446032270789146423e-02,1.727227717638015747e-01,1.818829774856567383e-01,8.828659355640411377e-02,2.621222138404846191e-01,1.485175788402557373e-01,3.197854161262512207e-01,1.903967410326004028e-01,2.373293489217758179e-01,-4.574305936694145203e-02,-1.899386644363403320e-01,-4.305771365761756897e-02,-1.160293221473693848e-01,-6.272280588746070862e-03,2.289852313697338104e-02,-3.064830601215362549e-02,-1.485335975885391235e-01,-9.921935200691223145e-02,-2.316647469997406006e-01,-3.074812516570091248e-02,-1.666546761989593506e-01,1.814706176519393921e-01,2.603522241115570068e-01,1.048663482069969177e-01,-6.617311388254165649e-02,-1.148836687207221985e-01,-1.843357086181640625e-01,-1.001377031207084656e-01,-1.440433859825134277e-01,6.002870574593544006e-02,-1.799216680228710175e-02,-1.602027416229248047e-01,-1.892528086900711060e-01,4.732351005077362061e-02,-1.594964601099491119e-02,-7.311059627681970596e-03,7.065419573336839676e-03,3.132776021957397461e-01,3.294353783130645752e-01,1.919545233249664307e-01,3.880993425846099854e-01,1.547500044107437134e-01,1.114960759878158569e-01,1.132099777460098267e-01,1.469833105802536011e-01,1.166645437479019165e-01,1.756459921598434448e-01,1.827390044927597046e-01,1.498867869377136230e-01,2.056458294391632080e-01,2.573260962963104248e-01,1.703994274139404297e-01,9.254796057939529419e-02,4.368617832660675049e-01,1.551865339279174805e-01,2.278371602296829224e-01,2.176003605127334595e-01,5.664511024951934814e-02,6.941177695989608765e-02,5.214625343796797097e-05,3.680255636572837830e-02,2.060499228537082672e-02,1.079673096537590027e-01,1.172945797443389893e-01,1.899652928113937378e-01,1.156240180134773254e-01,2.295953920111060143e-03,3.930542245507240295e-02,3.805513260886073112e-03,1.471537500619888306e-01,1.711891405284404755e-02,-4.826523829251527786e-03,-5.050997436046600342e-02,2.102708667516708374e-01,1.146795451641082764e-01,5.617883428931236267e-02,5.986651405692100525e-02,1.757739037275314331e-01,5.777860060334205627e-02,8.148708194494247437e-02,3.114428557455539703e-02,2.934855408966541290e-03,-3.294627740979194641e-02
