9.999998807907104492e-01,3.054775595664978027e-01,3.586340248584747314e-01,4.776418805122375488e-01,-1.449377927929162979e-02,3.206703811883926392e-02,5.211417675018310547e-01,3.913356065750122070e-01,2.206212095916271210e-02,-2.395925298333168030e-02,4.374805688858032227e-01,3.031998276710510254e-01,3.152954876422882080e-01,2.079454511404037476e-01,3.634599223732948303e-02,-6.915391888469457626e-03,4.845694005489349365e-01,2.864516675472259521e-01,2.226921170949935913e-01,1.796411424875259399e-01,2.389378696680068970e-01,3.126887083053588867e-01,2.741669416427612305e-01,2.428852319717407227e-01,6.304889172315597534e-02,1.470217406749725342e-01,5.520107597112655640e-02,1.401436626911163330e-01,4.067041575908660889e-01,3.023797273635864258e-01,1.208476200699806213e-01,2.716893255710601807e-01,3.731167912483215332e-01,3.024726212024688721e-01,2.993330359458923340e-01,3.247352540493011475e-01,2.729723155498504639e-01,1.698393076658248901e-01,1.968168318271636963e-01,1.137214526534080505e-01,4.563594236969947815e-02,1.611738204956054688e-01,3.247860372066497803e-01,3.516276180744171143e-01,1.208489015698432922e-01,1.316876560449600220e-01,2.529870271682739258e-01,1.892608553171157837e-01,1.005803272128105164e-01,3.349794819951057434e-02,1.731432825326919556e-01,1.413196623325347900e-01,7.919355481863021851e-02,4.961276799440383911e-02,6.755313277244567871e-02,5.350907519459724426e-02,5.182964205741882324e-01,2.084293514490127563e-01,2.392766028642654419e-01,7.887813448905944824e-02,2.440392822027206421e-01,9.729782491922378540e-02,2.336761802434921265e-01,2.909599058330059052e-02,8.904352784156799316e-02,-1.620696671307086945e-02,3.194066882133483887e-01,2.615260481834411621e-01,5.642542243003845215e-02,2.461496740579605103e-01,2.858428359031677246e-01,2.310977429151535034e-01,1.706124097108840942e-01,2.374137639999389648e-01,8.090417832136154175e-02,1.294821202754974365e-01,2.530807554721832275e-01,2.051412910223007202e-01,3.662400245666503906e-01,1.956168562173843384e-01,4.081096053123474121e-01,1.329691261053085327e-01,-7.943488657474517822e-02,-1.062415838241577148e-01,3.369702398777008057e-01,7.515455782413482666e-02,-1.180751696228981018e-01,-7.699044793844223022e-02,9.124841541051864624e-02,-7.729647308588027954e-02,7.499436289072036743e-02,-5.784767493605613708e-02,1.604882127139717340e-04,-6.661796569824218750e-02,1.056826114654541016e-01,1.543550938367843628e-01,1.630957722663879395e-01,2.926553972065448761e-02,1.280969977378845215e-01,9.598287753760814667e-03,-5.261929705739021301e-02,-8.024629950523376465e-02,3.192019090056419373e-02,-4.198907315731048584e-02,2.361371926963329315e-02,-5.640562623739242554e-02,3.773759305477142334e-02,6.716500967741012573e-02,2.716068029403686523e-01,1.865655034780502319e-01,7.136441022157669067e-02,1.462228000164031982e-01,5.737373232841491699e-02,-2.380622550845146179e-02,1.298989057540893555e-01,1.769592463970184326e-01
3.054775595664978027e-01,9.999999403953552246e-01,2.127305418252944946e-01,3.616578578948974609e-01,-1.417473256587982178e-01,7.879024744033813477e-02,2.091017961502075195e-01,4.345476925373077393e-01,-1.909677684307098389e-01,1.440717279911041260e-01,9.801761060953140259e-02,3.018087446689605713e-01,5.031637847423553467e-02,4.073196053504943848e-01,-1.451291292905807495e-01,2.476003021001815796e-01,1.443268656730651855e-01,2.267667055130004883e-01,8.375048637390136719e-02,4.679886996746063232e-02,9.841112792491912842e-02,1.131446659564971924e-01,2.880854010581970215e-01,3.009646832942962646e-01,9.202995337545871735e-03,7.907939702272415161e-02,1.316079683601856232e-02,5.235729739069938660e-02,2.108570933341979980e-01,2.920570373535156250e-01,3.209508061408996582e-01,3.834429383277893066e-01,2.212267965078353882e-01,3.045499026775360107e-01,3.465452492237091064e-01,3.301307857036590576e-01,2.880139648914337158e-01,2.085196226835250854e-01,1.920093297958374023e-01,2.146536558866500854e-01,3.770621865987777710e-02,1.015509516000747681e-01,9.910448640584945679e-02,1.546144485473632812e-01,6.062261387705802917e-02,9.024921059608459473e-02,1.119116321206092834e-01,1.300917714834213257e-01,2.945870719850063324e-02,1.645766347646713257e-01,4.036185517907142639e-02,1.385354101657867432e-01,2.043304592370986938e-01,2.926702499389648438e-01,2.312610894441604614e-01,3.262953758239746094e-01,3.778913617134094238e-01,5.349323749542236328e-01,3.241424560546875000e-01,3.689618706703186035e-01,2.668958604335784912e-01,3.400940597057342529e-01,2.886252105236053467e-01,4.282771646976470947e-01,4.410369694232940674e-02,2.737399339675903320e-01,3.457445204257965088e-01,3.477712869644165039e-01,2.329734712839126587e-01,4.874165952205657959e-01,2.743794322013854980e-01,3.047353029251098633e-01,1.172975525259971619e-01,1.618456542491912842e-01,6.595339626073837280e-02,3.601292893290519714e-02,3.606102168560028076e-01,3.858956396579742432e-01,9.701649099588394165e-02,4.658772423863410950e-02,8.441296964883804321e-02,2.663319706916809082e-01,-9.157724678516387939e-02,2.154840230941772461e-01,5.730548128485679626e-02,2.757498919963836670e-01,-1.719556301832199097e-01,1.712600141763687134e-01,4.361762106418609619e-02,2.974731624126434326e-01,1.486977040767669678e-01,2.640781104564666748e-01,3.414426371455192566e-02,1.639329493045806885e-01,1.232600286602973938e-01,1.961349397897720337e-01,2.566335201263427734e-01,2.742212116718292236e-01,2.555051445960998535e-01,3.072171211242675781e-01,1.429961528629064560e-02,1.049548536539077759e-01,5.478837713599205017e-02,1.124493628740310669e-01,1.086703911423683167e-01,1.496715545654296875e-01,7.751099020242691040e-02,1.538331210613250732e-01,2.243325859308242798e-01,1.492698788642883301e-01,2.908319830894470215e-01,3.351553082466125488e-01,3.205305039882659912e-01,1.105997189879417419e-01,2.562531530857086182e-01,3.012760281562805176e-01
3.586340248584747314e-01,2.127305418252944946e-01,9.999994039535522461e-01,6.036061048507690430e-01,2.021347433328628540e-01,1.790372133255004883e-01,6.913375854492187500e-01,4.635078012943267822e-01,1.740856021642684937e-01,7.709780707955360413e-03,2.672574818134307861e-01,2.287334203720092773e-02,4.998065531253814697e-01,1.779998540878295898e-01,2.097266167402267456e-01,1.548074036836624146e-01,1.790367662906646729e-01,-7.146643847227096558e-02,2.744563221931457520e-01,2.897101342678070068e-01,3.293136954307556152e-01,3.660115897655487061e-01,5.182868838310241699e-01,5.120149254798889160e-01,2.945011258125305176e-01,2.778471410274505615e-01,2.468840330839157104e-01,2.599726021289825439e-01,3.467872440814971924e-01,1.926051825284957886e-01,3.226447403430938721e-01,4.102190136909484863e-01,1.192522346973419189e-01,1.605599671602249146e-01,-3.618592023849487305e-02,-2.979723364114761353e-02,1.407687664031982422e-01,-6.431049108505249023e-02,2.484809011220932007e-01,-1.844745129346847534e-02,3.291942775249481201e-01,9.297338128089904785e-02,1.349859684705734253e-01,1.438518166542053223e-01,-1.337065827101469040e-02,5.190895125269889832e-02,-4.520246759057044983e-02,-1.286960840225219727e-01,6.523067504167556763e-02,2.461796440184116364e-02,6.470498442649841309e-02,-6.118758022785186768e-02,9.144554287195205688e-02,-8.915401995182037354e-02,2.555288188159465790e-02,-1.382423788309097290e-01,3.758372962474822998e-01,3.065488673746585846e-02,1.940415054559707642e-01,1.874242126941680908e-01,2.618416547775268555e-01,2.184533178806304932e-01,3.106434345245361328e-01,2.225542254745960236e-02,6.363870203495025635e-02,-1.335612535476684570e-01,9.070894867181777954e-02,9.437699615955352783e-02,-4.222325608134269714e-02,5.550071969628334045e-02,3.205053508281707764e-01,2.591812312602996826e-01,2.248067706823348999e-01,1.194837167859077454e-01,1.378828436136245728e-01,5.137203633785247803e-02,3.154507651925086975e-02,3.128122165799140930e-02,1.258148998022079468e-01,-1.061862707138061523e-01,1.859913021326065063e-01,-1.772496551275253296e-01,2.263799011707305908e-01,8.978187292814254761e-02,1.471659243106842041e-01,-2.711938321590423584e-01,5.062429979443550110e-02,1.165624707937240601e-02,1.148138493299484253e-01,-1.961343288421630859e-01,-4.741368442773818970e-02,-1.957779824733734131e-01,-2.385751456022262573e-01,-2.486879378557205200e-01,1.326120346784591675e-01,-5.973068997263908386e-02,1.463831122964620590e-02,-2.052411288022994995e-01,-7.376626133918762207e-02,-2.561908960342407227e-01,-1.711544245481491089e-01,-1.613382399082183838e-01,-1.034133601933717728e-03,-2.108351290225982666e-01,-2.233624011278152466e-01,-2.061419486999511719e-01,-1.357120424509048462e-01,-1.645619720220565796e-01,3.643589839339256287e-02,1.830253750085830688e-01,1.830611974000930786e-01,1.191434264183044434e-01,-5.429252050817012787e-04,-2.386388480663299561e-01,-1.196391656994819641e-01,-1.430717706680297852e-01
4.776418805122375488e-01,3.616578578948974609e-01,6.036061048507690430e-01,9.999999403953552246e-01,1.437685489654541016e-01,3.100223243236541748e-01,5.966036915779113770e-01,5.783941745758056641e-01,5.501947179436683655e-02,1.711461991071701050e-01,2.703080773353576660e-01,1.236697211861610413e-01,3.597470819950103760e-01,2.720185220241546631e-01,1.316333860158920288e-01,2.789502441883087158e-01,1.934601962566375732e-01,4.701655358076095581e-02,2.946719825267791748e-01,3.368346989154815674e-01,3.480129539966583252e-01,4.176712930202484131e-01,3.713479340076446533e-01,4.524343907833099365e-01,2.704757750034332275e-01,3.720580935478210449e-01,2.761151492595672607e-01,3.486935496330261230e-01,3.401111960411071777e-01,3.181242644786834717e-01,3.009336292743682861e-01,4.349980652332305908e-01,2.608795166015625000e-01,2.678530216217041016e-01,1.290547996759414673e-01,1.526372581720352173e-01,2.588626146316528320e-01,6.847117096185684204e-02,2.423645853996276855e-01,1.030173227190971375e-01,2.450082898139953613e-01,1.136429607868194580e-01,1.863749623298645020e-01,2.791449129581451416e-01,9.872631728649139404e-02,2.285289615392684937e-01,1.180850043892860413e-01,6.985540688037872314e-02,1.216846778988838196e-01,1.666313856840133667e-01,1.720470339059829712e-01,7.338588684797286987e-02,1.440616399049758911e-01,3.705768287181854248e-02,4.443039745092391968e-02,3.141077980399131775e-02,4.080088138580322266e-01,1.279748529195785522e-01,2.025112807750701904e-01,1.017755866050720215e-01,3.034481108188629150e-01,1.472142487764358521e-01,2.322294414043426514e-01,7.846856862306594849e-02,4.190627112984657288e-02,-3.313224390149116516e-02,1.573379039764404297e-01,1.697697490453720093e-01,1.084543913602828979e-01,2.182464152574539185e-01,3.409114480018615723e-01,3.398616313934326172e-01,2.626523673534393311e-01,2.005728185176849365e-01,1.958547681570053101e-01,8.773630112409591675e-02,1.500230282545089722e-01,1.337442547082901001e-01,1.602205336093902588e-01,-2.287872601300477982e-03,1.687170863151550293e-01,-6.363849341869354248e-02,5.799150466918945312e-02,1.526582092046737671e-01,1.520422399044036865e-01,-9.911385178565979004e-02,-1.193623989820480347e-01,4.498981311917304993e-02,1.460925582796335220e-02,-5.955940485000610352e-02,-5.965546518564224243e-02,-8.767986297607421875e-02,-2.187507748603820801e-01,-1.616127789020538330e-01,1.128841862082481384e-01,3.797478973865509033e-02,1.241845637559890747e-01,-4.058321937918663025e-02,4.539182782173156738e-02,-3.700936585664749146e-02,-2.176329642534255981e-01,-2.009649574756622314e-01,-1.098337918519973755e-01,-2.018818259239196777e-01,-1.792179346084594727e-01,-1.919256448745727539e-01,-1.202368810772895813e-01,-1.347118616104125977e-01,1.972181648015975952e-01,1.894808262586593628e-01,2.007292062044143677e-01,2.331180423498153687e-01,1.040164604783058167e-01,-1.444699615240097046e-01,-1.334138447418808937e-03,3.736788872629404068e-03
-1.449377927929162979e-02,-1.417473256587982178e-01,2.021347433328628540e-01,1.437685489654541016e-01,1.000000238418579102e+00,5.227749347686767578e-01,2.013929933309555054e-01,-7.297173142433166504e-02,6.520887613296508789e-01,3.324184715747833252e-01,-7.954085618257522583e-02,-2.083413898944854736e-01,2.489499598741531372e-01,-1.920547634363174438e-01,6.351884007453918457e-01,2.593230605125427246e-01,-1.070356965065002441e-01,-3.432802557945251465e-01,-7.476327940821647644e-03,-3.581291530281305313e-03,2.102472633123397827e-01,2.439254075288772583e-01,-3.500151261687278748e-02,-3.911055997014045715e-02,5.997228026390075684e-01,4.851172268390655518e-01,6.169269084930419922e-01,5.083661079406738281e-01,-7.561191171407699585e-02,4.526360705494880676e-02,1.245452836155891418e-01,1.331371627748012543e-02,-2.885964810848236084e-01,-3.020465373992919922e-01,-3.737956881523132324e-01,-3.610182404518127441e-01,-1.418618261814117432e-01,-1.438437104225158691e-01,1.255372464656829834e-01,9.170284122228622437e-02,9.546174667775630951e-03,1.032955348491668701e-01,-5.501263216137886047e-02,-6.528595089912414551e-02,1.978976279497146606e-01,9.556274116039276123e-02,-1.213559508323669434e-01,-7.945302128791809082e-02,2.152379751205444336e-01,1.523675918579101562e-01,2.427728660404682159e-02,-1.190871670842170715e-01,2.863957546651363373e-02,-1.550444066524505615e-01,1.792840510606765747e-01,-2.282493747770786285e-02,8.418288826942443848e-02,-1.998661905527114868e-01,-2.468263506889343262e-01,-2.760459184646606445e-01,-3.477756865322589874e-03,-2.583400607109069824e-01,-6.659392267465591431e-03,-1.743844449520111084e-01,-6.368553638458251953e-02,-1.298173367977142334e-01,-4.021288454532623291e-01,-4.253992140293121338e-01,1.670961230993270874e-01,-1.317562609910964966e-01,5.086304247379302979e-02,4.107762873172760010e-02,-1.388160437345504761e-01,1.184492856264114380e-01,-1.929493620991706848e-02,5.310721322894096375e-02,-1.922413259744644165e-01,-2.467731237411499023e-01,-6.655386090278625488e-02,-3.177523016929626465e-01,-1.099234148859977722e-01,-3.383657038211822510e-01,5.971983671188354492e-01,2.819163501262664795e-01,2.102634124457836151e-02,-2.106653749942779541e-01,4.612112343311309814e-01,2.153830379247665405e-01,2.917854487895965576e-01,-4.022341221570968628e-03,1.294989436864852905e-01,-2.079050987958908081e-02,2.349838614463806152e-02,-2.368957176804542542e-02,6.451534479856491089e-02,-1.039373129606246948e-01,4.105784371495246887e-02,-8.206754922866821289e-02,-1.103892282117158175e-04,-9.294074028730392456e-02,5.802538990974426270e-02,3.166564926505088806e-02,7.849086076021194458e-02,2.422543987631797791e-02,3.974652662873268127e-02,5.100305378437042236e-02,3.952665627002716064e-02,-2.984199859201908112e-02,-4.586015269160270691e-02,4.662133008241653442e-02,9.596823155879974365e-02,6.752023845911026001e-02,-6.907941424287855625e-04,9.858237579464912415e-03,-5.614646151661872864e-02,-2.642700374126434326e-01
3.206703811883926392e-02,7.879024744033813477e-02,1.790372133255004883e-01,3.100223243236541748e-01,5.227749347686767578e-01,1.000000238418579102e+00,1.733162999153137207e-01,2.346498668193817139e-01,2.167317718267440796e-01,5.757802724838256836e-01,-1.835223436355590820e-01,-7.049369812011718750e-02,1.656485162675380707e-02,5.982195585966110229e-02,3.142050504684448242e-01,5.665579438209533691e-01,-1.652360111474990845e-01,-1.563850492238998413e-01,-1.514838356524705887e-02,1.281501259654760361e-02,2.373100370168685913e-01,3.291673362255096436e-01,1.069417595863342285e-01,2.119182348251342773e-01,6.338441967964172363e-01,6.589264273643493652e-01,6.392348408699035645e-01,6.726471185684204102e-01,6.325469166040420532e-02,2.115072011947631836e-01,1.983477175235748291e-01,2.454118877649307251e-01,7.798549719154834747e-03,-6.935182958841323853e-03,-1.694733090698719025e-02,-1.107854695874266326e-04,1.512993425130844116e-01,6.202873960137367249e-02,1.938667297363281250e-01,2.624203860759735107e-01,1.383242011070251465e-01,1.322079896926879883e-01,5.195444449782371521e-02,9.501510113477706909e-02,1.308679729700088501e-01,2.123702019453048706e-01,6.978443264961242676e-02,7.009667158126831055e-02,1.654610782861709595e-01,2.497165352106094360e-01,1.178937032818794250e-01,-1.590378955006599426e-02,2.140188515186309814e-01,1.253138482570648193e-01,1.630515903234481812e-01,1.754767000675201416e-01,1.025371477007865906e-01,-2.661243639886379242e-02,-4.954089596867561340e-02,-1.112625524401664734e-01,1.244091615080833435e-01,-1.047626882791519165e-01,7.394144684076309204e-02,5.164609849452972412e-02,1.950168050825595856e-02,-1.213999390602111816e-01,-9.044285863637924194e-02,-6.681872159242630005e-02,5.692034214735031128e-02,3.065325319766998291e-02,1.158975139260292053e-01,1.467357277870178223e-01,2.787571772933006287e-02,9.937807917594909668e-02,1.462682634592056274e-01,9.063831716775894165e-02,7.199817150831222534e-02,9.827003628015518188e-02,-5.752531811594963074e-02,-1.140598729252815247e-01,-1.303005367517471313e-01,-1.643620580434799194e-01,2.732202708721160889e-01,5.418915748596191406e-01,-8.144190907478332520e-02,-8.579090982675552368e-02,5.909809470176696777e-02,3.534663915634155273e-01,2.770330989733338356e-03,1.365234553813934326e-01,2.773234620690345764e-02,6.671679019927978516e-02,-1.000138446688652039e-01,3.297268226742744446e-02,1.426829397678375244e-01,-3.572864085435867310e-02,2.241431772708892822e-01,1.324017643928527832e-01,9.591937810182571411e-02,7.714985311031341553e-02,-9.928532689809799194e-02,-7.610527426004409790e-02,-1.015111580491065979e-01,-1.024155020713806152e-01,-8.357844501733779907e-02,-5.604971572756767273e-02,-6.006614118814468384e-02,-1.270780116319656372e-01,1.380234658718109131e-01,1.921155601739883423e-01,1.935587972402572632e-01,2.364983707666397095e-01,1.497933417558670044e-01,-1.318955123424530029e-01,-1.472152885980904102e-03,-5.064252391457557678e-02
5.211417675018310547e-01,2.091017961502075195e-01,6.913375854492187500e-01,5.966036915779113770e-01,2.013929933309555054e-01,1.733162999153137207e-01,9.999997615814208984e-01,5.190557241439819336e-01,2.229004651308059692e-01,5.080793425440788269e-02,4.394893944263458252e-01,1.571397930383682251e-01,5.819078683853149414e-01,2.236157655715942383e-01,2.238913327455520630e-01,8.162542432546615601e-02,2.900729179382324219e-01,2.558583393692970276e-02,2.564810812473297119e-01,2.275657206773757935e-01,2.924301326274871826e-01,3.514265120029449463e-01,4.851363301277160645e-01,4.501820504665374756e-01,2.685998380184173584e-01,2.641748487949371338e-01,2.325037419795989990e-01,2.498007267713546753e-01,4.060960412025451660e-01,2.058678120374679565e-01,3.022192716598510742e-01,4.217475056648254395e-01,1.982860267162322998e-01,2.053019255399703979e-01,7.710622996091842651e-02,9.973364323377609253e-02,1.377327740192413330e-01,-5.640262365341186523e-02,1.867194622755050659e-01,-4.314398393034934998e-02,2.438403218984603882e-01,6.886508315801620483e-02,2.176409959793090820e-01,2.114627808332443237e-01,4.623006656765937805e-02,1.259045600891113281e-01,1.141436025500297546e-02,-8.216484636068344116e-02,1.333923339843750000e-01,5.066459998488426208e-03,1.031058058142662048e-01,-6.360206753015518188e-02,6.979893893003463745e-02,-1.385719031095504761e-01,-3.956194221973419189e-02,-1.827467679977416992e-01,4.037801921367645264e-01,-4.123289138078689575e-03,1.400503367185592651e-01,5.683771520853042603e-02,2.009561806917190552e-01,1.076326668262481689e-01,3.421177864074707031e-01,-3.663630783557891846e-02,8.083814755082130432e-03,-2.186163216829299927e-01,8.247736096382141113e-02,7.731480896472930908e-02,-3.636716306209564209e-02,7.827137410640716553e-02,3.437369465827941895e-01,2.805378735065460205e-01,2.514976263046264648e-01,1.445944905281066895e-01,1.631783694028854370e-01,5.680226534605026245e-02,9.059712290763854980e-02,4.310139268636703491e-02,2.068265527486801147e-01,-2.334965392947196960e-02,2.700754702091217041e-01,-1.386063247919082642e-01,1.673941612243652344e-01,-3.337048692628741264e-03,2.325329780578613281e-01,-2.446947842836380005e-01,-4.018833115696907043e-02,-1.024775356054306030e-01,5.472056940197944641e-02,-2.593681514263153076e-01,-9.729687869548797607e-02,-2.534704804420471191e-01,-2.536889612674713135e-01,-2.976659834384918213e-01,1.056853458285331726e-01,-9.075424820184707642e-02,4.459302872419357300e-03,-2.011151760816574097e-01,-8.312327414751052856e-02,-2.510762810707092285e-01,-2.260002791881561279e-01,-2.706265747547149658e-01,-1.155636385083198547e-01,-2.993270456790924072e-01,-2.661735117435455322e-01,-2.832627594470977783e-01,-1.257683038711547852e-01,-1.963178515434265137e-01,8.618212491273880005e-02,1.808683872222900391e-01,1.048747226595878601e-01,1.177102923393249512e-01,-3.620736673474311829e-02,-2.448600381612777710e-01,-1.370791345834732056e-01,-1.311546266078948975e-01
3.913356065750122070e-01,4.345476925373077393e-01,4.635078012943267822e-01,5.783941745758056641e-01,-7.297173142433166504e-02,2.346498668193817139e-01,5.190557241439819336e-01,1.000000000000000000e+00,-1.436557322740554810e-01,2.476865202188491821e-01,3.237340450286865234e-01,3.743045032024383545e-01,2.206014990806579590e-01,5.753351449966430664e-01,-1.416505426168441772e-01,3.048551380634307861e-01,1.479148417711257935e-01,2.656989693641662598e-01,2.447699755430221558e-01,2.415844351053237915e-01,8.326932042837142944e-02,1.879947781562805176e-01,4.484584927558898926e-01,5.267131924629211426e-01,1.504132598638534546e-01,2.305130958557128906e-01,1.330339163541793823e-01,1.839806139469146729e-01,2.586526274681091309e-01,2.834089100360870361e-01,2.375774979591369629e-01,4.143812358379364014e-01,3.706835508346557617e-01,3.571996688842773438e-01,2.558357715606689453e-01,2.704834640026092529e-01,2.492399811744689941e-01,4.052828624844551086e-02,8.098694682121276855e-02,4.235117137432098389e-02,1.523111611604690552e-01,3.394015133380889893e-02,1.566815972328186035e-01,2.574642598628997803e-01,-8.711041510105133057e-02,1.724154502153396606e-01,7.292936742305755615e-02,5.281807109713554382e-02,-1.218988746404647827e-02,5.768898874521255493e-02,7.285875082015991211e-02,5.378248542547225952e-02,1.216263547539710999e-01,1.708556562662124634e-01,-1.161467358469963074e-01,4.810799285769462585e-02,2.662477195262908936e-01,1.947160661220550537e-01,2.651546597480773926e-01,2.158214896917343140e-01,1.953371763229370117e-01,2.644147574901580811e-01,3.182787895202636719e-01,2.648662030696868896e-01,1.451373659074306488e-02,-5.764031037688255310e-02,2.221996933221817017e-01,2.828281819820404053e-01,-7.631403952836990356e-02,2.341500222682952881e-01,2.036253064870834351e-01,2.931800186634063721e-01,2.034141272306442261e-01,5.959353595972061157e-02,2.099293023347854614e-01,3.079703450202941895e-02,1.825465112924575806e-01,2.073146700859069824e-01,1.067271977663040161e-01,1.647055447101593018e-01,1.472878456115722656e-01,1.544775813817977905e-01,-1.136113107204437256e-01,2.265696972608566284e-01,7.215303182601928711e-02,4.478450492024421692e-02,-2.904776930809020996e-01,7.605095952749252319e-02,-1.771750599145889282e-01,2.173625305294990540e-02,-1.820884048938751221e-01,-9.150115656666457653e-04,-2.859025001525878906e-01,-9.328600019216537476e-02,4.116378724575042725e-02,-5.485459417104721069e-02,5.715081095695495605e-02,8.406201377511024475e-03,-5.961506068706512451e-02,-1.064834557473659515e-02,-2.720814943313598633e-01,-2.096295505762100220e-01,-1.960650980472564697e-01,-2.474985122680664062e-01,-2.365725040435791016e-01,-2.051809281110763550e-01,-1.876273602247238159e-01,-1.541823446750640869e-01,8.620838820934295654e-02,1.390401422977447510e-01,1.038806736469268799e-01,2.236491888761520386e-01,1.096518784761428833e-01,-2.488355338573455811e-01,-8.267720788717269897e-02,2.119866013526916504e-02
2.206212095916271210e-02,-1.909677684307098389e-01,1.740856021642684937e-01,5.501947179436683655e-02,6.520887613296508789e-01,2.167317718267440796e-01,2.229004651308059692e-01,-1.436557322740554810e-01,1.000000357627868652e+00,2.121422886848449707e-01,7.573742419481277466e-02,-1.898656636476516724e-01,3.748120367527008057e-01,-2.405359297990798950e-01,6.821060180664062500e-01,4.648675024509429932e-02,-3.134534507989883423e-02,-3.346711993217468262e-01,4.812762141227722168e-02,3.078136034309864044e-02,1.117171570658683777e-01,1.251835078001022339e-01,-7.332393527030944824e-02,-1.487735807895660400e-01,3.363206684589385986e-01,2.195117622613906860e-01,3.500465452671051025e-01,2.228302508592605591e-01,-9.530127793550491333e-02,-8.245785534381866455e-02,6.591232120990753174e-02,-5.612177029252052307e-02,-3.239315748214721680e-01,-3.282993435859680176e-01,-4.036848843097686768e-01,-3.800003230571746826e-01,-2.047722637653350830e-01,-2.260172814130783081e-01,8.049258589744567871e-02,-4.396510124206542969e-02,-6.139843165874481201e-02,5.445166025310754776e-03,2.149076946079730988e-02,-3.970442339777946472e-02,2.470534592866897583e-01,8.894034475088119507e-02,-1.010743305087089539e-01,-7.415994256734848022e-02,2.679160535335540771e-01,8.241803944110870361e-02,7.593604922294616699e-02,-1.050949990749359131e-01,-6.296464055776596069e-02,-2.773457169532775879e-01,1.097328439354896545e-01,-1.403082907199859619e-01,8.051466196775436401e-02,-2.805271446704864502e-01,-3.080141246318817139e-01,-3.634144663810729980e-01,-1.107101514935493469e-01,-3.033539354801177979e-01,-9.651660919189453125e-02,-3.318032622337341309e-01,-3.014936670660972595e-02,-1.449271291494369507e-01,-4.186229407787322998e-01,-4.656734168529510498e-01,1.528272330760955811e-01,-2.127352803945541382e-01,4.949009045958518982e-02,4.213608428835868835e-02,-1.134951040148735046e-01,7.907814532518386841e-02,-6.543031334877014160e-02,1.959918625652790070e-02,-1.955638527870178223e-01,-2.945373952388763428e-01,-4.136288911104202271e-02,-3.064462840557098389e-01,-3.899187594652175903e-02,-3.735116720199584961e-01,5.741642713546752930e-01,5.937925726175308228e-02,1.614886671304702759e-01,-2.554464042186737061e-01,5.162308216094970703e-01,1.080545857548713684e-01,3.641979098320007324e-01,-1.306567639112472534e-01,1.574207395315170288e-01,-1.003371551632881165e-01,1.075089275836944580e-01,-4.545230790972709656e-02,4.731209203600883484e-02,-1.178120225667953491e-01,-4.617855697870254517e-02,-1.737015843391418457e-01,-2.066935598850250244e-02,-1.537993252277374268e-01,1.468678712844848633e-01,6.465230882167816162e-02,1.358552724123001099e-01,5.769091099500656128e-02,7.554202526807785034e-02,6.069641187787055969e-02,1.100222989916801453e-01,7.153095211833715439e-03,-6.657359004020690918e-02,1.987620070576667786e-02,2.012132108211517334e-02,-2.232006751000881195e-02,-6.582967936992645264e-02,1.144478246569633484e-01,-6.391958892345428467e-02,-2.590419650077819824e-01
-2.395925298333168030e-02,1.440717279911041260e-01,7.709780707955360413e-03,1.711461991071701050e-01,3.324184715747833252e-01,5.757802724838256836e-01,5.080793425440788269e-02,2.476865202188491821e-01,2.121422886848449707e-01,1.000000238418579102e+00,-1.843318492174148560e-01,4.487567767500877380e-02,-5.568398907780647278e-02,1.872241944074630737e-01,2.300203889608383179e-01,5.416119694709777832e-01,-2.218064218759536743e-01,-6.610620766878128052e-02,-9.064054489135742188e-02,-2.843437157571315765e-02,-1.363568473607301712e-02,5.723413825035095215e-02,1.900717616081237793e-02,7.172346115112304688e-02,3.465161919593811035e-01,3.222571909427642822e-01,3.450586497783660889e-01,3.225688934326171875e-01,-8.778376132249832153e-02,1.752282381057739258e-01,2.006932646036148071e-01,2.136045843362808228e-01,-4.212185740470886230e-02,-4.431056324392557144e-03,1.549169700592756271e-02,3.690969571471214294e-02,5.474884435534477234e-02,4.758037254214286804e-02,1.042982097715139389e-02,2.016902714967727661e-01,-9.360157698392868042e-02,1.509595755487680435e-02,1.106279939413070679e-01,1.782052814960479736e-01,2.075951397418975830e-01,3.064216971397399902e-01,1.573718339204788208e-01,2.466346025466918945e-01,2.359861284494400024e-01,2.929081618785858154e-01,2.253543734550476074e-01,8.210296928882598877e-02,2.451816499233245850e-01,2.681753039360046387e-01,1.519998908042907715e-01,3.040840625762939453e-01,4.712672159075737000e-02,3.602450340986251831e-02,-1.272327750921249390e-01,-1.568426489830017090e-01,1.129028014838695526e-02,-1.720117777585983276e-01,-2.143426798284053802e-02,8.132016658782958984e-02,1.268275454640388489e-02,-1.095188781619071960e-01,-1.447694301605224609e-01,-1.011774912476539612e-01,5.506191775202751160e-02,2.707781083881855011e-02,7.710876315832138062e-02,1.680286824703216553e-01,-3.238510340452194214e-02,8.414112776517868042e-02,1.065633445978164673e-01,9.014725685119628906e-02,1.592853814363479614e-01,1.541890949010848999e-01,-1.143627464771270752e-01,-5.077283084392547607e-02,-1.803962141275405884e-01,-2.306259982287883759e-02,1.534123420715332031e-01,5.379746556282043457e-01,-4.791100323200225830e-02,1.095232740044593811e-01,2.092904970049858093e-02,4.381699860095977783e-01,4.329054430127143860e-02,3.210487067699432373e-01,1.177584305405616760e-01,2.749607264995574951e-01,9.505048394203186035e-02,2.842621803283691406e-01,1.491558104753494263e-01,-5.078668240457773209e-03,2.759799063205718994e-01,2.327873408794403076e-01,1.786321252584457397e-01,2.676690220832824707e-01,6.747426837682723999e-02,1.194503754377365112e-01,-1.083330810070037842e-01,1.770711131393909454e-02,1.384823676198720932e-02,5.698659271001815796e-02,7.455671578645706177e-02,-4.397937282919883728e-02,1.861476600170135498e-01,1.555855721235275269e-01,1.715712249279022217e-01,2.994147837162017822e-01,2.754564583301544189e-01,5.239640548825263977e-02,1.347897201776504517e-02,5.810512974858283997e-02
4.374805688858032227e-01,9.801761060953140259e-02,2.672574818134307861e-01,2.703080773353576660e-01,-7.954085618257522583e-02,-1.835223436355590820e-01,4.394893944263458252e-01,3.237340450286865234e-01,7.573742419481277466e-02,-1.843318492174148560e-01,1.000000238418579102e+00,4.746517539024353027e-01,5.477458238601684570e-01,3.655300438404083252e-01,2.031365595757961273e-02,-1.588714420795440674e-01,5.574212074279785156e-01,3.283699154853820801e-01,2.134906351566314697e-01,2.108407169580459595e-01,8.929153531789779663e-02,1.245840489864349365e-01,2.519334554672241211e-01,1.839302629232406616e-01,-7.374918460845947266e-02,-4.851486533880233765e-02,-5.715201795101165771e-02,-4.690404608845710754e-02,3.941396772861480713e-01,1.316477358341217041e-01,4.986850544810295105e-02,1.270242184400558472e-01,2.967886924743652344e-01,2.426290959119796753e-01,1.783442795276641846e-01,1.720154434442520142e-01,8.263397961854934692e-02,-9.137663990259170532e-02,6.550451368093490601e-02,-1.262124776840209961e-01,7.657302170991897583e-02,-4.242301359772682190e-02,1.592712253332138062e-01,1.150086745619773865e-01,-4.070993885397911072e-02,-4.091896489262580872e-02,5.281514674425125122e-02,1.373458281159400940e-02,-4.418538510799407959e-02,-1.692409515380859375e-01,2.342809922993183136e-02,-4.997930023819208145e-03,-1.428004950284957886e-01,-2.202641069889068604e-01,-1.743605583906173706e-01,-2.241518348455429077e-01,1.798966228961944580e-01,-5.132807046175003052e-02,8.983207494020462036e-02,-1.188828330487012863e-02,-1.988871488720178604e-03,6.802381575107574463e-02,1.154241561889648438e-01,-1.482478678226470947e-01,2.935822308063507080e-02,-1.416737139225006104e-01,1.305159777402877808e-01,9.182257205247879028e-02,-3.783375024795532227e-02,8.558233827352523804e-02,1.948223710060119629e-01,1.422672718763351440e-01,1.751445084810256958e-01,5.112411826848983765e-02,8.405785262584686279e-02,2.661947906017303467e-02,1.986169256269931793e-02,-3.730022907257080078e-02,3.548038005828857422e-01,2.427702844142913818e-01,4.342059493064880371e-01,1.120561882853507996e-01,-9.609618037939071655e-02,-2.502612173557281494e-01,4.311833083629608154e-01,-1.933166757225990295e-02,-1.325996071100234985e-01,-2.799554169178009033e-01,8.139368891716003418e-02,-2.408101111650466919e-01,-1.042437851428985596e-01,-2.507053613662719727e-01,-1.287610828876495361e-01,-2.244236022233963013e-01,-5.724164098501205444e-02,3.688681125640869141e-02,-1.403492093086242676e-01,-2.017558515071868896e-01,-1.088148504495620728e-01,-2.033636122941970825e-01,-1.328398436307907104e-01,-1.729028373956680298e-01,-3.098608367145061493e-02,-1.574214547872543335e-01,-1.337822824716567993e-01,-1.925077736377716064e-01,-7.383405417203903198e-02,-6.950534135103225708e-02,1.069266274571418762e-01,-5.921822413802146912e-02,-1.720699220895767212e-01,-4.541421681642532349e-02,-1.534260511398315430e-01,-6.159898266196250916e-02,-2.984442375600337982e-02,1.900690421462059021e-02
3.031998276710510254e-01,3.018087446689605713e-01,2.287334203720092773e-02,1.236697211861610413e-01,-2.083413898944854736e-01,-7.049369812011718750e-02,1.571397930383682251e-01,3.743045032024383545e-01,-1.898656636476516724e-01,4.487567767500877380e-02,4.746517539024353027e-01,9.999995231628417969e-01,1.412154287099838257e-01,6.144388318061828613e-01,-2.472183257341384888e-01,1.648419722914695740e-02,4.189805686473846436e-01,5.438210368156433105e-01,7.732669264078140259e-02,5.844196677207946777e-02,2.131089381873607635e-02,8.379859477281570435e-02,2.486036717891693115e-01,1.953781098127365112e-01,-4.634865000844001770e-02,-7.922986149787902832e-02,-6.279023736715316772e-02,-4.734316840767860413e-02,2.270515561103820801e-01,3.758714795112609863e-01,1.084533184766769409e-01,1.716956943273544312e-01,3.971323072910308838e-01,3.531291782855987549e-01,4.127901196479797363e-01,4.017791152000427246e-01,2.187026441097259521e-01,2.162724435329437256e-01,3.262990154325962067e-03,1.432771086692810059e-01,-7.943179458379745483e-02,1.370625495910644531e-01,1.465526036918163300e-02,4.213452711701393127e-02,-1.298669278621673584e-01,-4.332099482417106628e-02,8.749959617853164673e-02,1.092623844742774963e-01,-9.567710012197494507e-02,-1.039713025093078613e-01,-5.309489369392395020e-02,3.512576688081026077e-03,-2.323708124458789825e-02,8.180721849203109741e-02,-7.054392993450164795e-02,7.289132475852966309e-02,1.324418038129806519e-01,2.505244314670562744e-01,1.596757918596267700e-01,1.483670622110366821e-01,2.421853691339492798e-02,1.465395092964172363e-01,1.539284437894821167e-01,2.089407444000244141e-01,1.901102252304553986e-02,-2.222556434571743011e-02,2.303840368986129761e-01,2.097623795270919800e-01,-5.293953791260719299e-02,2.620923221111297607e-01,1.797870844602584839e-01,1.827551126480102539e-01,7.892888784408569336e-02,2.516105473041534424e-01,9.504751116037368774e-02,2.410636991262435913e-01,2.507389783859252930e-01,2.184632867574691772e-01,3.804185092449188232e-01,3.662642538547515869e-01,2.981342971324920654e-01,4.184187948703765869e-01,-2.895861864089965820e-01,1.471247989684343338e-02,1.485552936792373657e-01,2.738771438598632812e-01,-2.904909551143646240e-01,-7.701040804386138916e-02,-7.472010701894760132e-02,9.381922334432601929e-02,-5.230238288640975952e-02,2.868035063147544861e-02,-5.366051197052001953e-02,-1.465191598981618881e-02,3.659461066126823425e-02,1.268966197967529297e-01,7.233749330043792725e-02,1.096622645854949951e-01,2.943301759660243988e-02,9.105726331472396851e-02,-9.305711835622787476e-02,-6.106595695018768311e-02,-9.221486747264862061e-02,-5.933986976742744446e-02,-4.996600002050399780e-02,-7.389919459819793701e-02,-5.669845640659332275e-02,7.149839401245117188e-02,1.694636493921279907e-01,9.600831568241119385e-02,-3.645002469420433044e-02,1.092218011617660522e-01,7.435520738363265991e-02,-4.792919382452964783e-03,7.432252168655395508e-02,2.009462714195251465e-01
3.152954876422882080e-01,5.031637847423553467e-02,4.998065531253814697e-01,3.597470819950103760e-01,2.489499598741531372e-01,1.656485162675380707e-02,5.819078683853149414e-01,2.206014990806579590e-01,3.748120367527008057e-01,-5.568398907780647278e-02,5.477458238601684570e-01,1.412154287099838257e-01,9.999998211860656738e-01,1.513537913560867310e-01,3.692310452461242676e-01,-5.848595499992370605e-02,3.829258978366851807e-01,-2.954544685781002045e-02,1.488387882709503174e-01,1.922204345464706421e-01,2.500679194927215576e-01,2.514954805374145508e-01,3.378670811653137207e-01,2.565669119358062744e-01,1.658711880445480347e-01,1.497930437326431274e-01,1.591221988201141357e-01,1.387445777654647827e-01,4.404341876506805420e-01,1.392630785703659058e-01,2.844698429107666016e-01,3.030348122119903564e-01,8.103544265031814575e-02,9.846546500921249390e-02,-1.662170514464378357e-03,9.698344394564628601e-03,7.024772465229034424e-02,-1.550925076007843018e-01,1.932640671730041504e-01,-6.477642804384231567e-02,2.048974037170410156e-01,-1.928051374852657318e-02,1.650958359241485596e-01,7.785812020301818848e-02,1.177591085433959961e-01,-6.917399913072586060e-02,1.506886910647153854e-02,-4.217696562409400940e-02,9.723918884992599487e-02,-1.037347242236137390e-01,8.086434006690979004e-02,-1.048664525151252747e-01,3.197614802047610283e-03,-2.615204453468322754e-01,2.308653667569160461e-02,-2.178787887096405029e-01,2.600984573364257812e-01,-9.700451791286468506e-02,1.089180447161197662e-02,-5.883093178272247314e-02,9.652884304523468018e-02,6.584114860743284225e-03,1.875550746917724609e-01,-2.083468437194824219e-01,7.454930245876312256e-02,-2.149043381214141846e-01,-3.381973505020141602e-02,-9.505795687437057495e-02,2.587263472378253937e-02,-6.035215221345424652e-03,3.909313976764678955e-01,2.653165757656097412e-01,2.812145948410034180e-01,1.490632742643356323e-01,1.618304550647735596e-01,4.903918132185935974e-02,4.445814341306686401e-02,-2.480525709688663483e-02,2.289189845323562622e-01,-5.422498658299446106e-02,3.464832007884979248e-01,-1.805551648139953613e-01,2.467611581087112427e-01,-1.243868768215179443e-01,4.464253187179565430e-01,-2.055466026067733765e-01,7.421125471591949463e-02,-1.910905390977859497e-01,2.643351256847381592e-01,-2.644602656364440918e-01,2.154893241822719574e-02,-2.648184299468994141e-01,-1.125688478350639343e-01,-2.761222124099731445e-01,8.549248427152633667e-02,4.550658166408538818e-02,-3.519616276025772095e-02,-1.945787817239761353e-01,-1.890144683420658112e-02,-2.228703498840332031e-01,-1.082322150468826294e-01,-1.705977022647857666e-01,-2.404618822038173676e-02,-2.005517035722732544e-01,-2.040164023637771606e-01,-2.207953035831451416e-01,-9.675713372416794300e-04,-1.416618078947067261e-01,1.451708972454071045e-01,8.121472597122192383e-02,5.945882946252822876e-02,5.397384241223335266e-02,-5.492607131600379944e-02,-1.346092950552701950e-02,-7.420956343412399292e-02,-1.481054872274398804e-01
