9.999997615814208984e-01,3.819431364536285400e-01,5.234561562538146973e-01,2.296457737684249878e-01,2.957039698958396912e-02,-9.237786382436752319e-02,5.696416497230529785e-01,1.843672841787338257e-01,1.100063025951385498e-01,-1.376842707395553589e-01,5.169746279716491699e-01,1.218600049614906311e-01,5.705912113189697266e-01,1.189261823892593384e-01,7.572483271360397339e-02,-1.292375475168228149e-01,2.605213522911071777e-01,1.526773422956466675e-01,5.189244747161865234e-01,3.836906552314758301e-01,-5.742001906037330627e-02,-1.040367037057876587e-01,2.509608268737792969e-01,1.048687174916267395e-01,-3.502882085740566254e-03,-7.555714249610900879e-02,-1.633300036191940308e-01,-1.631246805191040039e-01,9.232872724533081055e-02,1.110441237688064575e-02,5.538083985447883606e-02,-1.026186794042587280e-01,3.007402122020721436e-01,1.790405511856079102e-01,7.863044738769531250e-02,-1.205600891262292862e-02,3.753203526139259338e-02,1.986455544829368591e-02,9.885279834270477295e-02,9.898891299962997437e-02,4.668813943862915039e-02,-5.072822794318199158e-02,1.047772634774446487e-02,1.419208850711584091e-02,-2.071003243327140808e-02,4.056596662849187851e-03,1.269111335277557373e-01,3.388287499547004700e-02,8.921674638986587524e-02,4.795984830707311630e-03,1.398695707321166992e-01,-6.601109355688095093e-02,1.429862678050994873e-01,4.203829541802406311e-02,2.080595791339874268e-01,4.333541542291641235e-02,5.550425052642822266e-01,3.698298037052154541e-01,6.460239887237548828e-01,3.279981315135955811e-01,6.230006814002990723e-01,2.613877356052398682e-01,2.776629626750946045e-01,1.119767352938652039e-01,1.486696600914001465e-01,6.796609610319137573e-02,3.900437355041503906e-01,7.570059597492218018e-02,3.847117722034454346e-01,3.264322578907012939e-01,6.372597068548202515e-02,4.197549819946289062e-02,7.619523257017135620e-02,1.475370675325393677e-01,5.328745022416114807e-02,5.610471218824386597e-02,1.329381316900253296e-01,1.618347465991973877e-01,4.246610775589942932e-02,7.074061036109924316e-02,1.328364163637161255e-01,4.005748033523559570e-02,7.962945848703384399e-02,9.147582203149795532e-02,2.903058230876922607e-01,-8.649782836437225342e-02,1.950719952583312988e-02,-1.041252985596656799e-01,2.986409664154052734e-01,-2.339547127485275269e-02,1.584014594554901123e-01,2.763329446315765381e-01,-3.457574546337127686e-02,2.094723284244537354e-01,4.802354052662849426e-02,7.684630155563354492e-02,1.122855022549629211e-01,6.043067947030067444e-02,2.737258970737457275e-01,3.045814037322998047e-01,1.900178045034408569e-01,3.247755765914916992e-01,2.370299547910690308e-01,2.456161975860595703e-01,1.727612875401973724e-02,-4.641240462660789490e-02,-7.867738604545593262e-02,1.908849080791696906e-04,6.708413362503051758e-02,1.407383679179474711e-04,2.509556524455547333e-02,2.055912464857101440e-01,1.765194684267044067e-01,1.653860509395599365e-01,1.282100677490234375e-01,1.920695789158344269e-02
3.819431364536285400e-01,9.999995827674865723e-01,6.885798275470733643e-02,4.137813150882720947e-01,3.577847406268119812e-02,-2.213254198431968689e-02,2.243222743272781372e-01,5.266401767730712891e-01,-9.704403579235076904e-02,-6.673345714807510376e-02,1.743183732032775879e-01,4.638788700103759766e-01,1.899395585060119629e-01,4.858141541481018066e-01,-9.053449332714080811e-02,3.602931275963783264e-02,2.219192832708358765e-01,3.719336390495300293e-01,4.255437850952148438e-01,5.719392895698547363e-01,8.818847686052322388e-02,-5.557957291603088379e-02,2.088721655309200287e-02,9.410825371742248535e-02,-3.930543363094329834e-02,-3.266914561390876770e-02,-4.576990380883216858e-02,-3.971468657255172729e-02,6.925078481435775757e-02,2.727721929550170898e-01,8.832453191280364990e-02,1.009601876139640808e-01,2.122427076101303101e-01,3.242622315883636475e-01,-4.405022040009498596e-02,-4.044013097882270813e-02,-7.137718051671981812e-02,-7.455727458000183105e-02,5.380847677588462830e-02,1.944069564342498779e-02,4.396378528326749802e-03,-2.255064249038696289e-02,-1.345794554799795151e-02,2.209244482219219208e-02,-5.842535942792892456e-02,1.207098513841629028e-01,-2.982602454721927643e-02,9.690224379301071167e-02,3.043264895677566528e-02,1.236713454127311707e-01,8.304779976606369019e-02,2.025185972452163696e-01,1.878856718540191650e-01,3.276369273662567139e-01,3.996864706277847290e-02,2.240135669708251953e-01,3.750656247138977051e-01,6.721971035003662109e-01,4.179407954216003418e-01,5.727552771568298340e-01,3.366861939430236816e-01,5.100495815277099609e-01,2.365393191576004028e-01,4.953670799732208252e-01,-1.294383555650711060e-01,7.595629990100860596e-02,3.084480166435241699e-01,1.886332929134368896e-01,5.138446688652038574e-01,4.924257397651672363e-01,1.798078999854624271e-03,1.396561414003372192e-01,7.413201779127120972e-02,3.428434431552886963e-01,6.700745970010757446e-02,9.978840500116348267e-02,1.689443737268447876e-01,2.415352761745452881e-01,2.253671549260616302e-02,2.952757477760314941e-01,2.075436264276504517e-01,3.330493271350860596e-01,-1.357271429151296616e-02,2.166564315557479858e-01,4.602197557687759399e-02,1.890208274126052856e-01,-7.904241979122161865e-02,-9.575811028480529785e-02,9.430709481239318848e-02,3.434519469738006592e-01,2.238777279853820801e-01,1.796168684959411621e-01,-3.601423650979995728e-02,2.915461547672748566e-02,6.199486926198005676e-02,3.674610331654548645e-02,4.569016024470329285e-02,9.115360677242279053e-02,2.880416512489318848e-01,3.843310475349426270e-01,2.271319329738616943e-01,1.788154840469360352e-01,3.939577639102935791e-01,3.012573122978210449e-01,7.773325592279434204e-02,-9.229615330696105957e-02,1.241614855825901031e-02,1.452480405569076538e-01,-1.924880407750606537e-02,2.778420690447092056e-03,3.200767794623970985e-03,1.469505280256271362e-01,2.788710594177246094e-01,1.490189731121063232e-01,2.985604852437973022e-02,-8.705572225153446198e-03
5.234561562538146973e-01,6.885798275470733643e-02,9.999999403953552246e-01,4.304135739803314209e-01,-1.162353754043579102e-01,-1.978246718645095825e-01,6.996535062789916992e-01,2.536480426788330078e-01,1.455582026392221451e-02,-2.138922363519668579e-01,3.194925487041473389e-01,-7.263998687267303467e-02,4.212387502193450928e-01,-3.836722671985626221e-02,-8.242391794919967651e-02,-2.416999787092208862e-01,4.701900482177734375e-02,2.149017062038183212e-03,4.949094057083129883e-01,2.554188072681427002e-01,-1.742720007896423340e-01,-9.837739169597625732e-02,6.220005750656127930e-01,4.679010212421417236e-01,2.815096522681415081e-04,-2.226578630506992340e-02,-2.775037288665771484e-01,-2.116415202617645264e-01,7.418054342269897461e-02,-7.189708948135375977e-02,2.632547914981842041e-01,1.149212196469306946e-01,2.703465521335601807e-01,2.023568451404571533e-01,2.978842556476593018e-01,2.391505092382431030e-01,1.641228497028350830e-01,1.082793027162551880e-01,8.142154663801193237e-02,1.021623611450195312e-01,5.523879453539848328e-02,1.710441522300243378e-02,6.897946447134017944e-02,4.177064448595046997e-02,-3.846848383545875549e-03,-4.444849677383899689e-03,1.080945953726768494e-01,-6.780885625630617142e-03,-1.283068116754293442e-02,-1.290050446987152100e-01,1.006425637751817703e-02,-1.707047075033187866e-01,1.935680769383907318e-02,-3.433922305703163147e-02,1.535563319921493530e-01,-9.255400300025939941e-02,3.018919825553894043e-01,1.495206803083419800e-01,2.347941696643829346e-01,-3.869238717015832663e-04,2.873527109622955322e-01,-3.732396289706230164e-02,2.913855947554111481e-02,-9.666983783245086670e-02,3.325103223323822021e-01,1.414013057947158813e-01,2.132165580987930298e-01,7.727983593940734863e-02,2.338591516017913818e-01,1.747778654098510742e-01,1.226685345172882080e-01,4.696971178054809570e-02,1.134754717350006104e-01,1.781492494046688080e-02,-8.825506269931793213e-02,-3.901183605194091797e-02,7.634332776069641113e-02,9.463795274496078491e-02,3.999563679099082947e-02,-4.972762241959571838e-02,2.099712193012237549e-02,-4.180196300148963928e-02,2.391323447227478027e-01,1.040036380290985107e-01,3.066260814666748047e-01,7.467913907021284103e-03,1.649699509143829346e-01,4.701684787869453430e-02,1.722832620143890381e-01,-1.984045505523681641e-01,1.940606087446212769e-01,1.946039050817489624e-01,1.202563121914863586e-01,2.536742985248565674e-01,2.995099127292633057e-02,7.890891283750534058e-02,8.343261480331420898e-02,3.541509062051773071e-02,1.363829374313354492e-01,8.940042555332183838e-02,2.302123755216598511e-01,2.987743616104125977e-01,1.985743641853332520e-01,2.248777896165847778e-01,7.317724078893661499e-02,-4.050658270716667175e-02,4.108979552984237671e-02,1.518210023641586304e-01,5.345291271805763245e-02,1.576988841407001019e-03,6.057703122496604919e-02,1.328517943620681763e-01,6.144547834992408752e-02,8.676335215568542480e-02,1.914727836847305298e-01,1.343126129359006882e-02
2.296457737684249878e-01,4.137813150882720947e-01,4.304135739803314209e-01,1.000000000000000000e+00,-1.453875154256820679e-01,-8.483803272247314453e-02,4.219480454921722412e-01,7.340601682662963867e-01,-2.146663218736648560e-01,-8.600334823131561279e-02,1.284710131585597992e-02,2.390361130237579346e-01,5.440791323781013489e-02,2.982968389987945557e-01,-3.188230693340301514e-01,-1.223455518484115601e-01,-2.080246992409229279e-02,4.238022863864898682e-02,3.757869899272918701e-01,3.561271131038665771e-01,1.093930657953023911e-02,-1.027809679508209229e-01,3.586864471435546875e-01,6.405014395713806152e-01,-4.746021330356597900e-02,7.206495106220245361e-02,-2.003040015697479248e-01,-1.116182357072830200e-01,-4.484678059816360474e-02,7.713750004768371582e-02,1.783588826656341553e-01,3.104031980037689209e-01,4.515014961361885071e-02,2.544263899326324463e-01,1.250678598880767822e-01,2.944746017456054688e-01,-9.248601272702217102e-03,-1.367220003157854080e-02,2.959934994578361511e-02,2.628004550933837891e-02,-4.489283263683319092e-02,-4.174755141139030457e-02,1.557470858097076416e-02,-9.658944793045520782e-03,-5.824583396315574646e-02,1.591266244649887085e-01,-1.467780768871307373e-02,8.634078316390514374e-03,-8.208888024091720581e-02,-7.836414873600006104e-02,-9.018490090966224670e-03,-3.811059147119522095e-02,8.258269727230072021e-02,1.530721485614776611e-01,6.678061094135046005e-03,6.870295852422714233e-02,2.247664183378219604e-01,3.234843313694000244e-01,1.216821148991584778e-01,3.333211839199066162e-01,1.726502925157546997e-01,3.565984666347503662e-01,3.233188018202781677e-02,2.389735281467437744e-01,2.098467200994491577e-01,4.243609607219696045e-01,1.850021928548812866e-01,3.201646804809570312e-01,3.108915984630584717e-01,2.573701143264770508e-01,-1.067912578582763672e-01,-3.367308527231216431e-02,-3.025459125638008118e-02,6.351825594902038574e-02,-6.198957562446594238e-02,-7.642251253128051758e-02,4.898623004555702209e-02,5.788413807749748230e-02,3.099740669131278992e-02,8.151212334632873535e-02,4.891398176550865173e-02,1.057604476809501648e-01,4.528864473104476929e-02,1.580469906330108643e-01,4.496776685118675232e-02,3.165757060050964355e-01,5.876873433589935303e-02,1.344933956861495972e-01,-9.445808827877044678e-03,1.805736422538757324e-01,3.343490064144134521e-01,1.153220459818840027e-01,2.455846369266510010e-01,5.477629229426383972e-02,-5.705952271819114685e-02,9.376237168908119202e-03,-7.057975977659225464e-02,2.383648045361042023e-02,8.645932376384735107e-02,6.868448853492736816e-02,4.090525507926940918e-01,1.412079781293869019e-01,3.204776644706726074e-01,1.996171623468399048e-01,4.863851517438888550e-02,-1.496122628450393677e-01,2.275267802178859711e-02,1.507617682218551636e-01,5.727517232298851013e-02,-1.080347821116447449e-01,-1.219235658645629883e-01,2.207645215094089508e-03,1.162878572940826416e-01,2.234553731977939606e-02,6.177842617034912109e-02,1.835331879556179047e-02
2.957039698958396912e-02,3.577847406268119812e-02,-1.162353754043579102e-01,-1.453875154256820679e-01,9.999999403953552246e-01,6.269744038581848145e-01,-4.133978486061096191e-02,-1.266206949949264526e-01,6.256828308105468750e-01,4.811305701732635498e-01,2.071005105972290039e-01,8.859967440366744995e-02,9.068704396486282349e-02,7.956832647323608398e-02,4.618248641490936279e-01,3.767980635166168213e-01,3.104803264141082764e-01,2.773575186729431152e-01,9.531599283218383789e-02,2.146045565605163574e-01,1.754223257303237915e-01,2.408985942602157593e-01,-2.676757797598838806e-02,-3.459733352065086365e-02,4.672944247722625732e-01,4.123045206069946289e-01,5.705812573432922363e-01,4.698831439018249512e-01,2.093823254108428955e-01,3.032805323600769043e-01,2.563983201980590820e-01,2.008881568908691406e-01,2.005218267440795898e-01,2.183587253093719482e-01,4.944397509098052979e-02,9.864219278097152710e-02,2.910650148987770081e-02,4.109689965844154358e-02,1.299094110727310181e-01,1.435630172491073608e-01,4.489903897047042847e-02,1.408051550388336182e-01,-1.174018010497093201e-01,-6.013073772192001343e-02,-9.504169970750808716e-02,4.587351903319358826e-02,-1.031126603484153748e-01,-8.747591823339462280e-02,-1.880300194025039673e-01,-1.388162672519683838e-01,-8.861128985881805420e-02,-1.397796422243118286e-01,-1.218553856015205383e-01,-2.106642425060272217e-01,-1.396511215716600418e-02,-3.288755938410758972e-02,1.836541742086410522e-01,1.453678011894226074e-01,1.552698165178298950e-01,-6.937575992196798325e-03,2.164826691150665283e-01,7.876616716384887695e-02,2.771073877811431885e-01,1.492251604795455933e-01,4.670726880431175232e-02,-1.174443662166595459e-01,1.814508289098739624e-01,1.369637548923492432e-01,1.413142383098602295e-01,2.607532739639282227e-01,2.102446258068084717e-01,1.946233361959457397e-01,2.124570906162261963e-01,1.889598220586776733e-01,2.068688869476318359e-01,1.914772242307662964e-01,2.206331938505172729e-01,1.706923544406890869e-01,6.831193715333938599e-02,2.045647799968719482e-01,1.445368677377700806e-01,1.622931659221649170e-01,3.275840356945991516e-02,9.862503409385681152e-02,7.669452577829360962e-02,-4.028274677693843842e-03,7.729560881853103638e-02,4.813050106167793274e-02,2.260673940181732178e-01,1.024665385484695435e-01,1.309841722249984741e-01,2.880020737648010254e-01,1.339104473590850830e-01,1.492706090211868286e-01,-2.435275726020336151e-02,-6.455199327319860458e-03,1.305796205997467041e-02,6.924194842576980591e-02,6.259923428297042847e-02,1.128726378083229065e-01,-1.018330454826354980e-01,4.241104423999786377e-02,-9.280864894390106201e-02,-6.179731711745262146e-02,4.086961597204208374e-02,7.193920016288757324e-02,-9.843622893095016479e-02,-1.611306965351104736e-01,6.202392652630805969e-02,2.177607081830501556e-02,9.494832903146743774e-02,1.585570871829986572e-01,4.149805009365081787e-02,3.341938927769660950e-02,-2.952568419277667999e-02,7.815837860107421875e-02
-9.237786382436752319e-02,-2.213254198431968689e-02,-1.978246718645095825e-01,-8.483803272247314453e-02,6.269744038581848145e-01,9.999998211860656738e-01,-1.089000552892684937e-01,-1.403049081563949585e-01,4.409651756286621094e-01,4.885694384574890137e-01,4.927933216094970703e-02,7.704244554042816162e-02,-2.675764448940753937e-02,-4.078476130962371826e-02,3.551845848560333252e-01,4.742264747619628906e-01,1.169418692588806152e-01,1.044332459568977356e-01,-7.193064689636230469e-02,4.416850581765174866e-02,2.056727111339569092e-01,3.300370275974273682e-01,-1.063855960965156555e-01,6.287457048892974854e-02,5.741467475891113281e-01,6.254777908325195312e-01,7.353587150573730469e-01,7.243575453758239746e-01,1.397647559642791748e-01,1.849143952131271362e-01,1.159756556153297424e-01,1.808231472969055176e-01,-1.579950749874114990e-02,1.038216874003410339e-01,-8.213594555854797363e-02,4.150677472352981567e-02,4.980619624257087708e-02,3.792262822389602661e-02,9.758605808019638062e-02,1.795430183410644531e-01,-4.894396290183067322e-02,1.435759663581848145e-01,-9.332495927810668945e-02,-8.853903412818908691e-02,-1.327203772962093353e-02,-1.057964414358139038e-01,-8.599179983139038086e-02,-9.596268087625503540e-02,-1.590665280818939209e-01,-2.118210196495056152e-01,-1.434500217437744141e-01,-1.747612804174423218e-01,-1.996031999588012695e-01,-1.504654735326766968e-01,-8.601377904415130615e-02,-2.376555651426315308e-02,4.956703260540962219e-02,1.073010191321372986e-01,8.876566775143146515e-03,-4.387963563203811646e-02,9.784645587205886841e-02,4.582861065864562988e-02,1.048440486192703247e-01,1.003904864192008972e-01,-6.006167456507682800e-02,-3.542315959930419922e-02,1.603954285383224487e-01,1.496746242046356201e-01,6.519423425197601318e-02,1.285347938537597656e-01,1.295879930257797241e-01,1.899400353431701660e-01,1.165642142295837402e-01,9.549031406641006470e-02,2.362022250890731812e-01,2.610119283199310303e-01,1.959702074527740479e-01,5.220407620072364807e-02,1.091235429048538208e-01,1.189694330096244812e-01,1.526197791099548340e-01,1.647659838199615479e-01,-9.869825094938278198e-03,6.856690347194671631e-02,2.152299694716930389e-02,1.022689938545227051e-01,3.974952548742294312e-02,1.958812028169631958e-01,9.711292386054992676e-02,2.317400276660919189e-01,2.259272634983062744e-01,1.083520054817199707e-01,2.825540602207183838e-01,1.357413455843925476e-02,-6.208808720111846924e-02,-1.145487301982939243e-03,3.963176533579826355e-02,1.018875390291213989e-01,5.705603957176208496e-02,3.693787008523941040e-02,-9.378097206354141235e-02,-1.071563288569450378e-01,-1.018134206533432007e-01,-1.948525756597518921e-01,5.553525686264038086e-02,-1.099194516427814960e-03,-1.641979515552520752e-01,-8.789569884538650513e-02,6.771053373813629150e-02,-1.029471517540514469e-03,7.056094706058502197e-02,1.251777857542037964e-01,7.225748896598815918e-02,2.945633046329021454e-02,6.547348946332931519e-02,1.180884540081024170e-01
5.696416497230529785e-01,2.243222743272781372e-01,6.996535062789916992e-01,4.219480454921722412e-01,-4.133978486061096191e-02,-1.089000552892684937e-01,1.000000238418579102e+00,3.292103707790374756e-01,6.119008362293243408e-02,-2.487441748380661011e-01,4.288814961910247803e-01,9.249856323003768921e-02,5.735415816307067871e-01,1.164164468646049500e-01,-1.211768314242362976e-01,-2.523963451385498047e-01,1.716475188732147217e-01,1.521114557981491089e-01,5.474802851676940918e-01,4.067099392414093018e-01,-2.282951921224594116e-01,-1.164226308465003967e-01,4.700192213058471680e-01,3.807224333286285400e-01,5.855994764715433121e-03,1.155762188136577606e-02,-2.156718671321868896e-01,-1.163618862628936768e-01,7.958842813968658447e-02,4.065451398491859436e-02,2.210304141044616699e-01,1.396740674972534180e-01,2.478180080652236938e-01,2.854020595550537109e-01,1.582450121641159058e-01,1.354768127202987671e-01,-2.835019305348396301e-02,-5.763373896479606628e-02,5.151436105370521545e-02,8.460135012865066528e-02,-1.916876411996781826e-03,-1.679009944200515747e-02,3.364594280719757080e-02,-4.588736221194267273e-02,-2.196691371500492096e-02,-2.759626600891351700e-03,6.606322526931762695e-02,-3.835828974843025208e-02,-1.346228420734405518e-01,-1.903436481952667236e-01,-9.701910614967346191e-02,-1.861210167407989502e-01,-9.145744889974594116e-02,-2.375901117920875549e-02,2.765436470508575439e-02,-7.580763101577758789e-02,3.466075658798217773e-01,2.159425467252731323e-01,3.829111754894256592e-01,1.778711527585983276e-01,4.061344265937805176e-01,7.839684933423995972e-02,2.443553209304809570e-01,1.494977325201034546e-01,2.837782502174377441e-01,7.430391758680343628e-02,3.244168758392333984e-01,1.189594715833663940e-01,2.473055422306060791e-01,2.142730057239532471e-01,1.179249361157417297e-01,8.228652179241180420e-02,6.635742634534835815e-02,1.193277239799499512e-01,3.072107583284378052e-02,4.386150836944580078e-02,1.969731301069259644e-01,1.594310253858566284e-01,7.399179041385650635e-03,8.927778340876102448e-03,9.358414262533187866e-02,1.069253031164407730e-02,8.374962210655212402e-02,5.331493541598320007e-02,2.201241850852966309e-01,-4.427487030625343323e-02,-4.287581890821456909e-02,-6.780556589365005493e-02,1.166080608963966370e-01,-1.222721710801124573e-01,2.661737501621246338e-01,2.772944271564483643e-01,9.570626914501190186e-02,2.245799601078033447e-01,-6.441064178943634033e-03,7.222508639097213745e-02,4.387903958559036255e-02,5.310536921024322510e-02,2.220287621021270752e-01,2.206044793128967285e-01,1.964085102081298828e-01,3.370308578014373779e-01,2.982991635799407959e-01,2.662693262100219727e-01,8.698987215757369995e-02,-6.715056300163269043e-02,1.007208973169326782e-02,1.472915410995483398e-01,6.389419734477996826e-02,-4.741337895393371582e-02,1.914021745324134827e-02,1.936795264482498169e-01,8.834933489561080933e-02,6.254009902477264404e-02,1.581570655107498169e-01,6.898786872625350952e-02
1.843672841787338257e-01,5.266401767730712891e-01,2.536480426788330078e-01,7.340601682662963867e-01,-1.266206949949264526e-01,-1.403049081563949585e-01,3.292103707790374756e-01,1.000000119209289551e+00,-2.716543078422546387e-01,-1.104739308357238770e-01,4.787224903702735901e-02,4.283938705921173096e-01,7.366060465574264526e-02,5.364578366279602051e-01,-3.178013265132904053e-01,-1.079933047294616699e-01,7.452163845300674438e-02,1.934270113706588745e-01,3.711049556732177734e-01,4.074804782867431641e-01,1.422798912972211838e-02,-1.443706750869750977e-01,2.373881191015243530e-01,4.502868652343750000e-01,-1.122987419366836548e-01,-3.398531302809715271e-02,-2.118326276540756226e-01,-1.508965194225311279e-01,6.370841991156339645e-03,2.300641536712646484e-01,1.314742565155029297e-01,2.507984638214111328e-01,8.037880063056945801e-02,2.871319651603698730e-01,2.948788926005363464e-02,1.948870718479156494e-01,-9.597719460725784302e-02,-6.467489898204803467e-02,7.397421449422836304e-02,-1.695145736448466778e-03,-3.911312296986579895e-02,-6.421488523483276367e-02,-2.389817498624324799e-02,1.648267265409231186e-03,-1.413743048906326294e-01,2.058600336313247681e-01,-6.659872829914093018e-02,4.308102279901504517e-02,-9.839780628681182861e-02,2.389973960816860199e-03,-3.959978744387626648e-02,5.026785656809806824e-02,1.211175099015235901e-01,2.141447812318801880e-01,-6.622640788555145264e-02,1.277907490730285645e-01,1.945657283067703247e-01,3.645566701889038086e-01,1.440025120973587036e-01,3.980531394481658936e-01,1.397320181131362915e-01,4.926375448703765869e-01,8.950608223676681519e-02,3.991348445415496826e-01,1.200371608138084412e-01,3.767670094966888428e-01,1.206222176551818848e-01,2.480904757976531982e-01,2.779013514518737793e-01,2.858070433139801025e-01,-8.133770525455474854e-02,1.068162918090820312e-02,-1.140632666647434235e-02,1.768585294485092163e-01,3.063252428546547890e-03,-1.906649023294448853e-02,8.659406751394271851e-02,1.079213172197341919e-01,4.483586177229881287e-02,1.745888739824295044e-01,1.102920174598693848e-01,2.486242651939392090e-01,3.350543975830078125e-02,2.307276278734207153e-01,5.214788950979709625e-03,2.972779870033264160e-01,2.709081396460533142e-02,3.170951083302497864e-02,-3.789288550615310669e-02,2.601046562194824219e-01,2.828679382801055908e-01,1.744052469730377197e-01,1.246309429407119751e-01,5.838022381067276001e-02,-4.324508458375930786e-02,-5.796839948743581772e-03,-7.624064385890960693e-02,-2.543014416005462408e-04,8.223797380924224854e-02,1.698450148105621338e-01,4.269017577171325684e-01,2.097041755914688110e-01,3.924967944622039795e-01,3.311908841133117676e-01,5.304525792598724365e-02,-9.600356221199035645e-02,1.286718547344207764e-01,1.730805635452270508e-01,2.122952789068222046e-02,-1.238731741905212402e-01,-1.224568411707878113e-01,4.866609722375869751e-02,1.837009340524673462e-01,5.619693920016288757e-02,2.800228446722030640e-02,1.732388325035572052e-02
1.100063025951385498e-01,-9.704403579235076904e-02,1.455582026392221451e-02,-2.146663218736648560e-01,6.256828308105468750e-01,4.409651756286621094e-01,6.119008362293243408e-02,-2.716543078422546387e-01,9.999998211860656738e-01,5.630046129226684570e-01,3.111660182476043701e-01,-1.219091564416885376e-02,1.825658082962036133e-01,-7.293318212032318115e-02,5.787809491157531738e-01,4.587080478668212891e-01,3.029955327510833740e-01,1.059109568595886230e-01,8.043016493320465088e-02,1.135510280728340149e-01,1.082089766860008240e-01,1.609081774950027466e-01,1.411405056715011597e-01,1.859692297875881195e-02,2.504271268844604492e-01,1.845407187938690186e-01,3.144152462482452393e-01,2.046328485012054443e-01,1.810937523841857910e-01,1.488396376371383667e-01,1.859023869037628174e-01,1.047569140791893005e-01,1.934493780136108398e-01,1.547711044549942017e-01,1.137976199388504028e-01,6.603179126977920532e-02,1.140370145440101624e-01,3.980585560202598572e-02,1.476128846406936646e-01,1.550013422966003418e-01,3.234681859612464905e-02,7.874753326177597046e-02,-2.267832458019256592e-01,-1.950673311948776245e-01,-8.548278361558914185e-02,-9.925112873315811157e-02,-1.545606106519699097e-01,-1.932799220085144043e-01,-1.836565881967544556e-01,-1.616601347923278809e-01,-9.340772777795791626e-02,-1.797947585582733154e-01,-1.174516528844833374e-01,-2.773502469062805176e-01,1.047552004456520081e-01,-5.807902663946151733e-02,1.200951039791107178e-01,4.543339088559150696e-02,1.463050693273544312e-01,-7.502355426549911499e-02,2.554570734500885010e-01,-3.717983141541481018e-03,1.919141709804534912e-01,1.405875571072101593e-02,1.877555549144744873e-01,-1.752884984016418457e-01,1.027553975582122803e-01,6.485068798065185547e-02,1.055827587842941284e-01,2.028418034315109253e-01,1.960322707891464233e-01,8.343999832868576050e-02,2.687146365642547607e-01,1.458919644355773926e-01,1.383812129497528076e-01,1.318784356117248535e-01,1.871391832828521729e-01,1.787784993648529053e-01,1.227038502693176270e-01,1.846728324890136719e-01,1.007523536682128906e-01,8.203778415918350220e-02,4.578127712011337280e-02,-2.002909965813159943e-02,2.055381685495376587e-01,-5.086597427725791931e-02,1.164784356951713562e-01,1.282332837581634521e-01,4.173492491245269775e-01,7.455181330442428589e-02,1.880288273096084595e-01,3.634780645370483398e-01,2.656302750110626221e-01,2.841209769248962402e-01,-1.261928025633096695e-02,-3.632502164691686630e-03,6.067312881350517273e-02,7.363498955965042114e-02,6.425340473651885986e-02,7.390833646059036255e-02,-5.114676803350448608e-02,3.620483353734016418e-02,-1.230156943202018738e-01,-1.125277131795883179e-01,9.266959130764007568e-02,6.796559691429138184e-02,-1.313434988260269165e-01,-1.583459079265594482e-01,3.431565128266811371e-03,4.896605759859085083e-02,1.514134407043457031e-01,1.997452527284622192e-01,3.023727331310510635e-03,3.884596377611160278e-02,5.530219897627830505e-02,5.996842682361602783e-02
-1.376842707395553589e-01,-6.673345714807510376e-02,-2.138922363519668579e-01,-8.600334823131561279e-02,4.811305701732635498e-01,4.885694384574890137e-01,-2.487441748380661011e-01,-1.104739308357238770e-01,5.630046129226684570e-01,1.000000119209289551e+00,4.768902435898780823e-02,1.685173958539962769e-01,-1.337764561176300049e-01,4.013924673199653625e-02,4.527324438095092773e-01,6.527126431465148926e-01,9.461899101734161377e-02,4.375520721077919006e-02,-9.934354573488235474e-02,-3.095845878124237061e-02,2.193910330533981323e-01,1.974040716886520386e-01,1.963170804083347321e-02,1.094670593738555908e-01,2.044261842966079712e-01,2.035112529993057251e-01,3.319499492645263672e-01,2.194007039070129395e-01,1.447012871503829956e-01,2.198697924613952637e-01,7.022000849246978760e-02,1.237283796072006226e-01,5.723969265818595886e-02,1.142221167683601379e-01,8.193151652812957764e-02,1.253924518823623657e-01,1.742647439241409302e-01,1.423844248056411743e-01,1.374589204788208008e-01,1.379014998674392700e-01,3.626612946391105652e-02,1.029478013515472412e-01,-2.144769281148910522e-01,-1.189298778772354126e-01,-9.787710011005401611e-02,-5.910279229283332825e-02,-1.574868261814117432e-01,-1.112667769193649292e-01,-7.512862235307693481e-02,-5.286792293190956116e-02,3.762993589043617249e-02,-1.072365138679742813e-02,2.419593511149287224e-03,-1.029279232025146484e-01,6.989720463752746582e-02,9.888518601655960083e-02,-5.928114056587219238e-02,1.303098816424608231e-02,-6.770853698253631592e-02,-7.716087251901626587e-02,7.012028247117996216e-02,1.376857608556747437e-01,-2.008146978914737701e-02,7.248005270957946777e-02,9.674425423145294189e-02,9.270100295543670654e-02,1.139409001916646957e-02,1.480270475149154663e-01,5.577662587165832520e-02,1.660754680633544922e-01,1.193436086177825928e-01,6.765251606702804565e-02,2.279024720191955566e-01,1.289232075214385986e-01,1.580891013145446777e-01,1.401516348123550415e-01,7.915547490119934082e-02,1.146555542945861816e-01,1.120170131325721741e-01,2.117212563753128052e-01,7.153988629579544067e-02,1.709594279527664185e-01,6.910833716392517090e-02,5.341332405805587769e-02,1.386332511901855469e-01,2.430348098278045654e-01,2.280102968215942383e-01,3.333227336406707764e-01,2.928798198699951172e-01,4.036751389503479004e-01,2.554955482482910156e-01,2.665084302425384521e-01,3.814167082309722900e-01,2.267720401287078857e-01,-1.017930805683135986e-01,-2.635746449232101440e-02,2.461530826985836029e-02,9.506804496049880981e-02,-1.713353209197521210e-02,3.037177585065364838e-02,6.954225897789001465e-02,-2.985559403896331787e-02,-1.063952147960662842e-01,-9.425615519285202026e-02,6.481792777776718140e-02,6.390805542469024658e-02,-1.309753358364105225e-01,-1.518099159002304077e-01,1.752587966620922089e-02,1.701043546199798584e-02,1.142792627215385437e-01,1.292996555566787720e-01,2.068701386451721191e-02,9.518522769212722778e-02,1.398934274911880493e-01,7.170271128416061401e-02
5.169746279716491699e-01,1.743183732032775879e-01,3.194925487041473389e-01,1.284710131585597992e-02,2.071005105972290039e-01,4.927933216094970703e-02,4.288814961910247803e-01,4.787224903702735901e-02,3.111660182476043701e-01,4.768902435898780823e-02,9.999997019767761230e-01,2.840964198112487793e-01,6.542296409606933594e-01,2.940473556518554688e-01,3.423248827457427979e-01,9.053532779216766357e-02,3.719616830348968506e-01,2.149231135845184326e-01,4.509555101394653320e-01,3.180725574493408203e-01,4.068361595273017883e-02,-3.017034009099006653e-02,3.127259016036987305e-01,8.471179008483886719e-02,9.906587749719619751e-02,-5.327208340167999268e-02,-5.588226485997438431e-03,-4.754216596484184265e-02,2.738139033317565918e-01,2.156831622123718262e-01,1.391569972038269043e-01,1.465142518281936646e-02,2.734453380107879639e-01,2.096304148435592651e-01,-5.584122613072395325e-03,-7.607056945562362671e-02,9.919241815805435181e-02,4.719611629843711853e-02,1.390135139226913452e-01,1.393111795186996460e-01,1.476017087697982788e-01,4.387306421995162964e-02,-1.553539559245109558e-02,3.018706664443016052e-02,-6.775436550378799438e-02,-5.242169648408889771e-02,8.775718510150909424e-02,4.649065434932708740e-02,6.307324767112731934e-02,2.232055552303791046e-02,6.867427378892898560e-02,-8.972171694040298462e-03,1.049616113305091858e-01,5.881098285317420959e-02,1.449979245662689209e-01,-6.166662555187940598e-03,3.477354049682617188e-01,2.055856585502624512e-01,3.520315587520599365e-01,4.011059924960136414e-02,4.253390729427337646e-01,1.102931275963783264e-01,3.340083956718444824e-01,1.443483233451843262e-01,2.727905809879302979e-01,-1.432357281446456909e-01,1.495481580495834351e-01,-9.235656261444091797e-02,2.039701491594314575e-01,1.388719528913497925e-01,1.782038360834121704e-01,1.604598909616470337e-01,1.381404846906661987e-01,1.823600977659225464e-01,1.366553604602813721e-01,8.048321306705474854e-02,1.615786254405975342e-01,1.080924272537231445e-01,1.562329828739166260e-01,1.432327032089233398e-01,2.189639359712600708e-01,2.426768988370895386e-01,2.106298208236694336e-01,2.193302959203720093e-01,4.363618493080139160e-01,1.298379525542259216e-02,1.394463479518890381e-01,4.807305708527565002e-02,2.692011296749114990e-01,-4.188368469476699829e-02,1.657700389623641968e-01,3.714180588722229004e-01,-1.474506501108407974e-02,3.253813087940216064e-01,1.251657456159591675e-01,1.355254948139190674e-01,1.660668402910232544e-01,8.471871912479400635e-02,2.314134687185287476e-01,2.857015728950500488e-01,1.276126690208911896e-02,2.405254244804382324e-01,1.129517927765846252e-01,1.882822513580322266e-01,4.870042204856872559e-02,3.519900143146514893e-02,2.244541794061660767e-02,4.974726215004920959e-02,1.481720358133316040e-01,6.893843412399291992e-02,6.513641029596328735e-02,2.696626186370849609e-01,1.776001155376434326e-01,2.113000601530075073e-01,2.611385583877563477e-01,7.736389338970184326e-02
1.218600049614906311e-01,4.638788700103759766e-01,-7.263998687267303467e-02,2.390361130237579346e-01,8.859967440366744995e-02,7.704244554042816162e-02,9.249856323003768921e-02,4.283938705921173096e-01,-1.219091564416885376e-02,1.685173958539962769e-01,2.840964198112487793e-01,1.000000715255737305e+00,2.258460521697998047e-01,6.852879524230957031e-01,8.047105371952056885e-02,2.853092551231384277e-01,2.318339943885803223e-01,4.237898290157318115e-01,2.424112558364868164e-01,3.100179433822631836e-01,1.153623014688491821e-01,3.139710798859596252e-02,2.471069432795047760e-02,1.214256361126899719e-01,-2.891211397945880890e-02,-1.747890189290046692e-02,-5.166610237210988998e-03,-2.228020131587982178e-02,2.715998291969299316e-01,4.937383234500885010e-01,1.069884896278381348e-01,1.652793586254119873e-01,2.467159330844879150e-01,3.407598435878753662e-01,-1.752549037337303162e-02,-2.142440341413021088e-02,4.517532885074615479e-02,4.088265448808670044e-02,2.127378731966018677e-01,1.652256548404693604e-01,5.707314983010292053e-02,1.098723486065864563e-01,1.003006696701049805e-01,1.731672585010528564e-01,2.444865182042121887e-02,2.106349617242813110e-01,7.104761898517608643e-02,2.580985426902770996e-01,1.026134043931961060e-01,2.181958109140396118e-01,1.578558087348937988e-01,2.851772904396057129e-01,1.920612305402755737e-01,2.694837450981140137e-01,8.920022845268249512e-02,3.076488077640533447e-01,1.628295630216598511e-01,2.817462980747222900e-01,1.426339745521545410e-01,2.607545852661132812e-01,1.808749139308929443e-01,4.381325840950012207e-01,2.276563793420791626e-01,5.169506072998046875e-01,2.897569164633750916e-02,1.199622675776481628e-01,1.392609775066375732e-01,1.662556231021881104e-01,1.975929439067840576e-01,1.840901970863342285e-01,1.610851883888244629e-01,1.970896422863006592e-01,1.309380382299423218e-01,4.217867553234100342e-01,2.297480404376983643e-01,1.888749301433563232e-01,2.261820733547210693e-01,2.542259693145751953e-01,1.587708890438079834e-01,2.775754630565643311e-01,2.573386132717132568e-01,4.236298501491546631e-01,1.668228358030319214e-01,3.070895075798034668e-01,1.479915678501129150e-01,3.540631830692291260e-01,9.399320930242538452e-02,1.085040271282196045e-01,1.273677498102188110e-01,4.267379939556121826e-01,2.477479279041290283e-01,2.542959153652191162e-01,1.067306548357009888e-01,1.413496285676956177e-01,5.442426353693008423e-02,8.556618541479110718e-02,1.167877390980720520e-01,2.043821662664413452e-01,2.339312583208084106e-01,3.094463050365447998e-01,2.719173729419708252e-01,2.179279774427413940e-01,3.177172839641571045e-01,3.375979959964752197e-01,1.857773959636688232e-01,8.918675035238265991e-02,9.719268232583999634e-02,1.497493088245391846e-01,4.185444489121437073e-02,8.630678802728652954e-02,1.554749161005020142e-01,2.464117258787155151e-01,2.955532073974609375e-01,3.267008364200592041e-01,2.594210505485534668e-01,5.897789821028709412e-02
5.705912113189697266e-01,1.899395585060119629e-01,4.212387502193450928e-01,5.440791323781013489e-02,9.068704396486282349e-02,-2.675764448940753937e-02,5.735415816307067871e-01,7.366060465574264526e-02,1.825658082962036133e-01,-1.337764561176300049e-01,6.542296409606933594e-01,2.258460521697998047e-01,1.000000119209289551e+00,2.329212725162506104e-01,2.029142081737518311e-01,-6.753543019294738770e-02,3.361408412456512451e-01,2.547268569469451904e-01,4.187139272689819336e-01,2.728110551834106445e-01,-2.294239215552806854e-02,-5.923859775066375732e-03,2.743612825870513916e-01,3.997838869690895081e-02,1.032734364271163940e-01,-1.265525235794484615e-03,-8.027812093496322632e-02,-7.132586091756820679e-02,2.414848804473876953e-01,1.818835139274597168e-01,1.759046018123626709e-01,-4.561620298773050308e-03,2.910151779651641846e-01,1.773242652416229248e-01,3.678558766841888428e-02,-6.605133414268493652e-02,1.792612671852111816e-02,2.128669433295726776e-02,1.149427741765975952e-01,1.680891513824462891e-01,1.138790920376777649e-01,8.855989575386047363e-02,1.253519952297210693e-01,9.591605514287948608e-02,1.975487917661666870e-02,-1.529486477375030518e-02,1.842111051082611084e-01,1.201711148023605347e-01,-1.340689603239297867e-02,-3.100993670523166656e-02,1.081803999841213226e-02,-4.371707513928413391e-02,-2.591846883296966553e-02,1.569057069718837738e-02,1.295825093984603882e-01,2.959616540465503931e-04,3.262891173362731934e-01,1.874256879091262817e-01,4.127360284328460693e-01,1.154160872101783752e-01,4.677674174308776855e-01,6.126619875431060791e-02,3.096149563789367676e-01,1.884612739086151123e-01,2.003158479928970337e-01,-8.302565664052963257e-02,2.852023243904113770e-01,-1.269578002393245697e-02,1.489047259092330933e-01,1.006378903985023499e-01,1.962128877639770508e-01,1.396802663803100586e-01,9.022760391235351562e-02,2.229611575603485107e-01,1.670182645320892334e-01,1.541696488857269287e-01,2.089501917362213135e-01,1.808070093393325806e-01,1.310026198625564575e-01,1.054263636469841003e-01,2.094803005456924438e-01,1.525696665048599243e-01,1.395681649446487427e-01,1.645865440368652344e-01,2.791957557201385498e-01,-6.018675863742828369e-02,-2.604324184358119965e-02,-8.161859959363937378e-02,1.852058023214340210e-01,-1.217001453042030334e-01,1.070095673203468323e-01,2.712269127368927002e-01,-5.763795971870422363e-02,2.376123815774917603e-01,1.049457937479019165e-01,1.526057422161102295e-01,1.688415706157684326e-01,1.384984850883483887e-01,2.773434519767761230e-01,3.128960430622100830e-01,5.364842340350151062e-02,3.342870175838470459e-01,1.951129585504531860e-01,2.691787183284759521e-01,7.658106833696365356e-02,3.548178821802139282e-02,2.568549104034900665e-02,1.219650804996490479e-01,1.329348385334014893e-01,3.392387554049491882e-02,8.329247683286666870e-02,2.361520081758499146e-01,1.349097639322280884e-01,2.000665813684463501e-01,2.215884625911712646e-01,3.493154048919677734e-02
