1.000000119209289551e+00,6.215384006500244141e-01,8.110132068395614624e-02,3.225823342800140381e-01,2.951433360576629639e-01,2.579566538333892822e-01,4.271826446056365967e-01,3.206169605255126953e-01,2.236667275428771973e-01,1.900350488722324371e-02,2.160760611295700073e-01,5.111185908317565918e-01,5.415075644850730896e-02,1.927251070737838745e-01,3.069218248128890991e-02,1.811307519674301147e-01,3.911255598068237305e-01,3.111039996147155762e-01,2.499274015426635742e-01,1.861546486616134644e-01,3.786752521991729736e-01,4.141468107700347900e-01,-1.092881411314010620e-01,1.288623064756393433e-01,2.970781028270721436e-01,3.705669045448303223e-01,3.947529196739196777e-01,3.990157544612884521e-01,2.334416806697845459e-01,1.756319701671600342e-01,2.731984555721282959e-01,2.109045982360839844e-01,3.443109095096588135e-01,1.602390110492706299e-01,2.530663609504699707e-01,2.728755772113800049e-01,2.248150557279586792e-01,3.044711425900459290e-02,6.331529468297958374e-02,6.736170500516891479e-02,-8.791588991880416870e-02,-9.462796896696090698e-02,1.183838397264480591e-01,2.379589229822158813e-01,5.375215038657188416e-02,8.717467635869979858e-02,2.651222944259643555e-01,3.274306058883666992e-01,3.470122814178466797e-02,-1.414250023663043976e-02,1.726581603288650513e-01,1.573636978864669800e-01,3.045552670955657959e-01,-2.161708846688270569e-02,5.741067230701446533e-02,-1.514671742916107178e-02,5.577263832092285156e-01,4.636658430099487305e-01,1.919508576393127441e-01,1.975975483655929565e-01,1.031011641025543213e-01,2.956650555133819580e-01,-1.273300349712371826e-01,1.093944534659385681e-01,-1.402455419301986694e-01,4.215051978826522827e-02,3.743570446968078613e-01,3.461331725120544434e-01,2.522475421428680420e-01,2.303455471992492676e-01,3.086924552917480469e-01,2.576947510242462158e-01,1.523706912994384766e-01,1.954593956470489502e-01,1.723951101303100586e-01,1.445968300104141235e-01,2.078116089105606079e-01,2.612067759037017822e-01,3.910537064075469971e-01,1.663063615560531616e-01,3.790821433067321777e-01,2.809037864208221436e-01,1.867298036813735962e-01,8.236026018857955933e-02,4.304923713207244873e-01,4.150731265544891357e-01,5.009374022483825684e-02,1.603515595197677612e-01,2.969985902309417725e-01,3.435142636299133301e-01,1.848351024091243744e-02,-9.709633886814117432e-02,-7.484022527933120728e-02,-3.928567096590995789e-02,2.454224973917007446e-01,2.655770182609558105e-01,4.576297998428344727e-01,3.930265605449676514e-01,2.472808212041854858e-01,2.062749117612838745e-01,2.771284282207489014e-01,2.914899289608001709e-01,3.193001151084899902e-01,3.466304838657379150e-01,3.155235648155212402e-01,3.007113635540008545e-01,2.149677425622940063e-01,1.703400909900665283e-01,2.787741124629974365e-01,1.451706290245056152e-01,4.293457567691802979e-01,3.502210080623626709e-01,2.013523131608963013e-01,3.536660373210906982e-01,2.976556420326232910e-01,4.069390296936035156e-01
6.215384006500244141e-01,1.000000119209289551e+00,1.057209223508834839e-01,2.476710081100463867e-01,1.801385134458541870e-01,1.624005287885665894e-01,3.462336957454681396e-01,2.445561140775680542e-01,1.226871386170387268e-01,-3.128802031278610229e-02,1.048566326498985291e-01,4.750788509845733643e-01,-4.270216077566146851e-02,1.130241304636001587e-01,2.197460504248738289e-03,1.416308581829071045e-01,2.561185061931610107e-01,2.969676554203033447e-01,2.541466057300567627e-01,2.505805790424346924e-01,2.809649705886840820e-01,3.962743282318115234e-01,-3.793719038367271423e-02,1.374540776014328003e-01,2.405379414558410645e-01,3.554818928241729736e-01,3.092224299907684326e-01,3.250581324100494385e-01,1.107604652643203735e-01,1.961554437875747681e-01,3.554928302764892578e-01,3.109020590782165527e-01,3.198333978652954102e-01,1.817814558744430542e-01,2.844005525112152100e-01,3.511622250080108643e-01,1.612028628587722778e-01,1.253353655338287354e-01,2.613141015172004700e-02,2.002486735582351685e-01,-1.431421488523483276e-01,6.132694706320762634e-02,1.618823856115341187e-01,2.947948873043060303e-01,4.750097170472145081e-02,2.367661893367767334e-01,3.069587349891662598e-01,3.717614412307739258e-01,1.198833212256431580e-01,1.042758598923683167e-01,2.141323238611221313e-01,2.119507193565368652e-01,2.628670334815979004e-01,8.146692067384719849e-03,-8.674736320972442627e-02,-7.587674260139465332e-02,4.702708721160888672e-01,5.406320095062255859e-01,7.021052390336990356e-02,3.196553885936737061e-01,-2.141592651605606079e-02,4.198164939880371094e-01,-2.404002696275711060e-01,1.593717932701110840e-01,-1.882701665163040161e-01,1.836394071578979492e-01,4.667585492134094238e-01,3.984224498271942139e-01,3.401505351066589355e-01,3.946909308433532715e-01,2.500433921813964844e-01,2.846753597259521484e-01,7.713118940591812134e-02,2.842141389846801758e-01,8.684322237968444824e-02,1.849182546138763428e-01,2.505834698677062988e-01,3.674944341182708740e-01,2.658949494361877441e-01,1.732344925403594971e-01,2.833775579929351807e-01,3.021498322486877441e-01,-2.193294465541839600e-02,-8.607201278209686279e-03,3.352356255054473877e-01,4.466206431388854980e-01,-7.741125673055648804e-02,5.941745638847351074e-02,1.332278102636337280e-01,2.668383419513702393e-01,-1.207833066582679749e-01,-1.941283345222473145e-01,-1.462555229663848877e-01,-1.034697294235229492e-01,2.415440231561660767e-01,2.422470450401306152e-01,4.006814062595367432e-01,3.539689481258392334e-01,1.721281558275222778e-01,1.666493415832519531e-01,1.306897699832916260e-01,2.358142286539077759e-01,3.015095889568328857e-01,3.729802072048187256e-01,2.949833273887634277e-01,2.787396609783172607e-01,2.214572280645370483e-01,5.575669929385185242e-02,2.673848271369934082e-01,1.153188198804855347e-01,4.665492773056030273e-01,3.241905272006988525e-01,1.522995084524154663e-01,3.934048712253570557e-01,2.745944261550903320e-01,4.354625642299652100e-01
8.110132068395614624e-02,1.057209223508834839e-01,9.999999403953552246e-01,5.478577017784118652e-01,-5.888705328106880188e-02,-7.044165581464767456e-02,6.380062699317932129e-01,4.064113199710845947e-01,-4.965117201209068298e-02,-2.164924144744873047e-01,2.513721585273742676e-01,1.517687290906906128e-01,4.393936097621917725e-01,1.704917997121810913e-01,5.942141637206077576e-02,-1.038818508386611938e-01,2.351584434509277344e-01,8.564998954534530640e-02,9.500398486852645874e-02,-1.021685451269149780e-02,6.038906797766685486e-02,7.832980901002883911e-02,3.849226832389831543e-01,3.401608169078826904e-01,1.604084670543670654e-02,9.636428207159042358e-02,1.059186384081840515e-01,6.649046391248703003e-02,1.897628009319305420e-01,1.449356377124786377e-01,3.248217403888702393e-01,2.710064053535461426e-01,1.823379248380661011e-01,2.379962801933288574e-01,-2.676313742995262146e-02,-7.165577262639999390e-02,1.812864094972610474e-02,-7.745125889778137207e-02,6.670657545328140259e-02,-5.215306952595710754e-02,7.399939745664596558e-02,-5.320688337087631226e-02,-1.557749323546886444e-02,-1.914666779339313507e-02,-1.729542762041091919e-01,-1.478228569030761719e-01,-6.949103623628616333e-02,1.097280764952301979e-04,-1.149617657065391541e-01,-1.612860150635242462e-02,1.643136143684387207e-02,3.491185232996940613e-02,1.115798205137252808e-01,-8.108978718519210815e-02,1.718147397041320801e-01,-3.912901133298873901e-02,1.445993036031723022e-01,1.436335742473602295e-01,2.095280885696411133e-01,2.569206357002258301e-01,-3.934354335069656372e-02,2.879720032215118408e-01,1.630670130252838135e-01,-1.032401099801063538e-01,-7.746798545122146606e-02,-6.074850098229944706e-04,1.348882913589477539e-01,1.699594855308532715e-01,4.949002061039209366e-03,8.544267714023590088e-02,1.469071656465530396e-01,2.796999812126159668e-01,-3.179163858294487000e-02,1.172299589961767197e-02,-3.658997267484664917e-02,3.964554890990257263e-02,1.463278681039810181e-01,1.383198499679565430e-01,1.018050163984298706e-01,1.888865977525711060e-02,2.045836746692657471e-01,1.677525490522384644e-01,1.843150705099105835e-01,2.193490508943796158e-03,1.568022370338439941e-01,1.933591812849044800e-02,-5.188265070319175720e-02,-1.386158466339111328e-01,1.650162190198898315e-01,4.084422439336776733e-02,1.549640595912933350e-01,9.292759746313095093e-02,-5.015600472688674927e-02,-9.623093158006668091e-02,2.221837192773818970e-01,5.090159177780151367e-02,5.897423624992370605e-02,3.355386480689048767e-02,-3.098521556239575148e-04,-2.749296650290489197e-02,3.539672866463661194e-02,-1.947263069450855255e-02,1.404620110988616943e-01,-2.363992389291524887e-03,1.907914727926254272e-01,7.761058956384658813e-02,3.472779318690299988e-02,-6.740018725395202637e-02,2.791712880134582520e-01,2.274969816207885742e-01,-3.183850646018981934e-02,-6.569994240999221802e-02,-1.021993439644575119e-02,-5.758572742342948914e-02,1.227512136101722717e-01,1.218384057283401489e-01
3.225823342800140381e-01,2.476710081100463867e-01,5.478577017784118652e-01,1.000000000000000000e+00,3.507045283913612366e-02,1.875615864992141724e-01,5.038431286811828613e-01,5.822371244430541992e-01,-2.959877625107765198e-02,-7.329043745994567871e-02,5.983762070536613464e-02,3.672589957714080811e-01,1.352775394916534424e-01,2.704953849315643311e-01,-1.112408116459846497e-01,4.431364685297012329e-02,2.355093657970428467e-01,2.173157036304473877e-01,1.954184770584106445e-01,1.783930212259292603e-01,1.816797703504562378e-01,2.055684328079223633e-01,7.546571642160415649e-02,2.450754344463348389e-01,1.368547081947326660e-01,3.163446187973022461e-01,2.630468904972076416e-01,2.740468680858612061e-01,1.053146943449974060e-01,2.252884209156036377e-01,2.062515765428543091e-01,2.113646119832992554e-01,1.782943308353424072e-01,1.411850750446319580e-01,4.394225776195526123e-02,4.045432060956954956e-02,1.579025201499462128e-02,-1.244184747338294983e-01,-5.273925513029098511e-02,-1.169783715158700943e-02,3.083580918610095978e-02,1.529933791607618332e-02,-8.981570601463317871e-03,2.255887165665626526e-02,-1.058588102459907532e-01,-7.575082033872604370e-02,1.182969566434621811e-02,1.649806499481201172e-01,-8.482066541910171509e-02,-7.497277110815048218e-02,-2.696639858186244965e-02,-3.066472895443439484e-02,1.116924956440925598e-01,2.414575777947902679e-02,1.485881507396697998e-01,1.506166607141494751e-01,1.944043487310409546e-01,2.799630165100097656e-01,2.579925358295440674e-01,8.021619915962219238e-02,-1.689952239394187927e-02,9.661158174276351929e-02,-2.550229255575686693e-04,1.612972021102905273e-01,-2.026593685150146484e-01,-7.660627365112304688e-02,1.603445261716842651e-01,1.771880090236663818e-01,1.256106793880462646e-01,1.769993454217910767e-01,1.873659789562225342e-01,3.237250745296478271e-01,1.522476412355899811e-02,1.353141963481903076e-01,6.087732966989278793e-03,5.163321271538734436e-02,5.435053631663322449e-02,1.878652572631835938e-01,1.705661565065383911e-01,1.053608208894729614e-01,1.179441437125205994e-01,1.981804817914962769e-01,6.529094278812408447e-02,1.804267466068267822e-01,5.250113829970359802e-02,1.209361478686332703e-01,3.162002190947532654e-02,1.100656390190124512e-01,1.100697517395019531e-01,3.636315762996673584e-01,1.091867461800575256e-01,1.796113848686218262e-01,-9.703689068555831909e-02,-5.314260348677635193e-02,5.747037008404731750e-02,8.406737446784973145e-02,1.804869621992111206e-01,2.107100486755371094e-01,6.723592430353164673e-02,2.281231880187988281e-01,7.169458270072937012e-02,7.345111668109893799e-02,6.769756972789764404e-02,1.501070410013198853e-01,2.875269651412963867e-01,2.162574678659439087e-01,-3.840896300971508026e-03,3.724629804491996765e-02,2.051919400691986084e-01,2.062835544347763062e-01,2.372885346412658691e-01,1.452887058258056641e-01,1.632231026887893677e-01,8.711086958646774292e-02,2.266704440116882324e-01,2.023367285728454590e-01
2.951433360576629639e-01,1.801385134458541870e-01,-5.888705328106880188e-02,3.507045283913612366e-02,9.999998211860656738e-01,6.920555830001831055e-01,2.722002267837524414e-01,-5.513819400221109390e-03,7.529456019401550293e-01,4.120909571647644043e-01,1.424238681793212891e-01,3.210235834121704102e-01,5.992130562663078308e-02,8.723401278257369995e-02,3.102433383464813232e-01,3.359729647636413574e-01,1.351689994335174561e-01,1.256364583969116211e-01,-2.256888663396239281e-03,1.741610318422317505e-01,1.763140559196472168e-01,1.447371393442153931e-01,-6.468794494867324829e-02,1.436726897954940796e-01,7.509471178054809570e-01,6.053239703178405762e-01,6.894266605377197266e-01,6.415442824363708496e-01,7.983598113059997559e-02,-3.098665364086627960e-02,2.073082774877548218e-01,1.975064575672149658e-01,8.201747201383113861e-03,-2.701602689921855927e-02,-2.504449151456356049e-02,4.741365090012550354e-02,1.435557156801223755e-01,3.437183424830436707e-02,-2.046343311667442322e-02,7.195033598691225052e-03,-7.721552997827529907e-02,-1.530494391918182373e-01,9.011754393577575684e-02,1.681537479162216187e-01,2.255676239728927612e-01,8.720717579126358032e-02,4.726056009531021118e-02,8.556698262691497803e-02,1.621304303407669067e-01,1.459687203168869019e-01,9.098184108734130859e-02,1.681037694215774536e-01,2.587808109819889069e-02,-3.585876896977424622e-02,-1.571344882249832153e-01,-1.712073534727096558e-01,2.024738490581512451e-01,1.386240720748901367e-01,1.936171054840087891e-01,2.790917754173278809e-01,8.250359445810317993e-03,6.811128556728363037e-02,-1.142585128545761108e-01,4.434963315725326538e-02,-1.499321609735488892e-01,2.250116169452667236e-01,1.572205126285552979e-02,1.037720590829849243e-01,-1.236747652292251587e-01,-1.062280163168907166e-01,-2.050480060279369354e-02,6.023574620485305786e-02,5.953402817249298096e-02,5.224678292870521545e-02,-6.576523929834365845e-02,-1.154453307390213013e-01,-1.259550917893648148e-02,7.809477299451828003e-02,1.507286280393600464e-01,8.185603469610214233e-02,9.482561051845550537e-02,1.380450576543807983e-01,5.157817006111145020e-01,1.334387958049774170e-01,2.758646309375762939e-01,3.043010532855987549e-01,2.757689654827117920e-01,3.536311388015747070e-01,2.238591909408569336e-01,2.978552877902984619e-01,-2.773433327674865723e-01,-3.282031714916229248e-01,-3.657991290092468262e-01,-9.673792123794555664e-02,-2.009668797254562378e-01,4.565253481268882751e-02,1.859207749366760254e-01,1.745671778917312622e-01,1.065040975809097290e-01,2.775793336331844330e-02,1.223617494106292725e-01,2.164980918169021606e-01,1.680387258529663086e-01,3.260452151298522949e-01,4.583666920661926270e-01,4.108778536319732666e-01,1.762620508670806885e-01,3.390710353851318359e-01,5.304088443517684937e-02,-2.374736368656158447e-01,3.097095489501953125e-01,2.967126965522766113e-01,1.840137504041194916e-02,3.938337266445159912e-01,3.450965881347656250e-01,2.262806445360183716e-01
2.579566538333892822e-01,1.624005287885665894e-01,-7.044165581464767456e-02,1.875615864992141724e-01,6.920555830001831055e-01,1.000000238418579102e+00,1.895724236965179443e-01,2.131852656602859497e-01,5.213747024536132812e-01,5.771377682685852051e-01,1.886404119431972504e-02,3.825957775115966797e-01,-6.238977983593940735e-02,2.789222598075866699e-01,1.672559380531311035e-01,4.629753232002258301e-01,1.419756859540939331e-01,1.978366076946258545e-01,-1.549360342323780060e-02,1.326256543397903442e-01,1.366349160671234131e-01,1.246479675173759460e-01,-1.031976118683815002e-01,1.211492940783500671e-01,7.126801013946533203e-01,6.593019366264343262e-01,6.315204501152038574e-01,6.898764967918395996e-01,9.690348058938980103e-02,8.986508846282958984e-02,1.345374584197998047e-01,1.757683157920837402e-01,5.931307096034288406e-03,-4.249722510576248169e-02,3.281363472342491150e-02,1.063525453209877014e-01,1.406860053539276123e-01,-1.472655404359102249e-02,-6.775300949811935425e-02,-6.592261604964733124e-03,-1.539413910359144211e-02,-6.711009144783020020e-02,6.334245949983596802e-02,1.009923964738845825e-01,1.913938224315643311e-01,3.950024396181106567e-02,5.545841902494430542e-02,1.283563226461410522e-01,1.225811466574668884e-01,1.015357375144958496e-01,4.001661762595176697e-02,1.246332749724388123e-01,1.781957596540451050e-02,4.893168341368436813e-03,-1.187640503048896790e-01,-4.599852953106164932e-03,1.619670242071151733e-01,1.999551355838775635e-01,2.520741224288940430e-01,1.649010628461837769e-01,1.455769408494234085e-02,-2.931594662368297577e-02,-1.072155237197875977e-01,1.043068766593933105e-01,-1.813400238752365112e-01,1.503209173679351807e-01,9.878111630678176880e-02,1.517256051301956177e-01,-8.822133392095565796e-02,-1.099779084324836731e-01,6.026627030223608017e-03,1.732863038778305054e-01,9.617365151643753052e-02,1.320752203464508057e-01,-1.506277732551097870e-02,-4.769781231880187988e-02,-5.296811927109956741e-03,1.213507205247879028e-01,1.667024791240692139e-01,1.188755929470062256e-01,1.635727286338806152e-02,2.092189788818359375e-01,3.309858739376068115e-01,2.990359067916870117e-01,7.528478652238845825e-02,2.295337021350860596e-01,2.589277327060699463e-01,4.679383933544158936e-01,6.816023588180541992e-02,3.367760181427001953e-01,-2.517192661762237549e-01,-1.855144351720809937e-01,-3.729126751422882080e-01,-1.485111564397811890e-01,-2.019081264734268188e-01,-6.320025026798248291e-02,1.349918246269226074e-01,2.293606251478195190e-01,-4.779793787747621536e-03,9.653119742870330811e-02,4.431967064738273621e-02,1.600715965032577515e-01,6.796923279762268066e-02,3.140932023525238037e-01,4.514989554882049561e-01,4.191203117370605469e-01,1.052732542157173157e-01,2.976121008396148682e-01,3.649467602372169495e-02,-1.209587380290031433e-01,4.018785357475280762e-01,2.524136006832122803e-01,8.132286369800567627e-03,2.991027235984802246e-01,3.114953935146331787e-01,2.077136337757110596e-01
4.271826446056365967e-01,3.462336957454681396e-01,6.380062699317932129e-01,5.038431286811828613e-01,2.722002267837524414e-01,1.895724236965179443e-01,1.000000119209289551e+00,4.500990509986877441e-01,2.234823852777481079e-01,-4.970875754952430725e-02,3.272016346454620361e-01,4.548420011997222900e-01,4.162138402462005615e-01,2.427222579717636108e-01,1.093061417341232300e-01,9.894441068172454834e-02,3.054260611534118652e-01,2.382654398679733276e-01,1.377790719270706177e-01,5.076008662581443787e-02,2.048770636320114136e-01,2.167673856019973755e-01,1.554454565048217773e-01,2.433709502220153809e-01,2.828390300273895264e-01,3.271085619926452637e-01,3.677998483180999756e-01,3.275465965270996094e-01,2.595063447952270508e-01,2.013096809387207031e-01,3.053287565708160400e-01,2.079891562461853027e-01,2.474396079778671265e-01,1.504964828491210938e-01,1.101817414164543152e-01,1.314633041620254517e-01,1.499186307191848755e-01,1.974849961698055267e-02,6.812407076358795166e-02,5.094360560178756714e-02,-4.223074764013290405e-03,-1.307159662246704102e-01,1.233306005597114563e-01,1.856297999620437622e-01,-1.946217007935047150e-02,-2.227702736854553223e-02,1.020912230014801025e-01,1.805554926395416260e-01,-7.690057624131441116e-03,2.705605141818523407e-02,1.213537752628326416e-01,1.145496815443038940e-01,2.237457036972045898e-01,-6.287394464015960693e-02,1.083025932312011719e-01,-4.996534436941146851e-02,3.185684084892272949e-01,3.271353542804718018e-01,2.348145097494125366e-01,3.719775676727294922e-01,-4.159487038850784302e-02,3.445178866386413574e-01,-7.860314100980758667e-03,-8.136114478111267090e-02,-1.350823789834976196e-01,4.662511870265007019e-02,2.910780608654022217e-01,3.380266427993774414e-01,1.774633489549160004e-02,1.659067273139953613e-01,2.617577016353607178e-01,3.194989264011383057e-01,6.402752548456192017e-02,1.896114647388458252e-01,1.038543879985809326e-01,1.062720492482185364e-01,1.857745647430419922e-01,2.403116822242736816e-01,2.644724547863006592e-01,2.089303284883499146e-01,3.264592885971069336e-01,2.578677237033843994e-01,3.184334933757781982e-01,9.344400465488433838e-02,3.373205363750457764e-01,2.569367289543151855e-01,6.921361386775970459e-02,6.572259217500686646e-02,2.794470787048339844e-01,2.370294779539108276e-01,7.155615836381912231e-02,-4.112485423684120178e-02,-1.105327382683753967e-01,-6.192391738295555115e-02,1.786380112171173096e-01,2.014109492301940918e-01,2.550202310085296631e-01,1.813758611679077148e-01,1.470576375722885132e-01,9.761411696672439575e-02,1.757829338312149048e-01,1.746633201837539673e-01,2.595601975917816162e-01,2.366796284914016724e-01,3.574069142341613770e-01,2.332254946231842041e-01,1.081648394465446472e-01,9.101907163858413696e-02,2.555235028266906738e-01,1.983754336833953857e-01,2.019022703170776367e-01,1.089322194457054138e-01,5.166982114315032959e-02,1.880305260419845581e-01,2.875936329364776611e-01,3.341543376445770264e-01
3.206169605255126953e-01,2.445561140775680542e-01,4.064113199710845947e-01,5.822371244430541992e-01,-5.513819400221109390e-03,2.131852656602859497e-01,4.500990509986877441e-01,9.999997615814208984e-01,-2.370389252901077271e-01,-1.274821162223815918e-01,-8.750922977924346924e-02,3.251242339611053467e-01,5.540033429861068726e-02,4.629866182804107666e-01,-2.610763311386108398e-01,-4.776317626237869263e-02,2.226007878780364990e-01,1.358163356781005859e-01,1.071148514747619629e-01,-6.710284203290939331e-02,4.455273598432540894e-02,1.665791124105453491e-01,1.678658574819564819e-01,2.688566148281097412e-01,1.103117763996124268e-01,2.583146393299102783e-01,2.432188242673873901e-01,3.310799598693847656e-01,4.993485752493143082e-03,1.832441836595535278e-01,1.380986869335174561e-01,1.636438667774200439e-01,1.954377889633178711e-01,1.452520340681076050e-01,5.821914970874786377e-02,3.190220147371292114e-02,5.475162342190742493e-02,-1.320801675319671631e-01,1.525429636240005493e-02,3.335586190223693848e-02,1.332653313875198364e-01,1.810132116079330444e-01,-2.830644138157367706e-02,-1.591228507459163666e-02,-8.897390961647033691e-02,-9.557328373193740845e-02,-2.907280810177326202e-02,9.438563883304595947e-02,-1.149287968873977661e-01,-1.024005413055419922e-01,-6.172730401158332825e-02,-4.085111990571022034e-02,2.078048586845397949e-01,-3.772902116179466248e-02,2.478236705064773560e-01,3.089905381202697754e-01,2.380424737930297852e-01,2.866016626358032227e-01,4.537683427333831787e-01,7.500600814819335938e-02,1.385647058486938477e-01,5.081456899642944336e-02,1.691899262368679047e-02,2.583400011062622070e-01,-1.808028072118759155e-01,-1.575710177421569824e-01,3.768899142742156982e-01,1.819379627704620361e-01,1.271129399538040161e-01,1.051527336239814758e-01,2.205626368522644043e-01,3.554731607437133789e-01,-8.961502462625503540e-03,1.277320981025695801e-01,4.880166798830032349e-02,1.565436422824859619e-01,2.135890424251556396e-01,3.150294125080108643e-01,1.503039747476577759e-01,-3.924223594367504120e-03,2.392354048788547516e-02,1.778323948383331299e-01,1.578067690134048462e-01,3.267458975315093994e-01,-8.387173712253570557e-02,6.340569257736206055e-02,2.178978621959686279e-01,2.577066719532012939e-01,1.736066192388534546e-01,3.894500136375427246e-01,2.426152974367141724e-01,2.876333296298980713e-01,-4.171808063983917236e-02,-6.336984038352966309e-02,2.160426527261734009e-01,6.082467362284660339e-02,1.920659989118576050e-01,2.869666814804077148e-01,-7.193316519260406494e-02,1.640447676181793213e-01,1.318084597587585449e-01,5.118525121361017227e-03,7.538908720016479492e-02,1.147477105259895325e-01,1.377966105937957764e-01,1.096863374114036560e-01,-4.134650155901908875e-02,1.791269332170486450e-02,1.968013346195220947e-01,2.630322277545928955e-01,2.777911722660064697e-01,1.067319288849830627e-01,1.190197467803955078e-01,-1.571235358715057373e-01,4.480772092938423157e-02,1.721013039350509644e-01
2.236667275428771973e-01,1.226871386170387268e-01,-4.965117201209068298e-02,-2.959877625107765198e-02,7.529456019401550293e-01,5.213747024536132812e-01,2.234823852777481079e-01,-2.370389252901077271e-01,9.999997615814208984e-01,4.850998520851135254e-01,3.220335841178894043e-01,2.654292881488800049e-01,2.226574271917343140e-01,-5.976182408630847931e-03,5.645897984504699707e-01,4.777863323688507080e-01,1.959856152534484863e-01,1.507507413625717163e-01,3.596472740173339844e-02,2.347223907709121704e-01,3.067477643489837646e-01,1.744755357503890991e-01,-1.514209806919097900e-01,-1.236260216683149338e-02,5.632817149162292480e-01,4.103121161460876465e-01,5.081034898757934570e-01,4.179136455059051514e-01,2.513219118118286133e-01,7.807260751724243164e-02,1.730166971683502197e-01,1.116279959678649902e-01,-2.859854325652122498e-02,-7.636588066816329956e-02,-7.345744967460632324e-02,9.352952474728226662e-04,1.538439244031906128e-01,6.072939187288284302e-02,5.573832243680953979e-02,-1.115501043386757374e-03,-7.031638920307159424e-02,-2.397632002830505371e-01,1.480199843645095825e-01,2.061705291271209717e-01,2.426709681749343872e-01,1.218403428792953491e-01,1.326677650213241577e-01,1.081427410244941711e-01,1.829329729080200195e-01,1.723396331071853638e-01,1.625698655843734741e-01,2.297775298357009888e-01,-1.150029525160789490e-02,-2.494486980140209198e-02,-1.075213178992271423e-01,-2.000599950551986694e-01,1.738996207714080811e-01,1.477028578519821167e-01,-3.948082029819488525e-02,2.169952541589736938e-01,-3.001421100634615868e-05,1.760874688625335693e-01,-4.907960072159767151e-02,-7.529180496931076050e-02,-5.012533161789178848e-03,2.510730326175689697e-01,-8.548142015933990479e-02,1.396994143724441528e-01,-1.087915450334548950e-01,-1.178509816527366638e-01,3.122837096452713013e-02,5.797104164958000183e-02,1.224398016929626465e-01,7.885443419218063354e-02,-8.355174213647842407e-03,-1.485929191112518311e-01,1.594748347997665405e-03,3.303364291787147522e-02,1.448428332805633545e-01,6.850609183311462402e-02,2.450372427701950073e-01,1.996583342552185059e-01,4.737978577613830566e-01,9.735447913408279419e-02,4.282408058643341064e-01,3.386387526988983154e-01,1.294199079275131226e-01,2.219511866569519043e-01,2.922821342945098877e-01,1.893374919891357422e-01,-2.023225575685501099e-01,-2.983024120330810547e-01,-2.355708777904510498e-01,1.254544593393802643e-02,-2.028930932283401489e-01,4.868896678090095520e-02,1.245363503694534302e-01,1.747857779264450073e-02,2.474642395973205566e-01,1.056526452302932739e-01,1.861606687307357788e-01,3.154327273368835449e-01,3.004547357559204102e-01,3.796530365943908691e-01,4.902919232845306396e-01,4.116994440555572510e-01,2.122285515069961548e-01,3.316612243652343750e-01,3.609118238091468811e-02,-2.414050549268722534e-01,8.069890737533569336e-02,9.641158580780029297e-02,-4.195706546306610107e-02,4.445716142654418945e-01,4.231058657169342041e-01,2.501655519008636475e-01
1.900350488722324371e-02,-3.128802031278610229e-02,-2.164924144744873047e-01,-7.329043745994567871e-02,4.120909571647644043e-01,5.771377682685852051e-01,-4.970875754952430725e-02,-1.274821162223815918e-01,4.850998520851135254e-01,9.999997615814208984e-01,7.438137382268905640e-02,1.982857584953308105e-01,3.514570742845535278e-02,1.430085003376007080e-01,3.694634437561035156e-01,6.957809329032897949e-01,1.434130128473043442e-02,9.111657738685607910e-02,2.437085658311843872e-02,1.911386698484420776e-01,1.221430748701095581e-01,7.520550489425659180e-02,-3.455997705459594727e-01,-2.640629410743713379e-01,3.112362325191497803e-01,2.083986848592758179e-01,2.026176601648330688e-01,2.704553008079528809e-01,1.921859979629516602e-01,2.159406989812850952e-01,-1.687532961368560791e-01,-1.231871172785758972e-01,-7.989823073148727417e-02,-1.588886976242065430e-01,-3.915012255311012268e-02,4.232453927397727966e-02,1.010810583829879761e-01,5.063214898109436035e-02,8.904363214969635010e-02,3.731304034590721130e-02,3.358975797891616821e-02,-9.258229285478591919e-02,-6.455558538436889648e-02,-8.151053637266159058e-02,9.678836911916732788e-02,-4.905252531170845032e-02,2.497518900781869888e-03,-5.199310183525085449e-02,1.022241935133934021e-01,2.168960124254226685e-02,-4.350513592362403870e-02,7.179081905633211136e-03,-1.204883307218551636e-01,1.297438591718673706e-01,2.545058727264404297e-02,1.130108758807182312e-01,1.600925996899604797e-02,4.466145485639572144e-02,-9.317193925380706787e-02,-7.841420173645019531e-02,1.501158475875854492e-01,-8.134342730045318604e-02,7.210469245910644531e-02,3.885323926806449890e-02,9.439893811941146851e-02,1.013359576463699341e-01,-1.864105612039566040e-01,5.706992466002702713e-03,-1.158004701137542725e-01,-2.026488929986953735e-01,3.994360193610191345e-02,7.623548805713653564e-02,1.125842258334159851e-01,9.579001367092132568e-02,6.964159756898880005e-02,-7.401583343744277954e-02,-1.044495925307273865e-01,-8.324616588652133942e-03,-3.938086703419685364e-02,6.388679146766662598e-02,3.328318893909454346e-02,1.511399596929550171e-01,2.555684149265289307e-01,4.347012341022491455e-01,9.668371826410293579e-02,1.195397302508354187e-01,1.692988425493240356e-01,4.353960156440734863e-01,1.126449555158615112e-01,1.664995551109313965e-01,-3.837461397051811218e-02,3.334573656320571899e-02,-4.921086877584457397e-02,1.376760005950927734e-01,-2.457116246223449707e-01,-1.365853697061538696e-01,-7.218977808952331543e-02,-7.055130600929260254e-02,1.175031736493110657e-01,2.179352492094039917e-01,1.492269188165664673e-01,2.387828230857849121e-01,1.024673953652381897e-01,2.224246561527252197e-01,3.278584182262420654e-01,2.785776257514953613e-01,7.835366576910018921e-02,3.001893758773803711e-01,-9.475848823785781860e-02,-1.273359507322311401e-01,2.262531593441963196e-02,-3.500933200120925903e-02,1.402438059449195862e-02,2.091868966817855835e-01,2.834028601646423340e-01,1.008767485618591309e-01
2.160760611295700073e-01,1.048566326498985291e-01,2.513721585273742676e-01,5.983762070536613464e-02,1.424238681793212891e-01,1.886404119431972504e-02,3.272016346454620361e-01,-8.750922977924346924e-02,3.220335841178894043e-01,7.438137382268905640e-02,9.999997019767761230e-01,3.310647010803222656e-01,6.419544219970703125e-01,2.299996912479400635e-01,3.618816733360290527e-01,1.738253831863403320e-01,5.656544566154479980e-01,4.746618568897247314e-01,-5.082720518112182617e-02,-1.146069029346108437e-03,1.575376987457275391e-01,9.272347390651702881e-02,1.052019149065017700e-01,7.777341455221176147e-02,7.290020585060119629e-02,8.187773823738098145e-02,1.465243548154830933e-01,9.065327048301696777e-02,6.164047718048095703e-01,2.359035909175872803e-01,1.115633845329284668e-01,-1.642915606498718262e-02,6.911820918321609497e-02,1.988735795021057129e-02,1.579893752932548523e-03,7.996844500303268433e-02,1.813929527997970581e-01,1.617963984608650208e-02,6.394157558679580688e-02,-1.815475672483444214e-01,-1.130741238594055176e-01,-2.959247529506683350e-01,5.471497029066085815e-02,7.858236134052276611e-02,1.596170961856842041e-01,1.147796399891376495e-02,4.399563372135162354e-02,-2.994310855865478516e-02,1.524029225111007690e-01,1.037917286157608032e-01,1.395899802446365356e-01,1.784766465425491333e-01,-6.712538003921508789e-02,-1.535722017288208008e-01,1.043848041445016861e-02,-2.476865053176879883e-01,2.884243130683898926e-01,1.638333052396774292e-01,-2.540472196415066719e-03,2.219893634319305420e-01,3.397401794791221619e-02,2.617006301879882812e-01,2.452625632286071777e-01,-1.522839516401290894e-01,1.824273467063903809e-01,1.082132980227470398e-01,1.155970618128776550e-01,2.452820539474487305e-01,1.820444315671920776e-02,6.587356328964233398e-02,2.665782533586025238e-02,1.233355700969696045e-01,3.184377029538154602e-02,-6.666754186153411865e-02,-5.256184190511703491e-02,-8.383725583553314209e-02,1.748864948749542236e-01,7.379695773124694824e-02,4.898400306701660156e-01,3.795233964920043945e-01,6.801128983497619629e-01,4.230191707611083984e-01,2.223763912916183472e-01,-1.099403426051139832e-01,6.201524138450622559e-01,3.915821313858032227e-01,-1.182447746396064758e-01,-1.950189769268035889e-01,2.835568487644195557e-01,-1.741176284849643707e-02,-9.794410318136215210e-02,-2.094364166259765625e-01,-1.893611252307891846e-01,-1.188217177987098694e-01,7.712449878454208374e-02,9.964444488286972046e-02,6.937699019908905029e-02,-9.561245143413543701e-02,1.306859701871871948e-01,-9.316813200712203979e-02,8.538461476564407349e-02,1.333251744508743286e-01,3.593842983245849609e-01,1.641492247581481934e-01,3.080619275569915771e-01,2.425792813301086426e-01,3.372064232826232910e-01,1.325696855783462524e-01,6.254514306783676147e-02,3.247132524847984314e-03,-1.346901208162307739e-01,-1.926171779632568359e-01,-1.910793632268905640e-01,2.277220636606216431e-01,3.318667113780975342e-01,2.575474679470062256e-01
5.111185908317565918e-01,4.750788509845733643e-01,1.517687290906906128e-01,3.672589957714080811e-01,3.210235834121704102e-01,3.825957775115966797e-01,4.548420011997222900e-01,3.251242339611053467e-01,2.654292881488800049e-01,1.982857584953308105e-01,3.310647010803222656e-01,1.000000238418579102e+00,1.506520807743072510e-01,4.837721586227416992e-01,6.464237719774246216e-02,2.700133621692657471e-01,3.006350100040435791e-01,5.329680442810058594e-01,1.881438791751861572e-01,2.477267533540725708e-01,2.400784641504287720e-01,2.145504504442214966e-01,-1.187384277582168579e-01,5.899950489401817322e-02,3.715735077857971191e-01,4.206234812736511230e-01,3.914966583251953125e-01,3.792479038238525391e-01,2.287029772996902466e-01,3.333785533905029297e-01,1.190848648548126221e-01,1.156482920050621033e-01,1.874612122774124146e-01,9.241492301225662231e-02,8.447966724634170532e-02,1.848168224096298218e-01,4.330921918153762817e-02,1.101656556129455566e-01,-7.449004054069519043e-02,1.597469300031661987e-01,-8.656980842351913452e-02,1.529435720294713974e-02,6.134866550564765930e-02,1.712561547756195068e-01,1.338497996330261230e-01,1.060939803719520569e-01,6.594521552324295044e-02,1.196358278393745422e-01,1.121658384799957275e-01,1.016817167401313782e-01,8.861302584409713745e-02,1.486797183752059937e-01,5.183384194970130920e-02,-9.805423766374588013e-02,-4.360380768775939941e-02,-6.101605296134948730e-02,3.578431308269500732e-01,4.171296656131744385e-01,1.391013413667678833e-01,2.012505680322647095e-01,-2.504211617633700371e-03,2.017344981431961060e-01,-1.209576055407524109e-01,7.315146178007125854e-02,-1.651601195335388184e-01,6.209445372223854065e-02,2.542348206043243408e-01,3.137011826038360596e-01,8.446465432643890381e-02,1.452830135822296143e-01,1.844884604215621948e-01,2.964777350425720215e-01,1.346701532602310181e-01,3.551340401172637939e-01,1.316925436258316040e-01,2.379921227693557739e-01,1.236315444111824036e-01,2.437402904033660889e-01,3.076331615447998047e-01,3.281612396240234375e-01,3.284595608711242676e-01,4.989958703517913818e-01,1.563438624143600464e-01,1.988062560558319092e-01,2.761574089527130127e-01,4.367902576923370361e-01,5.872913450002670288e-02,2.043718546628952026e-01,1.402918845415115356e-01,3.705744445323944092e-01,-1.251161992549896240e-01,-1.464546620845794678e-01,-3.063971102237701416e-01,-1.759926825761795044e-01,3.648900985717773438e-02,8.199458569288253784e-02,1.798763126134872437e-01,1.681965887546539307e-01,4.879022017121315002e-02,9.764637053012847900e-02,1.115094572305679321e-01,2.571151256561279297e-01,2.633202373981475830e-01,3.722716271877288818e-01,4.340744614601135254e-01,4.000352621078491211e-01,1.044375672936439514e-01,1.857594251632690430e-01,1.533317416906356812e-01,1.144762337207794189e-01,2.708822786808013916e-01,9.666204452514648438e-02,-4.594432562589645386e-02,2.573622167110443115e-01,3.518208861351013184e-01,3.772512078285217285e-01
5.415075644850730896e-02,-4.270216077566146851e-02,4.393936097621917725e-01,1.352775394916534424e-01,5.992130562663078308e-02,-6.238977983593940735e-02,4.162138402462005615e-01,5.540033429861068726e-02,2.226574271917343140e-01,3.514570742845535278e-02,6.419544219970703125e-01,1.506520807743072510e-01,1.000000357627868652e+00,2.259334772825241089e-01,4.514819383621215820e-01,2.063561528921127319e-01,3.784318864345550537e-01,2.310989499092102051e-01,-5.193680152297019958e-02,-3.203440830111503601e-02,1.788151413202285767e-01,6.901677697896957397e-02,7.685691863298416138e-02,1.283447607420384884e-03,-4.610649868845939636e-02,-6.496903300285339355e-02,5.713564157485961914e-02,-1.474020816385746002e-02,5.474680662155151367e-01,4.027935266494750977e-01,1.303649544715881348e-01,-3.010270011145621538e-04,1.361241638660430908e-01,1.083428487181663513e-01,-5.905364453792572021e-02,-2.117405831813812256e-02,1.333129703998565674e-01,9.668932855129241943e-02,1.360691487789154053e-01,-6.429376453161239624e-02,7.426508516073226929e-02,-1.756450682878494263e-01,-2.286415174603462219e-02,-1.291870139539241791e-02,4.340115934610366821e-02,-7.501734048128128052e-02,-6.571923941373825073e-02,-8.273631334304809570e-02,5.669315159320831299e-02,4.122180119156837463e-02,-7.299188524484634399e-03,5.103097856044769287e-02,-7.105836411938071251e-04,-1.792787201702594757e-02,2.253676801919937134e-01,2.234207838773727417e-02,1.452143937349319458e-01,1.200832203030586243e-01,3.721817582845687866e-02,1.890085786581039429e-01,7.142848521471023560e-02,2.941532731056213379e-01,2.689998149871826172e-01,-8.496123552322387695e-02,1.235934346914291382e-01,-2.483845455572009087e-03,8.437024801969528198e-02,2.306178808212280273e-01,-7.490814197808504105e-03,5.548231303691864014e-02,1.881815493106842041e-01,1.989342868328094482e-01,1.045556515455245972e-01,4.741924628615379333e-02,1.264052391052246094e-01,1.380112487822771072e-02,1.926645338535308838e-01,9.246399998664855957e-02,2.369437664747238159e-01,1.452538073062896729e-01,4.857747852802276611e-01,3.138393461704254150e-01,4.000289142131805420e-01,1.133505776524543762e-01,4.925130903720855713e-01,2.054318338632583618e-01,1.436657831072807312e-02,-2.236479334533214569e-02,4.063851535320281982e-01,5.433066189289093018e-02,1.926034837961196899e-01,8.269319683313369751e-02,-1.299327472224831581e-03,2.066238969564437866e-02,6.537058204412460327e-02,7.407020777463912964e-02,6.680380087345838547e-03,-1.747589409351348877e-01,2.115022540092468262e-01,6.825999170541763306e-02,1.996698826551437378e-01,1.463525742292404175e-01,3.486734628677368164e-01,1.373074054718017578e-01,2.603466212749481201e-01,1.249934211373329163e-01,1.849049478769302368e-01,9.349049627780914307e-02,4.656114056706428528e-02,4.462078213691711426e-02,-2.464378327131271362e-01,-2.750706672668457031e-01,-6.437815725803375244e-02,6.400639563798904419e-02,2.726480364799499512e-01,1.124756038188934326e-01
