1.000000000000000000e+00,5.398189425468444824e-01,4.692428708076477051e-01,5.388960838317871094e-01,-8.015830069780349731e-02,1.422877758741378784e-01,4.775953292846679688e-01,4.738648831844329834e-01,2.360825389623641968e-01,3.422528803348541260e-01,4.678272008895874023e-01,3.910518884658813477e-01,4.014883637428283691e-01,2.838425338268280029e-01,1.515548974275588989e-01,1.040826290845870972e-01,4.078576266765594482e-01,2.547073066234588623e-01,4.832265377044677734e-01,5.247787237167358398e-01,8.624822646379470825e-02,2.437289506196975708e-01,3.029784932732582092e-02,3.050839602947235107e-01,1.389081776142120361e-01,6.562649458646774292e-02,1.653975397348403931e-01,5.109626054763793945e-02,2.512359619140625000e-01,2.343074232339859009e-01,7.291554659605026245e-02,2.637172043323516846e-01,5.162038207054138184e-01,5.018961429595947266e-01,1.263570338487625122e-01,3.952311724424362183e-02,4.137172996997833252e-01,3.900890052318572998e-01,1.794062703847885132e-01,3.808136880397796631e-01,2.161284089088439941e-01,2.719418108463287354e-01,1.627463400363922119e-01,1.477047204971313477e-01,3.367793858051300049e-01,3.461880683898925781e-01,1.574437171220779419e-01,1.314232498407363892e-01,2.792363464832305908e-01,4.201562702655792236e-01,3.433576524257659912e-01,3.559481799602508545e-01,2.829486429691314697e-01,2.515494227409362793e-01,2.083989679813385010e-01,2.336441911756992340e-02,6.600048542022705078e-01,5.254011750221252441e-01,4.212781786918640137e-01,3.908819258213043213e-01,5.519412755966186523e-01,4.526573419570922852e-01,3.797675371170043945e-01,2.600425779819488525e-01,3.852330744266510010e-01,3.981432318687438965e-01,4.375757575035095215e-01,4.229825437068939209e-01,5.818840861320495605e-01,5.186892747879028320e-01,1.840299665927886963e-01,1.336705982685089111e-01,5.327411368489265442e-02,3.313719630241394043e-01,9.037147462368011475e-02,7.222866266965866089e-02,2.245590537786483765e-01,1.527577638626098633e-01,2.360669523477554321e-01,1.363610327243804932e-01,4.064526855945587158e-01,2.750871479511260986e-01,3.177047148346900940e-02,2.483077496290206909e-01,4.509006440639495850e-01,3.939003050327301025e-01,-1.221338938921689987e-02,1.015929058194160461e-01,2.567036449909210205e-01,1.237026229500770569e-01,2.275143116712570190e-01,2.270455956459045410e-01,1.601565480232238770e-01,4.160930961370468140e-02,-1.818640530109405518e-01,-1.262114383280277252e-02,6.956499069929122925e-02,7.846180349588394165e-02,2.112918198108673096e-01,3.121310174465179443e-01,-2.811532840132713318e-02,-2.544907387346029282e-03,4.001582413911819458e-02,2.227755077183246613e-02,1.868903934955596924e-01,1.622188985347747803e-01,2.339181303977966309e-02,1.000444516539573669e-01,-1.566925793886184692e-01,-1.177689209580421448e-01,5.802273005247116089e-02,7.546027749776840210e-02,2.540904581546783447e-01,4.527020752429962158e-01,1.688257604837417603e-01,-4.167788475751876831e-02
5.398189425468444824e-01,1.000000238418579102e+00,1.803938299417495728e-01,3.265817463397979736e-01,2.791257575154304504e-02,2.166571170091629028e-01,2.372636049985885620e-01,2.940954267978668213e-01,3.856815397739410400e-01,2.213466465473175049e-01,2.982342243194580078e-01,4.961335062980651855e-01,2.678518593311309814e-01,3.711231648921966553e-01,1.275735050439834595e-01,9.477891027927398682e-02,2.048925161361694336e-01,4.445677995681762695e-01,1.205460056662559509e-01,2.186580598354339600e-01,1.547645330429077148e-01,2.471674531698226929e-01,2.185407793149352074e-03,2.799244523048400879e-01,2.946305871009826660e-01,1.951946616172790527e-01,1.994167417287826538e-01,2.101878076791763306e-01,1.689703315496444702e-01,5.298447236418724060e-02,7.959651201963424683e-02,1.717392057180404663e-01,3.968099355697631836e-01,4.956817626953125000e-01,1.190895289182662964e-01,-5.929045006632804871e-02,2.278636395931243896e-01,2.306668758392333984e-01,2.759591490030288696e-02,1.846567243337631226e-01,3.211800009012222290e-02,3.602976724505424500e-02,3.310716450214385986e-01,3.486038446426391602e-01,3.078082799911499023e-01,5.076676607131958008e-01,1.915040761232376099e-01,2.114937007427215576e-01,3.652662336826324463e-01,5.154390335083007812e-01,4.513783454895019531e-01,6.609684228897094727e-01,2.599271535873413086e-01,3.040486872196197510e-01,3.185809403657913208e-02,-4.804987832903862000e-02,6.117047667503356934e-01,7.029104828834533691e-01,1.356658339500427246e-01,1.109241992235183716e-01,2.076006531715393066e-01,2.027809917926788330e-01,1.566245406866073608e-01,1.377286314964294434e-01,7.033903151750564575e-02,1.126173883676528931e-01,1.678304672241210938e-01,1.987659782171249390e-01,4.789037704467773438e-01,5.039860010147094727e-01,-9.141483157873153687e-02,-7.180206477642059326e-02,9.143253415822982788e-02,2.263512909412384033e-01,1.194036193192005157e-02,9.237705916166305542e-02,1.697847247123718262e-01,2.881566286087036133e-01,8.945735543966293335e-02,1.130195185542106628e-01,1.332560628652572632e-01,1.193905323743820190e-01,8.913087658584117889e-03,5.066976547241210938e-01,2.113061845302581787e-01,4.641926586627960205e-01,-2.081293845549225807e-03,3.297178745269775391e-01,1.356819570064544678e-01,3.199790716171264648e-01,3.025504350662231445e-01,5.454074740409851074e-01,3.241006731986999512e-01,4.358766376972198486e-01,-1.915068775415420532e-01,-3.400293365120887756e-02,-2.410650812089443207e-02,-9.411219507455825806e-02,8.255165815353393555e-02,2.775187492370605469e-01,6.860003620386123657e-02,4.115797281265258789e-01,1.276064515113830566e-01,3.420151174068450928e-01,2.307109385728836060e-01,3.435688614845275879e-01,9.092136472463607788e-02,2.836463451385498047e-01,-2.577498853206634521e-01,-3.152294456958770752e-01,-1.145794540643692017e-01,1.141399443149566650e-01,2.052208036184310913e-01,3.581933677196502686e-01,1.743843108415603638e-01,3.388763219118118286e-02
4.692428708076477051e-01,1.803938299417495728e-01,9.999997615814208984e-01,7.834612131118774414e-01,5.015916749835014343e-02,3.868685290217399597e-02,8.184940814971923828e-01,6.622802019119262695e-01,2.307170480489730835e-01,1.335605233907699585e-01,4.535673856735229492e-01,7.258172333240509033e-02,6.214430928230285645e-01,1.127882674336433411e-01,2.040888965129852295e-01,-1.250912155956029892e-02,4.768569171428680420e-01,4.671396687626838684e-02,5.128387808799743652e-01,5.973979830741882324e-01,1.345395296812057495e-01,1.510649025440216064e-01,4.200667142868041992e-01,6.028966307640075684e-01,1.671064198017120361e-01,7.173480838537216187e-02,1.579514741897583008e-01,4.819076508283615112e-02,4.196923375129699707e-01,3.374719917774200439e-01,3.253449499607086182e-01,4.265504777431488037e-01,3.856557011604309082e-01,4.687177240848541260e-01,6.003793329000473022e-02,-1.840228028595447540e-02,4.335578382015228271e-01,3.065490424633026123e-01,2.064953446388244629e-01,2.722304761409759521e-01,3.511814177036285400e-01,3.292645215988159180e-01,-7.167495787143707275e-02,1.556593477725982666e-01,4.053938016295433044e-02,1.860161572694778442e-01,-8.875987678766250610e-02,-7.765587419271469116e-02,5.235930159687995911e-02,3.148580491542816162e-01,5.163143202662467957e-02,7.940370589494705200e-02,-5.130713433027267456e-02,6.471276283264160156e-02,5.174624547362327576e-02,-9.668307006359100342e-02,3.483207523822784424e-01,2.645259201526641846e-01,4.589242935180664062e-01,4.410243630409240723e-01,4.119413197040557861e-01,4.143949151039123535e-01,1.724537760019302368e-01,9.499737620353698730e-02,5.054557919502258301e-01,5.363996624946594238e-01,5.338476300239562988e-01,4.085430800914764404e-01,3.860325813293457031e-01,3.890742063522338867e-01,3.273349702358245850e-01,2.920007705688476562e-01,1.988137811422348022e-01,2.227782756090164185e-01,1.522873044013977051e-01,-6.488420814275741577e-02,1.338753104209899902e-01,5.530264228582382202e-02,2.612613439559936523e-01,8.638232015073299408e-03,3.765957355499267578e-01,2.447131723165512085e-01,-2.333166822791099548e-02,7.571416348218917847e-02,2.368053048849105835e-01,1.986217647790908813e-01,-2.978335879743099213e-02,-4.321427643299102783e-02,7.266401499509811401e-02,-5.034350976347923279e-02,-9.751643240451812744e-02,-4.652589187026023865e-02,-5.545959621667861938e-02,-6.345862895250320435e-02,-1.190511435270309448e-01,-7.007491588592529297e-02,-7.834091782569885254e-02,4.157053306698799133e-03,7.120043039321899414e-03,1.825515478849411011e-01,-2.505457997322082520e-01,-1.302288472652435303e-01,-1.897953301668167114e-01,-9.780073165893554688e-02,5.480656400322914124e-02,6.969413906335830688e-02,-2.178605794906616211e-01,1.298289895057678223e-01,2.503177896142005920e-02,4.817674681544303894e-02,-2.729070372879505157e-02,-8.687240630388259888e-02,6.359284371137619019e-02,2.009700089693069458e-01,1.941455900669097900e-02,-8.976897597312927246e-02
5.388960838317871094e-01,3.265817463397979736e-01,7.834612131118774414e-01,1.000000238418579102e+00,2.733225561678409576e-02,1.424714028835296631e-01,7.720508575439453125e-01,7.975047230720520020e-01,2.440196871757507324e-01,2.629733979701995850e-01,4.509638845920562744e-01,2.368152886629104614e-01,5.391350984573364258e-01,2.820945084095001221e-01,1.958402395248413086e-01,8.149399608373641968e-02,4.329158067703247070e-01,1.315515339374542236e-01,4.957211911678314209e-01,6.550883054733276367e-01,1.749635636806488037e-01,2.010779827833175659e-01,3.093720376491546631e-01,6.392267346382141113e-01,1.943536400794982910e-01,8.561681210994720459e-02,2.009002715349197388e-01,9.789168089628219604e-02,4.250648617744445801e-01,3.697189390659332275e-01,3.826183974742889404e-01,4.563399851322174072e-01,4.339563250541687012e-01,5.269718766212463379e-01,7.149139046669006348e-02,-2.129371464252471924e-02,3.933030962944030762e-01,3.456524312496185303e-01,1.210450455546379089e-01,2.330070436000823975e-01,2.791946828365325928e-01,3.493770062923431396e-01,-3.252637013792991638e-02,1.603286117315292358e-01,1.283938884735107422e-01,2.599998712539672852e-01,-8.421715348958969116e-02,-2.495222538709640503e-02,1.201709285378456116e-01,3.729844391345977783e-01,1.216935142874717712e-01,1.508902907371520996e-01,-2.446283027529716492e-02,1.737339496612548828e-01,6.191526725888252258e-02,-5.699964612722396851e-02,4.003696441650390625e-01,3.529788553714752197e-01,4.668845534324645996e-01,4.263460040092468262e-01,4.455056786537170410e-01,4.201431274414062500e-01,2.837369441986083984e-01,2.194525152444839478e-01,4.724861979484558105e-01,4.852258563041687012e-01,5.137038826942443848e-01,4.498859047889709473e-01,3.796842694282531738e-01,4.960389435291290283e-01,2.779986858367919922e-01,2.728280723094940186e-01,2.091737389564514160e-01,2.789726555347442627e-01,7.853318750858306885e-02,-4.866742715239524841e-02,1.222714483737945557e-01,1.040299311280250549e-01,2.019829154014587402e-01,2.758874744176864624e-02,3.503857553005218506e-01,2.602353394031524658e-01,-4.279431700706481934e-02,1.206210851669311523e-01,2.748918235301971436e-01,2.937460541725158691e-01,-6.895129382610321045e-02,2.666302770376205444e-02,7.527899742126464844e-02,6.883630156517028809e-02,-7.863540947437286377e-02,2.094676531851291656e-02,-6.784393638372421265e-02,-6.786841154098510742e-02,-2.080779075622558594e-01,-1.360160559415817261e-01,-1.412004232406616211e-01,-6.526239961385726929e-02,2.613514102995395660e-02,1.691879332065582275e-01,-2.233297824859619141e-01,-1.234042271971702576e-01,-1.474956721067428589e-01,-9.700378775596618652e-02,-1.934510469436645508e-02,3.669009730219841003e-02,-1.518270075321197510e-01,9.850084036588668823e-02,-9.316888451576232910e-02,-9.080366790294647217e-02,-1.089265197515487671e-01,-6.982824206352233887e-02,6.875861436128616333e-02,1.715631186962127686e-01,1.483974279835820198e-03,-1.102005317807197571e-01
-8.015830069780349731e-02,2.791257575154304504e-02,5.015916749835014343e-02,2.733225561678409576e-02,1.000000119209289551e+00,2.746909558773040771e-01,5.733496695756912231e-02,8.352392911911010742e-02,3.757414221763610840e-01,2.802690863609313965e-01,1.491610854864120483e-01,8.557903766632080078e-02,1.499358564615249634e-01,1.618458628654479980e-01,6.099188923835754395e-01,3.844434618949890137e-01,1.693299859762191772e-01,1.073274686932563782e-01,-7.245289534330368042e-02,-4.595774784684181213e-02,1.216065287590026855e-01,-5.084992200136184692e-02,9.675361216068267822e-02,9.708810597658157349e-02,3.583528399467468262e-01,3.568817079067230225e-01,3.380036950111389160e-01,3.017849028110504150e-01,2.244787514209747314e-01,1.506039947271347046e-01,3.327201604843139648e-01,2.561359405517578125e-01,-9.712596237659454346e-02,-8.329492062330245972e-02,1.521796826273202896e-02,-9.181340783834457397e-02,2.134349197149276733e-03,2.919309213757514954e-02,7.247277349233627319e-02,-8.347877115011215210e-02,1.418562680482864380e-01,4.739723354578018188e-02,1.240371391177177429e-01,1.781269609928131104e-01,9.453097730875015259e-02,2.337794750928878784e-01,-9.311379864811897278e-03,-2.110873535275459290e-02,7.596983760595321655e-02,1.902684271335601807e-01,6.007089465856552124e-02,1.270660609006881714e-01,1.183231994509696960e-01,1.715939790010452271e-01,1.326557397842407227e-01,6.769058108329772949e-02,1.331109181046485901e-02,1.272071450948715210e-01,8.965702354907989502e-02,1.211686357855796814e-01,5.563107877969741821e-02,9.012508392333984375e-02,1.187037602066993713e-01,9.573806077241897583e-02,1.193253248929977417e-01,1.262325197458267212e-01,1.101224198937416077e-01,7.413091510534286499e-02,-1.597405876964330673e-03,2.098693326115608215e-02,-1.160528063774108887e-01,-1.667751744389533997e-02,2.001270949840545654e-01,-6.600468419492244720e-03,3.793602445512078702e-05,-2.735362052917480469e-01,-2.217378467321395874e-01,-1.280442625284194946e-01,9.667136520147323608e-02,-2.886356413364410400e-02,1.826180368661880493e-01,1.076926440000534058e-01,4.488062579184770584e-03,2.189586684107780457e-02,1.477863192558288574e-01,1.586344540119171143e-01,-1.960222981870174408e-02,8.216698467731475830e-02,1.537784188985824585e-01,1.317186951637268066e-01,4.176490753889083862e-02,1.536151766777038574e-01,7.688218355178833008e-02,1.315600275993347168e-01,-1.660851091146469116e-01,-8.948460966348648071e-02,-1.790830194950103760e-01,-3.689445927739143372e-02,-2.728345990180969238e-02,5.997266992926597595e-02,1.371591351926326752e-03,5.436113104224205017e-02,-8.025244809687137604e-03,2.353718737140297890e-03,-2.155217714607715607e-02,-4.328127950429916382e-03,-1.075869649648666382e-01,1.874952018260955811e-02,7.007088512182235718e-03,-2.082918882369995117e-01,-1.378610134124755859e-01,4.072897136211395264e-02,-3.426799923181533813e-02,-8.946800976991653442e-02,-3.295691311359405518e-02,-9.547325782477855682e-03
1.422877758741378784e-01,2.166571170091629028e-01,3.868685290217399597e-02,1.424714028835296631e-01,2.746909558773040771e-01,9.999997615814208984e-01,5.537442117929458618e-02,1.621915400028228760e-01,3.097145855426788330e-01,4.201377034187316895e-01,1.030297428369522095e-01,3.090844154357910156e-01,8.616992086172103882e-02,3.372520506381988525e-01,2.376877963542938232e-01,2.828796803951263428e-01,-5.763966124504804611e-03,1.119750812649726868e-01,1.984555833041667938e-02,1.034152135252952576e-01,-1.012357417494058609e-02,1.202967837452888489e-01,6.123371794819831848e-02,1.423673331737518311e-01,1.416912376880645752e-01,1.326472014188766479e-01,2.780675888061523438e-01,4.124502539634704590e-01,1.276303827762603760e-01,1.129093691706657410e-01,1.976078599691390991e-01,3.013594448566436768e-01,6.888504140079021454e-03,3.793368861079216003e-02,3.589343745261430740e-03,-1.999972388148307800e-02,3.833753988146781921e-02,4.735268652439117432e-02,-1.399984359741210938e-01,-5.096778646111488342e-02,-9.047964960336685181e-02,7.018606178462505341e-03,1.561686843633651733e-01,1.493944674730300903e-01,2.058688551187515259e-01,2.621859908103942871e-01,8.259884268045425415e-02,1.226587817072868347e-01,8.003615587949752808e-02,2.693423628807067871e-01,1.176268160343170166e-01,2.151092588901519775e-01,1.999540776014328003e-01,3.308548927307128906e-01,1.108635440468788147e-01,5.939092487096786499e-02,1.003173589706420898e-01,2.586983740329742432e-01,1.706720441579818726e-01,1.525296717882156372e-01,1.936044991016387939e-01,1.911797374486923218e-01,2.339287102222442627e-01,2.967368364334106445e-01,1.147019267082214355e-01,1.307631134986877441e-01,1.054014116525650024e-01,1.547128260135650635e-01,7.791190594434738159e-02,2.105446755886077881e-01,-1.919221282005310059e-01,-1.106312721967697144e-01,-6.076178699731826782e-02,3.672262653708457947e-02,-1.227604523301124573e-01,-1.355650126934051514e-01,-2.231405302882194519e-02,4.823753982782363892e-02,-6.707295030355453491e-02,1.122519839555025101e-02,5.773847457021474838e-03,7.515615224838256836e-02,-1.378195732831954956e-02,1.524022817611694336e-01,1.104592308402061462e-01,2.812088429927825928e-01,-4.239093139767646790e-02,1.918919831514358521e-01,4.865946993231773376e-02,2.437479197978973389e-01,1.572004854679107666e-01,2.496116459369659424e-01,8.690212666988372803e-02,1.293274313211441040e-01,-8.236397802829742432e-02,7.378765847533941269e-03,-3.389953076839447021e-02,1.849619671702384949e-02,1.180918142199516296e-01,8.978305011987686157e-02,9.605840593576431274e-02,1.054066568613052368e-01,1.265467852354049683e-01,1.308427900075912476e-01,3.342096135020256042e-02,6.183353811502456665e-02,3.558066673576831818e-03,-8.564664050936698914e-03,-1.318994909524917603e-01,-1.602443754673004150e-01,-4.118622466921806335e-02,9.137549251317977905e-02,1.118569150567054749e-01,5.472083389759063721e-02,6.232382357120513916e-02,1.147368848323822021e-01
4.775953292846679688e-01,2.372636049985885620e-01,8.184940814971923828e-01,7.720508575439453125e-01,5.733496695756912231e-02,5.537442117929458618e-02,9.999998211860656738e-01,7.207686305046081543e-01,2.935945689678192139e-01,1.852776110172271729e-01,5.386080741882324219e-01,1.731185019016265869e-01,6.891812086105346680e-01,2.043717652559280396e-01,2.306078672409057617e-01,-4.632676020264625549e-02,4.385844171047210693e-01,6.661713123321533203e-02,4.414694011211395264e-01,5.749127268791198730e-01,1.061822101473808289e-01,1.602942645549774170e-01,3.861070871353149414e-01,6.042845249176025391e-01,1.798177361488342285e-01,7.933980971574783325e-02,2.225503325462341309e-01,9.413839131593704224e-02,4.611295163631439209e-01,3.596077561378479004e-01,3.134831786155700684e-01,4.253536760807037354e-01,2.980346977710723877e-01,3.963813483715057373e-01,7.907452434301376343e-02,-2.822530269622802734e-02,4.502399861812591553e-01,2.904947102069854736e-01,1.440126001834869385e-01,2.137429863214492798e-01,2.892805337905883789e-01,3.028565943241119385e-01,-1.196135878562927246e-01,1.294908225536346436e-01,5.441525578498840332e-02,2.371841222047805786e-01,-1.295139193534851074e-01,-9.392607957124710083e-02,6.211358308792114258e-02,3.517293035984039307e-01,4.345295578241348267e-02,1.353540569543838501e-01,-8.073288947343826294e-02,1.332426071166992188e-01,4.292285069823265076e-02,-9.221126884222030640e-02,3.341554701328277588e-01,3.183425068855285645e-01,4.379152059555053711e-01,4.242784976959228516e-01,3.848740756511688232e-01,4.219515919685363770e-01,1.886680871248245239e-01,1.459480971097946167e-01,4.360427260398864746e-01,4.993730485439300537e-01,5.132141113281250000e-01,4.324201047420501709e-01,4.033558070659637451e-01,4.794809520244598389e-01,2.747066915035247803e-01,3.137596249580383301e-01,1.987562179565429688e-01,2.435007244348526001e-01,1.093536838889122009e-01,-5.568014085292816162e-02,1.307523399591445923e-01,6.366249918937683105e-02,2.467288970947265625e-01,2.804763615131378174e-02,3.376218080520629883e-01,1.960148215293884277e-01,-9.071441739797592163e-02,1.360945701599121094e-01,2.070799171924591064e-01,2.349841147661209106e-01,-8.222785592079162598e-02,-1.163236331194639206e-03,4.570050165057182312e-02,-1.812817342579364777e-02,-1.231222078204154968e-01,-1.067140977829694748e-02,-9.160769730806350708e-02,-5.031508207321166992e-02,-1.453399360179901123e-01,-1.589800566434860229e-01,-1.049125269055366516e-01,-3.058170527219772339e-02,-4.948573186993598938e-04,1.767009347677230835e-01,-2.240576744079589844e-01,-7.749973982572555542e-02,-1.215097382664680481e-01,-8.870470523834228516e-02,-2.221205271780490875e-02,-2.425943687558174133e-02,-2.028769552707672119e-01,8.292472362518310547e-02,3.752813860774040222e-02,4.832782316952943802e-03,-1.037396863102912903e-01,-1.919990181922912598e-01,2.067237626761198044e-03,1.055557057261466980e-01,-8.916246145963668823e-02,-1.246765181422233582e-01
4.738648831844329834e-01,2.940954267978668213e-01,6.622802019119262695e-01,7.975047230720520020e-01,8.352392911911010742e-02,1.621915400028228760e-01,7.207686305046081543e-01,1.000000000000000000e+00,2.143820375204086304e-01,3.223485648632049561e-01,4.426112771034240723e-01,3.613863885402679443e-01,5.532872080802917480e-01,5.003853440284729004e-01,1.640454679727554321e-01,2.039742767810821533e-01,4.318524599075317383e-01,2.526528537273406982e-01,3.342500627040863037e-01,4.984437227249145508e-01,8.235217630863189697e-02,1.440410465002059937e-01,2.596850395202636719e-01,5.047452449798583984e-01,2.134998887777328491e-01,1.272817254066467285e-01,1.724259704351425171e-01,1.283813714981079102e-01,4.217275977134704590e-01,4.444852769374847412e-01,3.608527183532714844e-01,3.991629481315612793e-01,3.054021894931793213e-01,3.786826431751251221e-01,-1.341021806001663208e-02,-6.311257183551788330e-02,2.713994681835174561e-01,3.006785511970520020e-01,6.199719011783599854e-02,1.444626599550247192e-01,2.474028021097183228e-01,3.274835050106048584e-01,-2.733894065022468567e-02,1.452360451221466064e-01,1.187315508723258972e-01,2.573860585689544678e-01,-6.352749466896057129e-02,5.112328380346298218e-02,1.222699061036109924e-01,3.421003222465515137e-01,1.038269698619842529e-01,1.435196697711944580e-01,1.250894553959369659e-02,1.854026317596435547e-01,8.658780902624130249e-02,1.053237728774547577e-02,3.677933514118194580e-01,3.268906474113464355e-01,4.109813272953033447e-01,3.525438606739044189e-01,4.430305659770965576e-01,3.950124084949493408e-01,2.605730593204498291e-01,2.012486457824707031e-01,4.628342390060424805e-01,4.382639825344085693e-01,4.393941462039947510e-01,3.933061659336090088e-01,2.264558672904968262e-01,3.578250408172607422e-01,1.668350100517272949e-01,1.517589092254638672e-01,1.796586960554122925e-01,2.836420834064483643e-01,-2.386324666440486908e-02,-7.094852626323699951e-02,-3.738950239494442940e-03,-4.527234472334384918e-03,1.457325965166091919e-01,5.885311588644981384e-02,3.744181692600250244e-01,3.254286944866180420e-01,7.185915857553482056e-02,1.346833109855651855e-01,3.239861130714416504e-01,2.676453292369842529e-01,1.064301654696464539e-02,1.267732381820678711e-01,1.282320916652679443e-01,7.639892399311065674e-02,-9.725522249937057495e-03,1.458954252302646637e-02,-3.848208812996745110e-03,-1.906387694180011749e-02,-2.134792357683181763e-01,-9.254308789968490601e-02,-1.327786296606063843e-01,-4.346679896116256714e-02,8.082886040210723877e-02,1.362022012472152710e-01,-8.991828560829162598e-02,-6.139501184225082397e-02,-4.486879333853721619e-02,-3.946868702769279480e-02,-6.027354672551155090e-02,2.237096615135669708e-02,-4.059047996997833252e-02,1.582892239093780518e-02,-1.117456257343292236e-01,-1.227032989263534546e-01,-1.136092767119407654e-01,-1.054026558995246887e-01,-3.109050728380680084e-02,4.883767664432525635e-02,-6.932808458805084229e-02,-1.458455622196197510e-01
2.360825389623641968e-01,3.856815397739410400e-01,2.307170480489730835e-01,2.440196871757507324e-01,3.757414221763610840e-01,3.097145855426788330e-01,2.935945689678192139e-01,2.143820375204086304e-01,9.999999403953552246e-01,4.973340034484863281e-01,3.398640751838684082e-01,2.400899380445480347e-01,4.481466710567474365e-01,2.567586302757263184e-01,5.176222920417785645e-01,1.396302431821823120e-01,1.121864393353462219e-01,4.988351091742515564e-02,6.313179433345794678e-02,1.567172855138778687e-01,2.831190824508666992e-01,3.124704062938690186e-01,2.381732016801834106e-01,4.300478994846343994e-01,5.626968741416931152e-01,4.345107376575469971e-01,5.078777670860290527e-01,3.588478267192840576e-01,2.611539363861083984e-01,1.029805019497871399e-01,3.375656306743621826e-01,2.938381731510162354e-01,6.251245737075805664e-02,1.232563108205795288e-01,2.009364515542984009e-01,-9.322907775640487671e-02,3.234688341617584229e-01,1.339999586343765259e-01,1.251116394996643066e-01,6.565200537443161011e-02,7.885149121284484863e-02,4.579821601510047913e-02,1.214494705200195312e-01,2.154609560966491699e-01,1.739855259656906128e-01,4.356475472450256348e-01,7.398396730422973633e-02,-7.334624417126178741e-03,3.082078099250793457e-01,4.063214957714080811e-01,3.063643276691436768e-01,3.908648192882537842e-01,1.571988910436630249e-01,2.713873684406280518e-01,-6.236947327852249146e-02,-1.420382112264633179e-01,3.753927052021026611e-01,3.939875960350036621e-01,2.023090273141860962e-01,1.913904547691345215e-01,1.226516589522361755e-01,1.635765582323074341e-01,1.612806022167205811e-01,1.107800677418708801e-01,9.124765545129776001e-02,1.387751400470733643e-01,2.622739672660827637e-01,2.646133899688720703e-01,3.585359752178192139e-01,4.176875054836273193e-01,1.439167000353336334e-02,3.207319229841232300e-02,1.520537883043289185e-01,2.501595579087734222e-02,6.219626590609550476e-02,-5.230678245425224304e-02,1.300352960824966431e-01,1.765663921833038330e-01,-3.425544127821922302e-02,-1.064524129033088684e-01,4.159733280539512634e-02,-1.336769312620162964e-01,-1.645727604627609253e-01,2.769818007946014404e-01,4.579814895987510681e-02,2.830292582511901855e-01,-1.915477663278579712e-01,1.148262098431587219e-01,-1.409613341093063354e-02,1.758499443531036377e-01,-2.186917001381516457e-03,3.926310539245605469e-01,9.690292179584503174e-02,2.519226968288421631e-01,-1.054113060235977173e-01,-8.880697935819625854e-02,-1.118752807378768921e-01,-8.220376074314117432e-02,1.655058376491069794e-02,2.618998289108276367e-01,-6.174876168370246887e-02,3.068971037864685059e-01,6.651250645518302917e-03,1.697614043951034546e-01,-9.261430799961090088e-02,8.187761530280113220e-03,-1.560319960117340088e-01,1.644109040498733521e-01,6.505219638347625732e-02,-1.335342526435852051e-01,-1.783657222986221313e-01,-1.041952171362936497e-03,1.028515622019767761e-01,1.270920634269714355e-01,-4.381235316395759583e-02,1.700759679079055786e-02
3.422528803348541260e-01,2.213466465473175049e-01,1.335605233907699585e-01,2.629733979701995850e-01,2.802690863609313965e-01,4.201377034187316895e-01,1.852776110172271729e-01,3.223485648632049561e-01,4.973340034484863281e-01,9.999997019767761230e-01,3.106621503829956055e-01,4.922889471054077148e-01,2.268186509609222412e-01,5.150622725486755371e-01,5.007463693618774414e-01,5.454690456390380859e-01,5.418930202722549438e-02,1.245633661746978760e-01,6.763406842947006226e-02,1.664974242448806763e-01,6.885441392660140991e-02,2.854621410369873047e-01,3.085467964410781860e-02,2.397559285163879395e-01,3.928530216217041016e-01,3.106558024883270264e-01,3.274500370025634766e-01,1.503189504146575928e-01,1.602421998977661133e-01,2.858100533485412598e-01,2.680290043354034424e-01,2.344747483730316162e-01,3.378097712993621826e-02,-2.774576097726821899e-02,8.812611550092697144e-02,2.295103156939148903e-03,1.617457419633865356e-01,3.968895226716995239e-02,-5.864160880446434021e-02,-3.960867226123809814e-02,-7.256298512220382690e-02,1.031698882579803467e-01,9.838822484016418457e-02,3.198136016726493835e-02,2.696025669574737549e-01,3.072549998760223389e-01,7.979486137628555298e-02,1.083692237734794617e-01,1.830702275037765503e-01,2.822742462158203125e-01,2.352908700704574585e-01,1.927246600389480591e-01,2.335973829030990601e-01,3.346739709377288818e-01,1.152906119823455811e-01,1.258713752031326294e-01,2.908672094345092773e-01,3.687850236892700195e-01,4.250365197658538818e-01,3.226157426834106445e-01,4.080430567264556885e-01,3.408879339694976807e-01,3.986695110797882080e-01,3.595588505268096924e-01,2.956556677818298340e-01,2.676275372505187988e-01,3.179574906826019287e-01,3.651273846626281738e-01,1.775332838296890259e-01,3.247092366218566895e-01,-7.681173086166381836e-02,-2.200331911444664001e-02,-1.018238365650177002e-01,8.439647965133190155e-03,-1.168629676103591919e-01,-1.487398892641067505e-01,-1.173672615550458431e-03,4.188578948378562927e-02,-1.006645783782005310e-01,-8.407738059759140015e-02,9.465683251619338989e-02,3.746590018272399902e-02,-1.285031288862228394e-01,1.059449091553688049e-01,2.379814237356185913e-01,2.844941914081573486e-01,-2.362018823623657227e-01,1.814129054546356201e-01,5.028556659817695618e-02,1.873045712709426880e-01,1.222927868366241455e-01,2.622964680194854736e-01,4.150246083736419678e-02,3.089809790253639221e-02,-7.985118031501770020e-02,-6.229181587696075439e-02,-8.728016167879104614e-02,7.596410065889358521e-02,1.578474193811416626e-01,1.780463010072708130e-01,3.113802708685398102e-02,3.062457032501697540e-02,1.141170561313629150e-01,1.259965077042579651e-02,-1.361659318208694458e-01,-1.629380583763122559e-01,-8.067320287227630615e-02,-1.134399175643920898e-01,2.371363155543804169e-02,-1.517960280179977417e-01,-1.288476586341857910e-01,-3.544297814369201660e-02,4.979692026972770691e-02,5.111013725399971008e-02,-1.050888821482658386e-01,-9.675161540508270264e-02
4.678272008895874023e-01,2.982342243194580078e-01,4.535673856735229492e-01,4.509638845920562744e-01,1.491610854864120483e-01,1.030297428369522095e-01,5.386080741882324219e-01,4.426112771034240723e-01,3.398640751838684082e-01,3.106621503829956055e-01,9.999998211860656738e-01,4.661934673786163330e-01,6.065680980682373047e-01,3.273647725582122803e-01,2.933095395565032959e-01,9.040499478578567505e-02,5.005038380622863770e-01,2.624375224113464355e-01,2.735151946544647217e-01,3.166762888431549072e-01,1.262482553720474243e-01,2.651106417179107666e-01,1.954861134290695190e-01,4.370761215686798096e-01,3.053919076919555664e-01,1.087745055556297302e-01,2.711425721645355225e-01,1.760652512311935425e-01,4.793321192264556885e-01,3.587018251419067383e-01,2.399090975522994995e-01,3.536495566368103027e-01,2.592753767967224121e-01,2.611412703990936279e-01,1.565000712871551514e-01,2.246828563511371613e-02,4.712008237838745117e-01,2.635808289051055908e-01,2.657404243946075439e-01,2.699989080429077148e-01,2.692131996154785156e-01,4.019868373870849609e-01,7.660145312547683716e-02,1.402920037508010864e-01,2.811344265937805176e-01,4.112870395183563232e-01,3.874759376049041748e-02,2.138399705290794373e-02,2.191681265830993652e-01,4.493005871772766113e-01,1.895576268434524536e-01,3.119356036186218262e-01,1.693512648344039917e-01,2.878448069095611572e-01,2.121964991092681885e-01,4.542237520217895508e-02,4.336231648921966553e-01,4.298403859138488770e-01,4.115509092807769775e-01,3.919649720191955566e-01,4.126475155353546143e-01,4.146678447723388672e-01,3.367233276367187500e-01,2.845905721187591553e-01,3.524004518985748291e-01,4.053047597408294678e-01,4.563294351100921631e-01,4.324900805950164795e-01,3.805982172489166260e-01,3.573568165302276611e-01,2.217162549495697021e-01,2.097486406564712524e-01,1.993105411529541016e-01,1.951800733804702759e-01,6.501584500074386597e-02,1.478307321667671204e-02,7.851738482713699341e-02,9.825147688388824463e-02,2.593776583671569824e-01,1.774049103260040283e-01,4.421178400516510010e-01,2.574657499790191650e-01,-7.297383993864059448e-02,2.376926988363265991e-01,3.846372663974761963e-01,3.575458228588104248e-01,-9.254873543977737427e-02,7.976588606834411621e-02,2.474802881479263306e-01,1.464660763740539551e-01,1.031440868973731995e-01,2.240910530090332031e-01,8.911530673503875732e-02,1.066823750734329224e-01,-1.001533865928649902e-01,-5.528016015887260437e-02,1.657664217054843903e-02,1.106468066573143005e-01,1.564687341451644897e-01,2.339000254869461060e-01,2.257206104695796967e-02,1.211991682648658752e-01,1.143690645694732666e-01,4.040779918432235718e-02,1.291834469884634018e-02,-2.071492932736873627e-02,4.418078437447547913e-02,7.541784644126892090e-02,9.399549663066864014e-02,-6.542308628559112549e-02,-5.529120936989784241e-02,-1.029543504118919373e-01,1.107709333300590515e-01,1.952783018350601196e-01,-1.164985522627830505e-01,-4.561630636453628540e-02
3.910518884658813477e-01,4.961335062980651855e-01,7.258172333240509033e-02,2.368152886629104614e-01,8.557903766632080078e-02,3.090844154357910156e-01,1.731185019016265869e-01,3.613863885402679443e-01,2.400899380445480347e-01,4.922889471054077148e-01,4.661934673786163330e-01,1.000000238418579102e+00,2.067653685808181763e-01,6.513689160346984863e-01,1.343178302049636841e-01,3.733374774456024170e-01,1.867918521165847778e-01,5.060703754425048828e-01,5.764027684926986694e-02,1.520174145698547363e-01,-1.075939536094665527e-01,1.691659390926361084e-01,-7.001233845949172974e-02,1.302055418491363525e-01,1.967967301607131958e-01,8.211830258369445801e-02,1.272189468145370483e-01,1.341349929571151733e-01,1.836699247360229492e-01,3.321424722671508789e-01,8.492729812860488892e-02,1.000970080494880676e-01,1.342336833477020264e-01,1.137881055474281311e-01,5.867517367005348206e-02,9.788006544113159180e-03,2.032555937767028809e-01,2.126407921314239502e-01,2.434713579714298248e-02,1.441607624292373657e-01,1.618216559290885925e-02,1.996829211711883545e-01,2.255911678075790405e-01,1.749167293310165405e-01,4.040387868881225586e-01,4.368455111980438232e-01,1.450404673814773560e-01,3.137914836406707764e-01,1.756874173879623413e-01,3.766611516475677490e-01,1.879514157772064209e-01,4.321761131286621094e-01,2.622393369674682617e-01,4.433883726596832275e-01,2.775029540061950684e-01,2.401630431413650513e-01,3.400433957576751709e-01,5.807355642318725586e-01,3.028372526168823242e-01,2.407755851745605469e-01,4.279811084270477295e-01,3.766670227050781250e-01,4.554254412651062012e-01,4.895235598087310791e-01,2.318320274353027344e-01,2.654325664043426514e-01,2.198741585016250610e-01,3.067496120929718018e-01,1.307519674301147461e-01,2.820941209793090820e-01,-1.946855336427688599e-01,-1.195074096322059631e-01,-7.069096714258193970e-02,1.293988674879074097e-01,-1.792462021112442017e-01,2.122362516820430756e-02,-9.885272011160850525e-03,1.387233436107635498e-01,-4.315325524657964706e-03,1.651643812656402588e-01,2.751400768756866455e-01,3.281070291996002197e-01,4.786280542612075806e-02,3.809110224246978760e-01,4.332574307918548584e-01,5.359044075012207031e-01,-4.781565442681312561e-02,3.599682748317718506e-01,2.768206298351287842e-01,3.784240484237670898e-01,3.093057870864868164e-01,4.367422759532928467e-01,1.528388559818267822e-01,2.646594941616058350e-01,-7.316813617944717407e-02,8.995256572961807251e-02,5.922888591885566711e-02,1.584347337484359741e-01,2.697452008724212646e-01,1.957014054059982300e-01,2.369100153446197510e-01,2.642978727817535400e-01,2.949422001838684082e-01,2.493059188127517700e-01,-1.001482363790273666e-02,5.527058243751525879e-02,2.106139212846755981e-01,4.538188129663467407e-02,-1.051029041409492493e-01,-2.034224867820739746e-01,-2.142887189984321594e-02,2.262743748724460602e-02,6.203506514430046082e-02,1.146827265620231628e-01,-4.889564961194992065e-02,-4.962052404880523682e-02
4.014883637428283691e-01,2.678518593311309814e-01,6.214430928230285645e-01,5.391350984573364258e-01,1.499358564615249634e-01,8.616992086172103882e-02,6.891812086105346680e-01,5.532872080802917480e-01,4.481466710567474365e-01,2.268186509609222412e-01,6.065680980682373047e-01,2.067653685808181763e-01,1.000000119209289551e+00,3.128636181354522705e-01,3.630404770374298096e-01,-3.335928916931152344e-02,4.478470087051391602e-01,6.158950924873352051e-02,2.567233443260192871e-01,3.583701848983764648e-01,1.690605133771896362e-01,2.003473192453384399e-01,2.749531865119934082e-01,5.356645584106445312e-01,3.373014330863952637e-01,1.960298866033554077e-01,3.203497231006622314e-01,2.146991789340972900e-01,5.057704448699951172e-01,3.146336674690246582e-01,3.414330482482910156e-01,4.887695610523223877e-01,1.589154005050659180e-01,2.686589062213897705e-01,1.533500999212265015e-01,8.342927903868257999e-04,4.594460129737854004e-01,2.498875558376312256e-01,2.053771167993545532e-01,2.070759236812591553e-01,3.148209750652313232e-01,2.761538326740264893e-01,-5.077231302857398987e-02,1.688662171363830566e-01,1.097873225808143616e-01,3.463443219661712646e-01,-1.917169429361820221e-02,-8.143787831068038940e-02,2.312386035919189453e-01,4.688616991043090820e-01,2.008281648159027100e-01,2.681263089179992676e-01,6.027733162045478821e-02,2.249152064323425293e-01,1.073558442294597626e-02,-1.403487920761108398e-01,3.782054781913757324e-01,3.863005638122558594e-01,4.358389973640441895e-01,4.802863001823425293e-01,3.555634319782257080e-01,4.559153616428375244e-01,1.609088629484176636e-01,1.337076872587203979e-01,4.180119633674621582e-01,4.893897175788879395e-01,5.546853542327880859e-01,4.947224855422973633e-01,4.424982070922851562e-01,4.232523739337921143e-01,2.421804070472717285e-01,2.000775039196014404e-01,2.329724431037902832e-01,1.400396078824996948e-01,6.672229617834091187e-02,-1.029965803027153015e-01,9.641882032155990601e-02,3.231061995029449463e-02,1.837306916713714600e-01,-4.835854470729827881e-02,3.169749677181243896e-01,1.714919954538345337e-01,-7.220300287008285522e-02,2.240987718105316162e-01,1.829809695482254028e-01,2.596047520637512207e-01,-5.981518700718879700e-02,4.665991663932800293e-02,2.749130129814147949e-02,2.063517831265926361e-02,-9.983573108911514282e-02,1.104284748435020447e-01,-1.045032404363155365e-02,5.988642945885658264e-02,-1.500886380672454834e-01,-1.526120901107788086e-01,-8.516961336135864258e-02,-8.382032625377178192e-03,-9.209617972373962402e-03,2.384953498840332031e-01,-1.724163889884948730e-01,7.376039028167724609e-02,-6.688228994607925415e-02,-3.784183179959654808e-03,-5.303159356117248535e-02,-3.075762651860713959e-02,-2.029893547296524048e-01,1.831199042499065399e-02,1.325145661830902100e-01,-1.963809132575988770e-02,-1.143139824271202087e-01,-1.831726729869842529e-01,-1.810193620622158051e-02,1.282763034105300903e-01,-1.632200777530670166e-01,-1.581801176071166992e-01
