1.000000000000000000e+00,6.050493717193603516e-01,-9.762871265411376953e-02,9.928011894226074219e-02,-3.507350757718086243e-02,-1.457909643650054932e-01,2.747887074947357178e-01,2.697249948978424072e-01,-4.862771555781364441e-02,1.163777112960815430e-01,3.190223574638366699e-01,3.995130360126495361e-01,3.113287091255187988e-01,1.939482986927032471e-01,-1.541625410318374634e-01,-2.667022123932838440e-02,3.851282596588134766e-01,4.758072495460510254e-01,5.713605284690856934e-01,4.895081222057342529e-01,-9.740530699491500854e-02,-1.243125647306442261e-01,-3.192776143550872803e-01,-2.027443051338195801e-01,-1.801054030656814575e-01,-2.751367986202239990e-01,-1.162947937846183777e-01,-1.393583863973617554e-01,4.093114137649536133e-01,2.025370597839355469e-01,-1.848262399435043335e-01,-1.043326556682586670e-01,5.249950289726257324e-01,4.584062695503234863e-01,-1.968723386526107788e-01,-1.078328937292098999e-01,1.417088061571121216e-01,-2.243765816092491150e-02,-8.726377971470355988e-03,-5.740248784422874451e-02,1.514385491609573364e-01,1.288328617811203003e-01,2.496573179960250854e-01,1.918254494667053223e-01,9.015486389398574829e-02,1.938287317752838135e-01,3.140991628170013428e-01,2.317620068788528442e-01,3.322963714599609375e-01,2.438013702630996704e-01,2.465122342109680176e-01,1.888803690671920776e-01,1.725202947854995728e-01,8.243131637573242188e-02,1.638709902763366699e-01,2.287319153547286987e-01,5.461549162864685059e-01,4.830200672149658203e-01,4.716732800006866455e-01,3.027822673320770264e-01,5.026555061340332031e-01,1.758307963609695435e-01,5.174072980880737305e-01,3.931134343147277832e-01,-2.905969023704528809e-01,-2.717110514640808105e-01,2.469607591629028320e-01,1.854328960180282593e-01,3.485715687274932861e-01,3.359421491622924805e-01,1.626287400722503662e-01,2.291067540645599365e-01,3.761465251445770264e-01,4.253626465797424316e-01,2.617307603359222412e-01,2.556237280368804932e-01,2.333519756793975830e-01,1.702427566051483154e-01,2.579692602157592773e-01,1.760811805725097656e-01,2.235184609889984131e-01,3.424115478992462158e-01,-1.972309648990631104e-01,-8.916459977626800537e-02,-3.952586278319358826e-02,5.460368841886520386e-02,-1.316495239734649658e-01,-8.041945099830627441e-02,-6.597603112459182739e-02,4.032761231064796448e-02,1.189673244953155518e-01,2.164275385439395905e-02,-7.042442262172698975e-02,-4.032671917229890823e-03,-3.461217507719993591e-02,-1.156185381114482880e-02,4.356323182582855225e-02,1.907102614641189575e-01,2.522938251495361328e-01,3.075852096080780029e-01,1.194501742720603943e-01,4.055889695882797241e-02,2.514964640140533447e-01,1.690166741609573364e-01,1.063408777117729187e-01,1.228991523385047913e-02,7.904388755559921265e-02,1.446998771280050278e-02,1.409502923488616943e-01,1.205425127409398556e-03,1.244701221585273743e-01,1.415657252073287964e-01,1.525299847126007080e-01,2.471405565738677979e-01,1.400415897369384766e-01,-3.210809454321861267e-02
6.050493717193603516e-01,1.000000596046447754e+00,9.668555855751037598e-02,1.823073476552963257e-01,2.486780053004622459e-03,-3.869739547371864319e-02,2.049101293087005615e-01,2.598453164100646973e-01,7.118495553731918335e-02,1.165324300527572632e-01,1.957643479108810425e-01,2.751775085926055908e-01,1.792247146368026733e-01,1.616358160972595215e-01,2.868581563234329224e-02,1.057414636015892029e-01,3.726688027381896973e-01,4.782455861568450928e-01,4.918192625045776367e-01,4.976740479469299316e-01,4.790756106376647949e-02,-7.790778297930955887e-03,-3.188330680131912231e-02,3.856135904788970947e-02,1.225034799426794052e-02,-1.231986936181783676e-02,8.237899839878082275e-02,-5.179398693144321442e-03,3.129037022590637207e-01,1.986735165119171143e-01,7.141509652137756348e-02,1.652830690145492554e-01,3.935144543647766113e-01,4.219338893890380859e-01,-4.890846833586692810e-02,-4.236284643411636353e-02,1.626418232917785645e-01,7.194583863019943237e-02,1.998477987945079803e-02,-1.396089908666908741e-03,1.319013386964797974e-01,2.346784621477127075e-01,1.877619326114654541e-01,1.828942894935607910e-01,-4.174587316811084747e-03,4.774852842092514038e-02,2.180486321449279785e-01,2.638441883027553558e-02,1.164331063628196716e-01,8.517820388078689575e-02,2.368950657546520233e-02,5.992969870567321777e-02,-2.918267250061035156e-02,-1.839767396450042725e-02,7.145483791828155518e-02,1.265831738710403442e-01,6.304512619972229004e-01,6.751507520675659180e-01,3.066462576389312744e-01,1.768917590379714966e-01,3.790548145771026611e-01,9.894272685050964355e-02,3.435057401657104492e-01,2.615567147731781006e-01,1.150187384337186813e-02,-2.315817400813102722e-02,8.650907874107360840e-02,7.873584516346454620e-03,3.761464357376098633e-01,4.138623774051666260e-01,2.281524389982223511e-01,2.677066326141357422e-01,3.819448947906494141e-01,3.240104913711547852e-01,3.144083917140960693e-01,2.383023202419281006e-01,2.695110440254211426e-01,1.881997734308242798e-01,2.052478194236755371e-01,1.866625249385833740e-01,1.878616213798522949e-01,2.996867895126342773e-01,-4.794665798544883728e-02,1.144821476191282272e-02,1.045792400836944580e-01,7.075185328722000122e-02,-2.602544054388999939e-02,4.226586781442165375e-03,7.354615721851587296e-03,1.694991067051887512e-02,-1.082549337297677994e-02,-1.590563058853149414e-01,-7.269495725631713867e-02,7.873609662055969238e-03,-1.310013383626937866e-01,-6.523247063159942627e-02,-2.262511849403381348e-02,4.056462273001670837e-02,7.542013376951217651e-02,1.391704529523849487e-01,9.735605865716934204e-02,6.064525991678237915e-02,1.999963521957397461e-01,1.283062845468521118e-01,1.064609885215759277e-01,-4.636304825544357300e-02,-1.699478738009929657e-02,1.474265661090612411e-02,1.317790001630783081e-01,-1.387440413236618042e-01,6.727951765060424805e-02,8.736105263233184814e-02,4.829113557934761047e-02,1.533295214176177979e-01,1.267120838165283203e-01,-4.436776787042617798e-02
-9.762871265411376953e-02,9.668555855751037598e-02,1.000000357627868652e+00,2.621979117393493652e-01,1.765308231115341187e-01,-2.654436975717544556e-02,4.555243551731109619e-01,-1.261476576328277588e-01,7.534056156873703003e-02,-1.374166905879974365e-01,-5.551085807383060455e-03,-2.934041917324066162e-01,2.003354728221893311e-01,-6.352557241916656494e-02,3.371770381927490234e-01,1.555920541286468506e-01,-5.216073617339134216e-02,-1.400084346532821655e-01,-6.454618275165557861e-02,-7.396228611469268799e-02,2.354112267494201660e-01,2.556608617305755615e-01,6.281939744949340820e-01,5.794345140457153320e-01,3.789980709552764893e-01,4.008733928203582764e-01,3.813952803611755371e-01,3.077959418296813965e-01,-9.146863967180252075e-02,-2.522702515125274658e-01,3.687170445919036865e-01,4.267907142639160156e-01,-5.471938289701938629e-03,2.005781419575214386e-02,3.254278600215911865e-01,1.618726700544357300e-01,2.736086845397949219e-01,1.931353908730670810e-04,3.450939953327178955e-01,1.545051187276840210e-01,2.186280637979507446e-01,3.868591040372848511e-02,-2.067125141620635986e-01,-1.799745857715606689e-01,-1.864743679761886597e-01,-2.203704863786697388e-01,-2.381880730390548706e-01,-2.115845531225204468e-01,-2.188581377267837524e-01,-2.587836682796478271e-01,-2.826072871685028076e-01,-2.596522867679595947e-01,-3.497420251369476318e-01,-1.840198785066604614e-01,-4.948589950799942017e-02,-1.335743218660354614e-01,1.726274341344833374e-01,1.589092910289764404e-01,-1.367247253656387329e-01,-2.475749403238296509e-01,-1.325488686561584473e-01,-2.384928911924362183e-01,-1.917050033807754517e-01,-3.107987344264984131e-01,2.761595845222473145e-01,1.476749479770660400e-01,-8.361760526895523071e-02,-2.228585481643676758e-01,5.626223236322402954e-02,2.063957741484045982e-03,2.281474769115447998e-01,1.008081957697868347e-01,1.547806859016418457e-01,-6.689679622650146484e-02,1.754629015922546387e-01,1.422240585088729858e-01,1.823554933071136475e-01,1.618799716234207153e-01,-7.007045298814773560e-02,-9.316621720790863037e-02,-1.330276429653167725e-01,-2.895456850528717041e-01,2.561696767807006836e-01,-1.477580368518829346e-01,1.953091770410537720e-01,-1.178885027766227722e-01,1.491511911153793335e-01,4.534908756613731384e-02,2.120249271392822266e-01,8.419840596616268158e-03,-2.960465848445892334e-01,-2.239621728658676147e-01,6.385974586009979248e-02,1.346930116415023804e-01,-4.852601513266563416e-02,4.338621720671653748e-02,-3.933348506689071655e-02,-8.318406343460083008e-02,-1.697303354740142822e-01,-3.236022293567657471e-01,-9.154178202152252197e-02,4.719213023781776428e-02,-1.405975669622421265e-01,-2.509491145610809326e-02,-1.053160727024078369e-01,-7.431992888450622559e-02,-7.551760971546173096e-02,-6.150569394230842590e-02,2.745316829532384872e-03,6.621990352869033813e-02,4.296361282467842102e-02,-1.966116391122341156e-02,-9.417202323675155640e-02,-1.377568393945693970e-01,8.947649970650672913e-03,-1.155944094061851501e-01
9.928011894226074219e-02,1.823073476552963257e-01,2.621979117393493652e-01,1.000000000000000000e+00,8.160158246755599976e-02,1.917139589786529541e-01,4.324356615543365479e-01,5.293211340904235840e-01,9.647987037897109985e-02,2.303392142057418823e-01,-8.814237266778945923e-02,7.049331068992614746e-02,-9.588505327701568604e-02,-8.744318783283233643e-02,-1.082043349742889404e-01,1.393139809370040894e-01,2.484527602791786194e-02,8.281691931188106537e-03,1.217779889702796936e-02,2.109521627426147461e-01,1.172116100788116455e-01,2.400884628295898438e-01,7.113943994045257568e-02,5.078802108764648438e-01,-2.215509489178657532e-02,1.021495461463928223e-01,4.588006436824798584e-02,1.562002301216125488e-01,3.049769438803195953e-02,-2.210889756679534912e-02,1.346734464168548584e-01,2.700304090976715088e-01,1.903288811445236206e-01,2.121911942958831787e-01,1.014956459403038025e-01,4.970165714621543884e-02,6.837784498929977417e-02,-5.570558831095695496e-03,1.637895107269287109e-01,-3.835810720920562744e-02,9.187085926532745361e-02,-2.055320329964160919e-02,5.634231492877006531e-03,2.356447279453277588e-02,5.955696571618318558e-03,1.671936176717281342e-02,-2.688898894120939076e-05,-2.545322850346565247e-02,5.254021845757961273e-03,4.429883882403373718e-02,-4.764642193913459778e-02,6.706465501338243484e-03,-5.858693271875381470e-02,1.669384539127349854e-02,-2.147944271564483643e-02,7.061481475830078125e-02,1.191917136311531067e-01,4.725940153002738953e-02,1.246242001652717590e-01,1.806284338235855103e-01,1.072931587696075439e-01,2.140670418739318848e-01,-1.825247704982757568e-02,-6.649147719144821167e-03,4.077116027474403381e-02,2.951264381408691406e-01,1.202119365334510803e-01,2.196375429630279541e-01,1.336993183940649033e-02,-2.586471475660800934e-02,2.009553909301757812e-01,2.404682338237762451e-01,9.493494778871536255e-02,2.570217661559581757e-02,1.235395967960357666e-01,1.024215444922447205e-01,7.912664115428924561e-02,1.046385839581489563e-01,2.205618284642696381e-02,-2.486599422991275787e-02,-1.689196936786174774e-02,-1.448063254356384277e-01,-1.375830173492431641e-01,-2.106569111347198486e-01,-3.781161084771156311e-02,3.753708302974700928e-02,-8.051285147666931152e-02,1.086029503494501114e-02,1.510707288980484009e-02,2.283499538898468018e-01,1.610664837062358856e-02,-3.836189582943916321e-02,1.752207428216934204e-01,8.607620000839233398e-02,-1.853379607200622559e-02,-4.526079446077346802e-02,-4.894332960247993469e-02,-2.930047176778316498e-02,-4.378872737288475037e-02,-4.745433479547500610e-02,7.816360145807266235e-02,1.830480694770812988e-01,8.370903134346008301e-02,1.000080481171607971e-01,2.650533244013786316e-02,3.728185314685106277e-03,8.715622127056121826e-02,5.231139715760946274e-03,-3.425481729209423065e-03,6.733804196119308472e-02,-3.432905301451683044e-03,-2.131263911724090576e-02,1.133711561560630798e-01,6.560833752155303955e-02,3.536552190780639648e-02,-1.306319702416658401e-02
-3.507350757718086243e-02,2.486780053004622459e-03,1.765308231115341187e-01,8.160158246755599976e-02,1.000000119209289551e+00,4.387925565242767334e-01,9.913340210914611816e-02,-1.712997853755950928e-01,5.575588345527648926e-01,4.685128331184387207e-01,3.246323391795158386e-02,-5.990206077694892883e-02,-4.260113462805747986e-02,-1.703091114759445190e-01,3.916808962821960449e-01,3.386247158050537109e-01,-3.898897394537925720e-02,-4.618809372186660767e-02,-7.412600517272949219e-02,-9.067435562610626221e-02,1.909374147653579712e-01,9.667796641588211060e-02,2.510346174240112305e-01,1.782642602920532227e-01,3.541037738323211670e-01,3.029419183731079102e-01,5.899754166603088379e-01,5.296335220336914062e-01,-9.339686483144760132e-02,-1.115037500858306885e-01,1.849105507135391235e-01,2.094218432903289795e-01,9.807917475700378418e-02,-5.888735409826040268e-03,1.348192542791366577e-01,8.480937033891677856e-02,5.626822263002395630e-02,1.180968433618545532e-01,-7.667739409953355789e-03,8.511728793382644653e-02,6.062771007418632507e-02,1.047200039029121399e-01,-1.604921370744705200e-01,-1.588705629110336304e-01,-2.111150622367858887e-01,-2.628975808620452881e-01,-1.655402630567550659e-01,-2.725872099399566650e-01,-1.872552186250686646e-01,-2.329675257205963135e-01,-2.002647370100021362e-01,-2.710863053798675537e-01,-1.424867808818817139e-01,-1.961312144994735718e-01,-7.742944359779357910e-02,1.493217051029205322e-01,1.525503695011138916e-01,9.583382308483123779e-02,-4.946152120828628540e-02,-1.659193038940429688e-01,9.604942984879016876e-03,-1.980956047773361206e-01,-9.037265181541442871e-02,-1.878678500652313232e-01,2.474379837512969971e-01,-2.513708733022212982e-02,-1.284801512956619263e-01,-1.812906861305236816e-01,-2.625386044383049011e-02,-1.130947023630142212e-01,1.842232346534729004e-01,9.841861575841903687e-02,-5.497935786843299866e-02,-1.904152333736419678e-01,-9.262318722903728485e-03,6.504438817501068115e-03,1.154751852154731750e-01,1.505837440490722656e-01,-1.341128063359064981e-05,-3.781791031360626221e-02,-1.607969962060451508e-02,-1.143893674015998840e-01,2.165406644344329834e-01,3.407137095928192139e-02,3.012710213661193848e-01,1.118000820279121399e-01,-3.995577618479728699e-02,1.706140488386154175e-01,2.262695878744125366e-01,3.560627102851867676e-01,-2.137123942375183105e-01,-1.332310885190963745e-01,1.193228140473365784e-01,2.573693692684173584e-01,-1.500288862735033035e-02,3.599959891289472580e-03,-2.336589545011520386e-01,-1.483492553234100342e-01,-2.524207234382629395e-01,-1.877167522907257080e-01,1.075388342142105103e-01,1.698422133922576904e-01,3.381735458970069885e-02,1.558381877839565277e-02,-3.295125067234039307e-02,-7.013177871704101562e-02,3.290246427059173584e-02,-2.961937338113784790e-02,-5.672259628772735596e-02,3.292046114802360535e-02,-1.030127778649330139e-01,-8.593077957630157471e-02,7.591011375188827515e-02,-5.986713245511054993e-02,2.455481328070163727e-02,6.452675908803939819e-02
-1.457909643650054932e-01,-3.869739547371864319e-02,-2.654436975717544556e-02,1.917139589786529541e-01,4.387925565242767334e-01,1.000000119209289551e+00,-1.165546923875808716e-01,1.383003429509699345e-03,3.406015932559967041e-01,3.997424840927124023e-01,-7.853184640407562256e-02,5.395944789052009583e-02,-2.202916592359542847e-01,-2.531095966696739197e-02,9.242381155490875244e-02,3.667588233947753906e-01,-6.526838988065719604e-02,-3.656853362917900085e-02,-9.524609148502349854e-02,3.454683721065521240e-02,2.066883593797683716e-01,2.230097353458404541e-01,7.743377238512039185e-02,1.743068993091583252e-01,9.817688167095184326e-02,2.134806960821151733e-01,4.089868962764739990e-01,5.220305919647216797e-01,-2.079859822988510132e-01,-1.539966315031051636e-01,1.055697053670883179e-01,9.887566417455673218e-02,-7.586693018674850464e-02,-6.015087664127349854e-02,7.056380063295364380e-02,5.211057513952255249e-02,-6.565169245004653931e-02,-8.935371413826942444e-03,-7.326224446296691895e-02,2.941648848354816437e-02,-1.210200190544128418e-01,8.572151511907577515e-02,-1.293771713972091675e-01,-5.865660682320594788e-02,-1.277519315481185913e-01,-1.422356516122817993e-01,-1.312674731016159058e-01,-1.812670975923538208e-01,-1.288754194974899292e-01,-8.793345093727111816e-02,-1.610106974840164185e-01,-7.429723441600799561e-02,-8.837629109621047974e-02,-7.934284396469593048e-03,-7.492937892675399780e-02,1.245620101690292358e-01,-3.007121384143829346e-03,8.202843368053436279e-02,-4.644272476434707642e-02,6.565693765878677368e-02,-1.582259126007556915e-02,4.614477604627609253e-02,-1.765276789665222168e-01,-7.894101738929748535e-02,2.030548751354217529e-01,2.863924205303192139e-01,-5.912621691823005676e-02,1.179119572043418884e-03,-1.718024909496307373e-01,-1.219935342669487000e-01,6.486186385154724121e-02,8.632238954305648804e-02,-1.074301823973655701e-01,-2.326459139585494995e-01,-5.732242017984390259e-02,-6.640888750553131104e-02,-2.177232177928090096e-03,5.350295826792716980e-02,-8.404669165611267090e-02,-1.506165228784084320e-02,-1.544023007154464722e-01,-1.172087863087654114e-01,7.611936330795288086e-02,-1.533752772957086563e-03,8.617807924747467041e-02,1.508107483386993408e-01,-2.744723111391067505e-02,8.292522281408309937e-02,1.355297025293111801e-02,2.719538807868957520e-01,-6.055651605129241943e-02,-1.250163018703460693e-01,1.447651982307434082e-01,7.623807340860366821e-02,-3.463825583457946777e-02,4.165991023182868958e-02,-9.010557830333709717e-02,-8.576260507106781006e-02,-1.775907874107360840e-01,-2.801193296909332275e-02,1.390938758850097656e-01,8.367356657981872559e-02,1.331375986337661743e-01,-2.359357103705406189e-02,6.868013739585876465e-02,-4.646579176187515259e-02,1.074221059679985046e-01,-1.766276732087135315e-02,-8.950133621692657471e-02,-6.687285844236612320e-03,-5.525838211178779602e-02,4.180931299924850464e-02,2.824017032980918884e-02,-3.711417783051729202e-03,7.715399563312530518e-02,3.109810315072536469e-02
2.747887074947357178e-01,2.049101293087005615e-01,4.555243551731109619e-01,4.324356615543365479e-01,9.913340210914611816e-02,-1.165546923875808716e-01,1.000000000000000000e+00,3.859417140483856201e-01,1.178389564156532288e-01,1.102797836065292358e-01,4.817943647503852844e-02,1.557666808366775513e-02,2.862862646579742432e-01,-2.902817167341709137e-02,3.927123546600341797e-02,-1.005069259554147720e-02,9.549514204263687134e-02,4.503292217850685120e-02,1.882594227790832520e-01,1.927054822444915771e-01,-7.926465012133121490e-03,1.266605705022811890e-01,9.742875397205352783e-02,2.627065479755401611e-01,-3.087831288576126099e-02,-9.628388285636901855e-02,3.846893832087516785e-02,3.760320693254470825e-02,1.456203311681747437e-01,-7.680865377187728882e-02,1.015291959047317505e-01,1.994401663541793823e-01,1.810848116874694824e-01,1.545663475990295410e-01,6.123198941349983215e-02,-1.672725006937980652e-02,1.159564927220344543e-01,-1.170691177248954773e-01,2.266483306884765625e-01,8.464384824037551880e-02,1.751608997583389282e-01,2.878633327782154083e-02,-5.006372183561325073e-02,-6.330052018165588379e-02,-1.814048923552036285e-02,-1.588362269103527069e-02,-5.357413738965988159e-02,-7.036673277616500854e-02,4.662008583545684814e-02,-2.277899533510208130e-02,-2.795750088989734650e-02,-1.161462888121604919e-01,-7.289188355207443237e-02,-8.678568154573440552e-02,6.793811917304992676e-03,5.489364638924598694e-02,2.120374143123626709e-01,1.462304145097732544e-01,1.965606659650802612e-01,1.432994604110717773e-01,2.709602713584899902e-01,1.648800224065780640e-01,2.011009305715560913e-01,1.482866257429122925e-01,4.056651145219802856e-02,8.954158984124660492e-03,1.621039360761642456e-01,9.253721684217453003e-02,1.289337128400802612e-01,-1.952365413308143616e-02,2.285013049840927124e-01,1.340687572956085205e-01,1.253233700990676880e-01,5.737987160682678223e-02,1.390725225210189819e-01,3.589451313018798828e-02,1.387577950954437256e-01,1.232667416334152222e-01,6.903351843357086182e-02,-4.442171379923820496e-02,-2.506730332970619202e-02,-1.119058951735496521e-01,-1.305808573961257935e-01,-1.321201622486114502e-01,-7.431829720735549927e-02,-1.769365370273590088e-01,-6.078301370143890381e-02,2.709370851516723633e-02,1.448071599006652832e-01,1.238532438874244690e-01,-8.659823238849639893e-02,-2.652646414935588837e-02,-3.202958405017852783e-02,1.100620701909065247e-01,-1.238752808421850204e-02,-1.309028360992670059e-02,-2.815805561840534210e-02,4.919720813632011414e-02,3.278753953054547310e-03,-5.087665840983390808e-02,3.707271441817283630e-02,8.919362723827362061e-02,8.358354866504669189e-02,8.959428220987319946e-02,-4.806052148342132568e-02,-2.249483950436115265e-02,-3.077650908380746841e-03,-2.050527185201644897e-02,-1.284979633055627346e-03,5.440522730350494385e-02,2.283830568194389343e-02,7.209386676549911499e-02,1.259115636348724365e-01,2.885163947939872742e-02,4.127615317702293396e-02,-1.107223108410835266e-01
2.697249948978424072e-01,2.598453164100646973e-01,-1.261476576328277588e-01,5.293211340904235840e-01,-1.712997853755950928e-01,1.383003429509699345e-03,3.859417140483856201e-01,1.000000238418579102e+00,-1.426608767360448837e-03,2.011296451091766357e-01,6.647180020809173584e-02,4.318590164184570312e-01,9.289223700761795044e-02,2.151333242654800415e-01,-2.422056049108505249e-01,3.088871203362941742e-02,9.517437219619750977e-02,1.463186293840408325e-01,1.961379051208496094e-01,3.831322491168975830e-01,-1.324001401662826538e-01,-6.592793390154838562e-03,-2.811385393142700195e-01,2.008577808737754822e-02,-3.651830554008483887e-01,-3.430997729301452637e-01,-2.679250836372375488e-01,-1.799593418836593628e-01,1.795962452888488770e-01,9.710629284381866455e-02,-7.355737686157226562e-02,-4.325518012046813965e-02,1.601624339818954468e-01,2.043159157037734985e-01,-1.126660928130149841e-01,-7.599599659442901611e-02,-1.314575374126434326e-01,-5.151854455471038818e-02,-4.977324046194553375e-03,8.020302280783653259e-03,-7.897518575191497803e-03,4.998473450541496277e-02,7.402287423610687256e-02,8.026291429996490479e-02,6.953427195549011230e-02,1.012951582670211792e-01,1.191773489117622375e-01,7.417966425418853760e-02,1.747611761093139648e-01,2.343434095382690430e-01,1.284871101379394531e-01,1.932843178510665894e-01,1.759230643510818481e-01,1.451732665300369263e-01,4.314048960804939270e-02,1.278680264949798584e-01,9.310759603977203369e-03,3.407445177435874939e-02,3.221200406551361084e-01,4.094545841217041016e-01,4.436669051647186279e-01,4.748999774456024170e-01,3.640467226505279541e-01,4.587965607643127441e-01,-1.195349842309951782e-01,9.174495935440063477e-02,2.599365711212158203e-01,3.049928843975067139e-01,3.618275513872504234e-03,-5.217325408011674881e-03,-2.463790960609912872e-02,6.899163872003555298e-02,5.924875661730766296e-02,1.268386691808700562e-01,9.395506232976913452e-02,-2.128245122730731964e-02,7.796962559223175049e-02,4.156632348895072937e-02,6.451006978750228882e-02,-3.083649091422557831e-02,-2.775690145790576935e-02,3.309613838791847229e-02,-3.098257780075073242e-01,1.718036085367202759e-02,-2.771250009536743164e-01,-9.989356994628906250e-02,-1.660077571868896484e-01,1.808911003172397614e-02,-1.122164949774742126e-01,1.378188282251358032e-01,1.198899373412132263e-01,-7.169436197727918625e-03,-8.301150053739547729e-02,-6.055669859051704407e-02,-7.284564524888992310e-02,-2.484226226806640625e-02,-2.909077703952789307e-02,3.124263696372509003e-02,1.025309488177299500e-01,9.315799176692962646e-02,4.152119904756546021e-02,6.026947125792503357e-02,1.719450950622558594e-01,1.051140949130058289e-01,8.300031721591949463e-02,2.487708255648612976e-02,6.683356314897537231e-02,1.216921955347061157e-02,-9.258479811251163483e-03,-3.674639016389846802e-02,-1.212896481156349182e-01,-3.940195590257644653e-02,3.011449985206127167e-02,1.134758070111274719e-01,2.388690784573554993e-02,-7.894769310951232910e-02
-4.862771555781364441e-02,7.118495553731918335e-02,7.534056156873703003e-02,9.647987037897109985e-02,5.575588345527648926e-01,3.406015932559967041e-01,1.178389564156532288e-01,-1.426608767360448837e-03,9.999996423721313477e-01,4.771011769771575928e-01,4.430752992630004883e-02,3.513294830918312073e-02,-7.945991307497024536e-02,-1.100545898079872131e-01,4.825675785541534424e-01,3.588039875030517578e-01,-1.262153238058090210e-01,-3.176537156105041504e-02,-1.119060814380645752e-01,1.426670420914888382e-02,3.749551624059677124e-02,3.316374868154525757e-02,1.444170027971267700e-01,1.101188436150550842e-01,2.175149470567703247e-01,1.751653552055358887e-01,3.485572636127471924e-01,2.171623557806015015e-01,-7.850413024425506592e-02,6.670185923576354980e-02,1.097640246152877808e-01,1.281791329383850098e-01,-7.095842808485031128e-02,-5.560977756977081299e-02,4.662710055708885193e-02,-7.207323610782623291e-02,-6.123452261090278625e-02,-1.675003394484519958e-02,-1.166285797953605652e-01,-7.601537555456161499e-02,-8.458364009857177734e-02,4.483892768621444702e-02,-1.790316402912139893e-01,-8.824182301759719849e-02,-2.107943147420883179e-01,-2.216497659683227539e-01,-9.339441359043121338e-02,-2.428886294364929199e-01,-1.969191431999206543e-01,-1.686909943819046021e-01,-1.737932562828063965e-01,-2.263468354940414429e-01,-1.138369664549827576e-01,-1.564107090234756470e-01,-1.177517548203468323e-01,1.012663915753364563e-01,4.649303108453750610e-02,4.377928376197814941e-02,-2.503281692042946815e-03,-1.151715070009231567e-01,9.586825966835021973e-02,-5.849827453494071960e-02,-5.804415419697761536e-02,-4.603311046957969666e-02,3.546860814094543457e-01,7.985271513462066650e-02,-1.937008649110794067e-01,-2.444438785314559937e-01,-4.910055547952651978e-03,-4.085440188646316528e-02,2.560482919216156006e-02,-2.809359878301620483e-02,-1.356495022773742676e-01,-1.868987977504730225e-01,-3.127897903323173523e-02,-8.326579630374908447e-02,-1.019485145807266235e-01,-3.847995027899742126e-02,-1.308405250310897827e-01,-8.172923326492309570e-02,-9.379276633262634277e-02,-7.008941471576690674e-02,1.537233293056488037e-01,-2.106520161032676697e-02,1.694393306970596313e-01,4.962231218814849854e-02,-7.357078045606613159e-02,1.521510630846023560e-01,1.123108640313148499e-01,2.109748125076293945e-01,-1.892476379871368408e-01,-1.263225227594375610e-01,-9.844021871685981750e-03,9.067384898662567139e-02,-9.407827630639076233e-03,-6.560405343770980835e-02,-1.784693002700805664e-01,-1.497949957847595215e-01,-1.477914452552795410e-01,-1.618304550647735596e-01,1.342466771602630615e-01,7.082367688417434692e-02,7.056546211242675781e-02,2.106791362166404724e-02,-1.042545493692159653e-02,-7.819961756467819214e-02,2.240834571421146393e-02,-6.216325797140598297e-03,-7.358217984437942505e-02,-7.893259823322296143e-02,-1.579861342906951904e-01,-7.938104867935180664e-02,-2.334928698837757111e-02,-7.523543667048215866e-03,8.696756511926651001e-02,5.321000516414642334e-02
1.163777112960815430e-01,1.165324300527572632e-01,-1.374166905879974365e-01,2.303392142057418823e-01,4.685128331184387207e-01,3.997424840927124023e-01,1.102797836065292358e-01,2.011296451091766357e-01,4.771011769771575928e-01,1.000000119209289551e+00,8.684654533863067627e-02,1.523666828870773315e-01,-6.932386010885238647e-02,-1.181698143482208252e-01,2.491442710161209106e-01,4.341989755630493164e-01,4.895223304629325867e-02,1.431926786899566650e-01,8.804957568645477295e-02,1.180303245782852173e-01,1.342816743999719620e-02,7.799188792705535889e-02,-1.189104542136192322e-01,1.930806040763854980e-02,1.284454464912414551e-01,5.221364274621009827e-02,2.597265839576721191e-01,2.580064535140991211e-01,1.244423016905784607e-01,2.065654546022415161e-01,8.542176336050033569e-02,6.341511756181716919e-02,1.507203280925750732e-01,1.000625938177108765e-01,-1.408865749835968018e-01,-8.921195566654205322e-02,-1.083554252982139587e-01,-2.812019363045692444e-02,-1.659371703863143921e-01,-2.060178667306900024e-02,-4.811250418424606323e-02,4.619580507278442383e-02,4.089645226486027241e-04,7.714211475104093552e-03,-2.613218128681182861e-02,-2.402937225997447968e-02,1.998291909694671631e-02,-7.559486478567123413e-02,-5.318688228726387024e-02,-1.287642866373062134e-02,-3.826270252466201782e-02,-4.913340881466865540e-02,1.413899473845958710e-02,-3.069062344729900360e-02,-1.286877244710922241e-01,2.111235409975051880e-01,7.978174090385437012e-02,1.174987405538558960e-01,1.256216913461685181e-01,1.302316039800643921e-01,1.674034595489501953e-01,1.850593239068984985e-01,7.890906929969787598e-02,1.614906638860702515e-01,-4.865827038884162903e-02,3.890218585729598999e-02,6.093121692538261414e-02,7.704254239797592163e-02,1.161194741725921631e-01,4.098833724856376648e-02,3.000014461576938629e-02,9.620075672864913940e-02,-3.043066151440143585e-02,4.364237561821937561e-02,-2.562426589429378510e-02,-4.952905699610710144e-02,-6.140236184000968933e-02,-4.475529864430427551e-02,8.095431327819824219e-02,1.054323762655258179e-01,1.266666650772094727e-01,1.577261537313461304e-01,-1.323769390583038330e-01,-1.182732172310352325e-02,-1.837102510035037994e-02,1.508626341819763184e-01,-1.921511292457580566e-01,1.133614256978034973e-01,-1.968310959637165070e-02,3.196145892143249512e-01,-6.778359878808259964e-03,7.993718981742858887e-02,-1.527099870145320892e-02,7.788561284542083740e-02,1.551650743931531906e-02,-3.831127285957336426e-02,-9.722957015037536621e-02,4.005053639411926270e-02,-7.536641508340835571e-02,4.552058875560760498e-02,1.731710284948348999e-01,2.178512960672378540e-01,2.012856751680374146e-01,1.778965443372726440e-01,6.590811163187026978e-02,4.618462175130844116e-02,3.926887363195419312e-02,1.261083409190177917e-03,-3.369632735848426819e-02,-5.379109084606170654e-02,-8.353143930435180664e-02,2.113634906709194183e-02,1.643829494714736938e-01,1.297991871833801270e-01,1.320935636758804321e-01,1.079063415527343750e-01
3.190223574638366699e-01,1.957643479108810425e-01,-5.551085807383060455e-03,-8.814237266778945923e-02,3.246323391795158386e-02,-7.853184640407562256e-02,4.817943647503852844e-02,6.647180020809173584e-02,4.430752992630004883e-02,8.684654533863067627e-02,1.000000238418579102e+00,2.788509428501129150e-01,4.512784183025360107e-01,3.058421611785888672e-01,1.231906637549400330e-01,1.350566446781158447e-01,2.543196082115173340e-01,1.419688016176223755e-01,2.211549431085586548e-01,3.123108148574829102e-01,-1.360538695007562637e-02,-1.171143352985382080e-02,1.074786763638257980e-02,-3.636543825268745422e-02,-6.253852695226669312e-02,-9.421684592962265015e-02,-7.107326388359069824e-02,-2.139618061482906342e-02,3.108858168125152588e-01,1.748770922422409058e-01,1.568950414657592773e-01,9.956520050764083862e-02,2.239729613065719604e-01,2.272295951843261719e-01,4.394451901316642761e-02,3.196611255407333374e-02,5.144844949245452881e-02,3.329816972836852074e-03,-1.570455357432365417e-02,6.808795034885406494e-02,7.332464307546615601e-02,5.324882268905639648e-02,8.991891145706176758e-02,2.266806177794933319e-02,7.151751965284347534e-02,1.055111587047576904e-01,1.225049570202827454e-01,4.356522485613822937e-02,7.102799415588378906e-02,8.265984058380126953e-02,-2.520572394132614136e-02,2.071616239845752716e-02,-8.624273538589477539e-02,2.375880070030689240e-02,1.092099584639072418e-02,5.296264216303825378e-02,2.437308430671691895e-01,1.527122408151626587e-01,7.614111062139272690e-03,-5.265677347779273987e-02,1.618229001760482788e-01,1.108051389455795288e-01,1.707236766815185547e-01,2.430162727832794189e-01,-2.179159596562385559e-02,5.425507575273513794e-02,5.405380576848983765e-02,6.461444310843944550e-03,1.460753083229064941e-01,2.581029832363128662e-01,-3.350235521793365479e-02,-5.161084234714508057e-02,2.057729512453079224e-01,1.894604414701461792e-01,1.243060007691383362e-01,1.091976985335350037e-01,1.736510246992111206e-01,7.868830114603042603e-02,1.258629560470581055e-01,1.079114433377981186e-02,1.271488368511199951e-01,1.729305684566497803e-01,4.073865339159965515e-02,1.330053955316543579e-01,5.125576630234718323e-02,1.681175976991653442e-01,-1.123719513416290283e-01,9.396456927061080933e-02,-1.005106642842292786e-01,-1.216381136327981949e-02,-1.074399799108505249e-01,-1.149066537618637085e-01,-1.744075864553451538e-01,-4.928457364439964294e-02,2.154760621488094330e-02,1.365777850151062012e-01,3.121016733348369598e-02,1.156771928071975708e-01,2.876389399170875549e-02,-1.565958186984062195e-02,1.721875928342342377e-02,-9.041220694780349731e-02,1.521163433790206909e-01,7.641656696796417236e-02,1.237600296735763550e-01,5.476945266127586365e-02,-5.578851699829101562e-02,5.206402391195297241e-02,1.190425306558609009e-01,3.578769043087959290e-02,9.600095450878143311e-02,-2.267608215333893895e-04,-1.357961893081665039e-01,1.532244086265563965e-01,1.460269838571548462e-01,4.142254963517189026e-02
3.995130360126495361e-01,2.751775085926055908e-01,-2.934041917324066162e-01,7.049331068992614746e-02,-5.990206077694892883e-02,5.395944789052009583e-02,1.557666808366775513e-02,4.318590164184570312e-01,3.513294830918312073e-02,1.523666828870773315e-01,2.788509428501129150e-01,1.000000476837158203e+00,1.048239246010780334e-01,4.734477698802947998e-01,-2.329917550086975098e-01,1.049646958708763123e-01,1.955763399600982666e-01,2.633004486560821533e-01,2.048579305410385132e-01,4.129730761051177979e-01,-1.716202646493911743e-01,-1.141111776232719421e-01,-3.207800090312957764e-01,-2.070662230253219604e-01,-3.770485520362854004e-01,-3.729527890682220459e-01,-2.928824722766876221e-01,-2.096383273601531982e-01,2.532905042171478271e-01,1.820822060108184814e-01,-1.664365082979202271e-01,-1.696041226387023926e-01,2.400401532649993896e-01,3.049997687339782715e-01,-1.031065136194229126e-01,-5.181095376610755920e-02,-6.313493847846984863e-02,-7.446018978953361511e-03,-7.812608033418655396e-02,-8.637292683124542236e-02,3.660210967063903809e-02,1.070039644837379456e-01,1.226558238267898560e-01,2.757036127150058746e-02,1.007205024361610413e-01,1.175300180912017822e-01,1.988254040479660034e-01,1.752042323350906372e-01,2.607630193233489990e-01,2.715611159801483154e-01,1.997431069612503052e-01,2.251780331134796143e-01,1.657980382442474365e-01,1.776717603206634521e-01,1.686216294765472412e-01,1.785152107477188110e-01,8.622276782989501953e-02,1.370050162076950073e-01,2.579160034656524658e-01,3.157270848751068115e-01,4.369519948959350586e-01,3.426616787910461426e-01,4.328081607818603516e-01,4.828658401966094971e-01,-8.632082492113113403e-02,-1.551202535629272461e-01,1.894726604223251343e-01,1.778109371662139893e-01,-9.846585988998413086e-02,8.837092667818069458e-02,-1.993361860513687134e-01,-5.878866836428642273e-02,1.730851233005523682e-01,2.031273841857910156e-01,1.225998029112815857e-01,9.810090810060501099e-02,1.862261444330215454e-01,1.218494400382041931e-01,1.173873990774154663e-01,7.224518805742263794e-02,-4.133627563714981079e-02,1.218814998865127563e-01,-1.789011359214782715e-01,-1.905883289873600006e-02,-2.454557716846466064e-01,-9.663193486630916595e-03,-9.558880329132080078e-02,-4.698530957102775574e-02,-1.263835579156875610e-01,1.342123746871948242e-01,1.722673475742340088e-01,-7.536543416790664196e-04,-3.339075297117233276e-02,-1.025736331939697266e-01,-7.553754001855850220e-02,-7.501099258661270142e-02,-4.119294229894876480e-03,3.817728022113442421e-03,1.149767711758613586e-01,1.491691470146179199e-01,8.440020494163036346e-03,-9.758286923170089722e-02,1.688350141048431396e-01,-2.745690196752548218e-02,1.328835040330886841e-01,1.986298337578773499e-02,6.248870864510536194e-02,-3.991612419486045837e-02,1.417535264045000076e-02,-3.135733678936958313e-02,-1.596092283725738525e-01,-9.283790737390518188e-02,-2.600102685391902924e-02,1.531295031309127808e-01,1.402404755353927612e-01,3.952090069651603699e-02
3.113287091255187988e-01,1.792247146368026733e-01,2.003354728221893311e-01,-9.588505327701568604e-02,-4.260113462805747986e-02,-2.202916592359542847e-01,2.862862646579742432e-01,9.289223700761795044e-02,-7.945991307497024536e-02,-6.932386010885238647e-02,4.512784183025360107e-01,1.048239246010780334e-01,1.000000000000000000e+00,3.382893502712249756e-01,1.705070883035659790e-01,4.290514811873435974e-02,2.482583820819854736e-01,1.542779207229614258e-01,2.347390651702880859e-01,1.286672353744506836e-01,7.179767824709415436e-03,9.161770343780517578e-03,3.184740617871284485e-02,-3.464045003056526184e-02,-6.374341435730457306e-03,-8.008847385644912720e-02,4.761097207665443420e-02,-1.752276718616485596e-02,2.654452621936798096e-01,5.195070803165435791e-02,1.941482126712799072e-01,1.109746545553207397e-01,1.829570382833480835e-01,1.405594348907470703e-01,3.748493501916527748e-03,-4.130637273192405701e-02,2.284804284572601318e-01,2.430379390716552734e-04,1.583830416202545166e-01,2.062311619520187378e-01,2.020335197448730469e-01,1.099926307797431946e-01,-5.975114926695823669e-02,-9.489067643880844116e-02,-8.956958353519439697e-02,-6.173174455761909485e-02,-5.494559183716773987e-02,-9.673539549112319946e-02,-4.993608221411705017e-02,-5.768578499555587769e-02,-7.842093706130981445e-02,-5.903694778680801392e-02,-1.054894402623176575e-01,-1.377685219049453735e-01,5.218303576111793518e-02,3.351335600018501282e-02,2.291989028453826904e-01,1.881488263607025146e-01,2.475918270647525787e-02,-9.686399996280670166e-02,2.252787500619888306e-01,-1.831823401153087616e-02,2.871586978435516357e-01,1.658276468515396118e-01,-2.073483914136886597e-01,-8.391136676073074341e-02,1.387600414454936981e-02,-5.809170007705688477e-02,9.142456948757171631e-02,1.885279715061187744e-01,1.277046203613281250e-01,3.785153850913047791e-02,2.500113546848297119e-01,2.452531009912490845e-01,2.505767643451690674e-01,1.235627084970474243e-01,2.588406205177307129e-01,1.641896367073059082e-01,2.371784299612045288e-01,1.052177175879478455e-01,1.729232519865036011e-01,2.017220407724380493e-01,1.231248304247856140e-01,2.026885002851486206e-01,1.254572123289108276e-01,-1.023558434098958969e-02,-2.491963282227516174e-02,5.669751390814781189e-02,9.770572930574417114e-02,-5.840525776147842407e-02,-1.611545979976654053e-01,-1.255852580070495605e-01,-1.741097867488861084e-01,3.015076369047164917e-02,2.858021110296249390e-02,1.784043908119201660e-01,4.430516436696052551e-02,1.322094351053237915e-01,3.544963523745536804e-02,-1.093970388174057007e-01,-1.196991875767707825e-01,-6.786626577377319336e-02,4.093802720308303833e-02,1.053864508867263794e-01,-6.588765420019626617e-03,1.954407617449760437e-02,-9.128862619400024414e-02,6.084668263792991638e-02,1.078243777155876160e-01,3.580480813980102539e-02,1.257523298263549805e-01,4.721828177571296692e-02,-1.675431728363037109e-01,5.210176855325698853e-02,8.310338109731674194e-02,-8.547138422727584839e-02
