1.000000238418579102e+00,6.199796199798583984e-01,2.036195099353790283e-01,7.968448102474212646e-02,2.598477005958557129e-01,3.799245953559875488e-01,4.494481980800628662e-01,3.693921864032745361e-01,1.223465651273727417e-01,3.833435773849487305e-01,3.705475628376007080e-01,4.807460606098175049e-01,3.788518905639648438e-01,4.215880632400512695e-01,-1.625494472682476044e-02,2.653550803661346436e-01,4.261399209499359131e-01,2.977351844310760498e-01,4.543597102165222168e-01,3.877914845943450928e-01,2.997127473354339600e-01,2.368106842041015625e-01,3.450011610984802246e-01,3.006617426872253418e-01,1.553305983543395996e-01,3.042524158954620361e-01,2.763259112834930420e-01,3.708764612674713135e-01,3.336539268493652344e-01,2.791664004325866699e-01,3.579193651676177979e-01,3.167634904384613037e-01,2.330388873815536499e-01,2.488458007574081421e-01,1.432634145021438599e-01,1.062307953834533691e-01,4.114825129508972168e-01,1.316392123699188232e-01,3.610324859619140625e-01,7.784580439329147339e-02,3.329337537288665771e-01,6.783398240804672241e-02,6.303328275680541992e-02,1.068806201219558716e-01,1.090319380164146423e-01,3.384228795766830444e-02,-3.399441018700599670e-02,3.132358565926551819e-02,7.449585199356079102e-02,4.756907373666763306e-02,8.178205043077468872e-02,2.244077622890472412e-03,-9.187064715661108494e-04,-9.079064428806304932e-02,1.509244143962860107e-01,2.262724786996841431e-01,6.294625997543334961e-01,5.026736855506896973e-01,4.185677468776702881e-01,2.808846235275268555e-01,4.104301631450653076e-01,1.736961305141448975e-01,-1.400897949934005737e-01,1.596736460924148560e-01,1.377388983964920044e-01,1.173928081989288330e-01,3.883118331432342529e-01,3.720248937606811523e-01,2.326380312442779541e-01,3.746511936187744141e-01,2.479168474674224854e-01,3.124816715717315674e-01,5.809527263045310974e-02,2.069344371557235718e-01,5.096884444355964661e-02,1.613305956125259399e-01,3.451921641826629639e-01,2.981912791728973389e-01,3.413161039352416992e-01,1.137014403939247131e-01,3.090676069259643555e-01,2.779108285903930664e-01,1.849990487098693848e-01,2.630482316017150879e-01,3.514040410518646240e-01,4.386701583862304688e-01,1.713757812976837158e-01,2.703936696052551270e-01,3.497427999973297119e-01,3.359475433826446533e-01,-2.317778766155242920e-01,-1.064202263951301575e-01,-2.458399087190628052e-01,-4.887359216809272766e-02,7.896438986063003540e-02,1.763185262680053711e-01,3.914561569690704346e-01,3.376510739326477051e-01,-1.800571680068969727e-01,6.572650372982025146e-02,1.097185164690017700e-01,2.534280717372894287e-01,3.384791314601898193e-01,4.207525253295898438e-01,4.354721307754516602e-01,3.821375966072082520e-01,1.526012271642684937e-01,3.693184256553649902e-01,1.582324504852294922e-02,-7.450925558805465698e-02,5.851753428578376770e-02,1.498458534479141235e-01,-1.511714905500411987e-01,2.239233255386352539e-02,3.069376051425933838e-01,3.198530077934265137e-01
6.199796199798583984e-01,9.999997019767761230e-01,1.353273093700408936e-01,5.873985122889280319e-03,1.622978299856185913e-01,3.727373480796813965e-01,2.503193616867065430e-01,3.954393863677978516e-01,6.586640328168869019e-02,3.996947705745697021e-01,3.955227434635162354e-01,5.414333939552307129e-01,2.363497167825698853e-01,4.857895672321319580e-01,-8.708120882511138916e-02,3.094919025897979736e-01,4.961088001728057861e-01,4.872257709503173828e-01,4.811189174652099609e-01,4.578179717063903809e-01,3.511004447937011719e-01,2.703890204429626465e-01,3.294577002525329590e-01,2.779400050640106201e-01,7.812553644180297852e-02,2.688151001930236816e-01,2.263448834419250488e-01,3.433369398117065430e-01,4.030778408050537109e-01,4.023033678531646729e-01,3.943429887294769287e-01,4.060629308223724365e-01,2.331976592540740967e-01,2.890599966049194336e-01,1.942521482706069946e-01,2.527455687522888184e-01,4.627947807312011719e-01,2.864431738853454590e-01,3.839760720729827881e-01,2.440106421709060669e-01,3.270922005176544189e-01,1.341249495744705200e-01,-1.168661378324031830e-02,8.054995536804199219e-02,1.603007465600967407e-01,1.663576811552047729e-01,-1.025121062994003296e-01,5.790964234620332718e-03,9.295438975095748901e-02,1.049977764487266541e-01,-6.735535711050033569e-02,4.050104692578315735e-02,-2.939178943634033203e-01,-2.603568434715270996e-01,1.816400513052940369e-02,3.761547207832336426e-01,5.856664180755615234e-01,7.042175531387329102e-01,4.715846478939056396e-01,2.209150493144989014e-01,3.454312980175018311e-01,1.930617243051528931e-01,-2.251134961843490601e-01,2.823276221752166748e-01,9.324673563241958618e-02,7.236683368682861328e-02,4.260789752006530762e-01,4.030042290687561035e-01,1.558744758367538452e-01,5.455537438392639160e-01,4.567821621894836426e-01,4.803821444511413574e-01,7.509648799896240234e-02,3.780680894851684570e-01,4.684624448418617249e-02,3.224067389965057373e-01,3.340760171413421631e-01,3.831778764724731445e-01,4.733917117118835449e-01,1.656618118286132812e-01,3.452933132648468018e-01,5.155615806579589844e-01,2.681237272918224335e-02,2.457571476697921753e-01,1.858449429273605347e-01,4.941323995590209961e-01,-3.474896401166915894e-02,2.225220948457717896e-01,1.996031254529953003e-01,4.204091429710388184e-01,-3.391036391258239746e-01,-4.259854182600975037e-02,-3.346453309059143066e-01,-1.023011729121208191e-01,1.668142899870872498e-02,1.651847362518310547e-01,3.908864259719848633e-01,4.002859592437744141e-01,-1.939563006162643433e-01,1.811239272356033325e-01,1.236486658453941345e-01,1.854432970285415649e-01,3.198407590389251709e-01,4.338229000568389893e-01,4.761264622211456299e-01,4.195455312728881836e-01,1.984288692474365234e-01,4.398716688156127930e-01,4.202703386545181274e-02,-1.105490699410438538e-01,4.349717497825622559e-02,1.225999444723129272e-01,-1.389326304197311401e-01,-3.282397985458374023e-02,3.110694587230682373e-01,3.192640244960784912e-01
2.036195099353790283e-01,1.353273093700408936e-01,1.000000476837158203e+00,4.595815837383270264e-01,7.148165255784988403e-02,-2.090291306376457214e-02,3.375875055789947510e-01,1.515364497900009155e-01,-4.822082817554473877e-02,-5.741007253527641296e-02,-1.108856755308806896e-03,1.021046563982963562e-01,2.461832761764526367e-01,1.604567170143127441e-01,2.392514348030090332e-01,6.978531926870346069e-02,3.738256916403770447e-02,1.216517109423875809e-02,1.361287087202072144e-01,1.553938984870910645e-01,1.259321272373199463e-01,6.566394865512847900e-02,4.585888981819152832e-01,3.885622322559356689e-01,1.470769792795181274e-01,7.948943972587585449e-02,8.830858767032623291e-02,1.178293451666831970e-01,2.024092376232147217e-01,1.147660613059997559e-01,2.629483044147491455e-01,2.053750455379486084e-01,5.106624588370323181e-02,1.641828864812850952e-01,-5.965082719922065735e-02,4.437474708538502455e-04,1.771914511919021606e-01,-1.358418259769678116e-02,2.742149233818054199e-01,1.373888999223709106e-01,2.568745613098144531e-01,7.768820971250534058e-02,1.250873059034347534e-01,1.928740292787551880e-01,1.100093200802803040e-01,2.043717950582504272e-01,1.251103822141885757e-02,5.776977539062500000e-02,3.273911401629447937e-02,1.201898604631423950e-01,4.014057666063308716e-02,-3.320571966469287872e-03,6.034951284527778625e-02,5.780711397528648376e-02,2.484876066446304321e-01,2.515841424465179443e-01,9.263340383768081665e-02,2.964130975306034088e-02,1.236153393983840942e-02,1.214176118373870850e-01,1.474915742874145508e-01,1.082967892289161682e-01,1.109451428055763245e-01,5.683955177664756775e-02,-7.809108495712280273e-02,6.941507756710052490e-02,8.023699373006820679e-02,1.930532604455947876e-01,1.473756730556488037e-01,2.069848030805587769e-01,1.254410147666931152e-01,1.390119791030883789e-01,1.105206683278083801e-01,-1.023879554122686386e-02,6.980618089437484741e-02,1.392471790313720703e-02,1.469031721353530884e-01,1.060141623020172119e-01,9.855900704860687256e-02,-7.229150086641311646e-02,2.240173816680908203e-01,4.185965284705162048e-02,3.012358546257019043e-01,1.405610442161560059e-01,9.573619812726974487e-02,-1.078946329653263092e-02,2.594515383243560791e-01,6.861772388219833374e-02,1.244237720966339111e-01,3.036631271243095398e-02,1.277014315128326416e-01,1.218193471431732178e-01,7.629992812871932983e-02,2.066869521513581276e-03,1.733708083629608154e-01,5.795929580926895142e-02,1.660999953746795654e-01,1.114817187190055847e-01,1.115146130323410034e-01,1.456103920936584473e-01,1.677639409899711609e-02,2.796458639204502106e-02,3.375554457306861877e-02,9.914423525333404541e-02,8.288396149873733521e-02,1.080138161778450012e-01,1.019920706748962402e-01,1.395980268716812134e-01,1.369305253028869629e-01,5.150347482413053513e-03,2.384207211434841156e-02,-5.236350465565919876e-03,5.595473200082778931e-02,3.941117227077484131e-02,7.340905070304870605e-02,1.408835947513580322e-01
7.968448102474212646e-02,5.873985122889280319e-03,4.595815837383270264e-01,1.000000238418579102e+00,-8.987428247928619385e-02,-9.059295058250427246e-02,3.038730323314666748e-01,2.297490984201431274e-01,-1.525896936655044556e-01,-1.924625188112258911e-01,-7.633788138628005981e-02,9.833508729934692383e-02,1.663168817758560181e-01,1.248881667852401733e-01,1.810999810695648193e-01,3.798257932066917419e-02,-1.124418526887893677e-01,-6.996454298496246338e-02,7.757212035357952118e-03,-1.508986577391624451e-02,7.780414540320634842e-03,2.811940386891365051e-02,1.896544247865676880e-01,2.652036249637603760e-01,5.963243916630744934e-02,8.921532332897186279e-02,-1.221676729619503021e-02,6.262870877981185913e-02,1.001745089888572693e-01,1.329873204231262207e-01,6.354907155036926270e-02,8.091077208518981934e-02,-2.838709764182567596e-02,6.891291588544845581e-02,-7.949549704790115356e-03,6.209533661603927612e-02,7.909544557332992554e-02,-4.272446781396865845e-02,1.140383407473564148e-01,9.134352952241897583e-02,1.072855666279792786e-01,8.499731123447418213e-02,1.773297190666198730e-01,2.028730064630508423e-01,4.276598244905471802e-02,1.819892078638076782e-01,9.583272784948348999e-02,1.405248045921325684e-01,8.002860844135284424e-02,2.175247371196746826e-01,5.455698072910308838e-02,8.091946691274642944e-02,1.146032810211181641e-01,1.865949481725692749e-01,1.934603005647659302e-01,2.594893574714660645e-01,-9.030811488628387451e-02,-7.960052043199539185e-02,-9.290695935487747192e-02,-3.406887128949165344e-02,-4.309914074838161469e-03,1.108795851469039917e-01,1.721316874027252197e-01,1.538615822792053223e-01,-1.178593188524246216e-01,1.867588311433792114e-01,8.772374689579010010e-02,1.515531688928604126e-01,5.417942255735397339e-02,-1.145012900233268738e-01,-7.726929336786270142e-02,-1.798908039927482605e-02,2.391332238912582397e-01,2.644775435328483582e-02,1.798849254846572876e-01,1.871014945209026337e-02,1.149353533983230591e-01,1.213923022150993347e-01,-1.608700677752494812e-02,-1.021653041243553162e-01,8.388063311576843262e-02,-5.660135671496391296e-02,1.379690319299697876e-01,1.555017083883285522e-01,-1.166356205940246582e-01,-9.989389032125473022e-02,1.550320684909820557e-01,-8.368854410946369171e-03,-1.291324645280838013e-01,-6.780860573053359985e-02,1.599956601858139038e-01,3.024771809577941895e-01,4.349704831838607788e-02,1.184564381837844849e-01,1.767815798521041870e-01,9.260718524456024170e-02,9.303184226155281067e-03,-2.405549213290214539e-02,9.141360968351364136e-02,2.888768315315246582e-01,-1.333654969930648804e-01,-8.596922457218170166e-02,-1.038172394037246704e-01,-7.710783928632736206e-02,-5.063845217227935791e-02,-7.734043151140213013e-02,6.274659186601638794e-02,8.692961186170578003e-02,2.063162475824356079e-01,2.080525010824203491e-01,1.324840039014816284e-01,6.675680167973041534e-03,1.035382822155952454e-01,-2.880168706178665161e-02,3.720595967024564743e-03,5.204671621322631836e-02
2.598477005958557129e-01,1.622978299856185913e-01,7.148165255784988403e-02,-8.987428247928619385e-02,1.000000119209289551e+00,6.621611118316650391e-01,3.053713738918304443e-01,3.629213571548461914e-01,5.573298335075378418e-01,3.881193399429321289e-01,4.003624245524406433e-02,1.705051064491271973e-01,3.521925210952758789e-01,2.994909286499023438e-01,1.305402517318725586e-01,1.698777377605438232e-01,9.796683490276336670e-02,1.126500591635704041e-01,9.182880073785781860e-02,9.363882988691329956e-02,2.680533826351165771e-01,2.324479520320892334e-01,2.778858542442321777e-01,2.077459245920181274e-01,5.655453801155090332e-01,5.330069065093994141e-01,6.822144389152526855e-01,6.232339739799499512e-01,-1.084371507167816162e-01,-3.329337388277053833e-02,2.820055186748504639e-01,2.186214327812194824e-01,7.136660814285278320e-02,3.426610678434371948e-02,-3.822138905525207520e-02,-1.222579926252365112e-01,4.538374766707420349e-02,4.143729805946350098e-02,-1.138295140117406845e-02,5.413468182086944580e-02,4.122999310493469238e-02,2.311320900917053223e-01,-1.589929610490798950e-01,-1.393887847661972046e-01,-2.313963025808334351e-01,-4.371645301580429077e-02,-2.264580279588699341e-01,-1.632529050111770630e-01,-2.262404412031173706e-01,-3.303922340273857117e-02,1.257267780601978302e-02,-2.768497169017791748e-02,1.999857276678085327e-01,6.209945306181907654e-03,2.556923031806945801e-01,4.249293822795152664e-03,3.333193063735961914e-01,2.786184251308441162e-01,1.620616912841796875e-01,5.566859245300292969e-01,3.265188336372375488e-01,1.906876862049102783e-01,-4.938977956771850586e-02,1.634943038225173950e-01,1.513668894767761230e-01,1.300270110368728638e-01,1.328800991177558899e-02,7.420780509710311890e-02,1.048971340060234070e-01,1.415600627660751343e-01,6.414785236120223999e-02,1.053479537367820740e-01,3.383035957813262939e-02,6.166807934641838074e-02,1.396023780107498169e-01,6.392341852188110352e-02,8.796416223049163818e-02,1.440117955207824707e-01,4.400331526994705200e-02,6.048468500375747681e-02,1.515663564205169678e-01,1.312624067068099976e-01,2.938972115516662598e-01,2.970684170722961426e-01,3.443450927734375000e-01,2.001509517431259155e-01,5.418510437011718750e-01,4.997342228889465332e-01,3.855976760387420654e-01,4.262962639331817627e-01,-1.087340563535690308e-01,-1.357308924198150635e-01,-1.462656408548355103e-01,-4.682340472936630249e-02,-8.427435904741287231e-02,4.039496183395385742e-02,1.467375457286834717e-01,2.639876008033752441e-01,-2.252583205699920654e-01,-3.188070058822631836e-01,7.696912437677383423e-02,2.114846557378768921e-01,2.604689598083496094e-01,2.964867353439331055e-01,1.359829604625701904e-01,1.907111257314682007e-01,1.289767492562532425e-02,1.022677347064018250e-01,-6.688758730888366699e-02,-9.427534043788909912e-02,6.137124821543693542e-02,6.881175190210342407e-02,-1.917613297700881958e-01,-8.596952073276042938e-03,5.914260074496269226e-02,2.321889847517013550e-01
3.799245953559875488e-01,3.727373480796813965e-01,-2.090291306376457214e-02,-9.059295058250427246e-02,6.621611118316650391e-01,1.000000476837158203e+00,3.262646198272705078e-01,5.442095994949340820e-01,4.561271965503692627e-01,7.106669545173645020e-01,2.293450534343719482e-01,4.451377987861633301e-01,2.728689908981323242e-01,6.048949360847473145e-01,6.695286836475133896e-03,5.075074434280395508e-01,2.431178539991378784e-01,2.758195698261260986e-01,2.248909622430801392e-01,2.277550697326660156e-01,4.645819365978240967e-01,4.141211807727813721e-01,2.483762353658676147e-01,2.392090409994125366e-01,3.532976210117340088e-01,5.843865275382995605e-01,5.529118776321411133e-01,7.189466953277587891e-01,4.896720498800277710e-02,2.189461141824722290e-01,3.667566180229187012e-01,3.296826183795928955e-01,1.661203205585479736e-01,1.362394690513610840e-01,4.559530317783355713e-02,8.124800026416778564e-02,8.929199725389480591e-02,5.248077213764190674e-02,6.163409724831581116e-02,5.928904283791780472e-03,8.970288187265396118e-02,1.511583477258682251e-01,-1.340306699275970459e-01,-1.393415033817291260e-01,-1.686915457248687744e-01,-6.136534735560417175e-02,-2.176683098077774048e-01,-1.104813441634178162e-01,-2.017156481742858887e-01,-8.200161159038543701e-02,-1.020185127854347229e-01,-9.408564120531082153e-02,-1.021147519350051880e-01,-1.594827622175216675e-01,-1.126575376838445663e-02,1.851070672273635864e-01,3.974830210208892822e-01,4.751777946949005127e-01,4.036635160446166992e-01,3.781181275844573975e-01,3.342287242412567139e-01,2.383596003055572510e-01,-2.325467318296432495e-01,3.082390427589416504e-01,6.414744257926940918e-02,9.073933213949203491e-02,1.924784481525421143e-01,2.396098077297210693e-01,9.854622930288314819e-02,2.316685914993286133e-01,3.092648684978485107e-01,3.357338607311248779e-01,-1.165575012564659119e-01,2.130964994430541992e-01,-1.252410933375358582e-02,1.788958311080932617e-01,1.332823783159255981e-01,2.381627261638641357e-01,1.754703372716903687e-01,3.235517069697380066e-02,1.269078254699707031e-01,3.311465680599212646e-01,1.506252288818359375e-01,5.320792794227600098e-01,1.353737562894821167e-01,3.780445754528045654e-01,2.200177609920501709e-01,5.886654853820800781e-01,2.822887897491455078e-01,5.633231997489929199e-01,-3.090342283248901367e-01,-3.809928894042968750e-02,-3.189904987812042236e-01,4.979077726602554321e-02,-1.564689576625823975e-01,1.188177149742841721e-02,1.618493497371673584e-01,3.560871183872222900e-01,-3.015024363994598389e-01,-7.378492504358291626e-02,6.241111829876899719e-02,2.455081045627593994e-01,2.894668579101562500e-01,3.535571098327636719e-01,2.536687850952148438e-01,2.941265404224395752e-01,6.228885427117347717e-02,2.167899906635284424e-01,-1.028191596269607544e-01,-2.157056033611297607e-01,5.323451384902000427e-02,1.941188573837280273e-01,-1.626187711954116821e-01,-8.055226504802703857e-02,1.091347858309745789e-01,2.841563224792480469e-01
4.494481980800628662e-01,2.503193616867065430e-01,3.375875055789947510e-01,3.038730323314666748e-01,3.053713738918304443e-01,3.262646198272705078e-01,9.999994635581970215e-01,5.702419877052307129e-01,1.493661850690841675e-01,2.520628571510314941e-01,2.462510466575622559e-01,3.504002392292022705e-01,4.722930490970611572e-01,3.370512723922729492e-01,9.930775314569473267e-02,2.129488289356231689e-01,1.832361817359924316e-01,3.094893693923950195e-01,2.089444994926452637e-01,1.682384908199310303e-01,1.854897290468215942e-01,1.340630650520324707e-01,3.627020418643951416e-01,2.962396740913391113e-01,4.436910450458526611e-01,4.406523406505584717e-01,4.252355396747589111e-01,3.738099634647369385e-01,1.685234010219573975e-01,2.013632953166961670e-01,3.874506056308746338e-01,3.225863873958587646e-01,2.652688324451446533e-01,2.767655253410339355e-01,1.373774707317352295e-01,4.606243222951889038e-02,2.099471390247344971e-01,1.439278125762939453e-01,2.004679441452026367e-01,1.060777083039283752e-01,1.818784475326538086e-01,1.397294700145721436e-01,1.196194626390933990e-02,5.831917375326156616e-02,-1.232039257884025574e-01,1.020333394408226013e-01,-9.924026578664779663e-02,6.073836702853441238e-03,-3.716721758246421814e-02,9.541869908571243286e-02,8.885309845209121704e-02,1.034655421972274780e-01,1.771816462278366089e-01,2.960925549268722534e-02,3.050236403942108154e-01,2.285316288471221924e-01,4.312949478626251221e-01,2.942368090152740479e-01,2.528588771820068359e-01,3.663373589515686035e-01,3.392769992351531982e-01,1.613911837339401245e-01,1.808668673038482666e-01,2.705730199813842773e-01,1.294907331466674805e-01,1.252038180828094482e-01,1.777375787496566772e-01,3.312078416347503662e-01,5.416210368275642395e-02,8.626955747604370117e-02,1.316133439540863037e-01,1.105553880333900452e-01,1.312190443277359009e-01,1.779712364077568054e-02,1.585225313901901245e-01,7.035567611455917358e-02,2.595417499542236328e-01,2.022585272789001465e-01,1.518197953701019287e-01,1.678015589714050293e-01,2.363831847906112671e-01,2.368488907814025879e-01,2.606508433818817139e-01,3.189104497432708740e-01,2.746238708496093750e-01,2.674187123775482178e-01,3.328878581523895264e-01,3.176681995391845703e-01,1.830264329910278320e-01,2.550404369831085205e-01,-8.401614427566528320e-02,2.531958557665348053e-02,-1.326399594545364380e-01,-3.034712746739387512e-02,5.791324004530906677e-02,1.090888231992721558e-01,2.778794169425964355e-01,2.217186242341995239e-01,-1.248952448368072510e-01,3.034257888793945312e-02,-4.460720345377922058e-02,5.255142599344253540e-02,1.913709640502929688e-01,1.897411942481994629e-01,2.486181855201721191e-01,2.656617164611816406e-01,9.231103956699371338e-02,1.964177340269088745e-01,1.072457283735275269e-01,9.226781874895095825e-02,1.747763603925704956e-01,1.773699522018432617e-01,-9.414880722761154175e-02,7.497763261198997498e-03,1.511360108852386475e-01,2.326303422451019287e-01
3.693921864032745361e-01,3.954393863677978516e-01,1.515364497900009155e-01,2.297490984201431274e-01,3.629213571548461914e-01,5.442095994949340820e-01,5.702419877052307129e-01,9.999999403953552246e-01,1.979502141475677490e-01,3.686206042766571045e-01,1.677714437246322632e-01,5.033101439476013184e-01,3.795907199382781982e-01,5.673896670341491699e-01,-6.286065280437469482e-02,3.897694349288940430e-01,1.258886009454727173e-01,2.846897244453430176e-01,1.915554702281951904e-01,1.613236963748931885e-01,3.035918176174163818e-01,3.552169799804687500e-01,3.817140460014343262e-01,3.849709928035736084e-01,4.022357165813446045e-01,5.921684503555297852e-01,4.658767879009246826e-01,5.673497319221496582e-01,4.096166044473648071e-02,1.934845745563507080e-01,3.793312013149261475e-01,3.717999160289764404e-01,1.871514916419982910e-01,2.526346445083618164e-01,1.457911878824234009e-01,1.173387095332145691e-01,1.035287305712699890e-01,8.768784999847412109e-02,8.794093504548072815e-03,2.107175998389720917e-02,7.497490942478179932e-02,1.760473847389221191e-01,-1.117898523807525635e-01,-4.861038923263549805e-02,-2.124363481998443604e-01,1.054246649146080017e-01,-2.634194195270538330e-01,-1.320058703422546387e-01,-1.213945671916007996e-01,1.583715826272964478e-01,-1.616754941642284393e-02,4.508607089519500732e-02,-6.688645482063293457e-02,-4.833447188138961792e-02,-1.339606940746307373e-02,2.738045752048492432e-01,3.925685584545135498e-01,4.664016067981719971e-01,3.496304154396057129e-01,3.487359881401062012e-01,2.937512099742889404e-01,3.022335469722747803e-01,4.964147880673408508e-02,5.089955925941467285e-01,-5.702998861670494080e-02,1.245599016547203064e-01,1.367388218641281128e-01,2.310257554054260254e-01,4.170050099492073059e-02,1.486816108226776123e-01,2.404116988182067871e-01,2.941007614135742188e-01,1.116176135838031769e-02,1.437089890241622925e-01,9.091060608625411987e-02,1.849694848060607910e-01,1.791817247867584229e-01,2.626577317714691162e-01,1.301395595073699951e-01,4.475008323788642883e-02,2.175013870000839233e-01,3.718585073947906494e-01,3.849716112017631531e-02,4.735534489154815674e-01,1.161506101489067078e-01,3.191033899784088135e-01,1.935956329107284546e-01,4.436040818691253662e-01,1.046525407582521439e-02,4.063571095466613770e-01,-3.010357320308685303e-01,1.707351654767990112e-01,-3.122335076332092285e-01,1.503354609012603760e-01,-1.638090908527374268e-01,1.206323597580194473e-02,1.982968300580978394e-01,2.937906086444854736e-01,-3.916909992694854736e-01,-2.168468199670314789e-02,-1.095703020691871643e-01,2.528691664338111877e-02,1.465454846620559692e-01,2.208275496959686279e-01,2.229638248682022095e-01,2.357153445482254028e-01,9.778384864330291748e-02,2.921266257762908936e-01,-3.758902102708816528e-02,1.022200938314199448e-02,1.587371081113815308e-01,9.555139392614364624e-02,-1.906383186578750610e-01,-2.037356793880462646e-01,-1.918245293200016022e-02,2.308139801025390625e-01
1.223465651273727417e-01,6.586640328168869019e-02,-4.822082817554473877e-02,-1.525896936655044556e-01,5.573298335075378418e-01,4.561271965503692627e-01,1.493661850690841675e-01,1.979502141475677490e-01,9.999998211860656738e-01,5.071607828140258789e-01,3.181410729885101318e-01,6.225567683577537537e-02,3.595672845840454102e-01,1.417985856533050537e-01,5.544661879539489746e-01,3.557483553886413574e-01,1.918626427650451660e-01,1.515803933143615723e-01,3.334692120552062988e-02,4.962632432579994202e-02,2.741304337978363037e-01,1.612580716609954834e-01,-1.694666743278503418e-01,-1.824144721031188965e-01,1.658420562744140625e-01,1.590627133846282959e-01,3.037759959697723389e-01,2.718384563922882080e-01,1.897335648536682129e-01,4.149587079882621765e-02,3.622140735387802124e-02,-3.588768467307090759e-02,-1.393587328493595123e-02,-8.221409469842910767e-02,-1.318394243717193604e-01,-2.045789510011672974e-01,1.567952334880828857e-01,-6.556979566812515259e-02,1.159282699227333069e-01,-1.318325195461511612e-02,1.342280507087707520e-01,3.702078759670257568e-02,-2.473116219043731689e-01,-2.399327307939529419e-01,-2.290290296077728271e-01,-2.355561703443527222e-01,-1.997900158166885376e-01,-1.130543276667594910e-01,-1.749758422374725342e-01,-1.393271982669830322e-01,-7.378656417131423950e-02,-1.124081164598464966e-01,-6.495220214128494263e-02,-1.076706722378730774e-01,1.168119907379150391e-01,-3.734878450632095337e-02,1.208654493093490601e-01,1.909101605415344238e-01,5.193251371383666992e-02,3.091324865818023682e-01,1.084815338253974915e-01,6.760066747665405273e-02,3.059478476643562317e-02,2.420620806515216827e-02,1.525641232728958130e-02,5.790787190198898315e-02,-1.142183095216751099e-01,-7.228887826204299927e-02,1.206350326538085938e-02,1.464209891855716705e-02,-7.964573800563812256e-02,-5.767967179417610168e-02,6.167898699641227722e-02,7.135268300771713257e-02,3.815145418047904968e-02,3.303927555680274963e-02,1.158841773867607117e-01,2.709099464118480682e-02,1.260024160146713257e-01,-3.909362480044364929e-02,1.589460223913192749e-01,5.730968341231346130e-02,4.470974504947662354e-01,1.477916091680526733e-01,2.816892266273498535e-01,1.709946542978286743e-01,3.810975253582000732e-01,2.983648777008056641e-01,4.691868424415588379e-01,1.855211853981018066e-01,2.090068757534027100e-01,7.200524210929870605e-02,1.840890347957611084e-01,1.051929816603660583e-01,1.017110124230384827e-01,1.151397973299026489e-01,4.736240953207015991e-02,1.051960214972496033e-01,2.205533720552921295e-02,-1.432536393404006958e-01,2.748380899429321289e-01,1.920291036367416382e-01,2.137868851423263550e-01,2.071484029293060303e-01,1.209594905376434326e-01,1.656369715929031372e-01,8.761700242757797241e-03,-1.433269027620553970e-02,1.347013562917709351e-01,4.628233611583709717e-03,-1.645442992448806763e-01,-5.441077053546905518e-02,8.600621484220027924e-03,1.050579026341438293e-01,1.361866444349288940e-01,6.234377250075340271e-02
3.833435773849487305e-01,3.996947705745697021e-01,-5.741007253527641296e-02,-1.924625188112258911e-01,3.881193399429321289e-01,7.106669545173645020e-01,2.520628571510314941e-01,3.686206042766571045e-01,5.071607828140258789e-01,1.000000238418579102e+00,4.740206301212310791e-01,4.705320894718170166e-01,1.884357035160064697e-01,5.412078499794006348e-01,1.055187061429023743e-01,6.546149849891662598e-01,3.667691349983215332e-01,4.097232520580291748e-01,3.136382699012756348e-01,3.212706148624420166e-01,4.207089841365814209e-01,3.184458315372467041e-01,-2.108065038919448853e-02,-4.382859542965888977e-02,8.257218450307846069e-02,2.404642552137374878e-01,2.483496367931365967e-01,3.862464129924774170e-01,3.067686259746551514e-01,3.730458915233612061e-01,2.318686693906784058e-01,1.835182309150695801e-01,2.479417026042938232e-01,1.684942245483398438e-01,6.464376300573348999e-02,1.135241165757179260e-01,2.250155955553054810e-01,1.041180416941642761e-01,2.440749257802963257e-01,-1.693942584097385406e-03,1.980068832635879517e-01,-2.465705201029777527e-02,-5.830793082714080811e-02,-3.665829822421073914e-02,-3.846288099884986877e-02,-9.439200162887573242e-02,-7.066694647073745728e-02,8.128947019577026367e-02,-7.690625637769699097e-02,-1.708899736404418945e-01,-1.178264617919921875e-01,-1.026428565382957458e-01,-2.271656692028045654e-01,-2.376109957695007324e-01,-1.296713948249816895e-01,1.793691366910934448e-01,3.678795993328094482e-01,4.766836166381835938e-01,3.364762961864471436e-01,2.290553748607635498e-01,1.965856403112411499e-01,9.774561971426010132e-02,-3.573389351367950439e-01,1.238213777542114258e-01,2.144153695553541183e-03,-3.633899986743927002e-02,2.330506891012191772e-01,2.995250821113586426e-01,9.983038529753684998e-03,2.090834528207778931e-01,2.853578329086303711e-01,2.840362787246704102e-01,-9.957342594861984253e-02,2.770507931709289551e-01,-2.392247319221496582e-02,2.082729339599609375e-01,2.483290880918502808e-01,2.323704510927200317e-01,2.979472279548645020e-01,6.840543448925018311e-02,1.046278998255729675e-01,3.716098964214324951e-01,1.860279440879821777e-01,4.566439092159271240e-01,1.101528257131576538e-01,4.492226541042327881e-01,4.580191895365715027e-02,4.424811005592346191e-01,3.675353825092315674e-01,4.229224324226379395e-01,-2.515702545642852783e-01,-4.063785821199417114e-02,-2.026535272598266602e-01,1.487879268825054169e-02,-7.655874639749526978e-02,9.962301701307296753e-02,1.510724425315856934e-01,3.251262605190277100e-01,-1.826133280992507935e-01,7.954999059438705444e-02,1.852278262376785278e-01,3.119629323482513428e-01,3.248936235904693604e-01,4.145804345607757568e-01,3.721551895141601562e-01,3.918412625789642334e-01,7.431060075759887695e-02,1.876242309808731079e-01,3.130409866571426392e-02,-2.497839182615280151e-01,-8.392731845378875732e-02,1.933811902999877930e-01,1.514900475740432739e-02,1.375763416290283203e-01,3.486751317977905273e-01,2.397354543209075928e-01
3.705475628376007080e-01,3.955227434635162354e-01,-1.108856755308806896e-03,-7.633788138628005981e-02,4.003624245524406433e-02,2.293450534343719482e-01,2.462510466575622559e-01,1.677714437246322632e-01,3.181410729885101318e-01,4.740206301212310791e-01,1.000000476837158203e+00,5.251579284667968750e-01,4.826790690422058105e-01,3.312485218048095703e-01,1.164784282445907593e-01,3.079762160778045654e-01,7.077977061271667480e-01,6.060497760772705078e-01,2.636562883853912354e-01,2.794555723667144775e-01,3.433963656425476074e-01,1.909706592559814453e-01,-7.852608710527420044e-02,-9.558708965778350830e-02,-2.182394564151763916e-01,-5.785846337676048279e-02,-3.930588811635971069e-02,3.249952942132949829e-02,6.098561882972717285e-01,4.839743375778198242e-01,2.281687110662460327e-01,1.893694847822189331e-01,2.417801618576049805e-01,1.884563416242599487e-01,1.989210844039916992e-01,1.364785879850387573e-01,4.033797681331634521e-01,1.535536199808120728e-01,3.150757551193237305e-01,2.737439982593059540e-02,2.742815911769866943e-01,-1.313678771257400513e-01,1.535490602254867554e-01,1.227867901325225830e-01,2.151927947998046875e-01,1.007862910628318787e-01,2.684241160750389099e-02,1.503737419843673706e-01,2.611269056797027588e-01,7.649300247430801392e-02,1.223445311188697815e-01,6.278172135353088379e-02,-2.872138917446136475e-01,-3.293938636779785156e-01,-5.756305530667304993e-02,1.042549237608909607e-01,4.047358632087707520e-01,3.809376657009124756e-01,2.864969074726104736e-01,6.954390555620193481e-02,1.181852146983146667e-01,-3.765029460191726685e-02,-2.349494844675064087e-01,-1.160712540149688721e-01,-1.042925473302602768e-02,-1.406839191913604736e-01,3.127048015594482422e-01,2.646279335021972656e-01,-1.141735259443521500e-02,1.766772419214248657e-01,2.709252536296844482e-01,2.640117704868316650e-01,1.593050360679626465e-01,2.523931264877319336e-01,8.301766216754913330e-02,1.809291243553161621e-01,3.969080746173858643e-01,2.713830173015594482e-01,5.342733263969421387e-01,2.992551624774932861e-01,4.236820638179779053e-01,3.683338165283203125e-01,1.659398525953292847e-01,4.757129773497581482e-02,3.913682699203491211e-01,5.144273638725280762e-01,-1.224200651049613953e-01,-2.227740176022052765e-02,4.950397014617919922e-01,1.931416243314743042e-01,-4.598920047283172607e-02,-9.238409996032714844e-02,-9.634558856487274170e-02,-1.416774094104766846e-01,1.287330538034439087e-01,2.471833378076553345e-01,2.102893888950347900e-01,3.122996687889099121e-01,4.709429293870925903e-02,1.323750317096710205e-01,2.270939648151397705e-01,1.276601254940032959e-01,3.475660681724548340e-01,3.793330192565917969e-01,4.300709664821624756e-01,3.594954311847686768e-01,1.347327530384063721e-01,2.100770771503448486e-01,1.167653053998947144e-01,-1.525524407625198364e-01,-1.558953970670700073e-01,6.042150780558586121e-02,-4.149382002651691437e-03,9.845094382762908936e-02,4.453079998493194580e-01,1.462765783071517944e-01
4.807460606098175049e-01,5.414333939552307129e-01,1.021046563982963562e-01,9.833508729934692383e-02,1.705051064491271973e-01,4.451377987861633301e-01,3.504002392292022705e-01,5.033101439476013184e-01,6.225567683577537537e-02,4.705320894718170166e-01,5.251579284667968750e-01,9.999997615814208984e-01,3.698718249797821045e-01,6.841820478439331055e-01,-2.201971113681793213e-01,3.850726187229156494e-01,4.461194574832916260e-01,5.092859864234924316e-01,2.671648561954498291e-01,2.838751375675201416e-01,4.331814348697662354e-01,3.937606811523437500e-01,2.657087743282318115e-01,2.527360022068023682e-01,3.698321431875228882e-02,2.856388688087463379e-01,2.057185918092727661e-01,3.802029788494110107e-01,2.955700159072875977e-01,5.176894068717956543e-01,3.838309943675994873e-01,3.557833731174468994e-01,2.561398446559906006e-01,3.410234749317169189e-01,2.714397013187408447e-01,2.825190126895904541e-01,2.135180830955505371e-01,6.329467892646789551e-02,9.722185879945755005e-02,-7.991251349449157715e-02,8.569600433111190796e-02,-3.025128506124019623e-02,1.802780628204345703e-01,1.795014142990112305e-01,1.626644134521484375e-01,1.923664808273315430e-01,-5.160473287105560303e-02,7.271503657102584839e-02,1.396024078130722046e-01,1.118270084261894226e-01,8.014972507953643799e-02,6.365337222814559937e-02,-2.294097542762756348e-01,-2.214615941047668457e-01,-1.638973653316497803e-01,2.543560266494750977e-01,4.557330012321472168e-01,5.084494352340698242e-01,4.065093100070953369e-01,1.353382170200347900e-01,2.648469507694244385e-01,2.023278027772903442e-01,-2.239589393138885498e-01,2.268096506595611572e-01,-3.472893312573432922e-02,-3.493586927652359009e-02,3.639588952064514160e-01,3.669879436492919922e-01,2.288702502846717834e-02,2.302017509937286377e-01,4.608437418937683105e-01,4.954067468643188477e-01,4.218760505318641663e-02,3.800362348556518555e-01,5.637267231941223145e-02,2.887956202030181885e-01,2.881585955619812012e-01,3.837417662143707275e-01,4.042417705059051514e-01,1.650247722864151001e-01,3.425514698028564453e-01,4.940839409828186035e-01,-7.141651958227157593e-02,3.462466001510620117e-01,1.750754415988922119e-01,5.257136821746826172e-01,-8.769267797470092773e-02,1.582436561584472656e-01,1.568835526704788208e-01,4.439590275287628174e-01,-3.925349116325378418e-01,-4.414092749357223511e-02,-4.136085808277130127e-01,-2.997809462249279022e-02,-8.209296315908432007e-02,4.153275117278099060e-02,1.974329501390457153e-01,3.061342239379882812e-01,-2.648827433586120605e-01,1.281529366970062256e-01,-5.074684694409370422e-02,1.402518600225448608e-01,2.533277273178100586e-01,4.041960239410400391e-01,3.550353944301605225e-01,3.264355957508087158e-01,1.501225680112838745e-01,3.471374809741973877e-01,-1.085023060441017151e-01,-2.254987806081771851e-01,2.129107899963855743e-02,1.314716488122940063e-01,-1.336611360311508179e-01,-1.022406518459320068e-01,2.586500346660614014e-01,1.973013877868652344e-01
3.788518905639648438e-01,2.363497167825698853e-01,2.461832761764526367e-01,1.663168817758560181e-01,3.521925210952758789e-01,2.728689908981323242e-01,4.722930490970611572e-01,3.795907199382781982e-01,3.595672845840454102e-01,1.884357035160064697e-01,4.826790690422058105e-01,3.698718249797821045e-01,1.000000000000000000e+00,3.744017779827117920e-01,2.038349658250808716e-01,1.655724793672561646e-01,3.679777681827545166e-01,3.327766358852386475e-01,8.761655539274215698e-02,9.006205201148986816e-02,2.138299047946929932e-01,1.466956436634063721e-01,2.041377872228622437e-01,1.456631571054458618e-01,1.641967445611953735e-01,2.093413472175598145e-01,3.036402165889739990e-01,2.836056649684906006e-01,3.828528225421905518e-01,2.737449407577514648e-01,2.461660653352737427e-01,1.912957876920700073e-01,9.825244545936584473e-02,1.074064746499061584e-01,1.438620686531066895e-01,-3.597944602370262146e-02,2.604432702064514160e-01,7.183578610420227051e-02,1.604560017585754395e-01,3.828169405460357666e-02,1.848391592502593994e-01,1.284593902528285980e-02,3.733342885971069336e-02,5.117796361446380615e-02,-7.789136841893196106e-03,7.219438999891281128e-02,-1.274956613779067993e-01,-5.445429682731628418e-02,6.451028585433959961e-02,1.361131072044372559e-01,1.090251803398132324e-01,8.651642501354217529e-02,1.276722084730863571e-02,-4.680293053388595581e-02,2.631946504116058350e-01,8.300957828760147095e-02,3.684163391590118408e-01,2.515331208705902100e-01,2.510548532009124756e-01,3.421865403652191162e-01,3.188043236732482910e-01,1.042543500661849976e-01,5.696182325482368469e-02,2.220039628446102142e-02,-1.053898409008979797e-02,5.423828586935997009e-02,1.685610860586166382e-01,1.807996183633804321e-01,8.280757814645767212e-02,1.157760694622993469e-01,1.396123468875885010e-01,1.830084025859832764e-01,1.904080361127853394e-01,7.963570207357406616e-02,1.659356355667114258e-01,1.215104833245277405e-01,2.666840851306915283e-01,2.063970714807510376e-01,2.366372644901275635e-01,1.661606431007385254e-01,4.425359964370727539e-01,1.626157760620117188e-01,4.454223811626434326e-01,1.024186685681343079e-01,5.238468647003173828e-01,3.858073055744171143e-01,3.347718417644500732e-01,1.442538499832153320e-01,4.634319841861724854e-01,1.959500163793563843e-01,1.134620886296033859e-02,-5.961488559842109680e-02,-1.280033290386199951e-01,-8.678878098726272583e-02,5.194260179996490479e-02,1.603727489709854126e-01,1.945976465940475464e-01,2.548030018806457520e-01,4.243721812963485718e-02,-1.856848597526550293e-02,-3.625120734795928001e-03,-7.098907977342605591e-02,1.882051825523376465e-01,1.862889528274536133e-01,2.027771621942520142e-01,2.269377112388610840e-01,1.518027335405349731e-01,1.797215342521667480e-01,5.183068662881851196e-02,-5.153443664312362671e-02,-5.675233155488967896e-02,3.371053561568260193e-02,-1.186155825853347778e-01,8.233501575887203217e-03,2.126416265964508057e-01,1.431989967823028564e-01
