9.999997615814208984e-01,5.001243948936462402e-01,5.920633673667907715e-01,3.656726479530334473e-01,1.995763033628463745e-01,3.121120110154151917e-02,6.394505500793457031e-01,3.062265217304229736e-01,6.235241889953613281e-02,2.481601200997829437e-02,5.579288601875305176e-01,4.563887119293212891e-01,5.831974744796752930e-01,2.821150720119476318e-01,2.162375152111053467e-01,8.336416445672512054e-03,4.531859457492828369e-01,3.425243198871612549e-01,6.716068387031555176e-01,5.572680830955505371e-01,1.368912756443023682e-01,4.845369607210159302e-02,3.864143490791320801e-01,2.639409303665161133e-01,3.746900707483291626e-02,1.919557154178619385e-02,8.929806202650070190e-02,-2.299692569067701697e-04,4.167342483997344971e-01,2.658427059650421143e-01,3.172686100006103516e-01,2.819402217864990234e-01,3.443312942981719971e-01,2.163250297307968140e-01,-6.472576409578323364e-02,-1.518124639987945557e-01,2.036822140216827393e-01,3.537513315677642822e-03,1.326882243156433105e-01,5.369124189019203186e-02,2.000706344842910767e-01,1.315127611160278320e-01,-3.542746976017951965e-02,5.244961380958557129e-02,-4.795815423130989075e-02,-5.646113678812980652e-02,2.796297706663608551e-02,-6.731981784105300903e-02,1.008106470108032227e-01,2.917733602225780487e-02,1.021419391036033630e-01,-5.286246910691261292e-02,-5.410877242684364319e-02,-7.523394376039505005e-02,-2.401724690571427345e-03,-7.627209275960922241e-02,7.022958397865295410e-01,5.827642679214477539e-01,5.287665128707885742e-01,2.306962311267852783e-01,5.051447153091430664e-01,1.336413323879241943e-01,3.463196754455566406e-01,2.146174907684326172e-01,1.090134531259536743e-01,5.393882747739553452e-03,2.462236285209655762e-01,-2.246705740690231323e-01,5.306657552719116211e-01,1.241301298141479492e-01,2.762871086597442627e-01,1.310691386461257935e-01,2.869423031806945801e-01,8.399569988250732422e-02,2.281687259674072266e-01,5.940510332584381104e-02,2.110835015773773193e-01,4.520395025610923767e-02,2.364777624607086182e-01,2.551153302192687988e-01,3.391512632369995117e-01,6.293247640132904053e-02,2.978771328926086426e-01,1.105452999472618103e-01,3.389580547809600830e-01,-4.573893174529075623e-02,1.480242460966110229e-01,1.243983358144760132e-01,1.799682676792144775e-01,-3.432095050811767578e-02,5.820664390921592712e-02,-3.193029388785362244e-02,9.230215847492218018e-02,2.535882890224456787e-01,1.484880875796079636e-02,-1.456886976957321167e-01,1.435761898756027222e-01,3.467222303152084351e-02,2.688466608524322510e-01,1.812758743762969971e-01,3.056643307209014893e-01,3.806776702404022217e-01,2.658014893531799316e-01,3.660310208797454834e-01,7.437701523303985596e-02,1.278818398714065552e-01,2.679685130715370178e-02,8.847527205944061279e-02,3.619181364774703979e-02,7.677025347948074341e-02,1.186169609427452087e-01,1.229575425386428833e-01,2.729212045669555664e-01,1.814424991607666016e-01,-2.642755024135112762e-02,-7.220619916915893555e-02
5.001243948936462402e-01,9.999998211860656738e-01,3.936504423618316650e-01,5.088908076286315918e-01,1.320416014641523361e-02,8.777520805597305298e-02,3.574953079223632812e-01,4.628410637378692627e-01,-6.519895792007446289e-02,1.475833239965140820e-03,2.289136126637458801e-02,5.215039253234863281e-01,1.272031366825103760e-01,2.865994572639465332e-01,2.320651710033416748e-02,3.922554850578308105e-02,3.179259300231933594e-01,5.391214489936828613e-01,5.393103957176208496e-01,6.940898895263671875e-01,5.207429826259613037e-02,5.282872170209884644e-02,2.663944065570831299e-01,3.154017031192779541e-01,1.218030229210853577e-01,1.340004801750183105e-01,4.102159291505813599e-02,3.806788846850395203e-02,1.869757622480392456e-01,3.859010338783264160e-01,2.919287085533142090e-01,2.777789831161499023e-01,3.867276012897491455e-01,3.836022317409515381e-01,4.195075482130050659e-03,3.438987582921981812e-02,1.743328571319580078e-02,5.944182723760604858e-02,5.014554038643836975e-02,1.948257237672805786e-01,7.440917193889617920e-02,7.395122945308685303e-02,3.030937165021896362e-03,1.612886637449264526e-01,2.689861133694648743e-02,-1.546954270452260971e-02,3.131880238652229309e-02,5.015757679939270020e-02,1.825794130563735962e-01,1.081698462367057800e-01,1.180351227521896362e-01,8.987876772880554199e-02,-1.295030564069747925e-01,-2.542695961892604828e-02,-1.379515826702117920e-01,-6.214980781078338623e-02,5.691946148872375488e-01,7.492823600769042969e-01,3.950117528438568115e-01,3.748801648616790771e-01,2.902011573314666748e-01,2.778578698635101318e-01,3.282042741775512695e-01,4.828817844390869141e-01,2.091943472623825073e-02,1.873765438795089722e-01,3.036235272884368896e-01,-4.911372438073158264e-02,6.561338305473327637e-01,3.937251567840576172e-01,1.510454267263412476e-01,2.140888012945652008e-02,7.059759646654129028e-02,1.931201070547103882e-01,1.259199380874633789e-01,2.462621591985225677e-02,6.815414875745773315e-02,7.593436539173126221e-02,2.274164110422134399e-01,4.257737994194030762e-01,3.452393412590026855e-01,3.748759627342224121e-01,6.859829276800155640e-02,2.256758958101272583e-01,7.336456328630447388e-02,2.410672456026077271e-01,6.160227209329605103e-02,1.710761152207851410e-02,-1.124349161982536316e-01,4.533176869153976440e-02,1.407484859228134155e-01,5.067855492234230042e-02,1.624467968940734863e-01,9.328395873308181763e-02,-1.273158844560384750e-02,-1.124870181083679199e-01,9.855245798826217651e-02,7.444887608289718628e-02,2.618422806262969971e-01,1.356088370084762573e-01,2.819636166095733643e-01,1.845421940088272095e-01,2.255780696868896484e-01,3.286832571029663086e-01,3.915503621101379395e-02,1.222255453467369080e-01,-1.251500006765127182e-02,1.598099805414676666e-02,3.718223050236701965e-02,1.854577846825122833e-02,1.764762103557586670e-01,5.269684270024299622e-02,1.461001336574554443e-01,2.285725623369216919e-01,-5.733168497681617737e-02,-7.362647354602813721e-02
5.920633673667907715e-01,3.936504423618316650e-01,9.999995231628417969e-01,5.979467034339904785e-01,3.202751874923706055e-01,5.730584263801574707e-02,7.208712697029113770e-01,4.106149375438690186e-01,2.218169718980789185e-01,-8.425468206405639648e-02,3.081988394260406494e-01,2.796784043312072754e-01,4.585574269294738770e-01,1.615608781576156616e-01,2.840649485588073730e-01,1.986950170248746872e-03,2.419164180755615234e-01,2.022931724786758423e-01,5.422207713127136230e-01,4.752981960773468018e-01,1.492121368646621704e-01,4.451164230704307556e-02,7.615141272544860840e-01,6.262928247451782227e-01,2.163434773683547974e-01,1.297415941953659058e-01,1.755383163690567017e-01,3.289215639233589172e-02,2.678598463535308838e-01,1.949260383844375610e-01,4.781873226165771484e-01,3.966900408267974854e-01,4.625744521617889404e-01,3.691265881061553955e-01,1.908664852380752563e-01,-2.003648877143859863e-02,3.168895840644836426e-02,-9.057167172431945801e-02,4.652024805545806885e-02,-2.010719664394855499e-02,7.342102378606796265e-02,7.766979746520519257e-03,-9.736344218254089355e-02,-1.043024286627769470e-01,-5.357691645622253418e-02,-9.245058149099349976e-02,-6.577891111373901367e-02,-1.374171376228332520e-01,-9.308495372533798218e-02,-5.493389815092086792e-02,-1.174710243940353394e-01,-2.046884596347808838e-01,-1.533794552087783813e-01,-9.974514693021774292e-02,-1.814430207014083862e-01,-2.170768529176712036e-01,4.107172787189483643e-01,3.680900335311889648e-01,2.944336533546447754e-01,7.481061667203903198e-02,3.621525466442108154e-01,1.409583836793899536e-01,2.458339780569076538e-01,1.619491279125213623e-01,3.325621187686920166e-01,-2.567638643085956573e-02,1.820555627346038818e-01,-2.165582478046417236e-01,3.747392892837524414e-01,1.494009196758270264e-01,2.899300158023834229e-01,1.633700579404830933e-01,1.620264649391174316e-01,5.983378365635871887e-02,1.367909163236618042e-01,-8.142963983118534088e-03,9.844537079334259033e-02,-5.883399024605751038e-02,1.516441553831100464e-01,2.092884629964828491e-01,2.592590451240539551e-01,1.506607830524444580e-01,1.705452650785446167e-01,1.197506561875343323e-01,3.304302394390106201e-01,-2.949048019945621490e-02,8.461996167898178101e-02,7.796481996774673462e-02,1.444732546806335449e-01,-6.279873847961425781e-02,1.309340149164199829e-01,1.561524420976638794e-01,8.745199441909790039e-02,3.510274291038513184e-01,-3.761910833418369293e-03,-1.116530299186706543e-01,1.350819170475006104e-01,4.116242378950119019e-02,1.502196639776229858e-01,1.058264896273612976e-01,3.173336982727050781e-01,3.660275638103485107e-01,2.457705438137054443e-01,3.748871684074401855e-01,1.392545700073242188e-01,1.976428925991058350e-01,-5.977519229054450989e-02,7.223738729953765869e-02,-3.840507566928863525e-02,1.262943446636199951e-01,1.134707406163215637e-01,2.326413430273532867e-02,2.157373726367950439e-01,2.044150084257125854e-01,4.724953696131706238e-02,-3.219429403543472290e-02
3.656726479530334473e-01,5.088908076286315918e-01,5.979467034339904785e-01,1.000000119209289551e+00,-7.272188365459442139e-02,1.065872162580490112e-01,5.018044710159301758e-01,7.439988851547241211e-01,-8.524336665868759155e-02,-9.209200739860534668e-02,-4.085779935121536255e-02,4.363096952438354492e-01,6.985403597354888916e-02,2.952240407466888428e-01,-9.844513982534408569e-02,-1.077652871608734131e-01,1.299422681331634521e-01,2.292874306440353394e-01,3.486444056034088135e-01,5.213044285774230957e-01,1.339102815836668015e-02,5.570178851485252380e-03,4.460891187191009521e-01,7.267627716064453125e-01,-1.523308455944061279e-03,2.012794762849807739e-01,-1.334071159362792969e-01,-1.084603369235992432e-01,3.301027789711952209e-02,1.855742037296295166e-01,3.179771006107330322e-01,4.594009816646575928e-01,3.536596894264221191e-01,5.214305520057678223e-01,-2.073867991566658020e-02,1.336415391415357590e-02,-2.447888553142547607e-01,-2.022977769374847412e-01,-8.680388331413269043e-02,2.194409258663654327e-02,6.559138745069503784e-02,-3.403748571872711182e-02,-8.194312453269958496e-02,-2.034008130431175232e-02,-1.553331781178712845e-02,-8.837373554706573486e-02,-3.122914396226406097e-02,-7.635645568370819092e-02,3.789459541440010071e-02,-4.264051839709281921e-02,-8.804432302713394165e-02,-1.553765386343002319e-01,-1.853109747171401978e-01,-1.224541217088699341e-01,-2.594825327396392822e-01,-2.207074612379074097e-01,3.574451804161071777e-01,4.542085826396942139e-01,2.369228899478912354e-01,3.758606612682342529e-01,2.643631994724273682e-01,4.848757386207580566e-01,1.804526001214981079e-01,4.798583388328552246e-01,1.110945828258991241e-02,2.342299073934555054e-01,2.054466754198074341e-01,2.837406471371650696e-02,3.736657202243804932e-01,1.671194136142730713e-01,4.162732884287834167e-02,9.601268917322158813e-02,4.636460915207862854e-03,2.070230059325695038e-02,-4.031592607498168945e-02,-6.739970296621322632e-02,-1.444348841905593872e-01,-4.023454338312149048e-02,1.684991270303726196e-02,2.010532617568969727e-01,2.590993344783782959e-01,2.492915838956832886e-01,-1.240310147404670715e-01,1.832865327596664429e-01,-4.233656823635101318e-02,1.516596376895904541e-01,-1.018379479646682739e-01,-2.973265759646892548e-02,-9.488784521818161011e-02,1.563396006822586060e-01,2.087410688400268555e-01,-4.802032187581062317e-02,2.506571710109710693e-01,4.640965163707733154e-02,-1.904579997062683105e-02,-1.148295849561691284e-01,-1.576728746294975281e-02,2.351129055023193359e-02,7.826691120862960815e-02,-1.148851215839385986e-01,3.781589269638061523e-01,2.255109846591949463e-01,2.960676848888397217e-01,4.100602567195892334e-01,1.096394062042236328e-01,1.794525980949401855e-01,-3.267087787389755249e-02,2.560621127486228943e-02,2.535554580390453339e-02,2.935374155640602112e-02,1.481736637651920319e-02,-1.153269037604331970e-01,-1.253724843263626099e-02,1.742999404668807983e-01,-2.952549047768115997e-02,-6.012026965618133545e-02
1.995763033628463745e-01,1.320416014641523361e-02,3.202751874923706055e-01,-7.272188365459442139e-02,9.999998211860656738e-01,3.254615068435668945e-01,2.401363700628280640e-01,-1.593006104230880737e-01,6.279031038284301758e-01,1.446828693151473999e-01,3.277584910392761230e-01,-5.437276512384414673e-02,4.173697531223297119e-01,-5.747724696993827820e-02,6.504330635070800781e-01,2.086070626974105835e-01,2.077285051345825195e-01,1.384314894676208496e-01,2.459025084972381592e-01,9.860639274120330811e-02,2.730344831943511963e-01,2.583205997943878174e-01,5.313606858253479004e-01,1.648124605417251587e-01,5.711421370506286621e-01,2.983340322971343994e-01,5.265985131263732910e-01,3.928387761116027832e-01,3.327565491199493408e-01,1.706748753786087036e-01,4.029341936111450195e-01,2.120031565427780151e-01,2.396846413612365723e-01,8.382593095302581787e-02,4.197714626789093018e-01,2.437115013599395752e-01,3.082723617553710938e-01,2.323681116104125977e-01,2.542508542537689209e-01,2.224740684032440186e-01,1.126439422369003296e-01,2.286546528339385986e-01,-2.774362079799175262e-02,-1.032038852572441101e-01,-4.678644984960556030e-02,-1.033617556095123291e-01,-1.050999537110328674e-01,-1.545265763998031616e-01,-1.869212538003921509e-01,-8.901250362396240234e-02,-1.025412753224372864e-01,-1.710555404424667358e-01,-1.230188533663749695e-01,-7.106144726276397705e-02,-1.516848523169755936e-02,-1.362412422895431519e-01,8.266080915927886963e-02,-5.125756561756134033e-02,3.812009096145629883e-02,-3.932295143604278564e-01,2.315809726715087891e-01,-1.302300989627838135e-01,3.260729461908340454e-02,-2.656330168247222900e-01,5.663875937461853027e-01,2.967716753482818604e-02,7.131824642419815063e-02,-1.915373504161834717e-01,1.394226998090744019e-01,1.331369429826736450e-01,4.476125538349151611e-01,2.314213961362838745e-01,2.616006135940551758e-01,2.743656933307647705e-01,2.797671556472778320e-01,1.420595943927764893e-01,3.319701254367828369e-01,1.385297328233718872e-01,2.688627839088439941e-01,1.750914156436920166e-01,1.740333288908004761e-01,1.822329759597778320e-01,2.772861719131469727e-01,6.969920545816421509e-02,5.408642292022705078e-01,1.592099815607070923e-01,1.796038150787353516e-01,1.909287124872207642e-01,3.479095995426177979e-01,-4.077211022377014160e-02,1.894889175891876221e-01,4.475063085556030273e-01,1.588162779808044434e-02,4.236889779567718506e-01,1.585261337459087372e-02,8.814986050128936768e-02,2.393305301666259766e-01,1.834453642368316650e-01,1.515305936336517334e-01,3.332825899124145508e-01,-1.697957515716552734e-01,4.266040027141571045e-02,-9.370081871747970581e-02,-5.015734955668449402e-02,9.338580071926116943e-02,1.187070682644844055e-01,1.945011317729949951e-02,5.999493971467018127e-02,-3.383447602391242981e-02,1.529781222343444824e-01,3.074340224266052246e-01,2.694915533065795898e-01,2.874226868152618408e-01,1.368809789419174194e-01,2.050770372152328491e-01,6.667974591255187988e-02
3.121120110154151917e-02,8.777520805597305298e-02,5.730584263801574707e-02,1.065872162580490112e-01,3.254615068435668945e-01,9.999999403953552246e-01,1.209354251623153687e-01,1.294130831956863403e-01,8.705443143844604492e-02,2.502170205116271973e-01,-2.078617550432682037e-02,2.437356673181056976e-02,4.147656261920928955e-02,5.884093046188354492e-02,2.652201950550079346e-01,4.630212187767028809e-01,2.958669960498809814e-01,2.925228774547576904e-01,1.513754576444625854e-01,1.747371703386306763e-01,2.600240409374237061e-01,4.199338853359222412e-01,7.689467072486877441e-02,1.030183434486389160e-01,2.670174837112426758e-01,4.398808181285858154e-01,2.460525482892990112e-01,4.439248740673065186e-01,3.040930032730102539e-01,3.594885468482971191e-01,3.819102346897125244e-01,3.911791145801544189e-01,2.564301192760467529e-01,2.805296182632446289e-01,9.838709980249404907e-02,1.404446661472320557e-01,7.314216345548629761e-02,5.645509809255599976e-02,8.452793955802917480e-02,2.036931514739990234e-01,1.704664975404739380e-01,2.232152372598648071e-01,7.498440146446228027e-02,7.750562578439712524e-02,8.793728426098823547e-03,-5.484128743410110474e-02,9.331648051738739014e-02,3.709616139531135559e-02,9.054709225893020630e-02,5.928160995244979858e-02,3.787726536393165588e-02,1.544703822582960129e-02,-5.500167980790138245e-02,-3.108075819909572601e-02,4.185268282890319824e-02,-7.703011482954025269e-02,1.172847226262092590e-01,2.153087779879570007e-02,-9.794457815587520599e-03,-1.278125494718551636e-01,7.262203842401504517e-02,-5.607732385396957397e-02,1.909743100404739380e-01,6.184266135096549988e-02,-4.023789893835783005e-03,-2.055280283093452454e-02,1.015125885605812073e-01,4.025145620107650757e-02,1.210635751485824585e-01,1.579025983810424805e-01,3.844231963157653809e-01,3.356541395187377930e-01,2.406249791383743286e-01,3.405092656612396240e-01,2.746757566928863525e-01,1.565837711095809937e-01,2.670804262161254883e-01,2.155600041151046753e-01,2.372288405895233154e-01,1.167043894529342651e-01,3.261868655681610107e-01,1.294578462839126587e-01,-8.456896990537643433e-02,3.310724794864654541e-01,5.496411398053169250e-02,1.364162564277648926e-01,-1.086774840950965881e-01,2.466007471084594727e-01,5.830121412873268127e-02,3.471009060740470886e-02,1.712900847196578979e-01,1.360024511814117432e-01,3.792442148551344872e-04,1.853561028838157654e-02,4.496675357222557068e-02,4.490858316421508789e-02,1.655174493789672852e-01,1.833723783493041992e-01,2.252361625432968140e-01,1.740469783544540405e-01,-9.792937338352203369e-02,-1.233265027403831482e-01,-5.561374872922897339e-02,-3.638550266623497009e-02,1.717695407569408417e-02,-9.954488277435302734e-02,-5.321668833494186401e-02,-1.125697493553161621e-01,-5.999289825558662415e-02,1.479690074920654297e-01,3.219681382179260254e-01,2.756383121013641357e-01,4.167601093649864197e-02,7.263825088739395142e-02,1.311868280172348022e-01,7.361265271902084351e-02
6.394505500793457031e-01,3.574953079223632812e-01,7.208712697029113770e-01,5.018044710159301758e-01,2.401363700628280640e-01,1.209354251623153687e-01,9.999997615814208984e-01,4.777870476245880127e-01,1.019046604633331299e-01,-7.479493319988250732e-02,3.813959658145904541e-01,3.283353745937347412e-01,5.597445964813232422e-01,2.113874107599258423e-01,1.945157945156097412e-01,-1.790366880595684052e-02,3.190423250198364258e-01,2.403363436460494995e-01,5.624549388885498047e-01,4.391134977340698242e-01,1.235370784997940063e-01,8.046632260084152222e-02,5.475600957870483398e-01,4.251213669776916504e-01,1.207322105765342712e-01,6.467956304550170898e-02,1.362577974796295166e-01,3.249112144112586975e-02,2.824331521987915039e-01,2.456977516412734985e-01,3.959796130657196045e-01,3.761456012725830078e-01,4.233569800853729248e-01,3.998202681541442871e-01,5.892958492040634155e-02,-7.723961770534515381e-02,4.276957362890243530e-02,-1.248353570699691772e-01,5.539068952202796936e-02,-4.019682481884956360e-02,1.000163182616233826e-01,2.269468270242214203e-02,-9.450584650039672852e-02,-1.026313975453376770e-01,-3.810822218656539917e-02,-1.079746410250663757e-01,-6.679108738899230957e-02,-1.800327897071838379e-01,-1.750353910028934479e-02,-6.375856697559356689e-02,-7.853623479604721069e-02,-1.813128292560577393e-01,-1.499491780996322632e-01,-1.018585264682769775e-01,-1.923967599868774414e-01,-2.667253017425537109e-01,5.151352286338806152e-01,4.220684468746185303e-01,4.418076872825622559e-01,2.105653285980224609e-01,4.780013859272003174e-01,2.406814694404602051e-01,3.105241358280181885e-01,2.073661237955093384e-01,1.517841368913650513e-01,6.644420325756072998e-02,3.077327609062194824e-01,-1.248587891459465027e-01,3.902224302291870117e-01,1.378702372312545776e-01,2.676873207092285156e-01,1.490921974182128906e-01,2.015453279018402100e-01,9.563077986240386963e-02,1.851564049720764160e-01,-2.498617628589272499e-03,1.335902214050292969e-01,4.253286495804786682e-02,1.899166405200958252e-01,2.032536864280700684e-01,2.726157009601593018e-01,3.669598698616027832e-02,7.976879924535751343e-02,9.283161163330078125e-02,2.201368957757949829e-01,-9.943096339702606201e-02,-2.088169381022453308e-02,5.952785536646842957e-02,7.457382231950759888e-02,-9.772500395774841309e-02,8.557039499282836914e-02,2.754651382565498352e-02,1.269412487745285034e-01,3.265516161918640137e-01,4.858891293406486511e-02,-9.458445012569427490e-02,1.116485521197319031e-01,2.078073844313621521e-02,9.752547740936279297e-02,7.353103160858154297e-02,3.045900762081146240e-01,4.313416481018066406e-01,2.318282276391983032e-01,3.234233856201171875e-01,9.674368053674697876e-02,1.123683750629425049e-01,-1.067663822323083878e-02,6.753629446029663086e-02,9.753480553627014160e-04,1.212661638855934143e-01,9.441564232110977173e-02,4.818951245397329330e-03,2.010922133922576904e-01,1.082447022199630737e-01,-2.604676969349384308e-02,-4.292684793472290039e-02
3.062265217304229736e-01,4.628410637378692627e-01,4.106149375438690186e-01,7.439988851547241211e-01,-1.593006104230880737e-01,1.294130831956863403e-01,4.777870476245880127e-01,9.999992251396179199e-01,-1.838696748018264771e-01,8.843629620969295502e-03,-3.931072715204209089e-04,4.993726909160614014e-01,3.939445316791534424e-02,4.480203390121459961e-01,-1.763601750135421753e-01,-1.619544625282287598e-01,1.064152941107749939e-01,1.981255263090133667e-01,3.017302155494689941e-01,3.803038299083709717e-01,-6.016586348414421082e-02,-1.569314301013946533e-02,2.452650964260101318e-01,5.069142580032348633e-01,-7.468923926353454590e-02,9.853880107402801514e-02,-2.260206937789916992e-01,-1.988095343112945557e-01,-2.464129030704498291e-02,1.368462443351745605e-01,1.892720311880111694e-01,3.480024933815002441e-01,2.131673693656921387e-01,4.128481447696685791e-01,-1.720703393220901489e-01,-8.973895758390426636e-02,-2.917743027210235596e-01,-2.438823878765106201e-01,-1.188047453761100769e-01,-2.392016910016536713e-02,4.949930310249328613e-02,-9.529810398817062378e-02,-1.027551516890525818e-01,6.615234538912773132e-03,-4.593174904584884644e-02,-1.247217506170272827e-01,-5.782192572951316833e-02,-8.746657520532608032e-02,1.128572523593902588e-01,-4.553125426173210144e-02,-7.767295464873313904e-03,-7.988622039556503296e-02,-1.560180485248565674e-01,-8.715169131755828857e-02,-2.694116234779357910e-01,-2.236683368682861328e-01,3.200998008251190186e-01,4.503448903560638428e-01,3.344284296035766602e-01,4.911330044269561768e-01,2.813297212123870850e-01,5.657246112823486328e-01,1.528049856424331665e-01,4.770100414752960205e-01,-1.255159378051757812e-01,3.291844427585601807e-01,2.532139420509338379e-01,9.896546602249145508e-02,2.902531623840332031e-01,1.224535554647445679e-01,-5.993897840380668640e-02,5.868186056613922119e-02,1.447863131761550903e-02,1.058741007000207901e-02,-8.463163673877716064e-02,-4.541385918855667114e-02,-1.551813036203384399e-01,3.449828829616308212e-03,-3.631854057312011719e-02,1.859593242406845093e-01,1.596648395061492920e-01,2.282472848892211914e-01,-2.018688321113586426e-01,1.183363050222396851e-01,-1.442146003246307373e-01,9.441576153039932251e-02,-1.253666579723358154e-01,-7.098975777626037598e-02,-1.546509116888046265e-01,1.627620160579681396e-01,9.407984465360641479e-02,-1.101207882165908813e-01,2.285840660333633423e-01,1.012762635946273804e-02,-5.328645184636116028e-02,-1.536223143339157104e-01,-1.466447412967681885e-01,-4.376427456736564636e-02,-4.384877532720565796e-02,-1.302660405635833740e-01,2.835472822189331055e-01,2.568761110305786133e-01,1.701664775609970093e-01,3.010031878948211670e-01,-9.635711088776588440e-03,4.905828088521957397e-02,-2.854657359421253204e-02,1.435607206076383591e-02,6.015079095959663391e-02,-6.516185402870178223e-02,-8.317311853170394897e-02,-1.467172652482986450e-01,-7.514935731887817383e-02,7.044755667448043823e-02,-1.514948010444641113e-01,-7.509429007768630981e-02
6.235241889953613281e-02,-6.519895792007446289e-02,2.218169718980789185e-01,-8.524336665868759155e-02,6.279031038284301758e-01,8.705443143844604492e-02,1.019046604633331299e-01,-1.838696748018264771e-01,1.000000357627868652e+00,2.243358790874481201e-01,1.495445221662521362e-01,-2.634754218161106110e-02,3.215104937553405762e-01,2.073435112833976746e-02,5.300068259239196777e-01,-1.518128439784049988e-02,3.794564865529537201e-03,-1.245848182588815689e-02,1.197536140680313110e-01,1.028719171881675720e-02,2.394717372953891754e-02,-6.350209563970565796e-02,4.329202473163604736e-01,1.504127085208892822e-01,3.629012405872344971e-01,1.566513776779174805e-01,1.786362230777740479e-01,9.179486893117427826e-03,4.855429008603096008e-02,-2.991267666220664978e-02,2.478298544883728027e-01,6.722386181354522705e-02,1.122571080923080444e-01,-2.170727401971817017e-02,3.650695681571960449e-01,2.270668894052505493e-01,1.806749403476715088e-01,1.620999425649642944e-01,1.089526191353797913e-01,4.618355259299278259e-02,2.369885146617889404e-02,5.572511628270149231e-02,2.753874845802783966e-02,-6.026469171047210693e-02,3.340771794319152832e-02,5.288154631853103638e-02,-1.524666845798492432e-01,-7.609888166189193726e-02,-1.465535163879394531e-01,-4.246462136507034302e-02,-5.152212455868721008e-02,-8.736439049243927002e-02,1.525868102908134460e-02,1.874596811830997467e-02,-1.274007651954889297e-02,-6.007503345608711243e-02,2.843383699655532837e-02,-1.295088678598403931e-01,1.995170488953590393e-02,-3.040012717247009277e-01,2.885792255401611328e-01,-5.829682573676109314e-02,1.407962590456008911e-01,-1.573180407285690308e-01,5.109691619873046875e-01,-7.619079202413558960e-02,5.396725609898567200e-02,-1.018386557698249817e-01,8.904671669006347656e-02,1.253856718540191650e-01,2.103837430477142334e-01,4.767252504825592041e-02,1.492747012525796890e-02,1.168517172336578369e-01,1.200077310204505920e-01,2.238696068525314331e-02,1.588733196258544922e-01,4.183707758784294128e-02,5.106331408023834229e-02,7.991633564233779907e-02,-5.520543549209833145e-03,1.763869822025299072e-01,2.930468618869781494e-01,-3.503896296024322510e-02,5.317516326904296875e-01,1.475054621696472168e-01,1.598614007234573364e-01,1.031716987490653992e-01,3.994434177875518799e-01,5.037559568881988525e-02,1.855918318033218384e-01,4.366196691989898682e-01,8.628637343645095825e-02,3.842902779579162598e-01,-5.770161375403404236e-02,-2.085384540259838104e-02,2.690451219677925110e-02,-5.404638871550559998e-02,6.091744638979434967e-03,2.221973836421966553e-01,-8.764726668596267700e-02,6.557894498109817505e-02,-6.848323345184326172e-02,-5.234908312559127808e-02,1.088941469788551331e-02,1.038744673132896423e-01,3.476728498935699463e-02,4.115796089172363281e-02,-3.001136519014835358e-02,-7.323347032070159912e-02,9.434433653950691223e-03,4.438724741339683533e-02,2.119459062814712524e-01,1.117674633860588074e-01,8.212164789438247681e-02,-3.436205908656120300e-02
2.481601200997829437e-02,1.475833239965140820e-03,-8.425468206405639648e-02,-9.209200739860534668e-02,1.446828693151473999e-01,2.502170205116271973e-01,-7.479493319988250732e-02,8.843629620969295502e-03,2.243358790874481201e-01,9.999999403953552246e-01,2.784931287169456482e-02,6.178852170705795288e-02,-3.535650437697768211e-03,2.649745941162109375e-01,5.258321389555931091e-02,-1.103526651859283447e-01,4.922496154904365540e-02,5.705145746469497681e-02,-1.807395555078983307e-02,-3.176030889153480530e-02,-1.033087074756622314e-01,-1.744893938302993774e-01,-2.306957170367240906e-02,-8.103568851947784424e-02,2.950956225395202637e-01,4.816305935382843018e-01,-1.069037467241287231e-01,-1.581460535526275635e-01,-1.754451915621757507e-02,-1.046829149127006531e-01,1.734479367733001709e-01,2.290608435869216919e-01,-3.662844374775886536e-02,-6.101561710238456726e-02,9.916810691356658936e-02,1.229996159672737122e-01,1.820079535245895386e-01,1.456047445535659790e-01,1.326833069324493408e-01,1.290034800767898560e-01,7.305031269788742065e-02,6.981372088193893433e-02,1.246068403124809265e-01,7.532025128602981567e-02,-1.323546916246414185e-01,-7.022710889577865601e-02,-6.670803995802998543e-04,2.486683614552021027e-02,-3.700179606676101685e-02,-1.098269224166870117e-01,8.372884988784790039e-02,1.462191063910722733e-02,8.930260688066482544e-02,1.653347909450531006e-02,2.517567574977874756e-01,6.258088350296020508e-02,1.236697807908058167e-01,4.103204607963562012e-02,7.284648716449737549e-02,-2.819484844803810120e-02,9.033861011266708374e-02,6.719540338963270187e-03,8.562400937080383301e-02,-9.016162157058715820e-02,9.291147440671920776e-02,6.773681938648223877e-02,9.502542763948440552e-02,1.318143010139465332e-01,1.351601034402847290e-01,1.228013187646865845e-01,2.229304462671279907e-01,2.131210565567016602e-01,2.819544263184070587e-02,5.938519909977912903e-02,-3.382040560245513916e-02,-3.093484230339527130e-02,1.717754006385803223e-01,2.232255786657333374e-01,6.152260582894086838e-03,-2.453243732452392578e-02,3.127005323767662048e-02,1.032551303505897522e-01,5.896555632352828979e-02,-2.433691322803497314e-01,1.805277466773986816e-01,1.556116789579391479e-01,1.190201789140701294e-01,2.073336988687515259e-01,2.753093838691711426e-01,2.367063164710998535e-01,8.824473619461059570e-02,1.052217334508895874e-01,7.480540871620178223e-02,7.512000203132629395e-02,2.874751016497612000e-02,6.783844530582427979e-02,1.093986034393310547e-01,1.101789101958274841e-01,1.426035463809967041e-01,1.879692673683166504e-01,-9.249578416347503662e-02,-5.449541658163070679e-02,-4.002144560217857361e-02,-1.084758490324020386e-01,2.524901879951357841e-03,4.620176553726196289e-02,2.782014571130275726e-02,1.359548419713973999e-02,1.227733772248029709e-02,2.706101909279823303e-02,2.253018617630004883e-01,1.669081300497055054e-01,7.097077369689941406e-02,8.742048591375350952e-02,1.941490322351455688e-01,1.261642575263977051e-01
5.579288601875305176e-01,2.289136126637458801e-02,3.081988394260406494e-01,-4.085779935121536255e-02,3.277584910392761230e-01,-2.078617550432682037e-02,3.813959658145904541e-01,-3.931072715204209089e-04,1.495445221662521362e-01,2.784931287169456482e-02,9.999997615814208984e-01,1.795655637979507446e-01,6.664805412292480469e-01,1.620826125144958496e-01,3.387022614479064941e-01,-4.614906851202249527e-03,3.552141487598419189e-01,1.029425859451293945e-01,3.778369724750518799e-01,1.242870315909385681e-01,3.345791250467300415e-02,6.670643389225006104e-02,2.366586327552795410e-01,4.807793535292148590e-03,1.283509582281112671e-01,-3.917392715811729431e-02,1.785943806171417236e-01,1.841259375214576721e-02,4.564384520053863525e-01,7.133653759956359863e-02,1.255622655153274536e-01,2.472835034132003784e-02,9.844990074634552002e-02,-6.432344019412994385e-02,-3.320378810167312622e-02,-1.705848574638366699e-01,2.482105493545532227e-01,4.314352199435234070e-02,7.944175601005554199e-02,1.011551823467016220e-03,1.436088234186172485e-01,1.551705449819564819e-01,-1.212490533362142742e-04,-3.159220516681671143e-02,-7.782540470361709595e-02,-7.065713405609130859e-02,-1.142724324017763138e-02,-8.483452349901199341e-02,-1.528263278305530548e-02,-3.766168281435966492e-02,3.745484724640846252e-02,-9.865563362836837769e-02,1.283266767859458923e-02,-6.583155691623687744e-02,8.902654051780700684e-02,3.400324843823909760e-03,2.575992941856384277e-01,1.247052252292633057e-01,2.992664873600006104e-01,-7.916820794343948364e-02,2.786788642406463623e-01,-5.513669922947883606e-02,4.648097604513168335e-02,-1.343821585178375244e-01,2.200554609298706055e-01,-7.781843841075897217e-02,7.198540121316909790e-02,-2.291907519102096558e-01,8.015774190425872803e-02,-5.026835575699806213e-02,1.777234971523284912e-01,2.028263658285140991e-01,3.830958008766174316e-01,4.835770651698112488e-02,2.018903344869613647e-01,1.556979119777679443e-01,2.429601550102233887e-01,9.642156958580017090e-02,8.521727472543716431e-02,8.103583008050918579e-02,1.196711435914039612e-01,-4.561443999409675598e-02,3.472839295864105225e-01,-2.529532276093959808e-02,3.794208168983459473e-01,-9.182285517454147339e-02,2.226836532354354858e-01,9.513418376445770264e-02,2.398432195186614990e-01,-6.140596792101860046e-02,6.619784981012344360e-03,6.350842863321304321e-02,2.582458406686782837e-02,2.664244174957275391e-01,-1.628898549824953079e-03,-5.403785035014152527e-02,7.962752878665924072e-02,6.283102929592132568e-02,1.585261821746826172e-01,2.010973244905471802e-01,7.714345306158065796e-02,2.489679455757141113e-01,5.116751044988632202e-02,1.117208003997802734e-01,-2.454595640301704407e-02,1.206921134144067764e-02,-1.149711292237043381e-02,1.542644351720809937e-01,1.260893233120441437e-02,4.467790946364402771e-02,2.379370154812932014e-03,1.564642339944839478e-01,1.724568009376525879e-01,-3.323803469538688660e-02,-5.315405875444412231e-02,-1.039730608463287354e-01
4.563887119293212891e-01,5.215039253234863281e-01,2.796784043312072754e-01,4.363096952438354492e-01,-5.437276512384414673e-02,2.437356673181056976e-02,3.283353745937347412e-01,4.993726909160614014e-01,-2.634754218161106110e-02,6.178852170705795288e-02,1.795655637979507446e-01,9.999995231628417969e-01,2.353235334157943726e-01,5.969657301902770996e-01,-3.358916193246841431e-02,-2.897406369447708130e-02,2.693196535110473633e-01,3.871163725852966309e-01,3.708728551864624023e-01,4.531989395618438721e-01,2.207585237920284271e-02,3.912237286567687988e-02,1.070912182331085205e-01,2.610893547534942627e-01,-1.396858245134353638e-01,-4.418442957103252411e-03,-1.873580366373062134e-01,-1.898034065961837769e-01,1.721730381250381470e-01,3.274222910404205322e-01,2.069614678621292114e-01,2.562053799629211426e-01,2.314593493938446045e-01,2.935474216938018799e-01,-2.758939266204833984e-01,-1.250526309013366699e-01,2.016165852546691895e-02,-2.856186777353286743e-02,3.494241088628768921e-02,9.842725843191146851e-02,1.353197246789932251e-01,5.844031274318695068e-02,3.328061848878860474e-02,2.147300094366073608e-01,-5.904867872595787048e-02,-3.476127982139587402e-02,7.240457832813262939e-02,6.908670067787170410e-02,1.433940231800079346e-01,2.962898695841431618e-03,1.584806144237518311e-01,9.025694429874420166e-02,-7.807987928390502930e-02,-3.111790493130683899e-02,-8.272043615579605103e-02,3.440891159698367119e-03,4.695641100406646729e-01,5.616971850395202637e-01,4.342845678329467773e-01,4.825933873653411865e-01,4.376572668552398682e-01,3.980315923690795898e-01,3.463223874568939209e-01,5.663721561431884766e-01,-1.714558452367782593e-01,2.445864379405975342e-01,2.535946071147918701e-01,-2.175975590944290161e-02,3.832441866397857666e-01,-1.620689779520034790e-02,8.606620132923126221e-02,1.092694252729415894e-01,1.276563704013824463e-01,1.475376486778259277e-01,7.118603587150573730e-02,1.223610863089561462e-01,5.670474097132682800e-02,1.368236988782882690e-01,1.157129332423210144e-01,3.230760395526885986e-01,2.582298517227172852e-01,2.708638012409210205e-01,4.296124447137117386e-03,1.862702518701553345e-01,2.434695698320865631e-02,2.324156910181045532e-01,-1.300786994397640228e-02,2.811522781848907471e-02,-6.306879222393035889e-02,1.911424398422241211e-01,9.082893282175064087e-02,-4.921942949295043945e-02,2.138693630695343018e-01,4.779941588640213013e-02,2.570020034909248352e-03,-9.813060611486434937e-02,3.474219515919685364e-02,9.773466736078262329e-02,1.452917158603668213e-01,9.494212269783020020e-02,3.906356990337371826e-01,3.104838728904724121e-01,3.115227222442626953e-01,3.824123740196228027e-01,1.022580340504646301e-01,1.734974682331085205e-01,1.188697759062051773e-02,1.296077370643615723e-01,5.986312776803970337e-02,1.970105804502964020e-02,9.939500689506530762e-02,3.128740936517715454e-02,1.390961706638336182e-01,2.337623834609985352e-01,-3.653285279870033264e-02,-1.091535612940788269e-01
5.831974744796752930e-01,1.272031366825103760e-01,4.585574269294738770e-01,6.985403597354888916e-02,4.173697531223297119e-01,4.147656261920928955e-02,5.597445964813232422e-01,3.939445316791534424e-02,3.215104937553405762e-01,-3.535650437697768211e-03,6.664805412292480469e-01,2.353235334157943726e-01,1.000000238418579102e+00,1.942192763090133667e-01,4.182175695896148682e-01,-1.241191755980253220e-02,3.127940297126770020e-01,1.609611213207244873e-01,4.118268787860870361e-01,2.410253882408142090e-01,1.230011507868766785e-01,3.870417177677154541e-02,3.982375264167785645e-01,1.173388883471488953e-01,1.540258079767227173e-01,1.561765465885400772e-02,2.158715426921844482e-01,3.474647179245948792e-02,3.626438975334167480e-01,1.495088934898376465e-01,3.124887347221374512e-01,2.001164406538009644e-01,2.461079806089401245e-01,7.942146062850952148e-02,6.834517419338226318e-02,-7.587283104658126831e-02,2.222711592912673950e-01,2.524081431329250336e-02,1.455810219049453735e-01,5.733424052596092224e-02,1.725367456674575806e-01,1.162313967943191528e-01,-3.874508664011955261e-02,-7.243027538061141968e-02,-5.238842591643333435e-02,-3.776447102427482605e-02,-3.989519923925399780e-02,-1.001364737749099731e-01,-5.219800397753715515e-02,-1.620747148990631104e-02,-1.260101050138473511e-02,-1.305065155029296875e-01,-5.038343369960784912e-02,-8.372866362333297729e-02,3.012712858617305756e-02,-6.955721974372863770e-02,3.954993188381195068e-01,2.195990383625030518e-01,3.701404035091400146e-01,-3.005592711269855499e-02,4.425819516181945801e-01,2.605207264423370361e-03,2.857623696327209473e-01,-3.684126585721969604e-02,3.137464523315429688e-01,-7.944310456514358521e-02,1.301124691963195801e-01,-2.620148062705993652e-01,2.224348038434982300e-01,2.239270322024822235e-02,2.667017579078674316e-01,2.068975269794464111e-01,2.433086186647415161e-01,7.221353054046630859e-02,2.369900047779083252e-01,8.754374831914901733e-02,2.387809604406356812e-01,7.508536428213119507e-02,1.506154388189315796e-01,1.342373788356781006e-01,1.920847594738006592e-01,1.240338385105133057e-02,3.022739887237548828e-01,-1.190833002328872681e-02,4.746004045009613037e-01,-8.114672452211380005e-02,1.430718451738357544e-01,8.166624605655670166e-02,3.261784315109252930e-01,-9.532701969146728516e-02,5.328072980046272278e-02,1.327428668737411499e-01,4.427537322044372559e-02,3.848644196987152100e-01,9.784459322690963745e-02,6.207766477018594742e-03,1.622403562068939209e-01,9.998012334108352661e-02,1.267036050558090210e-01,2.055078148841857910e-01,1.915747076272964478e-01,3.733286261558532715e-01,1.587708890438079834e-01,2.189531177282333374e-01,3.479541093111038208e-02,9.673177450895309448e-02,-2.768177539110183716e-03,1.037365198135375977e-01,4.060733690857887268e-02,1.152278259396553040e-01,7.140403240919113159e-02,1.309026777744293213e-01,3.091563284397125244e-01,1.015127748250961304e-01,-3.690712619572877884e-03,-9.561532735824584961e-02
