1.000000119209289551e+00,4.646432399749755859e-01,2.766767740249633789e-01,1.636987477540969849e-01,7.263588905334472656e-02,-9.526719897985458374e-02,4.032604396343231201e-01,2.967727780342102051e-01,-5.117285996675491333e-02,-1.566462665796279907e-01,4.093167781829833984e-01,3.634184896945953369e-01,3.130486011505126953e-01,6.996504217386245728e-02,9.998969733715057373e-03,-1.613272577524185181e-01,3.590544760227203369e-01,2.118495851755142212e-01,1.255338639020919800e-01,3.352238833904266357e-01,-8.320547640323638916e-02,2.697261422872543335e-02,2.472023665904998779e-01,1.576993912458419800e-01,1.037091910839080811e-01,3.247528150677680969e-02,1.458932906389236450e-01,4.661270231008529663e-02,2.688277959823608398e-01,1.566270887851715088e-01,1.102654635906219482e-01,1.097415462136268616e-01,3.145528435707092285e-01,2.992651462554931641e-01,-3.069070540368556976e-02,-1.011006981134414673e-01,2.033639252185821533e-01,9.274963289499282837e-02,1.052738353610038757e-01,1.235612481832504272e-01,9.612984955310821533e-02,8.018676191568374634e-02,-5.215284228324890137e-02,2.682916354387998581e-03,-3.304262831807136536e-02,-8.690129965543746948e-02,6.121923774480819702e-02,2.056653052568435669e-01,9.988386929035186768e-02,4.540213197469711304e-02,6.492851674556732178e-02,8.336547762155532837e-02,1.288290619850158691e-01,1.720623522996902466e-01,2.467390596866607666e-01,1.850896477699279785e-01,5.034223198890686035e-01,3.695973157882690430e-01,1.704784482717514038e-01,2.699107229709625244e-01,1.671191602945327759e-01,1.728372275829315186e-01,4.254003763198852539e-01,2.784127593040466309e-01,9.444477409124374390e-02,1.203273087739944458e-01,2.354669421911239624e-01,2.351914793252944946e-01,2.663569748401641846e-01,2.930888831615447998e-01,8.889228850603103638e-02,5.320318043231964111e-02,2.138290256261825562e-01,5.656427517533302307e-02,4.954702779650688171e-02,1.274047605693340302e-02,2.372703850269317627e-01,1.296373307704925537e-01,6.989854574203491211e-02,1.757495999336242676e-01,4.809921085834503174e-01,2.914420366287231445e-01,2.207922786474227905e-01,8.210851252079010010e-02,4.537597000598907471e-01,1.952186226844787598e-01,7.814493775367736816e-02,5.113251879811286926e-02,1.684350520372390747e-01,1.733122766017913818e-01,2.706278264522552490e-01,1.529717296361923218e-01,1.285688281059265137e-01,4.608331248164176941e-02,1.015311777591705322e-01,1.409917026758193970e-01,8.750169724225997925e-02,1.240789294242858887e-01,2.392471432685852051e-01,2.988727390766143799e-01,9.099850058555603027e-02,-1.225161395268514752e-04,2.552901208400726318e-01,1.223563775420188904e-01,2.513666450977325439e-01,3.302305638790130615e-01,-7.865906809456646442e-04,1.889142096042633057e-01,9.413437545299530029e-02,9.755284339189529419e-02,1.372373104095458984e-01,1.842440664768218994e-01,2.565227150917053223e-01,1.913875788450241089e-01,1.301829218864440918e-01,9.574575722217559814e-02
4.646432399749755859e-01,1.000000238418579102e+00,1.779623627662658691e-01,1.760225892066955566e-01,-2.382721751928329468e-03,-5.461039021611213684e-02,1.978625655174255371e-01,2.051192522048950195e-01,-8.619276434183120728e-02,-1.009435653686523438e-01,2.572477161884307861e-01,3.022355735301971436e-01,1.410294771194458008e-01,9.040705114603042603e-02,-7.970709353685379028e-02,-6.400854140520095825e-02,1.824848800897598267e-01,1.432226300239562988e-01,3.823807239532470703e-01,4.016614556312561035e-01,9.217102080583572388e-02,-6.089949980378150940e-02,1.437447220087051392e-01,1.140836924314498901e-01,-1.181975845247507095e-02,-1.842949725687503815e-02,1.823931373655796051e-02,-4.329644143581390381e-02,1.244485899806022644e-01,7.555015385150909424e-02,5.028426647186279297e-02,7.811318337917327881e-02,1.474335193634033203e-01,1.918811798095703125e-01,-1.124955620616674423e-02,-7.651851326227188110e-02,6.302830297499895096e-03,5.917931720614433289e-02,9.275885671377182007e-02,1.118685081601142883e-01,6.927265226840972900e-02,7.961457222700119019e-02,-3.761110082268714905e-02,3.591777989640831947e-03,4.064250271767377853e-03,1.047412306070327759e-02,-5.228387308306992054e-04,9.367399662733078003e-02,1.308643072843551636e-01,7.097864151000976562e-02,7.700922340154647827e-02,1.196130961179733276e-01,5.431929603219032288e-02,2.052275985479354858e-01,8.054140210151672363e-02,1.821310520172119141e-01,2.401100695133209229e-01,2.658367753028869629e-01,5.615596193820238113e-03,1.482595950365066528e-01,7.464680075645446777e-02,1.438978016376495361e-01,2.083732932806015015e-01,2.364582717418670654e-01,4.939376190304756165e-02,1.176736727356910706e-01,6.862569134682416916e-03,5.677398294210433960e-03,5.343023538589477539e-01,2.075285315513610840e-01,-1.022621709853410721e-02,-5.644477903842926025e-02,1.426701396703720093e-01,7.691348344087600708e-02,1.277218014001846313e-01,2.465524338185787201e-02,-1.683370559476315975e-03,-2.905467711389064789e-02,4.973885416984558105e-02,7.479099184274673462e-02,2.016212344169616699e-01,2.140843570232391357e-01,9.869974851608276367e-02,6.700869649648666382e-02,1.788503974676132202e-01,1.395842134952545166e-01,1.762646250426769257e-02,5.388890579342842102e-02,5.056827142834663391e-02,2.327879816293716431e-01,1.343137323856353760e-01,2.163251787424087524e-01,1.691072992980480194e-02,6.979294866323471069e-02,1.319331973791122437e-01,1.340097337961196899e-01,6.181884557008743286e-02,1.435725837945938110e-01,1.536212861537933350e-01,2.532424032688140869e-01,-4.308296367526054382e-02,1.768321730196475983e-02,7.759431004524230957e-02,1.247986033558845520e-01,9.730168431997299194e-02,1.674291640520095825e-01,5.883434321731328964e-03,5.679017305374145508e-02,5.755377560853958130e-02,1.585797220468521118e-01,1.597838848829269409e-01,1.514135450124740601e-01,2.274679690599441528e-01,1.100680157542228699e-01,9.451690129935741425e-03,8.202232420444488525e-02
2.766767740249633789e-01,1.779623627662658691e-01,1.000000119209289551e+00,5.577536821365356445e-01,4.123629629611968994e-02,-1.542533934116363525e-01,5.554875731468200684e-01,4.914075136184692383e-01,-7.600466161966323853e-02,-2.148240804672241211e-01,3.624993264675140381e-01,2.332525700330734253e-01,3.530637621879577637e-01,1.992421597242355347e-01,8.660581707954406738e-02,-6.295445561408996582e-02,2.833013534545898438e-01,2.473194152116775513e-01,6.492106616497039795e-02,8.020089566707611084e-02,5.040866136550903320e-02,2.459580898284912109e-01,4.777816832065582275e-01,4.163622856140136719e-01,1.826495230197906494e-01,1.228143349289894104e-01,6.387457996606826782e-02,2.176810987293720245e-02,3.086711168289184570e-01,2.202160656452178955e-01,3.116974830627441406e-01,2.964189648628234863e-01,2.969422563910484314e-02,7.507685571908950806e-02,-1.001332625746726990e-01,-1.810361444950103760e-01,8.521745353937149048e-02,3.600991144776344299e-02,9.356261044740676880e-02,1.067653670907020569e-01,6.790127605199813843e-02,-3.642303054220974445e-04,-9.456484019756317139e-02,-3.356561437249183655e-02,-9.241338074207305908e-02,-1.721378713846206665e-01,-2.205215580761432648e-02,1.229246780276298523e-01,-8.394539356231689453e-02,-7.367835938930511475e-02,4.000287875533103943e-02,1.318476349115371704e-01,-1.785909011960029602e-02,-9.725853800773620605e-02,2.050896733999252319e-01,1.975969411432743073e-02,2.187363058328628540e-01,2.388784587383270264e-01,2.684253826737403870e-02,2.226802706718444824e-01,1.156957373023033142e-01,1.776167452335357666e-01,1.388463973999023438e-01,1.434212028980255127e-01,1.256449073553085327e-01,1.631647646427154541e-01,9.202573448419570923e-03,8.684688061475753784e-02,6.101730838418006897e-02,2.636095508933067322e-03,2.434334307909011841e-01,1.311122477054595947e-01,1.997760087251663208e-01,8.876273781061172485e-02,8.707614243030548096e-02,9.353854507207870483e-02,3.734700381755828857e-02,-5.222450941801071167e-02,1.021049767732620239e-01,6.885518878698348999e-02,2.514448761940002441e-01,2.080831974744796753e-01,6.361429393291473389e-02,1.781420782208442688e-02,2.037713378667831421e-01,2.864773869514465332e-01,-1.510320901870727539e-01,-1.400754451751708984e-01,8.837328106164932251e-02,1.568159833550453186e-02,1.922293007373809814e-01,1.370494216680526733e-01,9.368442744016647339e-02,1.857017427682876587e-01,1.270801573991775513e-01,1.137767583131790161e-01,-1.899976842105388641e-02,-2.233541384339332581e-02,1.235120519995689392e-01,1.921189278364181519e-01,4.177400469779968262e-02,-4.592925682663917542e-02,1.094438806176185608e-01,8.364310860633850098e-02,9.796116501092910767e-02,1.028289645910263062e-01,6.864157505333423615e-03,8.530274033546447754e-02,4.367394745349884033e-02,4.618021100759506226e-02,-1.025894805788993835e-01,-1.536535769701004028e-01,3.184358123689889908e-03,-6.543646007776260376e-02,-6.571018695831298828e-02,-7.106982171535491943e-02
1.636987477540969849e-01,1.760225892066955566e-01,5.577536821365356445e-01,9.999997615814208984e-01,-1.121220290660858154e-01,-5.558674037456512451e-02,4.012311697006225586e-01,5.423874855041503906e-01,-1.297662854194641113e-01,-1.507281661033630371e-01,1.670455485582351685e-01,1.805464476346969604e-01,1.456293612718582153e-01,2.727629542350769043e-01,-7.866707444190979004e-02,-5.188116803765296936e-02,8.453645557165145874e-02,1.347941160202026367e-01,1.673869788646697998e-01,2.896891161799430847e-02,1.050746738910675049e-01,2.095679640769958496e-01,4.898265600204467773e-01,4.937652051448822021e-01,1.730227321386337280e-01,1.396675109863281250e-01,4.498476535081863403e-02,5.709449574351310730e-02,1.648810654878616333e-01,1.283152401447296143e-01,3.038737177848815918e-01,3.108396828174591064e-01,3.463663160800933838e-02,6.663087010383605957e-02,-7.451249286532402039e-03,-6.370162218809127808e-02,-1.785970479249954224e-02,-1.131537035107612610e-01,-4.345517605543136597e-03,-1.790368929505348206e-02,1.573826186358928680e-02,2.291291393339633942e-02,5.132651329040527344e-02,6.024132296442985535e-02,-7.834273576736450195e-02,-1.340448763221502304e-02,-3.273656964302062988e-02,1.735273599624633789e-01,-1.300122439861297607e-01,-2.757201343774795532e-02,7.752829045057296753e-02,5.751700699329376221e-02,-8.541804738342761993e-03,-2.320042438805103302e-02,7.843691110610961914e-02,7.121098041534423828e-02,8.636511862277984619e-02,2.261249274015426636e-01,1.233966946601867676e-01,2.119878381490707397e-01,6.254266202449798584e-02,1.471211551688611507e-03,3.738559409976005554e-02,2.030492424964904785e-01,1.228481456637382507e-01,1.047569736838340759e-01,7.625360041856765747e-02,1.410660147666931152e-01,1.419206894934177399e-02,2.181783318519592285e-02,2.579795420169830322e-01,1.473563462495803833e-01,1.608373671770095825e-01,8.857990801334381104e-02,1.116627901792526245e-01,1.257484257221221924e-01,4.552815482020378113e-02,5.418919026851654053e-02,-4.700233042240142822e-02,8.012978360056877136e-03,3.029341995716094971e-02,1.418221443891525269e-01,-8.703286200761795044e-02,3.848202526569366455e-02,-3.007727302610874176e-02,1.420904844999313354e-01,-2.418487221002578735e-01,1.477209618315100670e-03,-7.793040573596954346e-02,6.812313199043273926e-02,1.807025633752346039e-02,6.844057142734527588e-02,1.937917061150074005e-02,1.102488934993743896e-01,4.478461667895317078e-02,1.127801090478897095e-01,-5.697085708379745483e-02,8.612246066331863403e-02,5.274002626538276672e-02,2.079872637987136841e-01,4.680900648236274719e-02,4.018933326005935669e-02,6.849092990159988403e-02,1.223029792308807373e-01,9.294657409191131592e-02,6.728889793157577515e-02,-2.367745898663997650e-02,6.318598240613937378e-02,1.036743167787790298e-02,1.182446628808975220e-02,4.115479066967964172e-02,-3.657060442492365837e-03,6.739746034145355225e-02,3.476641327142715454e-02,-3.902422636747360229e-02,-6.676714867353439331e-02
7.263588905334472656e-02,-2.382721751928329468e-03,4.123629629611968994e-02,-1.121220290660858154e-01,1.000000238418579102e+00,5.320286154747009277e-01,2.513637840747833252e-01,-5.180032923817634583e-02,6.110157966613769531e-01,3.044258058071136475e-01,1.013444960117340088e-01,-1.482598930597305298e-01,3.472549915313720703e-01,1.148466169834136963e-01,5.786746740341186523e-01,2.253605276346206665e-01,-3.141448274254798889e-02,-1.557509154081344604e-01,-8.791379630565643311e-02,2.612881548702716827e-02,-8.080643601715564728e-03,1.556743383407592773e-01,1.687778979539871216e-01,1.863393783569335938e-01,5.374355316162109375e-01,4.254968166351318359e-01,6.012456417083740234e-01,4.866355657577514648e-01,8.933250606060028076e-02,2.343170344829559326e-02,2.068793773651123047e-01,1.775433719158172607e-01,-5.263037513941526413e-03,-3.269283846020698547e-02,-1.824780404567718506e-01,-2.118650972843170166e-01,-5.353924632072448730e-02,-7.585059851408004761e-02,4.236997291445732117e-02,-3.102554753422737122e-02,1.090770140290260315e-01,8.863686025142669678e-02,-2.056339681148529053e-01,-1.551619917154312134e-01,-2.115174978971481323e-01,-1.705114990472793579e-01,-1.095381081104278564e-01,-1.385652571916580200e-01,-9.864336252212524414e-02,-9.902682900428771973e-02,-2.433946281671524048e-01,-1.168460622429847717e-01,1.112616956233978271e-01,1.673406362533569336e-01,-7.997081428766250610e-02,-1.403671354055404663e-01,2.295095175504684448e-01,5.465728044509887695e-02,6.192968226969242096e-03,4.536352306604385376e-02,-9.191533178091049194e-02,8.498802781105041504e-02,3.710543513298034668e-01,-2.409890480339527130e-02,-2.561247050762176514e-01,-9.908927232027053833e-02,-1.828076988458633423e-01,-2.120592147111892700e-01,7.413420826196670532e-02,-4.318066686391830444e-02,1.052260547876358032e-01,9.574370831251144409e-02,7.007775455713272095e-02,7.353053987026214600e-02,8.825926482677459717e-02,1.384916063398122787e-02,-3.460493311285972595e-02,-3.310010209679603577e-02,-2.972557209432125092e-02,-1.985245794057846069e-01,6.702732294797897339e-02,-1.165859997272491455e-01,6.104876995086669922e-01,3.032618761062622070e-01,8.555885404348373413e-02,-9.166211634874343872e-02,4.968691766262054443e-01,2.120559960603713989e-01,2.958994209766387939e-01,1.471423655748367310e-01,7.390791177749633789e-02,7.672559469938278198e-02,1.365130990743637085e-01,8.186166733503341675e-02,-8.895164728164672852e-02,-2.007049471139907837e-01,-6.649065017700195312e-02,-1.239880919456481934e-01,-2.849137485027313232e-01,-2.741742730140686035e-01,1.590077951550483704e-02,-1.678455434739589691e-02,-1.164251714944839478e-01,-1.033575236797332764e-01,-1.473629027605056763e-01,-1.351294815540313721e-01,-5.862593650817871094e-02,-3.899272903800010681e-02,1.135469228029251099e-02,-8.482693880796432495e-02,3.581754490733146667e-02,7.306706905364990234e-02,-7.396626751869916916e-03,-5.812608450651168823e-02,-4.546831920742988586e-02,1.909589208662509918e-02
-9.526719897985458374e-02,-5.461039021611213684e-02,-1.542533934116363525e-01,-5.558674037456512451e-02,5.320286154747009277e-01,9.999999403953552246e-01,-4.260260239243507385e-02,2.888612449169158936e-02,4.326571524143218994e-01,5.598917007446289062e-01,-1.916898638010025024e-01,-1.100115254521369934e-01,-4.690498858690261841e-02,2.810875475406646729e-01,2.239292412996292114e-01,4.380528330802917480e-01,-1.958499848842620850e-01,-1.211973279714584351e-01,-8.672846108675003052e-02,-6.218165904283523560e-02,-2.425571531057357788e-02,2.257234007120132446e-01,6.432881951332092285e-02,2.487345784902572632e-01,4.933101832866668701e-01,5.964839458465576172e-01,5.235811471939086914e-01,6.654624938964843750e-01,-3.454889357089996338e-02,1.436061412096023560e-01,8.618743717670440674e-02,1.691101193428039551e-01,9.282363462261855602e-04,7.601778488606214523e-03,-8.766799420118331909e-02,-6.745000928640365601e-02,-8.499385416507720947e-02,-4.284048080444335938e-02,-1.978232897818088531e-02,4.471409693360328674e-02,9.892833232879638672e-02,1.820911318063735962e-01,-1.070049256086349487e-01,-8.821219205856323242e-02,-1.238836199045181274e-01,-4.411776363849639893e-02,-1.188934370875358582e-01,-4.248328879475593567e-02,-5.772641394287347794e-03,-5.990495532751083374e-02,-1.608443856239318848e-01,-1.524948775768280029e-01,1.502664946019649506e-02,2.192386388778686523e-01,-3.160929977893829346e-01,2.132022380828857422e-02,-3.343610558658838272e-03,4.556981101632118225e-02,1.624655127525329590e-01,-2.065789699554443359e-01,-2.293010205030441284e-01,-5.853413045406341553e-02,9.893597662448883057e-02,9.970474988222122192e-02,-3.326484560966491699e-01,-1.603534221649169922e-01,-5.277933180332183838e-02,-1.860395818948745728e-01,-3.618391975760459900e-02,-4.048628266900777817e-03,1.231486573815345764e-01,2.010507583618164062e-01,3.072748892009258270e-02,1.204910278320312500e-01,1.840480975806713104e-02,5.125200375914573669e-02,-3.535363450646400452e-02,9.471271932125091553e-02,-1.243276223540306091e-01,-1.361602991819381714e-01,-1.760293394327163696e-01,3.358061239123344421e-02,3.015062808990478516e-01,5.372573137283325195e-01,-2.301879674196243286e-01,-1.118719726800918579e-01,2.451654076576232910e-01,4.495445489883422852e-01,-9.937234967947006226e-02,3.548753857612609863e-01,-2.391397058963775635e-01,1.822399199008941650e-01,-8.889337070286273956e-03,3.695120289921760559e-02,-2.002093195915222168e-01,-1.716995239257812500e-01,-2.633004635572433472e-02,1.053435802459716797e-01,-3.492508530616760254e-01,-1.330213844776153564e-01,-4.686157777905464172e-02,-6.972481310367584229e-02,-2.495189160108566284e-01,-8.984147757291793823e-02,-2.125026136636734009e-01,-1.685151308774948120e-01,-1.234391257166862488e-01,-6.120497733354568481e-02,3.040579706430435181e-02,2.925254032015800476e-02,2.074345797300338745e-01,2.276659011840820312e-01,1.564290970563888550e-01,1.875152625143527985e-02,-2.753373421728610992e-02,5.603076145052909851e-02
4.032604396343231201e-01,1.978625655174255371e-01,5.554875731468200684e-01,4.012311697006225586e-01,2.513637840747833252e-01,-4.260260239243507385e-02,1.000000119209289551e+00,4.837943613529205322e-01,1.980616748332977295e-01,-1.588149964809417725e-01,5.218217968940734863e-01,3.086023330688476562e-01,5.235736370086669922e-01,2.838186323642730713e-01,2.936584055423736572e-01,-1.183743849396705627e-01,3.425514698028564453e-01,2.423532009124755859e-01,-5.059848073869943619e-03,9.228795766830444336e-03,1.038579195737838745e-01,1.585929244756698608e-01,5.256002545356750488e-01,4.330567419528961182e-01,3.532810509204864502e-01,1.368937194347381592e-01,2.601648569107055664e-01,3.373114392161369324e-02,3.810127377510070801e-01,2.194466590881347656e-01,4.880276322364807129e-01,4.460361003875732422e-01,6.998326629400253296e-02,8.677610754966735840e-02,-2.449380978941917419e-02,-8.408120274543762207e-02,9.023400396108627319e-02,-3.155194595456123352e-02,8.960434049367904663e-02,4.553439095616340637e-02,1.021785065531730652e-01,1.281639635562896729e-01,3.457545116543769836e-02,6.526465713977813721e-02,-9.793720394372940063e-02,-7.823529839515686035e-02,1.238211169838905334e-01,2.088306397199630737e-01,-8.882253430783748627e-03,-1.068073511123657227e-01,2.607615664601325989e-02,8.549093455076217651e-02,1.716444492340087891e-01,1.036312803626060486e-01,1.738197803497314453e-01,7.804574817419052124e-02,4.590612351894378662e-01,2.833506762981414795e-01,1.259812265634536743e-01,3.271370232105255127e-01,2.387063205242156982e-01,2.178242504596710205e-01,4.331297576427459717e-01,1.823189407587051392e-01,1.627883315086364746e-01,1.566620767116546631e-01,6.609160453081130981e-02,1.500719338655471802e-01,8.934866636991500854e-03,4.821161739528179169e-03,3.855004012584686279e-01,2.141594588756561279e-01,2.797437608242034912e-01,1.483751386404037476e-01,2.116797119379043579e-01,1.677857339382171631e-01,1.762186437845230103e-01,7.757002115249633789e-02,1.380794346332550049e-01,1.559170335531234741e-01,3.164138495922088623e-01,1.797176599502563477e-01,2.481956183910369873e-01,3.112491406500339508e-02,3.025580346584320068e-01,2.329865694046020508e-01,-2.171169035136699677e-02,-2.038139104843139648e-02,2.229078859090805054e-01,1.968944519758224487e-01,2.248015701770782471e-01,1.282996684312820435e-01,1.142150312662124634e-01,1.265728771686553955e-01,8.531007915735244751e-02,1.146574616432189941e-01,-4.387661442160606384e-02,6.722296774387359619e-02,1.284828335046768188e-01,1.544959694147109985e-01,9.356451034545898438e-02,4.896248877048492432e-02,1.926460266113281250e-01,1.289231479167938232e-01,2.316132634878158569e-01,1.787502318620681763e-01,-2.532658167183399200e-02,1.186363473534584045e-01,4.220712871756404638e-04,-2.933914959430694580e-02,5.495770648121833801e-02,3.292827680706977844e-02,6.071626394987106323e-02,6.577046215534210205e-02,1.137717440724372864e-01,9.319202601909637451e-02
2.967727780342102051e-01,2.051192522048950195e-01,4.914075136184692383e-01,5.423874855041503906e-01,-5.180032923817634583e-02,2.888612449169158936e-02,4.837943613529205322e-01,1.000000476837158203e+00,-1.914711743593215942e-01,-1.373089253902435303e-01,3.879481256008148193e-01,5.047574043273925781e-01,3.046700358390808105e-01,5.579102635383605957e-01,-1.055518239736557007e-01,2.063069678843021393e-02,2.385126203298568726e-01,3.580344915390014648e-01,-9.149249643087387085e-02,1.989068463444709778e-02,3.302960656583309174e-03,1.987798213958740234e-01,4.902534484863281250e-01,5.319719910621643066e-01,3.199950158596038818e-01,3.545002937316894531e-01,1.734215170145034790e-01,2.017484605312347412e-01,3.307347297668457031e-01,2.947660982608795166e-01,3.280854821205139160e-01,3.987844884395599365e-01,6.965564191341400146e-02,1.534015834331512451e-01,-5.108465254306793213e-02,-1.414536237716674805e-01,5.891652777791023254e-03,-3.344431146979331970e-02,2.042062813416123390e-03,8.492220193147659302e-02,1.521795541048049927e-01,7.182221859693527222e-02,-4.794090241193771362e-02,-3.079099021852016449e-02,-1.048409640789031982e-01,-8.211760222911834717e-02,-3.633620217442512512e-02,2.606464922428131104e-01,1.020168606191873550e-02,-5.840277299284934998e-02,6.682064384222030640e-02,7.773526012897491455e-02,1.517467759549617767e-02,1.195721179246902466e-01,1.182835921645164490e-01,3.023358583450317383e-01,1.752279847860336304e-01,3.767929673194885254e-01,3.315418958663940430e-01,2.409832477569580078e-01,9.570255130529403687e-02,2.518333122134208679e-02,2.736532390117645264e-01,4.575724899768829346e-01,8.821044117212295532e-02,1.366402506828308105e-01,1.109318584203720093e-01,1.250095665454864502e-01,3.371271491050720215e-02,5.851552635431289673e-02,2.898375391960144043e-01,1.449345350265502930e-01,2.682180702686309814e-01,7.007309794425964355e-02,1.811667978763580322e-01,1.902027577161788940e-01,1.291116029024124146e-01,9.228872507810592651e-02,1.024907827377319336e-01,1.432786285877227783e-01,2.414223402738571167e-01,4.439131915569305420e-01,5.958971008658409119e-02,3.148297965526580811e-01,1.340984106063842773e-01,2.856087684631347656e-01,-2.017529755830764771e-01,2.147731035947799683e-01,-6.104737520217895508e-03,2.799194753170013428e-01,1.392813324928283691e-01,3.664447963237762451e-01,-4.445245116949081421e-02,1.511204689741134644e-01,-3.386425971984863281e-02,1.455203741788864136e-01,-1.119922250509262085e-01,8.988509327173233032e-02,6.286586076021194458e-02,3.528211414813995361e-01,-6.875578314065933228e-02,2.384881861507892609e-02,6.559464335441589355e-02,1.044807583093643188e-01,1.106962785124778748e-01,1.453352421522140503e-01,-6.194794550538063049e-02,7.317548245191574097e-02,6.121039018034934998e-02,1.022297739982604980e-01,6.008562445640563965e-02,-1.892555388621985912e-03,1.546453088521957397e-01,-2.265571057796478271e-02,-7.046367973089218140e-02,2.723011374473571777e-02
-5.117285996675491333e-02,-8.619276434183120728e-02,-7.600466161966323853e-02,-1.297662854194641113e-01,6.110157966613769531e-01,4.326571524143218994e-01,1.980616748332977295e-01,-1.914711743593215942e-01,9.999998211860656738e-01,4.697888791561126709e-01,6.678970903158187866e-02,-1.049950122833251953e-01,2.884027957916259766e-01,4.885566304437816143e-04,6.710650920867919922e-01,2.518249452114105225e-01,3.002799488604068756e-02,-8.252215385437011719e-02,-2.824917621910572052e-02,-1.146195232868194580e-01,1.557911485433578491e-01,2.113721519708633423e-01,-7.930442690849304199e-02,-1.463956292718648911e-02,3.210144042968750000e-01,1.871797591447830200e-01,3.734079897403717041e-01,2.275934666395187378e-01,9.152611345052719116e-02,1.050211936235427856e-01,1.691096127033233643e-01,1.277671158313751221e-01,-4.353039711713790894e-02,-6.150196120142936707e-02,-1.326743047684431076e-02,7.749824784696102142e-03,-4.724819678813219070e-03,4.172918573021888733e-02,6.239600852131843567e-02,3.897716850042343140e-02,6.194096431136131287e-02,2.264641523361206055e-01,9.695012122392654419e-02,1.056766435503959656e-01,-7.106313109397888184e-02,8.731552399694919586e-03,1.422653496265411377e-01,-6.280436366796493530e-02,-4.380835220217704773e-02,3.544191422406584024e-04,-1.565196067094802856e-01,-1.627100072801113129e-02,8.163618296384811401e-02,7.523322105407714844e-02,-1.178788766264915466e-01,-9.500990808010101318e-02,1.357217431068420410e-01,9.265791624784469604e-02,-1.591102033853530884e-02,1.911356672644615173e-02,1.220235042273998260e-02,2.637559771537780762e-01,4.815094545483589172e-02,-1.676128357648849487e-01,-1.121723800897598267e-01,5.406277999281883240e-02,-3.915692493319511414e-02,-6.363287568092346191e-02,-1.179498732089996338e-01,-1.239286139607429504e-01,1.919494718313217163e-01,2.614990770816802979e-01,1.172108426690101624e-01,2.742897570133209229e-01,1.810623258352279663e-01,1.597090959548950195e-01,7.847058027982711792e-02,8.817786723375320435e-02,-2.567349001765251160e-02,-4.887838661670684814e-02,-5.418583378195762634e-02,-1.100515574216842651e-01,3.467095196247100830e-01,5.604798719286918640e-02,5.115459859371185303e-02,-7.018236443400382996e-03,3.213992118835449219e-01,8.286883682012557983e-02,2.354664504528045654e-01,1.856661438941955566e-01,-3.444392979145050049e-02,-6.512764096260070801e-02,1.557197272777557373e-01,1.082265675067901611e-01,-5.470737814903259277e-03,-1.395652294158935547e-01,-2.362934313714504242e-02,-6.218300014734268188e-02,-1.198328658938407898e-01,-1.878284960985183716e-01,1.322860121726989746e-01,3.915803506970405579e-02,2.230341359972953796e-02,3.234486281871795654e-02,-1.231564767658710480e-02,-5.451765283942222595e-02,-2.382666803896427155e-02,6.539579480886459351e-02,-1.482293605804443359e-01,-1.876529753208160400e-01,-1.152480766177177429e-02,4.209885746240615845e-02,-8.215776085853576660e-02,5.438233166933059692e-02,1.000941172242164612e-01,2.919403649866580963e-02
-1.566462665796279907e-01,-1.009435653686523438e-01,-2.148240804672241211e-01,-1.507281661033630371e-01,3.044258058071136475e-01,5.598917007446289062e-01,-1.588149964809417725e-01,-1.373089253902435303e-01,4.697888791561126709e-01,9.999995827674865723e-01,-6.981854885816574097e-02,2.778300642967224121e-02,9.476933628320693970e-03,1.716150939464569092e-01,3.067061901092529297e-01,6.542792320251464844e-01,-4.699506610631942749e-02,6.640123575925827026e-02,-3.634585300460457802e-03,-2.114160684868693352e-03,6.541384756565093994e-02,2.313174456357955933e-01,-2.649436891078948975e-01,-1.427554935216903687e-01,2.271027565002441406e-01,2.717888057231903076e-01,2.836560904979705811e-01,3.478434681892395020e-01,3.493053093552589417e-02,1.782477051019668579e-01,-4.734390601515769958e-02,-6.461509969085454941e-03,2.578625862952321768e-04,-2.157481387257575989e-03,-2.950102789327502251e-04,2.619917504489421844e-02,9.030132554471492767e-03,1.525417864322662354e-01,5.230773240327835083e-02,1.785655915737152100e-01,1.011008769273757935e-01,2.201014906167984009e-01,1.136369258165359497e-02,4.179933667182922363e-02,-8.492208272218704224e-02,-1.720968820154666901e-02,7.654833048582077026e-02,-9.804456681013107300e-02,-8.998392522335052490e-02,4.827589914202690125e-02,-1.839032620191574097e-01,-1.472698599100112915e-01,-8.399279415607452393e-02,-1.018267720937728882e-01,-1.494816094636917114e-01,2.543403208255767822e-02,-4.391106218099594116e-02,1.174570545554161072e-01,8.102903515100479126e-02,-8.695802092552185059e-02,-4.381404817104339600e-02,1.249354556202888489e-01,-1.901658177375793457e-01,-1.287687271833419800e-01,-1.396146267652511597e-01,5.301615595817565918e-02,6.111325323581695557e-02,1.846683397889137268e-02,-2.981837652623653412e-02,6.048304587602615356e-02,1.346056163311004639e-01,2.529402077198028564e-01,9.784644097089767456e-02,2.208655029535293579e-01,1.094248741865158081e-01,1.276595145463943481e-01,8.042790740728378296e-02,1.118571832776069641e-01,-1.310583651065826416e-01,-5.327270552515983582e-02,-1.887869685888290405e-01,5.621209740638732910e-02,1.398655772209167480e-01,3.689367175102233887e-01,-1.296972930431365967e-01,1.109659969806671143e-01,1.506003886461257935e-01,2.693249583244323730e-01,-1.660710014402866364e-02,3.175024092197418213e-01,-1.233275458216667175e-01,1.143127605319023132e-01,1.074828132987022400e-01,2.675207555294036865e-01,-5.564638413488864899e-03,-8.114733546972274780e-02,-3.309335187077522278e-02,1.943352818489074707e-02,-1.483374685049057007e-01,-1.827593520283699036e-02,8.561398833990097046e-02,1.278195977210998535e-01,-7.421407848596572876e-02,1.662852913141250610e-01,-8.883807808160781860e-02,-8.176887780427932739e-02,-8.097105473279953003e-02,4.559984430670738220e-02,-1.105398386716842651e-01,-2.208892442286014557e-02,-1.856159046292304993e-02,1.926584751345217228e-03,-1.011402904987335205e-02,1.000354811549186707e-02,1.058841496706008911e-02,-6.238823011517524719e-02
4.093167781829833984e-01,2.572477161884307861e-01,3.624993264675140381e-01,1.670455485582351685e-01,1.013444960117340088e-01,-1.916898638010025024e-01,5.218217968940734863e-01,3.879481256008148193e-01,6.678970903158187866e-02,-6.981854885816574097e-02,1.000000119209289551e+00,5.464838147163391113e-01,7.170481681823730469e-01,3.027880191802978516e-01,2.151077389717102051e-01,7.198667526245117188e-02,5.696592330932617188e-01,4.310076534748077393e-01,5.261536315083503723e-02,1.993882060050964355e-01,1.040321886539459229e-01,1.446423977613449097e-01,1.246679425239562988e-01,4.547862708568572998e-02,1.289099454879760742e-01,5.348814651370048523e-02,1.151557043194770813e-01,-7.046093046665191650e-02,5.795142054557800293e-01,3.006745278835296631e-01,2.510324418544769287e-01,2.117046266794204712e-01,9.360853582620620728e-02,1.068080738186836243e-01,-6.206151470541954041e-02,-1.517814397811889648e-01,1.675979793071746826e-01,9.886574000120162964e-02,1.962705999612808228e-01,2.049598544836044312e-01,2.724651396274566650e-01,8.583021908998489380e-02,3.402116894721984863e-02,6.154110655188560486e-02,7.100217789411544800e-02,-7.468357682228088379e-02,1.616478711366653442e-01,1.847875863313674927e-01,1.458698958158493042e-01,8.712878078222274780e-02,1.361095905303955078e-01,1.879728436470031738e-01,6.294003874063491821e-02,-5.117842927575111389e-02,2.551224827766418457e-01,1.751814186573028564e-01,4.371069073677062988e-01,3.165972828865051270e-01,1.712353229522705078e-01,4.168930947780609131e-01,3.209417462348937988e-01,3.279873132705688477e-01,3.073402047157287598e-01,1.509183645248413086e-01,3.149762749671936035e-01,3.211218416690826416e-01,1.854251027107238770e-01,2.385550588369369507e-01,1.278679668903350830e-01,1.340573728084564209e-01,2.818510234355926514e-01,5.133826658129692078e-02,4.156415760517120361e-01,2.069831788539886475e-01,2.861481308937072754e-01,1.753554791212081909e-01,2.296101003885269165e-01,4.871027544140815735e-02,1.893000006675720215e-01,2.021870911121368408e-01,5.154877901077270508e-01,3.304611444473266602e-01,2.741001248359680176e-01,8.257615566253662109e-02,5.575101971626281738e-01,4.983280003070831299e-01,-8.843473158776760101e-03,1.601383648812770844e-02,3.385709822177886963e-01,1.837844699621200562e-01,2.956502735614776611e-01,2.119596749544143677e-01,9.399572759866714478e-02,2.942430675029754639e-01,9.882973879575729370e-02,1.433393806219100952e-01,-2.671681344509124756e-01,-1.432489454746246338e-01,1.385411471128463745e-01,2.737688124179840088e-01,1.224534288048744202e-01,1.885569691658020020e-01,3.117341697216033936e-01,2.511083483695983887e-01,2.722972929477691650e-01,3.165548145771026611e-01,-6.917045265436172485e-02,2.301140129566192627e-01,-1.105615720152854919e-01,-1.032359972596168518e-01,-2.731457948684692383e-01,-2.996953129768371582e-01,-1.379643082618713379e-01,-5.467923730611801147e-02,1.890519261360168457e-02,-1.077346503734588623e-02
3.634184896945953369e-01,3.022355735301971436e-01,2.332525700330734253e-01,1.805464476346969604e-01,-1.482598930597305298e-01,-1.100115254521369934e-01,3.086023330688476562e-01,5.047574043273925781e-01,-1.049950122833251953e-01,2.778300642967224121e-02,5.464838147163391113e-01,9.999998211860656738e-01,3.898546695709228516e-01,5.111846923828125000e-01,-4.200237989425659180e-02,1.860690712928771973e-01,4.840039908885955811e-01,6.339266896247863770e-01,2.887290716171264648e-02,1.806138753890991211e-01,-4.885372519493103027e-02,1.281877160072326660e-01,5.481275916099548340e-02,6.191136687994003296e-02,6.154706329107284546e-02,8.963901549577713013e-02,5.621144175529479980e-02,3.334926805109716952e-05,3.732902705669403076e-01,4.612625539302825928e-01,1.401603370904922485e-01,1.922203302383422852e-01,2.301389575004577637e-01,2.788536548614501953e-01,7.423593848943710327e-02,-4.231332987546920776e-02,1.578153520822525024e-01,1.578643471002578735e-01,8.946225792169570923e-02,2.623414695262908936e-01,1.433987319469451904e-01,1.299811303615570068e-01,5.364326387643814087e-02,1.400365680456161499e-01,-1.629213802516460419e-02,-5.681517720222473145e-02,1.966340690851211548e-01,2.742120027542114258e-01,1.199817657470703125e-01,9.096885472536087036e-02,5.195449665188789368e-02,1.428792625665664673e-01,-3.880998492240905762e-02,4.621173813939094543e-02,2.242064028978347778e-01,3.368152081966400146e-01,1.971259117126464844e-01,4.329635798931121826e-01,2.461654245853424072e-01,3.083231151103973389e-01,2.307428419589996338e-01,2.269719094038009644e-01,1.277799904346466064e-01,3.395763933658599854e-01,2.058114260435104370e-01,3.351676464080810547e-01,2.993056178092956543e-01,3.016339838504791260e-01,1.299852877855300903e-01,1.884547770023345947e-01,2.128542065620422363e-01,1.122381538152694702e-01,2.438945770263671875e-01,1.981905847787857056e-01,1.496808677911758423e-01,1.989267617464065552e-01,2.180432528257369995e-01,1.123978048563003540e-01,2.175292521715164185e-01,2.970074415206909180e-01,3.622129857540130615e-01,5.726303458213806152e-01,-2.591832168400287628e-02,2.498908340930938721e-01,3.540653884410858154e-01,4.830453991889953613e-01,-1.879818737506866455e-01,1.686059534549713135e-01,9.757188707590103149e-02,3.485260307788848877e-01,1.522172093391418457e-01,3.171217441558837891e-01,-9.311603009700775146e-02,1.822739392518997192e-01,1.320819854736328125e-01,2.197259068489074707e-01,-3.756508603692054749e-02,3.942306712269783020e-02,2.121963202953338623e-01,4.213389158248901367e-01,-5.803663656115531921e-02,5.447131767868995667e-02,1.742660105228424072e-01,2.047439366579055786e-01,2.590630352497100830e-01,2.948494851589202881e-01,-3.426864370703697205e-02,2.074781060218811035e-01,-3.269141167402267456e-02,9.729839116334915161e-02,-3.605853766202926636e-02,-1.235662251710891724e-01,3.838717937469482422e-02,1.225188281387090683e-02,-2.019743807613849640e-02,9.386336803436279297e-02
3.130486011505126953e-01,1.410294771194458008e-01,3.530637621879577637e-01,1.456293612718582153e-01,3.472549915313720703e-01,-4.690498858690261841e-02,5.235736370086669922e-01,3.046700358390808105e-01,2.884027957916259766e-01,9.476933628320693970e-03,7.170481681823730469e-01,3.898546695709228516e-01,1.000000000000000000e+00,2.710467576980590820e-01,4.331306219100952148e-01,1.348985433578491211e-01,4.860198795795440674e-01,3.254284262657165527e-01,-9.615881368517875671e-03,1.097156479954719543e-01,1.271758824586868286e-01,2.074865400791168213e-01,1.957267522811889648e-01,1.383952200412750244e-01,2.804983258247375488e-01,1.672184914350509644e-01,2.653270065784454346e-01,6.732781231403350830e-02,5.750247836112976074e-01,3.180732429027557373e-01,3.688386380672454834e-01,3.039796054363250732e-01,3.983318805694580078e-02,5.050997808575630188e-02,-6.348717957735061646e-02,-1.374477595090866089e-01,1.697140485048294067e-01,7.339438050985336304e-02,2.051711827516555786e-01,1.669427007436752319e-01,2.752263247966766357e-01,1.447596400976181030e-01,8.828581310808658600e-03,4.123690724372863770e-02,-1.388042885810136795e-02,-1.070972084999084473e-01,1.335651874542236328e-01,1.275691092014312744e-01,5.030814558267593384e-02,6.155699491500854492e-02,3.102220594882965088e-02,1.258193254470825195e-01,8.674895018339157104e-02,-1.805477775633335114e-02,1.895642578601837158e-01,5.309338867664337158e-02,4.544736146926879883e-01,2.734077870845794678e-01,1.932717859745025635e-01,4.497038125991821289e-01,2.700775563716888428e-01,3.118804693222045898e-01,3.306005299091339111e-01,2.179864980280399323e-02,2.172883898019790649e-01,2.446434050798416138e-01,1.521034985780715942e-01,1.774580925703048706e-01,9.835728257894515991e-02,9.954153001308441162e-02,2.922233939170837402e-01,9.375647455453872681e-02,4.109861254692077637e-01,2.006442844867706299e-01,3.646441698074340820e-01,2.002772241830825806e-01,2.248296737670898438e-01,3.654618188738822937e-02,1.373120844364166260e-01,9.735039621591567993e-02,4.897096157073974609e-01,2.073439508676528931e-01,4.526066184043884277e-01,1.191652789711952209e-01,5.226468443870544434e-01,4.194500744342803955e-01,1.107833608984947205e-01,-3.223711391910910606e-03,4.091007411479949951e-01,1.420772820711135864e-01,2.735913991928100586e-01,1.322122961282730103e-01,1.323024332523345947e-01,2.783478796482086182e-01,5.144241452217102051e-02,3.809855505824089050e-02,-3.203060030937194824e-01,-2.509481608867645264e-01,1.109898742288351059e-02,9.347850829362869263e-02,1.025778427720069885e-01,1.402736604213714600e-01,1.788235604763031006e-01,1.374323070049285889e-01,1.286787986755371094e-01,1.763237118721008301e-01,-1.328193247318267822e-01,1.499784588813781738e-01,-1.495259255170822144e-01,-1.462891101837158203e-01,-2.803519666194915771e-01,-2.805361747741699219e-01,-1.901357024908065796e-01,-1.140239611268043518e-01,2.044618315994739532e-02,-6.951302755624055862e-03
