1.000000000000000000e+00,1.267289090901613235e-02,1.068723723292350769e-01,3.161134719848632812e-01,2.483155578374862671e-01,1.067086234688758850e-01,-2.629252374172210693e-01,8.604887127876281738e-02,-3.151547908782958984e-02,6.121929362416267395e-02,1.706243306398391724e-01,2.828402817249298096e-01,1.968663781881332397e-01,3.120282888412475586e-01,4.332528710365295410e-01,2.643814384937286377e-01,-3.784799277782440186e-01,-2.313780188560485840e-01,-1.491586565971374512e-01,5.583421885967254639e-02,1.170201301574707031e-01,4.670369997620582581e-02,-1.819136589765548706e-01,-9.050865471363067627e-02,4.877531155943870544e-02,-3.007145822048187256e-01,1.598892360925674438e-01,-1.836092956364154816e-02,-2.895514667034149170e-01,3.351817280054092407e-02,-2.670380659401416779e-02,-1.412584930658340454e-01,1.942124366760253906e-01,2.193551510572433472e-01,-8.999525010585784912e-02,-8.182571083307266235e-02,1.690551340579986572e-01,1.631006300449371338e-01,-1.502883881330490112e-01,-2.803103029727935791e-01,5.615815054625272751e-03,-1.739897876977920532e-01,-2.522555291652679443e-01,-2.419653814285993576e-03,-2.122976034879684448e-01,-2.220902144908905029e-01,-1.326051913201808929e-02,-2.560489475727081299e-01
1.267289090901613235e-02,1.000000000000000000e+00,-1.028280109167098999e-01,-1.412957906723022461e-03,1.708082668483257294e-02,2.407770752906799316e-01,2.540291845798492432e-01,2.233711183071136475e-01,2.526058629155158997e-02,2.710528075695037842e-01,-1.013980880379676819e-01,-3.113927505910396576e-02,2.393591701984405518e-01,5.457602813839912415e-02,-2.900181524455547333e-02,-7.479863706976175308e-03,2.636395096778869629e-01,1.301529258489608765e-01,4.035697281360626221e-01,2.353464215993881226e-01,1.160155236721038818e-02,-1.095415279269218445e-01,2.183906883001327515e-01,3.229189217090606689e-01,-2.159155905246734619e-02,2.686671912670135498e-01,1.166025549173355103e-01,1.122769489884376526e-01,3.347040116786956787e-01,1.998141407966613770e-01,2.165882289409637451e-01,3.086268305778503418e-01,2.909591794013977051e-01,2.042125761508941650e-01,1.788052618503570557e-01,3.532231450080871582e-01,1.890408545732498169e-01,2.160036563873291016e-01,1.525982022285461426e-01,1.553079038858413696e-01,4.663637280464172363e-01,5.982239842414855957e-01,5.394858121871948242e-01,5.805677771568298340e-01,5.479102730751037598e-01,4.857279658317565918e-01,3.276301324367523193e-01,2.107477933168411255e-01
1.068723723292350769e-01,-1.028280109167098999e-01,1.000000000000000000e+00,3.622539341449737549e-01,2.337559610605239868e-01,7.238873094320297241e-02,1.475109457969665527e-01,7.617154717445373535e-02,2.417333424091339111e-01,1.943563222885131836e-01,2.774933576583862305e-01,3.998484015464782715e-01,7.496090233325958252e-02,-2.167348936200141907e-02,1.037966683506965637e-01,3.844788298010826111e-02,9.347435832023620605e-02,7.995066698640584946e-04,-3.359234333038330078e-01,-1.883482336997985840e-01,-1.593900918960571289e-01,-1.521550565958023071e-01,-1.882313042879104614e-01,-2.841481864452362061e-01,3.441293537616729736e-01,-5.594487488269805908e-02,2.038884460926055908e-01,4.052092134952545166e-01,-1.529754549264907837e-01,-2.730433084070682526e-02,-2.193001359701156616e-01,-4.333157539367675781e-01,1.366488169878721237e-02,-6.342173367738723755e-02,2.140753567218780518e-01,-8.870910853147506714e-03,-7.439900934696197510e-02,8.944325149059295654e-02,8.716057986021041870e-02,1.124925985932350159e-01,-2.969428151845932007e-02,-2.080297321081161499e-01,-2.476564049720764160e-01,-2.995214983820915222e-02,-9.559474885463714600e-02,-1.365380585193634033e-01,-2.590022087097167969e-01,-3.796624839305877686e-01
3.161134719848632812e-01,-1.412957906723022461e-03,3.622539341449737549e-01,1.000000000000000000e+00,2.109102457761764526e-01,1.649830788373947144e-01,2.526738941669464111e-01,2.024053037166595459e-02,-9.547366946935653687e-02,1.051251515746116638e-01,-2.637070789933204651e-02,7.029084116220474243e-02,1.696104407310485840e-01,-7.476008497178554535e-03,1.723312884569168091e-01,3.427764177322387695e-01,-2.126677520573139191e-02,5.468450114130973816e-02,-4.323200788348913193e-03,2.088995128870010376e-01,1.286070644855499268e-01,1.283041834831237793e-01,-1.133611649274826050e-01,-2.769247815012931824e-02,-4.458027705550193787e-02,-5.281768739223480225e-03,-2.488869056105613708e-02,1.333424448966979980e-01,-8.278444409370422363e-02,6.438571214675903320e-02,7.264006137847900391e-02,-8.212884515523910522e-02,-1.818912625312805176e-01,4.726612567901611328e-02,1.894181072711944580e-01,2.054829746484756470e-01,4.914074018597602844e-02,3.381837606430053711e-01,2.469056099653244019e-01,-5.798194091767072678e-03,2.222931534051895142e-01,-7.296425849199295044e-02,-8.586874604225158691e-02,4.122828133404254913e-03,-1.363630294799804688e-01,-1.110366452485322952e-02,-2.964139857795089483e-04,-2.707673609256744385e-01
2.483155578374862671e-01,1.708082668483257294e-02,2.337559610605239868e-01,2.109102457761764526e-01,1.000000000000000000e+00,6.561278104782104492e-01,1.203466057777404785e-01,2.346809357404708862e-01,1.233328580856323242e-01,2.000034004449844360e-01,2.155267596244812012e-01,2.997181415557861328e-01,4.432064294815063477e-01,1.554984450340270996e-01,2.319413870573043823e-01,2.049420028924942017e-01,-6.266664713621139526e-02,-1.617259085178375244e-01,-6.899223476648330688e-02,4.903626814484596252e-02,1.199168190360069275e-01,-8.771853148937225342e-02,-1.081322729587554932e-01,-1.094636544585227966e-01,2.476699352264404297e-01,-1.157763786613941193e-02,1.271573901176452637e-01,6.771672517061233521e-02,-1.519983708858489990e-01,-9.993404150009155273e-02,-2.077817171812057495e-01,-2.306976616382598877e-01,2.890637814998626709e-01,4.871964827179908752e-02,4.005427658557891846e-02,-1.506973616778850555e-02,3.306777030229568481e-02,2.340951263904571533e-01,1.254643946886062622e-01,-2.891751378774642944e-02,1.985039860010147095e-01,-3.621727228164672852e-02,8.185268379747867584e-03,-5.023906752467155457e-02,-5.116428062319755554e-02,-9.563740342855453491e-02,-1.717680878937244415e-02,-2.096961289644241333e-01
1.067086234688758850e-01,2.407770752906799316e-01,7.238873094320297241e-02,1.649830788373947144e-01,6.561278104782104492e-01,1.000000000000000000e+00,3.027018010616302490e-01,3.420877158641815186e-01,1.113193854689598083e-01,3.720145523548126221e-01,9.822381287813186646e-02,2.156022936105728149e-01,4.829519689083099365e-01,1.673298627138137817e-01,1.360143162310123444e-02,2.139580994844436646e-02,1.163519695401191711e-01,-4.022515844553709030e-03,1.108479648828506470e-01,2.049827873706817627e-01,2.198119014501571655e-01,-8.824334293603897095e-02,1.242775470018386841e-01,1.281744837760925293e-01,5.291447043418884277e-02,3.008971512317657471e-01,4.280412942171096802e-02,2.826109156012535095e-02,6.671535223722457886e-02,-9.418088942766189575e-02,-1.293520927429199219e-01,4.261941462755203247e-02,3.674135208129882812e-01,6.773264147341251373e-03,-8.641836792230606079e-02,1.218795701861381531e-01,2.869516052305698395e-02,8.794820308685302734e-02,1.532881259918212891e-01,1.579585522413253784e-01,4.434016346931457520e-01,2.468154430389404297e-01,2.919507920742034912e-01,1.480365395545959473e-01,1.512918472290039062e-01,1.732208281755447388e-01,1.792435646057128906e-01,6.759842485189437866e-02
-2.629252374172210693e-01,2.540291845798492432e-01,1.475109457969665527e-01,2.526738941669464111e-01,1.203466057777404785e-01,3.027018010616302490e-01,1.000000000000000000e+00,1.546062678098678589e-01,3.175000846385955811e-02,2.942331731319427490e-01,-7.837655395269393921e-02,-6.207483634352684021e-02,1.177594959735870361e-01,-3.357156366109848022e-02,-8.375614881515502930e-02,4.531277343630790710e-02,7.793722748756408691e-01,6.036925911903381348e-01,4.011365175247192383e-01,2.833792269229888916e-01,-1.971913129091262817e-01,1.310690422542393208e-03,3.158060610294342041e-01,2.029247879981994629e-01,1.089064553380012512e-01,6.120969057083129883e-01,8.872833102941513062e-03,1.103361696004867554e-01,1.907007247209548950e-01,1.355669926851987839e-02,-8.352517150342464447e-03,1.523173302412033081e-01,2.428176812827587128e-02,-1.136988848447799683e-01,6.296673417091369629e-02,3.429475128650665283e-01,9.733314067125320435e-02,2.482168525457382202e-01,4.434332549571990967e-01,4.595045447349548340e-01,3.705585300922393799e-01,4.850685298442840576e-01,4.358462691307067871e-01,2.568406164646148682e-01,3.038934767246246338e-01,4.187732338905334473e-01,2.094093263149261475e-01,1.679675132036209106e-01
8.604887127876281738e-02,2.233711183071136475e-01,7.617154717445373535e-02,2.024053037166595459e-02,2.346809357404708862e-01,3.420877158641815186e-01,1.546062678098678589e-01,1.000000000000000000e+00,4.699361026287078857e-01,3.880530595779418945e-01,4.770632684230804443e-01,3.571747839450836182e-01,3.462600409984588623e-01,3.553250432014465332e-01,5.484125763177871704e-02,-3.572401776909828186e-02,1.683338433504104614e-01,-3.887994587421417236e-02,-4.402560368180274963e-02,-6.063781678676605225e-02,1.947676390409469604e-01,-9.062207490205764771e-02,3.985141813755035400e-01,2.271648794412612915e-01,1.443524062633514404e-01,1.784438341856002808e-01,2.439870685338973999e-01,1.675645411014556885e-01,1.381862610578536987e-01,2.497232854366302490e-01,2.108470350503921509e-02,8.546261489391326904e-02,5.325992703437805176e-01,4.106608629226684570e-01,1.366081982851028442e-01,2.551677823066711426e-01,3.734102845191955566e-01,2.373594641685485840e-01,3.340175747871398926e-01,3.299334645271301270e-01,1.277527660131454468e-01,2.326771914958953857e-01,2.287693023681640625e-01,2.451224923133850098e-01,2.045878469944000244e-01,1.444877982139587402e-01,1.595736443996429443e-01,3.617121651768684387e-02
-3.151547908782958984e-02,2.526058629155158997e-02,2.417333424091339111e-01,-9.547366946935653687e-02,1.233328580856323242e-01,1.113193854689598083e-01,3.175000846385955811e-02,4.699361026287078857e-01,1.000000000000000000e+00,5.533708333969116211e-01,5.093703269958496094e-01,5.001871585845947266e-01,2.649515569210052490e-01,8.314330130815505981e-02,-1.063068658113479614e-01,-1.711043417453765869e-01,1.515956670045852661e-01,-1.429072171449661255e-01,-2.218002527952194214e-01,-3.312896490097045898e-01,-3.106204606592655182e-02,-1.697638928890228271e-01,2.437909245491027832e-01,9.149183332920074463e-02,4.276530146598815918e-01,2.960128523409366608e-02,3.753688931465148926e-01,3.236213922500610352e-01,1.295765638351440430e-01,1.015072464942932129e-01,-4.669095575809478760e-02,-2.992105111479759216e-02,3.445617556571960449e-01,-5.295807495713233948e-03,2.102427929639816284e-01,2.160009145736694336e-01,1.335846781730651855e-01,5.746800452470779419e-02,2.440205067396163940e-01,3.253766298294067383e-01,-1.652313619852066040e-01,7.354792207479476929e-02,4.568705707788467407e-02,2.953475415706634521e-01,1.376824826002120972e-02,1.712857745587825775e-02,1.656990963965654373e-03,-6.790494918823242188e-02
6.121929362416267395e-02,2.710528075695037842e-01,1.943563222885131836e-01,1.051251515746116638e-01,2.000034004449844360e-01,3.720145523548126221e-01,2.942331731319427490e-01,3.880530595779418945e-01,5.533708333969116211e-01,1.000000000000000000e+00,2.279314845800399780e-01,4.922688603401184082e-01,5.267004966735839844e-01,5.368260294198989868e-02,-4.700284823775291443e-02,-4.320587962865829468e-02,2.638875544071197510e-01,3.068182431161403656e-02,7.111158967018127441e-02,5.484174191951751709e-02,4.251563549041748047e-02,-2.600991427898406982e-01,2.488712817430496216e-01,2.415052652359008789e-01,2.310992032289505005e-01,2.969810366630554199e-01,2.150184661149978638e-01,1.700177043676376343e-01,1.112770885229110718e-01,1.580789312720298767e-02,-1.031400412321090698e-01,1.095226705074310303e-01,3.274503350257873535e-01,-4.322708025574684143e-02,7.865925878286361694e-02,3.502475023269653320e-01,6.279566138982772827e-02,1.121261343359947205e-01,2.680595517158508301e-01,2.820333540439605713e-01,2.381080687046051025e-01,3.447395563125610352e-01,2.565247118473052979e-01,4.765651524066925049e-01,1.131926998496055603e-01,2.431676834821701050e-01,1.731179207563400269e-01,1.031345594674348831e-02
1.706243306398391724e-01,-1.013980880379676819e-01,2.774933576583862305e-01,-2.637070789933204651e-02,2.155267596244812012e-01,9.822381287813186646e-02,-7.837655395269393921e-02,4.770632684230804443e-01,5.093703269958496094e-01,2.279314845800399780e-01,1.000000000000000000e+00,4.700454473495483398e-01,1.773116141557693481e-01,2.958354353904724121e-01,9.997682273387908936e-02,-6.155599374324083328e-03,-3.759150207042694092e-02,-1.521584838628768921e-01,-2.915332913398742676e-01,-2.318051904439926147e-01,4.469935223460197449e-02,8.506945334374904633e-03,1.733955889940261841e-01,-8.321002125740051270e-02,3.840961456298828125e-01,-1.602092236280441284e-01,2.990271449089050293e-01,1.686570495367050171e-01,-7.997717708349227905e-02,1.070574894547462463e-01,-7.368962466716766357e-02,-1.534110307693481445e-01,3.453632891178131104e-01,1.729817390441894531e-01,1.323260515928268433e-01,1.116010453552007675e-02,1.792245358228683472e-01,7.586541771888732910e-02,2.334867566823959351e-01,2.645301520824432373e-01,-1.490957289934158325e-01,-1.744539588689804077e-01,-1.376220434904098511e-01,2.436186186969280243e-02,-7.757502794265747070e-02,-1.189688220620155334e-01,-3.210421651601791382e-02,-1.202780306339263916e-01
2.828402817249298096e-01,-3.113927505910396576e-02,3.998484015464782715e-01,7.029084116220474243e-02,2.997181415557861328e-01,2.156022936105728149e-01,-6.207483634352684021e-02,3.571747839450836182e-01,5.001871585845947266e-01,4.922688603401184082e-01,4.700454473495483398e-01,1.000000000000000000e+00,4.341142475605010986e-01,1.887266933917999268e-01,2.311276495456695557e-01,7.866819202899932861e-02,-5.299038812518119812e-02,-1.836921572685241699e-01,-2.268648743629455566e-01,-6.176700070500373840e-02,2.456284314393997192e-01,-1.701605319976806641e-01,6.391814351081848145e-02,-1.825778484344482422e-01,2.488806396722793579e-01,-1.284668147563934326e-01,2.230903655290603638e-01,1.706349253654479980e-01,-1.845705956220626831e-01,3.279552608728408813e-02,-2.757870554924011230e-01,-2.198785096406936646e-01,3.328592479228973389e-01,4.441613331437110901e-02,6.420162320137023926e-02,-2.873623371124267578e-02,1.515908092260360718e-01,3.375871852040290833e-02,1.106582805514335632e-01,9.378287196159362793e-02,-4.223222658038139343e-02,-6.099498271942138672e-02,-3.753614053130149841e-02,1.299597620964050293e-01,-1.810410320758819580e-01,-1.347858607769012451e-01,-1.619476824998855591e-01,-2.302801162004470825e-01
1.968663781881332397e-01,2.393591701984405518e-01,7.496090233325958252e-02,1.696104407310485840e-01,4.432064294815063477e-01,4.829519689083099365e-01,1.177594959735870361e-01,3.462600409984588623e-01,2.649515569210052490e-01,5.267004966735839844e-01,1.773116141557693481e-01,4.341142475605010986e-01,1.000000000000000000e+00,1.887974292039871216e-01,1.327529400587081909e-01,2.156874835491180420e-01,-2.026583813130855560e-02,-9.612791985273361206e-02,5.621080845594406128e-02,2.333555519580841064e-01,3.695063292980194092e-01,-6.315626204013824463e-02,2.585167586803436279e-01,2.139876633882522583e-01,-2.499128133058547974e-02,1.046346873044967651e-01,3.173790499567985535e-02,-5.829420313239097595e-02,-1.050732731819152832e-01,7.802034169435501099e-02,-3.914833068847656250e-02,8.311557024717330933e-02,2.484451681375503540e-01,6.826741993427276611e-02,7.793324999511241913e-03,1.921008825302124023e-01,2.445663213729858398e-01,2.065739929676055908e-01,2.198964655399322510e-01,2.627130784094333649e-02,3.703325688838958740e-01,2.056516259908676147e-01,1.746846735477447510e-01,3.771171569824218750e-01,2.874185517430305481e-02,6.068522855639457703e-02,2.209016531705856323e-01,-6.642916798591613770e-02
3.120282888412475586e-01,5.457602813839912415e-02,-2.167348936200141907e-02,-7.476008497178554535e-03,1.554984450340270996e-01,1.673298627138137817e-01,-3.357156366109848022e-02,3.553250432014465332e-01,8.314330130815505981e-02,5.368260294198989868e-02,2.958354353904724121e-01,1.887266933917999268e-01,1.887974292039871216e-01,1.000000000000000000e+00,2.155916839838027954e-01,1.060323044657707214e-01,-5.569699779152870178e-02,-6.153320893645286560e-03,-8.701093494892120361e-02,6.915996968746185303e-02,1.692657172679901123e-01,5.918192118406295776e-02,1.352255791425704956e-01,7.133018970489501953e-02,-2.628509327769279480e-02,-1.165475789457559586e-02,8.298021554946899414e-02,4.163107648491859436e-02,-1.503378897905349731e-02,2.201540768146514893e-01,6.969391554594039917e-02,1.008346211165189743e-02,2.232841849327087402e-01,3.493923544883728027e-01,-5.022999271750450134e-02,-3.725118935108184814e-02,4.263409972190856934e-01,2.343552708625793457e-01,4.531125305220484734e-04,-9.646477992646396160e-04,8.835024386644363403e-02,6.761527061462402344e-02,7.990681380033493042e-02,1.246008351445198059e-01,1.616399288177490234e-01,9.118086099624633789e-02,1.107238829135894775e-01,5.028666555881500244e-02
4.332528710365295410e-01,-2.900181524455547333e-02,1.037966683506965637e-01,1.723312884569168091e-01,2.319413870573043823e-01,1.360143162310123444e-02,-8.375614881515502930e-02,5.484125763177871704e-02,-1.063068658113479614e-01,-4.700284823775291443e-02,9.997682273387908936e-02,2.311276495456695557e-01,1.327529400587081909e-01,2.155916839838027954e-01,1.000000000000000000e+00,4.252821505069732666e-01,-1.485741734504699707e-01,-8.647815138101577759e-02,-8.921766281127929688e-02,2.026663348078727722e-02,1.955107226967811584e-02,-8.010955154895782471e-02,-1.621479690074920654e-01,-6.506220251321792603e-02,1.587572544813156128e-01,-1.424610465764999390e-01,1.583710312843322754e-01,5.746733397245407104e-03,-1.582159250974655151e-01,1.025517061352729797e-01,-5.570384114980697632e-02,-7.479771971702575684e-02,3.780630230903625488e-02,4.212238192558288574e-01,4.766818508505821228e-02,-5.403985455632209778e-02,1.693256944417953491e-01,4.559056758880615234e-01,-6.747710704803466797e-02,-2.379405647516250610e-01,-2.074277214705944061e-02,-7.011678814888000488e-02,-1.341217458248138428e-01,-5.484872311353683472e-02,-6.089285388588905334e-02,-7.443457096815109253e-02,-5.097332596778869629e-02,-1.658346951007843018e-01
2.643814384937286377e-01,-7.479863706976175308e-03,3.844788298010826111e-02,3.427764177322387695e-01,2.049420028924942017e-01,2.139580994844436646e-02,4.531277343630790710e-02,-3.572401776909828186e-02,-1.711043417453765869e-01,-4.320587962865829468e-02,-6.155599374324083328e-03,7.866819202899932861e-02,2.156874835491180420e-01,1.060323044657707214e-01,4.252821505069732666e-01,1.000000000000000000e+00,-1.236081048846244812e-01,5.861388146877288818e-02,1.304525434970855713e-01,3.012469410896301270e-01,1.210782527923583984e-01,1.381201595067977905e-01,-1.198867708444595337e-01,-4.744377732276916504e-02,-2.678395062685012817e-02,-1.575665771961212158e-01,-9.828266501426696777e-02,-1.693132519721984863e-01,-1.666423082351684570e-01,2.073527276515960693e-01,1.336994320154190063e-01,-2.811156399548053741e-02,-2.492285072803497314e-01,1.930321455001831055e-01,1.677041649818420410e-01,8.265909552574157715e-02,2.635571658611297607e-01,3.959615230560302734e-01,3.139335513114929199e-01,-1.642732918262481689e-01,5.278830230236053467e-02,-1.684467867016792297e-02,-3.027687594294548035e-02,3.961425274610519409e-02,-2.277292311191558838e-02,2.127604000270366669e-02,3.378061205148696899e-02,-2.651313543319702148e-01
-3.784799277782440186e-01,2.636395096778869629e-01,9.347435832023620605e-02,-2.126677520573139191e-02,-6.266664713621139526e-02,1.163519695401191711e-01,7.793722748756408691e-01,1.683338433504104614e-01,1.515956670045852661e-01,2.638875544071197510e-01,-3.759150207042694092e-02,-5.299038812518119812e-02,-2.026583813130855560e-02,-5.569699779152870178e-02,-1.485741734504699707e-01,-1.236081048846244812e-01,1.000000000000000000e+00,6.243799924850463867e-01,3.818933963775634766e-01,1.425527185201644897e-01,-2.781580090522766113e-01,-1.127589344978332520e-01,3.432304263114929199e-01,1.948503255844116211e-01,1.835946589708328247e-01,5.676586627960205078e-01,8.000122010707855225e-02,1.640351563692092896e-01,2.631766498088836670e-01,5.695495381951332092e-02,-7.823648862540721893e-03,1.807137578725814819e-01,9.735727310180664062e-02,-6.702177971601486206e-02,7.890479266643524170e-02,3.224384784698486328e-01,8.381196111440658569e-02,1.678816974163055420e-01,3.811311423778533936e-01,4.902734160423278809e-01,1.852134913206100464e-01,5.118426680564880371e-01,4.564179778099060059e-01,2.960278391838073730e-01,3.510012924671173096e-01,4.456547796726226807e-01,1.627915948629379272e-01,2.201651483774185181e-01
-2.313780188560485840e-01,1.301529258489608765e-01,7.995066698640584946e-04,5.468450114130973816e-02,-1.617259085178375244e-01,-4.022515844553709030e-03,6.036925911903381348e-01,-3.887994587421417236e-02,-1.429072171449661255e-01,3.068182431161403656e-02,-1.521584838628768921e-01,-1.836921572685241699e-01,-9.612791985273361206e-02,-6.153320893645286560e-03,-8.647815138101577759e-02,5.861388146877288818e-02,6.243799924850463867e-01,1.000000000000000000e+00,5.012809038162231445e-01,3.984996676445007324e-01,-1.696642637252807617e-01,1.478606313467025757e-01,2.491137087345123291e-01,4.494651779532432556e-02,9.519483149051666260e-02,3.926102519035339355e-01,-5.873769149184226990e-02,-1.644321600906550884e-03,8.233664929866790771e-02,-4.783319681882858276e-02,2.183289825916290283e-02,5.516868084669113159e-02,-9.606821835041046143e-02,-7.217217981815338135e-02,-3.878894075751304626e-02,1.197202801704406738e-01,1.345198750495910645e-01,1.792838126420974731e-01,3.181783258914947510e-01,3.041651844978332520e-01,2.165807783603668213e-01,2.862438559532165527e-01,2.468878775835037231e-01,1.257092803716659546e-01,1.972056627273559570e-01,2.887138724327087402e-01,6.428589671850204468e-02,1.041870415210723877e-01
-1.491586565971374512e-01,4.035697281360626221e-01,-3.359234333038330078e-01,-4.323200788348913193e-03,-6.899223476648330688e-02,1.108479648828506470e-01,4.011365175247192383e-01,-4.402560368180274963e-02,-2.218002527952194214e-01,7.111158967018127441e-02,-2.915332913398742676e-01,-2.268648743629455566e-01,5.621080845594406128e-02,-8.701093494892120361e-02,-8.921766281127929688e-02,1.304525434970855713e-01,3.818933963775634766e-01,5.012809038162231445e-01,1.000000000000000000e+00,6.642405390739440918e-01,1.060796082019805908e-01,-6.185967102646827698e-02,1.431818306446075439e-01,2.106832414865493774e-01,-1.163721978664398193e-01,3.979934453964233398e-01,-1.974702477455139160e-01,-1.724712103605270386e-01,2.878015339374542236e-01,4.100080206990242004e-02,1.070988029241561890e-01,3.048430979251861572e-01,-1.281214039772748947e-02,-4.889732599258422852e-02,-1.148964539170265198e-01,2.280834168195724487e-01,3.984533995389938354e-02,1.701289415359497070e-01,2.362339943647384644e-01,7.455497235059738159e-02,4.498547911643981934e-01,5.490272045135498047e-01,5.387805700302124023e-01,3.218593001365661621e-01,3.344649374485015869e-01,4.778407216072082520e-01,2.546281516551971436e-01,1.212887018918991089e-01
5.583421885967254639e-02,2.353464215993881226e-01,-1.883482336997985840e-01,2.088995128870010376e-01,4.903626814484596252e-02,2.049827873706817627e-01,2.833792269229888916e-01,-6.063781678676605225e-02,-3.312896490097045898e-01,5.484174191951751709e-02,-2.318051904439926147e-01,-6.176700070500373840e-02,2.333555519580841064e-01,6.915996968746185303e-02,2.026663348078727722e-02,3.012469410896301270e-01,1.425527185201644897e-01,3.984996676445007324e-01,6.642405390739440918e-01,1.000000000000000000e+00,4.596462249755859375e-01,8.707559853792190552e-02,1.004924625158309937e-01,7.887368649244308472e-02,-3.027745783329010010e-01,2.487874478101730347e-01,-2.671979069709777832e-01,-2.175417393445968628e-01,1.418120414018630981e-01,3.375755250453948975e-02,3.734209761023521423e-02,1.457144469022750854e-01,-8.438095450401306152e-02,-2.193274535238742828e-02,-1.361657381057739258e-01,1.119255870580673218e-01,1.261647939682006836e-01,1.908184587955474854e-01,2.294174134731292725e-01,-1.494322344660758972e-02,5.257868766784667969e-01,3.176017999649047852e-01,3.415419459342956543e-01,1.443726718425750732e-01,1.335034966468811035e-01,2.923052310943603516e-01,1.591406166553497314e-01,-3.628950938582420349e-02
1.170201301574707031e-01,1.160155236721038818e-02,-1.593900918960571289e-01,1.286070644855499268e-01,1.199168190360069275e-01,2.198119014501571655e-01,-1.971913129091262817e-01,1.947676390409469604e-01,-3.106204606592655182e-02,4.251563549041748047e-02,4.469935223460197449e-02,2.456284314393997192e-01,3.695063292980194092e-01,1.692657172679901123e-01,1.955107226967811584e-02,1.210782527923583984e-01,-2.781580090522766113e-01,-1.696642637252807617e-01,1.060796082019805908e-01,4.596462249755859375e-01,1.000000000000000000e+00,2.324151098728179932e-01,1.226271763443946838e-01,1.346706226468086243e-02,-3.161272704601287842e-01,-4.572613537311553955e-02,-1.207445338368415833e-01,-7.929833978414535522e-02,9.994424134492874146e-02,2.818137109279632568e-01,2.013990432024002075e-01,2.178194671869277954e-01,9.590428322553634644e-02,1.587898433208465576e-01,-1.294404417276382446e-01,-4.410637170076370239e-02,1.877525448799133301e-01,1.259425841271877289e-02,4.090982675552368164e-02,-8.650995790958404541e-02,2.599185407161712646e-01,3.284499794244766235e-02,1.328304260969161987e-01,4.325188230723142624e-03,-7.882513105869293213e-02,3.021738119423389435e-02,6.537120044231414795e-02,-6.433140486478805542e-02
4.670369997620582581e-02,-1.095415279269218445e-01,-1.521550565958023071e-01,1.283041834831237793e-01,-8.771853148937225342e-02,-8.824334293603897095e-02,1.310690422542393208e-03,-9.062207490205764771e-02,-1.697638928890228271e-01,-2.600991427898406982e-01,8.506945334374904633e-03,-1.701605319976806641e-01,-6.315626204013824463e-02,5.918192118406295776e-02,-8.010955154895782471e-02,1.381201595067977905e-01,-1.127589344978332520e-01,1.478606313467025757e-01,-6.185967102646827698e-02,8.707559853792190552e-02,2.324151098728179932e-01,1.000000000000000000e+00,1.369897276163101196e-01,1.963153714314103127e-03,-7.889425754547119141e-02,-2.040320336818695068e-01,-1.161481812596321106e-02,1.851063966751098633e-02,-1.145134419202804565e-01,1.500160694122314453e-01,4.341213405132293701e-01,1.383541971445083618e-01,-1.336132138967514038e-01,4.854759573936462402e-02,1.479931082576513290e-02,-7.333645969629287720e-02,1.518675535917282104e-01,3.117152117192745209e-02,1.017563045024871826e-01,6.569680571556091309e-02,-2.604291401803493500e-02,-1.395947784185409546e-01,-1.687501966953277588e-01,-1.873306483030319214e-01,-7.419411838054656982e-02,-1.156386882066726685e-01,9.761007130146026611e-02,1.141916215419769287e-01
-1.819136589765548706e-01,2.183906883001327515e-01,-1.882313042879104614e-01,-1.133611649274826050e-01,-1.081322729587554932e-01,1.242775470018386841e-01,3.158060610294342041e-01,3.985141813755035400e-01,2.437909245491027832e-01,2.488712817430496216e-01,1.733955889940261841e-01,6.391814351081848145e-02,2.585167586803436279e-01,1.352255791425704956e-01,-1.621479690074920654e-01,-1.198867708444595337e-01,3.432304263114929199e-01,2.491137087345123291e-01,1.431818306446075439e-01,1.004924625158309937e-01,1.226271763443946838e-01,1.369897276163101196e-01,1.000000000000000000e+00,3.424880206584930420e-01,-8.593341708183288574e-02,2.875861823558807373e-01,-3.115966683253645897e-03,-5.680063739418983459e-02,2.220336943864822388e-01,1.592096984386444092e-01,1.213141232728958130e-01,3.057024180889129639e-01,1.902201473712921143e-01,1.003950014710426331e-01,-4.328384250402450562e-02,2.660506963729858398e-01,2.661125063896179199e-01,1.876221224665641785e-02,3.698661029338836670e-01,6.435274481773376465e-01,1.954390406608581543e-01,3.537711203098297119e-01,3.356876969337463379e-01,3.646230697631835938e-01,2.172816991806030273e-01,2.793347239494323730e-01,2.908040285110473633e-01,5.520379543304443359e-01
-9.050865471363067627e-02,3.229189217090606689e-01,-2.841481864452362061e-01,-2.769247815012931824e-02,-1.094636544585227966e-01,1.281744837760925293e-01,2.029247879981994629e-01,2.271648794412612915e-01,9.149183332920074463e-02,2.415052652359008789e-01,-8.321002125740051270e-02,-1.825778484344482422e-01,2.139876633882522583e-01,7.133018970489501953e-02,-6.506220251321792603e-02,-4.744377732276916504e-02,1.948503255844116211e-01,4.494651779532432556e-02,2.106832414865493774e-01,7.887368649244308472e-02,1.346706226468086243e-02,1.963153714314103127e-03,3.424880206584930420e-01,1.000000000000000000e+00,-8.832026273012161255e-02,3.694352805614471436e-01,4.275012016296386719e-02,2.819957397878170013e-02,3.735040128231048584e-01,2.515403628349304199e-01,3.630023598670959473e-01,6.591467261314392090e-01,1.398076266050338745e-01,1.662150025367736816e-01,1.048778533004224300e-03,7.005892395973205566e-01,7.125055044889450073e-02,1.173808276653289795e-01,1.221569404006004333e-01,2.059784382581710815e-01,2.518764138221740723e-01,4.486140906810760498e-01,2.491759508848190308e-01,3.879308998584747314e-01,2.016467303037643433e-01,2.635612785816192627e-01,7.261198759078979492e-01,3.430245816707611084e-01
4.877531155943870544e-02,-2.159155905246734619e-02,3.441293537616729736e-01,-4.458027705550193787e-02,2.476699352264404297e-01,5.291447043418884277e-02,1.089064553380012512e-01,1.443524062633514404e-01,4.276530146598815918e-01,2.310992032289505005e-01,3.840961456298828125e-01,2.488806396722793579e-01,-2.499128133058547974e-02,-2.628509327769279480e-02,1.587572544813156128e-01,-2.678395062685012817e-02,1.835946589708328247e-01,9.519483149051666260e-02,-1.163721978664398193e-01,-3.027745783329010010e-01,-3.161272704601287842e-01,-7.889425754547119141e-02,-8.593341708183288574e-02,-8.832026273012161255e-02,1.000000000000000000e+00,-1.746587082743644714e-02,5.774639248847961426e-01,4.020047485828399658e-01,6.898679584264755249e-02,1.399176288396120071e-02,-3.746336326003074646e-02,-1.339682340621948242e-01,2.770276367664337158e-01,4.612888768315315247e-02,1.760263144969940186e-01,1.261515468358993530e-01,-5.961592122912406921e-02,1.322397440671920776e-01,9.883221238851547241e-02,2.130383253097534180e-01,-2.103745043277740479e-01,-7.581251114606857300e-02,-8.916622400283813477e-02,3.865458443760871887e-02,-4.888595268130302429e-02,-7.714291661977767944e-02,-7.908517122268676758e-02,-1.138175055384635925e-01
-3.007145822048187256e-01,2.686671912670135498e-01,-5.594487488269805908e-02,-5.281768739223480225e-03,-1.157763786613941193e-02,3.008971512317657471e-01,6.120969057083129883e-01,1.784438341856002808e-01,2.960128523409366608e-02,2.969810366630554199e-01,-1.602092236280441284e-01,-1.284668147563934326e-01,1.046346873044967651e-01,-1.165475789457559586e-02,-1.424610465764999390e-01,-1.575665771961212158e-01,5.676586627960205078e-01,3.926102519035339355e-01,3.979934453964233398e-01,2.487874478101730347e-01,-4.572613537311553955e-02,-2.040320336818695068e-01,2.875861823558807373e-01,3.694352805614471436e-01,-1.746587082743644714e-02,1.000000000000000000e+00,-4.533910751342773438e-02,7.249294221401214600e-02,4.349013268947601318e-01,7.201244682073593140e-02,3.829789161682128906e-02,3.748474121093750000e-01,1.676787436008453369e-01,-9.054276347160339355e-02,-1.406724303960800171e-01,3.508074581623077393e-01,-5.391617864370346069e-02,2.962111681699752808e-02,1.607244908809661865e-01,3.452555537223815918e-01,4.219272434711456299e-01,4.973407089710235596e-01,5.117911696434020996e-01,2.715063393115997314e-01,2.542317211627960205e-01,4.040035605430603027e-01,2.841992378234863281e-01,2.441951185464859009e-01
1.598892360925674438e-01,1.166025549173355103e-01,2.038884460926055908e-01,-2.488869056105613708e-02,1.271573901176452637e-01,4.280412942171096802e-02,8.872833102941513062e-03,2.439870685338973999e-01,3.753688931465148926e-01,2.150184661149978638e-01,2.990271449089050293e-01,2.230903655290603638e-01,3.173790499567985535e-02,8.298021554946899414e-02,1.583710312843322754e-01,-9.828266501426696777e-02,8.000122010707855225e-02,-5.873769149184226990e-02,-1.974702477455139160e-01,-2.671979069709777832e-01,-1.207445338368415833e-01,-1.161481812596321106e-02,-3.115966683253645897e-03,4.275012016296386719e-02,5.774639248847961426e-01,-4.533910751342773438e-02,1.000000000000000000e+00,3.996037542819976807e-01,1.563859730958938599e-01,1.732256859540939331e-01,5.917127802968025208e-02,1.634145714342594147e-02,4.630667269229888916e-01,2.245373427867889404e-01,2.144992500543594360e-01,1.875511705875396729e-01,3.212706372141838074e-02,1.059048101305961609e-01,2.660230500623583794e-03,1.604860275983810425e-01,-1.407902538776397705e-01,-2.311073243618011475e-02,-6.458195298910140991e-02,9.241063147783279419e-02,-2.084012702107429504e-02,-9.860020130872726440e-02,-1.895537041127681732e-02,3.977101296186447144e-02
-1.836092956364154816e-02,1.122769489884376526e-01,4.052092134952545166e-01,1.333424448966979980e-01,6.771672517061233521e-02,2.826109156012535095e-02,1.103361696004867554e-01,1.675645411014556885e-01,3.236213922500610352e-01,1.700177043676376343e-01,1.686570495367050171e-01,1.706349253654479980e-01,-5.829420313239097595e-02,4.163107648491859436e-02,5.746733397245407104e-03,-1.693132519721984863e-01,1.640351563692092896e-01,-1.644321600906550884e-03,-1.724712103605270386e-01,-2.175417393445968628e-01,-7.929833978414535522e-02,1.851063966751098633e-02,-5.680063739418983459e-02,2.819957397878170013e-02,4.020047485828399658e-01,7.249294221401214600e-02,3.996037542819976807e-01,1.000000000000000000e+00,4.549807012081146240e-01,2.681539058685302734e-01,1.926228553056716919e-01,-1.722504198551177979e-02,8.197120577096939087e-02,8.423430472612380981e-02,3.077924251556396484e-01,1.617278605699539185e-01,1.739407703280448914e-02,1.860490292310714722e-01,6.552262604236602783e-02,1.362297236919403076e-01,6.999648362398147583e-02,1.014156937599182129e-01,4.103407263755798340e-02,5.121755227446556091e-02,1.175764426589012146e-01,1.039213091135025024e-01,1.468515209853649139e-02,-1.046133115887641907e-01
-2.895514667034149170e-01,3.347040116786956787e-01,-1.529754549264907837e-01,-8.278444409370422363e-02,-1.519983708858489990e-01,6.671535223722457886e-02,1.907007247209548950e-01,1.381862610578536987e-01,1.295765638351440430e-01,1.112770885229110718e-01,-7.997717708349227905e-02,-1.845705956220626831e-01,-1.050732731819152832e-01,-1.503378897905349731e-02,-1.582159250974655151e-01,-1.666423082351684570e-01,2.631766498088836670e-01,8.233664929866790771e-02,2.878015339374542236e-01,1.418120414018630981e-01,9.994424134492874146e-02,-1.145134419202804565e-01,2.220336943864822388e-01,3.735040128231048584e-01,6.898679584264755249e-02,4.349013268947601318e-01,1.563859730958938599e-01,4.549807012081146240e-01,1.000000000000000000e+00,4.007877707481384277e-01,3.370691239833831787e-01,4.637048840522766113e-01,7.903196662664413452e-02,9.957277774810791016e-02,1.200232356786727905e-01,3.786234557628631592e-01,-8.930482435971498489e-04,9.471154958009719849e-02,1.272088885307312012e-01,2.499192208051681519e-01,2.940898835659027100e-01,4.199191927909851074e-01,4.505542814731597900e-01,2.745852768421173096e-01,3.790210187435150146e-01,4.475271105766296387e-01,3.218633234500885010e-01,2.454852759838104248e-01
3.351817280054092407e-02,1.998141407966613770e-01,-2.730433084070682526e-02,6.438571214675903320e-02,-9.993404150009155273e-02,-9.418088942766189575e-02,1.355669926851987839e-02,2.497232854366302490e-01,1.015072464942932129e-01,1.580789312720298767e-02,1.070574894547462463e-01,3.279552608728408813e-02,7.802034169435501099e-02,2.201540768146514893e-01,1.025517061352729797e-01,2.073527276515960693e-01,5.695495381951332092e-02,-4.783319681882858276e-02,4.100080206990242004e-02,3.375755250453948975e-02,2.818137109279632568e-01,1.500160694122314453e-01,1.592096984386444092e-01,2.515403628349304199e-01,1.399176288396120071e-02,7.201244682073593140e-02,1.732256859540939331e-01,2.681539058685302734e-01,4.007877707481384277e-01,1.000000000000000000e+00,6.243388056755065918e-01,4.429603815078735352e-01,-1.453833654522895813e-02,3.501650989055633545e-01,1.983916759490966797e-01,2.773476243019104004e-01,3.087479472160339355e-01,2.775737345218658447e-01,1.906602680683135986e-01,9.305328130722045898e-02,8.720739185810089111e-02,2.607746720314025879e-01,2.192516773939132690e-01,2.167025655508041382e-01,2.389773428440093994e-01,2.874777913093566895e-01,3.117987513542175293e-01,1.979685015976428986e-02
-2.670380659401416779e-02,2.165882289409637451e-01,-2.193001359701156616e-01,7.264006137847900391e-02,-2.077817171812057495e-01,-1.293520927429199219e-01,-8.352517150342464447e-03,2.108470350503921509e-02,-4.669095575809478760e-02,-1.031400412321090698e-01,-7.368962466716766357e-02,-2.757870554924011230e-01,-3.914833068847656250e-02,6.969391554594039917e-02,-5.570384114980697632e-02,1.336994320154190063e-01,-7.823648862540721893e-03,2.183289825916290283e-02,1.070988029241561890e-01,3.734209761023521423e-02,2.013990432024002075e-01,4.341213405132293701e-01,1.213141232728958130e-01,3.630023598670959473e-01,-3.746336326003074646e-02,3.829789161682128906e-02,5.917127802968025208e-02,1.926228553056716919e-01,3.370691239833831787e-01,6.243388056755065918e-01,1.000000000000000000e+00,6.009719967842102051e-01,-1.366878449916839600e-01,2.279054373502731323e-01,1.674365848302841187e-01,3.176440894603729248e-01,1.615597456693649292e-01,2.333252876996994019e-01,9.883695095777511597e-02,9.180378168821334839e-03,7.127103209495544434e-02,2.061263173818588257e-01,1.661799103021621704e-01,1.495786160230636597e-01,1.895798891782760620e-01,2.098325639963150024e-01,4.579118192195892334e-01,1.044726073741912842e-01
-1.412584930658340454e-01,3.086268305778503418e-01,-4.333157539367675781e-01,-8.212884515523910522e-02,-2.306976616382598877e-01,4.261941462755203247e-02,1.523173302412033081e-01,8.546261489391326904e-02,-2.992105111479759216e-02,1.095226705074310303e-01,-1.534110307693481445e-01,-2.198785096406936646e-01,8.311557024717330933e-02,1.008346211165189743e-02,-7.479771971702575684e-02,-2.811156399548053741e-02,1.807137578725814819e-01,5.516868084669113159e-02,3.048430979251861572e-01,1.457144469022750854e-01,2.178194671869277954e-01,1.383541971445083618e-01,3.057024180889129639e-01,6.591467261314392090e-01,-1.339682340621948242e-01,3.748474121093750000e-01,1.634145714342594147e-02,-1.722504198551177979e-02,4.637048840522766113e-01,4.429603815078735352e-01,6.009719967842102051e-01,1.000000000000000000e+00,7.628732174634933472e-02,1.702540367841720581e-01,-5.176072567701339722e-02,5.358671545982360840e-01,3.575536981225013733e-02,2.704168856143951416e-02,5.906075239181518555e-02,1.770477890968322754e-01,2.136929333209991455e-01,4.542695283889770508e-01,3.933539390563964844e-01,3.284870982170104980e-01,2.259874194860458374e-01,3.554441034793853760e-01,6.403897404670715332e-01,3.964707553386688232e-01
