1.000000000000000000e+00,8.020403981208801270e-02,4.090650975704193115e-01,5.152942538261413574e-01,6.761152744293212891e-01,5.792853236198425293e-01,2.162719815969467163e-01,3.427291512489318848e-01,5.055797472596168518e-02,-1.171368453651666641e-02,1.232325881719589233e-01,1.193241924047470093e-01,8.178884536027908325e-02,8.688408881425857544e-03,-1.812806725502014160e-02,-1.697193831205368042e-01,1.535943299531936646e-01,1.437796801328659058e-01,1.965322643518447876e-01,2.479304820299148560e-01,3.722967505455017090e-01,2.264027148485183716e-01,-9.651735424995422363e-02,-9.693759679794311523e-02,5.894619822502136230e-01,1.809068769216537476e-01,4.865821897983551025e-01,7.535126209259033203e-01,5.987973213195800781e-01,2.927394807338714600e-01,1.298147141933441162e-01,-4.494997486472129822e-02,6.343046426773071289e-01,-5.974974483251571655e-02,-2.081432044506072998e-01,-1.867589652538299561e-01,-3.681028485298156738e-01,-9.976964443922042847e-02,-1.333421468734741211e-01,-1.855944842100143433e-01,5.728702545166015625e-01,-9.750339202582836151e-03,-8.553729951381683350e-02,-3.008489012718200684e-01,-2.496734261512756348e-02,1.177715789526700974e-02,-9.106652438640594482e-02,7.470244169235229492e-02
8.020403981208801270e-02,1.000000000000000000e+00,2.434000819921493530e-01,1.586538404226303101e-01,2.499315589666366577e-01,2.901271581649780273e-01,4.909636080265045166e-01,1.895748674869537354e-01,3.764945566654205322e-01,2.319309711456298828e-01,1.187006235122680664e-01,1.282406002283096313e-01,7.881470769643783569e-02,2.157215327024459839e-01,5.829706322401762009e-03,5.635822191834449768e-02,4.382964074611663818e-01,3.384332358837127686e-01,4.732604026794433594e-01,4.521401524543762207e-01,1.772323697805404663e-01,3.486851975321769714e-02,-3.005924448370933533e-02,1.557116582989692688e-02,1.297700852155685425e-01,5.021132230758666992e-01,1.915444284677505493e-01,2.901410758495330811e-01,4.669635891914367676e-01,7.788120210170745850e-02,1.197664365172386169e-01,-6.325545161962509155e-02,3.447540998458862305e-01,3.653680682182312012e-01,2.430905848741531372e-01,8.936271071434020996e-02,2.763742804527282715e-01,1.888594180345535278e-01,1.166146099567413330e-01,-1.522936159744858742e-03,3.843530118465423584e-01,6.608530282974243164e-01,5.323305130004882812e-01,-3.948302939534187317e-02,5.640555024147033691e-01,3.022997975349426270e-01,-2.629798464477062225e-02,-2.303226739168167114e-01
4.090650975704193115e-01,2.434000819921493530e-01,1.000000000000000000e+00,7.550560832023620605e-01,4.343964457511901855e-01,4.708540141582489014e-01,3.729115724563598633e-01,1.858683675527572632e-01,2.940230071544647217e-01,3.465979695320129395e-01,4.079187810420989990e-01,4.406075477600097656e-01,4.130058884620666504e-01,2.086284309625625610e-01,3.111273348331451416e-01,2.253908365964889526e-01,2.329772412776947021e-01,1.760634332895278931e-01,1.987371742725372314e-01,3.032919466495513916e-01,4.789942502975463867e-01,4.178600013256072998e-01,1.536494344472885132e-01,1.360584050416946411e-01,1.152247786521911621e-01,2.637642621994018555e-01,1.672291308641433716e-01,4.222355484962463379e-01,2.776114940643310547e-01,3.602229356765747070e-01,1.705937534570693970e-01,1.069240123033523560e-01,2.655426263809204102e-01,1.225880980491638184e-01,4.288455843925476074e-02,1.585771143436431885e-01,6.920883059501647949e-02,2.752691209316253662e-01,2.809273898601531982e-01,1.504964679479598999e-01,3.006482124328613281e-01,1.784061789512634277e-01,2.149542560800909996e-03,-2.617203593254089355e-01,2.066937237977981567e-01,1.414181292057037354e-01,7.348177582025527954e-02,5.322828888893127441e-02
5.152942538261413574e-01,1.586538404226303101e-01,7.550560832023620605e-01,1.000000000000000000e+00,5.189236998558044434e-01,6.153387427330017090e-01,3.430088460445404053e-01,1.751717478036880493e-01,1.845633387565612793e-01,2.494461983442306519e-01,2.310727387666702271e-01,3.664519488811492920e-01,3.494542241096496582e-01,-5.962150543928146362e-02,1.942004710435867310e-01,1.729006916284561157e-01,2.804975807666778564e-01,3.039718270301818848e-01,3.197776973247528076e-01,3.768387138843536377e-01,5.415287613868713379e-01,4.897079467773437500e-01,3.057755529880523682e-02,1.712206751108169556e-02,1.351913362741470337e-01,1.876734346151351929e-01,1.870398372411727905e-01,4.764109253883361816e-01,3.516575098037719727e-01,3.668179214000701904e-01,3.417453765869140625e-01,4.053710401058197021e-02,1.894942820072174072e-01,8.882616646587848663e-03,-7.470008730888366699e-02,-5.825763946631923318e-05,-1.024893373250961304e-01,1.053137630224227905e-01,1.476817578077316284e-01,-2.440539747476577759e-02,3.402345776557922363e-01,7.239498198032379150e-02,-7.081479579210281372e-02,-2.861448228359222412e-01,1.353032588958740234e-01,1.162407025694847107e-01,-9.852359071373939514e-03,-3.546152263879776001e-02
6.761152744293212891e-01,2.499315589666366577e-01,4.343964457511901855e-01,5.189236998558044434e-01,1.000000000000000000e+00,7.322369813919067383e-01,3.740923106670379639e-01,2.727462351322174072e-01,3.067667186260223389e-01,1.535726487636566162e-01,2.668963074684143066e-01,2.470568418502807617e-01,1.681789755821228027e-01,1.297655329108238220e-02,-1.090853288769721985e-02,-7.068932056427001953e-02,2.761813700199127197e-01,2.134450823068618774e-01,3.582915961742401123e-01,3.791228532791137695e-01,3.711721897125244141e-01,1.810242086648941040e-01,-1.210166662931442261e-01,-1.066551506519317627e-01,2.924796640872955322e-01,3.228636980056762695e-01,2.525647580623626709e-01,6.409019827842712402e-01,4.941958189010620117e-01,2.939845919609069824e-01,1.137428283691406250e-01,-8.455474674701690674e-02,4.461169540882110596e-01,-1.157155726104974747e-02,-1.763095110654830933e-01,-1.391389518976211548e-01,-1.581801176071166992e-01,-3.359452635049819946e-02,-6.113522127270698547e-02,-1.760030984878540039e-01,5.575097203254699707e-01,2.284453064203262329e-01,9.050446748733520508e-02,-2.674160897731781006e-01,1.588107794523239136e-01,1.185128912329673767e-01,-9.336482733488082886e-02,-5.059735104441642761e-02
5.792853236198425293e-01,2.901271581649780273e-01,4.708540141582489014e-01,6.153387427330017090e-01,7.322369813919067383e-01,1.000000000000000000e+00,4.083505868911743164e-01,2.957338094711303711e-01,2.535420656204223633e-01,1.658975929021835327e-01,9.481982886791229248e-02,1.752548068761825562e-01,2.016525864601135254e-01,4.167336737737059593e-04,3.901813924312591553e-02,2.933622570708394051e-03,3.358100652694702148e-01,2.619029283523559570e-01,4.594905078411102295e-01,5.012581348419189453e-01,3.999544680118560791e-01,2.133199274539947510e-01,-8.351992070674896240e-02,-8.424467593431472778e-02,2.369294166564941406e-01,3.584969043731689453e-01,1.740166246891021729e-01,5.432103872299194336e-01,4.563457965850830078e-01,2.163079082965850830e-01,1.346407681703567505e-01,-6.820208579301834106e-02,3.492090106010437012e-01,-6.565338373184204102e-02,-2.251344621181488037e-01,-1.197843551635742188e-01,-1.110894978046417236e-01,-4.596703499555587769e-02,-2.027824893593788147e-02,-1.184817403554916382e-01,4.818142354488372803e-01,2.397259175777435303e-01,1.300520002841949463e-01,-2.454657852649688721e-01,1.628583371639251709e-01,1.220523044466972351e-01,-1.096009165048599243e-01,-4.275937378406524658e-02
2.162719815969467163e-01,4.909636080265045166e-01,3.729115724563598633e-01,3.430088460445404053e-01,3.740923106670379639e-01,4.083505868911743164e-01,1.000000000000000000e+00,1.339937150478363037e-01,2.751902043819427490e-01,1.428197026252746582e-01,-2.015137113630771637e-03,2.449367381632328033e-02,1.658304780721664429e-02,1.284142136573791504e-01,2.670875005424022675e-02,-2.476394409313797951e-03,8.020582199096679688e-01,5.979417562484741211e-01,5.758388638496398926e-01,4.740831553936004639e-01,1.190233528614044189e-01,8.365057408809661865e-02,-5.440765619277954102e-02,5.607891082763671875e-02,1.168797016143798828e-01,7.232119441032409668e-01,1.272037625312805176e-01,2.389944195747375488e-01,2.954492866992950439e-01,3.057391941547393799e-02,1.381294876337051392e-01,-4.237560555338859558e-02,2.707219421863555908e-01,2.262453734874725342e-01,6.322711706161499023e-02,2.277904376387596130e-02,1.804766505956649780e-01,7.808651030063629150e-02,1.011779252439737320e-02,-1.597082614898681641e-01,2.196515202522277832e-01,5.341419577598571777e-01,4.841245412826538086e-01,-1.225646957755088806e-01,1.986013501882553101e-01,1.922582089900970459e-01,4.325009882450103760e-02,-9.537880867719650269e-02
3.427291512489318848e-01,1.895748674869537354e-01,1.858683675527572632e-01,1.751717478036880493e-01,2.727462351322174072e-01,2.957338094711303711e-01,1.339937150478363037e-01,1.000000000000000000e+00,2.212619334459304810e-01,-5.541606340557336807e-03,1.932303905487060547e-01,1.627223193645477295e-01,4.944852553308010101e-03,1.249499246478080750e-01,7.093923538923263550e-02,-1.276247762143611908e-02,9.467029571533203125e-02,6.207622215151786804e-02,3.685120865702629089e-02,6.983195897191762924e-03,9.746589511632919312e-02,-5.018527805805206299e-02,-3.322814404964447021e-02,-6.798643618822097778e-03,2.598153650760650635e-01,1.717787832021713257e-01,1.283759325742721558e-01,3.136135041713714600e-01,3.128609955310821533e-01,1.330027133226394653e-01,4.155780375003814697e-02,-3.697729669511318207e-03,3.899800479412078857e-01,3.486163616180419922e-01,7.933575659990310669e-02,1.287668291479349136e-02,1.496890932321548462e-01,1.218798607587814331e-01,3.514257958158850670e-03,4.514264687895774841e-02,2.507722675800323486e-01,-4.130452871322631836e-02,4.012725874781608582e-02,-1.535729691386222839e-02,-3.747111558914184570e-02,-2.107211500406265259e-01,2.349315909668803215e-03,-1.189236640930175781e-01
5.055797472596168518e-02,3.764945566654205322e-01,2.940230071544647217e-01,1.845633387565612793e-01,3.067667186260223389e-01,2.535420656204223633e-01,2.751902043819427490e-01,2.212619334459304810e-01,1.000000000000000000e+00,6.362142562866210938e-01,5.137009024620056152e-01,5.338561534881591797e-01,4.194323122501373291e-01,3.204941749572753906e-01,2.458528280258178711e-01,1.576715558767318726e-01,1.363159418106079102e-01,-1.025322973728179932e-01,2.213980443775653839e-02,1.646239459514617920e-01,2.717651426792144775e-01,4.141201451420783997e-02,1.619535535573959351e-01,-2.332646213471889496e-02,4.656015709042549133e-02,2.360223531723022461e-01,1.387692540884017944e-01,1.577879041433334351e-01,1.597064435482025146e-01,2.620532214641571045e-01,4.562605172395706177e-02,-1.300771683454513550e-01,2.550127804279327393e-01,1.426337808370590210e-01,1.721204072237014771e-01,1.557004600763320923e-01,2.460238337516784668e-01,2.478592246770858765e-01,2.508077323436737061e-01,1.804959028959274292e-01,1.671764403581619263e-01,3.892285525798797607e-01,2.580962181091308594e-01,2.240024954080581665e-01,3.777336180210113525e-01,3.134719431400299072e-01,-8.767516165971755981e-02,-1.777252107858657837e-01
-1.171368453651666641e-02,2.319309711456298828e-01,3.465979695320129395e-01,2.494461983442306519e-01,1.535726487636566162e-01,1.658975929021835327e-01,1.428197026252746582e-01,-5.541606340557336807e-03,6.362142562866210938e-01,1.000000000000000000e+00,4.512832462787628174e-01,5.923023223876953125e-01,6.756814718246459961e-01,3.807393610477447510e-01,4.007897377014160156e-01,2.964994907379150391e-01,1.516901701688766479e-02,-1.437787562608718872e-01,-4.842012748122215271e-02,2.414357960224151611e-01,4.591893255710601807e-01,2.937611937522888184e-01,3.341695368289947510e-01,1.472652107477188110e-01,1.928116008639335632e-02,4.221297428011894226e-02,1.603678315877914429e-01,6.601312011480331421e-02,6.926407665014266968e-02,3.590702116489410400e-01,2.191948443651199341e-01,8.053061366081237793e-02,1.342213451862335205e-01,8.354672044515609741e-02,2.001287192106246948e-01,2.540946304798126221e-01,2.140451669692993164e-01,3.433168828487396240e-01,3.838966488838195801e-01,2.919282317161560059e-01,7.500560581684112549e-02,3.042700886726379395e-01,1.571271717548370361e-01,2.409701496362686157e-01,3.950505554676055908e-01,4.927024543285369873e-01,7.119157165288925171e-02,1.360468864440917969e-01
1.232325881719589233e-01,1.187006235122680664e-01,4.079187810420989990e-01,2.310727387666702271e-01,2.668963074684143066e-01,9.481982886791229248e-02,-2.015137113630771637e-03,1.932303905487060547e-01,5.137009024620056152e-01,4.512832462787628174e-01,1.000000000000000000e+00,6.899003386497497559e-01,5.042254924774169922e-01,4.397408962249755859e-01,3.539999127388000488e-01,2.372347861528396606e-01,-1.680271774530410767e-01,-2.004238516092300415e-01,-2.022794932126998901e-01,-8.375127613544464111e-02,3.971368074417114258e-01,2.900883555412292480e-01,2.679637968540191650e-01,1.096464842557907104e-01,1.047414392232894897e-01,-6.512696295976638794e-02,1.535178571939468384e-01,2.507747709751129150e-01,1.715271770954132080e-01,5.112230777740478516e-01,1.377657651901245117e-01,1.511511765420436859e-02,2.252708226442337036e-01,1.936597675085067749e-01,2.982932031154632568e-01,2.693558335304260254e-01,2.331665009260177612e-01,3.730739057064056396e-01,3.895620703697204590e-01,3.104082942008972168e-01,9.836855530738830566e-02,6.068551167845726013e-02,-1.222495362162590027e-01,-2.431438118219375610e-02,2.466193437576293945e-01,8.420065045356750488e-02,3.262425586581230164e-02,-1.418462488800287247e-02
1.193241924047470093e-01,1.282406002283096313e-01,4.406075477600097656e-01,3.664519488811492920e-01,2.470568418502807617e-01,1.752548068761825562e-01,2.449367381632328033e-02,1.627223193645477295e-01,5.338561534881591797e-01,5.923023223876953125e-01,6.899003386497497559e-01,1.000000000000000000e+00,7.184334993362426758e-01,3.970786035060882568e-01,6.133913397789001465e-01,4.699044525623321533e-01,-1.068705469369888306e-01,-1.403544992208480835e-01,-1.821106225252151489e-01,1.988974027335643768e-02,5.308823585510253906e-01,3.499485552310943604e-01,3.622281849384307861e-01,1.476726233959197998e-01,7.737436890602111816e-02,-2.883983217179775238e-02,2.052454948425292969e-01,2.123624533414840698e-01,1.175249889492988586e-01,4.962922036647796631e-01,1.879848837852478027e-01,-1.259136199951171875e-02,1.868415623903274536e-01,2.015874236822128296e-01,2.369367629289627075e-01,2.887987792491912842e-01,2.402403503656387329e-01,4.722254872322082520e-01,4.261341094970703125e-01,3.730733394622802734e-01,1.346305608749389648e-01,9.903797507286071777e-02,-1.070423871278762817e-01,6.473385263234376907e-03,2.561032772064208984e-01,1.580183207988739014e-01,6.225865706801414490e-02,1.316880621016025543e-02
8.178884536027908325e-02,7.881470769643783569e-02,4.130058884620666504e-01,3.494542241096496582e-01,1.681789755821228027e-01,2.016525864601135254e-01,1.658304780721664429e-02,4.944852553308010101e-03,4.194323122501373291e-01,6.756814718246459961e-01,5.042254924774169922e-01,7.184334993362426758e-01,1.000000000000000000e+00,4.774669110774993896e-01,5.736446976661682129e-01,5.107093453407287598e-01,-1.375701427459716797e-01,-1.675167083740234375e-01,-1.574900299310684204e-01,1.360232383012771606e-01,6.162415742874145508e-01,5.644117593765258789e-01,5.495290160179138184e-01,3.138518631458282471e-01,1.386625915765762329e-01,-1.029533594846725464e-01,2.184633463621139526e-01,1.813694387674331665e-01,1.110772863030433655e-01,4.868122041225433350e-01,2.849547266960144043e-01,1.922122091054916382e-01,1.867320835590362549e-01,1.248268783092498779e-01,1.822064071893692017e-01,3.812015652656555176e-01,2.069190442562103271e-01,4.898881912231445312e-01,5.639327168464660645e-01,4.758699536323547363e-01,1.022474914789199829e-01,1.167074292898178101e-01,-1.204138472676277161e-01,3.772677620872855186e-03,2.746632993221282959e-01,2.467503696680068970e-01,1.924985498189926147e-01,2.630622684955596924e-01
8.688408881425857544e-03,2.157215327024459839e-01,2.086284309625625610e-01,-5.962150543928146362e-02,1.297655329108238220e-02,4.167336737737059593e-04,1.284142136573791504e-01,1.249499246478080750e-01,3.204941749572753906e-01,3.807393610477447510e-01,4.397408962249755859e-01,3.970786035060882568e-01,4.774669110774993896e-01,1.000000000000000000e+00,4.936126470565795898e-01,2.542549669742584229e-01,-6.417938275262713432e-04,-9.934529662132263184e-02,-1.232089251279830933e-01,5.491789802908897400e-02,2.828082442283630371e-01,1.797993481159210205e-01,4.273055493831634521e-01,2.900923788547515869e-01,2.719416618347167969e-01,5.490755662322044373e-02,2.145090550184249878e-01,6.091626733541488647e-02,1.249169111251831055e-01,2.415549308061599731e-01,2.607525326311588287e-02,1.158979311585426331e-01,3.805647194385528564e-01,3.766692876815795898e-01,2.821841239929199219e-01,3.417703807353973389e-01,4.733724892139434814e-01,5.166698098182678223e-01,3.977952301502227783e-01,4.189209342002868652e-01,-4.744548816233873367e-03,1.590694934129714966e-01,8.480788022279739380e-02,8.094037766568362713e-04,2.226663976907730103e-01,1.176164597272872925e-01,1.962288767099380493e-01,3.238949477672576904e-01
-1.812806725502014160e-02,5.829706322401762009e-03,3.111273348331451416e-01,1.942004710435867310e-01,-1.090853288769721985e-02,3.901813924312591553e-02,2.670875005424022675e-02,7.093923538923263550e-02,2.458528280258178711e-01,4.007897377014160156e-01,3.539999127388000488e-01,6.133913397789001465e-01,5.736446976661682129e-01,4.936126470565795898e-01,1.000000000000000000e+00,6.518718004226684570e-01,-4.453013837337493896e-02,-8.469050377607345581e-02,-1.589714288711547852e-01,2.381474152207374573e-02,2.882301211357116699e-01,2.347949594259262085e-01,4.635295569896697998e-01,2.069073170423507690e-01,1.559026539325714111e-02,-8.115778118371963501e-02,8.134011179208755493e-02,-1.118885576725006104e-01,-1.006922572851181030e-01,1.894323825836181641e-01,-4.126146808266639709e-02,1.846198178827762604e-02,9.136375784873962402e-02,2.808260619640350342e-01,1.923076063394546509e-01,2.852138578891754150e-01,3.164627254009246826e-01,6.514319777488708496e-01,4.226916134357452393e-01,4.223545193672180176e-01,-3.647357225418090820e-02,3.460701182484626770e-02,-9.204424917697906494e-02,5.499275866895914078e-03,1.410933583974838257e-01,1.252159476280212402e-01,1.130492091178894043e-01,2.857589125633239746e-01
-1.697193831205368042e-01,5.635822191834449768e-02,2.253908365964889526e-01,1.729006916284561157e-01,-7.068932056427001953e-02,2.933622570708394051e-03,-2.476394409313797951e-03,-1.276247762143611908e-02,1.576715558767318726e-01,2.964994907379150391e-01,2.372347861528396606e-01,4.699044525623321533e-01,5.107093453407287598e-01,2.542549669742584229e-01,6.518718004226684570e-01,1.000000000000000000e+00,7.880467921495437622e-03,5.887350067496299744e-02,1.928221806883811951e-02,3.934855014085769653e-02,1.431501358747482300e-01,2.115113437175750732e-01,4.490574002265930176e-01,2.684329450130462646e-01,-1.060871705412864685e-01,-1.012375578284263611e-01,1.416014786809682846e-02,-1.668329536914825439e-01,-1.524098515510559082e-01,7.073674350976943970e-02,7.228143513202667236e-02,6.715556979179382324e-02,-9.361968934535980225e-02,2.925926446914672852e-01,2.302962839603424072e-01,3.655988872051239014e-01,3.753627240657806396e-01,6.766553521156311035e-01,5.364265441894531250e-01,4.447198808193206787e-01,-8.302727341651916504e-02,4.859476909041404724e-02,2.072124555706977844e-02,2.866767719388008118e-02,1.521051079034805298e-01,1.047703921794891357e-01,1.789688616991043091e-01,1.680331379175186157e-01
1.535943299531936646e-01,4.382964074611663818e-01,2.329772412776947021e-01,2.804975807666778564e-01,2.761813700199127197e-01,3.358100652694702148e-01,8.020582199096679688e-01,9.467029571533203125e-02,1.363159418106079102e-01,1.516901701688766479e-02,-1.680271774530410767e-01,-1.068705469369888306e-01,-1.375701427459716797e-01,-6.417938275262713432e-04,-4.453013837337493896e-02,7.880467921495437622e-03,1.000000000000000000e+00,7.538940906524658203e-01,7.168880701065063477e-01,5.599297881126403809e-01,7.893296331167221069e-02,-1.229976210743188858e-02,-1.933739930391311646e-01,-2.769511751830577850e-02,1.218796148896217346e-01,6.019031405448913574e-01,1.201888322830200195e-01,1.608615666627883911e-01,2.393454611301422119e-01,-9.364010393619537354e-02,2.016844749450683594e-01,-1.084043309092521667e-01,1.807807832956314087e-01,2.086496055126190186e-01,3.101213648915290833e-02,-1.051951125264167786e-01,1.367612779140472412e-01,2.682730369269847870e-02,-1.504245549440383911e-01,-3.020226061344146729e-01,1.622982621192932129e-01,4.812149405479431152e-01,5.757174491882324219e-01,-4.182286188006401062e-02,1.684964448213577271e-01,2.446067780256271362e-01,-1.768121868371963501e-02,-1.533346921205520630e-01
1.437796801328659058e-01,3.384332358837127686e-01,1.760634332895278931e-01,3.039718270301818848e-01,2.134450823068618774e-01,2.619029283523559570e-01,5.979417562484741211e-01,6.207622215151786804e-02,-1.025322973728179932e-01,-1.437787562608718872e-01,-2.004238516092300415e-01,-1.403544992208480835e-01,-1.675167083740234375e-01,-9.934529662132263184e-02,-8.469050377607345581e-02,5.887350067496299744e-02,7.538940906524658203e-01,1.000000000000000000e+00,7.121225595474243164e-01,5.175862312316894531e-01,1.204447895288467407e-01,1.251451224088668823e-01,-2.380385994911193848e-01,-1.489727478474378586e-02,6.764052808284759521e-02,4.713655710220336914e-01,7.482885569334030151e-02,1.571572422981262207e-01,2.337024062871932983e-01,-3.969780355691909790e-02,3.772225379943847656e-01,-4.928616806864738464e-02,8.999949693679809570e-02,2.090441435575485229e-01,2.659732289612293243e-02,-1.294285804033279419e-01,9.168298542499542236e-02,3.041213378310203552e-02,-1.468006521463394165e-01,-3.278386890888214111e-01,1.127379834651947021e-01,2.741321623325347900e-01,4.129480421543121338e-01,-1.316306889057159424e-01,8.322916179895401001e-02,7.850125432014465332e-02,2.188146114349365234e-02,-1.849767565727233887e-01
1.965322643518447876e-01,4.732604026794433594e-01,1.987371742725372314e-01,3.197776973247528076e-01,3.582915961742401123e-01,4.594905078411102295e-01,5.758388638496398926e-01,3.685120865702629089e-02,2.213980443775653839e-02,-4.842012748122215271e-02,-2.022794932126998901e-01,-1.821106225252151489e-01,-1.574900299310684204e-01,-1.232089251279830933e-01,-1.589714288711547852e-01,1.928221806883811951e-02,7.168880701065063477e-01,7.121225595474243164e-01,1.000000000000000000e+00,7.415590882301330566e-01,1.851113587617874146e-01,1.251199748367071152e-02,-2.954331338405609131e-01,-1.543679684400558472e-01,7.078654319047927856e-02,4.965346157550811768e-01,5.440687388181686401e-02,2.169470489025115967e-01,3.003226816654205322e-01,-5.743418633937835693e-02,2.153186500072479248e-01,-1.692979484796524048e-01,1.125586926937103271e-01,1.231232136487960815e-01,-5.626736581325531006e-02,-2.276240587234497070e-01,5.469087511301040649e-02,-5.983882397413253784e-02,-2.125592231750488281e-01,-3.717700839042663574e-01,2.630057930946350098e-01,4.462425708770751953e-01,5.538417100906372070e-01,-1.298312544822692871e-01,1.827308237552642822e-01,2.131413668394088745e-01,-1.446331590414047241e-01,-2.012775689363479614e-01
2.479304820299148560e-01,4.521401524543762207e-01,3.032919466495513916e-01,3.768387138843536377e-01,3.791228532791137695e-01,5.012581348419189453e-01,4.740831553936004639e-01,6.983195897191762924e-03,1.646239459514617920e-01,2.414357960224151611e-01,-8.375127613544464111e-02,1.988974027335643768e-02,1.360232383012771606e-01,5.491789802908897400e-02,2.381474152207374573e-02,3.934855014085769653e-02,5.599297881126403809e-01,5.175862312316894531e-01,7.415590882301330566e-01,1.000000000000000000e+00,4.804124832153320312e-01,1.773315072059631348e-01,-1.414427161216735840e-01,-1.350094228982925415e-01,1.177654713392257690e-01,3.850697875022888184e-01,1.102458164095878601e-01,2.452734708786010742e-01,3.353476524353027344e-01,1.102186441421508789e-01,2.639016509056091309e-01,-1.237472519278526306e-01,1.817346662282943726e-01,7.644963264465332031e-02,-6.134270131587982178e-02,-2.027446925640106201e-01,4.381621256470680237e-02,-8.655618876218795776e-03,-1.401196569204330444e-01,-2.908004820346832275e-01,3.469595909118652344e-01,5.161584019660949707e-01,5.335863828659057617e-01,-3.761905431747436523e-02,2.900497317314147949e-01,4.532580971717834473e-01,-1.380791366100311279e-01,-1.864877343177795410e-02
3.722967505455017090e-01,1.772323697805404663e-01,4.789942502975463867e-01,5.415287613868713379e-01,3.711721897125244141e-01,3.999544680118560791e-01,1.190233528614044189e-01,9.746589511632919312e-02,2.717651426792144775e-01,4.591893255710601807e-01,3.971368074417114258e-01,5.308823585510253906e-01,6.162415742874145508e-01,2.828082442283630371e-01,2.882301211357116699e-01,1.431501358747482300e-01,7.893296331167221069e-02,1.204447895288467407e-01,1.851113587617874146e-01,4.804124832153320312e-01,1.000000000000000000e+00,6.309885382652282715e-01,1.888315379619598389e-01,1.420830003917217255e-02,2.748791277408599854e-01,-5.753473378717899323e-03,2.716904878616333008e-01,4.673115909099578857e-01,4.316553175449371338e-01,6.106564402580261230e-01,4.732981622219085693e-01,2.968179248273372650e-02,2.869287431240081787e-01,4.654627293348312378e-02,5.419959127902984619e-02,-8.647013455629348755e-03,-4.048008937388658524e-03,1.727110743522644043e-01,1.790903955698013306e-01,5.086665973067283630e-02,3.063997924327850342e-01,1.296595782041549683e-01,-3.629963099956512451e-02,-1.470458954572677612e-01,2.784568965435028076e-01,2.330029010772705078e-01,-4.387333616614341736e-02,1.153184473514556885e-01
2.264027148485183716e-01,3.486851975321769714e-02,4.178600013256072998e-01,4.897079467773437500e-01,1.810242086648941040e-01,2.133199274539947510e-01,8.365057408809661865e-02,-5.018527805805206299e-02,4.141201451420783997e-02,2.937611937522888184e-01,2.900883555412292480e-01,3.499485552310943604e-01,5.644117593765258789e-01,1.797993481159210205e-01,2.347949594259262085e-01,2.115113437175750732e-01,-1.229976210743188858e-02,1.251451224088668823e-01,1.251199748367071152e-02,1.773315072059631348e-01,6.309885382652282715e-01,1.000000000000000000e+00,4.491667449474334717e-01,3.492232859134674072e-01,1.878704428672790527e-01,-1.532733589410781860e-01,1.845101416110992432e-01,3.120079040527343750e-01,2.675117254257202148e-01,5.617129802703857422e-01,5.623124241828918457e-01,3.957713842391967773e-01,1.440791636705398560e-01,6.436025351285934448e-02,9.802285581827163696e-02,3.030450940132141113e-01,-4.137863218784332275e-02,2.501668632030487061e-01,4.493013620376586914e-01,2.868148684501647949e-01,1.221414729952812195e-01,1.428456511348485947e-02,-2.018579542636871338e-01,-2.330055832862854004e-01,1.983619630336761475e-01,6.946855038404464722e-02,2.920141816139221191e-01,2.874447107315063477e-01
-9.651735424995422363e-02,-3.005924448370933533e-02,1.536494344472885132e-01,3.057755529880523682e-02,-1.210166662931442261e-01,-8.351992070674896240e-02,-5.440765619277954102e-02,-3.322814404964447021e-02,1.619535535573959351e-01,3.341695368289947510e-01,2.679637968540191650e-01,3.622281849384307861e-01,5.495290160179138184e-01,4.273055493831634521e-01,4.635295569896697998e-01,4.490574002265930176e-01,-1.933739930391311646e-01,-2.380385994911193848e-01,-2.954331338405609131e-01,-1.414427161216735840e-01,1.888315379619598389e-01,4.491667449474334717e-01,1.000000000000000000e+00,6.790673136711120605e-01,2.998461714014410973e-03,-1.644620597362518311e-01,5.073133856058120728e-03,-9.049374610185623169e-02,-8.001591265201568604e-02,2.429498285055160522e-01,1.215876862406730652e-01,5.445576906204223633e-01,1.470110937952995300e-02,1.204220354557037354e-01,1.770383268594741821e-01,6.920089721679687500e-01,1.944881081581115723e-01,4.623533785343170166e-01,6.706791520118713379e-01,7.623371481895446777e-01,-7.713460177183151245e-02,6.918787211179733276e-02,-6.558876484632492065e-02,8.859313279390335083e-02,1.589228659868240356e-01,5.485359579324722290e-02,5.738125443458557129e-01,5.754737257957458496e-01
-9.693759679794311523e-02,1.557116582989692688e-02,1.360584050416946411e-01,1.712206751108169556e-02,-1.066551506519317627e-01,-8.424467593431472778e-02,5.607891082763671875e-02,-6.798643618822097778e-03,-2.332646213471889496e-02,1.472652107477188110e-01,1.096464842557907104e-01,1.476726233959197998e-01,3.138518631458282471e-01,2.900923788547515869e-01,2.069073170423507690e-01,2.684329450130462646e-01,-2.769511751830577850e-02,-1.489727478474378586e-02,-1.543679684400558472e-01,-1.350094228982925415e-01,1.420830003917217255e-02,3.492232859134674072e-01,6.790673136711120605e-01,1.000000000000000000e+00,-1.089292671531438828e-02,-6.583099812269210815e-02,-3.421734645962715149e-02,-6.918512284755706787e-02,-8.367203921079635620e-02,7.018274068832397461e-02,1.872210651636123657e-01,7.374331951141357422e-01,1.437931321561336517e-02,1.780339330434799194e-01,1.462644636631011963e-01,8.191776871681213379e-01,1.849280595779418945e-01,3.547701239585876465e-01,5.838142633438110352e-01,6.917090415954589844e-01,-9.019655734300613403e-02,4.804978892207145691e-02,-1.455646380782127380e-02,-2.525267424061894417e-03,5.870777741074562073e-02,-5.506899952888488770e-02,8.133938908576965332e-01,5.601177215576171875e-01
5.894619822502136230e-01,1.297700852155685425e-01,1.152247786521911621e-01,1.351913362741470337e-01,2.924796640872955322e-01,2.369294166564941406e-01,1.168797016143798828e-01,2.598153650760650635e-01,4.656015709042549133e-02,1.928116008639335632e-02,1.047414392232894897e-01,7.737436890602111816e-02,1.386625915765762329e-01,2.719416618347167969e-01,1.559026539325714111e-02,-1.060871705412864685e-01,1.218796148896217346e-01,6.764052808284759521e-02,7.078654319047927856e-02,1.177654713392257690e-01,2.748791277408599854e-01,1.878704428672790527e-01,2.998461714014410973e-03,-1.089292671531438828e-02,1.000000000000000000e+00,-9.291885420680046082e-03,7.094833850860595703e-01,6.103698015213012695e-01,5.445684194564819336e-01,1.233138442039489746e-01,1.340741217136383057e-01,-5.028181150555610657e-02,7.713906764984130859e-01,1.374883800745010376e-01,-8.272384852170944214e-02,-7.669526338577270508e-02,-1.613334268331527710e-01,7.941617071628570557e-02,-5.410815030336380005e-02,-5.186650902032852173e-02,4.140874445438385010e-01,1.699575223028659821e-02,-2.238084934651851654e-02,-2.809666991233825684e-01,7.136953622102737427e-02,7.228428870439529419e-02,-8.563474565744400024e-02,7.177429646253585815e-02
1.809068769216537476e-01,5.021132230758666992e-01,2.637642621994018555e-01,1.876734346151351929e-01,3.228636980056762695e-01,3.584969043731689453e-01,7.232119441032409668e-01,1.717787832021713257e-01,2.360223531723022461e-01,4.221297428011894226e-02,-6.512696295976638794e-02,-2.883983217179775238e-02,-1.029533594846725464e-01,5.490755662322044373e-02,-8.115778118371963501e-02,-1.012375578284263611e-01,6.019031405448913574e-01,4.713655710220336914e-01,4.965346157550811768e-01,3.850697875022888184e-01,-5.753473378717899323e-03,-1.532733589410781860e-01,-1.644620597362518311e-01,-6.583099812269210815e-02,-9.291885420680046082e-03,1.000000000000000000e+00,2.818615362048149109e-02,2.405166029930114746e-01,2.507395148277282715e-01,1.195045653730630875e-03,6.338168680667877197e-02,-1.250849664211273193e-01,1.955912411212921143e-01,1.647457629442214966e-01,2.536282874643802643e-02,-6.743233650922775269e-02,1.921140700578689575e-01,-4.485343024134635925e-02,-1.022266298532485962e-01,-2.009515911340713501e-01,2.747394740581512451e-01,5.157567262649536133e-01,5.040633678436279297e-01,-3.401615098118782043e-02,1.190411075949668884e-01,1.099073812365531921e-01,-6.007083877921104431e-02,-2.103956937789916992e-01
4.865821897983551025e-01,1.915444284677505493e-01,1.672291308641433716e-01,1.870398372411727905e-01,2.525647580623626709e-01,1.740166246891021729e-01,1.272037625312805176e-01,1.283759325742721558e-01,1.387692540884017944e-01,1.603678315877914429e-01,1.535178571939468384e-01,2.052454948425292969e-01,2.184633463621139526e-01,2.145090550184249878e-01,8.134011179208755493e-02,1.416014786809682846e-02,1.201888322830200195e-01,7.482885569334030151e-02,5.440687388181686401e-02,1.102458164095878601e-01,2.716904878616333008e-01,1.845101416110992432e-01,5.073133856058120728e-03,-3.421734645962715149e-02,7.094833850860595703e-01,2.818615362048149109e-02,1.000000000000000000e+00,4.998531341552734375e-01,3.794269859790802002e-01,1.068890318274497986e-01,1.989298164844512939e-01,-6.549893319606781006e-02,7.211529016494750977e-01,2.818347215652465820e-01,9.739488363265991211e-02,-1.242880895733833313e-02,-5.164514109492301941e-02,1.796071976423263550e-01,1.170722115784883499e-02,-1.847242936491966248e-03,3.785392642021179199e-01,3.582875803112983704e-02,-8.874912559986114502e-02,-1.151356920599937439e-01,1.079065874218940735e-01,1.856724470853805542e-01,-9.315600991249084473e-02,-1.226728130131959915e-02
7.535126209259033203e-01,2.901410758495330811e-01,4.222355484962463379e-01,4.764109253883361816e-01,6.409019827842712402e-01,5.432103872299194336e-01,2.389944195747375488e-01,3.136135041713714600e-01,1.577879041433334351e-01,6.601312011480331421e-02,2.507747709751129150e-01,2.123624533414840698e-01,1.813694387674331665e-01,6.091626733541488647e-02,-1.118885576725006104e-01,-1.668329536914825439e-01,1.608615666627883911e-01,1.571572422981262207e-01,2.169470489025115967e-01,2.452734708786010742e-01,4.673115909099578857e-01,3.120079040527343750e-01,-9.049374610185623169e-02,-6.918512284755706787e-02,6.103698015213012695e-01,2.405166029930114746e-01,4.998531341552734375e-01,1.000000000000000000e+00,7.517570853233337402e-01,4.047176241874694824e-01,2.934625148773193359e-01,-7.777211721986532211e-03,6.320795416831970215e-01,1.540428306907415390e-02,-9.354077279567718506e-02,-1.065578460693359375e-01,-2.326125800609588623e-01,-5.878396704792976379e-02,-2.373818308115005493e-02,-1.227958723902702332e-01,6.094897985458374023e-01,1.232699826359748840e-01,-2.787325344979763031e-02,-3.606937527656555176e-01,1.684541702270507812e-01,3.942959383130073547e-02,-9.193791449069976807e-02,-9.533852338790893555e-02
5.987973213195800781e-01,4.669635891914367676e-01,2.776114940643310547e-01,3.516575098037719727e-01,4.941958189010620117e-01,4.563457965850830078e-01,2.954492866992950439e-01,3.128609955310821533e-01,1.597064435482025146e-01,6.926407665014266968e-02,1.715271770954132080e-01,1.175249889492988586e-01,1.110772863030433655e-01,1.249169111251831055e-01,-1.006922572851181030e-01,-1.524098515510559082e-01,2.393454611301422119e-01,2.337024062871932983e-01,3.003226816654205322e-01,3.353476524353027344e-01,4.316553175449371338e-01,2.675117254257202148e-01,-8.001591265201568604e-02,-8.367203921079635620e-02,5.445684194564819336e-01,2.507395148277282715e-01,3.794269859790802002e-01,7.517570853233337402e-01,1.000000000000000000e+00,3.917447030544281006e-01,2.922168374061584473e-01,-3.071970865130424500e-02,5.858660340309143066e-01,1.176993921399116516e-01,1.485596783459186554e-02,-1.169512197375297546e-01,-1.271544545888900757e-01,-1.759680919349193573e-02,-1.122132036834955215e-02,-1.534869521856307983e-01,5.213767886161804199e-01,2.371306270360946655e-01,1.202656179666519165e-01,-2.872471511363983154e-01,2.445049583911895752e-01,7.536344975233078003e-02,-9.405868500471115112e-02,-9.555526077747344971e-02
2.927394807338714600e-01,7.788120210170745850e-02,3.602229356765747070e-01,3.668179214000701904e-01,2.939845919609069824e-01,2.163079082965850830e-01,3.057391941547393799e-02,1.330027133226394653e-01,2.620532214641571045e-01,3.590702116489410400e-01,5.112230777740478516e-01,4.962922036647796631e-01,4.868122041225433350e-01,2.415549308061599731e-01,1.894323825836181641e-01,7.073674350976943970e-02,-9.364010393619537354e-02,-3.969780355691909790e-02,-5.743418633937835693e-02,1.102186441421508789e-01,6.106564402580261230e-01,5.617129802703857422e-01,2.429498285055160522e-01,7.018274068832397461e-02,1.233138442039489746e-01,1.195045653730630875e-03,1.068890318274497986e-01,4.047176241874694824e-01,3.917447030544281006e-01,1.000000000000000000e+00,5.080559849739074707e-01,1.458365619182586670e-01,1.732531934976577759e-01,8.033777028322219849e-02,1.371370404958724976e-01,1.143591105937957764e-01,3.615593537688255310e-02,1.793049126863479614e-01,3.152677118778228760e-01,1.460528224706649780e-01,1.946032047271728516e-01,9.125567972660064697e-02,-1.013219356536865234e-01,-1.058801412582397461e-01,1.677614301443099976e-01,7.914026826620101929e-02,5.881340801715850830e-02,2.889512665569782257e-02
1.298147141933441162e-01,1.197664365172386169e-01,1.705937534570693970e-01,3.417453765869140625e-01,1.137428283691406250e-01,1.346407681703567505e-01,1.381294876337051392e-01,4.155780375003814697e-02,4.562605172395706177e-02,2.191948443651199341e-01,1.377657651901245117e-01,1.879848837852478027e-01,2.849547266960144043e-01,2.607525326311588287e-02,-4.126146808266639709e-02,7.228143513202667236e-02,2.016844749450683594e-01,3.772225379943847656e-01,2.153186500072479248e-01,2.639016509056091309e-01,4.732981622219085693e-01,5.623124241828918457e-01,1.215876862406730652e-01,1.872210651636123657e-01,1.340741217136383057e-01,6.338168680667877197e-02,1.989298164844512939e-01,2.934625148773193359e-01,2.922168374061584473e-01,5.080559849739074707e-01,1.000000000000000000e+00,2.299935817718505859e-01,7.771646231412887573e-02,1.442814022302627563e-01,1.243439614772796631e-01,1.359468847513198853e-01,7.587853074073791504e-02,1.508538126945495605e-01,1.982736438512802124e-01,-2.257188549265265465e-03,7.499096542596817017e-02,7.321314513683319092e-02,5.472718179225921631e-02,-5.081518739461898804e-02,1.723290234804153442e-01,1.342189460992813110e-01,1.799046248197555542e-01,-2.164838090538978577e-02
-4.494997486472129822e-02,-6.325545161962509155e-02,1.069240123033523560e-01,4.053710401058197021e-02,-8.455474674701690674e-02,-6.820208579301834106e-02,-4.237560555338859558e-02,-3.697729669511318207e-03,-1.300771683454513550e-01,8.053061366081237793e-02,1.511511765420436859e-02,-1.259136199951171875e-02,1.922122091054916382e-01,1.158979311585426331e-01,1.846198178827762604e-02,6.715556979179382324e-02,-1.084043309092521667e-01,-4.928616806864738464e-02,-1.692979484796524048e-01,-1.237472519278526306e-01,2.968179248273372650e-02,3.957713842391967773e-01,5.445576906204223633e-01,7.374331951141357422e-01,-5.028181150555610657e-02,-1.250849664211273193e-01,-6.549893319606781006e-02,-7.777211721986532211e-03,-3.071970865130424500e-02,1.458365619182586670e-01,2.299935817718505859e-01,1.000000000000000000e+00,-4.253870248794555664e-02,8.100872486829757690e-02,6.716062128543853760e-02,6.319592595100402832e-01,4.035238549113273621e-02,1.797286272048950195e-01,4.649719893932342529e-01,5.047662258148193359e-01,-6.852880120277404785e-02,8.846629410982131958e-03,-1.185874566435813904e-01,4.704662784934043884e-02,5.208056792616844177e-02,-1.500419713556766510e-02,7.940860986709594727e-01,4.857619404792785645e-01
6.343046426773071289e-01,3.447540998458862305e-01,2.655426263809204102e-01,1.894942820072174072e-01,4.461169540882110596e-01,3.492090106010437012e-01,2.707219421863555908e-01,3.899800479412078857e-01,2.550127804279327393e-01,1.342213451862335205e-01,2.252708226442337036e-01,1.868415623903274536e-01,1.867320835590362549e-01,3.805647194385528564e-01,9.136375784873962402e-02,-9.361968934535980225e-02,1.807807832956314087e-01,8.999949693679809570e-02,1.125586926937103271e-01,1.817346662282943726e-01,2.869287431240081787e-01,1.440791636705398560e-01,1.470110937952995300e-02,1.437931321561336517e-02,7.713906764984130859e-01,1.955912411212921143e-01,7.211529016494750977e-01,6.320795416831970215e-01,5.858660340309143066e-01,1.732531934976577759e-01,7.771646231412887573e-02,-4.253870248794555664e-02,1.000000000000000000e+00,3.181186318397521973e-01,7.057494670152664185e-02,2.758084097877144814e-03,-2.451737038791179657e-02,1.725631505250930786e-01,2.070977725088596344e-02,4.285987466573715210e-03,5.055302381515502930e-01,1.433619707822799683e-01,3.294851258397102356e-02,-1.967605799436569214e-01,1.607322692871093750e-01,9.625912457704544067e-02,-5.174581333994865417e-02,1.770925894379615784e-02
