1.000000000000000000e+00,1.509462893009185791e-01,4.317604601383209229e-01,5.437806248664855957e-01,5.094292759895324707e-02,8.438453823328018188e-02,4.958494901657104492e-01,-1.128792315721511841e-01,8.926782757043838501e-02,3.129259943962097168e-01,-3.988279029726982117e-02,2.492778748273849487e-01,1.709428876638412476e-01,-1.980347745120525360e-02,-7.748405635356903076e-02,-3.328795731067657471e-02,5.000672936439514160e-01,4.346821308135986328e-01,4.206157326698303223e-01,4.553667604923248291e-01,3.710784912109375000e-01,3.907301425933837891e-01,1.650791615247726440e-01,1.731154173612594604e-01,2.679050564765930176e-01,3.700874149799346924e-01,1.639186441898345947e-01,7.079880833625793457e-01,5.639802217483520508e-01,4.284526109695434570e-01,3.960360586643218994e-01,3.005933165550231934e-01,6.287910789251327515e-02,-8.688691258430480957e-02,8.211231976747512817e-02,2.430488727986812592e-02,1.333345542661845684e-03,4.800006002187728882e-02,8.088845759630203247e-02,2.786813303828239441e-02,-8.916579186916351318e-02,3.586395084857940674e-01,4.199578166007995605e-01,-1.583639532327651978e-01,1.530472636222839355e-01,3.327949643135070801e-01,1.666022539138793945e-01,1.440048962831497192e-01
1.509462893009185791e-01,1.000000000000000000e+00,7.266888767480850220e-02,5.220888927578926086e-02,1.951289921998977661e-01,2.851172089576721191e-01,3.271065056324005127e-01,4.171632230281829834e-01,4.561216533184051514e-01,3.244134187698364258e-01,3.197324573993682861e-01,3.544351160526275635e-01,1.838258206844329834e-01,9.979045391082763672e-02,5.080753564834594727e-02,1.028124466538429260e-01,2.961395382881164551e-01,1.255144625902175903e-01,2.744520306587219238e-01,3.649906441569328308e-02,1.222334206104278564e-01,1.623658090829849243e-02,3.204313218593597412e-01,2.819944918155670166e-01,1.593227386474609375e-01,2.187484651803970337e-01,1.972748041152954102e-01,2.025869041681289673e-01,2.525342404842376709e-01,4.770043864846229553e-02,7.561403512954711914e-02,2.275612503290176392e-01,3.717187643051147461e-01,2.195759713649749756e-01,-1.918640546500682831e-02,2.453442215919494629e-01,4.487938433885574341e-02,7.235768437385559082e-02,1.853539049625396729e-01,1.522940993309020996e-01,3.393371701240539551e-01,5.331096649169921875e-01,2.867807149887084961e-01,5.213416814804077148e-01,6.327489614486694336e-01,2.884916067123413086e-01,1.881761997938156128e-01,3.274182677268981934e-01
4.317604601383209229e-01,7.266888767480850220e-02,1.000000000000000000e+00,6.305830478668212891e-01,-6.203068420290946960e-02,8.240458369255065918e-02,6.258412599563598633e-01,4.964269325137138367e-02,2.819892019033432007e-02,1.192428171634674072e-01,-6.703217327594757080e-02,5.799083504825830460e-03,1.874502152204513550e-01,1.798776090145111084e-01,7.484443485736846924e-02,7.540106773376464844e-02,5.767029523849487305e-01,4.431813359260559082e-01,4.409390985965728760e-01,4.196802973747253418e-01,3.862841427326202393e-01,3.477212190628051758e-01,1.296856105327606201e-01,3.705098107457160950e-02,1.116566639393568039e-02,5.804248452186584473e-01,-9.048049896955490112e-02,3.967321217060089111e-01,3.403863310813903809e-01,2.657734453678131104e-01,2.268630713224411011e-01,2.151523232460021973e-01,-2.171573042869567871e-01,1.393363177776336670e-01,8.010477572679519653e-02,2.108971960842609406e-02,1.789260357618331909e-01,1.717826724052429199e-01,2.422346025705337524e-01,-3.988589718937873840e-02,-2.068517953157424927e-01,9.622237086296081543e-02,2.021738737821578979e-01,2.094611758366227150e-03,1.458778381347656250e-01,1.941905170679092407e-01,1.047260761260986328e-01,2.389033734798431396e-01
5.437806248664855957e-01,5.220888927578926086e-02,6.305830478668212891e-01,1.000000000000000000e+00,6.274609267711639404e-02,1.251996755599975586e-01,4.888137876987457275e-01,-1.904981285333633423e-01,-9.692634642124176025e-02,1.363061070442199707e-01,-7.932325452566146851e-02,5.526135861873626709e-02,2.199582904577255249e-01,-4.793526977300643921e-02,-6.484517455101013184e-02,9.667139500379562378e-02,4.377602934837341309e-01,5.574623942375183105e-01,3.004007339477539062e-01,5.502088665962219238e-01,5.512647032737731934e-01,5.914551615715026855e-01,6.308308220468461514e-04,9.012088924646377563e-02,-1.418553143739700317e-01,3.835368752479553223e-01,-8.826758712530136108e-02,3.635080754756927490e-01,2.205890268087387085e-01,2.632874548435211182e-01,3.033707737922668457e-01,1.338893622159957886e-01,-2.006474733352661133e-01,-3.049382939934730530e-02,-2.558275498449802399e-02,-6.182491313666105270e-03,-2.413509413599967957e-02,-2.930688438937067986e-03,1.005133986473083496e-01,-3.121255896985530853e-02,-1.600261926651000977e-01,1.393653750419616699e-01,1.321903318166732788e-01,-1.223888099193572998e-01,1.321231126785278320e-01,5.807809159159660339e-02,-1.115117873996496201e-02,1.426590979099273682e-01
5.094292759895324707e-02,1.951289921998977661e-01,-6.203068420290946960e-02,6.274609267711639404e-02,1.000000000000000000e+00,6.986505389213562012e-01,-4.797010682523250580e-03,-3.692851588129997253e-02,-1.186891831457614899e-02,1.524484306573867798e-01,-8.330394327640533447e-02,1.303965598344802856e-01,2.665501236915588379e-01,-6.816127151250839233e-02,-2.074498869478702545e-02,2.455904632806777954e-01,-1.496758759021759033e-01,3.945954889059066772e-02,4.680010606534779072e-04,5.698920041322708130e-02,2.316037565469741821e-01,2.503721117973327637e-01,9.078597277402877808e-02,2.432209402322769165e-01,-4.821839556097984314e-02,-1.980195790529251099e-01,5.701945722103118896e-02,1.531171947717666626e-01,1.385623514652252197e-01,4.482124000787734985e-02,1.912157386541366577e-01,2.169286012649536133e-01,2.251013666391372681e-01,-1.621273905038833618e-02,6.405903398990631104e-02,1.717004328966140747e-01,-1.211665198206901550e-02,-7.833387702703475952e-02,9.361708164215087891e-02,7.267929613590240479e-02,4.569413661956787109e-01,2.042745202779769897e-01,-5.596301704645156860e-02,-6.799490004777908325e-02,1.549459528177976608e-02,9.728930890560150146e-02,1.818179339170455933e-01,5.920812860131263733e-02
8.438453823328018188e-02,2.851172089576721191e-01,8.240458369255065918e-02,1.251996755599975586e-01,6.986505389213562012e-01,1.000000000000000000e+00,2.077723741531372070e-01,6.891036778688430786e-02,1.247610151767730713e-01,2.498338073492050171e-01,-1.042360514402389526e-01,1.503645181655883789e-01,3.660343885421752930e-01,-1.883120276033878326e-02,-3.282940387725830078e-02,1.559025645256042480e-01,-5.342945951269939542e-05,1.676189154386520386e-01,1.783190816640853882e-01,1.756209433078765869e-01,2.990323007106781006e-01,2.617825567722320557e-01,2.536857128143310547e-01,3.447191119194030762e-01,-4.370832070708274841e-02,-2.460675127804279327e-02,6.191659346222877502e-02,1.297626346349716187e-01,1.809961646795272827e-01,5.918230488896369934e-02,1.836729645729064941e-01,3.566347360610961914e-01,2.146697491407394409e-01,3.966655582189559937e-02,1.305786613374948502e-02,2.457821667194366455e-01,-1.200369559228420258e-03,-5.304995551705360413e-02,9.299015253782272339e-02,8.258686959743499756e-02,3.693764209747314453e-01,2.468949854373931885e-01,6.063449010252952576e-02,4.536560550332069397e-02,1.643687933683395386e-01,1.626641601324081421e-01,2.217053025960922241e-01,2.435739189386367798e-01
4.958494901657104492e-01,3.271065056324005127e-01,6.258412599563598633e-01,4.888137876987457275e-01,-4.797010682523250580e-03,2.077723741531372070e-01,1.000000000000000000e+00,1.295467168092727661e-01,3.825570642948150635e-01,3.835752308368682861e-01,1.271216869354248047e-01,8.480282127857208252e-02,1.107057482004165649e-01,1.017613336443901062e-01,-1.844176836311817169e-02,1.433584187179803848e-02,8.044998645782470703e-01,5.035976767539978027e-01,6.233626008033752441e-01,4.105665981769561768e-01,2.838147878646850586e-01,3.048653304576873779e-01,3.137142658233642578e-01,2.276196926832199097e-01,5.963057652115821838e-02,6.758585572242736816e-01,5.033655837178230286e-02,4.262030422687530518e-01,5.078245401382446289e-01,3.433283567428588867e-01,2.660937309265136719e-01,3.483019173145294189e-01,-4.724644590169191360e-03,1.369179338216781616e-01,8.144582808017730713e-02,1.797241717576980591e-01,8.953969180583953857e-02,9.513917565345764160e-02,1.629969924688339233e-01,6.287547945976257324e-02,9.456509724259376526e-03,4.832192063331604004e-01,4.800171852111816406e-01,1.310805678367614746e-01,3.469756245613098145e-01,4.518595337867736816e-01,1.796805858612060547e-01,4.047476947307586670e-01
-1.128792315721511841e-01,4.171632230281829834e-01,4.964269325137138367e-02,-1.904981285333633423e-01,-3.692851588129997253e-02,6.891036778688430786e-02,1.295467168092727661e-01,1.000000000000000000e+00,4.377287328243255615e-01,1.589481681585311890e-01,4.051858484745025635e-01,2.777107357978820801e-01,1.233263164758682251e-01,4.192731082439422607e-01,3.482384085655212402e-01,1.399931311607360840e-01,1.751350015401840210e-01,-1.058477312326431274e-01,1.742776483297348022e-01,-1.999099105596542358e-01,-6.528304517269134521e-02,-2.284617274999618530e-01,3.569209575653076172e-01,1.058707684278488159e-01,2.921643257141113281e-01,2.121229767799377441e-01,2.436459660530090332e-01,-5.598758906126022339e-02,1.113765463232994080e-01,-3.379426151514053345e-02,-1.364661455154418945e-01,-1.015992253087460995e-03,4.284378290176391602e-01,5.568875074386596680e-01,1.728138476610183716e-01,2.087893187999725342e-01,3.434419333934783936e-01,3.611904978752136230e-01,2.309856265783309937e-01,1.604016274213790894e-01,9.630972146987915039e-02,9.901520609855651855e-02,1.583384275436401367e-01,5.655790567398071289e-01,3.029452562332153320e-01,1.720097512006759644e-01,7.591144740581512451e-02,1.961566656827926636e-01
8.926782757043838501e-02,4.561216533184051514e-01,2.819892019033432007e-02,-9.692634642124176025e-02,-1.186891831457614899e-02,1.247610151767730713e-01,3.825570642948150635e-01,4.377287328243255615e-01,1.000000000000000000e+00,5.176250934600830078e-01,3.828226029872894287e-01,2.739762365818023682e-01,1.701186299324035645e-01,1.301980018615722656e-02,-3.382514417171478271e-02,4.239749535918235779e-02,3.835709989070892334e-01,1.878174990415573120e-01,3.786678314208984375e-01,2.772044390439987183e-02,-1.198398694396018982e-02,-5.303661152720451355e-02,5.287081003189086914e-01,3.849435150623321533e-01,1.548228710889816284e-01,2.821575999259948730e-01,1.781872957944869995e-01,4.888689517974853516e-02,2.196504026651382446e-01,1.063117384910583496e-01,5.987489968538284302e-02,3.092935681343078613e-01,2.748862206935882568e-01,1.676206290721893311e-01,8.096693456172943115e-02,3.099869787693023682e-01,-5.669308453798294067e-02,6.590197235345840454e-02,1.149959564208984375e-01,1.933994144201278687e-01,2.071243673563003540e-01,3.930679559707641602e-01,3.511661589145660400e-01,3.483861684799194336e-01,3.652234673500061035e-01,4.347560107707977295e-01,2.146106511354446411e-01,4.350556433200836182e-01
3.129259943962097168e-01,3.244134187698364258e-01,1.192428171634674072e-01,1.363061070442199707e-01,1.524484306573867798e-01,2.498338073492050171e-01,3.835752308368682861e-01,1.589481681585311890e-01,5.176250934600830078e-01,1.000000000000000000e+00,1.358240991830825806e-01,2.527568638324737549e-01,2.887393534183502197e-01,-1.138437017798423767e-01,-1.272728890180587769e-01,8.284999430179595947e-02,3.103674352169036865e-01,3.294312655925750732e-01,4.184247255325317383e-01,3.453516364097595215e-01,2.644084393978118896e-01,2.458923161029815674e-01,4.450439810752868652e-01,3.893794715404510498e-01,6.731457263231277466e-02,2.970789372920989990e-01,1.716121137142181396e-01,2.210144549608230591e-01,3.505410552024841309e-01,2.950850427150726318e-01,2.555324137210845947e-01,4.306740462779998779e-01,2.073074579238891602e-01,-4.347690567374229431e-02,2.754001319408416748e-02,2.396214455366134644e-01,-4.098185151815414429e-02,-5.510311946272850037e-02,1.400561183691024780e-01,1.349816173315048218e-01,2.286351770162582397e-01,4.536684453487396240e-01,4.262688755989074707e-01,1.136497929692268372e-01,3.076516687870025635e-01,6.153708696365356445e-01,3.455642163753509521e-01,4.237566292285919189e-01
-3.988279029726982117e-02,3.197324573993682861e-01,-6.703217327594757080e-02,-7.932325452566146851e-02,-8.330394327640533447e-02,-1.042360514402389526e-01,1.271216869354248047e-01,4.051858484745025635e-01,3.828226029872894287e-01,1.358240991830825806e-01,1.000000000000000000e+00,3.381715118885040283e-01,6.699025630950927734e-02,2.615417838096618652e-01,3.059756457805633545e-01,1.080748140811920166e-01,1.868854761123657227e-01,-3.584846854209899902e-02,6.323712319135665894e-02,-1.481470912694931030e-01,-4.168872907757759094e-02,-8.122264593839645386e-02,2.395316958427429199e-01,1.214101761579513550e-01,1.055067777633666992e-01,1.329253762960433960e-01,1.460087299346923828e-01,-2.425266057252883911e-02,4.684539139270782471e-02,7.580579072237014771e-02,1.756334304809570312e-02,8.071191608905792236e-03,3.422499001026153564e-01,2.831453382968902588e-01,2.175774574279785156e-01,2.405290007591247559e-01,1.417834907770156860e-01,2.067588865756988525e-01,7.227221131324768066e-02,7.939408719539642334e-02,2.062861323356628418e-01,2.086971551179885864e-01,9.413930773735046387e-02,1.258405596017837524e-01,1.749673783779144287e-01,1.937914192676544189e-01,-6.033645942807197571e-03,8.281023055315017700e-02
2.492778748273849487e-01,3.544351160526275635e-01,5.799083504825830460e-03,5.526135861873626709e-02,1.303965598344802856e-01,1.503645181655883789e-01,8.480282127857208252e-02,2.777107357978820801e-01,2.739762365818023682e-01,2.527568638324737549e-01,3.381715118885040283e-01,1.000000000000000000e+00,4.458331167697906494e-01,1.725350916385650635e-01,1.488997042179107666e-01,1.827032268047332764e-01,1.417516171932220459e-01,-3.245774284005165100e-02,-4.454160574823617935e-03,-7.116656750440597534e-02,2.764890789985656738e-01,1.650769114494323730e-01,3.537890911102294922e-01,2.463305592536926270e-01,3.155441582202911377e-01,7.727140188217163086e-02,1.502687186002731323e-01,2.200284898281097412e-01,1.856528222560882568e-01,3.583490848541259766e-01,2.991946935653686523e-01,1.324490904808044434e-01,2.916095852851867676e-01,1.644545048475265503e-01,1.452314108610153198e-01,1.436258703470230103e-01,4.825187474489212036e-02,1.833032369613647461e-01,1.671827286481857300e-01,1.779641062021255493e-01,1.726410835981369019e-01,2.944576144218444824e-01,1.398034095764160156e-01,1.221460402011871338e-01,1.356664448976516724e-01,8.341792225837707520e-02,1.615897417068481445e-01,1.709500998258590698e-01
1.709428876638412476e-01,1.838258206844329834e-01,1.874502152204513550e-01,2.199582904577255249e-01,2.665501236915588379e-01,3.660343885421752930e-01,1.107057482004165649e-01,1.233263164758682251e-01,1.701186299324035645e-01,2.887393534183502197e-01,6.699025630950927734e-02,4.458331167697906494e-01,1.000000000000000000e+00,1.024143695831298828e-01,1.106695532798767090e-01,3.796537518501281738e-01,2.985506691038608551e-02,2.728665471076965332e-01,9.637808054685592651e-02,2.550006508827209473e-01,5.457997918128967285e-01,4.462369084358215332e-01,4.356552362442016602e-01,3.278668820858001709e-01,1.668519675731658936e-01,8.924460969865322113e-03,1.623799204826354980e-01,4.090280458331108093e-02,-1.771862059831619263e-02,2.492029964923858643e-01,3.301935791969299316e-01,2.294822633266448975e-01,1.504397690296173096e-01,1.317213028669357300e-01,8.493090420961380005e-02,1.705529391765594482e-01,4.500343278050422668e-02,1.487963199615478516e-01,2.739961147308349609e-01,1.823569089174270630e-01,8.453105390071868896e-02,1.360310912132263184e-01,-1.997604849748313427e-04,4.447273164987564087e-02,2.614772021770477295e-01,1.469720304012298584e-01,2.620041966438293457e-01,2.833144664764404297e-01
-1.980347745120525360e-02,9.979045391082763672e-02,1.798776090145111084e-01,-4.793526977300643921e-02,-6.816127151250839233e-02,-1.883120276033878326e-02,1.017613336443901062e-01,4.192731082439422607e-01,1.301980018615722656e-02,-1.138437017798423767e-01,2.615417838096618652e-01,1.725350916385650635e-01,1.024143695831298828e-01,1.000000000000000000e+00,5.418891310691833496e-01,8.455225080251693726e-02,1.267631649971008301e-01,-6.136602908372879028e-02,9.893695265054702759e-02,-1.039119884371757507e-01,2.894475311040878296e-02,-1.321800202131271362e-01,1.367672085762023926e-01,-1.852223724126815796e-01,1.164358630776405334e-01,1.211981326341629028e-01,9.146804362535476685e-02,8.328029513359069824e-02,1.283058524131774902e-01,7.388665527105331421e-02,-8.957203477621078491e-02,-7.886338233947753906e-02,1.382550895214080811e-01,5.150453448295593262e-01,1.801270395517349243e-01,-9.480854123830795288e-02,6.453317403793334961e-01,5.659357309341430664e-01,2.786996066570281982e-01,-4.483134672045707703e-02,-4.040971025824546814e-02,3.243420273065567017e-02,6.923144310712814331e-02,3.278154507279396057e-02,3.381929546594619751e-02,8.329073339700698853e-02,-2.023059688508510590e-02,6.515851616859436035e-02
-7.748405635356903076e-02,5.080753564834594727e-02,7.484443485736846924e-02,-6.484517455101013184e-02,-2.074498869478702545e-02,-3.282940387725830078e-02,-1.844176836311817169e-02,3.482384085655212402e-01,-3.382514417171478271e-02,-1.272728890180587769e-01,3.059756457805633545e-01,1.488997042179107666e-01,1.106695532798767090e-01,5.418891310691833496e-01,1.000000000000000000e+00,3.362754583358764648e-01,1.873622834682464600e-02,-8.841408789157867432e-02,-6.114528328180313110e-02,-1.663259714841842651e-01,-6.092606857419013977e-02,-1.480937302112579346e-01,8.916115015745162964e-02,-1.920646727085113525e-01,1.010981574654579163e-01,-3.263691067695617676e-02,9.083761274814605713e-02,-2.503736503422260284e-02,-5.168310180306434631e-02,-5.749809741973876953e-02,-1.595667004585266113e-01,-1.990907341241836548e-01,2.420618236064910889e-01,5.260043740272521973e-01,1.494266986846923828e-01,7.299948483705520630e-03,5.366863012313842773e-01,5.402735471725463867e-01,1.649091392755508423e-01,-6.841874215751886368e-03,1.577426493167877197e-02,-4.473229125142097473e-02,-1.231426894664764404e-01,3.605028241872787476e-02,3.861982375383377075e-02,6.401182711124420166e-02,-1.049486175179481506e-01,-9.581542760133743286e-02
-3.328795731067657471e-02,1.028124466538429260e-01,7.540106773376464844e-02,9.667139500379562378e-02,2.455904632806777954e-01,1.559025645256042480e-01,1.433584187179803848e-02,1.399931311607360840e-01,4.239749535918235779e-02,8.284999430179595947e-02,1.080748140811920166e-01,1.827032268047332764e-01,3.796537518501281738e-01,8.455225080251693726e-02,3.362754583358764648e-01,1.000000000000000000e+00,-3.330473974347114563e-02,8.065559715032577515e-02,-5.380311608314514160e-02,-6.766252219676971436e-03,1.899998486042022705e-01,2.125262767076492310e-01,3.133613467216491699e-01,1.127524077892303467e-01,1.076631844043731689e-01,-6.245678663253784180e-02,1.593926697969436646e-01,-8.749557286500930786e-02,-1.629165709018707275e-01,3.977241739630699158e-02,1.068699136376380920e-01,3.865677118301391602e-02,1.662462353706359863e-01,2.824125885963439941e-01,8.777624368667602539e-02,1.908007115125656128e-01,1.657235473394393921e-01,2.862407267093658447e-01,3.903733491897583008e-01,2.023686319589614868e-01,1.781437247991561890e-01,2.803209237754344940e-02,-1.213136687874794006e-01,3.982181847095489502e-02,1.754989475011825562e-01,1.274317055940628052e-01,1.212219744920730591e-01,1.380868554115295410e-01
5.000672936439514160e-01,2.961395382881164551e-01,5.767029523849487305e-01,4.377602934837341309e-01,-1.496758759021759033e-01,-5.342945951269939542e-05,8.044998645782470703e-01,1.751350015401840210e-01,3.835709989070892334e-01,3.103674352169036865e-01,1.868854761123657227e-01,1.417516171932220459e-01,2.985506691038608551e-02,1.267631649971008301e-01,1.873622834682464600e-02,-3.330473974347114563e-02,1.000000000000000000e+00,4.726479947566986084e-01,6.042907238006591797e-01,3.243295848369598389e-01,1.881176829338073730e-01,2.337870448827743530e-01,2.639234960079193115e-01,1.528898626565933228e-01,1.474762260913848877e-01,6.303068995475769043e-01,1.421206537634134293e-02,4.241763353347778320e-01,4.937072694301605225e-01,3.094857931137084961e-01,2.263874858617782593e-01,2.314404845237731934e-01,-9.671733714640140533e-03,1.921293288469314575e-01,9.297124296426773071e-02,3.377501294016838074e-02,1.228214502334594727e-01,1.751895993947982788e-01,1.304441541433334351e-01,5.163668096065521240e-02,-5.684557929635047913e-02,4.112863242626190186e-01,4.574040174484252930e-01,1.314513981342315674e-01,3.093342185020446777e-01,3.681271970272064209e-01,1.177080050110816956e-01,2.955414056777954102e-01
4.346821308135986328e-01,1.255144625902175903e-01,4.431813359260559082e-01,5.574623942375183105e-01,3.945954889059066772e-02,1.676189154386520386e-01,5.035976767539978027e-01,-1.058477312326431274e-01,1.878174990415573120e-01,3.294312655925750732e-01,-3.584846854209899902e-02,-3.245774284005165100e-02,2.728665471076965332e-01,-6.136602908372879028e-02,-8.841408789157867432e-02,8.065559715032577515e-02,4.726479947566986084e-01,1.000000000000000000e+00,5.429175496101379395e-01,5.639057159423828125e-01,4.588869512081146240e-01,6.390293836593627930e-01,2.489789724349975586e-01,2.724769115447998047e-01,2.269412949681282043e-02,3.496137261390686035e-01,2.737751975655555725e-02,2.163208872079849243e-01,1.625101715326309204e-01,1.576744914054870605e-01,3.681470155715942383e-01,3.041589558124542236e-01,-6.383578479290008545e-02,-1.682685874402523041e-02,-6.226042658090591431e-02,1.336883902549743652e-01,-2.568216994404792786e-02,2.024856582283973694e-02,1.545401215553283691e-01,1.226598992943763733e-01,-1.231527850031852722e-01,1.995484977960586548e-01,2.098846584558486938e-01,-3.049223124980926514e-02,2.622458934783935547e-01,2.301564365625381470e-01,1.784241646528244019e-01,3.160104155540466309e-01
4.206157326698303223e-01,2.744520306587219238e-01,4.409390985965728760e-01,3.004007339477539062e-01,4.680010606534779072e-04,1.783190816640853882e-01,6.233626008033752441e-01,1.742776483297348022e-01,3.786678314208984375e-01,4.184247255325317383e-01,6.323712319135665894e-02,-4.454160574823617935e-03,9.637808054685592651e-02,9.893695265054702759e-02,-6.114528328180313110e-02,-5.380311608314514160e-02,6.042907238006591797e-01,5.429175496101379395e-01,1.000000000000000000e+00,4.541322290897369385e-01,2.218817621469497681e-01,2.767476141452789307e-01,3.733597099781036377e-01,1.845091432332992554e-01,7.512912899255752563e-02,4.786465466022491455e-01,5.974499136209487915e-02,3.379644155502319336e-01,5.006061196327209473e-01,2.398312538862228394e-01,1.791678816080093384e-01,3.492443859577178955e-01,2.314101718366146088e-02,9.524212032556533813e-02,9.017501771450042725e-02,1.072340011596679688e-01,1.269178688526153564e-01,1.504456996917724609e-01,1.571380048990249634e-01,2.282866276800632477e-02,-6.217345967888832092e-02,3.226731419563293457e-01,5.782670974731445312e-01,1.189065724611282349e-01,2.442205399274826050e-01,4.958283603191375732e-01,2.263511717319488525e-01,3.079935908317565918e-01
4.553667604923248291e-01,3.649906441569328308e-02,4.196802973747253418e-01,5.502088665962219238e-01,5.698920041322708130e-02,1.756209433078765869e-01,4.105665981769561768e-01,-1.999099105596542358e-01,2.772044390439987183e-02,3.453516364097595215e-01,-1.481470912694931030e-01,-7.116656750440597534e-02,2.550006508827209473e-01,-1.039119884371757507e-01,-1.663259714841842651e-01,-6.766252219676971436e-03,3.243295848369598389e-01,5.639057159423828125e-01,4.541322290897369385e-01,1.000000000000000000e+00,5.828505754470825195e-01,5.098060965538024902e-01,1.220009699463844299e-01,1.712164431810379028e-01,-9.816690534353256226e-02,3.422755002975463867e-01,-7.930270582437515259e-02,3.101370632648468018e-01,2.995213270187377930e-01,1.798747926950454712e-01,2.019851058721542358e-01,2.837211489677429199e-01,-1.691865026950836182e-01,-1.373906433582305908e-01,-7.003885507583618164e-02,1.562486309558153152e-02,-3.511076048016548157e-02,-6.229616701602935791e-02,3.353272099047899246e-03,-2.050031721591949463e-02,-1.244920417666435242e-01,2.361948490142822266e-01,3.205853998661041260e-01,-1.019276604056358337e-01,1.304854750633239746e-01,3.135802447795867920e-01,9.946486353874206543e-02,2.266864627599716187e-01
3.710784912109375000e-01,1.222334206104278564e-01,3.862841427326202393e-01,5.512647032737731934e-01,2.316037565469741821e-01,2.990323007106781006e-01,2.838147878646850586e-01,-6.528304517269134521e-02,-1.198398694396018982e-02,2.644084393978118896e-01,-4.168872907757759094e-02,2.764890789985656738e-01,5.457997918128967285e-01,2.894475311040878296e-02,-6.092606857419013977e-02,1.899998486042022705e-01,1.881176829338073730e-01,4.588869512081146240e-01,2.218817621469497681e-01,5.828505754470825195e-01,1.000000000000000000e+00,6.294794082641601562e-01,1.895293742418289185e-01,2.235962748527526855e-01,-8.051616139709949493e-03,1.999018341302871704e-01,-4.542753845453262329e-02,2.088809460401535034e-01,1.305008232593536377e-01,2.959795296192169189e-01,4.564758837223052979e-01,2.853684723377227783e-01,-8.410106599330902100e-02,-5.717640276998281479e-03,1.309297699481248856e-02,8.214999735355377197e-02,-6.298928055912256241e-03,-1.288735214620828629e-02,1.567434668540954590e-01,6.459296494722366333e-02,-1.942218653857707977e-02,2.006067931652069092e-01,1.261221915483474731e-01,-1.757680810987949371e-02,1.976840049028396606e-01,1.791959553956985474e-01,1.848085224628448486e-01,2.294864356517791748e-01
3.907301425933837891e-01,1.623658090829849243e-02,3.477212190628051758e-01,5.914551615715026855e-01,2.503721117973327637e-01,2.617825567722320557e-01,3.048653304576873779e-01,-2.284617274999618530e-01,-5.303661152720451355e-02,2.458923161029815674e-01,-8.122264593839645386e-02,1.650769114494323730e-01,4.462369084358215332e-01,-1.321800202131271362e-01,-1.480937302112579346e-01,2.125262767076492310e-01,2.337870448827743530e-01,6.390293836593627930e-01,2.767476141452789307e-01,5.098060965538024902e-01,6.294794082641601562e-01,1.000000000000000000e+00,2.548178732395172119e-01,3.718422055244445801e-01,8.632675558328628540e-02,1.241530627012252808e-01,1.755166985094547272e-02,1.799311935901641846e-01,9.788268804550170898e-02,3.784475922584533691e-01,5.997985005378723145e-01,3.682267665863037109e-01,-1.006308197975158691e-01,-1.241267770528793335e-01,4.875272512435913086e-02,1.675862073898315430e-01,-1.127857565879821777e-01,-7.845678925514221191e-02,1.966698616743087769e-01,1.795861721038818359e-01,-8.221721649169921875e-02,1.071676686406135559e-01,1.068857014179229736e-01,-1.518741697072982788e-01,1.501173526048660278e-01,1.304507851600646973e-01,3.026458024978637695e-01,3.466377258300781250e-01
1.650791615247726440e-01,3.204313218593597412e-01,1.296856105327606201e-01,6.308308220468461514e-04,9.078597277402877808e-02,2.536857128143310547e-01,3.137142658233642578e-01,3.569209575653076172e-01,5.287081003189086914e-01,4.450439810752868652e-01,2.395316958427429199e-01,3.537890911102294922e-01,4.356552362442016602e-01,1.367672085762023926e-01,8.916115015745162964e-02,3.133613467216491699e-01,2.639234960079193115e-01,2.489789724349975586e-01,3.733597099781036377e-01,1.220009699463844299e-01,1.895293742418289185e-01,2.548178732395172119e-01,1.000000000000000000e+00,5.280953049659729004e-01,2.907120585441589355e-01,2.232533395290374756e-01,2.908645570278167725e-01,9.114607423543930054e-02,2.273332327604293823e-01,2.841513752937316895e-01,2.222141176462173462e-01,5.095409750938415527e-01,3.664595782756805420e-01,2.103707790374755859e-01,2.128177434206008911e-01,4.909303486347198486e-01,8.184380084276199341e-02,3.000801801681518555e-01,4.465243816375732422e-01,5.221902132034301758e-01,1.355599761009216309e-01,2.476811856031417847e-01,3.433463573455810547e-01,1.754304319620132446e-01,3.226456940174102783e-01,4.783039987087249756e-01,4.722744524478912354e-01,6.618210077285766602e-01
1.731154173612594604e-01,2.819944918155670166e-01,3.705098107457160950e-02,9.012088924646377563e-02,2.432209402322769165e-01,3.447191119194030762e-01,2.276196926832199097e-01,1.058707684278488159e-01,3.849435150623321533e-01,3.893794715404510498e-01,1.214101761579513550e-01,2.463305592536926270e-01,3.278668820858001709e-01,-1.852223724126815796e-01,-1.920646727085113525e-01,1.127524077892303467e-01,1.528898626565933228e-01,2.724769115447998047e-01,1.845091432332992554e-01,1.712164431810379028e-01,2.235962748527526855e-01,3.718422055244445801e-01,5.280953049659729004e-01,1.000000000000000000e+00,2.131891697645187378e-01,8.973966538906097412e-02,1.810784935951232910e-01,2.640664763748645782e-02,7.328995317220687866e-02,2.815760076045989990e-01,3.963439166545867920e-01,6.069766879081726074e-01,1.878430992364883423e-01,-1.355103850364685059e-01,5.891211703419685364e-02,5.785713791847229004e-01,-1.628650873899459839e-01,-1.123594269156455994e-01,1.728191524744033813e-01,4.452857673168182373e-01,1.380737870931625366e-01,2.786086797714233398e-01,1.649602651596069336e-01,1.112853959202766418e-01,2.600023448467254639e-01,2.923372685909271240e-01,6.223652362823486328e-01,5.023179650306701660e-01
2.679050564765930176e-01,1.593227386474609375e-01,1.116566639393568039e-02,-1.418553143739700317e-01,-4.821839556097984314e-02,-4.370832070708274841e-02,5.963057652115821838e-02,2.921643257141113281e-01,1.548228710889816284e-01,6.731457263231277466e-02,1.055067777633666992e-01,3.155441582202911377e-01,1.668519675731658936e-01,1.164358630776405334e-01,1.010981574654579163e-01,1.076631844043731689e-01,1.474762260913848877e-01,2.269412949681282043e-02,7.512912899255752563e-02,-9.816690534353256226e-02,-8.051616139709949493e-03,8.632675558328628540e-02,2.907120585441589355e-01,2.131891697645187378e-01,1.000000000000000000e+00,1.653190143406391144e-02,4.269289672374725342e-01,2.217688113451004028e-01,2.153412103652954102e-01,2.351307272911071777e-01,2.379254996776580811e-01,1.582788378000259399e-01,2.317481338977813721e-01,1.561568230390548706e-01,8.358994126319885254e-02,7.268694043159484863e-02,9.544941782951354980e-02,1.055937260389328003e-01,1.653257459402084351e-01,1.986660212278366089e-01,-7.556081563234329224e-02,3.239699080586433411e-02,1.639003157615661621e-01,1.302174031734466553e-01,1.484334319829940796e-01,1.460282504558563232e-01,2.594712674617767334e-01,1.821963787078857422e-01
3.700874149799346924e-01,2.187484651803970337e-01,5.804248452186584473e-01,3.835368752479553223e-01,-1.980195790529251099e-01,-2.460675127804279327e-02,6.758585572242736816e-01,2.121229767799377441e-01,2.821575999259948730e-01,2.970789372920989990e-01,1.329253762960433960e-01,7.727140188217163086e-02,8.924460969865322113e-03,1.211981326341629028e-01,-3.263691067695617676e-02,-6.245678663253784180e-02,6.303068995475769043e-01,3.496137261390686035e-01,4.786465466022491455e-01,3.422755002975463867e-01,1.999018341302871704e-01,1.241530627012252808e-01,2.232533395290374756e-01,8.973966538906097412e-02,1.653190143406391144e-02,1.000000000000000000e+00,-1.419430132955312729e-03,3.752898275852203369e-01,4.207704067230224609e-01,2.008695751428604126e-01,7.729572802782058716e-02,1.820869445800781250e-01,-4.468487203121185303e-02,1.025308296084403992e-01,8.180595189332962036e-02,5.435911938548088074e-02,8.620670437812805176e-02,9.999151527881622314e-02,1.451204270124435425e-01,6.498247385025024414e-02,-9.697731584310531616e-02,3.188037276268005371e-01,3.978330194950103760e-01,1.765780299901962280e-01,2.566337585449218750e-01,2.698008120059967041e-01,6.351340562105178833e-02,2.964556813240051270e-01
1.639186441898345947e-01,1.972748041152954102e-01,-9.048049896955490112e-02,-8.826758712530136108e-02,5.701945722103118896e-02,6.191659346222877502e-02,5.033655837178230286e-02,2.436459660530090332e-01,1.781872957944869995e-01,1.716121137142181396e-01,1.460087299346923828e-01,1.502687186002731323e-01,1.623799204826354980e-01,9.146804362535476685e-02,9.083761274814605713e-02,1.593926697969436646e-01,1.421206537634134293e-02,2.737751975655555725e-02,5.974499136209487915e-02,-7.930270582437515259e-02,-4.542753845453262329e-02,1.755166985094547272e-02,2.908645570278167725e-01,1.810784935951232910e-01,4.269289672374725342e-01,-1.419430132955312729e-03,1.000000000000000000e+00,1.204757764935493469e-01,9.760629385709762573e-02,8.447562158107757568e-02,4.748175293207168579e-02,1.542717963457107544e-01,4.998562633991241455e-01,1.409014910459518433e-01,2.046094089746475220e-01,2.560794949531555176e-01,1.617056131362915039e-02,1.118945479393005371e-01,1.936887502670288086e-01,1.529715210199356079e-01,1.044087931513786316e-01,1.024729311466217041e-01,1.156579107046127319e-01,4.664035886526107788e-02,2.343802601099014282e-01,2.803962826728820801e-01,2.104867249727249146e-01,2.172387838363647461e-01
7.079880833625793457e-01,2.025869041681289673e-01,3.967321217060089111e-01,3.635080754756927490e-01,1.531171947717666626e-01,1.297626346349716187e-01,4.262030422687530518e-01,-5.598758906126022339e-02,4.888689517974853516e-02,2.210144549608230591e-01,-2.425266057252883911e-02,2.200284898281097412e-01,4.090280458331108093e-02,8.328029513359069824e-02,-2.503736503422260284e-02,-8.749557286500930786e-02,4.241763353347778320e-01,2.163208872079849243e-01,3.379644155502319336e-01,3.101370632648468018e-01,2.088809460401535034e-01,1.799311935901641846e-01,9.114607423543930054e-02,2.640664763748645782e-02,2.217688113451004028e-01,3.752898275852203369e-01,1.204757764935493469e-01,1.000000000000000000e+00,7.365207076072692871e-01,3.453244864940643311e-01,2.671948671340942383e-01,2.299109846353530884e-01,5.193520709872245789e-02,-3.472700715065002441e-02,9.744258224964141846e-02,-9.221087396144866943e-02,8.508858829736709595e-02,7.457538694143295288e-02,7.722441107034683228e-02,1.503232587128877640e-02,5.838706344366073608e-02,3.701936900615692139e-01,4.045559167861938477e-01,-1.178059354424476624e-01,8.736715465784072876e-02,2.979666292667388916e-01,1.308292150497436523e-01,9.631279110908508301e-02
5.639802217483520508e-01,2.525342404842376709e-01,3.403863310813903809e-01,2.205890268087387085e-01,1.385623514652252197e-01,1.809961646795272827e-01,5.078245401382446289e-01,1.113765463232994080e-01,2.196504026651382446e-01,3.505410552024841309e-01,4.684539139270782471e-02,1.856528222560882568e-01,-1.771862059831619263e-02,1.283058524131774902e-01,-5.168310180306434631e-02,-1.629165709018707275e-01,4.937072694301605225e-01,1.625101715326309204e-01,5.006061196327209473e-01,2.995213270187377930e-01,1.305008232593536377e-01,9.788268804550170898e-02,2.273332327604293823e-01,7.328995317220687866e-02,2.153412103652954102e-01,4.207704067230224609e-01,9.760629385709762573e-02,7.365207076072692871e-01,1.000000000000000000e+00,4.067373275756835938e-01,2.053096145391464233e-01,3.014040291309356689e-01,9.875327348709106445e-02,4.369331896305084229e-02,9.855303168296813965e-02,-3.277902305126190186e-02,1.440450847148895264e-01,9.743129462003707886e-02,6.045641750097274780e-02,1.166471000760793686e-02,9.461334347724914551e-02,4.117864668369293213e-01,5.345018506050109863e-01,9.616528637707233429e-03,1.488525271415710449e-01,4.513314068317413330e-01,1.784672141075134277e-01,1.815454363822937012e-01
4.284526109695434570e-01,4.770043864846229553e-02,2.657734453678131104e-01,2.632874548435211182e-01,4.482124000787734985e-02,5.918230488896369934e-02,3.433283567428588867e-01,-3.379426151514053345e-02,1.063117384910583496e-01,2.950850427150726318e-01,7.580579072237014771e-02,3.583490848541259766e-01,2.492029964923858643e-01,7.388665527105331421e-02,-5.749809741973876953e-02,3.977241739630699158e-02,3.094857931137084961e-01,1.576744914054870605e-01,2.398312538862228394e-01,1.798747926950454712e-01,2.959795296192169189e-01,3.784475922584533691e-01,2.841513752937316895e-01,2.815760076045989990e-01,2.351307272911071777e-01,2.008695751428604126e-01,8.447562158107757568e-02,3.453244864940643311e-01,4.067373275756835938e-01,1.000000000000000000e+00,6.045899987220764160e-01,3.006233572959899902e-01,4.713281057775020599e-03,-1.950405351817607880e-02,2.053183168172836304e-01,1.425094604492187500e-01,8.257904648780822754e-02,8.992045372724533081e-02,1.547086387872695923e-01,-4.170418716967105865e-03,-2.200132422149181366e-02,3.074762225151062012e-01,3.047266900539398193e-01,-5.105847865343093872e-02,1.047543734312057495e-01,3.516065478324890137e-01,3.827386796474456787e-01,2.905285060405731201e-01
3.960360586643218994e-01,7.561403512954711914e-02,2.268630713224411011e-01,3.033707737922668457e-01,1.912157386541366577e-01,1.836729645729064941e-01,2.660937309265136719e-01,-1.364661455154418945e-01,5.987489968538284302e-02,2.555324137210845947e-01,1.756334304809570312e-02,2.991946935653686523e-01,3.301935791969299316e-01,-8.957203477621078491e-02,-1.595667004585266113e-01,1.068699136376380920e-01,2.263874858617782593e-01,3.681470155715942383e-01,1.791678816080093384e-01,2.019851058721542358e-01,4.564758837223052979e-01,5.997985005378723145e-01,2.222141176462173462e-01,3.963439166545867920e-01,2.379254996776580811e-01,7.729572802782058716e-02,4.748175293207168579e-02,2.671948671340942383e-01,2.053096145391464233e-01,6.045899987220764160e-01,1.000000000000000000e+00,4.488813877105712891e-01,-5.519888922572135925e-02,-1.449171751737594604e-01,6.804668903350830078e-02,1.531172841787338257e-01,-8.032035827636718750e-02,-5.340141430497169495e-02,9.665009379386901855e-02,1.067165285348892212e-01,5.384155735373497009e-02,2.132059186697006226e-01,1.458702981472015381e-01,-3.604474291205406189e-02,1.738663762807846069e-01,2.040840238332748413e-01,4.051839411258697510e-01,1.781139969825744629e-01
3.005933165550231934e-01,2.275612503290176392e-01,2.151523232460021973e-01,1.338893622159957886e-01,2.169286012649536133e-01,3.566347360610961914e-01,3.483019173145294189e-01,-1.015992253087460995e-03,3.092935681343078613e-01,4.306740462779998779e-01,8.071191608905792236e-03,1.324490904808044434e-01,2.294822633266448975e-01,-7.886338233947753906e-02,-1.990907341241836548e-01,3.865677118301391602e-02,2.314404845237731934e-01,3.041589558124542236e-01,3.492443859577178955e-01,2.837211489677429199e-01,2.853684723377227783e-01,3.682267665863037109e-01,5.095409750938415527e-01,6.069766879081726074e-01,1.582788378000259399e-01,1.820869445800781250e-01,1.542717963457107544e-01,2.299109846353530884e-01,3.014040291309356689e-01,3.006233572959899902e-01,4.488813877105712891e-01,1.000000000000000000e+00,9.555511921644210815e-02,-1.194771006703376770e-01,4.414757341146469116e-02,4.603309929370880127e-01,-8.420283347368240356e-02,-9.408406168222427368e-02,2.362821549177169800e-01,3.677052557468414307e-01,1.241857185959815979e-01,2.895152568817138672e-01,3.346501886844635010e-01,5.245078727602958679e-02,2.808888256549835205e-01,4.105483889579772949e-01,6.083172559738159180e-01,5.575298070907592773e-01
6.287910789251327515e-02,3.717187643051147461e-01,-2.171573042869567871e-01,-2.006474733352661133e-01,2.251013666391372681e-01,2.146697491407394409e-01,-4.724644590169191360e-03,4.284378290176391602e-01,2.748862206935882568e-01,2.073074579238891602e-01,3.422499001026153564e-01,2.916095852851867676e-01,1.504397690296173096e-01,1.382550895214080811e-01,2.420618236064910889e-01,1.662462353706359863e-01,-9.671733714640140533e-03,-6.383578479290008545e-02,2.314101718366146088e-02,-1.691865026950836182e-01,-8.410106599330902100e-02,-1.006308197975158691e-01,3.664595782756805420e-01,1.878430992364883423e-01,2.317481338977813721e-01,-4.468487203121185303e-02,4.998562633991241455e-01,5.193520709872245789e-02,9.875327348709106445e-02,4.713281057775020599e-03,-5.519888922572135925e-02,9.555511921644210815e-02,1.000000000000000000e+00,2.551100552082061768e-01,1.323857605457305908e-01,3.169629573822021484e-01,1.131719201803207397e-01,1.956245750188827515e-01,1.163472086191177368e-01,1.612428426742553711e-01,3.347299396991729736e-01,1.879934072494506836e-01,2.106872014701366425e-02,1.637420952320098877e-01,2.468331456184387207e-01,2.403276562690734863e-01,1.206165775656700134e-01,1.707622557878494263e-01
