1.000000000000000000e+00,7.954043895006179810e-02,6.406047344207763672e-01,7.640098333358764648e-01,6.490489840507507324e-01,3.278823196887969971e-01,-3.086566329002380371e-01,1.550718545913696289e-01,8.734364062547683716e-02,-3.106013173237442970e-03,1.015869081020355225e-01,-8.257888257503509521e-03,1.059114485979080200e-01,1.439915299415588379e-01,-4.493296146392822266e-02,1.606681942939758301e-01,-4.190791249275207520e-01,-1.814783960580825806e-01,-2.935501188039779663e-02,-1.266162283718585968e-02,-3.305311501026153564e-02,1.273271162062883377e-02,-6.995091587305068970e-02,-1.068658679723739624e-01,3.906656205654144287e-01,-7.800150662660598755e-02,3.630406856536865234e-01,7.782621979713439941e-01,6.733989119529724121e-01,-3.351521193981170654e-01,-3.219013214111328125e-01,-2.290324494242668152e-02,3.389792442321777344e-01,-2.781549990177154541e-01,2.175321429967880249e-01,-2.597314715385437012e-01,4.046211764216423035e-02,-2.177516072988510132e-01,-1.878538280725479126e-01,5.216894671320915222e-02,4.962781369686126709e-01,-1.891336403787136078e-02,3.053881525993347168e-01,9.171681478619575500e-03,1.171474456787109375e-01,-5.758186057209968567e-02,-1.376730352640151978e-01,7.999040931463241577e-02
7.954043895006179810e-02,1.000000000000000000e+00,3.545076772570610046e-02,1.359582841396331787e-01,1.936220377683639526e-01,5.558663010597229004e-01,4.029267430305480957e-01,6.169959530234336853e-02,3.292271196842193604e-01,4.058972299098968506e-01,2.683557868003845215e-01,4.891505241394042969e-01,2.777402102947235107e-01,2.122559212148189545e-02,3.332926034927368164e-01,2.769407331943511963e-01,3.098933398723602295e-01,2.549312412738800049e-01,9.305056929588317871e-02,1.850102245807647705e-01,1.864805817604064941e-01,-7.523452490568161011e-02,-7.403220981359481812e-02,5.988597124814987183e-02,9.646792709827423096e-02,3.383818641304969788e-02,3.448067009449005127e-01,6.644402444362640381e-02,1.924370676279067993e-01,2.138887941837310791e-01,1.767717301845550537e-01,-1.086605153977870941e-02,2.927746772766113281e-01,1.449936777353286743e-01,2.297496199607849121e-01,1.779500842094421387e-01,4.949010163545608521e-02,2.883937358856201172e-01,4.069265425205230713e-01,1.780782826244831085e-02,5.801530480384826660e-01,6.292503476142883301e-01,2.679384648799896240e-01,6.359443068504333496e-01,5.523281097412109375e-01,4.586113095283508301e-01,9.164327383041381836e-02,-2.109493874013423920e-02
6.406047344207763672e-01,3.545076772570610046e-02,1.000000000000000000e+00,6.923028230667114258e-01,4.261482357978820801e-01,2.122018933296203613e-01,1.434373855590820312e-02,2.585825324058532715e-02,5.903495848178863525e-02,4.546418413519859314e-02,-4.116287082433700562e-02,-4.014410078525543213e-02,1.041642501950263977e-01,3.600475937128067017e-02,-5.759876593947410583e-02,8.849499374628067017e-02,-2.050108164548873901e-01,-1.766916513442993164e-01,7.672073692083358765e-02,1.421791166067123413e-01,1.001033186912536621e-01,6.310760974884033203e-02,5.968038365244865417e-02,-1.204644292593002319e-01,2.468892335891723633e-01,1.289248019456863403e-01,1.981011778116226196e-01,6.360955238342285156e-01,5.033382773399353027e-01,-2.179348468780517578e-01,-2.623708546161651611e-01,-2.880882285535335541e-02,1.402641981840133667e-01,-3.225518465042114258e-01,8.603814244270324707e-02,-1.788381189107894897e-01,2.556402981281280518e-02,-1.837866157293319702e-01,-1.283316016197204590e-01,6.500586122274398804e-02,3.664799034595489502e-01,2.590144425630569458e-02,2.726362645626068115e-01,-3.407137840986251831e-02,1.128395125269889832e-01,3.397522727027535439e-03,-1.607803404331207275e-01,7.389224320650100708e-02
7.640098333358764648e-01,1.359582841396331787e-01,6.923028230667114258e-01,1.000000000000000000e+00,6.325956583023071289e-01,3.659943640232086182e-01,-8.517168462276458740e-02,6.769409775733947754e-02,2.607756294310092926e-02,4.629564657807350159e-02,-1.834261231124401093e-02,-1.541209965944290161e-02,2.430151849985122681e-01,6.401696056127548218e-02,-9.144773334264755249e-02,1.822086423635482788e-01,-2.285770624876022339e-01,-6.987047940492630005e-02,5.493721365928649902e-02,1.430327445268630981e-01,1.486887633800506592e-01,1.400573849678039551e-01,5.955268070101737976e-02,-9.030256420373916626e-02,3.363044559955596924e-01,-5.897986143827438354e-02,2.705237865447998047e-01,7.259415388107299805e-01,6.251980066299438477e-01,-1.798502802848815918e-01,-2.130159288644790649e-01,-6.760457903146743774e-02,1.723956614732742310e-01,-2.476978451013565063e-01,1.668431460857391357e-01,-1.919125765562057495e-01,6.451866030693054199e-02,-1.847572922706604004e-01,-1.195143535733222961e-01,7.104501128196716309e-02,4.660365283489227295e-01,3.917494043707847595e-02,4.080288708209991455e-01,-3.517440333962440491e-02,1.303290724754333496e-01,5.898223258554935455e-03,-1.283559352159500122e-01,1.276071518659591675e-01
6.490489840507507324e-01,1.936220377683639526e-01,4.261482357978820801e-01,6.325956583023071289e-01,1.000000000000000000e+00,4.969501495361328125e-01,-1.174496114253997803e-01,2.305768579244613647e-01,4.575060307979583740e-02,4.570420458912849426e-02,7.366590201854705811e-02,2.100803516805171967e-02,2.949716746807098389e-01,1.560558527708053589e-01,-9.767939336597919464e-03,3.182235062122344971e-01,-1.603319495916366577e-01,4.588400572538375854e-02,7.712698727846145630e-02,1.175183579325675964e-01,1.102505773305892944e-01,1.518687754869461060e-01,4.361807554960250854e-02,3.896028548479080200e-02,3.929219841957092285e-01,-6.235874071717262268e-02,3.095431029796600342e-01,5.825804471969604492e-01,4.924505650997161865e-01,-1.440505683422088623e-01,-9.350185841321945190e-02,-2.768634259700775146e-02,3.113979995250701904e-01,-9.596152603626251221e-02,9.970722347497940063e-02,-5.427566170692443848e-02,1.556680649518966675e-01,1.346217934042215347e-02,-3.524045646190643311e-02,2.007662802934646606e-01,4.322350621223449707e-01,5.329245701432228088e-02,4.762647747993469238e-01,3.013439662754535675e-02,9.641871601343154907e-02,1.258648782968521118e-01,3.121441788971424103e-02,1.520029008388519287e-01
3.278823196887969971e-01,5.558663010597229004e-01,2.122018933296203613e-01,3.659943640232086182e-01,4.969501495361328125e-01,1.000000000000000000e+00,1.918840706348419189e-01,7.178985979408025742e-03,2.535334229469299316e-01,3.810635209083557129e-01,2.438116073608398438e-01,4.105319082736968994e-01,3.236781954765319824e-01,4.164399951696395874e-02,2.878230214118957520e-01,4.512913823127746582e-01,7.719583064317703247e-02,2.736101150512695312e-01,1.457791216671466827e-02,4.238471761345863342e-02,1.212738528847694397e-01,-1.013571843504905701e-01,-2.943949699401855469e-01,7.332533597946166992e-02,1.399588584899902344e-01,7.384337484836578369e-02,4.235696196556091309e-01,2.594300210475921631e-01,2.926974296569824219e-01,1.354758627712726593e-02,1.289779506623744965e-02,-7.861234992742538452e-02,3.088461756706237793e-01,5.511404946446418762e-03,1.670743674039840698e-01,5.434434488415718079e-02,8.867385983467102051e-02,9.669253230094909668e-02,2.613141834735870361e-01,-1.028606146574020386e-01,5.838257074356079102e-01,5.677909255027770996e-01,3.241159915924072266e-01,4.780198633670806885e-01,5.157867074012756348e-01,4.155329167842864990e-01,1.191429272294044495e-01,1.839803718030452728e-02
-3.086566329002380371e-01,4.029267430305480957e-01,1.434373855590820312e-02,-8.517168462276458740e-02,-1.174496114253997803e-01,1.918840706348419189e-01,1.000000000000000000e+00,-6.387553177773952484e-03,1.306702047586441040e-01,3.099599778652191162e-01,-1.961090788245201111e-02,2.378452122211456299e-01,2.351766377687454224e-01,-9.076046943664550781e-02,1.776345670223236084e-01,1.858673095703125000e-01,6.571689844131469727e-01,3.191152513027191162e-01,2.951897382736206055e-01,3.072117269039154053e-01,2.895812988281250000e-01,9.784078598022460938e-02,1.357476711273193359e-01,8.192789554595947266e-02,3.723135963082313538e-02,1.579867452383041382e-01,5.665947496891021729e-02,-2.526417970657348633e-01,-1.640816479921340942e-01,4.357641339302062988e-01,3.629637360572814941e-01,-1.412170007824897766e-02,1.431425288319587708e-02,1.867089718580245972e-01,4.414842277765274048e-02,2.576150000095367432e-01,5.719850584864616394e-02,3.841305673122406006e-01,3.995144665241241455e-01,2.506705932319164276e-02,1.340687721967697144e-01,4.154599905014038086e-01,1.171034574508666992e-01,3.230568468570709229e-01,2.461298853158950806e-01,3.439785242080688477e-01,8.171425014734268188e-02,-7.948950678110122681e-02
1.550718545913696289e-01,6.169959530234336853e-02,2.585825324058532715e-02,6.769409775733947754e-02,2.305768579244613647e-01,7.178985979408025742e-03,-6.387553177773952484e-03,1.000000000000000000e+00,2.678452134132385254e-01,7.481219619512557983e-02,4.915573894977569580e-01,-2.500754781067371368e-02,1.459872871637344360e-01,6.411125063896179199e-01,1.178102195262908936e-01,1.388157308101654053e-01,1.335791200399398804e-01,3.080639056861400604e-02,3.373784720897674561e-01,3.912596106529235840e-01,1.932026594877243042e-01,2.306277006864547729e-01,2.158598899841308594e-01,-3.444033563137054443e-01,4.397114515304565430e-01,-9.941483289003372192e-02,1.420345008373260498e-01,1.275274604558944702e-01,7.486385852098464966e-02,-2.175000496208667755e-02,-1.023274287581443787e-01,1.282441020011901855e-01,3.294473290443420410e-01,5.100250616669654846e-02,4.834977909922599792e-02,-2.941415309906005859e-01,6.810859441757202148e-01,1.016576141119003296e-01,1.083017289638519287e-01,6.670693308115005493e-02,-1.462264731526374817e-02,-7.633801549673080444e-02,1.899635344743728638e-01,7.524602115154266357e-02,-2.829871512949466705e-02,7.446188479661941528e-02,-3.142299056053161621e-01,-1.899544596672058105e-01
8.734364062547683716e-02,3.292271196842193604e-01,5.903495848178863525e-02,2.607756294310092926e-02,4.575060307979583740e-02,2.535334229469299316e-01,1.306702047586441040e-01,2.678452134132385254e-01,1.000000000000000000e+00,4.669132530689239502e-01,5.241756439208984375e-01,5.887169241905212402e-01,-8.182495948858559132e-04,1.645979434251785278e-01,5.690037012100219727e-01,1.244164407253265381e-01,1.140105500817298889e-01,2.140003070235252380e-02,1.245261207222938538e-01,1.103515550494194031e-01,3.480850020423531532e-03,-1.255741715431213379e-01,-3.710605576634407043e-02,-7.556011527776718140e-02,6.102972850203514099e-02,1.273194551467895508e-01,2.412077188491821289e-01,5.899339169263839722e-02,8.014415949583053589e-02,6.558135151863098145e-02,-1.040118187665939331e-02,1.595468819141387939e-01,2.675698995590209961e-01,-6.092865020036697388e-02,2.896004617214202881e-01,-6.914295256137847900e-02,2.133199572563171387e-01,1.931905597448348999e-01,2.503108382225036621e-01,-1.095114275813102722e-01,3.415796458721160889e-01,3.766804337501525879e-01,4.141015186905860901e-02,5.729548931121826172e-01,3.744188249111175537e-01,2.908312678337097168e-01,-3.490846231579780579e-02,3.370107710361480713e-02
-3.106013173237442970e-03,4.058972299098968506e-01,4.546418413519859314e-02,4.629564657807350159e-02,4.570420458912849426e-02,3.810635209083557129e-01,3.099599778652191162e-01,7.481219619512557983e-02,4.669132530689239502e-01,1.000000000000000000e+00,2.894989848136901855e-01,5.757867693901062012e-01,3.392555713653564453e-01,1.286862790584564209e-01,4.721142649650573730e-01,2.199658751487731934e-01,3.030587434768676758e-01,2.126303464174270630e-01,1.703226566314697266e-01,1.963086277246475220e-01,1.970454752445220947e-01,-8.849678188562393188e-02,-2.751635387539863586e-03,-9.512129426002502441e-02,5.451007559895515442e-02,1.874135583639144897e-01,1.670130789279937744e-01,-4.673194512724876404e-02,-2.589668333530426025e-02,3.881056979298591614e-02,3.887110576033592224e-02,-3.005580417811870575e-02,6.387360394001007080e-02,4.892813041806221008e-03,1.778221130371093750e-01,-5.407843273133039474e-03,1.091669276356697083e-01,2.160810232162475586e-01,2.009392082691192627e-01,-1.987949907779693604e-01,2.426160424947738647e-01,4.464082717895507812e-01,2.879847586154937744e-01,4.705870151519775391e-01,3.821242451667785645e-01,6.762589216232299805e-01,-2.598859369754791260e-02,-8.671773225069046021e-02
1.015869081020355225e-01,2.683557868003845215e-01,-4.116287082433700562e-02,-1.834261231124401093e-02,7.366590201854705811e-02,2.438116073608398438e-01,-1.961090788245201111e-02,4.915573894977569580e-01,5.241756439208984375e-01,2.894989848136901855e-01,1.000000000000000000e+00,4.030776321887969971e-01,-4.848812520503997803e-02,4.283342361450195312e-01,5.193637609481811523e-01,6.628494709730148315e-02,1.819479651749134064e-02,8.120654523372650146e-02,7.551320642232894897e-02,1.874999254941940308e-01,1.040557175874710083e-01,-1.308789253234863281e-01,-1.843549162149429321e-01,-1.845183372497558594e-01,5.149817094206809998e-02,-5.548797920346260071e-02,1.569017916917800903e-01,-1.565351337194442749e-02,1.419403590261936188e-02,-3.356900438666343689e-02,-1.059578806161880493e-01,1.698591746389865875e-02,4.001781940460205078e-01,3.247272968292236328e-02,1.183603033423423767e-01,-2.212270647287368774e-01,3.352581560611724854e-01,7.538042217493057251e-02,2.220866084098815918e-01,-1.105500534176826477e-01,2.198184281587600708e-01,1.793132126331329346e-01,-4.053057637065649033e-03,3.939048647880554199e-01,2.017881274223327637e-01,1.534761041402816772e-01,-1.458575576543807983e-01,-6.743201613426208496e-02
-8.257888257503509521e-03,4.891505241394042969e-01,-4.014410078525543213e-02,-1.541209965944290161e-02,2.100803516805171967e-02,4.105319082736968994e-01,2.378452122211456299e-01,-2.500754781067371368e-02,5.887169241905212402e-01,5.757867693901062012e-01,4.030776321887969971e-01,1.000000000000000000e+00,9.777531772851943970e-02,-5.382634326815605164e-02,7.229356169700622559e-01,2.742097377777099609e-01,2.254419177770614624e-01,2.322731018066406250e-01,-4.482148215174674988e-03,2.547729946672916412e-02,1.295039206743240356e-01,-1.196715533733367920e-01,-1.620496958494186401e-01,2.578787738457322121e-03,-5.037434399127960205e-02,1.441335231065750122e-01,2.213413417339324951e-01,-9.120577573776245117e-02,-2.095889672636985779e-02,1.043976098299026489e-01,2.187456935644149780e-02,-4.553860425949096680e-02,2.212560027837753296e-01,6.829074770212173462e-02,2.614275515079498291e-01,1.458689197897911072e-02,5.856423079967498779e-02,2.795442342758178711e-01,3.276279866695404053e-01,-2.276734560728073120e-01,3.689063787460327148e-01,5.367851257324218750e-01,5.043988302350044250e-02,6.217136383056640625e-01,5.213410258293151855e-01,4.145967960357666016e-01,6.031556800007820129e-02,7.266823947429656982e-02
1.059114485979080200e-01,2.777402102947235107e-01,1.041642501950263977e-01,2.430151849985122681e-01,2.949716746807098389e-01,3.236781954765319824e-01,2.351766377687454224e-01,1.459872871637344360e-01,-8.182495948858559132e-04,3.392555713653564453e-01,-4.848812520503997803e-02,9.777531772851943970e-02,1.000000000000000000e+00,1.515389680862426758e-01,-2.275694161653518677e-02,5.637328028678894043e-01,3.674897253513336182e-01,2.615460753440856934e-01,3.441633582115173340e-01,3.492431044578552246e-01,3.961247205734252930e-01,1.259325891733169556e-01,2.714718878269195557e-01,-1.908698230981826782e-01,4.724718630313873291e-01,5.415881797671318054e-02,1.430878937244415283e-01,1.432318836450576782e-01,4.679639637470245361e-02,-7.274224888533353806e-03,4.934682976454496384e-03,-1.524548381567001343e-01,1.854298263788223267e-02,1.063327416777610779e-01,1.489268708974123001e-02,4.051372781395912170e-02,2.955398857593536377e-01,5.389752797782421112e-03,8.259359747171401978e-02,-6.967260688543319702e-02,1.709539890289306641e-01,1.927667558193206787e-01,5.385284423828125000e-01,1.652708202600479126e-01,1.535274088382720947e-01,4.833545386791229248e-01,-1.566126644611358643e-01,-1.608302444219589233e-01
1.439915299415588379e-01,2.122559212148189545e-02,3.600475937128067017e-02,6.401696056127548218e-02,1.560558527708053589e-01,4.164399951696395874e-02,-9.076046943664550781e-02,6.411125063896179199e-01,1.645979434251785278e-01,1.286862790584564209e-01,4.283342361450195312e-01,-5.382634326815605164e-02,1.515389680862426758e-01,1.000000000000000000e+00,3.279401361942291260e-02,3.097625821828842163e-02,4.783662152476608753e-04,-2.296929620206356049e-02,1.512174457311630249e-01,2.517511546611785889e-01,9.496317058801651001e-02,5.903784930706024170e-02,4.656676575541496277e-02,-2.735475301742553711e-01,2.620498239994049072e-01,-3.071222454309463501e-02,5.533417686820030212e-02,7.516150921583175659e-02,1.764054223895072937e-02,-1.093188300728797913e-01,-1.411807388067245483e-01,1.447846591472625732e-01,6.484761089086532593e-02,-7.362496852874755859e-02,9.344623424112796783e-03,-2.369520664215087891e-01,5.101528167724609375e-01,-1.021163836121559143e-01,6.689540110528469086e-03,-3.289864212274551392e-02,-1.531280670315027237e-02,-7.564663141965866089e-02,1.777985990047454834e-01,4.569247830659151077e-03,-1.455895602703094482e-02,1.172093823552131653e-01,-2.110570818185806274e-01,-1.912594735622406006e-01
-4.493296146392822266e-02,3.332926034927368164e-01,-5.759876593947410583e-02,-9.144773334264755249e-02,-9.767939336597919464e-03,2.878230214118957520e-01,1.776345670223236084e-01,1.178102195262908936e-01,5.690037012100219727e-01,4.721142649650573730e-01,5.193637609481811523e-01,7.229356169700622559e-01,-2.275694161653518677e-02,3.279401361942291260e-02,1.000000000000000000e+00,2.228530496358871460e-01,2.045975476503372192e-01,1.496911644935607910e-01,2.591758593916893005e-02,5.905859917402267456e-02,1.335812807083129883e-01,-9.121516346931457520e-02,-1.107230037450790405e-01,4.984152689576148987e-02,-3.194213286042213440e-02,1.219812631607055664e-01,2.582113146781921387e-01,-1.227753087878227234e-01,-9.745296835899353027e-02,1.038771029561758041e-02,6.087203323841094971e-02,-5.830039083957672119e-02,2.878684103488922119e-01,3.950390219688415527e-02,1.542437076568603516e-01,5.410074442625045776e-02,1.752392947673797607e-01,4.019380509853363037e-01,3.082071840763092041e-01,-8.713472634553909302e-02,2.222690433263778687e-01,3.901513218879699707e-01,-2.487556077539920807e-02,5.198451280593872070e-01,4.063974022865295410e-01,3.118931949138641357e-01,8.052851259708404541e-02,1.058468967676162720e-01
1.606681942939758301e-01,2.769407331943511963e-01,8.849499374628067017e-02,1.822086423635482788e-01,3.182235062122344971e-01,4.512913823127746582e-01,1.858673095703125000e-01,1.388157308101654053e-01,1.244164407253265381e-01,2.199658751487731934e-01,6.628494709730148315e-02,2.742097377777099609e-01,5.637328028678894043e-01,3.097625821828842163e-02,2.228530496358871460e-01,1.000000000000000000e+00,3.296506404876708984e-01,3.179899752140045166e-01,3.751499950885772705e-01,2.537730634212493896e-01,3.124824762344360352e-01,7.594667375087738037e-02,-1.085664611309766769e-02,-1.027703359723091125e-01,4.041171669960021973e-01,1.114720776677131653e-01,3.531954884529113770e-01,1.618484854698181152e-01,8.434449136257171631e-02,6.904109381139278412e-03,1.703083515167236328e-02,-1.291444152593612671e-01,2.560763061046600342e-01,1.163822486996650696e-01,6.112609058618545532e-02,2.182371541857719421e-02,3.467907309532165527e-01,8.978826552629470825e-02,4.003737568855285645e-01,-1.076465398073196411e-01,2.929754257202148438e-01,3.114056289196014404e-01,3.450966179370880127e-01,3.680610358715057373e-01,2.726430296897888184e-01,3.294420838356018066e-01,-6.651062518358230591e-02,-4.082889482378959656e-02
-4.190791249275207520e-01,3.098933398723602295e-01,-2.050108164548873901e-01,-2.285770624876022339e-01,-1.603319495916366577e-01,7.719583064317703247e-02,6.571689844131469727e-01,1.335791200399398804e-01,1.140105500817298889e-01,3.030587434768676758e-01,1.819479651749134064e-02,2.254419177770614624e-01,3.674897253513336182e-01,4.783662152476608753e-04,2.045975476503372192e-01,3.296506404876708984e-01,1.000000000000000000e+00,5.275684595108032227e-01,4.722479283809661865e-01,4.431155622005462646e-01,4.732141792774200439e-01,2.800897359848022461e-01,3.053011894226074219e-01,-5.429147556424140930e-02,1.073564365506172180e-01,1.600192040205001831e-01,2.341318689286708832e-02,-3.329060077667236328e-01,-2.744556963443756104e-01,3.840957581996917725e-01,4.257289767265319824e-01,-1.320505421608686447e-02,2.589730173349380493e-02,3.327892720699310303e-01,-4.889548197388648987e-02,2.326966375112533569e-01,2.785685062408447266e-01,3.907655477523803711e-01,4.435624778270721436e-01,5.764984712004661560e-02,-2.552461624145507812e-02,2.937472164630889893e-01,1.757229417562484741e-01,2.785860300064086914e-01,1.793465465307235718e-01,4.188364446163177490e-01,-1.084570214152336121e-02,-1.036779209971427917e-01
-1.814783960580825806e-01,2.549312412738800049e-01,-1.766916513442993164e-01,-6.987047940492630005e-02,4.588400572538375854e-02,2.736101150512695312e-01,3.191152513027191162e-01,3.080639056861400604e-02,2.140003070235252380e-02,2.126303464174270630e-01,8.120654523372650146e-02,2.322731018066406250e-01,2.615460753440856934e-01,-2.296929620206356049e-02,1.496911644935607910e-01,3.179899752140045166e-01,5.275684595108032227e-01,1.000000000000000000e+00,1.636917889118194580e-01,2.725472450256347656e-01,4.791349768638610840e-01,2.689118981361389160e-01,1.710897870361804962e-02,8.946539834141731262e-03,-5.430438369512557983e-02,-2.715615322813391685e-03,4.389834031462669373e-02,-2.121466845273971558e-01,-1.215737760066986084e-01,2.409136146306991577e-01,3.696522414684295654e-01,-1.271810680627822876e-01,9.222440421581268311e-02,2.068336009979248047e-01,-2.881113812327384949e-02,7.255925238132476807e-02,1.804838031530380249e-01,1.027276515960693359e-01,4.082975387573242188e-01,-9.115076973102986813e-04,1.161132603883743286e-01,2.452882677316665649e-01,1.943447887897491455e-01,1.860229671001434326e-01,1.485227495431900024e-01,3.160221576690673828e-01,9.653284400701522827e-02,1.904752552509307861e-01
-2.935501188039779663e-02,9.305056929588317871e-02,7.672073692083358765e-02,5.493721365928649902e-02,7.712698727846145630e-02,1.457791216671466827e-02,2.951897382736206055e-01,3.373784720897674561e-01,1.245261207222938538e-01,1.703226566314697266e-01,7.551320642232894897e-02,-4.482148215174674988e-03,3.441633582115173340e-01,1.512174457311630249e-01,2.591758593916893005e-02,3.751499950885772705e-01,4.722479283809661865e-01,1.636917889118194580e-01,1.000000000000000000e+00,7.404167652130126953e-01,5.835467576980590820e-01,2.094204276800155640e-01,2.316048294305801392e-01,-3.129527866840362549e-01,2.274317741394042969e-01,8.859798312187194824e-02,-9.640747308731079102e-02,2.643609652295708656e-03,-9.044522792100906372e-02,4.665981233119964600e-02,-6.440947204828262329e-02,-7.339916378259658813e-02,-1.306548714637756348e-02,8.624894917011260986e-02,-7.172875851392745972e-02,-1.272373050451278687e-01,4.260455667972564697e-01,1.328748166561126709e-01,2.657502591609954834e-01,4.119664803147315979e-02,7.553314324468374252e-03,1.023395173251628876e-02,3.260201811790466309e-01,1.042899414896965027e-01,-1.033303886651992798e-02,2.212015092372894287e-01,-3.036783933639526367e-01,-2.554222941398620605e-01
-1.266162283718585968e-02,1.850102245807647705e-01,1.421791166067123413e-01,1.430327445268630981e-01,1.175183579325675964e-01,4.238471761345863342e-02,3.072117269039154053e-01,3.912596106529235840e-01,1.103515550494194031e-01,1.963086277246475220e-01,1.874999254941940308e-01,2.547729946672916412e-02,3.492431044578552246e-01,2.517511546611785889e-01,5.905859917402267456e-02,2.537730634212493896e-01,4.431155622005462646e-01,2.725472450256347656e-01,7.404167652130126953e-01,1.000000000000000000e+00,7.480140328407287598e-01,3.180939853191375732e-01,2.885614633560180664e-01,-3.183343112468719482e-01,1.500240266323089600e-01,-2.733477391302585602e-02,-1.369021981954574585e-01,2.391658164560794830e-02,-3.553064540028572083e-02,7.394623756408691406e-02,-1.182442903518676758e-02,-1.096516177058219910e-01,-4.143893718719482422e-02,-3.828392829746007919e-03,-6.297077238559722900e-02,-1.661909818649291992e-01,4.420869052410125732e-01,1.311887651681900024e-01,2.858751714229583740e-01,1.611321419477462769e-01,5.829982459545135498e-02,3.433188796043395996e-02,4.201508164405822754e-01,1.016791015863418579e-01,2.644546329975128174e-02,2.257685810327529907e-01,-3.095566630363464355e-01,-1.655213534832000732e-01
-3.305311501026153564e-02,1.864805817604064941e-01,1.001033186912536621e-01,1.486887633800506592e-01,1.102505773305892944e-01,1.212738528847694397e-01,2.895812988281250000e-01,1.932026594877243042e-01,3.480850020423531532e-03,1.970454752445220947e-01,1.040557175874710083e-01,1.295039206743240356e-01,3.961247205734252930e-01,9.496317058801651001e-02,1.335812807083129883e-01,3.124824762344360352e-01,4.732141792774200439e-01,4.791349768638610840e-01,5.835467576980590820e-01,7.480140328407287598e-01,1.000000000000000000e+00,3.783315718173980713e-01,3.027451336383819580e-01,-2.279777079820632935e-01,7.811335474252700806e-02,-4.628154262900352478e-02,-1.512290090322494507e-01,-6.106310337781906128e-02,-9.050090610980987549e-02,1.771209575235843658e-02,4.615849629044532776e-02,-2.477403730154037476e-01,-4.871434345841407776e-02,4.330291971564292908e-02,-1.154624000191688538e-01,-1.054860353469848633e-01,3.233939409255981445e-01,8.541437238454818726e-02,2.917129695415496826e-01,1.242578476667404175e-01,8.729222416877746582e-02,8.046649396419525146e-02,3.713338077068328857e-01,8.163917809724807739e-02,3.077482804656028748e-02,2.531559467315673828e-01,-2.240662276744842529e-01,-3.549955040216445923e-02
1.273271162062883377e-02,-7.523452490568161011e-02,6.310760974884033203e-02,1.400573849678039551e-01,1.518687754869461060e-01,-1.013571843504905701e-01,9.784078598022460938e-02,2.306277006864547729e-01,-1.255741715431213379e-01,-8.849678188562393188e-02,-1.308789253234863281e-01,-1.196715533733367920e-01,1.259325891733169556e-01,5.903784930706024170e-02,-9.121516346931457520e-02,7.594667375087738037e-02,2.800897359848022461e-01,2.689118981361389160e-01,2.094204276800155640e-01,3.180939853191375732e-01,3.783315718173980713e-01,1.000000000000000000e+00,4.088476300239562988e-01,-1.871229112148284912e-01,2.431774884462356567e-01,-9.945620596408843994e-02,4.481127485632896423e-03,6.049182265996932983e-02,-3.792815376073122025e-03,2.017430216073989868e-02,1.891100257635116577e-01,3.084773719310760498e-01,-3.097767010331153870e-02,1.285926550626754761e-01,-1.770182549953460693e-01,-9.840746968984603882e-02,2.474589347839355469e-01,1.084313020110130310e-01,-2.096384018659591675e-02,2.610036730766296387e-01,-1.725635677576065063e-01,-6.443046778440475464e-02,2.189367264509201050e-01,-1.733653098344802856e-01,2.451474592089653015e-02,6.803937256336212158e-02,-1.806738525629043579e-01,1.080309525132179260e-01
-6.995091587305068970e-02,-7.403220981359481812e-02,5.968038365244865417e-02,5.955268070101737976e-02,4.361807554960250854e-02,-2.943949699401855469e-01,1.357476711273193359e-01,2.158598899841308594e-01,-3.710605576634407043e-02,-2.751635387539863586e-03,-1.843549162149429321e-01,-1.620496958494186401e-01,2.714718878269195557e-01,4.656676575541496277e-02,-1.107230037450790405e-01,-1.085664611309766769e-02,3.053011894226074219e-01,1.710897870361804962e-02,2.316048294305801392e-01,2.885614633560180664e-01,3.027451336383819580e-01,4.088476300239562988e-01,1.000000000000000000e+00,-9.974533692002296448e-03,2.601902782917022705e-01,-2.474230341613292694e-02,-1.064594388008117676e-01,7.073563337326049805e-02,-5.459536332637071609e-03,1.381076276302337646e-01,2.073146849870681763e-01,8.282707631587982178e-02,-9.824424237012863159e-02,1.337230205535888672e-01,-6.093677878379821777e-02,1.834840178489685059e-01,2.293632626533508301e-01,1.703006774187088013e-01,-6.515397876501083374e-02,3.998561799526214600e-01,-2.163958400487899780e-01,-1.396807134151458740e-01,2.425526231527328491e-01,-1.829364299774169922e-01,-1.481130421161651611e-01,9.853759407997131348e-02,-6.078325584530830383e-02,1.478467881679534912e-01
-1.068658679723739624e-01,5.988597124814987183e-02,-1.204644292593002319e-01,-9.030256420373916626e-02,3.896028548479080200e-02,7.332533597946166992e-02,8.192789554595947266e-02,-3.444033563137054443e-01,-7.556011527776718140e-02,-9.512129426002502441e-02,-1.845183372497558594e-01,2.578787738457322121e-03,-1.908698230981826782e-01,-2.735475301742553711e-01,4.984152689576148987e-02,-1.027703359723091125e-01,-5.429147556424140930e-02,8.946539834141731262e-03,-3.129527866840362549e-01,-3.183343112468719482e-01,-2.279777079820632935e-01,-1.871229112148284912e-01,-9.974533692002296448e-03,1.000000000000000000e+00,-2.588204741477966309e-01,1.351265907287597656e-01,9.389669448137283325e-02,-1.086060032248497009e-01,3.345429897308349609e-03,2.256384938955307007e-01,5.323273539543151855e-01,9.094151854515075684e-02,4.166546463966369629e-02,1.165144219994544983e-01,3.906286880373954773e-02,6.757280230522155762e-01,-3.560682535171508789e-01,2.103881686925888062e-01,8.092763274908065796e-02,3.849360346794128418e-01,7.333896309137344360e-02,7.939078658819198608e-02,-5.293286591768264771e-02,1.075783371925354004e-02,7.823317311704158783e-03,-4.729617387056350708e-02,8.087825179100036621e-01,5.284557938575744629e-01
3.906656205654144287e-01,9.646792709827423096e-02,2.468892335891723633e-01,3.363044559955596924e-01,3.929219841957092285e-01,1.399588584899902344e-01,3.723135963082313538e-02,4.397114515304565430e-01,6.102972850203514099e-02,5.451007559895515442e-02,5.149817094206809998e-02,-5.037434399127960205e-02,4.724718630313873291e-01,2.620498239994049072e-01,-3.194213286042213440e-02,4.041171669960021973e-01,1.073564365506172180e-01,-5.430438369512557983e-02,2.274317741394042969e-01,1.500240266323089600e-01,7.811335474252700806e-02,2.431774884462356567e-01,2.601902782917022705e-01,-2.588204741477966309e-01,1.000000000000000000e+00,-8.929421752691268921e-02,3.707353770732879639e-01,4.403889775276184082e-01,2.755180001258850098e-01,-6.765264272689819336e-02,-1.374916434288024902e-01,1.183464303612709045e-01,2.648211717605590820e-01,1.037249807268381119e-02,2.396056056022644043e-02,-1.733158379793167114e-01,4.074713587760925293e-01,6.776356697082519531e-02,-7.541862875223159790e-02,-3.783499822020530701e-02,1.333256065845489502e-01,5.722238495945930481e-02,3.205642402172088623e-01,7.511309534311294556e-02,8.432823419570922852e-02,1.252987682819366455e-01,-2.508492767810821533e-01,-1.724018156528472900e-01
-7.800150662660598755e-02,3.383818641304969788e-02,1.289248019456863403e-01,-5.897986143827438354e-02,-6.235874071717262268e-02,7.384337484836578369e-02,1.579867452383041382e-01,-9.941483289003372192e-02,1.273194551467895508e-01,1.874135583639144897e-01,-5.548797920346260071e-02,1.441335231065750122e-01,5.415881797671318054e-02,-3.071222454309463501e-02,1.219812631607055664e-01,1.114720776677131653e-01,1.600192040205001831e-01,-2.715615322813391685e-03,8.859798312187194824e-02,-2.733477391302585602e-02,-4.628154262900352478e-02,-9.945620596408843994e-02,-2.474230341613292694e-02,1.351265907287597656e-01,-8.929421752691268921e-02,1.000000000000000000e+00,7.959110289812088013e-02,-5.943321064114570618e-02,-4.903450235724449158e-02,2.297292836010456085e-02,9.325157850980758667e-02,6.832639127969741821e-02,-5.170108750462532043e-02,-6.266893353313207626e-03,2.511796914041042328e-02,1.616264432668685913e-01,4.009597003459930420e-02,2.030801028013229370e-02,6.351416558027267456e-02,-5.299052968621253967e-02,6.394995003938674927e-02,1.125030815601348877e-01,-8.342272788286209106e-02,1.029535457491874695e-01,1.223051846027374268e-01,1.509809046983718872e-01,1.526217460632324219e-01,3.850581869482994080e-02
3.630406856536865234e-01,3.448067009449005127e-01,1.981011778116226196e-01,2.705237865447998047e-01,3.095431029796600342e-01,4.235696196556091309e-01,5.665947496891021729e-02,1.420345008373260498e-01,2.412077188491821289e-01,1.670130789279937744e-01,1.569017916917800903e-01,2.213413417339324951e-01,1.430878937244415283e-01,5.533417686820030212e-02,2.582113146781921387e-01,3.531954884529113770e-01,2.341318689286708832e-02,4.389834031462669373e-02,-9.640747308731079102e-02,-1.369021981954574585e-01,-1.512290090322494507e-01,4.481127485632896423e-03,-1.064594388008117676e-01,9.389669448137283325e-02,3.707353770732879639e-01,7.959110289812088013e-02,1.000000000000000000e+00,3.750751316547393799e-01,4.090646803379058838e-01,5.249062180519104004e-02,1.160577982664108276e-01,1.530928313732147217e-01,5.425078272819519043e-01,-2.014550380408763885e-02,2.856758534908294678e-01,1.148836687207221985e-01,8.899245411157608032e-02,2.098779827356338501e-01,1.720843166112899780e-01,-5.254952702671289444e-03,4.057907462120056152e-01,3.528845906257629395e-01,1.273737400770187378e-01,3.458993732929229736e-01,4.612392783164978027e-01,2.223713099956512451e-01,1.301509290933609009e-01,8.097553253173828125e-02
7.782621979713439941e-01,6.644402444362640381e-02,6.360955238342285156e-01,7.259415388107299805e-01,5.825804471969604492e-01,2.594300210475921631e-01,-2.526417970657348633e-01,1.275274604558944702e-01,5.899339169263839722e-02,-4.673194512724876404e-02,-1.565351337194442749e-02,-9.120577573776245117e-02,1.432318836450576782e-01,7.516150921583175659e-02,-1.227753087878227234e-01,1.618484854698181152e-01,-3.329060077667236328e-01,-2.121466845273971558e-01,2.643609652295708656e-03,2.391658164560794830e-02,-6.106310337781906128e-02,6.049182265996932983e-02,7.073563337326049805e-02,-1.086060032248497009e-01,4.403889775276184082e-01,-5.943321064114570618e-02,3.750751316547393799e-01,1.000000000000000000e+00,7.665135264396667480e-01,-1.472725868225097656e-01,-2.251753658056259155e-01,8.759773336350917816e-03,2.706686556339263916e-01,-2.543262541294097900e-01,1.960905194282531738e-01,-1.682622283697128296e-01,7.581701874732971191e-02,-1.576020568609237671e-01,-1.368151307106018066e-01,1.412651091814041138e-01,4.075068831443786621e-01,1.444712560623884201e-02,3.182384371757507324e-01,-2.527271583676338196e-02,1.389738619327545166e-01,-6.714554876089096069e-02,-1.338715106248855591e-01,1.876657269895076752e-02
6.733989119529724121e-01,1.924370676279067993e-01,5.033382773399353027e-01,6.251980066299438477e-01,4.924505650997161865e-01,2.926974296569824219e-01,-1.640816479921340942e-01,7.486385852098464966e-02,8.014415949583053589e-02,-2.589668333530426025e-02,1.419403590261936188e-02,-2.095889672636985779e-02,4.679639637470245361e-02,1.764054223895072937e-02,-9.745296835899353027e-02,8.434449136257171631e-02,-2.744556963443756104e-01,-1.215737760066986084e-01,-9.044522792100906372e-02,-3.553064540028572083e-02,-9.050090610980987549e-02,-3.792815376073122025e-03,-5.459536332637071609e-03,3.345429897308349609e-03,2.755180001258850098e-01,-4.903450235724449158e-02,4.090646803379058838e-01,7.665135264396667480e-01,1.000000000000000000e+00,7.422923296689987183e-02,-8.544012159109115601e-02,3.935458883643150330e-02,3.096166551113128662e-01,-2.191633135080337524e-01,3.007073104381561279e-01,-6.150022149085998535e-02,-2.863642759621143341e-02,-7.630872726440429688e-02,1.703845337033271790e-02,1.653013825416564941e-01,4.654940366744995117e-01,1.044736504554748535e-01,2.445884048938751221e-01,7.135595381259918213e-02,1.837349832057952881e-01,-6.251188367605209351e-02,-3.743506222963333130e-02,5.149491876363754272e-02
-3.351521193981170654e-01,2.138887941837310791e-01,-2.179348468780517578e-01,-1.798502802848815918e-01,-1.440505683422088623e-01,1.354758627712726593e-02,4.357641339302062988e-01,-2.175000496208667755e-02,6.558135151863098145e-02,3.881056979298591614e-02,-3.356900438666343689e-02,1.043976098299026489e-01,-7.274224888533353806e-03,-1.093188300728797913e-01,1.038771029561758041e-02,6.904109381139278412e-03,3.840957581996917725e-01,2.409136146306991577e-01,4.665981233119964600e-02,7.394623756408691406e-02,1.771209575235843658e-02,2.017430216073989868e-02,1.381076276302337646e-01,2.256384938955307007e-01,-6.765264272689819336e-02,2.297292836010456085e-02,5.249062180519104004e-02,-1.472725868225097656e-01,7.422923296689987183e-02,1.000000000000000000e+00,4.943709969520568848e-01,1.122884526848793030e-01,2.534252032637596130e-02,2.539157867431640625e-01,1.071050837635993958e-01,3.444317579269409180e-01,4.520766437053680420e-02,2.845171391963958740e-01,3.948169350624084473e-01,1.304248571395874023e-01,-3.401954844594001770e-02,2.033950090408325195e-01,-1.065515540540218353e-02,1.264682114124298096e-01,1.096482947468757629e-01,6.022106483578681946e-02,2.680150568485260010e-01,3.977559879422187805e-02
-3.219013214111328125e-01,1.767717301845550537e-01,-2.623708546161651611e-01,-2.130159288644790649e-01,-9.350185841321945190e-02,1.289779506623744965e-02,3.629637360572814941e-01,-1.023274287581443787e-01,-1.040118187665939331e-02,3.887110576033592224e-02,-1.059578806161880493e-01,2.187456935644149780e-02,4.934682976454496384e-03,-1.411807388067245483e-01,6.087203323841094971e-02,1.703083515167236328e-02,4.257289767265319824e-01,3.696522414684295654e-01,-6.440947204828262329e-02,-1.182442903518676758e-02,4.615849629044532776e-02,1.891100257635116577e-01,2.073146849870681763e-01,5.323273539543151855e-01,-1.374916434288024902e-01,9.325157850980758667e-02,1.160577982664108276e-01,-2.251753658056259155e-01,-8.544012159109115601e-02,4.943709969520568848e-01,1.000000000000000000e+00,2.341897934675216675e-01,4.068576544523239136e-02,2.884300649166107178e-01,-1.610152050852775574e-02,6.205617189407348633e-01,-7.533214986324310303e-02,3.172883987426757812e-01,3.139782845973968506e-01,4.089984595775604248e-01,-1.144936773926019669e-02,1.209959015250205994e-01,5.584522336721420288e-02,9.751319885253906250e-02,6.932535022497177124e-02,1.645189225673675537e-01,5.594961643218994141e-01,2.985947132110595703e-01
-2.290324494242668152e-02,-1.086605153977870941e-02,-2.880882285535335541e-02,-6.760457903146743774e-02,-2.768634259700775146e-02,-7.861234992742538452e-02,-1.412170007824897766e-02,1.282441020011901855e-01,1.595468819141387939e-01,-3.005580417811870575e-02,1.698591746389865875e-02,-4.553860425949096680e-02,-1.524548381567001343e-01,1.447846591472625732e-01,-5.830039083957672119e-02,-1.291444152593612671e-01,-1.320505421608686447e-02,-1.271810680627822876e-01,-7.339916378259658813e-02,-1.096516177058219910e-01,-2.477403730154037476e-01,3.084773719310760498e-01,8.282707631587982178e-02,9.094151854515075684e-02,1.183464303612709045e-01,6.832639127969741821e-02,1.530928313732147217e-01,8.759773336350917816e-03,3.935458883643150330e-02,1.122884526848793030e-01,2.341897934675216675e-01,1.000000000000000000e+00,1.615757937543094158e-03,6.029953807592391968e-02,-2.819764614105224609e-02,2.227064035832881927e-02,4.450003802776336670e-02,9.117213194258511066e-04,-4.191665351390838623e-02,6.060286238789558411e-02,-3.937767818570137024e-02,3.011000342667102814e-02,-4.421415925025939941e-02,5.429657921195030212e-02,1.285072416067123413e-01,3.259586170315742493e-02,1.894828081130981445e-01,1.041034460067749023e-01
