1.000000000000000000e+00,5.984432697296142578e-01,3.842931985855102539e-01,5.127441883087158203e-01,6.937042474746704102e-01,6.314452290534973145e-01,4.902461767196655273e-01,3.603819608688354492e-01,5.812034606933593750e-01,5.864307880401611328e-01,4.941383600234985352e-01,5.632771253585815430e-01,5.763952732086181641e-01,4.243326783180236816e-01,5.450588464736938477e-01,5.804249048233032227e-01,4.361941814422607422e-01,3.402309119701385498e-01,5.761796236038208008e-01,5.373887419700622559e-01,5.509639382362365723e-01,4.476135373115539551e-01,4.985252320766448975e-01,5.263560414314270020e-01,5.929335355758666992e-01,3.361267745494842529e-01,5.602394342422485352e-01,7.525944113731384277e-01,7.013006806373596191e-01,5.965017676353454590e-01,5.410515069961547852e-01,4.813640713691711426e-01,5.675176978111267090e-01,1.630785614252090454e-01,2.890280783176422119e-01,4.184453487396240234e-01,1.298528760671615601e-01,2.894303500652313232e-01,4.981468915939331055e-01,4.276930391788482666e-01,5.983499288558959961e-01,6.306791901588439941e-01,6.528675556182861328e-01,3.119140267372131348e-01,4.837206602096557617e-01,6.003832817077636719e-01,5.142081975936889648e-01,4.348407387733459473e-01
5.984432697296142578e-01,1.000000000000000000e+00,1.167858466506004333e-01,2.508706748485565186e-01,7.321782112121582031e-01,6.882153153419494629e-01,2.733091711997985840e-01,5.533823370933532715e-01,6.653646826744079590e-01,7.543385028839111328e-01,6.008098721504211426e-01,6.813196539878845215e-01,7.415904998779296875e-01,4.482921361923217773e-01,5.579736828804016113e-01,6.891256570816040039e-01,2.000937908887863159e-01,1.824991554021835327e-01,4.312266111373901367e-01,5.190969705581665039e-01,5.238251090049743652e-01,3.917920291423797607e-01,6.588883399963378906e-01,6.717832088470458984e-01,6.048399806022644043e-01,7.358451187610626221e-02,4.373054206371307373e-01,5.047470927238464355e-01,5.621985197067260742e-01,4.215978682041168213e-01,3.384386897087097168e-01,4.435892403125762939e-01,4.134644865989685059e-01,1.152128055691719055e-01,4.001446068286895752e-01,6.049184203147888184e-01,3.253290057182312012e-01,3.144574463367462158e-01,5.086501836776733398e-01,5.462743639945983887e-01,7.410755753517150879e-01,7.186999320983886719e-01,6.279028654098510742e-01,7.399103641510009766e-01,7.497463226318359375e-01,7.559448480606079102e-01,5.917770266532897949e-01,5.116878747940063477e-01
3.842931985855102539e-01,1.167858466506004333e-01,1.000000000000000000e+00,8.376483321189880371e-01,3.170622289180755615e-01,4.545759558677673340e-01,8.535997867584228516e-01,6.442184001207351685e-02,5.511109903454780579e-02,3.688794746994972229e-02,-2.777868509292602539e-02,-6.185537949204444885e-02,8.963117748498916626e-02,1.910015046596527100e-01,2.668829560279846191e-01,1.530775278806686401e-01,8.515720367431640625e-01,7.954038977622985840e-01,6.699516773223876953e-01,6.112915873527526855e-01,5.511322617530822754e-01,5.270973443984985352e-01,8.761294186115264893e-02,1.962762475013732910e-01,-2.277847379446029663e-02,8.668883442878723145e-01,5.395631492137908936e-02,6.651203632354736328e-01,6.486833691596984863e-01,7.019461989402770996e-01,6.774440407752990723e-01,4.601640403270721436e-01,2.129440903663635254e-01,1.596133112907409668e-01,1.207115128636360168e-02,-4.873735085129737854e-02,1.141594443470239639e-02,1.363500803709030151e-01,9.356303513050079346e-02,7.595900446176528931e-02,1.844352036714553833e-01,3.082234561443328857e-01,5.158807039260864258e-01,-7.846544682979583740e-02,3.105254843831062317e-02,1.469601988792419434e-01,2.558315694332122803e-01,2.706037163734436035e-01
5.127441883087158203e-01,2.508706748485565186e-01,8.376483321189880371e-01,1.000000000000000000e+00,4.548770785331726074e-01,5.850040316581726074e-01,8.689314723014831543e-01,1.287319660186767578e-01,1.750889718532562256e-01,1.840015351772308350e-01,3.863777220249176025e-02,3.072867728769779205e-02,2.188703864812850952e-01,2.291471958160400391e-01,2.850556969642639160e-01,2.585018575191497803e-01,8.473407030105590820e-01,7.784546017646789551e-01,7.800295352935791016e-01,7.230194807052612305e-01,6.495899558067321777e-01,5.926747322082519531e-01,2.164653688669204712e-01,3.028183281421661377e-01,2.581153623759746552e-02,8.028999567031860352e-01,8.135132491588592529e-02,7.072709202766418457e-01,7.096835970878601074e-01,7.418327927589416504e-01,7.042846679687500000e-01,5.328266620635986328e-01,2.119311392307281494e-01,1.040102168917655945e-01,6.331888493150472641e-03,9.661962836980819702e-02,1.280150469392538071e-02,1.003822535276412964e-01,1.695742160081863403e-01,1.860671788454055786e-01,3.334525227546691895e-01,4.486152231693267822e-01,6.362724900245666504e-01,5.000776425004005432e-02,1.652391403913497925e-01,2.909378111362457275e-01,3.661463856697082520e-01,3.385202586650848389e-01
6.937042474746704102e-01,7.321782112121582031e-01,3.170622289180755615e-01,4.548770785331726074e-01,1.000000000000000000e+00,8.424502015113830566e-01,4.623664021492004395e-01,5.315882563591003418e-01,7.106687426567077637e-01,7.217578887939453125e-01,5.933151245117187500e-01,6.495559215545654297e-01,7.642416357994079590e-01,4.459123909473419189e-01,5.527548789978027344e-01,6.706183552742004395e-01,3.752802014350891113e-01,3.517725467681884766e-01,6.065494418144226074e-01,6.382508873939514160e-01,6.488547921180725098e-01,5.384396910667419434e-01,6.699764132499694824e-01,6.004958152770996094e-01,5.335792303085327148e-01,2.356066703796386719e-01,3.834437429904937744e-01,6.343014836311340332e-01,6.587772369384765625e-01,5.657224059104919434e-01,4.614994227886199951e-01,5.264003276824951172e-01,4.149322807788848877e-01,2.028527557849884033e-01,3.731577396392822266e-01,5.416108369827270508e-01,2.687230110168457031e-01,3.397395908832550049e-01,4.337321817874908447e-01,5.132973194122314453e-01,7.933143973350524902e-01,8.059675693511962891e-01,7.179188132286071777e-01,4.772458374500274658e-01,5.225427746772766113e-01,6.665478944778442383e-01,5.516282916069030762e-01,5.421745777130126953e-01
6.314452290534973145e-01,6.882153153419494629e-01,4.545759558677673340e-01,5.850040316581726074e-01,8.424502015113830566e-01,1.000000000000000000e+00,5.877321958541870117e-01,4.727500975131988525e-01,5.813452005386352539e-01,6.218163967132568359e-01,4.766674935817718506e-01,5.114495754241943359e-01,6.950532197952270508e-01,4.141286611557006836e-01,4.936701655387878418e-01,5.978255867958068848e-01,5.180314183235168457e-01,4.958282113075256348e-01,7.160688638687133789e-01,7.461071014404296875e-01,7.321581840515136719e-01,6.184245944023132324e-01,6.149631738662719727e-01,5.773605704307556152e-01,4.059594273567199707e-01,3.636907637119293213e-01,2.781949639320373535e-01,6.678326129913330078e-01,7.168850302696228027e-01,6.568461656570434570e-01,5.501981973648071289e-01,5.663931369781494141e-01,3.386613428592681885e-01,1.878670603036880493e-01,3.289592862129211426e-01,4.741818308830261230e-01,2.469756305217742920e-01,2.888273000717163086e-01,3.502678871154785156e-01,4.539000689983367920e-01,7.638252973556518555e-01,7.962526679039001465e-01,7.702792286872863770e-01,4.585022330284118652e-01,4.926801919937133789e-01,6.296474337577819824e-01,5.451836585998535156e-01,5.521984100341796875e-01
4.902461767196655273e-01,2.733091711997985840e-01,8.535997867584228516e-01,8.689314723014831543e-01,4.623664021492004395e-01,5.877321958541870117e-01,1.000000000000000000e+00,1.640208661556243896e-01,2.159918546676635742e-01,2.257632762193679810e-01,6.691213697195053101e-02,6.175653263926506042e-02,2.461402118206024170e-01,2.493247687816619873e-01,3.275765180587768555e-01,2.794429361820220947e-01,8.796181678771972656e-01,8.183632493019104004e-01,7.860190868377685547e-01,7.458671927452087402e-01,6.748741269111633301e-01,6.289891004562377930e-01,2.523179948329925537e-01,3.533958196640014648e-01,4.351786896586418152e-02,8.266692161560058594e-01,9.233947098255157471e-02,7.098444104194641113e-01,7.235245108604431152e-01,7.596393227577209473e-01,7.402862310409545898e-01,5.905565619468688965e-01,2.329199463129043579e-01,1.546035856008529663e-01,6.488544493913650513e-02,1.104601994156837463e-01,3.608443960547447205e-02,1.223013922572135925e-01,1.719188690185546875e-01,1.993525922298431396e-01,3.270133137702941895e-01,4.601775407791137695e-01,6.507494449615478516e-01,7.854013890027999878e-02,1.873733550310134888e-01,3.314249515533447266e-01,4.082458019256591797e-01,3.963665962219238281e-01
3.603819608688354492e-01,5.533823370933532715e-01,6.442184001207351685e-02,1.287319660186767578e-01,5.315882563591003418e-01,4.727500975131988525e-01,1.640208661556243896e-01,1.000000000000000000e+00,5.698521137237548828e-01,4.806220233440399170e-01,7.007455229759216309e-01,6.113966703414916992e-01,5.883494615554809570e-01,7.188009023666381836e-01,6.052098274230957031e-01,6.321523189544677734e-01,1.303116530179977417e-01,2.143020927906036377e-01,2.891443669795989990e-01,3.372823297977447510e-01,3.949721157550811768e-01,4.046213626861572266e-01,5.381311774253845215e-01,3.405210673809051514e-01,3.544888198375701904e-01,1.548682432621717453e-02,2.087033838033676147e-01,2.932709753513336182e-01,3.172662854194641113e-01,3.127454519271850586e-01,2.957081496715545654e-01,3.593029081821441650e-01,2.315030694007873535e-01,3.462831676006317139e-01,2.599723637104034424e-01,3.638191521167755127e-01,6.116284728050231934e-01,4.680728316307067871e-01,4.243699908256530762e-01,4.178812205791473389e-01,5.467852354049682617e-01,4.864221811294555664e-01,3.899046182632446289e-01,4.327926635742187500e-01,3.029814660549163818e-01,3.507988154888153076e-01,3.348004817962646484e-01,4.395100474357604980e-01
5.812034606933593750e-01,6.653646826744079590e-01,5.511109903454780579e-02,1.750889718532562256e-01,7.106687426567077637e-01,5.813452005386352539e-01,2.159918546676635742e-01,5.698521137237548828e-01,1.000000000000000000e+00,7.895589470863342285e-01,6.949234008789062500e-01,7.964016795158386230e-01,7.976958751678466797e-01,4.572739005088806152e-01,5.663329362869262695e-01,7.337040901184082031e-01,1.387061923742294312e-01,1.787937134504318237e-01,3.845456540584564209e-01,4.458108544349670410e-01,5.223431587219238281e-01,4.775257110595703125e-01,7.558991909027099609e-01,6.222348213195800781e-01,5.508567094802856445e-01,-9.067332139238715172e-04,3.863131105899810791e-01,3.940879106521606445e-01,4.087711572647094727e-01,3.874878883361816406e-01,3.603951036930084229e-01,5.257295966148376465e-01,3.930632472038269043e-01,1.676105260848999023e-01,3.741598129272460938e-01,6.149997711181640625e-01,2.889740765094757080e-01,3.554823398590087891e-01,5.191750526428222656e-01,5.629839897155761719e-01,7.083631157875061035e-01,7.004978656768798828e-01,5.571712255477905273e-01,4.686752259731292725e-01,4.422952830791473389e-01,6.326103210449218750e-01,5.693328976631164551e-01,6.298487186431884766e-01
5.864307880401611328e-01,7.543385028839111328e-01,3.688794746994972229e-02,1.840015351772308350e-01,7.217578887939453125e-01,6.218163967132568359e-01,2.257632762193679810e-01,4.806220233440399170e-01,7.895589470863342285e-01,1.000000000000000000e+00,5.631391406059265137e-01,7.379390597343444824e-01,7.940359115600585938e-01,3.367846310138702393e-01,4.828387796878814697e-01,6.692676544189453125e-01,1.481509804725646973e-01,1.180521547794342041e-01,4.128054976463317871e-01,5.020673274993896484e-01,5.171043276786804199e-01,3.963044583797454834e-01,7.246955037117004395e-01,7.220554947853088379e-01,5.603098273277282715e-01,-4.886029288172721863e-03,3.676800429821014404e-01,4.183787107467651367e-01,4.638034403324127197e-01,3.653356134891510010e-01,3.053404986858367920e-01,4.886218309402465820e-01,2.877241075038909912e-01,1.188438013195991516e-01,3.940829932689666748e-01,6.983899474143981934e-01,2.124322801828384399e-01,2.463133037090301514e-01,4.600181877613067627e-01,6.013723611831665039e-01,6.940937042236328125e-01,6.982892155647277832e-01,5.961446166038513184e-01,6.221627593040466309e-01,6.451514959335327148e-01,8.006459474563598633e-01,6.333011984825134277e-01,5.661751627922058105e-01
4.941383600234985352e-01,6.008098721504211426e-01,-2.777868509292602539e-02,3.863777220249176025e-02,5.933151245117187500e-01,4.766674935817718506e-01,6.691213697195053101e-02,7.007455229759216309e-01,6.949234008789062500e-01,5.631391406059265137e-01,1.000000000000000000e+00,7.674161195755004883e-01,6.639404892921447754e-01,6.126471757888793945e-01,6.670265197753906250e-01,7.188871502876281738e-01,1.917061209678649902e-02,9.120634943246841431e-02,2.068172991275787354e-01,2.421023696660995483e-01,3.500145673751831055e-01,3.440015614032745361e-01,6.174836158752441406e-01,3.922369778156280518e-01,5.614122748374938965e-01,-9.361694753170013428e-02,4.647671878337860107e-01,3.034900724887847900e-01,2.869292795658111572e-01,2.633375525474548340e-01,2.534971833229064941e-01,3.412862718105316162e-01,4.717116951942443848e-01,2.428217530250549316e-01,3.990612030029296875e-01,4.444946944713592529e-01,4.669034183025360107e-01,5.266625285148620605e-01,5.276930332183837891e-01,4.486447274684906006e-01,6.146079301834106445e-01,5.423609614372253418e-01,4.020874500274658203e-01,3.812169134616851807e-01,3.475863337516784668e-01,4.091250002384185791e-01,3.609898686408996582e-01,4.699694812297821045e-01
5.632771253585815430e-01,6.813196539878845215e-01,-6.185537949204444885e-02,3.072867728769779205e-02,6.495559215545654297e-01,5.114495754241943359e-01,6.175653263926506042e-02,6.113966703414916992e-01,7.964016795158386230e-01,7.379390597343444824e-01,7.674161195755004883e-01,1.000000000000000000e+00,7.867818474769592285e-01,4.901194870471954346e-01,6.104333400726318359e-01,7.285614013671875000e-01,3.826312255114316940e-03,3.469599410891532898e-02,2.288800925016403198e-01,2.879068553447723389e-01,3.932788074016571045e-01,3.489762246608734131e-01,6.835330724716186523e-01,5.562039613723754883e-01,6.868845820426940918e-01,-1.298879683017730713e-01,4.689660966396331787e-01,3.500633239746093750e-01,3.395311832427978516e-01,2.803741991519927979e-01,2.426351755857467651e-01,3.831828236579895020e-01,4.232958853244781494e-01,1.757887452840805054e-01,4.390514492988586426e-01,6.060389876365661621e-01,3.526447415351867676e-01,4.247842431068420410e-01,5.716531872749328613e-01,5.591788887977600098e-01,6.661299467086791992e-01,6.235758662223815918e-01,4.519588053226470947e-01,4.878918826580047607e-01,4.522534012794494629e-01,5.620437264442443848e-01,4.877239763736724854e-01,5.364651679992675781e-01
5.763952732086181641e-01,7.415904998779296875e-01,8.963117748498916626e-02,2.188703864812850952e-01,7.642416357994079590e-01,6.950532197952270508e-01,2.461402118206024170e-01,5.883494615554809570e-01,7.976958751678466797e-01,7.940359115600585938e-01,6.639404892921447754e-01,7.867818474769592285e-01,1.000000000000000000e+00,4.859887957572937012e-01,5.427439212799072266e-01,7.515095472335815430e-01,1.732369661331176758e-01,2.133648246526718140e-01,4.455623030662536621e-01,5.417521595954895020e-01,6.193533539772033691e-01,5.354395508766174316e-01,8.005228042602539062e-01,6.764475703239440918e-01,5.604912042617797852e-01,1.104397233575582504e-02,3.877571523189544678e-01,4.471419453620910645e-01,4.839937686920166016e-01,4.454876780509948730e-01,3.976572453975677490e-01,5.142769217491149902e-01,3.707953989505767822e-01,1.993238180875778198e-01,4.127751588821411133e-01,6.539547443389892578e-01,3.522446155548095703e-01,3.619323670864105225e-01,5.261555314064025879e-01,6.133750677108764648e-01,7.589102983474731445e-01,7.592533826828002930e-01,6.222835183143615723e-01,5.450106859207153320e-01,5.391238927841186523e-01,6.767510771751403809e-01,5.976556539535522461e-01,6.522473096847534180e-01
4.243326783180236816e-01,4.482921361923217773e-01,1.910015046596527100e-01,2.291471958160400391e-01,4.459123909473419189e-01,4.141286611557006836e-01,2.493247687816619873e-01,7.188009023666381836e-01,4.572739005088806152e-01,3.367846310138702393e-01,6.126471757888793945e-01,4.901194870471954346e-01,4.859887957572937012e-01,1.000000000000000000e+00,5.990613698959350586e-01,5.483260154724121094e-01,2.435621172189712524e-01,3.393798470497131348e-01,3.471284210681915283e-01,3.594720363616943359e-01,4.367242753505706787e-01,4.672144949436187744e-01,4.349628388881683350e-01,2.896356582641601562e-01,3.211580812931060791e-01,1.438280791044235229e-01,3.057947754859924316e-01,3.966497480869293213e-01,3.702051639556884766e-01,4.134910702705383301e-01,4.216078817844390869e-01,3.776403069496154785e-01,3.804492950439453125e-01,3.128069937229156494e-01,1.618409305810928345e-01,1.997111439704895020e-01,6.277249455451965332e-01,5.426366925239562988e-01,4.622581303119659424e-01,2.665159404277801514e-01,4.430718123912811279e-01,4.105163514614105225e-01,3.668937087059020996e-01,2.480551451444625854e-01,2.231048494577407837e-01,2.688145637512207031e-01,2.632082104682922363e-01,4.189503788948059082e-01
5.450588464736938477e-01,5.579736828804016113e-01,2.668829560279846191e-01,2.850556969642639160e-01,5.527548789978027344e-01,4.936701655387878418e-01,3.275765180587768555e-01,6.052098274230957031e-01,5.663329362869262695e-01,4.828387796878814697e-01,6.670265197753906250e-01,6.104333400726318359e-01,5.427439212799072266e-01,5.990613698959350586e-01,1.000000000000000000e+00,6.109570860862731934e-01,2.942372262477874756e-01,3.618025183677673340e-01,3.721317946910858154e-01,4.139687120914459229e-01,4.630628824234008789e-01,4.389669597148895264e-01,4.936377704143524170e-01,4.040021896362304688e-01,5.310668349266052246e-01,2.358316183090209961e-01,3.937075734138488770e-01,5.075586438179016113e-01,4.924266338348388672e-01,4.798717200756072998e-01,4.599747061729431152e-01,4.546553194522857666e-01,4.872983396053314209e-01,4.199078083038330078e-01,4.294529855251312256e-01,3.244440257549285889e-01,3.804588913917541504e-01,5.678441524505615234e-01,3.648914396762847900e-01,3.779712915420532227e-01,5.598512291908264160e-01,5.463591217994689941e-01,5.371129512786865234e-01,2.952626049518585205e-01,3.073488175868988037e-01,4.165813326835632324e-01,3.826769292354583740e-01,4.619399607181549072e-01
5.804249048233032227e-01,6.891256570816040039e-01,1.530775278806686401e-01,2.585018575191497803e-01,6.706183552742004395e-01,5.978255867958068848e-01,2.794429361820220947e-01,6.321523189544677734e-01,7.337040901184082031e-01,6.692676544189453125e-01,7.188871502876281738e-01,7.285614013671875000e-01,7.515095472335815430e-01,5.483260154724121094e-01,6.109570860862731934e-01,1.000000000000000000e+00,2.110022455453872681e-01,2.516971230506896973e-01,3.964800834655761719e-01,4.632016122341156006e-01,5.123471021652221680e-01,4.992726147174835205e-01,7.666545510292053223e-01,6.138499379158020020e-01,4.805745780467987061e-01,1.016120389103889465e-01,3.777461647987365723e-01,4.224096238613128662e-01,4.358290135860443115e-01,4.169840216636657715e-01,4.177001416683197021e-01,5.033074617385864258e-01,3.920021951198577881e-01,1.551129370927810669e-01,3.912415206432342529e-01,6.268203854560852051e-01,3.806391358375549316e-01,4.040642976760864258e-01,6.775369048118591309e-01,6.656025052070617676e-01,6.663398146629333496e-01,6.584872007369995117e-01,5.795859098434448242e-01,4.716436862945556641e-01,4.376767277717590332e-01,5.430486798286437988e-01,5.794041156768798828e-01,6.189672350883483887e-01
4.361941814422607422e-01,2.000937908887863159e-01,8.515720367431640625e-01,8.473407030105590820e-01,3.752802014350891113e-01,5.180314183235168457e-01,8.796181678771972656e-01,1.303116530179977417e-01,1.387061923742294312e-01,1.481509804725646973e-01,1.917061209678649902e-02,3.826312255114316940e-03,1.732369661331176758e-01,2.435621172189712524e-01,2.942372262477874756e-01,2.110022455453872681e-01,1.000000000000000000e+00,8.277838826179504395e-01,7.682870626449584961e-01,7.074770331382751465e-01,6.417356729507446289e-01,6.045897006988525391e-01,1.693725585937500000e-01,2.869364321231842041e-01,-1.239059865474700928e-02,8.266454339027404785e-01,4.764323681592941284e-02,6.690942049026489258e-01,6.806083917617797852e-01,7.309198379516601562e-01,7.275375127792358398e-01,5.462023615837097168e-01,1.918254047632217407e-01,1.720174849033355713e-01,3.172174841165542603e-02,2.532170526683330536e-02,3.827895224094390869e-02,1.024300605058670044e-01,1.205626055598258972e-01,1.357035040855407715e-01,2.488857209682464600e-01,3.846180737018585205e-01,6.017048358917236328e-01,2.547592297196388245e-02,1.373253762722015381e-01,2.672786116600036621e-01,3.414598703384399414e-01,3.460666239261627197e-01
3.402309119701385498e-01,1.824991554021835327e-01,7.954038977622985840e-01,7.784546017646789551e-01,3.517725467681884766e-01,4.958282113075256348e-01,8.183632493019104004e-01,2.143020927906036377e-01,1.787937134504318237e-01,1.180521547794342041e-01,9.120634943246841431e-02,3.469599410891532898e-02,2.133648246526718140e-01,3.393798470497131348e-01,3.618025183677673340e-01,2.516971230506896973e-01,8.277838826179504395e-01,1.000000000000000000e+00,7.243328690528869629e-01,7.034205198287963867e-01,6.701368689537048340e-01,7.092145085334777832e-01,2.589969933032989502e-01,2.647672295570373535e-01,-4.448536038398742676e-02,7.659991383552551270e-01,1.068245433270931244e-02,5.978260636329650879e-01,6.100192666053771973e-01,7.135428190231323242e-01,7.705897092819213867e-01,6.119604706764221191e-01,1.914356648921966553e-01,2.144441455602645874e-01,4.813492670655250549e-02,3.575521707534790039e-02,1.364831030368804932e-01,1.995426714420318604e-01,1.420298516750335693e-01,1.151342839002609253e-01,2.511068582534790039e-01,3.756515979766845703e-01,5.663490295410156250e-01,8.834385313093662262e-03,4.306314885616302490e-02,1.823368072509765625e-01,3.264937400817871094e-01,4.566749930381774902e-01
5.761796236038208008e-01,4.312266111373901367e-01,6.699516773223876953e-01,7.800295352935791016e-01,6.065494418144226074e-01,7.160688638687133789e-01,7.860190868377685547e-01,2.891443669795989990e-01,3.845456540584564209e-01,4.128054976463317871e-01,2.068172991275787354e-01,2.288800925016403198e-01,4.455623030662536621e-01,3.471284210681915283e-01,3.721317946910858154e-01,3.964800834655761719e-01,7.682870626449584961e-01,7.243328690528869629e-01,1.000000000000000000e+00,8.371044993400573730e-01,7.856679558753967285e-01,7.127345800399780273e-01,4.191302657127380371e-01,4.438646137714385986e-01,1.289674937725067139e-01,6.068574786186218262e-01,1.269623786211013794e-01,6.907047033309936523e-01,7.301150560379028320e-01,7.554188370704650879e-01,7.137871384620666504e-01,6.189386844635009766e-01,2.283004373311996460e-01,1.927570253610610962e-01,1.100194901227951050e-01,2.535001635551452637e-01,1.302036345005035400e-01,1.583489775657653809e-01,1.998820900917053223e-01,2.869030535221099854e-01,5.042684674263000488e-01,6.231572628021240234e-01,7.645408511161804199e-01,2.484483420848846436e-01,3.231143951416015625e-01,4.940886497497558594e-01,4.593623876571655273e-01,4.900073707103729248e-01
5.373887419700622559e-01,5.190969705581665039e-01,6.112915873527526855e-01,7.230194807052612305e-01,6.382508873939514160e-01,7.461071014404296875e-01,7.458671927452087402e-01,3.372823297977447510e-01,4.458108544349670410e-01,5.020673274993896484e-01,2.421023696660995483e-01,2.879068553447723389e-01,5.417521595954895020e-01,3.594720363616943359e-01,4.139687120914459229e-01,4.632016122341156006e-01,7.074770331382751465e-01,7.034205198287963867e-01,8.371044993400573730e-01,1.000000000000000000e+00,8.416042923927307129e-01,7.496731877326965332e-01,5.265855193138122559e-01,5.526769161224365234e-01,1.673460453748703003e-01,5.611524581909179688e-01,1.215812191367149353e-01,6.635735630989074707e-01,7.335733771324157715e-01,7.508330941200256348e-01,7.178640961647033691e-01,6.887731552124023438e-01,2.198797762393951416e-01,1.886525750160217285e-01,1.627396643161773682e-01,3.476392924785614014e-01,1.666253209114074707e-01,1.801781058311462402e-01,2.511839866638183594e-01,3.557043969631195068e-01,5.588794946670532227e-01,6.711664795875549316e-01,7.912535667419433594e-01,3.523182570934295654e-01,4.033774137496948242e-01,5.810513496398925781e-01,5.687012672424316406e-01,5.877255797386169434e-01
5.509639382362365723e-01,5.238251090049743652e-01,5.511322617530822754e-01,6.495899558067321777e-01,6.488547921180725098e-01,7.321581840515136719e-01,6.748741269111633301e-01,3.949721157550811768e-01,5.223431587219238281e-01,5.171043276786804199e-01,3.500145673751831055e-01,3.932788074016571045e-01,6.193533539772033691e-01,4.367242753505706787e-01,4.630628824234008789e-01,5.123471021652221680e-01,6.417356729507446289e-01,6.701368689537048340e-01,7.856679558753967285e-01,8.416042923927307129e-01,1.000000000000000000e+00,8.012806773185729980e-01,5.756664276123046875e-01,5.546885728836059570e-01,2.318126112222671509e-01,4.788729548454284668e-01,1.615098714828491211e-01,6.488712430000305176e-01,7.027492523193359375e-01,7.633764743804931641e-01,7.429703474044799805e-01,6.990907788276672363e-01,2.805881500244140625e-01,2.108855098485946655e-01,1.955520659685134888e-01,3.468979895114898682e-01,2.248792648315429688e-01,2.401040196418762207e-01,3.054720163345336914e-01,3.635801374912261963e-01,5.772408843040466309e-01,6.848599314689636230e-01,7.656788825988769531e-01,3.235595822334289551e-01,3.815363943576812744e-01,5.631060600280761719e-01,5.661872029304504395e-01,6.599453687667846680e-01
4.476135373115539551e-01,3.917920291423797607e-01,5.270973443984985352e-01,5.926747322082519531e-01,5.384396910667419434e-01,6.184245944023132324e-01,6.289891004562377930e-01,4.046213626861572266e-01,4.775257110595703125e-01,3.963044583797454834e-01,3.440015614032745361e-01,3.489762246608734131e-01,5.354395508766174316e-01,4.672144949436187744e-01,4.389669597148895264e-01,4.992726147174835205e-01,6.045897006988525391e-01,7.092145085334777832e-01,7.127345800399780273e-01,7.496731877326965332e-01,8.012806773185729980e-01,1.000000000000000000e+00,5.857381224632263184e-01,4.979693293571472168e-01,1.439385712146759033e-01,4.605738818645477295e-01,9.119810909032821655e-02,5.582812428474426270e-01,5.916341543197631836e-01,7.162343859672546387e-01,7.812395095825195312e-01,7.739796042442321777e-01,2.203742861747741699e-01,2.007790654897689819e-01,1.326503157615661621e-01,3.499636054039001465e-01,2.272979170083999634e-01,2.521386146545410156e-01,3.457125723361968994e-01,3.552195131778717041e-01,4.677511155605316162e-01,5.582262873649597168e-01,6.484277844429016113e-01,2.160564064979553223e-01,1.983951628208160400e-01,3.746699988842010498e-01,5.568355917930603027e-01,7.504409551620483398e-01
4.985252320766448975e-01,6.588883399963378906e-01,8.761294186115264893e-02,2.164653688669204712e-01,6.699764132499694824e-01,6.149631738662719727e-01,2.523179948329925537e-01,5.381311774253845215e-01,7.558991909027099609e-01,7.246955037117004395e-01,6.174836158752441406e-01,6.835330724716186523e-01,8.005228042602539062e-01,4.349628388881683350e-01,4.936377704143524170e-01,7.666545510292053223e-01,1.693725585937500000e-01,2.589969933032989502e-01,4.191302657127380371e-01,5.265855193138122559e-01,5.756664276123046875e-01,5.857381224632263184e-01,1.000000000000000000e+00,7.008808255195617676e-01,4.228610694408416748e-01,3.763376548886299133e-02,3.436524569988250732e-01,3.617115318775177002e-01,4.099465906620025635e-01,4.066669940948486328e-01,4.206585288047790527e-01,6.227191686630249023e-01,3.327096700668334961e-01,1.018600910902023315e-01,3.726748824119567871e-01,7.309949994087219238e-01,3.006877303123474121e-01,3.068327009677886963e-01,5.595698356628417969e-01,6.820962429046630859e-01,6.721491813659667969e-01,6.779021024703979492e-01,5.861635208129882812e-01,5.029028058052062988e-01,4.524324536323547363e-01,5.954140424728393555e-01,6.580129265785217285e-01,7.604975104331970215e-01
5.263560414314270020e-01,6.717832088470458984e-01,1.962762475013732910e-01,3.028183281421661377e-01,6.004958152770996094e-01,5.773605704307556152e-01,3.533958196640014648e-01,3.405210673809051514e-01,6.222348213195800781e-01,7.220554947853088379e-01,3.922369778156280518e-01,5.562039613723754883e-01,6.764475703239440918e-01,2.896356582641601562e-01,4.040021896362304688e-01,6.138499379158020020e-01,2.869364321231842041e-01,2.647672295570373535e-01,4.438646137714385986e-01,5.526769161224365234e-01,5.546885728836059570e-01,4.979693293571472168e-01,7.008808255195617676e-01,1.000000000000000000e+00,4.886053800582885742e-01,1.760303378105163574e-01,3.724949955940246582e-01,4.580247104167938232e-01,5.324068069458007812e-01,4.801539778709411621e-01,4.739147126674652100e-01,6.539059877395629883e-01,3.361678719520568848e-01,1.815352216362953186e-02,3.307779729366302490e-01,7.322933077812194824e-01,1.036914065480232239e-01,1.623233258724212646e-01,5.076321959495544434e-01,6.071085929870605469e-01,5.554806590080261230e-01,6.085081100463867188e-01,6.076532006263732910e-01,5.583680868148803711e-01,6.343155503273010254e-01,7.252818346023559570e-01,8.091820478439331055e-01,6.641839742660522461e-01
5.929335355758666992e-01,6.048399806022644043e-01,-2.277847379446029663e-02,2.581153623759746552e-02,5.335792303085327148e-01,4.059594273567199707e-01,4.351786896586418152e-02,3.544888198375701904e-01,5.508567094802856445e-01,5.603098273277282715e-01,5.614122748374938965e-01,6.868845820426940918e-01,5.604912042617797852e-01,3.211580812931060791e-01,5.310668349266052246e-01,4.805745780467987061e-01,-1.239059865474700928e-02,-4.448536038398742676e-02,1.289674937725067139e-01,1.673460453748703003e-01,2.318126112222671509e-01,1.439385712146759033e-01,4.228610694408416748e-01,4.886053800582885742e-01,1.000000000000000000e+00,-6.321353465318679810e-02,6.713951826095581055e-01,4.723997116088867188e-01,4.280613958835601807e-01,2.568497657775878906e-01,1.797800958156585693e-01,2.522396147251129150e-01,6.205505132675170898e-01,1.313525438308715820e-01,4.275034070014953613e-01,4.562332034111022949e-01,1.540970355272293091e-01,3.338388204574584961e-01,4.478407204151153564e-01,3.828668296337127686e-01,5.159797668457031250e-01,4.722859859466552734e-01,3.507828712463378906e-01,3.861128687858581543e-01,4.738945662975311279e-01,5.156278610229492188e-01,4.206776320934295654e-01,3.262053728103637695e-01
3.361267745494842529e-01,7.358451187610626221e-02,8.668883442878723145e-01,8.028999567031860352e-01,2.356066703796386719e-01,3.636907637119293213e-01,8.266692161560058594e-01,1.548682432621717453e-02,-9.067332139238715172e-04,-4.886029288172721863e-03,-9.361694753170013428e-02,-1.298879683017730713e-01,1.104397233575582504e-02,1.438280791044235229e-01,2.358316183090209961e-01,1.016120389103889465e-01,8.266454339027404785e-01,7.659991383552551270e-01,6.068574786186218262e-01,5.611524581909179688e-01,4.788729548454284668e-01,4.605738818645477295e-01,3.763376548886299133e-02,1.760303378105163574e-01,-6.321353465318679810e-02,1.000000000000000000e+00,4.999242722988128662e-02,6.258953809738159180e-01,6.197992563247680664e-01,6.583097577095031738e-01,6.451734304428100586e-01,4.398166835308074951e-01,1.968819797039031982e-01,1.466019302606582642e-01,-3.081063367426395416e-02,-7.040651887655258179e-02,-3.878289088606834412e-02,9.046722203493118286e-02,8.365254104137420654e-02,6.083627045154571533e-02,1.056145280599594116e-01,2.357626259326934814e-01,4.555578231811523438e-01,-9.514756500720977783e-02,2.310757897794246674e-02,1.155307441949844360e-01,2.476008981466293335e-01,2.131855338811874390e-01
5.602394342422485352e-01,4.373054206371307373e-01,5.395631492137908936e-02,8.135132491588592529e-02,3.834437429904937744e-01,2.781949639320373535e-01,9.233947098255157471e-02,2.087033838033676147e-01,3.863131105899810791e-01,3.676800429821014404e-01,4.647671878337860107e-01,4.689660966396331787e-01,3.877571523189544678e-01,3.057947754859924316e-01,3.937075734138488770e-01,3.777461647987365723e-01,4.764323681592941284e-02,1.068245433270931244e-02,1.269623786211013794e-01,1.215812191367149353e-01,1.615098714828491211e-01,9.119810909032821655e-02,3.436524569988250732e-01,3.724949955940246582e-01,6.713951826095581055e-01,4.999242722988128662e-02,1.000000000000000000e+00,4.461587071418762207e-01,4.066488444805145264e-01,2.263827472925186157e-01,1.829548627138137817e-01,2.005842775106430054e-01,7.759116291999816895e-01,3.633356466889381409e-02,3.294717967510223389e-01,3.281409740447998047e-01,1.230928301811218262e-01,3.193483352661132812e-01,4.607867896556854248e-01,2.662426233291625977e-01,3.514327406883239746e-01,3.389548659324645996e-01,2.649260759353637695e-01,2.120756953954696655e-01,3.647448122501373291e-01,3.855810165405273438e-01,2.933173775672912598e-01,2.389775365591049194e-01
7.525944113731384277e-01,5.047470927238464355e-01,6.651203632354736328e-01,7.072709202766418457e-01,6.343014836311340332e-01,6.678326129913330078e-01,7.098444104194641113e-01,2.932709753513336182e-01,3.940879106521606445e-01,4.183787107467651367e-01,3.034900724887847900e-01,3.500633239746093750e-01,4.471419453620910645e-01,3.966497480869293213e-01,5.075586438179016113e-01,4.224096238613128662e-01,6.690942049026489258e-01,5.978260636329650879e-01,6.907047033309936523e-01,6.635735630989074707e-01,6.488712430000305176e-01,5.582812428474426270e-01,3.617115318775177002e-01,4.580247104167938232e-01,4.723997116088867188e-01,6.258953809738159180e-01,4.461587071418762207e-01,1.000000000000000000e+00,8.601689338684082031e-01,7.604730129241943359e-01,6.886605024337768555e-01,5.510803461074829102e-01,5.168562531471252441e-01,2.144606113433837891e-01,2.174129337072372437e-01,2.497146427631378174e-01,1.307938247919082642e-01,2.777433395385742188e-01,3.819534778594970703e-01,3.106432259082794189e-01,5.081728100776672363e-01,5.806924700736999512e-01,6.841504573822021484e-01,2.026609778404235840e-01,3.800032734870910645e-01,5.033715963363647461e-01,4.603481590747833252e-01,4.158815145492553711e-01
7.013006806373596191e-01,5.621985197067260742e-01,6.486833691596984863e-01,7.096835970878601074e-01,6.587772369384765625e-01,7.168850302696228027e-01,7.235245108604431152e-01,3.172662854194641113e-01,4.087711572647094727e-01,4.638034403324127197e-01,2.869292795658111572e-01,3.395311832427978516e-01,4.839937686920166016e-01,3.702051639556884766e-01,4.924266338348388672e-01,4.358290135860443115e-01,6.806083917617797852e-01,6.100192666053771973e-01,7.301150560379028320e-01,7.335733771324157715e-01,7.027492523193359375e-01,5.916341543197631836e-01,4.099465906620025635e-01,5.324068069458007812e-01,4.280613958835601807e-01,6.197992563247680664e-01,4.066488444805145264e-01,8.601689338684082031e-01,1.000000000000000000e+00,7.800908088684082031e-01,6.905174851417541504e-01,5.971070528030395508e-01,4.756526052951812744e-01,1.868730485439300537e-01,2.070000022649765015e-01,3.108441531658172607e-01,1.270434558391571045e-01,2.270863652229309082e-01,3.560235500335693359e-01,3.476728796958923340e-01,5.425639748573303223e-01,6.204898953437805176e-01,7.306306362152099609e-01,3.053092360496520996e-01,4.585345387458801270e-01,5.737360715866088867e-01,5.329251289367675781e-01,4.606955647468566895e-01
5.965017676353454590e-01,4.215978682041168213e-01,7.019461989402770996e-01,7.418327927589416504e-01,5.657224059104919434e-01,6.568461656570434570e-01,7.596393227577209473e-01,3.127454519271850586e-01,3.874878883361816406e-01,3.653356134891510010e-01,2.633375525474548340e-01,2.803741991519927979e-01,4.454876780509948730e-01,4.134910702705383301e-01,4.798717200756072998e-01,4.169840216636657715e-01,7.309198379516601562e-01,7.135428190231323242e-01,7.554188370704650879e-01,7.508330941200256348e-01,7.633764743804931641e-01,7.162343859672546387e-01,4.066669940948486328e-01,4.801539778709411621e-01,2.568497657775878906e-01,6.583097577095031738e-01,2.263827472925186157e-01,7.604730129241943359e-01,7.800908088684082031e-01,1.000000000000000000e+00,8.238101601600646973e-01,6.769846081733703613e-01,3.752242922782897949e-01,2.253606468439102173e-01,1.985281854867935181e-01,2.473328262567520142e-01,1.411269456148147583e-01,2.503903210163116455e-01,3.093092739582061768e-01,3.151693940162658691e-01,4.809842109680175781e-01,5.880582928657531738e-01,7.249310016632080078e-01,1.945330798625946045e-01,3.007019758224487305e-01,4.294953048229217529e-01,5.193637013435363770e-01,5.494596362113952637e-01
5.410515069961547852e-01,3.384386897087097168e-01,6.774440407752990723e-01,7.042846679687500000e-01,4.614994227886199951e-01,5.501981973648071289e-01,7.402862310409545898e-01,2.957081496715545654e-01,3.603951036930084229e-01,3.053404986858367920e-01,2.534971833229064941e-01,2.426351755857467651e-01,3.976572453975677490e-01,4.216078817844390869e-01,4.599747061729431152e-01,4.177001416683197021e-01,7.275375127792358398e-01,7.705897092819213867e-01,7.137871384620666504e-01,7.178640961647033691e-01,7.429703474044799805e-01,7.812395095825195312e-01,4.206585288047790527e-01,4.739147126674652100e-01,1.797800958156585693e-01,6.451734304428100586e-01,1.829548627138137817e-01,6.886605024337768555e-01,6.905174851417541504e-01,8.238101601600646973e-01,1.000000000000000000e+00,7.421319484710693359e-01,3.391704261302947998e-01,2.193814218044281006e-01,1.727987825870513916e-01,2.282674312591552734e-01,1.272663772106170654e-01,2.446132898330688477e-01,3.323356807231903076e-01,2.826044857501983643e-01,3.616726696491241455e-01,4.855724275112152100e-01,6.629825234413146973e-01,1.324789971113204956e-01,2.254426777362823486e-01,3.555977642536163330e-01,5.435150265693664551e-01,6.022750139236450195e-01
4.813640713691711426e-01,4.435892403125762939e-01,4.601640403270721436e-01,5.328266620635986328e-01,5.264003276824951172e-01,5.663931369781494141e-01,5.905565619468688965e-01,3.593029081821441650e-01,5.257295966148376465e-01,4.886218309402465820e-01,3.412862718105316162e-01,3.831828236579895020e-01,5.142769217491149902e-01,3.776403069496154785e-01,4.546553194522857666e-01,5.033074617385864258e-01,5.462023615837097168e-01,6.119604706764221191e-01,6.189386844635009766e-01,6.887731552124023438e-01,6.990907788276672363e-01,7.739796042442321777e-01,6.227191686630249023e-01,6.539059877395629883e-01,2.522396147251129150e-01,4.398166835308074951e-01,2.005842775106430054e-01,5.510803461074829102e-01,5.971070528030395508e-01,6.769846081733703613e-01,7.421319484710693359e-01,1.000000000000000000e+00,2.997062206268310547e-01,1.201888099312782288e-01,1.958800405263900757e-01,5.058178901672363281e-01,1.098290458321571350e-01,2.094348818063735962e-01,3.926751017570495605e-01,4.304258227348327637e-01,4.696752130985260010e-01,5.588384866714477539e-01,6.464931964874267578e-01,2.930971980094909668e-01,3.049190342426300049e-01,4.705507755279541016e-01,7.228779196739196777e-01,7.602645754814147949e-01
5.675176978111267090e-01,4.134644865989685059e-01,2.129440903663635254e-01,2.119311392307281494e-01,4.149322807788848877e-01,3.386613428592681885e-01,2.329199463129043579e-01,2.315030694007873535e-01,3.930632472038269043e-01,2.877241075038909912e-01,4.717116951942443848e-01,4.232958853244781494e-01,3.707953989505767822e-01,3.804492950439453125e-01,4.872983396053314209e-01,3.920021951198577881e-01,1.918254047632217407e-01,1.914356648921966553e-01,2.283004373311996460e-01,2.198797762393951416e-01,2.805881500244140625e-01,2.203742861747741699e-01,3.327096700668334961e-01,3.361678719520568848e-01,6.205505132675170898e-01,1.968819797039031982e-01,7.759116291999816895e-01,5.168562531471252441e-01,4.756526052951812744e-01,3.752242922782897949e-01,3.391704261302947998e-01,2.997062206268310547e-01,1.000000000000000000e+00,8.632727712392807007e-02,3.354091942310333252e-01,2.034119665622711182e-01,1.653903573751449585e-01,3.722470998764038086e-01,4.186509847640991211e-01,1.853014528751373291e-01,3.874284029006958008e-01,3.801543414592742920e-01,3.439301848411560059e-01,1.306580007076263428e-01,2.704907357692718506e-01,3.129251301288604736e-01,2.993353307247161865e-01,3.144160211086273193e-01
