1.000000000000000000e+00,8.677706122398376465e-02,-1.412921771407127380e-02,-7.685346156358718872e-02,2.888914048671722412e-01,1.808152943849563599e-01,9.228909015655517578e-02,1.588820368051528931e-01,4.899448156356811523e-02,4.262724146246910095e-02,-2.685168012976646423e-02,1.623888313770294189e-02,5.552449822425842285e-02,-1.709260419011116028e-02,-1.207467168569564819e-02,-6.296977400779724121e-02,2.014678418636322021e-01,2.822682559490203857e-01,1.138524487614631653e-01,1.514373868703842163e-01,1.780103594064712524e-01,2.635531723499298096e-01,2.136336416006088257e-01,2.491349428892135620e-01,2.470792829990386963e-02,-3.582074865698814392e-02,-2.763195931911468506e-01,-1.087430566549301147e-01,-9.031672030687332153e-02,1.151996850967407227e-01,2.856187522411346436e-01,2.400919497013092041e-01,-1.665890663862228394e-01,-1.403892040252685547e-01,-2.887512743473052979e-01,5.558997392654418945e-03,4.464141279458999634e-02,-8.131255954504013062e-02,-1.705102920532226562e-01,1.768680512905120850e-01,1.847737468779087067e-02,1.019932050257921219e-02,4.177353903651237488e-02,4.666596651077270508e-02,-5.658309441059827805e-03,1.228543277829885483e-02,1.802118420600891113e-01,2.699848413467407227e-01
8.677706122398376465e-02,1.000000000000000000e+00,4.314681887626647949e-02,2.693189680576324463e-01,-6.532684713602066040e-02,6.017240881919860840e-01,4.874319434165954590e-01,4.922460615634918213e-01,4.933266043663024902e-01,4.306723177433013916e-01,5.618635416030883789e-01,4.436353147029876709e-01,4.357413053512573242e-01,3.983837962150573730e-01,4.004084765911102295e-01,3.588842153549194336e-01,4.490403532981872559e-01,4.488264024257659912e-01,4.630211591720581055e-01,5.202912688255310059e-01,4.337274730205535889e-01,4.510260224342346191e-01,1.611709147691726685e-01,4.084698557853698730e-01,2.477688491344451904e-01,2.032124102115631104e-01,4.257221221923828125e-01,5.204991102218627930e-01,6.129587292671203613e-01,3.628723323345184326e-01,5.605849623680114746e-01,4.262022078037261963e-01,4.934211671352386475e-01,3.740917146205902100e-01,2.853461205959320068e-01,3.381313085556030273e-01,4.719102010130882263e-02,4.926477670669555664e-01,3.892344832420349121e-01,3.041392862796783447e-01,5.476193428039550781e-01,5.716045498847961426e-01,5.871046185493469238e-01,5.354958772659301758e-01,5.534625649452209473e-01,5.617567896842956543e-01,4.063766896724700928e-01,1.577684306539595127e-03
-1.412921771407127380e-02,4.314681887626647949e-02,1.000000000000000000e+00,4.499405622482299805e-01,1.501158159226179123e-02,-1.538581680506467819e-03,9.894207864999771118e-02,-1.935053616762161255e-03,-2.290031872689723969e-02,-1.306935995817184448e-01,-5.763173103332519531e-03,-9.945160895586013794e-02,-2.215097993612289429e-01,4.139404743909835815e-03,-6.203927472233772278e-02,-2.332425564527511597e-01,-7.315450906753540039e-02,-6.439618766307830811e-03,-6.430705636739730835e-02,-3.956150636076927185e-02,-5.235088244080543518e-02,-6.298054754734039307e-02,-2.175870537757873535e-01,-1.673316508531570435e-01,-3.109498918056488037e-01,3.408392369747161865e-01,7.495101541280746460e-02,3.251706659793853760e-01,2.602873742580413818e-01,-3.162804618477821350e-02,-1.343447715044021606e-03,-1.524360477924346924e-01,-1.376316845417022705e-01,9.662292152643203735e-02,-1.272756457328796387e-01,-1.080224737524986267e-01,3.716281056404113770e-02,3.779173130169510841e-03,-1.164371296763420105e-01,-4.194202274084091187e-02,-2.878619823604822159e-03,-1.251786202192306519e-02,-7.377079874277114868e-02,5.469501763582229614e-02,6.776249036192893982e-03,-1.728934198617935181e-01,-1.337358206510543823e-01,-1.630335599184036255e-01
-7.685346156358718872e-02,2.693189680576324463e-01,4.499405622482299805e-01,1.000000000000000000e+00,4.453479498624801636e-02,4.119435548782348633e-01,5.173433423042297363e-01,6.082000210881233215e-02,1.508020460605621338e-01,3.313345909118652344e-01,2.107721716165542603e-01,3.262086212635040283e-01,1.426735818386077881e-01,8.660263568162918091e-02,2.335891574621200562e-01,4.856692999601364136e-02,3.102124333381652832e-01,3.408472537994384766e-01,2.435570806264877319e-01,2.263095825910568237e-01,3.099602162837982178e-01,3.532419800758361816e-01,2.399060688912868500e-02,7.079669833183288574e-02,-1.455136090517044067e-01,3.205031156539916992e-01,2.012240886688232422e-01,1.949984282255172729e-01,3.244799077510833740e-01,-1.169863641262054443e-01,2.049503177404403687e-01,1.405085176229476929e-01,-1.080760825425386429e-02,1.521327942609786987e-01,-2.869735099375247955e-02,1.829774118959903717e-02,3.491291701793670654e-01,1.911034882068634033e-01,5.387641489505767822e-02,2.519110239518340677e-05,4.039146900177001953e-01,3.689006268978118896e-01,2.927235364913940430e-01,2.654534876346588135e-01,2.887611389160156250e-01,2.580398023128509521e-01,1.180346608161926270e-01,7.002215087413787842e-02
2.888914048671722412e-01,-6.532684713602066040e-02,1.501158159226179123e-02,4.453479498624801636e-02,1.000000000000000000e+00,2.399617582559585571e-01,6.293990463018417358e-02,-4.618646204471588135e-02,2.444441802799701691e-02,-8.305613696575164795e-02,-8.650405704975128174e-02,-1.448363661766052246e-01,-2.464042901992797852e-01,2.992264367640018463e-02,-2.525570243597030640e-02,-2.435504645109176636e-01,7.261855993419885635e-03,1.538713425397872925e-01,-2.557413280010223389e-01,-3.487215191125869751e-02,-5.972781032323837280e-02,-7.342072576284408569e-02,-1.144426837563514709e-01,-3.458406031131744385e-02,-4.452210962772369385e-01,7.191009819507598877e-02,-6.396219879388809204e-02,-2.082923799753189087e-01,-4.346862062811851501e-02,-6.504296790808439255e-03,3.851836919784545898e-02,-2.102817147970199585e-01,-3.539594411849975586e-01,9.224189817905426025e-02,-2.255706042051315308e-01,-3.363209962844848633e-02,-5.878321453928947449e-02,3.950775414705276489e-02,-8.947937935590744019e-02,-9.985394775867462158e-02,1.600119173526763916e-01,-3.573377430438995361e-02,-1.365095824003219604e-01,4.423505067825317383e-02,-1.713654249906539917e-01,-2.423275858163833618e-01,-1.208776906132698059e-01,-3.970403596758842468e-02
1.808152943849563599e-01,6.017240881919860840e-01,-1.538581680506467819e-03,4.119435548782348633e-01,2.399617582559585571e-01,1.000000000000000000e+00,6.270171999931335449e-01,3.809666037559509277e-01,3.666476011276245117e-01,4.262129664421081543e-01,3.957840800285339355e-01,4.287890791893005371e-01,4.665018916130065918e-01,2.740137279033660889e-01,3.198740780353546143e-01,2.627016901969909668e-01,6.008878350257873535e-01,6.756244301795959473e-01,3.204402327537536621e-01,5.524747967720031738e-01,5.367448329925537109e-01,5.588626265525817871e-01,2.537103891372680664e-01,3.935503959655761719e-01,1.053172275424003601e-01,2.114996761083602905e-01,3.356170356273651123e-01,4.023616015911102295e-01,4.815606772899627686e-01,1.730180084705352783e-01,5.859596133232116699e-01,3.876226246356964111e-01,2.529167830944061279e-01,3.819906115531921387e-01,1.875192523002624512e-01,2.824061810970306396e-01,2.490685880184173584e-01,4.214867353439331055e-01,3.707728087902069092e-01,3.108291923999786377e-01,6.164320111274719238e-01,5.907437801361083984e-01,6.053628921508789062e-01,4.386622011661529541e-01,4.420454502105712891e-01,4.951894581317901611e-01,3.532587587833404541e-01,9.865667670965194702e-02
9.228909015655517578e-02,4.874319434165954590e-01,9.894207864999771118e-02,5.173433423042297363e-01,6.293990463018417358e-02,6.270171999931335449e-01,1.000000000000000000e+00,3.217909634113311768e-01,3.913663029670715332e-01,5.593353509902954102e-01,4.590128660202026367e-01,5.506405830383300781e-01,5.409619808197021484e-01,2.303442656993865967e-01,4.571296274662017822e-01,4.381840825080871582e-01,8.045935630798339844e-01,6.110377311706542969e-01,5.642448067665100098e-01,6.350106000900268555e-01,6.023937463760375977e-01,6.328793764114379883e-01,4.413400888442993164e-01,4.563980996608734131e-01,4.428161680698394775e-02,4.152608215808868408e-01,4.562524557113647461e-01,3.779081404209136963e-01,5.713860392570495605e-01,3.539530634880065918e-01,6.452733278274536133e-01,4.673819243907928467e-01,2.628436982631683350e-01,3.845155239105224609e-01,8.984592556953430176e-02,3.966271877288818359e-01,3.274316787719726562e-01,4.484771788120269775e-01,3.581229746341705322e-01,4.109001755714416504e-01,5.306627750396728516e-01,6.237481832504272461e-01,6.412910819053649902e-01,5.253645181655883789e-01,5.305095314979553223e-01,5.690297484397888184e-01,4.255300760269165039e-01,2.424210011959075928e-01
1.588820368051528931e-01,4.922460615634918213e-01,-1.935053616762161255e-03,6.082000210881233215e-02,-4.618646204471588135e-02,3.809666037559509277e-01,3.217909634113311768e-01,1.000000000000000000e+00,4.927525818347930908e-01,2.925690412521362305e-01,5.054043531417846680e-01,3.368441760540008545e-01,3.950822949409484863e-01,4.594409465789794922e-01,3.244375884532928467e-01,3.455725908279418945e-01,3.805289268493652344e-01,4.206217825412750244e-01,3.992747366428375244e-01,5.263219475746154785e-01,4.478561878204345703e-01,3.986669778823852539e-01,1.302213966846466064e-01,2.931898534297943115e-01,1.756078451871871948e-01,1.107424795627593994e-01,2.449132651090621948e-01,3.668225705623626709e-01,4.095031917095184326e-01,2.916191518306732178e-01,4.791242182254791260e-01,4.577851593494415283e-01,2.488306015729904175e-01,2.605564892292022705e-01,1.787826120853424072e-01,2.190437614917755127e-01,9.861636906862258911e-02,3.408625721931457520e-01,2.801102101802825928e-01,3.486655950546264648e-01,4.252386391162872314e-01,3.826865255832672119e-01,4.731065630912780762e-01,3.783251047134399414e-01,3.403421044349670410e-01,4.484225511550903320e-01,3.033776581287384033e-01,-8.144894987344741821e-02
4.899448156356811523e-02,4.933266043663024902e-01,-2.290031872689723969e-02,1.508020460605621338e-01,2.444441802799701691e-02,3.666476011276245117e-01,3.913663029670715332e-01,4.927525818347930908e-01,1.000000000000000000e+00,4.336985945701599121e-01,7.550072669982910156e-01,4.593762159347534180e-01,3.159757256507873535e-01,4.360388517379760742e-01,4.926284551620483398e-01,4.433163702487945557e-01,3.601163029670715332e-01,2.868051826953887939e-01,4.058001935482025146e-01,3.665316402912139893e-01,2.856119871139526367e-01,2.791133224964141846e-01,8.874570578336715698e-02,1.877720654010772705e-01,7.131317257881164551e-02,2.194362729787826538e-01,4.215112328529357910e-01,4.179426431655883789e-01,5.243492722511291504e-01,5.088586807250976562e-01,3.437441587448120117e-01,3.296700716018676758e-01,3.087075650691986084e-01,4.115441143512725830e-01,1.461751312017440796e-01,2.509449422359466553e-01,1.220395490527153015e-01,5.152387022972106934e-01,3.130841851234436035e-01,1.395910680294036865e-01,3.925666213035583496e-01,5.105378031730651855e-01,5.203317403793334961e-01,6.512777805328369141e-01,4.875199794769287109e-01,4.722018837928771973e-01,1.688468754291534424e-01,3.315911814570426941e-02
4.262724146246910095e-02,4.306723177433013916e-01,-1.306935995817184448e-01,3.313345909118652344e-01,-8.305613696575164795e-02,4.262129664421081543e-01,5.593353509902954102e-01,2.925690412521362305e-01,4.336985945701599121e-01,1.000000000000000000e+00,5.224736928939819336e-01,8.359607458114624023e-01,6.885757446289062500e-01,2.795409560203552246e-01,6.870449185371398926e-01,5.671350359916687012e-01,5.217831730842590332e-01,2.944375574588775635e-01,5.528214573860168457e-01,6.259263753890991211e-01,6.646507978439331055e-01,5.565593242645263672e-01,2.850966751575469971e-01,3.688775897026062012e-01,8.058045804500579834e-02,3.319303691387176514e-01,2.600174248218536377e-01,1.426419168710708618e-01,4.732133448123931885e-01,2.489114105701446533e-01,4.896174073219299316e-01,5.524505972862243652e-01,1.241407617926597595e-01,2.606645226478576660e-01,3.158473670482635498e-01,3.639739453792572021e-01,2.858218550682067871e-01,5.794240236282348633e-01,3.723267912864685059e-01,2.838772237300872803e-01,4.520631730556488037e-01,8.085209727287292480e-01,7.117374539375305176e-01,5.315110683441162109e-01,6.611270308494567871e-01,7.606649994850158691e-01,3.938700556755065918e-01,1.511900424957275391e-01
-2.685168012976646423e-02,5.618635416030883789e-01,-5.763173103332519531e-03,2.107721716165542603e-01,-8.650405704975128174e-02,3.957840800285339355e-01,4.590128660202026367e-01,5.054043531417846680e-01,7.550072669982910156e-01,5.224736928939819336e-01,1.000000000000000000e+00,6.021698713302612305e-01,4.288079142570495605e-01,4.461261928081512451e-01,5.602821111679077148e-01,4.865904450416564941e-01,4.348143339157104492e-01,2.796929478645324707e-01,4.254643619060516357e-01,4.350468218326568604e-01,3.863120973110198975e-01,3.741744458675384521e-01,1.502288877964019775e-01,1.876552700996398926e-01,9.088134765625000000e-02,2.366949915885925293e-01,5.014519095420837402e-01,4.655981957912445068e-01,5.342019796371459961e-01,4.282560944557189941e-01,3.824554383754730225e-01,3.523894548416137695e-01,3.845267593860626221e-01,4.496713578701019287e-01,1.626339703798294067e-01,2.565070986747741699e-01,7.000960409641265869e-02,5.128099322319030762e-01,2.589571475982666016e-01,2.092466205358505249e-01,3.861011266708374023e-01,5.988517999649047852e-01,5.516195297241210938e-01,6.223697066307067871e-01,5.333390831947326660e-01,5.582950711250305176e-01,2.032469809055328369e-01,6.257750093936920166e-02
1.623888313770294189e-02,4.436353147029876709e-01,-9.945160895586013794e-02,3.262086212635040283e-01,-1.448363661766052246e-01,4.287890791893005371e-01,5.506405830383300781e-01,3.368441760540008545e-01,4.593762159347534180e-01,8.359607458114624023e-01,6.021698713302612305e-01,1.000000000000000000e+00,6.555805802345275879e-01,3.227311372756958008e-01,7.464366555213928223e-01,6.051952838897705078e-01,5.310962796211242676e-01,3.190740346908569336e-01,6.251389384269714355e-01,6.196073293685913086e-01,6.211063265800476074e-01,5.475335121154785156e-01,3.108857870101928711e-01,3.360945880413055420e-01,1.062284633517265320e-01,3.341294527053833008e-01,3.611113429069519043e-01,2.560427486896514893e-01,4.916986227035522461e-01,2.727887332439422607e-01,4.475409388542175293e-01,5.451553463935852051e-01,2.222474813461303711e-01,3.131177425384521484e-01,2.564845383167266846e-01,3.185132443904876709e-01,2.690738737583160400e-01,6.314270496368408203e-01,3.819130063056945801e-01,2.677613198757171631e-01,4.480915665626525879e-01,7.722660899162292480e-01,7.141156196594238281e-01,5.249311327934265137e-01,7.206439375877380371e-01,7.727742195129394531e-01,3.899438083171844482e-01,1.977691203355789185e-01
5.552449822425842285e-02,4.357413053512573242e-01,-2.215097993612289429e-01,1.426735818386077881e-01,-2.464042901992797852e-01,4.665018916130065918e-01,5.409619808197021484e-01,3.950822949409484863e-01,3.159757256507873535e-01,6.885757446289062500e-01,4.288079142570495605e-01,6.555805802345275879e-01,1.000000000000000000e+00,1.326112002134323120e-01,4.168675839900970459e-01,6.368290185928344727e-01,6.333423852920532227e-01,4.807924926280975342e-01,5.505864024162292480e-01,7.350592017173767090e-01,7.690419554710388184e-01,6.912323236465454102e-01,5.486054420471191406e-01,5.366337895393371582e-01,2.939125001430511475e-01,8.868452906608581543e-02,3.715662658214569092e-01,3.457418978214263916e-01,4.173514544963836670e-01,2.792504131793975830e-01,5.945160388946533203e-01,6.823701262474060059e-01,4.353497922420501709e-01,2.993502616882324219e-01,3.071585595607757568e-01,4.633095860481262207e-01,2.282947301864624023e-01,3.878202438354492188e-01,4.749976396560668945e-01,5.025079250335693359e-01,4.219106733798980713e-01,6.622665524482727051e-01,7.361416220664978027e-01,3.108185827732086182e-01,5.434284210205078125e-01,7.624619007110595703e-01,5.726875066757202148e-01,2.594034671783447266e-01
-1.709260419011116028e-02,3.983837962150573730e-01,4.139404743909835815e-03,8.660263568162918091e-02,2.992264367640018463e-02,2.740137279033660889e-01,2.303442656993865967e-01,4.594409465789794922e-01,4.360388517379760742e-01,2.795409560203552246e-01,4.461261928081512451e-01,3.227311372756958008e-01,1.326112002134323120e-01,1.000000000000000000e+00,4.072611331939697266e-01,2.816478013992309570e-01,1.548097431659698486e-01,1.084606796503067017e-01,2.584683001041412354e-01,2.129479944705963135e-01,1.174740940332412720e-01,8.261588215827941895e-02,-7.850562781095504761e-02,1.279115974903106689e-01,1.031706705689430237e-01,2.307091504335403442e-01,2.491756081581115723e-01,2.901869416236877441e-01,3.905078172683715820e-01,2.270958870649337769e-01,2.148584723472595215e-01,1.641427576541900635e-01,1.643124520778656006e-01,2.506948411464691162e-01,2.493003457784652710e-01,2.395204454660415649e-01,-1.928093284368515015e-01,4.025587439537048340e-01,3.086516559123992920e-01,1.226823553442955017e-01,3.296862542629241943e-01,3.751102685928344727e-01,2.953079640865325928e-01,4.617156088352203369e-01,3.599405884742736816e-01,3.329072892665863037e-01,1.174920424818992615e-01,-1.807774305343627930e-01
-1.207467168569564819e-02,4.004084765911102295e-01,-6.203927472233772278e-02,2.335891574621200562e-01,-2.525570243597030640e-02,3.198740780353546143e-01,4.571296274662017822e-01,3.244375884532928467e-01,4.926284551620483398e-01,6.870449185371398926e-01,5.602821111679077148e-01,7.464366555213928223e-01,4.168675839900970459e-01,4.072611331939697266e-01,1.000000000000000000e+00,5.835286378860473633e-01,3.667635023593902588e-01,1.867931783199310303e-01,5.859730243682861328e-01,5.077950954437255859e-01,4.324608147144317627e-01,3.327428102493286133e-01,2.057601362466812134e-01,3.195002377033233643e-01,-8.886532485485076904e-02,3.749045431613922119e-01,3.798758983612060547e-01,2.127857208251953125e-01,5.591099858283996582e-01,3.244228661060333252e-01,4.098238646984100342e-01,4.428244829177856445e-01,1.305080354213714600e-01,3.710806369781494141e-01,3.065058290958404541e-01,4.506115317344665527e-01,1.510863900184631348e-01,7.706557512283325195e-01,4.262152016162872314e-01,2.326968163251876831e-01,4.395098686218261719e-01,6.495832800865173340e-01,5.659843683242797852e-01,6.453681588172912598e-01,6.062065958976745605e-01,5.744436383247375488e-01,4.164851009845733643e-01,5.494061857461929321e-02
-6.296977400779724121e-02,3.588842153549194336e-01,-2.332425564527511597e-01,4.856692999601364136e-02,-2.435504645109176636e-01,2.627016901969909668e-01,4.381840825080871582e-01,3.455725908279418945e-01,4.433163702487945557e-01,5.671350359916687012e-01,4.865904450416564941e-01,6.051952838897705078e-01,6.368290185928344727e-01,2.816478013992309570e-01,5.835286378860473633e-01,1.000000000000000000e+00,5.106561183929443359e-01,2.186080962419509888e-01,6.176968812942504883e-01,4.966214001178741455e-01,4.073229134082794189e-01,3.529550135135650635e-01,4.845326840877532959e-01,3.997761011123657227e-01,2.372654676437377930e-01,1.139086633920669556e-01,4.330119788646697998e-01,3.013187348842620850e-01,3.802105188369750977e-01,4.082692265510559082e-01,3.558528721332550049e-01,4.972879290580749512e-01,4.417594373226165771e-01,3.518449962139129639e-01,3.972268700599670410e-01,5.332724452018737793e-01,1.726513057947158813e-01,5.293743610382080078e-01,6.383948922157287598e-01,3.301770985126495361e-01,3.077571094036102295e-01,4.791896939277648926e-01,6.158926486968994141e-01,4.344432651996612549e-01,5.054385066032409668e-01,6.680246591567993164e-01,4.692163169384002686e-01,1.774908155202865601e-01
2.014678418636322021e-01,4.490403532981872559e-01,-7.315450906753540039e-02,3.102124333381652832e-01,7.261855993419885635e-03,6.008878350257873535e-01,8.045935630798339844e-01,3.805289268493652344e-01,3.601163029670715332e-01,5.217831730842590332e-01,4.348143339157104492e-01,5.310962796211242676e-01,6.333423852920532227e-01,1.548097431659698486e-01,3.667635023593902588e-01,5.106561183929443359e-01,1.000000000000000000e+00,7.382071018218994141e-01,5.446974039077758789e-01,7.049593329429626465e-01,6.833931207656860352e-01,7.479131817817687988e-01,6.386714577674865723e-01,5.233779549598693848e-01,1.174452006816864014e-01,1.456656306982040405e-01,4.153806269168853760e-01,3.542438447475433350e-01,4.665842056274414062e-01,3.824621737003326416e-01,7.230806350708007812e-01,5.718931555747985840e-01,3.217988014221191406e-01,3.548285663127899170e-01,4.711237922310829163e-02,4.021841585636138916e-01,2.956314980983734131e-01,3.707197606563568115e-01,3.012110292911529541e-01,5.329096317291259766e-01,4.033263027667999268e-01,5.902073979377746582e-01,6.609899401664733887e-01,4.304336905479431152e-01,4.873142838478088379e-01,5.781551599502563477e-01,5.038332343101501465e-01,4.246537983417510986e-01
2.822682559490203857e-01,4.488264024257659912e-01,-6.439618766307830811e-03,3.408472537994384766e-01,1.538713425397872925e-01,6.756244301795959473e-01,6.110377311706542969e-01,4.206217825412750244e-01,2.868051826953887939e-01,2.944375574588775635e-01,2.796929478645324707e-01,3.190740346908569336e-01,4.807924926280975342e-01,1.084606796503067017e-01,1.867931783199310303e-01,2.186080962419509888e-01,7.382071018218994141e-01,1.000000000000000000e+00,3.241246640682220459e-01,6.765564680099487305e-01,6.916290521621704102e-01,7.248234152793884277e-01,4.517962634563446045e-01,4.512388110160827637e-01,6.104478612542152405e-03,7.931518554687500000e-02,2.933228909969329834e-01,3.279390037059783936e-01,3.885930776596069336e-01,2.322739213705062866e-01,7.338723540306091309e-01,4.933252930641174316e-01,2.251029014587402344e-01,3.084574341773986816e-01,-1.175570562481880188e-01,2.703219950199127197e-01,2.354723960161209106e-01,2.783836424350738525e-01,2.121055126190185547e-01,4.771447181701660156e-01,4.025868475437164307e-01,4.632140696048736572e-01,5.711348652839660645e-01,3.046568036079406738e-01,3.544499874114990234e-01,4.089474678039550781e-01,4.412290453910827637e-01,2.399507910013198853e-01
1.138524487614631653e-01,4.630211591720581055e-01,-6.430705636739730835e-02,2.435570806264877319e-01,-2.557413280010223389e-01,3.204402327537536621e-01,5.642448067665100098e-01,3.992747366428375244e-01,4.058001935482025146e-01,5.528214573860168457e-01,4.254643619060516357e-01,6.251389384269714355e-01,5.505864024162292480e-01,2.584683001041412354e-01,5.859730243682861328e-01,6.176968812942504883e-01,5.446974039077758789e-01,3.241246640682220459e-01,1.000000000000000000e+00,6.330652832984924316e-01,4.979369044303894043e-01,5.236712694168090820e-01,4.181902408599853516e-01,4.404926896095275879e-01,3.309597373008728027e-01,3.144127726554870605e-01,3.263271749019622803e-01,3.588995635509490967e-01,4.446372687816619873e-01,2.970702052116394043e-01,4.848600029945373535e-01,6.249539852142333984e-01,3.758672177791595459e-01,2.617311477661132812e-01,2.479388266801834106e-01,3.460340201854705811e-01,3.463239073753356934e-01,4.500847458839416504e-01,4.380356967449188232e-01,2.910984754562377930e-01,3.764517307281494141e-01,5.348697304725646973e-01,6.491157412528991699e-01,5.018211603164672852e-01,6.352455615997314453e-01,6.932600736618041992e-01,5.410225987434387207e-01,2.464429438114166260e-01
1.514373868703842163e-01,5.202912688255310059e-01,-3.956150636076927185e-02,2.263095825910568237e-01,-3.487215191125869751e-02,5.524747967720031738e-01,6.350106000900268555e-01,5.263219475746154785e-01,3.665316402912139893e-01,6.259263753890991211e-01,4.350468218326568604e-01,6.196073293685913086e-01,7.350592017173767090e-01,2.129479944705963135e-01,5.077950954437255859e-01,4.966214001178741455e-01,7.049593329429626465e-01,6.765564680099487305e-01,6.330652832984924316e-01,1.000000000000000000e+00,8.529887199401855469e-01,7.550113201141357422e-01,5.090416073799133301e-01,5.419320464134216309e-01,9.171241521835327148e-02,2.412554025650024414e-01,3.448886275291442871e-01,3.914751410484313965e-01,5.299030542373657227e-01,3.496356606483459473e-01,7.739636898040771484e-01,6.869680285453796387e-01,3.055414557456970215e-01,4.093418419361114502e-01,1.875852644443511963e-01,4.869000613689422607e-01,1.818801313638687134e-01,4.922343194484710693e-01,4.285584092140197754e-01,5.987270474433898926e-01,4.783208370208740234e-01,6.780344843864440918e-01,7.506890892982482910e-01,4.308492243289947510e-01,5.624222159385681152e-01,6.739944219589233398e-01,5.664882063865661621e-01,1.896831095218658447e-01
1.780103594064712524e-01,4.337274730205535889e-01,-5.235088244080543518e-02,3.099602162837982178e-01,-5.972781032323837280e-02,5.367448329925537109e-01,6.023937463760375977e-01,4.478561878204345703e-01,2.856119871139526367e-01,6.646507978439331055e-01,3.863120973110198975e-01,6.211063265800476074e-01,7.690419554710388184e-01,1.174740940332412720e-01,4.324608147144317627e-01,4.073229134082794189e-01,6.833931207656860352e-01,6.916290521621704102e-01,4.979369044303894043e-01,8.529887199401855469e-01,1.000000000000000000e+00,8.377479314804077148e-01,4.657831788063049316e-01,5.064898729324340820e-01,5.349768698215484619e-02,1.754346489906311035e-01,2.529189884662628174e-01,2.514856755733489990e-01,4.499739408493041992e-01,2.331441044807434082e-01,7.727041244506835938e-01,6.851681470870971680e-01,1.779498010873794556e-01,2.799728214740753174e-01,8.880931138992309570e-02,3.961809277534484863e-01,2.676302492618560791e-01,3.942154049873352051e-01,2.792987227439880371e-01,5.693042278289794922e-01,4.549774825572967529e-01,6.918638944625854492e-01,7.427849769592285156e-01,3.279941082000732422e-01,5.321664214134216309e-01,6.698340773582458496e-01,5.181424617767333984e-01,2.470953464508056641e-01
2.635531723499298096e-01,4.510260224342346191e-01,-6.298054754734039307e-02,3.532419800758361816e-01,-7.342072576284408569e-02,5.588626265525817871e-01,6.328793764114379883e-01,3.986669778823852539e-01,2.791133224964141846e-01,5.565593242645263672e-01,3.741744458675384521e-01,5.475335121154785156e-01,6.912323236465454102e-01,8.261588215827941895e-02,3.327428102493286133e-01,3.529550135135650635e-01,7.479131817817687988e-01,7.248234152793884277e-01,5.236712694168090820e-01,7.550113201141357422e-01,8.377479314804077148e-01,1.000000000000000000e+00,6.265784502029418945e-01,5.265693068504333496e-01,1.154373735189437866e-01,1.104363352060317993e-01,3.095660209655761719e-01,2.880466282367706299e-01,4.269781708717346191e-01,1.812917143106460571e-01,7.312503457069396973e-01,7.246658205986022949e-01,2.787820398807525635e-01,2.867586612701416016e-01,1.749178022146224976e-02,3.319451808929443359e-01,3.254487812519073486e-01,2.957369685173034668e-01,1.994766592979431152e-01,5.212707519531250000e-01,4.625916182994842529e-01,5.842598080635070801e-01,6.888983249664306641e-01,3.196994066238403320e-01,4.749675393104553223e-01,6.012541651725769043e-01,5.492449402809143066e-01,5.370443463325500488e-01
2.136336416006088257e-01,1.611709147691726685e-01,-2.175870537757873535e-01,2.399060688912868500e-02,-1.144426837563514709e-01,2.537103891372680664e-01,4.413400888442993164e-01,1.302213966846466064e-01,8.874570578336715698e-02,2.850966751575469971e-01,1.502288877964019775e-01,3.108857870101928711e-01,5.486054420471191406e-01,-7.850562781095504761e-02,2.057601362466812134e-01,4.845326840877532959e-01,6.386714577674865723e-01,4.517962634563446045e-01,4.181902408599853516e-01,5.090416073799133301e-01,4.657831788063049316e-01,6.265784502029418945e-01,1.000000000000000000e+00,5.617458820343017578e-01,9.980085492134094238e-02,-3.289944306015968323e-02,2.906517088413238525e-01,1.778499186038970947e-01,2.048781067132949829e-01,2.180224657058715820e-01,4.310535490512847900e-01,5.578268766403198242e-01,3.026338815689086914e-01,2.258440256118774414e-01,2.934078313410282135e-02,5.053934454917907715e-01,1.937264055013656616e-01,1.393415778875350952e-01,2.422680258750915527e-01,5.834009051322937012e-01,2.179242819547653198e-01,2.365725189447402954e-01,3.512463867664337158e-01,1.552713364362716675e-01,2.192688733339309692e-01,3.518106043338775635e-01,5.629572868347167969e-01,7.100188732147216797e-01
2.491349428892135620e-01,4.084698557853698730e-01,-1.673316508531570435e-01,7.079669833183288574e-02,-3.458406031131744385e-02,3.935503959655761719e-01,4.563980996608734131e-01,2.931898534297943115e-01,1.877720654010772705e-01,3.688775897026062012e-01,1.876552700996398926e-01,3.360945880413055420e-01,5.366337895393371582e-01,1.279115974903106689e-01,3.195002377033233643e-01,3.997761011123657227e-01,5.233779549598693848e-01,4.512388110160827637e-01,4.404926896095275879e-01,5.419320464134216309e-01,5.064898729324340820e-01,5.265693068504333496e-01,5.617458820343017578e-01,1.000000000000000000e+00,1.455466449260711670e-01,7.107290625572204590e-02,1.805808544158935547e-01,1.915570199489593506e-01,3.674600422382354736e-01,3.012600243091583252e-01,6.039566993713378906e-01,6.399025321006774902e-01,1.874494105577468872e-01,2.132489830255508423e-01,2.158731371164321899e-01,6.410363316535949707e-01,1.779119968414306641e-01,3.139833509922027588e-01,3.998673260211944580e-01,6.189114451408386230e-01,3.407270312309265137e-01,3.604015409946441650e-01,4.463261663913726807e-01,2.552418112754821777e-01,3.409703671932220459e-01,4.324346780776977539e-01,7.478309273719787598e-01,2.776509523391723633e-01
2.470792829990386963e-02,2.477688491344451904e-01,-3.109498918056488037e-01,-1.455136090517044067e-01,-4.452210962772369385e-01,1.053172275424003601e-01,4.428161680698394775e-02,1.756078451871871948e-01,7.131317257881164551e-02,8.058045804500579834e-02,9.088134765625000000e-02,1.062284633517265320e-01,2.939125001430511475e-01,1.031706705689430237e-01,-8.886532485485076904e-02,2.372654676437377930e-01,1.174452006816864014e-01,6.104478612542152405e-03,3.309597373008728027e-01,9.171241521835327148e-02,5.349768698215484619e-02,1.154373735189437866e-01,9.980085492134094238e-02,1.455466449260711670e-01,1.000000000000000000e+00,-9.602539986371994019e-02,1.734136603772640228e-02,2.738256156444549561e-01,-2.575488202273845673e-02,9.014704264700412750e-03,6.196368858218193054e-02,2.863728404045104980e-01,5.236284136772155762e-01,-1.388242244720458984e-01,3.497886359691619873e-01,-2.689899876713752747e-02,6.624771654605865479e-02,-8.623741567134857178e-02,1.908127516508102417e-01,5.099546164274215698e-02,8.821620605885982513e-03,7.683859765529632568e-02,1.696277707815170288e-01,-7.386875804513692856e-03,1.420876532793045044e-01,3.302969336509704590e-01,2.202665358781814575e-01,-1.251770532689988613e-03
-3.582074865698814392e-02,2.032124102115631104e-01,3.408392369747161865e-01,3.205031156539916992e-01,7.191009819507598877e-02,2.114996761083602905e-01,4.152608215808868408e-01,1.107424795627593994e-01,2.194362729787826538e-01,3.319303691387176514e-01,2.366949915885925293e-01,3.341294527053833008e-01,8.868452906608581543e-02,2.307091504335403442e-01,3.749045431613922119e-01,1.139086633920669556e-01,1.456656306982040405e-01,7.931518554687500000e-02,3.144127726554870605e-01,2.412554025650024414e-01,1.754346489906311035e-01,1.104363352060317993e-01,-3.289944306015968323e-02,7.107290625572204590e-02,-9.602539986371994019e-02,1.000000000000000000e+00,1.925197392702102661e-01,2.890713810920715332e-01,5.107387900352478027e-01,7.589308172464370728e-02,1.879877299070358276e-01,7.578622549772262573e-02,-4.716439172625541687e-02,1.760233491659164429e-01,1.087128445506095886e-01,1.745528131723403931e-01,1.378818601369857788e-01,3.594974577426910400e-01,2.345896363258361816e-01,2.406494505703449249e-02,3.070155978202819824e-01,3.530962169170379639e-01,2.325371056795120239e-01,4.087376296520233154e-01,3.056601583957672119e-01,2.161302715539932251e-01,1.188044175505638123e-01,-9.095013886690139771e-02
-2.763195931911468506e-01,4.257221221923828125e-01,7.495101541280746460e-02,2.012240886688232422e-01,-6.396219879388809204e-02,3.356170356273651123e-01,4.562524557113647461e-01,2.449132651090621948e-01,4.215112328529357910e-01,2.600174248218536377e-01,5.014519095420837402e-01,3.611113429069519043e-01,3.715662658214569092e-01,2.491756081581115723e-01,3.798758983612060547e-01,4.330119788646697998e-01,4.153806269168853760e-01,2.933228909969329834e-01,3.263271749019622803e-01,3.448886275291442871e-01,2.529189884662628174e-01,3.095660209655761719e-01,2.906517088413238525e-01,1.805808544158935547e-01,1.734136603772640228e-02,1.925197392702102661e-01,1.000000000000000000e+00,5.407656431198120117e-01,6.368064880371093750e-01,4.496663808822631836e-01,3.455244898796081543e-01,2.612763345241546631e-01,5.878338813781738281e-01,7.167042493820190430e-01,1.863532513380050659e-01,3.128617703914642334e-01,8.209435641765594482e-02,4.976132810115814209e-01,3.373683094978332520e-01,2.148566693067550659e-01,3.776055872440338135e-01,4.161358177661895752e-01,5.023005008697509766e-01,4.506008028984069824e-01,4.228264987468719482e-01,4.154207110404968262e-01,2.330023348331451416e-01,1.506848037242889404e-01
-1.087430566549301147e-01,5.204991102218627930e-01,3.251706659793853760e-01,1.949984282255172729e-01,-2.082923799753189087e-01,4.023616015911102295e-01,3.779081404209136963e-01,3.668225705623626709e-01,4.179426431655883789e-01,1.426419168710708618e-01,4.655981957912445068e-01,2.560427486896514893e-01,3.457418978214263916e-01,2.901869416236877441e-01,2.127857208251953125e-01,3.013187348842620850e-01,3.542438447475433350e-01,3.279390037059783936e-01,3.588995635509490967e-01,3.914751410484313965e-01,2.514856755733489990e-01,2.880466282367706299e-01,1.778499186038970947e-01,1.915570199489593506e-01,2.738256156444549561e-01,2.890713810920715332e-01,5.407656431198120117e-01,1.000000000000000000e+00,6.550106406211853027e-01,3.569776713848114014e-01,3.827592730522155762e-01,3.315891325473785400e-01,6.264648437500000000e-01,4.555910527706146240e-01,2.906129658222198486e-01,2.850800752639770508e-01,3.728518262505531311e-02,3.211209774017333984e-01,3.425766825675964355e-01,2.945866584777832031e-01,4.080157876014709473e-01,3.493158519268035889e-01,4.268425703048706055e-01,3.995571732521057129e-01,4.092039167881011963e-01,3.732043206691741943e-01,2.905324697494506836e-01,-1.985784061253070831e-02
-9.031672030687332153e-02,6.129587292671203613e-01,2.602873742580413818e-01,3.244799077510833740e-01,-4.346862062811851501e-02,4.815606772899627686e-01,5.713860392570495605e-01,4.095031917095184326e-01,5.243492722511291504e-01,4.732133448123931885e-01,5.342019796371459961e-01,4.916986227035522461e-01,4.173514544963836670e-01,3.905078172683715820e-01,5.591099858283996582e-01,3.802105188369750977e-01,4.665842056274414062e-01,3.885930776596069336e-01,4.446372687816619873e-01,5.299030542373657227e-01,4.499739408493041992e-01,4.269781708717346191e-01,2.048781067132949829e-01,3.674600422382354736e-01,-2.575488202273845673e-02,5.107387900352478027e-01,6.368064880371093750e-01,6.550106406211853027e-01,1.000000000000000000e+00,4.685682952404022217e-01,5.742046236991882324e-01,4.263212382793426514e-01,3.424721360206604004e-01,5.700387358665466309e-01,2.843609750270843506e-01,4.660221040248870850e-01,1.059781908988952637e-01,6.553659439086914062e-01,4.171671271324157715e-01,3.914657533168792725e-01,5.723140835762023926e-01,6.244452595710754395e-01,5.825006961822509766e-01,6.456157565116882324e-01,5.977355241775512695e-01,4.849718511104583740e-01,3.878986835479736328e-01,3.620751202106475830e-02
1.151996850967407227e-01,3.628723323345184326e-01,-3.162804618477821350e-02,-1.169863641262054443e-01,-6.504296790808439255e-03,1.730180084705352783e-01,3.539530634880065918e-01,2.916191518306732178e-01,5.088586807250976562e-01,2.489114105701446533e-01,4.282560944557189941e-01,2.727887332439422607e-01,2.792504131793975830e-01,2.270958870649337769e-01,3.244228661060333252e-01,4.082692265510559082e-01,3.824621737003326416e-01,2.322739213705062866e-01,2.970702052116394043e-01,3.496356606483459473e-01,2.331441044807434082e-01,1.812917143106460571e-01,2.180224657058715820e-01,3.012600243091583252e-01,9.014704264700412750e-03,7.589308172464370728e-02,4.496663808822631836e-01,3.569776713848114014e-01,4.685682952404022217e-01,1.000000000000000000e+00,4.141682386398315430e-01,2.981352210044860840e-01,2.954404652118682861e-01,4.720954298973083496e-01,1.264880895614624023e-01,4.463776648044586182e-01,-3.605502471327781677e-02,4.778876304626464844e-01,2.795442342758178711e-01,3.606336414813995361e-01,1.664481908082962036e-01,2.767355740070343018e-01,3.974215984344482422e-01,4.601606428623199463e-01,4.064569473266601562e-01,3.489817678928375244e-01,2.218621671199798584e-01,7.411660254001617432e-02
2.856187522411346436e-01,5.605849623680114746e-01,-1.343447715044021606e-03,2.049503177404403687e-01,3.851836919784545898e-02,5.859596133232116699e-01,6.452733278274536133e-01,4.791242182254791260e-01,3.437441587448120117e-01,4.896174073219299316e-01,3.824554383754730225e-01,4.475409388542175293e-01,5.945160388946533203e-01,2.148584723472595215e-01,4.098238646984100342e-01,3.558528721332550049e-01,7.230806350708007812e-01,7.338723540306091309e-01,4.848600029945373535e-01,7.739636898040771484e-01,7.727041244506835938e-01,7.312503457069396973e-01,4.310535490512847900e-01,6.039566993713378906e-01,6.196368858218193054e-02,1.879877299070358276e-01,3.455244898796081543e-01,3.827592730522155762e-01,5.742046236991882324e-01,4.141682386398315430e-01,1.000000000000000000e+00,6.565008759498596191e-01,2.413215339183807373e-01,3.433744311332702637e-01,7.230069488286972046e-02,5.053744912147521973e-01,1.224940717220306396e-01,4.501554071903228760e-01,3.155238032341003418e-01,6.623964309692382812e-01,4.449591338634490967e-01,6.192742586135864258e-01,6.703037619590759277e-01,4.587499797344207764e-01,4.833920300006866455e-01,5.464667677879333496e-01,5.815594196319580078e-01,1.726074963808059692e-01
2.400919497013092041e-01,4.262022078037261963e-01,-1.524360477924346924e-01,1.405085176229476929e-01,-2.102817147970199585e-01,3.876226246356964111e-01,4.673819243907928467e-01,4.577851593494415283e-01,3.296700716018676758e-01,5.524505972862243652e-01,3.523894548416137695e-01,5.451553463935852051e-01,6.823701262474060059e-01,1.641427576541900635e-01,4.428244829177856445e-01,4.972879290580749512e-01,5.718931555747985840e-01,4.933252930641174316e-01,6.249539852142333984e-01,6.869680285453796387e-01,6.851681470870971680e-01,7.246658205986022949e-01,5.578268766403198242e-01,6.399025321006774902e-01,2.863728404045104980e-01,7.578622549772262573e-02,2.612763345241546631e-01,3.315891325473785400e-01,4.263212382793426514e-01,2.981352210044860840e-01,6.565008759498596191e-01,1.000000000000000000e+00,3.059740364551544189e-01,2.574071586132049561e-01,2.294712066650390625e-01,4.632977247238159180e-01,2.675043940544128418e-01,3.839194178581237793e-01,3.482391536235809326e-01,5.463181734085083008e-01,4.249877035617828369e-01,5.179535150527954102e-01,6.524354815483093262e-01,3.267245888710021973e-01,5.095073580741882324e-01,6.416524052619934082e-01,6.966933012008666992e-01,3.453552126884460449e-01
-1.665890663862228394e-01,4.934211671352386475e-01,-1.376316845417022705e-01,-1.080760825425386429e-02,-3.539594411849975586e-01,2.529167830944061279e-01,2.628436982631683350e-01,2.488306015729904175e-01,3.087075650691986084e-01,1.241407617926597595e-01,3.845267593860626221e-01,2.222474813461303711e-01,4.353497922420501709e-01,1.643124520778656006e-01,1.305080354213714600e-01,4.417594373226165771e-01,3.217988014221191406e-01,2.251029014587402344e-01,3.758672177791595459e-01,3.055414557456970215e-01,1.779498010873794556e-01,2.787820398807525635e-01,3.026338815689086914e-01,1.874494105577468872e-01,5.236284136772155762e-01,-4.716439172625541687e-02,5.878338813781738281e-01,6.264648437500000000e-01,3.424721360206604004e-01,2.954404652118682861e-01,2.413215339183807373e-01,3.059740364551544189e-01,1.000000000000000000e+00,3.595553040504455566e-01,2.982890903949737549e-01,1.867061108350753784e-01,4.330892115831375122e-02,2.003032565116882324e-01,3.723429143428802490e-01,1.452510207891464233e-01,2.829062938690185547e-01,2.414800077676773071e-01,4.044144749641418457e-01,2.183604687452316284e-01,2.758758664131164551e-01,4.294210672378540039e-01,2.740676999092102051e-01,1.427418440580368042e-01
