1.000000000000000000e+00,2.897511422634124756e-01,6.476052999496459961e-01,2.268597781658172607e-01,6.651019454002380371e-01,3.538752198219299316e-01,2.531228065490722656e-01,1.755762249231338501e-01,2.210372090339660645e-01,6.457586586475372314e-02,1.415402740240097046e-01,6.138750910758972168e-02,5.233979597687721252e-02,1.999279409646987915e-01,1.565968841314315796e-01,5.715563148260116577e-02,3.756257891654968262e-01,1.946598440408706665e-01,6.818871200084686279e-02,1.245095655322074890e-01,1.317335218191146851e-01,2.106009125709533691e-01,2.555822432041168213e-01,1.523169577121734619e-01,1.120712608098983765e-01,3.099671006202697754e-01,1.308475434780120850e-01,5.133179426193237305e-01,2.854919731616973877e-01,-1.430098805576562881e-02,2.386348880827426910e-02,2.632591873407363892e-03,2.917090356349945068e-01,5.335339158773422241e-02,-2.760725468397140503e-02,5.719039216637611389e-02,8.021224290132522583e-02,2.114861708832904696e-04,-2.969933208078145981e-03,2.083610892295837402e-01,3.376089334487915039e-01,6.388020515441894531e-02,3.235479816794395447e-02,8.370902389287948608e-02,-1.242414489388465881e-01,1.468099057674407959e-01,1.620376855134963989e-01,2.195373773574829102e-01
2.897511422634124756e-01,1.000000000000000000e+00,2.145991921424865723e-01,3.386843800544738770e-01,3.504607081413269043e-01,4.181904494762420654e-01,8.375284075736999512e-02,4.198426604270935059e-01,3.532094359397888184e-01,3.615500926971435547e-01,3.192503452301025391e-01,3.355256021022796631e-01,1.045497804880142212e-01,3.027168810367584229e-01,3.838446140289306641e-01,3.466514125466346741e-02,2.002353370189666748e-01,2.609171569347381592e-01,5.025712773203849792e-02,9.850022941827774048e-02,2.504554092884063721e-01,2.196078896522521973e-01,9.960412234067916870e-02,1.493652462959289551e-01,7.134470343589782715e-02,2.667030394077301025e-01,2.835358083248138428e-01,4.607229530811309814e-01,4.635511636734008789e-01,2.860505878925323486e-01,3.643805682659149170e-01,5.159860849380493164e-02,1.013874039053916931e-01,4.859364032745361328e-01,2.955757379531860352e-01,2.022866606712341309e-01,3.861097991466522217e-01,3.404720127582550049e-01,1.432032138109207153e-01,2.303235381841659546e-01,5.102230310440063477e-01,4.517157971858978271e-01,1.828422695398330688e-01,5.077129602432250977e-01,2.030357271432876587e-01,3.295056223869323730e-01,1.848448663949966431e-01,6.605200469493865967e-02
6.476052999496459961e-01,2.145991921424865723e-01,1.000000000000000000e+00,4.805590808391571045e-01,5.706838369369506836e-01,3.960420191287994385e-01,3.564097881317138672e-01,-7.276253402233123779e-02,2.269753515720367432e-01,3.427734076976776123e-01,-7.644689083099365234e-02,2.428548336029052734e-01,2.039427906274795532e-01,-2.711126394569873810e-02,3.320840597152709961e-01,2.634740173816680908e-01,4.687180817127227783e-01,1.443748921155929565e-01,2.829557061195373535e-01,2.084967494010925293e-01,8.301380276679992676e-02,1.279204785823822021e-01,1.763207912445068359e-01,1.496050059795379639e-01,-9.704344719648361206e-02,6.003513932228088379e-01,6.021317839622497559e-02,4.773658215999603271e-01,2.488971948623657227e-01,9.706476330757141113e-02,1.067133992910385132e-01,1.152955219149589539e-01,1.182658225297927856e-01,-7.437572628259658813e-02,1.233419775962829590e-01,2.081125676631927490e-01,-5.417633801698684692e-02,-2.374650351703166962e-02,3.546696305274963379e-01,1.354458183050155640e-01,2.057960927486419678e-01,2.872246503829956055e-01,2.812129855155944824e-01,5.293253809213638306e-02,1.619442850351333618e-01,4.440995156764984131e-01,1.273869574069976807e-01,-6.878110766410827637e-02
2.268597781658172607e-01,3.386843800544738770e-01,4.805590808391571045e-01,1.000000000000000000e+00,3.300999402999877930e-01,4.180961251258850098e-01,3.652594983577728271e-01,7.908118516206741333e-02,3.060026168823242188e-01,3.876908719539642334e-01,2.223066687583923340e-01,3.383542895317077637e-01,2.633565068244934082e-01,1.202712953090667725e-01,3.284277319908142090e-01,2.104982286691665649e-01,3.720091879367828369e-01,3.705261945724487305e-01,2.639010082930326462e-03,2.195676118135452271e-01,3.133963346481323242e-01,3.267628550529479980e-01,1.247089281678199768e-01,8.822833001613616943e-02,-1.593193709850311279e-01,4.247814416885375977e-01,9.811490029096603394e-02,2.846064567565917969e-01,1.315471380949020386e-01,1.693624407052993774e-01,2.735565304756164551e-01,2.024105787277221680e-01,-6.159979477524757385e-02,1.564438045024871826e-01,2.126322090625762939e-01,2.058870196342468262e-01,1.453658342361450195e-01,7.893113046884536743e-02,2.709826529026031494e-01,1.375393718481063843e-01,2.834290266036987305e-01,5.077452063560485840e-01,2.033871561288833618e-01,1.607785224914550781e-01,1.689707636833190918e-01,4.498791098594665527e-01,1.214505806565284729e-01,1.788867823779582977e-02
6.651019454002380371e-01,3.504607081413269043e-01,5.706838369369506836e-01,3.300999402999877930e-01,1.000000000000000000e+00,5.747195482254028320e-01,3.005425035953521729e-01,2.560277283191680908e-01,7.157328724861145020e-02,4.045114666223526001e-02,6.104607880115509033e-02,-4.645875468850135803e-02,6.365600973367691040e-02,2.743136882781982422e-01,1.155130118131637573e-01,5.627573281526565552e-02,5.438615083694458008e-01,3.715805411338806152e-01,1.637056320905685425e-01,3.115247786045074463e-01,3.477196991443634033e-01,4.310203194618225098e-01,4.357900023460388184e-01,4.187993407249450684e-01,-2.021107375621795654e-01,3.277727365493774414e-01,1.278527230024337769e-01,4.343826472759246826e-01,2.224562019109725952e-01,5.345195159316062927e-02,2.117998450994491577e-01,1.299866437911987305e-01,2.637475132942199707e-01,7.977211475372314453e-02,-4.847977310419082642e-02,2.339119911193847656e-01,9.386997669935226440e-02,-2.140000462532043457e-01,8.215940743684768677e-02,2.826238572597503662e-01,5.400524139404296875e-01,1.240423694252967834e-02,6.701970100402832031e-02,-2.430375851690769196e-02,-1.248304098844528198e-01,2.661402225494384766e-01,3.494537770748138428e-01,3.327260613441467285e-01
3.538752198219299316e-01,4.181904494762420654e-01,3.960420191287994385e-01,4.180961251258850098e-01,5.747195482254028320e-01,1.000000000000000000e+00,4.332640767097473145e-01,9.627936035394668579e-02,2.551797926425933838e-01,2.887419760227203369e-01,3.419985994696617126e-02,2.995290458202362061e-01,2.923364639282226562e-01,2.491972595453262329e-02,4.522785246372222900e-01,3.571855127811431885e-01,5.903598070144653320e-01,3.642384409904479980e-01,2.049052715301513672e-01,3.588151335716247559e-01,2.540527880191802979e-01,3.126957714557647705e-01,4.197816848754882812e-01,2.135072052478790283e-01,-1.205799654126167297e-01,3.587684333324432373e-01,1.766996234655380249e-01,4.075988233089447021e-01,3.256672024726867676e-01,1.011045277118682861e-01,1.417587995529174805e-01,1.434846520423889160e-01,9.800948947668075562e-02,1.340645402669906616e-01,1.124092712998390198e-01,9.536781162023544312e-02,2.843271940946578979e-03,9.923195093870162964e-02,2.709174752235412598e-01,2.245724201202392578e-01,3.529740869998931885e-01,3.765252828598022461e-01,1.609326004981994629e-01,2.081860154867172241e-01,1.709010750055313110e-01,3.904944360256195068e-01,1.875430941581726074e-01,8.418989181518554688e-02
2.531228065490722656e-01,8.375284075736999512e-02,3.564097881317138672e-01,3.652594983577728271e-01,3.005425035953521729e-01,4.332640767097473145e-01,1.000000000000000000e+00,2.255473844707012177e-02,3.158757686614990234e-01,2.243297994136810303e-01,1.532819867134094238e-01,1.108791604638099670e-01,3.181042075157165527e-01,6.923712790012359619e-02,1.201560273766517639e-01,3.882271051406860352e-01,6.488045454025268555e-01,2.800173461437225342e-01,1.280011832714080811e-01,2.903214395046234131e-01,1.300920248031616211e-01,2.489511221647262573e-01,4.694004058837890625e-01,1.398771852254867554e-01,2.066713292151689529e-03,4.586216807365417480e-01,1.840623766183853149e-01,2.006026208400726318e-01,3.093789517879486084e-01,2.857610881328582764e-01,1.218787580728530884e-01,1.667302250862121582e-01,7.815805077552795410e-02,1.572284474968910217e-02,2.308239936828613281e-01,1.907121539115905762e-01,4.766756296157836914e-02,-1.110515370965003967e-02,3.564080297946929932e-01,4.461561739444732666e-01,1.850004643201828003e-01,2.628506720066070557e-01,6.364876031875610352e-02,9.196952730417251587e-02,1.716927140951156616e-01,2.952415645122528076e-01,1.968495547771453857e-01,2.021201252937316895e-01
1.755762249231338501e-01,4.198426604270935059e-01,-7.276253402233123779e-02,7.908118516206741333e-02,2.560277283191680908e-01,9.627936035394668579e-02,2.255473844707012177e-02,1.000000000000000000e+00,3.543044924736022949e-01,6.495722383260726929e-02,6.199020743370056152e-01,1.541536748409271240e-01,9.002431295812129974e-03,7.210835814476013184e-01,9.563919901847839355e-02,-1.855210512876510620e-01,1.991506367921829224e-01,3.004764616489410400e-01,-3.822963312268257141e-02,1.211564168334007263e-01,3.235597014427185059e-01,2.842535674571990967e-01,1.347738951444625854e-01,2.204181700944900513e-01,1.343502104282379150e-01,5.826978944242000580e-03,4.029799997806549072e-01,9.349945932626724243e-02,5.636835470795631409e-02,1.349247992038726807e-01,4.566596150398254395e-01,5.589800700545310974e-02,2.817416489124298096e-01,5.690014958381652832e-01,2.796204984188079834e-01,2.101483047008514404e-01,7.503492236137390137e-01,1.434248238801956177e-01,-9.245493263006210327e-02,2.620987892150878906e-01,3.830918073654174805e-01,9.143576025962829590e-02,-1.138963922858238220e-02,4.215148091316223145e-01,-2.752680182456970215e-01,8.738124370574951172e-02,2.207978367805480957e-01,2.526552379131317139e-01
2.210372090339660645e-01,3.532094359397888184e-01,2.269753515720367432e-01,3.060026168823242188e-01,7.157328724861145020e-02,2.551797926425933838e-01,3.158757686614990234e-01,3.543044924736022949e-01,1.000000000000000000e+00,4.230395555496215820e-01,4.544664621353149414e-01,5.077140927314758301e-01,3.874831199645996094e-01,2.748967707157135010e-01,3.998904824256896973e-01,2.436649799346923828e-01,3.100917637348175049e-01,2.351064980030059814e-01,2.335189469158649445e-02,1.609378904104232788e-01,8.604978770017623901e-02,8.690399676561355591e-02,1.386472284793853760e-01,-1.461506783962249756e-01,2.205680757761001587e-01,3.393576145172119141e-01,3.654482066631317139e-01,2.436442375183105469e-01,1.713943481445312500e-01,2.791804075241088867e-01,2.807979881763458252e-01,-3.554191067814826965e-02,1.015947461128234863e-01,3.415160775184631348e-01,3.495035767555236816e-01,1.502875797450542450e-02,3.893958032131195068e-01,3.728205859661102295e-01,1.663870960474014282e-01,2.740650773048400879e-01,1.088178828358650208e-01,4.984542429447174072e-01,1.722507029771804810e-01,5.791093707084655762e-01,1.808060556650161743e-01,3.559558987617492676e-01,2.532665804028511047e-02,7.828246802091598511e-02
6.457586586475372314e-02,3.615500926971435547e-01,3.427734076976776123e-01,3.876908719539642334e-01,4.045114666223526001e-02,2.887419760227203369e-01,2.243297994136810303e-01,6.495722383260726929e-02,4.230395555496215820e-01,1.000000000000000000e+00,8.042313903570175171e-02,7.898511886596679688e-01,4.845428466796875000e-01,-3.945444151759147644e-02,7.227128744125366211e-01,4.315408170223236084e-01,3.087273240089416504e-01,1.505110412836074829e-01,3.412377834320068359e-01,2.728119194507598877e-01,1.239715144038200378e-01,1.044070869684219360e-01,1.219430938363075256e-01,-7.111257314682006836e-02,5.406717769801616669e-03,4.805756807327270508e-01,1.317264288663864136e-01,1.286730915307998657e-01,7.319499552249908447e-02,2.104800492525100708e-01,2.861136794090270996e-01,1.758220344781875610e-01,-1.726967096328735352e-01,1.839041709899902344e-01,4.780040681362152100e-01,1.694707572460174561e-01,1.426919102668762207e-01,4.404518008232116699e-01,4.915837347507476807e-01,1.300340890884399414e-01,-2.417849563062191010e-02,7.099983692169189453e-01,5.977097749710083008e-01,5.256749987602233887e-01,5.663133859634399414e-01,7.423381805419921875e-01,1.862629130482673645e-02,-1.323100328445434570e-01
1.415402740240097046e-01,3.192503452301025391e-01,-7.644689083099365234e-02,2.223066687583923340e-01,6.104607880115509033e-02,3.419985994696617126e-02,1.532819867134094238e-01,6.199020743370056152e-01,4.544664621353149414e-01,8.042313903570175171e-02,1.000000000000000000e+00,2.041794806718826294e-01,9.471491724252700806e-02,7.105448842048645020e-01,1.256420016288757324e-01,-4.151947796344757080e-02,1.710737198591232300e-01,3.581403493881225586e-01,-1.089631319046020508e-01,7.842575758695602417e-02,3.398687839508056641e-01,3.062028586864471436e-01,1.240081787109375000e-01,7.649148255586624146e-02,4.604930430650711060e-02,5.426469072699546814e-02,3.046196997165679932e-01,1.473331749439239502e-01,1.197191886603832245e-02,7.471369206905364990e-02,3.413629531860351562e-01,3.925830125808715820e-02,1.066959202289581299e-01,5.230175256729125977e-01,1.907833814620971680e-01,1.854500360786914825e-02,6.827362775802612305e-01,1.732930988073348999e-01,-1.056729480624198914e-01,3.190982341766357422e-01,3.897598683834075928e-01,2.319018244743347168e-01,2.320878440514206886e-03,4.188693463802337646e-01,-2.555212974548339844e-01,8.831565827131271362e-02,1.374479830265045166e-01,3.026275932788848877e-01
6.138750910758972168e-02,3.355256021022796631e-01,2.428548336029052734e-01,3.383542895317077637e-01,-4.645875468850135803e-02,2.995290458202362061e-01,1.108791604638099670e-01,1.541536748409271240e-01,5.077140927314758301e-01,7.898511886596679688e-01,2.041794806718826294e-01,1.000000000000000000e+00,5.633503794670104980e-01,2.837725542485713959e-02,8.031424880027770996e-01,4.406142234802246094e-01,2.532352805137634277e-01,1.990228891372680664e-01,3.242217004299163818e-01,2.915406227111816406e-01,1.491004377603530884e-01,9.304769337177276611e-02,1.002243980765342712e-01,-1.545475274324417114e-01,1.157670244574546814e-01,4.074978530406951904e-01,1.502675116062164307e-01,1.747292280197143555e-01,4.442888125777244568e-02,1.143381595611572266e-01,2.466600835323333740e-01,1.255561709403991699e-01,-1.228481531143188477e-01,2.617301940917968750e-01,4.399288594722747803e-01,4.647381231188774109e-02,2.222871184349060059e-01,5.663440227508544922e-01,4.080125093460083008e-01,9.527694433927536011e-02,-5.493284016847610474e-02,6.906473636627197266e-01,5.162656307220458984e-01,5.970693826675415039e-01,4.272698462009429932e-01,6.641545295715332031e-01,-6.704320758581161499e-02,-1.656842827796936035e-01
5.233979597687721252e-02,1.045497804880142212e-01,2.039427906274795532e-01,2.633565068244934082e-01,6.365600973367691040e-02,2.923364639282226562e-01,3.181042075157165527e-01,9.002431295812129974e-03,3.874831199645996094e-01,4.845428466796875000e-01,9.471491724252700806e-02,5.633503794670104980e-01,1.000000000000000000e+00,6.342978030443191528e-02,5.074710249900817871e-01,7.087377309799194336e-01,4.670333266258239746e-01,4.241794347763061523e-01,4.958924949169158936e-01,6.454978585243225098e-01,3.375156521797180176e-01,3.160948157310485840e-01,5.404183268547058105e-01,-7.349145412445068359e-02,-4.444621875882148743e-02,3.558576703071594238e-01,2.140294946730136871e-02,1.237843930721282959e-01,-1.562695354223251343e-01,-1.500383485108613968e-02,1.229104474186897278e-01,2.100179046392440796e-01,3.648980334401130676e-02,-4.827823117375373840e-02,1.159833669662475586e-01,-2.422630414366722107e-02,-5.418456345796585083e-02,2.422462701797485352e-01,3.718789219856262207e-01,3.656072616577148438e-01,6.822617352008819580e-02,4.309585988521575928e-01,4.132576584815979004e-01,2.637738287448883057e-01,3.214633762836456299e-01,5.364379882812500000e-01,1.594293117523193359e-02,1.558136492967605591e-01
1.999279409646987915e-01,3.027168810367584229e-01,-2.711126394569873810e-02,1.202712953090667725e-01,2.743136882781982422e-01,2.491972595453262329e-02,6.923712790012359619e-02,7.210835814476013184e-01,2.748967707157135010e-01,-3.945444151759147644e-02,7.105448842048645020e-01,2.837725542485713959e-02,6.342978030443191528e-02,1.000000000000000000e+00,1.364768249914050102e-03,-1.036979407072067261e-01,1.910978108644485474e-01,3.811850547790527344e-01,2.780727576464414597e-03,1.396611481904983521e-01,3.491085767745971680e-01,3.876569271087646484e-01,1.830026209354400635e-01,2.083251476287841797e-01,1.871469244360923767e-02,2.750368602573871613e-02,3.199677169322967529e-01,1.250458806753158569e-01,-8.000200241804122925e-02,-2.721053082495927811e-03,3.518964648246765137e-01,1.494280248880386353e-01,3.370479941368103027e-01,4.147963225841522217e-01,1.271437406539916992e-01,1.112585067749023438e-01,6.879785656929016113e-01,-9.716576896607875824e-03,-1.275518536567687988e-01,3.221646845340728760e-01,5.422949790954589844e-01,1.817454397678375244e-02,-5.386267229914665222e-02,2.719436287879943848e-01,-3.511469662189483643e-01,4.442043974995613098e-02,2.644622027873992920e-01,3.827599585056304932e-01
1.565968841314315796e-01,3.838446140289306641e-01,3.320840597152709961e-01,3.284277319908142090e-01,1.155130118131637573e-01,4.522785246372222900e-01,1.201560273766517639e-01,9.563919901847839355e-02,3.998904824256896973e-01,7.227128744125366211e-01,1.256420016288757324e-01,8.031424880027770996e-01,5.074710249900817871e-01,1.364768249914050102e-03,1.000000000000000000e+00,4.997181296348571777e-01,3.313885927200317383e-01,2.174956947565078735e-01,3.870429992675781250e-01,3.155147135257720947e-01,1.786309033632278442e-01,1.412777155637741089e-01,1.723988205194473267e-01,-1.954770646989345551e-02,2.208094857633113861e-02,4.123965501785278320e-01,9.826492518186569214e-02,2.968851625919342041e-01,1.348841041326522827e-01,5.939157307147979736e-02,2.059933990240097046e-01,1.663661301136016846e-01,-1.261095255613327026e-01,2.325485795736312866e-01,3.663568198680877686e-01,6.669276952743530273e-02,1.427646130323410034e-01,5.070673823356628418e-01,4.291606247425079346e-01,1.402557045221328735e-01,3.614770993590354919e-02,6.585406064987182617e-01,5.068614482879638672e-01,5.569698810577392578e-01,4.658455252647399902e-01,6.436496973037719727e-01,1.261723414063453674e-02,-1.560397744178771973e-01
5.715563148260116577e-02,3.466514125466346741e-02,2.634740173816680908e-01,2.104982286691665649e-01,5.627573281526565552e-02,3.571855127811431885e-01,3.882271051406860352e-01,-1.855210512876510620e-01,2.436649799346923828e-01,4.315408170223236084e-01,-4.151947796344757080e-02,4.406142234802246094e-01,7.087377309799194336e-01,-1.036979407072067261e-01,4.997181296348571777e-01,1.000000000000000000e+00,4.426374137401580811e-01,1.582145094871520996e-01,3.841160535812377930e-01,4.210651516914367676e-01,8.896640688180923462e-02,8.863872289657592773e-02,4.415064454078674316e-01,-9.552477300167083740e-02,-8.731386065483093262e-02,3.337619304656982422e-01,-9.304746985435485840e-02,1.441339105367660522e-01,-6.232455745339393616e-02,-2.897487580776214600e-02,-1.719738990068435669e-01,4.928709194064140320e-02,-3.043388761579990387e-02,-2.562358975410461426e-01,7.928490638732910156e-02,-2.004330419003963470e-02,-2.690228223800659180e-01,1.078623607754707336e-01,5.408174395561218262e-01,2.485863864421844482e-01,-1.468882430344820023e-02,4.369703829288482666e-01,3.215149939060211182e-01,1.320472061634063721e-01,4.136314392089843750e-01,4.679841995239257812e-01,-1.027832776308059692e-01,-3.849442349746823311e-03
3.756257891654968262e-01,2.002353370189666748e-01,4.687180817127227783e-01,3.720091879367828369e-01,5.438615083694458008e-01,5.903598070144653320e-01,6.488045454025268555e-01,1.991506367921829224e-01,3.100917637348175049e-01,3.087273240089416504e-01,1.710737198591232300e-01,2.532352805137634277e-01,4.670333266258239746e-01,1.910978108644485474e-01,3.313885927200317383e-01,4.426374137401580811e-01,1.000000000000000000e+00,5.401977896690368652e-01,4.532734155654907227e-01,6.328783035278320312e-01,4.105085432529449463e-01,4.387249648571014404e-01,6.687344312667846680e-01,3.551025092601776123e-01,-2.111601829528808594e-01,5.362235307693481445e-01,1.225063428282737732e-01,3.307709991931915283e-01,1.200148984789848328e-01,9.419351071119308472e-02,3.041635155677795410e-01,2.665630280971527100e-01,5.152262374758720398e-02,4.985164850950241089e-02,1.398710310459136963e-01,2.550248205661773682e-01,9.780881553888320923e-02,-5.881049484014511108e-02,3.394640386104583740e-01,5.101870298385620117e-01,3.206101953983306885e-01,2.969144880771636963e-01,3.050384521484375000e-01,2.124872952699661255e-01,1.229026019573211670e-01,4.674343168735504150e-01,3.111959099769592285e-01,2.832349538803100586e-01
1.946598440408706665e-01,2.609171569347381592e-01,1.443748921155929565e-01,3.705261945724487305e-01,3.715805411338806152e-01,3.642384409904479980e-01,2.800173461437225342e-01,3.004764616489410400e-01,2.351064980030059814e-01,1.505110412836074829e-01,3.581403493881225586e-01,1.990228891372680664e-01,4.241794347763061523e-01,3.811850547790527344e-01,2.174956947565078735e-01,1.582145094871520996e-01,5.401977896690368652e-01,1.000000000000000000e+00,2.391008585691452026e-01,6.202237606048583984e-01,7.610847949981689453e-01,8.006083369255065918e-01,5.689447522163391113e-01,3.478074371814727783e-01,-1.542215198278427124e-01,3.237237036228179932e-01,1.336111128330230713e-01,3.096948266029357910e-01,1.506517454981803894e-02,-1.678214222192764282e-02,5.549837946891784668e-01,4.160104095935821533e-01,4.804045706987380981e-02,2.290081530809402466e-01,-4.249929636716842651e-02,7.016940414905548096e-02,2.638804614543914795e-01,-1.529106125235557556e-02,-5.317211896181106567e-02,5.077496170997619629e-01,3.865121901035308838e-01,2.111122161149978638e-01,2.230492681264877319e-01,1.582744866609573364e-01,-7.817016541957855225e-02,3.278121948242187500e-01,4.070654511451721191e-01,4.709703624248504639e-01
6.818871200084686279e-02,5.025712773203849792e-02,2.829557061195373535e-01,2.639010082930326462e-03,1.637056320905685425e-01,2.049052715301513672e-01,1.280011832714080811e-01,-3.822963312268257141e-02,2.335189469158649445e-02,3.412377834320068359e-01,-1.089631319046020508e-01,3.242217004299163818e-01,4.958924949169158936e-01,2.780727576464414597e-03,3.870429992675781250e-01,3.841160535812377930e-01,4.532734155654907227e-01,2.391008585691452026e-01,1.000000000000000000e+00,6.669676899909973145e-01,2.672328948974609375e-01,1.884670704603195190e-01,3.601754605770111084e-01,2.123481929302215576e-01,-1.669010221958160400e-01,2.993451952934265137e-01,-1.716324500739574432e-02,8.193457871675491333e-02,-1.610907018184661865e-01,-1.092735454440116882e-01,2.064878344535827637e-01,3.514161109924316406e-01,-5.249165743589401245e-02,-5.541387945413589478e-02,1.442705541849136353e-01,2.071978449821472168e-01,-3.301599994301795959e-02,2.342805080115795135e-02,4.538381099700927734e-01,2.075380235910415649e-01,1.333352327346801758e-01,1.929086893796920776e-01,5.798618793487548828e-01,1.198899745941162109e-01,1.906598955392837524e-01,4.979826807975769043e-01,1.377376616001129150e-01,2.911183796823024750e-02
1.245095655322074890e-01,9.850022941827774048e-02,2.084967494010925293e-01,2.195676118135452271e-01,3.115247786045074463e-01,3.588151335716247559e-01,2.903214395046234131e-01,1.211564168334007263e-01,1.609378904104232788e-01,2.728119194507598877e-01,7.842575758695602417e-02,2.915406227111816406e-01,6.454978585243225098e-01,1.396611481904983521e-01,3.155147135257720947e-01,4.210651516914367676e-01,6.328783035278320312e-01,6.202237606048583984e-01,6.669676899909973145e-01,1.000000000000000000e+00,6.234188675880432129e-01,5.376878380775451660e-01,6.742670536041259766e-01,3.112987279891967773e-01,-2.267717570066452026e-01,3.050824403762817383e-01,-4.222713038325309753e-02,1.710148304700851440e-01,-1.653556078672409058e-01,-1.168719455599784851e-01,3.189800679683685303e-01,3.650835752487182617e-01,6.949635222554206848e-03,-1.886825263500213623e-02,-1.901881396770477295e-02,1.721162050962448120e-01,9.936135262250900269e-03,-1.651542074978351593e-02,2.396588921546936035e-01,4.400857388973236084e-01,2.631858587265014648e-01,1.923898160457611084e-01,4.326739609241485596e-01,8.848296850919723511e-02,1.197251155972480774e-01,4.640775024890899658e-01,2.749806642532348633e-01,3.269289433956146240e-01
1.317335218191146851e-01,2.504554092884063721e-01,8.301380276679992676e-02,3.133963346481323242e-01,3.477196991443634033e-01,2.540527880191802979e-01,1.300920248031616211e-01,3.235597014427185059e-01,8.604978770017623901e-02,1.239715144038200378e-01,3.398687839508056641e-01,1.491004377603530884e-01,3.375156521797180176e-01,3.491085767745971680e-01,1.786309033632278442e-01,8.896640688180923462e-02,4.105085432529449463e-01,7.610847949981689453e-01,2.672328948974609375e-01,6.234188675880432129e-01,1.000000000000000000e+00,8.020184040069580078e-01,5.794407129287719727e-01,4.253056645393371582e-01,-2.672045826911926270e-01,1.923765242099761963e-01,-3.565732762217521667e-02,1.972059011459350586e-01,-8.321595191955566406e-02,-5.641851946711540222e-02,5.362805724143981934e-01,3.866251707077026367e-01,-6.191038712859153748e-02,2.234402745962142944e-01,-1.193721294403076172e-01,1.817230582237243652e-01,2.398680001497268677e-01,-5.266979709267616272e-02,-1.884733699262142181e-02,5.170583724975585938e-01,3.792102932929992676e-01,1.541060209274291992e-01,2.451360374689102173e-01,1.085955426096916199e-01,-1.090266928076744080e-01,3.075316250324249268e-01,3.761720657348632812e-01,4.892077445983886719e-01
2.106009125709533691e-01,2.196078896522521973e-01,1.279204785823822021e-01,3.267628550529479980e-01,4.310203194618225098e-01,3.126957714557647705e-01,2.489511221647262573e-01,2.842535674571990967e-01,8.690399676561355591e-02,1.044070869684219360e-01,3.062028586864471436e-01,9.304769337177276611e-02,3.160948157310485840e-01,3.876569271087646484e-01,1.412777155637741089e-01,8.863872289657592773e-02,4.387249648571014404e-01,8.006083369255065918e-01,1.884670704603195190e-01,5.376878380775451660e-01,8.020184040069580078e-01,1.000000000000000000e+00,5.880739688873291016e-01,4.123606979846954346e-01,-1.787337511777877808e-01,2.291953414678573608e-01,6.342282891273498535e-02,2.660087347030639648e-01,6.095383316278457642e-03,-2.463712170720100403e-02,5.160381197929382324e-01,5.307542085647583008e-01,4.684533551335334778e-02,2.166243940591812134e-01,-8.159700781106948853e-02,1.196098998188972473e-01,2.185546308755874634e-01,-6.749158352613449097e-02,-8.921591937541961670e-02,4.457451105117797852e-01,4.112363457679748535e-01,1.331976354122161865e-01,1.229718923568725586e-01,6.306323409080505371e-02,-7.086839526891708374e-02,2.591922879219055176e-01,4.842276275157928467e-01,6.556727886199951172e-01
2.555822432041168213e-01,9.960412234067916870e-02,1.763207912445068359e-01,1.247089281678199768e-01,4.357900023460388184e-01,4.197816848754882812e-01,4.694004058837890625e-01,1.347738951444625854e-01,1.386472284793853760e-01,1.219430938363075256e-01,1.240081787109375000e-01,1.002243980765342712e-01,5.404183268547058105e-01,1.830026209354400635e-01,1.723988205194473267e-01,4.415064454078674316e-01,6.687344312667846680e-01,5.689447522163391113e-01,3.601754605770111084e-01,6.742670536041259766e-01,5.794407129287719727e-01,5.880739688873291016e-01,1.000000000000000000e+00,3.435480594635009766e-01,-2.310382723808288574e-01,2.641181349754333496e-01,-5.033956468105316162e-02,2.107278853654861450e-01,-1.786796934902667999e-02,-2.020549215376377106e-02,1.805778443813323975e-01,2.046112865209579468e-01,7.121413201093673706e-02,-6.466874480247497559e-02,-1.451871693134307861e-01,1.095221489667892456e-01,-3.611763566732406616e-02,-9.636699408292770386e-02,1.184463649988174438e-01,6.568373441696166992e-01,3.213624954223632812e-01,9.113309532403945923e-02,1.711439192295074463e-01,3.664308786392211914e-02,6.872262060642242432e-02,2.977898418903350830e-01,2.986680865287780762e-01,5.805260539054870605e-01
1.523169577121734619e-01,1.493652462959289551e-01,1.496050059795379639e-01,8.822833001613616943e-02,4.187993407249450684e-01,2.135072052478790283e-01,1.398771852254867554e-01,2.204181700944900513e-01,-1.461506783962249756e-01,-7.111257314682006836e-02,7.649148255586624146e-02,-1.545475274324417114e-01,-7.349145412445068359e-02,2.083251476287841797e-01,-1.954770646989345551e-02,-9.552477300167083740e-02,3.551025092601776123e-01,3.478074371814727783e-01,2.123481929302215576e-01,3.112987279891967773e-01,4.253056645393371582e-01,4.123606979846954346e-01,3.435480594635009766e-01,1.000000000000000000e+00,-2.008156180381774902e-01,2.053548991680145264e-01,1.361290663480758667e-01,2.131113111972808838e-01,2.020182162523269653e-01,2.515257000923156738e-01,5.320026278495788574e-01,4.669674038887023926e-01,1.901734769344329834e-01,3.750073164701461792e-02,-1.054284255951642990e-02,6.427782177925109863e-01,1.240145936608314514e-01,-3.078537285327911377e-01,1.620246171951293945e-01,3.458664417266845703e-01,3.546545803546905518e-01,-1.802758127450942993e-01,1.311312168836593628e-01,-1.090659275650978088e-01,-1.591167598962783813e-01,1.316293030977249146e-01,7.357675433158874512e-01,3.045586049556732178e-01
1.120712608098983765e-01,7.134470343589782715e-02,-9.704344719648361206e-02,-1.593193709850311279e-01,-2.021107375621795654e-01,-1.205799654126167297e-01,2.066713292151689529e-03,1.343502104282379150e-01,2.205680757761001587e-01,5.406717769801616669e-03,4.604930430650711060e-02,1.157670244574546814e-01,-4.444621875882148743e-02,1.871469244360923767e-02,2.208094857633113861e-02,-8.731386065483093262e-02,-2.111601829528808594e-01,-1.542215198278427124e-01,-1.669010221958160400e-01,-2.267717570066452026e-01,-2.672045826911926270e-01,-1.787337511777877808e-01,-2.310382723808288574e-01,-2.008156180381774902e-01,1.000000000000000000e+00,-1.022645905613899231e-01,3.081220388412475586e-01,5.234474688768386841e-02,2.513547241687774658e-01,1.509570479393005371e-01,-1.342207193374633789e-02,-4.331955686211585999e-02,2.790203392505645752e-01,1.809788048267364502e-01,2.744127810001373291e-01,-7.624584436416625977e-02,1.636893153190612793e-01,3.579675257205963135e-01,-9.860612452030181885e-02,-7.738795876502990723e-02,-1.131003797054290771e-01,2.821091003715991974e-02,-1.216959059238433838e-01,1.903785765171051025e-01,3.191189467906951904e-02,-9.675942361354827881e-02,-6.295147538185119629e-02,-5.559958890080451965e-02
3.099671006202697754e-01,2.667030394077301025e-01,6.003513932228088379e-01,4.247814416885375977e-01,3.277727365493774414e-01,3.587684333324432373e-01,4.586216807365417480e-01,5.826978944242000580e-03,3.393576145172119141e-01,4.805756807327270508e-01,5.426469072699546814e-02,4.074978530406951904e-01,3.558576703071594238e-01,2.750368602573871613e-02,4.123965501785278320e-01,3.337619304656982422e-01,5.362235307693481445e-01,3.237237036228179932e-01,2.993451952934265137e-01,3.050824403762817383e-01,1.923765242099761963e-01,2.291953414678573608e-01,2.641181349754333496e-01,2.053548991680145264e-01,-1.022645905613899231e-01,1.000000000000000000e+00,1.498977094888687134e-01,5.029115676879882812e-01,3.816041946411132812e-01,2.499161660671234131e-01,3.494235873222351074e-01,2.005900144577026367e-01,4.983510076999664307e-02,-4.910862073302268982e-03,2.174858599901199341e-01,2.110179811716079712e-01,5.658693239092826843e-02,4.757573083043098450e-02,3.579167127609252930e-01,3.064288496971130371e-01,1.740120202302932739e-01,4.128303229808807373e-01,4.486809372901916504e-01,2.095110863447189331e-01,1.907078921794891357e-01,5.687981843948364258e-01,2.284588217735290527e-01,2.545741945505142212e-02
1.308475434780120850e-01,2.835358083248138428e-01,6.021317839622497559e-02,9.811490029096603394e-02,1.278527230024337769e-01,1.766996234655380249e-01,1.840623766183853149e-01,4.029799997806549072e-01,3.654482066631317139e-01,1.317264288663864136e-01,3.046196997165679932e-01,1.502675116062164307e-01,2.140294946730136871e-02,3.199677169322967529e-01,9.826492518186569214e-02,-9.304746985435485840e-02,1.225063428282737732e-01,1.336111128330230713e-01,-1.716324500739574432e-02,-4.222713038325309753e-02,-3.565732762217521667e-02,6.342282891273498535e-02,-5.033956468105316162e-02,1.361290663480758667e-01,3.081220388412475586e-01,1.498977094888687134e-01,1.000000000000000000e+00,2.062793076038360596e-01,3.063287138938903809e-01,3.703049123287200928e-01,3.763411939144134521e-01,1.255839616060256958e-01,5.292074084281921387e-01,4.071525335311889648e-01,3.735477924346923828e-01,1.908803135156631470e-01,4.688870310783386230e-01,2.329380810260772705e-01,8.143296092748641968e-02,9.244649857282638550e-02,2.442966699600219727e-01,1.254923343658447266e-01,1.115019153803586960e-02,2.847332954406738281e-01,-1.585485786199569702e-01,9.169486165046691895e-02,2.422267496585845947e-01,2.171557396650314331e-02
5.133179426193237305e-01,4.607229530811309814e-01,4.773658215999603271e-01,2.846064567565917969e-01,4.343826472759246826e-01,4.075988233089447021e-01,2.006026208400726318e-01,9.349945932626724243e-02,2.436442375183105469e-01,1.286730915307998657e-01,1.473331749439239502e-01,1.747292280197143555e-01,1.237843930721282959e-01,1.250458806753158569e-01,2.968851625919342041e-01,1.441339105367660522e-01,3.307709991931915283e-01,3.096948266029357910e-01,8.193457871675491333e-02,1.710148304700851440e-01,1.972059011459350586e-01,2.660087347030639648e-01,2.107278853654861450e-01,2.131113111972808838e-01,5.234474688768386841e-02,5.029115676879882812e-01,2.062793076038360596e-01,1.000000000000000000e+00,6.205210685729980469e-01,1.303941756486892700e-01,1.615797579288482666e-01,1.144644692540168762e-01,2.207232862710952759e-01,1.813467592000961304e-01,3.491302207112312317e-02,7.216164469718933105e-02,9.065768867731094360e-02,1.198482960462570190e-01,5.434833839535713196e-02,2.435681372880935669e-01,4.220660626888275146e-01,2.464500665664672852e-01,6.621070951223373413e-02,2.242671847343444824e-01,3.736622631549835205e-02,1.892076730728149414e-01,2.564417421817779541e-01,1.398610025644302368e-01
2.854919731616973877e-01,4.635511636734008789e-01,2.488971948623657227e-01,1.315471380949020386e-01,2.224562019109725952e-01,3.256672024726867676e-01,3.093789517879486084e-01,5.636835470795631409e-02,1.713943481445312500e-01,7.319499552249908447e-02,1.197191886603832245e-02,4.442888125777244568e-02,-1.562695354223251343e-01,-8.000200241804122925e-02,1.348841041326522827e-01,-6.232455745339393616e-02,1.200148984789848328e-01,1.506517454981803894e-02,-1.610907018184661865e-01,-1.653556078672409058e-01,-8.321595191955566406e-02,6.095383316278457642e-03,-1.786796934902667999e-02,2.020182162523269653e-01,2.513547241687774658e-01,3.816041946411132812e-01,3.063287138938903809e-01,6.205210685729980469e-01,1.000000000000000000e+00,4.774140119552612305e-01,1.801549643278121948e-01,2.698030881583690643e-02,1.945103108882904053e-01,2.254503071308135986e-01,2.270721942186355591e-01,2.163421511650085449e-01,8.072958886623382568e-02,1.679329872131347656e-01,1.066805943846702576e-01,1.405617296695709229e-01,2.386793643236160278e-01,1.625871658325195312e-01,-5.241101607680320740e-02,1.767119169235229492e-01,1.144676357507705688e-01,4.219518974423408508e-02,2.655041515827178955e-01,-1.249376218765974045e-02
-1.430098805576562881e-02,2.860505878925323486e-01,9.706476330757141113e-02,1.693624407052993774e-01,5.345195159316062927e-02,1.011045277118682861e-01,2.857610881328582764e-01,1.349247992038726807e-01,2.791804075241088867e-01,2.104800492525100708e-01,7.471369206905364990e-02,1.143381595611572266e-01,-1.500383485108613968e-02,-2.721053082495927811e-03,5.939157307147979736e-02,-2.897487580776214600e-02,9.419351071119308472e-02,-1.678214222192764282e-02,-1.092735454440116882e-01,-1.168719455599784851e-01,-5.641851946711540222e-02,-2.463712170720100403e-02,-2.020549215376377106e-02,2.515257000923156738e-01,1.509570479393005371e-01,2.499161660671234131e-01,3.703049123287200928e-01,1.303941756486892700e-01,4.774140119552612305e-01,1.000000000000000000e+00,4.246212542057037354e-01,1.191546469926834106e-01,1.151454150676727295e-01,2.639193534851074219e-01,3.412116765975952148e-01,5.186644196510314941e-01,2.037817537784576416e-01,1.187447234988212585e-01,2.933563292026519775e-01,2.133759856224060059e-01,5.797063931822776794e-02,2.271372824907302856e-01,8.866298943758010864e-02,2.256473153829574585e-01,1.937580406665802002e-01,1.948451399803161621e-01,3.438124954700469971e-01,6.980298459529876709e-02
2.386348880827426910e-02,3.643805682659149170e-01,1.067133992910385132e-01,2.735565304756164551e-01,2.117998450994491577e-01,1.417587995529174805e-01,1.218787580728530884e-01,4.566596150398254395e-01,2.807979881763458252e-01,2.861136794090270996e-01,3.413629531860351562e-01,2.466600835323333740e-01,1.229104474186897278e-01,3.518964648246765137e-01,2.059933990240097046e-01,-1.719738990068435669e-01,3.041635155677795410e-01,5.549837946891784668e-01,2.064878344535827637e-01,3.189800679683685303e-01,5.362805724143981934e-01,5.160381197929382324e-01,1.805778443813323975e-01,5.320026278495788574e-01,-1.342207193374633789e-02,3.494235873222351074e-01,3.763411939144134521e-01,1.615797579288482666e-01,1.801549643278121948e-01,4.246212542057037354e-01,1.000000000000000000e+00,5.275073647499084473e-01,4.127799719572067261e-02,4.623311460018157959e-01,3.130112588405609131e-01,5.002713799476623535e-01,5.182508826255798340e-01,9.319885820150375366e-02,1.232699900865554810e-01,3.787252306938171387e-01,2.942251265048980713e-01,2.093754261732101440e-01,3.368281126022338867e-01,3.202170133590698242e-01,-2.351108007133007050e-02,3.611322343349456787e-01,5.557145476341247559e-01,2.747383415699005127e-01
2.632591873407363892e-03,5.159860849380493164e-02,1.152955219149589539e-01,2.024105787277221680e-01,1.299866437911987305e-01,1.434846520423889160e-01,1.667302250862121582e-01,5.589800700545310974e-02,-3.554191067814826965e-02,1.758220344781875610e-01,3.925830125808715820e-02,1.255561709403991699e-01,2.100179046392440796e-01,1.494280248880386353e-01,1.663661301136016846e-01,4.928709194064140320e-02,2.665630280971527100e-01,4.160104095935821533e-01,3.514161109924316406e-01,3.650835752487182617e-01,3.866251707077026367e-01,5.307542085647583008e-01,2.046112865209579468e-01,4.669674038887023926e-01,-4.331955686211585999e-02,2.005900144577026367e-01,1.255839616060256958e-01,1.144644692540168762e-01,2.698030881583690643e-02,1.191546469926834106e-01,5.275073647499084473e-01,1.000000000000000000e+00,5.914361681789159775e-03,1.292443722486495972e-01,1.585977524518966675e-01,3.957313001155853271e-01,1.155796721577644348e-01,-1.577227562665939331e-02,1.887265145778656006e-01,1.430152505636215210e-01,1.922773271799087524e-01,6.019590049982070923e-02,2.397783100605010986e-01,6.950548291206359863e-02,6.363805383443832397e-02,1.947666406631469727e-01,5.661574006080627441e-01,3.201932907104492188e-01
2.917090356349945068e-01,1.013874039053916931e-01,1.182658225297927856e-01,-6.159979477524757385e-02,2.637475132942199707e-01,9.800948947668075562e-02,7.815805077552795410e-02,2.817416489124298096e-01,1.015947461128234863e-01,-1.726967096328735352e-01,1.066959202289581299e-01,-1.228481531143188477e-01,3.648980334401130676e-02,3.370479941368103027e-01,-1.261095255613327026e-01,-3.043388761579990387e-02,5.152262374758720398e-02,4.804045706987380981e-02,-5.249165743589401245e-02,6.949635222554206848e-03,-6.191038712859153748e-02,4.684533551335334778e-02,7.121413201093673706e-02,1.901734769344329834e-01,2.790203392505645752e-01,4.983510076999664307e-02,5.292074084281921387e-01,2.207232862710952759e-01,1.945103108882904053e-01,1.151454150676727295e-01,4.127799719572067261e-02,5.914361681789159775e-03,1.000000000000000000e+00,2.521135285496711731e-02,1.771437376737594604e-02,9.248404949903488159e-02,1.564769744873046875e-01,-1.186514832079410553e-02,-3.242427483201026917e-02,1.072736158967018127e-01,2.581172585487365723e-01,-1.777804940938949585e-01,-1.603979766368865967e-01,-8.832141011953353882e-02,-2.988633811473846436e-01,-9.473054111003875732e-02,2.437693774700164795e-01,1.371435225009918213e-01
