1.000000000000000000e+00,4.562505483627319336e-01,7.695109844207763672e-01,8.145933151245117188e-01,2.052870690822601318e-01,3.528322279453277588e-01,6.393144130706787109e-01,3.835943341255187988e-01,5.251873731613159180e-01,5.163737535476684570e-01,4.441276192665100098e-01,7.241700887680053711e-01,5.613177418708801270e-01,3.563975095748901367e-01,3.041496574878692627e-01,3.614197969436645508e-01,6.547587513923645020e-01,6.702750921249389648e-01,4.376167654991149902e-01,7.043747901916503906e-01,7.992215752601623535e-01,7.492349147796630859e-01,5.341283082962036133e-01,5.852662920951843262e-01,5.337841510772705078e-01,6.037981510162353516e-01,2.111044824123382568e-01,8.050529360771179199e-01,6.748564839363098145e-01,7.511132955551147461e-01,7.873171567916870117e-01,6.262433528900146484e-01,6.001296639442443848e-01,2.044912427663803101e-01,3.241342008113861084e-01,5.728096961975097656e-01,2.043613046407699585e-01,1.687104851007461548e-01,1.784166842699050903e-01,2.745206952095031738e-01,4.502755999565124512e-01,5.844346284866333008e-01,4.701163172721862793e-01,2.953172624111175537e-01,4.434879124164581299e-01,4.953601360321044922e-01,5.066741108894348145e-01,5.985382795333862305e-01
4.562505483627319336e-01,1.000000000000000000e+00,3.630497753620147705e-01,4.005692303180694580e-01,3.111631870269775391e-01,3.772490620613098145e-01,4.827465713024139404e-01,2.571682929992675781e-01,3.788587450981140137e-01,5.507768988609313965e-01,8.703004568815231323e-02,2.984776794910430908e-01,4.730809628963470459e-01,1.558127999305725098e-01,7.181698828935623169e-02,2.739676535129547119e-01,4.943356812000274658e-01,5.380011200904846191e-01,5.014056563377380371e-01,5.425274968147277832e-01,3.673231005668640137e-01,4.108144342899322510e-01,4.275382757186889648e-01,3.820658326148986816e-01,2.515522241592407227e-01,4.782073199748992920e-01,2.520148456096649170e-01,4.726760685443878174e-01,6.599562168121337891e-01,4.691693484783172607e-01,4.407323300838470459e-01,4.353677630424499512e-01,5.500525236129760742e-01,9.997403621673583984e-02,1.092870458960533142e-01,3.750102818012237549e-01,2.107204645872116089e-01,1.050470545887947083e-01,2.000165134668350220e-01,3.396370708942413330e-01,4.527854025363922119e-01,6.120379567146301270e-01,5.677115917205810547e-01,5.420216917991638184e-01,6.497197747230529785e-01,5.724142193794250488e-01,3.567225337028503418e-01,3.575887382030487061e-01
7.695109844207763672e-01,3.630497753620147705e-01,1.000000000000000000e+00,7.605675458908081055e-01,2.773333787918090820e-01,3.760276436805725098e-01,6.718196272850036621e-01,2.733817994594573975e-01,6.088556647300720215e-01,5.105750560760498047e-01,3.868515491485595703e-01,6.104441881179809570e-01,5.053796172142028809e-01,2.573904395103454590e-01,1.954376548528671265e-01,3.603012561798095703e-01,6.345307826995849609e-01,5.638630986213684082e-01,3.450277745723724365e-01,6.028577089309692383e-01,7.118823528289794922e-01,7.084325551986694336e-01,5.530548691749572754e-01,5.422934889793395996e-01,5.295352339744567871e-01,6.290866136550903320e-01,2.453266978263854980e-01,7.598213553428649902e-01,6.792122721672058105e-01,6.699255704879760742e-01,6.758801341056823730e-01,5.743826627731323242e-01,4.796561300754547119e-01,1.163047924637794495e-01,3.260134756565093994e-01,5.461880564689636230e-01,9.876248240470886230e-02,1.622823029756546021e-01,2.096587419509887695e-01,3.516434431076049805e-01,3.665551245212554932e-01,5.091052651405334473e-01,3.520234525203704834e-01,2.604989707469940186e-01,3.028264045715332031e-01,4.236765801906585693e-01,4.889888763427734375e-01,5.676774978637695312e-01
8.145933151245117188e-01,4.005692303180694580e-01,7.605675458908081055e-01,1.000000000000000000e+00,2.738729119300842285e-01,3.788937330245971680e-01,7.218677997589111328e-01,2.067500650882720947e-01,4.706066250801086426e-01,5.020787119865417480e-01,3.238025009632110596e-01,6.384292244911193848e-01,5.332763791084289551e-01,2.373818308115005493e-01,1.388464272022247314e-01,3.316951394081115723e-01,6.412141323089599609e-01,6.612949371337890625e-01,3.918179571628570557e-01,6.689560413360595703e-01,7.110230922698974609e-01,7.156138420104980469e-01,5.082399249076843262e-01,5.098556876182556152e-01,4.256999790668487549e-01,6.819366812705993652e-01,1.599377989768981934e-01,7.414823174476623535e-01,6.302250027656555176e-01,6.558071970939636230e-01,6.826052665710449219e-01,5.694963335990905762e-01,4.539529383182525635e-01,1.159178093075752258e-01,1.282046884298324585e-01,5.020144581794738770e-01,1.161115393042564392e-01,7.014518231153488159e-02,1.954216212034225464e-01,2.767843902111053467e-01,3.901562392711639404e-01,5.428966879844665527e-01,3.842259645462036133e-01,1.515850424766540527e-01,3.360998034477233887e-01,3.556044995784759521e-01,4.844323396682739258e-01,5.048874020576477051e-01
2.052870690822601318e-01,3.111631870269775391e-01,2.773333787918090820e-01,2.738729119300842285e-01,1.000000000000000000e+00,7.187982797622680664e-01,4.978835284709930420e-01,2.173472642898559570e-01,3.694191277027130127e-01,4.464810490608215332e-01,3.339325636625289917e-02,2.542291879653930664e-01,4.374358952045440674e-01,-9.279008954763412476e-03,-5.235850065946578979e-02,3.700141012668609619e-01,5.172198414802551270e-01,4.343252778053283691e-01,5.329179167747497559e-01,4.861349165439605713e-01,2.286931127309799194e-01,3.209971189498901367e-01,3.306749761104583740e-01,2.525226771831512451e-01,9.648799151182174683e-02,3.207297325134277344e-01,1.949899494647979736e-01,1.902138888835906982e-01,3.904883265495300293e-01,2.579559385776519775e-01,2.551860809326171875e-01,3.182086050510406494e-01,3.368493020534515381e-01,1.009786278009414673e-01,9.595268219709396362e-02,1.162231341004371643e-01,3.746563568711280823e-02,7.737087458372116089e-02,2.067649066448211670e-01,3.608198761940002441e-01,2.687339186668395996e-01,4.033412337303161621e-01,3.805898427963256836e-01,1.495204269886016846e-01,2.694707810878753662e-01,3.291976153850555420e-01,3.013834059238433838e-01,1.914476007223129272e-01
3.528322279453277588e-01,3.772490620613098145e-01,3.760276436805725098e-01,3.788937330245971680e-01,7.187982797622680664e-01,1.000000000000000000e+00,5.582969784736633301e-01,2.277094274759292603e-01,3.391610682010650635e-01,4.393386840820312500e-01,8.429199457168579102e-02,3.753171265125274658e-01,6.995474100112915039e-01,2.390028387308120728e-01,1.604523062705993652e-01,5.513558387756347656e-01,5.629562735557556152e-01,5.639308094978332520e-01,7.210834622383117676e-01,6.653373241424560547e-01,3.395581841468811035e-01,4.807772338390350342e-01,5.707882642745971680e-01,3.740942776203155518e-01,3.256871178746223450e-02,4.265508949756622314e-01,1.275155991315841675e-01,2.771277129650115967e-01,4.734322428703308105e-01,3.758933246135711670e-01,3.624890744686126709e-01,4.289888441562652588e-01,4.233874380588531494e-01,1.140956059098243713e-01,1.434946209192276001e-01,3.042301833629608154e-01,2.242870032787322998e-01,2.210940420627593994e-01,2.425726056098937988e-01,3.974886536598205566e-01,4.622852206230163574e-01,5.927409529685974121e-01,5.072398185729980469e-01,2.150239646434783936e-01,2.937363982200622559e-01,4.528182148933410645e-01,3.122348189353942871e-01,4.794051349163055420e-01
6.393144130706787109e-01,4.827465713024139404e-01,6.718196272850036621e-01,7.218677997589111328e-01,4.978835284709930420e-01,5.582969784736633301e-01,1.000000000000000000e+00,3.115990161895751953e-01,6.477363109588623047e-01,7.272011041641235352e-01,2.764576077461242676e-01,5.289758443832397461e-01,5.988932251930236816e-01,2.733240425586700439e-01,8.112761378288269043e-02,4.155526459217071533e-01,8.907417058944702148e-01,8.144428133964538574e-01,5.982748866081237793e-01,7.055561542510986328e-01,5.841781497001647949e-01,6.613345742225646973e-01,6.163223385810852051e-01,5.535548329353332520e-01,4.181620776653289795e-01,8.053466677665710449e-01,2.634592950344085693e-01,6.395907402038574219e-01,7.098180651664733887e-01,6.316454410552978516e-01,6.672328114509582520e-01,6.299989223480224609e-01,5.099447369575500488e-01,1.752477884292602539e-01,1.836446821689605713e-01,5.182115435600280762e-01,1.720537692308425903e-01,9.736421704292297363e-02,2.636514902114868164e-01,4.759498238563537598e-01,3.941701948642730713e-01,7.374185919761657715e-01,6.192658543586730957e-01,2.485660314559936523e-01,4.767497777938842773e-01,6.232825517654418945e-01,5.826693177223205566e-01,5.502755641937255859e-01
3.835943341255187988e-01,2.571682929992675781e-01,2.733817994594573975e-01,2.067500650882720947e-01,2.173472642898559570e-01,2.277094274759292603e-01,3.115990161895751953e-01,1.000000000000000000e+00,3.890217244625091553e-01,2.432229667901992798e-01,5.234951376914978027e-01,4.586277902126312256e-01,2.669140994548797607e-01,3.923545479774475098e-01,5.300158262252807617e-01,4.083710312843322754e-01,3.908485472202301025e-01,3.432519733905792236e-01,2.775204777717590332e-01,2.873418331146240234e-01,3.345958888530731201e-01,3.291082084178924561e-01,3.714194893836975098e-01,3.003722727298736572e-01,3.669633865356445312e-01,2.018517851829528809e-01,3.515148162841796875e-01,2.510976195335388184e-01,3.024603426456451416e-01,4.281661212444305420e-01,3.876510560512542725e-01,2.879204452037811279e-01,5.523930191993713379e-01,6.617174744606018066e-01,4.774922430515289307e-01,3.497613370418548584e-01,2.730842530727386475e-01,4.535228312015533447e-01,2.098841071128845215e-01,3.249961435794830322e-01,1.520757079124450684e-01,2.940315604209899902e-01,3.056522309780120850e-01,4.302572906017303467e-01,2.628349065780639648e-01,3.678986430168151855e-01,2.553421854972839355e-01,4.090833663940429688e-01
5.251873731613159180e-01,3.788587450981140137e-01,6.088556647300720215e-01,4.706066250801086426e-01,3.694191277027130127e-01,3.391610682010650635e-01,6.477363109588623047e-01,3.890217244625091553e-01,1.000000000000000000e+00,6.835656762123107910e-01,4.516903758049011230e-01,5.326706767082214355e-01,4.512896239757537842e-01,1.349339932203292847e-01,1.745678335428237915e-01,3.282972276210784912e-01,6.551390886306762695e-01,5.217573046684265137e-01,3.641621768474578857e-01,4.862683415412902832e-01,5.413702130317687988e-01,5.957930684089660645e-01,4.920864999294281006e-01,4.489078521728515625e-01,5.550267100334167480e-01,5.012996196746826172e-01,3.727220892906188965e-01,6.164860725402832031e-01,6.288161277770996094e-01,5.835959315299987793e-01,5.941245555877685547e-01,5.015156269073486328e-01,4.875596165657043457e-01,2.418829053640365601e-01,2.916435003280639648e-01,4.523897171020507812e-01,1.057572141289710999e-01,2.292403429746627808e-01,2.921907901763916016e-01,3.937775194644927979e-01,2.578511536121368408e-01,5.272657275199890137e-01,3.488078415393829346e-01,5.046347975730895996e-01,4.228381216526031494e-01,5.741912126541137695e-01,4.550159275531768799e-01,5.077980160713195801e-01
5.163737535476684570e-01,5.507768988609313965e-01,5.105750560760498047e-01,5.020787119865417480e-01,4.464810490608215332e-01,4.393386840820312500e-01,7.272011041641235352e-01,2.432229667901992798e-01,6.835656762123107910e-01,1.000000000000000000e+00,1.937467753887176514e-01,4.823926389217376709e-01,5.300358533859252930e-01,2.239443063735961914e-01,5.526770278811454773e-02,2.599722146987915039e-01,7.009735107421875000e-01,6.164346933364868164e-01,5.210271477699279785e-01,5.990070700645446777e-01,4.693100452423095703e-01,4.714785814285278320e-01,4.670860469341278076e-01,4.048324227333068848e-01,3.498246669769287109e-01,5.927922129631042480e-01,3.040110170841217041e-01,5.526209473609924316e-01,6.116108298301696777e-01,5.588719844818115234e-01,5.372752547264099121e-01,4.749422967433929443e-01,5.187995433807373047e-01,1.753508299589157104e-01,1.000636219978332520e-01,3.944935202598571777e-01,1.932894587516784668e-01,8.904726803302764893e-02,1.953575313091278076e-01,3.437234163284301758e-01,4.686648845672607422e-01,7.219578027725219727e-01,5.719071030616760254e-01,4.278739094734191895e-01,6.286988258361816406e-01,7.313870787620544434e-01,4.211940169334411621e-01,4.674897491931915283e-01
4.441276192665100098e-01,8.703004568815231323e-02,3.868515491485595703e-01,3.238025009632110596e-01,3.339325636625289917e-02,8.429199457168579102e-02,2.764576077461242676e-01,5.234951376914978027e-01,4.516903758049011230e-01,1.937467753887176514e-01,1.000000000000000000e+00,5.407984256744384766e-01,1.750596761703491211e-01,3.849396705627441406e-01,6.770924925804138184e-01,4.189563095569610596e-01,3.129234910011291504e-01,2.885624766349792480e-01,7.691473513841629028e-02,2.187474966049194336e-01,4.410896301269531250e-01,4.119843840599060059e-01,3.057624101638793945e-01,3.238788843154907227e-01,5.499421358108520508e-01,1.841401308774948120e-01,3.313117027282714844e-01,4.419978857040405273e-01,3.327651917934417725e-01,4.122591316699981689e-01,4.817531406879425049e-01,3.135026097297668457e-01,3.701984882354736328e-01,5.172655582427978516e-01,4.650227129459381104e-01,3.997948765754699707e-01,1.919459849596023560e-01,5.686597228050231934e-01,3.512738645076751709e-01,2.811890244483947754e-01,9.184599667787551880e-02,1.429149508476257324e-01,6.898030638694763184e-02,2.146987318992614746e-01,1.474794894456863403e-01,1.661565750837326050e-01,3.030065000057220459e-01,3.680069744586944580e-01
7.241700887680053711e-01,2.984776794910430908e-01,6.104441881179809570e-01,6.384292244911193848e-01,2.542291879653930664e-01,3.753171265125274658e-01,5.289758443832397461e-01,4.586277902126312256e-01,5.326706767082214355e-01,4.823926389217376709e-01,5.407984256744384766e-01,1.000000000000000000e+00,4.643380343914031982e-01,3.362466394901275635e-01,4.312026202678680420e-01,3.936319649219512939e-01,5.565724372863769531e-01,4.987443387508392334e-01,3.254054188728332520e-01,5.383165478706359863e-01,7.279778718948364258e-01,6.513839364051818848e-01,4.701384603977203369e-01,4.720006883144378662e-01,5.228440165519714355e-01,4.225820600986480713e-01,3.720926344394683838e-01,5.996265411376953125e-01,5.339187383651733398e-01,6.683737635612487793e-01,6.274424195289611816e-01,5.354936718940734863e-01,5.768330097198486328e-01,3.066244423389434814e-01,3.550269603729248047e-01,5.337121486663818359e-01,1.999722868204116821e-01,2.961738407611846924e-01,1.535793542861938477e-01,2.871662080287933350e-01,3.329796195030212402e-01,4.268060624599456787e-01,2.616185247898101807e-01,3.448903560638427734e-01,3.748414516448974609e-01,3.858904838562011719e-01,4.163505434989929199e-01,5.624098181724548340e-01
5.613177418708801270e-01,4.730809628963470459e-01,5.053796172142028809e-01,5.332763791084289551e-01,4.374358952045440674e-01,6.995474100112915039e-01,5.988932251930236816e-01,2.669140994548797607e-01,4.512896239757537842e-01,5.300358533859252930e-01,1.750596761703491211e-01,4.643380343914031982e-01,1.000000000000000000e+00,3.575926125049591064e-01,2.998366951942443848e-01,5.959113240242004395e-01,6.059513092041015625e-01,7.137040495872497559e-01,7.562837600708007812e-01,8.058342337608337402e-01,4.696992933750152588e-01,6.186202764511108398e-01,6.848317384719848633e-01,4.631005823612213135e-01,1.231259927153587341e-01,5.873575210571289062e-01,1.646076142787933350e-01,4.354685842990875244e-01,5.892393589019775391e-01,5.250896215438842773e-01,5.633862614631652832e-01,4.794418215751647949e-01,5.477018356323242188e-01,1.699729561805725098e-01,1.551015973091125488e-01,4.651457965373992920e-01,3.239393830299377441e-01,2.343894392251968384e-01,2.529735863208770752e-01,3.408440947532653809e-01,5.024676322937011719e-01,6.883578300476074219e-01,6.168483495712280273e-01,3.481003642082214355e-01,3.683787286281585693e-01,5.855770111083984375e-01,3.781146109104156494e-01,6.299155354499816895e-01
3.563975095748901367e-01,1.558127999305725098e-01,2.573904395103454590e-01,2.373818308115005493e-01,-9.279008954763412476e-03,2.390028387308120728e-01,2.733240425586700439e-01,3.923545479774475098e-01,1.349339932203292847e-01,2.239443063735961914e-01,3.849396705627441406e-01,3.362466394901275635e-01,3.575926125049591064e-01,1.000000000000000000e+00,4.902161955833435059e-01,2.990543544292449951e-01,2.825206816196441650e-01,3.203295767307281494e-01,2.431583702564239502e-01,3.228280246257781982e-01,3.053371012210845947e-01,2.153178602457046509e-01,3.320607244968414307e-01,2.062690705060958862e-01,1.761619448661804199e-01,2.584995925426483154e-01,1.541866064071655273e-01,2.640520930290222168e-01,2.380058020353317261e-01,3.172942101955413818e-01,3.216010630130767822e-01,1.774302572011947632e-01,3.138647377490997314e-01,3.250573277473449707e-01,2.329879403114318848e-01,3.009007871150970459e-01,6.969825625419616699e-01,3.883388638496398926e-01,1.237452998757362366e-01,8.584038913249969482e-02,3.766762316226959229e-01,3.347425162792205811e-01,3.879543840885162354e-01,1.433138549327850342e-01,2.626778483390808105e-01,3.492763638496398926e-01,1.007018536329269409e-01,4.402639865875244141e-01
3.041496574878692627e-01,7.181698828935623169e-02,1.954376548528671265e-01,1.388464272022247314e-01,-5.235850065946578979e-02,1.604523062705993652e-01,8.112761378288269043e-02,5.300158262252807617e-01,1.745678335428237915e-01,5.526770278811454773e-02,6.770924925804138184e-01,4.312026202678680420e-01,2.998366951942443848e-01,4.902161955833435059e-01,1.000000000000000000e+00,5.638065934181213379e-01,1.340878754854202271e-01,1.946879625320434570e-01,1.666590869426727295e-01,2.228699326515197754e-01,2.092195749282836914e-01,2.489615380764007568e-01,3.289175927639007568e-01,2.106082439422607422e-01,1.798041611909866333e-01,5.774823203682899475e-02,1.624227464199066162e-01,1.823593974113464355e-01,1.820085048675537109e-01,2.613187432289123535e-01,2.691755592823028564e-01,1.773333102464675903e-01,3.264833688735961914e-01,5.687278509140014648e-01,3.853601515293121338e-01,3.428649902343750000e-01,3.018862307071685791e-01,7.047480940818786621e-01,3.029420077800750732e-01,2.045841515064239502e-01,2.108358740806579590e-01,1.345179527997970581e-01,7.111611217260360718e-02,1.937597095966339111e-01,1.121580451726913452e-01,1.470921188592910767e-01,7.996134459972381592e-02,3.925841152667999268e-01
3.614197969436645508e-01,2.739676535129547119e-01,3.603012561798095703e-01,3.316951394081115723e-01,3.700141012668609619e-01,5.513558387756347656e-01,4.155526459217071533e-01,4.083710312843322754e-01,3.282972276210784912e-01,2.599722146987915039e-01,4.189563095569610596e-01,3.936319649219512939e-01,5.959113240242004395e-01,2.990543544292449951e-01,5.638065934181213379e-01,1.000000000000000000e+00,4.663192629814147949e-01,5.133970975875854492e-01,5.450870394706726074e-01,5.150843262672424316e-01,2.545840740203857422e-01,5.186048746109008789e-01,7.151155471801757812e-01,4.664790034294128418e-01,9.180789440870285034e-02,3.482288122177124023e-01,1.409091502428054810e-01,2.357388883829116821e-01,4.207696914672851562e-01,3.301712870597839355e-01,4.060270488262176514e-01,4.790125191211700439e-01,4.549469649791717529e-01,2.808287739753723145e-01,3.673516213893890381e-01,5.269709825515747070e-01,2.053491026163101196e-01,5.061262249946594238e-01,6.132947206497192383e-01,5.891334414482116699e-01,2.656269371509552002e-01,4.327225387096405029e-01,3.106248974800109863e-01,1.835509538650512695e-01,1.644702553749084473e-01,2.715661823749542236e-01,3.439160585403442383e-01,5.432457923889160156e-01
6.547587513923645020e-01,4.943356812000274658e-01,6.345307826995849609e-01,6.412141323089599609e-01,5.172198414802551270e-01,5.629562735557556152e-01,8.907417058944702148e-01,3.908485472202301025e-01,6.551390886306762695e-01,7.009735107421875000e-01,3.129234910011291504e-01,5.565724372863769531e-01,6.059513092041015625e-01,2.825206816196441650e-01,1.340878754854202271e-01,4.663192629814147949e-01,1.000000000000000000e+00,8.495623469352722168e-01,6.898365020751953125e-01,7.330874800682067871e-01,5.712172389030456543e-01,6.805413365364074707e-01,6.200441718101501465e-01,6.098034977912902832e-01,4.461120665073394775e-01,6.985767483711242676e-01,2.988491058349609375e-01,5.895238518714904785e-01,6.752228736877441406e-01,6.192129850387573242e-01,7.042968273162841797e-01,6.770415306091308594e-01,5.750849246978759766e-01,2.053046226501464844e-01,2.881158888339996338e-01,5.574198961257934570e-01,1.963374018669128418e-01,1.520992219448089600e-01,2.780759930610656738e-01,5.051504969596862793e-01,3.314730525016784668e-01,7.324253916740417480e-01,6.177109479904174805e-01,2.924065887928009033e-01,4.985251426696777344e-01,6.480892896652221680e-01,6.069525480270385742e-01,5.587997436523437500e-01
6.702750921249389648e-01,5.380011200904846191e-01,5.638630986213684082e-01,6.612949371337890625e-01,4.343252778053283691e-01,5.639308094978332520e-01,8.144428133964538574e-01,3.432519733905792236e-01,5.217573046684265137e-01,6.164346933364868164e-01,2.885624766349792480e-01,4.987443387508392334e-01,7.137040495872497559e-01,3.203295767307281494e-01,1.946879625320434570e-01,5.133970975875854492e-01,8.495623469352722168e-01,1.000000000000000000e+00,7.185672521591186523e-01,7.972137928009033203e-01,5.653593540191650391e-01,7.218443155288696289e-01,6.899461150169372559e-01,6.582394242286682129e-01,3.203853666782379150e-01,7.291071414947509766e-01,2.472836822271347046e-01,5.424565076828002930e-01,6.579215526580810547e-01,6.365861892700195312e-01,7.558992505073547363e-01,7.073674201965332031e-01,5.997773408889770508e-01,1.923262327909469604e-01,2.467888146638870239e-01,5.934133529663085938e-01,2.209319025278091431e-01,1.611793190240859985e-01,3.156530559062957764e-01,4.832664728164672852e-01,3.570067286491394043e-01,7.270524501800537109e-01,6.779403090476989746e-01,2.532169222831726074e-01,4.726723134517669678e-01,6.246632337570190430e-01,6.176471114158630371e-01,5.837876796722412109e-01
4.376167654991149902e-01,5.014056563377380371e-01,3.450277745723724365e-01,3.918179571628570557e-01,5.329179167747497559e-01,7.210834622383117676e-01,5.982748866081237793e-01,2.775204777717590332e-01,3.641621768474578857e-01,5.210271477699279785e-01,7.691473513841629028e-02,3.254054188728332520e-01,7.562837600708007812e-01,2.431583702564239502e-01,1.666590869426727295e-01,5.450870394706726074e-01,6.898365020751953125e-01,7.185672521591186523e-01,1.000000000000000000e+00,8.202496170997619629e-01,3.795865476131439209e-01,4.981416761875152588e-01,5.663034319877624512e-01,4.322767853736877441e-01,5.031349882483482361e-02,5.182992815971374512e-01,1.075254082679748535e-01,3.121164441108703613e-01,5.541309714317321777e-01,4.673996567726135254e-01,4.854285418987274170e-01,4.871367812156677246e-01,5.202251672744750977e-01,1.422364711761474609e-01,1.080460250377655029e-01,3.899138867855072021e-01,2.442612648010253906e-01,1.513817608356475830e-01,2.399276047945022583e-01,4.284788668155670166e-01,3.644886612892150879e-01,6.839184165000915527e-01,6.401259899139404297e-01,2.481308579444885254e-01,3.340340256690979004e-01,5.560420751571655273e-01,3.671381175518035889e-01,4.798837602138519287e-01
7.043747901916503906e-01,5.425274968147277832e-01,6.028577089309692383e-01,6.689560413360595703e-01,4.861349165439605713e-01,6.653373241424560547e-01,7.055561542510986328e-01,2.873418331146240234e-01,4.862683415412902832e-01,5.990070700645446777e-01,2.187474966049194336e-01,5.383165478706359863e-01,8.058342337608337402e-01,3.228280246257781982e-01,2.228699326515197754e-01,5.150843262672424316e-01,7.330874800682067871e-01,7.972137928009033203e-01,8.202496170997619629e-01,1.000000000000000000e+00,6.625208258628845215e-01,7.127344608306884766e-01,6.205354928970336914e-01,5.383743047714233398e-01,2.104804068803787231e-01,6.652875542640686035e-01,1.239425092935562134e-01,5.808966755867004395e-01,6.973290443420410156e-01,6.495736837387084961e-01,6.986998319625854492e-01,6.305353045463562012e-01,5.695542097091674805e-01,1.831907182931900024e-01,1.621410548686981201e-01,4.855778813362121582e-01,2.555698156356811523e-01,1.860397160053253174e-01,2.808589935302734375e-01,4.181400835514068604e-01,4.964887797832489014e-01,7.293378114700317383e-01,6.455447673797607422e-01,2.535477876663208008e-01,4.168758392333984375e-01,5.920669436454772949e-01,4.979550838470458984e-01,5.781986117362976074e-01
7.992215752601623535e-01,3.673231005668640137e-01,7.118823528289794922e-01,7.110230922698974609e-01,2.286931127309799194e-01,3.395581841468811035e-01,5.841781497001647949e-01,3.345958888530731201e-01,5.413702130317687988e-01,4.693100452423095703e-01,4.410896301269531250e-01,7.279778718948364258e-01,4.696992933750152588e-01,3.053371012210845947e-01,2.092195749282836914e-01,2.545840740203857422e-01,5.712172389030456543e-01,5.653593540191650391e-01,3.795865476131439209e-01,6.625208258628845215e-01,1.000000000000000000e+00,7.728680968284606934e-01,4.177478551864624023e-01,5.213187336921691895e-01,5.595181584358215332e-01,5.060824155807495117e-01,2.380073666572570801e-01,7.519507408142089844e-01,6.516625285148620605e-01,7.855168581008911133e-01,7.886235117912292480e-01,6.158967018127441406e-01,4.519937932491302490e-01,2.055454105138778687e-01,3.060127198696136475e-01,4.810890257358551025e-01,1.533725857734680176e-01,1.443139761686325073e-01,1.838850378990173340e-01,2.831220626831054688e-01,3.499064147472381592e-01,4.869765639305114746e-01,3.843331038951873779e-01,2.395491749048233032e-01,3.474239110946655273e-01,4.243855476379394531e-01,5.171449184417724609e-01,5.345314145088195801e-01
7.492349147796630859e-01,4.108144342899322510e-01,7.084325551986694336e-01,7.156138420104980469e-01,3.209971189498901367e-01,4.807772338390350342e-01,6.613345742225646973e-01,3.291082084178924561e-01,5.957930684089660645e-01,4.714785814285278320e-01,4.119843840599060059e-01,6.513839364051818848e-01,6.186202764511108398e-01,2.153178602457046509e-01,2.489615380764007568e-01,5.186048746109008789e-01,6.805413365364074707e-01,7.218443155288696289e-01,4.981416761875152588e-01,7.127344608306884766e-01,7.728680968284606934e-01,1.000000000000000000e+00,7.038549184799194336e-01,6.918014883995056152e-01,4.887286126613616943e-01,5.362844467163085938e-01,2.770297825336456299e-01,6.616755723953247070e-01,6.878085136413574219e-01,7.133847475051879883e-01,8.167214989662170410e-01,7.804248929023742676e-01,4.992665946483612061e-01,1.681012064218521118e-01,3.716362118721008301e-01,6.247578263282775879e-01,7.366076111793518066e-02,2.311798036098480225e-01,3.849059641361236572e-01,5.189446210861206055e-01,2.998737692832946777e-01,5.048155784606933594e-01,3.904708027839660645e-01,2.741561233997344971e-01,2.875387668609619141e-01,4.130171537399291992e-01,6.437065601348876953e-01,6.783952116966247559e-01
5.341283082962036133e-01,4.275382757186889648e-01,5.530548691749572754e-01,5.082399249076843262e-01,3.306749761104583740e-01,5.707882642745971680e-01,6.163223385810852051e-01,3.714194893836975098e-01,4.920864999294281006e-01,4.670860469341278076e-01,3.057624101638793945e-01,4.701384603977203369e-01,6.848317384719848633e-01,3.320607244968414307e-01,3.289175927639007568e-01,7.151155471801757812e-01,6.200441718101501465e-01,6.899461150169372559e-01,5.663034319877624512e-01,6.205354928970336914e-01,4.177478551864624023e-01,7.038549184799194336e-01,1.000000000000000000e+00,7.009335756301879883e-01,2.394538372755050659e-01,5.532474517822265625e-01,2.207347005605697632e-01,4.269812405109405518e-01,5.598761439323425293e-01,4.619424939155578613e-01,5.619869232177734375e-01,6.818022727966308594e-01,5.666058063507080078e-01,1.211514621973037720e-01,3.210638463497161865e-01,7.051799297332763672e-01,2.354342341423034668e-01,2.954525053501129150e-01,4.883124232292175293e-01,6.489080190658569336e-01,3.885782957077026367e-01,5.749496221542358398e-01,4.637258648872375488e-01,3.471657931804656982e-01,2.940267920494079590e-01,4.464138746261596680e-01,5.457522869110107422e-01,7.900623679161071777e-01
5.852662920951843262e-01,3.820658326148986816e-01,5.422934889793395996e-01,5.098556876182556152e-01,2.525226771831512451e-01,3.740942776203155518e-01,5.535548329353332520e-01,3.003722727298736572e-01,4.489078521728515625e-01,4.048324227333068848e-01,3.238788843154907227e-01,4.720006883144378662e-01,4.631005823612213135e-01,2.062690705060958862e-01,2.106082439422607422e-01,4.664790034294128418e-01,6.098034977912902832e-01,6.582394242286682129e-01,4.322767853736877441e-01,5.383743047714233398e-01,5.213187336921691895e-01,6.918014883995056152e-01,7.009335756301879883e-01,1.000000000000000000e+00,3.775032162666320801e-01,4.709570109844207764e-01,2.098687887191772461e-01,4.560718536376953125e-01,4.912656247615814209e-01,5.238747596740722656e-01,7.003901004791259766e-01,8.366171717643737793e-01,4.751383364200592041e-01,1.083827987313270569e-01,4.243641197681427002e-01,8.137166500091552734e-01,1.067081764340400696e-01,2.139007598161697388e-01,4.238526523113250732e-01,6.037783622741699219e-01,2.705165147781372070e-01,4.630343616008758545e-01,4.198978245258331299e-01,2.395118474960327148e-01,3.203178644180297852e-01,3.691965639591217041e-01,7.991086840629577637e-01,6.082847118377685547e-01
5.337841510772705078e-01,2.515522241592407227e-01,5.295352339744567871e-01,4.256999790668487549e-01,9.648799151182174683e-02,3.256871178746223450e-02,4.181620776653289795e-01,3.669633865356445312e-01,5.550267100334167480e-01,3.498246669769287109e-01,5.499421358108520508e-01,5.228440165519714355e-01,1.231259927153587341e-01,1.761619448661804199e-01,1.798041611909866333e-01,9.180789440870285034e-02,4.461120665073394775e-01,3.203853666782379150e-01,5.031349882483482361e-02,2.104804068803787231e-01,5.595181584358215332e-01,4.887286126613616943e-01,2.394538372755050659e-01,3.775032162666320801e-01,1.000000000000000000e+00,2.718260586261749268e-01,5.306824445724487305e-01,6.058716773986816406e-01,4.676752388477325439e-01,4.926816225051879883e-01,5.332462787628173828e-01,3.956854343414306641e-01,4.440576136112213135e-01,2.398451864719390869e-01,4.184587001800537109e-01,3.990504443645477295e-01,5.119268968701362610e-02,2.157829105854034424e-01,1.893123537302017212e-01,2.435929328203201294e-01,7.132364064455032349e-02,1.987369358539581299e-01,7.876222580671310425e-02,2.988697290420532227e-01,2.713344097137451172e-01,2.671959996223449707e-01,4.069818258285522461e-01,3.382910490036010742e-01
6.037981510162353516e-01,4.782073199748992920e-01,6.290866136550903320e-01,6.819366812705993652e-01,3.207297325134277344e-01,4.265508949756622314e-01,8.053466677665710449e-01,2.018517851829528809e-01,5.012996196746826172e-01,5.927922129631042480e-01,1.841401308774948120e-01,4.225820600986480713e-01,5.873575210571289062e-01,2.584995925426483154e-01,5.774823203682899475e-02,3.482288122177124023e-01,6.985767483711242676e-01,7.291071414947509766e-01,5.182992815971374512e-01,6.652875542640686035e-01,5.060824155807495117e-01,5.362844467163085938e-01,5.532474517822265625e-01,4.709570109844207764e-01,2.718260586261749268e-01,1.000000000000000000e+00,1.545705199241638184e-01,6.030462980270385742e-01,6.437802910804748535e-01,5.544440150260925293e-01,5.761299133300781250e-01,5.255607962608337402e-01,4.470240473747253418e-01,4.149267822504043579e-02,7.764718681573867798e-02,4.649017453193664551e-01,2.171615958213806152e-01,-7.526213768869638443e-03,1.588247865438461304e-01,3.538955152034759521e-01,3.988763988018035889e-01,6.947488188743591309e-01,6.056845784187316895e-01,2.012667208909988403e-01,4.045076072216033936e-01,5.387920141220092773e-01,5.029575228691101074e-01,4.786642491817474365e-01
2.111044824123382568e-01,2.520148456096649170e-01,2.453266978263854980e-01,1.599377989768981934e-01,1.949899494647979736e-01,1.275155991315841675e-01,2.634592950344085693e-01,3.515148162841796875e-01,3.727220892906188965e-01,3.040110170841217041e-01,3.313117027282714844e-01,3.720926344394683838e-01,1.646076142787933350e-01,1.541866064071655273e-01,1.624227464199066162e-01,1.409091502428054810e-01,2.988491058349609375e-01,2.472836822271347046e-01,1.075254082679748535e-01,1.239425092935562134e-01,2.380073666572570801e-01,2.770297825336456299e-01,2.207347005605697632e-01,2.098687887191772461e-01,5.306824445724487305e-01,1.545705199241638184e-01,1.000000000000000000e+00,2.457910478115081787e-01,3.090467154979705811e-01,3.265902101993560791e-01,2.970466613769531250e-01,1.968236416578292847e-01,4.527429640293121338e-01,2.038717865943908691e-01,2.928748130798339844e-01,2.780848145484924316e-01,1.870416700839996338e-01,2.534042298793792725e-01,6.765702366828918457e-02,1.997942924499511719e-01,-2.900428697466850281e-02,1.340217888355255127e-01,7.901749759912490845e-02,3.471534848213195801e-01,1.877541691064834595e-01,2.305673509836196899e-01,2.363281250000000000e-01,2.182480990886688232e-01
8.050529360771179199e-01,4.726760685443878174e-01,7.598213553428649902e-01,7.414823174476623535e-01,1.902138888835906982e-01,2.771277129650115967e-01,6.395907402038574219e-01,2.510976195335388184e-01,6.164860725402832031e-01,5.526209473609924316e-01,4.419978857040405273e-01,5.996265411376953125e-01,4.354685842990875244e-01,2.640520930290222168e-01,1.823593974113464355e-01,2.357388883829116821e-01,5.895238518714904785e-01,5.424565076828002930e-01,3.121164441108703613e-01,5.808966755867004395e-01,7.519507408142089844e-01,6.616755723953247070e-01,4.269812405109405518e-01,4.560718536376953125e-01,6.058716773986816406e-01,6.030462980270385742e-01,2.457910478115081787e-01,1.000000000000000000e+00,7.519235610961914062e-01,7.032917737960815430e-01,6.895201206207275391e-01,5.305536389350891113e-01,4.967647194862365723e-01,1.311727613210678101e-01,1.754980534315109253e-01,4.516746103763580322e-01,1.409267932176589966e-01,1.371611207723617554e-01,1.785300076007843018e-01,1.978457719087600708e-01,4.231109619140625000e-01,5.311515331268310547e-01,3.695953786373138428e-01,2.966135442256927490e-01,4.226646721363067627e-01,4.738467037677764893e-01,4.544306099414825439e-01,4.883359372615814209e-01
6.748564839363098145e-01,6.599562168121337891e-01,6.792122721672058105e-01,6.302250027656555176e-01,3.904883265495300293e-01,4.734322428703308105e-01,7.098180651664733887e-01,3.024603426456451416e-01,6.288161277770996094e-01,6.116108298301696777e-01,3.327651917934417725e-01,5.339187383651733398e-01,5.892393589019775391e-01,2.380058020353317261e-01,1.820085048675537109e-01,4.207696914672851562e-01,6.752228736877441406e-01,6.579215526580810547e-01,5.541309714317321777e-01,6.973290443420410156e-01,6.516625285148620605e-01,6.878085136413574219e-01,5.598761439323425293e-01,4.912656247615814209e-01,4.676752388477325439e-01,6.437802910804748535e-01,3.090467154979705811e-01,7.519235610961914062e-01,1.000000000000000000e+00,7.149003148078918457e-01,6.625220179557800293e-01,5.894868969917297363e-01,5.703749060630798340e-01,1.294766217470169067e-01,1.738427430391311646e-01,4.632336199283599854e-01,1.669399887323379517e-01,1.704807728528976440e-01,2.225665897130966187e-01,3.669362068176269531e-01,3.985606133937835693e-01,6.136598587036132812e-01,5.052334070205688477e-01,3.920218646526336670e-01,4.558577537536621094e-01,5.445888042449951172e-01,4.700573086738586426e-01,5.161639451980590820e-01
7.511132955551147461e-01,4.691693484783172607e-01,6.699255704879760742e-01,6.558071970939636230e-01,2.579559385776519775e-01,3.758933246135711670e-01,6.316454410552978516e-01,4.281661212444305420e-01,5.835959315299987793e-01,5.588719844818115234e-01,4.122591316699981689e-01,6.683737635612487793e-01,5.250896215438842773e-01,3.172942101955413818e-01,2.613187432289123535e-01,3.301712870597839355e-01,6.192129850387573242e-01,6.365861892700195312e-01,4.673996567726135254e-01,6.495736837387084961e-01,7.855168581008911133e-01,7.133847475051879883e-01,4.619424939155578613e-01,5.238747596740722656e-01,4.926816225051879883e-01,5.544440150260925293e-01,3.265902101993560791e-01,7.032917737960815430e-01,7.149003148078918457e-01,1.000000000000000000e+00,8.162271976470947266e-01,6.111140847206115723e-01,5.432094931602478027e-01,2.448366731405258179e-01,3.487252593040466309e-01,5.380055308341979980e-01,2.042561769485473633e-01,1.899427771568298340e-01,1.707144826650619507e-01,2.984270453453063965e-01,3.664389848709106445e-01,5.854842662811279297e-01,4.752480685710906982e-01,3.740328252315521240e-01,3.750544190406799316e-01,5.069006085395812988e-01,5.077340602874755859e-01,4.915286004543304443e-01
7.873171567916870117e-01,4.407323300838470459e-01,6.758801341056823730e-01,6.826052665710449219e-01,2.551860809326171875e-01,3.624890744686126709e-01,6.672328114509582520e-01,3.876510560512542725e-01,5.941245555877685547e-01,5.372752547264099121e-01,4.817531406879425049e-01,6.274424195289611816e-01,5.633862614631652832e-01,3.216010630130767822e-01,2.691755592823028564e-01,4.060270488262176514e-01,7.042968273162841797e-01,7.558992505073547363e-01,4.854285418987274170e-01,6.986998319625854492e-01,7.886235117912292480e-01,8.167214989662170410e-01,5.619869232177734375e-01,7.003901004791259766e-01,5.332462787628173828e-01,5.761299133300781250e-01,2.970466613769531250e-01,6.895201206207275391e-01,6.625220179557800293e-01,8.162271976470947266e-01,1.000000000000000000e+00,7.466498613357543945e-01,5.358311533927917480e-01,2.418562322854995728e-01,4.173693656921386719e-01,6.617741584777832031e-01,1.800990253686904907e-01,2.241628319025039673e-01,3.383442461490631104e-01,4.406035244464874268e-01,3.193404376506805420e-01,5.649774670600891113e-01,5.066819787025451660e-01,2.938713729381561279e-01,4.207403957843780518e-01,5.168476104736328125e-01,6.762956380844116211e-01,5.608758330345153809e-01
6.262433528900146484e-01,4.353677630424499512e-01,5.743826627731323242e-01,5.694963335990905762e-01,3.182086050510406494e-01,4.289888441562652588e-01,6.299989223480224609e-01,2.879204452037811279e-01,5.015156269073486328e-01,4.749422967433929443e-01,3.135026097297668457e-01,5.354936718940734863e-01,4.794418215751647949e-01,1.774302572011947632e-01,1.773333102464675903e-01,4.790125191211700439e-01,6.770415306091308594e-01,7.073674201965332031e-01,4.871367812156677246e-01,6.305353045463562012e-01,6.158967018127441406e-01,7.804248929023742676e-01,6.818022727966308594e-01,8.366171717643737793e-01,3.956854343414306641e-01,5.255607962608337402e-01,1.968236416578292847e-01,5.305536389350891113e-01,5.894868969917297363e-01,6.111140847206115723e-01,7.466498613357543945e-01,1.000000000000000000e+00,4.348956048488616943e-01,9.892261028289794922e-02,3.584770858287811279e-01,7.276752591133117676e-01,4.943200573325157166e-02,1.651453226804733276e-01,4.386552274227142334e-01,6.304403543472290039e-01,2.917238175868988037e-01,5.263810157775878906e-01,4.500315189361572266e-01,1.988464593887329102e-01,3.479733169078826904e-01,4.156611561775207520e-01,8.133547306060791016e-01,5.701531171798706055e-01
6.001296639442443848e-01,5.500525236129760742e-01,4.796561300754547119e-01,4.539529383182525635e-01,3.368493020534515381e-01,4.233874380588531494e-01,5.099447369575500488e-01,5.523930191993713379e-01,4.875596165657043457e-01,5.187995433807373047e-01,3.701984882354736328e-01,5.768330097198486328e-01,5.477018356323242188e-01,3.138647377490997314e-01,3.264833688735961914e-01,4.549469649791717529e-01,5.750849246978759766e-01,5.997773408889770508e-01,5.202251672744750977e-01,5.695542097091674805e-01,4.519937932491302490e-01,4.992665946483612061e-01,5.666058063507080078e-01,4.751383364200592041e-01,4.440576136112213135e-01,4.470240473747253418e-01,4.527429640293121338e-01,4.967647194862365723e-01,5.703749060630798340e-01,5.432094931602478027e-01,5.358311533927917480e-01,4.348956048488616943e-01,1.000000000000000000e+00,2.989886701107025146e-01,3.211547434329986572e-01,5.174943804740905762e-01,2.537697553634643555e-01,3.219492137432098389e-01,2.472303807735443115e-01,3.650102317333221436e-01,4.079706072807312012e-01,5.223082900047302246e-01,4.526357948780059814e-01,4.506709277629852295e-01,4.196439385414123535e-01,5.208087563514709473e-01,3.675338327884674072e-01,5.467318296432495117e-01
