1.000000000000000000e+00,1.678199917078018188e-01,2.485799789428710938e-01,2.695436179637908936e-01,4.451627731323242188e-01,5.004077553749084473e-01,4.350110143423080444e-02,3.326659500598907471e-01,2.656897604465484619e-01,8.275996893644332886e-02,2.980313599109649658e-01,2.063649445772171021e-01,-5.246915854513645172e-03,3.605365157127380371e-01,3.255181908607482910e-01,1.163480952382087708e-01,-4.454191029071807861e-02,-1.676673889160156250e-01,-2.013742364943027496e-02,-1.262290179729461670e-01,-1.275834441184997559e-01,-2.198163419961929321e-01,-9.877716004848480225e-02,-1.908844709396362305e-01,2.677432596683502197e-01,2.171328216791152954e-01,2.667865753173828125e-01,5.712815523147583008e-01,4.561095237731933594e-01,-4.040345922112464905e-02,-1.541972756385803223e-01,-1.031292974948883057e-01,3.779875040054321289e-01,2.384102046489715576e-01,5.070490017533302307e-02,-3.567150980234146118e-02,4.003653824329376221e-01,2.446102797985076904e-01,1.294802874326705933e-01,5.535026639699935913e-02,3.067207038402557373e-01,1.227892860770225525e-01,4.817190021276473999e-02,6.615461409091949463e-02,6.328918784856796265e-02,2.401770278811454773e-02,-1.975297927856445312e-01,-1.140830442309379578e-01
1.678199917078018188e-01,1.000000000000000000e+00,-2.721958458423614502e-01,-3.011674284934997559e-01,4.109719097614288330e-01,2.956432998180389404e-01,-2.805144786834716797e-01,5.229822397232055664e-01,6.268417835235595703e-01,6.220553517341613770e-01,5.579423308372497559e-01,5.751997232437133789e-01,5.835165381431579590e-01,3.287413716316223145e-01,2.683644294738769531e-01,5.112131834030151367e-01,-3.424259722232818604e-01,-3.418900370597839355e-01,-3.417973220348358154e-01,-3.535027801990509033e-01,-3.269080519676208496e-01,-3.986967802047729492e-01,5.276697278022766113e-01,4.389341473579406738e-01,8.024911582469940186e-02,-1.693579852581024170e-01,3.772890865802764893e-01,2.324827164411544800e-01,1.113159060478210449e-01,-2.571581602096557617e-01,-3.185069859027862549e-01,-2.703476250171661377e-01,5.452892780303955078e-01,4.509977102279663086e-01,5.699128508567810059e-01,5.007556080818176270e-01,3.189383745193481445e-01,4.869759976863861084e-01,5.171019434928894043e-01,4.079371690750122070e-01,5.870101451873779297e-01,5.230746865272521973e-01,6.855215132236480713e-02,6.450165510177612305e-01,6.034788489341735840e-01,5.247286558151245117e-01,3.099624216556549072e-01,3.412711620330810547e-01
2.485799789428710938e-01,-2.721958458423614502e-01,1.000000000000000000e+00,6.488349437713623047e-01,-2.855240926146507263e-02,4.847928881645202637e-02,5.423406362533569336e-01,-1.316173970699310303e-01,-2.353398948907852173e-01,-2.701998949050903320e-01,-1.511603593826293945e-01,-1.538549363613128662e-01,-2.818174958229064941e-01,-2.750854752957820892e-02,6.219756975769996643e-02,-1.377093046903610229e-01,5.193622112274169922e-01,4.038763046264648438e-01,3.510752916336059570e-01,3.639887869358062744e-01,3.277598023414611816e-01,3.309976756572723389e-01,-2.865948677062988281e-01,-2.954783737659454346e-01,1.135419402271509171e-02,4.759853184223175049e-01,-4.991056025028228760e-02,1.582725644111633301e-01,2.650034129619598389e-01,2.996176481246948242e-01,2.576439976692199707e-01,2.061631083488464355e-01,-1.548019647598266602e-01,-1.567317098379135132e-01,-3.003191351890563965e-01,-2.750197052955627441e-01,-4.367938637733459473e-02,-1.765269488096237183e-01,-2.676668465137481689e-01,-2.548940181732177734e-01,-1.844571381807327271e-01,-1.635138541460037231e-01,5.144473910331726074e-02,-2.711916863918304443e-01,-2.157750576734542847e-01,-1.803383976221084595e-01,-2.775970399379730225e-01,-2.812314629554748535e-01
2.695436179637908936e-01,-3.011674284934997559e-01,6.488349437713623047e-01,1.000000000000000000e+00,1.568187028169631958e-02,1.341044455766677856e-01,5.760079622268676758e-01,-1.847851574420928955e-01,-2.630868256092071533e-01,-3.071492910385131836e-01,-2.180776596069335938e-01,-2.258106917142868042e-01,-3.203806281089782715e-01,-1.061056852340698242e-01,1.475997123634442687e-04,-1.933348327875137329e-01,5.253182053565979004e-01,4.152753353118896484e-01,4.743436574935913086e-01,4.442985951900482178e-01,3.892556428909301758e-01,3.771013319492340088e-01,-3.420855402946472168e-01,-3.535766601562500000e-01,-9.150410071015357971e-03,5.051844120025634766e-01,-1.044098287820816040e-01,1.806356459856033325e-01,3.362173438072204590e-01,3.423042893409729004e-01,3.122666776180267334e-01,2.555241584777832031e-01,-2.145718783140182495e-01,-2.222208380699157715e-01,-3.429345488548278809e-01,-3.210575580596923828e-01,-9.696261584758758545e-02,-2.227734178304672241e-01,-3.114219307899475098e-01,-2.987384200096130371e-01,-1.937730312347412109e-01,-1.426719427108764648e-01,1.370416283607482910e-01,-3.092277944087982178e-01,-2.234425693750381470e-01,-1.955757439136505127e-01,-3.092557191848754883e-01,-3.080537319183349609e-01
4.451627731323242188e-01,4.109719097614288330e-01,-2.855240926146507263e-02,1.568187028169631958e-02,1.000000000000000000e+00,6.142196059226989746e-01,-8.665850386023521423e-03,4.018193185329437256e-01,3.644051551818847656e-01,3.293121159076690674e-01,3.489033579826354980e-01,2.602088153362274170e-01,2.471294403076171875e-01,1.633828878402709961e-01,1.120530441403388977e-01,1.913893073797225952e-01,-1.415387988090515137e-01,-1.957436352968215942e-01,-5.639192089438438416e-02,-1.855417490005493164e-01,-2.290719002485275269e-01,-3.024678826332092285e-01,1.142415702342987061e-01,1.618238538503646851e-02,-1.105677243322134018e-02,1.016195490956306458e-01,1.590940505266189575e-01,4.488108754158020020e-01,3.531128168106079102e-01,-1.861300617456436157e-01,-2.454753369092941284e-01,-1.926822960376739502e-01,3.810025453567504883e-01,2.440650910139083862e-01,2.289432287216186523e-01,1.211650818586349487e-01,1.976869404315948486e-01,2.193503677845001221e-01,1.540518254041671753e-01,4.873587191104888916e-02,5.753495097160339355e-01,4.557682573795318604e-01,1.360022723674774170e-01,3.399391472339630127e-01,3.480583429336547852e-01,2.974803745746612549e-01,4.539950564503669739e-02,-4.666630178689956665e-03
5.004077553749084473e-01,2.956432998180389404e-01,4.847928881645202637e-02,1.341044455766677856e-01,6.142196059226989746e-01,1.000000000000000000e+00,1.063698679208755493e-01,3.038885593414306641e-01,2.782067656517028809e-01,2.317851781845092773e-01,2.640835344791412354e-01,1.957733035087585449e-01,1.607754081487655640e-01,1.851043701171875000e-01,1.886036843061447144e-01,1.467188894748687744e-01,-2.385578863322734833e-02,-8.028847724199295044e-02,7.469450682401657104e-02,-3.487002104520797729e-02,-5.097076669335365295e-02,-1.706262826919555664e-01,3.400705009698867798e-02,-7.815699279308319092e-02,5.728433281183242798e-02,2.467992454767227173e-01,1.561066061258316040e-01,5.170178413391113281e-01,4.967939555644989014e-01,1.874059997498989105e-02,-7.690493762493133545e-02,-4.232073575258255005e-02,3.176736533641815186e-01,1.706527918577194214e-01,8.710551261901855469e-02,4.510024189949035645e-02,2.522728145122528076e-01,1.744325757026672363e-01,9.312991052865982056e-02,5.196276586502790451e-03,4.908767938613891602e-01,3.937524557113647461e-01,2.937790453433990479e-01,1.920808404684066772e-01,2.674565315246582031e-01,2.287255078554153442e-01,-4.592890664935112000e-02,-4.165558889508247375e-02
4.350110143423080444e-02,-2.805144786834716797e-01,5.423406362533569336e-01,5.760079622268676758e-01,-8.665850386023521423e-03,1.063698679208755493e-01,1.000000000000000000e+00,-2.615202367305755615e-01,-3.470015525817871094e-01,-2.424873113632202148e-01,-3.003423213958740234e-01,-2.908948361873626709e-01,-2.383885979652404785e-01,-2.190097123384475708e-01,-9.939797967672348022e-02,-2.103197425603866577e-01,6.874340176582336426e-01,6.436944603919982910e-01,5.916015505790710449e-01,5.666707754135131836e-01,4.852680563926696777e-01,5.155744552612304688e-01,-2.711288928985595703e-01,-2.613933682441711426e-01,-8.687805384397506714e-02,5.805650949478149414e-01,-1.702641397714614868e-01,2.615952491760253906e-02,2.978342175483703613e-01,4.666319787502288818e-01,4.888779222965240479e-01,3.614332079887390137e-01,-2.664579749107360840e-01,-3.189470469951629639e-01,-3.989371657371520996e-01,-3.190019428730010986e-01,-1.865470856428146362e-01,-3.126140832901000977e-01,-4.230876863002777100e-01,-4.075865149497985840e-01,-1.516536772251129150e-01,-1.702328212559223175e-02,2.633555531501770020e-01,-2.752275466918945312e-01,-1.301669925451278687e-01,-9.480454772710800171e-02,-1.627075374126434326e-01,-2.696853876113891602e-01
3.326659500598907471e-01,5.229822397232055664e-01,-1.316173970699310303e-01,-1.847851574420928955e-01,4.018193185329437256e-01,3.038885593414306641e-01,-2.615202367305755615e-01,1.000000000000000000e+00,5.711998939514160156e-01,3.802623450756072998e-01,6.523439288139343262e-01,4.959055185317993164e-01,3.468804657459259033e-01,4.256277680397033691e-01,2.822711765766143799e-01,4.181120991706848145e-01,-3.207832574844360352e-01,-3.594152331352233887e-01,-3.761477470397949219e-01,-4.138125479221343994e-01,-3.735902309417724609e-01,-4.427573382854461670e-01,3.109404742717742920e-01,1.794566363096237183e-01,9.705467522144317627e-02,-1.581562310457229614e-01,3.467839658260345459e-01,3.745400607585906982e-01,1.619246453046798706e-01,-2.788600027561187744e-01,-3.912289738655090332e-01,-2.966704666614532471e-01,6.179554462432861328e-01,5.855546593666076660e-01,5.207630991935729980e-01,2.651410698890686035e-01,4.168467223644256592e-01,5.420242547988891602e-01,4.492535591125488281e-01,2.877700328826904297e-01,4.394878447055816650e-01,3.235868513584136963e-01,-6.135807186365127563e-02,5.433740615844726562e-01,3.582688868045806885e-01,2.698764204978942871e-01,9.407072514295578003e-02,1.191339716315269470e-01
2.656897604465484619e-01,6.268417835235595703e-01,-2.353398948907852173e-01,-2.630868256092071533e-01,3.644051551818847656e-01,2.782067656517028809e-01,-3.470015525817871094e-01,5.711998939514160156e-01,1.000000000000000000e+00,5.966438055038452148e-01,6.185269951820373535e-01,6.226291060447692871e-01,5.631939172744750977e-01,4.270783364772796631e-01,3.400879502296447754e-01,5.288370847702026367e-01,-4.032502174377441406e-01,-4.282644093036651611e-01,-4.063916802406311035e-01,-4.046118855476379395e-01,-3.673265874385833740e-01,-4.549567997455596924e-01,5.159478783607482910e-01,4.057272672653198242e-01,1.952813416719436646e-01,-1.902816146612167358e-01,4.056312441825866699e-01,2.707741558551788330e-01,9.592847526073455811e-02,-3.099372684955596924e-01,-3.788474500179290771e-01,-3.114794492721557617e-01,5.837446451187133789e-01,4.976755380630493164e-01,5.666576623916625977e-01,5.199896097183227539e-01,4.056716859340667725e-01,5.528134107589721680e-01,5.893505811691284180e-01,4.959085583686828613e-01,4.908145368099212646e-01,3.970703482627868652e-01,2.102830447256565094e-02,5.972895026206970215e-01,5.145385861396789551e-01,4.609219729900360107e-01,2.587136626243591309e-01,3.600244820117950439e-01
8.275996893644332886e-02,6.220553517341613770e-01,-2.701998949050903320e-01,-3.071492910385131836e-01,3.293121159076690674e-01,2.317851781845092773e-01,-2.424873113632202148e-01,3.802623450756072998e-01,5.966438055038452148e-01,1.000000000000000000e+00,4.677328765392303467e-01,5.692308545112609863e-01,6.694306135177612305e-01,2.714367806911468506e-01,2.191793024539947510e-01,4.809044599533081055e-01,-2.819437980651855469e-01,-2.847550213336944580e-01,-2.824688553810119629e-01,-2.546637654304504395e-01,-2.333316504955291748e-01,-3.016381263732910156e-01,5.975492000579833984e-01,5.408002138137817383e-01,9.080500900745391846e-02,-1.196001470088958740e-01,2.914296090602874756e-01,1.065763980150222778e-01,4.489131271839141846e-02,-2.006128579378128052e-01,-2.130931168794631958e-01,-1.903024017810821533e-01,4.288109242916107178e-01,3.397757709026336670e-01,5.066223144531250000e-01,5.788443684577941895e-01,2.430955469608306885e-01,4.093210995197296143e-01,5.011677742004394531e-01,4.612553417682647705e-01,5.097881555557250977e-01,4.799206256866455078e-01,1.555957794189453125e-01,5.756037235260009766e-01,6.099128127098083496e-01,5.805249214172363281e-01,3.970389068126678467e-01,4.700956940650939941e-01
2.980313599109649658e-01,5.579423308372497559e-01,-1.511603593826293945e-01,-2.180776596069335938e-01,3.489033579826354980e-01,2.640835344791412354e-01,-3.003423213958740234e-01,6.523439288139343262e-01,6.185269951820373535e-01,4.677328765392303467e-01,1.000000000000000000e+00,6.105072498321533203e-01,4.639101326465606689e-01,4.631360769271850586e-01,3.824424743652343750e-01,5.183205008506774902e-01,-3.567351400852203369e-01,-3.755943179130554199e-01,-4.412791132926940918e-01,-4.233607649803161621e-01,-3.472100198268890381e-01,-4.191701114177703857e-01,4.321590065956115723e-01,2.951212227344512939e-01,1.949820369482040405e-01,-1.725821644067764282e-01,4.230616390705108643e-01,3.360881507396697998e-01,1.146043241024017334e-01,-2.952866852283477783e-01,-3.706396818161010742e-01,-3.157980144023895264e-01,6.275012493133544922e-01,5.360137820243835449e-01,5.710637569427490234e-01,3.796598315238952637e-01,4.263051748275756836e-01,5.854392051696777344e-01,5.270991921424865723e-01,3.856580555438995361e-01,4.483023285865783691e-01,3.136069178581237793e-01,-8.911852538585662842e-02,5.402983427047729492e-01,4.053516387939453125e-01,3.023319244384765625e-01,1.650832742452621460e-01,2.368480116128921509e-01
2.063649445772171021e-01,5.751997232437133789e-01,-1.538549363613128662e-01,-2.258106917142868042e-01,2.602088153362274170e-01,1.957733035087585449e-01,-2.908948361873626709e-01,4.959055185317993164e-01,6.226291060447692871e-01,5.692308545112609863e-01,6.105072498321533203e-01,1.000000000000000000e+00,5.918020009994506836e-01,4.267553985118865967e-01,4.331489205360412598e-01,5.864273309707641602e-01,-3.193822801113128662e-01,-3.223865926265716553e-01,-3.835764527320861816e-01,-3.042562305927276611e-01,-2.173135280609130859e-01,-3.182263374328613281e-01,5.633612871170043945e-01,4.511234462261199951e-01,2.130306661128997803e-01,-1.537967622280120850e-01,4.181203842163085938e-01,1.906518191099166870e-01,4.481742531061172485e-02,-2.194533944129943848e-01,-2.834851443767547607e-01,-2.361310869455337524e-01,5.329234600067138672e-01,4.473056197166442871e-01,5.217329263687133789e-01,5.355758666992187500e-01,3.743367195129394531e-01,5.505601763725280762e-01,5.676307678222656250e-01,5.014588832855224609e-01,3.961040675640106201e-01,3.230988681316375732e-01,-1.783197745680809021e-02,5.364682674407958984e-01,4.855542778968811035e-01,4.202479124069213867e-01,3.036166727542877197e-01,4.183529913425445557e-01
-5.246915854513645172e-03,5.835165381431579590e-01,-2.818174958229064941e-01,-3.203806281089782715e-01,2.471294403076171875e-01,1.607754081487655640e-01,-2.383885979652404785e-01,3.468804657459259033e-01,5.631939172744750977e-01,6.694306135177612305e-01,4.639101326465606689e-01,5.918020009994506836e-01,1.000000000000000000e+00,2.242245674133300781e-01,2.187657952308654785e-01,5.286011695861816406e-01,-2.709858715534210205e-01,-2.273343801498413086e-01,-2.919899523258209229e-01,-2.180479913949966431e-01,-1.457056850194931030e-01,-2.153021991252899170e-01,6.425304412841796875e-01,5.944903492927551270e-01,7.032771408557891846e-02,-1.440525949001312256e-01,2.731852233409881592e-01,4.200457781553268433e-02,4.775371402502059937e-03,-1.506648957729339600e-01,-1.464222520589828491e-01,-1.528637558221817017e-01,3.986987769603729248e-01,3.131943941116333008e-01,5.089399218559265137e-01,5.930427312850952148e-01,1.926432996988296509e-01,4.183966815471649170e-01,5.010185241699218750e-01,4.536942243576049805e-01,4.371803402900695801e-01,4.442386329174041748e-01,1.183955073356628418e-01,5.521146059036254883e-01,5.994284152984619141e-01,5.665484666824340820e-01,4.624262452125549316e-01,4.954078495502471924e-01
3.605365157127380371e-01,3.287413716316223145e-01,-2.750854752957820892e-02,-1.061056852340698242e-01,1.633828878402709961e-01,1.851043701171875000e-01,-2.190097123384475708e-01,4.256277680397033691e-01,4.270783364772796631e-01,2.714367806911468506e-01,4.631360769271850586e-01,4.267553985118865967e-01,2.242245674133300781e-01,1.000000000000000000e+00,5.483677387237548828e-01,4.203505218029022217e-01,-1.967657506465911865e-01,-2.859329581260681152e-01,-2.355420589447021484e-01,-2.027302980422973633e-01,-1.645693033933639526e-01,-2.495626211166381836e-01,1.929480433464050293e-01,1.772179305553436279e-01,3.957031071186065674e-01,-1.023786365985870361e-01,3.745529651641845703e-01,2.172020822763442993e-01,1.139980256557464600e-01,-6.437675654888153076e-02,-1.883614361286163330e-01,-1.454661488533020020e-01,5.257322192192077637e-01,4.685536026954650879e-01,2.748650610446929932e-01,2.761272788047790527e-01,6.668054461479187012e-01,5.611062645912170410e-01,4.627619385719299316e-01,4.083362817764282227e-01,2.454740405082702637e-01,6.303516030311584473e-02,-2.367096394300460815e-02,2.066456675529479980e-01,2.257465422153472900e-01,1.860474944114685059e-01,9.255764074623584747e-03,1.282810866832733154e-01
3.255181908607482910e-01,2.683644294738769531e-01,6.219756975769996643e-02,1.475997123634442687e-04,1.120530441403388977e-01,1.886036843061447144e-01,-9.939797967672348022e-02,2.822711765766143799e-01,3.400879502296447754e-01,2.191793024539947510e-01,3.824424743652343750e-01,4.331489205360412598e-01,2.187657952308654785e-01,5.483677387237548828e-01,1.000000000000000000e+00,4.723538756370544434e-01,-1.036336049437522888e-01,-1.419562399387359619e-01,-1.510218679904937744e-01,-1.167658120393753052e-01,-5.772793292999267578e-02,-1.194019913673400879e-01,2.156145125627517700e-01,1.369790434837341309e-01,4.058119058609008789e-01,6.357009708881378174e-02,4.554243981838226318e-01,2.195844203233718872e-01,1.885338425636291504e-01,1.901422278024256229e-03,-7.000295072793960571e-02,-3.887561708688735962e-02,4.118877947330474854e-01,3.434470891952514648e-01,1.687767803668975830e-01,2.559598982334136963e-01,5.475968122482299805e-01,4.938324093818664551e-01,3.659618198871612549e-01,3.147244751453399658e-01,1.894634515047073364e-01,4.154965281486511230e-02,1.614754786714911461e-03,1.375202983617782593e-01,1.665400564670562744e-01,1.193553507328033447e-01,1.570023968815803528e-02,1.645952910184860229e-01
1.163480952382087708e-01,5.112131834030151367e-01,-1.377093046903610229e-01,-1.933348327875137329e-01,1.913893073797225952e-01,1.467188894748687744e-01,-2.103197425603866577e-01,4.181120991706848145e-01,5.288370847702026367e-01,4.809044599533081055e-01,5.183205008506774902e-01,5.864273309707641602e-01,5.286011695861816406e-01,4.203505218029022217e-01,4.723538756370544434e-01,1.000000000000000000e+00,-2.206345349550247192e-01,-2.367670238018035889e-01,-2.407218813896179199e-01,-1.767463535070419312e-01,-1.268693357706069946e-01,-1.700263917446136475e-01,5.342895388603210449e-01,4.565603435039520264e-01,1.556473672389984131e-01,-1.050480604171752930e-01,3.264384567737579346e-01,8.790186792612075806e-02,6.955031305551528931e-02,-1.011949554085731506e-01,-1.446858197450637817e-01,-7.705882936716079712e-02,4.748172461986541748e-01,4.414656162261962891e-01,4.858129918575286865e-01,5.153365731239318848e-01,4.030752480030059814e-01,6.015742421150207520e-01,6.060608625411987305e-01,5.205522775650024414e-01,3.537187576293945312e-01,3.006975650787353516e-01,6.157075986266136169e-02,4.297393560409545898e-01,4.839877784252166748e-01,4.263200461864471436e-01,3.122020959854125977e-01,3.371507227420806885e-01
-4.454191029071807861e-02,-3.424259722232818604e-01,5.193622112274169922e-01,5.253182053565979004e-01,-1.415387988090515137e-01,-2.385578863322734833e-02,6.874340176582336426e-01,-3.207832574844360352e-01,-4.032502174377441406e-01,-2.819437980651855469e-01,-3.567351400852203369e-01,-3.193822801113128662e-01,-2.709858715534210205e-01,-1.967657506465911865e-01,-1.036336049437522888e-01,-2.206345349550247192e-01,1.000000000000000000e+00,6.694688200950622559e-01,6.085529923439025879e-01,6.126666665077209473e-01,5.352569222450256348e-01,5.743131041526794434e-01,-2.695236504077911377e-01,-2.214258313179016113e-01,-6.624401360750198364e-02,5.103643536567687988e-01,-2.124240547418594360e-01,-9.075216948986053467e-02,2.065925598144531250e-01,5.312504768371582031e-01,5.421223044395446777e-01,4.373587667942047119e-01,-3.183624744415283203e-01,-3.287550508975982666e-01,-4.287152290344238281e-01,-3.129366338253021240e-01,-1.789972335100173950e-01,-3.199028968811035156e-01,-4.178026020526885986e-01,-3.692235350608825684e-01,-2.598482072353363037e-01,-8.549748361110687256e-02,2.701743543148040771e-01,-3.306722342967987061e-01,-1.656382530927658081e-01,-1.109747514128684998e-01,-1.262118518352508545e-01,-2.384949028491973877e-01
-1.676673889160156250e-01,-3.418900370597839355e-01,4.038763046264648438e-01,4.152753353118896484e-01,-1.957436352968215942e-01,-8.028847724199295044e-02,6.436944603919982910e-01,-3.594152331352233887e-01,-4.282644093036651611e-01,-2.847550213336944580e-01,-3.755943179130554199e-01,-3.223865926265716553e-01,-2.273343801498413086e-01,-2.859329581260681152e-01,-1.419562399387359619e-01,-2.367670238018035889e-01,6.694688200950622559e-01,1.000000000000000000e+00,5.539440512657165527e-01,5.802565217018127441e-01,5.337101817131042480e-01,5.783435106277465820e-01,-2.191993892192840576e-01,-1.928068995475769043e-01,-7.827051728963851929e-02,4.704096019268035889e-01,-1.931690722703933716e-01,-1.288001537322998047e-01,1.562850922346115112e-01,5.173343420028686523e-01,5.723207592964172363e-01,4.078245460987091064e-01,-3.394591212272644043e-01,-3.924638926982879639e-01,-4.350864589214324951e-01,-3.122303187847137451e-01,-2.545439302921295166e-01,-3.702595531940460205e-01,-4.694680273532867432e-01,-4.339910149574279785e-01,-2.785336375236511230e-01,-9.198343753814697266e-02,2.154438793659210205e-01,-3.024546802043914795e-01,-1.883235126733779907e-01,-1.454197466373443604e-01,-8.075407147407531738e-02,-2.124117165803909302e-01
-2.013742364943027496e-02,-3.417973220348358154e-01,3.510752916336059570e-01,4.743436574935913086e-01,-5.639192089438438416e-02,7.469450682401657104e-02,5.916015505790710449e-01,-3.761477470397949219e-01,-4.063916802406311035e-01,-2.824688553810119629e-01,-4.412791132926940918e-01,-3.835764527320861816e-01,-2.919899523258209229e-01,-2.355420589447021484e-01,-1.510218679904937744e-01,-2.407218813896179199e-01,6.085529923439025879e-01,5.539440512657165527e-01,1.000000000000000000e+00,6.374624967575073242e-01,5.233836174011230469e-01,5.410745739936828613e-01,-3.217567205429077148e-01,-2.470283955335617065e-01,-9.175995737314224243e-02,4.627294838428497314e-01,-2.940972745418548584e-01,-1.120946928858757019e-01,2.448164820671081543e-01,5.202393531799316406e-01,5.306404829025268555e-01,4.719741940498352051e-01,-3.642567098140716553e-01,-3.417765200138092041e-01,-4.462656676769256592e-01,-2.937496006488800049e-01,-1.822641938924789429e-01,-3.145002424716949463e-01,-3.853481411933898926e-01,-3.212464153766632080e-01,-2.212217152118682861e-01,-2.933613397181034088e-02,3.909766972064971924e-01,-3.685498833656311035e-01,-1.305620819330215454e-01,-7.414221018552780151e-02,-1.211351752281188965e-01,-2.263017892837524414e-01
-1.262290179729461670e-01,-3.535027801990509033e-01,3.639887869358062744e-01,4.442985951900482178e-01,-1.855417490005493164e-01,-3.487002104520797729e-02,5.666707754135131836e-01,-4.138125479221343994e-01,-4.046118855476379395e-01,-2.546637654304504395e-01,-4.233607649803161621e-01,-3.042562305927276611e-01,-2.180479913949966431e-01,-2.027302980422973633e-01,-1.167658120393753052e-01,-1.767463535070419312e-01,6.126666665077209473e-01,5.802565217018127441e-01,6.374624967575073242e-01,1.000000000000000000e+00,6.541882157325744629e-01,6.350461840629577637e-01,-2.350046187639236450e-01,-1.124594435095787048e-01,-1.017750799655914307e-01,4.000717997550964355e-01,-2.979920506477355957e-01,-2.031542211771011353e-01,1.327165067195892334e-01,5.863082408905029297e-01,5.987305641174316406e-01,5.329782366752624512e-01,-3.772676289081573486e-01,-3.297072350978851318e-01,-4.129873812198638916e-01,-2.293656170368194580e-01,-1.838826537132263184e-01,-2.852854132652282715e-01,-3.343370854854583740e-01,-2.520626783370971680e-01,-2.823597788810729980e-01,-9.900504350662231445e-02,3.686626255512237549e-01,-3.623026311397552490e-01,-1.205034703016281128e-01,-3.528609126806259155e-02,-1.679959706962108612e-02,-1.413762271404266357e-01
-1.275834441184997559e-01,-3.269080519676208496e-01,3.277598023414611816e-01,3.892556428909301758e-01,-2.290719002485275269e-01,-5.097076669335365295e-02,4.852680563926696777e-01,-3.735902309417724609e-01,-3.673265874385833740e-01,-2.333316504955291748e-01,-3.472100198268890381e-01,-2.173135280609130859e-01,-1.457056850194931030e-01,-1.645693033933639526e-01,-5.772793292999267578e-02,-1.268693357706069946e-01,5.352569222450256348e-01,5.337101817131042480e-01,5.233836174011230469e-01,6.541882157325744629e-01,1.000000000000000000e+00,6.541639566421508789e-01,-1.790553480386734009e-01,-5.670105293393135071e-02,-6.544344127178192139e-02,3.108674287796020508e-01,-2.199129313230514526e-01,-1.501995325088500977e-01,1.573511809110641479e-01,6.211237311363220215e-01,6.177399754524230957e-01,5.503735542297363281e-01,-3.133365809917449951e-01,-2.772320806980133057e-01,-3.437244594097137451e-01,-1.873947232961654663e-01,-1.621138900518417358e-01,-2.280146777629852295e-01,-2.867471873760223389e-01,-2.098325192928314209e-01,-2.953921258449554443e-01,-1.128698065876960754e-01,3.438651561737060547e-01,-3.399050235748291016e-01,-1.221829876303672791e-01,-4.443107172846794128e-02,3.638616204261779785e-02,-9.585808217525482178e-02
-2.198163419961929321e-01,-3.986967802047729492e-01,3.309976756572723389e-01,3.771013319492340088e-01,-3.024678826332092285e-01,-1.706262826919555664e-01,5.155744552612304688e-01,-4.427573382854461670e-01,-4.549567997455596924e-01,-3.016381263732910156e-01,-4.191701114177703857e-01,-3.182263374328613281e-01,-2.153021991252899170e-01,-2.495626211166381836e-01,-1.194019913673400879e-01,-1.700263917446136475e-01,5.743131041526794434e-01,5.783435106277465820e-01,5.410745739936828613e-01,6.350461840629577637e-01,6.541639566421508789e-01,1.000000000000000000e+00,-1.851597726345062256e-01,-7.481765747070312500e-02,-1.103152111172676086e-01,3.261693418025970459e-01,-2.816743552684783936e-01,-2.492697983980178833e-01,6.646219640970230103e-02,5.710335969924926758e-01,6.351574659347534180e-01,5.687536597251892090e-01,-4.071652293205261230e-01,-3.684865236282348633e-01,-3.950523734092712402e-01,-2.125393152236938477e-01,-2.520171701908111572e-01,-3.005184531211853027e-01,-3.477962613105773926e-01,-2.532206177711486816e-01,-3.695163130760192871e-01,-1.897770613431930542e-01,2.548193335533142090e-01,-3.966344296932220459e-01,-1.900593489408493042e-01,-1.281666755676269531e-01,5.193718895316123962e-02,-9.506475180387496948e-02
-9.877716004848480225e-02,5.276697278022766113e-01,-2.865948677062988281e-01,-3.420855402946472168e-01,1.142415702342987061e-01,3.400705009698867798e-02,-2.711288928985595703e-01,3.109404742717742920e-01,5.159478783607482910e-01,5.975492000579833984e-01,4.321590065956115723e-01,5.633612871170043945e-01,6.425304412841796875e-01,1.929480433464050293e-01,2.156145125627517700e-01,5.342895388603210449e-01,-2.695236504077911377e-01,-2.191993892192840576e-01,-3.217567205429077148e-01,-2.350046187639236450e-01,-1.790553480386734009e-01,-1.851597726345062256e-01,1.000000000000000000e+00,6.242804527282714844e-01,8.960081636905670166e-02,-2.083349078893661499e-01,2.703726887702941895e-01,-3.087389469146728516e-02,-9.064570814371109009e-02,-1.625824868679046631e-01,-1.503020077943801880e-01,-1.147829592227935791e-01,3.349668383598327637e-01,2.722266018390655518e-01,5.034581422805786133e-01,6.269212961196899414e-01,1.520982384681701660e-01,4.072565734386444092e-01,5.326843261718750000e-01,5.190581083297729492e-01,3.124189078807830811e-01,3.380738794803619385e-01,4.755921289324760437e-02,5.240050554275512695e-01,5.200667977333068848e-01,4.817918837070465088e-01,4.894018471240997314e-01,5.728848576545715332e-01
-1.908844709396362305e-01,4.389341473579406738e-01,-2.954783737659454346e-01,-3.535766601562500000e-01,1.618238538503646851e-02,-7.815699279308319092e-02,-2.613933682441711426e-01,1.794566363096237183e-01,4.057272672653198242e-01,5.408002138137817383e-01,2.951212227344512939e-01,4.511234462261199951e-01,5.944903492927551270e-01,1.772179305553436279e-01,1.369790434837341309e-01,4.565603435039520264e-01,-2.214258313179016113e-01,-1.928068995475769043e-01,-2.470283955335617065e-01,-1.124594435095787048e-01,-5.670105293393135071e-02,-7.481765747070312500e-02,6.242804527282714844e-01,1.000000000000000000e+00,3.601673990488052368e-02,-2.545922696590423584e-01,1.480498760938644409e-01,-1.888933181762695312e-01,-1.906553208827972412e-01,-5.982396379113197327e-02,-3.293209522962570190e-02,1.140127307735383511e-03,2.389043718576431274e-01,2.555732727050781250e-01,4.313608705997467041e-01,6.403619647026062012e-01,1.292423903942108154e-01,3.613621592521667480e-01,4.950915873050689697e-01,5.326250195503234863e-01,2.422351837158203125e-01,2.789888679981231689e-01,9.593223035335540771e-02,4.034343361854553223e-01,5.122731924057006836e-01,5.077734589576721191e-01,5.875921249389648438e-01,5.722090005874633789e-01
2.677432596683502197e-01,8.024911582469940186e-02,1.135419402271509171e-02,-9.150410071015357971e-03,-1.105677243322134018e-02,5.728433281183242798e-02,-8.687805384397506714e-02,9.705467522144317627e-02,1.952813416719436646e-01,9.080500900745391846e-02,1.949820369482040405e-01,2.130306661128997803e-01,7.032771408557891846e-02,3.957031071186065674e-01,4.058119058609008789e-01,1.556473672389984131e-01,-6.624401360750198364e-02,-7.827051728963851929e-02,-9.175995737314224243e-02,-1.017750799655914307e-01,-6.544344127178192139e-02,-1.103152111172676086e-01,8.960081636905670166e-02,3.601673990488052368e-02,1.000000000000000000e+00,3.081433847546577454e-02,3.901226520538330078e-01,1.580454707145690918e-01,9.214986115694046021e-02,-9.186233393847942352e-03,-4.100716486573219299e-02,-1.114760190248489380e-01,3.054055571556091309e-01,9.362636506557464600e-02,9.217106737196445465e-03,1.372487396001815796e-01,3.938024640083312988e-01,2.416648715734481812e-01,1.894117295742034912e-01,1.986383497714996338e-01,3.744091093540191650e-02,-1.191150695085525513e-01,-6.086227297782897949e-02,-1.162260118871927261e-02,-1.773972623050212860e-02,-2.882081829011440277e-02,-1.013196855783462524e-01,1.238351166248321533e-01
2.171328216791152954e-01,-1.693579852581024170e-01,4.759853184223175049e-01,5.051844120025634766e-01,1.016195490956306458e-01,2.467992454767227173e-01,5.805650949478149414e-01,-1.581562310457229614e-01,-1.902816146612167358e-01,-1.196001470088958740e-01,-1.725821644067764282e-01,-1.537967622280120850e-01,-1.440525949001312256e-01,-1.023786365985870361e-01,6.357009708881378174e-02,-1.050480604171752930e-01,5.103643536567687988e-01,4.704096019268035889e-01,4.627294838428497314e-01,4.000717997550964355e-01,3.108674287796020508e-01,3.261693418025970459e-01,-2.083349078893661499e-01,-2.545922696590423584e-01,3.081433847546577454e-02,1.000000000000000000e+00,-3.537050262093544006e-02,2.067431062459945679e-01,4.224333167076110840e-01,3.417649269104003906e-01,3.476404845714569092e-01,2.544713616371154785e-01,-1.193960756063461304e-01,-2.471768856048583984e-01,-3.277334272861480713e-01,-2.108668833971023560e-01,-3.179425373673439026e-02,-1.971282213926315308e-01,-2.830485999584197998e-01,-2.826690077781677246e-01,1.175170578062534332e-02,-4.559407941997051239e-03,2.376916259527206421e-01,-2.076204270124435425e-01,-8.351968973875045776e-02,-7.738485932350158691e-02,-1.893394738435745239e-01,-1.786412596702575684e-01
2.667865753173828125e-01,3.772890865802764893e-01,-4.991056025028228760e-02,-1.044098287820816040e-01,1.590940505266189575e-01,1.561066061258316040e-01,-1.702641397714614868e-01,3.467839658260345459e-01,4.056312441825866699e-01,2.914296090602874756e-01,4.230616390705108643e-01,4.181203842163085938e-01,2.731852233409881592e-01,3.745529651641845703e-01,4.554243981838226318e-01,3.264384567737579346e-01,-2.124240547418594360e-01,-1.931690722703933716e-01,-2.940972745418548584e-01,-2.979920506477355957e-01,-2.199129313230514526e-01,-2.816743552684783936e-01,2.703726887702941895e-01,1.480498760938644409e-01,3.901226520538330078e-01,-3.537050262093544006e-02,1.000000000000000000e+00,2.731557488441467285e-01,1.424161046743392944e-01,-1.774336099624633789e-01,-2.218786925077438354e-01,-1.912886351346969604e-01,4.493435323238372803e-01,2.528849542140960693e-01,3.068824708461761475e-01,2.520365118980407715e-01,3.768507242202758789e-01,3.434922993183135986e-01,3.052956759929656982e-01,2.312099784612655640e-01,2.569947838783264160e-01,1.353775113821029663e-01,-7.959841936826705933e-02,3.333612084388732910e-01,1.723307669162750244e-01,1.375093907117843628e-01,4.347321391105651855e-02,2.059555500745773315e-01
5.712815523147583008e-01,2.324827164411544800e-01,1.582725644111633301e-01,1.806356459856033325e-01,4.488108754158020020e-01,5.170178413391113281e-01,2.615952491760253906e-02,3.745400607585906982e-01,2.707741558551788330e-01,1.065763980150222778e-01,3.360881507396697998e-01,1.906518191099166870e-01,4.200457781553268433e-02,2.172020822763442993e-01,2.195844203233718872e-01,8.790186792612075806e-02,-9.075216948986053467e-02,-1.288001537322998047e-01,-1.120946928858757019e-01,-2.031542211771011353e-01,-1.501995325088500977e-01,-2.492697983980178833e-01,-3.087389469146728516e-02,-1.888933181762695312e-01,1.580454707145690918e-01,2.067431062459945679e-01,2.731557488441467285e-01,1.000000000000000000e+00,5.411649942398071289e-01,-3.436489403247833252e-02,-1.537793576717376709e-01,-1.402923613786697388e-01,3.789674043655395508e-01,1.959848701953887939e-01,1.132803931832313538e-01,-5.239274725317955017e-02,2.566065192222595215e-01,1.536509841680526733e-01,7.811102271080017090e-02,-4.540220648050308228e-02,3.725866377353668213e-01,2.052291780710220337e-01,4.546539485454559326e-02,1.727246642112731934e-01,7.216870784759521484e-02,2.049572952091693878e-02,-1.797238439321517944e-01,-1.333343237638473511e-01
4.561095237731933594e-01,1.113159060478210449e-01,2.650034129619598389e-01,3.362173438072204590e-01,3.531128168106079102e-01,4.967939555644989014e-01,2.978342175483703613e-01,1.619246453046798706e-01,9.592847526073455811e-02,4.489131271839141846e-02,1.146043241024017334e-01,4.481742531061172485e-02,4.775371402502059937e-03,1.139980256557464600e-01,1.885338425636291504e-01,6.955031305551528931e-02,2.065925598144531250e-01,1.562850922346115112e-01,2.448164820671081543e-01,1.327165067195892334e-01,1.573511809110641479e-01,6.646219640970230103e-02,-9.064570814371109009e-02,-1.906553208827972412e-01,9.214986115694046021e-02,4.224333167076110840e-01,1.424161046743392944e-01,5.411649942398071289e-01,1.000000000000000000e+00,2.802173793315887451e-01,1.742612570524215698e-01,1.627029031515121460e-01,2.075356692075729370e-01,7.634467631578445435e-02,-4.971282556653022766e-02,-9.247222542762756348e-02,1.981581449508666992e-01,5.510857701301574707e-02,-4.024348407983779907e-02,-1.105371862649917603e-01,2.598294317722320557e-01,2.590859234333038330e-01,3.122883141040802002e-01,7.017988711595535278e-03,1.159283369779586792e-01,9.172710776329040527e-02,-1.306802928447723389e-01,-1.617931723594665527e-01
-4.040345922112464905e-02,-2.571581602096557617e-01,2.996176481246948242e-01,3.423042893409729004e-01,-1.861300617456436157e-01,1.874059997498989105e-02,4.666319787502288818e-01,-2.788600027561187744e-01,-3.099372684955596924e-01,-2.006128579378128052e-01,-2.952866852283477783e-01,-2.194533944129943848e-01,-1.506648957729339600e-01,-6.437675654888153076e-02,1.901422278024256229e-03,-1.011949554085731506e-01,5.312504768371582031e-01,5.173343420028686523e-01,5.202393531799316406e-01,5.863082408905029297e-01,6.211237311363220215e-01,5.710335969924926758e-01,-1.625824868679046631e-01,-5.982396379113197327e-02,-9.186233393847942352e-03,3.417649269104003906e-01,-1.774336099624633789e-01,-3.436489403247833252e-02,2.802173793315887451e-01,1.000000000000000000e+00,6.460019350051879883e-01,5.730064511299133301e-01,-2.137592434883117676e-01,-2.010250240564346313e-01,-3.216198980808258057e-01,-1.612830907106399536e-01,-2.343717589974403381e-02,-1.525743007659912109e-01,-2.277394533157348633e-01,-1.773806065320968628e-01,-2.276628315448760986e-01,-5.702954903244972229e-02,4.230628609657287598e-01,-2.983950674533843994e-01,-9.065012633800506592e-02,-1.438540127128362656e-02,2.817819081246852875e-02,-9.463065117597579956e-02
-1.541972756385803223e-01,-3.185069859027862549e-01,2.576439976692199707e-01,3.122666776180267334e-01,-2.454753369092941284e-01,-7.690493762493133545e-02,4.888779222965240479e-01,-3.912289738655090332e-01,-3.788474500179290771e-01,-2.130931168794631958e-01,-3.706396818161010742e-01,-2.834851443767547607e-01,-1.464222520589828491e-01,-1.883614361286163330e-01,-7.000295072793960571e-02,-1.446858197450637817e-01,5.421223044395446777e-01,5.723207592964172363e-01,5.306404829025268555e-01,5.987305641174316406e-01,6.177399754524230957e-01,6.351574659347534180e-01,-1.503020077943801880e-01,-3.293209522962570190e-02,-4.100716486573219299e-02,3.476404845714569092e-01,-2.218786925077438354e-01,-1.537793576717376709e-01,1.742612570524215698e-01,6.460019350051879883e-01,1.000000000000000000e+00,5.952893495559692383e-01,-3.090999722480773926e-01,-3.087435066699981689e-01,-3.754672706127166748e-01,-1.552047431468963623e-01,-1.502258777618408203e-01,-2.526598274707794189e-01,-3.162209093570709229e-01,-2.414640784263610840e-01,-2.771231532096862793e-01,-8.805303275585174561e-02,3.672787845134735107e-01,-3.480094969272613525e-01,-1.081523522734642029e-01,-5.157602950930595398e-02,9.868960082530975342e-02,-5.415277555584907532e-02
-1.031292974948883057e-01,-2.703476250171661377e-01,2.061631083488464355e-01,2.555241584777832031e-01,-1.926822960376739502e-01,-4.232073575258255005e-02,3.614332079887390137e-01,-2.966704666614532471e-01,-3.114794492721557617e-01,-1.903024017810821533e-01,-3.157980144023895264e-01,-2.361310869455337524e-01,-1.528637558221817017e-01,-1.454661488533020020e-01,-3.887561708688735962e-02,-7.705882936716079712e-02,4.373587667942047119e-01,4.078245460987091064e-01,4.719741940498352051e-01,5.329782366752624512e-01,5.503735542297363281e-01,5.687536597251892090e-01,-1.147829592227935791e-01,1.140127307735383511e-03,-1.114760190248489380e-01,2.544713616371154785e-01,-1.912886351346969604e-01,-1.402923613786697388e-01,1.627029031515121460e-01,5.730064511299133301e-01,5.952893495559692383e-01,1.000000000000000000e+00,-2.823183536529541016e-01,-2.020457684993743896e-01,-2.858047783374786377e-01,-9.225390106439590454e-02,-9.695470333099365234e-02,-1.730505526065826416e-01,-2.001258283853530884e-01,-1.148897781968116760e-01,-2.443320155143737793e-01,-5.158833786845207214e-02,4.259844720363616943e-01,-2.912157475948333740e-01,-8.954418450593948364e-02,-6.692808121442794800e-03,1.952622830867767334e-01,1.499460171908140182e-02
