1.000000000000000000e+00,3.222641050815582275e-01,1.826193779706954956e-01,1.756379455327987671e-01,6.301708221435546875e-01,2.502442002296447754e-01,1.341415941715240479e-01,3.672803342342376709e-01,1.547554731369018555e-01,1.242338493466377258e-01,1.500531435012817383e-01,2.187826782464981079e-01,4.404187798500061035e-01,-7.465970516204833984e-02,1.933600008487701416e-01,5.313033461570739746e-01,2.087114602327346802e-01,1.934797912836074829e-01,1.665819734334945679e-01,1.903408318758010864e-01,-2.250595949590206146e-02,-2.116256803274154663e-01,9.015098214149475098e-02,3.790947422385215759e-02,6.069200038909912109e-01,8.941112458705902100e-02,5.363346934318542480e-01,6.357879042625427246e-01,4.728775918483734131e-01,4.880991205573081970e-02,-3.564692288637161255e-02,-1.266721338033676147e-01,5.894056558609008789e-01,2.000989764928817749e-01,2.922310531139373779e-01,1.008365005254745483e-01,2.088822275400161743e-01,2.354108095169067383e-01,4.214349687099456787e-01,1.026951745152473450e-01,4.325270056724548340e-01,3.768269419670104980e-01,2.952397167682647705e-01,2.104246020317077637e-01,9.547244012355804443e-02,2.376638054847717285e-01,5.146544426679611206e-02,-2.613135874271392822e-01
3.222641050815582275e-01,1.000000000000000000e+00,-5.839815363287925720e-02,4.726735875010490417e-02,4.955279827117919922e-01,2.862303555011749268e-01,2.064687758684158325e-01,1.970176696777343750e-01,4.692569673061370850e-01,3.471961319446563721e-01,2.829514443874359131e-01,4.179684817790985107e-01,2.728642225265502930e-01,-4.469201713800430298e-02,1.891291737556457520e-01,1.421356797218322754e-01,1.574322432279586792e-01,1.712096929550170898e-01,8.219077438116073608e-02,1.611687690019607544e-01,-1.215662527829408646e-02,-7.687459886074066162e-02,1.863526403903961182e-01,1.893586218357086182e-01,2.782196402549743652e-01,-6.010111887007951736e-03,4.920002520084381104e-01,1.828387528657913208e-01,3.621806204319000244e-01,3.251087963581085205e-01,5.714494362473487854e-02,-6.513313949108123779e-02,4.421684145927429199e-01,3.282712399959564209e-01,2.430537045001983643e-01,2.660512924194335938e-01,-2.406407147645950317e-02,1.799254417419433594e-01,3.254112601280212402e-01,1.446426808834075928e-01,6.667270064353942871e-01,6.074854135513305664e-01,1.930861622095108032e-01,5.045301914215087891e-01,2.979825437068939209e-01,3.286965489387512207e-01,1.269654482603073120e-01,-1.035829931497573853e-01
1.826193779706954956e-01,-5.839815363287925720e-02,1.000000000000000000e+00,5.286686420440673828e-01,1.042816936969757080e-01,1.263996362686157227e-01,3.197110593318939209e-01,-1.708549559116363525e-01,3.346091881394386292e-02,2.461002618074417114e-01,-1.881813108921051025e-01,-3.693804517388343811e-02,1.170533448457717896e-01,-5.547457560896873474e-02,7.974517345428466797e-02,-3.639646619558334351e-02,2.700298726558685303e-01,1.029058247804641724e-01,2.455646544694900513e-01,2.667693495750427246e-01,2.742949426174163818e-01,2.035543620586395264e-01,-2.301790937781333923e-02,1.922592371702194214e-01,6.526218354701995850e-02,4.049606025218963623e-01,2.017177343368530273e-01,4.465957880020141602e-01,3.182315230369567871e-01,-1.166380476206541061e-03,2.112915962934494019e-01,2.260783761739730835e-01,-4.768342524766921997e-02,-7.365159108303487301e-04,-2.849013544619083405e-02,6.320285797119140625e-02,-1.673019118607044220e-02,1.500388830900192261e-01,-7.229640334844589233e-02,7.230516523122787476e-02,-1.990159973502159119e-03,-6.762223318219184875e-03,1.487975865602493286e-01,-6.597495079040527344e-02,1.987116485834121704e-01,2.098083049058914185e-01,1.914466023445129395e-01,1.332343071699142456e-01
1.756379455327987671e-01,4.726735875010490417e-02,5.286686420440673828e-01,1.000000000000000000e+00,1.378450244665145874e-01,4.042596518993377686e-01,6.326095461845397949e-01,-1.594290286302566528e-01,3.968504816293716431e-02,2.951415479183197021e-01,-1.733675003051757812e-01,3.403663635253906250e-02,2.561001777648925781e-01,-8.969483524560928345e-02,4.981194064021110535e-02,5.312956124544143677e-02,5.266314148902893066e-01,3.496572971343994141e-01,3.962946832180023193e-01,4.262200593948364258e-01,3.904837369918823242e-01,3.431528806686401367e-01,-4.793535917997360229e-02,2.411320358514785767e-01,8.720146119594573975e-02,3.978875577449798584e-01,2.501079738140106201e-01,3.421941697597503662e-01,3.668967485427856445e-01,2.578606009483337402e-01,4.449182152748107910e-01,3.126234412193298340e-01,-7.337980717420578003e-02,1.845734715461730957e-01,8.341961354017257690e-02,1.157821118831634521e-01,-1.604670658707618713e-02,2.701960504055023193e-01,9.125890582799911499e-02,1.572777032852172852e-01,8.466261439025402069e-03,1.142327934503555298e-01,2.688126266002655029e-01,7.975591719150543213e-02,3.153088688850402832e-01,2.101452499628067017e-01,2.256767749786376953e-01,1.634214073419570923e-01
6.301708221435546875e-01,4.955279827117919922e-01,1.042816936969757080e-01,1.378450244665145874e-01,1.000000000000000000e+00,4.395347535610198975e-01,1.126593276858329773e-01,3.760113418102264404e-01,2.547458708286285400e-01,1.225629672408103943e-01,2.570518553256988525e-01,1.729253679513931274e-01,3.670599460601806641e-01,2.281448245048522949e-02,9.933828562498092651e-02,3.202786743640899658e-01,1.169693544507026672e-01,1.354921907186508179e-01,1.788261234760284424e-01,1.809502393007278442e-01,-5.253755673766136169e-02,-2.222354710102081299e-01,-3.252256661653518677e-02,1.251153200864791870e-01,3.846168220043182373e-01,1.949270814657211304e-02,5.100730657577514648e-01,4.085024893283843994e-01,3.592925667762756348e-01,8.407417684793472290e-02,-9.229749441146850586e-02,-6.964582949876785278e-02,4.456639289855957031e-01,1.803365647792816162e-01,1.243130043148994446e-01,-1.375430915504693985e-02,2.250395119190216064e-01,8.085794001817703247e-02,3.063814342021942139e-01,-1.599440537393093109e-02,6.436411142349243164e-01,4.132753610610961914e-01,1.444744020700454712e-01,3.286036550998687744e-01,2.446726337075233459e-02,1.131227388978004456e-01,1.455522477626800537e-01,-2.093462347984313965e-01
2.502442002296447754e-01,2.862303555011749268e-01,1.263996362686157227e-01,4.042596518993377686e-01,4.395347535610198975e-01,1.000000000000000000e+00,4.047870934009552002e-01,-8.093878626823425293e-03,1.740729808807373047e-01,3.711600899696350098e-01,5.309204105287790298e-03,2.652433812618255615e-01,3.747432529926300049e-01,-1.268772222101688385e-02,2.219945454271510243e-04,9.660444408655166626e-02,2.035188078880310059e-01,1.912823617458343506e-01,2.000793069601058960e-01,2.993746995925903320e-01,1.373410224914550781e-01,-3.784740716218948364e-02,-2.767497003078460693e-01,1.551379263401031494e-01,5.570903792977333069e-02,5.540439859032630920e-02,4.371932446956634521e-01,2.166622877120971680e-01,3.250692486763000488e-01,1.849652528762817383e-01,6.849358230829238892e-02,1.182408421300351620e-03,1.526306867599487305e-01,1.294478625059127808e-01,-2.616158686578273773e-02,-1.239453554153442383e-01,7.322288304567337036e-02,3.085998073220252991e-02,1.142706573009490967e-01,-1.334472596645355225e-01,2.987936735153198242e-01,4.086151421070098877e-01,8.823718130588531494e-02,2.248571515083312988e-01,2.307381629943847656e-01,1.193320676684379578e-01,1.900956779718399048e-01,-3.996463119983673096e-02
1.341415941715240479e-01,2.064687758684158325e-01,3.197110593318939209e-01,6.326095461845397949e-01,1.126593276858329773e-01,4.047870934009552002e-01,1.000000000000000000e+00,-8.933796733617782593e-02,9.512605518102645874e-02,3.405505418777465820e-01,-1.492405086755752563e-01,1.563535481691360474e-01,2.173770815134048462e-01,-1.836348772048950195e-01,2.459955029189586639e-02,1.333187818527221680e-01,6.419859528541564941e-01,4.622398912906646729e-01,4.129768610000610352e-01,4.540891647338867188e-01,3.816395998001098633e-01,3.452692925930023193e-01,4.689537361264228821e-02,2.101417183876037598e-01,3.973986953496932983e-02,1.870758831501007080e-01,3.147205412387847900e-01,3.225093781948089600e-01,3.058740496635437012e-01,3.791011869907379150e-01,4.684217572212219238e-01,2.214609086513519287e-01,1.150808930397033691e-01,2.993775308132171631e-01,2.261656671762466431e-01,2.536343634128570557e-01,-4.814575985074043274e-02,2.314211875200271606e-01,2.569511532783508301e-01,1.863523721694946289e-01,1.293087601661682129e-01,3.216189742088317871e-01,2.656514942646026611e-01,1.821397244930267334e-01,3.533727526664733887e-01,1.973958611488342285e-01,1.932801008224487305e-01,1.318510919809341431e-01
3.672803342342376709e-01,1.970176696777343750e-01,-1.708549559116363525e-01,-1.594290286302566528e-01,3.760113418102264404e-01,-8.093878626823425293e-03,-8.933796733617782593e-02,1.000000000000000000e+00,2.074161171913146973e-01,-1.922200322151184082e-01,4.171424508094787598e-01,4.443745687603950500e-02,-2.951253578066825867e-02,3.567437231540679932e-01,2.483022660017013550e-01,3.421469926834106445e-01,1.177960634231567383e-01,1.168540418148040771e-01,1.857141554355621338e-01,1.511573605239391327e-02,-9.100440889596939087e-02,-1.531245261430740356e-01,2.213159054517745972e-01,5.702333897352218628e-02,3.243722319602966309e-01,-1.443773508071899414e-01,2.668021321296691895e-01,9.803006798028945923e-02,6.999818235635757446e-02,-9.439145773649215698e-02,-7.312551885843276978e-02,-1.540960045531392097e-03,4.836982190608978271e-01,2.808321714401245117e-01,2.840832248330116272e-02,1.677698493003845215e-01,5.407543778419494629e-01,7.185293734073638916e-02,2.607940435409545898e-01,1.209560558199882507e-01,2.709357738494873047e-01,6.661846488714218140e-02,-1.487891674041748047e-01,2.128103375434875488e-01,-1.112754866480827332e-01,-1.654872596263885498e-01,9.888814389705657959e-02,-1.023786365985870361e-01
1.547554731369018555e-01,4.692569673061370850e-01,3.346091881394386292e-02,3.968504816293716431e-02,2.547458708286285400e-01,1.740729808807373047e-01,9.512605518102645874e-02,2.074161171913146973e-01,1.000000000000000000e+00,2.628485560417175293e-01,3.348711133003234863e-01,2.965797185897827148e-01,1.621809899806976318e-01,8.146975934505462646e-02,4.217880666255950928e-01,-5.853437632322311401e-02,-1.549530308693647385e-02,1.421427279710769653e-01,-1.067520901560783386e-01,1.165487319231033325e-01,8.837261795997619629e-02,6.432542204856872559e-02,1.698394417762756348e-01,2.602750658988952637e-01,1.061051413416862488e-01,8.067461103200912476e-02,2.780803740024566650e-01,-1.591355539858341217e-02,5.840192735195159912e-02,8.229431509971618652e-02,1.109241396188735962e-01,1.175251379609107971e-01,2.008932530879974365e-01,3.409156203269958496e-01,3.249752894043922424e-02,2.068347930908203125e-01,9.116360545158386230e-02,3.026541173458099365e-01,1.610112935304641724e-01,2.532683610916137695e-01,3.002139627933502197e-01,3.251595795154571533e-01,5.930986255407333374e-02,4.936274588108062744e-01,1.815805584192276001e-01,1.557287871837615967e-01,1.754565984010696411e-01,1.567995399236679077e-01
1.242338493466377258e-01,3.471961319446563721e-01,2.461002618074417114e-01,2.951415479183197021e-01,1.225629672408103943e-01,3.711600899696350098e-01,3.405505418777465820e-01,-1.922200322151184082e-01,2.628485560417175293e-01,1.000000000000000000e+00,1.542758196592330933e-03,6.048292517662048340e-01,3.502996861934661865e-01,-3.088477440178394318e-02,2.819791436195373535e-01,-1.923469640314579010e-02,1.469941139221191406e-01,1.864639520645141602e-01,-1.869700290262699127e-02,4.178076684474945068e-01,3.343326449394226074e-01,1.892566829919815063e-01,-2.888949029147624969e-02,6.977659463882446289e-02,1.461968123912811279e-01,1.579212844371795654e-01,2.885375320911407471e-01,2.000533640384674072e-01,2.607684135437011719e-01,1.915130019187927246e-01,9.420812875032424927e-02,-2.674998715519905090e-02,1.210925579071044922e-01,1.034778952598571777e-01,1.171653866767883301e-01,9.252496808767318726e-02,-4.821596667170524597e-02,2.858761548995971680e-01,1.425143182277679443e-01,3.731273114681243896e-02,2.108725607395172119e-01,4.848033487796783447e-01,2.736891806125640869e-01,3.015688955783843994e-01,4.329429566860198975e-01,5.736348032951354980e-01,2.170504257082939148e-02,1.032250523567199707e-01
1.500531435012817383e-01,2.829514443874359131e-01,-1.881813108921051025e-01,-1.733675003051757812e-01,2.570518553256988525e-01,5.309204105287790298e-03,-1.492405086755752563e-01,4.171424508094787598e-01,3.348711133003234863e-01,1.542758196592330933e-03,1.000000000000000000e+00,2.401139289140701294e-01,1.485742256045341492e-02,4.468963444232940674e-01,4.406666755676269531e-01,5.115540698170661926e-04,-2.265073508024215698e-01,5.996217485517263412e-03,-1.477372646331787109e-01,-1.507243979722261429e-02,-1.007770374417304993e-01,-4.590457677841186523e-02,-6.480965763330459595e-02,5.909954383969306946e-02,2.309300452470779419e-01,-9.054806083440780640e-02,1.040295660495758057e-01,-1.680009961128234863e-01,-1.564462929964065552e-01,-3.044928424060344696e-02,-3.022484481334686279e-02,1.519939582794904709e-02,1.951072663068771362e-01,2.513448894023895264e-01,3.610136359930038452e-02,9.776189923286437988e-03,2.220195680856704712e-01,1.796099096536636353e-01,8.117738366127014160e-02,1.765411719679832458e-02,2.524983584880828857e-01,4.257998988032341003e-02,-4.334979504346847534e-02,3.099994659423828125e-01,-1.021275520324707031e-01,-4.537612572312355042e-02,5.448325350880622864e-02,-4.649582132697105408e-02
2.187826782464981079e-01,4.179684817790985107e-01,-3.693804517388343811e-02,3.403663635253906250e-02,1.729253679513931274e-01,2.652433812618255615e-01,1.563535481691360474e-01,4.443745687603950500e-02,2.965797185897827148e-01,6.048292517662048340e-01,2.401139289140701294e-01,1.000000000000000000e+00,3.495142459869384766e-01,-8.649784140288829803e-03,3.223038315773010254e-01,2.192302644252777100e-01,2.128421142697334290e-02,9.715874493122100830e-02,-1.872774958610534668e-01,1.076826155185699463e-01,3.171678632497787476e-02,-1.257066279649734497e-01,-1.643822342157363892e-02,-1.652798242866992950e-02,2.275358587503433228e-01,7.436882704496383667e-02,3.187102675437927246e-01,1.033663749694824219e-01,1.808172017335891724e-01,2.362279891967773438e-01,-3.784283623099327087e-02,-1.616075485944747925e-01,3.868845701217651367e-01,2.093040198087692261e-01,2.054372280836105347e-01,7.523405551910400391e-02,4.356446117162704468e-02,2.245964854955673218e-01,2.094782590866088867e-01,-4.781980440020561218e-02,2.057329714298248291e-01,4.688465893268585205e-01,1.661433726549148560e-01,3.471013903617858887e-01,3.904456198215484619e-01,3.561292290687561035e-01,-5.833363533020019531e-02,-1.249904483556747437e-01
4.404187798500061035e-01,2.728642225265502930e-01,1.170533448457717896e-01,2.561001777648925781e-01,3.670599460601806641e-01,3.747432529926300049e-01,2.173770815134048462e-01,-2.951253578066825867e-02,1.621809899806976318e-01,3.502996861934661865e-01,1.485742256045341492e-02,3.495142459869384766e-01,1.000000000000000000e+00,-1.726638674736022949e-01,2.685863971710205078e-01,4.714946746826171875e-01,2.130029201507568359e-01,2.613816857337951660e-01,3.423577640205621719e-03,1.887649893760681152e-01,8.691535145044326782e-02,-1.485617179423570633e-02,-1.551919337362051010e-02,2.060953527688980103e-01,4.224702119827270508e-01,2.481914684176445007e-02,3.439496457576751709e-01,4.004722833633422852e-01,3.992759287357330322e-01,1.977912187576293945e-01,1.191864013671875000e-01,-3.503475571051239967e-03,2.787339687347412109e-01,1.191137954592704773e-01,3.838106989860534668e-01,1.559693813323974609e-01,-3.977699950337409973e-02,3.778708577156066895e-01,3.558038473129272461e-01,1.731650531291961670e-01,2.106338739395141602e-01,3.342358171939849854e-01,4.954054355621337891e-01,2.660112977027893066e-01,2.700598835945129395e-01,3.431858122348785400e-01,1.443304121494293213e-01,4.660630226135253906e-02
-7.465970516204833984e-02,-4.469201713800430298e-02,-5.547457560896873474e-02,-8.969483524560928345e-02,2.281448245048522949e-02,-1.268772222101688385e-02,-1.836348772048950195e-01,3.567437231540679932e-01,8.146975934505462646e-02,-3.088477440178394318e-02,4.468963444232940674e-01,-8.649784140288829803e-03,-1.726638674736022949e-01,1.000000000000000000e+00,3.657863736152648926e-01,-1.926504820585250854e-01,-1.897222697734832764e-01,-1.218415237963199615e-02,-3.366164118051528931e-02,3.325514495372772217e-02,3.348107263445854187e-02,1.130078174173831940e-02,-1.392023563385009766e-01,5.821867659687995911e-02,5.510941147804260254e-02,-1.227079108357429504e-01,-3.024160489439964294e-02,-2.405521720647811890e-01,-1.663976907730102539e-01,-1.797719001770019531e-01,-5.538004264235496521e-02,1.317837983369827271e-01,-4.353170096874237061e-02,2.562042884528636932e-02,-2.187159359455108643e-01,-1.170206964015960693e-01,3.917302787303924561e-01,3.007384017109870911e-02,-1.140392869710922241e-01,-1.579997539520263672e-01,-1.832676678895950317e-02,-1.699137538671493530e-01,-1.532418578863143921e-01,7.685958594083786011e-02,-1.670631617307662964e-01,-4.163901880383491516e-02,1.106680184602737427e-01,8.110515028238296509e-02
1.933600008487701416e-01,1.891291737556457520e-01,7.974517345428466797e-02,4.981194064021110535e-02,9.933828562498092651e-02,2.219945454271510243e-04,2.459955029189586639e-02,2.483022660017013550e-01,4.217880666255950928e-01,2.819791436195373535e-01,4.406666755676269531e-01,3.223038315773010254e-01,2.685863971710205078e-01,3.657863736152648926e-01,1.000000000000000000e+00,7.579132914543151855e-02,-1.470677927136421204e-02,1.975990384817123413e-01,-1.422911584377288818e-01,1.147566661238670349e-01,1.387391090393066406e-01,8.637509495019912720e-02,6.966919451951980591e-02,2.215680330991744995e-01,2.497805804014205933e-01,-8.042994886636734009e-03,1.609117835760116577e-01,1.988760195672512054e-02,7.983783632516860962e-02,2.335300110280513763e-02,1.121964603662490845e-01,9.918508678674697876e-02,1.686345487833023071e-01,3.465026617050170898e-01,2.522036135196685791e-01,2.052828669548034668e-01,2.573672235012054443e-01,6.167882680892944336e-01,3.021724820137023926e-01,2.602032124996185303e-01,4.258598387241363525e-02,1.784886270761489868e-01,2.959284484386444092e-01,3.844142854213714600e-01,1.700944751501083374e-01,3.297350108623504639e-01,1.797354519367218018e-01,1.547802686691284180e-01
5.313033461570739746e-01,1.421356797218322754e-01,-3.639646619558334351e-02,5.312956124544143677e-02,3.202786743640899658e-01,9.660444408655166626e-02,1.333187818527221680e-01,3.421469926834106445e-01,-5.853437632322311401e-02,-1.923469640314579010e-02,5.115540698170661926e-04,2.192302644252777100e-01,4.714946746826171875e-01,-1.926504820585250854e-01,7.579132914543151855e-02,1.000000000000000000e+00,3.354716598987579346e-01,3.086402714252471924e-01,2.056693285703659058e-01,1.486804932355880737e-01,9.271611459553241730e-03,-1.031908169388771057e-01,2.100903987884521484e-01,3.326243534684181213e-02,5.152268409729003906e-01,-6.022615730762481689e-02,3.370837569236755371e-01,4.425912201404571533e-01,3.283138275146484375e-01,1.155329793691635132e-01,6.537397950887680054e-02,-1.043917164206504822e-01,5.647282004356384277e-01,1.922898292541503906e-01,4.428843259811401367e-01,2.502679824829101562e-01,9.164769947528839111e-02,2.320492267608642578e-01,5.045518279075622559e-01,2.006368786096572876e-01,1.524629592895507812e-01,1.708592325448989868e-01,2.775592207908630371e-01,1.091461107134819031e-01,3.796171024441719055e-02,5.427482724189758301e-02,6.597382016479969025e-03,-1.334394961595535278e-01
2.087114602327346802e-01,1.574322432279586792e-01,2.700298726558685303e-01,5.266314148902893066e-01,1.169693544507026672e-01,2.035188078880310059e-01,6.419859528541564941e-01,1.177960634231567383e-01,-1.549530308693647385e-02,1.469941139221191406e-01,-2.265073508024215698e-01,2.128421142697334290e-02,2.130029201507568359e-01,-1.897222697734832764e-01,-1.470677927136421204e-02,3.354716598987579346e-01,1.000000000000000000e+00,5.922782421112060547e-01,5.573236346244812012e-01,4.211796522140502930e-01,3.844066858291625977e-01,3.654688000679016113e-01,3.202854096889495850e-01,2.100603580474853516e-01,1.480324119329452515e-01,1.935050189495086670e-01,2.288943082094192505e-01,4.130093753337860107e-01,4.412921071052551270e-01,4.272311925888061523e-01,5.277472138404846191e-01,2.483694255352020264e-01,1.548829674720764160e-01,2.412474453449249268e-01,2.235263288021087646e-01,4.127308130264282227e-01,3.897822648286819458e-02,1.938637197017669678e-01,2.993001341819763184e-01,3.329147100448608398e-01,8.962828665971755981e-02,1.456465423107147217e-01,3.044757246971130371e-01,9.637351334095001221e-02,3.143560886383056641e-01,1.580889225006103516e-01,1.860249489545822144e-01,1.912384629249572754e-01
1.934797912836074829e-01,1.712096929550170898e-01,1.029058247804641724e-01,3.496572971343994141e-01,1.354921907186508179e-01,1.912823617458343506e-01,4.622398912906646729e-01,1.168540418148040771e-01,1.421427279710769653e-01,1.864639520645141602e-01,5.996217485517263412e-03,9.715874493122100830e-02,2.613816857337951660e-01,-1.218415237963199615e-02,1.975990384817123413e-01,3.086402714252471924e-01,5.922782421112060547e-01,1.000000000000000000e+00,2.598817348480224609e-01,5.272272825241088867e-01,5.354906320571899414e-01,4.741783440113067627e-01,2.178761810064315796e-01,3.705710470676422119e-01,1.196910142898559570e-01,9.434163570404052734e-02,1.818512976169586182e-01,2.327480018138885498e-01,2.800746262073516846e-01,4.203757941722869873e-01,6.605442166328430176e-01,3.540673553943634033e-01,1.277666538953781128e-01,2.351001203060150146e-01,2.528104186058044434e-01,4.574649631977081299e-01,8.975599706172943115e-02,3.033874332904815674e-01,3.933596611022949219e-01,3.919733762741088867e-01,6.847693771123886108e-02,1.244201436638832092e-01,4.282750487327575684e-01,2.738051712512969971e-01,2.712068557739257812e-01,1.969881504774093628e-01,2.953135073184967041e-01,3.945114314556121826e-01
1.665819734334945679e-01,8.219077438116073608e-02,2.455646544694900513e-01,3.962946832180023193e-01,1.788261234760284424e-01,2.000793069601058960e-01,4.129768610000610352e-01,1.857141554355621338e-01,-1.067520901560783386e-01,-1.869700290262699127e-02,-1.477372646331787109e-01,-1.872774958610534668e-01,3.423577640205621719e-03,-3.366164118051528931e-02,-1.422911584377288818e-01,2.056693285703659058e-01,5.573236346244812012e-01,2.598817348480224609e-01,1.000000000000000000e+00,4.162785708904266357e-01,2.484199404716491699e-01,1.503939628601074219e-01,1.520130187273025513e-01,1.517327874898910522e-01,4.679837450385093689e-02,1.076565757393836975e-01,2.565680444240570068e-01,2.542219460010528564e-01,3.133496940135955811e-01,8.485221117734909058e-02,2.578224837779998779e-01,1.951212435960769653e-01,7.154788076877593994e-02,1.801771670579910278e-01,8.163822931237518787e-04,1.638855040073394775e-01,1.496322304010391235e-01,6.290245801210403442e-02,2.238038629293441772e-01,2.166239917278289795e-01,1.757801771163940430e-01,-8.104062639176845551e-03,5.276652425527572632e-02,-2.009461633861064911e-03,6.356623768806457520e-02,3.571625798940658569e-03,1.981370002031326294e-01,-2.864302077796310186e-04
1.903408318758010864e-01,1.611687690019607544e-01,2.667693495750427246e-01,4.262200593948364258e-01,1.809502393007278442e-01,2.993746995925903320e-01,4.540891647338867188e-01,1.511573605239391327e-02,1.165487319231033325e-01,4.178076684474945068e-01,-1.507243979722261429e-02,1.076826155185699463e-01,1.887649893760681152e-01,3.325514495372772217e-02,1.147566661238670349e-01,1.486804932355880737e-01,4.211796522140502930e-01,5.272272825241088867e-01,4.162785708904266357e-01,1.000000000000000000e+00,7.469829916954040527e-01,5.495175719261169434e-01,1.418783515691757202e-01,2.448846697807312012e-01,1.613082438707351685e-01,1.686613857746124268e-01,2.147229164838790894e-01,2.735708355903625488e-01,2.038396894931793213e-01,7.878502458333969116e-02,4.637622535228729248e-01,2.826331257820129395e-01,6.758511811494827271e-02,8.233361691236495972e-02,7.300098985433578491e-02,2.278353571891784668e-01,4.897236078977584839e-02,2.166387438774108887e-01,3.475359678268432617e-01,2.649394571781158447e-01,1.730743795633316040e-01,1.463156193494796753e-01,2.780584096908569336e-01,2.249471098184585571e-01,1.741347908973693848e-01,2.786746621131896973e-01,1.790259629487991333e-01,3.538896441459655762e-01
-2.250595949590206146e-02,-1.215662527829408646e-02,2.742949426174163818e-01,3.904837369918823242e-01,-5.253755673766136169e-02,1.373410224914550781e-01,3.816395998001098633e-01,-9.100440889596939087e-02,8.837261795997619629e-02,3.343326449394226074e-01,-1.007770374417304993e-01,3.171678632497787476e-02,8.691535145044326782e-02,3.348107263445854187e-02,1.387391090393066406e-01,9.271611459553241730e-03,3.844066858291625977e-01,5.354906320571899414e-01,2.484199404716491699e-01,7.469829916954040527e-01,1.000000000000000000e+00,7.140977382659912109e-01,2.089976519346237183e-01,2.881511449813842773e-01,-2.858024835586547852e-02,2.057454437017440796e-01,-2.830849401652812958e-02,1.240579262375831604e-01,5.948690697550773621e-02,7.977990806102752686e-02,5.748891234397888184e-01,4.466601312160491943e-01,-9.873928874731063843e-02,7.976987212896347046e-02,9.210082702338695526e-03,2.998250722885131836e-01,4.963165521621704102e-02,2.788944840431213379e-01,2.488080859184265137e-01,3.833980262279510498e-01,-9.251434355974197388e-02,-2.134430781006813049e-02,3.024930357933044434e-01,2.189976125955581665e-01,2.263583242893218994e-01,2.415062934160232544e-01,1.771782338619232178e-01,5.676788687705993652e-01
-2.116256803274154663e-01,-7.687459886074066162e-02,2.035543620586395264e-01,3.431528806686401367e-01,-2.222354710102081299e-01,-3.784740716218948364e-02,3.452692925930023193e-01,-1.531245261430740356e-01,6.432542204856872559e-02,1.892566829919815063e-01,-4.590457677841186523e-02,-1.257066279649734497e-01,-1.485617179423570633e-02,1.130078174173831940e-02,8.637509495019912720e-02,-1.031908169388771057e-01,3.654688000679016113e-01,4.741783440113067627e-01,1.503939628601074219e-01,5.495175719261169434e-01,7.140977382659912109e-01,1.000000000000000000e+00,2.770925462245941162e-01,1.720761358737945557e-01,-5.252982303500175476e-02,2.209324985742568970e-01,-2.151400595903396606e-01,1.688272878527641296e-02,-9.688220173120498657e-02,1.202351450920104980e-01,6.065483689308166504e-01,4.139640629291534424e-01,-2.658160924911499023e-01,2.847384661436080933e-02,-1.447490695863962173e-02,3.244187533855438232e-01,-5.505880340933799744e-02,2.302879989147186279e-01,5.864324793219566345e-02,4.058673679828643799e-01,-2.023002058267593384e-01,-1.400428861379623413e-01,2.707854509353637695e-01,1.375163793563842773e-01,2.009303420782089233e-01,1.608989387750625610e-01,7.809435576200485229e-02,6.523364186286926270e-01
9.015098214149475098e-02,1.863526403903961182e-01,-2.301790937781333923e-02,-4.793535917997360229e-02,-3.252256661653518677e-02,-2.767497003078460693e-01,4.689537361264228821e-02,2.213159054517745972e-01,1.698394417762756348e-01,-2.888949029147624969e-02,-6.480965763330459595e-02,-1.643822342157363892e-02,-1.551919337362051010e-02,-1.392023563385009766e-01,6.966919451951980591e-02,2.100903987884521484e-01,3.202854096889495850e-01,2.178761810064315796e-01,1.520130187273025513e-01,1.418783515691757202e-01,2.089976519346237183e-01,2.770925462245941162e-01,1.000000000000000000e+00,9.900330752134323120e-02,2.025404870510101318e-01,5.051228404045104980e-02,6.135634612292051315e-03,2.122383266687393188e-01,1.412389129400253296e-01,1.250281631946563721e-01,2.167762964963912964e-01,1.289763599634170532e-01,2.608833611011505127e-01,2.279818058013916016e-01,2.023585885763168335e-01,5.134603977203369141e-01,1.277412772178649902e-01,1.636434793472290039e-01,2.587141394615173340e-01,5.313884019851684570e-01,7.123018056154251099e-02,1.330364346504211426e-01,1.668370664119720459e-01,1.193999126553535461e-01,1.079729497432708740e-01,1.528968662023544312e-01,8.440081775188446045e-02,2.736941874027252197e-01
3.790947422385215759e-02,1.893586218357086182e-01,1.922592371702194214e-01,2.411320358514785767e-01,1.251153200864791870e-01,1.551379263401031494e-01,2.101417183876037598e-01,5.702333897352218628e-02,2.602750658988952637e-01,6.977659463882446289e-02,5.909954383969306946e-02,-1.652798242866992950e-02,2.060953527688980103e-01,5.821867659687995911e-02,2.215680330991744995e-01,3.326243534684181213e-02,2.100603580474853516e-01,3.705710470676422119e-01,1.517327874898910522e-01,2.448846697807312012e-01,2.881511449813842773e-01,1.720761358737945557e-01,9.900330752134323120e-02,1.000000000000000000e+00,1.008846331387758255e-02,1.549933999776840210e-01,2.164353430271148682e-01,6.458781659603118896e-02,1.998592913150787354e-01,2.216955423355102539e-01,5.621554851531982422e-01,6.624038219451904297e-01,6.528148800134658813e-02,1.773370951414108276e-01,8.052141219377517700e-02,4.454703330993652344e-01,2.223060093820095062e-02,2.483707964420318604e-01,1.504333466291427612e-01,2.656687796115875244e-01,1.815347522497177124e-01,5.519951507449150085e-02,2.017681896686553955e-01,2.545154690742492676e-01,1.370754987001419067e-01,8.891265839338302612e-02,7.800740003585815430e-01,3.979716002941131592e-01
6.069200038909912109e-01,2.782196402549743652e-01,6.526218354701995850e-02,8.720146119594573975e-02,3.846168220043182373e-01,5.570903792977333069e-02,3.973986953496932983e-02,3.243722319602966309e-01,1.061051413416862488e-01,1.461968123912811279e-01,2.309300452470779419e-01,2.275358587503433228e-01,4.224702119827270508e-01,5.510941147804260254e-02,2.497805804014205933e-01,5.152268409729003906e-01,1.480324119329452515e-01,1.196910142898559570e-01,4.679837450385093689e-02,1.613082438707351685e-01,-2.858024835586547852e-02,-5.252982303500175476e-02,2.025404870510101318e-01,1.008846331387758255e-02,1.000000000000000000e+00,-1.752728410065174103e-02,4.824879765510559082e-01,5.109449028968811035e-01,3.536866307258605957e-01,-2.604738436639308929e-02,-4.423747211694717407e-02,-1.019308194518089294e-01,5.715659260749816895e-01,1.293136179447174072e-01,3.486728668212890625e-01,1.642376929521560669e-01,3.461693227291107178e-02,2.355362474918365479e-01,3.066231012344360352e-01,3.825721889734268188e-02,3.076070249080657959e-01,2.595610022544860840e-01,2.141142338514328003e-01,1.648279726505279541e-01,-4.800941329449415207e-03,2.380055636167526245e-01,3.714153543114662170e-02,-1.081552729010581970e-01
8.941112458705902100e-02,-6.010111887007951736e-03,4.049606025218963623e-01,3.978875577449798584e-01,1.949270814657211304e-02,5.540439859032630920e-02,1.870758831501007080e-01,-1.443773508071899414e-01,8.067461103200912476e-02,1.579212844371795654e-01,-9.054806083440780640e-02,7.436882704496383667e-02,2.481914684176445007e-02,-1.227079108357429504e-01,-8.042994886636734009e-03,-6.022615730762481689e-02,1.935050189495086670e-01,9.434163570404052734e-02,1.076565757393836975e-01,1.686613857746124268e-01,2.057454437017440796e-01,2.209324985742568970e-01,5.051228404045104980e-02,1.549933999776840210e-01,-1.752728410065174103e-02,1.000000000000000000e+00,-1.801920868456363678e-02,1.505075544118881226e-01,8.371403068304061890e-02,9.695153683423995972e-02,2.361179590225219727e-01,2.220303416252136230e-01,-8.003448694944381714e-02,-2.596164681017398834e-02,-7.439295202493667603e-02,7.724236696958541870e-02,1.685901195742189884e-03,9.615435451269149780e-02,-1.176106482744216919e-01,8.471637219190597534e-02,-4.474229365587234497e-02,-3.793779760599136353e-02,1.267901211977005005e-01,-1.139782089740037918e-02,1.777997910976409912e-01,1.459845006465911865e-01,8.553958684206008911e-02,9.571091085672378540e-02
5.363346934318542480e-01,4.920002520084381104e-01,2.017177343368530273e-01,2.501079738140106201e-01,5.100730657577514648e-01,4.371932446956634521e-01,3.147205412387847900e-01,2.668021321296691895e-01,2.780803740024566650e-01,2.885375320911407471e-01,1.040295660495758057e-01,3.187102675437927246e-01,3.439496457576751709e-01,-3.024160489439964294e-02,1.609117835760116577e-01,3.370837569236755371e-01,2.288943082094192505e-01,1.818512976169586182e-01,2.565680444240570068e-01,2.147229164838790894e-01,-2.830849401652812958e-02,-2.151400595903396606e-01,6.135634612292051315e-03,2.164353430271148682e-01,4.824879765510559082e-01,-1.801920868456363678e-02,1.000000000000000000e+00,4.869897961616516113e-01,5.646001100540161133e-01,1.339535117149353027e-01,2.421370893716812134e-02,-6.226039305329322815e-02,6.268755793571472168e-01,2.531571090221405029e-01,2.434987574815750122e-01,1.642038971185684204e-01,8.325190842151641846e-02,1.929923892021179199e-01,3.470648527145385742e-01,2.670711837708950043e-03,4.860712885856628418e-01,4.997366368770599365e-01,1.166988760232925415e-01,2.919056117534637451e-01,2.065111994743347168e-01,2.328779250383377075e-01,2.507535815238952637e-01,-1.822301298379898071e-01
6.357879042625427246e-01,1.828387528657913208e-01,4.465957880020141602e-01,3.421941697597503662e-01,4.085024893283843994e-01,2.166622877120971680e-01,3.225093781948089600e-01,9.803006798028945923e-02,-1.591355539858341217e-02,2.000533640384674072e-01,-1.680009961128234863e-01,1.033663749694824219e-01,4.004722833633422852e-01,-2.405521720647811890e-01,1.988760195672512054e-02,4.425912201404571533e-01,4.130093753337860107e-01,2.327480018138885498e-01,2.542219460010528564e-01,2.735708355903625488e-01,1.240579262375831604e-01,1.688272878527641296e-02,2.122383266687393188e-01,6.458781659603118896e-02,5.109449028968811035e-01,1.505075544118881226e-01,4.869897961616516113e-01,1.000000000000000000e+00,5.733118653297424316e-01,1.368593871593475342e-01,1.155848503112792969e-01,-1.951218582689762115e-02,4.438976943492889404e-01,6.303542852401733398e-02,2.499679028987884521e-01,1.769952476024627686e-01,2.273439057171344757e-02,1.164760217070579529e-01,2.817824184894561768e-01,1.169416531920433044e-01,2.546399533748626709e-01,3.293369114398956299e-01,2.990147769451141357e-01,8.231936395168304443e-02,2.318149507045745850e-01,2.795124650001525879e-01,9.983546286821365356e-02,-7.794090360403060913e-02
4.728775918483734131e-01,3.621806204319000244e-01,3.182315230369567871e-01,3.668967485427856445e-01,3.592925667762756348e-01,3.250692486763000488e-01,3.058740496635437012e-01,6.999818235635757446e-02,5.840192735195159912e-02,2.607684135437011719e-01,-1.564462929964065552e-01,1.808172017335891724e-01,3.992759287357330322e-01,-1.663976907730102539e-01,7.983783632516860962e-02,3.283138275146484375e-01,4.412921071052551270e-01,2.800746262073516846e-01,3.133496940135955811e-01,2.038396894931793213e-01,5.948690697550773621e-02,-9.688220173120498657e-02,1.412389129400253296e-01,1.998592913150787354e-01,3.536866307258605957e-01,8.371403068304061890e-02,5.646001100540161133e-01,5.733118653297424316e-01,1.000000000000000000e+00,3.943642079830169678e-01,1.864994764328002930e-01,1.868675835430622101e-02,3.640155196189880371e-01,1.938943117856979370e-01,2.930235862731933594e-01,2.152402251958847046e-01,-4.324016720056533813e-02,2.156387269496917725e-01,3.181982636451721191e-01,1.771503686904907227e-01,3.399978280067443848e-01,3.764055669307708740e-01,3.134473264217376709e-01,9.822245687246322632e-02,3.394754230976104736e-01,3.590147495269775391e-01,1.947528421878814697e-01,-1.074072048068046570e-01
4.880991205573081970e-02,3.251087963581085205e-01,-1.166380476206541061e-03,2.578606009483337402e-01,8.407417684793472290e-02,1.849652528762817383e-01,3.791011869907379150e-01,-9.439145773649215698e-02,8.229431509971618652e-02,1.915130019187927246e-01,-3.044928424060344696e-02,2.362279891967773438e-01,1.977912187576293945e-01,-1.797719001770019531e-01,2.335300110280513763e-02,1.155329793691635132e-01,4.272311925888061523e-01,4.203757941722869873e-01,8.485221117734909058e-02,7.878502458333969116e-02,7.977990806102752686e-02,1.202351450920104980e-01,1.250281631946563721e-01,2.216955423355102539e-01,-2.604738436639308929e-02,9.695153683423995972e-02,1.339535117149353027e-01,1.368593871593475342e-01,3.943642079830169678e-01,1.000000000000000000e+00,4.744891226291656494e-01,1.443790346384048462e-01,6.015481054782867432e-02,2.336048632860183716e-01,2.754565179347991943e-01,3.720904290676116943e-01,-1.657093614339828491e-01,1.406515538692474365e-01,1.878275424242019653e-01,2.054433226585388184e-01,2.123764008283615112e-01,2.269789278507232666e-01,3.390766680240631104e-01,1.878986954689025879e-01,3.987564146518707275e-01,2.247579842805862427e-01,1.339801996946334839e-01,7.950708270072937012e-02
-3.564692288637161255e-02,5.714494362473487854e-02,2.112915962934494019e-01,4.449182152748107910e-01,-9.229749441146850586e-02,6.849358230829238892e-02,4.684217572212219238e-01,-7.312551885843276978e-02,1.109241396188735962e-01,9.420812875032424927e-02,-3.022484481334686279e-02,-3.784283623099327087e-02,1.191864013671875000e-01,-5.538004264235496521e-02,1.121964603662490845e-01,6.537397950887680054e-02,5.277472138404846191e-01,6.605442166328430176e-01,2.578224837779998779e-01,4.637622535228729248e-01,5.748891234397888184e-01,6.065483689308166504e-01,2.167762964963912964e-01,5.621554851531982422e-01,-4.423747211694717407e-02,2.361179590225219727e-01,2.421370893716812134e-02,1.155848503112792969e-01,1.864994764328002930e-01,4.744891226291656494e-01,1.000000000000000000e+00,6.307999491691589355e-01,-1.039115712046623230e-01,2.058902084827423096e-01,1.382499039173126221e-01,5.484880805015563965e-01,-6.935425847768783569e-02,2.861361503601074219e-01,2.033507078886032104e-01,4.448540210723876953e-01,-3.727411478757858276e-02,-5.638173595070838928e-02,3.785123825073242188e-01,1.934599280357360840e-01,2.905851006507873535e-01,1.307396143674850464e-01,4.433792829513549805e-01,5.463767051696777344e-01
-1.266721338033676147e-01,-6.513313949108123779e-02,2.260783761739730835e-01,3.126234412193298340e-01,-6.964582949876785278e-02,1.182408421300351620e-03,2.214609086513519287e-01,-1.540960045531392097e-03,1.175251379609107971e-01,-2.674998715519905090e-02,1.519939582794904709e-02,-1.616075485944747925e-01,-3.503475571051239967e-03,1.317837983369827271e-01,9.918508678674697876e-02,-1.043917164206504822e-01,2.483694255352020264e-01,3.540673553943634033e-01,1.951212435960769653e-01,2.826331257820129395e-01,4.466601312160491943e-01,4.139640629291534424e-01,1.289763599634170532e-01,6.624038219451904297e-01,-1.019308194518089294e-01,2.220303416252136230e-01,-6.226039305329322815e-02,-1.951218582689762115e-02,1.868675835430622101e-02,1.443790346384048462e-01,6.307999491691589355e-01,1.000000000000000000e+00,-1.775123924016952515e-01,1.567631810903549194e-01,-7.715719938278198242e-02,2.884688079357147217e-01,1.073203384876251221e-01,1.819012165069580078e-01,2.966951765120029449e-02,2.553981244564056396e-01,-1.027563661336898804e-01,-1.910500675439834595e-01,1.665895879268646240e-01,1.816468387842178345e-01,1.175214946269989014e-01,-6.009560544043779373e-03,6.145595908164978027e-01,5.783724188804626465e-01
5.894056558609008789e-01,4.421684145927429199e-01,-4.768342524766921997e-02,-7.337980717420578003e-02,4.456639289855957031e-01,1.526306867599487305e-01,1.150808930397033691e-01,4.836982190608978271e-01,2.008932530879974365e-01,1.210925579071044922e-01,1.951072663068771362e-01,3.868845701217651367e-01,2.787339687347412109e-01,-4.353170096874237061e-02,1.686345487833023071e-01,5.647282004356384277e-01,1.548829674720764160e-01,1.277666538953781128e-01,7.154788076877593994e-02,6.758511811494827271e-02,-9.873928874731063843e-02,-2.658160924911499023e-01,2.608833611011505127e-01,6.528148800134658813e-02,5.715659260749816895e-01,-8.003448694944381714e-02,6.268755793571472168e-01,4.438976943492889404e-01,3.640155196189880371e-01,6.015481054782867432e-02,-1.039115712046623230e-01,-1.775123924016952515e-01,1.000000000000000000e+00,3.029435276985168457e-01,3.284424841403961182e-01,2.696426808834075928e-01,1.846696585416793823e-01,1.738895475864410400e-01,4.368181526660919189e-01,6.818738579750061035e-02,4.244786500930786133e-01,4.151297509670257568e-01,8.736298978328704834e-02,2.834667861461639404e-01,1.029371470212936401e-01,1.444150060415267944e-01,6.736284494400024414e-02,-2.357906848192214966e-01
