1.000000000000000000e+00,1.580442041158676147e-01,2.918813526630401611e-01,2.883304357528686523e-01,4.718768000602722168e-01,2.391708642244338989e-01,2.225273847579956055e-02,7.664878964424133301e-01,3.417964279651641846e-01,-1.090402007102966309e-01,2.960675954818725586e-01,6.396505236625671387e-02,-1.430359855294227600e-02,2.203058302402496338e-01,-3.353249281644821167e-02,-1.334384381771087646e-01,-4.510699212551116943e-02,-1.025133728981018066e-01,-1.321596056222915649e-01,-6.208201125264167786e-02,1.278916597366333008e-01,-2.165147662162780762e-02,2.783360518515110016e-02,-1.681191772222518921e-01,8.355355858802795410e-01,-7.870102673768997192e-02,7.729682326316833496e-01,8.490076065063476562e-01,6.947849988937377930e-01,-1.408323794603347778e-01,-3.061020076274871826e-01,-2.080490589141845703e-01,8.512675166130065918e-01,1.394303143024444580e-01,-8.520768582820892334e-02,-3.351032733917236328e-01,-9.983251988887786865e-02,-3.039420247077941895e-01,-3.687513172626495361e-01,-1.341938525438308716e-01,5.030758380889892578e-01,-3.507735207676887512e-02,-1.996737122535705566e-01,-2.792990580201148987e-02,-1.502853333950042725e-01,-3.892102837562561035e-02,-2.809890210628509521e-01,3.849903866648674011e-02
1.580442041158676147e-01,1.000000000000000000e+00,7.468587160110473633e-02,2.539816126227378845e-02,3.929587304592132568e-01,4.282653927803039551e-01,3.843929469585418701e-01,7.342639565467834473e-02,1.989684104919433594e-01,1.524475216865539551e-01,-1.896980255842208862e-01,-7.177737355232238770e-02,2.008570581674575806e-01,1.054402291774749756e-01,-1.079207956790924072e-01,2.519240677356719971e-01,2.501573860645294189e-01,3.301119804382324219e-01,5.366430282592773438e-01,6.029773354530334473e-01,2.091364413499832153e-01,-6.230136379599571228e-02,1.243552044034004211e-01,1.458048969507217407e-01,1.000255867838859558e-01,4.875187575817108154e-01,2.460894435644149780e-01,3.253438174724578857e-01,4.789130389690399170e-01,-4.113625735044479370e-02,-4.677220247685909271e-03,2.295087575912475586e-01,1.380674391984939575e-01,5.427233129739761353e-02,-4.152339533902704716e-04,1.176130622625350952e-01,1.248150877654552460e-02,-4.374672658741474152e-03,1.101305112242698669e-01,1.694312989711761475e-01,6.680798530578613281e-01,6.953476071357727051e-01,5.340766906738281250e-01,2.746589481830596924e-01,4.112294912338256836e-01,2.988528311252593994e-01,2.196698635816574097e-01,1.870963722467422485e-01
2.918813526630401611e-01,7.468587160110473633e-02,1.000000000000000000e+00,5.982108712196350098e-01,2.322186678647994995e-01,3.289418220520019531e-01,4.066196382045745850e-01,2.136432826519012451e-01,2.973859012126922607e-01,1.518524736166000366e-01,3.885108530521392822e-01,4.390367567539215088e-01,3.436693847179412842e-01,4.361926019191741943e-01,2.547017931938171387e-01,3.882246091961860657e-02,2.887062728404998779e-01,1.159975603222846985e-01,1.751434989273548126e-02,1.954171508550643921e-01,5.043839812278747559e-01,1.866063177585601807e-01,-2.240942092612385750e-03,-1.324774920940399170e-01,1.497213095426559448e-01,2.398127615451812744e-01,2.566716372966766357e-01,3.503527641296386719e-01,2.552661895751953125e-01,3.945486620068550110e-02,-3.962727263569831848e-02,-6.086309999227523804e-02,2.023266553878784180e-01,5.790022015571594238e-02,6.288557499647140503e-02,-1.725470870733261108e-01,6.593229621648788452e-02,-5.995187442749738693e-03,-3.482752293348312378e-02,-4.543465003371238708e-02,1.753266602754592896e-01,4.539415612816810608e-02,-4.314460232853889465e-02,2.578692883253097534e-02,8.446759730577468872e-02,6.107588112354278564e-02,-1.763678193092346191e-01,2.585802599787712097e-02
2.883304357528686523e-01,2.539816126227378845e-02,5.982108712196350098e-01,1.000000000000000000e+00,2.024983465671539307e-01,2.956514358520507812e-01,3.416110277175903320e-01,1.218759790062904358e-01,6.326026469469070435e-02,-5.390609055757522583e-02,2.033235281705856323e-01,2.033227086067199707e-01,1.865791343152523041e-02,9.246637672185897827e-02,1.266541481018066406e-01,-1.390565186738967896e-01,1.900616884231567383e-01,-5.307598784565925598e-02,-2.885649725794792175e-02,6.614116579294204712e-02,3.823422193527221680e-01,4.580557048320770264e-01,-2.494983971118927002e-01,5.313764140009880066e-02,1.726453751325607300e-01,5.024743080139160156e-02,2.032573223114013672e-01,3.156804144382476807e-01,2.348123490810394287e-01,1.140643134713172913e-01,1.498965770006179810e-01,-1.416825130581855774e-02,1.458283662796020508e-01,5.255647003650665283e-02,3.836976364254951477e-02,-2.925403602421283722e-02,-9.411973506212234497e-02,-2.171079255640506744e-02,-2.281076163053512573e-01,-9.408213198184967041e-02,1.104876473546028137e-01,-3.936159983277320862e-02,-1.469555050134658813e-01,-5.642598494887351990e-02,2.379121072590351105e-02,-6.534000486135482788e-02,1.200975850224494934e-02,-5.858537927269935608e-02
4.718768000602722168e-01,3.929587304592132568e-01,2.322186678647994995e-01,2.024983465671539307e-01,1.000000000000000000e+00,6.766970753669738770e-01,1.121268793940544128e-01,2.982636392116546631e-01,1.422955244779586792e-01,-1.086637005209922791e-02,6.353955715894699097e-02,2.086808085441589355e-01,2.392765879631042480e-01,1.343212425708770752e-01,-1.308829337358474731e-02,3.933221846818923950e-02,1.716019958257675171e-02,8.714824914932250977e-02,2.431963682174682617e-01,3.492902219295501709e-01,3.843800723552703857e-01,-6.687892973423004150e-02,-5.091648548841476440e-02,-5.343024060130119324e-02,3.797553777694702148e-01,7.439023256301879883e-02,4.190528988838195801e-01,5.075052380561828613e-01,4.770918488502502441e-01,-4.398087784647941589e-02,-1.396415233612060547e-01,-9.669160097837448120e-02,4.637867808341979980e-01,2.086695656180381775e-02,-2.118435055017471313e-01,-1.800225377082824707e-01,1.685294322669506073e-02,-1.802590191364288330e-01,-2.185097485780715942e-01,-1.361547410488128662e-01,6.012402176856994629e-01,1.901095658540725708e-01,1.728210896253585815e-01,2.848085202276706696e-02,9.367256611585617065e-02,8.476219326257705688e-02,-1.391032040119171143e-01,5.743800848722457886e-02
2.391708642244338989e-01,4.282653927803039551e-01,3.289418220520019531e-01,2.956514358520507812e-01,6.766970753669738770e-01,1.000000000000000000e+00,3.308113813400268555e-01,7.312082499265670776e-02,2.191706895828247070e-01,1.466534733772277832e-01,1.437019705772399902e-01,2.906051576137542725e-01,2.588689327239990234e-01,2.115243822336196899e-01,-6.496684998273849487e-02,-3.302695974707603455e-02,2.058123499155044556e-01,1.257501393556594849e-01,2.439260035753250122e-01,2.913796305656433105e-01,3.922047019004821777e-01,1.013050451874732971e-01,-7.362070679664611816e-02,8.500960469245910645e-02,1.665748208761215210e-01,1.867945641279220581e-01,2.401287406682968140e-01,3.647375702857971191e-01,3.808141648769378662e-01,5.196840502321720123e-03,-4.424952343106269836e-02,7.051280140876770020e-02,1.896052509546279907e-01,-5.278997588902711868e-03,-4.354853555560112000e-02,3.437235485762357712e-03,-2.822085749357938766e-03,-1.049574092030525208e-01,-1.217895448207855225e-01,-9.710361808538436890e-02,5.448261499404907227e-01,3.103583455085754395e-01,2.413463443517684937e-01,1.897204220294952393e-01,2.222904562950134277e-01,1.800639033317565918e-01,4.282499849796295166e-02,6.455892324447631836e-02
2.225273847579956055e-02,3.843929469585418701e-01,4.066196382045745850e-01,3.416110277175903320e-01,1.121268793940544128e-01,3.308113813400268555e-01,1.000000000000000000e+00,-9.565827436745166779e-03,2.414681166410446167e-01,3.621900379657745361e-01,1.028297585435211658e-03,4.572238307446241379e-03,2.397836297750473022e-01,2.010074555873870850e-01,3.333006799221038818e-02,2.073736935853958130e-01,7.334438562393188477e-01,4.849636554718017578e-01,4.855784475803375244e-01,3.243185281753540039e-01,3.220646828413009644e-02,2.412761896848678589e-01,1.394172012805938721e-01,3.164452314376831055e-02,-1.852471008896827698e-02,6.365371346473693848e-01,8.419498801231384277e-02,1.175304874777793884e-01,1.817083507776260376e-01,-1.614484190940856934e-01,-2.909141825512051582e-03,1.646868586540222168e-01,-4.935247078537940979e-02,-2.443346381187438965e-02,9.772687405347824097e-02,2.692980691790580750e-02,4.076868295669555664e-02,1.225664690136909485e-01,1.200839653611183167e-01,1.720195114612579346e-01,2.188924551010131836e-01,5.659717321395874023e-01,4.512638747692108154e-01,2.173980027437210083e-01,3.496342301368713379e-01,3.886878192424774170e-01,1.322068870067596436e-01,1.633981317281723022e-01
7.664878964424133301e-01,7.342639565467834473e-02,2.136432826519012451e-01,1.218759790062904358e-01,2.982636392116546631e-01,7.312082499265670776e-02,-9.565827436745166779e-03,1.000000000000000000e+00,4.381727576255798340e-01,3.267697989940643311e-02,4.129213988780975342e-01,1.014235988259315491e-01,6.695225834846496582e-02,3.196994662284851074e-01,6.856573373079299927e-02,-2.025279775261878967e-02,-1.830161549150943756e-02,-6.305319815874099731e-02,-1.586952507495880127e-01,-1.310937255620956421e-01,-3.693651035428047180e-02,-6.839802861213684082e-02,1.678736507892608643e-01,-2.170845270156860352e-01,7.552888393402099609e-01,-8.967314660549163818e-02,6.861809492111206055e-01,6.774264574050903320e-01,5.232111811637878418e-01,-1.924369931221008301e-01,-2.791797816753387451e-01,-2.030673027038574219e-01,7.891921401023864746e-01,3.293186426162719727e-01,2.471473999321460724e-02,-3.070030808448791504e-01,1.344648599624633789e-01,-1.733985096216201782e-01,-2.530004978179931641e-01,-3.514776006340980530e-02,3.430395424365997314e-01,-8.589109033346176147e-02,-2.081329971551895142e-01,3.065666370093822479e-02,-1.429558843374252319e-01,2.508856542408466339e-02,-2.621759474277496338e-01,9.587143361568450928e-02
3.417964279651641846e-01,1.989684104919433594e-01,2.973859012126922607e-01,6.326026469469070435e-02,1.422955244779586792e-01,2.191706895828247070e-01,2.414681166410446167e-01,4.381727576255798340e-01,1.000000000000000000e+00,5.545146465301513672e-01,5.619812011718750000e-01,3.611148297786712646e-01,4.668336510658264160e-01,4.416335523128509521e-01,6.778642535209655762e-02,1.920743882656097412e-01,3.494749367237091064e-01,2.669446766376495361e-01,1.470671445131301880e-01,1.360072791576385498e-01,1.002455055713653564e-01,1.378268450498580933e-01,2.801699042320251465e-01,-1.308432370424270630e-01,3.388825356960296631e-01,1.072240248322486877e-01,3.745062947273254395e-01,3.407342731952667236e-01,2.880513072013854980e-01,1.879507116973400116e-02,-6.320348381996154785e-02,-2.451286651194095612e-02,3.331080675125122070e-01,3.082012534141540527e-01,1.177601367235183716e-01,-1.674382686614990234e-01,2.548735141754150391e-01,1.959691010415554047e-02,3.143011406064033508e-02,3.291733562946319580e-02,2.464629858732223511e-01,2.904332876205444336e-01,1.659585684537887573e-01,3.804530799388885498e-01,2.318352162837982178e-01,4.009214043617248535e-01,-1.534945517778396606e-01,1.221951097249984741e-01
-1.090402007102966309e-01,1.524475216865539551e-01,1.518524736166000366e-01,-5.390609055757522583e-02,-1.086637005209922791e-02,1.466534733772277832e-01,3.621900379657745361e-01,3.267697989940643311e-02,5.545146465301513672e-01,1.000000000000000000e+00,2.672030627727508545e-01,3.188271820545196533e-01,4.802869856357574463e-01,2.021104544401168823e-01,7.062111794948577881e-02,2.627440392971038818e-01,5.175144672393798828e-01,3.369144499301910400e-01,2.617728710174560547e-01,1.843909770250320435e-01,-2.564274333417415619e-02,9.046347439289093018e-02,2.237558066844940186e-01,6.385828834027051926e-03,-1.203731223940849304e-01,2.416995167732238770e-01,-5.959834530949592590e-02,-9.812050312757492065e-02,-9.956946969032287598e-02,-8.955270797014236450e-02,-1.482240390032529831e-02,1.426552534103393555e-01,-1.087744683027267456e-01,1.638671755790710449e-01,1.978379935026168823e-01,8.561505377292633057e-02,2.450696080923080444e-01,2.011287063360214233e-01,2.361581474542617798e-01,1.817197352647781372e-01,4.090894013643264771e-02,3.669631779193878174e-01,3.364124894142150879e-01,5.126186013221740723e-01,3.671504557132720947e-01,6.474602818489074707e-01,1.457915604114532471e-01,1.784518510103225708e-01
2.960675954818725586e-01,-1.896980255842208862e-01,3.885108530521392822e-01,2.033235281705856323e-01,6.353955715894699097e-02,1.437019705772399902e-01,1.028297585435211658e-03,4.129213988780975342e-01,5.619812011718750000e-01,2.672030627727508545e-01,1.000000000000000000e+00,5.998027920722961426e-01,3.526623249053955078e-01,4.909457266330718994e-01,3.085533082485198975e-01,3.985861316323280334e-02,1.745939999818801880e-01,1.094953622668981552e-02,-2.081777453422546387e-01,-2.071560919284820557e-01,2.073177397251129150e-01,2.897091209888458252e-01,1.306008845567703247e-01,-1.857209503650665283e-01,3.301911354064941406e-01,-2.096557766199111938e-01,3.048469722270965576e-01,2.689975202083587646e-01,8.170795440673828125e-02,1.820928901433944702e-01,3.820779174566268921e-02,-1.830304265022277832e-01,2.936635613441467285e-01,4.175083935260772705e-01,1.735071986913681030e-01,-1.820953041315078735e-01,2.981631159782409668e-01,1.627805233001708984e-01,-4.143991321325302124e-02,-6.467411667108535767e-02,-7.444897294044494629e-02,-1.883263736963272095e-01,-1.779347807168960571e-01,2.597030065953731537e-02,8.466502279043197632e-02,1.791610568761825562e-01,-2.878041565418243408e-01,-2.226618491113185883e-02
6.396505236625671387e-02,-7.177737355232238770e-02,4.390367567539215088e-01,2.033227086067199707e-01,2.086808085441589355e-01,2.906051576137542725e-01,4.572238307446241379e-03,1.014235988259315491e-01,3.611148297786712646e-01,3.188271820545196533e-01,5.998027920722961426e-01,1.000000000000000000e+00,5.527279376983642578e-01,4.604728817939758301e-01,5.463842749595642090e-01,2.382214963436126709e-01,1.377648860216140747e-01,1.517644226551055908e-01,-4.568049311637878418e-02,7.942193746566772461e-02,5.114950537681579590e-01,2.809192240238189697e-01,6.849209219217300415e-02,-1.275359094142913818e-01,2.217143075540661812e-03,-1.175096258521080017e-01,7.890017330646514893e-02,8.149272203445434570e-02,-6.862750649452209473e-02,2.267825007438659668e-01,4.659963026642799377e-02,-1.114763021469116211e-01,7.986158132553100586e-02,2.615114450454711914e-01,7.745662331581115723e-02,-9.724403917789459229e-02,3.449379801750183105e-01,2.750907242298126221e-01,9.207251667976379395e-02,-1.160216517746448517e-03,-4.754723981022834778e-02,-1.028535515069961548e-01,-2.819851972162723541e-02,2.140978537499904633e-02,1.323764026165008545e-01,1.644863337278366089e-01,-1.873699426651000977e-01,2.238184027373790741e-02
-1.430359855294227600e-02,2.008570581674575806e-01,3.436693847179412842e-01,1.865791343152523041e-02,2.392765879631042480e-01,2.588689327239990234e-01,2.397836297750473022e-01,6.695225834846496582e-02,4.668336510658264160e-01,4.802869856357574463e-01,3.526623249053955078e-01,5.527279376983642578e-01,1.000000000000000000e+00,3.890174627304077148e-01,2.843060791492462158e-01,4.660886824131011963e-01,3.216303884983062744e-01,3.981930613517761230e-01,2.851479649543762207e-01,3.959213793277740479e-01,3.729250133037567139e-01,1.411612927913665771e-01,2.093657553195953369e-01,-1.366806328296661377e-01,-7.275086641311645508e-02,1.398364752531051636e-01,4.438944533467292786e-02,2.778552658855915070e-02,-2.732576569542288780e-03,9.394445270299911499e-02,1.097847744822502136e-01,2.976445667445659637e-02,2.262921258807182312e-02,2.195164263248443604e-01,1.208788976073265076e-01,-9.635365009307861328e-02,3.977089226245880127e-01,2.476915419101715088e-01,1.401702910661697388e-01,-1.933932187967002392e-03,1.014485359191894531e-01,2.191775888204574585e-01,3.115090727806091309e-01,2.024885565042495728e-01,3.033828139305114746e-01,3.178211450576782227e-01,-1.051584854722023010e-01,6.661949306726455688e-02
2.203058302402496338e-01,1.054402291774749756e-01,4.361926019191741943e-01,9.246637672185897827e-02,1.343212425708770752e-01,2.115243822336196899e-01,2.010074555873870850e-01,3.196994662284851074e-01,4.416335523128509521e-01,2.021104544401168823e-01,4.909457266330718994e-01,4.604728817939758301e-01,3.890174627304077148e-01,1.000000000000000000e+00,4.905399084091186523e-01,2.114540189504623413e-01,2.214897423982620239e-01,1.736334562301635742e-01,6.600883603096008301e-02,1.547409892082214355e-01,3.195966780185699463e-01,4.032387211918830872e-02,2.318621724843978882e-01,-2.308250665664672852e-01,1.466353982686996460e-01,1.344442665576934814e-01,2.740414738655090332e-01,2.266011536121368408e-01,1.475115716457366943e-01,-4.515450447797775269e-02,-1.482049077749252319e-01,-1.318139284849166870e-01,2.020451575517654419e-01,3.355608284473419189e-01,-8.172340691089630127e-03,-2.624777853488922119e-01,4.905807375907897949e-01,2.611535191535949707e-01,1.042726263403892517e-01,-4.960543010383844376e-03,1.058159545063972473e-01,4.441709443926811218e-02,-3.330638259649276733e-02,-1.601833477616310120e-02,1.647173017263412476e-01,8.047869801521301270e-02,-2.617655098438262939e-01,1.380509585142135620e-01
-3.353249281644821167e-02,-1.079207956790924072e-01,2.547017931938171387e-01,1.266541481018066406e-01,-1.308829337358474731e-02,-6.496684998273849487e-02,3.333006799221038818e-02,6.856573373079299927e-02,6.778642535209655762e-02,7.062111794948577881e-02,3.085533082485198975e-01,5.463842749595642090e-01,2.843060791492462158e-01,4.905399084091186523e-01,1.000000000000000000e+00,4.143154323101043701e-01,9.717445075511932373e-02,2.009387016296386719e-01,4.790217056870460510e-02,7.998198270797729492e-02,2.339804172515869141e-01,2.036509215831756592e-01,9.641008824110031128e-02,-1.696934849023818970e-01,-5.742758885025978088e-02,-5.144898965954780579e-02,3.820439800620079041e-02,-6.687334179878234863e-02,-1.966196894645690918e-01,7.677580416202545166e-02,1.190466806292533875e-03,-1.535097360610961914e-01,2.837687730789184570e-02,2.945332229137420654e-01,-1.001665648072957993e-02,-1.159040778875350952e-01,5.257028341293334961e-01,5.058107376098632812e-01,1.648147851228713989e-01,1.143364459276199341e-01,-2.449347227811813354e-01,-1.779582798480987549e-01,-1.615713164210319519e-02,-1.438354551792144775e-01,8.314990252256393433e-02,1.256620325148105621e-02,-1.412826031446456909e-01,1.037064716219902039e-01
-1.334384381771087646e-01,2.519240677356719971e-01,3.882246091961860657e-02,-1.390565186738967896e-01,3.933221846818923950e-02,-3.302695974707603455e-02,2.073736935853958130e-01,-2.025279775261878967e-02,1.920743882656097412e-01,2.627440392971038818e-01,3.985861316323280334e-02,2.382214963436126709e-01,4.660886824131011963e-01,2.114540189504623413e-01,4.143154323101043701e-01,1.000000000000000000e+00,2.443324625492095947e-01,6.822171211242675781e-01,5.194147229194641113e-01,4.188889265060424805e-01,3.655291721224784851e-02,1.214290782809257507e-01,5.353852510452270508e-01,-3.123891055583953857e-01,-1.149065569043159485e-01,1.523250490427017212e-01,9.974420070648193359e-03,-1.528343856334686279e-01,-1.149547472596168518e-01,-1.361752748489379883e-01,-6.104959547519683838e-02,-8.527401089668273926e-02,-4.158994555473327637e-02,2.317941933870315552e-01,7.545737177133560181e-02,-1.632778197526931763e-01,3.651823103427886963e-01,3.526687026023864746e-01,4.330441355705261230e-01,3.292250633239746094e-01,-3.270892053842544556e-02,2.284472435712814331e-01,3.566416501998901367e-01,1.216904520988464355e-01,1.999749690294265747e-01,2.222718745470046997e-01,-1.003682091832160950e-01,1.071790009737014771e-01
-4.510699212551116943e-02,2.501573860645294189e-01,2.887062728404998779e-01,1.900616884231567383e-01,1.716019958257675171e-02,2.058123499155044556e-01,7.334438562393188477e-01,-1.830161549150943756e-02,3.494749367237091064e-01,5.175144672393798828e-01,1.745939999818801880e-01,1.377648860216140747e-01,3.216303884983062744e-01,2.214897423982620239e-01,9.717445075511932373e-02,2.443324625492095947e-01,1.000000000000000000e+00,5.834945440292358398e-01,4.746257066726684570e-01,2.546193897724151611e-01,3.895291313529014587e-02,2.100947201251983643e-01,1.800010055303573608e-01,-2.756905555725097656e-02,-5.883251875638961792e-02,4.178758263587951660e-01,1.727909408509731293e-02,2.122821845114231110e-02,2.890753187239170074e-02,-1.114209070801734924e-01,9.942715987563133240e-04,1.095276698470115662e-01,-9.646882116794586182e-02,3.123249858617782593e-02,1.119166985154151917e-01,4.578689113259315491e-03,1.492761671543121338e-01,1.607234776020050049e-01,1.622898131608963013e-01,1.764231473207473755e-01,6.007807701826095581e-02,5.083591938018798828e-01,4.719661176204681396e-01,2.698251008987426758e-01,4.218192398548126221e-01,5.242049098014831543e-01,9.597537666559219360e-02,1.449360698461532593e-01
-1.025133728981018066e-01,3.301119804382324219e-01,1.159975603222846985e-01,-5.307598784565925598e-02,8.714824914932250977e-02,1.257501393556594849e-01,4.849636554718017578e-01,-6.305319815874099731e-02,2.669446766376495361e-01,3.369144499301910400e-01,1.094953622668981552e-02,1.517644226551055908e-01,3.981930613517761230e-01,1.736334562301635742e-01,2.009387016296386719e-01,6.822171211242675781e-01,5.834945440292358398e-01,1.000000000000000000e+00,6.842917203903198242e-01,4.860630929470062256e-01,8.252435177564620972e-02,1.294607818126678467e-01,4.267665445804595947e-01,-2.470912486314773560e-01,-8.505719900131225586e-02,3.291309475898742676e-01,3.719766810536384583e-02,-8.168428391218185425e-02,-1.977534964680671692e-02,-1.639137715101242065e-01,-2.890449762344360352e-02,-1.971440203487873077e-02,-5.214491486549377441e-02,1.042577028274536133e-01,1.229971647262573242e-01,-1.494123190641403198e-01,2.070776522159576416e-01,1.230198144912719727e-01,2.646068930625915527e-01,2.735614180564880371e-01,6.230534985661506653e-02,4.502643048763275146e-01,5.500416755676269531e-01,2.507277429103851318e-01,3.310805261135101318e-01,4.273201227188110352e-01,-6.193403899669647217e-02,6.129528954625129700e-02
-1.321596056222915649e-01,5.366430282592773438e-01,1.751434989273548126e-02,-2.885649725794792175e-02,2.431963682174682617e-01,2.439260035753250122e-01,4.855784475803375244e-01,-1.586952507495880127e-01,1.470671445131301880e-01,2.617728710174560547e-01,-2.081777453422546387e-01,-4.568049311637878418e-02,2.851479649543762207e-01,6.600883603096008301e-02,4.790217056870460510e-02,5.194147229194641113e-01,4.746257066726684570e-01,6.842917203903198242e-01,1.000000000000000000e+00,7.459775209426879883e-01,1.329554021358489990e-01,-6.718683242797851562e-02,1.414911448955535889e-01,-8.178690075874328613e-02,-1.647104769945144653e-01,4.365559816360473633e-01,-2.961575798690319061e-02,-6.986660510301589966e-02,8.841206878423690796e-02,-1.927049309015274048e-01,-7.369194924831390381e-02,5.358140915632247925e-02,-1.378901898860931396e-01,-5.536464601755142212e-02,1.422093249857425690e-02,-6.332435458898544312e-02,8.115536719560623169e-02,2.465554326772689819e-02,1.606208235025405884e-01,9.698580950498580933e-02,2.721124589443206787e-01,6.045556664466857910e-01,6.204499006271362305e-01,2.663180828094482422e-01,3.556777536869049072e-01,3.589482307434082031e-01,6.215961650013923645e-02,6.400278210639953613e-02
-6.208201125264167786e-02,6.029773354530334473e-01,1.954171508550643921e-01,6.614116579294204712e-02,3.492902219295501709e-01,2.913796305656433105e-01,3.243185281753540039e-01,-1.310937255620956421e-01,1.360072791576385498e-01,1.843909770250320435e-01,-2.071560919284820557e-01,7.942193746566772461e-02,3.959213793277740479e-01,1.547409892082214355e-01,7.998198270797729492e-02,4.188889265060424805e-01,2.546193897724151611e-01,4.860630929470062256e-01,7.459775209426879883e-01,1.000000000000000000e+00,4.560943841934204102e-01,-1.463776677846908569e-01,-1.063528377562761307e-02,-2.904528751969337463e-02,-1.750539988279342651e-01,4.255762696266174316e-01,1.143486425280570984e-02,4.520095512270927429e-02,2.027394920587539673e-01,-3.832440823316574097e-02,-9.580640122294425964e-03,1.090895831584930420e-01,-9.347300976514816284e-02,-4.535972326993942261e-02,-2.017282694578170776e-02,-4.996311292052268982e-02,6.907689571380615234e-02,-1.623974554240703583e-02,6.381968408823013306e-02,-3.591239824891090393e-02,4.069850444793701172e-01,5.377657413482666016e-01,5.191527605056762695e-01,2.022216916084289551e-01,3.551816642284393311e-01,2.382388561964035034e-01,5.344269797205924988e-02,1.166370790451765060e-02
1.278916597366333008e-01,2.091364413499832153e-01,5.043839812278747559e-01,3.823422193527221680e-01,3.843800723552703857e-01,3.922047019004821777e-01,3.220646828413009644e-02,-3.693651035428047180e-02,1.002455055713653564e-01,-2.564274333417415619e-02,2.073177397251129150e-01,5.114950537681579590e-01,3.729250133037567139e-01,3.195966780185699463e-01,2.339804172515869141e-01,3.655291721224784851e-02,3.895291313529014587e-02,8.252435177564620972e-02,1.329554021358489990e-01,4.560943841934204102e-01,1.000000000000000000e+00,1.224740818142890930e-01,-1.803150326013565063e-01,-4.522924125194549561e-02,-4.754417762160301208e-02,2.915967628359794617e-02,9.211961179971694946e-02,2.163340896368026733e-01,1.713546365499496460e-01,3.202854096889495850e-01,1.917922347784042358e-01,2.511532604694366455e-02,2.777627855539321899e-02,4.137160629034042358e-02,-9.061542153358459473e-02,-1.631189137697219849e-01,1.231349706649780273e-01,-2.855033986270427704e-02,-9.495494514703750610e-02,-2.097585052251815796e-01,2.163087725639343262e-01,6.578215956687927246e-02,6.465841084718704224e-02,-7.616091519594192505e-02,1.590870320796966553e-01,-4.266684874892234802e-02,-1.238984018564224243e-01,-8.592457324266433716e-02
-2.165147662162780762e-02,-6.230136379599571228e-02,1.866063177585601807e-01,4.580557048320770264e-01,-6.687892973423004150e-02,1.013050451874732971e-01,2.412761896848678589e-01,-6.839802861213684082e-02,1.378268450498580933e-01,9.046347439289093018e-02,2.897091209888458252e-01,2.809192240238189697e-01,1.411612927913665771e-01,4.032387211918830872e-02,2.036509215831756592e-01,1.214290782809257507e-01,2.100947201251983643e-01,1.294607818126678467e-01,-6.718683242797851562e-02,-1.463776677846908569e-01,1.224740818142890930e-01,1.000000000000000000e+00,8.918098360300064087e-02,9.408308565616607666e-02,4.390928428620100021e-03,-5.877139791846275330e-02,4.559781774878501892e-02,1.412705797702074051e-02,-6.091482937335968018e-02,2.435008138418197632e-01,3.976268470287322998e-01,1.365560740232467651e-01,-7.164610177278518677e-02,1.534837186336517334e-01,9.434553980827331543e-02,9.887114167213439941e-02,1.480453312397003174e-01,3.320162296295166016e-01,7.091250270605087280e-02,1.319537162780761719e-01,-2.328252196311950684e-01,-3.090365044772624969e-02,2.749096415936946869e-02,-7.743664830923080444e-02,1.789623796939849854e-01,6.538468599319458008e-02,1.471633464097976685e-01,5.974815785884857178e-02
2.783360518515110016e-02,1.243552044034004211e-01,-2.240942092612385750e-03,-2.494983971118927002e-01,-5.091648548841476440e-02,-7.362070679664611816e-02,1.394172012805938721e-01,1.678736507892608643e-01,2.801699042320251465e-01,2.237558066844940186e-01,1.306008845567703247e-01,6.849209219217300415e-02,2.093657553195953369e-01,2.318621724843978882e-01,9.641008824110031128e-02,5.353852510452270508e-01,1.800010055303573608e-01,4.267665445804595947e-01,1.414911448955535889e-01,-1.063528377562761307e-02,-1.803150326013565063e-01,8.918098360300064087e-02,1.000000000000000000e+00,-3.196549117565155029e-01,7.188636809587478638e-02,1.366379112005233765e-01,1.096059679985046387e-01,-8.137909695506095886e-03,-3.860620781779289246e-03,-1.522530019283294678e-01,-6.189113110303878784e-02,-2.567589469254016876e-02,7.818526774644851685e-02,2.065940946340560913e-01,7.586168497800827026e-02,-1.707029789686203003e-01,2.437951564788818359e-01,2.152304202318191528e-01,5.644763708114624023e-01,5.886906385421752930e-01,-5.912063643336296082e-03,1.154839396476745605e-01,1.994338482618331909e-01,9.579340368509292603e-02,5.016107484698295593e-02,1.489289402961730957e-01,-8.774085342884063721e-02,2.596503794193267822e-01
-1.681191772222518921e-01,1.458048969507217407e-01,-1.324774920940399170e-01,5.313764140009880066e-02,-5.343024060130119324e-02,8.500960469245910645e-02,3.164452314376831055e-02,-2.170845270156860352e-01,-1.308432370424270630e-01,6.385828834027051926e-03,-1.857209503650665283e-01,-1.275359094142913818e-01,-1.366806328296661377e-01,-2.308250665664672852e-01,-1.696934849023818970e-01,-3.123891055583953857e-01,-2.756905555725097656e-02,-2.470912486314773560e-01,-8.178690075874328613e-02,-2.904528751969337463e-02,-4.522924125194549561e-02,9.408308565616607666e-02,-3.196549117565155029e-01,1.000000000000000000e+00,-1.704407781362533569e-01,1.674074679613113403e-01,-1.787851899862289429e-01,-5.419616401195526123e-02,7.935832440853118896e-02,1.511207818984985352e-01,2.048183679580688477e-01,5.637308955192565918e-01,-1.469962298870086670e-01,6.021840497851371765e-02,2.023174464702606201e-01,7.586078047752380371e-01,-9.341061860322952271e-02,7.100585848093032837e-02,2.063806727528572083e-02,-1.922324299812316895e-02,5.002618208527565002e-02,1.449426710605621338e-01,6.349052488803863525e-02,1.702349483966827393e-01,2.258791625499725342e-01,1.229982078075408936e-01,7.287191152572631836e-01,3.175217807292938232e-01
8.355355858802795410e-01,1.000255867838859558e-01,1.497213095426559448e-01,1.726453751325607300e-01,3.797553777694702148e-01,1.665748208761215210e-01,-1.852471008896827698e-02,7.552888393402099609e-01,3.388825356960296631e-01,-1.203731223940849304e-01,3.301911354064941406e-01,2.217143075540661812e-03,-7.275086641311645508e-02,1.466353982686996460e-01,-5.742758885025978088e-02,-1.149065569043159485e-01,-5.883251875638961792e-02,-8.505719900131225586e-02,-1.647104769945144653e-01,-1.750539988279342651e-01,-4.754417762160301208e-02,4.390928428620100021e-03,7.188636809587478638e-02,-1.704407781362533569e-01,1.000000000000000000e+00,-1.436195820569992065e-01,8.212770819664001465e-01,7.582852840423583984e-01,5.902746319770812988e-01,-1.087995395064353943e-01,-2.531513571739196777e-01,-2.497817128896713257e-01,8.633121252059936523e-01,1.971109509468078613e-01,-3.490886837244033813e-02,-3.064163327217102051e-01,-1.035899445414543152e-01,-2.612826526165008545e-01,-3.508611917495727539e-01,-1.310037225484848022e-01,4.018208980560302734e-01,-6.930147111415863037e-02,-1.944883912801742554e-01,-3.858198225498199463e-02,-1.154621243476867676e-01,2.535710670053958893e-02,-2.870557308197021484e-01,3.987610712647438049e-02
-7.870102673768997192e-02,4.875187575817108154e-01,2.398127615451812744e-01,5.024743080139160156e-02,7.439023256301879883e-02,1.867945641279220581e-01,6.365371346473693848e-01,-8.967314660549163818e-02,1.072240248322486877e-01,2.416995167732238770e-01,-2.096557766199111938e-01,-1.175096258521080017e-01,1.398364752531051636e-01,1.344442665576934814e-01,-5.144898965954780579e-02,1.523250490427017212e-01,4.178758263587951660e-01,3.291309475898742676e-01,4.365559816360473633e-01,4.255762696266174316e-01,2.915967628359794617e-02,-5.877139791846275330e-02,1.366379112005233765e-01,1.674074679613113403e-01,-1.436195820569992065e-01,1.000000000000000000e+00,3.572674235329031944e-03,2.476326748728752136e-02,2.214369922876358032e-01,-9.096183627843856812e-02,-6.979238241910934448e-03,3.305425643920898438e-01,-1.068778857588768005e-01,-1.072589159011840820e-01,8.171801269054412842e-02,1.699559986591339111e-01,-1.953828521072864532e-02,8.059682697057723999e-02,2.043597251176834106e-01,1.724277883768081665e-01,3.099316954612731934e-01,5.287488102912902832e-01,3.826085925102233887e-01,1.659307330846786499e-01,2.610720694065093994e-01,2.818816602230072021e-01,2.505129575729370117e-01,2.330998033285140991e-01
7.729682326316833496e-01,2.460894435644149780e-01,2.566716372966766357e-01,2.032573223114013672e-01,4.190528988838195801e-01,2.401287406682968140e-01,8.419498801231384277e-02,6.861809492111206055e-01,3.745062947273254395e-01,-5.959834530949592590e-02,3.048469722270965576e-01,7.890017330646514893e-02,4.438944533467292786e-02,2.740414738655090332e-01,3.820439800620079041e-02,9.974420070648193359e-03,1.727909408509731293e-02,3.719766810536384583e-02,-2.961575798690319061e-02,1.143486425280570984e-02,9.211961179971694946e-02,4.559781774878501892e-02,1.096059679985046387e-01,-1.787851899862289429e-01,8.212770819664001465e-01,3.572674235329031944e-03,1.000000000000000000e+00,7.298784255981445312e-01,5.893135070800781250e-01,-1.201555132865905762e-01,-2.408685237169265747e-01,-2.064105868339538574e-01,8.111011981964111328e-01,1.702167540788650513e-01,1.722314208745956421e-02,-2.966533899307250977e-01,-3.119658678770065308e-02,-1.655135452747344971e-01,-2.210344523191452026e-01,-9.000681340694427490e-02,4.507937431335449219e-01,3.052797168493270874e-02,-9.710472822189331055e-02,-4.847960546612739563e-02,3.864878416061401367e-02,9.294372051954269409e-02,-2.660038173198699951e-01,2.248674631118774414e-02
8.490076065063476562e-01,3.253438174724578857e-01,3.503527641296386719e-01,3.156804144382476807e-01,5.075052380561828613e-01,3.647375702857971191e-01,1.175304874777793884e-01,6.774264574050903320e-01,3.407342731952667236e-01,-9.812050312757492065e-02,2.689975202083587646e-01,8.149272203445434570e-02,2.778552658855915070e-02,2.266011536121368408e-01,-6.687334179878234863e-02,-1.528343856334686279e-01,2.122821845114231110e-02,-8.168428391218185425e-02,-6.986660510301589966e-02,4.520095512270927429e-02,2.163340896368026733e-01,1.412705797702074051e-02,-8.137909695506095886e-03,-5.419616401195526123e-02,7.582852840423583984e-01,2.476326748728752136e-02,7.298784255981445312e-01,1.000000000000000000e+00,8.094292879104614258e-01,-2.002066560089588165e-02,-2.015145421028137207e-01,-7.743261009454727173e-02,7.680694460868835449e-01,1.113971471786499023e-01,-4.481772333383560181e-02,-2.236122041940689087e-01,-1.087628528475761414e-01,-2.746530175209045410e-01,-3.365279138088226318e-01,-1.329151391983032227e-01,6.160083413124084473e-01,1.005563214421272278e-01,-8.992167562246322632e-02,3.090003691613674164e-02,-4.539448395371437073e-02,5.491029936820268631e-03,-1.690854877233505249e-01,7.091499865055084229e-02
6.947849988937377930e-01,4.789130389690399170e-01,2.552661895751953125e-01,2.348123490810394287e-01,4.770918488502502441e-01,3.808141648769378662e-01,1.817083507776260376e-01,5.232111811637878418e-01,2.880513072013854980e-01,-9.956946969032287598e-02,8.170795440673828125e-02,-6.862750649452209473e-02,-2.732576569542288780e-03,1.475115716457366943e-01,-1.966196894645690918e-01,-1.149547472596168518e-01,2.890753187239170074e-02,-1.977534964680671692e-02,8.841206878423690796e-02,2.027394920587539673e-01,1.713546365499496460e-01,-6.091482937335968018e-02,-3.860620781779289246e-03,7.935832440853118896e-02,5.902746319770812988e-01,2.214369922876358032e-01,5.893135070800781250e-01,8.094292879104614258e-01,1.000000000000000000e+00,5.287789180874824524e-02,-1.098699495196342468e-01,8.483237773180007935e-02,6.100494861602783203e-01,6.538617610931396484e-02,2.804181538522243500e-02,-9.434192627668380737e-02,-1.698471754789352417e-01,-2.676836550235748291e-01,-2.523298263549804688e-01,-1.069783344864845276e-01,6.831553578376770020e-01,2.677959203720092773e-01,2.515417151153087616e-02,1.266381293535232544e-01,1.896451599895954132e-02,2.712822705507278442e-02,-2.209691889584064484e-02,8.403749018907546997e-02
-1.408323794603347778e-01,-4.113625735044479370e-02,3.945486620068550110e-02,1.140643134713172913e-01,-4.398087784647941589e-02,5.196840502321720123e-03,-1.614484190940856934e-01,-1.924369931221008301e-01,1.879507116973400116e-02,-8.955270797014236450e-02,1.820928901433944702e-01,2.267825007438659668e-01,9.394445270299911499e-02,-4.515450447797775269e-02,7.677580416202545166e-02,-1.361752748489379883e-01,-1.114209070801734924e-01,-1.639137715101242065e-01,-1.927049309015274048e-01,-3.832440823316574097e-02,3.202854096889495850e-01,2.435008138418197632e-01,-1.522530019283294678e-01,1.511207818984985352e-01,-1.087995395064353943e-01,-9.096183627843856812e-02,-1.201555132865905762e-01,-2.002066560089588165e-02,5.287789180874824524e-02,1.000000000000000000e+00,7.018042206764221191e-01,1.980510652065277100e-01,-1.390433460474014282e-01,8.338404446840286255e-02,5.651877447962760925e-02,1.265691071748733521e-01,8.614990115165710449e-02,2.043959945440292358e-01,-7.739903870970010757e-03,-1.354402303695678711e-01,-1.138561740517616272e-01,-8.576689660549163818e-02,-2.928632311522960663e-02,-2.025688067078590393e-02,5.245950073003768921e-02,-1.165326088666915894e-01,2.189531549811363220e-02,-1.336947381496429443e-01
-3.061020076274871826e-01,-4.677220247685909271e-03,-3.962727263569831848e-02,1.498965770006179810e-01,-1.396415233612060547e-01,-4.424952343106269836e-02,-2.909141825512051582e-03,-2.791797816753387451e-01,-6.320348381996154785e-02,-1.482240390032529831e-02,3.820779174566268921e-02,4.659963026642799377e-02,1.097847744822502136e-01,-1.482049077749252319e-01,1.190466806292533875e-03,-6.104959547519683838e-02,9.942715987563133240e-04,-2.890449762344360352e-02,-7.369194924831390381e-02,-9.580640122294425964e-03,1.917922347784042358e-01,3.976268470287322998e-01,-6.189113110303878784e-02,2.048183679580688477e-01,-2.531513571739196777e-01,-6.979238241910934448e-03,-2.408685237169265747e-01,-2.015145421028137207e-01,-1.098699495196342468e-01,7.018042206764221191e-01,1.000000000000000000e+00,3.560739457607269287e-01,-3.007525503635406494e-01,9.501086920499801636e-02,1.581576615571975708e-01,2.125650942325592041e-01,1.088833063840866089e-01,2.770110964775085449e-01,5.881874263286590576e-02,-3.385321795940399170e-02,-2.279874235391616821e-01,8.122172206640243530e-03,1.444289535284042358e-01,1.430003251880407333e-02,1.726244837045669556e-01,-9.736943989992141724e-03,2.162313759326934814e-01,-1.693486571311950684e-01
-2.080490589141845703e-01,2.295087575912475586e-01,-6.086309999227523804e-02,-1.416825130581855774e-02,-9.669160097837448120e-02,7.051280140876770020e-02,1.646868586540222168e-01,-2.030673027038574219e-01,-2.451286651194095612e-02,1.426552534103393555e-01,-1.830304265022277832e-01,-1.114763021469116211e-01,2.976445667445659637e-02,-1.318139284849166870e-01,-1.535097360610961914e-01,-8.527401089668273926e-02,1.095276698470115662e-01,-1.971440203487873077e-02,5.358140915632247925e-02,1.090895831584930420e-01,2.511532604694366455e-02,1.365560740232467651e-01,-2.567589469254016876e-02,5.637308955192565918e-01,-2.497817128896713257e-01,3.305425643920898438e-01,-2.064105868339538574e-01,-7.743261009454727173e-02,8.483237773180007935e-02,1.980510652065277100e-01,3.560739457607269287e-01,1.000000000000000000e+00,-2.264561057090759277e-01,-2.793291211128234863e-02,2.937911152839660645e-01,5.442147850990295410e-01,-6.728749722242355347e-02,1.537054777145385742e-01,2.647081315517425537e-01,1.042907163500785828e-01,4.962279275059700012e-02,2.690633535385131836e-01,2.243695855140686035e-01,1.989687234163284302e-01,1.695946305990219116e-01,1.640845239162445068e-01,7.144404053688049316e-01,7.027851790189743042e-02
