1.000000000000000000e+00,1.773675531148910522e-01,1.796466112136840820e-01,1.203012317419052124e-01,3.736742734909057617e-01,1.593348681926727295e-01,1.174032911658287048e-01,6.266642808914184570e-01,4.148948788642883301e-01,9.823358803987503052e-02,3.726168274879455566e-01,1.168915331363677979e-01,4.617426171898841858e-02,5.531116127967834473e-01,1.606444269418716431e-01,2.083967924118041992e-01,3.945971429347991943e-01,3.962380886077880859e-01,5.646353363990783691e-01,4.488810002803802490e-01,2.055116891860961914e-01,-1.950634717941284180e-01,1.977569758892059326e-01,-1.786731183528900146e-01,4.206598699092864990e-01,1.082216724753379822e-01,4.863447546958923340e-01,3.489790558815002441e-01,1.507717370986938477e-01,-9.837526082992553711e-02,-2.233001738786697388e-01,-1.438830643892288208e-01,4.542367458343505859e-01,3.657259345054626465e-01,-5.295722931623458862e-02,-1.962905377149581909e-01,6.052979826927185059e-01,1.932273209095001221e-01,2.307458221912384033e-01,-3.569969534873962402e-02,1.919057220220565796e-01,4.743063822388648987e-02,1.841524690389633179e-01,4.544015526771545410e-01,-3.797160461544990540e-02,1.145275831222534180e-01,-1.095241755247116089e-01,-8.397327363491058350e-02
1.773675531148910522e-01,1.000000000000000000e+00,3.384262323379516602e-02,1.525987833738327026e-01,3.475212752819061279e-01,3.194223046302795410e-01,4.602889716625213623e-01,1.637116819620132446e-01,5.206896662712097168e-01,5.101008415222167969e-01,1.848452985286712646e-01,5.025405287742614746e-01,4.369908869266510010e-01,-9.103792160749435425e-02,4.173599183559417725e-01,4.372250139713287354e-01,3.670822978019714355e-01,4.323719739913940430e-01,3.027297258377075195e-01,2.784222960472106934e-01,3.570317327976226807e-01,2.375420778989791870e-01,1.542988233268260956e-02,-9.855229407548904419e-03,-1.302728354930877686e-01,5.728391557931900024e-02,2.169754505157470703e-01,3.925517201423645020e-03,3.104252368211746216e-02,2.830839455127716064e-01,2.771446406841278076e-01,-8.564490824937820435e-02,4.144886434078216553e-01,3.940941691398620605e-01,7.695738971233367920e-02,1.015173047780990601e-01,6.888525933027267456e-02,5.009398460388183594e-01,4.730857908725738525e-01,2.087007761001586914e-01,6.370191574096679688e-01,6.162656545639038086e-01,2.908463180065155029e-01,5.369737744331359863e-01,4.504618942737579346e-01,4.591603875160217285e-01,-4.461649805307388306e-02,-9.606945328414440155e-03
1.796466112136840820e-01,3.384262323379516602e-02,1.000000000000000000e+00,6.304876208305358887e-01,2.462454885244369507e-01,3.152745962142944336e-01,3.953910470008850098e-01,-7.525683194398880005e-02,-1.345584690570831299e-01,2.455447018146514893e-01,-4.886785894632339478e-02,1.134076863527297974e-01,2.244363576173782349e-01,8.432333916425704956e-02,1.759311258792877197e-01,4.220041260123252869e-02,2.001561820507049561e-01,-6.347145885229110718e-02,5.693777278065681458e-02,7.025671005249023438e-02,9.145487099885940552e-02,4.240584000945091248e-02,6.033756956458091736e-02,-5.259079858660697937e-03,2.062337696552276611e-01,3.214803338050842285e-01,-2.756348438560962677e-02,5.197415947914123535e-01,4.175915718078613281e-01,7.558209449052810669e-02,2.455760911107063293e-02,-1.940554939210414886e-02,-7.647380977869033813e-02,5.702229216694831848e-02,3.456535041332244873e-01,9.583471715450286865e-02,-1.262289881706237793e-01,1.099634245038032532e-01,-1.842820048332214355e-01,1.046671122312545776e-01,3.066494874656200409e-02,1.916720122098922729e-01,3.596275746822357178e-01,-5.668423324823379517e-02,1.442757546901702881e-01,2.612089812755584717e-01,-3.748503327369689941e-02,4.019201174378395081e-02
1.203012317419052124e-01,1.525987833738327026e-01,6.304876208305358887e-01,1.000000000000000000e+00,4.264287054538726807e-01,5.204557180404663086e-01,5.325661301612854004e-01,-9.313812851905822754e-02,-1.302298456430435181e-01,4.947348833084106445e-01,-1.394466608762741089e-01,2.756941020488739014e-01,5.035293102264404297e-01,7.159332185983657837e-02,1.936384886503219604e-01,1.610115915536880493e-01,4.304645061492919922e-01,6.656853109598159790e-02,1.204640939831733704e-01,2.351992577314376831e-01,2.109598219394683838e-01,1.958994120359420776e-01,2.391300052404403687e-01,3.294159099459648132e-02,3.039322197437286377e-01,2.011579573154449463e-01,-1.155675575137138367e-01,4.151909053325653076e-01,3.857425451278686523e-01,2.216328680515289307e-01,9.798090904951095581e-02,-1.667849346995353699e-02,-1.285253614187240601e-01,5.037896335124969482e-03,1.248743459582328796e-01,2.222463637590408325e-01,-1.380125433206558228e-01,1.600605696439743042e-01,-2.377930283546447754e-02,1.981449425220489502e-01,1.367536038160324097e-01,3.825295865535736084e-01,6.457760930061340332e-01,-2.972228452563285828e-02,3.238602280616760254e-01,5.107583403587341309e-01,-3.726079687476158142e-02,6.157102063298225403e-02
3.736742734909057617e-01,3.475212752819061279e-01,2.462454885244369507e-01,4.264287054538726807e-01,1.000000000000000000e+00,5.114237070083618164e-01,3.094129264354705811e-01,2.174704670906066895e-01,2.782019376754760742e-01,3.568367063999176025e-01,1.679895371198654175e-01,3.285087943077087402e-01,4.422292709350585938e-01,1.553625464439392090e-01,2.915855050086975098e-01,4.389500319957733154e-01,2.710681855678558350e-01,2.598833143711090088e-01,2.461064755916595459e-01,3.870548903942108154e-01,4.249076843261718750e-01,9.465356171131134033e-02,1.557115614414215088e-01,5.641284957528114319e-02,2.622296810150146484e-01,7.860472053289413452e-02,9.807548671960830688e-02,2.078736126422882080e-01,1.065778583288192749e-01,-2.892595343291759491e-02,-5.046827718615531921e-02,1.816689968109130859e-02,2.406866848468780518e-01,1.645364910364151001e-01,-7.189090549945831299e-02,-1.258584260940551758e-01,5.059878900647163391e-02,2.626989781856536865e-01,1.215244457125663757e-01,2.386580780148506165e-02,4.413184523582458496e-01,3.967698216438293457e-01,4.824274182319641113e-01,3.644526600837707520e-01,1.495608389377593994e-01,3.733355700969696045e-01,8.404515683650970459e-02,2.048111557960510254e-01
1.593348681926727295e-01,3.194223046302795410e-01,3.152745962142944336e-01,5.204557180404663086e-01,5.114237070083618164e-01,1.000000000000000000e+00,3.106375932693481445e-01,-1.462207287549972534e-01,-2.301376871764659882e-02,4.724906682968139648e-01,-1.054675951600074768e-01,3.828213512897491455e-01,5.373027920722961426e-01,-5.643516406416893005e-02,3.807419538497924805e-01,4.920572638511657715e-01,1.698960214853286743e-01,2.667163126170635223e-02,-3.542643785476684570e-02,5.690672248601913452e-02,2.241965830326080322e-01,3.229065537452697754e-01,1.143434643745422363e-01,9.563344717025756836e-02,3.446408808231353760e-01,1.559839248657226562e-01,3.143502771854400635e-01,4.312182366847991943e-01,3.001823425292968750e-01,1.647881232202053070e-02,3.761194646358489990e-02,-4.786961898207664490e-02,1.780726611614227295e-01,8.197268098592758179e-02,3.253017365932464600e-02,2.790824472904205322e-01,-2.788781821727752686e-01,3.859599530696868896e-01,3.087892942130565643e-02,1.973545104265213013e-01,4.616244137287139893e-01,5.511487722396850586e-01,4.185354411602020264e-01,-2.334320731461048126e-02,3.590804338455200195e-01,5.525025725364685059e-01,2.143681421875953674e-02,1.629436016082763672e-01
1.174032911658287048e-01,4.602889716625213623e-01,3.953910470008850098e-01,5.325661301612854004e-01,3.094129264354705811e-01,3.106375932693481445e-01,1.000000000000000000e+00,6.941752135753631592e-02,1.336396932601928711e-01,4.385611712932586670e-01,5.083861760795116425e-03,3.593379855155944824e-01,4.887918829917907715e-01,-7.580894045531749725e-03,3.005113005638122559e-01,3.278745412826538086e-01,6.087582111358642578e-01,3.742686510086059570e-01,2.757952809333801270e-01,3.175830245018005371e-01,3.691094815731048584e-01,1.236617416143417358e-01,1.059813722968101501e-01,1.345390547066926956e-02,8.433941006660461426e-02,1.506820768117904663e-01,2.317512966692447662e-02,2.018979936838150024e-01,2.258509248495101929e-01,4.676355719566345215e-01,2.636439800262451172e-01,-9.326961636543273926e-02,1.495195925235748291e-01,2.923486530780792236e-01,1.427225023508071899e-01,1.277420371770858765e-01,-2.915374375879764557e-02,3.002758622169494629e-01,2.074502706527709961e-01,1.098537966609001160e-01,3.477196097373962402e-01,5.228890180587768555e-01,4.736716449260711670e-01,2.243043035268783569e-01,3.361604809761047363e-01,4.561464488506317139e-01,-7.227976620197296143e-02,-1.600693762302398682e-01
6.266642808914184570e-01,1.637116819620132446e-01,-7.525683194398880005e-02,-9.313812851905822754e-02,2.174704670906066895e-01,-1.462207287549972534e-01,6.941752135753631592e-02,1.000000000000000000e+00,5.152536630630493164e-01,-3.120730444788932800e-02,6.457521319389343262e-01,1.377172619104385376e-01,-8.210460841655731201e-02,6.777905225753784180e-01,2.161145061254501343e-01,9.790029376745223999e-02,3.779969513416290283e-01,4.409186542034149170e-01,4.935154318809509277e-01,3.992645740509033203e-01,1.145080924034118652e-01,-2.622291147708892822e-01,2.530814707279205322e-01,-2.158776074647903442e-01,3.472962379455566406e-01,6.132637709379196167e-02,3.123935759067535400e-01,-4.093386232852935791e-02,-1.497273147106170654e-01,-8.923784643411636353e-02,-1.470746695995330811e-01,-7.652078568935394287e-02,4.843597114086151123e-01,3.670198619365692139e-01,-2.234947234392166138e-01,-2.721825242042541504e-01,7.461448311805725098e-01,1.760512739419937134e-01,2.542778551578521729e-01,-7.698990404605865479e-02,6.093120202422142029e-02,-1.954734325408935547e-02,-1.435153093189001083e-02,5.382546186447143555e-01,-8.492626249790191650e-02,-9.430891275405883789e-02,-9.479223191738128662e-02,-2.247751802206039429e-01
4.148948788642883301e-01,5.206896662712097168e-01,-1.345584690570831299e-01,-1.302298456430435181e-01,2.782019376754760742e-01,-2.301376871764659882e-02,1.336396932601928711e-01,5.152536630630493164e-01,1.000000000000000000e+00,2.406500875949859619e-01,5.579583048820495605e-01,3.558017611503601074e-01,8.212991058826446533e-02,2.333077341318130493e-01,3.402352929115295410e-01,2.554909288883209229e-01,2.952831387519836426e-01,5.037283301353454590e-01,5.413562655448913574e-01,4.299757778644561768e-01,2.751179635524749756e-01,-4.786902293562889099e-02,2.053138054907321930e-02,-1.843257844448089600e-01,-2.117342129349708557e-02,3.436392918229103088e-02,2.067471444606781006e-01,-2.031329721212387085e-01,-1.176752597093582153e-01,3.220107778906822205e-02,6.667421199381351471e-03,-6.224259734153747559e-02,4.747270047664642334e-01,3.974368870258331299e-01,-8.223622292280197144e-02,-2.998539805412292480e-01,4.660134613513946533e-01,4.160303175449371338e-01,4.968397319316864014e-01,4.319883882999420166e-02,3.273336887359619141e-01,2.588447034358978271e-01,7.761700451374053955e-02,7.432004213333129883e-01,1.834523379802703857e-01,1.774474978446960449e-01,-8.213564008474349976e-02,-1.086859554052352905e-01
9.823358803987503052e-02,5.101008415222167969e-01,2.455447018146514893e-01,4.947348833084106445e-01,3.568367063999176025e-01,4.724906682968139648e-01,4.385611712932586670e-01,-3.120730444788932800e-02,2.406500875949859619e-01,1.000000000000000000e+00,5.373949557542800903e-02,7.486610412597656250e-01,6.770558953285217285e-01,-2.797822700813412666e-03,5.591524243354797363e-01,3.550150096416473389e-01,3.918521702289581299e-01,2.905379831790924072e-01,1.717026382684707642e-01,2.668254375457763672e-01,2.493010461330413818e-01,3.137921690940856934e-01,1.126687228679656982e-01,-4.192357137799263000e-02,9.497841447591781616e-02,6.064856797456741333e-02,-2.724078856408596039e-02,1.360231339931488037e-01,1.143064051866531372e-01,1.320384442806243896e-01,1.704114228487014771e-01,-1.332248300313949585e-01,1.057287305593490601e-01,1.332246810197830200e-01,1.036118566989898682e-01,2.355085164308547974e-01,-4.918785020709037781e-02,4.230695068836212158e-01,2.005748301744461060e-01,3.071338832378387451e-01,3.614867329597473145e-01,7.169085741043090820e-01,5.912215113639831543e-01,2.238517254590988159e-01,6.537663936614990234e-01,8.085269927978515625e-01,-1.125579848885536194e-01,1.251745969057083130e-01
3.726168274879455566e-01,1.848452985286712646e-01,-4.886785894632339478e-02,-1.394466608762741089e-01,1.679895371198654175e-01,-1.054675951600074768e-01,5.083861760795116425e-03,6.457521319389343262e-01,5.579583048820495605e-01,5.373949557542800903e-02,1.000000000000000000e+00,2.873145937919616699e-01,-2.246265485882759094e-02,4.779404699802398682e-01,3.664362728595733643e-01,8.620396256446838379e-02,2.166477143764495850e-01,3.674291968345642090e-01,3.351705074310302734e-01,2.879200875759124756e-01,1.249686256051063538e-01,-7.600535452365875244e-02,1.722514778375625610e-01,-1.450175046920776367e-01,2.304434180259704590e-01,-1.120296027511358261e-02,2.690446376800537109e-01,-1.816636472940444946e-01,-2.078193426132202148e-01,-1.602903157472610474e-01,-2.246879599988460541e-02,8.074834942817687988e-02,4.752806127071380615e-01,3.311010599136352539e-01,-1.184982582926750183e-01,-2.927901446819305420e-01,4.409806430339813232e-01,2.210158407688140869e-01,1.557811200618743896e-01,2.545763552188873291e-02,8.461707830429077148e-02,8.103580772876739502e-02,-4.688779637217521667e-02,4.419917464256286621e-01,2.865271270275115967e-02,-5.780221894383430481e-02,-4.645097255706787109e-02,-1.557254791259765625e-01
1.168915331363677979e-01,5.025405287742614746e-01,1.134076863527297974e-01,2.756941020488739014e-01,3.285087943077087402e-01,3.828213512897491455e-01,3.593379855155944824e-01,1.377172619104385376e-01,3.558017611503601074e-01,7.486610412597656250e-01,2.873145937919616699e-01,1.000000000000000000e+00,5.391731858253479004e-01,4.443622007966041565e-02,7.426351904869079590e-01,4.587632417678833008e-01,3.267725110054016113e-01,3.382340073585510254e-01,7.637426257133483887e-02,1.930674165487289429e-01,2.240097671747207642e-01,2.192946523427963257e-01,5.177843943238258362e-02,-1.096035316586494446e-01,1.734523475170135498e-01,2.615458145737648010e-02,1.283918619155883789e-01,7.733745872974395752e-02,7.913220673799514771e-02,1.108973398804664612e-01,1.149390637874603271e-01,-1.212506741285324097e-01,3.261032700538635254e-01,2.968329489231109619e-01,7.606766372919082642e-02,5.532148852944374084e-02,-2.095246501266956329e-02,4.896441996097564697e-01,2.135961949825286865e-01,1.781082749366760254e-01,3.689247667789459229e-01,6.653300523757934570e-01,3.374942541122436523e-01,2.790361642837524414e-01,5.586408376693725586e-01,6.214601397514343262e-01,-1.266524493694305420e-01,7.368668913841247559e-02
4.617426171898841858e-02,4.369908869266510010e-01,2.244363576173782349e-01,5.035293102264404297e-01,4.422292709350585938e-01,5.373027920722961426e-01,4.887918829917907715e-01,-8.210460841655731201e-02,8.212991058826446533e-02,6.770558953285217285e-01,-2.246265485882759094e-02,5.391731858253479004e-01,1.000000000000000000e+00,-9.407339245080947876e-02,4.318011403083801270e-01,5.349566340446472168e-01,3.550194501876831055e-01,2.293107360601425171e-01,1.360823363065719604e-01,3.104155659675598145e-01,4.974763095378875732e-01,2.692609727382659912e-01,3.212122619152069092e-01,1.155320107936859131e-01,5.224717780947685242e-02,6.384040694683790207e-03,1.057380926795303822e-03,1.676164567470550537e-01,1.857134550809860229e-01,1.715289950370788574e-01,8.523387461900711060e-02,-1.248364374041557312e-01,1.620512306690216064e-01,1.273745596408843994e-01,1.166198924183845520e-01,3.310835957527160645e-01,-1.787944138050079346e-01,3.768076598644256592e-01,1.570913791656494141e-01,3.069502413272857666e-01,3.393883705139160156e-01,7.145171165466308594e-01,5.927962660789489746e-01,1.420681327581405640e-01,5.867967605590820312e-01,6.904382109642028809e-01,-6.601809058338403702e-03,1.151740327477455139e-01
5.531116127967834473e-01,-9.103792160749435425e-02,8.432333916425704956e-02,7.159332185983657837e-02,1.553625464439392090e-01,-5.643516406416893005e-02,-7.580894045531749725e-03,6.777905225753784180e-01,2.333077341318130493e-01,-2.797822700813412666e-03,4.779404699802398682e-01,4.443622007966041565e-02,-9.407339245080947876e-02,1.000000000000000000e+00,1.998459994792938232e-01,-1.015243306756019592e-01,3.169546425342559814e-01,3.536906540393829346e-01,3.777611553668975830e-01,3.556760847568511963e-01,5.132944136857986450e-02,-1.978924274444580078e-01,2.348058372735977173e-01,-1.614435762166976929e-01,3.743476569652557373e-01,5.418859794735908508e-02,2.132372260093688965e-01,9.848804026842117310e-02,-6.952992081642150879e-02,-1.382732093334197998e-01,-1.693138927221298218e-01,-1.002760231494903564e-01,1.325734257698059082e-01,3.509656712412834167e-02,-1.470662206411361694e-01,-1.800471395254135132e-01,6.519722342491149902e-01,6.190332025289535522e-02,-3.682670940179377794e-04,-2.481454238295555115e-02,-1.178839728236198425e-01,-7.205239683389663696e-02,1.084859967231750488e-01,2.757184207439422607e-01,-4.661450907588005066e-02,-2.543627656996250153e-02,-8.184392750263214111e-02,-1.270314306020736694e-01
1.606444269418716431e-01,4.173599183559417725e-01,1.759311258792877197e-01,1.936384886503219604e-01,2.915855050086975098e-01,3.807419538497924805e-01,3.005113005638122559e-01,2.161145061254501343e-01,3.402352929115295410e-01,5.591524243354797363e-01,3.664362728595733643e-01,7.426351904869079590e-01,4.318011403083801270e-01,1.998459994792938232e-01,1.000000000000000000e+00,4.561956524848937988e-01,3.110874295234680176e-01,3.534082770347595215e-01,7.600291818380355835e-02,1.653503328561782837e-01,2.669981718063354492e-01,2.415588051080703735e-01,7.435063272714614868e-02,-3.429131209850311279e-02,2.208912670612335205e-01,3.859383985400199890e-02,2.300606966018676758e-01,1.876784712076187134e-01,4.005913436412811279e-02,6.838681292720139027e-04,1.247177347540855408e-01,-1.285038441419601440e-01,3.789601027965545654e-01,2.527606487274169922e-01,1.180528998374938965e-01,8.222774416208267212e-02,9.416591376066207886e-03,5.685390830039978027e-01,1.258843392133712769e-01,2.224488407373428345e-01,3.017559051513671875e-01,5.900393724441528320e-01,2.207256704568862915e-01,2.257654517889022827e-01,4.464071691036224365e-01,5.307567715644836426e-01,-5.212960392236709595e-02,7.471184432506561279e-02
2.083967924118041992e-01,4.372250139713287354e-01,4.220041260123252869e-02,1.610115915536880493e-01,4.389500319957733154e-01,4.920572638511657715e-01,3.278745412826538086e-01,9.790029376745223999e-02,2.554909288883209229e-01,3.550150096416473389e-01,8.620396256446838379e-02,4.587632417678833008e-01,5.349566340446472168e-01,-1.015243306756019592e-01,4.561956524848937988e-01,1.000000000000000000e+00,2.172656804323196411e-01,2.048863321542739868e-01,1.485748291015625000e-01,1.331236064434051514e-01,4.359239637851715088e-01,1.499245464801788330e-01,-2.488875761628150940e-02,-2.756091766059398651e-03,1.268117427825927734e-01,9.225593507289886475e-02,3.164635896682739258e-01,1.249008923768997192e-01,4.021708667278289795e-02,5.038693547248840332e-02,-4.322303086519241333e-02,-2.066995948553085327e-01,5.094711780548095703e-01,3.643726706504821777e-01,2.317813783884048462e-02,1.198662146925926208e-01,-1.254295706748962402e-01,4.397899508476257324e-01,3.869516551494598389e-01,1.449077390134334564e-02,5.548515319824218750e-01,5.363858938217163086e-01,1.951987147331237793e-01,2.818296253681182861e-01,2.037357091903686523e-01,3.368889093399047852e-01,-2.737308666110038757e-02,1.662772335112094879e-02
3.945971429347991943e-01,3.670822978019714355e-01,2.001561820507049561e-01,4.304645061492919922e-01,2.710681855678558350e-01,1.698960214853286743e-01,6.087582111358642578e-01,3.779969513416290283e-01,2.952831387519836426e-01,3.918521702289581299e-01,2.166477143764495850e-01,3.267725110054016113e-01,3.550194501876831055e-01,3.169546425342559814e-01,3.110874295234680176e-01,2.172656804323196411e-01,1.000000000000000000e+00,6.313425302505493164e-01,5.469900965690612793e-01,5.662502050399780273e-01,4.141232967376708984e-01,1.821753680706024170e-01,2.992449104785919189e-01,-8.781520277261734009e-02,2.550395727157592773e-01,5.755984410643577576e-02,7.595163583755493164e-02,8.751861751079559326e-02,1.503036469221115112e-01,3.807686269283294678e-01,2.312171161174774170e-01,-1.875505149364471436e-01,2.553842067718505859e-01,3.013168871402740479e-01,9.920636191964149475e-03,1.064802631735801697e-01,3.336571753025054932e-01,2.830886542797088623e-01,3.186240196228027344e-01,1.931635141372680664e-01,2.123450934886932373e-01,3.215056955814361572e-01,4.832253456115722656e-01,3.373587429523468018e-01,2.149676680564880371e-01,4.117960035800933838e-01,-1.367862075567245483e-01,-1.225561052560806274e-01
3.962380886077880859e-01,4.323719739913940430e-01,-6.347145885229110718e-02,6.656853109598159790e-02,2.598833143711090088e-01,2.667163126170635223e-02,3.742686510086059570e-01,4.409186542034149170e-01,5.037283301353454590e-01,2.905379831790924072e-01,3.674291968345642090e-01,3.382340073585510254e-01,2.293107360601425171e-01,3.536906540393829346e-01,3.534082770347595215e-01,2.048863321542739868e-01,6.313425302505493164e-01,1.000000000000000000e+00,5.235474109649658203e-01,6.170513629913330078e-01,5.002067685127258301e-01,1.026364713907241821e-01,1.282096207141876221e-01,-1.336998492479324341e-01,7.516203075647354126e-02,-8.274273574352264404e-02,7.602284103631973267e-02,-1.026089042425155640e-01,-1.119367079809308052e-03,3.130070269107818604e-01,2.451718300580978394e-01,-1.857386976480484009e-01,3.401409983634948730e-01,3.418676853179931641e-01,1.077060252428054810e-01,-1.199466809630393982e-01,4.320665597915649414e-01,2.987638413906097412e-01,3.581229448318481445e-01,1.165786236524581909e-01,2.272266000509262085e-01,3.016209304332733154e-01,2.940165400505065918e-01,5.050614476203918457e-01,2.084794491529464722e-01,2.759028375148773193e-01,-1.280821263790130615e-01,-1.286412924528121948e-01
5.646353363990783691e-01,3.027297258377075195e-01,5.693777278065681458e-02,1.204640939831733704e-01,2.461064755916595459e-01,-3.542643785476684570e-02,2.757952809333801270e-01,4.935154318809509277e-01,5.413562655448913574e-01,1.717026382684707642e-01,3.351705074310302734e-01,7.637426257133483887e-02,1.360823363065719604e-01,3.777611553668975830e-01,7.600291818380355835e-02,1.485748291015625000e-01,5.469900965690612793e-01,5.235474109649658203e-01,1.000000000000000000e+00,7.216870188713073730e-01,3.931175470352172852e-01,-1.165406182408332825e-01,1.445013135671615601e-01,-2.659269273281097412e-01,6.031846255064010620e-02,1.028982624411582947e-01,1.705699712038040161e-01,-2.677550725638866425e-02,2.601014450192451477e-02,1.559225469827651978e-01,-1.206892281770706177e-01,-1.986513584852218628e-01,2.873357534408569336e-01,2.598703503608703613e-01,-5.299143865704536438e-02,-2.129142433404922485e-01,5.928485989570617676e-01,2.440441995859146118e-01,4.293947517871856689e-01,1.952886395156383514e-02,1.198829114437103271e-01,1.086602807044982910e-01,2.773318290710449219e-01,5.721350908279418945e-01,6.283657997846603394e-02,1.783439218997955322e-01,-2.123002260923385620e-01,-2.193690687417984009e-01
4.488810002803802490e-01,2.784222960472106934e-01,7.025671005249023438e-02,2.351992577314376831e-01,3.870548903942108154e-01,5.690672248601913452e-02,3.175830245018005371e-01,3.992645740509033203e-01,4.299757778644561768e-01,2.668254375457763672e-01,2.879200875759124756e-01,1.930674165487289429e-01,3.104155659675598145e-01,3.556760847568511963e-01,1.653503328561782837e-01,1.331236064434051514e-01,5.662502050399780273e-01,6.170513629913330078e-01,7.216870188713073730e-01,1.000000000000000000e+00,6.302162408828735352e-01,3.207387402653694153e-02,3.428332507610321045e-01,-2.187970876693725586e-01,1.073546111583709717e-01,2.137727290391921997e-02,1.721477019600570202e-03,-2.636129269376397133e-03,4.967613145709037781e-02,1.324445009231567383e-01,-9.239257872104644775e-02,-2.421785145998001099e-01,1.802280247211456299e-01,2.009729593992233276e-01,-3.458314761519432068e-02,-1.817460507154464722e-01,4.743321835994720459e-01,2.321961522102355957e-01,3.451174795627593994e-01,1.426488012075424194e-01,9.341072291135787964e-02,2.100838720798492432e-01,4.598343372344970703e-01,4.999139606952667236e-01,1.794990450143814087e-01,2.970857918262481689e-01,-1.996778100728988647e-01,-1.211958080530166626e-01
2.055116891860961914e-01,3.570317327976226807e-01,9.145487099885940552e-02,2.109598219394683838e-01,4.249076843261718750e-01,2.241965830326080322e-01,3.691094815731048584e-01,1.145080924034118652e-01,2.751179635524749756e-01,2.493010461330413818e-01,1.249686256051063538e-01,2.240097671747207642e-01,4.974763095378875732e-01,5.132944136857986450e-02,2.669981718063354492e-01,4.359239637851715088e-01,4.141232967376708984e-01,5.002067685127258301e-01,3.931175470352172852e-01,6.302162408828735352e-01,1.000000000000000000e+00,2.493787407875061035e-01,3.011124432086944580e-01,6.097461283206939697e-02,-1.060985550284385681e-01,-8.563011884689331055e-03,-9.732131729833781719e-04,4.804707318544387817e-02,1.008757054805755615e-01,1.513486057519912720e-01,3.231824189424514771e-02,-2.324431240558624268e-01,2.066277712583541870e-01,2.122651934623718262e-01,7.155328243970870972e-02,-5.292397364974021912e-02,5.742058902978897095e-02,2.897439897060394287e-01,2.655381560325622559e-01,1.670040190219879150e-01,2.797017395496368408e-01,3.949393928050994873e-01,3.744080662727355957e-01,3.086028993129730225e-01,2.093111872673034668e-01,2.981442213058471680e-01,-1.372513128444552422e-03,4.976119101047515869e-02
-1.950634717941284180e-01,2.375420778989791870e-01,4.240584000945091248e-02,1.958994120359420776e-01,9.465356171131134033e-02,3.229065537452697754e-01,1.236617416143417358e-01,-2.622291147708892822e-01,-4.786902293562889099e-02,3.137921690940856934e-01,-7.600535452365875244e-02,2.192946523427963257e-01,2.692609727382659912e-01,-1.978924274444580078e-01,2.415588051080703735e-01,1.499245464801788330e-01,1.821753680706024170e-01,1.026364713907241821e-01,-1.165406182408332825e-01,3.207387402653694153e-02,2.493787407875061035e-01,1.000000000000000000e+00,1.703050136566162109e-01,3.031449019908905029e-01,1.669452060014009476e-03,-8.947207033634185791e-02,-4.721615090966224670e-02,1.212569978088140488e-02,-5.604450777173042297e-02,-5.563861876726150513e-02,4.941889643669128418e-01,1.179375052452087402e-01,-3.593357978388667107e-03,-5.295498296618461609e-02,-2.347973175346851349e-02,3.436361849308013916e-01,-2.767054140567779541e-01,2.481270581483840942e-01,1.055511012673377991e-01,4.942274093627929688e-01,2.656871378421783447e-01,2.744967043399810791e-01,2.649042606353759766e-01,-1.315823495388031006e-01,2.124582529067993164e-01,3.700351119041442871e-01,2.525704503059387207e-01,5.270043611526489258e-01
1.977569758892059326e-01,1.542988233268260956e-02,6.033756956458091736e-02,2.391300052404403687e-01,1.557115614414215088e-01,1.143434643745422363e-01,1.059813722968101501e-01,2.530814707279205322e-01,2.053138054907321930e-02,1.126687228679656982e-01,1.722514778375625610e-01,5.177843943238258362e-02,3.212122619152069092e-01,2.348058372735977173e-01,7.435063272714614868e-02,-2.488875761628150940e-02,2.992449104785919189e-01,1.282096207141876221e-01,1.445013135671615601e-01,3.428332507610321045e-01,3.011124432086944580e-01,1.703050136566162109e-01,1.000000000000000000e+00,3.534711897373199463e-01,2.706416547298431396e-01,-1.520390971563756466e-03,8.350405842065811157e-03,2.420711666345596313e-01,1.033927276730537415e-01,-5.339571461081504822e-02,1.184256523847579956e-01,1.966270655393600464e-01,4.731967300176620483e-02,5.706550925970077515e-02,-1.057237610220909119e-01,2.829635143280029297e-01,2.265604436397552490e-01,5.296712741255760193e-02,3.845723345875740051e-02,5.671442151069641113e-01,-7.986539602279663086e-02,1.115164309740066528e-01,2.864371836185455322e-01,1.208140924572944641e-01,1.977470219135284424e-01,1.642068326473236084e-01,3.260177969932556152e-01,2.158861607313156128e-01
-1.786731183528900146e-01,-9.855229407548904419e-03,-5.259079858660697937e-03,3.294159099459648132e-02,5.641284957528114319e-02,9.563344717025756836e-02,1.345390547066926956e-02,-2.158776074647903442e-01,-1.843257844448089600e-01,-4.192357137799263000e-02,-1.450175046920776367e-01,-1.096035316586494446e-01,1.155320107936859131e-01,-1.614435762166976929e-01,-3.429131209850311279e-02,-2.756091766059398651e-03,-8.781520277261734009e-02,-1.336998492479324341e-01,-2.659269273281097412e-01,-2.187970876693725586e-01,6.097461283206939697e-02,3.031449019908905029e-01,3.534711897373199463e-01,1.000000000000000000e+00,-8.035150915384292603e-02,-6.574942171573638916e-02,-9.126137942075729370e-02,1.869714856147766113e-01,9.877794981002807617e-02,-1.268982049077749252e-02,4.999582171440124512e-01,5.930436849594116211e-01,-1.497180312871932983e-01,-7.499084621667861938e-02,2.250330150127410889e-02,3.448494672775268555e-01,-2.307338267564773560e-01,-1.262726187705993652e-01,-1.547807753086090088e-01,4.178074896335601807e-01,1.373727172613143921e-01,7.009557634592056274e-02,1.181230228394269943e-02,-1.248953044414520264e-01,6.666570156812667847e-02,-3.260230587329715490e-04,8.383575677871704102e-01,5.634108185768127441e-01
4.206598699092864990e-01,-1.302728354930877686e-01,2.062337696552276611e-01,3.039322197437286377e-01,2.622296810150146484e-01,3.446408808231353760e-01,8.433941006660461426e-02,3.472962379455566406e-01,-2.117342129349708557e-02,9.497841447591781616e-02,2.304434180259704590e-01,1.734523475170135498e-01,5.224717780947685242e-02,3.743476569652557373e-01,2.208912670612335205e-01,1.268117427825927734e-01,2.550395727157592773e-01,7.516203075647354126e-02,6.031846255064010620e-02,1.073546111583709717e-01,-1.060985550284385681e-01,1.669452060014009476e-03,2.706416547298431396e-01,-8.035150915384292603e-02,1.000000000000000000e+00,1.283692121505737305e-01,3.501510620117187500e-01,3.900864124298095703e-01,1.001225784420967102e-01,-1.450888067483901978e-01,-1.169769540429115295e-01,3.197548165917396545e-02,2.267047017812728882e-01,1.826043576002120972e-01,-1.642640382051467896e-01,2.219878835603594780e-03,1.918839663267135620e-01,1.027291342616081238e-01,-7.644111290574073792e-03,4.607740789651870728e-02,1.155516225844621658e-02,-8.485839935019612312e-04,1.659459620714187622e-01,-3.890376538038253784e-04,-3.801215067505836487e-02,1.277301162481307983e-01,-8.556860499083995819e-03,7.766538183204829693e-04
1.082216724753379822e-01,5.728391557931900024e-02,3.214803338050842285e-01,2.011579573154449463e-01,7.860472053289413452e-02,1.559839248657226562e-01,1.506820768117904663e-01,6.132637709379196167e-02,3.436392918229103088e-02,6.064856797456741333e-02,-1.120296027511358261e-02,2.615458145737648010e-02,6.384040694683790207e-03,5.418859794735908508e-02,3.859383985400199890e-02,9.225593507289886475e-02,5.755984410643577576e-02,-8.274273574352264404e-02,1.028982624411582947e-01,2.137727290391921997e-02,-8.563011884689331055e-03,-8.947207033634185791e-02,-1.520390971563756466e-03,-6.574942171573638916e-02,1.283692121505737305e-01,1.000000000000000000e+00,3.388985246419906616e-02,1.421577930450439453e-01,1.650405526161193848e-01,7.762883789837360382e-03,-8.828065544366836548e-02,-1.026788540184497833e-02,5.459010228514671326e-02,6.544575840234756470e-02,8.747097849845886230e-02,-6.234196946024894714e-03,-1.923233829438686371e-02,1.238982751965522766e-01,3.744527697563171387e-02,-4.675859585404396057e-02,1.249652504920959473e-01,9.065123647451400757e-02,1.902154646813869476e-02,6.611555814743041992e-02,9.546897374093532562e-03,4.898117482662200928e-02,-5.520815774798393250e-02,-5.646720901131629944e-02
4.863447546958923340e-01,2.169754505157470703e-01,-2.756348438560962677e-02,-1.155675575137138367e-01,9.807548671960830688e-02,3.143502771854400635e-01,2.317512966692447662e-02,3.123935759067535400e-01,2.067471444606781006e-01,-2.724078856408596039e-02,2.690446376800537109e-01,1.283918619155883789e-01,1.057380926795303822e-03,2.132372260093688965e-01,2.300606966018676758e-01,3.164635896682739258e-01,7.595163583755493164e-02,7.602284103631973267e-02,1.705699712038040161e-01,1.721477019600570202e-03,-9.732131729833781719e-04,-4.721615090966224670e-02,8.350405842065811157e-03,-9.126137942075729370e-02,3.501510620117187500e-01,3.388985246419906616e-02,1.000000000000000000e+00,3.089264333248138428e-01,3.082503937184810638e-02,-5.445084720849990845e-02,-1.144803166389465332e-01,-6.106309965252876282e-02,6.083008050918579102e-01,3.413165807723999023e-01,-1.172614842653274536e-01,-2.269937470555305481e-02,1.934124976396560669e-01,3.452363312244415283e-01,1.501628607511520386e-01,-1.889329589903354645e-02,3.422757685184478760e-01,1.302416324615478516e-01,-1.273994147777557373e-01,1.682778298854827881e-01,-7.446833886206150055e-03,4.563260823488235474e-03,-6.647948920726776123e-02,-8.418552577495574951e-02
3.489790558815002441e-01,3.925517201423645020e-03,5.197415947914123535e-01,4.151909053325653076e-01,2.078736126422882080e-01,4.312182366847991943e-01,2.018979936838150024e-01,-4.093386232852935791e-02,-2.031329721212387085e-01,1.360231339931488037e-01,-1.816636472940444946e-01,7.733745872974395752e-02,1.676164567470550537e-01,9.848804026842117310e-02,1.876784712076187134e-01,1.249008923768997192e-01,8.751861751079559326e-02,-1.026089042425155640e-01,-2.677550725638866425e-02,-2.636129269376397133e-03,4.804707318544387817e-02,1.212569978088140488e-02,2.420711666345596313e-01,1.869714856147766113e-01,3.900864124298095703e-01,1.421577930450439453e-01,3.089264333248138428e-01,1.000000000000000000e+00,5.798616409301757812e-01,2.611194364726543427e-02,5.536749958992004395e-03,3.054550848901271820e-02,-1.111273188143968582e-02,1.121498048305511475e-01,2.891099750995635986e-01,2.184509783983230591e-01,-3.292753547430038452e-02,1.369169354438781738e-01,-1.378415524959564209e-01,1.927262991666793823e-01,9.897376596927642822e-02,1.740050911903381348e-01,2.007096260786056519e-01,-7.310932874679565430e-02,1.556923538446426392e-01,2.335447221994400024e-01,1.300038099288940430e-01,1.213338896632194519e-01
1.507717370986938477e-01,3.104252368211746216e-02,4.175915718078613281e-01,3.857425451278686523e-01,1.065778583288192749e-01,3.001823425292968750e-01,2.258509248495101929e-01,-1.497273147106170654e-01,-1.176752597093582153e-01,1.143064051866531372e-01,-2.078193426132202148e-01,7.913220673799514771e-02,1.857134550809860229e-01,-6.952992081642150879e-02,4.005913436412811279e-02,4.021708667278289795e-02,1.503036469221115112e-01,-1.119367079809308052e-03,2.601014450192451477e-02,4.967613145709037781e-02,1.008757054805755615e-01,-5.604450777173042297e-02,1.033927276730537415e-01,9.877794981002807617e-02,1.001225784420967102e-01,1.650405526161193848e-01,3.082503937184810638e-02,5.798616409301757812e-01,1.000000000000000000e+00,4.036311805248260498e-01,6.269112974405288696e-02,2.923030778765678406e-02,-1.264578402042388916e-01,3.876645490527153015e-02,4.113729894161224365e-01,9.405542165040969849e-02,-8.206576108932495117e-02,4.512886330485343933e-02,-1.030534133315086365e-01,6.124704331159591675e-02,6.610299646854400635e-02,1.208239123225212097e-01,2.371189296245574951e-01,-2.378136850893497467e-02,1.820677816867828369e-01,1.962824761867523193e-01,9.433338418602943420e-03,4.002487286925315857e-02
-9.837526082992553711e-02,2.830839455127716064e-01,7.558209449052810669e-02,2.216328680515289307e-01,-2.892595343291759491e-02,1.647881232202053070e-02,4.676355719566345215e-01,-8.923784643411636353e-02,3.220107778906822205e-02,1.320384442806243896e-01,-1.602903157472610474e-01,1.108973398804664612e-01,1.715289950370788574e-01,-1.382732093334197998e-01,6.838681292720139027e-04,5.038693547248840332e-02,3.807686269283294678e-01,3.130070269107818604e-01,1.559225469827651978e-01,1.324445009231567383e-01,1.513486057519912720e-01,-5.563861876726150513e-02,-5.339571461081504822e-02,-1.268982049077749252e-02,-1.450888067483901978e-01,7.762883789837360382e-03,-5.445084720849990845e-02,2.611194364726543427e-02,4.036311805248260498e-01,1.000000000000000000e+00,3.609715998172760010e-01,-5.430002883076667786e-02,-1.854873634874820709e-02,1.568122208118438721e-01,3.155742287635803223e-01,1.208338290452957153e-01,-1.702863723039627075e-03,1.157604306936264038e-01,1.538040488958358765e-01,-1.599520072340965271e-02,1.151546910405158997e-01,1.745560914278030396e-01,2.163877934217453003e-01,1.261326670646667480e-01,1.838860511779785156e-01,1.329378783702850342e-01,-8.473093062639236450e-02,-1.371410340070724487e-01
-2.233001738786697388e-01,2.771446406841278076e-01,2.455760911107063293e-02,9.798090904951095581e-02,-5.046827718615531921e-02,3.761194646358489990e-02,2.636439800262451172e-01,-1.470746695995330811e-01,6.667421199381351471e-03,1.704114228487014771e-01,-2.246879599988460541e-02,1.149390637874603271e-01,8.523387461900711060e-02,-1.693138927221298218e-01,1.247177347540855408e-01,-4.322303086519241333e-02,2.312171161174774170e-01,2.451718300580978394e-01,-1.206892281770706177e-01,-9.239257872104644775e-02,3.231824189424514771e-02,4.941889643669128418e-01,1.184256523847579956e-01,4.999582171440124512e-01,-1.169769540429115295e-01,-8.828065544366836548e-02,-1.144803166389465332e-01,5.536749958992004395e-03,6.269112974405288696e-02,3.609715998172760010e-01,1.000000000000000000e+00,4.162652492523193359e-01,-2.667760103940963745e-02,5.641983076930046082e-02,2.375133782625198364e-01,3.543581962585449219e-01,-1.696972399950027466e-01,1.014479324221611023e-01,4.414005950093269348e-02,4.094385504722595215e-01,2.075556814670562744e-01,2.095669060945510864e-01,1.248687282204627991e-01,1.942552626132965088e-02,2.212347835302352905e-01,1.748182922601699829e-01,4.701264500617980957e-01,3.331492841243743896e-01
-1.438830643892288208e-01,-8.564490824937820435e-02,-1.940554939210414886e-02,-1.667849346995353699e-02,1.816689968109130859e-02,-4.786961898207664490e-02,-9.326961636543273926e-02,-7.652078568935394287e-02,-6.224259734153747559e-02,-1.332248300313949585e-01,8.074834942817687988e-02,-1.212506741285324097e-01,-1.248364374041557312e-01,-1.002760231494903564e-01,-1.285038441419601440e-01,-2.066995948553085327e-01,-1.875505149364471436e-01,-1.857386976480484009e-01,-1.986513584852218628e-01,-2.421785145998001099e-01,-2.324431240558624268e-01,1.179375052452087402e-01,1.966270655393600464e-01,5.930436849594116211e-01,3.197548165917396545e-02,-1.026788540184497833e-02,-6.106309965252876282e-02,3.054550848901271820e-02,2.923030778765678406e-02,-5.430002883076667786e-02,4.162652492523193359e-01,1.000000000000000000e+00,-9.003449231386184692e-02,-8.146215230226516724e-02,-6.388431042432785034e-02,1.220086775720119476e-02,-1.378189474344253540e-01,-1.739622950553894043e-01,-2.335411161184310913e-01,2.082519531250000000e-01,-1.237077265977859497e-02,-6.974966824054718018e-02,-1.662695258855819702e-01,-2.637951076030731201e-02,1.649220846593379974e-02,-1.493604481220245361e-01,6.733337640762329102e-01,4.022069871425628662e-01
4.542367458343505859e-01,4.144886434078216553e-01,-7.647380977869033813e-02,-1.285253614187240601e-01,2.406866848468780518e-01,1.780726611614227295e-01,1.495195925235748291e-01,4.843597114086151123e-01,4.747270047664642334e-01,1.057287305593490601e-01,4.752806127071380615e-01,3.261032700538635254e-01,1.620512306690216064e-01,1.325734257698059082e-01,3.789601027965545654e-01,5.094711780548095703e-01,2.553842067718505859e-01,3.401409983634948730e-01,2.873357534408569336e-01,1.802280247211456299e-01,2.066277712583541870e-01,-3.593357978388667107e-03,4.731967300176620483e-02,-1.497180312871932983e-01,2.267047017812728882e-01,5.459010228514671326e-02,6.083008050918579102e-01,-1.111273188143968582e-02,-1.264578402042388916e-01,-1.854873634874820709e-02,-2.667760103940963745e-02,-9.003449231386184692e-02,1.000000000000000000e+00,5.961385369300842285e-01,-1.055927723646163940e-01,-5.761945620179176331e-02,2.286433875560760498e-01,4.566554129123687744e-01,4.034616351127624512e-01,-3.397909924387931824e-03,4.048426747322082520e-01,2.633016109466552734e-01,-5.741178989410400391e-02,4.031180441379547119e-01,2.439048513770103455e-02,9.457652270793914795e-02,-9.684653580188751221e-02,-1.142073944211006165e-01
