1.000000000000000000e+00,3.323869034647941589e-02,4.210875332355499268e-01,2.566449046134948730e-01,4.464760422706604004e-01,4.423725008964538574e-01,2.072408050298690796e-01,2.424567937850952148e-01,2.641859352588653564e-01,1.245835646986961365e-01,3.950589001178741455e-01,4.516125619411468506e-01,3.740181922912597656e-01,4.113956689834594727e-01,3.232435882091522217e-01,1.991509497165679932e-01,1.590615659952163696e-01,1.687896847724914551e-01,1.613247245550155640e-01,2.077368497848510742e-01,4.996177554130554199e-01,1.671863347291946411e-01,-1.529132425785064697e-01,-9.916719794273376465e-02,-8.738891780376434326e-02,1.252404600381851196e-01,2.743929624557495117e-01,2.910235226154327393e-01,2.628096640110015869e-01,3.692233264446258545e-01,4.919572919607162476e-02,-1.996854543685913086e-01,3.993080258369445801e-01,1.600675433874130249e-01,-1.175016462802886963e-01,-1.988021582365036011e-01,2.744542360305786133e-01,1.000793501734733582e-01,-1.905978620052337646e-01,-1.466824114322662354e-01,2.826955616474151611e-01,-7.286252453923225403e-03,1.473836898803710938e-01,9.016578644514083862e-02,1.143534760922193527e-02,2.799653820693492889e-02,-2.015745490789413452e-01,-2.210108637809753418e-01
3.323869034647941589e-02,1.000000000000000000e+00,-2.440489083528518677e-02,-5.669881030917167664e-02,2.599294483661651611e-01,2.219448834657669067e-01,1.078654080629348755e-01,7.823338732123374939e-03,3.892123103141784668e-01,4.382160305976867676e-01,6.284912675619125366e-02,1.160628721117973328e-01,3.103445172309875488e-01,-2.303396761417388916e-01,-2.630773782730102539e-01,2.057541608810424805e-01,1.577532105147838593e-02,3.960092365741729736e-02,-2.559825591742992401e-02,1.299995370209217072e-02,-2.006980776786804199e-02,-7.563374936580657959e-02,3.082714676856994629e-01,3.652049303054809570e-01,2.021191418170928955e-01,1.783591955900192261e-01,4.349037110805511475e-01,3.291523754596710205e-01,2.391712218523025513e-01,1.545048058032989502e-01,2.872880399227142334e-01,1.815730780363082886e-01,3.424039483070373535e-01,-2.132580801844596863e-02,2.504664063453674316e-01,2.798962295055389404e-01,-1.088314354419708252e-01,2.506827935576438904e-02,2.035539001226425171e-01,1.659896373748779297e-01,4.417536556720733643e-01,3.555281162261962891e-01,-4.686397686600685120e-02,5.524539947509765625e-01,5.426549315452575684e-01,3.532727360725402832e-01,3.123698532581329346e-01,2.563718855381011963e-01
4.210875332355499268e-01,-2.440489083528518677e-02,1.000000000000000000e+00,6.157218217849731445e-01,2.478608489036560059e-01,2.842014431953430176e-01,5.407096743583679199e-01,1.780491620302200317e-01,2.802839502692222595e-02,-5.309678241610527039e-02,3.042633533477783203e-01,1.814720034599304199e-01,1.605221480131149292e-01,2.008480876684188843e-01,3.752079308032989502e-01,1.414566189050674438e-01,3.383343815803527832e-01,1.993675678968429565e-01,1.879802197217941284e-01,1.267761439085006714e-01,2.283897399902343750e-01,1.091054677963256836e-01,-1.883084326982498169e-01,-1.545294821262359619e-01,-8.533477783203125000e-02,4.136261940002441406e-01,7.192025333642959595e-02,1.889353692531585693e-01,2.007875591516494751e-01,1.989602446556091309e-01,2.038297615945339203e-02,-2.698587477207183838e-01,1.321042180061340332e-01,1.967719644308090210e-01,-1.551172435283660889e-01,-1.934820264577865601e-01,1.242763474583625793e-01,2.509133517742156982e-01,-1.084135398268699646e-01,4.731816425919532776e-02,2.170681208372116089e-01,5.669107194989919662e-03,-1.555323004722595215e-01,-1.041722670197486877e-02,7.000534236431121826e-02,2.156576327979564667e-02,-1.164908036589622498e-01,-2.569962143898010254e-01
2.566449046134948730e-01,-5.669881030917167664e-02,6.157218217849731445e-01,1.000000000000000000e+00,1.987235993146896362e-01,2.456009387969970703e-01,6.022601723670959473e-01,1.517332792282104492e-01,-9.204877167940139771e-02,-2.106413990259170532e-01,1.198838353157043457e-01,-3.906093910336494446e-02,1.430910546332597733e-02,2.140803337097167969e-01,2.563894093036651611e-01,8.511803299188613892e-02,3.270027041435241699e-01,2.018702477216720581e-01,3.153990805149078369e-01,3.719229698181152344e-01,3.695583939552307129e-01,4.539152979850769043e-01,-3.654391169548034668e-01,-1.609257906675338745e-01,-1.612172573804855347e-01,4.304727911949157715e-01,-7.194383442401885986e-02,1.198369413614273071e-01,2.534574568271636963e-01,1.693024337291717529e-01,8.560026437044143677e-02,-7.462792098522186279e-02,-1.810892950743436813e-03,1.372322887182235718e-01,-3.031070530414581299e-01,-1.962832212448120117e-01,1.566521823406219482e-01,1.718722134828567505e-01,-2.001830786466598511e-01,-4.059398546814918518e-02,2.231959849596023560e-01,1.625167019665241241e-02,-9.238009899854660034e-02,-1.771343797445297241e-01,-4.869040474295616150e-02,-9.445103257894515991e-02,-1.371234804391860962e-01,-2.611207664012908936e-01
4.464760422706604004e-01,2.599294483661651611e-01,2.478608489036560059e-01,1.987235993146896362e-01,1.000000000000000000e+00,6.729659438133239746e-01,1.638666242361068726e-01,1.338023990392684937e-01,4.098641872406005859e-01,2.198380082845687866e-01,3.028463423252105713e-01,3.874417245388031006e-01,4.767246246337890625e-01,-1.720716431736946106e-02,-1.464273482561111450e-01,3.825647830963134766e-01,-3.255225718021392822e-02,-8.155635744333267212e-02,5.548275634646415710e-02,1.660043448209762573e-01,2.938884794712066650e-01,6.057775765657424927e-02,7.430534809827804565e-02,1.904614828526973724e-02,2.333117183297872543e-03,2.115258425474166870e-01,1.665176898241043091e-01,2.064211666584014893e-01,1.963931769132614136e-01,2.306878417730331421e-01,1.034779846668243408e-01,-6.256384402513504028e-02,2.502481639385223389e-01,-5.443998798727989197e-02,5.663643032312393188e-02,3.380154445767402649e-02,-1.040000766515731812e-01,-6.483525037765502930e-02,5.803397297859191895e-02,6.454437226057052612e-02,5.380489826202392578e-01,2.826838791370391846e-01,1.889027357101440430e-01,1.434751600027084351e-01,1.142345815896987915e-01,2.555011212825775146e-01,-4.095090180635452271e-02,2.887202426791191101e-02
4.423725008964538574e-01,2.219448834657669067e-01,2.842014431953430176e-01,2.456009387969970703e-01,6.729659438133239746e-01,1.000000000000000000e+00,2.920058667659759521e-01,2.045882046222686768e-01,4.013454914093017578e-01,2.405046522617340088e-01,3.367583751678466797e-01,4.144232571125030518e-01,5.083502531051635742e-01,6.986732035875320435e-02,-3.052604384720325470e-02,4.020158052444458008e-01,-1.905297115445137024e-02,-5.141209438443183899e-02,9.290348738431930542e-02,3.249486684799194336e-01,4.545524716377258301e-01,3.815596550703048706e-02,-2.019214071333408356e-02,-1.245768442749977112e-01,-1.858621090650558472e-02,4.076846539974212646e-01,6.345405429601669312e-02,2.263739407062530518e-01,3.043368756771087646e-01,1.576334834098815918e-01,6.780226528644561768e-02,-4.851754754781723022e-02,1.771697551012039185e-01,-2.048183605074882507e-02,-1.266954094171524048e-02,-1.384320259094238281e-01,2.203590609133243561e-02,-6.013345904648303986e-03,8.462169207632541656e-03,-6.272185593843460083e-02,5.176423788070678711e-01,3.014104068279266357e-01,1.652330011129379272e-01,1.980331242084503174e-01,2.062456868588924408e-02,2.093964666128158569e-01,-1.965913772583007812e-01,-1.083074137568473816e-01
2.072408050298690796e-01,1.078654080629348755e-01,5.407096743583679199e-01,6.022601723670959473e-01,1.638666242361068726e-01,2.920058667659759521e-01,1.000000000000000000e+00,2.117705643177032471e-01,2.551026269793510437e-02,6.675201468169689178e-03,1.140526607632637024e-01,3.148005902767181396e-02,3.336029127240180969e-02,1.889123916625976562e-01,2.284616380929946899e-01,1.459442228078842163e-01,6.462925076484680176e-01,5.276006460189819336e-01,5.337716341018676758e-01,5.050352811813354492e-01,2.562614679336547852e-01,2.773296833038330078e-01,-1.942272633314132690e-01,-2.634115517139434814e-01,3.333094296976923943e-03,5.602433085441589355e-01,3.159520775079727173e-02,1.827730089426040649e-01,2.575632035732269287e-01,7.139239460229873657e-02,1.848564445972442627e-01,-4.807162284851074219e-02,4.834541305899620056e-02,1.907374262809753418e-01,-1.459930390119552612e-01,-2.812839150428771973e-01,2.148964852094650269e-01,2.935948669910430908e-01,-4.219342768192291260e-02,-2.178789675235748291e-02,3.038395345211029053e-01,2.910625636577606201e-01,4.182305559515953064e-02,-4.703464359045028687e-02,2.582516521215438843e-02,1.322762519121170044e-01,-2.238530814647674561e-01,-2.796446681022644043e-01
2.424567937850952148e-01,7.823338732123374939e-03,1.780491620302200317e-01,1.517332792282104492e-01,1.338023990392684937e-01,2.045882046222686768e-01,2.117705643177032471e-01,1.000000000000000000e+00,1.955037117004394531e-01,-7.825545221567153931e-02,5.157906413078308105e-01,1.729718297719955444e-01,1.088014319539070129e-01,4.506426155567169189e-01,3.775371611118316650e-01,2.481521107256412506e-02,1.674502342939376831e-01,1.868324130773544312e-01,1.095848605036735535e-01,1.817362159490585327e-01,1.294916570186614990e-01,4.083872586488723755e-02,-2.308483049273490906e-02,-1.093895062804222107e-01,1.571585051715373993e-02,2.089766561985015869e-01,-7.358697056770324707e-02,6.714060157537460327e-02,9.571928530931472778e-02,9.278963506221771240e-02,4.437100142240524292e-02,3.967955242842435837e-03,3.507252335548400879e-01,6.210980415344238281e-01,4.132686555385589600e-02,-7.438909262418746948e-02,4.938122928142547607e-01,4.833189249038696289e-01,-5.643581505864858627e-03,4.904499277472496033e-02,1.488823443651199341e-01,1.116325706243515015e-01,1.161617115139961243e-01,1.204597726464271545e-01,-8.222638070583343506e-02,-4.134385660290718079e-02,-1.432412564754486084e-01,-3.334036767482757568e-01
2.641859352588653564e-01,3.892123103141784668e-01,2.802839502692222595e-02,-9.204877167940139771e-02,4.098641872406005859e-01,4.013454914093017578e-01,2.551026269793510437e-02,1.955037117004394531e-01,1.000000000000000000e+00,5.793855786323547363e-01,3.669016063213348389e-01,5.964821577072143555e-01,6.492704153060913086e-01,-9.749980270862579346e-02,-1.642222255468368530e-01,4.095617830753326416e-01,-2.415632456541061401e-02,5.314947292208671570e-02,-5.576170235872268677e-02,-1.632434665225446224e-03,1.128151714801788330e-01,-1.588259935379028320e-01,3.564608097076416016e-01,1.828404068946838379e-01,1.317866891622543335e-01,1.517442911863327026e-01,3.085347414016723633e-01,1.708669662475585938e-01,4.084439203143119812e-02,6.438891589641571045e-02,1.049159839749336243e-01,-1.694978773593902588e-02,3.266285657882690430e-01,-6.664668768644332886e-02,1.840740591287612915e-01,1.821849942207336426e-01,3.549730638042092323e-03,-2.209526672959327698e-02,4.955182597041130066e-02,-2.978868968784809113e-02,2.309482842683792114e-01,2.515240013599395752e-01,1.280618906021118164e-01,5.874866247177124023e-01,1.858506649732589722e-01,3.530072271823883057e-01,3.108779527246952057e-02,8.571798354387283325e-02
1.245835646986961365e-01,4.382160305976867676e-01,-5.309678241610527039e-02,-2.106413990259170532e-01,2.198380082845687866e-01,2.405046522617340088e-01,6.675201468169689178e-03,-7.825545221567153931e-02,5.793855786323547363e-01,1.000000000000000000e+00,1.822935938835144043e-01,5.210020542144775391e-01,5.884501338005065918e-01,-2.322936505079269409e-01,-2.263911664485931396e-01,3.198924660682678223e-01,9.083037078380584717e-02,1.696942597627639771e-01,3.884160518646240234e-02,7.029058411717414856e-03,6.826765835285186768e-02,-1.135929226875305176e-01,3.946706056594848633e-01,2.233163416385650635e-01,8.157519251108169556e-02,9.753953665494918823e-02,2.740405797958374023e-01,2.171880304813385010e-01,-5.615267530083656311e-02,4.436699301004409790e-02,1.614283323287963867e-01,-2.344780974090099335e-02,-1.648742333054542542e-02,-2.091666013002395630e-01,1.751289963722229004e-01,1.080839633941650391e-01,-1.665488630533218384e-01,-1.290105283260345459e-01,1.422712802886962891e-01,7.265704870223999023e-02,2.092055976390838623e-01,3.935988247394561768e-01,1.753917634487152100e-01,5.489305257797241211e-01,4.148031473159790039e-01,6.164565086364746094e-01,1.585374623537063599e-01,2.315533310174942017e-01
3.950589001178741455e-01,6.284912675619125366e-02,3.042633533477783203e-01,1.198838353157043457e-01,3.028463423252105713e-01,3.367583751678466797e-01,1.140526607632637024e-01,5.157906413078308105e-01,3.669016063213348389e-01,1.822935938835144043e-01,1.000000000000000000e+00,4.910417199134826660e-01,4.511041343212127686e-01,3.284729123115539551e-01,2.807478010654449463e-01,2.694522738456726074e-01,8.960719406604766846e-02,4.088753834366798401e-02,3.588097542524337769e-02,5.248578637838363647e-02,2.093311399221420288e-01,-7.716189138591289520e-03,8.211708813905715942e-02,-1.535935252904891968e-01,-9.892456233501434326e-03,1.448216736316680908e-01,1.384449005126953125e-01,1.882420480251312256e-01,1.516584604978561401e-01,1.880720406770706177e-01,1.319430768489837646e-01,-1.748623549938201904e-01,2.563461959362030029e-01,2.764174342155456543e-01,1.387451589107513428e-01,-1.048595011234283447e-01,1.973829567432403564e-01,2.473143488168716431e-01,5.623669549822807312e-02,7.034032046794891357e-02,2.022856324911117554e-01,1.846312582492828369e-01,8.407618105411529541e-02,1.860081255435943604e-01,2.529249899089336395e-02,1.284564435482025146e-01,-1.344556659460067749e-01,-2.511107027530670166e-01
4.516125619411468506e-01,1.160628721117973328e-01,1.814720034599304199e-01,-3.906093910336494446e-02,3.874417245388031006e-01,4.144232571125030518e-01,3.148005902767181396e-02,1.729718297719955444e-01,5.964821577072143555e-01,5.210020542144775391e-01,4.910417199134826660e-01,1.000000000000000000e+00,6.994749903678894043e-01,7.961788028478622437e-02,1.838993430137634277e-01,4.576882421970367432e-01,2.485330402851104736e-02,9.394606202840805054e-02,-3.836264461278915405e-02,-5.002447869628667831e-04,3.202355802059173584e-01,-1.439584940671920776e-01,1.968393474817276001e-01,-7.964749634265899658e-02,8.571232110261917114e-02,1.179786920547485352e-01,2.410880625247955322e-01,1.679098159074783325e-01,2.314206212759017944e-03,9.223937988281250000e-02,-4.721394181251525879e-02,-2.363203018903732300e-01,2.255121320486068726e-01,-4.489999637007713318e-02,1.643365621566772461e-01,-4.059363156557083130e-02,8.492095768451690674e-02,4.711540043354034424e-02,2.159003913402557373e-02,-7.603136450052261353e-02,2.097441554069519043e-01,2.323520332574844360e-01,2.132041305303573608e-01,4.230418205261230469e-01,8.889560401439666748e-02,3.513526320457458496e-01,-1.874148100614547729e-01,-6.928844749927520752e-02
3.740181922912597656e-01,3.103445172309875488e-01,1.605221480131149292e-01,1.430910546332597733e-02,4.767246246337890625e-01,5.083502531051635742e-01,3.336029127240180969e-02,1.088014319539070129e-01,6.492704153060913086e-01,5.884501338005065918e-01,4.511041343212127686e-01,6.994749903678894043e-01,1.000000000000000000e+00,-8.328291028738021851e-02,-2.686962857842445374e-02,5.731125473976135254e-01,-1.057772785425186157e-01,-6.715822219848632812e-02,-1.093251034617424011e-01,6.927278637886047363e-02,3.886489272117614746e-01,-1.098985150456428528e-01,2.916069328784942627e-01,7.337960600852966309e-02,5.571575835347175598e-02,1.207104176282882690e-01,2.571763694286346436e-01,2.607689797878265381e-01,9.759755432605743408e-02,1.927879452705383301e-01,6.837246567010879517e-02,-1.546938270330429077e-01,1.491739898920059204e-01,-1.185721755027770996e-01,1.644982248544692993e-01,1.321523915976285934e-02,-7.689666748046875000e-02,-5.877809226512908936e-02,8.549735695123672485e-02,-1.418717671185731888e-03,3.377508819103240967e-01,2.018494307994842529e-01,1.573424637317657471e-01,4.594776332378387451e-01,2.520485818386077881e-01,3.974834382534027100e-01,-2.841101959347724915e-02,6.242645904421806335e-03
4.113956689834594727e-01,-2.303396761417388916e-01,2.008480876684188843e-01,2.140803337097167969e-01,-1.720716431736946106e-02,6.986732035875320435e-02,1.889123916625976562e-01,4.506426155567169189e-01,-9.749980270862579346e-02,-2.322936505079269409e-01,3.284729123115539551e-01,7.961788028478622437e-02,-8.328291028738021851e-02,1.000000000000000000e+00,4.303175210952758789e-01,-1.613387316465377808e-01,2.898062467575073242e-01,2.815167009830474854e-01,2.958633303642272949e-01,2.162615656852722168e-01,2.419632375240325928e-01,2.590655386447906494e-01,-3.638177812099456787e-01,-3.238898813724517822e-01,1.390746086835861206e-01,8.506300300359725952e-02,1.621406078338623047e-01,1.679841876029968262e-01,1.474500745534896851e-01,1.324495375156402588e-01,4.175067413598299026e-03,-1.404378265142440796e-01,2.295986860990524292e-01,3.687074184417724609e-01,-2.075638025999069214e-01,-3.477425873279571533e-01,6.085627675056457520e-01,2.857703864574432373e-01,-2.927629649639129639e-01,-2.798370420932769775e-01,-3.510625800117850304e-03,-6.354913860559463501e-02,6.705748289823532104e-02,-2.621760368347167969e-01,-2.132650315761566162e-01,-2.460110485553741455e-01,-2.806418240070343018e-01,-3.825328648090362549e-01
3.232435882091522217e-01,-2.630773782730102539e-01,3.752079308032989502e-01,2.563894093036651611e-01,-1.464273482561111450e-01,-3.052604384720325470e-02,2.284616380929946899e-01,3.775371611118316650e-01,-1.642222255468368530e-01,-2.263911664485931396e-01,2.807478010654449463e-01,1.838993430137634277e-01,-2.686962857842445374e-02,4.303175210952758789e-01,1.000000000000000000e+00,1.452382467687129974e-02,2.175135165452957153e-01,2.342557311058044434e-01,6.502055376768112183e-02,5.215197801589965820e-02,1.636100262403488159e-01,-1.979676634073257446e-02,-2.661518156528472900e-01,-2.239140719175338745e-01,-1.030049100518226624e-01,7.171415537595748901e-02,-5.847556889057159424e-02,-1.396240293979644775e-01,-9.543297439813613892e-02,-2.645699493587017059e-02,-1.847500950098037720e-01,-3.594184815883636475e-01,1.902644634246826172e-01,4.934775233268737793e-01,-1.391192227602005005e-01,-3.236481249332427979e-01,4.855554401874542236e-01,5.454714894294738770e-01,-1.925308704376220703e-01,-6.009580194950103760e-02,-1.792117804288864136e-01,-2.901541292667388916e-01,-1.305941194295883179e-01,-5.693291500210762024e-02,-2.033155411481857300e-01,-2.720550894737243652e-01,-2.630787491798400879e-01,-5.140671730041503906e-01
1.991509497165679932e-01,2.057541608810424805e-01,1.414566189050674438e-01,8.511803299188613892e-02,3.825647830963134766e-01,4.020158052444458008e-01,1.459442228078842163e-01,2.481521107256412506e-02,4.095617830753326416e-01,3.198924660682678223e-01,2.694522738456726074e-01,4.576882421970367432e-01,5.731125473976135254e-01,-1.613387316465377808e-01,1.452382467687129974e-02,1.000000000000000000e+00,-1.232528015971183777e-01,-7.769954204559326172e-02,-9.071301668882369995e-02,1.550177931785583496e-01,3.269172906875610352e-01,-3.718701750040054321e-02,2.017567753791809082e-01,-1.307197064161300659e-01,-2.264514937996864319e-02,9.817230701446533203e-02,5.651275441050529480e-02,8.554897457361221313e-02,5.135095864534378052e-02,5.654050037264823914e-02,2.597346156835556030e-02,-1.732520163059234619e-01,7.174473255872726440e-02,1.391416601836681366e-02,2.836565077304840088e-01,-5.327530205249786377e-02,-7.678626105189323425e-03,1.212965622544288635e-01,3.610567450523376465e-01,2.280820757150650024e-01,3.593482971191406250e-01,1.790234148502349854e-01,9.690927714109420776e-02,2.369812130928039551e-01,2.014308571815490723e-01,3.358160853385925293e-01,-1.366205662488937378e-01,-5.091584101319313049e-02
1.590615659952163696e-01,1.577532105147838593e-02,3.383343815803527832e-01,3.270027041435241699e-01,-3.255225718021392822e-02,-1.905297115445137024e-02,6.462925076484680176e-01,1.674502342939376831e-01,-2.415632456541061401e-02,9.083037078380584717e-02,8.960719406604766846e-02,2.485330402851104736e-02,-1.057772785425186157e-01,2.898062467575073242e-01,2.175135165452957153e-01,-1.232528015971183777e-01,1.000000000000000000e+00,7.751139402389526367e-01,6.024386286735534668e-01,3.422032892704010010e-01,1.036173477768898010e-01,2.885193228721618652e-01,-1.757691055536270142e-01,-2.462316453456878662e-01,5.369919538497924805e-02,2.958117127418518066e-01,3.741146251559257507e-02,1.419820338487625122e-01,9.682697802782058716e-02,1.069352999329566956e-01,2.328224629163742065e-01,-1.271599438041448593e-02,4.588193446397781372e-02,1.948915719985961914e-01,-1.711609214544296265e-01,-2.458817809820175171e-01,2.131653130054473877e-01,1.617504954338073730e-01,-1.478839963674545288e-01,-1.002778559923171997e-01,6.191860139369964600e-02,3.023370206356048584e-01,1.030395105481147766e-01,-6.048859655857086182e-02,3.162480890750885010e-02,1.564991921186447144e-01,-1.692168265581130981e-01,-1.761480718851089478e-01
1.687896847724914551e-01,3.960092365741729736e-02,1.993675678968429565e-01,2.018702477216720581e-01,-8.155635744333267212e-02,-5.141209438443183899e-02,5.276006460189819336e-01,1.868324130773544312e-01,5.314947292208671570e-02,1.696942597627639771e-01,4.088753834366798401e-02,9.394606202840805054e-02,-6.715822219848632812e-02,2.815167009830474854e-01,2.342557311058044434e-01,-7.769954204559326172e-02,7.751139402389526367e-01,1.000000000000000000e+00,5.329707264900207520e-01,3.396318554878234863e-01,5.947941541671752930e-02,2.164419442415237427e-01,-7.335294038057327271e-02,-2.062055319547653198e-01,4.205223917961120605e-02,2.316903024911880493e-01,6.916075944900512695e-02,7.351510226726531982e-02,-1.387515943497419357e-02,-1.552003785036504269e-03,1.598366945981979370e-01,-4.127326607704162598e-02,1.053430810570716858e-01,1.872415840625762939e-01,-1.262366026639938354e-01,-2.405671775341033936e-01,3.227389156818389893e-01,1.698616445064544678e-01,-1.295694261789321899e-01,-8.939556032419204712e-02,-2.906189300119876862e-02,2.386361360549926758e-01,1.328743547201156616e-01,6.295840442180633545e-02,7.342858612537384033e-02,1.931403428316116333e-01,-1.654264777898788452e-01,-1.575093418359756470e-01
1.613247245550155640e-01,-2.559825591742992401e-02,1.879802197217941284e-01,3.153990805149078369e-01,5.548275634646415710e-02,9.290348738431930542e-02,5.337716341018676758e-01,1.095848605036735535e-01,-5.576170235872268677e-02,3.884160518646240234e-02,3.588097542524337769e-02,-3.836264461278915405e-02,-1.093251034617424011e-01,2.958633303642272949e-01,6.502055376768112183e-02,-9.071301668882369995e-02,6.024386286735534668e-01,5.329707264900207520e-01,1.000000000000000000e+00,6.179636716842651367e-01,3.006237745285034180e-01,4.901451170444488525e-01,-1.819872260093688965e-01,-3.043001890182495117e-01,1.178985759615898132e-01,1.567385047674179077e-01,1.794114359654486179e-03,2.620529532432556152e-01,2.053797692060470581e-01,1.793104261159896851e-01,2.836327254772186279e-01,-4.511085897684097290e-02,-6.088000163435935974e-02,4.374578967690467834e-02,-1.929088085889816284e-01,-3.241392076015472412e-01,1.165020763874053955e-01,5.190058425068855286e-02,-1.831126064062118530e-01,-1.712426245212554932e-01,8.826623111963272095e-02,3.046749532222747803e-01,2.757959961891174316e-01,-2.091106623411178589e-01,-2.300445176661014557e-02,1.611650139093399048e-01,-2.606092989444732666e-01,-7.623655349016189575e-02
2.077368497848510742e-01,1.299995370209217072e-02,1.267761439085006714e-01,3.719229698181152344e-01,1.660043448209762573e-01,3.249486684799194336e-01,5.050352811813354492e-01,1.817362159490585327e-01,-1.632434665225446224e-03,7.029058411717414856e-03,5.248578637838363647e-02,-5.002447869628667831e-04,6.927278637886047363e-02,2.162615656852722168e-01,5.215197801589965820e-02,1.550177931785583496e-01,3.422032892704010010e-01,3.396318554878234863e-01,6.179636716842651367e-01,1.000000000000000000e+00,5.677118301391601562e-01,5.173342823982238770e-01,-1.848868876695632935e-01,-2.828918993473052979e-01,-3.283946961164474487e-02,1.643909513950347900e-01,-1.428726315498352051e-01,2.166953533887863159e-01,2.230253666639328003e-01,1.873457133769989014e-01,2.343797087669372559e-01,5.158147960901260376e-02,-3.452833741903305054e-02,5.391633883118629456e-02,-9.885062277317047119e-02,-2.915197908878326416e-01,2.340192943811416626e-01,3.797716274857521057e-02,-8.577316999435424805e-02,-1.784119009971618652e-01,2.641381323337554932e-01,2.873937785625457764e-01,3.861559033393859863e-01,-1.255601197481155396e-01,4.635881632566452026e-03,2.040622532367706299e-01,-3.360908031463623047e-01,-1.322973072528839111e-01
4.996177554130554199e-01,-2.006980776786804199e-02,2.283897399902343750e-01,3.695583939552307129e-01,2.938884794712066650e-01,4.545524716377258301e-01,2.562614679336547852e-01,1.294916570186614990e-01,1.128151714801788330e-01,6.826765835285186768e-02,2.093311399221420288e-01,3.202355802059173584e-01,3.886489272117614746e-01,2.419632375240325928e-01,1.636100262403488159e-01,3.269172906875610352e-01,1.036173477768898010e-01,5.947941541671752930e-02,3.006237745285034180e-01,5.677118301391601562e-01,1.000000000000000000e+00,5.082795023918151855e-01,-2.102179527282714844e-01,-2.373638153076171875e-01,-8.289889991283416748e-02,8.270009607076644897e-02,-1.257473882287740707e-02,3.027685284614562988e-01,3.132031857967376709e-01,3.643425405025482178e-01,1.014778092503547668e-01,-6.374285370111465454e-02,3.765541315078735352e-02,-4.034469276666641235e-02,-1.438453048467636108e-01,-2.771878540515899658e-01,1.419482827186584473e-01,-4.289785400032997131e-02,-1.597632765769958496e-01,-2.220382094383239746e-01,3.545813262462615967e-01,1.087340414524078369e-01,3.651091754436492920e-01,-5.971243605017662048e-02,-3.818445280194282532e-02,1.111882627010345459e-01,-3.410698473453521729e-01,-1.495688408613204956e-01
1.671863347291946411e-01,-7.563374936580657959e-02,1.091054677963256836e-01,4.539152979850769043e-01,6.057775765657424927e-02,3.815596550703048706e-02,2.773296833038330078e-01,4.083872586488723755e-02,-1.588259935379028320e-01,-1.135929226875305176e-01,-7.716189138591289520e-03,-1.439584940671920776e-01,-1.098985150456428528e-01,2.590655386447906494e-01,-1.979676634073257446e-02,-3.718701750040054321e-02,2.885193228721618652e-01,2.164419442415237427e-01,4.901451170444488525e-01,5.173342823982238770e-01,5.082795023918151855e-01,1.000000000000000000e+00,-2.421258687973022461e-01,-1.466643959283828735e-01,-1.509300023317337036e-01,3.160872310400009155e-02,-1.108709648251533508e-01,1.564209014177322388e-01,1.993920952081680298e-01,2.726389169692993164e-01,2.032385617494583130e-01,1.368139386177062988e-01,-9.333672374486923218e-02,1.601138524711132050e-02,-2.666187286376953125e-01,-1.721605807542800903e-01,7.059007883071899414e-02,-9.420783072710037231e-02,-1.819505542516708374e-01,-1.200454235076904297e-01,1.175950318574905396e-01,1.116247624158859253e-01,2.378923296928405762e-01,-2.743411064147949219e-01,-4.874448105692863464e-02,9.571685455739498138e-03,-1.490221917629241943e-01,2.746131457388401031e-02
-1.529132425785064697e-01,3.082714676856994629e-01,-1.883084326982498169e-01,-3.654391169548034668e-01,7.430534809827804565e-02,-2.019214071333408356e-02,-1.942272633314132690e-01,-2.308483049273490906e-02,3.564608097076416016e-01,3.946706056594848633e-01,8.211708813905715942e-02,1.968393474817276001e-01,2.916069328784942627e-01,-3.638177812099456787e-01,-2.661518156528472900e-01,2.017567753791809082e-01,-1.757691055536270142e-01,-7.335294038057327271e-02,-1.819872260093688965e-01,-1.848868876695632935e-01,-2.102179527282714844e-01,-2.421258687973022461e-01,1.000000000000000000e+00,3.896422982215881348e-01,8.828321099281311035e-02,-1.190626621246337891e-01,1.500647813081741333e-01,-1.769864582456648350e-03,-1.333296000957489014e-01,-1.213859394192695618e-01,1.035844087600708008e-01,2.233333885669708252e-01,3.165830671787261963e-02,-9.078979492187500000e-02,4.624001979827880859e-01,4.311442375183105469e-01,-1.777888834476470947e-01,3.252055123448371887e-02,5.423477888107299805e-01,5.060258507728576660e-01,-4.060994088649749756e-02,1.392082870006561279e-01,-8.273125626146793365e-03,4.410059154033660889e-01,3.068220913410186768e-01,2.597111165523529053e-01,4.000033140182495117e-01,5.182633399963378906e-01
-9.916719794273376465e-02,3.652049303054809570e-01,-1.545294821262359619e-01,-1.609257906675338745e-01,1.904614828526973724e-02,-1.245768442749977112e-01,-2.634115517139434814e-01,-1.093895062804222107e-01,1.828404068946838379e-01,2.233163416385650635e-01,-1.535935252904891968e-01,-7.964749634265899658e-02,7.337960600852966309e-02,-3.238898813724517822e-01,-2.239140719175338745e-01,-1.307197064161300659e-01,-2.462316453456878662e-01,-2.062055319547653198e-01,-3.043001890182495117e-01,-2.828918993473052979e-01,-2.373638153076171875e-01,-1.466643959283828735e-01,3.896422982215881348e-01,1.000000000000000000e+00,9.909060783684253693e-03,-9.553847461938858032e-02,1.916435062885284424e-01,7.290087640285491943e-02,-5.790548864752054214e-03,1.342550963163375854e-01,1.709175407886505127e-01,4.505898058414459229e-01,1.552321016788482666e-01,3.893461311236023903e-03,2.282381802797317505e-01,7.329221367835998535e-01,-2.094448804855346680e-01,-3.484986349940299988e-02,2.072713077068328857e-01,2.894859910011291504e-01,-3.146030381321907043e-02,-5.631904676556587219e-02,-1.401655972003936768e-01,4.048582911491394043e-01,2.962598204612731934e-01,9.114420413970947266e-02,7.325811386108398438e-01,4.977684319019317627e-01
-8.738891780376434326e-02,2.021191418170928955e-01,-8.533477783203125000e-02,-1.612172573804855347e-01,2.333117183297872543e-03,-1.858621090650558472e-02,3.333094296976923943e-03,1.571585051715373993e-02,1.317866891622543335e-01,8.157519251108169556e-02,-9.892456233501434326e-03,8.571232110261917114e-02,5.571575835347175598e-02,1.390746086835861206e-01,-1.030049100518226624e-01,-2.264514937996864319e-02,5.369919538497924805e-02,4.205223917961120605e-02,1.178985759615898132e-01,-3.283946961164474487e-02,-8.289889991283416748e-02,-1.509300023317337036e-01,8.828321099281311035e-02,9.909060783684253693e-03,1.000000000000000000e+00,-1.182612255215644836e-01,4.823130667209625244e-01,5.011360049247741699e-01,2.125860303640365601e-01,5.962330475449562073e-02,1.120874136686325073e-01,-2.296561747789382935e-02,2.265576273202896118e-01,-1.072157323360443115e-01,2.463248819112777710e-01,2.991795167326927185e-02,6.159827485680580139e-02,4.696067050099372864e-02,2.004910446703433990e-02,-1.543079763650894165e-01,1.867600157856941223e-02,9.121073782444000244e-02,3.490891680121421814e-02,4.834183305501937866e-02,6.931778788566589355e-02,8.556701987981796265e-02,1.718993484973907471e-02,1.063965782523155212e-01
1.252404600381851196e-01,1.783591955900192261e-01,4.136261940002441406e-01,4.304727911949157715e-01,2.115258425474166870e-01,4.076846539974212646e-01,5.602433085441589355e-01,2.089766561985015869e-01,1.517442911863327026e-01,9.753953665494918823e-02,1.448216736316680908e-01,1.179786920547485352e-01,1.207104176282882690e-01,8.506300300359725952e-02,7.171415537595748901e-02,9.817230701446533203e-02,2.958117127418518066e-01,2.316903024911880493e-01,1.567385047674179077e-01,1.643909513950347900e-01,8.270009607076644897e-02,3.160872310400009155e-02,-1.190626621246337891e-01,-9.553847461938858032e-02,-1.182612255215644836e-01,1.000000000000000000e+00,1.840874203480780125e-03,2.620803005993366241e-02,1.964569836854934692e-01,-6.476111710071563721e-02,3.692156076431274414e-02,3.132042288780212402e-02,-6.869678385555744171e-03,1.675098389387130737e-01,-1.171151101589202881e-01,-1.553655713796615601e-01,1.364179849624633789e-01,2.246319949626922607e-01,-3.862741589546203613e-02,2.167676575481891632e-02,3.355755507946014404e-01,2.477757036685943604e-01,-1.305155754089355469e-01,1.427787244319915771e-01,-2.245108224451541901e-02,3.428180515766143799e-02,-4.692983999848365784e-02,-1.961794793605804443e-01
2.743929624557495117e-01,4.349037110805511475e-01,7.192025333642959595e-02,-7.194383442401885986e-02,1.665176898241043091e-01,6.345405429601669312e-02,3.159520775079727173e-02,-7.358697056770324707e-02,3.085347414016723633e-01,2.740405797958374023e-01,1.384449005126953125e-01,2.410880625247955322e-01,2.571763694286346436e-01,1.621406078338623047e-01,-5.847556889057159424e-02,5.651275441050529480e-02,3.741146251559257507e-02,6.916075944900512695e-02,1.794114359654486179e-03,-1.428726315498352051e-01,-1.257473882287740707e-02,-1.108709648251533508e-01,1.500647813081741333e-01,1.916435062885284424e-01,4.823130667209625244e-01,1.840874203480780125e-03,1.000000000000000000e+00,4.284988939762115479e-01,1.995213478803634644e-01,1.411994397640228271e-01,1.188564002513885498e-01,-1.122012138366699219e-01,4.008908271789550781e-01,-1.152399033308029175e-01,1.277793198823928833e-01,1.119777783751487732e-01,8.685162663459777832e-02,-8.738748729228973389e-03,-6.027823314070701599e-02,-7.258982211351394653e-02,2.138096541166305542e-01,3.907683864235877991e-02,-1.047243773937225342e-01,1.959883570671081543e-01,2.359648942947387695e-01,8.060543984174728394e-02,1.614985615015029907e-01,8.305884897708892822e-02
2.910235226154327393e-01,3.291523754596710205e-01,1.889353692531585693e-01,1.198369413614273071e-01,2.064211666584014893e-01,2.263739407062530518e-01,1.827730089426040649e-01,6.714060157537460327e-02,1.708669662475585938e-01,2.171880304813385010e-01,1.882420480251312256e-01,1.679098159074783325e-01,2.607689797878265381e-01,1.679841876029968262e-01,-1.396240293979644775e-01,8.554897457361221313e-02,1.419820338487625122e-01,7.351510226726531982e-02,2.620529532432556152e-01,2.166953533887863159e-01,3.027685284614562988e-01,1.564209014177322388e-01,-1.769864582456648350e-03,7.290087640285491943e-02,5.011360049247741699e-01,2.620803005993366241e-02,4.284988939762115479e-01,1.000000000000000000e+00,6.021673083305358887e-01,5.370652079582214355e-01,3.913606107234954834e-01,8.762239664793014526e-02,2.174144089221954346e-01,-4.553097113966941833e-02,1.816524714231491089e-01,5.047833546996116638e-02,-6.417377386242151260e-03,-5.093282833695411682e-02,9.283708408474922180e-03,-1.328387856483459473e-01,3.500618338584899902e-01,2.669792175292968750e-01,2.440761476755142212e-01,9.566499292850494385e-02,2.324485778808593750e-01,2.800726294517517090e-01,3.182470425963401794e-02,1.604361385107040405e-01
2.628096640110015869e-01,2.391712218523025513e-01,2.007875591516494751e-01,2.534574568271636963e-01,1.963931769132614136e-01,3.043368756771087646e-01,2.575632035732269287e-01,9.571928530931472778e-02,4.084439203143119812e-02,-5.615267530083656311e-02,1.516584604978561401e-01,2.314206212759017944e-03,9.759755432605743408e-02,1.474500745534896851e-01,-9.543297439813613892e-02,5.135095864534378052e-02,9.682697802782058716e-02,-1.387515943497419357e-02,2.053797692060470581e-01,2.230253666639328003e-01,3.132031857967376709e-01,1.993920952081680298e-01,-1.333296000957489014e-01,-5.790548864752054214e-03,2.125860303640365601e-01,1.964569836854934692e-01,1.995213478803634644e-01,6.021673083305358887e-01,1.000000000000000000e+00,5.197186470031738281e-01,3.662416934967041016e-01,1.778542399406433105e-01,1.815796494483947754e-01,-3.669752553105354309e-02,-3.145828377455472946e-03,1.442222110927104950e-02,-2.412977442145347595e-02,2.814556099474430084e-02,-3.003997169435024261e-02,-5.875788256525993347e-02,3.302924931049346924e-01,1.959685087203979492e-01,1.047258675098419189e-01,3.960763290524482727e-02,9.475494921207427979e-02,2.269360981881618500e-02,-6.109571084380149841e-02,4.562794044613838196e-02
3.692233264446258545e-01,1.545048058032989502e-01,1.989602446556091309e-01,1.693024337291717529e-01,2.306878417730331421e-01,1.576334834098815918e-01,7.139239460229873657e-02,9.278963506221771240e-02,6.438891589641571045e-02,4.436699301004409790e-02,1.880720406770706177e-01,9.223937988281250000e-02,1.927879452705383301e-01,1.324495375156402588e-01,-2.645699493587017059e-02,5.654050037264823914e-02,1.069352999329566956e-01,-1.552003785036504269e-03,1.793104261159896851e-01,1.873457133769989014e-01,3.643425405025482178e-01,2.726389169692993164e-01,-1.213859394192695618e-01,1.342550963163375854e-01,5.962330475449562073e-02,-6.476111710071563721e-02,1.411994397640228271e-01,5.370652079582214355e-01,5.197186470031738281e-01,1.000000000000000000e+00,5.171595215797424316e-01,1.730151027441024780e-01,2.049620300531387329e-01,7.284317910671234131e-02,3.425187990069389343e-02,1.254151761531829834e-01,-6.591367721557617188e-02,-1.009797528386116028e-01,-1.130749508738517761e-01,-6.076746433973312378e-02,2.402388155460357666e-01,1.345166712999343872e-01,3.135798275470733643e-01,2.230649255216121674e-02,1.345894038677215576e-01,1.568616181612014771e-01,5.670040473341941833e-02,1.381593383848667145e-02
4.919572919607162476e-02,2.872880399227142334e-01,2.038297615945339203e-02,8.560026437044143677e-02,1.034779846668243408e-01,6.780226528644561768e-02,1.848564445972442627e-01,4.437100142240524292e-02,1.049159839749336243e-01,1.614283323287963867e-01,1.319430768489837646e-01,-4.721394181251525879e-02,6.837246567010879517e-02,4.175067413598299026e-03,-1.847500950098037720e-01,2.597346156835556030e-02,2.328224629163742065e-01,1.598366945981979370e-01,2.836327254772186279e-01,2.343797087669372559e-01,1.014778092503547668e-01,2.032385617494583130e-01,1.035844087600708008e-01,1.709175407886505127e-01,1.120874136686325073e-01,3.692156076431274414e-02,1.188564002513885498e-01,3.913606107234954834e-01,3.662416934967041016e-01,5.171595215797424316e-01,1.000000000000000000e+00,4.074687063694000244e-01,8.309952169656753540e-02,3.252149373292922974e-02,2.148894220590591431e-01,2.004893422126770020e-01,-6.097196787595748901e-02,-2.311492525041103363e-02,1.085541546344757080e-01,8.701543509960174561e-02,2.386179566383361816e-01,4.057544171810150146e-01,2.226663529872894287e-01,7.464242726564407349e-02,2.479184567928314209e-01,3.018822073936462402e-01,2.537642717361450195e-01,1.841158866882324219e-01
-1.996854543685913086e-01,1.815730780363082886e-01,-2.698587477207183838e-01,-7.462792098522186279e-02,-6.256384402513504028e-02,-4.851754754781723022e-02,-4.807162284851074219e-02,3.967955242842435837e-03,-1.694978773593902588e-02,-2.344780974090099335e-02,-1.748623549938201904e-01,-2.363203018903732300e-01,-1.546938270330429077e-01,-1.404378265142440796e-01,-3.594184815883636475e-01,-1.732520163059234619e-01,-1.271599438041448593e-02,-4.127326607704162598e-02,-4.511085897684097290e-02,5.158147960901260376e-02,-6.374285370111465454e-02,1.368139386177062988e-01,2.233333885669708252e-01,4.505898058414459229e-01,-2.296561747789382935e-02,3.132042288780212402e-02,-1.122012138366699219e-01,8.762239664793014526e-02,1.778542399406433105e-01,1.730151027441024780e-01,4.074687063694000244e-01,1.000000000000000000e+00,-4.204582050442695618e-02,2.724143676459789276e-02,2.541225850582122803e-01,4.990609288215637207e-01,-7.910303771495819092e-02,-7.768975943326950073e-02,2.881763279438018799e-01,1.329939812421798706e-01,1.032779365777969360e-01,3.132569193840026855e-01,1.386755555868148804e-01,9.836109727621078491e-02,1.442614346742630005e-01,1.344759464263916016e-01,4.791455864906311035e-01,3.890143632888793945e-01
