1.000000000000000000e+00,3.973993957042694092e-01,7.110452651977539062e-01,7.668958306312561035e-01,6.871604323387145996e-01,5.740102529525756836e-01,5.490626096725463867e-01,2.767282128334045410e-01,4.261715114116668701e-01,4.954942762851715088e-01,3.708197474479675293e-01,6.937621235847473145e-01,6.699501276016235352e-01,4.334238171577453613e-01,6.945443749427795410e-01,6.258770227432250977e-01,5.720403194427490234e-01,5.178238153457641602e-01,2.832809388637542725e-01,4.249388575553894043e-01,6.660017967224121094e-01,5.650936365127563477e-01,1.873839646577835083e-01,2.168329507112503052e-01,4.803418517112731934e-01,4.069429636001586914e-01,5.260719656944274902e-01,7.484347224235534668e-01,5.830075740814208984e-01,5.256463289260864258e-01,4.535481929779052734e-01,1.515113115310668945e-01,5.424330234527587891e-01,1.776947975158691406e-01,3.941243588924407959e-01,1.128782704472541809e-01,2.542083263397216797e-01,4.303652048110961914e-01,2.185395210981369019e-01,-2.296011894941329956e-02,3.862766623497009277e-01,3.944829106330871582e-01,2.746398150920867920e-01,1.471492052078247070e-01,4.150973260402679443e-01,5.287193655967712402e-01,2.520748674869537354e-01,1.356204301118850708e-01
3.973993957042694092e-01,1.000000000000000000e+00,2.487660795450210571e-01,3.466767966747283936e-01,2.597259581089019775e-01,7.143538594245910645e-01,6.361362934112548828e-01,2.225227057933807373e-01,3.266945183277130127e-01,4.270316362380981445e-01,9.707050048746168613e-05,1.808342188596725464e-01,2.767099440097808838e-01,9.221272170543670654e-02,1.979114711284637451e-01,3.885809779167175293e-01,5.578054189682006836e-01,4.684764444828033447e-01,6.701550483703613281e-01,6.583488583564758301e-01,3.513205051422119141e-01,4.302120804786682129e-01,4.469511508941650391e-01,5.221863389015197754e-01,1.363148838281631470e-01,5.958243608474731445e-01,4.710063934326171875e-01,4.885793924331665039e-01,6.567283272743225098e-01,2.687079608440399170e-01,3.719953000545501709e-01,5.226554870605468750e-01,4.992970228195190430e-01,2.157803177833557129e-01,3.432871401309967041e-01,3.718976378440856934e-01,1.667648851871490479e-01,2.107240855693817139e-01,3.449575006961822510e-01,2.370401024818420410e-01,6.784782409667968750e-01,8.093539476394653320e-01,7.699023485183715820e-01,5.055263042449951172e-01,7.409087419509887695e-01,6.134078502655029297e-01,4.510515332221984863e-01,1.666908115148544312e-01
7.110452651977539062e-01,2.487660795450210571e-01,1.000000000000000000e+00,8.365492820739746094e-01,6.312073469161987305e-01,4.435442388057708740e-01,6.370181441307067871e-01,3.601069748401641846e-01,3.318536281585693359e-01,4.159209430217742920e-01,4.863944649696350098e-01,6.158505678176879883e-01,6.172547936439514160e-01,5.379754900932312012e-01,5.382482409477233887e-01,4.604665935039520264e-01,6.062020063400268555e-01,5.239467620849609375e-01,1.440705507993698120e-01,3.362196683883666992e-01,5.632794499397277832e-01,5.361608266830444336e-01,1.954353302717208862e-01,9.746794402599334717e-02,3.530433773994445801e-01,5.320716500282287598e-01,3.458156585693359375e-01,6.869161128997802734e-01,5.129118561744689941e-01,4.356620907783508301e-01,3.971280455589294434e-01,6.400264799594879150e-02,3.828975558280944824e-01,2.861262559890747070e-01,3.682292103767395020e-01,9.847121685743331909e-02,4.232683479785919189e-01,5.039438605308532715e-01,1.408070474863052368e-01,-3.413336724042892456e-02,2.888774573802947998e-01,2.696917057037353516e-01,1.839138418436050415e-01,9.266288578510284424e-02,3.236588537693023682e-01,5.253381729125976562e-01,1.536321192979812622e-01,1.249512434005737305e-01
7.668958306312561035e-01,3.466767966747283936e-01,8.365492820739746094e-01,1.000000000000000000e+00,6.082876324653625488e-01,5.133283138275146484e-01,6.090351939201354980e-01,1.358018517494201660e-01,2.282007932662963867e-01,3.727691471576690674e-01,2.940021455287933350e-01,5.504906773567199707e-01,5.898782014846801758e-01,3.103524744510650635e-01,4.959741830825805664e-01,5.575892329216003418e-01,5.699933767318725586e-01,4.705791175365447998e-01,2.619195282459259033e-01,4.628956913948059082e-01,6.852529048919677734e-01,6.049697995185852051e-01,1.642716825008392334e-01,1.932786256074905396e-01,2.192105501890182495e-01,4.428791999816894531e-01,3.466147184371948242e-01,6.595058441162109375e-01,5.041033029556274414e-01,4.345048964023590088e-01,4.314515590667724609e-01,1.541234552860260010e-01,3.470656871795654297e-01,1.248177066445350647e-01,3.454465270042419434e-01,1.107511967420578003e-01,2.281818240880966187e-01,3.361904025077819824e-01,1.132911816239356995e-01,-5.504060536623001099e-02,4.136099517345428467e-01,3.459879457950592041e-01,2.463365644216537476e-01,7.283024489879608154e-02,3.995504975318908691e-01,5.086824297904968262e-01,2.427586764097213745e-01,1.586535423994064331e-01
6.871604323387145996e-01,2.597259581089019775e-01,6.312073469161987305e-01,6.082876324653625488e-01,1.000000000000000000e+00,5.680850148200988770e-01,3.432445228099822998e-01,2.909908592700958252e-01,3.603305816650390625e-01,4.945262074470520020e-01,5.522161722183227539e-01,7.549280524253845215e-01,7.148161530494689941e-01,4.199979305267333984e-01,4.196115136146545410e-01,4.997920989990234375e-01,2.907741367816925049e-01,2.487417012453079224e-01,1.261583343148231506e-02,1.761567294597625732e-01,5.565187931060791016e-01,3.041607141494750977e-01,1.070567816495895386e-01,9.105104953050613403e-03,3.369273543357849121e-01,2.658410966396331787e-01,3.119432330131530762e-01,6.200461387634277344e-01,3.524650335311889648e-01,3.630819916725158691e-01,2.194154411554336548e-01,-1.357423961162567139e-01,4.016906917095184326e-01,1.936165094375610352e-01,3.128612935543060303e-01,-7.277136296033859253e-02,2.217047512531280518e-01,3.692040443420410156e-01,2.132772505283355713e-01,-1.134745851159095764e-01,4.155344069004058838e-01,2.397580146789550781e-01,7.700177282094955444e-02,5.927967652678489685e-02,3.149463236331939697e-01,3.661707043647766113e-01,5.276719108223915100e-02,3.893748298287391663e-02
5.740102529525756836e-01,7.143538594245910645e-01,4.435442388057708740e-01,5.133283138275146484e-01,5.680850148200988770e-01,1.000000000000000000e+00,6.568777561187744141e-01,2.955550551414489746e-01,3.946421444416046143e-01,4.986432194709777832e-01,1.930955648422241211e-01,3.974697291851043701e-01,5.224368572235107422e-01,2.796991169452667236e-01,3.740059435367584229e-01,5.395045876502990723e-01,5.569185018539428711e-01,4.951710700988769531e-01,6.023581027984619141e-01,6.940471529960632324e-01,5.147569775581359863e-01,5.099627375602722168e-01,4.364947974681854248e-01,4.703191518783569336e-01,2.749063372611999512e-01,5.732945203781127930e-01,4.563661217689514160e-01,5.711131095886230469e-01,5.935753583908081055e-01,2.895538210868835449e-01,3.611455857753753662e-01,4.017820954322814941e-01,5.892881751060485840e-01,2.585484385490417480e-01,3.690745830535888672e-01,2.913367748260498047e-01,2.572495639324188232e-01,3.526318669319152832e-01,4.043781459331512451e-01,1.857361495494842529e-01,6.345816254615783691e-01,6.349478363990783691e-01,6.286951303482055664e-01,2.411608844995498657e-01,6.054273247718811035e-01,5.838965177536010742e-01,4.097985327243804932e-01,1.922709792852401733e-01
5.490626096725463867e-01,6.361362934112548828e-01,6.370181441307067871e-01,6.090351939201354980e-01,3.432445228099822998e-01,6.568777561187744141e-01,1.000000000000000000e+00,4.599974155426025391e-01,5.186219811439514160e-01,5.261756181716918945e-01,1.797388643026351929e-01,2.825225293636322021e-01,3.357800245285034180e-01,4.478008747100830078e-01,4.567486643791198730e-01,4.518721103668212891e-01,9.006680250167846680e-01,7.856323122978210449e-01,6.422281861305236816e-01,6.867615580558776855e-01,3.539894223213195801e-01,6.508902311325073242e-01,4.708111286163330078e-01,5.107215046882629395e-01,4.116323888301849365e-01,8.557053804397583008e-01,5.188080668449401855e-01,5.400235056877136230e-01,7.022142410278320312e-01,3.644604682922363281e-01,4.944943189620971680e-01,5.559223890304565430e-01,6.054596304893493652e-01,3.903707861900329590e-01,4.372400343418121338e-01,4.810182452201843262e-01,5.236051678657531738e-01,4.995459616184234619e-01,3.718575835227966309e-01,2.660195529460906982e-01,4.837879836559295654e-01,6.822285652160644531e-01,6.421721577644348145e-01,3.545712232589721680e-01,5.150175094604492188e-01,7.265440225601196289e-01,4.754752814769744873e-01,2.557443380355834961e-01
2.767282128334045410e-01,2.225227057933807373e-01,3.601069748401641846e-01,1.358018517494201660e-01,2.909908592700958252e-01,2.955550551414489746e-01,4.599974155426025391e-01,1.000000000000000000e+00,6.525510549545288086e-01,4.229724705219268799e-01,5.412014722824096680e-01,3.257934153079986572e-01,3.295912146568298340e-01,6.618094444274902344e-01,4.179322421550750732e-01,2.213230133056640625e-01,4.781665802001953125e-01,4.739657640457153320e-01,1.827415674924850464e-01,2.338903844356536865e-01,6.587864458560943604e-02,1.775579005479812622e-01,3.467484414577484131e-01,8.975315093994140625e-02,5.638663172721862793e-01,4.831911027431488037e-01,2.742652595043182373e-01,2.894648313522338867e-01,3.504208326339721680e-01,3.120830357074737549e-01,2.990855574607849121e-01,7.599616795778274536e-02,5.580797195434570312e-01,6.315380930900573730e-01,3.088515102863311768e-01,3.228820264339447021e-01,6.817729473114013672e-01,6.397196054458618164e-01,4.358578324317932129e-01,1.490644216537475586e-01,9.105161577463150024e-02,2.679290175437927246e-01,2.177803814411163330e-01,3.571133911609649658e-01,1.803460121154785156e-01,4.409188330173492432e-01,6.515624374151229858e-02,6.091352552175521851e-03
4.261715114116668701e-01,3.266945183277130127e-01,3.318536281585693359e-01,2.282007932662963867e-01,3.603305816650390625e-01,3.946421444416046143e-01,5.186219811439514160e-01,6.525510549545288086e-01,1.000000000000000000e+00,6.362753510475158691e-01,4.133423268795013428e-01,4.165157675743103027e-01,3.384797275066375732e-01,4.861021935939788818e-01,3.677774965763092041e-01,3.568306565284729004e-01,5.478465557098388672e-01,5.381314158439636230e-01,2.839355468750000000e-01,3.458445370197296143e-01,1.702608466148376465e-01,2.934677302837371826e-01,3.186582922935485840e-01,2.751849591732025146e-01,5.020505785942077637e-01,4.911262094974517822e-01,3.888802230358123779e-01,3.643253743648529053e-01,3.816578090190887451e-01,3.441695570945739746e-01,4.022138714790344238e-01,2.493020743131637573e-01,5.416619777679443359e-01,4.149753153324127197e-01,4.105508029460906982e-01,4.228249490261077881e-01,5.305147171020507812e-01,5.321977734565734863e-01,4.904947876930236816e-01,2.272115200757980347e-01,1.817044466733932495e-01,4.143465757369995117e-01,3.420555591583251953e-01,3.588751852512359619e-01,2.991571724414825439e-01,5.563634037971496582e-01,2.992956042289733887e-01,9.480231255292892456e-02
4.954942762851715088e-01,4.270316362380981445e-01,4.159209430217742920e-01,3.727691471576690674e-01,4.945262074470520020e-01,4.986432194709777832e-01,5.261756181716918945e-01,4.229724705219268799e-01,6.362753510475158691e-01,1.000000000000000000e+00,4.689258038997650146e-01,5.750728845596313477e-01,5.490695238113403320e-01,3.217237293720245361e-01,2.993136942386627197e-01,4.795832633972167969e-01,5.228514671325683594e-01,3.868944942951202393e-01,2.392839342355728149e-01,3.462215960025787354e-01,3.528522551059722900e-01,2.946707904338836670e-01,3.062321543693542480e-01,3.202435970306396484e-01,3.407990038394927979e-01,4.539397358894348145e-01,3.647201955318450928e-01,5.343101024627685547e-01,4.628430604934692383e-01,3.783936500549316406e-01,3.246701955795288086e-01,2.074299752712249756e-01,3.737706542015075684e-01,2.579631805419921875e-01,3.792911767959594727e-01,2.164323776960372925e-01,2.446832507848739624e-01,3.528970479965209961e-01,3.440915346145629883e-01,1.075864657759666443e-01,3.665466606616973877e-01,4.727445542812347412e-01,3.866858482360839844e-01,2.607851028442382812e-01,4.402809739112854004e-01,6.229994297027587891e-01,2.262236624956130981e-01,1.681825965642929077e-01
3.708197474479675293e-01,9.707050048746168613e-05,4.863944649696350098e-01,2.940021455287933350e-01,5.522161722183227539e-01,1.930955648422241211e-01,1.797388643026351929e-01,5.412014722824096680e-01,4.133423268795013428e-01,4.689258038997650146e-01,1.000000000000000000e+00,6.764742136001586914e-01,6.587269306182861328e-01,4.979306161403656006e-01,2.945071756839752197e-01,3.384383618831634521e-01,2.117228507995605469e-01,1.366276293992996216e-01,-2.734495699405670166e-01,-1.370770782232284546e-01,3.014362454414367676e-01,1.419125348329544067e-01,1.902901530265808105e-01,-5.250323936343193054e-02,3.543575406074523926e-01,1.974031627178192139e-01,1.678670197725296021e-01,4.679277241230010986e-01,2.079537361860275269e-01,4.438941180706024170e-01,2.873427867889404297e-01,-2.870369553565979004e-01,1.820715814828872681e-01,4.021032452583312988e-01,3.830154836177825928e-01,-3.186513856053352356e-02,3.543662726879119873e-01,5.550332665443420410e-01,3.192777037620544434e-01,-6.022248044610023499e-02,2.584548853337764740e-02,7.935136556625366211e-02,-4.024369642138481140e-02,-3.902750089764595032e-02,2.092764973640441895e-01,2.743418812751770020e-01,-7.469402253627777100e-02,-2.408728934824466705e-02
6.937621235847473145e-01,1.808342188596725464e-01,6.158505678176879883e-01,5.504906773567199707e-01,7.549280524253845215e-01,3.974697291851043701e-01,2.825225293636322021e-01,3.257934153079986572e-01,4.165157675743103027e-01,5.750728845596313477e-01,6.764742136001586914e-01,1.000000000000000000e+00,7.951451539993286133e-01,4.946818351745605469e-01,5.157634615898132324e-01,5.377768278121948242e-01,2.989099323749542236e-01,2.354955822229385376e-01,-8.195963501930236816e-02,1.190293654799461365e-01,6.257933378219604492e-01,3.044903874397277832e-01,8.037684112787246704e-02,6.354463752359151840e-03,4.190344810485839844e-01,2.200358659029006958e-01,3.281166255474090576e-01,6.485348343849182129e-01,3.437997102737426758e-01,4.839176833629608154e-01,3.054043054580688477e-01,-1.606635153293609619e-01,3.664408624172210693e-01,1.935289055109024048e-01,3.531537055969238281e-01,-9.275049716234207153e-02,1.993713825941085815e-01,3.875876963138580322e-01,2.298023700714111328e-01,-1.072476208209991455e-01,1.855371743440628052e-01,1.666143238544464111e-01,4.571742564439773560e-02,7.153328508138656616e-03,3.182248473167419434e-01,3.648618757724761963e-01,5.307611823081970215e-02,4.462834075093269348e-02
6.699501276016235352e-01,2.767099440097808838e-01,6.172547936439514160e-01,5.898782014846801758e-01,7.148161530494689941e-01,5.224368572235107422e-01,3.357800245285034180e-01,3.295912146568298340e-01,3.384797275066375732e-01,5.490695238113403320e-01,6.587269306182861328e-01,7.951451539993286133e-01,1.000000000000000000e+00,4.110833704471588135e-01,5.329744219779968262e-01,6.504154205322265625e-01,3.514977991580963135e-01,2.545769214630126953e-01,3.539213910698890686e-02,2.780105471611022949e-01,6.779304146766662598e-01,4.168581664562225342e-01,2.561443448066711426e-01,1.113139912486076355e-01,4.002940952777862549e-01,2.543037235736846924e-01,3.834754526615142822e-01,6.862616539001464844e-01,4.464320838451385498e-01,4.961013793945312500e-01,3.566676676273345947e-01,-6.057492271065711975e-02,3.642746806144714355e-01,2.178212106227874756e-01,3.726752400398254395e-01,-4.240990802645683289e-02,2.214446216821670532e-01,4.432224333286285400e-01,3.429922759532928467e-01,-8.664253354072570801e-02,2.483948916196823120e-01,2.758176326751708984e-01,1.731254458427429199e-01,2.984926849603652954e-02,4.284341633319854736e-01,4.569632709026336670e-01,6.735754013061523438e-02,7.819376885890960693e-02
4.334238171577453613e-01,9.221272170543670654e-02,5.379754900932312012e-01,3.103524744510650635e-01,4.199979305267333984e-01,2.796991169452667236e-01,4.478008747100830078e-01,6.618094444274902344e-01,4.861021935939788818e-01,3.217237293720245361e-01,4.979306161403656006e-01,4.946818351745605469e-01,4.110833704471588135e-01,1.000000000000000000e+00,5.479530692100524902e-01,2.132625281810760498e-01,4.728018045425415039e-01,5.594419240951538086e-01,1.339237987995147705e-01,2.437579929828643799e-01,2.312617003917694092e-01,3.273727297782897949e-01,2.017679810523986816e-01,7.524181902408599854e-02,5.658134818077087402e-01,4.583032131195068359e-01,3.203479349613189697e-01,3.313212692737579346e-01,2.940249741077423096e-01,3.310682773590087891e-01,3.101276755332946777e-01,6.101037189364433289e-02,5.586475133895874023e-01,5.253711342811584473e-01,2.646171152591705322e-01,2.119409143924713135e-01,7.259376645088195801e-01,6.184271574020385742e-01,2.885037362575531006e-01,7.642363011837005615e-02,-2.655520103871822357e-02,1.126318871974945068e-01,1.004057154059410095e-01,1.861019283533096313e-01,1.096540093421936035e-01,3.995116055011749268e-01,1.353306919336318970e-01,3.767553344368934631e-02
6.945443749427795410e-01,1.979114711284637451e-01,5.382482409477233887e-01,4.959741830825805664e-01,4.196115136146545410e-01,3.740059435367584229e-01,4.567486643791198730e-01,4.179322421550750732e-01,3.677774965763092041e-01,2.993136942386627197e-01,2.945071756839752197e-01,5.157634615898132324e-01,5.329744219779968262e-01,5.479530692100524902e-01,1.000000000000000000e+00,5.529614090919494629e-01,5.039246082305908203e-01,5.029695034027099609e-01,2.303022593259811401e-01,3.446489274501800537e-01,3.999854624271392822e-01,4.639685153961181641e-01,1.650684326887130737e-01,1.093592718243598938e-01,6.874364018440246582e-01,3.646407127380371094e-01,5.666166543960571289e-01,4.947757124900817871e-01,4.727227985858917236e-01,4.017669558525085449e-01,3.319222927093505859e-01,1.057478040456771851e-01,5.830492377281188965e-01,2.151827812194824219e-01,2.535761594772338867e-01,7.475002110004425049e-02,4.205100834369659424e-01,5.650616884231567383e-01,2.405983209609985352e-01,6.402486935257911682e-03,8.808213472366333008e-02,2.149575501680374146e-01,1.415194123983383179e-01,1.261958181858062744e-01,1.666954457759857178e-01,4.175420701503753662e-01,1.218477711081504822e-01,1.215099990367889404e-01
6.258770227432250977e-01,3.885809779167175293e-01,4.604665935039520264e-01,5.575892329216003418e-01,4.997920989990234375e-01,5.395045876502990723e-01,4.518721103668212891e-01,2.213230133056640625e-01,3.568306565284729004e-01,4.795832633972167969e-01,3.384383618831634521e-01,5.377768278121948242e-01,6.504154205322265625e-01,2.132625281810760498e-01,5.529614090919494629e-01,1.000000000000000000e+00,4.437457919120788574e-01,3.907798230648040771e-01,2.778023183345794678e-01,4.589401185512542725e-01,5.285227894783020020e-01,5.172212719917297363e-01,2.795802950859069824e-01,2.487629950046539307e-01,3.707090020179748535e-01,3.427186906337738037e-01,5.116554498672485352e-01,5.566706061363220215e-01,4.921543598175048828e-01,4.835456609725952148e-01,4.239987134933471680e-01,1.969529837369918823e-01,4.117326438426971436e-01,2.334036380052566528e-01,4.696741104125976562e-01,1.729614585638046265e-01,2.511119544506072998e-01,4.800119400024414062e-01,5.425807237625122070e-01,2.646690234541893005e-02,2.539550364017486572e-01,3.710392415523529053e-01,2.985173165798187256e-01,1.652891486883163452e-01,3.667873144149780273e-01,4.693166613578796387e-01,1.906300038099288940e-01,1.071012616157531738e-01
5.720403194427490234e-01,5.578054189682006836e-01,6.062020063400268555e-01,5.699933767318725586e-01,2.907741367816925049e-01,5.569185018539428711e-01,9.006680250167846680e-01,4.781665802001953125e-01,5.478465557098388672e-01,5.228514671325683594e-01,2.117228507995605469e-01,2.989099323749542236e-01,3.514977991580963135e-01,4.728018045425415039e-01,5.039246082305908203e-01,4.437457919120788574e-01,1.000000000000000000e+00,8.235877156257629395e-01,6.308295130729675293e-01,6.420540809631347656e-01,3.807313740253448486e-01,6.848904490470886230e-01,4.572144448757171631e-01,5.049762129783630371e-01,4.971950054168701172e-01,7.604416012763977051e-01,5.526577830314636230e-01,5.329635143280029297e-01,6.971915364265441895e-01,4.180817902088165283e-01,5.689787864685058594e-01,5.335544347763061523e-01,5.865885019302368164e-01,3.646132647991180420e-01,4.081185460090637207e-01,4.671370685100555420e-01,5.290801525115966797e-01,5.093987584114074707e-01,3.413877189159393311e-01,2.429506927728652954e-01,3.463909029960632324e-01,6.347814798355102539e-01,6.167333722114562988e-01,3.594710826873779297e-01,4.818362593650817871e-01,7.228578925132751465e-01,4.758623242378234863e-01,2.982586920261383057e-01
5.178238153457641602e-01,4.684764444828033447e-01,5.239467620849609375e-01,4.705791175365447998e-01,2.487417012453079224e-01,4.951710700988769531e-01,7.856323122978210449e-01,4.739657640457153320e-01,5.381314158439636230e-01,3.868944942951202393e-01,1.366276293992996216e-01,2.354955822229385376e-01,2.545769214630126953e-01,5.594419240951538086e-01,5.029695034027099609e-01,3.907798230648040771e-01,8.235877156257629395e-01,1.000000000000000000e+00,6.383376717567443848e-01,5.993776917457580566e-01,2.894881367683410645e-01,6.429377794265747070e-01,4.597071111202239990e-01,4.560149312019348145e-01,5.130661129951477051e-01,6.887521147727966309e-01,5.356443524360656738e-01,3.823440968990325928e-01,5.327931046485900879e-01,3.885493278503417969e-01,5.409430861473083496e-01,5.036231279373168945e-01,6.199539303779602051e-01,3.998323976993560791e-01,3.265911042690277100e-01,4.802723228931427002e-01,6.169847846031188965e-01,5.473675131797790527e-01,3.398666679859161377e-01,2.847804129123687744e-01,2.376289367675781250e-01,4.907686710357666016e-01,5.488038659095764160e-01,3.380605876445770264e-01,3.363125920295715332e-01,6.009331345558166504e-01,4.294669330120086670e-01,2.974646091461181641e-01
2.832809388637542725e-01,6.701550483703613281e-01,1.440705507993698120e-01,2.619195282459259033e-01,1.261583343148231506e-02,6.023581027984619141e-01,6.422281861305236816e-01,1.827415674924850464e-01,2.839355468750000000e-01,2.392839342355728149e-01,-2.734495699405670166e-01,-8.195963501930236816e-02,3.539213910698890686e-02,1.339237987995147705e-01,2.303022593259811401e-01,2.778023183345794678e-01,6.308295130729675293e-01,6.383376717567443848e-01,1.000000000000000000e+00,8.080468773841857910e-01,2.303765267133712769e-01,4.770178794860839844e-01,4.382275938987731934e-01,5.430058240890502930e-01,2.217882424592971802e-01,5.443357229232788086e-01,3.931470215320587158e-01,1.837639510631561279e-01,4.649235904216766357e-01,1.024826765060424805e-01,3.380610048770904541e-01,6.570191979408264160e-01,5.085893273353576660e-01,1.611701697111129761e-01,1.565504968166351318e-01,4.158435165882110596e-01,2.572459876537322998e-01,1.969746798276901245e-01,2.479654401540756226e-01,2.588284015655517578e-01,4.081351757049560547e-01,6.197291612625122070e-01,7.415021657943725586e-01,4.029668867588043213e-01,4.231986999511718750e-01,5.120818614959716797e-01,4.858171045780181885e-01,2.230523079633712769e-01
4.249388575553894043e-01,6.583488583564758301e-01,3.362196683883666992e-01,4.628956913948059082e-01,1.761567294597625732e-01,6.940471529960632324e-01,6.867615580558776855e-01,2.338903844356536865e-01,3.458445370197296143e-01,3.462215960025787354e-01,-1.370770782232284546e-01,1.190293654799461365e-01,2.780105471611022949e-01,2.437579929828643799e-01,3.446489274501800537e-01,4.589401185512542725e-01,6.420540809631347656e-01,5.993776917457580566e-01,8.080468773841857910e-01,1.000000000000000000e+00,4.893508255481719971e-01,5.522635579109191895e-01,4.168671667575836182e-01,5.001498460769653320e-01,2.203485816717147827e-01,5.758216381072998047e-01,4.121323823928833008e-01,3.588534295558929443e-01,5.539389848709106445e-01,2.046467512845993042e-01,4.098302125930786133e-01,6.065254807472229004e-01,5.853863954544067383e-01,2.233412563800811768e-01,2.886192202568054199e-01,4.064835309982299805e-01,3.448179662227630615e-01,2.824853062629699707e-01,3.683305382728576660e-01,2.143837213516235352e-01,4.282757043838500977e-01,5.724351406097412109e-01,6.647166013717651367e-01,3.173950314521789551e-01,4.930588006973266602e-01,5.944830179214477539e-01,4.802015125751495361e-01,1.611629724502563477e-01
6.660017967224121094e-01,3.513205051422119141e-01,5.632794499397277832e-01,6.852529048919677734e-01,5.565187931060791016e-01,5.147569775581359863e-01,3.539894223213195801e-01,6.587864458560943604e-02,1.702608466148376465e-01,3.528522551059722900e-01,3.014362454414367676e-01,6.257933378219604492e-01,6.779304146766662598e-01,2.312617003917694092e-01,3.999854624271392822e-01,5.285227894783020020e-01,3.807313740253448486e-01,2.894881367683410645e-01,2.303765267133712769e-01,4.893508255481719971e-01,1.000000000000000000e+00,5.032365918159484863e-01,1.248570531606674194e-01,1.910345107316970825e-01,1.865929663181304932e-01,1.927155703306198120e-01,3.116164803504943848e-01,6.061263680458068848e-01,4.044609963893890381e-01,4.452797174453735352e-01,4.831817150115966797e-01,1.224859729409217834e-01,3.463377952575683594e-01,6.966708693653345108e-03,2.845265865325927734e-01,4.237365443259477615e-03,6.628003716468811035e-02,1.948046386241912842e-01,1.024824231863021851e-01,-1.356402188539505005e-01,3.028204441070556641e-01,2.959323823451995850e-01,2.614096701145172119e-01,2.949546836316585541e-02,4.570665955543518066e-01,3.937035799026489258e-01,2.372764199972152710e-01,8.912487328052520752e-02
5.650936365127563477e-01,4.302120804786682129e-01,5.361608266830444336e-01,6.049697995185852051e-01,3.041607141494750977e-01,5.099627375602722168e-01,6.508902311325073242e-01,1.775579005479812622e-01,2.934677302837371826e-01,2.946707904338836670e-01,1.419125348329544067e-01,3.044903874397277832e-01,4.168581664562225342e-01,3.273727297782897949e-01,4.639685153961181641e-01,5.172212719917297363e-01,6.848904490470886230e-01,6.429377794265747070e-01,4.770178794860839844e-01,5.522635579109191895e-01,5.032365918159484863e-01,1.000000000000000000e+00,5.688269138336181641e-01,5.355030298233032227e-01,3.745833635330200195e-01,5.064888000488281250e-01,5.078570246696472168e-01,4.975187778472900391e-01,5.763943195343017578e-01,4.891709387302398682e-01,6.728739738464355469e-01,5.910335183143615723e-01,4.521318972110748291e-01,1.476084887981414795e-01,3.538049161434173584e-01,4.354403614997863770e-01,3.467857241630554199e-01,3.706460595130920410e-01,3.250471055507659912e-01,3.315789997577667236e-01,2.580852806568145752e-01,4.460394978523254395e-01,4.610540866851806641e-01,1.633877903223037720e-01,4.035010635852813721e-01,5.638816952705383301e-01,5.314833521842956543e-01,4.054663777351379395e-01
1.873839646577835083e-01,4.469511508941650391e-01,1.954353302717208862e-01,1.642716825008392334e-01,1.070567816495895386e-01,4.364947974681854248e-01,4.708111286163330078e-01,3.467484414577484131e-01,3.186582922935485840e-01,3.062321543693542480e-01,1.902901530265808105e-01,8.037684112787246704e-02,2.561443448066711426e-01,2.017679810523986816e-01,1.650684326887130737e-01,2.795802950859069824e-01,4.572144448757171631e-01,4.597071111202239990e-01,4.382275938987731934e-01,4.168671667575836182e-01,1.248570531606674194e-01,5.688269138336181641e-01,1.000000000000000000e+00,5.509103536605834961e-01,2.353262901306152344e-01,4.575125575065612793e-01,3.140178918838500977e-01,2.858783304691314697e-01,4.280826151371002197e-01,2.266488820314407349e-01,3.245655298233032227e-01,4.784347712993621826e-01,3.656995296478271484e-01,2.920224070549011230e-01,3.233902752399444580e-01,5.001245141029357910e-01,3.072042763233184814e-01,3.397623300552368164e-01,5.265570878982543945e-01,6.865345239639282227e-01,3.196762204170227051e-01,4.070139825344085693e-01,5.605773925781250000e-01,2.420390844345092773e-01,3.605353832244873047e-01,4.429979026317596436e-01,3.855194449424743652e-01,5.585522055625915527e-01
2.168329507112503052e-01,5.221863389015197754e-01,9.746794402599334717e-02,1.932786256074905396e-01,9.105104953050613403e-03,4.703191518783569336e-01,5.107215046882629395e-01,8.975315093994140625e-02,2.751849591732025146e-01,3.202435970306396484e-01,-5.250323936343193054e-02,6.354463752359151840e-03,1.113139912486076355e-01,7.524181902408599854e-02,1.093592718243598938e-01,2.487629950046539307e-01,5.049762129783630371e-01,4.560149312019348145e-01,5.430058240890502930e-01,5.001498460769653320e-01,1.910345107316970825e-01,5.355030298233032227e-01,5.509103536605834961e-01,1.000000000000000000e+00,1.146597415208816528e-01,4.585689008235931396e-01,3.227406442165374756e-01,2.637807130813598633e-01,4.403951168060302734e-01,2.790611386299133301e-01,4.197079837322235107e-01,6.740447282791137695e-01,3.560841083526611328e-01,1.544129401445388794e-01,3.419025540351867676e-01,6.765443086624145508e-01,1.762877851724624634e-01,1.784745454788208008e-01,3.615230023860931396e-01,5.369438529014587402e-01,4.231424629688262939e-01,5.182335972785949707e-01,5.805159807205200195e-01,2.063312083482742310e-01,4.842775464057922363e-01,4.745175242424011230e-01,7.746130824089050293e-01,4.702864885330200195e-01
4.803418517112731934e-01,1.363148838281631470e-01,3.530433773994445801e-01,2.192105501890182495e-01,3.369273543357849121e-01,2.749063372611999512e-01,4.116323888301849365e-01,5.638663172721862793e-01,5.020505785942077637e-01,3.407990038394927979e-01,3.543575406074523926e-01,4.190344810485839844e-01,4.002940952777862549e-01,5.658134818077087402e-01,6.874364018440246582e-01,3.707090020179748535e-01,4.971950054168701172e-01,5.130661129951477051e-01,2.217882424592971802e-01,2.203485816717147827e-01,1.865929663181304932e-01,3.745833635330200195e-01,2.353262901306152344e-01,1.146597415208816528e-01,1.000000000000000000e+00,3.672880232334136963e-01,6.243554949760437012e-01,3.950985670089721680e-01,4.380905032157897949e-01,3.529635667800903320e-01,3.545621931552886963e-01,1.309593915939331055e-01,6.775433421134948730e-01,3.362049460411071777e-01,2.036683857440948486e-01,1.531459093093872070e-01,5.136855244636535645e-01,5.779080390930175781e-01,3.006400167942047119e-01,3.005024231970310211e-02,-3.162828087806701660e-02,1.478485316038131714e-01,1.373554617166519165e-01,1.960965692996978760e-01,1.056814789772033691e-01,3.913184702396392822e-01,1.206151843070983887e-01,6.748526543378829956e-02
4.069429636001586914e-01,5.958243608474731445e-01,5.320716500282287598e-01,4.428791999816894531e-01,2.658410966396331787e-01,5.732945203781127930e-01,8.557053804397583008e-01,4.831911027431488037e-01,4.911262094974517822e-01,4.539397358894348145e-01,1.974031627178192139e-01,2.200358659029006958e-01,2.543037235736846924e-01,4.583032131195068359e-01,3.646407127380371094e-01,3.427186906337738037e-01,7.604416012763977051e-01,6.887521147727966309e-01,5.443357229232788086e-01,5.758216381072998047e-01,1.927155703306198120e-01,5.064888000488281250e-01,4.575125575065612793e-01,4.585689008235931396e-01,3.672880232334136963e-01,1.000000000000000000e+00,4.573329091072082520e-01,4.673274159431457520e-01,6.483531594276428223e-01,3.502766191959381104e-01,4.187191724777221680e-01,5.149756669998168945e-01,5.732941031455993652e-01,4.689020216464996338e-01,4.420688450336456299e-01,4.658293128013610840e-01,5.525757074356079102e-01,5.002465844154357910e-01,4.119238257408142090e-01,2.785919606685638428e-01,4.618044793605804443e-01,6.343975663185119629e-01,6.158849000930786133e-01,3.091153502464294434e-01,4.707413911819458008e-01,6.415047049522399902e-01,4.245841503143310547e-01,1.278573423624038696e-01
5.260719656944274902e-01,4.710063934326171875e-01,3.458156585693359375e-01,3.466147184371948242e-01,3.119432330131530762e-01,4.563661217689514160e-01,5.188080668449401855e-01,2.742652595043182373e-01,3.888802230358123779e-01,3.647201955318450928e-01,1.678670197725296021e-01,3.281166255474090576e-01,3.834754526615142822e-01,3.203479349613189697e-01,5.666166543960571289e-01,5.116554498672485352e-01,5.526577830314636230e-01,5.356443524360656738e-01,3.931470215320587158e-01,4.121323823928833008e-01,3.116164803504943848e-01,5.078570246696472168e-01,3.140178918838500977e-01,3.227406442165374756e-01,6.243554949760437012e-01,4.573329091072082520e-01,1.000000000000000000e+00,5.283328294754028320e-01,6.239255666732788086e-01,4.432765841484069824e-01,4.978125095367431641e-01,3.464709520339965820e-01,6.373937726020812988e-01,2.377978861331939697e-01,3.951581120491027832e-01,2.706806063652038574e-01,3.585154116153717041e-01,4.396305382251739502e-01,3.678069114685058594e-01,1.448176503181457520e-01,2.206662744283676147e-01,3.995125889778137207e-01,3.877459168434143066e-01,3.586651980876922607e-01,3.536939024925231934e-01,4.888413250446319580e-01,2.945317625999450684e-01,1.525902152061462402e-01
7.484347224235534668e-01,4.885793924331665039e-01,6.869161128997802734e-01,6.595058441162109375e-01,6.200461387634277344e-01,5.711131095886230469e-01,5.400235056877136230e-01,2.894648313522338867e-01,3.643253743648529053e-01,5.343101024627685547e-01,4.679277241230010986e-01,6.485348343849182129e-01,6.862616539001464844e-01,3.313212692737579346e-01,4.947757124900817871e-01,5.566706061363220215e-01,5.329635143280029297e-01,3.823440968990325928e-01,1.837639510631561279e-01,3.588534295558929443e-01,6.061263680458068848e-01,4.975187778472900391e-01,2.858783304691314697e-01,2.637807130813598633e-01,3.950985670089721680e-01,4.673274159431457520e-01,5.283328294754028320e-01,1.000000000000000000e+00,7.695872187614440918e-01,6.060897111892700195e-01,4.987954199314117432e-01,1.182390227913856506e-01,4.862239062786102295e-01,2.402953058481216431e-01,4.956819415092468262e-01,1.895716488361358643e-01,2.031002491712570190e-01,3.915464580059051514e-01,2.948201298713684082e-01,3.585808351635932922e-02,4.904637038707733154e-01,4.513053894042968750e-01,3.715132772922515869e-01,1.976857632398605347e-01,5.844528675079345703e-01,6.091599464416503906e-01,2.760131657123565674e-01,1.217459440231323242e-01
5.830075740814208984e-01,6.567283272743225098e-01,5.129118561744689941e-01,5.041033029556274414e-01,3.524650335311889648e-01,5.935753583908081055e-01,7.022142410278320312e-01,3.504208326339721680e-01,3.816578090190887451e-01,4.628430604934692383e-01,2.079537361860275269e-01,3.437997102737426758e-01,4.464320838451385498e-01,2.940249741077423096e-01,4.727227985858917236e-01,4.921543598175048828e-01,6.971915364265441895e-01,5.327931046485900879e-01,4.649235904216766357e-01,5.539389848709106445e-01,4.044609963893890381e-01,5.763943195343017578e-01,4.280826151371002197e-01,4.403951168060302734e-01,4.380905032157897949e-01,6.483531594276428223e-01,6.239255666732788086e-01,7.695872187614440918e-01,1.000000000000000000e+00,5.396680235862731934e-01,5.442017316818237305e-01,4.085832238197326660e-01,6.024265289306640625e-01,3.076439201831817627e-01,4.455181062221527100e-01,3.702532649040222168e-01,3.081946671009063721e-01,3.902108669281005859e-01,3.618865013122558594e-01,2.026180177927017212e-01,4.842326343059539795e-01,6.289242506027221680e-01,5.838583111763000488e-01,3.321328163146972656e-01,6.284232139587402344e-01,6.749416589736938477e-01,4.235042035579681396e-01,2.114067822694778442e-01
5.256463289260864258e-01,2.687079608440399170e-01,4.356620907783508301e-01,4.345048964023590088e-01,3.630819916725158691e-01,2.895538210868835449e-01,3.644604682922363281e-01,3.120830357074737549e-01,3.441695570945739746e-01,3.783936500549316406e-01,4.438941180706024170e-01,4.839176833629608154e-01,4.961013793945312500e-01,3.310682773590087891e-01,4.017669558525085449e-01,4.835456609725952148e-01,4.180817902088165283e-01,3.885493278503417969e-01,1.024826765060424805e-01,2.046467512845993042e-01,4.452797174453735352e-01,4.891709387302398682e-01,2.266488820314407349e-01,2.790611386299133301e-01,3.529635667800903320e-01,3.502766191959381104e-01,4.432765841484069824e-01,6.060897111892700195e-01,5.396680235862731934e-01,1.000000000000000000e+00,7.531232237815856934e-01,1.757340878248214722e-01,3.676862418651580811e-01,3.084361255168914795e-01,4.911260306835174561e-01,2.920180261135101318e-01,3.153486251831054688e-01,3.958191573619842529e-01,3.434659242630004883e-01,4.797141626477241516e-02,1.976142376661300659e-01,2.831360399723052979e-01,2.515183985233306885e-01,1.044535413384437561e-01,4.249106049537658691e-01,4.254935383796691895e-01,2.862385511398315430e-01,2.168780378997325897e-02
4.535481929779052734e-01,3.719953000545501709e-01,3.971280455589294434e-01,4.314515590667724609e-01,2.194154411554336548e-01,3.611455857753753662e-01,4.944943189620971680e-01,2.990855574607849121e-01,4.022138714790344238e-01,3.246701955795288086e-01,2.873427867889404297e-01,3.054043054580688477e-01,3.566676676273345947e-01,3.101276755332946777e-01,3.319222927093505859e-01,4.239987134933471680e-01,5.689787864685058594e-01,5.409430861473083496e-01,3.380610048770904541e-01,4.098302125930786133e-01,4.831817150115966797e-01,6.728739738464355469e-01,3.245655298233032227e-01,4.197079837322235107e-01,3.545621931552886963e-01,4.187191724777221680e-01,4.978125095367431641e-01,4.987954199314117432e-01,5.442017316818237305e-01,7.531232237815856934e-01,1.000000000000000000e+00,4.358304440975189209e-01,4.022706449031829834e-01,2.539441585540771484e-01,4.499037861824035645e-01,4.282221496105194092e-01,3.766058087348937988e-01,3.977597653865814209e-01,3.282064795494079590e-01,9.787736088037490845e-02,1.789997518062591553e-01,3.862094581127166748e-01,4.007121324539184570e-01,1.857721358537673950e-01,4.516825675964355469e-01,5.244726538658142090e-01,4.556141495704650879e-01,5.444145575165748596e-02
1.515113115310668945e-01,5.226554870605468750e-01,6.400264799594879150e-02,1.541234552860260010e-01,-1.357423961162567139e-01,4.017820954322814941e-01,5.559223890304565430e-01,7.599616795778274536e-02,2.493020743131637573e-01,2.074299752712249756e-01,-2.870369553565979004e-01,-1.606635153293609619e-01,-6.057492271065711975e-02,6.101037189364433289e-02,1.057478040456771851e-01,1.969529837369918823e-01,5.335544347763061523e-01,5.036231279373168945e-01,6.570191979408264160e-01,6.065254807472229004e-01,1.224859729409217834e-01,5.910335183143615723e-01,4.784347712993621826e-01,6.740447282791137695e-01,1.309593915939331055e-01,5.149756669998168945e-01,3.464709520339965820e-01,1.182390227913856506e-01,4.085832238197326660e-01,1.757340878248214722e-01,4.358304440975189209e-01,1.000000000000000000e+00,3.440082669258117676e-01,1.005501747131347656e-01,1.998749077320098877e-01,6.252712011337280273e-01,2.097770422697067261e-01,1.231757178902626038e-01,2.843228876590728760e-01,3.385744988918304443e-01,2.970882654190063477e-01,5.202282667160034180e-01,6.214028000831604004e-01,3.165789544582366943e-01,3.311932682991027832e-01,4.304212033748626709e-01,6.603838801383972168e-01,1.833455264568328857e-01
5.424330234527587891e-01,4.992970228195190430e-01,3.828975558280944824e-01,3.470656871795654297e-01,4.016906917095184326e-01,5.892881751060485840e-01,6.054596304893493652e-01,5.580797195434570312e-01,5.416619777679443359e-01,3.737706542015075684e-01,1.820715814828872681e-01,3.664408624172210693e-01,3.642746806144714355e-01,5.586475133895874023e-01,5.830492377281188965e-01,4.117326438426971436e-01,5.865885019302368164e-01,6.199539303779602051e-01,5.085893273353576660e-01,5.853863954544067383e-01,3.463377952575683594e-01,4.521318972110748291e-01,3.656995296478271484e-01,3.560841083526611328e-01,6.775433421134948730e-01,5.732941031455993652e-01,6.373937726020812988e-01,4.862239062786102295e-01,6.024265289306640625e-01,3.676862418651580811e-01,4.022706449031829834e-01,3.440082669258117676e-01,1.000000000000000000e+00,4.642009139060974121e-01,3.937324881553649902e-01,3.601392209529876709e-01,5.579288601875305176e-01,5.401362776756286621e-01,4.292894005775451660e-01,2.292915880680084229e-01,3.248459398746490479e-01,3.916898369789123535e-01,4.294383227825164795e-01,3.093421757221221924e-01,3.670188486576080322e-01,5.240322947502136230e-01,3.465787768363952637e-01,1.202179417014122009e-01
