1.000000000000000000e+00,1.092210710048675537e-01,4.623450636863708496e-01,6.578562855720520020e-01,5.845125317573547363e-01,5.626694560050964355e-01,3.949654996395111084e-01,-9.043555706739425659e-02,7.586155086755752563e-02,3.657947108149528503e-02,-5.731264129281044006e-02,-7.682897895574569702e-02,-1.165973097085952759e-01,-6.791952997446060181e-02,-5.228062346577644348e-02,-2.716732025146484375e-01,2.238229066133499146e-01,-1.838410645723342896e-02,2.306564599275588989e-01,1.846422106027603149e-01,1.519223302602767944e-01,-7.786568254232406616e-02,-1.861204504966735840e-01,-2.103812098503112793e-01,3.025150001049041748e-01,3.277826905250549316e-01,8.041439950466156006e-02,7.308250069618225098e-01,5.090430378913879395e-01,8.493756875395774841e-03,-9.455242753028869629e-02,-9.371681511402130127e-02,2.526291608810424805e-01,-4.948486015200614929e-02,-2.750570774078369141e-01,-2.963198721408843994e-01,-1.464920639991760254e-01,-2.013866007328033447e-01,-3.067221343517303467e-01,-2.316712141036987305e-01,2.988030910491943359e-01,1.723705232143402100e-01,6.727047264575958252e-02,-2.575566992163658142e-02,1.650276035070419312e-02,4.048925265669822693e-02,-1.701395511627197266e-01,-6.889979541301727295e-02
1.092210710048675537e-01,1.000000000000000000e+00,-9.575624763965606689e-02,-2.728939987719058990e-02,2.525683641433715820e-01,3.622818887233734131e-01,3.416025936603546143e-01,4.547206461429595947e-01,5.672391653060913086e-01,4.372096955776214600e-01,2.789525389671325684e-01,2.128265500068664551e-01,2.625165879726409912e-01,1.679925993084907532e-02,-1.385730057954788208e-01,5.104243010282516479e-02,2.298338711261749268e-01,1.755308955907821655e-01,1.774945259094238281e-01,3.238776028156280518e-01,2.477897405624389648e-01,2.240044623613357544e-01,1.021874845027923584e-01,2.397100031375885010e-01,2.352854609489440918e-01,1.674892753362655640e-01,4.171375632286071777e-01,2.969982922077178955e-01,4.415746331214904785e-01,3.702832460403442383e-01,3.130130171775817871e-01,2.958448827266693115e-01,3.030032813549041748e-01,1.275024265050888062e-01,2.975414693355560303e-01,1.471095234155654907e-01,1.454418301582336426e-01,9.805768728256225586e-02,1.692399978637695312e-01,1.043528169393539429e-01,6.880506277084350586e-01,7.535493373870849609e-01,5.183485150337219238e-01,6.040729284286499023e-01,6.769005060195922852e-01,6.400521397590637207e-01,2.020509988069534302e-01,9.177976101636886597e-02
4.623450636863708496e-01,-9.575624763965606689e-02,1.000000000000000000e+00,6.711651682853698730e-01,1.640599668025970459e-01,2.021598815917968750e-01,5.123850703239440918e-01,-6.267771124839782715e-02,-8.118355274200439453e-02,-1.419348120689392090e-01,1.018030382692813873e-02,-5.885499343276023865e-02,-2.444410175085067749e-01,-6.710997223854064941e-02,1.531567424535751343e-01,-1.422276794910430908e-01,2.977000772953033447e-01,1.128550097346305847e-01,8.184661716222763062e-02,-1.078680157661437988e-01,-1.541856676340103149e-01,-2.337055504322052002e-01,-2.589713931083679199e-01,-3.152628839015960693e-01,2.352342009544372559e-01,6.249887347221374512e-01,2.115760743618011475e-01,3.889015614986419678e-01,2.744773030281066895e-01,-9.108284115791320801e-02,-1.835651695728302002e-01,-2.435007095336914062e-01,1.930413842201232910e-01,1.090760529041290283e-01,-2.816091179847717285e-01,-3.288322687149047852e-01,-7.594364136457443237e-02,-6.928724050521850586e-02,-3.042901456356048584e-01,-1.877145469188690186e-01,-1.987336203455924988e-02,-8.713154494762420654e-02,-2.402789741754531860e-01,-1.503566503524780273e-01,-1.645766049623489380e-01,-1.902129799127578735e-01,-2.783474624156951904e-01,-2.073230296373367310e-01
6.578562855720520020e-01,-2.728939987719058990e-02,6.711651682853698730e-01,1.000000000000000000e+00,3.667837381362915039e-01,4.184673428535461426e-01,4.885913133621215820e-01,-1.263052821159362793e-01,-2.468136511743068695e-02,-7.346110045909881592e-02,-1.810820959508419037e-02,-3.677794709801673889e-02,-1.147010400891304016e-01,-1.108958870172500610e-01,6.398036330938339233e-02,-1.009655594825744629e-01,2.286853641271591187e-01,7.719332724809646606e-02,1.944931596517562866e-01,1.348327696323394775e-01,1.413500905036926270e-01,-1.928477920591831207e-02,-1.770237684249877930e-01,-2.649509012699127197e-01,7.118379324674606323e-02,4.166879057884216309e-01,2.688617072999477386e-02,5.309630632400512695e-01,3.174852430820465088e-01,-5.363975465297698975e-02,-1.013771146535873413e-01,-2.332648485898971558e-01,1.215585842728614807e-01,-1.536784321069717407e-02,-2.914618551731109619e-01,-3.387496173381805420e-01,-1.901780664920806885e-01,-1.379186809062957764e-01,-2.422787994146347046e-01,-1.608260422945022583e-01,1.627257466316223145e-01,4.364061355590820312e-02,-1.174214556813240051e-01,-1.075122803449630737e-01,-1.108072325587272644e-01,-1.129084527492523193e-01,-2.777180969715118408e-01,-1.769058853387832642e-01
5.845125317573547363e-01,2.525683641433715820e-01,1.640599668025970459e-01,3.667837381362915039e-01,1.000000000000000000e+00,7.587438225746154785e-01,3.502987325191497803e-01,-4.173561930656433105e-02,1.560895889997482300e-01,1.973873823881149292e-01,-6.779923290014266968e-02,-1.392158027738332748e-02,8.517105132341384888e-02,1.082026958465576172e-02,-8.941243588924407959e-02,-1.363657712936401367e-01,2.727105617523193359e-01,1.142657250165939331e-01,3.325345218181610107e-01,3.230249285697937012e-01,2.997391223907470703e-01,1.280006468296051025e-01,-3.856806829571723938e-02,-8.645415306091308594e-02,1.615978479385375977e-01,2.149823904037475586e-01,7.901503122411668301e-04,5.019077658653259277e-01,3.350388407707214355e-01,1.368170231580734253e-01,6.339702010154724121e-02,7.011967897415161133e-02,7.750409096479415894e-02,-1.269381642341613770e-01,-7.520476728677749634e-02,-1.674221009016036987e-01,-1.457848101854324341e-01,-1.297743469476699829e-01,-1.366442143917083740e-01,-1.634583175182342529e-01,4.672708511352539062e-01,3.706081509590148926e-01,3.172824084758758545e-01,5.511227622628211975e-02,1.741683930158615112e-01,1.923767626285552979e-01,-3.247757256031036377e-02,-5.317492410540580750e-03
5.626694560050964355e-01,3.622818887233734131e-01,2.021598815917968750e-01,4.184673428535461426e-01,7.587438225746154785e-01,1.000000000000000000e+00,4.699888825416564941e-01,6.099172867834568024e-03,2.253829687833786011e-01,3.210633695125579834e-01,-1.488202437758445740e-02,4.379768669605255127e-02,1.437116116285324097e-01,-4.678998887538909912e-02,-1.149812713265419006e-01,-1.678089946508407593e-01,3.479230403900146484e-01,1.929799169301986694e-01,4.560598134994506836e-01,4.412730038166046143e-01,3.906840085983276367e-01,2.657208442687988281e-01,-4.584085661917924881e-03,-1.003883481025695801e-01,1.394486576318740845e-01,3.325159847736358643e-01,1.795091107487678528e-02,5.516337156295776367e-01,4.255296885967254639e-01,2.137808203697204590e-01,1.121482849121093750e-01,2.076536044478416443e-02,5.177345126867294312e-02,-7.443043589591979980e-02,-9.913077205419540405e-02,-2.058355510234832764e-01,-1.670179218053817749e-01,-1.445580720901489258e-01,-1.510595083236694336e-01,-1.398655176162719727e-01,5.235365629196166992e-01,5.129207372665405273e-01,4.260059893131256104e-01,1.023372709751129150e-01,2.579349279403686523e-01,3.198400139808654785e-01,-8.975739032030105591e-02,1.980512961745262146e-02
3.949654996395111084e-01,3.416025936603546143e-01,5.123850703239440918e-01,4.885913133621215820e-01,3.502987325191497803e-01,4.699888825416564941e-01,1.000000000000000000e+00,7.073514908552169800e-02,1.167401447892189026e-01,2.725743874907493591e-02,7.596638053655624390e-02,-4.909304529428482056e-02,-1.513644456863403320e-01,-1.058531627058982849e-01,3.370829671621322632e-02,-6.601843982934951782e-02,7.779823541641235352e-01,5.668954253196716309e-01,5.099282860755920410e-01,2.477435618638992310e-01,7.729063928127288818e-02,1.130790710449218750e-01,-9.556838124990463257e-02,-8.083424717187881470e-02,3.310183584690093994e-01,6.709093451499938965e-01,3.144498169422149658e-01,4.828694462776184082e-01,4.896357059478759766e-01,2.908521890640258789e-01,1.610015779733657837e-01,-1.439397875219583511e-02,2.191378623247146606e-01,1.246046498417854309e-01,-7.994420081377029419e-02,-1.323418021202087402e-01,-9.196852892637252808e-02,-9.661742299795150757e-02,-1.574870944023132324e-01,-9.805390238761901855e-02,3.302257657051086426e-01,4.167408645153045654e-01,3.170933425426483154e-01,6.696151196956634521e-02,2.516494691371917725e-01,2.368601411581039429e-01,-9.554118663072586060e-02,-7.689342647790908813e-02
-9.043555706739425659e-02,4.547206461429595947e-01,-6.267771124839782715e-02,-1.263052821159362793e-01,-4.173561930656433105e-02,6.099172867834568024e-03,7.073514908552169800e-02,1.000000000000000000e+00,6.016479134559631348e-01,3.912823796272277832e-01,6.431316733360290527e-01,5.078881978988647461e-01,2.537616193294525146e-01,3.969351649284362793e-01,9.264174848794937134e-02,2.084874212741851807e-01,4.066181555390357971e-02,-2.839073166251182556e-02,-8.394853025674819946e-02,-4.909595847129821777e-02,-8.385550975799560547e-02,-9.329567104578018188e-02,4.029582813382148743e-02,7.010365277528762817e-02,2.357711941003799438e-01,1.523010991513729095e-02,3.379867970943450928e-01,-5.818963423371315002e-02,5.592405050992965698e-02,-1.009188964962959290e-02,-4.480035603046417236e-02,-3.436574945226311684e-03,4.152940511703491211e-01,4.420548975467681885e-01,2.809477150440216064e-01,1.085726842284202576e-01,5.427787303924560547e-01,3.859701454639434814e-01,1.779648214578628540e-01,1.063924208283424377e-01,3.005605041980743408e-01,2.800857424736022949e-01,1.065076421946287155e-02,5.026257634162902832e-01,3.684780299663543701e-01,3.261829614639282227e-01,5.925707053393125534e-03,-2.638426609337329865e-02
7.586155086755752563e-02,5.672391653060913086e-01,-8.118355274200439453e-02,-2.468136511743068695e-02,1.560895889997482300e-01,2.253829687833786011e-01,1.167401447892189026e-01,6.016479134559631348e-01,1.000000000000000000e+00,7.229981422424316406e-01,5.819258689880371094e-01,4.520021378993988037e-01,4.849449992179870605e-01,6.187433609738945961e-04,-2.610522806644439697e-01,1.358536332845687866e-01,-1.365014351904392242e-02,-5.766572803258895874e-02,-5.722687114030122757e-03,1.681371629238128662e-01,1.637784987688064575e-01,-2.879795804619789124e-02,1.477556675672531128e-01,1.517958939075469971e-01,8.535114675760269165e-02,4.327083751559257507e-02,1.949773430824279785e-01,1.230601966381072998e-01,1.813596636056900024e-01,-2.346628811210393906e-03,-1.140140835195779800e-02,9.256416559219360352e-02,2.083064466714859009e-01,3.763574734330177307e-02,2.603102624416351318e-01,1.179047673940658569e-01,2.421298623085021973e-01,9.224367141723632812e-02,2.146276980638504028e-01,1.366575658321380615e-01,5.242266654968261719e-01,5.234020948410034180e-01,2.426885962486267090e-01,6.594489216804504395e-01,6.218382120132446289e-01,6.378733515739440918e-01,7.436466217041015625e-02,5.102955177426338196e-02
3.657947108149528503e-02,4.372096955776214600e-01,-1.419348120689392090e-01,-7.346110045909881592e-02,1.973873823881149292e-01,3.210633695125579834e-01,2.725743874907493591e-02,3.912823796272277832e-01,7.229981422424316406e-01,1.000000000000000000e+00,4.543673694133758545e-01,5.033969283103942871e-01,6.482551097869873047e-01,-8.157476782798767090e-03,-2.440373748540878296e-01,3.320927917957305908e-02,-5.642874166369438171e-02,-8.577062189579010010e-02,3.410795703530311584e-02,3.131935596466064453e-01,3.134589791297912598e-01,1.149495616555213928e-01,2.714802026748657227e-01,2.090566158294677734e-01,7.421957794576883316e-03,-7.845696527510881424e-04,3.832215815782546997e-02,5.548759549856185913e-02,1.028607413172721863e-01,-2.353624254465103149e-02,2.676003985106945038e-02,1.801590621471405029e-01,-1.606291742064058781e-03,-3.302276879549026489e-02,1.848499625921249390e-01,1.430730670690536499e-01,1.444462686777114868e-01,9.052105993032455444e-02,1.726602613925933838e-01,1.064342334866523743e-01,3.993465006351470947e-01,4.920491874217987061e-01,3.212460875511169434e-01,5.298441052436828613e-01,5.874908566474914551e-01,6.661373972892761230e-01,1.958625614643096924e-01,1.420691311359405518e-01
-5.731264129281044006e-02,2.789525389671325684e-01,1.018030382692813873e-02,-1.810820959508419037e-02,-6.779923290014266968e-02,-1.488202437758445740e-02,7.596638053655624390e-02,6.431316733360290527e-01,5.819258689880371094e-01,4.543673694133758545e-01,1.000000000000000000e+00,5.610353946685791016e-01,3.557248413562774658e-01,1.549624055624008179e-01,-2.005708590149879456e-02,2.388065457344055176e-01,-2.460652962327003479e-03,-5.078418925404548645e-02,-8.877018094062805176e-02,-1.065273508429527283e-01,2.185438526794314384e-03,-3.169824928045272827e-02,1.700570285320281982e-01,7.025586813688278198e-02,8.791492879390716553e-02,-1.017462275922298431e-02,2.112677991390228271e-01,2.463197894394397736e-02,4.477110505104064941e-02,-5.797901377081871033e-02,2.042138203978538513e-02,2.123886160552501678e-02,1.925510913133621216e-01,2.887414097785949707e-01,3.654772937297821045e-01,1.568739712238311768e-01,3.720022439956665039e-01,3.944426178932189941e-01,2.789334058761596680e-01,1.752683073282241821e-01,2.386782914400100708e-01,2.262030094861984253e-01,5.044802557677030563e-03,3.340796232223510742e-01,3.138972222805023193e-01,3.117600977420806885e-01,1.972660049796104431e-02,-9.506697207689285278e-02
-7.682897895574569702e-02,2.128265500068664551e-01,-5.885499343276023865e-02,-3.677794709801673889e-02,-1.392158027738332748e-02,4.379768669605255127e-02,-4.909304529428482056e-02,5.078881978988647461e-01,4.520021378993988037e-01,5.033969283103942871e-01,5.610353946685791016e-01,1.000000000000000000e+00,5.289508104324340820e-01,4.071612358093261719e-01,2.606945335865020752e-01,3.783205449581146240e-01,-3.750301152467727661e-02,-6.069238111376762390e-02,-5.440790206193923950e-02,5.898202583193778992e-02,2.108001708984375000e-01,1.202829256653785706e-01,3.124717473983764648e-01,1.728461384773254395e-01,1.486261487007141113e-01,-5.148274451494216919e-02,1.977831274271011353e-01,-1.021460145711898804e-01,-6.745602935552597046e-02,3.331749513745307922e-02,-3.540787147358059883e-03,1.031869463622570038e-02,2.356636822223663330e-01,2.330736368894577026e-01,2.500294744968414307e-01,2.216348052024841309e-01,3.050537109375000000e-01,3.918736577033996582e-01,2.927627563476562500e-01,2.940376996994018555e-01,1.282292157411575317e-01,1.699139475822448730e-01,1.781309954822063446e-02,2.920999228954315186e-01,3.136883080005645752e-01,3.267939090728759766e-01,7.940470427274703979e-02,2.105580419301986694e-01
-1.165973097085952759e-01,2.625165879726409912e-01,-2.444410175085067749e-01,-1.147010400891304016e-01,8.517105132341384888e-02,1.437116116285324097e-01,-1.513644456863403320e-01,2.537616193294525146e-01,4.849449992179870605e-01,6.482551097869873047e-01,3.557248413562774658e-01,5.289508104324340820e-01,1.000000000000000000e+00,1.628238707780838013e-01,-7.795286923646926880e-02,3.278945088386535645e-01,-2.055724114179611206e-01,-1.363817453384399414e-01,-1.470057368278503418e-01,2.920614778995513916e-01,4.424792826175689697e-01,2.784851491451263428e-01,6.228463053703308105e-01,3.983637392520904541e-01,-1.080828309059143066e-01,-1.983056962490081787e-01,-2.018937095999717712e-02,-9.312897920608520508e-02,-1.073977053165435791e-01,2.034104801714420319e-02,2.508309483528137207e-01,3.053545057773590088e-01,-1.009916439652442932e-01,-6.133521348237991333e-02,3.783456683158874512e-01,3.876670897006988525e-01,2.036439627408981323e-01,3.075555860996246338e-01,5.081436634063720703e-01,3.550913035869598389e-01,2.349618375301361084e-01,2.965326905250549316e-01,2.347435206174850464e-01,3.645981848239898682e-01,4.394083619117736816e-01,4.567870199680328369e-01,3.639658093452453613e-01,3.032414019107818604e-01
-6.791952997446060181e-02,1.679925993084907532e-02,-6.710997223854064941e-02,-1.108958870172500610e-01,1.082026958465576172e-02,-4.678998887538909912e-02,-1.058531627058982849e-01,3.969351649284362793e-01,6.187433609738945961e-04,-8.157476782798767090e-03,1.549624055624008179e-01,4.071612358093261719e-01,1.628238707780838013e-01,1.000000000000000000e+00,4.770860075950622559e-01,3.321439027786254883e-01,1.621107943356037140e-02,-1.598894223570823669e-02,-6.151860207319259644e-02,-8.735070005059242249e-03,3.416746482253074646e-02,9.498288854956626892e-03,1.801491528749465942e-01,9.425682574510574341e-02,2.553744316101074219e-01,-9.153118729591369629e-02,2.010752707719802856e-01,-1.435203254222869873e-01,-1.493386477231979370e-01,5.553116276860237122e-02,2.383760549128055573e-02,1.361246686428785324e-02,2.486310750246047974e-01,4.516367018222808838e-01,1.668443977832794189e-01,1.892103999853134155e-01,6.389459967613220215e-01,5.192720293998718262e-01,1.956238597631454468e-01,1.916812211275100708e-01,-1.702162250876426697e-02,-4.179003089666366577e-02,-9.790259599685668945e-02,-4.535204544663429260e-02,1.881901361048221588e-02,-3.675614716485142708e-03,6.392981112003326416e-02,1.910531818866729736e-01
-5.228062346577644348e-02,-1.385730057954788208e-01,1.531567424535751343e-01,6.398036330938339233e-02,-8.941243588924407959e-02,-1.149812713265419006e-01,3.370829671621322632e-02,9.264174848794937134e-02,-2.610522806644439697e-01,-2.440373748540878296e-01,-2.005708590149879456e-02,2.606945335865020752e-01,-7.795286923646926880e-02,4.770860075950622559e-01,1.000000000000000000e+00,3.510637879371643066e-01,1.017802804708480835e-01,8.451563119888305664e-02,3.264344483613967896e-02,-1.643521711230278015e-02,-1.130244433879852295e-01,6.943331658840179443e-02,9.474412351846694946e-02,-5.525603890419006348e-02,2.350315600633621216e-01,-2.737201005220413208e-02,2.523450851440429688e-01,-1.956097632646560669e-01,-1.683209985494613647e-01,3.565860912203788757e-03,-8.895417302846908569e-02,-1.913126707077026367e-01,3.033345937728881836e-01,5.218342542648315430e-01,-4.395970702171325684e-02,-7.836929522454738617e-03,2.441447824239730835e-01,4.600058495998382568e-01,1.506926398724317551e-02,8.938302099704742432e-02,-2.560885846614837646e-01,-2.365296930074691772e-01,-2.434545308351516724e-01,-1.450561881065368652e-01,-1.755596846342086792e-01,-1.775568276643753052e-01,-1.130088269710540771e-01,9.123681485652923584e-02
-2.716732025146484375e-01,5.104243010282516479e-02,-1.422276794910430908e-01,-1.009655594825744629e-01,-1.363657712936401367e-01,-1.678089946508407593e-01,-6.601843982934951782e-02,2.084874212741851807e-01,1.358536332845687866e-01,3.320927917957305908e-02,2.388065457344055176e-01,3.783205449581146240e-01,3.278945088386535645e-01,3.321439027786254883e-01,3.510637879371643066e-01,1.000000000000000000e+00,-4.115437157452106476e-03,1.298616528511047363e-01,5.847057327628135681e-02,4.405317455530166626e-02,9.914548136293888092e-03,1.316574066877365112e-01,5.547813773155212402e-01,2.482050806283950806e-01,-1.684231311082839966e-01,-2.176358252763748169e-01,4.035107791423797607e-02,-2.536271214485168457e-01,-2.492982447147369385e-01,4.399579018354415894e-02,3.418460115790367126e-02,3.022011928260326385e-02,-1.465774178504943848e-01,1.785802394151687622e-01,3.858957588672637939e-01,4.035669267177581787e-01,3.416920304298400879e-01,4.731422960758209229e-01,6.676496863365173340e-01,5.982812047004699707e-01,4.824743792414665222e-02,8.896463550627231598e-03,3.075344115495681763e-02,5.819865316152572632e-02,9.421923011541366577e-02,6.066817045211791992e-02,1.154252290725708008e-01,3.155858814716339111e-01
2.238229066133499146e-01,2.298338711261749268e-01,2.977000772953033447e-01,2.286853641271591187e-01,2.727105617523193359e-01,3.479230403900146484e-01,7.779823541641235352e-01,4.066181555390357971e-02,-1.365014351904392242e-02,-5.642874166369438171e-02,-2.460652962327003479e-03,-3.750301152467727661e-02,-2.055724114179611206e-01,1.621107943356037140e-02,1.017802804708480835e-01,-4.115437157452106476e-03,1.000000000000000000e+00,6.946906447410583496e-01,6.052240729331970215e-01,2.502667307853698730e-01,7.131024450063705444e-02,1.283810287714004517e-01,-7.186363637447357178e-02,-3.262581676244735718e-02,3.495206832885742188e-01,5.198372602462768555e-01,2.485096156597137451e-01,3.147226870059967041e-01,3.757722973823547363e-01,3.892697691917419434e-01,2.240059077739715576e-01,5.958255752921104431e-02,1.685847193002700806e-01,1.482936292886734009e-01,-2.900934033095836639e-02,-4.346825927495956421e-02,-3.436481580138206482e-02,-7.016484439373016357e-02,-1.257321983575820923e-01,-1.056020185351371765e-01,2.062704563140869141e-01,3.288599848747253418e-01,3.831511139869689941e-01,-2.963568083941936493e-02,2.081485539674758911e-01,2.039089649915695190e-01,-3.681869059801101685e-02,-4.184297099709510803e-02
-1.838410645723342896e-02,1.755308955907821655e-01,1.128550097346305847e-01,7.719332724809646606e-02,1.142657250165939331e-01,1.929799169301986694e-01,5.668954253196716309e-01,-2.839073166251182556e-02,-5.766572803258895874e-02,-8.577062189579010010e-02,-5.078418925404548645e-02,-6.069238111376762390e-02,-1.363817453384399414e-01,-1.598894223570823669e-02,8.451563119888305664e-02,1.298616528511047363e-01,6.946906447410583496e-01,1.000000000000000000e+00,5.749266147613525391e-01,3.457012772560119629e-01,1.603071689605712891e-01,3.225015997886657715e-01,-3.788790479302406311e-02,-2.142559364438056946e-02,1.017528846859931946e-01,3.109196126461029053e-01,1.557456851005554199e-01,1.241983473300933838e-01,1.943660378456115723e-01,4.055895805358886719e-01,3.381115496158599854e-01,1.183032020926475525e-01,2.246193774044513702e-02,4.348279535770416260e-02,-3.031515516340732574e-02,-3.446984663605690002e-02,-7.941982895135879517e-02,-1.394336223602294922e-01,-3.791711851954460144e-02,-1.202243342995643616e-01,2.136932015419006348e-01,2.478215396404266357e-01,3.773882985115051270e-01,-8.865906298160552979e-02,1.124220043420791626e-01,1.408935934305191040e-01,-2.195170335471630096e-02,-1.488962322473526001e-01
2.306564599275588989e-01,1.774945259094238281e-01,8.184661716222763062e-02,1.944931596517562866e-01,3.325345218181610107e-01,4.560598134994506836e-01,5.099282860755920410e-01,-8.394853025674819946e-02,-5.722687114030122757e-03,3.410795703530311584e-02,-8.877018094062805176e-02,-5.440790206193923950e-02,-1.470057368278503418e-01,-6.151860207319259644e-02,3.264344483613967896e-02,5.847057327628135681e-02,6.052240729331970215e-01,5.749266147613525391e-01,1.000000000000000000e+00,5.880084037780761719e-01,2.743087708950042725e-01,3.216089308261871338e-01,-2.812769822776317596e-02,-9.852217137813568115e-02,4.780870676040649414e-02,2.448393702507019043e-01,-4.901491478085517883e-02,2.680931389331817627e-01,3.295158445835113525e-01,3.726363480091094971e-01,1.263082176446914673e-01,-3.369065001606941223e-02,-3.158226236701011658e-02,3.957800939679145813e-02,-1.104915663599967957e-01,-1.602475941181182861e-01,-1.146521940827369690e-01,-1.433308720588684082e-01,-1.446335762739181519e-01,-1.485403031110763550e-01,2.066476792097091675e-01,3.488320112228393555e-01,5.456680655479431152e-01,-3.211448341608047485e-02,1.372752934694290161e-01,2.540922164916992188e-01,-1.310028582811355591e-01,-3.919312730431556702e-02
1.846422106027603149e-01,3.238776028156280518e-01,-1.078680157661437988e-01,1.348327696323394775e-01,3.230249285697937012e-01,4.412730038166046143e-01,2.477435618638992310e-01,-4.909595847129821777e-02,1.681371629238128662e-01,3.131935596466064453e-01,-1.065273508429527283e-01,5.898202583193778992e-02,2.920614778995513916e-01,-8.735070005059242249e-03,-1.643521711230278015e-02,4.405317455530166626e-02,2.502667307853698730e-01,3.457012772560119629e-01,5.880084037780761719e-01,1.000000000000000000e+00,6.402088999748229980e-01,5.118997097015380859e-01,1.328720301389694214e-01,4.286649450659751892e-02,-8.426214754581451416e-02,-1.660297042690217495e-03,-7.525771856307983398e-02,1.378898322582244873e-01,2.100725620985031128e-01,3.155262470245361328e-01,3.007093667984008789e-01,1.780086010694503784e-01,-1.451489049941301346e-02,-3.980003669857978821e-02,-5.639967322349548340e-02,-9.383892267942428589e-02,-1.478575728833675385e-02,-4.152218252420425415e-02,-1.040556747466325760e-02,-1.242896765470504761e-01,3.116675317287445068e-01,4.238231480121612549e-01,5.493424534797668457e-01,2.087497264146804810e-01,2.751903235912322998e-01,4.222412407398223877e-01,5.625943467020988464e-02,6.105676293373107910e-02
1.519223302602767944e-01,2.477897405624389648e-01,-1.541856676340103149e-01,1.413500905036926270e-01,2.997391223907470703e-01,3.906840085983276367e-01,7.729063928127288818e-02,-8.385550975799560547e-02,1.637784987688064575e-01,3.134589791297912598e-01,2.185438526794314384e-03,2.108001708984375000e-01,4.424792826175689697e-01,3.416746482253074646e-02,-1.130244433879852295e-01,9.914548136293888092e-03,7.131024450063705444e-02,1.603071689605712891e-01,2.743087708950042725e-01,6.402088999748229980e-01,1.000000000000000000e+00,6.585901975631713867e-01,1.783445775508880615e-01,8.352888375520706177e-02,-1.256250441074371338e-01,-5.826216191053390503e-02,-1.286205649375915527e-01,1.528290063142776489e-01,1.340930461883544922e-01,4.259007275104522705e-01,5.335886478424072266e-01,2.666778862476348877e-01,-1.120387464761734009e-01,-2.008225470781326294e-01,5.088555067777633667e-02,-2.055673301219940186e-02,-9.399983286857604980e-02,-9.338933974504470825e-02,7.708283513784408569e-02,-2.263014763593673706e-02,3.511577248573303223e-01,4.047337174415588379e-01,4.599282741546630859e-01,1.370851695537567139e-01,2.740581929683685303e-01,2.994107902050018311e-01,7.989731431007385254e-02,6.725116819143295288e-02
-7.786568254232406616e-02,2.240044623613357544e-01,-2.337055504322052002e-01,-1.928477920591831207e-02,1.280006468296051025e-01,2.657208442687988281e-01,1.130790710449218750e-01,-9.329567104578018188e-02,-2.879795804619789124e-02,1.149495616555213928e-01,-3.169824928045272827e-02,1.202829256653785706e-01,2.784851491451263428e-01,9.498288854956626892e-03,6.943331658840179443e-02,1.316574066877365112e-01,1.283810287714004517e-01,3.225015997886657715e-01,3.216089308261871338e-01,5.118997097015380859e-01,6.585901975631713867e-01,1.000000000000000000e+00,2.210948914289474487e-01,2.069921195507049561e-01,-1.522205173969268799e-01,-1.320483535528182983e-01,-9.817524254322052002e-02,-1.465356349945068359e-02,3.045617602765560150e-03,4.421841800212860107e-01,6.058831214904785156e-01,2.748104035854339600e-01,-1.222897320985794067e-01,-4.190111160278320312e-02,1.249020770192146301e-01,1.338675618171691895e-01,-1.442943513393402100e-01,2.129422500729560852e-02,2.096853405237197876e-01,9.517616033554077148e-02,2.680734992027282715e-01,3.686698377132415771e-01,4.591478407382965088e-01,3.961186483502388000e-02,1.702309250831604004e-01,1.748396605253219604e-01,1.755077093839645386e-01,1.277952045202255249e-01
-1.861204504966735840e-01,1.021874845027923584e-01,-2.589713931083679199e-01,-1.770237684249877930e-01,-3.856806829571723938e-02,-4.584085661917924881e-03,-9.556838124990463257e-02,4.029582813382148743e-02,1.477556675672531128e-01,2.714802026748657227e-01,1.700570285320281982e-01,3.124717473983764648e-01,6.228463053703308105e-01,1.801491528749465942e-01,9.474412351846694946e-02,5.547813773155212402e-01,-7.186363637447357178e-02,-3.788790479302406311e-02,-2.812769822776317596e-02,1.328720301389694214e-01,1.783445775508880615e-01,2.210948914289474487e-01,1.000000000000000000e+00,4.867735505104064941e-01,-8.732171356678009033e-02,-1.877341121435165405e-01,-3.476765006780624390e-02,-1.119942814111709595e-01,-1.272017359733581543e-01,6.937135756015777588e-02,1.921246945858001709e-01,2.354578375816345215e-01,-2.449266165494918823e-01,2.271893247961997986e-02,4.861653745174407959e-01,5.871777534484863281e-01,1.918868124485015869e-01,4.360274672508239746e-01,7.104536890983581543e-01,6.853490471839904785e-01,5.708057060837745667e-02,1.560753881931304932e-01,2.275516837835311890e-01,1.167312413454055786e-01,2.508724033832550049e-01,2.482666820287704468e-01,4.143427312374114990e-01,5.521084666252136230e-01
-2.103812098503112793e-01,2.397100031375885010e-01,-3.152628839015960693e-01,-2.649509012699127197e-01,-8.645415306091308594e-02,-1.003883481025695801e-01,-8.083424717187881470e-02,7.010365277528762817e-02,1.517958939075469971e-01,2.090566158294677734e-01,7.025586813688278198e-02,1.728461384773254395e-01,3.983637392520904541e-01,9.425682574510574341e-02,-5.525603890419006348e-02,2.482050806283950806e-01,-3.262581676244735718e-02,-2.142559364438056946e-02,-9.852217137813568115e-02,4.286649450659751892e-02,8.352888375520706177e-02,2.069921195507049561e-01,4.867735505104064941e-01,1.000000000000000000e+00,-2.145897783339023590e-02,-1.446820199489593506e-01,1.734952069818973541e-02,-7.639154046773910522e-02,1.233224663883447647e-02,1.934248954057693481e-01,3.415291905403137207e-01,5.654086470603942871e-01,-8.449077606201171875e-02,3.419737517833709717e-02,4.887047410011291504e-01,8.139898180961608887e-01,1.182291060686111450e-01,2.218264490365982056e-01,5.149494409561157227e-01,4.624087810516357422e-01,1.028122231364250183e-01,2.363448441028594971e-01,2.487440407276153564e-01,2.075802832841873169e-01,3.254089653491973877e-01,2.562852501869201660e-01,7.894670963287353516e-01,4.712913334369659424e-01
3.025150001049041748e-01,2.352854609489440918e-01,2.352342009544372559e-01,7.118379324674606323e-02,1.615978479385375977e-01,1.394486576318740845e-01,3.310183584690093994e-01,2.357711941003799438e-01,8.535114675760269165e-02,7.421957794576883316e-03,8.791492879390716553e-02,1.486261487007141113e-01,-1.080828309059143066e-01,2.553744316101074219e-01,2.350315600633621216e-01,-1.684231311082839966e-01,3.495206832885742188e-01,1.017528846859931946e-01,4.780870676040649414e-02,-8.426214754581451416e-02,-1.256250441074371338e-01,-1.522205173969268799e-01,-8.732171356678009033e-02,-2.145897783339023590e-02,1.000000000000000000e+00,3.319284319877624512e-01,5.979843139648437500e-01,2.888555824756622314e-01,3.275007605552673340e-01,1.295087486505508423e-01,3.060904331505298615e-02,9.679054841399192810e-03,5.936969518661499023e-01,2.700939476490020752e-01,-4.502420872449874878e-02,-2.316032350063323975e-02,1.257997751235961914e-01,7.817639410495758057e-02,-2.006468176841735840e-01,-8.264144510030746460e-02,1.167271807789802551e-01,1.282196193933486938e-01,-3.726833034306764603e-03,1.020230129361152649e-01,2.460957914590835571e-01,2.055815011262893677e-01,6.432231981307268143e-03,2.918898686766624451e-02
3.277826905250549316e-01,1.674892753362655640e-01,6.249887347221374512e-01,4.166879057884216309e-01,2.149823904037475586e-01,3.325159847736358643e-01,6.709093451499938965e-01,1.523010991513729095e-02,4.327083751559257507e-02,-7.845696527510881424e-04,-1.017462275922298431e-02,-5.148274451494216919e-02,-1.983056962490081787e-01,-9.153118729591369629e-02,-2.737201005220413208e-02,-2.176358252763748169e-01,5.198372602462768555e-01,3.109196126461029053e-01,2.448393702507019043e-01,-1.660297042690217495e-03,-5.826216191053390503e-02,-1.320483535528182983e-01,-1.877341121435165405e-01,-1.446820199489593506e-01,3.319284319877624512e-01,1.000000000000000000e+00,2.805306911468505859e-01,4.607893526554107666e-01,4.941844046115875244e-01,2.270698398351669312e-01,1.114427484571933746e-02,-8.677585422992706299e-02,1.615145206451416016e-01,4.112330824136734009e-02,-1.787079870700836182e-01,-1.924603730440139771e-01,-8.830878138542175293e-02,-1.734348684549331665e-01,-2.951926290988922119e-01,-1.292033344507217407e-01,1.561142355203628540e-01,2.136047184467315674e-01,6.775203347206115723e-02,-1.946189440786838531e-02,1.220803484320640564e-01,6.946852058172225952e-02,-1.573042124509811401e-01,-5.874666571617126465e-02
8.041439950466156006e-02,4.171375632286071777e-01,2.115760743618011475e-01,2.688617072999477386e-02,7.901503122411668301e-04,1.795091107487678528e-02,3.144498169422149658e-01,3.379867970943450928e-01,1.949773430824279785e-01,3.832215815782546997e-02,2.112677991390228271e-01,1.977831274271011353e-01,-2.018937095999717712e-02,2.010752707719802856e-01,2.523450851440429688e-01,4.035107791423797607e-02,2.485096156597137451e-01,1.557456851005554199e-01,-4.901491478085517883e-02,-7.525771856307983398e-02,-1.286205649375915527e-01,-9.817524254322052002e-02,-3.476765006780624390e-02,1.734952069818973541e-02,5.979843139648437500e-01,2.805306911468505859e-01,1.000000000000000000e+00,1.614463627338409424e-01,2.984943389892578125e-01,1.466439217329025269e-01,7.492110878229141235e-02,4.207607358694076538e-02,5.436955094337463379e-01,3.170792758464813232e-01,9.842648357152938843e-02,-5.814502947032451630e-03,1.917004585266113281e-01,1.852663904428482056e-01,-4.367660731077194214e-02,-5.604399833828210831e-03,1.715774387121200562e-01,1.852615475654602051e-01,-4.265674576163291931e-02,1.828965544700622559e-01,3.152493238449096680e-01,2.277642786502838135e-01,2.987045794725418091e-02,-5.474399030208587646e-02
7.308250069618225098e-01,2.969982922077178955e-01,3.889015614986419678e-01,5.309630632400512695e-01,5.019077658653259277e-01,5.516337156295776367e-01,4.828694462776184082e-01,-5.818963423371315002e-02,1.230601966381072998e-01,5.548759549856185913e-02,2.463197894394397736e-02,-1.021460145711898804e-01,-9.312897920608520508e-02,-1.435203254222869873e-01,-1.956097632646560669e-01,-2.536271214485168457e-01,3.147226870059967041e-01,1.241983473300933838e-01,2.680931389331817627e-01,1.378898322582244873e-01,1.528290063142776489e-01,-1.465356349945068359e-02,-1.119942814111709595e-01,-7.639154046773910522e-02,2.888555824756622314e-01,4.607893526554107666e-01,1.614463627338409424e-01,1.000000000000000000e+00,7.663579583168029785e-01,3.103522956371307373e-01,1.503610610961914062e-01,6.516084820032119751e-02,1.334836035966873169e-01,-9.324663132429122925e-02,-6.287000328302383423e-02,-1.636299043893814087e-01,-1.629526019096374512e-01,-2.354374080896377563e-01,-2.019301652908325195e-01,-1.862034052610397339e-01,4.589754343032836914e-01,3.524412214756011963e-01,2.330407947301864624e-01,2.161408774554729462e-02,1.474933326244354248e-01,1.366607993841171265e-01,-5.715624988079071045e-02,-1.241579055786132812e-01
5.090430378913879395e-01,4.415746331214904785e-01,2.744773030281066895e-01,3.174852430820465088e-01,3.350388407707214355e-01,4.255296885967254639e-01,4.896357059478759766e-01,5.592405050992965698e-02,1.813596636056900024e-01,1.028607413172721863e-01,4.477110505104064941e-02,-6.745602935552597046e-02,-1.073977053165435791e-01,-1.493386477231979370e-01,-1.683209985494613647e-01,-2.492982447147369385e-01,3.757722973823547363e-01,1.943660378456115723e-01,3.295158445835113525e-01,2.100725620985031128e-01,1.340930461883544922e-01,3.045617602765560150e-03,-1.272017359733581543e-01,1.233224663883447647e-02,3.275007605552673340e-01,4.941844046115875244e-01,2.984943389892578125e-01,7.663579583168029785e-01,1.000000000000000000e+00,4.961056113243103027e-01,2.448701858520507812e-01,1.280768364667892456e-01,1.819440722465515137e-01,-5.994339007884263992e-03,1.961387135088443756e-02,-9.444389492273330688e-02,-1.064084395766258240e-01,-1.845031529664993286e-01,-1.875318884849548340e-01,-1.824959069490432739e-01,4.261166453361511230e-01,4.536914527416229248e-01,3.526097536087036133e-01,1.779831051826477051e-01,2.886985540390014648e-01,2.786372601985931396e-01,8.038381114602088928e-03,-1.021893844008445740e-01
8.493756875395774841e-03,3.702832460403442383e-01,-9.108284115791320801e-02,-5.363975465297698975e-02,1.368170231580734253e-01,2.137808203697204590e-01,2.908521890640258789e-01,-1.009188964962959290e-02,-2.346628811210393906e-03,-2.353624254465103149e-02,-5.797901377081871033e-02,3.331749513745307922e-02,2.034104801714420319e-02,5.553116276860237122e-02,3.565860912203788757e-03,4.399579018354415894e-02,3.892697691917419434e-01,4.055895805358886719e-01,3.726363480091094971e-01,3.155262470245361328e-01,4.259007275104522705e-01,4.421841800212860107e-01,6.937135756015777588e-02,1.934248954057693481e-01,1.295087486505508423e-01,2.270698398351669312e-01,1.466439217329025269e-01,3.103522956371307373e-01,4.961056113243103027e-01,1.000000000000000000e+00,6.781628727912902832e-01,3.699459433555603027e-01,3.852992877364158630e-02,1.394743844866752625e-02,2.363248914480209351e-01,1.434180736541748047e-01,-6.104107201099395752e-02,-3.133843466639518738e-02,8.871670812368392944e-02,3.487150743603706360e-02,2.899628579616546631e-01,4.164389669895172119e-01,5.379424691200256348e-01,8.816213905811309814e-02,2.516695559024810791e-01,2.314093858003616333e-01,1.724068969488143921e-01,7.781042903661727905e-02
-9.455242753028869629e-02,3.130130171775817871e-01,-1.835651695728302002e-01,-1.013771146535873413e-01,6.339702010154724121e-02,1.121482849121093750e-01,1.610015779733657837e-01,-4.480035603046417236e-02,-1.140140835195779800e-02,2.676003985106945038e-02,2.042138203978538513e-02,-3.540787147358059883e-03,2.508309483528137207e-01,2.383760549128055573e-02,-8.895417302846908569e-02,3.418460115790367126e-02,2.240059077739715576e-01,3.381115496158599854e-01,1.263082176446914673e-01,3.007093667984008789e-01,5.335886478424072266e-01,6.058831214904785156e-01,1.921246945858001709e-01,3.415291905403137207e-01,3.060904331505298615e-02,1.114427484571933746e-02,7.492110878229141235e-02,1.503610610961914062e-01,2.448701858520507812e-01,6.781628727912902832e-01,1.000000000000000000e+00,5.751217603683471680e-01,-4.926298186182975769e-02,-3.617031499743461609e-02,3.606772720813751221e-01,2.994929850101470947e-01,-2.433360926806926727e-02,5.150559917092323303e-02,2.679698765277862549e-01,6.205806136131286621e-02,3.104156255722045898e-01,3.844065368175506592e-01,4.499300420284271240e-01,8.772599697113037109e-02,2.314730137586593628e-01,1.816161572933197021e-01,3.869892954826354980e-01,1.761873811483383179e-02
-9.371681511402130127e-02,2.958448827266693115e-01,-2.435007095336914062e-01,-2.332648485898971558e-01,7.011967897415161133e-02,2.076536044478416443e-02,-1.439397875219583511e-02,-3.436574945226311684e-03,9.256416559219360352e-02,1.801590621471405029e-01,2.123886160552501678e-02,1.031869463622570038e-02,3.053545057773590088e-01,1.361246686428785324e-02,-1.913126707077026367e-01,3.022011928260326385e-02,5.958255752921104431e-02,1.183032020926475525e-01,-3.369065001606941223e-02,1.780086010694503784e-01,2.666778862476348877e-01,2.748104035854339600e-01,2.354578375816345215e-01,5.654086470603942871e-01,9.679054841399192810e-03,-8.677585422992706299e-02,4.207607358694076538e-02,6.516084820032119751e-02,1.280768364667892456e-01,3.699459433555603027e-01,5.751217603683471680e-01,1.000000000000000000e+00,-6.224005296826362610e-02,-6.257325410842895508e-02,3.938472867012023926e-01,4.995721876621246338e-01,7.469252496957778931e-02,6.561385840177536011e-02,3.024594187736511230e-01,5.796035379171371460e-02,2.453686594963073730e-01,3.015717864036560059e-01,3.462050855159759521e-01,1.375736445188522339e-01,2.508533596992492676e-01,2.304632514715194702e-01,7.434567213058471680e-01,5.869881436228752136e-02
