1.000000000000000000e+00,9.199256449937820435e-02,3.722445070743560791e-01,3.016048967838287354e-01,8.943275362253189087e-02,1.074632033705711365e-01,9.266883879899978638e-02,3.251645267009735107e-01,1.486706584692001343e-01,9.317704290151596069e-02,3.626867830753326416e-01,4.644202291965484619e-01,1.934070736169815063e-01,4.333744943141937256e-01,5.437952280044555664e-01,2.112117260694503784e-01,1.554993391036987305e-01,2.659470736980438232e-01,9.350850433111190796e-02,5.677794665098190308e-02,3.034083247184753418e-01,4.190742075443267822e-01,3.893663734197616577e-02,6.301812082529067993e-02,4.997953474521636963e-01,6.526985764503479004e-02,3.180202543735504150e-01,5.464148521423339844e-01,2.884984612464904785e-01,3.508706092834472656e-01,3.905609250068664551e-01,2.633280754089355469e-01,5.381511449813842773e-01,-7.638365961611270905e-03,1.827320456504821777e-01,-4.114146158099174500e-02,2.315261512994766235e-01,1.047858670353889465e-01,1.804175376892089844e-01,6.116085126996040344e-02,-1.864323019981384277e-02,3.175821527838706970e-02,1.282360702753067017e-01,9.834835678339004517e-02,5.642716959118843079e-02,1.027829721570014954e-01,1.186901554465293884e-01,-7.698163390159606934e-03
9.199256449937820435e-02,1.000000000000000000e+00,5.709657445549964905e-03,2.342083863914012909e-02,1.225171312689781189e-01,1.939577609300613403e-01,3.064998984336853027e-01,2.677841484546661377e-01,1.939187943935394287e-01,1.742338389158248901e-01,5.392714962363243103e-02,3.472006693482398987e-02,7.267044484615325928e-02,1.759532243013381958e-01,1.411023736000061035e-01,-9.616935998201370239e-02,2.309960275888442993e-01,2.153761386871337891e-01,3.808849155902862549e-01,2.901560366153717041e-01,1.998540163040161133e-01,1.901644915342330933e-01,1.225596517324447632e-01,1.117972731590270996e-01,2.261238545179367065e-01,2.672209143638610840e-01,1.947359144687652588e-01,2.098825424909591675e-01,3.532288968563079834e-01,1.647935360670089722e-01,1.473859250545501709e-01,2.413467019796371460e-01,3.551024794578552246e-01,2.626532316207885742e-02,2.653724551200866699e-01,-2.039181627333164215e-02,-7.302974909543991089e-02,2.526003420352935791e-01,3.798538446426391602e-02,1.262888312339782715e-01,3.738360404968261719e-01,5.095229744911193848e-01,3.418502807617187500e-01,5.578678250312805176e-01,5.592331290245056152e-01,2.626927793025970459e-01,1.457415819168090820e-01,1.492890715599060059e-01
3.722445070743560791e-01,5.709657445549964905e-03,1.000000000000000000e+00,4.748354554176330566e-01,1.463204771280288696e-01,-1.012126356363296509e-02,9.932583570480346680e-02,1.568955630064010620e-01,-7.847379893064498901e-03,9.769520908594131470e-02,2.849876582622528076e-01,4.040883481502532959e-01,2.783483862876892090e-01,2.305162400007247925e-01,2.940157353878021240e-01,1.560839861631393433e-01,7.997999340295791626e-02,1.299807727336883545e-01,-4.928109422326087952e-02,-6.517873704433441162e-02,4.179836511611938477e-01,4.287781417369842529e-01,1.620295941829681396e-01,3.807922080159187317e-02,1.836232990026473999e-01,1.368942409753799438e-01,1.909986734390258789e-01,5.293892025947570801e-01,2.670144438743591309e-01,2.449937909841537476e-01,3.540241122245788574e-01,1.196912676095962524e-01,2.378066033124923706e-01,7.885199040174484253e-02,1.807614862918853760e-01,-2.080269344151020050e-02,1.217295974493026733e-01,9.712844341993331909e-02,1.809218674898147583e-01,7.310505956411361694e-02,3.897972777485847473e-02,-6.298008561134338379e-02,5.109694227576255798e-02,-1.134919747710227966e-01,3.886257484555244446e-02,1.523847132921218872e-02,1.285067796707153320e-01,2.485820092260837555e-02
3.016048967838287354e-01,2.342083863914012909e-02,4.748354554176330566e-01,1.000000000000000000e+00,1.935144215822219849e-01,9.779409319162368774e-02,3.113651573657989502e-01,1.173373963683843613e-02,-1.472415924072265625e-01,-1.115848193876445293e-03,-2.834796160459518433e-02,5.899432301521301270e-02,2.127742618322372437e-01,1.010517701506614685e-01,1.822961568832397461e-01,2.244880944490432739e-01,8.657480031251907349e-02,2.959975302219390869e-01,1.754942238330841064e-01,2.566021382808685303e-01,3.696146905422210693e-01,4.621759951114654541e-01,1.099061071872711182e-01,6.504301726818084717e-02,-6.448857486248016357e-02,1.797608435153961182e-01,-2.625356987118721008e-02,2.361106723546981812e-01,2.315914332866668701e-01,2.782863676548004150e-01,3.706295490264892578e-01,1.628933250904083252e-01,1.021810900419950485e-02,1.338570713996887207e-01,1.357914954423904419e-01,-4.794874787330627441e-02,1.778433620929718018e-01,-2.781199291348457336e-02,1.329438537359237671e-01,-3.655813261866569519e-02,5.633949115872383118e-02,2.389682829380035400e-02,4.710931330919265747e-02,-6.149281933903694153e-02,3.890506923198699951e-02,6.555064767599105835e-02,4.537427425384521484e-02,-8.521852642297744751e-02
8.943275362253189087e-02,1.225171312689781189e-01,1.463204771280288696e-01,1.935144215822219849e-01,1.000000000000000000e+00,5.827987194061279297e-01,3.367815613746643066e-01,4.475841671228408813e-02,1.867250949144363403e-01,3.539890050888061523e-01,1.790682375431060791e-01,7.813483476638793945e-02,4.165114462375640869e-01,6.879474967718124390e-02,-4.013129696249961853e-02,5.020504444837570190e-02,1.500543206930160522e-01,1.504728198051452637e-01,1.840925514698028564e-01,3.109616339206695557e-01,2.326905578374862671e-01,4.053559154272079468e-02,1.577028781175613403e-01,9.508166462182998657e-02,-1.723849028348922729e-01,1.743930429220199585e-01,-1.073837503790855408e-01,2.092885039746761322e-02,8.650419116020202637e-02,9.935354441404342651e-02,1.528339460492134094e-03,1.065030843019485474e-01,7.246520835906267166e-03,7.087377458810806274e-02,5.863713100552558899e-02,-4.483653977513313293e-02,1.313929259777069092e-01,6.054420024156570435e-02,3.401600569486618042e-02,-2.571493759751319885e-02,3.911696970462799072e-01,3.357046246528625488e-01,1.381290555000305176e-01,4.455356299877166748e-02,-3.089948743581771851e-02,1.496730595827102661e-01,1.378774046897888184e-01,-6.839770823717117310e-02
1.074632033705711365e-01,1.939577609300613403e-01,-1.012126356363296509e-02,9.779409319162368774e-02,5.827987194061279297e-01,1.000000000000000000e+00,4.611330628395080566e-01,1.819830387830734253e-01,1.853355914354324341e-01,2.773248553276062012e-01,2.871673107147216797e-01,2.162484228610992432e-01,4.213445484638214111e-01,1.210711598396301270e-01,1.106904819607734680e-02,-1.720612123608589172e-02,2.058684378862380981e-01,1.296372115612030029e-01,2.515001893043518066e-01,3.394687771797180176e-01,2.667237818241119385e-01,9.533509612083435059e-02,2.352050542831420898e-01,1.727797836065292358e-01,-1.014245823025703430e-01,2.131500691175460815e-01,-9.984163939952850342e-02,2.630650997161865234e-02,1.004729792475700378e-01,1.961452066898345947e-01,1.119877994060516357e-01,3.010073602199554443e-01,2.063994295895099640e-02,1.596488989889621735e-02,1.639784276485443115e-01,7.867015153169631958e-02,1.405711770057678223e-01,1.293100416660308838e-02,8.331313729286193848e-02,8.579979091882705688e-02,4.104044437408447266e-01,4.152581691741943359e-01,1.921722590923309326e-01,7.781948894262313843e-02,6.476477533578872681e-02,2.186390906572341919e-01,2.053920775651931763e-01,5.913916975259780884e-02
9.266883879899978638e-02,3.064998984336853027e-01,9.932583570480346680e-02,3.113651573657989502e-01,3.367815613746643066e-01,4.611330628395080566e-01,1.000000000000000000e+00,1.716010421514511108e-01,1.632106304168701172e-01,1.167463287711143494e-01,9.840697050094604492e-02,4.041035100817680359e-02,2.104428410530090332e-01,1.421163827180862427e-01,3.330068290233612061e-02,3.678774833679199219e-02,5.941217541694641113e-01,6.176573634147644043e-01,5.212397575378417969e-01,5.248537659645080566e-01,2.545623779296875000e-01,3.106662631034851074e-01,1.980542838573455811e-01,1.809654533863067627e-01,1.858644187450408936e-03,6.517134308815002441e-01,-9.836604446172714233e-02,1.611069142818450928e-01,3.144978284835815430e-01,2.812001407146453857e-01,2.735398411750793457e-01,2.583753168582916260e-01,1.387988626956939697e-01,6.788760423660278320e-02,5.725788697600364685e-02,-8.810058236122131348e-02,6.191367655992507935e-02,1.420930624008178711e-01,8.569376170635223389e-02,1.643617600202560425e-01,2.509220838546752930e-01,4.099014401435852051e-01,2.861500084400177002e-01,1.433960795402526855e-01,1.525349766016006470e-01,2.492237836122512817e-01,9.574503451585769653e-02,1.065053492784500122e-01
3.251645267009735107e-01,2.677841484546661377e-01,1.568955630064010620e-01,1.173373963683843613e-02,4.475841671228408813e-02,1.819830387830734253e-01,1.716010421514511108e-01,1.000000000000000000e+00,2.291463017463684082e-01,-3.670313209295272827e-02,4.625827670097351074e-01,2.931573390960693359e-01,1.485835462808609009e-01,5.365235805511474609e-01,4.988364577293395996e-01,2.191137373447418213e-01,1.101523265242576599e-01,5.591621249914169312e-02,-2.297184057533740997e-02,1.510996464639902115e-02,1.367311775684356689e-01,1.441862136125564575e-01,2.265392094850540161e-01,9.927228838205337524e-02,5.162926912307739258e-01,1.476677060127258301e-01,2.568544447422027588e-01,2.447230666875839233e-01,2.753996849060058594e-01,2.636492252349853516e-01,2.057992815971374512e-01,2.054695636034011841e-01,4.867454171180725098e-01,1.763997226953506470e-01,2.739285528659820557e-01,2.015357762575149536e-01,3.680564761161804199e-01,3.303205966949462891e-01,3.251995444297790527e-01,3.781807422637939453e-01,-5.222245305776596069e-02,1.333441138267517090e-01,8.634123951196670532e-02,3.000192046165466309e-01,1.660946905612945557e-01,1.943210065364837646e-01,1.428813934326171875e-01,7.571974396705627441e-02
1.486706584692001343e-01,1.939187943935394287e-01,-7.847379893064498901e-03,-1.472415924072265625e-01,1.867250949144363403e-01,1.853355914354324341e-01,1.632106304168701172e-01,2.291463017463684082e-01,1.000000000000000000e+00,3.218460381031036377e-01,3.219917416572570801e-01,1.631217747926712036e-01,1.301706116646528244e-02,1.638257205486297607e-01,1.626084297895431519e-01,-1.636796146631240845e-01,1.705091893672943115e-01,1.886331886053085327e-01,3.701013699173927307e-02,1.303091645240783691e-01,3.153116628527641296e-02,4.575578495860099792e-02,4.412190243601799011e-02,1.999855488538742065e-01,3.792999982833862305e-01,1.616557836532592773e-01,1.672848016023635864e-01,1.364909559488296509e-01,1.026241555809974670e-01,9.404197335243225098e-02,3.080910257995128632e-02,1.020398065447807312e-01,4.023184478282928467e-01,3.217067942023277283e-02,2.586923167109489441e-02,-3.023816831409931183e-02,-1.405114959925413132e-02,3.672104477882385254e-01,1.837457902729511261e-02,2.017927318811416626e-01,1.700610667467117310e-01,2.805828154087066650e-01,8.121380954980850220e-02,4.096337258815765381e-01,-1.390044242143630981e-01,1.625577509403228760e-01,9.932073950767517090e-02,-1.325032208114862442e-02
9.317704290151596069e-02,1.742338389158248901e-01,9.769520908594131470e-02,-1.115848193876445293e-03,3.539890050888061523e-01,2.773248553276062012e-01,1.167463287711143494e-01,-3.670313209295272827e-02,3.218460381031036377e-01,1.000000000000000000e+00,2.464547008275985718e-01,3.306223750114440918e-01,4.728377461433410645e-01,7.741320878267288208e-02,-5.738771334290504456e-02,-1.525584310293197632e-01,2.242696881294250488e-01,1.120600104331970215e-01,1.239949241280555725e-01,2.111902236938476562e-01,3.129019439220428467e-01,1.235583797097206116e-01,1.859716027975082397e-01,2.749236226081848145e-01,-4.325184598565101624e-02,6.857046484947204590e-02,7.338403165340423584e-02,1.534301191568374634e-01,6.238134577870368958e-02,2.049746364355087280e-01,1.658674031496047974e-01,2.186301052570343018e-01,3.190216794610023499e-02,-7.113177329301834106e-02,6.498439610004425049e-02,-6.767597049474716187e-03,2.734753303229808807e-03,9.461143612861633301e-02,-1.838731765747070312e-02,2.436692267656326294e-02,4.318111538887023926e-01,3.106698095798492432e-01,2.501495778560638428e-01,1.677033603191375732e-01,5.545879155397415161e-02,2.087420821189880371e-01,2.237812876701354980e-01,1.017705127596855164e-01
3.626867830753326416e-01,5.392714962363243103e-02,2.849876582622528076e-01,-2.834796160459518433e-02,1.790682375431060791e-01,2.871673107147216797e-01,9.840697050094604492e-02,4.625827670097351074e-01,3.219917416572570801e-01,2.464547008275985718e-01,1.000000000000000000e+00,5.853443741798400879e-01,4.046747982501983643e-01,3.916373550891876221e-01,3.850140273571014404e-01,7.229834794998168945e-02,1.452811062335968018e-01,5.969750136137008667e-02,-1.693942025303840637e-02,-5.734893307089805603e-02,2.659488618373870850e-01,2.855632007122039795e-01,2.824405729770660400e-01,1.809163838624954224e-01,3.897249996662139893e-01,9.485864639282226562e-02,2.747205793857574463e-01,3.055562674999237061e-01,7.670209556818008423e-02,2.934743762016296387e-01,3.340474963188171387e-01,3.630344867706298828e-01,3.729133307933807373e-01,-6.027827411890029907e-02,2.478495836257934570e-01,1.481625288724899292e-01,1.782009005546569824e-01,2.268655598163604736e-01,2.957970798015594482e-01,2.794497609138488770e-01,1.849983334541320801e-01,8.977942913770675659e-02,6.217770650982856750e-02,7.272095978260040283e-02,-2.235599420964717865e-02,1.257360279560089111e-01,2.714954316616058350e-01,2.125548273324966431e-01
4.644202291965484619e-01,3.472006693482398987e-02,4.040883481502532959e-01,5.899432301521301270e-02,7.813483476638793945e-02,2.162484228610992432e-01,4.041035100817680359e-02,2.931573390960693359e-01,1.631217747926712036e-01,3.306223750114440918e-01,5.853443741798400879e-01,1.000000000000000000e+00,4.687268733978271484e-01,3.716357648372650146e-01,4.003430604934692383e-01,1.103159859776496887e-01,1.530359983444213867e-01,3.892732411623001099e-02,-3.931391611695289612e-02,-1.165763884782791138e-01,3.362049460411071777e-01,2.835194170475006104e-01,1.825348138809204102e-01,8.572317659854888916e-02,3.288479447364807129e-01,5.300555750727653503e-02,2.962983548641204834e-01,4.253208935260772705e-01,1.559785753488540649e-01,2.774519026279449463e-01,3.184657692909240723e-01,2.963552176952362061e-01,3.438557088375091553e-01,-1.192784085869789124e-01,3.109883069992065430e-01,3.317292034626007080e-02,7.711440324783325195e-02,1.299202591180801392e-01,2.187787741422653198e-01,8.439816534519195557e-02,1.380277872085571289e-01,2.277706051245331764e-03,5.960900336503982544e-02,-1.141691021621227264e-02,5.560228973627090454e-02,7.433129101991653442e-02,1.943046301603317261e-01,9.240177273750305176e-02
1.934070736169815063e-01,7.267044484615325928e-02,2.783483862876892090e-01,2.127742618322372437e-01,4.165114462375640869e-01,4.213445484638214111e-01,2.104428410530090332e-01,1.485835462808609009e-01,1.301706116646528244e-02,4.728377461433410645e-01,4.046747982501983643e-01,4.687268733978271484e-01,1.000000000000000000e+00,2.641095221042633057e-01,1.308153718709945679e-01,2.566809058189392090e-01,1.292461603879928589e-01,9.992183744907379150e-02,9.934835880994796753e-02,2.373685091733932495e-01,5.066117048263549805e-01,3.939367532730102539e-01,4.650252461433410645e-01,1.482545435428619385e-01,-2.633148804306983948e-02,8.924221247434616089e-02,2.049528956413269043e-01,1.667191535234451294e-01,1.119396388530731201e-01,2.887202799320220947e-01,3.671705126762390137e-01,3.479889333248138428e-01,4.771797731518745422e-02,-6.222366169095039368e-02,2.451265901327133179e-01,1.587567329406738281e-01,1.480994075536727905e-01,2.049309015274047852e-02,2.854026854038238525e-01,1.279578655958175659e-01,3.722715377807617188e-01,1.610479652881622314e-01,8.370859175920486450e-02,-1.004623062908649445e-02,3.720580413937568665e-02,1.136384010314941406e-01,2.703341841697692871e-01,1.933980733156204224e-01
4.333744943141937256e-01,1.759532243013381958e-01,2.305162400007247925e-01,1.010517701506614685e-01,6.879474967718124390e-02,1.210711598396301270e-01,1.421163827180862427e-01,5.365235805511474609e-01,1.638257205486297607e-01,7.741320878267288208e-02,3.916373550891876221e-01,3.716357648372650146e-01,2.641095221042633057e-01,1.000000000000000000e+00,5.826795101165771484e-01,2.030905336141586304e-01,1.622069627046585083e-01,1.973931491374969482e-01,5.710360035300254822e-02,1.270113438367843628e-01,2.750800549983978271e-01,2.345978766679763794e-01,2.018984407186508179e-01,-1.598134078085422516e-02,4.466612935066223145e-01,1.938771307468414307e-01,3.789738714694976807e-01,3.244343400001525879e-01,2.797570824623107910e-01,2.766504287719726562e-01,2.661674022674560547e-01,2.316347360610961914e-01,4.585053622722625732e-01,2.405134402215480804e-02,1.202246546745300293e-01,3.599873557686805725e-02,3.639764189720153809e-01,2.792412936687469482e-01,2.667171359062194824e-01,2.512585818767547607e-01,1.303239166736602783e-01,1.988524198532104492e-01,1.359915882349014282e-01,1.454198211431503296e-01,3.850511834025382996e-02,4.949439316987991333e-02,1.547039747238159180e-01,5.243293195962905884e-02
5.437952280044555664e-01,1.411023736000061035e-01,2.940157353878021240e-01,1.822961568832397461e-01,-4.013129696249961853e-02,1.106904819607734680e-02,3.330068290233612061e-02,4.988364577293395996e-01,1.626084297895431519e-01,-5.738771334290504456e-02,3.850140273571014404e-01,4.003430604934692383e-01,1.308153718709945679e-01,5.826795101165771484e-01,1.000000000000000000e+00,3.686011433601379395e-01,6.326414644718170166e-02,1.674614846706390381e-01,-7.343341596424579620e-03,-1.870773173868656158e-02,1.906076222658157349e-01,2.970229089260101318e-01,1.071924120187759399e-01,-4.419167339801788330e-02,5.458554029464721680e-01,6.315405666828155518e-02,3.609421253204345703e-01,3.776984810829162598e-01,2.426259070634841919e-01,2.647463083267211914e-01,2.770667672157287598e-01,1.393471956253051758e-01,5.553743243217468262e-01,-3.578430507332086563e-03,1.619655936956405640e-01,4.221906512975692749e-02,2.443639636039733887e-01,3.607240617275238037e-01,3.175770938396453857e-01,2.785598933696746826e-01,-4.258690774440765381e-02,5.691917240619659424e-02,3.693138808012008667e-02,1.606280207633972168e-01,-3.395472094416618347e-02,1.032396033406257629e-02,1.150159388780593872e-01,3.489251434803009033e-02
2.112117260694503784e-01,-9.616935998201370239e-02,1.560839861631393433e-01,2.244880944490432739e-01,5.020504444837570190e-02,-1.720612123608589172e-02,3.678774833679199219e-02,2.191137373447418213e-01,-1.636796146631240845e-01,-1.525584310293197632e-01,7.229834794998168945e-02,1.103159859776496887e-01,2.566809058189392090e-01,2.030905336141586304e-01,3.686011433601379395e-01,1.000000000000000000e+00,-1.523224860429763794e-01,4.191587492823600769e-02,-4.496436193585395813e-02,7.078751921653747559e-02,1.287165284156799316e-01,2.505700290203094482e-01,3.163153231143951416e-01,-9.919276833534240723e-02,9.468576312065124512e-02,-1.014214567840099335e-02,1.132598817348480225e-01,7.813134789466857910e-02,9.817031025886535645e-02,3.965722396969795227e-02,1.960754096508026123e-01,-2.464802190661430359e-02,1.082641184329986572e-01,1.556557267904281616e-01,1.520674824714660645e-01,1.989566087722778320e-01,2.665142118930816650e-01,1.819608360528945923e-01,4.907613098621368408e-01,3.028425276279449463e-01,-2.064683437347412109e-01,-1.175231114029884338e-01,-1.330660730600357056e-01,-1.406789720058441162e-01,-7.206524163484573364e-02,-5.361975729465484619e-02,2.545599825680255890e-03,1.856300607323646545e-02
1.554993391036987305e-01,2.309960275888442993e-01,7.997999340295791626e-02,8.657480031251907349e-02,1.500543206930160522e-01,2.058684378862380981e-01,5.941217541694641113e-01,1.101523265242576599e-01,1.705091893672943115e-01,2.242696881294250488e-01,1.452811062335968018e-01,1.530359983444213867e-01,1.292461603879928589e-01,1.622069627046585083e-01,6.326414644718170166e-02,-1.523224860429763794e-01,1.000000000000000000e+00,6.344662904739379883e-01,4.373054802417755127e-01,2.617805004119873047e-01,5.102022364735603333e-02,1.338689625263214111e-01,2.366974763572216034e-02,1.989346146583557129e-01,1.292490363121032715e-01,4.469437003135681152e-01,-6.359035032801330090e-04,1.364959627389907837e-01,1.406489908695220947e-01,1.765081286430358887e-01,1.025866419076919556e-01,1.467460095882415771e-01,2.093412280082702637e-01,-8.773567527532577515e-02,3.918208926916122437e-02,-1.248493716120719910e-01,-3.710349276661872864e-02,1.149515882134437561e-01,-5.672093108296394348e-02,8.977570384740829468e-02,1.440407931804656982e-01,2.996749281883239746e-01,3.508848249912261963e-01,2.019159644842147827e-01,1.774968653917312622e-01,2.662995159626007080e-01,7.793114334344863892e-02,1.060438826680183411e-01
2.659470736980438232e-01,2.153761386871337891e-01,1.299807727336883545e-01,2.959975302219390869e-01,1.504728198051452637e-01,1.296372115612030029e-01,6.176573634147644043e-01,5.591621249914169312e-02,1.886331886053085327e-01,1.120600104331970215e-01,5.969750136137008667e-02,3.892732411623001099e-02,9.992183744907379150e-02,1.973931491374969482e-01,1.674614846706390381e-01,4.191587492823600769e-02,6.344662904739379883e-01,1.000000000000000000e+00,4.516755640506744385e-01,3.974523842334747314e-01,1.300487667322158813e-01,3.896159231662750244e-01,1.287110000848770142e-01,6.876617670059204102e-02,1.809013485908508301e-01,5.000646114349365234e-01,3.318563848733901978e-02,2.406150847673416138e-01,2.902757823467254639e-01,2.339252233505249023e-01,2.472665160894393921e-01,1.741393357515335083e-01,2.523756623268127441e-01,5.155478417873382568e-02,5.286672152578830719e-03,-1.981528997421264648e-01,5.319920368492603302e-03,2.289843261241912842e-01,1.410659868270158768e-02,1.254169493913650513e-01,1.001785844564437866e-01,2.674488723278045654e-01,2.290546000003814697e-01,2.017838954925537109e-01,3.691025823354721069e-02,1.379666477441787720e-01,1.553427241742610931e-02,1.332820653915405273e-01
9.350850433111190796e-02,3.808849155902862549e-01,-4.928109422326087952e-02,1.754942238330841064e-01,1.840925514698028564e-01,2.515001893043518066e-01,5.212397575378417969e-01,-2.297184057533740997e-02,3.701013699173927307e-02,1.239949241280555725e-01,-1.693942025303840637e-02,-3.931391611695289612e-02,9.934835880994796753e-02,5.710360035300254822e-02,-7.343341596424579620e-03,-4.496436193585395813e-02,4.373054802417755127e-01,4.516755640506744385e-01,1.000000000000000000e+00,5.055811405181884766e-01,1.748656481504440308e-01,3.046609461307525635e-01,1.869841217994689941e-01,1.472907513380050659e-01,-6.198379024863243103e-02,3.550833165645599365e-01,-2.369242534041404724e-02,5.706765502691268921e-02,2.094661146402359009e-01,2.069886177778244019e-01,2.050648629665374756e-01,2.118633985519409180e-01,6.948928534984588623e-02,-2.776578068733215332e-02,1.234168782830238342e-01,-9.506873786449432373e-02,-8.663158118724822998e-02,1.248207911849021912e-01,5.064260959625244141e-02,7.041513919830322266e-02,2.524339258670806885e-01,3.709002137184143066e-01,2.984488010406494141e-01,2.011590451002120972e-01,1.928522884845733643e-01,1.326901912689208984e-01,7.164949178695678711e-02,1.901317238807678223e-01
5.677794665098190308e-02,2.901560366153717041e-01,-6.517873704433441162e-02,2.566021382808685303e-01,3.109616339206695557e-01,3.394687771797180176e-01,5.248537659645080566e-01,1.510996464639902115e-02,1.303091645240783691e-01,2.111902236938476562e-01,-5.734893307089805603e-02,-1.165763884782791138e-01,2.373685091733932495e-01,1.270113438367843628e-01,-1.870773173868656158e-02,7.078751921653747559e-02,2.617805004119873047e-01,3.974523842334747314e-01,5.055811405181884766e-01,1.000000000000000000e+00,4.512799382209777832e-01,2.653911411762237549e-01,1.272999793291091919e-01,1.137887462973594666e-01,-1.368604898452758789e-01,4.046246707439422607e-01,-9.094439446926116943e-02,3.998102620244026184e-02,2.841297686100006104e-01,3.102039396762847900e-01,2.681083083152770996e-01,3.194944560527801514e-01,2.190331369638442993e-02,9.552132338285446167e-02,1.534256245940923691e-02,-7.025068998336791992e-02,4.640591517090797424e-02,1.592918485403060913e-01,1.098637208342552185e-01,1.168165802955627441e-01,3.570927679538726807e-01,4.326217472553253174e-01,3.331002593040466309e-01,2.266105413436889648e-01,3.005920536816120148e-02,1.537668108940124512e-01,6.295074522495269775e-02,9.822469949722290039e-02
3.034083247184753418e-01,1.998540163040161133e-01,4.179836511611938477e-01,3.696146905422210693e-01,2.326905578374862671e-01,2.667237818241119385e-01,2.545623779296875000e-01,1.367311775684356689e-01,3.153116628527641296e-02,3.129019439220428467e-01,2.659488618373870850e-01,3.362049460411071777e-01,5.066117048263549805e-01,2.750800549983978271e-01,1.906076222658157349e-01,1.287165284156799316e-01,5.102022364735603333e-02,1.300487667322158813e-01,1.748656481504440308e-01,4.512799382209777832e-01,1.000000000000000000e+00,5.574885606765747070e-01,2.695639729499816895e-01,1.537763029336929321e-01,2.895881794393062592e-02,1.287808865308761597e-01,1.676692664623260498e-01,3.877284526824951172e-01,3.408688902854919434e-01,4.458256363868713379e-01,6.157214045524597168e-01,4.824061095714569092e-01,1.522597968578338623e-01,3.269008547067642212e-02,2.451763302087783813e-01,2.930510416626930237e-02,5.541576817631721497e-02,1.206759512424468994e-01,2.222988903522491455e-01,1.092738732695579529e-01,3.538667559623718262e-01,1.753092110157012939e-01,2.479968518018722534e-01,-2.176970988512039185e-02,1.115948706865310669e-01,1.968275941908359528e-02,2.520566582679748535e-01,2.074502408504486084e-01
4.190742075443267822e-01,1.901644915342330933e-01,4.287781417369842529e-01,4.621759951114654541e-01,4.053559154272079468e-02,9.533509612083435059e-02,3.106662631034851074e-01,1.441862136125564575e-01,4.575578495860099792e-02,1.235583797097206116e-01,2.855632007122039795e-01,2.835194170475006104e-01,3.939367532730102539e-01,2.345978766679763794e-01,2.970229089260101318e-01,2.505700290203094482e-01,1.338689625263214111e-01,3.896159231662750244e-01,3.046609461307525635e-01,2.653911411762237549e-01,5.574885606765747070e-01,1.000000000000000000e+00,3.283320367336273193e-01,1.727603375911712646e-01,2.451129108667373657e-01,1.431251764297485352e-01,2.904416620731353760e-01,4.018481969833374023e-01,3.344301879405975342e-01,4.359948337078094482e-01,7.156081199645996094e-01,4.480587542057037354e-01,2.466477602720260620e-01,8.159919083118438721e-02,2.403547614812850952e-01,1.799076236784458160e-02,4.935434833168983459e-02,1.891946792602539062e-01,2.798591554164886475e-01,1.147521585226058960e-01,1.354681700468063354e-01,1.239181533455848694e-01,1.037833169102668762e-01,9.242344647645950317e-02,1.013329774141311646e-01,4.426906257867813110e-02,1.741690039634704590e-01,3.303997516632080078e-01
3.893663734197616577e-02,1.225596517324447632e-01,1.620295941829681396e-01,1.099061071872711182e-01,1.577028781175613403e-01,2.352050542831420898e-01,1.980542838573455811e-01,2.265392094850540161e-01,4.412190243601799011e-02,1.859716027975082397e-01,2.824405729770660400e-01,1.825348138809204102e-01,4.650252461433410645e-01,2.018984407186508179e-01,1.071924120187759399e-01,3.163153231143951416e-01,2.366974763572216034e-02,1.287110000848770142e-01,1.869841217994689941e-01,1.272999793291091919e-01,2.695639729499816895e-01,3.283320367336273193e-01,1.000000000000000000e+00,1.692894697189331055e-01,3.069796413183212280e-02,9.705107659101486206e-02,1.423329561948776245e-01,6.424666941165924072e-02,2.553113037720322609e-03,1.151644736528396606e-01,2.587398588657379150e-01,1.991486847400665283e-01,4.967699944972991943e-02,3.153051808476448059e-02,2.612962424755096436e-01,3.491865098476409912e-01,1.733089834451675415e-01,1.569647938013076782e-01,5.469298958778381348e-01,5.171521902084350586e-01,1.404369175434112549e-01,1.464897990226745605e-01,-1.987201534211635590e-02,1.885481923818588257e-02,6.724899262189865112e-02,1.892086304724216461e-02,3.171691894531250000e-01,4.153276383876800537e-01
6.301812082529067993e-02,1.117972731590270996e-01,3.807922080159187317e-02,6.504301726818084717e-02,9.508166462182998657e-02,1.727797836065292358e-01,1.809654533863067627e-01,9.927228838205337524e-02,1.999855488538742065e-01,2.749236226081848145e-01,1.809163838624954224e-01,8.572317659854888916e-02,1.482545435428619385e-01,-1.598134078085422516e-02,-4.419167339801788330e-02,-9.919276833534240723e-02,1.989346146583557129e-01,6.876617670059204102e-02,1.472907513380050659e-01,1.137887462973594666e-01,1.537763029336929321e-01,1.727603375911712646e-01,1.692894697189331055e-01,1.000000000000000000e+00,-3.154248744249343872e-02,5.774948745965957642e-02,-3.973449394106864929e-02,6.106604263186454773e-02,-6.445528566837310791e-02,2.179871052503585815e-01,3.161823749542236328e-01,3.172599077224731445e-01,1.792403310537338257e-02,-6.030154600739479065e-02,2.977117896080017090e-01,3.490855395793914795e-01,-1.480738539248704910e-02,3.811756893992424011e-02,1.620720624923706055e-01,2.845493257045745850e-01,7.954429835081100464e-02,1.756637841463088989e-01,1.827235519886016846e-01,1.331445872783660889e-01,1.209261566400527954e-01,2.976548373699188232e-01,5.331009030342102051e-01,3.466368913650512695e-01
4.997953474521636963e-01,2.261238545179367065e-01,1.836232990026473999e-01,-6.448857486248016357e-02,-1.723849028348922729e-01,-1.014245823025703430e-01,1.858644187450408936e-03,5.162926912307739258e-01,3.792999982833862305e-01,-4.325184598565101624e-02,3.897249996662139893e-01,3.288479447364807129e-01,-2.633148804306983948e-02,4.466612935066223145e-01,5.458554029464721680e-01,9.468576312065124512e-02,1.292490363121032715e-01,1.809013485908508301e-01,-6.198379024863243103e-02,-1.368604898452758789e-01,2.895881794393062592e-02,2.451129108667373657e-01,3.069796413183212280e-02,-3.154248744249343872e-02,1.000000000000000000e+00,2.042421139776706696e-02,5.455358028411865234e-01,3.915061950683593750e-01,2.688547968864440918e-01,2.308215498924255371e-01,2.080366909503936768e-01,1.533134877681732178e-01,7.133848667144775391e-01,3.496623784303665161e-02,8.135421574115753174e-02,1.544377207756042480e-02,1.696768254041671753e-01,3.034592270851135254e-01,9.202948212623596191e-02,2.512837052345275879e-01,-1.497590988874435425e-01,4.881749302148818970e-02,6.860708445310592651e-02,3.354331552982330322e-01,6.355070322751998901e-02,7.452055811882019043e-02,3.621776401996612549e-02,3.465109318494796753e-02
6.526985764503479004e-02,2.672209143638610840e-01,1.368942409753799438e-01,1.797608435153961182e-01,1.743930429220199585e-01,2.131500691175460815e-01,6.517134308815002441e-01,1.476677060127258301e-01,1.616557836532592773e-01,6.857046484947204590e-02,9.485864639282226562e-02,5.300555750727653503e-02,8.924221247434616089e-02,1.938771307468414307e-01,6.315405666828155518e-02,-1.014214567840099335e-02,4.469437003135681152e-01,5.000646114349365234e-01,3.550833165645599365e-01,4.046246707439422607e-01,1.287808865308761597e-01,1.431251764297485352e-01,9.705107659101486206e-02,5.774948745965957642e-02,2.042421139776706696e-02,1.000000000000000000e+00,-6.268199533224105835e-02,1.969779133796691895e-01,3.011367022991180420e-01,1.425986438989639282e-01,1.497443914413452148e-01,1.436213105916976929e-01,1.738236397504806519e-01,-5.624584108591079712e-02,-3.338884189724922180e-02,-8.074482530355453491e-02,1.212079916149377823e-02,1.129484325647354126e-01,8.135655522346496582e-02,1.509232074022293091e-01,2.420074194669723511e-01,2.948530912399291992e-01,2.177816480398178101e-01,1.736370325088500977e-01,4.968482628464698792e-02,1.527177095413208008e-01,5.253417417407035828e-02,4.006175324320793152e-02
3.180202543735504150e-01,1.947359144687652588e-01,1.909986734390258789e-01,-2.625356987118721008e-02,-1.073837503790855408e-01,-9.984163939952850342e-02,-9.836604446172714233e-02,2.568544447422027588e-01,1.672848016023635864e-01,7.338403165340423584e-02,2.747205793857574463e-01,2.962983548641204834e-01,2.049528956413269043e-01,3.789738714694976807e-01,3.609421253204345703e-01,1.132598817348480225e-01,-6.359035032801330090e-04,3.318563848733901978e-02,-2.369242534041404724e-02,-9.094439446926116943e-02,1.676692664623260498e-01,2.904416620731353760e-01,1.423329561948776245e-01,-3.973449394106864929e-02,5.455358028411865234e-01,-6.268199533224105835e-02,1.000000000000000000e+00,2.588699758052825928e-01,1.408899724483489990e-01,2.013175487518310547e-01,2.545931637287139893e-01,1.097416356205940247e-01,4.842203259468078613e-01,-6.975337862968444824e-02,1.119774207472801208e-01,6.734216213226318359e-02,2.132419869303703308e-02,1.513807773590087891e-01,6.441114842891693115e-02,1.146926134824752808e-01,3.563249111175537109e-02,-1.551016792654991150e-02,7.733726501464843750e-02,2.589709758758544922e-01,7.819650322198867798e-02,-1.166713610291481018e-02,6.536770612001419067e-02,1.285170912742614746e-01
5.464148521423339844e-01,2.098825424909591675e-01,5.293892025947570801e-01,2.361106723546981812e-01,2.092885039746761322e-02,2.630650997161865234e-02,1.611069142818450928e-01,2.447230666875839233e-01,1.364909559488296509e-01,1.534301191568374634e-01,3.055562674999237061e-01,4.253208935260772705e-01,1.667191535234451294e-01,3.244343400001525879e-01,3.776984810829162598e-01,7.813134789466857910e-02,1.364959627389907837e-01,2.406150847673416138e-01,5.706765502691268921e-02,3.998102620244026184e-02,3.877284526824951172e-01,4.018481969833374023e-01,6.424666941165924072e-02,6.106604263186454773e-02,3.915061950683593750e-01,1.969779133796691895e-01,2.588699758052825928e-01,1.000000000000000000e+00,5.775820612907409668e-01,4.364201128482818604e-01,4.236371219158172607e-01,2.585702836513519287e-01,4.214955568313598633e-01,1.477672159671783447e-01,1.675648540258407593e-01,-8.679068833589553833e-02,1.173966750502586365e-01,2.040136903524398804e-01,6.393323093652725220e-02,6.585390120744705200e-02,1.451875269412994385e-01,1.534687131643295288e-01,1.626303344964981079e-01,6.295942515134811401e-02,1.014996021986007690e-01,8.643966913223266602e-02,1.375062167644500732e-01,3.410647436976432800e-02
2.884984612464904785e-01,3.532288968563079834e-01,2.670144438743591309e-01,2.315914332866668701e-01,8.650419116020202637e-02,1.004729792475700378e-01,3.144978284835815430e-01,2.753996849060058594e-01,1.026241555809974670e-01,6.238134577870368958e-02,7.670209556818008423e-02,1.559785753488540649e-01,1.119396388530731201e-01,2.797570824623107910e-01,2.426259070634841919e-01,9.817031025886535645e-02,1.406489908695220947e-01,2.902757823467254639e-01,2.094661146402359009e-01,2.841297686100006104e-01,3.408688902854919434e-01,3.344301879405975342e-01,2.553113037720322609e-03,-6.445528566837310791e-02,2.688547968864440918e-01,3.011367022991180420e-01,1.408899724483489990e-01,5.775820612907409668e-01,1.000000000000000000e+00,3.930072784423828125e-01,3.141219615936279297e-01,2.699726819992065430e-01,2.976226508617401123e-01,1.559843420982360840e-01,6.542836874723434448e-02,-1.411030739545822144e-01,1.230720430612564087e-01,1.986080408096313477e-01,4.693931341171264648e-02,6.500399205833673477e-03,2.167963385581970215e-01,3.191331624984741211e-01,2.546375393867492676e-01,1.688437908887863159e-01,1.964398324489593506e-01,1.827932596206665039e-01,2.894787304103374481e-02,-4.627475887537002563e-02
3.508706092834472656e-01,1.647935360670089722e-01,2.449937909841537476e-01,2.782863676548004150e-01,9.935354441404342651e-02,1.961452066898345947e-01,2.812001407146453857e-01,2.636492252349853516e-01,9.404197335243225098e-02,2.049746364355087280e-01,2.934743762016296387e-01,2.774519026279449463e-01,2.887202799320220947e-01,2.766504287719726562e-01,2.647463083267211914e-01,3.965722396969795227e-02,1.765081286430358887e-01,2.339252233505249023e-01,2.069886177778244019e-01,3.102039396762847900e-01,4.458256363868713379e-01,4.359948337078094482e-01,1.151644736528396606e-01,2.179871052503585815e-01,2.308215498924255371e-01,1.425986438989639282e-01,2.013175487518310547e-01,4.364201128482818604e-01,3.930072784423828125e-01,1.000000000000000000e+00,5.787798166275024414e-01,4.761328399181365967e-01,2.241612076759338379e-01,1.718723326921463013e-01,1.328764408826828003e-01,8.272319287061691284e-02,2.012208998203277588e-01,1.860712468624114990e-01,7.293731719255447388e-02,8.216755092144012451e-02,1.950905025005340576e-01,2.668250501155853271e-01,2.582644820213317871e-01,1.331579685211181641e-01,5.091181024909019470e-02,1.657760441303253174e-01,1.748195737600326538e-01,1.686799079179763794e-01
3.905609250068664551e-01,1.473859250545501709e-01,3.540241122245788574e-01,3.706295490264892578e-01,1.528339460492134094e-03,1.119877994060516357e-01,2.735398411750793457e-01,2.057992815971374512e-01,3.080910257995128632e-02,1.658674031496047974e-01,3.340474963188171387e-01,3.184657692909240723e-01,3.671705126762390137e-01,2.661674022674560547e-01,2.770667672157287598e-01,1.960754096508026123e-01,1.025866419076919556e-01,2.472665160894393921e-01,2.050648629665374756e-01,2.681083083152770996e-01,6.157214045524597168e-01,7.156081199645996094e-01,2.587398588657379150e-01,3.161823749542236328e-01,2.080366909503936768e-01,1.497443914413452148e-01,2.545931637287139893e-01,4.236371219158172607e-01,3.141219615936279297e-01,5.787798166275024414e-01,1.000000000000000000e+00,5.825952291488647461e-01,2.090585529804229736e-01,2.947415225207805634e-02,2.640506923198699951e-01,1.480162888765335083e-01,7.576978206634521484e-02,1.153836324810981750e-01,2.638612687587738037e-01,1.393659263849258423e-01,1.672636717557907104e-01,1.288179904222488403e-01,2.144315689802169800e-01,3.215970471501350403e-02,1.191407740116119385e-01,9.648248553276062012e-02,3.356548249721527100e-01,3.248655796051025391e-01
2.633280754089355469e-01,2.413467019796371460e-01,1.196912676095962524e-01,1.628933250904083252e-01,1.065030843019485474e-01,3.010073602199554443e-01,2.583753168582916260e-01,2.054695636034011841e-01,1.020398065447807312e-01,2.186301052570343018e-01,3.630344867706298828e-01,2.963552176952362061e-01,3.479889333248138428e-01,2.316347360610961914e-01,1.393471956253051758e-01,-2.464802190661430359e-02,1.467460095882415771e-01,1.741393357515335083e-01,2.118633985519409180e-01,3.194944560527801514e-01,4.824061095714569092e-01,4.480587542057037354e-01,1.991486847400665283e-01,3.172599077224731445e-01,1.533134877681732178e-01,1.436213105916976929e-01,1.097416356205940247e-01,2.585702836513519287e-01,2.699726819992065430e-01,4.761328399181365967e-01,5.825952291488647461e-01,1.000000000000000000e+00,1.248569265007972717e-01,-3.312201052904129028e-02,1.928062736988067627e-01,1.323443055152893066e-01,1.028489172458648682e-01,5.794268473982810974e-02,2.038764059543609619e-01,1.816315799951553345e-01,2.828044891357421875e-01,2.615424692630767822e-01,2.027368396520614624e-01,1.211149469017982483e-01,1.296927630901336670e-01,1.378125846385955811e-01,4.135472774505615234e-01,2.378044724464416504e-01
5.381511449813842773e-01,3.551024794578552246e-01,2.378066033124923706e-01,1.021810900419950485e-02,7.246520835906267166e-03,2.063994295895099640e-02,1.387988626956939697e-01,4.867454171180725098e-01,4.023184478282928467e-01,3.190216794610023499e-02,3.729133307933807373e-01,3.438557088375091553e-01,4.771797731518745422e-02,4.585053622722625732e-01,5.553743243217468262e-01,1.082641184329986572e-01,2.093412280082702637e-01,2.523756623268127441e-01,6.948928534984588623e-02,2.190331369638442993e-02,1.522597968578338623e-01,2.466477602720260620e-01,4.967699944972991943e-02,1.792403310537338257e-02,7.133848667144775391e-01,1.738236397504806519e-01,4.842203259468078613e-01,4.214955568313598633e-01,2.976226508617401123e-01,2.241612076759338379e-01,2.090585529804229736e-01,1.248569265007972717e-01,1.000000000000000000e+00,-4.286721348762512207e-02,1.807097196578979492e-01,-1.698916591703891754e-02,7.529836893081665039e-02,3.417565822601318359e-01,1.212630122900009155e-01,2.568053603172302246e-01,-9.278341196477413177e-03,7.637366652488708496e-02,1.448533236980438232e-01,3.471457064151763916e-01,1.251263767480850220e-01,1.479693502187728882e-01,6.583420932292938232e-02,8.724909275770187378e-02
