1.000000000000000000e+00,3.857825994491577148e-01,6.098038554191589355e-01,6.519945263862609863e-01,6.730985045433044434e-01,6.146791577339172363e-01,4.617280066013336182e-01,2.422391027212142944e-01,2.538651525974273682e-01,2.296206206083297729e-01,3.891906142234802246e-01,2.697733640670776367e-01,8.727099746465682983e-02,2.466396242380142212e-01,3.216182291507720947e-01,1.086396425962448120e-01,3.068192899227142334e-01,-1.725539565086364746e-02,1.948308646678924561e-01,9.684741497039794922e-02,5.718677863478660583e-02,-1.910895854234695435e-01,2.123644575476646423e-02,-1.826539784669876099e-01,6.096101403236389160e-01,4.962177574634552002e-01,6.465246677398681641e-01,6.828072071075439453e-01,6.234725117683410645e-01,2.315271645784378052e-01,-3.700241073966026306e-02,-2.510139048099517822e-01,6.096760034561157227e-01,1.434198319911956787e-01,2.693114802241325378e-02,-2.651972174644470215e-01,1.810060441493988037e-01,1.403758078813552856e-01,1.096625253558158875e-01,-7.641224563121795654e-02,5.499682426452636719e-01,2.282132953405380249e-01,1.354376673698425293e-01,2.527023851871490479e-01,1.960114389657974243e-01,1.369272707961499691e-03,-1.943309605121612549e-01,-2.254483252763748169e-01
3.857825994491577148e-01,1.000000000000000000e+00,3.871146440505981445e-01,5.092952251434326172e-01,4.849825501441955566e-01,6.124976873397827148e-01,6.053040623664855957e-01,4.416999965906143188e-02,3.548931777477264404e-01,6.023430824279785156e-01,7.456071674823760986e-02,3.969308435916900635e-01,3.331176638603210449e-01,7.806343585252761841e-02,6.416497379541397095e-02,3.086958639323711395e-02,4.651709794998168945e-01,3.298402726650238037e-01,4.639487862586975098e-01,6.039206385612487793e-01,4.627357721328735352e-01,2.364136725664138794e-01,3.552807569503784180e-01,2.847648262977600098e-01,3.693228960037231445e-01,5.173651576042175293e-01,4.341936111450195312e-01,5.346320271492004395e-01,6.737073659896850586e-01,4.994764328002929688e-01,2.359678894281387329e-01,2.487429976463317871e-01,3.857264220714569092e-01,-8.811080828309059143e-03,1.145874634385108948e-01,1.462687700986862183e-01,1.089729592204093933e-01,-2.933756262063980103e-02,2.419755905866622925e-01,7.762692868709564209e-02,6.947956681251525879e-01,6.540005207061767578e-01,6.292503476142883301e-01,7.379403114318847656e-01,6.246951818466186523e-01,5.467752814292907715e-01,2.022895067930221558e-01,3.001915812492370605e-01
6.098038554191589355e-01,3.871146440505981445e-01,1.000000000000000000e+00,7.441962361335754395e-01,5.864124894142150879e-01,5.854398608207702637e-01,5.671294927597045898e-01,2.777004241943359375e-01,2.169836461544036865e-01,2.257180958986282349e-01,3.619801700115203857e-01,2.293243110179901123e-01,1.208839341998100281e-01,3.120476007461547852e-01,4.254728257656097412e-01,8.921640366315841675e-02,3.383577764034271240e-01,5.095655843615531921e-02,2.749779522418975830e-01,2.021425664424896240e-01,2.052376866340637207e-01,1.826813630759716034e-02,1.436658948659896851e-01,9.432252496480941772e-02,4.841847419738769531e-01,5.994517803192138672e-01,5.203276276588439941e-01,7.034801840782165527e-01,5.933614969253540039e-01,3.548420965671539307e-01,7.265042513608932495e-02,2.896196395158767700e-02,4.340672791004180908e-01,2.502444982528686523e-01,1.278381496667861938e-01,-6.537821888923645020e-02,9.918768703937530518e-02,2.685989737510681152e-01,1.411397308111190796e-01,-2.399491705000400543e-02,4.942888617515563965e-01,2.909762263298034668e-01,1.690510511398315430e-01,2.485583871603012085e-01,1.853271871805191040e-01,2.159908879548311234e-03,3.016017563641071320e-02,-4.120299592614173889e-02
6.519945263862609863e-01,5.092952251434326172e-01,7.441962361335754395e-01,1.000000000000000000e+00,6.061543822288513184e-01,6.847386360168457031e-01,6.796887516975402832e-01,1.297454833984375000e-01,2.308073192834854126e-01,3.306138217449188232e-01,2.229286283254623413e-01,2.107692211866378784e-01,1.151880174875259399e-01,1.858649402856826782e-01,2.552719712257385254e-01,3.152683749794960022e-02,4.467992186546325684e-01,1.399514079093933105e-01,3.878674209117889404e-01,3.866916298866271973e-01,3.023994565010070801e-01,7.254459708929061890e-02,1.656310260295867920e-01,4.981574416160583496e-02,4.367406368255615234e-01,6.038092374801635742e-01,5.174019932746887207e-01,7.067144513130187988e-01,6.794273257255554199e-01,4.042966663837432861e-01,1.037340462207794189e-01,1.477812416851520538e-02,3.922193646430969238e-01,1.630166172981262207e-01,1.016727685928344727e-01,-8.908220380544662476e-02,1.936572790145874023e-02,2.101230621337890625e-01,1.707492172718048096e-01,-2.242990583181381226e-02,5.980256795883178711e-01,4.314447641372680664e-01,3.113496601581573486e-01,3.517928123474121094e-01,2.853391170501708984e-01,1.406475305557250977e-01,-1.208781497552990913e-03,-1.673386618494987488e-02
6.730985045433044434e-01,4.849825501441955566e-01,5.864124894142150879e-01,6.061543822288513184e-01,1.000000000000000000e+00,7.698777914047241211e-01,5.645518898963928223e-01,2.483739256858825684e-01,2.424667626619338989e-01,2.909806966781616211e-01,3.931519985198974609e-01,3.694391846656799316e-01,1.886489689350128174e-01,1.711056381464004517e-01,1.794527024030685425e-01,1.527878548949956894e-02,4.146904349327087402e-01,1.245089918375015259e-01,3.060006797313690186e-01,2.234852015972137451e-01,1.815739125013351440e-01,-8.783742040395736694e-02,1.238643974065780640e-01,8.699244819581508636e-03,5.379244685173034668e-01,6.201174259185791016e-01,5.850585699081420898e-01,7.371080517768859863e-01,6.475300192832946777e-01,3.597362041473388672e-01,7.912119477987289429e-02,-1.204923018813133240e-01,5.220447182655334473e-01,8.374936133623123169e-02,-1.887074671685695648e-02,-8.230435848236083984e-02,4.104635491967201233e-02,4.549664631485939026e-02,1.488235741853713989e-01,6.727299839258193970e-02,6.232746243476867676e-01,4.028209745883941650e-01,2.880797684192657471e-01,3.270554542541503906e-01,2.648925185203552246e-01,9.535375237464904785e-02,-3.621331602334976196e-02,-6.342630088329315186e-02
6.146791577339172363e-01,6.124976873397827148e-01,5.854398608207702637e-01,6.847386360168457031e-01,7.698777914047241211e-01,1.000000000000000000e+00,6.554670333862304688e-01,1.186325699090957642e-01,2.869983911514282227e-01,4.020725786685943604e-01,2.711778283119201660e-01,3.557122945785522461e-01,2.527513504028320312e-01,1.314686387777328491e-01,1.565077006816864014e-01,7.859515026211738586e-03,4.645411670207977295e-01,1.789092421531677246e-01,3.926429152488708496e-01,3.933665454387664795e-01,3.735387027263641357e-01,6.917634606361389160e-02,2.247013300657272339e-01,8.395624160766601562e-02,4.626363217830657959e-01,6.455376744270324707e-01,5.136829018592834473e-01,7.326615452766418457e-01,7.140967249870300293e-01,4.864019751548767090e-01,1.626055836677551270e-01,1.384234242141246796e-02,4.210676550865173340e-01,3.174949809908866882e-02,-3.507298603653907776e-02,-2.200581505894660950e-02,1.393282692879438400e-02,-2.881703432649374008e-03,1.023796349763870239e-01,4.420002549886703491e-02,6.920934319496154785e-01,5.700072646141052246e-01,4.602956473827362061e-01,4.570008516311645508e-01,3.940496444702148438e-01,2.592466473579406738e-01,-3.469451330602169037e-03,4.473774880170822144e-02
4.617280066013336182e-01,6.053040623664855957e-01,5.671294927597045898e-01,6.796887516975402832e-01,5.645518898963928223e-01,6.554670333862304688e-01,1.000000000000000000e+00,6.829520314931869507e-02,2.951547205448150635e-01,4.550237357616424561e-01,8.163595199584960938e-02,2.549886405467987061e-01,2.096400707960128784e-01,-2.437222981825470924e-03,7.093102484941482544e-02,5.655253678560256958e-02,7.047258615493774414e-01,5.288929939270019531e-01,5.445913076400756836e-01,5.665718317031860352e-01,4.190661311149597168e-01,3.035069108009338379e-01,3.542419373989105225e-01,1.544143855571746826e-01,3.446234166622161865e-01,6.754266023635864258e-01,4.158000946044921875e-01,5.911673903465270996e-01,6.289296150207519531e-01,5.421182513236999512e-01,3.163246512413024902e-01,1.934748589992523193e-01,3.511053025722503662e-01,-2.055183425545692444e-02,4.996335878968238831e-02,9.318491816520690918e-02,2.875551581382751465e-03,-3.679652884602546692e-02,1.922525167465209961e-01,1.387243568897247314e-01,5.763431191444396973e-01,6.181206107139587402e-01,5.671111345291137695e-01,4.826485812664031982e-01,4.132897555828094482e-01,3.796700835227966309e-01,7.592067867517471313e-02,1.590163558721542358e-01
2.422391027212142944e-01,4.416999965906143188e-02,2.777004241943359375e-01,1.297454833984375000e-01,2.483739256858825684e-01,1.186325699090957642e-01,6.829520314931869507e-02,1.000000000000000000e+00,1.974236220121383667e-01,-7.579745352268218994e-02,4.007143080234527588e-01,1.473863571882247925e-01,1.634870469570159912e-02,4.877264797687530518e-01,4.377582073211669922e-01,2.546869814395904541e-01,1.600400917232036591e-02,-3.676247596740722656e-02,-1.095377374440431595e-02,-7.177305966615676880e-02,-1.103281900286674500e-01,-1.321102231740951538e-01,5.115836858749389648e-02,-5.975358188152313232e-02,2.981637120246887207e-01,1.722422242164611816e-01,2.849298417568206787e-01,2.024725824594497681e-01,1.428532153367996216e-01,5.137844011187553406e-02,-7.243419438600540161e-02,-1.640635728836059570e-01,3.686817288398742676e-01,3.475570976734161377e-01,-1.627480797469615936e-02,-1.288548260927200317e-01,3.042447865009307861e-01,2.565987110137939453e-01,6.717716902494430542e-02,-4.528090357780456543e-02,1.976023763418197632e-01,1.346662733703851700e-02,-1.598473638296127319e-01,2.761227078735828400e-02,-4.933182895183563232e-02,-1.352005451917648315e-01,-2.042611688375473022e-02,-8.571755886077880859e-02
2.538651525974273682e-01,3.548931777477264404e-01,2.169836461544036865e-01,2.308073192834854126e-01,2.424667626619338989e-01,2.869983911514282227e-01,2.951547205448150635e-01,1.974236220121383667e-01,1.000000000000000000e+00,4.686641097068786621e-01,2.051345854997634888e-01,4.090646207332611084e-01,1.742255091667175293e-01,7.671416550874710083e-02,1.368633657693862915e-01,7.174439728260040283e-02,2.634522318840026855e-01,1.411776393651962280e-01,-4.873738810420036316e-02,1.066119074821472168e-01,3.418619558215141296e-02,-1.301318407058715820e-02,2.007348239421844482e-01,-2.548488602042198181e-02,2.919579446315765381e-01,2.452508360147476196e-01,3.712610304355621338e-01,2.496081292629241943e-01,2.378476411104202271e-01,1.866254657506942749e-01,1.505905985832214355e-01,-2.471090294420719147e-03,2.721080183982849121e-01,1.193991005420684814e-01,-9.260437637567520142e-02,-1.231190413236618042e-01,1.421245187520980835e-01,7.256335765123367310e-02,3.605870157480239868e-02,-1.044142320752143860e-01,2.858586609363555908e-01,3.270542919635772705e-01,2.263622730970382690e-01,4.160616099834442139e-01,1.676194965839385986e-01,2.367525547742843628e-01,-7.330802828073501587e-02,3.804681589826941490e-03
2.296206206083297729e-01,6.023430824279785156e-01,2.257180958986282349e-01,3.306138217449188232e-01,2.909806966781616211e-01,4.020725786685943604e-01,4.550237357616424561e-01,-7.579745352268218994e-02,4.686641097068786621e-01,1.000000000000000000e+00,3.143751993775367737e-02,4.799654781818389893e-01,4.410098195075988770e-01,-1.631960570812225342e-01,-3.799661248922348022e-02,-8.323901146650314331e-02,4.066199958324432373e-01,2.853271663188934326e-01,2.578333020210266113e-01,4.874043166637420654e-01,4.194827079772949219e-01,2.834788858890533447e-01,3.554830551147460938e-01,2.226971387863159180e-01,2.477619796991348267e-01,3.488863408565521240e-01,3.083230853080749512e-01,3.520100116729736328e-01,4.229666590690612793e-01,3.631266653537750244e-01,2.925620377063751221e-01,2.556126713752746582e-01,2.128869742155075073e-01,9.891794994473457336e-03,2.815834432840347290e-02,5.657646059989929199e-02,3.399596363306045532e-02,-3.754976671189069748e-03,1.929832249879837036e-01,6.587148457765579224e-02,4.406049847602844238e-01,4.394610524177551270e-01,4.885304272174835205e-01,5.698328018188476562e-01,4.343282878398895264e-01,5.334924459457397461e-01,1.295312047004699707e-01,3.165946006774902344e-01
3.891906142234802246e-01,7.456071674823760986e-02,3.619801700115203857e-01,2.229286283254623413e-01,3.931519985198974609e-01,2.711778283119201660e-01,8.163595199584960938e-02,4.007143080234527588e-01,2.051345854997634888e-01,3.143751993775367737e-02,1.000000000000000000e+00,3.796967864036560059e-01,1.674183756113052368e-01,2.563815414905548096e-01,4.498322904109954834e-01,2.317566424608230591e-01,1.025760732591152191e-02,-1.822611391544342041e-01,-4.675057902932167053e-02,-1.567343026399612427e-01,-7.938707619905471802e-02,-1.995107531547546387e-01,8.843146264553070068e-03,2.173160016536712646e-02,3.580512702465057373e-01,1.976578235626220703e-01,4.050408601760864258e-01,3.471331894397735596e-01,2.340626269578933716e-01,6.917754560708999634e-02,-7.642400264739990234e-02,-1.316869407892227173e-01,3.466012775897979736e-01,2.501241564750671387e-01,1.060012504458427429e-01,-5.885919928550720215e-02,1.768242567777633667e-01,2.893714308738708496e-01,9.352362900972366333e-02,2.328783273696899414e-02,2.569755911827087402e-01,8.415480703115463257e-02,-4.342240467667579651e-02,7.703875750303268433e-02,7.097176462411880493e-02,-8.524698764085769653e-02,4.080237075686454773e-02,-1.079272404313087463e-01
2.697733640670776367e-01,3.969308435916900635e-01,2.293243110179901123e-01,2.107692211866378784e-01,3.694391846656799316e-01,3.557122945785522461e-01,2.549886405467987061e-01,1.473863571882247925e-01,4.090646207332611084e-01,4.799654781818389893e-01,3.796967864036560059e-01,1.000000000000000000e+00,4.702856838703155518e-01,-8.958115428686141968e-02,1.296353042125701904e-01,1.275893002748489380e-01,2.176121324300765991e-01,1.062880158424377441e-01,6.740435957908630371e-02,1.992008090019226074e-01,3.267512619495391846e-01,1.352505385875701904e-01,2.528973519802093506e-01,1.853561550378799438e-01,3.346722722053527832e-01,3.235170841217041016e-01,3.142595887184143066e-01,3.385673463344573975e-01,3.296161592006683350e-01,3.437767624855041504e-01,2.934164404869079590e-01,2.049486488103866577e-01,3.519517481327056885e-01,-3.004708699882030487e-02,1.033369526267051697e-01,6.585377454757690430e-02,8.693489432334899902e-02,-1.211742870509624481e-03,2.341512590646743774e-01,1.760772317647933960e-01,3.347552120685577393e-01,3.235026001930236816e-01,3.549478352069854736e-01,3.753238320350646973e-01,2.582800984382629395e-01,2.889437675476074219e-01,1.770659387111663818e-01,9.540428966283798218e-02
8.727099746465682983e-02,3.331176638603210449e-01,1.208839341998100281e-01,1.151880174875259399e-01,1.886489689350128174e-01,2.527513504028320312e-01,2.096400707960128784e-01,1.634870469570159912e-02,1.742255091667175293e-01,4.410098195075988770e-01,1.674183756113052368e-01,4.702856838703155518e-01,1.000000000000000000e+00,-4.472175240516662598e-02,2.646902948617935181e-02,1.285238862037658691e-01,2.625590860843658447e-01,1.857001185417175293e-01,1.736335754394531250e-01,3.510071635246276855e-01,5.206465721130371094e-01,4.267841279506683350e-01,4.646514356136322021e-01,2.784915268421173096e-01,1.396649032831192017e-01,1.629737615585327148e-01,9.453765302896499634e-02,1.638687551021575928e-01,1.909651011228561401e-01,3.139796555042266846e-01,4.186780750751495361e-01,3.188159167766571045e-01,8.839911967515945435e-02,-1.805590465664863586e-02,4.817333072423934937e-02,1.710533946752548218e-01,1.418204754590988159e-01,-7.432812452316284180e-02,9.372858703136444092e-02,1.178464889526367188e-01,2.947866320610046387e-01,2.838351130485534668e-01,3.539529442787170410e-01,3.333659768104553223e-01,4.352762103080749512e-01,4.477227926254272461e-01,3.175744116306304932e-01,3.342723548412322998e-01
2.466396242380142212e-01,7.806343585252761841e-02,3.120476007461547852e-01,1.858649402856826782e-01,1.711056381464004517e-01,1.314686387777328491e-01,-2.437222981825470924e-03,4.877264797687530518e-01,7.671416550874710083e-02,-1.631960570812225342e-01,2.563815414905548096e-01,-8.958115428686141968e-02,-4.472175240516662598e-02,1.000000000000000000e+00,4.992733001708984375e-01,1.605052351951599121e-01,-5.020475387573242188e-02,-1.291541010141372681e-01,-2.555744349956512451e-02,-7.399930804967880249e-02,-1.019646301865577698e-01,-1.057768985629081726e-01,5.713442713022232056e-02,-2.577538043260574341e-02,3.585224747657775879e-01,1.557359546422958374e-01,2.921600937843322754e-01,2.024013549089431763e-01,1.768469363451004028e-01,-2.105131745338439941e-02,-1.416163444519042969e-01,-1.135480999946594238e-01,2.755364477634429932e-01,3.230864405632019043e-01,-6.524708122014999390e-02,-8.799756318330764771e-02,3.320893049240112305e-01,2.980332970619201660e-01,-1.017034947872161865e-01,-1.714460849761962891e-01,1.597299724817276001e-01,-1.007491815835237503e-02,-1.061012223362922668e-01,1.175691485404968262e-01,-5.727194715291261673e-03,-1.761371195316314697e-01,2.476556692272424698e-03,-4.927810281515121460e-03
3.216182291507720947e-01,6.416497379541397095e-02,4.254728257656097412e-01,2.552719712257385254e-01,1.794527024030685425e-01,1.565077006816864014e-01,7.093102484941482544e-02,4.377582073211669922e-01,1.368633657693862915e-01,-3.799661248922348022e-02,4.498322904109954834e-01,1.296353042125701904e-01,2.646902948617935181e-02,4.992733001708984375e-01,1.000000000000000000e+00,3.721500933170318604e-01,-2.616504579782485962e-02,-1.655963510274887085e-01,-7.074680924415588379e-02,-9.614130109548568726e-02,-7.759921718388795853e-03,-1.058161780238151550e-01,5.604684725403785706e-02,2.368272282183170319e-02,4.177584946155548096e-01,1.350620239973068237e-01,3.529744446277618408e-01,2.597568929195404053e-01,1.837858855724334717e-01,-4.118480905890464783e-02,-1.629061996936798096e-01,-8.894561976194381714e-02,3.727700710296630859e-01,3.334102928638458252e-01,6.415456533432006836e-02,-1.000527814030647278e-01,3.158901631832122803e-01,4.442770779132843018e-01,5.240896344184875488e-02,-4.995296522974967957e-02,1.734512150287628174e-01,-5.709369666874408722e-03,-1.326315701007843018e-01,7.250028848648071289e-02,-9.540303144603967667e-04,-1.253601908683776855e-01,1.491709239780902863e-02,-2.123869769275188446e-02
1.086396425962448120e-01,3.086958639323711395e-02,8.921640366315841675e-02,3.152683749794960022e-02,1.527878548949956894e-02,7.859515026211738586e-03,5.655253678560256958e-02,2.546869814395904541e-01,7.174439728260040283e-02,-8.323901146650314331e-02,2.317566424608230591e-01,1.275893002748489380e-01,1.285238862037658691e-01,1.605052351951599121e-01,3.721500933170318604e-01,1.000000000000000000e+00,7.793723791837692261e-02,1.190074458718299866e-01,-7.311787456274032593e-02,1.379582565277814865e-02,8.029330521821975708e-02,1.182900965213775635e-01,1.987050920724868774e-01,-1.234251856803894043e-01,6.926920264959335327e-02,-1.053464971482753754e-02,1.522882431745529175e-01,-6.599545478820800781e-02,8.335316553711891174e-03,7.148367911577224731e-02,9.029603004455566406e-02,-3.631001338362693787e-02,1.797142326831817627e-01,-2.209916710853576660e-02,1.470451802015304565e-01,-1.055862456560134888e-01,1.325802654027938843e-01,1.325991004705429077e-01,2.185047268867492676e-01,4.550318047404289246e-02,1.259373724460601807e-01,9.203807264566421509e-02,1.086140144616365433e-02,6.514307856559753418e-02,1.558431684970855713e-01,1.255932599306106567e-01,-6.675041466951370239e-02,-4.216362908482551575e-02
3.068192899227142334e-01,4.651709794998168945e-01,3.383577764034271240e-01,4.467992186546325684e-01,4.146904349327087402e-01,4.645411670207977295e-01,7.047258615493774414e-01,1.600400917232036591e-02,2.634522318840026855e-01,4.066199958324432373e-01,1.025760732591152191e-02,2.176121324300765991e-01,2.625590860843658447e-01,-5.020475387573242188e-02,-2.616504579782485962e-02,7.793723791837692261e-02,1.000000000000000000e+00,6.656870245933532715e-01,5.338460206985473633e-01,5.393459796905517578e-01,3.582058548927307129e-01,2.789538502693176270e-01,3.659614026546478271e-01,2.078843489289283752e-02,2.956494390964508057e-01,4.392101466655731201e-01,3.333078324794769287e-01,3.773117661476135254e-01,4.059280455112457275e-01,4.043883383274078369e-01,2.613385021686553955e-01,8.254734426736831665e-02,3.259431719779968262e-01,-1.386387646198272705e-01,-3.212991356849670410e-02,8.900391310453414917e-02,-2.818456152454018593e-03,-1.577888578176498413e-01,1.205161511898040771e-01,1.925791203975677490e-01,3.593681156635284424e-01,5.350594520568847656e-01,5.402315258979797363e-01,4.196271598339080811e-01,4.068599045276641846e-01,4.421351850032806396e-01,-4.594717547297477722e-02,1.674327105283737183e-01
-1.725539565086364746e-02,3.298402726650238037e-01,5.095655843615531921e-02,1.399514079093933105e-01,1.245089918375015259e-01,1.789092421531677246e-01,5.288929939270019531e-01,-3.676247596740722656e-02,1.411776393651962280e-01,2.853271663188934326e-01,-1.822611391544342041e-01,1.062880158424377441e-01,1.857001185417175293e-01,-1.291541010141372681e-01,-1.655963510274887085e-01,1.190074458718299866e-01,6.656870245933532715e-01,1.000000000000000000e+00,4.528899490833282471e-01,5.327938795089721680e-01,3.700798749923706055e-01,5.021305084228515625e-01,4.511064887046813965e-01,1.194427609443664551e-01,1.013599410653114319e-01,2.869741022586822510e-01,1.128039211034774780e-01,9.775370359420776367e-02,2.120679169893264771e-01,4.256659746170043945e-01,4.523880183696746826e-01,3.035886585712432861e-01,1.172883883118629456e-01,-1.918665915727615356e-01,-9.579849988222122192e-02,2.206137031316757202e-01,1.948699168860912323e-02,-2.330887913703918457e-01,1.529408395290374756e-01,2.785916328430175781e-01,1.908414810895919800e-01,4.272970855236053467e-01,5.114151239395141602e-01,3.307432532310485840e-01,3.480221033096313477e-01,4.319138526916503906e-01,1.018383428454399109e-01,3.163483738899230957e-01
1.948308646678924561e-01,4.639487862586975098e-01,2.749779522418975830e-01,3.878674209117889404e-01,3.060006797313690186e-01,3.926429152488708496e-01,5.445913076400756836e-01,-1.095377374440431595e-02,-4.873738810420036316e-02,2.578333020210266113e-01,-4.675057902932167053e-02,6.740435957908630371e-02,1.736335754394531250e-01,-2.555744349956512451e-02,-7.074680924415588379e-02,-7.311787456274032593e-02,5.338460206985473633e-01,4.528899490833282471e-01,1.000000000000000000e+00,6.652456521987915039e-01,4.162603616714477539e-01,2.934978306293487549e-01,2.412854135036468506e-01,2.198961824178695679e-01,1.766028553247451782e-01,4.182040095329284668e-01,2.032117098569869995e-01,3.815400898456573486e-01,4.673037528991699219e-01,4.422938525676727295e-01,2.029955089092254639e-01,2.336161881685256958e-01,1.678203940391540527e-01,-1.022755429148674011e-01,6.639438867568969727e-02,3.065980672836303711e-01,2.602477371692657471e-02,-1.561587452888488770e-01,1.549409776926040649e-01,1.761010438203811646e-01,3.591357469558715820e-01,4.989337325096130371e-01,5.362291932106018066e-01,3.544602096080780029e-01,3.946967422962188721e-01,3.676279187202453613e-01,1.667956709861755371e-01,2.792714238166809082e-01
9.684741497039794922e-02,6.039206385612487793e-01,2.021425664424896240e-01,3.866916298866271973e-01,2.234852015972137451e-01,3.933665454387664795e-01,5.665718317031860352e-01,-7.177305966615676880e-02,1.066119074821472168e-01,4.874043166637420654e-01,-1.567343026399612427e-01,1.992008090019226074e-01,3.510071635246276855e-01,-7.399930804967880249e-02,-9.614130109548568726e-02,1.379582565277814865e-02,5.393459796905517578e-01,5.327938795089721680e-01,6.652456521987915039e-01,1.000000000000000000e+00,6.669189929962158203e-01,5.080170035362243652e-01,4.288477301597595215e-01,2.702475488185882568e-01,1.466725915670394897e-01,3.865696787834167480e-01,1.774385273456573486e-01,2.855189144611358643e-01,4.638498723506927490e-01,4.706327021121978760e-01,3.419775962829589844e-01,3.956605792045593262e-01,1.686886101961135864e-01,-1.043684035539627075e-01,4.584753885865211487e-02,2.669197022914886475e-01,2.728008292615413666e-02,-1.193256974220275879e-01,1.967225074768066406e-01,1.892678290605545044e-01,4.641411304473876953e-01,5.638332962989807129e-01,6.327662467956542969e-01,5.120298862457275391e-01,5.313879251480102539e-01,5.961660146713256836e-01,2.174242734909057617e-01,4.563841521739959717e-01
5.718677863478660583e-02,4.627357721328735352e-01,2.052376866340637207e-01,3.023994565010070801e-01,1.815739125013351440e-01,3.735387027263641357e-01,4.190661311149597168e-01,-1.103281900286674500e-01,3.418619558215141296e-02,4.194827079772949219e-01,-7.938707619905471802e-02,3.267512619495391846e-01,5.206465721130371094e-01,-1.019646301865577698e-01,-7.759921718388795853e-03,8.029330521821975708e-02,3.582058548927307129e-01,3.700798749923706055e-01,4.162603616714477539e-01,6.669189929962158203e-01,1.000000000000000000e+00,6.442216038703918457e-01,4.454959928989410400e-01,3.265960216522216797e-01,9.705151617527008057e-02,3.088936209678649902e-01,1.415869966149330139e-02,2.426988929510116577e-01,3.605919182300567627e-01,4.905287623405456543e-01,4.720579683780670166e-01,5.046480894088745117e-01,9.894925355911254883e-02,-6.724169850349426270e-02,6.484366208314895630e-02,2.619176805019378662e-01,6.202964484691619873e-02,-1.390187144279479980e-01,1.023313254117965698e-01,1.919869631528854370e-01,3.801760077476501465e-01,4.206117987632751465e-01,5.132297277450561523e-01,3.900299370288848877e-01,4.588113725185394287e-01,4.882592558860778809e-01,2.775314450263977051e-01,4.665659070014953613e-01
-1.910895854234695435e-01,2.364136725664138794e-01,1.826813630759716034e-02,7.254459708929061890e-02,-8.783742040395736694e-02,6.917634606361389160e-02,3.035069108009338379e-01,-1.321102231740951538e-01,-1.301318407058715820e-02,2.834788858890533447e-01,-1.995107531547546387e-01,1.352505385875701904e-01,4.267841279506683350e-01,-1.057768985629081726e-01,-1.058161780238151550e-01,1.182900965213775635e-01,2.789538502693176270e-01,5.021305084228515625e-01,2.934978306293487549e-01,5.080170035362243652e-01,6.442216038703918457e-01,1.000000000000000000e+00,5.500473976135253906e-01,3.777260482311248779e-01,-6.503513455390930176e-02,1.652343869209289551e-01,-1.503803730010986328e-01,-5.796099081635475159e-03,1.037868782877922058e-01,4.532570838928222656e-01,6.441355347633361816e-01,6.238222718238830566e-01,-1.244870573282241821e-01,-5.634390190243721008e-02,-1.438914518803358078e-02,3.596880137920379639e-01,7.328810542821884155e-02,-1.550820022821426392e-01,1.044659242033958435e-01,1.977750211954116821e-01,1.537104696035385132e-01,2.997191548347473145e-01,3.982582092285156250e-01,2.433235496282577515e-01,3.230386078357696533e-01,4.079320430755615234e-01,3.939075767993927002e-01,5.891743302345275879e-01
2.123644575476646423e-02,3.552807569503784180e-01,1.436658948659896851e-01,1.656310260295867920e-01,1.238643974065780640e-01,2.247013300657272339e-01,3.542419373989105225e-01,5.115836858749389648e-02,2.007348239421844482e-01,3.554830551147460938e-01,8.843146264553070068e-03,2.528973519802093506e-01,4.646514356136322021e-01,5.713442713022232056e-02,5.604684725403785706e-02,1.987050920724868774e-01,3.659614026546478271e-01,4.511064887046813965e-01,2.412854135036468506e-01,4.288477301597595215e-01,4.454959928989410400e-01,5.500473976135253906e-01,1.000000000000000000e+00,3.803189992904663086e-01,1.559492945671081543e-01,2.940855622291564941e-01,1.075380071997642517e-01,1.294475495815277100e-01,2.169653922319412231e-01,4.045522212982177734e-01,5.178775191307067871e-01,4.170943796634674072e-01,7.903584837913513184e-02,-1.165578663349151611e-01,4.164536669850349426e-02,4.071944355964660645e-01,8.389464765787124634e-02,-7.758537679910659790e-02,2.844521999359130859e-01,4.109273850917816162e-01,3.088888525962829590e-01,4.078572690486907959e-01,4.028480947017669678e-01,3.614632785320281982e-01,3.588382005691528320e-01,4.337519109249114990e-01,3.017339706420898438e-01,5.494968891143798828e-01
-1.826539784669876099e-01,2.847648262977600098e-01,9.432252496480941772e-02,4.981574416160583496e-02,8.699244819581508636e-03,8.395624160766601562e-02,1.544143855571746826e-01,-5.975358188152313232e-02,-2.548488602042198181e-02,2.226971387863159180e-01,2.173160016536712646e-02,1.853561550378799438e-01,2.784915268421173096e-01,-2.577538043260574341e-02,2.368272282183170319e-02,-1.234251856803894043e-01,2.078843489289283752e-02,1.194427609443664551e-01,2.198961824178695679e-01,2.702475488185882568e-01,3.265960216522216797e-01,3.777260482311248779e-01,3.803189992904663086e-01,1.000000000000000000e+00,4.248317703604698181e-02,1.958410292863845825e-01,-6.730011105537414551e-02,1.010911315679550171e-01,1.386685371398925781e-01,3.021219968795776367e-01,3.270560801029205322e-01,6.570663452148437500e-01,-6.457494944334030151e-02,-5.318311974406242371e-03,2.302304506301879883e-01,6.513841152191162109e-01,7.275783922523260117e-03,-4.855415225028991699e-02,2.504864633083343506e-01,3.469672799110412598e-01,1.693069934844970703e-01,2.682177424430847168e-01,2.748641967773437500e-01,2.644288837909698486e-01,2.254695594310760498e-01,2.317034602165222168e-01,7.780446410179138184e-01,5.797038674354553223e-01
6.096101403236389160e-01,3.693228960037231445e-01,4.841847419738769531e-01,4.367406368255615234e-01,5.379244685173034668e-01,4.626363217830657959e-01,3.446234166622161865e-01,2.981637120246887207e-01,2.919579446315765381e-01,2.477619796991348267e-01,3.580512702465057373e-01,3.346722722053527832e-01,1.396649032831192017e-01,3.585224747657775879e-01,4.177584946155548096e-01,6.926920264959335327e-02,2.956494390964508057e-01,1.013599410653114319e-01,1.766028553247451782e-01,1.466725915670394897e-01,9.705151617527008057e-02,-6.503513455390930176e-02,1.559492945671081543e-01,4.248317703604698181e-02,1.000000000000000000e+00,4.403162002563476562e-01,6.906275153160095215e-01,5.663610696792602539e-01,4.908567368984222412e-01,1.956910640001296997e-01,-2.143268845975399017e-02,-3.782739490270614624e-02,7.487352490425109863e-01,1.920941025018692017e-01,-7.004095613956451416e-02,-6.332381069660186768e-02,3.344841301441192627e-01,6.938949227333068848e-02,-1.503962930291891098e-02,4.414905980229377747e-02,4.324834644794464111e-01,1.905356794595718384e-01,1.442620307207107544e-01,2.922081947326660156e-01,1.740182340145111084e-01,3.557916358113288879e-02,2.073111198842525482e-02,1.025296300649642944e-01
4.962177574634552002e-01,5.173651576042175293e-01,5.994517803192138672e-01,6.038092374801635742e-01,6.201174259185791016e-01,6.455376744270324707e-01,6.754266023635864258e-01,1.722422242164611816e-01,2.452508360147476196e-01,3.488863408565521240e-01,1.976578235626220703e-01,3.235170841217041016e-01,1.629737615585327148e-01,1.557359546422958374e-01,1.350620239973068237e-01,-1.053464971482753754e-02,4.392101466655731201e-01,2.869741022586822510e-01,4.182040095329284668e-01,3.865696787834167480e-01,3.088936209678649902e-01,1.652343869209289551e-01,2.940855622291564941e-01,1.958410292863845825e-01,4.403162002563476562e-01,1.000000000000000000e+00,4.490122199058532715e-01,6.705256700515747070e-01,6.732686161994934082e-01,5.666679739952087402e-01,3.137070536613464355e-01,1.885648369789123535e-01,4.014722406864166260e-01,-6.431854330003261566e-03,7.319372892379760742e-02,1.187013313174247742e-01,6.597441434860229492e-02,-5.168674886226654053e-02,1.843574047088623047e-01,1.638734489679336548e-01,5.475412607192993164e-01,5.038713216781616211e-01,4.494065344333648682e-01,3.735152184963226318e-01,3.006117343902587891e-01,2.098333537578582764e-01,1.173011958599090576e-01,1.087850257754325867e-01
6.465246677398681641e-01,4.341936111450195312e-01,5.203276276588439941e-01,5.174019932746887207e-01,5.850585699081420898e-01,5.136829018592834473e-01,4.158000946044921875e-01,2.849298417568206787e-01,3.712610304355621338e-01,3.083230853080749512e-01,4.050408601760864258e-01,3.142595887184143066e-01,9.453765302896499634e-02,2.921600937843322754e-01,3.529744446277618408e-01,1.522882431745529175e-01,3.333078324794769287e-01,1.128039211034774780e-01,2.032117098569869995e-01,1.774385273456573486e-01,1.415869966149330139e-02,-1.503803730010986328e-01,1.075380071997642517e-01,-6.730011105537414551e-02,6.906275153160095215e-01,4.490122199058532715e-01,1.000000000000000000e+00,5.989558100700378418e-01,5.429670214653015137e-01,2.010636329650878906e-01,-4.726003855466842651e-02,-1.440881192684173584e-01,6.284083127975463867e-01,2.072547823190689087e-01,4.697144031524658203e-02,-1.630574464797973633e-01,1.769313365221023560e-01,2.106795608997344971e-01,1.278552711009979248e-01,1.762050390243530273e-02,4.827397465705871582e-01,2.742131650447845459e-01,2.138091623783111572e-01,3.483409285545349121e-01,2.075112015008926392e-01,7.966598123311996460e-02,-1.097589954733848572e-01,-4.873190820217132568e-02
6.828072071075439453e-01,5.346320271492004395e-01,7.034801840782165527e-01,7.067144513130187988e-01,7.371080517768859863e-01,7.326615452766418457e-01,5.911673903465270996e-01,2.024725824594497681e-01,2.496081292629241943e-01,3.520100116729736328e-01,3.471331894397735596e-01,3.385673463344573975e-01,1.638687551021575928e-01,2.024013549089431763e-01,2.597568929195404053e-01,-6.599545478820800781e-02,3.773117661476135254e-01,9.775370359420776367e-02,3.815400898456573486e-01,2.855189144611358643e-01,2.426988929510116577e-01,-5.796099081635475159e-03,1.294475495815277100e-01,1.010911315679550171e-01,5.663610696792602539e-01,6.705256700515747070e-01,5.989558100700378418e-01,1.000000000000000000e+00,7.712364792823791504e-01,4.746556878089904785e-01,1.480915695428848267e-01,8.299663662910461426e-03,4.860446751117706299e-01,1.697919219732284546e-01,1.541293505579233170e-02,-3.689641878008842468e-02,6.605107337236404419e-02,9.777989983558654785e-02,1.681774854660034180e-01,1.096940413117408752e-02,6.214043498039245605e-01,4.269547760486602783e-01,3.116097450256347656e-01,3.446656465530395508e-01,2.954717874526977539e-01,8.650428801774978638e-02,3.720995783805847168e-02,-9.481213986873626709e-03
6.234725117683410645e-01,6.737073659896850586e-01,5.933614969253540039e-01,6.794273257255554199e-01,6.475300192832946777e-01,7.140967249870300293e-01,6.289296150207519531e-01,1.428532153367996216e-01,2.378476411104202271e-01,4.229666590690612793e-01,2.340626269578933716e-01,3.296161592006683350e-01,1.909651011228561401e-01,1.768469363451004028e-01,1.837858855724334717e-01,8.335316553711891174e-03,4.059280455112457275e-01,2.120679169893264771e-01,4.673037528991699219e-01,4.638498723506927490e-01,3.605919182300567627e-01,1.037868782877922058e-01,2.169653922319412231e-01,1.386685371398925781e-01,4.908567368984222412e-01,6.732686161994934082e-01,5.429670214653015137e-01,7.712364792823791504e-01,1.000000000000000000e+00,5.254223346710205078e-01,2.058051824569702148e-01,1.173660680651664734e-01,4.385630786418914795e-01,9.764034301042556763e-02,6.617414951324462891e-02,3.017937205731868744e-02,1.189206540584564209e-01,3.690226003527641296e-02,2.232118397951126099e-01,2.535722963511943817e-02,7.054134607315063477e-01,5.539154410362243652e-01,4.819419384002685547e-01,5.113269686698913574e-01,4.612985253334045410e-01,2.963930070400238037e-01,6.974262744188308716e-02,1.181812658905982971e-01
2.315271645784378052e-01,4.994764328002929688e-01,3.548420965671539307e-01,4.042966663837432861e-01,3.597362041473388672e-01,4.864019751548767090e-01,5.421182513236999512e-01,5.137844011187553406e-02,1.866254657506942749e-01,3.631266653537750244e-01,6.917754560708999634e-02,3.437767624855041504e-01,3.139796555042266846e-01,-2.105131745338439941e-02,-4.118480905890464783e-02,7.148367911577224731e-02,4.043883383274078369e-01,4.256659746170043945e-01,4.422938525676727295e-01,4.706327021121978760e-01,4.905287623405456543e-01,4.532570838928222656e-01,4.045522212982177734e-01,3.021219968795776367e-01,1.956910640001296997e-01,5.666679739952087402e-01,2.010636329650878906e-01,4.746556878089904785e-01,5.254223346710205078e-01,1.000000000000000000e+00,6.172862648963928223e-01,4.241415858268737793e-01,1.872575134038925171e-01,-8.036421239376068115e-02,3.073258511722087860e-02,2.284469604492187500e-01,9.899311512708663940e-02,-1.267589330673217773e-01,2.183970063924789429e-01,2.176066488027572632e-01,4.104594886302947998e-01,5.102671980857849121e-01,5.423630475997924805e-01,3.933478593826293945e-01,3.870017230510711670e-01,3.264328539371490479e-01,2.875693738460540771e-01,2.722979784011840820e-01
-3.700241073966026306e-02,2.359678894281387329e-01,7.265042513608932495e-02,1.037340462207794189e-01,7.912119477987289429e-02,1.626055836677551270e-01,3.163246512413024902e-01,-7.243419438600540161e-02,1.505905985832214355e-01,2.925620377063751221e-01,-7.642400264739990234e-02,2.934164404869079590e-01,4.186780750751495361e-01,-1.416163444519042969e-01,-1.629061996936798096e-01,9.029603004455566406e-02,2.613385021686553955e-01,4.523880183696746826e-01,2.029955089092254639e-01,3.419775962829589844e-01,4.720579683780670166e-01,6.441355347633361816e-01,5.178775191307067871e-01,3.270560801029205322e-01,-2.143268845975399017e-02,3.137070536613464355e-01,-4.726003855466842651e-02,1.480915695428848267e-01,2.058051824569702148e-01,6.172862648963928223e-01,1.000000000000000000e+00,5.739107131958007812e-01,-8.080745488405227661e-02,-1.135695129632949829e-01,-8.258919697254896164e-04,3.003183007240295410e-01,3.404774889349937439e-02,-1.611071825027465820e-01,2.166880220174789429e-01,2.244557738304138184e-01,1.956971585750579834e-01,3.357760608196258545e-01,4.213701486587524414e-01,2.290434688329696655e-01,2.416491210460662842e-01,3.079131245613098145e-01,3.467623889446258545e-01,3.448675870895385742e-01
-2.510139048099517822e-01,2.487429976463317871e-01,2.896196395158767700e-02,1.477812416851520538e-02,-1.204923018813133240e-01,1.384234242141246796e-02,1.934748589992523193e-01,-1.640635728836059570e-01,-2.471090294420719147e-03,2.556126713752746582e-01,-1.316869407892227173e-01,2.049486488103866577e-01,3.188159167766571045e-01,-1.135480999946594238e-01,-8.894561976194381714e-02,-3.631001338362693787e-02,8.254734426736831665e-02,3.035886585712432861e-01,2.336161881685256958e-01,3.956605792045593262e-01,5.046480894088745117e-01,6.238222718238830566e-01,4.170943796634674072e-01,6.570663452148437500e-01,-3.782739490270614624e-02,1.885648369789123535e-01,-1.440881192684173584e-01,8.299663662910461426e-03,1.173660680651664734e-01,4.241415858268737793e-01,5.739107131958007812e-01,1.000000000000000000e+00,-1.194212436676025391e-01,-7.338664680719375610e-02,1.379394233226776123e-01,5.605956315994262695e-01,2.857242338359355927e-02,-1.429448872804641724e-01,1.770261824131011963e-01,2.829515635967254639e-01,1.049432680010795593e-01,2.705279588699340820e-01,3.845291733741760254e-01,2.425206601619720459e-01,2.459841221570968628e-01,3.443294167518615723e-01,6.296391487121582031e-01,5.852308273315429688e-01
6.096760034561157227e-01,3.857264220714569092e-01,4.340672791004180908e-01,3.922193646430969238e-01,5.220447182655334473e-01,4.210676550865173340e-01,3.511053025722503662e-01,3.686817288398742676e-01,2.721080183982849121e-01,2.128869742155075073e-01,3.466012775897979736e-01,3.519517481327056885e-01,8.839911967515945435e-02,2.755364477634429932e-01,3.727700710296630859e-01,1.797142326831817627e-01,3.259431719779968262e-01,1.172883883118629456e-01,1.678203940391540527e-01,1.686886101961135864e-01,9.894925355911254883e-02,-1.244870573282241821e-01,7.903584837913513184e-02,-6.457494944334030151e-02,7.487352490425109863e-01,4.014722406864166260e-01,6.284083127975463867e-01,4.860446751117706299e-01,4.385630786418914795e-01,1.872575134038925171e-01,-8.080745488405227661e-02,-1.194212436676025391e-01,1.000000000000000000e+00,1.019553989171981812e-01,-6.778970360755920410e-03,-1.163855269551277161e-01,3.643848598003387451e-01,8.140853606164455414e-03,4.065598547458648682e-02,7.418906688690185547e-02,4.185969829559326172e-01,1.717170327901840210e-01,1.489522904157638550e-01,2.831919789314270020e-01,2.023021578788757324e-01,8.655384182929992676e-02,-6.295242160558700562e-02,1.323565375059843063e-03
