1.000000000000000000e+00,2.148765176534652710e-01,2.218184173107147217e-01,3.538244068622589111e-01,4.387838542461395264e-01,3.337757587432861328e-01,4.136239737272262573e-02,2.551553547382354736e-01,1.293674558401107788e-01,6.672927644103765488e-03,2.426839172840118408e-01,1.415005028247833252e-01,2.176613360643386841e-01,2.275889366865158081e-01,1.835455000400543213e-01,1.619709730148315430e-01,5.601097270846366882e-02,1.239086985588073730e-01,1.909323334693908691e-01,3.630372285842895508e-01,4.111555516719818115e-01,3.519071340560913086e-01,1.799528598785400391e-01,1.379935443401336670e-01,1.189494878053665161e-01,1.385354101657867432e-01,2.573018968105316162e-01,6.432799696922302246e-01,4.185988605022430420e-01,3.678822219371795654e-01,3.543765842914581299e-01,2.382040172815322876e-01,3.778347671031951904e-01,2.116608768701553345e-01,9.425047785043716431e-02,1.441722363233566284e-01,8.751320838928222656e-02,1.871052980422973633e-01,1.960095316171646118e-01,1.902402192354202271e-01,3.796622753143310547e-01,1.454678773880004883e-01,2.312478274106979370e-01,4.944336786866188049e-02,-6.760824471712112427e-02,6.071983277797698975e-02,1.685462445020675659e-01,1.028504595160484314e-01
2.148765176534652710e-01,1.000000000000000000e+00,9.582508355379104614e-02,1.522302925586700439e-01,5.367051959037780762e-01,5.288779139518737793e-01,1.676780730485916138e-01,3.947513997554779053e-01,3.798548579216003418e-01,3.810700774192810059e-01,3.975658714771270752e-01,3.230755925178527832e-01,2.945944964885711670e-01,3.378996551036834717e-01,1.735270321369171143e-01,3.724267482757568359e-01,-3.987804427742958069e-02,-4.645937308669090271e-02,2.343364804983139038e-01,3.428753912448883057e-01,3.476855754852294922e-01,9.041216224431991577e-02,1.553552001714706421e-01,8.339855074882507324e-02,2.606188319623470306e-02,2.173824310302734375e-01,2.925775945186614990e-01,3.347367644309997559e-01,3.560498356819152832e-01,3.816758394241333008e-01,7.841333746910095215e-02,1.054470017552375793e-01,3.808996975421905518e-01,3.850626945495605469e-01,2.216841429471969604e-01,2.021640688180923462e-01,3.353121578693389893e-01,3.222802579402923584e-01,3.057605922222137451e-01,1.699092835187911987e-01,5.443207621574401855e-01,5.278363823890686035e-01,4.081392288208007812e-01,2.634524106979370117e-01,4.247024655342102051e-01,5.058551430702209473e-01,1.615034043788909912e-01,1.583173684775829315e-02
2.218184173107147217e-01,9.582508355379104614e-02,1.000000000000000000e+00,6.039704084396362305e-01,1.423726677894592285e-01,9.527499973773956299e-02,2.664631605148315430e-01,-1.083898469805717468e-01,-2.585183382034301758e-01,-7.368277013301849365e-02,-1.177084818482398987e-01,1.422460526227951050e-01,-1.712299287319183350e-01,-8.626655489206314087e-02,1.851167827844619751e-01,-5.381635949015617371e-02,-1.148347258567810059e-01,-2.330942302942276001e-01,-8.922704309225082397e-02,-1.178427636623382568e-01,5.424592643976211548e-02,-3.572852537035942078e-02,-1.147750169038772583e-01,-6.732754409313201904e-02,3.038281761109828949e-02,5.263635516166687012e-01,-1.326191127300262451e-01,1.617660224437713623e-01,1.322236061096191406e-01,9.258687496185302734e-02,-2.471425384283065796e-01,-1.191973313689231873e-01,-1.275420039892196655e-01,-1.084492355585098267e-01,7.132250070571899414e-02,9.876397671177983284e-04,-2.549318373203277588e-01,2.064270339906215668e-02,6.915883626788854599e-03,1.123009994626045227e-01,4.925115033984184265e-02,5.444377660751342773e-02,-9.687848389148712158e-02,-9.642360359430313110e-02,5.339730158448219299e-02,-8.434163406491279602e-03,-3.141265735030174255e-02,-3.961782902479171753e-02
3.538244068622589111e-01,1.522302925586700439e-01,6.039704084396362305e-01,1.000000000000000000e+00,2.629286646842956543e-01,2.814784049987792969e-01,4.019395411014556885e-01,-5.202626343816518784e-03,-1.174936369061470032e-01,-1.084378510713577271e-01,-4.748082719743251801e-03,5.735203158110380173e-03,-1.883553266525268555e-01,4.197638109326362610e-02,1.021461188793182373e-01,-5.743464082479476929e-02,1.112841963768005371e-01,-1.392092928290367126e-02,1.269542723894119263e-01,6.138323992490768433e-02,1.110312864184379578e-01,5.885934084653854370e-02,-1.822928041219711304e-01,-1.417222917079925537e-01,2.527440525591373444e-02,3.847922682762145996e-01,5.314052570611238480e-03,2.930359840393066406e-01,2.373686581850051880e-01,9.119812399148941040e-02,-1.057691499590873718e-01,-1.638652533292770386e-01,1.015671156346797943e-02,-1.971219666302204132e-02,-2.556311339139938354e-02,-8.838626742362976074e-02,-7.079717516899108887e-02,-5.531863495707511902e-02,-7.595191150903701782e-02,-4.802003502845764160e-03,1.956384629011154175e-01,1.059387698769569397e-01,-3.638529032468795776e-02,-8.673638105392456055e-02,2.969082258641719818e-02,-3.683028975501656532e-03,-1.237462237477302551e-01,-1.366224139928817749e-01
4.387838542461395264e-01,5.367051959037780762e-01,1.423726677894592285e-01,2.629286646842956543e-01,1.000000000000000000e+00,6.674450635910034180e-01,1.429197192192077637e-01,5.182254910469055176e-01,3.906289637088775635e-01,1.945432126522064209e-01,4.691042602062225342e-01,2.209511250257492065e-01,2.604874670505523682e-01,4.587972462177276611e-01,1.380547136068344116e-01,3.023543953895568848e-01,3.543459624052047729e-02,8.505561202764511108e-02,2.837766110897064209e-01,4.029770195484161377e-01,3.950360715389251709e-01,6.578776240348815918e-02,8.073027431964874268e-02,-5.673073232173919678e-02,-1.318546198308467865e-02,1.090521439909934998e-01,3.217635154724121094e-01,5.255634784698486328e-01,5.219691991806030273e-01,3.608823418617248535e-01,1.362551748752593994e-01,-1.016377378255128860e-02,5.268110632896423340e-01,4.141283035278320312e-01,1.141753941774368286e-01,6.358004361391067505e-02,3.641899526119232178e-01,2.364559620618820190e-01,2.388299703598022461e-01,1.062786877155303955e-01,6.551399827003479004e-01,3.455052673816680908e-01,2.836951911449432373e-01,1.846837252378463745e-01,9.198960661888122559e-02,2.155905812978744507e-01,-8.732200600206851959e-03,-7.354127615690231323e-02
3.337757587432861328e-01,5.288779139518737793e-01,9.527499973773956299e-02,2.814784049987792969e-01,6.674450635910034180e-01,1.000000000000000000e+00,2.833949923515319824e-01,4.954002797603607178e-01,4.265239536762237549e-01,2.448237985372543335e-01,4.920067489147186279e-01,2.244127094745635986e-01,2.161949127912521362e-01,4.504916071891784668e-01,8.788644522428512573e-02,2.338107824325561523e-01,2.023014128208160400e-01,2.135585099458694458e-01,3.608636260032653809e-01,4.311261177062988281e-01,3.454552292823791504e-01,7.811544090509414673e-02,2.461736276745796204e-02,-8.891814947128295898e-02,2.880081720650196075e-02,4.133795201778411865e-02,3.510444462299346924e-01,4.447309672832489014e-01,5.134957432746887207e-01,2.840361893177032471e-01,1.605115383863449097e-01,-8.949185162782669067e-02,5.094646811485290527e-01,3.680704832077026367e-01,6.648461520671844482e-02,1.937617198564112186e-03,3.889039456844329834e-01,1.643164008855819702e-01,1.431548148393630981e-01,1.787309721112251282e-02,6.154206395149230957e-01,3.629910051822662354e-01,2.795535922050476074e-01,1.306519359350204468e-01,1.362284570932388306e-01,2.444453984498977661e-01,-8.115705102682113647e-02,-1.196038201451301575e-01
4.136239737272262573e-02,1.676780730485916138e-01,2.664631605148315430e-01,4.019395411014556885e-01,1.429197192192077637e-01,2.833949923515319824e-01,1.000000000000000000e+00,3.525861306115984917e-03,4.505172371864318848e-02,-5.850499123334884644e-02,1.630426757037639618e-02,-7.826095074415206909e-02,-1.739407032728195190e-01,1.092559620738029480e-01,6.707978248596191406e-02,-1.090623214840888977e-01,5.266709327697753906e-01,3.688981533050537109e-01,4.169880747795104980e-01,1.601316630840301514e-01,-1.980671472847461700e-02,-2.593873441219329834e-02,-2.335257977247238159e-01,-2.901386618614196777e-01,1.999184787273406982e-01,2.468942254781723022e-01,1.913346797227859497e-01,3.349323570728302002e-02,1.482892036437988281e-01,-2.732313424348831177e-02,-3.153655678033828735e-02,-2.770795226097106934e-01,8.958867937326431274e-02,-1.057295352220535278e-01,-2.354170233011245728e-01,-2.832830846309661865e-01,3.316712379455566406e-02,-2.226433902978897095e-01,-2.364576607942581177e-01,-2.383916974067687988e-01,1.058700978755950928e-01,1.294762194156646729e-01,5.449681729078292847e-02,-1.371373534202575684e-01,1.417177170515060425e-01,1.096946671605110168e-01,-2.649134397506713867e-01,-2.753092348575592041e-01
2.551553547382354736e-01,3.947513997554779053e-01,-1.083898469805717468e-01,-5.202626343816518784e-03,5.182254910469055176e-01,4.954002797603607178e-01,3.525861306115984917e-03,1.000000000000000000e+00,5.901486873626708984e-01,2.577443420886993408e-01,6.660855412483215332e-01,2.711669206619262695e-01,3.678411543369293213e-01,6.090061664581298828e-01,9.055648744106292725e-02,3.608548939228057861e-01,1.210805773735046387e-01,1.799657344818115234e-01,1.566266566514968872e-01,3.445032238960266113e-01,2.288386374711990356e-01,-6.771348416805267334e-02,1.463587135076522827e-01,-3.767362236976623535e-02,-5.754150077700614929e-02,-1.629289537668228149e-01,3.951854109764099121e-01,3.580157458782196045e-01,3.666766583919525146e-01,2.063266634941101074e-01,1.622521877288818359e-01,-7.397952023893594742e-03,5.902159214019775391e-01,6.030866503715515137e-01,1.605365872383117676e-01,6.162984669208526611e-02,5.931024551391601562e-01,3.145270943641662598e-01,2.725574672222137451e-01,4.979070276021957397e-02,4.955769479274749756e-01,1.592647880315780640e-01,1.986952573060989380e-01,3.036077022552490234e-01,-2.220762148499488831e-02,1.431844830513000488e-01,-2.430702000856399536e-02,-7.965645194053649902e-02
1.293674558401107788e-01,3.798548579216003418e-01,-2.585183382034301758e-01,-1.174936369061470032e-01,3.906289637088775635e-01,4.265239536762237549e-01,4.505172371864318848e-02,5.901486873626708984e-01,1.000000000000000000e+00,3.759607076644897461e-01,6.263870596885681152e-01,2.137828171253204346e-01,4.703297913074493408e-01,4.577417075634002686e-01,-1.036089509725570679e-01,3.880130946636199951e-01,2.531994581222534180e-01,3.043075799942016602e-01,3.053373098373413086e-01,4.437930285930633545e-01,2.093581408262252808e-01,2.067434974014759064e-02,2.612417340278625488e-01,5.942363291978836060e-02,-1.132680028676986694e-01,-2.615959942340850830e-01,3.937211632728576660e-01,2.276229560375213623e-01,2.898902297019958496e-01,2.043440937995910645e-01,2.609333693981170654e-01,5.445339158177375793e-02,5.388241410255432129e-01,5.143601298332214355e-01,1.914741545915603638e-01,1.339703202247619629e-01,5.626237988471984863e-01,2.858621180057525635e-01,3.077132999897003174e-01,7.546452432870864868e-02,4.242429733276367188e-01,2.151989936828613281e-01,3.302274048328399658e-01,3.660992681980133057e-01,4.774553701281547546e-02,2.497352063655853271e-01,5.731703713536262512e-02,3.368990868330001831e-02
6.672927644103765488e-03,3.810700774192810059e-01,-7.368277013301849365e-02,-1.084378510713577271e-01,1.945432126522064209e-01,2.448237985372543335e-01,-5.850499123334884644e-02,2.577443420886993408e-01,3.759607076644897461e-01,1.000000000000000000e+00,2.965185940265655518e-01,4.718796610832214355e-01,4.503739476203918457e-01,1.082647368311882019e-01,7.042200863361358643e-02,3.716503977775573730e-01,-9.269777685403823853e-02,-1.091911271214485168e-01,7.072216272354125977e-02,3.280475735664367676e-01,3.556874692440032959e-01,1.596991568803787231e-01,3.569381237030029297e-01,3.429764807224273682e-01,2.333981730043888092e-02,6.503162533044815063e-02,1.105598583817481995e-01,1.024824976921081543e-01,8.656394481658935547e-02,3.118497431278228760e-01,1.753518432378768921e-01,2.450879961252212524e-01,1.487850397825241089e-01,2.188478857278823853e-01,3.337352275848388672e-01,3.706162571907043457e-01,1.610547006130218506e-01,3.696097135543823242e-01,3.818759322166442871e-01,2.972308099269866943e-01,1.995133906602859497e-01,3.962094187736511230e-01,3.713233768939971924e-01,3.339526355266571045e-01,3.731526136398315430e-01,5.108336806297302246e-01,3.423299491405487061e-01,2.481484115123748779e-01
2.426839172840118408e-01,3.975658714771270752e-01,-1.177084818482398987e-01,-4.748082719743251801e-03,4.691042602062225342e-01,4.920067489147186279e-01,1.630426757037639618e-02,6.660855412483215332e-01,6.263870596885681152e-01,2.965185940265655518e-01,1.000000000000000000e+00,3.616635203361511230e-01,4.666273891925811768e-01,5.821328163146972656e-01,7.310485094785690308e-02,4.219410121440887451e-01,2.037668675184249878e-01,2.526499629020690918e-01,1.899010241031646729e-01,4.260150790214538574e-01,2.666439414024353027e-01,-2.772632613778114319e-02,2.559535503387451172e-01,3.719237819314002991e-02,-7.998532056808471680e-02,-2.289551645517349243e-01,4.467765986919403076e-01,3.527301549911499023e-01,3.381000459194183350e-01,2.433832883834838867e-01,2.277118414640426636e-01,-1.311540789902210236e-02,6.081292033195495605e-01,5.746715664863586426e-01,2.028611004352569580e-01,1.363687962293624878e-01,5.788713097572326660e-01,3.419251143932342529e-01,3.237926661968231201e-01,9.775032848119735718e-02,4.708489179611206055e-01,1.472237557172775269e-01,2.436108738183975220e-01,3.485290408134460449e-01,4.233077913522720337e-02,2.012722492218017578e-01,3.053990658372640610e-03,-8.456671610474586487e-03
1.415005028247833252e-01,3.230755925178527832e-01,1.422460526227951050e-01,5.735203158110380173e-03,2.209511250257492065e-01,2.244127094745635986e-01,-7.826095074415206909e-02,2.711669206619262695e-01,2.137828171253204346e-01,4.718796610832214355e-01,3.616635203361511230e-01,1.000000000000000000e+00,4.853115081787109375e-01,1.968545913696289062e-01,4.032968878746032715e-01,4.813804030418395996e-01,-1.640529483556747437e-01,-1.275392323732376099e-01,-2.952551096677780151e-02,1.861281543970108032e-01,3.162712752819061279e-01,1.098468974232673645e-01,4.313215613365173340e-01,3.739833235740661621e-01,6.148551031947135925e-02,1.969895660877227783e-01,7.224345952272415161e-02,2.107762247323989868e-01,2.167748957872390747e-01,3.717324733734130859e-01,1.242719218134880066e-01,1.885863393545150757e-01,1.926834285259246826e-01,3.125348091125488281e-01,4.312994182109832764e-01,4.266453981399536133e-01,1.124036461114883423e-01,5.067638158798217773e-01,4.706778526306152344e-01,3.701769709587097168e-01,1.804348826408386230e-01,2.783130407333374023e-01,2.963892221450805664e-01,1.349475532770156860e-01,2.257207632064819336e-01,3.535847365856170654e-01,3.448806405067443848e-01,2.758904695510864258e-01
2.176613360643386841e-01,2.945944964885711670e-01,-1.712299287319183350e-01,-1.883553266525268555e-01,2.604874670505523682e-01,2.161949127912521362e-01,-1.739407032728195190e-01,3.678411543369293213e-01,4.703297913074493408e-01,4.503739476203918457e-01,4.666273891925811768e-01,4.853115081787109375e-01,1.000000000000000000e+00,2.684380412101745605e-01,1.446950435638427734e-01,6.223020553588867188e-01,-1.023217663168907166e-02,9.344152361154556274e-02,2.317219078540802002e-01,4.796786606311798096e-01,4.043733477592468262e-01,2.205007523298263550e-01,6.532302498817443848e-01,4.818520843982696533e-01,-6.447914242744445801e-02,-5.808447301387786865e-02,2.723010182380676270e-01,2.958258986473083496e-01,2.350338101387023926e-01,4.495803415775299072e-01,3.727395236492156982e-01,2.946574389934539795e-01,3.707965612411499023e-01,4.189364314079284668e-01,4.407450556755065918e-01,5.414299964904785156e-01,3.148697316646575928e-01,5.298074483871459961e-01,6.117669939994812012e-01,4.694602191448211670e-01,3.162790536880493164e-01,2.620893716812133789e-01,5.088411569595336914e-01,2.927942872047424316e-01,5.523588135838508606e-02,3.229232728481292725e-01,4.172170758247375488e-01,3.983106017112731934e-01
2.275889366865158081e-01,3.378996551036834717e-01,-8.626655489206314087e-02,4.197638109326362610e-02,4.587972462177276611e-01,4.504916071891784668e-01,1.092559620738029480e-01,6.090061664581298828e-01,4.577417075634002686e-01,1.082647368311882019e-01,5.821328163146972656e-01,1.968545913696289062e-01,2.684380412101745605e-01,1.000000000000000000e+00,2.665919959545135498e-01,3.070997893810272217e-01,1.835465729236602783e-01,2.145461142063140869e-01,1.936975270509719849e-01,3.181891143321990967e-01,2.337737828493118286e-01,-9.460511058568954468e-02,6.198477372527122498e-02,-1.525762975215911865e-01,5.121565237641334534e-02,-1.382986754179000854e-01,4.145791232585906982e-01,3.175815343856811523e-01,3.312811851501464844e-01,1.964286118745803833e-01,1.699908226728439331e-01,-6.421148031949996948e-02,5.379797816276550293e-01,5.327591300010681152e-01,6.466829776763916016e-02,-5.453960224986076355e-02,6.129513978958129883e-01,2.792860567569732666e-01,1.779116541147232056e-01,-5.002262070775032043e-02,4.193998277187347412e-01,1.081133633852005005e-01,1.352365016937255859e-01,1.686506718397140503e-01,1.558119617402553558e-02,9.601128846406936646e-02,-1.169119849801063538e-01,-1.715936362743377686e-01
1.835455000400543213e-01,1.735270321369171143e-01,1.851167827844619751e-01,1.021461188793182373e-01,1.380547136068344116e-01,8.788644522428512573e-02,6.707978248596191406e-02,9.055648744106292725e-02,-1.036089509725570679e-01,7.042200863361358643e-02,7.310485094785690308e-02,4.032968878746032715e-01,1.446950435638427734e-01,2.665919959545135498e-01,1.000000000000000000e+00,3.171688914299011230e-01,-1.213305070996284485e-01,-9.614335000514984131e-02,3.666796535253524780e-02,2.320533804595470428e-02,2.120048701763153076e-01,6.086844578385353088e-02,1.461873799562454224e-01,9.729247540235519409e-02,2.989998757839202881e-01,2.979778647422790527e-01,7.023499906063079834e-02,1.884206086397171021e-01,1.667707711458206177e-01,2.794983983039855957e-01,7.540209591388702393e-02,1.037819236516952515e-01,9.579259902238845825e-02,1.232913583517074585e-01,1.761573553085327148e-01,1.303049623966217041e-01,1.969241537153720856e-02,3.665051758289337158e-01,2.161779254674911499e-01,1.509468853473663330e-01,3.826282173395156860e-02,1.562274098396301270e-01,1.542993336915969849e-01,-1.476509571075439453e-01,1.765762418508529663e-01,1.726058423519134521e-01,1.460523754358291626e-01,-9.019354358315467834e-03
1.619709730148315430e-01,3.724267482757568359e-01,-5.381635949015617371e-02,-5.743464082479476929e-02,3.023543953895568848e-01,2.338107824325561523e-01,-1.090623214840888977e-01,3.608548939228057861e-01,3.880130946636199951e-01,3.716503977775573730e-01,4.219410121440887451e-01,4.813804030418395996e-01,6.223020553588867188e-01,3.070997893810272217e-01,3.171688914299011230e-01,1.000000000000000000e+00,-1.087543889880180359e-01,-2.844261564314365387e-02,2.246739119291305542e-01,3.383398354053497314e-01,3.492218255996704102e-01,8.786072582006454468e-02,5.618565678596496582e-01,3.727679550647735596e-01,-5.524436756968498230e-02,7.710289955139160156e-02,2.128604799509048462e-01,2.579716444015502930e-01,2.387560158967971802e-01,4.507915973663330078e-01,1.840558052062988281e-01,1.552817523479461670e-01,3.072690367698669434e-01,4.544495046138763428e-01,4.625757932662963867e-01,4.937897324562072754e-01,3.437908291816711426e-01,5.813685059547424316e-01,6.249083280563354492e-01,4.468312561511993408e-01,3.402087390422821045e-01,3.330427408218383789e-01,4.835186302661895752e-01,2.273347824811935425e-01,9.445354342460632324e-02,3.066549599170684814e-01,3.176068365573883057e-01,2.713871300220489502e-01
5.601097270846366882e-02,-3.987804427742958069e-02,-1.148347258567810059e-01,1.112841963768005371e-01,3.543459624052047729e-02,2.023014128208160400e-01,5.266709327697753906e-01,1.210805773735046387e-01,2.531994581222534180e-01,-9.269777685403823853e-02,2.037668675184249878e-01,-1.640529483556747437e-01,-1.023217663168907166e-02,1.835465729236602783e-01,-1.213305070996284485e-01,-1.087543889880180359e-01,1.000000000000000000e+00,6.736869215965270996e-01,4.469164609909057617e-01,3.215097486972808838e-01,-6.883003562688827515e-02,2.393455617129802704e-02,-1.064287051558494568e-01,-2.336618900299072266e-01,1.477615535259246826e-01,-2.206266373395919800e-01,3.674862980842590332e-01,3.962621092796325684e-02,8.138673752546310425e-02,-1.312926560640335083e-01,2.101001590490341187e-01,-2.237434834241867065e-01,2.663410604000091553e-01,-5.348856374621391296e-02,-3.113776147365570068e-01,-2.749555706977844238e-01,1.719260364770889282e-01,-2.653705775737762451e-01,-2.395899295806884766e-01,-2.823396325111389160e-01,5.541297420859336853e-02,-1.071820855140686035e-01,4.630112648010253906e-02,-1.605645753443241119e-02,-6.517887860536575317e-02,-4.219787940382957458e-02,-2.845020890235900879e-01,-2.253962755203247070e-01
1.239086985588073730e-01,-4.645937308669090271e-02,-2.330942302942276001e-01,-1.392092928290367126e-02,8.505561202764511108e-02,2.135585099458694458e-01,3.688981533050537109e-01,1.799657344818115234e-01,3.043075799942016602e-01,-1.091911271214485168e-01,2.526499629020690918e-01,-1.275392323732376099e-01,9.344152361154556274e-02,2.145461142063140869e-01,-9.614335000514984131e-02,-2.844261564314365387e-02,6.736869215965270996e-01,1.000000000000000000e+00,4.333652257919311523e-01,3.737981319427490234e-01,1.182325743138790131e-02,1.443098187446594238e-01,-1.879851892590522766e-02,-1.681764870882034302e-01,1.072404608130455017e-01,-3.276029527187347412e-01,3.676748275756835938e-01,1.284754276275634766e-01,1.471836119890213013e-01,-6.818173080682754517e-02,3.765475153923034668e-01,-9.416380524635314941e-02,3.440355956554412842e-01,1.063780859112739563e-02,-2.786817550659179688e-01,-2.272846549749374390e-01,2.178337126970291138e-01,-1.978977918624877930e-01,-1.861764192581176758e-01,-2.736247181892395020e-01,1.111631244421005249e-01,-1.284991204738616943e-01,9.164049476385116577e-02,-3.764577209949493408e-02,-1.310918927192687988e-01,-8.547098934650421143e-02,-2.044841200113296509e-01,-2.177920788526535034e-01
1.909323334693908691e-01,2.343364804983139038e-01,-8.922704309225082397e-02,1.269542723894119263e-01,2.837766110897064209e-01,3.608636260032653809e-01,4.169880747795104980e-01,1.566266566514968872e-01,3.053373098373413086e-01,7.072216272354125977e-02,1.899010241031646729e-01,-2.952551096677780151e-02,2.317219078540802002e-01,1.936975270509719849e-01,3.666796535253524780e-02,2.246739119291305542e-01,4.469164609909057617e-01,4.333652257919311523e-01,1.000000000000000000e+00,5.044265985488891602e-01,2.647037208080291748e-01,1.912541091442108154e-01,1.614537984132766724e-01,2.657312899827957153e-02,1.383216232061386108e-01,2.687135711312294006e-02,3.374900519847869873e-01,2.151924967765808105e-01,2.401042133569717407e-01,2.566874325275421143e-01,2.811022698879241943e-01,-6.193675845861434937e-02,3.329646885395050049e-01,9.062758833169937134e-02,-1.125965546816587448e-02,5.627826228737831116e-02,2.131792157888412476e-01,3.886386379599571228e-02,1.163621619343757629e-01,8.324181288480758667e-02,3.265574276447296143e-01,2.601484656333923340e-01,4.251761436462402344e-01,-1.630693860352039337e-02,-8.358316496014595032e-03,1.813133209943771362e-01,-1.491687167435884476e-02,2.732539735734462738e-02
3.630372285842895508e-01,3.428753912448883057e-01,-1.178427636623382568e-01,6.138323992490768433e-02,4.029770195484161377e-01,4.311261177062988281e-01,1.601316630840301514e-01,3.445032238960266113e-01,4.437930285930633545e-01,3.280475735664367676e-01,4.260150790214538574e-01,1.861281543970108032e-01,4.796786606311798096e-01,3.181891143321990967e-01,2.320533804595470428e-02,3.383398354053497314e-01,3.215097486972808838e-01,3.737981319427490234e-01,5.044265985488891602e-01,1.000000000000000000e+00,5.591263175010681152e-01,3.527178168296813965e-01,3.466079533100128174e-01,2.013072073459625244e-01,1.038631498813629150e-01,-9.425975382328033447e-02,4.671500325202941895e-01,4.275082945823669434e-01,2.729669511318206787e-01,4.626912772655487061e-01,5.083918571472167969e-01,1.750167608261108398e-01,4.848210811614990234e-01,2.211721092462539673e-01,8.405437320470809937e-02,2.295159548521041870e-01,2.892658114433288574e-01,1.755277812480926514e-01,2.689032256603240967e-01,2.178322374820709229e-01,4.355035126209259033e-01,2.647693455219268799e-01,4.733602404594421387e-01,2.687427699565887451e-01,1.193424090743064880e-01,3.266796469688415527e-01,1.533633023500442505e-01,1.362832486629486084e-01
4.111555516719818115e-01,3.476855754852294922e-01,5.424592643976211548e-02,1.110312864184379578e-01,3.950360715389251709e-01,3.454552292823791504e-01,-1.980671472847461700e-02,2.288386374711990356e-01,2.093581408262252808e-01,3.556874692440032959e-01,2.666439414024353027e-01,3.162712752819061279e-01,4.043733477592468262e-01,2.337737828493118286e-01,2.120048701763153076e-01,3.492218255996704102e-01,-6.883003562688827515e-02,1.182325743138790131e-02,2.647037208080291748e-01,5.591263175010681152e-01,1.000000000000000000e+00,4.626066088676452637e-01,3.346064090728759766e-01,2.685362398624420166e-01,1.522276103496551514e-01,1.086924672126770020e-01,2.466897815465927124e-01,4.728567600250244141e-01,2.785959541797637939e-01,6.090592145919799805e-01,4.770490825176239014e-01,3.128108382225036621e-01,3.040798306465148926e-01,1.825900822877883911e-01,2.253880202770233154e-01,2.813935279846191406e-01,1.347747445106506348e-01,2.946913540363311768e-01,3.208026587963104248e-01,3.076283037662506104e-01,3.639110624790191650e-01,3.324416577816009521e-01,4.098996520042419434e-01,1.735127866268157959e-01,1.845460385084152222e-01,3.412856161594390869e-01,2.759926021099090576e-01,1.932868808507919312e-01
3.519071340560913086e-01,9.041216224431991577e-02,-3.572852537035942078e-02,5.885934084653854370e-02,6.578776240348815918e-02,7.811544090509414673e-02,-2.593873441219329834e-02,-6.771348416805267334e-02,2.067434974014759064e-02,1.596991568803787231e-01,-2.772632613778114319e-02,1.098468974232673645e-01,2.205007523298263550e-01,-9.460511058568954468e-02,6.086844578385353088e-02,8.786072582006454468e-02,2.393455617129802704e-02,1.443098187446594238e-01,1.912541091442108154e-01,3.527178168296813965e-01,4.626066088676452637e-01,1.000000000000000000e+00,2.941922247409820557e-01,3.732911348342895508e-01,1.377001404762268066e-01,2.326725423336029053e-02,6.229892000555992126e-02,3.170266449451446533e-01,1.570761501789093018e-01,3.363690078258514404e-01,5.507954955101013184e-01,4.884704053401947021e-01,8.061210811138153076e-02,-4.382005333900451660e-02,1.259481459856033325e-01,2.543019652366638184e-01,-1.056048795580863953e-01,1.257539540529251099e-01,1.429541260004043579e-01,2.042887508869171143e-01,7.582122832536697388e-02,1.461985707283020020e-01,2.779801785945892334e-01,-1.356846466660499573e-02,9.972520917654037476e-02,1.862328797578811646e-01,4.308343529701232910e-01,2.487074732780456543e-01
1.799528598785400391e-01,1.553552001714706421e-01,-1.147750169038772583e-01,-1.822928041219711304e-01,8.073027431964874268e-02,2.461736276745796204e-02,-2.335257977247238159e-01,1.463587135076522827e-01,2.612417340278625488e-01,3.569381237030029297e-01,2.559535503387451172e-01,4.313215613365173340e-01,6.532302498817443848e-01,6.198477372527122498e-02,1.461873799562454224e-01,5.618565678596496582e-01,-1.064287051558494568e-01,-1.879851892590522766e-02,1.614537984132766724e-01,3.466079533100128174e-01,3.346064090728759766e-01,2.941922247409820557e-01,1.000000000000000000e+00,5.929857492446899414e-01,-6.498351693153381348e-02,2.996430918574333191e-02,1.194442138075828552e-01,2.254032790660858154e-01,1.252207159996032715e-01,4.258108735084533691e-01,3.076274991035461426e-01,3.171869814395904541e-01,1.922607570886611938e-01,2.826006710529327393e-01,4.868368208408355713e-01,6.333591341972351074e-01,1.208347976207733154e-01,5.285139679908752441e-01,6.340313553810119629e-01,6.041450500488281250e-01,1.646733134984970093e-01,2.282602339982986450e-01,4.817514121532440186e-01,1.794080436229705811e-01,3.462311625480651855e-02,2.736304402351379395e-01,5.146386623382568359e-01,5.647423863410949707e-01
1.379935443401336670e-01,8.339855074882507324e-02,-6.732754409313201904e-02,-1.417222917079925537e-01,-5.673073232173919678e-02,-8.891814947128295898e-02,-2.901386618614196777e-01,-3.767362236976623535e-02,5.942363291978836060e-02,3.429764807224273682e-01,3.719237819314002991e-02,3.739833235740661621e-01,4.818520843982696533e-01,-1.525762975215911865e-01,9.729247540235519409e-02,3.727679550647735596e-01,-2.336618900299072266e-01,-1.681764870882034302e-01,2.657312899827957153e-02,2.013072073459625244e-01,2.685362398624420166e-01,3.732911348342895508e-01,5.929857492446899414e-01,1.000000000000000000e+00,-2.506366930902004242e-02,1.075754687190055847e-01,-2.455268613994121552e-02,1.611112952232360840e-01,5.829343944787979126e-02,3.691211938858032227e-01,2.552819848060607910e-01,4.388724565505981445e-01,-2.086342126131057739e-02,1.098325252532958984e-01,4.485207498073577881e-01,6.876264810562133789e-01,-7.573502510786056519e-02,4.228245019912719727e-01,5.050844550132751465e-01,5.833696126937866211e-01,2.341557666659355164e-02,2.135952115058898926e-01,3.835569918155670166e-01,9.466348588466644287e-02,7.993202656507492065e-02,2.505349516868591309e-01,6.596542596817016602e-01,5.978006720542907715e-01
1.189494878053665161e-01,2.606188319623470306e-02,3.038281761109828949e-02,2.527440525591373444e-02,-1.318546198308467865e-02,2.880081720650196075e-02,1.999184787273406982e-01,-5.754150077700614929e-02,-1.132680028676986694e-01,2.333981730043888092e-02,-7.998532056808471680e-02,6.148551031947135925e-02,-6.447914242744445801e-02,5.121565237641334534e-02,2.989998757839202881e-01,-5.524436756968498230e-02,1.477615535259246826e-01,1.072404608130455017e-01,1.383216232061386108e-01,1.038631498813629150e-01,1.522276103496551514e-01,1.377001404762268066e-01,-6.498351693153381348e-02,-2.506366930902004242e-02,1.000000000000000000e+00,8.404301106929779053e-02,3.731217682361602783e-01,1.561507433652877808e-01,1.513345446437597275e-02,1.705837398767471313e-01,1.580551117658615112e-01,1.031507253646850586e-01,1.241529732942581177e-01,-1.887366324663162231e-01,-1.178678944706916809e-01,-8.023526519536972046e-02,-1.621665507555007935e-01,-5.409237742424011230e-02,-1.053107082843780518e-01,-5.639070272445678711e-02,-7.878158986568450928e-02,4.735981300473213196e-02,5.079325661063194275e-02,-7.595668733119964600e-02,1.748401671648025513e-01,1.353327035903930664e-01,2.956876717507839203e-02,-1.124810203909873962e-01
1.385354101657867432e-01,2.173824310302734375e-01,5.263635516166687012e-01,3.847922682762145996e-01,1.090521439909934998e-01,4.133795201778411865e-02,2.468942254781723022e-01,-1.629289537668228149e-01,-2.615959942340850830e-01,6.503162533044815063e-02,-2.289551645517349243e-01,1.969895660877227783e-01,-5.808447301387786865e-02,-1.382986754179000854e-01,2.979778647422790527e-01,7.710289955139160156e-02,-2.206266373395919800e-01,-3.276029527187347412e-01,2.687135711312294006e-02,-9.425975382328033447e-02,1.086924672126770020e-01,2.326725423336029053e-02,2.996430918574333191e-02,1.075754687190055847e-01,8.404301106929779053e-02,1.000000000000000000e+00,-1.970454901456832886e-01,1.371391713619232178e-01,1.360963732004165649e-01,2.577197253704071045e-01,-1.906864494085311890e-01,7.753071188926696777e-02,-1.884197145700454712e-01,-6.806239485740661621e-02,2.146064937114715576e-01,1.860071569681167603e-01,-2.447937130928039551e-01,1.785575151443481445e-01,1.738743185997009277e-01,2.536473870277404785e-01,7.762283831834793091e-02,3.230496942996978760e-01,1.625297367572784424e-01,-1.783810704946517944e-01,1.611809730529785156e-01,1.657735556364059448e-01,1.767589151859283447e-01,1.245922520756721497e-01
2.573018968105316162e-01,2.925775945186614990e-01,-1.326191127300262451e-01,5.314052570611238480e-03,3.217635154724121094e-01,3.510444462299346924e-01,1.913346797227859497e-01,3.951854109764099121e-01,3.937211632728576660e-01,1.105598583817481995e-01,4.467765986919403076e-01,7.224345952272415161e-02,2.723010182380676270e-01,4.145791232585906982e-01,7.023499906063079834e-02,2.128604799509048462e-01,3.674862980842590332e-01,3.676748275756835938e-01,3.374900519847869873e-01,4.671500325202941895e-01,2.466897815465927124e-01,6.229892000555992126e-02,1.194442138075828552e-01,-2.455268613994121552e-02,3.731217682361602783e-01,-1.970454901456832886e-01,1.000000000000000000e+00,3.540322482585906982e-01,2.238979935646057129e-01,2.462977468967437744e-01,2.916122078895568848e-01,8.627259172499179840e-03,5.860421061515808105e-01,2.447359710931777954e-01,5.330868880264461040e-04,2.565535530447959900e-02,3.379901945590972900e-01,7.948748022317886353e-02,1.160151362419128418e-01,6.554322317242622375e-03,3.241592347621917725e-01,9.146729111671447754e-02,2.376431077718734741e-01,2.221319824457168579e-01,1.042761802673339844e-01,1.945675015449523926e-01,-4.141698777675628662e-02,-9.332311898469924927e-02
6.432799696922302246e-01,3.347367644309997559e-01,1.617660224437713623e-01,2.930359840393066406e-01,5.255634784698486328e-01,4.447309672832489014e-01,3.349323570728302002e-02,3.580157458782196045e-01,2.276229560375213623e-01,1.024824976921081543e-01,3.527301549911499023e-01,2.107762247323989868e-01,2.958258986473083496e-01,3.175815343856811523e-01,1.884206086397171021e-01,2.579716444015502930e-01,3.962621092796325684e-02,1.284754276275634766e-01,2.151924967765808105e-01,4.275082945823669434e-01,4.728567600250244141e-01,3.170266449451446533e-01,2.254032790660858154e-01,1.611112952232360840e-01,1.561507433652877808e-01,1.371391713619232178e-01,3.540322482585906982e-01,1.000000000000000000e+00,5.313819050788879395e-01,4.802091121673583984e-01,3.751615285873413086e-01,2.434600740671157837e-01,4.721727073192596436e-01,3.020456433296203613e-01,1.843475550413131714e-01,2.119268029928207397e-01,1.949085295200347900e-01,2.708783149719238281e-01,2.888242304325103760e-01,2.279738634824752808e-01,5.118886232376098633e-01,2.366695404052734375e-01,3.061705827713012695e-01,6.308157742023468018e-02,-2.745323814451694489e-02,1.203127801418304443e-01,1.721768230199813843e-01,8.836216479539871216e-02
4.185988605022430420e-01,3.560498356819152832e-01,1.322236061096191406e-01,2.373686581850051880e-01,5.219691991806030273e-01,5.134957432746887207e-01,1.482892036437988281e-01,3.666766583919525146e-01,2.898902297019958496e-01,8.656394481658935547e-02,3.381000459194183350e-01,2.167748957872390747e-01,2.350338101387023926e-01,3.312811851501464844e-01,1.667707711458206177e-01,2.387560158967971802e-01,8.138673752546310425e-02,1.471836119890213013e-01,2.401042133569717407e-01,2.729669511318206787e-01,2.785959541797637939e-01,1.570761501789093018e-01,1.252207159996032715e-01,5.829343944787979126e-02,1.513345446437597275e-02,1.360963732004165649e-01,2.238979935646057129e-01,5.313819050788879395e-01,1.000000000000000000e+00,3.516482710838317871e-01,2.088003605604171753e-01,6.777242571115493774e-02,4.140561819076538086e-01,3.641143143177032471e-01,2.145968377590179443e-01,1.424223631620407104e-01,2.673185467720031738e-01,2.964052557945251465e-01,2.687062621116638184e-01,1.464267075061798096e-01,4.927029907703399658e-01,2.600481212139129639e-01,2.412951737642288208e-01,-9.022067487239837646e-02,-1.005508005619049072e-01,5.866996571421623230e-02,6.610337644815444946e-02,9.446520358324050903e-02
3.678822219371795654e-01,3.816758394241333008e-01,9.258687496185302734e-02,9.119812399148941040e-02,3.608823418617248535e-01,2.840361893177032471e-01,-2.732313424348831177e-02,2.063266634941101074e-01,2.043440937995910645e-01,3.118497431278228760e-01,2.433832883834838867e-01,3.717324733734130859e-01,4.495803415775299072e-01,1.964286118745803833e-01,2.794983983039855957e-01,4.507915973663330078e-01,-1.312926560640335083e-01,-6.818173080682754517e-02,2.566874325275421143e-01,4.626912772655487061e-01,6.090592145919799805e-01,3.363690078258514404e-01,4.258108735084533691e-01,3.691211938858032227e-01,1.705837398767471313e-01,2.577197253704071045e-01,2.462977468967437744e-01,4.802091121673583984e-01,3.516482710838317871e-01,1.000000000000000000e+00,4.044714868068695068e-01,3.543226420879364014e-01,2.896944284439086914e-01,2.550773918628692627e-01,3.737118542194366455e-01,4.409311413764953613e-01,1.114169880747795105e-01,4.440482854843139648e-01,4.881771802902221680e-01,4.425820112228393555e-01,3.737850487232208252e-01,3.961659073829650879e-01,4.734947085380554199e-01,1.283438652753829956e-01,1.393417418003082275e-01,3.263264298439025879e-01,3.673354983329772949e-01,2.945468425750732422e-01
3.543765842914581299e-01,7.841333746910095215e-02,-2.471425384283065796e-01,-1.057691499590873718e-01,1.362551748752593994e-01,1.605115383863449097e-01,-3.153655678033828735e-02,1.622521877288818359e-01,2.609333693981170654e-01,1.753518432378768921e-01,2.277118414640426636e-01,1.242719218134880066e-01,3.727395236492156982e-01,1.699908226728439331e-01,7.540209591388702393e-02,1.840558052062988281e-01,2.101001590490341187e-01,3.765475153923034668e-01,2.811022698879241943e-01,5.083918571472167969e-01,4.770490825176239014e-01,5.507954955101013184e-01,3.076274991035461426e-01,2.552819848060607910e-01,1.580551117658615112e-01,-1.906864494085311890e-01,2.916122078895568848e-01,3.751615285873413086e-01,2.088003605604171753e-01,4.044714868068695068e-01,1.000000000000000000e+00,4.622274041175842285e-01,3.132408261299133301e-01,1.126076579093933105e-01,8.330358564853668213e-02,1.619609892368316650e-01,1.404709517955780029e-01,1.620248407125473022e-01,1.561716645956039429e-01,7.646299153566360474e-02,1.655512154102325439e-01,6.688317656517028809e-02,2.976933419704437256e-01,8.191578835248947144e-02,-3.335750894621014595e-03,1.134552806615829468e-01,2.786367237567901611e-01,1.057807058095932007e-01
2.382040172815322876e-01,1.054470017552375793e-01,-1.191973313689231873e-01,-1.638652533292770386e-01,-1.016377378255128860e-02,-8.949185162782669067e-02,-2.770795226097106934e-01,-7.397952023893594742e-03,5.445339158177375793e-02,2.450879961252212524e-01,-1.311540789902210236e-02,1.885863393545150757e-01,2.946574389934539795e-01,-6.421148031949996948e-02,1.037819236516952515e-01,1.552817523479461670e-01,-2.237434834241867065e-01,-9.416380524635314941e-02,-6.193675845861434937e-02,1.750167608261108398e-01,3.128108382225036621e-01,4.884704053401947021e-01,3.171869814395904541e-01,4.388724565505981445e-01,1.031507253646850586e-01,7.753071188926696777e-02,8.627259172499179840e-03,2.434600740671157837e-01,6.777242571115493774e-02,3.543226420879364014e-01,4.622274041175842285e-01,1.000000000000000000e+00,2.924910746514797211e-02,5.444783344864845276e-02,2.286210954189300537e-01,3.625835180282592773e-01,-7.082294672727584839e-02,2.743288576602935791e-01,2.700479328632354736e-01,2.273577749729156494e-01,2.107642590999603271e-02,1.252228170633316040e-01,2.287574112415313721e-01,1.356978416442871094e-01,1.061581373214721680e-01,1.783202737569808960e-01,5.776351094245910645e-01,2.575435340404510498e-01
3.778347671031951904e-01,3.808996975421905518e-01,-1.275420039892196655e-01,1.015671156346797943e-02,5.268110632896423340e-01,5.094646811485290527e-01,8.958867937326431274e-02,5.902159214019775391e-01,5.388241410255432129e-01,1.487850397825241089e-01,6.081292033195495605e-01,1.926834285259246826e-01,3.707965612411499023e-01,5.379797816276550293e-01,9.579259902238845825e-02,3.072690367698669434e-01,2.663410604000091553e-01,3.440355956554412842e-01,3.329646885395050049e-01,4.848210811614990234e-01,3.040798306465148926e-01,8.061210811138153076e-02,1.922607570886611938e-01,-2.086342126131057739e-02,1.241529732942581177e-01,-1.884197145700454712e-01,5.860421061515808105e-01,4.721727073192596436e-01,4.140561819076538086e-01,2.896944284439086914e-01,3.132408261299133301e-01,2.924910746514797211e-02,1.000000000000000000e+00,4.702109694480895996e-01,1.086510121822357178e-01,6.694199889898300171e-02,4.936800003051757812e-01,2.339067012071609497e-01,2.477297484874725342e-01,7.247069478034973145e-02,5.324665904045104980e-01,1.659087538719177246e-01,2.825559973716735840e-01,1.923989355564117432e-01,-8.038888685405254364e-03,1.725936084985733032e-01,-2.430542744696140289e-02,-3.296849504113197327e-02
