1.000000000000000000e+00,-3.661066293716430664e-03,5.968846678733825684e-01,6.375909447669982910e-01,3.502129316329956055e-01,3.148789703845977783e-01,1.397673487663269043e-01,1.296822428703308105e-01,9.447916410863399506e-03,2.900129929184913635e-02,2.151371091604232788e-01,1.710688322782516479e-01,-7.578758895397186279e-02,2.719535827636718750e-01,2.549748420715332031e-01,4.816410318017005920e-02,6.929791718721389771e-02,1.283669322729110718e-01,3.236247971653938293e-02,4.601682536303997040e-03,7.758399099111557007e-02,2.812659367918968201e-02,-8.254970610141754150e-02,-1.440479457378387451e-01,3.923653662204742432e-01,-8.050162345170974731e-02,4.349381327629089355e-01,5.972806215286254883e-01,3.337079286575317383e-01,-1.142781674861907959e-01,-5.470399931073188782e-02,-1.040772795677185059e-01,3.097439706325531006e-01,2.008844725787639618e-02,-1.201672032475471497e-01,-9.509805589914321899e-02,1.317376792430877686e-01,1.895541995763778687e-01,1.776975463144481182e-03,-1.162637174129486084e-01,2.398761212825775146e-01,-1.961549185216426849e-02,-6.082969158887863159e-02,-6.463535875082015991e-02,-9.862805902957916260e-02,-9.118476510047912598e-02,-1.159014776349067688e-01,-1.105740591883659363e-01
-3.661066293716430664e-03,1.000000000000000000e+00,1.818806082010269165e-01,1.350277066230773926e-01,2.403331398963928223e-01,2.080458849668502808e-01,3.959264457225799561e-01,3.261856734752655029e-01,5.009602904319763184e-01,4.043743014335632324e-01,-2.690624212846159935e-03,7.459972798824310303e-02,4.255006015300750732e-01,1.615437269210815430e-01,1.271058022975921631e-01,3.046260774135589600e-01,2.031308412551879883e-01,3.336268365383148193e-01,3.258787095546722412e-01,3.959478735923767090e-01,1.364586204290390015e-01,5.210741981863975525e-02,1.981418877840042114e-01,4.172177314758300781e-01,-3.653388842940330505e-02,3.978370428085327148e-01,1.116758063435554504e-01,2.534521520137786865e-01,4.907985031604766846e-01,1.149369254708290100e-01,2.127662897109985352e-01,3.779835104942321777e-01,4.987638294696807861e-01,3.888413012027740479e-01,3.721775412559509277e-01,5.200596451759338379e-01,3.391355276107788086e-01,3.327256143093109131e-01,4.354909956455230713e-01,3.829542398452758789e-01,5.040384531021118164e-01,6.599348187446594238e-01,5.537627935409545898e-01,2.921074926853179932e-01,4.241206347942352295e-01,3.663646280765533447e-01,3.327283263206481934e-01,3.443302214145660400e-01
5.968846678733825684e-01,1.818806082010269165e-01,1.000000000000000000e+00,7.060662508010864258e-01,2.182253450155258179e-01,2.956004440784454346e-01,2.604135274887084961e-01,3.211514949798583984e-01,1.266369223594665527e-01,2.006312906742095947e-01,3.123216629028320312e-01,3.691361844539642334e-01,1.740292459726333618e-01,4.551903605461120605e-01,4.403312206268310547e-01,2.243088185787200928e-01,8.920969069004058838e-02,1.686633229255676270e-01,-5.376504734158515930e-03,6.211147084832191467e-02,2.901613712310791016e-01,2.142903357744216919e-01,7.608395069837570190e-03,-9.717687219381332397e-02,2.912025451660156250e-01,8.275481313467025757e-02,3.818855285644531250e-01,4.580510258674621582e-01,2.933326661586761475e-01,2.759487554430961609e-02,8.098156750202178955e-02,-8.415821939706802368e-02,4.454862475395202637e-01,2.072919756174087524e-01,2.087714150547981262e-02,-1.949543133378028870e-03,3.197570741176605225e-01,3.888125121593475342e-01,1.188920140266418457e-01,-5.307053215801715851e-03,2.235046178102493286e-01,5.222565308213233948e-02,-1.524444948881864548e-02,1.646244525909423828e-02,6.805825233459472656e-02,2.029270119965076447e-02,-1.362648308277130127e-01,2.938170358538627625e-02
6.375909447669982910e-01,1.350277066230773926e-01,7.060662508010864258e-01,1.000000000000000000e+00,3.437559306621551514e-01,3.160219192504882812e-01,2.608513534069061279e-01,1.356823146343231201e-01,4.709590226411819458e-02,8.963306248188018799e-02,9.107523411512374878e-02,2.111686021089553833e-01,1.246725618839263916e-01,3.053292632102966309e-01,3.155681788921356201e-01,2.613189816474914551e-01,4.375309124588966370e-02,1.840532869100570679e-01,5.321664363145828247e-02,2.177203744649887085e-01,3.587092459201812744e-01,2.017192840576171875e-01,-1.476891040802001953e-01,-1.210116073489189148e-01,2.474742233753204346e-01,-1.823030784726142883e-02,3.157496750354766846e-01,4.945774078369140625e-01,2.850443124771118164e-01,-1.042459309101104736e-01,4.759697616100311279e-02,-6.266101449728012085e-02,3.140225410461425781e-01,1.256839931011199951e-01,-5.275721848011016846e-02,-6.039407849311828613e-02,2.329856753349304199e-01,2.525942623615264893e-01,4.612564295530319214e-02,-1.535504013299942017e-01,2.922816574573516846e-01,3.079340793192386627e-02,1.352572115138173103e-03,-4.659054800868034363e-02,-2.955408766865730286e-02,-7.500835508108139038e-02,-1.424819976091384888e-01,-5.989278480410575867e-02
3.502129316329956055e-01,2.403331398963928223e-01,2.182253450155258179e-01,3.437559306621551514e-01,1.000000000000000000e+00,5.031074881553649902e-01,2.593742012977600098e-01,-2.961010485887527466e-02,1.432199627161026001e-01,-1.963656581938266754e-02,-1.360371112823486328e-01,-5.044327303767204285e-02,3.212652504444122314e-01,-1.670999526977539062e-01,1.667578332126140594e-02,4.549634456634521484e-01,4.724595323204994202e-02,3.238601088523864746e-01,3.660317659378051758e-01,3.650242686271667480e-01,8.280343562364578247e-02,6.150770932435989380e-03,-1.855695545673370361e-01,5.453025456517934799e-03,9.017609059810638428e-02,1.361702661961317062e-02,1.119602173566818237e-01,3.282054662704467773e-01,3.481471240520477295e-01,-1.333445012569427490e-01,-1.131931170821189880e-01,-5.617403984069824219e-02,1.702648103237152100e-01,1.185917034745216370e-01,2.935710549354553223e-02,3.723455220460891724e-02,1.554420143365859985e-01,1.746559292078018188e-01,9.394565224647521973e-02,-1.194599792361259460e-01,3.635981976985931396e-01,2.630397081375122070e-01,3.378858268260955811e-01,7.345537096261978149e-02,-2.134000323712825775e-02,3.029416128993034363e-02,3.217145055532455444e-02,-8.304522931575775146e-02
3.148789703845977783e-01,2.080458849668502808e-01,2.956004440784454346e-01,3.160219192504882812e-01,5.031074881553649902e-01,1.000000000000000000e+00,2.593139111995697021e-01,2.553442716598510742e-01,1.788101345300674438e-01,2.172067612409591675e-01,2.695511877536773682e-01,3.451257050037384033e-01,2.491309642791748047e-01,7.608092576265335083e-02,4.433928057551383972e-02,1.141910180449485779e-01,1.033262237906455994e-01,2.059072107076644897e-01,-2.454351447522640228e-02,7.171849906444549561e-02,3.792582750320434570e-01,2.092564702033996582e-01,4.427057132124900818e-02,4.273140057921409607e-02,6.456964462995529175e-02,1.217403560876846313e-01,1.324830949306488037e-01,4.781059026718139648e-01,4.377580285072326660e-01,1.770364791154861450e-01,1.716713607311248779e-01,-5.893892794847488403e-02,3.049215376377105713e-01,1.844918131828308105e-01,2.149318903684616089e-01,7.219330966472625732e-02,8.980349637567996979e-03,1.597487926483154297e-01,1.289338469505310059e-01,-4.476798325777053833e-02,4.008368551731109619e-01,2.279866933822631836e-01,6.992758065462112427e-02,-5.639106035232543945e-03,2.486335113644599915e-02,-3.684119507670402527e-02,-3.317348659038543701e-02,-1.296383980661630630e-02
1.397673487663269043e-01,3.959264457225799561e-01,2.604135274887084961e-01,2.608513534069061279e-01,2.593742012977600098e-01,2.593139111995697021e-01,1.000000000000000000e+00,8.849152922630310059e-02,4.709616899490356445e-01,3.806567490100860596e-01,-8.151308447122573853e-02,1.551847439259290695e-02,3.329372704029083252e-01,2.930445596575737000e-03,6.415354460477828979e-02,2.157016396522521973e-01,7.275214195251464844e-01,6.115560531616210938e-01,4.051733613014221191e-01,4.550202488899230957e-01,4.497316852211952209e-02,1.021332144737243652e-01,1.917873769998550415e-01,2.491679489612579346e-01,-1.775682866573333740e-01,6.049525737762451172e-01,-8.643245697021484375e-02,1.577443256974220276e-02,2.201349139213562012e-01,-6.100880727171897888e-02,-1.001566089689731598e-02,2.642607986927032471e-01,7.189760357141494751e-02,1.002354919910430908e-01,1.221216320991516113e-01,2.865241765975952148e-01,1.082683354616165161e-01,9.573053568601608276e-02,2.378078401088714600e-01,2.481033802032470703e-01,2.027685046195983887e-01,4.789657890796661377e-01,3.748866021633148193e-01,9.201516211032867432e-02,1.485946923494338989e-01,2.962214350700378418e-01,1.750808656215667725e-01,3.188050985336303711e-01
1.296822428703308105e-01,3.261856734752655029e-01,3.211514949798583984e-01,1.356823146343231201e-01,-2.961010485887527466e-02,2.553442716598510742e-01,8.849152922630310059e-02,1.000000000000000000e+00,4.323919415473937988e-01,4.913612306118011475e-01,6.369927525520324707e-01,5.741018652915954590e-01,2.161927074193954468e-01,5.091117024421691895e-01,3.763025999069213867e-01,1.090998724102973938e-01,1.672081463038921356e-02,-3.415312618017196655e-02,-2.111721336841583252e-01,-1.880331188440322876e-01,1.982088088989257812e-01,2.390962839126586914e-01,3.181274235248565674e-01,2.117844820022583008e-01,1.528908908367156982e-01,5.788272991776466370e-02,2.049391716718673706e-01,2.508631348609924316e-01,1.739888042211532593e-01,2.581148147583007812e-01,2.764140069484710693e-01,1.972616165876388550e-01,6.090025305747985840e-01,5.732470750808715820e-01,4.838089346885681152e-01,3.280149698257446289e-01,3.923925161361694336e-01,3.757712841033935547e-01,3.281252682209014893e-01,2.659101486206054688e-01,2.482426017522811890e-01,2.348173707723617554e-01,6.806555390357971191e-02,4.162835180759429932e-01,3.359801173210144043e-01,2.727541029453277588e-01,2.074554711580276489e-01,2.304075509309768677e-01
9.447916410863399506e-03,5.009602904319763184e-01,1.266369223594665527e-01,4.709590226411819458e-02,1.432199627161026001e-01,1.788101345300674438e-01,4.709616899490356445e-01,4.323919415473937988e-01,1.000000000000000000e+00,5.542740225791931152e-01,1.535836011171340942e-01,6.502906978130340576e-02,3.058815896511077881e-01,1.169745400547981262e-01,5.910620838403701782e-02,1.949193179607391357e-01,3.681226372718811035e-01,3.876350522041320801e-01,2.861327528953552246e-01,2.240583449602127075e-01,-8.785375952720642090e-02,-3.299960866570472717e-02,3.285444676876068115e-01,3.109720647335052490e-01,-9.550183266401290894e-02,3.832084834575653076e-01,-2.020216546952724457e-02,3.354974463582038879e-02,2.335920333862304688e-01,4.650028795003890991e-02,1.168235689401626587e-01,3.350670635700225830e-01,2.712304592132568359e-01,2.847793400287628174e-01,3.621453046798706055e-01,4.361240267753601074e-01,2.572014629840850830e-01,2.442905157804489136e-01,4.162819087505340576e-01,4.180081486701965332e-01,2.935366332530975342e-01,6.104670166969299316e-01,5.192100405693054199e-01,5.101711750030517578e-01,3.900355696678161621e-01,5.903211236000061035e-01,2.920299768447875977e-01,3.926445543766021729e-01
2.900129929184913635e-02,4.043743014335632324e-01,2.006312906742095947e-01,8.963306248188018799e-02,-1.963656581938266754e-02,2.172067612409591675e-01,3.806567490100860596e-01,4.913612306118011475e-01,5.542740225791931152e-01,1.000000000000000000e+00,3.651079833507537842e-01,4.170671105384826660e-01,2.899321019649505615e-01,3.092881143093109131e-01,3.100832402706146240e-01,1.517817378044128418e-01,3.470121920108795166e-01,1.687946468591690063e-01,-6.256110221147537231e-02,5.775526911020278931e-02,1.893013417720794678e-01,2.702028751373291016e-01,3.906418681144714355e-01,2.339875400066375732e-01,-3.476866707205772400e-02,2.981041669845581055e-01,5.759933218359947205e-02,9.427231550216674805e-02,1.412742137908935547e-01,2.242627441883087158e-01,2.197274565696716309e-01,2.894113063812255859e-01,4.132592082023620605e-01,4.244054853916168213e-01,3.365997374057769775e-01,3.682420253753662109e-01,2.484819144010543823e-01,3.398219347000122070e-01,3.537361323833465576e-01,3.359659314155578613e-01,1.841583698987960815e-01,3.981054127216339111e-01,1.669726371765136719e-01,3.586287796497344971e-01,4.577962160110473633e-01,5.218203663825988770e-01,1.663185805082321167e-01,3.120318949222564697e-01
2.151371091604232788e-01,-2.690624212846159935e-03,3.123216629028320312e-01,9.107523411512374878e-02,-1.360371112823486328e-01,2.695511877536773682e-01,-8.151308447122573853e-02,6.369927525520324707e-01,1.535836011171340942e-01,3.651079833507537842e-01,1.000000000000000000e+00,7.394236326217651367e-01,2.089363336563110352e-02,5.894177556037902832e-01,4.833955764770507812e-01,3.456009551882743835e-02,-7.609297335147857666e-02,-2.675495445728302002e-01,-4.910334050655364990e-01,-5.259408354759216309e-01,2.587698101997375488e-01,3.648275434970855713e-01,3.834180831909179688e-01,6.423800438642501831e-02,1.080192774534225464e-01,-8.988421410322189331e-02,2.031843066215515137e-01,2.804614007472991943e-01,4.999114573001861572e-02,4.423489272594451904e-01,2.787506580352783203e-01,-6.145798414945602417e-02,4.588118493556976318e-01,3.748942315578460693e-01,3.313896656036376953e-01,1.169025450944900513e-01,1.397792845964431763e-01,3.721043467521667480e-01,1.664585769176483154e-01,1.200572475790977478e-01,4.518571868538856506e-02,-4.599715396761894226e-02,-2.676210701465606689e-01,1.192261427640914917e-01,1.802323609590530396e-01,1.475342782214283943e-03,1.050477940589189529e-02,4.342405870556831360e-02
1.710688322782516479e-01,7.459972798824310303e-02,3.691361844539642334e-01,2.111686021089553833e-01,-5.044327303767204285e-02,3.451257050037384033e-01,1.551847439259290695e-02,5.741018652915954590e-01,6.502906978130340576e-02,4.170671105384826660e-01,7.394236326217651367e-01,1.000000000000000000e+00,1.412104666233062744e-01,5.493982434272766113e-01,6.052883267402648926e-01,1.538104563951492310e-01,-3.738066926598548889e-02,-2.485242933034896851e-01,-5.336447358131408691e-01,-3.722579479217529297e-01,4.623760282993316650e-01,4.845570027828216553e-01,2.861278057098388672e-01,1.364121120423078537e-02,4.622091725468635559e-02,-5.948458984494209290e-02,1.635948717594146729e-01,2.489636093378067017e-01,7.783652283251285553e-03,4.326388835906982422e-01,2.108937054872512817e-01,-1.001867055892944336e-01,4.797731637954711914e-01,3.949405550956726074e-01,2.542382776737213135e-01,8.092900365591049194e-02,1.200185641646385193e-01,3.875479698181152344e-01,8.982050418853759766e-02,5.889809131622314453e-02,7.578732818365097046e-02,3.602216020226478577e-03,-3.020140230655670166e-01,4.213266819715499878e-02,1.995869278907775879e-01,-3.952848911285400391e-02,-9.544903784990310669e-02,3.857133165001869202e-02
-7.578758895397186279e-02,4.255006015300750732e-01,1.740292459726333618e-01,1.246725618839263916e-01,3.212652504444122314e-01,2.491309642791748047e-01,3.329372704029083252e-01,2.161927074193954468e-01,3.058815896511077881e-01,2.899321019649505615e-01,2.089363336563110352e-02,1.412104666233062744e-01,1.000000000000000000e+00,3.615076467394828796e-02,1.729127317667007446e-01,5.355285406112670898e-01,1.183104962110519409e-01,3.478725850582122803e-01,3.079211115837097168e-01,4.231915771961212158e-01,3.692764043807983398e-01,1.407004892826080322e-01,1.533402800559997559e-01,9.656637907028198242e-02,-1.714626401662826538e-01,3.301302194595336914e-01,-7.743743807077407837e-02,6.870372593402862549e-02,1.775970160961151123e-01,1.715220659971237183e-01,1.751166284084320068e-01,7.038388401269912720e-02,2.407966256141662598e-01,3.016593754291534424e-01,2.521324157714843750e-01,2.023897767066955566e-01,1.846166849136352539e-01,3.724604845046997070e-01,2.735738456249237061e-01,1.886937767267227173e-01,2.522145807743072510e-01,3.601647615432739258e-01,4.490180611610412598e-01,2.338760793209075928e-01,2.602048516273498535e-01,3.153244256973266602e-01,1.339071094989776611e-01,1.305745244026184082e-01
2.719535827636718750e-01,1.615437269210815430e-01,4.551903605461120605e-01,3.053292632102966309e-01,-1.670999526977539062e-01,7.608092576265335083e-02,2.930445596575737000e-03,5.091117024421691895e-01,1.169745400547981262e-01,3.092881143093109131e-01,5.894177556037902832e-01,5.493982434272766113e-01,3.615076467394828796e-02,1.000000000000000000e+00,6.741894483566284180e-01,1.113882884383201599e-01,-1.527897082269191742e-02,-1.446303129196166992e-01,-3.510588109493255615e-01,-2.802613377571105957e-01,2.156507372856140137e-01,2.329028695821762085e-01,3.130394816398620605e-01,1.300218254327774048e-01,1.949316859245300293e-01,-2.416629344224929810e-02,3.651992082595825195e-01,3.182498216629028320e-01,1.195126101374626160e-01,2.291520386934280396e-01,1.906239539384841919e-01,6.892597675323486328e-02,5.173906087875366211e-01,3.004648685455322266e-01,1.289562731981277466e-01,1.990437805652618408e-01,4.675908982753753662e-01,5.460844039916992188e-01,2.601989805698394775e-01,1.969222724437713623e-01,7.563086599111557007e-02,-3.523445874452590942e-02,-1.922305524349212646e-01,7.276844978332519531e-02,1.380139589309692383e-01,-8.729936555027961731e-03,4.343519359827041626e-02,1.848015338182449341e-01
2.549748420715332031e-01,1.271058022975921631e-01,4.403312206268310547e-01,3.155681788921356201e-01,1.667578332126140594e-02,4.433928057551383972e-02,6.415354460477828979e-02,3.763025999069213867e-01,5.910620838403701782e-02,3.100832402706146240e-01,4.833955764770507812e-01,6.052883267402648926e-01,1.729127317667007446e-01,6.741894483566284180e-01,1.000000000000000000e+00,4.478913545608520508e-01,-1.678784936666488647e-02,-1.231429055333137512e-01,-3.551444411277770996e-01,-1.702093333005905151e-01,2.302000671625137329e-01,2.652952671051025391e-01,2.564794123172760010e-01,2.120561711490154266e-02,5.683352798223495483e-02,-5.611466988921165466e-02,2.701695263385772705e-01,1.776445209980010986e-01,-1.723123714327812195e-02,1.987593770027160645e-01,2.541557513177394867e-02,-5.821436643600463867e-02,4.406950175762176514e-01,3.058853745460510254e-01,6.762243807315826416e-02,1.361415684223175049e-01,3.275976479053497314e-01,6.541473865509033203e-01,2.265894711017608643e-01,1.320798695087432861e-01,4.247459582984447479e-03,-3.084795549511909485e-03,-1.783541142940521240e-01,4.038516432046890259e-02,1.603332608938217163e-01,3.829678986221551895e-03,-8.039024472236633301e-02,1.063835397362709045e-01
4.816410318017005920e-02,3.046260774135589600e-01,2.243088185787200928e-01,2.613189816474914551e-01,4.549634456634521484e-01,1.141910180449485779e-01,2.157016396522521973e-01,1.090998724102973938e-01,1.949193179607391357e-01,1.517817378044128418e-01,3.456009551882743835e-02,1.538104563951492310e-01,5.355285406112670898e-01,1.113882884383201599e-01,4.478913545608520508e-01,1.000000000000000000e+00,-8.543409407138824463e-02,1.826496124267578125e-01,1.927385032176971436e-01,2.190364599227905273e-01,1.243876144289970398e-01,1.510041058063507080e-01,1.155151501297950745e-01,-5.086987745016813278e-03,-1.656116992235183716e-01,8.207099139690399170e-02,1.818247698247432709e-02,8.337194100022315979e-03,-3.817567601799964905e-03,7.435604464262723923e-03,-6.599377840757369995e-02,-7.034093141555786133e-02,2.068450599908828735e-01,2.277138978242874146e-01,1.457358151674270630e-01,1.280081421136856079e-01,2.394975125789642334e-01,5.812225341796875000e-01,3.295159339904785156e-01,9.804067015647888184e-02,1.106194555759429932e-01,2.296533286571502686e-01,3.125364184379577637e-01,1.876591593027114868e-01,2.280276268720626831e-01,1.727658957242965698e-01,-2.040762774413451552e-04,4.672542214393615723e-02
6.929791718721389771e-02,2.031308412551879883e-01,8.920969069004058838e-02,4.375309124588966370e-02,4.724595323204994202e-02,1.033262237906455994e-01,7.275214195251464844e-01,1.672081463038921356e-02,3.681226372718811035e-01,3.470121920108795166e-01,-7.609297335147857666e-02,-3.738066926598548889e-02,1.183104962110519409e-01,-1.527897082269191742e-02,-1.678784936666488647e-02,-8.543409407138824463e-02,1.000000000000000000e+00,5.111559033393859863e-01,2.650800645351409912e-01,2.827296555042266846e-01,-5.501282960176467896e-02,3.097421117126941681e-02,2.441070228815078735e-01,2.351797521114349365e-01,-4.052696377038955688e-02,4.803622663021087646e-01,-2.385275624692440033e-02,-7.505306974053382874e-03,1.699497997760772705e-01,-5.231224372982978821e-02,8.200800977647304535e-03,2.783577442169189453e-01,-4.415295645594596863e-02,5.721198767423629761e-02,1.314351521432399750e-02,2.600808739662170410e-01,4.786346852779388428e-02,-7.413493096828460693e-02,1.782423257827758789e-01,2.477158308029174805e-01,7.739365845918655396e-02,3.460832834243774414e-01,1.899065971374511719e-01,4.022919014096260071e-02,6.986143440008163452e-02,2.917255759239196777e-01,1.770966947078704834e-01,2.147074788808822632e-01
1.283669322729110718e-01,3.336268365383148193e-01,1.686633229255676270e-01,1.840532869100570679e-01,3.238601088523864746e-01,2.059072107076644897e-01,6.115560531616210938e-01,-3.415312618017196655e-02,3.876350522041320801e-01,1.687946468591690063e-01,-2.675495445728302002e-01,-2.485242933034896851e-01,3.478725850582122803e-01,-1.446303129196166992e-01,-1.231429055333137512e-01,1.826496124267578125e-01,5.111559033393859863e-01,1.000000000000000000e+00,6.101564168930053711e-01,5.630633234977722168e-01,-5.092863366007804871e-02,9.454573504626750946e-03,1.135935932397842407e-01,1.962926238775253296e-01,3.224790468811988831e-02,4.644229412078857422e-01,7.517445832490921021e-02,2.396718971431255341e-02,2.790978550910949707e-01,-1.715766191482543945e-01,7.252088189125061035e-02,2.633588016033172607e-01,2.091307396767660975e-04,3.859768807888031006e-02,2.855030633509159088e-02,2.345621734857559204e-01,1.637021005153656006e-01,5.793324485421180725e-02,2.424042671918869019e-01,2.136232256889343262e-01,1.824705749750137329e-01,3.672510683536529541e-01,5.056152939796447754e-01,4.904469847679138184e-02,4.777780547738075256e-02,2.864429950714111328e-01,1.675877273082733154e-01,2.520824074745178223e-01
3.236247971653938293e-02,3.258787095546722412e-01,-5.376504734158515930e-03,5.321664363145828247e-02,3.660317659378051758e-01,-2.454351447522640228e-02,4.051733613014221191e-01,-2.111721336841583252e-01,2.861327528953552246e-01,-6.256110221147537231e-02,-4.910334050655364990e-01,-5.336447358131408691e-01,3.079211115837097168e-01,-3.510588109493255615e-01,-3.551444411277770996e-01,1.927385032176971436e-01,2.650800645351409912e-01,6.101564168930053711e-01,1.000000000000000000e+00,6.655257940292358398e-01,-1.427219510078430176e-01,-2.853200733661651611e-01,-1.616204380989074707e-01,7.616969197988510132e-02,-3.308862447738647461e-02,3.447584509849548340e-01,-6.504502147436141968e-02,-5.056485906243324280e-02,1.996374875307083130e-01,-3.071958422660827637e-01,-1.184262484312057495e-01,1.426532864570617676e-01,-1.137492135167121887e-01,-6.656654924154281616e-02,-5.237220972776412964e-02,6.353254616260528564e-02,7.608659565448760986e-02,-9.279116988182067871e-02,6.640225648880004883e-02,4.825174063444137573e-02,2.143930345773696899e-01,3.906010091304779053e-01,6.729530096054077148e-01,1.257701516151428223e-01,3.488454595208168030e-02,3.089819550514221191e-01,1.467573493719100952e-01,7.799009978771209717e-02
4.601682536303997040e-03,3.959478735923767090e-01,6.211147084832191467e-02,2.177203744649887085e-01,3.650242686271667480e-01,7.171849906444549561e-02,4.550202488899230957e-01,-1.880331188440322876e-01,2.240583449602127075e-01,5.775526911020278931e-02,-5.259408354759216309e-01,-3.722579479217529297e-01,4.231915771961212158e-01,-2.802613377571105957e-01,-1.702093333005905151e-01,2.190364599227905273e-01,2.827296555042266846e-01,5.630633234977722168e-01,6.655257940292358398e-01,1.000000000000000000e+00,1.630490124225616455e-01,-1.298408210277557373e-01,-2.129052430391311646e-01,1.059964746236801147e-01,-1.019950732588768005e-01,3.509615361690521240e-01,-9.503467381000518799e-02,-3.190294653177261353e-02,1.915088444948196411e-01,-3.192808628082275391e-01,-1.421536654233932495e-01,2.078406065702438354e-01,-1.210661325603723526e-02,-1.057536154985427856e-02,-4.803297668695449829e-02,1.023357287049293518e-01,7.549116760492324829e-02,-9.243670105934143066e-02,3.304281830787658691e-02,5.991385504603385925e-02,2.582830190658569336e-01,3.436029255390167236e-01,5.151890516281127930e-01,7.228816300630569458e-02,5.734679102897644043e-02,2.319644689559936523e-01,1.512378007173538208e-01,1.779276877641677856e-01
7.758399099111557007e-02,1.364586204290390015e-01,2.901613712310791016e-01,3.587092459201812744e-01,8.280343562364578247e-02,3.792582750320434570e-01,4.497316852211952209e-02,1.982088088989257812e-01,-8.785375952720642090e-02,1.893013417720794678e-01,2.587698101997375488e-01,4.623760282993316650e-01,3.692764043807983398e-01,2.156507372856140137e-01,2.302000671625137329e-01,1.243876144289970398e-01,-5.501282960176467896e-02,-5.092863366007804871e-02,-1.427219510078430176e-01,1.630490124225616455e-01,1.000000000000000000e+00,4.464501142501831055e-01,-1.325547974556684494e-02,-9.826473891735076904e-02,-4.902788251638412476e-02,7.918705791234970093e-02,-2.799746766686439514e-02,3.084759116172790527e-01,1.081609576940536499e-01,3.257325887680053711e-01,2.584330737590789795e-01,-1.027005314826965332e-01,2.844422459602355957e-01,2.077068835496902466e-01,1.502163559198379517e-01,-6.996364146471023560e-02,-6.087355315685272217e-03,1.516249328851699829e-01,-3.504204005002975464e-02,-1.184896156191825867e-01,2.113948613405227661e-01,-8.169785141944885254e-03,-9.445407986640930176e-02,-7.248213887214660645e-02,1.624362468719482422e-01,-2.769791521131992340e-02,-1.325240731239318848e-01,-1.541889458894729614e-01
2.812659367918968201e-02,5.210741981863975525e-02,2.142903357744216919e-01,2.017192840576171875e-01,6.150770932435989380e-03,2.092564702033996582e-01,1.021332144737243652e-01,2.390962839126586914e-01,-3.299960866570472717e-02,2.702028751373291016e-01,3.648275434970855713e-01,4.845570027828216553e-01,1.407004892826080322e-01,2.329028695821762085e-01,2.652952671051025391e-01,1.510041058063507080e-01,3.097421117126941681e-02,9.454573504626750946e-03,-2.853200733661651611e-01,-1.298408210277557373e-01,4.464501142501831055e-01,1.000000000000000000e+00,3.464989662170410156e-01,1.402260512113571167e-01,-2.616239711642265320e-02,9.477710351347923279e-03,2.303069923073053360e-03,9.640212357044219971e-02,-5.645887181162834167e-02,4.039230346679687500e-01,4.065236747264862061e-01,1.116120144724845886e-01,1.687504500150680542e-01,3.060616552829742432e-01,1.700578927993774414e-01,1.788207143545150757e-01,-2.012939192354679108e-02,1.895620077848434448e-01,2.064485251903533936e-01,1.430457830429077148e-01,-3.416370972990989685e-02,-1.063731871545314789e-02,-1.974111944437026978e-01,2.307795686647295952e-03,1.749080717563629150e-01,-3.913044929504394531e-02,4.207810014486312866e-02,4.421511664986610413e-02
-8.254970610141754150e-02,1.981418877840042114e-01,7.608395069837570190e-03,-1.476891040802001953e-01,-1.855695545673370361e-01,4.427057132124900818e-02,1.917873769998550415e-01,3.181274235248565674e-01,3.285444676876068115e-01,3.906418681144714355e-01,3.834180831909179688e-01,2.861278057098388672e-01,1.533402800559997559e-01,3.130394816398620605e-01,2.564794123172760010e-01,1.155151501297950745e-01,2.441070228815078735e-01,1.135935932397842407e-01,-1.616204380989074707e-01,-2.129052430391311646e-01,-1.325547974556684494e-02,3.464989662170410156e-01,1.000000000000000000e+00,3.886272013187408447e-01,-1.327861696481704712e-01,1.793956458568572998e-01,1.441252510994672775e-02,4.082789644598960876e-02,1.072534695267677307e-01,3.997292816638946533e-01,3.884513080120086670e-01,2.960156500339508057e-01,1.051440536975860596e-01,3.060394227504730225e-01,2.593718171119689941e-01,4.697264134883880615e-01,5.075572431087493896e-02,3.775795400142669678e-01,5.953559875488281250e-01,6.298468112945556641e-01,1.453915704041719437e-02,2.699737250804901123e-01,5.135961994528770447e-02,2.068064510822296143e-01,2.101167291402816772e-01,2.155960947275161743e-01,3.125983178615570068e-01,4.070567488670349121e-01
-1.440479457378387451e-01,4.172177314758300781e-01,-9.717687219381332397e-02,-1.210116073489189148e-01,5.453025456517934799e-03,4.273140057921409607e-02,2.491679489612579346e-01,2.117844820022583008e-01,3.109720647335052490e-01,2.339875400066375732e-01,6.423800438642501831e-02,1.364121120423078537e-02,9.656637907028198242e-02,1.300218254327774048e-01,2.120561711490154266e-02,-5.086987745016813278e-03,2.351797521114349365e-01,1.962926238775253296e-01,7.616969197988510132e-02,1.059964746236801147e-01,-9.826473891735076904e-02,1.402260512113571167e-01,3.886272013187408447e-01,1.000000000000000000e+00,-9.553635865449905396e-02,3.124980926513671875e-01,-2.794628404080867767e-02,7.149373739957809448e-02,2.736540734767913818e-01,1.845737546682357788e-01,2.916200160980224609e-01,7.662180662155151367e-01,1.588237732648849487e-01,2.727528810501098633e-01,3.066263198852539062e-01,8.047325015068054199e-01,1.421444565057754517e-01,1.668693870306015015e-01,5.349486470222473145e-01,5.161971449851989746e-01,1.694312542676925659e-01,3.695912361145019531e-01,2.429566532373428345e-01,1.998598426580429077e-01,1.929561644792556763e-01,1.713694930076599121e-01,7.861288189888000488e-01,5.144975781440734863e-01
3.923653662204742432e-01,-3.653388842940330505e-02,2.912025451660156250e-01,2.474742233753204346e-01,9.017609059810638428e-02,6.456964462995529175e-02,-1.775682866573333740e-01,1.528908908367156982e-01,-9.550183266401290894e-02,-3.476866707205772400e-02,1.080192774534225464e-01,4.622091725468635559e-02,-1.714626401662826538e-01,1.949316859245300293e-01,5.683352798223495483e-02,-1.656116992235183716e-01,-4.052696377038955688e-02,3.224790468811988831e-02,-3.308862447738647461e-02,-1.019950732588768005e-01,-4.902788251638412476e-02,-2.616239711642265320e-02,-1.327861696481704712e-01,-9.553635865449905396e-02,1.000000000000000000e+00,-2.656667828559875488e-01,7.434302568435668945e-01,4.359056055545806885e-01,2.482473105192184448e-01,-2.144720405340194702e-01,4.794488474726676941e-02,2.001818036660552025e-03,3.579104244709014893e-01,9.853062778711318970e-02,-1.593109220266342163e-01,-8.089157938957214355e-02,3.528181314468383789e-01,2.792839333415031433e-02,-3.775193914771080017e-02,-9.872429817914962769e-02,1.497720777988433838e-01,-1.753245890140533447e-01,-1.317780762910842896e-01,-6.204268708825111389e-02,-1.584040522575378418e-01,-7.875370979309082031e-02,-4.391514509916305542e-02,-1.005610972642898560e-01
-8.050162345170974731e-02,3.978370428085327148e-01,8.275481313467025757e-02,-1.823030784726142883e-02,1.361702661961317062e-02,1.217403560876846313e-01,6.049525737762451172e-01,5.788272991776466370e-02,3.832084834575653076e-01,2.981041669845581055e-01,-8.988421410322189331e-02,-5.948458984494209290e-02,3.301302194595336914e-01,-2.416629344224929810e-02,-5.611466988921165466e-02,8.207099139690399170e-02,4.803622663021087646e-01,4.644229412078857422e-01,3.447584509849548340e-01,3.509615361690521240e-01,7.918705791234970093e-02,9.477710351347923279e-03,1.793956458568572998e-01,3.124980926513671875e-01,-2.656667828559875488e-01,1.000000000000000000e+00,-1.636265069246292114e-01,-5.321168154478073120e-02,1.891048401594161987e-01,1.336954981088638306e-01,8.165366202592849731e-02,2.781283855438232422e-01,2.635677158832550049e-02,1.162909902632236481e-02,2.372782677412033081e-01,3.213698565959930420e-01,5.391367524862289429e-02,6.761468201875686646e-02,1.857858300209045410e-01,3.180686235427856445e-01,9.766875952482223511e-02,4.324769973754882812e-01,4.319227635860443115e-01,1.126163676381111145e-01,2.351945340633392334e-01,3.742974996566772461e-01,2.231412380933761597e-01,3.162125051021575928e-01
4.349381327629089355e-01,1.116758063435554504e-01,3.818855285644531250e-01,3.157496750354766846e-01,1.119602173566818237e-01,1.324830949306488037e-01,-8.643245697021484375e-02,2.049391716718673706e-01,-2.020216546952724457e-02,5.759933218359947205e-02,2.031843066215515137e-01,1.635948717594146729e-01,-7.743743807077407837e-02,3.651992082595825195e-01,2.701695263385772705e-01,1.818247698247432709e-02,-2.385275624692440033e-02,7.517445832490921021e-02,-6.504502147436141968e-02,-9.503467381000518799e-02,-2.799746766686439514e-02,2.303069923073053360e-03,1.441252510994672775e-02,-2.794628404080867767e-02,7.434302568435668945e-01,-1.636265069246292114e-01,1.000000000000000000e+00,4.377185106277465820e-01,3.218343555927276611e-01,-1.337021738290786743e-01,7.307309657335281372e-02,-2.215405739843845367e-02,4.806812405586242676e-01,1.163308322429656982e-01,-6.961558759212493896e-02,4.113262519240379333e-02,3.944659531116485596e-01,2.635190188884735107e-01,9.973385930061340332e-02,2.713313512504100800e-02,1.311301589012145996e-01,-7.570196688175201416e-02,-7.758659869432449341e-02,-1.797161400318145752e-01,-2.336616814136505127e-01,-1.184161975979804993e-01,-5.548360198736190796e-02,3.316299617290496826e-02
5.972806215286254883e-01,2.534521520137786865e-01,4.580510258674621582e-01,4.945774078369140625e-01,3.282054662704467773e-01,4.781059026718139648e-01,1.577443256974220276e-02,2.508631348609924316e-01,3.354974463582038879e-02,9.427231550216674805e-02,2.804614007472991943e-01,2.489636093378067017e-01,6.870372593402862549e-02,3.182498216629028320e-01,1.776445209980010986e-01,8.337194100022315979e-03,-7.505306974053382874e-03,2.396718971431255341e-02,-5.056485906243324280e-02,-3.190294653177261353e-02,3.084759116172790527e-01,9.640212357044219971e-02,4.082789644598960876e-02,7.149373739957809448e-02,4.359056055545806885e-01,-5.321168154478073120e-02,4.377185106277465820e-01,1.000000000000000000e+00,6.679382920265197754e-01,1.687691956758499146e-01,2.538019418716430664e-01,1.879362948238849640e-02,4.562579095363616943e-01,2.704127132892608643e-01,1.678990274667739868e-01,1.258232742547988892e-01,2.290530204772949219e-01,2.789663374423980713e-01,1.633349210023880005e-01,-1.792199211195111275e-03,5.464556813240051270e-01,1.477466076612472534e-01,-8.441120386123657227e-03,5.459301918745040894e-02,-2.903893589973449707e-03,-7.936317473649978638e-02,6.577397882938385010e-02,-7.873567193746566772e-02
3.337079286575317383e-01,4.907985031604766846e-01,2.933326661586761475e-01,2.850443124771118164e-01,3.481471240520477295e-01,4.377580285072326660e-01,2.201349139213562012e-01,1.739888042211532593e-01,2.335920333862304688e-01,1.412742137908935547e-01,4.999114573001861572e-02,7.783652283251285553e-03,1.775970160961151123e-01,1.195126101374626160e-01,-1.723123714327812195e-02,-3.817567601799964905e-03,1.699497997760772705e-01,2.790978550910949707e-01,1.996374875307083130e-01,1.915088444948196411e-01,1.081609576940536499e-01,-5.645887181162834167e-02,1.072534695267677307e-01,2.736540734767913818e-01,2.482473105192184448e-01,1.891048401594161987e-01,3.218343555927276611e-01,6.679382920265197754e-01,1.000000000000000000e+00,1.805702745914459229e-01,2.913906574249267578e-01,1.915952712297439575e-01,3.377588093280792236e-01,3.289007842540740967e-01,2.829457819461822510e-01,3.237701356410980225e-01,2.643289864063262939e-01,2.072769403457641602e-01,2.659117877483367920e-01,2.097149044275283813e-01,5.787205696105957031e-01,4.247436225414276123e-01,3.149563372135162354e-01,1.251556724309921265e-01,-7.270783185958862305e-03,6.105001270771026611e-02,2.313328683376312256e-01,1.230975240468978882e-01
-1.142781674861907959e-01,1.149369254708290100e-01,2.759487554430961609e-02,-1.042459309101104736e-01,-1.333445012569427490e-01,1.770364791154861450e-01,-6.100880727171897888e-02,2.581148147583007812e-01,4.650028795003890991e-02,2.242627441883087158e-01,4.423489272594451904e-01,4.326388835906982422e-01,1.715220659971237183e-01,2.291520386934280396e-01,1.987593770027160645e-01,7.435604464262723923e-03,-5.231224372982978821e-02,-1.715766191482543945e-01,-3.071958422660827637e-01,-3.192808628082275391e-01,3.257325887680053711e-01,4.039230346679687500e-01,3.997292816638946533e-01,1.845737546682357788e-01,-2.144720405340194702e-01,1.336954981088638306e-01,-1.337021738290786743e-01,1.687691956758499146e-01,1.805702745914459229e-01,1.000000000000000000e+00,6.884233951568603516e-01,7.378780841827392578e-02,9.647428244352340698e-02,3.069867789745330811e-01,4.260446131229400635e-01,2.244279682636260986e-01,-1.130885854363441467e-01,3.293232023715972900e-01,2.118376791477203369e-01,1.900873333215713501e-01,3.156493604183197021e-02,1.248266845941543579e-01,-9.051015228033065796e-02,1.873841583728790283e-01,2.017220854759216309e-01,2.577312663197517395e-02,9.590803086757659912e-02,8.246316760778427124e-02
-5.470399931073188782e-02,2.127662897109985352e-01,8.098156750202178955e-02,4.759697616100311279e-02,-1.131931170821189880e-01,1.716713607311248779e-01,-1.001566089689731598e-02,2.764140069484710693e-01,1.168235689401626587e-01,2.197274565696716309e-01,2.787506580352783203e-01,2.108937054872512817e-01,1.751166284084320068e-01,1.906239539384841919e-01,2.541557513177394867e-02,-6.599377840757369995e-02,8.200800977647304535e-03,7.252088189125061035e-02,-1.184262484312057495e-01,-1.421536654233932495e-01,2.584330737590789795e-01,4.065236747264862061e-01,3.884513080120086670e-01,2.916200160980224609e-01,4.794488474726676941e-02,8.165366202592849731e-02,7.307309657335281372e-02,2.538019418716430664e-01,2.913906574249267578e-01,6.884233951568603516e-01,1.000000000000000000e+00,3.166159391403198242e-01,1.286353617906570435e-01,3.524559438228607178e-01,3.650141358375549316e-01,3.329499661922454834e-01,1.127497758716344833e-02,2.469823062419891357e-01,3.418014943599700928e-01,2.442490011453628540e-01,1.419608145952224731e-01,1.600627154111862183e-01,5.497738346457481384e-02,1.852187365293502808e-01,1.659922897815704346e-01,8.948808908462524414e-02,2.620138227939605713e-01,1.160824671387672424e-01
-1.040772795677185059e-01,3.779835104942321777e-01,-8.415821939706802368e-02,-6.266101449728012085e-02,-5.617403984069824219e-02,-5.893892794847488403e-02,2.642607986927032471e-01,1.972616165876388550e-01,3.350670635700225830e-01,2.894113063812255859e-01,-6.145798414945602417e-02,-1.001867055892944336e-01,7.038388401269912720e-02,6.892597675323486328e-02,-5.821436643600463867e-02,-7.034093141555786133e-02,2.783577442169189453e-01,2.633588016033172607e-01,1.426532864570617676e-01,2.078406065702438354e-01,-1.027005314826965332e-01,1.116120144724845886e-01,2.960156500339508057e-01,7.662180662155151367e-01,2.001818036660552025e-03,2.781283855438232422e-01,-2.215405739843845367e-02,1.879362948238849640e-02,1.915952712297439575e-01,7.378780841827392578e-02,3.166159391403198242e-01,1.000000000000000000e+00,1.295014321804046631e-01,2.291906923055648804e-01,1.918605566024780273e-01,7.389502525329589844e-01,1.982818096876144409e-01,6.570923328399658203e-02,5.102062225341796875e-01,5.185278058052062988e-01,1.211258769035339355e-01,3.197681903839111328e-01,2.620916962623596191e-01,2.519599795341491699e-01,2.259714752435684204e-01,2.694670259952545166e-01,7.534481287002563477e-01,5.127198100090026855e-01
3.097439706325531006e-01,4.987638294696807861e-01,4.454862475395202637e-01,3.140225410461425781e-01,1.702648103237152100e-01,3.049215376377105713e-01,7.189760357141494751e-02,6.090025305747985840e-01,2.712304592132568359e-01,4.132592082023620605e-01,4.588118493556976318e-01,4.797731637954711914e-01,2.407966256141662598e-01,5.173906087875366211e-01,4.406950175762176514e-01,2.068450599908828735e-01,-4.415295645594596863e-02,2.091307396767660975e-04,-1.137492135167121887e-01,-1.210661325603723526e-02,2.844422459602355957e-01,1.687504500150680542e-01,1.051440536975860596e-01,1.588237732648849487e-01,3.579104244709014893e-01,2.635677158832550049e-02,4.806812405586242676e-01,4.562579095363616943e-01,3.377588093280792236e-01,9.647428244352340698e-02,1.286353617906570435e-01,1.295014321804046631e-01,1.000000000000000000e+00,4.198478758335113525e-01,2.589940130710601807e-01,2.924951016902923584e-01,4.799172580242156982e-01,4.355006515979766846e-01,2.840503454208374023e-01,1.826671063899993896e-01,3.698131740093231201e-01,2.116304636001586914e-01,7.987765222787857056e-02,1.465427428483963013e-01,2.316317558288574219e-01,1.253997981548309326e-01,9.759487211704254150e-02,1.917628198862075806e-01
