1.000000000000000000e+00,4.414436966180801392e-02,5.723575353622436523e-01,5.237920284271240234e-01,4.790604412555694580e-01,4.780095517635345459e-01,4.084463045001029968e-02,3.498027622699737549e-01,2.284354269504547119e-01,6.916667520999908447e-02,2.837322950363159180e-01,3.995519876480102539e-01,1.730359159409999847e-02,8.398940414190292358e-02,8.820053189992904663e-02,3.514603525400161743e-02,2.599458396434783936e-02,1.100697964429855347e-01,1.555526405572891235e-01,2.642979621887207031e-01,2.974068224430084229e-01,1.841711848974227905e-01,-2.153052985668182373e-01,-1.379069685935974121e-01,4.756188094615936279e-01,4.208768904209136963e-02,-2.238465659320354462e-02,6.193967461585998535e-01,2.613686621189117432e-01,2.825400233268737793e-01,8.948524296283721924e-02,-2.302475720643997192e-01,3.368239104747772217e-01,8.034475147724151611e-02,9.285517781972885132e-02,-1.427489817142486572e-01,2.005404084920883179e-01,-4.512619599699974060e-02,-1.738571822643280029e-01,-2.236352562904357910e-01,1.827043592929840088e-01,-7.621354609727859497e-02,3.950323909521102905e-03,2.618166245520114899e-02,-1.386609524488449097e-01,-4.500848706811666489e-03,-3.177059590816497803e-01,-1.200467273592948914e-01
4.414436966180801392e-02,1.000000000000000000e+00,5.828788504004478455e-02,1.149653550237417221e-02,2.308351397514343262e-01,9.858757257461547852e-02,9.981140494346618652e-02,-3.915043920278549194e-02,1.121701821684837341e-01,1.160169988870620728e-01,-2.342080622911453247e-01,-1.004786863923072815e-01,1.951376944780349731e-01,-6.131324917078018188e-02,-1.369893550872802734e-01,7.529798150062561035e-02,6.133864820003509521e-02,1.358142942190170288e-01,3.174268603324890137e-01,2.208777368068695068e-01,1.212139427661895752e-02,7.760687265545129776e-03,-1.890643499791622162e-02,2.431942671537399292e-01,-1.569135934114456177e-01,2.651204764842987061e-01,5.915203131735324860e-03,8.935423940420150757e-02,4.290455877780914307e-01,4.547979682683944702e-02,4.469638690352439880e-02,8.675888925790786743e-02,4.148664698004722595e-02,-8.579336106777191162e-02,3.316115140914916992e-01,2.667511105537414551e-01,2.584238946437835693e-01,-4.290108382701873779e-02,2.334623597562313080e-02,8.922807872295379639e-02,5.296390652656555176e-01,3.893589079380035400e-01,4.669675230979919434e-01,5.060080885887145996e-01,5.331959128379821777e-01,3.334647715091705322e-01,1.163371130824089050e-01,-3.188016265630722046e-02
5.723575353622436523e-01,5.828788504004478455e-02,1.000000000000000000e+00,7.645004987716674805e-01,3.396025002002716064e-01,4.958961904048919678e-01,3.456301689147949219e-01,2.787487804889678955e-01,3.426794111728668213e-01,2.798336744308471680e-01,3.380196690559387207e-01,3.491567075252532959e-01,2.287383377552032471e-01,-1.296070069074630737e-01,4.816135764122009277e-02,1.235687434673309326e-01,2.647271156311035156e-01,3.047146201133728027e-01,4.017192423343658447e-01,4.406513869762420654e-01,4.457619190216064453e-01,4.592207074165344238e-01,-7.595854997634887695e-02,-2.297151833772659302e-03,2.015174180269241333e-01,3.350979685783386230e-01,-6.523568928241729736e-02,5.724638104438781738e-01,2.999894022941589355e-01,3.188452720642089844e-01,3.131805956363677979e-01,-8.792223036289215088e-02,3.988809138536453247e-02,1.003689914941787720e-01,6.588530540466308594e-02,-4.958276078104972839e-02,4.563283920288085938e-02,-1.034828647971153259e-01,-5.302603915333747864e-02,-8.315083384513854980e-02,2.194871604442596436e-01,1.738355904817581177e-01,1.635771542787551880e-01,1.112803742289543152e-01,3.849281929433345795e-03,1.522403955459594727e-01,-1.189195886254310608e-01,-1.087772250175476074e-01
5.237920284271240234e-01,1.149653550237417221e-02,7.645004987716674805e-01,1.000000000000000000e+00,3.816700279712677002e-01,5.003262758255004883e-01,1.579175144433975220e-01,2.191413044929504395e-01,1.854819953441619873e-01,1.134283840656280518e-01,2.740939855575561523e-01,3.337107300758361816e-01,1.614242047071456909e-01,-1.224952936172485352e-01,9.983151406049728394e-02,1.865767538547515869e-01,8.971506357192993164e-02,2.096400409936904907e-01,3.231402039527893066e-01,4.005315601825714111e-01,4.052438437938690186e-01,4.979923665523529053e-01,-1.805176585912704468e-01,3.209216520190238953e-02,2.724172174930572510e-01,1.362280547618865967e-01,-7.585907727479934692e-02,6.296613216400146484e-01,3.392445445060729980e-01,4.080507457256317139e-01,3.204409778118133545e-01,-1.789584159851074219e-01,9.025809168815612793e-02,1.075111106038093567e-01,5.760216712951660156e-02,-4.882270842790603638e-02,5.455373227596282959e-02,-1.344965100288391113e-01,-1.048501357436180115e-01,-1.566915214061737061e-01,1.775776445865631104e-01,1.444477867335081100e-02,3.940324857831001282e-02,2.111470885574817657e-02,-3.239376097917556763e-02,3.823819383978843689e-02,-1.560302972793579102e-01,-1.244086623191833496e-01
4.790604412555694580e-01,2.308351397514343262e-01,3.396025002002716064e-01,3.816700279712677002e-01,1.000000000000000000e+00,6.734070777893066406e-01,8.938719518482685089e-03,3.061666786670684814e-01,1.819442212581634521e-01,8.914606273174285889e-02,1.703750044107437134e-01,1.974132657051086426e-01,9.273673593997955322e-02,8.993216603994369507e-02,-5.000999197363853455e-02,8.235041052103042603e-02,-2.138006873428821564e-02,1.159431785345077515e-01,2.058282047510147095e-01,3.123709857463836670e-01,2.006560564041137695e-01,1.935875266790390015e-01,-8.390881121158599854e-02,9.369952976703643799e-02,3.218618035316467285e-01,-6.856420543044805527e-03,-3.372042253613471985e-02,4.562444388866424561e-01,2.791556715965270996e-01,2.659035325050354004e-01,1.211614087224006653e-01,-1.358887255191802979e-01,4.306475818157196045e-01,3.230290114879608154e-02,8.139894902706146240e-02,1.332766711711883545e-01,2.174448519945144653e-01,6.091666221618652344e-02,4.848429933190345764e-02,6.913021951913833618e-02,3.717243373394012451e-01,2.825623145326972008e-03,1.400932222604751587e-01,-6.444617360830307007e-02,6.011621281504631042e-02,1.022958159446716309e-01,-1.379178464412689209e-01,-1.507710758596658707e-02
4.780095517635345459e-01,9.858757257461547852e-02,4.958961904048919678e-01,5.003262758255004883e-01,6.734070777893066406e-01,1.000000000000000000e+00,1.740075200796127319e-01,3.735866844654083252e-01,3.364374041557312012e-01,2.465125471353530884e-01,3.193981349468231201e-01,3.659405410289764404e-01,1.486841589212417603e-01,1.239242032170295715e-01,5.467042699456214905e-02,4.539562016725540161e-02,9.562762081623077393e-02,1.692301779985427856e-01,1.566529124975204468e-01,3.517145216464996338e-01,3.716259598731994629e-01,2.656639516353607178e-01,-1.724001020193099976e-02,2.460290864109992981e-02,3.369898498058319092e-01,6.654269248247146606e-02,4.767398163676261902e-02,4.983541369438171387e-01,2.656410038471221924e-01,3.150477409362792969e-01,2.523947656154632568e-01,-9.562636911869049072e-02,3.575282394886016846e-01,8.347420394420623779e-02,7.659770548343658447e-02,6.166106462478637695e-02,1.814806163311004639e-01,5.737324804067611694e-02,2.452258020639419556e-02,2.820148877799510956e-02,3.318095505237579346e-01,3.796979412436485291e-02,7.159963995218276978e-02,1.019285712391138077e-02,-2.182478643953800201e-02,1.312694996595382690e-01,-1.207911968231201172e-01,3.160844743251800537e-02
4.084463045001029968e-02,9.981140494346618652e-02,3.456301689147949219e-01,1.579175144433975220e-01,8.938719518482685089e-03,1.740075200796127319e-01,1.000000000000000000e+00,2.044895738363265991e-01,4.504121243953704834e-01,5.234721899032592773e-01,1.977731138467788696e-01,3.965348750352859497e-02,2.164765000343322754e-01,6.855721026659011841e-02,-4.873348399996757507e-02,1.276720762252807617e-01,8.551973104476928711e-01,5.942684412002563477e-01,5.369093418121337891e-01,2.903272509574890137e-01,-8.881153189577162266e-04,2.051316052675247192e-01,2.959988415241241455e-01,-4.266815632581710815e-02,-7.399664074182510376e-02,7.307437658309936523e-01,1.068108677864074707e-01,-4.078235477209091187e-02,5.698871798813343048e-03,-6.906868517398834229e-02,2.756328284740447998e-01,4.726269245147705078e-01,-1.210507974028587341e-01,1.972217559814453125e-01,-2.576109021902084351e-03,2.440238557755947113e-02,1.019759550690650940e-01,1.606796234846115112e-01,2.206795662641525269e-01,1.986504346132278442e-01,4.852972552180290222e-02,5.945214629173278809e-01,3.438483476638793945e-01,2.253474444150924683e-01,1.361587494611740112e-01,4.005755484104156494e-01,2.571665644645690918e-01,1.235721074044704437e-02
3.498027622699737549e-01,-3.915043920278549194e-02,2.787487804889678955e-01,2.191413044929504395e-01,3.061666786670684814e-01,3.735866844654083252e-01,2.044895738363265991e-01,1.000000000000000000e+00,5.348590612411499023e-01,3.222016096115112305e-01,6.638352274894714355e-01,5.509756207466125488e-01,2.643155455589294434e-01,5.206028223037719727e-01,4.273458421230316162e-01,1.957633346319198608e-01,2.743317186832427979e-01,2.940143346786499023e-01,8.854027092456817627e-02,2.081904709339141846e-01,2.812489569187164307e-01,2.942086756229400635e-02,1.233893856406211853e-01,6.833068281412124634e-02,4.480028152465820312e-01,1.990525722503662109e-01,2.683500647544860840e-01,3.977026343345642090e-01,2.018625885248184204e-01,3.736590743064880371e-01,3.609028160572052002e-01,1.229586675763130188e-01,4.985732138156890869e-01,3.329779207706451416e-01,1.455687545239925385e-02,4.503139480948448181e-02,4.539809823036193848e-01,4.432990849018096924e-01,1.292518824338912964e-01,3.479094430804252625e-02,1.185245364904403687e-01,7.994315773248672485e-02,-5.522633437067270279e-03,3.483879566192626953e-02,-1.112576350569725037e-01,1.636653989553451538e-01,8.645980060100555420e-02,4.306523501873016357e-02
2.284354269504547119e-01,1.121701821684837341e-01,3.426794111728668213e-01,1.854819953441619873e-01,1.819442212581634521e-01,3.364374041557312012e-01,4.504121243953704834e-01,5.348590612411499023e-01,1.000000000000000000e+00,5.930207967758178711e-01,4.689567685127258301e-01,4.463239014148712158e-01,3.538761138916015625e-01,2.372888326644897461e-01,1.076755151152610779e-01,1.847824305295944214e-01,4.519177377223968506e-01,3.859874308109283447e-01,2.366671264171600342e-01,2.301218062639236450e-01,1.712033152580261230e-01,1.048966720700263977e-01,1.492751985788345337e-01,-9.290391951799392700e-02,2.336771339178085327e-01,3.785678446292877197e-01,2.135258615016937256e-01,2.184049338102340698e-01,1.217906400561332703e-01,1.748595386743545532e-01,3.197212815284729004e-01,1.719018965959548950e-01,1.461339443922042847e-01,2.759340107440948486e-01,1.936705410480499268e-01,2.987298555672168732e-02,3.190267086029052734e-01,2.016754895448684692e-01,1.234762743115425110e-01,3.454372659325599670e-02,6.997518986463546753e-02,3.443289697170257568e-01,2.427961081266403198e-01,3.014464080333709717e-01,1.395657658576965332e-02,4.234296381473541260e-01,2.031162567436695099e-02,-2.156470203772187233e-03
6.916667520999908447e-02,1.160169988870620728e-01,2.798336744308471680e-01,1.134283840656280518e-01,8.914606273174285889e-02,2.465125471353530884e-01,5.234721899032592773e-01,3.222016096115112305e-01,5.930207967758178711e-01,1.000000000000000000e+00,3.669523298740386963e-01,3.011451661586761475e-01,3.885587751865386963e-01,9.978951513767242432e-02,7.770557701587677002e-02,9.674634784460067749e-02,5.033961534500122070e-01,2.676833570003509521e-01,2.493573725223541260e-01,3.251023888587951660e-01,2.860554456710815430e-01,1.842651665210723877e-01,1.932366192340850830e-01,-1.007543280720710754e-01,2.263677679002285004e-02,4.124211966991424561e-01,1.334878504276275635e-01,1.007590536028146744e-02,1.710354350507259369e-02,8.075792342424392700e-03,2.051394134759902954e-01,1.888663321733474731e-01,-6.088962778449058533e-02,1.023559942841529846e-01,-2.833380550146102905e-02,-1.215340197086334229e-01,1.535409837961196899e-01,1.580373793840408325e-01,1.385165005922317505e-01,1.587052643299102783e-01,5.603437498211860657e-02,4.009913504123687744e-01,2.033279836177825928e-01,3.021217584609985352e-01,2.377937138080596924e-01,4.592460989952087402e-01,4.127461835741996765e-02,1.170112118124961853e-01
2.837322950363159180e-01,-2.342080622911453247e-01,3.380196690559387207e-01,2.740939855575561523e-01,1.703750044107437134e-01,3.193981349468231201e-01,1.977731138467788696e-01,6.638352274894714355e-01,4.689567685127258301e-01,3.669523298740386963e-01,1.000000000000000000e+00,6.652820706367492676e-01,8.249138295650482178e-02,3.119777441024780273e-01,2.547565400600433350e-01,3.824264975264668465e-03,2.726290524005889893e-01,1.970179826021194458e-01,4.595007747411727905e-02,1.321886479854583740e-01,4.028777778148651123e-01,1.796416044235229492e-01,4.653155338019132614e-03,-1.310094594955444336e-01,5.059291124343872070e-01,1.182232350111007690e-01,2.852406501770019531e-01,3.889178037643432617e-01,6.312810815870761871e-03,3.280424773693084717e-01,3.606391549110412598e-01,-2.470708452165126801e-02,3.153307437896728516e-01,4.117535352706909180e-01,-2.654198578966315836e-05,-1.750131994485855103e-01,1.974565237760543823e-01,1.754675954580307007e-01,-8.140888065099716187e-03,-4.539691656827926636e-02,-1.310403943061828613e-01,1.933170948177576065e-03,-1.393130570650100708e-01,-7.777943462133407593e-02,-1.408894360065460205e-01,3.110134275630116463e-04,-6.805530935525894165e-02,-2.261749096214771271e-02
3.995519876480102539e-01,-1.004786863923072815e-01,3.491567075252532959e-01,3.337107300758361816e-01,1.974132657051086426e-01,3.659405410289764404e-01,3.965348750352859497e-02,5.509756207466125488e-01,4.463239014148712158e-01,3.011451661586761475e-01,6.652820706367492676e-01,1.000000000000000000e+00,2.222939580678939819e-01,2.795544862747192383e-01,3.348047435283660889e-01,1.094857752323150635e-01,1.093223318457603455e-01,4.831797257065773010e-02,-4.369757324457168579e-02,2.154169380664825439e-01,5.031164884567260742e-01,1.747063100337982178e-01,-6.932429224252700806e-02,-1.536734253168106079e-01,5.757318735122680664e-01,5.889752134680747986e-02,2.444364726543426514e-01,4.166550338268280029e-01,5.697754397988319397e-02,3.742171525955200195e-01,2.743523418903350830e-01,-1.253691762685775757e-01,3.956084847450256348e-01,3.555988967418670654e-01,1.679468303918838501e-01,-1.330742388963699341e-01,2.595976591110229492e-01,9.679345041513442993e-02,-7.777542620897293091e-02,-1.487572044134140015e-01,-4.310571402311325073e-02,-1.478088367730379105e-02,-1.200873106718063354e-01,1.593916304409503937e-02,-1.094246134161949158e-01,1.174199511297047138e-03,-1.698823720216751099e-01,1.748601906001567841e-02
1.730359159409999847e-02,1.951376944780349731e-01,2.287383377552032471e-01,1.614242047071456909e-01,9.273673593997955322e-02,1.486841589212417603e-01,2.164765000343322754e-01,2.643155455589294434e-01,3.538761138916015625e-01,3.885587751865386963e-01,8.249138295650482178e-02,2.222939580678939819e-01,1.000000000000000000e+00,1.428943127393722534e-01,3.061960339546203613e-01,5.586913228034973145e-01,1.916912645101547241e-01,3.396424353122711182e-01,3.493449985980987549e-01,5.283055305480957031e-01,2.619960904121398926e-01,8.664560317993164062e-02,1.204812526702880859e-01,8.677063137292861938e-02,-8.816366642713546753e-02,3.426043093204498291e-01,-1.873443648219108582e-02,9.687417745590209961e-02,1.863572746515274048e-01,1.251386106014251709e-01,2.159588783979415894e-01,1.716279685497283936e-01,6.904051452875137329e-02,7.947763800621032715e-02,1.067861448973417282e-02,1.220116317272186279e-01,2.248347252607345581e-01,2.919700741767883301e-01,1.211934164166450500e-01,-8.502222597599029541e-02,2.446507513523101807e-01,2.455803155899047852e-01,3.209980428218841553e-01,1.899797469377517700e-01,6.019840389490127563e-02,4.326162338256835938e-01,1.492819637060165405e-01,-6.560941785573959351e-02
8.398940414190292358e-02,-6.131324917078018188e-02,-1.296070069074630737e-01,-1.224952936172485352e-01,8.993216603994369507e-02,1.239242032170295715e-01,6.855721026659011841e-02,5.206028223037719727e-01,2.372888326644897461e-01,9.978951513767242432e-02,3.119777441024780273e-01,2.795544862747192383e-01,1.428943127393722534e-01,1.000000000000000000e+00,4.714547395706176758e-01,1.069769412279129028e-01,1.562616825103759766e-01,2.322772294282913208e-01,5.235517397522926331e-02,9.236514568328857422e-02,1.623701304197311401e-03,-1.785918921232223511e-01,3.347026184201240540e-02,7.514252513647079468e-02,2.597303092479705811e-01,4.092258960008621216e-02,4.576523900032043457e-01,4.658840969204902649e-02,-5.887020379304885864e-03,7.123610377311706543e-02,1.615518480539321899e-01,1.352858990430831909e-01,5.476818084716796875e-01,1.679285913705825806e-01,-9.755829721689224243e-02,6.592080742120742798e-02,6.119269132614135742e-01,6.287189722061157227e-01,5.454771220684051514e-02,-9.644465520977973938e-03,-7.765269279479980469e-02,-9.124130010604858398e-02,-6.239880621433258057e-02,-4.407553747296333313e-02,-2.007684111595153809e-01,6.672856211662292480e-02,1.248705238103866577e-01,-2.531304769217967987e-02
8.820053189992904663e-02,-1.369893550872802734e-01,4.816135764122009277e-02,9.983151406049728394e-02,-5.000999197363853455e-02,5.467042699456214905e-02,-4.873348399996757507e-02,4.273458421230316162e-01,1.076755151152610779e-01,7.770557701587677002e-02,2.547565400600433350e-01,3.348047435283660889e-01,3.061960339546203613e-01,4.714547395706176758e-01,1.000000000000000000e+00,4.365955889225006104e-01,1.012241467833518982e-02,1.409729272127151489e-01,-6.452871114015579224e-02,1.035600602626800537e-01,1.643563061952590942e-01,-3.051540814340114594e-02,8.235018700361251831e-02,1.070054247975349426e-01,2.418883144855499268e-01,-3.311804262921214104e-03,2.249061614274978638e-01,1.531569063663482666e-01,4.495840892195701599e-02,2.518920600414276123e-01,2.121105194091796875e-01,4.953197389841079712e-02,3.065780401229858398e-01,1.101477295160293579e-01,-8.296450972557067871e-02,-4.791316390037536621e-02,2.316332757472991943e-01,5.027000308036804199e-01,-1.132111027836799622e-01,-1.654675900936126709e-01,-7.808510959148406982e-02,-1.579747647047042847e-01,-2.238824367523193359e-01,5.644567776471376419e-03,-1.092456355690956116e-01,5.756574682891368866e-03,1.229729130864143372e-01,1.173212230205535889e-01
3.514603525400161743e-02,7.529798150062561035e-02,1.235687434673309326e-01,1.865767538547515869e-01,8.235041052103042603e-02,4.539562016725540161e-02,1.276720762252807617e-01,1.957633346319198608e-01,1.847824305295944214e-01,9.674634784460067749e-02,3.824264975264668465e-03,1.094857752323150635e-01,5.586913228034973145e-01,1.069769412279129028e-01,4.365955889225006104e-01,1.000000000000000000e+00,1.059503629803657532e-01,3.668868839740753174e-01,2.605532407760620117e-01,3.070715963840484619e-01,2.748141763731837273e-03,1.154552176594734192e-01,1.617690771818161011e-01,5.206798017024993896e-02,4.830851685255765915e-03,2.351766824722290039e-01,-7.235790044069290161e-02,8.908666670322418213e-02,1.307936757802963257e-01,9.756699949502944946e-02,1.731840819120407104e-01,2.025451064109802246e-01,7.735263556241989136e-02,1.889781355857849121e-01,1.064906194806098938e-01,1.129492968320846558e-01,1.677655875682830811e-01,3.492916524410247803e-01,2.302208691835403442e-01,-8.448444306850433350e-02,1.668139696121215820e-01,1.754803806543350220e-01,1.781433522701263428e-01,5.363895092159509659e-03,5.372601002454757690e-02,2.504490017890930176e-01,1.861857473850250244e-01,-4.322019219398498535e-02
2.599458396434783936e-02,6.133864820003509521e-02,2.647271156311035156e-01,8.971506357192993164e-02,-2.138006873428821564e-02,9.562762081623077393e-02,8.551973104476928711e-01,2.743317186832427979e-01,4.519177377223968506e-01,5.033961534500122070e-01,2.726290524005889893e-01,1.093223318457603455e-01,1.916912645101547241e-01,1.562616825103759766e-01,1.012241467833518982e-02,1.059503629803657532e-01,1.000000000000000000e+00,6.101576685905456543e-01,5.163149833679199219e-01,2.355070263147354126e-01,-1.895187608897686005e-02,1.436972618103027344e-01,2.960805594921112061e-01,-2.955544739961624146e-02,1.393164508044719696e-02,6.704797148704528809e-01,1.466037184000015259e-01,-3.822197020053863525e-02,-4.140109196305274963e-02,-2.774440124630928040e-02,3.049681782722473145e-01,4.983639121055603027e-01,-5.580646172165870667e-02,2.389829605817794800e-01,-3.636765480041503906e-02,3.733349591493606567e-02,1.799084991216659546e-01,2.300812155008316040e-01,2.119091302156448364e-01,2.091231346130371094e-01,-2.124417945742607117e-02,5.519615411758422852e-01,3.266088664531707764e-01,1.488007456064224243e-01,8.944112062454223633e-02,3.863594532012939453e-01,2.851050496101379395e-01,3.869017586112022400e-02
1.100697964429855347e-01,1.358142942190170288e-01,3.047146201133728027e-01,2.096400409936904907e-01,1.159431785345077515e-01,1.692301779985427856e-01,5.942684412002563477e-01,2.940143346786499023e-01,3.859874308109283447e-01,2.676833570003509521e-01,1.970179826021194458e-01,4.831797257065773010e-02,3.396424353122711182e-01,2.322772294282913208e-01,1.409729272127151489e-01,3.668868839740753174e-01,6.101576685905456543e-01,1.000000000000000000e+00,6.623327136039733887e-01,4.199349880218505859e-01,4.873960465192794800e-02,2.091221213340759277e-01,2.475668787956237793e-01,7.439851760864257812e-02,-2.181169204413890839e-02,5.527821183204650879e-01,9.410631656646728516e-02,1.006762161850929260e-01,1.602219343185424805e-01,4.341860860586166382e-02,4.122301638126373291e-01,4.309240579605102539e-01,6.446275860071182251e-02,2.840640246868133545e-01,6.765551120042800903e-02,1.311772018671035767e-01,2.911409139633178711e-01,2.899786829948425293e-01,1.403032243251800537e-01,2.612958662211894989e-02,1.289848089218139648e-01,3.905946612358093262e-01,4.198603928089141846e-01,1.276394873857498169e-01,1.063300576061010361e-02,4.048025012016296387e-01,3.032523393630981445e-01,-6.367329508066177368e-02
1.555526405572891235e-01,3.174268603324890137e-01,4.017192423343658447e-01,3.231402039527893066e-01,2.058282047510147095e-01,1.566529124975204468e-01,5.369093418121337891e-01,8.854027092456817627e-02,2.366671264171600342e-01,2.493573725223541260e-01,4.595007747411727905e-02,-4.369757324457168579e-02,3.493449985980987549e-01,5.235517397522926331e-02,-6.452871114015579224e-02,2.605532407760620117e-01,5.163149833679199219e-01,6.623327136039733887e-01,1.000000000000000000e+00,5.732478499412536621e-01,1.444388031959533691e-01,1.981926411390304565e-01,-5.285086482763290405e-02,1.026469320058822632e-01,-1.634234338998794556e-01,5.745049118995666504e-01,-1.405738759785890579e-02,1.611506789922714233e-01,2.292885631322860718e-01,2.745721116662025452e-02,2.730668485164642334e-01,2.657049596309661865e-01,1.805906370282173157e-02,1.322059631347656250e-01,3.536130115389823914e-02,1.173585057258605957e-01,2.251148968935012817e-01,8.125498890876770020e-02,-3.094101697206497192e-02,-4.203156381845474243e-02,2.570386230945587158e-01,4.355767071247100830e-01,5.852528214454650879e-01,1.712779253721237183e-01,1.419852674007415771e-01,4.142621755599975586e-01,1.795575469732284546e-01,-1.850443482398986816e-01
2.642979621887207031e-01,2.208777368068695068e-01,4.406513869762420654e-01,4.005315601825714111e-01,3.123709857463836670e-01,3.517145216464996338e-01,2.903272509574890137e-01,2.081904709339141846e-01,2.301218062639236450e-01,3.251023888587951660e-01,1.321886479854583740e-01,2.154169380664825439e-01,5.283055305480957031e-01,9.236514568328857422e-02,1.035600602626800537e-01,3.070715963840484619e-01,2.355070263147354126e-01,4.199349880218505859e-01,5.732478499412536621e-01,1.000000000000000000e+00,5.564136505126953125e-01,2.696263790130615234e-01,-1.585676893591880798e-02,9.204320609569549561e-02,-1.207490116357803345e-01,3.538415431976318359e-01,-5.087145045399665833e-02,2.289258390665054321e-01,2.121187746524810791e-01,1.190339028835296631e-01,2.155850827693939209e-01,6.977084279060363770e-02,1.755695194005966187e-01,1.192248389124870300e-01,1.569040119647979736e-02,6.056028977036476135e-02,1.594352275133132935e-01,1.668443828821182251e-01,7.592993788421154022e-03,-1.596755720674991608e-02,3.461821377277374268e-01,2.540183663368225098e-01,3.875742554664611816e-01,5.000359937548637390e-02,9.310287982225418091e-02,3.826566040515899658e-01,7.543423026800155640e-02,-8.044570684432983398e-02
2.974068224430084229e-01,1.212139427661895752e-02,4.457619190216064453e-01,4.052438437938690186e-01,2.006560564041137695e-01,3.716259598731994629e-01,-8.881153189577162266e-04,2.812489569187164307e-01,1.712033152580261230e-01,2.860554456710815430e-01,4.028777778148651123e-01,5.031164884567260742e-01,2.619960904121398926e-01,1.623701304197311401e-03,1.643563061952590942e-01,2.748141763731837273e-03,-1.895187608897686005e-02,4.873960465192794800e-02,1.444388031959533691e-01,5.564136505126953125e-01,1.000000000000000000e+00,3.815777003765106201e-01,-1.928278245031833649e-02,-5.155688617378473282e-03,7.312825322151184082e-02,6.875881552696228027e-02,-6.427104817703366280e-04,3.221549093723297119e-01,1.265001744031906128e-01,2.526377439498901367e-01,2.583580315113067627e-01,-1.319051086902618408e-01,1.520914286375045776e-01,1.208699196577072144e-01,4.764015972614288330e-02,-9.436190128326416016e-02,2.961897663772106171e-02,-9.405739605426788330e-02,-1.442373394966125488e-01,-2.785054035484790802e-02,1.232641711831092834e-01,1.037504803389310837e-02,4.316330328583717346e-02,-2.289459109306335449e-02,5.609526857733726501e-02,5.499223992228507996e-02,-1.058653444051742554e-01,8.159005641937255859e-02
1.841711848974227905e-01,7.760687265545129776e-03,4.592207074165344238e-01,4.979923665523529053e-01,1.935875266790390015e-01,2.656639516353607178e-01,2.051316052675247192e-01,2.942086756229400635e-02,1.048966720700263977e-01,1.842651665210723877e-01,1.796416044235229492e-01,1.747063100337982178e-01,8.664560317993164062e-02,-1.785918921232223511e-01,-3.051540814340114594e-02,1.154552176594734192e-01,1.436972618103027344e-01,2.091221213340759277e-01,1.981926411390304565e-01,2.696263790130615234e-01,3.815777003765106201e-01,1.000000000000000000e+00,2.224028706550598145e-01,1.539435237646102905e-01,1.135604828596115112e-01,5.455033108592033386e-02,-6.073211506009101868e-02,2.593366205692291260e-01,1.267307847738265991e-01,1.833208799362182617e-01,4.484854638576507568e-01,1.648894697427749634e-01,-1.209304407238960266e-01,-4.251880105584859848e-03,6.540596485137939453e-02,1.043573915958404541e-01,1.492150314152240753e-02,-5.298194661736488342e-02,2.559785544872283936e-01,2.058535069227218628e-01,-1.380667462944984436e-02,1.129157990217208862e-01,3.088818863034248352e-02,-4.558553546667098999e-02,1.562756448984146118e-01,3.939067479223012924e-03,1.192338541150093079e-01,1.199576854705810547e-01
-2.153052985668182373e-01,-1.890643499791622162e-02,-7.595854997634887695e-02,-1.805176585912704468e-01,-8.390881121158599854e-02,-1.724001020193099976e-02,2.959988415241241455e-01,1.233893856406211853e-01,1.492751985788345337e-01,1.932366192340850830e-01,4.653155338019132614e-03,-6.932429224252700806e-02,1.204812526702880859e-01,3.347026184201240540e-02,8.235018700361251831e-02,1.617690771818161011e-01,2.960805594921112061e-01,2.475668787956237793e-01,-5.285086482763290405e-02,-1.585676893591880798e-02,-1.928278245031833649e-02,2.224028706550598145e-01,1.000000000000000000e+00,2.316591292619705200e-01,-1.927984505891799927e-01,1.846532672643661499e-01,-8.373542129993438721e-02,-2.107715308666229248e-01,-4.879368469119071960e-02,-1.671898961067199707e-01,5.581717938184738159e-02,5.596597790718078613e-01,-1.734287589788436890e-01,1.683010160923004150e-02,-4.781708121299743652e-02,3.212168216705322266e-01,-2.348898909986019135e-02,2.227995097637176514e-01,5.658907294273376465e-01,6.256619095802307129e-01,-3.149145469069480896e-02,2.002970725297927856e-01,3.566549858078360558e-04,-1.910686306655406952e-02,8.390716463327407837e-02,1.219993680715560913e-01,4.541185200214385986e-01,2.778215110301971436e-01
-1.379069685935974121e-01,2.431942671537399292e-01,-2.297151833772659302e-03,3.209216520190238953e-02,9.369952976703643799e-02,2.460290864109992981e-02,-4.266815632581710815e-02,6.833068281412124634e-02,-9.290391951799392700e-02,-1.007543280720710754e-01,-1.310094594955444336e-01,-1.536734253168106079e-01,8.677063137292861938e-02,7.514252513647079468e-02,1.070054247975349426e-01,5.206798017024993896e-02,-2.955544739961624146e-02,7.439851760864257812e-02,1.026469320058822632e-01,9.204320609569549561e-02,-5.155688617378473282e-03,1.539435237646102905e-01,2.316591292619705200e-01,1.000000000000000000e+00,-1.200589090585708618e-01,-2.142023760825395584e-03,-1.492836326360702515e-01,9.659635275602340698e-02,3.411728143692016602e-01,1.773738563060760498e-01,2.955320179462432861e-01,3.876388072967529297e-01,-2.306431345641613007e-02,-1.189641728997230530e-01,-4.099590331315994263e-02,6.159253120422363281e-01,1.255782693624496460e-01,1.482827812433242798e-01,2.347107380628585815e-01,3.865145444869995117e-01,2.605035901069641113e-01,1.382404416799545288e-01,1.780795156955718994e-01,-4.251228272914886475e-02,2.779587507247924805e-01,1.311357319355010986e-01,6.666009426116943359e-01,3.298405110836029053e-01
4.756188094615936279e-01,-1.569135934114456177e-01,2.015174180269241333e-01,2.724172174930572510e-01,3.218618035316467285e-01,3.369898498058319092e-01,-7.399664074182510376e-02,4.480028152465820312e-01,2.336771339178085327e-01,2.263677679002285004e-02,5.059291124343872070e-01,5.757318735122680664e-01,-8.816366642713546753e-02,2.597303092479705811e-01,2.418883144855499268e-01,4.830851685255765915e-03,1.393164508044719696e-02,-2.181169204413890839e-02,-1.634234338998794556e-01,-1.207490116357803345e-01,7.312825322151184082e-02,1.135604828596115112e-01,-1.927984505891799927e-01,-1.200589090585708618e-01,1.000000000000000000e+00,-1.281656473875045776e-01,2.169299423694610596e-01,5.304381251335144043e-01,1.045635342597961426e-01,4.319927096366882324e-01,2.598255276679992676e-01,-2.027312964200973511e-01,4.806267321109771729e-01,2.276847958564758301e-01,8.027611672878265381e-02,-1.360139846801757812e-01,2.572497427463531494e-01,1.172844246029853821e-01,-5.138147994875907898e-02,-2.049118578433990479e-01,-9.456780552864074707e-02,-1.581090390682220459e-01,-2.185305505990982056e-01,-1.520877480506896973e-01,-1.941420435905456543e-01,-1.183860301971435547e-01,-2.048873305320739746e-01,-4.400481469929218292e-03
4.208768904209136963e-02,2.651204764842987061e-01,3.350979685783386230e-01,1.362280547618865967e-01,-6.856420543044805527e-03,6.654269248247146606e-02,7.307437658309936523e-01,1.990525722503662109e-01,3.785678446292877197e-01,4.124211966991424561e-01,1.182232350111007690e-01,5.889752134680747986e-02,3.426043093204498291e-01,4.092258960008621216e-02,-3.311804262921214104e-03,2.351766824722290039e-01,6.704797148704528809e-01,5.527821183204650879e-01,5.745049118995666504e-01,3.538415431976318359e-01,6.875881552696228027e-02,5.455033108592033386e-02,1.846532672643661499e-01,-2.142023760825395584e-03,-1.281656473875045776e-01,1.000000000000000000e+00,4.547609016299247742e-02,3.954643756151199341e-02,1.945398449897766113e-01,2.763153985142707825e-02,2.458643615245819092e-01,4.013604223728179932e-01,-7.039357721805572510e-02,2.461626082658767700e-01,1.007625162601470947e-01,6.675226241350173950e-02,1.670825928449630737e-01,1.103031113743782043e-01,9.898348152637481689e-02,4.432381689548492432e-02,2.225760966539382935e-01,6.583463549613952637e-01,5.149122476577758789e-01,3.070373237133026123e-01,1.707042753696441650e-01,4.758222699165344238e-01,2.672557532787322998e-01,-7.618545740842819214e-02
-2.238465659320354462e-02,5.915203131735324860e-03,-6.523568928241729736e-02,-7.585907727479934692e-02,-3.372042253613471985e-02,4.767398163676261902e-02,1.068108677864074707e-01,2.683500647544860840e-01,2.135258615016937256e-01,1.334878504276275635e-01,2.852406501770019531e-01,2.444364726543426514e-01,-1.873443648219108582e-02,4.576523900032043457e-01,2.249061614274978638e-01,-7.235790044069290161e-02,1.466037184000015259e-01,9.410631656646728516e-02,-1.405738759785890579e-02,-5.087145045399665833e-02,-6.427104817703366280e-04,-6.073211506009101868e-02,-8.373542129993438721e-02,-1.492836326360702515e-01,2.169299423694610596e-01,4.547609016299247742e-02,1.000000000000000000e+00,-4.087591171264648438e-02,-6.616242974996566772e-02,1.198443621397018433e-01,1.926917582750320435e-01,-1.435440406203269958e-02,4.474088847637176514e-01,1.578162610530853271e-01,9.645562618970870972e-02,-5.308490619063377380e-02,2.680148482322692871e-01,2.959859669208526611e-01,-1.882853684946894646e-03,-2.043094858527183533e-02,-2.218923866748809814e-01,-9.930119663476943970e-02,-1.161978691816329956e-01,1.832702010869979858e-01,-6.809575855731964111e-02,-5.117975547909736633e-02,-1.131694316864013672e-01,-1.083720624446868896e-01
6.193967461585998535e-01,8.935423940420150757e-02,5.724638104438781738e-01,6.296613216400146484e-01,4.562444388866424561e-01,4.983541369438171387e-01,-4.078235477209091187e-02,3.977026343345642090e-01,2.184049338102340698e-01,1.007590536028146744e-02,3.889178037643432617e-01,4.166550338268280029e-01,9.687417745590209961e-02,4.658840969204902649e-02,1.531569063663482666e-01,8.908666670322418213e-02,-3.822197020053863525e-02,1.006762161850929260e-01,1.611506789922714233e-01,2.289258390665054321e-01,3.221549093723297119e-01,2.593366205692291260e-01,-2.107715308666229248e-01,9.659635275602340698e-02,5.304381251335144043e-01,3.954643756151199341e-02,-4.087591171264648438e-02,1.000000000000000000e+00,5.836439728736877441e-01,6.487517356872558594e-01,3.509246110916137695e-01,-2.160195112228393555e-01,3.252540826797485352e-01,1.631840616464614868e-01,9.578940272331237793e-02,3.016209974884986877e-02,2.360874861478805542e-01,-3.759426251053810120e-02,-1.545176208019256592e-01,-2.317275106906890869e-01,2.808411419391632080e-01,-3.534806519746780396e-02,7.589892297983169556e-02,-9.436803869903087616e-03,-1.319951713085174561e-01,4.174050316214561462e-02,-1.312915980815887451e-01,-6.903129070997238159e-02
2.613686621189117432e-01,4.290455877780914307e-01,2.999894022941589355e-01,3.392445445060729980e-01,2.791556715965270996e-01,2.656410038471221924e-01,5.698871798813343048e-03,2.018625885248184204e-01,1.217906400561332703e-01,1.710354350507259369e-02,6.312810815870761871e-03,5.697754397988319397e-02,1.863572746515274048e-01,-5.887020379304885864e-03,4.495840892195701599e-02,1.307936757802963257e-01,-4.140109196305274963e-02,1.602219343185424805e-01,2.292885631322860718e-01,2.121187746524810791e-01,1.265001744031906128e-01,1.267307847738265991e-01,-4.879368469119071960e-02,3.411728143692016602e-01,1.045635342597961426e-01,1.945398449897766113e-01,-6.616242974996566772e-02,5.836439728736877441e-01,1.000000000000000000e+00,5.303288698196411133e-01,2.944509983062744141e-01,2.854724787175655365e-02,1.731463074684143066e-01,3.476684167981147766e-02,1.715052276849746704e-01,2.677662372589111328e-01,2.742237150669097900e-01,7.463862653821706772e-03,2.772207604721188545e-03,-5.918179079890251160e-02,5.122337937355041504e-01,2.089864313602447510e-01,3.097089231014251709e-01,1.930620372295379639e-01,1.514259725809097290e-01,2.418678253889083862e-01,1.407590359449386597e-01,4.509761463850736618e-03
2.825400233268737793e-01,4.547979682683944702e-02,3.188452720642089844e-01,4.080507457256317139e-01,2.659035325050354004e-01,3.150477409362792969e-01,-6.906868517398834229e-02,3.736590743064880371e-01,1.748595386743545532e-01,8.075792342424392700e-03,3.280424773693084717e-01,3.742171525955200195e-01,1.251386106014251709e-01,7.123610377311706543e-02,2.518920600414276123e-01,9.756699949502944946e-02,-2.774440124630928040e-02,4.341860860586166382e-02,2.745721116662025452e-02,1.190339028835296631e-01,2.526377439498901367e-01,1.833208799362182617e-01,-1.671898961067199707e-01,1.773738563060760498e-01,4.319927096366882324e-01,2.763153985142707825e-02,1.198443621397018433e-01,6.487517356872558594e-01,5.303288698196411133e-01,1.000000000000000000e+00,5.796162486076354980e-01,-1.047864332795143127e-01,3.854705393314361572e-01,2.246628701686859131e-01,9.477857500314712524e-02,1.291908919811248779e-01,1.946469992399215698e-01,9.833419322967529297e-02,-9.750515967607498169e-02,-1.887500882148742676e-01,2.143336683511734009e-01,4.336741939187049866e-02,8.519013971090316772e-02,-9.450951963663101196e-02,-6.619063019752502441e-02,1.001976579427719116e-01,3.299248171970248222e-03,-9.098285809159278870e-03
8.948524296283721924e-02,4.469638690352439880e-02,3.131805956363677979e-01,3.204409778118133545e-01,1.211614087224006653e-01,2.523947656154632568e-01,2.756328284740447998e-01,3.609028160572052002e-01,3.197212815284729004e-01,2.051394134759902954e-01,3.606391549110412598e-01,2.743523418903350830e-01,2.159588783979415894e-01,1.615518480539321899e-01,2.121105194091796875e-01,1.731840819120407104e-01,3.049681782722473145e-01,4.122301638126373291e-01,2.730668485164642334e-01,2.155850827693939209e-01,2.583580315113067627e-01,4.484854638576507568e-01,5.581717938184738159e-02,2.955320179462432861e-01,2.598255276679992676e-01,2.458643615245819092e-01,1.926917582750320435e-01,3.509246110916137695e-01,2.944509983062744141e-01,5.796162486076354980e-01,1.000000000000000000e+00,3.253204226493835449e-01,1.921913027763366699e-01,2.457843720912933350e-01,1.129157617688179016e-01,2.450253218412399292e-01,2.558701336383819580e-01,2.547182142734527588e-01,1.321338415145874023e-01,1.644417643547058105e-02,1.180434897541999817e-01,2.739565372467041016e-01,2.332266271114349365e-01,-6.903595477342605591e-02,4.219507053494453430e-02,2.416498959064483643e-01,3.575393557548522949e-01,7.921653240919113159e-02
-2.302475720643997192e-01,8.675888925790786743e-02,-8.792223036289215088e-02,-1.789584159851074219e-01,-1.358887255191802979e-01,-9.562636911869049072e-02,4.726269245147705078e-01,1.229586675763130188e-01,1.719018965959548950e-01,1.888663321733474731e-01,-2.470708452165126801e-02,-1.253691762685775757e-01,1.716279685497283936e-01,1.352858990430831909e-01,4.953197389841079712e-02,2.025451064109802246e-01,4.983639121055603027e-01,4.309240579605102539e-01,2.657049596309661865e-01,6.977084279060363770e-02,-1.319051086902618408e-01,1.648894697427749634e-01,5.596597790718078613e-01,3.876388072967529297e-01,-2.027312964200973511e-01,4.013604223728179932e-01,-1.435440406203269958e-02,-2.160195112228393555e-01,2.854724787175655365e-02,-1.047864332795143127e-01,3.253204226493835449e-01,1.000000000000000000e+00,-1.199053078889846802e-01,1.042380258440971375e-01,-2.082284167408943176e-02,4.336048960685729980e-01,1.201544702053070068e-01,2.849290072917938232e-01,4.143232107162475586e-01,4.190694391727447510e-01,6.816628575325012207e-02,4.179395139217376709e-01,3.321174979209899902e-01,1.695618405938148499e-02,1.034645065665245056e-01,3.074309229850769043e-01,6.958627104759216309e-01,1.915973275899887085e-01
3.368239104747772217e-01,4.148664698004722595e-02,3.988809138536453247e-02,9.025809168815612793e-02,4.306475818157196045e-01,3.575282394886016846e-01,-1.210507974028587341e-01,4.985732138156890869e-01,1.461339443922042847e-01,-6.088962778449058533e-02,3.153307437896728516e-01,3.956084847450256348e-01,6.904051452875137329e-02,5.476818084716796875e-01,3.065780401229858398e-01,7.735263556241989136e-02,-5.580646172165870667e-02,6.446275860071182251e-02,1.805906370282173157e-02,1.755695194005966187e-01,1.520914286375045776e-01,-1.209304407238960266e-01,-1.734287589788436890e-01,-2.306431345641613007e-02,4.806267321109771729e-01,-7.039357721805572510e-02,4.474088847637176514e-01,3.252540826797485352e-01,1.731463074684143066e-01,3.854705393314361572e-01,1.921913027763366699e-01,-1.199053078889846802e-01,1.000000000000000000e+00,2.827757298946380615e-01,1.363011598587036133e-01,7.597608119249343872e-02,4.230488836765289307e-01,3.631065785884857178e-01,-1.808694005012512207e-02,-9.838689863681793213e-02,1.467663347721099854e-01,-1.149865239858627319e-01,3.261954989284276962e-03,-1.724769175052642822e-01,-1.526575088500976562e-01,7.698153704404830933e-02,-1.252005249261856079e-01,-1.026746779680252075e-01
