1.000000000000000000e+00,1.337480545043945312e-01,3.337802588939666748e-01,2.626974582672119141e-01,5.153371691703796387e-01,3.264708817005157471e-01,8.786747604608535767e-02,1.279772371053695679e-01,3.608888089656829834e-01,3.871860802173614502e-01,4.318946003913879395e-01,4.829665720462799072e-01,9.510932862758636475e-02,1.140513047575950623e-01,2.723444402217864990e-01,-1.367092728614807129e-01,2.485261484980583191e-02,-1.492487043142318726e-01,-5.780518800020217896e-02,-1.297018527984619141e-01,8.079271763563156128e-02,-5.032732710242271423e-02,-1.414900422096252441e-01,6.918630748987197876e-02,5.654045343399047852e-01,1.619523018598556519e-02,5.862299203872680664e-01,7.827026247978210449e-01,2.709026336669921875e-01,2.059928774833679199e-01,4.136984050273895264e-02,1.625924743711948395e-02,8.568555861711502075e-02,1.263112947344779968e-02,-2.705075591802597046e-02,-4.711018875241279602e-02,7.318165898323059082e-02,-6.189243867993354797e-02,-2.192166000604629517e-01,-1.903899908065795898e-01,2.798052132129669189e-01,8.052379637956619263e-02,7.096102088689804077e-02,4.116480052471160889e-02,-5.848072096705436707e-02,-2.459525130689144135e-02,-5.326396320015192032e-03,1.233482137322425842e-01
1.337480545043945312e-01,1.000000000000000000e+00,1.201665848493576050e-01,-1.259530633687973022e-01,3.581638336181640625e-01,3.832531273365020752e-01,1.608808040618896484e-01,3.718377351760864258e-01,3.068295419216156006e-01,8.933664113283157349e-02,1.625263988971710205e-01,1.789643801748752594e-02,1.872243136167526245e-01,3.857432305812835693e-01,1.679768227040767670e-02,-3.679431974887847900e-01,8.902437984943389893e-02,1.833409667015075684e-01,4.659692645072937012e-01,4.203926920890808105e-01,4.685975313186645508e-01,-1.290544420480728149e-01,-8.950509876012802124e-02,5.137635469436645508e-01,2.463646419346332550e-02,3.384044170379638672e-01,1.124387457966804504e-01,3.238910436630249023e-01,5.925577878952026367e-01,2.171626091003417969e-01,5.302941799163818359e-02,4.403062760829925537e-01,3.649416267871856689e-01,2.673646509647369385e-01,-9.496626444160938263e-03,3.508570790290832520e-01,3.232538402080535889e-01,-2.328166514635086060e-01,-2.460321635007858276e-01,3.722193464636802673e-02,5.923921465873718262e-01,5.632408261299133301e-01,4.373093545436859131e-01,6.022435426712036133e-01,4.269141852855682373e-01,2.575380206108093262e-01,3.482774496078491211e-01,2.271893471479415894e-01
3.337802588939666748e-01,1.201665848493576050e-01,1.000000000000000000e+00,5.640453696250915527e-01,3.114127218723297119e-01,2.465607970952987671e-01,5.089723467826843262e-01,2.990840971469879150e-01,4.072800576686859131e-01,3.421620428562164307e-01,4.354223310947418213e-01,3.352599442005157471e-01,8.838672190904617310e-02,2.368394732475280762e-01,2.113537788391113281e-01,6.496346741914749146e-02,4.720441401004791260e-01,3.487019240856170654e-01,1.098614335060119629e-01,1.801643967628479004e-01,3.074577748775482178e-01,4.000685811042785645e-01,5.357763916254043579e-02,1.057543605566024780e-01,1.028099842369556427e-02,3.305844962596893311e-01,-5.682154092937707901e-03,3.074506819248199463e-01,2.873865067958831787e-01,2.350371032953262329e-01,2.940411865711212158e-01,9.506846219301223755e-02,1.442732382565736771e-02,1.079770401120185852e-01,4.040942713618278503e-02,2.654146775603294373e-02,1.358372122049331665e-01,1.707091927528381348e-02,1.370467841625213623e-01,-1.078589074313640594e-02,3.382858335971832275e-01,3.531029820442199707e-02,2.503280341625213623e-02,-3.557384479790925980e-03,1.202785372734069824e-01,1.390733569860458374e-01,1.576416492462158203e-01,2.964141312986612320e-03
2.626974582672119141e-01,-1.259530633687973022e-01,5.640453696250915527e-01,1.000000000000000000e+00,1.186396405100822449e-01,3.597549200057983398e-01,3.809587359428405762e-01,-1.449222862720489502e-01,5.723997205495834351e-02,1.359627842903137207e-01,1.796269714832305908e-01,2.126057446002960205e-01,1.847034692764282227e-01,-8.734176307916641235e-02,2.325028777122497559e-01,4.595788121223449707e-01,2.365762591361999512e-01,1.178926900029182434e-01,-1.840828061103820801e-01,-3.681683540344238281e-02,-4.658627789467573166e-03,5.842435956001281738e-01,3.385136276483535767e-02,-1.608747839927673340e-01,-5.448649823665618896e-02,-8.572714030742645264e-02,-7.749764714390039444e-03,9.390673786401748657e-02,-1.737657040357589722e-01,7.569085806608200073e-02,2.596422135829925537e-01,-2.118141800165176392e-01,-2.248256355524063110e-01,5.773513764142990112e-02,2.623013556003570557e-01,-1.380455493927001953e-01,9.016833454370498657e-02,3.045063316822052002e-01,2.827168703079223633e-01,-1.052850559353828430e-01,8.622054010629653931e-02,-2.427767813205718994e-01,-2.448320388793945312e-01,-2.420118898153305054e-01,-1.301366463303565979e-02,-2.272243052721023560e-02,6.407395703718066216e-04,-9.607928246259689331e-02
5.153371691703796387e-01,3.581638336181640625e-01,3.114127218723297119e-01,1.186396405100822449e-01,1.000000000000000000e+00,4.739305377006530762e-01,2.662065438926219940e-02,3.739724457263946533e-01,3.709886074066162109e-01,2.602978050708770752e-01,4.830932319164276123e-01,4.062079787254333496e-01,2.441645860671997070e-01,4.134812355041503906e-01,2.050766646862030029e-01,-2.779903709888458252e-01,-2.346599660813808441e-02,-1.200283877551555634e-02,1.507810056209564209e-01,1.933916211128234863e-01,4.031852185726165771e-01,-2.052213847637176514e-01,-1.119592860341072083e-01,2.661678791046142578e-01,2.368700057268142700e-01,1.347311437129974365e-01,2.400480657815933228e-01,5.072592496871948242e-01,2.824564278125762939e-01,7.667282968759536743e-02,-1.507966816425323486e-01,2.227527052164077759e-01,4.467963576316833496e-01,7.719936221837997437e-02,-1.584532558917999268e-01,1.909681856632232666e-01,2.297436445951461792e-01,-2.308739721775054932e-01,-3.075914680957794189e-01,3.873762488365173340e-02,5.907253026962280273e-01,2.532856762409210205e-01,1.908538043498992920e-01,2.183752655982971191e-01,-2.092022076249122620e-02,1.759479194879531860e-02,5.603469163179397583e-02,1.653554737567901611e-01
3.264708817005157471e-01,3.832531273365020752e-01,2.465607970952987671e-01,3.597549200057983398e-01,4.739305377006530762e-01,1.000000000000000000e+00,3.955297172069549561e-01,8.688729256391525269e-02,1.654369682073593140e-01,3.207422047853469849e-02,9.595788270235061646e-02,6.687418092042207718e-03,3.158452212810516357e-01,2.343225926160812378e-01,3.202201128005981445e-01,4.773443937301635742e-02,1.695840656757354736e-01,3.352096974849700928e-01,3.206392824649810791e-01,3.866101503372192383e-01,2.957139015197753906e-01,3.031499125063419342e-02,1.765824854373931885e-01,1.960977017879486084e-01,1.145401373505592346e-01,7.280074805021286011e-02,1.460061520338058472e-01,2.886483669281005859e-01,1.639953404664993286e-01,-8.983957767486572266e-02,-2.364132553339004517e-02,8.699115365743637085e-02,4.660129174590110779e-02,1.005951091647148132e-01,-4.987092223018407822e-03,1.298520416021347046e-01,2.414423674345016479e-01,5.387729778885841370e-02,-8.129551261663436890e-02,4.060442373156547546e-02,5.242003202438354492e-01,1.816375702619552612e-01,1.272936761379241943e-01,1.205496788024902344e-01,-9.568842127919197083e-03,1.929800212383270264e-02,1.103955954313278198e-01,8.059353381395339966e-02
8.786747604608535767e-02,1.608808040618896484e-01,5.089723467826843262e-01,3.809587359428405762e-01,2.662065438926219940e-02,3.955297172069549561e-01,1.000000000000000000e+00,9.425295889377593994e-02,2.901602983474731445e-01,2.941700518131256104e-01,4.614201933145523071e-02,-3.188274800777435303e-02,2.486018538475036621e-01,2.371352314949035645e-01,2.065390050411224365e-01,2.019173353910446167e-01,8.167949914932250977e-01,7.027848362922668457e-01,4.295507967472076416e-01,5.294325947761535645e-01,3.135272264480590820e-01,2.972106337547302246e-01,2.998137474060058594e-01,1.921940445899963379e-01,-1.240219324827194214e-01,4.906823933124542236e-01,-1.232439801096916199e-01,5.472174659371376038e-02,2.541503310203552246e-01,1.462982445955276489e-01,2.375061511993408203e-01,1.676089018583297729e-01,-1.817551255226135254e-01,1.989709287881851196e-01,-5.953263118863105774e-02,9.164797514677047729e-02,1.823794841766357422e-01,1.203501895070075989e-01,1.589777767658233643e-01,5.415536835789680481e-02,1.571766883134841919e-01,2.061569392681121826e-01,2.931067347526550293e-01,1.802350431680679321e-01,2.368065267801284790e-01,3.265027105808258057e-01,1.574379503726959229e-01,3.895534947514533997e-02
1.279772371053695679e-01,3.718377351760864258e-01,2.990840971469879150e-01,-1.449222862720489502e-01,3.739724457263946533e-01,8.688729256391525269e-02,9.425295889377593994e-02,1.000000000000000000e+00,5.378050804138183594e-01,3.460119664669036865e-01,5.718494653701782227e-01,3.983734250068664551e-01,9.303073585033416748e-02,6.940168738365173340e-01,1.331763863563537598e-01,-3.711245954036712646e-01,2.231849581003189087e-01,1.084186360239982605e-01,2.328628152608871460e-01,1.551966220140457153e-01,4.730150997638702393e-01,-2.242371812462806702e-02,-1.657100766897201538e-01,3.715495467185974121e-01,1.311505734920501709e-01,3.829371929168701172e-01,3.173386678099632263e-02,2.813545763492584229e-01,4.677083194255828857e-01,2.352292090654373169e-01,1.087174788117408752e-01,4.283251464366912842e-01,5.238299369812011719e-01,4.296152591705322266e-01,-1.061741337180137634e-01,3.149161636829376221e-01,4.453556835651397705e-01,-1.650939881801605225e-01,-1.867383420467376709e-01,6.517093628644943237e-02,3.253669440746307373e-01,3.331650495529174805e-01,3.016045987606048584e-01,4.073182344436645508e-01,1.438135653734207153e-01,1.658189147710800171e-01,2.862873673439025879e-01,7.746939361095428467e-02
3.608888089656829834e-01,3.068295419216156006e-01,4.072800576686859131e-01,5.723997205495834351e-02,3.709886074066162109e-01,1.654369682073593140e-01,2.901602983474731445e-01,5.378050804138183594e-01,1.000000000000000000e+00,6.088413000106811523e-01,5.434776544570922852e-01,5.327717065811157227e-01,1.737835854291915894e-01,4.532323181629180908e-01,1.923486888408660889e-01,-1.670488417148590088e-01,3.904016315937042236e-01,1.513350605964660645e-01,1.985080391168594360e-01,1.547980904579162598e-01,3.166827261447906494e-01,7.006277889013290405e-02,3.589316830039024353e-02,2.703295052051544189e-01,1.566597223281860352e-01,3.460881114006042480e-01,2.022307664155960083e-01,4.089716672897338867e-01,3.717694878578186035e-01,3.537116944789886475e-01,2.220889180898666382e-01,2.805576324462890625e-01,2.375974357128143311e-01,2.363129705190658569e-01,-1.878459565341472626e-02,2.485394030809402466e-01,3.318417072296142578e-01,-4.865692183375358582e-02,-7.976794615387916565e-03,8.224613219499588013e-02,2.364788204431533813e-01,3.068466186523437500e-01,3.373448252677917480e-01,3.998731076717376709e-01,1.937583237886428833e-01,3.010265231132507324e-01,1.774590164422988892e-01,2.107989341020584106e-01
3.871860802173614502e-01,8.933664113283157349e-02,3.421620428562164307e-01,1.359627842903137207e-01,2.602978050708770752e-01,3.207422047853469849e-02,2.941700518131256104e-01,3.460119664669036865e-01,6.088413000106811523e-01,1.000000000000000000e+00,5.331870317459106445e-01,5.520117282867431641e-01,2.804186940193176270e-01,2.944205999374389648e-01,2.945359945297241211e-01,-1.750914752483367920e-02,4.340232610702514648e-01,1.004546508193016052e-01,1.125836446881294250e-01,9.218163043260574341e-02,2.473218291997909546e-01,1.633932292461395264e-01,7.576990127563476562e-02,1.292394399642944336e-01,1.892233639955520630e-01,2.724741101264953613e-01,2.533910274505615234e-01,3.812440931797027588e-01,2.304609119892120361e-01,4.184575676918029785e-01,2.965551018714904785e-01,1.267926245927810669e-01,1.187269985675811768e-01,2.271398454904556274e-01,-3.637135727331042290e-03,4.983660578727722168e-02,1.826539933681488037e-01,1.629787534475326538e-01,1.020083203911781311e-01,5.094073712825775146e-02,3.686618432402610779e-02,1.549335420131683350e-01,2.319475859403610229e-01,2.449116706848144531e-01,2.115186899900436401e-01,3.040376305580139160e-01,8.825187385082244873e-02,9.874250739812850952e-02
4.318946003913879395e-01,1.625263988971710205e-01,4.354223310947418213e-01,1.796269714832305908e-01,4.830932319164276123e-01,9.595788270235061646e-02,4.614201933145523071e-02,5.718494653701782227e-01,5.434776544570922852e-01,5.331870317459106445e-01,1.000000000000000000e+00,7.362533807754516602e-01,2.065988630056381226e-01,4.945980906486511230e-01,3.849023580551147461e-01,-8.399146050214767456e-02,1.456425189971923828e-01,-4.707263410091400146e-02,-2.269664965569972992e-02,-1.094375476241111755e-01,2.890175879001617432e-01,1.576015353202819824e-01,-1.600396484136581421e-01,1.714083403348922729e-01,3.398225903511047363e-01,1.505823433399200439e-01,2.771791517734527588e-01,4.632938802242279053e-01,2.547053396701812744e-01,3.541352748870849609e-01,2.372775375843048096e-01,2.100093215703964233e-01,4.706769287586212158e-01,3.626847565174102783e-01,8.819872140884399414e-02,1.172960624098777771e-01,3.462547957897186279e-01,1.078303456306457520e-01,1.979709416627883911e-02,-4.594656825065612793e-02,2.726367413997650146e-01,1.550992578268051147e-01,1.037937998771667480e-01,1.333527714014053345e-01,1.011420562863349915e-01,1.482303589582443237e-01,1.448709815740585327e-01,-5.014832131564617157e-03
4.829665720462799072e-01,1.789643801748752594e-02,3.352599442005157471e-01,2.126057446002960205e-01,4.062079787254333496e-01,6.687418092042207718e-03,-3.188274800777435303e-02,3.983734250068664551e-01,5.327717065811157227e-01,5.520117282867431641e-01,7.362533807754516602e-01,1.000000000000000000e+00,3.528955280780792236e-01,3.517184853553771973e-01,4.368363618850708008e-01,7.934409379959106445e-02,8.340480178594589233e-02,-1.661275923252105713e-01,-1.813143044710159302e-01,-1.973600834608078003e-01,2.303456366062164307e-01,2.361872196197509766e-01,-1.259746104478836060e-01,1.919193938374519348e-02,2.592544257640838623e-01,2.378546074032783508e-02,3.066936135292053223e-01,4.806623756885528564e-01,8.400682359933853149e-02,3.783485889434814453e-01,2.409789860248565674e-01,3.841651231050491333e-02,3.774337768554687500e-01,2.275865823030471802e-01,1.170917749404907227e-01,3.196015954017639160e-02,2.500264942646026611e-01,1.571180820465087891e-01,5.416177585721015930e-02,-1.039940938353538513e-01,3.758743405342102051e-02,3.614141047000885010e-02,9.225624799728393555e-02,1.091523170471191406e-01,7.990742474794387817e-02,1.058251112699508667e-01,-2.069229818880558014e-02,-1.050829887390136719e-02
9.510932862758636475e-02,1.872243136167526245e-01,8.838672190904617310e-02,1.847034692764282227e-01,2.441645860671997070e-01,3.158452212810516357e-01,2.486018538475036621e-01,9.303073585033416748e-02,1.737835854291915894e-01,2.804186940193176270e-01,2.065988630056381226e-01,3.528955280780792236e-01,1.000000000000000000e+00,2.855921089649200439e-01,5.033689141273498535e-01,1.810749769210815430e-01,1.714147329330444336e-01,2.156192511320114136e-01,1.119685843586921692e-01,3.566336929798126221e-01,4.893142282962799072e-01,2.093097120523452759e-01,1.536763012409210205e-01,9.830190241336822510e-02,-9.162395261228084564e-03,1.035618185997009277e-01,3.481541201472282410e-02,9.274215251207351685e-02,-1.003339514136314392e-01,1.567488014698028564e-01,1.855185925960540771e-01,7.201404124498367310e-02,1.766159236431121826e-01,1.572205275297164917e-01,-7.709439843893051147e-02,3.460593894124031067e-02,2.034158557653427124e-01,1.635068207979202271e-01,3.753792494535446167e-02,-2.614801190793514252e-02,6.768897920846939087e-02,1.381745636463165283e-01,1.928918957710266113e-01,1.374889910221099854e-01,2.693203091621398926e-01,1.921568810939788818e-01,2.790135517716407776e-02,-5.161866173148155212e-02
1.140513047575950623e-01,3.857432305812835693e-01,2.368394732475280762e-01,-8.734176307916641235e-02,4.134812355041503906e-01,2.343225926160812378e-01,2.371352314949035645e-01,6.940168738365173340e-01,4.532323181629180908e-01,2.944205999374389648e-01,4.945980906486511230e-01,3.517184853553771973e-01,2.855921089649200439e-01,1.000000000000000000e+00,3.573296368122100830e-01,-2.806788980960845947e-01,2.853124141693115234e-01,3.037919998168945312e-01,3.542523682117462158e-01,3.642538487911224365e-01,5.743035674095153809e-01,-7.558907847851514816e-03,-6.861511617898941040e-02,3.949134945869445801e-01,1.337862908840179443e-01,4.066005945205688477e-01,2.404751256108283997e-02,2.621383965015411377e-01,3.709973394870758057e-01,1.859133839607238770e-01,1.291655004024505615e-01,4.606083631515502930e-01,5.855233073234558105e-01,4.007619321346282959e-01,-1.398946195840835571e-01,3.096656501293182373e-01,4.939022660255432129e-01,-8.795415610074996948e-02,-2.080394476652145386e-01,4.600049927830696106e-02,3.781112134456634521e-01,3.797754943370819092e-01,3.981694281101226807e-01,3.867272436618804932e-01,2.119318693876266479e-01,2.392153143882751465e-01,2.816976010799407959e-01,4.774679616093635559e-02
2.723444402217864990e-01,1.679768227040767670e-02,2.113537788391113281e-01,2.325028777122497559e-01,2.050766646862030029e-01,3.202201128005981445e-01,2.065390050411224365e-01,1.331763863563537598e-01,1.923486888408660889e-01,2.945359945297241211e-01,3.849023580551147461e-01,4.368363618850708008e-01,5.033689141273498535e-01,3.573296368122100830e-01,1.000000000000000000e+00,2.821078598499298096e-01,1.303369253873825073e-01,1.897896677255630493e-01,2.920448780059814453e-03,1.201765388250350952e-01,2.354602664709091187e-01,1.435766220092773438e-01,1.958080679178237915e-01,1.808838918805122375e-02,1.743240058422088623e-01,-5.543924495577812195e-02,2.389202266931533813e-01,2.431011497974395752e-01,-8.861306309700012207e-02,1.237124279141426086e-01,1.338210403919219971e-01,-2.658373862504959106e-02,2.364128530025482178e-01,3.487980663776397705e-01,1.455993764102458954e-02,-5.371667444705963135e-02,2.220315039157867432e-01,4.735420048236846924e-01,1.630983799695968628e-01,-7.829418033361434937e-02,2.866325341165065765e-02,-9.395016729831695557e-02,-4.778398945927619934e-02,-7.215722650289535522e-02,4.100722819566726685e-02,1.904785633087158203e-02,-4.797609522938728333e-02,-6.621828675270080566e-02
-1.367092728614807129e-01,-3.679431974887847900e-01,6.496346741914749146e-02,4.595788121223449707e-01,-2.779903709888458252e-01,4.773443937301635742e-02,2.019173353910446167e-01,-3.711245954036712646e-01,-1.670488417148590088e-01,-1.750914752483367920e-02,-8.399146050214767456e-02,7.934409379959106445e-02,1.810749769210815430e-01,-2.806788980960845947e-01,2.821078598499298096e-01,1.000000000000000000e+00,1.190905719995498657e-01,1.285006254911422729e-01,-2.994437217712402344e-01,-1.183362901210784912e-01,-3.509945571422576904e-01,4.125333726406097412e-01,3.571597039699554443e-01,-3.578177094459533691e-01,-1.851500123739242554e-01,-2.861076593399047852e-01,-5.677946656942367554e-02,-2.683166265487670898e-01,-4.136203229427337646e-01,-1.260268501937389374e-02,1.148681566119194031e-01,-4.001244306564331055e-01,-2.614174783229827881e-01,1.407632231712341309e-01,3.644677400588989258e-01,-2.401758581399917603e-01,2.797778509557247162e-02,6.223711371421813965e-01,5.824497938156127930e-01,-8.140390366315841675e-02,-3.444421291351318359e-01,-3.710626065731048584e-01,-3.421945571899414062e-01,-4.243511557579040527e-01,-8.285195380449295044e-02,-2.662327326834201813e-02,-2.007930427789688110e-01,-2.386092990636825562e-01
2.485261484980583191e-02,8.902437984943389893e-02,4.720441401004791260e-01,2.365762591361999512e-01,-2.346599660813808441e-02,1.695840656757354736e-01,8.167949914932250977e-01,2.231849581003189087e-01,3.904016315937042236e-01,4.340232610702514648e-01,1.456425189971923828e-01,8.340480178594589233e-02,1.714147329330444336e-01,2.853124141693115234e-01,1.303369253873825073e-01,1.190905719995498657e-01,1.000000000000000000e+00,6.075463294982910156e-01,3.931392729282379150e-01,4.164895713329315186e-01,3.104151189327239990e-01,3.071051836013793945e-01,1.730829924345016479e-01,1.724576205015182495e-01,-1.185050979256629944e-01,5.440216660499572754e-01,-1.605296581983566284e-01,3.840609267354011536e-02,2.963170409202575684e-01,2.264853864908218384e-01,3.197628557682037354e-01,1.905871480703353882e-01,-1.063976362347602844e-01,2.308694720268249512e-01,-3.338074311614036560e-02,8.800396323204040527e-02,2.272751480340957642e-01,1.111860871315002441e-01,1.801148205995559692e-01,1.927282288670539856e-02,3.774556145071983337e-02,2.591913640499114990e-01,3.515320420265197754e-01,2.242557406425476074e-01,2.688112556934356689e-01,4.073664247989654541e-01,1.455705910921096802e-01,2.825365774333477020e-02
-1.492487043142318726e-01,1.833409667015075684e-01,3.487019240856170654e-01,1.178926900029182434e-01,-1.200283877551555634e-02,3.352096974849700928e-01,7.027848362922668457e-01,1.084186360239982605e-01,1.513350605964660645e-01,1.004546508193016052e-01,-4.707263410091400146e-02,-1.661275923252105713e-01,2.156192511320114136e-01,3.037919998168945312e-01,1.897896677255630493e-01,1.285006254911422729e-01,6.075463294982910156e-01,1.000000000000000000e+00,5.852334499359130859e-01,6.668207645416259766e-01,3.485616445541381836e-01,1.435927748680114746e-01,3.999437093734741211e-01,1.186476647853851318e-01,-1.791635304689407349e-01,4.183516800403594971e-01,-1.768843382596969604e-01,-6.688185781240463257e-02,2.000665366649627686e-01,-1.068860758095979691e-02,1.277898401021957397e-01,1.239354684948921204e-01,-6.428770720958709717e-02,1.026453897356987000e-01,-1.631091535091400146e-01,3.781891986727714539e-02,9.869461506605148315e-02,4.203218221664428711e-02,5.244322121143341064e-02,8.043423295021057129e-02,1.888198554515838623e-01,1.926993429660797119e-01,2.975893616676330566e-01,1.186493337154388428e-01,2.603626847267150879e-01,2.924903631210327148e-01,5.779231712222099304e-02,-7.525355368852615356e-02
-5.780518800020217896e-02,4.659692645072937012e-01,1.098614335060119629e-01,-1.840828061103820801e-01,1.507810056209564209e-01,3.206392824649810791e-01,4.295507967472076416e-01,2.328628152608871460e-01,1.985080391168594360e-01,1.125836446881294250e-01,-2.269664965569972992e-02,-1.813143044710159302e-01,1.119685843586921692e-01,3.542523682117462158e-01,2.920448780059814453e-03,-2.994437217712402344e-01,3.931392729282379150e-01,5.852334499359130859e-01,1.000000000000000000e+00,6.558496952056884766e-01,4.182155132293701172e-01,-1.983015686273574829e-01,1.463155448436737061e-01,4.083955883979797363e-01,-1.190221160650253296e-01,4.576079845428466797e-01,-1.643758714199066162e-01,2.138689346611499786e-02,4.268649816513061523e-01,2.998518384993076324e-02,-1.956138201057910919e-02,3.845195472240447998e-01,1.269950121641159058e-01,8.738558739423751831e-02,-3.346399366855621338e-01,3.237707316875457764e-01,1.425489187240600586e-01,-2.120505571365356445e-01,-1.955991536378860474e-01,2.313194274902343750e-01,3.682079315185546875e-01,4.827731549739837646e-01,5.693064928054809570e-01,5.009779930114746094e-01,3.147452771663665771e-01,3.260766267776489258e-01,2.483301162719726562e-01,5.546338483691215515e-02
-1.297018527984619141e-01,4.203926920890808105e-01,1.801643967628479004e-01,-3.681683540344238281e-02,1.933916211128234863e-01,3.866101503372192383e-01,5.294325947761535645e-01,1.551966220140457153e-01,1.547980904579162598e-01,9.218163043260574341e-02,-1.094375476241111755e-01,-1.973600834608078003e-01,3.566336929798126221e-01,3.642538487911224365e-01,1.201765388250350952e-01,-1.183362901210784912e-01,4.164895713329315186e-01,6.668207645416259766e-01,6.558496952056884766e-01,1.000000000000000000e+00,6.023339629173278809e-01,-6.247364357113838196e-02,2.510586380958557129e-01,3.164668381214141846e-01,-2.744371592998504639e-01,4.207521378993988037e-01,-2.135004699230194092e-01,-6.500010192394256592e-02,2.690377235412597656e-01,-1.818532869219779968e-02,-1.370590459555387497e-02,2.949983775615692139e-01,9.701814502477645874e-02,5.377070605754852295e-02,-2.943061888217926025e-01,2.290848642587661743e-01,1.295223087072372437e-01,-1.600750535726547241e-01,-1.713227033615112305e-01,1.586770117282867432e-01,3.259958922863006592e-01,3.538186848163604736e-01,4.010441601276397705e-01,3.549999892711639404e-01,3.048717677593231201e-01,3.552399873733520508e-01,1.780753582715988159e-01,5.764349550008773804e-02
8.079271763563156128e-02,4.685975313186645508e-01,3.074577748775482178e-01,-4.658627789467573166e-03,4.031852185726165771e-01,2.957139015197753906e-01,3.135272264480590820e-01,4.730150997638702393e-01,3.166827261447906494e-01,2.473218291997909546e-01,2.890175879001617432e-01,2.303456366062164307e-01,4.893142282962799072e-01,5.743035674095153809e-01,2.354602664709091187e-01,-3.509945571422576904e-01,3.104151189327239990e-01,3.485616445541381836e-01,4.182155132293701172e-01,6.023339629173278809e-01,1.000000000000000000e+00,8.312288671731948853e-02,-5.300693586468696594e-02,3.440204560756683350e-01,-6.437589973211288452e-02,3.984836339950561523e-01,-8.019953221082687378e-02,2.358290106058120728e-01,3.466973304748535156e-01,1.785033196210861206e-01,2.113545984029769897e-01,4.325516819953918457e-01,3.273824155330657959e-01,1.416492909193038940e-01,-2.274697273969650269e-01,2.238710969686508179e-01,2.278774082660675049e-01,-2.411097884178161621e-01,-2.768584787845611572e-01,3.629681840538978577e-02,4.265014231204986572e-01,3.971872627735137939e-01,3.984422981739044189e-01,4.287135601043701172e-01,3.290455341339111328e-01,2.790821194648742676e-01,2.559041976928710938e-01,3.302746266126632690e-02
-5.032732710242271423e-02,-1.290544420480728149e-01,4.000685811042785645e-01,5.842435956001281738e-01,-2.052213847637176514e-01,3.031499125063419342e-02,2.972106337547302246e-01,-2.242371812462806702e-02,7.006277889013290405e-02,1.633932292461395264e-01,1.576015353202819824e-01,2.361872196197509766e-01,2.093097120523452759e-01,-7.558907847851514816e-03,1.435766220092773438e-01,4.125333726406097412e-01,3.071051836013793945e-01,1.435927748680114746e-01,-1.983015686273574829e-01,-6.247364357113838196e-02,8.312288671731948853e-02,1.000000000000000000e+00,1.299193501472473145e-01,-1.442057639360427856e-01,-1.459249109029769897e-01,-4.857942834496498108e-02,-1.174789443612098694e-01,-1.171344984322786331e-02,-8.314865827560424805e-02,3.077730834484100342e-01,6.323863267898559570e-01,-5.068650096654891968e-02,-2.433251738548278809e-01,1.773575395345687866e-01,3.709117770195007324e-01,-9.342979639768600464e-02,1.270815134048461914e-01,3.835906088352203369e-01,4.626924395561218262e-01,-3.728006035089492798e-02,-1.229663044214248657e-01,-1.924380958080291748e-01,-1.407381445169448853e-01,-1.774175316095352173e-01,2.014288753271102905e-01,1.140017732977867126e-01,1.317535340785980225e-01,-5.536765232682228088e-02
-1.414900422096252441e-01,-8.950509876012802124e-02,5.357763916254043579e-02,3.385136276483535767e-02,-1.119592860341072083e-01,1.765824854373931885e-01,2.998137474060058594e-01,-1.657100766897201538e-01,3.589316830039024353e-02,7.576990127563476562e-02,-1.600396484136581421e-01,-1.259746104478836060e-01,1.536763012409210205e-01,-6.861511617898941040e-02,1.958080679178237915e-01,3.571597039699554443e-01,1.730829924345016479e-01,3.999437093734741211e-01,1.463155448436737061e-01,2.510586380958557129e-01,-5.300693586468696594e-02,1.299193501472473145e-01,1.000000000000000000e+00,1.527905557304620743e-02,-6.816100329160690308e-02,3.055383265018463135e-02,-2.256498485803604126e-02,-1.139374524354934692e-01,-7.743732631206512451e-02,-1.066672131419181824e-01,1.853783428668975830e-02,-1.317039690911769867e-02,-2.371019273996353149e-01,3.097057528793811798e-02,6.655198335647583008e-02,1.784631609916687012e-01,-5.524242296814918518e-02,2.243117392063140869e-01,4.756288528442382812e-01,5.373402833938598633e-01,-4.531453922390937805e-02,-9.818927943706512451e-02,-7.519508898258209229e-02,-8.567376434803009033e-02,1.280271541327238083e-02,6.925238668918609619e-02,6.073691695928573608e-02,2.366106808185577393e-01
6.918630748987197876e-02,5.137635469436645508e-01,1.057543605566024780e-01,-1.608747839927673340e-01,2.661678791046142578e-01,1.960977017879486084e-01,1.921940445899963379e-01,3.715495467185974121e-01,2.703295052051544189e-01,1.292394399642944336e-01,1.714083403348922729e-01,1.919193938374519348e-02,9.830190241336822510e-02,3.949134945869445801e-01,1.808838918805122375e-02,-3.578177094459533691e-01,1.724576205015182495e-01,1.186476647853851318e-01,4.083955883979797363e-01,3.164668381214141846e-01,3.440204560756683350e-01,-1.442057639360427856e-01,1.527905557304620743e-02,1.000000000000000000e+00,9.513922780752182007e-02,4.605300426483154297e-01,-7.997291162610054016e-03,1.961689591407775879e-01,5.003225207328796387e-01,2.189002335071563721e-01,1.085773631930351257e-01,8.098944425582885742e-01,3.603325784206390381e-01,2.456376254558563232e-01,-1.256504207849502563e-01,7.577657699584960938e-01,2.351523637771606445e-01,-2.084676176309585571e-01,-8.570189028978347778e-02,3.922630250453948975e-01,4.474187493324279785e-01,4.736927747726440430e-01,5.081611871719360352e-01,4.270671010017395020e-01,2.708883285522460938e-01,3.288536667823791504e-01,7.093347907066345215e-01,4.449559152126312256e-01
5.654045343399047852e-01,2.463646419346332550e-02,1.028099842369556427e-02,-5.448649823665618896e-02,2.368700057268142700e-01,1.145401373505592346e-01,-1.240219324827194214e-01,1.311505734920501709e-01,1.566597223281860352e-01,1.892233639955520630e-01,3.398225903511047363e-01,2.592544257640838623e-01,-9.162395261228084564e-03,1.337862908840179443e-01,1.743240058422088623e-01,-1.851500123739242554e-01,-1.185050979256629944e-01,-1.791635304689407349e-01,-1.190221160650253296e-01,-2.744371592998504639e-01,-6.437589973211288452e-02,-1.459249109029769897e-01,-6.816100329160690308e-02,9.513922780752182007e-02,1.000000000000000000e+00,-7.051724195480346680e-02,7.127655148506164551e-01,5.364333987236022949e-01,1.318952143192291260e-01,9.505190700292587280e-02,1.087667495012283325e-01,1.339052170515060425e-01,2.176771163940429688e-01,1.330347359180450439e-01,1.264970153570175171e-01,7.183489855378866196e-03,8.033845573663711548e-02,2.029685489833354950e-02,-1.453500688076019287e-01,-8.833007514476776123e-02,1.400160491466522217e-01,1.914340071380138397e-02,-2.496544457972049713e-02,-5.055131763219833374e-02,-1.354437619447708130e-01,-1.304623335599899292e-01,1.468635350465774536e-01,1.097926646471023560e-01
1.619523018598556519e-02,3.384044170379638672e-01,3.305844962596893311e-01,-8.572714030742645264e-02,1.347311437129974365e-01,7.280074805021286011e-02,4.906823933124542236e-01,3.829371929168701172e-01,3.460881114006042480e-01,2.724741101264953613e-01,1.505823433399200439e-01,2.378546074032783508e-02,1.035618185997009277e-01,4.066005945205688477e-01,-5.543924495577812195e-02,-2.861076593399047852e-01,5.440216660499572754e-01,4.183516800403594971e-01,4.576079845428466797e-01,4.207521378993988037e-01,3.984836339950561523e-01,-4.857942834496498108e-02,3.055383265018463135e-02,4.605300426483154297e-01,-7.051724195480346680e-02,1.000000000000000000e+00,-1.973229795694351196e-01,1.332055181264877319e-01,5.243844389915466309e-01,1.430347710847854614e-01,8.538135141134262085e-02,4.778148531913757324e-01,1.362843215465545654e-01,1.198576763272285461e-01,-1.670545935630798340e-01,3.797665238380432129e-01,1.876552700996398926e-01,-2.696205675601959229e-01,-7.004156708717346191e-02,1.980935633182525635e-01,3.132565617561340332e-01,5.525659322738647461e-01,5.819571018218994141e-01,4.397106170654296875e-01,3.032846748828887939e-01,4.237012267112731934e-01,3.084371387958526611e-01,2.372119873762130737e-01
5.862299203872680664e-01,1.124387457966804504e-01,-5.682154092937707901e-03,-7.749764714390039444e-03,2.400480657815933228e-01,1.460061520338058472e-01,-1.232439801096916199e-01,3.173386678099632263e-02,2.022307664155960083e-01,2.533910274505615234e-01,2.771791517734527588e-01,3.066936135292053223e-01,3.481541201472282410e-02,2.404751256108283997e-02,2.389202266931533813e-01,-5.677946656942367554e-02,-1.605296581983566284e-01,-1.768843382596969604e-01,-1.643758714199066162e-01,-2.135004699230194092e-01,-8.019953221082687378e-02,-1.174789443612098694e-01,-2.256498485803604126e-02,-7.997291162610054016e-03,7.127655148506164551e-01,-1.973229795694351196e-01,1.000000000000000000e+00,5.593013763427734375e-01,9.004119783639907837e-02,1.867811232805252075e-01,1.047130301594734192e-01,-1.877437159419059753e-02,1.915881335735321045e-01,3.302494063973426819e-02,1.650135666131973267e-01,-9.603398293256759644e-02,-9.945215657353401184e-03,1.491576582193374634e-01,-1.318136602640151978e-01,-1.731606274843215942e-01,5.248445644974708557e-02,-9.819375723600387573e-02,-7.231846451759338379e-02,-4.686954990029335022e-02,-7.452958822250366211e-02,-1.335541009902954102e-01,-2.345650829374790192e-02,2.849437855184078217e-02
7.827026247978210449e-01,3.238910436630249023e-01,3.074506819248199463e-01,9.390673786401748657e-02,5.072592496871948242e-01,2.886483669281005859e-01,5.472174659371376038e-02,2.813545763492584229e-01,4.089716672897338867e-01,3.812440931797027588e-01,4.632938802242279053e-01,4.806623756885528564e-01,9.274215251207351685e-02,2.621383965015411377e-01,2.431011497974395752e-01,-2.683166265487670898e-01,3.840609267354011536e-02,-6.688185781240463257e-02,2.138689346611499786e-02,-6.500010192394256592e-02,2.358290106058120728e-01,-1.171344984322786331e-02,-1.139374524354934692e-01,1.961689591407775879e-01,5.364333987236022949e-01,1.332055181264877319e-01,5.593013763427734375e-01,1.000000000000000000e+00,5.137071013450622559e-01,3.051083981990814209e-01,1.477026939392089844e-01,1.758697777986526489e-01,2.249822169542312622e-01,9.908862411975860596e-02,5.276696383953094482e-02,5.097921192646026611e-02,1.375978142023086548e-01,-1.048959046602249146e-01,-2.321352362632751465e-01,-1.681509464979171753e-01,4.119236171245574951e-01,2.202061712741851807e-01,1.654594838619232178e-01,1.870481520891189575e-01,7.835804671049118042e-02,6.006101891398429871e-02,9.683737903833389282e-02,2.132495790719985962e-01
2.709026336669921875e-01,5.925577878952026367e-01,2.873865067958831787e-01,-1.737657040357589722e-01,2.824564278125762939e-01,1.639953404664993286e-01,2.541503310203552246e-01,4.677083194255828857e-01,3.717694878578186035e-01,2.304609119892120361e-01,2.547053396701812744e-01,8.400682359933853149e-02,-1.003339514136314392e-01,3.709973394870758057e-01,-8.861306309700012207e-02,-4.136203229427337646e-01,2.963170409202575684e-01,2.000665366649627686e-01,4.268649816513061523e-01,2.690377235412597656e-01,3.466973304748535156e-01,-8.314865827560424805e-02,-7.743732631206512451e-02,5.003225207328796387e-01,1.318952143192291260e-01,5.243844389915466309e-01,9.004119783639907837e-02,5.137071013450622559e-01,1.000000000000000000e+00,3.481680452823638916e-01,1.517971456050872803e-01,5.117831826210021973e-01,2.544483840465545654e-01,2.651810348033905029e-01,-2.683675661683082581e-02,3.427505195140838623e-01,2.880010008811950684e-01,-2.669485211372375488e-01,-2.060314863920211792e-01,7.753463834524154663e-02,5.089835524559020996e-01,5.229997038841247559e-01,4.253374040126800537e-01,4.944550991058349609e-01,2.013242244720458984e-01,2.769528031349182129e-01,3.793548047542572021e-01,2.734203636646270752e-01
2.059928774833679199e-01,2.171626091003417969e-01,2.350371032953262329e-01,7.569085806608200073e-02,7.667282968759536743e-02,-8.983957767486572266e-02,1.462982445955276489e-01,2.352292090654373169e-01,3.537116944789886475e-01,4.184575676918029785e-01,3.541352748870849609e-01,3.783485889434814453e-01,1.567488014698028564e-01,1.859133839607238770e-01,1.237124279141426086e-01,-1.260268501937389374e-02,2.264853864908218384e-01,-1.068860758095979691e-02,2.998518384993076324e-02,-1.818532869219779968e-02,1.785033196210861206e-01,3.077730834484100342e-01,-1.066672131419181824e-01,2.189002335071563721e-01,9.505190700292587280e-02,1.430347710847854614e-01,1.867811232805252075e-01,3.051083981990814209e-01,3.481680452823638916e-01,1.000000000000000000e+00,6.743093132972717285e-01,3.881724774837493896e-01,1.899025738239288330e-01,3.305361866950988770e-01,2.069972306489944458e-01,1.116944849491119385e-01,1.931890249252319336e-01,1.702719032764434814e-01,8.232649415731430054e-02,-7.568563520908355713e-02,6.867117434740066528e-02,1.329268068075180054e-01,2.462958246469497681e-01,2.131574004888534546e-01,2.357643246650695801e-01,2.628036737442016602e-01,2.487653791904449463e-01,4.142716526985168457e-02
4.136984050273895264e-02,5.302941799163818359e-02,2.940411865711212158e-01,2.596422135829925537e-01,-1.507966816425323486e-01,-2.364132553339004517e-02,2.375061511993408203e-01,1.087174788117408752e-01,2.220889180898666382e-01,2.965551018714904785e-01,2.372775375843048096e-01,2.409789860248565674e-01,1.855185925960540771e-01,1.291655004024505615e-01,1.338210403919219971e-01,1.148681566119194031e-01,3.197628557682037354e-01,1.277898401021957397e-01,-1.956138201057910919e-02,-1.370590459555387497e-02,2.113545984029769897e-01,6.323863267898559570e-01,1.853783428668975830e-02,1.085773631930351257e-01,1.087667495012283325e-01,8.538135141134262085e-02,1.047130301594734192e-01,1.477026939392089844e-01,1.517971456050872803e-01,6.743093132972717285e-01,1.000000000000000000e+00,3.110181093215942383e-01,1.902274414896965027e-02,2.534957528114318848e-01,3.659568130970001221e-01,5.112988129258155823e-02,1.373839676380157471e-01,3.350808620452880859e-01,2.827943563461303711e-01,-5.918379873037338257e-02,-1.008058083243668079e-03,5.136541649699211121e-02,1.356820911169052124e-01,1.284304913133382797e-02,2.782636880874633789e-01,2.884202897548675537e-01,3.501257896423339844e-01,-5.087485909461975098e-02
1.625924743711948395e-02,4.403062760829925537e-01,9.506846219301223755e-02,-2.118141800165176392e-01,2.227527052164077759e-01,8.699115365743637085e-02,1.676089018583297729e-01,4.283251464366912842e-01,2.805576324462890625e-01,1.267926245927810669e-01,2.100093215703964233e-01,3.841651231050491333e-02,7.201404124498367310e-02,4.606083631515502930e-01,-2.658373862504959106e-02,-4.001244306564331055e-01,1.905871480703353882e-01,1.239354684948921204e-01,3.845195472240447998e-01,2.949983775615692139e-01,4.325516819953918457e-01,-5.068650096654891968e-02,-1.317039690911769867e-02,8.098944425582885742e-01,1.339052170515060425e-01,4.778148531913757324e-01,-1.877437159419059753e-02,1.758697777986526489e-01,5.117831826210021973e-01,3.881724774837493896e-01,3.110181093215942383e-01,1.000000000000000000e+00,3.700780272483825684e-01,2.502155601978302002e-01,-9.762987494468688965e-02,6.913570165634155273e-01,2.487436234951019287e-01,-2.324447929859161377e-01,-9.238825738430023193e-02,3.660268485546112061e-01,4.014073312282562256e-01,4.749324321746826172e-01,5.315968990325927734e-01,4.147785902023315430e-01,2.743595838546752930e-01,3.571847379207611084e-01,7.027712464332580566e-01,3.409659862518310547e-01
8.568555861711502075e-02,3.649416267871856689e-01,1.442732382565736771e-02,-2.248256355524063110e-01,4.467963576316833496e-01,4.660129174590110779e-02,-1.817551255226135254e-01,5.238299369812011719e-01,2.375974357128143311e-01,1.187269985675811768e-01,4.706769287586212158e-01,3.774337768554687500e-01,1.766159236431121826e-01,5.855233073234558105e-01,2.364128530025482178e-01,-2.614174783229827881e-01,-1.063976362347602844e-01,-6.428770720958709717e-02,1.269950121641159058e-01,9.701814502477645874e-02,3.273824155330657959e-01,-2.433251738548278809e-01,-2.371019273996353149e-01,3.603325784206390381e-01,2.176771163940429688e-01,1.362843215465545654e-01,1.915881335735321045e-01,2.249822169542312622e-01,2.544483840465545654e-01,1.899025738239288330e-01,1.902274414896965027e-02,3.700780272483825684e-01,1.000000000000000000e+00,3.244289755821228027e-01,-8.243072777986526489e-02,2.787878215312957764e-01,3.795631229877471924e-01,-3.745102137327194214e-02,-2.330607622861862183e-01,8.838101290166378021e-03,2.971435785293579102e-01,2.278820872306823730e-01,1.918456703424453735e-01,2.741918265819549561e-01,1.256687045097351074e-01,5.905611068010330200e-02,2.626203298568725586e-01,-2.374351397156715393e-02
