1.000000000000000000e+00,2.785179018974304199e-01,2.075640857219696045e-02,1.055287569761276245e-01,4.682980179786682129e-01,2.186147421598434448e-01,8.156605809926986694e-02,4.823108017444610596e-01,9.147274494171142578e-02,-3.243890032172203064e-02,1.548816412687301636e-01,9.614139050245285034e-02,1.350237876176834106e-01,1.975461691617965698e-01,8.584462106227874756e-03,3.678403198719024658e-01,2.869465947151184082e-01,1.389635354280471802e-01,3.207753598690032959e-01,3.242121934890747070e-01,2.377103120088577271e-01,-1.054201573133468628e-01,9.727705270051956177e-02,-1.469691395759582520e-01,4.862306416034698486e-01,7.709685713052749634e-02,3.789375722408294678e-01,5.392001271247863770e-01,1.237672865390777588e-01,-9.490918368101119995e-02,-6.190589442849159241e-02,-7.087600231170654297e-02,5.627909302711486816e-01,1.139243245124816895e-01,-3.180618286132812500e-01,-1.504982262849807739e-01,2.994056046009063721e-01,-8.831615746021270752e-02,2.101634591817855835e-01,4.200505837798118591e-02,5.131087303161621094e-01,1.000445112586021423e-01,1.024342775344848633e-01,1.614772379398345947e-01,-1.144130229949951172e-01,5.062695220112800598e-02,-9.530017524957656860e-02,-4.817973822355270386e-02
2.785179018974304199e-01,1.000000000000000000e+00,-1.046354249119758606e-01,9.173665195703506470e-02,1.330720335245132446e-01,4.566414356231689453e-01,3.141171634197235107e-01,1.488145887851715088e-01,4.328614473342895508e-01,4.108815789222717285e-01,2.070604562759399414e-01,5.491046309471130371e-01,3.882905244827270508e-01,-2.260456234216690063e-02,3.540386259555816650e-01,3.734149634838104248e-01,2.052714824676513672e-01,1.786593794822692871e-01,2.116533815860748291e-01,3.777580261230468750e-01,3.306162655353546143e-01,-5.126713588833808899e-02,3.009540401399135590e-02,6.853190064430236816e-02,-1.125753298401832581e-01,2.671340107917785645e-02,3.535896837711334229e-01,1.086849942803382874e-01,-1.180052757263183594e-01,9.612382948398590088e-02,2.216047793626785278e-01,-1.008680183440446854e-02,3.473031520843505859e-01,3.303645551204681396e-01,2.294482290744781494e-02,8.322514593601226807e-02,-1.330396626144647598e-02,3.240761160850524902e-01,2.692937850952148438e-01,8.830002695322036743e-02,5.986532568931579590e-01,5.911120176315307617e-01,1.047803461551666260e-01,6.563057303428649902e-01,3.149143755435943604e-01,3.198839426040649414e-01,7.634248584508895874e-02,-4.586995020508766174e-02
2.075640857219696045e-02,-1.046354249119758606e-01,1.000000000000000000e+00,2.782525718212127686e-01,9.767623990774154663e-02,1.281239837408065796e-01,1.642425507307052612e-01,-7.364900410175323486e-02,-8.773298934102058411e-03,3.377196565270423889e-02,-6.089935451745986938e-02,8.763467776589095592e-04,1.495346575975418091e-01,5.010481551289558411e-02,-4.826353862881660461e-03,1.001386940479278564e-01,1.581238806247711182e-01,-3.427510336041450500e-02,1.537660658359527588e-01,1.323002278804779053e-01,1.070963367819786072e-01,1.127041280269622803e-01,1.613045185804367065e-01,-4.387556388974189758e-02,7.527150679379701614e-03,2.973748147487640381e-01,-8.506652712821960449e-02,2.349214702844619751e-01,2.969794161617755890e-02,-2.455732040107250214e-02,-4.207345843315124512e-02,-8.719962090253829956e-02,-1.265535652637481689e-01,-2.179094403982162476e-01,-6.449979543685913086e-02,-1.584451831877231598e-02,-5.790364369750022888e-02,-7.161433994770050049e-02,-7.536114007234573364e-02,8.380493521690368652e-02,5.176008120179176331e-02,9.523114562034606934e-02,1.711912751197814941e-01,-8.696269243955612183e-02,3.911897167563438416e-02,1.736420243978500366e-01,-9.089598804712295532e-02,-3.945298120379447937e-02
1.055287569761276245e-01,9.173665195703506470e-02,2.782525718212127686e-01,1.000000000000000000e+00,3.492321968078613281e-01,4.134694635868072510e-01,3.886632919311523438e-01,-2.755451202392578125e-02,8.712755143642425537e-02,1.048779040575027466e-01,-7.793174684047698975e-02,3.699939232319593430e-03,2.725238800048828125e-01,-8.975434303283691406e-02,-5.086226155981421471e-04,2.283976078033447266e-01,3.139070570468902588e-01,9.338647872209548950e-02,2.382526993751525879e-01,4.056420624256134033e-01,1.842708289623260498e-01,2.167169153690338135e-01,2.698603570461273193e-01,1.254412829875946045e-01,1.592867076396942139e-01,1.162795796990394592e-01,1.935113966464996338e-01,3.554403483867645264e-01,2.825462818145751953e-01,1.737347841262817383e-01,2.562073171138763428e-01,1.028080210089683533e-01,5.667519941926002502e-02,-1.298758983612060547e-01,4.779132828116416931e-02,6.863404810428619385e-02,-5.650582909584045410e-02,6.152800843119621277e-02,1.148484572768211365e-01,9.848243743181228638e-02,2.238541990518569946e-01,1.756161302328109741e-01,4.875595867633819580e-01,1.250531375408172607e-01,8.932603150606155396e-02,2.915006577968597412e-01,1.410979926586151123e-01,1.478735804557800293e-01
4.682980179786682129e-01,1.330720335245132446e-01,9.767623990774154663e-02,3.492321968078613281e-01,1.000000000000000000e+00,2.160481512546539307e-01,1.115965396165847778e-01,2.074789702892303467e-01,3.249549120664596558e-02,5.626276507973670959e-02,7.137498259544372559e-02,-3.951841965317726135e-02,1.567861139774322510e-01,-1.089294161647558212e-02,-8.772718906402587891e-02,2.529463469982147217e-01,3.309656679630279541e-01,7.597908377647399902e-02,3.189342319965362549e-01,3.592115044593811035e-01,2.057861238718032837e-01,9.696964919567108154e-02,3.177492320537567139e-01,-1.452825814485549927e-01,4.694386124610900879e-01,9.951357543468475342e-02,1.568880379199981689e-01,5.085800886154174805e-01,2.064948230981826782e-01,-1.287544332444667816e-02,-4.514006897807121277e-02,-2.898591943085193634e-02,2.614090442657470703e-01,8.790522813796997070e-03,-1.505126208066940308e-01,-1.505056321620941162e-01,8.975600451231002808e-02,9.023795835673809052e-03,2.299691736698150635e-01,1.503100842237472534e-01,3.180584609508514404e-01,9.504362940788269043e-02,3.792171180248260498e-01,1.121496334671974182e-01,6.146427989006042480e-02,2.141283601522445679e-01,-8.900162577629089355e-02,3.388071432709693909e-02
2.186147421598434448e-01,4.566414356231689453e-01,1.281239837408065796e-01,4.134694635868072510e-01,2.160481512546539307e-01,1.000000000000000000e+00,4.211944341659545898e-01,-1.171240881085395813e-01,1.329568028450012207e-01,1.649671196937561035e-01,-1.297309994697570801e-01,2.832979857921600342e-01,3.919602632522583008e-01,-2.522233724594116211e-01,1.684512197971343994e-01,6.221334934234619141e-01,1.881286650896072388e-01,2.697563767433166504e-01,1.428592354059219360e-01,3.445281684398651123e-01,3.142785131931304932e-01,-4.315705504268407822e-03,-3.055292181670665741e-02,2.657392024993896484e-01,-9.357432276010513306e-02,2.665318362414836884e-02,4.816443920135498047e-01,1.388428807258605957e-01,2.194866240024566650e-01,1.822196692228317261e-01,3.288726508617401123e-01,1.523049473762512207e-01,2.448865473270416260e-01,5.660818144679069519e-02,2.544599957764148712e-02,6.280916929244995117e-02,-2.064103633165359497e-01,8.041378110647201538e-02,-2.085908874869346619e-02,-1.567745208740234375e-02,5.582557320594787598e-01,4.120677113533020020e-01,2.763142585754394531e-01,2.965744435787200928e-01,2.007438689470291138e-01,2.168412357568740845e-01,2.885807454586029053e-01,-1.121145486831665039e-02
8.156605809926986694e-02,3.141171634197235107e-01,1.642425507307052612e-01,3.886632919311523438e-01,1.115965396165847778e-01,4.211944341659545898e-01,1.000000000000000000e+00,-3.269562497735023499e-02,9.540992230176925659e-02,3.393764421343803406e-02,-1.359545141458511353e-01,7.945270836353302002e-02,7.476922869682312012e-02,-8.409488201141357422e-02,-6.672555953264236450e-02,2.537907063961029053e-01,6.447888016700744629e-01,4.505765736103057861e-01,3.470707237720489502e-01,2.856842577457427979e-01,2.351791560649871826e-01,1.514955163002014160e-01,-7.654393464326858521e-02,3.382963836193084717e-01,-1.327518224716186523e-01,1.361983418464660645e-01,2.427250444889068604e-01,5.362270027399063110e-02,-2.757511101663112640e-02,8.944761753082275391e-02,4.867648184299468994e-01,3.500430881977081299e-01,8.930657058954238892e-02,6.275718659162521362e-02,-2.865335904061794281e-02,1.528633832931518555e-01,-2.211551368236541748e-02,-4.835859581362456083e-04,2.972443588078022003e-02,1.231254711747169495e-01,3.799589872360229492e-01,1.563716232776641846e-01,1.811401396989822388e-01,2.097132205963134766e-01,-1.652013510465621948e-02,3.385945037007331848e-02,3.322810232639312744e-01,1.832343786954879761e-01
4.823108017444610596e-01,1.488145887851715088e-01,-7.364900410175323486e-02,-2.755451202392578125e-02,2.074789702892303467e-01,-1.171240881085395813e-01,-3.269562497735023499e-02,1.000000000000000000e+00,1.812328696250915527e-01,5.762626603245735168e-02,5.187481045722961426e-01,1.794581711292266846e-01,8.767323195934295654e-02,6.085160374641418457e-01,2.282057404518127441e-01,1.641285121440887451e-01,2.536318302154541016e-01,5.651160329580307007e-02,2.659481465816497803e-01,2.946069538593292236e-01,2.240690290927886963e-01,-1.709169335663318634e-02,2.822006046772003174e-01,-3.036784827709197998e-01,6.138156056404113770e-01,6.525301933288574219e-02,2.653638422489166260e-01,1.545472443103790283e-01,-1.223342493176460266e-01,-1.468204706907272339e-01,-1.741553097963333130e-01,-1.898336261510848999e-01,5.770578980445861816e-01,2.267305999994277954e-01,-2.024521082639694214e-01,-1.071301177144050598e-01,6.909787654876708984e-01,9.625457972288131714e-02,2.105599790811538696e-01,8.247802406549453735e-02,1.739157140254974365e-01,4.181018844246864319e-02,1.178187131881713867e-01,1.745360940694808960e-01,7.390461978502571583e-04,8.347463607788085938e-02,-2.768092453479766846e-01,-6.131488084793090820e-02
9.147274494171142578e-02,4.328614473342895508e-01,-8.773298934102058411e-03,8.712755143642425537e-02,3.249549120664596558e-02,1.329568028450012207e-01,9.540992230176925659e-02,1.812328696250915527e-01,1.000000000000000000e+00,6.594547033309936523e-01,5.769037604331970215e-01,6.661333441734313965e-01,5.184518694877624512e-01,1.956852525472640991e-01,6.609240174293518066e-01,1.531153619289398193e-01,3.243037685751914978e-02,-1.077397316694259644e-01,4.005846008658409119e-02,2.112112194299697876e-01,1.667184382677078247e-02,-4.123547300696372986e-02,2.996648252010345459e-01,-1.503754407167434692e-01,2.551175653934478760e-02,-8.271182328462600708e-02,-3.173074498772621155e-02,1.192197427153587341e-01,-1.134696975350379944e-01,4.485891200602054596e-03,-8.372934162616729736e-02,-3.304037451744079590e-01,5.670254677534103394e-02,1.601797640323638916e-01,9.200714528560638428e-02,9.397842735052108765e-02,8.969664573669433594e-03,5.950598120689392090e-01,2.110476046800613403e-01,1.490174680948257446e-01,2.052600532770156860e-01,5.805850625038146973e-01,2.244725972414016724e-01,6.995050311088562012e-01,4.281740486621856689e-01,5.696555972099304199e-01,-1.808832734823226929e-01,-2.174213528633117676e-01
-3.243890032172203064e-02,4.108815789222717285e-01,3.377196565270423889e-02,1.048779040575027466e-01,5.626276507973670959e-02,1.649671196937561035e-01,3.393764421343803406e-02,5.762626603245735168e-02,6.594547033309936523e-01,1.000000000000000000e+00,4.677275717258453369e-01,6.590651273727416992e-01,7.134302854537963867e-01,8.571626245975494385e-02,6.567903161048889160e-01,1.086904704570770264e-01,-2.766552567481994629e-02,-2.013578712940216064e-01,3.390778601169586182e-02,3.281556069850921631e-01,1.654807627201080322e-01,-8.738189190626144409e-02,4.068534970283508301e-01,-1.776806861162185669e-01,-6.627424806356430054e-02,-1.050248593091964722e-01,-5.509246140718460083e-02,3.893220052123069763e-02,-6.641288846731185913e-02,3.105865605175495148e-02,-1.744265407323837280e-01,-4.500664174556732178e-01,-1.168582681566476822e-02,1.823460310697555542e-01,5.922895297408103943e-02,7.140806317329406738e-02,-5.413931235671043396e-02,6.298633813858032227e-01,1.168631166219711304e-01,4.217507783323526382e-03,1.192577853798866272e-01,6.615684628486633301e-01,2.692376673221588135e-01,5.647248625755310059e-01,6.111083030700683594e-01,7.480717897415161133e-01,-2.367241978645324707e-01,-3.410016894340515137e-01
1.548816412687301636e-01,2.070604562759399414e-01,-6.089935451745986938e-02,-7.793174684047698975e-02,7.137498259544372559e-02,-1.297309994697570801e-01,-1.359545141458511353e-01,5.187481045722961426e-01,5.769037604331970215e-01,4.677275717258453369e-01,1.000000000000000000e+00,4.921448826789855957e-01,3.448350727558135986e-01,5.279042720794677734e-01,5.989219546318054199e-01,1.013976521790027618e-02,2.679024264216423035e-02,-1.907419860363006592e-01,1.288327276706695557e-01,1.879124194383621216e-01,1.993240974843502045e-02,1.315181422978639603e-02,3.660849928855895996e-01,-2.814320027828216553e-01,3.193159103393554688e-01,-6.190860178321599960e-03,-2.165972441434860229e-02,2.680852077901363373e-02,-1.539545208215713501e-01,-9.781584143638610840e-02,-2.327369004487991333e-01,-3.584114611148834229e-01,2.096818238496780396e-01,2.227668613195419312e-01,-1.138164177536964417e-01,-1.433145068585872650e-02,3.197597265243530273e-01,4.762499928474426270e-01,1.430565565824508667e-01,1.403476297855377197e-01,7.943083345890045166e-02,3.425889611244201660e-01,1.316680908203125000e-01,4.225472211837768555e-01,3.455334901809692383e-01,4.082735776901245117e-01,-2.860035896301269531e-01,-1.567596346139907837e-01
9.614139050245285034e-02,5.491046309471130371e-01,8.763467776589095592e-04,3.699939232319593430e-03,-3.951841965317726135e-02,2.832979857921600342e-01,7.945270836353302002e-02,1.794581711292266846e-01,6.661333441734313965e-01,6.590651273727416992e-01,4.921448826789855957e-01,1.000000000000000000e+00,5.361157655715942383e-01,1.320906877517700195e-01,7.038795351982116699e-01,3.470435142517089844e-01,5.900897458195686340e-02,-4.230812191963195801e-02,6.271197646856307983e-02,2.441966831684112549e-01,1.851422041654586792e-01,-4.648796096444129944e-02,2.457795888185501099e-01,-8.477725833654403687e-02,-3.730764985084533691e-02,-1.232430562376976013e-01,1.427511870861053467e-01,6.503629684448242188e-02,-1.415948867797851562e-01,-3.168725594878196716e-02,-7.244072109460830688e-02,-2.573422491550445557e-01,1.867087483406066895e-01,2.593317329883575439e-01,8.104547858238220215e-02,7.582172751426696777e-02,-2.882491424679756165e-02,5.130061507225036621e-01,2.774698734283447266e-01,1.659301966428756714e-01,2.771290242671966553e-01,5.864251852035522461e-01,1.835361421108245850e-01,7.080394029617309570e-01,4.373299479484558105e-01,5.057836771011352539e-01,-1.208855062723159790e-01,-1.987857818603515625e-01
1.350237876176834106e-01,3.882905244827270508e-01,1.495346575975418091e-01,2.725238800048828125e-01,1.567861139774322510e-01,3.919602632522583008e-01,7.476922869682312012e-02,8.767323195934295654e-02,5.184518694877624512e-01,7.134302854537963867e-01,3.448350727558135986e-01,5.361157655715942383e-01,1.000000000000000000e+00,9.148638695478439331e-02,5.504038929939270020e-01,3.828299343585968018e-01,-2.208055183291435242e-02,-1.274842470884323120e-01,6.537911295890808105e-02,4.230316877365112305e-01,2.951039373874664307e-01,-1.351248919963836670e-01,4.407635629177093506e-01,-2.021403163671493530e-01,3.140784427523612976e-02,-3.318907693028450012e-02,4.702070727944374084e-02,1.437062472105026245e-01,1.851029135286808014e-02,1.928688585758209229e-02,-1.358258724212646484e-01,-4.753817617893218994e-01,7.645124197006225586e-02,6.362351775169372559e-02,1.095009574783034623e-04,-4.366146400570869446e-03,-1.325257238931953907e-03,4.610667824745178223e-01,7.132576406002044678e-02,-6.248342618346214294e-02,2.435839474201202393e-01,6.012859344482421875e-01,3.190691173076629639e-01,4.224112331867218018e-01,4.742500782012939453e-01,6.860718727111816406e-01,-2.074404656887054443e-01,-3.400314152240753174e-01
1.975461691617965698e-01,-2.260456234216690063e-02,5.010481551289558411e-02,-8.975434303283691406e-02,-1.089294161647558212e-02,-2.522233724594116211e-01,-8.409488201141357422e-02,6.085160374641418457e-01,1.956852525472640991e-01,8.571626245975494385e-02,5.279042720794677734e-01,1.320906877517700195e-01,9.148638695478439331e-02,1.000000000000000000e+00,2.729236781597137451e-01,-6.867937743663787842e-02,8.954863995313644409e-02,-9.198202937841415405e-02,5.545224249362945557e-02,7.464197278022766113e-02,3.280770778656005859e-02,-5.227493494749069214e-02,1.471433341503143311e-01,-3.190799653530120850e-01,3.560213148593902588e-01,2.458712551742792130e-03,-9.070807695388793945e-02,-1.883782073855400085e-02,-2.188372910022735596e-01,-1.310131996870040894e-01,-2.444542646408081055e-01,-2.915328741073608398e-01,1.018957346677780151e-01,3.839790076017379761e-02,-1.777995675802230835e-01,-2.222120314836502075e-01,5.799478888511657715e-01,8.722896128892898560e-02,1.172549836337566376e-02,-1.114137768745422363e-01,-7.966291159391403198e-02,-3.680539876222610474e-02,-3.423629701137542725e-02,3.022356703877449036e-02,-8.931405097246170044e-02,6.866270303726196289e-02,-3.279854357242584229e-01,-1.406841874122619629e-01
8.584462106227874756e-03,3.540386259555816650e-01,-4.826353862881660461e-03,-5.086226155981421471e-04,-8.772718906402587891e-02,1.684512197971343994e-01,-6.672555953264236450e-02,2.282057404518127441e-01,6.609240174293518066e-01,6.567903161048889160e-01,5.989219546318054199e-01,7.038795351982116699e-01,5.504038929939270020e-01,2.729236781597137451e-01,1.000000000000000000e+00,2.332052737474441528e-01,-1.018917858600616455e-01,-1.338040828704833984e-01,-5.893146619200706482e-02,1.767761260271072388e-01,9.449913352727890015e-02,-1.062306985259056091e-01,2.753294110298156738e-01,-1.875252425670623779e-01,8.493660017848014832e-03,-1.613825559616088867e-01,5.081524699926376343e-02,-2.700562216341495514e-02,-1.238386556506156921e-01,-2.303726971149444580e-02,-1.444642394781112671e-01,-4.211709499359130859e-01,1.210745275020599365e-01,2.663411796092987061e-01,1.219749152660369873e-01,3.216335177421569824e-02,4.076766595244407654e-02,6.668447852134704590e-01,1.476333290338516235e-01,8.330777287483215332e-03,1.109253913164138794e-01,5.298883318901062012e-01,1.273265480995178223e-01,5.566458702087402344e-01,4.514838457107543945e-01,5.336787700653076172e-01,-2.307828217744827271e-01,-3.584123551845550537e-01
3.678403198719024658e-01,3.734149634838104248e-01,1.001386940479278564e-01,2.283976078033447266e-01,2.529463469982147217e-01,6.221334934234619141e-01,2.537907063961029053e-01,1.641285121440887451e-01,1.531153619289398193e-01,1.086904704570770264e-01,1.013976521790027618e-02,3.470435142517089844e-01,3.828299343585968018e-01,-6.867937743663787842e-02,2.332052737474441528e-01,1.000000000000000000e+00,2.063243240118026733e-01,2.043850719928741455e-01,2.155086100101470947e-01,2.532567381858825684e-01,2.757088541984558105e-01,-1.209248676896095276e-01,8.331910520792007446e-02,5.139676854014396667e-02,9.799475222826004028e-02,5.853856354951858521e-02,4.695276916027069092e-01,2.406747490167617798e-01,3.956617414951324463e-02,-5.084975063800811768e-02,1.275698393583297729e-01,3.101010993123054504e-02,4.075731635093688965e-01,1.540179401636123657e-01,-1.755129545927047729e-02,-1.575855351984500885e-02,5.702336132526397705e-02,9.910862147808074951e-02,1.876251846551895142e-01,1.167935952544212341e-01,5.052950382232666016e-01,2.458702623844146729e-01,1.347805112600326538e-01,2.987413108348846436e-01,8.958130329847335815e-02,1.283755451440811157e-01,1.415328234434127808e-01,-5.157384555786848068e-03
2.869465947151184082e-01,2.052714824676513672e-01,1.581238806247711182e-01,3.139070570468902588e-01,3.309656679630279541e-01,1.881286650896072388e-01,6.447888016700744629e-01,2.536318302154541016e-01,3.243037685751914978e-02,-2.766552567481994629e-02,2.679024264216423035e-02,5.900897458195686340e-02,-2.208055183291435242e-02,8.954863995313644409e-02,-1.018917858600616455e-01,2.063243240118026733e-01,1.000000000000000000e+00,5.408565402030944824e-01,5.321412682533264160e-01,4.543439745903015137e-01,2.922344803810119629e-01,1.555171310901641846e-01,6.936634331941604614e-02,1.710559725761413574e-01,2.320587486028671265e-01,1.786055564880371094e-01,2.791178822517395020e-01,2.076465785503387451e-01,5.002349615097045898e-02,5.300673842430114746e-02,4.062532186508178711e-01,2.926725447177886963e-01,2.844185531139373779e-01,6.337320804595947266e-02,-1.504437625408172607e-01,8.050169795751571655e-02,2.150517404079437256e-01,-5.727052316069602966e-02,1.925166994333267212e-01,1.929508596658706665e-01,3.103342950344085693e-01,3.795810043811798096e-02,2.779731750488281250e-01,1.844097375869750977e-01,-7.665005326271057129e-02,4.500073567032814026e-02,1.751246750354766846e-01,2.023191004991531372e-01
1.389635354280471802e-01,1.786593794822692871e-01,-3.427510336041450500e-02,9.338647872209548950e-02,7.597908377647399902e-02,2.697563767433166504e-01,4.505765736103057861e-01,5.651160329580307007e-02,-1.077397316694259644e-01,-2.013578712940216064e-01,-1.907419860363006592e-01,-4.230812191963195801e-02,-1.274842470884323120e-01,-9.198202937841415405e-02,-1.338040828704833984e-01,2.043850719928741455e-01,5.408565402030944824e-01,1.000000000000000000e+00,9.793995320796966553e-02,2.249882817268371582e-01,2.923724651336669922e-01,1.779320538043975830e-01,-2.305196076631546021e-01,2.857715487480163574e-01,-4.921338334679603577e-02,-3.885973244905471802e-03,2.859061956405639648e-01,-7.159318774938583374e-02,7.624021172523498535e-02,1.092214211821556091e-01,5.585514903068542480e-01,4.066014885902404785e-01,2.270923554897308350e-01,-2.617500349879264832e-02,-2.435843460261821747e-02,7.521692663431167603e-02,7.285189628601074219e-02,-1.715947687625885010e-01,1.135763898491859436e-02,-3.886694833636283875e-02,2.615405917167663574e-01,-5.111841112375259399e-02,3.251839429140090942e-02,2.541381120681762695e-02,-1.953172385692596436e-01,-2.019536346197128296e-01,3.020658195018768311e-01,1.816395074129104614e-01
3.207753598690032959e-01,2.116533815860748291e-01,1.537660658359527588e-01,2.382526993751525879e-01,3.189342319965362549e-01,1.428592354059219360e-01,3.470707237720489502e-01,2.659481465816497803e-01,4.005846008658409119e-02,3.390778601169586182e-02,1.288327276706695557e-01,6.271197646856307983e-02,6.537911295890808105e-02,5.545224249362945557e-02,-5.893146619200706482e-02,2.155086100101470947e-01,5.321412682533264160e-01,9.793995320796966553e-02,1.000000000000000000e+00,5.685250759124755859e-01,4.013701081275939941e-01,1.736062318086624146e-01,1.251479238271713257e-01,4.581678658723831177e-02,2.036924511194229126e-01,3.447650969028472900e-01,2.015619724988937378e-01,1.562906503677368164e-01,1.549944560974836349e-02,7.142324931919574738e-03,1.032426208257675171e-01,5.821320042014122009e-02,3.563188314437866211e-01,1.008547246456146240e-01,-1.973848938941955566e-01,-4.260628297924995422e-02,2.249557524919509888e-01,9.053310379385948181e-03,2.350080013275146484e-01,3.025397360324859619e-01,3.457356691360473633e-01,8.951114863157272339e-02,2.925173342227935791e-01,2.055212706327438354e-01,-7.120287045836448669e-03,7.484517246484756470e-02,7.447884976863861084e-02,4.887373372912406921e-02
3.242121934890747070e-01,3.777580261230468750e-01,1.323002278804779053e-01,4.056420624256134033e-01,3.592115044593811035e-01,3.445281684398651123e-01,2.856842577457427979e-01,2.946069538593292236e-01,2.112112194299697876e-01,3.281556069850921631e-01,1.879124194383621216e-01,2.441966831684112549e-01,4.230316877365112305e-01,7.464197278022766113e-02,1.767761260271072388e-01,2.532567381858825684e-01,4.543439745903015137e-01,2.249882817268371582e-01,5.685250759124755859e-01,1.000000000000000000e+00,6.614477038383483887e-01,1.567486971616744995e-01,3.931069374084472656e-01,-4.767792671918869019e-02,2.497737109661102295e-01,1.011802479624748230e-01,2.314954847097396851e-01,1.796039342880249023e-01,7.108799368143081665e-02,1.364994198083877563e-01,1.461107879877090454e-01,-1.610261499881744385e-01,3.715817928314208984e-01,-4.359476268291473389e-03,-1.667679399251937866e-01,-3.848715126514434814e-02,2.321591526269912720e-01,1.701500415802001953e-01,2.236272990703582764e-01,1.725587099790573120e-01,3.603091537952423096e-01,3.586175739765167236e-01,5.177889466285705566e-01,3.212372064590454102e-01,1.711874604225158691e-01,4.290733635425567627e-01,-4.382438212633132935e-02,-1.361245512962341309e-01
2.377103120088577271e-01,3.306162655353546143e-01,1.070963367819786072e-01,1.842708289623260498e-01,2.057861238718032837e-01,3.142785131931304932e-01,2.351791560649871826e-01,2.240690290927886963e-01,1.667184382677078247e-02,1.654807627201080322e-01,1.993240974843502045e-02,1.851422041654586792e-01,2.951039373874664307e-01,3.280770778656005859e-02,9.449913352727890015e-02,2.757088541984558105e-01,2.922344803810119629e-01,2.923724651336669922e-01,4.013701081275939941e-01,6.614477038383483887e-01,1.000000000000000000e+00,2.399695515632629395e-01,2.394969165325164795e-01,-1.331319361925125122e-01,8.284734934568405151e-02,9.683744609355926514e-02,2.072403281927108765e-01,-1.447564829140901566e-02,9.651463478803634644e-03,7.953512668609619141e-02,7.071431726217269897e-02,-1.650487631559371948e-01,2.993642091751098633e-01,1.172322630882263184e-01,-1.747542023658752441e-01,-1.950964927673339844e-01,2.238744199275970459e-01,6.256534159183502197e-02,1.356859207153320312e-01,1.071270629763603210e-01,2.905527353286743164e-01,1.928356140851974487e-01,2.739069461822509766e-01,1.795032769441604614e-01,6.768391281366348267e-02,1.689316481351852417e-01,-8.125188201665878296e-02,-1.677845269441604614e-01
-1.054201573133468628e-01,-5.126713588833808899e-02,1.127041280269622803e-01,2.167169153690338135e-01,9.696964919567108154e-02,-4.315705504268407822e-03,1.514955163002014160e-01,-1.709169335663318634e-02,-4.123547300696372986e-02,-8.738189190626144409e-02,1.315181422978639603e-02,-4.648796096444129944e-02,-1.351248919963836670e-01,-5.227493494749069214e-02,-1.062306985259056091e-01,-1.209248676896095276e-01,1.555171310901641846e-01,1.779320538043975830e-01,1.736062318086624146e-01,1.567486971616744995e-01,2.399695515632629395e-01,1.000000000000000000e+00,1.901381760835647583e-01,-3.915389254689216614e-02,1.476561650633811951e-02,8.706615120172500610e-02,-9.102952666580677032e-03,-3.868572646751999855e-03,1.220643445849418640e-01,1.394431740045547485e-01,2.252451479434967041e-01,1.541861146688461304e-01,3.051387518644332886e-02,-2.924164012074470520e-02,7.548295706510543823e-02,-2.710953168570995331e-02,-7.481592148542404175e-02,-1.975098997354507446e-02,6.964203715324401855e-02,1.669835597276687622e-01,-1.948530785739421844e-02,-4.597457870841026306e-02,2.271745055913925171e-01,2.419504895806312561e-02,-1.034092158079147339e-02,-3.027513995766639709e-02,1.466766837984323502e-02,2.972040772438049316e-01
9.727705270051956177e-02,3.009540401399135590e-02,1.613045185804367065e-01,2.698603570461273193e-01,3.177492320537567139e-01,-3.055292181670665741e-02,-7.654393464326858521e-02,2.822006046772003174e-01,2.996648252010345459e-01,4.068534970283508301e-01,3.660849928855895996e-01,2.457795888185501099e-01,4.407635629177093506e-01,1.471433341503143311e-01,2.753294110298156738e-01,8.331910520792007446e-02,6.936634331941604614e-02,-2.305196076631546021e-01,1.251479238271713257e-01,3.931069374084472656e-01,2.394969165325164795e-01,1.901381760835647583e-01,1.000000000000000000e+00,-2.342900931835174561e-01,3.559589087963104248e-01,-3.753294795751571655e-02,-9.150602668523788452e-02,2.480487972497940063e-01,4.472783952951431274e-02,-2.379107102751731873e-02,-2.045233249664306641e-01,-3.385558128356933594e-01,1.835792660713195801e-01,1.677203550934791565e-02,-1.939820684492588043e-02,1.270792037248611450e-01,1.201175674796104431e-01,3.528456091880798340e-01,1.758376806974411011e-01,3.665990233421325684e-01,-1.343083381652832031e-02,2.682120203971862793e-01,4.989113509654998779e-01,2.243197560310363770e-01,4.038892686367034912e-01,5.268630981445312500e-01,-2.369388788938522339e-01,6.839648121967911720e-04
-1.469691395759582520e-01,6.853190064430236816e-02,-4.387556388974189758e-02,1.254412829875946045e-01,-1.452825814485549927e-01,2.657392024993896484e-01,3.382963836193084717e-01,-3.036784827709197998e-01,-1.503754407167434692e-01,-1.776806861162185669e-01,-2.814320027828216553e-01,-8.477725833654403687e-02,-2.021403163671493530e-01,-3.190799653530120850e-01,-1.875252425670623779e-01,5.139676854014396667e-02,1.710559725761413574e-01,2.857715487480163574e-01,4.581678658723831177e-02,-4.767792671918869019e-02,-1.331319361925125122e-01,-3.915389254689216614e-02,-2.342900931835174561e-01,1.000000000000000000e+00,-2.883560955524444580e-01,5.690025165677070618e-02,2.920945286750793457e-01,-1.222109049558639526e-01,1.565684527158737183e-01,2.039886116981506348e-01,6.542637944221496582e-01,6.660391092300415039e-01,7.363107800483703613e-02,-6.119794026017189026e-02,9.426080435514450073e-02,5.247971415519714355e-01,-3.258907794952392578e-01,-8.921921998262405396e-02,-9.390126168727874756e-02,1.391041725873947144e-01,1.400735229253768921e-01,-2.266815491020679474e-02,-1.291017513722181320e-02,-1.369286235421895981e-02,-5.515745282173156738e-02,-1.837713420391082764e-01,8.195570111274719238e-01,3.683951795101165771e-01
4.862306416034698486e-01,-1.125753298401832581e-01,7.527150679379701614e-03,1.592867076396942139e-01,4.694386124610900879e-01,-9.357432276010513306e-02,-1.327518224716186523e-01,6.138156056404113770e-01,2.551175653934478760e-02,-6.627424806356430054e-02,3.193159103393554688e-01,-3.730764985084533691e-02,3.140784427523612976e-02,3.560213148593902588e-01,8.493660017848014832e-03,9.799475222826004028e-02,2.320587486028671265e-01,-4.921338334679603577e-02,2.036924511194229126e-01,2.497737109661102295e-01,8.284734934568405151e-02,1.476561650633811951e-02,3.559589087963104248e-01,-2.883560955524444580e-01,1.000000000000000000e+00,1.564053893089294434e-01,2.155772596597671509e-01,3.911763727664947510e-01,9.754086285829544067e-02,-8.248358219861984253e-02,-1.809712499380111694e-01,-1.141347140073776245e-01,4.252233207225799561e-01,6.796947121620178223e-02,-8.420893549919128418e-02,-1.729202717542648315e-01,4.253626465797424316e-01,2.542476356029510498e-02,1.787578016519546509e-01,6.540787220001220703e-02,7.319647702388465405e-04,-1.211855784058570862e-01,2.899880409240722656e-01,2.687869407236576080e-02,-1.053625252097845078e-02,8.058043569326400757e-02,-2.468813508749008179e-01,2.375137433409690857e-02
7.709685713052749634e-02,2.671340107917785645e-02,2.973748147487640381e-01,1.162795796990394592e-01,9.951357543468475342e-02,2.665318362414836884e-02,1.361983418464660645e-01,6.525301933288574219e-02,-8.271182328462600708e-02,-1.050248593091964722e-01,-6.190860178321599960e-03,-1.232430562376976013e-01,-3.318907693028450012e-02,2.458712551742792130e-03,-1.613825559616088867e-01,5.853856354951858521e-02,1.786055564880371094e-01,-3.885973244905471802e-03,3.447650969028472900e-01,1.011802479624748230e-01,9.683744609355926514e-02,8.706615120172500610e-02,-3.753294795751571655e-02,5.690025165677070618e-02,1.564053893089294434e-01,1.000000000000000000e+00,8.099904656410217285e-02,-4.710578545928001404e-02,-3.526440635323524475e-02,-5.009262636303901672e-02,4.274265840649604797e-02,9.671977907419204712e-02,1.058868467807769775e-01,-1.406812388449907303e-02,-6.162451952695846558e-02,-8.805315941572189331e-02,6.670109182596206665e-02,-6.376285851001739502e-02,4.424356296658515930e-02,1.248264759778976440e-01,8.636865764856338501e-02,-1.307317167520523071e-01,4.288772493600845337e-02,-1.980315148830413818e-02,-1.092820316553115845e-01,-1.189728453755378723e-01,7.378049939870834351e-02,1.036410778760910034e-01
3.789375722408294678e-01,3.535896837711334229e-01,-8.506652712821960449e-02,1.935113966464996338e-01,1.568880379199981689e-01,4.816443920135498047e-01,2.427250444889068604e-01,2.653638422489166260e-01,-3.173074498772621155e-02,-5.509246140718460083e-02,-2.165972441434860229e-02,1.427511870861053467e-01,4.702070727944374084e-02,-9.070807695388793945e-02,5.081524699926376343e-02,4.695276916027069092e-01,2.791178822517395020e-01,2.859061956405639648e-01,2.015619724988937378e-01,2.314954847097396851e-01,2.072403281927108765e-01,-9.102952666580677032e-03,-9.150602668523788452e-02,2.920945286750793457e-01,2.155772596597671509e-01,8.099904656410217285e-02,1.000000000000000000e+00,1.596458703279495239e-01,1.843771934509277344e-01,8.824211359024047852e-02,3.294305801391601562e-01,3.303907215595245361e-01,6.504663825035095215e-01,2.721016108989715576e-01,-6.276353728026151657e-03,1.383961439132690430e-01,5.931729823350906372e-02,3.694629669189453125e-02,9.772552549839019775e-02,3.575760498642921448e-02,4.768331646919250488e-01,1.622193753719329834e-01,5.077825859189033508e-02,1.998172998428344727e-01,3.291013464331626892e-02,-6.002205610275268555e-02,3.112823963165283203e-01,1.007075384259223938e-01
5.392001271247863770e-01,1.086849942803382874e-01,2.349214702844619751e-01,3.554403483867645264e-01,5.085800886154174805e-01,1.388428807258605957e-01,5.362270027399063110e-02,1.545472443103790283e-01,1.192197427153587341e-01,3.893220052123069763e-02,2.680852077901363373e-02,6.503629684448242188e-02,1.437062472105026245e-01,-1.883782073855400085e-02,-2.700562216341495514e-02,2.406747490167617798e-01,2.076465785503387451e-01,-7.159318774938583374e-02,1.562906503677368164e-01,1.796039342880249023e-01,-1.447564829140901566e-02,-3.868572646751999855e-03,2.480487972497940063e-01,-1.222109049558639526e-01,3.911763727664947510e-01,-4.710578545928001404e-02,1.596458703279495239e-01,1.000000000000000000e+00,2.496861368417739868e-01,-8.115854859352111816e-02,-4.071265459060668945e-02,-2.620258182287216187e-02,2.142821401357650757e-01,-5.966321099549531937e-03,-1.133073270320892334e-01,-1.395400147885084152e-02,6.339776329696178436e-03,-1.552195195108652115e-02,2.953972518444061279e-01,1.434607803821563721e-01,2.555741667747497559e-01,1.283169686794281006e-01,2.701987326145172119e-01,1.543249040842056274e-01,3.398706670850515366e-03,2.287274599075317383e-01,-1.037346795201301575e-01,9.085108339786529541e-02
1.237672865390777588e-01,-1.180052757263183594e-01,2.969794161617755890e-02,2.825462818145751953e-01,2.064948230981826782e-01,2.194866240024566650e-01,-2.757511101663112640e-02,-1.223342493176460266e-01,-1.134696975350379944e-01,-6.641288846731185913e-02,-1.539545208215713501e-01,-1.415948867797851562e-01,1.851029135286808014e-02,-2.188372910022735596e-01,-1.238386556506156921e-01,3.956617414951324463e-02,5.002349615097045898e-02,7.624021172523498535e-02,1.549944560974836349e-02,7.108799368143081665e-02,9.651463478803634644e-03,1.220643445849418640e-01,4.472783952951431274e-02,1.565684527158737183e-01,9.754086285829544067e-02,-3.526440635323524475e-02,1.843771934509277344e-01,2.496861368417739868e-01,1.000000000000000000e+00,4.950126409530639648e-01,1.917133331298828125e-01,1.382524967193603516e-01,1.018731221556663513e-01,-1.154975444078445435e-01,2.791361650452017784e-03,1.139849498867988586e-01,-1.611136794090270996e-01,-5.813342705368995667e-02,2.832582592964172363e-02,2.167134732007980347e-02,9.356005489826202393e-02,5.951126571744680405e-03,2.347601503133773804e-01,-6.201015040278434753e-02,-1.655471883714199066e-02,1.910580322146415710e-02,1.808885484933853149e-01,7.783684134483337402e-02
-9.490918368101119995e-02,9.612382948398590088e-02,-2.455732040107250214e-02,1.737347841262817383e-01,-1.287544332444667816e-02,1.822196692228317261e-01,8.944761753082275391e-02,-1.468204706907272339e-01,4.485891200602054596e-03,3.105865605175495148e-02,-9.781584143638610840e-02,-3.168725594878196716e-02,1.928688585758209229e-02,-1.310131996870040894e-01,-2.303726971149444580e-02,-5.084975063800811768e-02,5.300673842430114746e-02,1.092214211821556091e-01,7.142324931919574738e-03,1.364994198083877563e-01,7.953512668609619141e-02,1.394431740045547485e-01,-2.379107102751731873e-02,2.039886116981506348e-01,-8.248358219861984253e-02,-5.009262636303901672e-02,8.824211359024047852e-02,-8.115854859352111816e-02,4.950126409530639648e-01,1.000000000000000000e+00,3.643672764301300049e-01,1.230679452419281006e-01,-3.414560109376907349e-02,-6.728173699229955673e-03,9.196772426366806030e-02,2.319488227367401123e-01,-1.732712388038635254e-01,9.082371741533279419e-02,5.239741504192352295e-02,5.216312035918235779e-02,4.033937677741050720e-02,1.344190835952758789e-01,1.389569491147994995e-01,4.464163631200790405e-02,1.276201754808425903e-01,5.487723648548126221e-02,2.194709777832031250e-01,6.353716552257537842e-02
-6.190589442849159241e-02,2.216047793626785278e-01,-4.207345843315124512e-02,2.562073171138763428e-01,-4.514006897807121277e-02,3.288726508617401123e-01,4.867648184299468994e-01,-1.741553097963333130e-01,-8.372934162616729736e-02,-1.744265407323837280e-01,-2.327369004487991333e-01,-7.244072109460830688e-02,-1.358258724212646484e-01,-2.444542646408081055e-01,-1.444642394781112671e-01,1.275698393583297729e-01,4.062532186508178711e-01,5.585514903068542480e-01,1.032426208257675171e-01,1.461107879877090454e-01,7.071431726217269897e-02,2.252451479434967041e-01,-2.045233249664306641e-01,6.542637944221496582e-01,-1.809712499380111694e-01,4.274265840649604797e-02,3.294305801391601562e-01,-4.071265459060668945e-02,1.917133331298828125e-01,3.643672764301300049e-01,1.000000000000000000e+00,6.392102241516113281e-01,1.448417901992797852e-01,-4.892936442047357559e-03,1.204589381814002991e-01,4.487269818782806396e-01,-2.124182581901550293e-01,-6.365136057138442993e-02,5.366515368223190308e-02,1.139206066727638245e-01,2.226826697587966919e-01,2.892954275012016296e-02,7.066868245601654053e-02,8.010372519493103027e-02,-6.450477242469787598e-02,-1.204381510615348816e-01,6.841974854469299316e-01,3.149231970310211182e-01
-7.087600231170654297e-02,-1.008680183440446854e-02,-8.719962090253829956e-02,1.028080210089683533e-01,-2.898591943085193634e-02,1.523049473762512207e-01,3.500430881977081299e-01,-1.898336261510848999e-01,-3.304037451744079590e-01,-4.500664174556732178e-01,-3.584114611148834229e-01,-2.573422491550445557e-01,-4.753817617893218994e-01,-2.915328741073608398e-01,-4.211709499359130859e-01,3.101010993123054504e-02,2.926725447177886963e-01,4.066014885902404785e-01,5.821320042014122009e-02,-1.610261499881744385e-01,-1.650487631559371948e-01,1.541861146688461304e-01,-3.385558128356933594e-01,6.660391092300415039e-01,-1.141347140073776245e-01,9.671977907419204712e-02,3.303907215595245361e-01,-2.620258182287216187e-02,1.382524967193603516e-01,1.230679452419281006e-01,6.392102241516113281e-01,1.000000000000000000e+00,1.165484338998794556e-01,-3.715930134057998657e-02,7.529803365468978882e-02,2.983496189117431641e-01,-2.231106013059616089e-01,-3.224669396877288818e-01,-6.415247917175292969e-02,1.332805901765823364e-01,1.156649440526962280e-01,-2.332527339458465576e-01,-1.044157147407531738e-01,-1.270216703414916992e-01,-2.096517831087112427e-01,-4.279787540435791016e-01,6.556700468063354492e-01,5.936801433563232422e-01
