1.000000000000000000e+00,1.647054404020309448e-01,3.381199538707733154e-01,5.159338712692260742e-01,5.143204331398010254e-01,4.994601905345916748e-01,3.753839135169982910e-01,1.237745881080627441e-01,1.687147468328475952e-01,2.567359209060668945e-01,1.002925485372543335e-01,3.815028965473175049e-01,1.863070130348205566e-01,1.680013537406921387e-01,1.854907721281051636e-01,2.663312852382659912e-01,2.945690155029296875e-01,2.492416352033615112e-01,3.689321577548980713e-01,2.874993085861206055e-01,1.836402714252471924e-01,3.751851022243499756e-01,6.245214119553565979e-02,-2.057133167982101440e-01,5.862944126129150391e-01,1.852013021707534790e-01,6.452621817588806152e-01,6.908451914787292480e-01,2.248664945363998413e-01,-2.166469544172286987e-01,4.242043197154998779e-02,5.133951827883720398e-02,5.015160441398620605e-01,-2.648926898837089539e-02,-1.042082309722900391e-01,-1.268810182809829712e-01,1.226022094488143921e-01,3.849377855658531189e-02,-3.465635702013969421e-03,-1.343938708305358887e-01,3.550673723220825195e-01,2.606454193592071533e-01,1.517817676067352295e-01,4.385745897889137268e-02,5.138666927814483643e-02,1.053936406970024109e-01,-1.445081084966659546e-01,-7.116712629795074463e-02
1.647054404020309448e-01,1.000000000000000000e+00,7.849284261465072632e-02,-7.492832373827695847e-03,1.825237572193145752e-01,3.013803064823150635e-01,2.269737422466278076e-01,2.561761140823364258e-01,4.021831452846527100e-01,3.194671869277954102e-01,-1.432304270565509796e-02,1.185116544365882874e-01,2.778792679309844971e-01,1.045170649886131287e-01,1.147775128483772278e-01,1.655438691377639771e-01,1.617950648069381714e-01,1.419437378644943237e-01,1.664773970842361450e-01,2.259298563003540039e-01,1.039677858352661133e-02,5.687331780791282654e-02,1.780432164669036865e-01,2.007322907447814941e-01,2.932392060756683350e-01,3.637710511684417725e-01,3.764018714427947998e-01,4.154668450355529785e-01,5.047624111175537109e-01,2.209558784961700439e-01,1.458039730787277222e-01,1.638296246528625488e-01,4.761336147785186768e-01,2.645467221736907959e-01,1.521048843860626221e-01,3.062419295310974121e-01,1.092906892299652100e-01,2.702661752700805664e-01,1.988670378923416138e-01,2.783564329147338867e-01,4.182262122631072998e-01,5.148906111717224121e-01,4.595132470130920410e-01,3.522954285144805908e-01,6.286714673042297363e-01,3.602242469787597656e-01,2.242286950349807739e-01,-1.537333428859710693e-01
3.381199538707733154e-01,7.849284261465072632e-02,1.000000000000000000e+00,6.578577756881713867e-01,6.961540877819061279e-02,1.027983352541923523e-01,5.488466024398803711e-01,6.797670572996139526e-02,-1.784920319914817810e-02,1.705240807496011257e-03,1.198912113904953003e-01,1.889955103397369385e-01,1.018586531281471252e-01,3.268045783042907715e-01,3.426598608493804932e-01,1.737943291664123535e-01,4.373881816864013672e-01,3.471714556217193604e-01,1.952055096626281738e-01,1.622963249683380127e-01,1.810472309589385986e-01,2.173669934272766113e-01,7.513629645109176636e-02,1.422039791941642761e-02,7.216748595237731934e-02,5.306244492530822754e-01,1.822364032268524170e-01,2.980127036571502686e-01,7.499267905950546265e-02,9.629428386688232422e-02,1.393574923276901245e-01,4.749761894345283508e-03,1.869063079357147217e-01,2.136594951152801514e-01,1.298640668392181396e-01,5.807654559612274170e-02,2.439733892679214478e-01,3.283622562885284424e-01,4.266112670302391052e-02,4.158881958574056625e-03,-5.484721623361110687e-03,4.474262148141860962e-02,3.986835107207298279e-02,-7.442709058523178101e-02,6.361396610736846924e-02,4.921988025307655334e-02,2.633652463555335999e-02,-6.280715018510818481e-02
5.159338712692260742e-01,-7.492832373827695847e-03,6.578577756881713867e-01,1.000000000000000000e+00,2.690052688121795654e-01,3.794348835945129395e-01,4.046304821968078613e-01,-9.083613753318786621e-02,-1.141753513365983963e-02,8.840763568878173828e-02,1.174551725853234529e-04,2.271151393651962280e-01,9.845872223377227783e-02,1.262966245412826538e-01,2.569298148155212402e-01,1.002889871597290039e-01,2.812999784946441650e-01,2.949129641056060791e-01,2.250960022211074829e-01,2.925258874893188477e-01,3.024770319461822510e-01,4.345870316028594971e-01,-7.719080895185470581e-02,-2.213016338646411896e-02,7.019914686679840088e-02,2.880090475082397461e-01,1.935798525810241699e-01,3.617527186870574951e-01,2.896355465054512024e-02,-1.174064874649047852e-01,3.780140355229377747e-02,3.748896345496177673e-02,8.379872888326644897e-02,-1.219891570508480072e-02,-9.038562327623367310e-02,-7.264812290668487549e-02,1.925265789031982422e-01,4.958969354629516602e-02,-9.963393211364746094e-02,-1.567740887403488159e-01,1.891844123601913452e-01,-1.730814389884471893e-02,-6.019581854343414307e-02,-4.404895752668380737e-02,-8.927933871746063232e-02,1.452526450157165527e-02,-1.213013567030429840e-02,1.152381952852010727e-02
5.143204331398010254e-01,1.825237572193145752e-01,6.961540877819061279e-02,2.690052688121795654e-01,1.000000000000000000e+00,6.399960517883300781e-01,7.933348417282104492e-02,2.416809499263763428e-01,3.003438413143157959e-01,3.220241963863372803e-01,2.467322498559951782e-01,4.138853251934051514e-01,4.005271196365356445e-01,2.085004448890686035e-01,2.685596346855163574e-01,3.428710997104644775e-01,2.891573309898376465e-02,1.728180646896362305e-01,3.345012962818145752e-01,3.948379456996917725e-01,3.391311764717102051e-01,3.749005198478698730e-01,1.137240082025527954e-01,1.219141483306884766e-02,2.789873182773590088e-01,-4.041252657771110535e-02,3.454830646514892578e-01,4.247334599494934082e-01,1.339475512504577637e-01,-2.633765526115894318e-02,1.041902005672454834e-01,2.059368789196014404e-02,3.899884819984436035e-01,5.487099662423133850e-02,-6.950113922357559204e-02,-6.743150204420089722e-02,1.306383609771728516e-01,4.674918204545974731e-02,7.292903959751129150e-02,-2.647878974676132202e-02,4.243359267711639404e-01,2.541235983371734619e-01,1.284467875957489014e-01,1.654028892517089844e-01,1.069771498441696167e-01,1.916029304265975952e-01,1.813343027606606483e-03,4.778603836894035339e-02
4.994601905345916748e-01,3.013803064823150635e-01,1.027983352541923523e-01,3.794348835945129395e-01,6.399960517883300781e-01,1.000000000000000000e+00,2.171299159526824951e-01,5.001733452081680298e-02,3.977320194244384766e-01,3.738711774349212646e-01,3.458307683467864990e-02,2.667426168918609619e-01,2.735886573791503906e-01,6.040266901254653931e-02,1.893029510974884033e-01,2.455968111753463745e-01,1.294199377298355103e-01,2.827935516834259033e-01,4.544671177864074707e-01,4.903024137020111084e-01,2.328776419162750244e-01,4.139289259910583496e-01,-5.855174735188484192e-02,-1.231692964211106300e-03,2.240719944238662720e-01,1.410314887762069702e-01,3.273178040981292725e-01,4.714467823505401611e-01,2.569926679134368896e-01,-1.640102714300155640e-01,-2.911804243922233582e-02,-1.280933525413274765e-02,2.805972397327423096e-01,1.204598043113946915e-02,-6.553000956773757935e-02,-3.026390448212623596e-02,1.021773964166641235e-01,3.456800803542137146e-02,2.626386284828186035e-02,-1.131888031959533691e-01,5.758934617042541504e-01,3.748660981655120850e-01,2.263610363006591797e-01,1.776348352432250977e-01,9.265340864658355713e-02,1.991541236639022827e-01,-3.314621746540069580e-02,-9.302789717912673950e-02
3.753839135169982910e-01,2.269737422466278076e-01,5.488466024398803711e-01,4.046304821968078613e-01,7.933348417282104492e-02,2.171299159526824951e-01,1.000000000000000000e+00,1.174252629280090332e-01,1.137988790869712830e-01,1.753376722335815430e-01,5.269524082541465759e-02,1.572056561708450317e-01,1.076899468898773193e-02,1.737584471702575684e-01,2.352751046419143677e-01,1.883083581924438477e-01,8.237054347991943359e-01,6.127327680587768555e-01,5.227071046829223633e-01,3.407936096191406250e-01,3.462769091129302979e-02,2.424293160438537598e-01,1.861820966005325317e-01,-1.654612123966217041e-01,2.366714179515838623e-01,6.663612723350524902e-01,3.355148136615753174e-01,3.471946120262145996e-01,2.602770328521728516e-01,-1.444107480347156525e-02,2.249594219028949738e-02,9.945250302553176880e-02,3.226214647293090820e-01,1.327608674764633179e-01,4.620451480150222778e-02,8.763468265533447266e-02,9.746757894754409790e-02,3.215187191963195801e-01,9.720699489116668701e-02,-2.834332734346389771e-02,1.435595750808715820e-01,3.913027644157409668e-01,4.221876263618469238e-01,7.084796205163002014e-03,1.482942551374435425e-01,2.854389548301696777e-01,-5.952722206711769104e-02,-3.585834205150604248e-01
1.237745881080627441e-01,2.561761140823364258e-01,6.797670572996139526e-02,-9.083613753318786621e-02,2.416809499263763428e-01,5.001733452081680298e-02,1.174252629280090332e-01,1.000000000000000000e+00,2.294598966836929321e-01,2.941482067108154297e-01,5.754505991935729980e-01,3.953504860401153564e-01,3.802920281887054443e-01,4.273243844509124756e-01,2.832266092300415039e-01,2.999436259269714355e-01,1.386305391788482666e-01,1.791135966777801514e-01,1.274454444646835327e-01,1.258490681648254395e-01,2.024472653865814209e-01,7.057049125432968140e-02,3.169188797473907471e-01,2.749202772974967957e-02,1.346179246902465820e-01,8.503165096044540405e-02,7.718887925148010254e-02,1.388386189937591553e-01,1.507232040166854858e-01,1.611233800649642944e-01,2.284268587827682495e-01,3.163249045610427856e-02,4.332940280437469482e-01,4.284242987632751465e-01,3.329364657402038574e-01,1.590024679899215698e-01,2.061153948307037354e-01,2.577108144760131836e-01,3.142769038677215576e-01,1.752845197916030884e-01,9.077639877796173096e-02,2.512265145778656006e-01,1.810141205787658691e-01,4.830407202243804932e-01,2.587697505950927734e-01,2.792018949985504150e-01,3.433777019381523132e-02,-1.163836345076560974e-01
1.687147468328475952e-01,4.021831452846527100e-01,-1.784920319914817810e-02,-1.141753513365983963e-02,3.003438413143157959e-01,3.977320194244384766e-01,1.137988790869712830e-01,2.294598966836929321e-01,1.000000000000000000e+00,4.971799850463867188e-01,2.363915592432022095e-01,1.985653787851333618e-01,3.912654817104339600e-01,1.692719608545303345e-01,5.466809123754501343e-02,2.045503705739974976e-01,8.527305722236633301e-02,1.609566211700439453e-01,1.697622686624526978e-01,2.617506086826324463e-01,9.067005664110183716e-02,1.858025044202804565e-01,2.308174669742584229e-01,1.635977774858474731e-01,1.281548142433166504e-01,1.722119897603988647e-01,1.767786294221878052e-01,2.286535799503326416e-01,1.961124241352081299e-01,1.335486676543951035e-02,8.499165624380111694e-02,1.101235672831535339e-01,2.777906060218811035e-01,1.584084033966064453e-01,-1.717284135520458221e-02,6.629064679145812988e-02,1.902764886617660522e-01,1.489336341619491577e-01,1.540783792734146118e-01,1.549602746963500977e-01,3.586946129798889160e-01,2.849584817886352539e-01,2.373809218406677246e-01,2.905839383602142334e-01,2.324813157320022583e-01,2.273764610290527344e-01,1.566479355096817017e-01,-6.163768470287322998e-02
2.567359209060668945e-01,3.194671869277954102e-01,1.705240807496011257e-03,8.840763568878173828e-02,3.220241963863372803e-01,3.738711774349212646e-01,1.753376722335815430e-01,2.941482067108154297e-01,4.971799850463867188e-01,1.000000000000000000e+00,2.253790795803070068e-01,4.336419999599456787e-01,4.256538450717926025e-01,1.510613560676574707e-01,2.510347068309783936e-01,2.444922924041748047e-01,1.466726213693618774e-01,1.354807019233703613e-01,2.056445181369781494e-01,4.271402359008789062e-01,1.863536834716796875e-01,2.854260802268981934e-01,2.691438496112823486e-01,1.883390545845031738e-01,1.399854421615600586e-01,1.784112155437469482e-01,2.101429104804992676e-01,1.959405392408370972e-01,1.174373105168342590e-01,1.808903925120830536e-02,5.883341655135154724e-02,1.814438998699188232e-01,3.705452382564544678e-01,1.297668516635894775e-01,9.212088584899902344e-02,1.144063249230384827e-01,-1.322228647768497467e-02,2.136415392160415649e-01,2.278420776128768921e-01,1.360492855310440063e-01,2.569428384304046631e-01,2.009742558002471924e-01,2.272849678993225098e-01,2.942532598972320557e-01,3.309825956821441650e-01,5.030915737152099609e-01,1.749897897243499756e-01,-4.180235415697097778e-02
1.002925485372543335e-01,-1.432304270565509796e-02,1.198912113904953003e-01,1.174551725853234529e-04,2.467322498559951782e-01,3.458307683467864990e-02,5.269524082541465759e-02,5.754505991935729980e-01,2.363915592432022095e-01,2.253790795803070068e-01,1.000000000000000000e+00,4.006759524345397949e-01,3.453254997730255127e-01,5.169072747230529785e-01,1.742285788059234619e-01,2.808298170566558838e-01,6.083528697490692139e-02,2.076845914125442505e-01,8.196330070495605469e-02,1.250225007534027100e-01,4.311104714870452881e-01,2.470425516366958618e-01,3.556645810604095459e-01,6.695895642042160034e-02,-1.147977188229560852e-01,4.423132911324501038e-02,-5.817037820816040039e-02,9.534595161676406860e-02,2.364872768521308899e-02,2.635220587253570557e-01,3.919180035591125488e-01,3.517595306038856506e-02,1.292143315076828003e-01,2.312148809432983398e-01,2.078371345996856689e-01,7.138231396675109863e-02,1.653202474117279053e-01,5.866141244769096375e-02,1.933095604181289673e-01,1.115107983350753784e-01,1.039278283715248108e-01,1.342098861932754517e-01,1.046564280986785889e-01,1.394592225551605225e-01,8.877041190862655640e-02,1.194379702210426331e-01,8.278755098581314087e-02,-8.493609726428985596e-03
3.815028965473175049e-01,1.185116544365882874e-01,1.889955103397369385e-01,2.271151393651962280e-01,4.138853251934051514e-01,2.667426168918609619e-01,1.572056561708450317e-01,3.953504860401153564e-01,1.985653787851333618e-01,4.336419999599456787e-01,4.006759524345397949e-01,1.000000000000000000e+00,4.846527576446533203e-01,2.974490523338317871e-01,4.717236757278442383e-01,4.407809376716613770e-01,1.032424569129943848e-01,5.157940089702606201e-02,9.706406295299530029e-02,2.592240273952484131e-01,3.902162909507751465e-01,2.839024364948272705e-01,3.341868221759796143e-01,-3.220541775226593018e-02,1.360065340995788574e-01,1.004001945257186890e-01,2.804772853851318359e-01,3.075896501541137695e-01,-5.529387295246124268e-02,1.145660132169723511e-01,6.251660734415054321e-02,3.324953466653823853e-02,4.983583688735961914e-01,2.900786697864532471e-02,7.579503953456878662e-02,1.971491985023021698e-02,-3.281505033373832703e-02,2.281513810157775879e-01,2.033810615539550781e-01,4.501218348741531372e-02,1.809010058641433716e-01,1.638945490121841431e-01,1.076678186655044556e-01,1.740993559360504150e-01,1.954388171434402466e-01,2.503762245178222656e-01,-1.385864242911338806e-02,4.764480516314506531e-03
1.863070130348205566e-01,2.778792679309844971e-01,1.018586531281471252e-01,9.845872223377227783e-02,4.005271196365356445e-01,2.735886573791503906e-01,1.076899468898773193e-02,3.802920281887054443e-01,3.912654817104339600e-01,4.256538450717926025e-01,3.453254997730255127e-01,4.846527576446533203e-01,1.000000000000000000e+00,3.029037117958068848e-01,2.546527385711669922e-01,4.634250700473785400e-01,-4.051633551716804504e-02,1.123749464750289917e-01,1.023073345422744751e-01,2.894775867462158203e-01,2.331041544675827026e-01,2.366279065608978271e-01,3.359367251396179199e-01,2.061153650283813477e-01,9.707879275083541870e-02,6.174343451857566833e-02,1.411142498254776001e-01,2.025727033615112305e-01,4.842463135719299316e-02,1.889462023973464966e-01,3.029584586620330811e-01,8.810000866651535034e-02,3.309808075428009033e-01,1.854600906372070312e-01,7.280590385198593140e-02,2.037347406148910522e-01,1.783529967069625854e-01,2.519095540046691895e-01,2.681588828563690186e-01,1.112044826149940491e-01,2.304111570119857788e-01,2.099708616733551025e-01,1.308572143316268921e-01,3.157499730587005615e-01,1.930785030126571655e-01,2.497715651988983154e-01,1.432418227195739746e-01,1.374626345932483673e-02
1.680013537406921387e-01,1.045170649886131287e-01,3.268045783042907715e-01,1.262966245412826538e-01,2.085004448890686035e-01,6.040266901254653931e-02,1.737584471702575684e-01,4.273243844509124756e-01,1.692719608545303345e-01,1.510613560676574707e-01,5.169072747230529785e-01,2.974490523338317871e-01,3.029037117958068848e-01,1.000000000000000000e+00,4.132245481014251709e-01,1.696851998567581177e-01,1.599261760711669922e-01,2.385030537843704224e-01,1.397043615579605103e-01,1.869571954011917114e-01,3.505454361438751221e-01,2.017889320850372314e-01,2.305663973093032837e-01,6.690407544374465942e-02,3.632895275950431824e-02,2.440815716981887817e-01,5.912658944725990295e-02,2.348710596561431885e-01,1.503791213035583496e-01,2.316267192363739014e-01,3.083046972751617432e-01,-6.469818949699401855e-02,3.040439784526824951e-01,3.729688525199890137e-01,1.965849995613098145e-01,7.330844551324844360e-02,4.381691217422485352e-01,3.062219321727752686e-01,1.605214327573776245e-01,1.105846464633941650e-01,2.922234311699867249e-02,1.411450207233428955e-01,7.797034829854965210e-02,5.109812691807746887e-02,1.084750071167945862e-01,7.581013441085815430e-02,4.612851142883300781e-02,-1.061828956007957458e-01
1.854907721281051636e-01,1.147775128483772278e-01,3.426598608493804932e-01,2.569298148155212402e-01,2.685596346855163574e-01,1.893029510974884033e-01,2.352751046419143677e-01,2.832266092300415039e-01,5.466809123754501343e-02,2.510347068309783936e-01,1.742285788059234619e-01,4.717236757278442383e-01,2.546527385711669922e-01,4.132245481014251709e-01,1.000000000000000000e+00,3.677037060260772705e-01,1.893515139818191528e-01,1.456362307071685791e-01,8.593200147151947021e-02,1.957218945026397705e-01,2.003915309906005859e-01,1.188429445028305054e-01,1.734011769294738770e-01,-4.509494453668594360e-02,5.839561298489570618e-02,2.302380502223968506e-01,1.934842616319656372e-01,1.293904781341552734e-01,-3.356866165995597839e-02,6.764695793390274048e-02,-2.690595760941505432e-02,-6.442311406135559082e-02,4.005021154880523682e-01,2.695211470127105713e-01,2.106858342885971069e-01,-2.555854059755802155e-02,9.909813851118087769e-02,5.032693743705749512e-01,1.709796041250228882e-01,3.941092267632484436e-02,-6.069404259324073792e-02,6.533066183328628540e-02,1.738914661109447479e-02,2.889981120824813843e-02,2.311141043901443481e-01,1.922890096902847290e-01,-2.398939832346513867e-04,-1.487806886434555054e-01
2.663312852382659912e-01,1.655438691377639771e-01,1.737943291664123535e-01,1.002889871597290039e-01,3.428710997104644775e-01,2.455968111753463745e-01,1.883083581924438477e-01,2.999436259269714355e-01,2.045503705739974976e-01,2.444922924041748047e-01,2.808298170566558838e-01,4.407809376716613770e-01,4.634250700473785400e-01,1.696851998567581177e-01,3.677037060260772705e-01,1.000000000000000000e+00,1.718019694089889526e-01,2.333388179540634155e-01,1.891453564167022705e-01,1.456231623888015747e-01,1.048251390457153320e-01,2.909109294414520264e-01,4.861874580383300781e-01,-4.918057471513748169e-02,1.314729601144790649e-01,1.061637476086616516e-01,2.597291171550750732e-01,1.841485053300857544e-01,-4.193016514182090759e-02,6.008014455437660217e-02,1.529821902513504028e-01,3.838684782385826111e-02,3.641599118709564209e-01,1.883549392223358154e-01,1.766908168792724609e-01,1.178126111626625061e-01,9.733961522579193115e-02,4.005400240421295166e-01,3.724003136157989502e-01,2.206482291221618652e-01,1.083665788173675537e-01,2.237903624773025513e-01,1.430147439241409302e-01,1.082262173295021057e-01,2.044190466403961182e-01,1.852489411830902100e-01,-1.299175899475812912e-02,-1.268414594233036041e-02
2.945690155029296875e-01,1.617950648069381714e-01,4.373881816864013672e-01,2.812999784946441650e-01,2.891573309898376465e-02,1.294199377298355103e-01,8.237054347991943359e-01,1.386305391788482666e-01,8.527305722236633301e-02,1.466726213693618774e-01,6.083528697490692139e-02,1.032424569129943848e-01,-4.051633551716804504e-02,1.599261760711669922e-01,1.893515139818191528e-01,1.718019694089889526e-01,1.000000000000000000e+00,6.880881786346435547e-01,5.805172920227050781e-01,3.907504081726074219e-01,8.123032748699188232e-02,2.690674066543579102e-01,1.926302462816238403e-01,-1.820638179779052734e-01,1.921318173408508301e-01,5.798153281211853027e-01,2.622544765472412109e-01,2.676912248134613037e-01,2.299786359071731567e-01,2.969998307526111603e-02,7.401963323354721069e-02,7.694116979837417603e-02,2.618063092231750488e-01,1.322182863950729370e-01,5.172916129231452942e-02,4.346904903650283813e-02,9.285490959882736206e-02,2.917792499065399170e-01,2.780129946768283844e-02,-1.820899546146392822e-02,7.003202289342880249e-02,3.479632437229156494e-01,4.641280472278594971e-01,4.454555362462997437e-02,1.196190342307090759e-01,3.250202238559722900e-01,-8.877673745155334473e-02,-3.457911610603332520e-01
2.492416352033615112e-01,1.419437378644943237e-01,3.471714556217193604e-01,2.949129641056060791e-01,1.728180646896362305e-01,2.827935516834259033e-01,6.127327680587768555e-01,1.791135966777801514e-01,1.609566211700439453e-01,1.354807019233703613e-01,2.076845914125442505e-01,5.157940089702606201e-02,1.123749464750289917e-01,2.385030537843704224e-01,1.456362307071685791e-01,2.333388179540634155e-01,6.880881786346435547e-01,1.000000000000000000e+00,6.510931849479675293e-01,5.317431092262268066e-01,2.983524799346923828e-01,4.624060988426208496e-01,1.839005500078201294e-01,-7.231134176254272461e-02,2.801055088639259338e-02,4.162139594554901123e-01,1.138544231653213501e-01,2.532092928886413574e-01,2.355510592460632324e-01,4.679386317729949951e-02,2.522004246711730957e-01,4.847775772213935852e-02,1.090828254818916321e-01,1.848662346601486206e-01,7.664452493190765381e-02,3.473445028066635132e-02,1.935732513666152954e-01,1.702007353305816650e-01,-2.011741511523723602e-03,7.473202422261238098e-03,1.745999753475189209e-01,3.227568268775939941e-01,4.168591201305389404e-01,7.514231652021408081e-02,4.388702288269996643e-02,2.911065816879272461e-01,-2.810671366751194000e-02,-2.758403122425079346e-01
3.689321577548980713e-01,1.664773970842361450e-01,1.952055096626281738e-01,2.250960022211074829e-01,3.345012962818145752e-01,4.544671177864074707e-01,5.227071046829223633e-01,1.274454444646835327e-01,1.697622686624526978e-01,2.056445181369781494e-01,8.196330070495605469e-02,9.706406295299530029e-02,1.023073345422744751e-01,1.397043615579605103e-01,8.593200147151947021e-02,1.891453564167022705e-01,5.805172920227050781e-01,6.510931849479675293e-01,1.000000000000000000e+00,6.166086792945861816e-01,2.397467195987701416e-01,3.815495073795318604e-01,-9.681247174739837646e-03,-1.031225398182868958e-01,1.648000776767730713e-01,3.039737939834594727e-01,2.276626378297805786e-01,3.524360358715057373e-01,3.497020304203033447e-01,3.552734106779098511e-02,1.450395137071609497e-01,-1.049791350960731506e-01,1.940759420394897461e-01,9.496004134416580200e-02,-8.854071609675884247e-03,-2.607821114361286163e-02,8.325140923261642456e-02,1.309836953878402710e-01,-6.182754039764404297e-02,-1.034259945154190063e-01,2.481565028429031372e-01,3.616695404052734375e-01,4.535138309001922607e-01,1.626200824975967407e-01,6.882745772600173950e-02,3.402414917945861816e-01,-1.662367731332778931e-01,-2.195200026035308838e-01
2.874993085861206055e-01,2.259298563003540039e-01,1.622963249683380127e-01,2.925258874893188477e-01,3.948379456996917725e-01,4.903024137020111084e-01,3.407936096191406250e-01,1.258490681648254395e-01,2.617506086826324463e-01,4.271402359008789062e-01,1.250225007534027100e-01,2.592240273952484131e-01,2.894775867462158203e-01,1.869571954011917114e-01,1.957218945026397705e-01,1.456231623888015747e-01,3.907504081726074219e-01,5.317431092262268066e-01,6.166086792945861816e-01,1.000000000000000000e+00,5.546217560768127441e-01,5.180898308753967285e-01,3.396004065871238708e-02,1.182230934500694275e-01,6.050816178321838379e-02,2.362686693668365479e-01,1.445493400096893311e-01,3.268222808837890625e-01,2.500209212303161621e-01,1.353354007005691528e-01,2.188785076141357422e-01,3.286116942763328552e-02,1.945329010486602783e-01,1.018735393881797791e-01,1.621107012033462524e-02,5.186205962672829628e-04,5.684581771492958069e-02,1.288208216428756714e-01,2.556290710344910622e-03,1.420670188963413239e-02,3.157797753810882568e-01,2.565491497516632080e-01,3.691171407699584961e-01,1.722914129495620728e-01,1.484039425849914551e-01,4.494423270225524902e-01,3.796052932739257812e-02,-1.399272233247756958e-01
1.836402714252471924e-01,1.039677858352661133e-02,1.810472309589385986e-01,3.024770319461822510e-01,3.391311764717102051e-01,2.328776419162750244e-01,3.462769091129302979e-02,2.024472653865814209e-01,9.067005664110183716e-02,1.863536834716796875e-01,4.311104714870452881e-01,3.902162909507751465e-01,2.331041544675827026e-01,3.505454361438751221e-01,2.003915309906005859e-01,1.048251390457153320e-01,8.123032748699188232e-02,2.983524799346923828e-01,2.397467195987701416e-01,5.546217560768127441e-01,1.000000000000000000e+00,5.697969794273376465e-01,5.107939615845680237e-02,1.290247291326522827e-01,-1.650370508432388306e-01,7.277761120349168777e-03,-4.857457801699638367e-02,2.423229366540908813e-01,5.352314189076423645e-02,3.494022488594055176e-01,4.236361682415008545e-01,-1.102428603917360306e-02,4.937255755066871643e-02,7.945861667394638062e-02,7.000111043453216553e-02,-8.507263660430908203e-02,1.265065073966979980e-01,-7.374158501625061035e-02,-8.222945779561996460e-02,1.842753216624259949e-02,1.544129699468612671e-01,2.275116927921772003e-02,8.848501741886138916e-02,7.154410332441329956e-02,6.230300664901733398e-02,2.228053361177444458e-01,6.586545705795288086e-02,1.160501092672348022e-01
3.751851022243499756e-01,5.687331780791282654e-02,2.173669934272766113e-01,4.345870316028594971e-01,3.749005198478698730e-01,4.139289259910583496e-01,2.424293160438537598e-01,7.057049125432968140e-02,1.858025044202804565e-01,2.854260802268981934e-01,2.470425516366958618e-01,2.839024364948272705e-01,2.366279065608978271e-01,2.017889320850372314e-01,1.188429445028305054e-01,2.909109294414520264e-01,2.690674066543579102e-01,4.624060988426208496e-01,3.815495073795318604e-01,5.180898308753967285e-01,5.697969794273376465e-01,1.000000000000000000e+00,2.057926356792449951e-01,1.159203052520751953e-01,-3.059209696948528290e-02,9.477862715721130371e-02,6.805536895990371704e-02,3.197202086448669434e-01,7.443528622388839722e-02,7.624635845422744751e-02,3.737500011920928955e-01,1.907406300306320190e-01,7.385029643774032593e-02,2.594486437737941742e-02,-1.027216166257858276e-01,3.785097971558570862e-02,1.924857348203659058e-01,-5.923391878604888916e-02,-1.699069142341613770e-02,-7.087031379342079163e-03,2.556846737861633301e-01,1.463860273361206055e-01,1.606111675500869751e-01,5.699996650218963623e-02,3.137381374835968018e-02,2.229151129722595215e-01,1.236148551106452942e-01,9.416872262954711914e-02
6.245214119553565979e-02,1.780432164669036865e-01,7.513629645109176636e-02,-7.719080895185470581e-02,1.137240082025527954e-01,-5.855174735188484192e-02,1.861820966005325317e-01,3.169188797473907471e-01,2.308174669742584229e-01,2.691438496112823486e-01,3.556645810604095459e-01,3.341868221759796143e-01,3.359367251396179199e-01,2.305663973093032837e-01,1.734011769294738770e-01,4.861874580383300781e-01,1.926302462816238403e-01,1.839005500078201294e-01,-9.681247174739837646e-03,3.396004065871238708e-02,5.107939615845680237e-02,2.057926356792449951e-01,1.000000000000000000e+00,1.548043936491012573e-01,-4.184039309620857239e-03,1.267816573381423950e-01,5.543264001607894897e-02,3.307458758354187012e-02,4.644744843244552612e-02,1.795488893985748291e-01,1.928377896547317505e-01,3.167785704135894775e-01,2.303180843591690063e-01,1.504064202308654785e-01,1.276173144578933716e-01,3.228121399879455566e-01,6.796059012413024902e-02,3.567695319652557373e-01,4.847278892993927002e-01,5.806753039360046387e-01,3.243478760123252869e-02,2.122288346290588379e-01,1.647010892629623413e-01,1.161402910947799683e-01,2.412634342908859253e-01,1.759435236454010010e-01,2.718765139579772949e-01,1.228369697928428650e-01
-2.057133167982101440e-01,2.007322907447814941e-01,1.422039791941642761e-02,-2.213016338646411896e-02,1.219141483306884766e-02,-1.231692964211106300e-03,-1.654612123966217041e-01,2.749202772974967957e-02,1.635977774858474731e-01,1.883390545845031738e-01,6.695895642042160034e-02,-3.220541775226593018e-02,2.061153650283813477e-01,6.690407544374465942e-02,-4.509494453668594360e-02,-4.918057471513748169e-02,-1.820638179779052734e-01,-7.231134176254272461e-02,-1.031225398182868958e-01,1.182230934500694275e-01,1.290247291326522827e-01,1.159203052520751953e-01,1.548043936491012573e-01,1.000000000000000000e+00,-2.468017190694808960e-01,-1.523722615092992783e-02,-2.287777662277221680e-01,-8.655754476785659790e-02,9.541185200214385986e-02,3.463819324970245361e-01,3.701506257057189941e-01,4.418837130069732666e-01,-1.023371815681457520e-01,1.575962305068969727e-01,1.256878376007080078e-01,5.758900046348571777e-01,1.040450036525726318e-01,6.980460882186889648e-02,2.116622030735015869e-01,4.500298202037811279e-01,8.108826726675033569e-02,-5.142331495881080627e-02,3.425576910376548767e-02,1.934049427509307861e-01,1.549823284149169922e-01,1.166985332965850830e-01,6.865251064300537109e-01,3.914261460304260254e-01
5.862944126129150391e-01,2.932392060756683350e-01,7.216748595237731934e-02,7.019914686679840088e-02,2.789873182773590088e-01,2.240719944238662720e-01,2.366714179515838623e-01,1.346179246902465820e-01,1.281548142433166504e-01,1.399854421615600586e-01,-1.147977188229560852e-01,1.360065340995788574e-01,9.707879275083541870e-02,3.632895275950431824e-02,5.839561298489570618e-02,1.314729601144790649e-01,1.921318173408508301e-01,2.801055088639259338e-02,1.648000776767730713e-01,6.050816178321838379e-02,-1.650370508432388306e-01,-3.059209696948528290e-02,-4.184039309620857239e-03,-2.468017190694808960e-01,1.000000000000000000e+00,1.519171595573425293e-01,7.638537287712097168e-01,6.050094962120056152e-01,3.467314243316650391e-01,-2.174533456563949585e-01,-6.462438404560089111e-02,-7.176773156970739365e-03,6.319155693054199219e-01,5.028549581766128540e-02,-1.435583829879760742e-02,-6.568131595849990845e-02,7.595868408679962158e-02,1.319536119699478149e-01,9.357501566410064697e-02,-8.777015656232833862e-02,2.459610104560852051e-01,3.383886516094207764e-01,2.027364671230316162e-01,6.160692125558853149e-02,1.497541368007659912e-01,8.601278811693191528e-02,-2.097160816192626953e-01,-3.072490692138671875e-01
1.852013021707534790e-01,3.637710511684417725e-01,5.306244492530822754e-01,2.880090475082397461e-01,-4.041252657771110535e-02,1.410314887762069702e-01,6.663612723350524902e-01,8.503165096044540405e-02,1.722119897603988647e-01,1.784112155437469482e-01,4.423132911324501038e-02,1.004001945257186890e-01,6.174343451857566833e-02,2.440815716981887817e-01,2.302380502223968506e-01,1.061637476086616516e-01,5.798153281211853027e-01,4.162139594554901123e-01,3.039737939834594727e-01,2.362686693668365479e-01,7.277761120349168777e-03,9.477862715721130371e-02,1.267816573381423950e-01,-1.523722615092992783e-02,1.519171595573425293e-01,1.000000000000000000e+00,2.411491423845291138e-01,2.965060174465179443e-01,3.003799021244049072e-01,1.002733036875724792e-01,3.607553243637084961e-02,7.802100479602813721e-02,2.902870774269104004e-01,2.932778000831604004e-01,1.216447725892066956e-01,1.709709465503692627e-01,1.453024148941040039e-01,3.474186956882476807e-01,1.261334121227264404e-01,3.426076844334602356e-02,1.532277166843414307e-01,3.763029575347900391e-01,3.799583017826080322e-01,-7.497541955672204494e-04,2.163861840963363647e-01,2.115517556667327881e-01,5.202426016330718994e-02,-2.738170027732849121e-01
6.452621817588806152e-01,3.764018714427947998e-01,1.822364032268524170e-01,1.935798525810241699e-01,3.454830646514892578e-01,3.273178040981292725e-01,3.355148136615753174e-01,7.718887925148010254e-02,1.767786294221878052e-01,2.101429104804992676e-01,-5.817037820816040039e-02,2.804772853851318359e-01,1.411142498254776001e-01,5.912658944725990295e-02,1.934842616319656372e-01,2.597291171550750732e-01,2.622544765472412109e-01,1.138544231653213501e-01,2.276626378297805786e-01,1.445493400096893311e-01,-4.857457801699638367e-02,6.805536895990371704e-02,5.543264001607894897e-02,-2.287777662277221680e-01,7.638537287712097168e-01,2.411491423845291138e-01,1.000000000000000000e+00,6.653165221214294434e-01,3.562281131744384766e-01,-1.133119463920593262e-01,-1.647266373038291931e-02,4.375555366277694702e-02,6.597506999969482422e-01,1.248751953244209290e-02,4.086652770638465881e-02,-5.613116174936294556e-02,2.850308269262313843e-02,2.041290849447250366e-01,1.089602857828140259e-01,-5.327869951725006104e-02,3.127721548080444336e-01,4.110564291477203369e-01,2.784268260002136230e-01,-4.232620447874069214e-02,3.159887194633483887e-01,1.672764569520950317e-01,-1.407955884933471680e-01,-2.779457867145538330e-01
6.908451914787292480e-01,4.154668450355529785e-01,2.980127036571502686e-01,3.617527186870574951e-01,4.247334599494934082e-01,4.714467823505401611e-01,3.471946120262145996e-01,1.388386189937591553e-01,2.286535799503326416e-01,1.959405392408370972e-01,9.534595161676406860e-02,3.075896501541137695e-01,2.025727033615112305e-01,2.348710596561431885e-01,1.293904781341552734e-01,1.841485053300857544e-01,2.676912248134613037e-01,2.532092928886413574e-01,3.524360358715057373e-01,3.268222808837890625e-01,2.423229366540908813e-01,3.197202086448669434e-01,3.307458758354187012e-02,-8.655754476785659790e-02,6.050094962120056152e-01,2.965060174465179443e-01,6.653165221214294434e-01,1.000000000000000000e+00,5.386907458305358887e-01,5.339026823639869690e-02,1.852741986513137817e-01,2.616586908698081970e-02,5.574814081192016602e-01,9.042546898126602173e-02,3.600820526480674744e-02,2.060518413782119751e-02,2.078555822372436523e-01,1.043497771024703979e-01,4.201260581612586975e-02,-7.574287801980972290e-02,4.910293817520141602e-01,4.662476778030395508e-01,3.398703336715698242e-01,5.123586580157279968e-02,1.992405951023101807e-01,1.339893490076065063e-01,-6.702732294797897339e-02,-2.034585922956466675e-01
2.248664945363998413e-01,5.047624111175537109e-01,7.499267905950546265e-02,2.896355465054512024e-02,1.339475512504577637e-01,2.569926679134368896e-01,2.602770328521728516e-01,1.507232040166854858e-01,1.961124241352081299e-01,1.174373105168342590e-01,2.364872768521308899e-02,-5.529387295246124268e-02,4.842463135719299316e-02,1.503791213035583496e-01,-3.356866165995597839e-02,-4.193016514182090759e-02,2.299786359071731567e-01,2.355510592460632324e-01,3.497020304203033447e-01,2.500209212303161621e-01,5.352314189076423645e-02,7.443528622388839722e-02,4.644744843244552612e-02,9.541185200214385986e-02,3.467314243316650391e-01,3.003799021244049072e-01,3.562281131744384766e-01,5.386907458305358887e-01,1.000000000000000000e+00,2.390547245740890503e-01,1.976166814565658569e-01,5.897019058465957642e-02,3.269971013069152832e-01,1.759667396545410156e-01,1.061685681343078613e-01,2.192600667476654053e-01,1.761336028575897217e-01,1.786458790302276611e-01,1.099300980567932129e-01,1.202705502510070801e-01,4.202455580234527588e-01,4.377804398536682129e-01,4.140953719615936279e-01,1.500012576580047607e-01,2.532321214675903320e-01,1.989702433347702026e-01,3.708835318684577942e-02,-2.414710372686386108e-01
-2.166469544172286987e-01,2.209558784961700439e-01,9.629428386688232422e-02,-1.174064874649047852e-01,-2.633765526115894318e-02,-1.640102714300155640e-01,-1.444107480347156525e-02,1.611233800649642944e-01,1.335486676543951035e-02,1.808903925120830536e-02,2.635220587253570557e-01,1.145660132169723511e-01,1.889462023973464966e-01,2.316267192363739014e-01,6.764695793390274048e-02,6.008014455437660217e-02,2.969998307526111603e-02,4.679386317729949951e-02,3.552734106779098511e-02,1.353354007005691528e-01,3.494022488594055176e-01,7.624635845422744751e-02,1.795488893985748291e-01,3.463819324970245361e-01,-2.174533456563949585e-01,1.002733036875724792e-01,-1.133119463920593262e-01,5.339026823639869690e-02,2.390547245740890503e-01,1.000000000000000000e+00,5.979896187782287598e-01,7.382974773645401001e-02,4.034007713198661804e-02,1.794771254062652588e-01,2.935187816619873047e-01,2.708174884319305420e-01,3.771721571683883667e-02,1.736663132905960083e-01,9.406990557909011841e-02,2.896162271499633789e-01,-1.027627475559711456e-02,1.127927973866462708e-01,2.894697785377502441e-01,1.401896476745605469e-01,2.932888567447662354e-01,2.308292984962463379e-01,2.587226927280426025e-01,1.838796734809875488e-01
4.242043197154998779e-02,1.458039730787277222e-01,1.393574923276901245e-01,3.780140355229377747e-02,1.041902005672454834e-01,-2.911804243922233582e-02,2.249594219028949738e-02,2.284268587827682495e-01,8.499165624380111694e-02,5.883341655135154724e-02,3.919180035591125488e-01,6.251660734415054321e-02,3.029584586620330811e-01,3.083046972751617432e-01,-2.690595760941505432e-02,1.529821902513504028e-01,7.401963323354721069e-02,2.522004246711730957e-01,1.450395137071609497e-01,2.188785076141357422e-01,4.236361682415008545e-01,3.737500011920928955e-01,1.928377896547317505e-01,3.701506257057189941e-01,-6.462438404560089111e-02,3.607553243637084961e-02,-1.647266373038291931e-02,1.852741986513137817e-01,1.976166814565658569e-01,5.979896187782287598e-01,1.000000000000000000e+00,2.684705555438995361e-01,3.876752778887748718e-02,1.762603819370269775e-01,2.003886252641677856e-01,3.247145712375640869e-01,2.097636908292770386e-01,5.588037148118019104e-02,9.727140516042709351e-02,2.325032800436019897e-01,5.364913120865821838e-02,1.547947824001312256e-01,2.200228869915008545e-01,1.332265287637710571e-01,2.186942845582962036e-01,2.453920096158981323e-01,2.832707464694976807e-01,2.052449584007263184e-01
5.133951827883720398e-02,1.638296246528625488e-01,4.749761894345283508e-03,3.748896345496177673e-02,2.059368789196014404e-02,-1.280933525413274765e-02,9.945250302553176880e-02,3.163249045610427856e-02,1.101235672831535339e-01,1.814438998699188232e-01,3.517595306038856506e-02,3.324953466653823853e-02,8.810000866651535034e-02,-6.469818949699401855e-02,-6.442311406135559082e-02,3.838684782385826111e-02,7.694116979837417603e-02,4.847775772213935852e-02,-1.049791350960731506e-01,3.286116942763328552e-02,-1.102428603917360306e-02,1.907406300306320190e-01,3.167785704135894775e-01,4.418837130069732666e-01,-7.176773156970739365e-03,7.802100479602813721e-02,4.375555366277694702e-02,2.616586908698081970e-02,5.897019058465957642e-02,7.382974773645401001e-02,2.684705555438995361e-01,1.000000000000000000e+00,3.869284316897392273e-02,-2.022559754550457001e-02,-7.157546351663768291e-04,4.372690021991729736e-01,2.593480236828327179e-02,5.341368727385997772e-03,2.477063536643981934e-01,2.625159025192260742e-01,1.066685765981674194e-01,9.096863865852355957e-02,1.224270015954971313e-01,3.087178617715835571e-02,2.099745124578475952e-01,1.355320960283279419e-01,6.672361493110656738e-01,1.596855074167251587e-01
5.015160441398620605e-01,4.761336147785186768e-01,1.869063079357147217e-01,8.379872888326644897e-02,3.899884819984436035e-01,2.805972397327423096e-01,3.226214647293090820e-01,4.332940280437469482e-01,2.777906060218811035e-01,3.705452382564544678e-01,1.292143315076828003e-01,4.983583688735961914e-01,3.309808075428009033e-01,3.040439784526824951e-01,4.005021154880523682e-01,3.641599118709564209e-01,2.618063092231750488e-01,1.090828254818916321e-01,1.940759420394897461e-01,1.945329010486602783e-01,4.937255755066871643e-02,7.385029643774032593e-02,2.303180843591690063e-01,-1.023371815681457520e-01,6.319155693054199219e-01,2.902870774269104004e-01,6.597506999969482422e-01,5.574814081192016602e-01,3.269971013069152832e-01,4.034007713198661804e-02,3.876752778887748718e-02,3.869284316897392273e-02,1.000000000000000000e+00,2.250162810087203979e-01,1.538281589746475220e-01,1.209586486220359802e-01,1.349496692419052124e-01,3.894507288932800293e-01,2.573260962963104248e-01,9.960474818944931030e-02,2.790672183036804199e-01,4.035734832286834717e-01,2.861374914646148682e-01,2.169243693351745605e-01,3.893507719039916992e-01,2.795053124427795410e-01,-5.320993065834045410e-02,-2.716886103153228760e-01
