1.000000000000000000e+00,-2.314830720424652100e-01,7.268131375312805176e-01,8.154456615447998047e-01,5.338546633720397949e-01,5.691443085670471191e-01,7.078346610069274902e-01,2.705857753753662109e-01,2.262002080678939819e-01,-3.411316871643066406e-02,1.927136480808258057e-01,1.876645088195800781e-01,5.351594090461730957e-02,2.160719484090805054e-01,2.522965967655181885e-01,1.221697479486465454e-01,6.482004523277282715e-01,2.667909264564514160e-01,2.949554622173309326e-01,4.699607193470001221e-02,-9.444668143987655640e-02,-8.769631385803222656e-02,8.605553954839706421e-02,-8.795934170484542847e-02,2.181133031845092773e-01,5.868133902549743652e-01,3.578563630580902100e-01,7.130360603332519531e-01,3.924624919891357422e-01,-5.660639703273773193e-02,-1.422605663537979126e-01,-9.460119903087615967e-02,2.030539363622665405e-01,1.826766878366470337e-01,5.719875544309616089e-02,5.899716913700103760e-02,3.457334637641906738e-02,6.175765395164489746e-02,6.744464393705129623e-03,1.901349872350692749e-01,1.969860494136810303e-01,-4.046397283673286438e-02,-1.213307082653045654e-01,-4.316951707005500793e-02,-2.984064817428588867e-01,-8.582415431737899780e-02,-1.178366094827651978e-01,1.471019238233566284e-01
-2.314830720424652100e-01,1.000000000000000000e+00,-3.112910389900207520e-01,-3.536526262760162354e-01,-6.837987899780273438e-02,-7.881822995841503143e-03,-2.503486275672912598e-01,2.141629159450531006e-01,7.038560509681701660e-02,3.753688037395477295e-01,-6.047606840729713440e-02,-6.920897960662841797e-02,-2.204128541052341461e-02,-2.783691883087158203e-01,-3.086508810520172119e-01,-2.740173935890197754e-01,-2.170555293560028076e-01,5.762456450611352921e-03,-1.353206671774387360e-02,1.719103157520294189e-01,2.304378002882003784e-01,1.642863452434539795e-01,-2.167588025331497192e-01,-1.085082255303859711e-02,2.491858750581741333e-01,-2.427642643451690674e-01,7.722688466310501099e-02,-1.539114415645599365e-01,-1.203222200274467468e-01,2.411583662033081055e-01,2.003475427627563477e-01,1.564032435417175293e-01,4.129691720008850098e-01,-1.221818998456001282e-01,-7.117205113172531128e-02,-9.890561550855636597e-02,-1.613864153623580933e-01,-2.071392387151718140e-01,-1.881963610649108887e-01,-2.642332017421722412e-01,2.851688563823699951e-01,4.526199698448181152e-01,3.418178856372833252e-01,6.892895698547363281e-01,7.508012056350708008e-01,4.163318276405334473e-01,6.233071163296699524e-02,-2.412599772214889526e-01
7.268131375312805176e-01,-3.112910389900207520e-01,1.000000000000000000e+00,8.638597726821899414e-01,1.691101938486099243e-01,2.355988472700119019e-01,7.231637239456176758e-01,2.899470329284667969e-01,4.293423518538475037e-02,-1.398155689239501953e-01,1.172767281532287598e-01,1.372086852788925171e-01,1.003545522689819336e-01,3.601525127887725830e-01,3.391568064689636230e-01,2.460830062627792358e-01,5.627761483192443848e-01,7.238315045833587646e-02,2.660345844924449921e-02,-1.766140758991241455e-01,-2.454670965671539307e-01,-2.200319766998291016e-01,1.602364033460617065e-01,-1.131956558674573898e-02,4.817805811762809753e-02,7.748302221298217773e-01,2.904524207115173340e-01,6.556516289710998535e-01,2.909108102321624756e-01,-1.737253218889236450e-01,-3.055332303047180176e-01,-1.359372437000274658e-01,-4.146815836429595947e-02,3.700466752052307129e-01,1.915968954563140869e-01,1.760241687297821045e-01,2.415894269943237305e-01,2.230589389801025391e-01,1.413369178771972656e-01,2.534807920455932617e-01,-4.771954193711280823e-02,-2.027499377727508545e-01,-1.984800249338150024e-01,-6.603565067052841187e-02,-3.449086248874664307e-01,-1.819541752338409424e-01,-3.966131806373596191e-02,1.847033649682998657e-01
8.154456615447998047e-01,-3.536526262760162354e-01,8.638597726821899414e-01,1.000000000000000000e+00,3.486389517784118652e-01,3.956066071987152100e-01,8.269422650337219238e-01,1.676519811153411865e-01,1.290621161460876465e-01,-9.464035928249359131e-02,1.122078821063041687e-01,1.676384210586547852e-01,9.385998547077178955e-02,2.572528123855590820e-01,2.808949947357177734e-01,1.943010836839675903e-01,7.153279185295104980e-01,2.618331015110015869e-01,2.143971920013427734e-01,-2.905128151178359985e-02,-1.647439897060394287e-01,-1.147476062178611755e-01,1.406170874834060669e-01,-3.336627408862113953e-02,1.057965680956840515e-01,7.994775176048278809e-01,2.710176706314086914e-01,7.239090204238891602e-01,3.789370954036712646e-01,-1.140367239713668823e-01,-1.844920665025711060e-01,-7.092054933309555054e-02,1.598157919943332672e-02,2.162533253431320190e-01,8.387465775012969971e-02,9.990649670362472534e-02,1.027620285749435425e-01,1.112654358148574829e-01,8.106505870819091797e-02,2.390800267457962036e-01,7.523121684789657593e-02,-1.285960078239440918e-01,-1.356010735034942627e-01,-1.503294110298156738e-01,-3.788782060146331787e-01,-1.326411664485931396e-01,-8.391945809125900269e-02,1.671748310327529907e-01
5.338546633720397949e-01,-6.837987899780273438e-02,1.691101938486099243e-01,3.486389517784118652e-01,1.000000000000000000e+00,6.866294145584106445e-01,4.374058246612548828e-01,-6.815239787101745605e-02,2.360755205154418945e-01,5.541355907917022705e-02,-1.508202054537832737e-03,-1.035775803029537201e-02,-1.122592836618423462e-01,-1.150791794061660767e-01,-6.436864379793405533e-03,-2.870167046785354614e-02,5.159268975257873535e-01,4.913170039653778076e-01,6.306871175765991211e-01,3.917136490345001221e-01,2.155155688524246216e-01,3.046209514141082764e-01,-7.059422135353088379e-02,-1.615376919507980347e-01,1.470540463924407959e-01,1.805080622434616089e-01,1.089639365673065186e-01,3.723950088024139404e-01,3.807663023471832275e-01,2.512028515338897705e-01,2.379100471735000610e-01,7.646536827087402344e-02,2.847993671894073486e-01,-1.084284484386444092e-01,-1.930829584598541260e-01,-1.777649223804473877e-01,-1.758792102336883545e-01,-1.481064409017562866e-01,-1.628849804401397705e-01,-1.926401816308498383e-02,4.709569513797760010e-01,2.957116961479187012e-01,2.597777843475341797e-01,-1.372545212507247925e-01,-1.482072919607162476e-01,1.321127414703369141e-01,-1.566010266542434692e-01,-3.679383546113967896e-02
5.691443085670471191e-01,-7.881822995841503143e-03,2.355988472700119019e-01,3.956066071987152100e-01,6.866294145584106445e-01,1.000000000000000000e+00,4.262031912803649902e-01,1.899921298027038574e-01,2.122210711240768433e-01,4.973062127828598022e-02,1.620939001441001892e-02,1.248987112194299698e-02,-7.177225500345230103e-02,-6.254632771015167236e-02,-7.506172358989715576e-02,-1.285127252340316772e-01,4.702320396900177002e-01,4.182740747928619385e-01,4.816999435424804688e-01,2.999632954597473145e-01,5.829200521111488342e-02,5.475025624036788940e-02,-1.561235934495925903e-01,-1.828677356243133545e-01,8.905790746212005615e-02,2.733546793460845947e-01,1.581859290599822998e-01,4.284650981426239014e-01,3.356304168701171875e-01,6.529084593057632446e-02,7.823431491851806641e-02,-6.213719397783279419e-02,2.828528285026550293e-01,-4.492162726819515228e-03,-1.710793823003768921e-01,-1.625740230083465576e-01,-8.651281148195266724e-02,-1.827898025512695312e-01,-1.871813684701919556e-01,-6.535634398460388184e-02,5.746517777442932129e-01,2.099504023790359497e-01,1.021732315421104431e-01,-3.307463601231575012e-02,-1.440780758857727051e-01,1.108647510409355164e-01,-1.766057908535003662e-01,-6.414871662855148315e-02
7.078346610069274902e-01,-2.503486275672912598e-01,7.231637239456176758e-01,8.269422650337219238e-01,4.374058246612548828e-01,4.262031912803649902e-01,1.000000000000000000e+00,6.001847237348556519e-02,2.074444591999053955e-01,2.809587749652564526e-04,6.754754483699798584e-02,1.327986568212509155e-01,5.117876827716827393e-02,1.894548386335372925e-01,2.260303646326065063e-01,1.864295452833175659e-01,8.637579083442687988e-01,5.344854593276977539e-01,3.939936459064483643e-01,1.561373770236968994e-01,-6.107774004340171814e-02,7.179707288742065430e-02,1.535075604915618896e-01,1.930740289390087128e-02,1.188258379697799683e-01,8.261532187461853027e-01,2.428313195705413818e-01,7.127069234848022461e-01,5.473842620849609375e-01,1.002464517951011658e-01,-1.102743390947580338e-02,5.872816964983940125e-02,1.299887448549270630e-01,1.534213125705718994e-01,8.839933574199676514e-02,7.537560164928436279e-02,4.818631708621978760e-02,7.928755134344100952e-02,8.780316263437271118e-02,2.143623977899551392e-01,2.436288595199584961e-01,1.454261541366577148e-01,1.159542277455329895e-01,-1.748634278774261475e-01,-2.822643816471099854e-01,6.710426509380340576e-02,-4.131952673196792603e-02,1.404555439949035645e-01
2.705857753753662109e-01,2.141629159450531006e-01,2.899470329284667969e-01,1.676519811153411865e-01,-6.815239787101745605e-02,1.899921298027038574e-01,6.001847237348556519e-02,1.000000000000000000e+00,1.358713507652282715e-01,1.335017681121826172e-01,3.677679300308227539e-01,2.594922482967376709e-01,2.718267142772674561e-01,4.123332202434539795e-01,2.463262826204299927e-01,1.864450424909591675e-01,-2.175769302994012833e-03,-2.022506892681121826e-01,-2.701111733913421631e-01,-2.616748511791229248e-01,-2.239072322845458984e-01,-2.433763146400451660e-01,1.382379680871963501e-01,1.134732067584991455e-01,4.989299457520246506e-03,1.764638274908065796e-01,2.695234417915344238e-01,2.818883955478668213e-01,4.818438366055488586e-02,-1.635910868644714355e-01,-3.039358854293823242e-01,-1.694698035717010498e-01,1.648830771446228027e-01,5.974888205528259277e-01,3.346541821956634521e-01,2.649295330047607422e-01,5.158848762512207031e-01,2.991592884063720703e-01,1.745650321245193481e-01,1.171232014894485474e-01,-2.590376697480678558e-02,-1.924480348825454712e-01,-2.414089739322662354e-01,5.133326053619384766e-01,1.598262786865234375e-01,-4.126970469951629639e-02,1.606816202402114868e-01,1.395233571529388428e-01
2.262002080678939819e-01,7.038560509681701660e-02,4.293423518538475037e-02,1.290621161460876465e-01,2.360755205154418945e-01,2.122210711240768433e-01,2.074444591999053955e-01,1.358713507652282715e-01,1.000000000000000000e+00,6.526526808738708496e-01,4.320450723171234131e-01,4.796204864978790283e-01,3.707244396209716797e-01,2.687817066907882690e-02,7.829881459474563599e-02,8.509384095668792725e-02,2.271215319633483887e-01,1.487047374248504639e-01,3.135838508605957031e-01,2.527367174625396729e-01,1.416418999433517456e-01,2.728588879108428955e-01,1.642922610044479370e-01,1.556966751813888550e-01,2.699176035821437836e-02,8.876418322324752808e-02,1.515452861785888672e-01,1.181027740240097046e-01,2.341328263282775879e-01,1.748171746730804443e-01,2.059206515550613403e-01,4.393666684627532959e-01,4.512333869934082031e-01,-1.229487136006355286e-01,5.654418095946311951e-02,8.492904156446456909e-02,-3.486379235982894897e-02,2.840636856853961945e-02,9.799255430698394775e-02,1.709476262331008911e-01,2.143142521381378174e-01,3.388498425483703613e-01,2.139994949102401733e-01,1.587308347225189209e-01,1.373490095138549805e-01,5.127670764923095703e-01,1.866011023521423340e-01,1.287986934185028076e-01
-3.411316871643066406e-02,3.753688037395477295e-01,-1.398155689239501953e-01,-9.464035928249359131e-02,5.541355907917022705e-02,4.973062127828598022e-02,2.809587749652564526e-04,1.335017681121826172e-01,6.526526808738708496e-01,1.000000000000000000e+00,3.200773000717163086e-01,4.967112839221954346e-01,4.592973887920379639e-01,-8.888184092938899994e-03,2.572751045227050781e-02,5.294844135642051697e-02,7.949633896350860596e-02,1.807669848203659058e-01,2.676963210105895996e-01,3.596276044845581055e-01,3.294176757335662842e-01,3.977589011192321777e-01,1.501039713621139526e-01,2.368849068880081177e-01,1.296480596065521240e-01,-1.082659140229225159e-01,-3.016402758657932281e-02,-9.349435567855834961e-02,-1.670144684612751007e-02,1.997969001531600952e-01,3.232147097587585449e-01,5.045122504234313965e-01,4.209147691726684570e-01,-1.673242598772048950e-01,-9.165330231189727783e-02,-9.777988307178020477e-03,1.383144315332174301e-02,-1.909780502319335938e-02,5.184698477387428284e-02,4.587062448263168335e-02,1.215315163135528564e-01,4.449424445629119873e-01,3.862231969833374023e-01,3.681591749191284180e-01,5.215195417404174805e-01,7.120228409767150879e-01,2.552482485771179199e-01,1.045650988817214966e-02
1.927136480808258057e-01,-6.047606840729713440e-02,1.172767281532287598e-01,1.122078821063041687e-01,-1.508202054537832737e-03,1.620939001441001892e-02,6.754754483699798584e-02,3.677679300308227539e-01,4.320450723171234131e-01,3.200773000717163086e-01,1.000000000000000000e+00,7.850980758666992188e-01,6.972927451133728027e-01,4.921675622463226318e-01,5.139673948287963867e-01,4.287998974323272705e-01,7.059068232774734497e-02,-3.770578280091285706e-02,-1.509781926870346069e-02,8.247440308332443237e-02,1.948761194944381714e-01,1.987139880657196045e-01,4.583115279674530029e-01,4.779556393623352051e-01,8.086552470922470093e-02,4.143404215574264526e-02,3.177717030048370361e-01,1.362813413143157959e-01,1.262417733669281006e-01,1.389043331146240234e-01,1.500727534294128418e-01,2.908788323402404785e-01,3.056521713733673096e-01,2.411517351865768433e-01,4.979341030120849609e-01,4.827901422977447510e-01,2.638211548328399658e-01,4.949254095554351807e-01,4.197628200054168701e-01,3.160077631473541260e-01,-5.773562192916870117e-02,-3.519933298230171204e-02,-2.449565753340721130e-02,7.982358336448669434e-02,2.897315844893455505e-02,1.335453540086746216e-01,5.044283866882324219e-01,4.104152917861938477e-01
1.876645088195800781e-01,-6.920897960662841797e-02,1.372086852788925171e-01,1.676384210586547852e-01,-1.035775803029537201e-02,1.248987112194299698e-02,1.327986568212509155e-01,2.594922482967376709e-01,4.796204864978790283e-01,4.967112839221954346e-01,7.850980758666992188e-01,1.000000000000000000e+00,8.259248137474060059e-01,4.808527827262878418e-01,5.538066029548645020e-01,5.158072710037231445e-01,1.269818097352981567e-01,1.770426332950592041e-02,8.829295635223388672e-02,1.781861037015914917e-01,2.613259255886077881e-01,3.068648874759674072e-01,5.474544167518615723e-01,5.671720504760742188e-01,1.575445532798767090e-01,7.218112051486968994e-02,2.651963233947753906e-01,6.069064140319824219e-02,6.412583589553833008e-02,8.811251074075698853e-02,1.972646564245223999e-01,4.418656229972839355e-01,3.502580821514129639e-01,1.061627045273780823e-01,4.064161479473114014e-01,4.688551127910614014e-01,2.425347268581390381e-01,4.818186759948730469e-01,4.834792613983154297e-01,3.762179315090179443e-01,-8.240372687578201294e-02,6.701528280973434448e-02,8.857902139425277710e-02,3.624907881021499634e-02,6.629399955272674561e-02,2.967356443405151367e-01,5.428763628005981445e-01,4.440089464187622070e-01
5.351594090461730957e-02,-2.204128541052341461e-02,1.003545522689819336e-01,9.385998547077178955e-02,-1.122592836618423462e-01,-7.177225500345230103e-02,5.117876827716827393e-02,2.718267142772674561e-01,3.707244396209716797e-01,4.592973887920379639e-01,6.972927451133728027e-01,8.259248137474060059e-01,1.000000000000000000e+00,5.394261479377746582e-01,5.839707255363464355e-01,5.689275860786437988e-01,1.614044047892093658e-02,-6.352519243955612183e-02,3.619072958827018738e-02,1.592490971088409424e-01,2.658188641071319580e-01,3.149594068527221680e-01,5.945511460304260254e-01,6.598179340362548828e-01,6.623666733503341675e-02,2.800551988184452057e-02,1.665747165679931641e-01,-6.601448357105255127e-02,-1.865617185831069946e-02,3.302396461367607117e-02,1.889899969100952148e-01,4.998236596584320068e-01,2.286885380744934082e-01,1.942074149847030640e-01,4.311054944992065430e-01,5.508396625518798828e-01,3.613785803318023682e-01,5.660325288772583008e-01,5.611222386360168457e-01,4.188179969787597656e-01,-1.212278902530670166e-01,4.378616064786911011e-02,1.187957376241683960e-01,3.315799683332443237e-02,1.437138915061950684e-01,3.306720852851867676e-01,6.611585021018981934e-01,4.705931842327117920e-01
2.160719484090805054e-01,-2.783691883087158203e-01,3.601525127887725830e-01,2.572528123855590820e-01,-1.150791794061660767e-01,-6.254632771015167236e-02,1.894548386335372925e-01,4.123332202434539795e-01,2.687817066907882690e-02,-8.888184092938899994e-03,4.921675622463226318e-01,4.808527827262878418e-01,5.394261479377746582e-01,1.000000000000000000e+00,7.955049276351928711e-01,6.790063977241516113e-01,1.216452792286872864e-01,-1.076480224728584290e-01,-1.288971602916717529e-01,-1.289738565683364868e-01,-5.672673135995864868e-02,-7.918106392025947571e-03,5.761337280273437500e-01,4.766128063201904297e-01,-4.455310851335525513e-02,2.227402776479721069e-01,2.352011799812316895e-01,1.633221656084060669e-01,9.388238936662673950e-02,-6.274048984050750732e-02,-9.529232978820800781e-02,3.095752745866775513e-02,-4.678006097674369812e-02,6.362292766571044922e-01,5.263080596923828125e-01,5.603440999984741211e-01,7.077437639236450195e-01,7.697068452835083008e-01,6.040965318679809570e-01,5.029979944229125977e-01,-2.585043609142303467e-01,-2.573360204696655273e-01,-1.495829075574874878e-01,-1.586795300245285034e-01,-1.602868288755416870e-01,-9.923759847879409790e-02,4.590384960174560547e-01,4.407881498336791992e-01
2.522965967655181885e-01,-3.086508810520172119e-01,3.391568064689636230e-01,2.808949947357177734e-01,-6.436864379793405533e-03,-7.506172358989715576e-02,2.260303646326065063e-01,2.463262826204299927e-01,7.829881459474563599e-02,2.572751045227050781e-02,5.139673948287963867e-01,5.538066029548645020e-01,5.839707255363464355e-01,7.955049276351928711e-01,1.000000000000000000e+00,8.089168667793273926e-01,1.642608046531677246e-01,-6.279618293046951294e-02,-1.353635080158710480e-02,-7.792875170707702637e-02,3.416126221418380737e-02,1.716726720333099365e-01,7.352394461631774902e-01,5.498891472816467285e-01,9.880159795284271240e-02,1.897856593132019043e-01,2.912783324718475342e-01,1.137985512614250183e-01,8.250445872545242310e-02,-3.522507101297378540e-02,-3.970947489142417908e-02,1.590695679187774658e-01,-5.727401003241539001e-02,4.905732274055480957e-01,5.677517652511596680e-01,6.240894794464111328e-01,5.658826231956481934e-01,8.128539323806762695e-01,6.906538009643554688e-01,6.058515310287475586e-01,-3.378359079360961914e-01,-1.781241744756698608e-01,-7.223693281412124634e-02,-2.013694196939468384e-01,-1.381936371326446533e-01,-4.284697771072387695e-02,5.144358277320861816e-01,6.068572998046875000e-01
1.221697479486465454e-01,-2.740173935890197754e-01,2.460830062627792358e-01,1.943010836839675903e-01,-2.870167046785354614e-02,-1.285127252340316772e-01,1.864295452833175659e-01,1.864450424909591675e-01,8.509384095668792725e-02,5.294844135642051697e-02,4.287998974323272705e-01,5.158072710037231445e-01,5.689275860786437988e-01,6.790063977241516113e-01,8.089168667793273926e-01,1.000000000000000000e+00,6.641359627246856689e-02,-1.531699001789093018e-01,-1.104885041713714600e-01,-2.121084332466125488e-01,-1.549907475709915161e-01,1.009660512208938599e-01,8.620969653129577637e-01,6.507869958877563477e-01,9.000194817781448364e-02,1.954838335514068604e-01,2.096289992332458496e-01,4.654080048203468323e-02,8.774209022521972656e-02,-1.248223409056663513e-01,-1.423896551132202148e-01,1.778086721897125244e-01,-1.548599302768707275e-01,4.214978218078613281e-01,6.214229464530944824e-01,7.498471736907958984e-01,5.681065320968627930e-01,8.290190100669860840e-01,8.414026498794555664e-01,7.504865527153015137e-01,-3.739871978759765625e-01,-1.661065071821212769e-01,-1.081722602248191833e-01,-1.866933256387710571e-01,-1.643961668014526367e-01,-5.697049945592880249e-02,5.938035249710083008e-01,7.399590015411376953e-01
6.482004523277282715e-01,-2.170555293560028076e-01,5.627761483192443848e-01,7.153279185295104980e-01,5.159268975257873535e-01,4.702320396900177002e-01,8.637579083442687988e-01,-2.175769302994012833e-03,2.271215319633483887e-01,7.949633896350860596e-02,7.059068232774734497e-02,1.269818097352981567e-01,1.614044047892093658e-02,1.216452792286872864e-01,1.642608046531677246e-01,6.641359627246856689e-02,1.000000000000000000e+00,7.329011559486389160e-01,5.724116563796997070e-01,3.668401241302490234e-01,1.486047655344009399e-01,2.480165660381317139e-01,5.170643702149391174e-02,-5.287203565239906311e-02,1.292006224393844604e-01,6.760777831077575684e-01,1.411641836166381836e-01,6.407798528671264648e-01,4.998176395893096924e-01,2.659374475479125977e-01,2.057369053363800049e-01,1.233851462602615356e-01,1.905197203159332275e-01,7.254049181938171387e-02,-4.717038199305534363e-02,-7.577745616436004639e-02,-2.329744398593902588e-02,-4.257682338356971741e-02,-5.126858130097389221e-02,9.122816473245620728e-02,3.188215494155883789e-01,2.405249774456024170e-01,2.337524890899658203e-01,-1.695335954427719116e-01,-1.876126825809478760e-01,1.365502327680587769e-01,-1.022285297513008118e-01,2.391369640827178955e-02
2.667909264564514160e-01,5.762456450611352921e-03,7.238315045833587646e-02,2.618331015110015869e-01,4.913170039653778076e-01,4.182740747928619385e-01,5.344854593276977539e-01,-2.022506892681121826e-01,1.487047374248504639e-01,1.807669848203659058e-01,-3.770578280091285706e-02,1.770426332950592041e-02,-6.352519243955612183e-02,-1.076480224728584290e-01,-6.279618293046951294e-02,-1.531699001789093018e-01,7.329011559486389160e-01,1.000000000000000000e+00,6.875215768814086914e-01,6.360939145088195801e-01,4.259033799171447754e-01,5.027237534523010254e-01,-1.143105998635292053e-01,-9.895081818103790283e-02,7.668467611074447632e-02,2.829806506633758545e-01,-2.959959767758846283e-02,3.267677724361419678e-01,4.225825369358062744e-01,5.376969575881958008e-01,5.660037398338317871e-01,2.420726865530014038e-01,2.836408615112304688e-01,-1.543266326189041138e-01,-2.331839650869369507e-01,-2.657337784767150879e-01,-1.960252076387405396e-01,-2.356168627738952637e-01,-2.191108912229537964e-01,-1.300679445266723633e-01,4.753125905990600586e-01,4.524728953838348389e-01,4.805344343185424805e-01,-1.441343575716018677e-01,6.346542388200759888e-02,3.372935652732849121e-01,-1.136654093861579895e-01,-1.812372952699661255e-01
2.949554622173309326e-01,-1.353206671774387360e-02,2.660345844924449921e-02,2.143971920013427734e-01,6.306871175765991211e-01,4.816999435424804688e-01,3.939936459064483643e-01,-2.701111733913421631e-01,3.135838508605957031e-01,2.676963210105895996e-01,-1.509781926870346069e-02,8.829295635223388672e-02,3.619072958827018738e-02,-1.288971602916717529e-01,-1.353635080158710480e-02,-1.104885041713714600e-01,5.724116563796997070e-01,6.875215768814086914e-01,1.000000000000000000e+00,7.953855991363525391e-01,5.852188467979431152e-01,6.298134922981262207e-01,-1.082739010453224182e-01,-8.117444068193435669e-02,1.490840762853622437e-01,5.838022381067276001e-02,-5.475534498691558838e-02,9.670234471559524536e-02,1.835464537143707275e-01,3.727434873580932617e-01,5.218015313148498535e-01,3.752443790435791016e-01,3.472297787666320801e-01,-3.004640042781829834e-01,-3.378104567527770996e-01,-3.098984956741333008e-01,-2.564721405506134033e-01,-2.474752664566040039e-01,-2.523215115070343018e-01,-1.205948889255523682e-01,4.767723679542541504e-01,5.617479085922241211e-01,6.047189831733703613e-01,-1.946529746055603027e-01,3.114485554397106171e-02,4.595914781093597412e-01,-1.163882389664649963e-01,-1.431493014097213745e-01
4.699607193470001221e-02,1.719103157520294189e-01,-1.766140758991241455e-01,-2.905128151178359985e-02,3.917136490345001221e-01,2.999632954597473145e-01,1.561373770236968994e-01,-2.616748511791229248e-01,2.527367174625396729e-01,3.596276044845581055e-01,8.247440308332443237e-02,1.781861037015914917e-01,1.592490971088409424e-01,-1.289738565683364868e-01,-7.792875170707702637e-02,-2.121084332466125488e-01,3.668401241302490234e-01,6.360939145088195801e-01,7.953855991363525391e-01,1.000000000000000000e+00,8.143051266670227051e-01,7.342342734336853027e-01,-1.825145483016967773e-01,-3.582929074764251709e-02,1.099325269460678101e-01,-1.324236392974853516e-01,-5.348980426788330078e-02,-5.759914964437484741e-02,1.045977473258972168e-01,5.250042676925659180e-01,7.198821306228637695e-01,4.625014364719390869e-01,4.856249988079071045e-01,-3.609712123870849609e-01,-2.971434593200683594e-01,-3.264699280261993408e-01,-2.800224125385284424e-01,-2.658728957176208496e-01,-2.980863153934478760e-01,-2.597083151340484619e-01,4.863641262054443359e-01,6.328331828117370605e-01,7.157524228096008301e-01,-8.452935516834259033e-02,2.377544641494750977e-01,5.789392590522766113e-01,-1.727881655097007751e-02,-2.327535450458526611e-01
-9.444668143987655640e-02,2.304378002882003784e-01,-2.454670965671539307e-01,-1.647439897060394287e-01,2.155155688524246216e-01,5.829200521111488342e-02,-6.107774004340171814e-02,-2.239072322845458984e-01,1.416418999433517456e-01,3.294176757335662842e-01,1.948761194944381714e-01,2.613259255886077881e-01,2.658188641071319580e-01,-5.672673135995864868e-02,3.416126221418380737e-02,-1.549907475709915161e-01,1.486047655344009399e-01,4.259033799171447754e-01,5.852188467979431152e-01,8.143051266670227051e-01,1.000000000000000000e+00,7.604458928108215332e-01,-1.347557455301284790e-01,4.118203744292259216e-02,2.008403390645980835e-01,-3.003910779953002930e-01,6.992509122937917709e-03,-2.020279169082641602e-01,-7.236315310001373291e-02,5.512932538986206055e-01,7.381075024604797363e-01,4.664483368396759033e-01,4.741360843181610107e-01,-3.331805467605590820e-01,-1.698284894227981567e-01,-2.440391629934310913e-01,-2.513030171394348145e-01,-1.517181545495986938e-01,-2.328899353742599487e-01,-2.805219590663909912e-01,2.760864198207855225e-01,5.268845558166503906e-01,6.650936603546142578e-01,2.765386307146400213e-04,3.620014488697052002e-01,5.128302574157714844e-01,8.439040929079055786e-02,-1.977081894874572754e-01
-8.769631385803222656e-02,1.642863452434539795e-01,-2.200319766998291016e-01,-1.147476062178611755e-01,3.046209514141082764e-01,5.475025624036788940e-02,7.179707288742065430e-02,-2.433763146400451660e-01,2.728588879108428955e-01,3.977589011192321777e-01,1.987139880657196045e-01,3.068648874759674072e-01,3.149594068527221680e-01,-7.918106392025947571e-03,1.716726720333099365e-01,1.009660512208938599e-01,2.480165660381317139e-01,5.027237534523010254e-01,6.298134922981262207e-01,7.342342734336853027e-01,7.604458928108215332e-01,1.000000000000000000e+00,1.638739705085754395e-01,2.395797967910766602e-01,1.533676534891128540e-01,-1.688841879367828369e-01,1.093466486781835556e-02,-1.793844252824783325e-01,2.862968109548091888e-02,5.607320666313171387e-01,7.707763910293579102e-01,6.443547606468200684e-01,4.194408953189849854e-01,-2.383834570646286011e-01,-5.907747521996498108e-02,-6.491567939519882202e-02,-1.166300997138023376e-01,1.991964131593704224e-02,1.476413104683160782e-02,-3.118438459932804108e-02,2.167946696281433105e-01,5.745737552642822266e-01,7.035861015319824219e-01,-7.534711807966232300e-02,3.010389208793640137e-01,5.880272984504699707e-01,2.840299904346466064e-01,1.986693963408470154e-02
8.605553954839706421e-02,-2.167588025331497192e-01,1.602364033460617065e-01,1.406170874834060669e-01,-7.059422135353088379e-02,-1.561235934495925903e-01,1.535075604915618896e-01,1.382379680871963501e-01,1.642922610044479370e-01,1.501039713621139526e-01,4.583115279674530029e-01,5.474544167518615723e-01,5.945511460304260254e-01,5.761337280273437500e-01,7.352394461631774902e-01,8.620969653129577637e-01,5.170643702149391174e-02,-1.143105998635292053e-01,-1.082739010453224182e-01,-1.825145483016967773e-01,-1.347557455301284790e-01,1.638739705085754395e-01,1.000000000000000000e+00,7.327542304992675781e-01,1.272318065166473389e-01,1.524808406829833984e-01,1.771067231893539429e-01,2.239014394581317902e-02,4.743686318397521973e-02,-1.124139577150344849e-01,-8.072433620691299438e-02,3.247565627098083496e-01,-1.288924813270568848e-01,2.916150391101837158e-01,5.718232989311218262e-01,7.603332400321960449e-01,4.614045321941375732e-01,7.472703456878662109e-01,8.663984537124633789e-01,8.153800368309020996e-01,-3.409504294395446777e-01,-1.311744302511215210e-01,-9.734615683555603027e-02,-1.602765023708343506e-01,-9.928273409605026245e-02,8.645123802125453949e-03,6.680456399917602539e-01,8.353753685951232910e-01
-8.795934170484542847e-02,-1.085082255303859711e-02,-1.131956558674573898e-02,-3.336627408862113953e-02,-1.615376919507980347e-01,-1.828677356243133545e-01,1.930740289390087128e-02,1.134732067584991455e-01,1.556966751813888550e-01,2.368849068880081177e-01,4.779556393623352051e-01,5.671720504760742188e-01,6.598179340362548828e-01,4.766128063201904297e-01,5.498891472816467285e-01,6.507869958877563477e-01,-5.287203565239906311e-02,-9.895081818103790283e-02,-8.117444068193435669e-02,-3.582929074764251709e-02,4.118203744292259216e-02,2.395797967910766602e-01,7.327542304992675781e-01,1.000000000000000000e+00,9.771337360143661499e-02,5.040201824158430099e-03,8.467569202184677124e-02,-1.541343778371810913e-01,-3.643569350242614746e-02,-1.206119637936353683e-02,8.237235248088836670e-02,5.549095273017883301e-01,9.530168026685714722e-03,2.018028944730758667e-01,4.940934181213378906e-01,7.572638988494873047e-01,3.869205117225646973e-01,6.447507739067077637e-01,7.444795966148376465e-01,6.140329241752624512e-01,-2.143349051475524902e-01,4.356826841831207275e-02,5.101535469293594360e-02,-5.086763575673103333e-02,1.239974573254585266e-01,1.759301126003265381e-01,8.500708341598510742e-01,6.584598422050476074e-01
2.181133031845092773e-01,2.491858750581741333e-01,4.817805811762809753e-02,1.057965680956840515e-01,1.470540463924407959e-01,8.905790746212005615e-02,1.188258379697799683e-01,4.989299457520246506e-03,2.699176035821437836e-02,1.296480596065521240e-01,8.086552470922470093e-02,1.575445532798767090e-01,6.623666733503341675e-02,-4.455310851335525513e-02,9.880159795284271240e-02,9.000194817781448364e-02,1.292006224393844604e-01,7.668467611074447632e-02,1.490840762853622437e-01,1.099325269460678101e-01,2.008403390645980835e-01,1.533676534891128540e-01,1.272318065166473389e-01,9.771337360143661499e-02,1.000000000000000000e+00,-2.061009779572486877e-02,4.108621180057525635e-01,9.143690019845962524e-02,-7.291588187217712402e-02,6.279648840427398682e-02,5.315820500254631042e-02,8.244523406028747559e-02,3.117766976356506348e-01,-3.061534166336059570e-01,8.812060952186584473e-02,6.912995129823684692e-02,-3.188186287879943848e-01,-9.415414184331893921e-03,6.042842566967010498e-02,5.408915504813194275e-02,3.280904516577720642e-02,2.112506628036499023e-01,1.488171368837356567e-01,2.049203962087631226e-01,1.864876002073287964e-01,1.008817330002784729e-01,2.635131217539310455e-02,1.683627665042877197e-01
5.868133902549743652e-01,-2.427642643451690674e-01,7.748302221298217773e-01,7.994775176048278809e-01,1.805080622434616089e-01,2.733546793460845947e-01,8.261532187461853027e-01,1.764638274908065796e-01,8.876418322324752808e-02,-1.082659140229225159e-01,4.143404215574264526e-02,7.218112051486968994e-02,2.800551988184452057e-02,2.227402776479721069e-01,1.897856593132019043e-01,1.954838335514068604e-01,6.760777831077575684e-01,2.829806506633758545e-01,5.838022381067276001e-02,-1.324236392974853516e-01,-3.003910779953002930e-01,-1.688841879367828369e-01,1.524808406829833984e-01,5.040201824158430099e-03,-2.061009779572486877e-02,1.000000000000000000e+00,2.372555881738662720e-01,7.248733639717102051e-01,4.786312878131866455e-01,-5.455351620912551880e-02,-2.098244279623031616e-01,-8.608003705739974976e-02,-2.969390526413917542e-02,2.956993281841278076e-01,1.947180330753326416e-01,1.657235324382781982e-01,1.703581362962722778e-01,1.411109268665313721e-01,1.506217867136001587e-01,2.396827340126037598e-01,9.380303323268890381e-02,-8.336552232503890991e-02,-1.118743717670440674e-01,-9.848019480705261230e-02,-3.427072465419769287e-01,-1.243417561054229736e-01,-3.049184381961822510e-02,1.679626703262329102e-01
3.578563630580902100e-01,7.722688466310501099e-02,2.904524207115173340e-01,2.710176706314086914e-01,1.089639365673065186e-01,1.581859290599822998e-01,2.428313195705413818e-01,2.695234417915344238e-01,1.515452861785888672e-01,-3.016402758657932281e-02,3.177717030048370361e-01,2.651963233947753906e-01,1.665747165679931641e-01,2.352011799812316895e-01,2.912783324718475342e-01,2.096289992332458496e-01,1.411641836166381836e-01,-2.959959767758846283e-02,-5.475534498691558838e-02,-5.348980426788330078e-02,6.992509122937917709e-03,1.093466486781835556e-02,1.771067231893539429e-01,8.467569202184677124e-02,4.108621180057525635e-01,2.372555881738662720e-01,1.000000000000000000e+00,3.956392407417297363e-01,3.789954781532287598e-01,2.116567641496658325e-01,-9.210631251335144043e-03,-4.665563255548477173e-02,4.670940339565277100e-01,1.522591412067413330e-01,4.700668156147003174e-01,2.725674808025360107e-01,2.248449251055717468e-02,2.397064715623855591e-01,2.036321461200714111e-01,1.410222351551055908e-01,8.949631452560424805e-02,9.144225716590881348e-02,6.052581593394279480e-02,7.256256043910980225e-02,-8.340733498334884644e-02,6.424312293529510498e-02,1.357843428850173950e-01,2.051161974668502808e-01
7.130360603332519531e-01,-1.539114415645599365e-01,6.556516289710998535e-01,7.239090204238891602e-01,3.723950088024139404e-01,4.284650981426239014e-01,7.127069234848022461e-01,2.818883955478668213e-01,1.181027740240097046e-01,-9.349435567855834961e-02,1.362813413143157959e-01,6.069064140319824219e-02,-6.601448357105255127e-02,1.633221656084060669e-01,1.137985512614250183e-01,4.654080048203468323e-02,6.407798528671264648e-01,3.267677724361419678e-01,9.670234471559524536e-02,-5.759914964437484741e-02,-2.020279169082641602e-01,-1.793844252824783325e-01,2.239014394581317902e-02,-1.541343778371810913e-01,9.143690019845962524e-02,7.248733639717102051e-01,3.956392407417297363e-01,1.000000000000000000e+00,6.486908793449401855e-01,1.462638378143310547e-01,-1.290582716464996338e-01,-2.473424524068832397e-01,1.602579206228256226e-01,2.813619375228881836e-01,1.418123394250869751e-01,4.604905843734741211e-02,9.464903920888900757e-02,2.678438648581504822e-02,-7.797414436936378479e-03,9.051769971847534180e-02,2.417181432247161865e-01,-4.133422300219535828e-02,-1.136813089251518250e-01,-9.440644644200801849e-03,-3.137205839157104492e-01,-1.522845774888992310e-01,-1.466970443725585938e-01,5.095295608043670654e-02
3.924624919891357422e-01,-1.203222200274467468e-01,2.909108102321624756e-01,3.789370954036712646e-01,3.807663023471832275e-01,3.356304168701171875e-01,5.473842620849609375e-01,4.818438366055488586e-02,2.341328263282775879e-01,-1.670144684612751007e-02,1.262417733669281006e-01,6.412583589553833008e-02,-1.865617185831069946e-02,9.388238936662673950e-02,8.250445872545242310e-02,8.774209022521972656e-02,4.998176395893096924e-01,4.225825369358062744e-01,1.835464537143707275e-01,1.045977473258972168e-01,-7.236315310001373291e-02,2.862968109548091888e-02,4.743686318397521973e-02,-3.643569350242614746e-02,-7.291588187217712402e-02,4.786312878131866455e-01,3.789954781532287598e-01,6.486908793449401855e-01,1.000000000000000000e+00,4.676953554153442383e-01,1.445188820362091064e-01,-6.517277657985687256e-02,2.507310509681701660e-01,2.076805382966995239e-01,2.819550037384033203e-01,1.410565376281738281e-01,3.387594223022460938e-02,1.122737005352973938e-01,9.205509722232818604e-02,4.795934259891510010e-02,3.412275612354278564e-01,2.263494580984115601e-01,1.609370708465576172e-01,-1.665238440036773682e-01,-2.398099154233932495e-01,9.445259720087051392e-02,1.276933960616588593e-02,2.711219899356365204e-02
-5.660639703273773193e-02,2.411583662033081055e-01,-1.737253218889236450e-01,-1.140367239713668823e-01,2.512028515338897705e-01,6.529084593057632446e-02,1.002464517951011658e-01,-1.635910868644714355e-01,1.748171746730804443e-01,1.997969001531600952e-01,1.389043331146240234e-01,8.811251074075698853e-02,3.302396461367607117e-02,-6.274048984050750732e-02,-3.522507101297378540e-02,-1.248223409056663513e-01,2.659374475479125977e-01,5.376969575881958008e-01,3.727434873580932617e-01,5.250042676925659180e-01,5.512932538986206055e-01,5.607320666313171387e-01,-1.124139577150344849e-01,-1.206119637936353683e-02,6.279648840427398682e-02,-5.455351620912551880e-02,2.116567641496658325e-01,1.462638378143310547e-01,4.676953554153442383e-01,1.000000000000000000e+00,7.470610737800598145e-01,2.739235162734985352e-01,4.551939964294433594e-01,-6.774833798408508301e-02,9.279122203588485718e-02,-5.855047702789306641e-02,-1.507816910743713379e-01,-5.160352587699890137e-02,-1.012797057628631592e-01,-2.103093266487121582e-01,3.597598075866699219e-01,5.310044288635253906e-01,5.817655324935913086e-01,1.362092141062021255e-02,2.655724287033081055e-01,3.826647996902465820e-01,1.133019551634788513e-01,-2.063444852828979492e-01
-1.422605663537979126e-01,2.003475427627563477e-01,-3.055332303047180176e-01,-1.844920665025711060e-01,2.379100471735000610e-01,7.823431491851806641e-02,-1.102743390947580338e-02,-3.039358854293823242e-01,2.059206515550613403e-01,3.232147097587585449e-01,1.500727534294128418e-01,1.972646564245223999e-01,1.889899969100952148e-01,-9.529232978820800781e-02,-3.970947489142417908e-02,-1.423896551132202148e-01,2.057369053363800049e-01,5.660037398338317871e-01,5.218015313148498535e-01,7.198821306228637695e-01,7.381075024604797363e-01,7.707763910293579102e-01,-8.072433620691299438e-02,8.237235248088836670e-02,5.315820500254631042e-02,-2.098244279623031616e-01,-9.210631251335144043e-03,-1.290582716464996338e-01,1.445188820362091064e-01,7.470610737800598145e-01,1.000000000000000000e+00,5.283327102661132812e-01,4.386907517910003662e-01,-2.985251545906066895e-01,-1.524151712656021118e-01,-1.589808613061904907e-01,-2.406458109617233276e-01,-1.224466338753700256e-01,-1.369714736938476562e-01,-1.967092305421829224e-01,3.447772860527038574e-01,5.171394348144531250e-01,6.224150657653808594e-01,-8.126728236675262451e-02,3.152510523796081543e-01,4.957284927368164062e-01,1.832001507282257080e-01,-1.849832087755203247e-01
-9.460119903087615967e-02,1.564032435417175293e-01,-1.359372437000274658e-01,-7.092054933309555054e-02,7.646536827087402344e-02,-6.213719397783279419e-02,5.872816964983940125e-02,-1.694698035717010498e-01,4.393666684627532959e-01,5.045122504234313965e-01,2.908788323402404785e-01,4.418656229972839355e-01,4.998236596584320068e-01,3.095752745866775513e-02,1.590695679187774658e-01,1.778086721897125244e-01,1.233851462602615356e-01,2.420726865530014038e-01,3.752443790435791016e-01,4.625014364719390869e-01,4.664483368396759033e-01,6.443547606468200684e-01,3.247565627098083496e-01,5.549095273017883301e-01,8.244523406028747559e-02,-8.608003705739974976e-02,-4.665563255548477173e-02,-2.473424524068832397e-01,-6.517277657985687256e-02,2.739235162734985352e-01,5.283327102661132812e-01,1.000000000000000000e+00,3.366887271404266357e-01,-2.546586692333221436e-01,1.366230007261037827e-02,2.258359789848327637e-01,-8.225106447935104370e-02,9.756859391927719116e-02,2.387088090181350708e-01,2.464158087968826294e-01,1.382329016923904419e-01,4.426098763942718506e-01,4.835256338119506836e-01,2.828183118253946304e-03,3.029720485210418701e-01,5.606400966644287109e-01,5.610474348068237305e-01,2.775584161281585693e-01
