1.000000000000000000e+00,1.621443033218383789e-01,5.673102736473083496e-01,6.784793138504028320e-01,1.506428271532058716e-01,1.870018541812896729e-01,3.800562322139739990e-01,1.927010267972946167e-01,-7.202915847301483154e-02,7.638265192508697510e-02,1.984764784574508667e-01,3.768993318080902100e-01,4.643568694591522217e-01,2.795863151550292969e-01,5.233934521675109863e-01,4.100062847137451172e-01,3.436196148395538330e-01,5.048402547836303711e-01,3.784016966819763184e-01,4.367735087871551514e-01,4.533057510852813721e-01,4.657472670078277588e-01,3.138768374919891357e-01,2.583980858325958252e-01,4.556881487369537354e-01,3.678244054317474365e-01,3.070289790630340576e-01,6.340278983116149902e-01,5.288457274436950684e-01,3.250662386417388916e-01,4.214610755443572998e-01,1.921498179435729980e-01,4.133211374282836914e-01,-8.457702398300170898e-02,-5.363231152296066284e-02,2.167763262987136841e-01,1.852791309356689453e-01,1.321780234575271606e-01,2.360700219869613647e-01,2.069666981697082520e-01,1.012540906667709351e-01,2.611032873392105103e-02,1.474463790655136108e-01,7.416202127933502197e-02,7.432184368371963501e-02,1.141743659973144531e-01,2.213599532842636108e-01,3.334267437458038330e-01
1.621443033218383789e-01,1.000000000000000000e+00,6.655993312597274780e-02,3.392279148101806641e-02,1.831540316343307495e-01,2.913954555988311768e-01,2.837701439857482910e-01,1.109281256794929504e-01,9.263487160205841064e-02,2.193942070007324219e-01,-8.914321660995483398e-02,-4.295068234205245972e-02,2.657638490200042725e-01,-1.950776763260364532e-02,5.291222408413887024e-02,1.868775933980941772e-01,1.843698173761367798e-01,2.759340703487396240e-01,3.004339039325714111e-01,3.644674718379974365e-01,-3.887917473912239075e-02,2.032484859228134155e-01,2.197676748037338257e-01,2.248888611793518066e-01,-5.255938973277807236e-03,2.513488829135894775e-01,2.837140671908855438e-02,1.078353375196456909e-01,2.852608561515808105e-01,-5.181195959448814392e-02,1.883658766746520996e-01,1.905661076307296753e-01,1.969549059867858887e-01,-6.884293258190155029e-02,-1.011645346879959106e-01,1.651505976915359497e-01,-1.313567440956830978e-02,4.136359319090843201e-02,2.677484154701232910e-01,1.666015833616256714e-01,3.152501583099365234e-01,2.227336168289184570e-01,2.532217502593994141e-01,4.906701743602752686e-01,5.888494849205017090e-01,3.509603440761566162e-01,2.385665923357009888e-01,2.801347970962524414e-01
5.673102736473083496e-01,6.655993312597274780e-02,1.000000000000000000e+00,6.378128528594970703e-01,2.739330232143402100e-01,1.360213607549667358e-01,3.606429398059844971e-01,3.128741383552551270e-01,1.644929051399230957e-01,1.620539873838424683e-01,2.925031483173370361e-01,3.939651548862457275e-01,4.053376317024230957e-01,3.195461034774780273e-01,3.847693204879760742e-01,4.755848944187164307e-01,1.722126752138137817e-01,3.389540612697601318e-01,2.245860993862152100e-01,2.304707318544387817e-01,3.645566999912261963e-01,3.851076662540435791e-01,2.759988605976104736e-01,2.294526696205139160e-01,2.694389522075653076e-01,3.908346295356750488e-01,2.766160070896148682e-01,4.540395438671112061e-01,4.494742751121520996e-01,2.975571751594543457e-01,3.130127489566802979e-01,1.439630091190338135e-01,4.082737863063812256e-01,1.002599298954010010e-01,6.976836919784545898e-02,1.685731261968612671e-01,2.047423124313354492e-01,1.610945761203765869e-01,1.781855970621109009e-01,1.592694818973541260e-01,-1.467797458171844482e-01,-3.872190043330192566e-02,-1.531729549169540405e-01,9.255947172641754150e-02,1.139517277479171753e-01,1.027674600481987000e-01,1.510901004076004028e-01,2.428889423608779907e-01
6.784793138504028320e-01,3.392279148101806641e-02,6.378128528594970703e-01,1.000000000000000000e+00,1.485207378864288330e-01,1.493241041898727417e-01,3.193509578704833984e-01,7.295988500118255615e-02,-4.044525697827339172e-02,4.875965416431427002e-02,1.450865119695663452e-01,3.406575918197631836e-01,3.796562254428863525e-01,2.120216637849807739e-01,4.205752611160278320e-01,3.668000698089599609e-01,2.276090085506439209e-01,3.559438884258270264e-01,3.269375860691070557e-01,2.886393964290618896e-01,4.261345267295837402e-01,3.952150642871856689e-01,1.634701043367385864e-01,1.256823688745498657e-01,3.186233639717102051e-01,3.516164422035217285e-01,1.545131802558898926e-01,6.040149927139282227e-01,3.927086293697357178e-01,2.857000529766082764e-01,2.935247421264648438e-01,5.519316717982292175e-02,1.790667921304702759e-01,-1.065401826053857803e-02,4.386453330516815186e-02,7.740473002195358276e-02,1.874685585498809814e-01,1.213015466928482056e-01,5.659316107630729675e-02,5.834095552563667297e-02,-2.809559926390647888e-02,-5.633374676108360291e-02,-3.682828694581985474e-02,-6.221602670848369598e-03,2.762418426573276520e-02,5.924414470791816711e-02,8.179617673158645630e-02,1.459679603576660156e-01
1.506428271532058716e-01,1.831540316343307495e-01,2.739330232143402100e-01,1.485207378864288330e-01,1.000000000000000000e+00,4.545623660087585449e-01,4.495215713977813721e-01,2.347730398178100586e-01,1.686160117387771606e-01,2.178529500961303711e-01,1.523363441228866577e-01,2.575407624244689941e-01,3.100993037223815918e-01,-6.650256365537643433e-02,7.736522704362869263e-03,1.897988766431808472e-01,2.645766437053680420e-01,2.645936310291290283e-01,2.014448493719100952e-01,3.011413514614105225e-01,1.345178633928298950e-01,1.547648459672927856e-01,1.103029623627662659e-01,2.236365228891372681e-01,1.023335605859756470e-01,2.018227726221084595e-01,-6.528582423925399780e-02,1.543847173452377319e-01,1.711819618940353394e-01,1.065086275339126587e-01,1.489254683256149292e-01,1.405455321073532104e-01,1.637473851442337036e-01,-1.097997883334755898e-03,-6.756515800952911377e-02,1.834966093301773071e-01,-5.477394536137580872e-02,-5.629283562302589417e-02,1.856220811605453491e-01,2.217901349067687988e-01,3.038665950298309326e-01,2.196197360754013062e-01,9.202297031879425049e-02,1.127466782927513123e-01,1.121230795979499817e-01,1.817671805620193481e-01,2.264271378517150879e-01,2.203919291496276855e-01
1.870018541812896729e-01,2.913954555988311768e-01,1.360213607549667358e-01,1.493241041898727417e-01,4.545623660087585449e-01,1.000000000000000000e+00,5.251800417900085449e-01,1.720830649137496948e-01,7.733531296253204346e-02,2.802469730377197266e-01,-2.312031760811805725e-02,-4.414730705320835114e-03,3.013590276241302490e-01,6.776791065931320190e-02,3.795834258198738098e-02,3.244095146656036377e-01,3.864332139492034912e-01,3.738813102245330811e-01,4.888021349906921387e-01,4.898811280727386475e-01,4.070699214935302734e-02,2.209761887788772583e-01,2.362908124923706055e-01,2.012203186750411987e-01,9.361200965940952301e-03,3.101440966129302979e-01,-1.574314087629318237e-01,1.392711699008941650e-01,2.906906604766845703e-01,-2.483053691685199738e-02,1.355859488248825073e-01,2.477226108312606812e-01,-8.951412141323089600e-02,2.013137750327587128e-02,-1.062902063131332397e-01,1.627937406301498413e-01,3.785984590649604797e-02,1.163540706038475037e-01,2.071604579687118530e-01,2.769289314746856689e-01,3.203085660934448242e-01,4.719586074352264404e-01,4.037019908428192139e-01,5.648585781455039978e-02,3.154632747173309326e-01,4.547094106674194336e-01,2.799384891986846924e-01,2.909508049488067627e-01
3.800562322139739990e-01,2.837701439857482910e-01,3.606429398059844971e-01,3.193509578704833984e-01,4.495215713977813721e-01,5.251800417900085449e-01,1.000000000000000000e+00,3.713876903057098389e-01,2.817640006542205811e-01,3.334989547729492188e-01,-2.152130752801895142e-02,9.334200620651245117e-02,4.227463006973266602e-01,2.049469649791717529e-01,9.664810448884963989e-02,4.333975911140441895e-01,7.386916875839233398e-01,6.771579980850219727e-01,6.013410687446594238e-01,5.387476682662963867e-01,7.739627733826637268e-03,4.196410775184631348e-01,5.355190038681030273e-01,4.433583617210388184e-01,8.974975347518920898e-02,6.533194184303283691e-01,-1.185971871018409729e-01,2.774769365787506104e-01,5.030934214591979980e-01,8.929529041051864624e-02,3.383409678936004639e-01,4.161441922187805176e-01,1.931009590625762939e-01,-3.104124777019023895e-02,-8.975794911384582520e-02,4.511058628559112549e-01,2.243331670761108398e-01,2.392112761735916138e-01,3.993962109088897705e-01,5.175734162330627441e-01,2.598758041858673096e-01,3.044410347938537598e-01,3.162749111652374268e-01,1.525029987096786499e-01,1.750219315290451050e-01,4.091097712516784668e-01,4.104225933551788330e-01,5.188638567924499512e-01
1.927010267972946167e-01,1.109281256794929504e-01,3.128741383552551270e-01,7.295988500118255615e-02,2.347730398178100586e-01,1.720830649137496948e-01,3.713876903057098389e-01,1.000000000000000000e+00,3.097612857818603516e-01,2.333934158086776733e-01,2.958947122097015381e-01,2.861878275871276855e-01,2.936514914035797119e-01,3.491633534431457520e-01,2.719062864780426025e-01,3.726381659507751465e-01,2.821755707263946533e-01,2.891449630260467529e-01,2.229958027601242065e-01,2.263325750827789307e-01,1.256203651428222656e-01,2.548761069774627686e-01,4.479369521141052246e-01,2.603832185268402100e-01,1.132174953818321228e-01,2.232194542884826660e-01,7.098479568958282471e-02,2.539961412549018860e-02,1.343077123165130615e-01,7.423707842826843262e-02,1.907639652490615845e-01,2.221234589815139771e-01,2.497960925102233887e-01,4.390210807323455811e-01,5.078713595867156982e-02,2.609167098999023438e-01,3.519892692565917969e-01,2.064207196235656738e-01,2.504769265651702881e-01,2.700761854648590088e-01,-1.968950591981410980e-02,1.100438013672828674e-01,3.625637665390968323e-02,2.426749318838119507e-01,1.808609217405319214e-01,3.291340768337249756e-01,2.270182520151138306e-01,2.895884215831756592e-01
-7.202915847301483154e-02,9.263487160205841064e-02,1.644929051399230957e-01,-4.044525697827339172e-02,1.686160117387771606e-01,7.733531296253204346e-02,2.817640006542205811e-01,3.097612857818603516e-01,1.000000000000000000e+00,4.654514491558074951e-01,1.550528109073638916e-01,1.349846422672271729e-01,1.044969931244850159e-01,-4.430397599935531616e-02,-1.643688082695007324e-01,1.658501327037811279e-01,2.425647228956222534e-01,1.699926853179931641e-01,1.752368807792663574e-01,1.604496091604232788e-01,-9.063658863306045532e-02,1.766842231154441833e-02,1.670843809843063354e-01,8.083786815404891968e-02,-7.333834469318389893e-02,1.398721039295196533e-01,-4.134598001837730408e-02,-4.683883860707283020e-02,1.059540063142776489e-01,1.541241165250539780e-02,4.321492090821266174e-02,5.687709525227546692e-02,1.550426781177520752e-01,1.856628619134426117e-02,-2.069065161049365997e-02,1.341067850589752197e-01,-3.601294755935668945e-02,5.800930038094520569e-02,1.204768270254135132e-01,1.303960829973220825e-01,-1.036206856369972229e-01,1.374883800745010376e-01,-1.542311627417802811e-02,2.396454662084579468e-01,1.894311010837554932e-01,3.244484364986419678e-01,9.118747897446155548e-03,1.297585070133209229e-01
7.638265192508697510e-02,2.193942070007324219e-01,1.620539873838424683e-01,4.875965416431427002e-02,2.178529500961303711e-01,2.802469730377197266e-01,3.334989547729492188e-01,2.333934158086776733e-01,4.654514491558074951e-01,1.000000000000000000e+00,7.775755971670150757e-02,2.515924572944641113e-01,2.260335534811019897e-01,7.799793034791946411e-02,2.827107906341552734e-02,7.711088657379150391e-02,3.546878993511199951e-01,2.056456506252288818e-01,2.629529237747192383e-01,2.610853910446166992e-01,6.964917480945587158e-02,-1.784929633140563965e-02,4.599112272262573242e-02,-4.888219386339187622e-02,5.534295737743377686e-02,2.652510106563568115e-01,-1.901235990226268768e-02,2.063774019479751587e-01,3.112277388572692871e-01,1.890227757394313812e-02,5.893192719668149948e-03,-7.420680671930313110e-02,5.370339378714561462e-03,3.819973766803741455e-02,-2.651195228099822998e-01,-1.569987088441848755e-02,-2.230349183082580566e-02,1.945837736129760742e-01,-3.792245313525199890e-02,2.839936874806880951e-02,1.782010346651077271e-01,3.339681625366210938e-01,1.793958097696304321e-01,2.376632690429687500e-01,3.376148939132690430e-01,5.351769924163818359e-01,-2.773142606019973755e-02,6.655304133892059326e-02
1.984764784574508667e-01,-8.914321660995483398e-02,2.925031483173370361e-01,1.450865119695663452e-01,1.523363441228866577e-01,-2.312031760811805725e-02,-2.152130752801895142e-02,2.958947122097015381e-01,1.550528109073638916e-01,7.775755971670150757e-02,1.000000000000000000e+00,5.071136951446533203e-01,2.909365296363830566e-01,7.816801965236663818e-02,3.100335896015167236e-01,1.573450565338134766e-01,-5.610049888491630554e-02,1.215098351240158081e-01,-3.088039346039295197e-02,9.011330455541610718e-02,3.859554231166839600e-01,1.916671544313430786e-01,-2.727486193180084229e-02,4.159510880708694458e-02,6.667047739028930664e-02,-6.258833408355712891e-02,1.395944654941558838e-01,5.435017123818397522e-02,2.777196466922760010e-02,2.305616587400436401e-01,2.680554389953613281e-01,-4.692313447594642639e-02,2.767736911773681641e-01,1.786748021841049194e-01,1.433326601982116699e-01,3.306039143353700638e-03,-7.327656727284193039e-03,8.124668896198272705e-02,2.182216197252273560e-02,-7.650418579578399658e-02,-3.243910893797874451e-02,-3.190185874700546265e-02,-1.456484198570251465e-02,-8.939195424318313599e-02,-6.017585471272468567e-02,-7.923977077007293701e-02,-4.533399641513824463e-02,-4.879284277558326721e-02
3.768993318080902100e-01,-4.295068234205245972e-02,3.939651548862457275e-01,3.406575918197631836e-01,2.575407624244689941e-01,-4.414730705320835114e-03,9.334200620651245117e-02,2.861878275871276855e-01,1.349846422672271729e-01,2.515924572944641113e-01,5.071136951446533203e-01,1.000000000000000000e+00,3.292799592018127441e-01,1.153940707445144653e-01,3.485806882381439209e-01,1.509924829006195068e-01,1.181645765900611877e-01,1.830921620130538940e-01,-3.842315077781677246e-02,6.435834616422653198e-02,5.668789148330688477e-01,1.831094324588775635e-01,-6.580355018377304077e-02,-4.372997581958770752e-02,3.826274871826171875e-01,-1.337052229791879654e-02,2.930270731449127197e-01,4.328446984291076660e-01,1.891516149044036865e-01,4.768969416618347168e-01,2.690755128860473633e-01,-9.723285585641860962e-02,2.495719343423843384e-01,7.290054857730865479e-02,3.061417862772941589e-02,-6.575109809637069702e-02,9.307228028774261475e-02,1.311823539435863495e-02,-4.006791487336158752e-02,-1.295122206211090088e-01,-8.599313907325267792e-03,-2.610148396342992783e-03,-8.501437306404113770e-02,-9.512726217508316040e-03,1.684714481234550476e-02,-3.974076360464096069e-03,-9.930838644504547119e-02,-5.189279466867446899e-02
4.643568694591522217e-01,2.657638490200042725e-01,4.053376317024230957e-01,3.796562254428863525e-01,3.100993037223815918e-01,3.013590276241302490e-01,4.227463006973266602e-01,2.936514914035797119e-01,1.044969931244850159e-01,2.260335534811019897e-01,2.909365296363830566e-01,3.292799592018127441e-01,1.000000000000000000e+00,2.370274513959884644e-01,2.998715937137603760e-01,5.283607840538024902e-01,2.645783126354217529e-01,5.510156750679016113e-01,3.852159976959228516e-01,5.140293240547180176e-01,3.714110553264617920e-01,6.873809695243835449e-01,4.442633688449859619e-01,5.074921846389770508e-01,1.206913739442825317e-01,3.730428218841552734e-01,1.975326426327228546e-02,3.197245895862579346e-01,4.263787269592285156e-01,2.872450947761535645e-01,6.252072453498840332e-01,3.936211764812469482e-01,2.855699956417083740e-01,7.824022322893142700e-03,-1.305714249610900879e-01,3.972954154014587402e-01,1.472321003675460815e-01,1.569871306419372559e-01,4.518238306045532227e-01,3.001322746276855469e-01,3.072552382946014404e-01,2.554567456245422363e-01,1.071428358554840088e-01,6.791909784078598022e-02,2.762784361839294434e-01,2.652778029441833496e-01,4.857071638107299805e-01,4.409902691841125488e-01
2.795863151550292969e-01,-1.950776763260364532e-02,3.195461034774780273e-01,2.120216637849807739e-01,-6.650256365537643433e-02,6.776791065931320190e-02,2.049469649791717529e-01,3.491633534431457520e-01,-4.430397599935531616e-02,7.799793034791946411e-02,7.816801965236663818e-02,1.153940707445144653e-01,2.370274513959884644e-01,1.000000000000000000e+00,3.158117234706878662e-01,2.563213407993316650e-01,1.575975865125656128e-01,2.563924193382263184e-01,1.988691240549087524e-01,2.301888614892959595e-01,1.726877540349960327e-01,1.686428785324096680e-01,2.543911039829254150e-01,1.430796980857849121e-01,1.447790861129760742e-01,1.370848417282104492e-01,9.107824414968490601e-02,1.631970405578613281e-01,3.011330962181091309e-01,4.198576509952545166e-02,9.848836064338684082e-02,1.277333945035934448e-01,1.353551000356674194e-01,2.304747700691223145e-01,1.253807265311479568e-02,1.261196583509445190e-01,5.846731662750244141e-01,3.754116296768188477e-01,1.333135068416595459e-01,1.303343474864959717e-01,4.917208850383758545e-02,7.462646812200546265e-02,1.122353598475456238e-01,-1.328751677647233009e-04,8.421790599822998047e-02,1.443203091621398926e-01,1.103385388851165771e-01,1.279172003269195557e-01
5.233934521675109863e-01,5.291222408413887024e-02,3.847693204879760742e-01,4.205752611160278320e-01,7.736522704362869263e-03,3.795834258198738098e-02,9.664810448884963989e-02,2.719062864780426025e-01,-1.643688082695007324e-01,2.827107906341552734e-02,3.100335896015167236e-01,3.485806882381439209e-01,2.998715937137603760e-01,3.158117234706878662e-01,1.000000000000000000e+00,3.737807869911193848e-01,-7.645555771887302399e-03,2.255104482173919678e-01,8.697402477264404297e-02,1.694753319025039673e-01,2.918491363525390625e-01,3.452892899513244629e-01,2.514871060848236084e-01,1.499063968658447266e-01,2.125122547149658203e-01,1.689041107892990112e-01,2.356767356395721436e-01,3.519109487533569336e-01,3.068229258060455322e-01,1.274882256984710693e-01,2.152048647403717041e-01,9.476145356893539429e-02,2.357814908027648926e-01,2.155440151691436768e-01,3.273387625813484192e-02,1.137014701962471008e-01,1.522775739431381226e-01,3.182288408279418945e-01,1.756658554077148438e-01,1.066967248916625977e-01,-1.008264161646366119e-02,-5.251167342066764832e-02,-3.066286072134971619e-02,-1.273668464273214340e-02,6.408048421144485474e-02,1.896445453166961670e-02,1.392385512590408325e-01,2.320519983768463135e-01
4.100062847137451172e-01,1.868775933980941772e-01,4.755848944187164307e-01,3.668000698089599609e-01,1.897988766431808472e-01,3.244095146656036377e-01,4.333975911140441895e-01,3.726381659507751465e-01,1.658501327037811279e-01,7.711088657379150391e-02,1.573450565338134766e-01,1.509924829006195068e-01,5.283607840538024902e-01,2.563213407993316650e-01,3.737807869911193848e-01,1.000000000000000000e+00,1.507900208234786987e-01,5.756220221519470215e-01,4.191158413887023926e-01,3.791760206222534180e-01,5.272281914949417114e-02,7.270165085792541504e-01,6.783009767532348633e-01,5.976742506027221680e-01,6.765846163034439087e-02,3.249616622924804688e-01,4.634063318371772766e-02,2.385528683662414551e-01,3.684509098529815674e-01,2.169309258460998535e-01,5.951961874961853027e-01,5.894652605056762695e-01,2.993426620960235596e-01,1.352623943239450455e-02,5.235954374074935913e-02,5.824782848358154297e-01,1.881005913019180298e-01,2.237348109483718872e-01,6.611905694007873535e-01,4.977305829524993896e-01,5.623047053813934326e-02,1.240514293313026428e-01,6.629636883735656738e-02,6.787645071744918823e-02,1.494494825601577759e-01,2.093670219182968140e-01,5.987374186515808105e-01,6.166076064109802246e-01
3.436196148395538330e-01,1.843698173761367798e-01,1.722126752138137817e-01,2.276090085506439209e-01,2.645766437053680420e-01,3.864332139492034912e-01,7.386916875839233398e-01,2.821755707263946533e-01,2.425647228956222534e-01,3.546878993511199951e-01,-5.610049888491630554e-02,1.181645765900611877e-01,2.645783126354217529e-01,1.575975865125656128e-01,-7.645555771887302399e-03,1.507900208234786987e-01,1.000000000000000000e+00,5.918312072753906250e-01,5.635910034179687500e-01,4.782102406024932861e-01,1.271349489688873291e-01,2.098474502563476562e-01,2.793876528739929199e-01,1.454354226589202881e-01,1.845275163650512695e-01,4.843142330646514893e-01,-5.895670130848884583e-02,3.146954178810119629e-01,4.639573097229003906e-01,1.176891699433326721e-01,2.070713341236114502e-01,1.837724894285202026e-01,6.928500533103942871e-02,-1.774987019598484039e-02,9.647498838603496552e-03,1.865465342998504639e-01,1.713572889566421509e-01,1.759649515151977539e-01,1.228164881467819214e-01,2.967413067817687988e-01,2.259051054716110229e-01,3.008097708225250244e-01,3.744667172431945801e-01,9.976711124181747437e-02,1.476022601127624512e-01,4.151980876922607422e-01,1.275659799575805664e-01,2.449803948402404785e-01
5.048402547836303711e-01,2.759340703487396240e-01,3.389540612697601318e-01,3.559438884258270264e-01,2.645936310291290283e-01,3.738813102245330811e-01,6.771579980850219727e-01,2.891449630260467529e-01,1.699926853179931641e-01,2.056456506252288818e-01,1.215098351240158081e-01,1.830921620130538940e-01,5.510156750679016113e-01,2.563924193382263184e-01,2.255104482173919678e-01,5.756220221519470215e-01,5.918312072753906250e-01,1.000000000000000000e+00,6.269555687904357910e-01,6.478898525238037109e-01,1.970086991786956787e-01,6.421173810958862305e-01,4.926154017448425293e-01,4.429310858249664307e-01,1.436834335327148438e-01,4.837791919708251953e-01,-4.017642140388488770e-02,2.944697439670562744e-01,5.072067975997924805e-01,2.059260904788970947e-01,5.707359313964843750e-01,4.578035175800323486e-01,2.136059701442718506e-01,-9.973219782114028931e-02,-2.714262343943119049e-02,4.368964731693267822e-01,2.346646040678024292e-01,1.473999172449111938e-01,4.923810660839080811e-01,3.914142549037933350e-01,2.482991814613342285e-01,2.275011241436004639e-01,2.916393876075744629e-01,8.047804236412048340e-02,1.232102289795875549e-01,3.062566816806793213e-01,4.314320683479309082e-01,4.524774551391601562e-01
3.784016966819763184e-01,3.004339039325714111e-01,2.245860993862152100e-01,3.269375860691070557e-01,2.014448493719100952e-01,4.888021349906921387e-01,6.013410687446594238e-01,2.229958027601242065e-01,1.752368807792663574e-01,2.629529237747192383e-01,-3.088039346039295197e-02,-3.842315077781677246e-02,3.852159976959228516e-01,1.988691240549087524e-01,8.697402477264404297e-02,4.191158413887023926e-01,5.635910034179687500e-01,6.269555687904357910e-01,1.000000000000000000e+00,6.213180422782897949e-01,7.677557412534952164e-03,4.234910011291503906e-01,4.082934260368347168e-01,3.137129247188568115e-01,1.089301183819770813e-01,4.465474188327789307e-01,-1.036190390586853027e-01,2.460670322179794312e-01,4.538265466690063477e-01,-2.190856449306011200e-02,3.088244199752807617e-01,3.348439633846282959e-01,1.155015155673027039e-01,-5.370422080159187317e-02,-8.908743411302566528e-02,2.848298847675323486e-01,1.553919017314910889e-01,1.693296432495117188e-01,2.900790870189666748e-01,3.201333582401275635e-01,2.171485722064971924e-01,2.984103560447692871e-01,4.176837801933288574e-01,5.176702514290809631e-03,2.308880239725112915e-01,4.583246409893035889e-01,3.225145041942596436e-01,3.636640012264251709e-01
4.367735087871551514e-01,3.644674718379974365e-01,2.304707318544387817e-01,2.886393964290618896e-01,3.011413514614105225e-01,4.898811280727386475e-01,5.387476682662963867e-01,2.263325750827789307e-01,1.604496091604232788e-01,2.610853910446166992e-01,9.011330455541610718e-02,6.435834616422653198e-02,5.140293240547180176e-01,2.301888614892959595e-01,1.694753319025039673e-01,3.791760206222534180e-01,4.782102406024932861e-01,6.478898525238037109e-01,6.213180422782897949e-01,1.000000000000000000e+00,2.810780405998229980e-01,4.163232445716857910e-01,3.556517362594604492e-01,3.097645044326782227e-01,5.366676673293113708e-02,3.904283940792083740e-01,-7.927196472883224487e-02,2.330366075038909912e-01,4.570717215538024902e-01,7.140827924013137817e-02,3.667908012866973877e-01,3.428025841712951660e-01,1.761296093463897705e-01,1.544525963254272938e-03,-5.449107289314270020e-02,2.955507934093475342e-01,2.096550166606903076e-01,8.591115474700927734e-02,3.588566184043884277e-01,3.034162521362304688e-01,3.086804151535034180e-01,3.614242970943450928e-01,3.898158967494964600e-01,1.792761832475662231e-01,2.029659301042556763e-01,4.027879238128662109e-01,3.053462207317352295e-01,4.014593958854675293e-01
4.533057510852813721e-01,-3.887917473912239075e-02,3.645566999912261963e-01,4.261345267295837402e-01,1.345178633928298950e-01,4.070699214935302734e-02,7.739627733826637268e-03,1.256203651428222656e-01,-9.063658863306045532e-02,6.964917480945587158e-02,3.859554231166839600e-01,5.668789148330688477e-01,3.714110553264617920e-01,1.726877540349960327e-01,2.918491363525390625e-01,5.272281914949417114e-02,1.271349489688873291e-01,1.970086991786956787e-01,7.677557412534952164e-03,2.810780405998229980e-01,1.000000000000000000e+00,2.158043533563613892e-01,-1.654814481735229492e-01,-1.603006869554519653e-01,3.078901171684265137e-01,-4.110702779144048691e-03,3.005614578723907471e-01,4.301624298095703125e-01,2.585970461368560791e-01,4.967658817768096924e-01,3.385246396064758301e-01,-1.771856546401977539e-01,1.194281205534934998e-01,1.522200703620910645e-01,1.167596727609634399e-01,-1.850143224000930786e-01,1.509488672018051147e-01,4.710709676146507263e-02,-1.152189895510673523e-01,-2.295631468296051025e-01,6.895092129707336426e-02,1.021853536367416382e-01,5.847026780247688293e-02,-6.026875227689743042e-02,-1.786738261580467224e-02,-8.550402708351612091e-03,-1.526141166687011719e-01,-1.566875725984573364e-01
4.657472670078277588e-01,2.032484859228134155e-01,3.851076662540435791e-01,3.952150642871856689e-01,1.547648459672927856e-01,2.209761887788772583e-01,4.196410775184631348e-01,2.548761069774627686e-01,1.766842231154441833e-02,-1.784929633140563965e-02,1.916671544313430786e-01,1.831094324588775635e-01,6.873809695243835449e-01,1.686428785324096680e-01,3.452892899513244629e-01,7.270165085792541504e-01,2.098474502563476562e-01,6.421173810958862305e-01,4.234910011291503906e-01,4.163232445716857910e-01,2.158043533563613892e-01,1.000000000000000000e+00,5.922693014144897461e-01,6.352968811988830566e-01,8.606398850679397583e-02,3.571605980396270752e-01,5.705009773373603821e-02,2.335718125104904175e-01,3.333800137042999268e-01,3.216679692268371582e-01,8.041399717330932617e-01,6.094939112663269043e-01,3.121158480644226074e-01,-4.652066156268119812e-02,5.299646034836769104e-02,5.912615060806274414e-01,1.421248763799667358e-01,1.639803647994995117e-01,6.696376800537109375e-01,4.344225823879241943e-01,1.098642125725746155e-01,8.016692847013473511e-02,7.887518405914306641e-02,4.428752072271890938e-05,9.917709231376647949e-02,1.128841042518615723e-01,6.218358278274536133e-01,5.862717032432556152e-01
3.138768374919891357e-01,2.197676748037338257e-01,2.759988605976104736e-01,1.634701043367385864e-01,1.103029623627662659e-01,2.362908124923706055e-01,5.355190038681030273e-01,4.479369521141052246e-01,1.670843809843063354e-01,4.599112272262573242e-02,-2.727486193180084229e-02,-6.580355018377304077e-02,4.442633688449859619e-01,2.543911039829254150e-01,2.514871060848236084e-01,6.783009767532348633e-01,2.793876528739929199e-01,4.926154017448425293e-01,4.082934260368347168e-01,3.556517362594604492e-01,-1.654814481735229492e-01,5.922693014144897461e-01,1.000000000000000000e+00,7.597030997276306152e-01,-3.315522894263267517e-02,4.793496131896972656e-01,-8.326999098062515259e-02,6.233093887567520142e-02,3.424302339553833008e-01,2.768391557037830353e-02,4.608913362026214600e-01,7.087764739990234375e-01,3.248732089996337891e-01,2.288379520177841187e-02,-7.032217085361480713e-02,7.401248216629028320e-01,2.344363927841186523e-01,1.526550948619842529e-01,7.008571624755859375e-01,7.085523605346679688e-01,1.014186814427375793e-01,1.051633730530738831e-01,1.127066016197204590e-01,1.643293946981430054e-01,1.240264251828193665e-01,2.940832972526550293e-01,7.248507738113403320e-01,7.848138213157653809e-01
2.583980858325958252e-01,2.248888611793518066e-01,2.294526696205139160e-01,1.256823688745498657e-01,2.236365228891372681e-01,2.012203186750411987e-01,4.433583617210388184e-01,2.603832185268402100e-01,8.083786815404891968e-02,-4.888219386339187622e-02,4.159510880708694458e-02,-4.372997581958770752e-02,5.074921846389770508e-01,1.430796980857849121e-01,1.499063968658447266e-01,5.976742506027221680e-01,1.454354226589202881e-01,4.429310858249664307e-01,3.137129247188568115e-01,3.097645044326782227e-01,-1.603006869554519653e-01,6.352968811988830566e-01,7.597030997276306152e-01,1.000000000000000000e+00,-1.062393635511398315e-01,4.328389465808868408e-01,-1.224675700068473816e-01,8.285478688776493073e-03,2.796280086040496826e-01,7.032565772533416748e-02,5.723230242729187012e-01,8.152335882186889648e-01,3.343135118484497070e-01,-1.422901898622512817e-01,-9.694228321313858032e-02,8.142574429512023926e-01,1.204094514250755310e-01,1.105336099863052368e-01,7.484533786773681641e-01,6.821956634521484375e-01,2.027124762535095215e-01,1.027190163731575012e-01,5.519157275557518005e-02,8.617365360260009766e-02,6.040434911847114563e-02,1.358684599399566650e-01,8.263223171234130859e-01,7.811103463172912598e-01
4.556881487369537354e-01,-5.255938973277807236e-03,2.694389522075653076e-01,3.186233639717102051e-01,1.023335605859756470e-01,9.361200965940952301e-03,8.974975347518920898e-02,1.132174953818321228e-01,-7.333834469318389893e-02,5.534295737743377686e-02,6.667047739028930664e-02,3.826274871826171875e-01,1.206913739442825317e-01,1.447790861129760742e-01,2.125122547149658203e-01,6.765846163034439087e-02,1.845275163650512695e-01,1.436834335327148438e-01,1.089301183819770813e-01,5.366676673293113708e-02,3.078901171684265137e-01,8.606398850679397583e-02,-3.315522894263267517e-02,-1.062393635511398315e-01,1.000000000000000000e+00,9.672369062900543213e-02,4.261498749256134033e-01,5.041088461875915527e-01,2.103841304779052734e-01,2.556493282318115234e-01,1.131521686911582947e-01,-9.142971783876419067e-02,2.928449213504791260e-01,-6.647511571645736694e-02,2.705051004886627197e-02,-9.160331636667251587e-02,1.154756769537925720e-01,2.282507903873920441e-02,-6.357793509960174561e-02,-1.162152439355850220e-01,-2.774280868470668793e-02,-9.352488815784454346e-02,4.422685131430625916e-02,4.081526771187782288e-02,1.600262150168418884e-02,-7.057477254420518875e-03,-8.006721735000610352e-02,-4.896591976284980774e-02
3.678244054317474365e-01,2.513488829135894775e-01,3.908346295356750488e-01,3.516164422035217285e-01,2.018227726221084595e-01,3.101440966129302979e-01,6.533194184303283691e-01,2.232194542884826660e-01,1.398721039295196533e-01,2.652510106563568115e-01,-6.258833408355712891e-02,-1.337052229791879654e-02,3.730428218841552734e-01,1.370848417282104492e-01,1.689041107892990112e-01,3.249616622924804688e-01,4.843142330646514893e-01,4.837791919708251953e-01,4.465474188327789307e-01,3.904283940792083740e-01,-4.110702779144048691e-03,3.571605980396270752e-01,4.793496131896972656e-01,4.328389465808868408e-01,9.672369062900543213e-02,1.000000000000000000e+00,-7.814081758260726929e-02,3.160374462604522705e-01,5.622164607048034668e-01,4.724545776844024658e-02,2.901620268821716309e-01,3.823524713516235352e-01,2.148066014051437378e-01,-3.718131780624389648e-02,-1.703310757875442505e-01,3.754301369190216064e-01,1.932495832443237305e-01,2.600896954536437988e-01,2.843939960002899170e-01,3.932251930236816406e-01,2.183463871479034424e-01,1.770022213459014893e-01,1.670817732810974121e-01,1.479667276144027710e-01,1.067160516977310181e-01,3.653602898120880127e-01,3.750165998935699463e-01,4.616453647613525391e-01
3.070289790630340576e-01,2.837140671908855438e-02,2.766160070896148682e-01,1.545131802558898926e-01,-6.528582423925399780e-02,-1.574314087629318237e-01,-1.185971871018409729e-01,7.098479568958282471e-02,-4.134598001837730408e-02,-1.901235990226268768e-02,1.395944654941558838e-01,2.930270731449127197e-01,1.975326426327228546e-02,9.107824414968490601e-02,2.356767356395721436e-01,4.634063318371772766e-02,-5.895670130848884583e-02,-4.017642140388488770e-02,-1.036190390586853027e-01,-7.927196472883224487e-02,3.005614578723907471e-01,5.705009773373603821e-02,-8.326999098062515259e-02,-1.224675700068473816e-01,4.261498749256134033e-01,-7.814081758260726929e-02,1.000000000000000000e+00,2.259256988763809204e-01,7.055344432592391968e-02,2.408225983381271362e-01,7.849530130624771118e-02,-1.604421585798263550e-01,3.387510776519775391e-01,5.757433921098709106e-02,2.146565169095993042e-01,-1.265003830194473267e-01,-1.667792722582817078e-02,2.861094288527965546e-02,-6.820068508386611938e-02,-1.597882509231567383e-01,-1.910495012998580933e-01,-1.714434623718261719e-01,-5.627870187163352966e-02,1.171481162309646606e-01,7.866946607828140259e-02,-6.213138997554779053e-02,-1.349738836288452148e-01,-7.903893291950225830e-02
6.340278983116149902e-01,1.078353375196456909e-01,4.540395438671112061e-01,6.040149927139282227e-01,1.543847173452377319e-01,1.392711699008941650e-01,2.774769365787506104e-01,2.539961412549018860e-02,-4.683883860707283020e-02,2.063774019479751587e-01,5.435017123818397522e-02,4.328446984291076660e-01,3.197245895862579346e-01,1.631970405578613281e-01,3.519109487533569336e-01,2.385528683662414551e-01,3.146954178810119629e-01,2.944697439670562744e-01,2.460670322179794312e-01,2.330366075038909912e-01,4.301624298095703125e-01,2.335718125104904175e-01,6.233093887567520142e-02,8.285478688776493073e-03,5.041088461875915527e-01,3.160374462604522705e-01,2.259256988763809204e-01,1.000000000000000000e+00,5.941391587257385254e-01,3.677552044391632080e-01,2.455176264047622681e-01,-1.910885423421859741e-02,2.033906131982803345e-01,-7.784523069858551025e-02,-2.769088745117187500e-02,1.473392080515623093e-02,1.229977533221244812e-01,1.184768825769424438e-01,2.075360901653766632e-02,-2.971657924354076385e-02,1.002887338399887085e-01,4.983052611351013184e-03,-2.180928550660610199e-02,8.346994221210479736e-02,5.763917416334152222e-02,6.396692991256713867e-02,1.702792756259441376e-02,8.438171446323394775e-02
5.288457274436950684e-01,2.852608561515808105e-01,4.494742751121520996e-01,3.927086293697357178e-01,1.711819618940353394e-01,2.906906604766845703e-01,5.030934214591979980e-01,1.343077123165130615e-01,1.059540063142776489e-01,3.112277388572692871e-01,2.777196466922760010e-02,1.891516149044036865e-01,4.263787269592285156e-01,3.011330962181091309e-01,3.068229258060455322e-01,3.684509098529815674e-01,4.639573097229003906e-01,5.072067975997924805e-01,4.538265466690063477e-01,4.570717215538024902e-01,2.585970461368560791e-01,3.333800137042999268e-01,3.424302339553833008e-01,2.796280086040496826e-01,2.103841304779052734e-01,5.622164607048034668e-01,7.055344432592391968e-02,5.941391587257385254e-01,1.000000000000000000e+00,2.659608721733093262e-01,3.622109293937683105e-01,2.376362383365631104e-01,2.596126794815063477e-01,-8.167756348848342896e-02,-1.402766108512878418e-01,2.612752914428710938e-01,1.508163511753082275e-01,2.672024965286254883e-01,2.539960443973541260e-01,2.520339787006378174e-01,2.694424986839294434e-01,2.219560146331787109e-01,1.949874013662338257e-01,1.327742040157318115e-01,2.320752143859863281e-01,3.471944928169250488e-01,2.765966653823852539e-01,3.697653114795684814e-01
3.250662386417388916e-01,-5.181195959448814392e-02,2.975571751594543457e-01,2.857000529766082764e-01,1.065086275339126587e-01,-2.483053691685199738e-02,8.929529041051864624e-02,7.423707842826843262e-02,1.541241165250539780e-02,1.890227757394313812e-02,2.305616587400436401e-01,4.768969416618347168e-01,2.872450947761535645e-01,4.198576509952545166e-02,1.274882256984710693e-01,2.169309258460998535e-01,1.176891699433326721e-01,2.059260904788970947e-01,-2.190856449306011200e-02,7.140827924013137817e-02,4.967658817768096924e-01,3.216679692268371582e-01,2.768391557037830353e-02,7.032565772533416748e-02,2.556493282318115234e-01,4.724545776844024658e-02,2.408225983381271362e-01,3.677552044391632080e-01,2.659608721733093262e-01,1.000000000000000000e+00,5.529139637947082520e-01,6.387029588222503662e-02,2.587510049343109131e-01,8.127070032060146332e-03,2.103926241397857666e-01,1.203962713479995728e-01,3.116996400058269501e-02,3.885801509022712708e-02,1.767584830522537231e-01,3.558482974767684937e-02,-1.314034964889287949e-02,4.805145412683486938e-02,-1.675071939826011658e-02,-1.331791863776743412e-03,-6.334967166185379028e-02,-4.164565354585647583e-02,8.140775561332702637e-02,7.075969129800796509e-02
4.214610755443572998e-01,1.883658766746520996e-01,3.130127489566802979e-01,2.935247421264648438e-01,1.489254683256149292e-01,1.355859488248825073e-01,3.383409678936004639e-01,1.907639652490615845e-01,4.321492090821266174e-02,5.893192719668149948e-03,2.680554389953613281e-01,2.690755128860473633e-01,6.252072453498840332e-01,9.848836064338684082e-02,2.152048647403717041e-01,5.951961874961853027e-01,2.070713341236114502e-01,5.707359313964843750e-01,3.088244199752807617e-01,3.667908012866973877e-01,3.385246396064758301e-01,8.041399717330932617e-01,4.608913362026214600e-01,5.723230242729187012e-01,1.131521686911582947e-01,2.901620268821716309e-01,7.849530130624771118e-02,2.455176264047622681e-01,3.622109293937683105e-01,5.529139637947082520e-01,1.000000000000000000e+00,5.407471656799316406e-01,3.491147160530090332e-01,-7.746675610542297363e-02,9.392160177230834961e-02,5.511606931686401367e-01,1.025898903608322144e-01,1.412079632282257080e-01,6.214010715484619141e-01,3.713220953941345215e-01,1.544999629259109497e-01,1.139094084501266479e-01,1.359809637069702148e-01,4.770646803081035614e-03,4.209433123469352722e-02,7.020850479602813721e-02,5.435732603073120117e-01,4.673195779323577881e-01
1.921498179435729980e-01,1.905661076307296753e-01,1.439630091190338135e-01,5.519316717982292175e-02,1.405455321073532104e-01,2.477226108312606812e-01,4.161441922187805176e-01,2.221234589815139771e-01,5.687709525227546692e-02,-7.420680671930313110e-02,-4.692313447594642639e-02,-9.723285585641860962e-02,3.936211764812469482e-01,1.277333945035934448e-01,9.476145356893539429e-02,5.894652605056762695e-01,1.837724894285202026e-01,4.578035175800323486e-01,3.348439633846282959e-01,3.428025841712951660e-01,-1.771856546401977539e-01,6.094939112663269043e-01,7.087764739990234375e-01,8.152335882186889648e-01,-9.142971783876419067e-02,3.823524713516235352e-01,-1.604421585798263550e-01,-1.910885423421859741e-02,2.376362383365631104e-01,6.387029588222503662e-02,5.407471656799316406e-01,1.000000000000000000e+00,2.575776875019073486e-01,-9.590357542037963867e-02,2.949166297912597656e-02,8.015397191047668457e-01,1.407409012317657471e-01,6.449128687381744385e-02,7.459768652915954590e-01,7.006145715713500977e-01,1.223029717803001404e-01,1.369758397340774536e-01,1.224532574415206909e-01,6.169448792934417725e-02,4.929050058126449585e-02,1.724560856819152832e-01,7.957258224487304688e-01,7.627023458480834961e-01
4.133211374282836914e-01,1.969549059867858887e-01,4.082737863063812256e-01,1.790667921304702759e-01,1.637473851442337036e-01,-8.951412141323089600e-02,1.931009590625762939e-01,2.497960925102233887e-01,1.550426781177520752e-01,5.370339378714561462e-03,2.767736911773681641e-01,2.495719343423843384e-01,2.855699956417083740e-01,1.353551000356674194e-01,2.357814908027648926e-01,2.993426620960235596e-01,6.928500533103942871e-02,2.136059701442718506e-01,1.155015155673027039e-01,1.761296093463897705e-01,1.194281205534934998e-01,3.121158480644226074e-01,3.248732089996337891e-01,3.343135118484497070e-01,2.928449213504791260e-01,2.148066014051437378e-01,3.387510776519775391e-01,2.033906131982803345e-01,2.596126794815063477e-01,2.587510049343109131e-01,3.491147160530090332e-01,2.575776875019073486e-01,1.000000000000000000e+00,-3.912124782800674438e-02,9.324533492326736450e-02,3.397738039493560791e-01,1.203407645225524902e-01,3.252434358000755310e-02,3.308894932270050049e-01,2.690473794937133789e-01,-6.150333210825920105e-02,-1.230924725532531738e-01,-4.200385883450508118e-02,2.894864678382873535e-01,7.463755551725625992e-03,5.651190876960754395e-04,2.499397844076156616e-01,3.588487505912780762e-01
