1.000000000000000000e+00,2.098473012447357178e-01,5.181677341461181641e-01,5.977718830108642578e-01,4.132671654224395752e-01,3.125906884670257568e-01,4.793241024017333984e-01,2.642819881439208984e-01,3.398541510105133057e-01,1.880384087562561035e-01,3.287533223628997803e-01,3.811841011047363281e-01,2.977581322193145752e-01,3.573092818260192871e-01,3.833592534065246582e-01,2.470788508653640747e-01,4.466423988342285156e-01,3.192781507968902588e-01,2.883595526218414307e-01,2.087399512529373169e-01,2.411303818225860596e-01,1.659969389438629150e-01,1.419677138328552246e-01,1.869627833366394043e-01,4.039473533630371094e-01,4.654989540576934814e-01,1.808634847402572632e-01,5.582389235496520996e-01,4.381803572177886963e-01,5.023542642593383789e-01,3.173215091228485107e-01,2.628639638423919678e-01,4.935166835784912109e-01,1.585424691438674927e-01,6.164940446615219116e-02,9.608461707830429077e-02,4.056188762187957764e-01,2.830596268177032471e-01,5.223109945654869080e-02,7.285536825656890869e-02,3.307623267173767090e-01,4.226306676864624023e-01,1.987412720918655396e-01,8.077308535575866699e-02,2.330718785524368286e-01,2.490846067667007446e-01,2.049860954284667969e-01,6.739453971385955811e-02
2.098473012447357178e-01,1.000000000000000000e+00,2.676189541816711426e-01,2.584286332130432129e-01,3.673064410686492920e-01,4.862323999404907227e-01,4.125804603099822998e-01,5.932167172431945801e-01,2.548289000988006592e-01,4.416084587574005127e-01,2.135291136801242828e-02,8.304307609796524048e-02,1.183765679597854614e-01,1.150562241673469543e-01,5.511196330189704895e-02,1.900334507226943970e-01,3.866950273513793945e-01,2.593279778957366943e-01,3.735730648040771484e-01,2.589795291423797607e-01,2.094188779592514038e-01,2.073370069265365601e-01,2.431632131338119507e-01,3.137198686599731445e-01,8.820656687021255493e-02,2.798500359058380127e-01,2.168748974800109863e-01,2.425764799118041992e-01,5.916422605514526367e-01,2.505977749824523926e-01,1.893584430217742920e-01,2.328196018934249878e-01,2.113994657993316650e-01,1.210204735398292542e-01,2.179593592882156372e-01,3.293325901031494141e-01,2.151972055435180664e-01,1.116073280572891235e-01,1.867824345827102661e-01,2.512447535991668701e-01,5.021931529045104980e-01,5.070706009864807129e-01,3.190645873546600342e-01,6.871180534362792969e-01,6.858200430870056152e-01,4.765198826789855957e-01,1.727166175842285156e-01,1.875761002302169800e-01
5.181677341461181641e-01,2.676189541816711426e-01,1.000000000000000000e+00,7.764316797256469727e-01,3.869288861751556396e-01,3.867729902267456055e-01,6.322510242462158203e-01,2.667329609394073486e-01,3.236218988895416260e-01,3.548969328403472900e-01,3.594695031642913818e-01,4.780583083629608154e-01,5.355656743049621582e-01,1.867852658033370972e-01,2.887411117553710938e-01,4.116924107074737549e-01,6.439050436019897461e-01,3.926287293434143066e-01,3.254569172859191895e-01,2.376834303140640259e-01,4.856201112270355225e-01,4.974565207958221436e-01,4.204196035861968994e-01,3.645220100879669189e-01,1.902568042278289795e-01,5.576626062393188477e-01,1.019770838320255280e-02,5.741743445396423340e-01,4.196056127548217773e-01,4.386304616928100586e-01,3.938730955123901367e-01,3.390611410140991211e-01,1.929148137569427490e-01,-8.063647896051406860e-03,-1.106130052357912064e-02,2.666778564453125000e-01,1.637567877769470215e-01,1.529062390327453613e-01,1.538232415914535522e-01,3.439462482929229736e-01,2.548137903213500977e-01,4.100492894649505615e-01,1.161045804619789124e-01,1.605794280767440796e-01,2.750395536422729492e-01,3.672433197498321533e-01,2.403007149696350098e-01,3.844353854656219482e-01
5.977718830108642578e-01,2.584286332130432129e-01,7.764316797256469727e-01,1.000000000000000000e+00,4.691710174083709717e-01,3.071940243244171143e-01,6.632465720176696777e-01,1.520643979310989380e-01,2.767726182937622070e-01,2.858068943023681641e-01,1.831947267055511475e-01,3.083243370056152344e-01,4.085580110549926758e-01,1.765623837709426880e-01,3.038382530212402344e-01,4.312822222709655762e-01,6.175041198730468750e-01,4.115606844425201416e-01,4.231148660182952881e-01,3.983989953994750977e-01,4.152189493179321289e-01,4.332482814788818359e-01,3.655796051025390625e-01,2.101898342370986938e-01,1.698700897395610809e-02,4.736826121807098389e-01,-1.561999619007110596e-01,4.467878341674804688e-01,3.663139045238494873e-01,3.748479187488555908e-01,2.810553014278411865e-01,2.560327351093292236e-01,1.239327341318130493e-01,-3.349595144391059875e-02,-1.335946172475814819e-01,1.081521660089492798e-01,2.334250062704086304e-01,1.868875622749328613e-01,1.030742749571800232e-01,1.867994219064712524e-01,3.509213626384735107e-01,4.279470741748809814e-01,2.013769447803497314e-01,8.630596846342086792e-02,2.352814972400665283e-01,2.908258140087127686e-01,1.478966176509857178e-01,2.568819820880889893e-01
4.132671654224395752e-01,3.673064410686492920e-01,3.869288861751556396e-01,4.691710174083709717e-01,1.000000000000000000e+00,5.571799874305725098e-01,5.315499901771545410e-01,3.850082457065582275e-01,3.752853572368621826e-01,3.045316040515899658e-01,1.566296964883804321e-01,1.680068522691726685e-01,2.938735485076904297e-01,1.075058337301015854e-02,7.231289893388748169e-02,4.218941330909729004e-01,3.867233395576477051e-01,3.618159890174865723e-01,3.996126949787139893e-01,4.144176542758941650e-01,1.862158030271530151e-01,1.656161546707153320e-01,2.504703998565673828e-01,1.141038537025451660e-01,3.196978569030761719e-02,3.557983338832855225e-01,-2.252807281911373138e-02,3.175619840621948242e-01,3.658336699008941650e-01,2.718257904052734375e-01,9.047418832778930664e-02,1.104212179780006409e-01,3.521585166454315186e-01,8.715260773897171021e-03,-1.551035325974225998e-02,1.250372380018234253e-01,2.433931827545166016e-01,1.604248285293579102e-01,1.699743866920471191e-01,1.771830618381500244e-01,5.476145148277282715e-01,4.416391253471374512e-01,2.636623680591583252e-01,1.976008862257003784e-01,1.973268836736679077e-01,2.067081481218338013e-01,8.221034891903400421e-03,6.435874849557876587e-03
3.125906884670257568e-01,4.862323999404907227e-01,3.867729902267456055e-01,3.071940243244171143e-01,5.571799874305725098e-01,1.000000000000000000e+00,4.346063733100891113e-01,4.358184337615966797e-01,3.130124807357788086e-01,2.716669142246246338e-01,2.341077774763107300e-01,2.617355287075042725e-01,3.443401753902435303e-01,8.055607974529266357e-02,8.925470709800720215e-02,1.900393068790435791e-01,3.198216259479522705e-01,2.648873627185821533e-01,2.696939408779144287e-01,1.931774467229843140e-01,2.540429830551147461e-01,1.635427623987197876e-01,1.749150156974792480e-01,2.757027447223663330e-01,1.598331332206726074e-01,3.939938545227050781e-01,2.498642951250076294e-01,4.198532700538635254e-01,5.588999986648559570e-01,2.852294147014617920e-01,1.804146170616149902e-01,2.327954322099685669e-01,3.481037914752960205e-01,1.233513057231903076e-01,8.957988023757934570e-02,1.783553361892700195e-01,1.154794692993164062e-01,1.109576374292373657e-01,1.486305296421051025e-01,2.043157368898391724e-01,5.227035880088806152e-01,3.492397665977478027e-01,1.999644637107849121e-01,2.969501912593841553e-01,3.225946426391601562e-01,2.970805466175079346e-01,1.310445219278335571e-01,1.095325201749801636e-01
4.793241024017333984e-01,4.125804603099822998e-01,6.322510242462158203e-01,6.632465720176696777e-01,5.315499901771545410e-01,4.346063733100891113e-01,1.000000000000000000e+00,2.477361708879470825e-01,3.795110881328582764e-01,4.088315069675445557e-01,1.068908423185348511e-01,2.486560046672821045e-01,4.210821688175201416e-01,7.856190949678421021e-02,1.588127911090850830e-01,4.282067716121673584e-01,8.584724664688110352e-01,7.397217154502868652e-01,7.226007580757141113e-01,6.295747756958007812e-01,4.546684622764587402e-01,6.081389784812927246e-01,5.779870748519897461e-01,4.698992967605590820e-01,1.291911602020263672e-01,7.226598262786865234e-01,4.023844003677368164e-02,4.850201308727264404e-01,5.371665954589843750e-01,4.965544044971466064e-01,4.534824192523956299e-01,3.888614177703857422e-01,2.755661308765411377e-01,2.690984308719635010e-02,9.943527169525623322e-03,3.398140370845794678e-01,2.351384162902832031e-01,1.765688061714172363e-01,2.767476141452789307e-01,4.050400257110595703e-01,4.618105590343475342e-01,5.904222130775451660e-01,4.749168157577514648e-01,2.024389058351516724e-01,3.317490816116333008e-01,4.279117882251739502e-01,3.303979635238647461e-01,5.219179987907409668e-01
2.642819881439208984e-01,5.932167172431945801e-01,2.667329609394073486e-01,1.520643979310989380e-01,3.850082457065582275e-01,4.358184337615966797e-01,2.477361708879470825e-01,1.000000000000000000e+00,3.542257249355316162e-01,2.148570865392684937e-01,3.009795546531677246e-01,2.419604808092117310e-01,1.980748772621154785e-01,1.768794655799865723e-01,1.515606045722961426e-01,2.562313973903656006e-01,2.504932582378387451e-01,1.605538576841354370e-01,2.052329033613204956e-01,1.012116372585296631e-01,1.354363113641738892e-01,5.423058569431304932e-02,1.732995957136154175e-01,2.151203006505966187e-01,2.005645334720611572e-01,1.692084670066833496e-01,1.377644687891006470e-01,2.137382179498672485e-01,4.130769371986389160e-01,2.936801016330718994e-01,1.105441823601722717e-01,1.789320111274719238e-01,3.466692268848419189e-01,2.884918749332427979e-01,3.317431509494781494e-01,3.418075740337371826e-01,2.765016555786132812e-01,2.430563420057296753e-01,3.153324723243713379e-01,3.259466290473937988e-01,2.786508798599243164e-01,3.129293918609619141e-01,2.553159594535827637e-01,6.520037651062011719e-01,3.893324434757232666e-01,2.914053201675415039e-01,4.338329285383224487e-02,4.323262721300125122e-02
3.398541510105133057e-01,2.548289000988006592e-01,3.236218988895416260e-01,2.767726182937622070e-01,3.752853572368621826e-01,3.130124807357788086e-01,3.795110881328582764e-01,3.542257249355316162e-01,1.000000000000000000e+00,4.395212829113006592e-01,3.613008260726928711e-01,2.814409434795379639e-01,2.464875429868698120e-01,4.246678203344345093e-02,1.465142369270324707e-01,3.744816184043884277e-01,3.847650587558746338e-01,3.616203367710113525e-01,2.672133743762969971e-01,1.498998552560806274e-01,1.564279496669769287e-01,2.051917165517807007e-01,2.986573278903961182e-01,4.245943725109100342e-01,1.182159185409545898e-01,2.756170630455017090e-01,9.574207663536071777e-02,2.997955977916717529e-01,3.860122859477996826e-01,3.753371834754943848e-01,2.483326196670532227e-01,3.713536560535430908e-01,3.055839240550994873e-01,3.495708480477333069e-02,9.637831151485443115e-02,3.956776559352874756e-01,8.006060123443603516e-02,2.297775298357009888e-01,2.170208692550659180e-01,3.869913518428802490e-01,3.071389496326446533e-01,2.925750613212585449e-01,1.941783130168914795e-01,2.419962584972381592e-01,2.709325253963470459e-01,4.133328497409820557e-01,3.153273165225982666e-01,1.882196068763732910e-01
1.880384087562561035e-01,4.416084587574005127e-01,3.548969328403472900e-01,2.858068943023681641e-01,3.045316040515899658e-01,2.716669142246246338e-01,4.088315069675445557e-01,2.148570865392684937e-01,4.395212829113006592e-01,1.000000000000000000e+00,1.050837263464927673e-01,2.547813951969146729e-01,3.053756356239318848e-01,6.780546903610229492e-02,9.665434062480926514e-02,2.432684898376464844e-01,4.592494368553161621e-01,3.446955084800720215e-01,3.387418389320373535e-01,2.833568751811981201e-01,3.443194031715393066e-01,2.751309275627136230e-01,3.317306935787200928e-01,3.662631213665008545e-01,1.891548745334148407e-02,3.030763864517211914e-01,1.576824672520160675e-02,2.374990135431289673e-01,2.789257466793060303e-01,2.743369638919830322e-01,2.553331851959228516e-01,3.116725683212280273e-01,1.499783247709274292e-01,3.281089663505554199e-02,3.293693438172340393e-02,2.669114470481872559e-01,1.223332434892654419e-01,1.445785909891128540e-01,1.863111853599548340e-01,2.704862654209136963e-01,3.155767023563385010e-01,4.832322001457214355e-01,2.905354499816894531e-01,2.509064078330993652e-01,5.763635635375976562e-01,6.181870102882385254e-01,2.666242718696594238e-01,3.289310038089752197e-01
3.287533223628997803e-01,2.135291136801242828e-02,3.594695031642913818e-01,1.831947267055511475e-01,1.566296964883804321e-01,2.341077774763107300e-01,1.068908423185348511e-01,3.009795546531677246e-01,3.613008260726928711e-01,1.050837263464927673e-01,1.000000000000000000e+00,5.587431788444519043e-01,3.454997241497039795e-01,2.700084149837493896e-01,4.314329922199249268e-01,1.888308674097061157e-01,1.550471037626266479e-01,3.109459951519966125e-02,-7.499352842569351196e-02,-1.788785457611083984e-01,1.931886523962020874e-01,1.453191041946411133e-01,5.939812958240509033e-02,1.477199047803878784e-01,4.588570296764373779e-01,1.882009804248809814e-01,2.857179939746856689e-01,4.608655869960784912e-01,3.078861534595489502e-01,3.805863559246063232e-01,3.033533990383148193e-01,2.440698146820068359e-01,4.203991293907165527e-01,2.121590226888656616e-01,1.536811739206314087e-01,1.169354394078254700e-01,1.481719762086868286e-01,3.145111501216888428e-01,1.631685346364974976e-01,1.785207539796829224e-01,2.048561349511146545e-02,1.500843614339828491e-01,-7.116188853979110718e-02,8.985437452793121338e-02,1.125496402382850647e-01,1.197836995124816895e-01,1.304289102554321289e-01,1.639682240784168243e-02
3.811841011047363281e-01,8.304307609796524048e-02,4.780583083629608154e-01,3.083243370056152344e-01,1.680068522691726685e-01,2.617355287075042725e-01,2.486560046672821045e-01,2.419604808092117310e-01,2.814409434795379639e-01,2.547813951969146729e-01,5.587431788444519043e-01,1.000000000000000000e+00,5.565460324287414551e-01,2.931823134422302246e-01,4.794496595859527588e-01,2.759006917476654053e-01,2.715595960617065430e-01,1.179912388324737549e-01,2.481545880436897278e-02,-5.281557794660329819e-03,4.467414319515228271e-01,3.146561086177825928e-01,2.453853040933609009e-01,2.723868191242218018e-01,4.351318478584289551e-01,3.671519756317138672e-01,2.420974522829055786e-01,4.480488598346710205e-01,2.740601599216461182e-01,4.110758602619171143e-01,2.420717030763626099e-01,3.242218494415283203e-01,4.227117896080017090e-01,8.251361548900604248e-02,5.150293931365013123e-02,1.269434243440628052e-01,1.942621469497680664e-01,2.841888964176177979e-01,4.760703444480895996e-02,1.276217401027679443e-01,-8.744682185351848602e-03,2.142057716846466064e-01,1.847252622246742249e-02,1.921161115169525146e-01,1.618521958589553833e-01,2.492051124572753906e-01,1.671381294727325439e-01,2.868503928184509277e-01
2.977581322193145752e-01,1.183765679597854614e-01,5.355656743049621582e-01,4.085580110549926758e-01,2.938735485076904297e-01,3.443401753902435303e-01,4.210821688175201416e-01,1.980748772621154785e-01,2.464875429868698120e-01,3.053756356239318848e-01,3.454997241497039795e-01,5.565460324287414551e-01,1.000000000000000000e+00,2.865751981735229492e-01,3.386818766593933105e-01,4.598714709281921387e-01,3.697519004344940186e-01,4.045915603637695312e-01,3.043340444564819336e-01,4.234517514705657959e-01,6.905423402786254883e-01,5.751871466636657715e-01,6.218746304512023926e-01,4.263682067394256592e-01,2.000370174646377563e-01,4.963642954826354980e-01,4.916070774197578430e-02,3.640220761299133301e-01,2.157680243253707886e-01,4.989773333072662354e-01,4.452046155929565430e-01,5.063753724098205566e-01,2.464938163757324219e-01,1.211810186505317688e-01,1.052954234182834625e-02,2.464879453182220459e-01,2.192486375570297241e-01,2.654244005680084229e-01,2.837168276309967041e-01,3.409702479839324951e-01,1.503012776374816895e-01,2.957043647766113281e-01,1.627826839685440063e-01,8.047655969858169556e-02,1.505918800830841064e-01,2.837426066398620605e-01,2.809935212135314941e-01,4.897446036338806152e-01
3.573092818260192871e-01,1.150562241673469543e-01,1.867852658033370972e-01,1.765623837709426880e-01,1.075058337301015854e-02,8.055607974529266357e-02,7.856190949678421021e-02,1.768794655799865723e-01,4.246678203344345093e-02,6.780546903610229492e-02,2.700084149837493896e-01,2.931823134422302246e-01,2.865751981735229492e-01,1.000000000000000000e+00,4.514300823211669922e-01,1.055451333522796631e-01,1.112234443426132202e-01,1.305584907531738281e-01,3.503752499818801880e-02,2.918623015284538269e-02,2.544862329959869385e-01,1.657794564962387085e-01,1.399619728326797485e-01,9.952918440103530884e-02,4.064052402973175049e-01,1.200674846768379211e-01,2.173851728439331055e-01,2.416310310363769531e-01,1.501180231571197510e-01,3.112554550170898438e-01,3.027514517307281494e-01,2.024540603160858154e-01,3.058943450450897217e-01,3.365571200847625732e-01,3.638066351413726807e-02,9.765183180570602417e-02,5.187469124794006348e-01,4.518655836582183838e-01,7.401502877473831177e-02,-4.295405000448226929e-02,-3.190296888351440430e-02,1.308167576789855957e-01,5.803244933485984802e-02,7.299240678548812866e-02,2.889846563339233398e-01,1.805864125490188599e-01,9.512924402952194214e-02,1.087409853935241699e-01
3.833592534065246582e-01,5.511196330189704895e-02,2.887411117553710938e-01,3.038382530212402344e-01,7.231289893388748169e-02,8.925470709800720215e-02,1.588127911090850830e-01,1.515606045722961426e-01,1.465142369270324707e-01,9.665434062480926514e-02,4.314329922199249268e-01,4.794496595859527588e-01,3.386818766593933105e-01,4.514300823211669922e-01,1.000000000000000000e+00,4.118510782718658447e-01,2.196537256240844727e-01,2.009688019752502441e-01,8.019320666790008545e-02,8.643096685409545898e-02,2.692064940929412842e-01,2.512663006782531738e-01,2.285687476396560669e-01,3.283793851733207703e-02,4.579677283763885498e-01,2.033938616514205933e-01,2.017206102609634399e-01,3.139919936656951904e-01,1.819663494825363159e-01,2.647686898708343506e-01,2.151545584201812744e-01,1.761968582868576050e-01,4.331680834293365479e-01,3.301177024841308594e-01,-2.760939300060272217e-02,-4.215965792536735535e-02,4.082243144512176514e-01,6.085219979286193848e-01,4.315014928579330444e-02,1.071192231029272079e-02,-4.254266992211341858e-02,1.532938182353973389e-01,9.017712622880935669e-02,7.298943400382995605e-02,1.682821661233901978e-01,1.866679936647415161e-01,5.085904523730278015e-02,1.945741623640060425e-01
2.470788508653640747e-01,1.900334507226943970e-01,4.116924107074737549e-01,4.312822222709655762e-01,4.218941330909729004e-01,1.900393068790435791e-01,4.282067716121673584e-01,2.562313973903656006e-01,3.744816184043884277e-01,2.432684898376464844e-01,1.888308674097061157e-01,2.759006917476654053e-01,4.598714709281921387e-01,1.055451333522796631e-01,4.118510782718658447e-01,1.000000000000000000e+00,3.466001749038696289e-01,4.138296842575073242e-01,4.192653596401214600e-01,4.013170897960662842e-01,3.379303514957427979e-01,4.910340905189514160e-01,5.876554846763610840e-01,2.123860865831375122e-01,-2.143466845154762268e-02,2.648481726646423340e-01,-8.119376748800277710e-02,1.661740392446517944e-01,2.022971063852310181e-01,2.652949392795562744e-01,2.382126152515411377e-01,2.869536280632019043e-01,1.242988556623458862e-01,-2.689050044864416122e-03,-9.155508875846862793e-02,2.823194563388824463e-01,1.829999685287475586e-01,3.793921172618865967e-01,3.156755864620208740e-01,3.491201400756835938e-01,1.409388780593872070e-01,1.902227997779846191e-01,1.805873215198516846e-01,2.540610730648040771e-01,1.613041162490844727e-01,2.809969484806060791e-01,8.015867322683334351e-02,3.029982745647430420e-01
4.466423988342285156e-01,3.866950273513793945e-01,6.439050436019897461e-01,6.175041198730468750e-01,3.867233395576477051e-01,3.198216259479522705e-01,8.584724664688110352e-01,2.504932582378387451e-01,3.847650587558746338e-01,4.592494368553161621e-01,1.550471037626266479e-01,2.715595960617065430e-01,3.697519004344940186e-01,1.112234443426132202e-01,2.196537256240844727e-01,3.466001749038696289e-01,1.000000000000000000e+00,7.386408448219299316e-01,6.654447317123413086e-01,5.250172615051269531e-01,4.578932225704193115e-01,6.241824626922607422e-01,5.751061439514160156e-01,5.289629101753234863e-01,2.153774499893188477e-01,6.780817508697509766e-01,5.106507614254951477e-02,5.212573409080505371e-01,4.874012172222137451e-01,5.128263235092163086e-01,5.223389863967895508e-01,4.399854838848114014e-01,2.710439562797546387e-01,9.603751450777053833e-02,7.590252161026000977e-02,4.070003926753997803e-01,2.781543731689453125e-01,2.381570190191268921e-01,3.066760003566741943e-01,4.599749147891998291e-01,3.916739821434020996e-01,5.722824335098266602e-01,4.583959281444549561e-01,1.948219984769821167e-01,3.704431354999542236e-01,4.740091264247894287e-01,4.110344350337982178e-01,6.147660017013549805e-01
3.192781507968902588e-01,2.593279778957366943e-01,3.926287293434143066e-01,4.115606844425201416e-01,3.618159890174865723e-01,2.648873627185821533e-01,7.397217154502868652e-01,1.605538576841354370e-01,3.616203367710113525e-01,3.446955084800720215e-01,3.109459951519966125e-02,1.179912388324737549e-01,4.045915603637695312e-01,1.305584907531738281e-01,2.009688019752502441e-01,4.138296842575073242e-01,7.386408448219299316e-01,1.000000000000000000e+00,6.759789586067199707e-01,6.989896893501281738e-01,4.816192388534545898e-01,6.056696772575378418e-01,6.448992490768432617e-01,4.975563883781433105e-01,1.303909271955490112e-01,5.963284969329833984e-01,-2.933870255947113037e-02,3.548695445060729980e-01,3.331648409366607666e-01,4.417377710342407227e-01,5.362422466278076172e-01,4.434575438499450684e-01,2.813807129859924316e-01,1.561812013387680054e-01,3.284824267029762268e-02,3.902336359024047852e-01,3.209790885448455811e-01,2.464384287595748901e-01,3.669346272945404053e-01,4.723474681377410889e-01,3.698496222496032715e-01,4.171113967895507812e-01,5.252684354782104492e-01,8.954920619726181030e-02,2.516452074050903320e-01,3.911505937576293945e-01,3.971433937549591064e-01,5.897770524024963379e-01
2.883595526218414307e-01,3.735730648040771484e-01,3.254569172859191895e-01,4.231148660182952881e-01,3.996126949787139893e-01,2.696939408779144287e-01,7.226007580757141113e-01,2.052329033613204956e-01,2.672133743762969971e-01,3.387418389320373535e-01,-7.499352842569351196e-02,2.481545880436897278e-02,3.043340444564819336e-01,3.503752499818801880e-02,8.019320666790008545e-02,4.192653596401214600e-01,6.654447317123413086e-01,6.759789586067199707e-01,1.000000000000000000e+00,7.453222274780273438e-01,3.991779685020446777e-01,5.270912051200866699e-01,5.651015639305114746e-01,3.615570366382598877e-01,-3.288004547357559204e-02,5.120612382888793945e-01,-7.205785810947418213e-02,2.033722102642059326e-01,3.699454963207244873e-01,3.589936196804046631e-01,3.645904660224914551e-01,2.838712036609649658e-01,1.227271854877471924e-01,9.023448452353477478e-03,5.677824839949607849e-03,3.090473711490631104e-01,2.721184492111206055e-01,1.281986385583877563e-01,2.789315283298492432e-01,3.067973852157592773e-01,3.590874671936035156e-01,5.058978796005249023e-01,5.839411616325378418e-01,2.133486866950988770e-01,3.156636953353881836e-01,4.084777832031250000e-01,2.606928050518035889e-01,4.529900550842285156e-01
2.087399512529373169e-01,2.589795291423797607e-01,2.376834303140640259e-01,3.983989953994750977e-01,4.144176542758941650e-01,1.931774467229843140e-01,6.295747756958007812e-01,1.012116372585296631e-01,1.498998552560806274e-01,2.833568751811981201e-01,-1.788785457611083984e-01,-5.281557794660329819e-03,4.234517514705657959e-01,2.918623015284538269e-02,8.643096685409545898e-02,4.013170897960662842e-01,5.250172615051269531e-01,6.989896893501281738e-01,7.453222274780273438e-01,1.000000000000000000e+00,5.471279025077819824e-01,5.129525065422058105e-01,6.015085577964782715e-01,2.868494093418121338e-01,-1.417422592639923096e-01,4.565472304821014404e-01,-2.170220762491226196e-01,1.415375620126724243e-01,2.211566865444183350e-01,2.947621941566467285e-01,2.869206666946411133e-01,2.780727148056030273e-01,9.332962334156036377e-02,2.519676461815834045e-02,-1.271767616271972656e-01,2.131204754114151001e-01,2.864052653312683105e-01,1.137987598776817322e-01,2.649088501930236816e-01,2.735686004161834717e-01,4.042148888111114502e-01,4.102777540683746338e-01,5.296876430511474609e-01,9.746614843606948853e-02,1.640423387289047241e-01,2.994771301746368408e-01,1.654115021228790283e-01,4.460640549659729004e-01
2.411303818225860596e-01,2.094188779592514038e-01,4.856201112270355225e-01,4.152189493179321289e-01,1.862158030271530151e-01,2.540429830551147461e-01,4.546684622764587402e-01,1.354363113641738892e-01,1.564279496669769287e-01,3.443194031715393066e-01,1.931886523962020874e-01,4.467414319515228271e-01,6.905423402786254883e-01,2.544862329959869385e-01,2.692064940929412842e-01,3.379303514957427979e-01,4.578932225704193115e-01,4.816192388534545898e-01,3.991779685020446777e-01,5.471279025077819824e-01,1.000000000000000000e+00,6.554449200630187988e-01,5.736285448074340820e-01,4.059186577796936035e-01,1.254139095544815063e-01,4.594784975051879883e-01,-3.464218229055404663e-02,3.432446718215942383e-01,3.052159845829010010e-01,4.401276111602783203e-01,4.017345905303955078e-01,4.880253672599792480e-01,1.579582989215850830e-01,7.493188232183456421e-02,-9.122779965400695801e-02,1.919312477111816406e-01,2.772100567817687988e-01,1.900089383125305176e-01,1.863001435995101929e-01,2.885076403617858887e-01,1.854704469442367554e-01,3.048712909221649170e-01,2.182009220123291016e-01,9.552429616451263428e-02,2.174991071224212646e-01,3.417340219020843506e-01,2.561900913715362549e-01,5.605140328407287598e-01
1.659969389438629150e-01,2.073370069265365601e-01,4.974565207958221436e-01,4.332482814788818359e-01,1.656161546707153320e-01,1.635427623987197876e-01,6.081389784812927246e-01,5.423058569431304932e-02,2.051917165517807007e-01,2.751309275627136230e-01,1.453191041946411133e-01,3.146561086177825928e-01,5.751871466636657715e-01,1.657794564962387085e-01,2.512663006782531738e-01,4.910340905189514160e-01,6.241824626922607422e-01,6.056696772575378418e-01,5.270912051200866699e-01,5.129525065422058105e-01,6.554449200630187988e-01,1.000000000000000000e+00,6.902425289154052734e-01,5.038421154022216797e-01,1.410731375217437744e-01,4.724928140640258789e-01,5.829323083162307739e-03,2.888078093528747559e-01,2.577274739742279053e-01,4.658121764659881592e-01,6.446774601936340332e-01,5.865815281867980957e-01,1.101301684975624084e-01,5.923091620206832886e-02,-3.874829411506652832e-02,3.454996943473815918e-01,2.171457409858703613e-01,2.248787134885787964e-01,2.852217555046081543e-01,3.678541183471679688e-01,1.249717101454734802e-01,3.090555667877197266e-01,2.318002134561538696e-01,1.284679919481277466e-01,2.427747845649719238e-01,3.857360482215881348e-01,4.260056912899017334e-01,7.199956178665161133e-01
1.419677138328552246e-01,2.431632131338119507e-01,4.204196035861968994e-01,3.655796051025390625e-01,2.504703998565673828e-01,1.749150156974792480e-01,5.779870748519897461e-01,1.732995957136154175e-01,2.986573278903961182e-01,3.317306935787200928e-01,5.939812958240509033e-02,2.453853040933609009e-01,6.218746304512023926e-01,1.399619728326797485e-01,2.285687476396560669e-01,5.876554846763610840e-01,5.751061439514160156e-01,6.448992490768432617e-01,5.651015639305114746e-01,6.015085577964782715e-01,5.736285448074340820e-01,6.902425289154052734e-01,1.000000000000000000e+00,5.899301171302795410e-01,7.150603458285331726e-03,4.971832633018493652e-01,-1.070688515901565552e-01,2.339481860399246216e-01,2.403999269008636475e-01,4.314460456371307373e-01,4.868463873863220215e-01,5.571511983871459961e-01,1.010918021202087402e-01,7.212127745151519775e-02,4.212100803852081299e-02,5.162211656570434570e-01,2.363396137952804565e-01,3.330286443233489990e-01,5.400333404541015625e-01,6.182414889335632324e-01,2.221863269805908203e-01,3.729859590530395508e-01,3.891620635986328125e-01,1.734302341938018799e-01,2.398317754268646240e-01,4.249391555786132812e-01,4.340586960315704346e-01,7.424615621566772461e-01
1.869627833366394043e-01,3.137198686599731445e-01,3.645220100879669189e-01,2.101898342370986938e-01,1.141038537025451660e-01,2.757027447223663330e-01,4.698992967605590820e-01,2.151203006505966187e-01,4.245943725109100342e-01,3.662631213665008545e-01,1.477199047803878784e-01,2.723868191242218018e-01,4.263682067394256592e-01,9.952918440103530884e-02,3.283793851733207703e-02,2.123860865831375122e-01,5.289629101753234863e-01,4.975563883781433105e-01,3.615570366382598877e-01,2.868494093418121338e-01,4.059186577796936035e-01,5.038421154022216797e-01,5.899301171302795410e-01,1.000000000000000000e+00,1.357422024011611938e-01,4.539637565612792969e-01,1.072477996349334717e-01,2.590174674987792969e-01,3.560610413551330566e-01,4.344023168087005615e-01,5.054641962051391602e-01,6.897760033607482910e-01,1.597965657711029053e-01,1.019496098160743713e-01,2.127735912799835205e-01,6.872022151947021484e-01,7.615883648395538330e-02,1.221854090690612793e-01,4.224945306777954102e-01,6.109029054641723633e-01,2.257342636585235596e-01,3.194569945335388184e-01,2.907861173152923584e-01,2.338959872722625732e-01,3.111950457096099854e-01,4.165747165679931641e-01,7.352585792541503906e-01,6.436929702758789062e-01
4.039473533630371094e-01,8.820656687021255493e-02,1.902568042278289795e-01,1.698700897395610809e-02,3.196978569030761719e-02,1.598331332206726074e-01,1.291911602020263672e-01,2.005645334720611572e-01,1.182159185409545898e-01,1.891548745334148407e-02,4.588570296764373779e-01,4.351318478584289551e-01,2.000370174646377563e-01,4.064052402973175049e-01,4.579677283763885498e-01,-2.143466845154762268e-02,2.153774499893188477e-01,1.303909271955490112e-01,-3.288004547357559204e-02,-1.417422592639923096e-01,1.254139095544815063e-01,1.410731375217437744e-01,7.150603458285331726e-03,1.357422024011611938e-01,1.000000000000000000e+00,2.493187785148620605e-01,6.007440090179443359e-01,4.955878555774688721e-01,2.550648748874664307e-01,4.113900661468505859e-01,3.491621613502502441e-01,2.138970941305160522e-01,6.442238092422485352e-01,3.960727453231811523e-01,2.503839135169982910e-01,4.948272183537483215e-02,3.789044916629791260e-01,3.700720369815826416e-01,-1.414087973535060883e-02,2.616239339113235474e-02,-3.220295906066894531e-02,1.431252360343933105e-01,1.320584956556558609e-02,4.218052327632904053e-02,1.123866066336631775e-01,5.282951146364212036e-02,1.915040910243988037e-01,1.315177530050277710e-01
4.654989540576934814e-01,2.798500359058380127e-01,5.576626062393188477e-01,4.736826121807098389e-01,3.557983338832855225e-01,3.939938545227050781e-01,7.226598262786865234e-01,1.692084670066833496e-01,2.756170630455017090e-01,3.030763864517211914e-01,1.882009804248809814e-01,3.671519756317138672e-01,4.963642954826354980e-01,1.200674846768379211e-01,2.033938616514205933e-01,2.648481726646423340e-01,6.780817508697509766e-01,5.963284969329833984e-01,5.120612382888793945e-01,4.565472304821014404e-01,4.594784975051879883e-01,4.724928140640258789e-01,4.971832633018493652e-01,4.539637565612792969e-01,2.493187785148620605e-01,1.000000000000000000e+00,1.571711897850036621e-01,5.587443709373474121e-01,5.088502764701843262e-01,5.284919142723083496e-01,4.299752414226531982e-01,4.535651206970214844e-01,3.294260501861572266e-01,4.995307698845863342e-02,9.101257473230361938e-02,2.993822097778320312e-01,2.325949221849441528e-01,1.624556034803390503e-01,2.122479826211929321e-01,3.552104830741882324e-01,3.390800654888153076e-01,5.171364545822143555e-01,4.346917569637298584e-01,9.621205180883407593e-02,2.385144978761672974e-01,3.404366374015808105e-01,3.849965333938598633e-01,5.145868659019470215e-01
1.808634847402572632e-01,2.168748974800109863e-01,1.019770838320255280e-02,-1.561999619007110596e-01,-2.252807281911373138e-02,2.498642951250076294e-01,4.023844003677368164e-02,1.377644687891006470e-01,9.574207663536071777e-02,1.576824672520160675e-02,2.857179939746856689e-01,2.420974522829055786e-01,4.916070774197578430e-02,2.173851728439331055e-01,2.017206102609634399e-01,-8.119376748800277710e-02,5.106507614254951477e-02,-2.933870255947113037e-02,-7.205785810947418213e-02,-2.170220762491226196e-01,-3.464218229055404663e-02,5.829323083162307739e-03,-1.070688515901565552e-01,1.072477996349334717e-01,6.007440090179443359e-01,1.571711897850036621e-01,1.000000000000000000e+00,2.533637881278991699e-01,3.543506264686584473e-01,2.097064256668090820e-01,1.375347375869750977e-01,9.172777086496353149e-02,4.720928072929382324e-01,2.267770767211914062e-01,2.263148874044418335e-01,5.408713594079017639e-02,1.060402095317840576e-01,1.070950701832771301e-01,-5.560846254229545593e-02,-3.215352445840835571e-02,-5.043971166014671326e-02,-1.517512463033199310e-02,-6.370749324560165405e-02,1.965794712305068970e-01,1.162846237421035767e-01,-6.008211057633161545e-03,5.932890251278877258e-02,1.891502365469932556e-02
5.582389235496520996e-01,2.425764799118041992e-01,5.741743445396423340e-01,4.467878341674804688e-01,3.175619840621948242e-01,4.198532700538635254e-01,4.850201308727264404e-01,2.137382179498672485e-01,2.997955977916717529e-01,2.374990135431289673e-01,4.608655869960784912e-01,4.480488598346710205e-01,3.640220761299133301e-01,2.416310310363769531e-01,3.139919936656951904e-01,1.661740392446517944e-01,5.212573409080505371e-01,3.548695445060729980e-01,2.033722102642059326e-01,1.415375620126724243e-01,3.432446718215942383e-01,2.888078093528747559e-01,2.339481860399246216e-01,2.590174674987792969e-01,4.955878555774688721e-01,5.587443709373474121e-01,2.533637881278991699e-01,1.000000000000000000e+00,5.822011828422546387e-01,5.516559481620788574e-01,4.897575974464416504e-01,3.586774468421936035e-01,4.014043509960174561e-01,1.505666077136993408e-01,1.127239316701889038e-01,1.427659392356872559e-01,2.402915507555007935e-01,2.552868127822875977e-01,7.531764358282089233e-02,2.162514626979827881e-01,3.804686069488525391e-01,4.227343797683715820e-01,2.182514816522598267e-01,5.976589769124984741e-02,2.565617561340332031e-01,3.015199005603790283e-01,2.858083546161651611e-01,2.115470170974731445e-01
4.381803572177886963e-01,5.916422605514526367e-01,4.196056127548217773e-01,3.663139045238494873e-01,3.658336699008941650e-01,5.588999986648559570e-01,5.371665954589843750e-01,4.130769371986389160e-01,3.860122859477996826e-01,2.789257466793060303e-01,3.078861534595489502e-01,2.740601599216461182e-01,2.157680243253707886e-01,1.501180231571197510e-01,1.819663494825363159e-01,2.022971063852310181e-01,4.874012172222137451e-01,3.331648409366607666e-01,3.699454963207244873e-01,2.211566865444183350e-01,3.052159845829010010e-01,2.577274739742279053e-01,2.403999269008636475e-01,3.560610413551330566e-01,2.550648748874664307e-01,5.088502764701843262e-01,3.543506264686584473e-01,5.822011828422546387e-01,1.000000000000000000e+00,4.873519241809844971e-01,3.610366582870483398e-01,3.866948187351226807e-01,3.161471486091613770e-01,1.124392896890640259e-01,2.105803191661834717e-01,3.042633831501007080e-01,1.707293689250946045e-01,1.475966423749923706e-01,1.892436742782592773e-01,2.186725139617919922e-01,4.931742250919342041e-01,4.699674248695373535e-01,3.679598569869995117e-01,3.915399909019470215e-01,4.735825359821319580e-01,4.306694269180297852e-01,3.199360966682434082e-01,1.887843310832977295e-01
5.023542642593383789e-01,2.505977749824523926e-01,4.386304616928100586e-01,3.748479187488555908e-01,2.718257904052734375e-01,2.852294147014617920e-01,4.965544044971466064e-01,2.936801016330718994e-01,3.753371834754943848e-01,2.743369638919830322e-01,3.805863559246063232e-01,4.110758602619171143e-01,4.989773333072662354e-01,3.112554550170898438e-01,2.647686898708343506e-01,2.652949392795562744e-01,5.128263235092163086e-01,4.417377710342407227e-01,3.589936196804046631e-01,2.947621941566467285e-01,4.401276111602783203e-01,4.658121764659881592e-01,4.314460456371307373e-01,4.344023168087005615e-01,4.113900661468505859e-01,5.284919142723083496e-01,2.097064256668090820e-01,5.516559481620788574e-01,4.873519241809844971e-01,1.000000000000000000e+00,6.507455706596374512e-01,5.720462203025817871e-01,3.500936031341552734e-01,2.141209244728088379e-01,2.571282982826232910e-01,3.001681864261627197e-01,3.783669471740722656e-01,3.198395371437072754e-01,2.999868690967559814e-01,2.928608059883117676e-01,2.492922246456146240e-01,4.392942190170288086e-01,3.281405270099639893e-01,1.061061769723892212e-01,3.198969066143035889e-01,3.162567913532257080e-01,4.745089709758758545e-01,3.514539003372192383e-01
3.173215091228485107e-01,1.893584430217742920e-01,3.938730955123901367e-01,2.810553014278411865e-01,9.047418832778930664e-02,1.804146170616149902e-01,4.534824192523956299e-01,1.105441823601722717e-01,2.483326196670532227e-01,2.553331851959228516e-01,3.033533990383148193e-01,2.420717030763626099e-01,4.452046155929565430e-01,3.027514517307281494e-01,2.151545584201812744e-01,2.382126152515411377e-01,5.223389863967895508e-01,5.362422466278076172e-01,3.645904660224914551e-01,2.869206666946411133e-01,4.017345905303955078e-01,6.446774601936340332e-01,4.868463873863220215e-01,5.054641962051391602e-01,3.491621613502502441e-01,4.299752414226531982e-01,1.375347375869750977e-01,4.897575974464416504e-01,3.610366582870483398e-01,6.507455706596374512e-01,1.000000000000000000e+00,6.646011471748352051e-01,2.027113437652587891e-01,2.791172266006469727e-01,2.791006863117218018e-01,4.544994831085205078e-01,3.028447329998016357e-01,2.938998341560363770e-01,3.807082772254943848e-01,3.673201203346252441e-01,1.514696329832077026e-01,3.542641997337341309e-01,3.196926414966583252e-01,3.958515822887420654e-02,3.256413936614990234e-01,4.045767784118652344e-01,6.049396395683288574e-01,4.718531072139739990e-01
2.628639638423919678e-01,2.328196018934249878e-01,3.390611410140991211e-01,2.560327351093292236e-01,1.104212179780006409e-01,2.327954322099685669e-01,3.888614177703857422e-01,1.789320111274719238e-01,3.713536560535430908e-01,3.116725683212280273e-01,2.440698146820068359e-01,3.242218494415283203e-01,5.063753724098205566e-01,2.024540603160858154e-01,1.761968582868576050e-01,2.869536280632019043e-01,4.399854838848114014e-01,4.434575438499450684e-01,2.838712036609649658e-01,2.780727148056030273e-01,4.880253672599792480e-01,5.865815281867980957e-01,5.571511983871459961e-01,6.897760033607482910e-01,2.138970941305160522e-01,4.535651206970214844e-01,9.172777086496353149e-02,3.586774468421936035e-01,3.866948187351226807e-01,5.720462203025817871e-01,6.646011471748352051e-01,1.000000000000000000e+00,1.748588979244232178e-01,1.619143933057785034e-01,2.112363576889038086e-01,5.111455321311950684e-01,2.070155143737792969e-01,2.589445412158966064e-01,3.759624361991882324e-01,4.281716346740722656e-01,1.764127165079116821e-01,3.396597206592559814e-01,2.878710627555847168e-01,1.488792449235916138e-01,3.121999204158782959e-01,4.322135150432586670e-01,7.173158526420593262e-01,5.664332509040832520e-01
4.935166835784912109e-01,2.113994657993316650e-01,1.929148137569427490e-01,1.239327341318130493e-01,3.521585166454315186e-01,3.481037914752960205e-01,2.755661308765411377e-01,3.466692268848419189e-01,3.055839240550994873e-01,1.499783247709274292e-01,4.203991293907165527e-01,4.227117896080017090e-01,2.464938163757324219e-01,3.058943450450897217e-01,4.331680834293365479e-01,1.242988556623458862e-01,2.710439562797546387e-01,2.813807129859924316e-01,1.227271854877471924e-01,9.332962334156036377e-02,1.579582989215850830e-01,1.101301684975624084e-01,1.010918021202087402e-01,1.597965657711029053e-01,6.442238092422485352e-01,3.294260501861572266e-01,4.720928072929382324e-01,4.014043509960174561e-01,3.161471486091613770e-01,3.500936031341552734e-01,2.027113437652587891e-01,1.748588979244232178e-01,1.000000000000000000e+00,2.973856627941131592e-01,1.323941200971603394e-01,1.187041103839874268e-01,3.369874060153961182e-01,3.604599535465240479e-01,9.024841338396072388e-02,8.511167019605636597e-02,1.761387735605239868e-01,2.762712538242340088e-01,1.896166205406188965e-01,1.834272146224975586e-01,1.211029067635536194e-01,1.193776726722717285e-01,1.145860180258750916e-01,1.543149203062057495e-01
