1.000000000000000000e+00,-1.542587019503116608e-02,4.837758243083953857e-01,4.638691246509552002e-01,3.252527415752410889e-01,5.029198527336120605e-01,1.329084951430559158e-02,3.203645348548889160e-03,9.725595265626907349e-02,1.481598913669586182e-01,2.543722987174987793e-01,4.093462228775024414e-01,1.081321388483047485e-01,1.715077459812164307e-01,2.479095906019210815e-01,-1.475529074668884277e-01,1.243677288293838501e-01,-5.707557499408721924e-02,-1.379965096712112427e-01,-9.573642909526824951e-02,3.360243141651153564e-01,1.220554485917091370e-01,-9.997235238552093506e-02,-1.620653783902525902e-03,1.089854016900062561e-01,-7.499344646930694580e-02,1.380200684070587158e-01,4.748652875423431396e-01,1.508504450321197510e-01,1.795651316642761230e-01,3.469983488321304321e-02,-1.039030551910400391e-01,5.313917249441146851e-02,-1.064831987023353577e-01,-2.917541749775409698e-02,-1.258921325206756592e-01,-1.329920887947082520e-01,-4.485384374856948853e-02,-1.372510343790054321e-01,-3.925222158432006836e-02,1.301302909851074219e-01,4.066381603479385376e-02,-1.295365691184997559e-01,-1.821052730083465576e-01,2.882245695218443871e-03,-4.833661764860153198e-02,1.841549947857856750e-02,-1.083680894225835800e-02
-1.542587019503116608e-02,1.000000000000000000e+00,-1.121963858604431152e-01,2.546012997627258301e-01,4.694340825080871582e-01,1.297953277826309204e-01,6.814104914665222168e-01,-2.210154384374618530e-01,-1.051115095615386963e-01,2.124344371259212494e-02,-4.848516583442687988e-01,-4.157198965549468994e-01,2.905108034610748291e-01,-1.448820680379867554e-01,3.635052358731627464e-03,2.308830469846725464e-01,4.605677127838134766e-01,4.809032082557678223e-01,5.236743092536926270e-01,6.198866367340087891e-01,-3.652068600058555603e-02,-1.161984503269195557e-01,6.539934128522872925e-02,2.143492549657821655e-01,-1.486417055130004883e-01,5.993343591690063477e-01,1.357811689376831055e-01,-7.773546129465103149e-02,6.651004552841186523e-01,1.206956580281257629e-01,3.705947697162628174e-01,3.204872310161590576e-01,1.477915942668914795e-01,2.537057399749755859e-01,1.717047095298767090e-01,2.067554444074630737e-01,1.825600117444992065e-01,1.239893138408660889e-01,-8.023191243410110474e-02,5.748570710420608521e-02,7.258375287055969238e-01,7.650142908096313477e-01,6.389196515083312988e-01,6.816499233245849609e-01,5.597866177558898926e-01,6.093853712081909180e-01,2.173839509487152100e-01,9.687554091215133667e-02
4.837758243083953857e-01,-1.121963858604431152e-01,1.000000000000000000e+00,5.660035014152526855e-01,2.027962654829025269e-01,4.848348498344421387e-01,1.796271204948425293e-01,2.829736471176147461e-01,1.566300988197326660e-01,1.404161304235458374e-01,4.143792390823364258e-01,4.657649397850036621e-01,6.974662095308303833e-02,2.224062532186508179e-01,5.506177991628646851e-02,7.932409644126892090e-02,3.167394995689392090e-01,1.282075792551040649e-01,-3.053116984665393829e-02,-2.051132321357727051e-01,1.944546252489089966e-01,3.219686150550842285e-01,2.929758653044700623e-02,-9.764404594898223877e-02,1.471906602382659912e-01,5.335178971290588379e-02,1.010617315769195557e-01,4.781780242919921875e-01,1.350266188383102417e-01,2.431782484054565430e-01,8.546752482652664185e-02,-2.164697945117950439e-01,-2.213148213922977448e-02,2.278972603380680084e-02,8.981033414602279663e-02,-6.290322542190551758e-02,6.246918067336082458e-02,-1.168736256659030914e-02,9.707333892583847046e-02,1.585868373513221741e-02,9.273662418127059937e-02,-7.358375191688537598e-02,-2.269237041473388672e-01,-1.980760544538497925e-01,1.727717556059360504e-02,-1.829206496477127075e-01,-7.620961964130401611e-02,-6.893618404865264893e-02
4.638691246509552002e-01,2.546012997627258301e-01,5.660035014152526855e-01,1.000000000000000000e+00,3.680002987384796143e-01,2.557447254657745361e-01,4.581480324268341064e-01,-3.042841851711273193e-01,-2.876520156860351562e-01,-1.684339195489883423e-01,-2.195353507995605469e-01,3.672942752018570900e-03,6.009925156831741333e-02,-2.168942689895629883e-01,-4.669311642646789551e-02,8.241011202335357666e-02,2.575623393058776855e-01,1.769389659166336060e-01,2.753239870071411133e-01,2.969220280647277832e-01,2.690895795822143555e-01,2.778094708919525146e-01,7.782346569001674652e-03,-8.332656696438789368e-03,-3.556126356124877930e-01,2.204861938953399658e-01,-1.387376338243484497e-01,5.327370017766952515e-02,2.563790082931518555e-01,1.145245879888534546e-01,1.007613167166709900e-01,9.521345607936382294e-03,-4.005725085735321045e-01,-6.088631972670555115e-02,-1.995893009006977081e-02,-8.389894664287567139e-02,-1.700926423072814941e-01,-1.872795075178146362e-01,-1.256479471921920776e-01,-1.997261494398117065e-02,3.300432860851287842e-01,1.960755586624145508e-01,8.894017338752746582e-02,8.966233581304550171e-03,8.504035323858261108e-02,-1.745964772999286652e-02,8.929780684411525726e-03,6.159786717034876347e-04
3.252527415752410889e-01,4.694340825080871582e-01,2.027962654829025269e-01,3.680002987384796143e-01,1.000000000000000000e+00,6.024618744850158691e-01,3.668787181377410889e-01,-5.001252889633178711e-02,2.870185486972332001e-02,1.434282660484313965e-01,-1.748220920562744141e-01,2.535714209079742432e-02,3.712495267391204834e-01,-4.885562136769294739e-02,1.485587060451507568e-01,3.023099005222320557e-01,2.409673184156417847e-01,1.260352581739425659e-01,1.243421435356140137e-01,2.672860324382781982e-01,2.130834944546222687e-02,1.174971386790275574e-01,1.235459372401237488e-02,-3.223902359604835510e-02,5.191928241401910782e-03,2.030639201402664185e-01,1.363239139318466187e-01,1.380327939987182617e-01,2.441453188657760620e-01,-1.648299396038055420e-02,9.429513663053512573e-02,-5.907240882515907288e-02,1.853259056806564331e-01,7.569189369678497314e-02,8.565463870763778687e-02,-6.193235889077186584e-02,1.396768689155578613e-01,6.984546035528182983e-02,-4.659284651279449463e-02,-3.608906641602516174e-02,6.407656669616699219e-01,2.966874241828918457e-01,5.064530298113822937e-02,2.332829087972640991e-01,2.186322957277297974e-01,1.423928439617156982e-01,-5.846013873815536499e-02,-3.239495307207107544e-02
5.029198527336120605e-01,1.297953277826309204e-01,4.848348498344421387e-01,2.557447254657745361e-01,6.024618744850158691e-01,1.000000000000000000e+00,9.912640601396560669e-02,3.124895393848419189e-01,2.831137776374816895e-01,3.340011537075042725e-01,3.207160830497741699e-01,4.563201069831848145e-01,3.797801733016967773e-01,4.087513387203216553e-01,2.438670694828033447e-01,6.468503922224044800e-02,1.558174341917037964e-01,-4.089026153087615967e-02,-2.138877511024475098e-01,-1.577615439891815186e-01,1.948368549346923828e-01,1.559784412384033203e-01,1.051525622606277466e-01,1.002572998404502869e-01,1.353015154600143433e-01,8.565583080053329468e-02,1.551785469055175781e-01,5.344401597976684570e-01,2.110907882452011108e-01,1.792791932821273804e-01,7.526141405105590820e-02,-4.582883417606353760e-02,3.439052700996398926e-01,8.056247979402542114e-02,6.150265038013458252e-02,6.440807878971099854e-02,1.096986681222915649e-01,5.695672333240509033e-02,4.415076971054077148e-02,1.377928256988525391e-01,4.383986890316009521e-01,8.131912350654602051e-02,-1.957283467054367065e-01,-8.021428249776363373e-03,6.138571724295616150e-02,-3.106093220412731171e-02,6.452811509370803833e-02,1.255883723497390747e-01
1.329084951430559158e-02,6.814104914665222168e-01,1.796271204948425293e-01,4.581480324268341064e-01,3.668787181377410889e-01,9.912640601396560669e-02,1.000000000000000000e+00,-2.176814973354339600e-01,-1.629479080438613892e-01,-9.183944761753082275e-02,-4.314825832843780518e-01,-3.714657723903656006e-01,2.008778005838394165e-01,-1.515470445156097412e-01,-1.041671633720397949e-02,4.096963405609130859e-01,6.766977906227111816e-01,7.067345976829528809e-01,7.216354608535766602e-01,6.314404606819152832e-01,-7.891201972961425781e-02,1.226682811975479126e-01,1.930337101221084595e-01,2.052488178014755249e-01,-1.639090329408645630e-01,6.945239305496215820e-01,6.994944810867309570e-02,-1.488619595766067505e-01,5.189684033393859863e-01,-3.717626631259918213e-02,3.411917090415954590e-01,3.139972984790802002e-01,-4.230538383126258850e-02,2.120268344879150391e-01,1.127035319805145264e-01,1.868271231651306152e-01,1.821042597293853760e-01,1.432579606771469116e-01,4.703851882368326187e-03,1.221842169761657715e-01,5.719481706619262695e-01,6.542285084724426270e-01,6.184026598930358887e-01,4.100472927093505859e-01,3.904725909233093262e-01,4.613946378231048584e-01,2.165796458721160889e-01,8.158318698406219482e-02
3.203645348548889160e-03,-2.210154384374618530e-01,2.829736471176147461e-01,-3.042841851711273193e-01,-5.001252889633178711e-02,3.124895393848419189e-01,-2.176814973354339600e-01,1.000000000000000000e+00,6.014246344566345215e-01,4.599731266498565674e-01,6.687068939208984375e-01,4.688409566879272461e-01,1.469970494508743286e-01,5.438973903656005859e-01,7.780734449625015259e-02,-3.149918094277381897e-02,1.072691455483436584e-01,-1.103701144456863403e-01,-3.495014011859893799e-01,-4.399805068969726562e-01,-3.222367912530899048e-02,4.007521085441112518e-03,6.508464366197586060e-02,-1.754288189113140106e-02,5.455861091613769531e-01,-8.032779395580291748e-02,2.742083966732025146e-01,5.043925642967224121e-01,3.193432930856943130e-04,2.025780975818634033e-01,3.382219746708869934e-02,-1.551480293273925781e-01,5.008976459503173828e-01,2.482683956623077393e-01,1.687306463718414307e-01,1.143504157662391663e-01,3.643284142017364502e-01,1.067623719573020935e-01,2.643285095691680908e-01,1.030857861042022705e-01,-5.652076750993728638e-02,-1.175058931112289429e-01,-2.948732972145080566e-01,-8.699924498796463013e-02,-2.459751069545745850e-02,-8.788538724184036255e-02,-9.567404165863990784e-03,1.079112756997346878e-02
9.725595265626907349e-02,-1.051115095615386963e-01,1.566300988197326660e-01,-2.876520156860351562e-01,2.870185486972332001e-02,2.831137776374816895e-01,-1.629479080438613892e-01,6.014246344566345215e-01,1.000000000000000000e+00,7.162754535675048828e-01,5.862024426460266113e-01,4.238755702972412109e-01,3.355152010917663574e-01,3.290695548057556152e-01,8.240625262260437012e-02,-1.121160387992858887e-01,1.465899348258972168e-01,-7.719654589891433716e-02,-2.804100215435028076e-01,-2.320380359888076782e-01,1.199905201792716980e-02,-6.829064339399337769e-02,2.014131657779216766e-02,1.392007991671562195e-02,5.190606713294982910e-01,4.302969947457313538e-02,3.420290946960449219e-01,4.587703347206115723e-01,9.917531907558441162e-02,2.719198167324066162e-01,7.463571429252624512e-02,-1.507544666528701782e-01,4.944687187671661377e-01,4.795854911208152771e-02,1.803563982248306274e-01,1.237203851342201233e-01,1.261005997657775879e-01,7.849986851215362549e-02,1.398538053035736084e-01,5.436299368739128113e-02,4.481561109423637390e-02,-8.605123497545719147e-03,-1.135528758168220520e-01,1.416841000318527222e-01,2.245761826634407043e-02,1.429577171802520752e-01,-1.445098966360092163e-02,4.415954276919364929e-02
1.481598913669586182e-01,2.124344371259212494e-02,1.404161304235458374e-01,-1.684339195489883423e-01,1.434282660484313965e-01,3.340011537075042725e-01,-9.183944761753082275e-02,4.599731266498565674e-01,7.162754535675048828e-01,1.000000000000000000e+00,4.319039583206176758e-01,4.292501807212829590e-01,4.960795342922210693e-01,2.465240657329559326e-01,1.831127256155014038e-01,-6.783086061477661133e-02,1.066518276929855347e-01,-8.930385229177772999e-04,-1.929691433906555176e-01,-3.724520653486251831e-02,1.705675572156906128e-01,-6.958045065402984619e-02,-1.146593713201582432e-03,-2.086076885461807251e-02,3.239642977714538574e-01,9.882652200758457184e-03,2.621183395385742188e-01,3.330878019332885742e-01,6.236287578940391541e-02,2.722978591918945312e-01,9.269681572914123535e-02,-1.842618435621261597e-01,3.799546062946319580e-01,8.770413696765899658e-02,1.362781077623367310e-01,-1.277529355138540268e-02,1.135960891842842102e-01,6.102170050144195557e-02,4.521783068776130676e-02,3.322510048747062683e-02,1.226390600204467773e-01,1.406397111713886261e-02,-2.630879357457160950e-02,2.836731374263763428e-01,1.270643174648284912e-01,2.900225818157196045e-01,-6.989109516143798828e-02,2.462403662502765656e-02
2.543722987174987793e-01,-4.848516583442687988e-01,4.143792390823364258e-01,-2.195353507995605469e-01,-1.748220920562744141e-01,3.207160830497741699e-01,-4.314825832843780518e-01,6.687068939208984375e-01,5.862024426460266113e-01,4.319039583206176758e-01,1.000000000000000000e+00,7.431224584579467773e-01,4.149454459547996521e-02,4.980121254920959473e-01,1.742719858884811401e-01,-1.444245427846908569e-01,-5.333766806870698929e-03,-2.158026546239852905e-01,-4.538260996341705322e-01,-5.985828638076782227e-01,1.859191060066223145e-01,7.507842779159545898e-02,-5.443388596177101135e-02,-1.408310681581497192e-01,5.334658622741699219e-01,-3.271127343177795410e-01,3.244563937187194824e-01,5.884998440742492676e-01,-1.332390308380126953e-01,3.417792320251464844e-01,-2.663369476795196533e-02,-3.470043540000915527e-01,3.661546707153320312e-01,4.538860544562339783e-02,1.872198730707168579e-01,-1.824527233839035034e-02,9.711026400327682495e-02,7.131084054708480835e-02,2.152463644742965698e-01,-4.685703199356794357e-03,-2.915928959846496582e-01,-3.280358910560607910e-01,-4.368232786655426025e-01,-3.148643970489501953e-01,-1.158316805958747864e-01,-2.443647533655166626e-01,-1.275174468755722046e-01,-1.198331415653228760e-01
4.093462228775024414e-01,-4.157198965549468994e-01,4.657649397850036621e-01,3.672942752018570900e-03,2.535714209079742432e-02,4.563201069831848145e-01,-3.714657723903656006e-01,4.688409566879272461e-01,4.238755702972412109e-01,4.292501807212829590e-01,7.431224584579467773e-01,1.000000000000000000e+00,1.822336167097091675e-01,4.704387187957763672e-01,3.700535297393798828e-01,-6.176148355007171631e-02,-8.014119416475296021e-02,-2.095393836498260498e-01,-4.019130766391754150e-01,-4.663571417331695557e-01,4.424323737621307373e-01,1.733113974332809448e-01,-1.315188109874725342e-01,-1.760350167751312256e-01,3.381232619285583496e-01,-4.003866612911224365e-01,2.263115793466567993e-01,4.999807775020599365e-01,-1.808082461357116699e-01,4.124003350734710693e-01,1.409386750310659409e-02,-3.978118002414703369e-01,3.064136207103729248e-01,7.320614159107208252e-02,1.259519010782241821e-01,-1.643661856651306152e-01,1.401031464338302612e-01,1.078241392970085144e-01,7.285334169864654541e-02,-9.740304946899414062e-02,-2.111359536647796631e-01,-3.773958384990692139e-01,-4.622399806976318359e-01,-3.065313696861267090e-01,-2.112044990062713623e-01,-3.147205710411071777e-01,-1.761946678161621094e-01,-1.154060661792755127e-01
1.081321388483047485e-01,2.905108034610748291e-01,6.974662095308303833e-02,6.009925156831741333e-02,3.712495267391204834e-01,3.797801733016967773e-01,2.008778005838394165e-01,1.469970494508743286e-01,3.355152010917663574e-01,4.960795342922210693e-01,4.149454459547996521e-02,1.822336167097091675e-01,1.000000000000000000e+00,2.478772103786468506e-01,3.279730081558227539e-01,2.364450097084045410e-01,1.416752338409423828e-01,8.689144998788833618e-02,2.494302578270435333e-03,3.523516654968261719e-01,2.146948128938674927e-01,1.716475635766983032e-01,2.216701507568359375e-01,1.787794530391693115e-01,3.691564127802848816e-02,2.503029704093933105e-01,1.196848526597023010e-01,1.155008077621459961e-01,2.191596627235412598e-01,2.074006944894790649e-01,2.277715653181076050e-01,1.228088662028312683e-01,2.911064624786376953e-01,1.618510335683822632e-01,6.038258224725723267e-02,1.437563598155975342e-01,1.817957609891891479e-01,1.321729868650436401e-01,9.004298597574234009e-02,1.059037074446678162e-01,3.480631411075592041e-01,2.472243160009384155e-01,1.884299814701080322e-01,2.785513103008270264e-01,2.470671087503433228e-01,3.457342386245727539e-01,1.570900976657867432e-01,5.686756223440170288e-02
1.715077459812164307e-01,-1.448820680379867554e-01,2.224062532186508179e-01,-2.168942689895629883e-01,-4.885562136769294739e-02,4.087513387203216553e-01,-1.515470445156097412e-01,5.438973903656005859e-01,3.290695548057556152e-01,2.465240657329559326e-01,4.980121254920959473e-01,4.704387187957763672e-01,2.478772103786468506e-01,1.000000000000000000e+00,3.287826478481292725e-01,2.819431014358997345e-03,1.084623113274574280e-01,-1.436756923794746399e-02,-2.561758756637573242e-01,-3.182864487171173096e-01,8.776691555976867676e-02,1.638809442520141602e-01,2.526747584342956543e-01,2.174243777990341187e-01,3.650729060173034668e-01,-4.492719843983650208e-02,2.307363748550415039e-01,4.759841263294219971e-01,8.849950134754180908e-02,2.339624613523483276e-01,1.684203445911407471e-01,1.003503426909446716e-01,5.383320450782775879e-01,3.017371296882629395e-01,1.236471235752105713e-01,2.688598632812500000e-01,4.260333776473999023e-01,2.991001904010772705e-01,2.283096462488174438e-01,2.139940410852432251e-01,-3.429657220840454102e-02,-4.850589483976364136e-02,-1.336063444614410400e-01,-1.486557871103286743e-01,4.223342239856719971e-02,-4.325234889984130859e-02,2.251323014497756958e-01,1.702272295951843262e-01
2.479095906019210815e-01,3.635052358731627464e-03,5.506177991628646851e-02,-4.669311642646789551e-02,1.485587060451507568e-01,2.438670694828033447e-01,-1.041671633720397949e-02,7.780734449625015259e-02,8.240625262260437012e-02,1.831127256155014038e-01,1.742719858884811401e-01,3.700535297393798828e-01,3.279730081558227539e-01,3.287826478481292725e-01,1.000000000000000000e+00,2.943387329578399658e-01,4.788751155138015747e-02,1.230488643050193787e-01,-2.344422973692417145e-02,9.991416707634925842e-03,2.799243628978729248e-01,2.092851251363754272e-01,1.339346170425415039e-01,1.266193091869354248e-01,1.385191380977630615e-01,-5.615488439798355103e-02,2.479901760816574097e-01,1.253285706043243408e-01,3.683263435959815979e-02,2.489161789417266846e-01,1.772094219923019409e-01,4.218246322125196457e-03,3.141013681888580322e-01,3.833326399326324463e-01,1.150684654712677002e-01,3.861910104751586914e-02,2.786274552345275879e-01,6.004112958908081055e-01,1.965407878160476685e-01,7.495157420635223389e-02,-1.544987410306930542e-02,-1.046339571475982666e-01,-7.030471414327621460e-02,-9.004446864128112793e-02,-2.570410259068012238e-02,-5.694965273141860962e-02,1.127615049481391907e-01,2.379987854510545731e-03
-1.475529074668884277e-01,2.308830469846725464e-01,7.932409644126892090e-02,8.241011202335357666e-02,3.023099005222320557e-01,6.468503922224044800e-02,4.096963405609130859e-01,-3.149918094277381897e-02,-1.121160387992858887e-01,-6.783086061477661133e-02,-1.444245427846908569e-01,-6.176148355007171631e-02,2.364450097084045410e-01,2.819431014358997345e-03,2.943387329578399658e-01,1.000000000000000000e+00,2.708048820495605469e-01,3.838939964771270752e-01,3.965418338775634766e-01,2.795758843421936035e-01,-1.741843968629837036e-01,3.584654629230499268e-01,2.209745794534683228e-01,4.335821606218814850e-03,7.232777774333953857e-02,1.870248019695281982e-01,7.712254673242568970e-02,-1.025993451476097107e-01,1.185467243194580078e-01,8.173917420208454132e-03,2.651558816432952881e-01,5.818911269307136536e-02,1.288694292306900024e-01,2.898768186569213867e-01,2.632159292697906494e-01,3.172035887837409973e-02,4.557753801345825195e-01,4.323529005050659180e-01,3.428027331829071045e-01,-1.364369411021471024e-02,2.103828191757202148e-01,9.650974720716476440e-02,1.309452801942825317e-01,7.372020930051803589e-02,2.001926004886627197e-01,5.289074778556823730e-02,2.979905344545841217e-02,-1.648120731115341187e-01
1.243677288293838501e-01,4.605677127838134766e-01,3.167394995689392090e-01,2.575623393058776855e-01,2.409673184156417847e-01,1.558174341917037964e-01,6.766977906227111816e-01,1.072691455483436584e-01,1.465899348258972168e-01,1.066518276929855347e-01,-5.333766806870698929e-03,-8.014119416475296021e-02,1.416752338409423828e-01,1.084623113274574280e-01,4.788751155138015747e-02,2.708048820495605469e-01,1.000000000000000000e+00,6.672889590263366699e-01,5.132331252098083496e-01,3.061066567897796631e-01,-1.285317689180374146e-01,1.246056631207466125e-01,1.338657140731811523e-01,1.115444898605346680e-01,2.711415588855743408e-01,4.824524819850921631e-01,3.204770982265472412e-01,1.449941098690032959e-01,4.922162294387817383e-01,1.660062074661254883e-01,3.671860694885253906e-01,1.234384551644325256e-01,2.350803315639495850e-01,2.665548324584960938e-01,2.586396634578704834e-01,1.662744879722595215e-01,3.371350467205047607e-01,2.749553918838500977e-01,7.866683602333068848e-02,5.324942991137504578e-02,3.759202063083648682e-01,5.409011840820312500e-01,4.314902424812316895e-01,3.013971745967864990e-01,3.822092413902282715e-01,4.086214601993560791e-01,1.339883953332901001e-01,1.492855884134769440e-02
-5.707557499408721924e-02,4.809032082557678223e-01,1.282075792551040649e-01,1.769389659166336060e-01,1.260352581739425659e-01,-4.089026153087615967e-02,7.067345976829528809e-01,-1.103701144456863403e-01,-7.719654589891433716e-02,-8.930385229177772999e-04,-2.158026546239852905e-01,-2.095393836498260498e-01,8.689144998788833618e-02,-1.436756923794746399e-02,1.230488643050193787e-01,3.838939964771270752e-01,6.672889590263366699e-01,1.000000000000000000e+00,7.029420137405395508e-01,5.072849392890930176e-01,3.086939267814159393e-02,1.703688651323318481e-01,1.783756762742996216e-01,1.090231239795684814e-01,2.910864073783159256e-03,5.157402157783508301e-01,2.108255326747894287e-01,-8.275014162063598633e-02,4.385005235671997070e-01,6.786447763442993164e-02,3.853958547115325928e-01,1.859781742095947266e-01,1.329358369112014771e-01,3.485871255397796631e-01,2.122659236192703247e-01,1.092845126986503601e-01,2.556924521923065186e-01,3.201553821563720703e-01,6.773547083139419556e-02,3.044283390045166016e-02,2.817977964878082275e-01,4.405241906642913818e-01,5.687814354896545410e-01,3.408496081829071045e-01,3.691992163658142090e-01,3.726902902126312256e-01,1.094682738184928894e-01,-3.051873482763767242e-02
-1.379965096712112427e-01,5.236743092536926270e-01,-3.053116984665393829e-02,2.753239870071411133e-01,1.243421435356140137e-01,-2.138877511024475098e-01,7.216354608535766602e-01,-3.495014011859893799e-01,-2.804100215435028076e-01,-1.929691433906555176e-01,-4.538260996341705322e-01,-4.019130766391754150e-01,2.494302578270435333e-03,-2.561758756637573242e-01,-2.344422973692417145e-02,3.965418338775634766e-01,5.132331252098083496e-01,7.029420137405395508e-01,1.000000000000000000e+00,6.681686043739318848e-01,-3.088960424065589905e-02,7.863088697195053101e-02,8.693549036979675293e-02,1.022269725799560547e-01,-1.491923630237579346e-01,4.165779054164886475e-01,1.143188327550888062e-01,-2.655176520347595215e-01,3.195131719112396240e-01,-4.142309352755546570e-02,2.904571592807769775e-01,2.110430300235748291e-01,-7.764005661010742188e-02,1.810381114482879639e-01,7.777663320302963257e-02,8.461924642324447632e-02,1.302783638238906860e-01,1.547302752733230591e-01,-4.510238394141197205e-02,4.416752606630325317e-03,2.456576079130172729e-01,4.857602715492248535e-01,6.486193537712097168e-01,3.637825250625610352e-01,3.372820615768432617e-01,3.953547775745391846e-01,1.356826424598693848e-01,-1.546709984540939331e-02
-9.573642909526824951e-02,6.198866367340087891e-01,-2.051132321357727051e-01,2.969220280647277832e-01,2.672860324382781982e-01,-1.577615439891815186e-01,6.314404606819152832e-01,-4.399805068969726562e-01,-2.320380359888076782e-01,-3.724520653486251831e-02,-5.985828638076782227e-01,-4.663571417331695557e-01,3.523516654968261719e-01,-3.182864487171173096e-01,9.991416707634925842e-03,2.795758843421936035e-01,3.061066567897796631e-01,5.072849392890930176e-01,6.681686043739318848e-01,1.000000000000000000e+00,1.435748189687728882e-01,2.257309295237064362e-02,9.006019681692123413e-02,1.444398909807205200e-01,-3.727250695228576660e-01,5.041425824165344238e-01,-9.128522872924804688e-02,-3.250764906406402588e-01,3.441731333732604980e-01,-7.335458695888519287e-02,2.283149510622024536e-01,3.162244260311126709e-01,-1.204199641942977905e-01,7.164880633354187012e-02,-4.148683696985244751e-02,8.734294027090072632e-02,-3.987553715705871582e-02,5.684579722583293915e-03,-1.653009951114654541e-01,-2.495065517723560333e-02,4.101859033107757568e-01,5.528455972671508789e-01,6.955467462539672852e-01,4.854516386985778809e-01,3.622260391712188721e-01,5.588065981864929199e-01,1.589921116828918457e-01,1.665916852653026581e-02
3.360243141651153564e-01,-3.652068600058555603e-02,1.944546252489089966e-01,2.690895795822143555e-01,2.130834944546222687e-02,1.948368549346923828e-01,-7.891201972961425781e-02,-3.222367912530899048e-02,1.199905201792716980e-02,1.705675572156906128e-01,1.859191060066223145e-01,4.424323737621307373e-01,2.146948128938674927e-01,8.776691555976867676e-02,2.799243628978729248e-01,-1.741843968629837036e-01,-1.285317689180374146e-01,3.086939267814159393e-02,-3.088960424065589905e-02,1.435748189687728882e-01,1.000000000000000000e+00,1.141951978206634521e-01,-1.445347517728805542e-01,-3.187944181263446808e-03,-2.102357447147369385e-01,-9.691106528043746948e-02,1.145843230187892914e-02,1.678212583065032959e-01,4.891256988048553467e-02,4.036695659160614014e-01,1.678583920001983643e-01,-8.078148216009140015e-02,-3.056338615715503693e-02,7.198269665241241455e-02,3.536255285143852234e-02,-8.976434171199798584e-02,-2.004673331975936890e-01,-7.807423919439315796e-02,-1.548226773738861084e-01,-8.911728858947753906e-02,-1.554744038730859756e-02,-6.776458770036697388e-02,-4.172834008932113647e-02,-5.742829293012619019e-02,2.784169977530837059e-03,-4.744655638933181763e-02,-1.956061925739049911e-03,-4.000392556190490723e-02
1.220554485917091370e-01,-1.161984503269195557e-01,3.219686150550842285e-01,2.778094708919525146e-01,1.174971386790275574e-01,1.559784412384033203e-01,1.226682811975479126e-01,4.007521085441112518e-03,-6.829064339399337769e-02,-6.958045065402984619e-02,7.507842779159545898e-02,1.733113974332809448e-01,1.716475635766983032e-01,1.638809442520141602e-01,2.092851251363754272e-01,3.584654629230499268e-01,1.246056631207466125e-01,1.703688651323318481e-01,7.863088697195053101e-02,2.257309295237064362e-02,1.141951978206634521e-01,1.000000000000000000e+00,5.534726977348327637e-01,2.871234416961669922e-01,1.304898411035537720e-02,-3.130577132105827332e-02,3.709070011973381042e-02,6.012831628322601318e-02,-6.777022499591112137e-03,2.003167122602462769e-01,4.085987806320190430e-01,2.281806170940399170e-01,1.849801652133464813e-02,2.096255272626876831e-01,3.111675679683685303e-01,2.963091135025024414e-01,2.058955729007720947e-01,3.010565042495727539e-01,5.222904086112976074e-01,3.003307282924652100e-01,9.829512797296047211e-03,-1.975366473197937012e-01,-1.322452425956726074e-01,-3.133085668087005615e-01,2.607638202607631683e-02,-2.047147154808044434e-01,2.984637022018432617e-01,7.775829732418060303e-02
-9.997235238552093506e-02,6.539934128522872925e-02,2.929758653044700623e-02,7.782346569001674652e-03,1.235459372401237488e-02,1.051525622606277466e-01,1.930337101221084595e-01,6.508464366197586060e-02,2.014131657779216766e-02,-1.146593713201582432e-03,-5.443388596177101135e-02,-1.315188109874725342e-01,2.216701507568359375e-01,2.526747584342956543e-01,1.339346170425415039e-01,2.209745794534683228e-01,1.338657140731811523e-01,1.783756762742996216e-01,8.693549036979675293e-02,9.006019681692123413e-02,-1.445347517728805542e-01,5.534726977348327637e-01,1.000000000000000000e+00,5.349866151809692383e-01,-4.257905110716819763e-02,2.653793990612030029e-01,-2.812326140701770782e-02,-3.160265460610389709e-02,1.328122019767761230e-01,-6.493800133466720581e-02,1.709359735250473022e-01,5.209274291992187500e-01,9.932345896959304810e-02,2.024842053651809692e-01,1.559922248125076294e-01,5.750925540924072266e-01,1.503962576389312744e-01,2.115359157323837280e-01,6.728086471557617188e-01,7.599654793739318848e-01,1.476929932832717896e-01,4.515070095658302307e-02,1.052958592772483826e-01,-7.091862708330154419e-02,9.412889927625656128e-02,6.105808913707733154e-02,4.852394461631774902e-01,4.537398517131805420e-01
-1.620653783902525902e-03,2.143492549657821655e-01,-9.764404594898223877e-02,-8.332656696438789368e-03,-3.223902359604835510e-02,1.002572998404502869e-01,2.052488178014755249e-01,-1.754288189113140106e-02,1.392007991671562195e-02,-2.086076885461807251e-02,-1.408310681581497192e-01,-1.760350167751312256e-01,1.787794530391693115e-01,2.174243777990341187e-01,1.266193091869354248e-01,4.335821606218814850e-03,1.115444898605346680e-01,1.090231239795684814e-01,1.022269725799560547e-01,1.444398909807205200e-01,-3.187944181263446808e-03,2.871234416961669922e-01,5.349866151809692383e-01,1.000000000000000000e+00,-4.337915405631065369e-02,3.179089725017547607e-01,4.277067258954048157e-02,7.607741653919219971e-02,3.273432850837707520e-01,1.185835078358650208e-01,3.947388827800750732e-01,7.823357582092285156e-01,1.538708806037902832e-01,1.912574172019958496e-01,1.134175136685371399e-01,7.870942950248718262e-01,1.124872863292694092e-01,1.948518753051757812e-01,3.053461015224456787e-01,6.079943776130676270e-01,1.930600255727767944e-01,2.251947671175003052e-01,2.816110253334045410e-01,6.279390305280685425e-02,1.562816798686981201e-01,1.936800777912139893e-01,8.530430197715759277e-01,6.405667662620544434e-01
1.089854016900062561e-01,-1.486417055130004883e-01,1.471906602382659912e-01,-3.556126356124877930e-01,5.191928241401910782e-03,1.353015154600143433e-01,-1.639090329408645630e-01,5.455861091613769531e-01,5.190606713294982910e-01,3.239642977714538574e-01,5.334658622741699219e-01,3.381232619285583496e-01,3.691564127802848816e-02,3.650729060173034668e-01,1.385191380977630615e-01,7.232777774333953857e-02,2.711415588855743408e-01,2.910864073783159256e-03,-1.491923630237579346e-01,-3.727250695228576660e-01,-2.102357447147369385e-01,1.304898411035537720e-02,-4.257905110716819763e-02,-4.337915405631065369e-02,1.000000000000000000e+00,-1.637349724769592285e-01,6.177908182144165039e-01,4.326580464839935303e-01,5.677174404263496399e-02,2.556447982788085938e-01,1.834143251180648804e-01,-2.011625170707702637e-01,6.184478998184204102e-01,2.049748450517654419e-01,2.914321720600128174e-01,8.888795971870422363e-02,4.008728563785552979e-01,3.695593774318695068e-01,2.421305924654006958e-01,-2.696846239268779755e-02,-1.122530698776245117e-01,-4.511672630906105042e-02,-1.502959728240966797e-01,-7.274876534938812256e-02,6.709563732147216797e-02,8.519063703715801239e-03,-6.028896197676658630e-03,-1.294602304697036743e-01
-7.499344646930694580e-02,5.993343591690063477e-01,5.335178971290588379e-02,2.204861938953399658e-01,2.030639201402664185e-01,8.565583080053329468e-02,6.945239305496215820e-01,-8.032779395580291748e-02,4.302969947457313538e-02,9.882652200758457184e-03,-3.271127343177795410e-01,-4.003866612911224365e-01,2.503029704093933105e-01,-4.492719843983650208e-02,-5.615488439798355103e-02,1.870248019695281982e-01,4.824524819850921631e-01,5.157402157783508301e-01,4.165779054164886475e-01,5.041425824165344238e-01,-9.691106528043746948e-02,-3.130577132105827332e-02,2.653793990612030029e-01,3.179089725017547607e-01,-1.637349724769592285e-01,1.000000000000000000e+00,1.444234419614076614e-02,-3.864444792270660400e-02,5.633405447006225586e-01,-4.189363867044448853e-02,1.909221410751342773e-01,4.225181341171264648e-01,4.143540561199188232e-02,1.694016605615615845e-01,3.835368901491165161e-02,3.233465552330017090e-01,3.787709027528762817e-02,8.032356947660446167e-02,1.505445502698421478e-02,2.515733540058135986e-01,5.269006490707397461e-01,5.978521704673767090e-01,5.357652306556701660e-01,4.485244154930114746e-01,3.364655971527099609e-01,4.524792134761810303e-01,2.634324431419372559e-01,2.370446324348449707e-01
1.380200684070587158e-01,1.357811689376831055e-01,1.010617315769195557e-01,-1.387376338243484497e-01,1.363239139318466187e-01,1.551785469055175781e-01,6.994944810867309570e-02,2.742083966732025146e-01,3.420290946960449219e-01,2.621183395385742188e-01,3.244563937187194824e-01,2.263115793466567993e-01,1.196848526597023010e-01,2.307363748550415039e-01,2.479901760816574097e-01,7.712254673242568970e-02,3.204770982265472412e-01,2.108255326747894287e-01,1.143188327550888062e-01,-9.128522872924804688e-02,1.145843230187892914e-02,3.709070011973381042e-02,-2.812326140701770782e-02,4.277067258954048157e-02,6.177908182144165039e-01,1.444234419614076614e-02,1.000000000000000000e+00,3.605197668075561523e-01,3.202650845050811768e-01,3.188172578811645508e-01,3.094097673892974854e-01,-9.683336317539215088e-02,5.649292469024658203e-01,2.904439270496368408e-01,2.945502996444702148e-01,4.299267008900642395e-02,2.811074256896972656e-01,3.585590422153472900e-01,2.094973325729370117e-01,-2.909721806645393372e-02,9.707095474004745483e-02,8.012981712818145752e-02,5.255220457911491394e-02,1.477799843996763229e-02,2.888196706771850586e-01,8.749719709157943726e-02,8.530209958553314209e-02,-1.572930216789245605e-01
4.748652875423431396e-01,-7.773546129465103149e-02,4.781780242919921875e-01,5.327370017766952515e-02,1.380327939987182617e-01,5.344401597976684570e-01,-1.488619595766067505e-01,5.043925642967224121e-01,4.587703347206115723e-01,3.330878019332885742e-01,5.884998440742492676e-01,4.999807775020599365e-01,1.155008077621459961e-01,4.759841263294219971e-01,1.253285706043243408e-01,-1.025993451476097107e-01,1.449941098690032959e-01,-8.275014162063598633e-02,-2.655176520347595215e-01,-3.250764906406402588e-01,1.678212583065032959e-01,6.012831628322601318e-02,-3.160265460610389709e-02,7.607741653919219971e-02,4.326580464839935303e-01,-3.864444792270660400e-02,3.605197668075561523e-01,1.000000000000000000e+00,3.612357378005981445e-01,3.519996702671051025e-01,1.654296964406967163e-01,-4.621311649680137634e-02,4.739477932453155518e-01,1.639948487281799316e-01,2.387600243091583252e-01,1.143351867794990540e-01,1.288230121135711670e-01,1.013784557580947876e-01,1.267656981945037842e-01,-2.064823731780052185e-02,1.204322278499603271e-01,-2.211343497037887573e-02,-1.778340935707092285e-01,-1.003748401999473572e-01,6.446943432092666626e-02,-8.042379468679428101e-02,9.746391326189041138e-02,-2.127286046743392944e-02
1.508504450321197510e-01,6.651004552841186523e-01,1.350266188383102417e-01,2.563790082931518555e-01,2.441453188657760620e-01,2.110907882452011108e-01,5.189684033393859863e-01,3.193432930856943130e-04,9.917531907558441162e-02,6.236287578940391541e-02,-1.332390308380126953e-01,-1.808082461357116699e-01,2.191596627235412598e-01,8.849950134754180908e-02,3.683263435959815979e-02,1.185467243194580078e-01,4.922162294387817383e-01,4.385005235671997070e-01,3.195131719112396240e-01,3.441731333732604980e-01,4.891256988048553467e-02,-6.777022499591112137e-03,1.328122019767761230e-01,3.273432850837707520e-01,5.677174404263496399e-02,5.633405447006225586e-01,3.202650845050811768e-01,3.612357378005981445e-01,1.000000000000000000e+00,3.756928145885467529e-01,4.761061072349548340e-01,3.437204062938690186e-01,2.580554783344268799e-01,3.287073373794555664e-01,2.772102057933807373e-01,3.214014768600463867e-01,1.702288538217544556e-01,2.120555341243743896e-01,1.004129275679588318e-01,1.009966060519218445e-01,5.805459022521972656e-01,5.997649431228637695e-01,5.112312436103820801e-01,3.958208858966827393e-01,5.063515305519104004e-01,4.256369471549987793e-01,3.295929133892059326e-01,1.054805666208267212e-01
1.795651316642761230e-01,1.206956580281257629e-01,2.431782484054565430e-01,1.145245879888534546e-01,-1.648299396038055420e-02,1.792791932821273804e-01,-3.717626631259918213e-02,2.025780975818634033e-01,2.719198167324066162e-01,2.722978591918945312e-01,3.417792320251464844e-01,4.124003350734710693e-01,2.074006944894790649e-01,2.339624613523483276e-01,2.489161789417266846e-01,8.173917420208454132e-03,1.660062074661254883e-01,6.786447763442993164e-02,-4.142309352755546570e-02,-7.335458695888519287e-02,4.036695659160614014e-01,2.003167122602462769e-01,-6.493800133466720581e-02,1.185835078358650208e-01,2.556447982788085938e-01,-4.189363867044448853e-02,3.188172578811645508e-01,3.519996702671051025e-01,3.756928145885467529e-01,1.000000000000000000e+00,5.626515746116638184e-01,-3.573153167963027954e-02,2.540504336357116699e-01,3.466241359710693359e-01,4.278790950775146484e-01,1.706448942422866821e-01,2.437464892864227295e-01,2.856711149215698242e-01,1.187887787818908691e-01,-5.685424059629440308e-02,2.875918336212635040e-02,4.250275343656539917e-02,3.897087648510932922e-02,1.078287661075592041e-01,2.049543261528015137e-01,4.765556380152702332e-02,1.307222843170166016e-01,-3.728612139821052551e-02
3.469983488321304321e-02,3.705947697162628174e-01,8.546752482652664185e-02,1.007613167166709900e-01,9.429513663053512573e-02,7.526141405105590820e-02,3.411917090415954590e-01,3.382219746708869934e-02,7.463571429252624512e-02,9.269681572914123535e-02,-2.663369476795196533e-02,1.409386750310659409e-02,2.277715653181076050e-01,1.684203445911407471e-01,1.772094219923019409e-01,2.651558816432952881e-01,3.671860694885253906e-01,3.853958547115325928e-01,2.904571592807769775e-01,2.283149510622024536e-01,1.678583920001983643e-01,4.085987806320190430e-01,1.709359735250473022e-01,3.947388827800750732e-01,1.834143251180648804e-01,1.909221410751342773e-01,3.094097673892974854e-01,1.654296964406967163e-01,4.761061072349548340e-01,5.626515746116638184e-01,1.000000000000000000e+00,4.065823554992675781e-01,2.826874852180480957e-01,4.229167401790618896e-01,4.923328161239624023e-01,3.961798250675201416e-01,3.998381495475769043e-01,4.342276751995086670e-01,2.273746579885482788e-01,5.546727403998374939e-02,2.418241947889328003e-01,2.653451561927795410e-01,3.294481635093688965e-01,1.991211026906967163e-01,3.295979797840118408e-01,2.355997413396835327e-01,4.734862744808197021e-01,-6.028697825968265533e-03
-1.039030551910400391e-01,3.204872310161590576e-01,-2.164697945117950439e-01,9.521345607936382294e-03,-5.907240882515907288e-02,-4.582883417606353760e-02,3.139972984790802002e-01,-1.551480293273925781e-01,-1.507544666528701782e-01,-1.842618435621261597e-01,-3.470043540000915527e-01,-3.978118002414703369e-01,1.228088662028312683e-01,1.003503426909446716e-01,4.218246322125196457e-03,5.818911269307136536e-02,1.234384551644325256e-01,1.859781742095947266e-01,2.110430300235748291e-01,3.162244260311126709e-01,-8.078148216009140015e-02,2.281806170940399170e-01,5.209274291992187500e-01,7.823357582092285156e-01,-2.011625170707702637e-01,4.225181341171264648e-01,-9.683336317539215088e-02,-4.621311649680137634e-02,3.437204062938690186e-01,-3.573153167963027954e-02,4.065823554992675781e-01,1.000000000000000000e+00,4.746771976351737976e-02,1.383607983589172363e-01,8.358228206634521484e-02,6.753906011581420898e-01,7.602921873331069946e-02,1.225727275013923645e-01,2.437203079462051392e-01,5.046360492706298828e-01,2.400825321674346924e-01,3.470672369003295898e-01,4.307030737400054932e-01,1.238014176487922668e-01,1.663473695516586304e-01,2.612338364124298096e-01,8.196069598197937012e-01,5.166908502578735352e-01
