1.000000000000000000e+00,1.978308111429214478e-01,4.164425432682037354e-01,4.966699779033660889e-01,3.651298284530639648e-01,4.622859358787536621e-01,1.666689217090606689e-01,2.386935204267501831e-01,1.834097355604171753e-01,1.817230582237243652e-01,2.193830609321594238e-01,2.820939123630523682e-01,1.537089496850967407e-01,2.886028587818145752e-01,2.605444192886352539e-01,7.502533495426177979e-02,1.464669853448867798e-01,1.621841043233871460e-01,5.926829203963279724e-02,3.134310841560363770e-01,3.417704403400421143e-01,1.765759587287902832e-01,1.026246510446071625e-02,5.419383523985743523e-04,2.422434091567993164e-01,3.727249428629875183e-02,2.797401845455169678e-01,5.352123379707336426e-01,2.859460115432739258e-01,1.693595945835113525e-01,1.128892451524734497e-01,5.123934149742126465e-02,3.378719091415405273e-01,2.666675150394439697e-01,7.949361950159072876e-02,-2.018676884472370148e-02,3.044321835041046143e-01,1.196917518973350525e-01,-8.495087176561355591e-02,2.893522009253501892e-02,3.113484382629394531e-01,1.675869822502136230e-01,1.784500181674957275e-01,1.818007230758666992e-01,1.242514029145240784e-01,1.659500896930694580e-01,-1.374817569740116596e-03,2.489378601312637329e-01
1.978308111429214478e-01,1.000000000000000000e+00,1.554320007562637329e-01,3.597195446491241455e-02,3.321998715400695801e-01,3.850033879280090332e-01,1.478032320737838745e-01,5.571494698524475098e-01,3.227277100086212158e-01,3.086445033550262451e-01,2.637626826763153076e-01,2.665645182132720947e-01,2.368722409009933472e-01,3.627659380435943604e-01,3.485065400600433350e-01,2.797314226627349854e-01,2.361523546278476715e-02,-6.338359788060188293e-03,4.433296993374824524e-02,5.551625788211822510e-02,1.001418381929397583e-02,3.059585765004158020e-02,1.232961267232894897e-01,2.392794936895370483e-01,1.648822724819183350e-01,2.014676332473754883e-01,4.456537663936614990e-01,3.051667511463165283e-01,3.581086993217468262e-01,2.230889946222305298e-01,9.022830426692962646e-02,2.036738395690917969e-01,5.210498571395874023e-01,4.598234593868255615e-01,2.131362706422805786e-01,2.565617859363555908e-01,4.756624698638916016e-01,3.749399483203887939e-01,1.811499595642089844e-01,1.818512082099914551e-01,5.204504132270812988e-01,5.057552456855773926e-01,2.606727480888366699e-01,4.310784935951232910e-01,5.276675820350646973e-01,3.717457950115203857e-01,2.025042474269866943e-01,1.434569656848907471e-01
4.164425432682037354e-01,1.554320007562637329e-01,1.000000000000000000e+00,6.583099365234375000e-01,1.351579576730728149e-01,2.717784643173217773e-01,3.538974523544311523e-01,1.800746023654937744e-01,3.955150768160820007e-02,3.596629574894905090e-02,1.228815913200378418e-01,1.288041621446609497e-01,9.856545180082321167e-02,1.748180240392684937e-01,7.081413269042968750e-02,2.681363141164183617e-03,2.402523458003997803e-01,3.030359447002410889e-01,3.055440261960029602e-02,3.463633060455322266e-01,3.149144947528839111e-01,1.273578852415084839e-01,-9.334879368543624878e-02,1.016200482845306396e-01,-8.369878679513931274e-02,3.512190282344818115e-01,1.942719146609306335e-02,3.625778853893280029e-01,2.606349885463714600e-01,1.592532247304916382e-01,9.030400961637496948e-02,4.386398196220397949e-02,1.061720177531242371e-01,1.292123943567276001e-01,1.090137884020805359e-01,3.344613686203956604e-02,1.499369293451309204e-01,4.858459532260894775e-02,-1.716825962066650391e-01,3.438756614923477173e-02,2.062635123729705811e-01,5.730354785919189453e-02,5.461921915411949158e-02,2.616647481918334961e-01,4.957448691129684448e-02,5.576252564787864685e-02,9.759578853845596313e-02,1.921674162149429321e-01
4.966699779033660889e-01,3.597195446491241455e-02,6.583099365234375000e-01,1.000000000000000000e+00,1.787611395120620728e-01,2.881216704845428467e-01,3.785000145435333252e-01,-3.943207673728466034e-03,-1.192131172865629196e-02,-2.911078371107578278e-02,-2.991406433284282684e-02,5.972653627395629883e-02,1.359172910451889038e-01,5.081637762486934662e-03,-6.551699247211217880e-03,7.096017152070999146e-02,2.912607491016387939e-01,4.036810100078582764e-01,1.395101100206375122e-01,4.571897387504577637e-01,4.063961803913116455e-01,2.539151608943939209e-01,-5.736670643091201782e-02,5.573438853025436401e-02,-7.911148667335510254e-02,3.115695118904113770e-01,-3.111972846090793610e-02,4.302158951759338379e-01,2.998639345169067383e-01,1.662603169679641724e-01,2.174450904130935669e-01,6.915163248777389526e-02,-3.572447597980499268e-02,-3.043041564524173737e-03,1.237585023045539856e-01,4.268200322985649109e-02,1.625901088118553162e-02,-2.050494961440563202e-02,-1.417785882949829102e-01,2.235626056790351868e-02,1.922057121992111206e-01,7.951521873474121094e-02,1.137456893920898438e-01,6.155144423246383667e-02,-1.323032099753618240e-02,3.135937079787254333e-02,4.952949658036231995e-02,1.453764438629150391e-01
3.651298284530639648e-01,3.321998715400695801e-01,1.351579576730728149e-01,1.787611395120620728e-01,1.000000000000000000e+00,5.780239701271057129e-01,1.172472313046455383e-01,3.546755909919738770e-01,2.081370055675506592e-01,2.085160464048385620e-01,1.945254206657409668e-01,2.713225781917572021e-01,3.920781314373016357e-01,2.858028709888458252e-01,3.121758401393890381e-01,2.667028605937957764e-01,-2.871924312785267830e-03,-2.682562451809644699e-03,2.100907862186431885e-01,1.933804154396057129e-01,4.813752323389053345e-02,9.342947602272033691e-02,3.184304013848304749e-02,-1.158976629376411438e-01,2.275091409683227539e-01,7.976891472935676575e-03,3.318925797939300537e-01,3.079420626163482666e-01,1.153466850519180298e-01,1.003069132566452026e-01,8.506777137517929077e-02,-9.777363389730453491e-02,4.644699692726135254e-01,2.912035882472991943e-01,1.075501590967178345e-01,-3.513937443494796753e-02,3.667834699153900146e-01,3.128789961338043213e-01,6.470908224582672119e-02,-5.374840274453163147e-02,3.450768887996673584e-01,1.777133494615554810e-01,2.274076193571090698e-01,1.803545951843261719e-01,2.168288379907608032e-01,1.897438466548919678e-01,-3.039691224694252014e-02,-6.742241233587265015e-02
4.622859358787536621e-01,3.850033879280090332e-01,2.717784643173217773e-01,2.881216704845428467e-01,5.780239701271057129e-01,1.000000000000000000e+00,2.281992137432098389e-01,3.525339066982269287e-01,2.959852516651153564e-01,3.458988964557647705e-01,2.652883827686309814e-01,3.036114573478698730e-01,2.898085117340087891e-01,3.402712345123291016e-01,2.342959493398666382e-01,9.849347919225692749e-02,1.061268001794815063e-01,5.988191440701484680e-02,1.683739423751831055e-01,2.907938659191131592e-01,1.860654354095458984e-01,-2.392156422138214111e-02,-1.398723851889371872e-02,1.885763928294181824e-02,1.966550201177597046e-01,2.000198513269424438e-01,2.198556512594223022e-01,4.866782426834106445e-01,3.214469552040100098e-01,2.286519110202789307e-01,1.048289313912391663e-01,6.527221202850341797e-02,3.976937830448150635e-01,2.508718073368072510e-01,9.681741893291473389e-02,2.727345936000347137e-02,2.830451428890228271e-01,1.491406261920928955e-01,-7.286512851715087891e-02,-5.915244109928607941e-03,4.270800054073333740e-01,2.864854633808135986e-01,2.322500497102737427e-01,2.344783097505569458e-01,3.452991545200347900e-01,2.772723436355590820e-01,1.245635673403739929e-01,1.231192126870155334e-01
1.666689217090606689e-01,1.478032320737838745e-01,3.538974523544311523e-01,3.785000145435333252e-01,1.172472313046455383e-01,2.281992137432098389e-01,1.000000000000000000e+00,1.382736712694168091e-01,2.113617360591888428e-01,2.123658955097198486e-01,1.796648800373077393e-01,8.534481376409530640e-02,1.619260907173156738e-01,9.116543829441070557e-02,9.661561995744705200e-02,2.313695102930068970e-01,7.244981527328491211e-01,4.413124918937683105e-01,2.450693547725677490e-01,1.444645673036575317e-01,-7.480109576135873795e-03,2.416606545448303223e-01,2.355586290359497070e-01,1.045645251870155334e-01,2.145512215793132782e-02,5.841292142868041992e-01,2.456284873187541962e-02,1.863343268632888794e-01,1.741052418947219849e-01,7.767159491777420044e-02,1.627952009439468384e-01,2.476676702499389648e-01,-3.308653086423873901e-02,5.774667114019393921e-02,8.607303351163864136e-02,1.048513874411582947e-01,1.158846989274024963e-01,1.307530105113983154e-01,1.258819848299026489e-01,9.690956026315689087e-02,8.953236043453216553e-02,3.830014765262603760e-01,1.830003261566162109e-01,8.531044423580169678e-02,1.956453025341033936e-01,2.744739651679992676e-01,1.284900605678558350e-01,-5.381552502512931824e-02
2.386935204267501831e-01,5.571494698524475098e-01,1.800746023654937744e-01,-3.943207673728466034e-03,3.546755909919738770e-01,3.525339066982269287e-01,1.382736712694168091e-01,1.000000000000000000e+00,5.282444953918457031e-01,4.751550853252410889e-01,5.943868160247802734e-01,5.153474807739257812e-01,3.647536933422088623e-01,6.158162951469421387e-01,4.349983632564544678e-01,1.859723329544067383e-01,7.139144837856292725e-02,-5.058318749070167542e-02,-3.466913104057312012e-02,-3.485516458749771118e-02,1.116060465574264526e-01,-2.972260117530822754e-02,6.324521452188491821e-02,1.390367001295089722e-01,3.039155900478363037e-01,8.658828586339950562e-02,4.648681879043579102e-01,2.710178494453430176e-01,1.634522080421447754e-01,1.678538024425506592e-01,6.979363411664962769e-02,9.952994436025619507e-02,6.509575843811035156e-01,5.909651517868041992e-01,2.663621902465820312e-01,1.753931045532226562e-01,5.900842547416687012e-01,4.350290000438690186e-01,1.129365339875221252e-01,1.340411324054002762e-02,3.082479834556579590e-01,3.113023936748504639e-01,1.300159245729446411e-01,5.223511457443237305e-01,3.609884083271026611e-01,3.269768059253692627e-01,2.557631731033325195e-01,2.781305834650993347e-02
1.834097355604171753e-01,3.227277100086212158e-01,3.955150768160820007e-02,-1.192131172865629196e-02,2.081370055675506592e-01,2.959852516651153564e-01,2.113617360591888428e-01,5.282444953918457031e-01,1.000000000000000000e+00,6.637153029441833496e-01,5.038176774978637695e-01,3.660501241683959961e-01,2.709777355194091797e-01,3.776715397834777832e-01,1.685739904642105103e-01,-9.255307726562023163e-03,2.031819671392440796e-01,8.327307552099227905e-02,1.012435108423233032e-01,-2.811312861740589142e-02,8.005475997924804688e-02,-1.538367010653018951e-02,3.655409067869186401e-02,1.920346021652221680e-01,2.344568222761154175e-01,1.428108960390090942e-01,2.244099974632263184e-01,2.673556208610534668e-01,1.491953283548355103e-01,1.721567064523696899e-01,1.459001153707504272e-01,2.003050893545150757e-01,4.675928950309753418e-01,3.421314358711242676e-01,1.856784224510192871e-01,1.390050202608108521e-01,3.510991632938385010e-01,2.015428990125656128e-01,6.738390028476715088e-02,-3.058966435492038727e-02,1.551590859889984131e-01,3.137849271297454834e-01,2.049687355756759644e-01,4.362034201622009277e-01,2.506846189498901367e-01,3.326996564865112305e-01,3.254985213279724121e-01,1.125106215476989746e-02
1.817230582237243652e-01,3.086445033550262451e-01,3.596629574894905090e-02,-2.911078371107578278e-02,2.085160464048385620e-01,3.458988964557647705e-01,2.123658955097198486e-01,4.751550853252410889e-01,6.637153029441833496e-01,1.000000000000000000e+00,4.276210069656372070e-01,3.996741473674774170e-01,3.782837986946105957e-01,3.810165226459503174e-01,2.412889152765274048e-01,1.063038632273674011e-01,2.357648909091949463e-01,9.646258503198623657e-02,1.502450108528137207e-01,1.065623387694358826e-01,1.244085356593132019e-01,-1.144754141569137573e-01,6.781247258186340332e-02,9.137864410877227783e-02,2.538750171661376953e-01,1.251260042190551758e-01,2.622842490673065186e-01,1.658655703067779541e-01,1.317962855100631714e-01,1.332233697175979614e-01,1.530551165342330933e-01,2.116165906190872192e-01,4.203195571899414062e-01,2.989505529403686523e-01,1.552331745624542236e-01,8.435773849487304688e-02,3.352336883544921875e-01,2.135765999555587769e-01,3.985286504030227661e-02,-5.988685414195060730e-02,1.109369471669197083e-01,3.054350018501281738e-01,2.546881735324859619e-01,4.544161558151245117e-01,3.535700738430023193e-01,4.998498857021331787e-01,3.296471834182739258e-01,-6.049494817852973938e-02
2.193830609321594238e-01,2.637626826763153076e-01,1.228815913200378418e-01,-2.991406433284282684e-02,1.945254206657409668e-01,2.652883827686309814e-01,1.796648800373077393e-01,5.943868160247802734e-01,5.038176774978637695e-01,4.276210069656372070e-01,1.000000000000000000e+00,6.050905585289001465e-01,3.736195266246795654e-01,6.105650663375854492e-01,4.207861721515655518e-01,1.763140857219696045e-01,1.467872709035873413e-01,-9.361791610717773438e-02,-1.539143025875091553e-01,-2.133230566978454590e-01,2.053605616092681885e-01,8.230220526456832886e-02,1.659198701381683350e-01,1.260818541049957275e-01,3.331661522388458252e-01,5.469776317477226257e-02,3.914250731468200684e-01,3.242291212081909180e-01,2.795184589922428131e-02,2.795958817005157471e-01,1.627499759197235107e-01,1.379604935646057129e-01,5.060118436813354492e-01,4.360151588916778564e-01,3.085766434669494629e-01,2.008870840072631836e-01,4.391742348670959473e-01,4.461053609848022461e-01,2.039467394351959229e-01,6.303443014621734619e-02,7.651640474796295166e-02,2.547526061534881592e-01,9.766403585672378540e-02,2.672131955623626709e-01,3.324159085750579834e-01,2.936504185199737549e-01,2.760080695152282715e-01,4.753376170992851257e-02
2.820939123630523682e-01,2.665645182132720947e-01,1.288041621446609497e-01,5.972653627395629883e-02,2.713225781917572021e-01,3.036114573478698730e-01,8.534481376409530640e-02,5.153474807739257812e-01,3.660501241683959961e-01,3.996741473674774170e-01,6.050905585289001465e-01,1.000000000000000000e+00,5.362018346786499023e-01,5.820046663284301758e-01,5.380849838256835938e-01,3.521774709224700928e-01,-3.824166255071759224e-03,-1.910811215639114380e-01,-2.125151008367538452e-01,-4.707117751240730286e-02,3.912181556224822998e-01,1.075329780578613281e-01,9.469525516033172607e-02,1.203544344753026962e-02,4.060291647911071777e-01,-1.477002259343862534e-02,4.969045519828796387e-01,3.426946103572845459e-01,-2.814438892528414726e-03,3.403559327125549316e-01,1.853320896625518799e-01,6.150342896580696106e-02,5.469964146614074707e-01,3.644664585590362549e-01,2.616061270236968994e-01,7.535043358802795410e-02,4.457621276378631592e-01,5.032562613487243652e-01,1.138159930706024170e-01,5.918068345636129379e-04,1.101115439087152481e-02,1.351321190595626831e-01,-7.113210391253232956e-03,3.178419172763824463e-01,3.571627140045166016e-01,2.483969777822494507e-01,3.052041828632354736e-01,5.699262768030166626e-02
1.537089496850967407e-01,2.368722409009933472e-01,9.856545180082321167e-02,1.359172910451889038e-01,3.920781314373016357e-01,2.898085117340087891e-01,1.619260907173156738e-01,3.647536933422088623e-01,2.709777355194091797e-01,3.782837986946105957e-01,3.736195266246795654e-01,5.362018346786499023e-01,1.000000000000000000e+00,3.709738850593566895e-01,4.003605842590332031e-01,4.993093609809875488e-01,1.271636039018630981e-01,2.971551194787025452e-02,8.611378073692321777e-02,2.156037092208862305e-01,3.328480422496795654e-01,2.389725595712661743e-01,1.955206394195556641e-01,-7.734395563602447510e-02,1.674379408359527588e-01,-3.393803257495164871e-03,2.831848263740539551e-01,1.847236305475234985e-01,-7.159410417079925537e-02,1.716661453247070312e-01,3.196165263652801514e-01,3.906535357236862183e-02,3.653609156608581543e-01,3.142373561859130859e-01,2.399178743362426758e-01,6.636340171098709106e-02,4.306399822235107422e-01,4.401030838489532471e-01,2.122438102960586548e-01,-4.374789446592330933e-02,5.089460685849189758e-02,1.699448227882385254e-01,1.966891586780548096e-01,2.630169987678527832e-01,2.755587100982666016e-01,3.103277981281280518e-01,1.836721450090408325e-01,-1.117443367838859558e-01
2.886028587818145752e-01,3.627659380435943604e-01,1.748180240392684937e-01,5.081637762486934662e-03,2.858028709888458252e-01,3.402712345123291016e-01,9.116543829441070557e-02,6.158162951469421387e-01,3.776715397834777832e-01,3.810165226459503174e-01,6.105650663375854492e-01,5.820046663284301758e-01,3.709738850593566895e-01,1.000000000000000000e+00,5.957753062248229980e-01,1.831849813461303711e-01,4.811074957251548767e-02,-1.206999793648719788e-01,-1.239257976412773132e-01,-7.727009057998657227e-02,2.048960626125335693e-01,-1.995508559048175812e-02,1.580248028039932251e-01,1.118656396865844727e-01,4.070384502410888672e-01,2.516241744160652161e-02,4.960304200649261475e-01,3.042819797992706299e-01,3.610352054238319397e-02,1.547616571187973022e-01,8.411689102649688721e-02,1.129231378436088562e-01,6.075472831726074219e-01,4.369737803936004639e-01,1.763822883367538452e-01,1.383113265037536621e-01,5.860958099365234375e-01,5.282495617866516113e-01,1.867847889661788940e-01,1.358697563409805298e-01,2.145270705223083496e-01,2.022857517004013062e-01,1.116607338190078735e-01,3.351836800575256348e-01,3.038005530834197998e-01,2.710408866405487061e-01,2.541512846946716309e-01,1.342303007841110229e-01
2.605444192886352539e-01,3.485065400600433350e-01,7.081413269042968750e-02,-6.551699247211217880e-03,3.121758401393890381e-01,2.342959493398666382e-01,9.661561995744705200e-02,4.349983632564544678e-01,1.685739904642105103e-01,2.412889152765274048e-01,4.207861721515655518e-01,5.380849838256835938e-01,4.003605842590332031e-01,5.957753062248229980e-01,1.000000000000000000e+00,4.728689789772033691e-01,2.810893394052982330e-02,-1.192403286695480347e-01,-6.748041510581970215e-02,-7.115965336561203003e-02,6.566436588764190674e-02,8.811868727207183838e-02,2.807641327381134033e-01,4.068095982074737549e-02,4.782311916351318359e-01,-4.051211103796958923e-02,6.077955961227416992e-01,2.009048163890838623e-01,-3.475726023316383362e-02,1.089796721935272217e-01,1.307199448347091675e-01,1.240586489439010620e-01,5.125566720962524414e-01,3.502410352230072021e-01,1.186334863305091858e-01,1.218855306506156921e-01,5.011681914329528809e-01,7.224426865577697754e-01,3.247395157814025879e-01,1.967241019010543823e-01,4.962847381830215454e-02,1.805789917707443237e-01,1.134592145681381226e-01,2.227476239204406738e-01,3.557772636413574219e-01,3.035514652729034424e-01,2.018233239650726318e-01,1.680689491331577301e-02
7.502533495426177979e-02,2.797314226627349854e-01,2.681363141164183617e-03,7.096017152070999146e-02,2.667028605937957764e-01,9.849347919225692749e-02,2.313695102930068970e-01,1.859723329544067383e-01,-9.255307726562023163e-03,1.063038632273674011e-01,1.763140857219696045e-01,3.521774709224700928e-01,4.993093609809875488e-01,1.831849813461303711e-01,4.728689789772033691e-01,1.000000000000000000e+00,1.331695914268493652e-01,-1.993485493585467339e-03,9.186445921659469604e-02,3.302493691444396973e-02,1.627995818853378296e-02,3.127581179141998291e-01,4.295219480991363525e-01,-5.972308665513992310e-02,1.893748492002487183e-01,2.630665153264999390e-02,3.298453688621520996e-01,6.321124732494354248e-02,-1.078237891197204590e-01,6.508199870586395264e-02,1.680710166692733765e-01,7.933790981769561768e-02,2.039311826229095459e-01,2.140429913997650146e-01,2.130634635686874390e-01,1.193370968103408813e-01,3.186018168926239014e-01,5.198678970336914062e-01,4.221207201480865479e-01,1.892235726118087769e-01,-1.028659567236900330e-02,2.290446758270263672e-01,1.234330460429191589e-01,7.736697047948837280e-02,3.052597641944885254e-01,2.924704253673553467e-01,5.798814445734024048e-02,-9.936083108186721802e-02
1.464669853448867798e-01,2.361523546278476715e-02,2.402523458003997803e-01,2.912607491016387939e-01,-2.871924312785267830e-03,1.061268001794815063e-01,7.244981527328491211e-01,7.139144837856292725e-02,2.031819671392440796e-01,2.357648909091949463e-01,1.467872709035873413e-01,-3.824166255071759224e-03,1.271636039018630981e-01,4.811074957251548767e-02,2.810893394052982330e-02,1.331695914268493652e-01,1.000000000000000000e+00,5.667303204536437988e-01,3.678551316261291504e-01,1.817628741264343262e-01,1.679831743240356445e-02,2.164431661367416382e-01,2.468035370111465454e-01,5.908199772238731384e-02,3.570193797349929810e-02,4.554946422576904297e-01,-3.315055370330810547e-02,7.022000104188919067e-02,1.107911765575408936e-01,2.948549110442399979e-03,2.086781412363052368e-01,3.083782196044921875e-01,-1.041178852319717407e-01,1.668039523065090179e-02,1.671123504638671875e-02,5.598403885960578918e-02,4.682418331503868103e-02,3.740005567669868469e-02,1.200644671916961670e-01,7.393379509449005127e-02,1.216514501720666885e-02,3.488226830959320068e-01,2.743614912033081055e-01,7.292503863573074341e-02,1.512837558984756470e-01,3.289297223091125488e-01,1.248991712927818298e-01,-9.674686938524246216e-02
1.621841043233871460e-01,-6.338359788060188293e-03,3.030359447002410889e-01,4.036810100078582764e-01,-2.682562451809644699e-03,5.988191440701484680e-02,4.413124918937683105e-01,-5.058318749070167542e-02,8.327307552099227905e-02,9.646258503198623657e-02,-9.361791610717773438e-02,-1.910811215639114380e-01,2.971551194787025452e-02,-1.206999793648719788e-01,-1.192403286695480347e-01,-1.993485493585467339e-03,5.667303204536437988e-01,1.000000000000000000e+00,5.494306683540344238e-01,4.381359815597534180e-01,8.922903239727020264e-02,2.674321234226226807e-01,9.593975543975830078e-02,3.627875819802284241e-02,-1.248591467738151550e-01,3.040821254253387451e-01,-1.464898586273193359e-01,1.703857793472707272e-03,1.618144959211349487e-01,-6.295553594827651978e-02,2.865690588951110840e-01,2.307995408773422241e-01,-1.573270857334136963e-01,-5.992728471755981445e-02,-2.583732130005955696e-03,-1.215796079486608505e-02,-5.231920629739761353e-02,-8.977578580379486084e-02,-2.490413747727870941e-02,-1.472507882863283157e-02,6.725422292947769165e-02,1.956775784492492676e-01,3.594273626804351807e-01,7.386969029903411865e-02,5.548918992280960083e-02,2.425559312105178833e-01,7.485760748386383057e-02,-2.390720136463642120e-02
5.926829203963279724e-02,4.433296993374824524e-02,3.055440261960029602e-02,1.395101100206375122e-01,2.100907862186431885e-01,1.683739423751831055e-01,2.450693547725677490e-01,-3.466913104057312012e-02,1.012435108423233032e-01,1.502450108528137207e-01,-1.539143025875091553e-01,-2.125151008367538452e-01,8.611378073692321777e-02,-1.239257976412773132e-01,-6.748041510581970215e-02,9.186445921659469604e-02,3.678551316261291504e-01,5.494306683540344238e-01,1.000000000000000000e+00,4.519709348678588867e-01,-1.442706286907196045e-01,7.599514722824096680e-02,1.042119115591049194e-01,-7.504076510667800903e-02,-1.016626954078674316e-01,1.187094599008560181e-01,-1.576060503721237183e-01,-1.123476400971412659e-01,2.809262834489345551e-02,-2.125783115625381470e-01,1.469741314649581909e-01,1.032022088766098022e-01,-5.816610157489776611e-02,9.846330620348453522e-03,-2.485223673284053802e-02,-7.457509636878967285e-02,4.581429809331893921e-02,-6.149215996265411377e-02,3.380044177174568176e-02,-9.006485342979431152e-02,1.110030859708786011e-01,2.289574444293975830e-01,4.536071121692657471e-01,2.360863843932747841e-03,7.399433106184005737e-02,3.048910200595855713e-01,-3.146195784211158752e-02,-1.692119836807250977e-01
3.134310841560363770e-01,5.551625788211822510e-02,3.463633060455322266e-01,4.571897387504577637e-01,1.933804154396057129e-01,2.907938659191131592e-01,1.444645673036575317e-01,-3.485516458749771118e-02,-2.811312861740589142e-02,1.065623387694358826e-01,-2.133230566978454590e-01,-4.707117751240730286e-02,2.156037092208862305e-01,-7.727009057998657227e-02,-7.115965336561203003e-02,3.302493691444396973e-02,1.817628741264343262e-01,4.381359815597534180e-01,4.519709348678588867e-01,1.000000000000000000e+00,3.545928299427032471e-01,8.145123720169067383e-02,-1.449651867151260376e-01,-1.774352639913558960e-01,-1.399502307176589966e-01,1.002361625432968140e-01,-1.089666485786437988e-01,8.941412717103958130e-02,1.598551869392395020e-01,-5.832401290535926819e-02,1.849885284900665283e-01,-4.065048322081565857e-02,-2.909202128648757935e-02,-1.091220416128635406e-02,-3.504922613501548767e-02,-2.062563151121139526e-01,7.033875584602355957e-02,-1.711017936468124390e-01,-2.597328424453735352e-01,-2.166531831026077271e-01,2.353273779153823853e-01,6.530472636222839355e-02,2.541534304618835449e-01,9.096083790063858032e-02,3.354077041149139404e-02,1.916745901107788086e-01,-7.518897205591201782e-02,3.291193395853042603e-02
3.417704403400421143e-01,1.001418381929397583e-02,3.149144947528839111e-01,4.063961803913116455e-01,4.813752323389053345e-02,1.860654354095458984e-01,-7.480109576135873795e-03,1.116060465574264526e-01,8.005475997924804688e-02,1.244085356593132019e-01,2.053605616092681885e-01,3.912181556224822998e-01,3.328480422496795654e-01,2.048960626125335693e-01,6.566436588764190674e-02,1.627995818853378296e-02,1.679831743240356445e-02,8.922903239727020264e-02,-1.442706286907196045e-01,3.545928299427032471e-01,1.000000000000000000e+00,1.968416124582290649e-01,-1.761665195226669312e-01,-6.269065290689468384e-02,5.640094354748725891e-02,-1.494558178819715977e-03,1.075226068496704102e-01,3.335131406784057617e-01,1.336431950330734253e-01,4.134309291839599609e-01,3.859375417232513428e-01,5.869340524077415466e-02,1.104723140597343445e-01,5.498682707548141479e-02,1.181493923068046570e-01,-8.976582437753677368e-02,5.782933160662651062e-02,5.683035589754581451e-03,-2.412564158439636230e-01,-1.623392105102539062e-01,1.709139905869960785e-02,-6.308518350124359131e-02,-5.278214812278747559e-03,1.716798096895217896e-01,6.297871470451354980e-02,2.782409265637397766e-02,2.096832990646362305e-01,1.417032331228256226e-01
1.765759587287902832e-01,3.059585765004158020e-02,1.273578852415084839e-01,2.539151608943939209e-01,9.342947602272033691e-02,-2.392156422138214111e-02,2.416606545448303223e-01,-2.972260117530822754e-02,-1.538367010653018951e-02,-1.144754141569137573e-01,8.230220526456832886e-02,1.075329780578613281e-01,2.389725595712661743e-01,-1.995508559048175812e-02,8.811868727207183838e-02,3.127581179141998291e-01,2.164431661367416382e-01,2.674321234226226807e-01,7.599514722824096680e-02,8.145123720169067383e-02,1.968416124582290649e-01,1.000000000000000000e+00,3.386739790439605713e-01,7.433344423770904541e-02,-6.360964477062225342e-02,-2.202735049650073051e-03,2.705612964928150177e-02,1.465015113353729248e-01,-7.746863365173339844e-02,7.762307673692703247e-02,2.544804811477661133e-01,1.457932442426681519e-01,-4.491797462105751038e-02,5.095252767205238342e-02,7.251822948455810547e-02,1.632967889308929443e-01,7.894393801689147949e-02,2.031581550836563110e-01,3.612347245216369629e-01,2.026801258325576782e-01,-4.078441858291625977e-02,9.051323682069778442e-02,4.996711388230323792e-02,-6.007807329297065735e-02,4.021923616528511047e-02,-2.255484461784362793e-02,-2.418908290565013885e-02,9.093590080738067627e-02
1.026246510446071625e-02,1.232961267232894897e-01,-9.334879368543624878e-02,-5.736670643091201782e-02,3.184304013848304749e-02,-1.398723851889371872e-02,2.355586290359497070e-01,6.324521452188491821e-02,3.655409067869186401e-02,6.781247258186340332e-02,1.659198701381683350e-01,9.469525516033172607e-02,1.955206394195556641e-01,1.580248028039932251e-01,2.807641327381134033e-01,4.295219480991363525e-01,2.468035370111465454e-01,9.593975543975830078e-02,1.042119115591049194e-01,-1.449651867151260376e-01,-1.761665195226669312e-01,3.386739790439605713e-01,1.000000000000000000e+00,4.817565158009529114e-02,1.312343478202819824e-01,1.130645908415317535e-02,1.449680924415588379e-01,3.958173841238021851e-02,-3.330511227250099182e-02,-8.726092427968978882e-02,8.678366988897323608e-02,2.111418992280960083e-01,5.656582862138748169e-02,1.115427911281585693e-01,1.093644946813583374e-01,1.792062669992446899e-01,1.792508661746978760e-01,3.279989659786224365e-01,6.300258040428161621e-01,5.889562964439392090e-01,3.564633429050445557e-02,2.440806329250335693e-01,2.126155495643615723e-01,-5.922882631421089172e-02,2.189953923225402832e-01,2.630298137664794922e-01,6.782266497611999512e-02,1.439002901315689087e-01
5.419383523985743523e-04,2.392794936895370483e-01,1.016200482845306396e-01,5.573438853025436401e-02,-1.158976629376411438e-01,1.885763928294181824e-02,1.045645251870155334e-01,1.390367001295089722e-01,1.920346021652221680e-01,9.137864410877227783e-02,1.260818541049957275e-01,1.203544344753026962e-02,-7.734395563602447510e-02,1.118656396865844727e-01,4.068095982074737549e-02,-5.972308665513992310e-02,5.908199772238731384e-02,3.627875819802284241e-02,-7.504076510667800903e-02,-1.774352639913558960e-01,-6.269065290689468384e-02,7.433344423770904541e-02,4.817565158009529114e-02,1.000000000000000000e+00,2.193452790379524231e-02,1.276950240135192871e-01,9.750693105161190033e-03,2.017186284065246582e-01,2.491621077060699463e-01,1.205062791705131531e-01,1.233873143792152405e-01,5.460836887359619141e-01,6.465171277523040771e-02,1.397910565137863159e-01,1.308550238609313965e-01,6.920379996299743652e-01,9.120186418294906616e-02,8.569432795047760010e-02,2.337978184223175049e-01,3.175319433212280273e-01,1.717833727598190308e-01,2.437175959348678589e-01,1.004666462540626526e-01,1.894923448562622070e-01,1.771205067634582520e-01,1.453382819890975952e-01,4.529822766780853271e-01,2.737843692302703857e-01
2.422434091567993164e-01,1.648822724819183350e-01,-8.369878679513931274e-02,-7.911148667335510254e-02,2.275091409683227539e-01,1.966550201177597046e-01,2.145512215793132782e-02,3.039155900478363037e-01,2.344568222761154175e-01,2.538750171661376953e-01,3.331661522388458252e-01,4.060291647911071777e-01,1.674379408359527588e-01,4.070384502410888672e-01,4.782311916351318359e-01,1.893748492002487183e-01,3.570193797349929810e-02,-1.248591467738151550e-01,-1.016626954078674316e-01,-1.399502307176589966e-01,5.640094354748725891e-02,-6.360964477062225342e-02,1.312343478202819824e-01,2.193452790379524231e-02,1.000000000000000000e+00,-3.482177853584289551e-02,5.962247848510742188e-01,2.752180397510528564e-01,6.725124269723892212e-02,1.481022834777832031e-01,1.382379978895187378e-01,1.436118185520172119e-01,4.720169007778167725e-01,2.204128056764602661e-01,3.624222427606582642e-02,3.419701009988784790e-02,2.243504077196121216e-01,4.085869491100311279e-01,1.767842620611190796e-01,7.991944253444671631e-02,3.736001998186111450e-02,1.233312189579010010e-01,4.700505360960960388e-02,1.803259998559951782e-01,2.119989097118377686e-01,2.548215091228485107e-01,2.135091722011566162e-01,-8.134005218744277954e-02
3.727249428629875183e-02,2.014676332473754883e-01,3.512190282344818115e-01,3.115695118904113770e-01,7.976891472935676575e-03,2.000198513269424438e-01,5.841292142868041992e-01,8.658828586339950562e-02,1.428108960390090942e-01,1.251260042190551758e-01,5.469776317477226257e-02,-1.477002259343862534e-02,-3.393803257495164871e-03,2.516241744160652161e-02,-4.051211103796958923e-02,2.630665153264999390e-02,4.554946422576904297e-01,3.040821254253387451e-01,1.187094599008560181e-01,1.002361625432968140e-01,-1.494558178819715977e-03,-2.202735049650073051e-03,1.130645908415317535e-02,1.276950240135192871e-01,-3.482177853584289551e-02,1.000000000000000000e+00,-7.990042865276336670e-02,1.799501627683639526e-01,2.956158220767974854e-01,2.358951121568679810e-01,1.634384244680404663e-01,1.843374222517013550e-01,-5.494937673211097717e-02,5.528736393898725510e-03,7.554626464843750000e-02,7.739811390638351440e-02,-1.822234690189361572e-02,1.122721936553716660e-02,-6.441134959459304810e-02,5.821168795228004456e-02,1.242886185646057129e-01,2.882963716983795166e-01,1.184415817260742188e-01,1.419579982757568359e-01,1.263299137353897095e-01,1.694694161415100098e-01,1.770205199718475342e-01,-3.141463920474052429e-02
2.797401845455169678e-01,4.456537663936614990e-01,1.942719146609306335e-02,-3.111972846090793610e-02,3.318925797939300537e-01,2.198556512594223022e-01,2.456284873187541962e-02,4.648681879043579102e-01,2.244099974632263184e-01,2.622842490673065186e-01,3.914250731468200684e-01,4.969045519828796387e-01,2.831848263740539551e-01,4.960304200649261475e-01,6.077955961227416992e-01,3.298453688621520996e-01,-3.315055370330810547e-02,-1.464898586273193359e-01,-1.576060503721237183e-01,-1.089666485786437988e-01,1.075226068496704102e-01,2.705612964928150177e-02,1.449680924415588379e-01,9.750693105161190033e-03,5.962247848510742188e-01,-7.990042865276336670e-02,1.000000000000000000e+00,2.971582710742950439e-01,1.104211658239364624e-01,2.057925313711166382e-01,1.328744143247604370e-01,1.026520431041717529e-01,6.032006740570068359e-01,3.304571211338043213e-01,5.723468586802482605e-02,6.365231424570083618e-02,4.214886128902435303e-01,5.445519685745239258e-01,2.138752341270446777e-01,1.301715075969696045e-01,1.671926975250244141e-01,2.083935290575027466e-01,4.327731579542160034e-02,2.246922105550765991e-01,3.590193390846252441e-01,2.451072484254837036e-01,1.558577120304107666e-01,-8.472561836242675781e-03
5.352123379707336426e-01,3.051667511463165283e-01,3.625778853893280029e-01,4.302158951759338379e-01,3.079420626163482666e-01,4.866782426834106445e-01,1.863343268632888794e-01,2.710178494453430176e-01,2.673556208610534668e-01,1.658655703067779541e-01,3.242291212081909180e-01,3.426946103572845459e-01,1.847236305475234985e-01,3.042819797992706299e-01,2.009048163890838623e-01,6.321124732494354248e-02,7.022000104188919067e-02,1.703857793472707272e-03,-1.123476400971412659e-01,8.941412717103958130e-02,3.335131406784057617e-01,1.465015113353729248e-01,3.958173841238021851e-02,2.017186284065246582e-01,2.752180397510528564e-01,1.799501627683639526e-01,2.971582710742950439e-01,1.000000000000000000e+00,5.091096162796020508e-01,4.112104177474975586e-01,1.971737444400787354e-01,1.442292779684066772e-01,3.489324152469635010e-01,2.404756397008895874e-01,1.934193074703216553e-01,2.062310725450515747e-01,2.410164028406143188e-01,1.731477975845336914e-01,4.234238713979721069e-02,1.618927270174026489e-01,3.647695481777191162e-01,2.490562051534652710e-01,1.470064073801040649e-01,1.713434606790542603e-01,2.177157253026962280e-01,1.069731041789054871e-01,1.955179274082183838e-01,2.878558039665222168e-01
2.859460115432739258e-01,3.581086993217468262e-01,2.606349885463714600e-01,2.998639345169067383e-01,1.153466850519180298e-01,3.214469552040100098e-01,1.741052418947219849e-01,1.634522080421447754e-01,1.491953283548355103e-01,1.317962855100631714e-01,2.795184589922428131e-02,-2.814438892528414726e-03,-7.159410417079925537e-02,3.610352054238319397e-02,-3.475726023316383362e-02,-1.078237891197204590e-01,1.107911765575408936e-01,1.618144959211349487e-01,2.809262834489345551e-02,1.598551869392395020e-01,1.336431950330734253e-01,-7.746863365173339844e-02,-3.330511227250099182e-02,2.491621077060699463e-01,6.725124269723892212e-02,2.956158220767974854e-01,1.104211658239364624e-01,5.091096162796020508e-01,1.000000000000000000e+00,3.799168467521667480e-01,2.343194931745529175e-01,2.093605548143386841e-01,1.315925568342208862e-01,1.337239742279052734e-01,1.313537806272506714e-01,2.016157954931259155e-01,7.794569432735443115e-02,-5.063690245151519775e-02,-1.075734496116638184e-01,7.445557415485382080e-02,4.356689453125000000e-01,3.262474536895751953e-01,2.419506162405014038e-01,1.981157064437866211e-01,2.726967334747314453e-01,1.556970924139022827e-01,2.261713147163391113e-01,1.880053281784057617e-01
1.693595945835113525e-01,2.230889946222305298e-01,1.592532247304916382e-01,1.662603169679641724e-01,1.003069132566452026e-01,2.286519110202789307e-01,7.767159491777420044e-02,1.678538024425506592e-01,1.721567064523696899e-01,1.332233697175979614e-01,2.795958817005157471e-01,3.403559327125549316e-01,1.716661453247070312e-01,1.547616571187973022e-01,1.089796721935272217e-01,6.508199870586395264e-02,2.948549110442399979e-03,-6.295553594827651978e-02,-2.125783115625381470e-01,-5.832401290535926819e-02,4.134309291839599609e-01,7.762307673692703247e-02,-8.726092427968978882e-02,1.205062791705131531e-01,1.481022834777832031e-01,2.358951121568679810e-01,2.057925313711166382e-01,4.112104177474975586e-01,3.799168467521667480e-01,1.000000000000000000e+00,5.364727377891540527e-01,1.874516308307647705e-01,1.744935959577560425e-01,1.512975096702575684e-01,2.519705593585968018e-01,1.206014528870582581e-01,4.431608691811561584e-02,1.522862315177917480e-01,-7.397551089525222778e-02,-2.931381110101938248e-03,4.819912090897560120e-02,1.404592990875244141e-01,8.489295840263366699e-02,2.369212508201599121e-01,2.634538412094116211e-01,1.074508130550384521e-01,3.795751035213470459e-01,4.443886131048202515e-02
1.128892451524734497e-01,9.022830426692962646e-02,9.030400961637496948e-02,2.174450904130935669e-01,8.506777137517929077e-02,1.048289313912391663e-01,1.627952009439468384e-01,6.979363411664962769e-02,1.459001153707504272e-01,1.530551165342330933e-01,1.627499759197235107e-01,1.853320896625518799e-01,3.196165263652801514e-01,8.411689102649688721e-02,1.307199448347091675e-01,1.680710166692733765e-01,2.086781412363052368e-01,2.865690588951110840e-01,1.469741314649581909e-01,1.849885284900665283e-01,3.859375417232513428e-01,2.544804811477661133e-01,8.678366988897323608e-02,1.233873143792152405e-01,1.382379978895187378e-01,1.634384244680404663e-01,1.328744143247604370e-01,1.971737444400787354e-01,2.343194931745529175e-01,5.364727377891540527e-01,1.000000000000000000e+00,3.589106500148773193e-01,2.792078629136085510e-02,5.816499143838882446e-02,1.937670558691024780e-01,1.477940678596496582e-01,5.580659210681915283e-02,2.024034559726715088e-01,1.070508509874343872e-01,1.658555492758750916e-02,-1.485995575785636902e-02,1.786611825227737427e-01,3.258692920207977295e-01,1.589400619268417358e-01,2.238150686025619507e-01,2.854439318180084229e-01,4.259777665138244629e-01,-9.398612380027770996e-02
5.123934149742126465e-02,2.036738395690917969e-01,4.386398196220397949e-02,6.915163248777389526e-02,-9.777363389730453491e-02,6.527221202850341797e-02,2.476676702499389648e-01,9.952994436025619507e-02,2.003050893545150757e-01,2.116165906190872192e-01,1.379604935646057129e-01,6.150342896580696106e-02,3.906535357236862183e-02,1.129231378436088562e-01,1.240586489439010620e-01,7.933790981769561768e-02,3.083782196044921875e-01,2.307995408773422241e-01,1.032022088766098022e-01,-4.065048322081565857e-02,5.869340524077415466e-02,1.457932442426681519e-01,2.111418992280960083e-01,5.460836887359619141e-01,1.436118185520172119e-01,1.843374222517013550e-01,1.026520431041717529e-01,1.442292779684066772e-01,2.093605548143386841e-01,1.874516308307647705e-01,3.589106500148773193e-01,1.000000000000000000e+00,9.432564489543437958e-03,6.014777719974517822e-02,7.312152534723281860e-02,4.646747708320617676e-01,7.251933962106704712e-02,1.349557042121887207e-01,2.470810562372207642e-01,3.064368665218353271e-01,8.406620472669601440e-02,3.560833036899566650e-01,2.444023936986923218e-01,1.804908812046051025e-01,3.066502511501312256e-01,4.065802991390228271e-01,5.955417156219482422e-01,1.068501770496368408e-01
3.378719091415405273e-01,5.210498571395874023e-01,1.061720177531242371e-01,-3.572447597980499268e-02,4.644699692726135254e-01,3.976937830448150635e-01,-3.308653086423873901e-02,6.509575843811035156e-01,4.675928950309753418e-01,4.203195571899414062e-01,5.060118436813354492e-01,5.469964146614074707e-01,3.653609156608581543e-01,6.075472831726074219e-01,5.125566720962524414e-01,2.039311826229095459e-01,-1.041178852319717407e-01,-1.573270857334136963e-01,-5.816610157489776611e-02,-2.909202128648757935e-02,1.104723140597343445e-01,-4.491797462105751038e-02,5.656582862138748169e-02,6.465171277523040771e-02,4.720169007778167725e-01,-5.494937673211097717e-02,6.032006740570068359e-01,3.489324152469635010e-01,1.315925568342208862e-01,1.744935959577560425e-01,2.792078629136085510e-02,9.432564489543437958e-03,1.000000000000000000e+00,5.348974466323852539e-01,2.397834956645965576e-01,1.007710918784141541e-01,5.933311581611633301e-01,4.963667094707489014e-01,1.431904584169387817e-01,3.760049119591712952e-02,2.958146035671234131e-01,2.141432613134384155e-01,1.245155483484268188e-01,4.017015397548675537e-01,3.381232321262359619e-01,2.693305313587188721e-01,1.533528715372085571e-01,8.904877305030822754e-02
