1.000000000000000000e+00,6.253845989704132080e-02,4.276286661624908447e-01,5.352541804313659668e-01,4.555757939815521240e-01,3.596129715442657471e-01,6.622672826051712036e-02,1.525367726571857929e-03,1.549562439322471619e-03,4.474595934152603149e-02,1.560875773429870605e-01,2.047578096389770508e-01,-1.030897945165634155e-01,1.197916120290756226e-01,-2.378767356276512146e-02,8.588450960814952850e-03,3.528030589222908020e-02,-9.155957959592342377e-04,3.727510571479797363e-02,1.997555419802665710e-02,5.182786658406257629e-02,2.183211892843246460e-01,-2.440443933010101318e-01,-1.789798736572265625e-01,1.664783060550689697e-01,-6.006949767470359802e-02,1.736761927604675293e-01,5.151911377906799316e-01,1.640982478857040405e-01,-3.947342187166213989e-02,-1.004647910594940186e-01,-2.843709662556648254e-02,2.053217440843582153e-01,-1.198041737079620361e-01,-1.885411888360977173e-01,-2.053810060024261475e-01,-1.096063703298568726e-01,-1.231409460306167603e-01,-1.018962934613227844e-01,-1.704598069190979004e-01,1.102865710854530334e-01,-8.269876241683959961e-02,-3.712801262736320496e-02,6.268090009689331055e-02,4.730546101927757263e-02,9.157663211226463318e-03,-9.470185637474060059e-02,-1.994573920965194702e-01
6.253845989704132080e-02,1.000000000000000000e+00,-1.134665030986070633e-02,9.279600530862808228e-02,2.634238004684448242e-01,3.085570037364959717e-01,3.427246510982513428e-01,3.079006969928741455e-01,3.814861774444580078e-01,3.174553215503692627e-01,2.684330940246582031e-01,1.799635887145996094e-01,2.814824283123016357e-01,3.217338919639587402e-01,3.277925774455070496e-02,5.236010625958442688e-02,2.069672793149948120e-01,1.749377846717834473e-01,3.432012200355529785e-01,3.548681139945983887e-01,3.495065569877624512e-01,1.346990317106246948e-01,1.813469976186752319e-01,2.698387801647186279e-01,5.355401709675788879e-02,2.086437046527862549e-01,2.875283062458038330e-01,3.012855648994445801e-01,3.881634473800659180e-01,1.333294361829757690e-01,1.888261586427688599e-01,2.168237715959548950e-01,2.238508164882659912e-01,2.267833650112152100e-01,1.068014502525329590e-01,1.840376108884811401e-01,2.713213562965393066e-01,1.046474501490592957e-01,1.222691610455513000e-01,1.178321987390518188e-01,5.960803031921386719e-01,6.412979960441589355e-01,3.840015530586242676e-01,5.407405495643615723e-01,5.139838457107543945e-01,3.932248055934906006e-01,1.977339535951614380e-01,5.666390806436538696e-02
4.276286661624908447e-01,-1.134665030986070633e-02,1.000000000000000000e+00,7.410526871681213379e-01,2.162635773420333862e-01,2.414420396089553833e-01,3.838752210140228271e-01,5.529369786381721497e-02,-1.379962172359228134e-02,-4.457084089517593384e-02,4.877257719635963440e-02,1.404737681150436401e-01,-9.079924784600734711e-03,1.969478577375411987e-01,2.783219814300537109e-01,2.023458331823348999e-01,1.149147897958755493e-01,1.330951154232025146e-01,7.661584019660949707e-02,3.192475065588951111e-02,5.618211627006530762e-02,2.154920846223831177e-01,-1.404330581426620483e-01,-1.139007657766342163e-01,5.003427155315876007e-03,4.508489072322845459e-01,1.176909059286117554e-01,3.790513575077056885e-01,2.390777915716171265e-01,1.475381702184677124e-01,6.191554479300975800e-03,-1.642076820135116577e-01,1.721709072589874268e-01,8.922113478183746338e-02,-3.042498230934143066e-02,-1.536908745765686035e-01,1.694528013467788696e-01,1.771055757999420166e-01,-5.143672600388526917e-02,-1.171461120247840881e-01,-1.813990995287895203e-02,-3.502053022384643555e-02,-9.541514515876770020e-02,-2.448963560163974762e-02,-4.016386345028877258e-02,-8.606710284948348999e-02,-1.463573724031448364e-01,-2.027796506881713867e-01
5.352541804313659668e-01,9.279600530862808228e-02,7.410526871681213379e-01,1.000000000000000000e+00,3.248862922191619873e-01,3.165672719478607178e-01,3.636240661144256592e-01,-4.418660327792167664e-02,-7.744333893060684204e-02,-6.625833362340927124e-02,-1.709185168147087097e-02,8.515521138906478882e-02,-7.221097499132156372e-02,7.544044405221939087e-02,1.049195975065231323e-01,2.295352518558502197e-01,6.411635130643844604e-02,8.908379822969436646e-02,1.237326636910438538e-01,1.405554115772247314e-01,2.412014305591583252e-01,3.523373305797576904e-01,-2.255553305149078369e-01,-7.753566652536392212e-02,-9.663140773773193359e-02,3.274920284748077393e-01,7.193146646022796631e-02,3.996726870536804199e-01,2.976653277873992920e-01,1.495338827371597290e-01,6.746408343315124512e-02,-7.741796970367431641e-02,6.689454615116119385e-02,-7.212635874748229980e-02,-8.961673825979232788e-02,-1.424361020326614380e-01,-3.136937739327549934e-03,2.097437530755996704e-02,-8.803595602512359619e-02,-1.510226130485534668e-01,5.366804078221321106e-02,-4.592871293425559998e-02,-9.992256015539169312e-02,4.641363397240638733e-02,-4.023378342390060425e-02,-1.191645488142967224e-01,-1.477983295917510986e-01,-1.851281821727752686e-01
4.555757939815521240e-01,2.634238004684448242e-01,2.162635773420333862e-01,3.248862922191619873e-01,1.000000000000000000e+00,6.039121747016906738e-01,1.443802714347839355e-01,1.498507261276245117e-01,1.599355041980743408e-01,1.412715613842010498e-01,2.524993419647216797e-01,1.494819968938827515e-01,1.407282352447509766e-01,3.075832128524780273e-01,1.503122001886367798e-01,1.735412180423736572e-01,-1.690670032985508442e-03,-4.275013133883476257e-02,-8.122868835926055908e-03,-3.365625813603401184e-02,7.110686600208282471e-02,9.649901837110519409e-02,-8.642531931400299072e-02,-1.037755794823169708e-02,4.758622962981462479e-03,-4.819179326295852661e-02,1.368900537490844727e-01,3.423023521900177002e-01,2.585965394973754883e-01,5.894241854548454285e-02,-6.755395978689193726e-02,-1.915399916470050812e-02,3.544975817203521729e-01,1.421431005001068115e-01,2.803007140755653381e-02,-5.523898079991340637e-02,1.498398929834365845e-01,1.875948160886764526e-01,-5.864576902240514755e-03,-9.184705466032028198e-02,3.705758154392242432e-01,8.157228678464889526e-02,-8.447356522083282471e-03,1.024986580014228821e-01,8.984069526195526123e-02,3.346457146108150482e-03,-6.134963128715753555e-03,-1.085792332887649536e-01
3.596129715442657471e-01,3.085570037364959717e-01,2.414420396089553833e-01,3.165672719478607178e-01,6.039121747016906738e-01,1.000000000000000000e+00,1.463998854160308838e-01,1.780837476253509521e-01,1.005311459302902222e-01,1.150693371891975403e-01,3.359183669090270996e-01,3.568010032176971436e-01,2.297769784927368164e-01,3.552673459053039551e-01,1.953703016042709351e-01,3.058018982410430908e-01,-5.278409924358129501e-03,-9.460728615522384644e-02,1.160441711544990540e-02,1.280427165329456329e-02,2.009849399328231812e-01,2.989529967308044434e-01,-7.410332560539245605e-03,1.513459235429763794e-01,-6.912490725517272949e-02,-4.272848740220069885e-02,1.217537149786949158e-01,4.183102548122406006e-01,3.462112843990325928e-01,1.476130932569503784e-01,1.217481121420860291e-01,1.148696765303611755e-01,3.994919955730438232e-01,2.343346178531646729e-01,1.584081053733825684e-01,2.910514175891876221e-02,2.042878270149230957e-01,2.170888781547546387e-01,-4.810166731476783752e-02,-1.264769285917282104e-01,3.814260363578796387e-01,8.517739921808242798e-02,-2.251782454550266266e-02,9.457959979772567749e-02,1.101642474532127380e-01,3.382691182196140289e-03,1.103960126638412476e-01,3.190987557172775269e-02
6.622672826051712036e-02,3.427246510982513428e-01,3.838752210140228271e-01,3.636240661144256592e-01,1.443802714347839355e-01,1.463998854160308838e-01,1.000000000000000000e+00,2.122887521982192993e-01,2.863565385341644287e-01,2.875511944293975830e-01,4.770855978131294250e-02,3.164589637890458107e-03,2.625926136970520020e-01,2.362192422151565552e-01,8.911466598510742188e-02,9.340995550155639648e-02,6.370256543159484863e-01,6.254913806915283203e-01,6.478006839752197266e-01,5.464940667152404785e-01,3.759526014328002930e-01,2.472882717847824097e-01,3.320600986480712891e-01,8.059520274400711060e-02,5.475764349102973938e-02,7.155451178550720215e-01,2.138606160879135132e-01,1.254579275846481323e-01,2.529768049716949463e-01,-5.492657795548439026e-02,2.088685780763626099e-01,5.593790486454963684e-02,-3.714657202363014221e-02,9.325260668992996216e-02,1.044101119041442871e-01,-3.197439387440681458e-02,1.896831095218658447e-01,1.981683820486068726e-01,2.673691809177398682e-01,1.642078012228012085e-01,2.116100490093231201e-01,5.206871032714843750e-01,4.644808471202850342e-01,2.424432635307312012e-01,2.271142005920410156e-01,3.720477521419525146e-01,8.939266204833984375e-02,-3.590877726674079895e-02
1.525367726571857929e-03,3.079006969928741455e-01,5.529369786381721497e-02,-4.418660327792167664e-02,1.498507261276245117e-01,1.780837476253509521e-01,2.122887521982192993e-01,1.000000000000000000e+00,6.118934750556945801e-01,4.849764704704284668e-01,5.660045146942138672e-01,4.382699429988861084e-01,4.772511422634124756e-01,4.707958698272705078e-01,1.081640422344207764e-01,1.731544733047485352e-02,3.274365961551666260e-01,2.490810304880142212e-01,1.815346330404281616e-01,6.244149059057235718e-02,1.984145864844322205e-02,1.015157103538513184e-01,3.756363093852996826e-01,6.562342494726181030e-02,3.797845542430877686e-01,1.395513564348220825e-01,4.699455797672271729e-01,6.078276038169860840e-02,7.992966473102569580e-02,-2.698772586882114410e-02,4.603773355484008789e-02,1.570924520492553711e-01,4.306728839874267578e-01,4.387480318546295166e-01,1.048507392406463623e-01,-4.251010715961456299e-02,4.036160409450531006e-01,2.508549690246582031e-01,2.751674652099609375e-01,2.115181535482406616e-01,1.151829138398170471e-01,3.082760274410247803e-01,3.401011228561401367e-01,3.185358047485351562e-01,2.188836187124252319e-01,3.760957717895507812e-01,1.781459450721740723e-01,-1.813239790499210358e-02
1.549562439322471619e-03,3.814861774444580078e-01,-1.379962172359228134e-02,-7.744333893060684204e-02,1.599355041980743408e-01,1.005311459302902222e-01,2.863565385341644287e-01,6.118934750556945801e-01,1.000000000000000000e+00,7.415022253990173340e-01,6.333671212196350098e-01,4.531243145465850830e-01,5.813627243041992188e-01,3.985664546489715576e-01,1.115141436457633972e-01,-1.854331465438008308e-03,4.687151908874511719e-01,3.493181765079498291e-01,2.453077435493469238e-01,8.299691975116729736e-02,-8.372434973716735840e-02,-5.048463935963809490e-04,4.251908957958221436e-01,-3.395286388695240021e-03,4.134027361869812012e-01,1.384319216012954712e-01,4.371616244316101074e-01,-4.770545288920402527e-02,-4.284918680787086487e-02,-1.899251788854598999e-01,-3.335388749837875366e-02,1.072694659233093262e-01,2.985296547412872314e-01,2.760250270366668701e-01,4.159718751907348633e-02,-7.524151355028152466e-02,3.312377333641052246e-01,2.261986583471298218e-01,4.353326559066772461e-01,3.105776607990264893e-01,1.510122418403625488e-01,4.727806150913238525e-01,4.927024543285369873e-01,4.146121442317962646e-01,3.689143955707550049e-01,5.709249377250671387e-01,2.161495685577392578e-01,-7.527182344347238541e-03
4.474595934152603149e-02,3.174553215503692627e-01,-4.457084089517593384e-02,-6.625833362340927124e-02,1.412715613842010498e-01,1.150693371891975403e-01,2.875511944293975830e-01,4.849764704704284668e-01,7.415022253990173340e-01,1.000000000000000000e+00,5.859783291816711426e-01,4.479721486568450928e-01,6.193155050277709961e-01,3.116414844989776611e-01,3.005179949104785919e-02,1.907860673964023590e-02,5.146998763084411621e-01,3.704121112823486328e-01,3.359177410602569580e-01,1.970455944538116455e-01,1.234510913491249084e-02,1.130866855382919312e-01,4.110624194145202637e-01,-4.113942757248878479e-02,3.782441616058349609e-01,6.900946050882339478e-02,3.155817985534667969e-01,-7.239618897438049316e-02,-1.191304773092269897e-01,-1.798314303159713745e-01,4.010897502303123474e-02,6.531214714050292969e-02,2.154075503349304199e-01,1.844107210636138916e-01,9.308306500315666199e-03,-1.752075999975204468e-01,1.637458056211471558e-01,1.314198076725006104e-01,3.912062644958496094e-01,2.601371705532073975e-01,1.252404600381851196e-01,4.556466937065124512e-01,5.330745577812194824e-01,3.581956028938293457e-01,4.497344791889190674e-01,6.778644919395446777e-01,2.031776160001754761e-01,8.565427735447883606e-03
1.560875773429870605e-01,2.684330940246582031e-01,4.877257719635963440e-02,-1.709185168147087097e-02,2.524993419647216797e-01,3.359183669090270996e-01,4.770855978131294250e-02,5.660045146942138672e-01,6.333671212196350098e-01,5.859783291816711426e-01,1.000000000000000000e+00,6.203012466430664062e-01,5.629086494445800781e-01,4.735434651374816895e-01,2.050230503082275391e-01,1.090407446026802063e-01,2.297113984823226929e-01,1.105658262968063354e-01,-2.645549364387989044e-02,-9.861844033002853394e-02,-7.009887695312500000e-02,9.278547018766403198e-02,2.349478155374526978e-01,-1.490471605211496353e-02,3.524165451526641846e-01,-9.440717846155166626e-02,3.417668640613555908e-01,1.686454564332962036e-01,5.820375680923461914e-02,9.336567483842372894e-03,3.026929497718811035e-02,1.070136651396751404e-01,4.793011248111724854e-01,3.701533973217010498e-01,1.608569324016571045e-01,-9.332446008920669556e-02,3.261694014072418213e-01,2.454300075769424438e-01,3.491465449333190918e-01,2.048246264457702637e-01,2.253246605396270752e-01,2.392541468143463135e-01,2.395147234201431274e-01,1.851196438074111938e-01,2.544487118721008301e-01,3.684629201889038086e-01,1.880936920642852783e-01,-2.807165682315826416e-02
2.047578096389770508e-01,1.799635887145996094e-01,1.404737681150436401e-01,8.515521138906478882e-02,1.494819968938827515e-01,3.568010032176971436e-01,3.164589637890458107e-03,4.382699429988861084e-01,4.531243145465850830e-01,4.479721486568450928e-01,6.203012466430664062e-01,1.000000000000000000e+00,5.387753248214721680e-01,4.627161324024200439e-01,3.177388608455657959e-01,4.444146752357482910e-01,1.308969259262084961e-01,2.790134400129318237e-02,-3.104752860963344574e-02,-3.490791097283363342e-02,5.955877900123596191e-02,3.248243629932403564e-01,2.630975842475891113e-01,8.777370303869247437e-02,2.045132219791412354e-01,-7.412864267826080322e-02,2.615153491497039795e-01,1.410403251647949219e-01,-1.110822707414627075e-02,1.736121177673339844e-01,1.430188715457916260e-01,7.606212794780731201e-02,4.891177117824554443e-01,3.991107344627380371e-01,1.629280745983123779e-01,-6.289304047822952271e-02,3.684673905372619629e-01,3.111528754234313965e-01,2.503662109375000000e-01,6.285235285758972168e-02,7.757198065519332886e-02,1.279766112565994263e-01,1.376566141843795776e-01,1.955508440732955933e-01,1.971588730812072754e-01,2.606140077114105225e-01,1.563198119401931763e-01,-1.067012082785367966e-03
-1.030897945165634155e-01,2.814824283123016357e-01,-9.079924784600734711e-03,-7.221097499132156372e-02,1.407282352447509766e-01,2.297769784927368164e-01,2.625926136970520020e-01,4.772511422634124756e-01,5.813627243041992188e-01,6.193155050277709961e-01,5.629086494445800781e-01,5.387753248214721680e-01,1.000000000000000000e+00,3.731683790683746338e-01,2.349542677402496338e-01,2.759284377098083496e-01,3.130465447902679443e-01,2.613389790058135986e-01,1.892140954732894897e-01,2.092758715152740479e-01,2.425167709589004517e-01,2.435046881437301636e-01,4.717616438865661621e-01,2.109878808259963989e-01,1.583460420370101929e-01,1.030042245984077454e-01,1.709294021129608154e-01,-4.815125092864036560e-02,-6.245125830173492432e-02,3.949043154716491699e-02,1.886847615242004395e-01,1.092775017023086548e-01,2.624066174030303955e-01,2.857269942760467529e-01,9.736099839210510254e-02,3.312471508979797363e-02,2.793602347373962402e-01,2.543237209320068359e-01,3.528847098350524902e-01,2.268407493829727173e-01,1.969613879919052124e-01,3.588678240776062012e-01,3.119648694992065430e-01,2.250460684299468994e-01,3.269552588462829590e-01,4.291875660419464111e-01,2.808069884777069092e-01,1.451345533132553101e-01
1.197916120290756226e-01,3.217338919639587402e-01,1.969478577375411987e-01,7.544044405221939087e-02,3.075832128524780273e-01,3.552673459053039551e-01,2.362192422151565552e-01,4.707958698272705078e-01,3.985664546489715576e-01,3.116414844989776611e-01,4.735434651374816895e-01,4.627161324024200439e-01,3.731683790683746338e-01,1.000000000000000000e+00,4.820772409439086914e-01,2.844578921794891357e-01,1.687261313199996948e-01,1.335956752300262451e-01,6.580349057912826538e-02,3.041944094002246857e-02,7.207835465669631958e-02,8.067619055509567261e-02,2.136196196079254150e-01,3.072547353804111481e-02,1.349468827247619629e-01,1.822510659694671631e-01,3.354253470897674561e-01,1.251934021711349487e-01,1.110761910676956177e-01,1.210416853427886963e-01,7.411932572722434998e-03,-1.802886649966239929e-02,5.180251002311706543e-01,5.347527861595153809e-01,1.965119838714599609e-01,-1.693227887153625488e-02,6.270819306373596191e-01,4.644869565963745117e-01,1.971205025911331177e-01,1.320131868124008179e-01,2.537950873374938965e-01,2.377517670392990112e-01,1.474909037351608276e-01,1.856563538312911987e-01,1.821882128715515137e-01,1.998359113931655884e-01,6.014312058687210083e-02,-8.087585121393203735e-02
-2.378767356276512146e-02,3.277925774455070496e-02,2.783219814300537109e-01,1.049195975065231323e-01,1.503122001886367798e-01,1.953703016042709351e-01,8.911466598510742188e-02,1.081640422344207764e-01,1.115141436457633972e-01,3.005179949104785919e-02,2.050230503082275391e-01,3.177388608455657959e-01,2.349542677402496338e-01,4.820772409439086914e-01,1.000000000000000000e+00,5.677187442779541016e-01,-9.077540785074234009e-02,-1.606894843280315399e-02,-1.923315078020095825e-01,-1.639067828655242920e-01,-8.469767868518829346e-02,-9.444861672818660736e-03,1.416575312614440918e-01,6.510411947965621948e-02,-8.841248601675033569e-02,1.508562862873077393e-01,9.202270954847335815e-02,-9.435199201107025146e-02,-2.423512749373912811e-02,1.657787859439849854e-01,-4.139231145381927490e-02,-1.464934349060058594e-01,3.158680200576782227e-01,4.800194203853607178e-01,1.719872057437896729e-01,4.013055562973022461e-02,5.730090141296386719e-01,6.083664894104003906e-01,1.093425899744033813e-01,-8.845385164022445679e-03,4.122685268521308899e-02,-3.737390786409378052e-02,-1.773350685834884644e-01,-1.154593154788017273e-01,-5.913244560360908508e-02,-7.603936642408370972e-02,3.007125481963157654e-02,-8.146138489246368408e-02
8.588450960814952850e-03,5.236010625958442688e-02,2.023458331823348999e-01,2.295352518558502197e-01,1.735412180423736572e-01,3.058018982410430908e-01,9.340995550155639648e-02,1.731544733047485352e-02,-1.854331465438008308e-03,1.907860673964023590e-02,1.090407446026802063e-01,4.444146752357482910e-01,2.759284377098083496e-01,2.844578921794891357e-01,5.677187442779541016e-01,1.000000000000000000e+00,-9.905819594860076904e-02,-1.134090125560760498e-02,-1.005842536687850952e-01,1.728435792028903961e-02,1.831090003252029419e-01,4.089597761631011963e-01,1.368759274482727051e-01,1.928668618202209473e-01,-3.114283978939056396e-01,5.392676219344139099e-02,-6.142175197601318359e-02,-5.777547508478164673e-02,1.453861128538846970e-02,3.118216097354888916e-01,2.401408106088638306e-01,-5.864487215876579285e-02,1.406818330287933350e-01,3.509914278984069824e-01,2.446013987064361572e-01,5.587263777852058411e-02,3.534294664859771729e-01,4.156703650951385498e-01,8.756661415100097656e-02,-9.518456459045410156e-02,4.450501501560211182e-02,-9.174116700887680054e-02,-1.857023835182189941e-01,1.614849455654621124e-02,-7.752870023250579834e-02,-1.410195678472518921e-01,1.730671152472496033e-02,4.892462491989135742e-02
3.528030589222908020e-02,2.069672793149948120e-01,1.149147897958755493e-01,6.411635130643844604e-02,-1.690670032985508442e-03,-5.278409924358129501e-03,6.370256543159484863e-01,3.274365961551666260e-01,4.687151908874511719e-01,5.146998763084411621e-01,2.297113984823226929e-01,1.308969259262084961e-01,3.130465447902679443e-01,1.687261313199996948e-01,-9.077540785074234009e-02,-9.905819594860076904e-02,1.000000000000000000e+00,6.801504492759704590e-01,5.992388129234313965e-01,3.568758070468902588e-01,9.371548891067504883e-02,1.637750416994094849e-01,4.087306857109069824e-01,-4.475564137101173401e-02,2.847151160240173340e-01,4.283448457717895508e-01,3.252660036087036133e-01,-1.964560523629188538e-02,-9.816814213991165161e-03,-1.992985606193542480e-01,1.280497610569000244e-01,7.237993925809860229e-02,-1.912409253418445587e-02,9.384477138519287109e-02,2.110462263226509094e-02,-1.452257484197616577e-01,1.021945253014564514e-01,9.301275014877319336e-02,3.533120155334472656e-01,2.558904886245727539e-01,-7.415401283651590347e-03,4.613268971443176270e-01,5.786200761795043945e-01,2.721299231052398682e-01,2.562059760093688965e-01,5.582386255264282227e-01,1.766193956136703491e-01,-5.936308880336582661e-04
-9.155957959592342377e-04,1.749377846717834473e-01,1.330951154232025146e-01,8.908379822969436646e-02,-4.275013133883476257e-02,-9.460728615522384644e-02,6.254913806915283203e-01,2.490810304880142212e-01,3.493181765079498291e-01,3.704121112823486328e-01,1.105658262968063354e-01,2.790134400129318237e-02,2.613389790058135986e-01,1.335956752300262451e-01,-1.606894843280315399e-02,-1.134090125560760498e-02,6.801504492759704590e-01,1.000000000000000000e+00,5.993613004684448242e-01,4.557789564132690430e-01,1.695766001939773560e-01,3.183844387531280518e-01,5.121882557868957520e-01,9.809999912977218628e-02,1.802726686000823975e-01,4.870600998401641846e-01,2.523419559001922607e-01,-5.016772449016571045e-02,4.051338881254196167e-02,-1.676722913980484009e-01,3.546710610389709473e-01,1.650817394256591797e-01,-1.232395246624946594e-01,9.599536657333374023e-02,2.067833021283149719e-02,3.386810049414634705e-02,1.228184103965759277e-01,1.200627386569976807e-01,3.963541686534881592e-01,3.370878994464874268e-01,1.431585755199193954e-03,3.422513902187347412e-01,4.807024300098419189e-01,2.773093879222869873e-01,1.794762611389160156e-01,4.099935889244079590e-01,2.616561055183410645e-01,6.980485469102859497e-02
3.727510571479797363e-02,3.432012200355529785e-01,7.661584019660949707e-02,1.237326636910438538e-01,-8.122868835926055908e-03,1.160441711544990540e-02,6.478006839752197266e-01,1.815346330404281616e-01,2.453077435493469238e-01,3.359177410602569580e-01,-2.645549364387989044e-02,-3.104752860963344574e-02,1.892140954732894897e-01,6.580349057912826538e-02,-1.923315078020095825e-01,-1.005842536687850952e-01,5.992388129234313965e-01,5.993613004684448242e-01,1.000000000000000000e+00,7.258296012878417969e-01,4.358525276184082031e-01,3.072312474250793457e-01,3.826949894428253174e-01,1.017322912812232971e-01,1.433689892292022705e-01,4.764485657215118408e-01,1.289215087890625000e-01,3.360794484615325928e-02,1.210700720548629761e-01,-1.042853742837905884e-01,2.815189361572265625e-01,2.056977301836013794e-01,-8.246628195047378540e-02,-4.431824013590812683e-02,1.979449577629566193e-02,-6.822868250310420990e-03,-3.930349647998809814e-02,1.079494506120681763e-02,2.465093433856964111e-01,1.570362597703933716e-01,1.524565517902374268e-01,5.512719154357910156e-01,6.546989679336547852e-01,3.132098913192749023e-01,2.976337075233459473e-01,4.999800324440002441e-01,1.410449594259262085e-01,3.780112788081169128e-02
1.997555419802665710e-02,3.548681139945983887e-01,3.192475065588951111e-02,1.405554115772247314e-01,-3.365625813603401184e-02,1.280427165329456329e-02,5.464940667152404785e-01,6.244149059057235718e-02,8.299691975116729736e-02,1.970455944538116455e-01,-9.861844033002853394e-02,-3.490791097283363342e-02,2.092758715152740479e-01,3.041944094002246857e-02,-1.639067828655242920e-01,1.728435792028903961e-02,3.568758070468902588e-01,4.557789564132690430e-01,7.258296012878417969e-01,1.000000000000000000e+00,7.175590395927429199e-01,4.510937035083770752e-01,3.194716274738311768e-01,2.359976917505264282e-01,-3.410289436578750610e-02,3.907209038734436035e-01,-3.642925620079040527e-02,5.948288738727569580e-02,1.701832264661788940e-01,6.095388531684875488e-02,4.497006535530090332e-01,2.767283320426940918e-01,-1.153384745121002197e-01,-8.131576329469680786e-02,6.579896062612533569e-02,1.223836764693260193e-01,-9.048714488744735718e-02,-2.564482018351554871e-02,1.951520740985870361e-01,1.232710108160972595e-01,2.578347325325012207e-01,4.850127696990966797e-01,5.111201405525207520e-01,2.718656957149505615e-01,2.753788232803344727e-01,3.890035450458526611e-01,1.944012045860290527e-01,1.416844278573989868e-01
5.182786658406257629e-02,3.495065569877624512e-01,5.618211627006530762e-02,2.412014305591583252e-01,7.110686600208282471e-02,2.009849399328231812e-01,3.759526014328002930e-01,1.984145864844322205e-02,-8.372434973716735840e-02,1.234510913491249084e-02,-7.009887695312500000e-02,5.955877900123596191e-02,2.425167709589004517e-01,7.207835465669631958e-02,-8.469767868518829346e-02,1.831090003252029419e-01,9.371548891067504883e-02,1.695766001939773560e-01,4.358525276184082031e-01,7.175590395927429199e-01,1.000000000000000000e+00,5.282838344573974609e-01,1.232271939516067505e-01,3.366072475910186768e-01,-2.072281539440155029e-01,2.307730764150619507e-01,-1.053256690502166748e-01,1.702519655227661133e-01,2.550439238548278809e-01,2.420789599418640137e-01,4.503704607486724854e-01,2.592428922653198242e-01,6.841014139354228973e-03,-5.247902870178222656e-02,1.191665902733802795e-01,1.843915730714797974e-01,-8.914550393819808960e-02,-4.275757819414138794e-02,2.870891802012920380e-02,-1.360378414392471313e-02,3.532545566558837891e-01,3.064631223678588867e-01,2.109683603048324585e-01,1.317773312330245972e-01,1.335510164499282837e-01,1.327509284019470215e-01,1.632327437400817871e-01,1.657093912363052368e-01
2.183211892843246460e-01,1.346990317106246948e-01,2.154920846223831177e-01,3.523373305797576904e-01,9.649901837110519409e-02,2.989529967308044434e-01,2.472882717847824097e-01,1.015157103538513184e-01,-5.048463935963809490e-04,1.130866855382919312e-01,9.278547018766403198e-02,3.248243629932403564e-01,2.435046881437301636e-01,8.067619055509567261e-02,-9.444861672818660736e-03,4.089597761631011963e-01,1.637750416994094849e-01,3.183844387531280518e-01,3.072312474250793457e-01,4.510937035083770752e-01,5.282838344573974609e-01,1.000000000000000000e+00,2.427206486463546753e-01,3.003070056438446045e-01,-1.224403455853462219e-01,1.077387556433677673e-01,-2.222058363258838654e-02,1.333950757980346680e-01,1.213108450174331665e-01,2.382877320051193237e-01,5.805007219314575195e-01,3.301930725574493408e-01,4.341851547360420227e-02,4.791807383298873901e-02,8.258356899023056030e-02,1.413351893424987793e-01,-4.925224184989929199e-02,3.574975952506065369e-02,1.441230028867721558e-01,6.490004807710647583e-02,4.840857163071632385e-02,2.166886627674102783e-02,1.143067032098770142e-01,1.654912680387496948e-01,8.071182668209075928e-02,6.618493795394897461e-02,2.655757963657379150e-01,2.454981803894042969e-01
-2.440443933010101318e-01,1.813469976186752319e-01,-1.404330581426620483e-01,-2.255553305149078369e-01,-8.642531931400299072e-02,-7.410332560539245605e-03,3.320600986480712891e-01,3.756363093852996826e-01,4.251908957958221436e-01,4.110624194145202637e-01,2.349478155374526978e-01,2.630975842475891113e-01,4.717616438865661621e-01,2.136196196079254150e-01,1.416575312614440918e-01,1.368759274482727051e-01,4.087306857109069824e-01,5.121882557868957520e-01,3.826949894428253174e-01,3.194716274738311768e-01,1.232271939516067505e-01,2.427206486463546753e-01,1.000000000000000000e+00,3.477413356304168701e-01,1.591862887144088745e-01,2.158193737268447876e-01,2.186516672372817993e-01,-1.597184389829635620e-01,3.836198896169662476e-02,-5.831418931484222412e-02,3.471935987472534180e-01,3.964018523693084717e-01,2.934127859771251678e-02,2.933227121829986572e-01,1.574750095605850220e-01,2.246614843606948853e-01,2.494997829198837280e-01,2.856354415416717529e-01,5.352245569229125977e-01,5.405629277229309082e-01,6.491828709840774536e-02,3.217716217041015625e-01,3.932199776172637939e-01,2.088667452335357666e-01,1.878251731395721436e-01,3.954963684082031250e-01,5.174314975738525391e-01,3.597225248813629150e-01
-1.789798736572265625e-01,2.698387801647186279e-01,-1.139007657766342163e-01,-7.753566652536392212e-02,-1.037755794823169708e-02,1.513459235429763794e-01,8.059520274400711060e-02,6.562342494726181030e-02,-3.395286388695240021e-03,-4.113942757248878479e-02,-1.490471605211496353e-02,8.777370303869247437e-02,2.109878808259963989e-01,3.072547353804111481e-02,6.510411947965621948e-02,1.928668618202209473e-01,-4.475564137101173401e-02,9.809999912977218628e-02,1.017322912812232971e-01,2.359976917505264282e-01,3.366072475910186768e-01,3.003070056438446045e-01,3.477413356304168701e-01,1.000000000000000000e+00,-2.454440593719482422e-01,1.048016473650932312e-01,-4.660342261195182800e-02,1.759964674711227417e-01,3.665747046470642090e-01,2.502658069133758545e-01,4.931093752384185791e-01,5.765216350555419922e-01,-4.403709247708320618e-02,1.104034557938575745e-01,1.875113397836685181e-01,7.070077657699584961e-01,7.395027577877044678e-02,7.959058135747909546e-02,1.563446968793869019e-01,2.341358661651611328e-01,2.728907465934753418e-01,1.214315220713615417e-01,2.609535306692123413e-02,9.283687174320220947e-02,1.122849807143211365e-01,-2.347755059599876404e-02,6.246974468231201172e-01,4.813348650932312012e-01
1.664783060550689697e-01,5.355401709675788879e-02,5.003427155315876007e-03,-9.663140773773193359e-02,4.758622962981462479e-03,-6.912490725517272949e-02,5.475764349102973938e-02,3.797845542430877686e-01,4.134027361869812012e-01,3.782441616058349609e-01,3.524165451526641846e-01,2.045132219791412354e-01,1.583460420370101929e-01,1.349468827247619629e-01,-8.841248601675033569e-02,-3.114283978939056396e-01,2.847151160240173340e-01,1.802726686000823975e-01,1.433689892292022705e-01,-3.410289436578750610e-02,-2.072281539440155029e-01,-1.224403455853462219e-01,1.591862887144088745e-01,-2.454440593719482422e-01,1.000000000000000000e+00,-2.808649092912673950e-02,5.639572143554687500e-01,6.842573732137680054e-02,-1.068624928593635559e-01,-2.648821175098419189e-01,-1.024380475282669067e-01,6.272708624601364136e-02,2.807112634181976318e-01,1.016084402799606323e-01,3.479734435677528381e-02,-2.279044091701507568e-01,1.326572746038436890e-01,9.313935041427612305e-02,2.626561820507049561e-01,6.747151911258697510e-02,-2.846799977123737335e-02,1.753855645656585693e-01,3.076174557209014893e-01,1.304056644439697266e-01,1.987675726413726807e-01,3.552840650081634521e-01,4.041905701160430908e-02,-2.189429998397827148e-01
-6.006949767470359802e-02,2.086437046527862549e-01,4.508489072322845459e-01,3.274920284748077393e-01,-4.819179326295852661e-02,-4.272848740220069885e-02,7.155451178550720215e-01,1.395513564348220825e-01,1.384319216012954712e-01,6.900946050882339478e-02,-9.440717846155166626e-02,-7.412864267826080322e-02,1.030042245984077454e-01,1.822510659694671631e-01,1.508562862873077393e-01,5.392676219344139099e-02,4.283448457717895508e-01,4.870600998401641846e-01,4.764485657215118408e-01,3.907209038734436035e-01,2.307730764150619507e-01,1.077387556433677673e-01,2.158193737268447876e-01,1.048016473650932312e-01,-2.808649092912673950e-02,1.000000000000000000e+00,1.275475472211837769e-01,1.394257843494415283e-01,3.051302134990692139e-01,5.347968079149723053e-03,1.813811957836151123e-01,8.119250647723674774e-03,-6.307580322027206421e-02,8.642223477363586426e-02,7.996803522109985352e-02,3.563737124204635620e-02,2.423476129770278931e-01,2.090175002813339233e-01,1.760898828506469727e-01,9.291204065084457397e-02,1.088082417845726013e-01,4.117308259010314941e-01,2.995794415473937988e-01,1.318519711494445801e-01,1.335350424051284790e-01,1.824030727148056030e-01,2.512156404554843903e-02,-7.862067222595214844e-02
1.736761927604675293e-01,2.875283062458038330e-01,1.176909059286117554e-01,7.193146646022796631e-02,1.368900537490844727e-01,1.217537149786949158e-01,2.138606160879135132e-01,4.699455797672271729e-01,4.371616244316101074e-01,3.155817985534667969e-01,3.417668640613555908e-01,2.615153491497039795e-01,1.709294021129608154e-01,3.354253470897674561e-01,9.202270954847335815e-02,-6.142175197601318359e-02,3.252660036087036133e-01,2.523419559001922607e-01,1.289215087890625000e-01,-3.642925620079040527e-02,-1.053256690502166748e-01,-2.222058363258838654e-02,2.186516672372817993e-01,-4.660342261195182800e-02,5.639572143554687500e-01,1.275475472211837769e-01,1.000000000000000000e+00,2.077950090169906616e-01,1.793100535869598389e-01,-1.539177149534225464e-01,-4.752789624035358429e-03,9.406532347202301025e-02,3.393559455871582031e-01,2.595037221908569336e-01,5.573763698339462280e-02,-1.223879978060722351e-01,3.879735767841339111e-01,2.568362653255462646e-01,2.293410003185272217e-01,1.246650740504264832e-01,2.574228681623935699e-02,1.965207755565643311e-01,1.907631307840347290e-01,3.212819099426269531e-01,1.767525672912597656e-01,2.449745833873748779e-01,1.453421264886856079e-01,-1.656991392374038696e-01
5.151911377906799316e-01,3.012855648994445801e-01,3.790513575077056885e-01,3.996726870536804199e-01,3.423023521900177002e-01,4.183102548122406006e-01,1.254579275846481323e-01,6.078276038169860840e-02,-4.770545288920402527e-02,-7.239618897438049316e-02,1.686454564332962036e-01,1.410403251647949219e-01,-4.815125092864036560e-02,1.251934021711349487e-01,-9.435199201107025146e-02,-5.777547508478164673e-02,-1.964560523629188538e-02,-5.016772449016571045e-02,3.360794484615325928e-02,5.948288738727569580e-02,1.702519655227661133e-01,1.333950757980346680e-01,-1.597184389829635620e-01,1.759964674711227417e-01,6.842573732137680054e-02,1.394257843494415283e-01,2.077950090169906616e-01,1.000000000000000000e+00,6.708115339279174805e-01,2.059552371501922607e-01,1.672485619783401489e-01,2.048670649528503418e-01,1.739625632762908936e-01,1.377420313656330109e-02,1.023090034723281860e-01,6.972841918468475342e-02,5.385516211390495300e-02,-3.094128519296646118e-02,-3.895773366093635559e-02,-9.311649203300476074e-02,4.076778888702392578e-01,1.608650982379913330e-01,1.207892131060361862e-02,2.898094058036804199e-02,1.307901889085769653e-01,5.356808658689260483e-03,1.165418028831481934e-01,-9.869248420000076294e-02
1.640982478857040405e-01,3.881634473800659180e-01,2.390777915716171265e-01,2.976653277873992920e-01,2.585965394973754883e-01,3.462112843990325928e-01,2.529768049716949463e-01,7.992966473102569580e-02,-4.284918680787086487e-02,-1.191304773092269897e-01,5.820375680923461914e-02,-1.110822707414627075e-02,-6.245125830173492432e-02,1.110761910676956177e-01,-2.423512749373912811e-02,1.453861128538846970e-02,-9.816814213991165161e-03,4.051338881254196167e-02,1.210700720548629761e-01,1.701832264661788940e-01,2.550439238548278809e-01,1.213108450174331665e-01,3.836198896169662476e-02,3.665747046470642090e-01,-1.068624928593635559e-01,3.051302134990692139e-01,1.793100535869598389e-01,6.708115339279174805e-01,1.000000000000000000e+00,2.231785804033279419e-01,3.160503506660461426e-01,3.421826064586639404e-01,4.600095003843307495e-02,1.110622659325599670e-01,2.065745294094085693e-01,2.500401139259338379e-01,1.573491543531417847e-01,1.103138849139213562e-01,4.283282905817031860e-02,4.895633086562156677e-02,4.248076975345611572e-01,2.582715153694152832e-01,8.958444744348526001e-02,9.851838648319244385e-02,1.424013227224349976e-01,2.534155361354351044e-02,2.346633523702621460e-01,1.103081256151199341e-01
-3.947342187166213989e-02,1.333294361829757690e-01,1.475381702184677124e-01,1.495338827371597290e-01,5.894241854548454285e-02,1.476130932569503784e-01,-5.492657795548439026e-02,-2.698772586882114410e-02,-1.899251788854598999e-01,-1.798314303159713745e-01,9.336567483842372894e-03,1.736121177673339844e-01,3.949043154716491699e-02,1.210416853427886963e-01,1.657787859439849854e-01,3.118216097354888916e-01,-1.992985606193542480e-01,-1.676722913980484009e-01,-1.042853742837905884e-01,6.095388531684875488e-02,2.420789599418640137e-01,2.382877320051193237e-01,-5.831418931484222412e-02,2.502658069133758545e-01,-2.648821175098419189e-01,5.347968079149723053e-03,-1.539177149534225464e-01,2.059552371501922607e-01,2.231785804033279419e-01,1.000000000000000000e+00,3.568319976329803467e-01,1.678126305341720581e-01,1.620182394981384277e-01,1.900129914283752441e-01,2.300913482904434204e-01,1.768682748079299927e-01,1.285475045442581177e-01,1.531478017568588257e-01,-7.356952875852584839e-02,-5.708387494087219238e-02,9.344914555549621582e-02,2.201223047450184822e-03,-7.551671564579010010e-02,-5.689714848995208740e-02,-1.292667165398597717e-02,-1.344450563192367554e-01,7.718182355165481567e-02,1.152491942048072815e-01
-1.004647910594940186e-01,1.888261586427688599e-01,6.191554479300975800e-03,6.746408343315124512e-02,-6.755395978689193726e-02,1.217481121420860291e-01,2.088685780763626099e-01,4.603773355484008789e-02,-3.335388749837875366e-02,4.010897502303123474e-02,3.026929497718811035e-02,1.430188715457916260e-01,1.886847615242004395e-01,7.411932572722434998e-03,-4.139231145381927490e-02,2.401408106088638306e-01,1.280497610569000244e-01,3.546710610389709473e-01,2.815189361572265625e-01,4.497006535530090332e-01,4.503704607486724854e-01,5.805007219314575195e-01,3.471935987472534180e-01,4.931093752384185791e-01,-1.024380475282669067e-01,1.813811957836151123e-01,-4.752789624035358429e-03,1.672485619783401489e-01,3.160503506660461426e-01,3.568319976329803467e-01,1.000000000000000000e+00,5.360118746757507324e-01,-5.980811640620231628e-02,1.424951553344726562e-01,2.615544795989990234e-01,3.183484673500061035e-01,4.986727610230445862e-02,1.082726493477821350e-01,2.257293760776519775e-01,1.126803234219551086e-01,1.517002880573272705e-01,1.480110734701156616e-01,1.754773706197738647e-01,1.157636493444442749e-01,1.022382080554962158e-01,6.968382745981216431e-02,4.536639750003814697e-01,2.536392509937286377e-01
-2.843709662556648254e-02,2.168237715959548950e-01,-1.642076820135116577e-01,-7.741796970367431641e-02,-1.915399916470050812e-02,1.148696765303611755e-01,5.593790486454963684e-02,1.570924520492553711e-01,1.072694659233093262e-01,6.531214714050292969e-02,1.070136651396751404e-01,7.606212794780731201e-02,1.092775017023086548e-01,-1.802886649966239929e-02,-1.464934349060058594e-01,-5.864487215876579285e-02,7.237993925809860229e-02,1.650817394256591797e-01,2.056977301836013794e-01,2.767283320426940918e-01,2.592428922653198242e-01,3.301930725574493408e-01,3.964018523693084717e-01,5.765216350555419922e-01,6.272708624601364136e-02,8.119250647723674774e-03,9.406532347202301025e-02,2.048670649528503418e-01,3.421826064586639404e-01,1.678126305341720581e-01,5.360118746757507324e-01,1.000000000000000000e+00,-5.970092117786407471e-02,5.003191903233528137e-02,1.600095629692077637e-01,4.436371624469757080e-01,-5.007548257708549500e-02,-3.606972470879554749e-02,2.252054959535598755e-01,2.063847482204437256e-01,1.513713598251342773e-01,1.511546969413757324e-01,2.543064355850219727e-01,1.098470315337181091e-01,1.523317843675613403e-01,1.447158008813858032e-01,6.917794346809387207e-01,4.078600108623504639e-01
2.053217440843582153e-01,2.238508164882659912e-01,1.721709072589874268e-01,6.689454615116119385e-02,3.544975817203521729e-01,3.994919955730438232e-01,-3.714657202363014221e-02,4.306728839874267578e-01,2.985296547412872314e-01,2.154075503349304199e-01,4.793011248111724854e-01,4.891177117824554443e-01,2.624066174030303955e-01,5.180251002311706543e-01,3.158680200576782227e-01,1.406818330287933350e-01,-1.912409253418445587e-02,-1.232395246624946594e-01,-8.246628195047378540e-02,-1.153384745121002197e-01,6.841014139354228973e-03,4.341851547360420227e-02,2.934127859771251678e-02,-4.403709247708320618e-02,2.807112634181976318e-01,-6.307580322027206421e-02,3.393559455871582031e-01,1.739625632762908936e-01,4.600095003843307495e-02,1.620182394981384277e-01,-5.980811640620231628e-02,-5.970092117786407471e-02,1.000000000000000000e+00,4.242631494998931885e-01,2.103880792856216431e-01,-6.689266860485076904e-02,3.994026780128479004e-01,3.642343282699584961e-01,1.149478852748870850e-01,-2.503582648932933807e-02,1.791973114013671875e-01,1.120110973715782166e-01,4.554188996553421021e-02,1.375875025987625122e-01,9.997027367353439331e-02,1.032899469137191772e-01,2.582213468849658966e-02,-1.508856266736984253e-01
