1.000000000000000000e+00,5.446549132466316223e-02,5.972087979316711426e-01,6.576958298683166504e-01,4.910444021224975586e-01,4.562385678291320801e-01,3.240108489990234375e-01,2.615110874176025391e-01,1.181567236781120300e-01,1.224931403994560242e-01,3.138487040996551514e-01,4.130944907665252686e-01,1.524332016706466675e-01,2.060693800449371338e-01,3.529824614524841309e-01,2.843033969402313232e-01,3.851293623447418213e-01,1.490389108657836914e-01,2.847751975059509277e-01,1.494925767183303833e-01,2.549783289432525635e-01,2.910168766975402832e-01,-1.831769756972789764e-02,-1.668299734592437744e-02,4.304842352867126465e-01,7.695475965738296509e-02,1.940838396549224854e-01,5.304201841354370117e-01,3.100227713584899902e-01,1.246073246002197266e-01,-1.306304428726434708e-02,-9.444081038236618042e-02,5.223215818405151367e-01,9.855626523494720459e-02,4.608227685093879700e-02,7.605921942740678787e-03,1.225630044937133789e-01,3.230723440647125244e-01,4.210116341710090637e-02,9.501422941684722900e-02,1.702423542737960815e-01,6.467457115650177002e-02,1.392266992479562759e-02,-7.609610911458730698e-03,1.016546338796615601e-01,1.754015535116195679e-01,-2.102038078010082245e-02,2.410917878150939941e-01
5.446549132466316223e-02,1.000000000000000000e+00,1.580902189016342163e-02,-3.846696764230728149e-02,6.278022378683090210e-02,1.917558014392852783e-01,2.270646542310714722e-01,2.039080858230590820e-01,2.687166333198547363e-01,2.931520938873291016e-01,-4.986481741070747375e-02,9.212748147547245026e-03,1.444309651851654053e-01,1.611964553594589233e-01,-6.903036683797836304e-02,-9.404876828193664551e-02,1.191713660955429077e-01,1.583293527364730835e-01,1.942733228206634521e-01,2.504351735115051270e-01,-7.096376270055770874e-03,-1.945250332355499268e-01,4.498807340860366821e-02,2.677994668483734131e-01,-1.132227256894111633e-01,3.423970341682434082e-01,2.853057980537414551e-01,5.784353986382484436e-02,9.630616754293441772e-02,-1.163948997855186462e-01,-1.319385915994644165e-01,-5.427710711956024170e-02,1.012533530592918396e-01,9.084256738424301147e-02,1.339706927537918091e-01,1.399328857660293579e-01,8.325777202844619751e-02,2.424597740173339844e-02,-3.166645765304565430e-02,-5.522183701395988464e-02,2.750006318092346191e-01,2.800599038600921631e-01,6.722485274076461792e-02,5.917429924011230469e-01,3.073309361934661865e-01,9.606555849313735962e-02,1.434114724397659302e-01,8.339361101388931274e-02
5.972087979316711426e-01,1.580902189016342163e-02,1.000000000000000000e+00,6.616147160530090332e-01,3.343718349933624268e-01,3.960379064083099365e-01,4.538992643356323242e-01,3.438102006912231445e-01,6.721338629722595215e-02,1.453597843647003174e-01,3.740214705467224121e-01,4.040889739990234375e-01,7.992771267890930176e-02,2.973080575466156006e-01,5.009254217147827148e-01,2.027415633201599121e-01,4.734928905963897705e-01,2.318172007799148560e-01,2.235436886548995972e-01,7.081899791955947876e-02,1.792421489953994751e-01,2.609362900257110596e-01,5.613918974995613098e-02,-4.518352448940277100e-03,3.396497368812561035e-01,2.738281786441802979e-01,2.004514038562774658e-01,4.606119990348815918e-01,3.047459423542022705e-01,4.937448725104331970e-02,-4.297078028321266174e-02,-1.303980797529220581e-01,4.373307526111602783e-01,-1.003963947296142578e-01,-4.309281706809997559e-02,1.255104541778564453e-01,1.681388467550277710e-01,4.333722889423370361e-01,1.282269209623336792e-01,1.448437273502349854e-01,2.459240145981311798e-02,-7.363774627447128296e-02,1.782097667455673218e-02,-1.894277893006801605e-02,-5.883369967341423035e-02,5.648382008075714111e-03,-5.051786825060844421e-02,2.344816476106643677e-01
6.576958298683166504e-01,-3.846696764230728149e-02,6.616147160530090332e-01,1.000000000000000000e+00,5.051037073135375977e-01,4.428004622459411621e-01,3.699588477611541748e-01,7.774384319782257080e-02,-1.056936532258987427e-01,-1.828745938837528229e-03,2.271536439657211304e-01,2.599853873252868652e-01,7.841360569000244141e-02,6.176434084773063660e-02,3.409076333045959473e-01,4.457016885280609131e-01,4.258682131767272949e-01,2.617615163326263428e-01,3.486656248569488525e-01,2.312867790460586548e-01,3.023975193500518799e-01,5.240422487258911133e-01,-8.859473466873168945e-02,-9.536442160606384277e-02,3.502947688102722168e-01,5.690943077206611633e-02,1.125312149524688721e-01,4.471877515316009521e-01,2.818873524665832520e-01,1.931920349597930908e-01,1.043640226125717163e-01,-1.929670274257659912e-01,2.904213070869445801e-01,3.396141156554222107e-02,-1.116367615759372711e-02,-8.232601732015609741e-02,2.617305330932140350e-02,3.494481444358825684e-01,9.332223981618881226e-02,1.837963983416557312e-02,6.112226098775863647e-02,-1.392486691474914551e-02,-8.250804245471954346e-02,-7.670615613460540771e-02,5.810432881116867065e-02,8.851498365402221680e-02,-1.512011736631393433e-01,1.006846800446510315e-01
4.910444021224975586e-01,6.278022378683090210e-02,3.343718349933624268e-01,5.051037073135375977e-01,1.000000000000000000e+00,6.970301270484924316e-01,1.287705302238464355e-01,1.924330443143844604e-01,5.331674590706825256e-02,1.298133432865142822e-01,1.534622460603713989e-01,2.538419067859649658e-01,2.596133351325988770e-01,2.749919705092906952e-02,1.208615750074386597e-01,3.698703050613403320e-01,1.354823857545852661e-01,2.841415815055370331e-02,2.489057034254074097e-01,2.341899126768112183e-01,3.719203770160675049e-01,2.853953838348388672e-01,-6.268266588449478149e-02,2.769023180007934570e-02,2.454041540622711182e-01,-1.817223429679870605e-01,-6.213308125734329224e-02,3.745771944522857666e-01,2.566104531288146973e-01,1.381968408823013306e-01,2.885954745579510927e-04,-7.474268227815628052e-02,3.373289406299591064e-01,1.398886740207672119e-01,1.306281890720129013e-02,-9.656445682048797607e-02,-1.382854860275983810e-02,1.393314152956008911e-01,-5.158165004104375839e-03,3.852478042244911194e-02,3.559331595897674561e-01,2.182674407958984375e-01,1.349696144461631775e-02,-4.882915690541267395e-02,2.040903121232986450e-01,2.164045721292495728e-01,-8.392397314310073853e-02,1.499242484569549561e-01
4.562385678291320801e-01,1.917558014392852783e-01,3.960379064083099365e-01,4.428004622459411621e-01,6.970301270484924316e-01,1.000000000000000000e+00,2.376710623502731323e-01,2.961986660957336426e-01,7.254729419946670532e-02,1.951445937156677246e-01,1.040672734379768372e-01,2.466306388378143311e-01,1.933984011411666870e-01,1.424653381109237671e-01,1.674065440893173218e-01,2.943582534790039062e-01,1.829959005117416382e-01,1.078017428517341614e-01,3.577482402324676514e-01,3.085381388664245605e-01,3.741411268711090088e-01,1.340921521186828613e-01,-3.947778791189193726e-02,1.261093020439147949e-01,1.459432095289230347e-01,-1.371318195015192032e-02,6.059582810848951340e-03,4.297763407230377197e-01,3.449490964412689209e-01,6.175925582647323608e-02,-9.314343333244323730e-02,-9.685044735670089722e-02,4.019826650619506836e-01,1.027582660317420959e-01,1.057119220495223999e-01,-2.426671050488948822e-02,6.170704215764999390e-02,1.764443516731262207e-01,3.852111473679542542e-02,6.888002902269363403e-02,3.234638273715972900e-01,2.001674324274063110e-01,7.755473256111145020e-02,7.424332201480865479e-02,1.836371272802352905e-01,1.710955649614334106e-01,-5.716364458203315735e-02,1.936990469694137573e-01
3.240108489990234375e-01,2.270646542310714722e-01,4.538992643356323242e-01,3.699588477611541748e-01,1.287705302238464355e-01,2.376710623502731323e-01,1.000000000000000000e+00,1.265355348587036133e-01,2.506206035614013672e-01,2.270901501178741455e-01,1.407563835382461548e-01,5.522997304797172546e-02,-1.461334619671106339e-02,1.826813220977783203e-01,1.364714503288269043e-01,1.403308212757110596e-01,7.985416650772094727e-01,5.980396866798400879e-01,5.051084756851196289e-01,4.263284802436828613e-01,9.219370037317276001e-02,8.649699389934539795e-02,1.034725606441497803e-01,3.475174680352210999e-02,1.190892457962036133e-01,5.920209288597106934e-01,9.341068565845489502e-02,2.396602183580398560e-01,3.330394625663757324e-01,7.007970940321683884e-03,-2.938713878393173218e-02,4.506820440292358398e-02,1.626628637313842773e-01,-1.826546504162251949e-03,2.170632407069206238e-02,-1.055249478667974472e-02,8.332540839910507202e-02,2.493768483400344849e-01,5.502059683203697205e-02,4.693916440010070801e-02,1.249426007270812988e-01,3.058051764965057373e-01,3.717052042484283447e-01,1.416314840316772461e-01,7.020094245672225952e-02,1.965302824974060059e-01,3.846175968647003174e-02,1.091106757521629333e-01
2.615110874176025391e-01,2.039080858230590820e-01,3.438102006912231445e-01,7.774384319782257080e-02,1.924330443143844604e-01,2.961986660957336426e-01,1.265355348587036133e-01,1.000000000000000000e+00,3.404367566108703613e-01,3.905139565467834473e-01,4.865658581256866455e-01,5.351111888885498047e-01,4.253335297107696533e-01,5.173980593681335449e-01,4.671972095966339111e-01,2.196561358869075775e-02,1.193589270114898682e-01,-1.139139905571937561e-01,-1.100628226995468140e-01,-6.722211837768554688e-02,1.433333456516265869e-01,-1.851584166288375854e-01,1.567827910184860229e-01,1.550267338752746582e-01,2.525756061077117920e-01,2.017766833305358887e-01,1.324407905340194702e-01,2.151949703693389893e-01,9.970543533563613892e-02,-1.935831457376480103e-02,-1.746032238006591797e-01,-1.408385951071977615e-02,5.414343476295471191e-01,2.387472987174987793e-01,1.157942116260528564e-01,1.792036145925521851e-01,4.648065865039825439e-01,3.712966144084930420e-01,5.415560677647590637e-02,1.618469208478927612e-01,-1.154496101662516594e-03,1.341443210840225220e-01,9.341783821582794189e-02,9.184731543064117432e-02,7.992886938154697418e-03,4.320016875863075256e-02,1.995895057916641235e-01,2.749624252319335938e-01
1.181567236781120300e-01,2.687166333198547363e-01,6.721338629722595215e-02,-1.056936532258987427e-01,5.331674590706825256e-02,7.254729419946670532e-02,2.506206035614013672e-01,3.404367566108703613e-01,1.000000000000000000e+00,5.050677657127380371e-01,2.424334734678268433e-01,3.197341263294219971e-01,2.975614964962005615e-01,3.007377982139587402e-01,9.058322757482528687e-02,-1.556959468871355057e-02,2.574239671230316162e-01,4.701667279005050659e-02,5.638631805777549744e-02,7.403686642646789551e-02,-9.428923949599266052e-03,-3.037067949771881104e-01,2.263211160898208618e-01,8.621695637702941895e-02,1.397182643413543701e-01,2.546868920326232910e-01,1.044167727231979370e-01,-2.207973040640354156e-02,-4.363668337464332581e-02,-5.664953589439392090e-02,-1.637630909681320190e-01,6.684792786836624146e-02,3.102207481861114502e-01,5.971374455839395523e-03,8.488181233406066895e-02,2.895911335945129395e-01,1.649814546108245850e-01,9.973307698965072632e-02,-3.725687786936759949e-02,1.194970607757568359e-01,-3.632567450404167175e-02,2.251294404268264771e-01,3.783321380615234375e-01,3.423824310302734375e-01,2.852725982666015625e-02,2.795809507369995117e-01,3.987116366624832153e-02,2.166547626256942749e-01
1.224931403994560242e-01,2.931520938873291016e-01,1.453597843647003174e-01,-1.828745938837528229e-03,1.298133432865142822e-01,1.951445937156677246e-01,2.270901501178741455e-01,3.905139565467834473e-01,5.050677657127380371e-01,1.000000000000000000e+00,3.537885248661041260e-01,4.366519749164581299e-01,5.586543679237365723e-01,3.195300996303558350e-01,2.374699562788009644e-01,1.027424633502960205e-01,2.172784358263015747e-01,3.213707730174064636e-02,3.500279411673545837e-02,1.881026327610015869e-01,2.368214726448059082e-01,-1.215341016650199890e-01,1.952657848596572876e-01,2.087263166904449463e-01,2.224397063255310059e-01,1.925146430730819702e-01,1.602536290884017944e-01,1.675070524215698242e-01,4.498296976089477539e-02,1.000112593173980713e-01,-5.487902462482452393e-02,3.963024914264678955e-02,2.844711840152740479e-01,-3.992681577801704407e-02,4.222027212381362915e-02,1.516130864620208740e-01,2.004910707473754883e-01,2.387223243713378906e-01,6.187459826469421387e-02,8.145987987518310547e-02,1.282317657023668289e-02,2.429227828979492188e-01,3.448248207569122314e-01,1.914506107568740845e-01,1.029148176312446594e-01,2.902037203311920166e-01,1.488224267959594727e-01,2.494898140430450439e-01
3.138487040996551514e-01,-4.986481741070747375e-02,3.740214705467224121e-01,2.271536439657211304e-01,1.534622460603713989e-01,1.040672734379768372e-01,1.407563835382461548e-01,4.865658581256866455e-01,2.424334734678268433e-01,3.537885248661041260e-01,1.000000000000000000e+00,6.923822760581970215e-01,4.507625401020050049e-01,3.261324465274810791e-01,4.816118478775024414e-01,2.301427870988845825e-01,2.603158652782440186e-01,-5.239764600992202759e-02,-1.625392735004425049e-01,-2.176456302404403687e-01,1.102715507149696350e-01,1.581884920597076416e-01,1.928238272666931152e-01,-9.771147597348317504e-05,4.634618163108825684e-01,9.582561999559402466e-02,1.896437108516693115e-01,3.241530060768127441e-01,1.104829013347625732e-01,2.664228677749633789e-01,1.944377124309539795e-01,2.135987021028995514e-02,4.199993610382080078e-01,5.471159145236015320e-02,9.262681752443313599e-02,1.386973727494478226e-02,2.839484810829162598e-01,4.318067133426666260e-01,1.568761616945266724e-01,1.910434961318969727e-01,-7.342828065156936646e-02,6.011166051030158997e-02,2.991202101111412048e-02,-1.037133112549781799e-01,-1.115904003381729126e-02,6.703011691570281982e-02,2.180578112602233887e-01,1.125916242599487305e-01
4.130944907665252686e-01,9.212748147547245026e-03,4.040889739990234375e-01,2.599853873252868652e-01,2.538419067859649658e-01,2.466306388378143311e-01,5.522997304797172546e-02,5.351111888885498047e-01,3.197341263294219971e-01,4.366519749164581299e-01,6.923822760581970215e-01,1.000000000000000000e+00,5.728572607040405273e-01,3.617753386497497559e-01,5.310523509979248047e-01,2.593887448310852051e-01,1.160024553537368774e-01,-1.986333578824996948e-01,-1.999241858720779419e-01,-1.620135009288787842e-01,2.790036201477050781e-01,5.970609560608863831e-02,8.397565037012100220e-02,1.547128893435001373e-02,5.129421353340148926e-01,3.061698190867900848e-02,2.455531805753707886e-01,2.973695993423461914e-01,7.067870348691940308e-02,1.925391405820846558e-01,-1.742420718073844910e-03,-1.162824705243110657e-01,5.920487046241760254e-01,2.824247628450393677e-02,8.905284851789474487e-02,1.684131026268005371e-01,2.842465341091156006e-01,3.569607436656951904e-01,3.697011619806289673e-02,1.387480050325393677e-01,-1.183199658989906311e-01,4.143729060888290405e-02,4.275985062122344971e-02,-2.761560305953025818e-02,-2.982228063046932220e-02,1.025098040699958801e-01,1.424611210823059082e-01,1.767786145210266113e-01
1.524332016706466675e-01,1.444309651851654053e-01,7.992771267890930176e-02,7.841360569000244141e-02,2.596133351325988770e-01,1.933984011411666870e-01,-1.461334619671106339e-02,4.253335297107696533e-01,2.975614964962005615e-01,5.586543679237365723e-01,4.507625401020050049e-01,5.728572607040405273e-01,1.000000000000000000e+00,2.687152028083801270e-01,3.103919923305511475e-01,2.524092197418212891e-01,3.683407790958881378e-03,-2.275714874267578125e-01,-1.897785216569900513e-01,1.189232431352138519e-02,3.457477390766143799e-01,1.695340685546398163e-02,1.971475929021835327e-01,2.492668628692626953e-01,2.962913811206817627e-01,-2.165593579411506653e-02,1.413324624300003052e-01,1.581327319145202637e-01,2.888151258230209351e-02,2.196757197380065918e-01,2.421189658343791962e-02,-5.094305425882339478e-02,3.887534439563751221e-01,1.594201289117336273e-02,8.136042952537536621e-02,4.864194244146347046e-02,2.268979102373123169e-01,1.560337543487548828e-01,1.631594263017177582e-02,1.290925145149230957e-01,4.597823694348335266e-02,1.520298421382904053e-01,7.783544063568115234e-02,6.549240648746490479e-02,1.341388821601867676e-01,1.417869329452514648e-01,2.378258407115936279e-01,2.125288099050521851e-01
2.060693800449371338e-01,1.611964553594589233e-01,2.973080575466156006e-01,6.176434084773063660e-02,2.749919705092906952e-02,1.424653381109237671e-01,1.826813220977783203e-01,5.173980593681335449e-01,3.007377982139587402e-01,3.195300996303558350e-01,3.261324465274810791e-01,3.617753386497497559e-01,2.687152028083801270e-01,1.000000000000000000e+00,3.209547698497772217e-01,1.893047243356704712e-02,1.728163957595825195e-01,5.494986474514007568e-02,2.821855433285236359e-02,6.015141960233449936e-03,3.749379143118858337e-02,-9.905128926038742065e-02,2.424242049455642700e-01,1.929003596305847168e-01,1.718216240406036377e-01,2.323006987571716309e-01,1.309541016817092896e-01,1.122667789459228516e-01,6.448495388031005859e-02,-9.344544261693954468e-02,-1.078017503023147583e-01,-1.088233198970556259e-02,3.839569985866546631e-01,1.753014139831066132e-02,9.885369986295700073e-02,2.848131954669952393e-01,5.142057538032531738e-01,3.005720376968383789e-01,1.552665084600448608e-01,2.574824690818786621e-01,-5.266332067549228668e-03,7.708811014890670776e-02,9.824296832084655762e-02,5.229488387703895569e-02,1.925102435052394867e-02,5.071675777435302734e-02,2.014754861593246460e-01,3.079823851585388184e-01
3.529824614524841309e-01,-6.903036683797836304e-02,5.009254217147827148e-01,3.409076333045959473e-01,1.208615750074386597e-01,1.674065440893173218e-01,1.364714503288269043e-01,4.671972095966339111e-01,9.058322757482528687e-02,2.374699562788009644e-01,4.816118478775024414e-01,5.310523509979248047e-01,3.103919923305511475e-01,3.209547698497772217e-01,1.000000000000000000e+00,3.308628499507904053e-01,2.030827105045318604e-01,-2.416769973933696747e-03,-6.835947185754776001e-02,-9.177832305431365967e-02,1.140395551919937134e-01,5.801119282841682434e-02,1.145428270101547241e-01,-9.724373929202556610e-03,4.051752686500549316e-01,6.404342502355575562e-02,2.280027568340301514e-01,2.305105030536651611e-01,1.153865829110145569e-01,3.009568899869918823e-02,-1.116859167814254761e-01,-1.855262964963912964e-01,4.269915223121643066e-01,-1.030836403369903564e-01,-1.223449110984802246e-01,7.764026522636413574e-02,3.234075605869293213e-01,6.068149209022521973e-01,7.143721729516983032e-02,1.385117918252944946e-01,-1.440652608871459961e-01,-1.146278679370880127e-01,-8.573570102453231812e-02,-9.929548949003219604e-02,-1.031875684857368469e-01,-3.795250132679939270e-02,8.398201316595077515e-02,1.462954133749008179e-01
2.843033969402313232e-01,-9.404876828193664551e-02,2.027415633201599121e-01,4.457016885280609131e-01,3.698703050613403320e-01,2.943582534790039062e-01,1.403308212757110596e-01,2.196561358869075775e-02,-1.556959468871355057e-02,1.027424633502960205e-01,2.301427870988845825e-01,2.593887448310852051e-01,2.524092197418212891e-01,1.893047243356704712e-02,3.308628499507904053e-01,1.000000000000000000e+00,2.078896611928939819e-01,2.478837221860885620e-01,2.549431324005126953e-01,2.617861628532409668e-01,2.657950222492218018e-01,2.994728088378906250e-01,-3.690707311034202576e-02,-6.431280821561813354e-02,3.489009141921997070e-01,-7.990473508834838867e-02,8.993545547127723694e-03,1.688420772552490234e-01,7.779100537300109863e-02,2.172843366861343384e-01,1.003109291195869446e-01,-1.828350871801376343e-01,2.486330419778823853e-01,9.219224750995635986e-02,8.001665771007537842e-02,-2.060178369283676147e-01,1.943965554237365723e-01,4.094434976577758789e-01,2.426661252975463867e-01,5.176021903753280640e-02,5.275378376245498657e-02,4.732161760330200195e-02,-1.830048114061355591e-02,-1.824190616607666016e-01,8.385426551103591919e-02,1.493655443191528320e-01,-1.013458743691444397e-01,-7.879935950040817261e-02
3.851293623447418213e-01,1.191713660955429077e-01,4.734928905963897705e-01,4.258682131767272949e-01,1.354823857545852661e-01,1.829959005117416382e-01,7.985416650772094727e-01,1.193589270114898682e-01,2.574239671230316162e-01,2.172784358263015747e-01,2.603158652782440186e-01,1.160024553537368774e-01,3.683407790958881378e-03,1.728163957595825195e-01,2.030827105045318604e-01,2.078896611928939819e-01,1.000000000000000000e+00,6.025555133819580078e-01,4.904251396656036377e-01,3.549608290195465088e-01,9.684628993272781372e-02,1.679808795452117920e-01,7.685478776693344116e-02,-4.585148394107818604e-02,1.993030458688735962e-01,4.690894782543182373e-01,9.937946498394012451e-02,2.298475652933120728e-01,2.849805355072021484e-01,8.889768272638320923e-02,4.364568367600440979e-02,7.670848164707422256e-03,1.830756217241287231e-01,-2.414929121732711792e-02,-1.732125319540500641e-02,-6.052527204155921936e-02,1.167231872677803040e-01,2.751546502113342285e-01,5.267158150672912598e-02,1.276123058050870895e-02,5.209260433912277222e-02,2.445040345191955566e-01,3.451033234596252441e-01,6.895136088132858276e-02,6.625210493803024292e-02,2.165046185255050659e-01,-8.729254826903343201e-03,9.458670765161514282e-02
1.490389108657836914e-01,1.583293527364730835e-01,2.318172007799148560e-01,2.617615163326263428e-01,2.841415815055370331e-02,1.078017428517341614e-01,5.980396866798400879e-01,-1.139139905571937561e-01,4.701667279005050659e-02,3.213707730174064636e-02,-5.239764600992202759e-02,-1.986333578824996948e-01,-2.275714874267578125e-01,5.494986474514007568e-02,-2.416769973933696747e-03,2.478837221860885620e-01,6.025555133819580078e-01,1.000000000000000000e+00,6.972606182098388672e-01,5.769124031066894531e-01,1.286459118127822876e-01,2.350319325923919678e-01,4.413505643606185913e-02,-4.792862758040428162e-02,4.538529366254806519e-02,3.717232346534729004e-01,5.339698866009712219e-02,5.219367891550064087e-02,1.672965288162231445e-01,2.653765841387212276e-04,1.265217959880828857e-01,1.562387775629758835e-02,-3.577009588479995728e-02,-6.076254323124885559e-02,-2.472748793661594391e-02,-7.560466974973678589e-02,3.116653487086296082e-02,1.844328790903091431e-01,6.739468127489089966e-02,-8.459099382162094116e-02,5.207872483879327774e-03,8.483324199914932251e-02,2.690605223178863525e-01,1.046173050999641418e-01,-2.026973292231559753e-02,1.269118934869766235e-01,-4.148951172828674316e-02,-1.267808973789215088e-01
2.847751975059509277e-01,1.942733228206634521e-01,2.235436886548995972e-01,3.486656248569488525e-01,2.489057034254074097e-01,3.577482402324676514e-01,5.051084756851196289e-01,-1.100628226995468140e-01,5.638631805777549744e-02,3.500279411673545837e-02,-1.625392735004425049e-01,-1.999241858720779419e-01,-1.897785216569900513e-01,2.821855433285236359e-02,-6.835947185754776001e-02,2.549431324005126953e-01,4.904251396656036377e-01,6.972606182098388672e-01,1.000000000000000000e+00,6.704954504966735840e-01,2.022539079189300537e-01,2.096825242042541504e-01,3.050506673753261566e-02,1.693359389901161194e-02,1.044562365859746933e-02,1.975113004446029663e-01,3.121884306892752647e-03,1.558776348829269409e-01,2.441074103116989136e-01,2.475251257419586182e-02,8.467762731015682220e-03,-7.622133940458297729e-02,5.863353982567787170e-02,1.435912027955055237e-02,5.329244956374168396e-02,-8.096612989902496338e-02,-3.009195812046527863e-02,1.178037747740745544e-01,6.501888483762741089e-02,-6.205255910754203796e-02,1.615961790084838867e-01,1.720149219036102295e-01,2.772201001644134521e-01,1.361714899539947510e-01,9.483069926500320435e-02,2.196807265281677246e-01,-1.375076770782470703e-01,-1.559820119291543961e-02
1.494925767183303833e-01,2.504351735115051270e-01,7.081899791955947876e-02,2.312867790460586548e-01,2.341899126768112183e-01,3.085381388664245605e-01,4.263284802436828613e-01,-6.722211837768554688e-02,7.403686642646789551e-02,1.881026327610015869e-01,-2.176456302404403687e-01,-1.620135009288787842e-01,1.189232431352138519e-02,6.015141960233449936e-03,-9.177832305431365967e-02,2.617861628532409668e-01,3.549608290195465088e-01,5.769124031066894531e-01,6.704954504966735840e-01,1.000000000000000000e+00,4.886967837810516357e-01,1.770636290311813354e-01,-6.056231260299682617e-02,4.644650965929031372e-03,-3.481182083487510681e-02,1.997064650058746338e-01,-1.089544594287872314e-01,3.775339946150779724e-02,1.363974958658218384e-01,3.681838512420654297e-02,7.619872223585844040e-03,1.614825800061225891e-02,2.869181148707866669e-02,2.117394097149372101e-02,3.527158871293067932e-03,-1.174094825983047485e-01,-2.066376060247421265e-02,5.945954844355583191e-02,1.076310500502586365e-02,-1.465589851140975952e-01,1.484234780073165894e-01,2.845574319362640381e-01,3.330814242362976074e-01,1.080382615327835083e-01,1.079869195818901062e-01,3.121378719806671143e-01,-6.993553787469863892e-02,-5.742942914366722107e-02
2.549783289432525635e-01,-7.096376270055770874e-03,1.792421489953994751e-01,3.023975193500518799e-01,3.719203770160675049e-01,3.741411268711090088e-01,9.219370037317276001e-02,1.433333456516265869e-01,-9.428923949599266052e-03,2.368214726448059082e-01,1.102715507149696350e-01,2.790036201477050781e-01,3.457477390766143799e-01,3.749379143118858337e-02,1.140395551919937134e-01,2.657950222492218018e-01,9.684628993272781372e-02,1.286459118127822876e-01,2.022539079189300537e-01,4.886967837810516357e-01,1.000000000000000000e+00,3.822631537914276123e-01,-1.831964552402496338e-01,-6.216061115264892578e-02,2.199706882238388062e-01,-1.018286794424057007e-01,-9.958129376173019409e-03,2.183849960565567017e-01,1.898268312215805054e-01,3.401924073696136475e-01,2.673688828945159912e-01,1.668807715177536011e-01,2.138693332672119141e-01,-6.059880554676055908e-02,-1.676188595592975616e-02,-8.993551880121231079e-02,1.616783998906612396e-02,9.094005823135375977e-02,1.373984385281801224e-03,-1.277101039886474609e-01,-1.929257623851299286e-02,1.226615086197853088e-01,2.609360814094543457e-01,-4.565950110554695129e-02,3.934725001454353333e-02,2.435453236103057861e-01,-4.490114375948905945e-02,-3.701759502291679382e-03
2.910168766975402832e-01,-1.945250332355499268e-01,2.609362900257110596e-01,5.240422487258911133e-01,2.853953838348388672e-01,1.340921521186828613e-01,8.649699389934539795e-02,-1.851584166288375854e-01,-3.037067949771881104e-01,-1.215341016650199890e-01,1.581884920597076416e-01,5.970609560608863831e-02,1.695340685546398163e-02,-9.905128926038742065e-02,5.801119282841682434e-02,2.994728088378906250e-01,1.679808795452117920e-01,2.350319325923919678e-01,2.096825242042541504e-01,1.770636290311813354e-01,3.822631537914276123e-01,1.000000000000000000e+00,-3.850525943562388420e-03,-4.742656275629997253e-02,3.036540746688842773e-01,-2.086385488510131836e-01,5.565774813294410706e-02,2.647485733032226562e-01,1.854526549577713013e-01,3.555236160755157471e-01,5.042141079902648926e-01,1.444257348775863647e-01,3.002484329044818878e-03,-7.211691141128540039e-02,-2.904869616031646729e-02,-8.161687105894088745e-02,-9.072228521108627319e-02,1.809580922126770020e-01,1.876933276653289795e-01,2.565627731382846832e-02,-6.433493643999099731e-02,-1.005988344550132751e-01,-4.669542983174324036e-02,-1.293134391307830811e-01,8.526720106601715088e-02,8.917068690061569214e-02,9.797805250855162740e-05,-5.114977806806564331e-02
-1.831769756972789764e-02,4.498807340860366821e-02,5.613918974995613098e-02,-8.859473466873168945e-02,-6.268266588449478149e-02,-3.947778791189193726e-02,1.034725606441497803e-01,1.567827910184860229e-01,2.263211160898208618e-01,1.952657848596572876e-01,1.928238272666931152e-01,8.397565037012100220e-02,1.971475929021835327e-01,2.424242049455642700e-01,1.145428270101547241e-01,-3.690707311034202576e-02,7.685478776693344116e-02,4.413505643606185913e-02,3.050506673753261566e-02,-6.056231260299682617e-02,-1.831964552402496338e-01,-3.850525943562388420e-03,1.000000000000000000e+00,2.518715262413024902e-01,2.867442369461059570e-02,1.792974956333637238e-02,1.496582757681608200e-02,4.917803034186363220e-02,5.345544195733964443e-04,-1.703125089406967163e-01,-6.136900559067726135e-02,4.522616416215896606e-02,1.204251199960708618e-01,-3.058516792953014374e-02,7.982180267572402954e-02,1.226012036204338074e-01,7.147494703531265259e-02,1.337329447269439697e-01,3.421707749366760254e-01,5.654438734054565430e-01,1.329211890697479248e-01,-3.862948715686798096e-02,-2.375071495771408081e-02,-3.119257278740406036e-02,7.831769436597824097e-02,2.728494070470333099e-02,3.194280266761779785e-01,3.262989223003387451e-01
-1.668299734592437744e-02,2.677994668483734131e-01,-4.518352448940277100e-03,-9.536442160606384277e-02,2.769023180007934570e-02,1.261093020439147949e-01,3.475174680352210999e-02,1.550267338752746582e-01,8.621695637702941895e-02,2.087263166904449463e-01,-9.771147597348317504e-05,1.547128893435001373e-02,2.492668628692626953e-01,1.929003596305847168e-01,-9.724373929202556610e-03,-6.431280821561813354e-02,-4.585148394107818604e-02,-4.792862758040428162e-02,1.693359389901161194e-02,4.644650965929031372e-03,-6.216061115264892578e-02,-4.742656275629997253e-02,2.518715262413024902e-01,1.000000000000000000e+00,-1.528752744197845459e-01,1.295073032379150391e-01,1.006654128432273865e-01,9.471606463193893433e-03,3.808402270078659058e-02,2.336551994085311890e-02,-3.173075616359710693e-02,1.454184651374816895e-01,1.307957917451858521e-01,1.102494895458221436e-01,1.340803951025009155e-01,3.933429121971130371e-01,1.326727420091629028e-01,1.147503331303596497e-01,2.023022621870040894e-01,2.147442549467086792e-01,2.392099350690841675e-01,5.553071573376655579e-02,-3.905307501554489136e-02,1.914023607969284058e-01,2.927130460739135742e-01,4.480664432048797607e-02,4.730184972286224365e-01,4.001728892326354980e-01
4.304842352867126465e-01,-1.132227256894111633e-01,3.396497368812561035e-01,3.502947688102722168e-01,2.454041540622711182e-01,1.459432095289230347e-01,1.190892457962036133e-01,2.525756061077117920e-01,1.397182643413543701e-01,2.224397063255310059e-01,4.634618163108825684e-01,5.129421353340148926e-01,2.962913811206817627e-01,1.718216240406036377e-01,4.051752686500549316e-01,3.489009141921997070e-01,1.993030458688735962e-01,4.538529366254806519e-02,1.044562365859746933e-02,-3.481182083487510681e-02,2.199706882238388062e-01,3.036540746688842773e-01,2.867442369461059570e-02,-1.528752744197845459e-01,1.000000000000000000e+00,-5.687010474503040314e-03,4.409425258636474609e-01,3.496923148632049561e-01,1.607023924589157104e-01,2.837703824043273926e-01,1.785129457712173462e-01,-5.562537163496017456e-02,4.668561518192291260e-01,4.759628698229789734e-02,-1.412278320640325546e-02,1.797365769743919373e-02,5.887471139430999756e-02,3.421668112277984619e-01,9.555399417877197266e-02,6.796940416097640991e-02,-1.761120110750198364e-01,-5.258674547076225281e-02,-8.561649359762668610e-03,-6.670969724655151367e-02,8.337483741343021393e-03,1.038446128368377686e-01,-3.972619399428367615e-02,8.061767369508743286e-02
7.695475965738296509e-02,3.423970341682434082e-01,2.738281786441802979e-01,5.690943077206611633e-02,-1.817223429679870605e-01,-1.371318195015192032e-02,5.920209288597106934e-01,2.017766833305358887e-01,2.546868920326232910e-01,1.925146430730819702e-01,9.582561999559402466e-02,3.061698190867900848e-02,-2.165593579411506653e-02,2.323006987571716309e-01,6.404342502355575562e-02,-7.990473508834838867e-02,4.690894782543182373e-01,3.717232346534729004e-01,1.975113004446029663e-01,1.997064650058746338e-01,-1.018286794424057007e-01,-2.086385488510131836e-01,1.792974956333637238e-02,1.295073032379150391e-01,-5.687010474503040314e-03,1.000000000000000000e+00,1.695219129323959351e-01,1.578828319907188416e-02,7.885968685150146484e-02,-1.137968897819519043e-01,-1.069706231355667114e-01,6.689126044511795044e-02,1.028675511479377747e-01,6.980665028095245361e-02,1.032897308468818665e-01,1.265448629856109619e-01,1.654237657785415649e-01,1.626508533954620361e-01,2.543389052152633667e-02,2.438209019601345062e-02,3.824313357472419739e-02,1.945464015007019043e-01,2.896138429641723633e-01,2.499037683010101318e-01,-2.218859270215034485e-02,-1.446826290339231491e-02,5.819756537675857544e-02,6.201317906379699707e-02
1.940838396549224854e-01,2.853057980537414551e-01,2.004514038562774658e-01,1.125312149524688721e-01,-6.213308125734329224e-02,6.059582810848951340e-03,9.341068565845489502e-02,1.324407905340194702e-01,1.044167727231979370e-01,1.602536290884017944e-01,1.896437108516693115e-01,2.455531805753707886e-01,1.413324624300003052e-01,1.309541016817092896e-01,2.280027568340301514e-01,8.993545547127723694e-03,9.937946498394012451e-02,5.339698866009712219e-02,3.121884306892752647e-03,-1.089544594287872314e-01,-9.958129376173019409e-03,5.565774813294410706e-02,1.496582757681608200e-02,1.006654128432273865e-01,4.409425258636474609e-01,1.695219129323959351e-01,1.000000000000000000e+00,1.672195047140121460e-01,6.618706136941909790e-02,9.115093201398849487e-02,8.139669895172119141e-02,-3.381009446457028389e-03,2.945180237293243408e-01,-1.482847183942794800e-01,-3.808090463280677795e-02,1.474921256303787231e-01,7.035130262374877930e-02,1.536119133234024048e-01,5.539572983980178833e-02,7.301755249500274658e-03,-1.919388920068740845e-01,-2.534571290016174316e-01,-5.828391760587692261e-02,4.265603125095367432e-01,-3.614204376935958862e-02,-2.171419560909271240e-01,-1.444481872022151947e-02,1.169628128409385681e-01
5.304201841354370117e-01,5.784353986382484436e-02,4.606119990348815918e-01,4.471877515316009521e-01,3.745771944522857666e-01,4.297763407230377197e-01,2.396602183580398560e-01,2.151949703693389893e-01,-2.207973040640354156e-02,1.675070524215698242e-01,3.241530060768127441e-01,2.973695993423461914e-01,1.581327319145202637e-01,1.122667789459228516e-01,2.305105030536651611e-01,1.688420772552490234e-01,2.298475652933120728e-01,5.219367891550064087e-02,1.558776348829269409e-01,3.775339946150779724e-02,2.183849960565567017e-01,2.647485733032226562e-01,4.917803034186363220e-02,9.471606463193893433e-03,3.496923148632049561e-01,1.578828319907188416e-02,1.672195047140121460e-01,1.000000000000000000e+00,6.518564224243164062e-01,3.805052340030670166e-01,2.612576782703399658e-01,7.635561376810073853e-02,2.972169220447540283e-01,1.869428530335426331e-02,1.372975260019302368e-01,1.054918300360441208e-02,6.235837936401367188e-02,2.775582075119018555e-01,2.039803713560104370e-01,2.270496338605880737e-01,1.911100298166275024e-01,1.284062713384628296e-01,1.012662425637245178e-01,-3.231790289282798767e-02,9.508814662694931030e-02,1.388900876045227051e-01,7.439129054546356201e-02,2.125362306833267212e-01
3.100227713584899902e-01,9.630616754293441772e-02,3.047459423542022705e-01,2.818873524665832520e-01,2.566104531288146973e-01,3.449490964412689209e-01,3.330394625663757324e-01,9.970543533563613892e-02,-4.363668337464332581e-02,4.498296976089477539e-02,1.104829013347625732e-01,7.067870348691940308e-02,2.888151258230209351e-02,6.448495388031005859e-02,1.153865829110145569e-01,7.779100537300109863e-02,2.849805355072021484e-01,1.672965288162231445e-01,2.441074103116989136e-01,1.363974958658218384e-01,1.898268312215805054e-01,1.854526549577713013e-01,5.345544195733964443e-04,3.808402270078659058e-02,1.607023924589157104e-01,7.885968685150146484e-02,6.618706136941909790e-02,6.518564224243164062e-01,1.000000000000000000e+00,4.170818924903869629e-01,2.756476998329162598e-01,1.130883768200874329e-01,1.587792038917541504e-01,-4.139834269881248474e-02,8.271218836307525635e-02,-5.291865020990371704e-02,-4.116163775324821472e-02,2.000261843204498291e-01,1.990957707166671753e-01,2.015134990215301514e-01,2.112117707729339600e-01,2.356469035148620605e-01,1.630075573921203613e-01,-1.650645770132541656e-02,2.088932394981384277e-01,1.914541274309158325e-01,9.711730480194091797e-02,1.530108302831649780e-01
1.246073246002197266e-01,-1.163948997855186462e-01,4.937448725104331970e-02,1.931920349597930908e-01,1.381968408823013306e-01,6.175925582647323608e-02,7.007970940321683884e-03,-1.935831457376480103e-02,-5.664953589439392090e-02,1.000112593173980713e-01,2.664228677749633789e-01,1.925391405820846558e-01,2.196757197380065918e-01,-9.344544261693954468e-02,3.009568899869918823e-02,2.172843366861343384e-01,8.889768272638320923e-02,2.653765841387212276e-04,2.475251257419586182e-02,3.681838512420654297e-02,3.401924073696136475e-01,3.555236160755157471e-01,-1.703125089406967163e-01,2.336551994085311890e-02,2.837703824043273926e-01,-1.137968897819519043e-01,9.115093201398849487e-02,3.805052340030670166e-01,4.170818924903869629e-01,1.000000000000000000e+00,6.701640486717224121e-01,2.408760786056518555e-01,4.983667284250259399e-02,3.284990787506103516e-02,2.134042531251907349e-01,-8.988013118505477905e-02,-3.209463134407997131e-02,1.896046847105026245e-01,1.810935735702514648e-01,4.448786377906799316e-03,-3.428881615400314331e-02,1.466290503740310669e-01,1.074292138218879700e-01,-7.915867865085601807e-02,1.974496245384216309e-01,2.372865378856658936e-01,6.021762639284133911e-02,-2.370295487344264984e-02
-1.306304428726434708e-02,-1.319385915994644165e-01,-4.297078028321266174e-02,1.043640226125717163e-01,2.885954745579510927e-04,-9.314343333244323730e-02,-2.938713878393173218e-02,-1.746032238006591797e-01,-1.637630909681320190e-01,-5.487902462482452393e-02,1.944377124309539795e-01,-1.742420718073844910e-03,2.421189658343791962e-02,-1.078017503023147583e-01,-1.116859167814254761e-01,1.003109291195869446e-01,4.364568367600440979e-02,1.265217959880828857e-01,8.467762731015682220e-03,7.619872223585844040e-03,2.673688828945159912e-01,5.042141079902648926e-01,-6.136900559067726135e-02,-3.173075616359710693e-02,1.785129457712173462e-01,-1.069706231355667114e-01,8.139669895172119141e-02,2.612576782703399658e-01,2.756476998329162598e-01,6.701640486717224121e-01,1.000000000000000000e+00,4.703710079193115234e-01,-1.659629791975021362e-01,-3.613093495368957520e-02,1.317690908908843994e-01,-9.282384067773818970e-02,-7.964188605546951294e-02,1.026533693075180054e-01,1.969750821590423584e-01,2.708410471677780151e-02,-8.782136440277099609e-02,3.510511666536331177e-02,7.104200869798660278e-02,-2.922607399523258209e-02,1.345830410718917847e-01,1.493530869483947754e-01,1.101299151778221130e-01,-9.254913777112960815e-02
-9.444081038236618042e-02,-5.427710711956024170e-02,-1.303980797529220581e-01,-1.929670274257659912e-01,-7.474268227815628052e-02,-9.685044735670089722e-02,4.506820440292358398e-02,-1.408385951071977615e-02,6.684792786836624146e-02,3.963024914264678955e-02,2.135987021028995514e-02,-1.162824705243110657e-01,-5.094305425882339478e-02,-1.088233198970556259e-02,-1.855262964963912964e-01,-1.828350871801376343e-01,7.670848164707422256e-03,1.562387775629758835e-02,-7.622133940458297729e-02,1.614825800061225891e-02,1.668807715177536011e-01,1.444257348775863647e-01,4.522616416215896606e-02,1.454184651374816895e-01,-5.562537163496017456e-02,6.689126044511795044e-02,-3.381009446457028389e-03,7.635561376810073853e-02,1.130883768200874329e-01,2.408760786056518555e-01,4.703710079193115234e-01,1.000000000000000000e+00,-1.296315342187881470e-01,-2.658293396234512329e-02,1.893657259643077850e-02,6.061540916562080383e-02,-2.668898925185203552e-02,-7.994969189167022705e-02,9.625617414712905884e-02,6.752713769674301147e-02,-2.660139836370944977e-02,6.832680851221084595e-02,2.951178848743438721e-01,1.098681613802909851e-01,2.159615978598594666e-02,5.949313938617706299e-02,2.372350394725799561e-01,1.167560070753097534e-01
5.223215818405151367e-01,1.012533530592918396e-01,4.373307526111602783e-01,2.904213070869445801e-01,3.373289406299591064e-01,4.019826650619506836e-01,1.626628637313842773e-01,5.414343476295471191e-01,3.102207481861114502e-01,2.844711840152740479e-01,4.199993610382080078e-01,5.920487046241760254e-01,3.887534439563751221e-01,3.839569985866546631e-01,4.269915223121643066e-01,2.486330419778823853e-01,1.830756217241287231e-01,-3.577009588479995728e-02,5.863353982567787170e-02,2.869181148707866669e-02,2.138693332672119141e-01,3.002484329044818878e-03,1.204251199960708618e-01,1.307957917451858521e-01,4.668561518192291260e-01,1.028675511479377747e-01,2.945180237293243408e-01,2.972169220447540283e-01,1.587792038917541504e-01,4.983667284250259399e-02,-1.659629791975021362e-01,-1.296315342187881470e-01,1.000000000000000000e+00,8.317283540964126587e-02,1.343376040458679199e-01,1.044382527470588684e-01,2.656608521938323975e-01,3.015012443065643311e-01,9.854802489280700684e-02,1.346944868564605713e-01,3.290205448865890503e-02,4.432452842593193054e-02,3.764339536428451538e-02,7.436408847570419312e-02,6.697115302085876465e-02,1.549573689699172974e-01,1.175900995731353760e-01,3.122255802154541016e-01
