1.000000000000000000e+00,8.484543859958648682e-02,1.701231300830841064e-01,2.326029092073440552e-01,6.442259550094604492e-01,3.028876483440399170e-01,4.486029222607612610e-02,8.937725424766540527e-02,-4.960105940699577332e-02,-1.311548706144094467e-02,-6.952341645956039429e-02,2.763324044644832611e-02,4.688982665538787842e-02,1.452311128377914429e-01,-3.786850273609161377e-01,-1.632751524448394775e-01,1.537331938743591309e-01,1.192517206072807312e-01,2.606644928455352783e-01,1.715001612901687622e-01,1.219653263688087463e-01,1.065074577927589417e-01,5.331621691584587097e-02,-2.840538620948791504e-01,5.297016501426696777e-01,-1.881362348794937134e-01,2.518848180770874023e-01,7.543008327484130859e-01,4.870221316814422607e-01,-2.349599301815032959e-01,-1.937050670385360718e-01,-1.793610453605651855e-01,6.571021676063537598e-01,-8.753383904695510864e-02,-3.713046610355377197e-01,-2.795215249061584473e-01,9.703476727008819580e-02,-4.583321511745452881e-01,-1.718544363975524902e-01,-2.587185502052307129e-01,4.339352548122406006e-01,1.412948686629533768e-02,-6.170473527163267136e-03,-1.277272552251815796e-01,3.034074231982231140e-02,-3.551383689045906067e-02,-2.091284096240997314e-01,2.097588777542114258e-01
8.484543859958648682e-02,1.000000000000000000e+00,-1.025010459125041962e-02,-1.161516979336738586e-01,2.115124762058258057e-01,2.225199341773986816e-01,-5.321098864078521729e-02,9.388441592454910278e-02,1.173513233661651611e-01,9.404187649488449097e-02,3.415970131754875183e-02,1.662231422960758209e-02,-2.643286436796188354e-02,-2.300907624885439873e-03,-5.918443575501441956e-02,-6.937142461538314819e-02,-2.415809780359268188e-02,1.469681691378355026e-02,-1.736929826438426971e-02,4.030799120664596558e-02,-3.933840617537498474e-02,-1.063327342271804810e-01,-2.365879155695438385e-02,-4.944709315896034241e-02,3.349042311310768127e-02,4.829742759466171265e-02,3.244656324386596680e-01,1.770890504121780396e-01,3.165150880813598633e-01,-5.639147385954856873e-02,-7.536619901657104492e-02,-1.570496112108230591e-01,3.157894909381866455e-01,2.287477552890777588e-01,1.237230524420738220e-01,8.355022221803665161e-02,8.264174312353134155e-02,1.333750877529382706e-02,3.049313463270664215e-02,9.807456284761428833e-02,4.629430472850799561e-01,3.083123862743377686e-01,7.675845921039581299e-02,4.110445976257324219e-01,4.736251533031463623e-01,2.629141807556152344e-01,-2.409094758331775665e-02,-2.579069510102272034e-02
1.701231300830841064e-01,-1.025010459125041962e-02,1.000000000000000000e+00,5.778139233589172363e-01,1.274309456348419189e-01,3.109667599201202393e-01,4.972660839557647705e-01,2.858184278011322021e-01,1.258238852024078369e-01,2.225899398326873779e-01,2.559100985527038574e-01,2.499492913484573364e-01,1.590977013111114502e-01,1.126487180590629578e-01,1.198834329843521118e-01,1.618203371763229370e-01,4.235424995422363281e-01,3.727871775627136230e-01,3.349139392375946045e-01,3.987648785114288330e-01,4.507652223110198975e-01,3.649907708168029785e-01,2.519472539424896240e-01,1.660685390233993530e-01,7.732296735048294067e-02,5.448383092880249023e-01,3.285581618547439575e-02,2.418426275253295898e-01,-3.656367957592010498e-02,2.235853224992752075e-01,3.753953874111175537e-01,2.464781552553176880e-01,2.267458885908126831e-01,1.956191360950469971e-01,8.378994651138782501e-03,1.135920584201812744e-01,1.176121737807989120e-02,1.745183020830154419e-01,1.369654238224029541e-01,1.509260386228561401e-01,1.173787489533424377e-01,1.439187228679656982e-01,2.521058917045593262e-01,1.453070640563964844e-01,1.536864787340164185e-01,1.336415261030197144e-01,1.491432785987854004e-01,2.138959020376205444e-01
2.326029092073440552e-01,-1.161516979336738586e-01,5.778139233589172363e-01,1.000000000000000000e+00,2.425856590270996094e-01,3.918813467025756836e-01,6.875761151313781738e-01,1.541101336479187012e-01,1.856222301721572876e-01,1.664596050977706909e-01,5.472612008452415466e-02,2.698689103126525879e-01,2.588053643703460693e-01,-7.968419790267944336e-02,1.227843090891838074e-01,3.393364846706390381e-01,4.941860139369964600e-01,3.381142914295196533e-01,4.333794713020324707e-01,3.300395905971527100e-01,5.044979453086853027e-01,5.364370346069335938e-01,4.231189787387847900e-01,1.388700753450393677e-01,-7.328879833221435547e-02,2.729015648365020752e-01,-1.455647349357604980e-01,2.586604654788970947e-01,6.226160097867250443e-03,9.740918129682540894e-02,3.031252920627593994e-01,3.635001182556152344e-01,1.512241214513778687e-01,-4.473336040973663330e-02,-8.429192751646041870e-02,-1.596457660198211670e-01,-2.451904416084289551e-01,-8.747437596321105957e-02,-1.528081297874450684e-01,-1.422839313745498657e-01,1.001719534397125244e-01,1.744731217622756958e-01,3.061365187168121338e-01,-4.446727782487869263e-02,2.911999076604843140e-02,3.159813210368156433e-02,3.826956823468208313e-02,2.442712634801864624e-01
6.442259550094604492e-01,2.115124762058258057e-01,1.274309456348419189e-01,2.425856590270996094e-01,1.000000000000000000e+00,4.915316700935363770e-01,2.411936372518539429e-01,1.781931519508361816e-01,1.235486492514610291e-01,2.190342545509338379e-01,-1.323845237493515015e-01,6.372443586587905884e-02,2.714818418025970459e-01,1.206035092473030090e-01,-1.253836750984191895e-01,6.659616529941558838e-02,2.855365574359893799e-01,2.364539504051208496e-01,2.554883956909179688e-01,1.694881767034530640e-01,1.863150894641876221e-01,1.721307039260864258e-01,2.003133147954940796e-01,-1.288239657878875732e-01,3.408973515033721924e-01,-7.447481900453567505e-02,1.514022052288055420e-01,5.774011611938476562e-01,3.534819185733795166e-01,-1.633444577455520630e-01,-4.113017022609710693e-02,-1.255953758955001831e-01,4.685946106910705566e-01,-1.036971732974052429e-01,-2.180183976888656616e-01,-9.059231728315353394e-02,-3.221959993243217468e-02,-2.727392017841339111e-01,-1.162583306431770325e-01,-4.436092451214790344e-02,5.851839184761047363e-01,3.497841954231262207e-01,1.632197201251983643e-01,4.903794825077056885e-02,2.326720207929611206e-01,2.079602926969528198e-01,-1.025779619812965393e-01,2.080651223659515381e-01
3.028876483440399170e-01,2.225199341773986816e-01,3.109667599201202393e-01,3.918813467025756836e-01,4.915316700935363770e-01,1.000000000000000000e+00,3.231530785560607910e-01,1.620852500200271606e-01,1.980360448360443115e-01,3.974241912364959717e-01,2.033044695854187012e-01,4.031608104705810547e-01,1.989414095878601074e-01,2.505035400390625000e-01,2.538273110985755920e-02,2.837286591529846191e-01,2.678134143352508545e-01,1.773731857538223267e-01,3.121726512908935547e-01,2.436083108186721802e-01,2.822949886322021484e-01,2.146988511085510254e-01,3.979230523109436035e-01,2.027108073234558105e-01,1.987968683242797852e-01,1.422714143991470337e-01,1.347330659627914429e-01,4.021481871604919434e-01,1.884222775697708130e-01,-1.368979550898075104e-02,4.773701727390289307e-02,3.999332338571548462e-02,2.152941972017288208e-01,5.435106140794232488e-05,5.271839909255504608e-03,1.435361951589584351e-01,1.243742629885673523e-01,8.874331414699554443e-02,7.841261476278305054e-02,1.856193095445632935e-01,5.927640795707702637e-01,4.823974072933197021e-01,2.824653387069702148e-01,2.064902335405349731e-01,4.129354655742645264e-01,4.842017590999603271e-01,1.201002150774002075e-01,3.217552602291107178e-01
4.486029222607612610e-02,-5.321098864078521729e-02,4.972660839557647705e-01,6.875761151313781738e-01,2.411936372518539429e-01,3.231530785560607910e-01,1.000000000000000000e+00,2.248622477054595947e-01,2.792488038539886475e-01,3.162907063961029053e-01,-1.110908016562461853e-02,2.879450321197509766e-01,4.201992750167846680e-01,-4.969347268342971802e-02,2.881726026535034180e-01,4.514132440090179443e-01,7.125244736671447754e-01,6.191904544830322266e-01,4.260343313217163086e-01,3.731523156166076660e-01,5.202795863151550293e-01,6.739916205406188965e-01,4.554899930953979492e-01,2.488151788711547852e-01,-8.061382919549942017e-02,4.648025035858154297e-01,-1.871067881584167480e-01,1.061075627803802490e-01,-1.071343421936035156e-01,1.898766905069351196e-01,5.317537784576416016e-01,4.459809958934783936e-01,7.857452332973480225e-02,8.211597055196762085e-02,3.265604376792907715e-02,4.280647262930870056e-02,-2.224761694669723511e-01,5.266061797738075256e-02,2.954376162961125374e-03,6.788544356822967529e-02,1.300760209560394287e-01,3.811430037021636963e-01,4.179021418094635010e-01,1.000672578811645508e-01,1.696553081274032593e-01,1.885736137628555298e-01,9.678273648023605347e-02,1.610580533742904663e-01
8.937725424766540527e-02,9.388441592454910278e-02,2.858184278011322021e-01,1.541101336479187012e-01,1.781931519508361816e-01,1.620852500200271606e-01,2.248622477054595947e-01,1.000000000000000000e+00,5.360916852951049805e-01,4.265110790729522705e-01,5.040915608406066895e-01,4.541609585285186768e-01,3.021330237388610840e-01,5.242229625582695007e-02,4.889666736125946045e-01,4.205217063426971436e-01,2.681788802146911621e-01,2.881776690483093262e-01,1.555756330490112305e-01,1.330370903015136719e-01,6.752950698137283325e-02,1.963242739439010620e-01,2.714518010616302490e-01,1.166423559188842773e-01,-6.665230542421340942e-02,2.077405154705047607e-01,9.547842293977737427e-02,1.198745444416999817e-01,-1.800213195383548737e-02,9.060405939817428589e-02,3.662665784358978271e-01,1.103931814432144165e-01,3.067750334739685059e-01,3.472693860530853271e-01,-1.703270711004734039e-02,4.199235513806343079e-02,-2.342034690082073212e-02,2.505346238613128662e-01,-2.430129982531070709e-02,2.767388895153999329e-02,1.281916163861751556e-02,2.641671597957611084e-01,1.997494846582412720e-01,2.781055271625518799e-01,2.471915334463119507e-01,2.284588515758514404e-01,5.194118991494178772e-02,-2.900343574583530426e-02
-4.960105940699577332e-02,1.173513233661651611e-01,1.258238852024078369e-01,1.856222301721572876e-01,1.235486492514610291e-01,1.980360448360443115e-01,2.792488038539886475e-01,5.360916852951049805e-01,1.000000000000000000e+00,6.106894016265869141e-01,3.102251589298248291e-01,6.117271780967712402e-01,4.800842404365539551e-01,-1.274172663688659668e-01,3.485389649868011475e-01,5.604936480522155762e-01,2.525593638420104980e-01,2.394876927137374878e-01,2.074536681175231934e-01,1.114792898297309875e-01,6.199493259191513062e-02,1.642666310071945190e-01,4.344134032726287842e-01,1.524813473224639893e-01,-2.835366725921630859e-01,1.384664177894592285e-01,-8.686681836843490601e-02,6.856764107942581177e-02,1.755833998322486877e-02,2.434155531227588654e-02,2.419228404760360718e-01,1.386456340551376343e-01,1.426166892051696777e-01,3.480114787817001343e-02,4.341136291623115540e-02,4.070657864212989807e-02,-1.387617886066436768e-01,1.201781556010246277e-01,-1.080698333680629730e-02,6.005562096834182739e-02,1.964207924902439117e-02,4.072339236736297607e-01,3.492506742477416992e-01,2.930742502212524414e-01,3.460207879543304443e-01,4.133806824684143066e-01,9.851519018411636353e-02,3.668850660324096680e-02
-1.311548706144094467e-02,9.404187649488449097e-02,2.225899398326873779e-01,1.664596050977706909e-01,2.190342545509338379e-01,3.974241912364959717e-01,3.162907063961029053e-01,4.265110790729522705e-01,6.106894016265869141e-01,1.000000000000000000e+00,3.162219226360321045e-01,6.476173400878906250e-01,5.324081778526306152e-01,1.168322563171386719e-01,3.212310969829559326e-01,5.864203572273254395e-01,3.750288188457489014e-01,3.501636981964111328e-01,3.522801399230957031e-01,3.139970600605010986e-01,2.531204223632812500e-01,2.328352183103561401e-01,5.086681842803955078e-01,3.482404053211212158e-01,-4.207713063806295395e-03,2.008079141378402710e-01,-8.942440152168273926e-02,1.267996579408645630e-01,-2.548664994537830353e-02,7.301417738199234009e-02,2.617235481739044189e-01,1.739848405122756958e-01,9.679125994443893433e-02,5.571305751800537109e-02,8.109223842620849609e-02,2.493701577186584473e-01,2.772745117545127869e-02,2.732940316200256348e-01,1.684837788343429565e-01,2.599352300167083740e-01,1.872674077749252319e-01,6.258131861686706543e-01,5.285724997520446777e-01,4.070212543010711670e-01,4.727315306663513184e-01,6.601111888885498047e-01,3.192597329616546631e-01,2.232854217290878296e-01
-6.952341645956039429e-02,3.415970131754875183e-02,2.559100985527038574e-01,5.472612008452415466e-02,-1.323845237493515015e-01,2.033044695854187012e-01,-1.110908016562461853e-02,5.040915608406066895e-01,3.102251589298248291e-01,3.162219226360321045e-01,1.000000000000000000e+00,4.721928536891937256e-01,4.186451435089111328e-02,3.864712417125701904e-01,3.267288208007812500e-01,3.055966794490814209e-01,9.649102389812469482e-02,7.791218161582946777e-02,1.688226908445358276e-01,1.836814731359481812e-01,1.101800203323364258e-01,1.362519115209579468e-01,2.431166470050811768e-01,1.729849278926849365e-01,5.883619561791419983e-02,1.773976087570190430e-01,1.565188914537429810e-01,-7.169941067695617676e-02,-1.577580124139785767e-01,1.358900517225265503e-01,2.466922700405120850e-01,1.948783397674560547e-01,1.141049414873123169e-01,3.608171045780181885e-01,6.882186233997344971e-02,1.100603938102722168e-01,2.616943418979644775e-01,4.159098267555236816e-01,9.489998966455459595e-02,1.063564047217369080e-01,-2.833650261163711548e-02,1.238300427794456482e-01,3.611133992671966553e-02,2.096976637840270996e-01,9.637139737606048584e-02,1.962502151727676392e-01,1.766624897718429565e-01,1.720191389322280884e-01
2.763324044644832611e-02,1.662231422960758209e-02,2.499492913484573364e-01,2.698689103126525879e-01,6.372443586587905884e-02,4.031608104705810547e-01,2.879450321197509766e-01,4.541609585285186768e-01,6.117271780967712402e-01,6.476173400878906250e-01,4.721928536891937256e-01,1.000000000000000000e+00,3.641527891159057617e-01,1.185242384672164917e-01,3.888699114322662354e-01,6.239851117134094238e-01,2.948086559772491455e-01,2.574033439159393311e-01,3.320606648921966553e-01,1.591288745403289795e-01,1.738158315420150757e-01,2.252437621355056763e-01,4.311435520648956299e-01,2.934627830982208252e-01,-1.401370763778686523e-02,1.598089486360549927e-01,-2.848068810999393463e-02,1.212985813617706299e-01,-6.126564741134643555e-02,4.371637850999832153e-02,2.467530965805053711e-01,1.825298517942428589e-01,1.371262967586517334e-01,1.028764843940734863e-01,-1.740626990795135498e-02,7.409562170505523682e-02,3.430561162531375885e-03,2.163366377353668213e-01,5.376439541578292847e-02,5.583062395453453064e-02,1.042202860116958618e-01,4.118306040763854980e-01,3.745307028293609619e-01,1.866702139377593994e-01,3.180070519447326660e-01,4.704976975917816162e-01,1.993370205163955688e-01,8.942344784736633301e-02
4.688982665538787842e-02,-2.643286436796188354e-02,1.590977013111114502e-01,2.588053643703460693e-01,2.714818418025970459e-01,1.989414095878601074e-01,4.201992750167846680e-01,3.021330237388610840e-01,4.800842404365539551e-01,5.324081778526306152e-01,4.186451435089111328e-02,3.641527891159057617e-01,1.000000000000000000e+00,-1.054537892341613770e-01,2.511422336101531982e-01,4.247571527957916260e-01,3.083243370056152344e-01,2.853079140186309814e-01,2.138622999191284180e-01,3.296502828598022461e-01,3.451419770717620850e-01,3.409862220287322998e-01,6.539610028266906738e-01,2.095249891281127930e-01,-6.554079800844192505e-02,4.902864620089530945e-02,-2.069323360919952393e-01,9.228445589542388916e-02,1.239543547853827477e-03,2.629886753857135773e-02,2.618050575256347656e-01,2.038658112287521362e-01,1.160174887627363205e-02,-1.103231608867645264e-01,-8.557300269603729248e-02,7.991749793291091919e-02,-7.422468066215515137e-02,6.020234152674674988e-02,1.454147975891828537e-02,2.181840389966964722e-01,6.540974974632263184e-02,3.595860302448272705e-01,4.315178990364074707e-01,1.451333463191986084e-01,2.844921946525573730e-01,3.683587312698364258e-01,1.437060683965682983e-01,2.396611124277114868e-01
1.452311128377914429e-01,-2.300907624885439873e-03,1.126487180590629578e-01,-7.968419790267944336e-02,1.206035092473030090e-01,2.505035400390625000e-01,-4.969347268342971802e-02,5.242229625582695007e-02,-1.274172663688659668e-01,1.168322563171386719e-01,3.864712417125701904e-01,1.185242384672164917e-01,-1.054537892341613770e-01,1.000000000000000000e+00,-1.871851980686187744e-01,5.339882895350456238e-02,1.441750824451446533e-01,1.402921527624130249e-01,2.846313416957855225e-01,1.092941761016845703e-01,1.578487306833267212e-01,1.185142174363136292e-01,1.418550033122301102e-02,-4.146646335721015930e-02,4.514677822589874268e-01,3.890502452850341797e-02,1.146261170506477356e-01,6.785404682159423828e-02,-8.238301612436771393e-03,-7.029572874307632446e-02,-3.600379917770624161e-03,2.822123654186725616e-02,1.375065147876739502e-01,1.859024018049240112e-01,-7.832849025726318359e-02,4.271732270717620850e-02,4.327079057693481445e-01,4.653551150113344193e-03,1.147103682160377502e-01,4.175568372011184692e-02,2.843812108039855957e-01,1.378946155309677124e-01,-4.924117773771286011e-02,1.023407503962516785e-01,-1.174045354127883911e-02,1.887101978063583374e-01,2.152326703071594238e-02,2.834164798259735107e-01
-3.786850273609161377e-01,-5.918443575501441956e-02,1.198834329843521118e-01,1.227843090891838074e-01,-1.253836750984191895e-01,2.538273110985755920e-02,2.881726026535034180e-01,4.889666736125946045e-01,3.485389649868011475e-01,3.212310969829559326e-01,3.267288208007812500e-01,3.888699114322662354e-01,2.511422336101531982e-01,-1.871851980686187744e-01,1.000000000000000000e+00,5.209541916847229004e-01,1.833673566579818726e-01,2.219370454549789429e-01,-8.227767795324325562e-02,-3.752678632736206055e-02,1.279525924474000931e-02,1.872119158506393433e-01,2.132915258407592773e-01,3.012823760509490967e-01,-2.437116205692291260e-01,2.067328095436096191e-01,-1.121951565146446228e-01,-3.224652409553527832e-01,-3.747458457946777344e-01,1.721479147672653198e-01,3.896960914134979248e-01,1.759873628616333008e-01,-2.314757853746414185e-01,2.685433924198150635e-01,1.847351789474487305e-01,1.841285526752471924e-01,-2.140360623598098755e-01,5.193018317222595215e-01,8.400788903236389160e-02,1.456776112318038940e-01,-2.191182523965835571e-01,1.594592332839965820e-01,1.123491600155830383e-01,1.990069597959518433e-01,1.280594319105148315e-01,1.291230320930480957e-01,1.579386591911315918e-01,-2.561782002449035645e-01
-1.632751524448394775e-01,-6.937142461538314819e-02,1.618203371763229370e-01,3.393364846706390381e-01,6.659616529941558838e-02,2.837286591529846191e-01,4.514132440090179443e-01,4.205217063426971436e-01,5.604936480522155762e-01,5.864203572273254395e-01,3.055966794490814209e-01,6.239851117134094238e-01,4.247571527957916260e-01,5.339882895350456238e-02,5.209541916847229004e-01,1.000000000000000000e+00,4.335734844207763672e-01,4.007726311683654785e-01,3.283637762069702148e-01,9.313374012708663940e-02,1.776929497718811035e-01,3.642582893371582031e-01,4.540385603904724121e-01,3.296599686145782471e-01,-1.872626096010208130e-01,1.841290444135665894e-01,-2.394568622112274170e-01,-7.856085896492004395e-02,-2.047563642263412476e-01,1.094958260655403137e-01,4.280710816383361816e-01,3.118900060653686523e-01,-3.035598620772361755e-02,6.625860929489135742e-02,1.017581224441528320e-01,7.658986747264862061e-02,-1.368415951728820801e-01,2.326323390007019043e-01,8.452738076448440552e-02,-1.818501274101436138e-03,-2.887791767716407776e-02,5.073405504226684570e-01,3.335641622543334961e-01,1.704480797052383423e-01,2.704254388809204102e-01,3.779073655605316162e-01,1.091299280524253845e-01,-1.022970210760831833e-02
1.537331938743591309e-01,-2.415809780359268188e-02,4.235424995422363281e-01,4.941860139369964600e-01,2.855365574359893799e-01,2.678134143352508545e-01,7.125244736671447754e-01,2.681788802146911621e-01,2.525593638420104980e-01,3.750288188457489014e-01,9.649102389812469482e-02,2.948086559772491455e-01,3.083243370056152344e-01,1.441750824451446533e-01,1.833673566579818726e-01,4.335734844207763672e-01,1.000000000000000000e+00,7.979995608329772949e-01,6.935559511184692383e-01,5.027223825454711914e-01,5.199086666107177734e-01,6.798420548439025879e-01,3.335700333118438721e-01,1.022091433405876160e-01,8.591146022081375122e-02,3.678731322288513184e-01,-1.551340073347091675e-01,1.944448053836822510e-01,-4.911605641245841980e-02,3.345626965165138245e-02,4.646180272102355957e-01,3.448568284511566162e-01,1.559571027755737305e-01,1.234427019953727722e-01,-9.458422660827636719e-02,-1.145395562052726746e-01,-8.080585300922393799e-02,-6.425490975379943848e-02,-7.196188718080520630e-02,-7.562303543090820312e-02,1.464342325925827026e-01,4.488132596015930176e-01,4.331300258636474609e-01,3.706976771354675293e-02,1.276289373636245728e-01,2.577730715274810791e-01,-2.781241945922374725e-02,1.565026640892028809e-01
1.192517206072807312e-01,1.469681691378355026e-02,3.727871775627136230e-01,3.381142914295196533e-01,2.364539504051208496e-01,1.773731857538223267e-01,6.191904544830322266e-01,2.881776690483093262e-01,2.394876927137374878e-01,3.501636981964111328e-01,7.791218161582946777e-02,2.574033439159393311e-01,2.853079140186309814e-01,1.402921527624130249e-01,2.219370454549789429e-01,4.007726311683654785e-01,7.979995608329772949e-01,1.000000000000000000e+00,5.087709426879882812e-01,3.411270976066589355e-01,3.641338050365447998e-01,6.609719395637512207e-01,3.145917952060699463e-01,8.664331585168838501e-02,1.235365793108940125e-01,2.914565205574035645e-01,-1.429212242364883423e-01,1.495546698570251465e-01,-6.574917584657669067e-02,-6.950179580599069595e-03,5.091942548751831055e-01,2.639248967170715332e-01,1.417085081338882446e-01,1.799008101224899292e-01,-6.908284127712249756e-02,-2.416198514401912689e-02,-3.673493862152099609e-02,-3.453370928764343262e-02,2.270592562854290009e-02,1.516615133732557297e-02,7.193560153245925903e-02,3.963093757629394531e-01,3.322769403457641602e-01,6.920373439788818359e-02,1.796925961971282959e-01,2.066376060247421265e-01,-2.913483604788780212e-02,8.617972582578659058e-02
2.606644928455352783e-01,-1.736929826438426971e-02,3.349139392375946045e-01,4.333794713020324707e-01,2.554883956909179688e-01,3.121726512908935547e-01,4.260343313217163086e-01,1.555756330490112305e-01,2.074536681175231934e-01,3.522801399230957031e-01,1.688226908445358276e-01,3.320606648921966553e-01,2.138622999191284180e-01,2.846313416957855225e-01,-8.227767795324325562e-02,3.283637762069702148e-01,6.935559511184692383e-01,5.087709426879882812e-01,1.000000000000000000e+00,5.752268433570861816e-01,5.250747203826904297e-01,4.903464019298553467e-01,2.739747762680053711e-01,-1.393765583634376526e-02,1.789394915103912354e-01,1.921111047267913818e-01,-8.255548030138015747e-02,3.324047029018402100e-01,1.700947582721710205e-01,-8.063349872827529907e-02,1.688051670789718628e-01,2.077126204967498779e-01,2.080893516540527344e-01,2.550176717340946198e-02,-1.968161910772323608e-01,-2.726839184761047363e-01,3.240699321031570435e-02,-2.242957949638366699e-01,-1.674105674028396606e-01,-2.229085266590118408e-01,1.910541057586669922e-01,3.956086933612823486e-01,3.942892551422119141e-01,-5.498769134283065796e-02,9.149661660194396973e-02,3.353977501392364502e-01,-9.465020895004272461e-02,2.582866549491882324e-01
1.715001612901687622e-01,4.030799120664596558e-02,3.987648785114288330e-01,3.300395905971527100e-01,1.694881767034530640e-01,2.436083108186721802e-01,3.731523156166076660e-01,1.330370903015136719e-01,1.114792898297309875e-01,3.139970600605010986e-01,1.836814731359481812e-01,1.591288745403289795e-01,3.296502828598022461e-01,1.092941761016845703e-01,-3.752678632736206055e-02,9.313374012708663940e-02,5.027223825454711914e-01,3.411270976066589355e-01,5.752268433570861816e-01,1.000000000000000000e+00,7.280510663986206055e-01,4.713365435600280762e-01,3.704285323619842529e-01,3.856565430760383606e-02,1.921004056930541992e-01,3.052940666675567627e-01,-2.605052432045340538e-03,1.819674521684646606e-01,5.830346792936325073e-02,-2.261862717568874359e-02,1.473941206932067871e-01,2.222277373075485229e-01,1.340940445661544800e-01,2.519752830266952515e-02,-1.504848003387451172e-01,-1.224581897258758545e-01,2.223447896540164948e-02,6.102952640503644943e-03,-4.959935694932937622e-02,7.729707658290863037e-02,1.843845099210739136e-01,2.147715240716934204e-01,4.019024670124053955e-01,9.831798821687698364e-02,1.859816163778305054e-01,3.586113452911376953e-01,7.058368623256683350e-02,3.555389344692230225e-01
1.219653263688087463e-01,-3.933840617537498474e-02,4.507652223110198975e-01,5.044979453086853027e-01,1.863150894641876221e-01,2.822949886322021484e-01,5.202795863151550293e-01,6.752950698137283325e-02,6.199493259191513062e-02,2.531204223632812500e-01,1.101800203323364258e-01,1.738158315420150757e-01,3.451419770717620850e-01,1.578487306833267212e-01,1.279525924474000931e-02,1.776929497718811035e-01,5.199086666107177734e-01,3.641338050365447998e-01,5.250747203826904297e-01,7.280510663986206055e-01,1.000000000000000000e+00,5.900058150291442871e-01,4.423114955425262451e-01,1.578391343355178833e-01,1.284662187099456787e-01,3.089996278285980225e-01,-1.164672076702117920e-01,1.236599683761596680e-01,-3.985115885734558105e-02,4.808543995022773743e-02,2.499793767929077148e-01,3.601702153682708740e-01,5.714792758226394653e-02,2.441584318876266479e-02,-1.350388228893280029e-01,-7.820310443639755249e-02,-4.719739407300949097e-02,-3.714163973927497864e-02,-5.363294482231140137e-02,9.307862818241119385e-02,1.717591583728790283e-01,1.855342537164688110e-01,3.756744861602783203e-01,4.374177753925323486e-02,8.013036102056503296e-02,2.634126543998718262e-01,1.843311637639999390e-01,4.043882191181182861e-01
1.065074577927589417e-01,-1.063327342271804810e-01,3.649907708168029785e-01,5.364370346069335938e-01,1.721307039260864258e-01,2.146988511085510254e-01,6.739916205406188965e-01,1.963242739439010620e-01,1.642666310071945190e-01,2.328352183103561401e-01,1.362519115209579468e-01,2.252437621355056763e-01,3.409862220287322998e-01,1.185142174363136292e-01,1.872119158506393433e-01,3.642582893371582031e-01,6.798420548439025879e-01,6.609719395637512207e-01,4.903464019298553467e-01,4.713365435600280762e-01,5.900058150291442871e-01,1.000000000000000000e+00,5.183392167091369629e-01,1.626722216606140137e-01,1.141656488180160522e-01,2.243529856204986572e-01,-1.815722435712814331e-01,9.866859018802642822e-02,-1.315583884716033936e-01,5.565145611763000488e-02,4.893317520618438721e-01,5.270509123802185059e-01,-1.794135081581771374e-03,1.948592439293861389e-02,-7.563725858926773071e-02,-8.300139755010604858e-02,-1.384650915861129761e-01,-6.818827241659164429e-02,-6.572989374399185181e-02,4.518329352140426636e-02,4.253865405917167664e-02,1.792588979005813599e-01,2.463152557611465454e-01,-3.234661743044853210e-02,4.590784758329391479e-02,5.730488896369934082e-02,8.735987544059753418e-02,3.946419656276702881e-01
5.331621691584587097e-02,-2.365879155695438385e-02,2.519472539424896240e-01,4.231189787387847900e-01,2.003133147954940796e-01,3.979230523109436035e-01,4.554899930953979492e-01,2.714518010616302490e-01,4.344134032726287842e-01,5.086681842803955078e-01,2.431166470050811768e-01,4.311435520648956299e-01,6.539610028266906738e-01,1.418550033122301102e-02,2.132915258407592773e-01,4.540385603904724121e-01,3.335700333118438721e-01,3.145917952060699463e-01,2.739747762680053711e-01,3.704285323619842529e-01,4.423114955425262451e-01,5.183392167091369629e-01,1.000000000000000000e+00,3.940974771976470947e-01,-9.628186374902725220e-02,9.152758121490478516e-02,-1.773225367069244385e-01,1.464257538318634033e-01,-3.050141595304012299e-02,1.159256026148796082e-01,3.900437653064727783e-01,4.329377114772796631e-01,-4.401494516059756279e-04,-9.063377976417541504e-02,9.246948175132274628e-03,1.710893213748931885e-01,-1.972319558262825012e-02,1.582685410976409912e-01,7.401923090219497681e-02,3.231968581676483154e-01,8.324889838695526123e-02,3.389305472373962402e-01,4.674099683761596680e-01,1.036640107631683350e-01,3.156181871891021729e-01,3.654191792011260986e-01,2.881472706794738770e-01,5.150088667869567871e-01
-2.840538620948791504e-01,-4.944709315896034241e-02,1.660685390233993530e-01,1.388700753450393677e-01,-1.288239657878875732e-01,2.027108073234558105e-01,2.488151788711547852e-01,1.166423559188842773e-01,1.524813473224639893e-01,3.482404053211212158e-01,1.729849278926849365e-01,2.934627830982208252e-01,2.095249891281127930e-01,-4.146646335721015930e-02,3.012823760509490967e-01,3.296599686145782471e-01,1.022091433405876160e-01,8.664331585168838501e-02,-1.393765583634376526e-02,3.856565430760383606e-02,1.578391343355178833e-01,1.626722216606140137e-01,3.940974771976470947e-01,1.000000000000000000e+00,-1.798169016838073730e-01,3.730738162994384766e-01,-1.239671558141708374e-01,-8.190284669399261475e-02,-1.177010834217071533e-01,5.465719699859619141e-01,5.092582702636718750e-01,5.699996948242187500e-01,-1.843578666448593140e-01,3.724892064929008484e-02,3.105549216270446777e-01,6.113296151161193848e-01,-2.681499160826206207e-02,4.267404079437255859e-01,2.821834087371826172e-01,3.995515406131744385e-01,3.244175761938095093e-02,2.922845780849456787e-01,3.952789604663848877e-01,7.487363368272781372e-02,2.646202743053436279e-01,3.212706744670867920e-01,7.250729799270629883e-01,2.003726363182067871e-01
5.297016501426696777e-01,3.349042311310768127e-02,7.732296735048294067e-02,-7.328879833221435547e-02,3.408973515033721924e-01,1.987968683242797852e-01,-8.061382919549942017e-02,-6.665230542421340942e-02,-2.835366725921630859e-01,-4.207713063806295395e-03,5.883619561791419983e-02,-1.401370763778686523e-02,-6.554079800844192505e-02,4.514677822589874268e-01,-2.437116205692291260e-01,-1.872626096010208130e-01,8.591146022081375122e-02,1.235365793108940125e-01,1.789394915103912354e-01,1.921004056930541992e-01,1.284662187099456787e-01,1.141656488180160522e-01,-9.628186374902725220e-02,-1.798169016838073730e-01,1.000000000000000000e+00,-1.135477572679519653e-01,2.244121581315994263e-01,3.754854798316955566e-01,2.341495603322982788e-01,-2.220578342676162720e-01,-1.932241469621658325e-01,-1.368745714426040649e-01,2.692637443542480469e-01,-1.276046596467494965e-02,-3.113262355327606201e-01,-1.045886203646659851e-01,3.354805111885070801e-01,-2.297109067440032959e-01,-3.253825008869171143e-02,-3.052097372710704803e-02,3.775317370891571045e-01,-3.927946835756301880e-02,-1.682183742523193359e-01,-1.392933540046215057e-02,-4.122069850564002991e-02,3.027828037738800049e-02,-6.418578326702117920e-02,2.079898118972778320e-01
-1.881362348794937134e-01,4.829742759466171265e-02,5.448383092880249023e-01,2.729015648365020752e-01,-7.447481900453567505e-02,1.422714143991470337e-01,4.648025035858154297e-01,2.077405154705047607e-01,1.384664177894592285e-01,2.008079141378402710e-01,1.773976087570190430e-01,1.598089486360549927e-01,4.902864620089530945e-02,3.890502452850341797e-02,2.067328095436096191e-01,1.841290444135665894e-01,3.678731322288513184e-01,2.914565205574035645e-01,1.921111047267913818e-01,3.052940666675567627e-01,3.089996278285980225e-01,2.243529856204986572e-01,9.152758121490478516e-02,3.730738162994384766e-01,-1.135477572679519653e-01,1.000000000000000000e+00,1.045948639512062073e-02,-5.389956384897232056e-02,-7.876335084438323975e-02,4.742700457572937012e-01,5.471127629280090332e-01,3.988521397113800049e-01,7.405406981706619263e-02,2.808609008789062500e-01,2.778642773628234863e-01,3.451304733753204346e-01,1.988754142075777054e-03,3.370152413845062256e-01,2.899971604347229004e-01,2.092691957950592041e-01,1.191898658871650696e-01,2.387811988592147827e-01,2.794829308986663818e-01,1.341917067766189575e-01,1.615013033151626587e-01,1.998372972011566162e-01,2.637930214405059814e-01,-2.442843839526176453e-02
2.518848180770874023e-01,3.244656324386596680e-01,3.285581618547439575e-02,-1.455647349357604980e-01,1.514022052288055420e-01,1.347330659627914429e-01,-1.871067881584167480e-01,9.547842293977737427e-02,-8.686681836843490601e-02,-8.942440152168273926e-02,1.565188914537429810e-01,-2.848068810999393463e-02,-2.069323360919952393e-01,1.146261170506477356e-01,-1.121951565146446228e-01,-2.394568622112274170e-01,-1.551340073347091675e-01,-1.429212242364883423e-01,-8.255548030138015747e-02,-2.605052432045340538e-03,-1.164672076702117920e-01,-1.815722435712814331e-01,-1.773225367069244385e-01,-1.239671558141708374e-01,2.244121581315994263e-01,1.045948639512062073e-02,1.000000000000000000e+00,2.130257934331893921e-01,2.924342751502990723e-01,7.094477768987417221e-03,-7.639683783054351807e-02,-1.355849653482437134e-01,3.526316285133361816e-01,3.212836980819702148e-01,1.488013714551925659e-01,3.175921365618705750e-02,1.666193604469299316e-01,3.607385605573654175e-02,7.822598516941070557e-02,5.888936296105384827e-02,2.475415915250778198e-01,-4.866542667150497437e-02,-9.048449993133544922e-02,1.897871941328048706e-01,3.689806163311004639e-02,-1.054653711616992950e-02,-2.026570588350296021e-02,3.841449506580829620e-03
7.543008327484130859e-01,1.770890504121780396e-01,2.418426275253295898e-01,2.586604654788970947e-01,5.774011611938476562e-01,4.021481871604919434e-01,1.061075627803802490e-01,1.198745444416999817e-01,6.856764107942581177e-02,1.267996579408645630e-01,-7.169941067695617676e-02,1.212985813617706299e-01,9.228445589542388916e-02,6.785404682159423828e-02,-3.224652409553527832e-01,-7.856085896492004395e-02,1.944448053836822510e-01,1.495546698570251465e-01,3.324047029018402100e-01,1.819674521684646606e-01,1.236599683761596680e-01,9.866859018802642822e-02,1.464257538318634033e-01,-8.190284669399261475e-02,3.754854798316955566e-01,-5.389956384897232056e-02,2.130257934331893921e-01,1.000000000000000000e+00,6.711471676826477051e-01,1.625949330627918243e-02,-7.592681050300598145e-02,-8.613885194063186646e-02,6.031939983367919922e-01,-1.633531600236892700e-02,-1.505159586668014526e-01,-8.630599826574325562e-02,8.470281213521957397e-02,-3.839062154293060303e-01,-7.115936279296875000e-02,-1.535610407590866089e-01,4.814162552356719971e-01,2.254073619842529297e-01,2.005372792482376099e-01,-2.188403159379959106e-02,2.601035833358764648e-01,1.724315732717514038e-01,-8.586528152227401733e-02,2.308264523744583130e-01
4.870221316814422607e-01,3.165150880813598633e-01,-3.656367957592010498e-02,6.226160097867250443e-03,3.534819185733795166e-01,1.884222775697708130e-01,-1.071343421936035156e-01,-1.800213195383548737e-02,1.755833998322486877e-02,-2.548664994537830353e-02,-1.577580124139785767e-01,-6.126564741134643555e-02,1.239543547853827477e-03,-8.238301612436771393e-03,-3.747458457946777344e-01,-2.047563642263412476e-01,-4.911605641245841980e-02,-6.574917584657669067e-02,1.700947582721710205e-01,5.830346792936325073e-02,-3.985115885734558105e-02,-1.315583884716033936e-01,-3.050141595304012299e-02,-1.177010834217071533e-01,2.341495603322982788e-01,-7.876335084438323975e-02,2.924342751502990723e-01,6.711471676826477051e-01,1.000000000000000000e+00,7.756237685680389404e-02,-1.951521784067153931e-01,-1.795559823513031006e-01,4.456451833248138428e-01,3.640593215823173523e-02,3.587242588400840759e-02,-4.037660360336303711e-02,1.363935023546218872e-01,-3.554517924785614014e-01,-1.538791321218013763e-02,-1.757966578006744385e-01,3.699332475662231445e-01,1.818389743566513062e-01,1.057147830724716187e-01,2.704251743853092194e-02,2.747556567192077637e-01,1.849573701620101929e-01,-1.431131958961486816e-01,7.618919759988784790e-02
-2.349599301815032959e-01,-5.639147385954856873e-02,2.235853224992752075e-01,9.740918129682540894e-02,-1.633444577455520630e-01,-1.368979550898075104e-02,1.898766905069351196e-01,9.060405939817428589e-02,2.434155531227588654e-02,7.301417738199234009e-02,1.358900517225265503e-01,4.371637850999832153e-02,2.629886753857135773e-02,-7.029572874307632446e-02,1.721479147672653198e-01,1.094958260655403137e-01,3.345626965165138245e-02,-6.950179580599069595e-03,-8.063349872827529907e-02,-2.261862717568874359e-02,4.808543995022773743e-02,5.565145611763000488e-02,1.159256026148796082e-01,5.465719699859619141e-01,-2.220578342676162720e-01,4.742700457572937012e-01,7.094477768987417221e-03,1.625949330627918243e-02,7.756237685680389404e-02,1.000000000000000000e+00,5.391620397567749023e-01,4.697279036045074463e-01,-3.605150803923606873e-02,2.795092463493347168e-01,5.494099259376525879e-01,5.703795552253723145e-01,-1.144431880675256252e-03,3.770234286785125732e-01,4.358782172203063965e-01,2.757443487644195557e-01,-3.822940960526466370e-02,1.276323646306991577e-01,2.309242039918899536e-01,5.370746925473213196e-02,1.280153393745422363e-01,8.240107446908950806e-02,3.918685019016265869e-01,5.794768035411834717e-02
-1.937050670385360718e-01,-7.536619901657104492e-02,3.753953874111175537e-01,3.031252920627593994e-01,-4.113017022609710693e-02,4.773701727390289307e-02,5.317537784576416016e-01,3.662665784358978271e-01,2.419228404760360718e-01,2.617235481739044189e-01,2.466922700405120850e-01,2.467530965805053711e-01,2.618050575256347656e-01,-3.600379917770624161e-03,3.896960914134979248e-01,4.280710816383361816e-01,4.646180272102355957e-01,5.091942548751831055e-01,1.688051670789718628e-01,1.473941206932067871e-01,2.499793767929077148e-01,4.893317520618438721e-01,3.900437653064727783e-01,5.092582702636718750e-01,-1.932241469621658325e-01,5.471127629280090332e-01,-7.639683783054351807e-02,-7.592681050300598145e-02,-1.951521784067153931e-01,5.391620397567749023e-01,1.000000000000000000e+00,6.661897897720336914e-01,1.821983046829700470e-02,3.010049462318420410e-01,2.620393335819244385e-01,3.175693750381469727e-01,-9.028287976980209351e-02,3.129341006278991699e-01,1.902461051940917969e-01,1.754817068576812744e-01,-1.003451868891716003e-01,2.572012245655059814e-01,3.539192676544189453e-01,1.015909388661384583e-02,1.091182604432106018e-01,9.222736209630966187e-02,3.130548298358917236e-01,6.903324276208877563e-02
-1.793610453605651855e-01,-1.570496112108230591e-01,2.464781552553176880e-01,3.635001182556152344e-01,-1.255953758955001831e-01,3.999332338571548462e-02,4.459809958934783936e-01,1.103931814432144165e-01,1.386456340551376343e-01,1.739848405122756958e-01,1.948783397674560547e-01,1.825298517942428589e-01,2.038658112287521362e-01,2.822123654186725616e-02,1.759873628616333008e-01,3.118900060653686523e-01,3.448568284511566162e-01,2.639248967170715332e-01,2.077126204967498779e-01,2.222277373075485229e-01,3.601702153682708740e-01,5.270509123802185059e-01,4.329377114772796631e-01,5.699996948242187500e-01,-1.368745714426040649e-01,3.988521397113800049e-01,-1.355849653482437134e-01,-8.613885194063186646e-02,-1.795559823513031006e-01,4.697279036045074463e-01,6.661897897720336914e-01,1.000000000000000000e+00,-1.345040649175643921e-01,3.556500747799873352e-02,1.870660930871963501e-01,2.168291658163070679e-01,-1.030577197670936584e-01,1.691346019506454468e-01,4.211392626166343689e-02,1.534965932369232178e-01,-9.676366299390792847e-02,1.124815493822097778e-01,3.074412047863006592e-01,-5.043010041117668152e-02,-3.045948781073093414e-02,1.575055345892906189e-02,5.016476511955261230e-01,3.644278943538665771e-01
6.571021676063537598e-01,3.157894909381866455e-01,2.267458885908126831e-01,1.512241214513778687e-01,4.685946106910705566e-01,2.152941972017288208e-01,7.857452332973480225e-02,3.067750334739685059e-01,1.426166892051696777e-01,9.679125994443893433e-02,1.141049414873123169e-01,1.371262967586517334e-01,1.160174887627363205e-02,1.375065147876739502e-01,-2.314757853746414185e-01,-3.035598620772361755e-02,1.559571027755737305e-01,1.417085081338882446e-01,2.080893516540527344e-01,1.340940445661544800e-01,5.714792758226394653e-02,-1.794135081581771374e-03,-4.401494516059756279e-04,-1.843578666448593140e-01,2.692637443542480469e-01,7.405406981706619263e-02,3.526316285133361816e-01,6.031939983367919922e-01,4.456451833248138428e-01,-3.605150803923606873e-02,1.821983046829700470e-02,-1.345040649175643921e-01,1.000000000000000000e+00,2.418596893548965454e-01,-1.502610445022583008e-01,-1.092029511928558350e-01,2.961324155330657959e-02,-2.509462833404541016e-01,-5.903265997767448425e-02,-1.962336599826812744e-01,4.128963649272918701e-01,1.750081628561019897e-01,1.171961277723312378e-01,8.741097152233123779e-02,1.408385783433914185e-01,7.379313558340072632e-02,-1.446175575256347656e-01,1.755612343549728394e-02
