1.000000000000000000e+00,6.441386044025421143e-02,2.864731550216674805e-01,2.480897307395935059e-01,2.314293831586837769e-01,1.608835458755493164e-01,-1.035943254828453064e-01,-7.458002772182226181e-03,-3.763214126229286194e-02,-3.994560241699218750e-02,7.324096281081438065e-03,1.188338771462440491e-01,-4.204676300287246704e-02,1.587468981742858887e-01,9.006063640117645264e-02,-1.932729631662368774e-01,3.826200589537620544e-02,1.581047847867012024e-02,9.157162904739379883e-02,7.858340442180633545e-02,3.691651225090026855e-01,7.587798405438661575e-03,-1.428162157535552979e-01,-1.425833553075790405e-01,1.827836334705352783e-01,-9.452537447214126587e-02,1.313167512416839600e-01,2.879709899425506592e-01,9.803902357816696167e-02,2.078561298549175262e-02,-5.556117370724678040e-02,-4.925275221467018127e-02,4.114053249359130859e-01,1.350861638784408569e-01,-4.147462546825408936e-02,-2.777232229709625244e-01,1.671551316976547241e-01,7.170312106609344482e-02,-1.187574118375778198e-01,-1.392761170864105225e-01,9.973780065774917603e-02,-6.016514822840690613e-02,-1.389411240816116333e-01,-6.347493082284927368e-02,1.299761328846216202e-02,-7.560746371746063232e-02,-1.314821094274520874e-01,-1.230824440717697144e-01
6.441386044025421143e-02,1.000000000000000000e+00,1.896015703678131104e-01,2.311318218708038330e-01,2.836140990257263184e-01,5.028933882713317871e-01,4.709986746311187744e-01,2.861946076154708862e-02,8.468598127365112305e-02,2.361170351505279541e-01,-1.584011018276214600e-01,-8.424537628889083862e-02,2.897710502147674561e-01,6.396328657865524292e-02,-7.989595085382461548e-02,8.015534281730651855e-02,2.920638322830200195e-01,3.376530110836029053e-01,3.830041289329528809e-01,4.819096922874450684e-01,2.092787921428680420e-01,1.870137453079223633e-01,-2.327712066471576691e-02,1.757841259241104126e-01,-1.366741359233856201e-01,5.066464543342590332e-01,-7.201392203569412231e-02,1.072297841310501099e-01,4.095757007598876953e-01,2.690690457820892334e-01,2.993168532848358154e-01,2.672990262508392334e-01,1.327633559703826904e-01,-1.269229054450988770e-01,5.650693923234939575e-02,1.270559430122375488e-01,-3.521596267819404602e-02,4.272036999464035034e-02,2.340231239795684814e-01,1.170473992824554443e-01,5.170896053314208984e-01,6.042456030845642090e-01,4.763429462909698486e-01,5.089436173439025879e-01,5.416286587715148926e-01,3.787511587142944336e-01,2.244702130556106567e-01,5.334887187927961349e-03
2.864731550216674805e-01,1.896015703678131104e-01,1.000000000000000000e+00,5.119447708129882812e-01,1.948601901531219482e-01,2.190630137920379639e-01,3.053255081176757812e-01,-1.179889738559722900e-01,-3.399384394288063049e-02,-5.793744698166847229e-02,-9.264583885669708252e-02,-1.124198809266090393e-01,-4.813290387392044067e-02,1.333376020193099976e-01,-1.817057430744171143e-01,-4.174977838993072510e-01,2.925893068313598633e-01,2.103032767772674561e-01,3.204167485237121582e-01,1.255670934915542603e-01,1.879420578479766846e-01,-2.767580747604370117e-02,-3.336828052997589111e-01,-3.276490047574043274e-02,2.117219567298889160e-02,2.916906177997589111e-01,1.643481403589248657e-01,5.357441306114196777e-01,3.611875176429748535e-01,1.642115563154220581e-01,5.444606393575668335e-02,-5.774864181876182556e-02,1.948754303157329559e-02,2.721874602138996124e-02,-1.141168996691703796e-01,-1.229954585433006287e-01,9.536642581224441528e-02,-2.248771786689758301e-01,-6.091536208987236023e-02,-3.522650897502899170e-02,2.371344268321990967e-01,6.362679600715637207e-02,-1.403193734586238861e-02,-5.870788544416427612e-02,-6.989569403231143951e-03,-7.417793571949005127e-02,-7.229871302843093872e-02,-3.105093836784362793e-01
2.480897307395935059e-01,2.311318218708038330e-01,5.119447708129882812e-01,1.000000000000000000e+00,4.686478674411773682e-01,3.022150397300720215e-01,4.334227442741394043e-01,-2.261633574962615967e-01,-2.172390371561050415e-01,-1.862536072731018066e-01,-1.328395903110504150e-01,-9.303380548954010010e-02,3.834297060966491699e-01,-3.052623569965362549e-02,-4.397405683994293213e-02,-2.377440966665744781e-02,3.002111315727233887e-01,2.948719263076782227e-01,4.274380803108215332e-01,3.821605741977691650e-01,2.944705486297607422e-01,2.310088574886322021e-01,-1.935498267412185669e-01,-1.379797607660293579e-01,-2.159221023321151733e-01,3.894670605659484863e-01,-1.648559868335723877e-01,1.674362868070602417e-01,7.683635503053665161e-02,-3.912321478128433228e-02,6.026037409901618958e-02,-1.312087178230285645e-01,-5.771452188491821289e-02,-5.749612301588058472e-02,-1.729610562324523926e-01,-1.719930768013000488e-01,4.507564008235931396e-02,-1.619848757982254028e-01,1.487480551004409790e-01,-2.515998482704162598e-02,2.052824795246124268e-01,4.375336319208145142e-02,1.082902252674102783e-01,9.546148031949996948e-02,-6.491640955209732056e-02,-2.065972983837127686e-01,-1.716188192367553711e-01,-3.278271853923797607e-01
2.314293831586837769e-01,2.836140990257263184e-01,1.948601901531219482e-01,4.686478674411773682e-01,1.000000000000000000e+00,6.466074585914611816e-01,2.827187180519104004e-01,-1.505127698183059692e-01,-1.728923767805099487e-01,-2.967956848442554474e-02,-1.800768226385116577e-01,-2.161996960639953613e-01,3.976909816265106201e-01,-3.637770190834999084e-02,-1.523681133985519409e-01,1.750016584992408752e-03,1.336882859468460083e-01,1.691161841154098511e-01,3.732635378837585449e-01,5.269453525543212891e-01,3.030185401439666748e-01,9.761038422584533691e-02,-1.190092712640762329e-01,-1.361180841922760010e-01,-2.446015477180480957e-01,3.412861824035644531e-01,-2.347202897071838379e-01,2.635782957077026367e-02,4.924049228429794312e-02,-1.673093438148498535e-01,9.976850450038909912e-02,8.180682547390460968e-03,9.398121386766433716e-02,-4.881801456212997437e-02,-1.754726469516754150e-01,-1.859274655580520630e-01,-5.437019094824790955e-02,-7.668101787567138672e-02,1.069646105170249939e-01,-8.680340833961963654e-03,4.744399785995483398e-01,1.680064499378204346e-01,2.065253108739852905e-01,3.957779705524444580e-02,4.838155582547187805e-02,-8.286681026220321655e-02,-9.747248888015747070e-02,-2.670032382011413574e-01
1.608835458755493164e-01,5.028933882713317871e-01,2.190630137920379639e-01,3.022150397300720215e-01,6.466074585914611816e-01,1.000000000000000000e+00,3.577579557895660400e-01,-7.829517126083374023e-02,-1.142241060733795166e-01,1.415601521730422974e-01,-2.157263606786727905e-01,-2.162556648254394531e-01,2.311987727880477905e-01,8.436143398284912109e-02,-1.185525283217430115e-01,-4.524848610162734985e-02,1.156903058290481567e-01,1.633417755365371704e-01,3.620707690715789795e-01,5.993642210960388184e-01,2.820226848125457764e-01,2.060910314321517944e-02,-6.874263286590576172e-02,-6.414591521024703979e-02,-2.854396104812622070e-01,4.954861104488372803e-01,-1.817355155944824219e-01,7.929344475269317627e-02,3.249270617961883545e-01,4.398092161864042282e-03,1.021540164947509766e-01,1.156509593129158020e-01,1.459049433469772339e-01,-2.552986610680818558e-03,-1.019408255815505981e-01,-6.148145347833633423e-02,-7.468093931674957275e-02,-2.612431906163692474e-02,1.709642857313156128e-01,6.907168775796890259e-02,6.178171634674072266e-01,4.328202307224273682e-01,4.140158593654632568e-01,1.220863312482833862e-01,2.553929090499877930e-01,1.679846942424774170e-01,4.018165171146392822e-03,-1.509170979261398315e-01
-1.035943254828453064e-01,4.709986746311187744e-01,3.053255081176757812e-01,4.334227442741394043e-01,2.827187180519104004e-01,3.577579557895660400e-01,1.000000000000000000e+00,-4.780536890029907227e-02,-4.465365409851074219e-02,-4.409600980579853058e-03,-2.176958769559860229e-01,-3.365798890590667725e-01,2.370111495256423950e-01,-6.127676367759704590e-02,-1.196381673216819763e-01,1.463813520967960358e-02,7.481219768524169922e-01,7.302942276000976562e-01,5.425440073013305664e-01,5.008205771446228027e-01,-7.521047443151473999e-02,2.385168075561523438e-01,2.329932898283004761e-02,3.278888761997222900e-01,-1.365839838981628418e-01,7.714273333549499512e-01,-1.338947117328643799e-01,6.170550361275672913e-02,2.067153155803680420e-01,4.510902613401412964e-02,2.614693641662597656e-01,2.867825329303741455e-01,-8.743058890104293823e-02,5.067376047372817993e-02,-3.325672820210456848e-02,2.843855321407318115e-01,8.834899216890335083e-02,7.351410388946533203e-02,3.595077395439147949e-01,3.292112648487091064e-01,3.563151359558105469e-01,5.124210119247436523e-01,4.808323681354522705e-01,2.627788186073303223e-01,3.494780063629150391e-01,3.156208992004394531e-01,2.858920395374298096e-01,5.510657653212547302e-02
-7.458002772182226181e-03,2.861946076154708862e-02,-1.179889738559722900e-01,-2.261633574962615967e-01,-1.505127698183059692e-01,-7.829517126083374023e-02,-4.780536890029907227e-02,1.000000000000000000e+00,7.655176520347595215e-02,-1.747426204383373260e-02,2.707025408744812012e-01,7.096239179372787476e-02,-1.449103057384490967e-01,3.196852207183837891e-01,1.695947796106338501e-01,1.858184486627578735e-01,-6.254921108484268188e-02,-1.047371029853820801e-01,-1.338820159435272217e-01,-7.867215573787689209e-02,-3.068238310515880585e-02,-2.266202494502067566e-02,2.273299694061279297e-01,1.804217882454395294e-02,8.267339318990707397e-02,-5.578166618943214417e-02,1.948093324899673462e-01,-1.329405158758163452e-01,1.895903795957565308e-02,2.503040246665477753e-03,1.266460167244076729e-03,8.302819728851318359e-02,2.467738091945648193e-01,3.586927056312561035e-01,1.349523365497589111e-01,1.151533648371696472e-01,2.702114284038543701e-01,3.044205904006958008e-01,1.558689028024673462e-01,1.119313314557075500e-01,-5.303988978266716003e-02,2.460765466094017029e-02,-8.750973269343376160e-03,1.990367323160171509e-01,1.156334429979324341e-01,1.225078031420707703e-01,6.813409924507141113e-02,1.660573333501815796e-01
-3.763214126229286194e-02,8.468598127365112305e-02,-3.399384394288063049e-02,-2.172390371561050415e-01,-1.728923767805099487e-01,-1.142241060733795166e-01,-4.465365409851074219e-02,7.655176520347595215e-02,1.000000000000000000e+00,3.982912003993988037e-01,2.505144178867340088e-01,1.645691841840744019e-01,9.733024239540100098e-02,-6.517642736434936523e-02,1.895022206008434296e-02,9.095153957605361938e-02,5.763413384556770325e-02,-1.842244993895292282e-03,-8.287637680768966675e-02,-1.307603120803833008e-01,-8.335786312818527222e-02,1.984241604804992676e-02,8.699601166881620884e-04,2.036226242780685425e-01,2.384142279624938965e-01,-9.547022730112075806e-02,2.816236913204193115e-01,3.185080736875534058e-02,9.877499192953109741e-02,2.203003317117691040e-01,2.151262909173965454e-01,2.112591713666915894e-01,1.897638142108917236e-01,-1.083315983414649963e-01,2.472479939460754395e-01,2.239895313978195190e-01,-3.751151636242866516e-02,8.443397283554077148e-02,6.229709833860397339e-02,-1.574182510375976562e-02,-1.070818230509757996e-01,-4.486482590436935425e-03,-1.026601530611515045e-02,1.518027931451797485e-01,6.664212793111801147e-02,2.044817954301834106e-01,2.012111842632293701e-01,4.543301463127136230e-02
-3.994560241699218750e-02,2.361170351505279541e-01,-5.793744698166847229e-02,-1.862536072731018066e-01,-2.967956848442554474e-02,1.415601521730422974e-01,-4.409600980579853058e-03,-1.747426204383373260e-02,3.982912003993988037e-01,1.000000000000000000e+00,1.165580898523330688e-01,3.736944198608398438e-01,1.242619380354881287e-01,1.217756196856498718e-01,-1.224389895796775818e-01,-1.174828708171844482e-01,1.236311495304107666e-01,6.277431547641754150e-02,-1.223811358213424683e-01,-1.030542850494384766e-01,1.285494863986968994e-01,-3.170101344585418701e-02,-7.288078963756561279e-02,2.510078549385070801e-01,1.353713423013687134e-01,2.886437997221946716e-02,1.311039552092552185e-03,9.365803748369216919e-02,1.073696017265319824e-01,2.926519811153411865e-01,1.269966214895248413e-01,1.922730207443237305e-01,3.386421501636505127e-02,-1.508360058069229126e-01,8.646371960639953613e-02,1.616847664117813110e-01,-1.607141345739364624e-01,-3.764755383599549532e-04,-7.215235382318496704e-02,1.139947213232517242e-03,5.013598501682281494e-02,2.425193786621093750e-01,1.135418042540550232e-01,1.915763318538665771e-01,2.265457212924957275e-01,3.388812541961669922e-01,2.299194335937500000e-01,4.165993258357048035e-02
7.324096281081438065e-03,-1.584011018276214600e-01,-9.264583885669708252e-02,-1.328395903110504150e-01,-1.800768226385116577e-01,-2.157263606786727905e-01,-2.176958769559860229e-01,2.707025408744812012e-01,2.505144178867340088e-01,1.165580898523330688e-01,1.000000000000000000e+00,2.966870367527008057e-01,2.742454782128334045e-02,1.265757828950881958e-01,1.702085733413696289e-01,6.411438435316085815e-02,-1.256117522716522217e-01,-1.789035648107528687e-01,-1.378857195377349854e-01,-2.391855269670486450e-01,7.957784086465835571e-02,1.227456927299499512e-01,-4.071200266480445862e-02,3.238236531615257263e-02,2.435921430587768555e-01,-1.742727607488632202e-01,2.705727517604827881e-01,1.103255748748779297e-01,7.335183024406433105e-02,3.180653750896453857e-01,2.223654389381408691e-01,2.343153115361928940e-03,1.180645227432250977e-01,1.759946644306182861e-01,2.067901641130447388e-01,1.180483922362327576e-01,2.564547024667263031e-02,1.264584809541702271e-01,3.488434851169586182e-02,-1.060246378183364868e-01,-2.656941413879394531e-01,-2.090499699115753174e-01,-6.403763592243194580e-02,-7.246664911508560181e-02,-2.429984323680400848e-02,1.297493581660091877e-03,5.465295165777206421e-02,3.190167946740984917e-03
1.188338771462440491e-01,-8.424537628889083862e-02,-1.124198809266090393e-01,-9.303380548954010010e-02,-2.161996960639953613e-01,-2.162556648254394531e-01,-3.365798890590667725e-01,7.096239179372787476e-02,1.645691841840744019e-01,3.736944198608398438e-01,2.966870367527008057e-01,1.000000000000000000e+00,1.101716607809066772e-01,1.381565481424331665e-01,3.038783669471740723e-01,1.361683011054992676e-01,-2.048684209585189819e-01,-2.609366774559020996e-01,-3.512891829013824463e-01,-4.502538740634918213e-01,1.649661958217620850e-01,1.283154934644699097e-01,1.164081692695617676e-02,1.853358349762856960e-03,3.028146028518676758e-01,-3.487863242626190186e-01,1.524766683578491211e-01,-6.054793950170278549e-03,-1.560040712356567383e-01,2.011341601610183716e-01,-1.055494844913482666e-01,-4.661393538117408752e-02,2.116210609674453735e-01,-6.768320500850677490e-02,8.986742794513702393e-02,2.743864804506301880e-02,-3.497999627143144608e-03,1.089240983128547668e-01,-8.177795261144638062e-02,-1.301979273557662964e-01,-3.861545920372009277e-01,-1.833663433790206909e-01,-9.982254356145858765e-02,7.179876323789358139e-03,3.513040393590927124e-02,4.079719260334968567e-02,-9.802540764212608337e-03,6.340814381837844849e-02
-4.204676300287246704e-02,2.897710502147674561e-01,-4.813290387392044067e-02,3.834297060966491699e-01,3.976909816265106201e-01,2.311987727880477905e-01,2.370111495256423950e-01,-1.449103057384490967e-01,9.733024239540100098e-02,1.242619380354881287e-01,2.742454782128334045e-02,1.101716607809066772e-01,1.000000000000000000e+00,-1.540299206972122192e-01,1.339288800954818726e-01,4.968837499618530273e-01,7.836245000362396240e-02,1.501535475254058838e-01,2.510281503200531006e-01,3.643955290317535400e-01,3.405610322952270508e-01,5.251560807228088379e-01,1.483370363712310791e-01,-4.172510653734207153e-02,-9.645220637321472168e-02,1.832727491855621338e-01,-1.986213326454162598e-01,-8.612763881683349609e-02,-1.727098226547241211e-02,9.290650486946105957e-02,4.009624421596527100e-01,1.024131923913955688e-01,-3.381367772817611694e-02,-1.204166039824485779e-01,1.410372834652662277e-02,1.585489697754383087e-02,-8.712841570377349854e-02,1.224292963743209839e-01,3.231677412986755371e-01,1.366845145821571350e-02,1.032927781343460083e-01,4.912409558892250061e-02,1.809277385473251343e-01,1.355526894330978394e-01,1.015357747673988342e-01,3.161732573062181473e-03,2.689213305711746216e-02,-1.100324615836143494e-01
1.587468981742858887e-01,6.396328657865524292e-02,1.333376020193099976e-01,-3.052623569965362549e-02,-3.637770190834999084e-02,8.436143398284912109e-02,-6.127676367759704590e-02,3.196852207183837891e-01,-6.517642736434936523e-02,1.217756196856498718e-01,1.265757828950881958e-01,1.381565481424331665e-01,-1.540299206972122192e-01,1.000000000000000000e+00,1.323830038309097290e-01,-1.410548835992813110e-01,-4.725354909896850586e-02,-8.835373073816299438e-02,-6.548514962196350098e-02,-2.857103198766708374e-02,1.709534227848052979e-01,-9.378083795309066772e-02,3.981440793722867966e-03,-9.843322448432445526e-03,8.278768509626388550e-02,3.081713616847991943e-02,2.271226495504379272e-01,1.250303387641906738e-01,1.163155287504196167e-01,9.486680477857589722e-02,-6.934228539466857910e-02,-4.387158527970314026e-02,1.965960413217544556e-01,1.895531117916107178e-01,6.516630761325359344e-03,-5.079934373497962952e-02,4.582986831665039062e-01,3.615951538085937500e-02,-4.318764805793762207e-02,-4.456550627946853638e-02,4.930774495005607605e-02,1.031492603942751884e-03,-4.106641933321952820e-02,-1.171875093132257462e-02,3.899953141808509827e-02,-1.992441155016422272e-02,-2.588862739503383636e-02,4.241025447845458984e-02
9.006063640117645264e-02,-7.989595085382461548e-02,-1.817057430744171143e-01,-4.397405683994293213e-02,-1.523681133985519409e-01,-1.185525283217430115e-01,-1.196381673216819763e-01,1.695947796106338501e-01,1.895022206008434296e-02,-1.224389895796775818e-01,1.702085733413696289e-01,3.038783669471740723e-01,1.339288800954818726e-01,1.323830038309097290e-01,1.000000000000000000e+00,4.566925764083862305e-01,-2.045521289110183716e-01,-1.637506037950515747e-01,-1.810367405414581299e-01,-8.496776223182678223e-02,4.557053744792938232e-02,8.146172016859054565e-02,1.987830400466918945e-01,-1.666459143161773682e-01,9.263353794813156128e-02,-2.244031876325607300e-01,1.022296324372291565e-01,-2.725576460361480713e-01,-1.963039636611938477e-01,-1.011259704828262329e-01,-1.385061889886856079e-01,-1.380131840705871582e-01,2.964354455471038818e-01,2.635666131973266602e-01,3.802084177732467651e-02,-8.428569883108139038e-02,1.567523181438446045e-01,4.348618090152740479e-01,7.789802551269531250e-02,-9.846017509698867798e-02,-2.313381582498550415e-01,-2.249689251184463501e-01,-9.261681884527206421e-02,3.020740486681461334e-02,-3.684277087450027466e-02,-3.798348084092140198e-02,-1.380741149187088013e-01,8.607893437147140503e-02
-1.932729631662368774e-01,8.015534281730651855e-02,-4.174977838993072510e-01,-2.377440966665744781e-02,1.750016584992408752e-03,-4.524848610162734985e-02,1.463813520967960358e-02,1.858184486627578735e-01,9.095153957605361938e-02,-1.174828708171844482e-01,6.411438435316085815e-02,1.361683011054992676e-01,4.968837499618530273e-01,-1.410548835992813110e-01,4.566925764083862305e-01,1.000000000000000000e+00,-1.722797900438308716e-01,-8.315265586134046316e-05,-1.262676715850830078e-02,1.499461829662322998e-01,1.605878584086894989e-02,4.141954481601715088e-01,5.578190088272094727e-01,-6.008462980389595032e-02,-8.119614422321319580e-02,-4.623734578490257263e-02,-1.241043210029602051e-01,-4.832258522510528564e-01,-2.539247274398803711e-01,-1.236068755388259888e-01,1.649985909461975098e-01,6.007241457700729370e-02,1.018707379698753357e-01,1.358614955097436905e-02,1.561840474605560303e-01,9.164474904537200928e-02,2.757323719561100006e-02,4.295038580894470215e-01,4.713481962680816650e-01,1.586762070655822754e-01,-8.263116329908370972e-02,-2.024899981915950775e-02,1.094710230827331543e-01,1.584015190601348877e-01,1.086845397949218750e-01,1.381770968437194824e-01,7.584681734442710876e-03,2.005769014358520508e-01
3.826200589537620544e-02,2.920638322830200195e-01,2.925893068313598633e-01,3.002111315727233887e-01,1.336882859468460083e-01,1.156903058290481567e-01,7.481219768524169922e-01,-6.254921108484268188e-02,5.763413384556770325e-02,1.236311495304107666e-01,-1.256117522716522217e-01,-2.048684209585189819e-01,7.836245000362396240e-02,-4.725354909896850586e-02,-2.045521289110183716e-01,-1.722797900438308716e-01,1.000000000000000000e+00,7.714345455169677734e-01,4.009921252727508545e-01,2.314472943544387817e-01,-1.249822080135345459e-01,9.829184412956237793e-02,-1.286420524120330811e-01,4.034512341022491455e-01,1.141898408532142639e-01,5.895184874534606934e-01,1.038797199726104736e-02,2.199673503637313843e-01,1.388388872146606445e-01,1.302223652601242065e-01,1.875340640544891357e-01,2.526524662971496582e-01,-3.984179347753524780e-02,4.859872162342071533e-02,-2.906623482704162598e-02,2.730083167552947998e-01,1.221237108111381531e-01,-2.442975062876939774e-03,1.596216261386871338e-01,2.348192930221557617e-01,1.618157476186752319e-01,3.753791451454162598e-01,3.333647251129150391e-01,2.204388380050659180e-01,2.770922183990478516e-01,2.945987582206726074e-01,3.225638270378112793e-01,5.933134630322456360e-02
1.581047847867012024e-02,3.376530110836029053e-01,2.103032767772674561e-01,2.948719263076782227e-01,1.691161841154098511e-01,1.633417755365371704e-01,7.302942276000976562e-01,-1.047371029853820801e-01,-1.842244993895292282e-03,6.277431547641754150e-02,-1.789035648107528687e-01,-2.609366774559020996e-01,1.501535475254058838e-01,-8.835373073816299438e-02,-1.637506037950515747e-01,-8.315265586134046316e-05,7.714345455169677734e-01,1.000000000000000000e+00,5.563801527023315430e-01,3.740830719470977783e-01,-4.742782190442085266e-02,2.564764916896820068e-01,1.377576123923063278e-02,3.458626866340637207e-01,2.697072364389896393e-02,5.831789970397949219e-01,-1.148782372474670410e-01,6.497864425182342529e-02,9.473870694637298584e-02,9.897132962942123413e-02,3.152734041213989258e-01,2.372920215129852295e-01,-5.782493203878402710e-02,9.847348928451538086e-02,4.289262741804122925e-02,2.405369132757186890e-01,1.105159819126129150e-01,1.083694621920585632e-01,2.529035508632659912e-01,2.477067857980728149e-01,2.262361943721771240e-01,4.560121297836303711e-01,4.410466551780700684e-01,1.811056435108184814e-01,3.008846044540405273e-01,3.439711928367614746e-01,2.759907841682434082e-01,7.135582715272903442e-02
9.157162904739379883e-02,3.830041289329528809e-01,3.204167485237121582e-01,4.274380803108215332e-01,3.732635378837585449e-01,3.620707690715789795e-01,5.425440073013305664e-01,-1.338820159435272217e-01,-8.287637680768966675e-02,-1.223811358213424683e-01,-1.378857195377349854e-01,-3.512891829013824463e-01,2.510281503200531006e-01,-6.548514962196350098e-02,-1.810367405414581299e-01,-1.262676715850830078e-02,4.009921252727508545e-01,5.563801527023315430e-01,1.000000000000000000e+00,5.892166495323181152e-01,4.799290373921394348e-02,1.700939387083053589e-01,-1.258838772773742676e-01,-1.900579780340194702e-02,-4.595853388309478760e-02,4.844766259193420410e-01,-1.218147650361061096e-01,1.973393708467483521e-01,3.074081540107727051e-01,1.004618480801582336e-01,3.516831398010253906e-01,-2.007003687322139740e-02,-2.078433753922581673e-03,1.440441608428955078e-01,4.114979505538940430e-02,-5.257050693035125732e-02,1.940814964473247528e-02,-1.340405177325010300e-02,1.575887203216552734e-01,3.981205075979232788e-02,4.104740321636199951e-01,3.570453524589538574e-01,4.591776728630065918e-01,1.254961490631103516e-01,9.685529023408889771e-02,8.926432579755783081e-02,-6.526217609643936157e-02,-2.748810946941375732e-01
7.858340442180633545e-02,4.819096922874450684e-01,1.255670934915542603e-01,3.821605741977691650e-01,5.269453525543212891e-01,5.993642210960388184e-01,5.008205771446228027e-01,-7.867215573787689209e-02,-1.307603120803833008e-01,-1.030542850494384766e-01,-2.391855269670486450e-01,-4.502538740634918213e-01,3.643955290317535400e-01,-2.857103198766708374e-02,-8.496776223182678223e-02,1.499461829662322998e-01,2.314472943544387817e-01,3.740830719470977783e-01,5.892166495323181152e-01,1.000000000000000000e+00,2.795040011405944824e-01,1.905509382486343384e-01,9.174277633428573608e-02,-3.319196030497550964e-02,-4.081316888332366943e-01,5.166479349136352539e-01,-3.003722727298736572e-01,-6.103251874446868896e-02,2.793034613132476807e-01,9.031312540173530579e-03,3.199409246444702148e-01,1.515453308820724487e-01,-4.749929904937744141e-02,9.037858992815017700e-02,-3.518236801028251648e-02,6.597841857001185417e-04,6.020023301243782043e-02,1.099716350436210632e-01,2.847157120704650879e-01,1.397221833467483521e-01,5.943473577499389648e-01,4.598252773284912109e-01,4.366880655288696289e-01,1.981296986341476440e-01,2.765393257141113281e-01,1.804173737764358521e-01,1.941451057791709900e-02,-7.584238797426223755e-02
3.691651225090026855e-01,2.092787921428680420e-01,1.879420578479766846e-01,2.944705486297607422e-01,3.030185401439666748e-01,2.820226848125457764e-01,-7.521047443151473999e-02,-3.068238310515880585e-02,-8.335786312818527222e-02,1.285494863986968994e-01,7.957784086465835571e-02,1.649661958217620850e-01,3.405610322952270508e-01,1.709534227848052979e-01,4.557053744792938232e-02,1.605878584086894989e-02,-1.249822080135345459e-01,-4.742782190442085266e-02,4.799290373921394348e-02,2.795040011405944824e-01,1.000000000000000000e+00,3.058588802814483643e-01,-4.007460549473762512e-02,-8.532970398664474487e-02,-2.595090568065643311e-01,-5.276667699217796326e-02,-1.116662099957466125e-01,7.652942836284637451e-02,7.751321792602539062e-02,2.562723755836486816e-01,2.409536540508270264e-01,1.296745240688323975e-01,2.215971611440181732e-02,1.360649708658456802e-02,-6.061884015798568726e-02,-1.310806572437286377e-01,7.562242448329925537e-02,3.540182486176490784e-02,3.962482884526252747e-02,-1.110530868172645569e-01,1.913596391677856445e-01,6.626448035240173340e-02,3.226399421691894531e-04,-1.190644223242998123e-02,1.743699610233306885e-01,3.945950046181678772e-02,1.267537008970975876e-03,-9.691207855939865112e-02
7.587798405438661575e-03,1.870137453079223633e-01,-2.767580747604370117e-02,2.310088574886322021e-01,9.761038422584533691e-02,2.060910314321517944e-02,2.385168075561523438e-01,-2.266202494502067566e-02,1.984241604804992676e-02,-3.170101344585418701e-02,1.227456927299499512e-01,1.283154934644699097e-01,5.251560807228088379e-01,-9.378083795309066772e-02,8.146172016859054565e-02,4.141954481601715088e-01,9.829184412956237793e-02,2.564764916896820068e-01,1.700939387083053589e-01,1.905509382486343384e-01,3.058588802814483643e-01,1.000000000000000000e+00,4.447787404060363770e-01,2.720296382904052734e-01,-8.800577372312545776e-02,1.990482062101364136e-01,-1.576117724180221558e-01,-1.563106179237365723e-01,-4.281976073980331421e-02,2.211300581693649292e-01,5.986595749855041504e-01,4.391860663890838623e-01,-2.753483131527900696e-02,6.736327428370714188e-03,2.330740243196487427e-01,3.682902455329895020e-01,1.080728843808174133e-01,3.313114345073699951e-01,6.081898808479309082e-01,4.055707752704620361e-01,5.808336660265922546e-03,8.889085799455642700e-02,1.172926202416419983e-01,2.965927124023437500e-02,2.677235007286071777e-01,1.239991411566734314e-01,3.311167955398559570e-01,3.352048993110656738e-01
-1.428162157535552979e-01,-2.327712066471576691e-02,-3.336828052997589111e-01,-1.935498267412185669e-01,-1.190092712640762329e-01,-6.874263286590576172e-02,2.329932898283004761e-02,2.273299694061279297e-01,8.699601166881620884e-04,-7.288078963756561279e-02,-4.071200266480445862e-02,1.164081692695617676e-02,1.483370363712310791e-01,3.981440793722867966e-03,1.987830400466918945e-01,5.578190088272094727e-01,-1.286420524120330811e-01,1.377576123923063278e-02,-1.258838772773742676e-01,9.174277633428573608e-02,-4.007460549473762512e-02,4.447787404060363770e-01,1.000000000000000000e+00,1.643838435411453247e-01,-1.062818095088005066e-01,-1.573968492448329926e-02,-1.221781522035598755e-01,-3.912864327430725098e-01,-1.767131388187408447e-01,-1.283391118049621582e-01,1.517698317766189575e-01,2.798466682434082031e-01,5.814043805003166199e-03,6.828581541776657104e-02,1.742130815982818604e-01,2.879271507263183594e-01,1.424162089824676514e-01,4.323647618293762207e-01,5.787603259086608887e-01,5.756050944328308105e-01,-1.541663520038127899e-02,6.015520542860031128e-02,-1.189099904149770737e-02,3.417980298399925232e-02,2.339513748884201050e-01,1.895471066236495972e-01,2.056278586387634277e-01,5.524155497550964355e-01
-1.425833553075790405e-01,1.757841259241104126e-01,-3.276490047574043274e-02,-1.379797607660293579e-01,-1.361180841922760010e-01,-6.414591521024703979e-02,3.278888761997222900e-01,1.804217882454395294e-02,2.036226242780685425e-01,2.510078549385070801e-01,3.238236531615257263e-02,1.853358349762856960e-03,-4.172510653734207153e-02,-9.843322448432445526e-03,-1.666459143161773682e-01,-6.008462980389595032e-02,4.034512341022491455e-01,3.458626866340637207e-01,-1.900579780340194702e-02,-3.319196030497550964e-02,-8.532970398664474487e-02,2.720296382904052734e-01,1.643838435411453247e-01,1.000000000000000000e+00,-2.037545666098594666e-02,2.822472453117370605e-01,-3.909432142972946167e-02,-5.584276095032691956e-02,2.606914937496185303e-02,2.191724926233291626e-01,3.282056152820587158e-01,7.267798781394958496e-01,-7.465694844722747803e-02,-3.265888616442680359e-02,2.021408230066299438e-01,8.092255592346191406e-01,6.329286843538284302e-02,1.160465478897094727e-01,2.944099605083465576e-01,5.663408637046813965e-01,1.804488338530063629e-02,2.468811571598052979e-01,1.071878895163536072e-01,1.806387454271316528e-01,2.965319156646728516e-01,2.630346417427062988e-01,8.360186219215393066e-01,6.226342320442199707e-01
1.827836334705352783e-01,-1.366741359233856201e-01,2.117219567298889160e-02,-2.159221023321151733e-01,-2.446015477180480957e-01,-2.854396104812622070e-01,-1.365839838981628418e-01,8.267339318990707397e-02,2.384142279624938965e-01,1.353713423013687134e-01,2.435921430587768555e-01,3.028146028518676758e-01,-9.645220637321472168e-02,8.278768509626388550e-02,9.263353794813156128e-02,-8.119614422321319580e-02,1.141898408532142639e-01,2.697072364389896393e-02,-4.595853388309478760e-02,-4.081316888332366943e-01,-2.595090568065643311e-01,-8.800577372312545776e-02,-1.062818095088005066e-01,-2.037545666098594666e-02,1.000000000000000000e+00,-1.793483495712280273e-01,5.131056904792785645e-01,3.275988399982452393e-01,-1.256721373647451401e-02,9.225942939519882202e-02,-8.948525786399841309e-02,-1.891072690486907959e-01,3.977617919445037842e-01,8.943458646535873413e-02,1.159498915076255798e-01,-8.471553027629852295e-02,8.369334042072296143e-02,4.878512024879455566e-02,-2.106387615203857422e-01,-1.935437619686126709e-01,-3.431693017482757568e-01,-2.009834945201873779e-01,-1.007157489657402039e-01,-4.760688915848731995e-02,-1.321559101343154907e-01,-2.574037201702594757e-02,-6.106934696435928345e-02,-3.205164894461631775e-02
-9.452537447214126587e-02,5.066464543342590332e-01,2.916906177997589111e-01,3.894670605659484863e-01,3.412861824035644531e-01,4.954861104488372803e-01,7.714273333549499512e-01,-5.578166618943214417e-02,-9.547022730112075806e-02,2.886437997221946716e-02,-1.742727607488632202e-01,-3.487863242626190186e-01,1.832727491855621338e-01,3.081713616847991943e-02,-2.244031876325607300e-01,-4.623734578490257263e-02,5.895184874534606934e-01,5.831789970397949219e-01,4.844766259193420410e-01,5.166479349136352539e-01,-5.276667699217796326e-02,1.990482062101364136e-01,-1.573968492448329926e-02,2.822472453117370605e-01,-1.793483495712280273e-01,1.000000000000000000e+00,-1.662921458482742310e-01,1.396479904651641846e-01,3.647988736629486084e-01,1.104782596230506897e-01,2.768875062465667725e-01,2.744278311729431152e-01,-1.115168631076812744e-01,-3.221203759312629700e-02,-5.025235563516616821e-02,2.698604464530944824e-01,2.032591030001640320e-02,-1.692949049174785614e-02,3.598021566867828369e-01,3.154748678207397461e-01,4.282089471817016602e-01,5.336436629295349121e-01,5.144579410552978516e-01,2.533711791038513184e-01,3.358371257781982422e-01,2.992289066314697266e-01,2.844419479370117188e-01,3.700290247797966003e-02
1.313167512416839600e-01,-7.201392203569412231e-02,1.643481403589248657e-01,-1.648559868335723877e-01,-2.347202897071838379e-01,-1.817355155944824219e-01,-1.338947117328643799e-01,1.948093324899673462e-01,2.816236913204193115e-01,1.311039552092552185e-03,2.705727517604827881e-01,1.524766683578491211e-01,-1.986213326454162598e-01,2.271226495504379272e-01,1.022296324372291565e-01,-1.241043210029602051e-01,1.038797199726104736e-02,-1.148782372474670410e-01,-1.218147650361061096e-01,-3.003722727298736572e-01,-1.116662099957466125e-01,-1.576117724180221558e-01,-1.221781522035598755e-01,-3.909432142972946167e-02,5.131056904792785645e-01,-1.662921458482742310e-01,1.000000000000000000e+00,3.227092027664184570e-01,1.548177003860473633e-01,7.187696546316146851e-02,-1.030751913785934448e-01,-7.088294625282287598e-02,4.018715620040893555e-01,1.064309701323509216e-01,1.157143339514732361e-01,-5.665050819516181946e-02,1.619976162910461426e-01,-2.226029895246028900e-02,-1.815970093011856079e-01,-1.474478393793106079e-01,-2.178349643945693970e-01,-2.067138701677322388e-01,-2.007142305374145508e-01,-4.391484335064888000e-02,-1.243091896176338196e-01,-7.416458427906036377e-02,-5.498959124088287354e-02,-3.512985631823539734e-02
2.879709899425506592e-01,1.072297841310501099e-01,5.357441306114196777e-01,1.674362868070602417e-01,2.635782957077026367e-02,7.929344475269317627e-02,6.170550361275672913e-02,-1.329405158758163452e-01,3.185080736875534058e-02,9.365803748369216919e-02,1.103255748748779297e-01,-6.054793950170278549e-03,-8.612763881683349609e-02,1.250303387641906738e-01,-2.725576460361480713e-01,-4.832258522510528564e-01,2.199673503637313843e-01,6.497864425182342529e-02,1.973393708467483521e-01,-6.103251874446868896e-02,7.652942836284637451e-02,-1.563106179237365723e-01,-3.912864327430725098e-01,-5.584276095032691956e-02,3.275988399982452393e-01,1.396479904651641846e-01,3.227092027664184570e-01,1.000000000000000000e+00,6.191815137863159180e-01,3.719530999660491943e-01,2.608619630336761475e-02,-1.143281012773513794e-01,-5.817819852381944656e-03,-1.577904261648654938e-02,-8.978724479675292969e-02,-1.197606623172760010e-01,-4.603054374456405640e-02,-2.865670919418334961e-01,-2.236163318157196045e-01,-1.383677273988723755e-01,2.680989168584346771e-02,3.572881221771240234e-02,6.650913506746292114e-02,-1.231369674205780029e-01,2.170033939182758331e-02,-2.388904243707656860e-02,-7.436867803335189819e-02,-2.728048264980316162e-01
9.803902357816696167e-02,4.095757007598876953e-01,3.611875176429748535e-01,7.683635503053665161e-02,4.924049228429794312e-02,3.249270617961883545e-01,2.067153155803680420e-01,1.895903795957565308e-02,9.877499192953109741e-02,1.073696017265319824e-01,7.335183024406433105e-02,-1.560040712356567383e-01,-1.727098226547241211e-02,1.163155287504196167e-01,-1.963039636611938477e-01,-2.539247274398803711e-01,1.388388872146606445e-01,9.473870694637298584e-02,3.074081540107727051e-01,2.793034613132476807e-01,7.751321792602539062e-02,-4.281976073980331421e-02,-1.767131388187408447e-01,2.606914937496185303e-02,-1.256721373647451401e-02,3.647988736629486084e-01,1.548177003860473633e-01,6.191815137863159180e-01,1.000000000000000000e+00,4.443453252315521240e-01,2.480052560567855835e-01,1.391593515872955322e-01,-5.231157317757606506e-02,4.526270553469657898e-02,9.316034615039825439e-02,8.856862038373947144e-02,-7.175861299037933350e-02,-1.020823344588279724e-01,2.546570636332035065e-02,5.021775513887405396e-02,2.611341774463653564e-01,3.507964611053466797e-01,3.393729925155639648e-01,9.763406217098236084e-02,2.952731847763061523e-01,1.897628307342529297e-01,7.755435258150100708e-02,-1.314030885696411133e-01
2.078561298549175262e-02,2.690690457820892334e-01,1.642115563154220581e-01,-3.912321478128433228e-02,-1.673093438148498535e-01,4.398092161864042282e-03,4.510902613401412964e-02,2.503040246665477753e-03,2.203003317117691040e-01,2.926519811153411865e-01,3.180653750896453857e-01,2.011341601610183716e-01,9.290650486946105957e-02,9.486680477857589722e-02,-1.011259704828262329e-01,-1.236068755388259888e-01,1.302223652601242065e-01,9.897132962942123413e-02,1.004618480801582336e-01,9.031312540173530579e-03,2.562723755836486816e-01,2.211300581693649292e-01,-1.283391118049621582e-01,2.191724926233291626e-01,9.225942939519882202e-02,1.104782596230506897e-01,7.187696546316146851e-02,3.719530999660491943e-01,4.443453252315521240e-01,1.000000000000000000e+00,5.338073968887329102e-01,2.555131316184997559e-01,-6.064107269048690796e-02,1.085611153393983841e-02,3.065775036811828613e-01,2.490393072366714478e-01,5.513675138354301453e-02,-7.657104171812534332e-03,9.302437305450439453e-02,3.066541068255901337e-02,-9.880228899419307709e-03,1.921819150447845459e-01,2.672268748283386230e-01,9.150011837482452393e-02,3.331273496150970459e-01,2.805285453796386719e-01,2.328918129205703735e-01,-1.380551885813474655e-02
-5.556117370724678040e-02,2.993168532848358154e-01,5.444606393575668335e-02,6.026037409901618958e-02,9.976850450038909912e-02,1.021540164947509766e-01,2.614693641662597656e-01,1.266460167244076729e-03,2.151262909173965454e-01,1.269966214895248413e-01,2.223654389381408691e-01,-1.055494844913482666e-01,4.009624421596527100e-01,-6.934228539466857910e-02,-1.385061889886856079e-01,1.649985909461975098e-01,1.875340640544891357e-01,3.152734041213989258e-01,3.516831398010253906e-01,3.199409246444702148e-01,2.409536540508270264e-01,5.986595749855041504e-01,1.517698317766189575e-01,3.282056152820587158e-01,-8.948525786399841309e-02,2.768875062465667725e-01,-1.030751913785934448e-01,2.608619630336761475e-02,2.480052560567855835e-01,5.338073968887329102e-01,1.000000000000000000e+00,4.736597836017608643e-01,-7.217044383287429810e-02,6.055305525660514832e-02,3.407676219940185547e-01,3.991109430789947510e-01,5.986788123846054077e-02,1.805163323879241943e-01,3.638168275356292725e-01,2.469115108251571655e-01,1.646589487791061401e-01,2.528944611549377441e-01,2.999200820922851562e-01,1.231963634490966797e-01,3.361568450927734375e-01,2.685473263263702393e-01,3.837180435657501221e-01,1.389410197734832764e-01
-4.925275221467018127e-02,2.672990262508392334e-01,-5.774864181876182556e-02,-1.312087178230285645e-01,8.180682547390460968e-03,1.156509593129158020e-01,2.867825329303741455e-01,8.302819728851318359e-02,2.112591713666915894e-01,1.922730207443237305e-01,2.343153115361928940e-03,-4.661393538117408752e-02,1.024131923913955688e-01,-4.387158527970314026e-02,-1.380131840705871582e-01,6.007241457700729370e-02,2.526524662971496582e-01,2.372920215129852295e-01,-2.007003687322139740e-02,1.515453308820724487e-01,1.296745240688323975e-01,4.391860663890838623e-01,2.798466682434082031e-01,7.267798781394958496e-01,-1.891072690486907959e-01,2.744278311729431152e-01,-7.088294625282287598e-02,-1.143281012773513794e-01,1.391593515872955322e-01,2.555131316184997559e-01,4.736597836017608643e-01,1.000000000000000000e+00,-3.431519120931625366e-02,-1.210988592356443405e-02,2.179152518510818481e-01,7.465134859085083008e-01,5.474610254168510437e-02,2.303340286016464233e-01,4.001637995243072510e-01,5.901224613189697266e-01,1.507475674152374268e-01,3.403559029102325439e-01,1.502609848976135254e-01,1.283076405525207520e-01,4.297149777412414551e-01,3.182654082775115967e-01,8.038123250007629395e-01,6.150997281074523926e-01
