1.000000000000000000e+00,1.582762748003005981e-01,4.095486700534820557e-01,5.396568179130554199e-01,4.148611724376678467e-01,3.944431543350219727e-01,2.346044629812240601e-01,1.054926514625549316e-01,1.749846637248992920e-01,2.512031495571136475e-01,4.760367050766944885e-02,4.576436877250671387e-01,3.207070231437683105e-01,6.114020198583602905e-02,1.868305653333663940e-01,1.358115673065185547e-01,2.968195974826812744e-01,1.733423918485641479e-01,3.620575368404388428e-01,4.481424391269683838e-01,3.448810279369354248e-01,4.268823936581611633e-02,-5.588398501276969910e-02,-6.724858283996582031e-02,3.670624792575836182e-01,2.284338921308517456e-01,9.944292902946472168e-02,4.098590016365051270e-01,3.119181096553802490e-01,1.031839847564697266e-01,3.238967806100845337e-02,2.509704604744911194e-02,2.908550798892974854e-01,1.585845649242401123e-01,9.528954327106475830e-02,6.389733403921127319e-02,1.721657812595367432e-01,1.194726303219795227e-01,1.182180717587471008e-01,2.673390209674835205e-01,2.558367550373077393e-01,1.953203678131103516e-01,1.475689262151718140e-01,1.285589393228292465e-02,2.063446938991546631e-01,2.269154787063598633e-01,3.190746158361434937e-02,-5.326208844780921936e-02
1.582762748003005981e-01,1.000000000000000000e+00,3.246610164642333984e-01,2.886654436588287354e-01,1.619109064340591431e-01,4.207182228565216064e-01,4.872214496135711670e-01,1.608159691095352173e-01,1.558099538087844849e-01,9.621576219797134399e-02,3.995602950453758240e-02,1.474086046218872070e-01,1.372049003839492798e-01,9.205127507448196411e-02,1.667854189872741699e-01,1.500998884439468384e-01,3.583120405673980713e-01,1.703887432813644409e-01,2.927823066711425781e-01,1.951714456081390381e-01,1.791702210903167725e-01,4.937433078885078430e-02,4.206909611821174622e-02,1.715667396783828735e-01,3.753818273544311523e-01,2.978268861770629883e-01,4.120454490184783936e-01,4.494886398315429688e-01,4.038155972957611084e-01,3.577767908573150635e-01,3.134310841560363770e-01,1.268362849950790405e-01,6.279677152633666992e-01,1.760473251342773438e-01,7.814624160528182983e-02,2.867406308650970459e-01,2.033748328685760498e-01,1.874363720417022705e-01,2.967046797275543213e-01,8.249116688966751099e-02,1.988143175840377808e-01,6.446546316146850586e-01,4.615707397460937500e-01,4.874089732766151428e-02,5.167766213417053223e-01,5.073755979537963867e-01,1.185939535498619080e-01,-4.433212429285049438e-02
4.095486700534820557e-01,3.246610164642333984e-01,1.000000000000000000e+00,5.837746858596801758e-01,4.273886680603027344e-01,4.874805808067321777e-01,5.536810159683227539e-01,2.231805771589279175e-01,3.647371530532836914e-01,3.118623793125152588e-01,1.224653348326683044e-01,3.493041098117828369e-01,3.197836279869079590e-01,3.460110127925872803e-01,2.444480955600738525e-01,3.115997314453125000e-01,3.276545703411102295e-01,1.463427245616912842e-01,4.625222682952880859e-01,2.804521918296813965e-01,3.349037468433380127e-01,1.537058502435684204e-01,1.494238823652267456e-01,5.300638079643249512e-02,3.368825912475585938e-01,4.074401855468750000e-01,1.431241482496261597e-01,4.070279896259307861e-01,3.678730726242065430e-01,1.648932397365570068e-01,1.009477972984313965e-01,-2.619604580104351044e-03,3.665063381195068359e-01,3.162131607532501221e-01,1.608204394578933716e-01,1.890301853418350220e-01,2.982494235038757324e-01,3.072787523269653320e-01,3.400782048702239990e-01,3.491835594177246094e-01,2.244090586900711060e-01,2.892243564128875732e-01,2.045243531465530396e-01,-9.468498080968856812e-02,3.925546407699584961e-01,3.549544811248779297e-01,1.446453779935836792e-01,-1.264492422342300415e-01
5.396568179130554199e-01,2.886654436588287354e-01,5.837746858596801758e-01,1.000000000000000000e+00,4.682174623012542725e-01,5.062308311462402344e-01,5.771470069885253906e-01,1.925760358572006226e-01,3.195778131484985352e-01,3.640929460525512695e-01,9.319151192903518677e-02,4.012599289417266846e-01,4.868716597557067871e-01,2.140739560127258301e-01,2.352506816387176514e-01,1.713880002498626709e-01,5.025011897087097168e-01,3.793346285820007324e-01,4.049662351608276367e-01,3.934132754802703857e-01,5.350818037986755371e-01,2.792485356330871582e-01,5.956883355975151062e-02,-2.073746547102928162e-02,2.188555151224136353e-01,4.763528406620025635e-01,-2.797533012926578522e-02,5.443323254585266113e-01,2.855136096477508545e-01,1.983834356069564819e-01,1.988788545131683350e-01,8.635278046131134033e-02,2.923083007335662842e-01,2.586564123630523682e-01,1.112961396574974060e-01,8.442512899637222290e-02,2.568817138671875000e-01,2.118948101997375488e-01,2.298268228769302368e-01,2.143445760011672974e-01,3.577977716922760010e-01,2.587267160415649414e-01,1.722228527069091797e-01,8.136329054832458496e-02,2.798297703266143799e-01,3.387875854969024658e-01,9.523141384124755859e-02,-7.006114721298217773e-02
4.148611724376678467e-01,1.619109064340591431e-01,4.273886680603027344e-01,4.682174623012542725e-01,1.000000000000000000e+00,6.146825551986694336e-01,3.339725732803344727e-01,2.539404034614562988e-01,3.720639348030090332e-01,4.099175631999969482e-01,2.043486386537551880e-01,3.570964932441711426e-01,3.667635917663574219e-01,2.850036025047302246e-01,8.323595672845840454e-02,2.197594940662384033e-01,1.615222990512847900e-01,1.746750771999359131e-01,2.631755173206329346e-01,3.155341148376464844e-01,5.070570707321166992e-01,1.742578148841857910e-01,8.333165198564529419e-02,-1.146175153553485870e-02,2.618590295314788818e-01,2.521501779556274414e-01,-1.300889346748590469e-02,3.894616663455963135e-01,2.915128469467163086e-01,1.663767099380493164e-01,1.030968949198722839e-01,4.071476683020591736e-02,1.974040716886520386e-01,3.059436082839965820e-01,2.463172376155853271e-01,2.160609960556030273e-01,2.344011813402175903e-01,2.042632102966308594e-01,2.825218737125396729e-01,4.233218431472778320e-01,3.875968754291534424e-01,9.831012785434722900e-02,2.937923371791839600e-02,5.822872370481491089e-02,1.971741467714309692e-01,1.797405183315277100e-01,1.153654456138610840e-01,-2.228454649448394775e-01
3.944431543350219727e-01,4.207182228565216064e-01,4.874805808067321777e-01,5.062308311462402344e-01,6.146825551986694336e-01,1.000000000000000000e+00,5.706487298011779785e-01,2.327368408441543579e-01,3.265076279640197754e-01,3.020927309989929199e-01,1.377008110284805298e-01,2.748199105262756348e-01,3.612408936023712158e-01,2.250867784023284912e-01,2.472494244575500488e-01,2.711975872516632080e-01,4.650673270225524902e-01,3.028525412082672119e-01,4.642021656036376953e-01,3.049713373184204102e-01,4.499240219593048096e-01,1.320333778858184814e-01,9.032986313104629517e-02,1.357395853847265244e-02,3.175649344921112061e-01,2.886651754379272461e-01,1.080611050128936768e-01,4.611524641513824463e-01,3.876610994338989258e-01,1.771765798330307007e-01,1.595568507909774780e-01,5.739055946469306946e-02,4.271023571491241455e-01,2.246537357568740845e-01,2.304438054561614990e-01,1.656881421804428101e-01,2.402988523244857788e-01,2.899324297904968262e-01,3.572083115577697754e-01,2.768750786781311035e-01,4.800927937030792236e-01,3.285356163978576660e-01,1.648686528205871582e-01,9.587835520505905151e-02,2.770341634750366211e-01,2.586299479007720947e-01,1.097349673509597778e-01,-1.803706735372543335e-01
2.346044629812240601e-01,4.872214496135711670e-01,5.536810159683227539e-01,5.771470069885253906e-01,3.339725732803344727e-01,5.706487298011779785e-01,1.000000000000000000e+00,2.267073839902877808e-01,3.244069516658782959e-01,2.442550361156463623e-01,1.128239706158638000e-01,2.352610975503921509e-01,3.245987594127655029e-01,1.919598281383514404e-01,2.523771822452545166e-01,2.136105149984359741e-01,6.702870726585388184e-01,4.310261011123657227e-01,4.972300529479980469e-01,2.011865973472595215e-01,3.504706621170043945e-01,1.934889405965805054e-01,4.545755684375762939e-02,7.043516635894775391e-02,2.230396866798400879e-01,4.608854949474334717e-01,1.598725020885467529e-01,4.753169119358062744e-01,4.518740773200988770e-01,2.806931734085083008e-01,3.090949654579162598e-01,1.297392100095748901e-01,3.553405404090881348e-01,2.761269807815551758e-01,9.301374852657318115e-02,1.276273429393768311e-01,2.424846589565277100e-01,3.108958303928375244e-01,3.043438494205474854e-01,7.682453840970993042e-02,3.177467882633209229e-01,5.213485956192016602e-01,3.858119845390319824e-01,1.784740984439849854e-01,3.764100074768066406e-01,4.159789085388183594e-01,1.485068053007125854e-01,-4.994714260101318359e-02
1.054926514625549316e-01,1.608159691095352173e-01,2.231805771589279175e-01,1.925760358572006226e-01,2.539404034614562988e-01,2.327368408441543579e-01,2.267073839902877808e-01,1.000000000000000000e+00,5.677521228790283203e-01,5.654145479202270508e-01,6.645086407661437988e-01,6.191157102584838867e-01,2.314342409372329712e-01,6.527011990547180176e-01,3.970709741115570068e-01,3.263981938362121582e-01,-2.154479268938302994e-03,-3.446874022483825684e-02,3.465248346328735352e-01,4.258435070514678955e-01,3.887484967708587646e-01,-6.244425103068351746e-02,3.119905292987823486e-01,-1.118638068437576294e-01,2.110611498355865479e-01,2.141570895910263062e-01,2.350221574306488037e-01,4.704639911651611328e-01,2.970980107784271240e-01,2.019580304622650146e-01,-9.306004643440246582e-02,-4.098724946379661560e-02,3.146388828754425049e-01,4.461604654788970947e-01,1.442610621452331543e-01,1.718297600746154785e-01,3.563481569290161133e-01,2.679944038391113281e-01,2.739899158477783203e-01,3.328258395195007324e-01,8.076285570859909058e-02,1.554881930351257324e-01,3.526687920093536377e-01,2.875143587589263916e-01,9.720929712057113647e-02,1.233158037066459656e-01,-8.833363652229309082e-03,1.764472946524620056e-02
1.749846637248992920e-01,1.558099538087844849e-01,3.647371530532836914e-01,3.195778131484985352e-01,3.720639348030090332e-01,3.265076279640197754e-01,3.244069516658782959e-01,5.677521228790283203e-01,1.000000000000000000e+00,6.607513427734375000e-01,2.998570203781127930e-01,4.118215143680572510e-01,2.226456105709075928e-01,4.350638985633850098e-01,2.343005239963531494e-01,2.673713862895965576e-01,5.609852820634841919e-02,-1.185260638594627380e-01,3.731649219989776611e-01,3.938090503215789795e-01,4.348921775817871094e-01,-2.931855432689189911e-02,2.711175382137298584e-01,-1.862350702285766602e-01,2.546426951885223389e-01,3.279782235622406006e-01,1.607759296894073486e-01,3.787624537944793701e-01,2.370375990867614746e-01,6.987743824720382690e-02,-1.852692812681198120e-01,-1.116025745868682861e-01,2.857848405838012695e-01,3.047254383563995361e-01,1.289987266063690186e-01,1.348468065261840820e-01,2.865444421768188477e-01,1.714651882648468018e-01,3.207314014434814453e-01,3.616680204868316650e-01,1.603424549102783203e-01,1.726273596286773682e-01,2.855859100818634033e-01,3.660222589969635010e-01,2.796065211296081543e-01,2.910668253898620605e-01,-3.535269352141767740e-04,-3.647033497691154480e-02
2.512031495571136475e-01,9.621576219797134399e-02,3.118623793125152588e-01,3.640929460525512695e-01,4.099175631999969482e-01,3.020927309989929199e-01,2.442550361156463623e-01,5.654145479202270508e-01,6.607513427734375000e-01,1.000000000000000000e+00,4.611532390117645264e-01,4.834920465946197510e-01,2.694728970527648926e-01,4.457746446132659912e-01,1.740327179431915283e-01,2.923759818077087402e-01,4.147620126605033875e-02,-1.079847961664199829e-01,4.808763563632965088e-01,6.437937617301940918e-01,5.977153778076171875e-01,-1.270329765975475311e-02,2.902536094188690186e-01,-1.765768229961395264e-01,1.921440511941909790e-01,3.635854721069335938e-01,-3.905071178451180458e-03,4.093346595764160156e-01,1.579279601573944092e-01,1.223167702555656433e-01,-1.020604372024536133e-01,1.708007045090198517e-02,2.827756106853485107e-01,3.199484050273895264e-01,9.148512780666351318e-02,1.899839937686920166e-01,2.304188013076782227e-01,1.322159916162490845e-01,3.161156773567199707e-01,3.757852613925933838e-01,1.689887791872024536e-01,1.540868729352951050e-01,3.249348402023315430e-01,3.809901773929595947e-01,1.503702700138092041e-01,2.466288357973098755e-01,-2.696546725928783417e-02,-5.944095179438591003e-02
4.760367050766944885e-02,3.995602950453758240e-02,1.224653348326683044e-01,9.319151192903518677e-02,2.043486386537551880e-01,1.377008110284805298e-01,1.128239706158638000e-01,6.645086407661437988e-01,2.998570203781127930e-01,4.611532390117645264e-01,1.000000000000000000e+00,4.945958256721496582e-01,1.513736397027969360e-01,5.821612477302551270e-01,1.592473536729812622e-01,1.579543054103851318e-01,-4.500385746359825134e-02,8.034308999776840210e-02,2.147728353738784790e-01,3.883095681667327881e-01,3.518897593021392822e-01,4.668353497982025146e-02,1.835604310035705566e-01,-2.185864560306072235e-02,1.626179516315460205e-01,1.617010980844497681e-01,2.774416282773017883e-02,2.911132574081420898e-01,1.670106947422027588e-01,2.515910863876342773e-01,-2.393428236246109009e-03,3.767219930887222290e-02,1.823727190494537354e-01,2.153715640306472778e-01,4.490350559353828430e-02,1.520989090204238892e-01,6.617794930934906006e-02,8.544410020112991333e-02,1.214596405625343323e-01,2.105708420276641846e-01,-3.945300355553627014e-02,2.671399340033531189e-02,2.672086954116821289e-01,1.383088380098342896e-01,-1.263152249157428741e-02,8.726645261049270630e-02,8.549882471561431885e-02,5.234960839152336121e-02
4.576436877250671387e-01,1.474086046218872070e-01,3.493041098117828369e-01,4.012599289417266846e-01,3.570964932441711426e-01,2.748199105262756348e-01,2.352610975503921509e-01,6.191157102584838867e-01,4.118215143680572510e-01,4.834920465946197510e-01,4.945958256721496582e-01,1.000000000000000000e+00,5.560562610626220703e-01,4.712017774581909180e-01,3.910068273544311523e-01,3.265094161033630371e-01,1.572070717811584473e-01,1.713523566722869873e-01,3.539431691169738770e-01,5.469026565551757812e-01,4.580685496330261230e-01,1.209845673292875290e-02,2.455915510654449463e-01,-1.198466271162033081e-01,3.805913925170898438e-01,2.873665690422058105e-01,1.018779501318931580e-01,4.694654047489166260e-01,4.201160073280334473e-01,2.598685920238494873e-01,-8.238241821527481079e-02,-2.038439176976680756e-02,2.411946058273315430e-01,4.971250593662261963e-01,2.808407843112945557e-01,2.060155421495437622e-01,4.083448946475982666e-01,3.339537084102630615e-01,2.181721329689025879e-01,3.538064956665039062e-01,1.342195123434066772e-01,1.923261433839797974e-01,3.110328614711761475e-01,6.164481118321418762e-02,1.585479825735092163e-01,2.077282965183258057e-01,9.810605645179748535e-02,-3.004135377705097198e-02
3.207070231437683105e-01,1.372049003839492798e-01,3.197836279869079590e-01,4.868716597557067871e-01,3.667635917663574219e-01,3.612408936023712158e-01,3.245987594127655029e-01,2.314342409372329712e-01,2.226456105709075928e-01,2.694728970527648926e-01,1.513736397027969360e-01,5.560562610626220703e-01,1.000000000000000000e+00,2.704471349716186523e-01,3.567092716693878174e-01,4.047046303749084473e-01,4.311454296112060547e-01,4.865914881229400635e-01,1.623696237802505493e-01,3.930715322494506836e-01,4.359970688819885254e-01,-5.561437923461198807e-03,1.552807092666625977e-01,-2.713523507118225098e-01,1.557299047708511353e-01,3.357357084751129150e-01,-1.351359337568283081e-01,2.294642180204391479e-01,2.211555242538452148e-01,2.075578868389129639e-01,-8.553100377321243286e-02,-1.552142947912216187e-01,1.127462610602378845e-01,2.953089177608489990e-01,2.559148967266082764e-01,4.736040532588958740e-02,3.065676689147949219e-01,3.303475081920623779e-01,1.795795708894729614e-01,9.977162629365921021e-02,1.038543730974197388e-01,1.351035535335540771e-01,9.665664285421371460e-02,-8.583683520555496216e-02,1.112876236438751221e-01,2.087143510580062866e-01,-8.008982986211776733e-02,-6.449094414710998535e-02
6.114020198583602905e-02,9.205127507448196411e-02,3.460110127925872803e-01,2.140739560127258301e-01,2.850036025047302246e-01,2.250867784023284912e-01,1.919598281383514404e-01,6.527011990547180176e-01,4.350638985633850098e-01,4.457746446132659912e-01,5.821612477302551270e-01,4.712017774581909180e-01,2.704471349716186523e-01,1.000000000000000000e+00,5.020360350608825684e-01,3.372983634471893311e-01,-4.870818555355072021e-02,2.280868217349052429e-02,2.635293304920196533e-01,3.606910407543182373e-01,3.817963302135467529e-01,3.715484961867332458e-02,3.235968053340911865e-01,-1.473691910505294800e-01,1.805413961410522461e-01,2.066650092601776123e-01,1.236301958560943604e-01,3.111523687839508057e-01,1.113206744194030762e-01,6.996785849332809448e-02,-1.625084728002548218e-01,-1.771696209907531738e-01,2.432754188776016235e-01,2.972853481769561768e-01,9.913444519042968750e-03,7.048420608043670654e-02,4.380473196506500244e-01,3.502626419067382812e-01,2.192398309707641602e-01,3.178316950798034668e-01,-2.408075146377086639e-03,3.254616260528564453e-02,2.013107985258102417e-01,-1.107229366898536682e-01,9.692406281828880310e-03,1.101115122437477112e-01,1.020477712154388428e-02,7.796910405158996582e-02
1.868305653333663940e-01,1.667854189872741699e-01,2.444480955600738525e-01,2.352506816387176514e-01,8.323595672845840454e-02,2.472494244575500488e-01,2.523771822452545166e-01,3.970709741115570068e-01,2.343005239963531494e-01,1.740327179431915283e-01,1.592473536729812622e-01,3.910068273544311523e-01,3.567092716693878174e-01,5.020360350608825684e-01,1.000000000000000000e+00,5.237661600112915039e-01,2.599259316921234131e-01,1.981300860643386841e-01,3.258395791053771973e-01,3.071881830692291260e-01,2.613958120346069336e-01,-1.347382217645645142e-01,2.736760079860687256e-01,-2.495524138212203979e-01,6.448805332183837891e-03,1.395199298858642578e-01,9.568946063518524170e-02,2.630612552165985107e-01,1.017933338880538940e-01,-2.826409041881561279e-02,-1.106334701180458069e-01,-1.819937527179718018e-01,1.692784130573272705e-01,3.259577155113220215e-01,7.838556170463562012e-02,-6.501355022192001343e-02,5.377715229988098145e-01,5.987200736999511719e-01,3.309483528137207031e-01,1.133062690496444702e-02,-2.477368153631687164e-02,1.642761230468750000e-01,1.810111850500106812e-01,-9.829490631818771362e-02,7.345823943614959717e-02,1.151895001530647278e-01,-1.744725555181503296e-01,7.337533682584762573e-02
1.358115673065185547e-01,1.500998884439468384e-01,3.115997314453125000e-01,1.713880002498626709e-01,2.197594940662384033e-01,2.711975872516632080e-01,2.136105149984359741e-01,3.263981938362121582e-01,2.673713862895965576e-01,2.923759818077087402e-01,1.579543054103851318e-01,3.265094161033630371e-01,4.047046303749084473e-01,3.372983634471893311e-01,5.237661600112915039e-01,1.000000000000000000e+00,1.635682284832000732e-01,2.544477209448814392e-02,2.874536514282226562e-01,3.337513208389282227e-01,3.352127969264984131e-01,-3.589893281459808350e-01,3.253005146980285645e-01,-3.342676758766174316e-01,6.600876152515411377e-02,9.517262130975723267e-02,6.329464167356491089e-02,1.850024163722991943e-01,1.450764089822769165e-01,1.000900343060493469e-01,-1.660590469837188721e-01,-2.557685673236846924e-01,9.623670578002929688e-02,4.203226864337921143e-01,1.907408386468887329e-01,9.551834315061569214e-02,4.698348045349121094e-01,4.988082051277160645e-01,4.940821230411529541e-01,2.014269232749938965e-01,-2.393485233187675476e-02,1.032726690173149109e-01,1.020399555563926697e-01,-3.316319733858108521e-02,1.503223329782485962e-01,1.225365623831748962e-01,-1.907263249158859253e-01,-1.879130899906158447e-01
2.968195974826812744e-01,3.583120405673980713e-01,3.276545703411102295e-01,5.025011897087097168e-01,1.615222990512847900e-01,4.650673270225524902e-01,6.702870726585388184e-01,-2.154479268938302994e-03,5.609852820634841919e-02,4.147620126605033875e-02,-4.500385746359825134e-02,1.572070717811584473e-01,4.311454296112060547e-01,-4.870818555355072021e-02,2.599259316921234131e-01,1.635682284832000732e-01,1.000000000000000000e+00,6.589300036430358887e-01,4.038448035717010498e-01,1.893420666456222534e-01,2.774140536785125732e-01,8.916172385215759277e-02,-5.557319149374961853e-02,-6.607740372419357300e-02,5.477080866694450378e-02,2.360895872116088867e-01,3.306797007098793983e-03,2.552209496498107910e-01,2.676334679126739502e-01,1.722758859395980835e-01,2.432799935340881348e-01,1.143220886588096619e-01,2.211972624063491821e-01,1.182587593793869019e-01,7.511558383703231812e-02,5.055104941129684448e-02,1.121649071574211121e-01,2.665272653102874756e-01,1.792761385440826416e-01,-8.944580703973770142e-02,2.415687143802642822e-01,3.416206538677215576e-01,1.801710724830627441e-01,1.129867956042289734e-01,2.661059200763702393e-01,2.924068272113800049e-01,3.324484825134277344e-02,-1.256102323532104492e-02
1.733423918485641479e-01,1.703887432813644409e-01,1.463427245616912842e-01,3.793346285820007324e-01,1.746750771999359131e-01,3.028525412082672119e-01,4.310261011123657227e-01,-3.446874022483825684e-02,-1.185260638594627380e-01,-1.079847961664199829e-01,8.034308999776840210e-02,1.713523566722869873e-01,4.865914881229400635e-01,2.280868217349052429e-02,1.981300860643386841e-01,2.544477209448814392e-02,6.589300036430358887e-01,1.000000000000000000e+00,3.543449193239212036e-02,6.400638818740844727e-02,1.928277015686035156e-01,2.468162328004837036e-01,-1.881259381771087646e-01,1.902406848967075348e-02,3.281047567725181580e-02,1.573138087987899780e-01,-6.558405607938766479e-02,9.527532756328582764e-02,2.247584909200668335e-01,2.890565991401672363e-01,3.196307122707366943e-01,1.777924597263336182e-01,8.257964998483657837e-02,3.851223737001419067e-02,6.571844220161437988e-02,-2.816840820014476776e-02,4.692038521170616150e-02,1.692340821027755737e-01,-7.044341415166854858e-02,-2.574420571327209473e-01,1.180319413542747498e-01,9.870267659425735474e-02,1.282616052776575089e-03,-7.168335467576980591e-02,7.612094283103942871e-02,1.086123287677764893e-01,8.376666903495788574e-02,-2.665141411125659943e-02
3.620575368404388428e-01,2.927823066711425781e-01,4.625222682952880859e-01,4.049662351608276367e-01,2.631755173206329346e-01,4.642021656036376953e-01,4.972300529479980469e-01,3.465248346328735352e-01,3.731649219989776611e-01,4.808763563632965088e-01,2.147728353738784790e-01,3.539431691169738770e-01,1.623696237802505493e-01,2.635293304920196533e-01,3.258395791053771973e-01,2.874536514282226562e-01,4.038448035717010498e-01,3.543449193239212036e-02,1.000000000000000000e+00,5.171546936035156250e-01,3.987292051315307617e-01,-1.178592722862958908e-02,2.268234342336654663e-01,-6.677438318729400635e-02,2.279794663190841675e-01,3.383052349090576172e-01,1.349119842052459717e-01,4.652643799781799316e-01,3.009524345397949219e-01,7.229914888739585876e-03,5.754208192229270935e-02,4.709608107805252075e-02,3.756947815418243408e-01,3.036078512668609619e-01,6.260463595390319824e-02,9.137890487909317017e-02,2.374245226383209229e-01,2.795063555240631104e-01,3.025209009647369385e-01,2.558674812316894531e-01,3.120133280754089355e-01,3.413658440113067627e-01,3.121002018451690674e-01,2.370797991752624512e-01,3.398536741733551025e-01,3.395529985427856445e-01,-9.019779972732067108e-03,-2.098380587995052338e-02
4.481424391269683838e-01,1.951714456081390381e-01,2.804521918296813965e-01,3.934132754802703857e-01,3.155341148376464844e-01,3.049713373184204102e-01,2.011865973472595215e-01,4.258435070514678955e-01,3.938090503215789795e-01,6.437937617301940918e-01,3.883095681667327881e-01,5.469026565551757812e-01,3.930715322494506836e-01,3.606910407543182373e-01,3.071881830692291260e-01,3.337513208389282227e-01,1.893420666456222534e-01,6.400638818740844727e-02,5.171546936035156250e-01,1.000000000000000000e+00,6.058723330497741699e-01,-1.351005434989929199e-01,2.504988312721252441e-01,-2.865672707557678223e-01,2.599799036979675293e-01,3.388267755508422852e-01,6.885526329278945923e-02,4.013264179229736328e-01,1.469632536172866821e-01,1.798217296600341797e-01,-1.164560690522193909e-01,-1.072801575064659119e-01,3.355771899223327637e-01,2.335982471704483032e-01,1.308508664369583130e-01,8.531189709901809692e-02,2.394798845052719116e-01,1.889902353286743164e-01,2.047776281833648682e-01,2.809777259826660156e-01,6.557837128639221191e-02,1.628572195768356323e-01,3.375977277755737305e-01,1.746915727853775024e-01,2.184075862169265747e-01,3.652842044830322266e-01,-1.955144703388214111e-01,4.638227820396423340e-02
3.448810279369354248e-01,1.791702210903167725e-01,3.349037468433380127e-01,5.350818037986755371e-01,5.070570707321166992e-01,4.499240219593048096e-01,3.504706621170043945e-01,3.887484967708587646e-01,4.348921775817871094e-01,5.977153778076171875e-01,3.518897593021392822e-01,4.580685496330261230e-01,4.359970688819885254e-01,3.817963302135467529e-01,2.613958120346069336e-01,3.352127969264984131e-01,2.774140536785125732e-01,1.928277015686035156e-01,3.987292051315307617e-01,6.058723330497741699e-01,1.000000000000000000e+00,6.561214476823806763e-02,2.395000308752059937e-01,-2.190666794776916504e-01,1.581277251243591309e-01,2.748565971851348877e-01,-9.604307822883129120e-03,4.359146952629089355e-01,1.489142328500747681e-01,1.734153777360916138e-01,3.481087088584899902e-02,-3.239488974213600159e-02,2.368413507938385010e-01,2.763548493385314941e-01,1.943447142839431763e-01,5.452516302466392517e-02,3.276333510875701904e-01,2.112304717302322388e-01,2.822282910346984863e-01,2.761909663677215576e-01,3.006667494773864746e-01,8.272338658571243286e-02,1.745627969503402710e-01,1.397532373666763306e-01,1.075297445058822632e-01,2.303051948547363281e-01,-7.583073526620864868e-02,-1.460318118333816528e-01
4.268823936581611633e-02,4.937433078885078430e-02,1.537058502435684204e-01,2.792485356330871582e-01,1.742578148841857910e-01,1.320333778858184814e-01,1.934889405965805054e-01,-6.244425103068351746e-02,-2.931855432689189911e-02,-1.270329765975475311e-02,4.668353497982025146e-02,1.209845673292875290e-02,-5.561437923461198807e-03,3.715484961867332458e-02,-1.347382217645645142e-01,-3.589893281459808350e-01,8.916172385215759277e-02,2.468162328004837036e-01,-1.178592722862958908e-02,-1.351005434989929199e-01,6.561214476823806763e-02,1.000000000000000000e+00,-2.101462930440902710e-01,4.916988611221313477e-01,3.296061605215072632e-02,2.162871062755584717e-01,-1.674251556396484375e-01,1.280701458454132080e-01,1.269692480564117432e-01,1.217606812715530396e-01,4.890761077404022217e-01,4.902650415897369385e-01,4.735048860311508179e-02,7.797130942344665527e-02,-1.299621444195508957e-02,1.071546450257301331e-01,7.514923810958862305e-03,5.656362976878881454e-03,-1.628161519765853882e-01,-2.589851245284080505e-02,2.934870123863220215e-01,5.668222904205322266e-02,2.550972811877727509e-02,-2.763827703893184662e-02,2.181232534348964691e-02,2.851236052811145782e-02,4.234815835952758789e-01,-2.029325664043426514e-01
-5.588398501276969910e-02,4.206909611821174622e-02,1.494238823652267456e-01,5.956883355975151062e-02,8.333165198564529419e-02,9.032986313104629517e-02,4.545755684375762939e-02,3.119905292987823486e-01,2.711175382137298584e-01,2.902536094188690186e-01,1.835604310035705566e-01,2.455915510654449463e-01,1.552807092666625977e-01,3.235968053340911865e-01,2.736760079860687256e-01,3.253005146980285645e-01,-5.557319149374961853e-02,-1.881259381771087646e-01,2.268234342336654663e-01,2.504988312721252441e-01,2.395000308752059937e-01,-2.101462930440902710e-01,1.000000000000000000e+00,-3.174690306186676025e-01,4.077636078000068665e-02,1.270345300436019897e-01,1.078358590602874756e-01,1.361415088176727295e-01,5.157813057303428650e-02,-3.218375891447067261e-02,-3.207892775535583496e-01,-3.178652524948120117e-01,7.738817483186721802e-02,2.566143572330474854e-01,1.816288083791732788e-01,1.823739558458328247e-01,2.319577485322952271e-01,2.230841219425201416e-01,2.587401866912841797e-01,2.711883187294006348e-01,-4.228951036930084229e-02,-3.077922016382217407e-02,1.326251626014709473e-01,6.312427669763565063e-02,-6.876379717141389847e-03,6.318709254264831543e-02,-2.247621715068817139e-01,3.106445670127868652e-01
-6.724858283996582031e-02,1.715667396783828735e-01,5.300638079643249512e-02,-2.073746547102928162e-02,-1.146175153553485870e-02,1.357395853847265244e-02,7.043516635894775391e-02,-1.118638068437576294e-01,-1.862350702285766602e-01,-1.765768229961395264e-01,-2.185864560306072235e-02,-1.198466271162033081e-01,-2.713523507118225098e-01,-1.473691910505294800e-01,-2.495524138212203979e-01,-3.342676758766174316e-01,-6.607740372419357300e-02,1.902406848967075348e-02,-6.677438318729400635e-02,-2.865672707557678223e-01,-2.190666794776916504e-01,4.916988611221313477e-01,-3.174690306186676025e-01,1.000000000000000000e+00,1.180259883403778076e-02,5.187468230724334717e-02,2.054416947066783905e-02,1.177491918206214905e-01,1.610692590475082397e-01,2.682896256446838379e-01,6.550585031509399414e-01,6.574537158012390137e-01,9.263679385185241699e-02,-2.927758172154426575e-02,-1.723416149616241455e-02,3.415038883686065674e-01,-9.960822761058807373e-02,-7.479595392942428589e-02,-3.085264936089515686e-02,7.268069684505462646e-02,2.172371298074722290e-01,1.160691007971763611e-01,6.915483623743057251e-02,8.527559041976928711e-02,1.059251278638839722e-01,-4.259842634201049805e-02,6.500666141510009766e-01,-2.213380932807922363e-01
3.670624792575836182e-01,3.753818273544311523e-01,3.368825912475585938e-01,2.188555151224136353e-01,2.618590295314788818e-01,3.175649344921112061e-01,2.230396866798400879e-01,2.110611498355865479e-01,2.546426951885223389e-01,1.921440511941909790e-01,1.626179516315460205e-01,3.805913925170898438e-01,1.557299047708511353e-01,1.805413961410522461e-01,6.448805332183837891e-03,6.600876152515411377e-02,5.477080866694450378e-02,3.281047567725181580e-02,2.279794663190841675e-01,2.599799036979675293e-01,1.581277251243591309e-01,3.296061605215072632e-02,4.077636078000068665e-02,1.180259883403778076e-02,1.000000000000000000e+00,2.447366267442703247e-01,4.026397466659545898e-01,4.177493155002593994e-01,4.694058001041412354e-01,3.460064232349395752e-01,9.946849197149276733e-03,-2.149096503853797913e-02,5.088201761245727539e-01,1.862142384052276611e-01,1.484472006559371948e-01,2.655837535858154297e-01,1.513487249612808228e-01,7.869573682546615601e-02,1.137294545769691467e-01,2.790109515190124512e-01,2.288390100002288818e-01,2.947661578655242920e-01,2.219061404466629028e-01,-1.271661818027496338e-01,3.118257820606231689e-01,2.589386999607086182e-01,1.584285944700241089e-01,2.670512348413467407e-02
2.284338921308517456e-01,2.978268861770629883e-01,4.074401855468750000e-01,4.763528406620025635e-01,2.521501779556274414e-01,2.886651754379272461e-01,4.608854949474334717e-01,2.141570895910263062e-01,3.279782235622406006e-01,3.635854721069335938e-01,1.617010980844497681e-01,2.873665690422058105e-01,3.357357084751129150e-01,2.066650092601776123e-01,1.395199298858642578e-01,9.517262130975723267e-02,2.360895872116088867e-01,1.573138087987899780e-01,3.383052349090576172e-01,3.388267755508422852e-01,2.748565971851348877e-01,2.162871062755584717e-01,1.270345300436019897e-01,5.187468230724334717e-02,2.447366267442703247e-01,1.000000000000000000e+00,1.257263571023941040e-01,4.610332548618316650e-01,3.405120670795440674e-01,3.687079846858978271e-01,1.677487194538116455e-01,6.070316210389137268e-02,2.477982938289642334e-01,2.409115135669708252e-01,1.209408789873123169e-01,2.544570267200469971e-01,1.493213623762130737e-01,1.744907051324844360e-01,2.021977156400680542e-01,1.056169196963310242e-01,1.842399239540100098e-01,3.061102032661437988e-01,3.040517866611480713e-01,1.538452357053756714e-01,2.696224153041839600e-01,3.165996968746185303e-01,6.761398911476135254e-02,7.909487187862396240e-02
9.944292902946472168e-02,4.120454490184783936e-01,1.431241482496261597e-01,-2.797533012926578522e-02,-1.300889346748590469e-02,1.080611050128936768e-01,1.598725020885467529e-01,2.350221574306488037e-01,1.607759296894073486e-01,-3.905071178451180458e-03,2.774416282773017883e-02,1.018779501318931580e-01,-1.351359337568283081e-01,1.236301958560943604e-01,9.568946063518524170e-02,6.329464167356491089e-02,3.306797007098793983e-03,-6.558405607938766479e-02,1.349119842052459717e-01,6.885526329278945923e-02,-9.604307822883129120e-03,-1.674251556396484375e-01,1.078358590602874756e-01,2.054416947066783905e-02,4.026397466659545898e-01,1.257263571023941040e-01,1.000000000000000000e+00,3.071042299270629883e-01,3.165953159332275391e-01,2.997778356075286865e-01,1.063238084316253662e-01,9.734668768942356110e-03,4.742133617401123047e-01,1.429988294839859009e-01,5.979296565055847168e-02,1.727026104927062988e-01,1.746096760034561157e-01,9.529285877943038940e-02,1.405262649059295654e-01,1.184407249093055725e-01,5.076922103762626648e-02,3.300915956497192383e-01,3.370536267757415771e-01,-3.250667080283164978e-02,1.826467663049697876e-01,1.832821220159530640e-01,-6.630892865359783173e-03,1.607967317104339600e-01
4.098590016365051270e-01,4.494886398315429688e-01,4.070279896259307861e-01,5.443323254585266113e-01,3.894616663455963135e-01,4.611524641513824463e-01,4.753169119358062744e-01,4.704639911651611328e-01,3.787624537944793701e-01,4.093346595764160156e-01,2.911132574081420898e-01,4.694654047489166260e-01,2.294642180204391479e-01,3.111523687839508057e-01,2.630612552165985107e-01,1.850024163722991943e-01,2.552209496498107910e-01,9.527532756328582764e-02,4.652643799781799316e-01,4.013264179229736328e-01,4.359146952629089355e-01,1.280701458454132080e-01,1.361415088176727295e-01,1.177491918206214905e-01,4.177493155002593994e-01,4.610332548618316650e-01,3.071042299270629883e-01,1.000000000000000000e+00,5.100271701812744141e-01,3.469046950340270996e-01,2.770352959632873535e-01,2.435425817966461182e-01,4.936773478984832764e-01,3.466736674308776855e-01,1.544519662857055664e-01,2.746517062187194824e-01,3.195102214813232422e-01,2.635538876056671143e-01,3.341107666492462158e-01,2.772470116615295410e-01,4.121029675006866455e-01,3.663431704044342041e-01,3.338853418827056885e-01,2.038266807794570923e-01,2.593362629413604736e-01,2.207418233156204224e-01,1.524283587932586670e-01,-7.169630262069404125e-04
3.119181096553802490e-01,4.038155972957611084e-01,3.678730726242065430e-01,2.855136096477508545e-01,2.915128469467163086e-01,3.876610994338989258e-01,4.518740773200988770e-01,2.970980107784271240e-01,2.370375990867614746e-01,1.579279601573944092e-01,1.670106947422027588e-01,4.201160073280334473e-01,2.211555242538452148e-01,1.113206744194030762e-01,1.017933338880538940e-01,1.450764089822769165e-01,2.676334679126739502e-01,2.247584909200668335e-01,3.009524345397949219e-01,1.469632536172866821e-01,1.489142328500747681e-01,1.269692480564117432e-01,5.157813057303428650e-02,1.610692590475082397e-01,4.694058001041412354e-01,3.405120670795440674e-01,3.165953159332275391e-01,5.100271701812744141e-01,1.000000000000000000e+00,3.621187806129455566e-01,2.366333454847335815e-01,2.210469543933868408e-01,3.100888133049011230e-01,3.575081825256347656e-01,3.106438517570495605e-01,2.451452612876892090e-01,2.718876898288726807e-01,1.863364279270172119e-01,1.328536719083786011e-01,1.555128693580627441e-01,3.034539818763732910e-01,3.962667584419250488e-01,2.853096723556518555e-01,1.242921873927116394e-01,3.301531374454498291e-01,1.778487265110015869e-01,2.030138522386550903e-01,-8.218704164028167725e-02
1.031839847564697266e-01,3.577767908573150635e-01,1.648932397365570068e-01,1.983834356069564819e-01,1.663767099380493164e-01,1.771765798330307007e-01,2.806931734085083008e-01,2.019580304622650146e-01,6.987743824720382690e-02,1.223167702555656433e-01,2.515910863876342773e-01,2.598685920238494873e-01,2.075578868389129639e-01,6.996785849332809448e-02,-2.826409041881561279e-02,1.000900343060493469e-01,1.722758859395980835e-01,2.890565991401672363e-01,7.229914888739585876e-03,1.798217296600341797e-01,1.734153777360916138e-01,1.217606812715530396e-01,-3.218375891447067261e-02,2.682896256446838379e-01,3.460064232349395752e-01,3.687079846858978271e-01,2.997778356075286865e-01,3.469046950340270996e-01,3.621187806129455566e-01,1.000000000000000000e+00,4.413397908210754395e-01,2.271739691495895386e-01,2.869926393032073975e-01,2.642342448234558105e-01,1.744728982448577881e-01,3.609804213047027588e-01,1.163937672972679138e-01,1.045842841267585754e-01,2.096539586782455444e-01,5.037111043930053711e-02,1.183041185140609741e-01,2.045397311449050903e-01,2.549088895320892334e-01,9.910655021667480469e-02,2.035393416881561279e-01,1.928343772888183594e-01,2.454615682363510132e-01,-1.482527852058410645e-01
3.238967806100845337e-02,3.134310841560363770e-01,1.009477972984313965e-01,1.988788545131683350e-01,1.030968949198722839e-01,1.595568507909774780e-01,3.090949654579162598e-01,-9.306004643440246582e-02,-1.852692812681198120e-01,-1.020604372024536133e-01,-2.393428236246109009e-03,-8.238241821527481079e-02,-8.553100377321243286e-02,-1.625084728002548218e-01,-1.106334701180458069e-01,-1.660590469837188721e-01,2.432799935340881348e-01,3.196307122707366943e-01,5.754208192229270935e-02,-1.164560690522193909e-01,3.481087088584899902e-02,4.890761077404022217e-01,-3.207892775535583496e-01,6.550585031509399414e-01,9.946849197149276733e-03,1.677487194538116455e-01,1.063238084316253662e-01,2.770352959632873535e-01,2.366333454847335815e-01,4.413397908210754395e-01,1.000000000000000000e+00,7.003640532493591309e-01,1.966424584388732910e-01,7.232788950204849243e-02,-2.061473205685615540e-02,2.258981466293334961e-01,-2.706679143011569977e-02,3.386202082037925720e-02,4.635097831487655640e-02,-9.369043260812759399e-02,3.260415494441986084e-01,2.283739894628524780e-01,1.396206915378570557e-01,1.269699484109878540e-01,1.075135767459869385e-01,6.697114557027816772e-02,4.481191039085388184e-01,-2.930034995079040527e-01
2.509704604744911194e-02,1.268362849950790405e-01,-2.619604580104351044e-03,8.635278046131134033e-02,4.071476683020591736e-02,5.739055946469306946e-02,1.297392100095748901e-01,-4.098724946379661560e-02,-1.116025745868682861e-01,1.708007045090198517e-02,3.767219930887222290e-02,-2.038439176976680756e-02,-1.552142947912216187e-01,-1.771696209907531738e-01,-1.819937527179718018e-01,-2.557685673236846924e-01,1.143220886588096619e-01,1.777924597263336182e-01,4.709608107805252075e-02,-1.072801575064659119e-01,-3.239488974213600159e-02,4.902650415897369385e-01,-3.178652524948120117e-01,6.574537158012390137e-01,-2.149096503853797913e-02,6.070316210389137268e-02,9.734668768942356110e-03,2.435425817966461182e-01,2.210469543933868408e-01,2.271739691495895386e-01,7.003640532493591309e-01,1.000000000000000000e+00,8.264727145433425903e-02,4.934104159474372864e-02,-1.923182047903537750e-02,2.537181377410888672e-01,-9.527016431093215942e-02,-6.417112797498703003e-02,-1.733124628663063049e-02,-2.358808368444442749e-02,3.096252083778381348e-01,1.567334979772567749e-01,1.133146956562995911e-01,2.171189635992050171e-01,5.329441279172897339e-03,-9.594883769750595093e-02,5.948294997215270996e-01,-2.361409962177276611e-01
2.908550798892974854e-01,6.279677152633666992e-01,3.665063381195068359e-01,2.923083007335662842e-01,1.974040716886520386e-01,4.271023571491241455e-01,3.553405404090881348e-01,3.146388828754425049e-01,2.857848405838012695e-01,2.827756106853485107e-01,1.823727190494537354e-01,2.411946058273315430e-01,1.127462610602378845e-01,2.432754188776016235e-01,1.692784130573272705e-01,9.623670578002929688e-02,2.211972624063491821e-01,8.257964998483657837e-02,3.756947815418243408e-01,3.355771899223327637e-01,2.368413507938385010e-01,4.735048860311508179e-02,7.738817483186721802e-02,9.263679385185241699e-02,5.088201761245727539e-01,2.477982938289642334e-01,4.742133617401123047e-01,4.936773478984832764e-01,3.100888133049011230e-01,2.869926393032073975e-01,1.966424584388732910e-01,8.264727145433425903e-02,1.000000000000000000e+00,1.306928247213363647e-01,7.584246248006820679e-02,2.682621479034423828e-01,1.790334880352020264e-01,1.790953725576400757e-01,2.709592878818511963e-01,2.196344137191772461e-01,1.966030746698379517e-01,4.315106570720672607e-01,3.995108306407928467e-01,6.500673294067382812e-02,4.314895868301391602e-01,4.689498543739318848e-01,3.593469411134719849e-02,2.173104882240295410e-02
