1.000000000000000000e+00,3.341378867626190186e-01,4.949751794338226318e-01,5.249997377395629883e-01,5.669224858283996582e-01,3.788678348064422607e-01,5.261123180389404297e-01,4.152070879936218262e-01,4.843560755252838135e-01,3.812170326709747314e-01,4.231781363487243652e-01,4.448065459728240967e-01,3.617877960205078125e-01,2.385038584470748901e-01,2.494702786207199097e-01,1.503729373216629028e-01,4.531888067722320557e-01,3.864364027976989746e-01,5.097076296806335449e-01,3.676212728023529053e-01,4.752653539180755615e-01,2.625902593135833740e-01,2.870948314666748047e-01,2.963523566722869873e-01,5.883443355560302734e-01,3.759410083293914795e-01,4.612526595592498779e-01,6.377510428428649902e-01,6.152566075325012207e-01,4.792275726795196533e-01,4.454037249088287354e-01,4.007617235183715820e-01,6.341758966445922852e-01,1.807964444160461426e-01,1.440001577138900757e-01,1.854125112295150757e-01,1.646916866302490234e-01,1.497056782245635986e-01,1.702906005084514618e-02,7.854305952787399292e-02,4.929026067256927490e-01,5.503195524215698242e-01,6.083766222000122070e-01,9.626533091068267822e-02,4.465961754322052002e-01,5.066829323768615723e-01,2.697956264019012451e-01,1.991029977798461914e-01
3.341378867626190186e-01,1.000000000000000000e+00,3.082746267318725586e-01,2.528646588325500488e-01,5.420176386833190918e-01,2.743556797504425049e-01,3.564372658729553223e-01,3.294951319694519043e-01,3.488773405551910400e-01,4.426553547382354736e-01,3.526758551597595215e-01,2.065111547708511353e-01,4.268403947353363037e-01,4.544981718063354492e-01,2.006809115409851074e-01,7.285374402999877930e-02,2.455908805131912231e-01,1.572494804859161377e-01,4.493978619575500488e-01,4.300817847251892090e-01,2.390943020582199097e-01,-6.704294588416814804e-03,2.356699556112289429e-01,-8.151525631546974182e-03,2.192220091819763184e-01,3.917574286460876465e-01,2.072344068437814713e-03,4.259135425090789795e-01,5.991337895393371582e-01,2.035575509071350098e-01,5.974713340401649475e-02,6.395708024501800537e-02,3.967123627662658691e-01,4.320594668388366699e-01,2.124705463647842407e-01,-9.460581094026565552e-02,4.288506805896759033e-01,3.778662383556365967e-01,6.485657393932342529e-02,-1.221956610679626465e-01,6.344400048255920410e-01,6.956475377082824707e-01,5.763719677925109863e-01,6.529563069343566895e-01,5.826197862625122070e-01,5.584579706192016602e-01,-4.426426440477371216e-02,1.219862792640924454e-02
4.949751794338226318e-01,3.082746267318725586e-01,1.000000000000000000e+00,7.263244986534118652e-01,4.022628962993621826e-01,4.558742940425872803e-01,5.287246108055114746e-01,2.789233922958374023e-01,4.307090640068054199e-01,3.424634337425231934e-01,3.240624964237213135e-01,5.094663500785827637e-01,4.229656755924224854e-01,1.986694931983947754e-01,1.858665794134140015e-01,1.732171624898910522e-01,5.136476755142211914e-01,4.471552968025207520e-01,3.262245059013366699e-01,3.223831355571746826e-01,5.590066909790039062e-01,5.574871301651000977e-01,2.847873270511627197e-01,4.074723422527313232e-01,3.158957660198211670e-01,6.239770054817199707e-01,2.376231700181961060e-01,6.710048317909240723e-01,5.635384917259216309e-01,6.187702417373657227e-01,5.419652462005615234e-01,4.247193634510040283e-01,3.484090268611907959e-01,1.479790806770324707e-01,2.222799211740493774e-01,3.240309357643127441e-01,2.864659577608108521e-02,5.971517413854598999e-02,-7.296139001846313477e-02,1.897996813058853149e-01,2.723833322525024414e-01,4.060563147068023682e-01,3.045315146446228027e-01,1.886647045612335205e-01,3.360534310340881348e-01,3.761196434497833252e-01,3.771314918994903564e-01,3.515219390392303467e-01
5.249997377395629883e-01,2.528646588325500488e-01,7.263244986534118652e-01,1.000000000000000000e+00,4.600583612918853760e-01,5.603950023651123047e-01,5.006677508354187012e-01,3.178538382053375244e-01,4.421642422676086426e-01,3.476023674011230469e-01,3.744063079357147217e-01,5.179743766784667969e-01,4.190832972526550293e-01,9.926906228065490723e-02,2.280110865831375122e-01,2.566538453102111816e-01,4.782023429870605469e-01,4.534802138805389404e-01,3.566663563251495361e-01,4.045254290103912354e-01,5.713224411010742188e-01,5.633891224861145020e-01,2.972102761268615723e-01,4.001372754573822021e-01,2.511481940746307373e-01,4.791039526462554932e-01,2.142868041992187500e-01,5.659740567207336426e-01,4.809282124042510986e-01,5.460059046745300293e-01,4.900742173194885254e-01,4.955245256423950195e-01,3.178791105747222900e-01,1.329663395881652832e-01,1.765604615211486816e-01,3.581891953945159912e-01,1.389551628381013870e-02,2.402294427156448364e-02,-1.428827494382858276e-01,2.210811227560043335e-01,2.832499444484710693e-01,4.657835662364959717e-01,2.044584751129150391e-01,1.469400823116302490e-01,2.894961833953857422e-01,3.598158061504364014e-01,3.675144910812377930e-01,2.898565232753753662e-01
5.669224858283996582e-01,5.420176386833190918e-01,4.022628962993621826e-01,4.600583612918853760e-01,1.000000000000000000e+00,7.112078666687011719e-01,4.730868637561798096e-01,5.041183829307556152e-01,5.449538230895996094e-01,5.357536673545837402e-01,4.396852552890777588e-01,4.431762397289276123e-01,5.803942084312438965e-01,2.817501127719879150e-01,2.525844275951385498e-01,1.972472071647644043e-01,2.964766919612884521e-01,3.265628814697265625e-01,4.671027958393096924e-01,4.612262547016143799e-01,3.286950588226318359e-01,1.036372035741806030e-01,3.535881340503692627e-01,1.688532531261444092e-01,3.659677803516387939e-01,4.340218305587768555e-01,1.964378207921981812e-01,4.953533113002777100e-01,5.989468693733215332e-01,2.321655303239822388e-01,1.526172161102294922e-01,2.947108745574951172e-01,4.546544551849365234e-01,2.522209882736206055e-01,1.372884362936019897e-01,1.665908396244049072e-01,2.645624577999114990e-01,2.063304036855697632e-01,-1.057078689336776733e-01,1.198806986212730408e-01,5.837238430976867676e-01,6.696625947952270508e-01,4.380222260951995850e-01,4.270462691783905029e-01,5.296380519866943359e-01,6.102602481842041016e-01,7.995469123125076294e-02,1.041435971856117249e-01
3.788678348064422607e-01,2.743556797504425049e-01,4.558742940425872803e-01,5.603950023651123047e-01,7.112078666687011719e-01,1.000000000000000000e+00,4.363074898719787598e-01,4.538612663745880127e-01,5.271629095077514648e-01,4.778134524822235107e-01,3.883522748947143555e-01,5.826783776283264160e-01,6.160881519317626953e-01,1.263858526945114136e-01,2.179888337850570679e-01,2.819631099700927734e-01,2.915526032447814941e-01,3.167406916618347168e-01,2.473050653934478760e-01,3.629978001117706299e-01,4.449247717857360840e-01,3.435562252998352051e-01,3.472290039062500000e-01,3.265136480331420898e-01,2.514453530311584473e-01,3.849581480026245117e-01,1.349817216396331787e-01,4.625830650329589844e-01,4.056409001350402832e-01,2.755424380302429199e-01,2.105754464864730835e-01,3.895289897918701172e-01,3.170972168445587158e-01,1.643124073743820190e-01,2.331979125738143921e-01,3.629517257213592529e-01,1.347049325704574585e-01,8.224084973335266113e-02,-1.222574859857559204e-01,2.268645912408828735e-01,3.533649444580078125e-01,4.184446632862091064e-01,1.039841026067733765e-01,3.290441036224365234e-01,3.467628657817840576e-01,4.262412488460540771e-01,2.333987951278686523e-01,2.504036128520965576e-01
5.261123180389404297e-01,3.564372658729553223e-01,5.287246108055114746e-01,5.006677508354187012e-01,4.730868637561798096e-01,4.363074898719787598e-01,1.000000000000000000e+00,2.463785856962203979e-01,6.248915791511535645e-01,5.739827156066894531e-01,4.315002858638763428e-01,4.330821931362152100e-01,5.874195694923400879e-01,8.762061595916748047e-02,1.119494363665580750e-01,1.948044300079345703e-01,8.379560708999633789e-01,7.371073365211486816e-01,7.149505615234375000e-01,4.600176215171813965e-01,3.069615066051483154e-01,4.447206258773803711e-01,6.395501494407653809e-01,4.554002583026885986e-01,2.462293356657028198e-01,6.805036664009094238e-01,1.760617494583129883e-01,3.426067233085632324e-01,4.407469928264617920e-01,4.400660395622253418e-01,4.537672102451324463e-01,5.187580585479736328e-01,2.390731722116470337e-01,2.014831602573394775e-01,2.532141804695129395e-01,3.766782879829406738e-01,1.311299651861190796e-01,7.076978683471679688e-02,1.601268351078033447e-01,3.420638740062713623e-01,2.270241528749465942e-01,5.832743644714355469e-01,5.365378260612487793e-01,2.789239585399627686e-01,4.825014770030975342e-01,6.202009916305541992e-01,3.882355093955993652e-01,5.275339484214782715e-01
4.152070879936218262e-01,3.294951319694519043e-01,2.789233922958374023e-01,3.178538382053375244e-01,5.041183829307556152e-01,4.538612663745880127e-01,2.463785856962203979e-01,1.000000000000000000e+00,4.479312896728515625e-01,3.972889780998229980e-01,6.624051928520202637e-01,5.612936019897460938e-01,4.218158423900604248e-01,5.850176811218261719e-01,5.073012113571166992e-01,2.181586921215057373e-01,1.910125464200973511e-01,2.054108232259750366e-01,2.724016010761260986e-01,2.386057972908020020e-01,3.137056827545166016e-01,1.509620100259780884e-01,2.868606448173522949e-01,1.391070336103439331e-01,4.038466513156890869e-01,2.250764966011047363e-01,2.364657372236251831e-01,3.456822037696838379e-01,3.224301636219024658e-01,3.384154140949249268e-01,2.048799842596054077e-01,2.861621379852294922e-01,4.728525578975677490e-01,5.819659233093261719e-01,3.249813020229339600e-01,2.554531693458557129e-01,5.019192099571228027e-01,4.299995303153991699e-01,-2.256457656621932983e-01,1.427206248044967651e-01,3.229196369647979736e-01,3.954535126686096191e-01,3.178737163543701172e-01,2.961436510086059570e-01,3.466466069221496582e-01,4.377549290657043457e-01,1.696560382843017578e-01,6.568746268749237061e-02
4.843560755252838135e-01,3.488773405551910400e-01,4.307090640068054199e-01,4.421642422676086426e-01,5.449538230895996094e-01,5.271629095077514648e-01,6.248915791511535645e-01,4.479312896728515625e-01,1.000000000000000000e+00,8.124090433120727539e-01,5.038011074066162109e-01,7.106367349624633789e-01,7.480909824371337891e-01,9.180146455764770508e-02,2.545490860939025879e-01,3.657176792621612549e-01,4.675352871417999268e-01,5.593724846839904785e-01,4.418936073780059814e-01,4.031330645084381104e-01,3.621447682380676270e-01,4.571949541568756104e-01,6.417775154113769531e-01,5.288282036781311035e-01,2.140359431505203247e-01,5.360780954360961914e-01,1.638208925724029541e-01,3.278051912784576416e-01,3.551264107227325439e-01,4.442232549190521240e-01,4.692727327346801758e-01,6.586926579475402832e-01,3.601894676685333252e-01,1.861056089401245117e-01,2.975646555423736572e-01,5.436213612556457520e-01,1.239084824919700623e-01,6.282009184360504150e-02,3.409381583333015442e-02,3.409992456436157227e-01,2.380352169275283813e-01,5.595136284828186035e-01,3.969077169895172119e-01,4.427627921104431152e-01,4.356165826320648193e-01,7.138129472732543945e-01,4.631273746490478516e-01,5.488816499710083008e-01
3.812170326709747314e-01,4.426553547382354736e-01,3.424634337425231934e-01,3.476023674011230469e-01,5.357536673545837402e-01,4.778134524822235107e-01,5.739827156066894531e-01,3.972889780998229980e-01,8.124090433120727539e-01,1.000000000000000000e+00,4.604943394660949707e-01,6.057932972908020020e-01,7.771846652030944824e-01,1.483205407857894897e-01,2.495494037866592407e-01,4.156572818756103516e-01,4.429211914539337158e-01,5.086159110069274902e-01,4.568712711334228516e-01,4.479979574680328369e-01,2.814098298549652100e-01,3.653552234172821045e-01,6.758939623832702637e-01,4.704019129276275635e-01,1.516532599925994873e-01,4.301779568195343018e-01,7.732481509447097778e-02,2.654679417610168457e-01,3.497588634490966797e-01,3.308513760566711426e-01,3.788660466670989990e-01,5.838171243667602539e-01,2.664479613304138184e-01,2.052266299724578857e-01,2.326242625713348389e-01,4.831998944282531738e-01,2.321632504463195801e-01,1.459895819425582886e-01,1.612334549427032471e-01,3.414987325668334961e-01,1.830738037824630737e-01,5.417094230651855469e-01,4.164185225963592529e-01,5.194219350814819336e-01,5.218408107757568359e-01,8.024700880050659180e-01,4.198456108570098877e-01,5.016912817955017090e-01
4.231781363487243652e-01,3.526758551597595215e-01,3.240624964237213135e-01,3.744063079357147217e-01,4.396852552890777588e-01,3.883522748947143555e-01,4.315002858638763428e-01,6.624051928520202637e-01,5.038011074066162109e-01,4.604943394660949707e-01,1.000000000000000000e+00,5.998437404632568359e-01,4.707927107810974121e-01,4.454178214073181152e-01,5.611135363578796387e-01,2.693157494068145752e-01,4.031561613082885742e-01,3.340314030647277832e-01,4.086766839027404785e-01,1.950993835926055908e-01,3.052653670310974121e-01,2.832613587379455566e-01,4.319278895854949951e-01,2.441913485527038574e-01,3.054268360137939453e-01,3.149155378341674805e-01,1.594077050685882568e-01,3.112821877002716064e-01,2.806575596332550049e-01,4.087939560413360596e-01,3.413930535316467285e-01,3.877344429492950439e-01,4.137490391731262207e-01,5.244512557983398438e-01,3.768597543239593506e-01,3.409117758274078369e-01,3.565604686737060547e-01,4.770005643367767334e-01,-4.519702866673469543e-02,2.809965312480926514e-01,2.653941214084625244e-01,4.375242292881011963e-01,4.139232635498046875e-01,2.793962061405181885e-01,3.177697360515594482e-01,4.678754210472106934e-01,2.494234889745712280e-01,2.348409891128540039e-01
4.448065459728240967e-01,2.065111547708511353e-01,5.094663500785827637e-01,5.179743766784667969e-01,4.431762397289276123e-01,5.826783776283264160e-01,4.330821931362152100e-01,5.612936019897460938e-01,7.106367349624633789e-01,6.057932972908020020e-01,5.998437404632568359e-01,1.000000000000000000e+00,6.665531396865844727e-01,2.688738107681274414e-01,4.501134455204010010e-01,4.280152916908264160e-01,3.908822834491729736e-01,3.723990917205810547e-01,1.509590446949005127e-01,2.156948447227478027e-01,5.329818129539489746e-01,5.583957433700561523e-01,4.611916840076446533e-01,4.915011227130889893e-01,3.486942648887634277e-01,3.409774601459503174e-01,2.510956525802612305e-01,4.529931545257568359e-01,2.888478040695190430e-01,5.609851479530334473e-01,5.013111233711242676e-01,6.008376479148864746e-01,4.612445533275604248e-01,2.611544430255889893e-01,4.223750233650207520e-01,6.063489317893981934e-01,1.463753283023834229e-01,1.625381559133529663e-01,-7.743062078952789307e-02,3.393498957157135010e-01,2.040652185678482056e-01,3.802838623523712158e-01,2.055446654558181763e-01,2.486915439367294312e-01,3.674604296684265137e-01,5.036023259162902832e-01,4.603664278984069824e-01,4.729804694652557373e-01
3.617877960205078125e-01,4.268403947353363037e-01,4.229656755924224854e-01,4.190832972526550293e-01,5.803942084312438965e-01,6.160881519317626953e-01,5.874195694923400879e-01,4.218158423900604248e-01,7.480909824371337891e-01,7.771846652030944824e-01,4.707927107810974121e-01,6.665531396865844727e-01,1.000000000000000000e+00,2.151780575513839722e-01,2.348083704710006714e-01,4.566904604434967041e-01,4.244623780250549316e-01,5.614814758300781250e-01,4.523226022720336914e-01,5.507038235664367676e-01,5.025417804718017578e-01,5.013183951377868652e-01,6.832330822944641113e-01,5.089694261550903320e-01,1.924107521772384644e-01,4.753324091434478760e-01,2.443160116672515869e-02,2.824454307556152344e-01,3.300982415676116943e-01,3.864289224147796631e-01,4.419567286968231201e-01,5.754157900810241699e-01,3.222772181034088135e-01,2.548546791076660156e-01,3.113299906253814697e-01,4.701425135135650635e-01,2.334372401237487793e-01,1.490052491426467896e-01,1.303680092096328735e-01,3.106947541236877441e-01,2.292600274085998535e-01,5.071831941604614258e-01,3.488000035285949707e-01,4.490559101104736328e-01,4.251703619956970215e-01,6.662865281105041504e-01,4.105394482612609863e-01,5.137572288513183594e-01
2.385038584470748901e-01,4.544981718063354492e-01,1.986694931983947754e-01,9.926906228065490723e-02,2.817501127719879150e-01,1.263858526945114136e-01,8.762061595916748047e-02,5.850176811218261719e-01,9.180146455764770508e-02,1.483205407857894897e-01,4.454178214073181152e-01,2.688738107681274414e-01,2.151780575513839722e-01,1.000000000000000000e+00,4.873030483722686768e-01,1.241224780678749084e-01,8.942881226539611816e-02,-3.203539922833442688e-02,2.032605856657028198e-01,8.057127892971038818e-02,2.056992202997207642e-01,-4.482705518603324890e-02,7.257129997014999390e-02,-8.769247680902481079e-02,2.701102793216705322e-01,1.214956268668174744e-01,6.372635066509246826e-02,2.820300161838531494e-01,2.863726913928985596e-01,2.055014669895172119e-01,5.554235354065895081e-02,-1.315476000308990479e-02,3.499230146408081055e-01,6.044515967369079590e-01,3.260135948657989502e-01,-5.254386365413665771e-02,5.721618533134460449e-01,5.416522026062011719e-01,-1.108390018343925476e-01,-1.099303290247917175e-01,3.464662432670593262e-01,3.124656975269317627e-01,3.895714581012725830e-01,2.020224183797836304e-01,2.585926949977874756e-01,2.435573339462280273e-01,-4.188054054975509644e-02,-1.267205327749252319e-01
2.494702786207199097e-01,2.006809115409851074e-01,1.858665794134140015e-01,2.280110865831375122e-01,2.525844275951385498e-01,2.179888337850570679e-01,1.119494363665580750e-01,5.073012113571166992e-01,2.545490860939025879e-01,2.495494037866592407e-01,5.611135363578796387e-01,4.501134455204010010e-01,2.348083704710006714e-01,4.873030483722686768e-01,1.000000000000000000e+00,4.409853518009185791e-01,1.412630081176757812e-01,7.607090473175048828e-02,1.445941925048828125e-01,9.202721714973449707e-02,2.019054144620895386e-01,1.186338141560554504e-01,1.597908884286880493e-01,5.040820688009262085e-02,2.038647234439849854e-01,9.873761236667633057e-02,1.785229593515396118e-01,1.731433272361755371e-01,1.414573192596435547e-01,1.793775856494903564e-01,1.420250982046127319e-01,1.586185246706008911e-01,3.369759619235992432e-01,3.928708434104919434e-01,2.262900918722152710e-01,1.830976903438568115e-01,2.698849439620971680e-01,5.266602635383605957e-01,-7.784295082092285156e-02,5.887743085622787476e-02,2.191971093416213989e-01,2.630305588245391846e-01,2.163189202547073364e-01,1.376477777957916260e-01,1.398964524269104004e-01,2.180156856775283813e-01,9.263092279434204102e-02,9.127084165811538696e-02
1.503729373216629028e-01,7.285374402999877930e-02,1.732171624898910522e-01,2.566538453102111816e-01,1.972472071647644043e-01,2.819631099700927734e-01,1.948044300079345703e-01,2.181586921215057373e-01,3.657176792621612549e-01,4.156572818756103516e-01,2.693157494068145752e-01,4.280152916908264160e-01,4.566904604434967041e-01,1.241224780678749084e-01,4.409853518009185791e-01,1.000000000000000000e+00,1.902066469192504883e-01,3.257374167442321777e-01,2.086495906114578247e-01,1.939943432807922363e-01,2.221603393554687500e-01,3.503774702548980713e-01,4.778369963169097900e-01,3.425134122371673584e-01,-5.993081629276275635e-02,1.546726673841476440e-01,-9.236736595630645752e-02,2.042060904204845428e-02,1.704658754169940948e-02,1.797237396240234375e-01,2.920069992542266846e-01,3.660094141960144043e-01,1.138921305537223816e-01,1.855817064642906189e-02,1.943385601043701172e-01,3.889141976833343506e-01,1.965326666831970215e-01,1.006455793976783752e-01,2.319937795400619507e-01,2.563243508338928223e-01,-5.446954071521759033e-02,1.465538591146469116e-01,5.256839841604232788e-02,1.353871226310729980e-01,2.840121462941169739e-02,2.162212878465652466e-01,2.634191215038299561e-01,3.741382956504821777e-01
4.531888067722320557e-01,2.455908805131912231e-01,5.136476755142211914e-01,4.782023429870605469e-01,2.964766919612884521e-01,2.915526032447814941e-01,8.379560708999633789e-01,1.910125464200973511e-01,4.675352871417999268e-01,4.429211914539337158e-01,4.031561613082885742e-01,3.908822834491729736e-01,4.244623780250549316e-01,8.942881226539611816e-02,1.412630081176757812e-01,1.902066469192504883e-01,1.000000000000000000e+00,7.383745908737182617e-01,6.200530529022216797e-01,3.480716943740844727e-01,3.062678277492523193e-01,5.148139595985412598e-01,5.833307504653930664e-01,4.358449578285217285e-01,2.534797191619873047e-01,5.916677713394165039e-01,1.763214915990829468e-01,3.036691546440124512e-01,3.569426536560058594e-01,5.210637450218200684e-01,5.414342284202575684e-01,4.824927747249603271e-01,2.005807459354400635e-01,1.813065260648727417e-01,2.069554179906845093e-01,4.061693251132965088e-01,1.103748977184295654e-01,7.390002906322479248e-02,1.181663572788238525e-01,3.650586009025573730e-01,1.092550531029701233e-01,4.768493771553039551e-01,4.660964310169219971e-01,1.397936344146728516e-01,4.047052264213562012e-01,5.124519467353820801e-01,4.049242138862609863e-01,5.174027681350708008e-01
3.864364027976989746e-01,1.572494804859161377e-01,4.471552968025207520e-01,4.534802138805389404e-01,3.265628814697265625e-01,3.167406916618347168e-01,7.371073365211486816e-01,2.054108232259750366e-01,5.593724846839904785e-01,5.086159110069274902e-01,3.340314030647277832e-01,3.723990917205810547e-01,5.614814758300781250e-01,-3.203539922833442688e-02,7.607090473175048828e-02,3.257374167442321777e-01,7.383745908737182617e-01,1.000000000000000000e+00,6.689207553863525391e-01,5.149291753768920898e-01,3.706979751586914062e-01,6.244158148765563965e-01,6.581708788871765137e-01,5.572040677070617676e-01,1.185730174183845520e-01,5.783619880676269531e-01,9.349644929170608521e-02,1.262876689434051514e-01,2.744456231594085693e-01,4.311941862106323242e-01,6.154963970184326172e-01,6.077014803886413574e-01,1.833439767360687256e-01,1.167427524924278259e-01,1.521078199148178101e-01,4.293176233768463135e-01,7.319235801696777344e-02,-6.623161584138870239e-02,7.622586190700531006e-02,3.594590723514556885e-01,-6.939900107681751251e-03,3.868902623653411865e-01,3.730758130550384521e-01,1.550612598657608032e-01,2.858856320381164551e-01,4.882477819919586182e-01,4.869021475315093994e-01,5.632067322731018066e-01
5.097076296806335449e-01,4.493978619575500488e-01,3.262245059013366699e-01,3.566663563251495361e-01,4.671027958393096924e-01,2.473050653934478760e-01,7.149505615234375000e-01,2.724016010761260986e-01,4.418936073780059814e-01,4.568712711334228516e-01,4.086766839027404785e-01,1.509590446949005127e-01,4.523226022720336914e-01,2.032605856657028198e-01,1.445941925048828125e-01,2.086495906114578247e-01,6.200530529022216797e-01,6.689207553863525391e-01,1.000000000000000000e+00,5.802883505821228027e-01,2.199126034975051880e-01,2.156103104352951050e-01,5.462803244590759277e-01,2.309103757143020630e-01,1.859883815050125122e-01,5.796382427215576172e-01,3.501132875680923462e-02,1.942963600158691406e-01,4.521886706352233887e-01,2.427938282489776611e-01,3.189621865749359131e-01,3.319320976734161377e-01,2.440957576036453247e-01,2.781546115875244141e-01,1.078264489769935608e-01,1.076428890228271484e-01,2.970853447914123535e-01,1.977156251668930054e-01,1.525787860155105591e-01,1.533822417259216309e-01,2.891829907894134521e-01,5.913301110267639160e-01,6.423373222351074219e-01,2.622464597225189209e-01,3.625921607017517090e-01,5.466135144233703613e-01,1.671472489833831787e-01,2.513436079025268555e-01
3.676212728023529053e-01,4.300817847251892090e-01,3.223831355571746826e-01,4.045254290103912354e-01,4.612262547016143799e-01,3.629978001117706299e-01,4.600176215171813965e-01,2.386057972908020020e-01,4.031330645084381104e-01,4.479979574680328369e-01,1.950993835926055908e-01,2.156948447227478027e-01,5.507038235664367676e-01,8.057127892971038818e-02,9.202721714973449707e-02,1.939943432807922363e-01,3.480716943740844727e-01,5.149291753768920898e-01,5.802883505821228027e-01,1.000000000000000000e+00,5.667495131492614746e-01,3.714571297168731689e-01,4.167373478412628174e-01,2.642151415348052979e-01,8.562453091144561768e-02,4.778257310390472412e-01,-1.796825602650642395e-02,2.221990078687667847e-01,4.963368177413940430e-01,1.911768168210983276e-01,2.994707226753234863e-01,3.620787858963012695e-01,2.460466176271438599e-01,1.494034528732299805e-01,-4.684021323919296265e-02,7.130733132362365723e-02,8.657698333263397217e-02,4.418278858065605164e-02,3.162623569369316101e-02,5.510300770401954651e-02,3.112767338752746582e-01,5.251656174659729004e-01,3.749913275241851807e-01,2.490022480487823486e-01,3.144332766532897949e-01,4.866591989994049072e-01,1.743248850107192993e-01,2.878693044185638428e-01
4.752653539180755615e-01,2.390943020582199097e-01,5.590066909790039062e-01,5.713224411010742188e-01,3.286950588226318359e-01,4.449247717857360840e-01,3.069615066051483154e-01,3.137056827545166016e-01,3.621447682380676270e-01,2.814098298549652100e-01,3.052653670310974121e-01,5.329818129539489746e-01,5.025417804718017578e-01,2.056992202997207642e-01,2.019054144620895386e-01,2.221603393554687500e-01,3.062678277492523193e-01,3.706979751586914062e-01,2.199126034975051880e-01,5.667495131492614746e-01,1.000000000000000000e+00,6.633177399635314941e-01,2.710311710834503174e-01,4.163015484809875488e-01,2.736028432846069336e-01,3.834169507026672363e-01,2.032915353775024414e-01,5.308882594108581543e-01,4.756939709186553955e-01,5.868316888809204102e-01,6.091216206550598145e-01,5.000903010368347168e-01,4.425888955593109131e-01,1.484951376914978027e-01,1.222997605800628662e-01,2.435142099857330322e-01,-1.328686717897653580e-02,4.503714293241500854e-02,-1.403993577696382999e-03,7.399445772171020508e-02,3.534701168537139893e-01,3.735747635364532471e-01,2.719828486442565918e-01,8.541605435311794281e-03,2.422618418931961060e-01,3.047650754451751709e-01,3.734493255615234375e-01,3.285855650901794434e-01
2.625902593135833740e-01,-6.704294588416814804e-03,5.574871301651000977e-01,5.633891224861145020e-01,1.036372035741806030e-01,3.435562252998352051e-01,4.447206258773803711e-01,1.509620100259780884e-01,4.571949541568756104e-01,3.653552234172821045e-01,2.832613587379455566e-01,5.583957433700561523e-01,5.013183951377868652e-01,-4.482705518603324890e-02,1.186338141560554504e-01,3.503774702548980713e-01,5.148139595985412598e-01,6.244158148765563965e-01,2.156103104352951050e-01,3.714571297168731689e-01,6.633177399635314941e-01,1.000000000000000000e+00,5.138453841209411621e-01,6.900657415390014648e-01,1.193215772509574890e-01,4.202434718608856201e-01,1.771438717842102051e-01,3.279418647289276123e-01,2.367527037858963013e-01,6.345370411872863770e-01,8.031117916107177734e-01,7.321852445602416992e-01,1.871840506792068481e-01,5.903970822691917419e-02,1.989951133728027344e-01,5.572044849395751953e-01,-1.343845427036285400e-01,-1.151135861873626709e-01,3.308302164077758789e-02,3.730620443820953369e-01,-5.796706303954124451e-02,1.925669759511947632e-01,7.247619330883026123e-02,-1.216664258390665054e-02,1.304480433464050293e-01,2.860341370105743408e-01,6.559473276138305664e-01,6.802147626876831055e-01
2.870948314666748047e-01,2.356699556112289429e-01,2.847873270511627197e-01,2.972102761268615723e-01,3.535881340503692627e-01,3.472290039062500000e-01,6.395501494407653809e-01,2.868606448173522949e-01,6.417775154113769531e-01,6.758939623832702637e-01,4.319278895854949951e-01,4.611916840076446533e-01,6.832330822944641113e-01,7.257129997014999390e-02,1.597908884286880493e-01,4.778369963169097900e-01,5.833307504653930664e-01,6.581708788871765137e-01,5.462803244590759277e-01,4.167373478412628174e-01,2.710311710834503174e-01,5.138453841209411621e-01,1.000000000000000000e+00,5.624611377716064453e-01,-2.238376764580607414e-03,4.530241787433624268e-01,1.078214496374130249e-02,8.855248242616653442e-02,1.943847835063934326e-01,4.069782197475433350e-01,5.230401158332824707e-01,6.584705114364624023e-01,8.523253351449966431e-02,1.979981958866119385e-01,2.207817733287811279e-01,6.082262992858886719e-01,1.844665110111236572e-01,9.055843949317932129e-02,3.014138638973236084e-01,6.176445484161376953e-01,9.948899038136005402e-03,3.854641020298004150e-01,3.804830312728881836e-01,2.917744517326354980e-01,3.148213326930999756e-01,6.345057487487792969e-01,4.851656258106231689e-01,7.395416498184204102e-01
2.963523566722869873e-01,-8.151525631546974182e-03,4.074723422527313232e-01,4.001372754573822021e-01,1.688532531261444092e-01,3.265136480331420898e-01,4.554002583026885986e-01,1.391070336103439331e-01,5.288282036781311035e-01,4.704019129276275635e-01,2.441913485527038574e-01,4.915011227130889893e-01,5.089694261550903320e-01,-8.769247680902481079e-02,5.040820688009262085e-02,3.425134122371673584e-01,4.358449578285217285e-01,5.572040677070617676e-01,2.309103757143020630e-01,2.642151415348052979e-01,4.163015484809875488e-01,6.900657415390014648e-01,5.624611377716064453e-01,1.000000000000000000e+00,1.218324899673461914e-01,4.310631155967712402e-01,2.775329947471618652e-01,2.627698481082916260e-01,2.249092310667037964e-01,5.945320129394531250e-01,7.206202149391174316e-01,7.616459727287292480e-01,1.393336355686187744e-01,-3.513780608773231506e-02,2.111641615629196167e-01,7.406885027885437012e-01,-7.926476001739501953e-02,-1.304292678833007812e-01,1.714846938848495483e-01,4.859925508499145508e-01,-1.550024747848510742e-01,1.910581439733505249e-01,1.145333349704742432e-01,9.431122988462448120e-02,2.509408593177795410e-01,3.776969909667968750e-01,8.400129675865173340e-01,6.821436882019042969e-01
5.883443355560302734e-01,2.192220091819763184e-01,3.158957660198211670e-01,2.511481940746307373e-01,3.659677803516387939e-01,2.514453530311584473e-01,2.462293356657028198e-01,4.038466513156890869e-01,2.140359431505203247e-01,1.516532599925994873e-01,3.054268360137939453e-01,3.486942648887634277e-01,1.924107521772384644e-01,2.701102793216705322e-01,2.038647234439849854e-01,-5.993081629276275635e-02,2.534797191619873047e-01,1.185730174183845520e-01,1.859883815050125122e-01,8.562453091144561768e-02,2.736028432846069336e-01,1.193215772509574890e-01,-2.238376764580607414e-03,1.218324899673461914e-01,1.000000000000000000e+00,1.713474541902542114e-01,6.203982234001159668e-01,5.349097251892089844e-01,4.366674423217773438e-01,2.952446937561035156e-01,2.018588185310363770e-01,1.281173527240753174e-01,6.326386332511901855e-01,2.256925851106643677e-01,7.073251157999038696e-02,4.480504989624023438e-02,1.550754308700561523e-01,1.692971289157867432e-01,-1.368608176708221436e-01,-3.807950997725129128e-04,3.671281337738037109e-01,3.251495659351348877e-01,3.584582209587097168e-01,2.590886317193508148e-02,3.853694796562194824e-01,3.027787208557128906e-01,1.315134316682815552e-01,-4.842668771743774414e-02
3.759410083293914795e-01,3.917574286460876465e-01,6.239770054817199707e-01,4.791039526462554932e-01,4.340218305587768555e-01,3.849581480026245117e-01,6.805036664009094238e-01,2.250764966011047363e-01,5.360780954360961914e-01,4.301779568195343018e-01,3.149155378341674805e-01,3.409774601459503174e-01,4.753324091434478760e-01,1.214956268668174744e-01,9.873761236667633057e-02,1.546726673841476440e-01,5.916677713394165039e-01,5.783619880676269531e-01,5.796382427215576172e-01,4.778257310390472412e-01,3.834169507026672363e-01,4.202434718608856201e-01,4.530241787433624268e-01,4.310631155967712402e-01,1.713474541902542114e-01,1.000000000000000000e+00,1.188411042094230652e-01,4.074075222015380859e-01,5.109029412269592285e-01,4.736476838588714600e-01,4.423568248748779297e-01,4.121182858943939209e-01,2.445567250251770020e-01,1.341316103935241699e-01,1.455882042646408081e-01,2.870762050151824951e-01,7.457974553108215332e-02,4.839318245649337769e-02,3.731641918420791626e-02,2.022122144699096680e-01,2.341654151678085327e-01,5.262199044227600098e-01,4.452787637710571289e-01,3.168737292289733887e-01,3.474915325641632080e-01,4.832157194614410400e-01,3.286067247390747070e-01,4.061648547649383545e-01
4.612526595592498779e-01,2.072344068437814713e-03,2.376231700181961060e-01,2.142868041992187500e-01,1.964378207921981812e-01,1.349817216396331787e-01,1.760617494583129883e-01,2.364657372236251831e-01,1.638208925724029541e-01,7.732481509447097778e-02,1.594077050685882568e-01,2.510956525802612305e-01,2.443160116672515869e-02,6.372635066509246826e-02,1.785229593515396118e-01,-9.236736595630645752e-02,1.763214915990829468e-01,9.349644929170608521e-02,3.501132875680923462e-02,-1.796825602650642395e-02,2.032915353775024414e-01,1.771438717842102051e-01,1.078214496374130249e-02,2.775329947471618652e-01,6.203982234001159668e-01,1.188411042094230652e-01,1.000000000000000000e+00,4.368495345115661621e-01,3.438543975353240967e-01,3.034055531024932861e-01,2.756237983703613281e-01,2.465024888515472412e-01,4.529289901256561279e-01,3.875843062996864319e-02,-7.091592252254486084e-02,1.996730864048004150e-01,-1.169401854276657104e-01,1.042555719614028931e-01,1.577455736696720123e-02,1.879733204841613770e-01,2.223780900239944458e-01,1.531212180852890015e-01,2.125466465950012207e-01,-1.074757203459739685e-01,3.770008683204650879e-01,2.478627860546112061e-01,3.022181093692779541e-01,1.281968206167221069e-01
6.377510428428649902e-01,4.259135425090789795e-01,6.710048317909240723e-01,5.659740567207336426e-01,4.953533113002777100e-01,4.625830650329589844e-01,3.426067233085632324e-01,3.456822037696838379e-01,3.278051912784576416e-01,2.654679417610168457e-01,3.112821877002716064e-01,4.529931545257568359e-01,2.824454307556152344e-01,2.820300161838531494e-01,1.731433272361755371e-01,2.042060904204845428e-02,3.036691546440124512e-01,1.262876689434051514e-01,1.942963600158691406e-01,2.221990078687667847e-01,5.308882594108581543e-01,3.279418647289276123e-01,8.855248242616653442e-02,2.627698481082916260e-01,5.349097251892089844e-01,4.074075222015380859e-01,4.368495345115661621e-01,1.000000000000000000e+00,7.755030989646911621e-01,5.375209450721740723e-01,3.711255490779876709e-01,2.908771038055419922e-01,5.719412565231323242e-01,1.702668219804763794e-01,1.559265106916427612e-01,1.294984519481658936e-01,8.985412865877151489e-02,1.559876948595046997e-01,-2.922572009265422821e-02,-2.192072011530399323e-02,5.855818986892700195e-01,4.843552708625793457e-01,3.805212676525115967e-01,1.477416157722473145e-01,4.569290280342102051e-01,3.692275285720825195e-01,2.450198084115982056e-01,1.270906031131744385e-01
6.152566075325012207e-01,5.991337895393371582e-01,5.635384917259216309e-01,4.809282124042510986e-01,5.989468693733215332e-01,4.056409001350402832e-01,4.407469928264617920e-01,3.224301636219024658e-01,3.551264107227325439e-01,3.497588634490966797e-01,2.806575596332550049e-01,2.888478040695190430e-01,3.300982415676116943e-01,2.863726913928985596e-01,1.414573192596435547e-01,1.704658754169940948e-02,3.569426536560058594e-01,2.744456231594085693e-01,4.521886706352233887e-01,4.963368177413940430e-01,4.756939709186553955e-01,2.367527037858963013e-01,1.943847835063934326e-01,2.249092310667037964e-01,4.366674423217773438e-01,5.109029412269592285e-01,3.438543975353240967e-01,7.755030989646911621e-01,1.000000000000000000e+00,3.639963269233703613e-01,3.063106536865234375e-01,3.082154691219329834e-01,4.894442260265350342e-01,2.106245011091232300e-01,6.972422450780868530e-02,2.017166651785373688e-02,1.699027121067047119e-01,1.636072993278503418e-01,-6.615246180444955826e-03,-4.667359963059425354e-02,6.237310767173767090e-01,6.760411858558654785e-01,5.303431153297424316e-01,2.319136708974838257e-01,5.651711821556091309e-01,5.086460113525390625e-01,1.841754019260406494e-01,1.174923256039619446e-01
4.792275726795196533e-01,2.035575509071350098e-01,6.187702417373657227e-01,5.460059046745300293e-01,2.321655303239822388e-01,2.755424380302429199e-01,4.400660395622253418e-01,3.384154140949249268e-01,4.442232549190521240e-01,3.308513760566711426e-01,4.087939560413360596e-01,5.609851479530334473e-01,3.864289224147796631e-01,2.055014669895172119e-01,1.793775856494903564e-01,1.797237396240234375e-01,5.210637450218200684e-01,4.311941862106323242e-01,2.427938282489776611e-01,1.911768168210983276e-01,5.868316888809204102e-01,6.345370411872863770e-01,4.069782197475433350e-01,5.945320129394531250e-01,2.952446937561035156e-01,4.736476838588714600e-01,3.034055531024932861e-01,5.375209450721740723e-01,3.639963269233703613e-01,1.000000000000000000e+00,7.873791456222534180e-01,6.195995211601257324e-01,4.051845669746398926e-01,2.184418439865112305e-01,3.168025314807891846e-01,5.730461478233337402e-01,6.278891116380691528e-02,1.102706342935562134e-01,4.418003186583518982e-02,3.162844479084014893e-01,1.560979634523391724e-01,3.427829444408416748e-01,3.460260927677154541e-01,1.249572336673736572e-01,3.270662426948547363e-01,4.084692001342773438e-01,5.870980620384216309e-01,4.798800051212310791e-01
4.454037249088287354e-01,5.974713340401649475e-02,5.419652462005615234e-01,4.900742173194885254e-01,1.526172161102294922e-01,2.105754464864730835e-01,4.537672102451324463e-01,2.048799842596054077e-01,4.692727327346801758e-01,3.788660466670989990e-01,3.413930535316467285e-01,5.013111233711242676e-01,4.419567286968231201e-01,5.554235354065895081e-02,1.420250982046127319e-01,2.920069992542266846e-01,5.414342284202575684e-01,6.154963970184326172e-01,3.189621865749359131e-01,2.994707226753234863e-01,6.091216206550598145e-01,8.031117916107177734e-01,5.230401158332824707e-01,7.206202149391174316e-01,2.018588185310363770e-01,4.423568248748779297e-01,2.756237983703613281e-01,3.711255490779876709e-01,3.063106536865234375e-01,7.873791456222534180e-01,1.000000000000000000e+00,7.773077487945556641e-01,2.922879755496978760e-01,1.032539084553718567e-01,2.290666848421096802e-01,5.872061252593994141e-01,-4.182244837284088135e-02,-8.946966379880905151e-03,1.272412389516830444e-01,3.600046932697296143e-01,3.708553500473499298e-03,2.696934342384338379e-01,2.980487346649169922e-01,4.515627399086952209e-03,2.272508889436721802e-01,3.808771669864654541e-01,7.125981450080871582e-01,6.199822425842285156e-01
4.007617235183715820e-01,6.395708024501800537e-02,4.247193634510040283e-01,4.955245256423950195e-01,2.947108745574951172e-01,3.895289897918701172e-01,5.187580585479736328e-01,2.861621379852294922e-01,6.586926579475402832e-01,5.838171243667602539e-01,3.877344429492950439e-01,6.008376479148864746e-01,5.754157900810241699e-01,-1.315476000308990479e-02,1.586185246706008911e-01,3.660094141960144043e-01,4.824927747249603271e-01,6.077014803886413574e-01,3.319320976734161377e-01,3.620787858963012695e-01,5.000903010368347168e-01,7.321852445602416992e-01,6.584705114364624023e-01,7.616459727287292480e-01,1.281173527240753174e-01,4.121182858943939209e-01,2.465024888515472412e-01,2.908771038055419922e-01,3.082154691219329834e-01,6.195995211601257324e-01,7.773077487945556641e-01,1.000000000000000000e+00,1.877009868621826172e-01,6.581460684537887573e-02,2.021630704402923584e-01,7.017647027969360352e-01,-1.675619930028915405e-02,-7.163262367248535156e-02,1.170151680707931519e-01,4.998580515384674072e-01,6.805866491049528122e-03,3.336956799030303955e-01,2.305314689874649048e-01,6.950233131647109985e-02,3.050911724567413330e-01,5.225504636764526367e-01,7.292098999023437500e-01,7.186485528945922852e-01
6.341758966445922852e-01,3.967123627662658691e-01,3.484090268611907959e-01,3.178791105747222900e-01,4.546544551849365234e-01,3.170972168445587158e-01,2.390731722116470337e-01,4.728525578975677490e-01,3.601894676685333252e-01,2.664479613304138184e-01,4.137490391731262207e-01,4.612445533275604248e-01,3.222772181034088135e-01,3.499230146408081055e-01,3.369759619235992432e-01,1.138921305537223816e-01,2.005807459354400635e-01,1.833439767360687256e-01,2.440957576036453247e-01,2.460466176271438599e-01,4.425888955593109131e-01,1.871840506792068481e-01,8.523253351449966431e-02,1.393336355686187744e-01,6.326386332511901855e-01,2.445567250251770020e-01,4.529289901256561279e-01,5.719412565231323242e-01,4.894442260265350342e-01,4.051845669746398926e-01,2.922879755496978760e-01,1.877009868621826172e-01,1.000000000000000000e+00,2.969327569007873535e-01,1.738393008708953857e-01,6.810793280601501465e-02,1.775609701871871948e-01,2.669182419776916504e-01,-1.017830073833465576e-01,-4.989168420433998108e-02,5.471503138542175293e-01,4.535428881645202637e-01,4.462490677833557129e-01,1.960523873567581177e-01,3.640401065349578857e-01,3.590738773345947266e-01,1.183661520481109619e-01,8.512103930115699768e-03
