1.000000000000000000e+00,-8.517991751432418823e-02,3.977226912975311279e-01,1.569688320159912109e-01,5.066635608673095703e-01,4.734751582145690918e-02,-2.793683111667633057e-01,1.062993556261062622e-01,2.743056230247020721e-02,-1.600456610321998596e-02,1.395588517189025879e-01,3.488624095916748047e-02,2.389596030116081238e-02,-3.074683621525764465e-02,-5.573777481913566589e-02,-4.704598709940910339e-02,-2.072791904211044312e-01,-3.147568404674530029e-01,2.854226827621459961e-01,-4.690339788794517517e-02,4.117212817072868347e-02,5.794504284858703613e-02,1.640845388174057007e-01,-2.847127616405487061e-01,1.851014047861099243e-01,-2.822527587413787842e-01,1.221104711294174194e-01,6.153720021247863770e-01,2.007687836885452271e-01,-3.080411553382873535e-01,-3.436304032802581787e-01,-2.846264541149139404e-01,2.492226064205169678e-01,-1.056189462542533875e-01,3.995349630713462830e-02,-2.037419676780700684e-01,-4.059589654207229614e-02,-1.874490231275558472e-01,-2.229370176792144775e-01,-6.078525260090827942e-02,1.878904700279235840e-01,-8.160479366779327393e-02,2.066340995952486992e-03,-1.735037192702293396e-02,-1.196407079696655273e-01,-4.548700153827667236e-02,-2.834629714488983154e-01,1.118469908833503723e-01
-8.517991751432418823e-02,1.000000000000000000e+00,8.202583342790603638e-02,1.999053359031677246e-01,2.241859734058380127e-01,5.752860754728317261e-02,2.894321978092193604e-01,-4.772024974226951599e-02,2.275598347187042236e-01,2.715794742107391357e-01,1.345971971750259399e-01,3.997581005096435547e-01,1.445321142673492432e-01,7.493167370557785034e-02,4.158771336078643799e-01,1.760721206665039062e-01,6.798396259546279907e-02,3.469861149787902832e-01,-3.318028450012207031e-01,-5.794505029916763306e-02,1.208349503576755524e-02,-2.046852111816406250e-01,-7.601020485162734985e-02,2.734197080135345459e-01,-1.176913967356085777e-03,2.408503293991088867e-01,2.795573174953460693e-01,5.737577006220817566e-02,1.908291727304458618e-01,1.885059922933578491e-01,1.177468076348304749e-01,5.853864550590515137e-02,2.908565700054168701e-01,2.165623009204864502e-01,8.751400560140609741e-02,2.334063798189163208e-01,-4.448949173092842102e-02,4.204740226268768311e-01,8.108763024210929871e-03,1.467629894614219666e-02,5.587232112884521484e-01,5.107687115669250488e-01,-2.227821052074432373e-01,4.546582996845245361e-01,6.153838038444519043e-01,1.314166784286499023e-01,2.012252062559127808e-01,-8.690474927425384521e-02
3.977226912975311279e-01,8.202583342790603638e-02,1.000000000000000000e+00,4.938957691192626953e-01,2.771071493625640869e-01,1.582943499088287354e-01,1.419874131679534912e-01,-4.030345007777214050e-02,-8.267632871866226196e-02,2.509931847453117371e-02,-9.907020628452301025e-02,4.660807177424430847e-02,1.746226660907268524e-02,-2.122554741799831390e-02,4.529280960559844971e-02,-1.072209477424621582e-01,7.676544133573770523e-03,-1.087570413947105408e-01,1.675097495317459106e-01,7.486278563737869263e-02,8.366744220256805420e-02,1.753181517124176025e-01,4.173773154616355896e-02,-1.082865968346595764e-01,1.087480112910270691e-01,2.473760629072785378e-03,2.095023542642593384e-02,5.202903747558593750e-01,3.482096791267395020e-01,1.294354442507028580e-02,-4.256097972393035889e-02,-9.980244189500808716e-02,-6.274509429931640625e-02,4.662388935685157776e-03,5.817812308669090271e-02,-6.096251308917999268e-02,1.037175301462411880e-02,-3.402905073016881943e-03,-2.256169468164443970e-01,-1.559938937425613403e-01,1.520774960517883301e-01,1.074540242552757263e-02,1.098956465721130371e-01,-6.873410940170288086e-02,4.697023332118988037e-02,3.022242896258831024e-02,-1.252846270799636841e-01,8.636274933815002441e-02
1.569688320159912109e-01,1.999053359031677246e-01,4.938957691192626953e-01,1.000000000000000000e+00,2.340606003999710083e-01,4.706184864044189453e-01,4.195284545421600342e-01,-1.625213623046875000e-01,-2.119543030858039856e-02,1.719011515378952026e-01,-1.539008766412734985e-01,3.908972442150115967e-02,-1.083347648382186890e-01,1.842724904417991638e-02,1.742131076753139496e-02,-1.828806996345520020e-01,1.294567435979843140e-01,1.619455218315124512e-01,-9.504077583551406860e-02,9.000018984079360962e-02,-1.739615015685558319e-02,3.295633569359779358e-02,-1.863142699003219604e-01,-1.645906269550323486e-02,2.279912978410720825e-01,1.927231997251510620e-01,1.410143226385116577e-01,3.253333568572998047e-01,3.957942426204681396e-01,1.087794527411460876e-01,5.859372019767761230e-02,-1.319038029760122299e-02,-1.478189677000045776e-01,-1.359681338071823120e-01,4.929558187723159790e-02,-9.310442954301834106e-02,-1.118436753749847412e-01,5.588902533054351807e-02,-1.273124814033508301e-01,-3.078667223453521729e-01,1.749191731214523315e-01,1.865968406200408936e-01,-6.575310835614800453e-04,-7.952375710010528564e-02,2.578400671482086182e-01,1.599252223968505859e-01,-1.866374164819717407e-02,-5.059510841965675354e-02
5.066635608673095703e-01,2.241859734058380127e-01,2.771071493625640869e-01,2.340606003999710083e-01,1.000000000000000000e+00,1.499332934617996216e-01,-4.633151367306709290e-02,4.696924239397048950e-02,1.779255270957946777e-01,1.044869720935821533e-01,2.369205206632614136e-01,1.690290272235870361e-01,1.126001253724098206e-01,1.378604769706726074e-01,7.559494674205780029e-02,3.169557824730873108e-02,-1.155629605054855347e-01,-1.397848129272460938e-01,9.925124049186706543e-02,8.854755759239196777e-02,2.318558394908905029e-01,-1.131636723875999451e-01,7.230133563280105591e-02,-1.645465344190597534e-01,-1.113503612577915192e-02,-2.179150842130184174e-02,1.375424116849899292e-01,3.003495931625366211e-01,1.792123913764953613e-01,-1.613909751176834106e-01,-2.777716219425201416e-01,-2.044293731451034546e-01,2.772287428379058838e-01,-9.395994991064071655e-02,-1.630421355366706848e-02,-1.203150674700737000e-01,5.600813776254653931e-02,-3.787185996770858765e-02,-1.795487850904464722e-01,6.667672842741012573e-02,4.043679237365722656e-01,1.798063367605209351e-01,-6.639824714511632919e-03,2.365148812532424927e-01,7.019818574190139771e-02,8.057378232479095459e-02,-1.352324485778808594e-01,-3.221304714679718018e-02
4.734751582145690918e-02,5.752860754728317261e-02,1.582943499088287354e-01,4.706184864044189453e-01,1.499332934617996216e-01,1.000000000000000000e+00,3.147494792938232422e-01,-3.981193900108337402e-02,9.461744129657745361e-02,1.903238147497177124e-01,-5.935547500848770142e-02,5.822905153036117554e-02,1.470937300473451614e-02,2.598101273179054260e-02,-2.832853049039840698e-02,-9.426989592611789703e-03,4.191184788942337036e-02,4.012887924909591675e-02,-6.517991889268159866e-03,4.864094778895378113e-02,2.073454670608043671e-02,-5.354724824428558350e-02,-2.886248826980590820e-01,-1.406723409891128540e-01,1.392362564802169800e-01,4.693117924034595490e-03,1.446480154991149902e-01,1.542187035083770752e-01,2.779971063137054443e-01,3.178242966532707214e-02,-4.829506203532218933e-02,-1.123123764991760254e-01,-6.528581678867340088e-02,-1.278714835643768311e-01,-6.929573416709899902e-02,-2.337159365415573120e-01,1.003898307681083679e-02,-4.211580753326416016e-02,-2.042949944734573364e-02,-3.296009004116058350e-01,8.996572345495223999e-02,2.789593338966369629e-01,2.045424431562423706e-01,-3.461380954831838608e-03,1.002344638109207153e-01,2.572363913059234619e-01,-8.134314417839050293e-02,-1.728942394256591797e-01
-2.793683111667633057e-01,2.894321978092193604e-01,1.419874131679534912e-01,4.195284545421600342e-01,-4.633151367306709290e-02,3.147494792938232422e-01,1.000000000000000000e+00,-1.176194399595260620e-01,4.571134969592094421e-02,1.932705342769622803e-01,-9.398949891328811646e-02,1.779089421033859253e-01,-4.866737872362136841e-03,1.376283355057239532e-02,1.245091259479522705e-01,2.026392705738544464e-02,4.826757609844207764e-01,3.916335701942443848e-01,-1.767765730619430542e-01,1.095481961965560913e-01,-3.751350939273834229e-02,-7.122443616390228271e-02,-2.004821151494979858e-01,1.799956709146499634e-01,9.230049699544906616e-02,3.483591079711914062e-01,6.203013285994529724e-02,-7.897444069385528564e-02,1.275806128978729248e-01,2.205640226602554321e-01,2.579788863658905029e-01,8.506003022193908691e-02,-5.605548247694969177e-02,-1.231324393302202225e-02,-2.188446931540966034e-03,1.347585916519165039e-01,-4.221639782190322876e-02,1.848173737525939941e-01,1.004546359181404114e-01,-1.591061204671859741e-01,5.403385683894157410e-02,3.997642397880554199e-01,1.415944844484329224e-01,1.176332533359527588e-01,3.499755263328552246e-01,3.411590456962585449e-01,1.462136059999465942e-01,-1.619814187288284302e-01
1.062993556261062622e-01,-4.772024974226951599e-02,-4.030345007777214050e-02,-1.625213623046875000e-01,4.696924239397048950e-02,-3.981193900108337402e-02,-1.176194399595260620e-01,1.000000000000000000e+00,1.145018413662910461e-01,-1.699314117431640625e-01,2.925780117511749268e-01,-4.918744787573814392e-02,-5.898985266685485840e-02,3.250393867492675781e-01,3.787236660718917847e-02,6.646586209535598755e-02,-2.207773551344871521e-02,-1.135209575295448303e-01,2.082500457763671875e-01,1.751184463500976562e-01,1.233763024210929871e-01,1.514096278697252274e-02,9.009415656328201294e-02,-1.726792454719543457e-01,-6.812313944101333618e-02,-1.334602236747741699e-01,1.322892308235168457e-01,-7.685098797082901001e-02,-1.263082176446914673e-01,-1.470019072294235229e-01,-1.913337260484695435e-01,-1.341213285923004150e-01,1.486358195543289185e-01,2.940434515476226807e-01,-7.510298490524291992e-02,-1.063209921121597290e-01,5.097554922103881836e-01,-9.077608585357666016e-03,1.208615303039550781e-01,1.940027773380279541e-01,1.212688013911247253e-01,-9.812347590923309326e-02,1.198527365922927856e-01,7.305512577295303345e-02,-8.706595748662948608e-02,-5.196413770318031311e-02,-1.289945244789123535e-01,-4.980019107460975647e-02
2.743056230247020721e-02,2.275598347187042236e-01,-8.267632871866226196e-02,-2.119543030858039856e-02,1.779255270957946777e-01,9.461744129657745361e-02,4.571134969592094421e-02,1.145018413662910461e-01,1.000000000000000000e+00,3.816750645637512207e-01,5.343727469444274902e-01,4.186751246452331543e-01,2.035433240234851837e-02,2.083484083414077759e-01,2.913112640380859375e-01,7.952191680669784546e-02,3.233886882662773132e-02,3.619392216205596924e-02,1.765453815460205078e-01,2.258033454418182373e-01,1.730738431215286255e-01,-7.060432434082031250e-02,4.503898695111274719e-02,-4.775933921337127686e-02,2.190734073519706726e-02,9.782044589519500732e-02,1.055712774395942688e-01,1.002022996544837952e-03,-1.757290028035640717e-02,-3.639464452862739563e-02,2.330878563225269318e-02,2.158941701054573059e-02,8.595333993434906006e-02,-1.493153274059295654e-01,4.996628314256668091e-02,2.551174722611904144e-02,4.174378141760826111e-02,1.475757211446762085e-01,2.287835776805877686e-01,1.468001008033752441e-01,2.039296925067901611e-01,2.690512537956237793e-01,1.022552028298377991e-01,5.601337552070617676e-01,1.585691124200820923e-01,3.093932867050170898e-01,-5.276435520499944687e-03,3.835331182926893234e-03
-1.600456610321998596e-02,2.715794742107391357e-01,2.509931847453117371e-02,1.719011515378952026e-01,1.044869720935821533e-01,1.903238147497177124e-01,1.932705342769622803e-01,-1.699314117431640625e-01,3.816750645637512207e-01,1.000000000000000000e+00,2.768087089061737061e-01,5.150532126426696777e-01,2.828544080257415771e-01,-9.105252474546432495e-02,3.896963298320770264e-01,8.699475228786468506e-02,-1.406919397413730621e-02,9.933146089315414429e-02,-5.155708268284797668e-02,3.282067179679870605e-02,-5.921208113431930542e-02,-1.266012340784072876e-01,6.653866171836853027e-02,-4.381558299064636230e-02,2.240377217531204224e-01,9.930401295423507690e-02,3.250699862837791443e-02,9.756908565759658813e-02,4.629692062735557556e-02,3.039478091523051262e-03,-8.934130892157554626e-03,-4.276148974895477295e-02,-1.357286353595554829e-03,-1.508694589138031006e-01,-4.790409933775663376e-03,5.581641942262649536e-02,-2.900471687316894531e-01,2.334372252225875854e-01,-3.410304337739944458e-02,-2.168090492486953735e-01,1.518435627222061157e-01,3.676632642745971680e-01,3.944861143827438354e-02,2.514660954475402832e-01,3.696225881576538086e-01,5.692538619041442871e-01,-8.173669874668121338e-02,-6.281116604804992676e-02
1.395588517189025879e-01,1.345971971750259399e-01,-9.907020628452301025e-02,-1.539008766412734985e-01,2.369205206632614136e-01,-5.935547500848770142e-02,-9.398949891328811646e-02,2.925780117511749268e-01,5.343727469444274902e-01,2.768087089061737061e-01,1.000000000000000000e+00,3.888083994388580322e-01,1.299233920872211456e-02,1.802929937839508057e-01,4.687992632389068604e-01,2.847020700573921204e-02,-8.645867556333541870e-02,-3.016762249171733856e-02,1.218189671635627747e-01,1.756048798561096191e-01,8.280060440301895142e-02,-5.961342900991439819e-02,1.661442518234252930e-01,-6.149480119347572327e-02,5.888587981462478638e-02,3.989061340689659119e-02,1.087825745344161987e-01,-6.115579162724316120e-04,-1.346934139728546143e-01,-1.343743354082107544e-01,-8.454487472772598267e-02,7.244650740176439285e-03,1.992469280958175659e-01,3.709058836102485657e-02,-3.776196762919425964e-02,4.615862295031547546e-02,1.681677810847759247e-02,2.944814562797546387e-01,3.445394337177276611e-02,1.551911234855651855e-01,2.376215159893035889e-01,1.849759072065353394e-01,-1.170545443892478943e-02,3.024978339672088623e-01,2.015958875417709351e-01,1.975704729557037354e-01,-6.266859918832778931e-02,8.452207595109939575e-02
3.488624095916748047e-02,3.997581005096435547e-01,4.660807177424430847e-02,3.908972442150115967e-02,1.690290272235870361e-01,5.822905153036117554e-02,1.779089421033859253e-01,-4.918744787573814392e-02,4.186751246452331543e-01,5.150532126426696777e-01,3.888083994388580322e-01,1.000000000000000000e+00,1.887153089046478271e-01,4.955118149518966675e-02,5.592341423034667969e-01,2.470306605100631714e-01,-2.765344083309173584e-02,1.049668118357658386e-01,-8.003730326890945435e-02,-5.641466006636619568e-02,-7.917982339859008789e-02,-1.767078340053558350e-01,5.835244059562683105e-02,1.138707026839256287e-01,1.013944670557975769e-01,7.661449909210205078e-02,1.800629645586013794e-01,1.146581247448921204e-01,2.432850189507007599e-02,1.822122558951377869e-02,5.386945977807044983e-02,2.655724063515663147e-02,1.871643960475921631e-01,-7.351395208388566971e-03,7.428743690252304077e-02,2.343708127737045288e-01,-1.761236786842346191e-01,2.611202597618103027e-01,2.157390676438808441e-02,2.968012122437357903e-03,1.409998685121536255e-01,4.067771434783935547e-01,3.438520058989524841e-02,4.686003923416137695e-01,3.326738476753234863e-01,3.730882406234741211e-01,1.674206256866455078e-01,3.595581278204917908e-03
2.389596030116081238e-02,1.445321142673492432e-01,1.746226660907268524e-02,-1.083347648382186890e-01,1.126001253724098206e-01,1.470937300473451614e-02,-4.866737872362136841e-03,-5.898985266685485840e-02,2.035433240234851837e-02,2.828544080257415771e-01,1.299233920872211456e-02,1.887153089046478271e-01,1.000000000000000000e+00,-5.997058376669883728e-02,2.321176975965499878e-01,5.205940604209899902e-01,6.367313116788864136e-02,2.213473618030548096e-02,6.229855120182037354e-02,2.052486874163150787e-02,1.306074559688568115e-01,5.384457111358642578e-02,2.763078808784484863e-01,5.411994829773902893e-02,5.110499635338783264e-02,-8.367050439119338989e-02,6.758767180144786835e-03,3.648391366004943848e-02,-3.686100989580154419e-02,-6.251111626625061035e-02,3.503675013780593872e-02,-6.378687918186187744e-02,3.032472133636474609e-01,6.667904555797576904e-02,-1.004761829972267151e-02,1.319333612918853760e-01,-1.104401051998138428e-02,1.386566609144210815e-01,5.007204413414001465e-02,1.098603568971157074e-02,1.360714882612228394e-01,1.520310640335083008e-01,1.068810522556304932e-01,1.260213255882263184e-01,8.557396382093429565e-02,2.306317239999771118e-01,-5.089840665459632874e-02,4.988077655434608459e-02
-3.074683621525764465e-02,7.493167370557785034e-02,-2.122554741799831390e-02,1.842724904417991638e-02,1.378604769706726074e-01,2.598101273179054260e-02,1.376283355057239532e-02,3.250393867492675781e-01,2.083484083414077759e-01,-9.105252474546432495e-02,1.802929937839508057e-01,4.955118149518966675e-02,-5.997058376669883728e-02,1.000000000000000000e+00,1.193852722644805908e-01,3.673363104462623596e-02,2.218477800488471985e-02,4.566628485918045044e-02,9.638591855764389038e-02,2.988538444042205811e-01,1.695498973131179810e-01,-1.273674145340919495e-02,-8.449599146842956543e-02,-5.429422948509454727e-03,-2.195499241352081299e-01,-4.482904449105262756e-03,2.389913052320480347e-02,-1.167320683598518372e-01,-6.584435701370239258e-02,2.253696508705615997e-02,-2.839052816852927208e-03,-6.931699812412261963e-02,4.486235976219177246e-02,-1.886363625526428223e-01,4.089868441224098206e-02,-1.360561102628707886e-01,4.628827869892120361e-01,6.409653276205062866e-02,2.505475878715515137e-01,1.794674694538116455e-01,6.838730722665786743e-02,9.197211265563964844e-02,5.294142663478851318e-02,1.036874130368232727e-01,6.738758832216262817e-02,2.666909992694854736e-02,2.489913813769817352e-02,-6.995128095149993896e-02
-5.573777481913566589e-02,4.158771336078643799e-01,4.529280960559844971e-02,1.742131076753139496e-02,7.559494674205780029e-02,-2.832853049039840698e-02,1.245091259479522705e-01,3.787236660718917847e-02,2.913112640380859375e-01,3.896963298320770264e-01,4.687992632389068604e-01,5.592341423034667969e-01,2.321176975965499878e-01,1.193852722644805908e-01,1.000000000000000000e+00,2.656230032444000244e-01,-6.720267236232757568e-02,1.880780756473541260e-01,-2.518182098865509033e-01,-1.119249463081359863e-01,-1.215383410453796387e-01,-1.378275901079177856e-01,-3.207106515765190125e-02,1.152241379022598267e-01,1.670652627944946289e-01,1.386809051036834717e-01,1.993431299924850464e-01,1.273673959076404572e-02,-5.072527751326560974e-02,4.404898360371589661e-02,-1.667481497861444950e-03,2.563783666118979454e-03,2.762848436832427979e-01,1.092086508870124817e-01,7.772298157215118408e-02,1.500885635614395142e-01,-1.112236380577087402e-01,5.987755656242370605e-01,5.019737407565116882e-02,-9.938307851552963257e-02,2.509579062461853027e-01,3.773361444473266602e-01,-1.493559926748275757e-01,3.164097964763641357e-01,4.527525007724761963e-01,2.391868680715560913e-01,6.835556030273437500e-02,-3.907704725861549377e-02
-4.704598709940910339e-02,1.760721206665039062e-01,-1.072209477424621582e-01,-1.828806996345520020e-01,3.169557824730873108e-02,-9.426989592611789703e-03,2.026392705738544464e-02,6.646586209535598755e-02,7.952191680669784546e-02,8.699475228786468506e-02,2.847020700573921204e-02,2.470306605100631714e-01,5.205940604209899902e-01,3.673363104462623596e-02,2.656230032444000244e-01,1.000000000000000000e+00,4.886923357844352722e-02,3.566205874085426331e-02,-7.736811041831970215e-02,-1.194764971733093262e-01,4.043718799948692322e-03,-1.600371301174163818e-01,1.661863923072814941e-01,1.490361839532852173e-01,1.898856461048126221e-01,-5.342249199748039246e-02,2.813538014888763428e-01,2.414706535637378693e-02,-9.119914472103118896e-02,-3.281676769256591797e-02,-4.356774967163801193e-03,-1.127019003033638000e-01,4.341674745082855225e-01,-1.986154355108737946e-02,9.928523004055023193e-02,1.398885548114776611e-01,9.545580297708511353e-02,1.536910831928253174e-01,3.514657020568847656e-01,1.069108545780181885e-01,7.272703945636749268e-02,1.094577983021736145e-01,-1.344936713576316833e-02,2.114610373973846436e-01,6.084616109728813171e-02,1.236874088644981384e-01,4.308029636740684509e-02,-1.386709362268447876e-01
-2.072791904211044312e-01,6.798396259546279907e-02,7.676544133573770523e-03,1.294567435979843140e-01,-1.155629605054855347e-01,4.191184788942337036e-02,4.826757609844207764e-01,-2.207773551344871521e-02,3.233886882662773132e-02,-1.406919397413730621e-02,-8.645867556333541870e-02,-2.765344083309173584e-02,6.367313116788864136e-02,2.218477800488471985e-02,-6.720267236232757568e-02,4.886923357844352722e-02,1.000000000000000000e+00,4.038283824920654297e-01,1.874374449253082275e-01,3.679689466953277588e-01,2.043461650609970093e-01,1.605251729488372803e-01,9.706075489521026611e-02,1.387418210506439209e-01,-3.059102967381477356e-02,1.702595353126525879e-01,-3.966907411813735962e-02,-1.164737343788146973e-01,3.413187339901924133e-02,1.578077375888824463e-01,3.982209861278533936e-01,1.478265970945358276e-01,-3.232291713356971741e-02,1.081996411085128784e-02,4.588680341839790344e-02,1.893545389175415039e-01,1.002940610051155090e-01,7.089835405349731445e-02,2.500505447387695312e-01,1.107938215136528015e-01,-1.430180855095386505e-03,1.311099231243133545e-01,2.911049425601959229e-01,4.043762758374214172e-02,1.066826134920120239e-01,1.725534498691558838e-01,8.628137409687042236e-02,-3.899447247385978699e-02
-3.147568404674530029e-01,3.469861149787902832e-01,-1.087570413947105408e-01,1.619455218315124512e-01,-1.397848129272460938e-01,4.012887924909591675e-02,3.916335701942443848e-01,-1.135209575295448303e-01,3.619392216205596924e-02,9.933146089315414429e-02,-3.016762249171733856e-02,1.049668118357658386e-01,2.213473618030548096e-02,4.566628485918045044e-02,1.880780756473541260e-01,3.566205874085426331e-02,4.038283824920654297e-01,1.000000000000000000e+00,-3.942319750785827637e-01,5.120043829083442688e-02,1.065544560551643372e-01,4.646002128720283508e-02,-7.280057668685913086e-02,3.626391291618347168e-01,-6.207510828971862793e-02,3.692606985569000244e-01,1.467054188251495361e-01,-2.379863262176513672e-01,1.620634086430072784e-02,3.415668010711669922e-01,4.932839274406433105e-01,2.483311593532562256e-01,1.162962764501571655e-01,5.919045209884643555e-02,1.831120848655700684e-01,2.226255834102630615e-01,3.551257029175758362e-02,3.740122914314270020e-01,1.861340552568435669e-01,2.547726035118103027e-03,1.987241059541702271e-01,2.224732637405395508e-01,-8.354432135820388794e-02,9.767727553844451904e-02,3.707709014415740967e-01,9.351409226655960083e-02,2.597361207008361816e-01,1.138465292751789093e-02
2.854226827621459961e-01,-3.318028450012207031e-01,1.675097495317459106e-01,-9.504077583551406860e-02,9.925124049186706543e-02,-6.517991889268159866e-03,-1.767765730619430542e-01,2.082500457763671875e-01,1.765453815460205078e-01,-5.155708268284797668e-02,1.218189671635627747e-01,-8.003730326890945435e-02,6.229855120182037354e-02,9.638591855764389038e-02,-2.518182098865509033e-01,-7.736811041831970215e-02,1.874374449253082275e-01,-3.942319750785827637e-01,1.000000000000000000e+00,5.041093826293945312e-01,3.853774368762969971e-01,3.439041376113891602e-01,2.258159667253494263e-01,-3.227092921733856201e-01,-1.251182407140731812e-01,-4.213185608386993408e-01,-1.586855351924896240e-01,1.861618757247924805e-01,-2.187955938279628754e-02,-2.351691275835037231e-01,-5.477463081479072571e-02,-1.026162207126617432e-01,-1.318532377481460571e-01,-9.704063832759857178e-02,-7.772265374660491943e-02,-1.741871684789657593e-01,2.226774990558624268e-01,-3.527161478996276855e-01,4.919758811593055725e-02,1.528001129627227783e-01,-1.103495508432388306e-01,-1.369254887104034424e-01,4.796589612960815430e-01,-5.254341289401054382e-03,-3.149056136608123779e-01,1.128912419080734253e-01,-2.445741295814514160e-01,1.171962171792984009e-01
-4.690339788794517517e-02,-5.794505029916763306e-02,7.486278563737869263e-02,9.000018984079360962e-02,8.854755759239196777e-02,4.864094778895378113e-02,1.095481961965560913e-01,1.751184463500976562e-01,2.258033454418182373e-01,3.282067179679870605e-02,1.756048798561096191e-01,-5.641466006636619568e-02,2.052486874163150787e-02,2.988538444042205811e-01,-1.119249463081359863e-01,-1.194764971733093262e-01,3.679689466953277588e-01,5.120043829083442688e-02,5.041093826293945312e-01,1.000000000000000000e+00,5.587102174758911133e-01,3.296517133712768555e-01,1.198102682828903198e-01,-1.258304566144943237e-01,-2.116609513759613037e-01,-3.552117571234703064e-02,-5.797050520777702332e-02,-1.186366379261016846e-01,-3.594027832150459290e-02,7.403877377510070801e-02,1.595326960086822510e-01,3.742007538676261902e-02,-9.906402230262756348e-02,-7.131124287843704224e-02,2.482683025300502777e-02,-6.027043983340263367e-02,3.027160465717315674e-01,-5.076648294925689697e-02,2.254227101802825928e-01,2.461182475090026855e-01,-8.955000899732112885e-03,7.738104462623596191e-02,4.538615643978118896e-01,6.635609269142150879e-02,-1.865646615624427795e-02,2.141367197036743164e-01,-5.828640237450599670e-02,1.292092651128768921e-01
4.117212817072868347e-02,1.208349503576755524e-02,8.366744220256805420e-02,-1.739615015685558319e-02,2.318558394908905029e-01,2.073454670608043671e-02,-3.751350939273834229e-02,1.233763024210929871e-01,1.730738431215286255e-01,-5.921208113431930542e-02,8.280060440301895142e-02,-7.917982339859008789e-02,1.306074559688568115e-01,1.695498973131179810e-01,-1.215383410453796387e-01,4.043718799948692322e-03,2.043461650609970093e-01,1.065544560551643372e-01,3.853774368762969971e-01,5.587102174758911133e-01,1.000000000000000000e+00,3.923642337322235107e-01,1.586526930332183838e-01,-1.296465098857879639e-01,-3.176216483116149902e-01,-1.730277091264724731e-01,1.876509562134742737e-02,-6.074605137109756470e-02,-3.235443495213985443e-03,-2.068081684410572052e-02,1.474306732416152954e-01,4.436333850026130676e-02,5.258989334106445312e-02,-7.210111711174249649e-03,-3.034687042236328125e-02,-5.638482794165611267e-02,3.595405519008636475e-01,-5.788129568099975586e-02,7.584804296493530273e-02,3.135738372802734375e-01,1.390509903430938721e-01,-6.300941854715347290e-02,4.230272173881530762e-01,1.723558157682418823e-01,-1.412110924720764160e-01,-7.328981533646583557e-03,-5.180467665195465088e-02,1.123635545372962952e-01
5.794504284858703613e-02,-2.046852111816406250e-01,1.753181517124176025e-01,3.295633569359779358e-02,-1.131636723875999451e-01,-5.354724824428558350e-02,-7.122443616390228271e-02,1.514096278697252274e-02,-7.060432434082031250e-02,-1.266012340784072876e-01,-5.961342900991439819e-02,-1.767078340053558350e-01,5.384457111358642578e-02,-1.273674145340919495e-02,-1.378275901079177856e-01,-1.600371301174163818e-01,1.605251729488372803e-01,4.646002128720283508e-02,3.439041376113891602e-01,3.296517133712768555e-01,3.923642337322235107e-01,1.000000000000000000e+00,2.756769359111785889e-01,3.371527791023254395e-02,-7.515655457973480225e-02,-2.496390640735626221e-01,-5.034358799457550049e-02,7.870362699031829834e-02,4.650215432047843933e-02,-2.618578495457768440e-03,3.665274679660797119e-01,2.735480070114135742e-01,-2.167968004941940308e-01,-2.394580282270908356e-02,1.112158149480819702e-01,5.251344665884971619e-02,6.282416731119155884e-02,-8.811785280704498291e-02,7.186378538608551025e-02,1.947418451309204102e-01,-6.673105806112289429e-02,-2.076221108436584473e-01,3.647869527339935303e-01,-1.697313636541366577e-01,-2.025192975997924805e-01,-7.563518732786178589e-02,5.917848274111747742e-02,4.996448159217834473e-01
1.640845388174057007e-01,-7.601020485162734985e-02,4.173773154616355896e-02,-1.863142699003219604e-01,7.230133563280105591e-02,-2.886248826980590820e-01,-2.004821151494979858e-01,9.009415656328201294e-02,4.503898695111274719e-02,6.653866171836853027e-02,1.661442518234252930e-01,5.835244059562683105e-02,2.763078808784484863e-01,-8.449599146842956543e-02,-3.207106515765190125e-02,1.661863923072814941e-01,9.706075489521026611e-02,-7.280057668685913086e-02,2.258159667253494263e-01,1.198102682828903198e-01,1.586526930332183838e-01,2.756769359111785889e-01,1.000000000000000000e+00,1.551105231046676636e-01,6.697966903448104858e-02,-1.622534543275833130e-01,-7.028029114007949829e-02,1.520896553993225098e-01,-1.440419815480709076e-02,-1.596484035253524780e-01,1.162756681442260742e-01,3.805774077773094177e-02,1.288509927690029144e-02,1.892916485667228699e-02,9.788481891155242920e-02,3.663954734802246094e-01,-9.747315943241119385e-02,-5.456147342920303345e-02,5.484686791896820068e-02,4.809917509555816650e-01,1.812617178075015545e-03,-1.143339872360229492e-01,1.487172991037368774e-01,3.288537636399269104e-02,-9.857830405235290527e-02,6.116401404142379761e-02,2.676457539200782776e-02,3.875227868556976318e-01
-2.847127616405487061e-01,2.734197080135345459e-01,-1.082865968346595764e-01,-1.645906269550323486e-02,-1.645465344190597534e-01,-1.406723409891128540e-01,1.799956709146499634e-01,-1.726792454719543457e-01,-4.775933921337127686e-02,-4.381558299064636230e-02,-6.149480119347572327e-02,1.138707026839256287e-01,5.411994829773902893e-02,-5.429422948509454727e-03,1.152241379022598267e-01,1.490361839532852173e-01,1.387418210506439209e-01,3.626391291618347168e-01,-3.227092921733856201e-01,-1.258304566144943237e-01,-1.296465098857879639e-01,3.371527791023254395e-02,1.551105231046676636e-01,1.000000000000000000e+00,-6.513659656047821045e-02,2.826940119266510010e-01,1.211788430809974670e-01,-1.730751842260360718e-01,-6.963418424129486084e-02,1.768367141485214233e-01,5.231007337570190430e-01,5.194113850593566895e-01,8.322351425886154175e-02,9.788797050714492798e-02,1.708312332630157471e-01,5.444180369377136230e-01,-1.060548275709152222e-01,2.082067877054214478e-01,2.005718946456909180e-01,2.952452600002288818e-01,6.795414537191390991e-02,1.682473123073577881e-01,-1.754586100578308105e-01,6.438143551349639893e-02,2.879135310649871826e-01,1.067726779729127884e-02,7.155969142913818359e-01,3.168572485446929932e-01
1.851014047861099243e-01,-1.176913967356085777e-03,1.087480112910270691e-01,2.279912978410720825e-01,-1.113503612577915192e-02,1.392362564802169800e-01,9.230049699544906616e-02,-6.812313944101333618e-02,2.190734073519706726e-02,2.240377217531204224e-01,5.888587981462478638e-02,1.013944670557975769e-01,5.110499635338783264e-02,-2.195499241352081299e-01,1.670652627944946289e-01,1.898856461048126221e-01,-3.059102967381477356e-02,-6.207510828971862793e-02,-1.251182407140731812e-01,-2.116609513759613037e-01,-3.176216483116149902e-01,-7.515655457973480225e-02,6.697966903448104858e-02,-6.513659656047821045e-02,1.000000000000000000e+00,3.463821858167648315e-02,3.286168873310089111e-01,3.467036783695220947e-01,9.626429527997970581e-02,-8.575979620218276978e-02,-1.269499510526657104e-01,-1.536984145641326904e-01,1.640125364065170288e-01,-1.144486367702484131e-01,4.349701479077339172e-02,-6.884921342134475708e-02,-3.078560531139373779e-01,1.284827142953872681e-01,1.621973142027854919e-02,-3.041574060916900635e-01,1.301156636327505112e-02,9.535143524408340454e-02,-1.450514942407608032e-01,-9.029568731784820557e-02,1.104213669896125793e-01,2.255049347877502441e-01,-1.839566677808761597e-01,-6.799659878015518188e-02
-2.822527587413787842e-01,2.408503293991088867e-01,2.473760629072785378e-03,1.927231997251510620e-01,-2.179150842130184174e-02,4.693117924034595490e-03,3.483591079711914062e-01,-1.334602236747741699e-01,9.782044589519500732e-02,9.930401295423507690e-02,3.989061340689659119e-02,7.661449909210205078e-02,-8.367050439119338989e-02,-4.482904449105262756e-03,1.386809051036834717e-01,-5.342249199748039246e-02,1.702595353126525879e-01,3.692606985569000244e-01,-4.213185608386993408e-01,-3.552117571234703064e-02,-1.730277091264724731e-01,-2.496390640735626221e-01,-1.622534543275833130e-01,2.826940119266510010e-01,3.463821858167648315e-02,1.000000000000000000e+00,3.449437767267227173e-02,-2.374223172664642334e-01,8.815246820449829102e-02,2.871606349945068359e-01,1.365983337163925171e-01,1.565940380096435547e-01,4.450852423906326294e-02,3.099451772868633270e-02,1.125810518860816956e-01,1.466645747423171997e-01,-1.062406376004219055e-01,3.003616929054260254e-01,9.540741890668869019e-02,-2.450122125446796417e-02,1.181142777204513550e-01,1.860642731189727783e-01,-2.434303462505340576e-01,1.130750924348831177e-01,2.506339848041534424e-01,5.160202085971832275e-02,1.821094155311584473e-01,-8.413589745759963989e-02
1.221104711294174194e-01,2.795573174953460693e-01,2.095023542642593384e-02,1.410143226385116577e-01,1.375424116849899292e-01,1.446480154991149902e-01,6.203013285994529724e-02,1.322892308235168457e-01,1.055712774395942688e-01,3.250699862837791443e-02,1.087825745344161987e-01,1.800629645586013794e-01,6.758767180144786835e-03,2.389913052320480347e-02,1.993431299924850464e-01,2.813538014888763428e-01,-3.966907411813735962e-02,1.467054188251495361e-01,-1.586855351924896240e-01,-5.797050520777702332e-02,1.876509562134742737e-02,-5.034358799457550049e-02,-7.028029114007949829e-02,1.211788430809974670e-01,3.286168873310089111e-01,3.449437767267227173e-02,1.000000000000000000e+00,1.766335517168045044e-01,1.158384755253791809e-01,-2.787319244816899300e-03,5.613454058766365051e-02,-4.181061685085296631e-02,4.263365864753723145e-01,-4.161780700087547302e-02,1.344765871763229370e-01,5.810986086726188660e-02,3.203456848859786987e-02,2.059066295623779297e-01,1.908297687768936157e-01,-4.192206263542175293e-02,3.745535612106323242e-01,1.703744083642959595e-01,-5.415574088692665100e-02,1.406915038824081421e-01,2.506372332572937012e-01,9.759455919265747070e-02,6.508280336856842041e-02,-9.120892733335494995e-02
6.153720021247863770e-01,5.737577006220817566e-02,5.202903747558593750e-01,3.253333568572998047e-01,3.003495931625366211e-01,1.542187035083770752e-01,-7.897444069385528564e-02,-7.685098797082901001e-02,1.002022996544837952e-03,9.756908565759658813e-02,-6.115579162724316120e-04,1.146581247448921204e-01,3.648391366004943848e-02,-1.167320683598518372e-01,1.273673959076404572e-02,2.414706535637378693e-02,-1.164737343788146973e-01,-2.379863262176513672e-01,1.861618757247924805e-01,-1.186366379261016846e-01,-6.074605137109756470e-02,7.870362699031829834e-02,1.520896553993225098e-01,-1.730751842260360718e-01,3.467036783695220947e-01,-2.374223172664642334e-01,1.766335517168045044e-01,1.000000000000000000e+00,3.687840104103088379e-01,-2.121561169624328613e-01,-1.483697146177291870e-01,-2.270977646112442017e-01,4.639374837279319763e-02,-1.220367923378944397e-01,-3.484156355261802673e-02,-7.299704104661941528e-02,-1.862490177154541016e-01,-1.140059158205986023e-01,-2.720989882946014404e-01,-1.651284992694854736e-01,1.862465441226959229e-01,1.938810385763645172e-02,-3.298662230372428894e-02,1.171432621777057648e-02,2.717825397849082947e-02,3.162007033824920654e-02,-2.176004350185394287e-01,9.237931668758392334e-02
2.007687836885452271e-01,1.908291727304458618e-01,3.482096791267395020e-01,3.957942426204681396e-01,1.792123913764953613e-01,2.779971063137054443e-01,1.275806128978729248e-01,-1.263082176446914673e-01,-1.757290028035640717e-02,4.629692062735557556e-02,-1.346934139728546143e-01,2.432850189507007599e-02,-3.686100989580154419e-02,-6.584435701370239258e-02,-5.072527751326560974e-02,-9.119914472103118896e-02,3.413187339901924133e-02,1.620634086430072784e-02,-2.187955938279628754e-02,-3.594027832150459290e-02,-3.235443495213985443e-03,4.650215432047843933e-02,-1.440419815480709076e-02,-6.963418424129486084e-02,9.626429527997970581e-02,8.815246820449829102e-02,1.158384755253791809e-01,3.687840104103088379e-01,1.000000000000000000e+00,3.611644804477691650e-01,7.080791890621185303e-02,-1.048778221011161804e-01,-6.602636724710464478e-02,-9.334992617368698120e-02,1.612593829631805420e-01,-3.154534846544265747e-02,-1.347325444221496582e-01,2.547333762049674988e-02,-1.326513290405273438e-01,-1.768818944692611694e-01,1.400332152843475342e-01,1.766240894794464111e-01,1.083440780639648438e-01,-6.680635362863540649e-02,1.153168976306915283e-01,3.812409192323684692e-02,-6.512383371591567993e-02,3.723930800333619118e-03
-3.080411553382873535e-01,1.885059922933578491e-01,1.294354442507028580e-02,1.087794527411460876e-01,-1.613909751176834106e-01,3.178242966532707214e-02,2.205640226602554321e-01,-1.470019072294235229e-01,-3.639464452862739563e-02,3.039478091523051262e-03,-1.343743354082107544e-01,1.822122558951377869e-02,-6.251111626625061035e-02,2.253696508705615997e-02,4.404898360371589661e-02,-3.281676769256591797e-02,1.578077375888824463e-01,3.415668010711669922e-01,-2.351691275835037231e-01,7.403877377510070801e-02,-2.068081684410572052e-02,-2.618578495457768440e-03,-1.596484035253524780e-01,1.768367141485214233e-01,-8.575979620218276978e-02,2.871606349945068359e-01,-2.787319244816899300e-03,-2.121561169624328613e-01,3.611644804477691650e-01,1.000000000000000000e+00,3.094553053379058838e-01,1.638215780258178711e-01,-3.913227841258049011e-02,-7.481732405722141266e-03,3.133298158645629883e-01,1.073478609323501587e-01,9.796155616641044617e-03,2.415584623813629150e-01,2.318442016839981079e-01,-6.067503243684768677e-02,-3.745346516370773315e-02,1.794873327016830444e-01,3.808751702308654785e-02,-4.558457434177398682e-02,1.965803951025009155e-01,7.074441015720367432e-02,1.556315273046493530e-01,5.978217348456382751e-03
-3.436304032802581787e-01,1.177468076348304749e-01,-4.256097972393035889e-02,5.859372019767761230e-02,-2.777716219425201416e-01,-4.829506203532218933e-02,2.579788863658905029e-01,-1.913337260484695435e-01,2.330878563225269318e-02,-8.934130892157554626e-03,-8.454487472772598267e-02,5.386945977807044983e-02,3.503675013780593872e-02,-2.839052816852927208e-03,-1.667481497861444950e-03,-4.356774967163801193e-03,3.982209861278533936e-01,4.932839274406433105e-01,-5.477463081479072571e-02,1.595326960086822510e-01,1.474306732416152954e-01,3.665274679660797119e-01,1.162756681442260742e-01,5.231007337570190430e-01,-1.269499510526657104e-01,1.365983337163925171e-01,5.613454058766365051e-02,-1.483697146177291870e-01,7.080791890621185303e-02,3.094553053379058838e-01,1.000000000000000000e+00,5.628278255462646484e-01,-8.619553595781326294e-02,-1.533084549009799957e-02,1.915740817785263062e-01,4.263935983180999756e-01,-1.704801991581916809e-02,1.349622011184692383e-01,1.991470605134963989e-01,1.984207630157470703e-01,-2.848007529973983765e-02,7.868706434965133667e-02,1.934028267860412598e-01,1.893767155706882477e-02,1.441793888807296753e-01,8.588767796754837036e-02,4.922208786010742188e-01,2.730560898780822754e-01
-2.846264541149139404e-01,5.853864550590515137e-02,-9.980244189500808716e-02,-1.319038029760122299e-02,-2.044293731451034546e-01,-1.123123764991760254e-01,8.506003022193908691e-02,-1.341213285923004150e-01,2.158941701054573059e-02,-4.276148974895477295e-02,7.244650740176439285e-03,2.655724063515663147e-02,-6.378687918186187744e-02,-6.931699812412261963e-02,2.563783666118979454e-03,-1.127019003033638000e-01,1.478265970945358276e-01,2.483311593532562256e-01,-1.026162207126617432e-01,3.742007538676261902e-02,4.436333850026130676e-02,2.735480070114135742e-01,3.805774077773094177e-02,5.194113850593566895e-01,-1.536984145641326904e-01,1.565940380096435547e-01,-4.181061685085296631e-02,-2.270977646112442017e-01,-1.048778221011161804e-01,1.638215780258178711e-01,5.628278255462646484e-01,1.000000000000000000e+00,-1.209402605891227722e-01,8.208854496479034424e-02,9.444606304168701172e-02,3.677043616771697998e-01,-7.730151712894439697e-02,1.288366615772247314e-01,5.272972956299781799e-02,2.080430537462234497e-01,2.869713865220546722e-02,-5.220458284020423889e-02,2.476921863853931427e-02,3.208024892956018448e-03,8.741401135921478271e-02,-7.696326822042465210e-02,5.498351454734802246e-01,3.994431793689727783e-01
