1.000000000000000000e+00,6.692650914192199707e-02,8.203066885471343994e-02,2.654996514320373535e-01,5.493698120117187500e-01,3.204694986343383789e-01,1.023394870571792126e-03,6.023957729339599609e-01,-1.582644134759902954e-02,-9.942619502544403076e-02,1.247133091092109680e-01,-3.093949891626834869e-02,-2.839513868093490601e-02,3.085455894470214844e-01,-1.192585229873657227e-01,-2.567744851112365723e-01,-1.260461956262588501e-01,-1.788258850574493408e-01,-2.746368050575256348e-01,-1.721265465021133423e-01,-5.266627762466669083e-03,-7.595872133970260620e-02,-2.136641293764114380e-01,-3.650719672441482544e-02,7.628089189529418945e-01,2.904043346643447876e-02,7.207229137420654297e-01,8.288696408271789551e-01,6.754608750343322754e-01,7.278551906347274780e-02,-7.013957947492599487e-02,4.233123362064361572e-02,7.972856163978576660e-01,1.384707540273666382e-01,-3.047314286231994629e-01,-3.262874484062194824e-02,3.975708410143852234e-02,-1.114521175622940063e-01,-2.969821989536285400e-01,-3.456251230090856552e-03,5.342417359352111816e-01,-7.561415433883666992e-02,-1.613158583641052246e-01,-2.218105792999267578e-01,-7.028166949748992920e-02,-1.018668115139007568e-01,-4.440104961395263672e-02,1.050108373165130615e-01
6.692650914192199707e-02,1.000000000000000000e+00,-2.543916404247283936e-01,-2.716648876667022705e-01,4.599156379699707031e-01,4.955662190914154053e-01,-1.168027240782976151e-02,3.208859562873840332e-01,3.515529334545135498e-01,4.861470162868499756e-01,3.939687311649322510e-01,2.381770163774490356e-01,2.693586647510528564e-01,-9.903649240732192993e-02,-7.576645910739898682e-02,-1.009588316082954407e-01,-7.306905090808868408e-02,-1.756523847579956055e-01,6.118434667587280273e-02,1.552045792341232300e-01,8.168289065361022949e-02,-1.144565790891647339e-01,-2.452728897333145142e-02,2.063788622617721558e-01,1.570692956447601318e-01,1.452937424182891846e-01,3.613431155681610107e-01,2.359628379344940186e-01,3.002144694328308105e-01,3.214848935604095459e-01,1.321649700403213501e-01,1.664406508207321167e-01,2.663725316524505615e-01,3.541817367076873779e-01,3.081838190555572510e-01,3.282107412815093994e-01,-2.108029723167419434e-01,1.064241304993629456e-02,2.286837995052337646e-01,1.469483524560928345e-01,5.677863359451293945e-01,5.858536362648010254e-01,4.407069087028503418e-01,5.736732482910156250e-01,6.647239327430725098e-01,6.034252643585205078e-01,1.374684870243072510e-01,1.191709414124488831e-01
8.203066885471343994e-02,-2.543916404247283936e-01,1.000000000000000000e+00,7.320101261138916016e-01,-1.073037385940551758e-01,1.963976211845874786e-02,4.230335950851440430e-01,-1.699337065219879150e-01,-1.699635982513427734e-01,-1.662569642066955566e-01,-4.317327216267585754e-02,4.255482926964759827e-02,-1.008626371622085571e-01,3.215964734554290771e-01,2.571265697479248047e-01,9.114131331443786621e-02,8.503827452659606934e-02,1.309759914875030518e-01,5.817479267716407776e-02,4.853540658950805664e-02,1.204740703105926514e-01,9.606298804283142090e-02,-6.263940036296844482e-02,-1.549548655748367310e-01,-4.408985376358032227e-02,4.656929969787597656e-01,-6.249034404754638672e-02,1.401703655719757080e-01,1.544601917266845703e-01,1.662395000457763672e-01,3.401998430490493774e-02,-1.903231292963027954e-01,-1.425206512212753296e-01,-5.008799955248832703e-02,-1.455111950635910034e-01,-8.537428826093673706e-02,2.225685715675354004e-01,2.152774333953857422e-01,-1.412202268838882446e-01,9.602393209934234619e-02,-2.125526219606399536e-01,-2.469942271709442139e-01,-2.034233808517456055e-01,-2.315141260623931885e-01,-1.293196231126785278e-01,-1.564619392156600952e-01,-1.910281479358673096e-01,1.002415865659713745e-01
2.654996514320373535e-01,-2.716648876667022705e-01,7.320101261138916016e-01,1.000000000000000000e+00,5.849871784448623657e-02,1.809397488832473755e-01,3.673235476016998291e-01,-1.372196823358535767e-01,-2.678672969341278076e-01,-2.558535933494567871e-01,-1.130869910120964050e-01,1.451121922582387924e-02,-7.549092173576354980e-02,2.862243652343750000e-01,2.529051303863525391e-01,1.525116711854934692e-01,3.596248105168342590e-02,1.338382065296173096e-01,1.459421515464782715e-01,1.744930595159530640e-01,2.934194207191467285e-01,3.082636594772338867e-01,-5.106542259454727173e-02,-1.775915920734405518e-01,2.217845804989337921e-02,3.450940549373626709e-01,-1.644788123667240143e-02,2.659854888916015625e-01,2.283665239810943604e-01,1.280158609151840210e-01,6.044336780905723572e-02,-1.752294301986694336e-01,-2.802306413650512695e-02,-1.598892956972122192e-01,-1.595667004585266113e-01,-1.273644417524337769e-01,1.829104572534561157e-01,1.591111719608306885e-01,-1.576131135225296021e-01,1.103818714618682861e-01,-5.566311255097389221e-02,-2.408806234598159790e-01,-2.581658363342285156e-01,-3.657156229019165039e-01,-2.072372585535049438e-01,-2.258217334747314453e-01,-2.094206511974334717e-01,1.604164093732833862e-01
5.493698120117187500e-01,4.599156379699707031e-01,-1.073037385940551758e-01,5.849871784448623657e-02,1.000000000000000000e+00,6.621232032775878906e-01,-2.281175740063190460e-02,5.831397771835327148e-01,2.748661935329437256e-01,3.282113075256347656e-01,4.273253083229064941e-01,2.782154381275177002e-01,4.147438406944274902e-01,1.326012313365936279e-01,-1.795153915882110596e-01,-2.902065403759479523e-02,-1.685679852962493896e-01,-1.640969961881637573e-01,-9.893099218606948853e-02,9.034527838230133057e-02,1.978695839643478394e-01,8.284480124711990356e-02,1.015686020255088806e-01,1.003418788313865662e-01,4.862909317016601562e-01,8.724799007177352905e-02,5.135101675987243652e-01,5.644736886024475098e-01,4.223902523517608643e-01,5.071664974093437195e-02,-6.435196846723556519e-02,5.727442353963851929e-02,5.805894732475280762e-01,1.974530071020126343e-01,1.861617155373096466e-02,1.023417189717292786e-01,-8.250106126070022583e-02,-9.562383592128753662e-02,7.208496332168579102e-03,1.302874535322189331e-01,7.461707592010498047e-01,3.104529976844787598e-01,2.144664674997329712e-01,2.110100686550140381e-01,2.614845633506774902e-01,2.406361252069473267e-01,5.502922087907791138e-02,2.254960834980010986e-01
3.204694986343383789e-01,4.955662190914154053e-01,1.963976211845874786e-02,1.809397488832473755e-01,6.621232032775878906e-01,1.000000000000000000e+00,1.201978027820587158e-01,3.494140803813934326e-01,2.578785121440887451e-01,3.519311845302581787e-01,3.058167994022369385e-01,3.339184820652008057e-01,3.871704936027526855e-01,1.582413613796234131e-01,8.386699110269546509e-02,7.475116848945617676e-02,-1.726345717906951904e-01,-1.042769178748130798e-01,1.996280401945114136e-01,3.772126436233520508e-01,4.351145029067993164e-01,2.154531627893447876e-01,-1.457357220351696014e-02,4.294287040829658508e-02,2.301864475011825562e-01,2.215167582035064697e-01,3.075508475303649902e-01,3.829053044319152832e-01,3.096038699150085449e-01,1.016426533460617065e-01,-4.613745026290416718e-03,-3.542583901435136795e-03,3.710975944995880127e-01,2.651476860046386719e-01,1.222312897443771362e-01,1.049579977989196777e-01,-3.129182010889053345e-02,7.117553800344467163e-02,5.666496232151985168e-02,9.219213575124740601e-02,6.071245670318603516e-01,3.749743998050689697e-01,2.992824614048004150e-01,1.881810575723648071e-01,2.981328666210174561e-01,3.319276869297027588e-01,-5.062162503600120544e-02,1.827405095100402832e-01
1.023394870571792126e-03,-1.168027240782976151e-02,4.230335950851440430e-01,3.673235476016998291e-01,-2.281175740063190460e-02,1.201978027820587158e-01,1.000000000000000000e+00,-1.160642504692077637e-01,-9.549146890640258789e-02,-2.747263293713331223e-03,-1.665352284908294678e-01,-1.782537847757339478e-01,-1.275850683450698853e-01,1.106347441673278809e-01,1.868636161088943481e-01,2.543126605451107025e-02,6.929098963737487793e-01,6.262427568435668945e-01,3.905240595340728760e-01,2.615210711956024170e-01,-1.441530324518680573e-02,-8.160190284252166748e-02,-9.509045630693435669e-03,4.478154703974723816e-02,-8.076912909746170044e-02,4.983068406581878662e-01,-3.839221969246864319e-02,2.400433830916881561e-02,1.740588694810867310e-01,1.739275008440017700e-01,1.389575004577636719e-01,1.954879611730575562e-01,-1.325688958168029785e-01,-9.135998040437698364e-02,-9.930910170078277588e-02,-5.912874359637498856e-03,1.280928254127502441e-01,1.686048805713653564e-01,-1.118866801261901855e-01,4.482346028089523315e-02,-1.615139544010162354e-01,1.548740267753601074e-01,2.030797749757766724e-01,-3.192929551005363464e-02,1.573008298873901367e-01,2.310505509376525879e-01,1.298867166042327881e-01,1.989235430955886841e-01
6.023957729339599609e-01,3.208859562873840332e-01,-1.699337065219879150e-01,-1.372196823358535767e-01,5.831397771835327148e-01,3.494140803813934326e-01,-1.160642504692077637e-01,1.000000000000000000e+00,4.505596458911895752e-01,3.583311140537261963e-01,5.597568154335021973e-01,2.781600058078765869e-01,2.945619821548461914e-01,2.496731728315353394e-01,-2.603902220726013184e-01,-1.821879744529724121e-01,-1.303415894508361816e-01,-2.390815317630767822e-01,-2.515730261802673340e-01,-1.895885616540908813e-01,-7.218592613935470581e-02,-1.725705265998840332e-01,2.253920212388038635e-02,-4.905653744935989380e-02,7.095594406127929688e-01,-3.758535906672477722e-02,6.613379120826721191e-01,6.057007312774658203e-01,4.826270639896392822e-01,-2.627833932638168335e-02,-1.752563714981079102e-01,1.431831624358892441e-02,6.825563907623291016e-01,3.682835698127746582e-01,-5.810385569930076599e-02,-2.351082488894462585e-02,-5.786415189504623413e-02,-8.102885633707046509e-02,1.963891275227069855e-02,1.484189778566360474e-01,5.922663211822509766e-01,1.893422007560729980e-01,8.581314235925674438e-02,1.892071068286895752e-01,1.202854365110397339e-01,1.431713998317718506e-01,-5.283007025718688965e-02,1.908903121948242188e-01
-1.582644134759902954e-02,3.515529334545135498e-01,-1.699635982513427734e-01,-2.678672969341278076e-01,2.748661935329437256e-01,2.578785121440887451e-01,-9.549146890640258789e-02,4.505596458911895752e-01,1.000000000000000000e+00,7.521809935569763184e-01,5.749817490577697754e-01,4.300685524940490723e-01,4.296006262302398682e-01,8.502026647329330444e-02,-2.019564509391784668e-01,-2.963669970631599426e-02,5.640218965709209442e-03,-1.017426326870918274e-01,-1.598458737134933472e-01,-1.133616045117378235e-01,-7.216719537973403931e-02,-7.186140865087509155e-02,1.488008350133895874e-01,1.023914963006973267e-01,1.609899103641510010e-01,1.584354788064956665e-02,2.090168744325637817e-01,9.431848675012588501e-02,8.148831874132156372e-02,2.311759628355503082e-02,-3.451076894998550415e-02,2.709159627556800842e-02,1.396826654672622681e-01,2.726927399635314941e-01,2.680348791182041168e-02,-2.629997208714485168e-03,-2.905540168285369873e-02,-3.153712302446365356e-02,2.254998087882995605e-01,7.224354147911071777e-02,2.906956076622009277e-01,3.268226087093353271e-01,2.022399157285690308e-01,5.899693369865417480e-01,3.399995565414428711e-01,3.160967528820037842e-01,9.875331073999404907e-02,4.938281327486038208e-02
-9.942619502544403076e-02,4.861470162868499756e-01,-1.662569642066955566e-01,-2.558535933494567871e-01,3.282113075256347656e-01,3.519311845302581787e-01,-2.747263293713331223e-03,3.583311140537261963e-01,7.521809935569763184e-01,1.000000000000000000e+00,5.191423296928405762e-01,4.699579477310180664e-01,5.637828111648559570e-01,1.254686340689659119e-02,-3.780370950698852539e-02,9.811332821846008301e-02,6.596750766038894653e-02,-3.152273222804069519e-02,-1.432158146053552628e-02,8.064719289541244507e-02,1.019555106759071350e-01,-1.152812223881483078e-02,1.976765841245651245e-01,5.655134469270706177e-02,3.549030423164367676e-02,9.491922706365585327e-02,1.242165714502334595e-01,-9.241557680070400238e-03,-1.091368682682514191e-02,4.679423570632934570e-02,-3.609801083803176880e-02,-1.782994158565998077e-02,6.364090740680694580e-02,1.999431550502777100e-01,6.277232617139816284e-02,-5.836635455489158630e-02,-1.540045440196990967e-01,-1.539444178342819214e-02,2.293942570686340332e-01,7.969419658184051514e-02,3.061768412590026855e-01,4.378552138805389404e-01,3.281217515468597412e-01,7.123084664344787598e-01,4.646181166172027588e-01,4.629062116146087646e-01,4.625545069575309753e-02,8.256816118955612183e-02
1.247133091092109680e-01,3.939687311649322510e-01,-4.317327216267585754e-02,-1.130869910120964050e-01,4.273253083229064941e-01,3.058167994022369385e-01,-1.665352284908294678e-01,5.597568154335021973e-01,5.749817490577697754e-01,5.191423296928405762e-01,1.000000000000000000e+00,6.376336812973022461e-01,4.956939518451690674e-01,1.823164820671081543e-01,-1.114463210105895996e-01,2.684467844665050507e-02,-2.250970453023910522e-01,-2.410987615585327148e-01,-1.759723871946334839e-01,-1.533645540475845337e-01,1.356731448322534561e-02,-4.198020324110984802e-02,2.157049328088760376e-01,-3.837458416819572449e-02,3.074883222579956055e-01,1.301937401294708252e-01,3.224023878574371338e-01,2.498444616794586182e-01,1.802798062562942505e-01,1.198896169662475586e-01,-2.568870969116687775e-02,-6.248483061790466309e-02,2.774482369422912598e-01,3.343753218650817871e-01,3.021812140941619873e-01,3.745800256729125977e-02,-1.286075860261917114e-01,7.425629347562789917e-02,2.582409083843231201e-01,1.787897497415542603e-01,4.333460927009582520e-01,3.379633724689483643e-01,2.112370133399963379e-01,3.867591321468353271e-01,2.910754084587097168e-01,2.564180195331573486e-01,-7.549259066581726074e-02,1.583425700664520264e-01
-3.093949891626834869e-02,2.381770163774490356e-01,4.255482926964759827e-02,1.451121922582387924e-02,2.782154381275177002e-01,3.339184820652008057e-01,-1.782537847757339478e-01,2.781600058078765869e-01,4.300685524940490723e-01,4.699579477310180664e-01,6.376336812973022461e-01,1.000000000000000000e+00,6.295918822288513184e-01,2.610782086849212646e-01,2.579301595687866211e-01,3.619193434715270996e-01,-3.118680417537689209e-01,-1.721530705690383911e-01,-7.546094059944152832e-02,4.723881557583808899e-02,3.369608819484710693e-01,2.713096737861633301e-01,1.305297315120697021e-01,-1.091857105493545532e-01,4.294929653406143188e-02,8.092187345027923584e-02,6.728264689445495605e-02,7.923140190541744232e-03,-7.130825519561767578e-02,7.098179310560226440e-02,-3.487097099423408508e-02,-2.182494848966598511e-01,1.267044395208358765e-01,2.514743208885192871e-01,2.481114715337753296e-01,-6.112543120980262756e-02,-2.909645251929759979e-02,1.501980125904083252e-01,2.565257251262664795e-01,-2.114364877343177795e-02,2.997526824474334717e-01,2.448763698339462280e-01,1.802980303764343262e-01,2.674245238304138184e-01,1.810202151536941528e-01,1.693690419197082520e-01,-2.353217452764511108e-01,-7.816869020462036133e-02
-2.839513868093490601e-02,2.693586647510528564e-01,-1.008626371622085571e-01,-7.549092173576354980e-02,4.147438406944274902e-01,3.871704936027526855e-01,-1.275850683450698853e-01,2.945619821548461914e-01,4.296006262302398682e-01,5.637828111648559570e-01,4.956939518451690674e-01,6.295918822288513184e-01,1.000000000000000000e+00,1.268424391746520996e-01,1.822339147329330444e-01,3.880055248737335205e-01,-2.215716540813446045e-01,-1.028588414192199707e-01,4.210084676742553711e-02,3.016684055328369141e-01,4.404489398002624512e-01,2.409281879663467407e-01,4.356265664100646973e-01,-1.752298325300216675e-02,2.426190301775932312e-02,4.648910462856292725e-02,2.301310934126377106e-02,-9.035571478307247162e-03,-1.173278018832206726e-01,-2.829953283071517944e-02,-5.313900182954967022e-04,-1.939886361360549927e-01,1.282770931720733643e-01,2.134057432413101196e-01,1.849920451641082764e-01,-8.977413922548294067e-02,-3.034876845777034760e-02,1.475669890642166138e-01,3.271575868129730225e-01,1.276305913925170898e-01,3.549390733242034912e-01,2.927344441413879395e-01,2.729394137859344482e-01,3.925274610519409180e-01,1.469596475362777710e-01,2.091207951307296753e-01,-1.131682917475700378e-01,1.155627593398094177e-01
3.085455894470214844e-01,-9.903649240732192993e-02,3.215964734554290771e-01,2.862243652343750000e-01,1.326012313365936279e-01,1.582413613796234131e-01,1.106347441673278809e-01,2.496731728315353394e-01,8.502026647329330444e-02,1.254686340689659119e-02,1.823164820671081543e-01,2.610782086849212646e-01,1.268424391746520996e-01,1.000000000000000000e+00,3.146099448204040527e-01,4.800947383046150208e-02,-1.041425168514251709e-01,-1.377599127590656281e-02,-1.196753904223442078e-01,-2.560066990554332733e-02,8.699273318052291870e-02,4.221532866358757019e-02,-7.742268592119216919e-02,-1.008790060877799988e-01,2.465749084949493408e-01,8.746738731861114502e-02,3.065532743930816650e-01,2.653605043888092041e-01,2.542348504066467285e-01,1.089377775788307190e-01,-1.831944845616817474e-02,-7.689909636974334717e-02,2.882651090621948242e-01,2.793976962566375732e-01,-1.836531609296798706e-01,-5.137963220477104187e-02,6.141108274459838867e-01,4.468230605125427246e-01,-2.314995601773262024e-02,1.251012384891510010e-01,3.265030682086944580e-02,-2.542285323143005371e-01,-2.296356111764907837e-01,-1.361194700002670288e-01,-9.063145518302917480e-02,-7.773514091968536377e-02,-1.525133252143859863e-01,8.193667232990264893e-02
-1.192585229873657227e-01,-7.576645910739898682e-02,2.571265697479248047e-01,2.529051303863525391e-01,-1.795153915882110596e-01,8.386699110269546509e-02,1.868636161088943481e-01,-2.603902220726013184e-01,-2.019564509391784668e-01,-3.780370950698852539e-02,-1.114463210105895996e-01,2.579301595687866211e-01,1.822339147329330444e-01,3.146099448204040527e-01,1.000000000000000000e+00,4.668911099433898926e-01,1.958301290869712830e-02,1.234154477715492249e-01,2.661367654800415039e-01,2.997491359710693359e-01,2.817862629890441895e-01,2.069375962018966675e-01,-5.796360224485397339e-02,-1.243578866124153137e-01,-1.908854097127914429e-01,1.126538813114166260e-01,-1.448939591646194458e-01,-1.932375133037567139e-01,-1.750728487968444824e-01,3.741649538278579712e-02,6.558813899755477905e-02,-2.366049438714981079e-01,-8.328097313642501831e-02,3.683327510952949524e-02,2.007642574608325958e-02,-1.093182489275932312e-01,1.935321390628814697e-01,5.181866884231567383e-01,8.315955847501754761e-02,-8.278842270374298096e-02,-2.184255719184875488e-01,-1.042589619755744934e-01,-4.406115785241127014e-02,-5.060750991106033325e-02,-4.860351234674453735e-02,-4.216174036264419556e-02,-1.984621584415435791e-01,-5.573307722806930542e-02
-2.567744851112365723e-01,-1.009588316082954407e-01,9.114131331443786621e-02,1.525116711854934692e-01,-2.902065403759479523e-02,7.475116848945617676e-02,2.543126605451107025e-02,-1.821879744529724121e-01,-2.963669970631599426e-02,9.811332821846008301e-02,2.684467844665050507e-02,3.619193434715270996e-01,3.880055248737335205e-01,4.800947383046150208e-02,4.668911099433898926e-01,1.000000000000000000e+00,-5.543898046016693115e-02,2.404974251985549927e-01,3.574870824813842773e-01,3.611839711666107178e-01,3.014624416828155518e-01,4.639289081096649170e-01,3.479343056678771973e-01,-2.103514969348907471e-01,-2.899921834468841553e-01,3.930643945932388306e-02,-2.914645373821258545e-01,-3.464847803115844727e-01,-3.844056427478790283e-01,-1.813828051090240479e-01,-1.295081228017807007e-01,-3.661111593246459961e-01,-2.435519546270370483e-01,-9.171722456812858582e-03,9.857612848281860352e-02,-1.932755708694458008e-01,1.085383966565132141e-01,3.498543202877044678e-01,2.901745140552520752e-01,3.488985449075698853e-02,-1.507465839385986328e-01,-9.087397903203964233e-02,-4.186833743005990982e-03,-1.284529734402894974e-02,-7.606986165046691895e-02,-6.655782461166381836e-02,-2.044296562671661377e-01,3.509998321533203125e-02
-1.260461956262588501e-01,-7.306905090808868408e-02,8.503827452659606934e-02,3.596248105168342590e-02,-1.685679852962493896e-01,-1.726345717906951904e-01,6.929098963737487793e-01,-1.303415894508361816e-01,5.640218965709209442e-03,6.596750766038894653e-02,-2.250970453023910522e-01,-3.118680417537689209e-01,-2.215716540813446045e-01,-1.041425168514251709e-01,1.958301290869712830e-02,-5.543898046016693115e-02,1.000000000000000000e+00,6.402987241744995117e-01,2.660233676433563232e-01,5.467261001467704773e-02,-2.130789905786514282e-01,-2.069333046674728394e-01,8.629560470581054688e-04,1.011366620659828186e-01,-1.308582425117492676e-01,1.852236092090606689e-01,-1.049548685550689697e-01,-1.570165306329727173e-01,-3.345969319343566895e-02,-2.429018542170524597e-02,3.177345544099807739e-02,2.380119860172271729e-01,-2.015805989503860474e-01,-2.345112860202789307e-01,-1.646158248186111450e-01,-4.891578480601310730e-02,-8.656696416437625885e-03,-1.432274654507637024e-02,-1.625290811061859131e-01,-6.355673819780349731e-02,-2.891648113727569580e-01,1.514791697263717651e-01,1.083149909973144531e-01,7.018887996673583984e-02,1.627302914857864380e-01,1.771309077739715576e-01,2.857843935489654541e-01,7.761794328689575195e-02
-1.788258850574493408e-01,-1.756523847579956055e-01,1.309759914875030518e-01,1.338382065296173096e-01,-1.640969961881637573e-01,-1.042769178748130798e-01,6.262427568435668945e-01,-2.390815317630767822e-01,-1.017426326870918274e-01,-3.152273222804069519e-02,-2.410987615585327148e-01,-1.721530705690383911e-01,-1.028588414192199707e-01,-1.377599127590656281e-02,1.234154477715492249e-01,2.404974251985549927e-01,6.402987241744995117e-01,1.000000000000000000e+00,4.306234717369079590e-01,2.587725520133972168e-01,-5.948162078857421875e-02,5.417091026902198792e-02,1.600342839956283569e-01,4.849234595894813538e-03,-2.634384334087371826e-01,1.531867235898971558e-01,-2.227773219347000122e-01,-2.580884993076324463e-01,-1.604938656091690063e-01,-7.262869924306869507e-02,3.944487497210502625e-02,2.142775952816009521e-01,-2.931106984615325928e-01,-2.449958920478820801e-01,-1.068348139524459839e-01,-8.934217691421508789e-02,1.391900628805160522e-01,7.718454301357269287e-02,-3.670183569192886353e-02,-6.548059731721878052e-02,-3.208732903003692627e-01,1.281031500548124313e-02,1.622502356767654419e-01,-8.649010211229324341e-02,2.498417161405086517e-02,1.316586136817932129e-01,2.187463194131851196e-01,1.005360633134841919e-01
-2.746368050575256348e-01,6.118434667587280273e-02,5.817479267716407776e-02,1.459421515464782715e-01,-9.893099218606948853e-02,1.996280401945114136e-01,3.905240595340728760e-01,-2.515730261802673340e-01,-1.598458737134933472e-01,-1.432158146053552628e-02,-1.759723871946334839e-01,-7.546094059944152832e-02,4.210084676742553711e-02,-1.196753904223442078e-01,2.661367654800415039e-01,3.574870824813842773e-01,2.660233676433563232e-01,4.306234717369079590e-01,1.000000000000000000e+00,6.573624610900878906e-01,2.244231700897216797e-01,2.070812582969665527e-01,1.165709495544433594e-01,-7.398106902837753296e-02,-3.233553767204284668e-01,1.619268506765365601e-01,-2.983755767345428467e-01,-2.781431674957275391e-01,-2.024001926183700562e-01,-5.923004448413848877e-02,1.830550841987133026e-02,-9.262590855360031128e-02,-2.770594954490661621e-01,2.671918272972106934e-02,1.456453651189804077e-01,-3.754972666501998901e-02,5.065612494945526123e-02,2.583815753459930420e-01,1.194416210055351257e-01,8.276499062776565552e-02,-1.601084917783737183e-01,8.723364770412445068e-02,2.438153028488159180e-01,-3.188465535640716553e-02,-6.483986508101224899e-03,9.511379897594451904e-02,-1.146157179027795792e-02,1.695894151926040649e-01
-1.721265465021133423e-01,1.552045792341232300e-01,4.853540658950805664e-02,1.744930595159530640e-01,9.034527838230133057e-02,3.772126436233520508e-01,2.615210711956024170e-01,-1.895885616540908813e-01,-1.133616045117378235e-01,8.064719289541244507e-02,-1.533645540475845337e-01,4.723881557583808899e-02,3.016684055328369141e-01,-2.560066990554332733e-02,2.997491359710693359e-01,3.611839711666107178e-01,5.467261001467704773e-02,2.587725520133972168e-01,6.573624610900878906e-01,1.000000000000000000e+00,6.054133176803588867e-01,2.676064968109130859e-01,1.840067207813262939e-01,-8.500780165195465088e-02,-3.232386112213134766e-01,1.194259226322174072e-01,-2.796329855918884277e-01,-1.857698559761047363e-01,-1.299489885568618774e-01,-4.973692819476127625e-02,4.291578754782676697e-02,-1.188854873180389404e-01,-1.830573827028274536e-01,5.208643153309822083e-02,1.097368523478507996e-01,-2.335801348090171814e-02,6.608378142118453979e-02,1.542682200670242310e-01,8.618668466806411743e-02,1.060852035880088806e-01,2.696609497070312500e-02,1.535266786813735962e-01,2.475172281265258789e-01,3.581890091300010681e-02,6.672553718090057373e-02,2.119780331850051880e-01,-1.191987544298171997e-01,1.466180384159088135e-01
-5.266627762466669083e-03,8.168289065361022949e-02,1.204740703105926514e-01,2.934194207191467285e-01,1.978695839643478394e-01,4.351145029067993164e-01,-1.441530324518680573e-02,-7.218592613935470581e-02,-7.216719537973403931e-02,1.019555106759071350e-01,1.356731448322534561e-02,3.369608819484710693e-01,4.404489398002624512e-01,8.699273318052291870e-02,2.817862629890441895e-01,3.014624416828155518e-01,-2.130789905786514282e-01,-5.948162078857421875e-02,2.244231700897216797e-01,6.054133176803588867e-01,1.000000000000000000e+00,5.057984590530395508e-01,1.579916030168533325e-01,-1.478296071290969849e-01,-1.647127568721771240e-01,1.608706265687942505e-02,-1.486203670501708984e-01,-1.076324749737977982e-02,-8.686310797929763794e-02,4.464039206504821777e-02,9.288258105516433716e-02,-1.851700246334075928e-01,-1.889722235500812531e-02,6.385110318660736084e-02,9.894830733537673950e-02,-1.229867339134216309e-01,9.865199215710163116e-03,5.337672680616378784e-02,2.906603552401065826e-02,5.054700747132301331e-02,1.821434050798416138e-01,9.735064208507537842e-02,3.350217267870903015e-02,-1.386190392076969147e-02,1.810724847018718719e-02,6.090996414422988892e-02,-2.285149097442626953e-01,3.535633906722068787e-02
-7.595872133970260620e-02,-1.144565790891647339e-01,9.606298804283142090e-02,3.082636594772338867e-01,8.284480124711990356e-02,2.154531627893447876e-01,-8.160190284252166748e-02,-1.725705265998840332e-01,-7.186140865087509155e-02,-1.152812223881483078e-02,-4.198020324110984802e-02,2.713096737861633301e-01,2.409281879663467407e-01,4.221532866358757019e-02,2.069375962018966675e-01,4.639289081096649170e-01,-2.069333046674728394e-01,5.417091026902198792e-02,2.070812582969665527e-01,2.676064968109130859e-01,5.057984590530395508e-01,1.000000000000000000e+00,2.085966914892196655e-01,4.355321079492568970e-02,-2.002729475498199463e-01,-6.008615717291831970e-02,-1.854776293039321899e-01,-1.263450086116790771e-01,-2.108831554651260376e-01,2.823399938642978668e-02,2.775920033454895020e-01,-9.823425859212875366e-02,-6.620308011770248413e-02,-5.145005136728286743e-02,1.121828928589820862e-01,-3.904604120180010796e-03,1.539982706308364868e-01,2.578271031379699707e-01,2.878351509571075439e-01,2.918351814150810242e-02,1.414956990629434586e-02,-2.279905974864959717e-01,-2.099236547946929932e-01,-3.989519923925399780e-02,-2.114597856998443604e-01,-2.711405456066131592e-01,2.395301871001720428e-02,6.526695191860198975e-02
-2.136641293764114380e-01,-2.452728897333145142e-02,-6.263940036296844482e-02,-5.106542259454727173e-02,1.015686020255088806e-01,-1.457357220351696014e-02,-9.509045630693435669e-03,2.253920212388038635e-02,1.488008350133895874e-01,1.976765841245651245e-01,2.157049328088760376e-01,1.305297315120697021e-01,4.356265664100646973e-01,-7.742268592119216919e-02,-5.796360224485397339e-02,3.479343056678771973e-01,8.629560470581054688e-04,1.600342839956283569e-01,1.165709495544433594e-01,1.840067207813262939e-01,1.579916030168533325e-01,2.085966914892196655e-01,1.000000000000000000e+00,-7.562825083732604980e-02,-1.732167601585388184e-01,-8.042185753583908081e-02,-2.378109097480773926e-01,-2.324799895286560059e-01,-2.596102952957153320e-01,-1.140025481581687927e-01,2.255320549011230469e-02,-1.175204589962959290e-01,-1.982311606407165527e-01,-7.544124126434326172e-02,1.095917373895645142e-01,-1.628104448318481445e-01,-6.599751859903335571e-02,6.907039880752563477e-02,4.243396520614624023e-01,4.232429862022399902e-01,-6.225845962762832642e-02,5.076092481613159180e-02,7.123232632875442505e-02,1.618464589118957520e-01,-1.730603277683258057e-01,-8.905213326215744019e-02,1.994167268276214600e-02,4.084119498729705811e-01
-3.650719672441482544e-02,2.063788622617721558e-01,-1.549548655748367310e-01,-1.775915920734405518e-01,1.003418788313865662e-01,4.294287040829658508e-02,4.478154703974723816e-02,-4.905653744935989380e-02,1.023914963006973267e-01,5.655134469270706177e-02,-3.837458416819572449e-02,-1.091857105493545532e-01,-1.752298325300216675e-02,-1.008790060877799988e-01,-1.243578866124153137e-01,-2.103514969348907471e-01,1.011366620659828186e-01,4.849234595894813538e-03,-7.398106902837753296e-02,-8.500780165195465088e-02,-1.478296071290969849e-01,4.355321079492568970e-02,-7.562825083732604980e-02,1.000000000000000000e+00,-1.516243070363998413e-02,1.015972793102264404e-01,7.754989713430404663e-02,3.480704501271247864e-02,9.873192012310028076e-02,2.387146204710006714e-01,3.386292159557342529e-01,5.833621621131896973e-01,1.041990965604782104e-01,4.405583068728446960e-02,8.757624030113220215e-02,7.366800904273986816e-01,5.187436938285827637e-02,4.638052359223365784e-02,1.271211355924606323e-01,-3.229962661862373352e-02,1.462084949016571045e-01,1.274297535419464111e-01,1.748357564210891724e-01,2.703687548637390137e-01,1.374574303627014160e-01,5.638698115944862366e-02,7.038334012031555176e-01,8.900969475507736206e-02
7.628089189529418945e-01,1.570692956447601318e-01,-4.408985376358032227e-02,2.217845804989337921e-02,4.862909317016601562e-01,2.301864475011825562e-01,-8.076912909746170044e-02,7.095594406127929688e-01,1.609899103641510010e-01,3.549030423164367676e-02,3.074883222579956055e-01,4.294929653406143188e-02,2.426190301775932312e-02,2.465749084949493408e-01,-1.908854097127914429e-01,-2.899921834468841553e-01,-1.308582425117492676e-01,-2.634384334087371826e-01,-3.233553767204284668e-01,-3.232386112213134766e-01,-1.647127568721771240e-01,-2.002729475498199463e-01,-1.732167601585388184e-01,-1.516243070363998413e-02,1.000000000000000000e+00,-1.848223246634006500e-02,8.082041740417480469e-01,7.506752014160156250e-01,5.898243188858032227e-01,-6.963217165321111679e-03,-1.480983495712280273e-01,1.094276178628206253e-02,7.926362156867980957e-01,2.394173890352249146e-01,-2.191619873046875000e-01,5.900287535041570663e-03,1.057054661214351654e-02,-7.773528993129730225e-02,-1.700076460838317871e-01,5.070939660072326660e-02,5.421911478042602539e-01,6.086174771189689636e-02,-6.375217437744140625e-02,-7.711601257324218750e-02,2.052108570933341980e-02,-2.634109556674957275e-02,-4.135158285498619080e-02,1.146765574812889099e-01
2.904043346643447876e-02,1.452937424182891846e-01,4.656929969787597656e-01,3.450940549373626709e-01,8.724799007177352905e-02,2.215167582035064697e-01,4.983068406581878662e-01,-3.758535906672477722e-02,1.584354788064956665e-02,9.491922706365585327e-02,1.301937401294708252e-01,8.092187345027923584e-02,4.648910462856292725e-02,8.746738731861114502e-02,1.126538813114166260e-01,3.930643945932388306e-02,1.852236092090606689e-01,1.531867235898971558e-01,1.619268506765365601e-01,1.194259226322174072e-01,1.608706265687942505e-02,-6.008615717291831970e-02,-8.042185753583908081e-02,1.015972793102264404e-01,-1.848223246634006500e-02,1.000000000000000000e+00,1.693144813179969788e-02,1.726476699113845825e-01,2.779020369052886963e-01,3.551078140735626221e-01,1.090703830122947693e-01,2.830850519239902496e-02,-3.705760464072227478e-02,1.590398550033569336e-01,1.295392662286758423e-01,1.623091399669647217e-01,-2.281281864270567894e-03,1.525440216064453125e-01,-1.062792353332042694e-02,2.471988461911678314e-02,8.885727077722549438e-02,2.519312202930450439e-01,2.712776660919189453e-01,9.929496049880981445e-02,2.873866558074951172e-01,2.512476444244384766e-01,-2.092311717569828033e-02,1.278782486915588379e-01
7.207229137420654297e-01,3.613431155681610107e-01,-6.249034404754638672e-02,-1.644788123667240143e-02,5.135101675987243652e-01,3.075508475303649902e-01,-3.839221969246864319e-02,6.613379120826721191e-01,2.090168744325637817e-01,1.242165714502334595e-01,3.224023878574371338e-01,6.728264689445495605e-02,2.301310934126377106e-02,3.065532743930816650e-01,-1.448939591646194458e-01,-2.914645373821258545e-01,-1.049548685550689697e-01,-2.227773219347000122e-01,-2.983755767345428467e-01,-2.796329855918884277e-01,-1.486203670501708984e-01,-1.854776293039321899e-01,-2.378109097480773926e-01,7.754989713430404663e-02,8.082041740417480469e-01,1.693144813179969788e-02,1.000000000000000000e+00,7.446539402008056641e-01,6.565039753913879395e-01,1.436140686273574829e-01,-5.119829624891281128e-02,8.455275744199752808e-02,7.813361287117004395e-01,2.699665129184722900e-01,-1.749461740255355835e-01,1.190395876765251160e-01,5.132829025387763977e-02,9.114797227084636688e-03,-1.057794839143753052e-01,7.157649844884872437e-02,5.711356401443481445e-01,8.376817405223846436e-02,-4.035721346735954285e-02,1.738889515399932861e-02,2.181983590126037598e-01,1.262063533067703247e-01,4.701630398631095886e-02,1.157016009092330933e-01
8.288696408271789551e-01,2.359628379344940186e-01,1.401703655719757080e-01,2.659854888916015625e-01,5.644736886024475098e-01,3.829053044319152832e-01,2.400433830916881561e-02,6.057007312774658203e-01,9.431848675012588501e-02,-9.241557680070400238e-03,2.498444616794586182e-01,7.923140190541744232e-03,-9.035571478307247162e-03,2.653605043888092041e-01,-1.932375133037567139e-01,-3.464847803115844727e-01,-1.570165306329727173e-01,-2.580884993076324463e-01,-2.781431674957275391e-01,-1.857698559761047363e-01,-1.076324749737977982e-02,-1.263450086116790771e-01,-2.324799895286560059e-01,3.480704501271247864e-02,7.506752014160156250e-01,1.726476699113845825e-01,7.446539402008056641e-01,1.000000000000000000e+00,8.116533160209655762e-01,2.677558362483978271e-01,4.217332229018211365e-02,6.269530951976776123e-02,7.373229265213012695e-01,2.370446920394897461e-01,-1.742470860481262207e-01,7.586462050676345825e-02,-3.206341993063688278e-03,-7.547982037067413330e-02,-2.349354326725006104e-01,4.244766756892204285e-02,6.161145567893981934e-01,1.054891869425773621e-01,-7.528028916567564011e-03,-8.522938191890716553e-02,8.583119511604309082e-02,3.188554197549819946e-02,-3.162667527794837952e-02,1.430761814117431641e-01
6.754608750343322754e-01,3.002144694328308105e-01,1.544601917266845703e-01,2.283665239810943604e-01,4.223902523517608643e-01,3.096038699150085449e-01,1.740588694810867310e-01,4.826270639896392822e-01,8.148831874132156372e-02,-1.091368682682514191e-02,1.802798062562942505e-01,-7.130825519561767578e-02,-1.173278018832206726e-01,2.542348504066467285e-01,-1.750728487968444824e-01,-3.844056427478790283e-01,-3.345969319343566895e-02,-1.604938656091690063e-01,-2.024001926183700562e-01,-1.299489885568618774e-01,-8.686310797929763794e-02,-2.108831554651260376e-01,-2.596102952957153320e-01,9.873192012310028076e-02,5.898243188858032227e-01,2.779020369052886963e-01,6.565039753913879395e-01,8.116533160209655762e-01,1.000000000000000000e+00,4.666838049888610840e-01,1.542477607727050781e-01,1.466546356678009033e-01,5.851660370826721191e-01,2.490943521261215210e-01,-9.590969234704971313e-02,1.660827249288558960e-01,3.718123584985733032e-02,-7.070031948387622833e-03,-2.011667490005493164e-01,4.587281867861747742e-02,4.697522819042205811e-01,1.380691528320312500e-01,1.336243934929370880e-02,-7.561225909739732742e-03,1.923319101333618164e-01,1.474337726831436157e-01,2.222553081810474396e-02,1.860582083463668823e-01
7.278551906347274780e-02,3.214848935604095459e-01,1.662395000457763672e-01,1.280158609151840210e-01,5.071664974093437195e-02,1.016426533460617065e-01,1.739275008440017700e-01,-2.627833932638168335e-02,2.311759628355503082e-02,4.679423570632934570e-02,1.198896169662475586e-01,7.098179310560226440e-02,-2.829953283071517944e-02,1.089377775788307190e-01,3.741649538278579712e-02,-1.813828051090240479e-01,-2.429018542170524597e-02,-7.262869924306869507e-02,-5.923004448413848877e-02,-4.973692819476127625e-02,4.464039206504821777e-02,2.823399938642978668e-02,-1.140025481581687927e-01,2.387146204710006714e-01,-6.963217165321111679e-03,3.551078140735626221e-01,1.436140686273574829e-01,2.677558362483978271e-01,4.666838049888610840e-01,1.000000000000000000e+00,5.986868739128112793e-01,2.247545719146728516e-01,9.606433659791946411e-02,2.258972227573394775e-01,2.507768869400024414e-01,2.960852384567260742e-01,6.209088861942291260e-02,2.469679117202758789e-01,1.718737035989761353e-01,9.501889348030090332e-02,1.684459149837493896e-01,1.676570624113082886e-01,1.182640194892883301e-01,2.369054257869720459e-01,2.456116378307342529e-01,1.606733053922653198e-01,1.114529594779014587e-01,8.568277209997177124e-02
-7.013957947492599487e-02,1.321649700403213501e-01,3.401998430490493774e-02,6.044336780905723572e-02,-6.435196846723556519e-02,-4.613745026290416718e-03,1.389575004577636719e-01,-1.752563714981079102e-01,-3.451076894998550415e-02,-3.609801083803176880e-02,-2.568870969116687775e-02,-3.487097099423408508e-02,-5.313900182954967022e-04,-1.831944845616817474e-02,6.558813899755477905e-02,-1.295081228017807007e-01,3.177345544099807739e-02,3.944487497210502625e-02,1.830550841987133026e-02,4.291578754782676697e-02,9.288258105516433716e-02,2.775920033454895020e-01,2.255320549011230469e-02,3.386292159557342529e-01,-1.480983495712280273e-01,1.090703830122947693e-01,-5.119829624891281128e-02,4.217332229018211365e-02,1.542477607727050781e-01,5.986868739128112793e-01,1.000000000000000000e+00,4.269529581069946289e-01,3.150474280118942261e-03,5.187379568815231323e-02,2.658022642135620117e-01,2.847932577133178711e-01,1.026541516184806824e-01,2.680794000625610352e-01,2.376349717378616333e-01,2.317611128091812134e-02,3.957836329936981201e-02,1.792034879326820374e-02,1.807439140975475311e-02,1.769334524869918823e-01,5.326701328158378601e-02,4.340146202594041824e-03,2.967060804367065430e-01,-2.620938175823539495e-04
4.233123362064361572e-02,1.664406508207321167e-01,-1.903231292963027954e-01,-1.752294301986694336e-01,5.727442353963851929e-02,-3.542583901435136795e-03,1.954879611730575562e-01,1.431831624358892441e-02,2.709159627556800842e-02,-1.782994158565998077e-02,-6.248483061790466309e-02,-2.182494848966598511e-01,-1.939886361360549927e-01,-7.689909636974334717e-02,-2.366049438714981079e-01,-3.661111593246459961e-01,2.380119860172271729e-01,2.142775952816009521e-01,-9.262590855360031128e-02,-1.188854873180389404e-01,-1.851700246334075928e-01,-9.823425859212875366e-02,-1.175204589962959290e-01,5.833621621131896973e-01,1.094276178628206253e-02,2.830850519239902496e-02,8.455275744199752808e-02,6.269530951976776123e-02,1.466546356678009033e-01,2.247545719146728516e-01,4.269529581069946289e-01,1.000000000000000000e+00,6.740889698266983032e-02,-2.711087465286254883e-02,6.707275658845901489e-02,4.609238207340240479e-01,6.019274517893791199e-02,-1.176896318793296814e-01,-4.950155690312385559e-02,-1.151859313249588013e-01,1.219779551029205322e-01,1.362218111753463745e-01,1.312264651060104370e-01,1.004661321640014648e-01,1.809162348508834839e-01,1.918800026178359985e-01,6.940144300460815430e-01,4.898288846015930176e-02
