1.000000000000000000e+00,2.347440272569656372e-01,3.879498839378356934e-01,3.381182551383972168e-01,4.413066804409027100e-01,4.306132197380065918e-01,3.719695508480072021e-01,3.139852285385131836e-01,1.266952753067016602e-01,2.782209515571594238e-01,2.171316146850585938e-01,1.519722491502761841e-01,2.748082280158996582e-01,3.282400369644165039e-01,8.997657895088195801e-02,-2.721045725047588348e-02,2.733769416809082031e-01,1.792844235897064209e-01,1.916178166866302490e-01,2.385690063238143921e-01,2.728460729122161865e-01,5.900396034121513367e-02,1.195564568042755127e-01,2.472074329853057861e-01,3.312058746814727783e-01,3.080334961414337158e-01,4.268047511577606201e-01,6.806048154830932617e-01,6.103444695472717285e-01,4.166987240314483643e-01,2.293761968612670898e-01,1.379036456346511841e-01,2.896780371665954590e-01,1.703297793865203857e-01,6.896740943193435669e-02,1.396829187870025635e-01,2.490367740392684937e-01,4.646968469023704529e-02,1.607610844075679779e-03,1.699777878820896149e-02,4.093499481678009033e-01,4.421317577362060547e-01,3.032082021236419678e-01,1.958764195442199707e-01,2.821169793605804443e-01,3.232537508010864258e-01,1.424874067306518555e-01,4.657296836376190186e-02
2.347440272569656372e-01,1.000000000000000000e+00,-6.988737732172012329e-02,-8.813730441033840179e-03,3.664436340332031250e-01,4.609400928020477295e-01,1.191114634275436401e-01,4.574651420116424561e-01,4.821740090847015381e-01,4.733453691005706787e-01,3.241287767887115479e-01,4.614684283733367920e-01,3.930796086788177490e-01,1.709060966968536377e-01,3.188579380512237549e-01,4.334392249584197998e-01,2.944470569491386414e-02,-1.391544789075851440e-01,1.718128621578216553e-01,8.697545528411865234e-02,1.438523679971694946e-01,-1.329006254673004150e-01,3.756610453128814697e-01,3.395787775516510010e-01,8.696972578763961792e-02,9.182457625865936279e-02,2.938402593135833740e-01,3.538601398468017578e-01,3.826238811016082764e-01,3.185949623584747314e-01,1.844287961721420288e-01,1.879497319459915161e-01,4.916655421257019043e-01,3.573851883411407471e-01,5.088548660278320312e-01,3.717852532863616943e-01,1.858575269579887390e-02,3.860131204128265381e-01,4.964802265167236328e-01,4.446537494659423828e-01,5.764719247817993164e-01,5.778225660324096680e-01,4.906954765319824219e-01,5.989364981651306152e-01,5.374967455863952637e-01,4.894775152206420898e-01,3.771093785762786865e-01,2.910958826541900635e-01
3.879498839378356934e-01,-6.988737732172012329e-02,1.000000000000000000e+00,5.581603050231933594e-01,2.779700458049774170e-01,2.620471417903900146e-01,6.156874895095825195e-01,9.956046938896179199e-02,5.195088312029838562e-02,2.354400232434272766e-02,4.977972060441970825e-02,-1.115198340266942978e-02,-2.665597945451736450e-02,1.009694412350654602e-01,-7.327543199062347412e-02,-2.122352123260498047e-01,5.554466843605041504e-01,6.175420284271240234e-01,3.504620492458343506e-01,5.073948502540588379e-01,4.035500288009643555e-01,3.557342290878295898e-01,-1.950197666883468628e-01,-7.582981139421463013e-02,2.149007320404052734e-01,5.971708893775939941e-01,7.552932947874069214e-02,4.667741656303405762e-01,2.803943157196044922e-01,2.312882095575332642e-01,2.645150423049926758e-01,9.445604681968688965e-02,1.301657408475875854e-01,-1.974011957645416260e-01,-3.674888908863067627e-01,-2.307239621877670288e-01,1.656065434217453003e-01,-2.116935551166534424e-01,-2.733354866504669189e-01,-3.028258681297302246e-01,2.327882945537567139e-01,1.717667132616043091e-01,8.435606956481933594e-02,6.278976798057556152e-02,1.362888664007186890e-01,6.938988715410232544e-02,-6.459429115056991577e-02,-1.731106936931610107e-01
3.381182551383972168e-01,-8.813730441033840179e-03,5.581603050231933594e-01,1.000000000000000000e+00,2.718433737754821777e-01,4.132682085037231445e-01,4.867721796035766602e-01,4.355813562870025635e-02,1.575580239295959473e-02,1.259183287620544434e-01,-1.263083070516586304e-01,1.383178830146789551e-01,2.551795840263366699e-01,7.763016223907470703e-02,8.778370916843414307e-02,9.959680587053298950e-02,3.137493729591369629e-01,3.895782828330993652e-01,4.557673037052154541e-01,6.513826251029968262e-01,5.345969200134277344e-01,5.455707311630249023e-01,1.073226407170295715e-01,1.969751417636871338e-01,1.594955921173095703e-01,3.160812854766845703e-01,2.567069139331579208e-03,3.739056289196014404e-01,2.996688783168792725e-01,2.851846516132354736e-01,3.797508776187896729e-01,3.718067407608032227e-01,-4.892022162675857544e-02,-1.473437845706939697e-01,-1.868938654661178589e-01,1.114813238382339478e-01,8.298517763614654541e-02,-5.626621469855308533e-02,-6.630127876996994019e-02,-1.155220810323953629e-02,2.457024008035659790e-01,2.631335258483886719e-01,1.951336562633514404e-01,3.228420019149780273e-02,2.199745625257492065e-01,1.404369920492172241e-01,1.074806377291679382e-01,9.756861627101898193e-02
4.413066804409027100e-01,3.664436340332031250e-01,2.779700458049774170e-01,2.718433737754821777e-01,1.000000000000000000e+00,6.217696666717529297e-01,3.125747740268707275e-01,3.647866547107696533e-01,3.065541684627532959e-01,3.615361452102661133e-01,2.755608558654785156e-01,3.632976412773132324e-01,2.511878609657287598e-01,2.348299175500869751e-01,6.117682531476020813e-02,9.270153939723968506e-02,1.793991178274154663e-01,8.498172461986541748e-02,2.217746078968048096e-01,2.404219955205917358e-01,2.395748943090438843e-01,-8.736035227775573730e-02,9.079073369503021240e-02,1.443161964416503906e-01,1.610288918018341064e-01,3.839358389377593994e-01,1.649590730667114258e-01,4.585889577865600586e-01,5.227791070938110352e-01,2.463131695985794067e-01,1.137096881866455078e-01,1.410018652677536011e-01,2.784343063831329346e-01,-1.489107497036457062e-02,3.010746091604232788e-02,1.862134933471679688e-01,4.780347272753715515e-02,4.044251516461372375e-02,9.213203936815261841e-02,7.449692487716674805e-02,6.151621341705322266e-01,3.367456197738647461e-01,2.731602191925048828e-01,2.066710889339447021e-01,3.072239756584167480e-01,3.490146696567535400e-01,1.942687779664993286e-01,8.106252551078796387e-02
4.306132197380065918e-01,4.609400928020477295e-01,2.620471417903900146e-01,4.132682085037231445e-01,6.217696666717529297e-01,1.000000000000000000e+00,4.454121887683868408e-01,3.491640388965606689e-01,2.426006346940994263e-01,4.818505942821502686e-01,1.576513797044754028e-01,3.464919030666351318e-01,5.039262175559997559e-01,1.749601960182189941e-01,1.862113475799560547e-01,2.201734930276870728e-01,2.583997547626495361e-01,1.270505487918853760e-01,4.554426968097686768e-01,4.256458878517150879e-01,3.497449457645416260e-01,8.820479363203048706e-02,2.968522310256958008e-01,3.536315858364105225e-01,1.254224628210067749e-01,3.549133837223052979e-01,1.330495625734329224e-01,4.728209376335144043e-01,5.373057126998901367e-01,3.736469447612762451e-01,2.202329784631729126e-01,2.777014970779418945e-01,2.349549531936645508e-01,8.925547450780868530e-02,1.521940976381301880e-01,3.376101553440093994e-01,1.403512340039014816e-02,1.334278434514999390e-01,2.123045325279235840e-01,2.274849861860275269e-01,5.681483149528503418e-01,5.974190235137939453e-01,5.261870622634887695e-01,2.757696807384490967e-01,4.906150698661804199e-01,5.158147811889648438e-01,2.632713913917541504e-01,2.583444416522979736e-01
3.719695508480072021e-01,1.191114634275436401e-01,6.156874895095825195e-01,4.867721796035766602e-01,3.125747740268707275e-01,4.454121887683868408e-01,1.000000000000000000e+00,2.007216364145278931e-01,5.578929930925369263e-02,1.774276643991470337e-01,9.229606389999389648e-02,5.671963468194007874e-02,2.026439458131790161e-01,8.937495946884155273e-02,6.623764336109161377e-02,3.981094807386398315e-03,7.761037349700927734e-01,7.057840824127197266e-01,5.708701014518737793e-01,5.350304841995239258e-01,3.100552558898925781e-01,3.570154905319213867e-01,6.302008777856826782e-02,1.294664293527603149e-01,2.674981653690338135e-01,6.765400767326354980e-01,1.707776188850402832e-01,4.365800321102142334e-01,4.291073977947235107e-01,2.708093225955963135e-01,2.757135629653930664e-01,1.813127249479293823e-01,1.717985570430755615e-01,-1.155194267630577087e-01,-1.841377764940261841e-01,-1.205177884548902512e-02,1.297030001878738403e-01,-5.720891058444976807e-02,-6.466637551784515381e-02,-8.574632555246353149e-02,3.310604691505432129e-01,4.194231033325195312e-01,3.366641700267791748e-01,8.888246119022369385e-02,2.602621018886566162e-01,3.552812933921813965e-01,8.390852808952331543e-02,9.217996150255203247e-02
3.139852285385131836e-01,4.574651420116424561e-01,9.956046938896179199e-02,4.355813562870025635e-02,3.647866547107696533e-01,3.491640388965606689e-01,2.007216364145278931e-01,1.000000000000000000e+00,5.683250427246093750e-01,5.654156804084777832e-01,5.616233348846435547e-01,5.822169184684753418e-01,4.747882783412933350e-01,2.660062015056610107e-01,5.104588866233825684e-01,4.528514146804809570e-01,1.646098941564559937e-01,-1.049929670989513397e-02,8.878347277641296387e-02,1.581979840993881226e-01,3.992366492748260498e-01,1.244618818163871765e-01,4.545239210128784180e-01,4.543135464191436768e-01,1.574211865663528442e-01,9.635999798774719238e-02,1.905672401189804077e-01,3.690663278102874756e-01,3.338681757450103760e-01,4.015293717384338379e-01,3.319652378559112549e-01,2.110025137662887573e-01,2.859961986541748047e-01,3.713195025920867920e-01,4.632218480110168457e-01,4.241128563880920410e-01,8.069528639316558838e-02,5.373780131340026855e-01,5.036648511886596680e-01,4.730727672576904297e-01,3.937158584594726562e-01,4.540513157844543457e-01,4.076439440250396729e-01,5.344098806381225586e-01,4.441272318363189697e-01,4.940873682498931885e-01,4.695755243301391602e-01,3.958578705787658691e-01
1.266952753067016602e-01,4.821740090847015381e-01,5.195088312029838562e-02,1.575580239295959473e-02,3.065541684627532959e-01,2.426006346940994263e-01,5.578929930925369263e-02,5.683250427246093750e-01,1.000000000000000000e+00,5.337795615196228027e-01,5.295240879058837891e-01,5.998399257659912109e-01,2.825504243373870850e-01,1.272685527801513672e-01,4.802832603454589844e-01,4.607756733894348145e-01,5.744379386305809021e-02,-1.188419908285140991e-01,-7.548724114894866943e-02,2.807920984923839569e-02,3.080287575721740723e-01,4.675170406699180603e-02,3.690721690654754639e-01,2.546415925025939941e-01,6.882083136588335037e-03,2.140128426253795624e-02,6.181003153324127197e-02,2.807876169681549072e-01,1.990100741386413574e-01,3.569680750370025635e-01,3.127779364585876465e-01,1.691122055053710938e-01,2.020182609558105469e-01,2.444022297859191895e-01,4.641443192958831787e-01,3.386768102645874023e-01,-1.284265667200088501e-01,4.650305807590484619e-01,5.487174391746520996e-01,4.218088388442993164e-01,3.815294504165649414e-01,3.756164610385894775e-01,3.119286000728607178e-01,5.808278918266296387e-01,3.750624060630798340e-01,3.657156825065612793e-01,4.024001657962799072e-01,2.895132899284362793e-01
2.782209515571594238e-01,4.733453691005706787e-01,2.354400232434272766e-02,1.259183287620544434e-01,3.615361452102661133e-01,4.818505942821502686e-01,1.774276643991470337e-01,5.654156804084777832e-01,5.337795615196228027e-01,1.000000000000000000e+00,3.442274928092956543e-01,5.278363823890686035e-01,6.750335693359375000e-01,1.871548891067504883e-01,4.305745661258697510e-01,4.317295551300048828e-01,1.276814192533493042e-01,-1.148525848984718323e-01,1.322477757930755615e-01,2.735255658626556396e-01,4.753550291061401367e-01,1.373145580291748047e-01,5.686155557632446289e-01,5.669904947280883789e-01,2.138636633753776550e-02,6.044235080480575562e-02,-1.008604839444160461e-02,3.731543421745300293e-01,3.861366510391235352e-01,4.827742874622344971e-01,2.506407201290130615e-01,2.449719011783599854e-01,4.932708293199539185e-02,2.967931628227233887e-01,4.179921150207519531e-01,5.523754954338073730e-01,-5.410765297710895538e-03,4.050882756710052490e-01,5.195149183273315430e-01,5.535627603530883789e-01,3.991584479808807373e-01,6.271142959594726562e-01,5.760955810546875000e-01,4.796779751777648926e-01,5.730615854263305664e-01,6.615549921989440918e-01,4.558805525302886963e-01,4.835931360721588135e-01
2.171316146850585938e-01,3.241287767887115479e-01,4.977972060441970825e-02,-1.263083070516586304e-01,2.755608558654785156e-01,1.576513797044754028e-01,9.229606389999389648e-02,5.616233348846435547e-01,5.295240879058837891e-01,3.442274928092956543e-01,1.000000000000000000e+00,5.655978918075561523e-01,1.256368905305862427e-01,3.880971372127532959e-01,5.101301074028015137e-01,2.732608914375305176e-01,1.440404653549194336e-01,-4.627412930130958557e-02,-1.196972057223320007e-01,-1.266819089651107788e-01,1.772641539573669434e-01,-3.624147921800613403e-02,2.031602114439010620e-01,2.024603337049484253e-01,1.229726001620292664e-01,7.108586281538009644e-02,1.714099794626235962e-01,2.555903792381286621e-01,2.141265869140625000e-01,3.467189073562622070e-01,2.195353955030441284e-01,6.221698224544525146e-02,2.678958773612976074e-01,3.293690681457519531e-01,3.310064673423767090e-01,1.753550767898559570e-01,1.189049705862998962e-01,4.131741225719451904e-01,3.105503916740417480e-01,2.429438680410385132e-01,2.527596950531005859e-01,2.036764919757843018e-01,1.400734782218933105e-01,3.530474305152893066e-01,2.102333903312683105e-01,2.893455922603607178e-01,3.286357820034027100e-01,1.809270977973937988e-01
1.519722491502761841e-01,4.614684283733367920e-01,-1.115198340266942978e-02,1.383178830146789551e-01,3.632976412773132324e-01,3.464919030666351318e-01,5.671963468194007874e-02,5.822169184684753418e-01,5.998399257659912109e-01,5.278363823890686035e-01,5.655978918075561523e-01,1.000000000000000000e+00,4.250888824462890625e-01,2.762794196605682373e-01,6.270734667778015137e-01,5.510224699974060059e-01,3.190374374389648438e-02,-9.528864920139312744e-02,3.862669318914413452e-02,1.971998363733291626e-01,4.230283498764038086e-01,1.639721095561981201e-01,4.236373007297515869e-01,4.307150840759277344e-01,-2.288664318621158600e-02,1.868017832748591900e-03,3.610239550471305847e-02,1.958556324243545532e-01,2.003421634435653687e-01,3.560386002063751221e-01,3.278948664665222168e-01,2.957547307014465332e-01,1.597729325294494629e-01,2.681161463260650635e-01,4.618304371833801270e-01,4.308041334152221680e-01,-1.073775626718997955e-02,5.077009797096252441e-01,5.027335286140441895e-01,4.762862026691436768e-01,3.999592363834381104e-01,3.632909059524536133e-01,3.082348704338073730e-01,4.765866696834564209e-01,3.539787828922271729e-01,3.772701025009155273e-01,4.516595602035522461e-01,3.645581305027008057e-01
2.748082280158996582e-01,3.930796086788177490e-01,-2.665597945451736450e-02,2.551795840263366699e-01,2.511878609657287598e-01,5.039262175559997559e-01,2.026439458131790161e-01,4.747882783412933350e-01,2.825504243373870850e-01,6.750335693359375000e-01,1.256368905305862427e-01,4.250888824462890625e-01,1.000000000000000000e+00,1.684497743844985962e-01,4.071242511272430420e-01,5.127344727516174316e-01,1.096527650952339172e-01,-5.569272860884666443e-02,3.486404418945312500e-01,4.400682151317596436e-01,5.035248994827270508e-01,3.148795366287231445e-01,6.962313652038574219e-01,6.955669522285461426e-01,8.029516041278839111e-02,-6.303938105702400208e-03,-4.349471535533666611e-03,2.831179201602935791e-01,3.846419751644134521e-01,4.277719557285308838e-01,3.379966020584106445e-01,3.985232412815093994e-01,-3.266611322760581970e-02,2.679819464683532715e-01,4.347107112407684326e-01,6.444299221038818359e-01,8.292840793728828430e-04,4.678613841533660889e-01,5.044699907302856445e-01,5.654425024986267090e-01,2.702588140964508057e-01,6.425272822380065918e-01,6.475630402565002441e-01,3.127617835998535156e-01,5.824074149131774902e-01,6.347706913948059082e-01,4.329077601432800293e-01,5.768416523933410645e-01
3.282400369644165039e-01,1.709060966968536377e-01,1.009694412350654602e-01,7.763016223907470703e-02,2.348299175500869751e-01,1.749601960182189941e-01,8.937495946884155273e-02,2.660062015056610107e-01,1.272685527801513672e-01,1.871548891067504883e-01,3.880971372127532959e-01,2.762794196605682373e-01,1.684497743844985962e-01,1.000000000000000000e+00,2.315000593662261963e-01,1.624090075492858887e-01,5.129193514585494995e-02,3.669296950101852417e-02,8.774438500404357910e-02,1.301646977663040161e-01,2.005423009395599365e-01,4.892644286155700684e-02,1.527794450521469116e-01,1.641089916229248047e-01,2.230801135301589966e-01,8.181895315647125244e-02,4.099527373909950256e-02,2.026199251413345337e-01,1.404048502445220947e-01,2.240836769342422485e-01,2.934266328811645508e-01,2.031384408473968506e-01,9.125486016273498535e-02,2.025599628686904907e-01,1.639338582754135132e-01,1.569120287895202637e-01,4.596901237964630127e-01,2.381396740674972534e-01,1.479324102401733398e-01,1.369767934083938599e-01,1.677129119634628296e-01,1.807014644145965576e-01,2.019468396902084351e-01,1.589781343936920166e-01,2.056251913309097290e-01,2.048830837011337280e-01,1.832424849271774292e-01,1.465936899185180664e-01
8.997657895088195801e-02,3.188579380512237549e-01,-7.327543199062347412e-02,8.778370916843414307e-02,6.117682531476020813e-02,1.862113475799560547e-01,6.623764336109161377e-02,5.104588866233825684e-01,4.802832603454589844e-01,4.305745661258697510e-01,5.101301074028015137e-01,6.270734667778015137e-01,4.071242511272430420e-01,2.315000593662261963e-01,1.000000000000000000e+00,5.602546334266662598e-01,6.139512360095977783e-02,-7.534199953079223633e-02,4.322607442736625671e-02,1.376034319400787354e-01,3.617135882377624512e-01,2.990434765815734863e-01,4.677849113941192627e-01,4.616072177886962891e-01,1.382808294147253036e-02,-8.061584085226058960e-02,3.064657002687454224e-02,8.410537242889404297e-02,7.458554953336715698e-02,3.662531971931457520e-01,3.981346786022186279e-01,3.381167650222778320e-01,1.214249208569526672e-01,4.258656203746795654e-01,5.190507173538208008e-01,4.258107841014862061e-01,-2.689031697809696198e-02,6.329477429389953613e-01,5.176942944526672363e-01,4.752091169357299805e-01,1.225917190313339233e-01,3.362323641777038574e-01,2.949957549571990967e-01,3.597823381423950195e-01,2.887504994869232178e-01,3.100116252899169922e-01,4.144567847251892090e-01,3.987370431423187256e-01
-2.721045725047588348e-02,4.334392249584197998e-01,-2.122352123260498047e-01,9.959680587053298950e-02,9.270153939723968506e-02,2.201734930276870728e-01,3.981094807386398315e-03,4.528514146804809570e-01,4.607756733894348145e-01,4.317295551300048828e-01,2.732608914375305176e-01,5.510224699974060059e-01,5.127344727516174316e-01,1.624090075492858887e-01,5.602546334266662598e-01,1.000000000000000000e+00,-5.702427774667739868e-02,-1.360639631748199463e-01,1.230683922767639160e-01,1.695410162210464478e-01,2.825141549110412598e-01,2.565843164920806885e-01,6.261618733406066895e-01,4.694507122039794922e-01,1.587124727666378021e-02,-1.780325472354888916e-01,5.223358049988746643e-02,2.360124886035919189e-02,5.100191384553909302e-02,2.157661914825439453e-01,4.126718342304229736e-01,3.834731578826904297e-01,8.379932492971420288e-03,2.980020344257354736e-01,5.900187492370605469e-01,5.677157044410705566e-01,-8.407244086265563965e-02,6.613529324531555176e-01,7.207057476043701172e-01,6.544380187988281250e-01,2.613974511623382568e-01,3.417397141456604004e-01,3.582847416400909424e-01,4.084743261337280273e-01,3.736588358879089355e-01,3.394293487071990967e-01,4.660202562808990479e-01,5.523456931114196777e-01
2.733769416809082031e-01,2.944470569491386414e-02,5.554466843605041504e-01,3.137493729591369629e-01,1.793991178274154663e-01,2.583997547626495361e-01,7.761037349700927734e-01,1.646098941564559937e-01,5.744379386305809021e-02,1.276814192533493042e-01,1.440404653549194336e-01,3.190374374389648438e-02,1.096527650952339172e-01,5.129193514585494995e-02,6.139512360095977783e-02,-5.702427774667739868e-02,1.000000000000000000e+00,7.184715270996093750e-01,4.987786710262298584e-01,4.462956488132476807e-01,2.525445222854614258e-01,3.410742282867431641e-01,2.221672097221016884e-03,6.715818494558334351e-02,2.742691636085510254e-01,6.253520250320434570e-01,1.383961439132690430e-01,3.460040092468261719e-01,3.278877139091491699e-01,2.472122907638549805e-01,2.219787389039993286e-01,1.171204000711441040e-01,1.267280131578445435e-01,-1.616724282503128052e-01,-2.181916087865829468e-01,-1.093588992953300476e-01,1.064331158995628357e-01,-8.600915968418121338e-02,-1.224147230386734009e-01,-1.579020470380783081e-01,2.032006531953811646e-01,3.373112976551055908e-01,2.891808152198791504e-01,2.496628649532794952e-02,1.639690101146697998e-01,3.069379329681396484e-01,4.892278462648391724e-02,3.543695434927940369e-02
1.792844235897064209e-01,-1.391544789075851440e-01,6.175420284271240234e-01,3.895782828330993652e-01,8.498172461986541748e-02,1.270505487918853760e-01,7.057840824127197266e-01,-1.049929670989513397e-02,-1.188419908285140991e-01,-1.148525848984718323e-01,-4.627412930130958557e-02,-9.528864920139312744e-02,-5.569272860884666443e-02,3.669296950101852417e-02,-7.534199953079223633e-02,-1.360639631748199463e-01,7.184715270996093750e-01,1.000000000000000000e+00,4.874715805053710938e-01,5.015890598297119141e-01,1.862890571355819702e-01,3.927373886108398438e-01,-1.755183339118957520e-01,-1.073421686887741089e-01,2.053106576204299927e-01,6.124280095100402832e-01,7.921988517045974731e-02,1.831014454364776611e-01,1.192219182848930359e-01,1.075688283890485764e-02,2.088079303503036499e-01,1.274282336235046387e-01,7.731151580810546875e-02,-2.683355808258056641e-01,-4.026817381381988525e-01,-2.363443672657012939e-01,1.562173664569854736e-01,-2.015371024608612061e-01,-2.684384882450103760e-01,-3.130258023738861084e-01,1.146808862686157227e-01,1.320991516113281250e-01,8.277942240238189697e-02,-7.390280067920684814e-02,4.180204495787620544e-02,7.287050038576126099e-02,-1.125980913639068604e-01,-1.021425798535346985e-01
1.916178166866302490e-01,1.718128621578216553e-01,3.504620492458343506e-01,4.557673037052154541e-01,2.217746078968048096e-01,4.554426968097686768e-01,5.708701014518737793e-01,8.878347277641296387e-02,-7.548724114894866943e-02,1.322477757930755615e-01,-1.196972057223320007e-01,3.862669318914413452e-02,3.486404418945312500e-01,8.774438500404357910e-02,4.322607442736625671e-02,1.230683922767639160e-01,4.987786710262298584e-01,4.874715805053710938e-01,1.000000000000000000e+00,6.502408981323242188e-01,3.343285322189331055e-01,4.120813608169555664e-01,1.767012476921081543e-01,2.673428952693939209e-01,1.713164001703262329e-01,3.958087861537933350e-01,1.131322607398033142e-02,2.394443899393081665e-01,3.312561511993408203e-01,2.818593978881835938e-01,3.584826588630676270e-01,4.573005139827728271e-01,3.592576086521148682e-02,-1.327401846647262573e-01,-6.940291076898574829e-02,1.577156335115432739e-01,1.030227765440940857e-01,4.670536611229181290e-03,-6.135568022727966309e-03,3.922840580344200134e-02,2.217454910278320312e-01,4.049955606460571289e-01,5.106160640716552734e-01,-2.830930985510349274e-02,2.745637893676757812e-01,3.709134161472320557e-01,1.998405903577804565e-01,1.933974325656890869e-01
2.385690063238143921e-01,8.697545528411865234e-02,5.073948502540588379e-01,6.513826251029968262e-01,2.404219955205917358e-01,4.256458878517150879e-01,5.350304841995239258e-01,1.581979840993881226e-01,2.807920984923839569e-02,2.735255658626556396e-01,-1.266819089651107788e-01,1.971998363733291626e-01,4.400682151317596436e-01,1.301646977663040161e-01,1.376034319400787354e-01,1.695410162210464478e-01,4.462956488132476807e-01,5.015890598297119141e-01,6.502408981323242188e-01,1.000000000000000000e+00,6.154723167419433594e-01,5.666933655738830566e-01,2.113753259181976318e-01,3.122728466987609863e-01,1.636939197778701782e-01,3.842392563819885254e-01,-6.800866872072219849e-02,2.638483047485351562e-01,2.463661283254623413e-01,2.838047146797180176e-01,4.073706567287445068e-01,4.409937858581542969e-01,-3.868008777499198914e-02,-1.307190954685211182e-01,-1.322249919176101685e-01,1.765387505292892456e-01,1.429247409105300903e-01,2.752410620450973511e-02,2.601033449172973633e-02,6.822891533374786377e-02,2.421546876430511475e-01,4.079064428806304932e-01,4.536930918693542480e-01,9.951893985271453857e-02,3.334077596664428711e-01,3.412250280380249023e-01,1.638480722904205322e-01,2.012916356325149536e-01
2.728460729122161865e-01,1.438523679971694946e-01,4.035500288009643555e-01,5.345969200134277344e-01,2.395748943090438843e-01,3.497449457645416260e-01,3.100552558898925781e-01,3.992366492748260498e-01,3.080287575721740723e-01,4.753550291061401367e-01,1.772641539573669434e-01,4.230283498764038086e-01,5.035248994827270508e-01,2.005423009395599365e-01,3.617135882377624512e-01,2.825141549110412598e-01,2.525445222854614258e-01,1.862890571355819702e-01,3.343285322189331055e-01,6.154723167419433594e-01,1.000000000000000000e+00,6.104689240455627441e-01,3.948966860771179199e-01,5.152897834777832031e-01,1.355199366807937622e-01,1.554977744817733765e-01,-5.852495133876800537e-02,3.464180827140808105e-01,2.737743854522705078e-01,5.588173270225524902e-01,5.565865039825439453e-01,4.951640367507934570e-01,-1.947544328868389130e-02,1.398435682058334351e-01,1.309248507022857666e-01,3.471358716487884521e-01,7.284894585609436035e-02,2.680357396602630615e-01,2.443431764841079712e-01,3.046804070472717285e-01,2.112232148647308350e-01,3.793184459209442139e-01,4.301248192787170410e-01,2.492850422859191895e-01,3.720161914825439453e-01,3.656907081604003906e-01,4.454724788665771484e-01,3.713938593864440918e-01
5.900396034121513367e-02,-1.329006254673004150e-01,3.557342290878295898e-01,5.455707311630249023e-01,-8.736035227775573730e-02,8.820479363203048706e-02,3.570154905319213867e-01,1.244618818163871765e-01,4.675170406699180603e-02,1.373145580291748047e-01,-3.624147921800613403e-02,1.639721095561981201e-01,3.148795366287231445e-01,4.892644286155700684e-02,2.990434765815734863e-01,2.565843164920806885e-01,3.410742282867431641e-01,3.927373886108398438e-01,4.120813608169555664e-01,5.666933655738830566e-01,6.104689240455627441e-01,1.000000000000000000e+00,3.127822279930114746e-01,3.604678213596343994e-01,7.208249717950820923e-02,1.038631722331047058e-01,-1.373360753059387207e-01,9.930798411369323730e-02,4.180775582790374756e-02,3.501114845275878906e-01,5.690442323684692383e-01,5.166221261024475098e-01,-1.901167780160903931e-01,5.566772539168596268e-03,8.826324716210365295e-03,2.476357072591781616e-01,1.150934677571058273e-02,2.152946442365646362e-01,1.262683421373367310e-01,1.858066469430923462e-01,-6.091300025582313538e-02,1.576753854751586914e-01,2.224387228488922119e-01,-2.334974892437458038e-02,1.355521082878112793e-01,1.121784225106239319e-01,2.781485617160797119e-01,3.465330600738525391e-01
1.195564568042755127e-01,3.756610453128814697e-01,-1.950197666883468628e-01,1.073226407170295715e-01,9.079073369503021240e-02,2.968522310256958008e-01,6.302008777856826782e-02,4.545239210128784180e-01,3.690721690654754639e-01,5.686155557632446289e-01,2.031602114439010620e-01,4.236373007297515869e-01,6.962313652038574219e-01,1.527794450521469116e-01,4.677849113941192627e-01,6.261618733406066895e-01,2.221672097221016884e-03,-1.755183339118957520e-01,1.767012476921081543e-01,2.113753259181976318e-01,3.948966860771179199e-01,3.127822279930114746e-01,1.000000000000000000e+00,7.246776819229125977e-01,-8.259425871074199677e-03,-1.781943589448928833e-01,-5.748457461595535278e-02,1.574035286903381348e-01,2.280995398759841919e-01,4.090416729450225830e-01,4.093815982341766357e-01,4.138892889022827148e-01,-1.069674547761678696e-02,2.957651615142822266e-01,5.876823663711547852e-01,7.450815439224243164e-01,-7.232321053743362427e-02,6.289606690406799316e-01,7.090240120887756348e-01,7.569219470024108887e-01,1.444443613290786743e-01,4.937465786933898926e-01,5.447602272033691406e-01,3.659153580665588379e-01,4.615638554096221924e-01,5.475416779518127441e-01,6.060714721679687500e-01,7.643808126449584961e-01
2.472074329853057861e-01,3.395787775516510010e-01,-7.582981139421463013e-02,1.969751417636871338e-01,1.443161964416503906e-01,3.536315858364105225e-01,1.294664293527603149e-01,4.543135464191436768e-01,2.546415925025939941e-01,5.669904947280883789e-01,2.024603337049484253e-01,4.307150840759277344e-01,6.955669522285461426e-01,1.641089916229248047e-01,4.616072177886962891e-01,4.694507122039794922e-01,6.715818494558334351e-02,-1.073421686887741089e-01,2.673428952693939209e-01,3.122728466987609863e-01,5.152897834777832031e-01,3.604678213596343994e-01,7.246776819229125977e-01,1.000000000000000000e+00,8.329853415489196777e-02,-8.083803951740264893e-02,-1.495476439595222473e-02,2.922936379909515381e-01,3.590777218341827393e-01,5.540923476219177246e-01,4.698587357997894287e-01,5.235304832458496094e-01,3.088922426104545593e-02,3.318847417831420898e-01,4.684169590473175049e-01,7.149331569671630859e-01,-7.146148383617401123e-02,5.125959515571594238e-01,5.422558188438415527e-01,6.382248401641845703e-01,1.737783700227737427e-01,5.151560902595520020e-01,5.738791823387145996e-01,3.308227658271789551e-01,4.824131429195404053e-01,5.734857916831970215e-01,6.842479705810546875e-01,6.793460845947265625e-01
3.312058746814727783e-01,8.696972578763961792e-02,2.149007320404052734e-01,1.594955921173095703e-01,1.610288918018341064e-01,1.254224628210067749e-01,2.674981653690338135e-01,1.574211865663528442e-01,6.882083136588335037e-03,2.138636633753776550e-02,1.229726001620292664e-01,-2.288664318621158600e-02,8.029516041278839111e-02,2.230801135301589966e-01,1.382808294147253036e-02,1.587124727666378021e-02,2.742691636085510254e-01,2.053106576204299927e-01,1.713164001703262329e-01,1.636939197778701782e-01,1.355199366807937622e-01,7.208249717950820923e-02,-8.259425871074199677e-03,8.329853415489196777e-02,1.000000000000000000e+00,1.444279700517654419e-01,3.251789808273315430e-01,3.850623965263366699e-01,1.959310621023178101e-01,1.124248579144477844e-01,2.291388958692550659e-01,1.283510476350784302e-01,2.066725194454193115e-01,1.841260343790054321e-01,-5.595859140157699585e-02,1.909270696341991425e-02,2.865488827228546143e-01,7.347458600997924805e-02,-3.274288773536682129e-02,-6.471616774797439575e-02,2.041638046503067017e-01,1.628486812114715576e-01,2.131905406713485718e-01,6.415614485740661621e-02,2.250231951475143433e-01,1.623845845460891724e-01,1.025402471423149109e-01,-7.529962458647787571e-04
3.080334961414337158e-01,9.182457625865936279e-02,5.971708893775939941e-01,3.160812854766845703e-01,3.839358389377593994e-01,3.549133837223052979e-01,6.765400767326354980e-01,9.635999798774719238e-02,2.140128426253795624e-02,6.044235080480575562e-02,7.108586281538009644e-02,1.868017832748591900e-03,-6.303938105702400208e-03,8.181895315647125244e-02,-8.061584085226058960e-02,-1.780325472354888916e-01,6.253520250320434570e-01,6.124280095100402832e-01,3.958087861537933350e-01,3.842392563819885254e-01,1.554977744817733765e-01,1.038631722331047058e-01,-1.781943589448928833e-01,-8.083803951740264893e-02,1.444279700517654419e-01,1.000000000000000000e+00,1.708862930536270142e-01,3.774152994155883789e-01,4.056005179882049561e-01,1.393608599901199341e-01,8.738546073436737061e-02,1.587116718292236328e-02,2.076379954814910889e-01,-2.108005434274673462e-01,-2.788329422473907471e-01,-1.782560795545578003e-01,9.850251674652099609e-02,-2.119701951742172241e-01,-2.078863531351089478e-01,-2.672959864139556885e-01,3.847647607326507568e-01,2.668631672859191895e-01,1.545057892799377441e-01,4.035227000713348389e-02,1.341709792613983154e-01,1.777106672525405884e-01,-6.759960204362869263e-02,-1.196221560239791870e-01
4.268047511577606201e-01,2.938402593135833740e-01,7.552932947874069214e-02,2.567069139331579208e-03,1.649590730667114258e-01,1.330495625734329224e-01,1.707776188850402832e-01,1.905672401189804077e-01,6.181003153324127197e-02,-1.008604839444160461e-02,1.714099794626235962e-01,3.610239550471305847e-02,-4.349471535533666611e-03,4.099527373909950256e-02,3.064657002687454224e-02,5.223358049988746643e-02,1.383961439132690430e-01,7.921988517045974731e-02,1.131322607398033142e-02,-6.800866872072219849e-02,-5.852495133876800537e-02,-1.373360753059387207e-01,-5.748457461595535278e-02,-1.495476439595222473e-02,3.251789808273315430e-01,1.708862930536270142e-01,1.000000000000000000e+00,3.387252390384674072e-01,3.118654191493988037e-01,1.169158220291137695e-01,1.329530775547027588e-02,-4.828277602791786194e-02,4.558193087577819824e-01,2.238347977399826050e-01,1.403265446424484253e-01,-8.189398050308227539e-02,1.440628916025161743e-01,5.261716619133949280e-02,1.894311979413032532e-02,-4.517237842082977295e-02,3.353778719902038574e-01,2.289595901966094971e-01,3.051294945180416107e-02,1.551876515150070190e-01,5.365629121661186218e-02,4.099143669009208679e-02,-1.678422093391418457e-02,-1.255065649747848511e-01
6.806048154830932617e-01,3.538601398468017578e-01,4.667741656303405762e-01,3.739056289196014404e-01,4.585889577865600586e-01,4.728209376335144043e-01,4.365800321102142334e-01,3.690663278102874756e-01,2.807876169681549072e-01,3.731543421745300293e-01,2.555903792381286621e-01,1.958556324243545532e-01,2.831179201602935791e-01,2.026199251413345337e-01,8.410537242889404297e-02,2.360124886035919189e-02,3.460040092468261719e-01,1.831014454364776611e-01,2.394443899393081665e-01,2.638483047485351562e-01,3.464180827140808105e-01,9.930798411369323730e-02,1.574035286903381348e-01,2.922936379909515381e-01,3.850623965263366699e-01,3.774152994155883789e-01,3.387252390384674072e-01,1.000000000000000000e+00,6.809648275375366211e-01,5.318881869316101074e-01,2.760995626449584961e-01,1.569823622703552246e-01,3.218557238578796387e-01,1.782575994729995728e-01,9.761030972003936768e-02,1.938519328832626343e-01,1.696808636188507080e-01,8.975452929735183716e-02,9.603208303451538086e-02,8.991261571645736694e-02,5.253359675407409668e-01,4.979737102985382080e-01,3.732224404811859131e-01,3.252879083156585693e-01,4.636683762073516846e-01,4.515669047832489014e-01,2.613881826400756836e-01,1.128594726324081421e-01
6.103444695472717285e-01,3.826238811016082764e-01,2.803943157196044922e-01,2.996688783168792725e-01,5.227791070938110352e-01,5.373057126998901367e-01,4.291073977947235107e-01,3.338681757450103760e-01,1.990100741386413574e-01,3.861366510391235352e-01,2.141265869140625000e-01,2.003421634435653687e-01,3.846419751644134521e-01,1.404048502445220947e-01,7.458554953336715698e-02,5.100191384553909302e-02,3.278877139091491699e-01,1.192219182848930359e-01,3.312561511993408203e-01,2.463661283254623413e-01,2.737743854522705078e-01,4.180775582790374756e-02,2.280995398759841919e-01,3.590777218341827393e-01,1.959310621023178101e-01,4.056005179882049561e-01,3.118654191493988037e-01,6.809648275375366211e-01,1.000000000000000000e+00,5.202126502990722656e-01,1.916684359312057495e-01,1.601584404706954956e-01,2.220946699380874634e-01,9.833241999149322510e-02,1.539300382137298584e-01,2.802377343177795410e-01,6.844437867403030396e-02,9.097293764352798462e-02,8.327912539243698120e-02,1.363790780305862427e-01,5.008703470230102539e-01,5.156222581863403320e-01,4.312858283519744873e-01,1.667824387550354004e-01,3.929722905158996582e-01,4.845657050609588623e-01,2.571296095848083496e-01,1.588142067193984985e-01
4.166987240314483643e-01,3.185949623584747314e-01,2.312882095575332642e-01,2.851846516132354736e-01,2.463131695985794067e-01,3.736469447612762451e-01,2.708093225955963135e-01,4.015293717384338379e-01,3.569680750370025635e-01,4.827742874622344971e-01,3.467189073562622070e-01,3.560386002063751221e-01,4.277719557285308838e-01,2.240836769342422485e-01,3.662531971931457520e-01,2.157661914825439453e-01,2.472122907638549805e-01,1.075688283890485764e-02,2.818593978881835938e-01,2.838047146797180176e-01,5.588173270225524902e-01,3.501114845275878906e-01,4.090416729450225830e-01,5.540923476219177246e-01,1.124248579144477844e-01,1.393608599901199341e-01,1.169158220291137695e-01,5.318881869316101074e-01,5.202126502990722656e-01,1.000000000000000000e+00,5.441185832023620605e-01,4.659145176410675049e-01,1.380437910556793213e-01,2.938460707664489746e-01,3.605735599994659424e-01,4.024952650070190430e-01,2.010653726756572723e-02,3.268871307373046875e-01,2.918740808963775635e-01,3.275011479854583740e-01,2.468419969081878662e-01,4.645386934280395508e-01,4.851157963275909424e-01,2.495101094245910645e-01,3.912417292594909668e-01,4.674922227859497070e-01,5.363559722900390625e-01,3.512327969074249268e-01
2.293761968612670898e-01,1.844287961721420288e-01,2.645150423049926758e-01,3.797508776187896729e-01,1.137096881866455078e-01,2.202329784631729126e-01,2.757135629653930664e-01,3.319652378559112549e-01,3.127779364585876465e-01,2.506407201290130615e-01,2.195353955030441284e-01,3.278948664665222168e-01,3.379966020584106445e-01,2.934266328811645508e-01,3.981346786022186279e-01,4.126718342304229736e-01,2.219787389039993286e-01,2.088079303503036499e-01,3.584826588630676270e-01,4.073706567287445068e-01,5.565865039825439453e-01,5.690442323684692383e-01,4.093815982341766357e-01,4.698587357997894287e-01,2.291388958692550659e-01,8.738546073436737061e-02,1.329530775547027588e-02,2.760995626449584961e-01,1.916684359312057495e-01,5.441185832023620605e-01,1.000000000000000000e+00,6.987743377685546875e-01,4.516452550888061523e-02,2.506642639636993408e-01,2.771920263767242432e-01,4.029195904731750488e-01,1.724310219287872314e-02,4.212017655372619629e-01,3.595206737518310547e-01,3.391022086143493652e-01,1.771084815263748169e-01,2.852561175823211670e-01,4.002573490142822266e-01,2.012382894754409790e-01,3.285126388072967529e-01,2.731165587902069092e-01,5.577321648597717285e-01,4.156376719474792480e-01
1.379036456346511841e-01,1.879497319459915161e-01,9.445604681968688965e-02,3.718067407608032227e-01,1.410018652677536011e-01,2.777014970779418945e-01,1.813127249479293823e-01,2.110025137662887573e-01,1.691122055053710938e-01,2.449719011783599854e-01,6.221698224544525146e-02,2.957547307014465332e-01,3.985232412815093994e-01,2.031384408473968506e-01,3.381167650222778320e-01,3.834731578826904297e-01,1.171204000711441040e-01,1.274282336235046387e-01,4.573005139827728271e-01,4.409937858581542969e-01,4.951640367507934570e-01,5.166221261024475098e-01,4.138892889022827148e-01,5.235304832458496094e-01,1.283510476350784302e-01,1.587116718292236328e-02,-4.828277602791786194e-02,1.569823622703552246e-01,1.601584404706954956e-01,4.659145176410675049e-01,6.987743377685546875e-01,1.000000000000000000e+00,-2.068922668695449829e-02,1.352151185274124146e-01,2.212499082088470459e-01,4.404991567134857178e-01,-8.102197945117950439e-02,3.153977096080780029e-01,3.163026869297027588e-01,3.284671306610107422e-01,1.965974420309066772e-01,3.092461824417114258e-01,4.309646487236022949e-01,8.517329394817352295e-02,2.651562988758087158e-01,2.778783738613128662e-01,5.657937526702880859e-01,4.215528964996337891e-01
2.896780371665954590e-01,4.916655421257019043e-01,1.301657408475875854e-01,-4.892022162675857544e-02,2.784343063831329346e-01,2.349549531936645508e-01,1.717985570430755615e-01,2.859961986541748047e-01,2.020182609558105469e-01,4.932708293199539185e-02,2.678958773612976074e-01,1.597729325294494629e-01,-3.266611322760581970e-02,9.125486016273498535e-02,1.214249208569526672e-01,8.379932492971420288e-03,1.267280131578445435e-01,7.731151580810546875e-02,3.592576086521148682e-02,-3.868008777499198914e-02,-1.947544328868389130e-02,-1.901167780160903931e-01,-1.069674547761678696e-02,3.088922426104545593e-02,2.066725194454193115e-01,2.076379954814910889e-01,4.558193087577819824e-01,3.218557238578796387e-01,2.220946699380874634e-01,1.380437910556793213e-01,4.516452550888061523e-02,-2.068922668695449829e-02,1.000000000000000000e+00,3.263881504535675049e-01,1.818457692861557007e-01,-3.253523632884025574e-02,6.200739741325378418e-02,1.304190605878829956e-01,8.001220226287841797e-02,8.734392933547496796e-03,3.500541448593139648e-01,2.431673705577850342e-01,1.345920860767364502e-01,3.370615541934967041e-01,2.406290322542190552e-01,1.878339648246765137e-01,1.364629268646240234e-01,-3.026454895734786987e-02
