1.000000000000000000e+00,1.871002912521362305e-01,5.729933381080627441e-01,4.212688207626342773e-01,2.152115106582641602e-02,1.617749184370040894e-01,4.023310244083404541e-01,9.434571117162704468e-02,1.763947159051895142e-01,1.425522416830062866e-01,1.846921592950820923e-01,1.926643252372741699e-01,1.176410820335149765e-02,1.899627894163131714e-01,2.440486401319503784e-01,3.183104097843170166e-01,3.953144252300262451e-01,9.014202654361724854e-02,3.210964500904083252e-01,6.268376111984252930e-02,-1.193382889032363892e-01,-1.042477786540985107e-01,2.036138623952865601e-01,4.939187690615653992e-02,3.747938573360443115e-01,4.498689770698547363e-01,8.283202350139617920e-02,6.056944727897644043e-01,5.244266390800476074e-01,4.159246385097503662e-01,1.592220216989517212e-01,1.607287488877773285e-02,7.937536388635635376e-02,-3.578455885872244835e-03,1.700573712587356567e-01,1.605086326599121094e-01,1.782449334859848022e-02,9.509813785552978516e-02,4.578616470098495483e-02,1.284844428300857544e-01,2.335909456014633179e-01,3.906090557575225830e-01,1.673583239316940308e-01,1.923321485519409180e-01,3.261847496032714844e-01,1.073593199253082275e-01,6.196709722280502319e-02,1.512508690357208252e-01
1.871002912521362305e-01,1.000000000000000000e+00,2.007149755954742432e-01,4.499480724334716797e-01,5.647185444831848145e-01,4.783920049667358398e-01,4.196086227893829346e-01,4.147486388683319092e-01,3.688074946403503418e-01,3.380210101604461670e-01,2.484845221042633057e-01,2.582579255104064941e-01,2.130910307168960571e-01,2.753097414970397949e-01,1.933744400739669800e-01,7.667564600706100464e-02,3.101273775100708008e-01,3.822332024574279785e-01,6.529332697391510010e-02,1.505183577537536621e-01,2.735385298728942871e-01,4.020122289657592773e-01,2.500959932804107666e-01,3.818308115005493164e-01,1.456250697374343872e-01,3.797423839569091797e-01,2.549474239349365234e-01,2.332085371017456055e-01,3.155617415904998779e-01,3.070935308933258057e-01,4.234050214290618896e-01,3.372305929660797119e-01,4.005252122879028320e-01,2.243367582559585571e-01,1.717809587717056274e-01,4.525932371616363525e-01,4.361365437507629395e-01,3.402017429471015930e-02,3.068179190158843994e-01,2.871282100677490234e-01,5.761710405349731445e-01,5.341447591781616211e-01,3.016380369663238525e-01,6.010797023773193359e-01,3.090462386608123779e-01,3.203622698783874512e-01,4.633995294570922852e-01,2.652123570442199707e-01
5.729933381080627441e-01,2.007149755954742432e-01,1.000000000000000000e+00,5.995639562606811523e-01,4.974937066435813904e-02,1.070134118199348450e-01,2.849172055721282959e-01,4.615359008312225342e-02,1.353180408477783203e-02,1.340166628360748291e-01,1.416866034269332886e-01,3.383493050932884216e-02,-3.768907859921455383e-02,1.002636253833770752e-01,5.050266534090042114e-02,8.873688429594039917e-02,2.666807770729064941e-01,1.753256171941757202e-01,1.496812105178833008e-01,2.039849385619163513e-02,-8.652453310787677765e-03,-4.371094051748514175e-03,8.091719821095466614e-03,8.507412672042846680e-02,1.739793568849563599e-01,7.189557552337646484e-01,3.551165014505386353e-02,6.636527180671691895e-01,5.503438115119934082e-01,3.525024056434631348e-01,2.085661292076110840e-01,1.245122030377388000e-02,-1.156531721353530884e-01,-1.345970332622528076e-01,1.902893632650375366e-01,5.675047263503074646e-02,-5.581644922494888306e-02,-1.459951698780059814e-01,-2.884576097130775452e-02,9.321054071187973022e-02,3.160995543003082275e-01,3.155907988548278809e-01,2.263730615377426147e-01,1.057879775762557983e-01,3.089436292648315430e-01,8.709529042243957520e-02,4.875881224870681763e-02,-5.463208258152008057e-02
4.212688207626342773e-01,4.499480724334716797e-01,5.995639562606811523e-01,1.000000000000000000e+00,5.546281337738037109e-01,5.933431386947631836e-01,4.458242654800415039e-01,2.357926517724990845e-01,1.317893117666244507e-01,3.773750662803649902e-01,1.473880559206008911e-01,3.084724545478820801e-01,3.281462490558624268e-01,1.412912756204605103e-01,1.760363578796386719e-01,1.737184226512908936e-01,3.266850709915161133e-01,5.792245864868164062e-01,8.449880033731460571e-02,2.394775003194808960e-01,3.905822634696960449e-01,5.122932195663452148e-01,3.171081244945526123e-01,4.258739352226257324e-01,1.302361190319061279e-01,5.345366001129150391e-01,9.103626757860183716e-02,2.457188218832015991e-01,1.609957367181777954e-01,7.375229895114898682e-02,4.838628172874450684e-01,4.188515543937683105e-01,1.427001059055328369e-01,1.717370189726352692e-02,6.903253495693206787e-02,1.957918852567672729e-01,2.059469223022460938e-01,-1.225091889500617981e-01,1.995250880718231201e-01,3.312634527683258057e-01,5.941644906997680664e-01,2.648703157901763916e-01,2.326354682445526123e-01,2.844879329204559326e-01,4.982488602399826050e-02,3.234745562076568604e-01,4.395633041858673096e-01,9.262917935848236084e-02
2.152115106582641602e-02,5.647185444831848145e-01,4.974937066435813904e-02,5.546281337738037109e-01,1.000000000000000000e+00,7.045817375183105469e-01,4.975244402885437012e-01,5.022605061531066895e-01,3.562377989292144775e-01,3.133897483348846436e-01,3.020710647106170654e-01,2.590250968933105469e-01,3.537783026695251465e-01,2.723470628261566162e-01,1.463267505168914795e-01,7.987163960933685303e-02,3.835141658782958984e-01,5.824635624885559082e-01,6.300061196088790894e-02,3.118808567523956299e-01,4.317356944084167480e-01,6.043096184730529785e-01,4.023008942604064941e-01,4.875040948390960693e-01,-4.005307331681251526e-02,1.946991086006164551e-01,2.208260893821716309e-01,-7.676059007644653320e-02,-1.950961537659168243e-02,-2.208724245429039001e-02,4.415356814861297607e-01,4.518114626407623291e-01,3.606320321559906006e-01,1.582123786211013794e-01,1.849348656833171844e-02,2.146758139133453369e-01,4.304572045803070068e-01,-1.269305497407913208e-01,2.969255447387695312e-01,3.383599519729614258e-01,5.765563845634460449e-01,2.541231513023376465e-01,1.412544101476669312e-01,3.916331827640533447e-01,-4.972244426608085632e-02,2.998523414134979248e-01,5.192787647247314453e-01,2.245744764804840088e-01
1.617749184370040894e-01,4.783920049667358398e-01,1.070134118199348450e-01,5.933431386947631836e-01,7.045817375183105469e-01,1.000000000000000000e+00,6.150089502334594727e-01,3.457468152046203613e-01,2.956319451332092285e-01,4.300926923751831055e-01,2.090988308191299438e-01,3.537335097789764404e-01,3.969813287258148193e-01,1.394968479871749878e-01,1.854290962219238281e-01,1.668327450752258301e-01,4.679629504680633545e-01,6.837217807769775391e-01,1.790477782487869263e-01,4.442027509212493896e-01,5.102455019950866699e-01,5.968728065490722656e-01,4.392494857311248779e-01,5.176880955696105957e-01,8.783119171857833862e-02,2.338010370731353760e-01,2.291633486747741699e-01,-5.475549772381782532e-02,-4.008982330560684204e-02,-2.136275172233581543e-03,4.523161947727203369e-01,4.747969210147857666e-01,3.002508878707885742e-01,1.163331791758537292e-01,-2.275857329368591309e-02,2.196369320154190063e-01,2.944704294204711914e-01,-4.394065216183662415e-02,2.851051986217498779e-01,3.129402101039886475e-01,4.751267731189727783e-01,2.788503468036651611e-01,2.560140490531921387e-01,3.338322937488555908e-01,5.080336704850196838e-04,4.144968986511230469e-01,5.398088097572326660e-01,1.954164505004882812e-01
4.023310244083404541e-01,4.196086227893829346e-01,2.849172055721282959e-01,4.458242654800415039e-01,4.975244402885437012e-01,6.150089502334594727e-01,1.000000000000000000e+00,3.146195411682128906e-01,5.062653422355651855e-01,3.912360072135925293e-01,4.374717473983764648e-01,3.486090004444122314e-01,3.117375075817108154e-01,3.351896703243255615e-01,2.394382208585739136e-01,3.185231089591979980e-01,8.587289452552795410e-01,5.762866735458374023e-01,4.653082191944122314e-01,5.074152946472167969e-01,3.684048652648925781e-01,3.840305209159851074e-01,5.525095462799072266e-01,3.342076539993286133e-01,1.699500828981399536e-01,4.369061887264251709e-01,3.102372288703918457e-01,2.630683183670043945e-01,3.419859409332275391e-01,3.818723857402801514e-01,4.390286207199096680e-01,2.677992880344390869e-01,2.165340930223464966e-01,5.539260804653167725e-02,5.749031528830528259e-02,1.133753433823585510e-01,2.671956717967987061e-01,-1.792380958795547485e-02,1.776514500379562378e-01,2.612233161926269531e-01,3.406467735767364502e-01,5.105339884757995605e-01,2.873017191886901855e-01,3.627173602581024170e-01,1.689096242189407349e-01,3.384682238101959229e-01,3.768231570720672607e-01,3.779733479022979736e-01
9.434571117162704468e-02,4.147486388683319092e-01,4.615359008312225342e-02,2.357926517724990845e-01,5.022605061531066895e-01,3.457468152046203613e-01,3.146195411682128906e-01,1.000000000000000000e+00,4.424946606159210205e-01,2.047507017850875854e-01,3.667961955070495605e-01,2.712115943431854248e-01,1.603632867336273193e-01,6.010556221008300781e-01,3.397015035152435303e-01,2.496951073408126831e-01,2.868799865245819092e-01,2.611043453216552734e-01,1.390648335218429565e-01,1.333573907613754272e-01,1.405991464853286743e-01,2.402217835187911987e-01,2.285344898700714111e-01,2.517781257629394531e-01,7.750501483678817749e-02,2.295745760202407837e-01,9.836725890636444092e-02,1.442202627658843994e-01,1.746119707822799683e-01,1.476389169692993164e-01,2.550354599952697754e-01,1.864824295043945312e-01,2.962456643581390381e-01,2.416713237762451172e-01,1.742073297500610352e-01,1.611080765724182129e-01,5.987939834594726562e-01,-5.793273821473121643e-02,1.857860237360000610e-01,2.110228687524795532e-01,4.726797640323638916e-01,3.573020696640014648e-01,8.686053007841110229e-02,2.841064035892486572e-01,9.642224758863449097e-02,1.960281431674957275e-01,2.616610229015350342e-01,6.649472750723361969e-03
1.763947159051895142e-01,3.688074946403503418e-01,1.353180408477783203e-02,1.317893117666244507e-01,3.562377989292144775e-01,2.956319451332092285e-01,5.062653422355651855e-01,4.424946606159210205e-01,1.000000000000000000e+00,2.940916121006011963e-01,5.684412717819213867e-01,3.600968420505523682e-01,1.826768517494201660e-01,5.014523267745971680e-01,3.834381103515625000e-01,4.141830503940582275e-01,5.587629675865173340e-01,2.769903540611267090e-01,3.220818638801574707e-01,2.388351261615753174e-01,1.560637801885604858e-01,2.484342902898788452e-01,4.351097941398620605e-01,1.803802102804183960e-01,1.577840000391006470e-01,1.983457952737808228e-01,3.154223859310150146e-01,1.917557716369628906e-01,2.522585391998291016e-01,2.132045626640319824e-01,2.017494291067123413e-01,1.531608253717422485e-01,3.242445290088653564e-01,1.882527023553848267e-01,1.021488904953002930e-01,5.216505378484725952e-02,3.892643153667449951e-01,1.648501455783843994e-01,1.611262261867523193e-01,2.091492414474487305e-01,2.820698320865631104e-01,6.020359992980957031e-01,1.465407907962799072e-01,4.377851188182830811e-01,1.208223924040794373e-01,2.826527953147888184e-01,2.641461491584777832e-01,4.254977405071258545e-01
1.425522416830062866e-01,3.380210101604461670e-01,1.340166628360748291e-01,3.773750662803649902e-01,3.133897483348846436e-01,4.300926923751831055e-01,3.912360072135925293e-01,2.047507017850875854e-01,2.940916121006011963e-01,1.000000000000000000e+00,1.765099018812179565e-01,7.511634826660156250e-01,6.752412319183349609e-01,1.819155067205429077e-01,5.671487450599670410e-01,5.861356258392333984e-01,4.112420678138732910e-01,6.345727443695068359e-01,5.211362242698669434e-01,6.569786667823791504e-01,6.765009760856628418e-01,6.013826131820678711e-01,5.983194708824157715e-01,4.896458387374877930e-01,4.804499447345733643e-02,1.957195848226547241e-01,2.563152313232421875e-01,2.636790741235017776e-03,-6.302109360694885254e-02,1.092479843646287918e-02,5.222785472869873047e-01,5.635924935340881348e-01,1.982633471488952637e-01,1.441848129034042358e-01,1.954585462808609009e-01,3.353821337223052979e-01,3.205821216106414795e-01,2.218221575021743774e-01,5.824121236801147461e-01,5.251347422599792480e-01,2.383779734373092651e-01,4.790551364421844482e-01,6.215860843658447266e-01,4.205020368099212646e-01,2.534772157669067383e-01,7.836444973945617676e-01,4.976659119129180908e-01,3.183052837848663330e-01
1.846921592950820923e-01,2.484845221042633057e-01,1.416866034269332886e-01,1.473880559206008911e-01,3.020710647106170654e-01,2.090988308191299438e-01,4.374717473983764648e-01,3.667961955070495605e-01,5.684412717819213867e-01,1.765099018812179565e-01,1.000000000000000000e+00,2.848629355430603027e-01,-5.668457224965095520e-02,6.228873133659362793e-01,2.126912176609039307e-01,2.555651664733886719e-01,4.848394393920898438e-01,1.338640600442886353e-01,9.465261548757553101e-02,3.449165821075439453e-02,9.436863474547863007e-03,1.050914898514747620e-01,2.740943133831024170e-01,2.458631619811058044e-02,6.092072278261184692e-02,3.039452433586120605e-01,2.680207788944244385e-01,2.486906051635742188e-01,3.433730900287628174e-01,2.071443796157836914e-01,8.848717436194419861e-03,-7.899802178144454956e-02,2.182600945234298706e-01,1.015110760927200317e-01,-3.219599276781082153e-02,-5.101684853434562683e-02,3.568193912506103516e-01,-4.071362316608428955e-02,-8.386762440204620361e-02,1.396205574274063110e-01,2.785130739212036133e-01,4.408250153064727783e-01,6.304921954870223999e-02,2.334955334663391113e-01,1.631801873445510864e-01,9.890644997358322144e-02,-2.869792282581329346e-03,3.967093229293823242e-01
1.926643252372741699e-01,2.582579255104064941e-01,3.383493050932884216e-02,3.084724545478820801e-01,2.590250968933105469e-01,3.537335097789764404e-01,3.486090004444122314e-01,2.712115943431854248e-01,3.600968420505523682e-01,7.511634826660156250e-01,2.848629355430603027e-01,1.000000000000000000e+00,6.471784114837646484e-01,3.461344540119171143e-01,7.403568029403686523e-01,7.026328444480895996e-01,3.830536007881164551e-01,4.541438221931457520e-01,4.221421480178833008e-01,5.055126547813415527e-01,4.924183189868927002e-01,4.697076678276062012e-01,6.684495806694030762e-01,3.482668399810791016e-01,1.508189588785171509e-01,1.101761087775230408e-01,2.390616238117218018e-01,-2.545307576656341553e-02,-8.386357873678207397e-02,-8.744166791439056396e-02,3.419088721275329590e-01,4.385430812835693359e-01,2.980293035507202148e-01,1.902789622545242310e-01,1.732600331306457520e-01,2.342629134654998779e-01,3.292802274227142334e-01,3.512948751449584961e-01,5.063778758049011230e-01,5.289263129234313965e-01,2.511355578899383545e-01,4.392128884792327881e-01,4.160820841789245605e-01,4.144909679889678955e-01,1.441450864076614380e-01,6.949188113212585449e-01,3.748061656951904297e-01,3.828407227993011475e-01
1.176410820335149765e-02,2.130910307168960571e-01,-3.768907859921455383e-02,3.281462490558624268e-01,3.537783026695251465e-01,3.969813287258148193e-01,3.117375075817108154e-01,1.603632867336273193e-01,1.826768517494201660e-01,6.752412319183349609e-01,-5.668457224965095520e-02,6.471784114837646484e-01,1.000000000000000000e+00,5.636958777904510498e-02,4.999254941940307617e-01,5.401074886322021484e-01,2.912003397941589355e-01,6.194164752960205078e-01,4.428474009037017822e-01,7.119912505149841309e-01,7.434928417205810547e-01,6.801293492317199707e-01,6.438339352607727051e-01,5.317770242691040039e-01,4.607981070876121521e-02,-2.604859648272395134e-03,1.279565691947937012e-01,-2.263020426034927368e-01,-2.869244515895843506e-01,-1.433488130569458008e-01,5.628100633621215820e-01,6.789743304252624512e-01,1.767180562019348145e-01,1.090239360928535461e-01,2.151768803596496582e-01,2.706620693206787109e-01,2.149424701929092407e-01,2.014047056436538696e-01,6.016388535499572754e-01,5.102141499519348145e-01,1.857101321220397949e-01,2.152612954378128052e-01,4.492293000221252441e-01,2.450056076049804688e-01,-9.249261021614074707e-02,6.560619473457336426e-01,5.810242891311645508e-01,2.265705913305282593e-01
1.899627894163131714e-01,2.753097414970397949e-01,1.002636253833770752e-01,1.412912756204605103e-01,2.723470628261566162e-01,1.394968479871749878e-01,3.351896703243255615e-01,6.010556221008300781e-01,5.014523267745971680e-01,1.819155067205429077e-01,6.228873133659362793e-01,3.461344540119171143e-01,5.636958777904510498e-02,1.000000000000000000e+00,3.335900306701660156e-01,3.070559203624725342e-01,3.904690146446228027e-01,1.497476100921630859e-01,9.473162144422531128e-02,3.578921779990196228e-02,2.367350645363330841e-02,1.141798794269561768e-01,2.481656074523925781e-01,4.358759149909019470e-02,1.266863495111465454e-01,3.287400901317596436e-01,1.890273243188858032e-01,2.515393197536468506e-01,3.377223014831542969e-01,2.868421077728271484e-01,1.657715141773223877e-01,1.903426274657249451e-02,2.902303636074066162e-01,1.690488606691360474e-01,1.770921200513839722e-01,6.048083305358886719e-02,5.909686684608459473e-01,-3.072966821491718292e-02,6.113612651824951172e-02,1.287220865488052368e-01,3.234237134456634521e-01,4.189704954624176025e-01,7.988923788070678711e-02,2.194246202707290649e-01,1.591024696826934814e-01,1.499233394861221313e-01,7.620140910148620605e-02,1.886997967958450317e-01
2.440486401319503784e-01,1.933744400739669800e-01,5.050266534090042114e-02,1.760363578796386719e-01,1.463267505168914795e-01,1.854290962219238281e-01,2.394382208585739136e-01,3.397015035152435303e-01,3.834381103515625000e-01,5.671487450599670410e-01,2.126912176609039307e-01,7.403568029403686523e-01,4.999254941940307617e-01,3.335900306701660156e-01,1.000000000000000000e+00,7.573823928833007812e-01,3.195531368255615234e-01,2.530888319015502930e-01,4.822973310947418213e-01,4.129562675952911377e-01,2.469455897808074951e-01,2.098902463912963867e-01,5.745151638984680176e-01,1.619584709405899048e-01,1.383712738752365112e-01,2.684906870126724243e-02,1.975250393152236938e-01,5.939820408821105957e-02,-1.460933871567249298e-02,-4.522014036774635315e-02,1.633382290601730347e-01,2.375297248363494873e-01,2.119432687759399414e-01,2.485401332378387451e-01,2.558144927024841309e-01,1.471083760261535645e-01,3.233803510665893555e-01,4.767868816852569580e-01,4.769309461116790771e-01,4.205864369869232178e-01,2.026225775480270386e-01,4.350706040859222412e-01,3.585244119167327881e-01,3.153898715972900391e-01,2.189784646034240723e-01,5.847954750061035156e-01,2.180974632501602173e-01,2.883781194686889648e-01
3.183104097843170166e-01,7.667564600706100464e-02,8.873688429594039917e-02,1.737184226512908936e-01,7.987163960933685303e-02,1.668327450752258301e-01,3.185231089591979980e-01,2.496951073408126831e-01,4.141830503940582275e-01,5.861356258392333984e-01,2.555651664733886719e-01,7.026328444480895996e-01,5.401074886322021484e-01,3.070559203624725342e-01,7.573823928833007812e-01,1.000000000000000000e+00,4.207060337066650391e-01,3.329388499259948730e-01,5.822550654411315918e-01,5.082272887229919434e-01,3.060624003410339355e-01,2.322169542312622070e-01,6.575110554695129395e-01,2.368425726890563965e-01,1.306893676519393921e-01,5.986858159303665161e-02,1.734031140804290771e-01,1.266224086284637451e-01,-3.836210817098617554e-03,-7.711926940828561783e-03,2.199492901563644409e-01,2.484687715768814087e-01,1.338929384946823120e-01,1.884218007326126099e-01,1.842538267374038696e-01,1.702762544155120850e-01,2.840263843536376953e-01,3.715682923793792725e-01,4.197869598865509033e-01,3.959691822528839111e-01,1.019415184855461121e-01,4.114697277545928955e-01,3.272694945335388184e-01,2.230964004993438721e-01,1.457561850547790527e-01,5.588127374649047852e-01,2.189466804265975952e-01,3.153154253959655762e-01
3.953144252300262451e-01,3.101273775100708008e-01,2.666807770729064941e-01,3.266850709915161133e-01,3.835141658782958984e-01,4.679629504680633545e-01,8.587289452552795410e-01,2.868799865245819092e-01,5.587629675865173340e-01,4.112420678138732910e-01,4.848394393920898438e-01,3.830536007881164551e-01,2.912003397941589355e-01,3.904690146446228027e-01,3.195531368255615234e-01,4.207060337066650391e-01,1.000000000000000000e+00,5.304772257804870605e-01,5.420806407928466797e-01,5.227144956588745117e-01,3.400628268718719482e-01,3.179309964179992676e-01,5.929358601570129395e-01,2.571336627006530762e-01,1.347629427909851074e-01,3.905685544013977051e-01,2.896039485931396484e-01,2.729342579841613770e-01,3.189655840396881104e-01,3.861684203147888184e-01,3.938893377780914307e-01,1.861943006515502930e-01,1.865737438201904297e-01,4.432572051882743835e-02,9.813908487558364868e-02,4.627817869186401367e-02,2.494109272956848145e-01,6.215254776179790497e-03,1.280704587697982788e-01,2.217014282941818237e-01,2.302550822496414185e-01,5.535645484924316406e-01,2.632649838924407959e-01,3.227966129779815674e-01,1.764270663261413574e-01,3.320518732070922852e-01,2.694550752639770508e-01,4.209025800228118896e-01
9.014202654361724854e-02,3.822332024574279785e-01,1.753256171941757202e-01,5.792245864868164062e-01,5.824635624885559082e-01,6.837217807769775391e-01,5.762866735458374023e-01,2.611043453216552734e-01,2.769903540611267090e-01,6.345727443695068359e-01,1.338640600442886353e-01,4.541438221931457520e-01,6.194164752960205078e-01,1.497476100921630859e-01,2.530888319015502930e-01,3.329388499259948730e-01,5.304772257804870605e-01,1.000000000000000000e+00,3.714559078216552734e-01,6.800088286399841309e-01,7.689857482910156250e-01,7.811471223831176758e-01,5.062367916107177734e-01,5.988954305648803711e-01,2.639392018318176270e-02,2.506574392318725586e-01,1.532569527626037598e-01,-8.291097730398178101e-02,-9.052590280771255493e-02,9.585864841938018799e-02,7.444572448730468750e-01,6.633791923522949219e-01,2.375660389661788940e-01,6.336870044469833374e-02,7.263694703578948975e-02,2.191327661275863647e-01,2.907659411430358887e-01,-8.663840591907501221e-03,3.977226614952087402e-01,3.196154534816741943e-01,3.557147979736328125e-01,3.502666056156158447e-01,4.415556192398071289e-01,2.587549388408660889e-01,-1.464273966848850250e-02,5.812405347824096680e-01,6.316129565238952637e-01,9.030617773532867432e-02
3.210964500904083252e-01,6.529332697391510010e-02,1.496812105178833008e-01,8.449880033731460571e-02,6.300061196088790894e-02,1.790477782487869263e-01,4.653082191944122314e-01,1.390648335218429565e-01,3.220818638801574707e-01,5.211362242698669434e-01,9.465261548757553101e-02,4.221421480178833008e-01,4.428474009037017822e-01,9.473162144422531128e-02,4.822973310947418213e-01,5.822550654411315918e-01,5.420806407928466797e-01,3.714559078216552734e-01,1.000000000000000000e+00,6.805256009101867676e-01,3.074435591697692871e-01,1.590069234371185303e-01,5.214827656745910645e-01,2.533841729164123535e-01,1.069927141070365906e-01,1.034408286213874817e-01,1.364375352859497070e-01,2.005342096090316772e-01,9.940341114997863770e-02,2.394452840089797974e-01,3.290279805660247803e-01,1.946938633918762207e-01,2.717624790966510773e-02,8.595797233283519745e-03,3.200809359550476074e-01,1.242842674255371094e-01,9.781129658222198486e-02,1.605907678604125977e-01,4.251044094562530518e-01,3.475401699542999268e-01,9.161902591586112976e-03,4.528172314167022705e-01,4.515765309333801270e-01,2.407279759645462036e-01,1.552811563014984131e-01,4.543269574642181396e-01,1.641323864459991455e-01,1.920054405927658081e-01
6.268376111984252930e-02,1.505183577537536621e-01,2.039849385619163513e-02,2.394775003194808960e-01,3.118808567523956299e-01,4.442027509212493896e-01,5.074152946472167969e-01,1.333573907613754272e-01,2.388351261615753174e-01,6.569786667823791504e-01,3.449165821075439453e-02,5.055126547813415527e-01,7.119912505149841309e-01,3.578921779990196228e-02,4.129562675952911377e-01,5.082272887229919434e-01,5.227144956588745117e-01,6.800088286399841309e-01,6.805256009101867676e-01,1.000000000000000000e+00,7.230335474014282227e-01,5.606064796447753906e-01,6.421109437942504883e-01,5.214471220970153809e-01,5.618366599082946777e-02,1.924760825932025909e-02,8.989206701517105103e-02,-1.281708478927612305e-01,-1.543840020895004272e-01,1.051683574914932251e-01,5.685679316520690918e-01,5.622332692146301270e-01,1.261224746704101562e-01,-1.203070767223834991e-02,1.907046139240264893e-01,2.123658806085586548e-01,1.533779650926589966e-01,9.338718652725219727e-02,5.315006375312805176e-01,4.250008165836334229e-01,9.819404035806655884e-02,2.845728397369384766e-01,4.399406611919403076e-01,2.115381658077239990e-01,-6.760225445032119751e-02,5.896639823913574219e-01,5.111181735992431641e-01,1.715757399797439575e-01
-1.193382889032363892e-01,2.735385298728942871e-01,-8.652453310787677765e-03,3.905822634696960449e-01,4.317356944084167480e-01,5.102455019950866699e-01,3.684048652648925781e-01,1.405991464853286743e-01,1.560637801885604858e-01,6.765009760856628418e-01,9.436863474547863007e-03,4.924183189868927002e-01,7.434928417205810547e-01,2.367350645363330841e-02,2.469455897808074951e-01,3.060624003410339355e-01,3.400628268718719482e-01,7.689857482910156250e-01,3.074435591697692871e-01,7.230335474014282227e-01,1.000000000000000000e+00,8.285350203514099121e-01,5.358226299285888672e-01,6.101515293121337891e-01,-9.133171988651156425e-04,8.566571772098541260e-02,7.792352885007858276e-02,-2.811285555362701416e-01,-2.919850945472717285e-01,-7.079413533210754395e-02,6.836930513381958008e-01,7.541371583938598633e-01,1.611750870943069458e-01,1.929175807163119316e-03,4.377867653965950012e-02,2.515760660171508789e-01,2.266964167356491089e-01,2.683058148249983788e-03,4.537498652935028076e-01,4.335433542728424072e-01,2.206223160028457642e-01,1.984847337007522583e-01,4.287175536155700684e-01,2.321346700191497803e-01,-1.236615031957626343e-01,6.098802089691162109e-01,6.559489369392395020e-01,1.939798593521118164e-01
-1.042477786540985107e-01,4.020122289657592773e-01,-4.371094051748514175e-03,5.122932195663452148e-01,6.043096184730529785e-01,5.968728065490722656e-01,3.840305209159851074e-01,2.402217835187911987e-01,2.484342902898788452e-01,6.013826131820678711e-01,1.050914898514747620e-01,4.697076678276062012e-01,6.801293492317199707e-01,1.141798794269561768e-01,2.098902463912963867e-01,2.322169542312622070e-01,3.179309964179992676e-01,7.811471223831176758e-01,1.590069234371185303e-01,5.606064796447753906e-01,8.285350203514099121e-01,1.000000000000000000e+00,5.240110754966735840e-01,6.225775480270385742e-01,1.195078995078802109e-02,1.616316884756088257e-01,1.110718622803688049e-01,-2.626745104789733887e-01,-2.677290141582489014e-01,-1.310831308364868164e-01,7.104134559631347656e-01,7.743085026741027832e-01,2.751877605915069580e-01,5.812878534197807312e-02,1.269030035473406315e-03,2.642770707607269287e-01,3.144830167293548584e-01,-5.815048888325691223e-02,4.120975136756896973e-01,4.643812179565429688e-01,3.792348504066467285e-01,2.296637296676635742e-01,3.544527590274810791e-01,2.836033701896667480e-01,-1.461464017629623413e-01,5.473957061767578125e-01,6.932773590087890625e-01,2.651677429676055908e-01
2.036138623952865601e-01,2.500959932804107666e-01,8.091719821095466614e-03,3.171081244945526123e-01,4.023008942604064941e-01,4.392494857311248779e-01,5.525095462799072266e-01,2.285344898700714111e-01,4.351097941398620605e-01,5.983194708824157715e-01,2.740943133831024170e-01,6.684495806694030762e-01,6.438339352607727051e-01,2.481656074523925781e-01,5.745151638984680176e-01,6.575110554695129395e-01,5.929358601570129395e-01,5.062367916107177734e-01,5.214827656745910645e-01,6.421109437942504883e-01,5.358226299285888672e-01,5.240110754966735840e-01,1.000000000000000000e+00,4.961672127246856689e-01,1.500303596258163452e-01,1.131082624197006226e-01,1.869791001081466675e-01,-1.441523060202598572e-02,-6.117663159966468811e-02,-3.909622877836227417e-02,3.875637054443359375e-01,4.309250712394714355e-01,2.588265240192413330e-01,2.644159272313117981e-02,1.690249294042587280e-01,2.872999310493469238e-01,3.145860731601715088e-01,1.461818069219589233e-01,4.564951658248901367e-01,6.446774005889892578e-01,2.588246464729309082e-01,3.495737016201019287e-01,2.192016690969467163e-01,3.602995276451110840e-01,-7.511174678802490234e-02,5.172446370124816895e-01,4.508448541164398193e-01,5.908375382423400879e-01
4.939187690615653992e-02,3.818308115005493164e-01,8.507412672042846680e-02,4.258739352226257324e-01,4.875040948390960693e-01,5.176880955696105957e-01,3.342076539993286133e-01,2.517781257629394531e-01,1.803802102804183960e-01,4.896458387374877930e-01,2.458631619811058044e-02,3.482668399810791016e-01,5.317770242691040039e-01,4.358759149909019470e-02,1.619584709405899048e-01,2.368425726890563965e-01,2.571336627006530762e-01,5.988954305648803711e-01,2.533841729164123535e-01,5.214471220970153809e-01,6.101515293121337891e-01,6.225775480270385742e-01,4.961672127246856689e-01,1.000000000000000000e+00,2.817576564848423004e-02,1.991246938705444336e-01,9.996696561574935913e-02,-2.668987587094306946e-02,-4.519974812865257263e-02,5.338396504521369934e-02,6.258508563041687012e-01,6.273100376129150391e-01,1.783141493797302246e-01,3.904440253973007202e-02,1.611315160989761353e-01,5.179652571678161621e-01,2.452796101570129395e-01,-4.368077497929334641e-03,4.737261235713958740e-01,5.374951362609863281e-01,3.195445239543914795e-01,1.723562031984329224e-01,2.853752076625823975e-01,3.322852551937103271e-01,-3.957219049334526062e-02,4.661059379577636719e-01,6.514438986778259277e-01,1.773945093154907227e-01
3.747938573360443115e-01,1.456250697374343872e-01,1.739793568849563599e-01,1.302361190319061279e-01,-4.005307331681251526e-02,8.783119171857833862e-02,1.699500828981399536e-01,7.750501483678817749e-02,1.577840000391006470e-01,4.804499447345733643e-02,6.092072278261184692e-02,1.508189588785171509e-01,4.607981070876121521e-02,1.266863495111465454e-01,1.383712738752365112e-01,1.306893676519393921e-01,1.347629427909851074e-01,2.639392018318176270e-02,1.069927141070365906e-01,5.618366599082946777e-02,-9.133171988651156425e-04,1.195078995078802109e-02,1.500303596258163452e-01,2.817576564848423004e-02,1.000000000000000000e+00,1.881337761878967285e-01,-6.504290550947189331e-02,2.789104282855987549e-01,2.330815196037292480e-01,1.457760632038116455e-01,7.419027388095855713e-02,6.689279526472091675e-02,2.999560832977294922e-01,-8.909079432487487793e-02,1.170898899435997009e-01,7.627512514591217041e-02,6.580957025289535522e-02,7.930500805377960205e-02,5.356371030211448669e-02,1.187735274434089661e-01,1.819507479667663574e-01,2.122192680835723877e-01,-1.937244320288300514e-03,1.746120899915695190e-01,-2.384614758193492889e-02,3.927749767899513245e-02,1.504804342985153198e-01,6.345215439796447754e-02
4.498689770698547363e-01,3.797423839569091797e-01,7.189557552337646484e-01,5.345366001129150391e-01,1.946991086006164551e-01,2.338010370731353760e-01,4.369061887264251709e-01,2.295745760202407837e-01,1.983457952737808228e-01,1.957195848226547241e-01,3.039452433586120605e-01,1.101761087775230408e-01,-2.604859648272395134e-03,3.287400901317596436e-01,2.684906870126724243e-02,5.986858159303665161e-02,3.905685544013977051e-01,2.506574392318725586e-01,1.034408286213874817e-01,1.924760825932025909e-02,8.566571772098541260e-02,1.616316884756088257e-01,1.131082624197006226e-01,1.991246938705444336e-01,1.881337761878967285e-01,1.000000000000000000e+00,2.189080268144607544e-01,6.795769929885864258e-01,6.556218862533569336e-01,4.275607168674468994e-01,3.136996030807495117e-01,1.077435165643692017e-01,1.738658547401428223e-02,-3.371292352676391602e-02,2.109912335872650146e-01,1.998440474271774292e-01,1.668876260519027710e-01,-1.959108114242553711e-01,4.071074724197387695e-02,1.872238963842391968e-01,4.027418792247772217e-01,4.472212493419647217e-01,2.621967196464538574e-01,2.523795962333679199e-01,3.738679885864257812e-01,1.696189939975738525e-01,1.541601121425628662e-01,1.512441933155059814e-01
8.283202350139617920e-02,2.549474239349365234e-01,3.551165014505386353e-02,9.103626757860183716e-02,2.208260893821716309e-01,2.291633486747741699e-01,3.102372288703918457e-01,9.836725890636444092e-02,3.154223859310150146e-01,2.563152313232421875e-01,2.680207788944244385e-01,2.390616238117218018e-01,1.279565691947937012e-01,1.890273243188858032e-01,1.975250393152236938e-01,1.734031140804290771e-01,2.896039485931396484e-01,1.532569527626037598e-01,1.364375352859497070e-01,8.989206701517105103e-02,7.792352885007858276e-02,1.110718622803688049e-01,1.869791001081466675e-01,9.996696561574935913e-02,-6.504290550947189331e-02,2.189080268144607544e-01,1.000000000000000000e+00,1.831128746271133423e-01,2.606591284275054932e-01,1.494878977537155151e-01,1.118401810526847839e-01,7.229456305503845215e-02,9.827930480241775513e-02,3.724656999111175537e-01,1.106844916939735413e-01,1.982940435409545898e-01,2.543151974678039551e-01,1.684284210205078125e-01,2.075697183609008789e-01,1.424699127674102783e-01,1.115144044160842896e-01,3.239399194717407227e-01,3.354882597923278809e-01,3.098318278789520264e-01,3.827393054962158203e-01,2.985030412673950195e-01,1.439549326896667480e-01,3.182783424854278564e-01
6.056944727897644043e-01,2.332085371017456055e-01,6.636527180671691895e-01,2.457188218832015991e-01,-7.676059007644653320e-02,-5.475549772381782532e-02,2.630683183670043945e-01,1.442202627658843994e-01,1.917557716369628906e-01,2.636790741235017776e-03,2.486906051635742188e-01,-2.545307576656341553e-02,-2.263020426034927368e-01,2.515393197536468506e-01,5.939820408821105957e-02,1.266224086284637451e-01,2.729342579841613770e-01,-8.291097730398178101e-02,2.005342096090316772e-01,-1.281708478927612305e-01,-2.811285555362701416e-01,-2.626745104789733887e-01,-1.441523060202598572e-02,-2.668987587094306946e-02,2.789104282855987549e-01,6.795769929885864258e-01,1.831128746271133423e-01,1.000000000000000000e+00,7.847248911857604980e-01,4.727545976638793945e-01,-8.974121883511543274e-03,-1.954545378684997559e-01,4.453342035412788391e-02,2.033217810094356537e-02,2.119903117418289185e-01,1.273110955953598022e-01,8.833079040050506592e-02,4.710999492090195417e-04,-7.075822353363037109e-02,1.737133227288722992e-02,2.588584125041961670e-01,4.478319883346557617e-01,1.530668437480926514e-01,2.152731716632843018e-01,4.481274485588073730e-01,-1.344452705234289169e-02,-1.128064468502998352e-01,1.116016432642936707e-01
5.244266390800476074e-01,3.155617415904998779e-01,5.503438115119934082e-01,1.609957367181777954e-01,-1.950961537659168243e-02,-4.008982330560684204e-02,3.419859409332275391e-01,1.746119707822799683e-01,2.522585391998291016e-01,-6.302109360694885254e-02,3.433730900287628174e-01,-8.386357873678207397e-02,-2.869244515895843506e-01,3.377223014831542969e-01,-1.460933871567249298e-02,-3.836210817098617554e-03,3.189655840396881104e-01,-9.052590280771255493e-02,9.940341114997863770e-02,-1.543840020895004272e-01,-2.919850945472717285e-01,-2.677290141582489014e-01,-6.117663159966468811e-02,-4.519974812865257263e-02,2.330815196037292480e-01,6.556218862533569336e-01,2.606591284275054932e-01,7.847248911857604980e-01,1.000000000000000000e+00,6.715885400772094727e-01,4.519454017281532288e-02,-2.025259435176849365e-01,5.392003804445266724e-02,3.151495754718780518e-02,2.501728236675262451e-01,1.780383735895156860e-01,1.015003472566604614e-01,-3.015196323394775391e-02,-1.018890514969825745e-01,-3.091766871511936188e-02,2.277541309595108032e-01,4.615971744060516357e-01,1.386888474225997925e-01,2.347380667924880981e-01,4.900615811347961426e-01,-5.453246459364891052e-02,-6.188812851905822754e-02,1.146450713276863098e-01
4.159246385097503662e-01,3.070935308933258057e-01,3.525024056434631348e-01,7.375229895114898682e-02,-2.208724245429039001e-02,-2.136275172233581543e-03,3.818723857402801514e-01,1.476389169692993164e-01,2.132045626640319824e-01,1.092479843646287918e-02,2.071443796157836914e-01,-8.744166791439056396e-02,-1.433488130569458008e-01,2.868421077728271484e-01,-4.522014036774635315e-02,-7.711926940828561783e-03,3.861684203147888184e-01,9.585864841938018799e-02,2.394452840089797974e-01,1.051683574914932251e-01,-7.079413533210754395e-02,-1.310831308364868164e-01,-3.909622877836227417e-02,5.338396504521369934e-02,1.457760632038116455e-01,4.275607168674468994e-01,1.494878977537155151e-01,4.727545976638793945e-01,6.715885400772094727e-01,1.000000000000000000e+00,3.132832348346710205e-01,-5.162619426846504211e-02,2.588205039501190186e-03,-1.205429807305335999e-02,2.742360830307006836e-01,3.216063678264617920e-01,6.242294982075691223e-02,-6.616973876953125000e-02,9.493260644376277924e-03,-5.309683457016944885e-02,8.671844750642776489e-02,4.009018838405609131e-01,2.442210912704467773e-01,1.388014256954193115e-01,4.299851059913635254e-01,-1.233324408531188965e-02,5.322996526956558228e-02,-2.021644636988639832e-02
1.592220216989517212e-01,4.234050214290618896e-01,2.085661292076110840e-01,4.838628172874450684e-01,4.415356814861297607e-01,4.523161947727203369e-01,4.390286207199096680e-01,2.550354599952697754e-01,2.017494291067123413e-01,5.222785472869873047e-01,8.848717436194419861e-03,3.419088721275329590e-01,5.628100633621215820e-01,1.657715141773223877e-01,1.633382290601730347e-01,2.199492901563644409e-01,3.938893377780914307e-01,7.444572448730468750e-01,3.290279805660247803e-01,5.685679316520690918e-01,6.836930513381958008e-01,7.104134559631347656e-01,3.875637054443359375e-01,6.258508563041687012e-01,7.419027388095855713e-02,3.136996030807495117e-01,1.118401810526847839e-01,-8.974121883511543274e-03,4.519454017281532288e-02,3.132832348346710205e-01,1.000000000000000000e+00,6.943851709365844727e-01,1.933757960796356201e-01,-2.263009315356612206e-03,1.954914480447769165e-01,3.882496953010559082e-01,2.365830391645431519e-01,-8.176463097333908081e-02,4.043234586715698242e-01,3.652884662151336670e-01,3.083456158638000488e-01,3.246685564517974854e-01,4.788503944873809814e-01,2.648722529411315918e-01,8.387706428766250610e-02,4.987323880195617676e-01,6.516909599304199219e-01,4.278312623500823975e-02
1.607287488877773285e-02,3.372305929660797119e-01,1.245122030377388000e-02,4.188515543937683105e-01,4.518114626407623291e-01,4.747969210147857666e-01,2.677992880344390869e-01,1.864824295043945312e-01,1.531608253717422485e-01,5.635924935340881348e-01,-7.899802178144454956e-02,4.385430812835693359e-01,6.789743304252624512e-01,1.903426274657249451e-02,2.375297248363494873e-01,2.484687715768814087e-01,1.861943006515502930e-01,6.633791923522949219e-01,1.946938633918762207e-01,5.622332692146301270e-01,7.541371583938598633e-01,7.743085026741027832e-01,4.309250712394714355e-01,6.273100376129150391e-01,6.689279526472091675e-02,1.077435165643692017e-01,7.229456305503845215e-02,-1.954545378684997559e-01,-2.025259435176849365e-01,-5.162619426846504211e-02,6.943851709365844727e-01,1.000000000000000000e+00,2.376290857791900635e-01,1.129408180713653564e-01,1.098800450563430786e-01,3.330948054790496826e-01,2.299534976482391357e-01,8.281891793012619019e-02,5.053850412368774414e-01,4.325418472290039062e-01,2.784316539764404297e-01,1.768612116575241089e-01,4.186838269233703613e-01,3.049624264240264893e-01,-6.900143623352050781e-02,5.664541721343994141e-01,7.289116978645324707e-01,1.740617901086807251e-01
7.937536388635635376e-02,4.005252122879028320e-01,-1.156531721353530884e-01,1.427001059055328369e-01,3.606320321559906006e-01,3.002508878707885742e-01,2.165340930223464966e-01,2.962456643581390381e-01,3.242445290088653564e-01,1.982633471488952637e-01,2.182600945234298706e-01,2.980293035507202148e-01,1.767180562019348145e-01,2.902303636074066162e-01,2.119432687759399414e-01,1.338929384946823120e-01,1.865737438201904297e-01,2.375660389661788940e-01,2.717624790966510773e-02,1.261224746704101562e-01,1.611750870943069458e-01,2.751877605915069580e-01,2.588265240192413330e-01,1.783141493797302246e-01,2.999560832977294922e-01,1.738658547401428223e-02,9.827930480241775513e-02,4.453342035412788391e-02,5.392003804445266724e-02,2.588205039501190186e-03,1.933757960796356201e-01,2.376290857791900635e-01,1.000000000000000000e+00,1.824375391006469727e-01,1.541690155863761902e-02,1.718415766954421997e-01,3.647213280200958252e-01,6.967113912105560303e-02,1.203344985842704773e-01,1.680265814065933228e-01,3.302576839923858643e-01,2.535787224769592285e-01,5.688445270061492920e-02,3.607199490070343018e-01,-8.894614875316619873e-03,2.041165530681610107e-01,2.451608031988143921e-01,2.096143662929534912e-01
