1.000000000000000000e+00,3.774155378341674805e-01,3.521371483802795410e-01,4.731378257274627686e-01,3.521690070629119873e-01,1.094457060098648071e-01,3.708817660808563232e-01,4.911762773990631104e-01,2.817224562168121338e-01,1.312539875507354736e-01,4.176990687847137451e-01,2.748770415782928467e-01,-5.588310956954956055e-02,3.001555800437927246e-01,4.201818406581878662e-01,1.229341328144073486e-01,3.495831787586212158e-01,1.771570444107055664e-01,3.481100499629974365e-01,1.598132550716400146e-01,1.627514213323593140e-01,2.017920613288879395e-01,-1.086206212639808655e-01,3.171957284212112427e-02,4.708465933799743652e-01,-2.212576381862163544e-02,3.948318362236022949e-01,5.028133988380432129e-01,2.862362563610076904e-01,1.071753352880477905e-01,1.124219074845314026e-01,2.137797474861145020e-01,4.927830994129180908e-01,4.205969274044036865e-01,2.405018657445907593e-01,-2.857804857194423676e-02,4.277672767639160156e-01,3.967066109180450439e-01,1.804699003696441650e-01,-1.425079554319381714e-01,3.698076605796813965e-01,1.582538485527038574e-01,2.202939838171005249e-01,3.276241719722747803e-01,1.831054389476776123e-01,8.719716221094131470e-02,9.983246773481369019e-02,-3.609793260693550110e-02
3.774155378341674805e-01,1.000000000000000000e+00,1.559192240238189697e-01,3.433728516101837158e-01,4.310645163059234619e-01,3.299792110919952393e-01,3.232333362102508545e-01,3.220610916614532471e-01,4.925762116909027100e-01,4.112531542778015137e-01,3.194789886474609375e-01,4.997807741165161133e-01,9.070952981710433960e-02,1.688914299011230469e-01,3.870832324028015137e-01,2.829229235649108887e-01,2.130419462919235229e-01,1.631438434123992920e-01,1.954359412193298340e-01,1.529984772205352783e-01,1.257319748401641846e-01,1.244750618934631348e-01,1.346286982297897339e-01,8.454437553882598877e-02,3.160131871700286865e-01,1.338960882276296616e-02,4.233034551143646240e-01,3.142657577991485596e-01,2.300258278846740723e-01,2.068874090909957886e-01,1.848840266466140747e-01,5.729990452527999878e-02,4.037485420703887939e-01,3.348632752895355225e-01,2.798525989055633545e-01,2.562597990036010742e-01,2.628293931484222412e-01,4.036192297935485840e-01,3.036784231662750244e-01,1.187060102820396423e-01,5.943971276283264160e-01,4.745035469532012939e-01,1.332963705062866211e-01,5.679428577423095703e-01,4.415711164474487305e-01,2.423296570777893066e-01,8.298808336257934570e-02,-8.802466094493865967e-02
3.521371483802795410e-01,1.559192240238189697e-01,1.000000000000000000e+00,3.462096154689788818e-01,9.613447636365890503e-02,1.210174039006233215e-01,2.983423173427581787e-01,1.462793499231338501e-01,8.848572522401809692e-02,7.158125936985015869e-02,1.078508943319320679e-01,-3.341026604175567627e-02,4.358340799808502197e-02,1.254294067621231079e-01,8.573752641677856445e-02,-2.839213050901889801e-02,2.690102756023406982e-01,1.228270009160041809e-01,1.808767020702362061e-01,1.209156215190887451e-01,1.466330587863922119e-01,1.360618174076080322e-01,-6.099194288253784180e-02,6.333695352077484131e-02,1.592475175857543945e-01,1.034346148371696472e-01,1.055329442024230957e-01,4.401741921901702881e-01,1.448743045330047607e-01,8.259166777133941650e-02,7.290182262659072876e-02,5.542580410838127136e-02,1.143800020217895508e-01,9.469868987798690796e-02,-3.879157826304435730e-02,2.032779157161712646e-02,1.198751032352447510e-01,8.784843981266021729e-02,-4.933196678757667542e-02,-1.373780965805053711e-01,9.026990085840225220e-02,1.251422315835952759e-01,1.714007258415222168e-01,5.581837520003318787e-02,8.796267211437225342e-02,7.891241461038589478e-02,5.039544776082038879e-02,-1.092849671840667725e-02
4.731378257274627686e-01,3.433728516101837158e-01,3.462096154689788818e-01,1.000000000000000000e+00,2.998480200767517090e-01,1.473820209503173828e-01,5.832461714744567871e-01,4.452951550483703613e-01,2.643063366413116455e-01,1.757808774709701538e-01,3.533309996128082275e-01,2.970111966133117676e-01,9.622107446193695068e-02,3.394071459770202637e-01,4.052418172359466553e-01,1.440249234437942505e-01,5.430396199226379395e-01,3.934567868709564209e-01,5.124813914299011230e-01,4.231033027172088623e-01,4.087725877761840820e-01,3.712865412235260010e-01,-2.730940096080303192e-02,6.632462143898010254e-03,4.390912353992462158e-01,3.668072447180747986e-02,3.502970933914184570e-01,3.266044557094573975e-01,1.902930736541748047e-01,2.377895116806030273e-01,2.859657108783721924e-01,1.084345132112503052e-01,4.250263571739196777e-01,3.675409555435180664e-01,3.042360246181488037e-01,1.598386908881366253e-03,4.181878268718719482e-01,4.211806952953338623e-01,1.931680738925933838e-01,-1.753380894660949707e-01,3.016422986984252930e-01,1.858272254467010498e-01,4.268484711647033691e-01,3.117983937263488770e-01,1.436569690704345703e-01,1.866047382354736328e-01,2.392038702964782715e-02,-9.100463241338729858e-02
3.521690070629119873e-01,4.310645163059234619e-01,9.613447636365890503e-02,2.998480200767517090e-01,1.000000000000000000e+00,4.217686057090759277e-01,2.083645761013031006e-01,2.440489083528518677e-01,2.998108565807342529e-01,3.979772925376892090e-01,1.745478063821792603e-01,3.645525872707366943e-01,2.464957833290100098e-01,1.621814370155334473e-01,1.925257146358489990e-01,3.461538553237915039e-01,1.107850223779678345e-01,1.035275310277938843e-02,1.596455723047256470e-01,2.156933099031448364e-01,2.028139233589172363e-01,1.088831499218940735e-01,1.140472888946533203e-01,-6.887596100568771362e-02,2.921498119831085205e-01,-4.427578672766685486e-02,2.069956809282302856e-01,2.449230551719665527e-01,1.096780970692634583e-01,9.247489273548126221e-03,-4.026351496577262878e-02,1.694413647055625916e-02,2.057993263006210327e-01,1.644272208213806152e-01,1.161560192704200745e-01,7.925418764352798462e-02,1.345458030700683594e-01,1.907760202884674072e-01,3.179385066032409668e-01,1.464535892009735107e-01,4.897767305374145508e-01,3.556908071041107178e-01,2.550779283046722412e-01,3.811062276363372803e-01,2.676145732402801514e-01,3.272876143455505371e-01,-6.371872127056121826e-02,-3.979474678635597229e-02
1.094457060098648071e-01,3.299792110919952393e-01,1.210174039006233215e-01,1.473820209503173828e-01,4.217686057090759277e-01,1.000000000000000000e+00,8.039981871843338013e-02,-1.328216344118118286e-01,2.805494964122772217e-01,4.759962558746337891e-01,-6.414522975683212280e-02,2.292055934667587280e-01,2.261646389961242676e-01,-1.248653680086135864e-01,-2.384400460869073868e-03,1.522632688283920288e-01,-9.358733892440795898e-02,-1.246513500809669495e-01,-1.524025946855545044e-01,4.130752757191658020e-03,-6.521952152252197266e-02,-1.282047331333160400e-01,2.400094568729400635e-01,1.887225508689880371e-01,3.778374567627906799e-02,-3.085939586162567139e-02,6.316886842250823975e-02,1.835178881883621216e-01,9.119375795125961304e-02,6.470886617898941040e-02,-3.183613996952772141e-03,3.989132121205329895e-02,-6.119704991579055786e-02,-9.367020428180694580e-02,-6.293547898530960083e-02,3.035925924777984619e-01,-1.974571794271469116e-01,2.677780017256736755e-02,7.936246693134307861e-02,9.815410524606704712e-02,2.938416302204132080e-01,5.520607829093933105e-01,1.329711526632308960e-01,2.534756660461425781e-01,4.203780591487884521e-01,4.879031181335449219e-01,9.239895641803741455e-02,-2.579029835760593414e-02
3.708817660808563232e-01,3.232333362102508545e-01,2.983423173427581787e-01,5.832461714744567871e-01,2.083645761013031006e-01,8.039981871843338013e-02,1.000000000000000000e+00,4.069158434867858887e-01,2.163253873586654663e-01,1.512085795402526855e-01,3.149274587631225586e-01,2.973697483539581299e-01,8.215124160051345825e-02,3.694602251052856445e-01,3.907816410064697266e-01,1.906155496835708618e-01,6.126834154129028320e-01,4.672309160232543945e-01,4.992353320121765137e-01,4.326389133930206299e-01,3.692305386066436768e-01,3.494952023029327393e-01,1.065925811417400837e-03,-1.220022700726985931e-02,3.491945564746856689e-01,2.474522143602371216e-01,3.200468122959136963e-01,2.078000158071517944e-01,2.124926149845123291e-01,2.783237397670745850e-01,3.377265334129333496e-01,7.696112990379333496e-02,3.844047486782073975e-01,3.077868521213531494e-01,3.023039102554321289e-01,3.170075267553329468e-02,4.311216473579406738e-01,3.780366480350494385e-01,1.686778217554092407e-01,-1.565965265035629272e-01,2.842918932437896729e-01,1.831552237272262573e-01,3.243643343448638916e-01,2.765254080295562744e-01,1.843489557504653931e-01,1.236214712262153625e-01,1.238496322184801102e-02,-1.191907227039337158e-01
4.911762773990631104e-01,3.220610916614532471e-01,1.462793499231338501e-01,4.452951550483703613e-01,2.440489083528518677e-01,-1.328216344118118286e-01,4.069158434867858887e-01,1.000000000000000000e+00,2.721071243286132812e-01,-5.222347378730773926e-02,5.003411173820495605e-01,2.946234941482543945e-01,-9.306506067514419556e-02,4.971393048763275146e-01,5.413978099822998047e-01,1.435666978359222412e-01,4.627363085746765137e-01,3.967863619327545166e-01,5.101634860038757324e-01,3.479600250720977783e-01,3.554966449737548828e-01,4.065992534160614014e-01,-2.340096235275268555e-01,-1.784037202596664429e-01,5.250815153121948242e-01,-6.485648453235626221e-02,4.694408476352691650e-01,2.214663773775100708e-01,1.563623100519180298e-01,1.292484849691390991e-01,1.968989819288253784e-01,1.130880936980247498e-01,5.931095480918884277e-01,5.710272192955017090e-01,3.896012902259826660e-01,-2.244651317596435547e-01,6.358780264854431152e-01,4.916477203369140625e-01,2.664291560649871826e-01,-1.503450870513916016e-01,3.069707155227661133e-01,-3.993267193436622620e-02,2.047253400087356567e-01,3.743208050727844238e-01,-2.562505379319190979e-02,-1.066609919071197510e-01,-8.150794357061386108e-02,-9.765225648880004883e-02
2.817224562168121338e-01,4.925762116909027100e-01,8.848572522401809692e-02,2.643063366413116455e-01,2.998108565807342529e-01,2.805494964122772217e-01,2.163253873586654663e-01,2.721071243286132812e-01,1.000000000000000000e+00,3.442919254302978516e-01,4.684659540653228760e-01,4.772730469703674316e-01,4.314649850130081177e-02,1.695326119661331177e-01,3.831268250942230225e-01,1.361598819494247437e-01,1.223650276660919189e-01,1.092497706413269043e-01,1.095463931560516357e-01,9.609233587980270386e-02,5.549896880984306335e-02,1.321744620800018311e-01,1.576891839504241943e-01,1.074490025639533997e-01,2.621670365333557129e-01,-5.311260372400283813e-02,3.226744830608367920e-01,2.758076786994934082e-01,1.105010062456130981e-01,2.047213912010192871e-01,1.537081450223922729e-01,5.169631168246269226e-02,2.844939529895782471e-01,2.619978487491607666e-01,1.396362930536270142e-01,1.981597393751144409e-01,2.214327603578567505e-01,3.465143740177154541e-01,1.955165863037109375e-01,-8.279310166835784912e-02,3.770894408226013184e-01,3.222887516021728516e-01,3.191900998353958130e-02,5.356061458587646484e-01,2.650377750396728516e-01,1.551429033279418945e-01,7.295033335685729980e-02,-7.793680578470230103e-02
1.312539875507354736e-01,4.112531542778015137e-01,7.158125936985015869e-02,1.757808774709701538e-01,3.979772925376892090e-01,4.759962558746337891e-01,1.512085795402526855e-01,-5.222347378730773926e-02,3.442919254302978516e-01,1.000000000000000000e+00,7.573356479406356812e-02,4.410190284252166748e-01,3.735026419162750244e-01,-4.284916818141937256e-02,1.387459188699722290e-01,3.276995718479156494e-01,3.643577173352241516e-02,-4.956970363855361938e-02,3.949571028351783752e-02,1.376711130142211914e-01,5.836449190974235535e-02,-7.323173433542251587e-02,3.513486683368682861e-01,8.381416648626327515e-02,8.808484673500061035e-02,-4.765576217323541641e-03,1.037506461143493652e-01,1.678133010864257812e-01,3.809108212590217590e-02,7.923759520053863525e-02,2.221420034766197205e-02,-8.267873525619506836e-02,3.840193524956703186e-02,-1.837981119751930237e-02,2.849813317880034447e-03,3.715962469577789307e-01,-1.045012325048446655e-01,1.664437502622604370e-01,2.407703697681427002e-01,1.303048580884933472e-01,3.283856213092803955e-01,5.673159360885620117e-01,2.047228366136550903e-01,3.175722360610961914e-01,4.884690344333648682e-01,5.460320711135864258e-01,1.385926641523838043e-02,-1.066183000802993774e-01
4.176990687847137451e-01,3.194789886474609375e-01,1.078508943319320679e-01,3.533309996128082275e-01,1.745478063821792603e-01,-6.414522975683212280e-02,3.149274587631225586e-01,5.003411173820495605e-01,4.684659540653228760e-01,7.573356479406356812e-02,1.000000000000000000e+00,3.726767301559448242e-01,-1.295110583305358887e-01,3.307705223560333252e-01,5.356693863868713379e-01,5.823059380054473877e-02,3.345678150653839111e-01,2.687506973743438721e-01,3.421164751052856445e-01,1.762721687555313110e-01,1.743296235799789429e-01,2.878986895084381104e-01,-9.513869881629943848e-02,-5.610160157084465027e-02,4.181915223598480225e-01,-5.760411918163299561e-02,3.934981524944305420e-01,2.539330720901489258e-01,1.555657386779785156e-01,1.361129730939865112e-01,1.776784360408782959e-01,1.070928499102592468e-01,4.779369831085205078e-01,4.400034844875335693e-01,2.165743112564086914e-01,-9.511688351631164551e-02,4.369465410709381104e-01,4.282308816909790039e-01,1.129022017121315002e-01,-1.956243067979812622e-01,2.485653460025787354e-01,2.551435492932796478e-02,5.484772473573684692e-02,3.665417134761810303e-01,5.692828074097633362e-02,-8.634174615144729614e-02,-3.713735844939947128e-03,-5.286418274044990540e-02
2.748770415782928467e-01,4.997807741165161133e-01,-3.341026604175567627e-02,2.970111966133117676e-01,3.645525872707366943e-01,2.292055934667587280e-01,2.973697483539581299e-01,2.946234941482543945e-01,4.772730469703674316e-01,4.410190284252166748e-01,3.726767301559448242e-01,1.000000000000000000e+00,1.518546044826507568e-01,2.413671761751174927e-01,4.442662596702575684e-01,4.044121801853179932e-01,2.151814252138137817e-01,1.477464288473129272e-01,2.092222422361373901e-01,1.624551415443420410e-01,1.341455131769180298e-01,1.469155848026275635e-01,2.471295446157455444e-01,3.539332747459411621e-02,2.943758368492126465e-01,-6.652848795056343079e-03,3.146281242370605469e-01,1.543784141540527344e-01,1.455880850553512573e-01,1.707886457443237305e-01,1.397772878408432007e-01,3.378906752914190292e-03,3.183968663215637207e-01,2.987386882305145264e-01,3.006089031696319580e-01,2.268028706312179565e-01,2.523348927497863770e-01,4.010852873325347900e-01,3.737769424915313721e-01,1.225540935993194580e-01,4.556332230567932129e-01,3.542104065418243408e-01,1.340997964143753052e-01,5.245119929313659668e-01,3.289398550987243652e-01,2.327413707971572876e-01,1.410718075931072235e-02,-1.072177067399024963e-01
-5.588310956954956055e-02,9.070952981710433960e-02,4.358340799808502197e-02,9.622107446193695068e-02,2.464957833290100098e-01,2.261646389961242676e-01,8.215124160051345825e-02,-9.306506067514419556e-02,4.314649850130081177e-02,3.735026419162750244e-01,-1.295110583305358887e-01,1.518546044826507568e-01,1.000000000000000000e+00,6.220791488885879517e-02,-1.381524950265884399e-01,3.880891799926757812e-01,7.436537742614746094e-02,-7.492014765739440918e-02,1.020509153604507446e-01,3.203469514846801758e-01,2.756913006305694580e-01,1.742110401391983032e-02,3.914076983928680420e-01,-1.429208070039749146e-01,1.831749081611633301e-02,5.283797532320022583e-02,-1.114899367094039917e-01,5.770361796021461487e-02,-1.336200395599007607e-03,2.955875918269157410e-02,-1.591351181268692017e-01,-2.483074665069580078e-01,-1.635460108518600464e-01,-1.886439770460128784e-01,-8.916179090738296509e-02,1.978563070297241211e-01,-7.700213789939880371e-02,-5.290063098073005676e-02,2.200799137353897095e-01,1.298746764659881592e-01,7.908187806606292725e-02,2.751656174659729004e-01,3.599095344543457031e-01,2.098206989467144012e-02,1.394121795892715454e-01,3.989976644515991211e-01,-2.068603783845901489e-01,-1.578964591026306152e-01
3.001555800437927246e-01,1.688914299011230469e-01,1.254294067621231079e-01,3.394071459770202637e-01,1.621814370155334473e-01,-1.248653680086135864e-01,3.694602251052856445e-01,4.971393048763275146e-01,1.695326119661331177e-01,-4.284916818141937256e-02,3.307705223560333252e-01,2.413671761751174927e-01,6.220791488885879517e-02,1.000000000000000000e+00,3.237701356410980225e-01,1.918523907661437988e-01,4.084948599338531494e-01,2.971833646297454834e-01,4.424757659435272217e-01,3.281052112579345703e-01,3.321259915828704834e-01,3.273561894893646240e-01,-1.051270663738250732e-01,-1.924225986003875732e-01,2.653107643127441406e-01,5.612558126449584961e-02,1.754866540431976318e-01,1.312942653894424438e-01,1.196119710803031921e-01,1.104590371251106262e-01,9.598539024591445923e-02,2.357873320579528809e-02,2.670512497425079346e-01,2.477727979421615601e-01,2.425488829612731934e-01,-1.534021645784378052e-01,5.237872600555419922e-01,2.486008107662200928e-01,2.035858333110809326e-01,-1.081342920660972595e-01,1.682631969451904297e-01,-3.432626649737358093e-02,1.925822943449020386e-01,2.153862118721008301e-01,-3.800266608595848083e-02,-8.010397851467132568e-02,-1.524498164653778076e-01,-1.714313030242919922e-01
4.201818406581878662e-01,3.870832324028015137e-01,8.573752641677856445e-02,4.052418172359466553e-01,1.925257146358489990e-01,-2.384400460869073868e-03,3.907816410064697266e-01,5.413978099822998047e-01,3.831268250942230225e-01,1.387459188699722290e-01,5.356693863868713379e-01,4.442662596702575684e-01,-1.381524950265884399e-01,3.237701356410980225e-01,1.000000000000000000e+00,1.446933150291442871e-01,3.896605074405670166e-01,3.818900883197784424e-01,3.758096396923065186e-01,2.554803490638732910e-01,2.290994673967361450e-01,3.149897456169128418e-01,-1.381742954254150391e-01,-9.002812206745147705e-02,4.740365147590637207e-01,-8.182847499847412109e-02,5.097084641456604004e-01,2.457551956176757812e-01,1.825862228870391846e-01,1.960892379283905029e-01,2.595988810062408447e-01,5.596107244491577148e-02,5.612204670906066895e-01,5.155670046806335449e-01,3.900035023689270020e-01,-9.805454313755035400e-02,4.661511182785034180e-01,6.199426651000976562e-01,2.285558283329010010e-01,-1.498800069093704224e-01,3.060114979743957520e-01,1.375775486230850220e-01,1.367890536785125732e-01,4.646069407463073730e-01,1.781211197376251221e-01,3.996177762746810913e-02,-2.401689812541007996e-02,-1.328741461038589478e-01
1.229341328144073486e-01,2.829229235649108887e-01,-2.839213050901889801e-02,1.440249234437942505e-01,3.461538553237915039e-01,1.522632688283920288e-01,1.906155496835708618e-01,1.435666978359222412e-01,1.361598819494247437e-01,3.276995718479156494e-01,5.823059380054473877e-02,4.044121801853179932e-01,3.880891799926757812e-01,1.918523907661437988e-01,1.446933150291442871e-01,1.000000000000000000e+00,2.231073677539825439e-01,9.911031275987625122e-02,1.936523616313934326e-01,2.215161323547363281e-01,1.617942303419113159e-01,5.886156857013702393e-02,2.042602598667144775e-01,-9.503305703401565552e-02,1.721825748682022095e-01,1.431840360164642334e-01,1.182332262396812439e-01,2.060070633888244629e-02,8.652306348085403442e-02,1.164115499705076218e-02,-7.064969744533300400e-03,-1.204707548022270203e-01,1.215600818395614624e-01,8.931212127208709717e-02,2.190861850976943970e-01,1.445009857416152954e-01,8.916810899972915649e-02,1.952607780694961548e-01,4.632019102573394775e-01,1.912047713994979858e-01,3.059211969375610352e-01,2.199384719133377075e-01,2.671963572502136230e-01,2.471552640199661255e-01,1.778586655855178833e-01,2.510035932064056396e-01,-1.253740936517715454e-01,-1.326696127653121948e-01
3.495831787586212158e-01,2.130419462919235229e-01,2.690102756023406982e-01,5.430396199226379395e-01,1.107850223779678345e-01,-9.358733892440795898e-02,6.126834154129028320e-01,4.627363085746765137e-01,1.223650276660919189e-01,3.643577173352241516e-02,3.345678150653839111e-01,2.151814252138137817e-01,7.436537742614746094e-02,4.084948599338531494e-01,3.896605074405670166e-01,2.231073677539825439e-01,1.000000000000000000e+00,5.401926040649414062e-01,5.771294236183166504e-01,4.704005718231201172e-01,4.025948047637939453e-01,3.837904930114746094e-01,-1.064040288329124451e-01,-9.647472947835922241e-02,3.703026771545410156e-01,2.007282376289367676e-01,2.872705459594726562e-01,1.421665698289871216e-01,1.488952040672302246e-01,2.285284996032714844e-01,3.257437944412231445e-01,4.959237203001976013e-02,3.952760696411132812e-01,3.361599445343017578e-01,3.057634234428405762e-01,-9.947337210178375244e-02,4.613099694252014160e-01,3.787641227245330811e-01,2.013623267412185669e-01,-2.045896649360656738e-01,1.721840202808380127e-01,1.447108853608369827e-02,3.662161827087402344e-01,1.951341331005096436e-01,2.198489569127559662e-02,5.386867746710777283e-02,-4.253068566322326660e-02,-1.445446312427520752e-01
1.771570444107055664e-01,1.631438434123992920e-01,1.228270009160041809e-01,3.934567868709564209e-01,1.035275310277938843e-02,-1.246513500809669495e-01,4.672309160232543945e-01,3.967863619327545166e-01,1.092497706413269043e-01,-4.956970363855361938e-02,2.687506973743438721e-01,1.477464288473129272e-01,-7.492014765739440918e-02,2.971833646297454834e-01,3.818900883197784424e-01,9.911031275987625122e-02,5.401926040649414062e-01,1.000000000000000000e+00,4.287601113319396973e-01,3.595678210258483887e-01,3.560722768306732178e-01,4.823803007602691650e-01,-9.518455713987350464e-02,-3.714046627283096313e-02,2.685124278068542480e-01,6.399290263652801514e-02,3.363647460937500000e-01,3.273348137736320496e-02,8.114420622587203979e-02,2.849685251712799072e-01,4.794007539749145508e-01,9.378735721111297607e-02,3.882251381874084473e-01,3.097067475318908691e-01,3.586478829383850098e-01,-1.485401690006256104e-01,3.929140567779541016e-01,3.544735610485076904e-01,4.940489679574966431e-02,-2.074512541294097900e-01,1.127234548330307007e-01,-5.439338460564613342e-02,1.897151172161102295e-01,1.813136190176010132e-01,-2.974109724164009094e-02,-4.063210636377334595e-02,2.537976950407028198e-02,-1.231257151812314987e-02
3.481100499629974365e-01,1.954359412193298340e-01,1.808767020702362061e-01,5.124813914299011230e-01,1.596455723047256470e-01,-1.524025946855545044e-01,4.992353320121765137e-01,5.101634860038757324e-01,1.095463931560516357e-01,3.949571028351783752e-02,3.421164751052856445e-01,2.092222422361373901e-01,1.020509153604507446e-01,4.424757659435272217e-01,3.758096396923065186e-01,1.936523616313934326e-01,5.771294236183166504e-01,4.287601113319396973e-01,1.000000000000000000e+00,5.411505103111267090e-01,5.217449069023132324e-01,4.123069643974304199e-01,-1.035942584276199341e-01,-1.960252821445465088e-01,3.414349853992462158e-01,2.515415474772453308e-02,2.613437473773956299e-01,1.490892469882965088e-01,1.152211502194404602e-01,1.321253478527069092e-01,2.010634243488311768e-01,-1.252180244773626328e-02,4.195707142353057861e-01,3.559611141681671143e-01,2.902673482894897461e-01,-1.682698428630828857e-01,5.073501467704772949e-01,3.533316850662231445e-01,2.642831206321716309e-01,-1.296543478965759277e-01,1.849465370178222656e-01,-4.271852225065231323e-02,4.078871011734008789e-01,1.987373530864715576e-01,-4.786327853798866272e-02,6.286210846155881882e-03,-1.399124413728713989e-01,-1.769045144319534302e-01
1.598132550716400146e-01,1.529984772205352783e-01,1.209156215190887451e-01,4.231033027172088623e-01,2.156933099031448364e-01,4.130752757191658020e-03,4.326389133930206299e-01,3.479600250720977783e-01,9.609233587980270386e-02,1.376711130142211914e-01,1.762721687555313110e-01,1.624551415443420410e-01,3.203469514846801758e-01,3.281052112579345703e-01,2.554803490638732910e-01,2.215161323547363281e-01,4.704005718231201172e-01,3.595678210258483887e-01,5.411505103111267090e-01,1.000000000000000000e+00,6.118665337562561035e-01,4.115577936172485352e-01,-1.483269035816192627e-03,-3.149111568927764893e-01,2.513398826122283936e-01,7.869130373001098633e-02,1.495565026998519897e-01,5.858062207698822021e-02,5.944857746362686157e-02,1.317667812108993530e-01,1.115369722247123718e-01,-1.873492300510406494e-01,2.331968694925308228e-01,1.888300031423568726e-01,1.745366603136062622e-01,-1.643666028976440430e-01,3.203749954700469971e-01,2.589003145694732666e-01,2.940464913845062256e-01,-4.159467294812202454e-02,1.167632713913917542e-01,6.518715620040893555e-02,4.717953801155090332e-01,1.840682327747344971e-01,-2.268400043249130249e-02,1.898723244667053223e-01,-3.070874214172363281e-01,-1.877974271774291992e-01
1.627514213323593140e-01,1.257319748401641846e-01,1.466330587863922119e-01,4.087725877761840820e-01,2.028139233589172363e-01,-6.521952152252197266e-02,3.692305386066436768e-01,3.554966449737548828e-01,5.549896880984306335e-02,5.836449190974235535e-02,1.743296235799789429e-01,1.341455131769180298e-01,2.756913006305694580e-01,3.321259915828704834e-01,2.290994673967361450e-01,1.617942303419113159e-01,4.025948047637939453e-01,3.560722768306732178e-01,5.217449069023132324e-01,6.118665337562561035e-01,1.000000000000000000e+00,5.007665753364562988e-01,8.015055209398269653e-03,-3.330534696578979492e-01,2.200992703437805176e-01,-3.777112066745758057e-02,1.255808472633361816e-01,1.032919511198997498e-01,3.274651244282722473e-02,1.154446154832839966e-01,1.057300940155982971e-01,-1.668133288621902466e-01,2.330984920263290405e-01,2.185012549161911011e-01,1.522728949785232544e-01,-2.203952372074127197e-01,3.261367678642272949e-01,2.115072160959243774e-01,2.322142273187637329e-01,3.680269047617912292e-02,1.368057280778884888e-01,-4.990743007510900497e-03,4.649331867694854736e-01,1.927994191646575928e-01,-9.552732855081558228e-02,9.382504224777221680e-02,-3.038795888423919678e-01,-8.380325883626937866e-02
2.017920613288879395e-01,1.244750618934631348e-01,1.360618174076080322e-01,3.712865412235260010e-01,1.088831499218940735e-01,-1.282047331333160400e-01,3.494952023029327393e-01,4.065992534160614014e-01,1.321744620800018311e-01,-7.323173433542251587e-02,2.878986895084381104e-01,1.469155848026275635e-01,1.742110401391983032e-02,3.273561894893646240e-01,3.149897456169128418e-01,5.886156857013702393e-02,3.837904930114746094e-01,4.823803007602691650e-01,4.123069643974304199e-01,4.115577936172485352e-01,5.007665753364562988e-01,1.000000000000000000e+00,-4.764068126678466797e-02,-1.547172516584396362e-01,2.367487549781799316e-01,-4.366564750671386719e-02,2.019260823726654053e-01,1.073254123330116272e-01,5.275569483637809753e-02,1.831370592117309570e-01,3.276682794094085693e-01,1.087324023246765137e-01,2.859519422054290771e-01,2.681736946105957031e-01,2.545999884605407715e-01,-2.442737817764282227e-01,3.894458115100860596e-01,2.598503530025482178e-01,1.024392172694206238e-01,-3.202680125832557678e-02,9.422860294580459595e-02,-7.752102613449096680e-02,2.641029357910156250e-01,1.901402920484542847e-01,-1.164295151829719543e-01,-2.439680323004722595e-02,-1.044197008013725281e-01,1.995807886123657227e-01
-1.086206212639808655e-01,1.346286982297897339e-01,-6.099194288253784180e-02,-2.730940096080303192e-02,1.140472888946533203e-01,2.400094568729400635e-01,1.065925811417400837e-03,-2.340096235275268555e-01,1.576891839504241943e-01,3.513486683368682861e-01,-9.513869881629943848e-02,2.471295446157455444e-01,3.914076983928680420e-01,-1.051270663738250732e-01,-1.381742954254150391e-01,2.042602598667144775e-01,-1.064040288329124451e-01,-9.518455713987350464e-02,-1.035942584276199341e-01,-1.483269035816192627e-03,8.015055209398269653e-03,-4.764068126678466797e-02,1.000000000000000000e+00,1.851771622896194458e-01,-1.420368254184722900e-01,-2.648797072470188141e-02,-9.952535480260848999e-02,3.517132624983787537e-02,-3.586944565176963806e-02,6.325776875019073486e-02,1.856518909335136414e-02,-8.758460730314254761e-02,-1.663044691085815430e-01,-2.166272699832916260e-01,-4.564449191093444824e-02,4.189512729644775391e-01,-1.398424953222274780e-01,-8.377051353454589844e-02,7.126598060131072998e-02,1.897347122430801392e-01,1.428776234388351440e-01,2.666191458702087402e-01,5.617420002818107605e-02,5.070911347866058350e-02,1.992005854845046997e-01,2.515588998794555664e-01,8.255846053361892700e-02,4.631701856851577759e-02
3.171957284212112427e-02,8.454437553882598877e-02,6.333695352077484131e-02,6.632462143898010254e-03,-6.887596100568771362e-02,1.887225508689880371e-01,-1.220022700726985931e-02,-1.784037202596664429e-01,1.074490025639533997e-01,8.381416648626327515e-02,-5.610160157084465027e-02,3.539332747459411621e-02,-1.429208070039749146e-01,-1.924225986003875732e-01,-9.002812206745147705e-02,-9.503305703401565552e-02,-9.647472947835922241e-02,-3.714046627283096313e-02,-1.960252821445465088e-01,-3.149111568927764893e-01,-3.330534696578979492e-01,-1.547172516584396362e-01,1.851771622896194458e-01,1.000000000000000000e+00,-7.718380540609359741e-02,-3.410916775465011597e-02,4.281544312834739685e-02,6.041827425360679626e-02,1.234555989503860474e-01,1.791535615921020508e-01,3.511371016502380371e-01,4.380047321319580078e-01,-2.191279456019401550e-02,-5.688386410474777222e-02,1.200451925396919250e-01,4.586730897426605225e-01,-1.176919415593147278e-01,1.187050994485616684e-02,-1.469169706106185913e-01,-1.024001836776733398e-01,9.761028923094272614e-03,1.211869195103645325e-01,-6.913404911756515503e-02,-5.948005709797143936e-03,1.812648773193359375e-01,6.536591798067092896e-02,6.431624889373779297e-01,2.438935339450836182e-01
4.708465933799743652e-01,3.160131871700286865e-01,1.592475175857543945e-01,4.390912353992462158e-01,2.921498119831085205e-01,3.778374567627906799e-02,3.491945564746856689e-01,5.250815153121948242e-01,2.621670365333557129e-01,8.808484673500061035e-02,4.181915223598480225e-01,2.943758368492126465e-01,1.831749081611633301e-02,2.653107643127441406e-01,4.740365147590637207e-01,1.721825748682022095e-01,3.703026771545410156e-01,2.685124278068542480e-01,3.414349853992462158e-01,2.513398826122283936e-01,2.200992703437805176e-01,2.367487549781799316e-01,-1.420368254184722900e-01,-7.718380540609359741e-02,1.000000000000000000e+00,-3.684836253523826599e-02,5.209181904792785645e-01,2.883346676826477051e-01,2.195468693971633911e-01,1.863090693950653076e-01,1.677427589893341064e-01,5.143029615283012390e-02,5.519970655441284180e-01,5.495593547821044922e-01,3.030583262443542480e-01,-8.569177240133285522e-02,4.205079972743988037e-01,5.323414802551269531e-01,1.668570786714553833e-01,-2.154451459646224976e-01,3.049125373363494873e-01,8.983235806226730347e-02,2.520698308944702148e-01,3.307559192180633545e-01,1.044007167220115662e-01,9.539377689361572266e-02,-1.697860285639762878e-02,-1.372142583131790161e-01
-2.212576381862163544e-02,1.338960882276296616e-02,1.034346148371696472e-01,3.668072447180747986e-02,-4.427578672766685486e-02,-3.085939586162567139e-02,2.474522143602371216e-01,-6.485648453235626221e-02,-5.311260372400283813e-02,-4.765576217323541641e-03,-5.760411918163299561e-02,-6.652848795056343079e-03,5.283797532320022583e-02,5.612558126449584961e-02,-8.182847499847412109e-02,1.431840360164642334e-01,2.007282376289367676e-01,6.399290263652801514e-02,2.515415474772453308e-02,7.869130373001098633e-02,-3.777112066745758057e-02,-4.366564750671386719e-02,-2.648797072470188141e-02,-3.410916775465011597e-02,-3.684836253523826599e-02,1.000000000000000000e+00,-6.985007226467132568e-02,-7.973106950521469116e-02,9.594998508691787720e-02,6.669563800096511841e-02,2.904770150780677795e-02,-6.140439212322235107e-02,-8.018850535154342651e-02,-8.557575941085815430e-02,-7.835779339075088501e-03,5.161909759044647217e-02,-3.363809734582901001e-02,-7.062860578298568726e-02,5.095769464969635010e-02,1.891946606338024139e-02,-1.166427624411880970e-03,1.005366817116737366e-02,1.361633185297250748e-02,-5.797718837857246399e-02,3.512315452098846436e-02,7.947016507387161255e-03,-4.807481914758682251e-02,-8.600806444883346558e-02
3.948318362236022949e-01,4.233034551143646240e-01,1.055329442024230957e-01,3.502970933914184570e-01,2.069956809282302856e-01,6.316886842250823975e-02,3.200468122959136963e-01,4.694408476352691650e-01,3.226744830608367920e-01,1.037506461143493652e-01,3.934981524944305420e-01,3.146281242370605469e-01,-1.114899367094039917e-01,1.754866540431976318e-01,5.097084641456604004e-01,1.182332262396812439e-01,2.872705459594726562e-01,3.363647460937500000e-01,2.613437473773956299e-01,1.495565026998519897e-01,1.255808472633361816e-01,2.019260823726654053e-01,-9.952535480260848999e-02,4.281544312834739685e-02,5.209181904792785645e-01,-6.985007226467132568e-02,1.000000000000000000e+00,3.008412420749664307e-01,2.227781116962432861e-01,2.474861145019531250e-01,3.019984960556030273e-01,1.470030546188354492e-01,6.146097183227539062e-01,5.484278202056884766e-01,3.969826102256774902e-01,-7.795330020599067211e-04,4.077052175998687744e-01,5.816259980201721191e-01,1.773313283920288086e-01,-1.536752283573150635e-01,3.764195144176483154e-01,1.490515321493148804e-01,8.754599094390869141e-02,3.940854072570800781e-01,1.971693485975265503e-01,4.026120156049728394e-02,1.189683079719543457e-01,-6.178919970989227295e-02
5.028133988380432129e-01,3.142657577991485596e-01,4.401741921901702881e-01,3.266044557094573975e-01,2.449230551719665527e-01,1.835178881883621216e-01,2.078000158071517944e-01,2.214663773775100708e-01,2.758076786994934082e-01,1.678133010864257812e-01,2.539330720901489258e-01,1.543784141540527344e-01,5.770361796021461487e-02,1.312942653894424438e-01,2.457551956176757812e-01,2.060070633888244629e-02,1.421665698289871216e-01,3.273348137736320496e-02,1.490892469882965088e-01,5.858062207698822021e-02,1.032919511198997498e-01,1.073254123330116272e-01,3.517132624983787537e-02,6.041827425360679626e-02,2.883346676826477051e-01,-7.973106950521469116e-02,3.008412420749664307e-01,1.000000000000000000e+00,2.831733226776123047e-01,1.203790009021759033e-01,5.728651210665702820e-02,8.162292838096618652e-02,2.445009052753448486e-01,1.815946847200393677e-01,5.049449205398559570e-02,5.847408622503280640e-02,2.147722542285919189e-01,2.556746602058410645e-01,1.182963792234659195e-02,-1.530681401491165161e-01,2.540269494056701660e-01,2.282214611768722534e-01,1.465632468461990356e-01,2.165903896093368530e-01,2.171657234430313110e-01,1.343933343887329102e-01,7.224734872579574585e-02,-5.681169778108596802e-02
2.862362563610076904e-01,2.300258278846740723e-01,1.448743045330047607e-01,1.902930736541748047e-01,1.096780970692634583e-01,9.119375795125961304e-02,2.124926149845123291e-01,1.563623100519180298e-01,1.105010062456130981e-01,3.809108212590217590e-02,1.555657386779785156e-01,1.455880850553512573e-01,-1.336200395599007607e-03,1.196119710803031921e-01,1.825862228870391846e-01,8.652306348085403442e-02,1.488952040672302246e-01,8.114420622587203979e-02,1.152211502194404602e-01,5.944857746362686157e-02,3.274651244282722473e-02,5.275569483637809753e-02,-3.586944565176963806e-02,1.234555989503860474e-01,2.195468693971633911e-01,9.594998508691787720e-02,2.227781116962432861e-01,2.831733226776123047e-01,1.000000000000000000e+00,3.564472794532775879e-01,1.115735992789268494e-01,1.058439463376998901e-01,2.277171760797500610e-01,1.993564665317535400e-01,1.414850354194641113e-01,8.774858713150024414e-02,1.576418131589889526e-01,2.347822487354278564e-01,1.946569420397281647e-02,-8.647143840789794922e-02,1.384570151567459106e-01,1.732609868049621582e-01,1.042795926332473755e-01,1.264129877090454102e-01,2.389670312404632568e-01,5.616709589958190918e-02,1.639401018619537354e-01,-5.802723020315170288e-02
1.071753352880477905e-01,2.068874090909957886e-01,8.259166777133941650e-02,2.377895116806030273e-01,9.247489273548126221e-03,6.470886617898941040e-02,2.783237397670745850e-01,1.292484849691390991e-01,2.047213912010192871e-01,7.923759520053863525e-02,1.361129730939865112e-01,1.707886457443237305e-01,2.955875918269157410e-02,1.104590371251106262e-01,1.960892379283905029e-01,1.164115499705076218e-02,2.285284996032714844e-01,2.849685251712799072e-01,1.321253478527069092e-01,1.317667812108993530e-01,1.154446154832839966e-01,1.831370592117309570e-01,6.325776875019073486e-02,1.791535615921020508e-01,1.863090693950653076e-01,6.669563800096511841e-02,2.474861145019531250e-01,1.203790009021759033e-01,3.564472794532775879e-01,1.000000000000000000e+00,3.873318731784820557e-01,1.137161105871200562e-01,1.903011649847030640e-01,1.739719361066818237e-01,1.805240362882614136e-01,1.577213704586029053e-01,1.682755947113037109e-01,2.304279953241348267e-01,2.730365842580795288e-02,-1.542653888463973999e-01,1.106655821204185486e-01,1.605188697576522827e-01,1.282313466072082520e-01,2.068911045789718628e-01,1.395258605480194092e-01,1.146320924162864685e-01,2.104005515575408936e-01,1.849465630948543549e-02
1.124219074845314026e-01,1.848840266466140747e-01,7.290182262659072876e-02,2.859657108783721924e-01,-4.026351496577262878e-02,-3.183613996952772141e-03,3.377265334129333496e-01,1.968989819288253784e-01,1.537081450223922729e-01,2.221420034766197205e-02,1.776784360408782959e-01,1.397772878408432007e-01,-1.591351181268692017e-01,9.598539024591445923e-02,2.595988810062408447e-01,-7.064969744533300400e-03,3.257437944412231445e-01,4.794007539749145508e-01,2.010634243488311768e-01,1.115369722247123718e-01,1.057300940155982971e-01,3.276682794094085693e-01,1.856518909335136414e-02,3.511371016502380371e-01,1.677427589893341064e-01,2.904770150780677795e-02,3.019984960556030273e-01,5.728651210665702820e-02,1.115735992789268494e-01,3.873318731784820557e-01,1.000000000000000000e+00,3.478166759014129639e-01,2.792848348617553711e-01,1.930584013462066650e-01,3.744292259216308594e-01,1.233990266919136047e-01,2.257144898176193237e-01,2.900305986404418945e-01,-3.795943781733512878e-02,-2.131571322679519653e-01,7.399557530879974365e-02,2.117169834673404694e-02,9.629175066947937012e-02,1.656655222177505493e-01,7.456353306770324707e-02,2.548087760806083679e-02,3.648404181003570557e-01,2.028031051158905029e-01
2.137797474861145020e-01,5.729990452527999878e-02,5.542580410838127136e-02,1.084345132112503052e-01,1.694413647055625916e-02,3.989132121205329895e-02,7.696112990379333496e-02,1.130880936980247498e-01,5.169631168246269226e-02,-8.267873525619506836e-02,1.070928499102592468e-01,3.378906752914190292e-03,-2.483074665069580078e-01,2.357873320579528809e-02,5.596107244491577148e-02,-1.204707548022270203e-01,4.959237203001976013e-02,9.378735721111297607e-02,-1.252180244773626328e-02,-1.873492300510406494e-01,-1.668133288621902466e-01,1.087324023246765137e-01,-8.758460730314254761e-02,4.380047321319580078e-01,5.143029615283012390e-02,-6.140439212322235107e-02,1.470030546188354492e-01,8.162292838096618652e-02,1.058439463376998901e-01,1.137161105871200562e-01,3.478166759014129639e-01,1.000000000000000000e+00,1.465989947319030762e-01,1.247981712222099304e-01,1.969821155071258545e-01,7.184837013483047485e-02,1.415562778711318970e-01,7.223208248615264893e-02,-7.932341843843460083e-02,-5.777678266167640686e-02,5.252685770392417908e-02,-2.633859589695930481e-02,-5.601988360285758972e-02,5.423751659691333771e-03,6.300607323646545410e-02,-7.489147037267684937e-02,5.274510383605957031e-01,3.960682749748229980e-01
4.927830994129180908e-01,4.037485420703887939e-01,1.143800020217895508e-01,4.250263571739196777e-01,2.057993263006210327e-01,-6.119704991579055786e-02,3.844047486782073975e-01,5.931095480918884277e-01,2.844939529895782471e-01,3.840193524956703186e-02,4.779369831085205078e-01,3.183968663215637207e-01,-1.635460108518600464e-01,2.670512497425079346e-01,5.612204670906066895e-01,1.215600818395614624e-01,3.952760696411132812e-01,3.882251381874084473e-01,4.195707142353057861e-01,2.331968694925308228e-01,2.330984920263290405e-01,2.859519422054290771e-01,-1.663044691085815430e-01,-2.191279456019401550e-02,5.519970655441284180e-01,-8.018850535154342651e-02,6.146097183227539062e-01,2.445009052753448486e-01,2.277171760797500610e-01,1.903011649847030640e-01,2.792848348617553711e-01,1.465989947319030762e-01,1.000000000000000000e+00,6.345431804656982422e-01,4.286844432353973389e-01,-8.485992252826690674e-02,5.128488540649414062e-01,5.830620527267456055e-01,2.157614082098007202e-01,-1.267293989658355713e-01,3.673910200595855713e-01,4.738554358482360840e-02,1.589213460683822632e-01,4.048092961311340332e-01,1.064037606120109558e-01,-3.807294368743896484e-02,6.963772326707839966e-02,-6.759083271026611328e-02
