1.000000000000000000e+00,2.974556982517242432e-01,6.084259748458862305e-01,6.269991993904113770e-01,5.750409960746765137e-01,4.697464704513549805e-01,5.764444470405578613e-01,2.307777106761932373e-01,3.241940438747406006e-01,2.993681728839874268e-01,1.032108888030052185e-01,3.103306293487548828e-01,7.668817043304443359e-02,3.785996437072753906e-01,2.886386513710021973e-01,1.400853227823972702e-02,4.921277463436126709e-01,4.067197144031524658e-01,4.060153961181640625e-01,2.959997355937957764e-01,2.499004900455474854e-01,3.277554512023925781e-01,3.225452452898025513e-02,4.644174128770828247e-02,5.544228553771972656e-01,5.449793338775634766e-01,5.311119556427001953e-01,7.138335704803466797e-01,7.092704176902770996e-01,4.947652518749237061e-01,3.667652606964111328e-01,2.106674909591674805e-01,5.600319504737854004e-01,1.447455435991287231e-01,7.706356048583984375e-02,-5.587591230869293213e-02,2.461754828691482544e-01,1.999555975198745728e-01,-1.013995036482810974e-01,-1.492065936326980591e-01,4.261398911476135254e-01,3.715493679046630859e-01,3.494461476802825928e-01,2.017049938440322876e-01,3.213645517826080322e-01,2.487781345844268799e-01,9.536620974540710449e-02,1.475859549827873707e-03
2.974556982517242432e-01,1.000000000000000000e+00,1.827429085969924927e-01,2.136967927217483521e-01,3.064800798892974854e-01,2.834047079086303711e-01,2.474104613065719604e-01,4.150948822498321533e-01,4.088303744792938232e-01,3.690128028392791748e-01,2.421583384275436401e-01,2.368729412555694580e-01,1.809450685977935791e-01,1.809378415346145630e-01,2.091617137193679810e-01,2.459165640175342560e-02,1.575107276439666748e-01,1.166291683912277222e-01,1.207791268825531006e-01,1.846246123313903809e-01,1.516609787940979004e-01,-3.511896729469299316e-02,1.155181527137756348e-01,5.095081403851509094e-03,1.977022588253021240e-01,1.754539161920547485e-01,3.533813655376434326e-01,3.103972375392913818e-01,4.203971624374389648e-01,1.877985000610351562e-01,2.297202870249748230e-02,-1.165068615227937698e-02,3.049198091030120850e-01,2.907365262508392334e-01,3.317104578018188477e-01,1.403892040252685547e-01,1.753845810890197754e-01,1.290449947118759155e-01,-5.770013853907585144e-02,6.392300128936767578e-02,4.094372391700744629e-01,4.155530035495758057e-01,3.669371604919433594e-01,7.650742530822753906e-01,7.477212548255920410e-01,4.562271833419799805e-01,-5.610959976911544800e-02,4.006129689514636993e-03
6.084259748458862305e-01,1.827429085969924927e-01,1.000000000000000000e+00,7.271270155906677246e-01,3.074191510677337646e-01,3.066923618316650391e-01,6.620889902114868164e-01,1.906610727310180664e-01,1.939307451248168945e-01,1.286803185939788818e-01,1.747199445962905884e-01,2.377665042877197266e-01,5.411437153816223145e-02,2.873612344264984131e-01,1.822649836540222168e-01,-4.515348374843597412e-02,5.616418719291687012e-01,4.444786906242370605e-01,3.603482842445373535e-01,2.165292501449584961e-01,2.190699428319931030e-01,3.068921566009521484e-01,2.040638960897922516e-02,8.617661893367767334e-02,3.897524476051330566e-01,7.030128240585327148e-01,3.796683251857757568e-01,6.361119747161865234e-01,5.755569338798522949e-01,3.904665112495422363e-01,2.959310710430145264e-01,1.783764362335205078e-01,4.266783297061920166e-01,1.069650352001190186e-01,4.892534390091896057e-02,-2.083078958094120026e-02,1.383547484874725342e-01,-4.321655724197626114e-03,-1.174511313438415527e-01,-1.125195771455764771e-01,1.978781372308731079e-01,1.738092154264450073e-01,2.151350677013397217e-01,9.834396094083786011e-02,1.627044528722763062e-01,1.349557638168334961e-01,6.217696145176887512e-02,2.577706612646579742e-02
6.269991993904113770e-01,2.136967927217483521e-01,7.271270155906677246e-01,1.000000000000000000e+00,4.244917035102844238e-01,5.268000364303588867e-01,6.976618766784667969e-01,1.283271014690399170e-01,2.027976959943771362e-01,1.733594685792922974e-01,1.625326871871948242e-01,2.364220619201660156e-01,1.263180673122406006e-01,1.419695019721984863e-01,1.536213606595993042e-01,-4.247938096523284912e-02,6.468592882156372070e-01,4.439779818058013916e-01,5.588932037353515625e-01,3.660804629325866699e-01,4.000309705734252930e-01,3.842177987098693848e-01,1.629590243101119995e-02,1.100628301501274109e-01,4.034499526023864746e-01,6.065319776535034180e-01,4.189102351665496826e-01,6.397399306297302246e-01,5.784521102905273438e-01,3.553285300731658936e-01,2.021784484386444092e-01,2.085665762424468994e-01,4.382866322994232178e-01,-5.040767136961221695e-03,8.568044751882553101e-02,-8.042420446872711182e-02,4.761274030897766352e-04,-3.096789866685867310e-02,-1.148916259407997131e-01,-3.833548352122306824e-02,2.228080928325653076e-01,2.907345294952392578e-01,2.834145128726959229e-01,1.048391461372375488e-01,1.802136152982711792e-01,2.032357752323150635e-01,8.564042299985885620e-02,-1.922119292430579662e-03
5.750409960746765137e-01,3.064800798892974854e-01,3.074191510677337646e-01,4.244917035102844238e-01,1.000000000000000000e+00,7.354563474655151367e-01,4.395585358142852783e-01,2.428178191184997559e-01,3.688465356826782227e-01,3.987314403057098389e-01,1.006557345390319824e-01,3.096911609172821045e-01,1.506691277027130127e-01,1.473129987716674805e-01,2.022608667612075806e-01,1.505822688341140747e-01,3.809064328670501709e-01,3.039873540401458740e-01,3.968474864959716797e-01,3.402412235736846924e-01,2.776355147361755371e-01,2.695663273334503174e-01,8.767481148242950439e-02,8.253178745508193970e-02,2.977740764617919922e-01,3.232234716415405273e-01,4.292885661125183105e-01,5.878207683563232422e-01,5.567108392715454102e-01,3.149852156639099121e-01,1.584931910037994385e-01,2.402039766311645508e-01,4.434077143669128418e-01,2.104863971471786499e-01,1.570787280797958374e-01,6.068011745810508728e-02,2.133329808712005615e-01,2.752117216587066650e-01,9.395974874496459961e-02,1.251896917819976807e-01,6.176206469535827637e-01,5.354298353195190430e-01,3.720696568489074707e-01,1.626831889152526855e-01,2.440381646156311035e-01,2.842682600021362305e-01,1.592681109905242920e-01,2.873993106186389923e-02
4.697464704513549805e-01,2.834047079086303711e-01,3.066923618316650391e-01,5.268000364303588867e-01,7.354563474655151367e-01,1.000000000000000000e+00,4.446752369403839111e-01,1.751638948917388916e-01,2.904651463031768799e-01,3.814408481121063232e-01,1.246877238154411316e-01,3.338010013103485107e-01,1.775418668985366821e-01,-2.191944047808647156e-03,1.118372082710266113e-01,5.490614101290702820e-02,3.721613883972167969e-01,2.217393666505813599e-01,3.995084166526794434e-01,2.688335478305816650e-01,3.054218292236328125e-01,2.018906474113464355e-01,2.264897339046001434e-02,1.097758486866950989e-01,2.528528869152069092e-01,3.114593029022216797e-01,4.269975721836090088e-01,6.075922846794128418e-01,5.077660679817199707e-01,2.517308592796325684e-01,6.617318838834762573e-02,2.451891005039215088e-01,3.939788043498992920e-01,9.969858825206756592e-02,1.200115010142326355e-01,3.327476978302001953e-02,2.739996835589408875e-02,1.232415661215782166e-01,-5.035954527556896210e-03,1.440261751413345337e-01,6.260686516761779785e-01,5.623770356178283691e-01,3.194978833198547363e-01,1.316074579954147339e-01,2.167869806289672852e-01,2.926517128944396973e-01,1.812818050384521484e-01,-2.213047118857502937e-03
5.764444470405578613e-01,2.474104613065719604e-01,6.620889902114868164e-01,6.976618766784667969e-01,4.395585358142852783e-01,4.446752369403839111e-01,1.000000000000000000e+00,2.553955018520355225e-01,3.482980430126190186e-01,3.640928268432617188e-01,1.893122047185897827e-01,2.919756770133972168e-01,3.082818984985351562e-01,2.922242581844329834e-01,1.108480989933013916e-01,5.099192634224891663e-02,7.786399722099304199e-01,7.001586556434631348e-01,6.349557042121887207e-01,6.094533205032348633e-01,4.667324125766754150e-01,4.478835761547088623e-01,2.207297682762145996e-01,1.665534377098083496e-01,2.826182544231414795e-01,7.940053343772888184e-01,2.814684808254241943e-01,6.438710689544677734e-01,7.105433940887451172e-01,5.961262583732604980e-01,4.768438637256622314e-01,3.265689909458160400e-01,3.319082260131835938e-01,1.188237071037292480e-01,7.062371075153350830e-02,1.842781202867627144e-03,2.164248973131179810e-01,9.947375208139419556e-02,3.386008366942405701e-02,1.977430470287799835e-02,3.727313578128814697e-01,5.145800709724426270e-01,5.881826877593994141e-01,1.595672667026519775e-01,2.727323770523071289e-01,4.802148938179016113e-01,1.684892177581787109e-01,4.582148790359497070e-02
2.307777106761932373e-01,4.150948822498321533e-01,1.906610727310180664e-01,1.283271014690399170e-01,2.428178191184997559e-01,1.751638948917388916e-01,2.553955018520355225e-01,1.000000000000000000e+00,5.858010649681091309e-01,4.009849131107330322e-01,5.878754854202270508e-01,4.984774291515350342e-01,3.144896328449249268e-01,4.854575395584106445e-01,4.232975244522094727e-01,2.248165607452392578e-01,1.404143720865249634e-01,1.416931599378585815e-01,1.244765594601631165e-01,2.415750622749328613e-01,2.032954543828964233e-01,1.132353469729423523e-01,2.957814633846282959e-01,2.806330323219299316e-01,9.552905708551406860e-02,1.887754499912261963e-01,2.165579348802566528e-01,1.920257806777954102e-01,2.289357185363769531e-01,2.358161807060241699e-01,1.689563393592834473e-01,2.106064409017562866e-01,4.205962419509887695e-01,4.781056940555572510e-01,4.385414421558380127e-01,3.998182713985443115e-01,5.800567865371704102e-01,1.360802203416824341e-01,9.320393204689025879e-02,2.622602581977844238e-01,3.386580646038055420e-01,3.774579465389251709e-01,3.205254077911376953e-01,4.881701171398162842e-01,3.020119965076446533e-01,3.422726988792419434e-01,2.069086581468582153e-01,1.785741001367568970e-01
3.241940438747406006e-01,4.088303744792938232e-01,1.939307451248168945e-01,2.027976959943771362e-01,3.688465356826782227e-01,2.904651463031768799e-01,3.482980430126190186e-01,5.858010649681091309e-01,1.000000000000000000e+00,6.490283012390136719e-01,4.661919474601745605e-01,5.289234519004821777e-01,3.757052123546600342e-01,3.086284101009368896e-01,2.849600017070770264e-01,2.054811567068099976e-01,3.345826268196105957e-01,3.281455338001251221e-01,3.187587857246398926e-01,3.381919562816619873e-01,2.108937799930572510e-01,1.880034357309341431e-01,3.157812058925628662e-01,3.454743623733520508e-01,1.941600590944290161e-01,2.502174675464630127e-01,2.620310783386230469e-01,3.068340420722961426e-01,3.547238707542419434e-01,3.413926959037780762e-01,2.247488498687744141e-01,2.853839695453643799e-01,3.500674366950988770e-01,3.606011867523193359e-01,3.279773890972137451e-01,3.737249076366424561e-01,3.334903419017791748e-01,1.977529823780059814e-01,1.388837695121765137e-01,3.282853960990905762e-01,3.900381922721862793e-01,5.214130878448486328e-01,4.459179937839508057e-01,4.546053409576416016e-01,3.926025927066802979e-01,4.939644932746887207e-01,3.098371326923370361e-01,1.724729537963867188e-01
2.993681728839874268e-01,3.690128028392791748e-01,1.286803185939788818e-01,1.733594685792922974e-01,3.987314403057098389e-01,3.814408481121063232e-01,3.640928268432617188e-01,4.009849131107330322e-01,6.490283012390136719e-01,1.000000000000000000e+00,3.117197453975677490e-01,6.365964412689208984e-01,4.339615106582641602e-01,2.488238513469696045e-01,2.961201965808868408e-01,2.628546655178070068e-01,3.250248730182647705e-01,3.417453765869140625e-01,3.454177975654602051e-01,4.310154914855957031e-01,3.004007339477539062e-01,2.579258680343627930e-01,3.577873408794403076e-01,3.576878905296325684e-01,6.247670948505401611e-02,2.428901642560958862e-01,2.534772157669067383e-01,2.836027741432189941e-01,3.909361660480499268e-01,4.058989882469177246e-01,2.951470911502838135e-01,3.469986617565155029e-01,2.520668208599090576e-01,3.603093624114990234e-01,2.406292706727981567e-01,2.995936274528503418e-01,2.987754344940185547e-01,2.243137955665588379e-01,1.459752619266510010e-01,2.599302530288696289e-01,4.796887338161468506e-01,5.843786597251892090e-01,5.154700875282287598e-01,3.341033160686492920e-01,4.518631994724273682e-01,6.173712015151977539e-01,3.195615410804748535e-01,1.925249248743057251e-01
1.032108888030052185e-01,2.421583384275436401e-01,1.747199445962905884e-01,1.625326871871948242e-01,1.006557345390319824e-01,1.246877238154411316e-01,1.893122047185897827e-01,5.878754854202270508e-01,4.661919474601745605e-01,3.117197453975677490e-01,1.000000000000000000e+00,5.101926922798156738e-01,4.112429320812225342e-01,3.889693617820739746e-01,4.555055797100067139e-01,3.182677328586578369e-01,8.875084668397903442e-02,1.053034514188766479e-01,1.173681672662496567e-02,1.076197624206542969e-01,1.724253147840499878e-01,1.670764684677124023e-01,3.934148252010345459e-01,3.328497707843780518e-01,-1.607841998338699341e-02,1.404950469732284546e-01,1.518000662326812744e-01,1.103565543889999390e-01,1.113756746053695679e-01,1.468355059623718262e-01,1.358747035264968872e-01,1.609294414520263672e-01,3.517495393753051758e-01,4.190073907375335693e-01,3.256560862064361572e-01,3.507469296455383301e-01,3.971130847930908203e-01,9.391580708324909210e-03,1.065430790185928345e-01,2.759847044944763184e-01,2.393180578947067261e-01,2.757957279682159424e-01,2.161473482847213745e-01,2.358225286006927490e-01,2.204419523477554321e-01,2.498198002576828003e-01,2.564300000667572021e-01,1.417783349752426147e-01
3.103306293487548828e-01,2.368729412555694580e-01,2.377665042877197266e-01,2.364220619201660156e-01,3.096911609172821045e-01,3.338010013103485107e-01,2.919756770133972168e-01,4.984774291515350342e-01,5.289234519004821777e-01,6.365964412689208984e-01,5.101926922798156738e-01,1.000000000000000000e+00,5.764971375465393066e-01,4.386552572250366211e-01,4.795331954956054688e-01,3.581602871417999268e-01,2.246211320161819458e-01,2.557460665702819824e-01,2.486696392297744751e-01,3.046147823333740234e-01,3.682157993316650391e-01,3.891451656818389893e-01,4.337657690048217773e-01,4.665265083312988281e-01,6.937637180089950562e-02,2.627487778663635254e-01,2.650923430919647217e-01,2.596108615398406982e-01,3.397262096405029297e-01,4.318273663520812988e-01,3.357104361057281494e-01,4.627983272075653076e-01,3.798703849315643311e-01,4.830397665500640869e-01,3.552081584930419922e-01,4.520471096038818359e-01,4.271452724933624268e-01,1.609911322593688965e-01,1.811321377754211426e-01,3.001132607460021973e-01,4.393421411514282227e-01,4.560840427875518799e-01,4.072969555854797363e-01,2.099550366401672363e-01,2.528932392597198486e-01,3.726038634777069092e-01,4.771309196949005127e-01,2.699137330055236816e-01
7.668817043304443359e-02,1.809450685977935791e-01,5.411437153816223145e-02,1.263180673122406006e-01,1.506691277027130127e-01,1.775418668985366821e-01,3.082818984985351562e-01,3.144896328449249268e-01,3.757052123546600342e-01,4.339615106582641602e-01,4.112429320812225342e-01,5.764971375465393066e-01,1.000000000000000000e+00,3.022827506065368652e-01,3.162087500095367432e-01,5.048278570175170898e-01,1.725160330533981323e-01,2.569783627986907959e-01,1.945740431547164917e-01,4.476231336593627930e-01,5.237740874290466309e-01,4.334943890571594238e-01,7.226434946060180664e-01,5.342990159988403320e-01,-2.199791818857192993e-01,2.235846370458602905e-01,7.568904198706150055e-03,6.309072673320770264e-02,2.367318868637084961e-01,4.238668084144592285e-01,4.017559587955474854e-01,4.664172530174255371e-01,9.775763005018234253e-02,4.082615077495574951e-01,3.649308979511260986e-01,5.029246807098388672e-01,3.096331059932708740e-01,1.482003182172775269e-01,3.354612886905670166e-01,4.228937625885009766e-01,3.093847930431365967e-01,4.833771884441375732e-01,4.958699047565460205e-01,1.361533403396606445e-01,2.350496649742126465e-01,4.668301641941070557e-01,4.997569918632507324e-01,3.043433725833892822e-01
3.785996437072753906e-01,1.809378415346145630e-01,2.873612344264984131e-01,1.419695019721984863e-01,1.473129987716674805e-01,-2.191944047808647156e-03,2.922242581844329834e-01,4.854575395584106445e-01,3.086284101009368896e-01,2.488238513469696045e-01,3.889693617820739746e-01,4.386552572250366211e-01,3.022827506065368652e-01,1.000000000000000000e+00,5.461878776550292969e-01,3.459654450416564941e-01,2.197476178407669067e-01,2.999928593635559082e-01,1.775170415639877319e-01,2.465447336435317993e-01,1.379997581243515015e-01,2.499050498008728027e-01,3.311782479286193848e-01,1.362051814794540405e-01,1.435289084911346436e-01,3.213119804859161377e-01,7.058297842741012573e-02,1.464572101831436157e-01,2.402913123369216919e-01,3.389345407485961914e-01,3.843195140361785889e-01,1.963938176631927490e-01,3.849380612373352051e-01,5.238479375839233398e-01,2.449652254581451416e-01,2.042325437068939209e-01,6.764125227928161621e-01,3.784249424934387207e-01,1.698904931545257568e-01,9.032132476568222046e-02,2.862401902675628662e-01,2.548432052135467529e-01,3.138792514801025391e-01,1.075561270117759705e-01,2.640201151371002197e-01,2.220522165298461914e-01,1.645661741495132446e-01,3.095773234963417053e-02
2.886386513710021973e-01,2.091617137193679810e-01,1.822649836540222168e-01,1.536213606595993042e-01,2.022608667612075806e-01,1.118372082710266113e-01,1.108480989933013916e-01,4.232975244522094727e-01,2.849600017070770264e-01,2.961201965808868408e-01,4.555055797100067139e-01,4.795331954956054688e-01,3.162087500095367432e-01,5.461878776550292969e-01,1.000000000000000000e+00,6.489786505699157715e-01,8.050154149532318115e-02,1.408217400312423706e-01,7.755953818559646606e-02,1.163719221949577332e-01,7.624700665473937988e-02,1.890647113323211670e-01,4.151724278926849365e-01,1.654596775770187378e-01,-2.183336205780506134e-02,9.867715835571289062e-02,1.802213490009307861e-01,3.143199253827333450e-03,1.129068657755851746e-01,1.907256096601486206e-01,1.809368580579757690e-01,1.095271259546279907e-01,4.495784044265747070e-01,6.404392719268798828e-01,3.683817982673645020e-01,3.249355852603912354e-01,5.585667490959167480e-01,4.827167987823486328e-01,2.199958264827728271e-01,2.345086187124252319e-01,2.821821272373199463e-01,2.322576791048049927e-01,2.110317200422286987e-01,1.508439630270004272e-01,2.066155523061752319e-01,1.099324077367782593e-01,1.518500298261642456e-01,2.052757143974304199e-02
1.400853227823972702e-02,2.459165640175342560e-02,-4.515348374843597412e-02,-4.247938096523284912e-02,1.505822688341140747e-01,5.490614101290702820e-02,5.099192634224891663e-02,2.248165607452392578e-01,2.054811567068099976e-01,2.628546655178070068e-01,3.182677328586578369e-01,3.581602871417999268e-01,5.048278570175170898e-01,3.459654450416564941e-01,6.489786505699157715e-01,1.000000000000000000e+00,-1.276580151170492172e-02,9.612558782100677490e-02,4.589022323489189148e-02,2.221986055374145508e-01,1.352851390838623047e-01,1.877147555351257324e-01,6.180422902107238770e-01,3.178758025169372559e-01,-2.936167120933532715e-01,1.868898235261440277e-02,-9.442538768053054810e-02,-1.912083923816680908e-01,-5.286033451557159424e-02,9.152980893850326538e-02,1.338952332735061646e-01,1.167674958705902100e-01,2.124598473310470581e-01,5.640017986297607422e-01,3.678110837936401367e-01,4.544859230518341064e-01,4.425230622291564941e-01,4.334009587764739990e-01,5.094458460807800293e-01,4.672327339649200439e-01,2.041118294000625610e-01,2.791548669338226318e-01,2.448911070823669434e-01,2.215355634689331055e-03,6.504479795694351196e-02,1.712765693664550781e-01,2.646993398666381836e-01,7.121308147907257080e-02
4.921277463436126709e-01,1.575107276439666748e-01,5.616418719291687012e-01,6.468592882156372070e-01,3.809064328670501709e-01,3.721613883972167969e-01,7.786399722099304199e-01,1.404143720865249634e-01,3.345826268196105957e-01,3.250248730182647705e-01,8.875084668397903442e-02,2.246211320161819458e-01,1.725160330533981323e-01,2.197476178407669067e-01,8.050154149532318115e-02,-1.276580151170492172e-02,1.000000000000000000e+00,8.309572935104370117e-01,8.011353611946105957e-01,6.097934842109680176e-01,4.030474424362182617e-01,4.954360127449035645e-01,1.237924322485923767e-01,9.636472165584564209e-02,3.595916330814361572e-01,6.326271295547485352e-01,3.269061744213104248e-01,5.221637487411499023e-01,5.527248382568359375e-01,4.621051251888275146e-01,3.784510195255279541e-01,2.835805416107177734e-01,3.032778203487396240e-01,7.671795040369033813e-02,4.686081409454345703e-02,-8.528552204370498657e-02,1.434424817562103271e-01,1.319180727005004883e-01,5.700059980154037476e-02,1.557089155539870262e-03,1.911722570657730103e-01,3.576464653015136719e-01,5.067178010940551758e-01,8.544013649225234985e-02,1.721687465906143188e-01,4.011996984481811523e-01,1.389602571725845337e-01,2.255773358047008514e-02
4.067197144031524658e-01,1.166291683912277222e-01,4.444786906242370605e-01,4.439779818058013916e-01,3.039873540401458740e-01,2.217393666505813599e-01,7.001586556434631348e-01,1.416931599378585815e-01,3.281455338001251221e-01,3.417453765869140625e-01,1.053034514188766479e-01,2.557460665702819824e-01,2.569783627986907959e-01,2.999928593635559082e-01,1.408217400312423706e-01,9.612558782100677490e-02,8.309572935104370117e-01,1.000000000000000000e+00,7.367597222328186035e-01,6.507484912872314453e-01,4.107353091239929199e-01,5.683567523956298828e-01,2.231456935405731201e-01,1.072960048913955688e-01,2.467720806598663330e-01,5.692878365516662598e-01,2.231981903314590454e-01,3.919113278388977051e-01,4.834139645099639893e-01,5.068465471267700195e-01,5.143073201179504395e-01,3.059879541397094727e-01,2.165259122848510742e-01,1.816379725933074951e-01,5.285503342747688293e-02,-2.032715268433094025e-02,2.365281581878662109e-01,1.989066600799560547e-01,1.346119642257690430e-01,-2.338268049061298370e-02,1.741965711116790771e-01,3.366333842277526855e-01,5.426108837127685547e-01,4.163044318556785583e-02,1.744478642940521240e-01,4.103837013244628906e-01,1.691937893629074097e-01,2.531139366328716278e-02
4.060153961181640625e-01,1.207791268825531006e-01,3.603482842445373535e-01,5.588932037353515625e-01,3.968474864959716797e-01,3.995084166526794434e-01,6.349557042121887207e-01,1.244765594601631165e-01,3.187587857246398926e-01,3.454177975654602051e-01,1.173681672662496567e-02,2.486696392297744751e-01,1.945740431547164917e-01,1.775170415639877319e-01,7.755953818559646606e-02,4.589022323489189148e-02,8.011353611946105957e-01,7.367597222328186035e-01,1.000000000000000000e+00,7.163265347480773926e-01,4.733594059944152832e-01,5.336285829544067383e-01,1.535166054964065552e-01,1.620849221944808960e-01,2.572508752346038818e-01,4.752659797668457031e-01,2.642376422882080078e-01,3.985003530979156494e-01,4.497023522853851318e-01,4.039512574672698975e-01,3.403282463550567627e-01,3.685917258262634277e-01,2.232324481010437012e-01,9.652169793844223022e-02,6.880779564380645752e-02,-1.998567208647727966e-02,1.340448707342147827e-01,1.496962606906890869e-01,9.840788692235946655e-02,9.091100096702575684e-02,1.778855025768280029e-01,3.688427507877349854e-01,5.532886981964111328e-01,5.404222756624221802e-02,1.256416440010070801e-01,4.247846901416778564e-01,2.156536728143692017e-01,7.882139086723327637e-02
2.959997355937957764e-01,1.846246123313903809e-01,2.165292501449584961e-01,3.660804629325866699e-01,3.402412235736846924e-01,2.688335478305816650e-01,6.094533205032348633e-01,2.415750622749328613e-01,3.381919562816619873e-01,4.310154914855957031e-01,1.076197624206542969e-01,3.046147823333740234e-01,4.476231336593627930e-01,2.465447336435317993e-01,1.163719221949577332e-01,2.221986055374145508e-01,6.097934842109680176e-01,6.507484912872314453e-01,7.163265347480773926e-01,1.000000000000000000e+00,7.183094024658203125e-01,6.038973927497863770e-01,4.040962457656860352e-01,2.939500808715820312e-01,1.415055128745734692e-03,4.272944927215576172e-01,8.601210266351699829e-02,2.500087618827819824e-01,4.276308417320251465e-01,5.042095184326171875e-01,4.716785848140716553e-01,4.555091559886932373e-01,1.034117341041564941e-01,1.998835951089859009e-01,1.701076477766036987e-01,1.498154848814010620e-01,2.443842142820358276e-01,1.252502799034118652e-01,2.493563741445541382e-01,1.531739383935928345e-01,2.494450211524963379e-01,4.963160157203674316e-01,6.958385109901428223e-01,1.245379298925399780e-01,2.505370676517486572e-01,5.814265608787536621e-01,2.874699532985687256e-01,2.341363281011581421e-01
2.499004900455474854e-01,1.516609787940979004e-01,2.190699428319931030e-01,4.000309705734252930e-01,2.776355147361755371e-01,3.054218292236328125e-01,4.667324125766754150e-01,2.032954543828964233e-01,2.108937799930572510e-01,3.004007339477539062e-01,1.724253147840499878e-01,3.682157993316650391e-01,5.237740874290466309e-01,1.379997581243515015e-01,7.624700665473937988e-02,1.352851390838623047e-01,4.030474424362182617e-01,4.107353091239929199e-01,4.733594059944152832e-01,7.183094024658203125e-01,1.000000000000000000e+00,6.351187825202941895e-01,3.405474424362182617e-01,3.224226832389831543e-01,-3.720582649111747742e-02,3.046157658100128174e-01,8.639485388994216919e-02,2.666597068309783936e-01,4.174929559230804443e-01,5.018689036369323730e-01,4.224531352519989014e-01,5.479263663291931152e-01,7.843817770481109619e-02,1.113952323794364929e-01,1.691959500312805176e-01,1.427319496870040894e-01,1.121171265840530396e-01,-5.863675475120544434e-02,1.217929422855377197e-01,6.869959086179733276e-02,2.235547304153442383e-01,3.979946076869964600e-01,5.363402962684631348e-01,7.685318589210510254e-02,2.175317257642745972e-01,4.116373956203460693e-01,3.351688385009765625e-01,3.513568937778472900e-01
3.277554512023925781e-01,-3.511896729469299316e-02,3.068921566009521484e-01,3.842177987098693848e-01,2.695663273334503174e-01,2.018906474113464355e-01,4.478835761547088623e-01,1.132353469729423523e-01,1.880034357309341431e-01,2.579258680343627930e-01,1.670764684677124023e-01,3.891451656818389893e-01,4.334943890571594238e-01,2.499050498008728027e-01,1.890647113323211670e-01,1.877147555351257324e-01,4.954360127449035645e-01,5.683567523956298828e-01,5.336285829544067383e-01,6.038973927497863770e-01,6.351187825202941895e-01,1.000000000000000000e+00,4.288165867328643799e-01,4.406858384609222412e-01,5.923977866768836975e-02,3.536460399627685547e-01,2.090180218219757080e-01,2.673045098781585693e-01,3.756144046783447266e-01,5.687684416770935059e-01,6.742908358573913574e-01,6.392132043838500977e-01,1.309718489646911621e-01,1.543262749910354614e-01,1.735112965106964111e-01,2.414649873971939087e-01,1.597611010074615479e-01,1.015116870403289795e-01,2.192434072494506836e-01,8.306298404932022095e-02,1.265721619129180908e-01,2.574023008346557617e-01,4.760016798973083496e-01,-9.544215351343154907e-02,6.385032832622528076e-02,2.652063071727752686e-01,5.022104382514953613e-01,3.660773634910583496e-01
3.225452452898025513e-02,1.155181527137756348e-01,2.040638960897922516e-02,1.629590243101119995e-02,8.767481148242950439e-02,2.264897339046001434e-02,2.207297682762145996e-01,2.957814633846282959e-01,3.157812058925628662e-01,3.577873408794403076e-01,3.934148252010345459e-01,4.337657690048217773e-01,7.226434946060180664e-01,3.311782479286193848e-01,4.151724278926849365e-01,6.180422902107238770e-01,1.237924322485923767e-01,2.231456935405731201e-01,1.535166054964065552e-01,4.040962457656860352e-01,3.405474424362182617e-01,4.288165867328643799e-01,1.000000000000000000e+00,5.670056939125061035e-01,-2.630275487899780273e-01,1.707641333341598511e-01,-4.068856686353683472e-02,-5.860436707735061646e-02,1.490755230188369751e-01,3.269596993923187256e-01,3.723328113555908203e-01,3.846794068813323975e-01,9.025447815656661987e-02,4.325734972953796387e-01,3.840571641921997070e-01,6.123160719871520996e-01,3.215042352676391602e-01,2.919939160346984863e-01,5.384384989738464355e-01,5.825769305229187012e-01,2.312744557857513428e-01,3.789733350276947021e-01,4.402683973312377930e-01,1.050630584359169006e-01,1.658616960048675537e-01,3.469907939434051514e-01,5.209626555442810059e-01,4.826443791389465332e-01
4.644174128770828247e-02,5.095081403851509094e-03,8.617661893367767334e-02,1.100628301501274109e-01,8.253178745508193970e-02,1.097758486866950989e-01,1.665534377098083496e-01,2.806330323219299316e-01,3.454743623733520508e-01,3.576878905296325684e-01,3.328497707843780518e-01,4.665265083312988281e-01,5.342990159988403320e-01,1.362051814794540405e-01,1.654596775770187378e-01,3.178758025169372559e-01,9.636472165584564209e-02,1.072960048913955688e-01,1.620849221944808960e-01,2.939500808715820312e-01,3.224226832389831543e-01,4.406858384609222412e-01,5.670056939125061035e-01,1.000000000000000000e+00,-1.800741404294967651e-01,1.612475812435150146e-01,5.691093578934669495e-02,6.193644925951957703e-02,1.479408442974090576e-01,3.368845582008361816e-01,3.508817255496978760e-01,6.096525788307189941e-01,8.628923445940017700e-02,2.252561300992965698e-01,2.624008357524871826e-01,7.155871391296386719e-01,1.803578585386276245e-01,-1.276480406522750854e-02,3.172029256820678711e-01,4.998640418052673340e-01,9.799233824014663696e-02,2.410790473222732544e-01,3.017610609531402588e-01,1.574511267244815826e-02,8.996214717626571655e-02,2.974338233470916748e-01,7.928277254104614258e-01,5.318760275840759277e-01
5.544228553771972656e-01,1.977022588253021240e-01,3.897524476051330566e-01,4.034499526023864746e-01,2.977740764617919922e-01,2.528528869152069092e-01,2.826182544231414795e-01,9.552905708551406860e-02,1.941600590944290161e-01,6.247670948505401611e-02,-1.607841998338699341e-02,6.937637180089950562e-02,-2.199791818857192993e-01,1.435289084911346436e-01,-2.183336205780506134e-02,-2.936167120933532715e-01,3.595916330814361572e-01,2.467720806598663330e-01,2.572508752346038818e-01,1.415055128745734692e-03,-3.720582649111747742e-02,5.923977866768836975e-02,-2.630275487899780273e-01,-1.800741404294967651e-01,1.000000000000000000e+00,3.283696770668029785e-01,5.263475179672241211e-01,5.574676394462585449e-01,3.889272511005401611e-01,1.010939851403236389e-01,-2.304293774068355560e-02,-7.650875300168991089e-02,5.858761668205261230e-01,-2.391541153192520142e-01,-2.414727024734020233e-02,-2.524498105049133301e-01,-5.474256351590156555e-03,4.204898700118064880e-02,-1.613758504390716553e-01,-1.199729070067405701e-01,1.261001676321029663e-01,-1.026433985680341721e-02,-5.158277228474617004e-02,1.923136115074157715e-01,1.035009622573852539e-01,-2.240644022822380066e-02,-1.251884549856185913e-01,-1.086663678288459778e-01
5.449793338775634766e-01,1.754539161920547485e-01,7.030128240585327148e-01,6.065319776535034180e-01,3.232234716415405273e-01,3.114593029022216797e-01,7.940053343772888184e-01,1.887754499912261963e-01,2.502174675464630127e-01,2.428901642560958862e-01,1.404950469732284546e-01,2.627487778663635254e-01,2.235846370458602905e-01,3.213119804859161377e-01,9.867715835571289062e-02,1.868898235261440277e-02,6.326271295547485352e-01,5.692878365516662598e-01,4.752659797668457031e-01,4.272944927215576172e-01,3.046157658100128174e-01,3.536460399627685547e-01,1.707641333341598511e-01,1.612475812435150146e-01,3.283696770668029785e-01,1.000000000000000000e+00,2.529689669609069824e-01,6.414834260940551758e-01,6.783841252326965332e-01,5.673622488975524902e-01,4.669767022132873535e-01,2.955397665500640869e-01,3.826234638690948486e-01,8.793846517801284790e-02,7.520357146859169006e-03,4.658475890755653381e-02,2.001650035381317139e-01,8.490381389856338501e-02,-4.659855272620916367e-03,-1.486386405304074287e-03,3.139513731002807617e-01,3.455129861831665039e-01,4.180521368980407715e-01,8.617653697729110718e-02,1.621707975864410400e-01,2.872462570667266846e-01,1.670419871807098389e-01,4.204384982585906982e-02
5.311119556427001953e-01,3.533813655376434326e-01,3.796683251857757568e-01,4.189102351665496826e-01,4.292885661125183105e-01,4.269975721836090088e-01,2.814684808254241943e-01,2.165579348802566528e-01,2.620310783386230469e-01,2.534772157669067383e-01,1.518000662326812744e-01,2.650923430919647217e-01,7.568904198706150055e-03,7.058297842741012573e-02,1.802213490009307861e-01,-9.442538768053054810e-02,3.269061744213104248e-01,2.231981903314590454e-01,2.642376422882080078e-01,8.601210266351699829e-02,8.639485388994216919e-02,2.090180218219757080e-01,-4.068856686353683472e-02,5.691093578934669495e-02,5.263475179672241211e-01,2.529689669609069824e-01,1.000000000000000000e+00,5.647110939025878906e-01,4.626607596874237061e-01,2.073258310556411743e-01,8.426528424024581909e-02,7.896384596824645996e-02,5.249233841896057129e-01,9.389891475439071655e-02,1.735036522150039673e-01,7.029433734714984894e-03,8.284740895032882690e-02,1.147429123520851135e-01,-6.090102344751358032e-02,-8.060092478990554810e-02,2.467144131660461426e-01,1.931006163358688354e-01,1.657490730285644531e-01,3.183785676956176758e-01,2.602705657482147217e-01,1.462292224168777466e-01,4.959230124950408936e-02,6.480174511671066284e-02
7.138335704803466797e-01,3.103972375392913818e-01,6.361119747161865234e-01,6.397399306297302246e-01,5.878207683563232422e-01,6.075922846794128418e-01,6.438710689544677734e-01,1.920257806777954102e-01,3.068340420722961426e-01,2.836027741432189941e-01,1.103565543889999390e-01,2.596108615398406982e-01,6.309072673320770264e-02,1.464572101831436157e-01,3.143199253827333450e-03,-1.912083923816680908e-01,5.221637487411499023e-01,3.919113278388977051e-01,3.985003530979156494e-01,2.500087618827819824e-01,2.666597068309783936e-01,2.673045098781585693e-01,-5.860436707735061646e-02,6.193644925951957703e-02,5.574676394462585449e-01,6.414834260940551758e-01,5.647110939025878906e-01,1.000000000000000000e+00,8.069286942481994629e-01,4.638123214244842529e-01,2.816820740699768066e-01,2.126883417367935181e-01,4.777464866638183594e-01,-3.063053265213966370e-02,9.229505667462944984e-04,-8.016458898782730103e-02,8.491151034832000732e-02,5.734267178922891617e-03,-1.823448836803436279e-01,-9.818192571401596069e-02,4.459589123725891113e-01,4.129572212696075439e-01,3.326536715030670166e-01,2.058151215314865112e-01,2.630444467067718506e-01,2.675591111183166504e-01,9.672048687934875488e-02,1.940015330910682678e-02
7.092704176902770996e-01,4.203971624374389648e-01,5.755569338798522949e-01,5.784521102905273438e-01,5.567108392715454102e-01,5.077660679817199707e-01,7.105433940887451172e-01,2.289357185363769531e-01,3.547238707542419434e-01,3.909361660480499268e-01,1.113756746053695679e-01,3.397262096405029297e-01,2.367318868637084961e-01,2.402913123369216919e-01,1.129068657755851746e-01,-5.286033451557159424e-02,5.527248382568359375e-01,4.834139645099639893e-01,4.497023522853851318e-01,4.276308417320251465e-01,4.174929559230804443e-01,3.756144046783447266e-01,1.490755230188369751e-01,1.479408442974090576e-01,3.889272511005401611e-01,6.783841252326965332e-01,4.626607596874237061e-01,8.069286942481994629e-01,1.000000000000000000e+00,6.853992342948913574e-01,4.786376655101776123e-01,3.691089153289794922e-01,4.146180152893066406e-01,1.125468760728836060e-01,8.494216203689575195e-02,3.375029563903808594e-02,1.778716146945953369e-01,1.220204532146453857e-01,-7.845217734575271606e-02,-5.916120484471321106e-02,5.064836740493774414e-01,5.393452644348144531e-01,5.456777811050415039e-01,2.783199846744537354e-01,4.122688472270965576e-01,4.107443690299987793e-01,2.058060467243194580e-01,1.141006276011466980e-01
4.947652518749237061e-01,1.877985000610351562e-01,3.904665112495422363e-01,3.553285300731658936e-01,3.149852156639099121e-01,2.517308592796325684e-01,5.961262583732604980e-01,2.358161807060241699e-01,3.413926959037780762e-01,4.058989882469177246e-01,1.468355059623718262e-01,4.318273663520812988e-01,4.238668084144592285e-01,3.389345407485961914e-01,1.907256096601486206e-01,9.152980893850326538e-02,4.621051251888275146e-01,5.068465471267700195e-01,4.039512574672698975e-01,5.042095184326171875e-01,5.018689036369323730e-01,5.687684416770935059e-01,3.269596993923187256e-01,3.368845582008361816e-01,1.010939851403236389e-01,5.673622488975524902e-01,2.073258310556411743e-01,4.638123214244842529e-01,6.853992342948913574e-01,1.000000000000000000e+00,7.983647584915161133e-01,5.992051362991333008e-01,2.011827826499938965e-01,2.412863224744796753e-01,1.198725625872612000e-01,2.308427542448043823e-01,2.780126929283142090e-01,1.594745069742202759e-01,4.763048514723777771e-02,-3.349674493074417114e-02,3.725760877132415771e-01,4.912532269954681396e-01,6.248564720153808594e-01,1.231617480516433716e-01,2.739655971527099609e-01,4.222656488418579102e-01,3.962491750717163086e-01,1.791105717420578003e-01
3.667652606964111328e-01,2.297202870249748230e-02,2.959310710430145264e-01,2.021784484386444092e-01,1.584931910037994385e-01,6.617318838834762573e-02,4.768438637256622314e-01,1.689563393592834473e-01,2.247488498687744141e-01,2.951470911502838135e-01,1.358747035264968872e-01,3.357104361057281494e-01,4.017559587955474854e-01,3.843195140361785889e-01,1.809368580579757690e-01,1.338952332735061646e-01,3.784510195255279541e-01,5.143073201179504395e-01,3.403282463550567627e-01,4.716785848140716553e-01,4.224531352519989014e-01,6.742908358573913574e-01,3.723328113555908203e-01,3.508817255496978760e-01,-2.304293774068355560e-02,4.669767022132873535e-01,8.426528424024581909e-02,2.816820740699768066e-01,4.786376655101776123e-01,7.983647584915161133e-01,1.000000000000000000e+00,6.162155866622924805e-01,4.357119277119636536e-02,2.489530593156814575e-01,9.049236029386520386e-02,2.227690964937210083e-01,3.178500533103942871e-01,1.874095648527145386e-01,1.073016151785850525e-01,-8.116713166236877441e-02,2.334643155336380005e-01,3.464744389057159424e-01,5.426662564277648926e-01,-5.959334783256053925e-03,1.622393578290939331e-01,3.277514278888702393e-01,4.318960011005401611e-01,1.973147690296173096e-01
2.106674909591674805e-01,-1.165068615227937698e-02,1.783764362335205078e-01,2.085665762424468994e-01,2.402039766311645508e-01,2.451891005039215088e-01,3.265689909458160400e-01,2.106064409017562866e-01,2.853839695453643799e-01,3.469986617565155029e-01,1.609294414520263672e-01,4.627983272075653076e-01,4.664172530174255371e-01,1.963938176631927490e-01,1.095271259546279907e-01,1.167674958705902100e-01,2.835805416107177734e-01,3.059879541397094727e-01,3.685917258262634277e-01,4.555091559886932373e-01,5.479263663291931152e-01,6.392132043838500977e-01,3.846794068813323975e-01,6.096525788307189941e-01,-7.650875300168991089e-02,2.955397665500640869e-01,7.896384596824645996e-02,2.126883417367935181e-01,3.691089153289794922e-01,5.992051362991333008e-01,6.162155866622924805e-01,1.000000000000000000e+00,5.806339159607887268e-02,1.858234107494354248e-01,1.616265326738357544e-01,3.964264094829559326e-01,2.170538604259490967e-01,6.446428596973419189e-02,1.605272293090820312e-01,1.865319609642028809e-01,2.286680787801742554e-01,3.544987440109252930e-01,4.773300588130950928e-01,-6.297876685857772827e-02,6.597983092069625854e-02,3.379745483398437500e-01,7.483068108558654785e-01,4.724499285221099854e-01
5.600319504737854004e-01,3.049198091030120850e-01,4.266783297061920166e-01,4.382866322994232178e-01,4.434077143669128418e-01,3.939788043498992920e-01,3.319082260131835938e-01,4.205962419509887695e-01,3.500674366950988770e-01,2.520668208599090576e-01,3.517495393753051758e-01,3.798703849315643311e-01,9.775763005018234253e-02,3.849380612373352051e-01,4.495784044265747070e-01,2.124598473310470581e-01,3.032778203487396240e-01,2.165259122848510742e-01,2.232324481010437012e-01,1.034117341041564941e-01,7.843817770481109619e-02,1.309718489646911621e-01,9.025447815656661987e-02,8.628923445940017700e-02,5.858761668205261230e-01,3.826234638690948486e-01,5.249233841896057129e-01,4.777464866638183594e-01,4.146180152893066406e-01,2.011827826499938965e-01,4.357119277119636536e-02,5.806339159607887268e-02,1.000000000000000000e+00,2.193695455789566040e-01,1.885326653718948364e-01,1.102109625935554504e-01,3.097666800022125244e-01,1.893224865198135376e-01,2.518007718026638031e-02,1.512665599584579468e-01,3.706337809562683105e-01,2.368319481611251831e-01,1.088493093848228455e-01,2.179268449544906616e-01,2.125645428895950317e-01,1.025946214795112610e-01,7.618052512407302856e-02,-3.844238072633743286e-02
