1.000000000000000000e+00,2.000239640474319458e-01,2.731693983078002930e-01,1.884587854146957397e-01,4.769861102104187012e-01,1.112696826457977295e-01,-2.232016623020172119e-01,3.399505615234375000e-01,1.607729047536849976e-01,-1.089469529688358307e-02,2.040539234876632690e-01,2.999013848602771759e-02,2.576318942010402679e-02,8.749677240848541260e-02,2.738577127456665039e-02,2.130893021821975708e-01,-1.271232068538665771e-01,2.571832388639450073e-03,-1.384726315736770630e-01,-1.160008758306503296e-01,-1.412536948919296265e-01,-9.328693151473999023e-02,4.083446785807609558e-02,-4.734252113848924637e-03,5.206233263015747070e-01,1.153065636754035950e-01,5.317035913467407227e-01,6.263557672500610352e-01,4.117782115936279297e-01,-1.920414566993713379e-01,-6.997288763523101807e-02,7.197620719671249390e-02,5.822488665580749512e-01,2.032797187566757202e-01,-3.729610145092010498e-02,-3.087646141648292542e-02,1.349198073148727417e-01,5.496799945831298828e-02,-4.262200091034173965e-04,5.022052209824323654e-04,4.290385842323303223e-01,4.578748252242803574e-03,6.479796767234802246e-02,1.193840727210044861e-01,-5.978075414896011353e-02,-1.811623759567737579e-02,6.736584752798080444e-02,-2.854220196604728699e-02
2.000239640474319458e-01,1.000000000000000000e+00,2.763905329629778862e-03,1.662474125623703003e-01,4.456364214420318604e-01,3.117565810680389404e-01,2.641926407814025879e-01,1.226129829883575439e-01,5.793244838714599609e-01,5.022782087326049805e-01,1.844100058078765869e-01,4.811674356460571289e-01,2.461741864681243896e-01,-7.428345829248428345e-02,4.005384147167205811e-01,2.622534632682800293e-01,2.537263631820678711e-01,1.232931762933731079e-01,1.002897843718528748e-01,1.230736225843429565e-01,1.290043294429779053e-01,1.536413580179214478e-01,1.295626312494277954e-01,-1.652603223919868469e-02,2.766404151916503906e-01,-1.061920970678329468e-01,3.131205141544342041e-01,2.920701205730438232e-01,2.264031618833541870e-01,2.312668263912200928e-01,1.942339092493057251e-01,-1.555673032999038696e-01,3.324701189994812012e-01,2.561911344528198242e-01,4.795566201210021973e-02,7.682045549154281616e-02,2.189043350517749786e-02,4.592533707618713379e-01,2.703590095043182373e-01,1.676959246397018433e-01,5.937531590461730957e-01,5.331536531448364258e-01,2.515723407268524170e-01,5.892819762229919434e-01,5.488640069961547852e-01,3.711119294166564941e-01,1.438213605433702469e-02,-5.190230160951614380e-02
2.731693983078002930e-01,2.763905329629778862e-03,1.000000000000000000e+00,2.136886268854141235e-01,1.978222578763961792e-01,1.488188505172729492e-01,2.106402218341827393e-01,1.236705668270587921e-02,5.922563374042510986e-02,1.245998516678810120e-01,-6.892468035221099854e-02,2.502920106053352356e-02,1.050145551562309265e-02,-8.387405425310134888e-03,-3.393983095884323120e-02,3.146233409643173218e-02,2.359671741724014282e-01,2.723014652729034424e-01,6.977057084441184998e-03,8.177378773689270020e-02,1.310648322105407715e-01,-2.315428107976913452e-03,-3.735000640153884888e-02,5.379241704940795898e-02,3.669660538434982300e-02,4.313364923000335693e-01,2.067514508962631226e-01,3.011188209056854248e-01,1.689767688512802124e-01,8.942614495754241943e-02,2.313757985830307007e-01,-3.309421613812446594e-02,4.983557015657424927e-02,-5.259699746966362000e-02,-6.213875487446784973e-02,9.886471927165985107e-02,4.659498482942581177e-02,3.508222522214055061e-03,-8.760879933834075928e-02,-1.181429550051689148e-01,4.879859089851379395e-02,1.059973537921905518e-01,5.373114719986915588e-02,-6.890093535184860229e-02,7.687619328498840332e-02,1.166033893823623657e-01,6.580644845962524414e-02,-2.117991894483566284e-01
1.884587854146957397e-01,1.662474125623703003e-01,2.136886268854141235e-01,1.000000000000000000e+00,4.024559855461120605e-01,4.946587979793548584e-01,3.383756577968597412e-01,-9.318751096725463867e-02,7.659763842821121216e-02,1.814658492803573608e-01,-2.398623675107955933e-01,-1.891279779374599457e-02,1.523001641035079956e-01,-2.067943364381790161e-01,-1.250317692756652832e-01,9.402730502188205719e-03,1.623551249504089355e-01,1.058979108929634094e-01,1.817999035120010376e-01,1.915402412414550781e-01,2.401557713747024536e-01,4.495219886302947998e-02,-5.123592168092727661e-02,1.929014734923839569e-02,1.461855918169021606e-01,6.561385840177536011e-02,3.756076842546463013e-02,2.059869468212127686e-01,1.351188868284225464e-01,2.104026228189468384e-01,1.443640440702438354e-01,-6.197229027748107910e-02,-7.609787583351135254e-02,1.187247131019830704e-02,-9.009876847267150879e-02,-5.961364507675170898e-02,-5.296294763684272766e-02,5.559199303388595581e-02,-1.915505528450012207e-02,-3.174047684296965599e-03,2.965216338634490967e-01,2.146163731813430786e-01,4.015685319900512695e-01,6.691027432680130005e-02,1.220922246575355530e-01,1.861244440078735352e-01,3.714938461780548096e-02,-2.022240608930587769e-01
4.769861102104187012e-01,4.456364214420318604e-01,1.978222578763961792e-01,4.024559855461120605e-01,1.000000000000000000e+00,5.045017004013061523e-01,9.184339642524719238e-02,8.295107632875442505e-02,3.219484984874725342e-01,2.559190988540649414e-01,-8.359235525131225586e-02,1.368274241685867310e-01,1.810079813003540039e-01,-1.057562455534934998e-01,4.854143783450126648e-02,1.975494027137756348e-01,4.646983742713928223e-02,2.059469670057296753e-01,-1.383291091769933701e-02,-1.400363445281982422e-02,8.679071068763732910e-02,4.165706783533096313e-02,-2.449315041303634644e-02,5.457333475351333618e-02,4.400209784507751465e-01,7.091151177883148193e-02,4.102240502834320068e-01,4.318510293960571289e-01,1.754519343376159668e-01,9.326620399951934814e-02,1.987497061491012573e-01,-1.327047683298587799e-02,3.548855185508728027e-01,-2.751428447663784027e-02,-9.745377302169799805e-02,1.370330527424812317e-02,-1.298671960830688477e-02,1.299776881933212280e-01,-9.762194938957691193e-03,-1.389745920896530151e-01,6.358235478401184082e-01,3.291659355163574219e-01,1.932343840599060059e-01,2.848073244094848633e-01,2.073865532875061035e-01,2.454965859651565552e-01,1.027329117059707642e-01,-9.917089343070983887e-02
1.112696826457977295e-01,3.117565810680389404e-01,1.488188505172729492e-01,4.946587979793548584e-01,5.045017004013061523e-01,1.000000000000000000e+00,3.399608433246612549e-01,-1.272958368062973022e-01,3.102822899818420410e-01,4.747962355613708496e-01,-1.468749642372131348e-01,2.760083675384521484e-01,2.913906574249267578e-01,-2.709785401821136475e-01,9.680111706256866455e-02,2.753567993640899658e-01,1.355943381786346436e-01,1.936821788549423218e-01,7.192113995552062988e-02,3.938873857259750366e-02,1.083081066608428955e-01,-1.391763687133789062e-01,-2.764413505792617798e-02,1.291821449995040894e-01,1.583158969879150391e-01,1.039766594767570496e-01,2.371120750904083252e-01,1.675935685634613037e-01,8.913619816303253174e-02,3.006342053413391113e-01,2.972239553928375244e-01,-1.556253284215927124e-01,1.037770807743072510e-01,3.379648923873901367e-02,-1.146990060806274414e-01,1.305247247219085693e-01,-9.445308148860931396e-02,1.965485960245132446e-01,5.310667306184768677e-02,-4.197377339005470276e-02,3.713178932666778564e-01,5.750761032104492188e-01,2.646135091781616211e-01,2.013103216886520386e-01,3.846237659454345703e-01,4.873303472995758057e-01,4.444190859794616699e-02,-3.197112977504730225e-01
-2.232016623020172119e-01,2.641926407814025879e-01,2.106402218341827393e-01,3.383756577968597412e-01,9.184339642524719238e-02,3.399608433246612549e-01,1.000000000000000000e+00,-4.623980447649955750e-02,1.505449861288070679e-01,4.143734276294708252e-01,-7.586529105901718140e-02,1.999012082815170288e-01,3.721526861190795898e-01,-1.097084507346153259e-01,1.646698117256164551e-01,2.242035716772079468e-01,6.881479620933532715e-01,3.438072502613067627e-01,3.407479822635650635e-01,3.812003433704376221e-01,3.095021247863769531e-01,2.037713378667831421e-01,1.201165243983268738e-01,-6.145233288407325745e-02,9.987821429967880249e-02,6.110672652721405029e-02,4.225102812051773071e-02,6.453724950551986694e-02,1.765771359205245972e-01,4.641837179660797119e-01,3.627759814262390137e-01,-2.750049233436584473e-01,-1.446701884269714355e-01,8.488123118877410889e-02,1.320438981056213379e-01,1.324823200702667236e-01,6.235178560018539429e-02,3.169855475425720215e-01,1.600266098976135254e-01,1.384431570768356323e-01,7.628267258405685425e-02,4.087933003902435303e-01,3.449884355068206787e-01,2.118295431137084961e-01,3.128559887409210205e-01,3.675655424594879150e-01,-8.348863571882247925e-02,-1.837769746780395508e-01
3.399505615234375000e-01,1.226129829883575439e-01,1.236705668270587921e-02,-9.318751096725463867e-02,8.295107632875442505e-02,-1.272958368062973022e-01,-4.623980447649955750e-02,1.000000000000000000e+00,1.995066702365875244e-01,-1.032620593905448914e-01,6.266159415245056152e-01,5.622670799493789673e-02,1.275211274623870850e-01,6.349659562110900879e-01,3.252302408218383789e-01,1.695436537265777588e-01,6.380916386842727661e-02,-8.591829240322113037e-02,8.494807779788970947e-02,2.396591566503047943e-02,-1.226748824119567871e-01,-5.383937619626522064e-03,1.255530118942260742e-01,-8.864492177963256836e-02,4.189220666885375977e-01,-1.963461283594369888e-03,2.841500043869018555e-01,7.817408442497253418e-02,3.316663205623626709e-02,-1.424435228109359741e-01,-1.463739871978759766e-01,4.457124322652816772e-02,4.844820499420166016e-01,3.292843997478485107e-01,1.115085855126380920e-01,-1.258876472711563110e-01,6.417048573493957520e-01,2.360069006681442261e-01,2.035035341978073120e-01,1.007950082421302795e-01,1.728163659572601318e-01,-9.986438602209091187e-02,6.555812060832977295e-02,2.471475750207901001e-01,-1.091742366552352905e-01,-4.884922876954078674e-02,-6.443805992603302002e-02,-6.132231652736663818e-02
1.607729047536849976e-01,5.793244838714599609e-01,5.922563374042510986e-02,7.659763842821121216e-02,3.219484984874725342e-01,3.102822899818420410e-01,1.505449861288070679e-01,1.995066702365875244e-01,1.000000000000000000e+00,4.860551953315734863e-01,3.403297364711761475e-01,5.631884932518005371e-01,4.017753154039382935e-02,1.062726229429244995e-01,5.125305652618408203e-01,2.607245147228240967e-01,1.180435344576835632e-01,4.371241480112075806e-02,-3.583852201700210571e-02,-3.344878554344177246e-02,-5.437473207712173462e-02,-4.150109365582466125e-02,-8.568015694618225098e-02,-1.989881321787834167e-02,1.541276872158050537e-01,-7.189375162124633789e-02,3.035039901733398438e-01,2.040797173976898193e-01,6.473767012357711792e-02,1.085254400968551636e-01,1.381320506334304810e-01,-1.658058166503906250e-01,2.795268893241882324e-01,2.538353502750396729e-01,7.766114920377731323e-02,3.286437317728996277e-02,1.963647454977035522e-01,4.727361202239990234e-01,2.649039626121520996e-01,1.228991895914077759e-01,4.206423163414001465e-01,4.217492640018463135e-01,4.812732338905334473e-02,6.704654097557067871e-01,4.172684848308563232e-01,3.592558205127716064e-01,-1.757979206740856171e-02,-1.873598843812942505e-01
-1.089469529688358307e-02,5.022782087326049805e-01,1.245998516678810120e-01,1.814658492803573608e-01,2.559190988540649414e-01,4.747962355613708496e-01,4.143734276294708252e-01,-1.032620593905448914e-01,4.860551953315734863e-01,1.000000000000000000e+00,7.635383307933807373e-02,6.458146572113037109e-01,4.473861753940582275e-01,-2.125671058893203735e-01,4.536761343479156494e-01,2.545624077320098877e-01,3.350998461246490479e-01,2.042302638292312622e-01,1.407157480716705322e-01,1.763489693403244019e-01,1.923966258764266968e-01,6.879045069217681885e-02,6.184010952711105347e-02,4.222820699214935303e-02,1.959944665431976318e-01,3.830574080348014832e-02,2.238070517778396606e-01,1.978118121623992920e-01,1.575546115636825562e-01,2.556372880935668945e-01,3.140617311000823975e-01,-2.570933997631072998e-01,1.143872812390327454e-01,7.424425333738327026e-02,-1.094906684011220932e-02,2.194353342056274414e-01,-8.397072553634643555e-02,3.984318077564239502e-01,6.910778582096099854e-02,5.362827330827713013e-02,3.189104795455932617e-01,6.609255671501159668e-01,2.692263722419738770e-01,3.192342817783355713e-01,5.939211845397949219e-01,7.028912901878356934e-01,-7.122994400560855865e-03,-2.201260179281234741e-01
2.040539234876632690e-01,1.844100058078765869e-01,-6.892468035221099854e-02,-2.398623675107955933e-01,-8.359235525131225586e-02,-1.468749642372131348e-01,-7.586529105901718140e-02,6.266159415245056152e-01,3.403297364711761475e-01,7.635383307933807373e-02,1.000000000000000000e+00,3.639013171195983887e-01,3.138418495655059814e-02,5.139466524124145508e-01,5.468729138374328613e-01,7.251536846160888672e-02,-6.310489494353532791e-03,-2.307980954647064209e-01,1.384027581661939621e-02,-3.594528883695602417e-02,-1.752583682537078857e-01,4.345851484686136246e-03,4.171380028128623962e-02,-1.616909727454185486e-02,2.602288424968719482e-01,-2.016455829143524170e-01,2.248832881450653076e-01,7.991985231637954712e-02,2.241887897253036499e-02,-1.492680758237838745e-01,-1.279368996620178223e-01,3.875091671943664551e-02,3.671936690807342529e-01,2.971256375312805176e-01,1.373565346002578735e-01,-6.135682389140129089e-02,4.323515892028808594e-01,2.618182599544525146e-01,1.443585604429244995e-01,1.614219695329666138e-01,1.240742877125740051e-01,-1.708873920142650604e-02,5.538138095289468765e-03,3.258720338344573975e-01,1.376552321016788483e-02,3.636945784091949463e-02,-2.725438214838504791e-02,2.952142618596553802e-02
2.999013848602771759e-02,4.811674356460571289e-01,2.502920106053352356e-02,-1.891279779374599457e-02,1.368274241685867310e-01,2.760083675384521484e-01,1.999012082815170288e-01,5.622670799493789673e-02,5.631884932518005371e-01,6.458146572113037109e-01,3.639013171195983887e-01,1.000000000000000000e+00,2.434353679418563843e-01,2.846093848347663879e-03,7.177374362945556641e-01,1.770058274269104004e-01,1.917121708393096924e-01,4.613070189952850342e-02,1.368559617549180984e-02,1.282616984099149704e-02,4.233685135841369629e-02,-1.390594756230711937e-03,2.146346494555473328e-02,-4.512090981006622314e-02,1.489250510931015015e-01,-1.518402248620986938e-02,1.689504384994506836e-01,1.086055785417556763e-01,6.519562005996704102e-02,1.277186274528503418e-01,1.570526212453842163e-01,-2.057162970304489136e-01,2.015912830829620361e-01,1.740618199110031128e-01,-4.249328747391700745e-03,9.223517775535583496e-02,1.036217436194419861e-02,3.525608777999877930e-01,1.233191490173339844e-01,7.463323324918746948e-02,3.040419518947601318e-01,4.662672579288482666e-01,7.355697453022003174e-02,3.841763138771057129e-01,4.769726991653442383e-01,4.642093479633331299e-01,-1.051890254020690918e-01,-1.653325557708740234e-01
2.576318942010402679e-02,2.461741864681243896e-01,1.050145551562309265e-02,1.523001641035079956e-01,1.810079813003540039e-01,2.913906574249267578e-01,3.721526861190795898e-01,1.275211274623870850e-01,4.017753154039382935e-02,4.473861753940582275e-01,3.138418495655059814e-02,2.434353679418563843e-01,1.000000000000000000e+00,-1.358677893877029419e-01,1.622613519430160522e-01,3.035892248153686523e-01,3.795459866523742676e-01,1.225999966263771057e-01,3.305002748966217041e-01,4.204593598842620850e-01,3.338654637336730957e-01,1.124378293752670288e-01,3.863878250122070312e-01,-7.960727065801620483e-02,3.206780552864074707e-01,1.085352711379528046e-02,5.570062994956970215e-02,1.365649998188018799e-01,1.545956134796142578e-01,6.298102438449859619e-02,6.731397658586502075e-02,-2.107763886451721191e-01,1.000239551067352295e-01,9.881382808089256287e-03,-1.238646917045116425e-02,1.508655250072479248e-01,1.660208590328693390e-02,3.013074100017547607e-01,1.240299269556999207e-01,3.653962537646293640e-02,1.061887517571449280e-01,3.533221185207366943e-01,3.679720461368560791e-01,1.294292062520980835e-01,2.348958998918533325e-01,4.289934337139129639e-01,-1.309510022401809692e-01,-1.745944023132324219e-01
8.749677240848541260e-02,-7.428345829248428345e-02,-8.387405425310134888e-03,-2.067943364381790161e-01,-1.057562455534934998e-01,-2.709785401821136475e-01,-1.097084507346153259e-01,6.349659562110900879e-01,1.062726229429244995e-01,-2.125671058893203735e-01,5.139466524124145508e-01,2.846093848347663879e-03,-1.358677893877029419e-01,1.000000000000000000e+00,2.510979771614074707e-01,1.130980439484119415e-02,-5.099279060959815979e-02,-9.187215566635131836e-02,-7.269918173551559448e-02,-1.022355258464813232e-01,-1.452630609273910522e-01,-4.123752564191818237e-02,-4.596301913261413574e-02,3.960073739290237427e-02,1.064830198884010315e-01,4.319440945982933044e-02,9.230294078588485718e-02,-6.756279617547988892e-02,-1.498815417289733887e-01,-1.529489010572433472e-01,-8.754634112119674683e-02,1.234232932329177856e-01,1.200926825404167175e-01,3.764561936259269714e-02,1.945571601390838623e-01,-1.116874143481254578e-01,6.321290135383605957e-01,1.449645590037107468e-02,3.485672175884246826e-03,-8.489814400672912598e-02,-4.476155713200569153e-02,-2.550619244575500488e-01,-1.370847672224044800e-01,7.353949546813964844e-02,-1.908842176198959351e-01,-1.763625591993331909e-01,3.954989463090896606e-02,6.932762265205383301e-02
2.738577127456665039e-02,4.005384147167205811e-01,-3.393983095884323120e-02,-1.250317692756652832e-01,4.854143783450126648e-02,9.680111706256866455e-02,1.646698117256164551e-01,3.252302408218383789e-01,5.125305652618408203e-01,4.536761343479156494e-01,5.468729138374328613e-01,7.177374362945556641e-01,1.622613519430160522e-01,2.510979771614074707e-01,1.000000000000000000e+00,7.399261742830276489e-02,1.909125745296478271e-01,-1.033795848488807678e-01,1.201630905270576477e-01,7.995638996362686157e-02,-1.385801844298839569e-02,6.334032118320465088e-02,-3.611519932746887207e-02,-1.146406903862953186e-01,2.192780524492263794e-01,-1.237226724624633789e-01,1.490875929594039917e-01,8.837133646011352539e-02,6.730626802891492844e-03,4.020555689930915833e-02,-1.392872352153062820e-02,-2.274239063262939453e-01,2.363752722740173340e-01,2.492624670267105103e-01,5.907685309648513794e-02,1.206052582710981369e-02,2.284601479768753052e-01,4.803018271923065186e-01,2.148427367210388184e-01,1.491942554712295532e-01,1.769951283931732178e-01,3.381313681602478027e-01,1.001837924122810364e-01,3.791765272617340088e-01,4.148644208908081055e-01,3.753751814365386963e-01,-1.417352110147476196e-01,-1.032658219337463379e-01
2.130893021821975708e-01,2.622534632682800293e-01,3.146233409643173218e-02,9.402730502188205719e-03,1.975494027137756348e-01,2.753567993640899658e-01,2.242035716772079468e-01,1.695436537265777588e-01,2.607245147228240967e-01,2.545624077320098877e-01,7.251536846160888672e-02,1.770058274269104004e-01,3.035892248153686523e-01,1.130980439484119415e-02,7.399261742830276489e-02,1.000000000000000000e+00,2.200289219617843628e-01,2.789327800273895264e-01,-3.651857003569602966e-02,6.706057582050561905e-03,2.569292113184928894e-02,-1.094439253211021423e-01,1.921107023954391479e-01,-6.176749244332313538e-02,2.365417927503585815e-01,1.445251554250717163e-01,4.002723097801208496e-01,2.075935006141662598e-01,2.567598521709442139e-01,1.395409107208251953e-01,1.538962274789810181e-01,-1.837606430053710938e-01,2.808565199375152588e-01,2.823324799537658691e-01,3.017661869525909424e-01,-2.108689770102500916e-02,2.032713592052459717e-01,3.194737136363983154e-01,4.123443663120269775e-01,9.962604194879531860e-02,2.990513741970062256e-01,2.021973431110382080e-01,8.812768012285232544e-02,3.225603699684143066e-01,3.112587518990039825e-02,1.418494284152984619e-01,-9.342163056135177612e-02,-1.477707475423812866e-01
-1.271232068538665771e-01,2.537263631820678711e-01,2.359671741724014282e-01,1.623551249504089355e-01,4.646983742713928223e-02,1.355943381786346436e-01,6.881479620933532715e-01,6.380916386842727661e-02,1.180435344576835632e-01,3.350998461246490479e-01,-6.310489494353532791e-03,1.917121708393096924e-01,3.795459866523742676e-01,-5.099279060959815979e-02,1.909125745296478271e-01,2.200289219617843628e-01,1.000000000000000000e+00,4.510364234447479248e-01,4.357041120529174805e-01,5.043885111808776855e-01,3.586077392101287842e-01,2.793208956718444824e-01,2.079282402992248535e-01,-1.422149986028671265e-01,1.504006087779998779e-01,7.356083393096923828e-02,8.383516967296600342e-02,1.051469817757606506e-01,2.573367953300476074e-01,4.242456555366516113e-01,3.303735852241516113e-01,-2.919830679893493652e-01,-2.461477741599082947e-02,1.318161189556121826e-01,1.435711979866027832e-01,8.219603449106216431e-02,8.537660539150238037e-02,3.050837516784667969e-01,2.288986891508102417e-01,1.129789352416992188e-01,9.622754156589508057e-02,3.237559497356414795e-01,3.374709784984588623e-01,1.921565234661102295e-01,2.609640061855316162e-01,3.142642080783843994e-01,-1.795871257781982422e-01,-2.098990678787231445e-01
2.571832388639450073e-03,1.232931762933731079e-01,2.723014652729034424e-01,1.058979108929634094e-01,2.059469670057296753e-01,1.936821788549423218e-01,3.438072502613067627e-01,-8.591829240322113037e-02,4.371241480112075806e-02,2.042302638292312622e-01,-2.307980954647064209e-01,4.613070189952850342e-02,1.225999966263771057e-01,-9.187215566635131836e-02,-1.033795848488807678e-01,2.789327800273895264e-01,4.510364234447479248e-01,1.000000000000000000e+00,-9.141016751527786255e-02,4.222168400883674622e-02,2.452034205198287964e-01,-3.292583301663398743e-02,1.077632978558540344e-01,6.943377107381820679e-02,1.092393025755882263e-01,4.510697126388549805e-01,2.316427975893020630e-01,-2.924018725752830505e-02,1.887782067060470581e-01,4.066441953182220459e-01,6.054495573043823242e-01,-1.551464945077896118e-01,1.178028285503387451e-01,-4.817395005375146866e-03,-6.135336309671401978e-02,1.125081554055213928e-01,-2.556502632796764374e-02,-1.059679873287677765e-02,-1.040850672870874405e-02,-1.557528972625732422e-01,2.305683791637420654e-01,2.301058769226074219e-01,-7.796936482191085815e-02,-2.686755359172821045e-02,8.689769357442855835e-02,8.636634051799774170e-02,2.527830377221107483e-02,-1.493050903081893921e-01
-1.384726315736770630e-01,1.002897843718528748e-01,6.977057084441184998e-03,1.817999035120010376e-01,-1.383291091769933701e-02,7.192113995552062988e-02,3.407479822635650635e-01,8.494807779788970947e-02,-3.583852201700210571e-02,1.407157480716705322e-01,1.384027581661939621e-02,1.368559617549180984e-02,3.305002748966217041e-01,-7.269918173551559448e-02,1.201630905270576477e-01,-3.651857003569602966e-02,4.357041120529174805e-01,-9.141016751527786255e-02,1.000000000000000000e+00,7.147519588470458984e-01,3.663496077060699463e-01,4.184687137603759766e-01,2.118997722864151001e-01,-1.731096953153610229e-01,5.649538338184356689e-02,-1.679520457983016968e-01,-2.123983502388000488e-01,-2.361019887030124664e-02,-5.051165446639060974e-02,6.285415589809417725e-02,-1.863974928855895996e-01,-2.254295647144317627e-01,-1.339902877807617188e-01,5.449179187417030334e-02,2.129986137151718140e-02,-7.472571730613708496e-02,1.335986256599426270e-01,2.335853129625320435e-01,3.506669700145721436e-01,3.816531896591186523e-01,-8.364588767290115356e-02,1.078031510114669800e-01,4.492778778076171875e-01,1.038447916507720947e-01,1.075406223535537720e-01,2.377957254648208618e-01,-2.121846526861190796e-01,-5.772069096565246582e-02
-1.160008758306503296e-01,1.230736225843429565e-01,8.177378773689270020e-02,1.915402412414550781e-01,-1.400363445281982422e-02,3.938873857259750366e-02,3.812003433704376221e-01,2.396591566503047943e-02,-3.344878554344177246e-02,1.763489693403244019e-01,-3.594528883695602417e-02,1.282616984099149704e-02,4.204593598842620850e-01,-1.022355258464813232e-01,7.995638996362686157e-02,6.706057582050561905e-03,5.043885111808776855e-01,4.222168400883674622e-02,7.147519588470458984e-01,1.000000000000000000e+00,6.159621477127075195e-01,4.354970157146453857e-01,2.714434862136840820e-01,-2.049116194248199463e-01,6.043038144707679749e-02,-8.201779425144195557e-02,-1.847366988658905029e-01,3.836724534630775452e-02,8.846369385719299316e-02,7.057875394821166992e-02,-1.337479948997497559e-01,-2.787538766860961914e-01,-1.407687067985534668e-01,3.903558244928717613e-03,6.015310436487197876e-02,-1.559058278799057007e-01,1.112907845526933670e-02,2.113617360591888428e-01,3.199422657489776611e-01,2.425984293222427368e-01,-8.191788941621780396e-02,1.066290810704231262e-01,4.405643045902252197e-01,1.378107964992523193e-01,7.116680592298507690e-02,2.379319071769714355e-01,-3.016281127929687500e-01,-9.500569850206375122e-02
-1.412536948919296265e-01,1.290043294429779053e-01,1.310648322105407715e-01,2.401557713747024536e-01,8.679071068763732910e-02,1.083081066608428955e-01,3.095021247863769531e-01,-1.226748824119567871e-01,-5.437473207712173462e-02,1.923966258764266968e-01,-1.752583682537078857e-01,4.233685135841369629e-02,3.338654637336730957e-01,-1.452630609273910522e-01,-1.385801844298839569e-02,2.569292113184928894e-02,3.586077392101287842e-01,2.452034205198287964e-01,3.663496077060699463e-01,6.159621477127075195e-01,1.000000000000000000e+00,3.552086651325225830e-01,3.254051208496093750e-01,-4.469102248549461365e-02,3.735574334859848022e-02,9.038347005844116211e-02,-1.344821453094482422e-01,-2.694415859878063202e-02,8.326952159404754639e-02,1.704975664615631104e-01,1.123010888695716858e-01,-1.382307708263397217e-01,-8.865613490343093872e-02,-5.492262169718742371e-02,-1.906022243201732635e-02,-6.661033630371093750e-02,-1.460002809762954712e-01,8.742100745439529419e-02,1.439120620489120483e-01,1.082010045647621155e-01,3.339817747473716736e-02,1.448252201080322266e-01,3.119738399982452393e-01,2.375265024602413177e-02,9.321802109479904175e-02,2.023273408412933350e-01,-1.421534270048141479e-01,-3.547099605202674866e-02
-9.328693151473999023e-02,1.536413580179214478e-01,-2.315428107976913452e-03,4.495219886302947998e-02,4.165706783533096313e-02,-1.391763687133789062e-01,2.037713378667831421e-01,-5.383937619626522064e-03,-4.150109365582466125e-02,6.879045069217681885e-02,4.345851484686136246e-03,-1.390594756230711937e-03,1.124378293752670288e-01,-4.123752564191818237e-02,6.334032118320465088e-02,-1.094439253211021423e-01,2.793208956718444824e-01,-3.292583301663398743e-02,4.184687137603759766e-01,4.354970157146453857e-01,3.552086651325225830e-01,1.000000000000000000e+00,1.252877861261367798e-01,-2.932069897651672363e-01,-1.323296502232551575e-02,-1.640489250421524048e-01,-2.421594560146331787e-01,9.879645705223083496e-02,6.223047524690628052e-02,-8.760253340005874634e-02,-1.982506066560745239e-01,6.163981556892395020e-02,-1.328340321779251099e-01,-1.780304871499538422e-02,1.720337718725204468e-01,-2.636968791484832764e-01,-7.613118737936019897e-02,1.235207989811897278e-01,2.291311323642730713e-01,1.458704024553298950e-01,-1.024672854691743851e-02,3.661601990461349487e-02,2.217763811349868774e-01,1.641322523355484009e-01,9.730935096740722656e-03,1.980556175112724304e-02,-3.153738677501678467e-01,3.178849220275878906e-01
4.083446785807609558e-02,1.295626312494277954e-01,-3.735000640153884888e-02,-5.123592168092727661e-02,-2.449315041303634644e-02,-2.764413505792617798e-02,1.201165243983268738e-01,1.255530118942260742e-01,-8.568015694618225098e-02,6.184010952711105347e-02,4.171380028128623962e-02,2.146346494555473328e-02,3.863878250122070312e-01,-4.596301913261413574e-02,-3.611519932746887207e-02,1.921107023954391479e-01,2.079282402992248535e-01,1.077632978558540344e-01,2.118997722864151001e-01,2.714434862136840820e-01,3.254051208496093750e-01,1.252877861261367798e-01,1.000000000000000000e+00,5.446841195225715637e-02,1.692826449871063232e-01,6.250568479299545288e-02,5.874692276120185852e-02,5.031653121113777161e-02,1.749046891927719116e-01,8.021061867475509644e-02,8.778173476457595825e-02,4.944172129034996033e-02,1.628319621086120605e-01,1.729855984449386597e-01,-8.163873106241226196e-03,1.605682522058486938e-01,4.487326368689537048e-02,2.991883270442485809e-02,1.749372184276580811e-01,1.825196295976638794e-01,8.917458355426788330e-02,1.189077496528625488e-01,1.656899005174636841e-01,4.882310703396797180e-02,8.065211027860641479e-02,8.938031643629074097e-02,-2.929969504475593567e-02,2.018498182296752930e-01
-4.734252113848924637e-03,-1.652603223919868469e-02,5.379241704940795898e-02,1.929014734923839569e-02,5.457333475351333618e-02,1.291821449995040894e-01,-6.145233288407325745e-02,-8.864492177963256836e-02,-1.989881321787834167e-02,4.222820699214935303e-02,-1.616909727454185486e-02,-4.512090981006622314e-02,-7.960727065801620483e-02,3.960073739290237427e-02,-1.146406903862953186e-01,-6.176749244332313538e-02,-1.422149986028671265e-01,6.943377107381820679e-02,-1.731096953153610229e-01,-2.049116194248199463e-01,-4.469102248549461365e-02,-2.932069897651672363e-01,5.446841195225715637e-02,1.000000000000000000e+00,-7.448520627804100513e-04,-1.288281846791505814e-02,1.181729063391685486e-01,7.247629761695861816e-02,4.172774031758308411e-02,2.121592313051223755e-01,4.909252524375915527e-01,4.229996502399444580e-01,-5.532481148838996887e-02,-1.105047166347503662e-01,-1.055307015776634216e-01,5.294594764709472656e-01,-8.409148454666137695e-02,-8.524727076292037964e-02,-2.467477321624755859e-01,-7.991930097341537476e-02,8.345703780651092529e-02,8.929471671581268311e-02,-1.254337839782238007e-02,-1.354176104068756104e-01,1.312052905559539795e-01,7.760033756494522095e-02,7.833995223045349121e-01,4.851157218217849731e-02
5.206233263015747070e-01,2.766404151916503906e-01,3.669660538434982300e-02,1.461855918169021606e-01,4.400209784507751465e-01,1.583158969879150391e-01,9.987821429967880249e-02,4.189220666885375977e-01,1.541276872158050537e-01,1.959944665431976318e-01,2.602288424968719482e-01,1.489250510931015015e-01,3.206780552864074707e-01,1.064830198884010315e-01,2.192780524492263794e-01,2.365417927503585815e-01,1.504006087779998779e-01,1.092393025755882263e-01,5.649538338184356689e-02,6.043038144707679749e-02,3.735574334859848022e-02,-1.323296502232551575e-02,1.692826449871063232e-01,-7.448520627804100513e-04,1.000000000000000000e+00,3.482697159051895142e-02,4.969319105148315430e-01,4.143384099006652832e-01,3.198834955692291260e-01,-2.091735415160655975e-02,6.264223903417587280e-02,-5.398226529359817505e-02,5.944435000419616699e-01,2.279792726039886475e-01,-5.765442550182342529e-02,8.010000735521316528e-02,2.096443623304367065e-01,2.669916450977325439e-01,8.686857298016548157e-03,3.472010791301727295e-02,4.089358150959014893e-01,2.150065153837203979e-01,2.580073773860931396e-01,1.676183789968490601e-01,1.538802534341812134e-01,2.572043538093566895e-01,3.211985155940055847e-02,-8.503945171833038330e-02
1.153065636754035950e-01,-1.061920970678329468e-01,4.313364923000335693e-01,6.561385840177536011e-02,7.091151177883148193e-02,1.039766594767570496e-01,6.110672652721405029e-02,-1.963461283594369888e-03,-7.189375162124633789e-02,3.830574080348014832e-02,-2.016455829143524170e-01,-1.518402248620986938e-02,1.085352711379528046e-02,4.319440945982933044e-02,-1.237226724624633789e-01,1.445251554250717163e-01,7.356083393096923828e-02,4.510697126388549805e-01,-1.679520457983016968e-01,-8.201779425144195557e-02,9.038347005844116211e-02,-1.640489250421524048e-01,6.250568479299545288e-02,-1.288281846791505814e-02,3.482697159051895142e-02,1.000000000000000000e+00,1.885118931531906128e-01,-5.805246159434318542e-02,1.149914935231208801e-01,5.676846578717231750e-02,2.097616344690322876e-01,-5.851136520504951477e-02,1.213367581367492676e-01,-1.513110101222991943e-01,-1.037004888057708740e-01,1.824798434972763062e-02,4.293796792626380920e-02,-1.981080919504165649e-01,-6.723026931285858154e-02,-2.191440463066101074e-01,7.108012586832046509e-02,-1.465893723070621490e-02,-1.357613801956176758e-01,-2.299348115921020508e-01,-2.188115753233432770e-02,2.288738451898097992e-02,8.268231526017189026e-03,-7.294430583715438843e-02
5.317035913467407227e-01,3.131205141544342041e-01,2.067514508962631226e-01,3.756076842546463013e-02,4.102240502834320068e-01,2.371120750904083252e-01,4.225102812051773071e-02,2.841500043869018555e-01,3.035039901733398438e-01,2.238070517778396606e-01,2.248832881450653076e-01,1.689504384994506836e-01,5.570062994956970215e-02,9.230294078588485718e-02,1.490875929594039917e-01,4.002723097801208496e-01,8.383516967296600342e-02,2.316427975893020630e-01,-2.123983502388000488e-01,-1.847366988658905029e-01,-1.344821453094482422e-01,-2.421594560146331787e-01,5.874692276120185852e-02,1.181729063391685486e-01,4.969319105148315430e-01,1.885118931531906128e-01,1.000000000000000000e+00,4.698652327060699463e-01,4.502066671848297119e-01,1.466529071331024170e-01,2.510629594326019287e-01,-3.150840848684310913e-02,6.187624931335449219e-01,2.022129446268081665e-01,6.476604938507080078e-02,1.493757367134094238e-01,1.645227670669555664e-01,2.071134150028228760e-01,-2.157204039394855499e-02,-3.930838778614997864e-02,4.927061796188354492e-01,2.484041154384613037e-01,4.943249747157096863e-03,2.016706913709640503e-01,1.698403656482696533e-01,1.904225647449493408e-01,1.590278297662734985e-01,-1.022426038980484009e-01
6.263557672500610352e-01,2.920701205730438232e-01,3.011188209056854248e-01,2.059869468212127686e-01,4.318510293960571289e-01,1.675935685634613037e-01,6.453724950551986694e-02,7.817408442497253418e-02,2.040797173976898193e-01,1.978118121623992920e-01,7.991985231637954712e-02,1.086055785417556763e-01,1.365649998188018799e-01,-6.756279617547988892e-02,8.837133646011352539e-02,2.075935006141662598e-01,1.051469817757606506e-01,-2.924018725752830505e-02,-2.361019887030124664e-02,3.836724534630775452e-02,-2.694415859878063202e-02,9.879645705223083496e-02,5.031653121113777161e-02,7.247629761695861816e-02,4.143384099006652832e-01,-5.805246159434318542e-02,4.698652327060699463e-01,1.000000000000000000e+00,5.613619685173034668e-01,-4.989408701658248901e-02,6.720905005931854248e-02,8.446287363767623901e-02,2.979954481124877930e-01,5.716746300458908081e-02,6.365274637937545776e-02,1.045852974057197571e-01,-1.749284937977790833e-02,1.980461478233337402e-01,-1.174958236515522003e-02,-5.524389073252677917e-02,3.141914904117584229e-01,2.096414119005203247e-01,2.044330239295959473e-01,1.898768991231918335e-01,2.034402340650558472e-01,1.781253516674041748e-01,1.307364404201507568e-01,-3.063440136611461639e-02
4.117782115936279297e-01,2.264031618833541870e-01,1.689767688512802124e-01,1.351188868284225464e-01,1.754519343376159668e-01,8.913619816303253174e-02,1.765771359205245972e-01,3.316663205623626709e-02,6.473767012357711792e-02,1.575546115636825562e-01,2.241887897253036499e-02,6.519562005996704102e-02,1.545956134796142578e-01,-1.498815417289733887e-01,6.730626802891492844e-03,2.567598521709442139e-01,2.573367953300476074e-01,1.887782067060470581e-01,-5.051165446639060974e-02,8.846369385719299316e-02,8.326952159404754639e-02,6.223047524690628052e-02,1.749046891927719116e-01,4.172774031758308411e-02,3.198834955692291260e-01,1.149914935231208801e-01,4.502066671848297119e-01,5.613619685173034668e-01,1.000000000000000000e+00,2.525653243064880371e-01,2.077146172523498535e-01,-4.466122481971979141e-03,3.226034939289093018e-01,1.643649637699127197e-01,7.961582392454147339e-02,1.510998755693435669e-01,-1.258342713117599487e-01,1.807189434766769409e-01,2.795669063925743103e-02,5.171662196516990662e-02,2.116864621639251709e-01,2.250382900238037109e-01,1.400833129882812500e-01,7.370745390653610229e-02,1.590199768543243408e-01,1.738422662019729614e-01,6.796631217002868652e-02,3.768510883674025536e-03
-1.920414566993713379e-01,2.312668263912200928e-01,8.942614495754241943e-02,2.104026228189468384e-01,9.326620399951934814e-02,3.006342053413391113e-01,4.641837179660797119e-01,-1.424435228109359741e-01,1.085254400968551636e-01,2.556372880935668945e-01,-1.492680758237838745e-01,1.277186274528503418e-01,6.298102438449859619e-02,-1.529489010572433472e-01,4.020555689930915833e-02,1.395409107208251953e-01,4.242456555366516113e-01,4.066441953182220459e-01,6.285415589809417725e-02,7.057875394821166992e-02,1.704975664615631104e-01,-8.760253340005874634e-02,8.021061867475509644e-02,2.121592313051223755e-01,-2.091735415160655975e-02,5.676846578717231750e-02,1.466529071331024170e-01,-4.989408701658248901e-02,2.525653243064880371e-01,1.000000000000000000e+00,5.778325200080871582e-01,-2.057655304670333862e-01,8.848576806485652924e-03,1.403599232435226440e-01,-3.484173445031046867e-03,3.390853106975555420e-01,-6.861592829227447510e-02,1.480348259210586548e-01,6.361852586269378662e-02,9.334225952625274658e-02,2.060031145811080933e-01,3.871545493602752686e-01,1.336248815059661865e-01,8.715570718050003052e-02,3.170394003391265869e-01,2.665035426616668701e-01,1.345969736576080322e-01,-2.416946589946746826e-01
-6.997288763523101807e-02,1.942339092493057251e-01,2.313757985830307007e-01,1.443640440702438354e-01,1.987497061491012573e-01,2.972239553928375244e-01,3.627759814262390137e-01,-1.463739871978759766e-01,1.381320506334304810e-01,3.140617311000823975e-01,-1.279368996620178223e-01,1.570526212453842163e-01,6.731397658586502075e-02,-8.754634112119674683e-02,-1.392872352153062820e-02,1.538962274789810181e-01,3.303735852241516113e-01,6.054495573043823242e-01,-1.863974928855895996e-01,-1.337479948997497559e-01,1.123010888695716858e-01,-1.982506066560745239e-01,8.778173476457595825e-02,4.909252524375915527e-01,6.264223903417587280e-02,2.097616344690322876e-01,2.510629594326019287e-01,6.720905005931854248e-02,2.077146172523498535e-01,5.778325200080871582e-01,1.000000000000000000e+00,1.179188489913940430e-01,2.738648653030395508e-02,-1.665116101503372192e-02,-1.296774297952651978e-01,4.660849869251251221e-01,-1.059729233384132385e-01,3.189221024513244629e-02,-2.021701782941818237e-01,-1.490986496210098267e-01,2.758135497570037842e-01,3.817182779312133789e-01,-3.594942018389701843e-02,-3.095743618905544281e-02,3.266701698303222656e-01,2.336547672748565674e-01,4.536137580871582031e-01,-1.451206356287002563e-01
7.197620719671249390e-02,-1.555673032999038696e-01,-3.309421613812446594e-02,-6.197229027748107910e-02,-1.327047683298587799e-02,-1.556253284215927124e-01,-2.750049233436584473e-01,4.457124322652816772e-02,-1.658058166503906250e-01,-2.570933997631072998e-01,3.875091671943664551e-02,-2.057162970304489136e-01,-2.107763886451721191e-01,1.234232932329177856e-01,-2.274239063262939453e-01,-1.837606430053710938e-01,-2.919830679893493652e-01,-1.551464945077896118e-01,-2.254295647144317627e-01,-2.787538766860961914e-01,-1.382307708263397217e-01,6.163981556892395020e-02,4.944172129034996033e-02,4.229996502399444580e-01,-5.398226529359817505e-02,-5.851136520504951477e-02,-3.150840848684310913e-02,8.446287363767623901e-02,-4.466122481971979141e-03,-2.057655304670333862e-01,1.179188489913940430e-01,1.000000000000000000e+00,-6.398004293441772461e-02,-1.295015811920166016e-01,-8.217225968837738037e-02,9.547340683639049530e-03,-7.814601808786392212e-02,-2.616302967071533203e-01,-3.042034804821014404e-01,-2.310484647750854492e-01,-1.325134560465812683e-02,-1.704990565776824951e-01,-2.149085402488708496e-01,-1.547315269708633423e-01,-1.260398626327514648e-01,-2.553462684154510498e-01,4.958023130893707275e-01,4.387932717800140381e-01
