1.000000000000000000e+00,4.438354969024658203e-01,2.401172369718551636e-01,3.869212269783020020e-01,6.777344942092895508e-01,4.925261139869689941e-01,2.452052384614944458e-01,6.210923194885253906e-01,4.475650489330291748e-01,3.320093750953674316e-01,5.134121179580688477e-01,4.068233668804168701e-01,4.651834666728973389e-01,4.694480895996093750e-01,4.205434620380401611e-01,4.928274452686309814e-01,1.821365803480148315e-01,-2.862318605184555054e-02,3.159290552139282227e-01,1.662576645612716675e-01,1.604194194078445435e-01,6.709688901901245117e-02,3.066467046737670898e-01,1.451829075813293457e-01,7.465846538543701172e-01,2.546469271183013916e-01,6.287437677383422852e-01,7.384008169174194336e-01,5.732205510139465332e-01,-1.166971623897552490e-01,-8.938373625278472900e-02,3.372375369071960449e-01,6.920432448387145996e-01,3.131880462169647217e-01,1.119357198476791382e-01,2.863304913043975830e-01,4.782226085662841797e-01,4.479108750820159912e-01,2.555653750896453857e-01,2.447339743375778198e-01,5.364472270011901855e-01,3.642463088035583496e-01,3.217448294162750244e-01,4.594358801841735840e-01,1.317159831523895264e-01,1.953502148389816284e-01,1.979271769523620605e-01,4.230355471372604370e-02
4.438354969024658203e-01,1.000000000000000000e+00,1.405991315841674805e-01,2.658059895038604736e-01,4.542511999607086182e-01,5.416309833526611328e-01,3.347183465957641602e-01,3.221980929374694824e-01,4.502149522304534912e-01,4.548505246639251709e-01,4.004304111003875732e-01,4.964993000030517578e-01,3.676874637603759766e-01,1.612298488616943359e-01,3.567134737968444824e-01,3.745390772819519043e-01,2.508416771888732910e-01,6.264225393533706665e-02,3.029997646808624268e-01,3.323654234409332275e-01,3.883295059204101562e-01,7.069159299135208130e-02,3.273479938507080078e-01,2.146288901567459106e-01,3.731803894042968750e-01,1.423866599798202515e-01,4.241770803928375244e-01,4.246653318405151367e-01,4.584681391716003418e-01,1.285699009895324707e-01,1.883191168308258057e-01,2.544811367988586426e-01,4.194907844066619873e-01,4.081473350524902344e-01,2.862862944602966309e-01,2.805333733558654785e-01,1.982336044311523438e-01,4.576085507869720459e-01,4.272004067897796631e-01,2.427368462085723877e-01,5.438379645347595215e-01,6.031119227409362793e-01,3.584012389183044434e-01,5.999875664710998535e-01,4.744553864002227783e-01,4.260331392288208008e-01,2.094007432460784912e-01,-2.491125371307134628e-03
2.401172369718551636e-01,1.405991315841674805e-01,1.000000000000000000e+00,7.200959324836730957e-02,8.026210963726043701e-02,1.692329049110412598e-01,3.768589198589324951e-01,8.211492002010345459e-02,1.623270958662033081e-01,2.154199481010437012e-01,1.653090566396713257e-01,2.552196085453033447e-01,1.464069634675979614e-01,2.625030651688575745e-02,2.726522088050842285e-01,2.049871385097503662e-01,2.262815833091735840e-01,3.083488903939723969e-02,2.034926116466522217e-01,1.564999818801879883e-01,1.847969740629196167e-01,3.339195623993873596e-02,-1.289683766663074493e-02,1.294898241758346558e-01,2.345031797885894775e-01,4.714026749134063721e-01,3.332821130752563477e-01,4.188987910747528076e-01,2.917827665805816650e-01,4.682893306016921997e-02,1.790467463433742523e-02,-4.363386332988739014e-02,2.670385241508483887e-01,-5.566181614995002747e-03,-7.794234156608581543e-02,1.585440784692764282e-01,9.049071371555328369e-02,3.166325986385345459e-01,8.812528848648071289e-02,1.977267675101757050e-02,1.232510581612586975e-01,1.992359906435012817e-01,1.624402552843093872e-01,9.425889700651168823e-02,1.540334969758987427e-01,2.053347975015640259e-01,5.738936737179756165e-02,-2.129750996828079224e-01
3.869212269783020020e-01,2.658059895038604736e-01,7.200959324836730957e-02,1.000000000000000000e+00,3.260736763477325439e-01,4.580501019954681396e-01,3.611770868301391602e-01,7.991786301136016846e-02,1.740829050540924072e-01,1.961483210325241089e-01,9.592075645923614502e-02,1.013769283890724182e-01,2.419983893632888794e-01,-1.241669245064258575e-02,1.462118625640869141e-01,1.866353005170822144e-01,7.604137808084487915e-02,6.276493519544601440e-02,1.820276677608489990e-01,1.904318779706954956e-01,1.588394790887832642e-01,1.739076524972915649e-01,1.280649155378341675e-01,3.631071001291275024e-02,3.104262650012969971e-01,2.269962579011917114e-01,2.021185904741287231e-01,4.316938817501068115e-01,2.264910042285919189e-01,7.396195828914642334e-02,1.110745370388031006e-01,1.081818193197250366e-01,1.942714899778366089e-01,2.461590617895126343e-01,9.010343253612518311e-02,1.067940220236778259e-01,9.152520447969436646e-02,2.196404337882995605e-01,1.616014838218688965e-01,1.306600123643875122e-01,4.232650995254516602e-01,1.787163466215133667e-01,2.236306369304656982e-01,2.023102641105651855e-01,3.041171468794345856e-02,2.820860147476196289e-01,2.633462473750114441e-02,3.293697535991668701e-02
6.777344942092895508e-01,4.542511999607086182e-01,8.026210963726043701e-02,3.260736763477325439e-01,1.000000000000000000e+00,5.307998061180114746e-01,5.581329017877578735e-02,5.657644271850585938e-01,3.889165520668029785e-01,3.125144839286804199e-01,4.469177424907684326e-01,3.570899069309234619e-01,4.448359608650207520e-01,4.481339156627655029e-01,3.978578448295593262e-01,3.746722340583801270e-01,4.177238792181015015e-02,-1.507011801004409790e-01,1.377740353345870972e-01,3.285284712910652161e-02,1.092421188950538635e-01,4.417460039258003235e-02,3.400903344154357910e-01,9.462001174688339233e-02,5.647659301757812500e-01,1.492303907871246338e-01,4.082073867321014404e-01,5.192906260490417480e-01,3.711863756179809570e-01,-2.184471338987350464e-01,-1.925512403249740601e-01,3.044787049293518066e-01,5.646687746047973633e-01,3.487824797630310059e-01,2.373474091291427612e-01,2.045682519674301147e-01,4.394668936729431152e-01,3.696968555450439453e-01,1.633033752441406250e-01,1.585051119327545166e-01,5.816208720207214355e-01,2.891424894332885742e-01,1.868400126695632935e-01,3.601028025150299072e-01,8.937957882881164551e-02,1.117829009890556335e-01,1.364305466413497925e-01,1.744939237833023071e-01
4.925261139869689941e-01,5.416309833526611328e-01,1.692329049110412598e-01,4.580501019954681396e-01,5.307998061180114746e-01,1.000000000000000000e+00,4.397394955158233643e-01,3.112311661243438721e-01,5.597964525222778320e-01,5.991912484169006348e-01,5.703210234642028809e-01,6.401098370552062988e-01,3.973011970520019531e-01,1.618051975965499878e-01,5.560967326164245605e-01,4.745561480522155762e-01,4.098848998546600342e-01,3.794029727578163147e-02,4.353209435939788818e-01,4.421150684356689453e-01,5.071317553520202637e-01,5.372273176908493042e-02,2.774477899074554443e-01,2.331848740577697754e-01,3.928689062595367432e-01,9.703301638364791870e-02,4.783651828765869141e-01,5.247888565063476562e-01,4.363498985767364502e-01,4.684180766344070435e-02,1.379759609699249268e-01,1.155390813946723938e-01,4.207516014575958252e-01,2.171938270330429077e-01,1.508333235979080200e-01,2.854130268096923828e-01,2.518404722213745117e-01,5.674397945404052734e-01,3.553770482540130615e-01,1.250575482845306396e-01,4.642725288867950439e-01,6.617079973220825195e-01,4.790829420089721680e-01,5.687474608421325684e-01,4.105049967765808105e-01,5.674920678138732910e-01,8.686701208353042603e-02,-2.063550502061843872e-01
2.452052384614944458e-01,3.347183465957641602e-01,3.768589198589324951e-01,3.611770868301391602e-01,5.581329017877578735e-02,4.397394955158233643e-01,1.000000000000000000e+00,1.264193058013916016e-01,3.405059278011322021e-01,4.098261594772338867e-01,3.379280269145965576e-01,3.622219860553741455e-01,3.127480149269104004e-01,-4.894284904003143311e-02,3.585907220840454102e-01,3.254424035549163818e-01,7.004123926162719727e-01,4.619171619415283203e-01,5.653629899024963379e-01,6.462702751159667969e-01,5.282206535339355469e-01,2.635219693183898926e-01,2.209313660860061646e-01,1.489636898040771484e-01,3.372978568077087402e-01,3.124035000801086426e-01,4.125204384326934814e-01,3.436142504215240479e-01,3.709310293197631836e-01,2.993132174015045166e-01,5.435150265693664551e-01,-1.774053275585174561e-02,2.792710959911346436e-01,2.622102200984954834e-01,1.301157772541046143e-01,2.596353590488433838e-01,1.993988156318664551e-01,4.292046427726745605e-01,2.709557414054870605e-01,1.149822846055030823e-01,1.687790304422378540e-01,4.670508205890655518e-01,4.775642752647399902e-01,3.198711574077606201e-01,4.338514506816864014e-01,5.404366850852966309e-01,-8.477910421788692474e-03,-4.048581719398498535e-01
6.210923194885253906e-01,3.221980929374694824e-01,8.211492002010345459e-02,7.991786301136016846e-02,5.657644271850585938e-01,3.112311661243438721e-01,1.264193058013916016e-01,1.000000000000000000e+00,4.353778064250946045e-01,2.582699060440063477e-01,6.306188106536865234e-01,3.850466609001159668e-01,3.352103829383850098e-01,7.887258529663085938e-01,4.748247861862182617e-01,4.675966799259185791e-01,2.138388901948928833e-01,1.071066185832023621e-01,1.508720815181732178e-01,1.106902435421943665e-01,5.629476532340049744e-02,2.205983735620975494e-03,3.410606980323791504e-01,7.297851890325546265e-02,6.664381027221679688e-01,1.679141670465469360e-01,4.643158912658691406e-01,3.676205873489379883e-01,3.619878292083740234e-01,-1.888353973627090454e-01,-2.531618438661098480e-02,3.388719856739044189e-01,6.551051735877990723e-01,4.727365374565124512e-01,2.668738961219787598e-01,2.114208340644836426e-01,7.835416197776794434e-01,3.624487817287445068e-01,2.385324388742446899e-01,1.199056357145309448e-01,2.856166660785675049e-01,2.328939139842987061e-01,1.342218071222305298e-01,4.053583741188049316e-01,4.564067721366882324e-02,1.396638527512550354e-02,1.596436351537704468e-01,5.659721326082944870e-03
4.475650489330291748e-01,4.502149522304534912e-01,1.623270958662033081e-01,1.740829050540924072e-01,3.889165520668029785e-01,5.597964525222778320e-01,3.405059278011322021e-01,4.353778064250946045e-01,1.000000000000000000e+00,6.655947566032409668e-01,7.166317105293273926e-01,7.191686630249023438e-01,2.569123804569244385e-01,2.854697108268737793e-01,6.494408845901489258e-01,4.143891930580139160e-01,3.460953533649444580e-01,5.640738084912300110e-02,2.983868718147277832e-01,2.995273470878601074e-01,3.200152218341827393e-01,-1.689625084400177002e-01,2.318836152553558350e-01,1.376195400953292847e-01,3.417658209800720215e-01,1.672123819589614868e-01,3.672294318675994873e-01,3.808106780052185059e-01,3.325789272785186768e-01,-1.159025169909000397e-02,2.369015850126743317e-02,6.837930530309677124e-02,4.444745182991027832e-01,2.913922369480133057e-01,2.683840394020080566e-01,2.159691452980041504e-01,2.857681810855865479e-01,5.345690846443176270e-01,3.362916111946105957e-01,3.569889068603515625e-02,2.325724512338638306e-01,5.664607882499694824e-01,2.605774998664855957e-01,6.619288325309753418e-01,3.369628787040710449e-01,4.241556823253631592e-01,6.555718183517456055e-02,-1.627658754587173462e-01
3.320093750953674316e-01,4.548505246639251709e-01,2.154199481010437012e-01,1.961483210325241089e-01,3.125144839286804199e-01,5.991912484169006348e-01,4.098261594772338867e-01,2.582699060440063477e-01,6.655947566032409668e-01,1.000000000000000000e+00,6.263181567192077637e-01,8.055323958396911621e-01,3.235191106796264648e-01,7.164096087217330933e-02,6.783877015113830566e-01,4.366723895072937012e-01,4.579140841960906982e-01,9.410927444696426392e-02,3.756201267242431641e-01,4.260582625865936279e-01,5.434519648551940918e-01,-2.716052345931529999e-02,2.402187734842300415e-01,1.223050206899642944e-01,2.342822998762130737e-01,1.702737212181091309e-01,3.057877719402313232e-01,3.018893599510192871e-01,2.359845489263534546e-01,2.640885300934314728e-02,1.029090285301208496e-01,2.140363492071628571e-02,2.903561294078826904e-01,1.132394596934318542e-01,1.402811110019683838e-01,2.550279200077056885e-01,1.443905234336853027e-01,4.835498631000518799e-01,3.526307642459869385e-01,9.368043392896652222e-02,1.765533089637756348e-01,7.139467597007751465e-01,4.138999581336975098e-01,5.901034474372863770e-01,5.328193902969360352e-01,7.335342168807983398e-01,-1.048659998923540115e-02,-1.635152995586395264e-01
5.134121179580688477e-01,4.004304111003875732e-01,1.653090566396713257e-01,9.592075645923614502e-02,4.469177424907684326e-01,5.703210234642028809e-01,3.379280269145965576e-01,6.306188106536865234e-01,7.166317105293273926e-01,6.263181567192077637e-01,1.000000000000000000e+00,7.625559568405151367e-01,3.793242871761322021e-01,4.918529987335205078e-01,7.551236748695373535e-01,5.745797753334045410e-01,4.919384717941284180e-01,2.007319033145904541e-01,4.388832449913024902e-01,4.239065349102020264e-01,4.522393941879272461e-01,-5.321796238422393799e-02,3.963176012039184570e-01,1.138039752840995789e-01,4.801337122917175293e-01,1.546543538570404053e-01,4.537096023559570312e-01,4.002709388732910156e-01,3.059794306755065918e-01,-1.267591863870620728e-01,1.493839267641305923e-02,1.095665842294692993e-01,5.464521646499633789e-01,3.283332884311676025e-01,1.486964523792266846e-01,2.423144429922103882e-01,5.301136374473571777e-01,5.521538257598876953e-01,3.528416752815246582e-01,1.054678559303283691e-01,2.340818494558334351e-01,5.684065818786621094e-01,3.951189815998077393e-01,5.797058939933776855e-01,3.502250611782073975e-01,4.266304671764373779e-01,8.426102250814437866e-02,-2.047201991081237793e-01
4.068233668804168701e-01,4.964993000030517578e-01,2.552196085453033447e-01,1.013769283890724182e-01,3.570899069309234619e-01,6.401098370552062988e-01,3.622219860553741455e-01,3.850466609001159668e-01,7.191686630249023438e-01,8.055323958396911621e-01,7.625559568405151367e-01,1.000000000000000000e+00,3.585507273674011230e-01,2.453317195177078247e-01,7.721209526062011719e-01,5.610628128051757812e-01,4.699550867080688477e-01,8.014562726020812988e-02,4.094613194465637207e-01,4.277903437614440918e-01,5.417805910110473633e-01,-9.694910794496536255e-02,2.790703773498535156e-01,2.179623991250991821e-01,3.033316433429718018e-01,1.788430958986282349e-01,4.317725002765655518e-01,3.978012204170227051e-01,3.368285000324249268e-01,-2.730065770447254181e-02,4.524916037917137146e-02,5.552526190876960754e-02,4.119113683700561523e-01,1.550920754671096802e-01,1.384747028350830078e-01,3.179969787597656250e-01,2.532297968864440918e-01,5.977185964584350586e-01,4.604187905788421631e-01,1.350402534008026123e-01,2.193389087915420532e-01,7.240340113639831543e-01,4.115516841411590576e-01,6.644279956817626953e-01,4.982481598854064941e-01,6.172884106636047363e-01,8.869269490242004395e-02,-2.060624212026596069e-01
4.651834666728973389e-01,3.676874637603759766e-01,1.464069634675979614e-01,2.419983893632888794e-01,4.448359608650207520e-01,3.973011970520019531e-01,3.127480149269104004e-01,3.352103829383850098e-01,2.569123804569244385e-01,3.235191106796264648e-01,3.793242871761322021e-01,3.585507273674011230e-01,1.000000000000000000e+00,3.103401958942413330e-01,2.561615407466888428e-01,6.681184768676757812e-01,3.512147665023803711e-01,9.594087302684783936e-02,5.516442656517028809e-01,4.690846204757690430e-01,3.644310235977172852e-01,2.251324057579040527e-01,6.775143742561340332e-01,1.951135694980621338e-01,5.660015344619750977e-01,2.233694493770599365e-01,3.524882495403289795e-01,4.160778522491455078e-01,3.186017274856567383e-01,5.901756510138511658e-02,1.002436801791191101e-01,2.657206058502197266e-01,3.111765980720520020e-01,3.379285037517547607e-01,3.719274327158927917e-02,4.538785219192504883e-01,4.515441656112670898e-01,3.221915364265441895e-01,2.483010590076446533e-01,3.743416666984558105e-01,4.159298539161682129e-01,3.749428987503051758e-01,5.582327842712402344e-01,2.873653471469879150e-01,3.056354820728302002e-01,2.864412963390350342e-01,1.222468540072441101e-01,2.716739848256111145e-02
4.694480895996093750e-01,1.612298488616943359e-01,2.625030651688575745e-02,-1.241669245064258575e-02,4.481339156627655029e-01,1.618051975965499878e-01,-4.894284904003143311e-02,7.887258529663085938e-01,2.854697108268737793e-01,7.164096087217330933e-02,4.918529987335205078e-01,2.453317195177078247e-01,3.103401958942413330e-01,1.000000000000000000e+00,3.302409052848815918e-01,4.359335005283355713e-01,7.690208405256271362e-02,6.978487223386764526e-02,3.766856715083122253e-02,-2.083378098905086517e-02,-8.703213185071945190e-02,-5.455714091658592224e-02,2.917158603668212891e-01,1.232866123318672180e-01,4.807820022106170654e-01,1.216026470065116882e-01,3.096371889114379883e-01,2.757617831230163574e-01,2.507018148899078369e-01,-1.909095346927642822e-01,-9.876110404729843140e-02,3.653562068939208984e-01,4.887063801288604736e-01,3.257672190666198730e-01,2.065388858318328857e-01,2.486962080001831055e-01,7.070088982582092285e-01,2.746663093566894531e-01,2.161283940076828003e-01,1.343018412590026855e-01,2.129271477460861206e-01,8.920046687126159668e-02,5.408598110079765320e-02,2.232629954814910889e-01,-8.354877680540084839e-02,-1.283018141984939575e-01,2.233456820249557495e-01,7.574545592069625854e-02
4.205434620380401611e-01,3.567134737968444824e-01,2.726522088050842285e-01,1.462118625640869141e-01,3.978578448295593262e-01,5.560967326164245605e-01,3.585907220840454102e-01,4.748247861862182617e-01,6.494408845901489258e-01,6.783877015113830566e-01,7.551236748695373535e-01,7.721209526062011719e-01,2.561615407466888428e-01,3.302409052848815918e-01,1.000000000000000000e+00,5.170542597770690918e-01,4.177964627742767334e-01,2.130348831415176392e-01,3.285596668720245361e-01,3.514782488346099854e-01,4.948460757732391357e-01,2.729233168065547943e-02,2.946040332317352295e-01,1.267886906862258911e-01,3.543488383293151855e-01,2.611772418022155762e-01,3.976353406906127930e-01,3.788637816905975342e-01,2.595678269863128662e-01,-1.544186323881149292e-01,2.751655876636505127e-02,-8.920541731640696526e-04,4.798890948295593262e-01,2.199052125215530396e-01,1.041841953992843628e-01,1.998317241668701172e-01,3.857421875000000000e-01,6.336183547973632812e-01,4.306324124336242676e-01,1.606202125549316406e-01,1.846349388360977173e-01,5.437265038490295410e-01,3.466083705425262451e-01,5.125352144241333008e-01,3.531311154365539551e-01,5.335504412651062012e-01,6.129132956266403198e-02,-1.779398471117019653e-01
4.928274452686309814e-01,3.745390772819519043e-01,2.049871385097503662e-01,1.866353005170822144e-01,3.746722340583801270e-01,4.745561480522155762e-01,3.254424035549163818e-01,4.675966799259185791e-01,4.143891930580139160e-01,4.366723895072937012e-01,5.745797753334045410e-01,5.610628128051757812e-01,6.681184768676757812e-01,4.359335005283355713e-01,5.170542597770690918e-01,1.000000000000000000e+00,3.603214025497436523e-01,1.408173143863677979e-01,4.953754544258117676e-01,4.702516198158264160e-01,3.476913273334503174e-01,1.167976483702659607e-01,5.152779817581176758e-01,1.874763369560241699e-01,4.798124432563781738e-01,3.282907009124755859e-01,4.664657115936279297e-01,3.937955200672149658e-01,3.578359782695770264e-01,5.546661559492349625e-03,1.335348635911941528e-01,3.019903004169464111e-01,4.433374404907226562e-01,3.748120665550231934e-01,9.072374552488327026e-02,3.859220743179321289e-01,4.854286313056945801e-01,4.881551861763000488e-01,5.340511798858642578e-01,4.148635864257812500e-01,3.270523250102996826e-01,4.284097850322723389e-01,4.627859294414520264e-01,4.708933532238006592e-01,2.948700487613677979e-01,3.646949827671051025e-01,1.506824195384979248e-01,-9.739272296428680420e-02
1.821365803480148315e-01,2.508416771888732910e-01,2.262815833091735840e-01,7.604137808084487915e-02,4.177238792181015015e-02,4.098848998546600342e-01,7.004123926162719727e-01,2.138388901948928833e-01,3.460953533649444580e-01,4.579140841960906982e-01,4.919384717941284180e-01,4.699550867080688477e-01,3.512147665023803711e-01,7.690208405256271362e-02,4.177964627742767334e-01,3.603214025497436523e-01,1.000000000000000000e+00,5.605955123901367188e-01,7.026582360267639160e-01,7.214834094047546387e-01,6.566616892814636230e-01,2.367494106292724609e-01,3.856603801250457764e-01,1.034510806202888489e-01,3.079890310764312744e-01,1.130048781633377075e-01,2.673652768135070801e-01,1.841644495725631714e-01,1.839405447244644165e-01,1.354732364416122437e-01,4.235429465770721436e-01,-8.185312151908874512e-02,1.452362686395645142e-01,2.017364799976348877e-01,-2.699056826531887054e-02,2.240363955497741699e-01,2.966062426567077637e-01,3.472526371479034424e-01,1.991462707519531250e-01,1.056429296731948853e-01,5.909767467528581619e-03,4.987633228302001953e-01,5.706397891044616699e-01,3.620972037315368652e-01,5.817723870277404785e-01,5.012995004653930664e-01,-7.941722869873046875e-02,-4.577325284481048584e-01
-2.862318605184555054e-02,6.264225393533706665e-02,3.083488903939723969e-02,6.276493519544601440e-02,-1.507011801004409790e-01,3.794029727578163147e-02,4.619171619415283203e-01,1.071066185832023621e-01,5.640738084912300110e-02,9.410927444696426392e-02,2.007319033145904541e-01,8.014562726020812988e-02,9.594087302684783936e-02,6.978487223386764526e-02,2.130348831415176392e-01,1.408173143863677979e-01,5.605955123901367188e-01,1.000000000000000000e+00,3.230051398277282715e-01,4.304051399230957031e-01,3.673206567764282227e-01,3.537237942218780518e-01,2.735927700996398926e-01,7.661810517311096191e-02,1.307514160871505737e-01,1.583273559808731079e-01,-1.557192578911781311e-02,-1.076418533921241760e-01,-8.437142521142959595e-02,7.062096148729324341e-02,5.110474228858947754e-01,3.646661713719367981e-02,2.887880429625511169e-02,2.421929240226745605e-01,1.129153836518526077e-02,8.133241534233093262e-02,2.532133460044860840e-01,1.754992902278900146e-01,2.220335453748703003e-01,2.596187889575958252e-01,-2.265680767595767975e-02,8.366437256336212158e-02,2.673456072807312012e-01,9.323112666606903076e-02,1.893091797828674316e-01,2.362521588802337646e-01,1.147449463605880737e-01,-1.240361034870147705e-01
3.159290552139282227e-01,3.029997646808624268e-01,2.034926116466522217e-01,1.820276677608489990e-01,1.377740353345870972e-01,4.353209435939788818e-01,5.653629899024963379e-01,1.508720815181732178e-01,2.983868718147277832e-01,3.756201267242431641e-01,4.388832449913024902e-01,4.094613194465637207e-01,5.516442656517028809e-01,3.766856715083122253e-02,3.285596668720245361e-01,4.953754544258117676e-01,7.026582360267639160e-01,3.230051398277282715e-01,1.000000000000000000e+00,7.993583679199218750e-01,6.622474789619445801e-01,3.195716738700866699e-01,5.361508131027221680e-01,1.495077610015869141e-01,3.523956835269927979e-01,1.748469769954681396e-01,3.043559789657592773e-01,3.316513597965240479e-01,2.171128988265991211e-01,7.914091646671295166e-02,2.023365199565887451e-01,-6.699502468109130859e-02,1.789689213037490845e-01,2.165388315916061401e-01,-6.667502969503402710e-02,2.280788868665695190e-01,2.735641002655029297e-01,3.693094253540039062e-01,2.486962080001831055e-01,3.253613412380218506e-01,1.776556968688964844e-01,4.456044435501098633e-01,7.028996348381042480e-01,3.814306557178497314e-01,4.616844356060028076e-01,4.930233359336853027e-01,-9.009547531604766846e-03,-2.785764634609222412e-01
1.662576645612716675e-01,3.323654234409332275e-01,1.564999818801879883e-01,1.904318779706954956e-01,3.285284712910652161e-02,4.421150684356689453e-01,6.462702751159667969e-01,1.106902435421943665e-01,2.995273470878601074e-01,4.260582625865936279e-01,4.239065349102020264e-01,4.277903437614440918e-01,4.690846204757690430e-01,-2.083378098905086517e-02,3.514782488346099854e-01,4.702516198158264160e-01,7.214834094047546387e-01,4.304051399230957031e-01,7.993583679199218750e-01,1.000000000000000000e+00,7.387012839317321777e-01,2.618591785430908203e-01,4.949595034122467041e-01,1.484838128089904785e-01,2.716550529003143311e-01,1.728793531656265259e-01,2.794476747512817383e-01,2.168970108032226562e-01,2.240282148122787476e-01,9.787886589765548706e-02,3.495127558708190918e-01,-7.936149090528488159e-02,1.621400713920593262e-01,2.732084393501281738e-01,3.918425738811492920e-02,2.266943752765655518e-01,2.294618636369705200e-01,4.063126444816589355e-01,3.483876585960388184e-01,2.774709463119506836e-01,9.265051782131195068e-02,4.762133359909057617e-01,6.430955529212951660e-01,4.140919446945190430e-01,5.045891404151916504e-01,5.497584342956542969e-01,-2.465895563364028931e-02,-4.124621152877807617e-01
1.604194194078445435e-01,3.883295059204101562e-01,1.847969740629196167e-01,1.588394790887832642e-01,1.092421188950538635e-01,5.071317553520202637e-01,5.282206535339355469e-01,5.629476532340049744e-02,3.200152218341827393e-01,5.434519648551940918e-01,4.522393941879272461e-01,5.417805910110473633e-01,3.644310235977172852e-01,-8.703213185071945190e-02,4.948460757732391357e-01,3.476913273334503174e-01,6.566616892814636230e-01,3.673206567764282227e-01,6.622474789619445801e-01,7.387012839317321777e-01,1.000000000000000000e+00,2.882497608661651611e-01,4.532092809677124023e-01,1.784595400094985962e-01,1.529469341039657593e-01,9.490775316953659058e-02,2.067872136831283569e-01,2.161420583724975586e-01,1.563652157783508301e-01,5.141332745552062988e-02,2.215220332145690918e-01,-1.385808438062667847e-01,1.498946845531463623e-01,1.479299813508987427e-01,-1.310620829463005066e-02,1.851970702409744263e-01,8.222391456365585327e-02,4.408700466156005859e-01,3.461807072162628174e-01,3.024068176746368408e-01,9.368523955345153809e-02,5.649775266647338867e-01,5.600654482841491699e-01,4.123952388763427734e-01,5.603467226028442383e-01,5.982643365859985352e-01,7.444704417139291763e-03,-2.440842092037200928e-01
6.709688901901245117e-02,7.069159299135208130e-02,3.339195623993873596e-02,1.739076524972915649e-01,4.417460039258003235e-02,5.372273176908493042e-02,2.635219693183898926e-01,2.205983735620975494e-03,-1.689625084400177002e-01,-2.716052345931529999e-02,-5.321796238422393799e-02,-9.694910794496536255e-02,2.251324057579040527e-01,-5.455714091658592224e-02,2.729233168065547943e-02,1.167976483702659607e-01,2.367494106292724609e-01,3.537237942218780518e-01,3.195716738700866699e-01,2.618591785430908203e-01,2.882497608661651611e-01,1.000000000000000000e+00,2.691493928432464600e-01,1.356291472911834717e-01,1.853862702846527100e-01,1.356878727674484253e-01,9.777846187353134155e-02,6.497022509574890137e-02,-4.282924160361289978e-02,9.167047590017318726e-02,3.459736108779907227e-01,1.826737970113754272e-01,-4.996669478714466095e-03,1.599067896604537964e-01,-2.366389892995357513e-02,6.817667931318283081e-02,1.316769421100616455e-01,1.208339631557464600e-01,4.577063769102096558e-02,3.756966888904571533e-01,1.672088950872421265e-01,-1.581382751464843750e-02,4.113144874572753906e-01,-2.295334637165069580e-02,7.921628654003143311e-02,1.990199536085128784e-01,1.057428345084190369e-01,3.129639029502868652e-01
3.066467046737670898e-01,3.273479938507080078e-01,-1.289683766663074493e-02,1.280649155378341675e-01,3.400903344154357910e-01,2.774477899074554443e-01,2.209313660860061646e-01,3.410606980323791504e-01,2.318836152553558350e-01,2.402187734842300415e-01,3.963176012039184570e-01,2.790703773498535156e-01,6.775143742561340332e-01,2.917158603668212891e-01,2.946040332317352295e-01,5.152779817581176758e-01,3.856603801250457764e-01,2.735927700996398926e-01,5.361508131027221680e-01,4.949595034122467041e-01,4.532092809677124023e-01,2.691493928432464600e-01,1.000000000000000000e+00,1.727968156337738037e-01,3.879568278789520264e-01,1.420233398675918579e-01,1.440830379724502563e-01,2.196157425642013550e-01,8.657973259687423706e-02,-6.115480512380599976e-02,8.501626551151275635e-02,9.918794780969619751e-02,2.250849753618240356e-01,4.517107903957366943e-01,7.962404750287532806e-03,4.040684103965759277e-01,4.625679254531860352e-01,2.540584206581115723e-01,2.756541967391967773e-01,5.286008715629577637e-01,3.016810119152069092e-01,2.329642027616500854e-01,4.689130187034606934e-01,2.817704379558563232e-01,2.071364969015121460e-01,2.140162438154220581e-01,7.927446812391281128e-02,1.068216636776924133e-01
1.451829075813293457e-01,2.146288901567459106e-01,1.294898241758346558e-01,3.631071001291275024e-02,9.462001174688339233e-02,2.331848740577697754e-01,1.489636898040771484e-01,7.297851890325546265e-02,1.376195400953292847e-01,1.223050206899642944e-01,1.138039752840995789e-01,2.179623991250991821e-01,1.951135694980621338e-01,1.232866123318672180e-01,1.267886906862258911e-01,1.874763369560241699e-01,1.034510806202888489e-01,7.661810517311096191e-02,1.495077610015869141e-01,1.484838128089904785e-01,1.784595400094985962e-01,1.356291472911834717e-01,1.727968156337738037e-01,1.000000000000000000e+00,1.504821479320526123e-01,1.757122278213500977e-01,3.490425646305084229e-01,1.731582581996917725e-01,3.258624076843261719e-01,7.437760382890701294e-02,2.733390033245086670e-01,4.835394918918609619e-01,2.983766198158264160e-01,9.625047445297241211e-02,3.410222530364990234e-01,5.559171438217163086e-01,3.397393599152565002e-02,4.438199102878570557e-01,4.463618099689483643e-01,4.242300093173980713e-01,1.641074717044830322e-01,2.266640365123748779e-01,1.430627256631851196e-01,2.676231563091278076e-01,1.272715479135513306e-01,1.801321357488632202e-01,7.613099813461303711e-01,2.104893028736114502e-01
7.465846538543701172e-01,3.731803894042968750e-01,2.345031797885894775e-01,3.104262650012969971e-01,5.647659301757812500e-01,3.928689062595367432e-01,3.372978568077087402e-01,6.664381027221679688e-01,3.417658209800720215e-01,2.342822998762130737e-01,4.801337122917175293e-01,3.033316433429718018e-01,5.660015344619750977e-01,4.807820022106170654e-01,3.543488383293151855e-01,4.798124432563781738e-01,3.079890310764312744e-01,1.307514160871505737e-01,3.523956835269927979e-01,2.716550529003143311e-01,1.529469341039657593e-01,1.853862702846527100e-01,3.879568278789520264e-01,1.504821479320526123e-01,1.000000000000000000e+00,2.709803283214569092e-01,6.497489213943481445e-01,5.835120081901550293e-01,5.176815986633300781e-01,-7.879265397787094116e-02,1.039064750075340271e-01,3.605825006961822510e-01,6.562144160270690918e-01,4.539371430873870850e-01,1.538809686899185181e-01,3.119387924671173096e-01,6.262707710266113281e-01,4.197163581848144531e-01,1.662308722734451294e-01,1.708695590496063232e-01,4.399521946907043457e-01,2.869285047054290771e-01,3.533748984336853027e-01,3.882574439048767090e-01,1.676273047924041748e-01,1.393563747406005859e-01,1.906839311122894287e-01,-2.910986170172691345e-02
2.546469271183013916e-01,1.423866599798202515e-01,4.714026749134063721e-01,2.269962579011917114e-01,1.492303907871246338e-01,9.703301638364791870e-02,3.124035000801086426e-01,1.679141670465469360e-01,1.672123819589614868e-01,1.702737212181091309e-01,1.546543538570404053e-01,1.788430958986282349e-01,2.233694493770599365e-01,1.216026470065116882e-01,2.611772418022155762e-01,3.282907009124755859e-01,1.130048781633377075e-01,1.583273559808731079e-01,1.748469769954681396e-01,1.728793531656265259e-01,9.490775316953659058e-02,1.356878727674484253e-01,1.420233398675918579e-01,1.757122278213500977e-01,2.709803283214569092e-01,1.000000000000000000e+00,2.351192533969879150e-01,2.076241075992584229e-01,7.208531349897384644e-02,-2.068690508604049683e-01,-6.650676578283309937e-02,1.697923243045806885e-01,3.388599455356597900e-01,1.661042422056198120e-01,1.142013743519783020e-01,1.731648445129394531e-01,1.249498724937438965e-01,3.037786483764648438e-01,3.371686935424804688e-01,2.944867908954620361e-01,1.644534319639205933e-01,4.155223816633224487e-02,7.154936343431472778e-02,1.070131957530975342e-01,6.496420130133628845e-03,2.007546126842498779e-01,2.172490954399108887e-01,-4.337925463914871216e-02
6.287437677383422852e-01,4.241770803928375244e-01,3.332821130752563477e-01,2.021185904741287231e-01,4.082073867321014404e-01,4.783651828765869141e-01,4.125204384326934814e-01,4.643158912658691406e-01,3.672294318675994873e-01,3.057877719402313232e-01,4.537096023559570312e-01,4.317725002765655518e-01,3.524882495403289795e-01,3.096371889114379883e-01,3.976353406906127930e-01,4.664657115936279297e-01,2.673652768135070801e-01,-1.557192578911781311e-02,3.043559789657592773e-01,2.794476747512817383e-01,2.067872136831283569e-01,9.777846187353134155e-02,1.440830379724502563e-01,3.490425646305084229e-01,6.497489213943481445e-01,2.351192533969879150e-01,1.000000000000000000e+00,6.112914681434631348e-01,7.112800478935241699e-01,1.785572022199630737e-01,2.105883806943893433e-01,3.677895665168762207e-01,7.299535274505615234e-01,2.861155569553375244e-01,2.422980219125747681e-01,4.130611121654510498e-01,3.375266790390014648e-01,5.967943668365478516e-01,3.842104971408843994e-01,1.744067221879959106e-01,3.747880160808563232e-01,4.225732684135437012e-01,3.389176130294799805e-01,4.799913167953491211e-01,2.379362583160400391e-01,3.010247945785522461e-01,3.025439977645874023e-01,-1.109813004732131958e-01
7.384008169174194336e-01,4.246653318405151367e-01,4.188987910747528076e-01,4.316938817501068115e-01,5.192906260490417480e-01,5.247888565063476562e-01,3.436142504215240479e-01,3.676205873489379883e-01,3.808106780052185059e-01,3.018893599510192871e-01,4.002709388732910156e-01,3.978012204170227051e-01,4.160778522491455078e-01,2.757617831230163574e-01,3.788637816905975342e-01,3.937955200672149658e-01,1.841644495725631714e-01,-1.076418533921241760e-01,3.316513597965240479e-01,2.168970108032226562e-01,2.161420583724975586e-01,6.497022509574890137e-02,2.196157425642013550e-01,1.731582581996917725e-01,5.835120081901550293e-01,2.076241075992584229e-01,6.112914681434631348e-01,1.000000000000000000e+00,6.063828468322753906e-01,-2.074358612298965454e-02,-2.852133661508560181e-02,2.168649882078170776e-01,5.436038970947265625e-01,1.942781060934066772e-01,4.849321022629737854e-02,2.886470556259155273e-01,3.229413628578186035e-01,4.410721063613891602e-01,1.830975711345672607e-01,8.631514012813568115e-02,4.965700507164001465e-01,4.073382914066314697e-01,3.803537786006927490e-01,3.623293340206146240e-01,1.566804647445678711e-01,2.928999960422515869e-01,1.615047305822372437e-01,-6.043298169970512390e-02
5.732205510139465332e-01,4.584681391716003418e-01,2.917827665805816650e-01,2.264910042285919189e-01,3.711863756179809570e-01,4.363498985767364502e-01,3.709310293197631836e-01,3.619878292083740234e-01,3.325789272785186768e-01,2.359845489263534546e-01,3.059794306755065918e-01,3.368285000324249268e-01,3.186017274856567383e-01,2.507018148899078369e-01,2.595678269863128662e-01,3.578359782695770264e-01,1.839405447244644165e-01,-8.437142521142959595e-02,2.171128988265991211e-01,2.240282148122787476e-01,1.563652157783508301e-01,-4.282924160361289978e-02,8.657973259687423706e-02,3.258624076843261719e-01,5.176815986633300781e-01,7.208531349897384644e-02,7.112800478935241699e-01,6.063828468322753906e-01,1.000000000000000000e+00,3.210275173187255859e-01,2.848434746265411377e-01,3.084594011306762695e-01,5.856992006301879883e-01,2.582536935806274414e-01,2.519692778587341309e-01,3.906725049018859863e-01,2.650989592075347900e-01,4.975122809410095215e-01,2.954642176628112793e-01,9.364020079374313354e-02,3.686300814151763916e-01,4.632869362831115723e-01,2.701644599437713623e-01,4.201120436191558838e-01,2.429196089506149292e-01,1.770826131105422974e-01,2.495061159133911133e-01,-1.688016355037689209e-01
-1.166971623897552490e-01,1.285699009895324707e-01,4.682893306016921997e-02,7.396195828914642334e-02,-2.184471338987350464e-01,4.684180766344070435e-02,2.993132174015045166e-01,-1.888353973627090454e-01,-1.159025169909000397e-02,2.640885300934314728e-02,-1.267591863870620728e-01,-2.730065770447254181e-02,5.901756510138511658e-02,-1.909095346927642822e-01,-1.544186323881149292e-01,5.546661559492349625e-03,1.354732364416122437e-01,7.062096148729324341e-02,7.914091646671295166e-02,9.787886589765548706e-02,5.141332745552062988e-02,9.167047590017318726e-02,-6.115480512380599976e-02,7.437760382890701294e-02,-7.879265397787094116e-02,-2.068690508604049683e-01,1.785572022199630737e-01,-2.074358612298965454e-02,3.210275173187255859e-01,1.000000000000000000e+00,5.770863294601440430e-01,1.836497150361537933e-02,-1.173406243324279785e-01,-5.436247959733009338e-02,-8.766631036996841431e-02,2.258155792951583862e-01,-1.584330499172210693e-01,3.518442437052726746e-02,3.854682669043540955e-02,3.450201079249382019e-02,8.805610984563827515e-02,1.843348294496536255e-01,2.526926994323730469e-01,2.762274257838726044e-02,2.531565129756927490e-01,2.265866249799728394e-01,-5.413245782256126404e-02,-5.620253458619117737e-02
-8.938373625278472900e-02,1.883191168308258057e-01,1.790467463433742523e-02,1.110745370388031006e-01,-1.925512403249740601e-01,1.379759609699249268e-01,5.435150265693664551e-01,-2.531618438661098480e-02,2.369015850126743317e-02,1.029090285301208496e-01,1.493839267641305923e-02,4.524916037917137146e-02,1.002436801791191101e-01,-9.876110404729843140e-02,2.751655876636505127e-02,1.335348635911941528e-01,4.235429465770721436e-01,5.110474228858947754e-01,2.023365199565887451e-01,3.495127558708190918e-01,2.215220332145690918e-01,3.459736108779907227e-01,8.501626551151275635e-02,2.733390033245086670e-01,1.039064750075340271e-01,-6.650676578283309937e-02,2.105883806943893433e-01,-2.852133661508560181e-02,2.848434746265411377e-01,5.770863294601440430e-01,1.000000000000000000e+00,2.327040880918502808e-01,4.446305800229310989e-03,1.829905211925506592e-01,9.578052908182144165e-02,3.079336583614349365e-01,8.138506114482879639e-02,1.725754290819168091e-01,1.992656141519546509e-01,1.393487304449081421e-01,5.040801689028739929e-02,2.239725887775421143e-01,2.851160764694213867e-01,1.489168554544448853e-01,3.049427866935729980e-01,2.897369265556335449e-01,1.349787861108779907e-01,-1.329336315393447876e-01
3.372375369071960449e-01,2.544811367988586426e-01,-4.363386332988739014e-02,1.081818193197250366e-01,3.044787049293518066e-01,1.155390813946723938e-01,-1.774053275585174561e-02,3.388719856739044189e-01,6.837930530309677124e-02,2.140363492071628571e-02,1.095665842294692993e-01,5.552526190876960754e-02,2.657206058502197266e-01,3.653562068939208984e-01,-8.920541731640696526e-04,3.019903004169464111e-01,-8.185312151908874512e-02,3.646661713719367981e-02,-6.699502468109130859e-02,-7.936149090528488159e-02,-1.385808438062667847e-01,1.826737970113754272e-01,9.918794780969619751e-02,4.835394918918609619e-01,3.605825006961822510e-01,1.697923243045806885e-01,3.677895665168762207e-01,2.168649882078170776e-01,3.084594011306762695e-01,1.836497150361537933e-02,2.327040880918502808e-01,1.000000000000000000e+00,3.548592925071716309e-01,2.468065917491912842e-01,2.978599369525909424e-01,4.129128456115722656e-01,2.517412006855010986e-01,2.170570641756057739e-01,2.913815975189208984e-01,3.029885292053222656e-01,3.599371612071990967e-01,2.528838254511356354e-02,2.033527195453643799e-02,2.167470455169677734e-01,-8.261454105377197266e-02,-3.606239706277847290e-02,6.334590911865234375e-01,3.834181129932403564e-01
6.920432448387145996e-01,4.194907844066619873e-01,2.670385241508483887e-01,1.942714899778366089e-01,5.646687746047973633e-01,4.207516014575958252e-01,2.792710959911346436e-01,6.551051735877990723e-01,4.444745182991027832e-01,2.903561294078826904e-01,5.464521646499633789e-01,4.119113683700561523e-01,3.111765980720520020e-01,4.887063801288604736e-01,4.798890948295593262e-01,4.433374404907226562e-01,1.452362686395645142e-01,2.887880429625511169e-02,1.789689213037490845e-01,1.621400713920593262e-01,1.498946845531463623e-01,-4.996669478714466095e-03,2.250849753618240356e-01,2.983766198158264160e-01,6.562144160270690918e-01,3.388599455356597900e-01,7.299535274505615234e-01,5.436038970947265625e-01,5.856992006301879883e-01,-1.173406243324279785e-01,4.446305800229310989e-03,3.548592925071716309e-01,1.000000000000000000e+00,4.598144590854644775e-01,4.140278398990631104e-01,4.031188786029815674e-01,4.570455253124237061e-01,6.204077601432800293e-01,4.443843364715576172e-01,2.336543202400207520e-01,4.090803861618041992e-01,3.187169730663299561e-01,1.579123735427856445e-01,4.823647737503051758e-01,3.585382923483848572e-02,1.501425057649612427e-01,3.246652483940124512e-01,-3.797765076160430908e-02
