1.000000000000000000e+00,3.244059681892395020e-01,7.425522431731224060e-03,4.844126477837562561e-02,3.648544549942016602e-01,2.882764935493469238e-01,6.985767185688018799e-02,2.590151727199554443e-01,1.920081824064254761e-01,-8.508153259754180908e-02,2.758872807025909424e-01,7.130511850118637085e-02,2.485554479062557220e-02,2.012325525283813477e-01,-1.048158155754208565e-03,8.971316367387771606e-02,6.564913690090179443e-02,1.638282984495162964e-01,6.582883745431900024e-02,4.474757611751556396e-02,9.495108574628829956e-02,1.446198076009750366e-01,2.027348130941390991e-01,2.077711373567581177e-01,3.623464703559875488e-01,-1.371868252754211426e-01,2.758858799934387207e-01,3.221074640750885010e-01,2.733174562454223633e-01,2.642059624195098877e-01,7.560979574918746948e-02,1.071372479200363159e-01,3.312110304832458496e-01,-7.478027045726776123e-02,1.247742250561714172e-01,1.555059850215911865e-01,2.443476319313049316e-01,-3.300897777080535889e-02,1.153893768787384033e-01,2.040520608425140381e-01,1.712380349636077881e-01,1.149023845791816711e-01,1.036357134580612183e-01,2.310213297605514526e-01,-5.072850361466407776e-02,1.708774827420711517e-02,1.726433634757995605e-01,2.746262550354003906e-01
3.244059681892395020e-01,1.000000000000000000e+00,1.103255376219749451e-01,2.386755794286727905e-01,1.194241866469383240e-01,3.567028045654296875e-01,6.469216197729110718e-02,5.430139303207397461e-01,3.476154208183288574e-01,1.519167423248291016e-01,4.070190489292144775e-01,3.199294209480285645e-01,1.172440275549888611e-01,3.680416941642761230e-01,2.900276780128479004e-01,9.072602540254592896e-02,-2.929464355111122131e-02,1.932830065488815308e-01,2.955574169754981995e-02,4.387757927179336548e-02,1.112543642520904541e-01,4.639000073075294495e-02,3.679402917623519897e-02,2.876271605491638184e-01,3.753624856472015381e-01,2.261596173048019409e-01,2.891981601715087891e-01,3.199474215507507324e-01,4.699822664260864258e-01,3.769975006580352783e-01,2.695919275283813477e-01,2.658718526363372803e-01,3.312094807624816895e-01,6.999630481004714966e-02,3.743690848350524902e-01,8.500494062900543213e-02,4.519875347614288330e-01,2.536790817975997925e-02,3.974480032920837402e-01,2.644044160842895508e-01,6.333600878715515137e-01,4.647135436534881592e-01,2.128271609544754028e-01,4.264390766620635986e-01,1.931754052639007568e-01,2.245029658079147339e-01,3.103851675987243652e-01,2.322858758270740509e-02
7.425522431731224060e-03,1.103255376219749451e-01,1.000000000000000000e+00,5.068944692611694336e-01,-1.198426485061645508e-01,-6.256327778100967407e-02,-2.219211757183074951e-01,-9.959290921688079834e-02,-1.127915158867835999e-01,-1.747928559780120850e-02,-1.708280891180038452e-01,-9.439402818679809570e-02,-1.202507410198450089e-02,-1.325578391551971436e-01,-6.482008844614028931e-02,4.414164274930953979e-02,-1.773055940866470337e-01,-4.858151823282241821e-02,-1.024033129215240479e-01,-6.635639071464538574e-02,-3.512196987867355347e-02,-1.713063269853591919e-01,-9.678401052951812744e-02,6.775904912501573563e-04,-3.125370014458894730e-03,1.062764301896095276e-01,-9.579893946647644043e-02,5.032631754875183105e-01,1.938548833131790161e-01,-1.042923256754875183e-01,-5.410189554095268250e-02,3.097542002797126770e-02,-1.747345328330993652e-01,-1.017432063817977905e-01,6.523998919874429703e-03,7.005672156810760498e-02,-3.401575982570648193e-02,8.496355265378952026e-03,4.920983687043190002e-02,-1.541787572205066681e-02,5.411370471119880676e-02,2.781052142381668091e-03,-1.691206358373165131e-02,-2.124996669590473175e-02,1.388387531042098999e-01,4.415311291813850403e-02,-3.063356690108776093e-02,-1.278298199176788330e-01
4.844126477837562561e-02,2.386755794286727905e-01,5.068944692611694336e-01,1.000000000000000000e+00,3.741551637649536133e-01,3.266857564449310303e-01,1.265435367822647095e-01,7.079139351844787598e-02,-3.324915841221809387e-02,3.666255250573158264e-02,1.189187616109848022e-01,7.774884998798370361e-02,8.694255352020263672e-02,1.606545895338058472e-01,-3.714916482567787170e-02,5.705444607883691788e-03,-2.007989883422851562e-01,-2.663054969161748886e-03,-3.025355041027069092e-01,-1.144594028592109680e-01,6.165239587426185608e-02,3.190828114748001099e-02,-5.845071747899055481e-02,8.379057049751281738e-02,-1.025985702872276306e-01,-1.116195544600486755e-01,-1.574047356843948364e-01,4.888979601673781872e-04,-9.649761952459812164e-03,-1.974579840898513794e-01,9.586973488330841064e-02,1.805755943059921265e-01,-9.489864110946655273e-02,4.054410848766565323e-03,-7.281443476676940918e-02,-2.231287583708763123e-02,7.464594393968582153e-02,-5.263279005885124207e-02,2.833528816699981689e-02,5.374520272016525269e-02,4.114102423191070557e-01,1.216592490673065186e-01,-7.157406210899353027e-02,9.583267569541931152e-02,-6.631276756525039673e-02,-3.060346096754074097e-02,-2.918357029557228088e-02,-6.337499618530273438e-02
3.648544549942016602e-01,1.194241866469383240e-01,-1.198426485061645508e-01,3.741551637649536133e-01,1.000000000000000000e+00,5.509476065635681152e-01,2.743830978870391846e-01,1.962358057498931885e-01,-3.781733661890029907e-02,-1.965536624193191528e-01,2.575328052043914795e-01,-4.627680871635675430e-03,3.657939285039901733e-02,2.510702908039093018e-01,-1.727779507637023926e-01,-1.872220775112509727e-03,9.739821776747703552e-03,1.274034082889556885e-01,-1.663420200347900391e-01,-4.238588735461235046e-03,9.780373424291610718e-02,2.497634589672088623e-01,1.929728090763092041e-01,6.808054447174072266e-02,-2.895071730017662048e-02,-3.224157094955444336e-01,-2.388441376388072968e-02,-2.411950528621673584e-01,-1.660844832658767700e-01,-1.901299953460693359e-01,4.849281162023544312e-02,8.461291901767253876e-03,2.693560421466827393e-01,-7.993853092193603516e-02,-2.331947535276412964e-01,-9.241919219493865967e-02,-2.692311815917491913e-02,-6.978856772184371948e-02,-1.036481112241744995e-01,1.140799969434738159e-01,2.531216740608215332e-01,-9.429042786359786987e-02,-1.818092167377471924e-01,6.030027568340301514e-02,-3.180900812149047852e-01,-2.526453733444213867e-01,-6.613078713417053223e-02,2.207362204790115356e-01
2.882764935493469238e-01,3.567028045654296875e-01,-6.256327778100967407e-02,3.266857564449310303e-01,5.509476065635681152e-01,1.000000000000000000e+00,4.178269207477569580e-01,2.993791699409484863e-01,8.854055404663085938e-02,4.260639101266860962e-02,3.208413720130920410e-01,1.438448876142501831e-01,1.576399803161621094e-01,3.486111164093017578e-01,7.837358117103576660e-02,8.108558505773544312e-02,1.276625692844390869e-01,2.194380909204483032e-01,-2.752841636538505554e-02,2.296569496393203735e-01,2.885349690914154053e-01,2.797084450721740723e-01,2.217627316713333130e-01,1.351377069950103760e-01,9.860928356647491455e-02,-1.694233864545822144e-01,8.972549438476562500e-02,-5.402806773781776428e-02,4.426065832376480103e-02,-3.063286654651165009e-02,1.764702796936035156e-01,1.528604030609130859e-01,2.245852500200271606e-01,-2.310678176581859589e-02,2.039022371172904968e-02,6.770156789571046829e-03,1.450712680816650391e-01,-6.999120116233825684e-02,9.569689631462097168e-02,1.525255441665649414e-01,4.011638760566711426e-01,1.457904726266860962e-01,3.272813931107521057e-02,1.124512851238250732e-01,-9.070872515439987183e-02,-1.206464320421218872e-02,1.549209654331207275e-01,1.573940813541412354e-01
6.985767185688018799e-02,6.469216197729110718e-02,-2.219211757183074951e-01,1.265435367822647095e-01,2.743830978870391846e-01,4.178269207477569580e-01,1.000000000000000000e+00,5.166016519069671631e-02,1.584417968988418579e-01,2.098633795976638794e-01,2.868518829345703125e-01,2.093241512775421143e-01,2.662584185600280762e-01,2.646088898181915283e-01,7.225026190280914307e-02,1.564089059829711914e-01,5.473980307579040527e-01,3.143354654312133789e-01,1.626100689172744751e-01,3.848477602005004883e-01,3.382515907287597656e-01,3.375380635261535645e-01,3.103009462356567383e-01,7.764247804880142212e-02,-7.044801115989685059e-02,-5.043089017271995544e-02,-6.563800573348999023e-02,-2.852106392383575439e-01,-1.175800636410713196e-01,5.681192502379417419e-02,2.125381082296371460e-01,1.275423318147659302e-01,-3.358664363622665405e-02,1.541270613670349121e-01,-7.474986463785171509e-02,1.075549721717834473e-01,4.421115666627883911e-02,-1.200752630829811096e-01,3.410865738987922668e-02,1.954686939716339111e-01,2.156692445278167725e-01,2.512371242046356201e-01,1.266912519931793213e-01,1.492882668972015381e-01,3.175777196884155273e-02,7.793796807527542114e-02,4.136193171143531799e-02,1.326847821474075317e-01
2.590151727199554443e-01,5.430139303207397461e-01,-9.959290921688079834e-02,7.079139351844787598e-02,1.962358057498931885e-01,2.993791699409484863e-01,5.166016519069671631e-02,1.000000000000000000e+00,4.821847379207611084e-01,1.458519697189331055e-01,6.074649095535278320e-01,2.858228087425231934e-01,9.905990958213806152e-02,5.670145750045776367e-01,2.765828073024749756e-01,4.774634167551994324e-02,-1.256918907165527344e-01,1.403341740369796753e-01,-1.411547809839248657e-01,-3.690130636096000671e-02,1.472027599811553955e-01,5.071918293833732605e-02,-7.914551347494125366e-02,2.007472962141036987e-01,1.971760839223861694e-01,9.359175711870193481e-02,2.017094790935516357e-01,1.253251284360885620e-01,2.789908349514007568e-01,2.739654183387756348e-01,2.931378483772277832e-01,1.209443211555480957e-01,3.759622573852539062e-01,1.766280829906463623e-01,2.410987168550491333e-01,4.961937665939331055e-02,6.502323746681213379e-01,-8.205625414848327637e-02,1.946742981672286987e-01,2.066911160945892334e-01,4.127831757068634033e-01,3.628565669059753418e-01,1.895519345998764038e-02,4.134566783905029297e-01,7.841398939490318298e-03,1.061128899455070496e-01,2.729516923427581787e-01,-7.252176851034164429e-02
1.920081824064254761e-01,3.476154208183288574e-01,-1.127915158867835999e-01,-3.324915841221809387e-02,-3.781733661890029907e-02,8.854055404663085938e-02,1.584417968988418579e-01,4.821847379207611084e-01,1.000000000000000000e+00,4.960550069808959961e-01,6.670957207679748535e-01,5.706879496574401855e-01,2.914336323738098145e-01,5.577837824821472168e-01,4.380960762500762939e-01,2.096002250909805298e-01,1.305456459522247314e-01,1.288679242134094238e-01,4.973886907100677490e-02,5.699963867664337158e-02,1.920771449804306030e-01,2.105821669101715088e-01,1.853252053260803223e-01,3.154691457748413086e-01,1.788237690925598145e-01,1.216175407171249390e-01,4.076240211725234985e-02,9.469275176525115967e-02,2.130199968814849854e-01,3.083012998104095459e-01,3.548322021961212158e-01,2.778177559375762939e-01,9.301394969224929810e-02,1.644713878631591797e-01,1.862488389015197754e-01,1.872119903564453125e-01,3.648644089698791504e-01,-8.227188885211944580e-02,2.534690201282501221e-01,2.872455120086669922e-01,4.006724059581756592e-01,6.477795839309692383e-01,1.469916701316833496e-01,7.602123618125915527e-01,1.709996610879898071e-01,3.945491015911102295e-01,3.533087968826293945e-01,1.974563300609588623e-01
-8.508153259754180908e-02,1.519167423248291016e-01,-1.747928559780120850e-02,3.666255250573158264e-02,-1.965536624193191528e-01,4.260639101266860962e-02,2.098633795976638794e-01,1.458519697189331055e-01,4.960550069808959961e-01,1.000000000000000000e+00,4.352901875972747803e-01,7.569004297256469727e-01,6.345896720886230469e-01,3.610898852348327637e-01,6.178467869758605957e-01,2.726358473300933838e-01,2.550713121891021729e-01,2.344988435506820679e-01,1.543827205896377563e-01,4.217551350593566895e-01,4.751157760620117188e-01,3.250323235988616943e-01,2.047814428806304932e-01,2.489513605833053589e-01,-2.265585213899612427e-02,1.375037729740142822e-01,-7.205570489168167114e-02,-5.137465521693229675e-02,4.966301470994949341e-02,1.934081166982650757e-01,4.267610311508178711e-01,3.627156019210815430e-01,-2.063983827829360962e-01,1.727768182754516602e-01,1.857054531574249268e-01,2.396557033061981201e-01,2.500072121620178223e-01,8.846486359834671021e-02,3.153141438961029053e-01,2.727890610694885254e-01,2.811815142631530762e-01,5.820307731628417969e-01,3.655579090118408203e-01,4.116236269474029541e-01,4.048205018043518066e-01,6.654855012893676758e-01,3.042756021022796631e-01,5.616651475429534912e-02
2.758872807025909424e-01,4.070190489292144775e-01,-1.708280891180038452e-01,1.189187616109848022e-01,2.575328052043914795e-01,3.208413720130920410e-01,2.868518829345703125e-01,6.074649095535278320e-01,6.670957207679748535e-01,4.352901875972747803e-01,1.000000000000000000e+00,5.942535996437072754e-01,3.544449508190155029e-01,7.386621236801147461e-01,3.684388995170593262e-01,1.006143316626548767e-01,8.914099633693695068e-02,2.840916216373443604e-01,-1.174573525786399841e-01,9.604326635599136353e-02,3.421487212181091309e-01,3.103997707366943359e-01,1.664765924215316772e-01,2.472548186779022217e-01,1.251744180917739868e-01,2.292752452194690704e-02,1.061737164855003357e-01,-3.854956850409507751e-02,1.607970446348190308e-01,1.626863926649093628e-01,4.385654032230377197e-01,2.501647174358367920e-01,2.366761714220046997e-01,2.045221626758575439e-01,1.474859118461608887e-01,1.333539485931396484e-01,4.689456820487976074e-01,-1.752291321754455566e-01,1.923545747995376587e-01,2.822500467300415039e-01,4.812096357345581055e-01,5.632753372192382812e-01,1.596200168132781982e-01,6.082060337066650391e-01,4.434639587998390198e-02,3.174446225166320801e-01,2.795554697513580322e-01,1.761252731084823608e-01
7.130511850118637085e-02,3.199294209480285645e-01,-9.439402818679809570e-02,7.774884998798370361e-02,-4.627680871635675430e-03,1.438448876142501831e-01,2.093241512775421143e-01,2.858228087425231934e-01,5.706879496574401855e-01,7.569004297256469727e-01,5.942535996437072754e-01,1.000000000000000000e+00,5.161233544349670410e-01,5.229007005691528320e-01,6.792657971382141113e-01,2.236049175262451172e-01,1.959478259086608887e-01,3.108100593090057373e-01,5.920422077178955078e-02,2.845973372459411621e-01,4.192953705787658691e-01,3.454127609729766846e-01,1.867274492979049683e-01,2.446419149637222290e-01,1.002034768462181091e-01,1.674946099519729614e-01,2.062942134216427803e-03,-5.842031165957450867e-02,1.457085162401199341e-01,2.290392816066741943e-01,4.592604637145996094e-01,3.428894579410552979e-01,8.269255049526691437e-03,1.993034631013870239e-01,2.401228398084640503e-01,1.373101323843002319e-01,3.100585937500000000e-01,9.207184612751007080e-02,2.988629639148712158e-01,3.055907487869262695e-01,4.156931936740875244e-01,6.219791173934936523e-01,3.344542384147644043e-01,5.083932876586914062e-01,3.377468585968017578e-01,5.908927321434020996e-01,3.025344908237457275e-01,1.425556689500808716e-01
2.485554479062557220e-02,1.172440275549888611e-01,-1.202507410198450089e-02,8.694255352020263672e-02,3.657939285039901733e-02,1.576399803161621094e-01,2.662584185600280762e-01,9.905990958213806152e-02,2.914336323738098145e-01,6.345896720886230469e-01,3.544449508190155029e-01,5.161233544349670410e-01,1.000000000000000000e+00,2.753525972366333008e-01,4.702074229717254639e-01,3.695557415485382080e-01,3.725143969058990479e-01,3.932307362556457520e-01,2.379023879766464233e-01,5.796380639076232910e-01,6.610997915267944336e-01,5.677594542503356934e-01,4.065143465995788574e-01,3.773215711116790771e-01,-3.057277202606201172e-02,-1.991512440145015717e-02,-4.806962236762046814e-02,-8.542926609516143799e-02,-1.497930288314819336e-02,1.117469072341918945e-01,5.251135230064392090e-01,4.593091309070587158e-01,-1.515013426542282104e-01,1.205532699823379517e-01,1.773538440465927124e-01,4.189715683460235596e-01,1.951048076152801514e-01,5.776530504226684570e-02,3.016708791255950928e-01,4.362184405326843262e-01,1.915770620107650757e-01,3.445180356502532959e-01,4.142237901687622070e-01,2.253355234861373901e-01,2.010551691055297852e-01,4.948517978191375732e-01,3.267215490341186523e-01,1.601693481206893921e-01
2.012325525283813477e-01,3.680416941642761230e-01,-1.325578391551971436e-01,1.606545895338058472e-01,2.510702908039093018e-01,3.486111164093017578e-01,2.646088898181915283e-01,5.670145750045776367e-01,5.577837824821472168e-01,3.610898852348327637e-01,7.386621236801147461e-01,5.229007005691528320e-01,2.753525972366333008e-01,1.000000000000000000e+00,3.543922603130340576e-01,8.815117925405502319e-02,1.025952175259590149e-01,2.826270163059234619e-01,-7.841747254133224487e-02,9.659145772457122803e-02,3.278582394123077393e-01,2.883574068546295166e-01,2.027539759874343872e-01,2.066045254468917847e-01,1.162128075957298279e-01,6.416852585971355438e-03,8.335424959659576416e-02,-5.018389225006103516e-02,8.484639972448348999e-02,8.465571701526641846e-02,4.092165827751159668e-01,2.030914276838302612e-01,1.727795004844665527e-01,1.316770166158676147e-01,9.691718220710754395e-02,1.087403967976570129e-01,4.850848019123077393e-01,-1.505042761564254761e-01,1.636608988046646118e-01,2.858960032463073730e-01,4.486105144023895264e-01,4.122721850872039795e-01,9.237585216760635376e-02,5.003058910369873047e-01,-1.047477405518293381e-02,2.071398347616195679e-01,2.271624952554702759e-01,1.743323802947998047e-01
-1.048158155754208565e-03,2.900276780128479004e-01,-6.482008844614028931e-02,-3.714916482567787170e-02,-1.727779507637023926e-01,7.837358117103576660e-02,7.225026190280914307e-02,2.765828073024749756e-01,4.380960762500762939e-01,6.178467869758605957e-01,3.684388995170593262e-01,6.792657971382141113e-01,4.702074229717254639e-01,3.543922603130340576e-01,1.000000000000000000e+00,3.964041471481323242e-01,1.669209450483322144e-01,2.113012373447418213e-01,2.097705751657485962e-01,2.659524679183959961e-01,2.984880805015563965e-01,2.113350480794906616e-01,1.505752503871917725e-01,3.858376741409301758e-01,1.247044578194618225e-01,1.254347711801528931e-01,4.667345061898231506e-02,-3.960171341896057129e-02,1.112993806600570679e-01,2.823430895805358887e-01,4.896713197231292725e-01,4.342513978481292725e-01,-4.854124411940574646e-02,1.025945991277694702e-01,4.087124168872833252e-01,2.264809757471084595e-01,3.558229804039001465e-01,3.770823478698730469e-01,2.990651428699493408e-01,3.131941258907318115e-01,2.900690436363220215e-01,4.740591943264007568e-01,4.721373617649078369e-01,3.843991756439208984e-01,4.086767435073852539e-01,5.986697673797607422e-01,4.917607903480529785e-01,-4.061772301793098450e-02
8.971316367387771606e-02,9.072602540254592896e-02,4.414164274930953979e-02,5.705444607883691788e-03,-1.872220775112509727e-03,8.108558505773544312e-02,1.564089059829711914e-01,4.774634167551994324e-02,2.096002250909805298e-01,2.726358473300933838e-01,1.006143316626548767e-01,2.236049175262451172e-01,3.695557415485382080e-01,8.815117925405502319e-02,3.964041471481323242e-01,1.000000000000000000e+00,2.979161143302917480e-01,9.114662557840347290e-02,4.667614698410034180e-01,4.028211832046508789e-01,1.739137619733810425e-01,1.671220064163208008e-01,4.291839003562927246e-01,4.669227004051208496e-01,1.822731830179691315e-02,-3.323044255375862122e-02,2.202247269451618195e-02,-2.826027339324355125e-03,-1.196138188242912292e-01,2.552275061607360840e-01,1.347561776638031006e-01,3.255593776702880859e-01,-1.214443966746330261e-01,5.362595990300178528e-02,1.713628470897674561e-01,4.067846238613128662e-01,7.907807081937789917e-02,3.289496898651123047e-01,3.598581552505493164e-01,3.540587127208709717e-01,1.218495052307844162e-02,1.463562995195388794e-01,2.874887585639953613e-01,2.326419502496719360e-01,1.799253672361373901e-01,3.225430846214294434e-01,4.547202587127685547e-01,3.698936849832534790e-02
6.564913690090179443e-02,-2.929464355111122131e-02,-1.773055940866470337e-01,-2.007989883422851562e-01,9.739821776747703552e-03,1.276625692844390869e-01,5.473980307579040527e-01,-1.256918907165527344e-01,1.305456459522247314e-01,2.550713121891021729e-01,8.914099633693695068e-02,1.959478259086608887e-01,3.725143969058990479e-01,1.025952175259590149e-01,1.669209450483322144e-01,2.979161143302917480e-01,1.000000000000000000e+00,5.302234292030334473e-01,6.287667751312255859e-01,7.140574455261230469e-01,4.905419945716857910e-01,5.109558105468750000e-01,5.777403712272644043e-01,1.380911618471145630e-01,2.105318009853363037e-02,3.532416000962257385e-02,1.997835934162139893e-02,-9.227154403924942017e-02,-1.282765567302703857e-01,1.393903344869613647e-01,1.766357570886611938e-01,1.896053999662399292e-01,-2.365443855524063110e-02,4.202280938625335693e-02,9.046607464551925659e-02,3.090796470642089844e-01,-3.781154751777648926e-02,-3.841035813093185425e-02,1.258796155452728271e-01,3.723283112049102783e-01,9.280573576688766479e-03,1.311628073453903198e-01,3.424752056598663330e-01,1.019885167479515076e-01,1.121457219123840332e-01,1.820796728134155273e-01,1.102851033210754395e-01,3.681136071681976318e-01
1.638282984495162964e-01,1.932830065488815308e-01,-4.858151823282241821e-02,-2.663054969161748886e-03,1.274034082889556885e-01,2.194380909204483032e-01,3.143354654312133789e-01,1.403341740369796753e-01,1.288679242134094238e-01,2.344988435506820679e-01,2.840916216373443604e-01,3.108100593090057373e-01,3.932307362556457520e-01,2.826270163059234619e-01,2.113012373447418213e-01,9.114662557840347290e-02,5.302234292030334473e-01,1.000000000000000000e+00,1.932436823844909668e-01,4.874469339847564697e-01,6.711558699607849121e-01,5.660509467124938965e-01,2.714598178863525391e-01,4.505890980362892151e-02,5.700838938355445862e-02,1.948897391557693481e-01,1.203997582197189331e-01,2.784176729619503021e-02,6.706360727548599243e-02,8.380836993455886841e-02,4.946411550045013428e-01,2.626265287399291992e-01,9.438001364469528198e-02,1.563189178705215454e-01,1.610152274370193481e-01,1.252612620592117310e-01,2.349721491336822510e-01,-1.821351349353790283e-01,9.537247568368911743e-02,3.168761134147644043e-01,1.947853267192840576e-01,2.471885383129119873e-01,3.871750533580780029e-01,1.362947225570678711e-01,6.210565101355314255e-03,2.855114042758941650e-01,5.062208324670791626e-02,1.877405047416687012e-01
6.582883745431900024e-02,2.955574169754981995e-02,-1.024033129215240479e-01,-3.025355041027069092e-01,-1.663420200347900391e-01,-2.752841636538505554e-02,1.626100689172744751e-01,-1.411547809839248657e-01,4.973886907100677490e-02,1.543827205896377563e-01,-1.174573525786399841e-01,5.920422077178955078e-02,2.379023879766464233e-01,-7.841747254133224487e-02,2.097705751657485962e-01,4.667614698410034180e-01,6.287667751312255859e-01,1.932436823844909668e-01,1.000000000000000000e+00,6.039022207260131836e-01,2.141035646200180054e-01,2.209871113300323486e-01,4.431985020637512207e-01,2.230084985494613647e-01,1.366780698299407959e-01,5.950756743550300598e-02,1.403319537639617920e-01,1.040389686822891235e-01,-2.813354507088661194e-02,2.861628532409667969e-01,-7.638906128704547882e-03,1.274659931659698486e-01,2.487584715709090233e-03,2.522878162562847137e-02,2.704929411411285400e-01,3.346211016178131104e-01,-3.591641318053007126e-03,1.685057431459426880e-01,2.479501813650131226e-01,3.529099225997924805e-01,-1.470348387956619263e-01,-1.409476622939109802e-03,4.841965734958648682e-01,8.184232562780380249e-02,1.605250388383865356e-01,2.838898897171020508e-01,2.359203100204467773e-01,1.837213188409805298e-01
4.474757611751556396e-02,4.387757927179336548e-02,-6.635639071464538574e-02,-1.144594028592109680e-01,-4.238588735461235046e-03,2.296569496393203735e-01,3.848477602005004883e-01,-3.690130636096000671e-02,5.699963867664337158e-02,4.217551350593566895e-01,9.604326635599136353e-02,2.845973372459411621e-01,5.796380639076232910e-01,9.659145772457122803e-02,2.659524679183959961e-01,4.028211832046508789e-01,7.140574455261230469e-01,4.874469339847564697e-01,6.039022207260131836e-01,1.000000000000000000e+00,6.484964489936828613e-01,5.192613005638122559e-01,5.183765292167663574e-01,1.514561623334884644e-01,-1.694077625870704651e-02,-1.786080747842788696e-02,6.678035110235214233e-02,-3.102058358490467072e-02,-1.240754872560501099e-01,1.173835843801498413e-01,1.915460377931594849e-01,2.156997323036193848e-01,-6.876529008150100708e-02,8.608376234769821167e-02,1.652750074863433838e-01,3.169121444225311279e-01,7.392950356006622314e-02,2.363484911620616913e-02,2.276428788900375366e-01,3.453155159950256348e-01,5.674698622897267342e-04,1.028857305645942688e-01,4.540151059627532959e-01,4.360260441899299622e-02,1.625481843948364258e-01,3.494162261486053467e-01,1.394932568073272705e-01,2.166539430618286133e-01
9.495108574628829956e-02,1.112543642520904541e-01,-3.512196987867355347e-02,6.165239587426185608e-02,9.780373424291610718e-02,2.885349690914154053e-01,3.382515907287597656e-01,1.472027599811553955e-01,1.920771449804306030e-01,4.751157760620117188e-01,3.421487212181091309e-01,4.192953705787658691e-01,6.610997915267944336e-01,3.278582394123077393e-01,2.984880805015563965e-01,1.739137619733810425e-01,4.905419945716857910e-01,6.711558699607849121e-01,2.141035646200180054e-01,6.484964489936828613e-01,1.000000000000000000e+00,7.155153155326843262e-01,4.271161556243896484e-01,1.786753684282302856e-01,-1.952579990029335022e-02,-1.613093540072441101e-02,3.436406329274177551e-02,-1.751687191426753998e-02,-2.031624875962734222e-02,-2.970436587929725647e-02,4.930980205535888672e-01,3.073620200157165527e-01,-3.711254149675369263e-02,1.545574367046356201e-01,8.481355756521224976e-02,3.314352631568908691e-01,2.349672466516494751e-01,-1.744924932718276978e-01,5.388206616044044495e-02,4.163622558116912842e-01,1.825456023216247559e-01,2.181014716625213623e-01,3.790126144886016846e-01,1.031012609601020813e-01,1.416833046823740005e-02,3.642504215240478516e-01,1.550646424293518066e-01,2.716775834560394287e-01
1.446198076009750366e-01,4.639000073075294495e-02,-1.713063269853591919e-01,3.190828114748001099e-02,2.497634589672088623e-01,2.797084450721740723e-01,3.375380635261535645e-01,5.071918293833732605e-02,2.105821669101715088e-01,3.250323235988616943e-01,3.103997707366943359e-01,3.454127609729766846e-01,5.677594542503356934e-01,2.883574068546295166e-01,2.113350480794906616e-01,1.671220064163208008e-01,5.109558105468750000e-01,5.660509467124938965e-01,2.209871113300323486e-01,5.192613005638122559e-01,7.155153155326843262e-01,1.000000000000000000e+00,6.367871761322021484e-01,3.084836602210998535e-01,-3.600746020674705505e-02,-9.000161290168762207e-02,-7.621052861213684082e-02,-1.269531995058059692e-01,-9.021142125129699707e-02,-1.352448016405105591e-01,5.005083680152893066e-01,4.410532116889953613e-01,-4.450680222362279892e-03,9.550404548645019531e-02,-2.757843956351280212e-02,3.710853457450866699e-01,5.396636202931404114e-02,-1.852108687162399292e-01,-9.055442176759243011e-03,5.282781124114990234e-01,2.497979700565338135e-01,1.941797584295272827e-01,2.310272902250289917e-01,1.163067296147346497e-01,-8.496649563312530518e-02,2.352630943059921265e-01,1.971701979637145996e-01,5.741940736770629883e-01
2.027348130941390991e-01,3.679402917623519897e-02,-9.678401052951812744e-02,-5.845071747899055481e-02,1.929728090763092041e-01,2.217627316713333130e-01,3.103009462356567383e-01,-7.914551347494125366e-02,1.853252053260803223e-01,2.047814428806304932e-01,1.664765924215316772e-01,1.867274492979049683e-01,4.065143465995788574e-01,2.027539759874343872e-01,1.505752503871917725e-01,4.291839003562927246e-01,5.777403712272644043e-01,2.714598178863525391e-01,4.431985020637512207e-01,5.183765292167663574e-01,4.271161556243896484e-01,6.367871761322021484e-01,1.000000000000000000e+00,4.388231933116912842e-01,6.531219184398651123e-02,-1.214915513992309570e-01,-1.258127111941576004e-02,1.952592283487319946e-02,-1.559475809335708618e-01,1.947904564440250397e-02,1.783537268638610840e-01,4.002948403358459473e-01,8.617491461336612701e-03,-3.029653243720531464e-02,-1.786412298679351807e-02,3.817508816719055176e-01,-6.838939338922500610e-02,-1.310714799910783768e-02,1.717549264430999756e-01,5.575249195098876953e-01,1.643163859844207764e-01,7.112156599760055542e-02,1.210200041532516479e-01,1.538983434438705444e-01,-7.008179277181625366e-02,1.153564006090164185e-01,3.299799263477325439e-01,6.865242719650268555e-01
2.077711373567581177e-01,2.876271605491638184e-01,6.775904912501573563e-04,8.379057049751281738e-02,6.808054447174072266e-02,1.351377069950103760e-01,7.764247804880142212e-02,2.007472962141036987e-01,3.154691457748413086e-01,2.489513605833053589e-01,2.472548186779022217e-01,2.446419149637222290e-01,3.773215711116790771e-01,2.066045254468917847e-01,3.858376741409301758e-01,4.669227004051208496e-01,1.380911618471145630e-01,4.505890980362892151e-02,2.230084985494613647e-01,1.514561623334884644e-01,1.786753684282302856e-01,3.084836602210998535e-01,4.388231933116912842e-01,1.000000000000000000e+00,2.098696827888488770e-01,4.602253809571266174e-02,2.250298857688903809e-02,1.093217954039573669e-01,1.570252180099487305e-01,3.053989410400390625e-01,4.042851924896240234e-01,6.223340034484863281e-01,6.105397641658782959e-02,-2.197888866066932678e-02,2.304974794387817383e-01,5.703775882720947266e-01,1.539030969142913818e-01,2.214455306529998779e-01,2.951810061931610107e-01,6.469925642013549805e-01,2.580218017101287842e-01,2.198060452938079834e-01,1.534096896648406982e-01,3.006676137447357178e-01,6.239910796284675598e-02,2.542447447776794434e-01,6.968039870262145996e-01,2.661332786083221436e-01
3.623464703559875488e-01,3.753624856472015381e-01,-3.125370014458894730e-03,-1.025985702872276306e-01,-2.895071730017662048e-02,9.860928356647491455e-02,-7.044801115989685059e-02,1.971760839223861694e-01,1.788237690925598145e-01,-2.265585213899612427e-02,1.251744180917739868e-01,1.002034768462181091e-01,-3.057277202606201172e-02,1.162128075957298279e-01,1.247044578194618225e-01,1.822731830179691315e-02,2.105318009853363037e-02,5.700838938355445862e-02,1.366780698299407959e-01,-1.694077625870704651e-02,-1.952579990029335022e-02,-3.600746020674705505e-02,6.531219184398651123e-02,2.098696827888488770e-01,1.000000000000000000e+00,2.259359955787658691e-01,3.548065423965454102e-01,4.200403988361358643e-01,4.679799973964691162e-01,3.532419204711914062e-01,6.898175179958343506e-02,1.425786018371582031e-01,5.306442975997924805e-01,-6.976397335529327393e-02,2.672826051712036133e-01,3.394793346524238586e-02,2.203892022371292114e-01,4.138794168829917908e-02,3.260681927204132080e-01,1.358194202184677124e-01,1.927439272403717041e-01,1.719131916761398315e-01,1.189058572053909302e-01,2.453376650810241699e-01,7.566741108894348145e-02,1.655517071485519409e-01,2.018763870000839233e-01,9.919991344213485718e-02
-1.371868252754211426e-01,2.261596173048019409e-01,1.062764301896095276e-01,-1.116195544600486755e-01,-3.224157094955444336e-01,-1.694233864545822144e-01,-5.043089017271995544e-02,9.359175711870193481e-02,1.216175407171249390e-01,1.375037729740142822e-01,2.292752452194690704e-02,1.674946099519729614e-01,-1.991512440145015717e-02,6.416852585971355438e-03,1.254347711801528931e-01,-3.323044255375862122e-02,3.532416000962257385e-02,1.948897391557693481e-01,5.950756743550300598e-02,-1.786080747842788696e-02,-1.613093540072441101e-02,-9.000161290168762207e-02,-1.214915513992309570e-01,4.602253809571266174e-02,2.259359955787658691e-01,1.000000000000000000e+00,2.206238955259323120e-01,3.536917865276336670e-01,5.324444174766540527e-01,3.573579490184783936e-01,2.045660167932510376e-01,1.401987522840499878e-01,8.765009790658950806e-02,1.433025747537612915e-01,2.765877544879913330e-01,5.299339443445205688e-02,1.746648550033569336e-01,6.510768830776214600e-02,2.829788327217102051e-01,1.025158464908599854e-01,1.337572783231735229e-01,2.347175776958465576e-01,1.812153011560440063e-01,1.843916326761245728e-01,2.968041002750396729e-01,2.788490056991577148e-01,1.332518905401229858e-01,-1.170395836234092712e-01
2.758858799934387207e-01,2.891981601715087891e-01,-9.579893946647644043e-02,-1.574047356843948364e-01,-2.388441376388072968e-02,8.972549438476562500e-02,-6.563800573348999023e-02,2.017094790935516357e-01,4.076240211725234985e-02,-7.205570489168167114e-02,1.061737164855003357e-01,2.062942134216427803e-03,-4.806962236762046814e-02,8.335424959659576416e-02,4.667345061898231506e-02,2.202247269451618195e-02,1.997835934162139893e-02,1.203997582197189331e-01,1.403319537639617920e-01,6.678035110235214233e-02,3.436406329274177551e-02,-7.621052861213684082e-02,-1.258127111941576004e-02,2.250298857688903809e-02,3.548065423965454102e-01,2.206238955259323120e-01,1.000000000000000000e+00,2.452656626701354980e-01,2.818620204925537109e-01,2.788283526897430420e-01,-4.810436442494392395e-02,-1.022127643227577209e-02,5.234987139701843262e-01,1.297874450683593750e-01,3.312171995639801025e-01,-1.145570501685142517e-01,3.446910083293914795e-01,8.619851432740688324e-03,1.971880495548248291e-01,-7.063534855842590332e-02,1.158470362424850464e-01,1.272205729037523270e-02,1.758353263139724731e-01,1.268774121999740601e-01,2.204758487641811371e-02,6.582152098417282104e-02,1.281474232673645020e-01,-1.512031164020299911e-02
3.221074640750885010e-01,3.199474215507507324e-01,5.032631754875183105e-01,4.888979601673781872e-04,-2.411950528621673584e-01,-5.402806773781776428e-02,-2.852106392383575439e-01,1.253251284360885620e-01,9.469275176525115967e-02,-5.137465521693229675e-02,-3.854956850409507751e-02,-5.842031165957450867e-02,-8.542926609516143799e-02,-5.018389225006103516e-02,-3.960171341896057129e-02,-2.826027339324355125e-03,-9.227154403924942017e-02,2.784176729619503021e-02,1.040389686822891235e-01,-3.102058358490467072e-02,-1.751687191426753998e-02,-1.269531995058059692e-01,1.952592283487319946e-02,1.093217954039573669e-01,4.200403988361358643e-01,3.536917865276336670e-01,2.452656626701354980e-01,1.000000000000000000e+00,6.314901709556579590e-01,3.062337040901184082e-01,-4.436944052577018738e-02,2.098447829484939575e-02,1.961747705936431885e-01,-2.519489265978336334e-02,2.487533092498779297e-01,1.981474608182907104e-01,1.879606246948242188e-01,9.690385311841964722e-03,2.477820217609405518e-01,1.266370266675949097e-01,1.805199123919010162e-02,1.055190339684486389e-01,1.349886208772659302e-01,1.599157303571701050e-01,1.587187349796295166e-01,1.386803835630416870e-01,1.599362343549728394e-01,8.916158974170684814e-02
2.733174562454223633e-01,4.699822664260864258e-01,1.938548833131790161e-01,-9.649761952459812164e-03,-1.660844832658767700e-01,4.426065832376480103e-02,-1.175800636410713196e-01,2.789908349514007568e-01,2.130199968814849854e-01,4.966301470994949341e-02,1.607970446348190308e-01,1.457085162401199341e-01,-1.497930288314819336e-02,8.484639972448348999e-02,1.112993806600570679e-01,-1.196138188242912292e-01,-1.282765567302703857e-01,6.706360727548599243e-02,-2.813354507088661194e-02,-1.240754872560501099e-01,-2.031624875962734222e-02,-9.021142125129699707e-02,-1.559475809335708618e-01,1.570252180099487305e-01,4.679799973964691162e-01,5.324444174766540527e-01,2.818620204925537109e-01,6.314901709556579590e-01,1.000000000000000000e+00,4.473650455474853516e-01,2.213312536478042603e-01,1.666139960289001465e-01,3.014063537120819092e-01,1.279133558273315430e-01,3.045625388622283936e-01,1.616428643465042114e-01,2.842962145805358887e-01,4.023788869380950928e-02,2.990287840366363525e-01,1.501545459032058716e-01,2.496176064014434814e-01,2.952645719051361084e-01,2.312379777431488037e-01,2.430959343910217285e-01,2.945470511913299561e-01,2.425875067710876465e-01,2.148112952709197998e-01,-1.366347167640924454e-02
2.642059624195098877e-01,3.769975006580352783e-01,-1.042923256754875183e-01,-1.974579840898513794e-01,-1.901299953460693359e-01,-3.063286654651165009e-02,5.681192502379417419e-02,2.739654183387756348e-01,3.083012998104095459e-01,1.934081166982650757e-01,1.626863926649093628e-01,2.290392816066741943e-01,1.117469072341918945e-01,8.465571701526641846e-02,2.823430895805358887e-01,2.552275061607360840e-01,1.393903344869613647e-01,8.380836993455886841e-02,2.861628532409667969e-01,1.173835843801498413e-01,-2.970436587929725647e-02,-1.352448016405105591e-01,1.947904564440250397e-02,3.053989410400390625e-01,3.532419204711914062e-01,3.573579490184783936e-01,2.788283526897430420e-01,3.062337040901184082e-01,4.473650455474853516e-01,1.000000000000000000e+00,1.781531423330307007e-01,1.981514096260070801e-01,1.882519721984863281e-01,1.029708907008171082e-01,4.733369350433349609e-01,1.507470905780792236e-01,3.482232391834259033e-01,1.732969731092453003e-01,4.976464509963989258e-01,2.459372133016586304e-01,7.707164436578750610e-02,2.735742330551147461e-01,2.995954751968383789e-01,3.599089682102203369e-01,2.846093475818634033e-01,3.275808691978454590e-01,3.626964390277862549e-01,-4.516351968050003052e-02
7.560979574918746948e-02,2.695919275283813477e-01,-5.410189554095268250e-02,9.586973488330841064e-02,4.849281162023544312e-02,1.764702796936035156e-01,2.125381082296371460e-01,2.931378483772277832e-01,3.548322021961212158e-01,4.267610311508178711e-01,4.385654032230377197e-01,4.592604637145996094e-01,5.251135230064392090e-01,4.092165827751159668e-01,4.896713197231292725e-01,1.347561776638031006e-01,1.766357570886611938e-01,4.946411550045013428e-01,-7.638906128704547882e-03,1.915460377931594849e-01,4.930980205535888672e-01,5.005083680152893066e-01,1.783537268638610840e-01,4.042851924896240234e-01,6.898175179958343506e-02,2.045660167932510376e-01,-4.810436442494392395e-02,-4.436944052577018738e-02,2.213312536478042603e-01,1.781531423330307007e-01,1.000000000000000000e+00,5.547042489051818848e-01,-7.442347705364227295e-02,1.238013282418251038e-01,1.657809466123580933e-01,3.135451674461364746e-01,2.992374598979949951e-01,-4.468185827136039734e-02,1.217227578163146973e-01,4.489823579788208008e-01,3.754749298095703125e-01,4.400145411491394043e-01,4.042282700538635254e-01,2.994742691516876221e-01,2.183655798435211182e-01,4.968459904193878174e-01,3.555889427661895752e-01,8.955439180135726929e-02
1.071372479200363159e-01,2.658718526363372803e-01,3.097542002797126770e-02,1.805755943059921265e-01,8.461291901767253876e-03,1.528604030609130859e-01,1.275423318147659302e-01,1.209443211555480957e-01,2.778177559375762939e-01,3.627156019210815430e-01,2.501647174358367920e-01,3.428894579410552979e-01,4.593091309070587158e-01,2.030914276838302612e-01,4.342513978481292725e-01,3.255593776702880859e-01,1.896053999662399292e-01,2.626265287399291992e-01,1.274659931659698486e-01,2.156997323036193848e-01,3.073620200157165527e-01,4.410532116889953613e-01,4.002948403358459473e-01,6.223340034484863281e-01,1.425786018371582031e-01,1.401987522840499878e-01,-1.022127643227577209e-02,2.098447829484939575e-02,1.666139960289001465e-01,1.981514096260070801e-01,5.547042489051818848e-01,1.000000000000000000e+00,-9.870563633739948273e-03,6.513426452875137329e-02,2.037832438945770264e-01,3.639557957649230957e-01,1.556103676557540894e-01,9.034867584705352783e-02,3.129048943519592285e-01,5.236031413078308105e-01,3.677112460136413574e-01,3.329171240329742432e-01,2.458428293466567993e-01,2.518943846225738525e-01,1.393482983112335205e-01,3.519134521484375000e-01,5.514500737190246582e-01,2.382267713546752930e-01
3.312110304832458496e-01,3.312094807624816895e-01,-1.747345328330993652e-01,-9.489864110946655273e-02,2.693560421466827393e-01,2.245852500200271606e-01,-3.358664363622665405e-02,3.759622573852539062e-01,9.301394969224929810e-02,-2.063983827829360962e-01,2.366761714220046997e-01,8.269255049526691437e-03,-1.515013426542282104e-01,1.727795004844665527e-01,-4.854124411940574646e-02,-1.214443966746330261e-01,-2.365443855524063110e-02,9.438001364469528198e-02,2.487584715709090233e-03,-6.876529008150100708e-02,-3.711254149675369263e-02,-4.450680222362279892e-03,8.617491461336612701e-03,6.105397641658782959e-02,5.306442975997924805e-01,8.765009790658950806e-02,5.234987139701843262e-01,1.961747705936431885e-01,3.014063537120819092e-01,1.882519721984863281e-01,-7.442347705364227295e-02,-9.870563633739948273e-03,1.000000000000000000e+00,8.264183253049850464e-02,1.820423007011413574e-01,-1.353763788938522339e-01,2.524084150791168213e-01,2.918382547795772552e-02,1.609425395727157593e-01,3.144543245434761047e-02,2.139068990945816040e-01,1.608758419752120972e-02,-6.609447300434112549e-02,1.424499005079269409e-01,-1.382299214601516724e-01,-1.415128856897354126e-01,8.258415013551712036e-02,1.261687278747558594e-01
