1.000000000000000000e+00,4.794474244117736816e-01,1.731131672859191895e-01,2.784715890884399414e-01,4.638245701789855957e-01,3.403244316577911377e-01,2.254177778959274292e-01,5.132476687431335449e-01,3.792169392108917236e-01,2.581035494804382324e-01,2.974892258644104004e-01,1.727525442838668823e-01,1.987272948026657104e-01,1.041626185178756714e-01,7.690734416246414185e-02,3.678809106349945068e-01,2.518773972988128662e-01,2.658158838748931885e-01,4.216561317443847656e-01,4.160718023777008057e-01,1.082397103309631348e-01,-1.458025276660919189e-01,2.423605471849441528e-01,-2.225670516490936279e-01,5.573038458824157715e-01,1.120897978544235229e-01,4.111812114715576172e-01,4.357747137546539307e-01,2.829785943031311035e-01,-1.742040924727916718e-02,1.251586675643920898e-01,-1.766975969076156616e-01,4.154369831085205078e-01,1.602296233177185059e-01,1.252732276916503906e-01,-5.325280502438545227e-02,3.711720108985900879e-01,1.080246716737747192e-01,1.928798407316207886e-01,-1.084939390420913696e-01,3.888109922409057617e-01,3.286156654357910156e-01,2.389734089374542236e-01,3.958362042903900146e-01,2.620972394943237305e-01,2.564843893051147461e-01,-2.356752306222915649e-01,-3.203330934047698975e-01
4.794474244117736816e-01,1.000000000000000000e+00,1.914782449603080750e-02,2.503384053707122803e-01,6.425526738166809082e-01,6.230379939079284668e-01,2.305317074060440063e-01,2.606122493743896484e-01,5.872460007667541504e-01,4.807302057743072510e-01,2.849412262439727783e-01,4.526886045932769775e-01,2.539047598838806152e-01,6.671778112649917603e-02,3.296099305152893066e-01,5.096507668495178223e-01,1.995664983987808228e-01,1.825889497995376587e-01,1.094096824526786804e-01,2.100226730108261108e-01,1.689486801624298096e-01,-1.670330613851547241e-01,1.292870491743087769e-01,4.556303471326828003e-02,3.783220350742340088e-01,5.606380105018615723e-02,4.227876067161560059e-01,4.211033880710601807e-01,3.326873183250427246e-01,2.295044511556625366e-01,2.423165887594223022e-01,-8.958732336759567261e-02,4.489174783229827881e-01,3.634836673736572266e-01,3.132460713386535645e-01,2.097548842430114746e-01,3.148570358753204346e-01,3.414804339408874512e-01,4.767832159996032715e-01,2.474380880594253540e-01,7.373448014259338379e-01,6.566489934921264648e-01,1.952701658010482788e-01,6.597810983657836914e-01,4.497592151165008545e-01,4.576146900653839111e-01,1.736335270106792450e-02,-2.136730998754501343e-01
1.731131672859191895e-01,1.914782449603080750e-02,1.000000000000000000e+00,5.813459157943725586e-01,-1.212594565004110336e-02,-9.387597441673278809e-03,4.969779253005981445e-01,-1.022405624389648438e-01,-3.020879067480564117e-02,4.189261049032211304e-02,-2.431079596281051636e-01,1.572591718286275864e-03,2.380998879671096802e-01,-3.057880401611328125e-01,-1.438135355710983276e-01,-8.406905084848403931e-02,2.142381519079208374e-01,-8.970822393894195557e-02,4.190154075622558594e-01,3.005018830299377441e-01,3.031052350997924805e-01,2.356095761060714722e-01,2.417090386152267456e-01,-1.383900940418243408e-01,9.737487137317657471e-02,8.967592567205429077e-02,1.417177822440862656e-02,3.337838351726531982e-01,1.044312343001365662e-01,4.675660654902458191e-02,-5.323159042745828629e-03,-8.214785158634185791e-02,-1.481196731328964233e-01,-7.871802896261215210e-02,7.392746629193425179e-04,3.069773549214005470e-03,-2.261236160993576050e-01,-8.709304966032505035e-03,7.787744700908660889e-02,1.014940254390239716e-02,-7.608716934919357300e-02,8.391040563583374023e-02,2.741428911685943604e-01,-4.289331287145614624e-02,7.343941926956176758e-02,8.001866936683654785e-02,-1.257869154214859009e-01,-4.579543694853782654e-02
2.784715890884399414e-01,2.503384053707122803e-01,5.813459157943725586e-01,1.000000000000000000e+00,2.453783452510833740e-01,3.532106876373291016e-01,5.203930139541625977e-01,-1.028099805116653442e-01,9.672860056161880493e-02,2.520154714584350586e-01,-1.018942072987556458e-01,1.797186732292175293e-01,4.687477052211761475e-01,-3.133853971958160400e-01,-4.614391550421714783e-02,1.364575326442718506e-01,2.482620924711227417e-01,-9.637256711721420288e-02,3.674630224704742432e-01,3.732040822505950928e-01,3.716895878314971924e-01,3.264270722866058350e-01,1.925899982452392578e-01,-1.091784387826919556e-01,2.670419514179229736e-01,8.250605314970016479e-03,1.061782166361808777e-01,5.150647759437561035e-01,4.150136709213256836e-01,2.968338429927825928e-01,1.083006784319877625e-01,-2.507427148520946503e-02,-9.341067075729370117e-02,-6.735849380493164062e-02,4.081217944622039795e-02,5.515193566679954529e-02,-2.165503352880477905e-01,5.871497839689254761e-02,9.801943600177764893e-02,-1.264019776135683060e-02,1.727503240108489990e-01,4.201898872852325439e-01,5.868655443191528320e-01,1.158399432897567749e-01,3.179725408554077148e-01,3.450187444686889648e-01,-9.451662749052047729e-02,-4.530931264162063599e-02
4.638245701789855957e-01,6.425526738166809082e-01,-1.212594565004110336e-02,2.453783452510833740e-01,1.000000000000000000e+00,6.372448205947875977e-01,1.750046014785766602e-01,3.794624507427215576e-01,5.203450918197631836e-01,3.611396253108978271e-01,3.809655308723449707e-01,3.964972198009490967e-01,3.763751387596130371e-01,1.792643070220947266e-01,2.520063817501068115e-01,5.727555751800537109e-01,1.415564864873886108e-01,2.122537046670913696e-01,1.501662433147430420e-01,3.002959787845611572e-01,3.133742213249206543e-01,-6.505566835403442383e-02,2.088553011417388916e-01,-5.410474166274070740e-02,4.688978493213653564e-01,2.387901581823825836e-02,3.721656203269958496e-01,2.557435929775238037e-01,1.425951570272445679e-01,2.949585393071174622e-02,1.196291744709014893e-01,5.139748007059097290e-02,4.175744056701660156e-01,2.306198179721832275e-01,5.305198207497596741e-02,-1.989855058491230011e-02,2.990044057369232178e-01,1.031541675329208374e-01,3.654601275920867920e-01,-9.495096164755523205e-04,6.675659418106079102e-01,4.449683725833892822e-01,2.631635665893554688e-01,5.011087656021118164e-01,2.318752855062484741e-01,3.640024960041046143e-01,-8.257359266281127930e-02,-1.651371121406555176e-01
3.403244316577911377e-01,6.230379939079284668e-01,-9.387597441673278809e-03,3.532106876373291016e-01,6.372448205947875977e-01,1.000000000000000000e+00,2.564040720462799072e-01,1.813286691904067993e-01,5.276823639869689941e-01,4.719963371753692627e-01,3.846745491027832031e-01,4.324832856655120850e-01,4.053460359573364258e-01,7.586793601512908936e-02,3.955374360084533691e-01,6.315650343894958496e-01,1.531684249639511108e-01,1.130335181951522827e-01,-6.596166640520095825e-02,1.381639987230300903e-01,2.270268648862838745e-01,-1.582015752792358398e-01,-2.068891935050487518e-02,9.645223617553710938e-02,4.220027625560760498e-01,8.522439002990722656e-02,4.614172279834747314e-01,3.728099167346954346e-01,3.448910117149353027e-01,2.038435041904449463e-01,1.967773735523223877e-01,-9.307712316513061523e-03,4.565701186656951904e-01,3.493515253067016602e-01,1.864537149667739868e-01,1.997030079364776611e-01,2.328778356313705444e-01,3.431787192821502686e-01,3.133178353309631348e-01,1.358993798494338989e-01,6.757958531379699707e-01,6.808571815490722656e-01,3.083949089050292969e-01,4.744979441165924072e-01,4.732629358768463135e-01,5.321373939514160156e-01,2.996171265840530396e-02,-2.441767305135726929e-01
2.254177778959274292e-01,2.305317074060440063e-01,4.969779253005981445e-01,5.203930139541625977e-01,1.750046014785766602e-01,2.564040720462799072e-01,1.000000000000000000e+00,9.799585491418838501e-02,8.633121848106384277e-02,2.416933327913284302e-01,4.453370720148086548e-02,1.136467084288597107e-01,3.424874544143676758e-01,-5.028790235519409180e-02,6.584692280739545822e-03,1.649029999971389771e-01,4.345677196979522705e-01,1.206362321972846985e-01,3.277516067028045654e-01,3.808507621288299561e-01,3.453555405139923096e-01,2.447700798511505127e-01,1.786687523126602173e-01,-1.269793659448623657e-01,2.219780534505844116e-01,1.621845811605453491e-01,9.466771036386489868e-02,3.190365135669708252e-01,2.405315190553665161e-01,1.867332458496093750e-01,1.311256289482116699e-01,3.074344946071505547e-03,6.500098109245300293e-02,4.775815829634666443e-02,-1.326187327504158020e-02,-3.060563467442989349e-02,-2.192822657525539398e-02,8.690085262060165405e-03,1.225144695490598679e-02,-8.554241806268692017e-02,1.679684966802597046e-01,3.048795461654663086e-01,4.356181323528289795e-01,9.640449285507202148e-02,3.137383460998535156e-01,2.918114960193634033e-01,-1.364015638828277588e-01,-5.802740529179573059e-02
5.132476687431335449e-01,2.606122493743896484e-01,-1.022405624389648438e-01,-1.028099805116653442e-01,3.794624507427215576e-01,1.813286691904067993e-01,9.799585491418838501e-02,1.000000000000000000e+00,4.111205935478210449e-01,8.495912700891494751e-02,6.139332056045532227e-01,5.902429670095443726e-02,-1.542151253670454025e-02,7.067788839340209961e-01,2.505495250225067139e-01,3.049759566783905029e-01,3.895477354526519775e-01,4.162427186965942383e-01,2.875942587852478027e-01,2.404061853885650635e-01,-4.949432983994483948e-02,-1.400740891695022583e-01,1.691460162401199341e-01,-1.203317269682884216e-01,4.793851971626281738e-01,1.344168335199356079e-01,4.139792323112487793e-01,3.048860095441341400e-02,-4.242549836635589600e-02,-1.665008515119552612e-01,9.055341780185699463e-02,6.551340967416763306e-02,4.487554132938385010e-01,2.266726046800613403e-01,-8.070161938667297363e-02,-1.367822736501693726e-01,7.671971917152404785e-01,-1.734406873583793640e-02,2.730494923889636993e-02,-1.427019387483596802e-01,2.031406313180923462e-01,1.184485852718353271e-01,8.562185801565647125e-03,3.489772081375122070e-01,7.939492166042327881e-02,9.551160037517547607e-02,-1.302477270364761353e-01,-2.316483557224273682e-01
3.792169392108917236e-01,5.872460007667541504e-01,-3.020879067480564117e-02,9.672860056161880493e-02,5.203450918197631836e-01,5.276823639869689941e-01,8.633121848106384277e-02,4.111205935478210449e-01,1.000000000000000000e+00,5.259838700294494629e-01,5.683715939521789551e-01,5.086264610290527344e-01,1.542494595050811768e-01,2.726257443428039551e-01,5.248751640319824219e-01,4.554502665996551514e-01,2.030214369297027588e-01,1.727854609489440918e-01,2.346987463533878326e-02,1.001954749226570129e-01,3.713847324252128601e-02,-2.151876240968704224e-01,-1.553221791982650757e-02,1.589553081430494785e-03,4.538445770740509033e-01,7.470521330833435059e-02,5.055356025695800781e-01,3.046843111515045166e-01,9.756954014301300049e-02,4.929488059133291245e-03,1.301789879798889160e-01,-7.983799278736114502e-02,5.119394063949584961e-01,4.749808311462402344e-01,1.993179172277450562e-01,1.200576424598693848e-01,4.230403304100036621e-01,4.536868333816528320e-01,3.136042654514312744e-01,1.260998398065567017e-01,4.740228354930877686e-01,5.250762104988098145e-01,1.388810127973556519e-01,7.901609539985656738e-01,3.302850425243377686e-01,4.628921747207641602e-01,-6.404878944158554077e-02,-2.555379867553710938e-01
2.581035494804382324e-01,4.807302057743072510e-01,4.189261049032211304e-02,2.520154714584350586e-01,3.611396253108978271e-01,4.719963371753692627e-01,2.416933327913284302e-01,8.495912700891494751e-02,5.259838700294494629e-01,1.000000000000000000e+00,3.381458222866058350e-01,7.650712728500366211e-01,5.284952521324157715e-01,3.395202104002237320e-03,5.375493168830871582e-01,3.041480183601379395e-01,1.893786489963531494e-01,1.730342954397201538e-02,1.083034947514533997e-01,2.618727982044219971e-01,3.290019631385803223e-01,-4.156360402703285217e-02,-6.825891882181167603e-02,-6.777857244014739990e-02,3.039993643760681152e-01,1.354224681854248047e-01,1.226666718721389771e-01,3.099497854709625244e-01,1.808770000934600830e-01,4.015405103564262390e-02,2.920590713620185852e-02,-2.050238847732543945e-01,2.555424869060516357e-01,2.463004291057586670e-01,1.795622408390045166e-01,2.032714895904064178e-02,5.382381752133369446e-02,5.029864311218261719e-01,2.421674430370330811e-01,4.807679448276758194e-03,3.413354754447937012e-01,7.175218462944030762e-01,4.266531169414520264e-01,5.146206021308898926e-01,6.550734639167785645e-01,7.535781264305114746e-01,-1.134483367204666138e-01,-2.122107297182083130e-01
2.974892258644104004e-01,2.849412262439727783e-01,-2.431079596281051636e-01,-1.018942072987556458e-01,3.809655308723449707e-01,3.846745491027832031e-01,4.453370720148086548e-02,6.139332056045532227e-01,5.683715939521789551e-01,3.381458222866058350e-01,1.000000000000000000e+00,3.987969160079956055e-01,1.702042222023010254e-01,5.954331755638122559e-01,5.583363771438598633e-01,3.131558299064636230e-01,2.027465552091598511e-01,2.245505899190902710e-01,5.971659347414970398e-02,1.523613482713699341e-01,3.514328226447105408e-02,-1.106175705790519714e-01,-9.585845470428466797e-02,-9.975335747003555298e-02,4.043078124523162842e-01,2.526803612709045410e-01,3.151939511299133301e-01,-5.455191247165203094e-03,4.167620092630386353e-03,-8.765152096748352051e-02,7.454345934092998505e-03,-8.664292283356189728e-03,5.195329189300537109e-01,3.608623743057250977e-01,-8.306464552879333496e-02,-1.332814991474151611e-01,5.323122143745422363e-01,2.506248950958251953e-01,8.710278570652008057e-02,-6.719931960105895996e-02,2.437185645103454590e-01,3.215542137622833252e-01,1.184252947568893433e-01,4.354656338691711426e-01,2.000928372144699097e-01,3.320467770099639893e-01,-1.273947507143020630e-01,-2.180732339620590210e-01
1.727525442838668823e-01,4.526886045932769775e-01,1.572591718286275864e-03,1.797186732292175293e-01,3.964972198009490967e-01,4.324832856655120850e-01,1.136467084288597107e-01,5.902429670095443726e-02,5.086264610290527344e-01,7.650712728500366211e-01,3.987969160079956055e-01,1.000000000000000000e+00,4.570069909095764160e-01,2.047659456729888916e-02,6.480010151863098145e-01,2.420418858528137207e-01,4.788004234433174133e-02,-8.607576042413711548e-02,-6.657268851995468140e-03,1.300091445446014404e-01,2.879415452480316162e-01,-3.061372227966785431e-02,-1.492386013269424438e-01,2.034338936209678650e-02,2.951452732086181641e-01,1.286050975322723389e-01,9.312354773283004761e-02,1.977108418941497803e-01,4.578533768653869629e-02,-3.072839172091335058e-04,5.843934603035449982e-03,-6.730411946773529053e-02,2.483284771442413330e-01,3.225605785846710205e-01,2.236074656248092651e-01,3.198721632361412048e-02,3.604985028505325317e-02,5.581595897674560547e-01,3.089177608489990234e-01,4.605595022439956665e-02,3.423810601234436035e-01,5.784661173820495605e-01,3.137371838092803955e-01,4.673339724540710449e-01,4.683113098144531250e-01,6.217250227928161621e-01,-1.141868717968463898e-02,-1.388466060161590576e-01
1.987272948026657104e-01,2.539047598838806152e-01,2.380998879671096802e-01,4.687477052211761475e-01,3.763751387596130371e-01,4.053460359573364258e-01,3.424874544143676758e-01,-1.542151253670454025e-02,1.542494595050811768e-01,5.284952521324157715e-01,1.702042222023010254e-01,4.570069909095764160e-01,1.000000000000000000e+00,-1.242432445287704468e-01,1.781682223081588745e-01,3.299448788166046143e-01,1.880223453044891357e-01,-1.199395731091499329e-01,2.728215754032135010e-01,4.279254078865051270e-01,6.044079065322875977e-01,2.379810214042663574e-01,2.447311282157897949e-01,-2.540883123874664307e-01,2.556811869144439697e-01,1.076217517256736755e-01,-9.033301472663879395e-02,1.444649845361709595e-01,1.381357461214065552e-01,8.106089383363723755e-02,-1.080613657832145691e-01,-1.540824770927429199e-01,5.036392435431480408e-02,2.456156909465789795e-02,-3.928712755441665649e-02,-1.706782281398773193e-01,-1.632648855447769165e-01,1.358435302972793579e-01,1.851352751255035400e-01,-1.525223255157470703e-01,2.379706650972366333e-01,5.074052214622497559e-01,6.295245885848999023e-01,1.220129132270812988e-01,3.706339001655578613e-01,5.453913807868957520e-01,-2.547073960304260254e-01,-9.113959968090057373e-03
1.041626185178756714e-01,6.671778112649917603e-02,-3.057880401611328125e-01,-3.133853971958160400e-01,1.792643070220947266e-01,7.586793601512908936e-02,-5.028790235519409180e-02,7.067788839340209961e-01,2.726257443428039551e-01,3.395202104002237320e-03,5.954331755638122559e-01,2.047659456729888916e-02,-1.242432445287704468e-01,1.000000000000000000e+00,3.059345185756683350e-01,1.238681375980377197e-01,2.509254813194274902e-01,3.895236551761627197e-01,5.940890312194824219e-02,7.415190339088439941e-02,-1.000801399350166321e-01,-9.111707657575607300e-02,-8.209219574928283691e-02,7.322078105062246323e-03,1.214160546660423279e-01,1.366806030273437500e-01,1.637455672025680542e-01,-2.115960270166397095e-01,-1.479150205850601196e-01,-1.501782536506652832e-01,6.319715082645416260e-02,1.064587906002998352e-01,2.348479479551315308e-01,1.249363422393798828e-01,-1.682410240173339844e-01,-1.204036697745323181e-01,6.593176126480102539e-01,-6.184835359454154968e-02,-9.832540899515151978e-02,-1.224592849612236023e-01,1.026984378695487976e-01,-7.012427086010575294e-04,-1.633246243000030518e-01,1.990626305341720581e-01,-5.484177544713020325e-02,6.154273170977830887e-03,-3.368916735053062439e-02,-1.277801245450973511e-01
7.690734416246414185e-02,3.296099305152893066e-01,-1.438135355710983276e-01,-4.614391550421714783e-02,2.520063817501068115e-01,3.955374360084533691e-01,6.584692280739545822e-03,2.505495250225067139e-01,5.248751640319824219e-01,5.375493168830871582e-01,5.583363771438598633e-01,6.480010151863098145e-01,1.781682223081588745e-01,3.059345185756683350e-01,1.000000000000000000e+00,2.423791736364364624e-01,1.175328046083450317e-01,5.589269101619720459e-02,-1.759415566921234131e-01,-2.348857559263706207e-02,1.006106138229370117e-01,-1.972682476043701172e-01,-2.539658546447753906e-01,1.848126351833343506e-01,3.187557756900787354e-01,1.157047748565673828e-01,3.119293451309204102e-01,1.274091303348541260e-01,1.142988167703151703e-02,-3.802869841456413269e-02,7.028128206729888916e-02,-8.143316954374313354e-02,4.745016992092132568e-01,5.218288898468017578e-01,1.928232014179229736e-01,1.825987249612808228e-01,3.010765314102172852e-01,6.636445522308349609e-01,1.741784662008285522e-01,1.881650239229202271e-01,2.376880794763565063e-01,4.171889424324035645e-01,8.323706686496734619e-02,4.603839814662933350e-01,3.840504884719848633e-01,4.423551857471466064e-01,1.288035959005355835e-01,-1.763805001974105835e-01
3.678809106349945068e-01,5.096507668495178223e-01,-8.406905084848403931e-02,1.364575326442718506e-01,5.727555751800537109e-01,6.315650343894958496e-01,1.649029999971389771e-01,3.049759566783905029e-01,4.554502665996551514e-01,3.041480183601379395e-01,3.131558299064636230e-01,2.420418858528137207e-01,3.299448788166046143e-01,1.238681375980377197e-01,2.423791736364364624e-01,1.000000000000000000e+00,2.291101813316345215e-01,1.949557811021804810e-01,5.146711319684982300e-02,2.030005156993865967e-01,2.452919334173202515e-01,-2.938789129257202148e-01,1.566697061061859131e-01,-3.981914743781089783e-02,4.919808208942413330e-01,8.595247566699981689e-02,4.207689166069030762e-01,3.002580404281616211e-01,2.321213185787200928e-01,8.739164471626281738e-02,1.159828975796699524e-01,-8.785285800695419312e-02,4.732090234756469727e-01,2.783906757831573486e-01,1.882052421569824219e-01,1.290685683488845825e-01,3.351649343967437744e-01,2.031269818544387817e-01,4.379967451095581055e-01,7.821414619684219360e-02,5.101091265678405762e-01,4.172308743000030518e-01,2.289269417524337769e-01,4.433508217334747314e-01,3.039003014564514160e-01,3.323725461959838867e-01,-5.802766978740692139e-02,-3.177722990512847900e-01
2.518773972988128662e-01,1.995664983987808228e-01,2.142381519079208374e-01,2.482620924711227417e-01,1.415564864873886108e-01,1.531684249639511108e-01,4.345677196979522705e-01,3.895477354526519775e-01,2.030214369297027588e-01,1.893786489963531494e-01,2.027465552091598511e-01,4.788004234433174133e-02,1.880223453044891357e-01,2.509254813194274902e-01,1.175328046083450317e-01,2.291101813316345215e-01,1.000000000000000000e+00,5.489144325256347656e-01,4.957259893417358398e-01,4.618589282035827637e-01,2.836436331272125244e-01,5.407070741057395935e-02,1.940892338752746582e-01,2.026599273085594177e-02,2.838639318943023682e-01,1.000465825200080872e-01,1.950551569461822510e-01,2.239105105400085449e-01,1.399721503257751465e-01,1.500790268182754517e-01,4.025222957134246826e-01,3.655296564102172852e-02,1.816071271896362305e-01,1.252945065498352051e-01,-5.061509553343057632e-03,6.516771018505096436e-02,3.146399259567260742e-01,7.128497958183288574e-02,-1.278597209602594376e-02,-2.614938654005527496e-02,5.666975677013397217e-02,2.161655724048614502e-01,3.646142780780792236e-01,2.180143296718597412e-01,2.625401318073272705e-01,2.638378739356994629e-01,3.363185562193393707e-03,-1.787649840116500854e-01
2.658158838748931885e-01,1.825889497995376587e-01,-8.970822393894195557e-02,-9.637256711721420288e-02,2.122537046670913696e-01,1.130335181951522827e-01,1.206362321972846985e-01,4.162427186965942383e-01,1.727854609489440918e-01,1.730342954397201538e-02,2.245505899190902710e-01,-8.607576042413711548e-02,-1.199395731091499329e-01,3.895236551761627197e-01,5.589269101619720459e-02,1.949557811021804810e-01,5.489144325256347656e-01,1.000000000000000000e+00,2.658045589923858643e-01,3.791615664958953857e-01,2.206427752971649170e-01,-2.890165895223617554e-02,9.947534650564193726e-02,9.930483065545558929e-03,1.260034590959548950e-01,8.617207407951354980e-02,2.755684852600097656e-01,4.681170918047428131e-03,9.065558016300201416e-02,1.770147830247879028e-01,5.543807148933410645e-01,4.411432892084121704e-02,3.321900665760040283e-01,1.176147833466529846e-01,1.228181738406419754e-02,-3.062985092401504517e-02,4.680616259574890137e-01,-5.575168877840042114e-02,1.396423950791358948e-02,-8.172093331813812256e-02,1.712975203990936279e-01,9.604452177882194519e-03,-3.118899837136268616e-02,1.658709943294525146e-01,2.695426717400550842e-02,-9.445950388908386230e-03,1.108428114093840122e-03,-2.274849116802215576e-01
4.216561317443847656e-01,1.094096824526786804e-01,4.190154075622558594e-01,3.674630224704742432e-01,1.501662433147430420e-01,-6.596166640520095825e-02,3.277516067028045654e-01,2.875942587852478027e-01,2.346987463533878326e-02,1.083034947514533997e-01,5.971659347414970398e-02,-6.657268851995468140e-03,2.728215754032135010e-01,5.940890312194824219e-02,-1.759415566921234131e-01,5.146711319684982300e-02,4.957259893417358398e-01,2.658045589923858643e-01,1.000000000000000000e+00,7.483093738555908203e-01,3.657493293285369873e-01,1.758717298507690430e-01,4.273868501186370850e-01,-3.238061964511871338e-01,1.266504228115081787e-01,8.423347771167755127e-02,-7.236198335886001587e-02,1.606165766716003418e-01,9.383941069245338440e-03,-7.264882326126098633e-02,2.574340999126434326e-02,-1.305865645408630371e-01,-6.260894984006881714e-02,-1.719689369201660156e-01,-1.445197016000747681e-01,-2.526381611824035645e-01,1.610407978296279907e-01,-1.538902372121810913e-01,1.423985660076141357e-01,-1.717443466186523438e-01,-4.844383150339126587e-02,9.111560881137847900e-02,3.992078304290771484e-01,6.615934520959854126e-02,4.165795445442199707e-02,1.827676296234130859e-01,-3.057343959808349609e-01,-1.626625359058380127e-01
4.160718023777008057e-01,2.100226730108261108e-01,3.005018830299377441e-01,3.732040822505950928e-01,3.002959787845611572e-01,1.381639987230300903e-01,3.808507621288299561e-01,2.404061853885650635e-01,1.001954749226570129e-01,2.618727982044219971e-01,1.523613482713699341e-01,1.300091445446014404e-01,4.279254078865051270e-01,7.415190339088439941e-02,-2.348857559263706207e-02,2.030005156993865967e-01,4.618589282035827637e-01,3.791615664958953857e-01,7.483093738555908203e-01,1.000000000000000000e+00,6.353885531425476074e-01,2.157834023237228394e-01,4.063613116741180420e-01,-4.226559400558471680e-01,1.628748774528503418e-01,1.492188423871994019e-01,-2.850142493844032288e-02,1.899217367172241211e-01,1.163018345832824707e-01,4.097701609134674072e-02,3.918463736772537231e-02,-2.208510339260101318e-01,1.293781101703643799e-01,-2.664376236498355865e-02,-8.762171864509582520e-02,-3.236575722694396973e-01,1.708161532878875732e-01,-6.578122079372406006e-02,2.577208280563354492e-01,-1.891000121831893921e-01,8.215701580047607422e-02,2.378489375114440918e-01,4.588413536548614502e-01,1.470680832862854004e-01,1.506528556346893311e-01,2.924806177616119385e-01,-4.322833716869354248e-01,-2.703237831592559814e-01
1.082397103309631348e-01,1.689486801624298096e-01,3.031052350997924805e-01,3.716895878314971924e-01,3.133742213249206543e-01,2.270268648862838745e-01,3.453555405139923096e-01,-4.949432983994483948e-02,3.713847324252128601e-02,3.290019631385803223e-01,3.514328226447105408e-02,2.879415452480316162e-01,6.044079065322875977e-01,-1.000801399350166321e-01,1.006106138229370117e-01,2.452919334173202515e-01,2.836436331272125244e-01,2.206427752971649170e-01,3.657493293285369873e-01,6.353885531425476074e-01,1.000000000000000000e+00,3.619258701801300049e-01,2.489528357982635498e-01,-2.734895348548889160e-01,7.600442320108413696e-02,1.131879612803459167e-01,-1.260142177343368530e-01,5.682630091905593872e-02,3.323705866932868958e-02,9.076923131942749023e-02,1.671428419649600983e-02,-1.684500128030776978e-01,1.458224505186080933e-01,9.613916277885437012e-02,4.778211005032062531e-03,-2.520298361778259277e-01,-9.165845066308975220e-02,9.807115793228149414e-02,3.200901150703430176e-01,-5.666622892022132874e-02,1.346653699874877930e-01,2.712117731571197510e-01,4.527293443679809570e-01,4.300480335950851440e-02,1.897636353969573975e-01,3.028576970100402832e-01,-2.683987617492675781e-01,-1.018982008099555969e-01
-1.458025276660919189e-01,-1.670330613851547241e-01,2.356095761060714722e-01,3.264270722866058350e-01,-6.505566835403442383e-02,-1.582015752792358398e-01,2.447700798511505127e-01,-1.400740891695022583e-01,-2.151876240968704224e-01,-4.156360402703285217e-02,-1.106175705790519714e-01,-3.061372227966785431e-02,2.379810214042663574e-01,-9.111707657575607300e-02,-1.972682476043701172e-01,-2.938789129257202148e-01,5.407070741057395935e-02,-2.890165895223617554e-02,1.758717298507690430e-01,2.157834023237228394e-01,3.619258701801300049e-01,1.000000000000000000e+00,3.213023394346237183e-02,-2.685818076133728027e-01,-1.435673832893371582e-01,5.727235972881317139e-02,-3.350543975830078125e-01,-1.542427688837051392e-01,-8.901682496070861816e-02,6.685478240251541138e-02,-1.058904975652694702e-01,2.256534397602081299e-01,-2.618300914764404297e-01,-2.227478921413421631e-01,-6.523460149765014648e-02,-4.363179504871368408e-01,-2.782738804817199707e-01,-2.604920864105224609e-01,-1.320734918117523193e-01,-2.370337694883346558e-01,-1.716161966323852539e-01,-6.973095238208770752e-02,2.797124385833740234e-01,-2.408967465162277222e-01,-8.220131695270538330e-02,-1.484209857881069183e-02,-2.131432294845581055e-01,4.158089756965637207e-01
2.423605471849441528e-01,1.292870491743087769e-01,2.417090386152267456e-01,1.925899982452392578e-01,2.088553011417388916e-01,-2.068891935050487518e-02,1.786687523126602173e-01,1.691460162401199341e-01,-1.553221791982650757e-02,-6.825891882181167603e-02,-9.585845470428466797e-02,-1.492386013269424438e-01,2.447311282157897949e-01,-8.209219574928283691e-02,-2.539658546447753906e-01,1.566697061061859131e-01,1.940892338752746582e-01,9.947534650564193726e-02,4.273868501186370850e-01,4.063613116741180420e-01,2.489528357982635498e-01,3.213023394346237183e-02,1.000000000000000000e+00,-2.240961343050003052e-01,5.070438981056213379e-02,-1.049776077270507812e-01,-3.609232371672987938e-03,1.057680472731590271e-01,1.510390173643827438e-02,-2.569955401122570038e-02,-5.533562973141670227e-02,-1.737548559904098511e-01,-3.932899236679077148e-02,-4.990726336836814880e-02,-6.221458781510591507e-03,1.753396540880203247e-02,1.066048815846443176e-01,-2.280218303203582764e-01,2.555788457393646240e-01,1.021229699254035950e-01,8.978910744190216064e-02,-1.998107135295867920e-02,1.777927726507186890e-01,6.653605028986930847e-03,-2.948976494371891022e-02,-3.754276840481907129e-04,-2.048742622137069702e-01,3.659424558281898499e-02
-2.225670516490936279e-01,4.556303471326828003e-02,-1.383900940418243408e-01,-1.091784387826919556e-01,-5.410474166274070740e-02,9.645223617553710938e-02,-1.269793659448623657e-01,-1.203317269682884216e-01,1.589553081430494785e-03,-6.777857244014739990e-02,-9.975335747003555298e-02,2.034338936209678650e-02,-2.540883123874664307e-01,7.322078105062246323e-03,1.848126351833343506e-01,-3.981914743781089783e-02,2.026599273085594177e-02,9.930483065545558929e-03,-3.238061964511871338e-01,-4.226559400558471680e-01,-2.734895348548889160e-01,-2.685818076133728027e-01,-2.240961343050003052e-01,1.000000000000000000e+00,-6.749428808689117432e-02,-1.099697574973106384e-01,1.860167831182479858e-01,7.320525497198104858e-02,6.100537255406379700e-02,1.318240761756896973e-01,4.970417022705078125e-01,3.475548923015594482e-01,1.924143172800540924e-02,6.816170364618301392e-02,1.771740466356277466e-01,7.013778686523437500e-01,1.460697315633296967e-02,2.277630567550659180e-01,-1.120715066790580750e-01,4.800866842269897461e-01,7.096292823553085327e-02,1.384997740387916565e-02,-1.346094757318496704e-01,4.197105299681425095e-03,9.091137349605560303e-02,4.106781631708145142e-02,8.622266650199890137e-01,2.256440967321395874e-01
5.573038458824157715e-01,3.783220350742340088e-01,9.737487137317657471e-02,2.670419514179229736e-01,4.688978493213653564e-01,4.220027625560760498e-01,2.219780534505844116e-01,4.793851971626281738e-01,4.538445770740509033e-01,3.039993643760681152e-01,4.043078124523162842e-01,2.951452732086181641e-01,2.556811869144439697e-01,1.214160546660423279e-01,3.187557756900787354e-01,4.919808208942413330e-01,2.838639318943023682e-01,1.260034590959548950e-01,1.266504228115081787e-01,1.628748774528503418e-01,7.600442320108413696e-02,-1.435673832893371582e-01,5.070438981056213379e-02,-6.749428808689117432e-02,1.000000000000000000e+00,4.747393354773521423e-02,5.893280506134033203e-01,4.440755248069763184e-01,2.401827871799468994e-01,3.906675055623054504e-02,1.201519370079040527e-01,-9.283801540732383728e-03,5.135459303855895996e-01,3.287435770034790039e-01,1.699853390455245972e-01,2.368606254458427429e-02,2.997132539749145508e-01,2.653839290142059326e-01,8.908097445964813232e-02,-1.226912513375282288e-01,3.062295913696289062e-01,3.621729314327239990e-01,2.970460951328277588e-01,4.356796741485595703e-01,3.057850599288940430e-01,3.117653429508209229e-01,-7.565864920616149902e-02,-2.269902229309082031e-01
1.120897978544235229e-01,5.606380105018615723e-02,8.967592567205429077e-02,8.250605314970016479e-03,2.387901581823825836e-02,8.522439002990722656e-02,1.621845811605453491e-01,1.344168335199356079e-01,7.470521330833435059e-02,1.354224681854248047e-01,2.526803612709045410e-01,1.286050975322723389e-01,1.076217517256736755e-01,1.366806030273437500e-01,1.157047748565673828e-01,8.595247566699981689e-02,1.000465825200080872e-01,8.617207407951354980e-02,8.423347771167755127e-02,1.492188423871994019e-01,1.131879612803459167e-01,5.727235972881317139e-02,-1.049776077270507812e-01,-1.099697574973106384e-01,4.747393354773521423e-02,1.000000000000000000e+00,-3.961576148867607117e-02,1.557960081845521927e-02,1.115539520978927612e-01,1.035706475377082825e-01,6.514752656221389771e-02,1.527787148952484131e-01,1.244192868471145630e-01,1.261698156595230103e-01,-7.858927547931671143e-02,-1.454835087060928345e-01,1.208586841821670532e-01,1.447088122367858887e-01,1.020956262946128845e-01,-1.343629509210586548e-01,4.173466470092535019e-03,1.410521119832992554e-01,1.016687676310539246e-01,8.933024108409881592e-02,1.153046414256095886e-01,8.908313512802124023e-02,-6.379771232604980469e-02,-6.315626949071884155e-02
4.111812114715576172e-01,4.227876067161560059e-01,1.417177822440862656e-02,1.061782166361808777e-01,3.721656203269958496e-01,4.614172279834747314e-01,9.466771036386489868e-02,4.139792323112487793e-01,5.055356025695800781e-01,1.226666718721389771e-01,3.151939511299133301e-01,9.312354773283004761e-02,-9.033301472663879395e-02,1.637455672025680542e-01,3.119293451309204102e-01,4.207689166069030762e-01,1.950551569461822510e-01,2.755684852600097656e-01,-7.236198335886001587e-02,-2.850142493844032288e-02,-1.260142177343368530e-01,-3.350543975830078125e-01,-3.609232371672987938e-03,1.860167831182479858e-01,5.893280506134033203e-01,-3.961576148867607117e-02,1.000000000000000000e+00,3.966453671455383301e-01,2.448884099721908569e-01,1.357336789369583130e-01,3.364465534687042236e-01,4.919563233852386475e-02,6.206316947937011719e-01,4.094680547714233398e-01,2.477155625820159912e-01,2.849405407905578613e-01,4.582138061523437500e-01,2.881489694118499756e-01,1.036285981535911560e-01,1.461629420518875122e-01,3.551290631294250488e-01,2.921761274337768555e-01,1.297222543507814407e-02,5.092785358428955078e-01,2.347532808780670166e-01,1.669530272483825684e-01,1.746685653924942017e-01,-2.001672536134719849e-01
4.357747137546539307e-01,4.211033880710601807e-01,3.337838351726531982e-01,5.150647759437561035e-01,2.557435929775238037e-01,3.728099167346954346e-01,3.190365135669708252e-01,3.048860095441341400e-02,3.046843111515045166e-01,3.099497854709625244e-01,-5.455191247165203094e-03,1.977108418941497803e-01,1.444649845361709595e-01,-2.115960270166397095e-01,1.274091303348541260e-01,3.002580404281616211e-01,2.239105105400085449e-01,4.681170918047428131e-03,1.606165766716003418e-01,1.899217367172241211e-01,5.682630091905593872e-02,-1.542427688837051392e-01,1.057680472731590271e-01,7.320525497198104858e-02,4.440755248069763184e-01,1.557960081845521927e-02,3.966453671455383301e-01,1.000000000000000000e+00,6.779626607894897461e-01,3.661734461784362793e-01,1.969808936119079590e-01,-9.710633754730224609e-02,1.537961214780807495e-01,1.348041445016860962e-01,3.016258776187896729e-01,3.320510387420654297e-01,3.673161938786506653e-02,2.912411391735076904e-01,2.007771581411361694e-01,1.411646753549575806e-01,2.906375229358673096e-01,4.193504154682159424e-01,2.816513180732727051e-01,3.598152697086334229e-01,4.134278595447540283e-01,3.256841897964477539e-01,4.559055715799331665e-02,-2.419779300689697266e-01
2.829785943031311035e-01,3.326873183250427246e-01,1.044312343001365662e-01,4.150136709213256836e-01,1.425951570272445679e-01,3.448910117149353027e-01,2.405315190553665161e-01,-4.242549836635589600e-02,9.756954014301300049e-02,1.808770000934600830e-01,4.167620092630386353e-03,4.578533768653869629e-02,1.381357461214065552e-01,-1.479150205850601196e-01,1.142988167703151703e-02,2.321213185787200928e-01,1.399721503257751465e-01,9.065558016300201416e-02,9.383941069245338440e-03,1.163018345832824707e-01,3.323705866932868958e-02,-8.901682496070861816e-02,1.510390173643827438e-02,6.100537255406379700e-02,2.401827871799468994e-01,1.115539520978927612e-01,2.448884099721908569e-01,6.779626607894897461e-01,1.000000000000000000e+00,6.286165714263916016e-01,3.058116137981414795e-01,-7.654309272766113281e-02,1.180929690599441528e-01,8.927656710147857666e-02,2.004142552614212036e-01,2.339017391204833984e-01,6.439578719437122345e-03,1.899510473012924194e-01,1.457977741956710815e-01,7.600735872983932495e-02,2.530865073204040527e-01,4.140360057353973389e-01,1.955877095460891724e-01,1.934179663658142090e-01,3.945091366767883301e-01,1.759836971759796143e-01,6.063313037157058716e-02,-2.114168554544448853e-01
-1.742040924727916718e-02,2.295044511556625366e-01,4.675660654902458191e-02,2.968338429927825928e-01,2.949585393071174622e-02,2.038435041904449463e-01,1.867332458496093750e-01,-1.665008515119552612e-01,4.929488059133291245e-03,4.015405103564262390e-02,-8.765152096748352051e-02,-3.072839172091335058e-04,8.106089383363723755e-02,-1.501782536506652832e-01,-3.802869841456413269e-02,8.739164471626281738e-02,1.500790268182754517e-01,1.770147830247879028e-01,-7.264882326126098633e-02,4.097701609134674072e-02,9.076923131942749023e-02,6.685478240251541138e-02,-2.569955401122570038e-02,1.318240761756896973e-01,3.906675055623054504e-02,1.035706475377082825e-01,1.357336789369583130e-01,3.661734461784362793e-01,6.286165714263916016e-01,1.000000000000000000e+00,4.868299067020416260e-01,1.196903511881828308e-01,4.216823354363441467e-02,9.793917089700698853e-02,2.331156879663467407e-01,2.315478026866912842e-01,-1.064983233809471130e-01,1.519720852375030518e-01,8.511299639940261841e-02,7.873120158910751343e-02,1.673675179481506348e-01,2.615464627742767334e-01,1.433245390653610229e-01,1.250562518835067749e-01,2.137900143861770630e-01,6.243158131837844849e-02,1.332081109285354614e-01,-3.178207203745841980e-02
1.251586675643920898e-01,2.423165887594223022e-01,-5.323159042745828629e-03,1.083006784319877625e-01,1.196291744709014893e-01,1.967773735523223877e-01,1.311256289482116699e-01,9.055341780185699463e-02,1.301789879798889160e-01,2.920590713620185852e-02,7.454345934092998505e-03,5.843934603035449982e-03,-1.080613657832145691e-01,6.319715082645416260e-02,7.028128206729888916e-02,1.159828975796699524e-01,4.025222957134246826e-01,5.543807148933410645e-01,2.574340999126434326e-02,3.918463736772537231e-02,1.671428419649600983e-02,-1.058904975652694702e-01,-5.533562973141670227e-02,4.970417022705078125e-01,1.201519370079040527e-01,6.514752656221389771e-02,3.364465534687042236e-01,1.969808936119079590e-01,3.058116137981414795e-01,4.868299067020416260e-01,1.000000000000000000e+00,2.309720516204833984e-01,2.046872675418853760e-01,1.441853046417236328e-01,1.843936294317245483e-01,4.702774584293365479e-01,1.787570118904113770e-01,1.660926342010498047e-01,-4.487448930740356445e-02,2.368224561214447021e-01,2.425398081541061401e-01,1.766535490751266479e-01,3.417007252573966980e-02,1.726165562868118286e-01,1.880888491868972778e-01,8.690939098596572876e-02,4.487844705581665039e-01,-7.761058956384658813e-02
-1.766975969076156616e-01,-8.958732336759567261e-02,-8.214785158634185791e-02,-2.507427148520946503e-02,5.139748007059097290e-02,-9.307712316513061523e-03,3.074344946071505547e-03,6.551340967416763306e-02,-7.983799278736114502e-02,-2.050238847732543945e-01,-8.664292283356189728e-03,-6.730411946773529053e-02,-1.540824770927429199e-01,1.064587906002998352e-01,-8.143316954374313354e-02,-8.785285800695419312e-02,3.655296564102172852e-02,4.411432892084121704e-02,-1.305865645408630371e-01,-2.208510339260101318e-01,-1.684500128030776978e-01,2.256534397602081299e-01,-1.737548559904098511e-01,3.475548923015594482e-01,-9.283801540732383728e-03,1.527787148952484131e-01,4.919563233852386475e-02,-9.710633754730224609e-02,-7.654309272766113281e-02,1.196903511881828308e-01,2.309720516204833984e-01,1.000000000000000000e+00,-7.775794714689254761e-02,-1.075270697474479675e-01,-4.151797387748956680e-03,3.019691258668899536e-02,5.697980150580406189e-02,-1.060599461197853088e-01,-1.820510923862457275e-01,-1.204326525330543518e-01,-9.338331222534179688e-02,-1.546117216348648071e-01,2.728676423430442810e-02,-7.694185525178909302e-02,-8.915856480598449707e-02,-5.945093929767608643e-02,4.164529740810394287e-01,3.364596068859100342e-01
4.154369831085205078e-01,4.489174783229827881e-01,-1.481196731328964233e-01,-9.341067075729370117e-02,4.175744056701660156e-01,4.565701186656951904e-01,6.500098109245300293e-02,4.487554132938385010e-01,5.119394063949584961e-01,2.555424869060516357e-01,5.195329189300537109e-01,2.483284771442413330e-01,5.036392435431480408e-02,2.348479479551315308e-01,4.745016992092132568e-01,4.732090234756469727e-01,1.816071271896362305e-01,3.321900665760040283e-01,-6.260894984006881714e-02,1.293781101703643799e-01,1.458224505186080933e-01,-2.618300914764404297e-01,-3.932899236679077148e-02,1.924143172800540924e-02,5.135459303855895996e-01,1.244192868471145630e-01,6.206316947937011719e-01,1.537961214780807495e-01,1.180929690599441528e-01,4.216823354363441467e-02,2.046872675418853760e-01,-7.775794714689254761e-02,1.000000000000000000e+00,6.437785029411315918e-01,1.695710420608520508e-01,5.246403813362121582e-02,5.054661035537719727e-01,3.672544956207275391e-01,2.422441542148590088e-01,1.218731626868247986e-01,3.288263380527496338e-01,3.024486303329467773e-01,-5.743652116507291794e-03,5.038104653358459473e-01,2.250174880027770996e-01,1.803766638040542603e-01,-8.554263040423393250e-03,-3.119601607322692871e-01
