1.000000000000000000e+00,3.221903145313262939e-01,5.484493821859359741e-02,2.214509621262550354e-02,3.526019752025604248e-01,1.545656621456146240e-01,-1.799432039260864258e-01,4.980352222919464111e-01,3.551743328571319580e-01,-1.105737686157226562e-01,3.421540260314941406e-01,-1.232617273926734924e-01,-2.011278569698333740e-01,2.332156598567962646e-01,8.497582376003265381e-02,-2.128043472766876221e-01,1.858263276517391205e-03,1.827074885368347168e-01,-2.047260999679565430e-01,-8.764272928237915039e-02,7.747192680835723877e-02,2.044219374656677246e-01,1.867429763078689575e-01,-4.586944356560707092e-02,4.011060297489166260e-01,-2.253757566213607788e-01,1.376432776451110840e-01,3.434267342090606689e-01,1.408731341361999512e-01,-2.041934281587600708e-01,4.426443949341773987e-02,-2.044324204325675964e-02,4.343551695346832275e-01,2.893039286136627197e-01,2.112387269735336304e-01,-1.523336023092269897e-01,2.460142672061920166e-01,5.545855313539505005e-02,-3.841565847396850586e-01,3.280054032802581787e-02,1.368843615055084229e-01,9.466543793678283691e-02,-2.586308419704437256e-01,3.569711744785308838e-01,-7.260481826961040497e-03,-1.895658671855926514e-01,-7.885529845952987671e-02,2.384818941354751587e-01
3.221903145313262939e-01,1.000000000000000000e+00,1.934653371572494507e-01,3.077066242694854736e-01,4.216916561126708984e-01,4.419479668140411377e-01,1.331888884305953979e-01,5.026312470436096191e-01,1.940106004476547241e-01,2.051792591810226440e-01,3.212794959545135498e-01,2.623812854290008545e-01,-8.743721991777420044e-03,4.086931347846984863e-01,1.936327815055847168e-01,-5.393892526626586914e-02,-3.831736743450164795e-02,2.818897068500518799e-01,-1.220245435833930969e-01,5.217397212982177734e-02,2.147565931081771851e-01,2.695702910423278809e-01,-1.616666279733181000e-02,1.371966954320669174e-02,1.398747563362121582e-01,1.285300254821777344e-01,3.025795221328735352e-01,4.350340962409973145e-01,3.569135367870330811e-01,6.764241307973861694e-02,1.996774077415466309e-01,1.098432689905166626e-01,4.775477647781372070e-01,3.367847502231597900e-01,2.982048094272613525e-01,-1.667396537959575653e-02,4.466078877449035645e-01,3.378886282444000244e-01,-1.042163185775279999e-02,1.102036237716674805e-01,6.044800877571105957e-01,4.232616722583770752e-01,1.443770527839660645e-01,3.780747056007385254e-01,3.139516711235046387e-01,2.265326231718063354e-01,-5.113442894071340561e-03,7.838061451911926270e-02
5.484493821859359741e-02,1.934653371572494507e-01,1.000000000000000000e+00,4.738216996192932129e-01,6.356164067983627319e-02,1.634053885936737061e-01,6.722860038280487061e-02,1.163594238460063934e-02,-3.772679716348648071e-02,1.888072490692138672e-01,-4.380671307444572449e-02,2.522116601467132568e-01,1.313943564891815186e-01,-8.524261065758764744e-04,1.789084970951080322e-01,-3.996532782912254333e-02,-1.272457540035247803e-01,1.926281601190567017e-01,-3.374730423092842102e-02,8.405764400959014893e-02,1.645921915769577026e-01,1.264524161815643311e-01,-4.479803889989852905e-02,-3.779427148401737213e-03,7.904081791639328003e-02,2.092032581567764282e-01,2.244969271123409271e-02,1.446035802364349365e-01,2.705091536045074463e-01,-3.729998320341110229e-02,2.467674314975738525e-01,2.316531240940093994e-01,1.013817265629768372e-01,7.702306658029556274e-02,4.068809747695922852e-02,1.328084804117679596e-02,2.934374846518039703e-03,1.442581862211227417e-01,4.081168770790100098e-02,1.897065043449401855e-01,1.302141100168228149e-01,2.743788063526153564e-01,1.621948927640914917e-01,1.910614520311355591e-01,1.850214749574661255e-01,2.162245064973831177e-01,4.255126789212226868e-02,-1.875261962413787842e-01
2.214509621262550354e-02,3.077066242694854736e-01,4.738216996192932129e-01,1.000000000000000000e+00,2.062867134809494019e-01,4.236929714679718018e-01,1.380050182342529297e-01,8.310455828905105591e-02,-5.536307021975517273e-02,2.203824520111083984e-01,2.404842991381883621e-03,2.300906330347061157e-01,9.702055901288986206e-02,1.634407788515090942e-02,1.146554574370384216e-01,4.251613467931747437e-02,-1.415210515260696411e-01,2.320936471223831177e-01,-8.808197081089019775e-02,-1.249933801591396332e-02,1.829406917095184326e-01,1.877577453851699829e-01,-1.630112081766128540e-01,-6.510224938392639160e-02,-8.127520978450775146e-02,1.051756665110588074e-01,7.917310111224651337e-03,1.118938401341438293e-01,-1.286930032074451447e-02,-9.883969277143478394e-02,1.947509944438934326e-01,1.782971471548080444e-01,4.606600478291511536e-02,3.657392412424087524e-02,-1.635229587554931641e-02,-3.565988317131996155e-02,7.356215268373489380e-02,8.118905127048492432e-02,3.523309156298637390e-02,4.280273616313934326e-02,4.446973204612731934e-01,3.071669042110443115e-01,1.580465137958526611e-01,1.940945535898208618e-01,1.765626221895217896e-01,2.133041322231292725e-01,-4.893584549427032471e-02,-1.440301537513732910e-01
3.526019752025604248e-01,4.216916561126708984e-01,6.356164067983627319e-02,2.062867134809494019e-01,1.000000000000000000e+00,4.888820648193359375e-01,-2.360679022967815399e-02,3.852961659431457520e-01,1.869648993015289307e-01,2.708232104778289795e-01,1.824889928102493286e-01,2.699429988861083984e-01,9.626162797212600708e-02,1.742771267890930176e-01,3.086888194084167480e-01,-2.269474789500236511e-02,-5.424197390675544739e-02,3.702802956104278564e-01,-1.082103401422500610e-01,1.647832244634628296e-01,3.220485746860504150e-01,3.554285764694213867e-01,1.714166626334190369e-02,-1.033954545855522156e-01,5.366185680031776428e-02,-1.117913946509361267e-01,1.537151932716369629e-01,1.365752816200256348e-01,1.799566484987735748e-02,-2.295705676078796387e-01,1.314270496368408203e-01,9.502506256103515625e-02,2.933156192302703857e-01,1.847009956836700439e-01,6.423797458410263062e-02,-1.523784399032592773e-01,2.480562180280685425e-01,7.911899685859680176e-02,-1.577348709106445312e-01,8.885181508958339691e-03,4.847360551357269287e-01,3.774344921112060547e-01,1.267790049314498901e-01,3.211023509502410889e-01,2.558363378047943115e-01,2.237135767936706543e-01,-5.173066630959510803e-02,1.361067444086074829e-01
1.545656621456146240e-01,4.419479668140411377e-01,1.634053885936737061e-01,4.236929714679718018e-01,4.888820648193359375e-01,1.000000000000000000e+00,2.248365581035614014e-01,1.919169127941131592e-01,4.552942514419555664e-02,3.760511279106140137e-01,5.876103416085243225e-02,3.172664642333984375e-01,2.564740478992462158e-01,2.741775289177894592e-02,1.667517870664596558e-01,4.082889109849929810e-02,2.556872554123401642e-02,4.686492979526519775e-01,-2.016928419470787048e-02,3.154193758964538574e-01,4.504502415657043457e-01,4.077513217926025391e-01,-2.102742344141006470e-02,-1.187312155961990356e-01,-1.231622248888015747e-01,3.714721277356147766e-02,9.898056089878082275e-02,9.406207501888275146e-02,-1.625255332328379154e-03,-1.191538497805595398e-01,2.669459879398345947e-01,1.881747543811798096e-01,1.387700885534286499e-01,4.336611554026603699e-02,7.848343998193740845e-02,-1.249536126852035522e-01,1.611370593309402466e-01,7.127905637025833130e-02,-1.972022280097007751e-02,4.256068915128707886e-02,5.518545508384704590e-01,4.313796758651733398e-01,3.543620407581329346e-01,1.728129833936691284e-01,3.888426125049591064e-01,4.137462377548217773e-01,-7.397561520338058472e-02,4.132864996790885925e-03
-1.799432039260864258e-01,1.331888884305953979e-01,6.722860038280487061e-02,1.380050182342529297e-01,-2.360679022967815399e-02,2.248365581035614014e-01,1.000000000000000000e+00,-3.647291660308837891e-02,-8.326089382171630859e-02,1.139454543590545654e-01,-3.028719499707221985e-02,7.669423520565032959e-02,2.103925198316574097e-01,-3.010978363454341888e-02,-1.168363541364669800e-01,2.224773168563842773e-01,4.021560847759246826e-01,1.264391094446182251e-01,1.547534465789794922e-01,2.452576309442520142e-01,1.842758357524871826e-01,9.391238540410995483e-02,8.459468930959701538e-02,2.754287607967853546e-02,-5.569121241569519043e-02,3.121635615825653076e-01,-2.117471955716609955e-02,-7.772460579872131348e-02,1.481814980506896973e-01,4.013295471668243408e-01,7.058615982532501221e-02,5.551495403051376343e-02,-4.183431155979633331e-03,-1.020181775093078613e-01,2.411228604614734650e-02,-1.275188196450471878e-02,-3.435784950852394104e-02,9.913664311170578003e-03,1.387403756380081177e-01,1.228949986398220062e-02,1.769687682390213013e-01,6.349050998687744141e-02,2.717662751674652100e-01,-9.417217969894409180e-02,1.002092733979225159e-01,2.091858983039855957e-01,8.729264885187149048e-02,-9.730870276689529419e-02
4.980352222919464111e-01,5.026312470436096191e-01,1.163594238460063934e-02,8.310455828905105591e-02,3.852961659431457520e-01,1.919169127941131592e-01,-3.647291660308837891e-02,1.000000000000000000e+00,4.498789012432098389e-01,-2.945329435169696808e-02,5.033342242240905762e-01,4.532412067055702209e-02,-1.814145147800445557e-01,5.005015134811401367e-01,2.666649818420410156e-01,-2.826831769198179245e-03,7.173468172550201416e-02,1.453650593757629395e-01,-7.714105397462844849e-02,-8.690714836120605469e-02,3.328826278448104858e-03,1.873380541801452637e-01,7.779097557067871094e-02,1.681352965533733368e-02,1.990923732519149780e-01,-7.269915193319320679e-02,2.982828617095947266e-01,3.141130506992340088e-01,1.796641200780868530e-01,-7.264276593923568726e-02,-6.854768842458724976e-03,1.518600247800350189e-02,4.597836732864379883e-01,3.917704224586486816e-01,3.345853984355926514e-01,-1.071423515677452087e-01,4.999228417873382568e-01,2.922061681747436523e-01,-1.266536265611648560e-01,8.505212143063545227e-03,2.758196294307708740e-01,2.498530149459838867e-01,-9.747105091810226440e-02,4.123957753181457520e-01,1.287471204996109009e-01,-3.734852746129035950e-02,2.882464788854122162e-02,2.571002542972564697e-01
3.551743328571319580e-01,1.940106004476547241e-01,-3.772679716348648071e-02,-5.536307021975517273e-02,1.869648993015289307e-01,4.552942514419555664e-02,-8.326089382171630859e-02,4.498789012432098389e-01,1.000000000000000000e+00,2.606420544907450676e-03,6.411848664283752441e-01,3.093264438211917877e-02,-8.289527148008346558e-02,4.167465865612030029e-01,1.949611157178878784e-01,1.425551027059555054e-01,2.612883448600769043e-01,-9.381018579006195068e-02,-9.952693432569503784e-02,-2.550196349620819092e-01,-1.226040422916412354e-01,3.573497757315635681e-02,4.550702869892120361e-03,-4.238718003034591675e-02,7.652612775564193726e-02,-9.173121303319931030e-02,1.987496018409729004e-01,2.333362996578216553e-01,1.294496655464172363e-01,-4.731479287147521973e-02,-1.232543513178825378e-01,-1.674120128154754639e-02,2.503467202186584473e-01,2.014427483081817627e-01,2.137965559959411621e-01,-7.295248657464981079e-02,2.879760265350341797e-01,1.341201364994049072e-01,-1.297335624694824219e-01,-1.527951210737228394e-01,8.073516935110092163e-02,2.111327797174453735e-01,-2.206850647926330566e-01,5.165943503379821777e-01,7.009679824113845825e-02,-1.142386272549629211e-01,-6.889063119888305664e-02,3.116385042667388916e-01
-1.105737686157226562e-01,2.051792591810226440e-01,1.888072490692138672e-01,2.203824520111083984e-01,2.708232104778289795e-01,3.760511279106140137e-01,1.139454543590545654e-01,-2.945329435169696808e-02,2.606420544907450676e-03,1.000000000000000000e+00,1.085251662880182266e-02,6.396304965019226074e-01,5.845655202865600586e-01,-6.369799375534057617e-02,2.063895314931869507e-01,1.360372304916381836e-01,2.772744931280612946e-02,4.416480958461761475e-01,-9.930823929607868195e-03,2.949487268924713135e-01,5.554723739624023438e-01,3.947751224040985107e-01,-1.961939334869384766e-01,-1.137604266405105591e-01,-2.787887752056121826e-01,2.239840179681777954e-01,6.104795634746551514e-02,-7.564815878868103027e-02,-4.964077472686767578e-02,-6.125958170741796494e-03,3.800095617771148682e-01,3.670668303966522217e-01,-6.061425060033798218e-02,-7.677932083606719971e-02,-9.147598594427108765e-02,-8.296445012092590332e-02,-4.233452491462230682e-03,6.434117257595062256e-02,1.349139958620071411e-01,1.812785281799733639e-03,3.714708089828491211e-01,4.804533720016479492e-01,5.396904349327087402e-01,5.800251290202140808e-02,6.505305171012878418e-01,7.238737940788269043e-01,-3.443036228418350220e-02,-1.362430453300476074e-01
3.421540260314941406e-01,3.212794959545135498e-01,-4.380671307444572449e-02,2.404842991381883621e-03,1.824889928102493286e-01,5.876103416085243225e-02,-3.028719499707221985e-02,5.033342242240905762e-01,6.411848664283752441e-01,1.085251662880182266e-02,1.000000000000000000e+00,1.377204507589340210e-01,-1.475759744644165039e-01,6.076379418373107910e-01,1.924927681684494019e-01,7.785992324352264404e-02,2.163550257682800293e-01,-3.187024593353271484e-02,-1.189906448125839233e-01,-2.590188086032867432e-01,-7.526510208845138550e-02,1.215575635433197021e-01,-2.786729671061038971e-02,-1.221054233610630035e-02,1.000019460916519165e-01,-3.634851798415184021e-02,2.251096069812774658e-01,2.415071725845336914e-01,1.625688523054122925e-01,5.867922678589820862e-02,-1.204417832195758820e-02,2.569028176367282867e-02,3.211342692375183105e-01,2.062476128339767456e-01,2.646690309047698975e-01,-6.104582548141479492e-02,4.560584127902984619e-01,2.022970318794250488e-01,-1.377798616886138916e-01,-7.701574265956878662e-02,1.768726706504821777e-01,1.591529250144958496e-01,-1.835688352584838867e-01,4.402208924293518066e-01,1.603803485631942749e-01,-9.607059508562088013e-02,-3.473652526736259460e-02,4.303253591060638428e-01
-1.232617273926734924e-01,2.623812854290008545e-01,2.522116601467132568e-01,2.300906330347061157e-01,2.699429988861083984e-01,3.172664642333984375e-01,7.669423520565032959e-02,4.532412067055702209e-02,3.093264438211917877e-02,6.396304965019226074e-01,1.377204507589340210e-01,1.000000000000000000e+00,3.823021948337554932e-01,7.681038230657577515e-02,4.248495697975158691e-01,1.352476030588150024e-01,-7.872759550809860229e-02,3.162992596626281738e-01,1.233118958771228790e-02,1.894578337669372559e-01,3.309071660041809082e-01,3.495044410228729248e-01,-1.419716924428939819e-01,-3.421689616516232491e-03,-1.856018006801605225e-01,2.684758901596069336e-01,1.785160452127456665e-01,3.544320538640022278e-02,6.294255703687667847e-02,1.055079512298107147e-02,3.274113833904266357e-01,3.868489563465118408e-01,4.689490050077438354e-02,9.625917673110961914e-02,3.752707317471504211e-02,1.335660740733146667e-02,1.711121201515197754e-01,3.248105943202972412e-01,1.934372633695602417e-01,1.230033561587333679e-01,3.484230935573577881e-01,4.967638552188873291e-01,5.047434568405151367e-01,1.744060218334197998e-01,5.573308467864990234e-01,6.142808794975280762e-01,4.701476171612739563e-02,-3.754737600684165955e-02
-2.011278569698333740e-01,-8.743721991777420044e-03,1.313943564891815186e-01,9.702055901288986206e-02,9.626162797212600708e-02,2.564740478992462158e-01,2.103925198316574097e-01,-1.814145147800445557e-01,-8.289527148008346558e-02,5.845655202865600586e-01,-1.475759744644165039e-01,3.823021948337554932e-01,1.000000000000000000e+00,-1.586664915084838867e-01,1.712515652179718018e-01,3.682340085506439209e-01,1.525588929653167725e-01,3.160812556743621826e-01,1.707251816987991333e-01,4.513406455516815186e-01,4.504886865615844727e-01,2.478198111057281494e-01,-3.158824890851974487e-02,8.716490119695663452e-03,-2.833517789840698242e-01,1.129059270024299622e-01,-1.019814386963844299e-01,-1.989763081073760986e-01,-1.232706755399703979e-01,1.050051003694534302e-01,2.805683314800262451e-01,3.651802241802215576e-01,-2.211951613426208496e-01,-2.923486530780792236e-01,-8.448380976915359497e-02,2.565603144466876984e-02,-2.116257101297378540e-01,-1.253889650106430054e-01,2.524861693382263184e-01,-3.230707370676100254e-04,1.366469711065292358e-01,2.348475903272628784e-01,4.656243920326232910e-01,-1.293838024139404297e-01,4.367493987083435059e-01,5.313516855239868164e-01,1.365914940834045410e-01,-1.586128622293472290e-01
2.332156598567962646e-01,4.086931347846984863e-01,-8.524261065758764744e-04,1.634407788515090942e-02,1.742771267890930176e-01,2.741775289177894592e-02,-3.010978363454341888e-02,5.005015134811401367e-01,4.167465865612030029e-01,-6.369799375534057617e-02,6.076379418373107910e-01,7.681038230657577515e-02,-1.586664915084838867e-01,1.000000000000000000e+00,1.719204038381576538e-01,5.170708894729614258e-02,1.195437237620353699e-01,-3.809982910752296448e-02,-1.113990396261215210e-01,-2.044088542461395264e-01,-1.043329760432243347e-01,5.388131737709045410e-02,1.012471038848161697e-02,3.745875135064125061e-02,1.379759311676025391e-01,-5.980503745377063751e-03,1.627331078052520752e-01,2.248177528381347656e-01,2.264989614486694336e-01,5.429532006382942200e-02,-4.948607832193374634e-02,-1.193240936845541000e-02,3.187146484851837158e-01,1.681504398584365845e-01,3.332093656063079834e-01,1.809433847665786743e-02,4.433316290378570557e-01,2.611651122570037842e-01,-9.021986275911331177e-02,1.832416467368602753e-02,2.181192189455032349e-01,1.625751703977584839e-01,-1.844478398561477661e-01,3.134616613388061523e-01,1.230793297290802002e-01,-1.297329217195510864e-01,-2.306132577359676361e-02,3.196418583393096924e-01
8.497582376003265381e-02,1.936327815055847168e-01,1.789084970951080322e-01,1.146554574370384216e-01,3.086888194084167480e-01,1.667517870664596558e-01,-1.168363541364669800e-01,2.666649818420410156e-01,1.949611157178878784e-01,2.063895314931869507e-01,1.924927681684494019e-01,4.248495697975158691e-01,1.712515652179718018e-01,1.719204038381576538e-01,1.000000000000000000e+00,1.857777237892150879e-01,-8.059950917959213257e-02,5.461957305669784546e-02,1.087825223803520203e-01,1.147941425442695618e-01,1.526565104722976685e-02,9.646872431039810181e-02,1.258218139410018921e-01,2.020305842161178589e-01,-5.182299297302961349e-03,-1.930204220116138458e-02,1.554117500782012939e-01,7.868833094835281372e-02,1.027313247323036194e-01,-8.004318922758102417e-02,3.139830753207206726e-02,2.181411236524581909e-01,1.222324594855308533e-01,1.319408267736434937e-01,2.475413233041763306e-01,2.061334401369094849e-01,1.780299097299575806e-01,2.521805763244628906e-01,2.108478546142578125e-01,2.773809432983398438e-01,2.030487209558486938e-01,3.433978855609893799e-01,1.138281300663948059e-01,2.010685801506042480e-01,2.059953659772872925e-01,1.864190995693206787e-01,2.156884819269180298e-01,1.164379417896270752e-01
-2.128043472766876221e-01,-5.393892526626586914e-02,-3.996532782912254333e-02,4.251613467931747437e-02,-2.269474789500236511e-02,4.082889109849929810e-02,2.224773168563842773e-01,-2.826831769198179245e-03,1.425551027059555054e-01,1.360372304916381836e-01,7.785992324352264404e-02,1.352476030588150024e-01,3.682340085506439209e-01,5.170708894729614258e-02,1.857777237892150879e-01,1.000000000000000000e+00,1.796380877494812012e-01,-3.243978321552276611e-02,6.232231855392456055e-02,3.202226758003234863e-02,-5.109857395291328430e-02,-5.494528263807296753e-02,-9.806988388299942017e-02,4.132041335105895996e-02,-3.078371584415435791e-01,2.945635700598359108e-03,-1.076868623495101929e-01,-1.738685816526412964e-01,-1.248611435294151306e-01,1.854400634765625000e-01,2.989497780799865723e-02,1.556431204080581665e-01,-2.145208567380905151e-01,-1.951977312564849854e-01,4.155968502163887024e-02,-1.510169170796871185e-02,-9.053287655115127563e-02,-4.327631369233131409e-02,3.401959538459777832e-01,-8.963254094123840332e-02,-3.430233895778656006e-02,-3.252359107136726379e-02,1.434065699577331543e-01,-5.571999587118625641e-03,5.920340493321418762e-02,8.828298002481460571e-02,1.442261338233947754e-01,6.923858821392059326e-02
1.858263276517391205e-03,-3.831736743450164795e-02,-1.272457540035247803e-01,-1.415210515260696411e-01,-5.424197390675544739e-02,2.556872554123401642e-02,4.021560847759246826e-01,7.173468172550201416e-02,2.612883448600769043e-01,2.772744931280612946e-02,2.163550257682800293e-01,-7.872759550809860229e-02,1.525588929653167725e-01,1.195437237620353699e-01,-8.059950917959213257e-02,1.796380877494812012e-01,1.000000000000000000e+00,1.423782389611005783e-02,4.702932536602020264e-01,2.771155238151550293e-01,6.916483491659164429e-02,7.532965391874313354e-02,2.908708453178405762e-01,-2.632173150777816772e-02,-5.236259475350379944e-02,1.519698500633239746e-01,1.091379299759864807e-02,-2.923637442290782928e-02,-3.762434422969818115e-02,2.632131278514862061e-01,7.545491214841604233e-03,3.990783914923667908e-02,5.356908589601516724e-02,-1.400772929191589355e-01,3.481563553214073181e-02,-2.994341775774955750e-02,6.679841876029968262e-02,-2.926055341958999634e-02,1.607950963079929352e-02,1.931310817599296570e-02,-8.745701983571052551e-03,1.712480746209621429e-02,7.533493638038635254e-02,4.539316520094871521e-02,1.632898859679698944e-02,4.200040921568870544e-02,2.859500981867313385e-02,2.038594186305999756e-01
1.827074885368347168e-01,2.818897068500518799e-01,1.926281601190567017e-01,2.320936471223831177e-01,3.702802956104278564e-01,4.686492979526519775e-01,1.264391094446182251e-01,1.453650593757629395e-01,-9.381018579006195068e-02,4.416480958461761475e-01,-3.187024593353271484e-02,3.162992596626281738e-01,3.160812556743621826e-01,-3.809982910752296448e-02,5.461957305669784546e-02,-3.243978321552276611e-02,1.423782389611005783e-02,1.000000000000000000e+00,-7.817943394184112549e-02,3.845924437046051025e-01,7.108770608901977539e-01,6.708827018737792969e-01,2.449395135045051575e-02,-1.893960535526275635e-01,-6.802283972501754761e-02,3.417475847527384758e-03,1.403232943266630173e-02,-1.910917274653911591e-02,-8.962331712245941162e-02,-1.067419126629829407e-01,5.885015726089477539e-01,3.085429966449737549e-01,5.698787793517112732e-02,2.435791678726673126e-02,-9.735640883445739746e-02,-3.363164365291595459e-01,8.378834277391433716e-02,-1.314588007517158985e-03,-1.385055780410766602e-01,-5.862815305590629578e-02,3.100982308387756348e-01,2.966166734695434570e-01,4.539568424224853516e-01,5.279215052723884583e-02,4.385289847850799561e-01,4.778552949428558350e-01,-2.346218563616275787e-02,2.054578391835093498e-03
-2.047260999679565430e-01,-1.220245435833930969e-01,-3.374730423092842102e-02,-8.808197081089019775e-02,-1.082103401422500610e-01,-2.016928419470787048e-02,1.547534465789794922e-01,-7.714105397462844849e-02,-9.952693432569503784e-02,-9.930823929607868195e-03,-1.189906448125839233e-01,1.233118958771228790e-02,1.707251816987991333e-01,-1.113990396261215210e-01,1.087825223803520203e-01,6.232231855392456055e-02,4.702932536602020264e-01,-7.817943394184112549e-02,1.000000000000000000e+00,5.159898996353149414e-01,-1.150585245341062546e-02,-1.851926371455192566e-02,3.703133761882781982e-01,1.727517843246459961e-01,-1.811481714248657227e-01,1.183705404400825500e-01,8.646988868713378906e-02,-2.571328543126583099e-02,-7.769224047660827637e-02,2.934789359569549561e-01,-5.281058326363563538e-02,1.592234224081039429e-01,1.553121954202651978e-02,-1.338286548852920532e-01,-1.721496134996414185e-02,2.929165661334991455e-01,3.325403854250907898e-02,7.622776180505752563e-02,3.738209903240203857e-01,3.345832526683807373e-01,-2.949394658207893372e-02,-1.306863222271203995e-02,2.683346271514892578e-01,-8.975245058536529541e-02,-2.041560038924217224e-02,1.261957585811614990e-01,2.355576157569885254e-01,9.809757769107818604e-02
-8.764272928237915039e-02,5.217397212982177734e-02,8.405764400959014893e-02,-1.249933801591396332e-02,1.647832244634628296e-01,3.154193758964538574e-01,2.452576309442520142e-01,-8.690714836120605469e-02,-2.550196349620819092e-01,2.949487268924713135e-01,-2.590188086032867432e-01,1.894578337669372559e-01,4.513406455516815186e-01,-2.044088542461395264e-01,1.147941425442695618e-01,3.202226758003234863e-02,2.771155238151550293e-01,3.845924437046051025e-01,5.159898996353149414e-01,1.000000000000000000e+00,4.953660666942596436e-01,3.307222723960876465e-01,3.473853468894958496e-01,1.868497394025325775e-02,-1.513423472642898560e-01,1.149330884218215942e-01,3.675385937094688416e-02,-5.341039225459098816e-02,-2.829174511134624481e-02,9.135713428258895874e-02,2.345697730779647827e-01,3.037799894809722900e-01,-1.098072249442338943e-02,-1.903805285692214966e-01,-5.239978805184364319e-02,4.107882827520370483e-02,-7.547046989202499390e-03,-5.704811308532953262e-03,1.676625013351440430e-01,2.504310607910156250e-01,1.353235840797424316e-01,1.359961777925491333e-01,4.832437932491302490e-01,-1.431594192981719971e-01,2.982327640056610107e-01,4.331742823123931885e-01,2.078386545181274414e-01,-2.202229388058185577e-02
7.747192680835723877e-02,2.147565931081771851e-01,1.645921915769577026e-01,1.829406917095184326e-01,3.220485746860504150e-01,4.504502415657043457e-01,1.842758357524871826e-01,3.328826278448104858e-03,-1.226040422916412354e-01,5.554723739624023438e-01,-7.526510208845138550e-02,3.309071660041809082e-01,4.504886865615844727e-01,-1.043329760432243347e-01,1.526565104722976685e-02,-5.109857395291328430e-02,6.916483491659164429e-02,7.108770608901977539e-01,-1.150585245341062546e-02,4.953660666942596436e-01,1.000000000000000000e+00,6.041579246520996094e-01,2.336579002439975739e-02,-2.057072371244430542e-01,-1.309748739004135132e-01,1.069362834095954895e-01,1.189246494323015213e-02,-5.129353329539299011e-02,-5.432847514748573303e-02,-5.087190493941307068e-02,4.736832678318023682e-01,2.584678232669830322e-01,7.630440406501293182e-03,-1.128171011805534363e-01,-1.433748751878738403e-01,-2.828936278820037842e-01,-6.818732712417840958e-03,-9.984076768159866333e-02,-1.333509087562561035e-01,-4.831144213676452637e-02,3.009124994277954102e-01,2.691175937652587891e-01,4.431092739105224609e-01,-9.721683338284492493e-03,5.139291286468505859e-01,5.368646979331970215e-01,-7.350390404462814331e-02,-1.865272410213947296e-02
2.044219374656677246e-01,2.695702910423278809e-01,1.264524161815643311e-01,1.877577453851699829e-01,3.554285764694213867e-01,4.077513217926025391e-01,9.391238540410995483e-02,1.873380541801452637e-01,3.573497757315635681e-02,3.947751224040985107e-01,1.215575635433197021e-01,3.495044410228729248e-01,2.478198111057281494e-01,5.388131737709045410e-02,9.646872431039810181e-02,-5.494528263807296753e-02,7.532965391874313354e-02,6.708827018737792969e-01,-1.851926371455192566e-02,3.307222723960876465e-01,6.041579246520996094e-01,1.000000000000000000e+00,1.978560984134674072e-01,-2.164657264947891235e-01,-1.146341040730476379e-01,-2.179080061614513397e-02,7.945258170366287231e-02,1.561859995126724243e-02,-8.854585886001586914e-02,-1.421620100736618042e-01,4.306689798831939697e-01,3.730190992355346680e-01,9.902780503034591675e-02,3.423681482672691345e-02,-3.851554170250892639e-02,-3.547607064247131348e-01,1.938733905553817749e-01,2.355989627540111542e-02,-1.379989385604858398e-01,-1.067299246788024902e-01,2.899815440177917480e-01,3.137840032577514648e-01,3.473609089851379395e-01,1.447155028581619263e-01,4.207949638366699219e-01,3.892984688282012939e-01,-5.119358375668525696e-02,3.404816985130310059e-01
1.867429763078689575e-01,-1.616666279733181000e-02,-4.479803889989852905e-02,-1.630112081766128540e-01,1.714166626334190369e-02,-2.102742344141006470e-02,8.459468930959701538e-02,7.779097557067871094e-02,4.550702869892120361e-03,-1.961939334869384766e-01,-2.786729671061038971e-02,-1.419716924428939819e-01,-3.158824890851974487e-02,1.012471038848161697e-02,1.258218139410018921e-01,-9.806988388299942017e-02,2.908708453178405762e-01,2.449395135045051575e-02,3.703133761882781982e-01,3.473853468894958496e-01,2.336579002439975739e-02,1.978560984134674072e-01,1.000000000000000000e+00,2.622168362140655518e-01,1.321196407079696655e-01,-1.114185303449630737e-01,9.614742547273635864e-02,8.133446425199508667e-02,3.788439929485321045e-02,-2.321939915418624878e-02,-9.468861669301986694e-02,9.941516071557998657e-02,1.416917890310287476e-01,1.104405964724719524e-03,1.237453147768974304e-01,1.483823955059051514e-01,1.754389107227325439e-01,5.509734526276588440e-02,7.084098458290100098e-02,3.780355751514434814e-01,-5.795487016439437866e-02,4.623955581337213516e-03,-5.461197718977928162e-02,3.753766790032386780e-02,-1.314883083105087280e-01,-1.144627332687377930e-01,2.875757515430450439e-01,3.253635764122009277e-01
-4.586944356560707092e-02,1.371966954320669174e-02,-3.779427148401737213e-03,-6.510224938392639160e-02,-1.033954545855522156e-01,-1.187312155961990356e-01,2.754287607967853546e-02,1.681352965533733368e-02,-4.238718003034591675e-02,-1.137604266405105591e-01,-1.221054233610630035e-02,-3.421689616516232491e-03,8.716490119695663452e-03,3.745875135064125061e-02,2.020305842161178589e-01,4.132041335105895996e-02,-2.632173150777816772e-02,-1.893960535526275635e-01,1.727517843246459961e-01,1.868497394025325775e-02,-2.057072371244430542e-01,-2.164657264947891235e-01,2.622168362140655518e-01,1.000000000000000000e+00,-1.370023284107446671e-02,8.300024271011352539e-02,1.332753151655197144e-01,7.255164533853530884e-02,2.110030800104141235e-01,1.560599207878112793e-01,-9.725976735353469849e-02,8.050062507390975952e-02,7.546269893646240234e-02,4.713657125830650330e-02,2.536927461624145508e-01,6.314913630485534668e-01,9.212432801723480225e-02,1.893651336431503296e-01,3.475989103317260742e-01,4.212406575679779053e-01,-3.514617681503295898e-02,5.210867151618003845e-02,-5.619632080197334290e-02,-3.860290721058845520e-02,-7.893912494182586670e-02,-7.186958938837051392e-02,6.396775841712951660e-01,-2.676161378622055054e-02
4.011060297489166260e-01,1.398747563362121582e-01,7.904081791639328003e-02,-8.127520978450775146e-02,5.366185680031776428e-02,-1.231622248888015747e-01,-5.569121241569519043e-02,1.990923732519149780e-01,7.652612775564193726e-02,-2.787887752056121826e-01,1.000019460916519165e-01,-1.856018006801605225e-01,-2.833517789840698242e-01,1.379759311676025391e-01,-5.182299297302961349e-03,-3.078371584415435791e-01,-5.236259475350379944e-02,-6.802283972501754761e-02,-1.811481714248657227e-01,-1.513423472642898560e-01,-1.309748739004135132e-01,-1.146341040730476379e-01,1.321196407079696655e-01,-1.370023284107446671e-02,1.000000000000000000e+00,-1.824182271957397461e-02,-2.348946407437324524e-02,2.600057125091552734e-01,2.038990110158920288e-01,-7.581859081983566284e-02,-4.490586742758750916e-02,-1.543350368738174438e-01,3.131457865238189697e-01,3.156215846538543701e-01,1.418170183897018433e-01,-3.770674765110015869e-02,1.427233219146728516e-01,1.263493746519088745e-01,-3.199334144592285156e-01,1.126989424228668213e-01,-6.938998401165008545e-02,-4.713805392384529114e-02,-2.784210145473480225e-01,1.788347661495208740e-01,-2.004662603139877319e-01,-2.547193169593811035e-01,-5.046072602272033691e-02,-3.055996447801589966e-02
-2.253757566213607788e-01,1.285300254821777344e-01,2.092032581567764282e-01,1.051756665110588074e-01,-1.117913946509361267e-01,3.714721277356147766e-02,3.121635615825653076e-01,-7.269915193319320679e-02,-9.173121303319931030e-02,2.239840179681777954e-01,-3.634851798415184021e-02,2.684758901596069336e-01,1.129059270024299622e-01,-5.980503745377063751e-03,-1.930204220116138458e-02,2.945635700598359108e-03,1.519698500633239746e-01,3.417475847527384758e-03,1.183705404400825500e-01,1.149330884218215942e-01,1.069362834095954895e-01,-2.179080061614513397e-02,-1.114185303449630737e-01,8.300024271011352539e-02,-1.824182271957397461e-02,1.000000000000000000e+00,1.800629943609237671e-01,3.057956397533416748e-01,3.915998339653015137e-01,3.373560905456542969e-01,1.420052796602249146e-01,1.190543249249458313e-01,5.816727504134178162e-02,5.955446511507034302e-02,1.478449441492557526e-02,9.871019423007965088e-02,9.966752678155899048e-02,2.673357725143432617e-01,1.514467746019363403e-01,1.486356258392333984e-01,1.178333014249801636e-01,2.143940478563308716e-01,2.309869527816772461e-01,1.451294496655464172e-02,2.372208982706069946e-01,2.986678779125213623e-01,8.879508078098297119e-02,-2.316589653491973877e-01
1.376432776451110840e-01,3.025795221328735352e-01,2.244969271123409271e-02,7.917310111224651337e-03,1.537151932716369629e-01,9.898056089878082275e-02,-2.117471955716609955e-02,2.982828617095947266e-01,1.987496018409729004e-01,6.104795634746551514e-02,2.251096069812774658e-01,1.785160452127456665e-01,-1.019814386963844299e-01,1.627331078052520752e-01,1.554117500782012939e-01,-1.076868623495101929e-01,1.091379299759864807e-02,1.403232943266630173e-02,8.646988868713378906e-02,3.675385937094688416e-02,1.189246494323015213e-02,7.945258170366287231e-02,9.614742547273635864e-02,1.332753151655197144e-01,-2.348946407437324524e-02,1.800629943609237671e-01,1.000000000000000000e+00,2.932597696781158447e-01,2.903810143470764160e-01,9.640745073556900024e-02,-1.529478095471858978e-02,1.288837492465972900e-01,4.637320339679718018e-01,3.809600770473480225e-01,1.075403317809104919e-01,1.565173417329788208e-01,3.746880888938903809e-01,3.570570051670074463e-01,8.431013673543930054e-02,1.455553174018859863e-01,1.733794510364532471e-01,2.298725247383117676e-01,9.709965437650680542e-02,2.682954072952270508e-01,1.208514869213104248e-01,1.506063193082809448e-01,1.384606808423995972e-01,1.065071970224380493e-01
3.434267342090606689e-01,4.350340962409973145e-01,1.446035802364349365e-01,1.118938401341438293e-01,1.365752816200256348e-01,9.406207501888275146e-02,-7.772460579872131348e-02,3.141130506992340088e-01,2.333362996578216553e-01,-7.564815878868103027e-02,2.415071725845336914e-01,3.544320538640022278e-02,-1.989763081073760986e-01,2.248177528381347656e-01,7.868833094835281372e-02,-1.738685816526412964e-01,-2.923637442290782928e-02,-1.910917274653911591e-02,-2.571328543126583099e-02,-5.341039225459098816e-02,-5.129353329539299011e-02,1.561859995126724243e-02,8.133446425199508667e-02,7.255164533853530884e-02,2.600057125091552734e-01,3.057956397533416748e-01,2.932597696781158447e-01,1.000000000000000000e+00,4.952413439750671387e-01,1.104780957102775574e-01,3.940634801983833313e-02,5.237904563546180725e-02,3.897778689861297607e-01,3.637840151786804199e-01,2.998755276203155518e-01,9.923084080219268799e-02,3.889691531658172607e-01,3.890089690685272217e-01,-2.078896760940551758e-02,2.014795988798141479e-01,2.588650584220886230e-01,1.695114672183990479e-01,-4.858304560184478760e-02,3.613762557506561279e-01,5.022018030285835266e-02,-1.179894059896469116e-02,3.810734674334526062e-02,6.544987112283706665e-02
1.408731341361999512e-01,3.569135367870330811e-01,2.705091536045074463e-01,-1.286930032074451447e-02,1.799566484987735748e-02,-1.625255332328379154e-03,1.481814980506896973e-01,1.796641200780868530e-01,1.294496655464172363e-01,-4.964077472686767578e-02,1.625688523054122925e-01,6.294255703687667847e-02,-1.232706755399703979e-01,2.264989614486694336e-01,1.027313247323036194e-01,-1.248611435294151306e-01,-3.762434422969818115e-02,-8.962331712245941162e-02,-7.769224047660827637e-02,-2.829174511134624481e-02,-5.432847514748573303e-02,-8.854585886001586914e-02,3.788439929485321045e-02,2.110030800104141235e-01,2.038990110158920288e-01,3.915998339653015137e-01,2.903810143470764160e-01,4.952413439750671387e-01,1.000000000000000000e+00,3.322292268276214600e-01,1.305441651493310928e-02,-2.883740817196667194e-04,2.693504393100738525e-01,2.487408965826034546e-01,3.309059739112854004e-01,2.104725837707519531e-01,2.261640578508377075e-01,2.886020839214324951e-01,5.804960429668426514e-02,2.393863350152969360e-01,1.550931334495544434e-01,8.883791416883468628e-02,-3.726841509342193604e-02,1.503264755010604858e-01,8.979349583387374878e-02,6.316601065918803215e-04,1.623039841651916504e-01,-2.261899225413799286e-02
-2.041934281587600708e-01,6.764241307973861694e-02,-3.729998320341110229e-02,-9.883969277143478394e-02,-2.295705676078796387e-01,-1.191538497805595398e-01,4.013295471668243408e-01,-7.264276593923568726e-02,-4.731479287147521973e-02,-6.125958170741796494e-03,5.867922678589820862e-02,1.055079512298107147e-02,1.050051003694534302e-01,5.429532006382942200e-02,-8.004318922758102417e-02,1.854400634765625000e-01,2.632131278514862061e-01,-1.067419126629829407e-01,2.934789359569549561e-01,9.135713428258895874e-02,-5.087190493941307068e-02,-1.421620100736618042e-01,-2.321939915418624878e-02,1.560599207878112793e-01,-7.581859081983566284e-02,3.373560905456542969e-01,9.640745073556900024e-02,1.104780957102775574e-01,3.322292268276214600e-01,1.000000000000000000e+00,1.153307035565376282e-01,1.313410252332687378e-01,1.222264114767313004e-02,-4.124764725565910339e-02,1.424068063497543335e-01,2.958940565586090088e-01,2.286181598901748657e-02,8.365169912576675415e-02,3.667205274105072021e-01,1.802092790603637695e-01,9.669462218880653381e-03,-1.208871528506278992e-01,2.068198174238204956e-01,-1.289828121662139893e-01,4.254610463976860046e-02,8.438295125961303711e-02,2.055478245019912720e-01,9.937855415046215057e-03
4.426443949341773987e-02,1.996774077415466309e-01,2.467674314975738525e-01,1.947509944438934326e-01,1.314270496368408203e-01,2.669459879398345947e-01,7.058615982532501221e-02,-6.854768842458724976e-03,-1.232543513178825378e-01,3.800095617771148682e-01,-1.204417832195758820e-02,3.274113833904266357e-01,2.805683314800262451e-01,-4.948607832193374634e-02,3.139830753207206726e-02,2.989497780799865723e-02,7.545491214841604233e-03,5.885015726089477539e-01,-5.281058326363563538e-02,2.345697730779647827e-01,4.736832678318023682e-01,4.306689798831939697e-01,-9.468861669301986694e-02,-9.725976735353469849e-02,-4.490586742758750916e-02,1.420052796602249146e-01,-1.529478095471858978e-02,3.940634801983833313e-02,1.305441651493310928e-02,1.153307035565376282e-01,1.000000000000000000e+00,4.937210381031036377e-01,-4.613565653562545776e-02,1.448474475182592869e-03,-3.965444117784500122e-02,-1.284978836774826050e-01,2.952068671584129333e-02,8.603907376527786255e-02,-5.768640339374542236e-02,1.467874348163604736e-01,1.865136325359344482e-01,2.131016254425048828e-01,4.734776318073272705e-01,2.230134559795260429e-03,4.139989912509918213e-01,4.429256319999694824e-01,1.034253016114234924e-01,-9.855965524911880493e-02
-2.044324204325675964e-02,1.098432689905166626e-01,2.316531240940093994e-01,1.782971471548080444e-01,9.502506256103515625e-02,1.881747543811798096e-01,5.551495403051376343e-02,1.518600247800350189e-02,-1.674120128154754639e-02,3.670668303966522217e-01,2.569028176367282867e-02,3.868489563465118408e-01,3.651802241802215576e-01,-1.193240936845541000e-02,2.181411236524581909e-01,1.556431204080581665e-01,3.990783914923667908e-02,3.085429966449737549e-01,1.592234224081039429e-01,3.037799894809722900e-01,2.584678232669830322e-01,3.730190992355346680e-01,9.941516071557998657e-02,8.050062507390975952e-02,-1.543350368738174438e-01,1.190543249249458313e-01,1.288837492465972900e-01,5.237904563546180725e-02,-2.883740817196667194e-04,1.313410252332687378e-01,4.937210381031036377e-01,1.000000000000000000e+00,-2.619580738246440887e-02,2.624984830617904663e-02,7.360879331827163696e-02,9.173414856195449829e-02,1.252321004867553711e-01,2.308308929204940796e-01,2.126725912094116211e-01,2.766013145446777344e-01,1.365271657705307007e-01,2.997710406780242920e-01,4.346088767051696777e-01,1.408260762691497803e-01,4.093470275402069092e-01,4.313618242740631104e-01,3.438975512981414795e-01,2.675303258001804352e-02
