1.000000000000000000e+00,4.335155487060546875e-01,2.262947112321853638e-01,2.489970475435256958e-01,4.868937730789184570e-01,4.806700646877288818e-01,1.330379545688629150e-01,4.235930442810058594e-01,2.097914181649684906e-02,1.416728943586349487e-01,2.872204780578613281e-01,1.833250820636749268e-01,-5.906376615166664124e-02,4.301748871803283691e-01,1.205530092120170593e-01,6.760400533676147461e-02,2.242612987756729126e-01,3.140870332717895508e-01,9.243731200695037842e-02,5.193241313099861145e-02,8.747568726539611816e-02,2.682506740093231201e-01,-3.392408788204193115e-02,9.562660008668899536e-02,1.801221817731857300e-01,1.775154471397399902e-01,2.025755047798156738e-01,5.488107204437255859e-01,3.109485805034637451e-01,2.577595598995685577e-02,7.234181463718414307e-02,1.545550525188446045e-01,5.567052960395812988e-01,3.549254834651947021e-01,1.446720957756042480e-02,-1.388956904411315918e-01,3.747878074645996094e-01,-5.597468093037605286e-02,-1.052556708455085754e-01,-5.711279436945915222e-02,5.286796092987060547e-01,2.661131620407104492e-01,3.640286624431610107e-02,1.557431966066360474e-01,1.601230502128601074e-01,1.230192705988883972e-01,1.967102140188217163e-01,1.586445271968841553e-01
4.335155487060546875e-01,1.000000000000000000e+00,1.136648505926132202e-01,6.620348431169986725e-03,2.040773928165435791e-01,2.985148131847381592e-01,9.130929410457611084e-02,5.283078551292419434e-01,3.476808369159698486e-01,2.657573819160461426e-01,5.551160573959350586e-01,3.651821911334991455e-01,8.833874948322772980e-03,5.665253400802612305e-01,4.070732593536376953e-01,9.726817160844802856e-02,1.304165422916412354e-01,2.477499842643737793e-01,1.267252564430236816e-01,7.013202458620071411e-02,1.933181472122669220e-02,1.464758813381195068e-01,-1.035653278231620789e-01,2.069461941719055176e-01,1.376242190599441528e-01,1.589749455451965332e-01,4.162573218345642090e-01,5.623019337654113770e-01,5.366330146789550781e-01,2.775633931159973145e-01,3.503369688987731934e-01,2.355172634124755859e-01,3.988776803016662598e-01,5.889427661895751953e-01,2.666327357292175293e-01,-4.443873465061187744e-02,5.189027786254882812e-01,2.046358585357666016e-01,1.058529503643512726e-02,-2.418591268360614777e-02,5.005943775177001953e-01,5.545110106468200684e-01,2.261212617158889771e-01,5.751063227653503418e-01,4.628581702709197998e-01,3.061037063598632812e-01,3.143665194511413574e-01,6.554569303989410400e-02
2.262947112321853638e-01,1.136648505926132202e-01,1.000000000000000000e+00,6.514529585838317871e-01,-2.638038061559200287e-02,2.543784081935882568e-01,4.127254486083984375e-01,1.803875900804996490e-02,-6.316348165273666382e-02,2.686048150062561035e-01,7.155238091945648193e-02,2.789269685745239258e-01,1.383418291807174683e-01,2.784334681928157806e-02,1.683830022811889648e-01,2.051889747381210327e-01,3.177630901336669922e-01,1.724716722965240479e-01,3.045368790626525879e-01,1.136734113097190857e-01,2.060813158750534058e-01,2.053601592779159546e-01,1.231139525771141052e-01,1.401105076074600220e-01,6.066273152828216553e-02,5.515710711479187012e-01,4.951512813568115234e-02,3.973419964313507080e-01,2.239960432052612305e-01,1.505639553070068359e-01,1.333923488855361938e-01,5.709373205900192261e-02,-3.866477683186531067e-02,1.052085906267166138e-01,7.089125365018844604e-02,2.601660788059234619e-01,1.394143607467412949e-02,1.559360921382904053e-01,1.772457063198089600e-01,2.763277888298034668e-01,1.255476176738739014e-01,1.980463862419128418e-01,1.985417902469635010e-01,-8.507358725182712078e-04,2.000491917133331299e-01,2.648445665836334229e-01,7.826378941535949707e-02,8.787082880735397339e-02
2.489970475435256958e-01,6.620348431169986725e-03,6.514529585838317871e-01,1.000000000000000000e+00,1.338959783315658569e-01,4.515040218830108643e-01,4.878600239753723145e-01,-7.865080237388610840e-02,-6.663373857736587524e-02,3.179821968078613281e-01,3.860307391732931137e-03,3.460984826087951660e-01,1.559188663959503174e-01,-1.560948323458433151e-02,1.814696639776229858e-01,2.337975651025772095e-01,3.511351644992828369e-01,2.396129667758941650e-01,2.957541644573211670e-01,1.052313074469566345e-01,1.699635982513427734e-01,2.141443341970443726e-01,9.219074249267578125e-02,5.662364885210990906e-02,-3.958852589130401611e-02,5.659326314926147461e-01,1.554537564516067505e-01,3.645485043525695801e-01,2.774578034877777100e-01,1.474834084510803223e-01,1.150620803236961365e-01,6.009820103645324707e-02,1.017390284687280655e-03,9.089034050703048706e-02,5.244868248701095581e-02,2.422128766775131226e-01,9.162773936986923218e-02,1.340716928243637085e-01,1.669089198112487793e-01,2.834436297416687012e-01,1.796440780162811279e-01,1.677608639001846313e-01,2.421535253524780273e-01,5.524813197553157806e-03,1.758271306753158569e-01,3.195768296718597412e-01,7.915951311588287354e-02,7.151886820793151855e-02
4.868937730789184570e-01,2.040773928165435791e-01,-2.638038061559200287e-02,1.338959783315658569e-01,1.000000000000000000e+00,4.465541839599609375e-01,-1.135903298854827881e-01,1.577777862548828125e-01,-1.791779138147830963e-02,-1.649652570486068726e-01,1.015393361449241638e-01,-9.997177869081497192e-02,-1.453691124916076660e-01,2.344859242439270020e-01,5.014228075742721558e-02,-1.565796285867691040e-01,-1.599479913711547852e-01,2.873484790325164795e-02,-1.929658502340316772e-01,-1.757655441761016846e-01,-1.850137412548065186e-01,-9.020012617111206055e-02,-3.511717915534973145e-01,-8.420720696449279785e-02,1.714860349893569946e-01,5.734526738524436951e-02,9.161791950464248657e-02,2.892578840255737305e-01,2.073566317558288574e-01,-1.709612756967544556e-01,-1.422922015190124512e-01,4.888919368386268616e-02,4.455014765262603760e-01,1.851426362991333008e-01,-9.890247136354446411e-02,-3.300404846668243408e-01,2.194077372550964355e-01,-2.849534153938293457e-02,-2.211439460515975952e-01,-2.947018444538116455e-01,3.997862339019775391e-01,-6.118013709783554077e-02,-1.531900763511657715e-01,5.406087636947631836e-02,-1.496875137090682983e-01,-1.518417149782180786e-01,4.706379026174545288e-02,-2.656504809856414795e-01
4.806700646877288818e-01,2.985148131847381592e-01,2.543784081935882568e-01,4.515040218830108643e-01,4.465541839599609375e-01,1.000000000000000000e+00,3.595657944679260254e-01,3.051244020462036133e-01,1.226912587881088257e-01,-2.845465205609798431e-02,2.803174853324890137e-01,1.510298252105712891e-02,-6.805684417486190796e-02,2.705127596855163574e-01,-5.882914178073406219e-03,-2.082419022917747498e-02,2.181168496608734131e-01,4.022164344787597656e-01,-2.121515572071075439e-02,1.068608984351158142e-01,1.350574195384979248e-01,2.344636917114257812e-01,-5.761237442493438721e-02,6.693623214960098267e-02,-5.119008198380470276e-02,4.378885626792907715e-01,1.437391638755798340e-01,4.334104359149932861e-01,2.717332839965820312e-01,-7.829630374908447266e-02,1.837689429521560669e-02,4.509582370519638062e-02,3.444079458713531494e-01,2.479003816843032837e-01,-4.427798092365264893e-02,-6.681217253208160400e-02,2.551324069499969482e-01,-7.556932419538497925e-02,-5.441546440124511719e-02,1.614879071712493896e-02,5.256476402282714844e-01,-1.616351306438446045e-02,1.755525171756744385e-02,9.367251396179199219e-02,8.030827739275991917e-04,2.965983562171459198e-02,9.263522177934646606e-02,5.112370848655700684e-02
1.330379545688629150e-01,9.130929410457611084e-02,4.127254486083984375e-01,4.878600239753723145e-01,-1.135903298854827881e-01,3.595657944679260254e-01,1.000000000000000000e+00,1.485076397657394409e-01,4.467529058456420898e-02,3.125484883785247803e-01,1.827278584241867065e-01,3.203572332859039307e-01,2.784469127655029297e-01,5.404547229409217834e-02,8.507130295038223267e-02,1.755174845457077026e-01,7.737211585044860840e-01,5.648404955863952637e-01,4.566847383975982666e-01,4.770441949367523193e-01,4.840086996555328369e-01,3.765814900398254395e-01,3.908886313438415527e-01,3.123170733451843262e-01,-1.634478420019149780e-01,5.467222332954406738e-01,1.034060642123222351e-01,2.241125255823135376e-01,2.562777101993560791e-01,4.069885313510894775e-01,3.547316193580627441e-01,1.112463921308517456e-01,-1.069738939404487610e-01,7.715708017349243164e-02,1.141261681914329529e-02,3.699615597724914551e-01,8.689542114734649658e-02,-1.763318292796611786e-02,2.088443338871002197e-01,4.356899857521057129e-01,1.214135810732841492e-01,2.100199759006500244e-01,3.805883526802062988e-01,4.686422646045684814e-02,3.590476810932159424e-01,3.930878341197967529e-01,1.694395691156387329e-01,3.182074129581451416e-01
4.235930442810058594e-01,5.283078551292419434e-01,1.803875900804996490e-02,-7.865080237388610840e-02,1.577777862548828125e-01,3.051244020462036133e-01,1.485076397657394409e-01,1.000000000000000000e+00,4.299714267253875732e-01,8.661249279975891113e-02,6.925302743911743164e-01,5.725749582052230835e-02,5.912216752767562866e-02,5.584869384765625000e-01,2.132991552352905273e-01,1.133416816592216492e-01,2.181195616722106934e-01,2.895393967628479004e-01,1.447143256664276123e-01,1.757600307464599609e-01,1.671805381774902344e-01,2.542920708656311035e-01,-1.514510065317153931e-02,2.284893393516540527e-01,7.007383555173873901e-02,1.713743805885314941e-01,2.242950201034545898e-01,3.894205987453460693e-01,3.224588036537170410e-01,3.121734857559204102e-01,3.572276830673217773e-01,2.629116773605346680e-01,2.611450552940368652e-01,4.997922480106353760e-01,3.001867830753326416e-01,4.452060908079147339e-02,3.648859560489654541e-01,-3.857050463557243347e-02,-8.514247834682464600e-02,-2.870465070009231567e-02,3.472912013530731201e-01,3.835998773574829102e-01,1.385680735111236572e-01,4.205805361270904541e-01,3.098404705524444580e-01,1.835246533155441284e-01,2.739853262901306152e-01,1.181691214442253113e-01
2.097914181649684906e-02,3.476808369159698486e-01,-6.316348165273666382e-02,-6.663373857736587524e-02,-1.791779138147830963e-02,1.226912587881088257e-01,4.467529058456420898e-02,4.299714267253875732e-01,1.000000000000000000e+00,2.186583727598190308e-02,5.285945534706115723e-01,5.550490226596593857e-03,3.344708681106567383e-02,2.396198809146881104e-01,2.593488395214080811e-01,1.341506838798522949e-01,3.962102159857749939e-02,7.147429883480072021e-02,7.402456551790237427e-02,1.428662836551666260e-01,2.041161805391311646e-02,-3.585793823003768921e-02,7.748953253030776978e-02,1.555640995502471924e-01,6.348554044961929321e-02,-3.318545594811439514e-02,1.605731397867202759e-01,1.119458675384521484e-01,1.584615111351013184e-01,2.252309769392013550e-01,2.629690468311309814e-01,1.615723520517349243e-01,-1.976274140179157257e-02,3.399257063865661621e-01,2.581872642040252686e-01,2.106843739748001099e-01,1.240550950169563293e-01,2.181675583124160767e-01,1.070057526230812073e-01,1.159651577472686768e-01,3.196860477328300476e-02,2.719268500804901123e-01,1.055389791727066040e-01,5.337775945663452148e-01,2.073519825935363770e-01,1.261195540428161621e-01,2.281774580478668213e-01,4.187098518013954163e-02
1.416728943586349487e-01,2.657573819160461426e-01,2.686048150062561035e-01,3.179821968078613281e-01,-1.649652570486068726e-01,-2.845465205609798431e-02,3.125484883785247803e-01,8.661249279975891113e-02,2.186583727598190308e-02,1.000000000000000000e+00,5.060842633247375488e-02,7.676196694374084473e-01,6.590579152107238770e-01,1.023601442575454712e-01,5.585818886756896973e-01,6.123767495155334473e-01,3.852393329143524170e-01,2.642608880996704102e-01,6.460350751876831055e-01,4.880956113338470459e-01,4.219567477703094482e-01,1.932317465543746948e-01,3.569332361221313477e-01,3.006768822669982910e-01,1.072727888822555542e-02,1.987323909997940063e-01,2.943216860294342041e-01,3.586737811565399170e-01,3.602025210857391357e-01,4.532227218151092529e-01,4.372653961181640625e-01,2.309389263391494751e-01,-5.242771282792091370e-02,1.821887344121932983e-01,3.105498254299163818e-01,4.086493253707885742e-01,1.716817915439605713e-01,3.471590280532836914e-01,5.240464210510253906e-01,4.814292788505554199e-01,1.277739107608795166e-01,5.490058064460754395e-01,6.470069289207458496e-01,2.596813440322875977e-01,6.220151185989379883e-01,7.671062946319580078e-01,2.090351432561874390e-01,7.641359418630599976e-02
2.872204780578613281e-01,5.551160573959350586e-01,7.155238091945648193e-02,3.860307391732931137e-03,1.015393361449241638e-01,2.803174853324890137e-01,1.827278584241867065e-01,6.925302743911743164e-01,5.285945534706115723e-01,5.060842633247375488e-02,1.000000000000000000e+00,1.787655204534530640e-01,-1.226248592138290405e-01,6.373268961906433105e-01,3.071069121360778809e-01,1.682406477630138397e-02,1.819785386323928833e-01,1.822993159294128418e-01,2.466609701514244080e-02,-4.633034393191337585e-02,1.328907627612352371e-02,1.807533800601959229e-01,-8.386826515197753906e-02,6.464420258998870850e-02,4.417183622717857361e-02,1.267093420028686523e-01,2.340336591005325317e-01,3.298833072185516357e-01,3.698227405548095703e-01,2.963186502456665039e-01,2.437078207731246948e-01,1.071134209632873535e-01,1.550990343093872070e-01,5.325797200202941895e-01,3.000096380710601807e-01,-2.007638104259967804e-02,4.069613218307495117e-01,9.430722147226333618e-02,-2.076615840196609497e-01,-8.365219086408615112e-02,2.628794610500335693e-01,4.348494112491607666e-01,5.507315695285797119e-02,4.824700653553009033e-01,2.950893342494964600e-01,1.212112605571746826e-01,1.693727970123291016e-01,1.612211316823959351e-01
1.833250820636749268e-01,3.651821911334991455e-01,2.789269685745239258e-01,3.460984826087951660e-01,-9.997177869081497192e-02,1.510298252105712891e-02,3.203572332859039307e-01,5.725749582052230835e-02,5.550490226596593857e-03,7.676196694374084473e-01,1.787655204534530640e-01,1.000000000000000000e+00,3.951247632503509521e-01,3.079040348529815674e-01,6.629312038421630859e-01,4.623460173606872559e-01,3.150738477706909180e-01,2.029330581426620483e-01,4.288131296634674072e-01,2.328238338232040405e-01,2.120950669050216675e-01,1.314661502838134766e-01,2.023350894451141357e-01,2.192806899547576904e-01,2.760328911244869232e-02,1.717788875102996826e-01,3.733417391777038574e-01,4.041529893875122070e-01,4.644574522972106934e-01,5.051386356353759766e-01,4.209069609642028809e-01,1.772420108318328857e-01,1.750408858060836792e-02,2.908276915550231934e-01,3.194943666458129883e-01,3.127592504024505615e-01,2.963112890720367432e-01,4.252211153507232666e-01,3.488649129867553711e-01,3.381020724773406982e-01,1.898861378431320190e-01,5.896503925323486328e-01,4.568518996238708496e-01,3.073794543743133545e-01,5.504478812217712402e-01,5.885946750640869141e-01,1.899495124816894531e-01,4.779839888215065002e-02
-5.906376615166664124e-02,8.833874948322772980e-03,1.383418291807174683e-01,1.559188663959503174e-01,-1.453691124916076660e-01,-6.805684417486190796e-02,2.784469127655029297e-01,5.912216752767562866e-02,3.344708681106567383e-02,6.590579152107238770e-01,-1.226248592138290405e-01,3.951247632503509521e-01,1.000000000000000000e+00,-1.705551296472549438e-01,3.044239878654479980e-01,6.326043605804443359e-01,2.787622213363647461e-01,2.289529740810394287e-01,6.335977315902709961e-01,6.142409443855285645e-01,5.832256078720092773e-01,2.089823931455612183e-01,4.778126776218414307e-01,4.344744682312011719e-01,-4.434721171855926514e-02,1.612044125795364380e-01,7.023740559816360474e-02,1.379088163375854492e-01,1.385006308555603027e-01,3.719790875911712646e-01,4.292102158069610596e-01,3.294889926910400391e-01,-2.197597622871398926e-01,-9.467167407274246216e-02,2.180228084325790405e-01,5.237063765525817871e-01,-1.355347484350204468e-01,1.682606935501098633e-01,6.222764849662780762e-01,5.784444808959960938e-01,-6.018217280507087708e-02,2.870254516601562500e-01,6.523923873901367188e-01,1.390376985073089600e-01,3.997897505760192871e-01,6.462717056274414062e-01,2.790240049362182617e-01,3.332276642322540283e-02
4.301748871803283691e-01,5.665253400802612305e-01,2.784334681928157806e-02,-1.560948323458433151e-02,2.344859242439270020e-01,2.705127596855163574e-01,5.404547229409217834e-02,5.584869384765625000e-01,2.396198809146881104e-01,1.023601442575454712e-01,6.373268961906433105e-01,3.079040348529815674e-01,-1.705551296472549438e-01,1.000000000000000000e+00,4.093269109725952148e-01,1.089598424732685089e-02,1.219059750437736511e-01,1.789621114730834961e-01,-1.555212493985891342e-02,-1.196470707654953003e-01,-3.334265947341918945e-02,1.716780066490173340e-01,-1.538360565900802612e-01,-1.675446331501007080e-02,5.979745090007781982e-02,5.867522582411766052e-02,3.460650146007537842e-01,4.250050187110900879e-01,4.254461526870727539e-01,2.709748446941375732e-01,1.537467837333679199e-01,6.619368493556976318e-02,4.162276685237884521e-01,5.264394283294677734e-01,2.793624997138977051e-01,-1.509851813316345215e-01,6.670514941215515137e-01,6.667965650558471680e-02,-2.139098644256591797e-01,-2.063721716403961182e-01,4.691444039344787598e-01,4.216139614582061768e-01,-6.757029891014099121e-02,3.591033518314361572e-01,2.593876123428344727e-01,-7.778634317219257355e-03,6.116396933794021606e-02,1.047431677579879761e-01
1.205530092120170593e-01,4.070732593536376953e-01,1.683830022811889648e-01,1.814696639776229858e-01,5.014228075742721558e-02,-5.882914178073406219e-03,8.507130295038223267e-02,2.132991552352905273e-01,2.593488395214080811e-01,5.585818886756896973e-01,3.071069121360778809e-01,6.629312038421630859e-01,3.044239878654479980e-01,4.093269109725952148e-01,1.000000000000000000e+00,5.108444690704345703e-01,2.360507659614086151e-02,-5.040664598345756531e-02,3.019161224365234375e-01,8.235287666320800781e-02,-4.542363435029983521e-02,-1.242246255278587341e-01,-6.147766544017940760e-05,1.255315542221069336e-01,5.352269858121871948e-02,7.872202992439270020e-02,3.242347240447998047e-01,3.855410814285278320e-01,4.553181529045104980e-01,4.590313136577606201e-01,3.122217357158660889e-01,1.748771220445632935e-01,-8.508387953042984009e-03,3.195694684982299805e-01,5.272932648658752441e-01,3.069275915622711182e-01,2.955389320850372314e-01,5.416080355644226074e-01,3.097023367881774902e-01,2.266183197498321533e-01,1.009725034236907959e-01,5.890314579010009766e-01,2.758033275604248047e-01,4.663289189338684082e-01,4.885717034339904785e-01,4.216620624065399170e-01,1.151440069079399109e-01,-1.398343890905380249e-01
6.760400533676147461e-02,9.726817160844802856e-02,2.051889747381210327e-01,2.337975651025772095e-01,-1.565796285867691040e-01,-2.082419022917747498e-02,1.755174845457077026e-01,1.133416816592216492e-01,1.341506838798522949e-01,6.123767495155334473e-01,1.682406477630138397e-02,4.623460173606872559e-01,6.326043605804443359e-01,1.089598424732685089e-02,5.108444690704345703e-01,1.000000000000000000e+00,2.111288160085678101e-01,9.542713314294815063e-02,5.549662709236145020e-01,3.578230142593383789e-01,2.714069783687591553e-01,1.210960298776626587e-01,4.222365915775299072e-01,3.280025422573089600e-01,-5.537343025207519531e-02,1.147952005267143250e-01,1.066934838891029358e-01,2.053694427013397217e-01,2.271670699119567871e-01,3.058272004127502441e-01,3.832948803901672363e-01,2.817996442317962646e-01,-1.930190473794937134e-01,5.771878734230995178e-02,3.581790328025817871e-01,5.634741783142089844e-01,-2.371480874717235565e-02,3.718275725841522217e-01,6.216769814491271973e-01,5.400366187095642090e-01,-3.217721823602914810e-03,4.184521734714508057e-01,5.165579915046691895e-01,1.865473836660385132e-01,5.096004009246826172e-01,5.712135434150695801e-01,2.350914925336837769e-01,1.273670196533203125e-01
2.242612987756729126e-01,1.304165422916412354e-01,3.177630901336669922e-01,3.511351644992828369e-01,-1.599479913711547852e-01,2.181168496608734131e-01,7.737211585044860840e-01,2.181195616722106934e-01,3.962102159857749939e-02,3.852393329143524170e-01,1.819785386323928833e-01,3.150738477706909180e-01,2.787622213363647461e-01,1.219059750437736511e-01,2.360507659614086151e-02,2.111288160085678101e-01,1.000000000000000000e+00,6.698732972145080566e-01,6.249791979789733887e-01,5.835561752319335938e-01,5.860911607742309570e-01,5.304358601570129395e-01,5.710149407386779785e-01,3.474058508872985840e-01,-1.115380227565765381e-01,4.643780291080474854e-01,1.691994518041610718e-01,1.922060102224349976e-01,2.000648379325866699e-01,3.612597584724426270e-01,3.986449539661407471e-01,1.571266949176788330e-01,-3.014792129397392273e-02,1.305042952299118042e-01,-2.228222787380218506e-02,2.745328545570373535e-01,1.411076337099075317e-01,-8.260709792375564575e-02,1.649708598852157593e-01,4.552938938140869141e-01,2.131493240594863892e-01,2.565880715847015381e-01,4.013121128082275391e-01,5.008396692574024200e-03,4.395978450775146484e-01,4.463558495044708252e-01,2.517884373664855957e-01,5.292178988456726074e-01
3.140870332717895508e-01,2.477499842643737793e-01,1.724716722965240479e-01,2.396129667758941650e-01,2.873484790325164795e-02,4.022164344787597656e-01,5.648404955863952637e-01,2.895393967628479004e-01,7.147429883480072021e-02,2.642608880996704102e-01,1.822993159294128418e-01,2.029330581426620483e-01,2.289529740810394287e-01,1.789621114730834961e-01,-5.040664598345756531e-02,9.542713314294815063e-02,6.698732972145080566e-01,1.000000000000000000e+00,4.480492472648620605e-01,6.031789779663085938e-01,6.200138330459594727e-01,6.804727315902709961e-01,3.765652179718017578e-01,4.357774853706359863e-01,-8.761148154735565186e-02,3.567222952842712402e-01,2.304429709911346436e-01,2.246571481227874756e-01,1.603178530931472778e-01,2.131901234388351440e-01,4.965931773185729980e-01,3.220532536506652832e-01,1.839127838611602783e-01,1.663963645696640015e-01,-7.978291064500808716e-02,1.093573719263076782e-01,2.511180937290191650e-01,-1.536735743284225464e-01,7.474815100431442261e-02,2.920198738574981689e-01,3.671746253967285156e-01,1.861997246742248535e-01,4.080457091331481934e-01,1.103655099868774414e-01,3.231105804443359375e-01,3.678407073020935059e-01,3.510448932647705078e-01,4.267609715461730957e-01
9.243731200695037842e-02,1.267252564430236816e-01,3.045368790626525879e-01,2.957541644573211670e-01,-1.929658502340316772e-01,-2.121515572071075439e-02,4.566847383975982666e-01,1.447143256664276123e-01,7.402456551790237427e-02,6.460350751876831055e-01,2.466609701514244080e-02,4.288131296634674072e-01,6.335977315902709961e-01,-1.555212493985891342e-02,3.019161224365234375e-01,5.549662709236145020e-01,6.249791979789733887e-01,4.480492472648620605e-01,1.000000000000000000e+00,7.096216678619384766e-01,5.763571858406066895e-01,3.901154100894927979e-01,5.789523720741271973e-01,4.677014648914337158e-01,-2.080402150750160217e-02,3.094627559185028076e-01,2.301863729953765869e-01,1.840273737907409668e-01,2.192366123199462891e-01,4.687220156192779541e-01,5.317694544792175293e-01,3.110767304897308350e-01,-1.434759050607681274e-01,1.042541489005088806e-01,1.823606938123703003e-01,4.887981414794921875e-01,3.371005877852439880e-02,1.130252256989479065e-01,4.637947082519531250e-01,6.292973756790161133e-01,7.443990558385848999e-02,3.439211249351501465e-01,6.519930958747863770e-01,1.502618342638015747e-01,5.183748602867126465e-01,6.602016687393188477e-01,3.078295588493347168e-01,3.185317814350128174e-01
5.193241313099861145e-02,7.013202458620071411e-02,1.136734113097190857e-01,1.052313074469566345e-01,-1.757655441761016846e-01,1.068608984351158142e-01,4.770441949367523193e-01,1.757600307464599609e-01,1.428662836551666260e-01,4.880956113338470459e-01,-4.633034393191337585e-02,2.328238338232040405e-01,6.142409443855285645e-01,-1.196470707654953003e-01,8.235287666320800781e-02,3.578230142593383789e-01,5.835561752319335938e-01,6.031789779663085938e-01,7.096216678619384766e-01,1.000000000000000000e+00,7.339648604393005371e-01,3.761852383613586426e-01,5.927530527114868164e-01,5.231240987777709961e-01,-4.773326218128204346e-02,2.128656506538391113e-01,1.630164384841918945e-01,6.853976100683212280e-02,6.448561698198318481e-02,3.564163744449615479e-01,4.991596937179565430e-01,2.959156036376953125e-01,-8.494145423173904419e-02,6.177403964102268219e-03,9.311841428279876709e-02,4.633721709251403809e-01,-4.347999766469001770e-02,5.532260239124298096e-02,4.863843321800231934e-01,5.916002392768859863e-01,9.368307888507843018e-02,1.253740489482879639e-01,5.733295083045959473e-01,1.209890097379684448e-01,3.560205996036529541e-01,5.540447235107421875e-01,3.521633148193359375e-01,2.579486966133117676e-01
8.747568726539611816e-02,1.933181472122669220e-02,2.060813158750534058e-01,1.699635982513427734e-01,-1.850137412548065186e-01,1.350574195384979248e-01,4.840086996555328369e-01,1.671805381774902344e-01,2.041161805391311646e-02,4.219567477703094482e-01,1.328907627612352371e-02,2.120950669050216675e-01,5.832256078720092773e-01,-3.334265947341918945e-02,-4.542363435029983521e-02,2.714069783687591553e-01,5.860911607742309570e-01,6.200138330459594727e-01,5.763571858406066895e-01,7.339648604393005371e-01,1.000000000000000000e+00,6.016523241996765137e-01,6.176474094390869141e-01,4.884710907936096191e-01,-9.259713441133499146e-02,2.335739582777023315e-01,-6.361580919474363327e-03,6.915547698736190796e-02,5.954509600996971130e-03,2.277461886405944824e-01,4.292239546775817871e-01,2.890875637531280518e-01,-1.168019026517868042e-01,-3.253011032938957214e-02,-3.682978451251983643e-02,3.654304444789886475e-01,-3.430608287453651428e-02,-1.029056757688522339e-01,3.305258154869079590e-01,5.281293392181396484e-01,5.395336449146270752e-02,1.405843347311019897e-01,4.776250123977661133e-01,4.473779350519180298e-02,2.810999751091003418e-01,4.226189255714416504e-01,3.126232922077178955e-01,4.067197442054748535e-01
2.682506740093231201e-01,1.464758813381195068e-01,2.053601592779159546e-01,2.141443341970443726e-01,-9.020012617111206055e-02,2.344636917114257812e-01,3.765814900398254395e-01,2.542920708656311035e-01,-3.585793823003768921e-02,1.932317465543746948e-01,1.807533800601959229e-01,1.314661502838134766e-01,2.089823931455612183e-01,1.716780066490173340e-01,-1.242246255278587341e-01,1.210960298776626587e-01,5.304358601570129395e-01,6.804727315902709961e-01,3.901154100894927979e-01,3.761852383613586426e-01,6.016523241996765137e-01,1.000000000000000000e+00,4.257384538650512695e-01,3.433552086353302002e-01,-9.819439798593521118e-02,2.849417924880981445e-01,1.277655959129333496e-01,1.701870411634445190e-01,6.689403951168060303e-02,1.391359418630599976e-01,3.807294964790344238e-01,4.010732173919677734e-01,1.080731153488159180e-01,1.024167537689208984e-01,-1.129889860749244690e-03,1.012495234608650208e-01,2.039822936058044434e-01,-2.363338023424148560e-01,-3.543476015329360962e-02,2.410058081150054932e-01,2.515113055706024170e-01,1.502181738615036011e-01,2.555476427078247070e-01,3.441990353167057037e-03,2.253504097461700439e-01,2.139444947242736816e-01,2.566646635532379150e-01,7.307094931602478027e-01
-3.392408788204193115e-02,-1.035653278231620789e-01,1.231139525771141052e-01,9.219074249267578125e-02,-3.511717915534973145e-01,-5.761237442493438721e-02,3.908886313438415527e-01,-1.514510065317153931e-02,7.748953253030776978e-02,3.569332361221313477e-01,-8.386826515197753906e-02,2.023350894451141357e-01,4.778126776218414307e-01,-1.538360565900802612e-01,-6.147766544017940760e-05,4.222365915775299072e-01,5.710149407386779785e-01,3.765652179718017578e-01,5.789523720741271973e-01,5.927530527114868164e-01,6.176474094390869141e-01,4.257384538650512695e-01,1.000000000000000000e+00,4.701568186283111572e-01,-9.477806091308593750e-02,1.412100344896316528e-01,-3.670757263898849487e-02,-6.648962944746017456e-02,-7.396423071622848511e-02,2.409574389457702637e-01,3.829067349433898926e-01,2.667987346649169922e-01,-2.365027070045471191e-01,-1.155185773968696594e-01,9.064132720232009888e-02,5.181152224540710449e-01,-1.722911745309829712e-01,-6.797065492719411850e-03,4.414898753166198730e-01,6.879723072052001953e-01,-9.705431014299392700e-02,1.168045550584793091e-01,3.815722167491912842e-01,-8.114230632781982422e-02,2.716301083564758301e-01,3.592302203178405762e-01,2.849000096321105957e-01,5.585733056068420410e-01
9.562660008668899536e-02,2.069461941719055176e-01,1.401105076074600220e-01,5.662364885210990906e-02,-8.420720696449279785e-02,6.693623214960098267e-02,3.123170733451843262e-01,2.284893393516540527e-01,1.555640995502471924e-01,3.006768822669982910e-01,6.464420258998870850e-02,2.192806899547576904e-01,4.344744682312011719e-01,-1.675446331501007080e-02,1.255315542221069336e-01,3.280025422573089600e-01,3.474058508872985840e-01,4.357774853706359863e-01,4.677014648914337158e-01,5.231240987777709961e-01,4.884710907936096191e-01,3.433552086353302002e-01,4.701568186283111572e-01,1.000000000000000000e+00,-1.345652937889099121e-01,1.672695279121398926e-01,1.451170891523361206e-01,2.120946794748306274e-01,2.497615367174148560e-01,3.830544352531433105e-01,6.499800086021423340e-01,5.120939612388610840e-01,-5.279587209224700928e-02,9.249254316091537476e-02,1.449990421533584595e-01,4.848358631134033203e-01,-1.691697724163532257e-02,4.394777864217758179e-02,4.678883254528045654e-01,5.136324167251586914e-01,1.079413741827011108e-01,2.350995093584060669e-01,4.693824052810668945e-01,1.848511993885040283e-01,2.933681011199951172e-01,4.257456958293914795e-01,6.028301715850830078e-01,1.926402002573013306e-01
1.801221817731857300e-01,1.376242190599441528e-01,6.066273152828216553e-02,-3.958852589130401611e-02,1.714860349893569946e-01,-5.119008198380470276e-02,-1.634478420019149780e-01,7.007383555173873901e-02,6.348554044961929321e-02,1.072727888822555542e-02,4.417183622717857361e-02,2.760328911244869232e-02,-4.434721171855926514e-02,5.979745090007781982e-02,5.352269858121871948e-02,-5.537343025207519531e-02,-1.115380227565765381e-01,-8.761148154735565186e-02,-2.080402150750160217e-02,-4.773326218128204346e-02,-9.259713441133499146e-02,-9.819439798593521118e-02,-9.477806091308593750e-02,-1.345652937889099121e-01,1.000000000000000000e+00,5.878000054508447647e-03,2.549484185874462128e-02,1.911880634725093842e-02,-1.376091390848159790e-01,-4.411989450454711914e-02,-3.221627324819564819e-02,-5.086689069867134094e-02,2.508390843868255615e-01,2.258887737989425659e-01,6.465477868914604187e-03,-1.554323583841323853e-01,7.281939685344696045e-02,1.273696124553680420e-01,-1.012712568044662476e-01,-1.713389754295349121e-01,-5.929934233427047729e-02,6.549143791198730469e-02,1.005929335951805115e-02,1.344700455665588379e-01,-4.490132257342338562e-02,9.148210287094116211e-03,2.072105370461940765e-02,-1.381020694971084595e-01
1.775154471397399902e-01,1.589749455451965332e-01,5.515710711479187012e-01,5.659326314926147461e-01,5.734526738524436951e-02,4.378885626792907715e-01,5.467222332954406738e-01,1.713743805885314941e-01,-3.318545594811439514e-02,1.987323909997940063e-01,1.267093420028686523e-01,1.717788875102996826e-01,1.612044125795364380e-01,5.867522582411766052e-02,7.872202992439270020e-02,1.147952005267143250e-01,4.643780291080474854e-01,3.567222952842712402e-01,3.094627559185028076e-01,2.128656506538391113e-01,2.335739582777023315e-01,2.849417924880981445e-01,1.412100344896316528e-01,1.672695279121398926e-01,5.878000054508447647e-03,1.000000000000000000e+00,1.590589582920074463e-01,4.003676772117614746e-01,2.909340560436248779e-01,2.405388504266738892e-01,2.750214636325836182e-01,2.106107324361801147e-01,9.615296870470046997e-02,1.435442417860031128e-01,6.631413102149963379e-02,2.699707448482513428e-01,6.995282322168350220e-02,-2.805762179195880890e-02,9.046137332916259766e-02,3.186545968055725098e-01,3.142690062522888184e-01,1.453471183776855469e-01,2.564366459846496582e-01,-2.161494642496109009e-02,2.258573621511459351e-01,2.777258455753326416e-01,1.580759584903717041e-01,1.575800776481628418e-01
2.025755047798156738e-01,4.162573218345642090e-01,4.951512813568115234e-02,1.554537564516067505e-01,9.161791950464248657e-02,1.437391638755798340e-01,1.034060642123222351e-01,2.242950201034545898e-01,1.605731397867202759e-01,2.943216860294342041e-01,2.340336591005325317e-01,3.733417391777038574e-01,7.023740559816360474e-02,3.460650146007537842e-01,3.242347240447998047e-01,1.066934838891029358e-01,1.691994518041610718e-01,2.304429709911346436e-01,2.301863729953765869e-01,1.630164384841918945e-01,-6.361580919474363327e-03,1.277655959129333496e-01,-3.670757263898849487e-02,1.451170891523361206e-01,2.549484185874462128e-02,1.590589582920074463e-01,1.000000000000000000e+00,2.695511579513549805e-01,3.973768651485443115e-01,3.059177398681640625e-01,3.220830857753753662e-01,1.902031451463699341e-01,3.470421135425567627e-01,4.400386512279510498e-01,2.444152384996414185e-01,3.279095515608787537e-02,5.311890244483947754e-01,1.427919864654541016e-01,7.091895490884780884e-02,5.200753360986709595e-02,3.481004238128662109e-01,2.702274024486541748e-01,2.639715671539306641e-01,2.780826985836029053e-01,2.957318723201751709e-01,2.886050343513488770e-01,1.979827731847763062e-01,1.813466288149356842e-02
5.488107204437255859e-01,5.623019337654113770e-01,3.973419964313507080e-01,3.645485043525695801e-01,2.892578840255737305e-01,4.334104359149932861e-01,2.241125255823135376e-01,3.894205987453460693e-01,1.119458675384521484e-01,3.586737811565399170e-01,3.298833072185516357e-01,4.041529893875122070e-01,1.379088163375854492e-01,4.250050187110900879e-01,3.855410814285278320e-01,2.053694427013397217e-01,1.922060102224349976e-01,2.246571481227874756e-01,1.840273737907409668e-01,6.853976100683212280e-02,6.915547698736190796e-02,1.701870411634445190e-01,-6.648962944746017456e-02,2.120946794748306274e-01,1.911880634725093842e-02,4.003676772117614746e-01,2.695511579513549805e-01,1.000000000000000000e+00,6.894211173057556152e-01,2.687507271766662598e-01,2.766934633255004883e-01,2.542088329792022705e-01,3.061106801033020020e-01,2.727580368518829346e-01,2.438221275806427002e-01,4.863389953970909119e-02,2.753803133964538574e-01,1.514715701341629028e-01,1.152800917625427246e-01,5.988861992955207825e-02,5.548440814018249512e-01,4.532348215579986572e-01,2.299719899892807007e-01,3.307292163372039795e-01,3.657323718070983887e-01,3.334023654460906982e-01,2.990249395370483398e-01,3.819220140576362610e-02
3.109485805034637451e-01,5.366330146789550781e-01,2.239960432052612305e-01,2.774578034877777100e-01,2.073566317558288574e-01,2.717332839965820312e-01,2.562777101993560791e-01,3.224588036537170410e-01,1.584615111351013184e-01,3.602025210857391357e-01,3.698227405548095703e-01,4.644574522972106934e-01,1.385006308555603027e-01,4.254461526870727539e-01,4.553181529045104980e-01,2.271670699119567871e-01,2.000648379325866699e-01,1.603178530931472778e-01,2.192366123199462891e-01,6.448561698198318481e-02,5.954509600996971130e-03,6.689403951168060303e-02,-7.396423071622848511e-02,2.497615367174148560e-01,-1.376091390848159790e-01,2.909340560436248779e-01,3.973768651485443115e-01,6.894211173057556152e-01,1.000000000000000000e+00,4.801720082759857178e-01,4.011350274085998535e-01,2.101379334926605225e-01,2.517095506191253662e-01,3.452807068824768066e-01,3.914466798305511475e-01,1.448522210121154785e-01,3.367255330085754395e-01,2.436707466840744019e-01,1.413782089948654175e-01,1.170227751135826111e-01,5.090284347534179688e-01,4.741968512535095215e-01,2.561401426792144775e-01,3.456805944442749023e-01,4.245657920837402344e-01,3.350135385990142822e-01,3.087113201618194580e-01,1.143675111234188080e-02
2.577595598995685577e-02,2.775633931159973145e-01,1.505639553070068359e-01,1.474834084510803223e-01,-1.709612756967544556e-01,-7.829630374908447266e-02,4.069885313510894775e-01,3.121734857559204102e-01,2.252309769392013550e-01,4.532227218151092529e-01,2.963186502456665039e-01,5.051386356353759766e-01,3.719790875911712646e-01,2.709748446941375732e-01,4.590313136577606201e-01,3.058272004127502441e-01,3.612597584724426270e-01,2.131901234388351440e-01,4.687220156192779541e-01,3.564163744449615479e-01,2.277461886405944824e-01,1.391359418630599976e-01,2.409574389457702637e-01,3.830544352531433105e-01,-4.411989450454711914e-02,2.405388504266738892e-01,3.059177398681640625e-01,2.687507271766662598e-01,4.801720082759857178e-01,1.000000000000000000e+00,6.142587661743164062e-01,3.228844404220581055e-01,-6.023874133825302124e-02,2.711003124713897705e-01,4.451621472835540771e-01,4.985932409763336182e-01,1.995617896318435669e-01,2.358372211456298828e-01,2.740780413150787354e-01,3.955610990524291992e-01,4.495702683925628662e-02,3.980313241481781006e-01,3.507343232631683350e-01,3.204475045204162598e-01,3.956430256366729736e-01,4.028689861297607422e-01,2.554252743721008301e-01,9.168151021003723145e-02
7.234181463718414307e-02,3.503369688987731934e-01,1.333923488855361938e-01,1.150620803236961365e-01,-1.422922015190124512e-01,1.837689429521560669e-02,3.547316193580627441e-01,3.572276830673217773e-01,2.629690468311309814e-01,4.372653961181640625e-01,2.437078207731246948e-01,4.209069609642028809e-01,4.292102158069610596e-01,1.537467837333679199e-01,3.122217357158660889e-01,3.832948803901672363e-01,3.986449539661407471e-01,4.965931773185729980e-01,5.317694544792175293e-01,4.991596937179565430e-01,4.292239546775817871e-01,3.807294964790344238e-01,3.829067349433898926e-01,6.499800086021423340e-01,-3.221627324819564819e-02,2.750214636325836182e-01,3.220830857753753662e-01,2.766934633255004883e-01,4.011350274085998535e-01,6.142587661743164062e-01,1.000000000000000000e+00,5.749399065971374512e-01,4.674422089010477066e-03,2.279452979564666748e-01,3.068099319934844971e-01,4.856105148792266846e-01,1.561701148748397827e-01,1.175068095326423645e-01,3.559702634811401367e-01,4.785456061363220215e-01,1.213633939623832703e-01,4.576297700405120850e-01,5.735257267951965332e-01,3.808532357215881348e-01,4.826527237892150879e-01,5.587102770805358887e-01,5.863813757896423340e-01,2.178281694650650024e-01
1.545550525188446045e-01,2.355172634124755859e-01,5.709373205900192261e-02,6.009820103645324707e-02,4.888919368386268616e-02,4.509582370519638062e-02,1.112463921308517456e-01,2.629116773605346680e-01,1.615723520517349243e-01,2.309389263391494751e-01,1.071134209632873535e-01,1.772420108318328857e-01,3.294889926910400391e-01,6.619368493556976318e-02,1.748771220445632935e-01,2.817996442317962646e-01,1.571266949176788330e-01,3.220532536506652832e-01,3.110767304897308350e-01,2.959156036376953125e-01,2.890875637531280518e-01,4.010732173919677734e-01,2.667987346649169922e-01,5.120939612388610840e-01,-5.086689069867134094e-02,2.106107324361801147e-01,1.902031451463699341e-01,2.542088329792022705e-01,2.101379334926605225e-01,3.228844404220581055e-01,5.749399065971374512e-01,1.000000000000000000e+00,3.032396547496318817e-02,9.937971830368041992e-02,2.339307218790054321e-01,3.015796542167663574e-01,6.675827503204345703e-02,4.544758796691894531e-02,2.307790666818618774e-01,3.096205294132232666e-01,1.150939762592315674e-01,2.622144222259521484e-01,3.357820510864257812e-01,2.160845398902893066e-01,2.634581625461578369e-01,3.309574127197265625e-01,5.219511985778808594e-01,2.759937047958374023e-01
5.567052960395812988e-01,3.988776803016662598e-01,-3.866477683186531067e-02,1.017390284687280655e-03,4.455014765262603760e-01,3.444079458713531494e-01,-1.069738939404487610e-01,2.611450552940368652e-01,-1.976274140179157257e-02,-5.242771282792091370e-02,1.550990343093872070e-01,1.750408858060836792e-02,-2.197597622871398926e-01,4.162276685237884521e-01,-8.508387953042984009e-03,-1.930190473794937134e-01,-3.014792129397392273e-02,1.839127838611602783e-01,-1.434759050607681274e-01,-8.494145423173904419e-02,-1.168019026517868042e-01,1.080731153488159180e-01,-2.365027070045471191e-01,-5.279587209224700928e-02,2.508390843868255615e-01,9.615296870470046997e-02,3.470421135425567627e-01,3.061106801033020020e-01,2.517095506191253662e-01,-6.023874133825302124e-02,4.674422089010477066e-03,3.032396547496318817e-02,1.000000000000000000e+00,3.867542445659637451e-01,-1.567318663001060486e-02,-2.733744084835052490e-01,4.636257290840148926e-01,-7.384245097637176514e-02,-2.110700160264968872e-01,-2.366688549518585205e-01,5.084267258644104004e-01,4.548010975122451782e-02,-1.048151776194572449e-01,1.177501603960990906e-01,-2.103412710130214691e-02,-8.011831343173980713e-02,6.634251028299331665e-02,-8.505646139383316040e-03
