1.000000000000000000e+00,4.696144759654998779e-01,5.846574902534484863e-01,4.074242413043975830e-01,4.301896393299102783e-01,5.677207112312316895e-01,5.168342590332031250e-01,4.146760106086730957e-01,1.963259130716323853e-01,4.643010497093200684e-01,2.914648056030273438e-01,5.196474194526672363e-01,4.265882968902587891e-01,2.360798716545104980e-01,2.689772844314575195e-01,4.218127131462097168e-01,4.784232378005981445e-01,3.256384134292602539e-01,5.433108210563659668e-01,4.080471098423004150e-01,4.135311841964721680e-01,3.752581179141998291e-01,4.475340843200683594e-01,4.248689115047454834e-01,2.086307555437088013e-01,5.578407645225524902e-01,-1.354289334267377853e-02,5.735924243927001953e-01,3.751926124095916748e-01,2.264235913753509521e-01,4.776798188686370850e-01,3.247695863246917725e-01,2.641041278839111328e-01,-7.818005234003067017e-02,3.162574768066406250e-01,1.942453235387802124e-01,8.149419724941253662e-02,-4.491312801837921143e-02,3.175713717937469482e-01,4.670781791210174561e-01,4.008221030235290527e-01,4.872108101844787598e-01,4.796769917011260986e-01,2.739037573337554932e-01,3.263001143932342529e-01,4.618721306324005127e-01,2.135346829891204834e-01,3.798464536666870117e-01
4.696144759654998779e-01,1.000000000000000000e+00,4.841116964817047119e-01,4.955113828182220459e-01,1.957433819770812988e-01,5.502554178237915039e-01,4.578779041767120361e-01,3.351796865463256836e-01,2.105494886636734009e-01,5.006304979324340820e-01,2.100808620452880859e-01,4.831973910331726074e-01,3.223105370998382568e-01,2.509175240993499756e-01,2.556247711181640625e-01,2.607225775718688965e-01,4.207976758480072021e-01,3.844508826732635498e-01,3.685923218727111816e-01,4.468204379081726074e-01,4.410425126552581787e-01,4.235201776027679443e-01,2.883556783199310303e-01,2.971192896366119385e-01,9.544257074594497681e-02,4.397696256637573242e-01,1.234390661120414734e-01,4.683414101600646973e-01,4.284835457801818848e-01,3.401922583580017090e-01,5.514689683914184570e-01,4.445935189723968506e-01,2.033908665180206299e-01,1.198391914367675781e-01,2.814484536647796631e-01,1.893565505743026733e-01,2.079855054616928101e-01,8.699082583189010620e-02,2.741079330444335938e-01,3.769378364086151123e-01,4.238627851009368896e-01,5.779573321342468262e-01,4.802623689174652100e-01,4.835770428180694580e-01,3.887186050415039062e-01,5.349639654159545898e-01,3.556728661060333252e-01,2.294132560491561890e-01
5.846574902534484863e-01,4.841116964817047119e-01,1.000000000000000000e+00,7.196281552314758301e-01,4.795578718185424805e-01,4.494509100914001465e-01,5.334783196449279785e-01,1.948316693305969238e-01,6.832908093929290771e-02,4.769122600555419922e-01,7.671918720006942749e-02,4.827524721622467041e-01,3.549086451530456543e-01,6.947364658117294312e-02,2.984891235828399658e-01,3.446073830127716064e-01,3.280152678489685059e-01,1.859111040830612183e-01,4.541066586971282959e-01,2.746569514274597168e-01,3.345488905906677246e-01,2.594378888607025146e-01,2.539653182029724121e-01,3.352730274200439453e-01,2.430665865540504456e-02,8.233396410942077637e-01,1.974158138036727905e-01,7.525434494018554688e-01,5.341798663139343262e-01,2.806453406810760498e-01,3.300013244152069092e-01,2.639856338500976562e-01,5.512602999806404114e-02,-7.726343721151351929e-02,2.677339017391204834e-01,1.985360532999038696e-01,-8.865336328744888306e-02,-9.881821274757385254e-02,3.895269930362701416e-01,3.745071291923522949e-01,4.454915225505828857e-01,4.580794572830200195e-01,5.310655236244201660e-01,3.193519115447998047e-01,3.337148129940032959e-01,4.346076846122741699e-01,5.948206409811973572e-02,1.297599673271179199e-01
4.074242413043975830e-01,4.955113828182220459e-01,7.196281552314758301e-01,1.000000000000000000e+00,3.785414397716522217e-01,4.218127727508544922e-01,5.088903307914733887e-01,1.514738798141479492e-01,7.508605718612670898e-02,3.686721324920654297e-01,5.309990048408508301e-02,3.456088602542877197e-01,2.643685638904571533e-01,6.973901391029357910e-02,2.188917398452758789e-01,2.624379992485046387e-01,3.287512958049774170e-01,2.310850173234939575e-01,3.559607863426208496e-01,2.325752973556518555e-01,3.009578883647918701e-01,3.051744401454925537e-01,2.142155021429061890e-01,2.075191587209701538e-01,4.114242270588874817e-03,6.307357549667358398e-01,2.588231861591339111e-01,6.575968861579895020e-01,4.317058622837066650e-01,1.983825266361236572e-01,2.587552070617675781e-01,2.401429563760757446e-01,8.176303654909133911e-02,4.706098139286041260e-02,2.067923694849014282e-01,1.110882610082626343e-01,-2.236653119325637817e-02,-3.391276579350233078e-03,3.943004310131072998e-01,2.816031575202941895e-01,4.674980938434600830e-01,4.014410972595214844e-01,3.723316490650177002e-01,3.814101219177246094e-01,2.706086039543151855e-01,3.402736485004425049e-01,6.819276511669158936e-02,1.449683457612991333e-01
4.301896393299102783e-01,1.957433819770812988e-01,4.795578718185424805e-01,3.785414397716522217e-01,1.000000000000000000e+00,2.442668825387954712e-01,3.518910408020019531e-01,1.443250477313995361e-01,5.747358500957489014e-02,1.384890377521514893e-01,4.514104500412940979e-02,2.318660169839859009e-01,9.663423150777816772e-02,-2.047446742653846741e-02,-1.881857775151729584e-02,1.508238166570663452e-01,1.658189445734024048e-01,-8.703587204217910767e-02,2.851007878780364990e-01,-1.411648467183113098e-02,1.542654633522033691e-02,-9.578066878020763397e-03,1.315364986658096313e-01,2.331962138414382935e-01,-1.216277554631233215e-01,4.528606832027435303e-01,1.162430793046951294e-01,3.710779845714569092e-01,3.697444200515747070e-01,2.110149264335632324e-01,7.911269366741180420e-02,-5.455277860164642334e-02,-4.707690700888633728e-02,-2.198947966098785400e-01,1.464842110872268677e-01,2.919973433017730713e-01,-3.463009297847747803e-01,-3.325145542621612549e-01,3.208064734935760498e-01,1.649677902460098267e-01,3.562479317188262939e-01,2.323768138885498047e-01,2.665548324584960938e-01,1.078032329678535461e-01,4.501841217279434204e-02,1.185294017195701599e-01,-2.382903359830379486e-02,4.637331888079643250e-02
5.677207112312316895e-01,5.502554178237915039e-01,4.494509100914001465e-01,4.218127727508544922e-01,2.442668825387954712e-01,1.000000000000000000e+00,6.382485032081604004e-01,3.768775165081024170e-01,3.138271272182464600e-01,5.117173194885253906e-01,3.618030548095703125e-01,5.442923307418823242e-01,5.012192130088806152e-01,2.873450517654418945e-01,3.390582203865051270e-01,4.405907690525054932e-01,6.433475017547607422e-01,4.955625534057617188e-01,5.464106798171997070e-01,5.888714194297790527e-01,5.292532444000244141e-01,5.099045634269714355e-01,5.264635682106018066e-01,4.453593492507934570e-01,2.698953151702880859e-01,4.655134975910186768e-01,1.674699932336807251e-01,4.633984565734863281e-01,3.402912914752960205e-01,2.366629540920257568e-01,5.370508432388305664e-01,3.906030356884002686e-01,2.870588004589080811e-01,1.578680723905563354e-01,4.256657958030700684e-01,1.058712136000394821e-02,2.450099587440490723e-01,1.524477303028106689e-01,3.924323022365570068e-01,4.242573082447052002e-01,4.632903337478637695e-01,4.132758677005767822e-01,4.670282602310180664e-01,3.853814005851745605e-01,2.884874343872070312e-01,5.352851152420043945e-01,2.693328559398651123e-01,3.672592937946319580e-01
5.168342590332031250e-01,4.578779041767120361e-01,5.334783196449279785e-01,5.088903307914733887e-01,3.518910408020019531e-01,6.382485032081604004e-01,1.000000000000000000e+00,4.429567754268646240e-01,4.195710718631744385e-01,4.860146939754486084e-01,5.479772090911865234e-01,6.279598474502563477e-01,4.377417862415313721e-01,4.636099040508270264e-01,2.790026068687438965e-01,3.243905305862426758e-01,7.717644572257995605e-01,3.937790691852569580e-01,4.326822459697723389e-01,3.681384921073913574e-01,4.287324547767639160e-01,4.520399272441864014e-01,5.890939831733703613e-01,3.529550433158874512e-01,2.105495631694793701e-01,5.860103964805603027e-01,2.004400938749313354e-01,4.791803956031799316e-01,4.358723759651184082e-01,5.183095335960388184e-01,4.845879673957824707e-01,2.712766230106353760e-01,2.189216613769531250e-01,1.341383904218673706e-01,2.692491114139556885e-01,2.979579754173755646e-02,1.823294162750244141e-01,2.977286279201507568e-02,3.384599983692169189e-01,3.956774771213531494e-01,5.390897393226623535e-01,4.406344592571258545e-01,3.610222935676574707e-01,3.064249157905578613e-01,2.867369651794433594e-01,4.851453900337219238e-01,1.774654835462570190e-01,4.912526011466979980e-01
4.146760106086730957e-01,3.351796865463256836e-01,1.948316693305969238e-01,1.514738798141479492e-01,1.443250477313995361e-01,3.768775165081024170e-01,4.429567754268646240e-01,1.000000000000000000e+00,5.816133618354797363e-01,2.436112910509109497e-01,5.576773881912231445e-01,4.195211827754974365e-01,2.617264091968536377e-01,4.545800089836120605e-01,2.451024949550628662e-01,3.294879198074340820e-01,5.166478753089904785e-01,2.801418304443359375e-01,3.205780684947967529e-01,3.696520030498504639e-01,3.743368089199066162e-01,3.860438168048858643e-01,4.945567250251770020e-01,3.091607093811035156e-01,2.572520077228546143e-01,2.028869539499282837e-01,1.017314717173576355e-01,2.075423598289489746e-01,2.570015490055084229e-01,4.362981319427490234e-01,5.099345445632934570e-01,3.196799159049987793e-01,3.019728064537048340e-01,1.158465892076492310e-01,3.152825236320495605e-01,9.830965101718902588e-02,2.136649042367935181e-01,9.193789958953857422e-02,7.727238535881042480e-02,4.910163283348083496e-01,2.834430932998657227e-01,4.023270606994628906e-01,2.264913171529769897e-01,3.712152242660522461e-01,1.965158134698867798e-01,3.130455017089843750e-01,2.721563875675201416e-01,4.929860830307006836e-01
1.963259130716323853e-01,2.105494886636734009e-01,6.832908093929290771e-02,7.508605718612670898e-02,5.747358500957489014e-02,3.138271272182464600e-01,4.195710718631744385e-01,5.816133618354797363e-01,1.000000000000000000e+00,1.285859495401382446e-01,6.355701684951782227e-01,3.127428591251373291e-01,2.147884219884872437e-01,4.406473934650421143e-01,1.539255231618881226e-01,2.624112367630004883e-01,4.860161244869232178e-01,1.275706291198730469e-01,1.451792865991592407e-01,1.987522840499877930e-01,2.421477735042572021e-01,2.673520743846893311e-01,4.428475201129913330e-01,2.427973449230194092e-01,2.247038334608078003e-01,6.169493123888969421e-02,2.478706091642379761e-02,1.163303479552268982e-01,1.461712867021560669e-01,4.098038673400878906e-01,3.211601376533508301e-01,2.439703792333602905e-01,1.982245147228240967e-01,1.638107895851135254e-01,2.652103304862976074e-01,2.069310843944549561e-02,2.085747271776199341e-01,1.408361345529556274e-01,4.440878331661224365e-02,3.237957060337066650e-01,1.762206703424453735e-01,2.722960114479064941e-01,3.725225850939750671e-02,4.528564512729644775e-01,7.785795629024505615e-02,2.181762009859085083e-01,1.637588441371917725e-01,4.115461111068725586e-01
4.643010497093200684e-01,5.006304979324340820e-01,4.769122600555419922e-01,3.686721324920654297e-01,1.384890377521514893e-01,5.117173194885253906e-01,4.860146939754486084e-01,2.436112910509109497e-01,1.285859495401382446e-01,1.000000000000000000e+00,1.913926303386688232e-01,8.088210821151733398e-01,5.808014869689941406e-01,2.464314103126525879e-01,6.616695523262023926e-01,4.841240048408508301e-01,4.859218001365661621e-01,4.542856812477111816e-01,5.085308551788330078e-01,5.607829689979553223e-01,5.783105492591857910e-01,4.951054751873016357e-01,3.947212994098663330e-01,2.875896096229553223e-01,1.799493432044982910e-01,5.098157525062561035e-01,2.518574893474578857e-01,4.821174144744873047e-01,4.292050898075103760e-01,1.390160471200942993e-01,4.794549643993377686e-01,4.085570573806762695e-01,2.265210747718811035e-01,1.677867919206619263e-01,2.892027795314788818e-01,6.583251059055328369e-02,2.779091298580169678e-01,2.779789268970489502e-01,4.224910438060760498e-01,4.121914803981781006e-01,3.620097637176513672e-01,6.192536950111389160e-01,6.432611346244812012e-01,4.835321605205535889e-01,6.713088154792785645e-01,7.702667117118835449e-01,2.217859029769897461e-01,3.174292445182800293e-01
2.914648056030273438e-01,2.100808620452880859e-01,7.671918720006942749e-02,5.309990048408508301e-02,4.514104500412940979e-02,3.618030548095703125e-01,5.479772090911865234e-01,5.576773881912231445e-01,6.355701684951782227e-01,1.913926303386688232e-01,1.000000000000000000e+00,3.902480304241180420e-01,1.719460934400558472e-01,6.178905963897705078e-01,1.662787497043609619e-01,1.966426968574523926e-01,5.725847482681274414e-01,2.115750312805175781e-01,1.359323263168334961e-01,1.618410199880599976e-01,2.274744063615798950e-01,2.513613402843475342e-01,4.675328433513641357e-01,1.766648888587951660e-01,2.091844081878662109e-01,1.421522498130798340e-01,7.398690283298492432e-02,8.179721236228942871e-02,2.615977823734283447e-01,5.080685615539550781e-01,3.298512995243072510e-01,1.113217473030090332e-01,1.786559671163558960e-01,1.552925705909729004e-01,1.682006418704986572e-01,1.475767977535724640e-02,2.606312036514282227e-01,5.819679051637649536e-02,4.476485773921012878e-02,3.221971392631530762e-01,2.148060053586959839e-01,2.688188850879669189e-01,5.580028519034385681e-02,2.809861898422241211e-01,1.115363240242004395e-01,2.117045819759368896e-01,1.597481071949005127e-01,5.688027739524841309e-01
5.196474194526672363e-01,4.831973910331726074e-01,4.827524721622467041e-01,3.456088602542877197e-01,2.318660169839859009e-01,5.442923307418823242e-01,6.279598474502563477e-01,4.195211827754974365e-01,3.127428591251373291e-01,8.088210821151733398e-01,3.902480304241180420e-01,1.000000000000000000e+00,5.767422318458557129e-01,3.933814465999603271e-01,6.404412984848022461e-01,5.174959301948547363e-01,5.724250674247741699e-01,3.981444537639617920e-01,4.986157417297363281e-01,4.849567711353302002e-01,5.385776758193969727e-01,4.776898026466369629e-01,4.730414450168609619e-01,3.069536983966827393e-01,2.441322952508926392e-01,5.266655087471008301e-01,2.173174917697906494e-01,4.870973825454711914e-01,4.436998367309570312e-01,3.017671704292297363e-01,5.195677876472473145e-01,3.793368041515350342e-01,2.638439536094665527e-01,2.443455159664154053e-01,3.377795219421386719e-01,5.798379331827163696e-02,3.132825195789337158e-01,2.545083761215209961e-01,3.931009471416473389e-01,4.212196171283721924e-01,4.253917336463928223e-01,6.329053640365600586e-01,5.892074108123779297e-01,4.459870457649230957e-01,5.806555747985839844e-01,7.392336130142211914e-01,2.219673395156860352e-01,4.068846106529235840e-01
4.265882968902587891e-01,3.223105370998382568e-01,3.549086451530456543e-01,2.643685638904571533e-01,9.663423150777816772e-02,5.012192130088806152e-01,4.377417862415313721e-01,2.617264091968536377e-01,2.147884219884872437e-01,5.808014869689941406e-01,1.719460934400558472e-01,5.767422318458557129e-01,1.000000000000000000e+00,2.474681138992309570e-01,4.870399534702301025e-01,6.007196307182312012e-01,5.091241002082824707e-01,5.295064449310302734e-01,5.313121676445007324e-01,6.339262723922729492e-01,6.450323462486267090e-01,6.085261106491088867e-01,5.733168125152587891e-01,4.870042204856872559e-01,2.235481739044189453e-01,3.637782633304595947e-01,2.124465070664882660e-02,3.182699084281921387e-01,1.465952992439270020e-01,6.678886711597442627e-02,5.382800102233886719e-01,4.964801967144012451e-01,1.769256144762039185e-01,9.473912417888641357e-02,3.226701021194458008e-01,6.230058614164590836e-03,2.495703250169754028e-01,2.059723883867263794e-01,4.335831105709075928e-01,4.375469684600830078e-01,3.261610269546508789e-01,3.691284954547882080e-01,4.505965411663055420e-01,1.964191794395446777e-01,4.232675135135650635e-01,6.181339025497436523e-01,3.494830727577209473e-01,3.916631937026977539e-01
2.360798716545104980e-01,2.509175240993499756e-01,6.947364658117294312e-02,6.973901391029357910e-02,-2.047446742653846741e-02,2.873450517654418945e-01,4.636099040508270264e-01,4.545800089836120605e-01,4.406473934650421143e-01,2.464314103126525879e-01,6.178905963897705078e-01,3.933814465999603271e-01,2.474681138992309570e-01,1.000000000000000000e+00,1.750665158033370972e-01,2.182535976171493530e-01,4.969222247600555420e-01,3.307813107967376709e-01,9.500314295291900635e-02,2.037670314311981201e-01,3.108988702297210693e-01,3.301760852336883545e-01,3.836763501167297363e-01,1.045082584023475647e-01,1.288650631904602051e-01,1.514392644166946411e-01,6.743911653757095337e-02,7.252348214387893677e-02,2.131602019071578979e-01,4.533869922161102295e-01,3.947245180606842041e-01,1.523778289556503296e-01,2.203659117221832275e-01,1.045095697045326233e-01,2.120600193738937378e-01,8.652710169553756714e-02,3.489042520523071289e-01,5.400186032056808472e-02,1.455963589251041412e-02,3.139517903327941895e-01,2.728165090084075928e-01,3.349858522415161133e-01,6.293025612831115723e-02,1.963343173265457153e-01,1.489917188882827759e-01,2.722726762294769287e-01,1.902013421058654785e-01,4.355794787406921387e-01
2.689772844314575195e-01,2.556247711181640625e-01,2.984891235828399658e-01,2.188917398452758789e-01,-1.881857775151729584e-02,3.390582203865051270e-01,2.790026068687438965e-01,2.451024949550628662e-01,1.539255231618881226e-01,6.616695523262023926e-01,1.662787497043609619e-01,6.404412984848022461e-01,4.870399534702301025e-01,1.750665158033370972e-01,1.000000000000000000e+00,5.504717230796813965e-01,2.969768345355987549e-01,2.335245013236999512e-01,4.116811156272888184e-01,3.532488346099853516e-01,3.345626890659332275e-01,2.995562255382537842e-01,2.461078613996505737e-01,1.372510194778442383e-01,3.321696817874908447e-01,3.685620129108428955e-01,3.009860217571258545e-01,3.976382911205291748e-01,4.146296083927154541e-01,-3.219696227461099625e-03,2.835991382598876953e-01,2.691238820552825928e-01,2.302081733942031860e-01,3.480705320835113525e-01,2.920312583446502686e-01,-4.285418987274169922e-02,3.431981205940246582e-01,5.353351831436157227e-01,2.529130578041076660e-01,2.542379796504974365e-01,2.181082218885421753e-01,4.007505476474761963e-01,4.567141234874725342e-01,3.893355429172515869e-01,5.903597474098205566e-01,6.004473567008972168e-01,1.311507523059844971e-01,2.594470381736755371e-01
4.218127131462097168e-01,2.607225775718688965e-01,3.446073830127716064e-01,2.624379992485046387e-01,1.508238166570663452e-01,4.405907690525054932e-01,3.243905305862426758e-01,3.294879198074340820e-01,2.624112367630004883e-01,4.841240048408508301e-01,1.966426968574523926e-01,5.174959301948547363e-01,6.007196307182312012e-01,2.182535976171493530e-01,5.504717230796813965e-01,1.000000000000000000e+00,4.204187393188476562e-01,4.151074290275573730e-01,6.071025729179382324e-01,5.014016628265380859e-01,4.698154926300048828e-01,4.627498984336853027e-01,4.641172289848327637e-01,4.012121558189392090e-01,1.755383461713790894e-01,3.593689501285552979e-01,5.382744967937469482e-02,3.352755606174468994e-01,2.085410356521606445e-01,-8.940418250858783722e-03,4.097299277782440186e-01,3.290671110153198242e-01,1.608861684799194336e-01,6.317208707332611084e-02,3.710079193115234375e-01,1.105777844786643982e-01,1.202955543994903564e-01,2.141855955123901367e-01,4.271729290485382080e-01,4.356866478919982910e-01,2.455195635557174683e-01,4.386844635009765625e-01,4.463200867176055908e-01,3.383650183677673340e-01,3.944872617721557617e-01,5.274685621261596680e-01,2.756461501121520996e-01,3.618387579917907715e-01
4.784232378005981445e-01,4.207976758480072021e-01,3.280152678489685059e-01,3.287512958049774170e-01,1.658189445734024048e-01,6.433475017547607422e-01,7.717644572257995605e-01,5.166478753089904785e-01,4.860161244869232178e-01,4.859218001365661621e-01,5.725847482681274414e-01,5.724250674247741699e-01,5.091241002082824707e-01,4.969222247600555420e-01,2.969768345355987549e-01,4.204187393188476562e-01,1.000000000000000000e+00,6.203846931457519531e-01,5.540357828140258789e-01,6.095703840255737305e-01,6.117365956306457520e-01,6.527978777885437012e-01,7.370038032531738281e-01,3.952288627624511719e-01,2.286644428968429565e-01,3.687433898448944092e-01,1.744160056114196777e-01,3.043868243694305420e-01,2.712050378322601318e-01,4.257347881793975830e-01,6.178374886512756348e-01,3.761289417743682861e-01,2.945386767387390137e-01,9.032861888408660889e-02,3.094747662544250488e-01,-2.891631238162517548e-02,2.623150944709777832e-01,1.210229024291038513e-01,2.794111669063568115e-01,5.163717865943908691e-01,3.824591636657714844e-01,4.682077765464782715e-01,3.665608465671539307e-01,3.541752696037292480e-01,3.114378750324249268e-01,5.359284281730651855e-01,3.073332607746124268e-01,6.084873676300048828e-01
3.256384134292602539e-01,3.844508826732635498e-01,1.859111040830612183e-01,2.310850173234939575e-01,-8.703587204217910767e-02,4.955625534057617188e-01,3.937790691852569580e-01,2.801418304443359375e-01,1.275706291198730469e-01,4.542856812477111816e-01,2.115750312805175781e-01,3.981444537639617920e-01,5.295064449310302734e-01,3.307813107967376709e-01,2.335245013236999512e-01,4.151074290275573730e-01,6.203846931457519531e-01,1.000000000000000000e+00,4.908509254455566406e-01,7.365959286689758301e-01,7.470539808273315430e-01,8.069755434989929199e-01,5.770648717880249023e-01,4.464720487594604492e-01,1.721242964267730713e-01,1.946860849857330322e-01,1.605918817222118378e-02,1.750692427158355713e-01,4.057786986231803894e-02,1.560478657484054565e-01,7.244579195976257324e-01,5.538525581359863281e-01,2.741632759571075439e-01,3.237417712807655334e-02,2.998352050781250000e-01,1.933712139725685120e-02,3.345002830028533936e-01,1.986258625984191895e-01,2.835490703582763672e-01,5.456212162971496582e-01,1.397093236446380615e-01,4.175242185592651367e-01,4.605337679386138916e-01,2.919312715530395508e-01,2.935642302036285400e-01,5.481184720993041992e-01,5.123205780982971191e-01,4.970136880874633789e-01
5.433108210563659668e-01,3.685923218727111816e-01,4.541066586971282959e-01,3.559607863426208496e-01,2.851007878780364990e-01,5.464106798171997070e-01,4.326822459697723389e-01,3.205780684947967529e-01,1.451792865991592407e-01,5.085308551788330078e-01,1.359323263168334961e-01,4.986157417297363281e-01,5.313121676445007324e-01,9.500314295291900635e-02,4.116811156272888184e-01,6.071025729179382324e-01,5.540357828140258789e-01,4.908509254455566406e-01,1.000000000000000000e+00,6.416565179824829102e-01,5.217853784561157227e-01,5.181978940963745117e-01,5.183497667312622070e-01,4.882335066795349121e-01,2.262280732393264771e-01,4.395300745964050293e-01,8.084640651941299438e-02,4.230304956436157227e-01,2.317697852849960327e-01,6.989677250385284424e-02,5.346862673759460449e-01,3.675573766231536865e-01,2.580361664295196533e-01,3.908601403236389160e-02,3.000451624393463135e-01,4.979843646287918091e-02,1.760175079107284546e-01,1.711002588272094727e-01,3.763770461082458496e-01,4.711681008338928223e-01,2.622005939483642578e-01,4.352350533008575439e-01,5.764746069908142090e-01,3.184080123901367188e-01,3.497622609138488770e-01,5.422015190124511719e-01,2.720023393630981445e-01,3.077026903629302979e-01
4.080471098423004150e-01,4.468204379081726074e-01,2.746569514274597168e-01,2.325752973556518555e-01,-1.411648467183113098e-02,5.888714194297790527e-01,3.681384921073913574e-01,3.696520030498504639e-01,1.987522840499877930e-01,5.607829689979553223e-01,1.618410199880599976e-01,4.849567711353302002e-01,6.339262723922729492e-01,2.037670314311981201e-01,3.532488346099853516e-01,5.014016628265380859e-01,6.095703840255737305e-01,7.365959286689758301e-01,6.416565179824829102e-01,1.000000000000000000e+00,8.099706768989562988e-01,7.727440595626831055e-01,6.036615967750549316e-01,4.761591553688049316e-01,1.930546611547470093e-01,2.655703127384185791e-01,4.886115342378616333e-02,2.882578074932098389e-01,1.157121360301971436e-01,9.302000701427459717e-02,6.767217516899108887e-01,6.020110249519348145e-01,2.682125568389892578e-01,7.207396626472473145e-02,3.338757753372192383e-01,-2.287638001143932343e-02,2.545534670352935791e-01,2.231498807668685913e-01,3.284403681755065918e-01,5.693491101264953613e-01,1.871913969516754150e-01,4.423936605453491211e-01,5.312787294387817383e-01,3.753017187118530273e-01,3.539632558822631836e-01,6.135519146919250488e-01,4.481332004070281982e-01,4.608068168163299561e-01
4.135311841964721680e-01,4.410425126552581787e-01,3.345488905906677246e-01,3.009578883647918701e-01,1.542654633522033691e-02,5.292532444000244141e-01,4.287324547767639160e-01,3.743368089199066162e-01,2.421477735042572021e-01,5.783105492591857910e-01,2.274744063615798950e-01,5.385776758193969727e-01,6.450323462486267090e-01,3.108988702297210693e-01,3.345626890659332275e-01,4.698154926300048828e-01,6.117365956306457520e-01,7.470539808273315430e-01,5.217853784561157227e-01,8.099706768989562988e-01,1.000000000000000000e+00,8.188912272453308105e-01,6.312398314476013184e-01,4.766460657119750977e-01,1.702110320329666138e-01,3.182153999805450439e-01,5.468342825770378113e-02,3.107991218566894531e-01,1.222427785396575928e-01,1.618542522192001343e-01,7.017413377761840820e-01,6.268491148948669434e-01,2.759941518306732178e-01,3.994397073984146118e-02,3.271935582160949707e-01,2.170202322304248810e-02,2.539571523666381836e-01,1.608855873346328735e-01,3.446757197380065918e-01,6.096940636634826660e-01,2.606717944145202637e-01,4.867160320281982422e-01,5.127409100532531738e-01,3.688865303993225098e-01,3.294560611248016357e-01,6.208797693252563477e-01,4.536502957344055176e-01,5.068055987358093262e-01
3.752581179141998291e-01,4.235201776027679443e-01,2.594378888607025146e-01,3.051744401454925537e-01,-9.578066878020763397e-03,5.099045634269714355e-01,4.520399272441864014e-01,3.860438168048858643e-01,2.673520743846893311e-01,4.951054751873016357e-01,2.513613402843475342e-01,4.776898026466369629e-01,6.085261106491088867e-01,3.301760852336883545e-01,2.995562255382537842e-01,4.627498984336853027e-01,6.527978777885437012e-01,8.069755434989929199e-01,5.181978940963745117e-01,7.727440595626831055e-01,8.188912272453308105e-01,1.000000000000000000e+00,7.112649679183959961e-01,5.036069750785827637e-01,2.258009463548660278e-01,2.385541349649429321e-01,5.543728172779083252e-02,2.566878199577331543e-01,6.064561754465103149e-02,1.686634272336959839e-01,7.278467416763305664e-01,6.705511212348937988e-01,3.063337802886962891e-01,1.102409586310386658e-01,3.121788501739501953e-01,-9.807876311242580414e-03,3.138249516487121582e-01,2.210527211427688599e-01,3.190039396286010742e-01,5.902345776557922363e-01,2.142736017704010010e-01,4.499910175800323486e-01,4.602878689765930176e-01,3.738014996051788330e-01,3.223703503608703613e-01,5.824415683746337891e-01,5.333760380744934082e-01,6.382899284362792969e-01
4.475340843200683594e-01,2.883556783199310303e-01,2.539653182029724121e-01,2.142155021429061890e-01,1.315364986658096313e-01,5.264635682106018066e-01,5.890939831733703613e-01,4.945567250251770020e-01,4.428475201129913330e-01,3.947212994098663330e-01,4.675328433513641357e-01,4.730414450168609619e-01,5.733168125152587891e-01,3.836763501167297363e-01,2.461078613996505737e-01,4.641172289848327637e-01,7.370038032531738281e-01,5.770648717880249023e-01,5.183497667312622070e-01,6.036615967750549316e-01,6.312398314476013184e-01,7.112649679183959961e-01,1.000000000000000000e+00,5.679901838302612305e-01,2.168084830045700073e-01,2.624182701110839844e-01,1.590524427592754364e-02,2.148969173431396484e-01,7.707625627517700195e-02,2.806915938854217529e-01,5.892872810363769531e-01,4.263479113578796387e-01,2.417240887880325317e-01,-1.290208473801612854e-02,2.433312982320785522e-01,7.394750416278839111e-02,1.980589628219604492e-01,7.896578311920166016e-02,2.906501591205596924e-01,6.197171807289123535e-01,2.858304083347320557e-01,3.659600019454956055e-01,2.822700440883636475e-01,2.697123587131500244e-01,2.090269625186920166e-01,4.426487386226654053e-01,4.388421475887298584e-01,6.968666315078735352e-01
4.248689115047454834e-01,2.971192896366119385e-01,3.352730274200439453e-01,2.075191587209701538e-01,2.331962138414382935e-01,4.453593492507934570e-01,3.529550433158874512e-01,3.091607093811035156e-01,2.427973449230194092e-01,2.875896096229553223e-01,1.766648888587951660e-01,3.069536983966827393e-01,4.870042204856872559e-01,1.045082584023475647e-01,1.372510194778442383e-01,4.012121558189392090e-01,3.952288627624511719e-01,4.464720487594604492e-01,4.882335066795349121e-01,4.761591553688049316e-01,4.766460657119750977e-01,5.036069750785827637e-01,5.679901838302612305e-01,1.000000000000000000e+00,2.265809625387191772e-01,3.241474628448486328e-01,-1.090295389294624329e-01,2.891320288181304932e-01,9.778665006160736084e-02,2.098582535982131958e-01,5.690454244613647461e-01,4.441695809364318848e-01,1.756329387426376343e-01,-4.923855513334274292e-02,3.085256218910217285e-01,3.111734390258789062e-01,9.229246526956558228e-02,3.367613628506660461e-02,3.586485981941223145e-01,5.288872122764587402e-01,2.752159237861633301e-01,2.215734124183654785e-01,3.772486746311187744e-01,1.920912563800811768e-01,1.205578520894050598e-01,3.393357992172241211e-01,4.593978226184844971e-01,3.414491415023803711e-01
2.086307555437088013e-01,9.544257074594497681e-02,2.430665865540504456e-02,4.114242270588874817e-03,-1.216277554631233215e-01,2.698953151702880859e-01,2.105495631694793701e-01,2.572520077228546143e-01,2.247038334608078003e-01,1.799493432044982910e-01,2.091844081878662109e-01,2.441322952508926392e-01,2.235481739044189453e-01,1.288650631904602051e-01,3.321696817874908447e-01,1.755383461713790894e-01,2.286644428968429565e-01,1.721242964267730713e-01,2.262280732393264771e-01,1.930546611547470093e-01,1.702110320329666138e-01,2.258009463548660278e-01,2.168084830045700073e-01,2.265809625387191772e-01,1.000000000000000000e+00,5.164938792586326599e-02,-1.246413290500640869e-01,2.402048110961914062e-01,-1.433916948735713959e-02,-2.602287195622920990e-02,2.838321924209594727e-01,2.430505901575088501e-01,3.720326423645019531e-01,4.030860364437103271e-01,3.287240564823150635e-01,-1.908834129571914673e-01,4.122161865234375000e-01,5.198214650154113770e-01,6.452268362045288086e-02,4.190334305167198181e-02,1.164281144738197327e-01,7.949685305356979370e-02,7.303090393543243408e-02,1.428820490837097168e-01,7.159627228975296021e-02,1.964750587940216064e-01,1.149127334356307983e-01,2.863673865795135498e-01
5.578407645225524902e-01,4.397696256637573242e-01,8.233396410942077637e-01,6.307357549667358398e-01,4.528606832027435303e-01,4.655134975910186768e-01,5.860103964805603027e-01,2.028869539499282837e-01,6.169493123888969421e-02,5.098157525062561035e-01,1.421522498130798340e-01,5.266655087471008301e-01,3.637782633304595947e-01,1.514392644166946411e-01,3.685620129108428955e-01,3.593689501285552979e-01,3.687433898448944092e-01,1.946860849857330322e-01,4.395300745964050293e-01,2.655703127384185791e-01,3.182153999805450439e-01,2.385541349649429321e-01,2.624182701110839844e-01,3.241474628448486328e-01,5.164938792586326599e-02,1.000000000000000000e+00,2.741543054580688477e-01,7.611834406852722168e-01,6.366109251976013184e-01,3.341594934463500977e-01,3.338385820388793945e-01,2.277595102787017822e-01,1.353585124015808105e-01,1.851880922913551331e-02,2.892001569271087646e-01,2.203045934438705444e-01,-2.498649060726165771e-02,-5.744388699531555176e-02,4.358820915222167969e-01,3.592987060546875000e-01,4.577433764934539795e-01,4.199523627758026123e-01,5.260440707206726074e-01,2.600604891777038574e-01,3.820121288299560547e-01,4.701715409755706787e-01,8.108551055192947388e-02,1.826006621122360229e-01
-1.354289334267377853e-02,1.234390661120414734e-01,1.974158138036727905e-01,2.588231861591339111e-01,1.162430793046951294e-01,1.674699932336807251e-01,2.004400938749313354e-01,1.017314717173576355e-01,2.478706091642379761e-02,2.518574893474578857e-01,7.398690283298492432e-02,2.173174917697906494e-01,2.124465070664882660e-02,6.743911653757095337e-02,3.009860217571258545e-01,5.382744967937469482e-02,1.744160056114196777e-01,1.605918817222118378e-02,8.084640651941299438e-02,4.886115342378616333e-02,5.468342825770378113e-02,5.543728172779083252e-02,1.590524427592754364e-02,-1.090295389294624329e-01,-1.246413290500640869e-01,2.741543054580688477e-01,1.000000000000000000e+00,2.369451075792312622e-01,5.000513195991516113e-01,1.875329762697219849e-01,-8.575589745305478573e-04,-1.414953824132680893e-02,2.332997769117355347e-01,1.616593003273010254e-01,8.961032330989837646e-02,9.831748157739639282e-02,8.659005165100097656e-02,4.213722422719001770e-02,1.478528976440429688e-01,6.557337194681167603e-02,1.487633883953094482e-01,1.691672205924987793e-01,1.778093725442886353e-01,2.571114897727966309e-01,2.273258119821548462e-01,1.766036301851272583e-01,-4.681702703237533569e-02,6.146551668643951416e-02
5.735924243927001953e-01,4.683414101600646973e-01,7.525434494018554688e-01,6.575968861579895020e-01,3.710779845714569092e-01,4.633984565734863281e-01,4.791803956031799316e-01,2.075423598289489746e-01,1.163303479552268982e-01,4.821174144744873047e-01,8.179721236228942871e-02,4.870973825454711914e-01,3.182699084281921387e-01,7.252348214387893677e-02,3.976382911205291748e-01,3.352755606174468994e-01,3.043868243694305420e-01,1.750692427158355713e-01,4.230304956436157227e-01,2.882578074932098389e-01,3.107991218566894531e-01,2.566878199577331543e-01,2.148969173431396484e-01,2.891320288181304932e-01,2.402048110961914062e-01,7.611834406852722168e-01,2.369451075792312622e-01,1.000000000000000000e+00,5.834538340568542480e-01,2.088930010795593262e-01,3.149352669715881348e-01,2.805795669555664062e-01,1.913416087627410889e-01,1.705142110586166382e-01,3.682101070880889893e-01,1.847709566354751587e-01,5.991214513778686523e-02,1.317171752452850342e-01,4.210470020771026611e-01,3.075175285339355469e-01,4.089339673519134521e-01,4.555424451828002930e-01,4.777415692806243896e-01,3.790954053401947021e-01,3.680031895637512207e-01,4.586023092269897461e-01,7.674969732761383057e-02,1.810591071844100952e-01
3.751926124095916748e-01,4.284835457801818848e-01,5.341798663139343262e-01,4.317058622837066650e-01,3.697444200515747070e-01,3.402912914752960205e-01,4.358723759651184082e-01,2.570015490055084229e-01,1.461712867021560669e-01,4.292050898075103760e-01,2.615977823734283447e-01,4.436998367309570312e-01,1.465952992439270020e-01,2.131602019071578979e-01,4.146296083927154541e-01,2.085410356521606445e-01,2.712050378322601318e-01,4.057786986231803894e-02,2.317697852849960327e-01,1.157121360301971436e-01,1.222427785396575928e-01,6.064561754465103149e-02,7.707625627517700195e-02,9.778665006160736084e-02,-1.433916948735713959e-02,6.366109251976013184e-01,5.000513195991516113e-01,5.834538340568542480e-01,1.000000000000000000e+00,4.716581106185913086e-01,2.412151545286178589e-01,1.419524997472763062e-01,1.942994296550750732e-01,1.196772977709770203e-01,2.838517129421234131e-01,3.316733539104461670e-01,7.021815981715917587e-03,-1.115436293184757233e-02,3.310947120189666748e-01,2.725530862808227539e-01,3.627605736255645752e-01,3.611278533935546875e-01,4.071257114410400391e-01,3.934509456157684326e-01,4.380068778991699219e-01,3.684713244438171387e-01,5.346460640430450439e-02,1.553982049226760864e-01
2.264235913753509521e-01,3.401922583580017090e-01,2.806453406810760498e-01,1.983825266361236572e-01,2.110149264335632324e-01,2.366629540920257568e-01,5.183095335960388184e-01,4.362981319427490234e-01,4.098038673400878906e-01,1.390160471200942993e-01,5.080685615539550781e-01,3.017671704292297363e-01,6.678886711597442627e-02,4.533869922161102295e-01,-3.219696227461099625e-03,-8.940418250858783722e-03,4.257347881793975830e-01,1.560478657484054565e-01,6.989677250385284424e-02,9.302000701427459717e-02,1.618542522192001343e-01,1.686634272336959839e-01,2.806915938854217529e-01,2.098582535982131958e-01,-2.602287195622920990e-02,3.341594934463500977e-01,1.875329762697219849e-01,2.088930010795593262e-01,4.716581106185913086e-01,1.000000000000000000e+00,4.190796315670013428e-01,1.764586418867111206e-01,1.088851317763328552e-01,8.250757306814193726e-02,2.427298426628112793e-01,3.241519033908843994e-01,1.080389618873596191e-01,-1.006700545549392700e-01,1.270891875028610229e-01,3.077349066734313965e-01,2.223104536533355713e-01,2.794114351272583008e-01,1.240377351641654968e-01,2.194849699735641479e-01,1.188845783472061157e-01,1.873981654644012451e-01,1.888696551322937012e-01,3.154937326908111572e-01
4.776798188686370850e-01,5.514689683914184570e-01,3.300013244152069092e-01,2.587552070617675781e-01,7.911269366741180420e-02,5.370508432388305664e-01,4.845879673957824707e-01,5.099345445632934570e-01,3.211601376533508301e-01,4.794549643993377686e-01,3.298512995243072510e-01,5.195677876472473145e-01,5.382800102233886719e-01,3.947245180606842041e-01,2.835991382598876953e-01,4.097299277782440186e-01,6.178374886512756348e-01,7.244579195976257324e-01,5.346862673759460449e-01,6.767217516899108887e-01,7.017413377761840820e-01,7.278467416763305664e-01,5.892872810363769531e-01,5.690454244613647461e-01,2.838321924209594727e-01,3.338385820388793945e-01,-8.575589745305478573e-04,3.149352669715881348e-01,2.412151545286178589e-01,4.190796315670013428e-01,1.000000000000000000e+00,6.674683690071105957e-01,3.079461455345153809e-01,1.193244531750679016e-01,4.186366796493530273e-01,1.586656570434570312e-01,3.059944212436676025e-01,1.746956557035446167e-01,2.916107773780822754e-01,5.786101222038269043e-01,2.713381648063659668e-01,5.155727267265319824e-01,5.330783128738403320e-01,3.578401505947113037e-01,3.430907130241394043e-01,6.043641567230224609e-01,5.295192003250122070e-01,5.050264000892639160e-01
3.247695863246917725e-01,4.445935189723968506e-01,2.639856338500976562e-01,2.401429563760757446e-01,-5.455277860164642334e-02,3.906030356884002686e-01,2.712766230106353760e-01,3.196799159049987793e-01,2.439703792333602905e-01,4.085570573806762695e-01,1.113217473030090332e-01,3.793368041515350342e-01,4.964801967144012451e-01,1.523778289556503296e-01,2.691238820552825928e-01,3.290671110153198242e-01,3.761289417743682861e-01,5.538525581359863281e-01,3.675573766231536865e-01,6.020110249519348145e-01,6.268491148948669434e-01,6.705511212348937988e-01,4.263479113578796387e-01,4.441695809364318848e-01,2.430505901575088501e-01,2.277595102787017822e-01,-1.414953824132680893e-02,2.805795669555664062e-01,1.419524997472763062e-01,1.764586418867111206e-01,6.674683690071105957e-01,1.000000000000000000e+00,2.441419064998626709e-01,1.532866656780242920e-01,3.308120071887969971e-01,-4.552019387483596802e-02,2.644037306308746338e-01,1.986493468284606934e-01,2.037805765867233276e-01,3.631766140460968018e-01,1.387434899806976318e-01,4.024045467376708984e-01,5.087564587593078613e-01,3.846889734268188477e-01,3.448889255523681641e-01,5.186795592308044434e-01,5.018045902252197266e-01,3.951500058174133301e-01
2.641041278839111328e-01,2.033908665180206299e-01,5.512602999806404114e-02,8.176303654909133911e-02,-4.707690700888633728e-02,2.870588004589080811e-01,2.189216613769531250e-01,3.019728064537048340e-01,1.982245147228240967e-01,2.265210747718811035e-01,1.786559671163558960e-01,2.638439536094665527e-01,1.769256144762039185e-01,2.203659117221832275e-01,2.302081733942031860e-01,1.608861684799194336e-01,2.945386767387390137e-01,2.741632759571075439e-01,2.580361664295196533e-01,2.682125568389892578e-01,2.759941518306732178e-01,3.063337802886962891e-01,2.417240887880325317e-01,1.756329387426376343e-01,3.720326423645019531e-01,1.353585124015808105e-01,2.332997769117355347e-01,1.913416087627410889e-01,1.942994296550750732e-01,1.088851317763328552e-01,3.079461455345153809e-01,2.441419064998626709e-01,1.000000000000000000e+00,1.882910281419754028e-01,2.768948078155517578e-01,8.946460485458374023e-02,4.434106945991516113e-01,2.967153489589691162e-01,1.275249868631362915e-01,2.607783973217010498e-01,1.893500238656997681e-01,2.233603149652481079e-01,1.536423414945602417e-01,2.906812131404876709e-01,1.636615097522735596e-01,2.281316369771957397e-01,2.093747556209564209e-01,2.867000401020050049e-01
