1.000000000000000000e+00,3.961097300052642822e-01,3.361771404743194580e-01,4.273247122764587402e-01,5.460910201072692871e-01,5.712202191352844238e-01,3.057786226272583008e-01,3.847863078117370605e-01,3.209861218929290771e-01,3.347170352935791016e-01,2.591995894908905029e-01,2.850256562232971191e-01,3.878880441188812256e-01,1.233983039855957031e-01,1.956108957529067993e-01,2.553559243679046631e-01,1.569349318742752075e-01,9.993649087846279144e-03,3.094384670257568359e-01,2.820417881011962891e-01,4.277221262454986572e-01,3.105845749378204346e-01,2.763173580169677734e-01,2.261362820863723755e-01,2.261384874582290649e-01,2.953101396560668945e-01,1.937546133995056152e-01,5.613642334938049316e-01,5.160660147666931152e-01,4.806447029113769531e-01,3.425664305686950684e-01,2.876178622245788574e-01,3.396513760089874268e-01,2.300267666578292847e-01,1.975397020578384399e-01,1.575102210044860840e-01,2.223190218210220337e-01,2.074632644653320312e-01,2.322648316621780396e-01,2.435117214918136597e-01,5.233468413352966309e-01,3.777185082435607910e-01,2.886682152748107910e-01,2.845498919486999512e-01,2.792350649833679199e-01,3.894017338752746582e-01,3.346342742443084717e-01,1.758742779493331909e-01
3.961097300052642822e-01,1.000000000000000000e+00,2.691054940223693848e-01,2.568114101886749268e-01,4.235368669033050537e-01,4.176984429359436035e-01,3.872240483760833740e-01,4.685342013835906982e-01,5.408034324645996094e-01,6.393436193466186523e-01,4.196657836437225342e-01,4.098563790321350098e-01,4.655787944793701172e-01,1.787301599979400635e-01,2.313014119863510132e-01,2.251304686069488525e-01,2.350444197654724121e-01,9.184507280588150024e-02,3.679450452327728271e-01,4.459091722965240479e-01,3.854341208934783936e-01,2.262667417526245117e-01,2.960295081138610840e-01,3.689154386520385742e-01,1.348421573638916016e-01,2.717552483081817627e-01,4.297080338001251221e-01,4.255073070526123047e-01,5.477672815322875977e-01,3.714094460010528564e-01,2.832015752792358398e-01,3.083649575710296631e-01,4.005530476570129395e-01,3.108208477497100830e-01,3.755287230014801025e-01,3.762140274047851562e-01,2.460566312074661255e-01,3.468198180198669434e-01,3.010064959526062012e-01,8.623205870389938354e-02,5.869878530502319336e-01,6.013262271881103516e-01,4.387823045253753662e-01,6.445308327674865723e-01,5.856578946113586426e-01,5.606935620307922363e-01,3.622617125511169434e-01,2.053607106208801270e-01
3.361771404743194580e-01,2.691054940223693848e-01,1.000000000000000000e+00,5.829603075981140137e-01,2.415624558925628662e-01,2.998920083045959473e-01,3.567954599857330322e-01,3.549287915229797363e-01,3.475411832332611084e-01,3.116291761398315430e-01,3.054787814617156982e-01,3.343782424926757812e-01,2.793460488319396973e-01,7.636613398790359497e-02,2.421396821737289429e-01,2.722997665405273438e-01,3.693166673183441162e-01,3.374712765216827393e-01,3.847691416740417480e-01,3.493206799030303955e-01,3.439410030841827393e-01,4.691215157508850098e-01,3.127288520336151123e-01,1.134807839989662170e-01,-7.288255542516708374e-02,5.797603130340576172e-01,2.448822110891342163e-01,5.559271574020385742e-01,4.242250919342041016e-01,3.864985704421997070e-01,4.428727626800537109e-01,4.288374483585357666e-01,2.252682149410247803e-01,1.861089169979095459e-01,2.079655826091766357e-01,2.759154736995697021e-01,1.497379988431930542e-01,2.703936398029327393e-01,2.912176847457885742e-01,1.689561009407043457e-01,3.027380406856536865e-01,1.900928169488906860e-01,2.064228951930999756e-01,1.190694868564605713e-01,8.976303786039352417e-02,2.424192875623703003e-01,2.722675204277038574e-01,2.603282928466796875e-01
4.273247122764587402e-01,2.568114101886749268e-01,5.829603075981140137e-01,1.000000000000000000e+00,2.840597629547119141e-01,3.792657852172851562e-01,2.619819045066833496e-01,3.348898291587829590e-01,3.454149961471557617e-01,2.466788589954376221e-01,2.821545600891113281e-01,3.265335261821746826e-01,2.584581673145294189e-01,6.381638348102569580e-02,2.081364095211029053e-01,3.057714998722076416e-01,1.807046234607696533e-01,1.529499143362045288e-01,2.509718537330627441e-01,2.971003949642181396e-01,4.851471781730651855e-01,4.319733083248138428e-01,1.920059621334075928e-01,1.385290361940860748e-02,-6.308480165898799896e-03,4.310218095779418945e-01,2.524343132972717285e-01,5.182878971099853516e-01,3.723585307598114014e-01,4.042542576789855957e-01,3.129065930843353271e-01,2.575671374797821045e-01,2.734561860561370850e-01,1.411790996789932251e-01,1.894939392805099487e-01,1.358153969049453735e-01,2.147005796432495117e-01,2.180127352476119995e-01,2.152946144342422485e-01,9.439178556203842163e-02,3.494699597358703613e-01,1.359857171773910522e-01,1.032209172844886780e-01,1.503738462924957275e-01,7.877270691096782684e-03,1.281184852123260498e-01,1.422028839588165283e-01,1.484155803918838501e-01
5.460910201072692871e-01,4.235368669033050537e-01,2.415624558925628662e-01,2.840597629547119141e-01,1.000000000000000000e+00,7.044864296913146973e-01,2.469291985034942627e-01,2.760761082172393799e-01,2.513488531112670898e-01,3.434540331363677979e-01,1.660506725311279297e-01,2.132897675037384033e-01,4.214258491992950439e-01,5.158297717571258545e-03,3.641100227832794189e-02,1.152985692024230957e-01,1.164447814226150513e-01,5.347166210412979126e-02,3.213681280612945557e-01,3.440657258033752441e-01,4.429965317249298096e-01,2.824693322181701660e-01,1.882797032594680786e-01,2.586143910884857178e-01,8.963755518198013306e-02,2.263208031654357910e-01,1.797105222940444946e-01,3.997589349746704102e-01,3.934523761272430420e-01,3.177909553050994873e-01,3.135616481304168701e-01,2.484947890043258667e-01,2.417895495891571045e-01,7.960594445466995239e-02,1.004266440868377686e-01,1.578708738088607788e-01,1.391028910875320435e-01,9.972670674324035645e-02,1.595460623502731323e-01,8.323121815919876099e-02,5.959810018539428711e-01,4.571850597858428955e-01,3.576606214046478271e-01,3.092165589332580566e-01,3.739962279796600342e-01,4.553525447845458984e-01,2.795358300209045410e-01,1.460916250944137573e-01
5.712202191352844238e-01,4.176984429359436035e-01,2.998920083045959473e-01,3.792657852172851562e-01,7.044864296913146973e-01,1.000000000000000000e+00,3.387909531593322754e-01,2.342541366815567017e-01,2.604982852935791016e-01,3.125990927219390869e-01,1.287684142589569092e-01,1.627783775329589844e-01,4.087269306182861328e-01,-4.113605991005897522e-02,5.250539630651473999e-02,2.464647591114044189e-01,1.744297295808792114e-01,1.445111334323883057e-01,3.857333362102508545e-01,4.220944643020629883e-01,4.905671775341033936e-01,3.809450268745422363e-01,2.973474264144897461e-01,2.811287045478820801e-01,-1.535371690988540649e-02,3.314592838287353516e-01,8.486384153366088867e-02,3.939528465270996094e-01,3.923926055431365967e-01,3.251644968986511230e-01,3.842978477478027344e-01,3.228037059307098389e-01,1.491218358278274536e-01,4.090288653969764709e-02,1.470839083194732666e-01,1.853776425123214722e-01,9.231959283351898193e-02,9.575061500072479248e-02,2.346468865871429443e-01,1.798842996358871460e-01,5.887677669525146484e-01,4.733031690120697021e-01,3.876709938049316406e-01,3.470762073993682861e-01,3.793163895606994629e-01,4.865502715110778809e-01,3.198791444301605225e-01,2.241458445787429810e-01
3.057786226272583008e-01,3.872240483760833740e-01,3.567954599857330322e-01,2.619819045066833496e-01,2.469291985034942627e-01,3.387909531593322754e-01,1.000000000000000000e+00,2.894235551357269287e-01,3.953455090522766113e-01,4.068078100681304932e-01,2.107533067464828491e-01,2.413037121295928955e-01,3.450964391231536865e-01,2.576671913266181946e-02,8.196806162595748901e-02,1.753858327865600586e-01,6.144906282424926758e-01,3.075777888298034668e-01,5.497499704360961914e-01,3.342360854148864746e-01,2.220838516950607300e-01,1.906490921974182129e-01,4.355048835277557373e-01,2.486304342746734619e-01,-3.032161295413970947e-02,6.042615175247192383e-01,1.666490435600280762e-01,2.947244644165039062e-01,3.521867394447326660e-01,4.076629877090454102e-01,3.379774689674377441e-01,3.866681158542633057e-01,1.762402504682540894e-01,1.699745953083038330e-01,1.079943031072616577e-01,3.809822499752044678e-01,7.073314487934112549e-02,1.791628003120422363e-01,3.138953745365142822e-01,3.444469571113586426e-01,2.908715605735778809e-01,4.931259751319885254e-01,4.909275472164154053e-01,2.967367172241210938e-01,3.745364248752593994e-01,5.394799113273620605e-01,3.754504323005676270e-01,1.619050651788711548e-01
3.847863078117370605e-01,4.685342013835906982e-01,3.549287915229797363e-01,3.348898291587829590e-01,2.760761082172393799e-01,2.342541366815567017e-01,2.894235551357269287e-01,1.000000000000000000e+00,6.288743615150451660e-01,5.693777799606323242e-01,7.189337611198425293e-01,6.960666775703430176e-01,5.293704271316528320e-01,5.058574676513671875e-01,5.665999650955200195e-01,4.159965813159942627e-01,2.516031861305236816e-01,3.233857825398445129e-02,3.780524134635925293e-01,3.743943870067596436e-01,4.583463668823242188e-01,4.184666275978088379e-01,4.065956771373748779e-01,2.790983319282531738e-01,4.138501286506652832e-01,2.252131998538970947e-01,6.034361720085144043e-01,5.282409191131591797e-01,5.085937976837158203e-01,4.940334260463714600e-01,3.740994930267333984e-01,4.817320108413696289e-01,6.637234091758728027e-01,5.930903553962707520e-01,3.379324972629547119e-01,4.405715763568878174e-01,6.104738116264343262e-01,5.954281091690063477e-01,4.058778285980224609e-01,2.351946085691452026e-01,3.821383118629455566e-01,3.166138827800750732e-01,2.845902144908905029e-01,3.461284339427947998e-01,2.674140930175781250e-01,3.936607241630554199e-01,4.603334665298461914e-01,3.783506155014038086e-01
3.209861218929290771e-01,5.408034324645996094e-01,3.475411832332611084e-01,3.454149961471557617e-01,2.513488531112670898e-01,2.604982852935791016e-01,3.953455090522766113e-01,6.288743615150451660e-01,1.000000000000000000e+00,6.412274837493896484e-01,5.896869897842407227e-01,6.562518477439880371e-01,5.555892586708068848e-01,2.979530394077301025e-01,3.899956643581390381e-01,3.703650236129760742e-01,3.176635503768920898e-01,6.718556582927703857e-02,3.605411350727081299e-01,3.116224110126495361e-01,3.667423427104949951e-01,3.530988097190856934e-01,4.033941924571990967e-01,2.830511331558227539e-01,2.904236912727355957e-01,3.228247463703155518e-01,5.286898016929626465e-01,4.696629643440246582e-01,4.611158072948455811e-01,4.810285270214080811e-01,3.762021064758300781e-01,4.351613819599151611e-01,5.596925020217895508e-01,4.687624871730804443e-01,3.733859956264495850e-01,4.830183684825897217e-01,4.237895607948303223e-01,4.720010161399841309e-01,3.679957687854766846e-01,2.031227350234985352e-01,3.997175395488739014e-01,4.066364169120788574e-01,3.305822312831878662e-01,4.597900509834289551e-01,3.382302820682525635e-01,4.700124263763427734e-01,4.505831003189086914e-01,3.179216384887695312e-01
3.347170352935791016e-01,6.393436193466186523e-01,3.116291761398315430e-01,2.466788589954376221e-01,3.434540331363677979e-01,3.125990927219390869e-01,4.068078100681304932e-01,5.693777799606323242e-01,6.412274837493896484e-01,1.000000000000000000e+00,5.278788805007934570e-01,5.913224816322326660e-01,6.545677781105041504e-01,2.541918456554412842e-01,2.968394160270690918e-01,2.506392896175384521e-01,3.105756938457489014e-01,7.578273117542266846e-02,4.089760184288024902e-01,4.010147750377655029e-01,3.704918324947357178e-01,3.042849898338317871e-01,4.117467105388641357e-01,3.898085951805114746e-01,2.385109513998031616e-01,3.263189494609832764e-01,5.239951610565185547e-01,4.514709711074829102e-01,5.016637444496154785e-01,4.230614006519317627e-01,3.595179915428161621e-01,4.378796815872192383e-01,5.037514567375183105e-01,4.071602523326873779e-01,3.241551518440246582e-01,4.740952253341674805e-01,3.396119773387908936e-01,4.189690947532653809e-01,3.322401046752929688e-01,2.037962228059768677e-01,4.794606566429138184e-01,5.261052846908569336e-01,4.351193904876708984e-01,5.282115340232849121e-01,4.767330288887023926e-01,5.943893790245056152e-01,4.779435694217681885e-01,3.064566254615783691e-01
2.591995894908905029e-01,4.196657836437225342e-01,3.054787814617156982e-01,2.821545600891113281e-01,1.660506725311279297e-01,1.287684142589569092e-01,2.107533067464828491e-01,7.189337611198425293e-01,5.896869897842407227e-01,5.278788805007934570e-01,1.000000000000000000e+00,6.851164698600769043e-01,4.905720651149749756e-01,5.155845880508422852e-01,6.186054348945617676e-01,4.202796816825866699e-01,1.924863457679748535e-01,-3.832318121567368507e-03,2.851806282997131348e-01,3.543604612350463867e-01,4.182184636592864990e-01,3.877493441104888916e-01,3.749579191207885742e-01,2.891870439052581787e-01,4.454859495162963867e-01,1.556960195302963257e-01,6.179852485656738281e-01,4.774957001209259033e-01,4.567179083824157715e-01,4.148375391960144043e-01,3.199651539325714111e-01,4.612920582294464111e-01,6.314226388931274414e-01,5.828173160552978516e-01,3.685812950134277344e-01,4.419079422950744629e-01,6.255831122398376465e-01,6.597652435302734375e-01,4.285656809806823730e-01,1.971514075994491577e-01,3.346158862113952637e-01,2.644955217838287354e-01,2.438543885946273804e-01,2.863785922527313232e-01,2.256552726030349731e-01,3.112042844295501709e-01,4.331773817539215088e-01,3.899918794631958008e-01
2.850256562232971191e-01,4.098563790321350098e-01,3.343782424926757812e-01,3.265335261821746826e-01,2.132897675037384033e-01,1.627783775329589844e-01,2.413037121295928955e-01,6.960666775703430176e-01,6.562518477439880371e-01,5.913224816322326660e-01,6.851164698600769043e-01,1.000000000000000000e+00,5.861302018165588379e-01,4.129478037357330322e-01,5.265512466430664062e-01,4.175719916820526123e-01,2.478565126657485962e-01,-2.243636362254619598e-02,2.544864118099212646e-01,2.421368360519409180e-01,3.975256383419036865e-01,4.029614925384521484e-01,4.003463089466094971e-01,2.272087186574935913e-01,4.033704996109008789e-01,2.057767957448959351e-01,6.111360788345336914e-01,4.958427846431732178e-01,4.135107994079589844e-01,4.654322862625122070e-01,3.385644257068634033e-01,4.596674442291259766e-01,6.150722503662109375e-01,5.709475278854370117e-01,3.898343443870544434e-01,4.596759080886840820e-01,5.501346588134765625e-01,5.708940625190734863e-01,3.918367624282836914e-01,2.021955102682113647e-01,3.533787727355957031e-01,2.648275792598724365e-01,1.780406981706619263e-01,3.096117675304412842e-01,2.249059230089187622e-01,3.420464992523193359e-01,4.335681498050689697e-01,3.702152967453002930e-01
3.878880441188812256e-01,4.655787944793701172e-01,2.793460488319396973e-01,2.584581673145294189e-01,4.214258491992950439e-01,4.087269306182861328e-01,3.450964391231536865e-01,5.293704271316528320e-01,5.555892586708068848e-01,6.545677781105041504e-01,4.905720651149749756e-01,5.861302018165588379e-01,1.000000000000000000e+00,2.345913946628570557e-01,3.279880881309509277e-01,3.702822029590606689e-01,2.284664958715438843e-01,-3.203679621219635010e-02,3.780795931816101074e-01,3.508591353893280029e-01,4.496933221817016602e-01,3.691985011100769043e-01,5.118936896324157715e-01,3.697422742843627930e-01,3.179380893707275391e-01,2.974273264408111572e-01,4.361732304096221924e-01,4.489598274230957031e-01,4.056938290596008301e-01,4.225098490715026855e-01,3.757511377334594727e-01,4.493141174316406250e-01,5.055810809135437012e-01,3.711808323860168457e-01,2.874577939510345459e-01,4.473668932914733887e-01,3.399262726306915283e-01,3.947983682155609131e-01,3.879061639308929443e-01,3.234455585479736328e-01,4.745211303234100342e-01,4.134939312934875488e-01,3.576954901218414307e-01,3.577257990837097168e-01,3.522827923297882080e-01,5.394665598869323730e-01,5.091745257377624512e-01,3.940622508525848389e-01
1.233983039855957031e-01,1.787301599979400635e-01,7.636613398790359497e-02,6.381638348102569580e-02,5.158297717571258545e-03,-4.113605991005897522e-02,2.576671913266181946e-02,5.058574676513671875e-01,2.979530394077301025e-01,2.541918456554412842e-01,5.155845880508422852e-01,4.129478037357330322e-01,2.345913946628570557e-01,1.000000000000000000e+00,6.377308368682861328e-01,3.345738947391510010e-01,1.247330605983734131e-01,-4.534116946160793304e-03,1.879124045372009277e-01,2.137913107872009277e-01,2.341122925281524658e-01,1.669646948575973511e-01,1.982438415288925171e-01,3.424469009041786194e-02,4.125130474567413330e-01,-1.230789646506309509e-01,4.040530323982238770e-01,2.893654108047485352e-01,3.404552340507507324e-01,2.816732823848724365e-01,1.350436210632324219e-01,1.959452331066131592e-01,4.964653551578521729e-01,5.624921917915344238e-01,1.718651056289672852e-01,1.411180198192596436e-01,6.308824419975280762e-01,5.418713092803955078e-01,2.702390849590301514e-01,6.271076202392578125e-02,1.224230378866195679e-01,5.310153216123580933e-02,1.278417706489562988e-01,4.316206276416778564e-02,6.554193794727325439e-02,7.711227983236312866e-02,1.486750990152359009e-01,1.967822015285491943e-01
1.956108957529067993e-01,2.313014119863510132e-01,2.421396821737289429e-01,2.081364095211029053e-01,3.641100227832794189e-02,5.250539630651473999e-02,8.196806162595748901e-02,5.665999650955200195e-01,3.899956643581390381e-01,2.968394160270690918e-01,6.186054348945617676e-01,5.265512466430664062e-01,3.279880881309509277e-01,6.377308368682861328e-01,1.000000000000000000e+00,5.978779196739196777e-01,1.269488036632537842e-01,-3.049455396831035614e-02,2.273457795381546021e-01,3.083529770374298096e-01,3.448995649814605713e-01,2.941688895225524902e-01,3.758011758327484131e-01,1.439800858497619629e-01,3.831872642040252686e-01,1.777612231671810150e-02,4.061287045478820801e-01,3.565787971019744873e-01,3.610621690750122070e-01,3.816702067852020264e-01,2.375975996255874634e-01,3.165579736232757568e-01,4.895854592323303223e-01,5.863667726516723633e-01,3.919538259506225586e-01,2.818375229835510254e-01,6.080711483955383301e-01,7.041746377944946289e-01,5.200262665748596191e-01,2.271377146244049072e-01,2.015448361635208130e-01,8.225648850202560425e-02,1.322056055068969727e-01,1.088373064994812012e-01,9.318782389163970947e-02,1.202731654047966003e-01,2.643851637840270996e-01,3.770487904548645020e-01
2.553559243679046631e-01,2.251304686069488525e-01,2.722997665405273438e-01,3.057714998722076416e-01,1.152985692024230957e-01,2.464647591114044189e-01,1.753858327865600586e-01,4.159965813159942627e-01,3.703650236129760742e-01,2.506392896175384521e-01,4.202796816825866699e-01,4.175719916820526123e-01,3.702822029590606689e-01,3.345738947391510010e-01,5.978779196739196777e-01,1.000000000000000000e+00,1.140894815325737000e-01,-6.819199305027723312e-03,3.036876320838928223e-01,3.432976305484771729e-01,3.883014619350433350e-01,3.770557940006256104e-01,5.388514399528503418e-01,1.809376031160354614e-01,1.825677305459976196e-01,1.833275854587554932e-01,2.125338912010192871e-01,2.935436666011810303e-01,3.015603125095367432e-01,4.149171113967895508e-01,3.562214672565460205e-01,3.248747885227203369e-01,3.048811554908752441e-01,4.048585891723632812e-01,4.853082299232482910e-01,3.487070202827453613e-01,3.942565023899078369e-01,5.558215975761413574e-01,6.344825625419616699e-01,4.084025919437408447e-01,2.133670300245285034e-01,1.052768602967262268e-01,1.485979259014129639e-01,1.728429049253463745e-01,9.580987691879272461e-02,1.973810195922851562e-01,2.899045646190643311e-01,4.731144309043884277e-01
1.569349318742752075e-01,2.350444197654724121e-01,3.693166673183441162e-01,1.807046234607696533e-01,1.164447814226150513e-01,1.744297295808792114e-01,6.144906282424926758e-01,2.516031861305236816e-01,3.176635503768920898e-01,3.105756938457489014e-01,1.924863457679748535e-01,2.478565126657485962e-01,2.284664958715438843e-01,1.247330605983734131e-01,1.269488036632537842e-01,1.140894815325737000e-01,1.000000000000000000e+00,5.548605918884277344e-01,5.146106481552124023e-01,2.950717210769653320e-01,1.887280791997909546e-01,3.106406927108764648e-01,2.798209190368652344e-01,1.664494350552558899e-02,-9.423784911632537842e-02,4.520708024501800537e-01,1.665711253881454468e-01,2.785818278789520264e-01,3.314604759216308594e-01,3.438512086868286133e-01,4.161521792411804199e-01,4.383809864521026611e-01,1.047438755631446838e-01,2.288666963577270508e-01,7.339630275964736938e-02,2.335809171199798584e-01,1.370361298322677612e-01,1.751289963722229004e-01,1.932611614465713501e-01,1.366088390350341797e-01,1.300557851791381836e-01,3.747608363628387451e-01,3.398914635181427002e-01,2.175684720277786255e-01,3.435319662094116211e-01,4.202652275562286377e-01,2.538511753082275391e-01,3.602385148406028748e-02
9.993649087846279144e-03,9.184507280588150024e-02,3.374712765216827393e-01,1.529499143362045288e-01,5.347166210412979126e-02,1.445111334323883057e-01,3.075777888298034668e-01,3.233857825398445129e-02,6.718556582927703857e-02,7.578273117542266846e-02,-3.832318121567368507e-03,-2.243636362254619598e-02,-3.203679621219635010e-02,-4.534116946160793304e-03,-3.049455396831035614e-02,-6.819199305027723312e-03,5.548605918884277344e-01,1.000000000000000000e+00,4.314796030521392822e-01,3.499920368194580078e-01,1.467877477407455444e-01,3.816581666469573975e-01,9.675900638103485107e-02,-3.972956445068120956e-03,-3.206287324428558350e-01,3.034097254276275635e-01,-4.183616489171981812e-02,9.804838895797729492e-02,1.762526482343673706e-01,8.503080904483795166e-02,4.173223376274108887e-01,3.555610179901123047e-01,-1.600205004215240479e-01,5.030816048383712769e-02,-6.345788389444351196e-02,9.156808257102966309e-02,7.782229688018560410e-03,-6.161405239254236221e-03,2.403202094137668610e-02,-2.234978601336479187e-02,-3.111154772341251373e-02,2.018108069896697998e-01,2.481285780668258667e-01,1.358535885810852051e-01,1.852921098470687866e-01,2.220834940671920776e-01,7.490732520818710327e-02,4.279262199997901917e-02
3.094384670257568359e-01,3.679450452327728271e-01,3.847691416740417480e-01,2.509718537330627441e-01,3.213681280612945557e-01,3.857333362102508545e-01,5.497499704360961914e-01,3.780524134635925293e-01,3.605411350727081299e-01,4.089760184288024902e-01,2.851806282997131348e-01,2.544864118099212646e-01,3.780795931816101074e-01,1.879124045372009277e-01,2.273457795381546021e-01,3.036876320838928223e-01,5.146106481552124023e-01,4.314796030521392822e-01,1.000000000000000000e+00,6.546790003776550293e-01,4.406619966030120850e-01,4.253596067428588867e-01,4.740043878555297852e-01,2.758202254772186279e-01,-4.790976643562316895e-02,4.962412416934967041e-01,1.977666765451431274e-01,3.165787458419799805e-01,4.342713952064514160e-01,4.060350060462951660e-01,5.404230356216430664e-01,5.014432668685913086e-01,2.140192538499832153e-01,2.230432778596878052e-01,1.007483378052711487e-01,3.435688614845275879e-01,2.505722045898437500e-01,2.915069460868835449e-01,3.777180016040802002e-01,3.385122120380401611e-01,2.288583964109420776e-01,4.339765906333923340e-01,6.041089892387390137e-01,3.157576620578765869e-01,3.700268566608428955e-01,5.851144790649414062e-01,3.791095018386840820e-01,3.046689927577972412e-01
2.820417881011962891e-01,4.459091722965240479e-01,3.493206799030303955e-01,2.971003949642181396e-01,3.440657258033752441e-01,4.220944643020629883e-01,3.342360854148864746e-01,3.743943870067596436e-01,3.116224110126495361e-01,4.010147750377655029e-01,3.543604612350463867e-01,2.421368360519409180e-01,3.508591353893280029e-01,2.137913107872009277e-01,3.083529770374298096e-01,3.432976305484771729e-01,2.950717210769653320e-01,3.499920368194580078e-01,6.546790003776550293e-01,1.000000000000000000e+00,5.838413834571838379e-01,4.802599251270294189e-01,3.930158019065856934e-01,3.123271763324737549e-01,-1.707217097282409668e-02,3.258994519710540771e-01,2.578791379928588867e-01,3.177963197231292725e-01,4.538584351539611816e-01,2.944121062755584717e-01,4.701580703258514404e-01,4.711524546146392822e-01,2.328644394874572754e-01,1.943552345037460327e-01,1.600451320409774780e-01,2.810657620429992676e-01,3.065593540668487549e-01,3.696695864200592041e-01,3.835686147212982178e-01,2.130181342363357544e-01,3.043778240680694580e-01,3.979224264621734619e-01,5.358854532241821289e-01,3.917483687400817871e-01,3.657739162445068359e-01,4.883669614791870117e-01,3.349888026714324951e-01,3.501998782157897949e-01
4.277221262454986572e-01,3.854341208934783936e-01,3.439410030841827393e-01,4.851471781730651855e-01,4.429965317249298096e-01,4.905671775341033936e-01,2.220838516950607300e-01,4.583463668823242188e-01,3.667423427104949951e-01,3.704918324947357178e-01,4.182184636592864990e-01,3.975256383419036865e-01,4.496933221817016602e-01,2.341122925281524658e-01,3.448995649814605713e-01,3.883014619350433350e-01,1.887280791997909546e-01,1.467877477407455444e-01,4.406619966030120850e-01,5.838413834571838379e-01,1.000000000000000000e+00,5.395930409431457520e-01,3.166061937808990479e-01,1.636663675308227539e-01,1.111897751688957214e-01,2.457812875509262085e-01,3.461137115955352783e-01,4.389940202236175537e-01,4.472324848175048828e-01,4.617978930473327637e-01,4.619888365268707275e-01,4.190852642059326172e-01,3.820787966251373291e-01,2.231461554765701294e-01,1.757217347621917725e-01,2.012238502502441406e-01,3.987980484962463379e-01,3.443284630775451660e-01,3.005765378475189209e-01,1.505136638879776001e-01,3.882151246070861816e-01,2.966541647911071777e-01,3.294592797756195068e-01,3.513356745243072510e-01,2.578248977661132812e-01,3.759704232215881348e-01,2.774164676666259766e-01,3.058487772941589355e-01
3.105845749378204346e-01,2.262667417526245117e-01,4.691215157508850098e-01,4.319733083248138428e-01,2.824693322181701660e-01,3.809450268745422363e-01,1.906490921974182129e-01,4.184666275978088379e-01,3.530988097190856934e-01,3.042849898338317871e-01,3.877493441104888916e-01,4.029614925384521484e-01,3.691985011100769043e-01,1.669646948575973511e-01,2.941688895225524902e-01,3.770557940006256104e-01,3.106406927108764648e-01,3.816581666469573975e-01,4.253596067428588867e-01,4.802599251270294189e-01,5.395930409431457520e-01,1.000000000000000000e+00,3.862728178501129150e-01,2.316884398460388184e-01,3.393231332302093506e-02,3.237406909465789795e-01,3.336541950702667236e-01,4.956837892532348633e-01,4.311099946498870850e-01,3.507593572139739990e-01,6.434888839721679688e-01,6.623336076736450195e-01,2.598229050636291504e-01,2.122905552387237549e-01,1.954536736011505127e-01,3.146919608116149902e-01,3.742673993110656738e-01,3.064504861831665039e-01,2.878920733928680420e-01,1.856901496648788452e-01,2.425253689289093018e-01,1.944027394056320190e-01,2.102052718400955200e-01,2.539473772048950195e-01,1.781771630048751831e-01,3.098872601985931396e-01,4.319079518318176270e-01,4.465667605400085449e-01
2.763173580169677734e-01,2.960295081138610840e-01,3.127288520336151123e-01,1.920059621334075928e-01,1.882797032594680786e-01,2.973474264144897461e-01,4.355048835277557373e-01,4.065956771373748779e-01,4.033941924571990967e-01,4.117467105388641357e-01,3.749579191207885742e-01,4.003463089466094971e-01,5.118936896324157715e-01,1.982438415288925171e-01,3.758011758327484131e-01,5.388514399528503418e-01,2.798209190368652344e-01,9.675900638103485107e-02,4.740043878555297852e-01,3.930158019065856934e-01,3.166061937808990479e-01,3.862728178501129150e-01,1.000000000000000000e+00,4.390798509120941162e-01,1.500079333782196045e-01,3.835417032241821289e-01,1.811360567808151245e-01,2.855353653430938721e-01,2.936453819274902344e-01,3.775047957897186279e-01,4.140310287475585938e-01,5.245978236198425293e-01,2.599035501480102539e-01,2.953786253929138184e-01,3.397578299045562744e-01,5.707811117172241211e-01,2.256797105073928833e-01,4.160998761653900146e-01,6.143119931221008301e-01,6.568447947502136230e-01,2.469065040349960327e-01,2.559557855129241943e-01,3.422295749187469482e-01,2.267623841762542725e-01,1.962389945983886719e-01,4.331306517124176025e-01,5.555720925331115723e-01,6.480115652084350586e-01
2.261362820863723755e-01,3.689154386520385742e-01,1.134807839989662170e-01,1.385290361940860748e-02,2.586143910884857178e-01,2.811287045478820801e-01,2.486304342746734619e-01,2.790983319282531738e-01,2.830511331558227539e-01,3.898085951805114746e-01,2.891870439052581787e-01,2.272087186574935913e-01,3.697422742843627930e-01,3.424469009041786194e-02,1.439800858497619629e-01,1.809376031160354614e-01,1.664494350552558899e-02,-3.972956445068120956e-03,2.758202254772186279e-01,3.123271763324737549e-01,1.636663675308227539e-01,2.316884398460388184e-01,4.390798509120941162e-01,1.000000000000000000e+00,1.584165096282958984e-01,2.339201420545578003e-01,1.990957707166671753e-01,2.056116908788681030e-01,2.794891893863677979e-01,1.956837624311447144e-01,3.265671432018280029e-01,4.416314363479614258e-01,1.906826198101043701e-01,1.160981878638267517e-01,2.395467460155487061e-01,5.866461992263793945e-01,1.254663765430450439e-01,2.365561723709106445e-01,3.372644484043121338e-01,4.130505919456481934e-01,3.003416657447814941e-01,3.318147659301757812e-01,3.798251450061798096e-01,2.928562462329864502e-01,3.087797462940216064e-01,4.313860237598419189e-01,6.157916188240051270e-01,5.346803069114685059e-01
2.261384874582290649e-01,1.348421573638916016e-01,-7.288255542516708374e-02,-6.308480165898799896e-03,8.963755518198013306e-02,-1.535371690988540649e-02,-3.032161295413970947e-02,4.138501286506652832e-01,2.904236912727355957e-01,2.385109513998031616e-01,4.454859495162963867e-01,4.033704996109008789e-01,3.179380893707275391e-01,4.125130474567413330e-01,3.831872642040252686e-01,1.825677305459976196e-01,-9.423784911632537842e-02,-3.206287324428558350e-01,-4.790976643562316895e-02,-1.707217097282409668e-02,1.111897751688957214e-01,3.393231332302093506e-02,1.500079333782196045e-01,1.584165096282958984e-01,1.000000000000000000e+00,-1.676614582538604736e-01,4.189992547035217285e-01,2.701264917850494385e-01,2.080147117376327515e-01,1.717785894870758057e-01,-4.636763408780097961e-02,8.294089883565902710e-02,5.761892199516296387e-01,4.213773608207702637e-01,2.011793106794357300e-01,1.729725301265716553e-01,4.454602301120758057e-01,3.885024487972259521e-01,2.186290323734283447e-01,1.616836339235305786e-01,1.493880897760391235e-01,5.833393894135951996e-03,-1.745467074215412140e-02,1.417736988514661789e-02,-1.880992949008941650e-02,2.640240080654621124e-02,2.555507123470306396e-01,1.636843681335449219e-01
2.953101396560668945e-01,2.717552483081817627e-01,5.797603130340576172e-01,4.310218095779418945e-01,2.263208031654357910e-01,3.314592838287353516e-01,6.042615175247192383e-01,2.252131998538970947e-01,3.228247463703155518e-01,3.263189494609832764e-01,1.556960195302963257e-01,2.057767957448959351e-01,2.974273264408111572e-01,-1.230789646506309509e-01,1.777612231671810150e-02,1.833275854587554932e-01,4.520708024501800537e-01,3.034097254276275635e-01,4.962412416934967041e-01,3.258994519710540771e-01,2.457812875509262085e-01,3.237406909465789795e-01,3.835417032241821289e-01,2.339201420545578003e-01,-1.676614582538604736e-01,1.000000000000000000e+00,1.500019878149032593e-01,3.810681998729705811e-01,3.280983865261077881e-01,3.510666787624359131e-01,4.294964373111724854e-01,4.157513082027435303e-01,9.513611346483230591e-02,-3.011346270795911551e-04,6.582184880971908569e-02,3.340345323085784912e-01,-4.167321603745222092e-03,1.070919036865234375e-01,2.527135312557220459e-01,3.184176087379455566e-01,2.555646300315856934e-01,3.577129542827606201e-01,4.334175288677215576e-01,1.857385039329528809e-01,2.245736271142959595e-01,4.394874870777130127e-01,3.427163362503051758e-01,2.252840101718902588e-01
1.937546133995056152e-01,4.297080338001251221e-01,2.448822110891342163e-01,2.524343132972717285e-01,1.797105222940444946e-01,8.486384153366088867e-02,1.666490435600280762e-01,6.034361720085144043e-01,5.286898016929626465e-01,5.239951610565185547e-01,6.179852485656738281e-01,6.111360788345336914e-01,4.361732304096221924e-01,4.040530323982238770e-01,4.061287045478820801e-01,2.125338912010192871e-01,1.665711253881454468e-01,-4.183616489171981812e-02,1.977666765451431274e-01,2.578791379928588867e-01,3.461137115955352783e-01,3.336541950702667236e-01,1.811360567808151245e-01,1.990957707166671753e-01,4.189992547035217285e-01,1.500019878149032593e-01,1.000000000000000000e+00,4.972021579742431641e-01,4.733988642692565918e-01,3.443030416965484619e-01,2.586218416690826416e-01,3.678451776504516602e-01,6.496819257736206055e-01,4.275283515453338623e-01,1.983903199434280396e-01,3.140299916267395020e-01,5.583655238151550293e-01,4.781717061996459961e-01,1.984833031892776489e-01,-2.875071763992309570e-02,3.165623247623443604e-01,2.626205980777740479e-01,1.988445967435836792e-01,2.983492314815521240e-01,2.639585435390472412e-01,2.691383063793182373e-01,3.474821448326110840e-01,2.027006447315216064e-01
5.613642334938049316e-01,4.255073070526123047e-01,5.559271574020385742e-01,5.182878971099853516e-01,3.997589349746704102e-01,3.939528465270996094e-01,2.947244644165039062e-01,5.282409191131591797e-01,4.696629643440246582e-01,4.514709711074829102e-01,4.774957001209259033e-01,4.958427846431732178e-01,4.489598274230957031e-01,2.893654108047485352e-01,3.565787971019744873e-01,2.935436666011810303e-01,2.785818278789520264e-01,9.804838895797729492e-02,3.165787458419799805e-01,3.177963197231292725e-01,4.389940202236175537e-01,4.956837892532348633e-01,2.855353653430938721e-01,2.056116908788681030e-01,2.701264917850494385e-01,3.810681998729705811e-01,4.972021579742431641e-01,1.000000000000000000e+00,6.815149784088134766e-01,5.321069359779357910e-01,4.614338576793670654e-01,4.582807123661041260e-01,4.928573966026306152e-01,3.421655893325805664e-01,2.802044153213500977e-01,2.629449665546417236e-01,4.151121079921722412e-01,3.821884989738464355e-01,2.581425607204437256e-01,1.029606387019157410e-01,4.862442612648010254e-01,3.408006429672241211e-01,2.698409557342529297e-01,2.460683882236480713e-01,2.663502097129821777e-01,3.460064828395843506e-01,4.153718948364257812e-01,2.468148916959762573e-01
5.160660147666931152e-01,5.477672815322875977e-01,4.242250919342041016e-01,3.723585307598114014e-01,3.934523761272430420e-01,3.923926055431365967e-01,3.521867394447326660e-01,5.085937976837158203e-01,4.611158072948455811e-01,5.016637444496154785e-01,4.567179083824157715e-01,4.135107994079589844e-01,4.056938290596008301e-01,3.404552340507507324e-01,3.610621690750122070e-01,3.015603125095367432e-01,3.314604759216308594e-01,1.762526482343673706e-01,4.342713952064514160e-01,4.538584351539611816e-01,4.472324848175048828e-01,4.311099946498870850e-01,2.936453819274902344e-01,2.794891893863677979e-01,2.080147117376327515e-01,3.280983865261077881e-01,4.733988642692565918e-01,6.815149784088134766e-01,1.000000000000000000e+00,5.569084286689758301e-01,5.061566829681396484e-01,4.465787708759307861e-01,4.444330930709838867e-01,3.521238267421722412e-01,2.842557430267333984e-01,2.733318805694580078e-01,4.227187931537628174e-01,3.970402479171752930e-01,2.819756269454956055e-01,1.011979654431343079e-01,4.635269939899444580e-01,4.636057317256927490e-01,4.058971703052520752e-01,3.922271132469177246e-01,4.405962228775024414e-01,4.756298959255218506e-01,4.088990092277526855e-01,2.358706444501876831e-01
4.806447029113769531e-01,3.714094460010528564e-01,3.864985704421997070e-01,4.042542576789855957e-01,3.177909553050994873e-01,3.251644968986511230e-01,4.076629877090454102e-01,4.940334260463714600e-01,4.810285270214080811e-01,4.230614006519317627e-01,4.148375391960144043e-01,4.654322862625122070e-01,4.225098490715026855e-01,2.816732823848724365e-01,3.816702067852020264e-01,4.149171113967895508e-01,3.438512086868286133e-01,8.503080904483795166e-02,4.060350060462951660e-01,2.944121062755584717e-01,4.617978930473327637e-01,3.507593572139739990e-01,3.775047957897186279e-01,1.956837624311447144e-01,1.717785894870758057e-01,3.510666787624359131e-01,3.443030416965484619e-01,5.321069359779357910e-01,5.569084286689758301e-01,1.000000000000000000e+00,5.384198427200317383e-01,3.698558509349822998e-01,4.186955392360687256e-01,3.613770306110382080e-01,3.192104399204254150e-01,3.425186872482299805e-01,3.585278987884521484e-01,3.739305734634399414e-01,3.446819186210632324e-01,2.670600414276123047e-01,3.019428551197052002e-01,3.062593340873718262e-01,3.012963831424713135e-01,2.850168645381927490e-01,2.744402885437011719e-01,4.079849421977996826e-01,3.326844573020935059e-01,2.618303894996643066e-01
3.425664305686950684e-01,2.832015752792358398e-01,4.428727626800537109e-01,3.129065930843353271e-01,3.135616481304168701e-01,3.842978477478027344e-01,3.379774689674377441e-01,3.740994930267333984e-01,3.762021064758300781e-01,3.595179915428161621e-01,3.199651539325714111e-01,3.385644257068634033e-01,3.757511377334594727e-01,1.350436210632324219e-01,2.375975996255874634e-01,3.562214672565460205e-01,4.161521792411804199e-01,4.173223376274108887e-01,5.404230356216430664e-01,4.701580703258514404e-01,4.619888365268707275e-01,6.434888839721679688e-01,4.140310287475585938e-01,3.265671432018280029e-01,-4.636763408780097961e-02,4.294964373111724854e-01,2.586218416690826416e-01,4.614338576793670654e-01,5.061566829681396484e-01,5.384198427200317383e-01,1.000000000000000000e+00,6.309918165206909180e-01,1.906943917274475098e-01,1.949302703142166138e-01,2.239821404218673706e-01,3.997716307640075684e-01,2.942057549953460693e-01,2.741866707801818848e-01,3.103964924812316895e-01,2.648622095584869385e-01,2.184641808271408081e-01,3.248653411865234375e-01,3.949812948703765869e-01,3.040472865104675293e-01,3.243539333343505859e-01,4.840464293956756592e-01,4.550923109054565430e-01,4.072013497352600098e-01
2.876178622245788574e-01,3.083649575710296631e-01,4.288374483585357666e-01,2.575671374797821045e-01,2.484947890043258667e-01,3.228037059307098389e-01,3.866681158542633057e-01,4.817320108413696289e-01,4.351613819599151611e-01,4.378796815872192383e-01,4.612920582294464111e-01,4.596674442291259766e-01,4.493141174316406250e-01,1.959452331066131592e-01,3.165579736232757568e-01,3.248747885227203369e-01,4.383809864521026611e-01,3.555610179901123047e-01,5.014432668685913086e-01,4.711524546146392822e-01,4.190852642059326172e-01,6.623336076736450195e-01,5.245978236198425293e-01,4.416314363479614258e-01,8.294089883565902710e-02,4.157513082027435303e-01,3.678451776504516602e-01,4.582807123661041260e-01,4.465787708759307861e-01,3.698558509349822998e-01,6.309918165206909180e-01,1.000000000000000000e+00,2.937183380126953125e-01,2.754600644111633301e-01,2.091645747423171997e-01,5.217461585998535156e-01,3.567599058151245117e-01,3.775198757648468018e-01,3.743036985397338867e-01,3.480282425880432129e-01,2.781566679477691650e-01,3.466542363166809082e-01,3.742446303367614746e-01,3.049364387989044189e-01,3.076421022415161133e-01,4.759669005870819092e-01,6.301193833351135254e-01,5.185126662254333496e-01
3.396513760089874268e-01,4.005530476570129395e-01,2.252682149410247803e-01,2.734561860561370850e-01,2.417895495891571045e-01,1.491218358278274536e-01,1.762402504682540894e-01,6.637234091758728027e-01,5.596925020217895508e-01,5.037514567375183105e-01,6.314226388931274414e-01,6.150722503662109375e-01,5.055810809135437012e-01,4.964653551578521729e-01,4.895854592323303223e-01,3.048811554908752441e-01,1.047438755631446838e-01,-1.600205004215240479e-01,2.140192538499832153e-01,2.328644394874572754e-01,3.820787966251373291e-01,2.598229050636291504e-01,2.599035501480102539e-01,1.906826198101043701e-01,5.761892199516296387e-01,9.513611346483230591e-02,6.496819257736206055e-01,4.928573966026306152e-01,4.444330930709838867e-01,4.186955392360687256e-01,1.906943917274475098e-01,2.937183380126953125e-01,1.000000000000000000e+00,5.104777216911315918e-01,2.417090386152267456e-01,3.159348368644714355e-01,5.834962129592895508e-01,5.166190862655639648e-01,2.820979952812194824e-01,1.241968125104904175e-01,3.360823690891265869e-01,1.929974853992462158e-01,1.592307537794113159e-01,2.444213479757308960e-01,1.573714911937713623e-01,2.441335767507553101e-01,3.499105572700500488e-01,2.266640514135360718e-01
