1.000000000000000000e+00,5.133373141288757324e-01,6.216802597045898438e-01,6.450089216232299805e-01,4.208220541477203369e-01,5.159742832183837891e-01,5.880486369132995605e-01,5.103036761283874512e-01,5.072979927062988281e-01,4.578596651554107666e-01,4.345966279506683350e-01,4.696731269359588623e-01,5.528707504272460938e-01,3.907141983509063721e-01,4.880850911140441895e-01,4.509336650371551514e-01,4.609985947608947754e-01,1.944172084331512451e-01,3.298513293266296387e-01,3.203567564487457275e-01,4.477553963661193848e-01,3.512233793735504150e-01,5.058089494705200195e-01,5.019109249114990234e-01,5.171959400177001953e-01,5.084110498428344727e-01,4.242656826972961426e-01,7.610947489738464355e-01,7.039976119995117188e-01,5.344773530960083008e-01,4.104676544666290283e-01,3.490622341632843018e-01,5.883099436759948730e-01,3.872257471084594727e-01,4.139834940433502197e-01,5.077341198921203613e-01,3.311099708080291748e-01,4.940910041332244873e-01,2.631710171699523926e-01,3.564116358757019043e-01,5.534624457359313965e-01,4.880080521106719971e-01,4.614166617393493652e-01,3.316068649291992188e-01,4.324687421321868896e-01,3.974910080432891846e-01,4.641160964965820312e-01,3.483131825923919678e-01
5.133373141288757324e-01,1.000000000000000000e+00,2.409759014844894409e-01,3.604065179824829102e-01,4.252020120620727539e-01,5.457211732864379883e-01,4.539683163166046143e-01,6.926832795143127441e-01,6.210063099861145020e-01,6.488189697265625000e-01,5.086503028869628906e-01,5.770820379257202148e-01,6.525189876556396484e-01,3.743209242820739746e-01,4.538031816482543945e-01,5.308318138122558594e-01,3.778259158134460449e-01,5.673326551914215088e-02,4.154522716999053955e-01,4.717535376548767090e-01,4.857328236103057861e-01,2.213492244482040405e-01,4.966923892498016357e-01,4.031559228897094727e-01,3.400721848011016846e-01,3.541072905063629150e-01,4.654179513454437256e-01,4.837036430835723877e-01,5.912561416625976562e-01,3.995262980461120605e-01,2.182235270738601685e-01,2.641078829765319824e-01,5.306851267814636230e-01,3.858635723590850830e-01,5.285391211509704590e-01,5.297037363052368164e-01,4.259279370307922363e-01,4.915716946125030518e-01,3.629890382289886475e-01,3.868636190891265869e-01,6.984617114067077637e-01,7.009065747261047363e-01,6.508573293685913086e-01,7.459687590599060059e-01,7.434467077255249023e-01,6.863004565238952637e-01,3.575827777385711670e-01,2.813805043697357178e-01
6.216802597045898438e-01,2.409759014844894409e-01,1.000000000000000000e+00,7.994181513786315918e-01,1.411968469619750977e-01,3.940856158733367920e-01,7.605261206626892090e-01,2.864136695861816406e-01,3.327252864837646484e-01,2.435193210840225220e-01,2.160758972167968750e-01,2.897134721279144287e-01,2.790461480617523193e-01,3.018935024738311768e-01,2.875097095966339111e-01,2.511475682258605957e-01,6.500073671340942383e-01,1.228207163512706757e-02,2.581532001495361328e-01,-3.776889666914939880e-02,5.603697150945663452e-02,8.700182661414146423e-03,2.830143272876739502e-01,4.135296642780303955e-01,2.871611714363098145e-01,7.579580545425415039e-01,2.486601620912551880e-01,6.251701116561889648e-01,4.433096647262573242e-01,3.959483206272125244e-01,3.905007243156433105e-02,1.065304875373840332e-01,4.082161188125610352e-01,3.533508777618408203e-01,4.254632294178009033e-01,4.049522578716278076e-01,2.604327201843261719e-01,4.014244973659515381e-01,1.192326471209526062e-01,3.275990784168243408e-01,4.215031266212463379e-01,2.283010184764862061e-01,1.580881774425506592e-01,1.623824536800384521e-01,2.194779515266418457e-01,1.895613372325897217e-01,3.227048516273498535e-01,1.455339938402175903e-01
6.450089216232299805e-01,3.604065179824829102e-01,7.994181513786315918e-01,1.000000000000000000e+00,3.679208457469940186e-01,6.160683631896972656e-01,8.623946309089660645e-01,3.071577847003936768e-01,4.781835675239562988e-01,4.572905302047729492e-01,2.779229879379272461e-01,4.669498503208160400e-01,4.311811923980712891e-01,1.872977465391159058e-01,3.327221572399139404e-01,4.743256270885467529e-01,7.287561297416687012e-01,7.118611037731170654e-02,4.523211717605590820e-01,2.231466323137283325e-01,3.171620666980743408e-01,1.651028692722320557e-01,4.304083883762359619e-01,5.495133399963378906e-01,3.224666714668273926e-01,6.771442890167236328e-01,1.251285821199417114e-01,6.077347993850708008e-01,5.089365243911743164e-01,3.938944637775421143e-01,1.018076837062835693e-01,3.435899019241333008e-01,2.976504266262054443e-01,1.842461228370666504e-01,3.554916679859161377e-01,5.110155940055847168e-01,1.576492190361022949e-01,3.524759709835052490e-01,3.287867605686187744e-01,4.507922232151031494e-01,5.053520798683166504e-01,3.007015883922576904e-01,2.956625819206237793e-01,2.396961301565170288e-01,4.174447655677795410e-01,4.329048395156860352e-01,4.715242981910705566e-01,3.274392485618591309e-01
4.208220541477203369e-01,4.252020120620727539e-01,1.411968469619750977e-01,3.679208457469940186e-01,1.000000000000000000e+00,7.671526074409484863e-01,3.369652926921844482e-01,3.398600816726684570e-01,4.234160184860229492e-01,4.610214829444885254e-01,4.377167820930480957e-01,4.673842787742614746e-01,4.521535933017730713e-01,-5.576078221201896667e-02,3.357023000717163086e-01,5.767098665237426758e-01,2.317588031291961670e-01,8.508608490228652954e-02,3.094114959239959717e-01,3.639001846313476562e-01,4.920470416545867920e-01,3.107828795909881592e-01,4.030929505825042725e-01,5.061536431312561035e-01,3.976584672927856445e-01,8.598923683166503906e-02,3.298030048608779907e-02,2.423133999109268188e-01,3.553853929042816162e-01,1.225575357675552368e-01,1.350145339965820312e-01,5.233056545257568359e-01,1.426294744014739990e-01,-1.002856343984603882e-01,1.278872340917587280e-01,4.344824552536010742e-01,-5.892973020672798157e-02,9.720125049352645874e-02,4.765805304050445557e-01,4.179660975933074951e-01,4.399779736995697021e-01,3.149282336235046387e-01,2.945728302001953125e-01,2.324557453393936157e-01,4.580993056297302246e-01,4.401888549327850342e-01,4.804014265537261963e-01,2.881692647933959961e-01
5.159742832183837891e-01,5.457211732864379883e-01,3.940856158733367920e-01,6.160683631896972656e-01,7.671526074409484863e-01,1.000000000000000000e+00,6.502119302749633789e-01,3.939913809299468994e-01,5.877835750579833984e-01,5.887010097503662109e-01,4.623055756092071533e-01,5.733680725097656250e-01,5.540967583656311035e-01,1.143771782517433167e-01,3.986841440200805664e-01,6.304738521575927734e-01,5.599678754806518555e-01,9.981957823038101196e-02,5.492609143257141113e-01,4.412606060504913330e-01,5.118830204010009766e-01,2.622834742069244385e-01,4.496957659721374512e-01,5.116705298423767090e-01,3.028373122215270996e-01,4.055261611938476562e-01,1.056980043649673462e-01,3.996672630310058594e-01,4.405747652053833008e-01,3.017875552177429199e-01,1.181771010160446167e-01,4.524523913860321045e-01,2.557044923305511475e-01,2.400795370340347290e-02,3.345088958740234375e-01,5.032923221588134766e-01,1.050639674067497253e-01,2.752016484737396240e-01,4.934367835521697998e-01,4.553806483745574951e-01,6.189876794815063477e-01,5.340629220008850098e-01,4.983286559581756592e-01,3.237621486186981201e-01,6.061946153640747070e-01,6.291068196296691895e-01,5.050995945930480957e-01,2.823908627033233643e-01
5.880486369132995605e-01,4.539683163166046143e-01,7.605261206626892090e-01,8.623946309089660645e-01,3.369652926921844482e-01,6.502119302749633789e-01,1.000000000000000000e+00,3.867423832416534424e-01,5.671175718307495117e-01,5.457864403724670410e-01,3.708564043045043945e-01,5.409904718399047852e-01,5.178703069686889648e-01,2.955337166786193848e-01,4.011312425136566162e-01,4.910068511962890625e-01,8.685404062271118164e-01,1.590833961963653564e-01,6.057152748107910156e-01,3.263914287090301514e-01,3.395179212093353271e-01,1.827775537967681885e-01,4.795728623867034912e-01,5.243256092071533203e-01,2.329267561435699463e-01,7.846296429634094238e-01,2.034467160701751709e-01,5.559391975402832031e-01,4.901371598243713379e-01,4.896343648433685303e-01,1.378257870674133301e-01,2.713006436824798584e-01,3.769129812717437744e-01,3.047595024108886719e-01,4.766661524772644043e-01,5.226212143898010254e-01,2.430093437433242798e-01,4.423369765281677246e-01,3.173450529575347900e-01,4.205758869647979736e-01,5.524484515190124512e-01,4.827022552490234375e-01,4.419966042041778564e-01,3.032443821430206299e-01,5.157893300056457520e-01,5.422947406768798828e-01,4.662145078182220459e-01,3.412041068077087402e-01
5.103036761283874512e-01,6.926832795143127441e-01,2.864136695861816406e-01,3.071577847003936768e-01,3.398600816726684570e-01,3.939913809299468994e-01,3.867423832416534424e-01,1.000000000000000000e+00,6.182954907417297363e-01,6.171886324882507324e-01,6.406009197235107422e-01,6.068923473358154297e-01,6.632910370826721191e-01,5.097497105598449707e-01,5.643464922904968262e-01,4.852058291435241699e-01,3.273361623287200928e-01,1.929645985364913940e-01,3.358353674411773682e-01,4.365249574184417725e-01,5.095268487930297852e-01,3.474825620651245117e-01,5.185832381248474121e-01,4.282127618789672852e-01,3.622187972068786621e-01,3.180989325046539307e-01,4.551099836826324463e-01,4.691364765167236328e-01,5.036771297454833984e-01,4.332046806812286377e-01,3.791275918483734131e-01,2.837858498096466064e-01,5.443334579467773438e-01,5.699293613433837891e-01,5.296534895896911621e-01,5.202415585517883301e-01,4.824161827564239502e-01,5.615932941436767578e-01,3.676520586013793945e-01,3.504978120326995850e-01,4.708973467350006104e-01,5.791919827461242676e-01,5.607841014862060547e-01,7.238071560859680176e-01,5.388230085372924805e-01,5.125301480293273926e-01,3.722903728485107422e-01,2.462902814149856567e-01
5.072979927062988281e-01,6.210063099861145020e-01,3.327252864837646484e-01,4.781835675239562988e-01,4.234160184860229492e-01,5.877835750579833984e-01,5.671175718307495117e-01,6.182954907417297363e-01,1.000000000000000000e+00,7.943217158317565918e-01,5.572209358215332031e-01,6.270182132720947266e-01,7.215426564216613770e-01,3.451600074768066406e-01,5.229777097702026367e-01,6.064497232437133789e-01,4.932056963443756104e-01,2.494213543832302094e-02,5.091599822044372559e-01,4.890889823436737061e-01,5.201172232627868652e-01,2.056077420711517334e-01,5.133213996887207031e-01,4.819984436035156250e-01,1.951113045215606689e-01,4.264796078205108643e-01,2.519521713256835938e-01,4.052402079105377197e-01,4.446280598640441895e-01,3.664523363113403320e-01,1.887852698564529419e-01,2.407533824443817139e-01,4.356644451618194580e-01,2.609951198101043701e-01,4.938181638717651367e-01,5.632659792900085449e-01,2.620703577995300293e-01,5.164889693260192871e-01,4.577822685241699219e-01,4.013622701168060303e-01,4.641620218753814697e-01,6.246028542518615723e-01,6.139757633209228516e-01,5.981786847114562988e-01,6.910322308540344238e-01,7.137335538864135742e-01,4.118332564830780029e-01,3.186236321926116943e-01
4.578596651554107666e-01,6.488189697265625000e-01,2.435193210840225220e-01,4.572905302047729492e-01,4.610214829444885254e-01,5.887010097503662109e-01,5.457864403724670410e-01,6.171886324882507324e-01,7.943217158317565918e-01,1.000000000000000000e+00,6.086702942848205566e-01,7.526897788047790527e-01,8.005885481834411621e-01,2.963644564151763916e-01,5.961246490478515625e-01,6.141868233680725098e-01,4.785091578960418701e-01,8.230425417423248291e-02,6.074393391609191895e-01,6.298352479934692383e-01,6.313295364379882812e-01,3.862991333007812500e-01,6.272237300872802734e-01,5.615960359573364258e-01,2.759853005409240723e-01,3.393253982067108154e-01,2.805503308773040771e-01,4.172329008579254150e-01,4.283754825592041016e-01,3.573274612426757812e-01,2.688586115837097168e-01,4.090867042541503906e-01,3.946897983551025391e-01,2.470424920320510864e-01,5.229104161262512207e-01,6.168105602264404297e-01,2.268050611019134521e-01,5.128306746482849121e-01,5.160285234451293945e-01,4.405924379825592041e-01,5.163433551788330078e-01,6.088792681694030762e-01,6.385879516601562500e-01,6.047377586364746094e-01,7.670227289199829102e-01,8.153011202812194824e-01,5.168417692184448242e-01,4.784335494041442871e-01
4.345966279506683350e-01,5.086503028869628906e-01,2.160758972167968750e-01,2.779229879379272461e-01,4.377167820930480957e-01,4.623055756092071533e-01,3.708564043045043945e-01,6.406009197235107422e-01,5.572209358215332031e-01,6.086702942848205566e-01,1.000000000000000000e+00,7.942379713058471680e-01,7.026811838150024414e-01,4.285610616207122803e-01,7.265410423278808594e-01,5.166963338851928711e-01,3.753145337104797363e-01,2.208830863237380981e-01,5.187224745750427246e-01,5.335949659347534180e-01,5.899111628532409668e-01,4.265238940715789795e-01,5.594102144241333008e-01,3.691985905170440674e-01,3.269862532615661621e-01,2.328114360570907593e-01,1.992111355066299438e-01,3.166495859622955322e-01,3.109810352325439453e-01,3.375664949417114258e-01,3.495603501796722412e-01,3.104578852653503418e-01,4.369015991687774658e-01,3.203102946281433105e-01,3.754877746105194092e-01,4.202475845813751221e-01,2.741778790950775146e-01,5.104945302009582520e-01,3.993757367134094238e-01,2.722266018390655518e-01,4.071301221847534180e-01,5.371475815773010254e-01,5.725277066230773926e-01,4.358888566493988037e-01,5.511606931686401367e-01,5.624642372131347656e-01,3.879685699939727783e-01,2.873331904411315918e-01
4.696731269359588623e-01,5.770820379257202148e-01,2.897134721279144287e-01,4.669498503208160400e-01,4.673842787742614746e-01,5.733680725097656250e-01,5.409904718399047852e-01,6.068923473358154297e-01,6.270182132720947266e-01,7.526897788047790527e-01,7.942379713058471680e-01,1.000000000000000000e+00,7.991361618041992188e-01,3.033248782157897949e-01,7.025151252746582031e-01,5.938421487808227539e-01,4.957005977630615234e-01,1.552761048078536987e-01,5.928940176963806152e-01,5.902199745178222656e-01,6.373564600944519043e-01,4.159205257892608643e-01,6.168060898780822754e-01,5.009789466857910156e-01,3.486292362213134766e-01,2.978485822677612305e-01,1.757768541574478149e-01,3.883222341537475586e-01,3.691648244857788086e-01,3.769138157367706299e-01,2.987901270389556885e-01,3.881871700286865234e-01,3.715874552726745605e-01,2.707574963569641113e-01,3.905427157878875732e-01,5.383911132812500000e-01,1.647010594606399536e-01,4.658046066761016846e-01,4.746138453483581543e-01,3.375754952430725098e-01,5.126962065696716309e-01,5.525923371315002441e-01,6.237774491310119629e-01,5.231820940971374512e-01,6.694637537002563477e-01,7.010719776153564453e-01,4.939726293087005615e-01,4.007292687892913818e-01
5.528707504272460938e-01,6.525189876556396484e-01,2.790461480617523193e-01,4.311811923980712891e-01,4.521535933017730713e-01,5.540967583656311035e-01,5.178703069686889648e-01,6.632910370826721191e-01,7.215426564216613770e-01,8.005885481834411621e-01,7.026811838150024414e-01,7.991361618041992188e-01,1.000000000000000000e+00,4.377681612968444824e-01,6.862326860427856445e-01,6.768292188644409180e-01,4.487621486186981201e-01,1.647267341613769531e-01,5.592408776283264160e-01,6.797912716865539551e-01,7.428619861602783203e-01,4.960332214832305908e-01,7.599140405654907227e-01,5.736821889877319336e-01,2.740256786346435547e-01,3.338038325309753418e-01,2.890757024288177490e-01,4.285906553268432617e-01,4.769412279129028320e-01,4.356592297554016113e-01,4.036751091480255127e-01,4.023885726928710938e-01,4.979937970638275146e-01,3.589509129524230957e-01,4.964672923088073730e-01,6.258972883224487305e-01,3.400609791278839111e-01,5.945252180099487305e-01,5.088186264038085938e-01,4.392777979373931885e-01,5.260299444198608398e-01,6.792526841163635254e-01,6.886776685714721680e-01,5.251441001892089844e-01,6.732033491134643555e-01,7.186331748962402344e-01,5.492078065872192383e-01,4.858341813087463379e-01
3.907141983509063721e-01,3.743209242820739746e-01,3.018935024738311768e-01,1.872977465391159058e-01,-5.576078221201896667e-02,1.143771782517433167e-01,2.955337166786193848e-01,5.097497105598449707e-01,3.451600074768066406e-01,2.963644564151763916e-01,4.285610616207122803e-01,3.033248782157897949e-01,4.377681612968444824e-01,1.000000000000000000e+00,5.681787133216857910e-01,2.523478567600250244e-01,2.978861033916473389e-01,2.147080749273300171e-01,3.233467936515808105e-01,3.479967415332794189e-01,3.318825364112854004e-01,2.759128212928771973e-01,3.988123238086700439e-01,1.054604277014732361e-01,-2.860776521265506744e-02,4.097915589809417725e-01,3.713024556636810303e-01,2.650779187679290771e-01,2.991277277469635010e-01,4.815723299980163574e-01,3.718616366386413574e-01,3.293519467115402222e-02,5.853917598724365234e-01,5.471560359001159668e-01,5.228152275085449219e-01,2.457827180624008179e-01,7.542732357978820801e-01,7.026904821395874023e-01,1.407014429569244385e-01,1.195824071764945984e-01,2.241630405187606812e-01,5.363105535507202148e-01,4.608409404754638672e-01,2.617536485195159912e-01,1.929219216108322144e-01,2.539836764335632324e-01,1.194105297327041626e-01,1.166782677173614502e-01
4.880850911140441895e-01,4.538031816482543945e-01,2.875097095966339111e-01,3.327221572399139404e-01,3.357023000717163086e-01,3.986841440200805664e-01,4.011312425136566162e-01,5.643464922904968262e-01,5.229777097702026367e-01,5.961246490478515625e-01,7.265410423278808594e-01,7.025151252746582031e-01,6.862326860427856445e-01,5.681787133216857910e-01,1.000000000000000000e+00,5.346443653106689453e-01,3.723036646842956543e-01,2.148616313934326172e-01,4.686451256275177002e-01,5.084616541862487793e-01,6.028153896331787109e-01,4.745759367942810059e-01,6.276220679283142090e-01,4.140721261501312256e-01,2.379045635461807251e-01,2.990942597389221191e-01,1.802024841308593750e-01,3.376968204975128174e-01,2.836933732032775879e-01,4.074935913085937500e-01,4.187439084053039551e-01,3.310338854789733887e-01,4.866715669631958008e-01,4.287055134773254395e-01,4.834222793579101562e-01,4.409772455692291260e-01,4.318713843822479248e-01,7.158638834953308105e-01,4.529421925544738770e-01,2.887319922447204590e-01,3.673724234104156494e-01,5.323013067245483398e-01,5.295951962471008301e-01,3.426607847213745117e-01,4.760634005069732666e-01,4.951825737953186035e-01,4.419291317462921143e-01,3.596028089523315430e-01
4.509336650371551514e-01,5.308318138122558594e-01,2.511475682258605957e-01,4.743256270885467529e-01,5.767098665237426758e-01,6.304738521575927734e-01,4.910068511962890625e-01,4.852058291435241699e-01,6.064497232437133789e-01,6.141868233680725098e-01,5.166963338851928711e-01,5.938421487808227539e-01,6.768292188644409180e-01,2.523478567600250244e-01,5.346443653106689453e-01,1.000000000000000000e+00,3.937991261482238770e-01,1.013423800468444824e-01,4.007766544818878174e-01,4.805960357189178467e-01,5.955321788787841797e-01,4.138627350330352783e-01,7.067876458168029785e-01,5.870758891105651855e-01,3.054918646812438965e-01,3.112267255783081055e-01,1.054681017994880676e-01,3.175168633460998535e-01,4.137196540832519531e-01,3.036631047725677490e-01,2.682960927486419678e-01,5.126305222511291504e-01,3.452768623828887939e-01,7.643560320138931274e-02,3.682661354541778564e-01,6.512334346771240234e-01,2.120369225740432739e-01,4.459494054317474365e-01,7.428180575370788574e-01,6.829648613929748535e-01,4.701701402664184570e-01,4.883092343807220459e-01,4.856987893581390381e-01,3.629506230354309082e-01,4.990876913070678711e-01,5.340624451637268066e-01,5.904501080513000488e-01,5.416127443313598633e-01
4.609985947608947754e-01,3.778259158134460449e-01,6.500073671340942383e-01,7.287561297416687012e-01,2.317588031291961670e-01,5.599678754806518555e-01,8.685404062271118164e-01,3.273361623287200928e-01,4.932056963443756104e-01,4.785091578960418701e-01,3.753145337104797363e-01,4.957005977630615234e-01,4.487621486186981201e-01,2.978861033916473389e-01,3.723036646842956543e-01,3.937991261482238770e-01,1.000000000000000000e+00,3.478096127510070801e-01,7.231310009956359863e-01,3.683371543884277344e-01,2.975683212280273438e-01,2.103611230850219727e-01,4.150471091270446777e-01,3.851049840450286865e-01,1.549591273069381714e-01,7.566896677017211914e-01,1.849245280027389526e-01,4.438962638378143311e-01,3.867203295230865479e-01,4.592809975147247314e-01,1.862046122550964355e-01,2.284856736660003662e-01,3.533054292201995850e-01,2.967783212661743164e-01,4.576973021030426025e-01,3.839917778968811035e-01,2.359488159418106079e-01,4.053044915199279785e-01,2.204372733831405640e-01,2.701213061809539795e-01,4.744224548339843750e-01,4.781490862369537354e-01,4.482287764549255371e-01,2.189968377351760864e-01,4.498609900474548340e-01,5.105767250061035156e-01,3.807606697082519531e-01,2.918321788311004639e-01
1.944172084331512451e-01,5.673326551914215088e-02,1.228207163512706757e-02,7.118611037731170654e-02,8.508608490228652954e-02,9.981957823038101196e-02,1.590833961963653564e-01,1.929645985364913940e-01,2.494213543832302094e-02,8.230425417423248291e-02,2.208830863237380981e-01,1.552761048078536987e-01,1.647267341613769531e-01,2.147080749273300171e-01,2.148616313934326172e-01,1.013423800468444824e-01,3.478096127510070801e-01,1.000000000000000000e+00,4.078834354877471924e-01,4.656538665294647217e-01,3.474609553813934326e-01,6.253791451454162598e-01,2.279773950576782227e-01,-4.255205765366554260e-02,2.057444900274276733e-01,1.764602065086364746e-01,2.108301520347595215e-01,1.947539299726486206e-01,1.875973045825958252e-01,3.614100217819213867e-01,6.742333769798278809e-01,3.094782531261444092e-01,2.340430170297622681e-01,1.201869025826454163e-01,1.107460185885429382e-01,-3.558636456727981567e-02,7.916218787431716919e-02,9.181299060583114624e-02,5.654809623956680298e-02,-1.693342328071594238e-01,1.059131920337677002e-01,1.872774064540863037e-01,2.145713418722152710e-01,-3.124923817813396454e-02,-5.309628695249557495e-02,4.799153283238410950e-02,1.823315322399139404e-01,1.395868211984634399e-01
3.298513293266296387e-01,4.154522716999053955e-01,2.581532001495361328e-01,4.523211717605590820e-01,3.094114959239959717e-01,5.492609143257141113e-01,6.057152748107910156e-01,3.358353674411773682e-01,5.091599822044372559e-01,6.074393391609191895e-01,5.187224745750427246e-01,5.928940176963806152e-01,5.592408776283264160e-01,3.233467936515808105e-01,4.686451256275177002e-01,4.007766544818878174e-01,7.231310009956359863e-01,4.078834354877471924e-01,1.000000000000000000e+00,7.182249426841735840e-01,5.431599020957946777e-01,4.008172154426574707e-01,4.561843276023864746e-01,2.337765097618103027e-01,4.591250792145729065e-02,4.293746054172515869e-01,1.430936753749847412e-01,2.363864332437515259e-01,2.441951930522918701e-01,3.498496413230895996e-01,2.948333621025085449e-01,2.910397052764892578e-01,3.430297672748565674e-01,2.204631268978118896e-01,4.266713857650756836e-01,2.714736163616180420e-01,2.294501662254333496e-01,4.288122057914733887e-01,2.527195811271667480e-01,1.283314526081085205e-01,3.886879980564117432e-01,5.726373791694641113e-01,6.327956914901733398e-01,2.440343350172042847e-01,5.368486642837524414e-01,6.811352372169494629e-01,3.097279667854309082e-01,3.050560951232910156e-01
3.203567564487457275e-01,4.717535376548767090e-01,-3.776889666914939880e-02,2.231466323137283325e-01,3.639001846313476562e-01,4.412606060504913330e-01,3.263914287090301514e-01,4.365249574184417725e-01,4.890889823436737061e-01,6.298352479934692383e-01,5.335949659347534180e-01,5.902199745178222656e-01,6.797912716865539551e-01,3.479967415332794189e-01,5.084616541862487793e-01,4.805960357189178467e-01,3.683371543884277344e-01,4.656538665294647217e-01,7.182249426841735840e-01,1.000000000000000000e+00,8.074755072593688965e-01,6.237522959709167480e-01,5.520575642585754395e-01,2.391924560070037842e-01,9.401068836450576782e-02,1.277934014797210693e-01,1.823516488075256348e-01,1.978372782468795776e-01,2.834826707839965820e-01,3.494527935981750488e-01,5.187003016471862793e-01,4.006876647472381592e-01,3.645330071449279785e-01,1.821782141923904419e-01,3.194830119609832764e-01,2.744659185409545898e-01,2.363254427909851074e-01,4.107260107994079590e-01,3.558571040630340576e-01,1.401287764310836792e-01,3.243786692619323730e-01,5.780543684959411621e-01,6.464950442314147949e-01,3.239301145076751709e-01,5.110549330711364746e-01,6.636583805084228516e-01,3.288595080375671387e-01,3.784635961055755615e-01
4.477553963661193848e-01,4.857328236103057861e-01,5.603697150945663452e-02,3.171620666980743408e-01,4.920470416545867920e-01,5.118830204010009766e-01,3.395179212093353271e-01,5.095268487930297852e-01,5.201172232627868652e-01,6.313295364379882812e-01,5.899111628532409668e-01,6.373564600944519043e-01,7.428619861602783203e-01,3.318825364112854004e-01,6.028153896331787109e-01,5.955321788787841797e-01,2.975683212280273438e-01,3.474609553813934326e-01,5.431599020957946777e-01,8.074755072593688965e-01,1.000000000000000000e+00,7.045941352844238281e-01,6.576473712921142578e-01,4.668307304382324219e-01,2.615819871425628662e-01,1.200080513954162598e-01,1.663968265056610107e-01,2.980434596538543701e-01,3.484647870063781738e-01,3.508742749691009521e-01,5.636835098266601562e-01,5.851326584815979004e-01,3.577785789966583252e-01,1.642198264598846436e-01,2.923039793968200684e-01,4.315944612026214600e-01,2.460957616567611694e-01,4.443244338035583496e-01,4.607594311237335205e-01,3.266592919826507568e-01,3.708992004394531250e-01,5.165627598762512207e-01,5.535931587219238281e-01,3.476856648921966553e-01,5.423915982246398926e-01,6.243931651115417480e-01,5.347590446472167969e-01,5.378053784370422363e-01
3.512233793735504150e-01,2.213492244482040405e-01,8.700182661414146423e-03,1.651028692722320557e-01,3.107828795909881592e-01,2.622834742069244385e-01,1.827775537967681885e-01,3.474825620651245117e-01,2.056077420711517334e-01,3.862991333007812500e-01,4.265238940715789795e-01,4.159205257892608643e-01,4.960332214832305908e-01,2.759128212928771973e-01,4.745759367942810059e-01,4.138627350330352783e-01,2.103611230850219727e-01,6.253791451454162598e-01,4.008172154426574707e-01,6.237522959709167480e-01,7.045941352844238281e-01,1.000000000000000000e+00,6.567546725273132324e-01,3.854792714118957520e-01,3.727561533451080322e-01,5.529069155454635620e-02,2.977566123008728027e-01,3.129805028438568115e-01,2.977983057498931885e-01,4.307503104209899902e-01,8.234824538230895996e-01,6.993087530136108398e-01,3.745677173137664795e-01,1.407594531774520874e-01,2.297717481851577759e-01,4.019764959812164307e-01,1.757414788007736206e-01,3.190330862998962402e-01,3.294912874698638916e-01,2.586457133293151855e-01,2.026598155498504639e-01,3.295475244522094727e-01,3.027054965496063232e-01,1.020477414131164551e-01,1.814655959606170654e-01,2.565187513828277588e-01,5.932104587554931641e-01,6.148578524589538574e-01
5.058089494705200195e-01,4.966923892498016357e-01,2.830143272876739502e-01,4.304083883762359619e-01,4.030929505825042725e-01,4.496957659721374512e-01,4.795728623867034912e-01,5.185832381248474121e-01,5.133213996887207031e-01,6.272237300872802734e-01,5.594102144241333008e-01,6.168060898780822754e-01,7.599140405654907227e-01,3.988123238086700439e-01,6.276220679283142090e-01,7.067876458168029785e-01,4.150471091270446777e-01,2.279773950576782227e-01,4.561843276023864746e-01,5.520575642585754395e-01,6.576473712921142578e-01,6.567546725273132324e-01,1.000000000000000000e+00,6.826673746109008789e-01,3.593719899654388428e-01,3.322435617446899414e-01,3.418580293655395508e-01,4.032404720783233643e-01,4.597460031509399414e-01,4.661297798156738281e-01,5.207407474517822266e-01,6.173259615898132324e-01,5.301069021224975586e-01,2.901986837387084961e-01,4.230116009712219238e-01,7.221899032592773438e-01,3.529359102249145508e-01,5.541733503341674805e-01,5.003794431686401367e-01,6.292732357978820801e-01,4.392550885677337646e-01,5.379570126533508301e-01,4.696950316429138184e-01,2.992593944072723389e-01,4.497732818126678467e-01,5.023698806762695312e-01,7.268571853637695312e-01,7.478336691856384277e-01
5.019109249114990234e-01,4.031559228897094727e-01,4.135296642780303955e-01,5.495133399963378906e-01,5.061536431312561035e-01,5.116705298423767090e-01,5.243256092071533203e-01,4.282127618789672852e-01,4.819984436035156250e-01,5.615960359573364258e-01,3.691985905170440674e-01,5.009789466857910156e-01,5.736821889877319336e-01,1.054604277014732361e-01,4.140721261501312256e-01,5.870758891105651855e-01,3.851049840450286865e-01,-4.255205765366554260e-02,2.337765097618103027e-01,2.391924560070037842e-01,4.668307304382324219e-01,3.854792714118957520e-01,6.826673746109008789e-01,1.000000000000000000e+00,3.974309563636779785e-01,3.613035380840301514e-01,2.340055555105209351e-01,4.376356303691864014e-01,4.396344125270843506e-01,3.527842164039611816e-01,2.622198462486267090e-01,6.363266706466674805e-01,2.949680685997009277e-01,1.945013552904129028e-01,3.127857446670532227e-01,8.084545135498046875e-01,1.503758728504180908e-01,3.374165296554565430e-01,4.227419495582580566e-01,6.940236091613769531e-01,4.082446396350860596e-01,2.902486324310302734e-01,2.142405062913894653e-01,2.983877658843994141e-01,4.547093510627746582e-01,4.145195782184600830e-01,7.914195060729980469e-01,6.648091077804565430e-01
5.171959400177001953e-01,3.400721848011016846e-01,2.871611714363098145e-01,3.224666714668273926e-01,3.976584672927856445e-01,3.028373122215270996e-01,2.329267561435699463e-01,3.622187972068786621e-01,1.951113045215606689e-01,2.759853005409240723e-01,3.269862532615661621e-01,3.486292362213134766e-01,2.740256786346435547e-01,-2.860776521265506744e-02,2.379045635461807251e-01,3.054918646812438965e-01,1.549591273069381714e-01,2.057444900274276733e-01,4.591250792145729065e-02,9.401068836450576782e-02,2.615819871425628662e-01,3.727561533451080322e-01,3.593719899654388428e-01,3.974309563636779785e-01,1.000000000000000000e+00,1.431932449340820312e-01,4.719158411026000977e-01,5.768861770629882812e-01,4.981753230094909668e-01,2.339786589145660400e-01,3.373207449913024902e-01,4.350446164608001709e-01,3.487915694713592529e-01,7.836589217185974121e-02,7.723919302225112915e-02,4.115006923675537109e-01,-3.414079919457435608e-02,8.427258580923080444e-02,2.174874693155288696e-01,3.021196424961090088e-01,4.237835109233856201e-01,6.431321054697036743e-02,8.411876112222671509e-02,3.402440845966339111e-01,2.484231293201446533e-01,1.624902784824371338e-01,4.722862541675567627e-01,4.244464039802551270e-01
5.084110498428344727e-01,3.541072905063629150e-01,7.579580545425415039e-01,6.771442890167236328e-01,8.598923683166503906e-02,4.055261611938476562e-01,7.846296429634094238e-01,3.180989325046539307e-01,4.264796078205108643e-01,3.393253982067108154e-01,2.328114360570907593e-01,2.978485822677612305e-01,3.338038325309753418e-01,4.097915589809417725e-01,2.990942597389221191e-01,3.112267255783081055e-01,7.566896677017211914e-01,1.764602065086364746e-01,4.293746054172515869e-01,1.277934014797210693e-01,1.200080513954162598e-01,5.529069155454635620e-02,3.322435617446899414e-01,3.613035380840301514e-01,1.431932449340820312e-01,1.000000000000000000e+00,2.859837114810943604e-01,5.285902023315429688e-01,4.683012664318084717e-01,5.008605718612670898e-01,1.259144395589828491e-01,1.073216050863265991e-01,4.381961822509765625e-01,4.161092340946197510e-01,5.234735012054443359e-01,4.067645370960235596e-01,3.536411523818969727e-01,4.522153437137603760e-01,1.874173283576965332e-01,3.172247111797332764e-01,4.568127095699310303e-01,4.283953011035919189e-01,3.450600802898406982e-01,2.135756760835647583e-01,3.331033587455749512e-01,3.422916531562805176e-01,3.366760015487670898e-01,2.053535580635070801e-01
4.242656826972961426e-01,4.654179513454437256e-01,2.486601620912551880e-01,1.251285821199417114e-01,3.298030048608779907e-02,1.056980043649673462e-01,2.034467160701751709e-01,4.551099836826324463e-01,2.519521713256835938e-01,2.805503308773040771e-01,1.992111355066299438e-01,1.757768541574478149e-01,2.890757024288177490e-01,3.713024556636810303e-01,1.802024841308593750e-01,1.054681017994880676e-01,1.849245280027389526e-01,2.108301520347595215e-01,1.430936753749847412e-01,1.823516488075256348e-01,1.663968265056610107e-01,2.977566123008728027e-01,3.418580293655395508e-01,2.340055555105209351e-01,4.719158411026000977e-01,2.859837114810943604e-01,1.000000000000000000e+00,5.213394165039062500e-01,5.182571411132812500e-01,4.847851395606994629e-01,4.299978613853454590e-01,1.406801193952560425e-01,6.829599142074584961e-01,4.342001378536224365e-01,4.067060351371765137e-01,3.950884640216827393e-01,3.655679821968078613e-01,2.957985401153564453e-01,-7.789609581232070923e-02,1.266878545284271240e-01,3.695217072963714600e-01,3.704413771629333496e-01,2.437326312065124512e-01,4.136417806148529053e-01,2.323193401098251343e-01,1.793788969516754150e-01,2.721171081066131592e-01,2.693105041980743408e-01
7.610947489738464355e-01,4.837036430835723877e-01,6.251701116561889648e-01,6.077347993850708008e-01,2.423133999109268188e-01,3.996672630310058594e-01,5.559391975402832031e-01,4.691364765167236328e-01,4.052402079105377197e-01,4.172329008579254150e-01,3.166495859622955322e-01,3.883222341537475586e-01,4.285906553268432617e-01,2.650779187679290771e-01,3.376968204975128174e-01,3.175168633460998535e-01,4.438962638378143311e-01,1.947539299726486206e-01,2.363864332437515259e-01,1.978372782468795776e-01,2.980434596538543701e-01,3.129805028438568115e-01,4.032404720783233643e-01,4.376356303691864014e-01,5.768861770629882812e-01,5.285902023315429688e-01,5.213394165039062500e-01,1.000000000000000000e+00,7.793722748756408691e-01,5.309606790542602539e-01,3.786678314208984375e-01,3.140997290611267090e-01,4.921087324619293213e-01,3.753850460052490234e-01,4.249621629714965820e-01,5.005049705505371094e-01,2.615332305431365967e-01,3.693731129169464111e-01,2.442489862442016602e-01,3.074001073837280273e-01,6.113207936286926270e-01,3.883890509605407715e-01,3.420590460300445557e-01,3.965494334697723389e-01,3.792886734008789062e-01,3.223212957382202148e-01,4.415797591209411621e-01,2.989325821399688721e-01
7.039976119995117188e-01,5.912561416625976562e-01,4.433096647262573242e-01,5.089365243911743164e-01,3.553853929042816162e-01,4.405747652053833008e-01,4.901371598243713379e-01,5.036771297454833984e-01,4.446280598640441895e-01,4.283754825592041016e-01,3.109810352325439453e-01,3.691648244857788086e-01,4.769412279129028320e-01,2.991277277469635010e-01,2.836933732032775879e-01,4.137196540832519531e-01,3.867203295230865479e-01,1.875973045825958252e-01,2.441951930522918701e-01,2.834826707839965820e-01,3.484647870063781738e-01,2.977983057498931885e-01,4.597460031509399414e-01,4.396344125270843506e-01,4.981753230094909668e-01,4.683012664318084717e-01,5.182571411132812500e-01,7.793722748756408691e-01,1.000000000000000000e+00,5.992383360862731934e-01,3.955513536930084229e-01,3.153874278068542480e-01,5.113056898117065430e-01,3.416016995906829834e-01,3.794539272785186768e-01,5.105884075164794922e-01,3.186617195606231689e-01,3.288647532463073730e-01,2.609544098377227783e-01,3.454577028751373291e-01,5.822082757949829102e-01,4.964652955532073975e-01,4.383510947227478027e-01,3.805985152721405029e-01,4.164482057094573975e-01,3.707571029663085938e-01,4.282353818416595459e-01,3.123717904090881348e-01
5.344773530960083008e-01,3.995262980461120605e-01,3.959483206272125244e-01,3.938944637775421143e-01,1.225575357675552368e-01,3.017875552177429199e-01,4.896343648433685303e-01,4.332046806812286377e-01,3.664523363113403320e-01,3.573274612426757812e-01,3.375664949417114258e-01,3.769138157367706299e-01,4.356592297554016113e-01,4.815723299980163574e-01,4.074935913085937500e-01,3.036631047725677490e-01,4.592809975147247314e-01,3.614100217819213867e-01,3.498496413230895996e-01,3.494527935981750488e-01,3.508742749691009521e-01,4.307503104209899902e-01,4.661297798156738281e-01,3.527842164039611816e-01,2.339786589145660400e-01,5.008605718612670898e-01,4.847851395606994629e-01,5.309606790542602539e-01,5.992383360862731934e-01,1.000000000000000000e+00,6.288394927978515625e-01,2.322437465190887451e-01,5.327877998352050781e-01,4.787662923336029053e-01,4.389858543872833252e-01,3.988571763038635254e-01,4.255459308624267578e-01,4.214459061622619629e-01,1.228233873844146729e-01,1.839328706264495850e-01,3.429253995418548584e-01,5.346176028251647949e-01,4.517243504524230957e-01,2.146453559398651123e-01,2.573322057723999023e-01,2.767967581748962402e-01,3.868887126445770264e-01,2.716451287269592285e-01
4.104676544666290283e-01,2.182235270738601685e-01,3.905007243156433105e-02,1.018076837062835693e-01,1.350145339965820312e-01,1.181771010160446167e-01,1.378257870674133301e-01,3.791275918483734131e-01,1.887852698564529419e-01,2.688586115837097168e-01,3.495603501796722412e-01,2.987901270389556885e-01,4.036751091480255127e-01,3.718616366386413574e-01,4.187439084053039551e-01,2.682960927486419678e-01,1.862046122550964355e-01,6.742333769798278809e-01,2.948333621025085449e-01,5.187003016471862793e-01,5.636835098266601562e-01,8.234824538230895996e-01,5.207407474517822266e-01,2.622198462486267090e-01,3.373207449913024902e-01,1.259144395589828491e-01,4.299978613853454590e-01,3.786678314208984375e-01,3.955513536930084229e-01,6.288394927978515625e-01,1.000000000000000000e+00,5.141398906707763672e-01,4.620416164398193359e-01,2.946625053882598877e-01,2.475866079330444336e-01,3.023933470249176025e-01,2.641420364379882812e-01,3.145352900028228760e-01,1.640949249267578125e-01,9.440660476684570312e-02,1.355162709951400757e-01,3.643825054168701172e-01,3.310120999813079834e-01,1.143075004220008850e-01,9.231261163949966431e-02,1.355196982622146606e-01,4.638620018959045410e-01,4.295869767665863037e-01
3.490622341632843018e-01,2.641078829765319824e-01,1.065304875373840332e-01,3.435899019241333008e-01,5.233056545257568359e-01,4.524523913860321045e-01,2.713006436824798584e-01,2.837858498096466064e-01,2.407533824443817139e-01,4.090867042541503906e-01,3.104578852653503418e-01,3.881871700286865234e-01,4.023885726928710938e-01,3.293519467115402222e-02,3.310338854789733887e-01,5.126305222511291504e-01,2.284856736660003662e-01,3.094782531261444092e-01,2.910397052764892578e-01,4.006876647472381592e-01,5.851326584815979004e-01,6.993087530136108398e-01,6.173259615898132324e-01,6.363266706466674805e-01,4.350446164608001709e-01,1.073216050863265991e-01,1.406801193952560425e-01,3.140997290611267090e-01,3.153874278068542480e-01,2.322437465190887451e-01,5.141398906707763672e-01,1.000000000000000000e+00,1.796502321958541870e-01,-4.874060302972793579e-02,1.658110916614532471e-01,5.783768296241760254e-01,6.315588951110839844e-02,1.805333495140075684e-01,4.734234213829040527e-01,5.324456691741943359e-01,2.997331917285919189e-01,2.000296115875244141e-01,1.637121886014938354e-01,1.293132901191711426e-01,2.839891612529754639e-01,3.030193746089935303e-01,7.412751317024230957e-01,6.865997910499572754e-01
5.883099436759948730e-01,5.306851267814636230e-01,4.082161188125610352e-01,2.976504266262054443e-01,1.426294744014739990e-01,2.557044923305511475e-01,3.769129812717437744e-01,5.443334579467773438e-01,4.356644451618194580e-01,3.946897983551025391e-01,4.369015991687774658e-01,3.715874552726745605e-01,4.979937970638275146e-01,5.853917598724365234e-01,4.866715669631958008e-01,3.452768623828887939e-01,3.533054292201995850e-01,2.340430170297622681e-01,3.430297672748565674e-01,3.645330071449279785e-01,3.577785789966583252e-01,3.745677173137664795e-01,5.301069021224975586e-01,2.949680685997009277e-01,3.487915694713592529e-01,4.381961822509765625e-01,6.829599142074584961e-01,4.921087324619293213e-01,5.113056898117065430e-01,5.327877998352050781e-01,4.620416164398193359e-01,1.796502321958541870e-01,1.000000000000000000e+00,5.336397886276245117e-01,5.648944377899169922e-01,4.652058482170104980e-01,5.162072181701660156e-01,5.956473350524902344e-01,1.126861199736595154e-01,2.586724758148193359e-01,4.299129247665405273e-01,5.645121335983276367e-01,4.497779607772827148e-01,3.893306851387023926e-01,2.933035194873809814e-01,3.226729929447174072e-01,3.062175512313842773e-01,3.053926229476928711e-01
