1.000000000000000000e+00,1.025200821459293365e-02,2.247132360935211182e-01,3.939917385578155518e-01,2.889623939990997314e-01,3.350926339626312256e-01,3.632772862911224365e-01,2.162919342517852783e-01,2.536353282630443573e-02,9.644325822591781616e-02,1.038193255662918091e-01,9.000406414270401001e-02,1.723347604274749756e-01,2.744015119969844818e-02,6.474727392196655273e-02,1.100545674562454224e-01,1.721513420343399048e-01,1.200048252940177917e-01,1.956759095191955566e-01,2.336717098951339722e-01,1.937080621719360352e-01,1.062008440494537354e-01,1.212668418884277344e-01,2.003483772277832031e-01,2.902784049510955811e-01,2.990320622920989990e-01,2.404297590255737305e-01,3.526633083820343018e-01,3.076007366180419922e-01,2.812287397682666779e-02,-2.545312047004699707e-02,4.369297996163368225e-02,4.361183047294616699e-01,-3.323319554328918457e-02,-3.231573849916458130e-02,-2.308148192241787910e-03,-7.681530714035034180e-02,-9.532699733972549438e-02,7.727161049842834473e-03,7.037046551704406738e-02,1.773973554372787476e-01,2.891832962632179260e-02,1.098168864846229553e-01,-1.419958621263504028e-01,-4.090132191777229309e-02,1.558909118175506592e-01,1.784518361091613770e-01,-6.120841577649116516e-02
1.025200821459293365e-02,1.000000000000000000e+00,-4.771664738655090332e-02,1.891082711517810822e-02,3.550150692462921143e-01,2.428236454725265503e-01,3.464489281177520752e-01,2.945794463157653809e-01,1.837015450000762939e-01,4.973591566085815430e-01,1.381221264600753784e-01,4.348317533731460571e-02,3.192114531993865967e-01,1.476962417364120483e-01,-9.871795028448104858e-02,1.201180964708328247e-01,1.591992527246475220e-01,1.232619434595108032e-01,2.904764115810394287e-01,3.422856628894805908e-01,2.006808817386627197e-01,6.608461588621139526e-02,2.757546901702880859e-01,2.225872576236724854e-01,-1.875309497117996216e-01,2.380280345678329468e-01,1.754936277866363525e-01,1.067692339420318604e-01,3.676715493202209473e-01,2.612762618809938431e-04,-7.185764610767364502e-02,6.215819623321294785e-03,1.797823309898376465e-01,2.118005901575088501e-01,2.229130826890468597e-03,-1.339617650955915451e-03,-8.344553411006927490e-02,9.824086725711822510e-02,7.314568851143121719e-03,1.923287212848663330e-01,5.270498991012573242e-01,6.434912085533142090e-01,4.440392255783081055e-01,6.034770607948303223e-01,4.071568846702575684e-01,4.377818107604980469e-01,1.391815841197967529e-01,2.057573199272155762e-01
2.247132360935211182e-01,-4.771664738655090332e-02,1.000000000000000000e+00,4.350911378860473633e-01,7.692047208547592163e-02,3.414084613323211670e-01,2.988378703594207764e-01,2.143936157226562500e-01,-2.344161272048950195e-02,6.881967931985855103e-02,2.760533392429351807e-01,2.848398685455322266e-01,1.514308899641036987e-01,5.851347371935844421e-02,1.052426099777221680e-01,1.777853965759277344e-01,1.229423880577087402e-01,3.871379047632217407e-02,-1.407817006111145020e-01,-1.835539638996124268e-01,1.977822780609130859e-01,1.768441796302795410e-01,1.365301609039306641e-01,-3.776071220636367798e-02,4.777672514319419861e-02,3.034665286540985107e-01,1.606250703334808350e-01,4.464176595211029053e-01,2.227751463651657104e-01,1.853241920471191406e-01,9.318178147077560425e-02,-3.201688826084136963e-01,2.594481110572814941e-01,1.334771662950515747e-01,1.271249949932098389e-01,4.763135439134202898e-05,-1.515261381864547729e-01,2.572860755026340485e-02,2.004333287477493286e-01,7.602669298648834229e-02,7.427202910184860229e-02,-1.532921940088272095e-01,-2.126798629760742188e-01,-7.933758944272994995e-02,-1.616811729036271572e-03,2.574172429740428925e-02,-1.654399931430816650e-01,-4.731139913201332092e-02
3.939917385578155518e-01,1.891082711517810822e-02,4.350911378860473633e-01,1.000000000000000000e+00,7.117440551519393921e-02,1.278029084205627441e-01,4.052459895610809326e-01,9.634607285261154175e-02,-2.970909699797630310e-02,-1.544311176985502243e-02,-1.849095523357391357e-02,-1.611798107624053955e-01,-1.466526389122009277e-01,-1.843304336071014404e-01,-2.530262060463428497e-02,3.234148621559143066e-01,2.068071216344833374e-01,1.973525285720825195e-01,2.662512958049774170e-01,2.012712508440017700e-01,2.255061827600002289e-02,1.599459648132324219e-01,8.474928140640258789e-02,9.192825108766555786e-02,-4.416234791278839111e-02,3.450987040996551514e-01,4.392130300402641296e-02,1.695218533277511597e-01,1.949174255132675171e-01,-7.092957198619842529e-02,-9.615626186132431030e-02,-1.123437285423278809e-01,1.280379146337509155e-01,8.707722276449203491e-02,1.732806116342544556e-01,1.730111688375473022e-01,-1.208351626992225647e-01,1.874275691807270050e-02,2.964310646057128906e-01,1.293434500694274902e-01,1.070272028446197510e-01,4.855316132307052612e-02,4.689171537756919861e-02,-1.309689283370971680e-01,-4.092309251427650452e-02,9.056571125984191895e-02,-7.686966098845005035e-03,2.489676885306835175e-02
2.889623939990997314e-01,3.550150692462921143e-01,7.692047208547592163e-02,7.117440551519393921e-02,1.000000000000000000e+00,6.120330691337585449e-01,3.849875926971435547e-01,3.354220092296600342e-01,5.660204216837882996e-02,4.683572947978973389e-01,8.803363144397735596e-02,1.841456443071365356e-01,4.957776963710784912e-01,1.237657219171524048e-01,2.858128398656845093e-02,-8.152727968990802765e-03,1.982982754707336426e-01,4.869820084422826767e-03,7.361338287591934204e-02,1.865262091159820557e-01,1.951813101768493652e-01,4.911666736006736755e-03,2.225292921066284180e-01,2.484944760799407959e-01,1.082362830638885498e-01,1.312298774719238281e-01,2.767133712768554688e-01,3.551838696002960205e-01,2.934840917587280273e-01,2.829889580607414246e-02,-6.406155973672866821e-02,-5.443112459033727646e-03,2.601299881935119629e-01,1.555669605731964111e-01,-1.699324846267700195e-01,-6.312432885169982910e-02,-2.028895169496536255e-01,-2.694481424987316132e-02,-1.972110569477081299e-01,2.216527462005615234e-01,4.478466212749481201e-01,2.649640440940856934e-01,1.559475362300872803e-01,2.580708265304565430e-01,1.488987207412719727e-01,2.376148402690887451e-01,2.007371336221694946e-01,1.720771342515945435e-01
3.350926339626312256e-01,2.428236454725265503e-01,3.414084613323211670e-01,1.278029084205627441e-01,6.120330691337585449e-01,1.000000000000000000e+00,3.047094345092773438e-01,2.893978357315063477e-01,7.383310049772262573e-02,3.411120474338531494e-01,1.476000398397445679e-01,3.263523578643798828e-01,4.544677436351776123e-01,9.872418642044067383e-02,6.864799559116363525e-02,-1.097559090703725815e-02,5.262827128171920776e-02,-9.220783412456512451e-02,-4.225787147879600525e-02,2.764651924371719360e-02,2.950257956981658936e-01,3.740295022726058960e-02,1.653489768505096436e-01,1.643741428852081299e-01,1.676016002893447876e-01,1.092708110809326172e-01,3.235700130462646484e-01,5.144169926643371582e-01,3.625397086143493652e-01,1.229884698987007141e-01,-3.238372504711151123e-02,-1.413617134094238281e-01,3.077588081359863281e-01,1.007579118013381958e-01,-1.174199953675270081e-01,-7.429997436702251434e-03,-1.822540611028671265e-01,-6.166570261120796204e-02,-1.227165088057518005e-01,2.299780100584030151e-01,4.919733703136444092e-01,1.190203353762626648e-01,5.346904043108224869e-03,1.492393761873245239e-01,2.025140374898910522e-01,1.271671801805496216e-01,1.143545210361480713e-01,3.198925405740737915e-02
3.632772862911224365e-01,3.464489281177520752e-01,2.988378703594207764e-01,4.052459895610809326e-01,3.849875926971435547e-01,3.047094345092773438e-01,1.000000000000000000e+00,4.046542048454284668e-01,2.347319275140762329e-01,3.912202119827270508e-01,1.439021527767181396e-01,1.028115525841712952e-01,2.155666500329971313e-01,1.569260507822036743e-01,1.060567498207092285e-01,2.506981492042541504e-01,6.777095198631286621e-01,5.014497041702270508e-01,4.916569888591766357e-01,3.910208046436309814e-01,5.791473761200904846e-02,2.182322591543197632e-01,3.643610477447509766e-01,4.083451330661773682e-01,9.848094731569290161e-02,7.060375213623046875e-01,1.452118158340454102e-01,2.974216043949127197e-01,5.302647352218627930e-01,1.510434001684188843e-01,3.405435243621468544e-03,3.689241036772727966e-02,3.170426785945892334e-01,2.415113449096679688e-01,1.206085756421089172e-01,1.758505254983901978e-01,-3.446850180625915527e-02,1.543254852294921875e-01,2.350956499576568604e-01,3.390125632286071777e-01,2.377020418643951416e-01,4.389367699623107910e-01,4.050615727901458740e-01,1.255921274423599243e-01,1.142889782786369324e-01,5.306777358055114746e-01,2.546181678771972656e-01,1.199789345264434814e-01
2.162919342517852783e-01,2.945794463157653809e-01,2.143936157226562500e-01,9.634607285261154175e-02,3.354220092296600342e-01,2.893978357315063477e-01,4.046542048454284668e-01,1.000000000000000000e+00,2.196836769580841064e-01,2.762893736362457275e-01,4.763135612010955811e-01,3.259387910366058350e-01,1.869340091943740845e-01,4.347541928291320801e-01,2.189587503671646118e-01,2.519011199474334717e-01,2.423568814992904663e-01,1.651677489280700684e-01,1.317145824432373047e-01,4.699824377894401550e-02,5.893631651997566223e-02,7.862853258848190308e-02,2.446832358837127686e-01,2.449435293674468994e-01,2.052591592073440552e-01,3.334998190402984619e-01,3.772751986980438232e-01,2.906745672225952148e-01,2.768204808235168457e-01,3.096294105052947998e-01,1.162345185875892639e-01,-2.569661661982536316e-02,4.343698024749755859e-01,5.262717008590698242e-01,1.875862777233123779e-01,-3.838466480374336243e-02,1.054496988654136658e-01,3.655453026294708252e-01,1.246209517121315002e-01,4.572232663631439209e-01,1.065107583999633789e-01,1.129254996776580811e-01,1.271524876356124878e-01,1.715829968452453613e-01,1.389070451259613037e-01,2.166893184185028076e-01,1.664906889200210571e-01,3.422688692808151245e-02
2.536353282630443573e-02,1.837015450000762939e-01,-2.344161272048950195e-02,-2.970909699797630310e-02,5.660204216837882996e-02,7.383310049772262573e-02,2.347319275140762329e-01,2.196836769580841064e-01,1.000000000000000000e+00,3.377899229526519775e-01,1.339297592639923096e-01,3.326833546161651611e-01,1.148805394768714905e-01,6.519816815853118896e-02,8.162375539541244507e-03,1.173259839415550232e-01,2.249457985162734985e-01,1.852299571037292480e-01,1.298558413982391357e-01,2.403711527585983276e-02,-8.855845034122467041e-02,7.108741998672485352e-02,1.727746278047561646e-01,1.483062952756881714e-01,5.486814305186271667e-02,1.934324502944946289e-01,9.005015343427658081e-02,1.052521765232086182e-01,2.047880738973617554e-01,1.727817654609680176e-01,8.663052320480346680e-02,3.204774484038352966e-02,1.944482028484344482e-01,1.573685556650161743e-01,2.256381064653396606e-01,1.842871606349945068e-01,1.191386952996253967e-01,1.333861947059631348e-01,2.037786245346069336e-01,1.790076196193695068e-01,8.839111030101776123e-02,1.074824854731559753e-01,1.488938182592391968e-01,3.135042488574981689e-01,-1.246524229645729065e-01,2.328602522611618042e-01,1.519506424665451050e-02,9.549110382795333862e-02
9.644325822591781616e-02,4.973591566085815430e-01,6.881967931985855103e-02,-1.544311176985502243e-02,4.683572947978973389e-01,3.411120474338531494e-01,3.912202119827270508e-01,2.762893736362457275e-01,3.377899229526519775e-01,1.000000000000000000e+00,1.473148465156555176e-01,3.556960225105285645e-01,4.984601140022277832e-01,5.478128418326377869e-02,-2.616933174431324005e-02,6.613948196172714233e-02,1.995908766984939575e-01,7.882133126258850098e-02,6.178416684269905090e-02,1.651856601238250732e-01,2.088640034198760986e-01,1.016909331083297729e-01,3.527252972126007080e-01,2.937759757041931152e-01,1.607069559395313263e-02,2.133549749851226807e-01,1.592632979154586792e-01,3.227972090244293213e-01,3.928494751453399658e-01,2.024167478084564209e-01,5.996008589863777161e-02,-5.797413736581802368e-02,2.067879736423492432e-01,1.712125241756439209e-01,2.345404773950576782e-02,2.175801806151866913e-02,-1.260012239217758179e-01,8.295518159866333008e-02,6.103345379233360291e-02,2.089119851589202881e-01,3.488780260086059570e-01,4.157864153385162354e-01,2.856894731521606445e-01,4.712977409362792969e-01,2.005311101675033569e-01,5.709089040756225586e-01,1.664215922355651855e-01,1.781698316335678101e-01
1.038193255662918091e-01,1.381221264600753784e-01,2.760533392429351807e-01,-1.849095523357391357e-02,8.803363144397735596e-02,1.476000398397445679e-01,1.439021527767181396e-01,4.763135612010955811e-01,1.339297592639923096e-01,1.473148465156555176e-01,1.000000000000000000e+00,4.332178831100463867e-01,2.285450845956802368e-01,2.718850672245025635e-01,1.548869162797927856e-01,2.003441601991653442e-01,5.533937364816665649e-02,6.561058014631271362e-02,-1.149826347827911377e-01,-2.421049401164054871e-02,3.191881775856018066e-01,2.574176788330078125e-01,2.456367909908294678e-01,6.339185684919357300e-02,9.328382462263107300e-02,1.206106394529342651e-01,2.526848018169403076e-01,3.442081511020660400e-01,2.315368503332138062e-01,4.320923686027526855e-01,3.447470366954803467e-01,-2.773313224315643311e-02,2.682147324085235596e-01,3.418738842010498047e-01,2.515492737293243408e-01,-1.242740731686353683e-02,7.193677872419357300e-02,2.993931174278259277e-01,1.417975723743438721e-01,2.208261936902999878e-01,8.411686867475509644e-02,2.361511439085006714e-02,-8.101434446871280670e-03,2.426968142390251160e-02,9.745679795742034912e-02,1.747840493917465210e-01,6.431924551725387573e-02,1.544329244643449783e-02
9.000406414270401001e-02,4.348317533731460571e-02,2.848398685455322266e-01,-1.611798107624053955e-01,1.841456443071365356e-01,3.263523578643798828e-01,1.028115525841712952e-01,3.259387910366058350e-01,3.326833546161651611e-01,3.556960225105285645e-01,4.332178831100463867e-01,1.000000000000000000e+00,4.362051486968994141e-01,1.906308233737945557e-01,1.517111659049987793e-01,7.870792597532272339e-02,6.540166586637496948e-02,-6.380351632833480835e-02,-2.874511182308197021e-01,-2.344653755426406860e-01,2.943522930145263672e-01,1.257601529359817505e-01,1.249641552567481995e-01,-4.451453685760498047e-02,2.812979519367218018e-01,6.657853722572326660e-02,2.592345774173736572e-01,4.918414056301116943e-01,2.293763458728790283e-01,4.704057574272155762e-01,2.233593463897705078e-01,-1.322004199028015137e-01,4.303345978260040283e-01,1.916178762912750244e-01,1.164201796054840088e-01,-1.500438749790191650e-01,8.086809515953063965e-02,1.259576231241226196e-01,-3.327252343297004700e-02,6.166531890630722046e-02,6.471580266952514648e-02,-1.473016440868377686e-01,-2.103091776371002197e-01,1.047994792461395264e-01,-1.795283257961273193e-01,3.907178714871406555e-02,-1.139767542481422424e-01,-8.757295459508895874e-02
1.723347604274749756e-01,3.192114531993865967e-01,1.514308899641036987e-01,-1.466526389122009277e-01,4.957776963710784912e-01,4.544677436351776123e-01,2.155666500329971313e-01,1.869340091943740845e-01,1.148805394768714905e-01,4.984601140022277832e-01,2.285450845956802368e-01,4.362051486968994141e-01,1.000000000000000000e+00,1.451480537652969360e-01,4.553558677434921265e-02,-2.076707407832145691e-02,6.842792499810457230e-03,-4.306421056389808655e-02,-1.258879452943801880e-01,1.709620207548141479e-01,5.023298263549804688e-01,2.271891534328460693e-01,3.860537707805633545e-01,2.081701606512069702e-01,3.090038895606994629e-02,1.044338792562484741e-01,1.267161071300506592e-01,3.786742091178894043e-01,3.004948794841766357e-01,2.391083538532257080e-01,2.263170927762985229e-01,4.417460411787033081e-02,2.312287092208862305e-01,-1.107941567897796631e-02,-1.452445238828659058e-01,-2.112234570086002350e-02,-1.491854488849639893e-01,-8.078095316886901855e-02,-1.474146395921707153e-01,1.004392653703689575e-01,3.387624621391296387e-01,2.314351946115493774e-01,1.715296059846878052e-01,3.149012029170989990e-01,2.826979942619800568e-02,2.870222330093383789e-01,1.498895585536956787e-01,1.748524159193038940e-01
2.744015119969844818e-02,1.476962417364120483e-01,5.851347371935844421e-02,-1.843304336071014404e-01,1.237657219171524048e-01,9.872418642044067383e-02,1.569260507822036743e-01,4.347541928291320801e-01,6.519816815853118896e-02,5.478128418326377869e-02,2.718850672245025635e-01,1.906308233737945557e-01,1.451480537652969360e-01,1.000000000000000000e+00,3.394628465175628662e-01,2.743617445230484009e-02,1.731557995080947876e-01,1.042215600609779358e-01,4.874976724386215210e-02,-5.039541050791740417e-02,7.113873492926359177e-03,-3.641268983483314514e-02,8.355374634265899658e-02,1.049827560782432556e-01,1.154075041413307190e-01,1.610328704118728638e-01,3.202939331531524658e-01,6.738302856683731079e-02,9.433980286121368408e-02,1.959832757711410522e-01,4.022971168160438538e-02,-5.616901069879531860e-02,2.177578061819076538e-01,2.783572673797607422e-01,-5.530885979533195496e-02,-1.998593956232070923e-01,2.309228926897048950e-01,3.985000848770141602e-01,-1.644585132598876953e-01,1.530804187059402466e-01,-1.512355729937553406e-02,-9.233364835381507874e-03,2.217068709433078766e-02,1.327363699674606323e-01,4.749830812215805054e-02,3.618887811899185181e-02,2.050549909472465515e-02,2.675810642540454865e-02
6.474727392196655273e-02,-9.871795028448104858e-02,1.052426099777221680e-01,-2.530262060463428497e-02,2.858128398656845093e-02,6.864799559116363525e-02,1.060567498207092285e-01,2.189587503671646118e-01,8.162375539541244507e-03,-2.616933174431324005e-02,1.548869162797927856e-01,1.517111659049987793e-01,4.553558677434921265e-02,3.394628465175628662e-01,1.000000000000000000e+00,4.437472522258758545e-01,7.531420141458511353e-02,1.758659482002258301e-01,-2.117474505212157965e-04,-4.254407063126564026e-02,4.712592810392379761e-02,3.933061286807060242e-02,1.079031080007553101e-01,-8.226176351308822632e-02,8.922165632247924805e-02,1.457760632038116455e-01,1.148678362369537354e-01,5.738690868020057678e-02,8.349489420652389526e-02,1.993473917245864868e-01,1.297538131475448608e-01,-1.599336266517639160e-01,7.606309652328491211e-02,3.635899126529693604e-01,-5.976776406168937683e-02,-2.261281907558441162e-01,3.055756986141204834e-01,5.122262835502624512e-01,-6.757056713104248047e-02,7.836475223302841187e-02,-3.781606256961822510e-02,-1.892884969711303711e-01,-2.498747967183589935e-02,-1.293676495552062988e-01,1.170637458562850952e-01,5.191041529178619385e-02,-6.182264536619186401e-02,-2.594602406024932861e-01
1.100545674562454224e-01,1.201180964708328247e-01,1.777853965759277344e-01,3.234148621559143066e-01,-8.152727968990802765e-03,-1.097559090703725815e-02,2.506981492042541504e-01,2.519011199474334717e-01,1.173259839415550232e-01,6.613948196172714233e-02,2.003441601991653442e-01,7.870792597532272339e-02,-2.076707407832145691e-02,2.743617445230484009e-02,4.437472522258758545e-01,1.000000000000000000e+00,1.358183324337005615e-01,2.929160594940185547e-01,1.393632888793945312e-01,9.214763343334197998e-02,6.212279573082923889e-02,2.778089344501495361e-01,3.038719892501831055e-01,2.366013079881668091e-02,-3.657362237572669983e-02,2.903838455677032471e-01,1.392819881439208984e-01,9.528286755084991455e-02,1.965636909008026123e-01,1.822570860385894775e-01,2.072249054908752441e-01,-4.057494178414344788e-02,1.074217781424522400e-01,4.086972773075103760e-01,3.113787472248077393e-01,3.195914626121520996e-02,2.185968607664108276e-01,4.601960182189941406e-01,3.303854763507843018e-01,2.483745366334915161e-01,1.079438105225563049e-01,2.330553485080599785e-03,9.495906531810760498e-02,-5.277186259627342224e-02,1.149972006678581238e-01,1.497595757246017456e-01,3.127865493297576904e-02,-6.051214411854743958e-02
1.721513420343399048e-01,1.591992527246475220e-01,1.229423880577087402e-01,2.068071216344833374e-01,1.982982754707336426e-01,5.262827128171920776e-02,6.777095198631286621e-01,2.423568814992904663e-01,2.249457985162734985e-01,1.995908766984939575e-01,5.533937364816665649e-02,6.540166586637496948e-02,6.842792499810457230e-03,1.731557995080947876e-01,7.531420141458511353e-02,1.358183324337005615e-01,1.000000000000000000e+00,5.929797291755676270e-01,4.891504347324371338e-01,2.832501530647277832e-01,-7.256910204887390137e-02,2.158042639493942261e-01,2.027921974658966064e-01,3.614552319049835205e-01,1.802582889795303345e-01,4.701426029205322266e-01,4.255113005638122559e-02,7.062468677759170532e-02,2.487262338399887085e-01,1.458425372838973999e-01,-1.177294552326202393e-02,1.970777660608291626e-01,2.252498418092727661e-01,1.943203806877136230e-01,7.251561433076858521e-02,2.188746035099029541e-01,1.214531585574150085e-01,1.160369068384170532e-01,2.041981816291809082e-01,2.239922285079956055e-01,1.932640746235847473e-02,2.835489213466644287e-01,2.729970514774322510e-01,6.725246459245681763e-02,-5.938327684998512268e-02,2.899526953697204590e-01,2.573947012424468994e-01,2.215261906385421753e-01
1.200048252940177917e-01,1.232619434595108032e-01,3.871379047632217407e-02,1.973525285720825195e-01,4.869820084422826767e-03,-9.220783412456512451e-02,5.014497041702270508e-01,1.651677489280700684e-01,1.852299571037292480e-01,7.882133126258850098e-02,6.561058014631271362e-02,-6.380351632833480835e-02,-4.306421056389808655e-02,1.042215600609779358e-01,1.758659482002258301e-01,2.929160594940185547e-01,5.929797291755676270e-01,1.000000000000000000e+00,6.072546243667602539e-01,4.982431530952453613e-01,8.474318683147430420e-02,4.306080043315887451e-01,3.406695127487182617e-01,2.972880303859710693e-01,-6.561660021543502808e-02,5.286498665809631348e-01,-9.467611461877822876e-02,-1.393908541649580002e-02,3.569020032882690430e-01,2.119033485651016235e-01,2.248404026031494141e-01,3.099085688591003418e-01,5.442398414015769958e-02,9.734857827425003052e-02,1.614602804183959961e-01,2.085745930671691895e-01,2.004484981298446655e-01,2.405406087636947632e-01,3.429620862007141113e-01,1.504544764757156372e-01,-1.182838343083858490e-02,3.046973347663879395e-01,4.762089848518371582e-01,5.622475594282150269e-02,8.433654159307479858e-02,3.962605893611907959e-01,2.786371111869812012e-01,1.683722734451293945e-01
1.956759095191955566e-01,2.904764115810394287e-01,-1.407817006111145020e-01,2.662512958049774170e-01,7.361338287591934204e-02,-4.225787147879600525e-02,4.916569888591766357e-01,1.317145824432373047e-01,1.298558413982391357e-01,6.178416684269905090e-02,-1.149826347827911377e-01,-2.874511182308197021e-01,-1.258879452943801880e-01,4.874976724386215210e-02,-2.117474505212157965e-04,1.393632888793945312e-01,4.891504347324371338e-01,6.072546243667602539e-01,1.000000000000000000e+00,6.578857302665710449e-01,-8.453343063592910767e-02,7.987097650766372681e-02,1.188279166817665100e-01,2.958079278469085693e-01,-1.251248549669981003e-02,4.693004190921783447e-01,-7.917494326829910278e-02,-9.623138606548309326e-02,3.406949937343597412e-01,-9.545598924160003662e-02,-1.931577026844024658e-01,2.505089938640594482e-01,6.467221677303314209e-02,4.703881964087486267e-02,7.741453498601913452e-02,2.076806426048278809e-01,1.237788125872612000e-01,8.273591846227645874e-02,2.132153213024139404e-01,1.672452688217163086e-01,8.978048712015151978e-02,4.687205851078033447e-01,6.669027805328369141e-01,1.183318868279457092e-01,7.940609753131866455e-02,3.597578704357147217e-01,2.374501675367355347e-01,1.078061461448669434e-01
2.336717098951339722e-01,3.422856628894805908e-01,-1.835539638996124268e-01,2.012712508440017700e-01,1.865262091159820557e-01,2.764651924371719360e-02,3.910208046436309814e-01,4.699824377894401550e-02,2.403711527585983276e-02,1.651856601238250732e-01,-2.421049401164054871e-02,-2.344653755426406860e-01,1.709620207548141479e-01,-5.039541050791740417e-02,-4.254407063126564026e-02,9.214763343334197998e-02,2.832501530647277832e-01,4.982431530952453613e-01,6.578857302665710449e-01,1.000000000000000000e+00,3.853864967823028564e-01,3.146722912788391113e-01,2.916072309017181396e-01,2.924616932868957520e-01,-2.512154877185821533e-01,3.611401021480560303e-01,-2.557002305984497070e-01,-4.343688115477561951e-02,3.698979914188385010e-01,-4.716562852263450623e-02,-1.975828548893332481e-03,3.522492349147796631e-01,-7.594926655292510986e-02,-8.169222623109817505e-02,1.137047633528709412e-02,2.138556241989135742e-01,-1.859147846698760986e-02,-1.323369331657886505e-02,1.680823564529418945e-01,1.174702197313308716e-01,2.419863343238830566e-01,5.496742725372314453e-01,6.490721702575683594e-01,1.607241183519363403e-01,1.560950130224227905e-01,4.665623605251312256e-01,3.462668955326080322e-01,2.090457677841186523e-01
1.937080621719360352e-01,2.006808817386627197e-01,1.977822780609130859e-01,2.255061827600002289e-02,1.951813101768493652e-01,2.950257956981658936e-01,5.791473761200904846e-02,5.893631651997566223e-02,-8.855845034122467041e-02,2.088640034198760986e-01,3.191881775856018066e-01,2.943522930145263672e-01,5.023298263549804688e-01,7.113873492926359177e-03,4.712592810392379761e-02,6.212279573082923889e-02,-7.256910204887390137e-02,8.474318683147430420e-02,-8.453343063592910767e-02,3.853864967823028564e-01,1.000000000000000000e+00,4.508000612258911133e-01,2.782772779464721680e-01,-5.244520958513021469e-03,-2.249507457017898560e-01,3.769829496741294861e-02,-1.360145062208175659e-01,2.778092622756958008e-01,2.643006145954132080e-01,2.929615080356597900e-01,3.307895064353942871e-01,6.755000352859497070e-02,-8.619717322289943695e-03,-4.710511863231658936e-02,-3.552433103322982788e-02,-2.587350271642208099e-02,-1.430689543485641479e-01,-4.970912262797355652e-02,2.173116616904735565e-02,-5.732686072587966919e-02,3.208567798137664795e-01,1.903133541345596313e-01,9.356909990310668945e-02,7.986681908369064331e-02,1.685294210910797119e-01,2.054472416639328003e-01,1.096110120415687561e-01,7.093223184347152710e-02
1.062008440494537354e-01,6.608461588621139526e-02,1.768441796302795410e-01,1.599459648132324219e-01,4.911666736006736755e-03,3.740295022726058960e-02,2.182322591543197632e-01,7.862853258848190308e-02,7.108741998672485352e-02,1.016909331083297729e-01,2.574176788330078125e-01,1.257601529359817505e-01,2.271891534328460693e-01,-3.641268983483314514e-02,3.933061286807060242e-02,2.778089344501495361e-01,2.158042639493942261e-01,4.306080043315887451e-01,7.987097650766372681e-02,3.146722912788391113e-01,4.508000612258911133e-01,1.000000000000000000e+00,5.293405055999755859e-01,3.226784467697143555e-01,-1.881942301988601685e-01,2.353632152080535889e-01,-7.280015200376510620e-02,1.526447087526321411e-01,2.138582915067672729e-01,3.831785917282104492e-01,5.954492092132568359e-01,4.084605872631072998e-01,-1.185981207527220249e-03,4.500474780797958374e-03,2.350606173276901245e-01,3.025093376636505127e-01,-1.052962988615036011e-01,1.085106283426284790e-01,3.334885835647583008e-01,2.236188203096389771e-01,1.420565098524093628e-01,1.439363807439804077e-01,1.541270464658737183e-01,1.031027920544147491e-02,6.550903618335723877e-02,2.683978676795959473e-01,3.656777739524841309e-01,4.164519906044006348e-01
1.212668418884277344e-01,2.757546901702880859e-01,1.365301609039306641e-01,8.474928140640258789e-02,2.225292921066284180e-01,1.653489768505096436e-01,3.643610477447509766e-01,2.446832358837127686e-01,1.727746278047561646e-01,3.527252972126007080e-01,2.456367909908294678e-01,1.249641552567481995e-01,3.860537707805633545e-01,8.355374634265899658e-02,1.079031080007553101e-01,3.038719892501831055e-01,2.027921974658966064e-01,3.406695127487182617e-01,1.188279166817665100e-01,2.916072309017181396e-01,2.782772779464721680e-01,5.293405055999755859e-01,1.000000000000000000e+00,4.758635461330413818e-01,-1.320724785327911377e-01,2.839185595512390137e-01,8.156510442495346069e-02,1.715937554836273193e-01,3.087642192840576172e-01,2.069136500358581543e-01,3.427345156669616699e-01,3.311904966831207275e-01,9.369336813688278198e-02,1.277635544538497925e-01,2.168896943330764771e-01,4.063879251480102539e-01,-8.687148988246917725e-02,1.992520242929458618e-01,3.542658984661102295e-01,5.105541348457336426e-01,2.243232131004333496e-01,2.858432531356811523e-01,3.477210998535156250e-01,2.014008611440658569e-01,1.350718140602111816e-01,4.444304406642913818e-01,3.950203061103820801e-01,5.279925465583801270e-01
2.003483772277832031e-01,2.225872576236724854e-01,-3.776071220636367798e-02,9.192825108766555786e-02,2.484944760799407959e-01,1.643741428852081299e-01,4.083451330661773682e-01,2.449435293674468994e-01,1.483062952756881714e-01,2.937759757041931152e-01,6.339185684919357300e-02,-4.451453685760498047e-02,2.081701606512069702e-01,1.049827560782432556e-01,-8.226176351308822632e-02,2.366013079881668091e-02,3.614552319049835205e-01,2.972880303859710693e-01,2.958079278469085693e-01,2.924616932868957520e-01,-5.244520958513021469e-03,3.226784467697143555e-01,4.758635461330413818e-01,1.000000000000000000e+00,1.124738231301307678e-01,2.941778600215911865e-01,9.680268913507461548e-02,5.476737767457962036e-02,2.030917257070541382e-01,9.504894912242889404e-02,1.674323379993438721e-01,5.427150726318359375e-01,1.507116705179214478e-01,5.008532479405403137e-02,6.873892992734909058e-02,5.728906393051147461e-01,-9.929679334163665771e-02,2.265834808349609375e-02,2.309572100639343262e-01,5.442209243774414062e-01,1.467007398605346680e-01,3.348758220672607422e-01,3.525429069995880127e-01,2.305744588375091553e-01,4.436154663562774658e-02,3.574701249599456787e-01,6.768842935562133789e-01,4.687002897262573242e-01
2.902784049510955811e-01,-1.875309497117996216e-01,4.777672514319419861e-02,-4.416234791278839111e-02,1.082362830638885498e-01,1.676016002893447876e-01,9.848094731569290161e-02,2.052591592073440552e-01,5.486814305186271667e-02,1.607069559395313263e-02,9.328382462263107300e-02,2.812979519367218018e-01,3.090038895606994629e-02,1.154075041413307190e-01,8.922165632247924805e-02,-3.657362237572669983e-02,1.802582889795303345e-01,-6.561660021543502808e-02,-1.251248549669981003e-02,-2.512154877185821533e-01,-2.249507457017898560e-01,-1.881942301988601685e-01,-1.320724785327911377e-01,1.124738231301307678e-01,1.000000000000000000e+00,5.282652098685503006e-03,3.964576721191406250e-01,2.439642846584320068e-01,1.786725968122482300e-02,8.385919034481048584e-02,-1.082837581634521484e-01,-3.310267627239227295e-02,4.788415729999542236e-01,1.082870587706565857e-01,-5.305831134319305420e-02,-7.862538844347000122e-02,7.519054412841796875e-02,-3.121906891465187073e-02,-1.666302084922790527e-01,8.259978890419006348e-02,-1.061788722872734070e-01,-2.357198148965835571e-01,-1.734965741634368896e-01,-1.325230598449707031e-01,-2.152174264192581177e-01,-1.588932722806930542e-01,6.941255927085876465e-02,-1.004315838217735291e-01
2.990320622920989990e-01,2.380280345678329468e-01,3.034665286540985107e-01,3.450987040996551514e-01,1.312298774719238281e-01,1.092708110809326172e-01,7.060375213623046875e-01,3.334998190402984619e-01,1.934324502944946289e-01,2.133549749851226807e-01,1.206106394529342651e-01,6.657853722572326660e-02,1.044338792562484741e-01,1.610328704118728638e-01,1.457760632038116455e-01,2.903838455677032471e-01,4.701426029205322266e-01,5.286498665809631348e-01,4.693004190921783447e-01,3.611401021480560303e-01,3.769829496741294861e-02,2.353632152080535889e-01,2.839185595512390137e-01,2.941778600215911865e-01,5.282652098685503006e-03,1.000000000000000000e+00,6.301041692495346069e-02,2.359121441841125488e-01,5.616170167922973633e-01,1.651889085769653320e-01,7.166498154401779175e-02,4.486176371574401855e-02,2.565168142318725586e-01,1.835485845804214478e-01,2.159601449966430664e-01,1.302080154418945312e-01,3.312865644693374634e-02,1.996304988861083984e-01,3.124730885028839111e-01,2.282355874776840210e-01,1.350342184305191040e-01,3.724482059478759766e-01,4.279356002807617188e-01,5.757000669836997986e-02,6.659324467182159424e-02,4.916731715202331543e-01,1.919655948877334595e-01,-8.484258316457271576e-03
2.404297590255737305e-01,1.754936277866363525e-01,1.606250703334808350e-01,4.392130300402641296e-02,2.767133712768554688e-01,3.235700130462646484e-01,1.452118158340454102e-01,3.772751986980438232e-01,9.005015343427658081e-02,1.592632979154586792e-01,2.526848018169403076e-01,2.592345774173736572e-01,1.267161071300506592e-01,3.202939331531524658e-01,1.148678362369537354e-01,1.392819881439208984e-01,4.255113005638122559e-02,-9.467611461877822876e-02,-7.917494326829910278e-02,-2.557002305984497070e-01,-1.360145062208175659e-01,-7.280015200376510620e-02,8.156510442495346069e-02,9.680268913507461548e-02,3.964576721191406250e-01,6.301041692495346069e-02,1.000000000000000000e+00,2.890345156192779541e-01,1.595138758420944214e-01,6.666310876607894897e-02,-4.158105328679084778e-02,-9.590885788202285767e-02,5.647056102752685547e-01,2.512355446815490723e-01,-9.765889495611190796e-02,-1.231597587466239929e-01,8.149136602878570557e-02,1.164360195398330688e-01,-1.901950836181640625e-01,2.649138569831848145e-01,1.878693103790283203e-01,-1.305927634239196777e-01,-1.092481762170791626e-01,1.527998000383377075e-01,5.700701847672462463e-03,-8.598475158214569092e-02,-1.761844381690025330e-02,1.859157532453536987e-02
3.526633083820343018e-01,1.067692339420318604e-01,4.464176595211029053e-01,1.695218533277511597e-01,3.551838696002960205e-01,5.144169926643371582e-01,2.974216043949127197e-01,2.906745672225952148e-01,1.052521765232086182e-01,3.227972090244293213e-01,3.442081511020660400e-01,4.918414056301116943e-01,3.786742091178894043e-01,6.738302856683731079e-02,5.738690868020057678e-02,9.528286755084991455e-02,7.062468677759170532e-02,-1.393908541649580002e-02,-9.623138606548309326e-02,-4.343688115477561951e-02,2.778092622756958008e-01,1.526447087526321411e-01,1.715937554836273193e-01,5.476737767457962036e-02,2.439642846584320068e-01,2.359121441841125488e-01,2.890345156192779541e-01,1.000000000000000000e+00,5.467697381973266602e-01,3.397701680660247803e-01,1.617951989173889160e-01,-1.425263285636901855e-01,4.078474640846252441e-01,1.741544157266616821e-02,1.174659207463264465e-01,-7.754899561405181885e-02,-1.716284304857254028e-01,1.897120103240013123e-02,-3.585301339626312256e-02,1.023587062954902649e-01,2.401114106178283691e-01,-2.081061899662017822e-02,-4.567747563123703003e-02,2.646612562239170074e-02,1.002493873238563538e-02,1.334653049707412720e-01,3.362594544887542725e-02,-1.490397751331329346e-02
3.076007366180419922e-01,3.676715493202209473e-01,2.227751463651657104e-01,1.949174255132675171e-01,2.934840917587280273e-01,3.625397086143493652e-01,5.302647352218627930e-01,2.768204808235168457e-01,2.047880738973617554e-01,3.928494751453399658e-01,2.315368503332138062e-01,2.293763458728790283e-01,3.004948794841766357e-01,9.433980286121368408e-02,8.349489420652389526e-02,1.965636909008026123e-01,2.487262338399887085e-01,3.569020032882690430e-01,3.406949937343597412e-01,3.698979914188385010e-01,2.643006145954132080e-01,2.138582915067672729e-01,3.087642192840576172e-01,2.030917257070541382e-01,1.786725968122482300e-02,5.616170167922973633e-01,1.595138758420944214e-01,5.467697381973266602e-01,1.000000000000000000e+00,3.106505274772644043e-01,1.459523439407348633e-01,3.224828094244003296e-02,3.082830905914306641e-01,3.714077174663543701e-02,1.673649102449417114e-01,7.110278308391571045e-02,-8.431758731603622437e-02,1.205304712057113647e-01,9.518899768590927124e-02,1.496491283178329468e-01,3.606084287166595459e-01,4.083185493946075439e-01,4.024628102779388428e-01,1.664401739835739136e-01,2.000598609447479248e-01,4.944015741348266602e-01,2.000730335712432861e-01,1.384358387440443039e-03
2.812287397682666779e-02,2.612762618809938431e-04,1.853241920471191406e-01,-7.092957198619842529e-02,2.829889580607414246e-02,1.229884698987007141e-01,1.510434001684188843e-01,3.096294105052947998e-01,1.727817654609680176e-01,2.024167478084564209e-01,4.320923686027526855e-01,4.704057574272155762e-01,2.391083538532257080e-01,1.959832757711410522e-01,1.993473917245864868e-01,1.822570860385894775e-01,1.458425372838973999e-01,2.119033485651016235e-01,-9.545598924160003662e-02,-4.716562852263450623e-02,2.929615080356597900e-01,3.831785917282104492e-01,2.069136500358581543e-01,9.504894912242889404e-02,8.385919034481048584e-02,1.651889085769653320e-01,6.666310876607894897e-02,3.397701680660247803e-01,3.106505274772644043e-01,1.000000000000000000e+00,6.616786718368530273e-01,3.167336806654930115e-02,1.151691675186157227e-01,2.607494592666625977e-01,2.240055352449417114e-01,3.764295950531959534e-02,3.250113874673843384e-02,2.907347083091735840e-01,1.213733106851577759e-01,1.379644572734832764e-01,6.036251038312911987e-02,-7.606454659253358841e-03,-5.491523537784814835e-03,-9.556829929351806641e-02,5.392801016569137573e-02,1.901413798332214355e-01,1.462497413158416748e-01,-7.797204703092575073e-02
-2.545312047004699707e-02,-7.185764610767364502e-02,9.318178147077560425e-02,-9.615626186132431030e-02,-6.406155973672866821e-02,-3.238372504711151123e-02,3.405435243621468544e-03,1.162345185875892639e-01,8.663052320480346680e-02,5.996008589863777161e-02,3.447470366954803467e-01,2.233593463897705078e-01,2.263170927762985229e-01,4.022971168160438538e-02,1.297538131475448608e-01,2.072249054908752441e-01,-1.177294552326202393e-02,2.248404026031494141e-01,-1.931577026844024658e-01,-1.975828548893332481e-03,3.307895064353942871e-01,5.954492092132568359e-01,3.427345156669616699e-01,1.674323379993438721e-01,-1.082837581634521484e-01,7.166498154401779175e-02,-4.158105328679084778e-02,1.617951989173889160e-01,1.459523439407348633e-01,6.616786718368530273e-01,1.000000000000000000e+00,2.679498195648193359e-01,-6.856795400381088257e-02,1.045255139470100403e-01,2.589989900588989258e-01,1.976931393146514893e-01,-3.547596558928489685e-02,2.178301513195037842e-01,1.759627759456634521e-01,1.187133863568305969e-01,4.498372972011566162e-02,-3.253468871116638184e-02,1.145079359412193298e-02,-8.434110134840011597e-02,1.032260730862617493e-01,1.762143820524215698e-01,3.295907378196716309e-01,1.007266491651535034e-01
4.369297996163368225e-02,6.215819623321294785e-03,-3.201688826084136963e-01,-1.123437285423278809e-01,-5.443112459033727646e-03,-1.413617134094238281e-01,3.689241036772727966e-02,-2.569661661982536316e-02,3.204774484038352966e-02,-5.797413736581802368e-02,-2.773313224315643311e-02,-1.322004199028015137e-01,4.417460411787033081e-02,-5.616901069879531860e-02,-1.599336266517639160e-01,-4.057494178414344788e-02,1.970777660608291626e-01,3.099085688591003418e-01,2.505089938640594482e-01,3.522492349147796631e-01,6.755000352859497070e-02,4.084605872631072998e-01,3.311904966831207275e-01,5.427150726318359375e-01,-3.310267627239227295e-02,4.486176371574401855e-02,-9.590885788202285767e-02,-1.425263285636901855e-01,3.224828094244003296e-02,3.167336806654930115e-02,2.679498195648193359e-01,1.000000000000000000e+00,-7.452506572008132935e-02,-1.300593614578247070e-01,8.654431998729705811e-02,4.949955940246582031e-01,9.564016759395599365e-02,-4.490775614976882935e-02,1.339241117238998413e-01,2.791866362094879150e-01,-6.557637359946966171e-03,1.857492774724960327e-01,3.202663362026214600e-01,6.958729028701782227e-02,-8.643499016761779785e-02,1.108239591121673584e-01,5.897836685180664062e-01,4.903498589992523193e-01
4.361183047294616699e-01,1.797823309898376465e-01,2.594481110572814941e-01,1.280379146337509155e-01,2.601299881935119629e-01,3.077588081359863281e-01,3.170426785945892334e-01,4.343698024749755859e-01,1.944482028484344482e-01,2.067879736423492432e-01,2.682147324085235596e-01,4.303345978260040283e-01,2.312287092208862305e-01,2.177578061819076538e-01,7.606309652328491211e-02,1.074217781424522400e-01,2.252498418092727661e-01,5.442398414015769958e-02,6.467221677303314209e-02,-7.594926655292510986e-02,-8.619717322289943695e-03,-1.185981207527220249e-03,9.369336813688278198e-02,1.507116705179214478e-01,4.788415729999542236e-01,2.565168142318725586e-01,5.647056102752685547e-01,4.078474640846252441e-01,3.082830905914306641e-01,1.151691675186157227e-01,-6.856795400381088257e-02,-7.452506572008132935e-02,1.000000000000000000e+00,1.428337991237640381e-01,-8.657888323068618774e-02,-1.045097112655639648e-01,4.553864523768424988e-02,-2.210218645632266998e-02,-7.613656669855117798e-02,1.456978768110275269e-01,1.008904725313186646e-01,-5.004202574491500854e-02,-2.374708279967308044e-02,1.145434975624084473e-01,-8.068036288022994995e-02,8.075430244207382202e-02,1.452618278563022614e-02,-4.302996769547462463e-02
