1.000000000000000000e+00,3.731164336204528809e-01,2.637768089771270752e-01,3.539934158325195312e-01,5.644714832305908203e-01,5.209826827049255371e-01,-9.679032117128372192e-02,3.087854087352752686e-01,3.828686475753784180e-01,-1.203624382615089417e-01,3.673082888126373291e-01,-1.091537252068519592e-01,-3.907263875007629395e-01,1.167188882827758789e-01,-5.452158860862255096e-03,-2.537052929401397705e-01,-2.059644609689712524e-01,-1.637614220380783081e-01,-2.216322571039199829e-01,-3.002894520759582520e-01,-2.934107184410095215e-01,8.560133725404739380e-02,-1.181454584002494812e-01,-7.949447631835937500e-02,4.044348895549774170e-01,1.271426677703857422e-01,1.285371780395507812e-01,7.043077945709228516e-01,4.959326088428497314e-01,-2.594844102859497070e-01,-1.682062894105911255e-01,1.360222250223159790e-01,3.089802265167236328e-01,2.896676659584045410e-01,-1.138861477375030518e-01,-6.104147061705589294e-02,1.645924337208271027e-02,-2.682458162307739258e-01,-7.440321892499923706e-02,-2.147541493177413940e-01,6.101554036140441895e-01,6.741172075271606445e-02,-2.375565618276596069e-01,2.856687009334564209e-01,-2.334625571966171265e-01,-1.637683510780334473e-01,-1.498412042856216431e-01,3.571426570415496826e-01
3.731164336204528809e-01,1.000000000000000000e+00,4.007677435874938965e-01,5.207951664924621582e-01,4.977607727050781250e-01,5.977301597595214844e-01,2.215276807546615601e-01,3.057233691215515137e-01,4.917423129081726074e-01,3.861448168754577637e-01,4.715403020381927490e-01,4.200409054756164551e-01,1.601103246212005615e-01,3.164077103137969971e-01,5.284158587455749512e-01,2.880730032920837402e-01,3.795339912176132202e-02,-9.704393893480300903e-02,6.702008843421936035e-02,-2.502450346946716309e-02,-1.052363216876983643e-01,-1.845480799674987793e-01,-1.230855509638786316e-01,8.603139221668243408e-02,2.802601456642150879e-01,3.654217720031738281e-01,3.197076618671417236e-01,5.856713652610778809e-01,6.266593933105468750e-01,1.895477771759033203e-01,-2.811695821583271027e-02,-1.177635118365287781e-01,2.963394224643707275e-01,2.447480261325836182e-01,3.716249167919158936e-01,3.078017234802246094e-01,1.968998014926910400e-01,3.750831484794616699e-01,3.708191215991973877e-01,4.574572294950485229e-02,6.444540619850158691e-01,5.531440973281860352e-01,3.312481939792633057e-01,6.273654103279113770e-01,3.910939991474151611e-01,3.381332755088806152e-01,-3.695172443985939026e-02,-4.607318341732025146e-02
2.637768089771270752e-01,4.007677435874938965e-01,1.000000000000000000e+00,8.416391611099243164e-01,2.840217053890228271e-01,4.461483955383300781e-01,6.023327112197875977e-01,-1.919265538454055786e-01,1.598667204380035400e-01,4.600717425346374512e-01,5.545641854405403137e-02,4.706475734710693359e-01,1.638012826442718506e-01,-4.613428190350532532e-02,4.396825134754180908e-01,2.296573370695114136e-01,3.604912161827087402e-01,1.182475313544273376e-01,3.636243939399719238e-01,1.593874245882034302e-01,-2.150530368089675903e-02,-2.524402141571044922e-01,-2.603001594543457031e-01,-1.249230727553367615e-01,1.250756084918975830e-01,8.435255289077758789e-01,4.631040990352630615e-02,6.440997123718261719e-01,4.748505055904388428e-01,8.230655640363693237e-02,-1.511107534170150757e-01,-2.708581686019897461e-01,-1.593326479196548462e-01,-1.209082007408142090e-01,2.470088601112365723e-01,-6.046075373888015747e-02,-1.316473186016082764e-01,2.209336906671524048e-01,2.429505288600921631e-01,-2.233695983886718750e-01,3.349177837371826172e-01,4.769249856472015381e-01,3.227690458297729492e-01,2.729992568492889404e-01,3.107085525989532471e-01,4.419104456901550293e-01,-1.886224448680877686e-01,-3.611407577991485596e-01
3.539934158325195312e-01,5.207951664924621582e-01,8.416391611099243164e-01,1.000000000000000000e+00,3.721441626548767090e-01,6.615064740180969238e-01,5.094568133354187012e-01,-8.968021720647811890e-02,2.684975862503051758e-01,4.484115839004516602e-01,1.880421638488769531e-01,4.849002063274383545e-01,7.521713525056838989e-02,3.738779947161674500e-02,4.409365653991699219e-01,1.587843596935272217e-01,2.342998683452606201e-01,4.291186109185218811e-02,2.712922394275665283e-01,4.971709847450256348e-02,-1.095564439892768860e-01,-2.680782973766326904e-01,-3.094423413276672363e-01,-1.693308204412460327e-01,2.030305713415145874e-01,7.009394168853759766e-01,8.107037097215652466e-02,6.816136240959167480e-01,5.202654004096984863e-01,1.235368568450212479e-02,-2.045485973358154297e-01,-2.393118590116500854e-01,-6.697335839271545410e-02,-1.683687604963779449e-02,2.387388497591018677e-01,-1.230107620358467102e-01,-3.985086083412170410e-02,1.486837714910507202e-01,2.036636620759963989e-01,-3.150714933872222900e-01,5.030816197395324707e-01,5.366368889808654785e-01,3.035501241683959961e-01,3.637540638446807861e-01,2.794105112552642822e-01,4.089568555355072021e-01,-2.152674794197082520e-01,-3.149288296699523926e-01
5.644714832305908203e-01,4.977607727050781250e-01,2.840217053890228271e-01,3.721441626548767090e-01,1.000000000000000000e+00,4.663089811801910400e-01,-3.504179790616035461e-02,3.706570863723754883e-01,3.081595599651336670e-01,6.304920464754104614e-02,2.791992127895355225e-01,9.229544550180435181e-02,-2.119742929935455322e-01,1.912617683410644531e-01,1.574208438396453857e-01,-7.445111125707626343e-02,-1.004071831703186035e-01,-3.212222829461097717e-02,-1.220399737358093262e-01,-1.872292608022689819e-01,-1.586932092905044556e-01,-5.882774665951728821e-02,-1.328894644975662231e-01,-2.189381048083305359e-02,8.134212344884872437e-02,2.212636470794677734e-01,1.826646625995635986e-01,4.693385064601898193e-01,3.102699220180511475e-01,-1.978697478771209717e-01,-1.474905293434858322e-02,-6.434616167098283768e-03,4.295166432857513428e-01,2.449785023927688599e-01,9.191804379224777222e-02,1.592643186450004578e-02,5.351917818188667297e-02,-2.525175735354423523e-02,7.433048635721206665e-02,-7.934021204710006714e-02,5.915228724479675293e-01,1.826619654893875122e-01,-7.451166957616806030e-02,2.777324914932250977e-01,-3.347688168287277222e-02,1.873683929443359375e-02,-1.125953868031501770e-01,2.478107810020446777e-02
5.209826827049255371e-01,5.977301597595214844e-01,4.461483955383300781e-01,6.615064740180969238e-01,4.663089811801910400e-01,1.000000000000000000e+00,2.286876440048217773e-01,1.825537979602813721e-01,5.129321813583374023e-01,3.053244948387145996e-01,4.559408724308013916e-01,3.305622637271881104e-01,-7.317842543125152588e-02,2.989083230495452881e-01,3.763168752193450928e-01,5.523814633488655090e-02,-3.450971841812133789e-02,-1.831628084182739258e-01,6.080761924386024475e-02,-1.100065857172012329e-01,-2.314948886632919312e-01,-2.579922676086425781e-01,-2.650738954544067383e-01,-2.106496095657348633e-01,3.135440647602081299e-01,3.197987079620361328e-01,1.365928053855895996e-01,6.290383338928222656e-01,5.459344387054443359e-01,-1.554258614778518677e-01,-2.679919004440307617e-01,-1.912727504968643188e-01,1.189618855714797974e-01,2.312071919441223145e-01,1.663631200790405273e-01,-5.433409661054611206e-02,1.685607135295867920e-01,8.363855630159378052e-02,1.830087900161743164e-01,-1.867258995771408081e-01,6.713054180145263672e-01,4.937692284584045410e-01,1.322849839925765991e-01,5.097777843475341797e-01,1.541947424411773682e-01,1.932820081710815430e-01,-2.377004623413085938e-01,-1.240115016698837280e-01
-9.679032117128372192e-02,2.215276807546615601e-01,6.023327112197875977e-01,5.094568133354187012e-01,-3.504179790616035461e-02,2.286876440048217773e-01,1.000000000000000000e+00,-3.293961584568023682e-01,2.370527945458889008e-02,5.102087855339050293e-01,-7.678886502981185913e-02,4.717671275138854980e-01,5.411722660064697266e-01,-9.174659103155136108e-02,3.954469859600067139e-01,4.819734096527099609e-01,8.099034428596496582e-01,3.340985476970672607e-01,6.432087421417236328e-01,5.401152968406677246e-01,2.960881590843200684e-01,-1.656298488378524780e-01,8.292993903160095215e-02,1.011499669402837753e-02,1.462163031101226807e-01,7.374322414398193359e-01,5.565527826547622681e-03,2.459353655576705933e-01,2.832689285278320312e-01,4.845573902130126953e-01,2.091767452657222748e-02,-3.353914916515350342e-01,-3.130832016468048096e-01,-2.976587414741516113e-01,3.309951126575469971e-01,8.390975743532180786e-02,-1.802131384611129761e-01,3.218180835247039795e-01,3.326471149921417236e-01,9.471381455659866333e-02,4.364051856100559235e-03,5.249829888343811035e-01,5.609274506568908691e-01,1.318870186805725098e-01,4.874988794326782227e-01,5.369427204132080078e-01,-1.060542166233062744e-01,-4.541074037551879883e-01
3.087854087352752686e-01,3.057233691215515137e-01,-1.919265538454055786e-01,-8.968021720647811890e-02,3.706570863723754883e-01,1.825537979602813721e-01,-3.293961584568023682e-01,1.000000000000000000e+00,3.781007528305053711e-01,-1.953807175159454346e-01,4.150416553020477295e-01,-2.584039866924285889e-01,-6.737361848354339600e-02,4.048369824886322021e-01,-1.654029935598373413e-01,-2.093377709388732910e-01,-3.106802105903625488e-01,-3.923580795526504517e-02,-3.283779621124267578e-01,-9.647454321384429932e-02,7.272600382566452026e-02,2.425589859485626221e-01,1.014476343989372253e-01,1.181361526250839233e-01,2.286387681961059570e-01,-2.012384980916976929e-01,1.100420132279396057e-01,1.681453138589859009e-01,2.271516807377338409e-02,-1.136907786130905151e-01,1.522155106067657471e-01,2.699858248233795166e-01,2.512616813182830811e-01,3.387013077735900879e-01,-5.674238875508308411e-02,2.264046221971511841e-01,3.115015923976898193e-01,-1.170005351305007935e-01,1.144044026732444763e-01,2.468493133783340454e-01,4.351050555706024170e-01,-9.345006197690963745e-02,-1.168398708105087280e-01,2.465778738260269165e-01,-1.131837144494056702e-01,-1.920594722032546997e-01,1.400922704488039017e-02,3.458126187324523926e-01
3.828686475753784180e-01,4.917423129081726074e-01,1.598667204380035400e-01,2.684975862503051758e-01,3.081595599651336670e-01,5.129321813583374023e-01,2.370527945458889008e-02,3.781007528305053711e-01,1.000000000000000000e+00,3.418998718261718750e-01,8.199470043182373047e-01,3.454985022544860840e-01,-1.020389422774314880e-01,6.048955917358398438e-01,4.048945903778076172e-01,1.287657618522644043e-01,-2.527800798416137695e-01,-4.147863984107971191e-01,-1.929171532392501831e-01,-3.635076284408569336e-01,-2.630574107170104980e-01,-2.690341472625732422e-01,-2.081282138824462891e-01,-2.246216684579849243e-01,2.625922560691833496e-01,1.162737458944320679e-01,1.544083356857299805e-01,4.140576124191284180e-01,5.326142907142639160e-01,3.135691396892070770e-03,-1.902928501367568970e-01,-1.567236483097076416e-01,1.735313534736633301e-01,4.853469431400299072e-01,1.725098639726638794e-01,1.686154007911682129e-01,4.944994151592254639e-01,2.237564325332641602e-01,2.180985361337661743e-01,8.632465451955795288e-02,5.050271749496459961e-01,5.442741513252258301e-01,8.060789108276367188e-02,6.930004954338073730e-01,2.230806797742843628e-01,2.890114486217498779e-01,-2.190070450305938721e-01,2.299162000417709351e-02
-1.203624382615089417e-01,3.861448168754577637e-01,4.600717425346374512e-01,4.484115839004516602e-01,6.304920464754104614e-02,3.053244948387145996e-01,5.102087855339050293e-01,-1.953807175159454346e-01,3.418998718261718750e-01,1.000000000000000000e+00,3.011426031589508057e-01,8.618885278701782227e-01,4.422686398029327393e-01,3.269832730293273926e-01,7.947192192077636719e-01,6.065673232078552246e-01,2.663273215293884277e-01,-8.479192107915878296e-02,4.863977432250976562e-01,1.816989779472351074e-01,1.447589136660099030e-02,-4.338652193546295166e-01,-2.471712380647659302e-01,-1.256985962390899658e-01,4.743149504065513611e-02,5.152053236961364746e-01,1.211548522114753723e-01,2.290475964546203613e-01,4.016759395599365234e-01,3.363446891307830811e-01,-1.370534598827362061e-01,-2.859663069248199463e-01,-1.585062891244888306e-01,2.047032304108142853e-02,5.293062329292297363e-01,1.498804986476898193e-01,2.251763194799423218e-01,6.082717180252075195e-01,5.060164332389831543e-01,8.913262188434600830e-02,1.491334587335586548e-01,7.246627211570739746e-01,6.315180659294128418e-01,4.847811460494995117e-01,6.569932699203491211e-01,7.838278412818908691e-01,-5.621120333671569824e-02,-4.935064911842346191e-01
3.673082888126373291e-01,4.715403020381927490e-01,5.545641854405403137e-02,1.880421638488769531e-01,2.791992127895355225e-01,4.559408724308013916e-01,-7.678886502981185913e-02,4.150416553020477295e-01,8.199470043182373047e-01,3.011426031589508057e-01,1.000000000000000000e+00,3.143459558486938477e-01,-1.117344871163368225e-01,7.047526836395263672e-01,3.538581132888793945e-01,1.532259881496429443e-01,-3.350051045417785645e-01,-4.468349218368530273e-01,-2.433277666568756104e-01,-3.998625278472900391e-01,-2.824532389640808105e-01,-2.247839570045471191e-01,-2.159286141395568848e-01,-1.966581642627716064e-01,2.302680760622024536e-01,5.074778106063604355e-03,2.237638384103775024e-01,3.551155030727386475e-01,5.084308385848999023e-01,1.942946109920740128e-03,-2.242099940776824951e-01,-6.233307346701622009e-02,2.058929055929183960e-01,5.157150626182556152e-01,1.757159531116485596e-01,1.531732082366943359e-01,5.186672806739807129e-01,1.877383738756179810e-01,2.031604945659637451e-01,6.562329083681106567e-02,4.865379035472869873e-01,5.088298320770263672e-01,6.126452237367630005e-02,6.552550196647644043e-01,1.937944144010543823e-01,2.374062091112136841e-01,-1.552149057388305664e-01,1.056303381919860840e-01
-1.091537252068519592e-01,4.200409054756164551e-01,4.706475734710693359e-01,4.849002063274383545e-01,9.229544550180435181e-02,3.305622637271881104e-01,4.717671275138854980e-01,-2.584039866924285889e-01,3.454985022544860840e-01,8.618885278701782227e-01,3.143459558486938477e-01,1.000000000000000000e+00,3.898620009422302246e-01,3.345009386539459229e-01,8.388926982879638672e-01,5.727028846740722656e-01,2.278878092765808105e-01,-1.199079602956771851e-01,4.203506410121917725e-01,9.394498914480209351e-02,-3.911121934652328491e-02,-4.657736718654632568e-01,-2.715253233909606934e-01,-1.397348195314407349e-01,4.722358286380767822e-02,4.788030683994293213e-01,1.919949054718017578e-01,2.383784800767898560e-01,4.107787013053894043e-01,3.123577237129211426e-01,-1.461217552423477173e-01,-2.966372370719909668e-01,-4.594923928380012512e-02,5.607711896300315857e-02,5.529195666313171387e-01,1.139945834875106812e-01,2.099912613630294800e-01,6.268692612648010254e-01,4.277120828628540039e-01,1.852477528154850006e-02,1.722713857889175415e-01,7.626286149024963379e-01,5.713647007942199707e-01,5.202857851982116699e-01,6.110771298408508301e-01,7.411271929740905762e-01,-5.269962921738624573e-02,-4.793423116207122803e-01
-3.907263875007629395e-01,1.601103246212005615e-01,1.638012826442718506e-01,7.521713525056838989e-02,-2.119742929935455322e-01,-7.317842543125152588e-02,5.411722660064697266e-01,-6.737361848354339600e-02,-1.020389422774314880e-01,4.422686398029327393e-01,-1.117344871163368225e-01,3.898620009422302246e-01,1.000000000000000000e+00,1.018374860286712646e-01,3.889128267765045166e-01,6.582127809524536133e-01,5.595335364341735840e-01,4.115782976150512695e-01,5.622363090515136719e-01,6.624605655670166016e-01,4.948731958866119385e-01,4.028743132948875427e-02,3.247491419315338135e-01,3.821349442005157471e-01,7.649653404951095581e-02,3.521619737148284912e-01,3.564611822366714478e-02,-9.386795014142990112e-02,3.611563239246606827e-03,5.734953880310058594e-01,2.871381938457489014e-01,-8.639784902334213257e-02,-2.633957862854003906e-01,-2.108703255653381348e-01,4.398794770240783691e-01,5.260442495346069336e-01,4.946379363536834717e-02,4.965228736400604248e-01,6.283706426620483398e-01,5.084419250488281250e-01,-1.489696651697158813e-01,2.853241860866546631e-01,6.053287386894226074e-01,7.669531553983688354e-02,4.486822485923767090e-01,4.839949309825897217e-01,2.163887768983840942e-01,-2.552110254764556885e-01
1.167188882827758789e-01,3.164077103137969971e-01,-4.613428190350532532e-02,3.738779947161674500e-02,1.912617683410644531e-01,2.989083230495452881e-01,-9.174659103155136108e-02,4.048369824886322021e-01,6.048955917358398438e-01,3.269832730293273926e-01,7.047526836395263672e-01,3.345009386539459229e-01,1.018374860286712646e-01,1.000000000000000000e+00,3.971854746341705322e-01,2.648604214191436768e-01,-2.584671080112457275e-01,-2.675369083881378174e-01,-9.650812298059463501e-02,-1.854827105998992920e-01,-6.352733820676803589e-02,-1.427261233329772949e-01,-7.829007506370544434e-02,-9.105440974235534668e-02,1.017182171344757080e-01,-5.364000052213668823e-02,1.139989048242568970e-01,1.157439500093460083e-01,1.960985064506530762e-01,-2.944385632872581482e-02,-1.052516251802444458e-01,-1.854424178600311279e-02,1.657985746860504150e-01,3.879022300243377686e-01,1.663518399000167847e-01,2.345383763313293457e-01,6.926088333129882812e-01,2.679180204868316650e-01,3.339231908321380615e-01,2.347918599843978882e-01,2.835654020309448242e-01,3.831042051315307617e-01,5.303543433547019958e-02,5.019005537033081055e-01,1.928307861089706421e-01,2.516256868839263916e-01,-6.498127430677413940e-02,2.996446192264556885e-02
-5.452158860862255096e-03,5.284158587455749512e-01,4.396825134754180908e-01,4.409365653991699219e-01,1.574208438396453857e-01,3.763168752193450928e-01,3.954469859600067139e-01,-1.654029935598373413e-01,4.048945903778076172e-01,7.947192192077636719e-01,3.538581132888793945e-01,8.388926982879638672e-01,3.889128267765045166e-01,3.971854746341705322e-01,1.000000000000000000e+00,6.373452544212341309e-01,1.794169098138809204e-01,-1.363351196050643921e-01,4.238593280315399170e-01,9.606091678142547607e-02,-8.244204521179199219e-02,-4.105360805988311768e-01,-1.637813001871109009e-01,2.403313992545008659e-03,5.355652049183845520e-02,4.720223248004913330e-01,2.606377005577087402e-01,3.072814643383026123e-01,4.712628126144409180e-01,2.507358193397521973e-01,-1.399450153112411499e-01,-2.442323714494705200e-01,2.772480621933937073e-02,1.593661159276962280e-01,5.476610064506530762e-01,2.974883913993835449e-01,2.957953512668609619e-01,7.163310050964355469e-01,5.482162237167358398e-01,1.335173994302749634e-01,2.069444060325622559e-01,7.028297781944274902e-01,5.204075574874877930e-01,6.052718758583068848e-01,5.910848975181579590e-01,6.720134615898132324e-01,3.104172833263874054e-02,-3.645708560943603516e-01
-2.537052929401397705e-01,2.880730032920837402e-01,2.296573370695114136e-01,1.587843596935272217e-01,-7.445111125707626343e-02,5.523814633488655090e-02,4.819734096527099609e-01,-2.093377709388732910e-01,1.287657618522644043e-01,6.065673232078552246e-01,1.532259881496429443e-01,5.727028846740722656e-01,6.582127809524536133e-01,2.648604214191436768e-01,6.373452544212341309e-01,1.000000000000000000e+00,3.747946619987487793e-01,8.898276090621948242e-02,5.596229434013366699e-01,3.798656165599822998e-01,1.504084020853042603e-01,-2.081681042909622192e-01,6.551320105791091919e-02,1.721090823411941528e-01,9.353272616863250732e-03,3.687244951725006104e-01,5.190686509013175964e-02,-3.992067649960517883e-02,1.890971958637237549e-01,4.690922200679779053e-01,2.137795463204383850e-02,-2.015963196754455566e-01,-1.692861169576644897e-01,-8.947606384754180908e-02,4.010299742221832275e-01,4.495275616645812988e-01,2.412157803773880005e-01,6.006689071655273438e-01,6.636020541191101074e-01,3.127735257148742676e-01,-8.806979656219482422e-02,4.848518371582031250e-01,5.796016454696655273e-01,2.426752895116806030e-01,5.519013404846191406e-01,6.472066640853881836e-01,6.459101289510726929e-02,-3.440988659858703613e-01
-2.059644609689712524e-01,3.795339912176132202e-02,3.604912161827087402e-01,2.342998683452606201e-01,-1.004071831703186035e-01,-3.450971841812133789e-02,8.099034428596496582e-01,-3.106802105903625488e-01,-2.527800798416137695e-01,2.663273215293884277e-01,-3.350051045417785645e-01,2.278878092765808105e-01,5.595335364341735840e-01,-2.584671080112457275e-01,1.794169098138809204e-01,3.747946619987487793e-01,1.000000000000000000e+00,6.047064661979675293e-01,6.493743658065795898e-01,7.169297337532043457e-01,5.124856233596801758e-01,1.176067292690277100e-01,3.760188519954681396e-01,2.668098509311676025e-01,6.863514333963394165e-02,5.217713117599487305e-01,-6.482294201850891113e-02,7.790748495608568192e-03,-4.524239897727966309e-02,4.967174530029296875e-01,2.748509943485260010e-01,-1.166456267237663269e-01,-3.096108138561248779e-01,-4.431927800178527832e-01,2.308241277933120728e-01,1.390965431928634644e-01,-3.332061171531677246e-01,2.089499682188034058e-01,2.115932852029800415e-01,2.492310106754302979e-01,-1.474103927612304688e-01,2.288280576467514038e-01,4.644170105457305908e-01,-1.179998070001602173e-01,3.537517189979553223e-01,3.145289719104766846e-01,1.299872845411300659e-01,-2.907605767250061035e-01
-1.637614220380783081e-01,-9.704393893480300903e-02,1.182475313544273376e-01,4.291186109185218811e-02,-3.212222829461097717e-02,-1.831628084182739258e-01,3.340985476970672607e-01,-3.923580795526504517e-02,-4.147863984107971191e-01,-8.479192107915878296e-02,-4.468349218368530273e-01,-1.199079602956771851e-01,4.115782976150512695e-01,-2.675369083881378174e-01,-1.363351196050643921e-01,8.898276090621948242e-02,6.047064661979675293e-01,1.000000000000000000e+00,4.397982954978942871e-01,7.156441211700439453e-01,7.930771708488464355e-01,6.321881413459777832e-01,5.750151872634887695e-01,5.526942610740661621e-01,-4.299180582165718079e-02,1.877267658710479736e-01,-7.404167950153350830e-02,-1.621154397726058960e-01,-3.445042967796325684e-01,2.148809880018234253e-01,6.020064353942871094e-01,3.121439814567565918e-01,-8.892241865396499634e-02,-3.511142730712890625e-01,3.081610985100269318e-02,2.147500663995742798e-01,-2.686651349067687988e-01,-1.545579172670841217e-02,8.239750564098358154e-02,3.304032683372497559e-01,-1.417511105537414551e-01,-2.285319566726684570e-01,1.310234367847442627e-01,-3.515081405639648438e-01,-4.347623139619827271e-02,-7.210106402635574341e-02,3.569299578666687012e-01,7.247196882963180542e-02
-2.216322571039199829e-01,6.702008843421936035e-02,3.636243939399719238e-01,2.712922394275665283e-01,-1.220399737358093262e-01,6.080761924386024475e-02,6.432087421417236328e-01,-3.283779621124267578e-01,-1.929171532392501831e-01,4.863977432250976562e-01,-2.433277666568756104e-01,4.203506410121917725e-01,5.622363090515136719e-01,-9.650812298059463501e-02,4.238593280315399170e-01,5.596229434013366699e-01,6.493743658065795898e-01,4.397982954978942871e-01,1.000000000000000000e+00,7.318342328071594238e-01,3.582772612571716309e-01,7.966555655002593994e-03,8.888462930917739868e-02,1.789757013320922852e-01,-2.413732185959815979e-02,4.534304440021514893e-01,-5.799617990851402283e-02,-1.752383448183536530e-02,-3.486843407154083252e-02,2.837463021278381348e-01,1.152850463986396790e-01,-1.568353548645973206e-02,-3.579909205436706543e-01,-3.379732370376586914e-01,2.645228207111358643e-01,1.374318748712539673e-01,-1.974439471960067749e-01,3.235572576522827148e-01,4.352394938468933105e-01,1.435986310243606567e-01,-1.574140489101409912e-01,2.234748303890228271e-01,5.671752095222473145e-01,-2.054404653608798981e-02,3.506853282451629639e-01,4.466699063777923584e-01,1.254713982343673706e-01,-3.914896249771118164e-01
-3.002894520759582520e-01,-2.502450346946716309e-02,1.593874245882034302e-01,4.971709847450256348e-02,-1.872292608022689819e-01,-1.100065857172012329e-01,5.401152968406677246e-01,-9.647454321384429932e-02,-3.635076284408569336e-01,1.816989779472351074e-01,-3.998625278472900391e-01,9.394498914480209351e-02,6.624605655670166016e-01,-1.854827105998992920e-01,9.606091678142547607e-02,3.798656165599822998e-01,7.169297337532043457e-01,7.156441211700439453e-01,7.318342328071594238e-01,1.000000000000000000e+00,7.273170948028564453e-01,3.182456791400909424e-01,3.948174118995666504e-01,3.793233335018157959e-01,7.581260800361633301e-02,2.854083776473999023e-01,-1.241673082113265991e-01,-1.398579627275466919e-01,-2.575538456439971924e-01,3.603760898113250732e-01,4.524210989475250244e-01,1.179318949580192566e-01,-3.263622522354125977e-01,-4.369455575942993164e-01,1.617677062749862671e-01,2.369604259729385376e-01,-2.698476612567901611e-01,1.739215105772018433e-01,3.282664716243743896e-01,3.534150123596191406e-01,-2.148378938436508179e-01,-2.096750400960445404e-02,4.445878565311431885e-01,-1.878772526979446411e-01,2.596845328807830811e-01,2.043319940567016602e-01,2.213729619979858398e-01,-1.784659177064895630e-01
-2.934107184410095215e-01,-1.052363216876983643e-01,-2.150530368089675903e-02,-1.095564439892768860e-01,-1.586932092905044556e-01,-2.314948886632919312e-01,2.960881590843200684e-01,7.272600382566452026e-02,-2.630574107170104980e-01,1.447589136660099030e-02,-2.824532389640808105e-01,-3.911121934652328491e-02,4.948731958866119385e-01,-6.352733820676803589e-02,-8.244204521179199219e-02,1.504084020853042603e-01,5.124856233596801758e-01,7.930771708488464355e-01,3.582772612571716309e-01,7.273170948028564453e-01,1.000000000000000000e+00,5.437095165252685547e-01,5.834166407585144043e-01,4.415250420570373535e-01,-2.050430141389369965e-02,9.712084382772445679e-02,-3.978685662150382996e-02,-2.577113509178161621e-01,-3.240393996238708496e-01,2.818019092082977295e-01,6.667731404304504395e-01,2.497910559177398682e-01,-8.286575973033905029e-02,-2.286338806152343750e-01,1.298301368951797485e-01,2.502124011516571045e-01,-9.124790877103805542e-02,1.025193259119987488e-01,1.104020550847053528e-01,4.970853924751281738e-01,-1.801142543554306030e-01,-1.199467182159423828e-01,1.880230009555816650e-01,-2.102171182632446289e-01,7.942350953817367554e-02,-1.052799355238676071e-02,2.891044914722442627e-01,3.178573912009596825e-03
8.560133725404739380e-02,-1.845480799674987793e-01,-2.524402141571044922e-01,-2.680782973766326904e-01,-5.882774665951728821e-02,-2.579922676086425781e-01,-1.656298488378524780e-01,2.425589859485626221e-01,-2.690341472625732422e-01,-4.338652193546295166e-01,-2.247839570045471191e-01,-4.657736718654632568e-01,4.028743132948875427e-02,-1.427261233329772949e-01,-4.105360805988311768e-01,-2.081681042909622192e-01,1.176067292690277100e-01,6.321881413459777832e-01,7.966555655002593994e-03,3.182456791400909424e-01,5.437095165252685547e-01,1.000000000000000000e+00,6.590561866760253906e-01,5.678536295890808105e-01,-7.845801115036010742e-02,-2.343514263629913330e-01,-7.696197926998138428e-02,-2.178062498569488525e-01,-3.342773616313934326e-01,-7.441864907741546631e-02,5.623172521591186523e-01,6.916281580924987793e-01,8.426924049854278564e-02,-2.110465057194232941e-02,-2.255765646696090698e-01,1.916139125823974609e-01,-5.473586171865463257e-02,-2.853523492813110352e-01,-1.133130416274070740e-01,3.191208243370056152e-01,-9.034535288810729980e-02,-5.150412321090698242e-01,-2.016168236732482910e-01,-3.378699421882629395e-01,-3.910164237022399902e-01,-3.933434486389160156e-01,4.385989606380462646e-01,6.272144913673400879e-01
-1.181454584002494812e-01,-1.230855509638786316e-01,-2.603001594543457031e-01,-3.094423413276672363e-01,-1.328894644975662231e-01,-2.650738954544067383e-01,8.292993903160095215e-02,1.014476343989372253e-01,-2.081282138824462891e-01,-2.471712380647659302e-01,-2.159286141395568848e-01,-2.715253233909606934e-01,3.247491419315338135e-01,-7.829007506370544434e-02,-1.637813001871109009e-01,6.551320105791091919e-02,3.760188519954681396e-01,5.750151872634887695e-01,8.888462930917739868e-02,3.948174118995666504e-01,5.834166407585144043e-01,6.590561866760253906e-01,1.000000000000000000e+00,6.740318536758422852e-01,-1.781985014677047729e-01,-1.064161881804466248e-01,5.998274683952331543e-02,-2.546854019165039062e-01,-2.228518128395080566e-01,2.237409055233001709e-01,5.616766810417175293e-01,4.077623784542083740e-01,4.541873186826705933e-02,4.079411551356315613e-02,4.810820892453193665e-02,4.583375155925750732e-01,2.238026447594165802e-02,4.776839539408683777e-02,9.919239580631256104e-02,6.692328453063964844e-01,-1.864040195941925049e-01,-2.853663563728332520e-01,-1.537563093006610870e-02,-2.371178865432739258e-01,-1.540902554988861084e-01,-2.470928728580474854e-01,4.650878310203552246e-01,4.155253171920776367e-01
-7.949447631835937500e-02,8.603139221668243408e-02,-1.249230727553367615e-01,-1.693308204412460327e-01,-2.189381048083305359e-02,-2.106496095657348633e-01,1.011499669402837753e-02,1.181361526250839233e-01,-2.246216684579849243e-01,-1.256985962390899658e-01,-1.966581642627716064e-01,-1.397348195314407349e-01,3.821349442005157471e-01,-9.105440974235534668e-02,2.403313992545008659e-03,1.721090823411941528e-01,2.668098509311676025e-01,5.526942610740661621e-01,1.789757013320922852e-01,3.793233335018157959e-01,4.415250420570373535e-01,5.678536295890808105e-01,6.740318536758422852e-01,1.000000000000000000e+00,-1.201887056231498718e-01,1.408687978982925415e-02,1.773292124271392822e-01,-1.407081633806228638e-01,-8.606123924255371094e-02,2.947634756565093994e-01,5.756723880767822266e-01,4.511994421482086182e-01,1.294192969799041748e-01,3.265094384551048279e-02,1.602071672677993774e-01,6.443248391151428223e-01,-9.109540842473506927e-03,1.695549637079238892e-01,2.758869230747222900e-01,5.855860710144042969e-01,-6.714481860399246216e-02,-2.124723196029663086e-01,9.842157363891601562e-02,-1.055406332015991211e-01,-5.671463534235954285e-02,-1.375091820955276489e-01,6.522406339645385742e-01,2.965872287750244141e-01
4.044348895549774170e-01,2.802601456642150879e-01,1.250756084918975830e-01,2.030305713415145874e-01,8.134212344884872437e-02,3.135440647602081299e-01,1.462163031101226807e-01,2.286387681961059570e-01,2.625922560691833496e-01,4.743149504065513611e-02,2.302680760622024536e-01,4.722358286380767822e-02,7.649653404951095581e-02,1.017182171344757080e-01,5.355652049183845520e-02,9.353272616863250732e-03,6.863514333963394165e-02,-4.299180582165718079e-02,-2.413732185959815979e-02,7.581260800361633301e-02,-2.050430141389369965e-02,-7.845801115036010742e-02,-1.781985014677047729e-01,-1.201887056231498718e-01,1.000000000000000000e+00,7.909210771322250366e-02,-1.014002710580825806e-01,4.371912181377410889e-01,2.178000509738922119e-01,1.610293239355087280e-01,-6.624069809913635254e-02,-1.058707907795906067e-01,-6.235096976161003113e-02,-2.003163248300552368e-01,-6.805869936943054199e-02,4.855730757117271423e-02,-7.548166811466217041e-02,-1.379955559968948364e-01,7.963424175977706909e-02,-9.940530359745025635e-02,3.352666795253753662e-01,2.518311738967895508e-01,9.568960219621658325e-02,2.799342274665832520e-01,2.014349251985549927e-01,1.309836357831954956e-01,-1.063030362129211426e-01,1.350515484809875488e-01
1.271426677703857422e-01,3.654217720031738281e-01,8.435255289077758789e-01,7.009394168853759766e-01,2.212636470794677734e-01,3.197987079620361328e-01,7.374322414398193359e-01,-2.012384980916976929e-01,1.162737458944320679e-01,5.152053236961364746e-01,5.074778106063604355e-03,4.788030683994293213e-01,3.521619737148284912e-01,-5.364000052213668823e-02,4.720223248004913330e-01,3.687244951725006104e-01,5.217713117599487305e-01,1.877267658710479736e-01,4.534304440021514893e-01,2.854083776473999023e-01,9.712084382772445679e-02,-2.343514263629913330e-01,-1.064161881804466248e-01,1.408687978982925415e-02,7.909210771322250366e-02,1.000000000000000000e+00,9.700801223516464233e-02,5.333085656166076660e-01,4.870983660221099854e-01,3.323116302490234375e-01,-2.641011774539947510e-02,-2.809485495090484619e-01,-1.819069981575012207e-01,-1.150593310594558716e-01,3.611392080783843994e-01,1.014467179775238037e-01,-1.428441107273101807e-01,3.195059597492218018e-01,3.627383112907409668e-01,-1.469475124031305313e-02,2.257220894098281860e-01,5.080367922782897949e-01,4.639517664909362793e-01,2.473556548357009888e-01,4.004291296005249023e-01,5.083783268928527832e-01,-9.228434413671493530e-02,-4.060521423816680908e-01
1.285371780395507812e-01,3.197076618671417236e-01,4.631040990352630615e-02,8.107037097215652466e-02,1.826646625995635986e-01,1.365928053855895996e-01,5.565527826547622681e-03,1.100420132279396057e-01,1.544083356857299805e-01,1.211548522114753723e-01,2.237638384103775024e-01,1.919949054718017578e-01,3.564611822366714478e-02,1.139989048242568970e-01,2.606377005577087402e-01,5.190686509013175964e-02,-6.482294201850891113e-02,-7.404167950153350830e-02,-5.799617990851402283e-02,-1.241673082113265991e-01,-3.978685662150382996e-02,-7.696197926998138428e-02,5.998274683952331543e-02,1.773292124271392822e-01,-1.014002710580825806e-01,9.700801223516464233e-02,1.000000000000000000e+00,1.729697585105895996e-01,3.853741884231567383e-01,1.463456302881240845e-01,8.987662196159362793e-02,-1.019760128110647202e-02,5.199007987976074219e-01,3.289579153060913086e-01,1.990616917610168457e-01,2.215728163719177246e-01,1.159548088908195496e-01,3.139846026897430420e-01,1.205032691359519958e-01,8.947336673736572266e-02,2.356630414724349976e-01,1.458282470703125000e-01,1.347568631172180176e-01,2.541266083717346191e-01,1.148688197135925293e-01,4.264746233820915222e-02,1.563888192176818848e-01,-3.606383875012397766e-02
7.043077945709228516e-01,5.856713652610778809e-01,6.440997123718261719e-01,6.816136240959167480e-01,4.693385064601898193e-01,6.290383338928222656e-01,2.459353655576705933e-01,1.681453138589859009e-01,4.140576124191284180e-01,2.290475964546203613e-01,3.551155030727386475e-01,2.383784800767898560e-01,-9.386795014142990112e-02,1.157439500093460083e-01,3.072814643383026123e-01,-3.992067649960517883e-02,7.790748495608568192e-03,-1.621154397726058960e-01,-1.752383448183536530e-02,-1.398579627275466919e-01,-2.577113509178161621e-01,-2.178062498569488525e-01,-2.546854019165039062e-01,-1.407081633806228638e-01,4.371912181377410889e-01,5.333085656166076660e-01,1.729697585105895996e-01,1.000000000000000000e+00,7.030955553054809570e-01,-2.988404780626296997e-02,-2.226759195327758789e-01,-1.405467242002487183e-01,9.403005242347717285e-02,1.548256278038024902e-01,1.738580316305160522e-01,2.175284177064895630e-02,-3.277886658906936646e-02,2.545155026018619537e-02,1.440905779600143433e-01,-2.121046185493469238e-01,6.394839286804199219e-01,4.036813974380493164e-01,8.062438666820526123e-02,4.835992157459259033e-01,1.164349168539047241e-01,1.743542850017547607e-01,-1.758305430412292480e-01,3.348897770047187805e-02
4.959326088428497314e-01,6.266593933105468750e-01,4.748505055904388428e-01,5.202654004096984863e-01,3.102699220180511475e-01,5.459344387054443359e-01,2.832689285278320312e-01,2.271516807377338409e-02,5.326142907142639160e-01,4.016759395599365234e-01,5.084308385848999023e-01,4.107787013053894043e-01,3.611563239246606827e-03,1.960985064506530762e-01,4.712628126144409180e-01,1.890971958637237549e-01,-4.524239897727966309e-02,-3.445042967796325684e-01,-3.486843407154083252e-02,-2.575538456439971924e-01,-3.240393996238708496e-01,-3.342773616313934326e-01,-2.228518128395080566e-01,-8.606123924255371094e-02,2.178000509738922119e-01,4.870983660221099854e-01,3.853741884231567383e-01,7.030955553054809570e-01,1.000000000000000000e+00,2.315233200788497925e-01,-2.103494256734848022e-01,-2.128839939832687378e-01,2.037526816129684448e-01,3.847363293170928955e-01,3.149056732654571533e-01,1.677262336015701294e-01,1.598536968231201172e-01,3.037111759185791016e-01,1.985621005296707153e-01,-1.084280833601951599e-01,5.148900151252746582e-01,5.720371603965759277e-01,2.511295974254608154e-01,6.092125177383422852e-01,2.790753841400146484e-01,3.365765213966369629e-01,-8.015268296003341675e-02,-5.030189082026481628e-02
-2.594844102859497070e-01,1.895477771759033203e-01,8.230655640363693237e-02,1.235368568450212479e-02,-1.978697478771209717e-01,-1.554258614778518677e-01,4.845573902130126953e-01,-1.136907786130905151e-01,3.135691396892070770e-03,3.363446891307830811e-01,1.942946109920740128e-03,3.123577237129211426e-01,5.734953880310058594e-01,-2.944385632872581482e-02,2.507358193397521973e-01,4.690922200679779053e-01,4.967174530029296875e-01,2.148809880018234253e-01,2.837463021278381348e-01,3.603760898113250732e-01,2.818019092082977295e-01,-7.441864907741546631e-02,2.237409055233001709e-01,2.947634756565093994e-01,1.610293239355087280e-01,3.323116302490234375e-01,1.463456302881240845e-01,-2.988404780626296997e-02,2.315233200788497925e-01,1.000000000000000000e+00,3.270069062709808350e-01,-9.734776616096496582e-02,-9.389079362154006958e-02,-1.632587462663650513e-01,3.488656878471374512e-01,3.803755342960357666e-01,-8.475933223962783813e-02,3.549634814262390137e-01,2.860965430736541748e-01,3.094154298305511475e-01,-3.755316138267517090e-02,3.703672587871551514e-01,5.924155116081237793e-01,1.193517893552780151e-01,5.467073321342468262e-01,4.548480510711669922e-01,2.801534533500671387e-01,-1.702883243560791016e-01
-1.682062894105911255e-01,-2.811695821583271027e-02,-1.511107534170150757e-01,-2.045485973358154297e-01,-1.474905293434858322e-02,-2.679919004440307617e-01,2.091767452657222748e-02,1.522155106067657471e-01,-1.902928501367568970e-01,-1.370534598827362061e-01,-2.242099940776824951e-01,-1.461217552423477173e-01,2.871381938457489014e-01,-1.052516251802444458e-01,-1.399450153112411499e-01,2.137795463204383850e-02,2.748509943485260010e-01,6.020064353942871094e-01,1.152850463986396790e-01,4.524210989475250244e-01,6.667731404304504395e-01,5.623172521591186523e-01,5.616766810417175293e-01,5.756723880767822266e-01,-6.624069809913635254e-02,-2.641011774539947510e-02,8.987662196159362793e-02,-2.226759195327758789e-01,-2.103494256734848022e-01,3.270069062709808350e-01,1.000000000000000000e+00,4.904529452323913574e-01,2.003519237041473389e-01,-7.077874243259429932e-02,6.562197953462600708e-02,3.345045149326324463e-01,-9.177568554878234863e-02,2.609517611563205719e-02,4.685879871249198914e-02,4.721507132053375244e-01,-2.629555016756057739e-02,-2.113842964172363281e-01,1.019614413380622864e-01,-1.192577481269836426e-01,2.401601150631904602e-02,-1.094454899430274963e-01,5.241612792015075684e-01,2.091869115829467773e-01
1.360222250223159790e-01,-1.177635118365287781e-01,-2.708581686019897461e-01,-2.393118590116500854e-01,-6.434616167098283768e-03,-1.912727504968643188e-01,-3.353914916515350342e-01,2.699858248233795166e-01,-1.567236483097076416e-01,-2.859663069248199463e-01,-6.233307346701622009e-02,-2.966372370719909668e-01,-8.639784902334213257e-02,-1.854424178600311279e-02,-2.442323714494705200e-01,-2.015963196754455566e-01,-1.166456267237663269e-01,3.121439814567565918e-01,-1.568353548645973206e-02,1.179318949580192566e-01,2.497910559177398682e-01,6.916281580924987793e-01,4.077623784542083740e-01,4.511994421482086182e-01,-1.058707907795906067e-01,-2.809485495090484619e-01,-1.019760128110647202e-02,-1.405467242002487183e-01,-2.128839939832687378e-01,-9.734776616096496582e-02,4.904529452323913574e-01,1.000000000000000000e+00,1.222531497478485107e-01,1.377772092819213867e-01,-1.578201502561569214e-01,1.066124960780143738e-01,-2.790264552459120750e-03,-1.951749026775360107e-01,-4.876262322068214417e-02,2.316150069236755371e-01,1.089717075228691101e-02,-4.248689413070678711e-01,-1.135091111063957214e-01,-1.136801540851593018e-01,-3.049284815788269043e-01,-3.037737607955932617e-01,5.142053365707397461e-01,5.326884388923645020e-01
