1.000000000000000000e+00,3.359178602695465088e-01,3.816691339015960693e-01,3.694836497306823730e-01,1.704887002706527710e-01,3.157587945461273193e-01,2.515005767345428467e-01,4.999416172504425049e-01,3.245618641376495361e-01,1.899255961179733276e-01,3.946762979030609131e-01,2.582496404647827148e-01,8.942565321922302246e-02,3.756007850170135498e-01,2.256376892328262329e-01,6.922480463981628418e-02,2.041388899087905884e-01,-1.047689989209175110e-01,1.677870750427246094e-01,6.915372610092163086e-02,-3.327221050858497620e-02,-7.984979450702667236e-02,-3.741530328989028931e-02,-1.463917344808578491e-01,7.404261827468872070e-01,2.125075459480285645e-01,6.026111245155334473e-01,7.476343512535095215e-01,5.333369374275207520e-01,-9.210846573114395142e-02,-2.950537204742431641e-01,-1.898693740367889404e-01,4.266798496246337891e-01,1.956247091293334961e-01,1.790772229433059692e-01,-1.658840803429484367e-03,2.670986950397491455e-01,1.593509167432785034e-01,9.617234021425247192e-02,-8.014681190252304077e-02,4.483150839805603027e-01,2.947634458541870117e-01,4.758033528923988342e-02,2.797868549823760986e-01,4.069701209664344788e-02,1.077718809247016907e-01,-2.426269501447677612e-01,-1.773702502250671387e-01
3.359178602695465088e-01,1.000000000000000000e+00,1.411418616771697998e-01,4.271766245365142822e-01,2.912140786647796631e-01,5.491697788238525391e-01,4.419498145580291748e-01,3.475373387336730957e-01,5.252301096916198730e-01,5.216292142868041992e-01,4.037041068077087402e-01,5.557232499122619629e-01,2.106140106916427612e-01,4.134826064109802246e-01,5.234144330024719238e-01,1.897111386060714722e-01,4.107607901096343994e-01,2.226918339729309082e-01,1.048545092344284058e-01,7.124268263578414917e-02,4.732595384120941162e-02,-1.030523255467414856e-01,-1.717840284109115601e-01,-1.308009773492813110e-01,2.049769163131713867e-01,2.637524604797363281e-01,2.606001496315002441e-01,4.396030306816101074e-01,5.866048336029052734e-01,3.090766668319702148e-01,8.006106317043304443e-02,-2.506786398589611053e-02,2.831332981586456299e-01,2.200541943311691284e-01,3.839216232299804688e-01,5.780658125877380371e-02,2.520307898521423340e-01,4.100296199321746826e-01,1.968663185834884644e-01,-3.966694325208663940e-02,6.484720706939697266e-01,6.943840384483337402e-01,3.149004876613616943e-01,7.432166934013366699e-01,4.835226833820343018e-01,3.405165672302246094e-01,-1.015930399298667908e-01,-3.548289239406585693e-01
3.816691339015960693e-01,1.411418616771697998e-01,1.000000000000000000e+00,5.938014388084411621e-01,2.554549276828765869e-01,1.807795763015747070e-01,2.879544794559478760e-01,6.433907896280288696e-02,3.065783679485321045e-01,2.534076012670993805e-02,1.505909413099288940e-01,9.507703781127929688e-02,3.053053095936775208e-02,1.288592517375946045e-01,1.229430735111236572e-01,-9.385801851749420166e-03,1.417073905467987061e-01,-1.911907345056533813e-01,1.330922544002532959e-01,-1.016569137573242188e-02,-6.601355969905853271e-03,-9.994953125715255737e-02,1.013623625040054321e-01,3.385543078184127808e-02,8.487878739833831787e-02,5.528150200843811035e-01,2.065824158489704132e-02,4.716822206974029541e-01,2.407736033201217651e-01,7.727798819541931152e-02,-1.125004217028617859e-01,-2.922072708606719971e-01,-7.138083875179290771e-02,-5.612958222627639771e-02,1.097648739814758301e-01,2.029039263725280762e-01,7.347718626260757446e-02,8.226573467254638672e-02,7.060829550027847290e-02,1.683587133884429932e-01,2.228200286626815796e-01,2.117529660463333130e-01,1.501554399728775024e-01,1.208528652787208557e-01,4.909333959221839905e-02,3.524724766612052917e-02,-3.717945516109466553e-02,-9.006074070930480957e-02
3.694836497306823730e-01,4.271766245365142822e-01,5.938014388084411621e-01,1.000000000000000000e+00,4.570000171661376953e-01,5.726793408393859863e-01,5.386263132095336914e-01,1.869171857833862305e-01,4.477932155132293701e-01,2.235734164714813232e-01,2.968313694000244141e-01,2.491735517978668213e-01,6.545281503349542618e-03,2.871234118938446045e-01,2.557073533535003662e-01,-5.617602169513702393e-02,3.444371819496154785e-01,1.202874332666397095e-01,1.380441039800643921e-01,9.172853827476501465e-02,9.714858233928680420e-02,-1.313865371048450470e-02,-9.352800250053405762e-02,-9.624490141868591309e-02,7.050200551748275757e-02,3.164198994636535645e-01,1.455875635147094727e-01,4.093071222305297852e-01,3.680574297904968262e-01,1.979194283485412598e-01,1.636796258389949799e-02,-1.582955420017242432e-01,1.479014307260513306e-01,4.483128711581230164e-02,1.785743832588195801e-01,1.592742279171943665e-02,1.324848234653472900e-01,1.280346959829330444e-01,-1.428979355841875076e-02,-1.807117089629173279e-02,5.540635585784912109e-01,4.797488152980804443e-01,2.192292809486389160e-01,3.859162926673889160e-01,2.648344635963439941e-01,1.153812035918235779e-01,2.285464107990264893e-02,-1.142384111881256104e-01
1.704887002706527710e-01,2.912140786647796631e-01,2.554549276828765869e-01,4.570000171661376953e-01,1.000000000000000000e+00,5.086134076118469238e-01,1.722668409347534180e-01,2.298641353845596313e-01,3.826953470706939697e-01,3.389894962310791016e-01,2.962624728679656982e-01,4.162290096282958984e-01,3.655660748481750488e-01,1.987378150224685669e-01,3.382554650306701660e-01,1.935442984104156494e-01,6.077127531170845032e-02,-8.425918221473693848e-02,7.451680302619934082e-02,1.461949646472930908e-01,7.044685631990432739e-02,-6.677070260047912598e-02,2.335980832576751709e-01,1.894238144159317017e-01,1.530896313488483429e-02,3.887428343296051025e-02,1.459230631589889526e-01,7.759782671928405762e-02,6.128089502453804016e-02,4.693176969885826111e-02,-7.241687737405300140e-03,-1.187402755022048950e-01,2.056952416896820068e-01,-2.248214557766914368e-02,3.036520183086395264e-01,3.425222933292388916e-01,2.014955729246139526e-01,1.444897651672363281e-01,2.898735105991363525e-01,3.478733003139495850e-01,3.755396306514739990e-01,2.880684435367584229e-01,3.085819780826568604e-01,3.283577263355255127e-01,3.085198104381561279e-01,3.417357504367828369e-01,-4.538382589817047119e-02,-7.344332337379455566e-02
3.157587945461273193e-01,5.491697788238525391e-01,1.807795763015747070e-01,5.726793408393859863e-01,5.086134076118469238e-01,1.000000000000000000e+00,5.317538380622863770e-01,2.699089050292968750e-01,5.611438155174255371e-01,4.745864868164062500e-01,3.564085960388183594e-01,4.220114648342132568e-01,1.791780292987823486e-01,2.837517261505126953e-01,3.308617472648620605e-01,2.528491616249084473e-02,3.878721594810485840e-01,1.710883527994155884e-01,2.235934585332870483e-01,1.946176588535308838e-01,5.027573928236961365e-02,-6.921230256557464600e-02,-7.612635940313339233e-02,-1.425269097089767456e-01,1.842863857746124268e-01,2.404168099164962769e-01,2.299152463674545288e-01,2.833573520183563232e-01,4.624394774436950684e-01,2.851786315441131592e-01,6.212722510099411011e-02,-2.002612799406051636e-01,2.924712896347045898e-01,9.462827444076538086e-02,2.797454595565795898e-01,-8.673056960105895996e-03,1.220017746090888977e-01,2.275782674551010132e-01,4.575287550687789917e-02,-5.105863884091377258e-02,6.389881968498229980e-01,5.691136717796325684e-01,3.909873366355895996e-01,5.655886530876159668e-01,4.508755207061767578e-01,3.914383947849273682e-01,-5.908361449837684631e-02,-2.924931049346923828e-01
2.515005767345428467e-01,4.419498145580291748e-01,2.879544794559478760e-01,5.386263132095336914e-01,1.722668409347534180e-01,5.317538380622863770e-01,1.000000000000000000e+00,2.341003119945526123e-01,4.477488696575164795e-01,3.045140802860260010e-01,2.952139675617218018e-01,2.375661432743072510e-01,-1.102035772055387497e-02,1.841312199831008911e-01,1.253776252269744873e-01,-2.192769497632980347e-01,7.653858661651611328e-01,4.693033099174499512e-01,3.708370327949523926e-01,3.945216536521911621e-01,2.785176336765289307e-01,2.047068327665328979e-01,-1.109080612659454346e-01,-1.667604148387908936e-01,1.039896532893180847e-01,5.608339309692382812e-01,1.946947723627090454e-01,3.589931726455688477e-01,5.542536377906799316e-01,3.421108722686767578e-01,2.051088213920593262e-01,-8.402778953313827515e-02,3.027706742286682129e-01,6.211771816015243530e-02,2.398137748241424561e-02,-2.011750787496566772e-01,1.418840233236551285e-02,1.167609170079231262e-01,-2.146424651145935059e-01,-2.619642317295074463e-01,4.631718695163726807e-01,4.268851280212402344e-01,3.145163953304290771e-01,4.605964124202728271e-01,2.568153142929077148e-01,1.820246428251266479e-01,9.788156300783157349e-02,-8.673278242349624634e-02
4.999416172504425049e-01,3.475373387336730957e-01,6.433907896280288696e-02,1.869171857833862305e-01,2.298641353845596313e-01,2.699089050292968750e-01,2.341003119945526123e-01,1.000000000000000000e+00,3.990134894847869873e-01,2.928788959980010986e-01,6.831623315811157227e-01,3.587010502815246582e-01,2.871699035167694092e-01,6.208918094635009766e-01,3.753637373447418213e-01,1.967923641204833984e-01,2.137387990951538086e-01,1.692140549421310425e-01,2.416863851249217987e-02,2.088427245616912842e-01,1.773815006017684937e-01,3.540867567062377930e-02,2.290791086852550507e-02,5.117191933095455170e-03,6.129854917526245117e-01,-5.839806050062179565e-03,7.517569661140441895e-01,3.529779016971588135e-01,3.713105320930480957e-01,-3.077324479818344116e-02,-9.160046279430389404e-02,2.332773059606552124e-02,6.577215194702148438e-01,4.204551279544830322e-01,2.572977840900421143e-01,7.432847470045089722e-02,6.560858488082885742e-01,2.484544813632965088e-01,7.139696925878524780e-02,-5.594173446297645569e-02,4.469990134239196777e-01,2.141153067350387573e-01,-6.069262977689504623e-03,4.428720176219940186e-01,1.810496598482131958e-01,7.325518876314163208e-02,-1.335678398609161377e-01,-1.526931673288345337e-01
3.245618641376495361e-01,5.252301096916198730e-01,3.065783679485321045e-01,4.477932155132293701e-01,3.826953470706939697e-01,5.611438155174255371e-01,4.477488696575164795e-01,3.990134894847869873e-01,1.000000000000000000e+00,4.672977626323699951e-01,5.337894558906555176e-01,4.963640272617340088e-01,1.951834559440612793e-01,4.957644343376159668e-01,4.797824025154113770e-01,1.395460218191146851e-01,3.340527713298797607e-01,8.539805561304092407e-02,3.254500031471252441e-02,5.538677051663398743e-02,-6.092477589845657349e-02,-2.289086729288101196e-01,-1.306853145360946655e-01,-1.502770781517028809e-01,2.010927349328994751e-01,3.891674876213073730e-01,2.887030541896820068e-01,3.432261645793914795e-01,4.564569294452667236e-01,1.868328452110290527e-01,-6.391514092683792114e-02,-2.880024611949920654e-01,2.168631851673126221e-01,2.446375787258148193e-01,3.241250813007354736e-01,1.311463117599487305e-01,3.725871145725250244e-01,3.573163747787475586e-01,1.607786417007446289e-01,-2.873295545578002930e-02,4.899778962135314941e-01,5.418099164962768555e-01,2.432178407907485962e-01,5.885974168777465820e-01,3.242883086204528809e-01,2.665838897228240967e-01,-2.147993147373199463e-01,-4.057655036449432373e-01
1.899255961179733276e-01,5.216292142868041992e-01,2.534076012670993805e-02,2.235734164714813232e-01,3.389894962310791016e-01,4.745864868164062500e-01,3.045140802860260010e-01,2.928788959980010986e-01,4.672977626323699951e-01,1.000000000000000000e+00,4.297395348548889160e-01,7.217745184898376465e-01,6.350963711738586426e-01,3.085324764251708984e-01,5.592024922370910645e-01,4.691027104854583740e-01,3.454658687114715576e-01,1.792788356542587280e-01,3.161542117595672607e-01,3.876592814922332764e-01,2.906379401683807373e-01,-6.169753894209861755e-02,9.219387918710708618e-02,1.201051194220781326e-02,1.902985572814941406e-01,1.512053310871124268e-01,2.185225784778594971e-01,1.571529656648635864e-01,3.275749087333679199e-01,2.749608755111694336e-01,1.328537315130233765e-01,-9.912390261888504028e-02,1.940990835428237915e-01,1.318210214376449585e-01,4.598398804664611816e-01,2.516963779926300049e-01,2.136480063199996948e-01,3.569153845310211182e-01,4.032894968986511230e-01,2.233530730009078979e-01,3.109631538391113281e-01,6.276218891143798828e-01,4.987207353115081787e-01,5.652655959129333496e-01,5.961450934410095215e-01,7.148181200027465820e-01,-5.549438670277595520e-02,-3.261811435222625732e-01
3.946762979030609131e-01,4.037041068077087402e-01,1.505909413099288940e-01,2.968313694000244141e-01,2.962624728679656982e-01,3.564085960388183594e-01,2.952139675617218018e-01,6.831623315811157227e-01,5.337894558906555176e-01,4.297395348548889160e-01,1.000000000000000000e+00,5.249596834182739258e-01,3.650129139423370361e-01,6.773844957351684570e-01,5.496418476104736328e-01,3.198933303356170654e-01,1.560782790184020996e-01,1.555801928043365479e-01,-8.997290581464767456e-02,1.046228483319282532e-01,1.251099854707717896e-01,-7.439143955707550049e-02,-3.180235996842384338e-02,-6.935781985521316528e-02,4.020618200302124023e-01,7.678355276584625244e-02,5.715538859367370605e-01,3.173655867576599121e-01,4.187281429767608643e-01,4.272938147187232971e-02,-8.825469017028808594e-02,-3.614193946123123169e-02,4.580709040164947510e-01,3.947213292121887207e-01,2.608673572540283203e-01,7.488863915205001831e-02,5.396718382835388184e-01,2.530012428760528564e-01,1.261969804763793945e-01,-5.033606197685003281e-03,4.695713818073272705e-01,3.316392600536346436e-01,4.428307339549064636e-02,5.527983903884887695e-01,2.664337754249572754e-01,1.604217588901519775e-01,-1.893301606178283691e-01,-2.394977360963821411e-01
2.582496404647827148e-01,5.557232499122619629e-01,9.507703781127929688e-02,2.491735517978668213e-01,4.162290096282958984e-01,4.220114648342132568e-01,2.375661432743072510e-01,3.587010502815246582e-01,4.963640272617340088e-01,7.217745184898376465e-01,5.249596834182739258e-01,1.000000000000000000e+00,5.799046754837036133e-01,3.713930845260620117e-01,7.225464582443237305e-01,4.795789420604705811e-01,1.998335421085357666e-01,5.308081209659576416e-02,6.533285230398178101e-02,1.703587174415588379e-01,1.196733266115188599e-01,-1.504813730716705322e-01,5.667704343795776367e-02,9.413406997919082642e-02,2.043622285127639771e-01,1.381836086511611938e-01,2.482881546020507812e-01,2.073749005794525146e-01,3.066281676292419434e-01,1.743406206369400024e-01,1.465069968253374100e-02,-7.292725890874862671e-02,1.644078344106674194e-01,1.722874790430068970e-01,5.239022374153137207e-01,3.253006637096405029e-01,3.039534687995910645e-01,4.528964161872863770e-01,4.524742364883422852e-01,2.600996792316436768e-01,4.117232859134674072e-01,6.083690524101257324e-01,3.230702877044677734e-01,6.609157323837280273e-01,5.171152353286743164e-01,4.780001640319824219e-01,-8.295796066522598267e-02,-3.204158842563629150e-01
8.942565321922302246e-02,2.106140106916427612e-01,3.053053095936775208e-02,6.545281503349542618e-03,3.655660748481750488e-01,1.791780292987823486e-01,-1.102035772055387497e-02,2.871699035167694092e-01,1.951834559440612793e-01,6.350963711738586426e-01,3.650129139423370361e-01,5.799046754837036133e-01,1.000000000000000000e+00,2.348021864891052246e-01,4.590395390987396240e-01,6.219291090965270996e-01,5.177886039018630981e-02,2.650025114417076111e-02,1.915342509746551514e-01,3.810206651687622070e-01,3.731191754341125488e-01,2.506978251039981842e-02,4.408139884471893311e-01,2.900597751140594482e-01,1.224934160709381104e-01,-3.196648508310317993e-02,1.658052504062652588e-01,8.059792453423142433e-04,5.378999933600425720e-02,8.885867148637771606e-02,8.600031584501266479e-02,5.063758045434951782e-02,1.374870687723159790e-01,1.016625016927719116e-01,3.939186036586761475e-01,5.188952088356018066e-01,2.703246772289276123e-01,2.540234625339508057e-01,4.941444098949432373e-01,5.311720371246337891e-01,9.867999702692031860e-02,2.961072623729705811e-01,3.870190083980560303e-01,3.264098167419433594e-01,3.710826337337493896e-01,5.290156602859497070e-01,-5.201078578829765320e-02,-7.746845483779907227e-02
3.756007850170135498e-01,4.134826064109802246e-01,1.288592517375946045e-01,2.871234118938446045e-01,1.987378150224685669e-01,2.837517261505126953e-01,1.841312199831008911e-01,6.208918094635009766e-01,4.957644343376159668e-01,3.085324764251708984e-01,6.773844957351684570e-01,3.713930845260620117e-01,2.348021864891052246e-01,1.000000000000000000e+00,4.950817525386810303e-01,3.343132436275482178e-01,9.359921514987945557e-02,1.129330769181251526e-01,-1.586400717496871948e-01,-5.273196846246719360e-03,-1.058881543576717377e-02,-1.830972433090209961e-01,-1.412257999181747437e-01,-1.876623332500457764e-01,3.475424051284790039e-01,-9.884701576083898544e-04,4.914264082908630371e-01,3.248445093631744385e-01,3.867053687572479248e-01,-4.789830371737480164e-02,-2.045504450798034668e-01,-8.033052831888198853e-02,3.519296348094940186e-01,5.098940134048461914e-01,3.108304738998413086e-01,1.018218770623207092e-01,7.072336673736572266e-01,3.495112657546997070e-01,2.410196810960769653e-01,-3.663180023431777954e-02,4.401341378688812256e-01,3.043505847454071045e-01,-7.293801754713058472e-02,4.026609957218170166e-01,1.866284608840942383e-01,6.894766539335250854e-02,-3.509227633476257324e-01,-3.223786354064941406e-01
2.256376892328262329e-01,5.234144330024719238e-01,1.229430735111236572e-01,2.557073533535003662e-01,3.382554650306701660e-01,3.308617472648620605e-01,1.253776252269744873e-01,3.753637373447418213e-01,4.797824025154113770e-01,5.592024922370910645e-01,5.496418476104736328e-01,7.225464582443237305e-01,4.590395390987396240e-01,4.950817525386810303e-01,1.000000000000000000e+00,5.459608435630798340e-01,8.675768971443176270e-02,-2.994860336184501648e-02,-2.358535770326852798e-03,2.895900746807456017e-03,1.650763116776943207e-02,-1.980151534080505371e-01,3.335970640182495117e-02,-8.251680061221122742e-03,2.260849475860595703e-01,7.457325607538223267e-02,2.931548357009887695e-01,2.081180214881896973e-01,2.269250601530075073e-01,8.333300054073333740e-02,-8.639880269765853882e-02,-9.462341666221618652e-02,9.697502851486206055e-02,3.121567964553833008e-01,6.237810254096984863e-01,3.196274042129516602e-01,4.528298974037170410e-01,5.949368476867675781e-01,4.980528950691223145e-01,2.204680144786834717e-01,3.706870973110198975e-01,5.044638514518737793e-01,1.692920476198196411e-01,5.855188369750976562e-01,4.434392154216766357e-01,2.931751608848571777e-01,-1.929470747709274292e-01,-3.138743638992309570e-01
6.922480463981628418e-02,1.897111386060714722e-01,-9.385801851749420166e-03,-5.617602169513702393e-02,1.935442984104156494e-01,2.528491616249084473e-02,-2.192769497632980347e-01,1.967923641204833984e-01,1.395460218191146851e-01,4.691027104854583740e-01,3.198933303356170654e-01,4.795789420604705811e-01,6.219291090965270996e-01,3.343132436275482178e-01,5.459608435630798340e-01,1.000000000000000000e+00,-1.762857586145401001e-01,-1.264404207468032837e-01,-7.975032925605773926e-02,1.704595633782446384e-04,6.362337619066238403e-02,-1.826262921094894409e-01,1.917939037084579468e-01,1.183608770370483398e-01,9.298066049814224243e-02,-1.644597202539443970e-01,1.335833966732025146e-01,-1.291077118366956711e-02,-2.226296998560428619e-02,-5.427376925945281982e-02,-1.540361493825912476e-01,-3.379332274198532104e-02,-1.525146514177322388e-02,1.798603981733322144e-01,4.721007943153381348e-01,4.489354789257049561e-01,3.468369543552398682e-01,3.598065376281738281e-01,7.072729468345642090e-01,4.169748723506927490e-01,1.648948341608047485e-02,2.965269982814788818e-01,6.128348782658576965e-02,2.229778915643692017e-01,2.847110033035278320e-01,3.114767968654632568e-01,-2.832762598991394043e-01,-2.229321897029876709e-01
2.041388899087905884e-01,4.107607901096343994e-01,1.417073905467987061e-01,3.444371819496154785e-01,6.077127531170845032e-02,3.878721594810485840e-01,7.653858661651611328e-01,2.137387990951538086e-01,3.340527713298797607e-01,3.454658687114715576e-01,1.560782790184020996e-01,1.998335421085357666e-01,5.177886039018630981e-02,9.359921514987945557e-02,8.675768971443176270e-02,-1.762857586145401001e-01,1.000000000000000000e+00,5.964742898941040039e-01,5.790485739707946777e-01,5.142981410026550293e-01,4.075747728347778320e-01,3.628181815147399902e-01,-7.712863385677337646e-02,-1.433060467243194580e-01,1.378361582756042480e-01,4.783213138580322266e-01,1.921035647392272949e-01,3.082174658775329590e-01,4.743757843971252441e-01,3.853626549243927002e-01,3.697287142276763916e-01,4.046918824315071106e-02,2.930764853954315186e-01,9.341406822204589844e-02,6.942513585090637207e-02,-1.746862679719924927e-01,1.920571364462375641e-02,1.544522196054458618e-01,-1.569235920906066895e-01,-2.621181011199951172e-01,3.459204435348510742e-01,3.817673027515411377e-01,3.998176753520965576e-01,3.733821809291839600e-01,2.763312160968780518e-01,2.870735228061676025e-01,8.724565804004669189e-02,-4.035362601280212402e-02
-1.047689989209175110e-01,2.226918339729309082e-01,-1.911907345056533813e-01,1.202874332666397095e-01,-8.425918221473693848e-02,1.710883527994155884e-01,4.693033099174499512e-01,1.692140549421310425e-01,8.539805561304092407e-02,1.792788356542587280e-01,1.555801928043365479e-01,5.308081209659576416e-02,2.650025114417076111e-02,1.129330769181251526e-01,-2.994860336184501648e-02,-1.264404207468032837e-01,5.964742898941040039e-01,1.000000000000000000e+00,1.528757214546203613e-01,3.858433365821838379e-01,4.632291495800018311e-01,5.510121583938598633e-01,-2.581752240657806396e-01,-1.539106965065002441e-01,-4.222514480352401733e-02,3.796550631523132324e-02,1.011946126818656921e-01,-7.858593016862869263e-03,2.833453118801116943e-01,2.734123468399047852e-01,5.427666902542114258e-01,3.602632582187652588e-01,2.322468608617782593e-01,1.249491199851036072e-01,-1.583299487829208374e-01,-3.881942033767700195e-01,4.943131655454635620e-02,3.897749260067939758e-02,-3.211931288242340088e-01,-4.202162623405456543e-01,1.922856718301773071e-01,1.227139905095100403e-01,9.684345871210098267e-02,2.307952642440795898e-01,1.800611168146133423e-01,5.334075167775154114e-02,2.015485465526580811e-01,7.744987308979034424e-02
1.677870750427246094e-01,1.048545092344284058e-01,1.330922544002532959e-01,1.380441039800643921e-01,7.451680302619934082e-02,2.235934585332870483e-01,3.708370327949523926e-01,2.416863851249217987e-02,3.254500031471252441e-02,3.161542117595672607e-01,-8.997290581464767456e-02,6.533285230398178101e-02,1.915342509746551514e-01,-1.586400717496871948e-01,-2.358535770326852798e-03,-7.975032925605773926e-02,5.790485739707946777e-01,1.528757214546203613e-01,1.000000000000000000e+00,6.204280853271484375e-01,4.951018095016479492e-01,2.872113287448883057e-01,3.289028704166412354e-01,1.133422553539276123e-01,1.625208854675292969e-01,3.217291235923767090e-01,8.357433229684829712e-02,1.396034806966781616e-01,1.348771899938583374e-01,2.944715619087219238e-01,2.685833275318145752e-01,-1.296536624431610107e-01,1.384742110967636108e-01,-8.602202869951725006e-03,1.266690194606781006e-01,1.141511276364326477e-01,-9.713388979434967041e-02,7.920876145362854004e-02,3.107747621834278107e-02,9.674461930990219116e-02,2.008560858666896820e-02,1.991220414638519287e-01,5.351870059967041016e-01,4.154806211590766907e-02,2.091998904943466187e-01,4.612960219383239746e-01,1.228888556361198425e-01,1.536781936883926392e-01
6.915372610092163086e-02,7.124268263578414917e-02,-1.016569137573242188e-02,9.172853827476501465e-02,1.461949646472930908e-01,1.946176588535308838e-01,3.945216536521911621e-01,2.088427245616912842e-01,5.538677051663398743e-02,3.876592814922332764e-01,1.046228483319282532e-01,1.703587174415588379e-01,3.810206651687622070e-01,-5.273196846246719360e-03,2.895900746807456017e-03,1.704595633782446384e-04,5.142981410026550293e-01,3.858433365821838379e-01,6.204280853271484375e-01,1.000000000000000000e+00,7.466058731079101562e-01,4.948505759239196777e-01,3.826139271259307861e-01,1.962928771972656250e-01,1.387143284082412720e-01,1.075117588043212891e-01,1.976986378431320190e-01,-4.680660367012023926e-02,6.360774487257003784e-02,2.473884224891662598e-01,3.533204495906829834e-01,7.863190770149230957e-02,3.121979534626007080e-01,6.826223433017730713e-02,7.454887032508850098e-03,9.339361637830734253e-02,2.238606102764606476e-02,3.447114676237106323e-02,-2.352516911923885345e-02,1.101580262184143066e-01,8.786787092685699463e-02,1.387100815773010254e-01,4.497271180152893066e-01,1.283312886953353882e-01,1.899776607751846313e-01,4.065673947334289551e-01,1.483108550310134888e-01,2.848480343818664551e-01
-3.327221050858497620e-02,4.732595384120941162e-02,-6.601355969905853271e-03,9.714858233928680420e-02,7.044685631990432739e-02,5.027573928236961365e-02,2.785176336765289307e-01,1.773815006017684937e-01,-6.092477589845657349e-02,2.906379401683807373e-01,1.251099854707717896e-01,1.196733266115188599e-01,3.731191754341125488e-01,-1.058881543576717377e-02,1.650763116776943207e-02,6.362337619066238403e-02,4.075747728347778320e-01,4.632291495800018311e-01,4.951018095016479492e-01,7.466058731079101562e-01,1.000000000000000000e+00,6.016274690628051758e-01,3.804810941219329834e-01,3.121329545974731445e-01,9.986466728150844574e-03,2.322260476648807526e-02,1.170788854360580444e-01,-8.021590858697891235e-02,1.583891361951828003e-02,2.372463345527648926e-01,4.493308961391448975e-01,2.731547355651855469e-01,2.528265416622161865e-01,9.559953212738037109e-02,-5.034669488668441772e-02,1.067195907235145569e-01,5.486151203513145447e-02,-2.363318204879760742e-02,-6.767317652702331543e-02,1.390437483787536621e-01,5.076703429222106934e-02,7.531031966209411621e-02,2.996871769428253174e-01,7.228600233793258667e-02,1.235221773386001587e-01,2.523010373115539551e-01,2.727726697921752930e-01,4.303197562694549561e-01
-7.984979450702667236e-02,-1.030523255467414856e-01,-9.994953125715255737e-02,-1.313865371048450470e-02,-6.677070260047912598e-02,-6.921230256557464600e-02,2.047068327665328979e-01,3.540867567062377930e-02,-2.289086729288101196e-01,-6.169753894209861755e-02,-7.439143955707550049e-02,-1.504813730716705322e-01,2.506978251039981842e-02,-1.830972433090209961e-01,-1.980151534080505371e-01,-1.826262921094894409e-01,3.628181815147399902e-01,5.510121583938598633e-01,2.872113287448883057e-01,4.948505759239196777e-01,6.016274690628051758e-01,1.000000000000000000e+00,1.520212292671203613e-01,1.708565354347229004e-01,-1.232026237994432449e-02,-2.998983301222324371e-02,3.795450553297996521e-02,-1.346183270215988159e-01,-1.046257317066192627e-01,1.780989468097686768e-01,5.316368341445922852e-01,5.183555483818054199e-01,1.755235046148300171e-01,-5.899115931242704391e-03,-2.135117948055267334e-01,-1.429498195648193359e-01,-1.425301283597946167e-01,-8.495519310235977173e-02,-2.535393536090850830e-01,-1.082575544714927673e-01,-3.270627558231353760e-02,-2.106627970933914185e-01,3.710414841771125793e-02,-1.094694063067436218e-01,-9.654174000024795532e-02,-5.555582419037818909e-02,3.332090973854064941e-01,6.205438971519470215e-01
-3.741530328989028931e-02,-1.717840284109115601e-01,1.013623625040054321e-01,-9.352800250053405762e-02,2.335980832576751709e-01,-7.612635940313339233e-02,-1.109080612659454346e-01,2.290791086852550507e-02,-1.306853145360946655e-01,9.219387918710708618e-02,-3.180235996842384338e-02,5.667704343795776367e-02,4.408139884471893311e-01,-1.412257999181747437e-01,3.335970640182495117e-02,1.917939037084579468e-01,-7.712863385677337646e-02,-2.581752240657806396e-01,3.289028704166412354e-01,3.826139271259307861e-01,3.804810941219329834e-01,1.520212292671203613e-01,1.000000000000000000e+00,5.526705980300903320e-01,-1.127918343991041183e-02,-8.902732282876968384e-03,5.271174944937229156e-03,-1.827067136764526367e-01,-2.661649286746978760e-01,-7.804526481777429581e-03,1.239889953285455704e-02,-1.354172918945550919e-02,7.620830833911895752e-02,-8.645606040954589844e-02,1.161516308784484863e-01,5.301390290260314941e-01,-3.076420351862907410e-02,-7.138461619615554810e-02,2.290696650743484497e-01,6.288287043571472168e-01,-1.301435232162475586e-01,-9.587402641773223877e-02,2.710366249084472656e-01,-1.023688986897468567e-01,4.408827051520347595e-02,2.165840566158294678e-01,1.204041391611099243e-01,4.671024978160858154e-01
-1.463917344808578491e-01,-1.308009773492813110e-01,3.385543078184127808e-02,-9.624490141868591309e-02,1.894238144159317017e-01,-1.425269097089767456e-01,-1.667604148387908936e-01,5.117191933095455170e-03,-1.502770781517028809e-01,1.201051194220781326e-02,-6.935781985521316528e-02,9.413406997919082642e-02,2.900597751140594482e-01,-1.876623332500457764e-01,-8.251680061221122742e-03,1.183608770370483398e-01,-1.433060467243194580e-01,-1.539106965065002441e-01,1.133422553539276123e-01,1.962928771972656250e-01,3.121329545974731445e-01,1.708565354347229004e-01,5.526705980300903320e-01,1.000000000000000000e+00,-9.052599221467971802e-02,-2.530925534665584564e-02,-1.085853427648544312e-01,-2.995153963565826416e-01,-3.032363057136535645e-01,3.313672840595245361e-01,3.386665582656860352e-01,2.110203057527542114e-01,-7.899266481399536133e-02,-1.558792442083358765e-01,1.292625367641448975e-01,5.310682058334350586e-01,1.537434477359056473e-02,-8.685886114835739136e-02,1.979888975620269775e-01,4.711296558380126953e-01,-1.038496717810630798e-01,-3.203450515866279602e-02,2.560882866382598877e-01,-6.809119880199432373e-02,1.393169462680816650e-01,7.619199901819229126e-02,5.278685688972473145e-01,4.038300216197967529e-01
7.404261827468872070e-01,2.049769163131713867e-01,8.487878739833831787e-02,7.050200551748275757e-02,1.530896313488483429e-02,1.842863857746124268e-01,1.039896532893180847e-01,6.129854917526245117e-01,2.010927349328994751e-01,1.902985572814941406e-01,4.020618200302124023e-01,2.043622285127639771e-01,1.224934160709381104e-01,3.475424051284790039e-01,2.260849475860595703e-01,9.298066049814224243e-02,1.378361582756042480e-01,-4.222514480352401733e-02,1.625208854675292969e-01,1.387143284082412720e-01,9.986466728150844574e-03,-1.232026237994432449e-02,-1.127918343991041183e-02,-9.052599221467971802e-02,1.000000000000000000e+00,4.257067292928695679e-02,7.559482455253601074e-01,5.181680321693420410e-01,3.447867929935455322e-01,-7.909135520458221436e-02,-1.921345889568328857e-01,-9.991177171468734741e-02,5.000596046447753906e-01,2.429846525192260742e-01,2.160674184560775757e-01,-4.666562005877494812e-02,3.397242426872253418e-01,1.638791710138320923e-01,8.617459982633590698e-02,-1.477826684713363647e-01,2.686225771903991699e-01,1.511718928813934326e-01,2.121784165501594543e-02,2.197435647249221802e-01,8.222696185111999512e-02,9.386043250560760498e-02,-2.017685472965240479e-01,-1.546352356672286987e-01
2.125075459480285645e-01,2.637524604797363281e-01,5.528150200843811035e-01,3.164198994636535645e-01,3.887428343296051025e-02,2.404168099164962769e-01,5.608339309692382812e-01,-5.839806050062179565e-03,3.891674876213073730e-01,1.512053310871124268e-01,7.678355276584625244e-02,1.381836086511611938e-01,-3.196648508310317993e-02,-9.884701576083898544e-04,7.457325607538223267e-02,-1.644597202539443970e-01,4.783213138580322266e-01,3.796550631523132324e-02,3.217291235923767090e-01,1.075117588043212891e-01,2.322260476648807526e-02,-2.998983301222324371e-02,-8.902732282876968384e-03,-2.530925534665584564e-02,4.257067292928695679e-02,1.000000000000000000e+00,-4.007612168788909912e-02,4.209310412406921387e-01,4.018172025680541992e-01,2.990821003913879395e-01,7.152169197797775269e-02,-2.867769896984100342e-01,-7.840818166732788086e-02,-1.269881874322891235e-01,1.308265030384063721e-01,6.979764997959136963e-02,-8.473313599824905396e-02,8.450517058372497559e-02,-1.225532684475183487e-02,-1.284613180905580521e-02,1.865033209323883057e-01,2.871299386024475098e-01,3.251188695430755615e-01,2.220966666936874390e-01,1.458594650030136108e-01,1.494492590427398682e-01,4.558737576007843018e-02,-1.915768980979919434e-01
6.026111245155334473e-01,2.606001496315002441e-01,2.065824158489704132e-02,1.455875635147094727e-01,1.459230631589889526e-01,2.299152463674545288e-01,1.946947723627090454e-01,7.517569661140441895e-01,2.887030541896820068e-01,2.185225784778594971e-01,5.715538859367370605e-01,2.482881546020507812e-01,1.658052504062652588e-01,4.914264082908630371e-01,2.931548357009887695e-01,1.335833966732025146e-01,1.921035647392272949e-01,1.011946126818656921e-01,8.357433229684829712e-02,1.976986378431320190e-01,1.170788854360580444e-01,3.795450553297996521e-02,5.271174944937229156e-03,-1.085853427648544312e-01,7.559482455253601074e-01,-4.007612168788909912e-02,1.000000000000000000e+00,4.331598877906799316e-01,3.536455631256103516e-01,-1.300228387117385864e-01,-1.624141335487365723e-01,-5.032029375433921814e-02,6.752961874008178711e-01,4.207001328468322754e-01,2.328240871429443359e-01,-5.025868862867355347e-02,5.095499753952026367e-01,1.854179203510284424e-01,3.865639865398406982e-02,-1.706989854574203491e-01,3.426495492458343506e-01,1.524469107389450073e-01,-3.744817897677421570e-02,3.271923065185546875e-01,8.988140523433685303e-02,4.863991215825080872e-02,-2.322168201208114624e-01,-1.185826286673545837e-01
7.476343512535095215e-01,4.396030306816101074e-01,4.716822206974029541e-01,4.093071222305297852e-01,7.759782671928405762e-02,2.833573520183563232e-01,3.589931726455688477e-01,3.529779016971588135e-01,3.432261645793914795e-01,1.571529656648635864e-01,3.173655867576599121e-01,2.073749005794525146e-01,8.059792453423142433e-04,3.248445093631744385e-01,2.081180214881896973e-01,-1.291077118366956711e-02,3.082174658775329590e-01,-7.858593016862869263e-03,1.396034806966781616e-01,-4.680660367012023926e-02,-8.021590858697891235e-02,-1.346183270215988159e-01,-1.827067136764526367e-01,-2.995153963565826416e-01,5.181680321693420410e-01,4.209310412406921387e-01,4.331598877906799316e-01,1.000000000000000000e+00,7.131268382072448730e-01,-1.234466582536697388e-01,-2.954677343368530273e-01,-2.388875782489776611e-01,3.207786381244659424e-01,1.666589230298995972e-01,1.018588170409202576e-01,-1.282232254743576050e-01,2.181663662195205688e-01,1.610455960035324097e-01,-2.242638729512691498e-02,-1.886564791202545166e-01,4.574185907840728760e-01,3.400261104106903076e-01,2.046178281307220459e-02,3.048788905143737793e-01,1.838922151364386082e-03,4.748874530196189880e-02,-2.593809664249420166e-01,-2.775726914405822754e-01
5.333369374275207520e-01,5.866048336029052734e-01,2.407736033201217651e-01,3.680574297904968262e-01,6.128089502453804016e-02,4.624394774436950684e-01,5.542536377906799316e-01,3.713105320930480957e-01,4.564569294452667236e-01,3.275749087333679199e-01,4.187281429767608643e-01,3.066281676292419434e-01,5.378999933600425720e-02,3.867053687572479248e-01,2.269250601530075073e-01,-2.226296998560428619e-02,4.743757843971252441e-01,2.833453118801116943e-01,1.348771899938583374e-01,6.360774487257003784e-02,1.583891361951828003e-02,-1.046257317066192627e-01,-2.661649286746978760e-01,-3.032363057136535645e-01,3.447867929935455322e-01,4.018172025680541992e-01,3.536455631256103516e-01,7.131268382072448730e-01,1.000000000000000000e+00,1.306908726692199707e-01,-6.102779507637023926e-02,-1.680520325899124146e-01,3.977802693843841553e-01,2.378455996513366699e-01,2.751383930444717407e-02,-2.239937484264373779e-01,2.254904657602310181e-01,2.030200511217117310e-01,-1.602524518966674805e-01,-3.124966919422149658e-01,5.443987846374511719e-01,4.535889625549316406e-01,1.486987024545669556e-01,5.218544006347656250e-01,1.902766525745391846e-01,1.861396431922912598e-01,-1.505884677171707153e-01,-3.487374782562255859e-01
-9.210846573114395142e-02,3.090766668319702148e-01,7.727798819541931152e-02,1.979194283485412598e-01,4.693176969885826111e-02,2.851786315441131592e-01,3.421108722686767578e-01,-3.077324479818344116e-02,1.868328452110290527e-01,2.749608755111694336e-01,4.272938147187232971e-02,1.743406206369400024e-01,8.885867148637771606e-02,-4.789830371737480164e-02,8.333300054073333740e-02,-5.427376925945281982e-02,3.853626549243927002e-01,2.734123468399047852e-01,2.944715619087219238e-01,2.473884224891662598e-01,2.372463345527648926e-01,1.780989468097686768e-01,-7.804526481777429581e-03,3.313672840595245361e-01,-7.909135520458221436e-02,2.990821003913879395e-01,-1.300228387117385864e-01,-1.234466582536697388e-01,1.306908726692199707e-01,1.000000000000000000e+00,6.674622893333435059e-01,1.761063486337661743e-01,-6.265915930271148682e-02,-6.318154931068420410e-02,1.636942625045776367e-01,2.003819495439529419e-01,-1.081488355994224548e-01,8.204799145460128784e-02,2.136343717575073242e-02,2.910098433494567871e-02,1.827206015586853027e-01,3.589816987514495850e-01,5.541611909866333008e-01,2.945395112037658691e-01,4.551183581352233887e-01,3.222573995590209961e-01,4.297176003456115723e-01,7.896759547293186188e-03
-2.950537204742431641e-01,8.006106317043304443e-02,-1.125004217028617859e-01,1.636796258389949799e-02,-7.241687737405300140e-03,6.212722510099411011e-02,2.051088213920593262e-01,-9.160046279430389404e-02,-6.391514092683792114e-02,1.328537315130233765e-01,-8.825469017028808594e-02,1.465069968253374100e-02,8.600031584501266479e-02,-2.045504450798034668e-01,-8.639880269765853882e-02,-1.540361493825912476e-01,3.697287142276763916e-01,5.427666902542114258e-01,2.685833275318145752e-01,3.533204495906829834e-01,4.493308961391448975e-01,5.316368341445922852e-01,1.239889953285455704e-02,3.386665582656860352e-01,-1.921345889568328857e-01,7.152169197797775269e-02,-1.624141335487365723e-01,-2.954677343368530273e-01,-6.102779507637023926e-02,6.674622893333435059e-01,1.000000000000000000e+00,4.191664755344390869e-01,-4.432471841573715210e-02,-1.208413541316986084e-01,-3.473718091845512390e-02,3.674052283167839050e-02,-1.534956246614456177e-01,-5.098779872059822083e-02,-1.684011369943618774e-01,-4.648289084434509277e-02,2.111898967996239662e-03,6.735727190971374512e-02,4.296970367431640625e-01,1.009807065129280090e-01,2.928023636341094971e-01,2.200495749711990356e-01,5.200542211532592773e-01,2.543686926364898682e-01
-1.898693740367889404e-01,-2.506786398589611053e-02,-2.922072708606719971e-01,-1.582955420017242432e-01,-1.187402755022048950e-01,-2.002612799406051636e-01,-8.402778953313827515e-02,2.332773059606552124e-02,-2.880024611949920654e-01,-9.912390261888504028e-02,-3.614193946123123169e-02,-7.292725890874862671e-02,5.063758045434951782e-02,-8.033052831888198853e-02,-9.462341666221618652e-02,-3.379332274198532104e-02,4.046918824315071106e-02,3.602632582187652588e-01,-1.296536624431610107e-01,7.863190770149230957e-02,2.731547355651855469e-01,5.183555483818054199e-01,-1.354172918945550919e-02,2.110203057527542114e-01,-9.991177171468734741e-02,-2.867769896984100342e-01,-5.032029375433921814e-02,-2.388875782489776611e-01,-1.680520325899124146e-01,1.761063486337661743e-01,4.191664755344390869e-01,1.000000000000000000e+00,7.374643534421920776e-02,9.459194727241992950e-03,-1.337392032146453857e-01,-3.660728037357330322e-02,-9.650371223688125610e-02,-1.181794181466102600e-01,-1.404650509357452393e-01,2.760186418890953064e-02,1.842704077716916800e-04,-1.507064402103424072e-01,-1.115698590874671936e-01,-4.285443574190139771e-03,-9.565754234790802002e-02,-1.636631041765213013e-01,3.797448277473449707e-01,4.425248205661773682e-01
4.266798496246337891e-01,2.831332981586456299e-01,-7.138083875179290771e-02,1.479014307260513306e-01,2.056952416896820068e-01,2.924712896347045898e-01,3.027706742286682129e-01,6.577215194702148438e-01,2.168631851673126221e-01,1.940990835428237915e-01,4.580709040164947510e-01,1.644078344106674194e-01,1.374870687723159790e-01,3.519296348094940186e-01,9.697502851486206055e-02,-1.525146514177322388e-02,2.930764853954315186e-01,2.322468608617782593e-01,1.384742110967636108e-01,3.121979534626007080e-01,2.528265416622161865e-01,1.755235046148300171e-01,7.620830833911895752e-02,-7.899266481399536133e-02,5.000596046447753906e-01,-7.840818166732788086e-02,6.752961874008178711e-01,3.207786381244659424e-01,3.977802693843841553e-01,-6.265915930271148682e-02,-4.432471841573715210e-02,7.374643534421920776e-02,1.000000000000000000e+00,3.772994279861450195e-01,-4.407173395156860352e-02,-1.199090257287025452e-01,2.810731232166290283e-01,1.020096465945243835e-01,-1.897260695695877075e-01,-1.284233033657073975e-01,3.839944601058959961e-01,1.301570981740951538e-01,1.718208938837051392e-02,3.607800304889678955e-01,1.511351950466632843e-02,9.923738241195678711e-02,-8.049123734235763550e-02,6.781303137540817261e-02
