1.000000000000000000e+00,3.325249850749969482e-01,4.704537689685821533e-01,4.740360677242279053e-01,4.853299558162689209e-01,4.217253625392913818e-01,1.508253365755081177e-01,1.217114627361297607e-01,3.404697477817535400e-01,3.714808821678161621e-01,5.535167641937732697e-03,4.146360158920288086e-01,3.866142034530639648e-01,4.633696749806404114e-02,2.637052722275257111e-02,5.632043257355690002e-02,4.897835105657577515e-02,-4.181512445211410522e-02,4.887115955352783203e-02,3.055116534233093262e-01,4.300518929958343506e-01,4.807637035846710205e-01,2.911414206027984619e-01,2.311027497053146362e-01,2.894625365734100342e-01,1.668388247489929199e-01,1.896348893642425537e-01,6.533565521240234375e-01,5.237083435058593750e-01,4.575562775135040283e-01,4.364111423492431641e-01,2.666831016540527344e-01,2.847653329372406006e-01,1.811111345887184143e-02,1.025893464684486389e-01,2.146102935075759888e-01,-1.352025778032839298e-03,-1.343478858470916748e-01,9.426429867744445801e-02,2.214116603136062622e-01,3.250791132450103760e-01,2.679242193698883057e-01,2.198838442564010620e-01,2.368497252464294434e-01,2.380249053239822388e-01,2.450408637523651123e-01,2.165984660387039185e-01,2.664604485034942627e-01
3.325249850749969482e-01,1.000000000000000000e+00,1.527744084596633911e-01,1.658719629049301147e-01,3.889221549034118652e-01,3.663435280323028564e-01,2.677426636219024658e-01,1.481512933969497681e-01,3.769846558570861816e-01,4.802086949348449707e-01,6.935466080904006958e-02,2.179485857486724854e-01,4.396235942840576172e-01,2.782815508544445038e-02,6.654096394777297974e-02,6.517133861780166626e-02,2.185037732124328613e-01,2.276006639003753662e-01,4.078644216060638428e-01,4.993530511856079102e-01,3.569725751876831055e-01,3.940303921699523926e-01,3.504727482795715332e-01,4.680266678333282471e-01,2.138531357049942017e-01,2.343317717313766479e-01,2.638989984989166260e-01,3.186487257480621338e-01,4.149647057056427002e-01,4.231837093830108643e-01,3.172143101692199707e-01,4.108262360095977783e-01,3.777773678302764893e-01,8.718954771757125854e-02,2.434269040822982788e-01,3.344922959804534912e-01,-8.262544870376586914e-03,6.326771527528762817e-02,1.768740564584732056e-01,1.281711608171463013e-01,6.436396837234497070e-01,6.661104559898376465e-01,5.701834559440612793e-01,5.760956406593322754e-01,6.709529161453247070e-01,4.593516588211059570e-01,4.093794226646423340e-01,3.201465010643005371e-01
4.704537689685821533e-01,1.527744084596633911e-01,1.000000000000000000e+00,6.886153817176818848e-01,3.350376486778259277e-01,4.858894348144531250e-01,4.060482978820800781e-01,2.650679647922515869e-02,1.893281638622283936e-01,2.961597144603729248e-01,2.035039942711591721e-03,3.109239935874938965e-01,2.757397294044494629e-01,-1.863161288201808929e-02,-1.031127795577049255e-01,-1.505580171942710876e-02,3.090684711933135986e-01,9.397942572832107544e-02,7.431654632091522217e-02,2.358630001544952393e-01,3.815509974956512451e-01,3.325675427913665771e-01,6.271538138389587402e-02,1.967184990644454956e-01,-8.641915768384933472e-02,3.042371869087219238e-01,-7.838004082441329956e-02,5.268598198890686035e-01,4.571979641914367676e-01,2.791170775890350342e-01,2.776537239551544189e-01,1.710431426763534546e-01,-6.723797414451837540e-03,-8.089672029018402100e-02,4.782063513994216919e-02,1.475258320569992065e-01,-1.051557883620262146e-01,-1.995813697576522827e-01,7.553363684564828873e-03,2.401926815509796143e-01,1.843593567609786987e-01,2.160470336675643921e-01,1.002726629376411438e-01,7.197418808937072754e-02,7.685402780771255493e-02,7.241880893707275391e-02,1.511537134647369385e-01,1.287898719310760498e-01
4.740360677242279053e-01,1.658719629049301147e-01,6.886153817176818848e-01,1.000000000000000000e+00,3.542867898941040039e-01,4.936372637748718262e-01,4.332327842712402344e-01,2.682564221322536469e-02,1.998863816261291504e-01,2.489027380943298340e-01,-4.152730107307434082e-02,3.087959587574005127e-01,2.372899800539016724e-01,-7.984144613146781921e-03,-8.798117935657501221e-02,-1.992226950824260712e-02,2.725950479507446289e-01,1.147762909531593323e-01,1.349259465932846069e-01,3.213314712047576904e-01,4.439018070697784424e-01,3.233670592308044434e-01,1.594069600105285645e-02,1.631518751382827759e-01,-1.317485421895980835e-01,2.817011475563049316e-01,-5.536394938826560974e-02,4.531105458736419678e-01,4.422086179256439209e-01,2.776527106761932373e-01,2.855655252933502197e-01,1.663826107978820801e-01,4.430199041962623596e-03,-4.367406666278839111e-02,8.129216730594635010e-02,1.213840395212173462e-01,-1.184303313493728638e-01,-1.682547628879547119e-01,4.462351556867361069e-03,1.449518352746963501e-01,2.417286485433578491e-01,2.284479290246963501e-01,7.157477736473083496e-02,8.754742145538330078e-02,4.916841909289360046e-02,4.536071792244911194e-02,1.352402865886688232e-01,6.446795910596847534e-02
4.853299558162689209e-01,3.889221549034118652e-01,3.350376486778259277e-01,3.542867898941040039e-01,1.000000000000000000e+00,6.533679962158203125e-01,2.045282721519470215e-01,9.959312528371810913e-02,2.338774055242538452e-01,3.635295331478118896e-01,7.153970748186111450e-02,2.742385864257812500e-01,4.331236779689788818e-01,-4.314838722348213196e-02,6.754431524313986301e-04,2.166125625371932983e-01,1.580431759357452393e-01,3.735038684681057930e-03,2.175704687833786011e-01,3.943856954574584961e-01,3.249823153018951416e-01,3.577764928340911865e-01,1.413710564374923706e-01,1.941280812025070190e-01,1.387013942003250122e-01,5.234849452972412109e-02,6.849907338619232178e-02,5.168378949165344238e-01,5.471538901329040527e-01,4.200574159622192383e-01,2.782769501209259033e-01,2.206166088581085205e-01,1.956071257591247559e-01,5.109987035393714905e-02,1.119766384363174438e-01,1.415734589099884033e-01,-4.243342950940132141e-02,-1.069280505180358887e-02,1.242122724652290344e-01,5.833789333701133728e-02,4.368081092834472656e-01,4.217153191566467285e-01,2.526579499244689941e-01,2.255376577377319336e-01,2.415377646684646606e-01,2.283323407173156738e-01,1.771245300769805908e-01,3.158601373434066772e-02
4.217253625392913818e-01,3.663435280323028564e-01,4.858894348144531250e-01,4.936372637748718262e-01,6.533679962158203125e-01,1.000000000000000000e+00,3.111602365970611572e-01,1.256887316703796387e-01,2.615965306758880615e-01,4.218859970569610596e-01,3.578121960163116455e-02,3.264657258987426758e-01,4.095991253852844238e-01,-3.191518411040306091e-02,-6.764467805624008179e-02,4.005349799990653992e-02,2.077602148056030273e-01,3.717948496341705322e-02,2.588286995887756348e-01,4.611994624137878418e-01,4.916313588619232178e-01,3.409716188907623291e-01,1.247830390930175781e-01,2.308071404695510864e-01,-9.231015574187040329e-04,1.154892593622207642e-01,-4.478435497730970383e-03,5.633908510208129883e-01,6.395063400268554688e-01,4.024854898452758789e-01,2.758648097515106201e-01,2.594659626483917236e-01,1.705109328031539917e-01,2.469709329307079315e-02,1.324367821216583252e-01,1.742709875106811523e-01,-9.897591173648834229e-02,-8.620654046535491943e-02,5.863814055919647217e-02,1.378730833530426025e-01,4.534570574760437012e-01,4.010052382946014404e-01,2.375919818878173828e-01,2.313916236162185669e-01,1.911724209785461426e-01,1.643555611371994019e-01,1.999540627002716064e-01,8.779394626617431641e-02
1.508253365755081177e-01,2.677426636219024658e-01,4.060482978820800781e-01,4.332327842712402344e-01,2.045282721519470215e-01,3.111602365970611572e-01,1.000000000000000000e+00,1.145548075437545776e-01,3.840152025222778320e-01,3.596206009387969971e-01,5.630899220705032349e-02,1.362041383981704712e-01,8.391694724559783936e-02,7.039374113082885742e-02,-1.735110208392143250e-02,7.801116257905960083e-02,7.293576002120971680e-01,5.403488278388977051e-01,4.885487258434295654e-01,4.883746206760406494e-01,3.306561708450317383e-01,3.151939809322357178e-01,1.224547475576400757e-01,3.120453357696533203e-01,-1.999697387218475342e-01,6.664399504661560059e-01,-1.250127702951431274e-01,1.994463205337524414e-01,3.678798377513885498e-01,2.670266032218933105e-01,3.165249526500701904e-01,3.256413340568542480e-01,-7.079415023326873779e-02,-1.318867877125740051e-02,1.039524301886558533e-01,3.134955167770385742e-01,-1.651007123291492462e-02,2.790782600641250610e-03,2.394768148660659790e-01,2.749375998973846436e-01,3.717833757400512695e-01,4.858072400093078613e-01,4.100033044815063477e-01,2.839133739471435547e-01,2.323260605335235596e-01,3.491682410240173340e-01,2.943432629108428955e-01,1.974473148584365845e-01
1.217114627361297607e-01,1.481512933969497681e-01,2.650679647922515869e-02,2.682564221322536469e-02,9.959312528371810913e-02,1.256887316703796387e-01,1.145548075437545776e-01,1.000000000000000000e+00,4.494036734104156494e-01,2.443752735853195190e-01,6.135566234588623047e-01,4.642022848129272461e-01,1.928455531597137451e-01,5.321882367134094238e-01,4.937721788883209229e-01,4.216849207878112793e-01,1.016928628087043762e-01,8.992148935794830322e-02,1.600320637226104736e-01,1.278873682022094727e-01,1.541466116905212402e-01,1.734502613544464111e-01,2.722888588905334473e-01,1.811733394861221313e-01,2.726561725139617920e-01,1.173386126756668091e-01,2.527035474777221680e-01,1.291246116161346436e-01,1.208170056343078613e-01,1.850953698158264160e-01,1.776530295610427856e-01,1.799873262643814087e-01,3.674678206443786621e-01,4.826405048370361328e-01,4.851750731468200684e-01,3.112059533596038818e-01,4.814231395721435547e-01,4.589400291442871094e-01,4.480494558811187744e-01,8.690065145492553711e-02,6.519541144371032715e-02,1.065615788102149963e-01,1.307784765958786011e-01,3.841134607791900635e-01,1.090202182531356812e-01,1.510350555181503296e-01,1.763968318700790405e-01,1.628412455320358276e-01
3.404697477817535400e-01,3.769846558570861816e-01,1.893281638622283936e-01,1.998863816261291504e-01,2.338774055242538452e-01,2.615965306758880615e-01,3.840152025222778320e-01,4.494036734104156494e-01,1.000000000000000000e+00,6.078167557716369629e-01,2.839015424251556396e-01,4.507955610752105713e-01,3.510391712188720703e-01,1.830416321754455566e-01,1.101795211434364319e-01,2.577418088912963867e-01,3.200025260448455811e-01,2.207396775484085083e-01,2.527326941490173340e-01,3.920942544937133789e-01,4.093133807182312012e-01,4.742883145809173584e-01,4.303039312362670898e-01,4.468850195407867432e-01,3.159703016281127930e-01,3.295420408248901367e-01,2.646982073783874512e-01,2.748011648654937744e-01,2.746548950672149658e-01,4.027006030082702637e-01,4.602399170398712158e-01,4.925935268402099609e-01,4.055144786834716797e-01,1.306171417236328125e-01,3.195787668228149414e-01,5.210419893264770508e-01,1.048777922987937927e-01,1.222113221883773804e-01,3.895092010498046875e-01,3.455384969711303711e-01,3.022097349166870117e-01,3.857414722442626953e-01,4.369051754474639893e-01,5.736812949180603027e-01,3.404731750488281250e-01,5.238704085350036621e-01,4.286288321018218994e-01,4.399559795856475830e-01
3.714808821678161621e-01,4.802086949348449707e-01,2.961597144603729248e-01,2.489027380943298340e-01,3.635295331478118896e-01,4.218859970569610596e-01,3.596206009387969971e-01,2.443752735853195190e-01,6.078167557716369629e-01,1.000000000000000000e+00,1.221215277910232544e-01,4.421253502368927002e-01,5.823229551315307617e-01,1.244074478745460510e-01,6.867318600416183472e-02,1.669136136770248413e-01,3.028836250305175781e-01,1.671136170625686646e-01,2.080316245555877686e-01,5.341417193412780762e-01,5.906736850738525391e-01,5.914897322654724121e-01,4.537095427513122559e-01,5.728512406349182129e-01,1.801645308732986450e-01,2.808581888675689697e-01,1.421202719211578369e-01,3.462001979351043701e-01,3.640718162059783936e-01,4.826366305351257324e-01,5.221874117851257324e-01,5.792884826660156250e-01,2.932093441486358643e-01,3.438329556956887245e-03,1.467254310846328735e-01,4.774751067161560059e-01,7.157477736473083496e-02,1.231305487453937531e-02,2.846010625362396240e-01,3.797299563884735107e-01,3.923787176609039307e-01,4.896414875984191895e-01,5.167117714881896973e-01,4.455878436565399170e-01,4.863775968551635742e-01,6.110628843307495117e-01,5.463941097259521484e-01,4.650241732597351074e-01
5.535167641937732697e-03,6.935466080904006958e-02,2.035039942711591721e-03,-4.152730107307434082e-02,7.153970748186111450e-02,3.578121960163116455e-02,5.630899220705032349e-02,6.135566234588623047e-01,2.839015424251556396e-01,1.221215277910232544e-01,1.000000000000000000e+00,4.801845252513885498e-01,1.909354031085968018e-01,4.889505207538604736e-01,5.483517646789550781e-01,4.514052569866180420e-01,9.409581124782562256e-02,9.272436797618865967e-02,6.326749175786972046e-02,-4.678301513195037842e-02,5.684375762939453125e-03,5.637924373149871826e-02,1.071555018424987793e-01,9.974639862775802612e-02,2.557099759578704834e-01,1.057496517896652222e-01,2.726784944534301758e-01,3.953734412789344788e-02,2.995343692600727081e-02,1.600439846515655518e-01,1.174154058098793030e-01,6.481647491455078125e-02,2.832463085651397705e-01,4.852571487426757812e-01,3.919732570648193359e-01,1.444441974163055420e-01,4.901879131793975830e-01,6.064736843109130859e-01,3.597335517406463623e-01,-1.142453104257583618e-01,-1.276953890919685364e-02,4.249120876193046570e-02,9.094171971082687378e-02,1.500189304351806641e-01,5.856746435165405273e-02,4.685680940747261047e-02,7.954230904579162598e-02,-6.434168666601181030e-02
4.146360158920288086e-01,2.179485857486724854e-01,3.109239935874938965e-01,3.087959587574005127e-01,2.742385864257812500e-01,3.264657258987426758e-01,1.362041383981704712e-01,4.642022848129272461e-01,4.507955610752105713e-01,4.421253502368927002e-01,4.801845252513885498e-01,1.000000000000000000e+00,5.346123576164245605e-01,3.801512420177459717e-01,3.983490169048309326e-01,3.597882986068725586e-01,9.079923480749130249e-02,4.974972829222679138e-02,1.065970584750175476e-02,2.200012803077697754e-01,4.251210093498229980e-01,3.986155390739440918e-01,3.401527106761932373e-01,2.892294824123382568e-01,2.578923404216766357e-01,1.272369921207427979e-01,3.077564537525177002e-01,3.461118638515472412e-01,2.627190351486206055e-01,3.920721709728240967e-01,3.885975778102874756e-01,2.634932398796081543e-01,4.140880405902862549e-01,3.367231786251068115e-01,2.934920191764831543e-01,2.703662216663360596e-01,3.467961251735687256e-01,2.832406759262084961e-01,2.970435619354248047e-01,1.182081922888755798e-01,1.354921311140060425e-01,1.165694147348403931e-01,1.719813942909240723e-01,2.083451300859451294e-01,1.900308132171630859e-01,1.770210564136505127e-01,2.665022909641265869e-01,1.498787403106689453e-01
3.866142034530639648e-01,4.396235942840576172e-01,2.757397294044494629e-01,2.372899800539016724e-01,4.331236779689788818e-01,4.095991253852844238e-01,8.391694724559783936e-02,1.928455531597137451e-01,3.510391712188720703e-01,5.823229551315307617e-01,1.909354031085968018e-01,5.346123576164245605e-01,1.000000000000000000e+00,1.592877656221389771e-01,2.011864483356475830e-01,2.899187207221984863e-01,5.754393711686134338e-02,5.069321021437644958e-02,8.070196211338043213e-02,4.248270690441131592e-01,5.509628057479858398e-01,5.843843221664428711e-01,4.886063933372497559e-01,4.759291112422943115e-01,2.043916434049606323e-01,4.034766182303428650e-02,2.732469439506530762e-01,2.836140394210815430e-01,2.659361660480499268e-01,4.993567764759063721e-01,4.426164627075195312e-01,4.344899058341979980e-01,3.975797891616821289e-01,1.333767026662826538e-01,1.290419846773147583e-01,3.422599434852600098e-01,1.467996090650558472e-01,9.522914886474609375e-02,1.810978353023529053e-01,1.880378276109695435e-01,2.641235291957855225e-01,3.124428689479827881e-01,3.839036226272583008e-01,2.779074311256408691e-01,4.439889490604400635e-01,3.700174093246459961e-01,4.287480413913726807e-01,3.316289782524108887e-01
4.633696749806404114e-02,2.782815508544445038e-02,-1.863161288201808929e-02,-7.984144613146781921e-03,-4.314838722348213196e-02,-3.191518411040306091e-02,7.039374113082885742e-02,5.321882367134094238e-01,1.830416321754455566e-01,1.244074478745460510e-01,4.889505207538604736e-01,3.801512420177459717e-01,1.592877656221389771e-01,1.000000000000000000e+00,5.698141455650329590e-01,2.480026930570602417e-01,8.292115479707717896e-02,1.480267494916915894e-01,4.775009676814079285e-02,3.074126318097114563e-02,1.142338067293167114e-01,9.626808017492294312e-02,1.158428937196731567e-01,1.054285168647766113e-01,1.208420172333717346e-01,1.125838607549667358e-01,1.530901938676834106e-01,-2.695662714540958405e-02,-3.599163144826889038e-02,1.325469911098480225e-01,1.482430100440979004e-01,1.817986927926540375e-02,2.024032473564147949e-01,3.226934075355529785e-01,1.752531528472900391e-01,1.263115406036376953e-01,6.403369307518005371e-01,3.788303136825561523e-01,1.910339593887329102e-01,-6.884294003248214722e-02,-4.630699008703231812e-02,-2.887578308582305908e-02,4.219488427042961121e-02,7.718183100223541260e-02,4.917476326227188110e-02,4.470483399927616119e-03,1.021819114685058594e-01,-1.765205711126327515e-02
2.637052722275257111e-02,6.654096394777297974e-02,-1.031127795577049255e-01,-8.798117935657501221e-02,6.754431524313986301e-04,-6.764467805624008179e-02,-1.735110208392143250e-02,4.937721788883209229e-01,1.101795211434364319e-01,6.867318600416183472e-02,5.483517646789550781e-01,3.983490169048309326e-01,2.011864483356475830e-01,5.698141455650329590e-01,1.000000000000000000e+00,4.862768948078155518e-01,7.796323299407958984e-02,1.915775984525680542e-01,3.489917889237403870e-02,1.672861166298389435e-02,3.024603240191936493e-02,1.139877811074256897e-01,2.376362234354019165e-01,9.534841775894165039e-02,1.034907847642898560e-01,1.798735558986663818e-02,1.094320639967918396e-01,-2.242889255285263062e-02,-2.025441825389862061e-02,9.452716261148452759e-02,1.223602294921875000e-01,8.692713081836700439e-02,1.684098988771438599e-01,4.590044617652893066e-01,2.559587359428405762e-01,1.243888214230537415e-01,6.099767684936523438e-01,6.506847739219665527e-01,3.680332601070404053e-01,-4.412629827857017517e-02,-5.534087773412466049e-03,1.254927087575197220e-02,8.074748516082763672e-02,9.555686265230178833e-02,1.449327319860458374e-01,7.059936225414276123e-02,1.315187215805053711e-01,6.834789179265499115e-03
5.632043257355690002e-02,6.517133861780166626e-02,-1.505580171942710876e-02,-1.992226950824260712e-02,2.166125625371932983e-01,4.005349799990653992e-02,7.801116257905960083e-02,4.216849207878112793e-01,2.577418088912963867e-01,1.669136136770248413e-01,4.514052569866180420e-01,3.597882986068725586e-01,2.899187207221984863e-01,2.480026930570602417e-01,4.862768948078155518e-01,1.000000000000000000e+00,1.693596988916397095e-01,1.830643266439437866e-01,7.919044047594070435e-02,8.374636620283126831e-02,2.955395542085170746e-02,2.372160851955413818e-01,2.926122844219207764e-01,1.541255116462707520e-01,1.436699628829956055e-01,3.949321806430816650e-03,1.176521927118301392e-01,6.326809525489807129e-02,5.550154298543930054e-02,1.887906491756439209e-01,2.180848121643066406e-01,1.871896982192993164e-01,1.809915006160736084e-01,4.479243457317352295e-01,3.394665122032165527e-01,2.561917603015899658e-01,3.800897002220153809e-01,5.274790525436401367e-01,6.019756793975830078e-01,1.337813436985015869e-01,-3.928982093930244446e-02,8.495854586362838745e-02,7.788743078708648682e-02,1.888371258974075317e-01,1.166442781686782837e-01,1.727211624383926392e-01,1.806616187095642090e-01,6.862422078847885132e-02
4.897835105657577515e-02,2.185037732124328613e-01,3.090684711933135986e-01,2.725950479507446289e-01,1.580431759357452393e-01,2.077602148056030273e-01,7.293576002120971680e-01,1.016928628087043762e-01,3.200025260448455811e-01,3.028836250305175781e-01,9.409581124782562256e-02,9.079923480749130249e-02,5.754393711686134338e-02,8.292115479707717896e-02,7.796323299407958984e-02,1.693596988916397095e-01,1.000000000000000000e+00,6.433873176574707031e-01,4.366874396800994873e-01,3.800181746482849121e-01,2.044227272272109985e-01,2.852307260036468506e-01,1.156950592994689941e-01,2.736443579196929932e-01,-1.800498366355895996e-01,5.444222092628479004e-01,-1.427767276763916016e-01,1.407834142446517944e-01,3.044426739215850830e-01,2.615877687931060791e-01,2.951546311378479004e-01,2.956110239028930664e-01,-9.520011395215988159e-02,-1.130090281367301941e-02,1.045463457703590393e-01,2.912104129791259766e-01,4.574944078922271729e-02,9.346574544906616211e-02,2.810358107089996338e-01,2.442023307085037231e-01,2.565254867076873779e-01,4.370336234569549561e-01,4.061418771743774414e-01,2.674454152584075928e-01,2.645108103752136230e-01,3.716267347335815430e-01,2.725462615489959717e-01,1.431189030408859253e-01
-4.181512445211410522e-02,2.276006639003753662e-01,9.397942572832107544e-02,1.147762909531593323e-01,3.735038684681057930e-03,3.717948496341705322e-02,5.403488278388977051e-01,8.992148935794830322e-02,2.207396775484085083e-01,1.671136170625686646e-01,9.272436797618865967e-02,4.974972829222679138e-02,5.069321021437644958e-02,1.480267494916915894e-01,1.915775984525680542e-01,1.830643266439437866e-01,6.433873176574707031e-01,1.000000000000000000e+00,4.289843440055847168e-01,3.028913736343383789e-01,1.322249919176101685e-01,2.577335238456726074e-01,1.833112537860870361e-01,2.091438025236129761e-01,-9.263912588357925415e-02,4.774692058563232422e-01,-4.509882256388664246e-02,-8.445074781775474548e-03,1.704531908035278320e-01,2.256164848804473877e-01,2.862409949302673340e-01,2.209111750125885010e-01,-1.702641136944293976e-02,7.903785258531570435e-02,6.435800343751907349e-02,2.150935828685760498e-01,1.365837156772613525e-01,2.312620431184768677e-01,2.896486520767211914e-01,1.511943787336349487e-01,2.129123359918594360e-01,3.211745619773864746e-01,3.625673651695251465e-01,2.684322297573089600e-01,2.540052235126495361e-01,2.578898072242736816e-01,1.941389143466949463e-01,1.030655577778816223e-01
4.887115955352783203e-02,4.078644216060638428e-01,7.431654632091522217e-02,1.349259465932846069e-01,2.175704687833786011e-01,2.588286995887756348e-01,4.885487258434295654e-01,1.600320637226104736e-01,2.527326941490173340e-01,2.080316245555877686e-01,6.326749175786972046e-02,1.065970584750175476e-02,8.070196211338043213e-02,4.775009676814079285e-02,3.489917889237403870e-02,7.919044047594070435e-02,4.366874396800994873e-01,4.289843440055847168e-01,1.000000000000000000e+00,5.998985767364501953e-01,2.749884426593780518e-01,2.146672159433364868e-01,2.017726451158523560e-01,3.092835247516632080e-01,-1.077642217278480530e-01,4.568222761154174805e-01,1.290607359260320663e-02,6.048706918954849243e-02,3.676955103874206543e-01,3.028978407382965088e-01,2.615935504436492920e-01,3.088104426860809326e-01,6.380243599414825439e-02,6.877213716506958008e-02,1.034236326813697815e-01,2.929844856262207031e-01,7.480547297745943069e-03,7.831803709268569946e-02,2.175915986299514771e-01,1.254487633705139160e-01,5.205751061439514160e-01,5.266713500022888184e-01,4.889603853225708008e-01,3.618800342082977295e-01,2.839508950710296631e-01,2.923758327960968018e-01,2.919745147228240967e-01,1.661746948957443237e-01
3.055116534233093262e-01,4.993530511856079102e-01,2.358630001544952393e-01,3.213314712047576904e-01,3.943856954574584961e-01,4.611994624137878418e-01,4.883746206760406494e-01,1.278873682022094727e-01,3.920942544937133789e-01,5.341417193412780762e-01,-4.678301513195037842e-02,2.200012803077697754e-01,4.248270690441131592e-01,3.074126318097114563e-02,1.672861166298389435e-02,8.374636620283126831e-02,3.800181746482849121e-01,3.028913736343383789e-01,5.998985767364501953e-01,1.000000000000000000e+00,6.434300541877746582e-01,5.346499681472778320e-01,4.001917541027069092e-01,5.043243765830993652e-01,-7.621990144252777100e-02,3.774262070655822754e-01,4.273017495870590210e-02,2.316579073667526245e-01,4.518217742443084717e-01,4.920141696929931641e-01,4.958809614181518555e-01,5.438298583030700684e-01,1.763654649257659912e-01,3.916612267494201660e-02,1.201653480529785156e-01,4.454050064086914062e-01,-1.891160756349563599e-02,-3.216458484530448914e-02,2.135144472122192383e-01,3.172130286693572998e-01,5.692288279533386230e-01,5.710272192955017090e-01,5.671938657760620117e-01,3.810037970542907715e-01,4.323350489139556885e-01,5.014991164207458496e-01,4.838039875030517578e-01,3.871534764766693115e-01
4.300518929958343506e-01,3.569725751876831055e-01,3.815509974956512451e-01,4.439018070697784424e-01,3.249823153018951416e-01,4.916313588619232178e-01,3.306561708450317383e-01,1.541466116905212402e-01,4.093133807182312012e-01,5.906736850738525391e-01,5.684375762939453125e-03,4.251210093498229980e-01,5.509628057479858398e-01,1.142338067293167114e-01,3.024603240191936493e-02,2.955395542085170746e-02,2.044227272272109985e-01,1.322249919176101685e-01,2.749884426593780518e-01,6.434300541877746582e-01,1.000000000000000000e+00,6.154742836952209473e-01,3.784348368644714355e-01,4.782452285289764404e-01,1.122039463371038437e-02,2.538428604602813721e-01,1.129908785223960876e-01,3.242190182209014893e-01,3.925801813602447510e-01,5.399898886680603027e-01,5.989512205123901367e-01,5.368639826774597168e-01,2.374641448259353638e-01,2.176939509809017181e-02,1.099633947014808655e-01,4.096476137638092041e-01,1.258131302893161774e-02,-9.296624362468719482e-02,1.283701956272125244e-01,3.239373564720153809e-01,3.467211425304412842e-01,3.396491408348083496e-01,4.042593836784362793e-01,2.659394145011901855e-01,3.504024446010589600e-01,3.898915350437164307e-01,4.680953025817871094e-01,3.798264265060424805e-01
4.807637035846710205e-01,3.940303921699523926e-01,3.325675427913665771e-01,3.233670592308044434e-01,3.577764928340911865e-01,3.409716188907623291e-01,3.151939809322357178e-01,1.734502613544464111e-01,4.742883145809173584e-01,5.914897322654724121e-01,5.637924373149871826e-02,3.986155390739440918e-01,5.843843221664428711e-01,9.626808017492294312e-02,1.139877811074256897e-01,2.372160851955413818e-01,2.852307260036468506e-01,2.577335238456726074e-01,2.146672159433364868e-01,5.346499681472778320e-01,6.154742836952209473e-01,1.000000000000000000e+00,5.639755725860595703e-01,5.602105855941772461e-01,1.509292721748352051e-01,2.395156174898147583e-01,2.064226567745208740e-01,3.519999086856842041e-01,3.474973142147064209e-01,6.248150467872619629e-01,7.208711504936218262e-01,6.612365841865539551e-01,2.650747001171112061e-01,9.384145587682723999e-02,1.568938493728637695e-01,4.956723749637603760e-01,1.064637526869773865e-01,5.476088263094425201e-03,2.987706065177917480e-01,4.005443751811981201e-01,2.947939336299896240e-01,3.794019520282745361e-01,4.773894250392913818e-01,3.559605181217193604e-01,4.692378640174865723e-01,5.168373584747314453e-01,5.684610605239868164e-01,5.236811041831970215e-01
2.911414206027984619e-01,3.504727482795715332e-01,6.271538138389587402e-02,1.594069600105285645e-02,1.413710564374923706e-01,1.247830390930175781e-01,1.224547475576400757e-01,2.722888588905334473e-01,4.303039312362670898e-01,4.537095427513122559e-01,1.071555018424987793e-01,3.401527106761932373e-01,4.886063933372497559e-01,1.158428937196731567e-01,2.376362234354019165e-01,2.926122844219207764e-01,1.156950592994689941e-01,1.833112537860870361e-01,2.017726451158523560e-01,4.001917541027069092e-01,3.784348368644714355e-01,5.639755725860595703e-01,1.000000000000000000e+00,5.050597190856933594e-01,2.315328121185302734e-01,1.107454001903533936e-01,2.759172916412353516e-01,1.393463462591171265e-01,1.704146414995193481e-01,4.113069176673889160e-01,4.711403846740722656e-01,5.692284703254699707e-01,3.518658578395843506e-01,1.310889124870300293e-01,1.214443668723106384e-01,5.400861501693725586e-01,2.157118916511535645e-01,1.340427845716476440e-01,3.949351310729980469e-01,5.217065811157226562e-01,2.700167298316955566e-01,2.863724529743194580e-01,4.093693792819976807e-01,3.903442025184631348e-01,4.173444807529449463e-01,4.798548817634582520e-01,5.081934332847595215e-01,6.694442033767700195e-01
2.311027497053146362e-01,4.680266678333282471e-01,1.967184990644454956e-01,1.631518751382827759e-01,1.941280812025070190e-01,2.308071404695510864e-01,3.120453357696533203e-01,1.811733394861221313e-01,4.468850195407867432e-01,5.728512406349182129e-01,9.974639862775802612e-02,2.892294824123382568e-01,4.759291112422943115e-01,1.054285168647766113e-01,9.534841775894165039e-02,1.541255116462707520e-01,2.736443579196929932e-01,2.091438025236129761e-01,3.092835247516632080e-01,5.043243765830993652e-01,4.782452285289764404e-01,5.602105855941772461e-01,5.050597190856933594e-01,1.000000000000000000e+00,5.660308524966239929e-02,2.500599920749664307e-01,1.156523302197456360e-01,1.608287096023559570e-01,2.243771255016326904e-01,4.304811060428619385e-01,5.059702396392822266e-01,7.028172612190246582e-01,2.377199679613113403e-01,9.127764403820037842e-02,1.813862323760986328e-01,6.991137266159057617e-01,4.104023426771163940e-02,8.274386078119277954e-02,3.099063634872436523e-01,4.508334100246429443e-01,3.628619313240051270e-01,4.514480233192443848e-01,4.842509627342224121e-01,4.146253168582916260e-01,4.847203195095062256e-01,5.055382251739501953e-01,7.597352862358093262e-01,5.646840929985046387e-01
2.894625365734100342e-01,2.138531357049942017e-01,-8.641915768384933472e-02,-1.317485421895980835e-01,1.387013942003250122e-01,-9.231015574187040329e-04,-1.999697387218475342e-01,2.726561725139617920e-01,3.159703016281127930e-01,1.801645308732986450e-01,2.557099759578704834e-01,2.578923404216766357e-01,2.043916434049606323e-01,1.208420172333717346e-01,1.034907847642898560e-01,1.436699628829956055e-01,-1.800498366355895996e-01,-9.263912588357925415e-02,-1.077642217278480530e-01,-7.621990144252777100e-02,1.122039463371038437e-02,1.509292721748352051e-01,2.315328121185302734e-01,5.660308524966239929e-02,1.000000000000000000e+00,-1.053782179951667786e-01,5.734493136405944824e-01,2.310064435005187988e-01,5.350262671709060669e-02,1.658538728952407837e-01,1.289218515157699585e-01,5.093338340520858765e-02,6.319881677627563477e-01,6.036201491951942444e-02,1.064850762486457825e-01,7.962915301322937012e-02,1.312179863452911377e-01,1.486483663320541382e-01,1.569478809833526611e-01,-4.032484814524650574e-02,5.809399113059043884e-02,6.031039357185363770e-02,1.199779734015464783e-01,2.308815717697143555e-01,1.389341205358505249e-01,1.606845408678054810e-01,1.043820474296808243e-02,1.253510862588882446e-01
1.668388247489929199e-01,2.343317717313766479e-01,3.042371869087219238e-01,2.817011475563049316e-01,5.234849452972412109e-02,1.154892593622207642e-01,6.664399504661560059e-01,1.173386126756668091e-01,3.295420408248901367e-01,2.808581888675689697e-01,1.057496517896652222e-01,1.272369921207427979e-01,4.034766182303428650e-02,1.125838607549667358e-01,1.798735558986663818e-02,3.949321806430816650e-03,5.444222092628479004e-01,4.774692058563232422e-01,4.568222761154174805e-01,3.774262070655822754e-01,2.538428604602813721e-01,2.395156174898147583e-01,1.107454001903533936e-01,2.500599920749664307e-01,-1.053782179951667786e-01,1.000000000000000000e+00,-5.777686834335327148e-02,1.189421489834785461e-01,2.763947248458862305e-01,2.507596015930175781e-01,3.108080625534057617e-01,2.357634156942367554e-01,-1.448887027800083160e-02,-1.704326644539833069e-02,5.464648455381393433e-02,2.253891378641128540e-01,4.718571156263351440e-02,1.330017764121294022e-02,1.961829811334609985e-01,2.101449817419052124e-01,3.277005255222320557e-01,3.939726054668426514e-01,4.118037223815917969e-01,2.386561036109924316e-01,1.843854188919067383e-01,2.948922514915466309e-01,2.171051502227783203e-01,1.571368575096130371e-01
1.896348893642425537e-01,2.638989984989166260e-01,-7.838004082441329956e-02,-5.536394938826560974e-02,6.849907338619232178e-02,-4.478435497730970383e-03,-1.250127702951431274e-01,2.527035474777221680e-01,2.646982073783874512e-01,1.421202719211578369e-01,2.726784944534301758e-01,3.077564537525177002e-01,2.732469439506530762e-01,1.530901938676834106e-01,1.094320639967918396e-01,1.176521927118301392e-01,-1.427767276763916016e-01,-4.509882256388664246e-02,1.290607359260320663e-02,4.273017495870590210e-02,1.129908785223960876e-01,2.064226567745208740e-01,2.759172916412353516e-01,1.156523302197456360e-01,5.734493136405944824e-01,-5.777686834335327148e-02,1.000000000000000000e+00,7.631328701972961426e-02,3.651898354291915894e-02,2.683969140052795410e-01,2.010052651166915894e-01,1.150533780455589294e-01,5.898855924606323242e-01,1.529654413461685181e-01,1.611604988574981689e-01,1.024303063750267029e-01,1.394408345222473145e-01,1.315615475177764893e-01,5.801457166671752930e-02,-5.023619160056114197e-02,7.469175755977630615e-02,6.944929808378219604e-02,1.961699128150939941e-01,2.143928706645965576e-01,2.614563405513763428e-01,1.664145439863204956e-01,8.602755516767501831e-02,1.498478502035140991e-01
6.533565521240234375e-01,3.186487257480621338e-01,5.268598198890686035e-01,4.531105458736419678e-01,5.168378949165344238e-01,5.633908510208129883e-01,1.994463205337524414e-01,1.291246116161346436e-01,2.748011648654937744e-01,3.462001979351043701e-01,3.953734412789344788e-02,3.461118638515472412e-01,2.836140394210815430e-01,-2.695662714540958405e-02,-2.242889255285263062e-02,6.326809525489807129e-02,1.407834142446517944e-01,-8.445074781775474548e-03,6.048706918954849243e-02,2.316579073667526245e-01,3.242190182209014893e-01,3.519999086856842041e-01,1.393463462591171265e-01,1.608287096023559570e-01,2.310064435005187988e-01,1.189421489834785461e-01,7.631328701972961426e-02,1.000000000000000000e+00,6.772904992103576660e-01,3.741838335990905762e-01,3.111130297183990479e-01,1.821844130754470825e-01,1.754097193479537964e-01,8.390085771679878235e-03,1.395816951990127563e-01,1.458081156015396118e-01,-5.767787620425224304e-02,-1.022922545671463013e-01,9.397008270025253296e-02,1.569360047578811646e-01,3.262041211128234863e-01,3.241133391857147217e-01,1.851216554641723633e-01,2.244326770305633545e-01,1.850526779890060425e-01,1.796031892299652100e-01,1.330334097146987915e-01,1.348913609981536865e-01
5.237083435058593750e-01,4.149647057056427002e-01,4.571979641914367676e-01,4.422086179256439209e-01,5.471538901329040527e-01,6.395063400268554688e-01,3.678798377513885498e-01,1.208170056343078613e-01,2.746548950672149658e-01,3.640718162059783936e-01,2.995343692600727081e-02,2.627190351486206055e-01,2.659361660480499268e-01,-3.599163144826889038e-02,-2.025441825389862061e-02,5.550154298543930054e-02,3.044426739215850830e-01,1.704531908035278320e-01,3.676955103874206543e-01,4.518217742443084717e-01,3.925801813602447510e-01,3.474973142147064209e-01,1.704146414995193481e-01,2.243771255016326904e-01,5.350262671709060669e-02,2.763947248458862305e-01,3.651898354291915894e-02,6.772904992103576660e-01,1.000000000000000000e+00,4.770609438419342041e-01,3.553912937641143799e-01,2.543396949768066406e-01,1.143832430243492126e-01,2.873811312019824982e-02,1.114505380392074585e-01,1.928826868534088135e-01,-5.998219177126884460e-02,-6.225270405411720276e-02,1.210923045873641968e-01,1.977302730083465576e-01,5.084681510925292969e-01,4.920780062675476074e-01,3.346615731716156006e-01,2.621464729309082031e-01,2.482170909643173218e-01,2.433556914329528809e-01,1.992787718772888184e-01,1.395960003137588501e-01
4.575562775135040283e-01,4.231837093830108643e-01,2.791170775890350342e-01,2.776527106761932373e-01,4.200574159622192383e-01,4.024854898452758789e-01,2.670266032218933105e-01,1.850953698158264160e-01,4.027006030082702637e-01,4.826366305351257324e-01,1.600439846515655518e-01,3.920721709728240967e-01,4.993567764759063721e-01,1.325469911098480225e-01,9.452716261148452759e-02,1.887906491756439209e-01,2.615877687931060791e-01,2.256164848804473877e-01,3.028978407382965088e-01,4.920141696929931641e-01,5.399898886680603027e-01,6.248150467872619629e-01,4.113069176673889160e-01,4.304811060428619385e-01,1.658538728952407837e-01,2.507596015930175781e-01,2.683969140052795410e-01,3.741838335990905762e-01,4.770609438419342041e-01,1.000000000000000000e+00,6.890795230865478516e-01,5.111333131790161133e-01,3.149254918098449707e-01,1.315129697322845459e-01,1.963533163070678711e-01,3.883529603481292725e-01,1.220069602131843567e-01,3.088078647851943970e-02,2.512561976909637451e-01,2.833201885223388672e-01,3.307245373725891113e-01,4.081879556179046631e-01,4.917679131031036377e-01,3.148945868015289307e-01,4.134527146816253662e-01,4.250411689281463623e-01,4.191315472126007080e-01,2.893140316009521484e-01
4.364111423492431641e-01,3.172143101692199707e-01,2.776537239551544189e-01,2.855655252933502197e-01,2.782769501209259033e-01,2.758648097515106201e-01,3.165249526500701904e-01,1.776530295610427856e-01,4.602399170398712158e-01,5.221874117851257324e-01,1.174154058098793030e-01,3.885975778102874756e-01,4.426164627075195312e-01,1.482430100440979004e-01,1.223602294921875000e-01,2.180848121643066406e-01,2.951546311378479004e-01,2.862409949302673340e-01,2.615935504436492920e-01,4.958809614181518555e-01,5.989512205123901367e-01,7.208711504936218262e-01,4.711403846740722656e-01,5.059702396392822266e-01,1.289218515157699585e-01,3.108080625534057617e-01,2.010052651166915894e-01,3.111130297183990479e-01,3.553912937641143799e-01,6.890795230865478516e-01,1.000000000000000000e+00,6.378796100616455078e-01,2.392200231552124023e-01,1.016989052295684814e-01,1.579631716012954712e-01,4.732336103916168213e-01,1.540876775979995728e-01,5.104242637753486633e-02,3.130108714103698730e-01,3.798121213912963867e-01,2.442820668220520020e-01,3.182195127010345459e-01,4.547029733657836914e-01,2.974437177181243896e-01,3.921416103839874268e-01,4.714060425758361816e-01,5.342703461647033691e-01,4.099454879760742188e-01
2.666831016540527344e-01,4.108262360095977783e-01,1.710431426763534546e-01,1.663826107978820801e-01,2.206166088581085205e-01,2.594659626483917236e-01,3.256413340568542480e-01,1.799873262643814087e-01,4.925935268402099609e-01,5.792884826660156250e-01,6.481647491455078125e-02,2.634932398796081543e-01,4.344899058341979980e-01,1.817986927926540375e-02,8.692713081836700439e-02,1.871896982192993164e-01,2.956110239028930664e-01,2.209111750125885010e-01,3.088104426860809326e-01,5.438298583030700684e-01,5.368639826774597168e-01,6.612365841865539551e-01,5.692284703254699707e-01,7.028172612190246582e-01,5.093338340520858765e-02,2.357634156942367554e-01,1.150533780455589294e-01,1.821844130754470825e-01,2.543396949768066406e-01,5.111333131790161133e-01,6.378796100616455078e-01,1.000000000000000000e+00,2.004636973142623901e-01,7.431136071681976318e-02,1.904185563325881958e-01,6.705608963966369629e-01,4.884538054466247559e-02,6.216884031891822815e-02,3.712421059608459473e-01,5.130847096443176270e-01,3.497454226016998291e-01,4.454565644264221191e-01,5.179982185363769531e-01,4.223546385765075684e-01,4.841581881046295166e-01,5.953733921051025391e-01,7.487540841102600098e-01,6.320214867591857910e-01
2.847653329372406006e-01,3.777773678302764893e-01,-6.723797414451837540e-03,4.430199041962623596e-03,1.956071257591247559e-01,1.705109328031539917e-01,-7.079415023326873779e-02,3.674678206443786621e-01,4.055144786834716797e-01,2.932093441486358643e-01,2.832463085651397705e-01,4.140880405902862549e-01,3.975797891616821289e-01,2.024032473564147949e-01,1.684098988771438599e-01,1.809915006160736084e-01,-9.520011395215988159e-02,-1.702641136944293976e-02,6.380243599414825439e-02,1.763654649257659912e-01,2.374641448259353638e-01,2.650747001171112061e-01,3.518658578395843506e-01,2.377199679613113403e-01,6.319881677627563477e-01,-1.448887027800083160e-02,5.898855924606323242e-01,1.754097193479537964e-01,1.143832430243492126e-01,3.149254918098449707e-01,2.392200231552124023e-01,2.004636973142623901e-01,1.000000000000000000e+00,1.828917413949966431e-01,2.317920625209808350e-01,2.232864350080490112e-01,1.664254516363143921e-01,1.929583847522735596e-01,2.006656974554061890e-01,1.805409416556358337e-02,2.000201642513275146e-01,1.368785053491592407e-01,2.278358936309814453e-01,3.193514645099639893e-01,2.649617493152618408e-01,1.864744275808334351e-01,1.817540526390075684e-01,2.008039057254791260e-01
