1.000000000000000000e+00,2.356668114662170410e-01,2.760468423366546631e-01,2.574781775474548340e-01,1.522137224674224854e-01,4.838475584983825684e-02,1.788844019174575806e-01,3.646584451198577881e-01,2.856834232807159424e-01,1.426162272691726685e-01,3.834218382835388184e-01,2.086244970560073853e-01,1.666124016046524048e-01,2.869451642036437988e-01,2.382880449295043945e-01,2.578319013118743896e-01,3.835250139236450195e-01,2.249417901039123535e-01,2.860274314880371094e-01,2.558252215385437012e-01,7.816670835018157959e-02,1.482865065336227417e-01,3.018672466278076172e-01,2.153301537036895752e-01,3.605594933032989502e-01,1.664469987154006958e-01,2.025852501392364502e-01,3.220664262771606445e-01,3.001376986503601074e-01,3.959759771823883057e-01,2.861412465572357178e-01,2.520837485790252686e-01,4.050740897655487061e-01,1.040145531296730042e-01,2.131309807300567627e-01,2.190396338701248169e-01,1.977394223213195801e-01,1.211929544806480408e-01,1.616619080305099487e-01,3.042532503604888916e-01,2.363941818475723267e-01,2.470271289348602295e-01,9.102576971054077148e-02,3.114952743053436279e-01,1.522085517644882202e-01,1.289690434932708740e-01,2.847509086132049561e-01,3.495737910270690918e-01
2.356668114662170410e-01,1.000000000000000000e+00,2.204806953668594360e-01,3.878601789474487305e-01,2.656621038913726807e-01,2.134467512369155884e-01,4.256198927760124207e-02,2.663220167160034180e-01,2.881557680666446686e-02,2.638807594776153564e-01,1.554158031940460205e-01,3.165264427661895752e-01,1.571795046329498291e-01,1.714360266923904419e-01,2.045536488294601440e-01,7.349940016865730286e-03,1.897732168436050415e-02,1.157904863357543945e-01,6.624312698841094971e-02,1.348036825656890869e-01,2.097497135400772095e-01,1.594825387001037598e-01,-1.622075587511062622e-01,1.118171140551567078e-01,3.449314087629318237e-02,1.007866039872169495e-01,1.766398698091506958e-01,2.062304764986038208e-01,3.682273328304290771e-01,7.586884498596191406e-02,2.201121002435684204e-01,1.533110588788986206e-01,3.369783759117126465e-01,1.408444941043853760e-01,2.430895715951919556e-01,1.784470826387405396e-01,1.099122166633605957e-01,1.217302605509757996e-01,1.803313344717025757e-01,2.423505485057830811e-01,5.350480675697326660e-01,2.784330844879150391e-01,2.539843618869781494e-01,2.744513154029846191e-01,3.098953962326049805e-01,2.483444511890411377e-01,1.762116551399230957e-01,-9.147499501705169678e-02
2.760468423366546631e-01,2.204806953668594360e-01,1.000000000000000000e+00,5.565346479415893555e-01,4.354299977421760559e-02,1.143348366022109985e-01,9.056096524000167847e-02,-1.202178671956062317e-01,-1.762934178113937378e-01,5.356778576970100403e-02,6.324971467256546021e-02,-3.355371206998825073e-02,7.982787489891052246e-02,-1.209529638290405273e-01,1.598822651430964470e-03,1.839282661676406860e-01,4.752356186509132385e-02,2.006363123655319214e-01,-1.353261619806289673e-01,3.551495075225830078e-02,8.097366243600845337e-02,1.533933430910110474e-01,-1.180213596671819687e-02,-1.616086512804031372e-01,-1.538131088018417358e-01,2.052983194589614868e-01,8.066952228546142578e-02,5.702144503593444824e-01,3.938205838203430176e-01,-9.410649538040161133e-02,-3.194603323936462402e-02,-1.424242160283029079e-03,1.894767978228628635e-03,-3.169536590576171875e-02,-1.044486612081527710e-01,-1.588061600923538208e-01,-1.746542565524578094e-02,1.213761046528816223e-01,3.347280621528625488e-02,-9.556651860475540161e-02,2.324844896793365479e-01,5.230914428830146790e-02,2.710330672562122345e-02,3.248814120888710022e-02,1.077800318598747253e-01,3.646690770983695984e-02,-7.032324373722076416e-02,-1.700772531330585480e-02
2.574781775474548340e-01,3.878601789474487305e-01,5.565346479415893555e-01,1.000000000000000000e+00,3.976205587387084961e-01,4.652747213840484619e-01,2.691828608512878418e-01,8.545990288257598877e-02,-3.813428431749343872e-02,1.927061527967453003e-01,1.482508182525634766e-01,9.925494343042373657e-02,2.027426511049270630e-01,7.060751318931579590e-02,6.399436295032501221e-02,1.561541706323623657e-01,2.001176476478576660e-01,3.398865163326263428e-01,-7.175017148256301880e-02,1.282792538404464722e-01,2.815431058406829834e-01,2.993890345096588135e-01,1.601561717689037323e-02,-2.200677692890167236e-01,-1.224143505096435547e-01,4.016366973519325256e-02,6.060031056404113770e-02,1.986051350831985474e-01,1.865926235914230347e-01,-1.216492876410484314e-01,1.131178662180900574e-01,8.413918316364288330e-02,9.680382907390594482e-02,4.703490436077117920e-02,-3.914298117160797119e-02,-1.977839469909667969e-01,7.636602967977523804e-02,8.057257533073425293e-02,-2.934865839779376984e-02,-7.114914059638977051e-02,5.285468101501464844e-01,2.159349620342254639e-01,2.259647548198699951e-01,9.689667820930480957e-02,2.071632295846939087e-01,2.206105887889862061e-01,-8.480446785688400269e-02,-5.713414028286933899e-02
1.522137224674224854e-01,2.656621038913726807e-01,4.354299977421760559e-02,3.976205587387084961e-01,1.000000000000000000e+00,7.359831333160400391e-01,5.795705318450927734e-01,1.584005653858184814e-01,7.850362360477447510e-02,6.305900961160659790e-02,1.206118762493133545e-01,5.139561742544174194e-02,2.072513550519943237e-01,1.190295070409774780e-01,2.638405188918113708e-02,2.433058023452758789e-01,3.626241087913513184e-01,2.522384524345397949e-01,1.003968566656112671e-01,2.097330689430236816e-01,1.508707106113433838e-01,2.867312729358673096e-01,3.238155543804168701e-01,-4.078098759055137634e-02,-2.915501967072486877e-02,-1.325642131268978119e-02,-1.314171473495662212e-03,6.957196630537509918e-03,1.356833279132843018e-01,-9.473011828958988190e-03,2.260144054889678955e-01,2.209354937076568604e-01,1.869965791702270508e-01,1.677807122468948364e-01,1.131988316774368286e-01,-9.319545701146125793e-03,1.322705149650573730e-01,1.508814692497253418e-01,1.574418693780899048e-01,-3.753181546926498413e-02,5.634846091270446777e-01,2.318284809589385986e-01,2.194591760635375977e-01,1.067467704415321350e-01,1.045113876461982727e-01,1.000132635235786438e-01,6.326502561569213867e-02,1.008172482252120972e-01
4.838475584983825684e-02,2.134467512369155884e-01,1.143348366022109985e-01,4.652747213840484619e-01,7.359831333160400391e-01,1.000000000000000000e+00,5.689505338668823242e-01,1.583228856325149536e-01,4.060429055243730545e-03,2.624532207846641541e-02,6.371600180864334106e-02,-4.658089950680732727e-02,2.174587547779083252e-01,1.092327013611793518e-01,-3.275315091013908386e-02,2.550174891948699951e-01,2.694580256938934326e-01,2.601282000541687012e-01,4.255282878875732422e-02,2.145400643348693848e-01,1.377479881048202515e-01,2.544454634189605713e-01,2.833088934421539307e-01,-1.262883543968200684e-01,-4.991099983453750610e-02,-9.468262642621994019e-02,-6.342368572950363159e-02,3.971028327941894531e-02,6.565290689468383789e-02,-1.380307972431182861e-01,1.286325901746749878e-01,1.914378702640533447e-01,7.010587304830551147e-02,1.194866076111793518e-01,7.060343027114868164e-02,-1.031842306256294250e-01,1.104207411408424377e-01,5.463722720742225647e-02,1.152554526925086975e-01,-1.164207831025123596e-01,4.544528722763061523e-01,2.022153288125991821e-01,2.336859554052352905e-01,9.695521742105484009e-02,3.618226200342178345e-02,6.691508740186691284e-02,-4.845131561160087585e-02,-1.111878640949726105e-02
1.788844019174575806e-01,4.256198927760124207e-02,9.056096524000167847e-02,2.691828608512878418e-01,5.795705318450927734e-01,5.689505338668823242e-01,1.000000000000000000e+00,4.274465516209602356e-02,2.134727388620376587e-01,5.090603232383728027e-02,2.480309754610061646e-01,3.426686301827430725e-02,2.586679756641387939e-01,1.818688213825225830e-01,6.221344694495201111e-02,3.238607048988342285e-01,6.771563887596130371e-01,2.807801961898803711e-01,2.644822895526885986e-01,2.430586665868759155e-01,7.983852177858352661e-02,2.958237528800964355e-01,4.986248910427093506e-01,-7.310725003480911255e-02,1.411942094564437866e-01,2.873394787311553955e-01,-3.016531933099031448e-03,9.788415580987930298e-02,1.969001144170761108e-01,2.493760287761688232e-01,3.021736443042755127e-01,2.384672760963439941e-01,2.211378514766693115e-01,-1.400466170161962509e-02,1.095894724130630493e-01,-3.052268584724515676e-04,9.891189634799957275e-02,8.295224606990814209e-02,1.922466009855270386e-01,-3.178527206182479858e-02,2.417120188474655151e-01,3.036647439002990723e-01,1.785891503095626831e-01,2.446874827146530151e-01,7.749255001544952393e-02,1.061895117163658142e-01,2.800353243947029114e-02,2.747638523578643799e-01
3.646584451198577881e-01,2.663220167160034180e-01,-1.202178671956062317e-01,8.545990288257598877e-02,1.584005653858184814e-01,1.583228856325149536e-01,4.274465516209602356e-02,1.000000000000000000e+00,2.682919800281524658e-01,2.551161646842956543e-01,3.814807236194610596e-01,2.539499700069427490e-01,2.376641333103179932e-01,4.917694628238677979e-01,2.427209317684173584e-01,1.970085948705673218e-01,2.242320924997329712e-01,3.028327822685241699e-01,2.914546132087707520e-01,3.325209319591522217e-01,1.786405891180038452e-01,1.232139095664024353e-01,-2.383334748446941376e-02,7.621868699789047241e-02,3.440110087394714355e-01,2.575859194621443748e-03,1.363718360662460327e-01,-8.073534071445465088e-02,-3.436072263866662979e-03,2.159563750028610229e-01,2.875082194805145264e-01,2.332312315702438354e-01,3.770497441291809082e-01,9.960688650608062744e-02,2.930227518081665039e-01,9.512493759393692017e-02,4.275485277175903320e-01,-2.595331333577632904e-02,1.258968561887741089e-01,2.876746654510498047e-01,1.576544642448425293e-01,2.390525490045547485e-01,2.890868484973907471e-01,3.800727128982543945e-01,1.515671461820602417e-01,2.349621355533599854e-01,1.333294510841369629e-01,1.665126346051692963e-02
2.856834232807159424e-01,2.881557680666446686e-02,-1.762934178113937378e-01,-3.813428431749343872e-02,7.850362360477447510e-02,4.060429055243730545e-03,2.134727388620376587e-01,2.682919800281524658e-01,1.000000000000000000e+00,1.586334407329559326e-01,6.531915068626403809e-01,2.870974540710449219e-01,1.619812101125717163e-01,5.547837615013122559e-01,3.100731968879699707e-01,2.693890929222106934e-01,5.586192011833190918e-01,1.558967083692550659e-01,3.841028213500976562e-01,1.098495125770568848e-01,-4.137000814080238342e-02,3.942347690463066101e-02,3.028346300125122070e-01,1.257457733154296875e-01,2.757686972618103027e-01,7.017897069454193115e-02,-3.368795616552233696e-03,-1.090062484145164490e-01,-4.887534305453300476e-02,5.486905574798583984e-01,3.348100185394287109e-01,1.577311605215072632e-01,1.983400434255599976e-01,4.604054614901542664e-02,2.408628165721893311e-01,2.947180271148681641e-01,1.376840919256210327e-01,3.361012041568756104e-02,5.035595968365669250e-02,1.686781197786331177e-01,5.940638948231935501e-03,5.544349551200866699e-01,5.199762061238288879e-02,6.211584806442260742e-01,1.519693583250045776e-01,1.509638875722885132e-01,1.584693491458892822e-01,5.481112003326416016e-01
1.426162272691726685e-01,2.638807594776153564e-01,5.356778576970100403e-02,1.927061527967453003e-01,6.305900961160659790e-02,2.624532207846641541e-02,5.090603232383728027e-02,2.551161646842956543e-01,1.586334407329559326e-01,1.000000000000000000e+00,8.780188858509063721e-02,7.975271940231323242e-01,6.634060144424438477e-01,1.635193377733230591e-01,5.809829831123352051e-01,3.402646780014038086e-01,2.426057159900665283e-01,5.135745406150817871e-01,4.787358343601226807e-01,5.927888154983520508e-01,6.891114711761474609e-01,6.042921543121337891e-01,3.648889809846878052e-02,1.213820129632949829e-01,1.428150385618209839e-01,1.893182992935180664e-01,1.098933443427085876e-01,9.372566640377044678e-02,9.926604479551315308e-02,6.261078268289566040e-02,5.187563896179199219e-01,4.654838144779205322e-01,3.127472400665283203e-01,6.234474480152130127e-02,1.493177711963653564e-01,8.095356822013854980e-02,1.816506385803222656e-01,1.948198080062866211e-01,1.765724271535873413e-01,3.495788872241973877e-01,1.380782425403594971e-01,4.775165915489196777e-01,6.198716759681701660e-01,2.842684388160705566e-01,7.268366217613220215e-01,8.082436323165893555e-01,3.388497233390808105e-01,-6.167951226234436035e-02
3.834218382835388184e-01,1.554158031940460205e-01,6.324971467256546021e-02,1.482508182525634766e-01,1.206118762493133545e-01,6.371600180864334106e-02,2.480309754610061646e-01,3.814807236194610596e-01,6.531915068626403809e-01,8.780188858509063721e-02,1.000000000000000000e+00,2.132534831762313843e-01,1.481388211250305176e-01,5.759313106536865234e-01,1.511242687702178955e-01,2.784759402275085449e-01,5.346230268478393555e-01,2.065902352333068848e-01,1.091004684567451477e-01,-2.407623222097754478e-03,-7.527306675910949707e-03,-7.748286239802837372e-03,2.066630274057388306e-01,-4.468112811446189880e-02,2.331316769123077393e-01,4.450662061572074890e-02,-5.344285070896148682e-02,-1.017374359071254730e-02,7.490638643503189087e-02,5.314619541168212891e-01,1.896326094865798950e-01,2.978892996907234192e-03,1.908134073019027710e-01,5.233367532491683960e-02,1.335692852735519409e-01,9.521733969449996948e-02,2.225775569677352905e-01,-1.413279306143522263e-02,5.476833879947662354e-02,-3.158913925290107727e-02,1.669503748416900635e-01,5.297905802726745605e-01,2.138459123671054840e-02,4.782033264636993408e-01,1.627481430768966675e-01,1.374267935752868652e-01,-5.047029256820678711e-02,4.968582689762115479e-01
2.086244970560073853e-01,3.165264427661895752e-01,-3.355371206998825073e-02,9.925494343042373657e-02,5.139561742544174194e-02,-4.658089950680732727e-02,3.426686301827430725e-02,2.539499700069427490e-01,2.870974540710449219e-01,7.975271940231323242e-01,2.132534831762313843e-01,1.000000000000000000e+00,5.812382698059082031e-01,2.762328386306762695e-01,6.778466701507568359e-01,3.386058211326599121e-01,2.553694546222686768e-01,4.041027426719665527e-01,4.926826953887939453e-01,4.931825399398803711e-01,5.695909261703491211e-01,5.221548080444335938e-01,7.393136620521545410e-02,2.517174482345581055e-01,2.234414368867874146e-01,2.168613970279693604e-01,1.073386892676353455e-01,7.247111201286315918e-02,1.179517209529876709e-01,1.997498422861099243e-01,5.475918054580688477e-01,4.896768927574157715e-01,3.328647315502166748e-01,1.039516851305961609e-01,2.664045989513397217e-01,2.180203795433044434e-01,2.005189806222915649e-01,2.037387937307357788e-01,2.300228178501129150e-01,3.804424703121185303e-01,1.731511056423187256e-01,5.202335715293884277e-01,5.263224840164184570e-01,3.641918003559112549e-01,6.757318377494812012e-01,6.620955467224121094e-01,4.155386090278625488e-01,8.709388226270675659e-02
1.666124016046524048e-01,1.571795046329498291e-01,7.982787489891052246e-02,2.027426511049270630e-01,2.072513550519943237e-01,2.174587547779083252e-01,2.586679756641387939e-01,2.376641333103179932e-01,1.619812101125717163e-01,6.634060144424438477e-01,1.481388211250305176e-01,5.812382698059082031e-01,1.000000000000000000e+00,2.128059566020965576e-01,3.940419256687164307e-01,5.186200141906738281e-01,2.945476174354553223e-01,4.564403891563415527e-01,3.892880976200103760e-01,5.802416205406188965e-01,5.922040343284606934e-01,5.783748030662536621e-01,2.392348051071166992e-01,1.473696082830429077e-01,1.495034247636795044e-01,1.408633440732955933e-01,1.457959711551666260e-01,1.004179865121841431e-01,1.081566959619522095e-01,5.047792941331863403e-02,4.494873583316802979e-01,4.637808799743652344e-01,2.757694721221923828e-01,2.479355223476886749e-02,1.657173484563827515e-01,8.965324610471725464e-02,1.721628457307815552e-01,1.732294559478759766e-01,2.905286848545074463e-01,1.784971505403518677e-01,1.776150166988372803e-01,3.980836272239685059e-01,5.216951966285705566e-01,2.676424384117126465e-01,4.560439586639404297e-01,5.926697254180908203e-01,2.927834689617156982e-01,9.487203322350978851e-03
2.869451642036437988e-01,1.714360266923904419e-01,-1.209529638290405273e-01,7.060751318931579590e-02,1.190295070409774780e-01,1.092327013611793518e-01,1.818688213825225830e-01,4.917694628238677979e-01,5.547837615013122559e-01,1.635193377733230591e-01,5.759313106536865234e-01,2.762328386306762695e-01,2.128059566020965576e-01,1.000000000000000000e+00,3.524791896343231201e-01,2.501827478408813477e-01,3.998389840126037598e-01,2.520352303981781006e-01,2.870995402336120605e-01,1.669025719165802002e-01,7.593556493520736694e-02,1.451728940010070801e-01,1.637405604124069214e-01,1.090822927653789520e-02,3.001455664634704590e-01,2.606917358934879303e-02,1.114976331591606140e-01,-1.465891301631927490e-01,-6.307646632194519043e-02,4.053176641464233398e-01,3.416514098644256592e-01,1.402344554662704468e-01,3.175175786018371582e-01,1.558239459991455078e-01,2.181767970323562622e-01,1.229252591729164124e-01,2.712891101837158203e-01,2.297853585332632065e-03,6.272263359278440475e-03,1.133677661418914795e-01,1.292561590671539307e-01,4.634725153446197510e-01,1.404501497745513916e-01,4.703554511070251465e-01,1.242883205413818359e-01,1.454466134309768677e-01,2.202010154724121094e-02,3.255461752414703369e-01
2.382880449295043945e-01,2.045536488294601440e-01,1.598822651430964470e-03,6.399436295032501221e-02,2.638405188918113708e-02,-3.275315091013908386e-02,6.221344694495201111e-02,2.427209317684173584e-01,3.100731968879699707e-01,5.809829831123352051e-01,1.511242687702178955e-01,6.778466701507568359e-01,3.940419256687164307e-01,3.524791896343231201e-01,1.000000000000000000e+00,5.360147356986999512e-01,2.357088923454284668e-01,2.654756009578704834e-01,5.859897732734680176e-01,4.067517220973968506e-01,3.254330158233642578e-01,3.678594231605529785e-01,1.660546064376831055e-01,2.744719386100769043e-01,1.255198270082473755e-01,1.294758915901184082e-01,7.905668020248413086e-02,7.189980149269104004e-02,-2.001440711319446564e-02,1.109824553132057190e-01,4.227589368820190430e-01,4.238087832927703857e-01,2.402397245168685913e-01,8.258019387722015381e-02,2.255448251962661743e-01,2.851190567016601562e-01,1.937681287527084351e-01,3.264823257923126221e-01,2.270923554897308350e-01,4.466290473937988281e-01,8.299234509468078613e-02,5.051555037498474121e-01,3.894875943660736084e-01,4.352349042892456055e-01,4.446069300174713135e-01,4.408324956893920898e-01,4.217188656330108643e-01,1.434045284986495972e-01
2.578319013118743896e-01,7.349940016865730286e-03,1.839282661676406860e-01,1.561541706323623657e-01,2.433058023452758789e-01,2.550174891948699951e-01,3.238607048988342285e-01,1.970085948705673218e-01,2.693890929222106934e-01,3.402646780014038086e-01,2.784759402275085449e-01,3.386058211326599121e-01,5.186200141906738281e-01,2.501827478408813477e-01,5.360147356986999512e-01,1.000000000000000000e+00,3.843398094177246094e-01,2.543232440948486328e-01,4.585162401199340820e-01,3.495998680591583252e-01,1.622668802738189697e-01,2.985849082469940186e-01,4.694438874721527100e-01,1.413761824369430542e-01,5.610054731369018555e-02,-2.253158017992973328e-02,7.982731796801090240e-03,1.464619338512420654e-01,-2.501845546066761017e-02,2.129632793366909027e-02,2.664462327957153320e-01,3.134330809116363525e-01,9.330471605062484741e-02,-1.475218404084444046e-02,5.696066096425056458e-02,1.209693849086761475e-01,1.776713430881500244e-01,1.574908047914505005e-01,4.643923938274383545e-01,1.524318456649780273e-01,1.315152049064636230e-01,4.623260200023651123e-01,2.910694479942321777e-01,3.386069536209106445e-01,2.297453284263610840e-01,2.640753984451293945e-01,2.171956747770309448e-01,2.515331208705902100e-01
3.835250139236450195e-01,1.897732168436050415e-02,4.752356186509132385e-02,2.001176476478576660e-01,3.626241087913513184e-01,2.694580256938934326e-01,6.771563887596130371e-01,2.242320924997329712e-01,5.586192011833190918e-01,2.426057159900665283e-01,5.346230268478393555e-01,2.553694546222686768e-01,2.945476174354553223e-01,3.998389840126037598e-01,2.357088923454284668e-01,3.843398094177246094e-01,1.000000000000000000e+00,4.646102488040924072e-01,4.816418588161468506e-01,3.759663999080657959e-01,1.960876286029815674e-01,3.611725270748138428e-01,5.282249450683593750e-01,-5.853675305843353271e-02,2.693322896957397461e-01,2.997543811798095703e-01,-7.999083958566188812e-03,4.859680309891700745e-02,9.063696861267089844e-02,4.812336266040802002e-01,4.303036034107208252e-01,2.623891234397888184e-01,3.267314434051513672e-01,-5.670254305005073547e-02,1.735199689865112305e-01,3.651088476181030273e-02,2.095720916986465454e-01,4.443442448973655701e-02,1.267366409301757812e-01,1.325087696313858032e-01,1.589799821376800537e-01,5.413407087326049805e-01,2.279213219881057739e-01,4.924845397472381592e-01,2.148777842521667480e-01,2.437575012445449829e-01,4.742768034338951111e-02,5.386304855346679688e-01
2.249417901039123535e-01,1.157904863357543945e-01,2.006363123655319214e-01,3.398865163326263428e-01,2.522384524345397949e-01,2.601282000541687012e-01,2.807801961898803711e-01,3.028327822685241699e-01,1.558967083692550659e-01,5.135745406150817871e-01,2.065902352333068848e-01,4.041027426719665527e-01,4.564403891563415527e-01,2.520352303981781006e-01,2.654756009578704834e-01,2.543232440948486328e-01,4.646102488040924072e-01,1.000000000000000000e+00,3.607613742351531982e-01,6.279025673866271973e-01,6.433486342430114746e-01,7.563027739524841309e-01,1.687791645526885986e-01,-2.000779211521148682e-01,1.273847222328186035e-01,3.242038786411285400e-01,1.046734228730201721e-01,1.286471188068389893e-01,6.570641696453094482e-02,1.321411579847335815e-01,6.006693840026855469e-01,4.605513215065002441e-01,3.474752306938171387e-01,1.088278889656066895e-01,7.102586328983306885e-02,-2.370573133230209351e-01,1.837974041700363159e-01,6.405147165060043335e-02,2.230523340404033661e-02,2.149584591388702393e-01,2.284461110830307007e-01,3.412096798419952393e-01,5.674459338188171387e-01,2.260516732931137085e-01,3.629467785358428955e-01,5.535849928855895996e-01,4.109269380569458008e-02,9.615568071603775024e-02
2.860274314880371094e-01,6.624312698841094971e-02,-1.353261619806289673e-01,-7.175017148256301880e-02,1.003968566656112671e-01,4.255282878875732422e-02,2.644822895526885986e-01,2.914546132087707520e-01,3.841028213500976562e-01,4.787358343601226807e-01,1.091004684567451477e-01,4.926826953887939453e-01,3.892880976200103760e-01,2.870995402336120605e-01,5.859897732734680176e-01,4.585162401199340820e-01,4.816418588161468506e-01,3.607613742351531982e-01,1.000000000000000000e+00,6.769828796386718750e-01,2.424540519714355469e-01,3.756042718887329102e-01,3.376122117042541504e-01,2.864265441894531250e-01,2.513670325279235840e-01,1.315161287784576416e-01,1.071113795042037964e-01,4.320087656378746033e-02,-5.380944907665252686e-02,2.454886287450790405e-01,5.565339326858520508e-01,5.286780595779418945e-01,3.957678377628326416e-01,4.027159418910741806e-03,2.997525036334991455e-01,2.357148081064224243e-01,1.196086630225181580e-01,9.714531898498535156e-02,3.165111839771270752e-01,5.260374546051025391e-01,-4.287555068731307983e-02,3.319463729858398438e-01,4.434599280357360840e-01,4.494069814682006836e-01,3.327706456184387207e-01,3.469684123992919922e-01,4.636067450046539307e-01,2.613585591316223145e-01
2.558252215385437012e-01,1.348036825656890869e-01,3.551495075225830078e-02,1.282792538404464722e-01,2.097330689430236816e-01,2.145400643348693848e-01,2.430586665868759155e-01,3.325209319591522217e-01,1.098495125770568848e-01,5.927888154983520508e-01,-2.407623222097754478e-03,4.931825399398803711e-01,5.802416205406188965e-01,1.669025719165802002e-01,4.067517220973968506e-01,3.495998680591583252e-01,3.759663999080657959e-01,6.279025673866271973e-01,6.769828796386718750e-01,1.000000000000000000e+00,6.083506941795349121e-01,6.246742010116577148e-01,2.829034626483917236e-01,1.422132402658462524e-01,1.550501585006713867e-01,1.557209640741348267e-01,9.142884612083435059e-02,9.712686389684677124e-02,-5.688316654413938522e-03,5.877020210027694702e-02,5.362039208412170410e-01,5.659316778182983398e-01,3.634794950485229492e-01,1.951067708432674408e-02,1.740390807390213013e-01,8.059838786721229553e-03,1.068676486611366272e-01,9.779632836580276489e-02,1.813821494579315186e-01,4.208692908287048340e-01,1.174363866448402405e-01,2.189307212829589844e-01,5.569094419479370117e-01,2.155551314353942871e-01,3.815837502479553223e-01,4.886007308959960938e-01,3.709242939949035645e-01,6.203718110918998718e-02
7.816670835018157959e-02,2.097497135400772095e-01,8.097366243600845337e-02,2.815431058406829834e-01,1.508707106113433838e-01,1.377479881048202515e-01,7.983852177858352661e-02,1.786405891180038452e-01,-4.137000814080238342e-02,6.891114711761474609e-01,-7.527306675910949707e-03,5.695909261703491211e-01,5.922040343284606934e-01,7.593556493520736694e-02,3.254330158233642578e-01,1.622668802738189697e-01,1.960876286029815674e-01,6.433486342430114746e-01,2.424540519714355469e-01,6.083506941795349121e-01,1.000000000000000000e+00,7.548538446426391602e-01,-3.355507971718907356e-03,-6.221740320324897766e-02,1.757754199206829071e-02,1.568428874015808105e-01,9.073884785175323486e-02,5.690368264913558960e-02,9.271686524152755737e-02,-9.092891216278076172e-02,4.499502182006835938e-01,3.889084756374359131e-01,2.089582681655883789e-01,2.945212461054325104e-02,-3.775050491094589233e-02,-1.570568084716796875e-01,1.143897026777267456e-01,7.292291522026062012e-02,-1.656403578817844391e-02,1.748826801776885986e-01,2.577417194843292236e-01,3.140997290611267090e-01,6.034756302833557129e-01,7.402421534061431885e-02,5.459728240966796875e-01,7.146902084350585938e-01,1.627006828784942627e-01,-1.631572693586349487e-01
1.482865065336227417e-01,1.594825387001037598e-01,1.533933430910110474e-01,2.993890345096588135e-01,2.867312729358673096e-01,2.544454634189605713e-01,2.958237528800964355e-01,1.232139095664024353e-01,3.942347690463066101e-02,6.042921543121337891e-01,-7.748286239802837372e-03,5.221548080444335938e-01,5.783748030662536621e-01,1.451728940010070801e-01,3.678594231605529785e-01,2.985849082469940186e-01,3.611725270748138428e-01,7.563027739524841309e-01,3.756042718887329102e-01,6.246742010116577148e-01,7.548538446426391602e-01,1.000000000000000000e+00,2.360783070325851440e-01,-4.821637272834777832e-02,1.155731678009033203e-01,2.711831033229827881e-01,1.494466662406921387e-01,1.442597657442092896e-01,1.251118183135986328e-01,-3.776773065328598022e-02,6.126793622970581055e-01,5.668218135833740234e-01,3.094252347946166992e-01,4.410230368375778198e-02,6.205323711037635803e-02,-1.430059820413589478e-01,1.261291652917861938e-01,1.399536877870559692e-01,1.150330007076263428e-01,2.160715907812118530e-01,2.699118256568908691e-01,3.681358397006988525e-01,6.023788452148437500e-01,1.831762641668319702e-01,4.613465070724487305e-01,6.068634986877441406e-01,2.056885063648223877e-01,7.634278386831283569e-02
3.018672466278076172e-01,-1.622075587511062622e-01,-1.180213596671819687e-02,1.601561717689037323e-02,3.238155543804168701e-01,2.833088934421539307e-01,4.986248910427093506e-01,-2.383334748446941376e-02,3.028346300125122070e-01,3.648889809846878052e-02,2.066630274057388306e-01,7.393136620521545410e-02,2.392348051071166992e-01,1.637405604124069214e-01,1.660546064376831055e-01,4.694438874721527100e-01,5.282249450683593750e-01,1.687791645526885986e-01,3.376122117042541504e-01,2.829034626483917236e-01,-3.355507971718907356e-03,2.360783070325851440e-01,1.000000000000000000e+00,2.723469138145446777e-01,2.332504838705062866e-01,4.492172971367835999e-02,-8.257602155208587646e-02,6.194790825247764587e-02,-6.099820137023925781e-02,1.815797239542007446e-01,1.312078982591629028e-01,2.720622718334197998e-01,6.726656854152679443e-02,-1.145219281315803528e-01,7.775069773197174072e-02,3.139508068561553955e-01,1.872781291604042053e-02,3.718810155987739563e-02,3.388544619083404541e-01,1.802925169467926025e-01,6.534890085458755493e-02,2.814992666244506836e-01,-4.903331771492958069e-02,2.055555284023284912e-01,-4.179969802498817444e-02,-4.497577436268329620e-03,2.413664609193801880e-01,6.187843084335327148e-01
2.153301537036895752e-01,1.118171140551567078e-01,-1.616086512804031372e-01,-2.200677692890167236e-01,-4.078098759055137634e-02,-1.262883543968200684e-01,-7.310725003480911255e-02,7.621868699789047241e-02,1.257457733154296875e-01,1.213820129632949829e-01,-4.468112811446189880e-02,2.517174482345581055e-01,1.473696082830429077e-01,1.090822927653789520e-02,2.744719386100769043e-01,1.413761824369430542e-01,-5.853675305843353271e-02,-2.000779211521148682e-01,2.864265441894531250e-01,1.422132402658462524e-01,-6.221740320324897766e-02,-4.821637272834777832e-02,2.723469138145446777e-01,1.000000000000000000e+00,1.699399799108505249e-01,3.350858390331268311e-02,1.615215092897415161e-02,6.862158328294754028e-02,5.222932994365692139e-02,2.017655819654464722e-01,8.248165994882583618e-02,2.639951109886169434e-01,8.923923224210739136e-02,-3.797596693038940430e-02,3.320707082748413086e-01,7.262334227561950684e-01,-7.268548011779785156e-02,1.281025856733322144e-01,3.485209941864013672e-01,5.263639092445373535e-01,-9.863600879907608032e-02,6.316719204187393188e-02,-2.385119721293449402e-02,1.129265800118446350e-01,9.789889305830001831e-02,2.854162268340587616e-02,6.700816750526428223e-01,1.637006402015686035e-01
3.605594933032989502e-01,3.449314087629318237e-02,-1.538131088018417358e-01,-1.224143505096435547e-01,-2.915501967072486877e-02,-4.991099983453750610e-02,1.411942094564437866e-01,3.440110087394714355e-01,2.757686972618103027e-01,1.428150385618209839e-01,2.331316769123077393e-01,2.234414368867874146e-01,1.495034247636795044e-01,3.001455664634704590e-01,1.255198270082473755e-01,5.610054731369018555e-02,2.693322896957397461e-01,1.273847222328186035e-01,2.513670325279235840e-01,1.550501585006713867e-01,1.757754199206829071e-02,1.155731678009033203e-01,2.332504838705062866e-01,1.699399799108505249e-01,1.000000000000000000e+00,1.670442223548889160e-01,1.393177211284637451e-01,-4.807914793491363525e-02,-7.146131247282028198e-02,3.396060466766357422e-01,2.454694062471389771e-01,2.303825020790100098e-01,3.903115093708038330e-01,5.354122444987297058e-02,1.916877776384353638e-01,2.151017338037490845e-01,1.881950348615646362e-01,-5.377754569053649902e-02,1.081602945923805237e-01,1.831060796976089478e-01,-8.462250977754592896e-02,1.141796335577964783e-01,9.762252867221832275e-02,1.982894986867904663e-01,9.028990566730499268e-02,9.721483290195465088e-02,2.086318880319595337e-01,3.209274709224700928e-01
1.664469987154006958e-01,1.007866039872169495e-01,2.052983194589614868e-01,4.016366973519325256e-02,-1.325642131268978119e-02,-9.468262642621994019e-02,2.873394787311553955e-01,2.575859194621443748e-03,7.017897069454193115e-02,1.893182992935180664e-01,4.450662061572074890e-02,2.168613970279693604e-01,1.408633440732955933e-01,2.606917358934879303e-02,1.294758915901184082e-01,-2.253158017992973328e-02,2.997543811798095703e-01,3.242038786411285400e-01,1.315161287784576416e-01,1.557209640741348267e-01,1.568428874015808105e-01,2.711831033229827881e-01,4.492172971367835999e-02,3.350858390331268311e-02,1.670442223548889160e-01,1.000000000000000000e+00,1.261098086833953857e-01,3.278088867664337158e-01,4.523181617259979248e-01,4.108660817146301270e-01,3.620935082435607910e-01,2.532284557819366455e-01,3.083451688289642334e-01,5.672034621238708496e-02,1.590585559606552124e-01,6.359070539474487305e-02,5.980637297034263611e-02,1.827450990676879883e-01,1.269326508045196533e-01,1.719180345535278320e-01,-3.818545723333954811e-03,8.962116390466690063e-02,2.174507528543472290e-01,1.647291779518127441e-01,1.585378050804138184e-01,2.116526812314987183e-01,1.040880456566810608e-01,4.868215322494506836e-02
2.025852501392364502e-01,1.766398698091506958e-01,8.066952228546142578e-02,6.060031056404113770e-02,-1.314171473495662212e-03,-6.342368572950363159e-02,-3.016531933099031448e-03,1.363718360662460327e-01,-3.368795616552233696e-03,1.098933443427085876e-01,-5.344285070896148682e-02,1.073386892676353455e-01,1.457959711551666260e-01,1.114976331591606140e-01,7.905668020248413086e-02,7.982731796801090240e-03,-7.999083958566188812e-03,1.046734228730201721e-01,1.071113795042037964e-01,9.142884612083435059e-02,9.073884785175323486e-02,1.494466662406921387e-01,-8.257602155208587646e-02,1.615215092897415161e-02,1.393177211284637451e-01,1.261098086833953857e-01,1.000000000000000000e+00,1.003608182072639465e-01,2.364253401756286621e-01,1.023713052272796631e-01,2.748764455318450928e-01,2.514707446098327637e-01,5.160619020462036133e-01,2.254605740308761597e-01,4.829753935337066650e-02,2.570659480988979340e-02,3.431511670351028442e-02,1.531075537204742432e-01,3.848752472549676895e-03,9.327785670757293701e-02,8.358182758092880249e-02,-4.621967673301696777e-02,2.295498400926589966e-01,3.240194544196128845e-02,4.416955634951591492e-02,1.523457169532775879e-01,1.748959422111511230e-01,-1.414754521101713181e-02
3.220664262771606445e-01,2.062304764986038208e-01,5.702144503593444824e-01,1.986051350831985474e-01,6.957196630537509918e-03,3.971028327941894531e-02,9.788415580987930298e-02,-8.073534071445465088e-02,-1.090062484145164490e-01,9.372566640377044678e-02,-1.017374359071254730e-02,7.247111201286315918e-02,1.004179865121841431e-01,-1.465891301631927490e-01,7.189980149269104004e-02,1.464619338512420654e-01,4.859680309891700745e-02,1.286471188068389893e-01,4.320087656378746033e-02,9.712686389684677124e-02,5.690368264913558960e-02,1.442597657442092896e-01,6.194790825247764587e-02,6.862158328294754028e-02,-4.807914793491363525e-02,3.278088867664337158e-01,1.003608182072639465e-01,1.000000000000000000e+00,6.669632196426391602e-01,1.097850874066352844e-01,1.325348019599914551e-01,1.269311010837554932e-01,1.386655122041702271e-01,3.442493081092834473e-02,1.337940897792577744e-02,5.647298693656921387e-02,7.607448101043701172e-02,2.038801610469818115e-01,1.895462274551391602e-01,1.448457986116409302e-01,1.395601779222488403e-01,5.574740841984748840e-02,1.141239777207374573e-01,7.958956807851791382e-02,9.826079010963439941e-02,4.825903847813606262e-02,7.750660926103591919e-02,1.075106766074895859e-02
3.001376986503601074e-01,3.682273328304290771e-01,3.938205838203430176e-01,1.865926235914230347e-01,1.356833279132843018e-01,6.565290689468383789e-02,1.969001144170761108e-01,-3.436072263866662979e-03,-4.887534305453300476e-02,9.926604479551315308e-02,7.490638643503189087e-02,1.179517209529876709e-01,1.081566959619522095e-01,-6.307646632194519043e-02,-2.001440711319446564e-02,-2.501845546066761017e-02,9.063696861267089844e-02,6.570641696453094482e-02,-5.380944907665252686e-02,-5.688316654413938522e-03,9.271686524152755737e-02,1.251118183135986328e-01,-6.099820137023925781e-02,5.222932994365692139e-02,-7.146131247282028198e-02,4.523181617259979248e-01,2.364253401756286621e-01,6.669632196426391602e-01,1.000000000000000000e+00,2.781098186969757080e-01,1.823236495256423950e-01,1.003381982445716858e-01,2.216785252094268799e-01,1.630062907934188843e-01,1.226842850446701050e-01,1.212124228477478027e-01,3.943661972880363464e-02,2.016633152961730957e-01,1.753157973289489746e-01,9.297605603933334351e-02,2.729701697826385498e-01,1.111179143190383911e-01,1.667181700468063354e-01,1.026280820369720459e-01,1.685043573379516602e-01,1.639019846916198730e-01,1.055621951818466187e-01,-5.681913346052169800e-02
3.959759771823883057e-01,7.586884498596191406e-02,-9.410649538040161133e-02,-1.216492876410484314e-01,-9.473011828958988190e-03,-1.380307972431182861e-01,2.493760287761688232e-01,2.159563750028610229e-01,5.486905574798583984e-01,6.261078268289566040e-02,5.314619541168212891e-01,1.997498422861099243e-01,5.047792941331863403e-02,4.053176641464233398e-01,1.109824553132057190e-01,2.129632793366909027e-02,4.812336266040802002e-01,1.321411579847335815e-01,2.454886287450790405e-01,5.877020210027694702e-02,-9.092891216278076172e-02,-3.776773065328598022e-02,1.815797239542007446e-01,2.017655819654464722e-01,3.396060466766357422e-01,4.108660817146301270e-01,1.023713052272796631e-01,1.097850874066352844e-01,2.781098186969757080e-01,1.000000000000000000e+00,3.752489387989044189e-01,1.313055455684661865e-01,3.540891408920288086e-01,2.073163241147994995e-01,3.211420774459838867e-01,3.630056381225585938e-01,1.166083142161369324e-01,1.257945299148559570e-01,1.466830223798751831e-01,2.416658252477645874e-01,-5.064050853252410889e-02,2.975123822689056396e-01,4.668787866830825806e-02,3.882933557033538818e-01,1.078112497925758362e-01,1.156717687845230103e-01,1.901475787162780762e-01,4.109620153903961182e-01
2.861412465572357178e-01,2.201121002435684204e-01,-3.194603323936462402e-02,1.131178662180900574e-01,2.260144054889678955e-01,1.286325901746749878e-01,3.021736443042755127e-01,2.875082194805145264e-01,3.348100185394287109e-01,5.187563896179199219e-01,1.896326094865798950e-01,5.475918054580688477e-01,4.494873583316802979e-01,3.416514098644256592e-01,4.227589368820190430e-01,2.664462327957153320e-01,4.303036034107208252e-01,6.006693840026855469e-01,5.565339326858520508e-01,5.362039208412170410e-01,4.499502182006835938e-01,6.126793622970581055e-01,1.312078982591629028e-01,8.248165994882583618e-02,2.454694062471389771e-01,3.620935082435607910e-01,2.748764455318450928e-01,1.325348019599914551e-01,1.823236495256423950e-01,3.752489387989044189e-01,1.000000000000000000e+00,6.377326846122741699e-01,5.058013200759887695e-01,2.264874726533889771e-01,3.311626613140106201e-01,3.935580328106880188e-02,1.367377191781997681e-01,1.545588225126266479e-01,1.240830868482589722e-01,3.462668657302856445e-01,2.362791746854782104e-01,3.964429497718811035e-01,5.638224482536315918e-01,3.937571048736572266e-01,4.557228088378906250e-01,5.064256787300109863e-01,3.558444380760192871e-01,1.469949334859848022e-01
2.520837485790252686e-01,1.533110588788986206e-01,-1.424242160283029079e-03,8.413918316364288330e-02,2.209354937076568604e-01,1.914378702640533447e-01,2.384672760963439941e-01,2.332312315702438354e-01,1.577311605215072632e-01,4.654838144779205322e-01,2.978892996907234192e-03,4.896768927574157715e-01,4.637808799743652344e-01,1.402344554662704468e-01,4.238087832927703857e-01,3.134330809116363525e-01,2.623891234397888184e-01,4.605513215065002441e-01,5.286780595779418945e-01,5.659316778182983398e-01,3.889084756374359131e-01,5.668218135833740234e-01,2.720622718334197998e-01,2.639951109886169434e-01,2.303825020790100098e-01,2.532284557819366455e-01,2.514707446098327637e-01,1.269311010837554932e-01,1.003381982445716858e-01,1.313055455684661865e-01,6.377326846122741699e-01,1.000000000000000000e+00,3.747966885566711426e-01,1.979666352272033691e-01,4.065168201923370361e-01,1.224735751748085022e-01,1.348731964826583862e-01,2.394965291023254395e-01,2.187263816595077515e-01,4.115243256092071533e-01,1.864001601934432983e-01,2.236348688602447510e-01,5.100924372673034668e-01,2.199115306138992310e-01,3.090521395206451416e-01,4.117737710475921631e-01,4.743235707283020020e-01,1.524065136909484863e-01
4.050740897655487061e-01,3.369783759117126465e-01,1.894767978228628635e-03,9.680382907390594482e-02,1.869965791702270508e-01,7.010587304830551147e-02,2.211378514766693115e-01,3.770497441291809082e-01,1.983400434255599976e-01,3.127472400665283203e-01,1.908134073019027710e-01,3.328647315502166748e-01,2.757694721221923828e-01,3.175175786018371582e-01,2.402397245168685913e-01,9.330471605062484741e-02,3.267314434051513672e-01,3.474752306938171387e-01,3.957678377628326416e-01,3.634794950485229492e-01,2.089582681655883789e-01,3.094252347946166992e-01,6.726656854152679443e-02,8.923923224210739136e-02,3.903115093708038330e-01,3.083451688289642334e-01,5.160619020462036133e-01,1.386655122041702271e-01,2.216785252094268799e-01,3.540891408920288086e-01,5.058013200759887695e-01,3.747966885566711426e-01,1.000000000000000000e+00,1.234834715723991394e-01,2.751904129981994629e-01,8.046617358922958374e-02,2.475709617137908936e-01,1.593671441078186035e-01,1.387433558702468872e-01,2.708687186241149902e-01,2.074815183877944946e-01,1.530988514423370361e-01,3.554230928421020508e-01,2.651367485523223877e-01,2.221594452857971191e-01,2.860926389694213867e-01,2.154352217912673950e-01,1.356199532747268677e-01
