1.000000000000000000e+00,3.943134844303131104e-01,4.377746284008026123e-01,6.813580989837646484e-01,7.847203612327575684e-01,8.284121155738830566e-01,6.014259457588195801e-01,1.921375840902328491e-01,4.993272721767425537e-01,5.374266505241394043e-01,3.241686522960662842e-01,4.074416160583496094e-01,4.595096707344055176e-01,1.107387691736221313e-01,2.694486081600189209e-01,2.405456006526947021e-01,4.962361156940460205e-01,4.167262613773345947e-01,7.002521157264709473e-01,7.186543345451354980e-01,7.576001882553100586e-01,6.845289468765258789e-01,3.478738665580749512e-01,4.370520710945129395e-01,6.342394351959228516e-01,4.926698207855224609e-01,4.796320796012878418e-01,8.461033701896667480e-01,7.906569838523864746e-01,7.718994617462158203e-01,7.177172899246215820e-01,6.678886413574218750e-01,5.223312377929687500e-01,-1.863444223999977112e-02,1.050204783678054810e-01,3.131595253944396973e-01,-2.653386630117893219e-02,9.800380468368530273e-02,1.997721195220947266e-01,9.806805849075317383e-02,5.746672749519348145e-01,5.953388810157775879e-01,6.451126933097839355e-01,1.964067518711090088e-01,4.164523780345916748e-01,5.591075420379638672e-01,4.358776509761810303e-01,3.641453385353088379e-01
3.943134844303131104e-01,1.000000000000000000e+00,-1.626842617988586426e-01,3.276539221405982971e-02,5.611994266510009766e-01,4.682688117027282715e-01,3.854965046048164368e-02,4.892097711563110352e-01,6.403970122337341309e-01,6.723451614379882812e-01,4.355936646461486816e-01,6.007977724075317383e-01,6.090719699859619141e-01,4.807604942470788956e-03,4.081395566463470459e-01,5.291825532913208008e-01,-1.410332322120666504e-02,-7.721418142318725586e-02,2.203596383333206177e-01,3.257771134376525879e-01,3.173035681247711182e-01,2.345966696739196777e-01,4.310797154903411865e-01,3.968866467475891113e-01,4.188906550407409668e-01,-8.971717208623886108e-02,5.722635388374328613e-01,3.012681007385253906e-01,3.101876974105834961e-01,3.016534447669982910e-01,2.258380353450775146e-01,3.572082817554473877e-01,6.723483204841613770e-01,2.877430617809295654e-01,6.798534393310546875e-01,4.659226834774017334e-01,2.844159677624702454e-02,4.531204998493194580e-01,5.128832459449768066e-01,3.152062892913818359e-01,7.458935379981994629e-01,6.260553598403930664e-01,5.087741017341613770e-01,6.852190494537353516e-01,8.418185710906982422e-01,6.923648715019226074e-01,4.173499345779418945e-01,3.348217606544494629e-01
4.377746284008026123e-01,-1.626842617988586426e-01,1.000000000000000000e+00,8.405250906944274902e-01,2.371970117092132568e-01,4.109716117382049561e-01,8.399099111557006836e-01,-2.523492574691772461e-01,-1.142066493630409241e-01,-4.567224904894828796e-02,-2.164242714643478394e-01,-2.260759472846984863e-01,-1.096720248460769653e-01,-6.826728582382202148e-02,-3.021680414676666260e-01,-3.162829875946044922e-01,7.656292319297790527e-01,7.912814617156982422e-01,6.047671437263488770e-01,5.369484424591064453e-01,4.613603055477142334e-01,5.174372196197509766e-01,-8.442855626344680786e-02,4.494414106011390686e-02,1.095622330904006958e-01,8.773008584976196289e-01,1.600006818771362305e-01,5.923057198524475098e-01,5.748599767684936523e-01,5.543665885925292969e-01,5.840042233467102051e-01,3.352818489074707031e-01,-2.366281114518642426e-02,-3.258707523345947266e-01,-4.459623098373413086e-01,-1.598396897315979004e-01,-9.436596184968948364e-02,-3.568277359008789062e-01,-2.934395074844360352e-01,-2.301732897758483887e-01,-5.848233774304389954e-02,9.012168645858764648e-02,2.219734042882919312e-01,-1.483265161514282227e-01,-5.658114328980445862e-02,-2.379599399864673615e-02,4.048691689968109131e-02,4.215573146939277649e-02
6.813580989837646484e-01,3.276539221405982971e-02,8.405250906944274902e-01,1.000000000000000000e+00,5.265590548515319824e-01,6.651190519332885742e-01,8.759571909904479980e-01,-2.068080455064773560e-01,6.629771739244461060e-02,1.617040336132049561e-01,-1.171535775065422058e-01,-6.612546741962432861e-02,7.524475455284118652e-02,-1.059712991118431091e-01,-1.964775621891021729e-01,-2.056736648082733154e-01,7.839995622634887695e-01,7.650913596153259277e-01,8.186426162719726562e-01,7.694361209869384766e-01,6.850121617317199707e-01,6.486729979515075684e-01,3.650161204859614372e-03,1.402910202741622925e-01,2.619954347610473633e-01,8.427582383155822754e-01,2.910317778587341309e-01,8.035748004913330078e-01,7.896646857261657715e-01,7.537537813186645508e-01,7.153826951980590820e-01,5.035896301269531250e-01,1.146739199757575989e-01,-3.146319389343261719e-01,-3.176993727684020996e-01,-8.206985890865325928e-02,-1.425421088933944702e-01,-2.457955330610275269e-01,-1.971602290868759155e-01,-2.200500518083572388e-01,1.978393644094467163e-01,3.320159018039703369e-01,4.483235478401184082e-01,-5.856606736779212952e-02,1.292090415954589844e-01,2.502461373805999756e-01,1.606056541204452515e-01,8.919805288314819336e-02
7.847203612327575684e-01,5.611994266510009766e-01,2.371970117092132568e-01,5.265590548515319824e-01,1.000000000000000000e+00,8.638552427291870117e-01,4.938225448131561279e-01,2.199769765138626099e-01,5.521239638328552246e-01,6.026635169982910156e-01,3.013208806514739990e-01,4.483247697353363037e-01,5.081087350845336914e-01,-6.182619556784629822e-02,1.869994699954986572e-01,2.593932449817657471e-01,4.216916561126708984e-01,3.359093964099884033e-01,6.967022418975830078e-01,6.975284218788146973e-01,6.495955586433410645e-01,5.612849593162536621e-01,3.132627010345458984e-01,4.142189323902130127e-01,5.577036738395690918e-01,3.376313447952270508e-01,5.382093191146850586e-01,6.993770599365234375e-01,7.028185129165649414e-01,7.032632827758789062e-01,6.129494309425354004e-01,6.137673258781433105e-01,5.100224614143371582e-01,2.912699803709983826e-02,2.336503565311431885e-01,3.086730241775512695e-01,-7.233916223049163818e-02,1.250989437103271484e-01,2.561295628547668457e-01,1.098817214369773865e-01,6.544629931449890137e-01,7.187924981117248535e-01,6.714603900909423828e-01,3.425891697406768799e-01,5.516264438629150391e-01,6.779659390449523926e-01,4.457713663578033447e-01,3.138558268547058105e-01
8.284121155738830566e-01,4.682688117027282715e-01,4.109716117382049561e-01,6.651190519332885742e-01,8.638552427291870117e-01,1.000000000000000000e+00,6.357329487800598145e-01,1.271240860223770142e-01,4.669351577758789062e-01,5.843305587768554688e-01,2.739078104496002197e-01,3.981946110725402832e-01,5.134922862052917480e-01,-1.622928306460380554e-02,1.683240085840225220e-01,2.185612171888351440e-01,5.375508069992065430e-01,4.467478394508361816e-01,7.739573121070861816e-01,7.682294249534606934e-01,7.659295201301574707e-01,7.224853038787841797e-01,3.477415740489959717e-01,4.675139188766479492e-01,4.798069596290588379e-01,5.003483295440673828e-01,4.599896669387817383e-01,8.077978491783142090e-01,7.898585200309753418e-01,8.023787736892700195e-01,7.361199855804443359e-01,7.132382392883300781e-01,4.214764535427093506e-01,-2.691952325403690338e-02,1.371983438730239868e-01,3.115674257278442383e-01,-5.749006569385528564e-02,1.063963621854782104e-01,2.294874191284179688e-01,9.905683994293212891e-02,6.281005144119262695e-01,7.303683757781982422e-01,7.063010931015014648e-01,2.179590910673141479e-01,4.841662943363189697e-01,6.609031558036804199e-01,5.192474722862243652e-01,3.667505383491516113e-01
6.014259457588195801e-01,3.854965046048164368e-02,8.399099111557006836e-01,8.759571909904479980e-01,4.938225448131561279e-01,6.357329487800598145e-01,1.000000000000000000e+00,-1.597647666931152344e-01,1.024392247200012207e-01,1.697127223014831543e-01,-1.017462983727455139e-01,-7.404853403568267822e-02,6.000250205397605896e-02,-7.443097233772277832e-02,-2.304439395666122437e-01,-1.620825827121734619e-01,9.070104360580444336e-01,8.799370527267456055e-01,8.127685785293579102e-01,7.148779630661010742e-01,6.053829193115234375e-01,6.916043758392333984e-01,8.682329952716827393e-02,2.261024862527847290e-01,2.902213633060455322e-01,8.864514231681823730e-01,3.182792961597442627e-01,7.077164649963378906e-01,7.130784988403320312e-01,7.300935983657836914e-01,7.506363391876220703e-01,5.317937135696411133e-01,1.189802736043930054e-01,-2.576743364334106445e-01,-3.047203421592712402e-01,1.462108734995126724e-02,-6.135486811399459839e-02,-2.566099762916564941e-01,-1.380116194486618042e-01,-1.110680699348449707e-01,1.840055435895919800e-01,3.691628575325012207e-01,4.795143008232116699e-01,-7.063589990139007568e-02,1.270867288112640381e-01,2.138598561286926270e-01,2.454780042171478271e-01,2.252730280160903931e-01
1.921375840902328491e-01,4.892097711563110352e-01,-2.523492574691772461e-01,-2.068080455064773560e-01,2.199769765138626099e-01,1.271240860223770142e-01,-1.597647666931152344e-01,1.000000000000000000e+00,6.202297806739807129e-01,4.061731696128845215e-01,6.949000954627990723e-01,6.295167803764343262e-01,4.751153588294982910e-01,4.534866511821746826e-01,6.390743255615234375e-01,6.474254727363586426e-01,-1.720421314239501953e-01,-2.503246366977691650e-01,-7.908501476049423218e-02,-3.211050853133201599e-02,4.795477911829948425e-02,8.553246408700942993e-02,4.316637217998504639e-01,3.873313963413238525e-01,3.169988095760345459e-01,-2.556651234626770020e-01,3.450767993927001953e-01,-6.355050206184387207e-02,-8.524992316961288452e-02,4.773484542965888977e-02,8.385907858610153198e-02,1.946437507867813110e-01,6.090833544731140137e-01,6.796178221702575684e-01,6.270701289176940918e-01,5.762684941291809082e-01,3.908859789371490479e-01,5.649625658988952637e-01,6.065548062324523926e-01,5.032339692115783691e-01,3.588283360004425049e-01,3.541603386402130127e-01,2.689365446567535400e-01,5.097857713699340820e-01,3.596399426460266113e-01,3.105221986770629883e-01,3.155559599399566650e-01,3.837924003601074219e-01
4.993272721767425537e-01,6.403970122337341309e-01,-1.142066493630409241e-01,6.629771739244461060e-02,5.521239638328552246e-01,4.669351577758789062e-01,1.024392247200012207e-01,6.202297806739807129e-01,1.000000000000000000e+00,7.945079207420349121e-01,6.872481107711791992e-01,7.663947343826293945e-01,7.460030317306518555e-01,1.115322187542915344e-01,5.101104974746704102e-01,6.715436577796936035e-01,1.076632291078567505e-01,-4.029185802210122347e-04,2.500171065330505371e-01,3.139971196651458740e-01,3.323173820972442627e-01,3.439463675022125244e-01,6.569319963455200195e-01,6.221520304679870605e-01,5.951145291328430176e-01,-5.033148825168609619e-02,5.486069321632385254e-01,3.044627308845520020e-01,2.731426954269409180e-01,3.831808865070343018e-01,3.806728422641754150e-01,5.012142062187194824e-01,7.273630499839782715e-01,3.688563406467437744e-01,6.013271212577819824e-01,6.990956664085388184e-01,9.259462356567382812e-02,5.016104578971862793e-01,6.780784130096435547e-01,5.357221364974975586e-01,6.177369952201843262e-01,6.749596595764160156e-01,5.936037898063659668e-01,4.879974424839019775e-01,6.048762202262878418e-01,6.413965225219726562e-01,5.853862762451171875e-01,5.399444103240966797e-01
5.374266505241394043e-01,6.723451614379882812e-01,-4.567224904894828796e-02,1.617040336132049561e-01,6.026635169982910156e-01,5.843305587768554688e-01,1.697127223014831543e-01,4.061731696128845215e-01,7.945079207420349121e-01,1.000000000000000000e+00,5.329570770263671875e-01,7.253448367118835449e-01,7.997940182685852051e-01,3.532185778021812439e-02,4.461789727210998535e-01,6.229005455970764160e-01,1.201575025916099548e-01,2.263359166681766510e-02,3.669812977313995361e-01,5.032454133033752441e-01,5.179157853126525879e-01,4.680237770080566406e-01,6.475129127502441406e-01,6.318628787994384766e-01,4.662610292434692383e-01,2.031508833169937134e-02,4.342499077320098877e-01,4.177812635898590088e-01,3.975425660610198975e-01,5.071919560432434082e-01,4.607195556163787842e-01,5.949316024780273438e-01,6.173434257507324219e-01,2.260998189449310303e-01,5.074383616447448730e-01,6.198143959045410156e-01,-5.680820439010858536e-03,4.216319918632507324e-01,5.959472060203552246e-01,4.212602078914642334e-01,6.683626770973205566e-01,7.280778884887695312e-01,7.139677405357360840e-01,4.654979705810546875e-01,7.190833091735839844e-01,8.303456902503967285e-01,6.465033888816833496e-01,5.342397093772888184e-01
3.241686522960662842e-01,4.355936646461486816e-01,-2.164242714643478394e-01,-1.171535775065422058e-01,3.013208806514739990e-01,2.739078104496002197e-01,-1.017462983727455139e-01,6.949000954627990723e-01,6.872481107711791992e-01,5.329570770263671875e-01,1.000000000000000000e+00,8.060646653175354004e-01,6.877872347831726074e-01,4.428632855415344238e-01,7.392268776893615723e-01,7.266620993614196777e-01,-9.646848589181900024e-02,-2.183757275342941284e-01,-9.753561578691005707e-03,4.549084976315498352e-02,1.514573991298675537e-01,2.200412601232528687e-01,6.659553647041320801e-01,5.889868140220642090e-01,4.600778520107269287e-01,-2.218190580606460571e-01,3.519414067268371582e-01,8.998273313045501709e-02,4.451064392924308777e-02,1.434023231267929077e-01,1.969556212425231934e-01,3.448888659477233887e-01,6.413449048995971680e-01,4.622457921504974365e-01,6.191505193710327148e-01,7.102177143096923828e-01,2.797916829586029053e-01,6.748083829879760742e-01,6.979482173919677734e-01,6.456485986709594727e-01,4.489105939865112305e-01,4.822615981101989746e-01,3.356295526027679443e-01,3.008783757686614990e-01,3.874470889568328857e-01,4.206508994102478027e-01,5.056429505348205566e-01,5.514780282974243164e-01
4.074416160583496094e-01,6.007977724075317383e-01,-2.260759472846984863e-01,-6.612546741962432861e-02,4.483247697353363037e-01,3.981946110725402832e-01,-7.404853403568267822e-02,6.295167803764343262e-01,7.663947343826293945e-01,7.253448367118835449e-01,8.060646653175354004e-01,1.000000000000000000e+00,8.199798464775085449e-01,2.507113814353942871e-01,7.018046379089355469e-01,7.680265307426452637e-01,-1.081385016441345215e-01,-2.090271860361099243e-01,9.189559519290924072e-02,1.949799805879592896e-01,2.913990616798400879e-01,2.682795226573944092e-01,6.881114840507507324e-01,5.870070457458496094e-01,5.144447684288024902e-01,-2.080904096364974976e-01,4.419203698635101318e-01,1.973773688077926636e-01,1.353765130043029785e-01,2.458558231592178345e-01,2.366001307964324951e-01,3.957111537456512451e-01,6.702961325645446777e-01,4.324347972869873047e-01,6.775380373001098633e-01,7.059694528579711914e-01,1.683208048343658447e-01,6.505181789398193359e-01,7.355628609657287598e-01,5.959810018539428711e-01,6.010378003120422363e-01,5.914481282234191895e-01,4.497871100902557373e-01,4.181092679500579834e-01,5.588434338569641113e-01,6.157986521720886230e-01,5.208315253257751465e-01,5.344836711883544922e-01
4.595096707344055176e-01,6.090719699859619141e-01,-1.096720248460769653e-01,7.524475455284118652e-02,5.081087350845336914e-01,5.134922862052917480e-01,6.000250205397605896e-02,4.751153588294982910e-01,7.460030317306518555e-01,7.997940182685852051e-01,6.877872347831726074e-01,8.199798464775085449e-01,1.000000000000000000e+00,1.681093871593475342e-01,5.703799128532409668e-01,7.502539157867431641e-01,2.657375298440456390e-02,-7.905039936304092407e-02,2.513692080974578857e-01,3.903955221176147461e-01,4.768362045288085938e-01,4.554948508739471436e-01,8.030626177787780762e-01,7.067031264305114746e-01,4.523834288120269775e-01,-9.850520640611648560e-02,4.488381147384643555e-01,3.218685090541839600e-01,2.959885001182556152e-01,4.130501449108123779e-01,4.118831455707550049e-01,6.041473150253295898e-01,5.932323336601257324e-01,2.905462682247161865e-01,6.168249845504760742e-01,7.301796674728393555e-01,8.970999717712402344e-02,5.975111126899719238e-01,7.531866431236267090e-01,6.289464831352233887e-01,6.434639096260070801e-01,7.253013849258422852e-01,5.979691743850708008e-01,3.726068139076232910e-01,5.974764823913574219e-01,7.456653118133544922e-01,6.971883177757263184e-01,6.126661300659179688e-01
1.107387691736221313e-01,4.807604942470788956e-03,-6.826728582382202148e-02,-1.059712991118431091e-01,-6.182619556784629822e-02,-1.622928306460380554e-02,-7.443097233772277832e-02,4.534866511821746826e-01,1.115322187542915344e-01,3.532185778021812439e-02,4.428632855415344238e-01,2.507113814353942871e-01,1.681093871593475342e-01,1.000000000000000000e+00,5.533231496810913086e-01,3.314723968505859375e-01,-8.184818923473358154e-02,-1.560160368680953979e-01,-8.195973187685012817e-02,-1.099416762590408325e-01,2.878399332985281944e-03,9.190782904624938965e-02,3.000565171241760254e-01,2.398005127906799316e-01,1.752705425024032593e-01,-1.055984646081924438e-01,4.166219756007194519e-02,-2.304173447191715240e-02,-5.995460227131843567e-02,-2.408964000642299652e-02,4.261518269777297974e-02,1.044314801692962646e-01,1.609536111354827881e-01,4.513508379459381104e-01,2.406971007585525513e-01,3.188816308975219727e-01,5.730842351913452148e-01,4.170463681221008301e-01,3.096567988395690918e-01,3.695173263549804688e-01,6.906282156705856323e-02,4.393462091684341431e-02,1.392384897917509079e-02,-9.927805513143539429e-02,-8.135683834552764893e-02,-1.925437711179256439e-02,2.056731581687927246e-01,3.201470077037811279e-01
2.694486081600189209e-01,4.081395566463470459e-01,-3.021680414676666260e-01,-1.964775621891021729e-01,1.869994699954986572e-01,1.683240085840225220e-01,-2.304439395666122437e-01,6.390743255615234375e-01,5.101104974746704102e-01,4.461789727210998535e-01,7.392268776893615723e-01,7.018046379089355469e-01,5.703799128532409668e-01,5.533231496810913086e-01,1.000000000000000000e+00,7.613278031349182129e-01,-2.987911999225616455e-01,-3.711998164653778076e-01,-1.147221550345420837e-01,8.107804693281650543e-03,1.843218207359313965e-01,1.270557790994644165e-01,5.158262252807617188e-01,3.870188295841217041e-01,3.204748928546905518e-01,-2.996111810207366943e-01,2.345562130212783813e-01,4.579776152968406677e-02,9.028849308378994465e-04,7.811079174280166626e-02,7.013245671987533569e-02,2.254021018743515015e-01,5.106578469276428223e-01,5.204923152923583984e-01,5.966652631759643555e-01,5.503936409950256348e-01,3.842598497867584229e-01,6.838647127151489258e-01,6.430680751800537109e-01,5.239771008491516113e-01,4.365141689777374268e-01,3.405938446521759033e-01,2.561262547969818115e-01,2.622826397418975830e-01,2.856937646865844727e-01,3.870701789855957031e-01,3.581131696701049805e-01,3.496666252613067627e-01
2.405456006526947021e-01,5.291825532913208008e-01,-3.162829875946044922e-01,-2.056736648082733154e-01,2.593932449817657471e-01,2.185612171888351440e-01,-1.620825827121734619e-01,6.474254727363586426e-01,6.715436577796936035e-01,6.229005455970764160e-01,7.266620993614196777e-01,7.680265307426452637e-01,7.502539157867431641e-01,3.314723968505859375e-01,7.613278031349182129e-01,1.000000000000000000e+00,-2.082348167896270752e-01,-2.798777222633361816e-01,-3.495493903756141663e-02,1.005817130208015442e-01,2.152688354253768921e-01,2.448729127645492554e-01,7.427135705947875977e-01,5.647280812263488770e-01,3.372192382812500000e-01,-2.981208264827728271e-01,3.296569287776947021e-01,2.504939585924148560e-02,9.746150113642215729e-03,1.380273550748825073e-01,1.585297733545303345e-01,3.651712238788604736e-01,5.720839500427246094e-01,4.901529252529144287e-01,7.001119852066040039e-01,7.117471694946289062e-01,2.377181202173233032e-01,6.809195876121520996e-01,8.214620351791381836e-01,6.976536512374877930e-01,4.661122858524322510e-01,4.958336651325225830e-01,4.424771368503570557e-01,3.516530990600585938e-01,4.413559436798095703e-01,5.390834808349609375e-01,5.406508445739746094e-01,5.388608574867248535e-01
4.962361156940460205e-01,-1.410332322120666504e-02,7.656292319297790527e-01,7.839995622634887695e-01,4.216916561126708984e-01,5.375508069992065430e-01,9.070104360580444336e-01,-1.720421314239501953e-01,1.076632291078567505e-01,1.201575025916099548e-01,-9.646848589181900024e-02,-1.081385016441345215e-01,2.657375298440456390e-02,-8.184818923473358154e-02,-2.987911999225616455e-01,-2.082348167896270752e-01,1.000000000000000000e+00,9.023681879043579102e-01,7.754752635955810547e-01,6.305477619171142578e-01,4.838096201419830322e-01,6.304796338081359863e-01,1.248126029968261719e-01,2.549219429492950439e-01,3.120637536048889160e-01,8.222753405570983887e-01,3.422866761684417725e-01,6.083203554153442383e-01,6.256010532379150391e-01,6.443262696266174316e-01,7.061814665794372559e-01,4.997768998146057129e-01,9.326073527336120605e-02,-2.789080440998077393e-01,-3.199058473110198975e-01,6.171885505318641663e-02,-5.980101600289344788e-02,-2.654937803745269775e-01,-1.193751022219657898e-01,-3.356248140335083008e-02,1.039683148264884949e-01,3.489390015602111816e-01,4.357990920543670654e-01,-1.066816002130508423e-01,8.635805547237396240e-02,1.503746211528778076e-01,2.744574844837188721e-01,2.936810851097106934e-01
4.167262613773345947e-01,-7.721418142318725586e-02,7.912814617156982422e-01,7.650913596153259277e-01,3.359093964099884033e-01,4.467478394508361816e-01,8.799370527267456055e-01,-2.503246366977691650e-01,-4.029185802210122347e-04,2.263359166681766510e-02,-2.183757275342941284e-01,-2.090271860361099243e-01,-7.905039936304092407e-02,-1.560160368680953979e-01,-3.711998164653778076e-01,-2.798777222633361816e-01,9.023681879043579102e-01,1.000000000000000000e+00,7.251902818679809570e-01,6.146193742752075195e-01,4.818572103977203369e-01,6.290362477302551270e-01,1.069513522088527679e-02,1.608098149299621582e-01,1.865480989217758179e-01,8.444870710372924805e-01,2.626496851444244385e-01,5.526916980743408203e-01,5.620222687721252441e-01,6.059967875480651855e-01,6.824305653572082520e-01,4.475522339344024658e-01,1.505718007683753967e-02,-3.161402940750122070e-01,-3.879430294036865234e-01,-5.256674811244010925e-02,-1.059960201382637024e-01,-3.412432372570037842e-01,-2.356501072645187378e-01,-1.605332642793655396e-01,1.664795912802219391e-02,2.041870504617691040e-01,3.671590685844421387e-01,-1.120659634470939636e-01,3.279712423682212830e-02,6.824500858783721924e-02,1.700952798128128052e-01,1.847763061523437500e-01
7.002521157264709473e-01,2.203596383333206177e-01,6.047671437263488770e-01,8.186426162719726562e-01,6.967022418975830078e-01,7.739573121070861816e-01,8.127685785293579102e-01,-7.908501476049423218e-02,2.500171065330505371e-01,3.669812977313995361e-01,-9.753561578691005707e-03,9.189559519290924072e-02,2.513692080974578857e-01,-8.195973187685012817e-02,-1.147221550345420837e-01,-3.495493903756141663e-02,7.754752635955810547e-01,7.251902818679809570e-01,1.000000000000000000e+00,8.836938738822937012e-01,7.604203224182128906e-01,7.219511866569519043e-01,1.579633951187133789e-01,2.873943746089935303e-01,3.541987836360931396e-01,6.892994046211242676e-01,4.037358462810516357e-01,7.774291038513183594e-01,7.922022342681884766e-01,8.170740604400634766e-01,7.609296441078186035e-01,6.380606293678283691e-01,2.164717018604278564e-01,-1.636602580547332764e-01,-1.141718477010726929e-01,7.863751053810119629e-02,-9.010532498359680176e-02,-8.807760477066040039e-02,-9.761536493897438049e-03,-8.457079529762268066e-02,3.659724891185760498e-01,5.238804221153259277e-01,6.561408042907714844e-01,5.703701823949813843e-02,2.971256971359252930e-01,4.828483164310455322e-01,3.528926074504852295e-01,2.516955435276031494e-01
7.186543345451354980e-01,3.257771134376525879e-01,5.369484424591064453e-01,7.694361209869384766e-01,6.975284218788146973e-01,7.682294249534606934e-01,7.148779630661010742e-01,-3.211050853133201599e-02,3.139971196651458740e-01,5.032454133033752441e-01,4.549084976315498352e-02,1.949799805879592896e-01,3.903955221176147461e-01,-1.099416762590408325e-01,8.107804693281650543e-03,1.005817130208015442e-01,6.305477619171142578e-01,6.146193742752075195e-01,8.836938738822937012e-01,1.000000000000000000e+00,8.724172115325927734e-01,7.557011246681213379e-01,2.244365811347961426e-01,3.402291834354400635e-01,2.920491695404052734e-01,6.085633039474487305e-01,3.785012662410736084e-01,7.707004547119140625e-01,8.014253973960876465e-01,8.414703607559204102e-01,7.688786983489990234e-01,6.944368481636047363e-01,3.064820170402526855e-01,-1.563413590192794800e-01,-1.265591662377119064e-02,1.351718008518218994e-01,-1.239286959171295166e-01,-1.174580212682485580e-02,6.050338968634605408e-02,-6.434015184640884399e-02,4.332063198089599609e-01,5.585659146308898926e-01,7.162604928016662598e-01,1.649493873119354248e-01,4.143375158309936523e-01,6.155551671981811523e-01,3.946241438388824463e-01,2.547679841518402100e-01
7.576001882553100586e-01,3.173035681247711182e-01,4.613603055477142334e-01,6.850121617317199707e-01,6.495955586433410645e-01,7.659295201301574707e-01,6.053829193115234375e-01,4.795477911829948425e-02,3.323173820972442627e-01,5.179157853126525879e-01,1.514573991298675537e-01,2.913990616798400879e-01,4.768362045288085938e-01,2.878399332985281944e-03,1.843218207359313965e-01,2.152688354253768921e-01,4.838096201419830322e-01,4.818572103977203369e-01,7.604203224182128906e-01,8.724172115325927734e-01,1.000000000000000000e+00,8.131440281867980957e-01,3.026748001575469971e-01,4.513448476791381836e-01,2.979296445846557617e-01,5.177380442619323730e-01,3.011848032474517822e-01,7.588725686073303223e-01,7.415429353713989258e-01,8.513225913047790527e-01,7.972601056098937988e-01,7.679595947265625000e-01,3.280323445796966553e-01,-9.689845889806747437e-02,4.931724071502685547e-02,2.528778612613677979e-01,-8.393143862485885620e-02,6.840813905000686646e-02,1.393395066261291504e-01,1.094915065914392471e-02,4.817340672016143799e-01,5.754485726356506348e-01,7.177141308784484863e-01,1.638608127832412720e-01,3.934209942817687988e-01,6.204407811164855957e-01,4.885696172714233398e-01,3.197959065437316895e-01
6.845289468765258789e-01,2.345966696739196777e-01,5.174372196197509766e-01,6.486729979515075684e-01,5.612849593162536621e-01,7.224853038787841797e-01,6.916043758392333984e-01,8.553246408700942993e-02,3.439463675022125244e-01,4.680237770080566406e-01,2.200412601232528687e-01,2.682795226573944092e-01,4.554948508739471436e-01,9.190782904624938965e-02,1.270557790994644165e-01,2.448729127645492554e-01,6.304796338081359863e-01,6.290362477302551270e-01,7.219511866569519043e-01,7.557011246681213379e-01,8.131440281867980957e-01,1.000000000000000000e+00,4.837419688701629639e-01,6.229084730148315430e-01,3.431690633296966553e-01,5.996921658515930176e-01,3.070434927940368652e-01,6.883668899536132812e-01,6.647890806198120117e-01,8.171592354774475098e-01,9.013452529907226562e-01,8.614858388900756836e-01,3.096058070659637451e-01,-9.375071525573730469e-02,-1.510790828615427017e-02,4.149057269096374512e-01,-2.935581281781196594e-02,2.821903489530086517e-02,2.117929309606552124e-01,1.902169287204742432e-01,3.822438716888427734e-01,5.599368810653686523e-01,7.001495361328125000e-01,9.707820415496826172e-02,3.264102935791015625e-01,4.999087154865264893e-01,6.301538944244384766e-01,5.655546784400939941e-01
3.478738665580749512e-01,4.310797154903411865e-01,-8.442855626344680786e-02,3.650161204859614372e-03,3.132627010345458984e-01,3.477415740489959717e-01,8.682329952716827393e-02,4.316637217998504639e-01,6.569319963455200195e-01,6.475129127502441406e-01,6.659553647041320801e-01,6.881114840507507324e-01,8.030626177787780762e-01,3.000565171241760254e-01,5.158262252807617188e-01,7.427135705947875977e-01,1.248126029968261719e-01,1.069513522088527679e-02,1.579633951187133789e-01,2.244365811347961426e-01,3.026748001575469971e-01,4.837419688701629639e-01,1.000000000000000000e+00,7.953949570655822754e-01,4.807045459747314453e-01,-6.704765558242797852e-02,3.829300701618194580e-01,2.089884132146835327e-01,1.751094013452529907e-01,2.965968251228332520e-01,4.012663364410400391e-01,5.986366868019104004e-01,5.230742096900939941e-01,2.532453835010528564e-01,5.025312304496765137e-01,8.256913423538208008e-01,1.456415206193923950e-01,5.142040848731994629e-01,7.699556946754455566e-01,7.982370853424072266e-01,4.488284289836883545e-01,5.976274609565734863e-01,5.141775012016296387e-01,2.256813645362854004e-01,4.428405165672302246e-01,5.332869887351989746e-01,7.682458162307739258e-01,8.293298482894897461e-01
4.370520710945129395e-01,3.968866467475891113e-01,4.494414106011390686e-02,1.402910202741622925e-01,4.142189323902130127e-01,4.675139188766479492e-01,2.261024862527847290e-01,3.873313963413238525e-01,6.221520304679870605e-01,6.318628787994384766e-01,5.889868140220642090e-01,5.870070457458496094e-01,7.067031264305114746e-01,2.398005127906799316e-01,3.870188295841217041e-01,5.647280812263488770e-01,2.549219429492950439e-01,1.608098149299621582e-01,2.873943746089935303e-01,3.402291834354400635e-01,4.513448476791381836e-01,6.229084730148315430e-01,7.953949570655822754e-01,1.000000000000000000e+00,4.180345833301544189e-01,9.217688441276550293e-02,3.169339299201965332e-01,3.275651335716247559e-01,3.036693930625915527e-01,4.811928868293762207e-01,5.882233381271362305e-01,7.641757726669311523e-01,4.874229431152343750e-01,1.944215446710586548e-01,3.884488046169281006e-01,8.549069762229919434e-01,8.233203738927841187e-02,3.566208779811859131e-01,6.328741908073425293e-01,6.682031154632568359e-01,4.480151832103729248e-01,6.560323238372802734e-01,6.139838099479675293e-01,2.349806874990463257e-01,4.590583145618438721e-01,5.507894754409790039e-01,8.889672756195068359e-01,8.286723494529724121e-01
6.342394351959228516e-01,4.188906550407409668e-01,1.095622330904006958e-01,2.619954347610473633e-01,5.577036738395690918e-01,4.798069596290588379e-01,2.902213633060455322e-01,3.169988095760345459e-01,5.951145291328430176e-01,4.662610292434692383e-01,4.600778520107269287e-01,5.144447684288024902e-01,4.523834288120269775e-01,1.752705425024032593e-01,3.204748928546905518e-01,3.372192382812500000e-01,3.120637536048889160e-01,1.865480989217758179e-01,3.541987836360931396e-01,2.920491695404052734e-01,2.979296445846557617e-01,3.431690633296966553e-01,4.807045459747314453e-01,4.180345833301544189e-01,1.000000000000000000e+00,1.398484855890274048e-01,6.659070253372192383e-01,4.603478908538818359e-01,3.691299259662628174e-01,3.544852137565612793e-01,3.883877992630004883e-01,3.987444341182708740e-01,6.407461166381835938e-01,9.576538205146789551e-02,2.740349471569061279e-01,4.406246840953826904e-01,3.578633815050125122e-02,1.701541095972061157e-01,3.438899815082550049e-01,3.510384559631347656e-01,5.147511959075927734e-01,4.911155104637145996e-01,3.928028345108032227e-01,2.267530709505081177e-01,3.842676877975463867e-01,3.993191421031951904e-01,3.681497275829315186e-01,4.634771049022674561e-01
4.926698207855224609e-01,-8.971717208623886108e-02,8.773008584976196289e-01,8.427582383155822754e-01,3.376313447952270508e-01,5.003483295440673828e-01,8.864514231681823730e-01,-2.556651234626770020e-01,-5.033148825168609619e-02,2.031508833169937134e-02,-2.218190580606460571e-01,-2.080904096364974976e-01,-9.850520640611648560e-02,-1.055984646081924438e-01,-2.996111810207366943e-01,-2.981208264827728271e-01,8.222753405570983887e-01,8.444870710372924805e-01,6.892994046211242676e-01,6.085633039474487305e-01,5.177380442619323730e-01,5.996921658515930176e-01,-6.704765558242797852e-02,9.217688441276550293e-02,1.398484855890274048e-01,1.000000000000000000e+00,1.690903604030609131e-01,6.607159972190856934e-01,6.455088853836059570e-01,6.368246078491210938e-01,6.585237979888916016e-01,4.158474206924438477e-01,-1.676603406667709351e-02,-3.144026696681976318e-01,-4.253374636173248291e-01,-1.254005730152130127e-01,-9.496409446001052856e-02,-3.696551322937011719e-01,-2.729820311069488525e-01,-2.377660125494003296e-01,5.059117078781127930e-02,1.769649386405944824e-01,3.474293649196624756e-01,-1.530422419309616089e-01,-4.286740906536579132e-03,5.914439260959625244e-02,1.127888932824134827e-01,8.214818686246871948e-02
4.796320796012878418e-01,5.722635388374328613e-01,1.600006818771362305e-01,2.910317778587341309e-01,5.382093191146850586e-01,4.599896669387817383e-01,3.182792961597442627e-01,3.450767993927001953e-01,5.486069321632385254e-01,4.342499077320098877e-01,3.519414067268371582e-01,4.419203698635101318e-01,4.488381147384643555e-01,4.166219756007194519e-02,2.345562130212783813e-01,3.296569287776947021e-01,3.422866761684417725e-01,2.626496851444244385e-01,4.037358462810516357e-01,3.785012662410736084e-01,3.011848032474517822e-01,3.070434927940368652e-01,3.829300701618194580e-01,3.169339299201965332e-01,6.659070253372192383e-01,1.690903604030609131e-01,1.000000000000000000e+00,3.931780159473419189e-01,3.567230403423309326e-01,3.222933113574981689e-01,3.430690169334411621e-01,3.422154784202575684e-01,6.523221731185913086e-01,1.737946718931198120e-01,3.375425934791564941e-01,3.368214964866638184e-01,1.231585163623094559e-02,2.616210877895355225e-01,3.719498515129089355e-01,3.216037452220916748e-01,4.756955504417419434e-01,4.798244833946228027e-01,4.075329005718231201e-01,3.887917101383209229e-01,4.839235842227935791e-01,4.348280429840087891e-01,2.978807091712951660e-01,3.646994233131408691e-01
8.461033701896667480e-01,3.012681007385253906e-01,5.923057198524475098e-01,8.035748004913330078e-01,6.993770599365234375e-01,8.077978491783142090e-01,7.077164649963378906e-01,-6.355050206184387207e-02,3.044627308845520020e-01,4.177812635898590088e-01,8.998273313045501709e-02,1.973773688077926636e-01,3.218685090541839600e-01,-2.304173447191715240e-02,4.579776152968406677e-02,2.504939585924148560e-02,6.083203554153442383e-01,5.526916980743408203e-01,7.774291038513183594e-01,7.707004547119140625e-01,7.588725686073303223e-01,6.883668899536132812e-01,2.089884132146835327e-01,3.275651335716247559e-01,4.603478908538818359e-01,6.607159972190856934e-01,3.931780159473419189e-01,1.000000000000000000e+00,8.906435966491699219e-01,8.034265637397766113e-01,7.189911007881164551e-01,6.329683065414428711e-01,3.104687333106994629e-01,-1.870092004537582397e-01,-7.739946246147155762e-02,1.299868673086166382e-01,-1.231799647212028503e-01,-4.594793543219566345e-02,3.568641468882560730e-02,-7.109288871288299561e-02,4.748006165027618408e-01,5.352369546890258789e-01,5.888262391090393066e-01,8.682363480329513550e-02,3.371568620204925537e-01,4.914452433586120605e-01,3.870106935501098633e-01,2.357492893934249878e-01
7.906569838523864746e-01,3.101876974105834961e-01,5.748599767684936523e-01,7.896646857261657715e-01,7.028185129165649414e-01,7.898585200309753418e-01,7.130784988403320312e-01,-8.524992316961288452e-02,2.731426954269409180e-01,3.975425660610198975e-01,4.451064392924308777e-02,1.353765130043029785e-01,2.959885001182556152e-01,-5.995460227131843567e-02,9.028849308378994465e-04,9.746150113642215729e-03,6.256010532379150391e-01,5.620222687721252441e-01,7.922022342681884766e-01,8.014253973960876465e-01,7.415429353713989258e-01,6.647890806198120117e-01,1.751094013452529907e-01,3.036693930625915527e-01,3.691299259662628174e-01,6.455088853836059570e-01,3.567230403423309326e-01,8.906435966491699219e-01,1.000000000000000000e+00,8.104628920555114746e-01,7.096055150032043457e-01,6.247660517692565918e-01,2.647626399993896484e-01,-1.996380835771560669e-01,-7.500508427619934082e-02,9.907945245504379272e-02,-9.648471325635910034e-02,-3.857064619660377502e-02,3.923287615180015564e-02,-7.121006399393081665e-02,4.489015638828277588e-01,5.504221916198730469e-01,6.116362810134887695e-01,6.869012862443923950e-02,3.357447683811187744e-01,5.075641274452209473e-01,3.566272556781768799e-01,2.117682993412017822e-01
7.718994617462158203e-01,3.016534447669982910e-01,5.543665885925292969e-01,7.537537813186645508e-01,7.032632827758789062e-01,8.023787736892700195e-01,7.300935983657836914e-01,4.773484542965888977e-02,3.831808865070343018e-01,5.071919560432434082e-01,1.434023231267929077e-01,2.458558231592178345e-01,4.130501449108123779e-01,-2.408964000642299652e-02,7.811079174280166626e-02,1.380273550748825073e-01,6.443262696266174316e-01,6.059967875480651855e-01,8.170740604400634766e-01,8.414703607559204102e-01,8.513225913047790527e-01,8.171592354774475098e-01,2.965968251228332520e-01,4.811928868293762207e-01,3.544852137565612793e-01,6.368246078491210938e-01,3.222933113574981689e-01,8.034265637397766113e-01,8.104628920555114746e-01,1.000000000000000000e+00,8.825976252555847168e-01,7.977007627487182617e-01,3.106747269630432129e-01,-1.087415739893913269e-01,5.352952983230352402e-03,2.819172441959381104e-01,-9.167415648698806763e-02,-7.045842241495847702e-03,1.174921020865440369e-01,6.473422516137361526e-03,4.422179460525512695e-01,6.164017915725708008e-01,7.313548326492309570e-01,1.548503488302230835e-01,3.897918462753295898e-01,5.494507551193237305e-01,5.210028886795043945e-01,3.537330627441406250e-01
7.177172899246215820e-01,2.258380353450775146e-01,5.840042233467102051e-01,7.153826951980590820e-01,6.129494309425354004e-01,7.361199855804443359e-01,7.506363391876220703e-01,8.385907858610153198e-02,3.806728422641754150e-01,4.607195556163787842e-01,1.969556212425231934e-01,2.366001307964324951e-01,4.118831455707550049e-01,4.261518269777297974e-02,7.013245671987533569e-02,1.585297733545303345e-01,7.061814665794372559e-01,6.824305653572082520e-01,7.609296441078186035e-01,7.688786983489990234e-01,7.972601056098937988e-01,9.013452529907226562e-01,4.012663364410400391e-01,5.882233381271362305e-01,3.883877992630004883e-01,6.585237979888916016e-01,3.430690169334411621e-01,7.189911007881164551e-01,7.096055150032043457e-01,8.825976252555847168e-01,1.000000000000000000e+00,8.567321896553039551e-01,3.152477741241455078e-01,-1.167693659663200378e-01,-5.676302313804626465e-02,3.826328217983245850e-01,-4.805600643157958984e-02,-3.102336451411247253e-02,1.405492126941680908e-01,1.192286610603332520e-01,3.689531087875366211e-01,5.743380188941955566e-01,6.968930959701538086e-01,1.220804303884506226e-01,3.250119686126708984e-01,4.692850410938262939e-01,5.893920660018920898e-01,4.902597367763519287e-01
6.678886413574218750e-01,3.572082817554473877e-01,3.352818489074707031e-01,5.035896301269531250e-01,6.137673258781433105e-01,7.132382392883300781e-01,5.317937135696411133e-01,1.946437507867813110e-01,5.012142062187194824e-01,5.949316024780273438e-01,3.448888659477233887e-01,3.957111537456512451e-01,6.041473150253295898e-01,1.044314801692962646e-01,2.254021018743515015e-01,3.651712238788604736e-01,4.997768998146057129e-01,4.475522339344024658e-01,6.380606293678283691e-01,6.944368481636047363e-01,7.679595947265625000e-01,8.614858388900756836e-01,5.986366868019104004e-01,7.641757726669311523e-01,3.987444341182708740e-01,4.158474206924438477e-01,3.422154784202575684e-01,6.329683065414428711e-01,6.247660517692565918e-01,7.977007627487182617e-01,8.567321896553039551e-01,1.000000000000000000e+00,3.983392417430877686e-01,9.041405864991247654e-04,1.535617560148239136e-01,5.789275169372558594e-01,-8.642327971756458282e-03,1.389268487691879272e-01,3.753821253776550293e-01,3.410650491714477539e-01,4.671715199947357178e-01,6.661853194236755371e-01,7.485869526863098145e-01,1.924789398908615112e-01,4.253111779689788818e-01,6.014266610145568848e-01,7.961753010749816895e-01,6.558104157447814941e-01
5.223312377929687500e-01,6.723483204841613770e-01,-2.366281114518642426e-02,1.146739199757575989e-01,5.100224614143371582e-01,4.214764535427093506e-01,1.189802736043930054e-01,6.090833544731140137e-01,7.273630499839782715e-01,6.173434257507324219e-01,6.413449048995971680e-01,6.702961325645446777e-01,5.932323336601257324e-01,1.609536111354827881e-01,5.106578469276428223e-01,5.720839500427246094e-01,9.326073527336120605e-02,1.505718007683753967e-02,2.164717018604278564e-01,3.064820170402526855e-01,3.280323445796966553e-01,3.096058070659637451e-01,5.230742096900939941e-01,4.874229431152343750e-01,6.407461166381835938e-01,-1.676603406667709351e-02,6.523221731185913086e-01,3.104687333106994629e-01,2.647626399993896484e-01,3.106747269630432129e-01,3.152477741241455078e-01,3.983392417430877686e-01,1.000000000000000000e+00,2.711674273014068604e-01,5.477712750434875488e-01,5.592884421348571777e-01,6.335949152708053589e-02,4.466522336006164551e-01,5.344213843345642090e-01,4.355033338069915771e-01,5.392841696739196777e-01,5.260906815528869629e-01,4.794816076755523682e-01,6.083207726478576660e-01,6.147718429565429688e-01,5.393372178077697754e-01,4.260475039482116699e-01,4.778394401073455811e-01
