1.000000000000000000e+00,1.655796766281127930e-01,2.858622930943965912e-02,-1.617569178342819214e-01,6.300308704376220703e-01,1.038928553462028503e-01,-3.889176845550537109e-01,2.512319982051849365e-01,2.411912828683853149e-01,1.243118047714233398e-01,2.173177003860473633e-01,9.951247833669185638e-03,2.902809977531433105e-01,1.759948879480361938e-01,-5.945239216089248657e-02,2.843122184276580811e-01,-1.968141943216323853e-01,-2.312480062246322632e-01,9.731822460889816284e-02,2.581545896828174591e-02,1.906108111143112183e-02,-1.794133335351943970e-01,2.059960216283798218e-01,1.893980312161147594e-03,4.539703428745269775e-01,-2.067172974348068237e-01,1.900083124637603760e-01,5.423524379730224609e-01,2.426177114248275757e-01,-2.482152134180068970e-01,-3.712197840213775635e-01,-1.031718775629997253e-01,2.835570871829986572e-01,-1.664135903120040894e-01,-1.908750832080841064e-01,-4.731607437133789062e-02,2.749870158731937408e-02,-1.149847432971000671e-01,-1.124892234802246094e-01,1.465741097927093506e-01,4.250390827655792236e-01,-3.015848062932491302e-02,-4.182050935924053192e-03,1.669240444898605347e-01,6.259374320507049561e-02,6.053158268332481384e-02,-3.464440256357192993e-02,-9.070803970098495483e-02
1.655796766281127930e-01,1.000000000000000000e+00,1.762978732585906982e-01,3.617025315761566162e-01,4.068125188350677490e-01,5.103057622909545898e-01,2.598007619380950928e-01,1.099358722567558289e-01,5.669304132461547852e-01,6.378229856491088867e-01,2.257686704397201538e-01,5.159848928451538086e-01,4.034537076950073242e-01,-9.882837533950805664e-03,2.208542376756668091e-01,1.564628332853317261e-01,2.454912364482879639e-01,-1.382754370570182800e-02,-3.889393061399459839e-02,2.356959730386734009e-01,1.937451511621475220e-01,-6.197543069720268250e-02,3.145889639854431152e-01,3.572765290737152100e-01,3.889384120702743530e-02,-8.476720005273818970e-02,3.294163644313812256e-01,2.892289757728576660e-01,2.984660267829895020e-01,3.470869958400726318e-01,1.609083861112594604e-01,-6.334967911243438721e-02,3.851711750030517578e-01,1.163475066423416138e-01,1.742383837699890137e-01,4.206216931343078613e-01,5.211203545331954956e-02,2.715048193931579590e-01,2.763961851596832275e-01,1.443503648042678833e-01,5.617307424545288086e-01,6.637639403343200684e-01,3.972573876380920410e-01,6.686445474624633789e-01,5.897660255432128906e-01,5.764273405075073242e-01,2.632279694080352783e-01,9.237740188837051392e-03
2.858622930943965912e-02,1.762978732585906982e-01,1.000000000000000000e+00,5.436013936996459961e-01,1.883094906806945801e-01,2.607148289680480957e-01,4.269644618034362793e-01,1.567742079496383667e-01,2.410975992679595947e-01,3.185820281505584717e-01,1.427783221006393433e-01,2.122314423322677612e-01,2.215668708086013794e-01,6.102148443460464478e-03,3.555793762207031250e-01,2.106236815452575684e-01,3.937703669071197510e-01,6.501477211713790894e-02,1.690049767494201660e-01,1.785657107830047607e-01,1.225604638457298279e-01,-2.186101526021957397e-01,9.849333018064498901e-02,1.789091974496841431e-01,3.164305984973907471e-01,2.793494164943695068e-01,2.118216902017593384e-01,3.754338622093200684e-01,2.962932884693145752e-01,1.047469228506088257e-01,1.025773733854293823e-01,-3.165609240531921387e-01,1.499103307723999023e-01,3.603073358535766602e-01,2.013847231864929199e-01,2.590911388397216797e-01,1.482790261507034302e-01,4.327116608619689941e-01,2.573491334915161133e-01,9.312303364276885986e-02,7.149157673120498657e-02,2.409213185310363770e-01,2.294759303331375122e-01,2.821960449218750000e-01,2.018343508243560791e-01,2.953054010868072510e-01,5.016982927918434143e-02,-1.810905784368515015e-01
-1.617569178342819214e-01,3.617025315761566162e-01,5.436013936996459961e-01,1.000000000000000000e+00,1.381928324699401855e-01,6.068940162658691406e-01,6.874573230743408203e-01,5.912959575653076172e-02,2.251547873020172119e-01,3.731622099876403809e-01,2.616402320563793182e-02,2.516163289546966553e-01,3.404349982738494873e-01,-8.242167532444000244e-02,3.058461844921112061e-01,2.115486115217208862e-01,6.051669120788574219e-01,1.989289969205856323e-01,1.905456036329269409e-01,1.936515569686889648e-01,7.216596603393554688e-02,-1.930739879608154297e-01,9.264021366834640503e-02,2.756086289882659912e-01,1.429745852947235107e-01,4.362270236015319824e-01,2.458798140287399292e-01,3.669386208057403564e-01,4.462125599384307861e-01,2.955018281936645508e-01,3.064796030521392822e-01,-2.624038755893707275e-01,1.068230420351028442e-01,3.178036212921142578e-01,2.758670151233673096e-01,3.392844796180725098e-01,5.021664872765541077e-02,3.790065944194793701e-01,2.540397346019744873e-01,1.947899907827377319e-02,2.066248059272766113e-01,4.937535226345062256e-01,4.757821857929229736e-01,2.757171094417572021e-01,2.446181476116180420e-01,4.385839402675628662e-01,1.608833372592926025e-01,-8.337403833866119385e-02
6.300308704376220703e-01,4.068125188350677490e-01,1.883094906806945801e-01,1.381928324699401855e-01,1.000000000000000000e+00,3.749848604202270508e-01,-6.915821880102157593e-02,1.016802638769149780e-01,2.231658846139907837e-01,2.460616230964660645e-01,3.685870394110679626e-02,7.132509350776672363e-02,4.334910511970520020e-01,2.753220498561859131e-02,-1.176245510578155518e-01,1.915407180786132812e-01,3.049299120903015137e-03,-1.282930523157119751e-01,1.019985228776931763e-01,3.203161656856536865e-01,3.593722283840179443e-01,-8.598055690526962280e-02,3.902443647384643555e-01,1.634554862976074219e-01,2.938406765460968018e-01,-1.352380663156509399e-01,1.521735340356826782e-01,5.654658675193786621e-01,2.955068945884704590e-01,3.522865008562803268e-03,-1.205836161971092224e-01,-8.901180326938629150e-02,2.024464309215545654e-01,-1.315602213144302368e-01,-7.106509059667587280e-02,7.676700502634048462e-02,-1.543866936117410660e-02,-6.489412486553192139e-02,6.278219819068908691e-02,2.993833720684051514e-01,5.593674778938293457e-01,1.780595779418945312e-01,2.674627602100372314e-01,3.301797211170196533e-01,2.175648808479309082e-01,2.300839871168136597e-01,5.556733161211013794e-02,-8.832294493913650513e-03
1.038928553462028503e-01,5.103057622909545898e-01,2.607148289680480957e-01,6.068940162658691406e-01,3.749848604202270508e-01,1.000000000000000000e+00,4.650818705558776855e-01,8.066443353891372681e-02,4.369072616100311279e-01,5.377988815307617188e-01,1.382666677236557007e-01,4.824790954589843750e-01,4.800056219100952148e-01,-7.819188386201858521e-02,2.740132510662078857e-01,2.668303549289703369e-01,4.253844916820526123e-01,1.616357117891311646e-01,1.690126955509185791e-01,2.389572858810424805e-01,1.142441332340240479e-01,-1.645509004592895508e-01,1.894040405750274658e-01,3.443700075149536133e-01,8.894621580839157104e-02,1.454118639230728149e-01,3.631350398063659668e-01,4.294420182704925537e-01,4.033137261867523193e-01,3.047640025615692139e-01,2.346680015325546265e-01,-2.097690999507904053e-01,2.410177886486053467e-01,1.948973536491394043e-01,1.878639012575149536e-01,3.660930097103118896e-01,5.095937754958868027e-03,3.019136190414428711e-01,1.846069991588592529e-01,5.622110515832901001e-02,3.958064913749694824e-01,6.328787803649902344e-01,5.012915134429931641e-01,3.691092729568481445e-01,4.544932544231414795e-01,5.342237353324890137e-01,2.845577001571655273e-01,-7.336046546697616577e-02
-3.889176845550537109e-01,2.598007619380950928e-01,4.269644618034362793e-01,6.874573230743408203e-01,-6.915821880102157593e-02,4.650818705558776855e-01,1.000000000000000000e+00,3.671959973871707916e-03,1.474232822656631470e-01,3.110710382461547852e-01,4.255494102835655212e-02,3.257675170898437500e-01,2.201145440340042114e-01,-1.806547939777374268e-01,3.769941329956054688e-01,5.470190197229385376e-02,7.255283594131469727e-01,4.117172360420227051e-01,1.466234773397445679e-01,2.600064575672149658e-01,1.861160844564437866e-01,-1.049762405455112457e-02,4.492953792214393616e-02,1.926568746566772461e-01,2.699895994737744331e-03,4.693937003612518311e-01,2.231768965721130371e-01,1.254756301641464233e-01,2.643586397171020508e-01,3.450078368186950684e-01,5.011476874351501465e-01,-2.284351736307144165e-01,1.439212858676910400e-01,4.289928078651428223e-01,3.105344474315643311e-01,2.712901532649993896e-01,8.870936930179595947e-02,4.492126107215881348e-01,2.587673068046569824e-01,-5.326532945036888123e-02,8.476760238409042358e-03,4.950287342071533203e-01,3.526721894741058350e-01,1.976072937250137329e-01,1.840142309665679932e-01,3.525672256946563721e-01,1.477061957120895386e-01,-7.649226486682891846e-02
2.512319982051849365e-01,1.099358722567558289e-01,1.567742079496383667e-01,5.912959575653076172e-02,1.016802638769149780e-01,8.066443353891372681e-02,3.671959973871707916e-03,1.000000000000000000e+00,2.988451719284057617e-01,1.782004088163375854e-01,6.359499096870422363e-01,2.188267558813095093e-01,2.452773004770278931e-01,6.461132764816284180e-01,4.263977408409118652e-01,4.193783998489379883e-01,1.633718907833099365e-01,7.842586189508438110e-02,2.698414027690887451e-01,6.517837941646575928e-02,-1.437320932745933533e-02,-1.881962120532989502e-01,1.093170791864395142e-01,3.580863354727625847e-03,5.447572469711303711e-01,-2.072102203965187073e-02,4.267417192459106445e-01,2.058985829353332520e-01,1.367699503898620605e-01,-6.539820879697799683e-02,-1.300670206546783447e-01,-1.982859671115875244e-01,4.692670106887817383e-01,3.982949554920196533e-01,-1.320275366306304932e-01,3.263058885931968689e-02,6.651890873908996582e-01,3.465783894062042236e-01,2.186195701360702515e-01,6.689027696847915649e-02,6.078343838453292847e-02,3.435750305652618408e-02,1.469590887427330017e-02,2.155856192111968994e-01,8.504522591829299927e-02,1.072531268000602722e-01,-4.243132472038269043e-02,-1.026710569858551025e-01
2.411912828683853149e-01,5.669304132461547852e-01,2.410975992679595947e-01,2.251547873020172119e-01,2.231658846139907837e-01,4.369072616100311279e-01,1.474232822656631470e-01,2.988451719284057617e-01,1.000000000000000000e+00,6.552024483680725098e-01,5.534862279891967773e-01,6.574388742446899414e-01,3.599832952022552490e-01,1.449158638715744019e-01,4.926014840602874756e-01,3.040794730186462402e-01,2.296806275844573975e-01,-5.798628181219100952e-02,2.786045894026756287e-02,1.840423047542572021e-01,1.162109449505805969e-01,-1.244661882519721985e-01,2.342510074377059937e-01,2.832194268703460693e-01,2.075677216053009033e-01,-3.295710310339927673e-02,2.922799885272979736e-01,2.763701975345611572e-01,2.595472633838653564e-01,1.620116978883743286e-01,7.712715864181518555e-02,-1.681833863258361816e-01,3.718032240867614746e-01,2.502038776874542236e-01,9.851158410310745239e-02,2.710531651973724365e-01,1.702964305877685547e-01,4.584209024906158447e-01,3.514490127563476562e-01,1.376930326223373413e-01,3.034411370754241943e-01,4.988006949424743652e-01,2.243323028087615967e-01,6.876614093780517578e-01,4.543613791465759277e-01,4.888094365596771240e-01,1.912559568881988525e-01,1.146708521991968155e-02
1.243118047714233398e-01,6.378229856491088867e-01,3.185820281505584717e-01,3.731622099876403809e-01,2.460616230964660645e-01,5.377988815307617188e-01,3.110710382461547852e-01,1.782004088163375854e-01,6.552024483680725098e-01,1.000000000000000000e+00,3.274387717247009277e-01,7.316465973854064941e-01,5.341718792915344238e-01,3.677058592438697815e-02,4.402419328689575195e-01,1.841018199920654297e-01,3.118919134140014648e-01,-3.672932088375091553e-02,6.203186884522438049e-02,2.692528367042541504e-01,1.048342511057853699e-01,-1.566528230905532837e-01,1.441403180360794067e-01,3.404430150985717773e-01,1.269629448652267456e-01,4.979610443115234375e-02,2.553143501281738281e-01,3.079991638660430908e-01,2.279722690582275391e-01,2.052939236164093018e-01,1.489599198102951050e-01,-2.073357403278350830e-01,2.984038889408111572e-01,2.490702569484710693e-01,1.234015375375747681e-01,3.718701004981994629e-01,1.157500147819519043e-01,4.592305719852447510e-01,1.884197145700454712e-01,-1.352970749139785767e-01,2.671597301959991455e-01,7.167342901229858398e-01,4.677647054195404053e-01,5.704462528228759766e-01,7.161524295806884766e-01,7.844182848930358887e-01,2.900298833847045898e-01,-1.146427094936370850e-01
2.173177003860473633e-01,2.257686704397201538e-01,1.427783221006393433e-01,2.616402320563793182e-02,3.685870394110679626e-02,1.382666677236557007e-01,4.255494102835655212e-02,6.359499096870422363e-01,5.534862279891967773e-01,3.274387717247009277e-01,1.000000000000000000e+00,4.962515532970428467e-01,2.187643945217132568e-01,4.676995277404785156e-01,6.760756969451904297e-01,2.267448157072067261e-01,1.799838393926620483e-01,4.685970023274421692e-02,1.345004048198461533e-02,3.011010028421878815e-02,1.821464113891124725e-02,-3.187163919210433960e-02,1.803506612777709961e-01,1.360119581222534180e-01,3.554716110229492188e-01,2.376119047403335571e-02,3.158754408359527588e-01,4.529958963394165039e-02,9.874917566776275635e-02,-2.958353236317634583e-02,-3.409145167097449303e-03,-8.037665486335754395e-02,4.855796098709106445e-01,4.591770768165588379e-01,-8.145077526569366455e-02,1.529943495988845825e-01,5.052098035812377930e-01,5.588333010673522949e-01,2.144344002008438110e-01,1.199713274836540222e-01,1.550237238407135010e-01,1.755013167858123779e-01,-9.203448891639709473e-02,3.600418269634246826e-01,1.907106786966323853e-01,1.673337668180465698e-01,6.768813729286193848e-02,3.724838793277740479e-02
9.951247833669185638e-03,5.159848928451538086e-01,2.122314423322677612e-01,2.516163289546966553e-01,7.132509350776672363e-02,4.824790954589843750e-01,3.257675170898437500e-01,2.188267558813095093e-01,6.574388742446899414e-01,7.316465973854064941e-01,4.962515532970428467e-01,1.000000000000000000e+00,4.070435762405395508e-01,3.545807674527168274e-02,6.425568461418151855e-01,1.114135980606079102e-01,3.175914883613586426e-01,1.140770167112350464e-01,-7.643896341323852539e-02,1.533377170562744141e-01,1.037297397851943970e-01,-4.748614877462387085e-02,1.819765418767929077e-01,3.489795625209808350e-01,8.310062438249588013e-02,1.788562536239624023e-02,3.293601274490356445e-01,1.295134723186492920e-01,1.264256089925765991e-01,2.332239001989364624e-01,2.840423285961151123e-01,-1.143003404140472412e-01,4.174152016639709473e-01,3.970977962017059326e-01,1.712616086006164551e-01,3.571895956993103027e-01,1.787130832672119141e-01,5.899282097816467285e-01,1.967548280954360962e-01,4.928109236061573029e-03,1.153502240777015686e-01,6.221513748168945312e-01,2.430748343467712402e-01,5.181011557579040527e-01,5.799584388732910156e-01,5.549265146255493164e-01,3.140931725502014160e-01,-4.746014252305030823e-02
2.902809977531433105e-01,4.034537076950073242e-01,2.215668708086013794e-01,3.404349982738494873e-01,4.334910511970520020e-01,4.800056219100952148e-01,2.201145440340042114e-01,2.452773004770278931e-01,3.599832952022552490e-01,5.341718792915344238e-01,2.187643945217132568e-01,4.070435762405395508e-01,1.000000000000000000e+00,1.415897458791732788e-01,1.987081915140151978e-01,4.808123707771301270e-01,3.564354479312896729e-01,9.648357331752777100e-02,1.935508400201797485e-01,3.499408662319183350e-01,1.796357482671737671e-01,-9.189935028553009033e-02,3.962474763393402100e-01,2.081940919160842896e-01,2.822996079921722412e-01,1.064016595482826233e-01,2.110130488872528076e-01,4.488400816917419434e-01,3.732309341430664062e-01,1.692648977041244507e-01,1.410756111145019531e-01,-2.084143012762069702e-01,2.088312357664108276e-01,1.582983583211898804e-01,9.947701543569564819e-02,2.759793102741241455e-01,1.321533769369125366e-01,2.569779157638549805e-01,2.418911904096603394e-01,3.370159864425659180e-02,3.614165782928466797e-01,4.202379584312438965e-01,5.024124383926391602e-01,2.716493904590606689e-01,3.500153124332427979e-01,5.545448064804077148e-01,1.133981496095657349e-01,-5.700403079390525818e-02
1.759948879480361938e-01,-9.882837533950805664e-03,6.102148443460464478e-03,-8.242167532444000244e-02,2.753220498561859131e-02,-7.819188386201858521e-02,-1.806547939777374268e-01,6.461132764816284180e-01,1.449158638715744019e-01,3.677058592438697815e-02,4.676995277404785156e-01,3.545807674527168274e-02,1.415897458791732788e-01,1.000000000000000000e+00,2.002450823783874512e-01,2.112229913473129272e-01,-2.756226435303688049e-02,-2.057309076189994812e-02,1.530218720436096191e-01,8.381794206798076630e-03,-1.752846315503120422e-02,4.939916357398033142e-02,1.184506490826606750e-01,-6.293641030788421631e-02,1.463772356510162354e-01,-4.857852589339017868e-03,-5.456833634525537491e-03,-1.968889497220516205e-02,1.159230060875415802e-02,-9.258244931697845459e-02,-1.545582413673400879e-01,-2.775161154568195343e-02,9.131417423486709595e-02,6.545412540435791016e-02,-1.528355926275253296e-01,-7.570281624794006348e-02,6.469875574111938477e-01,8.490295708179473877e-02,1.499561071395874023e-01,1.288710683584213257e-01,1.006985269486904144e-02,-1.073838919401168823e-01,-7.517504692077636719e-02,7.706097513437271118e-02,-8.806245028972625732e-02,-2.247227169573307037e-02,-9.131606668233871460e-02,4.766729101538658142e-02
-5.945239216089248657e-02,2.208542376756668091e-01,3.555793762207031250e-01,3.058461844921112061e-01,-1.176245510578155518e-01,2.740132510662078857e-01,3.769941329956054688e-01,4.263977408409118652e-01,4.926014840602874756e-01,4.402419328689575195e-01,6.760756969451904297e-01,6.425568461418151855e-01,1.987081915140151978e-01,2.002450823783874512e-01,1.000000000000000000e+00,1.311843097209930420e-01,3.868671059608459473e-01,1.902626603841781616e-01,2.504531061276793480e-03,-1.557212416082620621e-02,3.025025501847267151e-02,-9.615015983581542969e-02,9.328349679708480835e-02,2.326597720384597778e-01,2.266995012760162354e-01,2.495356798171997070e-01,3.333576619625091553e-01,8.468782156705856323e-02,1.255971044301986694e-01,8.352170139551162720e-02,2.513121068477630615e-01,-1.918788254261016846e-01,4.562073945999145508e-01,6.688407063484191895e-01,1.285706311464309692e-01,2.911814749240875244e-01,4.196335375308990479e-01,7.861765027046203613e-01,2.245676368474960327e-01,7.085091620683670044e-02,7.617932558059692383e-02,3.745089769363403320e-01,-2.667573280632495880e-02,3.115508258342742920e-01,2.793864905834197998e-01,2.750817239284515381e-01,1.775847077369689941e-01,-8.783379197120666504e-02
2.843122184276580811e-01,1.564628332853317261e-01,2.106236815452575684e-01,2.115486115217208862e-01,1.915407180786132812e-01,2.668303549289703369e-01,5.470190197229385376e-02,4.193783998489379883e-01,3.040794730186462402e-01,1.841018199920654297e-01,2.267448157072067261e-01,1.114135980606079102e-01,4.808123707771301270e-01,2.112229913473129272e-01,1.311843097209930420e-01,1.000000000000000000e+00,2.138897627592086792e-01,2.016807533800601959e-02,4.025441706180572510e-01,2.275381535291671753e-01,-5.127693992108106613e-03,-3.070352673530578613e-01,8.706931024789810181e-02,5.232467502355575562e-02,4.096933901309967041e-01,1.101283635944128036e-02,3.259765207767486572e-01,4.016011059284210205e-01,3.724165260791778564e-01,1.122016981244087219e-01,-7.479435950517654419e-02,-3.035289049148559570e-01,2.001217901706695557e-01,8.938062936067581177e-02,1.469723582267761230e-01,1.371985077857971191e-01,1.960384547710418701e-01,1.840648949146270752e-01,4.350284636020660400e-01,3.184760734438896179e-02,1.923819482326507568e-01,1.160952225327491760e-01,2.661108672618865967e-01,2.338050156831741333e-01,9.160897135734558105e-02,2.555968165397644043e-01,-6.791903823614120483e-02,-8.668278902769088745e-02
-1.968141943216323853e-01,2.454912364482879639e-01,3.937703669071197510e-01,6.051669120788574219e-01,3.049299120903015137e-03,4.253844916820526123e-01,7.255283594131469727e-01,1.633718907833099365e-01,2.296806275844573975e-01,3.118919134140014648e-01,1.799838393926620483e-01,3.175914883613586426e-01,3.564354479312896729e-01,-2.756226435303688049e-02,3.868671059608459473e-01,2.138897627592086792e-01,1.000000000000000000e+00,5.094237923622131348e-01,2.912590801715850830e-01,3.664026856422424316e-01,2.807470560073852539e-01,1.813831552863121033e-02,1.512425839900970459e-01,2.657253444194793701e-01,1.393141150474548340e-01,4.454482197761535645e-01,2.740034759044647217e-01,1.810806244611740112e-01,2.971277236938476562e-01,3.143438696861267090e-01,5.028814673423767090e-01,-1.542867124080657959e-01,1.530029326677322388e-01,4.219917058944702148e-01,2.816829085350036621e-01,2.968772053718566895e-01,1.939609497785568237e-01,4.557889103889465332e-01,2.782113850116729736e-01,5.565568059682846069e-02,7.004936039447784424e-02,4.317646920680999756e-01,3.580259084701538086e-01,2.359305024147033691e-01,2.114368081092834473e-01,3.492247164249420166e-01,1.794451475143432617e-01,-3.254345804452896118e-02
-2.312480062246322632e-01,-1.382754370570182800e-02,6.501477211713790894e-02,1.989289969205856323e-01,-1.282930523157119751e-01,1.616357117891311646e-01,4.117172360420227051e-01,7.842586189508438110e-02,-5.798628181219100952e-02,-3.672932088375091553e-02,4.685970023274421692e-02,1.140770167112350464e-01,9.648357331752777100e-02,-2.057309076189994812e-02,1.902626603841781616e-01,2.016807533800601959e-02,5.094237923622131348e-01,1.000000000000000000e+00,3.358622640371322632e-02,2.419785112142562866e-01,1.887167096138000488e-01,1.379126161336898804e-01,-6.252571940422058105e-02,7.724475860595703125e-02,-7.498849928379058838e-02,2.552973628044128418e-01,2.023666203022003174e-01,-8.223245292901992798e-02,8.371657878160476685e-02,3.023518919944763184e-01,6.162081956863403320e-01,9.614363312721252441e-02,1.558864414691925049e-01,2.891076803207397461e-01,1.947186440229415894e-01,1.127507686614990234e-01,1.873758137226104736e-01,2.022986114025115967e-01,8.996143937110900879e-02,-2.971524000167846680e-02,-2.342488989233970642e-02,1.244185864925384521e-01,9.076262265443801880e-02,-7.648730278015136719e-02,-1.022543087601661682e-01,-1.364438887685537338e-02,7.520460337400436401e-02,2.736115641891956329e-02
9.731822460889816284e-02,-3.889393061399459839e-02,1.690049767494201660e-01,1.905456036329269409e-01,1.019985228776931763e-01,1.690126955509185791e-01,1.466234773397445679e-01,2.698414027690887451e-01,2.786045894026756287e-02,6.203186884522438049e-02,1.345004048198461533e-02,-7.643896341323852539e-02,1.935508400201797485e-01,1.530218720436096191e-01,2.504531061276793480e-03,4.025441706180572510e-01,2.912590801715850830e-01,3.358622640371322632e-02,1.000000000000000000e+00,4.537676572799682617e-01,3.033126592636108398e-01,-4.222448915243148804e-02,-3.214189410209655762e-02,-1.694099754095077515e-01,2.316132932901382446e-01,1.120485886931419373e-01,1.309627592563629150e-01,2.699715793132781982e-01,1.599381864070892334e-01,-3.108710609376430511e-02,-8.599708229303359985e-02,-2.981330752372741699e-01,-2.337808161973953247e-02,7.715574651956558228e-02,-7.156568765640258789e-02,-1.898142844438552856e-01,1.537077128887176514e-01,6.238308548927307129e-02,2.516471743583679199e-01,-8.482264727354049683e-02,-3.151623159646987915e-02,2.450985601171851158e-03,2.115137875080108643e-01,4.862062260508537292e-02,4.790818691253662109e-02,1.383127868175506592e-01,-1.739161461591720581e-01,-2.999252080917358398e-01
2.581545896828174591e-02,2.356959730386734009e-01,1.785657107830047607e-01,1.936515569686889648e-01,3.203161656856536865e-01,2.389572858810424805e-01,2.600064575672149658e-01,6.517837941646575928e-02,1.840423047542572021e-01,2.692528367042541504e-01,3.011010028421878815e-02,1.533377170562744141e-01,3.499408662319183350e-01,8.381794206798076630e-03,-1.557212416082620621e-02,2.275381535291671753e-01,3.664026856422424316e-01,2.419785112142562866e-01,4.537676572799682617e-01,1.000000000000000000e+00,6.600460410118103027e-01,1.530370712280273438e-01,1.163664162158966064e-01,9.457892179489135742e-02,6.093814596533775330e-02,1.941652595996856689e-02,1.197057589888572693e-01,1.179117783904075623e-01,8.142966032028198242e-02,2.274446785449981689e-01,2.576669156551361084e-01,-4.913505166769027710e-02,8.010565489530563354e-02,2.978816628456115723e-02,1.421376168727874756e-01,1.725218258798122406e-02,1.494403779506683350e-01,1.229781135916709900e-01,3.217571079730987549e-01,1.798767782747745514e-02,4.808820784091949463e-02,1.906471252441406250e-01,3.784129023551940918e-01,3.085961043834686279e-01,2.351608574390411377e-01,3.045373857021331787e-01,5.012406408786773682e-02,1.467819791287183762e-02
1.906108111143112183e-02,1.937451511621475220e-01,1.225604638457298279e-01,7.216596603393554688e-02,3.593722283840179443e-01,1.142441332340240479e-01,1.861160844564437866e-01,-1.437320932745933533e-02,1.162109449505805969e-01,1.048342511057853699e-01,1.821464113891124725e-02,1.037297397851943970e-01,1.796357482671737671e-01,-1.752846315503120422e-02,3.025025501847267151e-02,-5.127693992108106613e-03,2.807470560073852539e-01,1.887167096138000488e-01,3.033126592636108398e-01,6.600460410118103027e-01,1.000000000000000000e+00,2.654736638069152832e-01,3.342401087284088135e-01,6.932904478162527084e-03,-6.267768889665603638e-02,-1.768879964947700500e-02,-2.094889804720878601e-02,7.484772056341171265e-02,-3.133201971650123596e-02,1.594975590705871582e-01,2.428911924362182617e-01,-2.116758003830909729e-02,4.164363816380500793e-02,4.932388290762901306e-02,4.216829687356948853e-02,-1.027140766382217407e-01,1.210900172591209412e-01,9.856841713190078735e-02,3.104488253593444824e-01,3.001185953617095947e-01,1.380644291639328003e-01,7.412829250097274780e-02,1.259785443544387817e-01,2.923327386379241943e-01,5.416170507669448853e-02,3.520085290074348450e-02,-4.507547989487648010e-02,-6.593645364046096802e-02
-1.794133335351943970e-01,-6.197543069720268250e-02,-2.186101526021957397e-01,-1.930739879608154297e-01,-8.598055690526962280e-02,-1.645509004592895508e-01,-1.049762405455112457e-02,-1.881962120532989502e-01,-1.244661882519721985e-01,-1.566528230905532837e-01,-3.187163919210433960e-02,-4.748614877462387085e-02,-9.189935028553009033e-02,4.939916357398033142e-02,-9.615015983581542969e-02,-3.070352673530578613e-01,1.813831552863121033e-02,1.379126161336898804e-01,-4.222448915243148804e-02,1.530370712280273438e-01,2.654736638069152832e-01,1.000000000000000000e+00,2.540850043296813965e-01,4.561049491167068481e-02,-2.726094126701354980e-01,-8.575201034545898438e-02,-2.009653896093368530e-01,-3.994763493537902832e-01,-3.195131123065948486e-01,6.207676231861114502e-02,2.491813600063323975e-01,5.126638412475585938e-01,-1.638954132795333862e-01,-5.050550773739814758e-02,3.138540312647819519e-02,-5.876476317644119263e-02,3.910431265830993652e-02,-5.888859555125236511e-02,2.354776673018932343e-02,1.722868829965591431e-01,-6.465094536542892456e-02,-1.425782442092895508e-01,-1.310543268918991089e-01,-1.098432540893554688e-01,-1.628211885690689087e-01,-2.114907205104827881e-01,1.252760291099548340e-01,4.007023572921752930e-01
2.059960216283798218e-01,3.145889639854431152e-01,9.849333018064498901e-02,9.264021366834640503e-02,3.902443647384643555e-01,1.894040405750274658e-01,4.492953792214393616e-02,1.093170791864395142e-01,2.342510074377059937e-01,1.441403180360794067e-01,1.803506612777709961e-01,1.819765418767929077e-01,3.962474763393402100e-01,1.184506490826606750e-01,9.328349679708480835e-02,8.706931024789810181e-02,1.512425839900970459e-01,-6.252571940422058105e-02,-3.214189410209655762e-02,1.163664162158966064e-01,3.342401087284088135e-01,2.540850043296813965e-01,1.000000000000000000e+00,1.426825672388076782e-01,9.977161139249801636e-02,2.195942960679531097e-02,2.760414220392704010e-02,2.025898694992065430e-01,1.791296303272247314e-01,8.456923067569732666e-02,5.720630288124084473e-02,-9.483722969889640808e-03,1.377645879983901978e-01,1.110905185341835022e-01,3.403097763657569885e-02,1.638943105936050415e-01,5.701429024338722229e-02,1.332251727581024170e-01,2.881209552288055420e-01,6.195331811904907227e-01,3.721224963665008545e-01,1.246278062462806702e-01,1.035034060478210449e-01,2.877597212791442871e-01,7.689499109983444214e-02,5.850483477115631104e-02,4.439206793904304504e-02,6.125711277127265930e-02
1.893980312161147594e-03,3.572765290737152100e-01,1.789091974496841431e-01,2.756086289882659912e-01,1.634554862976074219e-01,3.443700075149536133e-01,1.926568746566772461e-01,3.580863354727625847e-03,2.832194268703460693e-01,3.404430150985717773e-01,1.360119581222534180e-01,3.489795625209808350e-01,2.081940919160842896e-01,-6.293641030788421631e-02,2.326597720384597778e-01,5.232467502355575562e-02,2.657253444194793701e-01,7.724475860595703125e-02,-1.694099754095077515e-01,9.457892179489135742e-02,6.932904478162527084e-03,4.561049491167068481e-02,1.426825672388076782e-01,1.000000000000000000e+00,1.480612065643072128e-02,5.282551795244216919e-02,2.273570299148559570e-01,4.108217731118202209e-02,1.261930316686630249e-01,3.067034780979156494e-01,4.668576717376708984e-01,3.231282532215118408e-01,2.486308813095092773e-01,9.530034661293029785e-02,2.760933935642242432e-01,6.842939853668212891e-01,2.782609686255455017e-02,2.572834193706512451e-01,6.270637735724449158e-03,1.680039763450622559e-01,1.600271165370941162e-01,3.731695115566253662e-01,1.927808076143264771e-01,2.459720522165298462e-01,3.567493557929992676e-01,3.208465576171875000e-01,7.419224381446838379e-01,2.516367137432098389e-01
4.539703428745269775e-01,3.889384120702743530e-02,3.164305984973907471e-01,1.429745852947235107e-01,2.938406765460968018e-01,8.894621580839157104e-02,2.699895994737744331e-03,5.447572469711303711e-01,2.075677216053009033e-01,1.269629448652267456e-01,3.554716110229492188e-01,8.310062438249588013e-02,2.822996079921722412e-01,1.463772356510162354e-01,2.266995012760162354e-01,4.096933901309967041e-01,1.393141150474548340e-01,-7.498849928379058838e-02,2.316132932901382446e-01,6.093814596533775330e-02,-6.267768889665603638e-02,-2.726094126701354980e-01,9.977161139249801636e-02,1.480612065643072128e-02,1.000000000000000000e+00,-2.477565780282020569e-02,5.024688243865966797e-01,5.292124748229980469e-01,3.006778359413146973e-01,-1.453114151954650879e-01,-2.569013833999633789e-01,-2.869699001312255859e-01,4.449135959148406982e-01,2.764087915420532227e-01,-5.362189188599586487e-02,2.703005634248256683e-02,2.073914855718612671e-01,2.783848643302917480e-01,9.947944432497024536e-02,-2.864867448806762695e-02,9.347671270370483398e-02,1.728244312107563019e-02,1.847307235002517700e-01,1.428072303533554077e-01,1.229927241802215576e-01,1.601367443799972534e-01,-5.692961812019348145e-02,-8.566443622112274170e-02
-2.067172974348068237e-01,-8.476720005273818970e-02,2.793494164943695068e-01,4.362270236015319824e-01,-1.352380663156509399e-01,1.454118639230728149e-01,4.693937003612518311e-01,-2.072102203965187073e-02,-3.295710310339927673e-02,4.979610443115234375e-02,2.376119047403335571e-02,1.788562536239624023e-02,1.064016595482826233e-01,-4.857852589339017868e-03,2.495356798171997070e-01,1.101283635944128036e-02,4.454482197761535645e-01,2.552973628044128418e-01,1.120485886931419373e-01,1.941652595996856689e-02,-1.768879964947700500e-02,-8.575201034545898438e-02,2.195942960679531097e-02,5.282551795244216919e-02,-2.477565780282020569e-02,1.000000000000000000e+00,-6.397167593240737915e-02,6.386879086494445801e-02,1.602791845798492432e-01,-8.790286630392074585e-02,2.956219911575317383e-01,-1.048942655324935913e-01,-6.227476149797439575e-02,3.331120610237121582e-01,1.497194021940231323e-01,1.552900373935699463e-01,7.462972402572631836e-02,2.523263096809387207e-01,7.959380745887756348e-02,-4.331300151534378529e-04,-1.330426707863807678e-02,8.216989040374755859e-02,4.249048233032226562e-02,-2.148002386093139648e-02,-1.176196038722991943e-01,7.706244289875030518e-02,3.822676464915275574e-02,-1.138811558485031128e-01
1.900083124637603760e-01,3.294163644313812256e-01,2.118216902017593384e-01,2.458798140287399292e-01,1.521735340356826782e-01,3.631350398063659668e-01,2.231768965721130371e-01,4.267417192459106445e-01,2.922799885272979736e-01,2.553143501281738281e-01,3.158754408359527588e-01,3.293601274490356445e-01,2.110130488872528076e-01,-5.456833634525537491e-03,3.333576619625091553e-01,3.259765207767486572e-01,2.740034759044647217e-01,2.023666203022003174e-01,1.309627592563629150e-01,1.197057589888572693e-01,-2.094889804720878601e-02,-2.009653896093368530e-01,2.760414220392704010e-02,2.273570299148559570e-01,5.024688243865966797e-01,-6.397167593240737915e-02,1.000000000000000000e+00,3.602400124073028564e-01,2.502947449684143066e-01,1.841666102409362793e-01,1.179298013448715210e-01,-1.423687636852264404e-01,6.771242022514343262e-01,3.765504360198974609e-01,1.203765943646430969e-01,2.692106664180755615e-01,2.039717584848403931e-01,3.641096055507659912e-01,1.555467545986175537e-01,-1.799634308554232121e-03,2.298588454723358154e-01,2.875915467739105225e-01,2.145341932773590088e-01,3.214541077613830566e-01,2.433615177869796753e-01,2.335667908191680908e-01,2.028133422136306763e-01,-4.903332516551017761e-02
5.423524379730224609e-01,2.892289757728576660e-01,3.754338622093200684e-01,3.669386208057403564e-01,5.654658675193786621e-01,4.294420182704925537e-01,1.254756301641464233e-01,2.058985829353332520e-01,2.763701975345611572e-01,3.079991638660430908e-01,4.529958963394165039e-02,1.295134723186492920e-01,4.488400816917419434e-01,-1.968889497220516205e-02,8.468782156705856323e-02,4.016011059284210205e-01,1.810806244611740112e-01,-8.223245292901992798e-02,2.699715793132781982e-01,1.179117783904075623e-01,7.484772056341171265e-02,-3.994763493537902832e-01,2.025898694992065430e-01,4.108217731118202209e-02,5.292124748229980469e-01,6.386879086494445801e-02,3.602400124073028564e-01,1.000000000000000000e+00,5.487112402915954590e-01,4.705169424414634705e-02,-1.467653959989547729e-01,-4.678345024585723877e-01,2.329732626676559448e-01,4.502118006348609924e-02,-1.032335460186004639e-01,8.721894025802612305e-02,-6.390342861413955688e-02,7.909328490495681763e-02,1.334305405616760254e-01,7.247299700975418091e-02,3.861048519611358643e-01,3.276244401931762695e-01,3.714894354343414307e-01,2.449943870306015015e-01,2.643506228923797607e-01,3.580662310123443604e-01,-5.693414062261581421e-02,-2.554998397827148438e-01
2.426177114248275757e-01,2.984660267829895020e-01,2.962932884693145752e-01,4.462125599384307861e-01,2.955068945884704590e-01,4.033137261867523193e-01,2.643586397171020508e-01,1.367699503898620605e-01,2.595472633838653564e-01,2.279722690582275391e-01,9.874917566776275635e-02,1.264256089925765991e-01,3.732309341430664062e-01,1.159230060875415802e-02,1.255971044301986694e-01,3.724165260791778564e-01,2.971277236938476562e-01,8.371657878160476685e-02,1.599381864070892334e-01,8.142966032028198242e-02,-3.133201971650123596e-02,-3.195131123065948486e-01,1.791296303272247314e-01,1.261930316686630249e-01,3.006778359413146973e-01,1.602791845798492432e-01,2.502947449684143066e-01,5.487112402915954590e-01,1.000000000000000000e+00,4.493311345577239990e-01,1.315404027700424194e-01,-3.000737726688385010e-01,1.366410851478576660e-01,1.350774616003036499e-01,1.042917072772979736e-01,1.634665876626968384e-01,-3.079565614461898804e-02,1.848424524068832397e-01,3.248493671417236328e-01,7.519258558750152588e-02,3.364689052104949951e-01,3.679762184619903564e-01,3.979102671146392822e-01,2.169202715158462524e-01,1.287494003772735596e-01,3.018859028816223145e-01,-2.060368098318576813e-02,-7.676924020051956177e-02
-2.482152134180068970e-01,3.470869958400726318e-01,1.047469228506088257e-01,2.955018281936645508e-01,3.522865008562803268e-03,3.047640025615692139e-01,3.450078368186950684e-01,-6.539820879697799683e-02,1.620116978883743286e-01,2.052939236164093018e-01,-2.958353236317634583e-02,2.332239001989364624e-01,1.692648977041244507e-01,-9.258244931697845459e-02,8.352170139551162720e-02,1.122016981244087219e-01,3.143438696861267090e-01,3.023518919944763184e-01,-3.108710609376430511e-02,2.274446785449981689e-01,1.594975590705871582e-01,6.207676231861114502e-02,8.456923067569732666e-02,3.067034780979156494e-01,-1.453114151954650879e-01,-8.790286630392074585e-02,1.841666102409362793e-01,4.705169424414634705e-02,4.493311345577239990e-01,1.000000000000000000e+00,5.229134559631347656e-01,2.160450816154479980e-02,4.722432419657707214e-02,6.844411045312881470e-02,3.468024134635925293e-01,2.790466845035552979e-01,-2.954443171620368958e-02,1.779180914163589478e-01,3.281591832637786865e-01,3.768675029277801514e-02,7.608075439929962158e-02,4.418476819992065430e-01,3.974094986915588379e-01,2.152231931686401367e-01,2.321900576353073120e-01,2.605627477169036865e-01,2.057154625654220581e-01,1.826639175415039062e-01
-3.712197840213775635e-01,1.609083861112594604e-01,1.025773733854293823e-01,3.064796030521392822e-01,-1.205836161971092224e-01,2.346680015325546265e-01,5.011476874351501465e-01,-1.300670206546783447e-01,7.712715864181518555e-02,1.489599198102951050e-01,-3.409145167097449303e-03,2.840423285961151123e-01,1.410756111145019531e-01,-1.545582413673400879e-01,2.513121068477630615e-01,-7.479435950517654419e-02,5.028814673423767090e-01,6.162081956863403320e-01,-8.599708229303359985e-02,2.576669156551361084e-01,2.428911924362182617e-01,2.491813600063323975e-01,5.720630288124084473e-02,4.668576717376708984e-01,-2.569013833999633789e-01,2.956219911575317383e-01,1.179298013448715210e-01,-1.467653959989547729e-01,1.315404027700424194e-01,5.229134559631347656e-01,1.000000000000000000e+00,2.596693336963653564e-01,8.922632038593292236e-02,2.592728734016418457e-01,3.574373424053192139e-01,4.180616438388824463e-01,2.311246283352375031e-02,2.987565994262695312e-01,1.620047241449356079e-01,7.132910937070846558e-02,9.797464124858379364e-03,3.100943267345428467e-01,1.781955957412719727e-01,6.820625066757202148e-02,9.218067675828933716e-02,1.466315984725952148e-01,4.058883786201477051e-01,1.915910691022872925e-01
-1.031718775629997253e-01,-6.334967911243438721e-02,-3.165609240531921387e-01,-2.624038755893707275e-01,-8.901180326938629150e-02,-2.097690999507904053e-01,-2.284351736307144165e-01,-1.982859671115875244e-01,-1.681833863258361816e-01,-2.073357403278350830e-01,-8.037665486335754395e-02,-1.143003404140472412e-01,-2.084143012762069702e-01,-2.775161154568195343e-02,-1.918788254261016846e-01,-3.035289049148559570e-01,-1.542867124080657959e-01,9.614363312721252441e-02,-2.981330752372741699e-01,-4.913505166769027710e-02,-2.116758003830909729e-02,5.126638412475585938e-01,-9.483722969889640808e-03,3.231282532215118408e-01,-2.869699001312255859e-01,-1.048942655324935913e-01,-1.423687636852264404e-01,-4.678345024585723877e-01,-3.000737726688385010e-01,2.160450816154479980e-02,2.596693336963653564e-01,1.000000000000000000e+00,-1.029406189918518066e-01,-2.046398967504501343e-01,9.770680963993072510e-02,1.598842144012451172e-01,-1.709100604057312012e-02,-2.069085985422134399e-01,-2.084418386220932007e-01,9.442925453186035156e-02,2.430797554552555084e-02,-2.375556677579879761e-01,-2.179694771766662598e-01,-1.558106690645217896e-01,-1.569869965314865112e-01,-2.894514501094818115e-01,3.905906677246093750e-01,4.775406420230865479e-01
2.835570871829986572e-01,3.851711750030517578e-01,1.499103307723999023e-01,1.068230420351028442e-01,2.024464309215545654e-01,2.410177886486053467e-01,1.439212858676910400e-01,4.692670106887817383e-01,3.718032240867614746e-01,2.984038889408111572e-01,4.855796098709106445e-01,4.174152016639709473e-01,2.088312357664108276e-01,9.131417423486709595e-02,4.562073945999145508e-01,2.001217901706695557e-01,1.530029326677322388e-01,1.558864414691925049e-01,-2.337808161973953247e-02,8.010565489530563354e-02,4.164363816380500793e-02,-1.638954132795333862e-01,1.377645879983901978e-01,2.486308813095092773e-01,4.449135959148406982e-01,-6.227476149797439575e-02,6.771242022514343262e-01,2.329732626676559448e-01,1.366410851478576660e-01,4.722432419657707214e-02,8.922632038593292236e-02,-1.029406189918518066e-01,1.000000000000000000e+00,4.280248284339904785e-01,5.278250202536582947e-02,2.762964665889739990e-01,3.354288041591644287e-01,4.648211300373077393e-01,1.682059317827224731e-01,7.347545772790908813e-02,2.723753154277801514e-01,2.445158958435058594e-01,5.689886212348937988e-02,4.002202153205871582e-01,2.409610748291015625e-01,1.810431629419326782e-01,1.980068534612655640e-01,-5.751765519380569458e-02
