1.000000000000000000e+00,2.957445755600929260e-02,3.181972205638885498e-01,3.547668159008026123e-01,2.410530149936676025e-01,3.300418853759765625e-01,1.214276328682899475e-01,-2.017762698233127594e-02,-2.231881953775882721e-02,-4.707105085253715515e-02,-1.983346939086914062e-01,-1.989474147558212280e-02,1.128125712275505066e-01,-1.475482285022735596e-01,-7.178743928670883179e-02,2.788782119750976562e-01,2.772070653736591339e-02,5.124305561184883118e-02,1.808355748653411865e-01,5.667683482170104980e-02,3.709430992603302002e-02,-5.695839971303939819e-02,-1.070322245359420776e-01,9.271702915430068970e-02,1.725493371486663818e-01,-9.723505377769470215e-02,2.984784543514251709e-01,2.488795965909957886e-01,2.123595327138900757e-01,-3.895684331655502319e-02,1.498937234282493591e-02,-3.322091698646545410e-02,3.634689450263977051e-01,3.874470666050910950e-02,2.036485671997070312e-01,1.134156659245491028e-01,-3.555843606591224670e-02,6.909967213869094849e-02,1.592814028263092041e-01,-4.771067574620246887e-02,2.690895497798919678e-01,-8.586114272475242615e-03,1.337985694408416748e-01,-1.054480075836181641e-01,-7.485695183277130127e-02,-6.208211183547973633e-03,7.513937354087829590e-02,-1.074813771992921829e-03
2.957445755600929260e-02,1.000000000000000000e+00,3.479295410215854645e-03,4.916623979806900024e-02,1.274810135364532471e-01,3.482574522495269775e-01,3.277854621410369873e-01,9.589881449937820435e-02,3.714112937450408936e-01,4.963222444057464600e-01,1.457733213901519775e-01,4.522073864936828613e-01,1.296220570802688599e-01,2.346854843199253082e-02,4.237901568412780762e-01,7.237845659255981445e-02,2.025232464075088501e-01,2.797252833843231201e-01,1.085630133748054504e-01,8.876369148492813110e-02,2.189190089702606201e-01,2.437973208725452423e-02,-7.901887409389019012e-03,1.919988095760345459e-01,-2.205183357000350952e-01,2.188607454299926758e-01,2.289273142814636230e-01,4.577603191137313843e-02,2.466008812189102173e-02,1.055849120020866394e-01,2.745331823825836182e-01,4.518930613994598389e-02,2.074187099933624268e-01,2.452799230813980103e-01,5.405825749039649963e-02,1.812566816806793213e-01,9.132814407348632812e-02,3.416733443737030029e-01,1.911884993314743042e-01,2.600613534450531006e-01,5.930273532867431641e-01,5.672979354858398438e-01,-3.942137211561203003e-02,5.906874537467956543e-01,4.446073174476623535e-01,4.208104014396667480e-01,1.786432564258575439e-01,1.280035823583602905e-01
3.181972205638885498e-01,3.479295410215854645e-03,1.000000000000000000e+00,6.832166314125061035e-01,2.501148581504821777e-01,1.601039320230484009e-01,4.610246121883392334e-01,-4.081489145755767822e-01,5.418510362505912781e-02,-1.834353548474609852e-03,-2.330922782421112061e-01,-1.143471971154212952e-01,1.529232710599899292e-01,-2.723902165889739990e-01,-1.229433938860893250e-01,-9.474504739046096802e-02,2.771720588207244873e-01,-1.841968595981597900e-01,3.103124499320983887e-01,2.458483874797821045e-01,1.423053741455078125e-01,1.440304666757583618e-01,2.956168539822101593e-02,7.426343113183975220e-02,1.507159024477005005e-01,5.907686054706573486e-02,-3.992113098502159119e-02,5.989055037498474121e-01,2.663336396217346191e-01,1.113534942269325256e-01,2.669348008930683136e-02,5.400245077908039093e-03,-2.328661829233169556e-01,-1.061431169509887695e-01,3.860358893871307373e-02,-4.810567572712898254e-02,-3.660563230514526367e-01,1.761479079723358154e-01,1.365257613360881805e-02,1.033379808068275452e-01,-5.788109079003334045e-02,2.441066876053810120e-02,3.166161179542541504e-01,-6.710490584373474121e-02,2.530301362276077271e-02,1.212966069579124451e-01,4.786254465579986572e-02,1.327949315309524536e-01
3.547668159008026123e-01,4.916623979806900024e-02,6.832166314125061035e-01,1.000000000000000000e+00,3.793252408504486084e-01,2.881811559200286865e-01,4.611660540103912354e-01,-2.615902125835418701e-01,-6.386902648955583572e-03,-4.108562320470809937e-02,-2.463958263397216797e-01,-6.810229271650314331e-02,2.249106317758560181e-01,-1.988057494163513184e-01,-7.340522855520248413e-02,1.144721135497093201e-01,2.748111188411712646e-01,-3.841867670416831970e-02,3.763884902000427246e-01,3.268985152244567871e-01,2.404218763113021851e-01,2.215955555438995361e-01,1.879443530924618244e-03,4.983727261424064636e-02,2.617995142936706543e-01,-6.823881063610315323e-03,1.754901111125946045e-01,5.792451500892639160e-01,2.658326327800750732e-01,1.023827046155929565e-01,1.238108128309249878e-01,3.954986855387687683e-02,-6.342857331037521362e-02,-2.017464339733123779e-01,1.244078651070594788e-01,-3.234885260462760925e-02,-2.645168006420135498e-01,1.435447037220001221e-01,1.511797308921813965e-01,3.822529688477516174e-02,3.754208609461784363e-02,3.565764753147959709e-03,3.866598010063171387e-01,-6.406982988119125366e-02,-1.596832834184169769e-02,9.918447583913803101e-02,7.376815378665924072e-02,1.465370357036590576e-01
2.410530149936676025e-01,1.274810135364532471e-01,2.501148581504821777e-01,3.793252408504486084e-01,1.000000000000000000e+00,4.333569407463073730e-01,1.867593079805374146e-01,6.579944491386413574e-02,3.499903902411460876e-02,-2.726348349824547768e-03,-1.269593648612499237e-02,-5.867910385131835938e-02,4.250590801239013672e-01,1.416763067245483398e-01,3.497546166181564331e-02,1.330925226211547852e-01,1.207004860043525696e-01,1.227435618638992310e-01,1.019793748855590820e-01,1.991606950759887695e-01,9.339115023612976074e-02,2.975564897060394287e-01,-1.049614325165748596e-01,-7.418279349803924561e-02,4.366125464439392090e-01,1.314469128847122192e-01,5.540439859032630920e-02,2.703534960746765137e-01,9.215608239173889160e-02,-9.750439971685409546e-02,-2.015826478600502014e-02,1.211612522602081299e-01,5.606372281908988953e-02,-9.375555813312530518e-02,4.588027298450469971e-02,-2.161165475845336914e-01,-1.642055213451385498e-01,7.771466672420501709e-02,-1.513230055570602417e-01,-3.208231031894683838e-01,2.027094066143035889e-01,9.352435171604156494e-02,5.283908247947692871e-01,-8.126243948936462402e-02,4.350145906209945679e-02,1.161135062575340271e-01,2.725056931376457214e-02,1.348837465047836304e-01
3.300418853759765625e-01,3.482574522495269775e-01,1.601039320230484009e-01,2.881811559200286865e-01,4.333569407463073730e-01,1.000000000000000000e+00,2.498833835124969482e-01,-1.731498092412948608e-01,7.780043780803680420e-02,3.064683675765991211e-01,-1.920556128025054932e-01,3.492668867111206055e-01,1.716882735490798950e-01,-1.893884539604187012e-01,3.085549175739288330e-01,4.585130512714385986e-01,-5.945920571684837341e-02,1.304820924997329712e-01,-3.796683624386787415e-03,1.116557698696851730e-02,2.162027657032012939e-01,9.346108883619308472e-02,-3.440201580524444580e-01,2.943273819983005524e-02,-2.301539108157157898e-02,1.559034138917922974e-01,3.368445336818695068e-01,1.113278940320014954e-01,2.034262269735336304e-01,1.172048151493072510e-01,5.830095335841178894e-02,3.310718759894371033e-02,2.520281672477722168e-01,5.965737625956535339e-02,1.355286836624145508e-01,-6.430388987064361572e-02,-2.167983800172805786e-01,2.442765980958938599e-01,2.404240369796752930e-01,-1.675527244806289673e-01,4.997070133686065674e-01,2.828325629234313965e-01,1.569332629442214966e-01,2.995352149009704590e-01,2.005762904882431030e-01,1.687621772289276123e-01,1.676998883485794067e-01,6.356639415025711060e-02
1.214276328682899475e-01,3.277854621410369873e-01,4.610246121883392334e-01,4.611660540103912354e-01,1.867593079805374146e-01,2.498833835124969482e-01,1.000000000000000000e+00,-2.511248290538787842e-01,2.809232473373413086e-01,3.791033327579498291e-01,-6.940514780580997467e-03,2.658731937408447266e-01,1.539094001054763794e-01,-2.609073221683502197e-01,2.521194815635681152e-01,-8.188540488481521606e-02,5.521955490112304688e-01,2.118027806282043457e-01,2.594905495643615723e-01,2.935534119606018066e-01,3.631383180618286133e-01,3.480911254882812500e-01,7.914243638515472412e-02,1.961502879858016968e-01,1.062847953289747238e-02,2.226729691028594971e-01,1.744244620203971863e-02,3.351837098598480225e-01,3.230848014354705811e-01,2.153236865997314453e-01,2.643426358699798584e-01,7.338717579841613770e-02,-3.405660390853881836e-02,1.877371519804000854e-01,1.933203637599945068e-01,8.183342218399047852e-02,-2.464752942323684692e-01,4.470799565315246582e-01,1.075880452990531921e-01,1.657787114381790161e-01,1.221430376172065735e-01,4.608508944511413574e-01,2.393954396247863770e-01,2.341074049472808838e-01,3.695923089981079102e-01,4.382187128067016602e-01,1.779183149337768555e-01,2.019782811403274536e-01
-2.017762698233127594e-02,9.589881449937820435e-02,-4.081489145755767822e-01,-2.615902125835418701e-01,6.579944491386413574e-02,-1.731498092412948608e-01,-2.511248290538787842e-01,1.000000000000000000e+00,3.316061571240425110e-02,-9.737501293420791626e-02,3.381924331188201904e-01,-4.451160493772476912e-04,1.558034718036651611e-01,6.191576719284057617e-01,1.861478835344314575e-01,1.889562010765075684e-01,1.581408083438873291e-01,2.292663902044296265e-01,2.525658607482910156e-01,2.418888062238693237e-01,1.449952125549316406e-01,5.090295895934104919e-02,3.167367875576019287e-01,-1.127404123544692993e-01,2.616540193557739258e-01,-6.101499125361442566e-02,2.345600277185440063e-01,-1.673122495412826538e-01,-1.809899359941482544e-01,-2.552275657653808594e-01,7.377465069293975830e-02,8.643081039190292358e-02,4.061714708805084229e-01,4.759470745921134949e-02,-6.237415224313735962e-02,-1.078002005815505981e-01,7.212646603584289551e-01,-2.744514681398868561e-02,-4.762681573629379272e-02,-2.992092631757259369e-02,7.693644613027572632e-02,-1.213520765304565430e-01,4.038393124938011169e-02,2.813704870641231537e-02,-1.740119159221649170e-01,-5.228404700756072998e-02,-7.312773913145065308e-02,-1.195782124996185303e-01
-2.231881953775882721e-02,3.714112937450408936e-01,5.418510362505912781e-02,-6.386902648955583572e-03,3.499903902411460876e-02,7.780043780803680420e-02,2.809232473373413086e-01,3.316061571240425110e-02,1.000000000000000000e+00,4.457846283912658691e-01,5.302416086196899414e-01,5.269681811332702637e-01,-8.445014804601669312e-02,3.047792427241802216e-02,3.872843086719512939e-01,-1.651576906442642212e-01,2.732170522212982178e-01,1.758213043212890625e-01,6.774071371182799339e-04,-2.409669756889343262e-02,6.069508567452430725e-02,7.877396047115325928e-02,4.436964914202690125e-02,1.936992108821868896e-01,-4.757810011506080627e-02,1.437702924013137817e-01,-2.744481898844242096e-02,7.690650224685668945e-02,2.153577655553817749e-02,1.230119466781616211e-01,1.555195897817611694e-01,-8.348011970520019531e-02,9.980352967977523804e-02,2.080097943544387817e-01,1.617553830146789551e-01,1.362238973379135132e-01,-9.469603002071380615e-02,3.867613375186920166e-01,-2.292811498045921326e-02,1.945767849683761597e-01,1.390687674283981323e-01,3.252590000629425049e-01,6.986624747514724731e-02,4.694012999534606934e-01,2.360449433326721191e-01,2.976634800434112549e-01,1.625321507453918457e-01,2.036326229572296143e-01
-4.707105085253715515e-02,4.963222444057464600e-01,-1.834353548474609852e-03,-4.108562320470809937e-02,-2.726348349824547768e-03,3.064683675765991211e-01,3.791033327579498291e-01,-9.737501293420791626e-02,4.457846283912658691e-01,1.000000000000000000e+00,1.946512907743453979e-01,6.456550359725952148e-01,1.131292618811130524e-02,-1.282717883586883545e-01,6.166771650314331055e-01,9.742275811731815338e-03,2.471799403429031372e-01,3.019008636474609375e-01,2.396550402045249939e-02,2.379989251494407654e-02,2.112437486648559570e-01,5.322949215769767761e-02,-8.868376910686492920e-02,2.097743004560470581e-01,-2.683910727500915527e-01,2.008161097764968872e-01,1.066481843590736389e-01,-4.457659274339675903e-02,7.601163536310195923e-02,9.857445210218429565e-02,1.819576323032379150e-01,-1.446945406496524811e-02,1.512644588947296143e-01,2.469415515661239624e-01,1.159272491931915283e-01,2.845081090927124023e-01,-6.431466341018676758e-02,4.754400849342346191e-01,1.335262656211853027e-01,2.098918855190277100e-01,2.985819578170776367e-01,6.026703715324401855e-01,-7.149588316679000854e-02,5.132459402084350586e-01,4.471234977245330811e-01,6.523234248161315918e-01,1.843049377202987671e-01,1.554030179977416992e-01
-1.983346939086914062e-01,1.457733213901519775e-01,-2.330922782421112061e-01,-2.463958263397216797e-01,-1.269593648612499237e-02,-1.920556128025054932e-01,-6.940514780580997467e-03,3.381924331188201904e-01,5.302416086196899414e-01,1.946512907743453979e-01,1.000000000000000000e+00,3.274116218090057373e-01,-8.154873549938201904e-02,2.977747917175292969e-01,3.503213226795196533e-01,-2.256471365690231323e-01,9.529399871826171875e-02,1.849855631589889526e-01,-1.130226776003837585e-01,-6.292437016963958740e-02,-1.207053959369659424e-01,-2.702461183071136475e-02,1.288467496633529663e-01,4.611767828464508057e-03,9.610027074813842773e-02,2.478188835084438324e-02,-4.456400126218795776e-02,-1.672783941030502319e-01,-1.763261258602142334e-01,-4.198922589421272278e-02,-2.662239363417029381e-03,-1.164277866482734680e-01,1.730886101722717285e-01,1.642577350139617920e-01,-2.329203067347407341e-03,-2.371663786470890045e-02,1.386623382568359375e-01,2.535150647163391113e-01,-2.239464521408081055e-01,-6.372481584548950195e-02,8.189206011593341827e-03,1.382126361131668091e-01,-3.274295479059219360e-02,1.934792548418045044e-01,9.866424649953842163e-02,1.230730190873146057e-01,-8.892329037189483643e-02,5.078865215182304382e-02
-1.989474147558212280e-02,4.522073864936828613e-01,-1.143471971154212952e-01,-6.810229271650314331e-02,-5.867910385131835938e-02,3.492668867111206055e-01,2.658731937408447266e-01,-4.451160493772476912e-04,5.269681811332702637e-01,6.456550359725952148e-01,3.274116218090057373e-01,1.000000000000000000e+00,-1.565207690000534058e-01,-4.964837804436683655e-02,6.849628686904907227e-01,1.731082201004028320e-01,9.942960739135742188e-02,3.268770575523376465e-01,-9.469485282897949219e-02,-6.735233962535858154e-02,2.293661087751388550e-01,-6.357559561729431152e-02,-1.472880095243453979e-01,1.222827807068824768e-01,-2.934162616729736328e-01,1.926764696836471558e-01,2.248343378305435181e-01,-1.069549396634101868e-01,-4.210971295833587646e-02,9.057225286960601807e-02,9.500037878751754761e-02,-5.882985517382621765e-02,2.817807793617248535e-01,3.177835643291473389e-01,2.312150448560714722e-01,1.639538258314132690e-01,-3.338177874684333801e-02,4.327835440635681152e-01,3.064994812011718750e-01,1.840105801820755005e-01,3.428828418254852295e-01,5.221386551856994629e-01,-2.075421214103698730e-01,5.799998044967651367e-01,3.233883678913116455e-01,3.609837889671325684e-01,1.294104605913162231e-01,4.620737209916114807e-02
1.128125712275505066e-01,1.296220570802688599e-01,1.529232710599899292e-01,2.249106317758560181e-01,4.250590801239013672e-01,1.716882735490798950e-01,1.539094001054763794e-01,1.558034718036651611e-01,-8.445014804601669312e-02,1.131292618811130524e-02,-8.154873549938201904e-02,-1.565207690000534058e-01,1.000000000000000000e+00,1.003917902708053589e-01,-1.798642799258232117e-02,3.497689366340637207e-01,2.108549177646636963e-01,-2.021365612745285034e-02,3.341562151908874512e-01,4.248476028442382812e-01,3.281700015068054199e-01,2.573882937431335449e-01,3.473013341426849365e-01,-2.220807597041130066e-02,3.279787302017211914e-01,7.971887290477752686e-02,1.073493435978889465e-01,2.160404920578002930e-01,1.381961405277252197e-01,-1.401480846107006073e-02,-3.028939850628376007e-02,2.451882325112819672e-02,9.195120632648468018e-02,-1.073478385806083679e-01,-1.272975355386734009e-01,1.067971438169479370e-02,1.060223877429962158e-01,3.376970440149307251e-02,-5.467569828033447266e-02,2.123972028493881226e-02,4.066293686628341675e-02,2.348692389205098152e-03,4.029105603694915771e-01,-5.409250408411026001e-02,1.364337652921676636e-01,2.237908691167831421e-01,-9.984196722507476807e-02,-3.494552895426750183e-02
-1.475482285022735596e-01,2.346854843199253082e-02,-2.723902165889739990e-01,-1.988057494163513184e-01,1.416763067245483398e-01,-1.893884539604187012e-01,-2.609073221683502197e-01,6.191576719284057617e-01,3.047792427241802216e-02,-1.282717883586883545e-01,2.977747917175292969e-01,-4.964837804436683655e-02,1.003917902708053589e-01,1.000000000000000000e+00,9.136324375867843628e-02,7.059124112129211426e-02,1.217223703861236572e-02,1.290476620197296143e-01,8.758181333541870117e-02,1.385907828807830811e-01,6.428451742976903915e-03,-1.618892885744571686e-02,1.261015981435775757e-01,-1.339345872402191162e-01,1.887941062450408936e-01,-9.021467715501785278e-02,7.486163824796676636e-02,-1.339253336191177368e-01,-3.069671392440795898e-01,-2.245922237634658813e-01,9.206398390233516693e-03,1.926821656525135040e-02,1.338171064853668213e-01,-1.280251443386077881e-01,-1.211457103490829468e-01,-1.404757946729660034e-01,4.901240170001983643e-01,-1.561523675918579102e-01,-1.513682007789611816e-01,-1.273934990167617798e-01,1.945841684937477112e-02,-1.867004036903381348e-01,5.266964063048362732e-02,-1.318082585930824280e-02,-1.919880658388137817e-01,-1.055635958909988403e-01,-4.423911496996879578e-02,-6.793137639760971069e-02
-7.178743928670883179e-02,4.237901568412780762e-01,-1.229433938860893250e-01,-7.340522855520248413e-02,3.497546166181564331e-02,3.085549175739288330e-01,2.521194815635681152e-01,1.861478835344314575e-01,3.872843086719512939e-01,6.166771650314331055e-01,3.503213226795196533e-01,6.849628686904907227e-01,-1.798642799258232117e-02,9.136324375867843628e-02,1.000000000000000000e+00,1.836348921060562134e-01,1.218121796846389771e-01,3.560034930706024170e-01,-2.745915949344635010e-02,2.397853508591651917e-02,2.476578354835510254e-01,-3.170687705278396606e-02,-5.268720164895057678e-02,1.308348029851913452e-01,-1.893616765737533569e-01,2.588394284248352051e-01,1.835094988346099854e-01,-1.307962387800216675e-01,-4.882176592946052551e-02,-5.179809033870697021e-02,6.815457344055175781e-02,-3.770088031888008118e-02,3.115160465240478516e-01,2.940629720687866211e-01,6.416964530944824219e-02,1.387018710374832153e-01,1.572753936052322388e-01,5.297793149948120117e-01,1.977512240409851074e-01,1.276726126670837402e-01,3.570684194564819336e-01,4.491856992244720459e-01,-1.702015995979309082e-01,4.948066174983978271e-01,2.939185798168182373e-01,3.829056918621063232e-01,7.982279360294342041e-02,4.715945944190025330e-02
2.788782119750976562e-01,7.237845659255981445e-02,-9.474504739046096802e-02,1.144721135497093201e-01,1.330925226211547852e-01,4.585130512714385986e-01,-8.188540488481521606e-02,1.889562010765075684e-01,-1.651576906442642212e-01,9.742275811731815338e-03,-2.256471365690231323e-01,1.731082201004028320e-01,3.497689366340637207e-01,7.059124112129211426e-02,1.836348921060562134e-01,1.000000000000000000e+00,-1.266665011644363403e-01,7.310584187507629395e-02,1.516223996877670288e-01,1.536046564579010010e-01,3.038879334926605225e-01,3.300325246527791023e-03,5.719513818621635437e-02,5.762510746717453003e-02,4.048788174986839294e-02,5.305910855531692505e-02,5.313737392425537109e-01,-1.370220351964235306e-02,4.153058677911758423e-02,-1.172333257272839546e-03,3.629484027624130249e-02,6.083454564213752747e-02,4.696982800960540771e-01,-3.306445106863975525e-02,9.134050458669662476e-02,4.562937840819358826e-02,2.191324383020401001e-01,-2.357783541083335876e-02,4.019174873828887939e-01,1.496789790689945221e-02,2.375597357749938965e-01,1.487178169190883636e-02,-1.295606046915054321e-02,1.505032181739807129e-01,-3.526839241385459900e-02,-8.693973533809185028e-03,1.105722561478614807e-01,-4.879381135106086731e-02
2.772070653736591339e-02,2.025232464075088501e-01,2.771720588207244873e-01,2.748111188411712646e-01,1.207004860043525696e-01,-5.945920571684837341e-02,5.521955490112304688e-01,1.581408083438873291e-01,2.732170522212982178e-01,2.471799403429031372e-01,9.529399871826171875e-02,9.942960739135742188e-02,2.108549177646636963e-01,1.217223703861236572e-02,1.218121796846389771e-01,-1.266665011644363403e-01,1.000000000000000000e+00,3.230471312999725342e-01,5.603583455085754395e-01,4.770961403846740723e-01,4.261116087436676025e-01,4.606859385967254639e-01,3.744272589683532715e-01,1.827411204576492310e-01,2.263162732124328613e-01,1.329760551452636719e-01,7.515809684991836548e-02,3.609313070774078369e-01,3.528202176094055176e-01,1.337352991104125977e-01,4.146851897239685059e-01,1.797397881746292114e-01,9.258247911930084229e-02,1.561647951602935791e-01,2.175245732069015503e-01,1.189851909875869751e-01,1.247610226273536682e-01,4.102363884449005127e-01,4.524870216846466064e-02,2.715246379375457764e-01,-4.973638057708740234e-02,2.542116641998291016e-01,3.932948708534240723e-01,1.704169958829879761e-01,1.355378329753875732e-01,4.030909538269042969e-01,2.303932160139083862e-01,1.228973716497421265e-01
5.124305561184883118e-02,2.797252833843231201e-01,-1.841968595981597900e-01,-3.841867670416831970e-02,1.227435618638992310e-01,1.304820924997329712e-01,2.118027806282043457e-01,2.292663902044296265e-01,1.758213043212890625e-01,3.019008636474609375e-01,1.849855631589889526e-01,3.268770575523376465e-01,-2.021365612745285034e-02,1.290476620197296143e-01,3.560034930706024170e-01,7.310584187507629395e-02,3.230471312999725342e-01,1.000000000000000000e+00,5.241082608699798584e-02,8.386620134115219116e-02,1.350156515836715698e-01,1.757021099328994751e-01,-6.412734091281890869e-02,2.586511373519897461e-01,7.912116125226020813e-03,2.296847254037857056e-01,3.190811574459075928e-01,-1.115380302071571350e-01,8.247303217649459839e-02,-7.382829207926988602e-03,3.858475089073181152e-01,1.763430982828140259e-01,3.378743529319763184e-01,2.885260581970214844e-01,2.298194915056228638e-01,1.999293714761734009e-01,1.735850572586059570e-01,2.637541592121124268e-01,9.922571480274200439e-02,5.886784568428993225e-02,2.633847594261169434e-01,3.141793906688690186e-01,7.619679719209671021e-02,2.163688987493515015e-01,1.952068209648132324e-01,2.884519994258880615e-01,3.139612376689910889e-01,1.842359751462936401e-01
1.808355748653411865e-01,1.085630133748054504e-01,3.103124499320983887e-01,3.763884902000427246e-01,1.019793748855590820e-01,-3.796683624386787415e-03,2.594905495643615723e-01,2.525658607482910156e-01,6.774071371182799339e-04,2.396550402045249939e-02,-1.130226776003837585e-01,-9.469485282897949219e-02,3.341562151908874512e-01,8.758181333541870117e-02,-2.745915949344635010e-02,1.516223996877670288e-01,5.603583455085754395e-01,5.241082608699798584e-02,1.000000000000000000e+00,7.560830116271972656e-01,5.854180455207824707e-01,2.382304221391677856e-01,4.176163673400878906e-01,-3.063509613275527954e-02,1.867129653692245483e-01,-2.493341825902462006e-02,1.736418902873992920e-01,3.401767313480377197e-01,2.368664443492889404e-01,-8.979763835668563843e-02,1.513699144124984741e-01,6.635081022977828979e-02,7.810585945844650269e-02,-1.567119359970092773e-01,8.211061358451843262e-03,-6.273907423019409180e-02,3.672062158584594727e-01,1.734419316053390503e-01,2.029275298118591309e-01,3.307399451732635498e-01,-5.071898456662893295e-03,-4.774037376046180725e-02,3.533343672752380371e-01,9.962731599807739258e-02,-8.208727091550827026e-02,2.264786213636398315e-01,2.610645256936550140e-02,-6.051130592823028564e-02
5.667683482170104980e-02,8.876369148492813110e-02,2.458483874797821045e-01,3.268985152244567871e-01,1.991606950759887695e-01,1.116557698696851730e-02,2.935534119606018066e-01,2.418888062238693237e-01,-2.409669756889343262e-02,2.379989251494407654e-02,-6.292437016963958740e-02,-6.735233962535858154e-02,4.248476028442382812e-01,1.385907828807830811e-01,2.397853508591651917e-02,1.536046564579010010e-01,4.770961403846740723e-01,8.386620134115219116e-02,7.560830116271972656e-01,1.000000000000000000e+00,6.863664388656616211e-01,2.321368008852005005e-01,4.161869883537292480e-01,-5.524810776114463806e-02,2.474314719438552856e-01,-1.001013442873954773e-02,7.165266573429107666e-02,2.494776844978332520e-01,2.393630594015121460e-01,-5.491422861814498901e-02,8.370687067508697510e-02,-1.587188057601451874e-02,3.526624664664268494e-02,-1.590422242879867554e-01,9.880478493869304657e-03,-1.967232078313827515e-01,3.624390661716461182e-01,1.558338850736618042e-01,1.688940376043319702e-01,2.367389500141143799e-01,-7.058371603488922119e-02,-4.109460860490798950e-03,3.848139643669128418e-01,5.788981541991233826e-02,-2.893444336950778961e-02,2.750561833381652832e-01,-3.439604490995407104e-02,-1.824311912059783936e-01
3.709430992603302002e-02,2.189190089702606201e-01,1.423053741455078125e-01,2.404218763113021851e-01,9.339115023612976074e-02,2.162027657032012939e-01,3.631383180618286133e-01,1.449952125549316406e-01,6.069508567452430725e-02,2.112437486648559570e-01,-1.207053959369659424e-01,2.293661087751388550e-01,3.281700015068054199e-01,6.428451742976903915e-03,2.476578354835510254e-01,3.038879334926605225e-01,4.261116087436676025e-01,1.350156515836715698e-01,5.854180455207824707e-01,6.863664388656616211e-01,1.000000000000000000e+00,2.179217934608459473e-01,3.883669376373291016e-01,6.941715721040964127e-03,-1.844419911503791809e-02,9.225363284349441528e-02,1.354437470436096191e-01,7.699677348136901855e-02,1.764316558837890625e-01,1.212177611887454987e-02,1.075755879282951355e-01,-4.476927593350410461e-02,1.553824394941329956e-01,1.143510267138481140e-01,6.394352763891220093e-02,-2.104636095464229584e-02,2.827253937721252441e-01,2.522867023944854736e-01,3.965938687324523926e-01,3.581736087799072266e-01,1.194146573543548584e-01,1.579997390508651733e-01,1.325790882110595703e-01,2.888006269931793213e-01,7.125401496887207031e-02,2.606635391712188721e-01,4.427691549062728882e-02,-2.597143948078155518e-01
-5.695839971303939819e-02,2.437973208725452423e-02,1.440304666757583618e-01,2.215955555438995361e-01,2.975564897060394287e-01,9.346108883619308472e-02,3.480911254882812500e-01,5.090295895934104919e-02,7.877396047115325928e-02,5.322949215769767761e-02,-2.702461183071136475e-02,-6.357559561729431152e-02,2.573882937431335449e-01,-1.618892885744571686e-02,-3.170687705278396606e-02,3.300325246527791023e-03,4.606859385967254639e-01,1.757021099328994751e-01,2.382304221391677856e-01,2.321368008852005005e-01,2.179217934608459473e-01,1.000000000000000000e+00,2.402976602315902710e-01,1.473953574895858765e-01,3.538739979267120361e-01,1.473019123077392578e-01,5.528432130813598633e-02,2.373600602149963379e-01,3.440567553043365479e-01,1.263971775770187378e-01,3.335140943527221680e-01,3.189285397529602051e-01,8.111259900033473969e-03,5.134970322251319885e-02,2.203627079725265503e-01,4.864211007952690125e-02,-9.470637142658233643e-02,2.629553973674774170e-01,-3.901099786162376404e-02,8.951684832572937012e-02,-1.017726436257362366e-01,1.534614562988281250e-01,4.650236964225769043e-01,1.053528673946857452e-02,8.595555275678634644e-02,2.100542038679122925e-01,2.257363200187683105e-01,4.317061901092529297e-01
-1.070322245359420776e-01,-7.901887409389019012e-03,2.956168539822101593e-02,1.879443530924618244e-03,-1.049614325165748596e-01,-3.440201580524444580e-01,7.914243638515472412e-02,3.167367875576019287e-01,4.436964914202690125e-02,-8.868376910686492920e-02,1.288467496633529663e-01,-1.472880095243453979e-01,3.473013341426849365e-01,1.261015981435775757e-01,-5.268720164895057678e-02,5.719513818621635437e-02,3.744272589683532715e-01,-6.412734091281890869e-02,4.176163673400878906e-01,4.161869883537292480e-01,3.883669376373291016e-01,2.402976602315902710e-01,1.000000000000000000e+00,1.386653482913970947e-01,1.788719743490219116e-01,1.949193142354488373e-02,-7.180950604379177094e-03,1.541364639997482300e-01,1.943424642086029053e-01,4.663421213626861572e-02,1.794763803482055664e-01,1.270905435085296631e-01,7.859437912702560425e-02,1.186921074986457825e-01,-9.333411604166030884e-02,1.179934963583946228e-01,3.010835051536560059e-01,5.849920958280563354e-02,4.161373525857925415e-02,4.248059093952178955e-01,-1.882049143314361572e-01,-3.488173335790634155e-02,1.232585534453392029e-01,-2.904427470639348030e-03,3.748443443328142166e-03,9.780383110046386719e-02,1.246009394526481628e-02,-5.085775256156921387e-02
9.271702915430068970e-02,1.919988095760345459e-01,7.426343113183975220e-02,4.983727261424064636e-02,-7.418279349803924561e-02,2.943273819983005524e-02,1.961502879858016968e-01,-1.127404123544692993e-01,1.936992108821868896e-01,2.097743004560470581e-01,4.611767828464508057e-03,1.222827807068824768e-01,-2.220807597041130066e-02,-1.339345872402191162e-01,1.308348029851913452e-01,5.762510746717453003e-02,1.827411204576492310e-01,2.586511373519897461e-01,-3.063509613275527954e-02,-5.524810776114463806e-02,6.941715721040964127e-03,1.473953574895858765e-01,1.386653482913970947e-01,1.000000000000000000e+00,-1.065620481967926025e-01,3.207520842552185059e-01,1.740321367979049683e-01,3.487191721796989441e-02,2.241268604993820190e-01,1.771212816238403320e-01,4.332468211650848389e-01,3.732516467571258545e-01,1.672304272651672363e-01,2.192948162555694580e-01,1.709347963333129883e-01,5.073388814926147461e-01,-1.403328776359558105e-01,1.912645250558853149e-01,3.377983346581459045e-02,3.367603421211242676e-01,6.440342217683792114e-02,3.987826704978942871e-01,-7.222227007150650024e-02,1.413466483354568481e-01,3.016757071018218994e-01,3.120658695697784424e-01,6.700307130813598633e-01,3.342676162719726562e-01
1.725493371486663818e-01,-2.205183357000350952e-01,1.507159024477005005e-01,2.617995142936706543e-01,4.366125464439392090e-01,-2.301539108157157898e-02,1.062847953289747238e-02,2.616540193557739258e-01,-4.757810011506080627e-02,-2.683910727500915527e-01,9.610027074813842773e-02,-2.934162616729736328e-01,3.279787302017211914e-01,1.887941062450408936e-01,-1.893616765737533569e-01,4.048788174986839294e-02,2.263162732124328613e-01,7.912116125226020813e-03,1.867129653692245483e-01,2.474314719438552856e-01,-1.844419911503791809e-02,3.538739979267120361e-01,1.788719743490219116e-01,-1.065620481967926025e-01,1.000000000000000000e+00,-1.795197874307632446e-01,1.341445297002792358e-01,3.682469725608825684e-01,3.253969550132751465e-01,-4.461145959794521332e-03,1.293006818741559982e-03,-8.668086491525173187e-03,1.800952404737472534e-01,-1.416234374046325684e-01,6.030440703034400940e-02,-2.771007418632507324e-01,5.424335249699652195e-04,-3.192073106765747070e-02,-2.945347726345062256e-01,-3.439907729625701904e-01,-2.974275946617126465e-01,-2.435585707426071167e-01,6.201242208480834961e-01,-3.990014493465423584e-01,-1.670123040676116943e-01,2.494496293365955353e-02,-1.065065339207649231e-01,6.445504259318113327e-03
-9.723505377769470215e-02,2.188607454299926758e-01,5.907686054706573486e-02,-6.823881063610315323e-03,1.314469128847122192e-01,1.559034138917922974e-01,2.226729691028594971e-01,-6.101499125361442566e-02,1.437702924013137817e-01,2.008161097764968872e-01,2.478188835084438324e-02,1.926764696836471558e-01,7.971887290477752686e-02,-9.021467715501785278e-02,2.588394284248352051e-01,5.305910855531692505e-02,1.329760551452636719e-01,2.296847254037857056e-01,-2.493341825902462006e-02,-1.001013442873954773e-02,9.225363284349441528e-02,1.473019123077392578e-01,1.949193142354488373e-02,3.207520842552185059e-01,-1.795197874307632446e-01,1.000000000000000000e+00,-1.084903627634048462e-01,-7.017947733402252197e-02,-9.480162709951400757e-02,-1.923332959413528442e-01,-1.088137924671173096e-02,1.979774534702301025e-01,-1.745364814996719360e-02,1.277841925621032715e-01,-1.938321813941001892e-02,1.016904637217521667e-01,-8.950868993997573853e-02,2.112876027822494507e-01,1.405242271721363068e-02,1.435801535844802856e-01,2.374069541692733765e-01,4.303964376449584961e-01,-5.319264903664588928e-02,1.852218359708786011e-01,4.174640476703643799e-01,2.459387034177780151e-01,2.097901701927185059e-01,1.738580465316772461e-01
2.984784543514251709e-01,2.289273142814636230e-01,-3.992113098502159119e-02,1.754901111125946045e-01,5.540439859032630920e-02,3.368445336818695068e-01,1.744244620203971863e-02,2.345600277185440063e-01,-2.744481898844242096e-02,1.066481843590736389e-01,-4.456400126218795776e-02,2.248343378305435181e-01,1.073493435978889465e-01,7.486163824796676636e-02,1.835094988346099854e-01,5.313737392425537109e-01,7.515809684991836548e-02,3.190811574459075928e-01,1.736418902873992920e-01,7.165266573429107666e-02,1.354437470436096191e-01,5.528432130813598633e-02,-7.180950604379177094e-03,1.740321367979049683e-01,1.341445297002792358e-01,-1.084903627634048462e-01,1.000000000000000000e+00,1.436554491519927979e-01,2.077333778142929077e-01,1.535535901784896851e-01,3.311844766139984131e-01,1.339196115732192993e-01,6.095804572105407715e-01,9.028821438550949097e-02,2.494743913412094116e-01,1.836544424295425415e-01,1.892026811838150024e-01,6.256946921348571777e-02,3.513025939464569092e-01,6.289007514715194702e-02,2.570051550865173340e-01,1.089772209525108337e-01,5.170767009258270264e-02,2.421518266201019287e-01,1.449588220566511154e-02,1.288205236196517944e-01,2.849952578544616699e-01,8.244384080171585083e-02
2.488795965909957886e-01,4.577603191137313843e-02,5.989055037498474121e-01,5.792451500892639160e-01,2.703534960746765137e-01,1.113278940320014954e-01,3.351837098598480225e-01,-1.673122495412826538e-01,7.690650224685668945e-02,-4.457659274339675903e-02,-1.672783941030502319e-01,-1.069549396634101868e-01,2.160404920578002930e-01,-1.339253336191177368e-01,-1.307962387800216675e-01,-1.370220351964235306e-02,3.609313070774078369e-01,-1.115380302071571350e-01,3.401767313480377197e-01,2.494776844978332520e-01,7.699677348136901855e-02,2.373600602149963379e-01,1.541364639997482300e-01,3.487191721796989441e-02,3.682469725608825684e-01,-7.017947733402252197e-02,1.436554491519927979e-01,1.000000000000000000e+00,4.596726894378662109e-01,1.400564908981323242e-01,1.214181706309318542e-01,1.246235333383083344e-02,-5.518938228487968445e-02,-1.365959346294403076e-01,6.168027222156524658e-02,-3.820787370204925537e-02,-2.132404595613479614e-01,1.412533074617385864e-01,-2.383383363485336304e-02,6.916564702987670898e-02,-9.695953130722045898e-02,-1.193745154887437820e-02,4.822373986244201660e-01,-4.681630060076713562e-02,3.501071780920028687e-02,1.471126079559326172e-01,3.453747183084487915e-02,1.708719432353973389e-01
2.123595327138900757e-01,2.466008812189102173e-02,2.663336396217346191e-01,2.658326327800750732e-01,9.215608239173889160e-02,2.034262269735336304e-01,3.230848014354705811e-01,-1.809899359941482544e-01,2.153577655553817749e-02,7.601163536310195923e-02,-1.763261258602142334e-01,-4.210971295833587646e-02,1.381961405277252197e-01,-3.069671392440795898e-01,-4.882176592946052551e-02,4.153058677911758423e-02,3.528202176094055176e-01,8.247303217649459839e-02,2.368664443492889404e-01,2.393630594015121460e-01,1.764316558837890625e-01,3.440567553043365479e-01,1.943424642086029053e-01,2.241268604993820190e-01,3.253969550132751465e-01,-9.480162709951400757e-02,2.077333778142929077e-01,4.596726894378662109e-01,1.000000000000000000e+00,3.903184533119201660e-01,2.953461706638336182e-01,8.051056414842605591e-02,1.342581510543823242e-01,1.372321248054504395e-01,2.525464892387390137e-01,6.010221689939498901e-02,-2.077635079622268677e-01,3.119399547576904297e-01,7.780491560697555542e-02,9.505437314510345459e-02,-1.333184838294982910e-01,1.331379115581512451e-01,4.188507199287414551e-01,-4.776335135102272034e-02,8.751462399959564209e-02,2.463747709989547729e-01,1.737618148326873779e-01,1.154103428125381470e-01
-3.895684331655502319e-02,1.055849120020866394e-01,1.113534942269325256e-01,1.023827046155929565e-01,-9.750439971685409546e-02,1.172048151493072510e-01,2.153236865997314453e-01,-2.552275657653808594e-01,1.230119466781616211e-01,9.857445210218429565e-02,-4.198922589421272278e-02,9.057225286960601807e-02,-1.401480846107006073e-02,-2.245922237634658813e-01,-5.179809033870697021e-02,-1.172333257272839546e-03,1.337352991104125977e-01,-7.382829207926988602e-03,-8.979763835668563843e-02,-5.491422861814498901e-02,1.212177611887454987e-02,1.263971775770187378e-01,4.663421213626861572e-02,1.771212816238403320e-01,-4.461145959794521332e-03,-1.923332959413528442e-01,1.535535901784896851e-01,1.400564908981323242e-01,3.903184533119201660e-01,1.000000000000000000e+00,4.625760912895202637e-01,4.962220042943954468e-02,-5.758729763329029083e-03,1.361373960971832275e-01,1.882082968950271606e-01,2.058871239423751831e-01,-2.976996898651123047e-01,8.372476696968078613e-02,1.885480731725692749e-01,1.007157638669013977e-01,-3.876941651105880737e-02,1.599623560905456543e-01,8.591575175523757935e-02,1.050583198666572571e-01,1.304227709770202637e-01,1.477591972798109055e-02,1.626280099153518677e-01,6.581825017929077148e-02
1.498937234282493591e-02,2.745331823825836182e-01,2.669348008930683136e-02,1.238108128309249878e-01,-2.015826478600502014e-02,5.830095335841178894e-02,2.643426358699798584e-01,7.377465069293975830e-02,1.555195897817611694e-01,1.819576323032379150e-01,-2.662239363417029381e-03,9.500037878751754761e-02,-3.028939850628376007e-02,9.206398390233516693e-03,6.815457344055175781e-02,3.629484027624130249e-02,4.146851897239685059e-01,3.858475089073181152e-01,1.513699144124984741e-01,8.370687067508697510e-02,1.075755879282951355e-01,3.335140943527221680e-01,1.794763803482055664e-01,4.332468211650848389e-01,1.293006818741559982e-03,-1.088137924671173096e-02,3.311844766139984131e-01,1.214181706309318542e-01,2.953461706638336182e-01,4.625760912895202637e-01,1.000000000000000000e+00,4.955477714538574219e-01,1.745313555002212524e-01,1.951495856046676636e-01,3.242831528186798096e-01,3.740980327129364014e-01,3.753307461738586426e-02,1.910429447889328003e-01,2.073240429162979126e-01,3.306519687175750732e-01,1.362060904502868652e-01,2.574941217899322510e-01,1.091132238507270813e-01,2.944034039974212646e-01,1.232654228806495667e-01,2.000324130058288574e-01,5.268729925155639648e-01,3.301087915897369385e-01
-3.322091698646545410e-02,4.518930613994598389e-02,5.400245077908039093e-03,3.954986855387687683e-02,1.211612522602081299e-01,3.310718759894371033e-02,7.338717579841613770e-02,8.643081039190292358e-02,-8.348011970520019531e-02,-1.446945406496524811e-02,-1.164277866482734680e-01,-5.882985517382621765e-02,2.451882325112819672e-02,1.926821656525135040e-02,-3.770088031888008118e-02,6.083454564213752747e-02,1.797397881746292114e-01,1.763430982828140259e-01,6.635081022977828979e-02,-1.587188057601451874e-02,-4.476927593350410461e-02,3.189285397529602051e-01,1.270905435085296631e-01,3.732516467571258545e-01,-8.668086491525173187e-03,1.979774534702301025e-01,1.339196115732192993e-01,1.246235333383083344e-02,8.051056414842605591e-02,4.962220042943954468e-02,4.955477714538574219e-01,1.000000000000000000e+00,-1.974003762006759644e-02,3.573409840464591980e-02,1.522896289825439453e-01,1.396431177854537964e-01,-4.635009169578552246e-02,-2.423917502164840698e-02,9.229654818773269653e-02,1.573413014411926270e-01,8.243031799793243408e-02,1.469766944646835327e-01,4.512145742774009705e-02,4.407611116766929626e-02,8.680676668882369995e-02,1.236016023904085159e-02,4.542524218559265137e-01,4.406093657016754150e-01
