1.000000000000000000e+00,3.278798758983612061e-01,2.344917207956314087e-01,1.324647963047027588e-01,4.846958518028259277e-01,1.348126530647277832e-01,1.350560970604419708e-02,4.852524101734161377e-01,3.365395367145538330e-01,2.427533268928527832e-01,4.696339368820190430e-01,3.122272789478302002e-01,2.389160245656967163e-01,1.624281555414199829e-01,2.771142721176147461e-01,2.374455183744430542e-01,1.267503947019577026e-01,8.260224759578704834e-02,2.401924282312393188e-01,1.466234773397445679e-01,2.082587927579879761e-01,7.818298786878585815e-02,2.894921600818634033e-01,-1.094676256179809570e-01,6.586518287658691406e-01,4.786185175180435181e-02,2.974928915500640869e-01,6.367015242576599121e-01,2.970588803291320801e-01,-1.793916523456573486e-01,-1.235300898551940918e-01,-8.275188505649566650e-02,5.779132843017578125e-01,3.755885362625122070e-01,-2.931003868579864502e-01,-2.454807981848716736e-02,3.435080945491790771e-01,7.756993919610977173e-02,2.522450983524322510e-01,1.767140775918960571e-01,4.599622189998626709e-01,1.754081845283508301e-01,1.843654364347457886e-01,3.173249959945678711e-01,2.308938503265380859e-01,2.910998165607452393e-01,-2.364202775061130524e-02,-7.851803302764892578e-02
3.278798758983612061e-01,1.000000000000000000e+00,1.311347931623458862e-01,2.143410146236419678e-01,4.860425591468811035e-01,4.479618966579437256e-01,2.625558972358703613e-01,9.926129132509231567e-02,5.491433143615722656e-01,4.246404767036437988e-01,2.916206419467926025e-01,5.174105763435363770e-01,2.334524691104888916e-01,5.333345383405685425e-03,5.158312320709228516e-01,4.013117253780364990e-01,2.513317465782165527e-01,1.819918006658554077e-01,2.054442316293716431e-01,8.963020890951156616e-02,1.689260154962539673e-01,3.409161046147346497e-02,4.563098400831222534e-02,1.073909178376197815e-02,1.791207790374755859e-01,1.278284043073654175e-01,2.428214848041534424e-01,2.200039327144622803e-01,2.106875479221343994e-01,2.920724451541900635e-02,1.526931822299957275e-01,1.781678050756454468e-01,2.737324833869934082e-01,5.384255051612854004e-01,2.486633658409118652e-01,7.368171960115432739e-02,6.964796036481857300e-02,5.309403538703918457e-01,3.472887873649597168e-01,7.925812155008316040e-02,6.468031406402587891e-01,6.516759991645812988e-01,-5.088909529149532318e-03,7.438938021659851074e-01,5.075984597206115723e-01,2.416232079267501831e-01,2.451604045927524567e-02,-1.423772424459457397e-01
2.344917207956314087e-01,1.311347931623458862e-01,1.000000000000000000e+00,4.316893219947814941e-01,1.025639623403549194e-01,1.808417141437530518e-01,3.489755690097808838e-01,-2.145274579524993896e-01,2.230207324028015137e-01,2.714000344276428223e-01,5.388776306062936783e-03,2.045017033815383911e-01,5.863669887185096741e-02,-3.200446665287017822e-01,1.109782680869102478e-01,6.598711758852005005e-02,-5.309258401393890381e-02,-3.568120300769805908e-01,2.849575504660606384e-02,3.885330259799957275e-02,8.201593905687332153e-02,-4.243086650967597961e-02,5.064990371465682983e-02,1.856459379196166992e-01,-1.950186677277088165e-02,2.241063416004180908e-01,5.196916311979293823e-02,5.899780392646789551e-01,2.121793627738952637e-01,1.023223716765642166e-02,1.383706182241439819e-02,-6.965257227420806885e-02,-3.433481231331825256e-02,1.495297104120254517e-01,-5.630614235997200012e-02,2.663711309432983398e-01,-2.483943253755569458e-01,2.266307026147842407e-01,9.412959963083267212e-02,2.168053090572357178e-01,6.571117788553237915e-02,1.880704462528228760e-01,-4.266478121280670166e-02,1.443888694047927856e-01,2.516125142574310303e-01,2.495931386947631836e-01,1.863418966531753540e-01,-1.788908801972866058e-02
1.324647963047027588e-01,2.143410146236419678e-01,4.316893219947814941e-01,1.000000000000000000e+00,3.339264094829559326e-01,4.656299948692321777e-01,4.195750653743743896e-01,-1.072697341442108154e-01,3.317971527576446533e-01,3.599329590797424316e-01,-2.308288216590881348e-02,2.841378152370452881e-01,4.022754728794097900e-01,-2.919762730598449707e-01,2.079869806766510010e-01,2.397286146879196167e-01,2.785947024822235107e-01,-6.262910366058349609e-02,2.077255994081497192e-01,4.126110374927520752e-01,2.974822223186492920e-01,2.212881147861480713e-01,3.392756879329681396e-01,2.718546092510223389e-01,2.504554986953735352e-01,8.555697649717330933e-02,1.265183985233306885e-01,4.775783419609069824e-01,4.469321072101593018e-01,1.392985880374908447e-01,1.779474765062332153e-01,1.103615313768386841e-01,-1.071270108222961426e-01,1.815806925296783447e-01,2.499515116214752197e-01,3.679770529270172119e-01,-1.802143901586532593e-01,4.058986008167266846e-01,1.669236123561859131e-01,3.002714216709136963e-01,1.360252797603607178e-01,3.231712579727172852e-01,4.541968703269958496e-01,2.815741300582885742e-01,3.693541586399078369e-01,4.737219214439392090e-01,2.253030091524124146e-01,-9.267862141132354736e-02
4.846958518028259277e-01,4.860425591468811035e-01,1.025639623403549194e-01,3.339264094829559326e-01,1.000000000000000000e+00,5.854280591011047363e-01,2.572214305400848389e-01,3.570410609245300293e-01,4.374009072780609131e-01,3.905767500400543213e-01,4.220394492149353027e-01,3.845900893211364746e-01,3.625935018062591553e-01,8.466880768537521362e-02,3.804587721824645996e-01,3.814870119094848633e-01,1.675135791301727295e-01,2.520732879638671875e-01,2.232119590044021606e-01,3.038091063499450684e-01,2.727971374988555908e-01,9.448643773794174194e-02,2.623733282089233398e-01,-7.565020024776458740e-02,5.188857316970825195e-01,1.067488417029380798e-01,3.869243860244750977e-01,3.253900408744812012e-01,2.122966647148132324e-01,-2.040461450815200806e-02,7.914387434720993042e-02,1.326679885387420654e-01,3.715560734272003174e-01,3.062961399555206299e-01,-6.997918710112571716e-03,-8.467675745487213135e-02,1.948011517524719238e-01,2.431242614984512329e-01,1.987271010875701904e-01,9.782554954290390015e-02,6.113353371620178223e-01,3.986342847347259521e-01,2.968226075172424316e-01,5.277570486068725586e-01,4.067124724388122559e-01,4.021990597248077393e-01,-5.197633802890777588e-02,-7.490500807762145996e-02
1.348126530647277832e-01,4.479618966579437256e-01,1.808417141437530518e-01,4.656299948692321777e-01,5.854280591011047363e-01,1.000000000000000000e+00,4.245970845222473145e-01,-3.764109313488006592e-02,3.993856012821197510e-01,4.969895780086517334e-01,2.055043727159500122e-01,5.267060399055480957e-01,4.413161277770996094e-01,-1.629742085933685303e-01,4.343655109405517578e-01,5.539183020591735840e-01,2.247272282838821411e-01,1.417291462421417236e-01,1.211045756936073303e-01,2.390296906232833862e-01,1.160159856081008911e-01,-5.518231540918350220e-02,6.092560663819313049e-02,1.873767226934432983e-01,2.267866730690002441e-01,1.014020889997482300e-01,3.791611790657043457e-01,2.177265882492065430e-01,2.126970142126083374e-01,1.179739926010370255e-02,1.898210495710372925e-01,1.974072009325027466e-01,1.707823872566223145e-01,2.304670661687850952e-01,2.289253473281860352e-01,1.291716396808624268e-01,-1.232888549566268921e-01,4.256766438484191895e-01,1.437987536191940308e-01,6.123973429203033447e-02,4.793301820755004883e-01,6.522400975227355957e-01,3.174530863761901855e-01,4.840201735496520996e-01,4.749588668346405029e-01,4.288519620895385742e-01,1.900582164525985718e-01,1.139318849891424179e-02
1.350560970604419708e-02,2.625558972358703613e-01,3.489755690097808838e-01,4.195750653743743896e-01,2.572214305400848389e-01,4.245970845222473145e-01,1.000000000000000000e+00,-5.633043125271797180e-02,1.700198948383331299e-01,3.177044093608856201e-01,-2.020917832851409912e-02,2.124276608228683472e-01,3.103977441787719727e-01,-1.512416303157806396e-01,1.552017033100128174e-01,2.489220052957534790e-01,5.062669515609741211e-01,2.046120166778564453e-01,3.087030947208404541e-01,2.851874232292175293e-01,1.975012570619583130e-01,7.724589854478836060e-02,2.159605473279953003e-01,1.430162489414215088e-01,1.313763111829757690e-01,2.734177410602569580e-01,1.351801156997680664e-01,8.052479475736618042e-02,3.731541708111763000e-02,8.104553818702697754e-02,3.025422096252441406e-01,1.922830939292907715e-01,6.243607029318809509e-02,1.626821309328079224e-01,1.344479471445083618e-01,2.599711716175079346e-01,-4.752036929130554199e-02,2.307523339986801147e-01,1.581466645002365112e-01,2.067009061574935913e-01,2.039412856101989746e-01,3.951935470104217529e-01,2.279954552650451660e-01,2.494556456804275513e-01,4.327044188976287842e-01,3.994087576866149902e-01,1.068404689431190491e-01,4.046199843287467957e-02
4.852524101734161377e-01,9.926129132509231567e-02,-2.145274579524993896e-01,-1.072697341442108154e-01,3.570410609245300293e-01,-3.764109313488006592e-02,-5.633043125271797180e-02,1.000000000000000000e+00,2.595678269863128662e-01,1.845363378524780273e-01,6.173394322395324707e-01,1.655957251787185669e-01,2.717656493186950684e-01,6.566288471221923828e-01,2.816503643989562988e-01,1.509867608547210693e-01,2.157626301050186157e-01,3.890898823738098145e-01,3.308019936084747314e-01,2.643645107746124268e-01,2.428149282932281494e-01,1.103156208992004395e-01,2.899233400821685791e-01,-2.193476706743240356e-01,6.178568601608276367e-01,1.240863725543022156e-01,3.732910156250000000e-01,4.170346632599830627e-02,1.852417550981044769e-02,-4.371140152215957642e-02,-5.285275727510452271e-02,-1.303807646036148071e-01,6.421274542808532715e-01,1.975661963224411011e-01,-3.407362103462219238e-01,-1.672772169113159180e-01,7.806960940361022949e-01,-7.920239865779876709e-02,1.472556293010711670e-01,1.047466322779655457e-01,2.457714378833770752e-01,1.425448432564735413e-02,2.900650203227996826e-01,1.516407281160354614e-01,9.254088252782821655e-02,2.819626927375793457e-01,-1.714588850736618042e-01,-7.254560291767120361e-02
3.365395367145538330e-01,5.491433143615722656e-01,2.230207324028015137e-01,3.317971527576446533e-01,4.374009072780609131e-01,3.993856012821197510e-01,1.700198948383331299e-01,2.595678269863128662e-01,1.000000000000000000e+00,6.320510506629943848e-01,5.430149435997009277e-01,7.018060684204101562e-01,4.256564676761627197e-01,9.140373021364212036e-02,7.080827355384826660e-01,4.540515840053558350e-01,1.793027520179748535e-01,7.051811367273330688e-02,1.683734953403472900e-01,1.746290326118469238e-01,2.409911453723907471e-01,1.570965200662612915e-01,1.537771522998809814e-01,3.228397294878959656e-02,2.190474420785903931e-01,6.425682455301284790e-02,3.692204654216766357e-01,3.499765992164611816e-01,2.226182818412780762e-01,-6.339734792709350586e-02,6.198669970035552979e-02,4.162142425775527954e-02,3.455846905708312988e-01,5.249806046485900879e-01,-2.871974185109138489e-02,8.080594986677169800e-02,1.725540906190872192e-01,5.208836197853088379e-01,2.453105598688125610e-01,2.118766754865646362e-01,3.993449509143829346e-01,5.700831413269042969e-01,1.534863114356994629e-01,6.581714153289794922e-01,4.224597215652465820e-01,4.788743853569030762e-01,5.536699295043945312e-02,-1.843302398920059204e-01
2.427533268928527832e-01,4.246404767036437988e-01,2.714000344276428223e-01,3.599329590797424316e-01,3.905767500400543213e-01,4.969895780086517334e-01,3.177044093608856201e-01,1.845363378524780273e-01,6.320510506629943848e-01,1.000000000000000000e+00,4.427050650119781494e-01,7.303851246833801270e-01,6.225584745407104492e-01,-1.685321331024169922e-02,6.523568630218505859e-01,4.562209546566009521e-01,2.480590045452117920e-01,2.486499585211277008e-02,1.758817136287689209e-01,3.703649044036865234e-01,3.133465051651000977e-01,3.426506370306015015e-02,1.975291818380355835e-01,1.739461570978164673e-01,1.932380497455596924e-01,1.159743145108222961e-01,3.784820139408111572e-01,3.094387352466583252e-01,1.706287264823913574e-01,-4.174951836466789246e-02,1.258406341075897217e-01,-3.111335448920726776e-02,3.309354186058044434e-01,4.291042685508728027e-01,3.303509950637817383e-02,2.999869883060455322e-01,1.624359190464019775e-01,5.148856639862060547e-01,2.623069584369659424e-01,3.269160687923431396e-01,2.929470837116241455e-01,6.375267505645751953e-01,3.437089323997497559e-01,5.080135464668273926e-01,5.170567035675048828e-01,7.263054251670837402e-01,2.020676881074905396e-01,-1.829524487257003784e-01
4.696339368820190430e-01,2.916206419467926025e-01,5.388776306062936783e-03,-2.308288216590881348e-02,4.220394492149353027e-01,2.055043727159500122e-01,-2.020917832851409912e-02,6.173394322395324707e-01,5.430149435997009277e-01,4.427050650119781494e-01,1.000000000000000000e+00,5.049778819084167480e-01,3.442923724651336670e-01,4.557822644710540771e-01,6.459861397743225098e-01,2.890377342700958252e-01,6.708313524723052979e-02,1.982115209102630615e-01,1.087183132767677307e-01,1.565617769956588745e-01,1.567938625812530518e-01,8.131659030914306641e-02,1.250743865966796875e-01,-9.179920703172683716e-02,4.312627017498016357e-01,5.981264635920524597e-03,4.668998122215270996e-01,2.146432995796203613e-01,4.113427922129631042e-02,-1.151738390326499939e-01,-4.161853715777397156e-02,-8.957678079605102539e-02,5.701878666877746582e-01,3.331328630447387695e-01,-2.656676173210144043e-01,-1.017500758171081543e-01,5.317994952201843262e-01,2.525293231010437012e-01,9.427034854888916016e-02,4.721969738602638245e-02,3.311085104942321777e-01,3.204294443130493164e-01,1.705881059169769287e-01,3.860925137996673584e-01,2.258166372776031494e-01,3.583400547504425049e-01,-2.995467931032180786e-02,-1.297297626733779907e-01
3.122272789478302002e-01,5.174105763435363770e-01,2.045017033815383911e-01,2.841378152370452881e-01,3.845900893211364746e-01,5.267060399055480957e-01,2.124276608228683472e-01,1.655957251787185669e-01,7.018060684204101562e-01,7.303851246833801270e-01,5.049778819084167480e-01,1.000000000000000000e+00,4.905556440353393555e-01,-6.104949861764907837e-02,7.680786252021789551e-01,6.715922355651855469e-01,2.711054682731628418e-01,1.446623653173446655e-01,2.330872416496276855e-01,1.698026359081268311e-01,1.298768669366836548e-01,7.972890883684158325e-02,3.813603194430470467e-03,1.167259737849235535e-01,1.749241799116134644e-01,1.035829111933708191e-01,4.778209030628204346e-01,3.196582496166229248e-01,2.362437248229980469e-01,-1.246885955333709717e-02,1.318880468606948853e-01,5.490895360708236694e-02,4.131768047809600830e-01,5.122676491737365723e-01,2.218857407569885254e-02,1.509587913751602173e-01,1.095287427306175232e-01,4.884981215000152588e-01,3.517481982707977295e-01,2.192846238613128662e-01,4.168430864810943604e-01,6.991300582885742188e-01,2.304967492818832397e-01,5.875181555747985840e-01,4.772186279296875000e-01,5.424343943595886230e-01,1.475918889045715332e-01,-1.458133012056350708e-01
2.389160245656967163e-01,2.334524691104888916e-01,5.863669887185096741e-02,4.022754728794097900e-01,3.625935018062591553e-01,4.413161277770996094e-01,3.103977441787719727e-01,2.717656493186950684e-01,4.256564676761627197e-01,6.225584745407104492e-01,3.442923724651336670e-01,4.905556440353393555e-01,1.000000000000000000e+00,2.941919118165969849e-02,4.129493534564971924e-01,4.770157039165496826e-01,4.063110649585723877e-01,2.257134318351745605e-01,2.383340746164321899e-01,5.559440851211547852e-01,4.494474530220031738e-01,1.826900094747543335e-01,4.908407926559448242e-01,1.661725789308547974e-01,3.756608068943023682e-01,4.372775182127952576e-02,3.888810276985168457e-01,2.181251943111419678e-01,2.002659142017364502e-01,-1.353067718446254730e-02,2.077711224555969238e-01,6.029961630702018738e-02,3.359823822975158691e-01,2.724927663803100586e-01,-1.796562038362026215e-02,3.591305315494537354e-01,2.373400777578353882e-01,3.044637739658355713e-01,2.905319929122924805e-01,3.564699590206146240e-01,1.618230640888214111e-01,4.456713497638702393e-01,6.452996730804443359e-01,2.932755053043365479e-01,4.233905673027038574e-01,6.954833865165710449e-01,1.857223361730575562e-01,-1.105731502175331116e-01
1.624281555414199829e-01,5.333345383405685425e-03,-3.200446665287017822e-01,-2.919762730598449707e-01,8.466880768537521362e-02,-1.629742085933685303e-01,-1.512416303157806396e-01,6.566288471221923828e-01,9.140373021364212036e-02,-1.685321331024169922e-02,4.557822644710540771e-01,-6.104949861764907837e-02,2.941919118165969849e-02,1.000000000000000000e+00,1.548079997301101685e-01,-1.625245958566665649e-01,4.846296831965446472e-02,1.912033706903457642e-01,7.724397629499435425e-02,5.531173571944236755e-02,-5.443609505891799927e-02,-1.345334853976964951e-02,5.485428497195243835e-02,-2.017908990383148193e-01,3.015597164630889893e-01,2.540525607764720917e-02,1.187838092446327209e-01,-1.748951226472854614e-01,-1.273706853389739990e-01,-5.046832561492919922e-02,-1.448231339454650879e-01,-1.622277796268463135e-01,2.643331289291381836e-01,-1.948696933686733246e-02,-1.863776594400405884e-01,-2.005285322666168213e-01,6.469222307205200195e-01,-8.749946951866149902e-02,-1.924581527709960938e-01,-2.328134626150131226e-01,8.890965580940246582e-02,-9.855762869119644165e-02,6.001912057399749756e-02,-1.604565419256687164e-02,-9.522105753421783447e-02,1.335067767649888992e-02,-1.940204352140426636e-01,-1.152724549174308777e-01
2.771142721176147461e-01,5.158312320709228516e-01,1.109782680869102478e-01,2.079869806766510010e-01,3.804587721824645996e-01,4.343655109405517578e-01,1.552017033100128174e-01,2.816503643989562988e-01,7.080827355384826660e-01,6.523568630218505859e-01,6.459861397743225098e-01,7.680786252021789551e-01,4.129493534564971924e-01,1.548079997301101685e-01,1.000000000000000000e+00,5.027761459350585938e-01,1.853144615888595581e-01,1.140555813908576965e-01,1.690819710493087769e-01,1.412507593631744385e-01,1.154963448643684387e-01,1.110535711050033569e-01,4.918080568313598633e-02,9.345587342977523804e-02,2.162879556417465210e-01,8.322562091052532196e-03,4.052174687385559082e-01,2.237283140420913696e-01,1.321243196725845337e-01,-9.493070840835571289e-02,1.098255813121795654e-01,1.058202907443046570e-01,3.652812242507934570e-01,5.265340805053710938e-01,7.652728259563446045e-02,1.080261394381523132e-01,2.604146599769592285e-01,6.145430803298950195e-01,2.029879540205001831e-01,1.339070200920104980e-01,3.648927211761474609e-01,6.471252441406250000e-01,1.385208815336227417e-01,6.025975346565246582e-01,4.426466524600982666e-01,4.498268961906433105e-01,1.207351386547088623e-01,-1.331330090761184692e-01
2.374455183744430542e-01,4.013117253780364990e-01,6.598711758852005005e-02,2.397286146879196167e-01,3.814870119094848633e-01,5.539183020591735840e-01,2.489220052957534790e-01,1.509867608547210693e-01,4.540515840053558350e-01,4.562209546566009521e-01,2.890377342700958252e-01,6.715922355651855469e-01,4.770157039165496826e-01,-1.625245958566665649e-01,5.027761459350585938e-01,1.000000000000000000e+00,3.363780677318572998e-01,2.765620946884155273e-01,3.010243177413940430e-01,1.430860906839370728e-01,1.158599928021430969e-01,2.157374750822782516e-03,-3.305732039734721184e-03,1.305830627679824829e-01,1.928465664386749268e-01,1.157171651721000671e-01,4.825042486190795898e-01,1.677997708320617676e-01,2.199622541666030884e-01,5.960793793201446533e-02,1.696285456418991089e-01,1.231318563222885132e-01,4.431196153163909912e-01,4.155310392379760742e-01,2.322931401431560516e-02,7.105247676372528076e-02,9.071792662143707275e-02,2.578430175781250000e-01,5.121611952781677246e-01,1.979550123214721680e-01,3.808992207050323486e-01,5.780231356620788574e-01,3.439060747623443604e-01,5.234149694442749023e-01,3.623361587524414062e-01,3.973815143108367920e-01,1.710875332355499268e-01,5.623351782560348511e-02
1.267503947019577026e-01,2.513317465782165527e-01,-5.309258401393890381e-02,2.785947024822235107e-01,1.675135791301727295e-01,2.247272282838821411e-01,5.062669515609741211e-01,2.157626301050186157e-01,1.793027520179748535e-01,2.480590045452117920e-01,6.708313524723052979e-02,2.711054682731628418e-01,4.063110649585723877e-01,4.846296831965446472e-02,1.853144615888595581e-01,3.363780677318572998e-01,1.000000000000000000e+00,5.773175954818725586e-01,5.975757837295532227e-01,3.891190886497497559e-01,2.603956460952758789e-01,1.583331376314163208e-01,3.184958696365356445e-01,1.124148666858673096e-01,3.101934492588043213e-01,2.738643884658813477e-01,2.794627547264099121e-01,4.461410269141197205e-02,2.202094197273254395e-01,2.220706641674041748e-01,4.561595618724822998e-01,1.605475693941116333e-01,2.924564778804779053e-01,2.750751972198486328e-01,1.699306070804595947e-01,2.748001515865325928e-01,1.911432594060897827e-01,1.419734805822372437e-01,3.198186755180358887e-01,2.438251972198486328e-01,2.293497622013092041e-01,3.289720416069030762e-01,4.120008349418640137e-01,2.067434042692184448e-01,2.901530265808105469e-01,3.873843252658843994e-01,8.623413741588592529e-02,-5.503611639142036438e-02
8.260224759578704834e-02,1.819918006658554077e-01,-3.568120300769805908e-01,-6.262910366058349609e-02,2.520732879638671875e-01,1.417291462421417236e-01,2.046120166778564453e-01,3.890898823738098145e-01,7.051811367273330688e-02,2.486499585211277008e-02,1.982115209102630615e-01,1.446623653173446655e-01,2.257134318351745605e-01,1.912033706903457642e-01,1.140555813908576965e-01,2.765620946884155273e-01,5.773175954818725586e-01,1.000000000000000000e+00,4.229543507099151611e-01,3.240508139133453369e-01,2.833740115165710449e-01,2.481461912393569946e-01,1.629118174314498901e-01,-1.200257614254951477e-01,2.912319004535675049e-01,2.202023118734359741e-01,2.981160581111907959e-01,-2.677038908004760742e-01,5.458595696836709976e-03,2.023228555917739868e-01,4.042493700981140137e-01,2.132111638784408569e-01,3.437134921550750732e-01,5.992704629898071289e-02,2.179508283734321594e-02,-1.237986832857131958e-01,3.108931779861450195e-01,-6.702692806720733643e-02,2.730752229690551758e-01,9.079389274120330811e-02,2.553438842296600342e-01,1.801843643188476562e-01,2.471025884151458740e-01,1.311343312263488770e-01,1.576028019189834595e-01,1.618746668100357056e-01,-1.155264154076576233e-01,3.838377818465232849e-02
2.401924282312393188e-01,2.054442316293716431e-01,2.849575504660606384e-02,2.077255994081497192e-01,2.232119590044021606e-01,1.211045756936073303e-01,3.087030947208404541e-01,3.308019936084747314e-01,1.683734953403472900e-01,1.758817136287689209e-01,1.087183132767677307e-01,2.330872416496276855e-01,2.383340746164321899e-01,7.724397629499435425e-02,1.690819710493087769e-01,3.010243177413940430e-01,5.975757837295532227e-01,4.229543507099151611e-01,1.000000000000000000e+00,4.071175456047058105e-01,2.998831272125244141e-01,1.741485446691513062e-01,2.806553244590759277e-01,-4.674647003412246704e-02,3.640759289264678955e-01,3.227221071720123291e-01,1.684668213129043579e-01,8.488391339778900146e-02,1.395177692174911499e-01,8.682940900325775146e-02,2.196303904056549072e-01,-2.231491170823574066e-02,3.065664768218994141e-01,2.736624181270599365e-01,9.125567972660064697e-02,1.543080657720565796e-01,2.675614655017852783e-01,1.774629503488540649e-01,4.058643579483032227e-01,3.439871370792388916e-01,1.700136959552764893e-01,2.361515462398529053e-01,2.716697156429290771e-01,2.049147486686706543e-01,2.863896191120147705e-01,3.009471595287322998e-01,-5.084117129445075989e-02,-8.788664638996124268e-02
1.466234773397445679e-01,8.963020890951156616e-02,3.885330259799957275e-02,4.126110374927520752e-01,3.038091063499450684e-01,2.390296906232833862e-01,2.851874232292175293e-01,2.643645107746124268e-01,1.746290326118469238e-01,3.703649044036865234e-01,1.565617769956588745e-01,1.698026359081268311e-01,5.559440851211547852e-01,5.531173571944236755e-02,1.412507593631744385e-01,1.430860906839370728e-01,3.891190886497497559e-01,3.240508139133453369e-01,4.071175456047058105e-01,1.000000000000000000e+00,5.537728667259216309e-01,3.054995238780975342e-01,5.062251687049865723e-01,9.762133471667766571e-03,3.630240857601165771e-01,1.070654243230819702e-01,1.038009077310562134e-01,1.101811379194259644e-01,1.647179573774337769e-01,7.616712152957916260e-02,1.881000846624374390e-01,-6.335131078958511353e-02,1.393941342830657959e-01,7.992880046367645264e-02,1.111821904778480530e-01,2.521570920944213867e-01,2.256939113140106201e-01,2.012461274862289429e-01,2.439867407083511353e-01,3.172016143798828125e-01,1.642481237649917603e-02,1.690227836370468140e-01,5.365057587623596191e-01,1.340941190719604492e-01,2.935604453086853027e-01,5.132489800453186035e-01,-2.251648157835006714e-02,-2.687270939350128174e-01
2.082587927579879761e-01,1.689260154962539673e-01,8.201593905687332153e-02,2.974822223186492920e-01,2.727971374988555908e-01,1.160159856081008911e-01,1.975012570619583130e-01,2.428149282932281494e-01,2.409911453723907471e-01,3.133465051651000977e-01,1.567938625812530518e-01,1.298768669366836548e-01,4.494474530220031738e-01,-5.443609505891799927e-02,1.154963448643684387e-01,1.158599928021430969e-01,2.603956460952758789e-01,2.833740115165710449e-01,2.998831272125244141e-01,5.537728667259216309e-01,1.000000000000000000e+00,3.800670206546783447e-01,5.600196123123168945e-01,-5.846528708934783936e-02,3.199684917926788330e-01,1.002310886979103088e-01,6.259091943502426147e-02,1.462439000606536865e-01,1.111682429909706116e-01,-6.128308176994323730e-02,1.315541863441467285e-01,1.880195364356040955e-02,1.816277354955673218e-01,1.291944533586502075e-01,2.286288328468799591e-02,1.349109560251235962e-01,2.233421951532363892e-01,2.008945792913436890e-01,3.427987396717071533e-01,4.636811912059783936e-01,5.305816233158111572e-02,1.811874210834503174e-01,3.495016992092132568e-01,2.059324830770492554e-01,2.451208084821701050e-01,4.201336205005645752e-01,-4.411711543798446655e-02,-6.447657197713851929e-02
7.818298786878585815e-02,3.409161046147346497e-02,-4.243086650967597961e-02,2.212881147861480713e-01,9.448643773794174194e-02,-5.518231540918350220e-02,7.724589854478836060e-02,1.103156208992004395e-01,1.570965200662612915e-01,3.426506370306015015e-02,8.131659030914306641e-02,7.972890883684158325e-02,1.826900094747543335e-01,-1.345334853976964951e-02,1.110535711050033569e-01,2.157374750822782516e-03,1.583331376314163208e-01,2.481461912393569946e-01,1.741485446691513062e-01,3.054995238780975342e-01,3.800670206546783447e-01,1.000000000000000000e+00,2.575573027133941650e-01,-8.411966264247894287e-02,1.852228045463562012e-01,2.439664909616112709e-03,-4.599064588546752930e-02,-1.572660729289054871e-02,1.841050386428833008e-02,-7.210358232259750366e-02,1.893290281295776367e-01,2.139277011156082153e-01,-2.232058532536029816e-02,7.459016144275665283e-02,8.153042942285537720e-02,3.044810891151428223e-02,4.548894613981246948e-02,1.324210017919540405e-01,1.158365607261657715e-01,1.965754032135009766e-01,-9.491927921772003174e-02,3.717570751905441284e-02,2.185393273830413818e-01,5.985654890537261963e-03,1.425887048244476318e-01,1.736886203289031982e-01,-1.192695796489715576e-01,3.419337794184684753e-02
2.894921600818634033e-01,4.563098400831222534e-02,5.064990371465682983e-02,3.392756879329681396e-01,2.623733282089233398e-01,6.092560663819313049e-02,2.159605473279953003e-01,2.899233400821685791e-01,1.537771522998809814e-01,1.975291818380355835e-01,1.250743865966796875e-01,3.813603194430470467e-03,4.908407926559448242e-01,5.485428497195243835e-02,4.918080568313598633e-02,-3.305732039734721184e-03,3.184958696365356445e-01,1.629118174314498901e-01,2.806553244590759277e-01,5.062251687049865723e-01,5.600196123123168945e-01,2.575573027133941650e-01,1.000000000000000000e+00,1.951508224010467529e-03,4.843540191650390625e-01,1.469371281564235687e-02,2.154653333127498627e-02,2.719273567199707031e-01,2.163645327091217041e-01,-1.270891278982162476e-01,9.144806861877441406e-02,4.890512302517890930e-02,1.752864867448806763e-01,1.654675006866455078e-01,4.634473472833633423e-02,3.012357652187347412e-01,2.538045942783355713e-01,1.976080983877182007e-01,1.611868441104888916e-01,5.504909157752990723e-01,-3.922307863831520081e-02,-6.180639611557126045e-04,4.110492169857025146e-01,1.084653437137603760e-01,2.288738191127777100e-01,4.163106381893157959e-01,-2.649892494082450867e-02,-5.787641927599906921e-02
-1.094676256179809570e-01,1.073909178376197815e-02,1.856459379196166992e-01,2.718546092510223389e-01,-7.565020024776458740e-02,1.873767226934432983e-01,1.430162489414215088e-01,-2.193476706743240356e-01,3.228397294878959656e-02,1.739461570978164673e-01,-9.179920703172683716e-02,1.167259737849235535e-01,1.661725789308547974e-01,-2.017908990383148193e-01,9.345587342977523804e-02,1.305830627679824829e-01,1.124148666858673096e-01,-1.200257614254951477e-01,-4.674647003412246704e-02,9.762133471667766571e-03,-5.846528708934783936e-02,-8.411966264247894287e-02,1.951508224010467529e-03,1.000000000000000000e+00,-6.224881112575531006e-02,1.931542716920375824e-02,1.644625365734100342e-01,1.160490512847900391e-01,7.817981392145156860e-02,5.876887217164039612e-02,4.526220262050628662e-01,3.946267366409301758e-01,-6.307058781385421753e-02,-1.566561870276927948e-02,3.788470849394798279e-02,6.181926131248474121e-01,-2.164007574319839478e-01,1.285165399312973022e-01,2.323004417121410370e-02,1.688554137945175171e-01,-8.704734034836292267e-03,1.469754427671432495e-01,2.291892021894454956e-01,-1.311863958835601807e-02,8.255791664123535156e-02,1.998501718044281006e-01,8.550878763198852539e-01,2.637005150318145752e-01
6.586518287658691406e-01,1.791207790374755859e-01,-1.950186677277088165e-02,2.504554986953735352e-01,5.188857316970825195e-01,2.267866730690002441e-01,1.313763111829757690e-01,6.178568601608276367e-01,2.190474420785903931e-01,1.932380497455596924e-01,4.312627017498016357e-01,1.749241799116134644e-01,3.756608068943023682e-01,3.015597164630889893e-01,2.162879556417465210e-01,1.928465664386749268e-01,3.101934492588043213e-01,2.912319004535675049e-01,3.640759289264678955e-01,3.630240857601165771e-01,3.199684917926788330e-01,1.852228045463562012e-01,4.843540191650390625e-01,-6.224881112575531006e-02,1.000000000000000000e+00,8.535509556531906128e-02,3.438490927219390869e-01,3.815682530403137207e-01,2.224155366420745850e-01,-1.523811221122741699e-01,6.352436542510986328e-02,2.418497204780578613e-02,5.143377184867858887e-01,2.360134869813919067e-01,-1.649480313062667847e-01,4.426326602697372437e-02,4.704279899597167969e-01,6.966652721166610718e-02,1.475500762462615967e-01,2.239094078540802002e-01,3.115735948085784912e-01,1.409760117530822754e-01,4.258958697319030762e-01,1.944965571165084839e-01,2.936480641365051270e-01,3.945498764514923096e-01,-1.803662627935409546e-02,-1.545640081167221069e-02
4.786185175180435181e-02,1.278284043073654175e-01,2.241063416004180908e-01,8.555697649717330933e-02,1.067488417029380798e-01,1.014020889997482300e-01,2.734177410602569580e-01,1.240863725543022156e-01,6.425682455301284790e-02,1.159743145108222961e-01,5.981264635920524597e-03,1.035829111933708191e-01,4.372775182127952576e-02,2.540525607764720917e-02,8.322562091052532196e-03,1.157171651721000671e-01,2.738643884658813477e-01,2.202023118734359741e-01,3.227221071720123291e-01,1.070654243230819702e-01,1.002310886979103088e-01,2.439664909616112709e-03,1.469371281564235687e-02,1.931542716920375824e-02,8.535509556531906128e-02,1.000000000000000000e+00,1.372290104627609253e-01,-6.750293076038360596e-02,-8.235776424407958984e-02,1.959001421928405762e-01,1.904328763484954834e-01,-6.752809882164001465e-02,1.550163924694061279e-01,8.080610632896423340e-02,-9.563274681568145752e-02,4.911935329437255859e-02,7.784105837345123291e-02,-3.125425055623054504e-02,1.593614369630813599e-01,1.509944051504135132e-01,2.170435935258865356e-01,1.018305569887161255e-01,1.116315573453903198e-01,6.815600395202636719e-02,8.454897254705429077e-02,1.690127700567245483e-01,3.791313245892524719e-02,3.455322980880737305e-02
2.974928915500640869e-01,2.428214848041534424e-01,5.196916311979293823e-02,1.265183985233306885e-01,3.869243860244750977e-01,3.791611790657043457e-01,1.351801156997680664e-01,3.732910156250000000e-01,3.692204654216766357e-01,3.784820139408111572e-01,4.668998122215270996e-01,4.778209030628204346e-01,3.888810276985168457e-01,1.187838092446327209e-01,4.052174687385559082e-01,4.825042486190795898e-01,2.794627547264099121e-01,2.981160581111907959e-01,1.684668213129043579e-01,1.038009077310562134e-01,6.259091943502426147e-02,-4.599064588546752930e-02,2.154653333127498627e-02,1.644625365734100342e-01,3.438490927219390869e-01,1.372290104627609253e-01,1.000000000000000000e+00,2.280533462762832642e-01,2.259711921215057373e-01,2.016105204820632935e-01,2.567257583141326904e-01,1.111754626035690308e-01,6.393867135047912598e-01,2.367125600576400757e-01,-2.468016892671585083e-01,1.171460971236228943e-01,2.310707867145538330e-01,2.073935419321060181e-02,2.125684618949890137e-01,1.004250645637512207e-01,4.275970757007598877e-01,3.322731554508209229e-01,3.584092855453491211e-01,2.467916309833526611e-01,2.428563535213470459e-01,3.988271057605743408e-01,2.091888338327407837e-01,6.652716547250747681e-02
6.367015242576599121e-01,2.200039327144622803e-01,5.899780392646789551e-01,4.775783419609069824e-01,3.253900408744812012e-01,2.177265882492065430e-01,8.052479475736618042e-02,4.170346632599830627e-02,3.499765992164611816e-01,3.094387352466583252e-01,2.146432995796203613e-01,3.196582496166229248e-01,2.181251943111419678e-01,-1.748951226472854614e-01,2.237283140420913696e-01,1.677997708320617676e-01,4.461410269141197205e-02,-2.677038908004760742e-01,8.488391339778900146e-02,1.101811379194259644e-01,1.462439000606536865e-01,-1.572660729289054871e-02,2.719273567199707031e-01,1.160490512847900391e-01,3.815682530403137207e-01,-6.750293076038360596e-02,2.280533462762832642e-01,1.000000000000000000e+00,5.623797178268432617e-01,-3.502993285655975342e-02,-7.234595715999603271e-02,-7.037692517042160034e-02,2.192908674478530884e-01,3.146264255046844482e-01,-8.763992041349411011e-02,2.341386675834655762e-01,-5.880251526832580566e-02,2.499347925186157227e-01,1.555478274822235107e-01,2.322111576795578003e-01,2.565724253654479980e-01,1.895182579755783081e-01,1.682907491922378540e-01,2.695814371109008789e-01,2.528478205204010010e-01,3.142775297164916992e-01,1.541341543197631836e-01,-1.522001773118972778e-01
2.970588803291320801e-01,2.106875479221343994e-01,2.121793627738952637e-01,4.469321072101593018e-01,2.122966647148132324e-01,2.126970142126083374e-01,3.731541708111763000e-02,1.852417550981044769e-02,2.226182818412780762e-01,1.706287264823913574e-01,4.113427922129631042e-02,2.362437248229980469e-01,2.002659142017364502e-01,-1.273706853389739990e-01,1.321243196725845337e-01,2.199622541666030884e-01,2.202094197273254395e-01,5.458595696836709976e-03,1.395177692174911499e-01,1.647179573774337769e-01,1.111682429909706116e-01,1.841050386428833008e-02,2.163645327091217041e-01,7.817981392145156860e-02,2.224155366420745850e-01,-8.235776424407958984e-02,2.259711921215057373e-01,5.623797178268432617e-01,1.000000000000000000e+00,3.940649330615997314e-01,9.474220871925354004e-02,-1.653392054140567780e-02,1.118974983692169189e-01,1.700843125581741333e-01,1.351693719625473022e-01,1.409485787153244019e-01,-6.193853542208671570e-02,1.891074776649475098e-01,1.525957882404327393e-01,8.652354031801223755e-02,2.445140928030014038e-01,1.469517350196838379e-01,2.083497643470764160e-01,2.422090172767639160e-01,1.287881284952163696e-01,1.442846506834030151e-01,7.201124727725982666e-02,-2.008921355009078979e-01
-1.793916523456573486e-01,2.920724451541900635e-02,1.023223716765642166e-02,1.392985880374908447e-01,-2.040461450815200806e-02,1.179739926010370255e-02,8.104553818702697754e-02,-4.371140152215957642e-02,-6.339734792709350586e-02,-4.174951836466789246e-02,-1.151738390326499939e-01,-1.246885955333709717e-02,-1.353067718446254730e-02,-5.046832561492919922e-02,-9.493070840835571289e-02,5.960793793201446533e-02,2.220706641674041748e-01,2.023228555917739868e-01,8.682940900325775146e-02,7.616712152957916260e-02,-6.128308176994323730e-02,-7.210358232259750366e-02,-1.270891278982162476e-01,5.876887217164039612e-02,-1.523811221122741699e-01,1.959001421928405762e-01,2.016105204820632935e-01,-3.502993285655975342e-02,3.940649330615997314e-01,1.000000000000000000e+00,3.312582671642303467e-01,3.288261219859123230e-02,-1.269490551203489304e-02,-7.782962918281555176e-02,4.448853433132171631e-02,7.819100469350814819e-02,-3.994230180978775024e-02,-1.092059090733528137e-01,6.267559528350830078e-02,-1.311325877904891968e-01,1.033081784844398499e-01,-1.306393463164567947e-02,5.908518284559249878e-02,3.810547292232513428e-02,-5.452448874711990356e-02,-3.490455821156501770e-02,1.200838852673768997e-02,-1.832683384418487549e-01
-1.235300898551940918e-01,1.526931822299957275e-01,1.383706182241439819e-02,1.779474765062332153e-01,7.914387434720993042e-02,1.898210495710372925e-01,3.025422096252441406e-01,-5.285275727510452271e-02,6.198669970035552979e-02,1.258406341075897217e-01,-4.161853715777397156e-02,1.318880468606948853e-01,2.077711224555969238e-01,-1.448231339454650879e-01,1.098255813121795654e-01,1.696285456418991089e-01,4.561595618724822998e-01,4.042493700981140137e-01,2.196303904056549072e-01,1.881000846624374390e-01,1.315541863441467285e-01,1.893290281295776367e-01,9.144806861877441406e-02,4.526220262050628662e-01,6.352436542510986328e-02,1.904328763484954834e-01,2.567257583141326904e-01,-7.234595715999603271e-02,9.474220871925354004e-02,3.312582671642303467e-01,1.000000000000000000e+00,4.854904711246490479e-01,7.636159658432006836e-02,9.090806543827056885e-02,1.931384056806564331e-01,4.288906157016754150e-01,-5.360546708106994629e-02,1.313561946153640747e-01,1.957980394363403320e-01,1.792529076337814331e-01,9.399806708097457886e-02,2.096450775861740112e-01,2.091036587953567505e-01,9.185335040092468262e-02,2.116826474666595459e-01,2.058483064174652100e-01,4.175739586353302002e-01,1.589060723781585693e-01
-8.275188505649566650e-02,1.781678050756454468e-01,-6.965257227420806885e-02,1.103615313768386841e-01,1.326679885387420654e-01,1.974072009325027466e-01,1.922830939292907715e-01,-1.303807646036148071e-01,4.162142425775527954e-02,-3.111335448920726776e-02,-8.957678079605102539e-02,5.490895360708236694e-02,6.029961630702018738e-02,-1.622277796268463135e-01,1.058202907443046570e-01,1.231318563222885132e-01,1.605475693941116333e-01,2.132111638784408569e-01,-2.231491170823574066e-02,-6.335131078958511353e-02,1.880195364356040955e-02,2.139277011156082153e-01,4.890512302517890930e-02,3.946267366409301758e-01,2.418497204780578613e-02,-6.752809882164001465e-02,1.111754626035690308e-01,-7.037692517042160034e-02,-1.653392054140567780e-02,3.288261219859123230e-02,4.854904711246490479e-01,1.000000000000000000e+00,-6.342225521802902222e-02,-2.221336215734481812e-02,1.169288977980613708e-01,1.613174229860305786e-01,-1.237121522426605225e-01,1.085584312677383423e-01,4.900783300399780273e-02,6.149742752313613892e-02,1.029911264777183533e-01,1.858362853527069092e-01,1.650746795348823071e-03,1.007563248276710510e-01,2.002908289432525635e-01,3.734385222196578979e-02,3.768679201602935791e-01,4.114715158939361572e-01
5.779132843017578125e-01,2.737324833869934082e-01,-3.433481231331825256e-02,-1.071270108222961426e-01,3.715560734272003174e-01,1.707823872566223145e-01,6.243607029318809509e-02,6.421274542808532715e-01,3.455846905708312988e-01,3.309354186058044434e-01,5.701878666877746582e-01,4.131768047809600830e-01,3.359823822975158691e-01,2.643331289291381836e-01,3.652812242507934570e-01,4.431196153163909912e-01,2.924564778804779053e-01,3.437134921550750732e-01,3.065664768218994141e-01,1.393941342830657959e-01,1.816277354955673218e-01,-2.232058532536029816e-02,1.752864867448806763e-01,-6.307058781385421753e-02,5.143377184867858887e-01,1.550163924694061279e-01,6.393867135047912598e-01,2.192908674478530884e-01,1.118974983692169189e-01,-1.269490551203489304e-02,7.636159658432006836e-02,-6.342225521802902222e-02,1.000000000000000000e+00,3.917491436004638672e-01,-3.718001246452331543e-01,1.447630953043699265e-02,4.884872138500213623e-01,-1.675953343510627747e-02,3.593226969242095947e-01,2.227839231491088867e-01,4.391002058982849121e-01,2.569888532161712646e-01,2.331023514270782471e-01,2.765854001045227051e-01,2.075966149568557739e-01,3.391549885272979736e-01,1.387241389602422714e-02,7.637096103280782700e-03
