1.000000000000000000e+00,2.997888326644897461e-01,4.724279642105102539e-01,5.607107877731323242e-01,5.762509703636169434e-01,4.946057200431823730e-01,5.183673501014709473e-01,3.924474120140075684e-01,3.667048513889312744e-01,4.115087985992431641e-01,2.969344854354858398e-01,4.892292022705078125e-01,3.022590279579162598e-01,3.177543878555297852e-01,2.203687876462936401e-01,3.414021730422973633e-01,4.329255819320678711e-01,2.762670814990997314e-01,2.855261564254760742e-01,2.827544212341308594e-01,2.302523106336593628e-01,9.229094535112380981e-02,1.909393370151519775e-01,2.905109226703643799e-01,3.167901635169982910e-01,4.341864287853240967e-01,2.191368043422698975e-01,5.582316517829895020e-01,5.004865527153015137e-01,4.468515217304229736e-01,3.004940450191497803e-01,2.483022361993789673e-01,4.347214102745056152e-01,2.841598391532897949e-01,2.076572626829147339e-01,3.430552780628204346e-01,2.797143533825874329e-02,3.470942005515098572e-02,2.592741250991821289e-01,3.650757074356079102e-01,4.532153904438018799e-01,4.917391538619995117e-01,2.262063920497894287e-01,1.140941530466079712e-01,2.086364328861236572e-01,3.473521471023559570e-01,3.073697686195373535e-01,9.856287389993667603e-02
2.997888326644897461e-01,1.000000000000000000e+00,2.961786687374114990e-01,3.587223291397094727e-01,2.345754057168960571e-01,2.972244918346405029e-01,3.747824132442474365e-01,3.039880096912384033e-01,3.601645231246948242e-01,5.304558277130126953e-01,7.575482875108718872e-02,3.383193612098693848e-01,3.469932973384857178e-01,1.153137013316154480e-01,1.107010096311569214e-01,1.447607874870300293e-01,3.351018130779266357e-01,2.290480434894561768e-01,1.823063045740127563e-01,1.302753239870071411e-01,-1.260813977569341660e-02,1.096554845571517944e-01,2.019379138946533203e-01,2.499212920665740967e-01,5.468233302235603333e-02,2.243749797344207764e-01,2.457271665334701538e-01,2.007625997066497803e-01,2.893680930137634277e-01,1.633971780538558960e-01,1.344685852527618408e-01,6.305482238531112671e-02,2.392950654029846191e-01,1.940103918313980103e-01,1.212977692484855652e-01,4.131411612033843994e-01,1.293570697307586670e-01,1.768891885876655579e-02,1.129773929715156555e-01,2.726215124130249023e-01,5.013312697410583496e-01,5.824435949325561523e-01,1.647041738033294678e-01,6.239435672760009766e-01,7.553146481513977051e-01,4.524052739143371582e-01,2.511864602565765381e-01,2.577130496501922607e-01
4.724279642105102539e-01,2.961786687374114990e-01,1.000000000000000000e+00,6.254443526268005371e-01,2.285554558038711548e-01,2.256255745887756348e-01,6.022874712944030762e-01,2.537648975849151611e-01,3.764969110488891602e-01,2.521253228187561035e-01,6.648656725883483887e-02,3.234301209449768066e-01,3.207667171955108643e-01,4.961596056818962097e-02,-3.257190063595771790e-02,1.471090018749237061e-01,5.682487487792968750e-01,4.918846189975738525e-01,2.722778022289276123e-01,2.940474748611450195e-01,3.815338909626007080e-01,3.329253196716308594e-01,2.688690721988677979e-01,1.906459778547286987e-01,1.086852326989173889e-01,5.744392871856689453e-01,1.034340634942054749e-01,5.717641711235046387e-01,4.621205627918243408e-01,4.220219254493713379e-01,3.959553539752960205e-01,2.916722893714904785e-01,2.197742164134979248e-01,1.320920288562774658e-01,1.408555805683135986e-01,2.927691936492919922e-01,5.173808336257934570e-02,-1.911366581916809082e-01,1.783128827810287476e-01,2.570649981498718262e-01,3.706732392311096191e-01,3.774000704288482666e-01,1.636278033256530762e-01,2.435838282108306885e-01,2.992149591445922852e-01,2.101262956857681274e-01,2.513499855995178223e-01,3.765948414802551270e-01
5.607107877731323242e-01,3.587223291397094727e-01,6.254443526268005371e-01,1.000000000000000000e+00,3.869374990463256836e-01,3.486597537994384766e-01,7.588047385215759277e-01,2.172635793685913086e-01,4.917895793914794922e-01,3.366598188877105713e-01,3.255939483642578125e-02,3.455952703952789307e-01,1.765964478254318237e-01,2.932691946625709534e-02,1.957848295569419861e-02,1.513565480709075928e-01,6.437469124794006348e-01,4.615076482295989990e-01,6.015970706939697266e-01,4.309640526771545410e-01,1.748956143856048584e-01,1.746230274438858032e-01,6.668626517057418823e-02,3.452969491481781006e-01,-1.047800034284591675e-01,4.602727293968200684e-01,-2.152022272348403931e-01,4.190436601638793945e-01,5.083466172218322754e-01,3.082003891468048096e-01,3.035861551761627197e-01,3.054703474044799805e-01,2.273422107100486755e-02,1.605575680732727051e-01,1.647703498601913452e-01,3.871686458587646484e-01,-1.993950828909873962e-02,-6.388723105192184448e-02,2.901651561260223389e-01,3.527664840221405029e-01,5.064075589179992676e-01,5.851655006408691406e-01,3.124808371067047119e-01,2.182372510433197021e-01,2.470577210187911987e-01,3.756624460220336914e-01,4.007746279239654541e-01,1.505589634180068970e-01
5.762509703636169434e-01,2.345754057168960571e-01,2.285554558038711548e-01,3.869374990463256836e-01,1.000000000000000000e+00,8.121788501739501953e-01,4.492644965648651123e-01,2.976747453212738037e-01,2.948518097400665283e-01,3.959882259368896484e-01,2.404799312353134155e-01,3.304802477359771729e-01,2.096383720636367798e-01,1.970241516828536987e-01,2.133467197418212891e-01,2.734468281269073486e-01,3.223294615745544434e-01,1.658219248056411743e-01,3.121628165245056152e-01,2.259376049041748047e-01,1.021272167563438416e-01,3.476592153310775757e-02,1.012521684169769287e-01,3.312014341354370117e-01,1.214615330100059509e-01,3.645971715450286865e-01,5.983766540884971619e-02,4.049608111381530762e-01,4.274251461029052734e-01,2.509848475456237793e-01,2.318014353513717651e-01,2.241134941577911377e-01,2.515127062797546387e-01,1.661589443683624268e-01,1.126660704612731934e-01,2.678390443325042725e-01,3.670407086610794067e-02,1.265102326869964600e-01,2.504557073116302490e-01,2.813553512096405029e-01,5.590395331382751465e-01,4.679597616195678711e-01,2.843388319015502930e-01,3.448151797056198120e-02,1.561155915260314941e-01,3.067848086357116699e-01,3.204355239868164062e-01,-4.055225104093551636e-02
4.946057200431823730e-01,2.972244918346405029e-01,2.256255745887756348e-01,3.486597537994384766e-01,8.121788501739501953e-01,1.000000000000000000e+00,4.744703173637390137e-01,2.770885825157165527e-01,2.496660053730010986e-01,4.012230336666107178e-01,2.695492804050445557e-01,3.693214654922485352e-01,2.836678922176361084e-01,2.885718643665313721e-01,2.614891827106475830e-01,2.937501072883605957e-01,3.601157069206237793e-01,2.533415257930755615e-01,3.006653189659118652e-01,2.948949038982391357e-01,2.187996953725814819e-01,1.635388731956481934e-01,1.643723845481872559e-01,3.572407960891723633e-01,9.586867690086364746e-02,4.329891502857208252e-01,7.621107250452041626e-02,3.971236646175384521e-01,4.648185074329376221e-01,3.067676126956939697e-01,3.271470367908477783e-01,3.409777283668518066e-01,1.835640966892242432e-01,1.267061531543731689e-01,1.090172976255416870e-01,3.221303224563598633e-01,1.373616456985473633e-01,1.654628962278366089e-01,2.405614852905273438e-01,3.463992476463317871e-01,6.093923449516296387e-01,5.323363542556762695e-01,3.677039146423339844e-01,3.885343670845031738e-02,2.355574518442153931e-01,3.335577845573425293e-01,3.987152278423309326e-01,5.122966319322586060e-02
5.183673501014709473e-01,3.747824132442474365e-01,6.022874712944030762e-01,7.588047385215759277e-01,4.492644965648651123e-01,4.744703173637390137e-01,1.000000000000000000e+00,3.143338859081268311e-01,5.460638999938964844e-01,4.827972650527954102e-01,1.396169662475585938e-01,4.078589677810668945e-01,3.253536820411682129e-01,1.038250699639320374e-01,9.600523114204406738e-02,2.675631344318389893e-01,8.796392679214477539e-01,7.476310133934020996e-01,7.425119876861572266e-01,6.281326413154602051e-01,3.691048622131347656e-01,4.734057784080505371e-01,2.820497155189514160e-01,5.068960189819335938e-01,-7.043391466140747070e-02,6.524939537048339844e-01,-9.330262988805770874e-02,3.600967228412628174e-01,5.731888413429260254e-01,5.501993894577026367e-01,5.912316441535949707e-01,5.523510575294494629e-01,3.612010553479194641e-02,1.781138628721237183e-01,2.754842638969421387e-01,5.398073196411132812e-01,4.895222187042236328e-02,6.199437752366065979e-02,4.504441022872924805e-01,5.214107632637023926e-01,4.708259701728820801e-01,7.213035225868225098e-01,5.406687259674072266e-01,1.635081022977828979e-01,3.501089811325073242e-01,5.820003747940063477e-01,5.255446434020996094e-01,3.052620291709899902e-01
3.924474120140075684e-01,3.039880096912384033e-01,2.537648975849151611e-01,2.172635793685913086e-01,2.976747453212738037e-01,2.770885825157165527e-01,3.143338859081268311e-01,1.000000000000000000e+00,5.369170308113098145e-01,5.378521680831909180e-01,6.296960711479187012e-01,6.641148328781127930e-01,4.916878938674926758e-01,4.022362232208251953e-01,2.944526672363281250e-01,5.574606657028198242e-01,3.242649435997009277e-01,2.762454748153686523e-01,1.399528533220291138e-01,3.261688947677612305e-01,2.187456637620925903e-01,3.177487254142761230e-01,5.257461667060852051e-01,5.023092627525329590e-01,4.568381607532501221e-02,4.391935169696807861e-01,-6.839420646429061890e-02,2.262201309204101562e-01,4.045206904411315918e-01,4.231112897396087646e-01,3.775991201400756836e-01,3.677911162376403809e-01,4.624920785427093506e-01,4.739525318145751953e-01,4.979957044124603271e-01,5.091738700866699219e-01,1.964249014854431152e-01,8.613992482423782349e-02,3.509335517883300781e-01,4.286754429340362549e-01,3.126338720321655273e-01,4.301196634769439697e-01,3.421701788902282715e-01,4.962752163410186768e-01,1.944333612918853760e-01,4.674483537673950195e-01,3.037476837635040283e-01,4.532992839813232422e-01
3.667048513889312744e-01,3.601645231246948242e-01,3.764969110488891602e-01,4.917895793914794922e-01,2.948518097400665283e-01,2.496660053730010986e-01,5.460638999938964844e-01,5.369170308113098145e-01,1.000000000000000000e+00,6.036345958709716797e-01,3.287437558174133301e-01,5.659847855567932129e-01,2.788052558898925781e-01,5.030035600066184998e-02,1.109293028712272644e-01,3.081901073455810547e-01,5.161363482475280762e-01,4.121015965938568115e-01,3.768380880355834961e-01,4.252267479896545410e-01,9.965503215789794922e-02,2.501235902309417725e-01,2.715278863906860352e-01,4.696829915046691895e-01,-2.190823554992675781e-01,4.285634458065032959e-01,-1.956694722175598145e-01,1.951609402894973755e-01,3.899511992931365967e-01,3.579863607883453369e-01,3.732034564018249512e-01,3.725658357143402100e-01,1.756178736686706543e-01,2.455134242773056030e-01,3.642501235008239746e-01,5.406538248062133789e-01,2.955717220902442932e-02,3.265428822487592697e-03,3.295615911483764648e-01,4.292552769184112549e-01,3.886225521564483643e-01,5.684785246849060059e-01,3.359187245368957520e-01,4.451525509357452393e-01,3.117863833904266357e-01,4.840349256992340088e-01,3.523035943508148193e-01,3.764276802539825439e-01
4.115087985992431641e-01,5.304558277130126953e-01,2.521253228187561035e-01,3.366598188877105713e-01,3.959882259368896484e-01,4.012230336666107178e-01,4.827972650527954102e-01,5.378521680831909180e-01,6.036345958709716797e-01,1.000000000000000000e+00,3.007952570915222168e-01,5.978827476501464844e-01,5.034793019294738770e-01,2.375105470418930054e-01,1.984257400035858154e-01,4.445160329341888428e-01,4.753478765487670898e-01,4.008069634437561035e-01,3.384759128093719482e-01,4.642917513847351074e-01,1.914092749357223511e-01,3.136128783226013184e-01,4.439009428024291992e-01,4.929864406585693359e-01,-8.561018854379653931e-02,4.120388627052307129e-01,3.376221284270286560e-02,1.912696063518524170e-01,4.238277673721313477e-01,4.325342178344726562e-01,4.004552066326141357e-01,4.402692019939422607e-01,2.523500621318817139e-01,2.829085886478424072e-01,2.926393151283264160e-01,5.165226459503173828e-01,1.181679517030715942e-01,1.173617318272590637e-01,3.039165437221527100e-01,4.558875858783721924e-01,4.506710469722747803e-01,6.161774396896362305e-01,3.912985920906066895e-01,4.118831753730773926e-01,4.825225770473480225e-01,6.728910207748413086e-01,4.293946623802185059e-01,4.534429907798767090e-01
2.969344854354858398e-01,7.575482875108718872e-02,6.648656725883483887e-02,3.255939483642578125e-02,2.404799312353134155e-01,2.695492804050445557e-01,1.396169662475585938e-01,6.296960711479187012e-01,3.287437558174133301e-01,3.007952570915222168e-01,1.000000000000000000e+00,5.871611833572387695e-01,2.804174423217773438e-01,3.330473899841308594e-01,5.834724307060241699e-01,5.357705950736999512e-01,1.474995464086532593e-01,1.295236498117446899e-01,4.519939422607421875e-02,1.637518256902694702e-01,1.955948024988174438e-01,1.669464111328125000e-01,3.242170512676239014e-01,3.150283396244049072e-01,1.811604648828506470e-01,2.769328355789184570e-01,-5.055894330143928528e-02,2.018888294696807861e-01,2.827177941799163818e-01,2.959732413291931152e-01,2.757876813411712646e-01,2.509269714355468750e-01,2.764349579811096191e-01,2.347250431776046753e-01,3.530807495117187500e-01,3.579052090644836426e-01,1.531685739755630493e-01,2.936870157718658447e-01,3.153354823589324951e-01,2.868859171867370605e-01,2.119512408971786499e-01,2.819468975067138672e-01,2.222850322723388672e-01,9.935677796602249146e-02,1.999422349035739899e-02,2.028209865093231201e-01,1.894163489341735840e-01,1.748158335685729980e-01
4.892292022705078125e-01,3.383193612098693848e-01,3.234301209449768066e-01,3.455952703952789307e-01,3.304802477359771729e-01,3.693214654922485352e-01,4.078589677810668945e-01,6.641148328781127930e-01,5.659847855567932129e-01,5.978827476501464844e-01,5.871611833572387695e-01,1.000000000000000000e+00,5.019165277481079102e-01,3.991863429546356201e-01,4.249255359172821045e-01,5.357359051704406738e-01,3.984296917915344238e-01,3.489182591438293457e-01,2.151387631893157959e-01,3.955017328262329102e-01,3.417832851409912109e-01,2.646486461162567139e-01,4.131033122539520264e-01,4.162192642688751221e-01,7.525119185447692871e-02,4.905331134796142578e-01,-3.403441235423088074e-02,3.011149764060974121e-01,4.036134481430053711e-01,5.377458930015563965e-01,4.402825236320495605e-01,4.276149868965148926e-01,3.370528221130371094e-01,3.413817286491394043e-01,4.568097293376922607e-01,5.257118344306945801e-01,1.529528796672821045e-01,2.230588048696517944e-01,3.621760904788970947e-01,5.038927197456359863e-01,4.098631739616394043e-01,5.112228989601135254e-01,3.367199003696441650e-01,3.125842213630676270e-01,2.015945315361022949e-01,4.099731445312500000e-01,3.677203357219696045e-01,3.310559988021850586e-01
3.022590279579162598e-01,3.469932973384857178e-01,3.207667171955108643e-01,1.765964478254318237e-01,2.096383720636367798e-01,2.836678922176361084e-01,3.253536820411682129e-01,4.916878938674926758e-01,2.788052558898925781e-01,5.034793019294738770e-01,2.804174423217773438e-01,5.019165277481079102e-01,1.000000000000000000e+00,3.812966048717498779e-01,1.933467239141464233e-01,6.682125329971313477e-01,3.343782424926757812e-01,3.767187297344207764e-01,7.593423128128051758e-02,4.029705524444580078e-01,4.213928878307342529e-01,4.170677959918975830e-01,7.448418140411376953e-01,4.299058616161346436e-01,2.094761580228805542e-01,3.794467151165008545e-01,2.193320095539093018e-01,1.625469624996185303e-01,2.338218986988067627e-01,4.869574606418609619e-01,5.374943614006042480e-01,3.992264568805694580e-01,4.103384613990783691e-01,2.418995797634124756e-01,3.226362466812133789e-01,4.848014414310455322e-01,1.148527488112449646e-01,2.034374773502349854e-01,3.504844903945922852e-01,4.413563609123229980e-01,2.573733925819396973e-01,3.863576948642730713e-01,3.909084498882293701e-01,2.921929061412811279e-01,3.558585941791534424e-01,5.325258374214172363e-01,3.890646696090698242e-01,4.777846336364746094e-01
3.177543878555297852e-01,1.153137013316154480e-01,4.961596056818962097e-02,2.932691946625709534e-02,1.970241516828536987e-01,2.885718643665313721e-01,1.038250699639320374e-01,4.022362232208251953e-01,5.030035600066184998e-02,2.375105470418930054e-01,3.330473899841308594e-01,3.991863429546356201e-01,3.812966048717498779e-01,1.000000000000000000e+00,3.700440526008605957e-01,4.192214608192443848e-01,7.612666487693786621e-02,1.118038073182106018e-01,3.865847736597061157e-02,2.068949788808822632e-01,2.952682375907897949e-01,1.961451917886734009e-01,3.037277162075042725e-01,2.738897502422332764e-01,2.976312637329101562e-01,2.211854159832000732e-01,1.831673830747604370e-01,2.158886194229125977e-01,2.267502248287200928e-01,3.144619464874267578e-01,2.912339866161346436e-01,2.595075070858001709e-01,4.400074481964111328e-01,2.318591326475143433e-01,2.010496854782104492e-01,1.840822398662567139e-01,1.686136573553085327e-01,2.363861948251724243e-01,1.177536994218826294e-01,2.597112357616424561e-01,2.106302976608276367e-01,1.931509673595428467e-01,2.261497676372528076e-01,3.780207782983779907e-02,3.520014137029647827e-02,2.083092331886291504e-01,2.529461681842803955e-01,9.643119573593139648e-02
2.203687876462936401e-01,1.107010096311569214e-01,-3.257190063595771790e-02,1.957848295569419861e-02,2.133467197418212891e-01,2.614891827106475830e-01,9.600523114204406738e-02,2.944526672363281250e-01,1.109293028712272644e-01,1.984257400035858154e-01,5.834724307060241699e-01,4.249255359172821045e-01,1.933467239141464233e-01,3.700440526008605957e-01,1.000000000000000000e+00,5.040429234504699707e-01,1.231709644198417664e-01,9.828461706638336182e-02,8.774405717849731445e-02,1.534340977668762207e-01,1.982908844947814941e-01,1.064371466636657715e-01,2.001452147960662842e-01,1.721924245357513428e-01,2.510123550891876221e-01,1.193310469388961792e-01,1.228313967585563660e-01,1.632188856601715088e-01,1.791748702526092529e-01,2.355429977178573608e-01,2.345695793628692627e-01,2.429160624742507935e-01,2.387938350439071655e-01,4.643967002630233765e-02,1.487573534250259399e-01,3.275204300880432129e-01,1.720980256795883179e-01,5.328976511955261230e-01,2.729121744632720947e-01,2.812679409980773926e-01,1.986962407827377319e-01,2.322559207677841187e-01,2.409942895174026489e-01,-3.204352036118507385e-02,3.071531653404235840e-02,1.508359014987945557e-01,1.717049628496170044e-01,7.075317949056625366e-02
3.414021730422973633e-01,1.447607874870300293e-01,1.471090018749237061e-01,1.513565480709075928e-01,2.734468281269073486e-01,2.937501072883605957e-01,2.675631344318389893e-01,5.574606657028198242e-01,3.081901073455810547e-01,4.445160329341888428e-01,5.357705950736999512e-01,5.357359051704406738e-01,6.682125329971313477e-01,4.192214608192443848e-01,5.040429234504699707e-01,1.000000000000000000e+00,2.492960095405578613e-01,2.793203890323638916e-01,1.242138817906379700e-01,3.771617412567138672e-01,3.488191068172454834e-01,3.145598173141479492e-01,6.845310330390930176e-01,4.240060746669769287e-01,1.896589100360870361e-01,2.614794075489044189e-01,1.219175532460212708e-01,1.554598510265350342e-01,2.408216297626495361e-01,4.063129425048828125e-01,4.595964848995208740e-01,3.621427118778228760e-01,4.028474092483520508e-01,2.812768220901489258e-01,3.027504682540893555e-01,5.171727538108825684e-01,2.156965285539627075e-01,3.308075964450836182e-01,3.980026841163635254e-01,4.522185027599334717e-01,2.045875191688537598e-01,3.099175989627838135e-01,4.390870034694671631e-01,1.576581448316574097e-01,1.709292680025100708e-01,4.245802760124206543e-01,3.308041393756866455e-01,4.308457076549530029e-01
4.329255819320678711e-01,3.351018130779266357e-01,5.682487487792968750e-01,6.437469124794006348e-01,3.223294615745544434e-01,3.601157069206237793e-01,8.796392679214477539e-01,3.242649435997009277e-01,5.161363482475280762e-01,4.753478765487670898e-01,1.474995464086532593e-01,3.984296917915344238e-01,3.343782424926757812e-01,7.612666487693786621e-02,1.231709644198417664e-01,2.492960095405578613e-01,1.000000000000000000e+00,8.071043491363525391e-01,7.123714089393615723e-01,6.322084665298461914e-01,4.104388356208801270e-01,5.169383287429809570e-01,3.110209703445434570e-01,4.600001573562622070e-01,-6.883028894662857056e-02,6.149250268936157227e-01,-5.239953845739364624e-02,3.130858540534973145e-01,5.340394973754882812e-01,5.555573105812072754e-01,6.228238940238952637e-01,5.685850977897644043e-01,2.431525476276874542e-02,1.446307748556137085e-01,2.160683870315551758e-01,5.154657959938049316e-01,-2.928882837295532227e-02,8.142459392547607422e-02,4.537134468555450439e-01,4.750791490077972412e-01,4.066707491874694824e-01,6.917906403541564941e-01,5.148257017135620117e-01,1.655276715755462646e-01,3.631509244441986084e-01,5.712575912475585938e-01,4.799066781997680664e-01,3.699716627597808838e-01
2.762670814990997314e-01,2.290480434894561768e-01,4.918846189975738525e-01,4.615076482295989990e-01,1.658219248056411743e-01,2.533415257930755615e-01,7.476310133934020996e-01,2.762454748153686523e-01,4.121015965938568115e-01,4.008069634437561035e-01,1.295236498117446899e-01,3.489182591438293457e-01,3.767187297344207764e-01,1.118038073182106018e-01,9.828461706638336182e-02,2.793203890323638916e-01,8.071043491363525391e-01,1.000000000000000000e+00,6.832523941993713379e-01,7.540868520736694336e-01,5.999313592910766602e-01,7.315409183502197266e-01,3.548846542835235596e-01,3.837664127349853516e-01,-1.267281174659729004e-01,5.929749608039855957e-01,-4.967859387397766113e-02,2.734558880329132080e-01,4.847328066825866699e-01,6.572228074073791504e-01,7.877930998802185059e-01,6.563256382942199707e-01,-7.753700017929077148e-02,1.005063876509666443e-01,2.081645280122756958e-01,4.056872725486755371e-01,7.503881305456161499e-02,1.018002480268478394e-01,4.221606254577636719e-01,4.212244749069213867e-01,2.340955436229705811e-01,5.507621765136718750e-01,5.972242951393127441e-01,9.442774206399917603e-02,3.213896751403808594e-01,5.558747053146362305e-01,4.369886517524719238e-01,3.857000768184661865e-01
2.855261564254760742e-01,1.823063045740127563e-01,2.722778022289276123e-01,6.015970706939697266e-01,3.121628165245056152e-01,3.006653189659118652e-01,7.425119876861572266e-01,1.399528533220291138e-01,3.768380880355834961e-01,3.384759128093719482e-01,4.519939422607421875e-02,2.151387631893157959e-01,7.593423128128051758e-02,3.865847736597061157e-02,8.774405717849731445e-02,1.242138817906379700e-01,7.123714089393615723e-01,6.832523941993713379e-01,1.000000000000000000e+00,6.639773845672607422e-01,2.792640030384063721e-01,4.226847290992736816e-01,9.117216616868972778e-02,3.507385849952697754e-01,-1.926845163106918335e-01,3.555389940738677979e-01,-2.705416381359100342e-01,2.225168645381927490e-01,4.733107089996337891e-01,4.109953045845031738e-01,4.616383910179138184e-01,4.331104755401611328e-01,-1.572620570659637451e-01,9.760183840990066528e-02,1.451764553785324097e-01,3.424215316772460938e-01,3.618980944156646729e-02,9.715329110622406006e-02,3.699330091476440430e-01,3.399215340614318848e-01,2.835521399974822998e-01,5.642060041427612305e-01,6.153509616851806641e-01,6.952675525099039078e-03,2.025601118803024292e-01,5.141752362251281738e-01,4.102856516838073730e-01,1.560505181550979614e-01
2.827544212341308594e-01,1.302753239870071411e-01,2.940474748611450195e-01,4.309640526771545410e-01,2.259376049041748047e-01,2.948949038982391357e-01,6.281326413154602051e-01,3.261688947677612305e-01,4.252267479896545410e-01,4.642917513847351074e-01,1.637518256902694702e-01,3.955017328262329102e-01,4.029705524444580078e-01,2.068949788808822632e-01,1.534340977668762207e-01,3.771617412567138672e-01,6.322084665298461914e-01,7.540868520736694336e-01,6.639773845672607422e-01,1.000000000000000000e+00,6.853588223457336426e-01,6.740872263908386230e-01,3.867147266864776611e-01,4.991902410984039307e-01,-2.558162808418273926e-01,5.407785177230834961e-01,-2.478400915861129761e-01,1.933919638395309448e-01,4.909674227237701416e-01,6.297771334648132324e-01,7.097632884979248047e-01,7.274572849273681641e-01,-1.022269725799560547e-01,8.142916113138198853e-02,2.387793511152267456e-01,4.194701015949249268e-01,7.753165811300277710e-02,1.587637960910797119e-01,4.817023277282714844e-01,4.762412607669830322e-01,2.134672552347183228e-01,5.232788324356079102e-01,6.860551834106445312e-01,1.013564392924308777e-01,2.200077176094055176e-01,6.563959121704101562e-01,5.096309781074523926e-01,3.568186163902282715e-01
2.302523106336593628e-01,-1.260813977569341660e-02,3.815338909626007080e-01,1.748956143856048584e-01,1.021272167563438416e-01,2.187996953725814819e-01,3.691048622131347656e-01,2.187456637620925903e-01,9.965503215789794922e-02,1.914092749357223511e-01,1.955948024988174438e-01,3.417832851409912109e-01,4.213928878307342529e-01,2.952682375907897949e-01,1.982908844947814941e-01,3.488191068172454834e-01,4.104388356208801270e-01,5.999313592910766602e-01,2.792640030384063721e-01,6.853588223457336426e-01,1.000000000000000000e+00,7.032839655876159668e-01,3.718568980693817139e-01,2.455387264490127563e-01,4.688322544097900391e-02,4.110997319221496582e-01,2.687933854758739471e-02,2.631526887416839600e-01,3.216279447078704834e-01,6.619845032691955566e-01,7.091900706291198730e-01,6.623699069023132324e-01,-3.390330076217651367e-02,5.970508605241775513e-02,1.807703226804733276e-01,2.232106178998947144e-01,9.601821005344390869e-02,8.311676979064941406e-02,3.119269311428070068e-01,2.739130556583404541e-01,2.241848595440387726e-02,2.659908831119537354e-01,4.432713687419891357e-01,-3.848469629883766174e-02,1.013438999652862549e-01,3.354733586311340332e-01,3.811623156070709229e-01,2.969946563243865967e-01
9.229094535112380981e-02,1.096554845571517944e-01,3.329253196716308594e-01,1.746230274438858032e-01,3.476592153310775757e-02,1.635388731956481934e-01,4.734057784080505371e-01,3.177487254142761230e-01,2.501235902309417725e-01,3.136128783226013184e-01,1.669464111328125000e-01,2.646486461162567139e-01,4.170677959918975830e-01,1.961451917886734009e-01,1.064371466636657715e-01,3.145598173141479492e-01,5.169383287429809570e-01,7.315409183502197266e-01,4.226847290992736816e-01,6.740872263908386230e-01,7.032839655876159668e-01,1.000000000000000000e+00,5.347338318824768066e-01,4.486011564731597900e-01,-1.082301288843154907e-01,4.413465261459350586e-01,-2.041323110461235046e-02,2.158322483301162720e-01,3.899414539337158203e-01,6.567854285240173340e-01,7.987861037254333496e-01,6.976646780967712402e-01,-8.256954699754714966e-02,9.031781554222106934e-02,2.348314374685287476e-01,3.896211385726928711e-01,1.539004594087600708e-01,7.316643744707107544e-02,4.011735022068023682e-01,4.296064376831054688e-01,9.159004688262939453e-02,3.394607305526733398e-01,5.463005900382995605e-01,1.078179627656936646e-01,2.298782020807266235e-01,4.445703029632568359e-01,4.124581217765808105e-01,5.679817199707031250e-01
1.909393370151519775e-01,2.019379138946533203e-01,2.688690721988677979e-01,6.668626517057418823e-02,1.012521684169769287e-01,1.643723845481872559e-01,2.820497155189514160e-01,5.257461667060852051e-01,2.715278863906860352e-01,4.439009428024291992e-01,3.242170512676239014e-01,4.131033122539520264e-01,7.448418140411376953e-01,3.037277162075042725e-01,2.001452147960662842e-01,6.845310330390930176e-01,3.110209703445434570e-01,3.548846542835235596e-01,9.117216616868972778e-02,3.867147266864776611e-01,3.718568980693817139e-01,5.347338318824768066e-01,1.000000000000000000e+00,5.458785891532897949e-01,9.521147608757019043e-02,3.220458030700683594e-01,1.511787474155426025e-01,1.553884893655776978e-01,2.661820352077484131e-01,4.776334762573242188e-01,5.107535719871520996e-01,3.874832391738891602e-01,3.713256120681762695e-01,2.263256907463073730e-01,3.006541132926940918e-01,5.647814273834228516e-01,1.537673920392990112e-01,1.296683996915817261e-01,4.168628454208374023e-01,5.692936182022094727e-01,1.704716980457305908e-01,3.047457933425903320e-01,4.556959569454193115e-01,2.539696395397186279e-01,2.946779429912567139e-01,4.923171103000640869e-01,3.620413839817047119e-01,7.111864089965820312e-01
2.905109226703643799e-01,2.499212920665740967e-01,1.906459778547286987e-01,3.452969491481781006e-01,3.312014341354370117e-01,3.572407960891723633e-01,5.068960189819335938e-01,5.023092627525329590e-01,4.696829915046691895e-01,4.929864406585693359e-01,3.150283396244049072e-01,4.162192642688751221e-01,4.299058616161346436e-01,2.738897502422332764e-01,1.721924245357513428e-01,4.240060746669769287e-01,4.600001573562622070e-01,3.837664127349853516e-01,3.507385849952697754e-01,4.991902410984039307e-01,2.455387264490127563e-01,4.486011564731597900e-01,5.458785891532897949e-01,1.000000000000000000e+00,-1.043131947517395020e-01,4.747049808502197266e-01,-1.909923702478408813e-01,1.441636085510253906e-01,4.145983159542083740e-01,4.330139458179473877e-01,5.346403717994689941e-01,5.905328392982482910e-01,1.125149205327033997e-01,2.310227304697036743e-01,3.904674053192138672e-01,7.332836985588073730e-01,4.888909682631492615e-02,1.989164352416992188e-01,5.539065003395080566e-01,6.752761006355285645e-01,3.359100222587585449e-01,5.080973505973815918e-01,4.865711629390716553e-01,2.269309163093566895e-01,2.204404622316360474e-01,5.818473100662231445e-01,7.146425247192382812e-01,4.177699089050292969e-01
3.167901635169982910e-01,5.468233302235603333e-02,1.086852326989173889e-01,-1.047800034284591675e-01,1.214615330100059509e-01,9.586867690086364746e-02,-7.043391466140747070e-02,4.568381607532501221e-02,-2.190823554992675781e-01,-8.561018854379653931e-02,1.811604648828506470e-01,7.525119185447692871e-02,2.094761580228805542e-01,2.976312637329101562e-01,2.510123550891876221e-01,1.896589100360870361e-01,-6.883028894662857056e-02,-1.267281174659729004e-01,-1.926845163106918335e-01,-2.558162808418273926e-01,4.688322544097900391e-02,-1.082301288843154907e-01,9.521147608757019043e-02,-1.043131947517395020e-01,1.000000000000000000e+00,-3.958669304847717285e-02,5.705769658088684082e-01,2.513506710529327393e-01,-4.483932256698608398e-02,7.159506529569625854e-02,1.036137249320745468e-02,-1.027618423104286194e-01,5.434616208076477051e-01,1.561321765184402466e-01,7.720413804054260254e-02,4.103296622633934021e-02,4.046474769711494446e-02,1.038399934768676758e-01,-8.058513514697551727e-03,-1.697374135255813599e-02,-2.733918465673923492e-02,-8.905784785747528076e-02,-1.757597625255584717e-01,-3.609310090541839600e-02,-7.617095112800598145e-02,-1.457833796739578247e-01,-4.055040329694747925e-02,-1.104558259248733521e-01
4.341864287853240967e-01,2.243749797344207764e-01,5.744392871856689453e-01,4.602727293968200684e-01,3.645971715450286865e-01,4.329891502857208252e-01,6.524939537048339844e-01,4.391935169696807861e-01,4.285634458065032959e-01,4.120388627052307129e-01,2.769328355789184570e-01,4.905331134796142578e-01,3.794467151165008545e-01,2.211854159832000732e-01,1.193310469388961792e-01,2.614794075489044189e-01,6.149250268936157227e-01,5.929749608039855957e-01,3.555389940738677979e-01,5.407785177230834961e-01,4.110997319221496582e-01,4.413465261459350586e-01,3.220458030700683594e-01,4.747049808502197266e-01,-3.958669304847717285e-02,1.000000000000000000e+00,-7.756800204515457153e-02,4.259276986122131348e-01,6.219829320907592773e-01,5.960188508033752441e-01,5.850109457969665527e-01,5.728812217712402344e-01,1.677849590778350830e-01,1.501874327659606934e-01,3.030996620655059814e-01,3.957002758979797363e-01,9.596750885248184204e-02,5.329253524541854858e-02,3.535894751548767090e-01,4.533376395702362061e-01,4.594498276710510254e-01,4.926644563674926758e-01,3.820271492004394531e-01,1.823758035898208618e-01,1.955822557210922241e-01,4.349022507667541504e-01,4.223121106624603271e-01,3.149280846118927002e-01
2.191368043422698975e-01,2.457271665334701538e-01,1.034340634942054749e-01,-2.152022272348403931e-01,5.983766540884971619e-02,7.621107250452041626e-02,-9.330262988805770874e-02,-6.839420646429061890e-02,-1.956694722175598145e-01,3.376221284270286560e-02,-5.055894330143928528e-02,-3.403441235423088074e-02,2.193320095539093018e-01,1.831673830747604370e-01,1.228313967585563660e-01,1.219175532460212708e-01,-5.239953845739364624e-02,-4.967859387397766113e-02,-2.705416381359100342e-01,-2.478400915861129761e-01,2.687933854758739471e-02,-2.041323110461235046e-02,1.511787474155426025e-01,-1.909923702478408813e-01,5.705769658088684082e-01,-7.756800204515457153e-02,1.000000000000000000e+00,2.410067170858383179e-01,-1.349002122879028320e-02,7.536330819129943848e-02,3.368296101689338684e-02,-1.499028056859970093e-01,4.379464685916900635e-01,-1.007054280489683151e-02,-1.149961054325103760e-01,-1.724280416965484619e-02,2.095811069011688232e-02,8.848932571709156036e-03,-1.962253600358963013e-01,-6.209758296608924866e-02,1.304624974727630615e-02,-5.841784924268722534e-02,-1.409315764904022217e-01,4.584430158138275146e-02,2.600211501121520996e-01,-4.971927404403686523e-02,-9.349685162305831909e-02,7.418597489595413208e-02
5.582316517829895020e-01,2.007625997066497803e-01,5.717641711235046387e-01,4.190436601638793945e-01,4.049608111381530762e-01,3.971236646175384521e-01,3.600967228412628174e-01,2.262201309204101562e-01,1.951609402894973755e-01,1.912696063518524170e-01,2.018888294696807861e-01,3.011149764060974121e-01,1.625469624996185303e-01,2.158886194229125977e-01,1.632188856601715088e-01,1.554598510265350342e-01,3.130858540534973145e-01,2.734558880329132080e-01,2.225168645381927490e-01,1.933919638395309448e-01,2.631526887416839600e-01,2.158322483301162720e-01,1.553884893655776978e-01,1.441636085510253906e-01,2.513506710529327393e-01,4.259276986122131348e-01,2.410067170858383179e-01,1.000000000000000000e+00,7.296981811523437500e-01,4.368427097797393799e-01,2.929269075393676758e-01,1.618813723325729370e-01,3.085709810256958008e-01,4.099143669009208679e-02,4.873814806342124939e-02,1.622863411903381348e-01,4.644241556525230408e-02,-4.033007845282554626e-02,1.376548111438751221e-01,1.811515390872955322e-01,4.762633442878723145e-01,3.543310165405273438e-01,2.120167911052703857e-01,1.032844483852386475e-01,2.281884700059890747e-01,1.880401372909545898e-01,2.365767359733581543e-01,1.813284009695053101e-01
5.004865527153015137e-01,2.893680930137634277e-01,4.621205627918243408e-01,5.083466172218322754e-01,4.274251461029052734e-01,4.648185074329376221e-01,5.731888413429260254e-01,4.045206904411315918e-01,3.899511992931365967e-01,4.238277673721313477e-01,2.827177941799163818e-01,4.036134481430053711e-01,2.338218986988067627e-01,2.267502248287200928e-01,1.791748702526092529e-01,2.408216297626495361e-01,5.340394973754882812e-01,4.847328066825866699e-01,4.733107089996337891e-01,4.909674227237701416e-01,3.216279447078704834e-01,3.899414539337158203e-01,2.661820352077484131e-01,4.145983159542083740e-01,-4.483932256698608398e-02,6.219829320907592773e-01,-1.349002122879028320e-02,7.296981811523437500e-01,1.000000000000000000e+00,5.594606995582580566e-01,4.717148244380950928e-01,4.126018881797790527e-01,1.564108580350875854e-01,1.386222243309020996e-01,1.946092545986175537e-01,3.487428128719329834e-01,6.369180977344512939e-02,3.730683401226997375e-02,3.266517817974090576e-01,3.838101327419281006e-01,5.677402019500732422e-01,6.160636544227600098e-01,4.895602464675903320e-01,1.796270459890365601e-01,3.301145434379577637e-01,5.059357881546020508e-01,4.259372353553771973e-01,3.052383363246917725e-01
4.468515217304229736e-01,1.633971780538558960e-01,4.220219254493713379e-01,3.082003891468048096e-01,2.509848475456237793e-01,3.067676126956939697e-01,5.501993894577026367e-01,4.231112897396087646e-01,3.579863607883453369e-01,4.325342178344726562e-01,2.959732413291931152e-01,5.377458930015563965e-01,4.869574606418609619e-01,3.144619464874267578e-01,2.355429977178573608e-01,4.063129425048828125e-01,5.555573105812072754e-01,6.572228074073791504e-01,4.109953045845031738e-01,6.297771334648132324e-01,6.619845032691955566e-01,6.567854285240173340e-01,4.776334762573242188e-01,4.330139458179473877e-01,7.159506529569625854e-02,5.960188508033752441e-01,7.536330819129943848e-02,4.368427097797393799e-01,5.594606995582580566e-01,1.000000000000000000e+00,7.824162840843200684e-01,6.557844877243041992e-01,1.656228005886077881e-01,2.803598344326019287e-01,4.094022214412689209e-01,4.188632369041442871e-01,1.606116443872451782e-01,1.283787935972213745e-01,4.097856283187866211e-01,4.982532262802124023e-01,2.528070509433746338e-01,4.824382364749908447e-01,5.130447149276733398e-01,7.288636267185211182e-02,1.880078166723251343e-01,5.095419883728027344e-01,4.618181586265563965e-01,3.600801527500152588e-01
3.004940450191497803e-01,1.344685852527618408e-01,3.959553539752960205e-01,3.035861551761627197e-01,2.318014353513717651e-01,3.271470367908477783e-01,5.912316441535949707e-01,3.775991201400756836e-01,3.732034564018249512e-01,4.004552066326141357e-01,2.757876813411712646e-01,4.402825236320495605e-01,5.374943614006042480e-01,2.912339866161346436e-01,2.345695793628692627e-01,4.595964848995208740e-01,6.228238940238952637e-01,7.877930998802185059e-01,4.616383910179138184e-01,7.097632884979248047e-01,7.091900706291198730e-01,7.987861037254333496e-01,5.107535719871520996e-01,5.346403717994689941e-01,1.036137249320745468e-02,5.850109457969665527e-01,3.368296101689338684e-02,2.929269075393676758e-01,4.717148244380950928e-01,7.824162840843200684e-01,1.000000000000000000e+00,7.869846224784851074e-01,4.103458672761917114e-02,1.288147866725921631e-01,3.178568780422210693e-01,5.002694725990295410e-01,1.333019733428955078e-01,1.935197710990905762e-01,4.800337255001068115e-01,4.967236220836639404e-01,2.113523483276367188e-01,4.509363174438476562e-01,5.709058642387390137e-01,6.364648044109344482e-02,2.097243666648864746e-01,5.313656926155090332e-01,5.545151233673095703e-01,3.939852416515350342e-01
2.483022361993789673e-01,6.305482238531112671e-02,2.916722893714904785e-01,3.054703474044799805e-01,2.241134941577911377e-01,3.409777283668518066e-01,5.523510575294494629e-01,3.677911162376403809e-01,3.725658357143402100e-01,4.402692019939422607e-01,2.509269714355468750e-01,4.276149868965148926e-01,3.992264568805694580e-01,2.595075070858001709e-01,2.429160624742507935e-01,3.621427118778228760e-01,5.685850977897644043e-01,6.563256382942199707e-01,4.331104755401611328e-01,7.274572849273681641e-01,6.623699069023132324e-01,6.976646780967712402e-01,3.874832391738891602e-01,5.905328392982482910e-01,-1.027618423104286194e-01,5.728812217712402344e-01,-1.499028056859970093e-01,1.618813723325729370e-01,4.126018881797790527e-01,6.557844877243041992e-01,7.869846224784851074e-01,1.000000000000000000e+00,-1.745232008397579193e-02,1.094217747449874878e-01,3.042870163917541504e-01,4.839361310005187988e-01,8.715526759624481201e-02,1.981635540723800659e-01,4.479070603847503662e-01,5.027682781219482422e-01,1.929330974817276001e-01,4.125127494335174561e-01,5.034106373786926270e-01,4.808971658349037170e-02,8.555530011653900146e-02,5.000244975090026855e-01,6.194859743118286133e-01,3.565033972263336182e-01
4.347214102745056152e-01,2.392950654029846191e-01,2.197742164134979248e-01,2.273422107100486755e-02,2.515127062797546387e-01,1.835640966892242432e-01,3.612010553479194641e-02,4.624920785427093506e-01,1.756178736686706543e-01,2.523500621318817139e-01,2.764349579811096191e-01,3.370528221130371094e-01,4.103384613990783691e-01,4.400074481964111328e-01,2.387938350439071655e-01,4.028474092483520508e-01,2.431525476276874542e-02,-7.753700017929077148e-02,-1.572620570659637451e-01,-1.022269725799560547e-01,-3.390330076217651367e-02,-8.256954699754714966e-02,3.713256120681762695e-01,1.125149205327033997e-01,5.434616208076477051e-01,1.677849590778350830e-01,4.379464685916900635e-01,3.085709810256958008e-01,1.564108580350875854e-01,1.656228005886077881e-01,4.103458672761917114e-02,-1.745232008397579193e-02,1.000000000000000000e+00,2.684933543205261230e-01,1.285274773836135864e-01,2.092406153678894043e-01,1.064748540520668030e-01,2.359563857316970825e-02,-1.725631393492221832e-02,1.493943780660629272e-01,2.263926267623901367e-01,6.967572122812271118e-02,-2.478286251425743103e-02,2.746722102165222168e-01,7.065666466951370239e-02,7.064821571111679077e-02,2.926172688603401184e-02,2.124226093292236328e-01
