1.000000000000000000e+00,5.362700223922729492e-01,6.075904369354248047e-01,5.706499218940734863e-01,6.080387234687805176e-01,5.550635457038879395e-01,5.280485153198242188e-01,5.361327528953552246e-01,3.955614566802978516e-01,5.616217255592346191e-01,3.815301358699798584e-01,4.650837182998657227e-01,3.970236480236053467e-01,3.528691530227661133e-01,4.827771782875061035e-01,3.157367110252380371e-01,5.395210981369018555e-01,1.977242678403854370e-01,4.511750638484954834e-01,4.170120060443878174e-01,3.426043987274169922e-01,3.195713460445404053e-01,2.342281788587570190e-01,-1.520374268293380737e-01,1.685298979282379150e-01,5.487891435623168945e-01,4.839931726455688477e-01,6.548303961753845215e-01,6.121577620506286621e-01,1.014286950230598450e-01,6.959407776594161987e-02,9.114661812782287598e-02,4.559668898582458496e-01,6.298404335975646973e-01,2.994774580001831055e-01,-2.032717168331146240e-01,3.758719265460968018e-01,3.144038319587707520e-01,1.407775729894638062e-01,-1.101127360016107559e-02,6.055967807769775391e-01,5.546031594276428223e-01,3.770944178104400635e-01,2.163983732461929321e-01,4.158103764057159424e-01,5.405490398406982422e-01,-1.223825812339782715e-01,4.474759399890899658e-01
5.362700223922729492e-01,1.000000000000000000e+00,5.005601644515991211e-01,6.621699333190917969e-01,5.458229184150695801e-01,6.790893673896789551e-01,5.453860163688659668e-01,5.804169774055480957e-01,5.833753943443298340e-01,5.413421392440795898e-01,6.267325282096862793e-01,6.223139762878417969e-01,3.449890613555908203e-01,6.621790528297424316e-01,6.166715621948242188e-01,2.980934679508209229e-01,4.459818005561828613e-01,1.483135372400283813e-01,3.106421530246734619e-01,2.883736789226531982e-01,2.204301357269287109e-01,1.679863184690475464e-01,1.419154256582260132e-01,-9.735403209924697876e-02,1.845902353525161743e-01,4.572493433952331543e-01,5.054997205734252930e-01,4.923095703125000000e-01,6.011504530906677246e-01,3.264974355697631836e-01,1.156709715723991394e-01,-4.403179977089166641e-03,3.408549427986145020e-01,3.857654333114624023e-01,4.845094978809356689e-01,-9.517804137431085110e-04,4.952232539653778076e-01,5.433073639869689941e-01,2.817427814006805420e-01,2.549387887120246887e-02,7.524487972259521484e-01,7.776503562927246094e-01,3.962960243225097656e-01,6.263272762298583984e-01,5.251068472862243652e-01,4.954040050506591797e-01,-4.160060733556747437e-02,1.658092588186264038e-01
6.075904369354248047e-01,5.005601644515991211e-01,1.000000000000000000e+00,7.461619377136230469e-01,4.616730809211730957e-01,5.014634728431701660e-01,5.830051302909851074e-01,3.516412377357482910e-01,4.555787742137908936e-01,5.626416802406311035e-01,4.510086476802825928e-01,5.495157241821289062e-01,4.114435315132141113e-01,3.631742596626281738e-01,5.549215674400329590e-01,4.415220916271209717e-01,5.488772392272949219e-01,1.659523695707321167e-01,4.047611653804779053e-01,3.251733183860778809e-01,2.811383605003356934e-01,2.450061887502670288e-01,2.213075906038284302e-01,-4.993301257491111755e-02,-1.513724867254495621e-02,7.971584796905517578e-01,3.406708240509033203e-01,7.331944704055786133e-01,6.011196374893188477e-01,1.928774863481521606e-01,9.014895558357238770e-02,8.843173831701278687e-02,1.734325885772705078e-01,5.130004882812500000e-01,4.363236427307128906e-01,-7.444769144058227539e-02,2.934045493602752686e-01,4.199754893779754639e-01,3.372524678707122803e-01,9.418178349733352661e-02,5.367478132247924805e-01,6.030990481376647949e-01,3.757258951663970947e-01,3.427276611328125000e-01,3.953226804733276367e-01,5.230767130851745605e-01,-1.269021630287170410e-01,3.342882990837097168e-01
5.706499218940734863e-01,6.621699333190917969e-01,7.461619377136230469e-01,1.000000000000000000e+00,5.462701916694641113e-01,6.614907979965209961e-01,6.163695454597473145e-01,4.856599271297454834e-01,5.558567047119140625e-01,5.692259669303894043e-01,6.066766977310180664e-01,5.893013477325439453e-01,4.142657816410064697e-01,4.850480258464813232e-01,5.632763504981994629e-01,3.799555301666259766e-01,5.460177659988403320e-01,2.528180181980133057e-01,3.572976291179656982e-01,3.255167305469512939e-01,3.177148401737213135e-01,3.006752431392669678e-01,3.296963572502136230e-01,3.122231923043727875e-02,1.846528500318527222e-01,6.261697411537170410e-01,4.683075249195098877e-01,6.754214167594909668e-01,6.216611266136169434e-01,2.028300762176513672e-01,2.311520427465438843e-01,1.661205440759658813e-01,2.543694674968719482e-01,3.690809905529022217e-01,4.181165695190429688e-01,2.822633646428585052e-02,3.724469244480133057e-01,4.564667344093322754e-01,2.806628644466400146e-01,1.723929941654205322e-01,6.756964921951293945e-01,6.733855605125427246e-01,3.846222460269927979e-01,4.852460324764251709e-01,3.943671584129333496e-01,4.999617338180541992e-01,3.016684204339981079e-02,3.134248256683349609e-01
6.080387234687805176e-01,5.458229184150695801e-01,4.616730809211730957e-01,5.462701916694641113e-01,1.000000000000000000e+00,6.493358016014099121e-01,4.901330471038818359e-01,6.405406594276428223e-01,3.754236102104187012e-01,4.753049314022064209e-01,3.229063451290130615e-01,4.355845451354980469e-01,3.609138429164886475e-01,3.681050539016723633e-01,4.222500920295715332e-01,3.080842494964599609e-01,5.005802512168884277e-01,2.380979657173156738e-01,4.136689603328704834e-01,3.781934380531311035e-01,2.624215483665466309e-01,2.007998228073120117e-01,3.002186119556427002e-01,-4.999968409538269043e-02,-7.603270560503005981e-02,4.894513487815856934e-01,3.269906044006347656e-01,5.930168032646179199e-01,5.751196742057800293e-01,1.813451349735260010e-01,2.280916422605514526e-01,9.268336929380893707e-03,4.769740402698516846e-01,6.445161700248718262e-01,4.031568169593811035e-01,6.711037363857030869e-03,2.989480495452880859e-01,3.662716746330261230e-01,2.228136211633682251e-01,8.175873756408691406e-02,7.279082536697387695e-01,4.905843734741210938e-01,4.179325997829437256e-01,1.917594224214553833e-01,2.715964317321777344e-01,4.871717989444732666e-01,-1.966089196503162384e-02,2.834605574607849121e-01
5.550635457038879395e-01,6.790893673896789551e-01,5.014634728431701660e-01,6.614907979965209961e-01,6.493358016014099121e-01,1.000000000000000000e+00,5.817586779594421387e-01,4.955629706382751465e-01,3.931785821914672852e-01,5.570373535156250000e-01,4.701074063777923584e-01,5.849476456642150879e-01,4.346121847629547119e-01,5.121182799339294434e-01,5.609018802642822266e-01,2.810661196708679199e-01,5.760205984115600586e-01,3.256668150424957275e-01,5.203155875205993652e-01,5.144169330596923828e-01,3.379899561405181885e-01,2.861509025096893311e-01,2.677708864212036133e-01,-1.034884527325630188e-01,1.430889815092086792e-01,5.329838991165161133e-01,3.919548392295837402e-01,5.932759642601013184e-01,5.725288391113281250e-01,1.348627507686614990e-01,2.130780220031738281e-01,7.419602572917938232e-02,3.610462546348571777e-01,4.287719726562500000e-01,3.513122797012329102e-01,-1.272019147872924805e-01,5.188885927200317383e-01,4.337944388389587402e-01,2.194068133831024170e-01,5.828587338328361511e-02,7.296805977821350098e-01,6.367433071136474609e-01,3.562494516372680664e-01,4.878360033035278320e-01,4.017634093761444092e-01,4.652025401592254639e-01,-1.333389524370431900e-02,2.504725754261016846e-01
5.280485153198242188e-01,5.453860163688659668e-01,5.830051302909851074e-01,6.163695454597473145e-01,4.901330471038818359e-01,5.817586779594421387e-01,1.000000000000000000e+00,3.692510426044464111e-01,4.512634873390197754e-01,6.712989211082458496e-01,4.963952600955963135e-01,6.108601689338684082e-01,5.435386300086975098e-01,4.053439795970916748e-01,5.426362752914428711e-01,4.234409928321838379e-01,8.313126564025878906e-01,3.824883699417114258e-01,5.164119601249694824e-01,5.727680921554565430e-01,4.780760407447814941e-01,4.320819079875946045e-01,4.438096284866333008e-01,9.929784573614597321e-03,-2.656310610473155975e-02,6.853850483894348145e-01,4.592425227165222168e-01,4.463250935077667236e-01,6.266165971755981445e-01,5.660835504531860352e-01,3.542508780956268311e-01,1.385184824466705322e-01,2.503929436206817627e-01,5.028215050697326660e-01,4.718429744243621826e-01,2.674064040184020996e-02,3.572932779788970947e-01,4.102125465869903564e-01,4.600292444229125977e-01,2.121153473854064941e-01,5.028480291366577148e-01,6.245241761207580566e-01,4.417441487312316895e-01,2.468284070491790771e-01,4.165282547473907471e-01,5.473058819770812988e-01,1.908714883029460907e-02,4.914282858371734619e-01
5.361327528953552246e-01,5.804169774055480957e-01,3.516412377357482910e-01,4.856599271297454834e-01,6.405406594276428223e-01,4.955629706382751465e-01,3.692510426044464111e-01,1.000000000000000000e+00,5.299642682075500488e-01,3.874860703945159912e-01,5.791296958923339844e-01,4.511385560035705566e-01,2.429112195968627930e-01,5.554319024085998535e-01,4.848301708698272705e-01,2.909586429595947266e-01,3.192301988601684570e-01,6.194785982370376587e-02,2.055061608552932739e-01,1.804123222827911377e-01,1.554388701915740967e-01,1.564804762601852417e-01,2.269127815961837769e-01,-4.166625812649726868e-02,1.004096195101737976e-01,2.767445147037506104e-01,3.264997005462646484e-01,4.591974914073944092e-01,4.854706525802612305e-01,1.535142511129379272e-01,1.379620134830474854e-01,-5.077970400452613831e-02,4.883749783039093018e-01,5.430862903594970703e-01,3.850619792938232422e-01,9.269775822758674622e-03,4.068453609943389893e-01,4.466538727283477783e-01,9.180148690938949585e-02,7.009080052375793457e-02,6.286736130714416504e-01,5.281990766525268555e-01,3.190289437770843506e-01,3.877243101596832275e-01,2.538751959800720215e-01,4.125111401081085205e-01,-5.034486576914787292e-02,2.667362391948699951e-01
3.955614566802978516e-01,5.833753943443298340e-01,4.555787742137908936e-01,5.558567047119140625e-01,3.754236102104187012e-01,3.931785821914672852e-01,4.512634873390197754e-01,5.299642682075500488e-01,1.000000000000000000e+00,4.883889257907867432e-01,7.277574539184570312e-01,5.518299341201782227e-01,1.840440779924392700e-01,5.499475598335266113e-01,5.308983922004699707e-01,3.527921736240386963e-01,3.270180523395538330e-01,-3.639976680278778076e-02,1.649293452501296997e-01,7.849739491939544678e-02,6.332681328058242798e-02,-3.208336653187870979e-03,8.237040042877197266e-02,-9.897811710834503174e-02,5.955737084150314331e-02,3.611183464527130127e-01,4.538311958312988281e-01,3.636873960494995117e-01,4.686545133590698242e-01,2.909936308860778809e-01,1.075070723891258240e-02,-4.720995947718620300e-02,2.168018519878387451e-01,3.407414555549621582e-01,4.248554706573486328e-01,-2.686181478202342987e-02,2.661956548690795898e-01,4.962741136550903320e-01,2.451750338077545166e-01,-3.826498985290527344e-02,4.944450259208679199e-01,6.222918033599853516e-01,2.874663770198822021e-01,5.450403690338134766e-01,3.817990124225616455e-01,4.217132329940795898e-01,-1.343700736761093140e-01,1.058425977826118469e-01
5.616217255592346191e-01,5.413421392440795898e-01,5.626416802406311035e-01,5.692259669303894043e-01,4.753049314022064209e-01,5.570373535156250000e-01,6.712989211082458496e-01,3.874860703945159912e-01,4.883889257907867432e-01,1.000000000000000000e+00,4.156101942062377930e-01,7.718319296836853027e-01,6.286980509757995605e-01,3.671160936355590820e-01,7.409874796867370605e-01,5.352042913436889648e-01,6.870185732841491699e-01,3.550781607627868652e-01,6.865842342376708984e-01,5.877835750579833984e-01,5.178505778312683105e-01,3.610808849334716797e-01,4.013678133487701416e-01,3.079907328356057405e-04,-2.208034507930278778e-02,6.715612411499023438e-01,4.481325745582580566e-01,4.911857247352600098e-01,5.672271847724914551e-01,3.764966726303100586e-01,2.827471196651458740e-01,1.159365177154541016e-01,3.114938437938690186e-01,5.793773531913757324e-01,5.337356328964233398e-01,-2.211047103628516197e-03,3.380956649780273438e-01,5.832720994949340820e-01,4.787644743919372559e-01,1.955668479204177856e-01,5.405129790306091309e-01,6.868566274642944336e-01,6.401966810226440430e-01,2.845191657543182373e-01,5.807075500488281250e-01,7.989442348480224609e-01,3.128167707473039627e-03,3.701850473880767822e-01
3.815301358699798584e-01,6.267325282096862793e-01,4.510086476802825928e-01,6.066766977310180664e-01,3.229063451290130615e-01,4.701074063777923584e-01,4.963952600955963135e-01,5.791296958923339844e-01,7.277574539184570312e-01,4.156101942062377930e-01,1.000000000000000000e+00,5.758223533630371094e-01,1.647292971611022949e-01,7.206974029541015625e-01,5.724758505821228027e-01,3.319373130798339844e-01,3.448596596717834473e-01,-6.070049107074737549e-02,8.126564323902130127e-02,6.966628134250640869e-02,7.852109521627426147e-02,6.819339096546173096e-02,9.605695307254791260e-02,-1.269483268260955811e-01,1.835078895092010498e-01,3.486791551113128662e-01,4.827255010604858398e-01,3.661618828773498535e-01,4.622063934803009033e-01,3.028163909912109375e-01,2.177789574488997459e-03,-4.751874879002571106e-02,1.652203947305679321e-01,2.649142444133758545e-01,3.935511410236358643e-01,-5.388639122247695923e-02,4.562938511371612549e-01,5.349872112274169922e-01,1.897205114364624023e-01,-9.264805354177951813e-03,5.023462176322937012e-01,6.290253400802612305e-01,1.776792258024215698e-01,6.305373311042785645e-01,3.637414574623107910e-01,3.284506201744079590e-01,-1.404333114624023438e-01,2.053651958703994751e-01
4.650837182998657227e-01,6.223139762878417969e-01,5.495157241821289062e-01,5.893013477325439453e-01,4.355845451354980469e-01,5.849476456642150879e-01,6.108601689338684082e-01,4.511385560035705566e-01,5.518299341201782227e-01,7.718319296836853027e-01,5.758223533630371094e-01,1.000000000000000000e+00,6.005536317825317383e-01,5.642475485801696777e-01,8.080514073371887207e-01,5.531178116798400879e-01,6.132920980453491211e-01,3.012589812278747559e-01,5.761909484863281250e-01,5.065821409225463867e-01,4.691748619079589844e-01,3.190295696258544922e-01,3.480204939842224121e-01,-5.295589566230773926e-02,-1.437133457511663437e-02,6.088594794273376465e-01,4.647825360298156738e-01,4.840367734432220459e-01,5.471162199974060059e-01,3.520561456680297852e-01,2.586665153503417969e-01,1.546728461980819702e-01,2.051662206649780273e-01,4.632416665554046631e-01,6.097069382667541504e-01,-6.464626174420118332e-03,4.226070344448089600e-01,7.061666250228881836e-01,4.974049329757690430e-01,2.148878127336502075e-01,5.575274825096130371e-01,7.492949962615966797e-01,5.702931880950927734e-01,4.800263643264770508e-01,4.869182407855987549e-01,6.844772696495056152e-01,-4.890614375472068787e-02,2.691721320152282715e-01
3.970236480236053467e-01,3.449890613555908203e-01,4.114435315132141113e-01,4.142657816410064697e-01,3.609138429164886475e-01,4.346121847629547119e-01,5.435386300086975098e-01,2.429112195968627930e-01,1.840440779924392700e-01,6.286980509757995605e-01,1.647292971611022949e-01,6.005536317825317383e-01,1.000000000000000000e+00,1.867354512214660645e-01,5.234479308128356934e-01,6.810931563377380371e-01,6.872799992561340332e-01,5.864694118499755859e-01,6.971726417541503906e-01,8.005629777908325195e-01,7.819774150848388672e-01,6.575721502304077148e-01,7.161750197410583496e-01,3.117817640304565430e-01,-6.141490861773490906e-02,5.206087827682495117e-01,3.408539891242980957e-01,3.638558089733123779e-01,4.053398370742797852e-01,3.441481888294219971e-01,5.259363651275634766e-01,4.781070649623870850e-01,1.037997528910636902e-01,3.419517874717712402e-01,4.599466621875762939e-01,3.181591928005218506e-01,1.296818256378173828e-01,3.933264315128326416e-01,6.700578927993774414e-01,5.766810774803161621e-01,3.794162869453430176e-01,4.737661480903625488e-01,6.657524704933166504e-01,1.156498417258262634e-01,3.377659320831298828e-01,6.659124493598937988e-01,3.302329778671264648e-01,5.421134233474731445e-01
3.528691530227661133e-01,6.621790528297424316e-01,3.631742596626281738e-01,4.850480258464813232e-01,3.681050539016723633e-01,5.121182799339294434e-01,4.053439795970916748e-01,5.554319024085998535e-01,5.499475598335266113e-01,3.671160936355590820e-01,7.206974029541015625e-01,5.642475485801696777e-01,1.867354512214660645e-01,1.000000000000000000e+00,6.097540259361267090e-01,2.191587090492248535e-01,2.887241244316101074e-01,6.406670808792114258e-02,1.242985576391220093e-01,1.094662323594093323e-01,1.230952739715576172e-01,1.034212186932563782e-01,3.965859487652778625e-02,-1.607147455215454102e-01,1.456268429756164551e-01,3.182834386825561523e-01,3.521661758422851562e-01,4.082642197608947754e-01,4.649469256401062012e-01,1.518707424402236938e-01,2.530134283006191254e-02,-1.252838526852428913e-03,3.400641679763793945e-01,3.130494058132171631e-01,3.933105170726776123e-01,-2.157187908887863159e-01,6.421606540679931641e-01,5.350764393806457520e-01,1.164540052413940430e-01,-1.288742423057556152e-01,5.935944318771362305e-01,5.735624432563781738e-01,2.323263883590698242e-01,5.437576770782470703e-01,3.520063757896423340e-01,3.312139511108398438e-01,-1.177223622798919678e-01,7.072889059782028198e-02
4.827771782875061035e-01,6.166715621948242188e-01,5.549215674400329590e-01,5.632763504981994629e-01,4.222500920295715332e-01,5.609018802642822266e-01,5.426362752914428711e-01,4.848301708698272705e-01,5.308983922004699707e-01,7.409874796867370605e-01,5.724758505821228027e-01,8.080514073371887207e-01,5.234479308128356934e-01,6.097540259361267090e-01,1.000000000000000000e+00,5.358363389968872070e-01,5.296732187271118164e-01,2.340337336063385010e-01,4.954045116901397705e-01,3.847045898437500000e-01,3.512374758720397949e-01,2.194221168756484985e-01,2.804930210113525391e-01,-4.119693860411643982e-02,3.050154773518443108e-03,5.521599650382995605e-01,3.366721272468566895e-01,5.006977915763854980e-01,5.335847139358520508e-01,2.890587747097015381e-01,1.722442954778671265e-01,1.163074076175689697e-01,2.429855912923812866e-01,5.302770733833312988e-01,5.785886049270629883e-01,-7.137697935104370117e-02,4.709862172603607178e-01,7.392021417617797852e-01,3.961581587791442871e-01,8.573073893785476685e-02,5.760335326194763184e-01,7.143289446830749512e-01,5.045255422592163086e-01,4.718620181083679199e-01,5.730767250061035156e-01,6.473535895347595215e-01,-4.481604695320129395e-02,2.180847823619842529e-01
3.157367110252380371e-01,2.980934679508209229e-01,4.415220916271209717e-01,3.799555301666259766e-01,3.080842494964599609e-01,2.810661196708679199e-01,4.234409928321838379e-01,2.909586429595947266e-01,3.527921736240386963e-01,5.352042913436889648e-01,3.319373130798339844e-01,5.531178116798400879e-01,6.810931563377380371e-01,2.191587090492248535e-01,5.358363389968872070e-01,1.000000000000000000e+00,5.032891035079956055e-01,2.451609373092651367e-01,4.318422079086303711e-01,4.462546706199645996e-01,4.485770463943481445e-01,3.671440482139587402e-01,5.587898492813110352e-01,2.279767990112304688e-01,-2.230421006679534912e-01,4.359508454799652100e-01,3.671764731407165527e-01,2.551849186420440674e-01,2.503818869590759277e-01,3.231107592582702637e-01,2.294065952301025391e-01,3.112377524375915527e-01,-9.357777982950210571e-02,3.342317938804626465e-01,4.657191038131713867e-01,3.630901873111724854e-01,-8.775381743907928467e-02,4.226275384426116943e-01,7.145602703094482422e-01,4.946733713150024414e-01,3.392319381237030029e-01,4.296041131019592285e-01,5.584607720375061035e-01,1.651616841554641724e-01,2.938219606876373291e-01,5.630195736885070801e-01,1.791476756334304810e-01,4.942943751811981201e-01
5.395210981369018555e-01,4.459818005561828613e-01,5.488772392272949219e-01,5.460177659988403320e-01,5.005802512168884277e-01,5.760205984115600586e-01,8.313126564025878906e-01,3.192301988601684570e-01,3.270180523395538330e-01,6.870185732841491699e-01,3.448596596717834473e-01,6.132920980453491211e-01,6.872799992561340332e-01,2.887241244316101074e-01,5.296732187271118164e-01,5.032891035079956055e-01,1.000000000000000000e+00,5.556200742721557617e-01,6.844328045845031738e-01,7.494370937347412109e-01,6.563007235527038574e-01,5.895726084709167480e-01,5.841104984283447266e-01,1.440456211566925049e-01,-6.634850054979324341e-02,7.275101542472839355e-01,4.575583040714263916e-01,4.647817015647888184e-01,5.514679551124572754e-01,5.177604556083679199e-01,4.527772665023803711e-01,2.878453731536865234e-01,2.173228263854980469e-01,4.732901453971862793e-01,4.860242009162902832e-01,1.404606252908706665e-01,2.842753529548645020e-01,3.975399434566497803e-01,5.346695780754089355e-01,3.651743829250335693e-01,4.733424484729766846e-01,5.984677076339721680e-01,5.461341738700866699e-01,1.714502274990081787e-01,3.940358757972717285e-01,5.994709730148315430e-01,1.499098539352416992e-01,6.052699685096740723e-01
1.977242678403854370e-01,1.483135372400283813e-01,1.659523695707321167e-01,2.528180181980133057e-01,2.380979657173156738e-01,3.256668150424957275e-01,3.824883699417114258e-01,6.194785982370376587e-02,-3.639976680278778076e-02,3.550781607627868652e-01,-6.070049107074737549e-02,3.012589812278747559e-01,5.864694118499755859e-01,6.406670808792114258e-02,2.340337336063385010e-01,2.451609373092651367e-01,5.556200742721557617e-01,1.000000000000000000e+00,5.343246459960937500e-01,6.764776706695556641e-01,7.735171914100646973e-01,7.510122060775756836e-01,6.202353835105895996e-01,4.752405285835266113e-01,-3.961924836039543152e-02,3.734778463840484619e-01,1.429494917392730713e-01,3.026006817817687988e-01,3.468298614025115967e-01,1.933583170175552368e-01,7.659850120544433594e-01,6.319521069526672363e-01,2.040031254291534424e-01,1.457089781761169434e-01,3.269619345664978027e-01,2.921926975250244141e-01,1.017487868666648865e-01,1.361226588487625122e-01,3.119345903396606445e-01,4.639153778553009033e-01,2.131008654832839966e-01,1.944546103477478027e-01,5.372372269630432129e-01,-9.328597038984298706e-02,9.606217592954635620e-02,3.524467349052429199e-01,5.606809854507446289e-01,4.136454463005065918e-01
4.511750638484954834e-01,3.106421530246734619e-01,4.047611653804779053e-01,3.572976291179656982e-01,4.136689603328704834e-01,5.203155875205993652e-01,5.164119601249694824e-01,2.055061608552932739e-01,1.649293452501296997e-01,6.865842342376708984e-01,8.126564323902130127e-02,5.761909484863281250e-01,6.971726417541503906e-01,1.242985576391220093e-01,4.954045116901397705e-01,4.318422079086303711e-01,6.844328045845031738e-01,5.343246459960937500e-01,1.000000000000000000e+00,7.776135206222534180e-01,6.202891469001770020e-01,5.023949742317199707e-01,4.385076463222503662e-01,7.968930900096893311e-02,-6.566881388425827026e-02,6.128029823303222656e-01,3.509230315685272217e-01,4.506711661815643311e-01,4.111132025718688965e-01,2.676482200622558594e-01,4.400626420974731445e-01,2.705736756324768066e-01,2.794638276100158691e-01,4.491338729858398438e-01,3.638298809528350830e-01,4.511945694684982300e-02,1.913092583417892456e-01,3.547551035881042480e-01,4.299225211143493652e-01,3.462393283843994141e-01,3.898037970066070557e-01,4.749823808670043945e-01,6.509709954261779785e-01,7.454857230186462402e-02,3.334335684776306152e-01,6.657714247703552246e-01,1.406134665012359619e-01,3.651744425296783447e-01
4.170120060443878174e-01,2.883736789226531982e-01,3.251733183860778809e-01,3.255167305469512939e-01,3.781934380531311035e-01,5.144169330596923828e-01,5.727680921554565430e-01,1.804123222827911377e-01,7.849739491939544678e-02,5.877835750579833984e-01,6.966628134250640869e-02,5.065821409225463867e-01,8.005629777908325195e-01,1.094662323594093323e-01,3.847045898437500000e-01,4.462546706199645996e-01,7.494370937347412109e-01,6.764776706695556641e-01,7.776135206222534180e-01,1.000000000000000000e+00,8.116274476051330566e-01,7.071282863616943359e-01,6.239388585090637207e-01,2.208638191223144531e-01,-2.887742593884468079e-02,5.224630832672119141e-01,3.052453398704528809e-01,3.436516821384429932e-01,4.055418670177459717e-01,3.445351123809814453e-01,5.452991127967834473e-01,4.028650522232055664e-01,1.605385839939117432e-01,3.353364765644073486e-01,3.675803542137145996e-01,1.994124501943588257e-01,1.962005943059921265e-01,2.772525846958160400e-01,5.222713351249694824e-01,4.850810468196868896e-01,3.461610972881317139e-01,4.224433600902557373e-01,5.914085507392883301e-01,5.427807569503784180e-02,2.815314829349517822e-01,5.973563790321350098e-01,2.866170406341552734e-01,5.359947085380554199e-01
3.426043987274169922e-01,2.204301357269287109e-01,2.811383605003356934e-01,3.177148401737213135e-01,2.624215483665466309e-01,3.379899561405181885e-01,4.780760407447814941e-01,1.554388701915740967e-01,6.332681328058242798e-02,5.178505778312683105e-01,7.852109521627426147e-02,4.691748619079589844e-01,7.819774150848388672e-01,1.230952739715576172e-01,3.512374758720397949e-01,4.485770463943481445e-01,6.563007235527038574e-01,7.735171914100646973e-01,6.202891469001770020e-01,8.116274476051330566e-01,1.000000000000000000e+00,8.204182982444763184e-01,7.265617251396179199e-01,4.182115197181701660e-01,8.870218880474567413e-03,4.529623985290527344e-01,2.591758370399475098e-01,3.149428963661193848e-01,3.831081688404083252e-01,2.819170653820037842e-01,6.887570023536682129e-01,5.873057246208190918e-01,1.489893347024917603e-01,2.538119852542877197e-01,3.763011693954467773e-01,3.333862721920013428e-01,1.685925126075744629e-01,2.179430276155471802e-01,4.881536960601806641e-01,5.713605880737304688e-01,2.438917309045791626e-01,3.511483967304229736e-01,6.020902395248413086e-01,-1.474730484187602997e-02,2.484178841114044189e-01,5.655606985092163086e-01,4.672260284423828125e-01,5.911869406700134277e-01
3.195713460445404053e-01,1.679863184690475464e-01,2.450061887502670288e-01,3.006752431392669678e-01,2.007998228073120117e-01,2.861509025096893311e-01,4.320819079875946045e-01,1.564804762601852417e-01,-3.208336653187870979e-03,3.610808849334716797e-01,6.819339096546173096e-02,3.190295696258544922e-01,6.575721502304077148e-01,1.034212186932563782e-01,2.194221168756484985e-01,3.671440482139587402e-01,5.895726084709167480e-01,7.510122060775756836e-01,5.023949742317199707e-01,7.071282863616943359e-01,8.204182982444763184e-01,1.000000000000000000e+00,7.295026183128356934e-01,4.981524348258972168e-01,1.240684166550636292e-01,3.818635940551757812e-01,2.549109458923339844e-01,3.009067475795745850e-01,3.231012225151062012e-01,1.993293315172195435e-01,6.872508525848388672e-01,7.148209810256958008e-01,1.599460691213607788e-01,9.703094512224197388e-02,2.958660721778869629e-01,3.524509370326995850e-01,1.585029512643814087e-01,1.232604533433914185e-01,3.933970928192138672e-01,5.704783201217651367e-01,1.869517117738723755e-01,2.514322698116302490e-01,4.645990133285522461e-01,-4.216026887297630310e-02,1.773992329835891724e-01,4.091937243938446045e-01,5.564355850219726562e-01,7.270074486732482910e-01
2.342281788587570190e-01,1.419154256582260132e-01,2.213075906038284302e-01,3.296963572502136230e-01,3.002186119556427002e-01,2.677708864212036133e-01,4.438096284866333008e-01,2.269127815961837769e-01,8.237040042877197266e-02,4.013678133487701416e-01,9.605695307254791260e-02,3.480204939842224121e-01,7.161750197410583496e-01,3.965859487652778625e-02,2.804930210113525391e-01,5.587898492813110352e-01,5.841104984283447266e-01,6.202353835105895996e-01,4.385076463222503662e-01,6.239388585090637207e-01,7.265617251396179199e-01,7.295026183128356934e-01,1.000000000000000000e+00,6.032860279083251953e-01,-8.690073154866695404e-03,3.282449841499328613e-01,2.682068347930908203e-01,2.215108722448348999e-01,2.753585875034332275e-01,2.734825611114501953e-01,6.623084545135498047e-01,5.836945176124572754e-01,8.497071266174316406e-02,1.769536584615707397e-01,3.330939710140228271e-01,5.602097511291503906e-01,-1.671148464083671570e-02,1.936967372894287109e-01,5.521875023841857910e-01,7.421174049377441406e-01,2.316786795854568481e-01,2.401318848133087158e-01,4.787431061267852783e-01,-2.371264621615409851e-02,1.270989477634429932e-01,4.405629634857177734e-01,5.806297063827514648e-01,6.973893642425537109e-01
-1.520374268293380737e-01,-9.735403209924697876e-02,-4.993301257491111755e-02,3.122231923043727875e-02,-4.999968409538269043e-02,-1.034884527325630188e-01,9.929784573614597321e-03,-4.166625812649726868e-02,-9.897811710834503174e-02,3.079907328356057405e-04,-1.269483268260955811e-01,-5.295589566230773926e-02,3.117817640304565430e-01,-1.607147455215454102e-01,-4.119693860411643982e-02,2.279767990112304688e-01,1.440456211566925049e-01,4.752405285835266113e-01,7.968930900096893311e-02,2.208638191223144531e-01,4.182115197181701660e-01,4.981524348258972168e-01,6.032860279083251953e-01,1.000000000000000000e+00,2.010867185890674591e-02,4.924298077821731567e-02,5.371214356273412704e-04,-9.838548488914966583e-03,4.832042753696441650e-02,1.760955005884170532e-01,6.171166896820068359e-01,6.333695650100708008e-01,-5.429097637534141541e-02,-1.897257119417190552e-01,1.671519875526428223e-01,6.873442530632019043e-01,-2.281382828950881958e-01,-4.480089247226715088e-02,3.060531318187713623e-01,5.746403336524963379e-01,-2.547544240951538086e-02,-9.812579303979873657e-02,2.108411788940429688e-01,-8.569563925266265869e-02,-1.150293573737144470e-01,7.391756772994995117e-02,8.246325254440307617e-01,3.866278827190399170e-01
1.685298979282379150e-01,1.845902353525161743e-01,-1.513724867254495621e-02,1.846528500318527222e-01,-7.603270560503005981e-02,1.430889815092086792e-01,-2.656310610473155975e-02,1.004096195101737976e-01,5.955737084150314331e-02,-2.208034507930278778e-02,1.835078895092010498e-01,-1.437133457511663437e-02,-6.141490861773490906e-02,1.456268429756164551e-01,3.050154773518443108e-03,-2.230421006679534912e-01,-6.634850054979324341e-02,-3.961924836039543152e-02,-6.566881388425827026e-02,-2.887742593884468079e-02,8.870218880474567413e-03,1.240684166550636292e-01,-8.690073154866695404e-03,2.010867185890674591e-02,1.000000000000000000e+00,-9.197302162647247314e-02,1.513866037130355835e-01,7.075402140617370605e-02,7.482388615608215332e-02,-9.479879587888717651e-02,-1.197741553187370300e-02,4.493905603885650635e-02,2.899219095706939697e-01,-1.971252858638763428e-01,-1.322990506887435913e-01,-2.986699342727661133e-02,3.076476156711578369e-01,4.912015423178672791e-02,-1.836011707782745361e-01,-2.027675323188304901e-02,5.873833224177360535e-02,1.258529573678970337e-01,-1.678965687751770020e-01,3.265239298343658447e-01,2.072814404964447021e-01,-1.190279200673103333e-01,5.589630827307701111e-02,8.693283796310424805e-02
5.487891435623168945e-01,4.572493433952331543e-01,7.971584796905517578e-01,6.261697411537170410e-01,4.894513487815856934e-01,5.329838991165161133e-01,6.853850483894348145e-01,2.767445147037506104e-01,3.611183464527130127e-01,6.715612411499023438e-01,3.486791551113128662e-01,6.088594794273376465e-01,5.206087827682495117e-01,3.182834386825561523e-01,5.521599650382995605e-01,4.359508454799652100e-01,7.275101542472839355e-01,3.734778463840484619e-01,6.128029823303222656e-01,5.224630832672119141e-01,4.529623985290527344e-01,3.818635940551757812e-01,3.282449841499328613e-01,4.924298077821731567e-02,-9.197302162647247314e-02,1.000000000000000000e+00,3.687749207019805908e-01,7.119740247726440430e-01,6.648474335670471191e-01,3.803778290748596191e-01,2.879543602466583252e-01,1.659803688526153564e-01,2.353613227605819702e-01,5.514606833457946777e-01,5.287966728210449219e-01,6.774299778044223785e-03,3.155634403228759766e-01,4.349896311759948730e-01,4.328792691230773926e-01,1.834307312965393066e-01,5.075416564941406250e-01,5.924812555313110352e-01,5.237304568290710449e-01,2.278698235750198364e-01,3.842264115810394287e-01,5.929400920867919922e-01,1.219036057591438293e-02,3.923289179801940918e-01
4.839931726455688477e-01,5.054997205734252930e-01,3.406708240509033203e-01,4.683075249195098877e-01,3.269906044006347656e-01,3.919548392295837402e-01,4.592425227165222168e-01,3.264997005462646484e-01,4.538311958312988281e-01,4.481325745582580566e-01,4.827255010604858398e-01,4.647825360298156738e-01,3.408539891242980957e-01,3.521661758422851562e-01,3.366721272468566895e-01,3.671764731407165527e-01,4.575583040714263916e-01,1.429494917392730713e-01,3.509230315685272217e-01,3.052453398704528809e-01,2.591758370399475098e-01,2.549109458923339844e-01,2.682068347930908203e-01,5.371214356273412704e-04,1.513866037130355835e-01,3.687749207019805908e-01,1.000000000000000000e+00,3.415119349956512451e-01,4.341969788074493408e-01,2.692866623401641846e-01,9.948733448982238770e-02,1.357885152101516724e-01,1.603667438030242920e-01,1.986870020627975464e-01,2.490716576576232910e-01,5.063427984714508057e-02,1.294343918561935425e-01,3.130731880664825439e-01,2.973392605781555176e-01,1.333538144826889038e-01,4.941420555114746094e-01,4.753719568252563477e-01,3.590549230575561523e-01,3.351579904556274414e-01,2.394688278436660767e-01,3.826498687267303467e-01,3.057001344859600067e-02,3.729622364044189453e-01
6.548303961753845215e-01,4.923095703125000000e-01,7.331944704055786133e-01,6.754214167594909668e-01,5.930168032646179199e-01,5.932759642601013184e-01,4.463250935077667236e-01,4.591974914073944092e-01,3.636873960494995117e-01,4.911857247352600098e-01,3.661618828773498535e-01,4.840367734432220459e-01,3.638558089733123779e-01,4.082642197608947754e-01,5.006977915763854980e-01,2.551849186420440674e-01,4.647817015647888184e-01,3.026006817817687988e-01,4.506711661815643311e-01,3.436516821384429932e-01,3.149428963661193848e-01,3.009067475795745850e-01,2.215108722448348999e-01,-9.838548488914966583e-03,7.075402140617370605e-02,7.119740247726440430e-01,3.415119349956512451e-01,1.000000000000000000e+00,7.728884220123291016e-01,3.982514515519142151e-02,2.549124658107757568e-01,2.138012647628784180e-01,3.786402046680450439e-01,5.281868577003479004e-01,3.764398097991943359e-01,-1.237142160534858704e-01,3.718768060207366943e-01,3.783396184444427490e-01,1.209709271788597107e-01,2.208945155143737793e-02,6.404422521591186523e-01,5.027243494987487793e-01,4.297920167446136475e-01,2.757514715194702148e-01,2.532587945461273193e-01,4.817681014537811279e-01,1.726752147078514099e-02,2.265660762786865234e-01
6.121577620506286621e-01,6.011504530906677246e-01,6.011196374893188477e-01,6.216611266136169434e-01,5.751196742057800293e-01,5.725288391113281250e-01,6.266165971755981445e-01,4.854706525802612305e-01,4.686545133590698242e-01,5.672271847724914551e-01,4.622063934803009033e-01,5.471162199974060059e-01,4.053398370742797852e-01,4.649469256401062012e-01,5.335847139358520508e-01,2.503818869590759277e-01,5.514679551124572754e-01,3.468298614025115967e-01,4.111132025718688965e-01,4.055418670177459717e-01,3.831081688404083252e-01,3.231012225151062012e-01,2.753585875034332275e-01,4.832042753696441650e-02,7.482388615608215332e-02,6.648474335670471191e-01,4.341969788074493408e-01,7.728884220123291016e-01,1.000000000000000000e+00,3.303291201591491699e-01,3.458062410354614258e-01,2.016485333442687988e-01,3.755788803100585938e-01,5.466466546058654785e-01,4.808212220668792725e-01,-1.750261336565017700e-02,3.906432390213012695e-01,4.387731552124023438e-01,2.261248975992202759e-01,3.237735107541084290e-02,6.423010230064392090e-01,5.798829793930053711e-01,5.061171650886535645e-01,3.149729073047637939e-01,3.302392959594726562e-01,5.384322404861450195e-01,9.456284344196319580e-02,2.446054816246032715e-01
1.014286950230598450e-01,3.264974355697631836e-01,1.928774863481521606e-01,2.028300762176513672e-01,1.813451349735260010e-01,1.348627507686614990e-01,5.660835504531860352e-01,1.535142511129379272e-01,2.909936308860778809e-01,3.764966726303100586e-01,3.028163909912109375e-01,3.520561456680297852e-01,3.441481888294219971e-01,1.518707424402236938e-01,2.890587747097015381e-01,3.231107592582702637e-01,5.177604556083679199e-01,1.933583170175552368e-01,2.676482200622558594e-01,3.445351123809814453e-01,2.819170653820037842e-01,1.993293315172195435e-01,2.734825611114501953e-01,1.760955005884170532e-01,-9.479879587888717651e-02,3.803778290748596191e-01,2.692866623401641846e-01,3.982514515519142151e-02,3.303291201591491699e-01,1.000000000000000000e+00,3.683312535285949707e-01,6.654498726129531860e-02,1.483486499637365341e-02,1.920541971921920776e-01,4.279968142509460449e-01,4.218590557575225830e-01,5.895187333226203918e-02,3.353441953659057617e-01,5.226143002510070801e-01,2.902579009532928467e-01,1.696563661098480225e-01,3.762220740318298340e-01,3.439097404479980469e-01,1.881383955478668213e-01,2.621006965637207031e-01,3.402208685874938965e-01,1.381213814020156860e-01,2.564952373504638672e-01
6.959407776594161987e-02,1.156709715723991394e-01,9.014895558357238770e-02,2.311520427465438843e-01,2.280916422605514526e-01,2.130780220031738281e-01,3.542508780956268311e-01,1.379620134830474854e-01,1.075070723891258240e-02,2.827471196651458740e-01,2.177789574488997459e-03,2.586665153503417969e-01,5.259363651275634766e-01,2.530134283006191254e-02,1.722442954778671265e-01,2.294065952301025391e-01,4.527772665023803711e-01,7.659850120544433594e-01,4.400626420974731445e-01,5.452991127967834473e-01,6.887570023536682129e-01,6.872508525848388672e-01,6.623084545135498047e-01,6.171166896820068359e-01,-1.197741553187370300e-02,2.879543602466583252e-01,9.948733448982238770e-02,2.549124658107757568e-01,3.458062410354614258e-01,3.683312535285949707e-01,1.000000000000000000e+00,6.584993600845336914e-01,2.203729897737503052e-01,1.128849387168884277e-01,3.388330936431884766e-01,5.233447551727294922e-01,4.755268618464469910e-02,1.398984342813491821e-01,3.249863088130950928e-01,5.681992769241333008e-01,1.486123949289321899e-01,1.431020796298980713e-01,4.913490116596221924e-01,-6.590671092271804810e-02,1.754811964929103851e-02,3.466753661632537842e-01,6.738735437393188477e-01,3.926559388637542725e-01
9.114661812782287598e-02,-4.403179977089166641e-03,8.843173831701278687e-02,1.661205440759658813e-01,9.268336929380893707e-03,7.419602572917938232e-02,1.385184824466705322e-01,-5.077970400452613831e-02,-4.720995947718620300e-02,1.159365177154541016e-01,-4.751874879002571106e-02,1.546728461980819702e-01,4.781070649623870850e-01,-1.252838526852428913e-03,1.163074076175689697e-01,3.112377524375915527e-01,2.878453731536865234e-01,6.319521069526672363e-01,2.705736756324768066e-01,4.028650522232055664e-01,5.873057246208190918e-01,7.148209810256958008e-01,5.836945176124572754e-01,6.333695650100708008e-01,4.493905603885650635e-02,1.659803688526153564e-01,1.357885152101516724e-01,2.138012647628784180e-01,2.016485333442687988e-01,6.654498726129531860e-02,6.584993600845336914e-01,1.000000000000000000e+00,1.221650652587413788e-02,-8.820459991693496704e-02,2.365155220031738281e-01,4.240040779113769531e-01,-7.602714002132415771e-02,4.643993079662322998e-02,2.963119149208068848e-01,4.850572347640991211e-01,2.275749854743480682e-02,1.304370351135730743e-02,3.400058746337890625e-01,-8.911950141191482544e-02,-4.596760496497154236e-03,2.301012873649597168e-01,6.700148582458496094e-01,4.416613876819610596e-01
4.559668898582458496e-01,3.408549427986145020e-01,1.734325885772705078e-01,2.543694674968719482e-01,4.769740402698516846e-01,3.610462546348571777e-01,2.503929436206817627e-01,4.883749783039093018e-01,2.168018519878387451e-01,3.114938437938690186e-01,1.652203947305679321e-01,2.051662206649780273e-01,1.037997528910636902e-01,3.400641679763793945e-01,2.429855912923812866e-01,-9.357777982950210571e-02,2.173228263854980469e-01,2.040031254291534424e-01,2.794638276100158691e-01,1.605385839939117432e-01,1.489893347024917603e-01,1.599460691213607788e-01,8.497071266174316406e-02,-5.429097637534141541e-02,2.899219095706939697e-01,2.353613227605819702e-01,1.603667438030242920e-01,3.786402046680450439e-01,3.755788803100585938e-01,1.483486499637365341e-02,2.203729897737503052e-01,1.221650652587413788e-02,1.000000000000000000e+00,4.946849644184112549e-01,2.208257168531417847e-01,-1.833734810352325439e-01,5.094289779663085938e-01,2.614369988441467285e-01,-1.008352264761924744e-01,-8.792925626039505005e-02,3.816346526145935059e-01,2.518521249294281006e-01,2.060627639293670654e-01,7.376153022050857544e-02,2.685754299163818359e-01,2.835157215595245361e-01,-1.353994593955576420e-03,1.246280819177627563e-01
