1.000000000000000000e+00,1.167529225349426270e-01,3.748642206192016602e-01,5.377778410911560059e-01,5.162836909294128418e-01,4.055915772914886475e-01,7.204543799161911011e-02,1.650054752826690674e-01,1.362389624118804932e-01,1.696129739284515381e-01,2.607679665088653564e-01,1.832714974880218506e-01,3.097535669803619385e-01,1.424212604761123657e-01,1.672679930925369263e-01,1.976157873868942261e-01,-8.683849126100540161e-02,-1.478653550148010254e-01,7.625984400510787964e-02,2.429555207490921021e-01,3.273344337940216064e-01,2.234191298484802246e-01,2.042908668518066406e-01,1.514248102903366089e-01,6.275134682655334473e-01,1.755226701498031616e-01,2.478160411119461060e-01,5.486534833908081055e-01,2.169950008392333984e-01,1.996456980705261230e-01,1.866317242383956909e-01,1.747361123561859131e-01,5.428203940391540527e-01,-2.108854427933692932e-02,5.421382933855056763e-02,1.505866944789886475e-01,1.342346370220184326e-01,8.505598455667495728e-02,2.069842219352722168e-01,2.288422435522079468e-01,3.668746948242187500e-01,1.728854328393936157e-01,1.882618963718414307e-01,-2.528207190334796906e-02,6.178358197212219238e-02,1.886067688465118408e-01,1.598738729953765869e-01,2.722057402133941650e-01
1.167529225349426270e-01,1.000000000000000000e+00,-1.578198075294494629e-01,-3.948438912630081177e-02,8.615369349718093872e-02,4.297870099544525146e-01,2.087324410676956177e-01,2.001743763685226440e-01,5.245777964591979980e-01,4.636832475662231445e-01,1.184128224849700928e-01,1.994825154542922974e-01,1.705619990825653076e-01,-2.380640991032123566e-02,1.133696511387825012e-01,2.606918811798095703e-01,1.518247425556182861e-01,1.764628291130065918e-01,2.926079034805297852e-01,2.145587056875228882e-01,-2.981330454349517822e-02,-9.691465646028518677e-03,3.180843889713287354e-01,-3.311887849122285843e-03,2.393525792285799980e-03,2.236780375242233276e-01,4.134342968463897705e-01,2.348681688308715820e-01,4.425466954708099365e-01,2.668674290180206299e-01,5.114248767495155334e-02,3.427360206842422485e-02,2.047432661056518555e-01,2.270647585391998291e-01,4.328819513320922852e-01,5.160635709762573242e-02,1.473002284765243530e-01,2.830834090709686279e-01,1.857080012559890747e-01,-5.957439169287681580e-02,5.568685531616210938e-01,6.176551580429077148e-01,5.482273697853088379e-01,5.086830854415893555e-01,6.642203330993652344e-01,5.295927524566650391e-01,-7.642127573490142822e-02,5.951567366719245911e-02
3.748642206192016602e-01,-1.578198075294494629e-01,1.000000000000000000e+00,7.028759121894836426e-01,3.254095613956451416e-01,2.780427932739257812e-01,4.438923895359039307e-01,6.643313169479370117e-02,-1.193649992346763611e-01,-4.282423853874206543e-02,8.765035867691040039e-02,5.219371989369392395e-02,1.433895230293273926e-01,3.495428860187530518e-01,4.155854880809783936e-02,-3.382249176502227783e-02,2.894347310066223145e-01,1.570170819759368896e-01,1.169479265809059143e-01,2.862202823162078857e-01,3.637948930263519287e-01,1.667967736721038818e-01,-1.178211718797683716e-01,1.755788773298263550e-01,1.506095677614212036e-01,5.241623520851135254e-01,4.568487778306007385e-02,4.706684947013854980e-01,2.562120854854583740e-01,2.551207542419433594e-01,2.335639297962188721e-01,1.513611972332000732e-01,2.278577685356140137e-01,-1.080515212379395962e-03,-1.791087165474891663e-02,1.639211326837539673e-01,7.311658561229705811e-02,-6.160566117614507675e-04,9.149362146854400635e-02,1.688325703144073486e-01,1.260671298950910568e-02,-4.861310496926307678e-02,6.663885898888111115e-03,-3.587862476706504822e-02,-3.245504945516586304e-02,-9.224342554807662964e-02,1.791204959154129028e-01,8.705682307481765747e-02
5.377778410911560059e-01,-3.948438912630081177e-02,7.028759121894836426e-01,1.000000000000000000e+00,5.286516547203063965e-01,4.672812223434448242e-01,3.706377148628234863e-01,1.269782185554504395e-01,-2.070489339530467987e-02,1.105868965387344360e-01,1.654720306396484375e-01,2.156955599784851074e-01,3.661682903766632080e-01,2.654187381267547607e-01,1.634552180767059326e-01,1.948171257972717285e-01,1.943507194519042969e-01,3.781718015670776367e-02,1.202935650944709778e-01,4.238869249820709229e-01,5.303294062614440918e-01,3.875075876712799072e-01,1.212316285818815231e-02,1.444095373153686523e-01,1.861149817705154419e-01,4.053257703781127930e-01,4.139234870672225952e-02,4.356983900070190430e-01,2.632264792919158936e-01,2.064715325832366943e-01,2.055935710668563843e-01,1.505292356014251709e-01,2.818859219551086426e-01,-1.725075207650661469e-02,-9.623164683580398560e-02,1.281478255987167358e-01,3.517151623964309692e-02,4.227549210190773010e-02,1.062801703810691833e-01,1.572688966989517212e-01,2.073131948709487915e-01,7.624658942222595215e-02,1.006468608975410461e-01,-5.205696076154708862e-02,-5.342755466699600220e-02,-1.302865054458379745e-02,1.392765492200851440e-01,2.211508303880691528e-01
5.162836909294128418e-01,8.615369349718093872e-02,3.254095613956451416e-01,5.286516547203063965e-01,1.000000000000000000e+00,6.269047856330871582e-01,2.955805659294128418e-01,1.298934519290924072e-01,1.841395646333694458e-01,3.617822825908660889e-01,4.106644988059997559e-01,4.664749503135681152e-01,5.100694894790649414e-01,2.778812944889068604e-01,-1.495600789785385132e-01,1.011998020112514496e-02,2.690693140029907227e-01,1.065422594547271729e-02,7.103808224201202393e-02,3.839819133281707764e-01,5.321009755134582520e-01,2.922898530960083008e-01,1.286279261112213135e-01,2.549574077129364014e-01,3.123886585235595703e-01,1.929851472377777100e-01,1.977540105581283569e-01,5.114449262619018555e-01,2.478451579809188843e-01,1.907853335142135620e-01,1.900719255208969116e-01,1.745679080486297607e-01,5.779190659523010254e-01,-8.348349481821060181e-02,-1.793975941836833954e-02,2.272075712680816650e-01,1.109563466161489487e-02,-1.333890259265899658e-01,1.680491417646408081e-01,2.406268268823623657e-01,5.212248563766479492e-01,2.784038484096527100e-01,2.799224257469177246e-01,-8.807817101478576660e-02,1.555017083883285522e-01,2.129745781421661377e-01,2.202157676219940186e-01,1.935735344886779785e-01
4.055915772914886475e-01,4.297870099544525146e-01,2.780427932739257812e-01,4.672812223434448242e-01,6.269047856330871582e-01,1.000000000000000000e+00,4.887234270572662354e-01,1.874800771474838257e-01,3.798618316650390625e-01,4.603941440582275391e-01,2.179573029279708862e-01,3.080585598945617676e-01,3.640460371971130371e-01,1.884716749191284180e-01,-7.877186685800552368e-02,1.021419838070869446e-01,3.126509487628936768e-01,1.210982203483581543e-01,3.666316866874694824e-01,5.829654335975646973e-01,3.462114930152893066e-01,1.632063537836074829e-01,1.295216381549835205e-01,2.930459976196289062e-01,4.980050027370452881e-02,5.124078392982482910e-01,8.505036681890487671e-02,5.815511941909790039e-01,4.896885752677917480e-01,2.447480708360671997e-01,1.227126494050025940e-01,1.906826645135879517e-01,4.420254230499267578e-01,6.381884217262268066e-02,9.855051338672637939e-02,2.528854012489318848e-01,9.861869364976882935e-02,3.237780928611755371e-02,1.808622479438781738e-01,1.836401969194412231e-01,6.319466233253479004e-01,5.421407818794250488e-01,5.225108265876770020e-01,1.464888006448745728e-01,3.714931309223175049e-01,4.323279559612274170e-01,2.112321406602859497e-01,2.452466189861297607e-01
7.204543799161911011e-02,2.087324410676956177e-01,4.438923895359039307e-01,3.706377148628234863e-01,2.955805659294128418e-01,4.887234270572662354e-01,1.000000000000000000e+00,1.802152693271636963e-01,3.575371801853179932e-01,3.520992100238800049e-01,1.676020473241806030e-01,9.694907814264297485e-02,1.849378943443298340e-01,1.333658248186111450e-01,-2.367259562015533447e-01,5.681686848402023315e-02,7.958824038505554199e-01,6.863880753517150879e-01,5.487114191055297852e-01,5.590048432350158691e-01,2.150935828685760498e-01,1.703580170869827271e-01,5.810492858290672302e-02,2.519820928573608398e-01,-1.454899311065673828e-01,6.586301922798156738e-01,3.756106272339820862e-02,4.470472633838653564e-01,4.906489253044128418e-01,3.419215977191925049e-01,2.099411189556121826e-01,1.583635956048965454e-01,2.649208903312683105e-01,2.891795150935649872e-02,-9.923002123832702637e-02,2.190741747617721558e-01,-1.072015799582004547e-02,-4.241856560111045837e-02,1.463297158479690552e-01,1.356214582920074463e-01,3.488331735134124756e-01,5.144451856613159180e-01,4.802232086658477783e-01,1.642205417156219482e-01,3.460495769977569580e-01,3.275453150272369385e-01,1.996711343526840210e-01,3.761458024382591248e-02
1.650054752826690674e-01,2.001743763685226440e-01,6.643313169479370117e-02,1.269782185554504395e-01,1.298934519290924072e-01,1.874800771474838257e-01,1.802152693271636963e-01,1.000000000000000000e+00,4.276556968688964844e-01,2.415618598461151123e-01,4.863572418689727783e-01,3.747541010379791260e-01,2.034033089876174927e-01,3.543028831481933594e-01,1.969003975391387939e-01,1.598336398601531982e-01,2.657577991485595703e-01,2.052941471338272095e-01,1.103885918855667114e-01,5.718912556767463684e-02,2.457968145608901978e-02,-4.211877658963203430e-02,2.117337137460708618e-01,-1.424338072538375854e-01,2.690328955650329590e-01,8.201090618968009949e-03,2.345504462718963623e-01,1.292145848274230957e-01,2.023712992668151855e-01,2.406779117882251740e-02,-1.070405319333076477e-01,-1.774169206619262695e-01,3.325930833816528320e-01,5.076132416725158691e-01,5.339023098349571228e-02,-6.936705112457275391e-02,2.163875997066497803e-01,2.052231281995773315e-01,1.773055046796798706e-01,-9.802260249853134155e-02,1.781467348337173462e-01,1.470281481742858887e-01,-2.301581203937530518e-03,4.564804434776306152e-01,1.987436562776565552e-01,1.937835514545440674e-01,-1.826345920562744141e-01,-1.230270937085151672e-01
1.362389624118804932e-01,5.245777964591979980e-01,-1.193649992346763611e-01,-2.070489339530467987e-02,1.841395646333694458e-01,3.798618316650390625e-01,3.575371801853179932e-01,4.276556968688964844e-01,1.000000000000000000e+00,7.094902396202087402e-01,5.008699297904968262e-01,4.878509938716888428e-01,2.971854507923126221e-01,1.686953455209732056e-01,5.339448526501655579e-02,2.070771753787994385e-01,3.952713906764984131e-01,3.995272815227508545e-01,3.250007629394531250e-01,2.887912690639495850e-01,7.219225913286209106e-02,-5.429389327764511108e-02,2.703303396701812744e-01,6.596464663743972778e-02,6.164504215121269226e-02,2.045419812202453613e-01,1.633103638887405396e-01,2.862620651721954346e-01,3.101086318492889404e-01,3.014906048774719238e-01,3.694101050496101379e-02,7.413298822939395905e-03,2.922505438327789307e-01,2.080737203359603882e-01,8.802267163991928101e-02,1.277464479207992554e-01,1.416505277156829834e-01,2.475298196077346802e-01,2.621020376682281494e-01,-5.536400526762008667e-02,4.882133305072784424e-01,6.383121609687805176e-01,5.289215445518493652e-01,3.878589570522308350e-01,4.635961651802062988e-01,5.218049287796020508e-01,-3.031354025006294250e-02,-7.904545217752456665e-02
1.696129739284515381e-01,4.636832475662231445e-01,-4.282423853874206543e-02,1.105868965387344360e-01,3.617822825908660889e-01,4.603941440582275391e-01,3.520992100238800049e-01,2.415618598461151123e-01,7.094902396202087402e-01,1.000000000000000000e+00,5.304978489875793457e-01,5.906857252120971680e-01,5.304707884788513184e-01,2.693414390087127686e-01,1.235751733183860779e-01,2.711161971092224121e-01,3.640112876892089844e-01,3.026114106178283691e-01,2.357092797756195068e-01,3.527586162090301514e-01,2.483465075492858887e-01,1.467341184616088867e-01,3.477214276790618896e-01,2.864060401916503906e-01,7.158418744802474976e-02,2.140264362096786499e-01,1.166095063090324402e-01,2.867773473262786865e-01,2.159867137670516968e-01,3.634242415428161621e-01,2.117179334163665771e-01,1.799790263175964355e-01,3.367052972316741943e-01,2.351571321487426758e-01,2.563603222370147705e-01,3.093220889568328857e-01,3.010671436786651611e-01,3.558337092399597168e-01,3.829641938209533691e-01,9.115776419639587402e-02,4.762907028198242188e-01,6.203295588493347168e-01,5.788767933845520020e-01,3.328228890895843506e-01,4.766757786273956299e-01,6.618514657020568848e-01,1.552955657243728638e-01,1.077293306589126587e-01
2.607679665088653564e-01,1.184128224849700928e-01,8.765035867691040039e-02,1.654720306396484375e-01,4.106644988059997559e-01,2.179573029279708862e-01,1.676020473241806030e-01,4.863572418689727783e-01,5.008699297904968262e-01,5.304978489875793457e-01,1.000000000000000000e+00,6.894978284835815430e-01,4.490448832511901855e-01,5.170167088508605957e-01,1.111622750759124756e-01,7.501963526010513306e-02,3.004563450813293457e-01,1.757808923721313477e-01,1.795251294970512390e-02,9.988658130168914795e-02,2.958828508853912354e-01,6.784597784280776978e-02,2.387211471796035767e-01,9.376164525747299194e-02,2.669866979122161865e-01,1.610207930207252502e-02,8.454980701208114624e-02,2.346280664205551147e-01,8.124964684247970581e-02,2.698519527912139893e-01,1.476240903139114380e-01,3.741249069571495056e-02,3.533247411251068115e-01,3.245450258255004883e-01,1.256329715251922607e-01,1.263238191604614258e-01,2.225011587142944336e-01,2.803290784358978271e-01,3.413899540901184082e-01,6.134508177638053894e-02,2.398221045732498169e-01,2.610498666763305664e-01,2.190591990947723389e-01,1.670329719781875610e-01,2.471028268337249756e-01,2.993720173835754395e-01,3.278642147779464722e-02,-6.805485486984252930e-02
1.832714974880218506e-01,1.994825154542922974e-01,5.219371989369392395e-02,2.156955599784851074e-01,4.664749503135681152e-01,3.080585598945617676e-01,9.694907814264297485e-02,3.747541010379791260e-01,4.878509938716888428e-01,5.906857252120971680e-01,6.894978284835815430e-01,1.000000000000000000e+00,6.785373687744140625e-01,4.738492667675018311e-01,3.162814080715179443e-01,2.192228734493255615e-01,1.973262131214141846e-01,8.892967551946640015e-02,-7.488429546356201172e-02,2.315599024295806885e-01,5.109068751335144043e-01,2.378930300474166870e-01,3.376947939395904541e-01,1.770860105752944946e-01,2.655008435249328613e-01,7.282684743404388428e-02,2.035377770662307739e-01,2.296953648328781128e-01,1.440678834915161133e-01,3.289095759391784668e-01,1.929084211587905884e-01,1.397141069173812866e-01,4.042003452777862549e-01,2.518696486949920654e-01,2.160053402185440063e-01,2.628524601459503174e-01,3.034153878688812256e-01,2.700146734714508057e-01,3.368601799011230469e-01,7.402755320072174072e-02,3.075710535049438477e-01,3.548736274242401123e-01,2.986664175987243652e-01,1.263395547866821289e-01,2.934012115001678467e-01,3.002801835536956787e-01,1.015207991003990173e-01,9.130183607339859009e-02
3.097535669803619385e-01,1.705619990825653076e-01,1.433895230293273926e-01,3.661682903766632080e-01,5.100694894790649414e-01,3.640460371971130371e-01,1.849378943443298340e-01,2.034033089876174927e-01,2.971854507923126221e-01,5.304707884788513184e-01,4.490448832511901855e-01,6.785373687744140625e-01,1.000000000000000000e+00,3.362419307231903076e-01,2.846454977989196777e-01,4.494141638278961182e-01,1.157154589891433716e-01,5.679776147007942200e-02,1.028768196702003479e-01,5.277228355407714844e-01,6.892923712730407715e-01,5.385197997093200684e-01,4.415630698204040527e-01,3.631695508956909180e-01,3.144260942935943604e-01,1.538895070552825928e-01,2.338831275701522827e-01,3.211082220077514648e-01,1.278516501188278198e-01,3.749609887599945068e-01,3.652705848217010498e-01,3.059202432632446289e-01,5.162962079048156738e-01,1.295857727527618408e-01,2.429541349411010742e-01,3.421758115291595459e-01,3.769559860229492188e-01,2.547209560871124268e-01,3.619243204593658447e-01,1.873982250690460205e-01,3.189916908740997314e-01,3.594550788402557373e-01,3.371579945087432861e-01,1.128648221492767334e-01,2.761096656322479248e-01,3.379926085472106934e-01,2.856993675231933594e-01,3.172031342983245850e-01
1.424212604761123657e-01,-2.380640991032123566e-02,3.495428860187530518e-01,2.654187381267547607e-01,2.778812944889068604e-01,1.884716749191284180e-01,1.333658248186111450e-01,3.543028831481933594e-01,1.686953455209732056e-01,2.693414390087127686e-01,5.170167088508605957e-01,4.738492667675018311e-01,3.362419307231903076e-01,1.000000000000000000e+00,1.797140538692474365e-01,-3.759955242276191711e-02,1.410972028970718384e-01,7.234556227922439575e-02,2.071548998355865479e-02,1.745449155569076538e-01,3.803064823150634766e-01,1.303478777408599854e-01,5.971321091055870056e-02,2.682353556156158447e-01,9.063807129859924316e-02,1.623995006084442139e-01,3.492805734276771545e-02,2.563804984092712402e-01,3.226042166352272034e-02,2.704293727874755859e-01,2.235798537731170654e-01,1.824335902929306030e-01,2.887731492519378662e-01,3.755605518817901611e-01,2.104505896568298340e-01,3.012537658214569092e-01,5.057256817817687988e-01,3.799228370189666748e-01,3.626137673854827881e-01,2.050579786300659180e-01,2.965276828035712242e-03,3.410251438617706299e-02,5.315209552645683289e-02,1.771203577518463135e-01,1.812920421361923218e-01,1.185006126761436462e-01,2.239437103271484375e-01,1.254563033580780029e-01
1.672679930925369263e-01,1.133696511387825012e-01,4.155854880809783936e-02,1.634552180767059326e-01,-1.495600789785385132e-01,-7.877186685800552368e-02,-2.367259562015533447e-01,1.969003975391387939e-01,5.339448526501655579e-02,1.235751733183860779e-01,1.111622750759124756e-01,3.162814080715179443e-01,2.846454977989196777e-01,1.797140538692474365e-01,1.000000000000000000e+00,5.205525755882263184e-01,-2.003011554479598999e-01,-1.198106333613395691e-01,-1.252422481775283813e-01,-2.344571985304355621e-02,1.806572079658508301e-01,2.817773818969726562e-01,2.985964715480804443e-01,-6.391890347003936768e-02,2.462922930717468262e-01,-2.704131416976451874e-02,1.668370887637138367e-02,-1.166757494211196899e-01,-1.083018928766250610e-01,1.134776398539543152e-01,8.832167834043502808e-02,2.323466725647449493e-02,-7.224900275468826294e-02,2.733601629734039307e-01,2.607679665088653564e-01,-2.639509621076285839e-04,3.255443274974822998e-01,5.813303589820861816e-01,1.740533113479614258e-01,-7.319420576095581055e-02,-5.987296625971794128e-02,-1.344123855233192444e-02,-2.946997759863734245e-03,1.449193358421325684e-01,-3.342489525675773621e-02,5.527969077229499817e-02,-8.249299973249435425e-02,2.321123927831649780e-01
1.976157873868942261e-01,2.606918811798095703e-01,-3.382249176502227783e-02,1.948171257972717285e-01,1.011998020112514496e-02,1.021419838070869446e-01,5.681686848402023315e-02,1.598336398601531982e-01,2.070771753787994385e-01,2.711161971092224121e-01,7.501963526010513306e-02,2.192228734493255615e-01,4.494141638278961182e-01,-3.759955242276191711e-02,5.205525755882263184e-01,1.000000000000000000e+00,1.777475699782371521e-02,1.204171702265739441e-01,7.907456904649734497e-02,2.760736346244812012e-01,2.307867705821990967e-01,4.298109412193298340e-01,4.931440949440002441e-01,-4.594277124851942062e-03,2.137503027915954590e-01,9.153407812118530273e-02,2.180950343608856201e-01,2.070467919111251831e-03,7.100876886397600174e-03,2.313436567783355713e-02,4.725349694490432739e-02,-4.510962590575218201e-02,1.949279606342315674e-01,1.509888321161270142e-01,2.666186988353729248e-01,4.432853311300277710e-02,2.779230177402496338e-01,4.451453685760498047e-01,2.506934106349945068e-01,-3.823183104395866394e-02,1.615408062934875488e-01,2.279606759548187256e-01,2.038897275924682617e-01,9.851691126823425293e-02,8.156730234622955322e-02,1.996558308601379395e-01,-7.077093422412872314e-02,2.097012847661972046e-01
-8.683849126100540161e-02,1.518247425556182861e-01,2.894347310066223145e-01,1.943507194519042969e-01,2.690693140029907227e-01,3.126509487628936768e-01,7.958824038505554199e-01,2.657577991485595703e-01,3.952713906764984131e-01,3.640112876892089844e-01,3.004563450813293457e-01,1.973262131214141846e-01,1.157154589891433716e-01,1.410972028970718384e-01,-2.003011554479598999e-01,1.777475699782371521e-02,1.000000000000000000e+00,7.433062791824340820e-01,3.698973953723907471e-01,3.011617064476013184e-01,1.495875865221023560e-01,1.088493466377258301e-01,8.585473895072937012e-02,3.227049857378005981e-02,-1.713206470012664795e-01,3.805209696292877197e-01,2.477884665131568909e-02,2.425540536642074585e-01,3.208549320697784424e-01,1.887491494417190552e-01,1.066198945045471191e-01,-1.993943192064762115e-02,1.232198253273963928e-01,2.288547158241271973e-02,-1.474146246910095215e-01,1.400116458535194397e-02,-1.142420247197151184e-01,-5.370962247252464294e-02,2.147641591727733612e-02,-8.733839541673660278e-02,2.309963852167129517e-01,3.794941902160644531e-01,3.781594038009643555e-01,1.090796217322349548e-01,2.524717450141906738e-01,2.432193309068679810e-01,-3.316105902194976807e-02,-1.445149630308151245e-01
-1.478653550148010254e-01,1.764628291130065918e-01,1.570170819759368896e-01,3.781718015670776367e-02,1.065422594547271729e-02,1.210982203483581543e-01,6.863880753517150879e-01,2.052941471338272095e-01,3.995272815227508545e-01,3.026114106178283691e-01,1.757808923721313477e-01,8.892967551946640015e-02,5.679776147007942200e-02,7.234556227922439575e-02,-1.198106333613395691e-01,1.204171702265739441e-01,7.433062791824340820e-01,1.000000000000000000e+00,5.268484354019165039e-01,3.406162261962890625e-01,6.938601285219192505e-02,1.692022830247879028e-01,1.202293708920478821e-01,1.123376488685607910e-01,-1.808420568704605103e-01,3.302394747734069824e-01,4.821793362498283386e-02,1.716738343238830566e-01,2.370181828737258911e-01,2.480317950248718262e-01,2.470244914293289185e-01,2.558457851409912109e-02,5.478588491678237915e-02,1.971317082643508911e-02,-6.142195686697959900e-02,1.032968610525131226e-01,-2.157920598983764648e-02,7.072678953409194946e-02,1.290006339550018311e-01,-2.491763606667518616e-02,1.567817032337188721e-01,3.995487689971923828e-01,4.453999102115631104e-01,2.103873640298843384e-01,2.559521794319152832e-01,2.430768162012100220e-01,6.891165673732757568e-02,-4.852186143398284912e-02
7.625984400510787964e-02,2.926079034805297852e-01,1.169479265809059143e-01,1.202935650944709778e-01,7.103808224201202393e-02,3.666316866874694824e-01,5.487114191055297852e-01,1.103885918855667114e-01,3.250007629394531250e-01,2.357092797756195068e-01,1.795251294970512390e-02,-7.488429546356201172e-02,1.028768196702003479e-01,2.071548998355865479e-02,-1.252422481775283813e-01,7.907456904649734497e-02,3.698973953723907471e-01,5.268484354019165039e-01,1.000000000000000000e+00,6.056510806083679199e-01,1.293143033981323242e-01,2.028298228979110718e-01,1.558682173490524292e-01,3.508507907390594482e-01,-1.158371195197105408e-01,3.096533417701721191e-01,-1.918980851769447327e-02,3.937057554721832275e-01,4.013091027736663818e-01,3.498496711254119873e-01,3.496081233024597168e-01,2.857738733291625977e-01,1.711820662021636963e-01,-3.818013519048690796e-02,1.565611362457275391e-02,2.972974479198455811e-01,1.107384562492370605e-01,1.832454353570938110e-01,2.905238568782806396e-01,2.159182727336883545e-01,3.731566667556762695e-01,4.938299357891082764e-01,5.189297795295715332e-01,1.945765912532806396e-01,2.964892089366912842e-01,3.049254119396209717e-01,3.233115375041961670e-01,1.765513718128204346e-01
2.429555207490921021e-01,2.145587056875228882e-01,2.862202823162078857e-01,4.238869249820709229e-01,3.839819133281707764e-01,5.829654335975646973e-01,5.590048432350158691e-01,5.718912556767463684e-02,2.887912690639495850e-01,3.527586162090301514e-01,9.988658130168914795e-02,2.315599024295806885e-01,5.277228355407714844e-01,1.745449155569076538e-01,-2.344571985304355621e-02,2.760736346244812012e-01,3.011617064476013184e-01,3.406162261962890625e-01,6.056510806083679199e-01,1.000000000000000000e+00,6.059144735336303711e-01,4.746601581573486328e-01,1.698411405086517334e-01,5.219228267669677734e-01,1.599870435893535614e-02,5.409774780273437500e-01,6.482931971549987793e-02,5.818398594856262207e-01,4.135947227478027344e-01,4.720181524753570557e-01,4.310790896415710449e-01,4.482561051845550537e-01,4.301056265830993652e-01,-3.190021589398384094e-02,4.268723726272583008e-02,4.634366333484649658e-01,2.001834511756896973e-01,1.144463717937469482e-01,3.371341824531555176e-01,2.990874052047729492e-01,4.172661602497100830e-01,5.515612363815307617e-01,5.372284054756164551e-01,1.119569987058639526e-01,3.036071360111236572e-01,3.562658727169036865e-01,4.747201800346374512e-01,3.142642378807067871e-01
3.273344337940216064e-01,-2.981330454349517822e-02,3.637948930263519287e-01,5.303294062614440918e-01,5.321009755134582520e-01,3.462114930152893066e-01,2.150935828685760498e-01,2.457968145608901978e-02,7.219225913286209106e-02,2.483465075492858887e-01,2.958828508853912354e-01,5.109068751335144043e-01,6.892923712730407715e-01,3.803064823150634766e-01,1.806572079658508301e-01,2.307867705821990967e-01,1.495875865221023560e-01,6.938601285219192505e-02,1.293143033981323242e-01,6.059144735336303711e-01,1.000000000000000000e+00,6.702340245246887207e-01,2.124078124761581421e-01,4.514035880565643311e-01,2.924920022487640381e-01,2.016278803348541260e-01,1.900801062583923340e-01,4.977210760116577148e-01,2.309197485446929932e-01,4.491089880466461182e-01,5.387246608734130859e-01,4.653956592082977295e-01,4.528890550136566162e-01,7.240922190248966217e-03,1.025621294975280762e-01,3.982014656066894531e-01,1.590007841587066650e-01,1.065468341112136841e-01,2.784058153629302979e-01,2.247909009456634521e-01,2.219056487083435059e-01,2.359583824872970581e-01,2.823969423770904541e-01,-9.898698329925537109e-02,1.000768095254898071e-01,9.371849149465560913e-02,4.195029735565185547e-01,3.469878435134887695e-01
2.234191298484802246e-01,-9.691465646028518677e-03,1.667967736721038818e-01,3.875075876712799072e-01,2.922898530960083008e-01,1.632063537836074829e-01,1.703580170869827271e-01,-4.211877658963203430e-02,-5.429389327764511108e-02,1.467341184616088867e-01,6.784597784280776978e-02,2.378930300474166870e-01,5.385197997093200684e-01,1.303478777408599854e-01,2.817773818969726562e-01,4.298109412193298340e-01,1.088493466377258301e-01,1.692022830247879028e-01,2.028298228979110718e-01,4.746601581573486328e-01,6.702340245246887207e-01,1.000000000000000000e+00,4.993072152137756348e-01,3.966202437877655029e-01,2.303603738546371460e-01,8.911512792110443115e-02,1.792783588171005249e-01,2.448333054780960083e-01,1.106993257999420166e-01,3.744333088397979736e-01,6.036877632141113281e-01,4.829162061214447021e-01,2.929959297180175781e-01,1.989164389669895172e-02,1.872635781764984131e-01,3.922070562839508057e-01,1.753157377243041992e-01,2.560118138790130615e-01,3.902217745780944824e-01,3.669695556163787842e-01,1.486733257770538330e-01,1.823923140764236450e-01,2.650181055068969727e-01,-3.591564297676086426e-02,9.318558126688003540e-02,1.441011428833007812e-01,4.288522303104400635e-01,6.013575196266174316e-01
2.042908668518066406e-01,3.180843889713287354e-01,-1.178211718797683716e-01,1.212316285818815231e-02,1.286279261112213135e-01,1.295216381549835205e-01,5.810492858290672302e-02,2.117337137460708618e-01,2.703303396701812744e-01,3.477214276790618896e-01,2.387211471796035767e-01,3.376947939395904541e-01,4.415630698204040527e-01,5.971321091055870056e-02,2.985964715480804443e-01,4.931440949440002441e-01,8.585473895072937012e-02,1.202293708920478821e-01,1.558682173490524292e-01,1.698411405086517334e-01,2.124078124761581421e-01,4.993072152137756348e-01,1.000000000000000000e+00,1.681235283613204956e-01,3.125405013561248779e-01,-1.646840386092662811e-02,2.908342182636260986e-01,1.496358662843704224e-01,1.757632195949554443e-01,2.667528688907623291e-01,3.013706505298614502e-01,2.161964774131774902e-01,3.366064727306365967e-01,2.305064350366592407e-01,3.393721878528594971e-01,2.783981859683990479e-01,2.877930402755737305e-01,4.161904454231262207e-01,5.249596238136291504e-01,3.500048220157623291e-01,2.686057090759277344e-01,3.249907195568084717e-01,3.615916669368743896e-01,1.266165822744369507e-01,2.912296056747436523e-01,3.183593750000000000e-01,1.435103565454483032e-01,5.092052817344665527e-01
1.514248102903366089e-01,-3.311887849122285843e-03,1.755788773298263550e-01,1.444095373153686523e-01,2.549574077129364014e-01,2.930459976196289062e-01,2.519820928573608398e-01,-1.424338072538375854e-01,6.596464663743972778e-02,2.864060401916503906e-01,9.376164525747299194e-02,1.770860105752944946e-01,3.631695508956909180e-01,2.682353556156158447e-01,-6.391890347003936768e-02,-4.594277124851942062e-03,3.227049857378005981e-02,1.123376488685607910e-01,3.508507907390594482e-01,5.219228267669677734e-01,4.514035880565643311e-01,3.966202437877655029e-01,1.681235283613204956e-01,1.000000000000000000e+00,1.675094068050384521e-01,2.836800217628479004e-01,5.456054955720901489e-02,4.767412841320037842e-01,2.755906879901885986e-01,5.656043887138366699e-01,6.636334657669067383e-01,7.606923580169677734e-01,4.347093999385833740e-01,6.479796022176742554e-02,2.233452349901199341e-01,8.466278910636901855e-01,3.213159739971160889e-01,2.054430991411209106e-01,5.220451354980468750e-01,5.938059687614440918e-01,2.133274078369140625e-01,2.887687087059020996e-01,3.211836516857147217e-01,1.265915017575025558e-02,3.101755380630493164e-01,2.851558327674865723e-01,8.785530924797058105e-01,5.044366717338562012e-01
6.275134682655334473e-01,2.393525792285799980e-03,1.506095677614212036e-01,1.861149817705154419e-01,3.123886585235595703e-01,4.980050027370452881e-02,-1.454899311065673828e-01,2.690328955650329590e-01,6.164504215121269226e-02,7.158418744802474976e-02,2.669866979122161865e-01,2.655008435249328613e-01,3.144260942935943604e-01,9.063807129859924316e-02,2.462922930717468262e-01,2.137503027915954590e-01,-1.713206470012664795e-01,-1.808420568704605103e-01,-1.158371195197105408e-01,1.599870435893535614e-02,2.924920022487640381e-01,2.303603738546371460e-01,3.125405013561248779e-01,1.675094068050384521e-01,1.000000000000000000e+00,-9.112124890089035034e-02,5.232719182968139648e-01,3.914762437343597412e-01,8.640050888061523438e-02,1.328310668468475342e-01,1.937085092067718506e-01,1.305884718894958496e-01,6.524903774261474609e-01,1.353173106908798218e-01,1.528370082378387451e-01,1.891670525074005127e-01,1.264897137880325317e-01,7.537654787302017212e-02,2.064408361911773682e-01,2.090689986944198608e-01,2.082070112228393555e-01,-1.351608615368604660e-02,-6.170529499650001526e-02,4.396172985434532166e-02,3.137761726975440979e-02,6.009883806109428406e-02,1.657484769821166992e-01,2.256670296192169189e-01
1.755226701498031616e-01,2.236780375242233276e-01,5.241623520851135254e-01,4.053257703781127930e-01,1.929851472377777100e-01,5.124078392982482910e-01,6.586301922798156738e-01,8.201090618968009949e-03,2.045419812202453613e-01,2.140264362096786499e-01,1.610207930207252502e-02,7.282684743404388428e-02,1.538895070552825928e-01,1.623995006084442139e-01,-2.704131416976451874e-02,9.153407812118530273e-02,3.805209696292877197e-01,3.302394747734069824e-01,3.096533417701721191e-01,5.409774780273437500e-01,2.016278803348541260e-01,8.911512792110443115e-02,-1.646840386092662811e-02,2.836800217628479004e-01,-9.112124890089035034e-02,1.000000000000000000e+00,9.731741156429052353e-04,4.997108578681945801e-01,4.496298134326934814e-01,3.898601830005645752e-01,1.668716222047805786e-01,2.420295178890228271e-01,2.297983467578887939e-01,5.727749317884445190e-02,8.439514040946960449e-02,2.894300222396850586e-01,1.370454877614974976e-01,3.408068045973777771e-02,2.075162380933761597e-01,2.171581685543060303e-01,2.901120781898498535e-01,4.412954449653625488e-01,4.085873961448669434e-01,1.680166423320770264e-01,3.308601975440979004e-01,2.941272854804992676e-01,2.383054494857788086e-01,1.562112718820571899e-01
2.478160411119461060e-01,4.134342968463897705e-01,4.568487778306007385e-02,4.139234870672225952e-02,1.977540105581283569e-01,8.505036681890487671e-02,3.756106272339820862e-02,2.345504462718963623e-01,1.633103638887405396e-01,1.166095063090324402e-01,8.454980701208114624e-02,2.035377770662307739e-01,2.338831275701522827e-01,3.492805734276771545e-02,1.668370887637138367e-02,2.180950343608856201e-01,2.477884665131568909e-02,4.821793362498283386e-02,-1.918980851769447327e-02,6.482931971549987793e-02,1.900801062583923340e-01,1.792783588171005249e-01,2.908342182636260986e-01,5.456054955720901489e-02,5.232719182968139648e-01,9.731741156429052353e-04,1.000000000000000000e+00,3.044564723968505859e-01,3.194939494132995605e-01,1.446872949600219727e-01,1.360351592302322388e-01,5.687204003334045410e-02,5.613918304443359375e-01,2.286944538354873657e-01,3.481513261795043945e-01,1.315675079822540283e-01,9.749126434326171875e-02,3.116768039762973785e-02,9.506505727767944336e-02,1.772184669971466064e-02,2.516341209411621094e-01,1.875886470079421997e-01,1.442377418279647827e-01,2.580732107162475586e-01,3.552634418010711670e-01,1.131871715188026428e-01,4.846103489398956299e-02,6.554800271987915039e-02
5.486534833908081055e-01,2.348681688308715820e-01,4.706684947013854980e-01,4.356983900070190430e-01,5.114449262619018555e-01,5.815511941909790039e-01,4.470472633838653564e-01,1.292145848274230957e-01,2.862620651721954346e-01,2.867773473262786865e-01,2.346280664205551147e-01,2.296953648328781128e-01,3.211082220077514648e-01,2.563804984092712402e-01,-1.166757494211196899e-01,2.070467919111251831e-03,2.425540536642074585e-01,1.716738343238830566e-01,3.937057554721832275e-01,5.818398594856262207e-01,4.977210760116577148e-01,2.448333054780960083e-01,1.496358662843704224e-01,4.767412841320037842e-01,3.914762437343597412e-01,4.997108578681945801e-01,3.044564723968505859e-01,1.000000000000000000e+00,6.546419262886047363e-01,5.558583736419677734e-01,4.360865354537963867e-01,4.301178455352783203e-01,6.365857720375061035e-01,7.339593768119812012e-02,8.164902031421661377e-02,4.320248067378997803e-01,1.467167735099792480e-01,4.232028499245643616e-02,3.005522191524505615e-01,2.819550633430480957e-01,5.294021964073181152e-01,4.670201838016510010e-01,4.613665044307708740e-01,8.494926989078521729e-02,3.796860873699188232e-01,3.205884397029876709e-01,4.208645522594451904e-01,2.291052043437957764e-01
2.169950008392333984e-01,4.425466954708099365e-01,2.562120854854583740e-01,2.632264792919158936e-01,2.478451579809188843e-01,4.896885752677917480e-01,4.906489253044128418e-01,2.023712992668151855e-01,3.101086318492889404e-01,2.159867137670516968e-01,8.124964684247970581e-02,1.440678834915161133e-01,1.278516501188278198e-01,3.226042166352272034e-02,-1.083018928766250610e-01,7.100876886397600174e-03,3.208549320697784424e-01,2.370181828737258911e-01,4.013091027736663818e-01,4.135947227478027344e-01,2.309197485446929932e-01,1.106993257999420166e-01,1.757632195949554443e-01,2.755906879901885986e-01,8.640050888061523438e-02,4.496298134326934814e-01,3.194939494132995605e-01,6.546419262886047363e-01,1.000000000000000000e+00,5.583207607269287109e-01,3.288419842720031738e-01,3.035453855991363525e-01,3.549463152885437012e-01,1.540263593196868896e-01,4.836214333772659302e-02,2.790580689907073975e-01,1.615695469081401825e-02,7.764580100774765015e-02,1.722002327442169189e-01,8.628082275390625000e-02,5.269905328750610352e-01,5.207293033599853516e-01,4.570526182651519775e-01,1.076728478074073792e-01,4.699490070343017578e-01,2.383776903152465820e-01,2.392442226409912109e-01,7.962775230407714844e-02
1.996456980705261230e-01,2.668674290180206299e-01,2.551207542419433594e-01,2.064715325832366943e-01,1.907853335142135620e-01,2.447480708360671997e-01,3.419215977191925049e-01,2.406779117882251740e-02,3.014906048774719238e-01,3.634242415428161621e-01,2.698519527912139893e-01,3.289095759391784668e-01,3.749609887599945068e-01,2.704293727874755859e-01,1.134776398539543152e-01,2.313436567783355713e-02,1.887491494417190552e-01,2.480317950248718262e-01,3.498496711254119873e-01,4.720181524753570557e-01,4.491089880466461182e-01,3.744333088397979736e-01,2.667528688907623291e-01,5.656043887138366699e-01,1.328310668468475342e-01,3.898601830005645752e-01,1.446872949600219727e-01,5.558583736419677734e-01,5.583207607269287109e-01,1.000000000000000000e+00,7.148034572601318359e-01,6.422715187072753906e-01,3.150075376033782959e-01,1.517988145351409912e-01,2.673834562301635742e-01,5.697143673896789551e-01,2.501558661460876465e-01,3.313286006450653076e-01,4.851032197475433350e-01,3.200984895229339600e-01,3.136259317398071289e-01,5.138778686523437500e-01,5.164291262626647949e-01,2.008884102106094360e-01,5.105952024459838867e-01,3.846352398395538330e-01,5.272669196128845215e-01,2.737212479114532471e-01
1.866317242383956909e-01,5.114248767495155334e-02,2.335639297962188721e-01,2.055935710668563843e-01,1.900719255208969116e-01,1.227126494050025940e-01,2.099411189556121826e-01,-1.070405319333076477e-01,3.694101050496101379e-02,2.117179334163665771e-01,1.476240903139114380e-01,1.929084211587905884e-01,3.652705848217010498e-01,2.235798537731170654e-01,8.832167834043502808e-02,4.725349694490432739e-02,1.066198945045471191e-01,2.470244914293289185e-01,3.496081233024597168e-01,4.310790896415710449e-01,5.387246608734130859e-01,6.036877632141113281e-01,3.013706505298614502e-01,6.636334657669067383e-01,1.937085092067718506e-01,1.668716222047805786e-01,1.360351592302322388e-01,4.360865354537963867e-01,3.288419842720031738e-01,7.148034572601318359e-01,1.000000000000000000e+00,7.783304452896118164e-01,2.960976660251617432e-01,3.827128559350967407e-02,2.797434329986572266e-01,6.570497751235961914e-01,1.840167045593261719e-01,2.850978672504425049e-01,4.849745333194732666e-01,4.147646725177764893e-01,1.723460257053375244e-01,2.687497138977050781e-01,3.531970679759979248e-01,5.514521151781082153e-02,2.784371078014373779e-01,2.440928220748901367e-01,6.925496459007263184e-01,4.409464001655578613e-01
1.747361123561859131e-01,3.427360206842422485e-02,1.513611972332000732e-01,1.505292356014251709e-01,1.745679080486297607e-01,1.906826645135879517e-01,1.583635956048965454e-01,-1.774169206619262695e-01,7.413298822939395905e-03,1.799790263175964355e-01,3.741249069571495056e-02,1.397141069173812866e-01,3.059202432632446289e-01,1.824335902929306030e-01,2.323466725647449493e-02,-4.510962590575218201e-02,-1.993943192064762115e-02,2.558457851409912109e-02,2.857738733291625977e-01,4.482561051845550537e-01,4.653956592082977295e-01,4.829162061214447021e-01,2.161964774131774902e-01,7.606923580169677734e-01,1.305884718894958496e-01,2.420295178890228271e-01,5.687204003334045410e-02,4.301178455352783203e-01,3.035453855991363525e-01,6.422715187072753906e-01,7.783304452896118164e-01,1.000000000000000000e+00,3.107969164848327637e-01,1.995564904063940048e-03,2.230422347784042358e-01,7.448323369026184082e-01,2.274678051471710205e-01,1.780136525630950928e-01,4.648979008197784424e-01,4.902852475643157959e-01,1.390805691480636597e-01,2.889146208763122559e-01,3.411191999912261963e-01,6.381276249885559082e-02,2.939757406711578369e-01,2.758735418319702148e-01,7.977757453918457031e-01,4.662108123302459717e-01
5.428203940391540527e-01,2.047432661056518555e-01,2.278577685356140137e-01,2.818859219551086426e-01,5.779190659523010254e-01,4.420254230499267578e-01,2.649208903312683105e-01,3.325930833816528320e-01,2.922505438327789307e-01,3.367052972316741943e-01,3.533247411251068115e-01,4.042003452777862549e-01,5.162962079048156738e-01,2.887731492519378662e-01,-7.224900275468826294e-02,1.949279606342315674e-01,1.232198253273963928e-01,5.478588491678237915e-02,1.711820662021636963e-01,4.301056265830993652e-01,4.528890550136566162e-01,2.929959297180175781e-01,3.366064727306365967e-01,4.347093999385833740e-01,6.524903774261474609e-01,2.297983467578887939e-01,5.613918304443359375e-01,6.365857720375061035e-01,3.549463152885437012e-01,3.150075376033782959e-01,2.960976660251617432e-01,3.107969164848327637e-01,1.000000000000000000e+00,2.020709514617919922e-01,2.234310656785964966e-01,4.762178361415863037e-01,2.510722577571868896e-01,6.822515279054641724e-02,4.015992283821105957e-01,3.794935047626495361e-01,4.680146276950836182e-01,3.328847885131835938e-01,2.480736821889877319e-01,1.952300220727920532e-01,3.535397350788116455e-01,2.968361079692840576e-01,3.816402852535247803e-01,2.688894271850585938e-01
