1.000000000000000000e+00,1.517939567565917969e-01,7.079476118087768555e-02,1.355949938297271729e-01,5.193838477134704590e-01,3.613378703594207764e-01,2.316102534532546997e-01,2.585409581661224365e-01,1.395784169435501099e-01,2.696754336357116699e-01,-1.847284585237503052e-01,-7.483885437250137329e-02,3.675561249256134033e-01,-9.389768540859222412e-02,-6.401150673627853394e-02,2.065194547176361084e-01,2.067130804061889648e-01,4.510360211133956909e-02,2.059384435415267944e-01,2.504739165306091309e-01,-8.148254454135894775e-02,1.230442970991134644e-01,2.686579823493957520e-01,-2.120559364557266235e-01,5.818986892700195312e-01,4.811870679259300232e-02,5.325868725776672363e-01,5.133734345436096191e-01,3.266884088516235352e-01,-3.577128052711486816e-01,-2.198167890310287476e-01,-3.863832727074623108e-02,4.650184810161590576e-01,-2.174621820449829102e-01,-4.248661696910858154e-01,-3.383802175521850586e-01,-4.719807952642440796e-02,-3.664275705814361572e-01,-1.763277351856231689e-01,-4.234250262379646301e-02,3.904751837253570557e-01,1.760790646076202393e-01,1.560922861099243164e-01,1.036307215690612793e-01,6.632698327302932739e-02,1.680984646081924438e-01,-2.337053418159484863e-01,-3.783571347594261169e-02
1.517939567565917969e-01,1.000000000000000000e+00,-2.409329265356063843e-02,3.760015219449996948e-02,2.950247228145599365e-01,5.181524157524108887e-01,3.246706426143646240e-01,1.983404606580734253e-01,3.602157235145568848e-01,2.956351339817047119e-01,-2.344905398786067963e-02,-3.707273397594690323e-03,2.261137366294860840e-01,1.095449700951576233e-01,1.998409777879714966e-01,2.030267119407653809e-01,1.351680010557174683e-01,1.977520734071731567e-01,2.883294522762298584e-01,3.066645562648773193e-01,8.904744684696197510e-02,-9.886687248945236206e-02,2.761907875537872314e-02,8.976551704108715057e-03,3.639457374811172485e-02,4.677193760871887207e-01,2.310139834880828857e-01,2.172238230705261230e-01,5.357740521430969238e-01,3.192384541034698486e-02,2.308050543069839478e-02,8.685911446809768677e-02,2.580311596393585205e-01,3.627660870552062988e-01,2.335406690835952759e-01,-4.321948438882827759e-02,2.646313905715942383e-01,1.003137454390525818e-01,2.714201994240283966e-02,-1.455886662006378174e-01,4.359434247016906738e-01,6.009919047355651855e-01,4.452389478683471680e-01,6.188312768936157227e-01,5.419644117355346680e-01,4.401729702949523926e-01,8.345959335565567017e-02,-2.893574237823486328e-01
7.079476118087768555e-02,-2.409329265356063843e-02,1.000000000000000000e+00,6.592431068420410156e-01,4.281648248434066772e-02,1.778435409069061279e-01,3.386176824569702148e-01,5.386546999216079712e-02,1.694577783346176147e-01,1.375127434730529785e-01,3.074325025081634521e-01,4.486196339130401611e-01,2.007274888455867767e-03,3.106779456138610840e-01,1.200058534741401672e-01,-1.245428919792175293e-01,2.539299130439758301e-01,9.584835171699523926e-02,-4.128796234726905823e-02,5.343123897910118103e-02,3.700955510139465332e-01,2.464048713445663452e-01,-1.293013244867324829e-01,4.076676443219184875e-03,-5.506949126720428467e-02,2.403487414121627808e-01,1.282543540000915527e-01,3.866177201271057129e-01,2.455818355083465576e-01,2.396748811006546021e-01,1.364120244979858398e-01,2.302805194631218910e-03,1.285217329859733582e-02,-2.101421542465686798e-02,2.534672431647777557e-02,-3.033878095448017120e-02,-6.446798890829086304e-02,9.704211354255676270e-02,-7.579268515110015869e-02,-1.384112834930419922e-01,1.815739721059799194e-01,4.742310941219329834e-02,1.847519911825656891e-02,-1.026491750963032246e-03,2.446091175079345703e-02,6.051122024655342102e-02,-2.168348245322704315e-02,2.762275002896785736e-02
1.355949938297271729e-01,3.760015219449996948e-02,6.592431068420410156e-01,1.000000000000000000e+00,1.596987396478652954e-01,3.128091692924499512e-01,3.260163366794586182e-01,-1.973856389522552490e-01,-2.030521258711814880e-02,-2.076782472431659698e-02,6.771644949913024902e-02,2.419357150793075562e-01,-1.068329066038131714e-02,-6.942573189735412598e-02,2.000088337808847427e-03,-1.411974523216485977e-02,1.165016591548919678e-01,1.574898362159729004e-01,1.820614784955978394e-01,2.638599276542663574e-01,4.974921941757202148e-01,3.948833048343658447e-01,-1.931269317865371704e-01,9.111700206995010376e-02,-1.731252670288085938e-01,2.141537517309188843e-01,1.230176258832216263e-02,3.247627913951873779e-01,2.434653490781784058e-01,1.102048829197883606e-01,1.642152667045593262e-01,5.722112581133842468e-02,-1.867525279521942139e-01,-1.026059240102767944e-01,5.275818053632974625e-03,1.728057279251515865e-03,-2.455677092075347900e-01,-6.981324404478073120e-02,-1.554097831249237061e-01,-8.965671807527542114e-02,2.518350183963775635e-01,5.465845391154289246e-02,-5.240140948444604874e-03,-5.888238176703453064e-02,-5.525078997015953064e-02,-9.100930392742156982e-02,4.757618159055709839e-02,1.024743542075157166e-01
5.193838477134704590e-01,2.950247228145599365e-01,4.281648248434066772e-02,1.596987396478652954e-01,1.000000000000000000e+00,6.817867755889892578e-01,2.372359633445739746e-01,2.733950614929199219e-01,9.846857935190200806e-02,1.543060988187789917e-01,-2.436336502432823181e-02,7.429429888725280762e-02,3.512454032897949219e-01,3.904617577791213989e-02,2.155597060918807983e-01,3.283510208129882812e-01,1.528790444135665894e-01,-2.787429466843605042e-02,1.897674947977066040e-01,1.602633893489837646e-01,-7.032242417335510254e-02,-7.961620576679706573e-03,1.450692415237426758e-01,-1.113694459199905396e-01,4.212296903133392334e-01,1.430831700563430786e-01,4.075093567371368408e-01,2.915897965431213379e-01,2.657664716243743896e-01,-2.403948903083801270e-01,-1.676719635725021362e-01,-8.120241574943065643e-03,5.063022971153259277e-01,4.663199931383132935e-02,-9.309431910514831543e-02,-1.310352832078933716e-01,1.788369864225387573e-01,1.907600462436676025e-02,-6.481690704822540283e-02,4.375221952795982361e-02,4.285111427307128906e-01,1.797416210174560547e-01,8.990140259265899658e-02,2.323876768350601196e-01,1.276272386312484741e-01,7.574252784252166748e-02,-1.206851676106452942e-01,-8.594121038913726807e-02
3.613378703594207764e-01,5.181524157524108887e-01,1.778435409069061279e-01,3.128091692924499512e-01,6.817867755889892578e-01,1.000000000000000000e+00,4.136452674865722656e-01,1.811259835958480835e-01,3.154922723770141602e-01,3.364103734493255615e-01,-5.135798826813697815e-02,6.903215497732162476e-02,3.951463103294372559e-01,4.414749145507812500e-02,2.662376165390014648e-01,3.298852443695068359e-01,2.205892056226730347e-01,1.804932504892349243e-01,3.101105391979217529e-01,3.600395023822784424e-01,1.522016227245330811e-01,-2.366680838167667389e-02,1.248019635677337646e-01,-1.351839900016784668e-01,1.827822178602218628e-01,4.470257461071014404e-01,2.074543535709381104e-01,2.473984360694885254e-01,3.867611289024353027e-01,-1.926978528499603271e-01,-1.023610085248947144e-01,2.371864393353462219e-02,2.679000794887542725e-01,1.585644185543060303e-01,4.857528582215309143e-02,-1.843220591545104980e-01,1.700532436370849609e-01,7.179108262062072754e-02,-9.488248080015182495e-02,-7.524907588958740234e-02,4.578915834426879883e-01,4.035215675830841064e-01,2.568216323852539062e-01,4.031018614768981934e-01,2.494526803493499756e-01,2.827752530574798584e-01,-5.474392697215080261e-02,-2.162765413522720337e-01
2.316102534532546997e-01,3.246706426143646240e-01,3.386176824569702148e-01,3.260163366794586182e-01,2.372359633445739746e-01,4.136452674865722656e-01,1.000000000000000000e+00,-6.186514720320701599e-02,5.070884227752685547e-01,5.691293478012084961e-01,-2.721380889415740967e-01,-1.045979186892509460e-01,2.630418539047241211e-01,-9.508580714464187622e-02,-5.727801844477653503e-02,2.393911629915237427e-01,7.869668602943420410e-01,5.508194565773010254e-01,5.593981742858886719e-01,5.704834461212158203e-01,5.498364567756652832e-03,4.568557813763618469e-02,5.269705783575773239e-03,-2.537259161472320557e-01,-1.094427704811096191e-01,7.289066314697265625e-01,-9.193273633718490601e-02,-2.161730267107486725e-02,1.463039815425872803e-01,-2.383116334676742554e-01,-2.086024582386016846e-01,1.662408113479614258e-01,-9.909992665052413940e-02,2.202349342405796051e-02,-1.140546500682830811e-01,-3.282597661018371582e-01,7.503569871187210083e-02,-1.613424569368362427e-01,-2.513104081153869629e-01,-3.155298531055450439e-01,4.223736003041267395e-02,6.325262188911437988e-01,5.826948285102844238e-01,4.044904112815856934e-01,2.921903729438781738e-01,5.552441477775573730e-01,-1.120423674583435059e-01,-1.921646296977996826e-01
2.585409581661224365e-01,1.983404606580734253e-01,5.386546999216079712e-02,-1.973856389522552490e-01,2.733950614929199219e-01,1.811259835958480835e-01,-6.186514720320701599e-02,1.000000000000000000e+00,2.280975729227066040e-01,9.455259889364242554e-02,5.023077726364135742e-01,3.589207231998443604e-01,2.422229945659637451e-01,5.260668992996215820e-01,2.798465192317962646e-01,1.755211949348449707e-01,8.409585058689117432e-02,-7.587199658155441284e-02,-2.895942926406860352e-01,-2.182630747556686401e-01,2.536847256124019623e-02,-4.158926010131835938e-02,3.323030769824981689e-01,-1.531387120485305786e-01,5.314813852310180664e-01,-8.345448970794677734e-02,5.220401287078857422e-01,3.210620284080505371e-01,2.526615262031555176e-01,7.902095466852188110e-02,6.026580557227134705e-02,-1.324621289968490601e-01,7.321692705154418945e-01,4.277805685997009277e-01,1.148691624402999878e-01,-6.488293409347534180e-02,4.932741522789001465e-01,2.881495356559753418e-01,2.759419679641723633e-01,1.256857812404632568e-01,3.985615074634552002e-01,2.815164392814040184e-03,-4.479401931166648865e-02,1.329554468393325806e-01,2.290979027748107910e-01,2.111339382827281952e-02,-1.032667532563209534e-01,-2.154470831155776978e-01
1.395784169435501099e-01,3.602157235145568848e-01,1.694577783346176147e-01,-2.030521258711814880e-02,9.846857935190200806e-02,3.154922723770141602e-01,5.070884227752685547e-01,2.280975729227066040e-01,1.000000000000000000e+00,7.848883271217346191e-01,5.452794954180717468e-02,1.259280145168304443e-01,3.397572636604309082e-01,1.039191037416458130e-01,1.145770214498043060e-02,1.448224484920501709e-01,5.247317552566528320e-01,3.008251488208770752e-01,2.083604782819747925e-01,2.469182163476943970e-01,2.658553421497344971e-03,-1.823267787694931030e-01,1.734237819910049438e-01,-3.283501863479614258e-01,2.333547733724117279e-02,5.078997015953063965e-01,5.100952461361885071e-02,4.411613941192626953e-02,1.450842320919036865e-01,-1.153059303760528564e-01,-1.059531420469284058e-01,-1.574773155152797699e-02,1.522007584571838379e-01,1.367882490158081055e-01,1.083847135305404663e-01,-3.312465548515319824e-01,2.356799542903900146e-01,5.239637685008347034e-04,-1.111651360988616943e-01,-2.749850749969482422e-01,1.244002878665924072e-01,5.943527817726135254e-01,5.135892629623413086e-01,5.666236877441406250e-01,2.549036145210266113e-01,6.757839918136596680e-01,-1.457873731851577759e-01,-3.571883141994476318e-01
2.696754336357116699e-01,2.956351339817047119e-01,1.375127434730529785e-01,-2.076782472431659698e-02,1.543060988187789917e-01,3.364103734493255615e-01,5.691293478012084961e-01,9.455259889364242554e-02,7.848883271217346191e-01,1.000000000000000000e+00,-1.935911327600479126e-01,6.399258226156234741e-02,4.901908636093139648e-01,5.344507098197937012e-02,-3.054819628596305847e-02,1.175716593861579895e-01,5.890226364135742188e-01,2.686085402965545654e-01,3.278465569019317627e-01,4.688267707824707031e-01,1.139565743505954742e-02,-2.433259189128875732e-01,1.171569079160690308e-01,-3.697621226310729980e-01,4.975000023841857910e-02,5.072196722030639648e-01,5.887444689869880676e-02,-2.624855749309062958e-02,5.892619490623474121e-02,-2.349778562784194946e-01,-2.350792139768600464e-01,-2.298076404258608818e-03,7.149485498666763306e-02,-6.176935508847236633e-02,-1.294766217470169067e-01,-4.321441650390625000e-01,1.658486574888229370e-01,-1.774464547634124756e-01,-2.975301146507263184e-01,-3.745770752429962158e-01,-3.142355009913444519e-03,5.828078389167785645e-01,5.741295218467712402e-01,6.107189059257507324e-01,2.680540978908538818e-01,7.451303005218505859e-01,-2.328038364648818970e-01,-3.441627621650695801e-01
-1.847284585237503052e-01,-2.344905398786067963e-02,3.074325025081634521e-01,6.771644949913024902e-02,-2.436336502432823181e-02,-5.135798826813697815e-02,-2.721380889415740967e-01,5.023077726364135742e-01,5.452794954180717468e-02,-1.935911327600479126e-01,1.000000000000000000e+00,6.877695918083190918e-01,-1.553648114204406738e-01,5.141133069992065430e-01,3.523027002811431885e-01,-7.559568434953689575e-02,-1.768978238105773926e-01,-2.423701882362365723e-01,-5.438216924667358398e-01,-5.037665367126464844e-01,2.852491438388824463e-01,1.897234283387660980e-02,-2.433155290782451630e-02,1.634600311517715454e-01,1.550959497690200806e-01,-2.101478576660156250e-01,2.865545451641082764e-01,3.573835790157318115e-01,1.815551966428756714e-01,5.610523819923400879e-01,3.639289438724517822e-01,-1.811650097370147705e-01,3.562100827693939209e-01,3.830851614475250244e-01,3.870546817779541016e-01,2.994273304939270020e-01,2.723580896854400635e-01,4.869197010993957520e-01,3.718807101249694824e-01,1.894526332616806030e-01,2.631423771381378174e-01,-2.216080278158187866e-01,-2.466074824333190918e-01,-1.255441308021545410e-01,6.454744189977645874e-02,-1.952566951513290405e-01,9.958060830831527710e-02,9.308425709605216980e-03
-7.483885437250137329e-02,-3.707273397594690323e-03,4.486196339130401611e-01,2.419357150793075562e-01,7.429429888725280762e-02,6.903215497732162476e-02,-1.045979186892509460e-01,3.589207231998443604e-01,1.259280145168304443e-01,6.399258226156234741e-02,6.877695918083190918e-01,1.000000000000000000e+00,3.194057568907737732e-02,5.550635457038879395e-01,4.007399380207061768e-01,-5.450227856636047363e-02,-1.962845399975776672e-02,-2.862061560153961182e-01,-4.513314664363861084e-01,-2.251704037189483643e-01,3.924412131309509277e-01,-3.054624982178211212e-02,-1.464909762144088745e-01,8.503936976194381714e-02,1.389340609312057495e-01,-8.637545257806777954e-02,3.076859414577484131e-01,3.580242693424224854e-01,1.505212336778640747e-01,4.696119129657745361e-01,2.321191579103469849e-01,-1.927670091390609741e-01,2.804130315780639648e-01,2.225843071937561035e-01,2.346325516700744629e-01,1.557081788778305054e-01,1.664809286594390869e-01,3.530561625957489014e-01,1.361200064420700073e-01,2.215869165956974030e-02,1.801922321319580078e-01,-1.650706976652145386e-01,-1.848963648080825806e-01,2.636343240737915039e-02,3.182207420468330383e-02,-8.340725302696228027e-02,1.464635017327964306e-03,-2.669388242065906525e-02
3.675561249256134033e-01,2.261137366294860840e-01,2.007274888455867767e-03,-1.068329066038131714e-02,3.512454032897949219e-01,3.951463103294372559e-01,2.630418539047241211e-01,2.422229945659637451e-01,3.397572636604309082e-01,4.901908636093139648e-01,-1.553648114204406738e-01,3.194057568907737732e-02,1.000000000000000000e+00,6.940472871065139771e-02,7.501104474067687988e-02,4.015699625015258789e-01,2.791006565093994141e-01,2.904796898365020752e-01,3.081307709217071533e-01,4.444918036460876465e-01,2.552101612091064453e-01,1.423891782760620117e-01,3.764950335025787354e-01,-3.437054157257080078e-01,2.202012091875076294e-01,1.900921761989593506e-01,2.149856537580490112e-01,3.637000173330307007e-02,5.813390761613845825e-02,-1.773497313261032104e-01,4.437641706317663193e-03,-1.218489706516265869e-01,2.869310379028320312e-01,4.012050107121467590e-02,-8.587629348039627075e-02,-4.043560326099395752e-01,2.235770225524902344e-01,-1.580291055142879486e-02,-6.499521434307098389e-02,-2.600045800209045410e-01,1.431129574775695801e-01,2.689001560211181641e-01,4.274044036865234375e-01,3.416158556938171387e-01,1.006393954157829285e-01,3.642454445362091064e-01,-2.414665222167968750e-01,-3.635131418704986572e-01
-9.389768540859222412e-02,1.095449700951576233e-01,3.106779456138610840e-01,-6.942573189735412598e-02,3.904617577791213989e-02,4.414749145507812500e-02,-9.508580714464187622e-02,5.260668992996215820e-01,1.039191037416458130e-01,5.344507098197937012e-02,5.141133069992065430e-01,5.550635457038879395e-01,6.940472871065139771e-02,1.000000000000000000e+00,5.103743672370910645e-01,-1.822914183139801025e-02,-1.993670500814914703e-02,-2.086356729269027710e-01,-3.766743540763854980e-01,-1.465250700712203979e-01,1.685102880001068115e-01,-2.133074849843978882e-01,-3.359413892030715942e-02,-1.782337762415409088e-02,2.452234029769897461e-01,-3.526235371828079224e-02,3.557466268539428711e-01,2.240056693553924561e-01,1.420593410730361938e-01,2.655473947525024414e-01,4.343502596020698547e-02,-1.630197316408157349e-01,3.944060504436492920e-01,2.828322649002075195e-01,1.365854740142822266e-01,5.620738863945007324e-02,5.231608748435974121e-01,5.058342218399047852e-01,1.944509595632553101e-01,1.191377826035022736e-02,1.052163541316986084e-01,-5.556863546371459961e-02,-1.206145659089088440e-01,7.844808697700500488e-02,2.485810220241546631e-01,5.993453040719032288e-02,-5.718183889985084534e-02,-2.066856473684310913e-01
-6.401150673627853394e-02,1.998409777879714966e-01,1.200058534741401672e-01,2.000088337808847427e-03,2.155597060918807983e-01,2.662376165390014648e-01,-5.727801844477653503e-02,2.798465192317962646e-01,1.145770214498043060e-02,-3.054819628596305847e-02,3.523027002811431885e-01,4.007399380207061768e-01,7.501104474067687988e-02,5.103743672370910645e-01,1.000000000000000000e+00,3.140204548835754395e-01,-7.461240142583847046e-02,-1.385618299245834351e-01,-2.011058777570724487e-01,-5.327503383159637451e-02,3.760632500052452087e-02,-2.764355540275573730e-01,-4.482552036643028259e-02,5.197563767433166504e-02,2.496652156114578247e-01,8.973006904125213623e-02,1.776592433452606201e-01,1.051213741302490234e-01,1.320707350969314575e-01,1.606917381286621094e-01,-1.308160182088613510e-02,-1.399698704481124878e-01,2.846083641052246094e-01,2.918670773506164551e-01,7.419201731681823730e-02,4.862607270479202271e-02,3.738925457000732422e-01,6.372491121292114258e-01,1.303188800811767578e-01,-1.103955507278442383e-02,5.320956557989120483e-02,-7.088077720254659653e-03,-8.208139240741729736e-02,9.590848535299301147e-02,1.538461446762084961e-01,1.115072891116142273e-02,2.766512893140316010e-02,-2.649090886116027832e-01
2.065194547176361084e-01,2.030267119407653809e-01,-1.245428919792175293e-01,-1.411974523216485977e-02,3.283510208129882812e-01,3.298852443695068359e-01,2.393911629915237427e-01,1.755211949348449707e-01,1.448224484920501709e-01,1.175716593861579895e-01,-7.559568434953689575e-02,-5.450227856636047363e-02,4.015699625015258789e-01,-1.822914183139801025e-02,3.140204548835754395e-01,1.000000000000000000e+00,2.493674904108047485e-01,4.539882838726043701e-01,2.248388081789016724e-01,2.632450461387634277e-01,-1.192284300923347473e-01,1.221655011177062988e-01,4.881198108196258545e-01,-2.585754096508026123e-01,1.727214008569717407e-01,2.400123178958892822e-01,1.010100245475769043e-01,-1.514882966876029968e-02,9.203678369522094727e-02,-2.321551591157913208e-01,-8.807910978794097900e-02,-1.541656404733657837e-01,1.985618770122528076e-01,1.554891616106033325e-01,5.918576568365097046e-02,-2.479223459959030151e-01,3.620175719261169434e-01,2.015476673841476440e-01,1.938195973634719849e-01,4.349315539002418518e-02,1.486202776432037354e-01,1.513009965419769287e-01,1.395365148782730103e-01,1.290587335824966431e-01,-9.487179107964038849e-03,1.150250434875488281e-01,-1.439150720834732056e-01,-2.680994272232055664e-01
2.067130804061889648e-01,1.351680010557174683e-01,2.539299130439758301e-01,1.165016591548919678e-01,1.528790444135665894e-01,2.205892056226730347e-01,7.869668602943420410e-01,8.409585058689117432e-02,5.247317552566528320e-01,5.890226364135742188e-01,-1.768978238105773926e-01,-1.962845399975776672e-02,2.791006565093994141e-01,-1.993670500814914703e-02,-7.461240142583847046e-02,2.493674904108047485e-01,1.000000000000000000e+00,5.158824920654296875e-01,3.322185873985290527e-01,3.580306172370910645e-01,-1.089277267456054688e-01,7.345657795667648315e-02,1.755458265542984009e-01,-3.445643484592437744e-01,4.060861468315124512e-02,4.898793697357177734e-01,-9.486382827162742615e-03,-5.761374160647392273e-02,-1.568035595118999481e-02,-2.354823499917984009e-01,-1.829925924539566040e-01,1.019057258963584900e-01,1.253301929682493210e-02,-2.547708339989185333e-02,-1.215256750583648682e-01,-3.582409620285034180e-01,1.466271728277206421e-01,-1.180666983127593994e-01,-1.892372369766235352e-01,-2.246228009462356567e-01,-5.607515946030616760e-02,4.882584810256958008e-01,4.613052606582641602e-01,3.222266435623168945e-01,1.963784396648406982e-01,5.076861381530761719e-01,-1.737691015005111694e-01,-1.259156614542007446e-01
4.510360211133956909e-02,1.977520734071731567e-01,9.584835171699523926e-02,1.574898362159729004e-01,-2.787429466843605042e-02,1.804932504892349243e-01,5.508194565773010254e-01,-7.587199658155441284e-02,3.008251488208770752e-01,2.686085402965545654e-01,-2.423701882362365723e-01,-2.862061560153961182e-01,2.904796898365020752e-01,-2.086356729269027710e-01,-1.385618299245834351e-01,4.539882838726043701e-01,5.158824920654296875e-01,1.000000000000000000e+00,5.923536419868469238e-01,4.337434172630310059e-01,-9.526113979518413544e-03,3.558827638626098633e-01,2.686292827129364014e-01,-1.989307403564453125e-01,-1.711141765117645264e-01,4.707140624523162842e-01,-1.608313471078872681e-01,-1.106181442737579346e-01,6.138844788074493408e-02,-1.684828698635101318e-01,7.382735610008239746e-02,7.748254388570785522e-02,-2.072493880987167358e-01,-1.705073937773704529e-02,2.451081387698650360e-02,-2.632917463779449463e-01,1.194573342800140381e-01,-9.109127521514892578e-02,-5.540260300040245056e-02,-2.150871157646179199e-01,-1.417100243270397186e-02,3.951989710330963135e-01,5.492851734161376953e-01,2.270347625017166138e-01,8.379449695348739624e-02,3.804114162921905518e-01,-2.549891173839569092e-02,-2.113444656133651733e-01
2.059384435415267944e-01,2.883294522762298584e-01,-4.128796234726905823e-02,1.820614784955978394e-01,1.897674947977066040e-01,3.101105391979217529e-01,5.593981742858886719e-01,-2.895942926406860352e-01,2.083604782819747925e-01,3.278465569019317627e-01,-5.438216924667358398e-01,-4.513314664363861084e-01,3.081307709217071533e-01,-3.766743540763854980e-01,-2.011058777570724487e-01,2.248388081789016724e-01,3.322185873985290527e-01,5.923536419868469238e-01,1.000000000000000000e+00,6.948091387748718262e-01,-4.062364250421524048e-02,8.545286208391189575e-02,-8.724238723516464233e-02,-1.573900729417800903e-01,-1.785734742879867554e-01,5.245753526687622070e-01,-2.143385559320449829e-01,-2.298959493637084961e-01,2.679712604731321335e-03,-3.554584085941314697e-01,-1.833892762660980225e-01,1.234942674636840820e-01,-2.508564591407775879e-01,-1.669940501451492310e-01,-2.187048792839050293e-01,-2.827486097812652588e-01,-5.298617854714393616e-02,-3.173326551914215088e-01,-3.571503162384033203e-01,-3.388800024986267090e-01,-7.152629643678665161e-02,5.017793774604797363e-01,6.522474884986877441e-01,3.179274499416351318e-01,1.241305321455001831e-01,4.341922104358673096e-01,-1.026908680796623230e-01,-1.924927830696105957e-01
2.504739165306091309e-01,3.066645562648773193e-01,5.343123897910118103e-02,2.638599276542663574e-01,1.602633893489837646e-01,3.600395023822784424e-01,5.704834461212158203e-01,-2.182630747556686401e-01,2.469182163476943970e-01,4.688267707824707031e-01,-5.037665367126464844e-01,-2.251704037189483643e-01,4.444918036460876465e-01,-1.465250700712203979e-01,-5.327503383159637451e-02,2.632450461387634277e-01,3.580306172370910645e-01,4.337434172630310059e-01,6.948091387748718262e-01,1.000000000000000000e+00,2.176288664340972900e-01,-1.367353089153766632e-02,-3.599639236927032471e-02,-2.534819543361663818e-01,-2.144739478826522827e-01,5.385651588439941406e-01,-1.468893438577651978e-01,-1.428603678941726685e-01,7.598403841257095337e-02,-3.334158658981323242e-01,-2.794232368469238281e-01,6.941010057926177979e-02,-2.279343456029891968e-01,-1.290668696165084839e-01,-2.665671110153198242e-01,-3.842501938343048096e-01,-7.870006375014781952e-03,-2.960830032825469971e-01,-3.473500013351440430e-01,-3.797003626823425293e-01,-4.011885821819305420e-02,4.741794764995574951e-01,5.416477322578430176e-01,3.262765705585479736e-01,1.881634294986724854e-01,4.596426188945770264e-01,-1.858693659305572510e-01,-2.988493740558624268e-01
-8.148254454135894775e-02,8.904744684696197510e-02,3.700955510139465332e-01,4.974921941757202148e-01,-7.032242417335510254e-02,1.522016227245330811e-01,5.498364567756652832e-03,2.536847256124019623e-02,2.658553421497344971e-03,1.139565743505954742e-02,2.852491438388824463e-01,3.924412131309509277e-01,2.552101612091064453e-01,1.685102880001068115e-01,3.760632500052452087e-02,-1.192284300923347473e-01,-1.089277267456054688e-01,-9.526113979518413544e-03,-4.062364250421524048e-02,2.176288664340972900e-01,1.000000000000000000e+00,2.751751840114593506e-01,-1.137669384479522705e-01,1.170412749052047729e-01,-1.938193142414093018e-01,3.739160299301147461e-02,4.904249683022499084e-02,2.645804286003112793e-01,2.541013360023498535e-01,4.069876968860626221e-01,4.021590054035186768e-01,-3.327786177396774292e-02,-1.035419255495071411e-01,9.872880578041076660e-02,1.717248708009719849e-01,7.915178686380386353e-02,-1.168831139802932739e-01,4.973743110895156860e-02,2.272421494126319885e-02,-1.091930940747261047e-01,2.151767760515213013e-01,-7.558035198599100113e-03,3.259995207190513611e-02,5.534560419619083405e-03,1.061630845069885254e-01,-9.248699061572551727e-03,9.610157459974288940e-02,-4.524339735507965088e-02
1.230442970991134644e-01,-9.886687248945236206e-02,2.464048713445663452e-01,3.948833048343658447e-01,-7.961620576679706573e-03,-2.366680838167667389e-02,4.568557813763618469e-02,-4.158926010131835938e-02,-1.823267787694931030e-01,-2.433259189128875732e-01,1.897234283387660980e-02,-3.054624982178211212e-02,1.423891782760620117e-01,-2.133074849843978882e-01,-2.764355540275573730e-01,1.221655011177062988e-01,7.345657795667648315e-02,3.558827638626098633e-01,8.545286208391189575e-02,-1.367353089153766632e-02,2.751751840114593506e-01,1.000000000000000000e+00,2.682266235351562500e-01,2.174379229545593262e-01,-4.775875061750411987e-02,-1.066855937242507935e-01,1.101457551121711731e-01,3.133721649646759033e-01,1.986447572708129883e-01,2.179332226514816284e-01,5.493084192276000977e-01,2.685008347034454346e-01,-5.444305017590522766e-02,-2.113108150660991669e-02,7.987049221992492676e-02,1.599363088607788086e-01,-2.304504066705703735e-01,-8.797258883714675903e-02,2.010983824729919434e-01,8.776114135980606079e-02,2.202036678791046143e-01,-9.244512766599655151e-02,3.276235191151499748e-03,-2.527680397033691406e-01,-1.103808581829071045e-01,-1.763967275619506836e-01,2.900922000408172607e-01,2.439298033714294434e-01
2.686579823493957520e-01,2.761907875537872314e-02,-1.293013244867324829e-01,-1.931269317865371704e-01,1.450692415237426758e-01,1.248019635677337646e-01,5.269705783575773239e-03,3.323030769824981689e-01,1.734237819910049438e-01,1.171569079160690308e-01,-2.433155290782451630e-02,-1.464909762144088745e-01,3.764950335025787354e-01,-3.359413892030715942e-02,-4.482552036643028259e-02,4.881198108196258545e-01,1.755458265542984009e-01,2.686292827129364014e-01,-8.724238723516464233e-02,-3.599639236927032471e-02,-1.137669384479522705e-01,2.682266235351562500e-01,1.000000000000000000e+00,-3.161294758319854736e-01,2.552303075790405273e-01,-5.458636954426765442e-02,1.904017627239227295e-01,1.230303719639778137e-01,1.408187299966812134e-01,-2.222787290811538696e-01,-1.504162419587373734e-02,-3.075699880719184875e-02,3.185217082500457764e-01,1.113451793789863586e-01,5.017999932169914246e-02,-2.138235718011856079e-01,2.687476277351379395e-01,9.158807247877120972e-02,4.561305046081542969e-01,2.973430454730987549e-01,2.386384308338165283e-01,3.326373547315597534e-02,-3.237996995449066162e-02,3.273190930485725403e-02,-4.206925630569458008e-02,3.332536295056343079e-02,-1.172767505049705505e-01,-9.427534043788909912e-02
-2.120559364557266235e-01,8.976551704108715057e-03,4.076676443219184875e-03,9.111700206995010376e-02,-1.113694459199905396e-01,-1.351839900016784668e-01,-2.537259161472320557e-01,-1.531387120485305786e-01,-3.283501863479614258e-01,-3.697621226310729980e-01,1.634600311517715454e-01,8.503936976194381714e-02,-3.437054157257080078e-01,-1.782337762415409088e-02,5.197563767433166504e-02,-2.585754096508026123e-01,-3.445643484592437744e-01,-1.989307403564453125e-01,-1.573900729417800903e-01,-2.534819543361663818e-01,1.170412749052047729e-01,2.174379229545593262e-01,-3.161294758319854736e-01,1.000000000000000000e+00,-9.752611070871353149e-02,-1.198008060455322266e-01,3.681978955864906311e-02,1.794016808271408081e-01,2.036961019039154053e-01,4.741187095642089844e-01,5.128291249275207520e-01,4.765312671661376953e-01,-1.049036383628845215e-01,1.269664913415908813e-01,1.795281469821929932e-01,8.084420561790466309e-01,-2.317365258932113647e-01,1.085182949900627136e-01,2.467950433492660522e-01,2.958588600158691406e-01,8.986849337816238403e-02,-9.301122277975082397e-02,-1.263426095247268677e-01,-1.836397349834442139e-01,9.331491589546203613e-02,-1.765787154436111450e-01,7.712751626968383789e-01,5.077217221260070801e-01
5.818986892700195312e-01,3.639457374811172485e-02,-5.506949126720428467e-02,-1.731252670288085938e-01,4.212296903133392334e-01,1.827822178602218628e-01,-1.094427704811096191e-01,5.314813852310180664e-01,2.333547733724117279e-02,4.975000023841857910e-02,1.550959497690200806e-01,1.389340609312057495e-01,2.202012091875076294e-01,2.452234029769897461e-01,2.496652156114578247e-01,1.727214008569717407e-01,4.060861468315124512e-02,-1.711141765117645264e-01,-1.785734742879867554e-01,-2.144739478826522827e-01,-1.938193142414093018e-01,-4.775875061750411987e-02,2.552303075790405273e-01,-9.752611070871353149e-02,1.000000000000000000e+00,-2.446045279502868652e-01,6.643565297126770020e-01,4.293199777603149414e-01,1.843301802873611450e-01,-1.171984374523162842e-01,-5.993386730551719666e-02,-1.512616425752639771e-01,6.924980282783508301e-01,-2.512157335877418518e-02,-1.900343596935272217e-01,-1.022246703505516052e-01,2.235663235187530518e-01,8.891306817531585693e-02,3.860433027148246765e-02,1.290993690490722656e-01,2.685469388961791992e-01,-9.734951704740524292e-02,-1.307894885540008545e-01,-4.138420894742012024e-02,4.511662572622299194e-02,-3.911213576793670654e-02,-1.536198407411575317e-01,-2.579910866916179657e-02
4.811870679259300232e-02,4.677193760871887207e-01,2.403487414121627808e-01,2.141537517309188843e-01,1.430831700563430786e-01,4.470257461071014404e-01,7.289066314697265625e-01,-8.345448970794677734e-02,5.078997015953063965e-01,5.072196722030639648e-01,-2.101478576660156250e-01,-8.637545257806777954e-02,1.900921761989593506e-01,-3.526235371828079224e-02,8.973006904125213623e-02,2.400123178958892822e-01,4.898793697357177734e-01,4.707140624523162842e-01,5.245753526687622070e-01,5.385651588439941406e-01,3.739160299301147461e-02,-1.066855937242507935e-01,-5.458636954426765442e-02,-1.198008060455322266e-01,-2.446045279502868652e-01,1.000000000000000000e+00,-1.316533982753753662e-01,-6.172445043921470642e-02,2.783333361148834229e-01,-1.358251273632049561e-01,-1.469972133636474609e-01,1.858087182044982910e-01,-1.370496302843093872e-01,1.487932950258255005e-01,5.343212746083736420e-03,-1.947864145040512085e-01,1.576549261808395386e-01,-4.129454493522644043e-02,-1.554998904466629028e-01,-2.878882288932800293e-01,9.211742132902145386e-02,6.739813685417175293e-01,5.653949975967407227e-01,5.271533727645874023e-01,3.871611058712005615e-01,5.628213882446289062e-01,3.017015568912029266e-02,-2.837007939815521240e-01
5.325868725776672363e-01,2.310139834880828857e-01,1.282543540000915527e-01,1.230176258832216263e-02,4.075093567371368408e-01,2.074543535709381104e-01,-9.193273633718490601e-02,5.220401287078857422e-01,5.100952461361885071e-02,5.887444689869880676e-02,2.865545451641082764e-01,3.076859414577484131e-01,2.149856537580490112e-01,3.557466268539428711e-01,1.776592433452606201e-01,1.010100245475769043e-01,-9.486382827162742615e-03,-1.608313471078872681e-01,-2.143385559320449829e-01,-1.468893438577651978e-01,4.904249683022499084e-02,1.101457551121711731e-01,1.904017627239227295e-01,3.681978955864906311e-02,6.643565297126770020e-01,-1.316533982753753662e-01,1.000000000000000000e+00,6.427406072616577148e-01,4.376822412014007568e-01,1.105835884809494019e-01,1.164011359214782715e-01,-1.264671981334686279e-01,6.368941664695739746e-01,-2.924485132098197937e-02,-1.006042212247848511e-01,7.245890796184539795e-03,2.205455005168914795e-01,1.906697754748165607e-03,5.943218246102333069e-02,1.017691940069198608e-01,4.229495823383331299e-01,-3.470892459154129028e-02,-6.444266438484191895e-02,1.601983457803726196e-01,2.052380591630935669e-01,-1.105355331674218178e-03,-6.512572616338729858e-02,-1.183852646499872208e-02
5.133734345436096191e-01,2.172238230705261230e-01,3.866177201271057129e-01,3.247627913951873779e-01,2.915897965431213379e-01,2.473984360694885254e-01,-2.161730267107486725e-02,3.210620284080505371e-01,4.411613941192626953e-02,-2.624855749309062958e-02,3.573835790157318115e-01,3.580242693424224854e-01,3.637000173330307007e-02,2.240056693553924561e-01,1.051213741302490234e-01,-1.514882966876029968e-02,-5.761374160647392273e-02,-1.106181442737579346e-01,-2.298959493637084961e-01,-1.428603678941726685e-01,2.645804286003112793e-01,3.133721649646759033e-01,1.230303719639778137e-01,1.794016808271408081e-01,4.293199777603149414e-01,-6.172445043921470642e-02,6.427406072616577148e-01,1.000000000000000000e+00,7.014758586883544922e-01,3.132091164588928223e-01,3.262651264667510986e-01,5.020905751734972000e-03,4.296955466270446777e-01,4.168390855193138123e-02,3.886789828538894653e-02,1.288303881883621216e-01,-5.078301578760147095e-02,1.810989528894424438e-02,1.410297006368637085e-01,1.241277158260345459e-01,5.860863327980041504e-01,1.320280227810144424e-02,-7.213296741247177124e-02,-1.879634335637092590e-02,1.596078872680664062e-01,-2.904280833899974823e-02,1.172675043344497681e-01,9.832450747489929199e-02
3.266884088516235352e-01,5.357740521430969238e-01,2.455818355083465576e-01,2.434653490781784058e-01,2.657664716243743896e-01,3.867611289024353027e-01,1.463039815425872803e-01,2.526615262031555176e-01,1.450842320919036865e-01,5.892619490623474121e-02,1.815551966428756714e-01,1.505212336778640747e-01,5.813390761613845825e-02,1.420593410730361938e-01,1.320707350969314575e-01,9.203678369522094727e-02,-1.568035595118999481e-02,6.138844788074493408e-02,2.679712604731321335e-03,7.598403841257095337e-02,2.541013360023498535e-01,1.986447572708129883e-01,1.408187299966812134e-01,2.036961019039154053e-01,1.843301802873611450e-01,2.783333361148834229e-01,4.376822412014007568e-01,7.014758586883544922e-01,1.000000000000000000e+00,2.891655862331390381e-01,3.056347966194152832e-01,1.906349658966064453e-01,3.005348742008209229e-01,2.265762984752655029e-01,1.092066317796707153e-01,1.434175223112106323e-01,5.966478958725929260e-02,8.151354640722274780e-02,2.421804964542388916e-01,6.578717380762100220e-02,6.328682899475097656e-01,3.380382359027862549e-01,1.810366064310073853e-01,2.381341308355331421e-01,4.162648916244506836e-01,1.652128547430038452e-01,2.336555123329162598e-01,-4.362561926245689392e-02
-3.577128052711486816e-01,3.192384541034698486e-02,2.396748811006546021e-01,1.102048829197883606e-01,-2.403948903083801270e-01,-1.926978528499603271e-01,-2.383116334676742554e-01,7.902095466852188110e-02,-1.153059303760528564e-01,-2.349778562784194946e-01,5.610523819923400879e-01,4.696119129657745361e-01,-1.773497313261032104e-01,2.655473947525024414e-01,1.606917381286621094e-01,-2.321551591157913208e-01,-2.354823499917984009e-01,-1.684828698635101318e-01,-3.554584085941314697e-01,-3.334158658981323242e-01,4.069876968860626221e-01,2.179332226514816284e-01,-2.222787290811538696e-01,4.741187095642089844e-01,-1.171984374523162842e-01,-1.358251273632049561e-01,1.105835884809494019e-01,3.132091164588928223e-01,2.891655862331390381e-01,1.000000000000000000e+00,7.241659760475158691e-01,8.495046943426132202e-02,6.538780406117439270e-03,3.076745569705963135e-01,4.337452948093414307e-01,5.492395758628845215e-01,-1.093284413218498230e-02,3.374568223953247070e-01,2.980048954486846924e-01,7.755853235721588135e-02,5.858369544148445129e-02,-1.356237381696701050e-01,-8.055240660905838013e-02,-1.039221361279487610e-01,1.175251603126525879e-01,-1.271360516548156738e-01,4.122256934642791748e-01,1.483224928379058838e-01
-2.198167890310287476e-01,2.308050543069839478e-02,1.364120244979858398e-01,1.642152667045593262e-01,-1.676719635725021362e-01,-1.023610085248947144e-01,-2.086024582386016846e-01,6.026580557227134705e-02,-1.059531420469284058e-01,-2.350792139768600464e-01,3.639289438724517822e-01,2.321191579103469849e-01,4.437641706317663193e-03,4.343502596020698547e-02,-1.308160182088613510e-02,-8.807910978794097900e-02,-1.829925924539566040e-01,7.382735610008239746e-02,-1.833892762660980225e-01,-2.794232368469238281e-01,4.021590054035186768e-01,5.493084192276000977e-01,-1.504162419587373734e-02,5.128291249275207520e-01,-5.993386730551719666e-02,-1.469972133636474609e-01,1.164011359214782715e-01,3.262651264667510986e-01,3.056347966194152832e-01,7.241659760475158691e-01,1.000000000000000000e+00,2.704336941242218018e-01,-3.087916411459445953e-03,2.525010108947753906e-01,3.932980597019195557e-01,5.149565339088439941e-01,-8.698692917823791504e-02,2.430267781019210815e-01,3.478941321372985840e-01,1.106929332017898560e-01,1.885461956262588501e-01,-9.228388965129852295e-02,6.829761900007724762e-03,-1.501009017229080200e-01,5.658771470189094543e-02,-8.981137722730636597e-02,5.390232205390930176e-01,1.745902448892593384e-01
-3.863832727074623108e-02,8.685911446809768677e-02,2.302805194631218910e-03,5.722112581133842468e-02,-8.120241574943065643e-03,2.371864393353462219e-02,1.662408113479614258e-01,-1.324621289968490601e-01,-1.574773155152797699e-02,-2.298076404258608818e-03,-1.811650097370147705e-01,-1.927670091390609741e-01,-1.218489706516265869e-01,-1.630197316408157349e-01,-1.399698704481124878e-01,-1.541656404733657837e-01,1.019057258963584900e-01,7.748254388570785522e-02,1.234942674636840820e-01,6.941010057926177979e-02,-3.327786177396774292e-02,2.685008347034454346e-01,-3.075699880719184875e-02,4.765312671661376953e-01,-1.512616425752639771e-01,1.858087182044982910e-01,-1.264671981334686279e-01,5.020905751734972000e-03,1.906349658966064453e-01,8.495046943426132202e-02,2.704336941242218018e-01,1.000000000000000000e+00,-1.418120861053466797e-01,7.277474552392959595e-02,-2.803947404026985168e-02,3.404005467891693115e-01,-1.538484245538711548e-01,-4.513848945498466492e-02,1.321363449096679688e-01,-2.539913915097713470e-02,1.795830018818378448e-02,2.654975950717926025e-01,1.797037273645401001e-01,1.598254032433032990e-02,1.883487850427627563e-01,9.488005191087722778e-02,6.793335676193237305e-01,1.991900503635406494e-01
